1.000000000000000000e+00,6.722939014434814453e-02,2.209549210965633392e-02,4.183536022901535034e-02,-7.734185457229614258e-02,2.096014469861984253e-02,4.111405089497566223e-02,7.785553485155105591e-02,2.588228089734911919e-03,2.729433216154575348e-02,8.722899109125137329e-02,3.631497267633676529e-03,9.625882655382156372e-02,7.517714053392410278e-02,-1.900856499560177326e-03,3.749515116214752197e-02,-5.440738797187805176e-02,-8.430750668048858643e-02,1.842709332704544067e-01,5.357573181390762329e-02,5.728204920887947083e-02,3.350890427827835083e-02,-7.481388002634048462e-02,-7.963407039642333984e-02,-8.480401337146759033e-02,-1.628295145928859711e-02,-1.299316994845867157e-02,4.394244402647018433e-02,-2.235332131385803223e-02,-4.037842154502868652e-03,-3.314115852117538452e-02,-3.625562414526939392e-02,6.303451489657163620e-03,-4.012565314769744873e-02,-3.707893937826156616e-02,-7.212451100349426270e-02,6.199117377400398254e-02,-9.502331167459487915e-02,-1.090620607137680054e-01,6.913712620735168457e-02,-3.457835689187049866e-02,6.824933737516403198e-02,3.446315228939056396e-02,1.136967614293098450e-01,-1.322893542237579823e-03,1.275938656181097031e-02,-3.121977206319570541e-03,2.109967544674873352e-02,3.044368512928485870e-02,6.989859044551849365e-03,-2.810726128518581390e-02,-3.019412234425544739e-02,5.160910077393054962e-03,-4.340519011020660400e-02,-1.099736243486404419e-01,-3.536832332611083984e-02,1.715258210897445679e-01,4.473699629306793213e-02,1.190927550196647644e-01,5.897667258977890015e-02,1.115657463669776917e-01,8.521931595169007778e-04,-3.714159503579139709e-02,-7.554376870393753052e-02,1.341514289379119873e-02,2.031262405216693878e-02,-2.832337468862533569e-02,-1.350426673889160156e-02,2.709011137485504150e-01,-1.088269576430320740e-01,8.244512230157852173e-02,3.038307419046759605e-03,-7.543838769197463989e-02,-5.023827031254768372e-02,1.769796758890151978e-02,5.956262350082397461e-02,1.264900267124176025e-01,6.575469393283128738e-03,-1.907357014715671539e-02,1.545909140259027481e-02,-8.691484481096267700e-02,2.181767486035823822e-02,6.194361019879579544e-03,1.942981593310832977e-02,6.571312993764877319e-02,-5.512033030390739441e-02,4.337356612086296082e-02,-5.304872244596481323e-02,-3.365486487746238708e-02,-3.212128579616546631e-02,-6.650179624557495117e-02,5.409280420280992985e-04,4.226443916559219360e-02,-6.600064039230346680e-02,9.226975589990615845e-02,-3.030201420187950134e-03,-3.676768019795417786e-02,-3.802726045250892639e-02,-2.936847135424613953e-02,3.598179295659065247e-02,-6.790847331285476685e-02,-7.445695251226425171e-02,-2.584047242999076843e-02,-5.366842076182365417e-02,2.618950977921485901e-02,-1.333561353385448456e-02,4.747508093714714050e-02,-5.065869539976119995e-02,1.888127252459526062e-02,7.280208915472030640e-02,-6.038471683859825134e-02,3.370001912117004395e-02,6.165577098727226257e-03,3.129707649350166321e-02,1.411089021712541580e-02,-1.257384195923805237e-02
6.722942739725112915e-02,1.000000000000000000e+00,7.253892719745635986e-02,5.445552617311477661e-02,-3.585996478796005249e-02,4.817491397261619568e-02,1.559602329507470131e-03,-4.025171697139739990e-02,5.641093011945486069e-03,-4.487991333007812500e-03,4.151239246129989624e-02,-1.157175190746784210e-02,-1.449149008840322495e-02,-4.189925268292427063e-02,-3.460979461669921875e-02,-7.388702780008316040e-02,8.178409934043884277e-02,1.258042007684707642e-01,-8.104098960757255554e-03,9.265850484371185303e-02,-9.456696920096874237e-03,1.768425852060317993e-02,2.320057526230812073e-02,-4.374706745147705078e-02,4.260369576513767242e-03,2.844220399856567383e-02,2.867767773568630219e-02,1.205571442842483521e-01,-6.558240856975317001e-03,2.692055143415927887e-02,7.537733763456344604e-03,-3.513973951339721680e-02,-8.098226971924304962e-03,-8.177922107279300690e-03,3.836996620520949364e-03,1.364742685109376907e-02,-1.263534463942050934e-02,-1.222238177433609962e-03,-5.346486577764153481e-04,1.771422103047370911e-02,-3.666583506856113672e-04,-4.581803083419799805e-02,1.417687814682722092e-02,-4.271346330642700195e-02,-4.098588973283767700e-02,2.092597074806690216e-02,-4.627896100282669067e-02,-2.742053382098674774e-02,-1.777604594826698303e-02,1.035797148942947388e-01,-7.765328511595726013e-03,8.088643103837966919e-02,-1.780251041054725647e-02,-7.372864987701177597e-03,-2.757190167903900146e-02,3.217461705207824707e-02,2.192702144384384155e-01,1.946855485439300537e-01,-4.757270961999893188e-02,-6.148282438516616821e-02,-1.138972416520118713e-01,-4.925373941659927368e-02,-4.416674375534057617e-02,5.166386440396308899e-02,-5.390457436442375183e-02,1.502277515828609467e-02,-5.673610419034957886e-02,-4.311200603842735291e-02,1.401158124208450317e-01,-3.648678213357925415e-02,-6.016973778605461121e-02,-2.217092365026473999e-02,4.468107223510742188e-02,8.378562331199645996e-02,-4.290536511689424515e-03,5.151183810085058212e-03,2.103420533239841461e-02,-6.352386623620986938e-02,-5.734629556536674500e-02,-1.187422312796115875e-02,1.628257520496845245e-02,3.804010897874832153e-02,6.408393383026123047e-02,5.289798974990844727e-02,-1.058939099311828613e-01,-5.142932757735252380e-02,5.737964063882827759e-03,-3.464724868535995483e-02,-1.137043349444866180e-02,-4.066117480397224426e-02,-3.107405453920364380e-02,-8.457812480628490448e-03,-2.490552887320518494e-02,-1.666638068854808807e-02,-3.200915083289146423e-02,2.111166156828403473e-02,-4.359484091401100159e-02,-1.366868428885936737e-02,9.121025912463665009e-03,-4.362754523754119873e-02,-8.106806874275207520e-02,1.538064423948526382e-02,1.551901362836360931e-02,-2.710943517740815878e-04,2.541051432490348816e-02,-2.893334813416004181e-02,-2.968941442668437958e-02,-1.334657892584800720e-03,-1.971686072647571564e-02,-4.823748022317886353e-02,-2.712620049715042114e-02,3.431963920593261719e-02,-2.927785739302635193e-02,1.397435218095779419e-01,6.181025132536888123e-02,-1.619497314095497131e-02
2.209546789526939392e-02,7.253897935152053833e-02,1.000000000000000000e+00,1.559372991323471069e-01,-4.343047738075256348e-03,-7.677110377699136734e-03,2.921227812767028809e-01,-1.027843356132507324e-01,4.960271716117858887e-02,1.891406439244747162e-02,2.969638258218765259e-02,1.299810246564447880e-03,-3.193249553442001343e-02,-6.740933656692504883e-02,5.441313609480857849e-02,-4.252570122480392456e-02,-4.844427853822708130e-02,-3.540415689349174500e-02,3.076663985848426819e-02,3.378819674253463745e-02,-6.205180659890174866e-02,5.827329587191343307e-03,1.459347307682037354e-01,1.156448870897293091e-01,-4.096187278628349304e-02,6.997361034154891968e-02,-5.316524207592010498e-02,9.211818128824234009e-02,1.583328098058700562e-02,2.495484612882137299e-02,-2.839990146458148956e-02,2.770105749368667603e-02,4.253279045224189758e-02,-2.256087213754653931e-02,1.140067949891090393e-01,-4.196364805102348328e-02,5.346524529159069061e-03,2.086671069264411926e-02,2.756647951900959015e-02,1.937968283891677856e-02,2.948457561433315277e-02,4.273166134953498840e-02,2.056230790913105011e-02,-6.910943426191806793e-03,8.392775058746337891e-02,-1.311590522527694702e-02,2.389215305447578430e-02,-1.385842170566320419e-02,1.489585265517234802e-02,3.111867234110832214e-02,-2.925857156515121460e-02,-6.444770842790603638e-03,1.115066744387149811e-02,-5.718444660305976868e-02,-1.617716997861862183e-02,-3.086378611624240875e-02,-4.741941019892692566e-02,7.075496949255466461e-03,-5.159335210919380188e-03,7.713872194290161133e-02,6.208908185362815857e-02,-6.888562440872192383e-02,-1.311684399843215942e-02,-6.014045700430870056e-02,1.120150908827781677e-01,-2.173331379890441895e-02,2.689922926947474480e-03,-4.521332308650016785e-02,8.380582928657531738e-02,6.879628449678421021e-02,-3.344757854938507080e-02,-1.045241206884384155e-02,-3.486142959445714951e-03,7.788158021867275238e-03,1.756306551396846771e-02,2.269964432343840599e-03,-3.160270676016807556e-02,-1.746217161417007446e-02,8.123222738504409790e-03,-5.004954989999532700e-03,-2.361402288079261780e-02,-1.271145045757293701e-02,-2.308904752135276794e-02,-9.680238552391529083e-03,-5.833453312516212463e-02,2.929760329425334930e-02,6.823404133319854736e-02,-2.051207469776272774e-03,-2.885823138058185577e-02,-1.531814597547054291e-02,-7.746887952089309692e-02,-1.478552911430597305e-02,-5.393277108669281006e-02,7.995036989450454712e-02,2.768265642225742340e-02,7.817938923835754395e-02,6.270790845155715942e-02,4.350278154015541077e-02,-6.274990737438201904e-02,9.281381964683532715e-02,-4.834252968430519104e-02,-6.284227222204208374e-02,5.956184118986129761e-02,-5.094374343752861023e-02,-4.799192771315574646e-02,4.653666168451309204e-02,-2.063584513962268829e-02,5.384295433759689331e-02,1.009971871972084045e-01,1.983416266739368439e-02,-2.267436310648918152e-02,6.064557470381259918e-03,3.338583046570420265e-03,4.918045178055763245e-02,-5.082748830318450928e-02,-6.807579100131988525e-02
4.183535650372505188e-02,5.445541813969612122e-02,1.559375524520874023e-01,1.000000000000000000e+00,-8.754220604896545410e-02,1.224594116210937500e-01,1.446689516305923462e-01,2.120513468980789185e-01,-3.828509524464607239e-02,2.661894075572490692e-02,1.408739481121301651e-02,-1.147236768156290054e-02,-1.314317584037780762e-01,2.048793062567710876e-02,-3.641837462782859802e-02,6.653212010860443115e-02,-2.639571204781532288e-02,-1.299814693629741669e-02,5.787055939435958862e-02,-1.259287353605031967e-02,-9.870535135269165039e-02,6.880883872509002686e-02,4.984593018889427185e-02,1.195413172245025635e-01,3.771692886948585510e-02,-6.470471620559692383e-02,8.107313886284828186e-03,1.518031023442745209e-02,-4.293165355920791626e-02,-6.546457856893539429e-02,-1.328686345368623734e-02,5.746801942586898804e-02,-4.021335393190383911e-02,-1.505276653915643692e-02,2.074734494090080261e-02,-1.268160156905651093e-02,-5.033278837800025940e-02,3.047477826476097107e-02,9.073302149772644043e-03,3.772144392132759094e-02,2.650512196123600006e-02,2.622962929308414459e-02,-4.879764094948768616e-02,-2.321830205619335175e-02,-3.574525192379951477e-02,-1.280722953379154205e-02,1.084986515343189240e-02,1.214693300426006317e-02,-6.205187179148197174e-03,-1.586234197020530701e-02,-2.521314471960067749e-02,3.212398290634155273e-02,-2.365790121257305145e-02,3.891730308532714844e-02,-2.865085192024707794e-02,-5.096550285816192627e-02,-2.791428752243518829e-02,2.913338504731655121e-02,2.318756654858589172e-02,1.559764705598354340e-02,5.002505332231521606e-02,8.015202730894088745e-02,-2.056518569588661194e-02,-4.492641892284154892e-03,-2.699854783713817596e-03,1.260950118303298950e-01,-4.350162670016288757e-02,5.335377156734466553e-02,-1.198745146393775940e-01,-1.028122156858444214e-01,4.754029214382171631e-02,-3.532924130558967590e-02,5.561407655477523804e-03,-1.784489117562770844e-02,4.101870115846395493e-03,-6.954601500183343887e-03,-1.500297151505947113e-02,4.577669128775596619e-02,7.903826236724853516e-02,-1.993454061448574066e-02,2.776624821126461029e-02,-3.808479523286223412e-03,-7.057471573352813721e-02,8.356317412108182907e-04,-3.808971494436264038e-02,5.538399517536163330e-02,3.440508618950843811e-03,6.186737492680549622e-02,-2.691991254687309265e-02,-5.431931349448859692e-04,-9.428135119378566742e-03,1.530059706419706345e-02,3.314006328582763672e-02,-7.518168073147535324e-03,4.546632058918476105e-03,-3.444083780050277710e-02,-1.515462435781955719e-02,-8.636245876550674438e-02,5.253500118851661682e-02,9.144311398267745972e-02,-6.499718409031629562e-03,4.182038828730583191e-03,3.289287537336349487e-02,4.012184590101242065e-02,8.802262134850025177e-03,-1.417908258736133575e-02,3.220918774604797363e-02,-2.590673416852951050e-02,-2.201733738183975220e-02,-1.725120469927787781e-02,6.502620130777359009e-02,2.904238877817988396e-03,3.269758308306336403e-03,9.120210260152816772e-02,-5.005802586674690247e-02,-3.362622112035751343e-02
-7.734181731939315796e-02,-3.585997596383094788e-02,-4.342954140156507492e-03,-8.754227310419082642e-02,1.000000000000000000e+00,8.850196748971939087e-02,3.331055119633674622e-02,-3.836876899003982544e-02,9.895337373018264771e-02,6.872203201055526733e-02,4.529451951384544373e-02,-1.501327902078628540e-01,-5.342019349336624146e-02,7.734739035367965698e-02,1.271469593048095703e-01,1.510987151414155960e-02,-4.656021296977996826e-02,-5.755243822932243347e-02,7.302486151456832886e-02,-1.380050648003816605e-02,1.261288225650787354e-01,-3.647943958640098572e-02,-1.513849385082721710e-02,-9.720575809478759766e-02,-4.025059565901756287e-02,8.189386874437332153e-02,1.305525153875350952e-01,-1.108018532395362854e-01,-5.522370804101228714e-03,-6.187335401773452759e-02,9.481794387102127075e-02,6.234421208500862122e-02,-2.365720644593238831e-02,-7.974959164857864380e-02,-8.472774922847747803e-02,-2.280932478606700897e-02,8.585471659898757935e-03,4.330508038401603699e-02,-7.572260499000549316e-02,4.197037778794765472e-03,4.936319962143898010e-02,3.937393426895141602e-03,-1.642123050987720490e-02,3.685773536562919617e-02,9.025534614920616150e-03,-1.699909567832946777e-02,1.605802029371261597e-02,1.031269412487745285e-02,-5.391500517725944519e-02,-3.910096362233161926e-02,-8.123169839382171631e-02,-5.046166107058525085e-02,7.154533173888921738e-03,-5.859065428376197815e-02,1.804854162037372589e-02,2.683030255138874054e-02,8.999506011605262756e-03,-1.567274890840053558e-02,6.470391899347305298e-02,-4.490796942263841629e-03,-5.807883664965629578e-02,-1.089371275156736374e-02,-5.425650160759687424e-03,3.324966132640838623e-02,-3.652550652623176575e-02,-3.344726189970970154e-02,-3.979777451604604721e-03,8.606890216469764709e-03,-3.770934790372848511e-02,4.010930284857749939e-02,1.269775331020355225e-01,1.083853468298912048e-01,-4.485620185732841492e-02,-1.028134021908044815e-02,-6.346626579761505127e-02,7.954100519418716431e-02,-1.505720987915992737e-02,2.663215156644582748e-03,2.914680168032646179e-02,1.187758799642324448e-02,8.359646797180175781e-02,-1.027840003371238708e-02,-8.051341027021408081e-02,-9.649434126913547516e-03,-6.175005808472633362e-02,-1.097957417368888855e-01,2.481775358319282532e-02,4.567533731460571289e-02,3.765726089477539062e-02,3.711523488163948059e-02,-7.995045930147171021e-02,3.523162752389907837e-02,5.596104636788368225e-02,-2.836272865533828735e-02,-5.981034040451049805e-02,1.463945116847753525e-02,-3.419548645615577698e-02,-4.879783093929290771e-02,-5.656785517930984497e-02,6.814448628574609756e-03,-8.704464882612228394e-02,-4.312229901552200317e-02,2.907588891685009003e-02,-1.071969419717788696e-02,1.015258878469467163e-01,-1.096856966614723206e-01,-6.966318190097808838e-02,-6.781677901744842529e-02,6.878611166030168533e-03,7.253453135490417480e-02,-3.164656460285186768e-02,-6.858940422534942627e-02,-4.494102671742439270e-02,8.880207315087318420e-03,-1.177169606089591980e-01,-6.590869277715682983e-02
2.096013724803924561e-02,4.817481338977813721e-02,-7.677135057747364044e-03,1.224594190716743469e-01,8.850192278623580933e-02,1.000000000000000000e+00,5.021046847105026245e-02,2.759014256298542023e-02,1.153830662369728088e-01,1.536432802677154541e-01,5.542262643575668335e-02,-9.943068958818912506e-03,5.799596011638641357e-02,6.517964601516723633e-02,2.825426310300827026e-02,-5.445233080536127090e-03,1.056524440646171570e-01,-4.100437741726636887e-03,-1.182767469435930252e-02,-2.888801135122776031e-02,-3.552338853478431702e-02,9.193102270364761353e-02,-9.867594391107559204e-02,1.668707816861569881e-03,-8.224893361330032349e-02,9.850718080997467041e-02,-8.940323442220687866e-02,1.894040405750274658e-02,-3.499745205044746399e-02,1.802316680550575256e-02,8.463419228792190552e-02,5.555266886949539185e-02,-8.675453811883926392e-02,-1.014303788542747498e-01,2.386179007589817047e-02,6.051997840404510498e-02,9.273498319089412689e-03,5.333650857210159302e-02,6.315059959888458252e-02,-6.046696007251739502e-02,6.223528459668159485e-02,-2.589274570345878601e-02,-1.105743832886219025e-02,4.371970146894454956e-02,4.755936563014984131e-02,-8.330008015036582947e-03,7.678802311420440674e-02,1.296898070722818375e-02,4.266079980880022049e-03,-1.043566036969423294e-02,-5.141806602478027344e-02,3.105304203927516937e-02,2.242717333137989044e-02,-5.422968044877052307e-02,4.891718924045562744e-02,-3.694631904363632202e-02,8.645619451999664307e-02,-1.811065711081027985e-02,-6.227891892194747925e-02,3.400526940822601318e-03,4.752733185887336731e-02,2.799971587955951691e-02,-5.583956092596054077e-02,4.612559452652931213e-02,-1.146821584552526474e-02,1.288446877151727676e-02,2.212004736065864563e-02,4.745418205857276917e-02,9.868504479527473450e-03,1.575119793415069580e-01,1.842616684734821320e-02,-3.113463521003723145e-02,8.582506328821182251e-02,-6.747008860111236572e-02,8.752179890871047974e-02,-3.773848712444305420e-02,-2.071732841432094574e-02,-1.155806556344032288e-01,-3.819678351283073425e-02,-2.472423575818538666e-02,-5.893540568649768829e-03,-1.330036818981170654e-01,-6.474272813647985458e-03,4.671388491988182068e-02,6.992359459400177002e-02,4.072041809558868408e-02,1.262913551181554794e-02,1.123750731348991394e-01,-9.769170731306076050e-02,4.021303728222846985e-02,-8.488630503416061401e-02,2.853779867291450500e-02,-5.534166097640991211e-02,1.990872807800769806e-02,4.221475496888160706e-02,-4.453774169087409973e-02,1.785932034254074097e-01,-2.625253051519393921e-02,-1.789879985153675079e-02,9.052016586065292358e-02,-1.921651884913444519e-02,-2.469297684729099274e-02,-6.587205082178115845e-02,-3.720383718609809875e-02,-3.669392690062522888e-02,1.328596621751785278e-01,2.531617693603038788e-02,1.301109092310070992e-03,1.658400893211364746e-02,5.186162516474723816e-02,-5.948141217231750488e-02,9.468878060579299927e-02,-6.166099756956100464e-02,-8.896052837371826172e-02,8.777953684329986572e-02,6.293755024671554565e-02
4.111408069729804993e-02,1.559578464366495609e-03,2.921228110790252686e-01,1.446691453456878662e-01,3.331064060330390930e-02,5.021027103066444397e-02,1.000000000000000000e+00,8.618130534887313843e-02,6.811835616827011108e-02,-4.529633093625307083e-03,-1.441012835130095482e-03,6.665992550551891327e-03,5.313877016305923462e-03,-8.615574240684509277e-02,5.426062643527984619e-02,-9.473796002566814423e-03,-5.679032579064369202e-02,4.362671822309494019e-02,6.821263581514358521e-02,3.497246280312538147e-02,2.302164444699883461e-03,-2.064350992441177368e-02,-8.587428927421569824e-02,-1.688155345618724823e-02,-6.126390397548675537e-02,-3.738696500658988953e-02,-2.094600722193717957e-02,-2.821585536003112793e-02,-7.739415392279624939e-03,4.221398010849952698e-02,1.096788272261619568e-01,3.063819743692874908e-02,5.699636787176132202e-02,5.645326152443885803e-02,2.225354872643947601e-02,-4.099412262439727783e-02,-4.498361423611640930e-02,-3.653283417224884033e-02,6.084394827485084534e-02,-6.805778015404939651e-03,4.099064692854881287e-02,8.567328751087188721e-02,-5.195092409849166870e-02,1.550741214305162430e-02,1.056574881076812744e-01,-1.416399516165256500e-02,-4.270937293767929077e-02,-5.376638472080230713e-02,-3.006601147353649139e-02,-2.382717560976743698e-03,-2.677046135067939758e-02,3.250814974308013916e-02,-5.771566554903984070e-02,-6.712359935045242310e-02,-2.806138806045055389e-02,3.617100045084953308e-02,-4.871238023042678833e-02,-2.947418764233589172e-02,-3.422682639211416245e-03,-6.665952503681182861e-02,1.144644543528556824e-01,2.933620288968086243e-02,-5.568642169237136841e-02,-2.471027337014675140e-02,-4.855470731854438782e-02,6.006819009780883789e-02,7.369092106819152832e-02,2.774273417890071869e-02,-4.801335185766220093e-02,-1.391398608684539795e-01,4.427250847220420837e-02,-4.916389286518096924e-02,6.162124127149581909e-02,5.089159589260816574e-03,2.526196464896202087e-02,7.762406021356582642e-02,-2.043499238789081573e-02,-2.124124020338058472e-02,-2.825423609465360641e-03,-5.048292130231857300e-02,-2.982569672167301178e-02,1.289343554526567459e-02,-4.268344491720199585e-02,8.946793968789279461e-04,8.300633169710636139e-03,8.497430011630058289e-03,3.229257836937904358e-02,-1.045711562037467957e-01,2.057857252657413483e-02,-6.719538569450378418e-02,-5.960589647293090820e-02,3.160851821303367615e-02,-4.724699072539806366e-03,3.886772319674491882e-02,-3.793256729841232300e-02,-4.033457953482866287e-03,-2.482956647872924805e-02,-9.962771087884902954e-03,-1.062468625605106354e-02,2.887922339141368866e-03,-5.015004053711891174e-02,8.889582008123397827e-03,7.784020621329545975e-03,-1.500083133578300476e-02,1.588022708892822266e-02,-5.757736507803201675e-03,-6.061850115656852722e-02,5.445753037929534912e-02,4.745360463857650757e-02,-3.406577557325363159e-02,-8.255220204591751099e-02,-1.724696136079728603e-03,5.384881049394607544e-03,6.838805042207241058e-03,-7.067114859819412231e-02,9.093249216675758362e-03
7.785554230213165283e-02,-4.025177285075187683e-02,-1.027844026684761047e-01,2.120513319969177246e-01,-3.836885467171669006e-02,2.759017236530780792e-02,8.618109673261642456e-02,1.000000000000000000e+00,-1.069071143865585327e-02,9.574764221906661987e-02,-8.341229707002639771e-02,9.563036262989044189e-02,-6.844271719455718994e-02,4.610760509967803955e-02,-1.033313646912574768e-01,4.200424253940582275e-02,1.754713431000709534e-02,-4.075109958648681641e-02,1.489498931914567947e-02,-7.136376947164535522e-02,-5.874815862625837326e-03,-5.496371537446975708e-02,-9.217496216297149658e-02,1.502900850027799606e-02,-6.858048588037490845e-02,-3.795225918292999268e-02,2.018906921148300171e-02,-3.981728851795196533e-02,7.472889497876167297e-03,3.933083638548851013e-02,2.656982280313968658e-02,4.758651554584503174e-02,-2.825075946748256683e-02,1.597249880433082581e-02,-8.380641788244247437e-02,-3.834240883588790894e-02,-3.354722261428833008e-02,6.944928783923387527e-03,3.912313655018806458e-02,2.176468074321746826e-02,-9.604936465620994568e-03,-3.739129519090056419e-03,-1.383408159017562866e-02,-1.488493662327528000e-02,-3.461584448814392090e-02,-2.766961231827735901e-02,-7.957228273153305054e-02,-2.441747114062309265e-02,-6.125655770301818848e-02,-7.210308313369750977e-02,-2.142553217709064484e-02,-5.954162683337926865e-03,-4.701348766684532166e-02,1.554174907505512238e-02,-1.352681033313274384e-02,-2.567957900464534760e-02,-4.340559616684913635e-02,-1.074183266609907150e-02,-5.433751735836267471e-03,-6.537292897701263428e-02,3.694934397935867310e-02,1.991529017686843872e-01,-5.283100903034210205e-02,-4.495818540453910828e-02,-1.146527901291847229e-01,2.858208306133747101e-02,-6.058072904124855995e-04,4.510936886072158813e-02,1.361536793410778046e-02,-8.965498954057693481e-02,-2.900530211627483368e-02,-5.131599679589271545e-02,-3.447956591844558716e-02,5.365858972072601318e-02,-4.462233930826187134e-02,2.014369890093803406e-02,-4.294835403561592102e-02,-1.714126951992511749e-02,4.009847342967987061e-02,8.209939696826040745e-04,4.586787521839141846e-02,-2.469366788864135742e-02,-6.767496466636657715e-02,-6.260010600090026855e-02,-7.874823361635208130e-02,-5.521606281399726868e-02,-2.782102674245834351e-02,-1.023492515087127686e-01,-2.793878689408302307e-02,-3.462955728173255920e-02,8.225939422845840454e-02,-2.823493815958499908e-02,-5.616885796189308167e-02,-4.506842792034149170e-02,1.227128133177757263e-02,-3.384708985686302185e-02,-3.741709515452384949e-02,-2.915010415017604828e-02,2.366874180734157562e-02,2.852166071534156799e-02,-1.606095023453235626e-02,-3.411949798464775085e-02,3.711709752678871155e-02,-1.281245704740285873e-02,1.343306247144937515e-02,-3.513379395008087158e-02,7.546653039753437042e-03,-2.987151965498924255e-02,6.685733050107955933e-02,1.200499106198549271e-02,3.748665377497673035e-02,-3.324148058891296387e-02,2.405179850757122040e-02,2.561255358159542084e-02,-2.848532050848007202e-02,-1.005678717046976089e-02
2.588225295767188072e-03,5.641119554638862610e-03,4.960257932543754578e-02,-3.828498721122741699e-02,9.895339608192443848e-02,1.153829917311668396e-01,6.811841577291488647e-02,-1.069080643355846405e-02,1.000000000000000000e+00,2.648469805717468262e-01,-4.658562317490577698e-02,4.182998090982437134e-03,4.447343572974205017e-02,-1.358656138181686401e-01,1.460192054510116577e-01,4.755760356783866882e-02,-5.699772760272026062e-02,6.242417171597480774e-02,-1.908555999398231506e-02,2.924723178148269653e-02,-4.276607558131217957e-02,-3.504648059606552124e-02,-1.636108383536338806e-02,-7.597380131483078003e-02,1.353928446769714355e-01,3.891297429800033569e-02,5.560939386487007141e-02,9.922569990158081055e-02,-5.268497765064239502e-02,5.566102638840675354e-02,7.209125906229019165e-02,2.747928164899349213e-02,-2.172291092574596405e-02,-8.165012300014495850e-02,2.162202959880232811e-03,-4.468720033764839172e-02,-2.736423909664154053e-02,-8.521473407745361328e-02,9.947109967470169067e-03,4.368374124169349670e-02,-4.802115261554718018e-02,2.090866304934024811e-02,-3.227382898330688477e-02,3.447772189974784851e-02,2.649529371410608292e-03,1.092350296676158905e-02,-3.413508879020810127e-03,-1.104883011430501938e-02,-3.493607789278030396e-02,4.826028365641832352e-03,-1.525893062353134155e-02,-8.706911103217862546e-06,-3.867243230342864990e-02,8.413091301918029785e-02,-1.618183217942714691e-03,-4.612652584910392761e-02,5.953110754489898682e-02,2.817439287900924683e-02,-1.081274915486574173e-02,-7.160773873329162598e-02,2.597803808748722076e-02,7.662546355277299881e-03,-8.970527350902557373e-02,5.910633504390716553e-02,-2.641589753329753876e-02,5.813530460000038147e-02,-3.815513104200363159e-02,3.890310472343116999e-04,9.877230972051620483e-03,-7.055400311946868896e-02,-4.854793846607208252e-02,7.168424874544143677e-02,-3.307695500552654266e-03,6.816072762012481689e-02,2.155742421746253967e-02,1.462193299084901810e-02,5.513400584459304810e-02,2.387774735689163208e-02,-1.407963968813419342e-02,-3.919779136776924133e-02,-2.499295771121978760e-02,-6.546012312173843384e-02,3.683138638734817505e-02,-8.715850859880447388e-02,2.650952432304620743e-03,4.406563565135002136e-02,1.266821636818349361e-03,-1.298309117555618286e-01,-3.218625113368034363e-02,7.494165748357772827e-02,7.006486505270004272e-02,-4.506634082645177841e-03,5.229495000094175339e-03,9.125929325819015503e-03,-6.860835105180740356e-02,-3.613225743174552917e-02,-1.880563236773014069e-02,-5.762869119644165039e-02,2.612023381516337395e-04,-1.880124025046825409e-02,1.749172247946262360e-02,-3.056892566382884979e-02,8.618409186601638794e-02,-3.875918313860893250e-02,5.975297838449478149e-02,-1.589906518347561359e-03,1.598171517252922058e-02,-1.277491748332977295e-01,-2.655566111207008362e-02,3.050763718783855438e-02,2.966025657951831818e-02,-6.645577377639710903e-04,9.627968072891235352e-03,-2.916619181632995605e-02,-6.358016282320022583e-02,1.146696209907531738e-01
2.729436755180358887e-02,-4.488116595894098282e-03,1.891410723328590393e-02,2.661880291998386383e-02,6.872207671403884888e-02,1.536432504653930664e-01,-4.529660567641258240e-03,9.574782103300094604e-02,2.648469507694244385e-01,1.000000000000000000e+00,6.460088491439819336e-02,-7.059535384178161621e-02,3.142769634723663330e-02,1.984016783535480499e-02,-5.321843549609184265e-03,2.042834758758544922e-01,-2.664248086512088776e-02,4.857098683714866638e-02,8.252419531345367432e-02,-1.659181155264377594e-02,-8.747741580009460449e-02,4.006633535027503967e-02,-9.903047978878021240e-02,-7.265832275152206421e-02,5.536461621522903442e-02,1.409747004508972168e-01,2.192227356135845184e-02,-7.483187317848205566e-02,-8.918888121843338013e-02,-9.728490374982357025e-03,-1.040646955370903015e-01,3.533043712377548218e-02,-3.338824957609176636e-02,-6.071681901812553406e-02,4.290682263672351837e-03,2.356716431677341461e-02,-6.676500290632247925e-02,2.741454355418682098e-02,1.971457386389374733e-03,3.945201169699430466e-03,1.698749884963035583e-02,-1.375639718025922775e-02,1.534196897409856319e-03,-1.193837262690067291e-02,-2.756890840828418732e-02,-5.764456000179052353e-03,8.421930484473705292e-03,-8.151946216821670532e-02,4.602923989295959473e-02,4.332477226853370667e-02,3.207166865468025208e-02,-2.492848224937915802e-02,-4.000807553529739380e-02,-7.265190035104751587e-02,-3.865078790113329887e-03,-6.422215700149536133e-02,-6.775993853807449341e-02,2.514225989580154419e-02,-2.772646769881248474e-02,-4.179633781313896179e-02,3.056504763662815094e-02,5.777524039149284363e-02,-7.512280344963073730e-02,8.179774507880210876e-03,2.531221136450767517e-02,-7.472808659076690674e-02,-2.443366684019565582e-02,-7.528373599052429199e-02,2.715871669352054596e-02,-5.724871065467596054e-03,-1.118819788098335266e-02,3.515551239252090454e-02,-5.751962214708328247e-02,-2.113244682550430298e-02,-9.191348403692245483e-02,1.274388842284679413e-02,-3.006410785019397736e-02,6.665201485157012939e-02,1.463722996413707733e-02,-4.401288554072380066e-02,7.649161852896213531e-03,-5.464163050055503845e-02,-8.929669111967086792e-02,1.640815660357475281e-02,-1.023252531886100769e-01,-1.138337235897779465e-02,5.422412231564521790e-02,1.204616501927375793e-01,7.926552789285778999e-04,-1.231241226196289062e-02,2.269883826375007629e-02,-2.072856947779655457e-02,3.206309303641319275e-02,-2.994532696902751923e-02,2.376279979944229126e-02,-2.319768629968166351e-02,-5.621723830699920654e-02,-6.130716763436794281e-03,-1.372937858104705811e-02,-7.880857586860656738e-02,-6.689112633466720581e-02,-4.696872457861900330e-02,4.377102886792272329e-04,3.646977245807647705e-02,-1.121866554021835327e-01,-1.630059676244854927e-03,3.170624002814292908e-02,6.897284183651208878e-04,4.243800416588783264e-02,2.607956528663635254e-02,4.349519312381744385e-02,7.681071013212203979e-02,1.018270477652549744e-02,-3.555371612310409546e-02,1.262584477663040161e-01,-2.744660899043083191e-02
8.722904324531555176e-02,4.151227697730064392e-02,2.969646640121936798e-02,1.408735942095518112e-02,4.529450461268424988e-02,5.542256310582160950e-02,-1.440999680198729038e-03,-8.341226726770401001e-02,-4.658563435077667236e-02,6.460084021091461182e-02,1.000000000000000000e+00,1.127874255180358887e-01,7.960876822471618652e-02,6.244523450732231140e-02,-7.100605219602584839e-02,-1.835926063358783722e-02,6.033452227711677551e-02,2.678794041275978088e-02,-8.110572397708892822e-02,-6.593429949134588242e-03,1.973295211791992188e-02,8.310581743717193604e-02,2.983889542520046234e-02,-5.887273699045181274e-02,-1.026323297992348671e-03,-4.279531072825193405e-03,1.503406465053558350e-01,-1.155505180358886719e-01,5.999187752604484558e-02,2.189559489488601685e-02,-1.143869571387767792e-02,7.489350438117980957e-02,-4.248139262199401855e-02,-3.305610036477446556e-03,8.438536897301673889e-03,1.412063986063003540e-01,-8.753219991922378540e-02,-9.469477832317352295e-02,2.533960156142711639e-02,-1.150873601436614990e-01,1.032575033605098724e-03,1.036375463008880615e-01,-4.456664249300956726e-02,2.716981247067451477e-02,-1.318193040788173676e-02,-1.168251689523458481e-02,-2.345196902751922607e-02,-5.021642893552780151e-02,6.570466794073581696e-03,3.266552463173866272e-02,-4.918028041720390320e-02,-1.992180570960044861e-02,-2.089836820960044861e-02,1.153556909412145615e-02,4.949856083840131760e-04,-4.425071645528078079e-03,4.752275720238685608e-02,-2.760887704789638519e-02,7.969832047820091248e-03,1.802317798137664795e-02,9.974409639835357666e-02,-7.047343999147415161e-02,7.073978334665298462e-02,9.804482012987136841e-02,-1.178420111536979675e-01,-6.910429149866104126e-02,-8.923383057117462158e-02,-3.485452383756637573e-02,-4.063979536294937134e-02,-2.504791133105754852e-02,5.005163699388504028e-02,-6.596798449754714966e-02,8.683429658412933350e-02,6.522567570209503174e-02,-9.468542039394378662e-02,-7.630894333124160767e-02,1.560275536030530930e-02,-4.033409804105758667e-02,-3.226592764258384705e-02,5.508617311716079712e-02,-2.131038345396518707e-02,-1.437318860553205013e-03,-1.010596528649330139e-01,-6.438326090574264526e-02,-8.148910850286483765e-02,-3.635320812463760376e-02,-6.414528936147689819e-02,7.841768115758895874e-02,1.255510747432708740e-01,8.258732035756111145e-03,-2.047972753643989563e-02,3.354738280177116394e-02,5.616211146116256714e-02,8.483964949846267700e-02,2.274070680141448975e-02,-4.879883676767349243e-02,2.048747381195425987e-03,4.749171901494264603e-03,-1.963171735405921936e-02,2.747417427599430084e-02,9.515957534313201904e-02,1.324578374624252319e-02,6.911271810531616211e-02,-4.673074185848236084e-02,-2.690941467881202698e-02,2.342119067907333374e-02,6.002665031701326370e-04,-3.500689193606376648e-02,5.334042012691497803e-02,-4.924285784363746643e-02,2.478469349443912506e-02,-6.418765336275100708e-02,4.705482721328735352e-02,-5.397889018058776855e-02,-8.160413056612014771e-02,-6.297090649604797363e-02
3.631608793511986732e-03,-1.157177891582250595e-02,1.299784751608967781e-03,-1.147254463285207748e-02,-1.501328051090240479e-01,-9.943075478076934814e-03,6.666049361228942871e-03,9.563050419092178345e-02,4.182938951998949051e-03,-7.059538364410400391e-02,1.127874702215194702e-01,1.000000000000000000e+00,7.854987680912017822e-02,1.374883502721786499e-01,-6.262613087892532349e-02,2.003143541514873505e-02,-1.431384310126304626e-02,2.886022441089153290e-02,-1.261799782514572144e-02,1.405451595783233643e-01,1.112280264496803284e-01,-2.674080617725849152e-02,-6.423238664865493774e-02,-2.187520638108253479e-02,-4.870408028364181519e-02,-4.628632217645645142e-02,1.058832928538322449e-01,-2.482048235833644867e-02,-7.119030505418777466e-02,5.695382505655288696e-02,-2.301247790455818176e-03,2.039081591647118330e-04,-8.033549785614013672e-02,5.016987398266792297e-02,-4.302239045500755310e-02,-2.585254609584808350e-02,-7.901307940483093262e-02,-3.809721022844314575e-02,-3.232904244214296341e-03,8.243189007043838501e-02,4.002286121249198914e-02,-6.456727534532546997e-02,-3.292055800557136536e-02,-2.601578831672668457e-02,1.920566137414425611e-04,-4.174682777374982834e-03,-1.842521131038665771e-02,5.795282311737537384e-03,-1.761627197265625000e-02,-4.170720279216766357e-02,-2.727055922150611877e-02,-3.052572533488273621e-02,-7.572915870696306229e-03,-6.494063884019851685e-02,1.412845402956008911e-02,-2.631147578358650208e-02,-1.261946372687816620e-02,-5.571689829230308533e-02,2.973856776952743530e-02,3.982188552618026733e-02,8.134302496910095215e-02,7.188060786575078964e-03,7.456155121326446533e-02,2.999186702072620392e-02,-1.334245353937149048e-01,-7.669966667890548706e-02,-5.724583566188812256e-02,4.149605333805084229e-02,-9.509125724434852600e-03,-6.558915972709655762e-02,-4.600986838340759277e-02,-3.563795983791351318e-02,-2.121890336275100708e-02,-3.057212382555007935e-02,-4.125396721065044403e-03,-2.471594139933586121e-02,5.434210225939750671e-02,2.965258248150348663e-02,3.539520874619483948e-02,-2.176280319690704346e-02,9.646106627769768238e-04,1.671189442276954651e-02,3.157126531004905701e-02,-3.942350670695304871e-02,-6.364782899618148804e-02,5.010208114981651306e-02,3.644901141524314880e-02,-3.358807042241096497e-02,2.204009331762790680e-02,-2.025434514507651329e-04,4.019945114850997925e-02,-2.772223390638828278e-02,-3.647767752408981323e-02,-5.858530104160308838e-02,-1.383298262953758240e-02,-4.816331714391708374e-02,-5.799707025289535522e-02,-5.671016499400138855e-02,6.970562040805816650e-02,2.208681590855121613e-02,2.697673998773097992e-02,-5.279195308685302734e-02,2.785705775022506714e-02,-4.236679524183273315e-02,-9.251529723405838013e-02,-4.296464100480079651e-02,1.009251400828361511e-01,5.631170794367790222e-02,3.090080432593822479e-02,5.136038362979888916e-02,5.062735080718994141e-02,4.208548460155725479e-03,-1.400782912969589233e-02,2.856731042265892029e-02,1.043533091433346272e-03,-6.430377066135406494e-02
9.625874459743499756e-02,-1.449148822575807571e-02,-3.193247318267822266e-02,-1.314316838979721069e-01,-5.342017114162445068e-02,5.799596756696701050e-02,5.313735455274581909e-03,-6.844270229339599609e-02,4.447343572974205017e-02,3.142753615975379944e-02,7.960883527994155884e-02,7.854991406202316284e-02,1.000000000000000000e+00,9.197290986776351929e-02,1.646580696105957031e-01,2.155401185154914856e-02,-3.910395503044128418e-02,3.224249556660652161e-02,1.015718188136816025e-02,-1.144247502088546753e-01,-9.815236926078796387e-02,-7.512255758047103882e-02,8.049896918237209320e-03,-2.260815165936946869e-02,-3.395203500986099243e-02,-5.224827304482460022e-02,-2.844306640326976776e-02,-3.206529840826988220e-02,7.769930362701416016e-02,-2.111878991127014160e-02,2.543666958808898926e-02,-1.397330220788717270e-02,-8.677823841571807861e-02,3.526661917567253113e-02,4.138719663023948669e-02,-4.728064313530921936e-02,-1.413762103766202927e-02,-5.450605228543281555e-02,3.787723556160926819e-02,-8.559411764144897461e-02,1.158371567726135254e-01,4.302044957876205444e-02,7.807040587067604065e-03,-2.613296173512935638e-02,5.970204714685678482e-03,2.155669406056404114e-02,2.957991696894168854e-02,-6.392911821603775024e-02,2.355039492249488831e-02,-7.547042798250913620e-03,9.402612596750259399e-02,-4.036608710885047913e-02,4.588418640196323395e-03,1.480988040566444397e-02,-1.510598957538604736e-01,-6.846299767494201660e-02,-7.647845149040222168e-02,-4.226842150092124939e-02,1.444689743220806122e-02,-3.865513950586318970e-02,1.001717448234558105e-01,-6.517260521650314331e-02,2.569962665438652039e-02,-3.878809511661529541e-02,-1.113655697554349899e-02,6.248835474252700806e-02,-9.160575270652770996e-02,-1.062062457203865051e-01,-8.145706728100776672e-03,5.157973617315292358e-02,1.386458519846200943e-02,-5.407740548253059387e-02,6.738224625587463379e-02,7.866918295621871948e-02,-1.323650926351547241e-01,-4.898063465952873230e-02,6.160242483019828796e-02,5.058988463133573532e-03,-8.211121708154678345e-02,-1.260447353124618530e-01,-6.548522412776947021e-02,6.695983558893203735e-02,7.605434861034154892e-03,-4.169653356075286865e-02,-3.053631808143109083e-04,3.892854973673820496e-02,2.929544448852539062e-02,-3.500197455286979675e-02,1.635679625906050205e-03,-3.471949696540832520e-02,2.812985517084598541e-02,-7.087394595146179199e-02,-2.276820689439773560e-02,5.349160358309745789e-02,1.615356653928756714e-02,1.780624315142631531e-02,-5.209479853510856628e-02,-2.495509572327136993e-03,5.902867414988577366e-04,1.279512196779251099e-01,-6.490883231163024902e-02,9.170206636190414429e-02,-5.046243220567703247e-02,-3.003284707665443420e-02,5.510177835822105408e-02,-4.274163022637367249e-02,5.667790770530700684e-02,-4.727125912904739380e-02,-1.031408086419105530e-01,-2.666433341801166534e-02,3.272026032209396362e-02,-1.007354259490966797e-01,8.874559774994850159e-03,8.747074007987976074e-02,5.666236206889152527e-02,-7.525552809238433838e-02
7.517702877521514893e-02,-4.189917817711830139e-02,-6.740936636924743652e-02,2.048800513148307800e-02,7.734744250774383545e-02,6.517965346574783325e-02,-8.615580201148986816e-02,4.610762372612953186e-02,-1.358655989170074463e-01,1.984031125903129578e-02,6.244515627622604370e-02,1.374886035919189453e-01,9.197290241718292236e-02,1.000000000000000000e+00,9.258386492729187012e-02,9.949573874473571777e-02,-3.995932638645172119e-02,-3.919190913438796997e-02,-9.890268556773662567e-03,9.975153207778930664e-02,-8.388461917638778687e-02,4.031979292631149292e-02,1.338214892894029617e-02,8.999200537800788879e-03,-1.189144104719161987e-01,-1.217193305492401123e-01,-3.653738647699356079e-02,1.303141470998525620e-03,8.579187840223312378e-02,-4.125119373202323914e-02,-4.135969653725624084e-02,-6.038026884198188782e-02,4.529770463705062866e-02,-3.590719401836395264e-02,1.077162660658359528e-02,-1.415315549820661545e-03,-3.852776810526847839e-02,5.268182232975959778e-02,1.705490611493587494e-02,2.885332517325878143e-02,7.166672497987747192e-02,-2.585708908736705780e-02,3.480261191725730896e-02,2.764725685119628906e-02,-5.317761562764644623e-03,-6.279324647039175034e-03,-5.441973358392715454e-02,-1.663062162697315216e-02,-7.257062941789627075e-03,9.922674857079982758e-03,4.487912729382514954e-02,-2.080172114074230194e-02,8.785231970250606537e-03,-4.583990946412086487e-02,1.005042530596256256e-02,-5.789767578244209290e-02,6.181234121322631836e-02,7.717588450759649277e-03,2.450942434370517731e-02,1.896220818161964417e-02,-6.429812312126159668e-02,6.610219925642013550e-02,5.651716515421867371e-02,4.228548705577850342e-02,-1.825438998639583588e-02,1.319045200943946838e-02,-2.432595752179622650e-02,-7.151409052312374115e-03,-4.219148308038711548e-02,7.154985517263412476e-02,5.904519930481910706e-02,1.730462312698364258e-01,-3.241351619362831116e-02,-1.324639189988374710e-02,-1.170883998274803162e-01,-1.478738989681005478e-02,6.702096760272979736e-02,4.305832087993621826e-02,-7.575000077486038208e-02,1.171726733446121216e-02,7.334107160568237305e-02,1.221345886588096619e-01,-6.952440738677978516e-02,1.507579628378152847e-02,5.174042284488677979e-02,1.507240980863571167e-01,-5.078914761543273926e-02,8.899581432342529297e-02,2.116767689585685730e-02,-1.018517166376113892e-01,4.055849090218544006e-02,7.293456792831420898e-02,8.037191629409790039e-02,-4.623232409358024597e-02,-1.921883597970008850e-02,-6.220015138387680054e-02,9.376455098390579224e-03,1.632016152143478394e-02,-6.173817068338394165e-02,-2.038642764091491699e-02,-7.069057226181030273e-02,-2.572089433670043945e-02,5.695476010441780090e-02,-2.516683191061019897e-02,2.119796723127365112e-02,8.079729042947292328e-03,4.092341661453247070e-02,-2.578009665012359619e-02,-7.894809544086456299e-02,-1.435100100934505463e-02,6.751672178506851196e-02,-2.865052968263626099e-02,5.727438628673553467e-02,3.689573332667350769e-02,-2.923377230763435364e-02,4.929640889167785645e-02
-1.900830073282122612e-03,-3.460969403386116028e-02,5.441314727067947388e-02,-3.641841933131217957e-02,1.271469444036483765e-01,2.825415879487991333e-02,5.426064506173133850e-02,-1.033314093947410583e-01,1.460192352533340454e-01,-5.321842618286609650e-03,-7.100605964660644531e-02,-6.262610852718353271e-02,1.646580398082733154e-01,9.258392453193664551e-02,1.000000000000000000e+00,2.186634987592697144e-01,-2.458656206727027893e-03,2.740272507071495056e-02,-1.120241079479455948e-02,-2.142051793634891510e-02,4.543115198612213135e-02,3.329128259792923927e-03,5.695580318570137024e-02,-8.834662847220897675e-03,-8.123462647199630737e-02,-9.285846352577209473e-02,5.982981249690055847e-02,1.566973514854907990e-02,1.122578904032707214e-01,2.925453707575798035e-02,3.889388591051101685e-02,-8.790464140474796295e-03,-9.437289554625749588e-04,1.001414027996361256e-03,-3.043408133089542389e-02,1.509590633213520050e-02,1.593938446603715420e-03,-2.403460070490837097e-02,2.804878167808055878e-03,-7.903422415256500244e-02,7.748296111822128296e-02,-8.120703697204589844e-02,-2.329197712242603302e-03,-2.902602776885032654e-02,-8.422362804412841797e-02,-1.878979243338108063e-02,1.108509581536054611e-02,9.278590790927410126e-03,5.494335666298866272e-03,-2.156252274289727211e-03,-6.130503118038177490e-02,-1.477688271552324295e-02,6.697162985801696777e-02,4.048629477620124817e-02,2.333019115030765533e-02,-1.813456788659095764e-02,9.889802895486354828e-03,1.722667738795280457e-02,-2.590597048401832581e-02,-7.049300521612167358e-02,3.261313959956169128e-02,1.029325881972908974e-03,4.468979686498641968e-02,-1.937842369079589844e-02,1.259694844484329224e-01,-2.590369805693626404e-02,-5.044867098331451416e-02,-1.440497040748596191e-01,-1.244542934000492096e-02,-1.094335690140724182e-01,-6.497438531368970871e-03,-2.372044697403907776e-02,-4.228532686829566956e-02,2.427153289318084717e-02,6.286296993494033813e-02,-2.149326959624886513e-03,3.035284578800201416e-02,-1.006260439753532410e-01,-6.082641705870628357e-02,-1.563351973891258240e-02,-6.781566143035888672e-02,-6.278023123741149902e-02,1.434758752584457397e-01,-1.721051521599292755e-02,1.368355602025985718e-01,9.806055575609207153e-02,5.724176391959190369e-02,-7.806721329689025879e-02,7.878749817609786987e-02,-6.356292963027954102e-02,-5.735447164624929428e-03,-5.394084751605987549e-02,-2.901425957679748535e-02,4.454912990331649780e-02,-2.786923199892044067e-02,5.364907160401344299e-02,3.870502486824989319e-02,-1.770349405705928802e-02,1.464837510138750076e-02,2.383381687104701996e-02,-8.546534925699234009e-03,-1.916141249239444733e-02,5.852607078850269318e-03,8.965167403221130371e-02,-7.864148914813995361e-02,-6.247800961136817932e-02,6.876333802938461304e-02,3.545633330941200256e-02,1.506173051893711090e-03,7.131212204694747925e-02,-4.698450118303298950e-02,-3.480078279972076416e-02,2.978288941085338593e-02,2.429129183292388916e-02,4.523367062211036682e-02,2.093172818422317505e-02
3.749518468976020813e-02,-7.388699054718017578e-02,-4.252570122480392456e-02,6.653206050395965576e-02,1.510986406356096268e-02,-5.445032380521297455e-03,-9.473755955696105957e-03,4.200436919927597046e-02,4.755767807364463806e-02,2.042834758758544922e-01,-1.835925132036209106e-02,2.003141120076179504e-02,2.155392058193683624e-02,9.949580579996109009e-02,2.186635434627532959e-01,1.000000000000000000e+00,4.222504422068595886e-02,-1.494557596743106842e-02,1.463295612484216690e-02,-4.301851615309715271e-02,4.989140480756759644e-02,1.119929179549217224e-02,-1.259008422493934631e-02,1.499638855457305908e-01,-9.625957161188125610e-02,3.269593417644500732e-02,4.631765559315681458e-02,5.128850787878036499e-02,7.168735563755035400e-02,1.434668302536010742e-01,-5.797377228736877441e-02,7.652764022350311279e-02,-1.152218505740165710e-01,1.470543164759874344e-02,2.491795457899570465e-02,3.232584893703460693e-02,-5.080811306834220886e-02,1.033120006322860718e-01,-3.864722326397895813e-02,5.064813420176506042e-02,2.941284328699111938e-03,-5.943812429904937744e-02,2.707856241613626480e-03,-2.747079357504844666e-02,-5.790765862911939621e-03,-3.385088639333844185e-03,-1.434469316154718399e-02,-2.104237675666809082e-03,1.963382959365844727e-02,-2.198756486177444458e-02,-1.297059562057256699e-02,-5.064264312386512756e-02,-1.395660080015659332e-02,-8.475469797849655151e-02,5.896184220910072327e-02,7.413918524980545044e-02,1.254568528383970261e-02,-4.205267876386642456e-03,-1.744761876761913300e-02,5.590331926941871643e-02,6.021620240062475204e-03,2.818715944886207581e-02,-9.662516415119171143e-03,-3.440305963158607483e-02,6.022838130593299866e-02,4.888501949608325958e-03,6.914319004863500595e-03,-7.131398469209671021e-02,-3.163331747055053711e-02,6.291419267654418945e-02,-7.384604960680007935e-02,4.331649281084537506e-03,7.784608751535415649e-03,2.354473806917667389e-02,-6.853912025690078735e-02,6.307389587163925171e-02,-6.887085619382560253e-04,1.122080981731414795e-01,-2.030994044616818428e-03,-5.217263102531433105e-02,-3.907432407140731812e-02,2.945481613278388977e-02,-5.007366836071014404e-02,1.158059611916542053e-01,1.696769846603274345e-03,2.283773384988307953e-02,-5.260393023490905762e-03,3.246388584375381470e-02,-3.885217383503913879e-02,1.045888215303421021e-01,-2.913592755794525146e-02,4.694744572043418884e-02,5.114179104566574097e-02,-2.367749623954296112e-02,8.405251801013946533e-02,3.493173420429229736e-02,5.975640937685966492e-02,-5.251954123377799988e-02,2.877278625965118408e-02,-6.239904835820198059e-02,-6.106465123593807220e-03,-1.043233200907707214e-01,-8.957014232873916626e-02,3.395902924239635468e-03,2.971282787621021271e-02,-7.125458866357803345e-02,7.481885701417922974e-02,-4.902035742998123169e-02,-1.090493202209472656e-01,1.053907200694084167e-01,-7.894689589738845825e-02,6.133931875228881836e-02,1.119714751839637756e-01,-2.444459870457649231e-02,8.938512206077575684e-02,-5.705314129590988159e-02
-5.440728738903999329e-02,8.178426325321197510e-02,-4.844421520829200745e-02,-2.639586664736270905e-02,-4.656027629971504211e-02,1.056524589657783508e-01,-5.679039284586906433e-02,1.754708401858806610e-02,-5.699773505330085754e-02,-2.664241380989551544e-02,6.033459305763244629e-02,-1.431384123861789703e-02,-3.910400718450546265e-02,-3.995933383703231812e-02,-2.458583097904920578e-03,4.222507774829864502e-02,1.000000000000000000e+00,2.422450929880142212e-01,4.805785603821277618e-03,-4.573578014969825745e-02,8.013834059238433838e-02,-4.206020012497901917e-02,-5.523512139916419983e-02,3.435405716300010681e-02,-7.806908339262008667e-02,-1.813585869967937469e-02,-4.086424596607685089e-03,-8.066161535680294037e-03,9.270940721035003662e-02,2.605113759636878967e-02,2.581706643104553223e-02,9.434179961681365967e-02,-2.158798836171627045e-02,-5.368592217564582825e-02,-3.010271862149238586e-02,-5.000560730695724487e-02,-2.586567588150501251e-02,-3.204559534788131714e-02,-1.235040463507175446e-02,3.469714894890785217e-02,-4.375936836004257202e-02,-3.848287835717201233e-02,-3.222530335187911987e-02,-6.959670782089233398e-02,4.563150182366371155e-02,-6.494028028100728989e-03,4.503075033426284790e-02,9.533229283988475800e-03,-1.213858928531408310e-02,1.719851978123188019e-02,-2.393217943608760834e-02,2.581318840384483337e-03,-6.371343042701482773e-04,8.807603269815444946e-03,1.018768642097711563e-02,1.117571489885449409e-03,8.217441290616989136e-02,6.604051589965820312e-02,1.349840871989727020e-02,1.761600561439990997e-02,-3.189111500978469849e-02,3.729738667607307434e-02,2.078147046267986298e-02,2.451440133154392242e-02,-5.084059014916419983e-02,6.682488322257995605e-02,3.569015534594655037e-03,-5.590549483895301819e-02,4.488769918680191040e-02,-4.206469282507896423e-02,-1.004842221736907959e-01,3.598286537453532219e-03,3.063473477959632874e-02,4.704651609063148499e-02,3.801037743687629700e-02,-1.002579182386398315e-02,1.203081607818603516e-01,-6.967823952436447144e-02,1.175137981772422791e-01,-3.358792141079902649e-02,4.257206991314888000e-02,4.348948597908020020e-02,2.395347133278846741e-02,4.537014290690422058e-02,-1.657523401081562042e-02,1.622400060296058655e-02,-1.008626539260149002e-02,2.994211856275796890e-03,-8.259749040007591248e-03,2.520576817914843559e-03,-9.346879273653030396e-02,2.838227339088916779e-02,4.453980922698974609e-02,-1.419689878821372986e-02,-4.357439931482076645e-03,-1.950215548276901245e-02,-3.883987199515104294e-03,-3.376563638448715210e-02,4.430532082915306091e-02,-2.997836098074913025e-02,7.230723649263381958e-02,1.019441038370132446e-01,-3.677739948034286499e-02,-2.677261084318161011e-02,-1.077180579304695129e-01,-4.448631405830383301e-02,6.364772468805313110e-02,4.675230011343955994e-02,6.967014819383621216e-02,2.736473269760608673e-02,4.932862892746925354e-02,-1.229345425963401794e-02,3.071803040802478790e-02,-1.069069467484951019e-02,-5.170702934265136719e-02,-8.266398217529058456e-04
-8.430767059326171875e-02,1.258041858673095703e-01,-3.540408611297607422e-02,-1.299823727458715439e-02,-5.755240470170974731e-02,-4.100328776985406876e-03,4.362672194838523865e-02,-4.075107723474502563e-02,6.242424622178077698e-02,4.857087880373001099e-02,2.678778767585754395e-02,2.886025235056877136e-02,3.224245831370353699e-02,-3.919189050793647766e-02,2.740271762013435364e-02,-1.494549866765737534e-02,2.422450333833694458e-01,1.000000000000000000e+00,5.515848472714424133e-02,-2.371133677661418915e-02,7.039094716310501099e-02,-4.383643716573715210e-02,-7.020246237516403198e-02,4.055031761527061462e-02,2.976730093359947205e-02,6.834026426076889038e-02,-1.245572045445442200e-01,3.921372815966606140e-02,3.961652517318725586e-02,6.305208057165145874e-02,4.061185289174318314e-03,6.662049889564514160e-02,1.632024720311164856e-02,1.872644759714603424e-02,1.133013330399990082e-02,3.521563252434134483e-03,-5.853734537959098816e-02,-3.293869551271200180e-03,5.311232525855302811e-03,3.360587358474731445e-02,-2.309338748455047607e-02,-9.953543543815612793e-03,5.217659473419189453e-02,-1.595682092010974884e-02,6.021030619740486145e-02,6.655667722225189209e-02,-2.686446765437722206e-03,2.817680686712265015e-02,-4.169274121522903442e-02,-2.360894903540611267e-02,-5.811008624732494354e-03,-2.031214721500873566e-02,-3.114783670753240585e-03,5.688508599996566772e-02,5.675172060728073120e-02,3.335187956690788269e-02,8.997630327939987183e-02,9.372315555810928345e-02,3.800605237483978271e-02,2.402187138795852661e-02,2.063621301203966141e-03,-1.046738177537918091e-01,1.094799116253852844e-02,6.545490026473999023e-02,1.692916266620159149e-02,5.604819394648075104e-03,1.362479664385318756e-02,4.831830039620399475e-03,8.873700350522994995e-02,-1.272457651793956757e-02,1.138568669557571411e-02,-8.870133198797702789e-03,-5.158105492591857910e-02,-8.038068190217018127e-03,-4.574216529726982117e-02,1.341069489717483521e-02,8.551827631890773773e-03,8.640306442975997925e-02,3.613241016864776611e-03,8.543649315834045410e-02,6.082709133625030518e-02,7.051678001880645752e-02,-5.899199098348617554e-02,6.739916652441024780e-02,-3.209777176380157471e-02,-4.729776829481124878e-02,-8.776487782597541809e-03,-2.984980680048465729e-02,8.391149342060089111e-02,-2.162542566657066345e-02,-1.941970922052860260e-02,-1.826185174286365509e-02,1.113647688180208206e-02,4.345814138650894165e-02,4.377532750368118286e-02,-8.518356829881668091e-02,-7.323341816663742065e-02,4.102581366896629333e-02,7.550326734781265259e-02,-3.860326111316680908e-02,-6.640847027301788330e-02,9.714361280202865601e-03,1.165841072797775269e-01,-6.207919865846633911e-02,-5.026233568787574768e-02,-2.183419093489646912e-02,4.966463521122932434e-02,1.565386168658733368e-02,-4.452055692672729492e-02,5.715972185134887695e-02,-1.964666694402694702e-02,-9.678071737289428711e-02,-3.690239042043685913e-02,3.375872224569320679e-02,4.011294245719909668e-02,-1.097251661121845245e-03
1.842709481716156006e-01,-8.104139007627964020e-03,3.076658397912979126e-02,5.787061154842376709e-02,7.302485406398773193e-02,-1.182761788368225098e-02,6.821269541978836060e-02,1.489487662911415100e-02,-1.908563263714313507e-02,8.252422511577606201e-02,-8.110570907592773438e-02,-1.261800900101661682e-02,1.015719771385192871e-02,-9.890242479741573334e-03,-1.120244804769754410e-02,1.463292445987462997e-02,4.805734846740961075e-03,5.515847355127334595e-02,1.000000000000000000e+00,2.544175982475280762e-01,-5.615165829658508301e-02,1.196690276265144348e-01,3.655462712049484253e-02,9.646927565336227417e-02,-4.621295630931854248e-02,-5.999325588345527649e-02,2.080511488020420074e-02,-7.608146965503692627e-02,-5.209135636687278748e-02,2.071542479097843170e-02,1.326242368668317795e-02,-3.204680606722831726e-02,1.258487850427627563e-01,-3.744502738118171692e-02,-8.804040402173995972e-02,7.104920595884323120e-02,-5.804215744137763977e-02,-5.899279192090034485e-02,-1.373010408133268356e-02,5.992416664958000183e-02,-1.585059016942977905e-01,-9.490713477134704590e-02,-5.081791430711746216e-02,8.862761780619621277e-03,-1.530333235859870911e-02,-1.717587374150753021e-02,-2.411039359867572784e-02,-3.494098782539367676e-02,-1.632693596184253693e-02,-4.683274310082197189e-03,-3.034744970500469208e-02,9.352858178317546844e-03,7.054602727293968201e-03,5.271999165415763855e-02,9.463144093751907349e-02,1.508661732077598572e-02,4.538311157375574112e-03,2.730837790295481682e-03,-3.744036704301834106e-02,9.510013274848461151e-03,-1.571680903434753418e-01,-6.770451366901397705e-02,7.717514038085937500e-02,-7.265550550073385239e-03,1.308295322814956307e-04,-9.002767503261566162e-02,7.413950748741626740e-03,-3.270835056900978088e-02,1.246135607361793518e-01,-4.994550347328186035e-02,1.193167716264724731e-01,9.373956918716430664e-02,5.935775488615036011e-02,-2.267778106033802032e-02,-8.261982351541519165e-03,3.666209429502487183e-02,-1.074444130063056946e-02,4.814361408352851868e-02,1.523019466549158096e-02,-1.049311533570289612e-01,-8.893806487321853638e-02,-4.508835822343826294e-02,6.693685799837112427e-02,7.220324873924255371e-02,1.046164482831954956e-01,-4.707350209355354309e-02,-2.850451134145259857e-02,-7.875006645917892456e-03,8.084872737526893616e-03,2.959140390157699585e-02,9.671376086771488190e-03,1.038218941539525986e-02,-2.604643628001213074e-02,-3.621008247137069702e-02,1.360443513840436935e-02,1.070123240351676941e-01,-2.298367395997047424e-02,7.753813406452536583e-04,-2.097673714160919189e-02,2.618820220232009888e-02,8.029691129922866821e-02,8.345788717269897461e-02,-3.255591914057731628e-02,2.204668335616588593e-02,-7.840466499328613281e-02,8.089397102594375610e-03,-9.375141561031341553e-02,2.000446431338787079e-02,-7.657117396593093872e-02,-8.593364804983139038e-02,8.042425662279129028e-02,-1.136550381779670715e-01,-3.515009209513664246e-02,8.052761852741241455e-02,-7.151871174573898315e-02,1.903762295842170715e-02
5.357572436332702637e-02,9.265838563442230225e-02,3.378828614950180054e-02,-1.259290240705013275e-02,-1.380056608468294144e-02,-2.888797596096992493e-02,3.497239202260971069e-02,-7.136381417512893677e-02,2.924734167754650116e-02,-1.659188605844974518e-02,-6.593331228941679001e-03,1.405451297760009766e-01,-1.144248321652412415e-01,9.975165873765945435e-02,-2.142053097486495972e-02,-4.301848262548446655e-02,-4.573572054505348206e-02,-2.371138334274291992e-02,2.544176578521728516e-01,1.000000000000000000e+00,1.096556559205055237e-01,-3.323853760957717896e-02,-3.940051421523094177e-02,2.718914672732353210e-02,-2.175881713628768921e-02,1.001596637070178986e-02,-3.329771012067794800e-02,-5.019908025860786438e-02,8.446726202964782715e-02,-1.262321602553129196e-02,-8.341308683156967163e-02,8.999069035053253174e-02,4.812302812933921814e-02,3.727670013904571533e-02,-4.282071813941001892e-02,6.514262873679399490e-03,8.363885805010795593e-03,-2.241051383316516876e-02,-2.331335097551345825e-02,5.212525138631463051e-04,-4.353227838873863220e-02,-8.598457090556621552e-03,-2.294196188449859619e-02,-9.656144678592681885e-02,2.235313877463340759e-02,9.452555328607559204e-03,-2.666828595101833344e-02,4.989450797438621521e-03,1.377712003886699677e-02,-2.805856242775917053e-02,-4.955234378576278687e-02,-3.837750758975744247e-03,1.123196631669998169e-02,-4.672204144299030304e-03,-2.716526016592979431e-02,6.687455344945192337e-03,5.704232677817344666e-02,-1.007915288209915161e-02,-5.851520597934722900e-02,-3.015963919460773468e-02,1.739501021802425385e-02,-1.078932881355285645e-01,3.904622793197631836e-02,8.542609959840774536e-02,-2.628544345498085022e-02,-5.325877293944358826e-02,-2.800836786627769470e-02,-7.402886450290679932e-02,4.568691924214363098e-02,-1.995123177766799927e-02,6.558495014905929565e-02,3.472851589322090149e-03,5.285227671265602112e-03,-6.059234961867332458e-03,-4.039331525564193726e-02,4.549550823867321014e-03,-5.620289593935012817e-02,-3.340748324990272522e-02,8.000797778367996216e-02,-4.810806363821029663e-02,-4.149699211120605469e-02,8.302695117890834808e-03,-5.503788590431213379e-02,8.484207093715667725e-02,-5.557945370674133301e-02,4.067241773009300232e-02,-2.602628245949745178e-02,-5.068458989262580872e-02,-5.665323138236999512e-02,-2.189639024436473846e-02,8.247126638889312744e-02,-3.621525689959526062e-02,7.095250487327575684e-02,-8.403917774558067322e-03,-6.380625069141387939e-02,3.626237437129020691e-02,4.870148375630378723e-02,-6.099015101790428162e-02,2.559865638613700867e-02,3.733640164136886597e-02,9.986922889947891235e-02,3.741522505879402161e-02,3.580244258046150208e-02,-1.777068153023719788e-02,-2.901702560484409332e-02,2.661777287721633911e-02,9.291294217109680176e-02,-2.737124264240264893e-02,9.014008566737174988e-03,1.684263907372951508e-02,-3.398679196834564209e-02,3.020541556179523468e-02,-2.666150778532028198e-02,1.397241838276386261e-02,8.042319677770137787e-03,8.182380348443984985e-02
5.728199332952499390e-02,-9.456735104322433472e-03,-6.205168738961219788e-02,-9.870534390211105347e-02,1.261288672685623169e-01,-3.552339226007461548e-02,2.302109031006693840e-03,-5.874792113900184631e-03,-4.276612773537635803e-02,-8.747738599777221680e-02,1.973298750817775726e-02,1.112282052636146545e-01,-9.815236926078796387e-02,-8.388470858335494995e-02,4.543117433786392212e-02,4.989143833518028259e-02,8.013837039470672607e-02,7.039101421833038330e-02,-5.615163594484329224e-02,1.096556931734085083e-01,1.000000000000000000e+00,4.694585502147674561e-02,-4.081869870424270630e-02,-6.236680224537849426e-02,-7.899702177383005619e-04,4.641792736947536469e-03,-3.213257715106010437e-02,1.517857015132904053e-01,-9.445113688707351685e-02,-5.204483121633529663e-02,5.760584771633148193e-02,-1.675305888056755066e-02,1.389311742968857288e-03,-1.036504432559013367e-01,-1.153657585382461548e-02,-1.087536686100065708e-03,9.208170324563980103e-02,1.128146350383758545e-01,4.813896864652633667e-02,-1.198216713964939117e-02,9.789941459894180298e-02,9.001440554857254028e-02,-4.093584045767784119e-02,-5.011096224188804626e-02,3.061129152774810791e-02,9.640228934586048126e-03,1.923698559403419495e-02,5.550167337059974670e-02,3.025781549513339996e-02,6.253463774919509888e-02,-1.929740421473979950e-02,7.328952196985483170e-03,-8.695527911186218262e-03,1.215341850183904171e-03,-3.383348509669303894e-02,-8.061899244785308838e-02,-2.747542411088943481e-02,1.572701381519436836e-03,-4.861599579453468323e-02,-9.311510249972343445e-03,1.907468587160110474e-02,2.113318257033824921e-02,-8.208710700273513794e-02,4.041025415062904358e-03,-5.575096234679222107e-02,-2.893483266234397888e-02,-2.225399389863014221e-02,5.340812355279922485e-02,1.169500499963760376e-02,-6.059413775801658630e-02,-1.887614466249942780e-02,1.358048915863037109e-01,-2.093344628810882568e-01,2.663365378975868225e-02,-2.104333974421024323e-02,1.283334940671920776e-01,8.308886736631393433e-02,-4.984052851796150208e-02,-1.277903914451599121e-01,-2.721212059259414673e-02,4.113423824310302734e-02,-2.778002433478832245e-02,-9.655927121639251709e-02,1.667840965092182159e-02,-2.415927127003669739e-02,-7.989537902176380157e-03,7.268099486827850342e-02,-4.690320044755935669e-02,-9.702162817120552063e-03,-1.104239225387573242e-01,-7.009258121252059937e-02,2.156331948935985565e-02,3.256833180785179138e-02,-2.523780427873134613e-02,3.234789147973060608e-02,-4.093926399946212769e-02,1.639464646577835083e-01,-1.014000456780195236e-02,4.340386390686035156e-02,-5.670013488270342350e-04,-8.612390607595443726e-02,-3.597517311573028564e-02,4.496214911341667175e-02,2.061636373400688171e-02,-1.601829528808593750e-01,-1.148425042629241943e-01,4.058355838060379028e-02,-1.006685718894004822e-01,-8.635049313306808472e-02,-4.115128517150878906e-02,-4.782185703516006470e-02,2.020607329905033112e-02,-8.624640293419361115e-03,-1.409918908029794693e-02,-9.355923160910606384e-03,-1.376297473907470703e-01
3.350882232189178467e-02,1.768432371318340302e-02,5.827262997627258301e-03,6.880883872509002686e-02,-3.647944703698158264e-02,9.193100780248641968e-02,-2.064346708357334137e-02,-5.496361851692199707e-02,-3.504632785916328430e-02,4.006624966859817505e-02,8.310585469007492065e-02,-2.674082852900028229e-02,-7.512258738279342651e-02,4.031979292631149292e-02,3.329091705381870270e-03,1.119928993284702301e-02,-4.206021130084991455e-02,-4.383654147386550903e-02,1.196690350770950317e-01,-3.323858976364135742e-02,4.694584384560585022e-02,1.000000000000000000e+00,7.075478136539459229e-02,7.863683998584747314e-02,5.247987434267997742e-02,8.429764211177825928e-02,4.094948247075080872e-02,4.211060702800750732e-02,4.184877127408981323e-02,1.367619186639785767e-01,-6.479401141405105591e-03,-8.046900480985641479e-02,-7.013520598411560059e-02,7.698886096477508545e-02,9.454558044672012329e-02,-1.412799581885337830e-02,6.500846892595291138e-02,9.930440038442611694e-02,-1.119250804185867310e-01,1.598413884639739990e-01,1.885096728801727295e-02,5.352131649851799011e-02,1.303273346275091171e-02,3.514092043042182922e-02,-3.883619979023933411e-02,4.661047831177711487e-02,-1.947286352515220642e-02,4.713456612080335617e-03,-2.598355710506439209e-02,4.093679785728454590e-02,5.735078081488609314e-02,3.043493814766407013e-02,-7.345701567828655243e-03,-8.924572169780731201e-02,-1.080164313316345215e-02,1.654930785298347473e-02,-5.837569385766983032e-02,3.175161778926849365e-02,-2.386568114161491394e-02,-1.861209608614444733e-02,-5.651855841279029846e-02,5.227457731962203979e-02,-4.676385223865509033e-02,3.032103367149829865e-02,-8.859275281429290771e-02,2.336126193404197693e-02,-7.192966341972351074e-02,-5.941614508628845215e-02,2.349911443889141083e-02,3.971523046493530273e-02,-4.062535241246223450e-02,-5.334851518273353577e-02,-9.703701362013816833e-03,-2.654859051108360291e-02,-6.602875422686338425e-03,3.439762070775032043e-02,7.225856930017471313e-02,-1.285399198532104492e-01,-1.613534800708293915e-02,5.649717152118682861e-02,7.955194264650344849e-02,-3.326111659407615662e-02,1.259136851876974106e-02,1.552065089344978333e-02,3.191524371504783630e-02,-6.949637830257415771e-02,1.602941751480102539e-02,5.289606004953384399e-02,3.900117054581642151e-02,-8.684450387954711914e-02,-1.963720656931400299e-02,-5.727255344390869141e-02,8.576671034097671509e-02,7.233316451311111450e-02,-9.679331630468368530e-02,1.658180356025695801e-02,-7.492843270301818848e-02,1.219913288950920105e-01,-1.153177320957183838e-01,-9.608493000268936157e-02,9.623823314905166626e-02,3.196638077497482300e-02,-1.201495062559843063e-02,1.313327625393867493e-02,-2.537342719733715057e-02,5.869749560952186584e-02,1.087964475154876709e-01,-3.825495392084121704e-02,8.839783817529678345e-02,3.239776566624641418e-02,1.959953308105468750e-01,1.446155458688735962e-02,-1.514549106359481812e-01,-5.948850512504577637e-02,2.202910557389259338e-02,7.617423683404922485e-02
-7.481384277343750000e-02,2.320053055882453918e-02,1.459347456693649292e-01,4.984594881534576416e-02,-1.513846497982740402e-02,-9.867599606513977051e-02,-8.587408810853958130e-02,-9.217509627342224121e-02,-1.636102795600891113e-02,-9.903050959110260010e-02,2.983898669481277466e-02,-6.423234939575195312e-02,8.049851283431053162e-03,1.338221784681081772e-02,5.695579200983047485e-02,-1.259018760174512863e-02,-5.523476377129554749e-02,-7.020272314548492432e-02,3.655458986759185791e-02,-3.940052911639213562e-02,-4.081876203417778015e-02,7.075476646423339844e-02,1.000000000000000000e+00,2.123017162084579468e-01,6.952193379402160645e-02,-4.962528124451637268e-02,6.640450656414031982e-02,-1.168527156114578247e-01,-5.676265340298414230e-03,-9.981263428926467896e-03,7.679544389247894287e-02,1.405530422925949097e-01,1.044476181268692017e-01,-2.619750797748565674e-02,6.672269850969314575e-02,-7.903549820184707642e-02,1.768013834953308105e-02,-4.327230621129274368e-03,-7.538783829659223557e-03,-3.625337406992912292e-02,-8.999946527183055878e-03,-2.186126634478569031e-02,-1.059665065258741379e-02,4.564761742949485779e-02,-5.573640018701553345e-02,-8.609820902347564697e-02,4.674237687140703201e-03,-2.474688552320003510e-02,-2.108345925807952881e-02,-2.431984618306159973e-02,3.918098285794258118e-02,4.881876334547996521e-02,1.456263195723295212e-02,2.310187742114067078e-02,4.906021431088447571e-02,1.147481240332126617e-02,3.462153952568769455e-03,2.877734228968620300e-02,-6.122954562306404114e-02,5.661563575267791748e-02,-5.274172872304916382e-02,-3.453589230775833130e-02,-2.942072972655296326e-02,1.838978193700313568e-02,1.783790141344070435e-01,-2.573174796998500824e-02,1.472416985780000687e-02,-1.029192563146352768e-02,1.068623811006546021e-01,-1.488177329301834106e-01,2.733044885098934174e-02,-1.906459033489227295e-02,-7.076122611761093140e-02,-5.378756299614906311e-02,-1.600911654531955719e-02,1.268754005432128906e-01,5.127815529704093933e-02,-6.780766695737838745e-02,-2.998807281255722046e-02,-7.887675613164901733e-02,-4.500560928136110306e-03,2.206156775355339050e-02,-2.345691435039043427e-03,-6.566613912582397461e-02,-1.879568444564938545e-03,-1.542403735220432281e-02,2.706827037036418915e-02,-5.597222596406936646e-02,6.297491490840911865e-02,-3.266696631908416748e-02,-4.905008897185325623e-02,8.614962548017501831e-02,-2.707345969974994659e-02,1.325321346521377563e-01,-5.129370838403701782e-02,-3.525744378566741943e-02,-5.850803107023239136e-02,-1.728186011314392090e-02,1.652952167205512524e-03,-8.294967003166675568e-03,-2.092999033629894257e-02,-1.301884185522794724e-04,1.321100350469350815e-02,-5.832277983427047729e-02,8.924971334636211395e-03,5.935708526521921158e-03,6.612449139356613159e-02,-7.887734100222587585e-03,1.492198463529348373e-02,-1.670102402567863464e-02,-3.651135787367820740e-02,1.159491688013076782e-01,4.712234064936637878e-02,-3.027431666851043701e-02,-4.200419876724481583e-03,1.588915288448333740e-02
-7.963402569293975830e-02,-4.374708980321884155e-02,1.156448796391487122e-01,1.195413917303085327e-01,-9.720576554536819458e-02,1.668715383857488632e-03,-1.688166894018650055e-02,1.502890419214963913e-02,-7.597385346889495850e-02,-7.265836745500564575e-02,-5.887268111109733582e-02,-2.187526784837245941e-02,-2.260786481201648712e-02,8.999023586511611938e-03,-8.834701962769031525e-03,1.499638706445693970e-01,3.435379639267921448e-02,4.055053368210792542e-02,9.646921604871749878e-02,2.718924358487129211e-02,-6.236673146486282349e-02,7.863680273294448853e-02,2.123016268014907837e-01,1.000000000000000000e+00,-1.067748814821243286e-01,1.395260915160179138e-02,5.806583538651466370e-02,3.183539211750030518e-02,-6.988780200481414795e-02,-4.914608970284461975e-02,-1.816867478191852570e-02,1.858375221490859985e-01,-5.678807501681149006e-04,5.574503540992736816e-02,-2.645313739776611328e-02,1.770549081265926361e-02,4.468390252441167831e-03,-5.434629693627357483e-02,-7.083576917648315430e-02,-6.956662237644195557e-02,3.124849498271942139e-02,9.092356264591217041e-02,3.365409793332219124e-03,2.023262158036231995e-02,-3.139661625027656555e-02,-2.628020383417606354e-02,-1.105203013867139816e-02,4.974988754838705063e-03,-4.128626361489295959e-02,2.942488342523574829e-02,-3.309335932135581970e-02,-6.950212176889181137e-03,1.471365895122289658e-02,-7.351929694414138794e-02,-3.460475709289312363e-03,-5.412998609244823456e-03,-7.359282462857663631e-04,-6.642555445432662964e-02,9.253841824829578400e-03,-8.109273761510848999e-02,-6.791684031486511230e-02,1.641255244612693787e-02,4.477038979530334473e-03,-2.804952673614025116e-02,8.797246962785720825e-02,8.804368972778320312e-02,-3.658120334148406982e-02,-1.328111439943313599e-02,1.732002384960651398e-02,-5.177521705627441406e-02,-8.440840989351272583e-02,-6.476971786469221115e-03,3.106237389147281647e-03,3.853579238057136536e-02,-2.477755770087242126e-02,1.993884332478046417e-02,-8.997245691716670990e-03,1.451898273080587387e-02,4.939999058842658997e-02,2.242907136678695679e-02,-4.676004871726036072e-02,2.484328672289848328e-02,-9.098581969738006592e-02,-7.895275205373764038e-02,5.876414105296134949e-02,7.864487171173095703e-02,7.310162484645843506e-02,5.921917036175727844e-02,-1.666946522891521454e-02,8.017977699637413025e-03,3.470005095005035400e-02,2.199168782681226730e-03,2.477237209677696228e-02,-2.334597706794738770e-02,4.548886045813560486e-02,-3.292253240942955017e-02,-8.219257928431034088e-03,3.673550672829151154e-03,-1.372031052596867085e-03,-3.488780558109283447e-02,-6.479881703853607178e-02,-7.510347664356231689e-02,4.930107668042182922e-02,-1.331660989671945572e-02,-4.791512712836265564e-02,-8.062636852264404297e-02,-3.235185891389846802e-02,-3.966622427105903625e-02,-6.960453093051910400e-02,-5.414740182459354401e-03,-1.196753978729248047e-01,-1.080099493265151978e-01,7.155618630349636078e-03,1.059990376234054565e-03,-2.605146728456020355e-02,7.282767444849014282e-02
-8.480411767959594727e-02,4.260385408997535706e-03,-4.096181318163871765e-02,3.771696612238883972e-02,-4.025067761540412903e-02,-8.224891871213912964e-02,-6.126395612955093384e-02,-6.858044117689132690e-02,1.353928595781326294e-01,5.536454916000366211e-02,-1.026290585286915302e-03,-4.870412871241569519e-02,-3.395194560289382935e-02,-1.189144104719161987e-01,-8.123452961444854736e-02,-9.625959396362304688e-02,-7.806937396526336670e-02,2.976725995540618896e-02,-4.621289297938346863e-02,-2.175883390009403229e-02,-7.899509510025382042e-04,5.247982218861579895e-02,6.952190399169921875e-02,-1.067749559879302979e-01,1.000000000000000000e+00,3.195881247520446777e-01,4.296974837779998779e-02,1.162242703139781952e-02,-1.831889525055885315e-02,-1.292011700570583344e-02,6.683552265167236328e-02,5.185965076088905334e-02,4.898726474493741989e-03,-5.082170665264129639e-02,2.061998285353183746e-02,-1.275294926017522812e-02,-6.731858011335134506e-03,5.637284368276596069e-02,5.602179467678070068e-02,1.503019481897354126e-01,6.305796653032302856e-02,-3.760024532675743103e-02,5.739829968661069870e-03,-5.383458733558654785e-02,-2.317380532622337341e-02,-6.280460860580205917e-03,3.474387526512145996e-02,1.535562984645366669e-02,4.705818742513656616e-02,3.431151807308197021e-02,2.783794188871979713e-03,-9.404714219272136688e-03,1.196457818150520325e-02,-1.308264583349227905e-01,-6.054076179862022400e-02,-4.709624871611595154e-02,1.422068849205970764e-02,-6.646713614463806152e-02,4.111304134130477905e-02,-4.221418872475624084e-02,-1.203418057411909103e-02,-5.801209434866905212e-02,5.485410243272781372e-02,-1.736559905111789703e-02,3.548228368163108826e-02,-2.478337287902832031e-02,1.815705001354217529e-02,1.279896683990955353e-02,-3.094540210440754890e-03,-1.018335111439228058e-02,1.434787362813949585e-01,-8.528642356395721436e-03,8.438827097415924072e-02,4.685997497290372849e-03,-7.759482413530349731e-02,-3.398264944553375244e-02,2.541050128638744354e-02,7.577154785394668579e-02,6.038921419531106949e-03,-7.635138183832168579e-02,4.295564442873001099e-02,-5.670977011322975159e-02,6.166911497712135315e-02,9.196842461824417114e-02,3.019740106537938118e-03,3.763793408870697021e-02,4.730456322431564331e-02,-8.769951760768890381e-02,-6.098579987883567810e-02,1.401997916400432587e-02,9.934497624635696411e-02,-7.925181090831756592e-02,-2.651933114975690842e-03,4.209998995065689087e-02,-2.936067618429660797e-02,-9.339240193367004395e-02,6.603754311800003052e-02,-9.765275754034519196e-03,-1.731765456497669220e-02,5.298735946416854858e-02,-4.949959367513656616e-02,3.431453928351402283e-02,1.199763454496860504e-02,-8.056115359067916870e-03,-1.389190554618835449e-02,-7.049066573381423950e-02,9.058071672916412354e-02,-6.836598366498947144e-02,3.394213318824768066e-02,-1.160428225994110107e-01,2.095816098153591156e-02,-2.023878321051597595e-02,-4.101175818504998460e-06,-1.010607928037643433e-02,3.037009760737419128e-02,-7.130616158246994019e-02
-1.628292724490165710e-02,2.844227664172649384e-02,6.997364014387130737e-02,-6.470479071140289307e-02,8.189392089843750000e-02,9.850712865591049194e-02,-3.738696128129959106e-02,-3.795238211750984192e-02,3.891276568174362183e-02,1.409747898578643799e-01,-4.279629327356815338e-03,-4.628633335232734680e-02,-5.224832147359848022e-02,-1.217193379998207092e-01,-9.285847097635269165e-02,3.269599378108978271e-02,-1.813552528619766235e-02,6.834018230438232422e-02,-5.999324098229408264e-02,1.001590862870216370e-02,4.641737323254346848e-03,8.429768681526184082e-02,-4.962535947561264038e-02,1.395263895392417908e-02,3.195881545543670654e-01,1.000000000000000000e+00,7.289572060108184814e-02,-5.544118210673332214e-02,1.034486144781112671e-01,-1.002920866012573242e-01,1.104060094803571701e-02,5.376113206148147583e-02,1.469226274639368057e-02,9.646188467741012573e-02,-2.569156326353549957e-02,-3.977789357304573059e-02,4.043532907962799072e-02,7.153074443340301514e-02,1.938258414156734943e-03,-7.542204111814498901e-04,5.077519640326499939e-02,-7.905706018209457397e-02,3.870979184284806252e-03,6.504467222839593887e-03,-1.887081936001777649e-02,-1.240385044366121292e-02,-2.029340900480747223e-02,4.487199243158102036e-03,-4.684853833168745041e-03,-6.743375957012176514e-02,3.376851230859756470e-02,3.843698184937238693e-03,3.974519297480583191e-02,-6.128408480435609818e-03,-9.476207196712493896e-02,-4.852897301316261292e-02,2.707545179873704910e-03,-1.488034240901470184e-02,-5.893750488758087158e-02,2.102853730320930481e-02,-1.320167351514101028e-02,1.724567823112010956e-02,-8.115586824715137482e-03,-1.123365908861160278e-01,-3.863156959414482117e-02,2.939573256298899651e-03,-2.580904215574264526e-02,3.007574379444122314e-02,-2.399486303329467773e-02,3.538715094327926636e-02,1.570861972868442535e-02,-3.520450741052627563e-02,2.749009989202022552e-02,-6.416554003953933716e-02,1.079862415790557861e-01,-5.141695961356163025e-02,-1.337079238146543503e-02,-3.933170065283775330e-02,2.891407720744609833e-02,-9.893681854009628296e-02,-8.344173431396484375e-03,9.547209367156028748e-03,-4.147712513804435730e-02,-5.509119108319282532e-02,2.820378728210926056e-02,3.245259076356887817e-02,1.804027892649173737e-02,-1.581370085477828979e-02,5.608778819441795349e-02,-1.308812946081161499e-02,-3.510598093271255493e-02,3.332129493355751038e-02,-7.425450533628463745e-02,-2.635908499360084534e-02,2.520374953746795654e-02,-5.746985599398612976e-02,3.205150738358497620e-02,-9.575048089027404785e-02,1.824768632650375366e-02,-3.193827718496322632e-02,-2.562294481322169304e-03,1.023371368646621704e-01,-1.103096548467874527e-02,-7.035161554813385010e-02,-2.116617187857627869e-02,-3.471364080905914307e-02,-5.868001375347375870e-03,-6.037515401840209961e-02,-3.111435659229755402e-02,1.204038853757083416e-03,3.079498000442981720e-02,-1.437468454241752625e-02,1.889916509389877319e-02,-1.092233788222074509e-02,4.152227565646171570e-02,1.176383197307586670e-01
-1.299318391829729080e-02,2.867768891155719757e-02,-5.316524580121040344e-02,8.107338100671768188e-03,1.305525451898574829e-01,-8.940321207046508789e-02,-2.094599232077598572e-02,2.018901146948337555e-02,5.560937523841857910e-02,2.192228846251964569e-02,1.503406465053558350e-01,1.058833748102188110e-01,-2.844308875501155853e-02,-3.653746098279953003e-02,5.982979387044906616e-02,4.631778225302696228e-02,-4.086452070623636246e-03,-1.245571225881576538e-01,2.080520056188106537e-02,-3.329765424132347107e-02,-3.213262930512428284e-02,4.094946384429931641e-02,6.640459597110748291e-02,5.806576460599899292e-02,4.296978563070297241e-02,7.289579510688781738e-02,1.000000000000000000e+00,2.897744476795196533e-01,4.167247563600540161e-02,9.222098626196384430e-03,1.102580875158309937e-02,-1.076748520135879517e-01,3.326039761304855347e-02,1.731314696371555328e-02,-3.854314982891082764e-02,-2.553193084895610809e-02,-5.091530084609985352e-02,-6.728972494602203369e-02,8.550189435482025146e-02,9.957518428564071655e-02,-3.435277566313743591e-02,-3.250796720385551453e-02,-2.229852974414825439e-02,3.497537598013877869e-02,-1.701502129435539246e-02,-5.889898631721735001e-03,-8.729081600904464722e-03,3.733449056744575500e-02,-2.542589232325553894e-02,-1.479764562100172043e-02,-1.612841151654720306e-02,4.734507948160171509e-02,-3.217738587409257889e-03,-8.923362940549850464e-03,6.393058598041534424e-02,-2.135625481605529785e-02,-1.153935492038726807e-02,4.701967164874076843e-02,-8.841297775506973267e-02,-3.820057213306427002e-02,6.255295127630233765e-02,-4.206918925046920776e-02,-1.863610185682773590e-02,6.190637871623039246e-02,-2.560444176197052002e-03,1.116679282858967781e-03,-1.964873820543289185e-02,7.845321297645568848e-02,-2.897900156676769257e-02,2.113658003509044647e-02,-2.959379181265830994e-02,-3.010639734566211700e-02,-4.464964196085929871e-02,1.302279066294431686e-02,1.106611117720603943e-01,-3.358776215463876724e-03,3.021847456693649292e-02,6.897933781147003174e-02,4.711037129163742065e-02,-4.212915897369384766e-02,-8.085482567548751831e-02,9.866082668304443359e-02,2.472332492470741272e-02,1.151874661445617676e-01,-7.524241507053375244e-02,-5.075899511575698853e-02,7.635038346052169800e-02,-4.338541533797979355e-03,-3.925091028213500977e-02,-1.225892305374145508e-01,3.660839423537254333e-02,-1.417323648929595947e-01,-7.706484198570251465e-02,-5.594212561845779419e-03,-5.196399241685867310e-02,2.595956996083259583e-02,7.912527024745941162e-02,6.059431284666061401e-02,-4.132620990276336670e-02,4.238208010792732239e-02,-1.277364343404769897e-01,9.263079613447189331e-02,-1.142259389162063599e-01,-3.854822739958763123e-02,-3.403625637292861938e-02,1.079322397708892822e-01,-2.680912800133228302e-02,7.647982984781265259e-02,-1.750568300485610962e-01,4.993740841746330261e-02,-8.148335665464401245e-02,-3.842184692621231079e-02,4.766510333865880966e-03,-2.770639955997467041e-02,1.447309553623199463e-01,2.831167355179786682e-02
4.394245147705078125e-02,1.205570548772811890e-01,9.211820363998413086e-02,1.518022082746028900e-02,-1.108017936348915100e-01,1.894038356840610504e-02,-2.821586094796657562e-02,-3.981733694672584534e-02,9.922567009925842285e-02,-7.483184337615966797e-02,-1.155505329370498657e-01,-2.482045628130435944e-02,-3.206527605652809143e-02,1.303181983530521393e-03,1.566974818706512451e-02,5.128836631774902344e-02,-8.065912872552871704e-03,3.921361267566680908e-02,-7.608150690793991089e-02,-5.019901692867279053e-02,1.517857015132904053e-01,4.211067780852317810e-02,-1.168527230620384216e-01,3.183542564511299133e-02,1.162259280681610107e-02,-5.544133111834526062e-02,2.897743880748748779e-01,1.000000000000000000e+00,2.959898207336664200e-03,-4.156178608536720276e-02,6.445308774709701538e-02,2.274384908378124237e-02,-2.902592718601226807e-02,2.619256963953375816e-03,6.625700742006301880e-02,5.060908943414688110e-02,7.534583564847707748e-03,1.782578229904174805e-02,1.220385953783988953e-01,-7.444652915000915527e-02,5.318225827068090439e-03,-6.445273756980895996e-02,4.344381764531135559e-02,5.018305778503417969e-02,-8.632625453174114227e-03,-5.432711914181709290e-02,1.084434427320957184e-02,7.331018149852752686e-02,2.547373995184898376e-02,-5.729947984218597412e-02,1.297502964735031128e-02,-3.307881206274032593e-02,1.013386249542236328e-01,-3.319823741912841797e-02,-1.179736646008677781e-04,-6.477153301239013672e-02,-1.606016047298908234e-02,-4.174147732555866241e-03,3.145436942577362061e-02,4.978662356734275818e-03,1.424165815114974976e-02,4.165803641080856323e-02,8.837767876684665680e-03,-4.212732613086700439e-02,-4.127655178308486938e-02,6.134294904768466949e-03,-3.564697224646806717e-03,-3.171986714005470276e-02,-6.539683043956756592e-02,6.152394413948059082e-02,1.627549082040786743e-01,7.377907633781433105e-03,-4.447901993989944458e-02,-1.457930542528629303e-02,-9.724450856447219849e-02,3.891441226005554199e-02,-4.545913264155387878e-02,-1.465879082679748535e-01,1.459084451198577881e-01,-2.940304204821586609e-02,2.935647219419479370e-02,-4.885566607117652893e-02,-4.606153443455696106e-02,1.762306201271712780e-03,-4.130619578063488007e-03,5.100493878126144409e-02,4.981498047709465027e-02,1.795253753662109375e-01,-3.238245844841003418e-02,4.032319411635398865e-02,1.212957687675952911e-02,4.186830297112464905e-02,8.908403664827346802e-02,8.214838802814483643e-02,4.171097278594970703e-02,9.161297976970672607e-02,-2.446834929287433624e-02,-6.665045395493507385e-03,-2.222591824829578400e-02,-1.809036126360297203e-03,1.254707872867584229e-01,-3.249950706958770752e-02,-8.959534578025341034e-03,5.230676382780075073e-02,3.640427812933921814e-02,3.233221545815467834e-02,6.781423836946487427e-02,-1.369660198688507080e-01,-1.728365197777748108e-02,2.082552760839462280e-03,3.247842937707901001e-02,3.822663053870201111e-02,-3.940454497933387756e-02,-1.878259703516960144e-02,1.365174911916255951e-02,5.975923314690589905e-02
-2.235320769250392914e-02,-6.558509543538093567e-03,1.583327539265155792e-02,-4.293164238333702087e-02,-5.522353108972311020e-03,-3.499739244580268860e-02,-7.739380933344364166e-03,7.472819648683071136e-03,-5.268504843115806580e-02,-8.918887376785278320e-02,5.999187007546424866e-02,-7.119043171405792236e-02,7.769937813282012939e-02,8.579178154468536377e-02,1.122578531503677368e-01,7.168723642826080322e-02,9.270925819873809814e-02,3.961677849292755127e-02,-5.209134146571159363e-02,8.446706831455230713e-02,-9.445102512836456299e-02,4.184874147176742554e-02,-5.676428787410259247e-03,-6.988760083913803101e-02,-1.831878907978534698e-02,1.034485623240470886e-01,4.167253524065017700e-02,2.959906123578548431e-03,1.000000000000000000e+00,2.139184027910232544e-01,4.146579280495643616e-02,3.018846176564693451e-02,9.068550169467926025e-02,9.279188700020313263e-03,-4.564502090215682983e-02,3.330429270863533020e-02,5.271533969789743423e-03,-1.139180660247802734e-01,-2.345567801967263222e-03,-3.100618720054626465e-02,6.993079930543899536e-02,-3.034764155745506287e-02,2.498740889132022858e-02,5.544962361454963684e-02,-1.676821894943714142e-02,-2.761294692754745483e-02,-1.597851701080799103e-02,4.012793675065040588e-02,4.659916274249553680e-03,-4.549114033579826355e-02,-6.114671006798744202e-03,9.982558549381792545e-05,-3.461994230747222900e-02,4.196021705865859985e-02,-6.779249757528305054e-02,5.618491396307945251e-02,4.869110509753227234e-02,5.960508063435554504e-02,-1.353298872709274292e-02,1.118133217096328735e-02,7.005561888217926025e-02,3.540696576237678528e-02,1.034015323966741562e-02,4.889512807130813599e-02,7.396590895950794220e-03,-2.480098512023687363e-03,1.714089699089527130e-02,7.675626128911972046e-02,-1.239308640360832214e-01,6.669598817825317383e-02,-1.256234105676412582e-02,-8.111546188592910767e-02,1.254505366086959839e-01,7.010981440544128418e-02,-5.357664823532104492e-02,-1.787251420319080353e-02,6.912811100482940674e-02,2.900745533406734467e-02,1.132301092147827148e-01,-2.543052285909652710e-02,3.660399094223976135e-02,-5.946504417806863785e-03,5.364589765667915344e-02,-2.041745185852050781e-02,-1.329535245895385742e-01,-7.245936989784240723e-02,2.441346412524580956e-03,3.279779851436614990e-02,-7.736548036336898804e-02,-3.726737108081579208e-03,-2.154620550572872162e-02,2.385950461030006409e-02,-2.504484541714191437e-02,2.386052161455154419e-02,1.793653964996337891e-01,1.052985060960054398e-02,-3.147469088435173035e-02,1.271329633891582489e-02,-8.161580190062522888e-03,-2.792784385383129120e-02,1.228504814207553864e-03,-5.260603129863739014e-02,1.698110811412334442e-02,2.807213552296161652e-02,-5.236001312732696533e-02,-3.765778243541717529e-02,2.841599285602569580e-02,1.617434620857238770e-02,-2.811754494905471802e-02,6.861032545566558838e-02,-1.699820719659328461e-02,1.543966121971607208e-02,-2.077223733067512512e-02,2.678094990551471710e-02,-5.950514227151870728e-02,2.962785074487328529e-03
-4.037898499518632889e-03,2.692046016454696655e-02,2.495500072836875916e-02,-6.546458601951599121e-02,-6.187336891889572144e-02,1.802303083240985870e-02,4.221403598785400391e-02,3.933084383606910706e-02,5.566086247563362122e-02,-9.728403761982917786e-03,2.189558185636997223e-02,5.695379897952079773e-02,-2.111870422959327698e-02,-4.125111550092697144e-02,2.925447933375835419e-02,1.434670090675354004e-01,2.605148404836654663e-02,6.305187195539474487e-02,2.071539126336574554e-02,-1.262277085334062576e-02,-5.204499885439872742e-02,1.367618739604949951e-01,-9.981113485991954803e-03,-4.914627224206924438e-02,-1.292014401406049728e-02,-1.002919524908065796e-01,9.222125634551048279e-03,-4.156168177723884583e-02,2.139182090759277344e-01,1.000000000000000000e+00,3.527048975229263306e-02,1.912397891283035278e-02,8.239337056875228882e-02,2.852099388837814331e-02,-1.263102144002914429e-02,-6.758971512317657471e-02,1.534529589116573334e-02,-6.454645842313766479e-02,-6.243481114506721497e-02,-9.303420782089233398e-03,4.337072372436523438e-02,2.748791687190532684e-02,5.927762389183044434e-02,4.809133335947990417e-02,4.695074632763862610e-02,9.400463663041591644e-03,-2.490017749369144440e-02,8.389000780880451202e-03,-2.495992369949817657e-02,-1.107924431562423706e-02,-4.542635008692741394e-02,-3.883362561464309692e-02,-5.219588987529277802e-03,-1.144997804658487439e-04,-3.532406687736511230e-02,-4.610325768589973450e-02,-4.084164742380380630e-03,9.878135286271572113e-03,-1.956905052065849304e-02,6.203750148415565491e-02,7.029744330793619156e-03,-4.277843981981277466e-02,3.505578264594078064e-02,3.517470508813858032e-02,-3.300299867987632751e-02,-6.037778034806251526e-02,3.499492304399609566e-03,-7.207684218883514404e-02,2.245350554585456848e-02,2.401677332818508148e-02,-2.968442440032958984e-02,-4.285446181893348694e-02,-5.435704812407493591e-02,6.797584891319274902e-02,-4.040791466832160950e-02,4.072283953428268433e-02,4.499521851539611816e-02,-3.696059063076972961e-02,3.526555746793746948e-02,3.193387389183044434e-02,2.390973083674907684e-02,-1.225321087986230850e-02,1.111933868378400803e-02,8.833412081003189087e-02,-7.668000180274248123e-03,-2.599605545401573181e-02,-8.658878505229949951e-03,-2.852312102913856506e-02,-1.294538658112287521e-02,2.595914155244827271e-02,2.462426573038101196e-02,-9.040325134992599487e-02,-1.805353350937366486e-02,-7.822414487600326538e-02,-9.446960687637329102e-02,7.785359863191843033e-03,1.244090571999549866e-01,-4.103012382984161377e-02,5.965543165802955627e-02,-8.826441317796707153e-02,-2.956038573756814003e-03,-2.227688441053032875e-03,3.232365846633911133e-02,3.896051645278930664e-02,1.244861865416169167e-03,-1.435113418847322464e-02,2.588612958788871765e-02,7.192730903625488281e-02,-8.931066840887069702e-02,-8.597625792026519775e-02,7.547748088836669922e-02,2.461042255163192749e-02,-6.711049936711788177e-03,-1.376024037599563599e-01,3.901753202080726624e-02,1.731711998581886292e-02
-3.314120694994926453e-02,7.537704892456531525e-03,-2.839987352490425110e-02,-1.328688673675060272e-02,9.481792151927947998e-02,8.463434875011444092e-02,1.096787825226783752e-01,2.656995318830013275e-02,7.209114730358123779e-02,-1.040647253394126892e-01,-1.143868826329708099e-02,-2.301303436979651451e-03,2.543668635189533234e-02,-4.135973751544952393e-02,3.889385610818862915e-02,-5.797372013330459595e-02,2.581697702407836914e-02,4.061284475028514862e-03,1.326233148574829102e-02,-8.341308683156967163e-02,5.760584771633148193e-02,-6.479324772953987122e-03,7.679544389247894287e-02,-1.816874369978904724e-02,6.683564931154251099e-02,1.104051060974597931e-02,1.102581247687339783e-02,6.445311754941940308e-02,4.146585240960121155e-02,3.527041152119636536e-02,1.000000000000000000e+00,3.576216399669647217e-01,1.857818514108657837e-01,5.665905401110649109e-02,-4.447744693607091904e-03,-5.904821306467056274e-02,1.398332789540290833e-02,2.098962105810642242e-02,9.193574637174606323e-02,-3.496938943862915039e-02,1.017848495393991470e-02,-4.395539313554763794e-02,2.929273247718811035e-02,-1.870389911346137524e-03,2.182823792099952698e-02,3.467101603746414185e-02,4.146865382790565491e-02,1.224713958799839020e-02,6.108487956225872040e-03,2.467997744679450989e-02,1.298582088202238083e-02,3.202694235369563103e-03,-9.593699872493743896e-02,3.026802837848663330e-02,-4.815362766385078430e-02,-1.722744293510913849e-02,-3.318678215146064758e-02,1.011796295642852783e-02,2.109983563423156738e-02,5.472176522016525269e-02,-2.918900456279516220e-03,-7.257047295570373535e-02,-1.647386583499610424e-03,-2.473604679107666016e-02,-1.086260005831718445e-01,-1.535115670412778854e-02,-2.522779323044233024e-05,8.488767780363559723e-03,-3.644779324531555176e-02,1.690197438001632690e-01,1.034848839044570923e-01,8.656714856624603271e-02,-2.677559480071067810e-02,-4.006231203675270081e-02,-6.255693733692169189e-02,-4.911192134022712708e-02,1.851850375533103943e-02,2.877217158675193787e-02,-7.340091280639171600e-03,6.499890238046646118e-02,-4.322265740483999252e-03,1.071965098381042480e-01,4.289774969220161438e-02,-1.668950729072093964e-02,-5.198344588279724121e-02,4.014635458588600159e-02,6.706078350543975830e-02,-7.428458426147699356e-03,9.995163977146148682e-02,-4.997877404093742371e-02,8.914235047996044159e-03,4.353006929159164429e-02,-2.119670063257217407e-02,-1.657502539455890656e-02,1.680132746696472168e-02,2.861862536519765854e-03,-4.718657582998275757e-02,4.096864257007837296e-03,-4.206300899386405945e-02,7.231058087199926376e-03,7.582187186926603317e-03,1.463008113205432892e-02,1.130825094878673553e-02,-7.296269387006759644e-02,-9.253547340631484985e-02,-1.740772649645805359e-02,8.397605270147323608e-02,2.372023090720176697e-02,-1.898419670760631561e-02,6.510125845670700073e-02,-9.210276603698730469e-02,1.181983388960361481e-03,4.617476835846900940e-02,8.544027805328369141e-02,-4.999980330467224121e-02,4.632319509983062744e-02
-3.625558689236640930e-02,-3.513968363404273987e-02,2.770099975168704987e-02,5.746823176741600037e-02,6.234430894255638123e-02,5.555256828665733337e-02,3.063818067312240601e-02,4.758654534816741943e-02,2.747935988008975983e-02,3.533044829964637756e-02,7.489355653524398804e-02,2.040083054453134537e-04,-1.397326122969388962e-02,-6.038029119372367859e-02,-8.790427818894386292e-03,7.652758061885833740e-02,9.434175491333007812e-02,6.662048399448394775e-02,-3.204672783613204956e-02,8.999064564704895020e-02,-1.675295270979404449e-02,-8.046914637088775635e-02,1.405529975891113281e-01,1.858376562595367432e-01,5.185948312282562256e-02,5.376129969954490662e-02,-1.076748743653297424e-01,2.274385094642639160e-02,3.018844500184059143e-02,1.912415586411952972e-02,3.576217591762542725e-01,1.000000000000000000e+00,5.144964158535003662e-02,1.161712408065795898e-01,3.391152620315551758e-02,4.008787125349044800e-02,-2.001314191147685051e-03,-5.570692569017410278e-02,2.426941506564617157e-02,3.503320366144180298e-02,2.907207235693931580e-02,4.583312198519706726e-02,1.430495828390121460e-02,1.086587831377983093e-02,-3.828537464141845703e-02,-9.288871660828590393e-03,2.693835832178592682e-02,-2.198741398751735687e-02,-7.925187237560749054e-03,4.803716018795967102e-02,2.063413194264285266e-05,-1.895560068078339100e-03,1.689850725233554840e-02,-3.571333363652229309e-02,-4.063246026635169983e-02,3.942398726940155029e-02,-2.580258063971996307e-02,5.499060079455375671e-02,-3.675474599003791809e-02,2.555178105831146240e-02,-2.561165206134319305e-02,1.202043518424034119e-01,-9.522566571831703186e-03,-3.448474686592817307e-03,-1.542612444609403610e-02,-7.324911188334226608e-03,-8.555750362575054169e-03,9.019160270690917969e-02,-6.150249391794204712e-02,1.121093034744262695e-01,5.853160843253135681e-02,-2.019247598946094513e-02,4.509028047323226929e-02,-1.687759533524513245e-02,-8.945320732891559601e-03,-2.430782187730073929e-03,-4.174182564020156860e-02,5.129872635006904602e-02,-6.787660997360944748e-03,2.150855958461761475e-02,-5.756504088640213013e-02,-1.094576250761747360e-02,-2.017108723521232605e-02,-2.237233519554138184e-02,-3.209659084677696228e-02,-3.753577172756195068e-02,-2.393225207924842834e-03,4.783960804343223572e-02,-6.295640021562576294e-02,-9.653908759355545044e-02,5.664544925093650818e-02,-5.074498429894447327e-02,-5.140447244048118591e-02,-4.744244739413261414e-02,-1.389296445995569229e-02,-5.310000851750373840e-04,1.009270176291465759e-02,-1.366223245859146118e-01,8.402358740568161011e-03,-5.565116554498672485e-02,6.065513938665390015e-02,1.971002668142318726e-02,5.959982052445411682e-02,8.946947008371353149e-02,4.277300089597702026e-02,9.031832963228225708e-02,5.213375389575958252e-02,4.372415714897215366e-04,-3.282766416668891907e-02,2.105538966134190559e-03,3.176858276128768921e-02,-1.730395480990409851e-02,-3.157098544761538506e-03,-2.677206695079803467e-02,4.405853897333145142e-02,-6.907761096954345703e-02
6.303400732576847076e-03,-8.098154328763484955e-03,4.253270849585533142e-02,-4.021345078945159912e-02,-2.365721575915813446e-02,-8.675448596477508545e-02,5.699651688337326050e-02,-2.825075015425682068e-02,-2.172287553548812866e-02,-3.338829427957534790e-02,-4.248142242431640625e-02,-8.033542335033416748e-02,-8.677834272384643555e-02,4.529774188995361328e-02,-9.437361732125282288e-04,-1.152218431234359741e-01,-2.158805914223194122e-02,1.632030494511127472e-02,1.258488446474075317e-01,4.812299832701683044e-02,1.389224082231521606e-03,-7.013510912656784058e-02,1.044477820396423340e-01,-5.680694594047963619e-04,4.898711573332548141e-03,1.469230744987726212e-02,3.326039761304855347e-02,-2.902588807046413422e-02,9.068538248538970947e-02,8.239336311817169189e-02,1.857815831899642944e-01,5.144982784986495972e-02,1.000000000000000000e+00,3.856954872608184814e-01,6.764461845159530640e-02,-4.328506812453269958e-02,2.321528457105159760e-02,5.027052015066146851e-02,5.552859604358673096e-02,-2.532353438436985016e-02,4.756398871541023254e-02,7.688419520854949951e-02,1.638148352503776550e-02,4.096984490752220154e-02,-1.283362600952386856e-02,1.224314514547586441e-02,-2.997926063835620880e-02,-1.062174700200557709e-02,-2.983759902417659760e-02,1.310076285153627396e-02,1.914790831506252289e-02,-3.322050347924232483e-02,-5.409972276538610458e-03,2.663830667734146118e-02,6.288114935159683228e-03,-4.428156465291976929e-02,8.379112929105758667e-02,-8.999486453831195831e-04,8.513868786394596100e-03,2.388852648437023163e-02,-3.219446912407875061e-02,3.768062591552734375e-02,-3.613409586250782013e-03,2.147364430129528046e-02,2.933573350310325623e-02,-3.174683451652526855e-02,2.960605360567569733e-02,-6.128723174333572388e-02,-9.531058371067047119e-03,2.113327942788600922e-02,-8.568295091390609741e-02,5.444744974374771118e-02,-5.284328758716583252e-02,-7.760600000619888306e-02,3.426995128393173218e-02,-6.417837738990783691e-02,6.262168288230895996e-02,-2.642857097089290619e-02,-8.681179955601692200e-03,-1.981287263333797455e-02,7.428143173456192017e-02,-3.838261216878890991e-02,-3.967014199588447809e-04,-1.030523609369993210e-02,-1.452656555920839310e-02,8.095722645521163940e-03,5.184991657733917236e-02,4.837309569120407104e-02,1.455261092633008957e-02,-5.102580413222312927e-02,-1.610829867422580719e-02,2.704535238444805145e-02,-6.213744357228279114e-02,-4.434231296181678772e-02,-3.853068128228187561e-02,-1.278903484344482422e-01,-1.918425038456916809e-02,2.630761824548244476e-02,1.649370789527893066e-02,3.574427217245101929e-02,-3.322010859847068787e-02,-5.962915718555450439e-02,-1.899291202425956726e-02,2.506086230278015137e-02,1.541098859161138535e-02,1.450253929942846298e-02,1.779840700328350067e-02,-1.166271045804023743e-02,-5.273012071847915649e-02,-3.328028693795204163e-02,-4.593456164002418518e-02,-3.308846056461334229e-02,-5.964829027652740479e-02,-3.631007298827171326e-02,3.826522827148437500e-02,-9.813030064105987549e-02
-4.012559354305267334e-02,-8.177969604730606079e-03,-2.256085909903049469e-02,-1.505281589925289154e-02,-7.974966615438461304e-02,-1.014303565025329590e-01,5.645309388637542725e-02,1.597269997000694275e-02,-8.165008574724197388e-02,-6.071675196290016174e-02,-3.305552294477820396e-03,5.016985535621643066e-02,3.526667132973670959e-02,-3.590738028287887573e-02,1.001486321911215782e-03,1.470539811998605728e-02,-5.368599295616149902e-02,1.872640848159790039e-02,-3.744502365589141846e-02,3.727668523788452148e-02,-1.036504581570625305e-01,7.698879390954971313e-02,-2.619751915335655212e-02,5.574506521224975586e-02,-5.082167312502861023e-02,9.646182507276535034e-02,1.731312647461891174e-02,2.619235776364803314e-03,9.279258549213409424e-03,2.852107211947441101e-02,5.665902048349380493e-02,1.161713302135467529e-01,3.856954276561737061e-01,1.000000000000000000e+00,1.620052382349967957e-02,1.348195970058441162e-01,7.813513278961181641e-03,3.533037751913070679e-02,-9.078891016542911530e-03,-4.957188665866851807e-02,1.322059053927659988e-02,-6.099037453532218933e-02,-3.384256362915039062e-02,-2.329320088028907776e-02,2.017189748585224152e-03,2.718221209943294525e-02,-9.683549404144287109e-03,-2.771966159343719482e-02,4.841164685785770416e-03,-4.419707506895065308e-02,2.904160134494304657e-02,-3.507286682724952698e-02,-9.152520447969436646e-03,-1.911087706685066223e-02,-3.673753887414932251e-02,-1.542336400598287582e-02,2.435113675892353058e-02,6.043509766459465027e-02,-3.626342490315437317e-02,-2.501657977700233459e-02,5.904338881373405457e-02,5.470618978142738342e-02,-6.887331604957580566e-03,4.138661548495292664e-02,-5.660109966993331909e-02,2.629481896292418242e-04,1.825056038796901703e-02,3.926878422498703003e-02,8.771869540214538574e-02,-1.280398946255445480e-02,1.866254140622913837e-03,5.747421085834503174e-02,-7.825227826833724976e-02,7.389922440052032471e-02,1.023824363946914673e-01,-4.047730192542076111e-02,-4.366013780236244202e-02,-1.112535782158374786e-02,-2.755232714116573334e-02,-1.064535081386566162e-01,1.736325211822986603e-02,-3.474580869078636169e-02,1.831082813441753387e-02,3.124530240893363953e-02,-7.589420676231384277e-02,-1.330801099538803101e-02,-2.336801588535308838e-02,-9.291585534811019897e-03,-1.444459706544876099e-01,-3.587494045495986938e-02,-3.143677487969398499e-02,-1.029486302286386490e-02,5.828238651156425476e-02,-6.129413843154907227e-02,-2.845891285687685013e-04,-4.822519049048423767e-02,6.573114544153213501e-02,4.121974110603332520e-02,-3.310186043381690979e-02,3.888649865984916687e-02,4.359624907374382019e-02,-6.069575250148773193e-02,-1.274272501468658447e-01,5.134654045104980469e-02,1.138218212872743607e-02,-5.777337029576301575e-02,3.088808991014957428e-02,-2.535266429185867310e-02,1.911604218184947968e-02,-1.246749702841043472e-02,7.125202566385269165e-02,8.303483575582504272e-02,6.389434635639190674e-02,-4.774451628327369690e-02,-1.195164211094379425e-02,-6.176542863249778748e-02
-3.707884624600410461e-02,3.837022464722394943e-03,1.140066906809806824e-01,2.074716798961162567e-02,-8.472779393196105957e-02,2.386182174086570740e-02,2.225348912179470062e-02,-8.380649238824844360e-02,2.162159886211156845e-03,4.290644079446792603e-03,8.438747376203536987e-03,-4.302249103784561157e-02,4.138717427849769592e-02,1.077164895832538605e-02,-3.043401800096035004e-02,2.491801045835018158e-02,-3.010278195142745972e-02,1.133017521351575851e-02,-8.804026991128921509e-02,-4.282069206237792969e-02,-1.153641287237405777e-02,9.454550594091415405e-02,6.672258675098419189e-02,-2.645278349518775940e-02,2.061997912824153900e-02,-2.569160796701908112e-02,-3.854321315884590149e-02,6.625700742006301880e-02,-4.564508050680160522e-02,-1.263101398944854736e-02,-4.447537474334239960e-03,3.391116112470626831e-02,6.764478236436843872e-02,1.620036736130714417e-02,1.000000000000000000e+00,3.065319955348968506e-01,2.362868934869766235e-02,-1.258671400137245655e-04,-1.234961673617362976e-02,6.349971145391464233e-02,4.249583464115858078e-03,3.270379453897476196e-02,4.848957061767578125e-02,1.226801518350839615e-02,1.669496484100818634e-02,-5.386900901794433594e-02,-1.433658064343035221e-03,-5.085438606329262257e-04,-2.810834534466266632e-02,-8.297426253557205200e-02,2.028921619057655334e-02,-3.243675827980041504e-02,2.754466794431209564e-02,1.485091820359230042e-02,1.436439715325832367e-02,-1.820070785470306873e-03,4.449683055281639099e-02,4.192521050572395325e-02,3.821112588047981262e-02,-9.466929361224174500e-03,9.354901313781738281e-02,-6.173989176750183105e-02,-9.564582258462905884e-02,-2.139862067997455597e-02,1.819444149732589722e-01,6.193107739090919495e-02,1.582834571599960327e-01,-3.821557015180587769e-02,8.432510308921337128e-03,-9.557222016155719757e-03,-2.573932707309722900e-02,-1.631781272590160370e-02,5.317459627985954285e-02,6.154275685548782349e-02,-1.064785867929458618e-01,4.253252968192100525e-02,2.761407941579818726e-02,1.123638302087783813e-01,4.939846694469451904e-02,2.052845433354377747e-02,-5.422056093811988831e-02,-2.395108342170715332e-02,8.005866780877113342e-03,9.599796496331691742e-03,-6.323820352554321289e-02,-7.876845076680183411e-03,-7.479855790734291077e-03,-3.454811871051788330e-02,-2.382232248783111572e-02,-2.155813574790954590e-02,1.757085323333740234e-02,3.214949369430541992e-02,3.182727470993995667e-02,-1.064663305878639221e-01,7.697506994009017944e-02,2.607761509716510773e-02,2.881918475031852722e-02,3.881654469296336174e-03,-4.133563488721847534e-02,1.196040958166122437e-02,1.361726969480514526e-01,2.427566237747669220e-02,-4.873011633753776550e-02,-6.863518059253692627e-02,5.199375376105308533e-02,5.009728483855724335e-04,2.043972723186016083e-02,-3.804302960634231567e-02,6.637186277657747269e-03,3.708980232477188110e-02,5.218932032585144043e-02,-5.898214504122734070e-02,-6.038141623139381409e-02,5.894936621189117432e-02,-2.529880218207836151e-02,1.129840221256017685e-02
-7.212467491626739502e-02,1.364751625806093216e-02,-4.196369275450706482e-02,-1.268148794770240784e-02,-2.280926890671253204e-02,6.051999330520629883e-02,-4.099406674504280090e-02,-3.834243118762969971e-02,-4.468717053532600403e-02,2.356712520122528076e-02,1.412063539028167725e-01,-2.585254423320293427e-02,-4.728061705827713013e-02,-1.415244420059025288e-03,1.509588956832885742e-02,3.232585638761520386e-02,-5.000556260347366333e-02,3.521441947668790817e-03,7.104917615652084351e-02,6.514322943985462189e-03,-1.087523065507411957e-03,-1.412792969495058060e-02,-7.903552800416946411e-02,1.770536229014396667e-02,-1.275296788662672043e-02,-3.977785632014274597e-02,-2.553185075521469116e-02,5.060904473066329956e-02,3.330415859818458557e-02,-6.758959591388702393e-02,-5.904822424054145813e-02,4.008795320987701416e-02,-4.328515380620956421e-02,1.348197907209396362e-01,3.065321147441864014e-01,1.000000000000000000e+00,-6.191122904419898987e-02,2.176924236118793488e-02,-7.792279869318008423e-02,-1.405026949942111969e-02,5.256704613566398621e-02,1.312791109085083008e-01,-1.987862586975097656e-02,-6.046556308865547180e-02,4.214989393949508667e-02,1.090930625796318054e-01,4.349369183182716370e-02,-1.736786961555480957e-02,1.135512907058000565e-02,5.164330452680587769e-02,-6.619036197662353516e-02,-2.779614180326461792e-02,5.295330658555030823e-02,-4.525595903396606445e-02,-1.710551977157592773e-02,-4.233907535672187805e-02,-2.001086249947547913e-02,2.713355049490928650e-02,-7.043412327766418457e-02,-1.058815121650695801e-01,8.551754988729953766e-03,1.538588781841099262e-03,6.178445741534233093e-02,8.018780499696731567e-02,5.072424188256263733e-02,2.166828373447060585e-03,-2.823399938642978668e-02,1.491052657365798950e-01,-3.860544040799140930e-02,-4.393420368432998657e-02,-7.894302904605865479e-02,-7.210030406713485718e-02,-6.675514578819274902e-02,7.326536625623703003e-02,1.055781766772270203e-01,4.856481775641441345e-02,9.383734315633773804e-02,1.032616593874990940e-03,1.105551235377788544e-02,2.917549340054392815e-03,-4.098238795995712280e-02,-4.523518681526184082e-02,-2.946136705577373505e-02,-2.993516623973846436e-02,5.153483152389526367e-02,3.742463141679763794e-02,5.499051883816719055e-02,-1.286411751061677933e-02,5.841740220785140991e-02,8.447198569774627686e-02,1.451571136713027954e-01,-2.069829963147640228e-02,-2.963102050125598907e-02,6.536362320184707642e-02,2.838191576302051544e-02,-5.375688895583152771e-03,-3.436752036213874817e-02,-1.464371662586927414e-02,8.354721218347549438e-02,-9.237672388553619385e-02,-5.218696966767311096e-02,-4.550202749669551849e-03,-7.016617804765701294e-02,-3.841401636600494385e-02,6.670565903186798096e-02,6.398188322782516479e-02,-5.853731185197830200e-02,6.721315532922744751e-02,-4.963181912899017334e-02,-1.313029080629348755e-01,-1.094877533614635468e-02,-2.875296398997306824e-02,-8.950055390596389771e-02,4.117175564169883728e-02,-4.667761921882629395e-02,1.515527546871453524e-04
6.199119985103607178e-02,-1.263550762087106705e-02,5.346527323126792908e-03,-5.033284425735473633e-02,8.585504256188869476e-03,9.273508563637733459e-03,-4.498360678553581238e-02,-3.354719653725624084e-02,-2.736427448689937592e-02,-6.676500290632247925e-02,-8.753240108489990234e-02,-7.901313900947570801e-02,-1.413758099079132080e-02,-3.852781280875205994e-02,1.593957073055207729e-03,-5.080804228782653809e-02,-2.586570009589195251e-02,-5.853718146681785583e-02,-5.804229155182838440e-02,8.363955654203891754e-03,9.208160638809204102e-02,6.500848382711410522e-02,1.768023893237113953e-02,4.468369763344526291e-03,-6.732025649398565292e-03,4.043538868427276611e-02,-5.091538280248641968e-02,7.534667383879423141e-03,5.271531641483306885e-03,1.534524094313383102e-02,1.398327294737100601e-02,-2.001311164349317551e-03,2.321529947221279144e-02,7.813495583832263947e-03,2.362881042063236237e-02,-6.191119179129600525e-02,1.000000000000000000e+00,2.942363023757934570e-01,1.246973499655723572e-01,-7.757943868637084961e-02,6.847549229860305786e-02,6.806833297014236450e-02,1.516169775277376175e-02,-1.643242686986923218e-02,2.625543856993317604e-03,-6.917454302310943604e-02,-2.742328122258186340e-02,-3.251648321747779846e-02,-5.813463404774665833e-02,-3.393842652440071106e-02,2.827722765505313873e-02,-3.312068432569503784e-02,-4.107866808772087097e-02,2.542627789080142975e-02,-3.126963227987289429e-02,4.829791560769081116e-02,4.255912825465202332e-02,-2.028105035424232483e-02,4.472761414945125580e-03,2.113149687647819519e-02,-2.751049119979143143e-03,-5.132041871547698975e-03,-4.192325472831726074e-02,-6.607633084058761597e-02,-3.782229498028755188e-02,-1.245178468525409698e-02,2.380347996950149536e-02,-2.354058623313903809e-02,-1.132361069321632385e-01,-7.737749838270246983e-04,4.180455580353736877e-02,-4.886707291007041931e-02,2.339795231819152832e-02,-5.558609496802091599e-03,-6.803320348262786865e-02,-2.654611878097057343e-02,3.197690844535827637e-02,2.809650264680385590e-02,4.514976590871810913e-02,3.508071601390838623e-02,-5.229323729872703552e-02,-1.819804310798645020e-02,5.466628447175025940e-02,3.620517253875732422e-02,-4.540448263287544250e-02,-6.949609518051147461e-02,-6.492370367050170898e-02,4.206676036119461060e-02,-1.320951560046523809e-04,3.472042828798294067e-02,-4.845593869686126709e-02,-8.409615606069564819e-02,8.964346349239349365e-02,-2.553291805088520050e-02,1.979310438036918640e-02,1.795300841331481934e-01,-4.272836819291114807e-02,-2.966207452118396759e-02,-6.865317001938819885e-03,-5.023850873112678528e-02,-1.644767075777053833e-02,-1.509717758744955063e-02,-2.373264543712139130e-02,3.090733848512172699e-02,2.587882056832313538e-02,-2.330315485596656799e-02,4.235793650150299072e-02,8.652918040752410889e-03,3.501190617680549622e-02,-3.137436509132385254e-02,1.014701724052429199e-01,4.426536709070205688e-02,-2.214946225285530090e-02,1.103181764483451843e-01,6.726316362619400024e-02,6.911194324493408203e-02
-9.502325952053070068e-02,-1.222232938744127750e-03,2.086675912141799927e-02,3.047485835850238800e-02,4.330506548285484314e-02,5.333647131919860840e-02,-3.653283044695854187e-02,6.944775581359863281e-03,-8.521480113267898560e-02,2.741451375186443329e-02,-9.469471871852874756e-02,-3.809730708599090576e-02,-5.450606718659400940e-02,5.268181860446929932e-02,-2.403457835316658020e-02,1.033120006322860718e-01,-3.204566612839698792e-02,-3.293778281658887863e-03,-5.899273976683616638e-02,-2.241060696542263031e-02,1.128145903348922729e-01,9.930443763732910156e-02,-4.327335394918918610e-03,-5.434626340866088867e-02,5.637297034263610840e-02,7.153083384037017822e-02,-6.728978455066680908e-02,1.782570965588092804e-02,-1.139180958271026611e-01,-6.454658508300781250e-02,2.098970301449298859e-02,-5.570701882243156433e-02,5.027053132653236389e-02,3.533032909035682678e-02,-1.259433047380298376e-04,2.176926657557487488e-02,2.942364811897277832e-01,1.000000000000000000e+00,1.221480816602706909e-01,4.292132705450057983e-02,3.564592683687806129e-03,1.463798433542251587e-01,1.103440485894680023e-02,2.253399416804313660e-02,3.515848144888877869e-02,-2.323610335588455200e-02,-6.017439067363739014e-02,-2.919480018317699432e-02,-1.670558191835880280e-02,-3.385475650429725647e-02,2.931342646479606628e-02,-1.873069070279598236e-02,6.854452192783355713e-02,1.065582782030105591e-02,-3.456915542483329773e-02,-8.192127197980880737e-02,1.023891381919384003e-02,2.114380523562431335e-02,-6.689038872718811035e-02,7.803193293511867523e-03,1.511494815349578857e-02,-9.270164184272289276e-03,4.860640689730644226e-02,2.360077947378158569e-02,-2.320622280240058899e-02,-1.935789547860622406e-02,2.246580086648464203e-02,2.183341979980468750e-02,7.583237439393997192e-02,-1.270456006750464439e-03,-3.054651059210300446e-02,5.936389416456222534e-02,-2.056626603007316589e-03,4.267811402678489685e-02,-3.252378478646278381e-02,1.144313961267471313e-01,2.627925574779510498e-02,8.393921889364719391e-03,2.638578973710536957e-02,2.678479067981243134e-02,-7.912580668926239014e-02,7.831164449453353882e-02,7.900854945182800293e-02,6.696011871099472046e-02,-3.983093891292810440e-03,-5.431789904832839966e-02,-9.106954187154769897e-02,-3.128592669963836670e-02,4.840429872274398804e-02,4.674612730741500854e-02,7.956156134605407715e-02,-2.739120088517665863e-02,5.355092138051986694e-02,5.657514929771423340e-02,4.207120090723037720e-02,2.644351683557033539e-02,-1.420398354530334473e-01,5.679124221205711365e-02,6.012684665620326996e-03,1.321363262832164764e-02,1.994123868644237518e-02,-8.658811450004577637e-02,3.038105741143226624e-02,-3.582321107387542725e-02,-4.425320774316787720e-02,-1.239590812474489212e-02,-1.984332688152790070e-02,8.352874219417572021e-02,5.039542913436889648e-02,-1.404585666023194790e-03,-1.649438217282295227e-02,1.200553309172391891e-02,3.185036778450012207e-02,8.438938111066818237e-02,5.270618572831153870e-02,-4.233371466398239136e-02
-1.090619564056396484e-01,-5.345141980797052383e-04,2.756642922759056091e-02,9.073299355804920197e-03,-7.572255283594131470e-02,6.315067410469055176e-02,6.084389612078666687e-02,3.912310674786567688e-02,9.947161190211772919e-03,1.971431076526641846e-03,2.533957920968532562e-02,-3.232945920899510384e-03,3.787724673748016357e-02,1.705493964254856110e-02,2.804908202961087227e-03,-3.864727169275283813e-02,-1.235051639378070831e-02,5.311430431902408600e-03,-1.373012736439704895e-02,-2.331314235925674438e-02,4.813902452588081360e-02,-1.119251549243927002e-01,-7.538679521530866623e-03,-7.083573937416076660e-02,5.602173879742622375e-02,1.938155037350952625e-03,8.550205826759338379e-02,1.220385059714317322e-01,-2.345470478758215904e-03,-6.243479996919631958e-02,9.193577617406845093e-02,2.426935546100139618e-02,5.552850663661956787e-02,-9.078806266188621521e-03,-1.234961859881877899e-02,-7.792270183563232422e-02,1.246972382068634033e-01,1.221481263637542725e-01,1.000000000000000000e+00,1.625459045171737671e-01,-3.795477375388145447e-02,-6.621299684047698975e-02,8.090396411716938019e-03,-6.572542339563369751e-02,-1.361957937479019165e-02,1.536638662219047546e-02,8.767667226493358612e-03,-3.308221697807312012e-02,-3.308978676795959473e-02,-2.706956118345260620e-02,-1.850079186260700226e-02,1.491054296493530273e-01,-5.305166915059089661e-02,-3.466767817735671997e-02,1.069300696253776550e-01,-1.491353265009820461e-03,2.990834973752498627e-02,-2.084692753851413727e-02,7.495879381895065308e-02,-8.371038734912872314e-02,9.080160525627434254e-04,-6.511366926133632660e-03,4.109360650181770325e-02,-3.741719573736190796e-02,8.131307363510131836e-02,-4.121700767427682877e-03,-1.311488728970289230e-02,7.666210643947124481e-03,8.877737820148468018e-02,-5.688522383570671082e-02,4.870596155524253845e-02,-1.455557942390441895e-01,-2.283383160829544067e-02,1.052060257643461227e-02,-2.477260492742061615e-02,-2.419283613562583923e-02,-3.383081778883934021e-02,8.166465163230895996e-02,-9.740882366895675659e-02,6.114569306373596191e-02,5.267464369535446167e-02,1.440657861530780792e-02,2.771085128188133240e-02,-4.731243848800659180e-02,5.792089179158210754e-02,1.341262608766555786e-01,1.582854613661766052e-02,1.003749389201402664e-02,9.274387359619140625e-02,4.395714029669761658e-02,6.142008304595947266e-02,-1.575840450823307037e-02,2.120853401720523834e-02,-1.188218370079994202e-01,1.769138127565383911e-01,1.243347823619842529e-01,-1.597473397850990295e-02,-4.259316995739936829e-02,-2.862929180264472961e-02,-2.624590322375297546e-02,-8.675375580787658691e-02,1.099022552371025085e-01,2.761556534096598625e-03,4.574126563966274261e-03,6.890174467116594315e-03,-1.022298708558082581e-01,-3.954857215285301208e-02,-2.532799728214740753e-02,-1.077981665730476379e-01,-5.707952752709388733e-02,5.840709805488586426e-02,1.674691773951053619e-02,5.255179107189178467e-02,-5.770421773195266724e-02,-3.405708447098731995e-02,1.671173982322216034e-02
6.913699954748153687e-02,1.771418377757072449e-02,1.937966048717498779e-02,3.772148489952087402e-02,4.196947906166315079e-03,-6.046696752309799194e-02,-6.805815733969211578e-03,2.176465839147567749e-02,4.368368908762931824e-02,3.945165779441595078e-03,-1.150874122977256775e-01,8.243192732334136963e-02,-8.559411764144897461e-02,2.885332331061363220e-02,-7.903423160314559937e-02,5.064809694886207581e-02,3.469715639948844910e-02,3.360586613416671753e-02,5.992419272661209106e-02,5.213383119553327560e-04,-1.198220439255237579e-02,1.598415076732635498e-01,-3.625342249870300293e-02,-6.956680864095687866e-02,1.503018885850906372e-01,-7.541983504779636860e-04,9.957523643970489502e-02,-7.444646954536437988e-02,-3.100618347525596619e-02,-9.303377941250801086e-03,-3.496942296624183655e-02,3.503327444195747375e-02,-2.532346546649932861e-02,-4.957196116447448730e-02,6.349951028823852539e-02,-1.405025925487279892e-02,-7.757968455553054810e-02,4.292148351669311523e-02,1.625458896160125732e-01,1.000000000000000000e+00,-1.469270735979080200e-01,1.960773617029190063e-01,-5.638713389635086060e-02,9.494475089013576508e-03,-7.587421685457229614e-02,-1.225786563009023666e-02,-1.041654869914054871e-02,-2.223701588809490204e-02,-4.726395942270755768e-03,-1.862071268260478973e-02,-2.140883915126323700e-02,2.933338284492492676e-02,-3.631274402141571045e-02,1.913745328783988953e-02,-4.917944222688674927e-02,1.512217521667480469e-01,-5.248780548572540283e-02,-1.230468079447746277e-01,1.727224513888359070e-02,-1.610301621258258820e-02,-3.522023931145668030e-02,-1.131193619221448898e-02,2.852377481758594513e-02,6.969422101974487305e-03,8.615663275122642517e-03,1.804609037935733795e-02,1.752990763634443283e-03,-1.105273608118295670e-03,3.102234192192554474e-02,7.250912487506866455e-02,-1.437537819147109985e-01,7.596725970506668091e-02,-1.371731236577033997e-02,8.063197880983352661e-02,-3.187166154384613037e-02,-1.390764117240905762e-01,-7.998847216367721558e-02,5.182369798421859741e-02,-1.378514617681503296e-01,-6.348259001970291138e-02,1.718716137111186981e-02,-3.886687010526657104e-02,5.745798116549849510e-04,2.096392400562763214e-02,-7.643463462591171265e-02,-1.593137532472610474e-02,1.231373101472854614e-01,1.095461696386337280e-01,-4.478261619806289673e-02,1.330405753105878830e-02,2.595770545303821564e-02,3.242494910955429077e-02,-9.977394342422485352e-02,-4.955653846263885498e-02,-2.197435870766639709e-02,7.897163741290569305e-03,3.373326733708381653e-02,2.370638400316238403e-02,9.460371732711791992e-02,-1.041013468056917191e-02,7.688125222921371460e-02,1.129320859909057617e-01,-1.317191272974014282e-01,-1.671979762613773346e-02,-2.300622127950191498e-02,7.228286564350128174e-02,-6.208840757608413696e-02,-3.669068962335586548e-02,-1.404476612806320190e-01,9.690915793180465698e-02,-7.872761040925979614e-02,-3.515071049332618713e-02,6.298866868019104004e-02,-3.732803976163268089e-03,-3.219416737556457520e-02,1.058565080165863037e-01
-3.457836806774139404e-02,-3.665719996206462383e-04,2.948455885052680969e-02,2.650515921413898468e-02,4.936307668685913086e-02,6.223527342081069946e-02,4.099068045616149902e-02,-9.605064056813716888e-03,-4.802109673619270325e-02,1.698751188814640045e-02,1.032521133311092854e-03,4.002290591597557068e-02,1.158372461795806885e-01,7.166676968336105347e-02,7.748284935951232910e-02,2.941303187981247902e-03,-4.375937581062316895e-02,-2.309333160519599915e-02,-1.585058271884918213e-01,-4.353231564164161682e-02,9.789944440126419067e-02,1.885095238685607910e-02,-8.999859914183616638e-03,3.124845400452613831e-02,6.305792182683944702e-02,5.077517032623291016e-02,-3.435273468494415283e-02,5.318259354680776596e-03,6.993092596530914307e-02,4.337069764733314514e-02,1.017856039106845856e-02,2.907205000519752502e-02,4.756387323141098022e-02,1.322056539356708527e-02,4.249480552971363068e-03,5.256709456443786621e-02,6.847548484802246094e-02,3.564676037058234215e-03,-3.795479610562324524e-02,-1.469271183013916016e-01,1.000000000000000000e+00,2.690671086311340332e-01,-9.929914958775043488e-03,-2.456204406917095184e-02,-1.278221700340509415e-02,-5.568602308630943298e-02,-4.788696020841598511e-02,-6.788875907659530640e-02,1.424412429332733154e-02,3.020347794517874718e-03,5.982371792197227478e-02,1.431955955922603607e-02,-1.261159870773553848e-02,-7.877872884273529053e-02,8.677185326814651489e-02,2.101153880357742310e-02,-4.125045612454414368e-02,-2.888480573892593384e-02,7.146649062633514404e-02,8.097426034510135651e-03,-8.237120509147644043e-02,-2.236178703606128693e-02,3.032169479411095381e-04,-3.638457506895065308e-02,-2.600751584395766258e-03,4.656083509325981140e-02,-9.328320622444152832e-02,4.018196463584899902e-02,1.117719709873199463e-01,-1.177988201379776001e-01,-1.362969577312469482e-01,1.111266538500785828e-01,2.515028603374958038e-02,2.015862613916397095e-02,9.713461040519177914e-04,-1.336018647998571396e-02,4.054546356201171875e-03,3.440985083580017090e-02,-1.491182669997215271e-02,9.035380184650421143e-02,-6.795971095561981201e-02,6.769704818725585938e-02,6.179383024573326111e-02,6.966348737478256226e-02,-3.485722094774246216e-02,-9.315935894846916199e-03,6.105568632483482361e-02,1.301327794790267944e-01,7.467392832040786743e-02,7.395417988300323486e-02,-7.019958645105361938e-02,-6.526825577020645142e-02,-2.426820248365402222e-02,2.705782093107700348e-02,-2.358488924801349640e-02,3.250541910529136658e-02,-8.835836499929428101e-02,-9.258747845888137817e-02,2.665719762444496155e-02,9.473791345953941345e-03,6.173985451459884644e-02,-4.966254904866218567e-02,8.050778880715370178e-03,-3.293709084391593933e-02,-8.319548517465591431e-02,2.870755456387996674e-02,-9.378204494714736938e-02,2.598872780799865723e-02,4.483111575245857239e-02,5.478159990161657333e-03,6.747956573963165283e-02,-6.980173289775848389e-02,1.112910211086273193e-01,6.498481333255767822e-02,-2.317859418690204620e-02,-5.550732091069221497e-02
6.824935972690582275e-02,-4.581801593303680420e-02,4.273168742656707764e-02,2.622957713901996613e-02,3.937475848942995071e-03,-2.589271217584609985e-02,8.567328006029129028e-02,-3.739134175702929497e-03,2.090858854353427887e-02,-1.375634409487247467e-02,1.036375239491462708e-01,-6.456721574068069458e-02,4.302038624882698059e-02,-2.585716918110847473e-02,-8.120696246623992920e-02,-5.943818390369415283e-02,-3.848285600543022156e-02,-9.953614324331283569e-03,-9.490714222192764282e-02,-8.598413318395614624e-03,9.001433849334716797e-02,5.352131277322769165e-02,-2.186126820743083954e-02,9.092357009649276733e-02,-3.760021552443504333e-02,-7.905714958906173706e-02,-3.250796720385551453e-02,-6.445273756980895996e-02,-3.034753538668155670e-02,2.748780697584152222e-02,-4.395543411374092102e-02,4.583321511745452881e-02,7.688419520854949951e-02,-6.099035218358039856e-02,3.270376101136207581e-02,1.312791258096694946e-01,6.806834787130355835e-02,1.463798433542251587e-01,-6.621301919221878052e-02,1.960773020982742310e-01,2.690670788288116455e-01,1.000000000000000000e+00,-3.519776836037635803e-02,2.263275906443595886e-02,-2.329902164638042450e-02,-9.388457052409648895e-03,4.249744862318038940e-02,4.377896338701248169e-02,-2.685698866844177246e-02,-2.036040835082530975e-02,7.160189002752304077e-02,1.884664967656135559e-02,-1.497666002251207829e-03,1.537631824612617493e-02,-3.523964062333106995e-02,-4.207661002874374390e-02,9.338303655385971069e-02,-1.646670140326023102e-02,5.432425066828727722e-02,-9.070415981113910675e-03,-6.769283860921859741e-02,1.045208424329757690e-02,3.725447505712509155e-02,4.963317885994911194e-02,-5.822733789682388306e-02,-5.936272442340850830e-02,-2.032363601028919220e-02,-8.074644953012466431e-02,-1.380952447652816772e-01,7.398480921983718872e-02,6.734691560268402100e-02,-6.244501844048500061e-02,8.390891551971435547e-02,2.827183809131383896e-03,7.230623066425323486e-02,-5.042460933327674866e-02,-2.801166474819183350e-02,-8.084359019994735718e-02,4.606794565916061401e-02,-2.028787694871425629e-02,-7.894446700811386108e-02,2.913372591137886047e-02,4.812008142471313477e-02,4.511489719152450562e-02,5.761411786079406738e-02,7.191602885723114014e-02,9.748470783233642578e-02,-7.725510746240615845e-02,-5.827748030424118042e-02,8.707473054528236389e-03,4.037344828248023987e-02,-1.150180865079164505e-02,8.872172795236110687e-03,-6.050995085388422012e-03,1.212589815258979797e-02,2.048053778707981110e-02,8.121749758720397949e-02,2.388562448322772980e-02,-1.595183163881301880e-01,-4.099010676145553589e-02,-7.442416250705718994e-02,3.467147797346115112e-02,7.637811941094696522e-04,2.734850533306598663e-02,-5.551170557737350464e-03,-3.355339867994189262e-03,1.752378419041633606e-02,1.059359982609748840e-01,-8.974412828683853149e-02,6.844682246446609497e-02,3.556722775101661682e-02,4.824615642428398132e-02,-1.544801145792007446e-02,7.248634472489356995e-03,1.003304794430732727e-01,6.471636891365051270e-02
3.446313366293907166e-02,1.417694520205259323e-02,2.056227810680866241e-02,-4.879741743206977844e-02,-1.642109826207160950e-02,-1.105755101889371872e-02,-5.195094645023345947e-02,-1.383411325514316559e-02,-3.227380290627479553e-02,1.534271868877112865e-03,-4.456668347120285034e-02,-3.292053192853927612e-02,7.807048037648200989e-03,3.480257838964462280e-02,-2.329253591597080231e-03,2.707791980355978012e-03,-3.222529590129852295e-02,5.217664316296577454e-02,-5.081809312105178833e-02,-2.294186502695083618e-02,-4.093587026000022888e-02,1.303276605904102325e-02,-1.059678383171558380e-02,3.365514567121863365e-03,5.739825312048196793e-03,3.870966611430048943e-03,-2.229860983788967133e-02,4.344381764531135559e-02,2.498742938041687012e-02,5.927769467234611511e-02,2.929271198809146881e-02,1.430505048483610153e-02,1.638144254684448242e-02,-3.384258970618247986e-02,4.848957434296607971e-02,-1.987857185304164886e-02,1.516161765903234482e-02,1.103441882878541946e-02,8.090469054877758026e-03,-5.638714507222175598e-02,-9.929977357387542725e-03,-3.519778698682785034e-02,1.000000000000000000e+00,2.777161598205566406e-01,1.716515868902206421e-01,7.228272408246994019e-02,7.905715703964233398e-02,1.501203179359436035e-01,3.412279114127159119e-02,1.031102705746889114e-02,5.153969675302505493e-02,-2.573209255933761597e-02,-2.731706015765666962e-02,-3.780075162649154663e-02,3.937037661671638489e-02,1.051643025130033493e-02,-2.003170363605022430e-02,-4.088959842920303345e-02,-1.949425414204597473e-02,-6.906458735466003418e-02,1.599200069904327393e-02,-5.619036778807640076e-02,-2.479073591530323029e-02,-5.149132385849952698e-02,-2.925096452236175537e-02,-1.069040037691593170e-02,3.643411397933959961e-02,4.116751998662948608e-02,1.406200323253870010e-02,-7.643911242485046387e-02,-2.904676832258701324e-02,3.168956562876701355e-02,2.900364622473716736e-02,5.669414624571800232e-02,-3.222023695707321167e-02,8.702771365642547607e-02,1.696759648621082306e-02,-4.708559717983007431e-03,-3.186741843819618225e-02,1.409007608890533447e-02,-2.099871821701526642e-02,-4.806556180119514465e-02,-4.108961299061775208e-02,-2.640424296259880066e-02,-1.502750627696514130e-02,5.278098210692405701e-02,-3.640044480562210083e-02,-2.225498855113983154e-02,-1.955562084913253784e-02,8.463051170110702515e-02,2.458598464727401733e-02,-1.544964592903852463e-02,-1.280904095619916916e-02,1.000607386231422424e-03,9.270022623240947723e-03,3.703769296407699585e-02,1.037333533167839050e-02,-3.689221665263175964e-02,2.560597844421863556e-02,-1.763767004013061523e-02,-4.411967843770980835e-02,-1.129525899887084961e-02,-4.408219084143638611e-02,-1.847377046942710876e-02,3.055290877819061279e-02,-1.351106038782745600e-04,-1.384808588773012161e-02,5.243075639009475708e-02,-2.186242677271366119e-02,3.067732788622379303e-02,1.075171283446252346e-03,-1.387482043355703354e-02,3.335843980312347412e-02,6.677426397800445557e-02,1.012700721621513367e-01,-3.012014925479888916e-02
1.136967316269874573e-01,-4.271348565816879272e-02,-6.910931318998336792e-03,-2.321857959032058716e-02,3.685761615633964539e-02,4.371982067823410034e-02,1.550742611289024353e-02,-1.488510984927415848e-02,3.447780385613441467e-02,-1.193836703896522522e-02,2.716983668506145477e-02,-2.601581439375877380e-02,-2.613291703164577484e-02,2.764723263680934906e-02,-2.902597188949584961e-02,-2.747082710266113281e-02,-6.959673762321472168e-02,-1.595689728856086731e-02,8.862869814038276672e-03,-9.656148403882980347e-02,-5.011091008782386780e-02,3.514086082577705383e-02,4.564762115478515625e-02,2.023264206945896149e-02,-5.383458361029624939e-02,6.504336372017860413e-03,3.497542440891265869e-02,5.018306151032447815e-02,5.544966459274291992e-02,4.809134081006050110e-02,-1.870315987616777420e-03,1.086579915136098862e-02,4.096987098455429077e-02,-2.329317666590213776e-02,1.226803287863731384e-02,-6.046563759446144104e-02,-1.643237285315990448e-02,2.253392152488231659e-02,-6.572543829679489136e-02,9.494549594819545746e-03,-2.456203289330005646e-02,2.263281308114528656e-02,2.777161598205566406e-01,1.000000000000000000e+00,6.789756566286087036e-02,8.360823243856430054e-02,4.864932969212532043e-02,1.070947721600532532e-01,6.653571873903274536e-02,1.025554817169904709e-02,3.759900107979774475e-02,1.456075347959995270e-02,6.081554666161537170e-02,-7.098530232906341553e-02,2.986671961843967438e-02,3.035704791545867920e-02,1.570555567741394043e-02,-2.504872716963291168e-02,-5.203958228230476379e-02,-5.604816228151321411e-02,-6.596472114324569702e-02,-4.256164655089378357e-02,9.208045899868011475e-03,1.829393021762371063e-02,-4.276332911103963852e-03,-3.865472972393035889e-02,-1.860275864601135254e-03,1.982729323208332062e-02,-1.153817623853683472e-01,-4.793625324964523315e-02,-1.185485348105430603e-01,7.225660141557455063e-03,5.147443339228630066e-02,1.020221337676048279e-01,-1.526773255318403244e-02,-8.707500994205474854e-03,9.819950908422470093e-03,-5.095994099974632263e-02,3.451722115278244019e-02,3.659057989716529846e-02,-2.443397650495171547e-03,-1.193194370716810226e-02,4.098978638648986816e-02,-7.206232100725173950e-02,4.368126019835472107e-02,-1.890415884554386139e-02,-5.927784368395805359e-02,8.113594376482069492e-04,1.316042337566614151e-02,1.153771672397851944e-02,-2.215737476944923401e-02,3.161970525979995728e-02,-1.157834101468324661e-02,-2.488008700311183929e-02,-1.349455397576093674e-02,-3.628279641270637512e-02,-5.502724274992942810e-02,-7.639038562774658203e-02,5.759340524673461914e-02,2.864272566512227058e-03,4.137586057186126709e-02,5.438730493187904358e-02,-3.488553315401077271e-02,1.318507269024848938e-02,7.761866785585880280e-03,7.420087233185768127e-03,6.967404391616582870e-03,-2.158614248037338257e-02,-2.375759929418563843e-02,1.275253016501665115e-02,-2.573770284652709961e-02,6.232615560293197632e-02,4.178850725293159485e-02,3.702572779729962349e-03,1.276810280978679657e-02,-1.104123424738645554e-02
-1.322908676229417324e-03,-4.098591208457946777e-02,8.392785489559173584e-02,-3.574533760547637939e-02,9.025419130921363831e-03,4.755948856472969055e-02,1.056572720408439636e-01,-3.461587801575660706e-02,2.649482106789946556e-03,-2.756878361105918884e-02,-1.318195648491382599e-02,1.921290095197036862e-04,5.970105528831481934e-03,-5.317816045135259628e-03,-8.422371745109558105e-02,-5.790766794234514236e-03,4.563150182366371155e-02,6.021034345030784607e-02,-1.530319731682538986e-02,2.235306985676288605e-02,3.061128966510295868e-02,-3.883621841669082642e-02,-5.573627725243568420e-02,-3.139678761363029480e-02,-2.317388169467449188e-02,-1.887087337672710419e-02,-1.701494120061397552e-02,-8.632633835077285767e-03,-1.676820032298564911e-02,4.695075750350952148e-02,2.182813733816146851e-02,-3.828530386090278625e-02,-1.283363625407218933e-02,2.017272636294364929e-03,1.669486612081527710e-02,4.214984923601150513e-02,2.625549910590052605e-03,3.515850380063056946e-02,-1.361954491585493088e-02,-7.587433606386184692e-02,-1.278207078576087952e-02,-2.329891920089721680e-02,1.716515868902206421e-01,6.789784878492355347e-02,1.000000000000000000e+00,2.146510034799575806e-01,1.102664843201637268e-01,5.672481656074523926e-02,9.453783929347991943e-02,4.909446835517883301e-02,3.804381936788558960e-02,-2.686770819127559662e-02,-6.970675289630889893e-02,-5.977853760123252869e-02,1.917879842221736908e-02,6.117102876305580139e-02,-3.226188942790031433e-02,-4.547506570816040039e-02,-4.009470716118812561e-02,-7.897782139480113983e-03,-2.803395502269268036e-02,3.027995303273200989e-02,4.494324326515197754e-03,3.612044826149940491e-02,-2.715824637562036514e-03,-5.268672108650207520e-02,8.905977755784988403e-02,-2.129940316081047058e-02,3.819428384304046631e-02,-4.049525782465934753e-02,5.692381039261817932e-02,-4.133217409253120422e-02,-2.692517451941967010e-02,1.105539686977863312e-02,9.559944272041320801e-02,-8.777918666601181030e-02,-7.583950459957122803e-02,-3.654880449175834656e-02,-3.202399984002113342e-02,-1.414411421865224838e-02,2.437829226255416870e-02,7.288897037506103516e-02,-5.133217200636863708e-02,-5.397137254476547241e-02,-1.911428058519959450e-03,2.825689502060413361e-02,-2.507840655744075775e-02,-2.506572753190994263e-02,-8.537238091230392456e-02,-5.519300699234008789e-02,-9.203969687223434448e-02,1.509204413741827011e-02,-5.760333687067031860e-02,3.596766386181116104e-03,2.083706669509410858e-03,-5.214907694607973099e-03,-3.075974993407726288e-03,2.934317849576473236e-02,-3.729840740561485291e-02,1.022463813424110413e-01,-4.746379330754280090e-03,4.997229203581809998e-02,8.504129946231842041e-03,-1.227914541959762573e-02,8.392159827053546906e-03,1.487578358501195908e-02,2.708524465560913086e-02,-4.565271735191345215e-02,-5.559603869915008545e-02,-3.071749396622180939e-02,-5.736361071467399597e-02,-9.779205918312072754e-02,6.641382724046707153e-02,5.667475610971450806e-02,-3.600437194108963013e-02,3.151246160268783569e-02
1.275946851819753647e-02,2.092602476477622986e-02,-1.311586145311594009e-02,-1.280721183866262436e-02,-1.699900999665260315e-02,-8.330026641488075256e-03,-1.416400074958801270e-02,-2.766979113221168518e-02,1.092344243079423904e-02,-5.764488596469163895e-03,-1.168252062052488327e-02,-4.174652043730020523e-03,2.155658416450023651e-02,-6.279335357248783112e-03,-1.878969371318817139e-02,-3.385073971003293991e-03,-6.494030356407165527e-03,6.655668467283248901e-02,-1.717581599950790405e-02,9.452450089156627655e-03,9.640208445489406586e-03,4.661033675074577332e-02,-8.609826862812042236e-02,-2.628005854785442352e-02,-6.280411500483751297e-03,-1.240398455411195755e-02,-5.889957305043935776e-03,-5.432715266942977905e-02,-2.761280350387096405e-02,9.400193579494953156e-03,3.467104583978652954e-02,-9.288842789828777313e-03,1.224324945360422134e-02,2.718208543956279755e-02,-5.386890098452568054e-02,1.090929284691810608e-01,-6.917452812194824219e-02,-2.323609590530395508e-02,1.536624971777200699e-02,-1.225769147276878357e-02,-5.568597093224525452e-02,-9.388593025505542755e-03,7.228274643421173096e-02,8.360795676708221436e-02,2.146510183811187744e-01,1.000000000000000000e+00,1.000819802284240723e-01,5.347795784473419189e-02,1.295451670885086060e-01,1.508836597204208374e-01,4.162561614066362381e-03,5.393236130475997925e-02,-1.005671918392181396e-02,1.708929426968097687e-02,2.182120829820632935e-02,3.007913241162896156e-03,-4.691341519355773926e-02,-5.859022215008735657e-02,1.934827305376529694e-02,5.450982227921485901e-02,-3.471524268388748169e-02,6.043465808033943176e-02,-1.912572979927062988e-02,4.765867441892623901e-02,1.480970066040754318e-02,-2.534149214625358582e-02,1.271562534384429455e-03,1.209907466545701027e-03,2.891725301742553711e-02,-3.504881262779235840e-02,-1.121959090232849121e-02,2.943346276879310608e-02,6.723614037036895752e-02,5.062641948461532593e-02,-2.963563241064548492e-02,-5.244845151901245117e-02,-8.760107308626174927e-02,1.383556332439184189e-02,-2.431947365403175354e-02,3.339575976133346558e-02,-5.465219262987375259e-03,4.444589093327522278e-02,-2.703129872679710388e-02,-4.529479146003723145e-02,-5.105765163898468018e-02,-1.610577665269374847e-02,2.957990020513534546e-02,7.199642807245254517e-02,2.740373648703098297e-02,-7.326254993677139282e-02,-4.139925818890333176e-03,-5.763060972094535828e-02,8.038476109504699707e-03,1.951688714325428009e-02,6.827519275248050690e-03,-5.635544657707214355e-02,5.642037373036146164e-03,1.372316945344209671e-02,-6.747620552778244019e-02,4.664970561861991882e-02,-6.349117308855056763e-02,-1.143952272832393646e-02,4.880138486623764038e-02,-1.187114883214235306e-02,3.040825575590133667e-02,1.810965826734900475e-03,-3.464913368225097656e-02,2.943092025816440582e-02,-4.954561591148376465e-02,-1.993725635111331940e-02,7.982459850609302521e-03,5.211775749921798706e-02,2.313444390892982483e-02,5.202162638306617737e-02,-5.274014174938201904e-02,4.883141815662384033e-02
-3.121980233117938042e-03,-4.627891629934310913e-02,2.389205247163772583e-02,1.085007563233375549e-02,1.605794765055179596e-02,7.678797841072082520e-02,-4.270925372838973999e-02,-7.957226783037185669e-02,-3.413577564060688019e-03,8.421867154538631439e-03,-2.345203608274459839e-02,-1.842525415122509003e-02,2.958004735410213470e-02,-5.441966280341148376e-02,1.108510792255401611e-02,-1.434475742280483246e-02,4.503083974123001099e-02,-2.686541061848402023e-03,-2.411037310957908630e-02,-2.666831947863101959e-02,1.923694647848606110e-02,-1.947278715670108795e-02,4.674216266721487045e-03,-1.105198264122009277e-02,3.474386781454086304e-02,-2.029321156442165375e-02,-8.729124441742897034e-03,1.084445416927337646e-02,-1.597837731242179871e-02,-2.490030229091644287e-02,4.146869108080863953e-02,2.693827636539936066e-02,-2.997939102351665497e-02,-9.683488868176937103e-03,-1.433670520782470703e-03,4.349365457892417908e-02,-2.742324210703372955e-02,-6.017441302537918091e-02,8.767724968492984772e-03,-1.041656360030174255e-02,-4.788693785667419434e-02,4.249757155776023865e-02,7.905714958906173706e-02,4.864925518631935120e-02,1.102665141224861145e-01,1.000818312168121338e-01,1.000000000000000000e+00,2.436060160398483276e-01,1.830482296645641327e-02,3.280619159340858459e-02,5.479105748236179352e-04,-2.734209224581718445e-02,3.798135370016098022e-02,1.496024429798126221e-03,5.827672407031059265e-02,3.986259177327156067e-02,-5.498482659459114075e-02,9.741706773638725281e-03,5.976451188325881958e-02,-6.460157036781311035e-02,-3.474133089184761047e-02,2.225087210536003113e-02,-4.611148685216903687e-02,-2.362674847245216370e-02,2.443942055106163025e-02,-6.808907538652420044e-02,4.480037314351648092e-04,-2.993827499449253082e-02,-3.929264843463897705e-03,-9.281762689352035522e-02,-9.953573346138000488e-02,5.377124994993209839e-03,2.611406147480010986e-02,1.680616661906242371e-02,-2.171886526048183441e-02,-2.360967546701431274e-02,-2.333232201635837555e-02,1.967529952526092529e-02,8.275999128818511963e-02,4.463093820959329605e-03,3.527256473898887634e-02,3.621591255068778992e-03,-2.114150300621986389e-02,7.450952380895614624e-02,9.346888691652566195e-05,-9.613712318241596222e-03,-6.513860821723937988e-02,-6.846852600574493408e-02,4.269124940037727356e-03,-1.429784111678600311e-02,-1.376514136791229248e-02,3.563468530774116516e-02,4.978711903095245361e-02,-5.024581030011177063e-02,-4.285411909222602844e-02,-2.489067427814006805e-02,-3.009211644530296326e-02,-5.730493739247322083e-02,3.030689992010593414e-02,-4.212776198983192444e-02,-4.258581250905990601e-02,2.059794962406158447e-02,5.747849866747856140e-02,1.762998849153518677e-02,-1.250193547457456589e-02,1.871749991551041603e-03,-8.323314599692821503e-03,2.674773521721363068e-02,-1.544605195522308350e-02,9.043291956186294556e-02,8.315432071685791016e-02,4.038125649094581604e-02,6.340040266513824463e-02,1.165950112044811249e-02,2.780867181718349457e-02,-7.301030308008193970e-02
2.109973691403865814e-02,-2.742055803537368774e-02,-1.385844405740499496e-02,1.214689202606678009e-02,1.031263172626495361e-02,1.296902913600206375e-02,-5.376635119318962097e-02,-2.441747486591339111e-02,-1.104876585304737091e-02,-8.151957392692565918e-02,-5.021640658378601074e-02,5.795200821012258530e-03,-6.392927467823028564e-02,-1.663072220981121063e-02,9.278685785830020905e-03,-2.104146871715784073e-03,9.533189237117767334e-03,2.817691862583160400e-02,-3.494091704487800598e-02,4.989518318325281143e-03,5.550168082118034363e-02,4.713441710919141769e-03,-2.474687062203884125e-02,4.974989220499992371e-03,1.535547897219657898e-02,4.487262107431888580e-03,3.733450174331665039e-02,7.331011444330215454e-02,4.012788459658622742e-02,8.388989605009555817e-03,1.224707067012786865e-02,-2.198739163577556610e-02,-1.062180381268262863e-02,-2.771970257163047791e-02,-5.085630109533667564e-04,-1.736775971949100494e-02,-3.251662105321884155e-02,-2.919475920498371124e-02,-3.308207169175148010e-02,-2.223696745932102203e-02,-6.788862496614456177e-02,4.377885535359382629e-02,1.501203924417495728e-01,1.070949137210845947e-01,5.672456324100494385e-02,5.347779020667076111e-02,2.436061799526214600e-01,1.000000000000000000e+00,3.322705253958702087e-02,2.660020813345909119e-02,-3.256979165598750114e-03,1.683500222861766815e-02,6.468756496906280518e-02,6.386315077543258667e-02,3.959163650870323181e-02,3.860086202621459961e-02,-3.555674478411674500e-02,-2.177800238132476807e-02,4.646570421755313873e-03,-1.549009699374437332e-02,4.869346041232347488e-03,-3.371464321389794350e-03,3.682656679302453995e-03,-3.297999873757362366e-02,-1.405475940555334091e-02,-1.002179272472858429e-02,-5.436835344880819321e-03,-1.706536300480365753e-02,-1.031308993697166443e-02,-4.356830194592475891e-02,-3.555490076541900635e-02,3.063627332448959351e-02,-6.603686511516571045e-02,2.988570742309093475e-02,4.478203877806663513e-02,-8.295593410730361938e-02,-6.031893659383058548e-03,6.123682111501693726e-02,-3.527711145579814911e-03,-2.640600688755512238e-02,-1.029746048152446747e-02,-4.069030284881591797e-02,-2.361468970775604248e-03,2.707613632082939148e-02,-8.091153576970100403e-03,1.279475819319486618e-02,-1.400914043188095093e-02,-4.435469582676887512e-02,-6.859751790761947632e-02,2.348720841109752655e-02,5.794503912329673767e-02,4.655671492218971252e-02,-5.981677398085594177e-02,2.086706645786762238e-02,-3.454181831330060959e-03,-8.385217189788818359e-02,-3.304082900285720825e-02,-4.824590682983398438e-02,-1.591303572058677673e-02,-5.376493558287620544e-02,-1.719173043966293335e-02,-1.025353837758302689e-02,2.819593064486980438e-02,1.720268838107585907e-02,1.623177231522276998e-04,8.799107163213193417e-04,-2.032797038555145264e-02,4.841907322406768799e-02,1.592456921935081482e-02,9.582309424877166748e-02,8.718811720609664917e-02,7.768584787845611572e-02,-3.213977068662643433e-02,2.118904516100883484e-02,1.334631443023681641e-02,-1.180109456181526184e-01
3.044379316270351410e-02,-1.777599938213825226e-02,1.489597558975219727e-02,-6.205389276146888733e-03,-5.391489341855049133e-02,4.266056697815656662e-03,-3.006582520902156830e-02,-6.125651672482490540e-02,-3.493613749742507935e-02,4.602929204702377319e-02,6.570403929799795151e-03,-1.761623844504356384e-02,2.355041354894638062e-02,-7.257014513015747070e-03,5.494280718266963959e-03,1.963390037417411804e-02,-1.213862281292676926e-02,-4.169278591871261597e-02,-1.632704585790634155e-02,1.377725228667259216e-02,3.025782294571399689e-02,-2.598363719880580902e-02,-2.108338288962841034e-02,-4.128618910908699036e-02,4.705824330449104309e-02,-4.684579558670520782e-03,-2.542589791119098663e-02,2.547368407249450684e-02,4.659949336200952530e-03,-2.495976537466049194e-02,6.108635105192661285e-03,-7.925350219011306763e-03,-2.983774989843368530e-02,4.841295070946216583e-03,-2.810854092240333557e-02,1.135520730167627335e-02,-5.813462659716606140e-02,-1.670553907752037048e-02,-3.308978676795959473e-02,-4.726390354335308075e-03,1.424399390816688538e-02,-2.685684897005558014e-02,3.412313759326934814e-02,6.653553992509841919e-02,9.453797340393066406e-02,1.295450925827026367e-01,1.830452121794223785e-02,3.322721272706985474e-02,1.000000000000000000e+00,1.424873918294906616e-01,1.157457008957862854e-01,8.019023388624191284e-02,8.601555973291397095e-02,-2.240029536187648773e-02,2.202941291034221649e-02,-4.108294472098350525e-02,-2.384416013956069946e-02,-7.332894206047058105e-02,2.781856432557106018e-02,7.729919999837875366e-02,1.053672004491090775e-02,-3.507544472813606262e-02,-5.025079473853111267e-03,2.351628243923187256e-02,-5.233151093125343323e-02,-3.862956538796424866e-02,1.347273774445056915e-02,-2.433542720973491669e-02,-9.886490181088447571e-03,-9.191131591796875000e-02,2.781467698514461517e-02,-1.009803116321563721e-01,-5.361222196370363235e-03,2.175945974886417389e-02,-6.035401602275669575e-04,-8.290875703096389771e-03,-3.015583008527755737e-02,-3.805543063208460808e-03,-3.357153013348579407e-02,-3.122758492827415466e-02,-4.796547815203666687e-03,-1.112134195864200592e-02,4.935618489980697632e-02,1.791133545339107513e-02,-6.481403857469558716e-02,-2.407033368945121765e-02,8.055296540260314941e-02,1.886286213994026184e-02,-7.044178992509841919e-02,-1.763021759688854218e-02,-1.747134327888488770e-02,3.354629036039113998e-03,-3.958315774798393250e-02,-1.145275495946407318e-02,1.167789194732904434e-02,-2.212795987725257874e-02,-4.271233920007944107e-03,-2.256384119391441345e-03,-2.846915833652019501e-02,5.132559686899185181e-03,2.823619917035102844e-02,-1.083896961063146591e-02,-2.005453780293464661e-02,-7.707390002906322479e-03,-2.310174144804477692e-02,-1.779978512786328793e-03,5.071811005473136902e-02,1.285257632844150066e-03,2.458725310862064362e-02,-3.196480125188827515e-02,-3.867981582880020142e-02,1.783571764826774597e-02,8.553364872932434082e-02,2.736763469874858856e-02,-9.040728211402893066e-03,6.907258182764053345e-02
6.989803630858659744e-03,1.035796850919723511e-01,3.111875057220458984e-02,-1.586248539388179779e-02,-3.910101205110549927e-02,-1.043571624904870987e-02,-2.382850507274270058e-03,-7.210331410169601440e-02,4.826055373996496201e-03,4.332473874092102051e-02,3.266557678580284119e-02,-4.170718416571617126e-02,-7.546863052994012833e-03,9.922555647790431976e-03,-2.156204544007778168e-03,-2.198767848312854767e-02,1.719859428703784943e-02,-2.360901236534118652e-02,-4.683213774114847183e-03,-2.805848419666290283e-02,6.253451108932495117e-02,4.093690216541290283e-02,-2.431995421648025513e-02,2.942493371665477753e-02,3.431154415011405945e-02,-6.743372976779937744e-02,-1.479763723909854889e-02,-5.729939043521881104e-02,-4.549121856689453125e-02,-1.107927225530147552e-02,2.468008734285831451e-02,4.803709685802459717e-02,1.310087926685810089e-02,-4.419738054275512695e-02,-8.297417312860488892e-02,5.164330825209617615e-02,-3.393839299678802490e-02,-3.385465592145919800e-02,-2.706962265074253082e-02,-1.862085424363613129e-02,3.020365256816148758e-03,-2.036033384501934052e-02,1.031083334237337112e-02,1.025573164224624634e-02,4.909432306885719299e-02,1.508837342262268066e-01,3.280606120824813843e-02,2.660013176500797272e-02,1.424875259399414062e-01,1.000000000000000000e+00,8.366630226373672485e-02,2.280623912811279297e-01,2.242079749703407288e-02,-1.851050183176994324e-02,-1.443858724087476730e-02,-4.568289965391159058e-03,-6.661774590611457825e-03,-3.972610831260681152e-02,1.354067679494619370e-02,9.755293279886245728e-02,-2.650975435972213745e-02,-1.926963450387120247e-03,-1.272605545818805695e-02,-2.730341814458370209e-02,5.579108372330665588e-02,1.322051160968840122e-03,-6.339418888092041016e-02,-4.952197149395942688e-02,-9.203703701496124268e-02,-3.066202858462929726e-03,4.693570546805858612e-03,1.129863876849412918e-02,-2.550957165658473969e-02,-3.594592679291963577e-03,-1.461350545287132263e-02,-1.337877847254276276e-02,4.002795740962028503e-02,-8.665012568235397339e-02,-2.080986648797988892e-02,-2.301655150949954987e-02,-2.636577002704143524e-02,-5.105815455317497253e-02,-2.637697756290435791e-02,2.025596611201763153e-02,-8.071134239435195923e-02,-8.546425029635429382e-03,-2.117390558123588562e-02,3.637595102190971375e-02,3.036993090063333511e-03,4.973150789737701416e-03,3.636422008275985718e-02,-7.653976976871490479e-02,1.625841669738292694e-02,-2.197342924773693085e-02,-1.592150330543518066e-02,-9.223408997058868408e-03,-1.026136707514524460e-02,2.486554440110921860e-03,-3.154157474637031555e-02,1.981664076447486877e-02,1.636013016104698181e-02,-3.700213134288787842e-02,-8.418353274464607239e-03,-3.012112341821193695e-02,6.292827427387237549e-02,-3.004878945648670197e-02,-5.377190187573432922e-02,-1.035316381603479385e-02,-2.636170946061611176e-03,-2.241789549589157104e-02,-2.893778122961521149e-02,6.110232323408126831e-03,4.604736343026161194e-02,2.292464859783649445e-02,7.104142569005489349e-03,3.814273281022906303e-03
-2.810719981789588928e-02,-7.765509653836488724e-03,-2.925862371921539307e-02,-2.521293610334396362e-02,-8.123157918453216553e-02,-5.141810700297355652e-02,-2.677042968571186066e-02,-2.142524719238281250e-02,-1.525898370891809464e-02,3.207171335816383362e-02,-4.918024316430091858e-02,-2.727066725492477417e-02,9.402613341808319092e-02,4.487907886505126953e-02,-6.130497530102729797e-02,-1.297061610966920853e-02,-2.393217012286186218e-02,-5.810942500829696655e-03,-3.034748136997222900e-02,-4.955221712589263916e-02,-1.929738558828830719e-02,5.735064297914505005e-02,3.918106481432914734e-02,-3.309335187077522278e-02,2.783776028081774712e-03,3.376867994666099548e-02,-1.612851396203041077e-02,1.297514326870441437e-02,-6.114635616540908813e-03,-4.542621597647666931e-02,1.298588328063488007e-02,2.020040665229316801e-05,1.914805918931961060e-02,2.904158644378185272e-02,2.028931863605976105e-02,-6.619041413068771362e-02,2.827721647918224335e-02,2.931346744298934937e-02,-1.850089058279991150e-02,-2.140879817306995392e-02,5.982359498739242554e-02,7.160183042287826538e-02,5.153957754373550415e-02,3.759891912341117859e-02,3.804409876465797424e-02,4.162265919148921967e-03,5.482637789100408554e-04,-3.257289994508028030e-03,1.157457455992698669e-01,8.366686105728149414e-02,1.000000000000000000e+00,1.768611222505569458e-01,1.292932331562042236e-01,5.581764504313468933e-02,8.603321760892868042e-02,5.773023515939712524e-02,3.953853622078895569e-03,-1.239318121224641800e-02,6.305103003978729248e-02,9.365878254175186157e-02,1.132562197744846344e-02,-3.509322926402091980e-02,-6.837814301252365112e-02,4.357643891125917435e-03,-7.961628586053848267e-02,-2.298070117831230164e-02,-1.066321413964033127e-02,-1.407807413488626480e-02,-1.041576452553272247e-02,1.043530646711587906e-02,7.149865478277206421e-02,-2.570282667875289917e-02,-1.437558047473430634e-02,6.675277836620807648e-03,-7.908354513347148895e-03,4.260493814945220947e-02,5.592122673988342285e-02,-1.134742703288793564e-02,-1.881614141166210175e-02,-7.401851564645767212e-02,1.999056525528430939e-02,-3.265084698796272278e-02,-1.922500878572463989e-02,-1.875201705843210220e-03,2.274877950549125671e-02,3.963103890419006348e-02,1.002372894436120987e-02,3.207747638225555420e-02,-4.874371737241744995e-02,-3.642770275473594666e-02,4.132264107465744019e-02,-3.675492107868194580e-02,1.656335219740867615e-02,-1.070066690444946289e-01,-2.442269399762153625e-02,-2.743862196803092957e-02,-3.034926392138004303e-02,-7.208762224763631821e-03,9.055537171661853790e-03,-3.635504841804504395e-02,-5.021519958972930908e-02,-1.823300123214721680e-02,2.181281708180904388e-02,-2.892240136861801147e-02,-3.354781540110707283e-03,1.984104700386524200e-02,-4.822885245084762573e-02,-2.671284228563308716e-02,3.313266113400459290e-02,6.201712042093276978e-02,-1.303032040596008301e-02,-2.497087419033050537e-02,1.085227057337760925e-01,-8.344553061760962009e-04,-5.725340917706489563e-03,-9.558161720633506775e-03
-3.019411303102970123e-02,8.088642358779907227e-02,-6.444754078984260559e-03,3.212394937872886658e-02,-5.046173930168151855e-02,3.105321712791919708e-02,3.250813856720924377e-02,-5.954080726951360703e-03,-8.729560249776113778e-06,-2.492850832641124725e-02,-1.992189697921276093e-02,-3.052570298314094543e-02,-4.036611691117286682e-02,-2.080169320106506348e-02,-1.477691717445850372e-02,-5.064248293638229370e-02,2.581358188763260841e-03,-2.031220309436321259e-02,9.352783672511577606e-03,-3.837894881144165993e-03,7.329107262194156647e-03,3.043508715927600861e-02,4.881883412599563599e-02,-6.950337905436754227e-03,-9.404704906046390533e-03,3.843758720904588699e-03,4.734508320689201355e-02,-3.307880833745002747e-02,9.968678205041214824e-05,-3.883367031812667847e-02,3.202618332579731941e-03,-1.895489171147346497e-03,-3.322040289640426636e-02,-3.507288172841072083e-02,-3.243683278560638428e-02,-2.779617160558700562e-02,-3.312086313962936401e-02,-1.873076520860195160e-02,1.491054594516754150e-01,2.933342754840850830e-02,1.431964337825775146e-02,1.884660124778747559e-02,-2.573227137327194214e-02,1.456088945269584656e-02,-2.686777152121067047e-02,5.393242090940475464e-02,-2.734207361936569214e-02,1.683514006435871124e-02,8.019010722637176514e-02,2.280621528625488281e-01,1.768609732389450073e-01,1.000000000000000000e+00,1.082663312554359436e-01,8.364570885896682739e-02,2.606349997222423553e-02,1.019124612212181091e-01,-1.366481743752956390e-02,-1.075454615056514740e-02,4.771465808153152466e-02,1.338090300559997559e-01,3.362938878126442432e-04,-5.208630580455064774e-03,-6.382950395345687866e-02,-3.770580515265464783e-03,7.194401114247739315e-04,2.158265933394432068e-02,-3.094695694744586945e-02,-1.233532652258872986e-02,-7.358682155609130859e-02,-1.897011324763298035e-02,3.980822488665580750e-02,-5.234878044575452805e-03,-8.810256421566009521e-02,4.245060961693525314e-03,-1.198892761021852493e-02,7.418069243431091309e-02,5.539869517087936401e-02,-3.214928135275840759e-02,2.526502124965190887e-02,-3.607742721214890480e-03,-1.415701955556869507e-02,-5.468774959444999695e-02,-4.698981996625661850e-03,-5.073763802647590637e-02,1.203087624162435532e-02,1.593931615352630615e-01,-6.438565999269485474e-02,1.531607657670974731e-02,-4.849718883633613586e-02,1.422072574496269226e-02,-3.169600665569305420e-02,-1.478197705000638962e-02,-7.149360142648220062e-03,-2.109432965517044067e-02,-1.677662134170532227e-02,-1.012173015624284744e-02,1.556078786961734295e-03,-1.892114058136940002e-02,-2.902922220528125763e-02,-8.474040776491165161e-03,3.249944001436233521e-02,-4.193859174847602844e-02,1.006452459841966629e-02,-1.804586127400398254e-02,3.262951970100402832e-02,1.165050733834505081e-02,-4.932687804102897644e-02,1.436014100909233093e-02,-1.509352214634418488e-02,2.984091825783252716e-02,-8.558750897645950317e-02,1.032159943133592606e-02,-1.324789784848690033e-02,4.912845417857170105e-02,-5.684266611933708191e-02,-6.485129147768020630e-02
5.160885397344827652e-03,-1.780255511403083801e-02,1.115076523274183273e-02,-2.365790680050849915e-02,7.154405582696199417e-03,2.242709510028362274e-02,-5.771595984697341919e-02,-4.701305180788040161e-02,-3.867251425981521606e-02,-4.000817239284515381e-02,-2.089841105043888092e-02,-7.572906091809272766e-03,4.588427487760782242e-03,8.785186335444450378e-03,6.697172671556472778e-02,-1.395656913518905640e-02,-6.372492644004523754e-04,-3.114651888608932495e-03,7.054494693875312805e-03,1.123198866844177246e-02,-8.695735596120357513e-03,-7.345729507505893707e-03,1.456265803426504135e-02,1.471344381570816040e-02,1.196434441953897476e-02,3.974532708525657654e-02,-3.217564430087804794e-03,1.013386398553848267e-01,-3.461990505456924438e-02,-5.219560582190752029e-03,-9.593705832958221436e-02,1.689866371452808380e-02,-5.409978795796632767e-03,-9.152556769549846649e-03,2.754473127424716949e-02,5.295331403613090515e-02,-4.107866063714027405e-02,6.854464113712310791e-02,-5.305170267820358276e-02,-3.631279245018959045e-02,-1.261146273463964462e-02,-1.497556688264012337e-03,-2.731746062636375427e-02,6.081550940871238708e-02,-6.970689445734024048e-02,-1.005643606185913086e-02,3.798165544867515564e-02,6.468754261732101440e-02,8.601567149162292480e-02,2.242085710167884827e-02,1.292933225631713867e-01,1.082664057612419128e-01,1.000000000000000000e+00,1.684146970510482788e-01,1.105614677071571350e-01,6.845042854547500610e-02,5.046153441071510315e-02,4.428554698824882507e-02,1.263545593246817589e-03,1.316749397665262222e-02,1.169911026954650879e-02,-3.670927544590085745e-04,4.815113916993141174e-02,8.577026892453432083e-04,-3.159816842526197433e-03,-2.119387313723564148e-02,-6.491540372371673584e-02,-7.669918239116668701e-02,-6.512033194303512573e-02,-1.661854609847068787e-02,-1.542068179696798325e-02,-6.739606149494647980e-03,1.734539866447448730e-02,-5.069124698638916016e-02,3.324234113097190857e-02,-4.919319599866867065e-02,3.993299603462219238e-02,1.479677557945251465e-01,-3.340769326314330101e-03,-8.390762843191623688e-03,1.644643582403659821e-02,-2.800446562469005585e-02,-2.480660378932952881e-02,-6.296845525503158569e-02,-4.383365064859390259e-02,2.375522814691066742e-02,4.082676768302917480e-02,-3.483360260725021362e-02,9.733403101563453674e-03,7.996370550245046616e-04,5.773187428712844849e-02,-1.080979406833648682e-01,1.224728394299745560e-02,-9.126880019903182983e-02,-8.333575096912682056e-04,-3.453819081187248230e-02,1.724837464280426502e-03,-8.313002437353134155e-02,-2.163159660995006561e-02,-1.214821785688400269e-01,4.501980915665626526e-02,-7.190435379743576050e-02,1.977801881730556488e-02,-1.268932316452264786e-02,-4.097959026694297791e-02,5.058869346976280212e-02,-5.527151748538017273e-02,2.702352590858936310e-02,6.300838291645050049e-02,9.037844836711883545e-03,1.242317166179418564e-02,3.028592653572559357e-02,4.883909970521926880e-02,8.305719238705933094e-04,-6.582956761121749878e-02,3.150222450494766235e-02
-4.340511560440063477e-02,-7.372745778411626816e-03,-5.718435347080230713e-02,3.891732171177864075e-02,-5.859057232737541199e-02,-5.422966182231903076e-02,-6.712365150451660156e-02,1.554168760776519775e-02,8.413099497556686401e-02,-7.265178859233856201e-02,1.153562404215335846e-02,-6.494066119194030762e-02,1.480994094163179398e-02,-4.584004357457160950e-02,4.048628360033035278e-02,-8.475472778081893921e-02,8.807735517621040344e-03,5.688494816422462463e-02,5.272005498409271240e-02,-4.672167357057332993e-03,1.215478521771728992e-03,-8.924575895071029663e-02,2.310175821185112000e-02,-7.351901382207870483e-02,-1.308263093233108521e-01,-6.128553301095962524e-03,-8.923389948904514313e-03,-3.319826349616050720e-02,4.196033999323844910e-02,-1.145631977124139667e-04,3.026814199984073639e-02,-3.571342676877975464e-02,2.663817629218101501e-02,-1.911078020930290222e-02,1.485090609639883041e-02,-4.525605961680412292e-02,2.542624808847904205e-02,1.065582409501075745e-02,-3.466758504509925842e-02,1.913749612867832184e-02,-7.877872139215469360e-02,1.537625771015882492e-02,-3.780069202184677124e-02,-7.098503410816192627e-02,-5.977863818407058716e-02,1.708943024277687073e-02,1.495938864536583424e-03,6.386295706033706665e-02,-2.240059711039066315e-02,-1.851058378815650940e-02,5.581798776984214783e-02,8.364529907703399658e-02,1.684149056673049927e-01,1.000000000000000000e+00,-7.012587785720825195e-02,1.198058649897575378e-01,-7.392595708370208740e-02,2.593279257416725159e-02,-9.181548655033111572e-02,3.712954744696617126e-02,1.590265333652496338e-02,1.014113333076238632e-02,-6.249884888529777527e-02,-4.411803185939788818e-02,2.567730098962783813e-02,-4.920377209782600403e-02,-1.134272962808609009e-01,-2.503086440265178680e-02,1.648460701107978821e-02,-2.690775133669376373e-02,-7.163744419813156128e-02,2.153624780476093292e-02,5.890753865242004395e-02,-5.323408544063568115e-02,-5.658894032239913940e-02,2.892818301916122437e-02,-2.334771491587162018e-02,7.209052145481109619e-02,-4.666560888290405273e-02,1.168788075447082520e-01,-1.182378381490707397e-01,1.980032399296760559e-02,-1.075842082500457764e-01,5.360411852598190308e-02,-1.358934938907623291e-01,7.410087436437606812e-02,-1.103540509939193726e-01,1.355554312467575073e-01,6.589059717953205109e-03,1.614557802677154541e-01,-1.672042533755302429e-02,1.342527866363525391e-01,-7.863368093967437744e-02,-1.261128112673759460e-02,3.201001882553100586e-02,-2.542394213378429413e-02,9.967518039047718048e-03,-7.630168646574020386e-02,-6.901963800191879272e-02,-8.842330425977706909e-02,4.541176185011863708e-02,-5.616872012615203857e-02,-5.510893836617469788e-02,2.593240514397621155e-02,-1.815483532845973969e-02,-1.056440267711877823e-02,-7.726834714412689209e-02,-6.304060667753219604e-02,-6.737516820430755615e-02,1.050221845507621765e-01,1.556469127535820007e-02,-2.306585013866424561e-02,3.988171461969614029e-03,3.687817230820655823e-02,3.147647902369499207e-02,-2.893356233835220337e-02
-1.099738329648971558e-01,-2.757192216813564301e-02,-1.617718674242496490e-02,-2.865076996386051178e-02,1.804850064218044281e-02,4.891714081168174744e-02,-2.806166559457778931e-02,-1.352660357952117920e-02,-1.618247013539075851e-03,-3.865196136757731438e-03,4.950340371578931808e-04,1.412845123559236526e-02,-1.510598063468933105e-01,1.005044393241405487e-02,2.333017438650131226e-02,5.896179378032684326e-02,1.018763240426778793e-02,5.675161629915237427e-02,9.463144838809967041e-02,-2.716528624296188354e-02,-3.383352980017662048e-02,-1.080159936100244522e-02,4.906010627746582031e-02,-3.460779786109924316e-03,-6.054074689745903015e-02,-9.476215392351150513e-02,6.393054872751235962e-02,-1.180461840704083443e-04,-6.779251992702484131e-02,-3.532418608665466309e-02,-4.815371334552764893e-02,-4.063208773732185364e-02,6.288227159529924393e-03,-3.673766553401947021e-02,1.436439901590347290e-02,-1.710565201938152313e-02,-3.126960992813110352e-02,-3.456920385360717773e-02,1.069299876689910889e-01,-4.917948320508003235e-02,8.677173405885696411e-02,-3.523965924978256226e-02,3.937042504549026489e-02,2.986666932702064514e-02,1.917926967144012451e-02,2.182129025459289551e-02,5.827629938721656799e-02,3.959180042147636414e-02,2.202890254557132721e-02,-1.443846337497234344e-02,8.603311330080032349e-02,2.606361359357833862e-02,1.105616614222526550e-01,-7.012603431940078735e-02,1.000000000000000000e+00,2.129440456628799438e-01,7.003625482320785522e-02,1.303963735699653625e-02,9.633078426122665405e-02,-3.534882888197898865e-02,-1.188385649584233761e-03,-2.270325273275375366e-02,-3.455690294504165649e-02,1.412382349371910095e-02,-6.218661367893218994e-02,-6.501137465238571167e-02,-3.722373768687248230e-02,3.336222469806671143e-02,-2.860723249614238739e-02,1.900056563317775726e-02,2.318957075476646423e-02,1.092594861984252930e-02,-6.991264224052429199e-02,2.895880490541458130e-02,8.221172541379928589e-02,-1.264634728431701660e-01,3.700467199087142944e-02,-2.645897120237350464e-02,1.689893193542957306e-02,-2.371684461832046509e-02,-5.374633148312568665e-02,-6.528019160032272339e-02,2.607014495879411697e-03,-1.447474211454391479e-02,2.261835895478725433e-02,-8.174080401659011841e-02,1.266684383153915405e-01,-8.407810330390930176e-02,1.287870407104492188e-01,-3.093166090548038483e-02,9.526220709085464478e-02,-7.896204292774200439e-02,4.885885864496231079e-02,-1.656659319996833801e-02,3.766323253512382507e-02,7.827351242303848267e-02,3.875057026743888855e-02,8.820068836212158203e-02,1.801509410142898560e-02,-3.978146985173225403e-02,2.210525795817375183e-02,-7.008268684148788452e-02,4.951627925038337708e-02,-2.272450178861618042e-02,-1.289155427366495132e-02,-4.515206068754196167e-02,5.796413868665695190e-02,-4.555312916636466980e-02,-1.002070610411465168e-03,-6.458091735839843750e-02,-2.200535684823989868e-02,3.830076009035110474e-02,8.967517316341400146e-02,1.398678496479988098e-02,2.682805433869361877e-02,6.575603038072586060e-02
-3.536828979849815369e-02,3.217466920614242554e-02,-3.086374700069427490e-02,-5.096554756164550781e-02,2.683042734861373901e-02,-3.694643080234527588e-02,3.617118299007415771e-02,-2.567969076335430145e-02,-4.612654075026512146e-02,-6.422201544046401978e-02,-4.425062797963619232e-03,-2.631150372326374054e-02,-6.846298277378082275e-02,-5.789767950773239136e-02,-1.813455112278461456e-02,7.413902878761291504e-02,1.117674750275909901e-03,3.335186839103698730e-02,1.508667506277561188e-02,6.687519606202840805e-03,-8.061899989843368530e-02,1.654930226504802704e-02,1.147485896944999695e-02,-5.412950646132230759e-03,-4.709618538618087769e-02,-4.852898418903350830e-02,-2.135621570050716400e-02,-6.477157771587371826e-02,5.618488788604736328e-02,-4.610321670770645142e-02,-1.722734235227108002e-02,3.942379727959632874e-02,-4.428159445524215698e-02,-1.542338263243436813e-02,-1.820066012442111969e-03,-4.233908280730247498e-02,4.829814657568931580e-02,-8.192131668329238892e-02,-1.491364557296037674e-03,1.512218266725540161e-01,2.101155929267406464e-02,-4.207655042409896851e-02,1.051660627126693726e-02,3.035682439804077148e-02,6.117069721221923828e-02,3.008071566000580788e-03,3.986272588372230530e-02,3.860096633434295654e-02,-4.108257964253425598e-02,-4.568580072373151779e-03,5.773024260997772217e-02,1.019125655293464661e-01,6.845030933618545532e-02,1.198058277368545532e-01,2.129443138837814331e-01,1.000000000000000000e+00,-2.293863147497177124e-02,4.866915754973888397e-03,-1.931387465447187424e-03,1.408605277538299561e-02,-3.055976890027523041e-02,-4.793563392013311386e-03,2.507536672055721283e-02,-8.162113954313099384e-04,-6.765535473823547363e-02,-3.303357213735580444e-02,-4.787426814436912537e-02,-3.305679932236671448e-02,-8.860355615615844727e-02,4.647148773074150085e-02,-1.516245212405920029e-02,1.862478628754615784e-02,1.564208604395389557e-02,1.809123903512954712e-02,-6.416359543800354004e-02,1.559824962168931961e-02,7.142489403486251831e-02,-1.070257574319839478e-01,-8.595652133226394653e-02,-6.865581870079040527e-02,-7.492421567440032959e-02,-4.348596557974815369e-02,1.447649672627449036e-02,-3.236529231071472168e-02,-1.351509056985378265e-02,-2.438727952539920807e-02,2.049148455262184143e-02,1.275420933961868286e-01,-1.771366409957408905e-02,9.419373422861099243e-02,-1.065894663333892822e-01,4.754361510276794434e-02,-1.784779247827827930e-03,1.871970109641551971e-02,7.299513369798660278e-02,2.710502035915851593e-02,-1.119703985750675201e-02,1.242494024336338043e-02,2.832769975066184998e-02,8.230109512805938721e-02,-2.342849969863891602e-02,-8.119174279272556305e-03,3.830907493829727173e-02,-1.586218550801277161e-02,2.950045466423034668e-02,-5.960923619568347931e-03,2.393256872892379761e-02,-2.862496115267276764e-02,6.715013086795806885e-02,-1.580050587654113770e-02,1.391453295946121216e-02,3.864128515124320984e-02,1.794132217764854431e-02,2.150140702724456787e-02,5.275805294513702393e-02,-8.860629051923751831e-02
1.715258806943893433e-01,2.192702889442443848e-01,-4.741950705647468567e-02,-2.791423164308071136e-02,8.999567478895187378e-03,8.645611256361007690e-02,-4.871242120862007141e-02,-4.340543597936630249e-02,5.953118205070495605e-02,-6.776008009910583496e-02,4.752272367477416992e-02,-1.261946000158786774e-02,-7.647825032472610474e-02,6.181224063038825989e-02,9.889657609164714813e-03,1.254566572606563568e-02,8.217472583055496216e-02,8.997575193643569946e-02,4.538470413535833359e-03,5.704228952527046204e-02,-2.747545577585697174e-02,-5.837576091289520264e-02,3.462075721472501755e-03,-7.357018766924738884e-04,1.422061678022146225e-02,2.707692561671137810e-03,-1.153944805264472961e-02,-1.606016792356967926e-02,4.869130253791809082e-02,-4.084307234734296799e-03,-3.318665176630020142e-02,-2.580269798636436462e-02,8.379092812538146973e-02,2.435117028653621674e-02,4.449733719229698181e-02,-2.001117542386054993e-02,4.255894944071769714e-02,1.023910101503133774e-02,2.990845218300819397e-02,-5.248765647411346436e-02,-4.125035554170608521e-02,9.338301420211791992e-02,-2.003166638314723969e-02,1.570551283657550812e-02,-3.226174041628837585e-02,-4.691329598426818848e-02,-5.498493090271949768e-02,-3.555671125650405884e-02,-2.384425140917301178e-02,-6.661770865321159363e-03,3.953952807933092117e-03,-1.366496831178665161e-02,5.046145990490913391e-02,-7.392593473196029663e-02,7.003620266914367676e-02,-2.293866686522960663e-02,1.000000000000000000e+00,2.096915990114212036e-01,5.754938721656799316e-02,-4.571368172764778137e-02,4.083232954144477844e-02,5.884739011526107788e-02,2.024209499359130859e-02,6.067956611514091492e-02,-1.058669853955507278e-02,1.082807779312133789e-02,-1.906529255211353302e-02,-3.023126348853111267e-02,3.513447009027004242e-03,2.148858085274696350e-02,6.776390969753265381e-02,8.458845317363739014e-02,1.960268057882785797e-02,-3.718663752079010010e-02,-8.365646004676818848e-03,2.596342191100120544e-02,-7.091304659843444824e-02,4.677725955843925476e-02,-4.711982607841491699e-02,4.418462142348289490e-02,-3.912277519702911377e-02,-1.331391464918851852e-02,-2.176642231643199921e-02,-5.228460952639579773e-02,-9.370123036205768585e-03,1.703057065606117249e-02,-8.311661332845687866e-02,-6.133546307682991028e-02,-6.446190923452377319e-02,-1.155704855918884277e-01,-3.532554954290390015e-03,-2.258341014385223389e-02,-3.850304335355758667e-02,-3.230728907510638237e-03,1.520572695881128311e-02,-1.301470678299665451e-02,-1.324708294123411179e-02,9.598506614565849304e-03,7.148614525794982910e-02,1.306029036641120911e-02,4.091576114296913147e-02,3.029470145702362061e-02,-2.764488337561488152e-03,6.332556717097759247e-03,2.738882787525653839e-02,-2.965573966503143311e-02,-3.849272429943084717e-02,-4.573333263397216797e-02,-1.547991205006837845e-02,3.036935254931449890e-02,-3.771945461630821228e-02,-1.823085546493530273e-02,1.511139236390590668e-02,4.265109077095985413e-02,-2.738889120519161224e-02,-3.526321798563003540e-02
4.473691061139106750e-02,1.946855485439300537e-01,7.075607776641845703e-03,2.913340926170349121e-02,-1.567281968891620636e-02,-1.811064593493938446e-02,-2.947414666414260864e-02,-1.074204593896865845e-02,2.817425131797790527e-02,2.514225803315639496e-02,-2.760913968086242676e-02,-5.571680516004562378e-02,-4.226851463317871094e-02,7.717531174421310425e-03,1.722672767937183380e-02,-4.205078817903995514e-03,6.604036688804626465e-02,9.372351318597793579e-02,2.730670385062694550e-03,-1.007905509322881699e-02,1.572608249261975288e-03,3.175177052617073059e-02,2.877747826278209686e-02,-6.642598658800125122e-02,-6.646723300218582153e-02,-1.488024182617664337e-02,4.701986908912658691e-02,-4.174148198217153549e-03,5.960477143526077271e-02,9.878229349851608276e-03,1.011788379400968552e-02,5.499063059687614441e-02,-8.996471879072487354e-04,6.043486297130584717e-02,4.192435741424560547e-02,2.713385969400405884e-02,-2.028100006282329559e-02,2.114373818039894104e-02,-2.084679901599884033e-02,-1.230469644069671631e-01,-2.888470329344272614e-02,-1.646654121577739716e-02,-4.088948667049407959e-02,-2.504877373576164246e-02,-4.547520726919174194e-02,-5.859030783176422119e-02,9.741825982928276062e-03,-2.177792787551879883e-02,-7.332888990640640259e-02,-3.972607478499412537e-02,-1.239328458905220032e-02,-1.075454056262969971e-02,4.428565874695777893e-02,2.593294344842433929e-02,1.303953211754560471e-02,4.866794217377901077e-03,2.096915990114212036e-01,1.000000000000000000e+00,7.968146353960037231e-02,8.976603299379348755e-02,-4.518270120024681091e-02,-1.984494924545288086e-02,6.962708383798599243e-02,8.035188168287277222e-02,-1.840204931795597076e-02,-2.959822304546833038e-02,-5.709315463900566101e-02,-2.241880260407924652e-02,1.661279797554016113e-02,5.246757343411445618e-02,-6.171268597245216370e-02,3.406623844057321548e-03,3.840433433651924133e-02,7.166600227355957031e-02,4.764053970575332642e-03,-2.614730503410100937e-03,-4.984079301357269287e-02,1.953156292438507080e-02,-1.192808710038661957e-02,4.262390732765197754e-02,1.716247759759426117e-02,-4.149612970650196075e-03,-2.769911475479602814e-02,5.059415847063064575e-02,-4.946753755211830139e-02,-1.329433172941207886e-02,-6.085274368524551392e-02,-1.647879485972225666e-03,-5.004788190126419067e-02,6.509545445442199707e-02,-5.478365346789360046e-02,1.528319902718067169e-02,-6.876310706138610840e-02,-1.363905798643827438e-02,-2.228607609868049622e-02,-3.657310828566551208e-02,7.150830700993537903e-03,5.132622271776199341e-02,-1.845854520797729492e-02,1.921818964183330536e-02,-5.707053467631340027e-02,7.128494326025247574e-03,-5.121611058712005615e-03,7.349562644958496094e-02,3.275563195347785950e-02,-1.445646118372678757e-02,-8.102750778198242188e-02,1.848194003105163574e-02,-6.318683736026287079e-03,-6.091208383440971375e-02,-5.728895775973796844e-03,3.019213117659091949e-02,-4.206008836627006531e-02,-2.249830216169357300e-02,3.891056030988693237e-02,-5.579590331763029099e-03
1.190928965806961060e-01,-4.757277294993400574e-02,-5.159324035048484802e-03,2.318762429058551788e-02,6.470396369695663452e-02,-6.227898597717285156e-02,-3.422545734792947769e-03,-5.433810409158468246e-03,-1.081273518502712250e-02,-2.772644907236099243e-02,7.969744503498077393e-03,2.973842807114124298e-02,1.444695424288511276e-02,2.450941875576972961e-02,-2.590609341859817505e-02,-1.744771935045719147e-02,1.349863503128290176e-02,3.800585865974426270e-02,-3.744036704301834106e-02,-5.851528421044349670e-02,-4.861602559685707092e-02,-2.386572584509849548e-02,-6.122967600822448730e-02,9.254038333892822266e-03,4.111304134130477905e-02,-5.893727764487266541e-02,-8.841305226087570190e-02,3.145444393157958984e-02,-1.353312283754348755e-02,-1.956881769001483917e-02,2.109974622726440430e-02,-3.675473481416702271e-02,8.513782173395156860e-03,-3.626336157321929932e-02,3.821127861738204956e-02,-7.043421268463134766e-02,4.472898319363594055e-03,-6.689041107892990112e-02,7.495883107185363770e-02,1.727211102843284607e-02,7.146637141704559326e-02,5.432412400841712952e-02,-1.949413307011127472e-02,-5.203961208462715149e-02,-4.009490832686424255e-02,1.934824138879776001e-02,5.976456776261329651e-02,4.646417684853076935e-03,2.781844884157180786e-02,1.354067586362361908e-02,6.305111944675445557e-02,4.771453142166137695e-02,1.263555837795138359e-03,-9.181555360555648804e-02,9.633070975542068481e-02,-1.931047299876809120e-03,5.754935368895530701e-02,7.968144118785858154e-02,1.000000000000000000e+00,3.645964264869689941e-01,2.995441257953643799e-01,-3.777796775102615356e-02,3.158064931631088257e-02,3.552450612187385559e-02,-1.166182458400726318e-01,-4.477772861719131470e-02,1.218071952462196350e-01,5.637817457318305969e-02,1.203553867526352406e-03,3.948899731040000916e-02,-1.350646093487739563e-02,-1.503241900354623795e-02,7.851852476596832275e-02,-1.058238372206687927e-02,1.001824624836444855e-02,2.890207245945930481e-02,4.314997233450412750e-03,-3.978205099701881409e-02,8.188503794372081757e-03,-4.576105624437332153e-02,-2.330620028078556061e-02,-5.573590099811553955e-02,3.017942048609256744e-02,2.310836501419544220e-02,3.645399212837219238e-02,-1.375889312475919724e-02,-5.233068391680717468e-02,-2.049008756875991821e-02,1.502507627010345459e-01,1.752271503210067749e-02,3.840190917253494263e-02,6.849818676710128784e-02,-6.965065002441406250e-02,-1.117206877097487450e-03,-8.036009967327117920e-02,-1.565059460699558258e-02,-1.864021271467208862e-02,-2.185587398707866669e-02,-2.415263280272483826e-02,-1.106845736503601074e-01,-4.411941394209861755e-02,3.526119142770767212e-02,-1.220958889462053776e-03,3.513287380337715149e-02,5.345942080020904541e-02,1.881083846092224121e-02,3.882833570241928101e-02,4.294769093394279480e-02,-5.562556907534599304e-02,2.960376814007759094e-02,-5.803102627396583557e-02,4.319395124912261963e-02,7.159246131777763367e-03,-1.146366633474826813e-02,-1.421722304075956345e-02,4.674957320094108582e-02
5.897650867700576782e-02,-6.148283556103706360e-02,7.713861018419265747e-02,1.559767778962850571e-02,-4.490891471505165100e-03,3.400424262508749962e-03,-6.665963679552078247e-02,-6.537297368049621582e-02,-7.160776853561401367e-02,-4.179629310965538025e-02,1.802327856421470642e-02,3.982194513082504272e-02,-3.865518420934677124e-02,1.896235905587673187e-02,-7.049299776554107666e-02,5.590328201651573181e-02,1.761585287749767303e-02,2.402199432253837585e-02,9.510072879493236542e-03,-3.015962801873683929e-02,-9.311495348811149597e-03,-1.861217617988586426e-02,5.661556124687194824e-02,-8.109270781278610229e-02,-4.221417382359504700e-02,2.102824114263057709e-02,-3.820045664906501770e-02,4.978552460670471191e-03,1.118150819092988968e-02,6.203740835189819336e-02,5.472184717655181885e-02,2.555193752050399780e-02,2.388836257159709930e-02,-2.501650527119636536e-02,-9.466826915740966797e-03,-1.058815270662307739e-01,2.113148942589759827e-02,7.803280837833881378e-03,-8.371043205261230469e-02,-1.610291376709938049e-02,8.097574114799499512e-03,-9.070363827049732208e-03,-6.906458735466003418e-02,-5.604815855622291565e-02,-7.897559553384780884e-03,5.450994521379470825e-02,-6.460158526897430420e-02,-1.549011468887329102e-02,7.729918509721755981e-02,9.755288064479827881e-02,9.365882724523544312e-02,1.338090300559997559e-01,1.316755730658769608e-02,3.712944686412811279e-02,-3.534881398081779480e-02,1.408584974706172943e-02,-4.571360349655151367e-02,8.976612985134124756e-02,3.645963966846466064e-01,1.000000000000000000e+00,4.981404170393943787e-02,7.947550714015960693e-02,9.794136136770248413e-02,1.159307546913623810e-02,3.242584317922592163e-02,4.313634708523750305e-03,-5.756618920713663101e-03,8.772987872362136841e-03,1.711280830204486847e-02,1.277594119310379028e-01,-2.255615592002868652e-02,2.926338277757167816e-02,-4.842076450586318970e-02,1.933519169688224792e-02,7.041331380605697632e-02,4.903117939829826355e-02,-7.329329103231430054e-02,-7.253369782119989395e-03,1.762150414288043976e-02,3.715445846319198608e-02,1.042542792856693268e-02,2.348749153316020966e-02,-1.134287007153034210e-02,-2.184055186808109283e-02,4.608914256095886230e-02,-7.668226957321166992e-02,5.977728217840194702e-02,2.980072982609272003e-02,-1.123367995023727417e-01,2.613763697445392609e-02,2.059319801628589630e-02,-3.779109939932823181e-02,3.445156291127204895e-02,1.548421680927276611e-01,-3.922753036022186279e-02,5.200918391346931458e-02,1.232349686324596405e-02,6.804304197430610657e-03,-3.261465206742286682e-02,1.055195089429616928e-02,1.790898665785789490e-02,6.574473530054092407e-02,-7.336784899234771729e-02,-4.449919983744621277e-02,-2.571032755076885223e-02,4.210125480312854052e-04,-3.951752558350563049e-02,3.599591087549924850e-03,-3.667084872722625732e-02,-8.692979812622070312e-02,-2.363577857613563538e-02,-3.605234436690807343e-03,-5.229150876402854919e-02,1.209070440381765366e-02,6.406442075967788696e-02,-5.153260752558708191e-02
1.115657091140747070e-01,-1.138970926403999329e-01,6.208905950188636780e-02,5.002504587173461914e-02,-5.807881802320480347e-02,4.752739891409873962e-02,1.144644394516944885e-01,3.694933280348777771e-02,2.597807720303535461e-02,3.056509234011173248e-02,9.974408894777297974e-02,8.134312927722930908e-02,1.001717075705528259e-01,-6.429819017648696899e-02,3.261328488588333130e-02,6.021603476256132126e-03,-3.189116343855857849e-02,2.063605235889554024e-03,-1.571679860353469849e-01,1.739498600363731384e-02,1.907466538250446320e-02,-5.651861056685447693e-02,-5.274162441492080688e-02,-6.791679561138153076e-02,-1.203416753560304642e-02,-1.320174336433410645e-02,6.255295872688293457e-02,1.424163766205310822e-02,7.005561143159866333e-02,7.029588799923658371e-03,-2.918947720900177956e-03,-2.561160735785961151e-02,-3.219445049762725830e-02,5.904340371489524841e-02,9.354896098375320435e-02,8.551658131182193756e-03,-2.750962506979703903e-03,1.511483732610940933e-02,9.079359006136655807e-04,-3.522022068500518799e-02,-8.237107843160629272e-02,-6.769277900457382202e-02,1.599175110459327698e-02,-6.596451252698898315e-02,-2.803396619856357574e-02,-3.471510857343673706e-02,-3.474133461713790894e-02,4.869419150054454803e-03,1.053689140826463699e-02,-2.650974690914154053e-02,1.132574956864118576e-02,3.363526484463363886e-04,1.169915311038494110e-02,1.590275391936302185e-02,-1.188545254990458488e-03,-3.055989183485507965e-02,4.083236306905746460e-02,-4.518266767263412476e-02,2.995440661907196045e-01,4.981392249464988708e-02,1.000000000000000000e+00,2.044606357812881470e-01,6.614279747009277344e-02,7.880686223506927490e-02,9.126769751310348511e-02,4.518925771117210388e-02,-2.609685249626636505e-02,-5.456081591546535492e-03,2.720688236877322197e-03,2.031177468597888947e-02,-8.286612574011087418e-04,-1.545754633843898773e-02,-4.757511615753173828e-02,5.111597850918769836e-02,-2.412358112633228302e-02,9.318506717681884766e-02,-9.754885919392108917e-03,-2.358120679855346680e-02,4.983031749725341797e-02,-4.524322971701622009e-02,3.826710162684321404e-03,-5.319734662771224976e-02,-1.598261110484600067e-02,1.045313011854887009e-02,5.596228316426277161e-02,6.590676493942737579e-04,-7.196392118930816650e-02,7.977358996868133545e-03,1.324229687452316284e-01,6.795030832290649414e-02,-1.550519838929176331e-02,-8.819621801376342773e-02,-6.369247287511825562e-02,6.188421323895454407e-02,-4.014227539300918579e-02,-1.596901565790176392e-02,-2.838303893804550171e-02,-2.537133730947971344e-02,2.326974272727966309e-02,-4.339092969894409180e-02,-2.517771162092685699e-02,1.776176691055297852e-02,3.918965905904769897e-02,3.419453278183937073e-02,2.531020529568195343e-02,1.773455552756786346e-02,-5.639394745230674744e-02,-1.665891706943511963e-02,-4.591900110244750977e-02,1.906308531761169434e-02,-3.678283467888832092e-02,1.275393813848495483e-01,-7.498296350240707397e-02,5.565670132637023926e-02,-5.095591768622398376e-03,9.082435630261898041e-03
8.521143463440239429e-04,-4.925381392240524292e-02,-6.888564676046371460e-02,8.015205711126327515e-02,-1.089364569634199142e-02,2.799977362155914307e-02,2.933630533516407013e-02,1.991527080535888672e-01,7.662496995180845261e-03,5.777516216039657593e-02,-7.047329843044281006e-02,7.188075687736272812e-03,-6.517262011766433716e-02,6.610226631164550781e-02,1.029259990900754929e-03,2.818734385073184967e-02,3.729745745658874512e-02,-1.046740338206291199e-01,-6.770446151494979858e-02,-1.078931316733360291e-01,2.113314159214496613e-02,5.227467790246009827e-02,-3.453585505485534668e-02,1.641229167580604553e-02,-5.801217257976531982e-02,1.724585704505443573e-02,-4.206925630569458008e-02,4.165810346603393555e-02,3.540685772895812988e-02,-4.277815297245979309e-02,-7.257037609815597534e-02,1.202042698860168457e-01,3.768070787191390991e-02,5.470620095729827881e-02,-6.173996627330780029e-02,1.538660610094666481e-03,-5.132067017257213593e-03,-9.270278736948966980e-03,-6.511511746793985367e-03,-1.131190825253725052e-02,-2.236194163560867310e-02,1.045219227671623230e-02,-5.619025975465774536e-02,-4.256200045347213745e-02,3.027999959886074066e-02,6.043452769517898560e-02,2.225098758935928345e-02,-3.371525788679718971e-03,-3.507529571652412415e-02,-1.927420729771256447e-03,-3.509320318698883057e-02,-5.208274815231561661e-03,-3.668138815555721521e-04,1.014104206115007401e-02,-2.270303294062614441e-02,-4.793834872543811798e-03,5.884747952222824097e-02,-1.984501443803310394e-02,-3.777802363038063049e-02,7.947563380002975464e-02,2.044605612754821777e-01,1.000000000000000000e+00,-7.550916075706481934e-02,6.346363574266433716e-02,3.018166683614253998e-02,9.424426406621932983e-02,-8.432147093117237091e-03,-5.225666612386703491e-02,9.400481730699539185e-02,-5.556749179959297180e-02,-8.756870403885841370e-03,1.729978062212467194e-02,-1.595232076942920685e-02,3.657168149948120117e-02,-1.343199890106916428e-02,-3.605099394917488098e-02,-3.252378106117248535e-02,1.473304728278890252e-04,-1.311317831277847290e-02,3.497574478387832642e-02,1.691281981766223907e-02,-5.701334774494171143e-02,-2.906646206974983215e-02,-1.135665327310562134e-01,2.418246679008007050e-02,8.280170150101184845e-04,2.144265361130237579e-02,6.428825855255126953e-02,-1.486169919371604919e-02,1.045515667647123337e-02,7.671267259865999222e-03,9.110464598052203655e-04,1.967425458133220673e-03,5.065885558724403381e-02,1.537868287414312363e-02,7.471473654732108116e-04,-5.112386494874954224e-02,-2.682824246585369110e-02,4.755715280771255493e-02,-3.384092450141906738e-02,-4.355702921748161316e-02,1.390306353569030762e-01,-5.748070776462554932e-02,-3.086265176534652710e-02,9.836961515247821808e-03,8.930600434541702271e-02,-5.403817072510719299e-02,6.833443883806467056e-03,-4.977488145232200623e-02,-1.190874874591827393e-01,-2.510211989283561707e-02,-1.854633539915084839e-02,-4.522803053259849548e-02,-3.023621439933776855e-02,-1.845320221036672592e-03,-8.630666136741638184e-02
-3.714164718985557556e-02,-4.416680708527565002e-02,-1.311682350933551788e-02,-2.056524902582168579e-02,-5.425557959824800491e-03,-5.583950132131576538e-02,-5.568633228540420532e-02,-5.283102765679359436e-02,-8.970529586076736450e-02,-7.512251287698745728e-02,7.073978334665298462e-02,7.456167787313461304e-02,2.569973096251487732e-02,5.651698261499404907e-02,4.468985646963119507e-02,-9.662656113505363464e-03,2.078144624829292297e-02,1.094774249941110611e-02,7.717519998550415039e-02,3.904633596539497375e-02,-8.208699524402618408e-02,-4.676384851336479187e-02,-2.942051179707050323e-02,4.477070644497871399e-03,5.485426634550094604e-02,-8.115620352327823639e-03,-1.863627322018146515e-02,8.837999776005744934e-03,1.034024637192487717e-02,3.505582362413406372e-02,-1.647275406867265701e-03,-9.522758424282073975e-03,-3.613335080444812775e-03,-6.887296680361032486e-03,-9.564588963985443115e-02,6.178443506360054016e-02,-4.192304611206054688e-02,4.860633239150047302e-02,4.109342396259307861e-02,2.852420508861541748e-02,3.031122032552957535e-04,3.725437074899673462e-02,-2.479076199233531952e-02,9.208044968545436859e-03,4.494062624871730804e-03,-1.912561617791652679e-02,-4.611138626933097839e-02,3.682735376060009003e-03,-5.025170743465423584e-03,-1.272598374634981155e-02,-6.837829202413558960e-02,-6.382945924997329712e-02,4.815128445625305176e-02,-6.249896809458732605e-02,-3.455657884478569031e-02,2.507527545094490051e-02,2.024234645068645477e-02,6.962700933218002319e-02,3.158083930611610413e-02,9.794139862060546875e-02,6.614268571138381958e-02,-7.550884783267974854e-02,1.000000000000000000e+00,1.737288087606430054e-01,3.755103051662445068e-02,-1.009445935487747192e-01,-4.349512234330177307e-02,3.024401701986789703e-02,-3.036170639097690582e-02,3.786962106823921204e-02,-4.678764194250106812e-02,-8.392149955034255981e-02,7.692547142505645752e-02,-2.862945897504687309e-03,-1.735271699726581573e-02,-5.894767586141824722e-03,2.345951460301876068e-02,-1.917089248308911920e-04,3.143685171380639076e-03,-4.282051324844360352e-02,3.545763436704874039e-03,3.226691856980323792e-02,-6.576415896415710449e-02,-1.472447160631418228e-02,1.777610331773757935e-01,9.825906902551651001e-02,7.509423792362213135e-02,-2.420376427471637726e-02,-5.201142653822898865e-02,5.695785582065582275e-02,-6.369691342115402222e-02,4.513641819357872009e-03,-5.759161338210105896e-02,-9.835050255060195923e-02,6.096723023802042007e-03,-3.940590098500251770e-02,-5.750317126512527466e-02,-5.182769522070884705e-02,-4.939946904778480530e-02,5.990269780158996582e-02,-2.586663514375686646e-02,4.159242287278175354e-02,-5.791651085019111633e-02,3.179797902703285217e-02,-3.661875054240226746e-02,-4.264336079359054565e-03,1.764567755162715912e-02,-1.058600246906280518e-01,8.850689977407455444e-02,-4.460648074746131897e-02,6.336883455514907837e-02,2.795919775962829590e-02,-2.063361182808876038e-02,4.112189263105392456e-02,-3.938734158873558044e-02,2.493205294013023376e-02
-7.554364949464797974e-02,5.166397988796234131e-02,-6.014054268598556519e-02,-4.492469597607851028e-03,3.324954211711883545e-02,4.612553864717483521e-02,-2.471044287085533142e-02,-4.495828598737716675e-02,5.910643562674522400e-02,8.179629221558570862e-03,9.804467111825942993e-02,2.999148517847061157e-02,-3.878806158900260925e-02,4.228567704558372498e-02,-1.937844417989253998e-02,-3.440305963158607483e-02,2.451431006193161011e-02,6.545536965131759644e-02,-7.265763822942972183e-03,8.542632311582565308e-02,4.040977917611598969e-03,3.032104857265949249e-02,1.838973164558410645e-02,-2.804948575794696808e-02,-1.736592873930931091e-02,-1.123366728425025940e-01,6.190654635429382324e-02,-4.212745651602745056e-02,4.889517277479171753e-02,3.517447784543037415e-02,-2.473604306578636169e-02,-3.448386443778872490e-03,2.147358097136020660e-02,4.138649627566337585e-02,-2.139854058623313904e-02,8.018801361322402954e-02,-6.607665866613388062e-02,2.360078133642673492e-02,-3.741664439439773560e-02,6.969322916120290756e-03,-3.638442233204841614e-02,4.963320121169090271e-02,-5.149133875966072083e-02,1.829392835497856140e-02,3.612037748098373413e-02,4.765848070383071899e-02,-2.362680248916149139e-02,-3.298000618815422058e-02,2.351615577936172485e-02,-2.730349823832511902e-02,4.357604309916496277e-03,-3.770709736272692680e-03,8.577454136684536934e-04,-4.411810263991355896e-02,1.412366237491369247e-02,-8.161801961250603199e-04,6.067941337823867798e-02,8.035134524106979370e-02,3.552393242716789246e-02,1.159364171326160431e-02,7.880701124668121338e-02,6.346353143453598022e-02,1.737287640571594238e-01,1.000000000000000000e+00,-4.336560890078544617e-02,-6.220087409019470215e-02,-2.654044702649116516e-02,-1.297284266911447048e-03,-3.923504427075386047e-02,-4.806463420391082764e-02,4.582914710044860840e-02,2.115612477064132690e-02,-6.945677101612091064e-02,-1.838876865804195404e-02,2.748554386198520660e-02,-3.859912976622581482e-02,-8.996554464101791382e-02,4.786666855216026306e-02,5.735126510262489319e-02,-4.473816975951194763e-02,4.413442313671112061e-02,3.908955678343772888e-02,4.402500391006469727e-02,-3.769177710637450218e-03,-5.666360631585121155e-02,1.774615049362182617e-01,-4.113606642931699753e-03,-3.585775196552276611e-02,-5.849251523613929749e-02,3.509134799242019653e-02,-4.750306718051433563e-03,1.603369228541851044e-02,1.083043403923511505e-02,-1.573286391794681549e-02,-5.916503141634166241e-04,-1.553369872272014618e-02,-2.929392270743846893e-02,-8.361320942640304565e-04,-8.114875853061676025e-02,-1.055026650428771973e-01,5.500548332929611206e-02,-8.227255195379257202e-03,3.389934077858924866e-02,-1.280431356281042099e-02,-1.550475973635911942e-02,3.438273072242736816e-02,1.576029136776924133e-02,6.292575597763061523e-02,6.373929232358932495e-02,-1.180368587374687195e-01,-4.957691207528114319e-02,-2.298678644001483917e-02,1.145085226744413376e-02,-1.056028604507446289e-01,-2.730227261781692505e-02,-4.253357648849487305e-02
1.341521646827459335e-02,-5.390486493706703186e-02,1.120150387287139893e-01,-2.699689939618110657e-03,-3.652544319629669189e-02,-1.146819815039634705e-02,-4.855486750602722168e-02,-1.146525964140892029e-01,-2.641593106091022491e-02,2.531214058399200439e-02,-1.178421229124069214e-01,-1.334246695041656494e-01,-1.113653741776943207e-02,-1.825440302491188049e-02,1.259693950414657593e-01,6.022839620709419250e-02,-5.084031447768211365e-02,1.692920364439487457e-02,1.307925122091546655e-04,-2.628538385033607483e-02,-5.575117096304893494e-02,-8.859281986951828003e-02,1.783791333436965942e-01,8.797240257263183594e-02,3.548231720924377441e-02,-3.863136470317840576e-02,-2.560440450906753540e-03,-4.127648100256919861e-02,7.396766915917396545e-03,-3.300298377871513367e-02,-1.086261346936225891e-01,-1.542624924331903458e-02,2.933568134903907776e-02,-5.660110712051391602e-02,1.819445788860321045e-01,5.072408914566040039e-02,-3.782212361693382263e-02,-2.320611849427223206e-02,8.131323754787445068e-02,8.615519851446151733e-03,-2.600740408524870872e-03,-5.822728574275970459e-02,-2.925095893442630768e-02,-4.276490304619073868e-03,-2.715680049732327461e-03,1.480994466692209244e-02,2.443928457796573639e-02,-1.405457407236099243e-02,-5.233157798647880554e-02,5.579117313027381897e-02,-7.961629331111907959e-02,7.192866178229451180e-04,-3.159928368404507637e-03,2.567717246711254120e-02,-6.218676269054412842e-02,-6.765536218881607056e-02,-1.058702636510133743e-02,-1.840180344879627228e-02,-1.166184395551681519e-01,3.242604434490203857e-02,9.126782417297363281e-02,3.018142469227313995e-02,3.755091503262519836e-02,-4.336506128311157227e-02,1.000000000000000000e+00,1.028766259551048279e-01,1.908832229673862457e-02,-5.604087840765714645e-03,5.655650049448013306e-03,1.204652246087789536e-02,5.109408497810363770e-02,6.573045998811721802e-02,-2.181924507021903992e-02,-1.724579185247421265e-02,3.964294865727424622e-02,-4.677268490195274353e-02,7.232785690575838089e-03,-5.288428440690040588e-02,-5.942232161760330200e-02,6.044827401638031006e-02,-4.167296364903450012e-02,1.433120481669902802e-02,-3.509082645177841187e-02,-5.843275226652622223e-03,1.189893558621406555e-01,-2.136594988405704498e-02,2.773672156035900116e-02,-1.501224841922521591e-02,-7.164259254932403564e-02,-1.183966994285583496e-01,2.536307461559772491e-02,-3.310414031147956848e-02,-7.710375636816024780e-02,-1.393527444452047348e-02,-1.586729474365711212e-02,-2.344829775393009186e-02,-6.904737651348114014e-02,2.478083223104476929e-02,-6.620414555072784424e-02,1.780549809336662292e-02,3.070565499365329742e-02,1.945248618721961975e-02,5.149470269680023193e-02,-4.546708986163139343e-02,-4.381373897194862366e-02,5.499712377786636353e-02,2.585856430232524872e-02,-3.522407636046409607e-02,-2.211578190326690674e-02,5.059865117073059082e-02,4.613734316080808640e-03,4.898806288838386536e-02,1.729740202426910400e-02,6.333523988723754883e-02,-1.011046767234802246e-02,-5.482949316501617432e-02
2.031262777745723724e-02,1.502283755689859390e-02,-2.173321880400180817e-02,1.260946989059448242e-01,-3.344741836190223694e-02,1.288455445319414139e-02,6.006835773587226868e-02,2.858190238475799561e-02,5.813514068722724915e-02,-7.472780346870422363e-02,-6.910449266433715820e-02,-7.669971883296966553e-02,6.248838081955909729e-02,1.319035235792398453e-02,-2.590382285416126251e-02,4.888462834060192108e-03,6.682472676038742065e-02,5.604615900665521622e-03,-9.002766758203506470e-02,-5.325881019234657288e-02,-2.893489412963390350e-02,2.336141094565391541e-02,-2.573174796998500824e-02,8.804360032081604004e-02,-2.478326484560966492e-02,2.939281286671757698e-03,1.116716186515986919e-03,6.134199909865856171e-03,-2.480083843693137169e-03,-6.037806347012519836e-02,-1.535119209438562393e-02,-7.324642967432737350e-03,-3.174688667058944702e-02,2.630819799378514290e-04,6.193078681826591492e-02,2.166895195841789246e-03,-1.245169248431921005e-02,-1.935791410505771637e-02,-4.121717065572738647e-03,1.804613694548606873e-02,4.656099528074264526e-02,-5.936296656727790833e-02,-1.069034077227115631e-02,-3.865480795502662659e-02,-5.268718674778938293e-02,-2.534145675599575043e-02,-6.808857619762420654e-02,-1.002165116369724274e-02,-3.863010928034782410e-02,1.322086085565388203e-03,-2.298074029386043549e-02,2.158278785645961761e-02,-2.119379118084907532e-02,-4.920372739434242249e-02,-6.501143425703048706e-02,-3.303355351090431213e-02,1.082872971892356873e-02,-2.959899604320526123e-02,-4.477736353874206543e-02,4.313588608056306839e-03,4.518929868936538696e-02,9.424404799938201904e-02,-1.009445711970329285e-01,-6.220061704516410828e-02,1.028766408562660217e-01,1.000000000000000000e+00,7.698367536067962646e-02,1.205771416425704956e-01,-5.610011518001556396e-02,1.299304608255624771e-02,1.496400777250528336e-02,5.514984577894210815e-02,-6.178034842014312744e-02,-1.736003160476684570e-02,5.693566799163818359e-02,2.313944697380065918e-02,-1.947127282619476318e-02,-4.637971147894859314e-02,-8.041968569159507751e-03,-5.810889415442943573e-03,-4.636361263692378998e-04,4.072597622871398926e-02,5.089200567454099655e-03,-2.161991223692893982e-02,-4.503765329718589783e-02,8.443771302700042725e-02,-1.381027605384588242e-02,1.708457246422767639e-02,1.896873302757740021e-02,2.626166306436061859e-02,4.679697006940841675e-02,-3.012646548449993134e-02,1.104983538389205933e-01,-9.543124586343765259e-03,-3.703719004988670349e-02,-2.857425622642040253e-02,-8.547467179596424103e-03,2.375619672238826752e-02,2.226085029542446136e-02,-4.570581763982772827e-02,-3.890715166926383972e-02,1.606524601811543107e-04,5.783238448202610016e-03,-1.047503724694252014e-01,4.160824790596961975e-02,-3.872535377740859985e-02,-6.536777131259441376e-03,-5.874296650290489197e-03,-2.679387293756008148e-02,-3.679693862795829773e-02,-2.495781518518924713e-03,-5.734654515981674194e-02,-5.901581421494483948e-02,-4.450451582670211792e-02,-2.874579839408397675e-02,-4.196409136056900024e-02
-2.832352742552757263e-02,-5.673588812351226807e-02,2.689820248633623123e-03,-4.350144788622856140e-02,-3.979705739766359329e-03,2.211996726691722870e-02,7.369088381528854370e-02,-6.057702703401446342e-04,-3.815507143735885620e-02,-2.443365380167961121e-02,-8.923370391130447388e-02,-5.724545195698738098e-02,-9.160580486059188843e-02,-2.432605810463428497e-02,-5.044874176383018494e-02,6.914249155670404434e-03,3.569174325093626976e-03,1.362491492182016373e-02,7.413996849209070206e-03,-2.800843678414821625e-02,-2.225390076637268066e-02,-7.192952185869216919e-02,1.472390443086624146e-02,-3.658138960599899292e-02,1.815702579915523529e-02,-2.580917440354824066e-02,-1.964850351214408875e-02,-3.564807120710611343e-03,1.714099943637847900e-02,3.499725833535194397e-03,-2.499309448467101902e-05,-8.555554784834384918e-03,2.960601076483726501e-02,1.825043559074401855e-02,1.582833081483840942e-01,-2.823399193584918976e-02,2.380368858575820923e-02,2.246593311429023743e-02,-1.311532314866781235e-02,1.752962009049952030e-03,-9.328318387269973755e-02,-2.032364718616008759e-02,3.643405437469482422e-02,-1.860089716501533985e-03,8.905962854623794556e-02,1.271755550988018513e-03,4.479439812712371349e-04,-5.437163636088371277e-03,1.347286626696586609e-02,-6.339427828788757324e-02,-1.066293008625507355e-02,-3.094697929918766022e-02,-6.491541117429733276e-02,-1.134273484349250793e-01,-3.722368180751800537e-02,-4.787430539727210999e-02,-1.906503364443778992e-02,-5.709340423345565796e-02,1.218074485659599304e-01,-5.756772588938474655e-03,-2.609705924987792969e-02,-8.431951515376567841e-03,-4.349494725465774536e-02,-2.654123678803443909e-02,1.908927783370018005e-02,7.698340713977813721e-02,1.000000000000000000e+00,3.326789140701293945e-01,6.246538460254669189e-02,1.309086196124553680e-02,5.010435357689857483e-02,2.946631982922554016e-02,8.933113887906074524e-03,3.219376085326075554e-03,-3.283453360199928284e-02,-6.593232601881027222e-02,5.701312050223350525e-02,-2.247685566544532776e-02,-4.665193334221839905e-02,2.051411382853984833e-02,-5.049006640911102295e-02,1.145815197378396988e-02,-2.236582338809967041e-02,-4.069191962480545044e-02,-3.575725108385086060e-02,-6.798148155212402344e-02,-4.630169644951820374e-02,1.673471182584762573e-02,-7.231286913156509399e-02,4.356405138969421387e-02,-5.342821404337882996e-02,9.066959470510482788e-02,-6.388615071773529053e-02,-3.850995004177093506e-02,1.874089008197188377e-03,1.366382371634244919e-02,5.066308192908763885e-03,4.482754692435264587e-02,-9.514155238866806030e-02,-1.459159702062606812e-01,-5.136199295520782471e-03,-1.007073372602462769e-02,9.268679469823837280e-02,1.365667395293712616e-02,4.590983968228101730e-03,-5.572688532993197441e-04,-3.384707495570182800e-02,-1.625515869818627834e-03,-2.777456492185592651e-02,2.347289957106113434e-02,-3.439159598201513290e-03,5.045462772250175476e-02,1.113663800060749054e-02,-5.584659054875373840e-02,5.996619164943695068e-02,2.529544755816459656e-02
-1.350421272218227386e-02,-4.311223700642585754e-02,-4.521327093243598938e-02,5.335367098450660706e-02,8.606835268437862396e-03,4.745414853096008301e-02,2.774277329444885254e-02,4.510940983891487122e-02,3.889520594384521246e-04,-7.528381794691085815e-02,-3.485450893640518188e-02,4.149590432643890381e-02,-1.062062010169029236e-01,-7.151350378990173340e-03,-1.440497785806655884e-01,-7.131385058164596558e-02,-5.590561777353286743e-02,4.831923171877861023e-03,-3.270839154720306396e-02,-7.402878999710083008e-02,5.340791493654251099e-02,-5.941618606448173523e-02,-1.029172725975513458e-02,-1.328104082494974136e-02,1.279882341623306274e-02,3.007598035037517548e-02,7.845311611890792847e-02,-3.171968832612037659e-02,7.675651460886001587e-02,-7.207722961902618408e-02,8.488819934427738190e-03,9.019137918949127197e-02,-6.128705665469169617e-02,3.926858305931091309e-02,-3.821571543812751770e-02,1.491052508354187012e-01,-2.354079857468605042e-02,2.183340862393379211e-02,7.666518911719322205e-03,-1.105201081372797489e-03,4.018201678991317749e-02,-8.074633032083511353e-02,4.116746038198471069e-02,1.982701756060123444e-02,-2.129919268190860748e-02,1.209772075526416302e-03,-2.993827499449253082e-02,-1.706521026790142059e-02,-2.433535270392894745e-02,-4.952204599976539612e-02,-1.407829858362674713e-02,-1.233533304184675217e-02,-7.669916749000549316e-02,-2.503094077110290527e-02,3.336239233613014221e-02,-3.305700048804283142e-02,-3.023148328065872192e-02,-2.241864614188671112e-02,5.637795850634574890e-02,8.773230016231536865e-03,-5.456180311739444733e-03,-5.225700139999389648e-02,3.024357184767723083e-02,-1.296476693823933601e-03,-5.604563280940055847e-03,1.205776110291481018e-01,3.326787650585174561e-01,1.000000000000000000e+00,-3.024823591113090515e-02,1.997872255742549896e-02,-7.888525724411010742e-02,1.257493346929550171e-01,-1.766981743276119232e-02,3.585481271147727966e-02,-5.900688841938972473e-02,-4.808949679136276245e-02,5.336007103323936462e-02,-1.350368745625019073e-02,1.255763135850429535e-02,2.121264860033988953e-02,-4.596686363220214844e-02,2.609077841043472290e-02,-1.128942519426345825e-01,7.543243467807769775e-03,-1.211051177233457565e-02,5.499459803104400635e-02,-4.808619618415832520e-02,4.101365339010953903e-03,-4.619334638118743896e-02,-1.202604360878467560e-02,-6.717890501022338867e-02,2.086500823497772217e-02,9.501285105943679810e-02,-5.020695179700851440e-02,5.443847551941871643e-02,-3.065836150199174881e-03,4.088724777102470398e-02,6.186893209815025330e-02,-5.105780065059661865e-02,-9.879472851753234863e-02,2.393729751929640770e-03,-3.318485245108604431e-02,1.761008985340595245e-02,5.461600609123706818e-03,3.811378031969070435e-02,3.994565084576606750e-02,-6.069691106677055359e-02,5.243772268295288086e-02,-2.156352158635854721e-03,2.769899182021617889e-02,-1.496936101466417313e-02,-1.397950295358896255e-02,8.685299754142761230e-02,3.619678691029548645e-02,8.473784476518630981e-02,-3.986207023262977600e-02
2.709009349346160889e-01,1.401157379150390625e-01,8.380588144063949585e-02,-1.198745742440223694e-01,-3.770937398076057434e-02,9.868418797850608826e-03,-4.801332578063011169e-02,1.361544243991374969e-02,9.877165779471397400e-03,2.715872786939144135e-02,-4.063981026411056519e-02,-9.509149938821792603e-03,-8.145653642714023590e-03,-4.219155758619308472e-02,-1.244534272700548172e-02,-3.163331747055053711e-02,4.488782584667205811e-02,8.873698115348815918e-02,1.246135458350181580e-01,4.568699002265930176e-02,1.169497054070234299e-02,2.349915914237499237e-02,1.068622842431068420e-01,1.732009463012218475e-02,-3.094555577263236046e-03,-2.399477921426296234e-02,-2.897891588509082794e-02,-6.539683789014816284e-02,-1.239309534430503845e-01,2.245350554585456848e-02,-3.644784539937973022e-02,-6.150250136852264404e-02,-9.530971758067607880e-03,8.771865814924240112e-02,8.432656526565551758e-03,-3.860545903444290161e-02,-1.132360771298408508e-01,7.583226263523101807e-02,8.877751976251602173e-02,3.102224320173263550e-02,1.117720231413841248e-01,-1.380952596664428711e-01,1.406190171837806702e-02,-1.153817325830459595e-01,3.819419816136360168e-02,2.891736291348934174e-02,-3.929176367819309235e-03,-1.031298190355300903e-02,-9.886471554636955261e-03,-9.203714132308959961e-02,-1.041577197611331940e-02,-7.358662784099578857e-02,-6.512048840522766113e-02,1.648466475307941437e-02,-2.860739640891551971e-02,-8.860348910093307495e-02,3.513782285153865814e-03,1.661262102425098419e-02,1.203649211674928665e-03,1.711270213127136230e-02,2.720555290579795837e-03,9.400476515293121338e-02,-3.036168031394481659e-02,-3.923492506146430969e-02,5.655621178448200226e-03,-5.610013008117675781e-02,6.246543303132057190e-02,-3.024829737842082977e-02,1.000000000000000000e+00,2.332847267389297485e-01,-1.014139503240585327e-02,-7.488863915205001831e-02,-1.039810013025999069e-02,5.385889858007431030e-02,2.469884045422077179e-02,-8.207292854785919189e-02,1.122921928763389587e-01,-9.259991347789764404e-02,2.675992995500564575e-02,7.963072508573532104e-03,2.595692127943038940e-02,-2.453931793570518494e-02,2.586556412279605865e-02,4.042117297649383545e-02,-2.923221886157989502e-02,2.310669422149658203e-02,-2.254213765263557434e-02,4.666345193982124329e-02,3.604239970445632935e-02,7.612355053424835205e-03,6.744258105754852295e-03,9.335100650787353516e-03,2.160020405426621437e-03,7.117690891027450562e-02,-1.217370554804801941e-01,2.610152296256273985e-04,-1.939002051949501038e-02,-2.029235102236270905e-02,-4.781589657068252563e-02,-2.970253489911556244e-02,2.878631092607975006e-02,-1.018065512180328369e-01,9.148734807968139648e-02,-1.418702863156795502e-02,6.431508064270019531e-02,-1.739653199911117554e-02,-7.092237472534179688e-02,9.850659221410751343e-02,2.961748838424682617e-02,7.746985554695129395e-02,-2.146896161139011383e-02,7.285031676292419434e-02,1.649164259433746338e-01,2.698517031967639923e-02,1.394463051110506058e-02,3.955624252557754517e-02
-1.088268309831619263e-01,-3.648668900132179260e-02,6.879630684852600098e-02,-1.028121933341026306e-01,4.010931774973869324e-02,1.575119197368621826e-01,-1.391399651765823364e-01,-8.965507894754409790e-02,-7.055389136075973511e-02,-5.724836140871047974e-03,-2.504789456725120544e-02,-6.558916717767715454e-02,5.157974734902381897e-02,7.154984027147293091e-02,-1.094336211681365967e-01,6.291419267654418945e-02,-4.206454753875732422e-02,-1.272466778755187988e-02,-4.994550347328186035e-02,-1.995119638741016388e-02,-6.059413403272628784e-02,3.971529006958007812e-02,-1.488177180290222168e-01,-5.177522450685501099e-02,-1.018339954316616058e-02,3.538722917437553406e-02,2.113657444715499878e-02,6.152390316128730774e-02,6.669601052999496460e-02,2.401670254766941071e-02,1.690198481082916260e-01,1.121092140674591064e-01,2.113325335085391998e-02,-1.280396711081266403e-02,-9.557181037962436676e-03,-4.393422231078147888e-02,-7.738693384453654289e-04,-1.270446111448109150e-03,-5.688524991273880005e-02,7.250896841287612915e-02,-1.177988946437835693e-01,7.398488372564315796e-02,-7.643917948007583618e-02,-4.793624952435493469e-02,-4.049522802233695984e-02,-3.504887223243713379e-02,-9.281770884990692139e-02,-4.356835037469863892e-02,-9.191124141216278076e-02,-3.066053148359060287e-03,1.043513510376214981e-02,-1.897010952234268188e-02,-1.661848649382591248e-02,-2.690774016082286835e-02,1.900068297982215881e-02,4.647152498364448547e-02,2.148848026990890503e-02,5.246751755475997925e-02,3.948905318975448608e-02,1.277594268321990967e-01,2.031164616346359253e-02,-5.556735023856163025e-02,3.786978498101234436e-02,-4.806466773152351379e-02,1.204662676900625229e-02,1.299309264868497849e-02,1.309092156589031219e-02,1.997881941497325897e-02,2.332846671342849731e-01,1.000000000000000000e+00,-5.965112522244453430e-02,-2.677074633538722992e-02,-1.164000704884529114e-01,8.117023855447769165e-02,4.468722641468048096e-02,-2.667389065027236938e-02,-8.810584992170333862e-02,6.905976682901382446e-02,1.895977370440959930e-02,-3.952323645353317261e-02,2.860126271843910217e-02,-2.105266042053699493e-02,-5.899721011519432068e-02,-5.549133196473121643e-02,-2.773312106728553772e-02,-1.369811873883008957e-02,-2.903103642165660858e-02,-5.024944990873336792e-02,5.132414773106575012e-02,5.767297372221946716e-02,4.469705373048782349e-02,3.715441375970840454e-02,4.351415485143661499e-02,6.408519111573696136e-03,2.067106589674949646e-02,-3.503539413213729858e-02,3.089885460212826729e-03,-4.898710176348686218e-03,3.427699953317642212e-02,1.447080518119037151e-03,8.789566345512866974e-03,-1.936734467744827271e-02,1.000619828701019287e-01,7.611208409070968628e-02,-7.032912224531173706e-02,5.121375620365142822e-02,-1.043798122555017471e-02,1.039527915418148041e-02,3.011299064382910728e-03,2.743764780461788177e-02,-3.701771423220634460e-02,3.157989680767059326e-02,6.094904616475105286e-02,4.528554156422615051e-02,-4.414346441626548767e-02,-9.338980913162231445e-02
8.244508504867553711e-02,-6.016977876424789429e-02,-3.344765678048133850e-02,4.754027724266052246e-02,1.269774436950683594e-01,1.842608116567134857e-02,4.427266493439674377e-02,-2.900546602904796600e-02,-4.854786023497581482e-02,-1.118813361972570419e-02,5.005161836743354797e-02,-4.600992426276206970e-02,1.386462152004241943e-02,5.904515087604522705e-02,-6.497390102595090866e-03,-7.384608685970306396e-02,-1.004841923713684082e-01,1.138560101389884949e-02,1.193168014287948608e-01,6.558507680892944336e-02,-1.887623406946659088e-02,-4.062533378601074219e-02,2.733054198324680328e-02,-8.440845459699630737e-02,1.434786915779113770e-01,1.570860110223293304e-02,-2.959372103214263916e-02,1.627550274133682251e-01,-1.256229262799024582e-02,-2.968444116413593292e-02,1.034849509596824646e-01,5.853161215782165527e-02,-8.568292856216430664e-02,1.866280566900968552e-03,-2.573952078819274902e-02,-7.894296199083328247e-02,4.180460795760154724e-02,-3.054642304778099060e-02,4.870593175292015076e-02,-1.437537670135498047e-01,-1.362970024347305298e-01,6.734697520732879639e-02,-2.904667705297470093e-02,-1.185485944151878357e-01,5.692359432578086853e-02,-1.121951919049024582e-02,-9.953556954860687256e-02,-3.555498272180557251e-02,2.781485766172409058e-02,4.693656228482723236e-03,7.149874418973922729e-02,3.980804607272148132e-02,-1.542092207819223404e-02,-7.163757830858230591e-02,2.318979427218437195e-02,-1.516238506883382797e-02,6.776400655508041382e-02,-6.171273812651634216e-02,-1.350640412420034409e-02,-2.255621179938316345e-02,-8.286757511086761951e-04,-8.756874129176139832e-03,-4.678754135966300964e-02,4.582913964986801147e-02,5.109402909874916077e-02,1.496412977576255798e-02,5.010434240102767944e-02,-7.888521254062652588e-02,-1.014135498553514481e-02,-5.965115875005722046e-02,1.000000000000000000e+00,2.248934507369995117e-01,3.688327968120574951e-02,1.912401467561721802e-01,1.033941209316253662e-01,-1.456451974809169769e-02,9.738724678754806519e-02,4.846550896763801575e-02,3.448766097426414490e-02,3.731414675712585449e-02,4.414195939898490906e-02,-6.242726463824510574e-03,-2.333179116249084473e-02,-2.398746833205223083e-02,5.163075402379035950e-02,-7.042249199002981186e-03,2.406630851328372955e-02,5.138387531042098999e-02,-9.241315536201000214e-03,2.558444626629352570e-02,6.115997582674026489e-02,-5.386873707175254822e-02,2.431644313037395477e-02,-4.001353681087493896e-02,2.684225887060165405e-02,6.338126957416534424e-02,-9.431438957108184695e-05,-1.167722716927528381e-01,6.158566102385520935e-03,6.182179972529411316e-02,5.656546726822853088e-02,-4.017950221896171570e-02,-1.125225201249122620e-01,3.774621756747364998e-03,-3.639349713921546936e-02,-1.309089455753564835e-02,3.874958306550979614e-02,9.466630220413208008e-02,4.798777401447296143e-02,3.928875923156738281e-02,1.008927971124649048e-01,-6.094121932983398438e-02,1.006355229765176773e-02,-3.664916753768920898e-02,2.803713269531726837e-02,1.027501653879880905e-02
3.038408700376749039e-03,-2.217094041407108307e-02,-1.045237481594085693e-02,-3.532929345965385437e-02,1.083854585886001587e-01,-3.113461844623088837e-02,-4.916387051343917847e-02,-5.131596326828002930e-02,7.168421894311904907e-02,3.515552729368209839e-02,-6.596801429986953735e-02,-3.563800081610679626e-02,-5.407739803194999695e-02,1.730462461709976196e-01,-2.372042275965213776e-02,4.331644158810377121e-03,3.598325653001666069e-03,-8.870046585798263550e-03,9.373950213193893433e-02,3.472988260909914970e-03,1.358050405979156494e-01,-5.334859713912010193e-02,-1.906458474695682526e-02,-6.476897280663251877e-03,-8.528628386557102203e-03,-3.520454093813896179e-02,-3.010639734566211700e-02,7.377949077636003494e-03,-8.111552894115447998e-02,-4.285432398319244385e-02,8.656712621450424194e-02,-2.019253000617027283e-02,5.444739758968353271e-02,5.747417360544204712e-02,-1.631776429712772369e-02,-7.210021466016769409e-02,-4.886708036065101624e-02,5.936386063694953918e-02,-1.455557793378829956e-01,7.596724480390548706e-02,1.111266538500785828e-01,-6.244499236345291138e-02,3.168938681483268738e-02,7.225800771266222000e-03,-4.133238270878791809e-02,2.943365462124347687e-02,5.376963410526514053e-03,3.063644096255302429e-02,-1.009803190827369690e-01,1.129858940839767456e-02,-2.570279501378536224e-02,-5.234736017882823944e-03,-6.739684846252202988e-03,2.153627946972846985e-02,1.092589646577835083e-02,1.862494833767414093e-02,8.458833396434783936e-02,3.406740026548504829e-03,-1.503254473209381104e-02,2.926336787641048431e-02,-1.545748393982648849e-02,1.729987934231758118e-02,-8.392128348350524902e-02,2.115598320960998535e-02,6.573041528463363647e-02,5.514993891119956970e-02,2.946658805012702942e-02,1.257493346929550171e-01,-7.488865405321121216e-02,-2.677076496183872223e-02,2.248934507369995117e-01,1.000000000000000000e+00,2.323937416076660156e-01,6.289900839328765869e-02,1.088450383394956589e-02,-2.234766818583011627e-02,-7.708129473030567169e-03,-4.493649676442146301e-02,1.916440017521381378e-02,-4.015108942985534668e-02,4.326702654361724854e-02,2.136911638081073761e-02,1.170642115175724030e-02,2.365266159176826477e-02,1.667631149757653475e-04,3.627901896834373474e-02,5.614487826824188232e-02,1.655407808721065521e-02,-7.543899584561586380e-03,1.782333478331565857e-02,-7.023230195045471191e-02,5.123918503522872925e-02,-8.511896431446075439e-02,-8.106637746095657349e-03,7.320110499858856201e-02,-3.780322521924972534e-02,1.897930726408958435e-02,-3.559977188706398010e-02,-6.423762440681457520e-02,7.207670807838439941e-02,-2.368570491671562195e-02,6.339067220687866211e-02,4.685118421912193298e-02,1.304903533309698105e-02,2.599352225661277771e-02,5.714337807148694992e-03,8.528532832860946655e-02,1.615557968616485596e-01,-9.371810592710971832e-03,-6.170829758048057556e-02,5.673726275563240051e-02,6.205004081130027771e-02,-1.291102468967437744e-01,-9.573072940111160278e-02,-1.379987299442291260e-01,-2.437005005776882172e-02
-7.543849945068359375e-02,4.468106850981712341e-02,-3.486180678009986877e-03,5.561319645494222641e-03,-4.485626518726348877e-02,8.582517504692077637e-02,6.162114441394805908e-02,-3.447949141263961792e-02,-3.307685721665620804e-03,-5.751961842179298401e-02,8.683440834283828735e-02,-2.121879719197750092e-02,6.738216429948806763e-02,-3.241358697414398193e-02,-4.228533804416656494e-02,7.784719578921794891e-03,3.063479624688625336e-02,-5.158100277185440063e-02,5.935784429311752319e-02,5.285362247377634048e-03,-2.093345969915390015e-01,-9.703518822789192200e-03,-7.076117396354675293e-02,3.106024116277694702e-03,8.438844978809356689e-02,2.749002724885940552e-02,-4.464952275156974792e-02,-4.447896406054496765e-02,1.254504621028900146e-01,-5.435705929994583130e-02,-2.677567489445209503e-02,4.509033262729644775e-02,-5.284328758716583252e-02,-7.825218141078948975e-02,5.317441001534461975e-02,-6.675513088703155518e-02,2.339791320264339447e-02,-2.056575613096356392e-03,-2.283397130668163300e-02,-1.371738780289888382e-02,2.515038475394248962e-02,8.390898257493972778e-02,2.900364622473716736e-02,5.147447437047958374e-02,-2.692505531013011932e-02,6.723608821630477905e-02,2.611405774950981140e-02,-6.603684276342391968e-02,-5.361287854611873627e-03,-2.550942264497280121e-02,-1.437569223344326019e-02,-8.810249716043472290e-02,1.734543591737747192e-02,5.890769138932228088e-02,-6.991258263587951660e-02,1.564198546111583710e-02,1.960308849811553955e-02,3.840408846735954285e-02,7.851865887641906738e-02,-4.842081293463706970e-02,-4.757504537701606750e-02,-1.595242880284786224e-02,7.692528516054153442e-02,-6.945693492889404297e-02,-2.181908860802650452e-02,-6.178021430969238281e-02,8.933243341743946075e-03,-1.766999065876007080e-02,-1.039807684719562531e-02,-1.164000853896141052e-01,3.688328713178634644e-02,2.323936223983764648e-01,1.000000000000000000e+00,2.674739658832550049e-01,2.156731933355331421e-01,1.192016229033470154e-01,7.056285440921783447e-02,-2.040571533143520355e-02,5.690227821469306946e-02,6.828086823225021362e-02,4.197139292955398560e-02,2.363217994570732117e-02,-2.093620039522647858e-02,2.454137057065963745e-02,1.593296043574810028e-02,5.157412961125373840e-02,3.302841633558273315e-02,2.578079327940940857e-02,-6.746242195367813110e-02,-9.205603599548339844e-02,7.980679720640182495e-02,-8.718780241906642914e-03,1.118238270282745361e-01,-2.443013899028301239e-02,1.014417223632335663e-02,6.484437617473304272e-04,-2.203293330967426300e-02,-3.083545889239758253e-04,4.908963665366172791e-02,-5.857785698026418686e-03,-3.652495890855789185e-02,-2.652847394347190857e-02,-7.126117497682571411e-02,1.095037907361984253e-03,2.414418570697307587e-02,-3.143571317195892334e-02,3.683318570256233215e-02,-1.203609406948089600e-01,-9.364478290081024170e-02,1.379161421209573746e-02,3.856182956951670349e-05,9.789479523897171021e-02,8.155792206525802612e-02,3.076995909214019775e-02,6.561116129159927368e-02,-9.536187164485454559e-03
-5.023815482854843140e-02,8.378574997186660767e-02,7.788181770592927933e-03,-1.784485019743442535e-02,-1.028122194111347198e-02,-6.747009605169296265e-02,5.089085083454847336e-03,5.365865677595138550e-02,6.816063076257705688e-02,-2.113249711692333221e-02,6.522556394338607788e-02,-3.057214058935642242e-02,7.866916060447692871e-02,-1.324622705578804016e-02,2.427155338227748871e-02,2.354479208588600159e-02,4.704659432172775269e-02,-8.038116618990898132e-03,-2.267796359956264496e-02,-6.059411913156509399e-03,2.663359791040420532e-02,-2.654867805540561676e-02,-5.378751084208488464e-02,3.853583708405494690e-02,4.686001688241958618e-03,-6.416554003953933716e-02,1.302270404994487762e-02,-1.457943301647901535e-02,7.010979205369949341e-02,6.797574460506439209e-02,-4.006237536668777466e-02,-1.687755994498729706e-02,-7.760602980852127075e-02,7.389924675226211548e-02,6.154310330748558044e-02,7.326539605855941772e-02,-5.558618344366550446e-03,4.267798364162445068e-02,1.052082236856222153e-02,8.063191920518875122e-02,2.015859074890613556e-02,2.827101154252886772e-03,5.669412016868591309e-02,1.020221561193466187e-01,1.105546765029430389e-02,5.062638595700263977e-02,1.680613867938518524e-02,2.988563477993011475e-02,2.175935544073581696e-02,-3.594694193452596664e-03,6.675231736153364182e-03,4.244938958436250687e-03,-5.069124326109886169e-02,-5.323396995663642883e-02,2.895867638289928436e-02,1.809126697480678558e-02,-3.718682378530502319e-02,7.166580855846405029e-02,-1.058248244225978851e-02,1.933540962636470795e-02,5.111594498157501221e-02,3.657165169715881348e-02,-2.863084198907017708e-03,-1.838882081210613251e-02,-1.724610291421413422e-02,-1.736033521592617035e-02,3.219234058633446693e-03,3.585484623908996582e-02,5.385882034897804260e-02,8.117023110389709473e-02,1.912402063608169556e-01,6.289908289909362793e-02,2.674739360809326172e-01,1.000000000000000000e+00,-3.078470751643180847e-02,1.021738126873970032e-01,5.251049622893333435e-02,5.603801459074020386e-02,-7.235813885927200317e-02,9.127932786941528320e-02,7.671623490750789642e-03,1.843355223536491394e-02,1.967864669859409332e-02,-1.122465543448925018e-02,5.008099228143692017e-02,6.052926927804946899e-02,-7.218066602945327759e-02,-3.451996296644210815e-02,8.245626091957092285e-02,-1.020079329609870911e-01,-7.003229111433029175e-02,-6.949750334024429321e-02,1.056430786848068237e-01,-1.540087349712848663e-02,7.968315854668617249e-03,-3.395601734519004822e-02,-5.828426033258438110e-02,5.870095640420913696e-02,2.591465413570404053e-02,-8.872082829475402832e-02,5.636483058333396912e-02,7.546189427375793457e-02,9.678667411208152771e-03,-2.390521578490734100e-02,-5.981566011905670166e-02,1.386554446071386337e-02,1.533221825957298279e-02,7.235989719629287720e-02,2.345069078728556633e-04,-3.840230032801628113e-02,-3.568494692444801331e-02,2.478964393958449364e-03,-6.011226028203964233e-02,-6.569489091634750366e-02,-1.504835672676563263e-02,6.817316263914108276e-02
1.769795641303062439e-02,-4.290557000786066055e-03,1.756303757429122925e-02,4.101907368749380112e-03,-6.346622109413146973e-02,8.752179890871047974e-02,2.526200562715530396e-02,-4.462234303355216980e-02,2.155746333301067352e-02,-9.191353619098663330e-02,-9.468541294336318970e-02,-4.125411622226238251e-03,-1.323650330305099487e-01,-1.170883327722549438e-01,6.286291033029556274e-02,-6.853915005922317505e-02,3.801033273339271545e-02,-4.574212431907653809e-02,-8.262014947831630707e-03,-4.039326310157775879e-02,-2.104322984814643860e-02,-6.602873560041189194e-03,-1.600909978151321411e-02,-2.477743476629257202e-02,-7.759481668472290039e-02,1.079863160848617554e-01,1.106610372662544250e-01,-9.724449366331100464e-02,-5.357661843299865723e-02,-4.040789976716041565e-02,-6.255681067705154419e-02,-8.945506066083908081e-03,3.426997736096382141e-02,1.023823767900466919e-01,-1.064786240458488464e-01,1.055782064795494080e-01,-6.803318858146667480e-02,-3.252377361059188843e-02,-2.477261610329151154e-02,-3.187162429094314575e-02,9.712974424473941326e-04,7.230623811483383179e-02,-3.222025930881500244e-02,-1.526773627847433090e-02,9.559945017099380493e-02,-2.963562123477458954e-02,-2.171888761222362518e-02,4.478203132748603821e-02,-6.034648395143449306e-04,-1.461361162364482880e-02,-7.908366620540618896e-03,-1.198890525847673416e-02,3.324240073561668396e-02,-5.658905208110809326e-02,8.221177011728286743e-02,-6.416364759206771851e-02,-8.365828543901443481e-03,4.764309618622064590e-03,1.001816615462303162e-02,7.041332125663757324e-02,-2.412357926368713379e-02,-1.343187224119901657e-02,-1.735275797545909882e-02,2.748557366430759430e-02,3.964308649301528931e-02,5.693563073873519897e-02,-3.283470869064331055e-02,-5.900670960545539856e-02,2.469884045422077179e-02,4.468724131584167480e-02,1.033941358327865601e-01,1.088446378707885742e-02,2.156732976436614990e-01,-3.078476898372173309e-02,1.000000000000000000e+00,1.373741030693054199e-01,7.129216194152832031e-02,1.174757406115531921e-01,-1.385216563940048218e-01,3.750807791948318481e-02,1.712403446435928345e-02,-3.386462852358818054e-02,-4.309221357107162476e-02,-5.160985514521598816e-03,1.666051149368286133e-02,-7.854083925485610962e-02,-1.849922910332679749e-02,7.717076689004898071e-02,8.576367050409317017e-02,-2.405134961009025574e-02,5.154787749052047729e-02,-4.548349604010581970e-02,-1.175378262996673584e-02,-6.360094249248504639e-02,1.910683885216712952e-02,2.390939556062221527e-02,-3.241417463868856430e-03,-2.298790588974952698e-02,5.017688497900962830e-02,-2.760416269302368164e-02,-1.478393282741308212e-02,4.934983700513839722e-02,1.103370562195777893e-01,3.305586054921150208e-03,-4.791201278567314148e-02,-8.803106099367141724e-02,2.353922091424465179e-02,-1.494738757610321045e-01,3.638436645269393921e-02,1.469881087541580200e-02,4.088200628757476807e-02,-8.803877979516983032e-02,-2.527467440813779831e-03,1.016015559434890747e-01,5.297670885920524597e-02,1.105985022149980068e-03
5.956257507205009460e-02,5.151163320988416672e-03,2.269930439069867134e-03,-6.954643409699201584e-03,7.954099029302597046e-02,-3.773848339915275574e-02,7.762397080659866333e-02,2.014372311532497406e-02,1.462196186184883118e-02,1.274388376623392105e-02,-7.630892843008041382e-02,-2.471590228378772736e-02,-4.898072034120559692e-02,-1.478741783648729324e-02,-2.149352105334401131e-03,6.307386606931686401e-02,-1.002585887908935547e-02,1.341080851852893829e-02,3.666209802031517029e-02,4.549597389996051788e-03,1.283334642648696899e-01,3.439763933420181274e-02,1.268753856420516968e-01,1.993868686258792877e-02,-3.398272022604942322e-02,-5.141698569059371948e-02,-3.358730114996433258e-03,3.891444951295852661e-02,-1.787242479622364044e-02,4.072277992963790894e-02,-4.911193996667861938e-02,-2.430642489343881607e-03,-6.417834013700485229e-02,-4.047735407948493958e-02,4.253252223134040833e-02,4.856483638286590576e-02,-2.654611133038997650e-02,1.144313514232635498e-01,-2.419286035001277924e-02,-1.390764266252517700e-01,-1.336023863404989243e-02,-5.042456090450286865e-02,8.702774345874786377e-02,-8.707452565431594849e-03,-8.777917176485061646e-02,-5.244859680533409119e-02,-2.360980398952960968e-02,-8.295589685440063477e-02,-8.290809579193592072e-03,-1.337873842567205429e-02,4.260496050119400024e-02,7.418071478605270386e-02,-4.919331893324851990e-02,2.892812900245189667e-02,-1.264635473489761353e-01,1.559833344072103500e-02,2.596332505345344543e-02,-2.614748198539018631e-03,2.890221774578094482e-02,4.903111606836318970e-02,9.318494051694869995e-02,-3.605088964104652405e-02,-5.894742906093597412e-03,-3.859908878803253174e-02,-4.677255824208259583e-02,2.313954755663871765e-02,-6.593240052461624146e-02,-4.808961227536201477e-02,-8.207286894321441650e-02,-2.667392604053020477e-02,-1.456456631422042847e-02,-2.234761416912078857e-02,1.192016452550888062e-01,1.021737530827522278e-01,1.373741179704666138e-01,1.000000000000000000e+00,-6.177754700183868408e-02,-9.520039893686771393e-03,8.524466305971145630e-03,-1.040388457477092743e-02,3.766651079058647156e-02,2.943634241819381714e-02,-5.840561166405677795e-02,-3.661603480577468872e-02,-8.266746252775192261e-02,-1.256120949983596802e-01,1.185518037527799606e-02,8.221648633480072021e-02,-1.135298758745193481e-01,4.658764228224754333e-02,2.406929247081279755e-02,7.008892297744750977e-02,-8.298852294683456421e-02,-1.403744220733642578e-01,-6.747813522815704346e-02,-5.495578423142433167e-02,-1.091224513947963715e-02,7.031705975532531738e-02,6.646015495061874390e-02,6.945744901895523071e-02,-4.485485702753067017e-02,6.660552322864532471e-02,1.360888406634330750e-02,-1.176235615275800228e-03,-9.028390794992446899e-02,4.524236917495727539e-02,1.083294954150915146e-02,-5.119687691330909729e-02,4.613763466477394104e-02,-7.481927424669265747e-02,3.638965636491775513e-02,-3.330592811107635498e-02,1.807719916105270386e-01,-2.401665039360523224e-02,2.390243113040924072e-02,3.921424970030784607e-02
1.264901012182235718e-01,2.103421092033386230e-02,-3.160267323255538940e-02,-1.500299572944641113e-02,-1.505718752741813660e-02,-2.071732468903064728e-02,-2.043505012989044189e-02,-4.294840246438980103e-02,5.513407289981842041e-02,-3.006413578987121582e-02,1.560272928327322006e-02,5.434210970997810364e-02,6.160240620374679565e-02,6.702098995447158813e-02,3.035285696387290955e-02,-6.887455820105969906e-04,1.203081682324409485e-01,8.551753126084804535e-03,-1.074444223195314407e-02,-5.620288848876953125e-02,8.308890461921691895e-02,7.225859910249710083e-02,5.127819627523422241e-02,-8.997261524200439453e-03,2.541040629148483276e-02,-1.337077096104621887e-02,3.021841682493686676e-02,-4.545918107032775879e-02,6.912816315889358521e-02,4.499510675668716431e-02,1.851851306855678558e-02,-4.174176603555679321e-02,6.262158602476119995e-02,-4.366007819771766663e-02,2.761404402554035187e-02,9.383726865053176880e-02,3.197675943374633789e-02,2.627927437424659729e-02,-3.383073210716247559e-02,-7.998839765787124634e-02,4.054586403071880341e-03,-2.801164239645004272e-02,1.696763560175895691e-02,9.819913655519485474e-03,-7.583947479724884033e-02,-8.760122954845428467e-02,-2.333230897784233093e-02,-6.031806115061044693e-03,-3.015574440360069275e-02,4.002799838781356812e-02,5.592118203639984131e-02,5.539855733513832092e-02,3.993309289216995239e-02,-2.334769815206527710e-02,3.700462728738784790e-02,7.142488658428192139e-02,-7.091311365365982056e-02,-4.984074831008911133e-02,4.314925987273454666e-03,-7.329317927360534668e-02,-9.754893369972705841e-03,-3.252382948994636536e-02,2.345939539372920990e-02,-8.996544778347015381e-02,7.232781499624252319e-03,-1.947134546935558319e-02,5.701331049203872681e-02,5.335997790098190308e-02,1.122922077775001526e-01,-8.810584247112274170e-02,9.738726168870925903e-02,-7.708142977207899094e-03,7.056286185979843140e-02,5.251052975654602051e-02,7.129214704036712646e-02,-6.177753210067749023e-02,1.000000000000000000e+00,3.263507783412933350e-01,3.883399814367294312e-02,-8.310540020465850830e-02,-8.858622610569000244e-02,-2.904434688389301300e-02,-4.597611352801322937e-02,-3.585524111986160278e-02,3.332819789648056030e-02,-5.798476934432983398e-02,5.450726300477981567e-02,1.523845735937356949e-02,-4.128870368003845215e-02,9.139783680438995361e-03,-2.499360591173171997e-02,8.187721669673919678e-02,-2.508136630058288574e-02,-4.696787893772125244e-02,-1.271713227033615112e-01,-5.987858027219772339e-02,1.629763841629028320e-02,1.124695315957069397e-01,-4.681551083922386169e-02,7.509323209524154663e-02,1.915112324059009552e-02,-2.788956463336944580e-02,-7.071547955274581909e-02,-9.200980886816978455e-03,4.585084691643714905e-02,7.996085286140441895e-02,-1.831051558256149292e-01,-6.423426093533635139e-04,-4.625129699707031250e-02,1.641367416596040130e-04,-4.187428578734397888e-02,2.857162244617938995e-02,-6.122725829482078552e-02,-7.803603261709213257e-02,-1.002078354358673096e-01,-3.418548032641410828e-02
6.575510837137699127e-03,-6.352384388446807861e-02,-1.746211573481559753e-02,4.577657580375671387e-02,2.663279417902231216e-03,-1.155806183815002441e-01,-2.124116942286491394e-02,-1.714137382805347443e-02,2.387769520282745361e-02,6.665211170911788940e-02,-4.033411294221878052e-02,2.965260669589042664e-02,5.058964714407920837e-03,4.305833578109741211e-02,-1.006260886788368225e-01,1.122080236673355103e-01,-6.967814266681671143e-02,8.640303462743759155e-02,4.814361408352851868e-02,-3.340756148099899292e-02,-4.984054341912269592e-02,-1.285399198532104492e-01,-6.780772656202316284e-02,1.451901067048311234e-02,7.577162981033325195e-02,-3.933179005980491638e-02,6.897936761379241943e-02,-1.465879082679748535e-01,2.900751307606697083e-02,-3.696054965257644653e-02,2.877210266888141632e-02,5.129881575703620911e-02,-2.642857097089290619e-02,-1.112538576126098633e-02,1.123639047145843506e-01,1.032595289871096611e-03,2.809659019112586975e-02,8.393883705139160156e-03,8.166465908288955688e-02,5.182365700602531433e-02,3.440981730818748474e-02,-8.084364980459213257e-02,-4.708532709628343582e-03,-5.096000432968139648e-02,-3.654880076646804810e-02,1.383565180003643036e-02,1.967521570622920990e-02,6.123688444495201111e-02,-3.805539337918162346e-03,-8.665029704570770264e-02,-1.134748384356498718e-02,-3.214916586875915527e-02,1.479676961898803711e-01,7.209058105945587158e-02,-2.645901963114738464e-02,-1.070257127285003662e-01,4.677725955843925476e-02,1.953151822090148926e-02,-3.978201746940612793e-02,-7.253375835716724396e-03,-2.358122542500495911e-02,1.474595628678798676e-04,-1.915450848173350096e-04,4.786671698093414307e-02,-5.288425460457801819e-02,-4.637964442372322083e-02,-2.247688546776771545e-02,-1.350368279963731766e-02,-9.260001778602600098e-02,6.905970722436904907e-02,4.846539348363876343e-02,-4.493644833564758301e-02,-2.040574513375759125e-02,5.603805184364318848e-02,1.174757555127143860e-01,-9.520077146589756012e-03,3.263508081436157227e-01,1.000000000000000000e+00,-6.134086474776268005e-02,1.040423661470413208e-01,-4.393370449542999268e-02,5.824215710163116455e-02,6.831870973110198975e-02,-7.690060138702392578e-02,-3.977763280272483826e-02,-2.320631220936775208e-02,-2.879627235233783722e-02,5.343709513545036316e-02,-1.172355748713016510e-02,-7.971695624291896820e-03,-1.018306538462638855e-01,-2.498293993994593620e-03,1.424363404512405396e-01,5.171746015548706055e-02,1.468483060598373413e-01,-1.295374240726232529e-02,4.909553006291389465e-02,6.464929878711700439e-02,-3.049550205469131470e-02,6.696134805679321289e-02,-3.037163056433200836e-02,3.471843665465712547e-03,1.506427079439163208e-01,-1.055233627557754517e-01,7.928668707609176636e-02,3.838454931974411011e-02,5.797831714153289795e-02,7.827563583850860596e-02,5.623035132884979248e-02,5.515015218406915665e-03,1.625172048807144165e-02,-2.083740010857582092e-02,3.576368093490600586e-02,-4.277988150715827942e-02,2.956039831042289734e-02,3.940997645258903503e-03
-1.907367259263992310e-02,-5.734616890549659729e-02,8.123157545924186707e-03,7.903826236724853516e-02,2.914689108729362488e-02,-3.819685056805610657e-02,-2.825385890901088715e-03,4.009862616658210754e-02,-1.407967973500490189e-02,1.463723834604024887e-02,-3.226585313677787781e-02,3.539527580142021179e-02,-8.211116492748260498e-02,-7.574980705976486206e-02,-6.082664057612419128e-02,-2.030954230576753616e-03,1.175137609243392944e-01,3.613248700276017189e-03,1.523015554994344711e-02,8.000805228948593140e-02,-1.277904361486434937e-01,-1.613529771566390991e-02,-2.998799085617065430e-02,4.939992725849151611e-02,6.038813851773738861e-03,2.891418524086475372e-02,4.711046069860458374e-02,1.459084600210189819e-01,1.132302209734916687e-01,3.526578098535537720e-02,-7.340053096413612366e-03,-6.787622813135385513e-03,-8.681206032633781433e-03,-2.755243517458438873e-02,4.939824342727661133e-02,1.105543039739131927e-02,4.514997825026512146e-02,2.638579718768596649e-02,-9.740879386663436890e-02,-1.378513425588607788e-01,-1.491183880716562271e-02,4.606797173619270325e-02,-3.186744078993797302e-02,3.451712056994438171e-02,-3.202386200428009033e-02,-2.431941404938697815e-02,8.276006579399108887e-02,-3.527703694999217987e-03,-3.357153758406639099e-02,-2.080992609262466431e-02,-1.881588250398635864e-02,2.526481077075004578e-02,-3.340718103572726250e-03,-4.666560515761375427e-02,1.689891144633293152e-02,-8.595661818981170654e-02,-4.712005704641342163e-02,-1.192780304700136185e-02,8.188664913177490234e-03,1.762139983475208282e-02,4.983030259609222412e-02,-1.311324257403612137e-02,3.143683774396777153e-03,5.735122412443161011e-02,-5.942182615399360657e-02,-8.042055182158946991e-03,-4.665182903409004211e-02,1.255772821605205536e-02,2.676005288958549500e-02,1.895969919860363007e-02,3.448770567774772644e-02,1.916451565921306610e-02,5.690227076411247253e-02,-7.235831022262573242e-02,-1.385216265916824341e-01,8.524590171873569489e-03,3.883384540677070618e-02,-6.134082749485969543e-02,1.000000000000000000e+00,1.557830274105072021e-01,1.546582579612731934e-01,8.089794777333736420e-03,6.252040714025497437e-02,2.679869160056114197e-02,2.109686098992824554e-02,7.564364466816186905e-03,-2.391573786735534668e-02,-3.392709046602249146e-02,1.383205950260162354e-01,-4.440152645111083984e-02,-3.642051294445991516e-02,-7.041093707084655762e-02,-1.574745774269104004e-02,-6.463572382926940918e-02,4.059935733675956726e-02,1.947377473115921021e-01,7.416083663702011108e-02,-9.629841893911361694e-02,6.054377928376197815e-02,1.456630229949951172e-02,-1.270224223844707012e-03,-1.303496211767196655e-02,-7.707698643207550049e-02,-4.306650161743164062e-02,1.115862578153610229e-01,-6.497516483068466187e-02,-1.712195761501789093e-02,-1.149996593594551086e-01,-3.675011545419692993e-02,1.000420525670051575e-01,6.614308059215545654e-02,-7.127226889133453369e-02,1.055533736944198608e-01,6.939251720905303955e-02,-9.079759567975997925e-02,-5.585459992289543152e-02
1.545912493020296097e-02,-1.187434419989585876e-02,-5.004997365176677704e-03,-1.993451267480850220e-02,1.187755633145570755e-02,-2.472432330250740051e-02,-5.048285797238349915e-02,8.210116648115217686e-04,-3.919776901602745056e-02,-4.401279985904693604e-02,5.508618801832199097e-02,-2.176276780664920807e-02,-1.260448247194290161e-01,1.171725336462259293e-02,-1.563351601362228394e-02,-5.217271298170089722e-02,-3.358798846602439880e-02,8.543651551008224487e-02,-1.049311831593513489e-01,-4.810802266001701355e-02,-2.721211127936840057e-02,5.649713799357414246e-02,-7.887674868106842041e-02,2.242909744381904602e-02,-7.635132223367691040e-02,-9.893681854009628296e-02,-4.212923720479011536e-02,-2.940299175679683685e-02,-2.543049305677413940e-02,3.193378448486328125e-02,6.499887257814407349e-02,2.150854468345642090e-02,-1.981286890804767609e-02,-1.064534261822700500e-01,2.052846550941467285e-02,2.917509758844971657e-03,3.508071601390838623e-02,2.678488940000534058e-02,6.114551797509193420e-02,-6.348244100809097290e-02,9.035375714302062988e-02,-2.028792351484298706e-02,1.409003138542175293e-02,3.659060597419738770e-02,-1.414421666413545609e-02,3.339564055204391479e-02,4.463206510990858078e-03,-2.640588022768497467e-02,-3.122754395008087158e-02,-2.301639132201671600e-02,-7.401869446039199829e-02,-3.607662394642829895e-03,-8.390780538320541382e-03,1.168787181377410889e-01,-2.371675148606300354e-02,-6.865584850311279297e-02,4.418455064296722412e-02,4.262429848313331604e-02,-4.576120153069496155e-02,3.715459629893302917e-02,-4.524317011237144470e-02,3.497558832168579102e-02,-4.282069578766822815e-02,-4.473811015486717224e-02,6.044797226786613464e-02,-5.810855887830257416e-03,2.051439881324768066e-02,2.121251635253429413e-02,7.963105104863643646e-03,-3.952326998114585876e-02,3.731404989957809448e-02,-4.015113413333892822e-02,6.828091293573379517e-02,9.127949923276901245e-02,3.750808537006378174e-02,-1.040392089635133743e-02,-8.310540020465850830e-02,1.040422916412353516e-01,1.557826399803161621e-01,1.000000000000000000e+00,8.524794876575469971e-02,1.673021912574768066e-01,-3.594909980893135071e-02,7.159621268510818481e-02,-5.183088779449462891e-02,-3.428665548563003540e-02,3.607243299484252930e-02,-7.016187161207199097e-02,-2.153675071895122528e-02,7.051305472850799561e-02,-6.863450258970260620e-02,-8.812425285577774048e-02,-2.839906699955463409e-02,2.483847923576831818e-02,-7.077562063932418823e-02,4.839581251144409180e-02,-6.012835353612899780e-02,-3.201479464769363403e-02,6.688503921031951904e-02,1.158032715320587158e-01,4.015841335058212280e-02,-2.832222543656826019e-02,-5.678013339638710022e-02,-8.645954728126525879e-02,-2.555244229733943939e-02,-4.718539118766784668e-02,1.943992823362350464e-02,-1.329077780246734619e-01,-1.364792603999376297e-02,8.789690583944320679e-02,-3.782741725444793701e-03,-7.999198883771896362e-02,3.566402569413185120e-02,-5.157373379915952682e-03,-4.069466516375541687e-02,1.428886651992797852e-01
-8.691468089818954468e-02,1.628255471587181091e-02,-2.361396886408329010e-02,2.776630409061908722e-02,8.359660953283309937e-02,-5.893503781408071518e-03,-2.982565201818943024e-02,4.586786776781082153e-02,-2.499291300773620605e-02,7.649120409041643143e-03,-2.131040766835212708e-02,9.646919788792729378e-04,-6.548509746789932251e-02,7.334100455045700073e-02,-6.781568378210067749e-02,-3.907440975308418274e-02,4.257199540734291077e-02,6.082716956734657288e-02,-8.893797546625137329e-02,-4.149715229868888855e-02,4.113439843058586121e-02,7.955195754766464233e-02,-4.500424023717641830e-03,-4.676006361842155457e-02,4.295569285750389099e-02,-8.344126865267753601e-03,-8.085503429174423218e-02,2.935645915567874908e-02,3.660412505269050598e-02,2.390950359404087067e-02,-4.322181921452283859e-03,-5.756518244743347168e-02,7.428126037120819092e-02,1.736328564584255219e-02,-5.422060564160346985e-02,-4.098254442214965820e-02,-5.229323357343673706e-02,-7.912583649158477783e-02,5.267471820116043091e-02,1.718720048666000366e-02,-6.795978546142578125e-02,-7.894445955753326416e-02,-2.099853754043579102e-02,-2.443518256768584251e-03,2.437828667461872101e-02,-5.465123336762189865e-03,3.527244925498962402e-02,-1.029752567410469055e-02,-4.796599503606557846e-03,-2.636594511568546295e-02,1.999062299728393555e-02,-1.415699906647205353e-02,1.644639112055301666e-02,-1.182379126548767090e-01,-5.374627560377120972e-02,-7.492417842149734497e-02,-3.912288323044776917e-02,1.716258376836776733e-02,-2.330622822046279907e-02,1.042537763714790344e-02,3.826668253168463707e-03,1.691293157637119293e-02,3.545931540429592133e-03,4.413442313671112061e-02,-4.167262092232704163e-02,-4.639124381355941296e-04,-5.049028992652893066e-02,-4.596674814820289612e-02,2.595664747059345245e-02,2.860137447714805603e-02,4.414182901382446289e-02,4.326692596077919006e-02,4.197130724787712097e-02,7.671692408621311188e-03,1.712419092655181885e-02,3.766652196645736694e-02,-8.858609944581985474e-02,-4.393374174833297729e-02,1.546588093042373657e-01,8.524795621633529663e-02,1.000000000000000000e+00,1.682359874248504639e-01,5.320615693926811218e-02,8.075818419456481934e-02,2.057797908782958984e-01,-8.206387981772422791e-03,5.945739522576332092e-02,-2.997678145766258240e-02,3.910728264600038528e-03,6.054384261369705200e-02,-1.506910752505064011e-02,-4.055308178067207336e-02,-6.806802749633789062e-02,-5.418623238801956177e-02,9.965927340090274811e-03,-8.557192236185073853e-02,6.765875220298767090e-02,4.866675287485122681e-02,-3.031757101416587830e-02,-2.170154824852943420e-02,1.085560321807861328e-01,-7.350237667560577393e-02,-3.115708380937576294e-02,-9.468771517276763916e-02,2.963797003030776978e-02,4.395931586623191833e-02,-1.325760483741760254e-01,8.049742877483367920e-02,-1.039535086601972580e-02,2.632116712629795074e-02,8.919931016862392426e-03,2.762457914650440216e-02,2.776918560266494751e-02,1.581246033310890198e-02,-1.683721877634525299e-02,-8.837923407554626465e-02
2.181746996939182281e-02,3.803998976945877075e-02,-1.271149981766939163e-02,-3.808498615399003029e-03,-1.027855556458234787e-02,-1.330037564039230347e-01,1.289346721023321152e-02,-2.469365112483501434e-02,-6.546017527580261230e-02,-5.464180186390876770e-02,-1.437179045751690865e-03,1.671166345477104187e-02,6.696000695228576660e-02,1.221345588564872742e-01,-6.277999281883239746e-02,2.945473790168762207e-02,4.348973929882049561e-02,7.051632553339004517e-02,-4.508825391530990601e-02,8.302747271955013275e-03,-2.778014354407787323e-02,-3.326103836297988892e-02,2.206144295632839203e-02,2.484320290386676788e-02,-5.670997500419616699e-02,9.547524154186248779e-03,9.866080433130264282e-02,-4.885569959878921509e-02,-5.946884397417306900e-03,-1.225291285663843155e-02,1.071965545415878296e-01,-1.094573643058538437e-02,-3.838255628943443298e-02,-3.474606201052665710e-02,-2.395085990428924561e-02,-4.523527249693870544e-02,-1.819827221333980560e-02,7.831162959337234497e-02,1.440661028027534485e-02,-3.886699676513671875e-02,6.769716739654541016e-02,2.913386374711990356e-02,-4.806568846106529236e-02,-1.193190645426511765e-02,7.288912683725357056e-02,4.444598406553268433e-02,3.621535841375589371e-03,-4.069041088223457336e-02,-1.112139783799648285e-02,-5.105814337730407715e-02,-3.265096247196197510e-02,-5.468778312206268311e-02,-2.800431475043296814e-02,1.980029419064521790e-02,-6.528028100728988647e-02,-4.348589107394218445e-02,-1.331335678696632385e-02,-4.149898886680603027e-03,-5.573597922921180725e-02,2.348784729838371277e-02,-5.319738015532493591e-02,-5.701344087719917297e-02,3.226649016141891479e-02,3.908970952033996582e-02,1.433137711137533188e-02,4.072584211826324463e-02,1.145812030881643295e-02,2.609116397798061371e-02,-2.453915961086750031e-02,-2.105284295976161957e-02,-6.242737639695405960e-03,2.136909216642379761e-02,2.363160252571105957e-02,1.843397505581378937e-02,-3.386455401778221130e-02,2.943627722561359406e-02,-2.904446236789226532e-02,5.824238806962966919e-02,8.090457879006862640e-03,1.673019230365753174e-01,1.682359874248504639e-01,1.000000000000000000e+00,1.023303065448999405e-02,1.230815425515174866e-01,1.113929003477096558e-01,1.600729972124099731e-01,-9.293544106185436249e-03,-1.301562879234552383e-03,-6.207079067826271057e-02,1.049055624753236771e-02,-6.398037075996398926e-02,-6.774412095546722412e-02,-4.240539390593767166e-03,3.501729667186737061e-02,1.560441777110099792e-02,-1.222479273565113544e-03,-7.538358867168426514e-02,6.957842409610748291e-02,9.328490123152732849e-03,-3.359030187129974365e-02,4.664092883467674255e-02,-2.501202374696731567e-02,5.504580587148666382e-02,9.646279737353324890e-03,-3.309248015284538269e-02,2.161902561783790588e-02,-1.172200869768857956e-02,-6.562662124633789062e-02,6.498446315526962280e-02,5.892333388328552246e-02,-6.084072589874267578e-02,8.810769021511077881e-02,-3.124685725197196007e-03,-7.388058118522167206e-03,3.416237607598304749e-02,2.270719222724437714e-02
6.194289308041334152e-03,6.408388167619705200e-02,-2.308899722993373871e-02,-7.057476788759231567e-02,-8.051345497369766235e-02,-6.474285852164030075e-03,-4.268350824713706970e-02,-6.767484545707702637e-02,3.683133795857429504e-02,-8.929669111967086792e-02,-1.010594367980957031e-01,3.157133236527442932e-02,7.605457212775945663e-03,-6.952449679374694824e-02,1.434758007526397705e-01,-5.007367953658103943e-02,2.395354211330413818e-02,-5.899197235703468323e-02,6.693686544895172119e-02,-5.503777787089347839e-02,-9.655929356813430786e-02,1.259144954383373260e-02,-2.345630666241049767e-03,-9.098573029041290283e-02,6.166919693350791931e-02,-4.147703945636749268e-02,2.472331374883651733e-02,-4.606147855520248413e-02,5.364580079913139343e-02,1.111919153481721878e-02,4.289779067039489746e-02,-2.017124742269515991e-02,-3.965609066653996706e-04,1.831075735390186310e-02,8.005723357200622559e-03,-2.946146763861179352e-02,5.466611310839653015e-02,7.900867611169815063e-02,2.771071903407573700e-02,5.745414528064429760e-04,6.179393827915191650e-02,4.812024533748626709e-02,-4.108976945281028748e-02,4.099003598093986511e-02,-5.133214965462684631e-02,-2.703118324279785156e-02,-2.114138193428516388e-02,-2.361457562074065208e-03,4.935600236058235168e-02,-2.637677453458309174e-02,-1.922542229294776917e-02,-4.699110984802246094e-03,-2.480644173920154572e-02,-1.075841411948204041e-01,2.607183996587991714e-03,1.447654701769351959e-02,-2.176630124449729919e-02,-2.769912965595722198e-02,3.017942421138286591e-02,-1.134270522743463516e-02,-1.598241366446018219e-02,-2.906674332916736603e-02,-6.576427817344665527e-02,4.402499645948410034e-02,-3.509081900119781494e-02,5.089754704385995865e-03,-2.236592769622802734e-02,-1.128940954804420471e-01,2.586563676595687866e-02,-5.899719521403312683e-02,-2.333155274391174316e-02,1.170618645846843719e-02,-2.093621715903282166e-02,1.967876218259334564e-02,-4.309239611029624939e-02,-5.840559303760528564e-02,-4.597596079111099243e-02,6.831867992877960205e-02,6.252016127109527588e-02,-3.594921901822090149e-02,5.320643261075019836e-02,1.023295242339372635e-02,1.000000000000000000e+00,1.890335530042648315e-01,1.421128027141094208e-02,-1.582941226661205292e-02,1.497929394245147705e-01,1.915868930518627167e-02,-5.119695514440536499e-02,8.588196709752082825e-03,1.474904641509056091e-02,7.877377420663833618e-02,-2.864319644868373871e-02,-1.010397728532552719e-02,1.082937419414520264e-01,4.886541143059730530e-02,1.380563527345657349e-01,-3.982851654291152954e-02,3.324286639690399170e-02,-6.907013803720474243e-02,-1.038993126712739468e-03,-1.132072657346725464e-01,2.969905547797679901e-02,4.412850737571716309e-02,6.569925695657730103e-02,1.118233948945999146e-01,1.545475888997316360e-02,-9.033035486936569214e-02,-4.050716757774353027e-02,-1.521917730569839478e-01,-9.470182657241821289e-02,9.133093408308923244e-05,4.525217413902282715e-02,-5.487823393195867538e-03,-8.424835652112960815e-02,-7.420608401298522949e-02
1.942994818091392517e-02,5.289798229932785034e-02,-9.680262766778469086e-03,8.357288897968828678e-04,-9.649269282817840576e-03,4.671388864517211914e-02,8.946183952502906322e-04,-6.260012835264205933e-02,-8.715845644474029541e-02,1.640823855996131897e-02,-6.438331305980682373e-02,-3.942334279417991638e-02,-4.169647395610809326e-02,1.507585775107145309e-02,-1.721056364476680756e-02,1.158058643341064453e-01,4.537010937929153442e-02,6.739896535873413086e-02,7.220309227705001831e-02,8.484183251857757568e-02,1.667861640453338623e-02,1.552041526883840561e-02,-6.566628813743591309e-02,-7.895261794328689575e-02,9.196832031011581421e-02,-5.509110540151596069e-02,1.151875853538513184e-01,1.762340427376329899e-03,-2.041733823716640472e-02,8.833437412977218628e-02,-1.668945699930191040e-02,-2.237235382199287415e-02,-1.030518580228090286e-02,3.124542161822319031e-02,9.600098244845867157e-03,-2.993520349264144897e-02,3.620531409978866577e-02,6.695997714996337891e-02,-4.731241986155509949e-02,2.096419781446456909e-02,6.966332346200942993e-02,4.511476308107376099e-02,-2.640418894588947296e-02,-7.206259667873382568e-02,-5.397133529186248779e-02,-4.529473185539245605e-02,7.450956851243972778e-02,2.707614749670028687e-02,1.791151612997055054e-02,2.025584876537322998e-02,-1.874924986623227596e-03,-5.073731765151023865e-02,-6.296853721141815186e-02,5.360400676727294922e-02,-1.447478868067264557e-02,-3.236524015665054321e-02,-5.228501185774803162e-02,5.059469863772392273e-02,2.310830913484096527e-02,-2.184072323143482208e-02,1.045286469161510468e-02,-1.135663911700248718e-01,-1.472447812557220459e-02,-3.768916241824626923e-03,-5.843230057507753372e-03,-2.162003144621849060e-02,-4.069179296493530273e-02,7.543110288679599762e-03,4.042125865817070007e-02,-5.549138784408569336e-02,-2.398747391998767853e-02,2.365270443260669708e-02,2.454192191362380981e-02,-1.122511643916368484e-02,-5.161009728908538818e-03,-3.661600500345230103e-02,-3.585526347160339355e-02,-7.690066844224929810e-02,2.679874189198017120e-02,7.159657776355743408e-02,8.075775206089019775e-02,1.230815127491950989e-01,1.890334486961364746e-01,1.000000000000000000e+00,1.135509312152862549e-01,6.131722405552864075e-02,1.286757364869117737e-02,1.423275917768478394e-01,-6.347670406103134155e-02,5.736975371837615967e-02,2.283844538033008575e-02,-3.170183673501014709e-02,5.017920583486557007e-02,7.839595200493931770e-04,-4.601814143825322390e-04,6.839709356427192688e-03,-1.121944282203912735e-02,2.185982419177889824e-03,1.340590650215744972e-03,5.889736581593751907e-03,-1.945070363581180573e-02,-2.426857128739356995e-02,2.505443431437015533e-02,9.285201132297515869e-02,9.607443958520889282e-02,4.847279936075210571e-02,-7.571034133434295654e-02,1.563118956983089447e-02,8.020650595426559448e-02,4.686661809682846069e-02,-1.818509958684444427e-02,2.399045601487159729e-02,-5.723649263381958008e-02,-6.302955094724893570e-03,-1.669137366116046906e-02,-1.147468667477369308e-02
6.571321189403533936e-02,-1.058938354253768921e-01,-5.833450704813003540e-02,-3.808977082371711731e-02,-6.175009533762931824e-02,6.992360949516296387e-02,8.300592191517353058e-03,-7.874828577041625977e-02,2.650879090651869774e-03,-1.023253127932548523e-01,-8.148914575576782227e-02,-6.364794075489044189e-02,-3.054578555747866631e-04,5.174025520682334900e-02,1.368356496095657349e-01,1.696991617791354656e-03,-1.657534949481487274e-02,-3.209758922457695007e-02,1.046165525913238525e-01,-5.557938665151596069e-02,-2.415928803384304047e-02,3.191523253917694092e-02,-1.879750867374241352e-03,5.876415222883224487e-02,3.019759431481361389e-03,2.820381335914134979e-02,-7.524236291646957397e-02,-4.130742512643337250e-03,-1.329535692930221558e-01,-7.667915895581245422e-03,-5.198341980576515198e-02,-3.209660947322845459e-02,-1.452652737498283386e-02,-7.589428871870040894e-02,-6.323822587728500366e-02,5.153487250208854675e-02,-4.540457576513290405e-02,-3.982980735599994659e-03,5.792085081338882446e-02,-7.643479853868484497e-02,-3.485720977187156677e-02,5.761416256427764893e-02,-1.502766367048025131e-02,4.368136450648307800e-02,-1.911517465487122536e-03,-5.105784535408020020e-02,9.354030771646648645e-05,-8.091016672551631927e-03,-6.481405347585678101e-02,-8.071135729551315308e-02,2.274885959923267365e-02,1.203089207410812378e-02,-4.383374378085136414e-02,-1.358933597803115845e-01,2.261835895478725433e-02,-1.351521722972393036e-02,-9.370123036205768585e-03,-4.946761950850486755e-02,3.645407035946846008e-02,4.608899727463722229e-02,5.596224963665008545e-02,2.418247796595096588e-02,1.777611076831817627e-01,-5.666361749172210693e-02,1.189892515540122986e-01,-4.503756761550903320e-02,-3.575722873210906982e-02,-1.211053412407636642e-02,-2.923225983977317810e-02,-2.773311361670494080e-02,5.163076892495155334e-02,1.668166078161448240e-04,1.593288592994213104e-02,5.008107051253318787e-02,1.666045375168323517e-02,-8.266748487949371338e-02,3.332816064357757568e-02,-3.977767378091812134e-02,2.109653875231742859e-02,-5.183102190494537354e-02,2.057802081108093262e-01,1.113929972052574158e-01,1.421142928302288055e-02,1.135502532124519348e-01,1.000000000000000000e+00,8.068409562110900879e-02,2.822609432041645050e-02,2.788999862968921661e-02,1.284725219011306763e-01,-8.029049634933471680e-02,-3.162442520260810852e-02,6.909885443747043610e-03,9.546676650643348694e-03,-3.212960809469223022e-02,2.686975523829460144e-02,-9.587876498699188232e-02,2.787006832659244537e-02,-5.196956545114517212e-02,-3.184711188077926636e-02,6.949504464864730835e-02,9.300809353590011597e-03,-3.557460755109786987e-02,1.151036322116851807e-01,-4.872725158929824829e-02,-5.791975930333137512e-02,-3.083482757210731506e-02,-8.063256740570068359e-03,1.129851303994655609e-02,-8.008587360382080078e-02,6.299453228712081909e-02,5.751178786158561707e-02,-7.117350399494171143e-02,-2.853211946785449982e-02,5.462936684489250183e-02,5.780215561389923096e-02,-6.828752160072326660e-02
-5.512039363384246826e-02,-5.142945051193237305e-02,2.929764054715633392e-02,5.538398399949073792e-02,-1.097958236932754517e-01,4.072040691971778870e-02,8.497518487274646759e-03,-5.521603301167488098e-02,4.406568408012390137e-02,-1.138336863368749619e-02,-3.635313734412193298e-02,5.010211840271949768e-02,3.892839327454566956e-02,1.507241427898406982e-01,9.806049615144729614e-02,2.283765934407711029e-02,1.622399315237998962e-02,-4.729767516255378723e-02,-4.707340896129608154e-02,4.067241400480270386e-02,-7.989553734660148621e-03,-6.949640065431594849e-02,-1.542405411601066589e-02,7.864485681056976318e-02,3.763823211193084717e-02,3.245240822434425354e-02,-5.075903981924057007e-02,5.100509151816368103e-02,-7.245928049087524414e-02,-2.599608711898326874e-02,4.014632105827331543e-02,-3.753568977117538452e-02,8.095632307231426239e-03,-1.330806594341993332e-02,-7.876800373196601868e-03,3.742458298802375793e-02,-6.949588656425476074e-02,-5.431786552071571350e-02,1.341260373592376709e-01,-1.593141630291938782e-02,-9.315958246588706970e-03,7.191597670316696167e-02,5.278122425079345703e-02,-1.890413835644721985e-02,2.825686894357204437e-02,-1.610582694411277771e-02,-9.613728150725364685e-03,1.279461663216352463e-02,-2.407016418874263763e-02,-8.546356111764907837e-03,3.963102772831916809e-02,1.593931913375854492e-01,2.375517971813678741e-02,7.410077750682830811e-02,-8.174088597297668457e-02,-2.438728697597980499e-02,1.703029498457908630e-02,-1.329402253031730652e-02,-1.375887636095285416e-02,-7.668225467205047607e-02,6.590444827452301979e-04,8.281772607006132603e-04,9.825904667377471924e-02,1.774618029594421387e-01,-2.136581018567085266e-02,8.443781733512878418e-02,-6.798195093870162964e-02,5.499482899904251099e-02,2.310678176581859589e-02,-1.369808614253997803e-02,-7.042248733341693878e-03,3.627896308898925781e-02,5.157416313886642456e-02,6.052910909056663513e-02,-7.854069769382476807e-02,-1.256121546030044556e-01,-5.798473581671714783e-02,-2.320636063814163208e-02,7.563994266092777252e-03,-3.428682684898376465e-02,-8.206536062061786652e-03,1.600733101367950439e-01,-1.582942530512809753e-02,6.131742149591445923e-02,8.068411797285079956e-02,1.000000000000000000e+00,-1.453153043985366821e-01,1.354048252105712891e-01,-1.806610524654388428e-01,1.053080037236213684e-01,4.663063213229179382e-02,-5.935494229197502136e-02,6.476823240518569946e-02,-5.819816142320632935e-02,-4.697716236114501953e-02,4.902060702443122864e-02,5.027871951460838318e-02,2.590270526707172394e-02,1.662179268896579742e-02,-5.888114497065544128e-02,-9.109885990619659424e-02,5.101472139358520508e-02,1.569494046270847321e-02,1.039654910564422607e-01,-4.621092975139617920e-02,-2.928100898861885071e-02,-1.141721289604902267e-02,-4.914860799908638000e-02,5.738441646099090576e-02,1.102885510772466660e-02,-3.889742121100425720e-02,8.614418096840381622e-03,1.166476495563983917e-02,-4.685942083597183228e-02,1.677635163068771362e-01,4.618654493242502213e-03
4.337355494499206543e-02,5.737886298447847366e-03,6.823398172855377197e-02,3.440583590418100357e-03,2.481775172054767609e-02,1.262921653687953949e-02,3.229258581995964050e-02,-2.782102301716804504e-02,1.266877283342182636e-03,5.422419682145118713e-02,-6.414540112018585205e-02,3.644887730479240417e-02,2.929544448852539062e-02,-5.078917369246482849e-02,5.724170804023742676e-02,-5.260229110717773438e-03,-1.008615642786026001e-02,-8.776436559855937958e-03,-2.850452810525894165e-02,-2.602629177272319794e-02,7.268096506595611572e-02,1.602938212454319000e-02,2.706828713417053223e-02,7.310165464878082275e-02,4.730465263128280640e-02,1.804024726152420044e-02,7.635049521923065186e-02,4.981500282883644104e-02,2.441399963572621346e-03,-8.659041486680507660e-03,6.706072390079498291e-02,-2.393211936578154564e-03,5.184988677501678467e-02,-2.336799539625644684e-02,-7.479784078896045685e-03,5.499052256345748901e-02,-6.492362171411514282e-02,-9.106967598199844360e-02,1.582864113152027130e-02,1.231373175978660583e-01,6.105584651231765747e-02,9.748464822769165039e-02,-3.640039637684822083e-02,-5.927772819995880127e-02,-2.507852017879486084e-02,2.958000451326370239e-02,-6.513851881027221680e-02,-1.400926895439624786e-02,8.055309951305389404e-02,-2.117390558123588562e-02,1.002385001629590988e-02,-6.438565254211425781e-02,4.082675278186798096e-02,-1.103539988398551941e-01,1.266679316759109497e-01,2.049171365797519684e-02,-8.311646431684494019e-02,-6.085282191634178162e-02,-5.233062803745269775e-02,5.977719649672508240e-02,-7.196407765150070190e-02,2.144275978207588196e-02,7.509456574916839600e-02,-4.113475326448678970e-03,2.773655392229557037e-02,-1.381029374897480011e-02,-4.630169644951820374e-02,-4.808612540364265442e-02,-2.254214696586132050e-02,-2.903104387223720551e-02,2.406638488173484802e-02,5.614498630166053772e-02,3.302824869751930237e-02,-7.218083739280700684e-02,-1.849905215203762054e-02,1.185515895485877991e-02,5.450728908181190491e-02,-2.879630401730537415e-02,-2.391586825251579285e-02,3.607254475355148315e-02,5.945743247866630554e-02,-9.293623268604278564e-03,1.497930437326431274e-01,1.286763604730367661e-02,2.822609618306159973e-02,-1.453153342008590698e-01,1.000000000000000000e+00,2.363913804292678833e-01,1.176813319325447083e-01,-2.709907852113246918e-02,-1.722029969096183777e-02,-1.425058953464031219e-02,-5.584678146988153458e-03,-2.162011712789535522e-02,-4.738252144306898117e-03,-1.065462082624435425e-01,-2.545467205345630646e-02,5.529686063528060913e-02,5.978823825716972351e-02,-3.672359744086861610e-03,7.330563664436340332e-02,2.581818215548992157e-02,7.376015186309814453e-02,5.412033200263977051e-02,7.174494862556457520e-02,-3.411299362778663635e-02,1.487180870026350021e-02,4.216438159346580505e-03,9.226346760988235474e-02,-1.117180287837982178e-02,-1.668459326028823853e-01,2.147341333329677582e-02,3.065740875899791718e-02,1.390099152922630310e-02,-2.872705645859241486e-02,4.304515570402145386e-02
-5.304865166544914246e-02,-3.464714437723159790e-02,-2.051330404356122017e-03,6.186740100383758545e-02,4.567528888583183289e-02,1.123749539256095886e-01,-1.045711264014244080e-01,-1.023492366075515747e-01,-1.298309564590454102e-01,1.204615235328674316e-01,7.841765135526657104e-02,-3.358817100524902344e-02,-3.500203415751457214e-02,8.899588137865066528e-02,-7.806725800037384033e-02,3.246390074491500854e-02,2.994186943396925926e-03,-2.984978817403316498e-02,-7.874921895563602448e-03,-5.068456009030342102e-02,-4.690325260162353516e-02,5.289604514837265015e-02,-5.597220361232757568e-02,5.921912565827369690e-02,-8.769965916872024536e-02,-1.581359282135963440e-02,-4.338608123362064362e-03,1.795252114534378052e-01,3.279777988791465759e-02,-2.852317318320274353e-02,-7.428466342389583588e-03,4.783962666988372803e-02,4.837305471301078796e-02,-9.291678667068481445e-03,-3.454810008406639099e-02,-1.286412682384252548e-02,4.206661880016326904e-02,-3.128581494092941284e-02,1.003760471940040588e-02,1.095460504293441772e-01,1.301328539848327637e-01,-7.725510746240615845e-02,-2.225499227643013000e-02,8.114281808957457542e-04,-2.506558597087860107e-02,7.199630141258239746e-02,-6.846850365400314331e-02,-4.435468465089797974e-02,1.886264421045780182e-02,3.637604415416717529e-02,3.207727894186973572e-02,1.531597040593624115e-02,-3.483353927731513977e-02,1.355555355548858643e-01,-8.407806605100631714e-02,1.275419741868972778e-01,-6.133549287915229797e-02,-1.648001023568212986e-03,-2.049009129405021667e-02,2.980079501867294312e-02,7.977553643286228180e-03,6.428817659616470337e-02,-2.420381642878055573e-02,-3.585783764719963074e-02,-1.501228194683790207e-02,1.708450913429260254e-02,1.673484966158866882e-02,4.101329948753118515e-03,4.666323214769363403e-02,-5.024931952357292175e-02,5.138385668396949768e-02,1.655407622456550598e-02,2.578070946037769318e-02,-3.451972454786300659e-02,7.717073708772659302e-02,8.221653103828430176e-02,1.523841079324483871e-02,5.343709513545036316e-02,-3.392690420150756836e-02,-7.016213238239288330e-02,-2.997685968875885010e-02,-1.301693730056285858e-03,1.915864646434783936e-02,1.423276960849761963e-01,2.788974903523921967e-02,1.354049742221832275e-01,2.363916486501693726e-01,1.000000000000000000e+00,3.430425003170967102e-02,8.519501984119415283e-02,-3.462383523583412170e-02,5.802683066576719284e-03,-3.652972355484962463e-02,1.282007578993216157e-04,1.126034744083881378e-02,-1.030258275568485260e-02,-1.933675259351730347e-02,1.028044670820236206e-01,5.818340927362442017e-02,6.726423162035644054e-04,-1.393260508775711060e-01,-8.655928075313568115e-02,6.392650306224822998e-02,9.182659536600112915e-02,-3.482045372948050499e-03,-6.483988463878631592e-02,-4.243959113955497742e-02,5.500671267509460449e-02,2.050605975091457367e-02,4.180650040507316589e-02,-2.713886462152004242e-02,-2.091941609978675842e-02,1.261134725064039230e-02,-4.096689447760581970e-02,-6.761573255062103271e-02,-5.080674216151237488e-02
-3.365479782223701477e-02,-1.137056760489940643e-02,-2.885814756155014038e-02,-2.691997401416301727e-02,3.765726089477539062e-02,-9.769168496131896973e-02,2.057855017483234406e-02,-2.793881855905056000e-02,-3.218621388077735901e-02,7.927322294563055038e-04,1.255511790513992310e-01,2.204014547169208527e-02,1.635627355426549911e-03,2.116760984063148499e-02,7.878747582435607910e-02,-3.885222971439361572e-02,-8.259685710072517395e-03,8.391149342060089111e-02,8.084911853075027466e-03,-5.665316060185432434e-02,-9.702142328023910522e-03,3.900118172168731689e-02,6.297491490840911865e-02,-1.666947454214096069e-02,-6.098579987883567810e-02,5.608767643570899963e-02,-3.925089910626411438e-02,-3.238238394260406494e-02,-7.736536860466003418e-02,-1.294535212218761444e-02,9.995172172784805298e-02,-6.295644491910934448e-02,1.455262023955583572e-02,-1.444460600614547729e-01,-2.382227033376693726e-02,5.841740220785140991e-02,-1.321551389992237091e-04,4.840442538261413574e-02,9.274387359619140625e-02,-4.478254914283752441e-02,7.467402517795562744e-02,-5.827745050191879272e-02,-1.955559663474559784e-02,1.316036935895681381e-02,-8.537245541810989380e-02,2.740375325083732605e-02,4.269117023795843124e-03,-6.859748810529708862e-02,-7.044177502393722534e-02,3.037029644474387169e-03,-4.874375835061073303e-02,-4.849723726511001587e-02,9.733477607369422913e-03,6.588984280824661255e-03,1.287870258092880249e-01,-1.771360263228416443e-02,-6.446208804845809937e-02,-5.004788562655448914e-02,1.502507328987121582e-01,-1.123366728425025940e-01,1.324228942394256592e-01,-1.486168429255485535e-02,-5.201151594519615173e-02,-5.849248170852661133e-02,-7.164254784584045410e-02,1.896884292364120483e-02,-7.231298089027404785e-02,-4.619321599602699280e-02,3.604237362742424011e-02,5.132413282990455627e-02,-9.241296909749507904e-03,-7.543987128883600235e-03,-6.746243685483932495e-02,8.245632052421569824e-02,8.576369285583496094e-02,-1.135299056768417358e-01,-4.128873348236083984e-02,-1.172357983887195587e-02,1.383205950260162354e-01,-2.153690718114376068e-02,3.910823725163936615e-03,-6.207064911723136902e-02,-5.119686946272850037e-02,-6.347682327032089233e-02,1.284725666046142578e-01,-1.806611567735671997e-01,1.176810190081596375e-01,3.430434688925743103e-02,1.000000000000000000e+00,6.312582641839981079e-02,5.981519073247909546e-02,7.238262146711349487e-02,1.070501469075679779e-02,-3.757726401090621948e-02,5.761962011456489563e-02,-3.441524878144264221e-02,2.089898288249969482e-02,-5.970998667180538177e-03,-1.290902048349380493e-01,-3.646554658189415932e-03,9.514338523149490356e-02,-6.919429637491703033e-03,3.920583054423332214e-02,-6.003554910421371460e-02,9.421557933092117310e-02,-5.414109304547309875e-02,4.773172736167907715e-02,1.294216141104698181e-03,-3.173882141709327698e-02,1.707025431096553802e-02,6.942355632781982422e-02,6.256930530071258545e-02,1.626090961508452892e-04,-9.105608612298965454e-02,9.889823198318481445e-02,6.736111640930175781e-02
-3.212126716971397400e-02,-4.066127911210060120e-02,-1.531817577779293060e-02,-5.432373727671802044e-04,3.711524978280067444e-02,4.021297767758369446e-02,-6.719552725553512573e-02,-3.462938591837882996e-02,7.494168728590011597e-02,-1.231253985315561295e-02,8.258722722530364990e-03,-2.024910791078582406e-04,-3.471945971250534058e-02,-1.018517464399337769e-01,-6.356292217969894409e-02,1.045888885855674744e-01,2.520609647035598755e-03,-2.162545360624790192e-02,2.959136478602886200e-02,-2.189646288752555847e-02,-1.104240193963050842e-01,-8.684448897838592529e-02,-3.266698122024536133e-02,8.018024265766143799e-03,1.401996053755283356e-02,-1.308805681765079498e-02,-1.225892007350921631e-01,4.032313823699951172e-02,-3.726711263880133629e-03,2.595914155244827271e-02,-4.997885972261428833e-02,-9.653909504413604736e-02,-5.102584883570671082e-02,-3.587488457560539246e-02,-2.155812270939350128e-02,8.447185903787612915e-02,3.472048789262771606e-02,4.674613848328590393e-02,4.395715892314910889e-02,1.330402959138154984e-02,7.395419478416442871e-02,8.707527071237564087e-03,8.463051915168762207e-02,1.153757143765687943e-02,-5.519277229905128479e-02,-7.326253503561019897e-02,-1.429794169962406158e-02,2.348735369741916656e-02,-1.763018965721130371e-02,4.973354749381542206e-03,-3.642776608467102051e-02,1.422064751386642456e-02,7.995832129381597042e-04,1.614557355642318726e-01,-3.093163296580314636e-02,9.419360756874084473e-02,-1.155702695250511169e-01,6.509558856487274170e-02,1.752268895506858826e-02,2.613754943013191223e-02,6.795030832290649414e-02,1.045493502169847488e-02,5.695774778723716736e-02,3.509131446480751038e-02,-1.183965727686882019e-01,2.626167051494121552e-02,4.356385022401809692e-02,-1.202594954520463943e-02,7.612271234393119812e-03,5.767296627163887024e-02,2.558434195816516876e-02,1.782346703112125397e-02,-9.205610305070877075e-02,-1.020078733563423157e-01,-2.405140735208988190e-02,4.658767208456993103e-02,9.139768779277801514e-03,-7.971648126840591431e-03,-4.440151900053024292e-02,7.051313668489456177e-02,6.054389476776123047e-02,1.049025077372789383e-02,8.588174358010292053e-03,5.736982822418212891e-02,-8.029048889875411987e-02,1.053080782294273376e-01,-2.709899470210075378e-02,8.519515395164489746e-02,6.312589347362518311e-02,1.000000000000000000e+00,-8.189471811056137085e-02,9.355322271585464478e-02,1.564494450576603413e-03,2.425520494580268860e-02,6.158103793859481812e-02,-4.043795913457870483e-02,1.524899736978113651e-03,-2.747719176113605499e-02,-7.917428761720657349e-02,1.010239720344543457e-01,3.971694782376289368e-02,1.396384090185165405e-01,-4.258421063423156738e-02,3.995143994688987732e-02,-8.861616253852844238e-03,-1.414605416357517242e-02,1.971588581800460815e-01,-4.501434043049812317e-02,4.090167582035064697e-02,-1.237220838665962219e-01,5.805604159832000732e-02,5.510329082608222961e-02,3.700760751962661743e-02,-7.330223917961120605e-02,-4.206271097064018250e-02,-3.722566366195678711e-02
-6.650185585021972656e-02,-3.107413835823535919e-02,-7.746886461973190308e-02,-9.428277611732482910e-03,-7.995035499334335327e-02,-8.488638699054718018e-02,-5.960580706596374512e-02,8.225933462381362915e-02,7.006482034921646118e-02,2.269897609949111938e-02,-2.047985233366489410e-02,4.019962623715400696e-02,2.812987565994262695e-02,4.055853560566902161e-02,-5.735422018915414810e-03,-2.913592010736465454e-02,-9.346872568130493164e-02,-1.941963285207748413e-02,9.671310894191265106e-03,8.247108757495880127e-02,-7.009251415729522705e-02,-1.963711343705654144e-02,-4.905017465353012085e-02,3.470012918114662170e-02,9.934507310390472412e-02,-3.510616719722747803e-02,3.660837933421134949e-02,1.212945207953453064e-02,-2.154628932476043701e-02,2.462428621947765350e-02,8.914208970963954926e-03,5.664544552564620972e-02,-1.610819622874259949e-02,-3.143679350614547729e-02,1.757065765559673309e-02,1.451571732759475708e-01,-4.845597222447395325e-02,7.956139743328094482e-02,6.142026931047439575e-02,2.595784328877925873e-02,-7.019955664873123169e-02,4.037345573306083679e-02,2.458612993359565735e-02,-2.215733751654624939e-02,-9.203970432281494141e-02,-4.140170291066169739e-03,-1.376516185700893402e-02,5.794521048665046692e-02,-1.747122593224048615e-02,3.636405244469642639e-02,4.132267460227012634e-02,-3.169607743620872498e-02,5.773207545280456543e-02,-1.672040298581123352e-02,9.526219218969345093e-02,-1.065895780920982361e-01,-3.532331436872482300e-03,-5.478338524699211121e-02,3.840162232518196106e-02,2.059344761073589325e-02,-1.550520490854978561e-02,7.671272847801446915e-03,-6.369685381650924683e-02,-4.750273656100034714e-03,2.536300756037235260e-02,4.679718986153602600e-02,-5.342805013060569763e-02,-6.717886030673980713e-02,6.744164042174816132e-03,4.469701275229454041e-02,6.115998327732086182e-02,-7.023235410451889038e-02,7.980680465698242188e-02,-7.003213465213775635e-02,5.154788866639137268e-02,2.406930737197399139e-02,-2.499364316463470459e-02,-1.018308326601982117e-01,-3.642020747065544128e-02,-6.863453984260559082e-02,-1.506941393017768860e-02,-6.398057192564010620e-02,1.474898681044578552e-02,2.283853106200695038e-02,-3.162444010376930237e-02,4.663065820932388306e-02,-1.722026430070400238e-02,-3.462374582886695862e-02,5.981519073247909546e-02,-8.189469575881958008e-02,1.000000000000000000e+00,2.086941748857498169e-01,3.009539544582366943e-01,1.446521580219268799e-01,1.409871410578489304e-02,-3.784273052588105202e-03,1.230698972940444946e-01,-4.447817336767911911e-03,1.187373027205467224e-01,1.994165405631065369e-02,4.004095681011676788e-03,-3.263536095619201660e-02,5.605756118893623352e-02,1.761795952916145325e-02,-1.699275523424148560e-02,1.301348581910133362e-02,2.048393152654170990e-02,4.029518738389015198e-02,4.467294737696647644e-02,1.758189126849174500e-02,1.098239701241254807e-02,-1.105437204241752625e-01,-4.140216484665870667e-02,1.055314112454652786e-02,-1.202978119254112244e-01,-1.153091713786125183e-01
5.409016157500445843e-04,-8.457825519144535065e-03,-1.478551793843507767e-02,1.530062966048717499e-02,3.523150458931922913e-02,2.853782474994659424e-02,3.160846605896949768e-02,-2.823491767048835754e-02,-4.506675526499748230e-03,-2.072868309915065765e-02,3.354739397764205933e-02,-2.772238291800022125e-02,-7.087388634681701660e-02,7.293461263179779053e-02,-5.394075065851211548e-02,4.694759473204612732e-02,2.838198281824588776e-02,-1.826183497905731201e-02,1.038218475878238678e-02,-3.621501475572586060e-02,2.156318537890911102e-02,-5.727266892790794373e-02,8.614994585514068604e-02,2.198997186496853828e-03,-7.925176620483398438e-02,3.332145512104034424e-02,-1.417324393987655640e-01,4.186834767460823059e-02,2.385938167572021484e-02,-9.040334820747375488e-02,4.353004693984985352e-02,-5.074502527713775635e-02,2.704532817006111145e-02,-1.029492821544408798e-02,3.214983642101287842e-02,-2.069846726953983307e-02,-8.409616351127624512e-02,-2.739117853343486786e-02,-1.575842127203941345e-02,3.242484480142593384e-02,-6.526830047369003296e-02,-1.150183845311403275e-02,-1.544982101768255234e-02,3.161959350109100342e-02,1.509223133325576782e-02,-5.763041973114013672e-02,3.563471511006355286e-02,4.655678197741508484e-02,3.354513552039861679e-03,-7.653985917568206787e-02,-3.675495833158493042e-02,-1.478175260126590729e-02,-1.080982610583305359e-01,1.342527419328689575e-01,-7.896219193935394287e-02,4.754352942109107971e-02,-2.258330956101417542e-02,1.528290286660194397e-02,6.849821656942367554e-02,-3.779108449816703796e-02,-8.819629997014999390e-02,9.109668899327516556e-04,4.513550084084272385e-03,1.603397168219089508e-02,-3.310457244515419006e-02,-3.012646920979022980e-02,9.066919237375259399e-02,2.086519449949264526e-02,9.335085749626159668e-03,3.715439513325691223e-02,-5.386884883046150208e-02,5.123927444219589233e-02,-8.719107136130332947e-03,-6.949715316295623779e-02,-4.548346996307373047e-02,7.008883357048034668e-02,8.187738806009292603e-02,-2.498216694220900536e-03,-7.041070610284805298e-02,-8.812397718429565430e-02,-4.055310040712356567e-02,-6.774435937404632568e-02,7.877370715141296387e-02,-3.170187398791313171e-02,6.910122931003570557e-03,-5.935530737042427063e-02,-1.425063051283359528e-02,5.802942439913749695e-03,7.238250225782394409e-02,9.355319291353225708e-02,2.086942940950393677e-01,1.000000000000000000e+00,9.243202954530715942e-02,2.125375270843505859e-01,6.374707072973251343e-02,-6.468719244003295898e-02,-2.025648951530456543e-02,-1.481067668646574020e-02,1.569003798067569733e-02,1.131589636206626892e-01,-2.805192023515701294e-03,-3.071818873286247253e-02,-8.851533383131027222e-02,2.408239804208278656e-02,-1.061820760369300842e-01,-2.253680862486362457e-02,8.074707537889480591e-02,-4.134185984730720520e-02,3.573921695351600647e-02,-2.385233528912067413e-02,-1.725656166672706604e-02,-7.354215718805789948e-03,-8.058982342481613159e-02,1.114119067788124084e-01,1.016740873456001282e-01,5.548192933201789856e-02
4.226439446210861206e-02,-2.490547299385070801e-02,-5.393278226256370544e-02,3.314014896750450134e-02,5.596107244491577148e-02,-5.534167587757110596e-02,-4.724680911749601364e-03,-5.616886541247367859e-02,5.229556933045387268e-03,3.206307813525199890e-02,5.616212263703346252e-02,-3.647770360112190247e-02,-2.276815660297870636e-02,8.037186414003372192e-02,-2.901425398886203766e-02,5.114179477095603943e-02,4.453987628221511841e-02,1.113643776625394821e-02,-2.604635618627071381e-02,7.095265388488769531e-02,3.256834670901298523e-02,8.576665818691253662e-02,-2.707347832620143890e-02,2.477243356406688690e-02,-2.652026247233152390e-03,-7.425435632467269897e-02,-7.706477493047714233e-02,8.908411860466003418e-02,-2.504489943385124207e-02,-1.805333048105239868e-02,-2.119665406644344330e-02,-5.140455067157745361e-02,-6.213761866092681885e-02,5.828244984149932861e-02,3.182725980877876282e-02,-2.963104657828807831e-02,8.964343369007110596e-02,5.355105921626091003e-02,2.120848186314105988e-02,-9.977396577596664429e-02,-2.426813356578350067e-02,8.872256614267826080e-03,-1.280904933810234070e-02,-1.157831959426403046e-02,-5.760353058576583862e-02,8.038713596761226654e-03,4.978709667921066284e-02,-5.981680005788803101e-02,-3.958319127559661865e-02,1.625843346118927002e-02,1.656338945031166077e-02,-7.149435114115476608e-03,1.224725134670734406e-02,-7.863361388444900513e-02,4.885877296328544617e-02,-1.784646767191588879e-03,-3.850300610065460205e-02,-6.876321882009506226e-02,-6.965047866106033325e-02,3.445141762495040894e-02,-6.369259208440780640e-02,1.967519288882613182e-03,-5.759155377745628357e-02,1.083033438771963120e-02,-7.710359245538711548e-02,1.104981973767280579e-01,-6.388626992702484131e-02,9.501305967569351196e-02,2.160004107281565666e-03,4.351420328021049500e-02,2.431653067469596863e-02,-8.511902391910552979e-02,1.118238419294357300e-01,1.056430414319038391e-01,-1.175371464341878891e-02,-8.298856019973754883e-02,-2.508137375116348267e-02,1.424363553524017334e-01,-1.574758067727088928e-02,-2.839903719723224640e-02,-6.806782633066177368e-02,-4.240653011947870255e-03,-2.864305302500724792e-02,5.017919838428497314e-02,9.546607732772827148e-03,6.476829946041107178e-02,-5.584797821938991547e-03,-3.652970492839813232e-02,1.070507057011127472e-02,1.564426347613334656e-03,3.009538650512695312e-01,9.243226796388626099e-02,1.000000000000000000e+00,9.181351959705352783e-02,-1.406977176666259766e-01,-5.028374865651130676e-02,-3.577208146452903748e-02,-7.828990370035171509e-02,2.633387781679630280e-02,-5.865349993109703064e-02,-4.269783198833465576e-02,-1.228332147002220154e-02,1.916094869375228882e-02,-3.808500245213508606e-02,5.902902409434318542e-02,-8.721994608640670776e-02,-1.043261513113975525e-01,7.671418786048889160e-02,1.413297373801469803e-02,4.248561337590217590e-02,-1.059510558843612671e-01,-2.498009800910949707e-02,1.086220592260360718e-01,4.296875000000000000e-02,4.970398172736167908e-02,2.739638555794954300e-03
-6.600048393011093140e-02,-1.666636206209659576e-02,7.995031028985977173e-02,-7.518148515373468399e-03,-2.836270071566104889e-02,1.990880072116851807e-02,3.886767849326133728e-02,-4.506829008460044861e-02,9.125850163400173187e-03,-2.994528226554393768e-02,8.483967185020446777e-02,-5.858531966805458069e-02,5.349156260490417480e-02,-4.623246565461158752e-02,4.454908892512321472e-02,-2.367752045392990112e-02,-1.419692393392324448e-02,4.345824941992759705e-02,-3.621000796556472778e-02,-8.403881452977657318e-03,-2.523777633905410767e-02,7.233323156833648682e-02,1.325321644544601440e-01,-2.334615960717201233e-02,4.209996759891510010e-02,-2.635902538895606995e-02,-5.594221409410238266e-03,8.214856684207916260e-02,2.386076003313064575e-02,-7.822428643703460693e-02,-1.657496951520442963e-02,-4.744246974587440491e-02,-4.434228688478469849e-02,-6.129425764083862305e-02,-1.064664423465728760e-01,6.536362320184707642e-02,-2.553279697895050049e-02,5.657526105642318726e-02,-1.188219711184501648e-01,-4.955644533038139343e-02,2.705777622759342194e-02,-6.050972267985343933e-03,1.000530435703694820e-03,-2.488005906343460083e-02,3.596612950786948204e-03,1.951678842306137085e-02,-5.024576932191848755e-02,2.086699195206165314e-02,-1.145277824252843857e-02,-2.197317779064178467e-02,-1.070067137479782104e-01,-2.109442278742790222e-02,-9.126880764961242676e-02,-1.261137332767248154e-02,-1.656643301248550415e-02,1.871972903609275818e-02,-3.231190145015716553e-03,-1.363893132656812668e-02,-1.117241103202104568e-03,1.548421829938888550e-01,6.188423186540603638e-02,5.065890774130821228e-02,-9.835047274827957153e-02,-1.573259569704532623e-02,-1.393487583845853806e-02,-9.543207474052906036e-03,-3.850994631648063660e-02,-5.020695179700851440e-02,7.117698341608047485e-02,6.408487912267446518e-03,-4.001352563500404358e-02,-8.106707595288753510e-03,-2.442993968725204468e-02,-1.540098804980516434e-02,-6.360086053609848022e-02,-1.403744071722030640e-01,-4.696795344352722168e-02,5.171744525432586670e-02,-6.463601440191268921e-02,2.483836933970451355e-02,-5.418632179498672485e-02,3.501783311367034912e-02,-1.010370254516601562e-02,7.833134732209146023e-04,-3.212977945804595947e-02,-5.819777026772499084e-02,-2.162012457847595215e-02,1.280377618968486786e-04,-3.757711127400398254e-02,2.425521612167358398e-02,1.446518898010253906e-01,2.125377058982849121e-01,9.181357920169830322e-02,1.000000000000000000e+00,-5.525382980704307556e-02,3.819968551397323608e-03,-4.336225986480712891e-02,2.463456429541110992e-02,-4.506174102425575256e-02,1.284988671541213989e-01,-7.451841980218887329e-02,9.429261833429336548e-02,-5.811135843396186829e-02,1.259343177080154419e-01,-4.888057336211204529e-02,5.636764224618673325e-03,-1.047770231962203979e-01,-1.167793050408363342e-01,2.836794778704643250e-02,5.038630962371826172e-02,1.101447269320487976e-01,3.925467282533645630e-02,3.317654132843017578e-02,1.927601359784603119e-02,-9.140262007713317871e-02,-1.007224339991807938e-02
9.226968884468078613e-02,-3.200913593173027039e-02,2.768264338374137878e-02,4.546696785837411880e-03,-5.981050431728363037e-02,4.221465066075325012e-02,-3.793250769376754761e-02,1.227134559303522110e-02,-6.860827654600143433e-02,2.376282215118408203e-02,2.274055592715740204e-02,-1.383293978869915009e-02,1.615353487432003021e-02,-1.921878382563591003e-02,-2.786929160356521606e-02,8.405261486768722534e-02,-4.357206635177135468e-03,4.377521574497222900e-02,1.360442675650119781e-02,-6.380629539489746094e-02,3.234782442450523376e-02,-9.679326415061950684e-02,-5.129377171397209167e-02,4.548867419362068176e-02,-2.936076372861862183e-02,2.520390599966049194e-02,-5.196398496627807617e-02,4.171088337898254395e-02,1.793653219938278198e-01,-9.446967393159866333e-02,1.680130884051322937e-02,-1.389290858060121536e-02,-3.853083774447441101e-02,-2.844147384166717529e-04,7.697504013776779175e-02,2.838184684514999390e-02,1.979337446391582489e-02,4.207119345664978027e-02,1.769137233495712280e-01,-2.197450585663318634e-02,-2.358482778072357178e-02,1.212590932846069336e-02,9.270038455724716187e-03,-1.349434908479452133e-02,2.083568833768367767e-03,6.827438250184059143e-03,-4.285390675067901611e-02,-3.454216988757252693e-03,1.167793385684490204e-02,-1.592146232724189758e-02,-2.442270703613758087e-02,-1.677658967673778534e-02,-8.333138539455831051e-04,3.201000764966011047e-02,3.766301274299621582e-02,7.299520075321197510e-02,1.520576141774654388e-02,-2.228620462119579315e-02,-8.035996556282043457e-02,-3.922761604189872742e-02,-4.014245793223381042e-02,1.537854876369237900e-02,6.096600554883480072e-03,-5.911854677833616734e-04,-1.586706005036830902e-02,-3.703746944665908813e-02,1.873965375125408173e-03,5.443859845399856567e-02,-1.217368319630622864e-01,2.067110873758792877e-02,2.684240415692329407e-02,7.320108264684677124e-02,1.014418713748455048e-02,7.968281395733356476e-03,1.910684816539287567e-02,-6.747811287641525269e-02,-1.271714568138122559e-01,1.468484252691268921e-01,4.059923812747001648e-02,-7.077571749687194824e-02,9.965909644961357117e-03,1.560453232377767563e-02,1.082935035228729248e-01,-4.603503621183335781e-04,2.686984278261661530e-02,-4.697727411985397339e-02,-4.738071933388710022e-03,1.126048061996698380e-02,5.761965364217758179e-02,6.158104538917541504e-02,1.409872807562351227e-02,6.374710053205490112e-02,-1.406976878643035889e-01,-5.525370687246322632e-02,1.000000000000000000e+00,1.490214169025421143e-01,1.174062713980674744e-01,-1.469749659299850464e-01,3.827816992998123169e-02,1.306234598159790039e-01,-5.162952467799186707e-02,-6.618157774209976196e-02,6.081154569983482361e-02,-3.388680750504136086e-03,-3.686623275279998779e-02,6.973770260810852051e-02,-9.072078019380569458e-02,-1.049246564507484436e-01,1.669639050960540771e-01,2.525725215673446655e-02,-2.536368370056152344e-01,1.086837872862815857e-01,3.370164660736918449e-03,9.302755445241928101e-02,-8.900354802608489990e-02,4.330004565417766571e-03
-3.030129708349704742e-03,2.111167460680007935e-02,7.817946374416351318e-02,-3.444084897637367249e-02,1.463946886360645294e-02,-4.453764110803604126e-02,-4.033436998724937439e-03,-3.384708613157272339e-02,-3.613230586051940918e-02,-2.319770306348800659e-02,-4.879882931709289551e-02,-4.816331714391708374e-02,1.780624315142631531e-02,-6.220031902194023132e-02,5.364915728569030762e-02,3.493180125951766968e-02,-1.950237900018692017e-02,-8.518343418836593628e-02,1.070124059915542603e-01,3.626231476664543152e-02,-4.093914106488227844e-02,1.658169738948345184e-02,-3.525740280747413635e-02,-3.292252123355865479e-02,-9.339221566915512085e-02,-5.746980383992195129e-02,2.595950663089752197e-02,9.161293506622314453e-02,1.052989624440670013e-02,7.785407360643148422e-03,2.861840650439262390e-03,-5.309929256327450275e-04,-1.278904825448989868e-01,-4.822522774338722229e-02,2.607781812548637390e-02,-5.375728476792573929e-03,1.795299202203750610e-01,2.644348889589309692e-02,1.243349537253379822e-01,7.897049188613891602e-03,3.250552341341972351e-02,2.048049494624137878e-02,3.703761473298072815e-02,-3.628280386328697205e-02,-5.215037148445844650e-03,-5.635555461049079895e-02,-2.489056438207626343e-02,-8.385210484266281128e-02,-2.212789282202720642e-02,-9.223434142768383026e-03,-2.743859589099884033e-02,-1.012172549962997437e-02,-3.453825414180755615e-02,-2.542382106184959412e-02,7.827337086200714111e-02,2.710515446960926056e-02,-1.301450934261083603e-02,-3.657342493534088135e-02,-1.565060578286647797e-02,5.200919508934020996e-02,-1.596922054886817932e-02,7.474186713807284832e-04,-3.940568864345550537e-02,-1.553348172456026077e-02,-2.344843745231628418e-02,-2.857423201203346252e-02,1.366376411169767380e-02,-3.065809374675154686e-03,2.608808281365782022e-04,-3.503540530800819397e-02,6.338120996952056885e-02,-3.780312091112136841e-02,6.481520249508321285e-04,-3.395576775074005127e-02,2.390948310494422913e-02,-5.495584756135940552e-02,-5.987842753529548645e-02,-1.295383740216493607e-02,1.947381049394607544e-01,4.839570447802543640e-02,-8.557178825139999390e-02,-1.222301856614649296e-03,4.886530339717864990e-02,6.839696783572435379e-03,-9.587889909744262695e-02,4.902043938636779785e-02,-1.065463572740554810e-01,-1.030249707400798798e-02,-3.441525623202323914e-02,-4.043791815638542175e-02,-3.784186672419309616e-03,-6.468717753887176514e-02,-5.028370767831802368e-02,3.819991368800401688e-03,1.490212380886077881e-01,1.000000000000000000e+00,4.181418195366859436e-02,-6.056628376245498657e-02,5.191154032945632935e-02,-1.101743616163730621e-02,1.906184107065200806e-02,-1.234491262584924698e-02,-4.138137027621269226e-02,4.371869564056396484e-02,6.734225898981094360e-02,-1.413136161863803864e-02,-1.048099808394908905e-02,1.777479238808155060e-02,-5.876122787594795227e-02,-1.137324497103691101e-01,5.002009868621826172e-02,6.968648731708526611e-02,-3.750713169574737549e-02,-2.725700475275516510e-02,7.592181116342544556e-02,1.478063762187957764e-01
-3.676767647266387939e-02,-4.359485208988189697e-02,6.270789355039596558e-02,-1.515462435781955719e-02,-3.419546410441398621e-02,1.785931736230850220e-01,-2.482963167130947113e-02,-3.741716220974922180e-02,-1.880565658211708069e-02,-5.621727555990219116e-02,2.048822119832038879e-03,-5.799720808863639832e-02,-5.209472030401229858e-02,9.376427158713340759e-03,3.870504349470138550e-02,5.975640192627906799e-02,-3.883981844410300255e-03,-7.323341816663742065e-02,-2.298369631171226501e-02,4.870148748159408569e-02,1.639463156461715698e-01,-7.492842525243759155e-02,-5.850808322429656982e-02,-8.219173178076744080e-03,6.603744626045227051e-02,3.205153346061706543e-02,7.912525534629821777e-02,-2.446826361119747162e-02,-3.147467598319053650e-02,1.244090422987937927e-01,-4.718653485178947449e-02,1.009267475455999374e-02,-1.918421499431133270e-02,6.573113799095153809e-02,2.881926298141479492e-02,-3.436743840575218201e-02,-4.272835329174995422e-02,-1.420398950576782227e-01,-1.597478240728378296e-02,3.373345360159873962e-02,-8.835839480161666870e-02,8.121742308139801025e-02,1.037326548248529434e-02,-5.502721294760704041e-02,-3.075989196076989174e-03,5.641985218971967697e-03,-3.009212203323841095e-02,-3.304084390401840210e-02,-4.271239507943391800e-03,-1.026136800646781921e-02,-3.034928627312183380e-02,1.556188799440860748e-03,1.724770641885697842e-03,9.967567399144172668e-03,3.875055536627769470e-02,-1.119711622595787048e-02,-1.324705407023429871e-02,7.150730583816766739e-03,-1.864022016525268555e-02,1.232354715466499329e-02,-2.838304080069065094e-02,-5.112368240952491760e-02,-5.750318989157676697e-02,-2.929407358169555664e-02,-6.904755532741546631e-02,-8.547685109078884125e-03,5.066282581537961960e-03,4.088728502392768860e-02,-1.939005777239799500e-02,3.089752281084656715e-03,-9.436008258489891887e-05,1.897935755550861359e-02,-2.203302644193172455e-02,-5.828411132097244263e-02,-3.241374157369136810e-03,-1.091224048286676407e-02,1.629763655364513397e-02,4.909552633762359619e-02,7.416080683469772339e-02,-6.012841686606407166e-02,6.765879690647125244e-02,-7.538346201181411743e-02,1.380565315485000610e-01,-1.121939066797494888e-02,2.787005901336669922e-02,5.027873441576957703e-02,-2.545471116900444031e-02,-1.933690346777439117e-02,2.089901454746723175e-02,1.524877618066966534e-03,1.230698451399803162e-01,-2.025646343827247620e-02,-3.577196225523948669e-02,-4.336237534880638123e-02,1.174060851335525513e-01,4.181422293186187744e-02,1.000000000000000000e+00,3.079684078693389893e-01,9.695279598236083984e-02,5.071460735052824020e-03,1.213667821139097214e-02,-4.945340007543563843e-02,3.939208015799522400e-02,-6.127405911684036255e-02,-1.019431278109550476e-02,-2.679211646318435669e-02,-1.144003495573997498e-01,-9.896792471408843994e-03,-1.656889617443084717e-01,5.022843554615974426e-02,1.762978732585906982e-01,1.508003771305084229e-01,5.410525016486644745e-03,5.202681943774223328e-02,-3.285562247037887573e-02,-8.536236733198165894e-02
-3.802724182605743408e-02,-1.366872899234294891e-02,4.350281506776809692e-02,-8.636245876550674438e-02,-4.879792034626007080e-02,-2.625254169106483459e-02,-9.962731972336769104e-03,-2.915003895759582520e-02,-5.762867256999015808e-02,-6.130712106823921204e-03,4.749201238155364990e-03,-5.671013891696929932e-02,-2.495504450052976608e-03,1.632012426853179932e-02,-1.770343258976936340e-02,-5.251949653029441833e-02,-3.376559168100357056e-02,4.102579504251480103e-02,7.753949030302464962e-04,-6.099008768796920776e-02,-1.013999525457620621e-02,1.219912767410278320e-01,-1.728187128901481628e-02,3.673657774925231934e-03,-9.765258058905601501e-03,-9.575039148330688477e-02,6.059427559375762939e-02,-6.665024440735578537e-03,1.271336525678634644e-02,-4.103003069758415222e-02,4.096942488104104996e-03,-1.366225332021713257e-01,2.630751393735408783e-02,4.121975228190422058e-02,3.881716635078191757e-03,-1.464374363422393799e-02,-2.966193109750747681e-02,5.679131671786308289e-02,-4.259311780333518982e-02,2.370638027787208557e-02,-9.258741140365600586e-02,2.388565428555011749e-02,-3.689231351017951965e-02,-7.639028877019882202e-02,2.934299968183040619e-02,1.372314896434545517e-02,-5.730478838086128235e-02,-4.824596270918846130e-02,-2.256315434351563454e-03,2.486613811925053596e-03,-7.208616938441991806e-03,-1.892124488949775696e-02,-8.312999457120895386e-02,-7.630177587270736694e-02,8.820082992315292358e-02,1.242495141923427582e-02,9.598446078598499298e-03,5.132624134421348572e-02,-2.185591123998165131e-02,6.804242264479398727e-03,-2.537144534289836884e-02,-2.682822942733764648e-02,-5.182764679193496704e-02,-8.360726060345768929e-04,2.478085458278656006e-02,2.375610917806625366e-02,4.482755810022354126e-02,6.186903640627861023e-02,-2.029228396713733673e-02,-4.898700863122940063e-03,-1.167720854282379150e-01,-3.559979423880577087e-02,-3.082640760112553835e-04,5.870081856846809387e-02,-2.298792824149131775e-02,7.031705975532531738e-02,1.124694272875785828e-01,6.464929133653640747e-02,-9.629851579666137695e-02,-3.201466798782348633e-02,4.866667091846466064e-02,6.957846879959106445e-02,-3.982847183942794800e-02,2.185843884944915771e-03,-5.196956172585487366e-02,2.590267919003963470e-02,5.529664456844329834e-02,1.028045788407325745e-01,-5.970950704067945480e-03,-2.747714705765247345e-02,-4.447851330041885376e-03,-1.481065247207880020e-02,-7.829000800848007202e-02,2.463455125689506531e-02,-1.469751596450805664e-01,-6.056655198335647583e-02,3.079684674739837646e-01,1.000000000000000000e+00,5.250528827309608459e-02,1.089580878615379333e-01,-1.093291640281677246e-01,5.437703803181648254e-02,1.479444280266761780e-02,9.046735614538192749e-02,-2.818341180682182312e-02,1.254279073327779770e-02,1.500979363918304443e-01,-7.752591371536254883e-02,6.077578291296958923e-03,1.261821538209915161e-01,1.222905740141868591e-01,6.274316459894180298e-02,-3.740660846233367920e-02,7.516799867153167725e-02,-6.976740807294845581e-02,-2.974443510174751282e-02
-2.936842292547225952e-02,9.121046401560306549e-03,-6.274989992380142212e-02,5.253505706787109375e-02,-5.656791850924491882e-02,-1.789881847798824310e-02,-1.062470860779285431e-02,2.366873249411582947e-02,2.611970412544906139e-04,-1.372934132814407349e-02,-1.963173970580101013e-02,6.970567256212234497e-02,5.902904667891561985e-04,-6.173824518918991089e-02,1.464845053851604462e-02,2.877268567681312561e-02,4.430537298321723938e-02,7.550340145826339722e-02,-2.097673341631889343e-02,2.559865079820156097e-02,4.340384528040885925e-02,-1.153177991509437561e-01,1.652995357289910316e-03,-1.371964579448103905e-03,-1.731769368052482605e-02,1.824768818914890289e-02,-4.132616892457008362e-02,-2.222590148448944092e-02,-8.161471225321292877e-03,5.965543165802955627e-02,-4.206296429038047791e-02,8.402328006923198700e-03,1.649374142289161682e-02,-3.310194239020347595e-02,-4.133566468954086304e-02,8.354716002941131592e-02,-6.865270435810089111e-03,6.012745201587677002e-03,-2.862938120961189270e-02,9.460359066724777222e-02,2.665721066296100616e-02,-1.595182567834854126e-01,2.560589648783206940e-02,5.759333074092864990e-02,-3.729849681258201599e-02,-6.747609376907348633e-02,3.030690364539623260e-02,-1.591298915445804596e-02,-2.846920676529407501e-02,-3.154157847166061401e-02,9.055532515048980713e-03,-2.902916260063648224e-02,-2.163169346749782562e-02,-6.901976466178894043e-02,1.801511086523532867e-02,2.832767926156520844e-02,7.148603349924087524e-02,-1.845861040055751801e-02,-2.415261790156364441e-02,-3.261466324329376221e-02,2.326972223818302155e-02,4.755702614784240723e-02,-4.939955845475196838e-02,-8.114863932132720947e-02,-6.620413064956665039e-02,2.226081863045692444e-02,-9.514153003692626953e-02,-5.105782672762870789e-02,-4.781585559248924255e-02,3.427698835730552673e-02,6.158504169434309006e-03,-6.423761695623397827e-02,4.908970370888710022e-02,2.591464854776859283e-02,5.017684027552604675e-02,6.646014004945755005e-02,-4.681565985083580017e-02,-3.049540705978870392e-02,6.054348871111869812e-02,6.688506156206130981e-02,-3.031748719513416290e-02,9.328537620604038239e-03,3.324275463819503784e-02,1.340429182164371014e-03,-3.184705972671508789e-02,1.662172377109527588e-02,5.978822708129882812e-02,5.818353593349456787e-02,-1.290902197360992432e-01,-7.917419821023941040e-02,1.187375709414482117e-01,1.568989083170890808e-02,2.633386850357055664e-02,-4.506196826696395874e-02,3.827822953462600708e-02,5.191158875823020935e-02,9.695288538932800293e-02,5.250522494316101074e-02,1.000000000000000000e+00,2.802885770797729492e-01,9.220887720584869385e-02,1.310701370239257812e-01,1.221635118126869202e-01,-3.025741688907146454e-02,9.129896759986877441e-02,8.750778622925281525e-03,1.211301330476999283e-02,1.251657158136367798e-01,5.043510720133781433e-02,-3.902712836861610413e-02,-4.611881822347640991e-02,2.249221354722976685e-01,6.752571463584899902e-02,-6.560681760311126709e-02,4.685277491807937622e-02,-3.370851650834083557e-02
3.598173707723617554e-02,-4.362753033638000488e-02,9.281389415264129639e-02,9.144315123558044434e-02,6.814578082412481308e-03,9.052012860774993896e-02,2.887838985770940781e-03,2.852174080908298492e-02,-1.880131475627422333e-02,-7.880864292383193970e-02,2.747406065464019775e-02,2.208680659532546997e-02,1.279513686895370483e-01,-2.038638293743133545e-02,2.383368462324142456e-02,-6.239901855587959290e-02,-2.997837960720062256e-02,-3.860321268439292908e-02,2.618814446032047272e-02,3.733645007014274597e-02,-5.670365644618868828e-04,-9.608489274978637695e-02,-8.295153267681598663e-03,-3.488765656948089600e-02,5.298730731010437012e-02,-3.193834051489830017e-02,4.238217324018478394e-02,-1.809056964702904224e-03,-2.792782709002494812e-02,-8.826434612274169922e-02,7.231108844280242920e-03,-5.565106123685836792e-02,3.574421256780624390e-02,3.888642415404319763e-02,1.196046173572540283e-02,-9.237665683031082153e-02,-5.023865774273872375e-02,1.321360655128955841e-02,-2.624570205807685852e-02,-1.041012909263372421e-02,9.473836049437522888e-03,-4.099009186029434204e-02,-1.763767749071121216e-02,2.864312380552291870e-03,1.022463813424110413e-01,4.664976522326469421e-02,-4.212774336338043213e-02,-5.376518517732620239e-02,5.132451187819242477e-03,1.981663145124912262e-02,-3.635492175817489624e-02,-8.474071510136127472e-03,-1.214820891618728638e-01,-8.842328190803527832e-02,-3.978143259882926941e-02,8.230102062225341797e-02,1.306053716689348221e-02,1.921802014112472534e-02,-1.106846854090690613e-01,1.055200211703777313e-02,-4.339089244604110718e-02,-3.384099528193473816e-02,5.990260466933250427e-02,-1.055028587579727173e-01,1.780556514859199524e-02,-4.570597782731056213e-02,-1.459159553050994873e-01,-9.879478812217712402e-02,-2.970259822905063629e-02,1.447079121135175228e-03,6.182182207703590393e-02,7.207664847373962402e-02,-5.857830867171287537e-03,-8.872081339359283447e-02,-2.760406211018562317e-02,6.945751607418060303e-02,7.509329915046691895e-02,6.696122884750366211e-02,1.456636749207973480e-02,1.158030703663825989e-01,-2.170135639607906342e-02,-3.359052538871765137e-02,-6.907008588314056396e-02,5.890028551220893860e-03,6.949492543935775757e-02,-5.888107791543006897e-02,-3.672380466014146805e-03,6.724876584485173225e-04,-3.646621946245431900e-03,1.010239943861961365e-01,1.994132064282894135e-02,1.131592914462089539e-01,-5.865344405174255371e-02,1.284989267587661743e-01,1.306234002113342285e-01,-1.101753953844308853e-02,5.071373190730810165e-03,1.089580282568931580e-01,2.802885472774505615e-01,1.000000000000000000e+00,-2.510047703981399536e-02,9.337734431028366089e-02,1.552657969295978546e-02,-2.704885788261890411e-02,6.092687323689460754e-02,6.068229302763938904e-02,-1.369418203830718994e-02,1.076710596680641174e-01,-1.936326548457145691e-02,-8.581799454987049103e-03,-2.164557576179504395e-02,6.158442795276641846e-02,7.128036022186279297e-02,-4.325568675994873047e-02,2.066173106431961060e-01,-6.264209747314453125e-02
-6.790850311517715454e-02,-8.106808364391326904e-02,-4.834246262907981873e-02,-6.499614100903272629e-03,-8.704461902379989624e-02,-1.921641826629638672e-02,-5.015004053711891174e-02,-1.606107875704765320e-02,1.749158278107643127e-02,-6.689111888408660889e-02,9.515947103500366211e-02,2.697681821882724762e-02,-6.490888446569442749e-02,-7.069060951471328735e-02,-8.546559140086174011e-03,-6.106422282755374908e-03,7.230729609727859497e-02,-6.640832126140594482e-02,8.029689639806747437e-02,9.986928105354309082e-02,-8.612388372421264648e-02,9.623828530311584473e-02,-2.093000710010528564e-02,-6.479893624782562256e-02,-4.949957877397537231e-02,-2.562278648838400841e-03,-1.277364194393157959e-01,1.254708617925643921e-01,1.228463486768305302e-03,-2.955974312499165535e-03,7.582129910588264465e-03,6.065510213375091553e-02,-3.322008997201919556e-02,4.359632357954978943e-02,1.361726969480514526e-01,-5.218686163425445557e-02,-1.644756086170673370e-02,1.994120888411998749e-02,-8.675385266542434692e-02,7.688122242689132690e-02,6.173986196517944336e-02,-7.442425191402435303e-02,-4.411967098712921143e-02,4.137600958347320557e-02,-4.746468737721443176e-03,-6.349132210016250610e-02,-4.258583113551139832e-02,-1.719170436263084412e-02,2.823595702648162842e-02,1.636024750769138336e-02,-5.021540075540542603e-02,3.249956294894218445e-02,4.501995444297790527e-02,4.541172832250595093e-02,2.210528403520584106e-02,-2.342867851257324219e-02,4.091574624180793762e-02,-5.707092210650444031e-02,-4.411933571100234985e-02,1.790893264114856720e-02,-2.517772279679775238e-02,-4.355678334832191467e-02,-2.586662955582141876e-02,5.500547587871551514e-02,3.070545569062232971e-02,-3.890724107623100281e-02,-5.136212334036827087e-03,2.393599133938550949e-03,2.878636680543422699e-02,8.789614774286746979e-03,5.656558275222778320e-02,-2.368582412600517273e-02,-3.652461990714073181e-02,5.636471509933471680e-02,-1.478396635502576828e-02,-4.485485702753067017e-02,1.915107667446136475e-02,-3.037172369658946991e-02,-1.270431326702237129e-03,4.015826061367988586e-02,1.085557490587234497e-01,4.664135724306106567e-02,-1.038757385686039925e-03,-1.945101656019687653e-02,9.300741367042064667e-03,-9.109884500503540039e-02,7.330552488565444946e-02,-1.393260955810546875e-01,9.514341503381729126e-02,3.971688449382781982e-02,4.003958776593208313e-03,-2.804930321872234344e-03,-4.269793629646301270e-02,-7.451856136322021484e-02,-5.162960290908813477e-02,1.906182989478111267e-02,1.213675178587436676e-02,-1.093290895223617554e-01,9.220869839191436768e-02,-2.510048449039459229e-02,1.000000000000000000e+00,1.208384931087493896e-01,2.839612066745758057e-01,3.162014763802289963e-03,-1.705993525683879852e-02,-8.136478066444396973e-02,-7.038175314664840698e-02,8.623093017376959324e-04,-1.635900326073169708e-02,3.061913512647151947e-02,-2.942884899675846100e-02,7.735577528364956379e-04,1.594474911689758301e-02,1.194098591804504395e-01,1.179132014513015747e-01,-5.163113772869110107e-02
-7.445689290761947632e-02,1.538062840700149536e-02,-6.284232437610626221e-02,4.182120785117149353e-03,-4.312235862016677856e-02,-2.469301782548427582e-02,8.889604359865188599e-03,-3.411937132477760315e-02,-3.056885302066802979e-02,-4.696872830390930176e-02,1.324580609798431396e-02,-5.279199406504631042e-02,9.170214086771011353e-02,-2.572099864482879639e-02,-1.916134357452392578e-02,-1.043233349919319153e-01,1.019440367817878723e-01,9.714320302009582520e-03,8.345777541399002075e-02,3.741513937711715698e-02,-3.597511351108551025e-02,3.196639940142631531e-02,-1.300594449276104569e-04,-7.510346919298171997e-02,3.431445360183715820e-02,1.023373082280158997e-01,9.263073652982711792e-02,-3.249948099255561829e-02,-5.260608717799186707e-02,-2.227704273536801338e-03,1.463001128286123276e-02,1.971000619232654572e-02,-5.962907895445823669e-02,-6.069582700729370117e-02,2.427560836076736450e-02,-4.550206009298563004e-03,-1.509727537631988525e-02,-8.658804744482040405e-02,1.099022850394248962e-01,1.129321008920669556e-01,-4.966259747743606567e-02,3.467148914933204651e-02,-1.129527855664491653e-02,5.438730120658874512e-02,4.997231438755989075e-02,-1.143950689584016800e-02,2.059804461896419525e-02,-1.025355048477649689e-02,-1.083901524543762207e-02,-3.700196743011474609e-02,-1.823297888040542603e-02,-4.193862527608871460e-02,-7.190443575382232666e-02,-5.616869777441024780e-02,-7.008270919322967529e-02,-8.118947967886924744e-03,3.029472567141056061e-02,7.128524128347635269e-03,3.526134416460990906e-02,6.574463844299316406e-02,1.776168495416641235e-02,1.390305012464523315e-01,4.159251973032951355e-02,-8.226928301155567169e-03,1.945254206657409668e-02,1.607384911039844155e-04,-1.007062941789627075e-02,-3.318485245108604431e-02,-1.018065363168716431e-01,-1.936724595725536346e-02,-4.017949476838111877e-02,6.339078396558761597e-02,-2.652851864695549011e-02,7.546195387840270996e-02,4.934980347752571106e-02,6.660552322864532471e-02,-2.788953483104705811e-02,3.471989883109927177e-03,-1.303487364202737808e-02,-2.832219749689102173e-02,-7.350229471921920776e-02,-2.501203678548336029e-02,-1.132074072957038879e-01,-2.426842786371707916e-02,-3.557464107871055603e-02,5.101464316248893738e-02,2.581822872161865234e-02,-8.655921369791030884e-02,-6.919490639120340347e-03,1.396383345127105713e-01,-3.263527154922485352e-02,-3.071824833750724792e-02,-1.228339876979589462e-02,9.429280459880828857e-02,-6.618168950080871582e-02,-1.234468258917331696e-02,-4.945337027311325073e-02,5.437699332833290100e-02,1.310702115297317505e-01,9.337738901376724243e-02,1.208385378122329712e-01,1.000000000000000000e+00,1.892091333866119385e-02,2.728695273399353027e-01,-4.975780099630355835e-02,-1.549965422600507736e-02,-4.251590929925441742e-03,-4.559588804841041565e-02,3.502256423234939575e-02,1.518298089504241943e-01,5.969870835542678833e-02,-2.585794404149055481e-02,8.647544682025909424e-02,-3.209641948342323303e-02,-1.002691686153411865e-01,-3.845410048961639404e-02
-2.584049478173255920e-02,1.551902107894420624e-02,5.956183746457099915e-02,3.289281204342842102e-02,2.907590568065643311e-02,-6.587199121713638306e-02,7.784009911119937897e-03,3.711716458201408386e-02,8.618414402008056641e-02,4.377784789539873600e-04,6.911278516054153442e-02,2.785707265138626099e-02,-5.046242475509643555e-02,5.695474520325660706e-02,5.852631293237209320e-03,-8.957011997699737549e-02,-3.677754849195480347e-02,1.165840700268745422e-01,-3.255597501993179321e-02,3.580252826213836670e-02,4.496218264102935791e-02,-1.201501488685607910e-02,1.321114599704742432e-02,4.930111393332481384e-02,1.199783850461244583e-02,-1.103106606751680374e-02,-1.142259687185287476e-01,-8.959496393799781799e-03,1.698123663663864136e-02,3.232361376285552979e-02,1.130817458033561707e-02,5.959986150264739990e-02,-1.899292133748531342e-02,-1.274271458387374878e-01,-4.873016849160194397e-02,-7.016620784997940063e-02,-2.373271062970161438e-02,3.038111142814159393e-02,2.761560492217540741e-03,-1.317189782857894897e-01,8.050734177231788635e-03,7.638137321919202805e-04,-4.408197849988937378e-02,-3.488564491271972656e-02,8.504166267812252045e-03,4.880138114094734192e-02,5.747846141457557678e-02,2.819591574370861053e-02,-2.005437575280666351e-02,-8.418318815529346466e-03,2.181285806000232697e-02,1.006444636732339859e-02,1.977777667343616486e-02,-5.510879307985305786e-02,4.951670393347740173e-02,3.830901160836219788e-02,-2.764619886875152588e-03,-5.121412221342325211e-03,-1.221009180881083012e-03,-7.336784899234771729e-02,3.918975964188575745e-02,-5.748089030385017395e-02,-5.791655555367469788e-02,3.389936313033103943e-02,5.149457603693008423e-02,5.783450789749622345e-03,9.268684685230255127e-02,1.760997250676155090e-02,9.148747473955154419e-02,1.000620350241661072e-01,-1.125226020812988281e-01,4.685131832957267761e-02,-7.126121968030929565e-02,9.678490459918975830e-03,1.103370562195777893e-01,1.360893156379461288e-02,-7.071536034345626831e-02,1.506427079439163208e-01,-7.707687467336654663e-02,-5.677988752722740173e-02,-3.115706704556941986e-02,5.504580214619636536e-02,2.969895489513874054e-02,2.505436353385448456e-02,1.151038110256195068e-01,1.569502428174018860e-02,7.376009225845336914e-02,6.392654776573181152e-02,3.920578584074974060e-02,-4.258422181010246277e-02,5.605738610029220581e-02,-8.851533383131027222e-02,1.916102692484855652e-02,-5.811134353280067444e-02,6.081160530447959900e-02,-4.138134047389030457e-02,3.939194977283477783e-02,1.479439251124858856e-02,1.221637949347496033e-01,1.552644371986389160e-02,2.839611470699310303e-01,1.892098411917686462e-02,1.000000000000000000e+00,1.988419592380523682e-01,2.000415176153182983e-01,-1.005053333938121796e-02,3.085616789758205414e-02,-3.755323216319084167e-02,3.582231700420379639e-02,-1.303917961195111275e-03,1.378770451992750168e-02,2.594745717942714691e-02,4.598462581634521484e-02,4.657002538442611694e-02,5.781596153974533081e-02,2.215072326362133026e-02
-5.366850271821022034e-02,-2.710599801503121853e-04,-5.094375833868980408e-02,4.012181982398033142e-02,-1.071973051875829697e-02,-3.720381110906600952e-02,-1.500075310468673706e-02,-1.281251199543476105e-02,-3.875928744673728943e-02,3.646966069936752319e-02,-4.673074185848236084e-02,-4.236682876944541931e-02,-3.003290109336376190e-02,-2.516677044332027435e-02,8.965161442756652832e-02,3.395953215658664703e-03,-2.677247487008571625e-02,-6.207925081253051758e-02,2.204678952693939209e-02,-1.777069643139839172e-02,2.061620913445949554e-02,1.313331443816423416e-02,-5.832295492291450500e-02,-1.331667788326740265e-02,-8.056099526584148407e-03,-7.035170495510101318e-02,-3.854824602603912354e-02,5.230671539902687073e-02,2.807213924825191498e-02,3.896049037575721741e-02,-7.296260446310043335e-02,8.946950733661651611e-02,2.506079524755477905e-02,5.134661868214607239e-02,-6.863518804311752319e-02,-3.841405361890792847e-02,3.090733662247657776e-02,-3.582325205206871033e-02,4.574058577418327332e-03,-1.671970263123512268e-02,-3.293702006340026855e-02,2.734852582216262817e-02,-1.847392134368419647e-02,1.318512018769979477e-02,-1.227913610637187958e-02,-1.187111344188451767e-02,1.762998476624488831e-02,1.720284484326839447e-02,-7.707532960921525955e-03,-3.012130409479141235e-02,-2.892246656119823456e-02,-1.804575324058532715e-02,-1.268923003226518631e-02,2.593241631984710693e-02,-2.272460795938968658e-02,-1.586231216788291931e-02,6.332550197839736938e-03,7.349570840597152710e-02,3.513286635279655457e-02,-4.449919611215591431e-02,3.419462218880653381e-02,-3.086270019412040710e-02,3.179787471890449524e-02,-1.280458644032478333e-02,-4.546699300408363342e-02,-1.047506853938102722e-01,1.365662086755037308e-02,5.461610853672027588e-03,-1.418702304363250732e-02,7.611199468374252319e-02,3.774746786803007126e-03,1.304901298135519028e-02,1.094851177185773849e-03,-2.390516549348831177e-02,3.305531106889247894e-03,-1.176172285340726376e-03,-9.201003238558769226e-03,-1.055233776569366455e-01,-4.306651651859283447e-02,-8.645953983068466187e-02,-9.468765556812286377e-02,9.646104648709297180e-03,4.412850737571716309e-02,9.285192936658859253e-02,-4.872723296284675598e-02,1.039655357599258423e-01,5.412031337618827820e-02,9.182669967412948608e-02,-6.003556773066520691e-02,3.995140641927719116e-02,1.761809177696704865e-02,2.408214099705219269e-02,-3.808491304516792297e-02,1.259343624114990234e-01,-3.388600423932075500e-03,4.371858760714530945e-02,-6.127403303980827332e-02,9.046730399131774902e-02,-3.025756776332855225e-02,-2.704878523945808411e-02,3.161921398714184761e-03,2.728695869445800781e-01,1.988420039415359497e-01,1.000000000000000000e+00,1.393748670816421509e-01,1.420885026454925537e-01,-1.032089367508888245e-01,3.865896910429000854e-02,-8.842791616916656494e-02,-1.666533388197422028e-02,6.584745645523071289e-02,-8.185532689094543457e-02,8.951478451490402222e-02,8.116953819990158081e-02,4.719522222876548767e-02,1.509523987770080566e-01
2.618953585624694824e-02,2.541052922606468201e-02,-4.799193143844604492e-02,8.802238851785659790e-03,1.015257537364959717e-01,-3.669401630759239197e-02,1.588022150099277496e-02,1.343312487006187439e-02,5.975300446152687073e-02,-1.121866777539253235e-01,-2.690939605236053467e-02,-9.251538664102554321e-02,5.510171502828598022e-02,2.119794115424156189e-02,-7.864139229059219360e-02,2.971275337040424347e-02,-1.077181473374366760e-01,-5.026231333613395691e-02,-7.840466499328613281e-02,-2.901700511574745178e-02,-1.601830869913101196e-01,-2.537331916391849518e-02,8.925054222345352173e-03,-4.791522771120071411e-02,-1.389191858470439911e-02,-2.116619795560836792e-02,-3.403632715344429016e-02,3.640431538224220276e-02,-5.236008390784263611e-02,1.244716346263885498e-03,-9.253546595573425293e-02,4.277303442358970642e-02,1.541095413267612457e-02,1.138214115053415298e-02,5.199373140931129456e-02,6.670572608709335327e-02,2.587892115116119385e-02,-4.425314441323280334e-02,6.890152115374803543e-03,-2.300636656582355499e-02,-8.319557458162307739e-02,-5.551202688366174698e-03,3.055296838283538818e-02,7.761897519230842590e-03,8.392166346311569214e-03,3.040822409093379974e-02,-1.250202488154172897e-02,1.622334821149706841e-04,-2.310183085501194000e-02,6.292833387851715088e-02,-3.354822052642703056e-03,3.262934833765029907e-02,-4.097952321171760559e-02,-1.815499179065227509e-02,-1.289152260869741440e-02,2.950044348835945129e-02,2.738890983164310455e-02,3.275533393025398254e-02,5.345946177840232849e-02,-2.571021392941474915e-02,2.531017921864986420e-02,9.836912155151367188e-03,-3.661883994936943054e-02,-1.550454925745725632e-02,-4.381383582949638367e-02,4.160830751061439514e-02,4.590834956616163254e-03,3.811368346214294434e-02,6.431499868631362915e-02,-7.032908499240875244e-02,-3.639353066682815552e-02,2.599346451461315155e-02,2.414415776729583740e-02,-5.981538444757461548e-02,-4.791202768683433533e-02,-9.028399735689163208e-02,4.585078731179237366e-02,7.928676158189773560e-02,1.115862056612968445e-01,-2.555248327553272247e-02,2.963792905211448669e-02,-3.309240937232971191e-02,6.569918245077133179e-02,9.607457369565963745e-02,-5.791984498500823975e-02,-4.621104896068572998e-02,7.174506783485412598e-02,-3.482055151835083961e-03,9.421547502279281616e-02,-8.861485868692398071e-03,-1.699285395443439484e-02,-1.061818599700927734e-01,5.902882665395736694e-02,-4.888078197836875916e-02,-3.686631098389625549e-02,6.734222173690795898e-02,-1.019417122006416321e-02,-2.818352915346622467e-02,9.129894524812698364e-02,6.092685088515281677e-02,-1.706017553806304932e-02,-4.975781589746475220e-02,2.000414878129959106e-01,1.393749564886093140e-01,1.000000000000000000e+00,3.548863530158996582e-01,7.597719877958297729e-02,7.433754950761795044e-02,3.904316201806068420e-02,-3.668943420052528381e-02,2.670952491462230682e-02,-7.720096409320831299e-02,-6.497213151305913925e-03,-6.881191581487655640e-02,-3.308219835162162781e-02,6.618825346231460571e-02
-1.333557628095149994e-02,-2.893336489796638489e-02,4.653671011328697205e-02,-1.417918689548969269e-02,-1.096856296062469482e-01,1.328597962856292725e-01,-5.757761187851428986e-03,-3.513383865356445312e-02,-1.589947962202131748e-03,-1.630026032216846943e-03,2.342120371758937836e-02,-4.296473413705825806e-02,-4.274156689643859863e-02,8.079662919044494629e-03,-6.247804686427116394e-02,-7.125449925661087036e-02,-4.448639601469039917e-02,-2.183412760496139526e-02,8.089436218142509460e-03,2.661780267953872681e-02,-1.148424372076988220e-01,5.869745090603828430e-02,5.935771390795707703e-03,-8.062641322612762451e-02,-7.049056142568588257e-02,-3.471377864480018616e-02,1.079322472214698792e-01,3.233221545815467834e-02,-3.765775635838508606e-02,-1.435104012489318848e-02,-1.740776374936103821e-02,9.031831473112106323e-02,1.450261380523443222e-02,-5.777330696582794189e-02,5.008880980312824249e-04,6.398194283246994019e-02,-2.330314368009567261e-02,-1.239592209458351135e-02,-1.022298932075500488e-01,7.228295505046844482e-02,2.870749868452548981e-02,-3.355351043865084648e-03,-1.350789534626528621e-04,7.420099340379238129e-03,1.487583201378583908e-02,1.811011694371700287e-03,1.871723798103630543e-03,8.799346978776156902e-04,-1.780072576366364956e-03,-3.004875220358371735e-02,1.984098367393016815e-02,1.165056787431240082e-02,5.058865621685981750e-02,-1.056444924324750900e-02,-4.515201225876808167e-02,-5.960869602859020233e-03,-2.965569496154785156e-02,-1.445643231272697449e-02,1.881091669201850891e-02,4.209123726468533278e-04,1.773454435169696808e-02,8.930619060993194580e-02,-4.264219198375940323e-03,3.438245877623558044e-02,5.499704554677009583e-02,-3.872516006231307983e-02,-5.573892849497497082e-04,3.994578495621681213e-02,-1.739657856523990631e-02,5.121372267603874207e-02,-1.309094578027725220e-02,5.714322440326213837e-03,-3.143572434782981873e-02,1.386542897671461105e-02,-8.803100138902664185e-02,4.524243995547294617e-02,7.996083796024322510e-02,3.838463872671127319e-02,-6.497502326965332031e-02,-4.718542471528053284e-02,4.395930469036102295e-02,2.161911875009536743e-02,1.118234917521476746e-01,4.847275838255882263e-02,-3.083494864404201508e-02,-2.928081899881362915e-02,-3.411305323243141174e-02,-6.483986228704452515e-02,-5.414099246263504028e-02,-1.414619386196136475e-02,1.301348395645618439e-02,-2.253686264157295227e-02,-8.721995353698730469e-02,5.636829417198896408e-03,6.973762810230255127e-02,-1.413142494857311249e-02,-2.679219283163547516e-02,1.254276093095541000e-02,8.750632405281066895e-03,6.068230420351028442e-02,-8.136460185050964355e-02,-1.549958344548940659e-02,-1.005055103451013565e-02,1.420885175466537476e-01,3.548863828182220459e-01,1.000000000000000000e+00,1.421068608760833740e-02,3.065580315887928009e-02,1.273530572652816772e-01,4.869547858834266663e-02,3.159368038177490234e-02,-1.504186391830444336e-01,5.976522713899612427e-02,-3.273535519838333130e-02,7.478609681129455566e-02,2.840176224708557129e-03
4.747508466243743896e-02,-2.968937344849109650e-02,-2.063582837581634521e-02,3.220924735069274902e-02,-6.966316699981689453e-02,2.531618438661098480e-02,-6.061852723360061646e-02,7.546589244157075882e-03,1.598167419433593750e-02,3.170624375343322754e-02,6.002523005008697510e-04,1.009251177310943604e-01,5.667791143059730530e-02,4.092344641685485840e-02,6.876329332590103149e-02,7.481890171766281128e-02,6.364772468805313110e-02,4.966463148593902588e-02,-9.375141561031341553e-02,9.291295707225799561e-02,4.058358073234558105e-02,1.087964475154876709e-01,6.612438708543777466e-02,-3.235189616680145264e-02,9.058060497045516968e-02,-5.867951549589633942e-03,-2.680907025933265686e-02,6.781422346830368042e-02,2.841597609221935272e-02,2.588610909879207611e-02,8.397622406482696533e-02,5.213370919227600098e-02,1.779836416244506836e-02,3.088809736073017120e-02,2.043967321515083313e-02,-5.853732675313949585e-02,4.235789179801940918e-02,-1.984335109591484070e-02,-3.954860568046569824e-02,-6.208837032318115234e-02,-9.378197789192199707e-02,1.752376556396484375e-02,-1.384819019585847855e-02,6.967444904148578644e-03,2.708518132567405701e-02,-3.464916348457336426e-02,-8.323214016854763031e-03,-2.032802440226078033e-02,5.071810260415077209e-02,-5.377199500799179077e-02,-4.822884500026702881e-02,-4.932677373290061951e-02,-5.527150258421897888e-02,-7.726823538541793823e-02,5.796410515904426575e-02,2.393244951963424683e-02,-3.849283605813980103e-02,-8.102749288082122803e-02,3.882835805416107178e-02,-3.951752558350563049e-02,-5.639408156275749207e-02,-5.403805524110794067e-02,1.764571107923984528e-02,1.576031558215618134e-02,2.585869282484054565e-02,-6.536972709000110626e-03,-3.384688869118690491e-02,-6.069697067141532898e-02,-7.092236727476119995e-02,-1.043797656893730164e-02,3.874965384602546692e-02,8.528519421815872192e-02,3.683322295546531677e-02,1.533225178718566895e-02,2.353926748037338257e-02,1.083305943757295609e-02,-1.831051409244537354e-01,5.797825753688812256e-02,-1.712185889482498169e-02,1.943983696401119232e-02,-1.325760930776596069e-01,-1.172204781323671341e-02,1.545474492013454437e-02,-7.571037858724594116e-02,-8.063293062150478363e-03,-1.141710765659809113e-02,1.487187296152114868e-02,-4.243971034884452820e-02,4.773174971342086792e-02,1.971588879823684692e-01,2.048389986157417297e-02,8.074709028005599976e-02,-1.043261289596557617e-01,-1.047769188880920410e-01,-9.072072058916091919e-02,-1.048100646585226059e-02,-1.144003793597221375e-01,1.500980406999588013e-01,1.211301703006029129e-02,-1.369422394782304764e-02,-7.038168609142303467e-02,-4.251583945006132126e-03,3.085620142519474030e-02,-1.032090410590171814e-01,7.597737759351730347e-02,1.421064138412475586e-02,1.000000000000000000e+00,5.810828134417533875e-02,-7.426036149263381958e-02,-1.504989224486052990e-03,-9.806396067142486572e-02,-5.094600468873977661e-02,-5.766753107309341431e-03,1.659776866436004639e-01,-9.298489987850189209e-02,4.737163707613945007e-02
-5.065875500440597534e-02,-1.334681175649166107e-03,5.384292080998420715e-02,-2.590673975646495819e-02,-6.781683117151260376e-02,1.301093026995658875e-03,5.445755273103713989e-02,-2.987145632505416870e-02,-1.277491152286529541e-01,6.897617131471633911e-04,-3.500683233141899109e-02,5.631173402070999146e-02,-4.727129638195037842e-02,-2.578008361160755157e-02,3.545629233121871948e-02,-4.902044311165809631e-02,4.675235226750373840e-02,1.565376296639442444e-02,2.000450529158115387e-02,-2.737133204936981201e-02,-1.006685048341751099e-01,-3.825490921735763550e-02,-7.887712679803371429e-03,-3.966628015041351318e-02,-6.836592406034469604e-02,-6.037504225969314575e-02,7.647977024316787720e-02,-1.369660049676895142e-01,1.617431454360485077e-02,7.192730158567428589e-02,2.372022159397602081e-02,4.371619434095919132e-04,-1.166267599910497665e-02,-2.535266801714897156e-02,-3.804308921098709106e-02,6.721309572458267212e-02,8.653032593429088593e-03,8.352871984243392944e-02,-2.532810159027576447e-02,-3.669059649109840393e-02,2.598876506090164185e-02,1.059359684586524963e-01,5.243073031306266785e-02,-2.158600650727748871e-02,-4.565260931849479675e-02,2.943085506558418274e-02,2.674771472811698914e-02,4.841906949877738953e-02,1.285272650420665741e-03,-1.035303529351949692e-02,-2.671288512647151947e-02,1.436003576964139938e-02,2.702364325523376465e-02,-6.304065883159637451e-02,-4.555304720997810364e-02,-2.862501516938209534e-02,-4.573349282145500183e-02,1.848225854337215424e-02,4.294769838452339172e-02,3.599652089178562164e-03,-1.665892265737056732e-02,6.833501160144805908e-03,-1.058600991964340210e-01,6.292602419853210449e-02,-3.522385284304618835e-02,-5.874272901564836502e-03,-1.625514472834765911e-03,5.243775621056556702e-02,9.850673377513885498e-02,1.039521768689155579e-02,9.466639906167984009e-02,1.615557968616485596e-01,-1.203609853982925415e-01,7.235991954803466797e-02,-1.494739800691604614e-01,-5.119690671563148499e-02,-6.423690938390791416e-04,7.827561348676681519e-02,-1.149996817111968994e-01,-1.329077631235122681e-01,8.049710094928741455e-02,-6.562633067369461060e-02,-9.033025801181793213e-02,1.563097909092903137e-02,1.129857636988162994e-02,-4.914861544966697693e-02,4.216402303427457809e-03,5.500677600502967834e-02,1.294270274229347706e-03,-4.501431807875633240e-02,4.029523208737373352e-02,-4.134179279208183289e-02,7.671423256397247314e-02,-1.167794540524482727e-01,-1.049245297908782959e-01,1.777481660246849060e-02,-9.896743111312389374e-03,-7.752589881420135498e-02,1.251658648252487183e-01,1.076710894703865051e-01,8.622700697742402554e-04,-4.559589922428131104e-02,-3.755327314138412476e-02,3.865906596183776855e-02,7.433755695819854736e-02,3.065574914216995239e-02,5.810822173953056335e-02,1.000000000000000000e+00,-6.008833646774291992e-03,-2.447893656790256500e-02,-7.441205903887748718e-03,5.341561138629913330e-02,-1.729183085262775421e-02,8.614797145128250122e-02,-2.415504679083824158e-02,3.737509250640869141e-02
1.888130232691764832e-02,-1.971673592925071716e-02,1.009971722960472107e-01,-2.201733551919460297e-02,6.878609303385019302e-03,1.658416725695133209e-02,4.745358601212501526e-02,6.685716658830642700e-02,-2.655566856265068054e-02,4.243793338537216187e-02,5.334052816033363342e-02,3.090086393058300018e-02,-1.031408384442329407e-01,-7.894805818796157837e-02,1.506111118942499161e-03,-1.090491563081741333e-01,6.967018544673919678e-02,-4.452058300375938416e-02,-7.657101005315780640e-02,9.014140814542770386e-03,-8.635054528713226318e-02,8.839785307645797729e-02,1.492197997868061066e-02,-6.960459053516387939e-02,3.394220769405364990e-02,-3.111441805958747864e-02,-1.750567555427551270e-01,-1.728358864784240723e-02,-2.811766043305397034e-02,-8.931060880422592163e-02,-1.898416504263877869e-02,-3.282763808965682983e-02,-5.273005366325378418e-02,1.911600679159164429e-02,6.637093145400285721e-03,-4.963182285428047180e-02,3.501177579164505005e-02,5.039546638727188110e-02,-1.077982559800148010e-01,-1.404476761817932129e-01,4.483116045594215393e-02,-8.974406868219375610e-02,-2.186244539916515350e-02,-2.375768870115280151e-02,-5.559600517153739929e-02,-4.954563081264495850e-02,-1.544601842761039734e-02,1.592454127967357635e-02,2.458714134991168976e-02,-2.636264543980360031e-03,3.313285112380981445e-02,-1.509362179785966873e-02,6.300847977399826050e-02,-6.737504899501800537e-02,-1.002118107862770557e-03,6.715007126331329346e-02,-1.548009179532527924e-02,-6.318676285445690155e-03,-5.562546104192733765e-02,-3.667087480425834656e-02,-4.591901972889900208e-02,-4.977471753954887390e-02,8.850693702697753906e-02,6.373899430036544800e-02,-2.211572974920272827e-02,-2.679383195936679840e-02,-2.777453325688838959e-02,-2.156381960958242416e-03,2.961735986173152924e-02,3.011269960552453995e-03,4.798774421215057373e-02,-9.371852502226829529e-03,-9.364487230777740479e-02,2.346568508073687553e-04,3.638436272740364075e-02,4.613763839006423950e-02,-4.625124111771583557e-02,5.623021721839904785e-02,-3.675023466348648071e-02,-1.364783104509115219e-02,-1.039517950266599655e-02,6.498438119888305664e-02,-4.050707444548606873e-02,8.020629733800888062e-02,-8.008595556020736694e-02,5.738463625311851501e-02,9.226343780755996704e-02,2.050592564046382904e-02,-3.173879906535148621e-02,4.090158641338348389e-02,4.467290639877319336e-02,3.573916479945182800e-02,1.413294579833745956e-02,2.836803346872329712e-02,1.669641882181167603e-01,-5.876117199659347534e-02,-1.656891405582427979e-01,6.077737547457218170e-03,5.043511837720870972e-02,-1.936332136392593384e-02,-1.635902747511863708e-02,3.502253070473670959e-02,3.582235425710678101e-02,-8.842790126800537109e-02,3.904335200786590576e-02,1.273528039455413818e-01,-7.426034659147262573e-02,-6.008740514516830444e-03,1.000000000000000000e+00,2.657119929790496826e-01,-3.923298418521881104e-02,-1.078118681907653809e-01,-6.637019664049148560e-02,-3.638233989477157593e-02,-4.230542480945587158e-02,1.637890338897705078e-01
7.280197739601135254e-02,-4.823752865195274353e-02,1.983420737087726593e-02,-1.725120097398757935e-02,7.253453135490417480e-02,5.186156928539276123e-02,-3.406585380434989929e-02,1.200491935014724731e-02,3.050759807229042053e-02,2.607954479753971100e-02,-4.924284666776657104e-02,5.136037990450859070e-02,-2.666435204446315765e-02,-1.435093767940998077e-02,7.131206989288330078e-02,1.053907275199890137e-01,2.736453711986541748e-02,5.715988948941230774e-02,-8.593370020389556885e-02,1.684267632663249969e-02,-4.115131124854087830e-02,3.239780291914939880e-02,-1.670095510780811310e-02,-5.414896178990602493e-03,-1.160429641604423523e-01,1.203984720632433891e-03,4.993739351630210876e-02,2.082484308630228043e-03,6.861028075218200684e-02,-8.597633242607116699e-02,6.510129570960998535e-02,2.105603693053126335e-03,-3.328036516904830933e-02,-1.246753148734569550e-02,3.708973526954650879e-02,-1.313028037548065186e-01,-3.137426078319549561e-02,-1.404690206982195377e-03,-5.707947537302970886e-02,9.690906852483749390e-02,5.478219594806432724e-03,6.844682991504669189e-02,3.067731857299804688e-02,1.275255251675844193e-02,-3.071743063628673553e-02,-1.993720605969429016e-02,9.043278545141220093e-02,9.582328796386718750e-02,-3.196483477950096130e-02,-2.241802029311656952e-02,6.201691552996635437e-02,2.984111383557319641e-02,9.037983603775501251e-03,1.050221472978591919e-01,-6.458103656768798828e-02,-1.580056361854076385e-02,3.036966174840927124e-02,-6.091237440705299377e-02,2.960355579853057861e-02,-8.692968636751174927e-02,1.906320266425609589e-02,-1.190875172615051270e-01,-4.460652172565460205e-02,-1.180367767810821533e-01,5.059860646724700928e-02,-3.679670393466949463e-02,2.347298525273799896e-02,2.769890427589416504e-02,7.746989279985427856e-02,2.743764594197273254e-02,3.928876295685768127e-02,-6.170834228396415710e-02,1.379173435270786285e-02,-3.840227425098419189e-02,1.469869352877140045e-02,-7.481930404901504517e-02,1.642514544073492289e-04,5.514963064342737198e-03,1.000421345233917236e-01,8.789675682783126831e-02,2.632126025855541229e-02,5.892325565218925476e-02,-1.521918624639511108e-01,4.686688631772994995e-02,6.299451738595962524e-02,1.102859433740377426e-02,-1.117176096886396408e-02,4.180650040507316589e-02,1.707027480006217957e-02,-1.237219795584678650e-01,1.758196577429771423e-02,-2.385231666266918182e-02,4.248560965061187744e-02,5.038612708449363708e-02,2.525723911821842194e-02,-1.137325316667556763e-01,5.022854357957839966e-02,1.261821538209915161e-01,-3.902718797326087952e-02,-8.581756614148616791e-03,3.061898797750473022e-02,1.518298238515853882e-01,-1.303894910961389542e-03,-1.666520349681377411e-02,-3.668962791562080383e-02,4.869556054472923279e-02,-1.504944404587149620e-03,-2.447908930480480194e-02,2.657120227813720703e-01,1.000000000000000000e+00,-5.249195918440818787e-02,-1.164789944887161255e-01,-7.339777052402496338e-02,4.078693315386772156e-02,-1.524473577737808228e-01,-1.871139407157897949e-01
-6.038479506969451904e-02,-2.712615765631198883e-02,-2.267428115010261536e-02,6.502624601125717163e-02,-3.164666518568992615e-02,-5.948133766651153564e-02,-8.255223184823989868e-02,3.748662769794464111e-02,2.966030314564704895e-02,4.349516332149505615e-02,2.478466555476188660e-02,5.062729492783546448e-02,3.272030875086784363e-02,6.751677393913269043e-02,-4.698452726006507874e-02,-7.894688844680786133e-02,4.932872205972671509e-02,-1.964662596583366394e-02,8.042430132627487183e-02,-3.398678824305534363e-02,-4.782183095812797546e-02,1.959952712059020996e-01,-3.651137277483940125e-02,-1.196754947304725647e-01,2.095826528966426849e-02,3.079501725733280182e-02,-8.148322999477386475e-02,3.247832879424095154e-02,-1.699832826852798462e-02,7.547743618488311768e-02,-9.210277348756790161e-02,3.176858276128768921e-02,-4.593445733189582825e-02,7.125201076269149780e-02,5.218928307294845581e-02,-1.094879303127527237e-02,1.014701277017593384e-01,-1.649436168372631073e-02,5.840691179037094116e-02,-7.872777432203292847e-02,6.747967749834060669e-02,3.556724265217781067e-02,1.075187232345342636e-03,-2.573764324188232422e-02,-5.736352875828742981e-02,7.982443086802959442e-03,8.315442502498626709e-02,8.718797564506530762e-02,-3.867992386221885681e-02,-2.893780730664730072e-02,-1.303042564541101456e-02,-8.558741956949234009e-02,1.242319680750370026e-02,1.556470338255167007e-02,-2.200554125010967255e-02,1.391464192420244217e-02,-3.771935775876045227e-02,-5.729068070650100708e-03,-5.803092941641807556e-02,-2.363568730652332306e-02,-3.678293153643608093e-02,-2.510209940373897552e-02,6.336881965398788452e-02,-4.957687109708786011e-02,4.613704048097133636e-03,-2.495659049600362778e-03,-3.439230611547827721e-03,-1.496946439146995544e-02,-2.146889641880989075e-02,-3.701775148510932922e-02,1.008928716182708740e-01,5.673715844750404358e-02,3.849346467177383602e-05,-3.568492084741592407e-02,4.088203608989715576e-02,3.638962656259536743e-02,-4.187428206205368042e-02,1.625174283981323242e-02,6.614309549331665039e-02,-3.782767569646239281e-03,8.920003660023212433e-03,-6.084074452519416809e-02,-9.470201283693313599e-02,-1.818511821329593658e-02,5.751173198223114014e-02,-3.889747336506843567e-02,-1.668458133935928345e-01,-2.713894098997116089e-02,6.942355632781982422e-02,5.805609747767448425e-02,1.098248083144426346e-02,-1.725647784769535065e-02,-1.059509664773941040e-01,1.101446002721786499e-01,-2.536364495754241943e-01,5.002024397253990173e-02,1.762977987527847290e-01,1.222907975316047668e-01,-4.611887037754058838e-02,-2.164573967456817627e-02,-2.942873351275920868e-02,5.969870090484619141e-02,1.378762349486351013e-02,6.584756821393966675e-02,2.670959196984767914e-02,3.159366920590400696e-02,-9.806393086910247803e-02,-7.441223599016666412e-03,-3.923311084508895874e-02,-5.249186232686042786e-02,1.000000000000000000e+00,1.695206388831138611e-02,8.870498836040496826e-02,9.755992889404296875e-02,-1.427493896335363388e-02,2.660257928073406219e-02
3.369999676942825317e-02,3.431960195302963257e-02,6.064568180590867996e-03,2.904199296608567238e-03,-6.858938187360763550e-02,9.468883275985717773e-02,-1.724737230688333511e-03,-3.324165567755699158e-02,-6.645238609053194523e-04,7.681069523096084595e-02,-6.418764591217041016e-02,4.208476282656192780e-03,-1.007354632019996643e-01,-2.865046635270118713e-02,-3.480091318488121033e-02,6.133940815925598145e-02,-1.229362376034259796e-02,-9.678065031766891479e-02,-1.136549711227416992e-01,3.020546771585941315e-02,2.020616829395294189e-02,1.446162443608045578e-02,1.159492358565330505e-01,-1.080100759863853455e-01,-2.023879438638687134e-02,-1.437475439161062241e-02,-3.842186555266380310e-02,3.822663798928260803e-02,1.543956901878118515e-02,2.461050078272819519e-02,1.181988394819200039e-03,-1.730397716164588928e-02,-3.308843076229095459e-02,8.303487300872802734e-02,-5.898236483335494995e-02,-2.875280193984508514e-02,4.426532238721847534e-02,1.200551632791757584e-02,1.674694940447807312e-02,-3.515069931745529175e-02,-6.980177760124206543e-02,4.824614524841308594e-02,-1.387474033981561661e-02,6.232606247067451477e-02,-9.779190272092819214e-02,5.211761593818664551e-02,4.038120061159133911e-02,7.768596708774566650e-02,1.783564873039722443e-02,6.110067944973707199e-03,-2.497088164091110229e-02,1.032164320349693298e-02,3.028599917888641357e-02,-2.306588180363178253e-02,3.830066323280334473e-02,3.864132985472679138e-02,-1.823089458048343658e-02,3.019222244620323181e-02,4.319393262267112732e-02,-3.605221165344119072e-03,1.275393813848495483e-01,-1.854620687663555145e-02,2.795940451323986053e-02,-2.298699505627155304e-02,4.898795485496520996e-02,-5.734613537788391113e-02,5.045464262366294861e-02,-1.397966686636209488e-02,7.285021245479583740e-02,3.157988563179969788e-02,-6.094120815396308899e-02,6.205004081130027771e-02,9.789486229419708252e-02,2.478984417393803596e-03,-8.803882449865341187e-02,-3.330599516630172729e-02,2.857165038585662842e-02,-2.083743363618850708e-02,-7.127219438552856445e-02,-7.999185472726821899e-02,2.762448601424694061e-02,8.810750395059585571e-02,9.144549403572455049e-05,2.399051934480667114e-02,-7.117357105016708374e-02,8.614442311227321625e-03,2.147339098155498505e-02,-2.091945521533489227e-02,6.256934255361557007e-02,5.510316789150238037e-02,-1.105437278747558594e-01,-7.354313973337411880e-03,-2.498023211956024170e-02,3.925475478172302246e-02,1.086838394403457642e-01,6.968638300895690918e-02,1.508001983165740967e-01,6.274325400590896606e-02,2.249220311641693115e-01,6.158439815044403076e-02,7.735969265922904015e-04,-2.585786022245883942e-02,2.594756335020065308e-02,-8.185540139675140381e-02,-7.720096409320831299e-02,-1.504186838865280151e-01,-5.094603821635246277e-02,5.341569334268569946e-02,-1.078118979930877686e-01,-1.164789944887161255e-01,1.695195771753787994e-02,1.000000000000000000e+00,-3.705878555774688721e-02,4.797689989209175110e-02,-1.187434867024421692e-01,-4.223493114113807678e-02
6.165598519146442413e-03,-2.927782014012336731e-02,3.338624723255634308e-03,3.269654698669910431e-03,-4.494102299213409424e-02,-6.166085973381996155e-02,5.385031923651695251e-03,2.405167184770107269e-02,9.627941995859146118e-03,1.018269453197717667e-02,4.705480858683586121e-02,-1.400792598724365234e-02,8.874504826962947845e-03,5.727444961667060852e-02,2.978284470736980438e-02,1.119716167449951172e-01,3.071801364421844482e-02,-3.690245375037193298e-02,-3.515017032623291016e-02,-2.666150033473968506e-02,-8.624563924968242645e-03,-1.514548063278198242e-01,4.712232574820518494e-02,7.155569735914468765e-03,-4.126761268707923591e-06,1.889907196164131165e-02,4.766493104398250580e-03,-3.940458968281745911e-02,-2.077245339751243591e-02,-6.711000110954046249e-03,4.617480188608169556e-02,-3.157133236527442932e-03,-5.964829027652740479e-02,6.389442831277847290e-02,-6.038153171539306641e-02,-8.950043469667434692e-02,-2.214946411550045013e-02,3.185020014643669128e-02,5.255179852247238159e-02,6.298877298831939697e-02,1.112911775708198547e-01,-1.544817816466093063e-02,3.335830941796302795e-02,4.178855568170547485e-02,6.641362607479095459e-02,2.313442528247833252e-02,6.340043991804122925e-02,-3.213961422443389893e-02,8.553362637758255005e-02,4.604692757129669189e-02,1.085230857133865356e-01,-1.324792299419641495e-02,4.883932694792747498e-02,3.988317213952541351e-03,8.967509865760803223e-02,1.794106140732765198e-02,1.511142589151859283e-02,-4.206012561917304993e-02,7.159035652875900269e-03,-5.229128897190093994e-02,-7.498290389776229858e-02,-4.522798955440521240e-02,-2.063366584479808807e-02,1.145082712173461914e-02,1.729740761220455170e-02,-5.901604518294334412e-02,1.113684382289648056e-02,8.685303479433059692e-02,1.649163365364074707e-01,6.094895303249359131e-02,1.006367523223161697e-02,-1.291104704141616821e-01,8.155803382396697998e-02,-6.011214107275009155e-02,-2.527588745579123497e-03,1.807719171047210693e-01,-6.122717633843421936e-02,3.576341643929481506e-02,1.055534705519676208e-01,3.566393256187438965e-02,2.776911295950412750e-02,-3.124553943052887917e-03,4.525214806199073792e-02,-5.723650380969047546e-02,-2.853217162191867828e-02,1.166465319693088531e-02,3.065744228661060333e-02,1.261124666780233383e-02,1.626021257834509015e-04,3.700767084956169128e-02,-4.140216857194900513e-02,-8.058986067771911621e-02,1.086220666766166687e-01,3.317651897668838501e-02,3.370418911799788475e-03,-3.750717639923095703e-02,5.410451907664537430e-03,-3.740642964839935303e-02,6.752573698759078979e-02,7.128043472766876221e-02,1.594453491270542145e-02,8.647550642490386963e-02,4.598497226834297180e-02,8.951476961374282837e-02,-6.497299298644065857e-03,5.976517125964164734e-02,-5.766689311712980270e-03,-1.729177497327327728e-02,-6.637025624513626099e-02,-7.339791953563690186e-02,8.870502561330795288e-02,-3.705905750393867493e-02,1.000000000000000000e+00,1.654608398675918579e-01,-8.324938267469406128e-02,3.682048525661230087e-03
3.129712492227554321e-02,1.397436112165451050e-01,4.918032139539718628e-02,9.120211005210876465e-02,8.880276232957839966e-03,-8.896074444055557251e-02,6.838929839432239532e-03,2.561257593333721161e-02,-2.916620112955570221e-02,-3.555372357368469238e-02,-5.397891998291015625e-02,2.856735140085220337e-02,8.747074007987976074e-02,3.689569607377052307e-02,2.429142221808433533e-02,-2.444470673799514771e-02,-1.069074403494596481e-02,3.375867754220962524e-02,8.052759617567062378e-02,1.397243980318307877e-02,-1.409923657774925232e-02,-5.948856100440025330e-02,-3.027424588799476624e-02,1.059931353665888309e-03,-1.010614354163408279e-02,-1.092239934951066971e-02,-2.770635113120079041e-02,-1.878259330987930298e-02,2.678091637790203094e-02,-1.376023441553115845e-01,8.544015884399414062e-02,-2.677183412015438080e-02,-3.631009534001350403e-02,-4.774460569024085999e-02,5.894936248660087585e-02,4.117176681756973267e-02,1.103181019425392151e-01,8.438948541879653931e-02,-5.770405754446983337e-02,-3.732854034751653671e-03,6.498468667268753052e-02,7.248693145811557770e-03,6.677436083555221558e-02,3.702319925650954247e-03,5.667477846145629883e-02,5.202172324061393738e-02,1.165968552231788635e-02,2.118884213268756866e-02,2.736782468855381012e-02,2.292485535144805908e-02,-8.344835368916392326e-04,4.912808537483215332e-02,8.306554518640041351e-04,3.687801584601402283e-02,1.398677285760641098e-02,2.150169201195240021e-02,4.265116900205612183e-02,-2.249846793711185455e-02,-1.146376505494117737e-02,1.209088228642940521e-02,5.565683171153068542e-02,-3.023643791675567627e-02,4.112181439995765686e-02,-1.056028902530670166e-01,6.333519518375396729e-02,-4.450422152876853943e-02,-5.584650486707687378e-02,3.619668632745742798e-02,2.698513492941856384e-02,4.528560861945152283e-02,-3.664931654930114746e-02,-9.573058784008026123e-02,3.076992742717266083e-02,-6.569489091634750366e-02,1.016016229987144470e-01,-2.401668205857276917e-02,-7.803602516651153564e-02,-4.277983680367469788e-02,6.939259916543960571e-02,-5.157404579222202301e-03,1.581264100968837738e-02,-7.388174533843994141e-03,-5.487929563969373703e-03,-6.302781403064727783e-03,5.462926626205444336e-02,-4.685930907726287842e-02,1.390095520764589310e-02,-4.096684977412223816e-02,-9.105611592531204224e-02,-7.330221682786941528e-02,1.055307313799858093e-02,1.114119067788124084e-01,4.296873137354850769e-02,1.927609182894229889e-02,9.302768111228942871e-02,-2.725718915462493896e-02,5.202679336071014404e-02,7.516799122095108032e-02,-6.560678035020828247e-02,-4.325568303465843201e-02,1.194099783897399902e-01,-3.209653496742248535e-02,4.656986519694328308e-02,8.116953074932098389e-02,-6.881198287010192871e-02,-3.273533284664154053e-02,1.659777313470840454e-01,8.614794164896011353e-02,-3.638235852122306824e-02,4.078701511025428772e-02,9.756008535623550415e-02,4.797686636447906494e-02,1.654608398675918579e-01,1.000000000000000000e+00,8.108578622341156006e-02,3.992337733507156372e-02
1.411096192896366119e-02,6.181027740240097046e-02,-5.082750692963600159e-02,-5.005803704261779785e-02,-1.177169978618621826e-01,8.777954429388046265e-02,-7.067123055458068848e-02,-2.848527766764163971e-02,-6.358012557029724121e-02,1.262584626674652100e-01,-8.160412311553955078e-02,1.043488038703799248e-03,5.666241049766540527e-02,-2.923369966447353363e-02,4.523359984159469604e-02,8.938515186309814453e-02,-5.170704424381256104e-02,4.011293128132820129e-02,-7.151876389980316162e-02,8.042247965931892395e-03,-9.355884976685047150e-03,2.202913165092468262e-02,-4.200433380901813507e-03,-2.605142816901206970e-02,3.036998584866523743e-02,4.152229800820350647e-02,1.447310000658035278e-01,1.365169882774353027e-02,-5.950513482093811035e-02,3.901743516325950623e-02,-4.999974742531776428e-02,4.405853524804115295e-02,3.826518356800079346e-02,-1.195160299539566040e-02,-2.529893070459365845e-02,-4.667760431766510010e-02,6.726329028606414795e-02,5.270615220069885254e-02,-3.405706211924552917e-02,-3.219411149621009827e-02,-2.317854948341846466e-02,1.003304645419120789e-01,1.012699902057647705e-01,1.276811305433511734e-02,-3.600427508354187012e-02,-5.274024233222007751e-02,2.780874259769916534e-02,1.334641966968774796e-02,-9.040813893079757690e-03,7.104164455085992813e-03,-5.725404247641563416e-03,-5.684259533882141113e-02,-6.582945585250854492e-02,3.147650137543678284e-02,2.682802267372608185e-02,5.275804176926612854e-02,-2.738901972770690918e-02,3.891072049736976624e-02,-1.421726215630769730e-02,6.406445801258087158e-02,-5.095545668154954910e-03,-1.845423365011811256e-03,-3.938727080821990967e-02,-2.730225026607513428e-02,-1.011041365563869476e-02,-2.874576486647129059e-02,5.996646359562873840e-02,8.473766595125198364e-02,1.394461467862129211e-02,-4.414350911974906921e-02,2.803716063499450684e-02,-1.379987746477127075e-01,6.561127305030822754e-02,-1.504832413047552109e-02,5.297667533159255981e-02,2.390243299305438995e-02,-1.002079173922538757e-01,2.956035360693931580e-02,-9.079746156930923462e-02,-4.069454222917556763e-02,-1.683737710118293762e-02,3.416226431727409363e-02,-8.424829691648483276e-02,-1.669134199619293213e-02,5.780217051506042480e-02,1.677635610103607178e-01,-2.872698754072189331e-02,-6.761576235294342041e-02,9.889824688434600830e-02,-4.206274822354316711e-02,-1.202977523207664490e-01,1.016739904880523682e-01,4.970398917794227600e-02,-9.140253812074661255e-02,-8.900349587202072144e-02,7.592154294252395630e-02,-3.285558894276618958e-02,-6.976727396249771118e-02,4.685277119278907776e-02,2.066174149513244629e-01,1.179132834076881409e-01,-1.002691537141799927e-01,5.781603977084159851e-02,4.719513282179832458e-02,-3.308225050568580627e-02,7.478613406419754028e-02,-9.298492223024368286e-02,-2.415495924651622772e-02,-4.230540245771408081e-02,-1.524475663900375366e-01,-1.427494641393423080e-02,-1.187435686588287354e-01,-8.324938267469406128e-02,8.108561486005783081e-02,1.000000000000000000e+00,-5.975075066089630127e-02
-1.257382985204458237e-02,-1.619502156972885132e-02,-6.807573884725570679e-02,-3.362619504332542419e-02,-6.590867042541503906e-02,6.293755024671554565e-02,9.093176573514938354e-03,-1.005671173334121704e-02,1.146696433424949646e-01,-2.744664624333381653e-02,-6.297087669372558594e-02,-6.430388987064361572e-02,-7.525552809238433838e-02,4.929636046290397644e-02,2.093176543712615967e-02,-5.705309286713600159e-02,-8.266894146800041199e-04,-1.097176456823945045e-03,1.903769001364707947e-02,8.182378858327865601e-02,-1.376297026872634888e-01,7.617430388927459717e-02,1.588932052254676819e-02,7.282768189907073975e-02,-7.130640745162963867e-02,1.176384016871452332e-01,2.831166237592697144e-02,5.975916609168052673e-02,2.962809987366199493e-03,1.731708645820617676e-02,4.632314294576644897e-02,-6.907770782709121704e-02,-9.813036769628524780e-02,-6.176548451185226440e-02,1.129828672856092453e-02,1.516406337032094598e-04,6.911206245422363281e-02,-4.233375936746597290e-02,1.671193726360797882e-02,1.058565452694892883e-01,-5.550727248191833496e-02,6.471641361713409424e-02,-3.012006543576717377e-02,-1.104123517870903015e-02,3.151243552565574646e-02,4.883127659559249878e-02,-7.301026582717895508e-02,-1.180108040571212769e-01,6.907261162996292114e-02,3.814281430095434189e-03,-9.558179415762424469e-03,-6.485126167535781860e-02,3.150223195552825928e-02,-2.893353067338466644e-02,6.575598567724227905e-02,-8.860635757446289062e-02,-3.526316583156585693e-02,-5.579592194408178329e-03,4.674951359629631042e-02,-5.153260007500648499e-02,9.082593955099582672e-03,-8.630670607089996338e-02,2.493205294013023376e-02,-4.253348335623741150e-02,-5.482945218682289124e-02,-4.196416586637496948e-02,2.529544197022914886e-02,-3.986192494630813599e-02,3.955620154738426208e-02,-9.338973462581634521e-02,1.027510780841112137e-02,-2.437011338770389557e-02,-9.536001831293106079e-03,6.817305833101272583e-02,1.105921342968940735e-03,3.921416029334068298e-02,-3.418551012873649597e-02,3.940960392355918884e-03,-5.585444346070289612e-02,1.428885906934738159e-01,-8.837932348251342773e-02,2.270726859569549561e-02,-7.420603930950164795e-02,-1.147456374019384384e-02,-6.828764081001281738e-02,4.618525039404630661e-03,4.304515942931175232e-02,-5.080671235918998718e-02,6.736104190349578857e-02,-3.722569346427917480e-02,-1.153092384338378906e-01,5.548191443085670471e-02,2.739694667980074883e-03,-1.007224060595035553e-02,4.329929593950510025e-03,1.478059738874435425e-01,-8.536226302385330200e-02,-2.974437922239303589e-02,-3.370852768421173096e-02,-6.264204531908035278e-02,-5.163107067346572876e-02,-3.845405951142311096e-02,2.215076982975006104e-02,1.509522944688796997e-01,6.618832051753997803e-02,2.840094035491347313e-03,4.737170040607452393e-02,3.737510368227958679e-02,1.637891680002212524e-01,-1.871141642332077026e-01,2.660254016518592834e-02,-4.223497211933135986e-02,3.682097885757684708e-03,3.992329165339469910e-02,-5.975070223212242126e-02,1.000000000000000000e+00
