0.000000000000000000e+00,7.476528235066463024e-01,4.612450020417396129e-02,2.111227098226424459e-02,9.034110315609812647e-02,-1.975474828009357864e-01,3.126920217509984723e-02,9.573759903136937199e-02,-1.523109852259560415e-01,-3.504539961242772450e-02,4.640432407802587700e-01,3.492537371285704406e-01,2.905065281706669666e-01,2.324080827856059572e-01,-6.749973949793526551e-02,1.968184808313187817e-02,4.255620888808659408e-01,5.867054980891698301e-01,4.801201805246291254e-01,5.390587130043420494e-01,-1.381868778013034815e-01,-1.183224167792218534e-01,-1.491905042293193047e-02,-8.991026973407352518e-02,4.918589537442431825e-03,1.081831243016953409e-01,1.016986638349208077e-01,2.932243501347699954e-01,4.177667602799774449e-01,2.360380295417967844e-01,2.105478041637124653e-01,1.897640263165021324e-01,2.661558587825254008e-01,2.290775911960797329e-01,-5.238496749186279944e-01,-3.965737436633418045e-01,-1.252877395664749871e-01,-2.318268779505114618e-01,-8.213241728897521798e-02,9.863846950461394036e-02,1.223440630873324636e-01,6.921773227304066356e-02,-3.163285245879571272e-02,1.291939956801961553e-01,-3.459407912432778918e-03,1.477179562139138702e-01,9.252317873388615777e-02,1.585668948042493198e-01,1.498609659190668353e-01,1.236514108120220223e-01,-5.825731602588424957e-02,3.135780261446596828e-02,-2.494581734186643585e-01,4.563386648396914463e-02,-8.043010604063892399e-02,5.521663905273820755e-02,7.161995361649393654e-01,6.890567007049706039e-01,1.987988761648921410e-01,3.684208445544935873e-01,3.738278085388639649e-02,1.396364127661031407e-01,2.341287166057009761e-01,1.673838002262889035e-01,-4.235766640822460904e-01,-2.709729253208736921e-01,-1.845122090012980554e-01,2.792850496481630307e-01,6.285123722724637041e-01,6.576682589398060719e-01,5.613011455465851673e-01,3.631168826178622355e-01,4.559881131918185337e-01,4.576532310210730259e-01,1.698730882045279278e-01,1.061693004289985393e-01,-2.114994835780233673e-01,-1.463066758630540420e-01,1.979250887923222624e-01,3.898502395649880992e-01,1.228584953630665610e-01,3.645149445980994662e-01,-1.293906040369595112e-01,2.053589966928102278e-02,-4.450278076489504464e-01,-1.290058300159910576e-01,-2.228706012274805082e-01,-2.990011308607608102e-03,-3.781314231695314665e-01,-7.744734139055819977e-02,-4.255503143816140588e-01,-3.974177697350045890e-01,-3.437210045094267752e-01,-2.875378441245992622e-01,2.936644552190170177e-01,1.888016216140519510e-01,1.388538131268544085e-01,2.452544867552106100e-01,5.774732979775830215e-03,-1.590650721966338499e-01,-1.082301708503751736e-01,-3.899679393287858176e-02,6.573490949007956829e-02,1.363013235538807766e-01,-1.940831651732607410e-01,-1.476542425671938663e-01,-1.133684951326920237e-01,-5.392903103500001905e-02,1.309013892152981751e-01,3.204435830074423563e-01,1.263082506400128036e-01,1.348667973129892561e-01,1.609887333292312483e-01,2.171234776320033200e-01,2.527990411978955909e-01,9.459444391007437725e-02
7.476528235066463024e-01,0.000000000000000000e+00,-8.041187381988619542e-02,-1.508087790982320375e-01,9.683864051637836035e-02,1.889835784875609076e-02,-1.078387492388706848e-01,2.140460489585353510e-01,-6.424700491532479851e-02,-2.121022337813422698e-01,3.478467985126121320e-01,1.767787080296251701e-01,2.831352560873708346e-01,1.611563834793220407e-01,-5.332563093014235089e-02,-6.993257318271700607e-02,5.253827926324998732e-01,7.602643360673564388e-01,2.879129863456178495e-01,4.900380430196980552e-01,-2.794496630779237378e-01,-2.039001046487348978e-01,8.211060349519815060e-02,-1.715232871805267567e-01,-1.569778156572017649e-02,9.024373978117711248e-02,-1.747420974622142242e-02,1.601952835236988837e-01,4.549191592180946153e-01,3.700958033835674010e-01,3.223235386989684592e-01,3.072406030269883015e-01,3.967016373476061619e-01,3.704503903547649024e-01,-5.905596346527720586e-01,-3.821555678207048112e-01,-2.144503430289253221e-01,-3.259155860938378058e-01,-2.643887947820474649e-01,-3.406197408561479484e-02,1.105263218575991413e-02,-3.312062276069877714e-02,2.166908768796523832e-01,3.666900217205908419e-01,1.274740774665168164e-01,3.086622516196895205e-01,2.760858531322845644e-01,2.874564830545131566e-01,1.679449597648502712e-01,-3.291131272065674074e-02,4.740922693118333059e-02,-2.151397557674399330e-01,-1.251094143256226143e-01,-4.232478705113366935e-02,-1.794223121113450170e-01,-2.167076278834735859e-01,8.257422829459127867e-01,8.915700077485041453e-01,-4.527904779721234063e-02,2.378580782206606847e-01,-8.801837273162718689e-02,-9.020497830894752544e-02,1.310659392753913410e-01,4.496045469565228270e-02,-4.305634636966907403e-01,-4.059094137357479593e-01,-4.492186376528461977e-02,3.076074587859781162e-01,6.764249063656206928e-01,6.882290287013955732e-01,5.993689708783701553e-01,2.978116623485303482e-01,4.330703085300082189e-01,4.865351110298485326e-01,2.370418343076708886e-02,4.452970994018952411e-02,-2.672268324433832998e-01,-2.647105321251620458e-01,3.106072436153954897e-01,6.118437452753167083e-01,3.422648819789687047e-01,2.949004580381253682e-01,-1.185798882488048045e-01,-7.000755552454736297e-02,-3.890115141848674019e-01,-3.442923299537686832e-01,-3.394882905030521258e-01,-1.720819374820844738e-01,-3.543377197777306531e-01,-4.071337971945226397e-01,-3.599550794136818221e-01,-3.982713521279256930e-01,-1.744301327179788308e-01,-1.839827404279825440e-01,3.694407851148782673e-01,2.714164403906390022e-01,3.528945883154642194e-01,3.457721475207917727e-01,-7.646371757701424243e-02,-3.290519838557717236e-01,-3.584401527370434382e-01,-3.218191340269574985e-01,-1.483501602885394233e-01,-1.556630896228242134e-01,-1.667444863165930546e-01,-2.351269873782383946e-01,-1.931212461097925881e-01,-2.808800165618861588e-01,6.098027230556176542e-02,3.779692471884288918e-01,2.631916478135214454e-01,2.447500711942018070e-01,9.164583063374821814e-02,3.715633632684940957e-01,4.035435203729393905e-01,8.635092436705578411e-02
4.612450020417396129e-02,-8.041187381988619542e-02,0.000000000000000000e+00,7.495582523866404223e-01,4.352282685735120449e-01,-2.556364033465733376e-01,7.913900641057478591e-01,-6.604613105740618495e-02,-5.516771189735338726e-02,5.595261314877273406e-01,3.852685343825513198e-01,4.127547084636736807e-01,4.805402614953167006e-01,3.587595552442429114e-01,3.667388973230933380e-01,5.730100116137297750e-01,2.602243723488401397e-02,-3.091200467453164222e-02,5.173167036777527317e-01,4.445502837388232709e-01,6.199184590680357765e-01,4.669210815011843319e-01,5.546453388682788255e-01,8.172017559551563171e-01,6.503380982937667643e-01,5.577681713508039207e-01,5.541860742779521898e-01,5.995849515958036058e-01,9.985449501180938825e-02,-1.073242965104030805e-01,3.832793499514556279e-01,4.085531914559777378e-01,-2.407381775156986203e-01,-1.891726362479224932e-01,3.981341547881434573e-01,2.083895040405141785e-01,3.648258622693399955e-01,3.047424934691785881e-01,3.946645062731275466e-01,4.712333202156837042e-01,3.290459051185850581e-01,1.561509286344002212e-01,-5.117279609205992452e-01,-3.716505543491263608e-01,-2.528752980448217835e-01,-3.562260606662915885e-01,-5.869619846055297296e-01,-6.130798573448295041e-01,-4.374926065150999133e-01,-1.441342411873434148e-01,-6.835963565639169293e-01,-4.048079548136328532e-01,-6.646473005780696441e-01,-5.169007864003880570e-01,-2.505090591338778871e-01,-1.195984677182587858e-01,-3.176591778062179405e-01,-1.529152946258697521e-01,-1.405350528639702778e-01,-2.111957920757102231e-02,6.773683277939562819e-04,3.616810803739510249e-01,2.855421274022823530e-01,2.516826488390066507e-01,2.450022583207945304e-01,2.643352212171511950e-01,1.816103310756489730e-01,7.401995965560652369e-02,-2.198920673334502918e-01,-2.769967442057822901e-02,1.267471794400953367e-01,4.743067816113304414e-01,-8.407586315061400806e-02,-2.152974047105422339e-01,1.224260835647672796e-01,-1.963554278356344218e-01,3.251142462778322528e-01,4.483513905756784101e-01,-3.015923650746181739e-01,-2.156758487712664429e-01,-3.964155546324358292e-01,1.300487585948692237e-01,1.697941760115032894e-01,4.941513453147593493e-01,-1.307038575296308458e-01,2.455794922016808213e-01,6.255423310225914912e-01,7.153858753054158637e-01,-1.760583230000058175e-01,3.368395778419369657e-01,-5.138726064657320736e-01,-3.312746881216638850e-01,-6.524540947436345828e-01,-6.748822813324302228e-01,-7.457944654229033132e-02,-1.738676865198673371e-01,-1.471496253275693389e-01,2.649107315584334557e-02,-6.731067234969387303e-02,9.645349962892005302e-02,4.111672095018759632e-01,1.448810359972816375e-01,5.900994155133276742e-01,5.439906008239178137e-01,-2.473374940306072023e-01,4.033369500230065130e-01,3.149117293616064406e-01,5.603194718243504902e-01,8.974964814082234121e-02,-2.119332708507580820e-01,-3.481738433540323419e-01,-6.164635928254086350e-01,-4.171726527263404094e-01,-6.012491195492865037e-01,-5.055756263412859441e-01,-3.111219768767024829e-02
2.111227098226424459e-02,-1.508087790982320375e-01,7.495582523866404223e-01,0.000000000000000000e+00,3.058845183381438404e-01,-3.884423944487216951e-02,7.305219840763327310e-01,3.384423576428587377e-01,4.175831740792215058e-02,7.236977430107582876e-01,2.326661557967099336e-01,5.655458096793321010e-01,2.631622048716560358e-01,4.526145479462848065e-01,1.021365080522927266e-01,6.208192584593954511e-01,-1.105856935835861088e-02,-1.293674199177145268e-01,4.892073745943433249e-01,4.492729359913378295e-01,4.612065039002525846e-01,4.762577846004995563e-01,3.062446301114901681e-01,7.333214578896987135e-01,3.310176361415202995e-01,3.818164014019417296e-01,3.612272391304974795e-01,4.860021101833648105e-01,-1.461042167485069286e-02,-1.714696147270296234e-01,5.907579544532512439e-02,1.738344147606731283e-01,-2.715508049414673830e-01,-1.099710157313102260e-01,3.428057222961635175e-01,2.937329333537999632e-01,4.086109274606712360e-01,2.505666891953314823e-01,2.473019525340538483e-01,3.691296919978386826e-01,9.009670273305930843e-02,4.281540900116409705e-04,-5.592336511153668255e-01,-3.505549560589353297e-01,-1.872119411456190097e-01,-1.731382570007031496e-01,-6.188677018513270012e-01,-4.821966428409621974e-01,-2.940540980134636051e-01,7.981959614446099138e-02,-7.510745041914348441e-01,-1.788935591554270954e-01,-7.651222591875688206e-01,-4.055683400275151285e-01,-5.158788765569326529e-01,6.095230461449642478e-02,-3.322367876700444422e-01,-1.315899634749450320e-01,-2.995593525866093593e-02,2.096469008655571786e-01,1.246368697663652741e-01,6.641004906308912714e-01,4.617470846984338406e-01,4.541628944282777858e-01,1.457078640420263194e-01,6.227555476756698738e-01,-8.340146905025450086e-03,7.943855815957427680e-02,-3.210867047698315879e-01,-1.298444848079976510e-01,-2.656065269034255105e-02,4.920648150109016017e-01,-5.095128960189060363e-02,-2.374539443161609864e-01,-1.669837221136732386e-01,-2.209888186161996226e-01,2.596769294035036202e-01,5.813899847006182009e-01,-4.436527568560079127e-01,-2.304795540940122733e-01,-5.533605189221830756e-01,1.957415366843559268e-01,9.826565651420629544e-02,5.642834667207529131e-01,-4.044850002106084585e-01,4.591163406111269940e-01,4.090467746981359398e-01,6.790267650388005505e-01,-5.532390360975900645e-01,4.722777000923584767e-01,-4.708941008244576509e-01,-1.929791149639219772e-01,-5.712385986397771065e-01,-4.382375205240046645e-01,-2.232012548297173955e-03,-2.288339779077665573e-02,-1.230527709894339017e-01,1.186895933043539270e-01,-4.598927049118377297e-02,2.010649877796434060e-01,2.358683063855536999e-01,2.954040251914778481e-01,4.366676000686665060e-01,5.430643000159792733e-01,-2.070301746226334560e-01,5.685675488289694268e-01,2.532822095105659588e-01,4.630134867259746434e-01,-1.094793285579119813e-01,-1.713234602823327513e-01,-2.469033827450012319e-01,-5.301236877943813486e-01,-3.443736667441993915e-01,-6.051950003928010524e-01,-4.171884523416547474e-01,-3.640186124883507818e-02
9.034110315609812647e-02,9.683864051637836035e-02,4.352282685735120449e-01,3.058845183381438404e-01,0.000000000000000000e+00,3.502285606343954472e-01,1.455557705373503041e-01,-2.778164636876747084e-01,1.373125994024409491e-01,4.153711121628676506e-01,8.839399812930234801e-02,1.945822149617096319e-01,2.396167726355159233e-01,2.070889502136646909e-02,4.217311038421517333e-01,3.938180465525626395e-01,2.930102749144650742e-01,2.981478473989646605e-01,2.220672569951064879e-01,1.783842279737567205e-01,4.303711580870099307e-01,3.829920021776977990e-01,2.294330320934531431e-01,3.464648812506074815e-01,6.303837001179115607e-01,7.166204798784449048e-01,5.383330997470974211e-01,5.757746323425565471e-01,3.185423393967168337e-01,1.328383891246608106e-01,4.268861869762797800e-01,3.353375529092661456e-01,-9.610527568796238540e-02,-2.159139781273981817e-01,-3.977536996558487387e-02,-1.291473170227117606e-01,4.994675475809217113e-01,3.321049973632618779e-01,2.971144411928674511e-01,4.200447414333932095e-01,3.115343445499468844e-01,9.030221947892072554e-02,-3.061722896712261166e-01,-6.735987855565317428e-02,-9.000163433207297725e-02,-2.253849309898584355e-02,-2.398426792590029055e-01,-9.378869639488549015e-02,-2.188857210002521092e-01,1.847623304736820821e-02,-5.662119597393480142e-01,-3.672686646637290386e-01,-6.267529251177892391e-01,-3.935579593848087532e-01,-1.741538504255829012e-01,-1.138196034253620564e-01,5.839956272491209771e-02,1.398854002383815576e-01,-3.726920107887428113e-01,-6.629347303103351463e-02,-3.591105081906667551e-01,2.154604683544956642e-02,2.337073244832454377e-01,2.024663143017135514e-01,-1.862659768087965850e-01,-1.260141416303864614e-01,-1.485679442910790016e-01,-6.095094793352576201e-02,-6.944315733620684550e-02,1.338714195823280939e-01,3.143612396260105357e-01,5.785828401533741339e-01,6.392677991757884925e-02,1.521805980119114027e-02,-4.178438281634272444e-02,-4.662118685881164876e-02,2.436055292431696384e-01,3.219837867944373988e-01,-3.027173180976445305e-02,2.625239966413118742e-01,-5.467942092942720128e-02,2.621718124578161224e-01,1.123557423614526540e-01,3.871531703915987999e-01,-3.923099753800763922e-01,7.403212983452422957e-02,1.634860800460177788e-01,4.194866280456717167e-01,-3.828771671732353332e-01,2.497545749015144534e-01,-5.344654265576340713e-01,-3.605024931913242692e-01,-5.277247624176344409e-01,-4.326557777494314805e-01,4.776595256640653875e-01,2.134774510426634964e-01,3.252507003393874663e-01,5.147218088710858730e-01,1.501976690531715841e-01,2.013242263096610141e-01,2.743390093487124703e-01,2.259682980729767476e-01,4.632288565958505022e-01,4.704829058991802926e-01,1.984064704412732624e-02,3.996133942089087898e-01,5.076757683787908038e-02,4.390830486966233459e-01,1.851422866248124965e-01,4.214330144999736683e-02,8.840474023480834886e-02,-2.268120916659791264e-01,-1.641684427422073211e-01,-1.870332296070770506e-01,-9.266294971938401903e-02,-1.389742523618751613e-01
-1.975474828009357864e-01,1.889835784875609076e-02,-2.556364033465733376e-01,-3.884423944487216951e-02,3.502285606343954472e-01,0.000000000000000000e+00,-1.538586534653875459e-01,2.495948013441111057e-01,3.796755497375070010e-01,3.352223967943063904e-02,-1.735808256270679195e-01,9.127939890801686773e-02,-5.642342614783967675e-02,-3.574951461788025697e-02,7.163512395220859863e-02,-2.373838993894679741e-02,1.380028280671198315e-01,1.487014814695141740e-01,-2.718947534324999138e-01,-1.248530892123715236e-01,-1.564070820223124603e-01,-1.742911157003150247e-01,-9.068569067228487990e-02,-1.827796887481501487e-01,1.282030457262676448e-01,1.924889864226317915e-01,-1.710048565206495341e-01,-6.085550800427440982e-02,8.191851916292315627e-02,1.484876644337250473e-01,9.525921816449645085e-02,1.069291732211344881e-01,1.411326509342693096e-02,2.509189584530672340e-02,4.212024369932699380e-02,-4.739717403949478269e-02,1.284679356704120645e-01,5.765215094933070356e-02,-2.265968384381541467e-01,-1.950141444691629866e-01,-3.912804186281896857e-01,-2.907717688816623403e-01,3.011864128218660203e-02,1.305612435036921926e-01,1.718341947012375082e-01,2.376156086871699380e-01,2.114406764185002841e-01,3.143761389317898947e-01,1.674145913246090078e-01,-2.311865356795517537e-02,-3.683348186172354793e-02,-2.126217335352874327e-01,-1.586188647461971718e-02,-1.409291268229422855e-01,-1.995236373764726900e-01,-2.476639639703819007e-01,6.220425463617539757e-02,1.026622788895206750e-01,-1.995898572262280735e-01,-6.009006126063991260e-02,-4.414630200090047946e-03,-2.012693207866102230e-02,4.631807170263570195e-02,1.791898097105796284e-01,-1.128583909927479388e-02,6.052164034252845853e-02,-1.306075951824487436e-01,-1.831932395570812777e-01,-1.877891406429414156e-01,-1.711062717795378274e-01,-8.207166508644792025e-02,8.609135698958426952e-02,3.964821626212776395e-02,3.774383232502993846e-02,-3.525314041427584089e-01,-8.027671859825265266e-02,-4.656696702229633916e-02,-3.642922819409378371e-02,1.174681833819601062e-01,2.299340408372112787e-01,6.694532978889362884e-02,-1.316728840160996117e-01,-2.718767053398488120e-01,-1.544348285058091408e-01,-2.077713114275285822e-01,-2.285422592324293234e-01,-3.975923713863926956e-01,-2.540635785123241952e-01,-2.696509323751051790e-01,-2.418543276579352419e-01,2.843652575008139959e-03,-9.411313983700217434e-02,1.312546462310008599e-01,2.405826741034884919e-01,3.711166516232530244e-01,1.146970701171539098e-01,2.902879637202830931e-01,2.189395798828498441e-01,-1.310881147019904783e-03,4.619299975762003463e-02,-9.340498199545181623e-02,-3.216221236511831311e-02,-8.181508120752507829e-02,-1.622072508916038158e-01,2.775652896157706495e-01,8.544884925024512357e-02,-2.450919935128984539e-01,-2.179448948511485129e-01,1.945391984341243441e-01,2.448418499027258666e-01,2.654878639024216280e-01,1.409113045688462629e-01,2.113866663276831731e-02,3.018810777286867753e-01,3.435227258626003533e-01,-6.786431427153356843e-02
3.126920217509984723e-02,-1.078387492388706848e-01,7.913900641057478591e-01,7.305219840763327310e-01,1.455557705373503041e-01,-1.538586534653875459e-01,0.000000000000000000e+00,2.946514717250438564e-01,1.075014194199990919e-01,4.728389518525116242e-01,5.267331513485504768e-01,5.126244763787444203e-01,6.091573747748629808e-01,4.733970187613107949e-01,2.504733170183042201e-01,4.558869912629617271e-01,-1.324695997178515841e-02,-3.533717714523672976e-02,3.095031758892334839e-01,3.118973300510458069e-01,3.753978041061740711e-01,2.765922079427250990e-01,4.711526841363956608e-01,6.225775566174504005e-01,4.243088037027717419e-01,2.367965120663949319e-01,2.928855859131960782e-01,2.926034202187475786e-01,1.043324487998557176e-01,-8.217548874106446466e-02,2.246461079547858453e-01,2.952043528060168676e-01,-2.006706128441833603e-01,-6.381152274693972781e-02,4.746054897885412238e-01,1.947409588147964721e-01,2.585508859355037936e-01,1.149056323129097335e-01,2.311804837918333133e-01,2.893216266103262324e-01,7.321356932608150125e-02,-1.063939999078040849e-01,-4.797860025482126867e-01,-3.801868788787743925e-01,-3.030624636613175049e-01,-3.601592697471515669e-01,-5.769082979029785951e-01,-5.677911476647021782e-01,-4.626987816885383409e-01,-2.137522206588364782e-01,-4.905450709516086527e-01,-2.817552808125924901e-01,-4.467326795112289139e-01,-4.431633198194485646e-01,-3.138113887714383266e-01,-1.503680579357914993e-01,-2.993705482940592910e-01,-1.382100515774163929e-01,-6.771886777291519222e-02,4.193299209632931485e-02,3.712457039085798050e-01,5.075789846632098312e-01,2.909601450351653740e-01,3.742059834119702555e-01,5.139690360428215143e-01,5.281835455995914641e-01,1.649542947283811622e-01,-1.437681656757420915e-03,-3.317967929908808844e-01,-2.090668104914217007e-01,-1.769585636899093650e-01,1.632645629987601044e-01,-1.741311304182819875e-01,-3.482704695571516296e-01,1.410330249148643647e-02,-2.040287273774552823e-01,1.740331781276008849e-01,3.212271278371193750e-01,-2.592841753989333919e-01,-3.032861746840828099e-01,-5.082968103311844565e-01,-2.850388851054718592e-02,-7.305213839507346263e-02,2.177902840851359545e-01,-2.729816691419781338e-02,1.789383682829457922e-01,3.891293008862767300e-01,4.888024544457461040e-01,-1.684436990252979882e-01,1.754204632142916942e-01,-3.368039201575541708e-01,-2.186014978341965231e-01,-4.432583556366359034e-01,-4.203370322643417145e-01,-1.577544859234474572e-01,-1.673397556973877376e-01,-2.026650567123408353e-01,-2.764840857979465605e-02,-1.647706569936813470e-01,2.764741787656300326e-02,2.422336891568876438e-01,2.094770154620713074e-02,3.616549859598046646e-01,2.925110215555817850e-01,-1.937506745079315973e-01,3.532221433749418438e-01,3.454384804936799225e-01,2.926354384214686077e-01,-1.484807902095915989e-02,-6.412482126140209293e-02,-3.846469396780173855e-01,-4.949404105960681921e-01,-3.146649622592782580e-01,-4.912888569904564351e-01,-3.873399258221431607e-01,6.796147219121091709e-03
9.573759903136937199e-02,2.140460489585353510e-01,-6.604613105740618495e-02,3.384423576428587377e-01,-2.778164636876747084e-01,2.495948013441111057e-01,2.946514717250438564e-01,0.000000000000000000e+00,1.684234768946004102e-01,9.440311788216389569e-03,2.330405920483354654e-01,4.775731089176885047e-01,1.192880573650271364e-01,4.848048287369416953e-01,-2.667889477484278737e-01,-7.612681599537249322e-02,-5.801711873991890339e-02,-2.088038280623641385e-02,1.208135202612967973e-01,3.220149223985309117e-01,-4.547945445865400060e-01,-3.255893356646717418e-01,1.365867790496194945e-01,7.845803271862204775e-02,-2.879645850783995042e-01,-2.381860995957158500e-01,-3.973495386099180071e-01,-1.623408238513011359e-01,-7.272141584522631708e-02,1.193312301727792422e-02,-3.011970687651950238e-02,1.045361653185227641e-01,3.697331605512245711e-01,5.614854110900016071e-01,1.189754261552884440e-01,3.262953099605762630e-01,-3.056638604074606302e-01,-2.859396191664232978e-01,-4.780811112899665538e-01,-3.573150430190265014e-01,-4.834443042529519285e-01,-4.284755644761730209e-01,2.101642499297530498e-01,2.047764726369291355e-01,2.332453805709087669e-01,3.156413380242764632e-01,1.670204778509281895e-01,1.612171661836361014e-01,2.152169884410782830e-01,-8.868745115628735853e-02,1.083385227349841357e-01,-1.794198120437712901e-02,-1.704653810982708273e-03,-1.015719835634205648e-01,-3.383283522260163712e-01,-1.652623807248913279e-01,5.147328342468857065e-02,1.285916582476491765e-01,2.269909816504691452e-02,1.268188194264240343e-01,2.880503752646326743e-01,4.532952643230070411e-01,2.017521875629217643e-01,3.838786288706591554e-01,1.190694739167133392e-01,4.901708407062316253e-01,1.179182852259812869e-01,2.893122618470617136e-01,-1.356006034431316565e-01,-1.688001570761525072e-01,-1.605808600596930757e-02,-1.228875744126217973e-01,9.833508618049706385e-02,6.502602149367518736e-02,-2.134608025642845130e-01,-7.560727061011442152e-03,3.052729898540736120e-02,1.079934021542677952e-01,-1.418978047011580923e-01,-5.361150217215547575e-02,-1.220480820226479135e-01,-6.476419029194882548e-02,-4.370468466438563460e-01,-2.352823248748439899e-01,-1.252232316319348282e-01,6.262883242940481265e-02,-4.766962623690468304e-01,-3.188878969311500500e-01,-3.729035527958227125e-01,-3.188621316665337657e-01,9.929077475359107674e-02,-8.193506817947433796e-02,2.117012360897740364e-01,1.744868842645416751e-01,1.729303913200106249e-02,-6.840779884243040898e-02,-1.139400991086833743e-02,-5.959896148512282971e-02,-2.220273133721691605e-01,-2.322015534383191637e-01,-2.623331020623926868e-01,-2.662398323393602717e-01,-3.532425551100619732e-01,-3.414239774980338260e-01,9.197704492524431952e-02,-4.138494284447287452e-02,-2.227135341952275194e-01,-4.632253442235670926e-01,-1.026437370663422083e-01,2.272015788844913842e-01,1.206111946173446109e-01,8.200671777635956672e-02,-5.647463094492993774e-02,1.498376069610136141e-01,1.915516452460262475e-01,-1.074955820342192170e-01
-1.523109852259560415e-01,-6.424700491532479851e-02,-5.516771189735338726e-02,4.175831740792215058e-02,1.373125994024409491e-01,3.796755497375070010e-01,1.075014194199990919e-01,1.684234768946004102e-01,0.000000000000000000e+00,1.865865241657877760e-01,1.539906800832557994e-02,5.279264510495953328e-02,1.077938227947424360e-01,8.613739961364637321e-02,3.240593022188750227e-01,9.301660360803898353e-02,1.769146179634240035e-01,4.037226452466387283e-02,-3.616209546314546608e-01,-2.259097637256277658e-01,-1.071727676472870872e-01,-1.808304864409883972e-01,-1.373881363225000207e-01,-4.650344441871139683e-02,3.675405559769009955e-02,3.527357191523962376e-02,-2.021542048644396905e-01,-7.172218662449960508e-03,2.329161294123012205e-01,1.110777143180151083e-01,-1.314197481042376492e-01,-3.014658267578390963e-02,-1.483873590608040249e-01,-2.563113557617222038e-01,-4.299589040678908347e-02,-7.807699826801541010e-02,-4.879818731100779572e-02,-1.054963784734847532e-01,-1.061921498618491333e-01,-1.202644790275168712e-01,-2.100389805636263540e-01,-2.829776701900524327e-01,5.441128598137894012e-02,1.506647180253930796e-01,2.402516457537946515e-01,2.625028599997444867e-01,1.179744249256042959e-01,1.381501043302841014e-01,1.846895268343888841e-01,1.166996264899883562e-01,-1.340183040309638474e-01,-8.182332838971159705e-02,-9.543619926973331835e-02,-1.766797558537945012e-01,-1.578724312028996213e-01,-1.362712492037770617e-01,6.621659475757987745e-02,-2.795285956624048163e-02,-2.230500791447360687e-01,-1.169804363270636610e-01,4.571925340715862762e-03,-1.235378325857152265e-01,1.761891424620781188e-01,6.364378253089436610e-02,6.749976111048724969e-02,5.877041443566334566e-02,-8.818658972752330127e-02,2.849024058284075137e-02,-3.121639631757008315e-01,-2.153399249976028496e-01,-2.485567662644692366e-01,-2.552440559517357363e-02,-5.083099311623551220e-02,-1.302071886441397708e-01,-1.998457592147885042e-01,-8.028407702064722928e-02,-3.400820014260948904e-03,-5.748780727153239567e-02,1.298547633849891358e-01,-7.304594002544829989e-02,-1.698552750367228747e-01,-6.886642402803579144e-02,-1.109026121525757830e-01,-5.251923354613951406e-02,-2.040104028084907539e-01,1.821256683417159065e-03,-1.774961368200975382e-03,1.202270456335304168e-02,-1.978606843225242384e-01,-1.822234746567845398e-01,-1.220668261125161524e-01,-1.473237648976476744e-01,-3.820734692155443313e-02,-2.974007603012503165e-02,8.111243623576977479e-02,2.716577839938527639e-02,1.529638641690186408e-02,8.542146814108418640e-02,-1.021305340863379318e-01,3.954488937915413838e-02,-9.689589846898405412e-02,-1.774319711280096523e-01,-1.356222965639217529e-02,-1.179275235225854535e-01,2.010016258973441536e-02,3.483937924942004383e-02,-1.497017663977644186e-01,-2.317729929622981688e-02,1.995092205425686160e-01,2.127297962349012639e-01,5.100878947022504523e-02,-1.138782128068998034e-01,-1.246810348445494543e-01,6.770814461980033394e-02,8.059669264710758729e-02,1.929346608447688946e-02
-3.504539961242772450e-02,-2.121022337813422698e-01,5.595261314877273406e-01,7.236977430107582876e-01,4.153711121628676506e-01,3.352223967943063904e-02,4.728389518525116242e-01,9.440311788216389569e-03,1.865865241657877760e-01,0.000000000000000000e+00,6.077392969796905492e-02,4.520217014947352507e-01,2.398353879039138992e-01,4.203686894814641639e-01,2.636955120510728334e-01,7.478593161957349800e-01,-1.462135598679252350e-02,-3.667552813312474624e-02,2.459204042627046172e-01,2.229231059812830928e-01,6.437272135250131644e-01,5.580032479908146881e-01,1.395196935045924236e-01,6.326682243301785524e-01,4.827421701786408503e-01,4.918249399191673699e-01,4.723387569761318128e-01,4.359177514660282915e-01,-4.728368631081974159e-03,-2.222233927728002878e-01,6.487439219708675264e-02,1.091864470949620997e-01,-3.675388334047042238e-01,-3.402154341258650794e-01,2.736159775932861526e-01,9.967761388185721050e-02,5.094411411821856417e-01,2.063974738258240182e-01,4.788824451448433495e-01,4.765207765528543526e-01,2.644512581200131329e-01,6.409959018486133253e-02,-5.401070487658480301e-01,-3.167662650262297319e-01,-2.069794889515866043e-01,-2.346935074634136364e-01,-6.270706319612178170e-01,-5.193336887121173806e-01,-3.127629747508389180e-01,-4.746907535452717097e-02,-8.267173697152330192e-01,-3.041429882162532405e-01,-7.334480840639514554e-01,-4.578373091164634756e-01,-3.949844608192485396e-01,3.662021315695488527e-02,-2.742331920643226173e-01,-1.398401466243793523e-01,-2.007037919847125262e-01,3.769463095713371237e-02,-2.970202692496184266e-02,5.258075155609448492e-01,4.171497333093023840e-01,4.185484163915079714e-01,6.236201046380761975e-02,4.850313536581702945e-01,-5.589180098122415591e-02,-5.077567740093807958e-02,-3.330491727596053275e-01,-8.407846921761667758e-02,-5.867466700120050477e-02,4.704581721586143517e-01,-8.857238171125121629e-02,-2.857412232520136208e-01,-2.640823832749236016e-02,-1.483282177980615180e-01,1.849413973972558467e-01,4.708216941681480638e-01,-3.532736362777438854e-01,-1.856653598937469118e-01,-4.421772260389636999e-01,3.037356667172678715e-01,1.593393130466865260e-01,5.863881741455838625e-01,-3.212509039651043619e-01,4.389000893357992705e-01,5.213312291619719430e-01,7.638651014600860156e-01,-4.387727777361384862e-01,5.150040464128362583e-01,-5.357959173166247924e-01,-2.251539552019450330e-01,-6.358955545006493848e-01,-4.347776969049088613e-01,2.815255588672296860e-02,7.934504890528763787e-03,-5.665780788852230881e-02,2.311510322871334899e-01,5.535607130615669697e-02,2.800768259813163352e-01,2.917705539193123920e-01,3.107688672349427916e-01,4.165332896238024274e-01,5.295258857876357084e-01,-1.922900937131329924e-01,5.797454625821730767e-01,2.989760982006705592e-01,5.660921102174146791e-01,1.282246343768730368e-01,-9.842626584397627665e-02,-2.343476929251101515e-01,-4.397292786820322097e-01,-1.923053281780310042e-01,-4.488104339694073408e-01,-3.540875173946876342e-01,-2.074366124013233420e-02
4.640432407802587700e-01,3.478467985126121320e-01,3.852685343825513198e-01,2.326661557967099336e-01,8.839399812930234801e-02,-1.735808256270679195e-01,5.267331513485504768e-01,2.330405920483354654e-01,1.539906800832557994e-02,6.077392969796905492e-02,0.000000000000000000e+00,6.826317416898831647e-01,7.207185801374519363e-01,5.820023406805632238e-01,2.079041025864112047e-01,1.240324914621153546e-01,2.255075741803918010e-01,3.129547006593743630e-01,2.825690544306712626e-01,3.782289374179978458e-01,1.295875194905015126e-01,1.219057373071801564e-01,3.162360468528335744e-01,2.962163293160640087e-01,2.354339718966427519e-01,1.982120359757051364e-01,-1.520327521193042854e-02,1.835115559505596516e-01,4.134801510337615671e-01,1.315374040613501716e-01,4.322481211411144386e-01,5.797800776240107368e-01,9.943556014003054888e-02,2.476676722930320762e-01,2.025261846843467162e-01,9.844895579245181716e-02,1.368556876451404447e-02,3.853905779674525380e-03,-3.506961431206694069e-02,1.884397881683173293e-01,1.355401877512481257e-01,1.041673317223303502e-01,-2.535602847434064722e-01,-2.641502447564562650e-01,-2.449709089303016285e-01,-2.334981779422192760e-01,-2.528233749448252077e-01,-2.919374565814290556e-01,-2.360643896319807589e-01,-2.069004219617317508e-01,-9.689175888308726448e-02,-1.488177925712685090e-01,-1.738276864418452916e-01,-2.453426439112190438e-01,-1.780898991048464608e-01,-1.999679199779457739e-01,1.491451237535781627e-01,2.138677108455327158e-01,1.119046373105701681e-01,1.997721086180383743e-01,3.640790368906244856e-01,3.476871750115026471e-01,2.291250005287281122e-01,2.949174465390361211e-01,2.956425819546116829e-01,2.382635924927120341e-01,2.099574579610530289e-01,3.813274432377618262e-02,2.232940717924411511e-01,2.229458816160607149e-01,1.967972060284783609e-01,2.241371924643463520e-02,4.359716834911896155e-02,7.569652129244099081e-02,1.294907914141186500e-01,-9.939597460588474320e-02,1.459425397314329798e-01,4.379771535638132124e-02,6.985991377177026840e-02,-1.109100595636509784e-01,-1.657832622881894868e-01,-3.549103016413032025e-02,-2.944979586956851803e-01,-9.632173160639130594e-02,2.229416105833835829e-02,-6.297254234739545209e-02,-2.766876383273559128e-02,6.748586705904435767e-02,-4.830436721439385073e-02,-1.443757702655553976e-01,-1.142073547443700626e-01,-3.060530422358676561e-01,-1.811686448469922162e-01,-3.691551950672756210e-01,4.104571503302656410e-02,1.399970794169245747e-01,-7.388380249661666288e-03,-5.815214122094575742e-03,-2.421478180553591208e-01,-1.534820798968280497e-01,6.579979768599118067e-03,-3.527950406477258771e-01,1.543667708681376038e-01,2.159742255491087920e-02,-2.312294605133094760e-01,-2.353341049610193081e-01,1.494036573228454123e-01,4.015052964573694039e-02,2.468147224384055483e-01,4.265246736387038884e-01,-2.484865231247641304e-01,-2.388984281495631357e-01,-2.789220314624838992e-01,-2.211653839243838682e-01,-2.124805707211929184e-01,-1.351181410979042652e-01
3.492537371285704406e-01,1.767787080296251701e-01,4.127547084636736807e-01,5.655458096793321010e-01,1.945822149617096319e-01,9.127939890801686773e-02,5.126244763787444203e-01,4.775731089176885047e-01,5.279264510495953328e-02,4.520217014947352507e-01,6.826317416898831647e-01,0.000000000000000000e+00,4.697919897885673990e-01,7.507614508388982255e-01,1.337204691483541430e-01,4.081663494628139932e-01,1.524820338061645963e-01,1.807015318485913069e-01,4.542827352277082897e-01,5.650436626534325324e-01,1.769580866591481394e-01,2.559061166978254809e-01,2.690778676102668632e-01,4.769387843066324462e-01,2.714794132598243870e-01,2.993857741221646052e-01,6.266909292173898118e-03,3.195280229999715726e-01,3.013703421178948738e-01,1.724471300072601410e-01,3.542663616393770254e-01,5.136180768658463736e-01,6.135933773523501167e-02,2.212333315894252361e-01,2.672694808702497093e-01,3.262754238457440947e-01,1.376520906938813738e-01,2.167791680756872286e-01,8.313386648824244718e-02,2.795056170228454873e-01,1.298324760137777867e-01,1.378115715259249363e-01,-3.735205132972486686e-01,-2.613207837747955620e-01,-2.477973523750813534e-01,-2.202414692619643899e-01,-3.508236009063772642e-01,-2.459219692346543973e-01,-2.313335195684100565e-01,-2.283630132076205632e-01,-4.365202236864654251e-01,-2.649543092593076299e-01,-4.760994786337796603e-01,-3.174191877380556082e-01,-4.513090370452267908e-01,-1.113854521515623280e-01,-7.868458895937173458e-02,4.720508204896409210e-02,-2.398506550987515237e-02,2.387845431943361740e-01,1.949370567998898740e-01,7.108595134243549385e-01,3.956191004674698974e-01,5.778358188339433044e-01,1.533115982191445015e-01,5.125140815907074376e-01,1.022142975493547587e-02,6.692643480353251129e-02,5.376037531254435065e-02,1.090991119207001120e-01,1.383282688421826889e-01,1.837164859780881787e-01,2.389042011513612535e-02,9.025008665577179470e-03,2.795255476753319770e-02,-1.080366989313458481e-01,2.823099357812438592e-01,3.972287179019502457e-01,-6.066256531730503804e-02,-9.829704588995651082e-02,-2.224749919794440089e-01,1.739070865385690390e-01,-2.218734345227231786e-01,1.123801477097025880e-01,-1.244855967191760837e-01,2.965926205663782511e-01,-2.759001215470474264e-02,1.966077818783771303e-01,-3.757061661787478579e-01,1.277399360611353452e-01,-1.805630230815341020e-01,-2.365213642000796312e-01,-3.277937824248594589e-01,-3.185057676878319532e-01,2.242965957950576392e-02,9.372871397457735454e-02,-6.638094840568208033e-02,2.985575928071628089e-03,-1.413569105378719437e-01,1.380104706741733592e-02,1.597432510074521528e-01,2.721797412039429070e-02,2.622603651879024111e-01,2.815982719968693759e-01,-8.543936443630531508e-02,1.079607567676281188e-01,1.206916076196004883e-01,1.266737499007057899e-01,1.544732854052912607e-01,2.607890313071107302e-01,-1.974978386962190080e-01,-3.143684019292105614e-01,-2.270459996675973369e-01,-2.769723388101961725e-01,-2.574911592160098461e-01,-1.732342542719342016e-01
2.905065281706669666e-01,2.831352560873708346e-01,4.805402614953167006e-01,2.631622048716560358e-01,2.396167726355159233e-01,-5.642342614783967675e-02,6.091573747748629808e-01,1.192880573650271364e-01,1.077938227947424360e-01,2.398353879039138992e-01,7.207185801374519363e-01,4.697919897885673990e-01,0.000000000000000000e+00,5.457947195620660441e-01,4.822399763576437071e-01,3.656403900653281691e-01,3.340345446852248101e-01,3.874680015799240040e-01,1.014965068054305558e-01,2.087738665781588010e-01,3.109882779479002934e-01,2.051436064074680377e-01,3.784409299074987798e-01,3.768931345873581251e-01,4.736250222706808177e-01,2.927128065796398282e-01,2.231860350676950489e-01,2.761797706733150615e-01,4.866651213937757681e-01,1.556477131359551291e-01,4.545374513757306500e-01,4.887755138065258964e-01,-4.507963630014345108e-02,3.221596966391445521e-02,9.010358190654942090e-02,-1.510107374127285795e-01,1.150940664133117686e-01,4.711009765691358785e-03,1.421550836704705834e-01,2.740803965339203563e-01,1.463131598593728488e-01,2.243189905566271569e-02,-3.233799268430204155e-01,-2.477452640002366091e-01,-3.138272558169998283e-01,-3.032415098359212968e-01,-3.149224430990197332e-01,-4.482078953036167657e-01,-4.029212732203339420e-01,-2.919327542914815221e-01,-2.742346404119465064e-01,-2.981356159230838521e-01,-2.792165865671153435e-01,-3.405952400630781751e-01,-1.630896278118074694e-01,-2.891518488501790274e-01,1.665239234640598920e-01,2.495762088807858547e-01,-1.104973543876860836e-01,2.534545256414617517e-02,2.685908295622296826e-01,2.796510730657684185e-01,1.889667735908713841e-01,3.166873548852591758e-01,2.066680360431727148e-01,1.667595985027942040e-01,7.499756758000331036e-02,4.502466504160144295e-02,-2.862159277371848637e-02,1.231367890244606383e-01,1.199578861668316870e-01,1.325770301222843894e-01,-6.174091420470252840e-03,-1.489796533643153453e-01,1.025860938098259317e-01,-1.609510521875866240e-01,-4.162224761766363662e-02,-5.388434336913113833e-03,1.205134566680221703e-01,4.434482161180625104e-02,-2.031265372859908658e-01,5.084434780035253232e-02,-5.019741563212734570e-02,1.785269814604773797e-01,-6.150637621207134809e-02,-3.984536931006944088e-02,2.396548879245925245e-01,3.440499187165329542e-01,-1.069494599727083273e-01,-7.420580489181666239e-02,-4.337731606268462881e-01,-4.276149938561887298e-01,-3.794961564867517789e-01,-4.094391252920611124e-01,1.161714738983477824e-01,3.581596545741453589e-03,-2.243295166472222130e-02,1.103301968972501407e-01,-2.928664493114105927e-01,-1.955774593231776881e-01,-1.831581330805005098e-02,-2.164669003166384553e-01,1.709400271906542645e-01,4.433207540585798467e-02,-2.456224994449011101e-01,-4.895783312166478336e-03,1.324944840911222721e-01,1.559144716411731690e-01,2.722551307418350497e-01,3.049292629920508646e-01,-3.166611613841918138e-01,-3.345752074274387367e-01,-3.352651708492460636e-01,-2.646549783152775670e-01,-2.316538530842078003e-01,2.020726646699323031e-02
