0.000000000000000000e+00,2.479989737024003160e-01,-2.861256077211430781e-03,-5.585033247829083169e-01,8.332789509882657097e-02,-1.266616990359856199e-01,2.123333688181349155e-01,-4.869961269580642682e-01,-3.153156336262148418e-01,-4.425394507940433875e-01,4.777317804133505708e-01,1.683358771378910268e-01,3.677045062767729244e-01,6.505705380347426292e-02,-1.581989528465374828e-01,-4.737673805528224147e-01,-1.835184697837209111e-01,-4.577474855502934592e-02,2.528453412077042439e-01,-1.099175445500773056e-02,-1.534330722648997170e-01,3.709788329587377503e-02,-2.390380736673066997e-01,-4.673039843072255839e-01,-2.901144190289829949e-01,-3.265917241943583349e-01,8.643679373486074999e-03,3.815703977505940231e-02,9.990405889442439957e-02,-2.140532981361848441e-01,-4.842114681306877721e-02,-2.063908420713961578e-01,2.424093161342912306e-01,6.798440632098110004e-02,-3.178131970953659846e-01,-2.884408760334145061e-01,-4.926106985119841492e-02,6.970768979506365703e-02,-1.101228363651281100e-01,8.625357292454868818e-02,1.458052548153777050e-01,3.615868260056656069e-01,-3.699881933276556734e-02,7.521678493716600633e-02,2.304306119054017402e-02,-6.887392369820286020e-02,-6.899874476643962085e-02,1.035293688036726945e-01,-4.740738324246623198e-02,7.370191463537628662e-02,3.498369656203260680e-01,3.053538436867729300e-01,3.593504879787735584e-01,6.582043705873913408e-02,2.802466260589563385e-01,2.634718234615762711e-01,4.279965273574375950e-01,2.254988618991397020e-01,5.714677737042326289e-01,4.465622331100219666e-01,4.523330985913844859e-01,-1.626374287127120288e-01,2.311437601886334736e-01,7.865909329250500570e-02,-2.205611349543654676e-01,-5.149643719700753852e-01,2.348105870713003071e-02,-6.655241187640806300e-02,2.731166239471388701e-01,-1.822202532997176105e-02,1.642389887361583589e-01,2.289933972700104459e-01,2.211426684018882038e-01,2.144696472506928131e-01,-4.566828210552634909e-02,3.256558431078746541e-01,2.719299742945057718e-01,6.679887950586993473e-02,-1.984200601840839517e-01,-8.246875912617536442e-02,5.192719602303235565e-02,5.156279005165225610e-02,-3.996629056914365041e-02,4.633419311709671001e-02,2.555444072200833278e-02,-3.410341585371173823e-01,-4.397147807791201152e-02,-4.217282825387826395e-01,-1.151217050942328762e-01,-3.256470267035793675e-01,-5.759675417651419771e-01,-2.356302122087894635e-01,-5.969053834688016202e-01,-1.554983629252561228e-01,-1.732718349742063124e-01,-3.553029122450359067e-01,-1.677491513742225548e-01,-2.514823703050477199e-01,-1.282859648615618520e-01,6.482406605561240320e-02,-9.746351153273821732e-02,1.597783711507774762e-01,-5.432201925382466184e-02,-1.352354993306372488e-01,1.361300816039960788e-02,1.235559975512116465e-01,9.538761556538798148e-02,9.175625341915530364e-02,-1.841660781325299701e-01,6.792972127806938196e-03,-1.027587461416778064e-01,-1.500954357121909721e-01,-9.652054304055372735e-02,2.726035585775253567e-02,4.799859502996513261e-02,-9.275371043325424114e-02
2.479989737024003160e-01,0.000000000000000000e+00,7.825349570788993347e-02,2.437293406650833591e-02,2.326081784627251625e-01,1.085887672897504902e-01,2.188072262480214025e-01,2.419601345925196656e-01,5.078152124909673243e-02,-2.358514657378102675e-01,1.899627329288114119e-01,4.820222279490754547e-02,1.287201868170716745e-01,8.462347856710938920e-02,-8.038452775884873114e-02,-2.789687614557053164e-01,-1.453112851565642460e-01,2.732592484421229040e-01,3.821866116071686026e-01,5.825125252799392417e-01,1.462911152263820236e-01,2.771391794993809388e-01,9.463787706965065549e-02,-1.446247327091173228e-02,9.072700852940650262e-02,-2.186651633245428605e-01,1.510391501859856267e-01,4.276893456731788168e-02,-1.044924633043582407e-01,-1.138772251292821669e-01,3.076591540275849801e-01,-7.732172227471070802e-02,4.008440827063624035e-01,4.260953130662267219e-01,-1.981646338652616191e-01,-3.054332009185279362e-01,9.331561238095331667e-02,1.286141801835760934e-01,-2.544220019047210291e-01,5.266245265843341739e-02,9.218437824050797202e-02,2.905362719237224445e-01,-2.236752922902122964e-01,-6.461027954920418870e-02,9.820751137195482539e-02,-8.716662928951783573e-02,-1.539885630594269583e-01,-8.035844572299173649e-02,-1.322285906467172110e-02,4.834173983192004143e-02,-3.447254139067751355e-02,-3.233730088812065539e-03,2.281922369349134380e-02,-9.424695351038497870e-02,-2.415026892191340924e-01,-3.790307586149074814e-02,6.608743239418856108e-01,6.682910207101813160e-01,1.714759554897289651e-02,2.434027433389288342e-01,9.758161517398325491e-02,1.693118753480367389e-01,7.138327012592328435e-02,1.271650990309854123e-01,-1.021074726187775478e-01,-6.649178525730380096e-02,-3.805641233753488950e-01,-2.549597067002025708e-01,5.456847668244577676e-01,2.925773784629276952e-01,4.594227789162452780e-01,-5.149656047899193317e-02,1.956929326931781121e-01,5.040996828687999143e-01,2.010108298341929944e-01,2.046773078591213602e-01,1.970486824219940258e-01,-7.427386663219112672e-02,-6.884704389688513226e-02,-8.604878008227170513e-03,9.914122497790267552e-02,-7.750662007338733617e-02,-1.169591145691997319e-01,-2.588923197753755234e-01,-3.193018814131279304e-02,-2.602775521463433495e-01,1.426724415673148172e-01,-5.229955453542243365e-02,-6.083102367299794005e-02,-4.621728534939171240e-01,-2.380917126454885624e-01,-3.477734784342819685e-01,-3.451739638562289492e-01,-2.994414520004574087e-01,-2.751444984370964852e-01,-3.335721250425691675e-01,-4.393584410407903040e-01,-3.439995935421483186e-01,-2.132456487621472163e-01,-1.137584315628707293e-01,-4.996508261314606958e-02,-2.763600289757321415e-01,1.535302742805181100e-02,-3.574837160893574173e-01,-1.873641899414949796e-01,-2.747422905407869154e-01,-4.098729284284383795e-02,-1.292863281967281675e-01,-2.884215717310127935e-01,-1.040475304609704728e-02,-3.936194308852374313e-01,-1.441321961969256604e-01,-2.066477954525517899e-02,-2.780170722127907057e-01,-2.931545583028185575e-01,-1.753964140113474235e-01
-2.861256077211430781e-03,7.825349570788993347e-02,0.000000000000000000e+00,3.533824066744195580e-01,2.947849601585004198e-01,-1.258105708081644347e-01,5.859433344031870217e-01,-1.090517642649968533e-01,3.018960301190314888e-01,-1.189057168718958141e-01,-2.490040619475067940e-01,-3.926913833533053344e-01,2.533059078066852710e-01,-2.749918098251688536e-01,1.804585232424409103e-01,-1.290484284552861627e-01,-4.080773803508160325e-01,-3.855859342135559698e-01,4.431394447208495957e-01,2.516834277289435873e-01,-1.103656222077685489e-01,-2.357963391316033608e-01,6.763983409148379700e-01,4.769272127532770411e-01,5.563610788715839250e-01,-6.611715327532993562e-03,1.524962721332230042e-01,1.549930038121509479e-01,-3.137042449955804724e-01,-3.745285193074786578e-01,1.115475965035838679e-01,2.066534573492902482e-01,-8.860552954489681055e-02,-1.935760283137506199e-01,2.095623578865350167e-01,1.140981908888600432e-02,-1.143275597739504268e-01,-1.263102251399187137e-01,-1.715724126375011704e-01,-1.473539019530492600e-01,-2.510671307536611052e-01,-9.627361266003464646e-02,1.000809950146110267e-01,2.032776783536547477e-02,1.178567091351558349e-01,-2.185130538727456107e-01,-1.641481173249840775e-01,8.993564922039898324e-02,1.500650430454732454e-01,4.794032459334117424e-02,1.301002928748860588e-01,1.162458293959523770e-01,1.415071116294317199e-01,2.607635184059957090e-01,-1.251246572720480024e-02,1.908365388576111488e-01,-1.062109276241232636e-01,-3.025121037443561645e-01,-3.179916156168330343e-01,-4.088486850067433731e-01,-2.426677155006419506e-01,-2.811636079044749215e-01,-5.523342745462688219e-01,-5.689390056780924132e-01,6.886259022608908209e-01,-2.665446483135986214e-02,4.954931032749784053e-02,-3.656368062665364405e-01,-5.533020503332038154e-02,-1.438363616354698116e-01,2.464838628784432051e-01,2.469978591922770972e-01,3.362571251427893260e-01,1.638364270428137870e-01,1.875170971495087324e-01,2.332742501232101806e-01,3.617950171784128921e-02,-8.534423101407241641e-02,-2.446357154153901148e-01,-1.280529656024921581e-01,-3.482991879408462998e-01,-2.195451208009590038e-01,4.165241602869198395e-02,-1.804298118333665102e-01,3.854598825446323707e-01,-1.645115962243350327e-01,3.217922246441263789e-01,2.683051326199483722e-01,-3.134777408892369666e-02,-3.682927211920805632e-01,-8.612332591089293110e-02,1.040892367076535208e-01,1.522013423793860676e-01,2.892295034782420560e-01,-3.159981050188960250e-01,-1.340643240674231074e-01,-2.323949160353488974e-01,-1.795463484837163670e-01,-1.564513139454628277e-01,1.540757082437903547e-01,-1.439172636746526013e-01,-1.884137657877154037e-01,-8.538713138437016570e-02,-3.152441254285127115e-01,-1.509643169001828877e-01,-1.137099836250018842e-01,-4.740292437839449535e-02,7.880000170329413967e-02,-2.688887597383317063e-01,-1.933412549713368622e-01,-6.296556976474446121e-02,-2.711632489103778521e-01,-1.559685205371591221e-01,-1.273080699841127039e-01,1.669925889455583512e-01,-9.645126974018693178e-02
-5.585033247829083169e-01,2.437293406650833591e-02,3.533824066744195580e-01,0.000000000000000000e+00,9.901383124942982061e-02,1.421130114312090242e-01,3.028410028299161616e-01,6.917370402169070731e-01,4.364484626763840969e-01,4.126620877711664193e-01,-4.478944613248974638e-01,-5.326678086383072191e-02,-3.248626886806295633e-01,-1.231390649646988723e-03,-2.088826874271495007e-02,3.634783912785392590e-01,-4.562862711664531640e-02,-5.810263961066849947e-02,7.618091867588394628e-02,3.305278959767508073e-01,8.209524130970152767e-02,-1.031704614455771080e-01,6.209289565878413075e-01,7.832547496224783190e-01,4.639955674459380619e-01,2.844516556404691476e-01,-6.417761104000591077e-02,-1.865360385104002767e-04,-2.790290307962550176e-01,-6.710078902802001088e-02,3.242259375992608827e-01,4.223864318123571882e-01,6.489461141869781735e-02,3.140917406171445103e-02,2.839315058562060790e-01,2.500727944538709280e-01,-1.081327313405428814e-01,-9.275114841237060148e-02,-2.067232115304400986e-01,-9.530268999991887979e-02,-3.513075349881337184e-01,-2.548903600575370132e-01,-1.076624263165736478e-01,-2.024751037600449888e-01,-9.001236823953562283e-02,-2.282864367948534978e-01,8.720579139189521545e-02,-1.210613331561429529e-01,-6.344065829734606143e-02,-1.727586348077129463e-01,-2.061910116164876461e-01,-1.335313935993104606e-01,-1.528219581626157342e-01,2.387694887357533560e-02,-3.553371681690493111e-01,-3.161670698236539456e-01,-1.802698081449400913e-01,-5.886500575703446092e-02,-5.677716494063694830e-01,-3.858421902019295024e-01,-3.259963609134068907e-01,3.199621314089202140e-01,-4.127375811094186608e-01,-1.565331382846155417e-01,4.739333082833753208e-01,6.586874132002097371e-01,-1.146621714852886220e-01,-5.232744590681918245e-02,-1.445159970462916166e-01,1.244456585389998593e-01,1.345408888740741160e-01,-8.746977696553409967e-03,3.153942298017919921e-02,-2.611770751916544370e-02,-5.215077008991379770e-02,-1.892805140624460869e-01,-2.335616885934349019e-01,-2.141818432477924361e-01,-1.208917636851251920e-01,-1.030309077170138837e-01,-4.149108238272445903e-01,-2.492177360135060527e-01,-2.591838411906261519e-01,-1.610348916373523231e-01,-4.335705600286900163e-02,2.335797736985364137e-01,-1.423825163574091515e-02,5.700865157839238861e-01,-1.119528530107683773e-01,6.589314699159824762e-02,4.672694448092294950e-01,2.934382366239042181e-02,6.718241557609355707e-01,8.401888178365778115e-02,-9.190420906635578258e-02,5.437177165874240714e-02,-7.140368170319284780e-02,-1.002104851482261416e-01,-1.562586099412864027e-01,-3.083050525589524637e-01,-5.904547590880956237e-02,-3.248537887916479461e-01,-1.045352910889661702e-02,-1.409330579491485658e-01,-1.608873067924745659e-01,-2.208174997882077495e-01,-1.258946378715598835e-01,-1.069366949315469217e-01,-1.452831432229645392e-01,-1.154670849563749629e-01,-1.179109425855298376e-01,-2.955083716685095729e-01,-6.679787922203922479e-02,-1.775604544134803120e-01,-1.710380884717314642e-01,-2.045585346240752778e-01
8.332789509882657097e-02,2.326081784627251625e-01,2.947849601585004198e-01,9.901383124942982061e-02,0.000000000000000000e+00,6.362341155169191076e-01,3.608533832750008830e-01,1.148758094477002889e-01,5.710492245751761509e-01,-3.291072332257675287e-02,5.710195937893902673e-02,5.281977506465292127e-02,2.848649074754160404e-01,5.688162475336487611e-02,2.633797055166537393e-01,6.194167330281482448e-02,-1.342580517101694682e-01,1.823168535469139873e-01,2.878155078645230347e-01,2.842794810733049182e-01,-1.188589997422997424e-01,-6.737320663599515036e-02,3.696304173060058207e-01,2.730901640680454268e-01,5.185023701652944350e-01,1.398731460382321712e-01,7.329303098707690145e-01,6.258316127080966185e-01,6.260238812931848140e-02,-6.925443577176457199e-02,5.009308566377718153e-01,2.692427903008911549e-01,1.791242843139047303e-01,2.147991514871014362e-01,-1.470749286418068791e-01,-2.748091337667225020e-01,-8.883649009169812538e-02,9.852147355143064944e-02,-2.407316357503130055e-01,-2.372629333381399974e-01,3.628818811822334123e-01,3.646542739040309900e-01,-2.193990229227200106e-01,-5.905469697955847280e-02,-1.786562127410100675e-01,-2.597553024217324480e-01,-4.564617960753894477e-01,-4.136287777586867831e-01,-1.985117146855591708e-01,-1.653153924971585698e-01,-1.540686715461704881e-01,-1.115505195809351202e-01,-1.122155764864587874e-01,-2.561631039711462221e-01,-8.408149463700813342e-02,-1.442565610671550647e-02,3.211753011672637825e-01,2.357087898209849763e-01,-1.433238011443279114e-01,-7.606446584538135991e-03,-2.241297464340463036e-02,5.382425380133799148e-02,3.095068371319181777e-02,5.604460559991141649e-02,-2.798987295058046748e-02,9.051884582577241281e-03,-3.249761900472494802e-01,-3.766699034168197180e-01,2.192487488547907593e-01,1.133567075626267240e-01,2.159609375634519157e-01,-1.075777886151743773e-01,1.938576426025782617e-01,4.389522089539346639e-01,-8.054299161314962263e-02,-1.263634863652356721e-01,-2.749947903729879628e-01,-5.478647155971391181e-01,1.401862852924263825e-01,-5.392820057179360804e-02,9.536858650872138965e-02,-6.908764296538616456e-02,1.300270721348810721e-01,-1.141553419454988672e-01,4.747413078196876385e-02,-2.962016415174894557e-01,4.059152641084877167e-01,-6.322681091544714305e-02,1.800670316415631939e-02,-3.628641484952700447e-01,-1.708699391652971356e-01,-3.695679163779651000e-01,-1.994451965886160638e-01,-3.084943823290169362e-01,-1.981365849820137526e-01,-2.974207355596487634e-01,-2.608172240437757194e-01,-2.956846892218227274e-01,-3.723233797354301156e-01,-3.373387180230552063e-01,-2.761960433649009450e-01,-2.488137383135982095e-01,-1.585139130667819612e-02,-2.171973436056403028e-01,-5.328501295513300706e-02,-2.120203098194270164e-01,2.860746144764549359e-01,2.715231087874456772e-01,-2.935862444924327019e-01,-4.095768231643652224e-01,-4.059560178737181002e-01,-4.465251876523933516e-01,-2.239636065480460070e-01,-4.651379569000333447e-01,-2.203353922788131303e-01,-4.084419491035243266e-02
-1.266616990359856199e-01,1.085887672897504902e-01,-1.258105708081644347e-01,1.421130114312090242e-01,6.362341155169191076e-01,0.000000000000000000e+00,1.028012627994300959e-01,3.472927685644857654e-01,3.094506044378647069e-01,2.274077633874591609e-01,-7.548371116439758777e-02,4.856041885563322502e-02,-1.079059544060719106e-01,6.527851955957356990e-03,4.958962484014619448e-02,3.296856212878665482e-01,-1.320742659097388361e-01,2.272567290207750113e-01,1.237318525426908955e-01,2.216715869374824288e-01,-1.294518573903301883e-01,1.927658016592963541e-01,6.446746031771086183e-02,9.863647555252456900e-02,3.270724201206288706e-01,3.650856626801540217e-01,5.969878239436561262e-01,5.674349105485746447e-01,-1.875897124992175749e-03,6.460741269023669020e-02,4.193690212656610017e-01,1.810453325770278454e-01,1.228985171643709601e-01,2.854345216600656654e-01,-5.554445473696011104e-02,-1.143192821546293314e-01,1.211589119424345412e-01,1.808503041945281886e-01,-7.873818711509136814e-02,-1.007725391385364683e-01,3.092492124916491614e-01,2.524058433024422565e-01,-6.281984795249031346e-04,2.003655745972292290e-01,-1.657431823057306172e-02,-5.355526434202662750e-02,-2.418377719409799398e-01,-1.706175932182251720e-01,-1.962863939232863675e-01,-9.184148956699314525e-02,-2.779317544539947615e-01,-1.934300418289086609e-01,-2.797185605573633826e-01,-3.063369650612308148e-01,-2.952326326876087426e-01,-1.792980637050058390e-01,1.622810121069222788e-01,1.690384263396363385e-01,-1.317086098795084981e-01,1.012705057312928009e-01,-1.176829215337858309e-01,1.965803694064147400e-01,4.791219261312230221e-02,1.743023998979576494e-01,-1.543556524465184709e-01,2.000909085969336532e-01,-2.271942770618065877e-01,-3.885668755463397850e-02,1.463620286893208000e-01,1.403639339885399406e-01,1.378606006421158325e-01,-2.452411381815084168e-01,5.158690549766226791e-02,3.090715610110329470e-01,-4.670799710429840435e-02,-3.502009850355504161e-01,-2.911120230398988040e-01,-4.375075294603719134e-01,1.312919426593333605e-01,-2.967794560959751901e-02,1.208961998391848980e-01,8.551145991274883285e-02,9.525221822611704137e-02,-1.102497278040884404e-01,-7.431767630494873211e-02,5.001347089198501794e-02,2.323064398568770728e-01,1.535960689467757295e-02,-1.563215434129821557e-01,-6.072023695630567736e-02,-6.172892602984924454e-02,-3.284014196397671004e-01,-8.978785494890946517e-02,-2.577534835573519478e-01,-2.230511688036843632e-01,-2.769967187129310227e-01,-2.537198977215984752e-01,-2.869597498684055004e-01,-2.775617373823789924e-01,-2.645751330220309505e-01,-4.877002075067672637e-02,-6.722042836982934644e-02,9.026402734261902705e-02,-2.504816300360302589e-02,-1.030009183857052701e-01,-2.106424957733058212e-01,2.580371730546079934e-01,1.693499414903626432e-01,-2.738942898878604648e-01,-4.298033342259769407e-01,-2.995716298085978058e-01,-2.592800996151967130e-01,-1.611353782863014505e-01,-3.150202525423733135e-01,-2.631051708188003602e-01,-1.273854117109120554e-01
2.123333688181349155e-01,2.188072262480214025e-01,5.859433344031870217e-01,3.028410028299161616e-01,3.608533832750008830e-01,1.028012627994300959e-01,0.000000000000000000e+00,1.467474854869889045e-01,4.395451215936009848e-01,-8.213399212507910274e-02,2.765672441592424424e-01,9.099485839519044772e-02,4.693184625701879997e-01,1.337749072548156670e-01,1.156718497441084625e-01,-1.196541756223243463e-01,-3.747277528717548045e-01,-2.533073428775352576e-01,3.080221064246848606e-01,2.449016370530572584e-01,-1.381430101663049526e-01,-6.123367738500062885e-02,3.692147578506759231e-01,2.512830057491448610e-01,1.198376013115632355e-01,-2.029073068602947338e-01,2.285567375665342391e-02,6.507855133054528396e-02,-2.331994833713735837e-01,-3.288640657668492340e-01,1.410472432361449535e-01,9.523667863867190872e-03,7.536204509479414726e-02,-8.950115447085062181e-02,-2.647046546418717616e-01,-4.010162467957591459e-01,4.216132529859612649e-02,-1.112612843424269915e-01,-1.640195919793664137e-01,-9.384928978078424522e-02,8.748326724382870373e-03,2.124877527218061446e-01,-4.502500855968220028e-01,-2.641967386166017562e-01,-1.246844214325131539e-01,-4.468485398930021613e-01,-1.892287640853995145e-01,-1.850350288284942912e-01,-1.219129823830176762e-01,-2.809137538237872767e-02,2.121307552902374494e-01,2.354814102678256527e-01,4.193745390998355332e-02,-5.841603506099660170e-02,-1.635852628046659263e-01,1.915221016346108085e-02,8.658853865740369360e-02,8.928865223064502699e-02,2.094169190905264405e-02,4.808952391568460660e-02,3.133341065857951913e-01,2.499829595537890747e-01,-1.146993304788085782e-01,-6.162660632330743682e-02,3.640152069950820524e-01,7.516912039633155684e-02,-1.682568413812647046e-01,-4.778006769111179941e-01,1.315519098217967364e-01,-4.889364273321016724e-02,3.458537174014916227e-01,8.824412136018920660e-02,4.044078859538046133e-01,1.922573115883536299e-01,-5.857130902875603423e-02,1.023605606012081698e-01,-2.272408750112001885e-01,-3.336506811314158827e-01,-2.642840523900855110e-01,-3.414241992706674722e-01,-2.732562751700819415e-01,-1.192930083494139343e-01,5.896391856840290518e-03,-7.449049799872631272e-02,2.438341996362054231e-01,-2.901006845986482952e-01,1.787374607257020964e-01,2.464907152540669333e-01,-1.097276765912837543e-01,-4.429311530336386693e-01,-2.225587265148503968e-01,-2.674033739734749116e-01,-1.564991055957902846e-02,-2.479877240608241440e-02,-2.996333331528226451e-01,-2.308636206541586633e-01,-3.530642964728252786e-01,-3.913751235938747741e-01,-3.398772957694937147e-01,-1.225334832257875539e-01,-3.108387475117949106e-02,-1.424708256515831162e-01,1.770156888569845155e-01,-1.720227060261293739e-01,-1.210934064550473893e-01,1.245139211657418227e-01,7.057322441513710909e-02,1.612496795778657066e-01,-3.437561028355681225e-01,-1.993070938304376538e-01,-1.793934370274694878e-01,-3.297018191082597971e-01,-1.639179821829098993e-01,-3.546448929057210986e-01,-1.829937844233840150e-01,-1.222987389594084595e-01
-4.869961269580642682e-01,2.419601345925196656e-01,-1.090517642649968533e-01,6.917370402169070731e-01,1.148758094477002889e-01,3.472927685644857654e-01,1.467474854869889045e-01,0.000000000000000000e+00,2.143290784534739313e-01,3.700086270183298165e-01,-2.371292478644039803e-01,2.480571274744083343e-01,-2.682274175043543596e-01,3.951090649457258963e-01,-2.091433591274330372e-01,3.079456760051575981e-01,-3.015517794116938377e-02,2.006461356117299755e-01,-1.640323265381044004e-02,3.050026451002847416e-01,4.965872093557918698e-02,9.879737181163279758e-02,2.279037150278845625e-01,4.563673471790538616e-01,1.880275238045002184e-01,2.882698906176756615e-01,1.300906686915903956e-02,-1.016168377175375725e-01,-3.305264414221404934e-01,1.263333693649807202e-02,4.164877938320222794e-01,3.368644671721778283e-01,2.878554137206416064e-01,3.911916066631769828e-01,7.566812044396543924e-02,4.624655667812929000e-02,7.505405985157252713e-02,6.779801324303671994e-02,-1.917261656373173695e-01,5.645484852953274943e-03,-1.257072732124579068e-02,-1.945874693511138662e-02,-2.772289859622800723e-01,-2.799236597928998482e-01,-9.299987125593062176e-02,-2.423216442375819013e-01,-1.298619586681280247e-01,-2.930985869499631025e-01,-1.343873712477537397e-01,-2.190709550465458622e-01,-2.626961210819891424e-01,-2.227803366800957530e-01,-1.285347897217597180e-01,-1.916559397207930060e-01,-3.402051004767985276e-01,-3.925047913641527275e-01,4.557280010808183873e-02,3.487891682419768102e-01,-2.972893206718212888e-01,1.131137114376623391e-02,-4.996145218391963988e-02,6.699774093430925781e-01,-5.267598936332031079e-02,2.446738546311422180e-01,8.227299923737807497e-02,6.155469380347476926e-01,-1.704754722393148347e-01,7.541150648713079718e-02,7.626905499779827735e-02,2.519325196688490531e-01,1.191580678419397465e-01,-2.590058408511881072e-01,-1.739855853121705376e-01,1.560787232666231532e-02,-1.293047466051810701e-01,-1.635743363775195303e-01,-2.267097450629596278e-01,-2.575251829358305988e-01,9.487952576355531895e-03,-3.481280595617965330e-03,-8.153393273616728332e-02,-4.309641203047404751e-03,-1.958515160321873949e-01,-8.783674637323687917e-02,-1.958032136978042348e-01,1.308764711583761675e-01,2.710757869196786518e-02,4.744638569499711189e-01,-1.581502827875257144e-01,6.796547504185429522e-02,3.340516105486190379e-01,-2.824168306594369571e-01,4.152799558368323041e-01,-2.621093724585248363e-01,-8.446469926013024099e-02,-9.874356737894306180e-02,-1.440506792162496996e-01,-1.941577436526779332e-01,-1.282702531557204650e-01,-4.298845172356468014e-01,9.280253273423566540e-02,-3.147890387522275235e-01,8.223358143394207675e-02,-1.172334349646444451e-01,-1.312544312884819930e-01,-2.490426019015709036e-01,1.053406167303047175e-01,-3.105398615895067424e-02,-2.103167373031849807e-01,-1.796382256384748688e-01,-2.864159129673651827e-01,-2.612872720937766680e-01,-1.345139299694864399e-01,-3.856240238724654157e-01,-4.365205608711066332e-01,-2.941501906134435518e-01
-3.153156336262148418e-01,5.078152124909673243e-02,3.018960301190314888e-01,4.364484626763840969e-01,5.710492245751761509e-01,3.094506044378647069e-01,4.395451215936009848e-01,2.143290784534739313e-01,0.000000000000000000e+00,4.152243405795453812e-01,-8.647266195230048080e-03,-1.808303990670858535e-02,1.640476773862808713e-01,3.497949374414276863e-02,5.739395170671350854e-01,4.246739373153470831e-01,1.703119694842515908e-01,1.765159002916924236e-01,7.921007851574055070e-02,2.337489048902021416e-01,-7.766403148038181388e-03,-1.250968743546047313e-01,4.162282033960720273e-01,4.168248171650744682e-01,3.602727627746223904e-01,4.093584635927774440e-02,2.788278113929114621e-01,2.879953125261162650e-01,2.151281458581543737e-01,2.074262632088522407e-01,3.074440704786736700e-01,2.435456162858657958e-01,-1.746183266148910174e-01,-1.408338317830474529e-01,-1.642533967454164190e-01,-2.674426513148778217e-01,-6.770404610671944268e-02,-8.585786866883068913e-02,-1.678618834121476389e-01,-3.897221503959501510e-01,1.496458073464544958e-01,4.431944481225941201e-02,-3.845490601572429945e-01,-2.672361988631148932e-01,-3.711971391729510517e-01,-3.257116778954168845e-01,-1.687020778548499744e-01,-5.039029500581343468e-01,-1.657299277938963089e-01,-2.305991039361909856e-01,-2.473544692259552480e-01,-2.281129596436191342e-01,-3.243890142568093271e-01,-2.752894448997207366e-01,-2.667097598846894235e-01,-2.789095300597848048e-01,9.599701819457499841e-02,6.892733379015976436e-02,-4.779757657594909115e-01,-3.535672325078395573e-01,-1.796494018416986971e-01,1.514690167621209060e-01,-1.413001854129211365e-01,8.591866780713408938e-03,1.828603614221314122e-01,2.733885871174650539e-01,-4.659605879602359280e-01,-5.506696138985780475e-01,4.164896900730910567e-02,1.224529621938533208e-01,2.174048281208142419e-01,1.705472509121837288e-02,1.818000749445193576e-01,1.172654852736654263e-01,-3.127032787064090713e-02,-1.320806477718461103e-01,-4.784447180800352473e-01,-4.439740967609654976e-01,2.292432764197439854e-01,-8.480169898910530635e-02,-8.776139550772478481e-02,-8.156757463916070039e-02,1.299502967804361531e-01,-4.300543969710058506e-02,8.522703549422791514e-02,-1.953439028344931550e-01,2.409413048551718728e-01,2.580374890293704038e-01,2.578669827194714492e-01,-7.929154872357656314e-02,2.811206485717493431e-01,-6.100267059708331524e-02,1.786443389935815362e-01,-1.488222607253099627e-01,4.704906966405573293e-02,1.185643830524634734e-01,5.641593747209242699e-02,-9.598157145973156001e-02,-1.438548070114090971e-01,-3.235890140760273592e-01,-3.121818860615883096e-01,-2.661954116132305148e-01,-9.973157571387342244e-04,-6.053594929897515575e-02,-1.341980533908116446e-01,-1.349452914905170942e-01,1.364860043213942664e-01,1.359833076584958667e-01,1.276019999386254723e-03,-2.034400181736853719e-01,-1.634729875740297544e-01,-2.499261736653628496e-01,-1.197227142229603386e-01,-3.287320528834775102e-01,-1.148244821681698585e-01,4.700143953006613584e-02
-4.425394507940433875e-01,-2.358514657378102675e-01,-1.189057168718958141e-01,4.126620877711664193e-01,-3.291072332257675287e-02,2.274077633874591609e-01,-8.213399212507910274e-02,3.700086270183298165e-01,4.152243405795453812e-01,0.000000000000000000e+00,-3.121010589858115303e-01,1.099447262191884794e-01,-4.099592156632027584e-01,5.592293568145806359e-02,7.898713658105301072e-02,6.874058589968411459e-01,4.184873865653950253e-01,1.953805748996648439e-01,-3.211400043697865830e-02,-2.720906796083900209e-02,-9.346964544101320216e-02,5.440707484500319907e-02,1.043812065045621462e-01,2.294626383754924392e-01,1.812172650531200246e-01,4.962825890638712933e-01,-5.501692118748408022e-02,2.094097554466088640e-02,1.724935075853469280e-01,3.316542841938226460e-01,2.312175972376313005e-01,3.982732156389324762e-01,3.875180758252427110e-02,1.206421187498434855e-01,1.989815530021724344e-01,2.048758095779662225e-01,-1.171038279675811963e-02,1.804209430390488894e-02,1.237627588505762072e-01,-1.530427020776530533e-01,-1.377146693849245346e-02,-4.272992403429033414e-01,3.656585900689648255e-02,6.137917721036160144e-03,-2.311631367824808214e-01,-8.216523518066932985e-02,3.773515378570466150e-02,-1.800642972588077095e-01,-9.389108582765512412e-02,-1.372639732285980685e-01,-2.837820186569281478e-01,-2.777870262455701122e-01,-3.619438981408643063e-01,-1.426111151854828063e-01,-1.726226269900563992e-01,-4.298352784098578572e-01,-8.421559825712882086e-02,-1.224895446346839223e-01,-4.427409428509141986e-01,-3.944665566201635554e-01,-2.915175415048110175e-01,2.237630530528254558e-01,-1.320422170587493560e-01,8.420567421063923641e-02,1.243373671412209835e-01,4.526571001207367884e-01,-1.401857072338336674e-01,2.136142485408529593e-02,-2.496280801520309733e-01,-1.074876573688842013e-01,-2.324639384972109757e-01,-7.506180846672004525e-02,-8.471826576746369075e-02,-1.586355273100674701e-01,1.361033256319963136e-01,5.440698899910943742e-02,-2.543602714187010450e-01,6.209136738050551052e-02,2.907960701335949860e-01,3.698552148115825111e-01,3.080610615251678716e-02,2.367854015713563853e-01,-1.929099252097660755e-01,4.734603619169221178e-02,-2.921783796861001647e-01,2.872319720295545831e-01,-1.753957382633061224e-01,3.991550181364883487e-01,-1.335822043113885360e-01,3.991203056898155466e-01,2.588459018136712309e-01,2.175981422861367198e-02,2.140082578228753307e-01,-1.126728679955196488e-01,2.504445640462653055e-01,1.476272073899919102e-01,4.665328824073482483e-01,-5.101723710663939870e-03,2.606606312586639065e-02,-2.764974891943737800e-01,-9.753615764712086911e-02,-1.301503993869392029e-01,-1.434598774008492561e-01,1.868563840356388464e-02,-1.376393271316868894e-01,-1.074975317408531500e-01,-2.399004710824165568e-02,-1.478654271317917518e-02,9.683310455582495868e-03,5.950827600166908732e-02,2.888911017907901946e-01,-1.120325444407477139e-01,-2.555156680072400710e-01,-4.202873559358526190e-02,3.736067052762822444e-02,-1.665689349462887159e-01
4.777317804133505708e-01,1.899627329288114119e-01,-2.490040619475067940e-01,-4.478944613248974638e-01,5.710195937893902673e-02,-7.548371116439758777e-02,2.765672441592424424e-01,-2.371292478644039803e-01,-8.647266195230048080e-03,-3.121010589858115303e-01,0.000000000000000000e+00,4.754372581329622260e-01,6.773037848560309326e-01,4.282791582664779995e-01,6.478450242354062694e-02,-4.314281219821580193e-01,8.935765206962824336e-02,1.939992927974193704e-01,-5.225760809287705727e-02,-6.867817094173869763e-02,-5.085335872427439174e-03,-6.543520290658218219e-02,-2.283418657552341580e-01,-3.840189466768982318e-01,-4.504768237058138225e-01,-3.445272089339014854e-01,-1.301992203069239074e-01,-1.463040609291718364e-01,2.548574165131904379e-01,-6.655643660109322735e-02,1.038053011918138729e-01,-1.151309637293340266e-01,2.309659762854197329e-01,8.567445232324234772e-02,-2.840194038497348972e-01,-2.553789756763603647e-01,2.001553404197579152e-03,-1.627747193087435429e-01,-2.321628528670345026e-01,-1.181569245347386526e-01,2.664783545167039858e-01,3.446242582063586690e-01,-4.359156100607309292e-01,-2.329721718196898772e-01,-2.065292229606624785e-01,-1.111909155578049008e-01,6.149880695225441035e-02,-2.209955615837840559e-01,-2.278666822442535767e-01,-5.729345777797639760e-02,7.775296223807255658e-02,7.834484148319351138e-02,-6.176429305041175599e-02,-4.017163678814677508e-01,-7.699689410214922980e-02,-1.260455820992483489e-01,2.924845608259039609e-01,3.508679477684282233e-01,4.814981522089147314e-01,4.288508817871800050e-01,7.086896572129873784e-01,2.198021403677977437e-01,6.302085513854720489e-01,5.269827896806721368e-01,-3.101857073480929206e-01,-2.006788280348055786e-01,-3.485057504084027730e-02,-9.897166163143263085e-02,1.861595468573818968e-01,4.427449457550788198e-02,2.040932018251561397e-01,2.989253487800064280e-02,1.914021798810426611e-01,1.900284090206761645e-01,-1.067483365930734229e-01,3.584805404992923855e-02,-2.435432160404720978e-02,-1.214081798806683488e-01,2.814526922122868435e-03,-1.885921334094283197e-01,2.159333047193512656e-01,2.586330314106565983e-02,-1.113890753713572823e-01,-4.583488568842752214e-02,3.883063433265843828e-02,-3.791007510424891924e-01,-4.641991430031049831e-02,-3.369779483010344467e-01,1.355478559815528616e-01,-3.364814792163323132e-01,-3.411938421476579109e-01,-3.061025422321467238e-01,-3.309784402016003324e-01,-2.391151273362668583e-01,-2.437716248408490494e-02,-2.752031890938195224e-01,-7.002695900869405909e-02,-1.558673531103591803e-01,-2.015696299297151939e-01,-1.440465455630559055e-01,1.115116526070566022e-01,1.268476983315830198e-01,2.785551899755718264e-01,2.050888218005682828e-01,1.864072929669169029e-02,2.485051824204538018e-01,1.676476298359005079e-01,8.342985028078242493e-02,-5.683454470843397888e-02,1.659273664764239764e-01,1.716214560363105157e-01,4.878313236766102651e-02,-5.655547732215274875e-02,-1.058438517670126922e-01,-2.789915261271820324e-01,-9.652603559477279660e-02
1.683358771378910268e-01,4.820222279490754547e-02,-3.926913833533053344e-01,-5.326678086383072191e-02,5.281977506465292127e-02,4.856041885563322502e-02,9.099485839519044772e-02,2.480571274744083343e-01,-1.808303990670858535e-02,1.099447262191884794e-01,4.754372581329622260e-01,0.000000000000000000e+00,1.905580032602458285e-01,6.474425592843759958e-01,-2.084461087979732341e-01,-1.517450131171704519e-01,1.235773061382495902e-01,2.982600762733004784e-01,3.160440653988923210e-02,1.775204277963008392e-01,-1.361474485492942532e-01,-2.301837088966392220e-01,-2.692131306872930785e-01,-2.309360930687492375e-01,-4.179529855248236836e-01,-9.204737651692282419e-02,-2.250935070118607328e-01,-2.159247273889953189e-01,4.356237193245588585e-02,-1.478653895968385333e-02,3.147705255083342868e-01,1.802775131685981913e-01,4.813235838208458350e-01,4.535343226071721912e-01,-2.319907250910302754e-01,-1.145173594027240442e-02,-1.961294750078213800e-01,-1.565566280892533024e-01,-2.651194074898854947e-01,-2.060662939837732688e-01,1.901610049165483318e-01,1.305563499152256890e-01,-3.729671939125577262e-01,-1.752409176942837654e-01,-2.379543282187911724e-01,-1.494741412127713609e-01,8.406556618519987756e-02,-2.230811884687510793e-01,-6.812257069688326672e-02,1.584325711776843337e-02,1.831462948316391892e-01,2.625529094438214806e-01,1.479198406501826268e-01,-1.843345132409523468e-01,1.420168893306907598e-01,-5.344226491391614736e-02,1.647168579252714440e-02,3.394329017793081826e-01,3.462380329327261475e-01,5.814837901625544703e-01,4.844850844775101528e-01,5.565879401012052696e-01,4.329047909839172648e-01,7.047275101940686515e-01,-4.609991946522474793e-01,7.561332793938417562e-02,-1.398909175191879739e-01,2.372418049386161021e-01,-3.641999914383648590e-02,-8.334403868825747408e-02,-4.195989138198440854e-02,-1.431449901148269255e-01,2.654579794108875013e-01,2.682344459807452508e-01,-1.050367996656622199e-01,1.015846351522761426e-01,-2.432078380722351579e-02,1.043852127385324347e-01,2.168044133147885993e-02,-2.014365716310357046e-01,-1.547924677082428493e-02,-2.592046229151431444e-02,-3.168670752491044018e-01,-1.203408935757695475e-01,-4.066171713791198461e-01,-1.112061109671890480e-01,-1.117915955813570533e-01,-1.032778397166041473e-01,-2.158172389820230477e-02,3.120788349859893174e-02,-1.655872209498383263e-01,-4.506685545507583823e-01,-1.556271922994311441e-01,-4.849789573771934315e-01,4.204996043664201849e-02,-2.824685187092475513e-01,1.218745347361261944e-01,-3.083859829978649048e-01,-1.978842202891292201e-01,-3.939062852897722844e-01,1.879868709109791536e-01,-3.388096643125761143e-02,1.500338217585495404e-01,8.373581413661498885e-02,-3.751340598172313995e-02,2.926991111426800393e-02,2.619152330456998579e-01,1.393748012397086067e-01,-2.046843662667671149e-01,1.175011277714815561e-01,2.124551485829254821e-02,-2.958709115680611679e-01,-3.260272228711570408e-01,-3.120310920288454359e-01,-4.271480772647214819e-01,-3.039454392472915045e-01
3.677045062767729244e-01,1.287201868170716745e-01,2.533059078066852710e-01,-3.248626886806295633e-01,2.848649074754160404e-01,-1.079059544060719106e-01,4.693184625701879997e-01,-2.682274175043543596e-01,1.640476773862808713e-01,-4.099592156632027584e-01,6.773037848560309326e-01,1.905580032602458285e-01,0.000000000000000000e+00,2.718273430942119151e-01,3.166866249444629799e-01,-4.221761510626791392e-01,-1.251856757556980004e-01,5.657449463270703555e-02,1.999238481759201547e-01,-1.901205905121393716e-02,-7.587980855728440610e-02,-2.078754246716471299e-01,1.280541600155728210e-01,-1.225848585406649899e-01,-1.126717728754233483e-01,-3.058725661859278966e-01,5.931443859640998101e-02,-8.028606370389902713e-02,2.792417075673647373e-02,-2.640878921389968048e-01,7.188358752085297065e-02,-4.114693904056114515e-02,1.280929838118988195e-01,-7.561991928709091426e-02,-1.989487790368442699e-01,-4.033593506020760611e-01,2.059814219472812583e-02,-1.549404705717879471e-01,-2.867749821842907609e-01,-2.458260109690472706e-01,3.005880464629902549e-01,3.522500938875135490e-01,-3.992037563073158601e-01,-3.172835913138737918e-01,-1.274378396217409337e-01,-2.613237489454773854e-01,-1.597130720177367680e-01,-2.719758692991635085e-01,-1.270145840034203888e-01,-6.995485979933259435e-02,1.236478490173735095e-01,7.036356112486699677e-02,2.893683968348797000e-02,-2.387042273978860762e-01,-8.928023095753771787e-02,-2.594494931242144475e-02,1.253502828806043468e-01,1.343760243347495720e-01,2.612687000059265019e-01,1.365419880282873200e-01,4.990601491506034271e-01,4.427182936360998800e-02,2.092850804124067043e-01,9.340604086972986719e-02,1.266926546734011005e-01,-1.808267751362542808e-01,-5.996105117420524183e-02,-3.110221487623801573e-01,1.388173162080496570e-01,-9.265901042007693156e-02,2.646406848492485753e-01,9.165842494968656773e-03,2.698904454785702178e-01,1.805663799861145780e-01,7.677192552651090907e-02,1.339327614949382128e-01,8.200720726464820476e-02,-1.078038360731316120e-01,6.634878877253580498e-02,-1.344853634090524552e-01,2.255723981153443525e-01,3.726797720642989475e-02,1.033321207116173895e-01,2.960180922249959143e-02,4.546800051089150974e-01,-4.073286840327073333e-01,2.222860968022803696e-01,-1.841645074854227071e-01,1.847062979832548302e-01,-4.953296099783534023e-01,-2.978445113204678529e-01,-1.932986589468374539e-01,-2.161606039281239733e-01,-1.792434544322159609e-02,-8.305568402749961832e-02,-2.074026280004966916e-01,-1.099335334988012780e-01,-2.281181502492735380e-01,-2.148079960626446128e-01,-5.478706926505440278e-02,2.038944581843478432e-02,-2.272586734083889559e-02,1.215582366292932009e-01,-8.515938010325559138e-02,-5.512376245145454538e-03,1.359655952671935952e-01,9.715044193813568429e-02,1.843114561652109962e-01,-1.170282634823752582e-01,6.495799270999584596e-02,-2.708459156137403567e-02,-7.148013625912426339e-02,-1.109907012164719625e-01,-2.354551790212195683e-01,-8.974927219019163127e-02,1.222005963949410190e-02
