0.000000000000000000e+00,6.102714414036802815e-01,3.280473530342907229e-01,2.097906616826810677e-01,2.395258360272179976e-01,2.024637201287368959e-01,3.535541864267310874e-01,-3.104499328880780396e-01,3.454905857059256680e-01,1.945886563862137542e-01,2.314686995655453605e-01,3.289683651268171397e-04,4.500776219909035647e-01,-1.258292715239403003e-01,1.921576342185829789e-01,-6.461194855267549109e-02,3.910624974680990129e-01,2.174468754096225420e-01,6.082638040991816819e-01,4.132275991765840262e-01,2.181029555470963555e-01,3.082031302345739632e-01,7.533825172473799202e-03,7.784968974245114193e-02,3.555949899125655511e-01,3.674205087672682835e-01,-4.978517197780572834e-02,-1.984638737968320941e-03,2.577039259723475362e-01,-1.930141110941180696e-02,5.946663692446062521e-01,4.133290089289765046e-01,6.191926676508214822e-01,5.887544639115837031e-01,7.344704025034275163e-02,-2.435556876691585271e-01,2.561462076894112649e-01,-3.992180237477446769e-02,2.736185170554016333e-01,7.542131664236409461e-02,1.803972714663097665e-01,-1.241913203005453464e-01,-2.629076065932189343e-01,3.449930403188290751e-02,2.204234327147473055e-02,-3.022933462374888594e-02,-3.694753010191517695e-01,-3.612442648695933234e-01,-2.092882524435240310e-01,-1.938967405822753232e-01,-3.437590357069537084e-01,-1.948536781160185860e-01,-4.876184986364846541e-01,-6.013474267864923339e-01,-7.963360280989996431e-02,-2.164716557774301331e-01,6.879938806465221157e-01,4.568358697921249822e-01,6.572503981486646496e-02,1.925275447887235258e-01,2.387146786425605183e-01,9.823858167495180815e-02,2.216750925182717491e-01,4.265238126182980261e-01,1.096687484423347625e-01,4.917431223568654586e-01,3.508044615318512971e-01,3.537829080660345737e-01,4.072061667267214413e-01,4.914008040806021327e-02,3.424834750216359525e-01,2.291223012215223842e-01,3.366080654206807243e-01,4.148819262032921173e-01,3.058945276276460734e-01,3.116945803242387458e-01,2.140571455454065297e-01,5.674595495176606996e-02,1.644109915421107793e-01,9.453121744062954745e-02,2.241503612095917530e-01,1.639398080065282426e-01,-1.256541013974625531e-01,-1.577453620122670486e-01,4.710760954276671172e-03,6.514152792778273027e-02,7.339021105290026437e-02,-2.135954210021805133e-01,-9.081690752539021971e-02,-3.270620605661912483e-01,-5.530253882855847847e-01,-5.359296503450503568e-01,-5.578504434880221519e-01,-4.759068642204780097e-01,8.505632829885244328e-02,-1.205970786046352411e-01,3.475090685554842462e-01,6.459765615220731672e-01,1.127103844512509639e-01,5.675375184335442608e-02,5.506659510961622872e-02,-4.178110532420107326e-01,3.090817118097317628e-01,1.659199018695865779e-01,-3.941591092375514721e-03,1.150852602191785590e-01,-1.894010212809667526e-01,9.872281755644264634e-02,4.730804333067824968e-02,1.218055153694806436e-01,2.130399136471860244e-01,-1.352459333557453347e-01,-2.652831617697155031e-01,2.410467509030554401e-01,-4.106977617551791360e-01,-8.628088710717565779e-02
6.102714414036802815e-01,0.000000000000000000e+00,8.874243439740792105e-02,-1.496912675828435124e-02,7.381864128741949527e-02,1.013426329701126311e-01,1.479693348417651655e-01,-4.731956960969320725e-01,2.546582498600903355e-01,1.949961100098547562e-01,1.939327205688917144e-01,2.251267206918368124e-01,4.909668368173971120e-01,-9.890041479818577341e-02,2.990831826095311508e-01,1.709427407754295081e-01,4.814290785313974919e-01,5.469553598810534822e-01,5.965693896592560996e-01,6.965819077145241067e-01,3.800428929457197458e-01,2.175970066536410119e-01,-1.584084406079268592e-01,1.370497850963879050e-01,1.777116460764080752e-01,2.233145974761162056e-01,-1.442847495613835684e-01,-1.522936596407681586e-01,3.534332546373690209e-01,1.928744549321477486e-01,5.201166252610450735e-01,2.145695827415335932e-01,5.104608986257048731e-01,5.689778372117549887e-01,-1.517947163557223089e-01,-3.867950324638603776e-01,1.642357060280274783e-01,1.219758864349547584e-01,1.472916285403028103e-01,2.702580596921920209e-01,3.267339659081095471e-01,1.828021113560998889e-01,-3.729791053369004850e-01,-8.167253449260825082e-02,9.089498874361390257e-02,-1.829488391447299522e-01,-3.366219123558065185e-01,-4.085779088452060059e-01,-1.453571410629051763e-01,-1.883879260821033630e-01,-3.564861239153195860e-01,-1.793659107832743238e-01,-6.389087026187111329e-01,-6.209252207926475586e-01,2.056202828674802419e-02,-1.066321392952306185e-01,7.127254985673635579e-01,7.308577734956909211e-01,1.149136250192086955e-01,2.326836950540525639e-01,1.132791872491715202e-01,1.313492435992784091e-01,2.379905628360750314e-01,6.007543393469734205e-01,5.853785025740736864e-02,2.069141908755817716e-01,2.101071129291131601e-01,1.553948182825208024e-01,7.563451362405936296e-01,4.466456905320821957e-01,3.568282885278885042e-01,3.046649889401705225e-01,4.893401973255524506e-01,3.074226953294194042e-01,2.026750783809823930e-01,2.920906345107167068e-01,2.529546161084783584e-01,2.871518195398257145e-01,9.043058406576293118e-02,2.224360680150542502e-01,3.725907184254464988e-01,3.508273995049356886e-01,9.751063725044242791e-02,6.580544566685571362e-02,-1.988087085271849908e-01,1.163331150703530124e-02,-1.854738983517865286e-02,-3.292123263724160420e-01,-2.020335326567420375e-01,-2.334919859046582780e-01,-3.849650251015617752e-01,-6.068658500031294256e-01,-5.033173693187129594e-01,-6.065866559997373786e-01,7.478568118796563580e-02,-1.466820625396588751e-01,2.901905312060268916e-01,4.142853029266928555e-01,1.692311862770892739e-01,1.935461138660785618e-01,3.077503863971109421e-01,-4.358863519300286704e-01,5.420139883697216998e-01,4.235483251164952057e-01,8.250031807272678944e-03,2.315251938097287743e-01,2.611256921125227476e-02,3.638997443665092923e-01,-6.409057297717612837e-03,-8.744973062089855809e-02,-1.066935350224356843e-01,-2.166358727921455785e-01,-1.499821820871295452e-01,3.660770622598219504e-01,-4.823849933992708783e-01,3.557834250152362970e-03
3.280473530342907229e-01,8.874243439740792105e-02,0.000000000000000000e+00,4.967682333230232228e-01,1.877029553219531077e-01,-3.761328849928020912e-02,3.222852602668489497e-01,-3.303064969288443398e-01,6.151743264818439194e-02,-1.608273060526969611e-01,-2.793627066033431416e-02,-4.403733216453682986e-01,9.381417904613195691e-02,-5.691545033764491140e-02,1.803282145273513437e-01,-2.240790759399359233e-01,-8.128240753743766478e-02,-1.541356398587487853e-01,3.388452738903503098e-02,2.775809481637476345e-02,-1.855836539339086599e-01,6.455433116032360807e-02,7.057349951432400070e-01,6.241365169850364714e-01,4.200770680781708011e-01,1.450178878539118144e-01,-1.910268271234296517e-02,1.209156965078294066e-01,-4.082568197189144488e-02,-4.442195070582499739e-01,3.118384130447526825e-01,4.212049807595754647e-01,5.313980859630805798e-01,3.435685522577157647e-01,6.196573353175472976e-01,5.636938589704682673e-02,3.029385833481631485e-01,-1.681295658147012552e-03,5.065376260141684073e-01,1.687268263677213220e-01,6.524590801153155872e-02,-3.416459464891190567e-01,-1.351353199993549636e-01,2.278813562062176681e-02,2.372977820083942424e-01,1.665798560968031194e-01,-2.125663093618818389e-01,-1.384995499168295008e-01,-7.539525632595488192e-02,-3.128551914503404502e-02,-1.683336400513933406e-01,3.107304012794816564e-02,-1.670033073071441887e-01,-1.747089146834953366e-01,-5.959694493169491458e-02,9.706312997345839522e-02,-7.187476768121792148e-02,-1.900097628686177875e-01,-2.286846466556208823e-01,-3.130102055889421586e-01,-1.535648620482712168e-01,-5.505588096275035870e-01,-1.424754483688523976e-01,-8.691532960783271422e-02,6.428786625749050021e-01,3.254577001594795016e-01,5.885227321828543356e-01,5.212253133919158010e-01,-1.272580644563510444e-01,-1.589667406448350695e-01,-1.073950782623387112e-01,-7.585491115687782726e-02,3.587562220992897288e-02,2.839209925901983039e-02,9.845365887091704626e-02,1.443290651902332800e-01,7.361754423990855833e-02,-1.596952734272681362e-01,-1.672409745523507560e-02,-2.861868545911434580e-01,-1.689684543228451852e-01,3.930209249403007754e-02,-2.236641959080672148e-01,-1.133647315954358775e-01,3.297037109481018025e-01,5.201741288849178746e-01,9.524034046130032405e-02,2.915814939856480326e-01,1.086633834584433828e-01,-1.424226544884169277e-01,-4.802608556410571938e-01,-1.384213075475795030e-01,-3.282996219592129172e-01,-6.022053852363021959e-02,-7.723680877086592936e-04,-1.309416711027108216e-01,1.998632254655499929e-01,3.201177125298877990e-01,-4.248109148244073596e-01,-3.202961023360819115e-01,-2.904246260858032724e-01,-1.531035014533441707e-01,3.789844508823793368e-02,-1.691573148952848701e-02,-6.478559253269565443e-02,9.949893255026946715e-02,-1.909750908692845750e-01,-7.669315335443438464e-02,1.420017623739847079e-01,1.187334401304960263e-01,1.015211644093898524e-01,-3.535283673843175878e-01,-4.293581452528587028e-01,-4.214902598125606220e-02,-1.796567713882058215e-01,-2.339903543564922639e-01
2.097906616826810677e-01,-1.496912675828435124e-02,4.967682333230232228e-01,0.000000000000000000e+00,-1.905535658252080766e-01,-3.184872723794207050e-01,-5.999968248953721495e-02,2.325170905668512700e-01,-2.532466178344031094e-01,-3.318202135121958163e-01,-1.266268859811312819e-01,-1.784449307278291041e-01,-1.149035182541715272e-01,1.228919804710044278e-01,-9.368187277087536291e-02,-3.541877326206015475e-01,-1.396704873219464238e-01,-3.504526458711768599e-01,-1.249424304032394489e-01,1.162862984028080471e-01,-3.218948816502857913e-01,-6.548504610931961400e-02,4.643841774051230553e-01,3.971719240264919293e-01,-2.812268290001743859e-02,-2.202736910236889611e-01,-1.348794987847909410e-01,-1.066298795164965091e-01,-1.066170338730051126e-01,-2.758040431375767265e-01,-4.724666616238496625e-03,1.031730602247089568e-01,2.605758747782566664e-01,2.635273816365666932e-01,6.052556543959700663e-01,4.912019927671001374e-01,-9.370782913322539542e-02,-1.393021391917732554e-01,2.416542874738952240e-01,-9.831225419488369421e-02,1.350567353934075121e-01,-3.341378175709218135e-01,3.617751851342689701e-02,1.083144771532188050e-01,1.340033202210598740e-01,3.101237471331017015e-01,-3.287757500767933549e-02,6.791126960501495113e-02,4.713172361061566951e-02,1.074813769698340221e-01,1.024910381195601045e-01,1.601972248597228199e-01,1.088421638613514125e-01,8.610354108007539642e-02,6.419908112685195067e-02,-1.011120780208569492e-01,-7.201369129697962612e-02,-2.019383237234986528e-01,-4.355105255377089875e-03,9.669254055124611863e-03,-2.806677452212116286e-01,-3.138444539019243917e-01,-7.941811624920128241e-05,2.043348883363801591e-02,2.250789661918723220e-02,8.654273456021049915e-02,2.419096957302301898e-01,3.455986465229486382e-01,-1.940572939448493572e-01,-1.110027127495772648e-01,-3.092540093996966610e-01,-4.387130648067432137e-01,-7.797287314759585031e-02,-7.811039337329983567e-02,-6.107285919709748434e-02,-3.490961065782628714e-02,-1.140538142700453228e-01,-1.894241053421518162e-01,-6.066117857359947657e-02,-3.550758027765231750e-01,-3.697757523041902278e-02,-1.539417225242392107e-01,2.017552247951373209e-02,-1.055969780114862921e-01,1.372527150212128899e-01,3.176097155077159395e-01,-1.737998040970734070e-01,1.317424106840949793e-01,3.075738912001926492e-02,-3.644835744752525364e-01,-2.603073256616850184e-01,-1.355405345231981869e-02,3.234665610134784819e-02,1.914843119025779472e-01,-1.391883807470664647e-01,-1.994061204486884398e-01,-8.766217164563357145e-02,-4.157632000267869748e-02,-5.218724496039066629e-01,-5.462123084711325571e-01,-1.598199564969648434e-01,2.582901437263522212e-02,-1.612526995869570934e-01,-2.999944032709646602e-01,-1.828278479797593517e-02,-1.852745939456403590e-01,-3.060642102254338970e-01,-2.208268454649855717e-01,-7.701585162077919169e-03,5.762478799017690251e-03,1.531380088312117027e-01,-2.521753270122921720e-01,-2.780359130446488636e-01,-1.644927409614682923e-01,-6.230046762741856675e-02,-2.398416511004974605e-01
2.395258360272179976e-01,7.381864128741949527e-02,1.877029553219531077e-01,-1.905535658252080766e-01,0.000000000000000000e+00,5.864922133045437080e-01,3.144067572453284609e-01,-1.590851240436805605e-02,7.022263720646408913e-01,5.338247895989665093e-01,2.326191612224983440e-01,1.022139312047672527e-01,3.051388644361375801e-01,-1.216253792928683464e-01,4.529137100592349752e-01,1.863740711047021381e-01,-4.604343983252386779e-02,7.782461172910219716e-02,2.959078380198791325e-01,-5.543284427627093169e-02,3.115484588486550632e-01,2.935668703063565310e-01,2.652981384229497475e-01,2.696032172494439716e-01,6.118522022801471394e-01,5.146919263144539292e-01,3.911004070741924132e-01,3.932476670922544493e-01,-2.577962693481483103e-01,-1.211940518592434513e-01,5.123695449299872084e-01,3.961317097330504522e-01,1.118232710561527649e-01,4.198942768276637399e-02,-1.000762818619628097e-01,-3.228494741223084663e-01,2.991815994918951560e-01,1.253613800995502792e-01,1.699101118931709564e-01,8.942591527787803474e-02,-6.800787472301822456e-02,-9.658570270596386620e-02,-1.498966116434657381e-01,-1.012557517010237024e-01,-2.921642221883496982e-01,-3.288989889699348579e-01,-4.967267100832819526e-01,-5.227306967925305914e-01,-3.015792542821721933e-01,-3.639132731480570482e-01,-2.142641486944507623e-01,-2.246531971568324071e-01,-1.821864567703373183e-01,-3.649619770122278228e-01,-1.998597028497028916e-01,-2.892151387531106677e-01,2.365172664255503487e-01,2.337382554602965012e-01,-2.096266306598090490e-01,-2.626174463264533965e-01,3.722869411588548005e-01,1.194912055317562116e-01,-1.746614347827206981e-01,-1.309778679318329975e-01,2.922535842204865841e-01,3.804155500246119703e-01,-1.801634983137236079e-02,-5.220254030992041439e-02,1.823621266818324649e-01,1.027278092474254306e-01,4.941113350003425442e-01,5.023832652230381113e-01,2.152177690203065930e-01,3.212775229886878914e-01,3.869491558105070395e-01,1.993100740423530692e-01,2.995681120534647857e-01,1.644092302914752224e-01,1.399783799626754845e-02,-6.789892996054723573e-02,6.849238050300275604e-02,4.537070332230160041e-02,-1.272239211693391436e-01,6.980038284415396440e-04,2.818516122446438898e-01,-8.587590928967464565e-02,2.780167236277217291e-01,1.423823824736343557e-01,1.733489903678342159e-01,7.777603871516748646e-02,-4.041919137361974640e-02,-1.277057425634886903e-02,-4.156450346279563779e-02,-1.495959596806098746e-01,-1.293610442601520472e-01,-1.380785616325470588e-01,-4.848367541230441669e-02,1.336220897283691422e-01,-1.086365923114533671e-02,-3.676501125979379780e-02,-5.587447196234753694e-02,-1.959089572914416710e-01,-4.129851644391734772e-02,-7.963640851771135176e-02,-1.094395328363373665e-01,-1.348632996855967103e-01,-3.027377057638212521e-01,-1.799873752465870058e-01,-3.562150448861441387e-01,1.944453194086662728e-01,9.304801623589029069e-02,-1.425268011598057882e-01,-2.262430724632875645e-01,-1.213846682139837624e-01,1.285937121295639869e-02,2.453888688024510045e-01
2.024637201287368959e-01,1.013426329701126311e-01,-3.761328849928020912e-02,-3.184872723794207050e-01,5.864922133045437080e-01,0.000000000000000000e+00,3.215427688987396171e-01,-7.443938514370998516e-02,6.422817537267886401e-01,6.618487699184699702e-01,2.526205166585440698e-01,1.206758170032280614e-01,4.727789024363441284e-01,-1.736005288480516884e-01,5.937108767654911690e-01,4.787943780451566211e-01,-4.150979838199875954e-02,1.314394092364498667e-01,2.081852712098485048e-01,-4.927311997272987298e-02,4.439646512935158662e-01,5.067896051022108272e-01,-4.275759301863825412e-02,1.736606034730668602e-01,5.451218324890906297e-01,6.173345135135042128e-01,2.273528502126095918e-01,6.170954157975332421e-01,-2.026190712256102089e-01,3.977002517582212821e-02,4.695470356963239444e-01,4.345530060251233673e-01,-6.210312779625963564e-02,-8.747624149702465379e-02,-3.249826840158979158e-01,-3.779020041502292870e-01,5.653865783341278650e-01,4.573424993540133321e-01,1.593293471448933851e-01,3.148672294123369131e-01,3.570368330081033492e-02,2.162499545281460767e-01,-3.658794318338915996e-01,-3.266616310467269080e-01,-3.433815546147471753e-01,-6.090936131987312319e-01,-5.588092642088464679e-01,-5.487131355697082435e-01,-4.475074277645378906e-01,-5.208286714232320813e-01,-3.615240635179178263e-01,-4.056598981447234742e-01,-3.954412287059110853e-01,-4.514851087254768136e-01,-3.259384632962843975e-01,-1.621202525898113311e-01,1.211477576970644565e-01,2.347919566161356386e-01,-3.844552806111508070e-01,-3.040304377504571276e-01,2.449405673682799045e-01,2.221515607519717050e-01,-1.592905479446153350e-01,-2.966301173417766959e-02,2.617452877810064193e-02,3.110151562631151001e-01,-2.334026992220575025e-01,-2.404998815009251611e-01,1.441109247822338069e-01,-5.406327040910599395e-03,5.930397051308443634e-01,4.810850845751082905e-01,1.928709778984929457e-01,2.901512639493071810e-01,4.824778215512076085e-01,5.516062464798603820e-02,7.971911305308070073e-02,1.529921811231414915e-02,3.498843504439060753e-02,2.072366859809060893e-02,1.893379407958150351e-01,1.273633912556570713e-01,2.096932642782844275e-02,1.715169521731789160e-01,3.858447111827604387e-02,-2.691515228127870363e-01,3.995567963608732120e-01,8.902816475111353933e-02,1.711488160176651840e-01,1.677284263810632503e-01,2.732478534096870887e-02,-1.708045361966526732e-01,-8.489317479421794321e-02,-2.747218844700688445e-01,2.048265831484140376e-01,5.114145772773832921e-02,1.183934885952011712e-01,2.344988246917862340e-01,1.507976445155311818e-01,2.759226059759617433e-01,1.799332081660827698e-01,-1.809009088398252640e-01,2.647297934134089648e-01,2.389524855340873222e-01,9.155549870083187769e-02,1.644642375316935634e-01,-9.634099792033959386e-02,1.978747630373700050e-01,-1.159112153296307790e-01,3.536320779809186687e-01,2.062792259060157365e-03,-2.743361509094256467e-01,-2.417986026084889828e-01,-1.640623860466504658e-01,-1.718581849746472490e-01,4.052168642108963659e-01
3.535541864267310874e-01,1.479693348417651655e-01,3.222852602668489497e-01,-5.999968248953721495e-02,3.144067572453284609e-01,3.215427688987396171e-01,0.000000000000000000e+00,1.901868229920906667e-03,4.584142106619425450e-01,2.624205872579158938e-01,2.685604548466332675e-01,-1.174077200491801393e-02,4.200853295845789481e-01,-2.728605845283563758e-01,6.751312444247099809e-02,1.511331558557952037e-01,-1.095032261366894605e-01,-1.038346923894263585e-02,3.328196350049538732e-01,-1.246092288696190771e-02,1.949726959461147158e-01,1.491499696305772504e-01,7.293014230839266199e-02,5.956831445572838279e-02,2.803167778492690054e-01,3.201729402934291868e-01,2.034491492764651036e-02,1.003935519290628658e-01,9.129853655555887626e-02,-2.614946580785147412e-01,3.391231303680442011e-01,2.613611678344573974e-01,1.841839255186276392e-01,9.855475078201211825e-02,-3.821567149589801676e-02,-3.412384387163935329e-01,2.758286593555751010e-01,1.424892754824275687e-01,5.109293680027817558e-02,6.116101419240192044e-02,7.407925185155977976e-02,-1.228686434156684229e-03,-3.852863333709266591e-01,-2.250984991554033365e-01,-2.362344667164398282e-01,-3.000022586635960886e-01,-3.282008004977841620e-01,-3.945590635390939793e-01,-4.730700772539666588e-01,-5.308356286808947333e-01,-5.922711071127085836e-01,-4.856987459153239151e-01,-4.649553146395291048e-01,-4.020488013851754028e-01,-3.630656210804787953e-01,-3.450757197425279310e-01,1.257521494556430586e-01,1.756129953072079197e-01,-1.772800538472329435e-01,-1.104723082301075771e-01,7.041153394656249898e-01,2.565191297560481809e-01,-7.911747727230791782e-02,4.037734302275492598e-02,5.256951790608445085e-01,7.450424296968157778e-01,3.908755785963612395e-01,2.977183666821399122e-01,2.252825430526990969e-01,5.329013963138599236e-02,2.137069188555017762e-01,3.238969118681382375e-01,6.730960022191430359e-02,7.830818454397760198e-02,9.491838721231973808e-02,2.188498774661479240e-01,2.600130495323860202e-01,1.478835548324547167e-01,-2.677656380745968567e-01,1.497042237496648207e-02,-2.819059297104188344e-01,-1.793538551928244504e-02,-3.752816300388033266e-01,-1.217603952135589557e-01,-1.098751281879036534e-01,-2.813660724756561135e-02,2.309778695564440425e-03,-1.976463400269262705e-01,-2.252110251123742857e-01,1.558852859131346080e-01,-4.862896544821958267e-02,5.162426541046803014e-02,-1.817039707984711705e-01,-1.002438480731479009e-01,-2.851135576154702547e-02,-1.371615653635811782e-01,2.467696861627328986e-02,1.698906068088990029e-01,1.254817483251080279e-01,2.110020918819517366e-01,1.371847125599038042e-01,6.936608199081288617e-02,1.863071139136679710e-01,2.783888503771860257e-01,-3.518498427911638960e-03,4.355082070550542195e-01,5.308941137149514322e-02,1.918420282806075905e-01,-4.087461872669657242e-02,4.580332314770511198e-02,7.304158402461555233e-02,-1.948602558936882861e-02,9.013374192084339098e-02,8.707016873672389357e-02,-1.562354758715225056e-01,-1.266752687596588503e-02
-3.104499328880780396e-01,-4.731956960969320725e-01,-3.303064969288443398e-01,2.325170905668512700e-01,-1.590851240436805605e-02,-7.443938514370998516e-02,1.901868229920906667e-03,0.000000000000000000e+00,-1.339151260942369193e-01,-9.921490598256443860e-02,6.546348411569637149e-02,2.494626810930205274e-01,-1.453582963286889074e-01,2.315276989922769035e-01,-4.249793918850278129e-01,-2.529785647168092955e-01,-3.407518553133128680e-01,-3.682156786615368715e-01,-1.483785101227614311e-01,-3.367844508514510893e-01,-4.223308571046272553e-01,-2.458373693728308218e-01,1.556152607152791745e-01,-1.365670319301124647e-01,-2.633592837429867273e-01,-2.942830169262068418e-01,4.194562928785540434e-02,-1.132759943474966613e-01,-3.503857680230445526e-01,-3.471640739706389339e-02,-3.159318102451355026e-01,-2.041420257129772098e-01,-3.196664998369726507e-01,-2.410138800886398591e-01,7.464991211877362864e-02,3.814714394676975706e-01,-2.456358906671636533e-01,-3.844011368003472096e-02,-2.899652614177635757e-01,-5.060616532236390519e-01,-2.206211909714263508e-01,-2.945853217654473832e-01,3.235389038659403638e-01,6.375483427814437887e-02,-2.964307778657133130e-01,5.641897349937433082e-02,1.433361495678582009e-01,2.255105603581215035e-01,6.147804177130559294e-02,-5.571824916216903956e-02,3.287808731396671957e-01,-4.448394144046945164e-02,5.292470520411575174e-01,3.929256153245815897e-01,-6.447209662078723369e-02,-4.474574493593111990e-01,-3.499396203036085340e-01,-3.472598144963345290e-01,-1.094235112835672402e-01,-4.210978216808385077e-02,1.720447968545681383e-01,2.702980220208678341e-01,-1.749019471411709936e-01,-3.561548793938204560e-01,-2.478528794132384694e-01,-3.379496996875511888e-02,-3.544782748244441617e-01,-2.455729822453997235e-01,-2.785013559440012165e-01,-6.895683268275328015e-02,-2.732553007502511178e-01,-3.541418714357801867e-01,-4.768808574210884887e-01,-3.899563953576338782e-01,-2.198228022004172777e-01,-2.129284812499731561e-01,-1.602746481552933255e-01,-1.535852246029540680e-01,-4.626101543650615322e-02,-1.259109538308671727e-01,-1.441849662701118195e-01,-3.857999858237676771e-01,-1.300573145634802696e-01,-2.224383085817092098e-01,1.466164345051759188e-01,-2.489126804083642563e-01,-2.636997605311283688e-01,-2.834239741602655530e-02,1.701750937952796749e-01,-1.198334510885169374e-01,4.507327378572670851e-01,5.493237096586131019e-01,6.354604873943892063e-01,5.534979791645288083e-01,-2.345056471984883484e-01,-1.512219505390591245e-01,-3.856642278202733753e-01,-5.432439945659987002e-01,-1.643211832524533178e-01,-2.984696606599704372e-01,-1.436382117661859359e-01,3.010869651178897377e-01,-5.830037579669354875e-01,-6.049757574408444194e-01,-5.815896426248253620e-02,-4.158038678892667095e-01,-2.456604395006074804e-01,-5.329442490039819624e-01,-2.364981242951302298e-01,2.549929638397815251e-02,1.235518538187879017e-01,2.606275776638840580e-01,2.437433318006600180e-01,-2.771165124974815930e-01,4.842637481013961076e-01,5.251197846451922252e-02
3.454905857059256680e-01,2.546582498600903355e-01,6.151743264818439194e-02,-2.532466178344031094e-01,7.022263720646408913e-01,6.422817537267886401e-01,4.584142106619425450e-01,-1.339151260942369193e-01,0.000000000000000000e+00,8.084576970635350968e-01,1.785239499886470405e-01,1.245689463216240744e-01,4.061682264296055389e-01,-1.968268653175219429e-01,6.242651686082034690e-01,3.388378775265494247e-01,5.404892923610775390e-02,9.840994114542545024e-02,4.015636476068016325e-01,7.097194975778756132e-02,4.357468273161572148e-01,2.337750118113540998e-01,5.934732389981895589e-02,2.361558824824867009e-01,7.202859840448845308e-01,8.080611305927263288e-01,2.403029599495445645e-01,2.168555688816407312e-01,-1.005719740121015365e-01,9.180314326669758440e-02,6.910265049672330573e-01,5.127932719847484444e-01,2.042085899529544335e-01,1.515654316656905864e-01,-2.672643839764529683e-01,-5.100346927942487341e-01,2.212807243572563753e-01,1.515902909153550027e-01,2.059983603363825522e-01,1.926615146836886672e-01,9.261333110721209350e-02,1.862051545013120729e-02,-2.540346144161665376e-01,-4.704548620728842001e-02,-1.392066599088245260e-01,-3.911095915716474858e-01,-3.490216899325850886e-01,-4.426700714936071535e-01,-2.693145983736109916e-01,-3.630286555015727057e-01,-4.040787193451007564e-01,-3.150313882277767652e-01,-4.322135125146185919e-01,-5.880678543715522899e-01,-1.690122261574985296e-01,-2.742417612359642765e-01,2.661018771123359605e-01,3.525915651865870193e-01,-1.866733661327356908e-01,-2.088361012360207825e-01,4.323097129360945479e-01,2.698223408124100220e-01,-8.957299395150961074e-02,-1.704772720680663870e-04,2.904012870395130119e-01,4.168310167615502104e-01,9.197370510502901608e-02,2.536410028675624082e-02,3.422685731749091631e-01,9.518053843893516108e-02,7.033423993496513704e-01,5.724536284255636875e-01,2.955456741372906038e-01,4.043407075947098028e-01,5.840648423703379555e-01,2.931010548375594937e-01,2.612227960857227416e-01,2.619380319556045555e-01,-2.610113675039942016e-02,1.199031554737855082e-01,8.803243300109971081e-02,1.064201248129027777e-01,-7.203547087785371061e-02,-6.085951910966046902e-02,8.385553167685939890e-02,-3.081063770055252893e-01,4.382002941434526844e-01,-9.228746174458409002e-02,1.153208093430463793e-01,1.212073406344863907e-01,-4.873394005403917928e-02,-1.885031603660217991e-01,-2.304779137726187255e-01,-4.203122596953574042e-01,4.154824032131595318e-02,-6.226652512634223147e-02,1.028452542340394515e-01,1.920999964066938681e-01,2.574724434466007517e-01,1.977874946747001650e-01,1.600290840284115668e-01,-4.015845146528271847e-01,2.636517455276147781e-01,1.946405641324518154e-01,5.642060016375048670e-02,1.567202045523106158e-01,-4.528013771881023164e-02,1.810958010850680922e-01,-2.277782133255671360e-01,1.165874307269739313e-01,5.617181970468531488e-02,-5.149608337942587766e-02,-8.982095937092056392e-02,1.206750809024837445e-01,-1.443120951327961088e-01,1.809644434250167466e-01
1.945886563862137542e-01,1.949961100098547562e-01,-1.608273060526969611e-01,-3.318202135121958163e-01,5.338247895989665093e-01,6.618487699184699702e-01,2.624205872579158938e-01,-9.921490598256443860e-02,8.084576970635350968e-01,0.000000000000000000e+00,2.144809132514449990e-01,2.201052284102941181e-01,3.636620025206425688e-01,-1.648352946372196592e-01,6.214749635258515204e-01,5.072119611786286564e-01,-1.409550617520678728e-01,-6.974844737883721148e-03,2.114945021839497452e-01,-5.250195837423262540e-02,5.138369372612906494e-01,2.899598271902131263e-01,-9.196636675850650144e-02,1.962013617040333779e-01,6.587876498979508000e-01,8.197666886544141551e-01,2.828462589317332632e-01,1.842972181762951300e-01,-1.742702455049818244e-01,1.046990993186674435e-01,5.634933847304877119e-01,4.522812325091344898e-01,-2.977830588832581366e-02,-5.843074298230426650e-02,-2.611858622066659530e-01,-3.013286889177511085e-01,6.514302043323540181e-02,1.203145659872435214e-01,-1.458098858115552780e-02,2.685770956586595037e-01,-1.983352384171861368e-02,1.284111859968296299e-01,-2.210720823071678220e-01,-1.342856438256374019e-01,-8.578166242474663528e-02,-4.271949026038470154e-01,-3.428488665655083367e-01,-3.411658389591062379e-01,-1.766848571917604693e-01,-3.054936494868094599e-01,-2.738131059143640855e-01,-2.535687834640524274e-01,-4.530012684496562136e-01,-3.980703498888980563e-01,-2.509148814367063163e-01,-3.558003636644336415e-02,1.661172507854157820e-01,3.249548507972247480e-01,-2.474350570138872940e-01,-1.463797279203389590e-01,2.155921416419392389e-01,3.121355727881094944e-01,-2.269939341252728837e-01,-5.972163782581609015e-02,6.560618622168792879e-02,2.391620846975507919e-01,-1.328506276565200039e-01,-1.757477490504566753e-01,2.227017316584313789e-01,2.217295659187436957e-02,6.849133636792261726e-01,5.379249300159567593e-01,1.116248065312542143e-01,2.614982852353648912e-01,5.028061503497883722e-01,1.579634888760590716e-01,4.291325254258337302e-02,1.826732914671096719e-01,-1.403223831445344072e-01,1.533360125468330726e-01,2.016125087267398377e-02,2.440853073896041836e-02,1.132590330449111254e-01,4.359793894118663485e-03,-1.357041730724293793e-01,-3.436338295804394760e-01,4.473803453884607206e-01,7.780267433962681500e-02,1.067738067429082477e-01,2.493825175326171706e-01,3.078416182628008688e-02,-1.372419743254741364e-01,-1.137620633514778712e-01,-3.233788987542638993e-01,2.832848937123263675e-02,-3.203916236128483835e-02,-4.564980260254863226e-02,3.003167108646176073e-02,2.103739160115570273e-01,3.320557397231726493e-01,6.378789571972440231e-02,-3.197052289895633836e-01,1.700111882193881818e-01,1.812876165727290712e-01,1.072424468943506265e-01,1.088385253863444202e-01,-3.705208154284203581e-02,1.841402947345004426e-01,-1.709396601814068273e-01,1.634130479746478298e-04,-1.168250252564878022e-01,-9.713048030299731295e-02,-1.141933055044307838e-01,8.822715958242592638e-02,-6.236632486037744366e-02,3.593160246851430095e-01
2.314686995655453605e-01,1.939327205688917144e-01,-2.793627066033431416e-02,-1.266268859811312819e-01,2.326191612224983440e-01,2.526205166585440698e-01,2.685604548466332675e-01,6.546348411569637149e-02,1.785239499886470405e-01,2.144809132514449990e-01,0.000000000000000000e+00,5.951115083519020743e-01,6.995987092440152377e-01,3.445352955913098536e-01,2.227424367449206410e-01,9.038725320110327366e-02,-1.560181965060706555e-01,-2.192652391242460794e-02,3.936702719684025964e-01,2.494267782480527329e-01,1.632238915730171991e-01,1.011591633998593920e-01,5.186207717365916986e-02,1.015241061370894537e-01,1.890409055991773557e-01,1.151091768552752193e-01,-1.171811528596679447e-01,-4.975708166540674521e-02,5.797580480821106115e-03,-1.085624538990718618e-01,1.467016197043795322e-01,6.342229978543979796e-02,-1.772273260237464468e-02,1.725533267467748572e-02,2.982544662801452084e-02,-7.147576048504567219e-04,2.001134778571390660e-01,1.818106216102478856e-01,8.503160292263296782e-02,7.205501737800933115e-02,2.610139693447592890e-01,1.055149336200525423e-01,-1.457348625919648033e-01,-1.549637657131052726e-01,-2.240021625718583154e-01,-3.070915470081029275e-01,-3.924276039870935873e-01,-2.293708186380598590e-01,-2.333482164748247323e-01,-3.166600506023627415e-01,-1.718633319120819181e-01,-2.054552741596920584e-01,-1.780431104522962604e-01,-2.556708587629310039e-02,-1.930810373535974400e-01,2.955669047918662792e-02,2.961287749009162973e-02,8.893175426450745935e-02,-2.822965812637624472e-01,-1.382871269177785856e-01,2.115660295012161962e-01,1.013870729127705761e-01,2.076937119975018689e-02,7.883889672341225230e-02,1.171854860219667151e-02,1.484893052429254179e-01,-1.359755759652291895e-01,-1.658158717947284255e-01,6.005654249672864875e-02,1.432720226591625012e-01,8.902364759912063941e-02,1.303180007534480433e-01,3.163782966865330559e-02,-2.739353856277490507e-02,-4.957175060721352722e-02,-1.973988804721251988e-01,2.357824547554523281e-02,-5.081415041201639907e-03,-1.839110969452295852e-01,8.791076013016632662e-02,-5.173058499080146477e-02,-1.918541568295221295e-02,-5.678769909681469913e-02,7.874828807906249228e-02,1.183693356362216786e-01,1.967044150845021211e-01,2.517059190560557713e-01,1.966368848413628800e-01,1.097462500740690738e-01,2.360508256254279791e-01,-1.667461209512244580e-01,-2.045461406290714212e-01,-1.962906685555742825e-01,-1.550548286685053956e-01,-8.362873766993754454e-02,-2.602698149400079486e-01,-9.206676499989069340e-02,-9.381506671132341935e-02,-1.908858384199179914e-01,4.220179495026968319e-02,-1.178082811873083086e-01,-1.925445466534829175e-01,4.317844926625293012e-02,3.514317329324791878e-02,-9.843671318984467677e-02,-5.098991383234241503e-02,-5.266284603491799138e-02,4.101262371541349039e-02,-9.810827494354737444e-02,-3.223750670693443371e-02,-1.235585304577496019e-01,-2.940711503629332424e-01,-1.891556411370527435e-01,5.236718664563537462e-02,-2.239680279123374418e-01,9.863286225998173229e-02
3.289683651268171397e-04,2.251267206918368124e-01,-4.403733216453682986e-01,-1.784449307278291041e-01,1.022139312047672527e-01,1.206758170032280614e-01,-1.174077200491801393e-02,2.494626810930205274e-01,1.245689463216240744e-01,2.201052284102941181e-01,5.951115083519020743e-01,0.000000000000000000e+00,5.090980487297345203e-01,5.799450706856980053e-01,1.013737998173225990e-01,2.344151444275775764e-01,-3.518540639511577583e-02,2.615080264124403087e-01,3.738510519542558863e-01,3.486070008228569495e-01,2.677369515476892281e-01,-3.556388290855035800e-02,-2.388562835522906325e-01,-1.654772789649980660e-02,-5.754573301616102560e-02,5.097211969845717727e-02,-1.043207577504701861e-01,-2.671428080719128184e-01,1.104025917594260997e-01,2.866549466573056204e-01,9.979232737603636882e-02,3.126916487787326226e-02,-1.160234319982898776e-01,1.100857414591853572e-01,-2.268906609883104830e-01,5.791368253925083948e-02,-4.848844721985567929e-02,1.682460211271147310e-01,-1.159123637731950679e-01,-1.196405944534253141e-01,4.259592443540959894e-01,2.850265427200073254e-01,-6.086726662306657376e-02,-6.325782041859250027e-02,-1.816666514163558233e-01,-1.940798041007478214e-01,-2.239458785544083397e-01,-1.497246671709036026e-01,-1.051431511269625974e-01,-1.984740855610881149e-01,-9.621892142640428580e-02,-1.983439402763210457e-01,-1.631229668830460333e-01,-9.523401140719800484e-02,-5.372505822629371208e-02,-1.700493162632766564e-01,8.829129251240518117e-02,2.939297816133235597e-01,-2.526579035110121038e-02,1.657727732891165762e-01,9.776471343857857932e-02,3.617652700439367153e-01,1.881984622463803436e-01,3.634288731238201620e-01,-3.633679868296385562e-01,-1.212583347104326664e-01,-3.493653532443074528e-01,-2.814115951973923391e-01,2.335282758705666539e-01,3.054886357477992753e-01,1.235178083817138894e-01,1.079363150062618015e-01,4.809589363403918988e-02,4.282384503559385353e-02,-1.235958903925780672e-01,-1.828861417116501020e-01,5.552492298684730612e-03,1.764326833403562222e-01,-2.253360486927180328e-01,2.282459232646662228e-01,2.183748205064159342e-01,1.468018932544697397e-01,2.963398812109497293e-01,3.309143986584677233e-01,-2.197625212397318339e-01,-1.017936804792868577e-01,1.095268604431736403e-01,2.600016997208359076e-02,-6.495569659076395885e-02,9.416752899187877390e-02,7.251758862810450679e-02,-1.080554312071079631e-01,3.862805063053424432e-03,-1.102619186043122812e-01,-1.305934170380730619e-01,-2.317477134378226611e-01,-2.753841634376034131e-01,-2.550363448963662294e-01,-7.926240549797501644e-02,3.897147742439470430e-02,1.927798316589581784e-01,-5.901000143222200067e-02,4.476619483067353911e-02,1.260424412560308127e-01,-7.028220202438296982e-02,-2.050551128152391586e-02,2.648044353154816247e-02,1.975397222898816474e-01,-1.293655352869529374e-01,-3.269569544665315020e-01,-1.859208154938020163e-01,-1.703651236267947344e-01,2.859532147137213917e-02,5.572029387022808117e-02,9.383981328719216350e-03,1.645713994735263919e-01
4.500776219909035647e-01,4.909668368173971120e-01,9.381417904613195691e-02,-1.149035182541715272e-01,3.051388644361375801e-01,4.727789024363441284e-01,4.200853295845789481e-01,-1.453582963286889074e-01,4.061682264296055389e-01,3.636620025206425688e-01,6.995987092440152377e-01,5.090980487297345203e-01,0.000000000000000000e+00,2.394094220945016116e-01,4.931054721517541539e-01,2.603738206831965885e-01,3.535007624154132971e-02,2.390218410294350782e-01,5.123956122355280973e-01,3.796422918587086803e-01,3.739077791879283907e-01,2.568820769783020097e-01,2.663408681795115251e-02,2.329364367596904739e-01,3.790243038721608504e-01,3.701377308940455579e-01,-1.386679597912771345e-01,-9.381433053291864197e-04,1.032400697570272918e-01,2.042458330242388070e-02,4.883737564090944727e-01,3.408921845102554360e-01,2.537266664736747002e-01,2.947178086970398403e-01,-3.184701322429672743e-02,-1.946776037085568012e-01,4.120094293644323558e-01,3.071177511434453611e-01,2.906840081993346536e-01,2.837928381013717360e-01,4.456373354197742942e-01,8.228856633794247311e-02,-3.556323313859362512e-01,-1.982910552715481667e-01,-1.867449451610087019e-01,-3.764136600871271221e-01,-5.153723615219794052e-01,-4.013741978857551240e-01,-3.426953450611929797e-01,-4.271663647058280833e-01,-3.622256139458007729e-01,-3.585112314477324480e-01,-4.878942631434065591e-01,-4.182850221786781342e-01,-1.387039058303703443e-01,-3.093156016517663309e-02,2.586115482796124132e-01,2.951609700522933588e-01,-2.589626351631527101e-01,-1.160823488390437391e-01,2.415952145450552813e-01,3.567350788962001668e-02,7.866281349071327367e-02,3.402008614087081440e-01,6.136523914158453861e-04,2.255323714486681952e-01,-8.124364388680637827e-04,-5.000749892156840237e-02,2.933907311888509506e-01,1.675568203648739041e-01,3.539218205580171306e-01,2.009282204640961134e-01,1.782983629924121127e-01,9.544693780846665032e-02,1.910484240489721819e-01,-3.335462977417895380e-02,1.811226905674098719e-01,2.220792106159358986e-02,-8.488993016061366359e-02,7.720917455580265931e-02,2.580072255585838525e-01,1.862513954524275539e-01,1.727609149231731367e-01,1.936535374339480864e-01,6.001607024002246493e-02,4.598413842049122596e-02,3.382811938974820687e-01,4.182525783946455800e-02,1.359720705626638604e-01,-2.227031474663319216e-02,-2.136731138312828182e-01,-3.952712073469547005e-01,-3.104069255563886021e-01,-3.666197920249590347e-01,1.566740207486869985e-01,-1.367473671240565514e-01,2.113545857616890844e-01,1.737734018405275860e-01,-9.390814278962458794e-02,1.846589234193207196e-01,1.708019592566523415e-01,-3.086418349640997483e-01,3.377621516953496772e-01,2.651740161698416531e-01,5.610282380799773427e-02,1.261315020207078030e-01,-1.069300702293733418e-01,2.304094613033625949e-01,1.069552268600555966e-01,9.123325066867813207e-03,2.943612873454226880e-03,-3.961305406040024346e-01,-2.411200393468231895e-01,1.577507227838657322e-01,-3.510985565643622297e-01,1.485865519006518420e-01
