0.000000000000000000e+00,4.333904616889412420e-01,-2.577307342822509062e-01,1.681578731280444494e-01,-2.685465042070190114e-02,2.583161460574059931e-02,2.484533918069133096e-01,3.449510034696186556e-01,1.152781537502437781e-01,1.599667293119727421e-03,5.044295005662434717e-01,4.887918739410031521e-01,2.635152428088173848e-01,1.230448586291786883e-01,8.870279066998107420e-02,-9.102725326858424060e-02,2.729943995253049094e-01,1.478843895406557474e-01,4.134403925359881882e-01,6.013174550324860146e-01,-8.637123139413305228e-02,-1.218509958104283114e-01,-2.917591027305526108e-01,-3.600992370253543462e-01,-6.251487491467838664e-02,-6.582969001409157139e-02,5.137891427652477999e-03,4.683621509617930112e-02,3.285105962325544082e-01,4.077291332365330645e-02,-1.112839045742338578e-01,-1.757690543363186475e-01,-1.872089525597160978e-02,2.652823759511980378e-02,-4.383743235013661255e-01,-2.591607222831929791e-01,-7.715829898405977827e-02,-4.168080581439337004e-03,-8.670500956249162228e-02,-1.545431844785526143e-01,3.388834094521023244e-02,-1.369378570352349118e-02,-2.623563857321594139e-01,-1.189077097118308307e-01,-1.756913599422597061e-01,-9.018283804682925009e-02,-6.628292450038933414e-02,1.345812132184459088e-02,1.943506061023483888e-01,1.773110661130304633e-02,1.685013204512835275e-02,1.337350627193230890e-01,-1.477724828570999849e-01,2.845427038409467299e-02,-1.121014690839051975e-01,-8.513939536739217884e-02,6.085608392655843524e-01,2.712848763227282411e-01,2.832317923593596909e-01,3.018402133414261890e-01,3.582619256763672211e-01,1.904748152819408791e-01,3.854836394645638209e-01,1.878886307552092572e-01,-3.677935527017967554e-01,-3.379634831983177601e-01,-3.847348234938884892e-01,-3.295242145324512872e-01,3.953653605552758243e-01,1.501258647228481957e-01,9.671834344817449580e-02,1.481238830610257518e-01,1.137144854795624632e-01,9.249305558615765477e-02,7.843814534565765606e-02,3.422445324905217662e-02,-2.056931625712659639e-01,-1.379916452225141976e-01,-1.742018434034487140e-01,5.003617731223933274e-02,1.717980959154973564e-01,-6.773829788845270317e-02,-1.255114907600000662e-01,-2.316671533731129353e-03,-1.708340973220263126e-01,-1.869404810882979162e-01,-1.596204076342747913e-01,-2.599916762290063188e-01,-1.010178773283364750e-01,-2.654491225119404163e-01,-3.289860219383077822e-01,-2.122332367936557718e-01,-3.583705896081711417e-01,-2.424738148839992724e-01,-5.278191918090375384e-02,-1.690474408533181316e-01,-9.947493694238390693e-02,-1.061860659411006796e-01,-4.980988241015407020e-02,-1.985020205185453884e-02,-2.514329374444335477e-02,1.311891420841153622e-01,-1.402484394702404880e-01,-3.625670542463763080e-02,-2.133076535221058723e-01,-1.320647707651619318e-01,-8.533382374506814916e-02,-4.586690390805599898e-02,-4.918075978427213085e-02,8.728119642302883952e-03,-8.740797893445075017e-02,-3.050171149107092083e-01,-4.143630413735193557e-02,-5.306928022179700777e-02,-5.460221195700222518e-02,-8.078587195047226555e-02
4.333904616889412420e-01,0.000000000000000000e+00,-2.064681117147274814e-01,1.925321774316298973e-01,-1.125616001454282505e-01,-9.089155857247306625e-02,-7.722535953305302570e-02,1.212417694814250241e-01,-7.766670646749770923e-02,-7.607203260362352393e-02,9.940313186565574721e-02,3.667076106231794141e-01,-1.187856754343347837e-01,1.161745888347577998e-01,-8.632133991737839240e-02,-8.104911591678032323e-02,4.235853174298568891e-01,3.309598777288883520e-01,1.908773848140495888e-01,5.640145464550879728e-01,-1.450216525769966180e-01,-2.206486819885668943e-02,-2.654498098627770530e-01,-3.072435898527497988e-01,-1.223037016913247205e-01,-1.635190841718672239e-01,-3.843056021203168637e-02,-1.586714350208205324e-02,2.088391354846795556e-01,1.778622575563849617e-01,-7.300393511966817017e-02,-1.319218972001275081e-01,-8.711942608289766077e-02,3.696658242051784754e-02,-2.461385846656145848e-01,-1.276820689962555044e-01,-1.022683306342688087e-01,-1.013409940997751224e-01,-4.883640132479080687e-02,4.525595220852746819e-02,-8.292971580146546451e-02,6.156942675781730545e-02,-7.081530212024667037e-02,6.349460869087520179e-03,-1.576742885060634092e-01,-1.268648916320714859e-01,-1.398699289895872274e-03,4.478441210753894564e-02,6.876629640385434339e-02,-7.689387472679407032e-02,1.086153747620472038e-01,1.179432667288859149e-01,3.764658747163234648e-03,3.574383742583361889e-02,1.509643887248775518e-01,4.662497364929719251e-02,4.373924272952411929e-01,6.852733006298574736e-01,2.225465310075988856e-01,2.739689195919957077e-01,2.001182264197202132e-01,-2.567509448647577880e-02,1.528649416207585043e-01,2.205069756078411880e-01,-3.714549964858417930e-01,-4.095350567027213895e-01,-3.464092281273452589e-01,-3.086880057362778595e-01,3.986135249902859612e-01,3.285428497842783901e-01,-1.538822757758841475e-01,1.638482105744989425e-01,1.239344307463162015e-01,2.594016920462758335e-01,1.964804642637503207e-01,4.342500883022184024e-03,-1.461872467597034354e-03,2.770338840562630578e-02,-4.797067995137821450e-03,2.470323020921937895e-01,1.714120615500444311e-01,-8.459457573386575113e-02,-2.049741619113129576e-01,-1.221581064670101135e-01,-3.904735679975396279e-01,-3.711953820053269237e-01,-2.116107118296308431e-01,-3.116130656430357582e-01,-1.401475238396653056e-01,-8.917023592931511144e-02,-2.400988803106544611e-01,-3.903791864615097085e-01,-2.928409608442745227e-01,-2.816957088563821765e-01,8.287129848896354969e-03,7.140711637109144194e-03,2.871235261194505228e-01,1.433819671811878971e-01,1.837301019338662134e-01,-1.577155072273606073e-02,-7.225142527096162226e-02,-9.205270489255018562e-02,6.878380373286149818e-02,7.253747706228775606e-03,-9.183459902316480628e-02,-2.243591721620357970e-01,2.094562825667949449e-02,-6.230752714146538251e-02,-4.033756283619100574e-02,1.466702812454465932e-01,1.678906402660305941e-01,-2.563392727987642838e-02,-1.010975896144698793e-01,-6.925967081613147724e-02,1.723284760965003090e-02,-9.358580722463011314e-02
-2.577307342822509062e-01,-2.064681117147274814e-01,0.000000000000000000e+00,6.716673495875431776e-02,2.328322880018011964e-01,1.576192548238189439e-01,4.578949708709422195e-01,-2.724665053084489030e-01,2.027748087045011804e-01,-3.959722043320058199e-03,-2.185385438131005609e-01,-4.488262027250999875e-01,1.681577158955373519e-01,-1.013140804856013238e-01,2.503037092893438120e-01,1.614888884428856142e-01,-1.459934188073285510e-01,-6.912760493772165948e-02,1.815752117645071662e-01,-2.171398137228774394e-01,-5.602277969914916389e-02,-1.902426061412883576e-02,6.685096150459856057e-01,5.692779741008541228e-01,2.821322927333846931e-01,2.806080813084977921e-01,2.062552727120224860e-01,1.579826755429163399e-01,2.209783034721067921e-02,6.334995560915229751e-02,4.081315157927410397e-01,4.624616810706460024e-01,2.682705109758903861e-01,-1.447568590355707840e-01,4.950041913540073057e-01,3.752055732283996470e-01,2.373785008960327680e-01,1.698626844115005696e-01,3.019177260908847971e-01,3.769199680529950469e-01,2.075423053668115358e-01,3.796500341767087838e-01,-1.643975848809993423e-01,-1.082046875386042939e-01,-3.715106139471940211e-02,-6.715901432050162823e-02,-2.067814215479904238e-01,-2.156464583663207091e-01,-3.765330817967657562e-01,-4.594418921306280823e-01,-4.954204223674217311e-01,-5.167740198585333289e-01,-4.746567359973279943e-01,-4.004086528472515227e-01,-3.001264179645849461e-01,-3.060493378203069659e-01,-9.879281173771078950e-02,-1.795084569377960459e-01,-5.197199595890951151e-01,-6.429441350073934469e-01,-4.144596613970905064e-01,-3.463953138094687523e-01,-2.806981778794704896e-01,-4.793761722275839410e-01,6.837745470871955389e-01,4.038052329532505480e-01,3.531479583590045879e-01,2.219599360009728850e-01,-3.296311053670565941e-03,-1.297345533434867415e-01,2.606301887280140228e-01,-3.729890669337120046e-02,-7.439157617881080042e-02,-1.827696116322788389e-01,-8.692370955216244255e-02,-2.334652119897683287e-01,1.700524899216182828e-01,-1.397888384024702779e-01,1.884785051628039276e-01,-2.537398979101834068e-02,-1.220329107359108128e-01,2.483784611388256403e-01,3.793223029200421537e-01,2.825413071922395769e-01,4.667992237550488976e-01,3.029534051607197798e-01,4.668074242573536092e-01,5.268659849446356569e-01,5.048418840721578121e-02,-6.910615967094385637e-02,-2.002100450347574223e-01,2.609798622692804382e-01,-9.611216564713205568e-02,1.771589310614089252e-01,1.455861114495161923e-01,1.732160759381360937e-01,-1.626775935716878452e-01,-1.629207702521740797e-01,-4.406244152288913973e-01,-3.604157284133671091e-01,-3.403155019455789132e-01,-1.932359613260334064e-01,-2.861054182923646327e-01,-2.273771957617170270e-01,-9.125476453752545680e-02,-4.011378003940108822e-02,4.728247097154432595e-03,-2.703664076898240273e-02,-6.747569891863404445e-02,1.512569301965962197e-02,-1.089198328406700000e-01,-2.274452575592112724e-01,-2.696985714096870046e-01,-1.756601031563865545e-01,4.678655663095312306e-02,1.340617474469340820e-01
1.681578731280444494e-01,1.925321774316298973e-01,6.716673495875431776e-02,0.000000000000000000e+00,-3.051881361645426005e-01,-2.607823792904256921e-01,2.659031912421247479e-01,4.691780125322811412e-01,-1.687154308180736362e-01,-2.870245824860739869e-01,1.284559220826142836e-02,2.711437918575946293e-01,-4.346496117276266169e-02,4.717990732722466413e-02,-1.570389866902838771e-01,-5.705891780921264894e-02,1.463936110850972694e-01,1.125381191972268380e-01,2.055620222678190556e-01,3.204669247748118677e-01,-7.227570452583273464e-02,2.118077871182516211e-02,-9.812231704736934512e-02,4.328032963388685206e-02,-3.341067490480693070e-01,-2.292261543595953688e-01,-2.983008511676417118e-01,-2.992503795746465078e-01,8.109536683942548951e-02,8.782601814892920800e-02,1.427650376933568277e-01,9.918954051927607318e-02,5.095656770433718702e-02,1.958947458181341805e-01,-1.724112373968245404e-01,-7.752623481941776917e-02,-1.762886077872964363e-01,-2.058341063999271497e-02,-3.759572761122884077e-02,2.711579028526029528e-02,-2.061843135212563793e-01,8.411773411991856075e-02,2.711542990873606201e-02,9.263200652608426363e-04,-2.089932051752432796e-01,-2.439484781224952881e-01,-1.473933852987789894e-01,-1.488700057486841422e-01,-2.611092390313798361e-01,-2.870059248460333778e-01,-2.046450205685507173e-01,-2.068060356993249305e-01,-1.345347937961779428e-01,-1.156449144392070333e-01,-7.934118155014324714e-02,-1.944323377304785772e-01,9.512421818455652281e-03,1.401328438078884020e-01,-1.578306752089819742e-01,9.143055395657376239e-02,-1.524853289223787600e-01,1.405307328084435814e-01,1.880664528502852817e-01,1.647180714536126689e-01,-2.095541683373728370e-01,-6.611641810435413269e-02,-1.769717660841388374e-01,-2.731770117696889419e-02,1.096184687914027039e-01,1.314127172336020666e-01,-2.018717882262694718e-01,7.741286193328100751e-02,5.122177071303513074e-02,-9.283662108335297147e-02,1.039679232814703508e-01,-2.769819563336079482e-01,7.500326245062365060e-02,7.205013261401312617e-03,1.352443044238000602e-01,9.961205336641047736e-02,1.340740974134658758e-01,7.690034807071546852e-02,-1.720135479144932200e-01,3.017535516333287246e-02,-1.322064867963406720e-01,-9.403218147077581357e-02,-9.275383335046151478e-02,3.403780516464190165e-02,-1.077641111587771122e-01,-1.442211844475973503e-01,6.133280259336619522e-02,-8.256113948685125936e-02,-1.326715542583728133e-02,-2.395345078892873736e-01,-4.424477513997251282e-02,8.451923808401390348e-02,5.714978541346556890e-02,1.097882359967108507e-01,8.127059074597707544e-02,6.913489693029961636e-02,3.344922251490969889e-02,2.902377690664772678e-02,1.345079483049271829e-01,1.102452192623924188e-01,1.908819683306033077e-01,-7.267241938497023823e-02,2.246533617600437460e-01,3.763492958837930114e-02,-1.282224115071776416e-01,-2.098297906420117376e-01,-5.150433035906105961e-02,-1.356624635149777658e-01,-2.469654827599738253e-03,4.957915066570149631e-02,1.964003891768452068e-02,1.003636152482247773e-01
-2.685465042070190114e-02,-1.125616001454282505e-01,2.328322880018011964e-01,-3.051881361645426005e-01,0.000000000000000000e+00,8.521022294958121579e-01,1.683045661239096144e-02,-2.139145152809749095e-01,7.896452772489417349e-01,4.480943334379072218e-01,-1.270436976011746488e-01,-2.265589082645319274e-01,2.109115611095182252e-01,4.190573944908777826e-02,6.607618357182316604e-01,3.967895579680703610e-01,-2.940256355790478796e-02,-7.152617732104661619e-03,-2.771941020665451630e-02,-2.636217398574808302e-01,1.134110315249886314e-01,1.776620977452929850e-01,4.475567560293670089e-01,4.457084980503281391e-01,8.432836698407432108e-01,8.021114977894994169e-01,9.143767846112044184e-01,8.240276117118416899e-01,2.771400088539028861e-01,1.784448287192106630e-01,6.299611768776347542e-01,5.513171167677748397e-01,5.551106240531772373e-02,-6.901426694481196944e-02,2.384016638788225839e-01,2.828691829555011750e-01,3.881678577339385539e-02,-1.734506654954951210e-01,9.455770106410101017e-02,2.543177836977598694e-01,2.825435468694868502e-01,7.495057832098546424e-02,-2.521773186428008517e-01,-2.017789515223633312e-01,1.127961826506703180e-01,6.715103360176588598e-02,-2.192045414345323018e-01,-2.659006691235487052e-01,1.060338287318526029e-01,8.118212770967341008e-02,1.424620880647674628e-02,-2.066325602401804240e-02,-3.206566083651696819e-01,-1.892969439246811603e-01,-1.959713827500950134e-01,-1.793372931581847241e-01,3.349263946390715341e-02,-1.134016845847382882e-01,9.360035861077967145e-02,-1.236528062008400153e-01,6.132995033526949386e-02,-1.827120041629281544e-01,-2.106928593335542499e-01,-5.000731310920598638e-01,4.095013097760764609e-01,3.625169556990320285e-01,3.087839791705232484e-01,2.483006646156664665e-01,-2.562879653909653221e-01,-1.557483158842700444e-01,2.678201688762785748e-01,-1.214410792824182628e-01,1.795551180033702621e-01,3.950641189674199832e-02,-6.827129415360533304e-02,-4.373427295478774651e-02,1.562168953117588910e-01,1.073051195094314597e-01,1.198375193213013779e-02,2.683455949494781279e-01,-1.088060945180445299e-01,1.841221138154734149e-01,4.521683608769127560e-01,3.129107659684244314e-01,1.479243887053215412e-01,2.797784989923585153e-01,5.032293974077149956e-01,3.983715583854383069e-01,1.137975636943000524e-02,-2.346826524446304560e-02,-5.965204141373577906e-01,-2.940852237610835918e-01,-4.217445637086511545e-01,-2.937709021290212386e-01,-1.356052329412338886e-01,-4.597022733934345851e-02,-4.175893705743953799e-01,-3.397455485346375648e-01,-6.767767808954163744e-01,-5.749989927240507503e-01,-4.559318570587538311e-01,-4.584609979512919709e-01,-5.482269176503787866e-01,-5.376563740753916854e-01,-1.581872082033791704e-01,-3.007822433687633579e-01,-2.761233089779953631e-01,-4.704980714298560018e-01,-1.765615814838899025e-02,2.280992564543866674e-01,-2.141229354684107411e-01,-3.365384659722578387e-01,-4.522856454647510849e-01,-4.666885586253293194e-01,-1.570235314130097592e-01,2.998969761552813251e-01
2.583161460574059931e-02,-9.089155857247306625e-02,1.576192548238189439e-01,-2.607823792904256921e-01,8.521022294958121579e-01,0.000000000000000000e+00,6.332031104751068007e-02,-6.531224474962908644e-02,7.245799637022642958e-01,6.579439924426242481e-01,-7.044457125020582577e-02,-1.001484973897009828e-01,2.441146262229398345e-01,4.777496784014429593e-02,6.146749963731898969e-01,4.718578224588023118e-01,-8.159612343179545313e-02,-9.636963442507742728e-02,-8.335684597722535852e-03,-2.428489412616727794e-01,1.194087206739815055e-01,2.186372068983099826e-01,4.562595736928415358e-01,4.941748692887834027e-01,8.109040611315446734e-01,8.263140489644527076e-01,8.409038614727541994e-01,8.547014563510796359e-01,2.052970133833936228e-01,4.358058286962947919e-02,6.033472113735723896e-01,4.770123897367899990e-01,-6.588401881244287939e-02,-1.289943402032946718e-01,1.182888586495998845e-01,1.972957769789935867e-01,5.930084853297038633e-02,-8.888410853850370330e-02,7.582191183343847674e-02,2.174396525502176603e-01,1.938745638372867675e-01,3.406044330858982311e-02,-1.785635066441070284e-01,-1.347047476102977426e-01,1.239091776243839427e-01,1.123900885725444415e-01,-2.164223585835546304e-01,-2.694792061369099545e-01,1.046426838518012686e-01,1.006048291504380021e-01,-3.668072530317927678e-03,-2.440780387976610941e-02,-2.940308562680386539e-01,-2.458725638267000024e-01,-1.537793538194731635e-01,-2.193906480761051991e-01,2.347832866950739367e-02,-1.228530847071079846e-01,5.844908951648705026e-02,-1.393815697689197164e-01,1.723573536213135037e-03,-1.715083452438815881e-01,-1.400001863304127236e-01,-4.368522647087245137e-01,3.131539004806387916e-01,3.352963445010490595e-01,2.732995006759290635e-01,2.645933046774486819e-01,-2.656051688754004769e-01,-2.066991831955427017e-01,3.894752420909488588e-01,-3.641612678524096258e-02,3.228217338832347072e-01,3.446052376028854725e-02,3.146390612530599457e-02,1.382740440560874529e-01,1.175221280478591090e-01,2.220693271418311687e-01,-1.298986510565379726e-01,7.704939083908797504e-02,-1.625012354941246517e-01,1.375227592680209332e-01,3.648986383005169420e-01,2.361236056646894010e-01,8.214303113949770682e-03,2.817679945429190091e-01,4.796507493793550903e-01,2.900333501864371111e-01,-1.249037066521887507e-01,2.524693109696735799e-02,-4.599607405225006329e-01,-2.393787336142154387e-01,-2.876553882130126194e-01,-2.465774784420417531e-01,-2.805681603944281677e-01,-2.606757519818588276e-01,-3.628977435543790375e-01,-3.631806121752816918e-01,-5.486571347244767471e-01,-5.197168161279411835e-01,-3.981731854847548324e-01,-4.727990048342916585e-01,-5.664570526676664386e-01,-5.708120687578256414e-01,-9.167934803718366665e-02,-1.406321442109278730e-01,-3.884600932374241977e-01,-4.845552620974678537e-01,6.815284134951196671e-02,2.484677096327772561e-01,-2.013761353820261446e-01,-3.671526867250557991e-01,-4.365153078110222129e-01,-4.170326816686435456e-01,-1.411223470603416019e-01,2.520568055982136402e-01
2.484533918069133096e-01,-7.722535953305302570e-02,4.578949708709422195e-01,2.659031912421247479e-01,1.683045661239096144e-02,6.332031104751068007e-02,0.000000000000000000e+00,2.961237711614724821e-01,1.811180709223767782e-01,1.225862480803887877e-01,3.054672127383329938e-01,9.679079122899694743e-02,5.455878383135115417e-01,7.080305866309177798e-02,2.743465636083706194e-01,1.187520243207808857e-01,-1.115433017486691242e-01,-2.677351911441633314e-01,3.886043112156218338e-01,9.553917369519804303e-02,-1.806955286493696147e-02,3.869160799217358920e-02,3.416212234503064327e-01,1.494624113548091715e-01,-1.587523973265708016e-02,5.216869757057838314e-02,-2.613891175825724944e-02,7.074119328077467517e-02,1.085204279935803179e-01,-1.936878070819927911e-02,2.068924344935330062e-01,2.813423678236524617e-01,1.778011085440678596e-01,-1.137451691198651249e-01,1.722595949990391243e-02,-7.845616083373892213e-02,5.146830455656514758e-02,-4.223307850660404372e-02,9.155315302741168226e-02,1.942895308521139924e-02,8.026421796831026412e-02,1.117378403967846240e-01,-2.166637312107434765e-01,-2.339179969340281773e-01,-1.911910678959619359e-01,-2.793302034776859455e-01,-2.004475292421495913e-01,-3.780332815256685075e-01,-2.090211997145972334e-01,-4.047725713520083368e-01,-4.735841479803654663e-01,-4.441015375951773980e-01,-4.425845368041813055e-01,-3.990059233621207069e-01,-3.890489691124110472e-01,-3.845371478574286517e-01,-6.584540753860287920e-02,-2.030191230558096027e-01,-3.834235078000450270e-01,-2.810848341410266404e-01,5.748829885059208999e-02,1.779416507840423933e-01,6.632665196399203933e-02,-1.728794134082271006e-01,2.992294048385471528e-01,2.175843045696946587e-01,-6.695408445382712570e-02,-6.950318521866495625e-02,3.405784478574389040e-02,-2.081961744179075813e-01,3.140684033912823914e-01,1.165920927147970215e-01,8.276805747669650770e-02,-1.290745809183011517e-01,-2.141668301143865097e-02,-1.660509563797961108e-01,2.470405257202134830e-01,-4.999728203402221960e-02,6.472404953931838734e-02,-9.637436519038880545e-04,7.591665896062647911e-02,1.113921318938168592e-01,1.540989632239708473e-01,1.451156587443500068e-01,3.083496353758977127e-01,2.661539661166130721e-01,1.834461953494103681e-01,1.753131699540181609e-01,2.147764604358649299e-01,-6.122727557564048434e-02,-5.343739853719611105e-02,2.467755194765208215e-01,2.543662229322234125e-02,2.439866434878351087e-01,8.795531782960661071e-02,1.438877609043484329e-01,-2.202429957290110984e-01,-2.873587283408820525e-01,-2.139158625625305898e-01,-8.324784229010213921e-02,-1.053124202610960652e-01,2.042031295475238151e-01,-2.174272834666838849e-01,-7.000655342437449302e-02,4.506065354466920470e-02,6.138144528289671970e-02,8.746260370944074214e-02,2.810713755185899332e-02,-9.668694296567049984e-02,-3.619827067205553389e-02,-1.823056772303495443e-01,-3.211368777490036241e-01,-5.944473749887362740e-02,-1.717743932052523056e-02,1.156256471827124266e-01,9.206118209735277003e-02
3.449510034696186556e-01,1.212417694814250241e-01,-2.724665053084489030e-01,4.691780125322811412e-01,-2.139145152809749095e-01,-6.531224474962908644e-02,2.961237711614724821e-01,0.000000000000000000e+00,5.155018864234253012e-02,1.627076420862633432e-01,4.640036594155216298e-01,7.058921571203857770e-01,2.723300430850006393e-01,3.816219044524042370e-01,-8.303803032796881756e-02,1.693478883644360944e-01,7.589782979421538789e-02,-1.266452687504238395e-01,3.311394810839254355e-01,3.719913976683464352e-01,-8.252392919439312247e-02,-1.860630845669548894e-01,-2.372256648703146842e-01,-1.224872713546746039e-01,-3.860343354620531797e-01,-2.321819209726021238e-01,-2.297575394203793253e-01,-1.305511983620549488e-01,1.339850970208785186e-01,-1.834630615485688745e-02,-1.019838005162573835e-01,-1.645391067277043179e-02,-3.176277728363988140e-02,2.232204130218579385e-01,-3.728403103250939044e-01,-3.798074991455960281e-01,-4.452041620920668685e-01,-2.883835250169011766e-01,-2.658329145675876193e-01,-1.807340961721804751e-01,-2.950373134371532813e-01,-1.527435076440374073e-01,2.190408419534801976e-02,-1.105671580258253267e-01,-1.686136168174627026e-01,-1.675029091156515493e-01,-5.960381888842160997e-02,-1.967419712294050660e-01,-1.187767972238958428e-02,-1.133278487279519020e-01,-2.962089733077734321e-02,-7.250724683002489346e-02,1.047670984730106891e-01,-8.183984159648544088e-02,-2.435663289196118506e-02,1.852863029127151595e-03,9.415310471252465521e-03,-6.860845293558687219e-02,9.654011244828615557e-02,3.826961392274855767e-01,4.049924850093004625e-01,7.622073326856131370e-01,4.699063011098045806e-01,4.033755763887387769e-01,-4.054381524191524311e-01,-2.168990432475589609e-03,-4.061441646709576525e-01,-2.072322604024643689e-01,-6.822314616821134603e-02,2.739496226222135761e-02,-3.148023432346119810e-02,1.140862946147339352e-01,2.320500098768397135e-01,6.065176836937766908e-02,1.351351385226173263e-01,-1.003789875473340004e-01,1.432003067948957320e-01,1.526815244555038975e-01,-1.510164260591697338e-01,2.990892356157080767e-02,8.288571802711064418e-02,4.834123555184018789e-02,-1.800647249169306796e-01,-1.893964061002195720e-01,-1.382384872426058176e-01,-6.210121370706853106e-02,-2.611757947544285363e-01,-3.135253390694336950e-01,5.812551940324895555e-02,5.795143875038438752e-02,1.087468141774866059e-01,-1.429727255223347537e-01,-4.766112926761775261e-03,-1.216839749035362045e-01,-9.276169872759708335e-02,-4.657710496498215780e-02,-1.217490676614537692e-01,-9.042324379823554747e-02,1.235154330257577093e-01,2.052518058194200135e-01,1.951428306465740059e-01,1.735213619005431251e-01,9.789665110417361538e-02,1.134996346521134347e-01,6.384077962505753379e-02,8.976088643965585145e-02,1.724700487492051848e-01,1.295105518343550310e-01,-1.976977674341705848e-01,-1.410325322068981500e-02,-2.017326328409300984e-01,-9.944607255437289128e-02,1.479046817372040579e-01,9.188028784133643601e-02,4.896245227104960990e-02,-1.635073274861044770e-02
1.152781537502437781e-01,-7.766670646749770923e-02,2.027748087045011804e-01,-1.687154308180736362e-01,7.896452772489417349e-01,7.245799637022642958e-01,1.811180709223767782e-01,5.155018864234253012e-02,0.000000000000000000e+00,5.109824961292196432e-01,9.943380695944381564e-02,1.161863684384285529e-03,4.028409002485407453e-01,1.767311207602891010e-01,6.941610505355553240e-01,5.217438317552763882e-01,-3.823094973790906737e-02,-2.221600130581367905e-01,2.062112439239631445e-01,-6.004647655202884071e-02,5.174801350874302236e-02,1.500030218108436009e-01,2.795639219188265079e-01,3.083992122162424465e-01,5.919910339069702765e-01,5.921412955641525144e-01,7.251020486026676926e-01,7.352203882706890292e-01,2.491118297460956643e-01,1.530508782928608480e-01,4.647981054462778649e-01,4.418206170532611998e-01,-5.084252300587267792e-02,-4.415403768140581386e-02,1.143990286685371040e-02,5.764848403781247521e-02,-6.325114991629104955e-02,-1.991399257007723800e-01,4.007749667507259222e-02,1.614481269323376211e-01,2.783606638026331348e-01,8.937107825006289363e-02,-2.173066116860538910e-01,-2.511078528026344237e-01,-3.331038172740566350e-02,-3.699381636415417091e-02,-2.305311372172675066e-01,-3.466735869654989366e-01,4.419541023468036983e-02,-5.105297077143985257e-02,-6.047817589265998273e-02,-1.436511236351777354e-01,-3.093406487682057171e-01,-2.315945484973858381e-01,-1.268343098515217759e-01,-8.791786878806816252e-02,6.947992303349535825e-02,-3.494438265242367364e-02,6.408808585129775748e-02,-6.978127094255341667e-02,1.939882139799860850e-01,3.839895804616970387e-02,-7.136777944383738970e-02,-3.416675280165550888e-01,2.171055694892372046e-01,1.899973187508172401e-01,4.427072066196378886e-02,5.737532613058162617e-02,-1.940289132091269075e-01,-8.231681533899845582e-02,2.300507262242392770e-01,-3.673612296743749943e-03,9.011374463733703988e-02,3.295449936888859149e-02,-7.582680117724635571e-02,-3.520559165593400985e-02,1.264273580495859917e-01,8.291862569945919123e-03,-2.061280514585369511e-02,1.833905533295049073e-01,-3.454936941160112462e-02,1.647381898697362068e-01,3.757427836842702762e-01,2.605593089479057434e-01,2.122684500122812845e-01,2.351177997628884075e-01,4.291320838467546084e-01,2.944625071458852883e-01,1.671945780413906235e-01,5.921210049217188326e-02,-4.564751572215292041e-01,-3.282626437453895485e-01,-4.283557398526473547e-01,-3.050296414867312844e-01,-1.334571235628186775e-02,2.634739901715730387e-02,-4.127585931544438536e-01,-3.938111349384975646e-01,-5.761656349292071377e-01,-4.401152582239582500e-01,-4.198851033286082335e-01,-4.178988662237519414e-01,-4.652904004260829396e-01,-5.158235919292425420e-01,-1.437993912639834726e-01,-1.781817112128156744e-01,-9.048866028590334121e-02,-4.048505083847178110e-01,-8.263977722422696792e-02,3.048737598623573949e-02,-3.228587505521992584e-01,-2.497398347519980966e-01,-3.379313177307076144e-01,-3.861383579182408599e-01,-9.713441403568147392e-02,3.289893708766248315e-01
1.599667293119727421e-03,-7.607203260362352393e-02,-3.959722043320058199e-03,-2.870245824860739869e-01,4.480943334379072218e-01,6.579439924426242481e-01,1.225862480803887877e-01,1.627076420862633432e-01,5.109824961292196432e-01,0.000000000000000000e+00,5.912696224670611900e-02,6.825385461183403057e-02,3.350406266418612944e-01,1.767184197785963140e-01,5.035336572725587212e-01,5.398893476601086538e-01,-1.613053501670948520e-01,-2.567422230645574621e-01,7.758418247711035276e-02,-1.726820360841000157e-01,7.291261519626072996e-02,1.204388823809406650e-01,3.239666261228350552e-01,3.781504242840982299e-01,4.348862468076641341e-01,4.056171120460817514e-01,4.539915726633900750e-01,5.539411588632719985e-01,-8.654694644109027502e-02,-1.932525823782498819e-01,2.427514557828480690e-01,2.233917983824540154e-01,-5.364944273632125255e-02,-6.946426902521271596e-02,2.266858096007493256e-03,-7.592177155347651710e-03,-7.506595559358263114e-02,-1.990205187325098102e-01,-1.549652036506318775e-01,1.039499928683013386e-01,1.764017758564167260e-01,-7.506195663935459617e-02,-1.014309125867617067e-01,-1.952088545582034429e-01,5.306706170288949531e-02,9.520706434925607989e-03,-2.551891283925277754e-01,-3.374663088902177810e-01,6.125995865855671241e-02,-1.982024579223322716e-02,-5.126308722413858848e-02,-9.744941576946948569e-02,-1.646127737146032000e-01,-2.698599815210442343e-01,-1.555507276089973245e-01,-5.843762451952374398e-02,-7.667247105027052978e-02,-2.379359479392146037e-01,3.338688551360775164e-02,-8.485935821329319839e-02,1.292610460055580446e-01,1.392811382282173605e-01,-4.898037377319178903e-02,-2.384654186876111193e-01,1.920006765708381913e-01,2.545065821873351841e-01,7.415555823632222210e-02,4.640784026219397368e-02,-2.683076901932306968e-01,-3.034618406146801783e-01,2.533617498509165289e-01,1.164695945747116490e-01,2.482213015532862554e-01,9.937497085131548336e-02,7.694203454262422970e-02,2.338827798482550069e-01,4.898723713815882758e-02,2.155284440205100793e-01,-3.062223380844729670e-01,-4.666531173525764048e-02,-4.544137741628629518e-02,5.268282377565407237e-02,2.258476419229386856e-01,1.259252679303518585e-01,9.908911562900866998e-02,3.883923542581333432e-01,3.635115488232203984e-01,9.010229412952214245e-02,6.349517438497072341e-02,2.477194329103921677e-01,-1.007916534543315812e-01,5.147995028588072536e-02,7.508358692351715935e-02,1.419130155813324301e-01,-2.529185859537149694e-01,-3.695013267089337639e-01,-3.199033820458241362e-01,-4.292365269786043713e-01,-3.059112937680844579e-01,-2.965808592648183084e-01,-1.223262482051400424e-01,-2.274262086656088644e-01,-3.796797815603080162e-01,-3.329394215478138630e-01,7.469816731746242722e-02,2.883611282525223515e-02,-2.918362018739019681e-01,-2.028350040861271464e-01,4.110215540175549652e-03,8.790644243374234890e-02,-2.242830740537063994e-01,-2.018504259810327550e-01,-1.852030191692417838e-01,-1.931808181853991169e-01,3.672682370591889151e-02,4.106711229430949628e-02
5.044295005662434717e-01,9.940313186565574721e-02,-2.185385438131005609e-01,1.284559220826142836e-02,-1.270436976011746488e-01,-7.044457125020582577e-02,3.054672127383329938e-01,4.640036594155216298e-01,9.943380695944381564e-02,5.912696224670611900e-02,0.000000000000000000e+00,5.826487548249449366e-01,6.711156943428691068e-01,3.849111048166118931e-01,2.301796389821107458e-01,1.124862475949839069e-01,1.982322765700552658e-01,-1.313544336989943551e-01,4.523252478978616598e-01,4.810905422870811465e-01,-6.552446649024537551e-02,-4.524705298884486582e-01,-3.310586877486273449e-01,-3.081885775423987006e-01,-2.887359967041333020e-01,-3.191662850433876764e-01,-1.459511444284213033e-01,-3.048916830454170487e-02,1.430924803545165491e-01,-1.135294932192039696e-01,-2.072756831647934728e-01,-2.246096053688529104e-01,-1.784328418831872785e-03,8.550845781389210254e-02,-3.484384903492815377e-01,-3.581268832121987655e-01,-1.194085021851120088e-01,-1.431713194252565435e-01,-5.550303079320974969e-02,-1.387415186106602250e-01,-6.085764739971159798e-02,-6.872580649347710680e-02,-2.404630103850807776e-01,-1.904661094405939170e-01,-4.164265504580457744e-01,-2.815314923166103434e-01,-2.291848190394087104e-02,-8.538614845335239234e-02,-8.347314536060460033e-02,-1.753516275576414707e-01,-1.533521902015778648e-01,-6.969287187335344858e-02,-7.712939519491293638e-02,-7.093255020445078662e-02,9.290310880089042156e-02,9.311821154383902871e-03,2.375438110418789384e-01,6.686617644958953166e-02,1.262346316051532191e-01,1.930427885277753164e-01,3.078488469948110762e-01,4.221202263883155892e-01,5.481358553463665517e-01,3.878663609576684101e-01,-3.030329273522262001e-01,-2.415782968215828552e-01,-3.518437946400989058e-01,-3.152932171303839959e-01,1.470234112168467833e-01,1.250750574562037032e-01,1.573208352551961342e-01,3.334478975681471474e-02,1.209326278727604065e-01,1.724604839077118756e-01,1.188656524723312180e-01,6.588576829626630049e-02,6.636038394274726415e-02,6.003627505136209519e-02,-2.318340380998297201e-01,-3.465998067258884308e-03,2.264868473287695028e-01,6.375332541414381604e-02,4.393192168112310114e-02,3.282170939958586192e-02,1.624978420577558313e-01,-1.207449266339717664e-02,-1.275275649745681861e-01,-2.540363014996911417e-01,1.944909652222395202e-01,-1.314267535010167631e-01,-2.951757745588662329e-02,3.177034543561960220e-03,-1.224806985121317249e-01,-3.587058261160684658e-02,9.089209058858165047e-02,-9.407324058728450122e-02,7.083555937197097419e-02,3.575312945914438378e-02,1.861518114365627863e-01,2.145347539283500859e-01,2.193690815285786189e-01,2.631888711256930025e-01,1.267446519720427656e-01,6.572492705811204539e-02,-8.575122315047065125e-02,1.365860028587091157e-01,1.351493000938610578e-01,1.228329630594612309e-01,-2.509995415018804188e-01,2.549605177513010121e-02,4.855721379133105114e-02,-1.915871494171992317e-01,8.308736255040480301e-02,1.099564643622761573e-01,6.673708744116041425e-02,2.657352977304921690e-02
4.887918739410031521e-01,3.667076106231794141e-01,-4.488262027250999875e-01,2.711437918575946293e-01,-2.265589082645319274e-01,-1.001484973897009828e-01,9.679079122899694743e-02,7.058921571203857770e-01,1.161863684384285529e-03,6.825385461183403057e-02,5.826487548249449366e-01,0.000000000000000000e+00,2.977614241149289520e-01,5.741307659117270701e-01,-4.879101463059548442e-03,1.336264060362566952e-01,1.899455414571462331e-01,2.657785010388152500e-02,3.809301652360656543e-01,5.902899044359066760e-01,-1.262493373674495600e-01,-2.653881806323480363e-01,-4.407885812536756487e-01,-3.096505922659173460e-01,-3.973164798234232742e-01,-3.667738996176077571e-01,-2.384609394277796557e-01,-1.740033690273641853e-01,1.035758747393924206e-01,7.905268736161905063e-02,-1.879626518968572912e-01,-2.684871930600632450e-01,-1.918152643626691856e-01,9.970986532166459249e-02,-5.636272131336604874e-01,-4.365503913090868493e-01,-3.266196583906738060e-01,-2.710884223129764181e-01,-3.289326712316044121e-01,-1.824026641141267002e-01,-2.208143393715524816e-01,-1.755791118739652712e-01,-9.561199346763626927e-02,-1.055853334636041446e-01,-2.139453450749402019e-01,-2.821431492173361866e-01,-1.800826693877099344e-02,-1.190088388603227215e-01,4.402074524598037497e-02,-9.920431233095097778e-02,9.070067437209186623e-02,7.639228546996652824e-02,1.891686834251342930e-01,8.969518375272756555e-03,1.672788756207654048e-01,5.060166502069297911e-02,1.957075819135564998e-01,1.372437127308941129e-01,2.466290580710019942e-01,4.437039144175515815e-01,3.447761005786862953e-01,5.360988624546577652e-01,6.064434563935350297e-01,5.644579828940006205e-01,-5.722611860425815822e-01,-4.554614730700500269e-01,-5.389158172168087013e-01,-4.127807229037615544e-01,3.716965732412041284e-02,9.772646638310622524e-02,-1.198205780336450248e-02,1.323849779808920213e-01,1.674585822548111946e-01,2.226212323623317224e-01,8.150434521078953054e-02,6.659675321197852660e-02,5.179302818960269950e-02,6.898594026570527282e-02,-1.928351233428777234e-01,7.992910713444217885e-02,3.073589882933648321e-01,9.270088993022618240e-02,-1.960440298821445326e-01,-3.346525953602773329e-02,-1.168923401278857410e-01,-1.662633275025446056e-01,-2.608071296887636281e-01,-4.080777297845157303e-01,8.894564706680978261e-02,-3.192370640829414463e-02,7.248535101758821209e-02,-2.181347042111630719e-01,-6.376649406110132534e-02,-1.933464772023828493e-01,-9.609531895172021554e-02,-1.660204915926907776e-01,3.862529529980364418e-02,9.360416400678996107e-02,2.517250295052749776e-01,2.954957741817758055e-01,2.866812896604783445e-01,1.678109516354637232e-01,1.500629566574919194e-01,1.780966508734578846e-01,4.190695484320348246e-02,4.305120744758253459e-02,1.814177976802072711e-01,1.157361153736200937e-01,-2.969510685654263016e-01,-3.228047759097214114e-02,3.917749497909506912e-02,-9.879439889937371988e-02,1.872765224197617262e-01,8.310493738369330308e-02,-9.303698024983794723e-02,-5.700655291406913489e-02
2.635152428088173848e-01,-1.187856754343347837e-01,1.681577158955373519e-01,-4.346496117276266169e-02,2.109115611095182252e-01,2.441146262229398345e-01,5.455878383135115417e-01,2.723300430850006393e-01,4.028409002485407453e-01,3.350406266418612944e-01,6.711156943428691068e-01,2.977614241149289520e-01,0.000000000000000000e+00,3.503728522896010777e-01,5.923711413273674564e-01,4.123059040138038478e-01,-1.503513567513501195e-02,-2.512052835798220807e-01,4.629864280491430839e-01,1.599550322336170116e-01,-1.484596977883122226e-02,-1.372543929710270671e-01,1.242491069606808940e-01,9.277660121062371312e-02,8.440477606282997813e-02,2.204680768607675430e-03,1.662329023794358873e-01,2.364545073740423053e-01,1.748784721736571235e-01,-7.109924065042649843e-02,1.184408064928293980e-01,7.030397001624145992e-02,9.970151985909134207e-02,1.799683308532858822e-02,-1.981426040927811508e-02,-5.119108306667284614e-02,6.464462499001998042e-02,-1.506930044589516182e-01,1.663687178239264819e-01,7.484927267897835412e-02,2.020319149036133577e-01,8.516504562693517910e-02,-1.975806477191860422e-01,-1.288836658380704547e-01,-2.304369749242803911e-01,-1.660530196281271853e-01,-1.287465454625636163e-01,-2.125633420718079647e-01,-1.438645016815383315e-01,-2.364944561308835735e-01,-3.510143941749336305e-01,-3.522830484128881001e-01,-3.625711198169547234e-01,-3.387782977956114161e-01,-1.308895295238640677e-01,-1.427750634322952072e-01,1.246646798627928793e-01,-1.746813202098069784e-01,-6.588581098309471973e-02,-1.533632370979641502e-01,2.583048620351954261e-01,2.285295094972416008e-01,2.114267893589265035e-01,-8.856708939607965680e-02,1.617312027899082405e-01,5.901791892248963584e-02,-9.782237621155116802e-02,-1.212830269827640528e-01,-4.227858231933799560e-02,-8.947218400834446028e-02,2.255766659508429695e-01,2.154110168267287309e-02,1.608741623136102916e-01,-1.342598746044181869e-02,6.030463513617807109e-02,5.577886037004538278e-02,2.285199950519402612e-01,9.508432585953037475e-02,-1.699262971916559173e-01,2.360423466782684502e-03,1.330818552800031584e-01,1.804443187057949427e-01,3.000730435678435892e-01,2.815062026546732987e-01,4.204075653107098298e-01,3.161986909468495477e-01,3.766512089293643784e-01,1.452881536610511337e-01,3.477325352266120162e-01,-4.716180479888897742e-02,-2.204614379614983077e-01,1.248493117086424686e-01,-1.538284587990246255e-01,1.279909016138552624e-01,1.118453734383271780e-01,-9.360699112698291080e-02,-2.303111814144056524e-01,-2.162815380908929552e-01,-2.839014063640702967e-01,-1.869839783658358845e-01,-5.265935568354606494e-02,1.022822900311529393e-01,-2.096883511431177349e-01,-2.017794295962606343e-01,-1.735354265483129710e-01,-1.764571025633530910e-02,-3.319220088172963878e-02,-3.625635668249719418e-02,-1.908458735594417421e-01,-2.076521608160996485e-02,-9.628383656325378848e-02,-3.277186948176971093e-01,-2.140332124160077010e-01,-1.080364515421427946e-01,-3.442926196150176976e-02,3.888640822860816443e-02
