0.000000000000000000e+00,4.451372248080032179e-01,-3.787860436240399892e-02,1.388085853826056537e-01,-1.077028856349120794e-01,3.082846295863643782e-01,-9.790528146279671440e-02,2.248090193392809910e-01,-1.013211515392278134e-01,3.713321551708644811e-03,3.527808172526507025e-01,2.599856782128211474e-01,4.760980678743541306e-02,3.436267709791633596e-02,2.753586841617466363e-01,-5.290470939577974346e-02,3.953589914746730161e-01,1.274275973372288040e-01,6.315864089151050909e-01,5.652153239239304794e-01,-2.705704946455704252e-01,-4.802420013997880655e-01,-5.016752183667066989e-01,-4.853603568672023028e-01,-3.920826131176883278e-01,-6.766506577306861947e-02,-6.244991982602233344e-02,9.427517816900519293e-03,-7.500829653184105418e-03,-1.495338906009541502e-01,-3.021723745655817694e-01,-2.760537253582024952e-01,1.622799195684962448e-01,-5.344577450383359435e-02,-2.624668973781390524e-01,-2.674864278395431283e-01,-2.985348599736952768e-01,-3.459596699100646044e-01,-4.818217516580149407e-01,-3.865287113109571182e-01,1.403339129055334589e-01,1.454796907743666767e-01,-2.987177785296693533e-01,-2.125493256924667063e-01,-1.815666819746190527e-02,3.904302294060890688e-02,-4.084694498554128361e-01,-3.605823195817287052e-01,-7.632202691802643379e-02,1.039711858471082523e-01,2.705968914013656690e-01,1.754633200304838714e-01,-9.836153869151441353e-02,7.469074900904328074e-02,-3.446499023373537085e-01,-2.309344904546818678e-01,6.381327444162484541e-01,4.697315392300626669e-01,6.206953657410909653e-01,5.745355421175696309e-01,5.772255680442862635e-01,4.420920137921636184e-01,2.096177138638669335e-01,-1.881123844883585833e-02,1.360359742859154342e-01,1.946718668323077495e-01,-1.048970105549349996e-01,-5.000942008925166743e-02,7.047882287676832114e-01,6.061668147397557549e-01,2.158317061853526342e-01,8.177675156350798502e-02,3.297092601262882061e-01,1.155726040287490958e-01,9.744161202385838438e-02,1.473829755423084198e-01,-5.855687880478795820e-02,-5.581013550639155052e-02,2.086510275624833544e-01,-6.999679166074540548e-02,9.106010222524688058e-02,-1.816016436478536458e-02,-2.217423559011245382e-01,6.942473016287800322e-03,-1.185083701839170778e-01,-2.109026101807494891e-01,-6.030344190035631657e-02,2.406637834714220880e-01,-2.888377633323798710e-01,-1.409495930516040663e-01,-4.339871624115294590e-01,-2.245068816572066972e-01,-3.123291796062961923e-01,-8.631325784395176004e-02,-3.389216700863952325e-01,-2.978254831756030341e-01,-3.375679739490676790e-01,-2.719676520058044722e-01,-5.066508125137429985e-01,-3.996112863567932161e-01,-3.291842293897222493e-01,-2.712200535431633641e-01,-4.790440210646900177e-01,-4.028488042962015681e-01,-4.893808275424396670e-01,-3.722488544821496159e-01,-1.736944336310496106e-01,-1.642358201028033537e-01,-1.832809275464976351e-01,-5.358119435715346518e-02,-4.525071576963228259e-01,-3.915847779979720333e-01,-3.373994108918301205e-01,-4.556017437992589958e-01,-3.975833523855519802e-01,-8.385829705103100716e-04
4.451372248080032179e-01,0.000000000000000000e+00,-1.009766566136448135e-01,1.749528552346604759e-01,-2.122103207132269020e-01,1.704528605161919896e-01,-3.372007898613621490e-01,2.164008734647712151e-01,-2.501702112777259290e-01,-1.297078028410828809e-01,-1.089122838893193945e-01,2.353687039710498918e-01,5.275335514389709046e-02,3.286193472198736809e-01,1.470748603124334974e-01,-1.979688681474471024e-01,8.813901883175698226e-02,1.834040301926597727e-01,5.520965732587225228e-01,6.531757796639171554e-01,-8.251412992360049325e-02,-4.861648826829471082e-01,-4.643900750383478382e-01,-2.269786625323393925e-01,-2.164730723346821595e-01,1.609974118571619872e-01,5.863790592773802240e-02,-6.488453161209957465e-02,8.939843569859785843e-02,-5.945456553032110042e-02,6.910465297548733232e-02,8.882970237287264939e-03,3.371493942941978794e-01,1.381981342758686615e-01,-3.277239228420858463e-01,-2.597261255841495364e-01,-3.441146775670652636e-01,-1.284147261340021218e-01,-2.853934379072729510e-01,-2.647883476158874871e-01,1.669207217899507378e-01,-1.140736559594977134e-02,1.381031360462387503e-01,3.002736448976217609e-01,3.710257023109458929e-01,5.946710693967239836e-01,1.473710875341588400e-02,1.705890880385423636e-01,6.770017666524238975e-02,4.293389467125195424e-01,-1.425345141759721268e-01,4.084500127357952870e-01,-3.147864998026703720e-01,1.500498814767790567e-01,-2.194320173824965692e-01,1.066649925430143697e-01,4.062082304885182849e-01,7.376832610140592328e-01,2.070878416030820512e-02,5.392768167104088350e-01,-2.710283299373466778e-02,2.032008947648111519e-01,-2.368266694178927378e-01,-1.323520331259441518e-01,-5.293893417349184727e-01,1.508641156902807562e-02,-3.228361631505713425e-02,2.128790816982530365e-01,7.498955705543504102e-01,7.522510257650018017e-01,-2.932712278849035070e-01,-1.805891304716563117e-01,7.684272188222696781e-03,6.560678031622609041e-02,-2.327026740453310705e-01,-1.211023703672998442e-01,-4.066584130779117290e-01,-1.380302511430026302e-01,-1.617267380204058524e-01,-2.053048633141315304e-01,-2.576853490727729068e-01,-3.774717009151067754e-02,-3.495474566997689991e-01,8.030253148579578892e-02,-4.881614572711289735e-01,1.032104171703729541e-02,-3.425178121850381840e-01,2.831991794981173483e-01,-5.883637612430112629e-01,-1.693998975469077906e-01,-6.300697526249739999e-01,-3.780257298458353787e-01,-4.731564859199562934e-01,-1.614565888587510822e-01,-2.910101386862527506e-01,-3.643008472241741902e-03,-3.814398238843681455e-01,-1.300012940132804218e-01,-5.749278435400192455e-01,-4.847570378828104931e-01,-5.325766702383164519e-01,-2.385939728504393176e-01,-3.587043452373401831e-01,-3.900263350979835675e-01,-5.352138006653357483e-01,-1.390789219735968918e-01,-2.009242584708812174e-01,-6.779579448392876462e-02,-2.197715305415907094e-01,-6.931944776233935068e-02,-4.802064925977853616e-01,-4.975012346046756018e-01,-5.621589554069192918e-01,-5.151493949345945511e-01,-4.619851815326918021e-01,4.854885649024556077e-02
-3.787860436240399892e-02,-1.009766566136448135e-01,0.000000000000000000e+00,4.238732721861528385e-01,3.026225528852278801e-01,1.668717485458390271e-01,6.850450405732800840e-01,3.156132257152817755e-01,4.084792523350396221e-01,3.349825643727185054e-01,2.770996779618646322e-01,2.750382186784814942e-01,2.864818677242644829e-01,3.811196509189379578e-01,3.096988049837355317e-01,3.645636354505353283e-01,-3.312722566600568297e-01,-3.711769793082111413e-01,3.772318599258482341e-01,3.136407474418985153e-01,-5.510780132954332805e-02,1.081424310932938421e-01,5.921552329148850324e-01,5.111010382751453029e-01,1.659897988889068032e-01,6.850357466955094010e-02,1.490891163150886434e-01,5.621841342939627728e-02,-3.983320102071244984e-01,-5.432222598903457865e-04,3.497000593551510272e-01,4.977787438824987087e-01,1.837506941208421340e-01,4.121612122541801204e-01,7.151864692105967813e-02,-1.755632406141114377e-01,-1.839362773283493568e-01,-1.928386233935349137e-01,1.847308807611702797e-01,-8.659206340394613732e-02,-6.764430465619246380e-02,7.303514225679758054e-02,-3.184620844236655257e-01,-2.205958789929937380e-01,-3.532880014371232447e-01,-3.162526384119171974e-01,-2.671912668611129416e-01,-3.392203639370342527e-01,-2.318792008844145491e-01,-2.717498428654136489e-01,-1.471512870204345902e-01,-3.046924541274616538e-01,-1.616055885011933313e-01,-3.350257784437237207e-01,-2.330231774163728509e-01,-3.512137893112065035e-01,-3.145590896365098033e-01,-2.976230556699021590e-01,-1.793811337734983746e-01,-1.585363752556327444e-01,2.474453418324611131e-01,1.739246411713663010e-01,-4.412501869470807775e-02,2.332991765184215804e-01,3.193596778680761750e-01,1.287106029295283505e-01,-1.450793901771873506e-01,-2.191570702578600760e-01,-3.682036293396098725e-02,-1.231767260173289302e-01,4.299076931924311618e-01,3.462468136763716120e-01,1.743954355242355592e-01,5.234772656386525724e-02,-1.010816333214855089e-01,8.994726544127619461e-02,4.315822658635511122e-02,1.307087449335135043e-01,5.217040910593923747e-02,-1.614260233045387016e-01,-1.160076570053342471e-01,-7.755176059702609259e-02,3.433465179941627698e-01,7.388770024252371005e-02,1.412334595984819086e-01,-5.172412652335880295e-02,2.773560424621429044e-01,1.024157265469850808e-01,2.079537197414116356e-01,-2.551915822731701811e-01,-6.640057519712228755e-04,-3.340700221651540791e-01,-1.722639386274382178e-01,-3.128002207675654178e-01,-5.922748676411850738e-02,1.380097897067063817e-01,-2.675075194261944747e-02,-1.849474706610491626e-01,-1.101280489256835221e-01,-8.707459196708648708e-02,-8.038580826756336339e-02,-3.159580247111319906e-01,-1.961259177906933202e-02,-1.427818581200945292e-01,2.510346592736480975e-01,4.181113789383437279e-02,2.662240198377348599e-01,-2.460766243982522028e-01,3.500282737099243840e-02,1.526095203000756573e-01,-2.070003242992703441e-01,-1.136971807433181103e-01,-7.639358562315927414e-02,-7.505005070686439350e-02,2.750651737339054881e-01,2.137100066063963855e-01
1.388085853826056537e-01,1.749528552346604759e-01,4.238732721861528385e-01,0.000000000000000000e+00,5.650233953116882146e-01,5.134399610080150334e-01,2.920981455721974318e-01,7.205601134446362188e-01,2.214191135813020350e-01,6.567661862032867504e-01,4.755318560314953508e-02,3.574171813878435633e-01,1.794501388201164005e-01,2.996204688239098579e-01,2.950935065160135706e-01,4.677271996970904788e-01,-1.294092694907321150e-01,-8.450084268941188137e-02,4.706036547235217249e-01,5.296953867869090837e-01,1.319459486798975900e-01,-6.969449271767642895e-02,1.012904173030686888e-01,4.417907709455108911e-01,4.484504216686323042e-01,5.797271103361222311e-01,1.587414889918758176e-01,1.399422806654332663e-01,-1.406385420320470925e-01,2.302584251843795005e-01,2.504962156936117457e-01,2.912807330638545467e-01,2.344138243764281315e-01,4.633414419081798852e-01,-2.074188726044989273e-01,-3.189397957290550645e-01,-3.562402191062372103e-01,-2.910844259227370334e-01,-3.526621436985273583e-02,-1.017566584148247300e-01,1.406982284570329200e-01,1.924771079303803367e-01,-3.068156889403254595e-01,-1.845377705161282134e-01,-3.027359974032637902e-01,-1.184852345306757482e-01,-4.028581182005055994e-01,-3.448892684153624377e-01,-4.119869892921102505e-01,-1.732228525660663432e-01,-3.022528704082814155e-01,-1.578382795552527029e-01,-3.768096232004127799e-01,-2.549137318514437811e-01,-5.917274129840339736e-01,-5.208013063851612001e-01,-1.216909490805255928e-01,1.434142513969338117e-01,5.021551926170397112e-02,3.733687330829862927e-01,2.278589763433823689e-01,4.931606414946146377e-01,-2.460411033829184024e-01,3.185976420917064900e-01,9.324468828264688425e-03,4.778296274060165882e-01,-1.978395322893493347e-01,3.207915666441189806e-02,1.852630687158116629e-01,1.477816669576774156e-01,4.421809534127851826e-01,3.958378594044574261e-01,1.580788853029625740e-01,1.698507540781316605e-01,-4.626143538644900133e-02,1.043647202573144278e-01,-2.586986661559169745e-03,6.869873776482374184e-02,2.145121939224882771e-02,6.387473238340909965e-02,-1.100945516652090811e-01,8.359175965336720915e-02,-4.855489104699299736e-03,3.238540007536988008e-01,-4.271591558336268468e-02,1.948855722220649289e-01,-1.808099407812111675e-02,3.828956959881488764e-01,-2.532841148824973021e-01,-5.547677809471415755e-02,-3.975939791010467128e-01,-4.950503133541633294e-01,-3.230914554847705289e-01,-4.061611542126460916e-01,-3.016014232242898996e-01,-1.573069353157768024e-01,-1.523509777930477649e-01,-3.191213929422835882e-01,-4.161707815201793892e-01,-3.900678162421345463e-01,-3.889518760211060910e-01,-4.345476586681800146e-01,-3.577330971333513854e-01,-4.272493817239592651e-01,-9.110651608082750985e-02,-2.566312559471455867e-01,-2.272860278359398190e-02,-4.403114894668986312e-01,-2.630132520572275867e-01,-2.010233945353086943e-02,-1.403763862725057598e-01,-2.904338658171058407e-01,-3.442558952479671253e-01,-1.328787145512577150e-01,-8.865197789809214912e-02,2.634647598913406052e-01
-1.077028856349120794e-01,-2.122103207132269020e-01,3.026225528852278801e-01,5.650233953116882146e-01,0.000000000000000000e+00,1.774572740749153221e-01,3.568119692219020034e-01,1.803827056718235178e-01,6.088008090133315564e-01,5.767693132745292939e-01,-4.348636924999545184e-02,1.671026782052494331e-01,1.047571194985516263e-01,1.139520467150059585e-01,2.568602438310555458e-01,5.390466569169268807e-01,-5.043187396539523804e-02,6.530372408255537275e-02,8.201744906698781035e-02,1.374477541729194341e-01,2.269927013192455378e-01,1.882748635883275123e-01,3.977367192298207343e-01,5.945901258590791105e-01,6.282781448243572875e-01,4.808617793775795124e-01,4.851561185158950740e-01,3.579219863330733165e-01,1.807287732826294915e-02,3.093515738089269163e-01,4.090158986019635234e-01,3.526889174214640210e-01,1.533530594229829680e-01,4.379606071414864910e-01,1.808775028892967152e-01,-5.481395472827904625e-02,-3.661511049186579325e-01,-3.470870816921360902e-01,8.067749578577310121e-02,2.107926656176145885e-01,-1.680699351769238403e-01,8.458360920907209701e-02,-9.045095254040688704e-02,-8.440952120731369523e-02,-2.818448469065560347e-01,-2.227268380459692665e-01,-2.458949704341270026e-01,-2.629888649038057413e-01,-2.055500253740029371e-01,-2.708097731887100790e-01,-2.749663582397238182e-01,-2.807706654289527926e-01,-2.888246796360753876e-01,-2.543394204321227647e-01,-3.276294740249176551e-01,-3.323154539578548339e-01,-9.477036818339208690e-02,-8.333387249070710323e-02,9.501292865686382372e-02,7.412707277730051780e-02,3.545525595323596041e-02,1.605593928847197649e-01,8.327643552512198344e-02,4.419591004384958444e-01,1.131763554590120430e-01,1.043518952644960085e-01,2.291511148160908784e-02,9.500825572986835998e-02,-3.957461816443794134e-02,-5.957741629846734221e-02,2.528205050885090066e-01,3.477989815210273394e-01,-1.530625105641481298e-01,-7.449423663696745634e-02,-9.009562442816580752e-03,-6.366004138374039851e-04,1.098572965596117910e-02,-8.248080771654514587e-02,3.399338969049313375e-02,1.043818331454000603e-01,-1.134209738942018458e-01,-5.594090213045827681e-02,2.899417932979705959e-01,3.113784042115977369e-01,4.623488149813074349e-02,1.368595665972877247e-02,2.374296058049612523e-01,3.228734863725366000e-01,-4.581109689144080566e-02,1.336430028338720342e-02,-9.961378045114178958e-02,-2.814035507797598146e-01,-1.815042793226402940e-01,-2.383999397580580659e-01,-2.147534611569510421e-01,-1.234561522278579959e-01,-1.038222141182035124e-01,-2.167198017564050672e-01,-1.477682746912310774e-01,-1.284088035717923515e-01,-1.351344735869859648e-01,-3.002266356384833967e-01,-1.440212226141623642e-01,-1.627760941365282987e-01,1.568495049154698118e-01,-1.325604016949617769e-02,6.831888277241196517e-02,-2.395286441188354543e-01,9.301441050516197351e-02,8.753314273244093557e-02,-6.230092208711662978e-03,-8.067165338002105224e-02,-1.395620854959306878e-01,1.321351611673077416e-02,2.188280206356786606e-03,1.755620947436690171e-01
3.082846295863643782e-01,1.704528605161919896e-01,1.668717485458390271e-01,5.134399610080150334e-01,1.774572740749153221e-01,0.000000000000000000e+00,-1.010784327846094705e-01,6.641459644336409340e-01,-1.280675983346509228e-01,6.679152557379008925e-01,3.590468037741307433e-02,3.966308704943275476e-01,1.282532835181652842e-01,1.293709402359195793e-01,5.107967990306564454e-01,3.570956518740632801e-01,-8.191869567635005900e-02,-2.650503506208918836e-01,6.045933862411445592e-01,5.936575787151514572e-01,4.868668023696593600e-02,-3.320308613255314872e-02,-3.135467444090103140e-01,-9.222552780705262077e-02,5.334738111192274812e-02,4.905868243750695079e-01,-4.816755294348500083e-02,3.492023114136111328e-01,-1.507861711773574309e-01,8.758092524760398290e-02,-5.921408521919717394e-02,1.152726186783406027e-02,2.181938081929412632e-01,3.195201448189305959e-01,-5.949025276848596278e-01,-5.678291251163763986e-01,-4.797702703658116574e-01,-4.106636680545699969e-01,-2.677024212152668836e-01,-2.086945872409673997e-01,6.632246470092127699e-02,5.497351929906788698e-02,-1.426297706805489951e-01,2.601156654490274431e-02,-1.495248106211665706e-01,9.454171460401714078e-02,-1.754655009025326562e-01,-8.548283721178853711e-02,-8.874356330928646897e-02,1.949096740656801330e-01,1.711249026943621465e-01,1.955965873405972055e-01,1.308798162732151965e-02,6.187199683592719754e-03,-4.417113912486922422e-01,-3.267155156494742640e-01,-1.784875429751696385e-01,-5.636802876089114234e-02,3.337183961508050634e-01,4.701325004625527271e-01,2.231497954670289274e-01,4.759359028515455781e-01,-3.791519127900467301e-01,-2.023610611128671410e-01,-4.964186635718858404e-02,3.772022914921571712e-01,-3.568045163885934512e-01,-8.696039252875810421e-02,3.946699019950162257e-01,2.815757887689229744e-01,1.788555162141735877e-01,6.965722644854810408e-02,2.474308436181873183e-01,1.924200088193085134e-01,1.548883274280781763e-01,1.001983501919320452e-01,8.172295934822057517e-02,-3.969690404317854915e-03,2.650215965319445699e-01,-5.735877153785296639e-02,-1.953339851185285567e-02,-3.198922228056251815e-01,-3.889428758462139257e-02,4.890522658514544901e-02,-1.092172792398349579e-01,-3.171868154744235113e-01,-3.760301872685976182e-02,2.167394275655133706e-01,-3.034944516650885937e-01,-2.582093543309763040e-01,-4.663525601476493088e-01,-5.591643358840276967e-01,-3.366665486445290512e-01,-5.113772586731305525e-01,-1.102946084092126522e-01,-8.783403597788351502e-02,-2.133409255432364704e-01,-5.064272600739692098e-01,-5.755391024559839419e-01,-6.586211862851309995e-01,-3.524058238675067400e-01,-5.759590394132045876e-01,-3.996053860259414781e-01,-5.852019731925987012e-01,-2.868002446044745080e-01,-5.117655155181340954e-01,1.158643767408027159e-01,-3.193766370362102203e-01,-3.057934334159840284e-01,-4.179911991506023682e-03,-3.961321213729137591e-01,-6.143054385290319663e-01,-4.682081583507381461e-01,-4.733237241495357184e-01,-1.836324158626794489e-01,3.105084915763542397e-01
-9.790528146279671440e-02,-3.372007898613621490e-01,6.850450405732800840e-01,2.920981455721974318e-01,3.568119692219020034e-01,-1.010784327846094705e-01,0.000000000000000000e+00,2.300218184860266524e-01,7.005406306860176846e-01,2.361121049879973677e-01,4.750431000196080333e-01,4.281673975066043192e-01,5.382260886317278281e-01,4.061751859052304403e-01,9.819616282312304545e-02,3.930487403407610381e-01,-1.672896902481846027e-01,-1.296245448234323305e-01,8.922843839015194567e-02,5.079931734149799316e-03,5.021189122869353268e-03,1.716785445290790746e-01,5.976920653393498206e-01,4.195122690748312455e-01,2.006967388211685077e-01,-1.184535163049697526e-01,3.304685447742281568e-01,-1.847487664765122550e-01,-1.497745459245402033e-01,1.326164609168650477e-01,3.801592849769644400e-01,4.659339764040190124e-01,5.670924991720183161e-02,3.096461826098062531e-01,3.666865566315527514e-01,6.357177864873711504e-02,-1.154302859758871425e-01,-3.062333032121403176e-01,2.436434521373244122e-01,2.604048867878775222e-02,-2.800072498118971742e-01,-1.401605074973489296e-01,-4.341322271097886598e-01,-3.650404826312218520e-01,-4.654268705335547485e-01,-5.491352537206003470e-01,-4.467328441864176769e-01,-5.185192651634684680e-01,-3.777382798370632622e-01,-5.246913023004015075e-01,-2.018118123446693835e-01,-5.235874394673022403e-01,-1.745551914858743947e-01,-4.219588232781342207e-01,-2.280006298690277766e-01,-4.705334761864648496e-01,-2.974956346033734156e-01,-4.036690680600463210e-01,-1.974329705925577660e-01,-3.508446170635788897e-01,4.436007407606094022e-01,2.774670307894632759e-01,1.612958734899949675e-01,5.129415619602267773e-01,5.223251208688038938e-01,1.853663324619284625e-01,-1.503334864589875863e-01,-3.441838135592010794e-01,-2.581862632780723144e-01,-3.636095691389678031e-01,6.155855892441614019e-01,5.507551199515122731e-01,3.362590293011069598e-01,1.671472451759472844e-01,6.302854416103891022e-02,1.467756336178211163e-01,3.762910100971372795e-01,3.442111612333272896e-01,1.124730616728329274e-01,4.304174172209286608e-02,8.188297428476729034e-02,1.002339557670299808e-01,3.355147050898144023e-01,6.822041947052441546e-02,1.883336328620620614e-01,-3.421219228828592984e-04,2.665630563780635454e-01,-2.724074751402172714e-02,3.447451996400114349e-01,-4.938873806947023659e-02,2.312507227395817488e-01,-1.359634772842070738e-01,1.225418197910777274e-01,-1.456541232719099077e-01,-6.952378305524922752e-02,-3.689506227993245846e-02,1.551126716384473858e-01,3.536098069019811413e-02,1.413978039233052542e-01,1.258638570122765366e-01,3.259427877388557104e-01,-6.259980006432880328e-02,1.676171929525907545e-01,5.762341378496850519e-02,4.742345137977455605e-01,1.778736194891308298e-01,2.479861895050149145e-01,-1.809557530272342951e-01,1.608417356030928946e-01,2.960765094569419234e-02,1.108519916434153041e-01,2.088483032550631224e-01,1.505352911835113605e-01,1.384717010653546965e-01,2.468989045518176773e-01,6.080949957380427789e-02
2.248090193392809910e-01,2.164008734647712151e-01,3.156132257152817755e-01,7.205601134446362188e-01,1.803827056718235178e-01,6.641459644336409340e-01,2.300218184860266524e-01,0.000000000000000000e+00,4.656645196770585471e-02,7.149111961375521629e-01,1.819454456617338733e-01,6.974088515761649454e-01,3.791356224802396868e-01,5.774153665552850256e-01,3.434600426295895681e-01,4.729179804934536269e-01,-2.680155232944418375e-01,-2.371944338066919178e-01,4.653703045468104427e-01,5.041537285205178742e-01,7.170586496956117550e-02,-8.175753759340670390e-02,-2.213327726490774139e-01,5.973678508739554971e-02,4.080996205794346077e-02,3.310786604093001739e-01,-6.712034827676116588e-02,1.317207157170353915e-02,-2.525151342166561674e-01,2.096548985301563972e-01,-7.235736695479411118e-02,1.011971571209294152e-01,2.258726442501168830e-02,3.117773385866419167e-01,-3.690969242288555940e-01,-3.501411012458853222e-01,-4.229675269820036276e-01,-4.225957311457237964e-01,-1.520456581242362604e-01,-2.950606861890720523e-01,5.701401276710348076e-02,-9.541685349361954394e-02,-3.310623125825568613e-01,-1.083621139243338694e-01,-3.602623381950572634e-01,-9.081055194064434344e-02,-3.378437588495321053e-01,-3.021089698615544439e-01,-3.775731840305854847e-01,-9.062854905937435535e-02,-3.857528318252193000e-02,-4.598609848581420440e-02,-1.202483869161759533e-01,-1.712388796448961470e-01,-5.773548262907026718e-01,-5.314775378262953653e-01,-3.550171462472444528e-01,-8.346087009220652664e-02,1.782683952096521252e-01,3.832903704987826732e-01,4.218814177638047225e-01,7.459065495661765244e-01,-4.919425141827297732e-01,7.935789196115584920e-02,-3.062271362209994380e-02,6.892275805867251748e-01,-4.283839537487930671e-01,-1.606930685798446390e-01,2.412950849003170084e-01,1.746091862076142864e-01,5.171747160205069083e-01,3.972760419529531850e-01,4.359360742349804863e-01,3.894519533837577652e-01,3.154071890639647407e-02,2.030374048102634998e-01,1.518853508912933192e-01,2.080633351026059397e-01,1.030177874950382322e-01,2.605298108851774805e-02,-4.581457327438301363e-02,-6.535686201891156843e-02,3.139892271091942327e-02,1.037544357765669278e-01,-7.558692603419141232e-02,-1.091874075837257763e-01,-3.100126127730776227e-02,2.108288950023053943e-01,-2.336978849266019842e-01,-2.537425985594134459e-01,-3.902719085596249582e-01,-6.119762159219015452e-01,-2.957243710763782230e-01,-6.097376106288177056e-01,-1.815671238191116088e-01,-1.390928808400709038e-01,-1.677319417340898677e-01,-3.463320462234363850e-01,-4.810310881652276049e-01,-5.109340449319846877e-01,-2.871564988786811101e-01,-5.078632184990671261e-01,-3.200715506326746174e-01,-5.388464760534161790e-01,-5.626584187453868152e-02,-3.592472637924050138e-01,1.590392131026912015e-01,-3.692515139033469840e-01,-3.523798104173020418e-01,-6.750511475985770948e-02,-1.702378704090605765e-01,-4.225177582135565268e-01,-3.058271982610130668e-01,-2.064253243899934198e-01,2.128789404976469055e-02,3.659678393019625831e-01
-1.013211515392278134e-01,-2.501702112777259290e-01,4.084792523350396221e-01,2.214191135813020350e-01,6.088008090133315564e-01,-1.280675983346509228e-01,7.005406306860176846e-01,4.656645196770585471e-02,0.000000000000000000e+00,2.844903822382956471e-01,2.502075065386612507e-01,3.745767323278152428e-01,3.515542960936805517e-01,2.852479719985797635e-01,1.636074470006597115e-01,3.933695937347064242e-01,6.791272796725815464e-02,3.995861983565512920e-02,6.901762863102262058e-02,3.902274252492544254e-02,-4.168110749920423547e-02,5.111434811681483947e-02,4.208761735093745071e-01,4.091646952062463205e-01,2.698018032943687583e-01,7.134301596538421275e-02,4.803057300159787602e-01,8.362959224934632396e-02,1.426842679140483960e-01,2.373321589790920727e-01,5.174849176276252738e-01,5.348270125418125298e-01,1.566831842890518134e-01,4.265622447454182065e-01,3.396084071955723926e-01,1.960949854337237439e-02,-3.199052772026522717e-01,-4.646399171733840427e-01,5.716401100515617478e-02,-5.532187358504129376e-02,-3.484980239791571344e-01,-2.403649151068500966e-01,-2.157175968934154642e-01,-1.729474893092131094e-01,-2.975000146950417257e-01,-3.280856583535743942e-01,-3.113522478935610294e-01,-3.368561249792499379e-01,-2.327666075258280343e-01,-3.076447992402179255e-01,-2.080173602735884975e-01,-2.353489264998332442e-01,-3.022148368903377347e-01,-1.347192382062590288e-01,-3.159434585086634550e-01,-3.527560576131065773e-01,-6.462261561098428531e-02,-2.588192479227504061e-01,4.116161408411042090e-03,-2.062847736075570926e-01,2.516917877399810766e-01,2.443493846827371752e-01,2.388027057944814291e-01,5.017947784047404047e-01,3.862843001845701063e-01,1.697738836437130694e-01,9.717405828962279168e-02,-3.599890815308619263e-02,-3.260596340073616817e-02,-7.695977643187787431e-02,3.466106957689565338e-01,4.403186718434088376e-01,1.855006117997769488e-01,8.134626362875962968e-02,-1.233016434966313774e-01,1.968335621621905909e-02,1.208209692158088433e-01,1.826470047561133125e-01,1.290621051594212643e-01,1.606368597480966609e-01,1.632528817671576385e-02,5.767264394247586384e-02,1.796162690128489392e-01,1.848694288762443017e-01,-2.315045227036288678e-02,-2.140216680686939793e-02,1.027930482703119097e-01,1.525298264159026251e-01,1.040235025593671050e-02,1.426604324039726091e-01,9.435636101679616833e-03,-8.501865966741685432e-02,-5.864362458723662574e-02,-3.196888749723146139e-03,-2.288011444093550062e-01,-5.732312955900772944e-02,-1.539122304432305466e-02,3.628260826936435118e-02,-6.775109369212332922e-02,-5.264061761912488396e-02,1.387112286528126570e-01,6.613423614001574802e-02,5.642870490027861174e-02,7.886226078486652247e-02,3.206163386624042433e-01,2.301321084989568222e-01,1.861913385449578684e-01,-1.977930524883276392e-02,6.652432028303323364e-02,8.097568116230871582e-02,3.036307496308615281e-02,-9.806334565224963939e-03,-1.210068827386479584e-01,-4.768819726901576267e-02,1.183217180095207793e-01,5.852281861104826483e-02
3.713321551708644811e-03,-1.297078028410828809e-01,3.349825643727185054e-01,6.567661862032867504e-01,5.767693132745292939e-01,6.679152557379008925e-01,2.361121049879973677e-01,7.149111961375521629e-01,2.844903822382956471e-01,0.000000000000000000e+00,1.095943223447417708e-01,5.253770509384241283e-01,3.340564978811779162e-01,3.273100270412052648e-01,5.505943169009596128e-01,7.739074175719642401e-01,-2.377417009308391005e-01,-2.045064962220830007e-01,3.657099673509251470e-01,3.523140721982193080e-01,2.035735488160897166e-01,1.932783436356484419e-01,8.727081974520167762e-02,2.832243043529477089e-01,3.399132938915569446e-01,5.125631610962974039e-01,4.740255727277253861e-02,3.501891499664011032e-01,-9.494421486800996846e-02,2.916698599790342183e-01,7.975787037267706436e-02,1.485691421964369929e-01,6.306738195806252389e-02,3.912358131807966988e-01,-2.816283369983530460e-01,-3.801013876476104225e-01,-5.119249412465384230e-01,-4.899182436435443599e-01,-4.501852620048078790e-02,-6.460076592983528092e-03,-2.737363070247111549e-02,-4.323720550717666949e-02,-2.406811835959999646e-01,-1.039840935394050758e-01,-5.050328848443860208e-01,-2.745638206276952431e-01,-3.002967622815550519e-01,-2.794117612002983697e-01,-3.226050930169782061e-01,-1.083150628139374766e-01,-3.625449491049578810e-02,-1.009419227938887498e-01,-8.552885586364786241e-02,-4.962241609584928242e-02,-5.799453662360585238e-01,-4.476857843606042997e-01,-3.720438515115956912e-01,-2.112075851029465712e-01,2.228737132896672635e-01,3.046399783668145012e-01,3.055385596946081361e-01,6.309512816369757804e-01,-2.348714800223670185e-01,2.210286680130755244e-01,6.335746402406559896e-02,4.085661763427789750e-01,-4.158568963196366819e-01,-2.391532280739632199e-01,5.103431595647103802e-02,3.116603077880891054e-02,3.733712731313755806e-01,3.403491117258395371e-01,2.448472274542312088e-01,1.676578312778690960e-01,1.572896382499037182e-01,8.919061655307000680e-02,1.902718193623202381e-01,1.839860411214757352e-01,1.638646644068356972e-01,9.741407593944997889e-02,-2.524450041981148030e-02,-2.178138002104777204e-01,2.568558868735368317e-01,3.568108269980347913e-01,1.591581906206799082e-02,-1.428761983093627952e-01,1.340533668341413187e-01,3.209087462424540793e-01,-2.179102136831614356e-01,-1.375158198080674542e-02,-3.411599001619916582e-01,-5.142656630609869772e-01,-2.861503737187952590e-01,-5.062508831820233812e-01,-6.620677811217536013e-02,-8.722657666469573953e-03,-9.942133239650230436e-02,-3.863621822938440586e-01,-4.168513222127339102e-01,-4.565116182545442269e-01,-2.611837573967021875e-01,-4.549695167206109780e-01,-3.634392792866698030e-01,-4.821183069252005238e-01,5.424205219430096314e-02,-2.667549464473205623e-01,2.650648631418734968e-01,-3.550421766974899418e-01,-2.752588573532511740e-01,2.397534196253714792e-02,-1.531553616266521922e-01,-4.237303015020247310e-01,-3.114534083918020779e-01,-2.079397071797389196e-01,1.917268907905237407e-01,4.764913561679479104e-01
3.527808172526507025e-01,-1.089122838893193945e-01,2.770996779618646322e-01,4.755318560314953508e-02,-4.348636924999545184e-02,3.590468037741307433e-02,4.750431000196080333e-01,1.819454456617338733e-01,2.502075065386612507e-01,1.095943223447417708e-01,0.000000000000000000e+00,4.827609854830591241e-01,6.223108518104886189e-01,1.293334881576443940e-01,2.377981103057260903e-01,4.547090845668614462e-02,4.300281750486140142e-01,1.763418202513367949e-01,2.192223394547503090e-01,1.346490294186718506e-01,-2.311558077552268442e-01,-3.834333744021289903e-02,-5.400521144553818709e-02,-2.312939225224807660e-01,-2.408249801781941479e-01,-2.460366718528372021e-01,2.410002804380289576e-01,1.252048152723513885e-01,1.882561266053094373e-01,2.325046677017789803e-03,-1.205391692069798654e-01,4.386408983007952789e-02,-7.537901340873146006e-02,-1.489713392738745978e-01,-7.618464151169027088e-02,-2.485477286298491684e-01,3.790592172227332662e-02,-1.832397515240221930e-01,-1.328775602569886027e-01,1.500917824810685253e-02,-8.468224688828611402e-02,5.951490062357948918e-02,-7.180670819041110597e-01,-6.364447446552067289e-01,-5.921149356528183638e-01,-5.680925568263791581e-01,-6.945590918742950981e-01,-6.833137526852430810e-01,-6.350220032250450952e-01,-4.651411356283421950e-01,7.164696186963166735e-02,-2.704333492394011551e-01,-1.716153650833159572e-01,-1.087230449197731513e-01,-2.679942764111320486e-01,-2.720982404187177184e-01,1.026413415984783195e-01,-1.345530339958461441e-01,1.023995230090237185e-01,-4.102945050617130590e-04,6.087581312873847628e-01,4.028623264319059483e-01,4.278512721608289104e-01,2.603300090141119072e-01,5.441664122290248429e-01,1.235694983699838073e-01,-3.674387852972975099e-01,-5.441054545840493528e-01,1.639773858401247231e-01,1.616876764645042985e-01,6.437769044206342883e-01,5.735023289881563402e-01,5.292748486865639368e-01,3.001702813668467029e-01,2.507100518087015395e-01,4.374425810839329687e-01,2.573516645338023712e-01,2.203908547072410407e-01,5.414953334492004222e-01,2.207076612919085246e-01,6.207656020906532346e-01,3.971435110762118748e-01,8.920157163884601115e-02,7.380932869843573330e-02,1.724247324609922416e-01,-6.623842122412035294e-02,1.564535045397670021e-01,-4.762144839387568579e-02,2.057894544167001016e-01,1.948133254554804128e-01,1.873893088947375029e-03,1.101672146250962103e-02,6.711144897364526574e-02,4.661585945861947133e-02,5.186952473204349545e-02,2.230568516426072734e-01,3.201770706657981469e-01,1.606238048803397267e-01,-2.580745395869172773e-02,-7.145857898777466244e-02,1.418522808388035517e-01,8.096892481394016294e-02,-1.988416108092216084e-01,-1.339354615226624468e-01,1.227952067405167075e-01,3.241125670203215056e-03,1.542287250912008877e-02,-2.138793516405995410e-01,2.041324331325812536e-02,2.164180963198277241e-01,-3.984008832887329932e-02,6.770761972226370384e-02,3.854647461734027336e-02,3.269891438950670026e-02,1.897583817085136126e-01,6.463897070624860519e-02
2.599856782128211474e-01,2.353687039710498918e-01,2.750382186784814942e-01,3.574171813878435633e-01,1.671026782052494331e-01,3.966308704943275476e-01,4.281673975066043192e-01,6.974088515761649454e-01,3.745767323278152428e-01,5.253770509384241283e-01,4.827609854830591241e-01,0.000000000000000000e+00,6.760196181367087442e-01,7.353796792852098640e-01,3.135548324717150059e-01,3.903830219540056490e-01,-8.042256890392181223e-02,-1.126147189021614453e-01,4.395159458385364259e-01,4.682748933617533194e-01,-2.018074848877282959e-02,-6.605793069689432084e-02,-1.951097563651297828e-01,-7.190276118969844699e-02,-1.309585851362796149e-01,1.058844781656997636e-01,2.544744084216125080e-01,6.734130083928972776e-02,-8.822376600380067713e-02,1.940685533039386013e-01,1.015548119250490183e-01,2.815199736754170345e-01,1.014611606966158569e-01,3.146391587433474690e-01,-2.094605387487840087e-01,-3.034373334587174842e-01,-4.683510875461281420e-01,-5.520133863179136346e-01,-2.599747706892186483e-01,-2.474590788151120047e-01,-1.654810014510398331e-01,-2.739580407068206713e-01,-3.748300701413782576e-01,-8.278242081566473953e-02,-4.123331918190404899e-01,-1.460997670700207585e-01,-4.371115530436218144e-01,-3.585466196335819200e-01,-3.730889111823393889e-01,-6.229598987074708161e-02,6.611676964288100422e-02,2.464463083866707052e-02,-1.040730289274493375e-01,-1.636573390465230829e-02,-5.701545626498015773e-01,-4.695717771545633301e-01,-2.509505192737119805e-01,-1.174771458597548141e-01,1.922926314019881844e-01,2.974002739445925081e-01,6.120781296469903765e-01,7.864903279029293870e-01,-2.533831779433028397e-01,1.100563529384692707e-01,6.366292178650191647e-02,5.115024352976228483e-01,-4.668457802096899201e-01,-3.337219587828092471e-01,3.629307657613332627e-01,2.736523469434384292e-01,5.550204129137215059e-01,5.157438982548482320e-01,5.416321021478188724e-01,4.278796594236292661e-01,2.531868736751512541e-02,2.335044760617745185e-01,2.881137625946198488e-01,3.349408184775912733e-01,2.220836939033334068e-01,1.445841035347040782e-01,9.178250854637153011e-02,-5.885731845121542488e-02,7.506743845703885143e-02,6.952679881446079124e-02,-2.243950067803359150e-01,-3.005660352976991523e-01,-1.664531738469909525e-02,1.360835638167921802e-01,-2.077586421409914064e-01,-1.698514931903370717e-01,-3.365901037582775812e-01,-5.358580302197172296e-01,-2.146226441282315378e-01,-4.212709668885368242e-01,-1.558637793404911431e-01,-1.043322801317351405e-03,-1.485290317996757758e-01,-2.862231049812957173e-01,-4.779184165410160778e-01,-5.165896319900882272e-01,-1.078422583217175101e-01,-3.020846803789440926e-01,-2.882487744560407461e-01,-4.819751180468422880e-01,4.143023554551937267e-04,-2.272105490877544820e-01,1.679148202368683229e-01,-2.828089229004204230e-01,-1.576953566478159485e-01,-6.075809850255194100e-03,-3.029062172639763184e-01,-4.193359472307475744e-01,-3.328527915172390106e-01,-3.285056003222077137e-01,6.244687353638852384e-02,2.684307961486950833e-01
4.760980678743541306e-02,5.275335514389709046e-02,2.864818677242644829e-01,1.794501388201164005e-01,1.047571194985516263e-01,1.282532835181652842e-01,5.382260886317278281e-01,3.791356224802396868e-01,3.515542960936805517e-01,3.340564978811779162e-01,6.223108518104886189e-01,6.760196181367087442e-01,0.000000000000000000e+00,5.320562940615363168e-01,3.958711642050304902e-01,2.773203772790509003e-01,-3.640993174202072913e-02,-3.904985900483292499e-02,2.710267576027142744e-01,1.873825603483590119e-01,-2.389068309272541352e-02,2.416723498376173798e-02,9.998713291072897080e-02,5.405757986903661494e-02,-8.413253968407702343e-02,3.048784957075382357e-02,3.404848368086348387e-01,1.364089994234553016e-01,1.093373586174818946e-01,-8.219568494516270307e-02,1.010947084756728537e-01,2.416245086007932641e-01,-8.838233403147198464e-02,6.068131388209813820e-02,-8.473811895077180273e-03,-2.885883719643573819e-01,-2.894143087785943091e-01,-3.274405449511631483e-01,-2.299030413421042016e-02,1.715919626546907051e-01,-2.077156267456385930e-01,-1.851539100476413124e-01,-3.753735744024049303e-01,-2.198472030075729056e-01,-3.642429058211458237e-01,-2.692009185837035412e-01,-4.441957110935864095e-01,-3.778286466314229042e-01,-4.091161480277512585e-01,-2.358522502215135985e-01,-7.078140113543246459e-02,-1.620638615158406792e-01,-2.548560985114031174e-01,1.492188007132872613e-02,-4.029991800642051536e-01,-2.655385982656951471e-01,-2.613428636844192798e-01,-1.311387520889541747e-01,-1.659391885811619116e-01,8.611085197684484327e-03,4.491048567197102326e-01,4.502164181900131235e-01,-5.098850610149599505e-02,9.419820417166299698e-02,3.301235615191250306e-01,1.849473895530535095e-01,-4.157094919331571492e-01,-4.374067454620123585e-01,5.367159680247369363e-02,1.366780141036064676e-02,4.556750280352049320e-01,4.884630488872511722e-01,4.382398879215099186e-01,2.732294728558646302e-01,1.763766386158437116e-01,1.912713603235323134e-01,2.024255515688179741e-01,3.143174707860536543e-01,1.241790905776233023e-01,1.161897835174060672e-01,2.037376679838976690e-01,1.447611174040495663e-01,1.592046082911955929e-01,1.577408788024727837e-01,-5.844245359780189664e-02,-2.608346684805498000e-02,1.461341877381421850e-01,2.626506549978967486e-01,-9.924613010799637758e-02,1.578552602792404891e-01,-1.144842838638186339e-01,-2.300127521107306339e-01,1.012353784327230111e-02,-8.019431582399445813e-02,2.813822543801862766e-02,3.126396280988382181e-01,1.671851998893411351e-01,2.859108830053262371e-02,-1.490963373620283750e-01,-2.133286669225885612e-01,9.805827334867370237e-02,4.772063212572287896e-03,-1.866002387535287133e-01,-3.145533412838959486e-01,8.069384639166284068e-02,6.161604107342968234e-02,1.234533541536229628e-01,-2.347009888769058805e-01,8.342538683412022149e-02,2.431717261513595962e-01,-9.321221308329309674e-02,-9.323186143723687092e-02,-1.979379880538755521e-01,-1.119895103108360657e-01,1.969567821138206998e-01,1.233290390800451386e-01
