0.000000000000000000e+00,3.803693360235738119e-01,3.000735363767897956e-01,2.016073085335063630e-01,-7.300393174905882299e-02,8.959344277724205774e-02,3.574831718444095308e-01,-1.121208953708527495e-01,-2.827250835469251600e-01,2.204056473826059848e-01,4.290480262441146442e-01,-6.200405530902013823e-02,3.501629399796424291e-01,-1.598382603680465197e-01,-1.083465853084576019e-01,1.573969180596157258e-01,6.721142759678465639e-01,4.732913469974465159e-01,7.306823939114531763e-01,3.271400106102446692e-01,3.057704381106869651e-03,9.959946964860189045e-02,3.848398170559739762e-01,4.352845179854623187e-02,2.093714931981708327e-01,6.575059962254985180e-02,3.810750794417042675e-01,3.062304840067382461e-01,3.266983983201333652e-01,1.593700049747404923e-01,1.762607126095782351e-01,1.988979544708429845e-02,5.819983017361021194e-01,1.845148023280416827e-01,-1.117363830955484492e-02,-4.730354262065796997e-03,4.299536167222646754e-01,3.548909214641209897e-01,1.696923283751344269e-01,7.727759638668116882e-01,5.822157314226056313e-01,4.587736307168970296e-01,-1.745346209102205393e-01,-1.496331888317625758e-01,-5.874583609249739262e-03,4.565189246321952948e-04,-2.037596532079261613e-01,3.872392126171268767e-02,-2.603211610767223183e-01,-2.198301270653909290e-01,-1.227907763812718933e-01,5.675177825881887878e-02,-2.050108386607187860e-01,2.628925479167768531e-01,-1.267843362857692946e-01,5.776763717336994564e-01,8.903443852540591230e-01,4.174566626963510663e-01,3.428699034558692071e-01,-2.103608450218136250e-01,2.226874852427638673e-03,-3.206026006961635866e-01,5.016524817111174366e-03,-2.332695853653163343e-01,-6.421535132824371384e-02,-2.052438697515566735e-01,1.422958642448746425e-01,9.486115784107139459e-02,8.004186527506836901e-01,7.428923890385119577e-01,3.653085730910116680e-01,1.425645611574590521e-01,2.391192911206101168e-01,2.475074562165545389e-01,3.881245083777189464e-01,4.707518313702113710e-01,2.943063706712862881e-01,2.752613567742197009e-01,-2.227610205879806959e-02,4.226432329352997064e-01,1.425702080508637892e-01,3.398401736264134443e-01,4.835281540749533091e-01,3.878106524439631220e-01,7.375235009552301435e-02,5.414569497247738727e-01,5.089096487282915304e-02,2.198730292560295563e-01,-3.135132625898487402e-01,6.210729598633083492e-01,-5.967932881338108286e-01,-2.377376053649570553e-01,-6.310697823128390560e-01,4.570326997144254742e-03,-1.749406529618813266e-01,-2.166060321902077146e-01,-4.409991667336409793e-01,-7.040277156589570817e-02,-4.117150348918957592e-01,-3.215639343561423891e-01,-6.210152274820578411e-01,1.683652180997205483e-01,-3.508665206690660399e-01,-1.084564621037175519e-02,-4.312390053882230179e-01,6.712994979593377154e-02,-2.297452374448459012e-01,-4.660171141103130327e-02,1.733267963770706022e-01,-1.381760695882968681e-01,-4.216088116396768948e-01,-4.587658926343619187e-02,-1.047713917825972008e-01,1.702593819229555605e-01,4.178970315760516946e-02,-3.581848727952435252e-01
3.803693360235738119e-01,0.000000000000000000e+00,-1.386769379124120488e-02,3.739470706631389113e-02,1.662020522934395672e-01,-5.489741933810800625e-04,-9.542818816814943594e-02,-1.005903321544941026e-01,1.409293924511033358e-01,2.571486327918604160e-03,8.661610634706039605e-03,1.386421306357637218e-01,-9.306975264780904117e-03,-2.382135425490681732e-02,-1.430705531426399169e-01,-1.966068841796571320e-01,3.395405171185903459e-01,6.020994379322811563e-01,3.111235201220295399e-01,5.663043041525307464e-01,-1.939854985949902508e-02,-8.166829830033417448e-02,-5.572546164969050409e-04,-1.674716054479916949e-01,1.675357744548816308e-01,1.690732880620642309e-01,1.547899159404514113e-01,-4.153129069136336782e-02,3.948244859046390332e-01,2.405758457666128669e-01,3.547894178397605347e-01,2.139130916481680467e-01,3.380884605816469879e-01,6.430536335863766551e-02,-1.563852681698170155e-01,-7.663906383381276222e-02,2.444487007111899313e-01,3.669506451695263016e-01,1.929519519499057201e-01,3.167879442601099216e-01,3.318253644859218698e-01,5.068087433621948357e-01,-8.096355408754779548e-02,3.293337301145152218e-01,2.950757067887201934e-01,2.870293642538943590e-01,-9.647552863989550904e-04,2.039300575944919536e-01,1.652924322580238137e-01,-1.697744393425545256e-02,9.564207989820848466e-02,8.132484986980936803e-02,1.412292084088903332e-01,-5.988252209213994551e-03,1.862476440546655121e-01,2.695841204567653304e-01,4.292107549138285405e-01,6.314580483011302814e-01,6.897918712962916588e-02,-6.893957374788295400e-02,-1.337532098579689022e-01,-2.325594542973302425e-01,-1.739144907598789980e-01,6.402279770201212139e-02,-1.301777274243672289e-01,-3.165101147688383354e-01,-5.578902943692966993e-02,-6.804122087803828045e-02,3.523295719162518047e-01,4.935935651225442089e-01,3.374651440990130147e-01,2.315133683256400399e-01,2.049397332459257648e-01,3.107376377498000664e-01,2.191807754244336770e-01,2.287213128579042853e-01,3.223092819994854419e-01,3.715482863628878363e-01,5.525398087319496887e-02,8.330349120188966505e-02,2.506654112613619922e-01,1.206408414701422016e-01,6.764538525966986605e-03,1.404332871072030142e-01,8.081086962629578652e-02,1.386288907921803537e-01,1.989266702369144602e-01,2.599473439374813122e-01,2.691882484955934740e-01,-7.961680028281734045e-02,-4.753989408224218449e-01,-3.834093192071998391e-01,-5.157460313088630954e-01,-3.153001635486817333e-01,-2.306340726076378800e-01,-1.656581402179713447e-01,-9.990327741064308764e-02,2.686240815899077622e-02,-5.361475376331197029e-02,-2.647027494228167965e-01,-4.489100461733751268e-02,-2.417543957501697705e-01,1.805181606805695005e-01,8.299450239053421385e-02,-3.046950013852799954e-01,-2.222810114950283522e-01,2.957294526964814041e-02,-1.166815339820545389e-01,2.013771954939818087e-01,-8.121059057537949322e-02,-1.673266794151968828e-01,1.832884183389472954e-01,-2.337417031202758677e-01,2.004500410289612733e-02,-2.226666502543382664e-01,-3.471951169102293067e-01
3.000735363767897956e-01,-1.386769379124120488e-02,0.000000000000000000e+00,5.390977499586971922e-01,-3.006348274160521861e-01,-4.422430823537434885e-02,7.762271820780461962e-01,-3.964211970014424047e-01,-5.258954139424395491e-01,-4.115717664748091975e-02,2.830067794774269174e-01,-5.278360536724144847e-01,3.468199124503669184e-01,-4.172782851381928171e-01,-9.214084738287849075e-02,-1.939944278561673840e-01,2.561440081577315286e-01,6.785695758273804779e-02,2.254914089866980331e-01,-2.161074360320226206e-01,-5.463438906009664836e-02,-1.830571402880304954e-01,8.908365608677677461e-01,8.140384114961742856e-01,5.544106294338471130e-01,1.245501467454815520e-01,-2.459743714246702406e-01,2.832254277274283763e-02,1.145917795746933532e-01,-2.633869645015492200e-02,-4.034060383233126212e-02,1.523266210615724717e-02,2.932959112869015783e-01,1.264545525721833541e-01,5.088744197417544024e-01,4.287169631262565117e-01,3.612923096837092340e-01,2.796100969402285918e-01,1.039012640326166664e-01,1.128092344621438869e-01,2.682080416517013122e-01,1.513629131403980421e-01,6.772769253499337505e-02,-1.520224448723068722e-01,5.744965011659021459e-02,9.967275756504019590e-02,-3.714611182373675491e-01,-2.201683767067596220e-01,-4.525027982874001431e-01,-2.777537186527230806e-01,-2.549170418785076109e-01,-1.310578860420957004e-01,-5.505965181280161325e-01,1.233894847158998193e-01,-5.901305309995626969e-01,-5.000076240380637443e-02,3.022761203865735324e-01,-2.758801051034905361e-01,-4.696937744273516069e-03,-6.950818910862904820e-01,1.134826801283252556e-01,-5.896135743415629182e-01,-1.665884859302848575e-01,-5.612320825789760548e-01,6.102777111366010088e-01,3.352129290531062900e-01,5.353045903285362783e-01,3.847265548367035382e-01,2.196621495648045652e-01,6.328605174618032875e-03,1.277734223739027397e-01,2.074234817524152341e-01,3.568009027240030568e-03,-9.412725766975892083e-02,3.258888831671905573e-01,1.664096106517895246e-01,1.104307955693195203e-01,1.700966448245761625e-02,1.735138433954407922e-01,3.370966857972291786e-01,2.058901512689028518e-02,2.192641499773986535e-01,2.421517527049037999e-01,-5.369571233296304563e-02,1.307404758981610682e-01,2.074509301922362881e-01,-2.173235190278654250e-01,-3.228637002626834063e-01,-3.266396538868545640e-01,6.922339109602788920e-02,-2.891862072837682041e-01,1.657898780238491743e-01,-1.334945030529825216e-01,4.059845868595368112e-01,4.913757788409324478e-02,-2.076025249657567073e-01,-1.534915299932415322e-01,-2.184433239471173238e-01,-6.992580062412777631e-01,-2.402491040815978585e-01,-6.677555583403605999e-01,1.354543872493023382e-01,-6.712652332879917028e-01,-5.684076618648616908e-01,-7.467085760568824282e-02,3.510432747623207228e-01,-2.435888100581920790e-01,-2.698154691806517458e-01,-2.770770627805840478e-02,4.995738988393454150e-02,-1.254452694457330320e-01,1.315592906118695678e-02,2.149855285579097275e-01,-1.662000841425456954e-01,3.000032320103691585e-01,-1.690700612752414345e-01
2.016073085335063630e-01,3.739470706631389113e-02,5.390977499586971922e-01,0.000000000000000000e+00,-1.777696045209167519e-01,3.104260172013808550e-01,5.405614581103981298e-01,1.134027604872471368e-01,-2.840167975413280255e-01,-5.204357742906120035e-03,2.484026780103027465e-01,-1.577786017024259135e-01,7.950398486540904974e-02,-1.223582989167747437e-01,-1.858023338086232101e-01,-6.799365817494799902e-02,2.520649055732077648e-01,1.059631083234473942e-01,3.462639065650795489e-01,-4.075170552112959005e-02,-4.754858047524283121e-02,-2.687125265099127303e-02,6.082447260712040560e-01,6.736093695871662179e-01,2.227068508051430473e-01,1.567838977827807345e-01,-1.706809765984346194e-01,1.197105771107090932e-01,1.078260103632514844e-01,2.188440051548681126e-02,5.068852785213319445e-02,1.766709813626421155e-01,2.552924952366504852e-01,2.362685719633454695e-01,1.646528304748143823e-01,2.197909895735212504e-01,2.331504179206846453e-02,-9.783239785176804648e-02,2.573593540639296795e-01,1.205408518145973662e-01,1.167963035650699741e-02,-1.056427848395353856e-02,-7.230099756446371762e-02,-1.916601830518498695e-01,-5.325365406850195854e-02,5.093578336782474125e-02,-2.765798521384551512e-01,-2.516816077695692710e-01,-2.772458491673572833e-01,-1.965455483736079922e-01,-2.672338225242376075e-01,-7.433545769096612521e-02,-4.787486002159199727e-01,5.286828931428774747e-02,-5.346394430963051780e-01,8.452700795998345507e-02,2.512266530695967393e-01,-1.075589659046169155e-01,-1.147671158689503590e-01,-3.121938332095069990e-01,8.222477317226523086e-02,-1.561785691760368688e-01,-1.841655494475960553e-02,-1.832035078902134462e-01,1.956484127677904916e-01,2.683915192695239815e-01,2.743599774695895110e-01,3.448755191442759438e-01,2.098686329562567676e-01,1.265542910690631573e-01,3.407666777007692382e-01,2.344252619358901668e-01,1.858350016488004852e-01,1.135383935347417106e-01,3.127560198241093881e-01,2.807728505923013929e-01,1.965373021785546126e-01,8.131199383945916792e-02,-7.160514192843902941e-03,1.841685998931125445e-01,1.461256056342733756e-01,2.681927947612623431e-01,2.034548716536129231e-01,6.280191375350757665e-02,-2.106543748325499441e-02,3.581769254841005168e-01,-1.336183184706591642e-01,-2.331700349930769245e-01,-3.821072871694281559e-01,1.254973953045392387e-01,-2.789473117328954421e-01,-6.946334089454844762e-02,-1.266357047005817194e-01,1.233710694305076155e-01,1.016132226827019813e-01,3.588080046445071836e-02,-6.093979132912853702e-02,-1.097460085161524046e-01,-3.972007052840736963e-01,-1.995027134156075188e-01,-4.259505238877856481e-01,-5.044095953251250680e-02,-4.878389050866671628e-01,-4.982549619880218272e-01,-1.156735236257534216e-01,9.367305946169399156e-02,-1.156430202929834700e-01,-1.763703340861821067e-01,9.567740001210302270e-02,-6.860482618390728593e-02,-2.654016673266447746e-01,-7.076011978288562765e-02,1.448087032807626184e-01,-1.239453607486653564e-01,1.619986297869873138e-01,-1.120452595434272003e-01
-7.300393174905882299e-02,1.662020522934395672e-01,-3.006348274160521861e-01,-1.777696045209167519e-01,0.000000000000000000e+00,3.559900091111511400e-01,-2.159601534083174235e-01,3.437564190965931854e-02,6.297032888796585404e-01,5.270076759382839038e-01,5.328397800921966937e-02,1.799183797837178023e-01,-1.297136738661937017e-01,2.232196903499068241e-01,6.437270261630682888e-02,4.425967216326291004e-02,2.849718262465422702e-02,8.311241889480833200e-02,3.771545819748680500e-02,2.973103642263901225e-01,8.467472936612277512e-02,1.377914093414264463e-01,-2.453656076548421383e-01,-3.011906528078816536e-01,9.104870245692132935e-02,4.723319125814450792e-01,5.496776355641916911e-01,1.932235764153835134e-01,1.081680597723654741e-01,3.338246698624916173e-03,5.017382350934708191e-01,6.071864868909010449e-01,1.207505791880105067e-01,2.901685475409185866e-01,7.313943694467610335e-02,3.355357946657271800e-02,1.197556495492132916e-01,6.969138938170960085e-02,4.242613529068635370e-02,1.934245357533485171e-02,2.390868936759240337e-01,3.430942209712777025e-02,-7.072644584629015664e-03,1.627534508329399610e-01,3.047766535465593063e-02,-1.933165220728446515e-02,1.533228464439176930e-01,-1.465712671141719825e-01,-3.965203412940816741e-02,-1.784709500447382857e-01,-2.763410899874096938e-01,-3.557203668126514562e-01,-6.099675717285667209e-02,-4.255876815267654600e-01,6.561046939459236338e-02,-1.470598170693955542e-01,-3.724191198285733279e-02,1.265830309900768114e-01,1.270556972463574019e-02,2.602317557787396374e-01,-5.339179280697597257e-02,1.117295387105972926e-01,2.407588464853049615e-01,1.594801007668165405e-01,-5.592066026797172518e-02,-8.371889970499629685e-02,1.290471514367369510e-01,1.266695694559063778e-01,8.589510584623355482e-02,8.397928466150204885e-02,2.200375046232816434e-01,2.791015465860823830e-01,3.154603797973905555e-01,2.650075349797160196e-01,2.625662249239147927e-01,2.195800639970797163e-01,-1.061957182880239464e-01,5.033012564927764887e-02,1.703688924231025192e-01,4.436249709877289338e-02,3.096102934158408981e-01,2.690057398355807372e-01,-3.039889437142774264e-01,1.128567166074904843e-01,2.043365939951866661e-01,1.385458702012052658e-02,2.275528572214300382e-01,5.683822789716487245e-01,2.820091069536990180e-01,-2.164864174386012252e-01,-6.413183030073013602e-02,-2.174191557840430833e-01,-2.211449601166015910e-01,-3.388711422583368660e-01,-2.828091426488754112e-01,7.183227195112650010e-02,-9.148163572635148455e-02,1.351549820136033753e-01,-4.471118310030447462e-02,-1.592476835840872518e-01,9.721308629605665899e-03,-3.083355023133817485e-01,3.177838166873096504e-01,3.272162336437703933e-01,-4.123084079045589989e-02,-2.036333221135237792e-01,-3.339014035628145444e-02,3.506180443040310957e-01,1.084102120198738861e-01,6.103215596388443347e-03,-3.888486873864035326e-02,-2.398393076688027370e-01,-3.370878189076316755e-01,-2.202144358257004386e-01,-1.717120214666245093e-01,1.898937156909804302e-01
8.959344277724205774e-02,-5.489741933810800625e-04,-4.422430823537434885e-02,3.104260172013808550e-01,3.559900091111511400e-01,0.000000000000000000e+00,1.295704113639669641e-01,2.118786636162896253e-01,1.534759257295237322e-01,5.486474567724738405e-01,1.510105864337061288e-01,7.080288323847401533e-02,4.148572278265883623e-02,7.493134312533972219e-02,4.199565995128438575e-03,5.730392414181008365e-02,1.985627523911411285e-01,8.754399868151925557e-02,1.469867492757811200e-01,5.508594650250227265e-02,4.748053744624119304e-02,3.956467062428231651e-02,9.315659294159196746e-02,6.364972547353130172e-02,1.874363443271961915e-01,3.063941230608302480e-01,3.842210441401853749e-01,5.716476358193954832e-01,1.220520434584894398e-01,3.710533150878762843e-02,2.060475470721652991e-01,3.291747901970514811e-01,4.927459604545104260e-02,1.191204183213371154e-01,-1.275589596936766157e-01,-1.496491472911729292e-01,8.923294826954625281e-02,-1.541637704442076762e-01,2.337940309297704133e-01,2.009359998112034140e-01,2.008858478448444507e-01,-1.221886534997638878e-02,-2.026657309897963999e-01,-1.969723693898062233e-01,-9.345811613436369458e-02,-2.019761399623577758e-01,-1.105764392857388617e-01,-2.677859818700128458e-01,-1.361817392714355091e-01,-3.275731002705858375e-01,-3.268000391869840815e-01,-2.820948946008342562e-01,-2.760262112263532353e-01,-2.165349670462569098e-01,-1.727073339340942926e-01,2.508878002266633211e-02,1.797796497497011203e-01,2.207983248786740682e-02,-1.310851716037520756e-03,1.617719349053928501e-01,9.767191612866201952e-03,1.905925417256037202e-01,5.323512175073637914e-02,3.100968673903110526e-02,-4.686314695176871381e-02,1.411838813258735614e-01,7.213432860349379937e-03,3.923684121273341568e-02,2.111720318987042322e-01,1.000763621006134085e-01,2.835874904281423525e-01,2.261775716902414690e-01,2.157914079563229559e-01,2.610358131161379380e-01,2.018993668374246819e-01,8.084896885665721067e-02,-5.099364206587338882e-02,-1.401162714687823885e-01,7.515092622728665461e-02,-3.944044330530244863e-02,1.442888681088219105e-01,2.614374151872353447e-01,-7.257405622674155399e-02,1.623425641462243052e-01,1.776059647562933802e-03,9.151948431577805465e-02,2.152345436700899561e-01,2.706977216863485913e-01,8.976026237078166270e-02,7.993675723558794910e-02,-1.681938075345888184e-01,-1.526689433591568723e-01,-2.064077040697332444e-01,-1.527869549034094332e-01,5.110016351427487669e-02,1.778163809062289213e-01,-7.393204358812223431e-03,5.998125473661106155e-02,-2.238637628872335306e-01,-2.192939265554828820e-01,-1.821349561117262816e-01,-7.155187098807960777e-02,1.051981040977568449e-01,9.131930745752858680e-02,4.629934974479685272e-02,-6.094931173585371731e-02,1.532015553215176629e-01,2.944718296955844972e-01,5.775185705615228787e-02,-5.427611396816761635e-02,-1.182659691709111588e-01,-6.801433762052694343e-02,-1.119616531456213843e-01,-1.945321711925807884e-01,-6.324107314014418280e-02,2.715463456295451050e-01
3.574831718444095308e-01,-9.542818816814943594e-02,7.762271820780461962e-01,5.405614581103981298e-01,-2.159601534083174235e-01,1.295704113639669641e-01,0.000000000000000000e+00,9.184321494813713072e-02,-3.822174167288967528e-01,1.216336756779905354e-01,4.737841780601332875e-01,-1.845321374505227430e-01,5.192657319289945006e-01,-1.506501805107756387e-01,-3.837600682632076599e-02,-4.071376488881383454e-02,2.553143661851374757e-01,1.263785766551978329e-01,1.717360982677606229e-01,-2.096288530492618207e-01,-2.559799372872615941e-01,-7.338148843805156196e-02,7.358797216536898667e-01,6.648466317959640381e-01,2.889295473865949315e-01,-2.824604257532206328e-02,-2.467983967581305893e-01,9.438621372223272854e-02,2.050064152285299146e-01,6.882529402442670585e-02,-1.313227725416135916e-01,-4.051703022815905664e-02,2.794626654688054934e-01,8.690354990750571995e-02,2.782269752914164340e-01,7.363596036482665530e-02,2.290693632037436311e-01,1.122209831139455855e-01,-6.573122151662325529e-04,1.467076972151492575e-01,2.756204594740604419e-01,2.700621934273408908e-01,-2.563353864975334018e-01,-4.407529769789835794e-01,-2.128902319236869456e-01,-2.054019057406268056e-01,-5.430710583023680149e-01,-3.953303198776583760e-01,-4.305634966171195122e-01,-3.652190033165021443e-01,-1.480604236531252171e-01,-1.072498229063766073e-01,-5.871021868239526542e-01,1.211216712270971746e-01,-4.383422091379983176e-01,1.060465318388174871e-01,2.964082367674700791e-01,-1.762405580778665937e-01,3.370753636723035074e-01,-4.281383016836175504e-01,4.752415504297751170e-01,-1.800083700642472473e-01,8.009670114265794727e-02,-2.259355289276853695e-01,4.544013031134475078e-01,2.890484556903282765e-01,3.131206678991239056e-01,2.060519366021230647e-01,1.923818801013318369e-01,1.707759613616896197e-02,3.462498007003601552e-01,3.012406207752695297e-01,2.598152498723989012e-01,1.499612272466831764e-01,3.601777993939741518e-01,2.221313192386276392e-01,2.822975075473156403e-01,1.997506297394158747e-01,1.823902616580304413e-05,2.753117332809101314e-01,1.375971059117836459e-02,3.493932302400774570e-01,1.410901781887203277e-01,-1.210161223643385492e-01,2.472298047153381750e-01,3.324459256937324358e-01,-2.366256143695738001e-01,-2.295336456582198481e-01,-1.802903278008896604e-01,2.724726709967227323e-01,-3.748957738752373703e-01,4.180644403704684986e-03,-1.732605104151271336e-01,2.254598854095818949e-01,-3.594395642189514295e-02,-2.479121119133048667e-01,-2.901323083487674648e-01,-2.293136639511783592e-01,-5.991419048873942721e-01,-3.245927174651043190e-01,-6.563039387373815758e-01,1.291119432197962158e-01,-7.876525071385913623e-01,-5.496472653878582415e-01,-1.807538149555232843e-01,1.437310465845129670e-01,-3.309722459726350263e-01,-3.822556717803860526e-01,8.452510628743138688e-02,9.102220420186940553e-02,-2.529237029934927050e-01,-1.425855798460894386e-01,2.335174329582163921e-01,-3.293040787169039807e-01,2.012894917936591810e-01,-2.043398078814370744e-01
-1.121208953708527495e-01,-1.005903321544941026e-01,-3.964211970014424047e-01,1.134027604872471368e-01,3.437564190965931854e-02,2.118786636162896253e-01,9.184321494813713072e-02,0.000000000000000000e+00,2.031455401806690209e-01,-2.401271566013212302e-02,1.136724082257911106e-01,6.832967263550697723e-01,8.009917766047498777e-02,5.657523068342377170e-01,-1.770177893772641731e-01,1.364344266604125555e-01,-7.345298518011181277e-02,6.586408337147461878e-02,-2.434498854497575970e-01,-4.092105394410743696e-02,-3.011881373674708540e-01,3.087623352700387125e-01,-3.572901394438076084e-01,-1.529669500068631671e-01,-6.926601014958579938e-01,-3.948273858736984221e-01,-1.843766944441969924e-01,-4.462573456624445434e-02,4.096417732996490702e-02,9.520607598968888752e-02,-2.229584787201584206e-01,-9.793636900356604558e-02,-1.402344823859844880e-01,-1.682604811053387689e-02,-5.346507599362486651e-01,-6.019098653085375172e-01,-4.566784152745288483e-01,-4.510369947736667107e-01,-1.306568753210183564e-01,-1.727650971862055435e-02,-2.180500950384093584e-01,9.141019075144765638e-02,-4.643075496144859482e-01,-3.162555119887773825e-01,-4.340895942697915455e-01,-3.135147313873611896e-01,-8.066122070561453083e-02,-8.165663436460543489e-02,2.249090874734057111e-01,1.414865772272877464e-01,3.469391189861771863e-01,2.472794100805551787e-01,1.500850665204454260e-01,6.336728321615281434e-02,3.442327228849209053e-01,2.698397659890977018e-01,-7.764809429178541611e-02,2.875012252183863914e-01,3.769786206715776689e-01,5.731633578753075886e-01,4.643383059440377991e-01,8.169571340681630600e-01,3.553714013518097237e-01,7.070063393191956536e-01,-4.984051529971821881e-01,-1.343160258492877013e-01,-5.681497332164415770e-01,-3.778954148909252075e-01,-2.997245609614436201e-01,-1.145732475918834203e-02,1.846651215801143331e-01,2.986688903183029598e-03,2.575455071448737865e-01,2.696197690192879137e-01,7.922140035934802094e-02,7.084096824190236341e-02,1.700465515998217381e-01,2.575095564068587972e-01,-3.402416100621747375e-01,-1.911216796643581406e-01,1.321817514072670674e-01,8.656690572210705426e-02,-7.377000153637473800e-02,-5.432020257988138395e-02,-3.224682530536007730e-02,2.104751837113743584e-01,-1.085779264116262521e-01,7.517005473490090406e-02,1.600352442880288995e-01,2.634917249109924309e-01,-1.331782156678525952e-01,-3.609197433328280025e-01,1.314088727026957448e-02,-4.209211965454861537e-01,-7.739971979096819943e-02,6.304675998015057958e-02,-1.003013727768353180e-01,4.133334470868086502e-02,3.321823322697141645e-01,-1.261025377206715092e-01,2.624355461280534763e-01,-1.848371968650805164e-01,-7.016283417059500371e-02,-6.746939947661555192e-02,-2.419304941566299827e-01,-5.183179444613595921e-01,9.433252147631124296e-02,-1.477621695701625548e-01,1.599268276511856823e-01,5.737075310522080605e-03,-2.127088659382135594e-01,-1.404501660449458955e-01,4.410182653818206511e-02,-1.030503986035853775e-01,-2.174846897005181245e-01,-1.275565690727784585e-01
-2.827250835469251600e-01,1.409293924511033358e-01,-5.258954139424395491e-01,-2.840167975413280255e-01,6.297032888796585404e-01,1.534759257295237322e-01,-3.822174167288967528e-01,2.031455401806690209e-01,0.000000000000000000e+00,2.746348893750442111e-01,8.942569948157794157e-02,3.530624011083413616e-01,-8.543247392979944066e-02,3.435580570320195259e-01,2.666928848633475235e-01,9.662837641640287245e-02,-2.995577468471452010e-01,-5.317366924579958187e-02,-5.583796439745197793e-02,2.222541608363915455e-01,-8.202786451163926462e-02,-1.119027139040192076e-01,-4.851592341400832176e-01,-5.583056873468957848e-01,-2.565490221258003856e-01,1.169297660106509706e-01,3.213650513180729140e-01,4.490073999651061215e-02,-2.027755021781386113e-01,-4.224879223013348895e-02,4.092841218243463142e-01,4.416470397186939012e-01,-3.507370137090090600e-02,1.041812681900338156e-01,2.102136086376005415e-03,-5.833787372108511539e-03,-1.687530000125147811e-01,-3.302752869880212216e-01,1.606465753413937464e-02,-1.346843731496248364e-01,-2.118228531832156564e-02,1.185083376052541724e-03,-1.508844980676020409e-01,3.138147199794402015e-02,-8.202837004460873660e-02,-9.685999542767489978e-02,7.380439462875476586e-02,-2.830839462277066620e-01,3.399636965054411708e-02,-6.547999057537702561e-02,-1.380776951318450629e-01,-2.723447124206632708e-01,4.780038291028226166e-02,-4.974839396640459155e-01,2.494662371504110521e-01,-1.479567434610289112e-01,-2.546851559665188058e-01,2.279339304361580887e-01,8.560557941892658895e-02,5.255551089593619718e-01,2.082162094557619414e-01,4.172871532495876501e-01,4.313151154655329722e-01,4.147958929847948562e-01,-7.319062794770914322e-03,9.618845613158578944e-02,-3.354005028492328469e-03,8.965595917204921550e-02,-1.514945189565866102e-01,-1.797201462711542699e-02,1.234966385034523689e-01,2.344432317338591976e-01,1.840558648341416026e-01,1.952179611916622370e-01,4.188406511096574229e-04,4.829365845216009034e-02,-1.798288071666028776e-01,1.330323639759829757e-02,-1.053867101112771626e-01,-1.500364419197379451e-01,-8.175081172861189960e-02,1.407993878100189944e-01,-3.773830076438453029e-01,4.989835069382288213e-02,4.158535773610088637e-01,1.391266487559691956e-02,3.267981428379890252e-01,5.625987665938007032e-01,5.072207133602198992e-01,-1.848516276297506311e-01,1.357279222361499615e-01,-1.724431580376147022e-01,-6.624594462675717499e-02,-4.079519830296992056e-01,-2.181679696917407929e-01,-1.750833441392806583e-02,5.221085734114582627e-02,7.602171777973149025e-02,2.776152647433244858e-01,5.443281666011140496e-02,3.743895640376626033e-01,-1.789900097019377079e-01,4.278816842762618311e-01,4.994501352263844840e-01,-7.634638900545184792e-02,-4.007931358405136812e-01,5.728407853133364591e-02,3.196885100700396776e-01,2.465029812259702385e-02,-2.555306211142350792e-01,-1.645595519334270007e-01,-2.956004472084544088e-01,-4.021780788991156097e-01,-2.199786104336837467e-01,-2.892368711976607831e-01,1.920000804193650601e-01
2.204056473826059848e-01,2.571486327918604160e-03,-4.115717664748091975e-02,-5.204357742906120035e-03,5.270076759382839038e-01,5.486474567724738405e-01,1.216336756779905354e-01,-2.401271566013212302e-02,2.746348893750442111e-01,0.000000000000000000e+00,2.669616045823766104e-01,5.580139927722439774e-02,1.220428604707558540e-01,1.128686137930898052e-02,1.959552260443357119e-01,3.708495776312145109e-01,2.670737082791574957e-01,2.436802919576732396e-01,2.157021903224003168e-01,1.311206983220037370e-01,4.143298456205588010e-02,5.213987823493625162e-02,5.357417881386358771e-02,-9.538566691281782917e-02,3.813540354379993946e-01,5.410907805392016767e-01,5.857603700923369461e-01,5.370595480273452349e-01,2.533142921744319653e-01,2.581553497912071893e-01,4.026645313786232361e-01,4.756636258445077758e-01,2.944462887852644095e-01,3.048222794034345373e-01,1.628012739561424116e-01,9.781089712403631675e-02,4.030737197209369183e-01,6.123662802092071089e-02,1.914971484356952636e-01,2.879439231248968056e-01,3.885807789601515294e-01,1.901950813588241251e-01,-2.884089202273805506e-04,-8.214607904226096935e-02,-4.608074173305146126e-02,-1.185931651836144712e-01,-1.023052173668894012e-02,-1.412467266418123979e-01,-2.574556197714626959e-01,-3.679507533032385092e-01,-3.448527305149238775e-01,-3.846939984496917098e-01,-3.373624433421528179e-01,-2.212127614038791878e-01,-1.304446838205755022e-01,1.218732251927794052e-01,2.523176808530028237e-01,1.039487514880298030e-01,-1.680616133857582364e-02,2.139010532531972555e-02,1.783463488779784764e-02,-9.126053358644168473e-03,1.056360332046857031e-01,-8.390872222054039653e-02,1.125254918917415192e-01,1.273176871317052150e-01,2.391244599830648077e-01,2.325238450086874187e-01,3.418429238674478565e-01,2.523735026968192408e-01,3.293922719170314095e-01,3.036591899316646859e-01,3.763463550740626662e-01,3.174572992694414397e-01,3.710597830132194019e-01,3.271459693030464022e-01,-9.054678859023025661e-02,-4.627827011160290382e-02,1.767991465663511508e-01,3.338699807547442777e-01,8.044755835880382233e-02,4.034377635515308813e-01,7.713075481373710129e-02,3.015895928265691084e-01,1.083862371396981522e-01,4.137263385229832113e-02,2.407892087015597316e-01,4.319643304349885526e-01,9.918276859429668232e-03,9.564632730299524321e-02,-1.848264339465638117e-01,-1.340482683789809559e-01,-3.333352818704766185e-01,-1.221102269971153093e-01,-1.388887498149223299e-01,6.237565856281773735e-02,-8.815142949068154044e-02,2.381747807212256096e-01,-2.893245546328951368e-01,-1.302282433647932725e-01,-4.082823282124736219e-01,-1.227681025553861299e-01,-8.942184650066149071e-03,1.470573467488578423e-01,-1.447873178765975155e-01,-5.234974448869113284e-02,-2.737520291087232605e-01,2.889535609932668558e-01,1.787017539366997088e-01,8.003291880592387775e-02,-1.027450105465382846e-01,-2.765799857792734517e-01,-2.226721771662464322e-01,-1.756966329927421022e-01,-7.836644738636266982e-02,6.517942873384902081e-02
4.290480262441146442e-01,8.661610634706039605e-03,2.830067794774269174e-01,2.484026780103027465e-01,5.328397800921966937e-02,1.510105864337061288e-01,4.737841780601332875e-01,1.136724082257911106e-01,8.942569948157794157e-02,2.669616045823766104e-01,0.000000000000000000e+00,3.283620851882468883e-01,7.922965207279059063e-01,4.201011673108002165e-01,4.703018309870651836e-01,3.847409086226761255e-01,1.498118172486165856e-01,1.534786432822292102e-01,4.861231590944722347e-01,-2.618493284791715073e-02,-1.789914675574947323e-01,-5.350925429984079718e-02,4.103398633539372398e-01,2.704071269316266624e-01,1.911316016448584565e-01,1.075499305727374011e-01,2.077057904181350001e-01,1.920975815487203364e-01,1.276324648168592202e-01,1.775637040970679814e-01,3.215783971881209791e-01,3.987838944292519394e-01,4.723280434602767919e-01,3.056406465992265731e-01,2.473898609751347399e-01,1.258985499558966381e-01,1.617832212373305489e-01,-9.142225146703789052e-02,-8.961559009768836626e-02,2.829760652524320186e-01,3.509367399719947045e-01,3.228302830058322748e-01,-2.531957862193678355e-01,-3.200831044048602081e-01,-3.389872439737277032e-01,-4.460910199042831814e-01,-3.427261037771218710e-01,-4.736954109795290524e-01,-3.574918961690322083e-01,-4.315767437795548500e-01,-1.239092750113148650e-01,-2.326053576377549725e-01,-4.614936796116276829e-01,-1.760086151920655928e-01,-2.167702485314185190e-01,2.320743403413745021e-01,3.035873115307031189e-01,7.910639327036449175e-02,2.316172200651634983e-01,-1.100814919500679584e-01,5.853910141795236610e-01,8.395245217642159641e-02,5.962771475219781347e-01,1.322924747374739918e-01,3.711447026434273599e-01,2.862010049601466100e-01,2.214879044773689076e-01,2.357978516454980189e-01,2.391470505664729518e-01,1.500168226867786836e-01,4.537399705604888700e-01,4.977164983289908973e-01,4.738713458946466894e-01,3.629838656850382650e-01,4.079437016037793517e-01,4.086369831524010454e-01,2.936296526666020146e-01,3.331312998757335886e-01,-1.726659372386600000e-01,3.871030157803206917e-01,-4.158125854899914070e-02,4.836285125704554155e-01,1.873709140055591915e-01,1.843762910974548197e-01,5.778889057489584591e-01,4.985886567451564555e-01,1.901056075442231486e-01,3.416331907291629832e-01,-1.193138706699653842e-02,3.113787963015436366e-01,-4.017443433102063088e-01,-3.307303689134870051e-01,-3.919452537057084296e-01,-2.381408524716377706e-01,-2.526254603544287880e-01,-3.017587799914709379e-01,-3.036399579009265159e-01,-1.019751055543105800e-01,-3.006925033362610744e-01,-1.402193408234350958e-01,-3.873775025038175834e-01,-9.393740140127540550e-02,-4.396197515887831919e-01,-1.620902044373460638e-01,-3.740869119595259806e-01,-1.938163508236395716e-01,-3.520144999121389562e-01,1.408058182666260989e-02,5.448429108177147567e-02,-1.360091894259169709e-01,-4.418190390224171482e-01,-3.834819435406427446e-01,-2.034140243918085011e-01,-2.538665438001812547e-01,9.403823455356419281e-02,-3.715245454515659906e-01
-6.200405530902013823e-02,1.386421306357637218e-01,-5.278360536724144847e-01,-1.577786017024259135e-01,1.799183797837178023e-01,7.080288323847401533e-02,-1.845321374505227430e-01,6.832967263550697723e-01,3.530624011083413616e-01,5.580139927722439774e-02,3.283620851882468883e-01,0.000000000000000000e+00,3.166259839114192176e-01,8.329394536888551359e-01,1.730743354425605118e-01,3.759082653787755857e-01,-5.705533575037704391e-02,2.116040301502931098e-01,-4.809131201811561729e-02,1.534764479892672395e-01,-1.680546345202164615e-01,3.661078093448075221e-01,-3.930329482841057320e-01,-2.829720402290897829e-01,-4.963153184933558615e-01,-1.785610126291674038e-01,4.214553827885016840e-02,1.143161164541688785e-02,2.164610871148063831e-01,4.004388480277040752e-01,1.186472937510640452e-01,1.172850339698059130e-01,1.360360577592034485e-02,3.479820141802282552e-02,-4.167299184462582295e-01,-4.525061344070701042e-01,-2.964391029933230448e-01,-3.848285597947408432e-01,-1.903357541501181915e-01,6.381838925905243022e-03,-8.726722922058141596e-02,2.287555651018806924e-01,-2.588615217207772545e-01,-1.360311357289331917e-03,-2.696431935862825258e-01,-3.055496161578437619e-01,1.541355052361169375e-01,5.073999113946537493e-02,3.218486861913292252e-01,8.787990872797471487e-02,3.861075207786306973e-01,1.520583640346268584e-01,2.683452313456907157e-01,-6.416969089988144859e-02,4.913723893219728578e-01,3.359565009424577142e-01,-7.233295520869341411e-02,4.250056653583449418e-01,2.058214462833033442e-01,4.974020275505673938e-01,4.249165569934857389e-01,6.527500650755968525e-01,5.257923362701070191e-01,8.060894134341135553e-01,-3.728784261347778406e-01,-3.005725292952445837e-01,-5.260345177320758792e-01,-3.954645973963027972e-01,-1.992846708441214088e-01,8.043987156692476714e-02,2.534265529096333402e-01,1.487226450807106748e-01,4.565693551474213074e-01,4.956654658642766775e-01,1.920091783520662121e-01,2.861762673266694534e-01,3.117702905408126224e-01,4.540681189720783828e-01,-2.098290746282820696e-01,3.119834876773599011e-02,1.514345965664726512e-01,1.032333264615817731e-01,-6.033010142299299883e-02,1.396882152184636128e-01,1.689253663823680196e-01,1.167774977365532568e-01,2.276333893408397091e-01,3.910789296557116712e-01,2.787998802572355106e-01,9.540106060281219880e-02,-2.317386765817721073e-01,-5.838797353488878183e-01,-2.629738030295898366e-01,-7.266099279639989250e-01,-2.578777015857817712e-01,-6.447459346847664308e-02,-6.640076813446244008e-02,6.113479084351657739e-02,4.783851651976125385e-01,3.011945045646059662e-03,2.852887871058312763e-01,-4.653101327962561040e-01,1.187821563675194037e-01,3.457963667842920558e-02,-3.672472168842400575e-01,-6.488116119980007479e-01,-6.052326589027478415e-02,-2.716724456617468017e-02,8.898340325064918455e-02,-8.899079031900218595e-02,-1.928200685394619585e-01,-1.859062053961475225e-01,-2.902265757896772547e-01,-5.069351530795223465e-02,-1.594557042562156912e-01,-3.098560737911756902e-01
3.501629399796424291e-01,-9.306975264780904117e-03,3.468199124503669184e-01,7.950398486540904974e-02,-1.297136738661937017e-01,4.148572278265883623e-02,5.192657319289945006e-01,8.009917766047498777e-02,-8.543247392979944066e-02,1.220428604707558540e-01,7.922965207279059063e-01,3.166259839114192176e-01,0.000000000000000000e+00,4.182455323145298220e-01,4.515233836420429192e-01,3.996164646046184155e-01,9.277731909333869487e-02,1.597505944398979472e-01,3.299028817531153290e-01,-3.857416768934091716e-02,-3.155414343956072787e-01,-3.229090014582308710e-02,4.795651997920196696e-01,3.342162272593457994e-01,1.164440544206814115e-01,-1.776108778967036284e-01,-6.495466943950224670e-02,6.747596613558072554e-02,8.187796725179630197e-02,1.710478528526364339e-01,5.738928984161655728e-02,7.041768089308078626e-02,3.027396484855399139e-01,5.314736124750391727e-02,1.781590103910826450e-01,-5.582849562582768710e-02,1.126190587965760354e-01,-6.628320371839437064e-02,-2.367923922136508652e-01,1.275391231758678245e-01,1.914473743590536792e-01,3.421790772405118863e-01,-2.145654913747651049e-01,-3.404402875682936425e-01,-3.408147467298296429e-01,-4.968341881159477613e-01,-2.717818406748520044e-01,-2.984656510337361235e-01,-2.189512849292669927e-01,-2.835512234104093365e-01,3.407829146619095750e-02,-1.055392229092385614e-01,-3.763810955108012890e-01,5.800676229929616068e-02,-1.675536741867037216e-01,2.211884198105580068e-01,2.557065845785491121e-01,7.127862991136316162e-02,2.588881121076563874e-01,-2.437647259750932160e-01,6.399310902532520107e-01,4.209867640133862360e-02,5.195210735382943534e-01,1.673571115897077577e-01,3.821741542559518034e-01,1.291373972360326805e-01,1.959019858477915703e-03,-1.166279204924495216e-01,1.032342465772395634e-01,7.795900164610334183e-04,3.211056031734274008e-01,3.869736692701219449e-01,3.942508491010657257e-01,2.918528807258007896e-01,4.037921620342529438e-01,2.898000841178779985e-01,2.722893240976316243e-01,2.842008049631575828e-01,-1.680041654810101592e-01,3.034124708994496156e-01,-1.669229440357242467e-01,3.124414883468564219e-01,9.148894216647335265e-02,1.188479175704654917e-02,4.389713786678527963e-01,2.911174400731100786e-01,1.780666597174849694e-02,2.277591064448259983e-01,-3.055862278597133545e-04,3.087031251846714675e-01,-3.658027427516816199e-01,-1.665562758770072760e-01,-3.422760282538040988e-01,-1.108252424433294608e-01,-2.398341834973179154e-01,-3.455116794310082451e-01,-3.061963469896087919e-01,-1.997395830148825935e-01,-2.734146215868207830e-01,-8.770513166443687225e-02,-4.310573150200233128e-01,-8.096678287850590100e-03,-4.638184449035577250e-01,-2.537559103159368612e-01,-3.382987012528369530e-01,-1.135926093126405911e-01,-2.617056453389765003e-01,-1.854809691553904183e-01,-2.894401879342123427e-03,-1.268483400050664511e-01,-2.549253245124656342e-01,-2.086458636310299652e-01,-9.657727839900849889e-03,-1.339102409972957597e-01,1.827889715477327426e-01,-3.692353703150039190e-01
