0.000000000000000000e+00,6.765309804688787176e-01,6.662529918012216612e-01,5.663866361585343512e-01,-4.741811725146190953e-02,-5.858786691821248060e-02,6.213578937916234279e-01,3.182523310173181463e-01,2.565828640915927550e-01,3.099111383380533380e-01,3.652413683519095677e-01,2.713499519618352562e-01,3.714676159129877142e-01,-3.010603715718531900e-02,2.742769637791067638e-01,-7.276990799709674718e-02,5.632232395145009979e-02,2.027436545588240102e-01,8.538172423859119453e-01,7.486443017802553168e-01,-1.623607024989742187e-01,6.976482716734722089e-02,4.226522964221505196e-01,2.119320782125384273e-01,-6.908400880996556914e-02,-1.062771776346951996e-01,-1.705361874469670525e-01,-8.093941725876210858e-02,2.710082057533076405e-01,1.405365303483981643e-01,3.138744998503414929e-01,1.130737787384783755e-01,4.251461459013313182e-01,1.688754683744902452e-01,-1.404331505132814795e-01,-3.353243521273329142e-01,-3.326390414492375047e-01,-3.897057195845353705e-01,-3.820408771977936158e-01,-1.805064705069963638e-01,4.492907621956011843e-02,2.917462799380913727e-02,-3.970788297428534119e-01,-5.078346179179293873e-01,-3.961020634615979863e-01,-3.671909516647158811e-01,-5.972009149902797187e-01,-6.677374602576258145e-01,-5.092658264103412380e-01,-5.393607440679220044e-01,-5.204084039363635616e-01,-5.141430302831361265e-01,-1.231089298181493458e-01,-1.889154898091841561e-01,-4.343088383751986248e-01,-4.936059187126577985e-01,6.917184873289804470e-01,5.176498512132937657e-01,3.066311743444958826e-01,3.319570988121980232e-02,1.626430923505163550e-01,2.583312810444671551e-02,1.225599323899427854e-03,-3.840472811715917034e-02,-2.130704939108581664e-01,-3.921634013345868808e-01,-4.307818206594496435e-02,-3.470407378178265723e-01,4.880445047007486714e-01,1.775994903495459465e-01,1.855852161810831458e-01,1.325729854247620076e-01,-1.290101707328354663e-01,-2.034860906079030418e-01,-2.825838876577448436e-02,-1.748974503667801716e-01,5.602498452189142580e-02,-2.300772822482619745e-02,5.653236462701727999e-02,-1.525612402790402396e-02,-1.293397114936034598e-01,-1.419050211392600125e-01,-2.600223102742349468e-01,-4.177997170578792163e-01,-1.462616031494731184e-01,-3.978499364099365998e-01,-1.728303498202458099e-01,-5.315030265496274442e-01,-3.081930960617820098e-02,-2.819948061798098204e-01,-4.449188104107163477e-01,-1.828780649809061964e-01,-3.956599082144641732e-01,-1.794654188699258135e-01,3.740567515476526245e-03,-1.950925256037824851e-01,-4.993503007827515550e-01,-5.541012287431560379e-01,-5.709758144426122506e-01,-5.119133278428126266e-01,-2.370000851980142986e-01,3.216818757864617906e-01,-1.403281012663221972e-01,1.269822031125032447e-01,-2.378822864372512336e-01,-1.465419779799440603e-01,4.691348351004455686e-01,2.890276983031184743e-01,-2.217508081118316488e-01,-3.437092457819994062e-01,-5.519916583491812911e-01,-5.556346788873931519e-01,-5.422735574328579888e-01,-3.076507618992067039e-01,-1.478513060861313122e-01,-7.194899191007854411e-02
6.765309804688787176e-01,0.000000000000000000e+00,4.751923167023393013e-01,5.404338368340874110e-01,-1.195509534215374037e-01,1.046073285565473354e-01,3.126011585662915038e-01,3.411993647629237847e-01,2.371309588860569251e-02,2.340777519142699936e-01,6.750915198155665875e-02,2.478287139821184204e-01,9.683014374945857206e-02,-1.630392875652791548e-02,8.834956648801635393e-03,-3.112379168121818390e-02,6.435750539909734780e-02,2.831629365683899224e-01,6.520395914277190563e-01,8.652345322748564715e-01,-2.386524868939233213e-01,-9.348999695398355070e-02,3.182683659842003854e-01,2.714879087426945170e-01,-5.765203788092518322e-03,7.920388367343630942e-02,-1.494230996802158040e-01,1.048910949603343344e-03,-1.021453458429534208e-02,5.870588297288236584e-02,3.039852907639908897e-01,2.186931913966510543e-01,4.175705640413464037e-01,4.022219846443675917e-01,-3.745988602321487226e-02,4.053168921386406803e-02,-4.065878039532960786e-01,-3.297623642245318676e-01,-2.963354243899909979e-01,-1.085160899180453442e-01,-6.754197683677223840e-02,-6.438467712361319040e-02,-2.611540004128383163e-01,-2.725188813915891406e-01,-2.434940410643555153e-01,-1.592904128680221743e-01,-4.720841381729227182e-01,-3.870933890648089459e-01,-4.215156199797756575e-01,-3.289893722997282999e-01,-6.025708744529104655e-01,-4.610797632736030605e-01,-3.774448176865965454e-01,-1.964494309273089045e-01,-4.979036913219083704e-01,-4.936107198800525619e-01,5.907374496068417136e-01,8.471158728727979925e-01,4.944410059450563694e-02,1.541264779588163991e-01,-1.567698143445208914e-01,6.502348591610208894e-02,-1.535948868805653567e-01,1.405785014961493384e-01,-2.937873911562429163e-01,-2.575133319811999111e-01,-3.547621698412942171e-02,-2.675656399107110422e-02,5.416320657983580977e-01,4.001409484538545058e-01,7.358257116963376476e-02,1.318380172525092930e-01,-3.157970373365466821e-01,-1.492974274906246623e-01,-5.493025535023889072e-02,-1.344370942593556550e-01,-6.314475267358553301e-02,2.723973158889746865e-02,2.384748867993044530e-02,-2.288779132101532304e-02,-2.120976494215435770e-01,-7.544192405656002798e-02,-2.183581583378987334e-01,-4.392246409386519335e-01,-3.075609902626526559e-01,-1.609121793981475035e-01,-1.900611247443968199e-01,-3.866023971812153626e-01,-1.589715972927771281e-01,-1.073765618647932601e-01,-4.165346363956604625e-01,-1.377131774038329870e-01,-2.985466363798647826e-01,-1.757666971560800095e-01,-4.504289453742221089e-02,-1.993048327544918175e-01,-3.711483159935696774e-01,-5.240572242762044919e-01,-4.792763765938590770e-01,-5.583278083024320049e-01,-1.077631709820733169e-01,3.136644802518634978e-01,8.033152681407524157e-03,1.019395155948090992e-01,-1.548059384976397390e-01,-1.691475219205030578e-01,3.372171973168865411e-01,9.306113876917213035e-02,-1.836982420862937893e-01,-2.707618792474709712e-01,-4.727793369732398721e-01,-4.620464503471637951e-01,-4.131356598536807812e-01,-2.329973583225785627e-01,-2.186399906444141950e-01,-1.515958392508138797e-01
6.662529918012216612e-01,4.751923167023393013e-01,0.000000000000000000e+00,7.856405942186042157e-01,3.722879117816639827e-01,3.504424773957658390e-01,9.293315001020692190e-01,5.509892333018241439e-01,4.625947961572490219e-01,4.080050681006759383e-01,4.356929762419431418e-01,4.391430678311835090e-01,5.101085164577454645e-01,1.653297587964135951e-01,3.990433977910677332e-01,7.752219920820914434e-02,-2.125187842424875184e-01,-6.916841144785740303e-02,7.939691857453577972e-01,5.825910368731366251e-01,3.669618796882846701e-02,8.343985767533174114e-02,8.289434008186584713e-01,6.668398119618919040e-01,3.353155134589166364e-01,3.068256667922603653e-01,-8.654648025335917594e-02,5.143842551723720735e-02,2.230879173110298652e-01,1.240044022664431034e-01,6.688200736125607948e-01,5.809248076284592166e-01,5.621240916844484348e-01,4.460588059397537219e-01,-1.184814518542289582e-03,-2.498842080298652457e-01,-5.884799062856895802e-01,-6.592866722645681632e-01,-4.735868362574308099e-01,-3.116294126510490425e-01,-1.060891186711167139e-01,-2.135638305169997309e-01,-5.030963770128201729e-01,-5.444740562496807046e-01,-4.659785771344365224e-01,-4.737733076175880131e-01,-6.997633299360096482e-01,-7.361646097638102626e-01,-5.541566974420406577e-01,-5.806176278700220239e-01,-5.876582455404497640e-01,-5.062143678122225099e-01,-1.951866040436205096e-01,-2.729613753910256069e-01,-5.250565155483911672e-01,-6.676441980906814289e-01,1.791254376492786016e-01,3.316735920881317412e-01,3.007654478742901594e-01,8.683761074901394372e-02,2.547829168095951946e-01,9.789443990498250536e-02,-7.289719177065311084e-02,2.223868205321249680e-01,-2.556741103568552775e-01,-3.792634270354755532e-01,-1.368809727175216706e-01,-3.960300048293909914e-01,1.871821828642129537e-01,1.164836664192806306e-02,5.104903352349078327e-01,4.833951723651978560e-01,1.330553538903404831e-01,1.050568114176786971e-01,-5.607813207347018408e-02,-2.874150242322367488e-01,-6.739391608113068366e-02,-1.459985064669422627e-01,-5.890692491069206976e-02,-1.861212275139565719e-01,-3.595658069703792092e-01,-2.628263330470553272e-01,-4.920143969116941851e-01,-4.810064810171403304e-01,-2.946880107485348455e-01,-4.522723726904524510e-01,-4.266439339093289207e-01,-4.602500673263719699e-01,-3.481999116471360821e-04,-2.448391463455925621e-01,-5.459638284481553860e-01,-2.842654310601627210e-01,-5.020698340641471802e-01,-1.115069404220361132e-01,-1.326319694202109656e-01,-2.748038883589884462e-01,-6.797411271657893828e-01,-7.180389957071449114e-01,-7.128359153695846828e-01,-7.050756980335087798e-01,-4.537967695788054368e-01,2.389235114869525667e-01,-3.801458522358948100e-01,-1.061513785228882095e-01,-3.528224675010450118e-01,-2.646932541024375474e-01,3.568037098651888339e-01,1.536465810544324628e-01,-1.505952901754095130e-01,-3.650847097841491418e-01,-7.490660001251080446e-01,-6.392311100232924703e-01,-5.648465929413692965e-01,-4.474337058131442890e-01,-2.534077864462139784e-01,-9.221888478621687035e-02
5.663866361585343512e-01,5.404338368340874110e-01,7.856405942186042157e-01,0.000000000000000000e+00,2.855403903083968409e-01,5.356562696082701747e-01,7.535637223803468565e-01,8.731112810753546283e-01,4.335970034610076018e-01,6.062187407307758624e-01,1.646637046413550187e-01,6.132989823571980414e-01,2.575948057405024194e-01,4.880268964625447681e-01,1.425330702885022338e-01,2.734355913972537078e-01,-4.250371056599050457e-01,-2.531678125516255706e-01,6.240787973602524019e-01,5.994921679220273081e-01,-5.624459406934179811e-02,-1.018041140699069980e-01,5.475794502409594422e-01,7.552923965779427817e-01,2.507775555924154354e-01,4.190815209831096344e-01,-2.122332704478973875e-01,-7.049252706362159338e-02,1.881951238253751560e-03,5.881569341398081019e-02,5.002259716399523048e-01,4.940916505259423941e-01,2.722612994608082926e-01,4.250599345426185893e-01,-2.380175992232738402e-01,-7.369523829870486265e-02,-5.357822257255224763e-01,-6.068634813499254044e-01,-5.113366749207646222e-01,-3.745394737271491858e-01,-2.517124951833665802e-01,-1.820805755911235613e-01,-4.764408352152962878e-01,-5.069283416809283738e-01,-4.503701190566717916e-01,-3.919374973669840223e-01,-6.812306999086545911e-01,-7.233335913571969922e-01,-4.510197912313210211e-01,-4.530910490929473955e-01,-4.522089668331915613e-01,-3.221446123462189393e-01,-2.675858467211752467e-01,-3.074026918286251187e-01,-5.398949225686573428e-01,-6.215889891505473885e-01,8.991866677715374540e-03,3.659035682282005264e-01,2.978522688790551931e-01,3.351083855339672124e-01,1.576541977412665718e-01,4.759252975065710323e-01,-3.760132960249614187e-01,3.595623255260357864e-01,-5.033650247378019804e-01,2.938420956063081749e-02,-3.515138196696188655e-01,-1.766793120640764436e-01,9.664605268710853292e-02,-2.180941449400721627e-02,4.500038749509839286e-01,5.798753228427804274e-01,1.364688015675422778e-02,2.432610879716843588e-01,-5.703257408481249985e-02,-2.550971038270748448e-01,-3.686031469792203780e-02,9.334502486886669947e-02,-2.553976223024799208e-01,-3.635563021943230000e-01,-5.594412059336403287e-01,-3.902686806687597487e-01,-5.595431416438888528e-01,-5.822708196274180015e-01,-5.361512429568954241e-01,-2.751728837006044426e-01,-5.456687107062979658e-01,-4.972447100363256989e-01,-1.823962402001527150e-01,-2.287390200903711146e-01,-4.719367293511396166e-01,-3.857827574747971777e-01,-3.214982965115326108e-01,-1.303340406344981883e-01,-1.051091276943828673e-01,-2.688060578070453621e-01,-6.220476495383505666e-01,-6.789031669974312511e-01,-6.771473243243929518e-01,-6.948999398123105742e-01,-3.372577659464471855e-01,2.416126344848749663e-01,-2.304610303340630939e-01,-1.453541856100306895e-01,-2.684734587876329015e-01,-2.204471830959192080e-01,2.767583727084650946e-01,6.391981377732405822e-02,-1.372245150174564998e-01,-4.178187997415443999e-01,-6.814077628366397299e-01,-5.688091376152747403e-01,-4.122270316241214427e-01,-3.089863260789402211e-01,-1.269520658203211194e-01,-1.175141377440033497e-01
-4.741811725146190953e-02,-1.195509534215374037e-01,3.722879117816639827e-01,2.855403903083968409e-01,0.000000000000000000e+00,7.081119489128185895e-01,4.673120794431276925e-01,3.590853285614208912e-01,6.291977780002240284e-01,4.161886487394387268e-01,2.317624874968625404e-01,3.939384997537420108e-01,3.942969786703005020e-01,3.791258353938443681e-01,4.681879774589083887e-01,4.330828761998081755e-01,-3.425503271136598471e-01,-4.079992536962850358e-01,4.535474541697843975e-02,-1.057788822666347051e-01,3.725156141025058321e-01,-4.548687790755168853e-02,4.563203136617062783e-01,4.540458300208060072e-01,8.294338922111318402e-01,7.309266027625663797e-01,3.305989224706976648e-01,3.760111867968912724e-01,9.986902116045910660e-02,-1.465175464581683351e-01,4.730928417663008978e-01,5.417468418086539561e-01,2.523539479933448737e-01,3.778493375838489210e-01,1.265763312478294655e-01,2.366203496399402889e-02,-8.712230880196349114e-02,-9.405196047672112480e-02,5.620273952449403483e-03,-7.880412031061066747e-03,4.973138935890375478e-02,-3.518961622164234471e-01,-3.164750914295411666e-01,-2.914676044888167561e-01,-2.327468135092490287e-01,-2.323145652697404251e-01,-2.502988667768411002e-01,-3.552212797134053357e-01,-7.899981099092004411e-02,-1.122418720064602832e-01,-2.303070299437118273e-02,1.211223013249750069e-01,2.039101875711113732e-01,8.379591605365745155e-02,-1.986983810146512180e-02,-1.998795142096310151e-01,-3.985377107179851608e-01,-1.327428923799144900e-01,2.834314544803372971e-01,1.645753510317568280e-01,4.889534536610323223e-01,3.603058671450395933e-01,-2.512520064443553650e-02,3.061043380223388288e-01,-1.094309251702806213e-01,-4.192627629722872618e-02,-3.718214683671032805e-01,-3.734940810581052761e-01,-3.471936277602648002e-01,-2.828171996999287452e-01,5.752208841216772672e-01,5.394969733388121913e-01,4.359143583868311800e-01,4.145577279987653907e-01,7.104278881550427083e-02,5.787535124245481860e-02,-8.481764671409867951e-02,-4.076633955479956606e-02,-2.415617745030938512e-01,-3.452059437967939792e-01,-3.180964848049580018e-01,-1.963454741822654448e-01,-3.429481623563941928e-01,-1.475829188888754806e-01,2.286737088852210109e-02,-5.227762372298419558e-02,-2.770699118886802426e-01,2.005042571030958287e-01,3.144864564885005431e-01,1.954998397514514374e-01,-2.610326270477250077e-01,-1.089824503841242270e-01,-1.440135233668058679e-01,2.244305617141512665e-01,-2.602734337769091466e-01,-1.178293005465972515e-01,-3.724552793066544520e-01,-3.161280824397868505e-01,-2.655109990499626149e-01,-3.154915321009732487e-01,-2.993651613616643559e-01,8.460031947287575960e-02,-3.286568360850398718e-01,-2.117046419264152768e-01,-2.309604809758440680e-01,-1.923140316278797168e-01,1.250625300695280134e-02,-1.398311177455502097e-01,-2.578019240513734767e-02,-4.680297455163236198e-02,-5.074811604996344316e-01,-2.442382740976534183e-01,-7.576951681889232404e-02,-3.680725503319569047e-01,-3.309694120842528453e-01,-3.591757438006185632e-01
-5.858786691821248060e-02,1.046073285565473354e-01,3.504424773957658390e-01,5.356562696082701747e-01,7.081119489128185895e-01,0.000000000000000000e+00,3.972039522456515259e-01,6.631884326410875108e-01,4.650395572039262015e-01,5.115810842493946353e-01,6.347516598368814445e-04,4.707277676537753308e-01,1.635309464687492997e-01,4.756283126128569294e-01,1.519153540346297182e-01,4.601944512344632865e-01,-4.095043730849644015e-01,-4.300751059861759873e-01,4.638128713987690194e-02,5.490690375548982344e-02,2.250662584417017498e-01,-1.995569619554599661e-01,3.249399628638462434e-01,5.867725115367454780e-01,6.558050486953143077e-01,8.254495154043011151e-01,1.556547477897060050e-01,2.793084183334467729e-01,-6.797905601179611568e-02,-1.016435264388390880e-01,5.122499650914034142e-01,6.115535078665093049e-01,1.612764810960447270e-01,4.993439266655270159e-01,-7.423604043642414996e-02,1.919475511697626424e-01,-3.045916966164739503e-01,-1.805270903471553612e-01,-2.355893400868420973e-01,-1.013813988984287734e-01,-1.905753009634681971e-01,-3.325450904358540072e-01,-3.382880401038334539e-01,-2.442067276985357138e-01,-2.572880672289291071e-01,-1.836509156924574226e-01,-3.233577681615649735e-01,-3.490986082311535732e-01,-1.005792472656955039e-01,-6.771669125531486200e-02,-6.007817490297432533e-02,1.505233877585425428e-01,2.809877415541082307e-02,-6.966679366127413037e-03,-1.902452203742825698e-01,-2.444220544875904122e-01,-4.837882175098318083e-01,7.440547120493608280e-02,2.503232299752635170e-01,4.047009853622888231e-01,2.878090052914193953e-01,5.896479854389021780e-01,-2.920350590287170700e-01,5.076353293293323077e-01,-4.106655799054004796e-01,2.136531243157847593e-01,-5.203364082253486567e-01,-1.264604424265998728e-01,-3.369066269161406502e-01,-2.072709138800347684e-01,5.218137341547796071e-01,6.660149304591150843e-01,2.736604639595865973e-01,5.590186284467532074e-01,5.260828289678481234e-02,8.961612846395278220e-02,-1.720060676326801430e-01,1.230768231254900230e-01,-3.407649944233029360e-01,-4.363714458854407452e-01,-4.973923980716726256e-01,-3.025092054135665731e-01,-4.927070929650619879e-01,-3.479639813834047857e-01,-3.117058461284424875e-01,1.888421706163785282e-02,-4.341808616597890857e-01,1.005228830946116036e-01,1.332191950884721310e-01,2.268090481752037813e-01,-3.361322633726898101e-01,-2.962667301356159966e-01,-1.678078602321406154e-01,1.142901534026601190e-01,-2.667694615530808999e-01,-1.555919518233302157e-01,-4.291806584485455822e-01,-4.049553980373535311e-01,-3.746080199453483139e-01,-3.990967448958435138e-01,-3.214660537928264450e-01,5.266071897914621769e-02,-2.929995137914106484e-01,-2.737026620863526327e-01,-2.227099728267228351e-01,-1.651179935986366865e-01,-5.368580835868178025e-02,-2.170223546050883967e-01,4.294643654927372822e-02,-9.957421377534406148e-02,-4.887098764545351193e-01,-1.889857024875215286e-01,-1.651771655497558155e-03,-2.084369901233257549e-01,-2.105111496621888123e-01,-3.581591360855539419e-01
6.213578937916234279e-01,3.126011585662915038e-01,9.293315001020692190e-01,7.535637223803468565e-01,4.673120794431276925e-01,3.972039522456515259e-01,0.000000000000000000e+00,6.241382203199369316e-01,5.435374579237296500e-01,4.554153340611323819e-01,5.108953256753768768e-01,5.371786724468664564e-01,5.830751832569928128e-01,2.694231168589309444e-01,4.517279745072410591e-01,1.440993588462644026e-01,-2.672938643460489039e-01,-1.637694327403767802e-01,7.012024844547070090e-01,4.353811695131222792e-01,1.074863536948281184e-01,1.256449980784859755e-01,7.720485215143257918e-01,6.404321910267466444e-01,3.487428924916214923e-01,3.033387368455207622e-01,-3.247646454263789645e-02,8.140272665610640002e-02,2.637966449570413596e-01,6.028622201048692425e-02,6.142880595744502070e-01,5.551533732452690328e-01,4.703202040623381541e-01,3.808070821079298507e-01,-5.813358469631038639e-02,-2.941292450855117480e-01,-4.985908258238594959e-01,-5.937587179517397340e-01,-4.600988173808074899e-01,-3.180291276294243685e-01,-8.838703262661568028e-02,-2.547260954575165659e-01,-5.724543275764214512e-01,-6.128322734113162973e-01,-5.171131769262179434e-01,-5.264388806187724201e-01,-7.207384780038357253e-01,-7.992985434748322016e-01,-5.310755865143905741e-01,-6.044100058180946755e-01,-4.802691634054883085e-01,-4.324945344928232127e-01,-6.011731796050395066e-02,-2.247091828393216750e-01,-4.615615004211419126e-01,-6.051103680250704553e-01,6.218695909732552957e-02,1.802868422680861948e-01,3.673415778302797641e-01,1.208628119246816096e-01,4.763264752046550976e-01,2.150421819469099383e-01,3.128029557278107393e-03,2.805474571209716217e-01,-2.022728740259936431e-01,-2.945461343698109746e-01,-2.193465148833078637e-01,-4.333097383698046312e-01,1.469288382813170590e-02,-1.316388371504713106e-01,5.230780614020119623e-01,4.989401370620623610e-01,1.662997658559532133e-01,1.407364527853352532e-01,-7.239600199170791173e-02,-2.819542115156241091e-01,-4.851951427744284617e-02,-1.236704548367901502e-01,-1.252026341567725465e-01,-2.379709893616600291e-01,-3.188107756339732535e-01,-2.602723818412142620e-01,-4.840788456681034413e-01,-3.938037284654227754e-01,-1.895193860887005866e-01,-4.224423937685793384e-01,-4.416968427061677693e-01,-3.881587792654526137e-01,7.671662783605059932e-02,-2.240332488815420242e-01,-5.097697022112599452e-01,-3.185799029867569243e-01,-4.209906481372409082e-01,-7.362708665031023059e-02,-1.631818590431006466e-01,-2.924087853537049031e-01,-6.758447350270739840e-01,-6.922940649828762671e-01,-6.732899978888184922e-01,-6.376533090311674590e-01,-3.987055236382207046e-01,2.151281976278843489e-01,-3.746587559931018330e-01,-1.333067222763674176e-01,-3.599053635319782729e-01,-2.737420926136370780e-01,2.563485733944935174e-01,1.176570037644004835e-01,-1.858370309138642762e-01,-3.893482409241065811e-01,-7.402045204319839256e-01,-6.029495800258227733e-01,-4.968599025830649496e-01,-4.291962656118277764e-01,-2.552354496155384012e-01,-1.470557579962228079e-01
3.182523310173181463e-01,3.411993647629237847e-01,5.509892333018241439e-01,8.731112810753546283e-01,3.590853285614208912e-01,6.631884326410875108e-01,6.241382203199369316e-01,0.000000000000000000e+00,3.678323106387884622e-01,5.618167062983450144e-01,5.861298040414235355e-02,7.102394785077171813e-01,1.219461516791906508e-01,6.410134756356484775e-01,2.075761237674362755e-02,3.522776918471621777e-01,-4.788550777319156015e-01,-3.929118446663647513e-01,3.153380900347317883e-01,3.691181944105179635e-01,-3.676809942947876358e-02,-1.431034938844508719e-01,3.243337325170384533e-01,6.994552785387779803e-01,2.621567212368778876e-01,4.630863835960566388e-01,-1.012920819749924262e-01,1.083810071518308271e-02,-3.648915973796049844e-02,-1.472295658087449666e-02,3.313404084194198074e-01,4.640065067505478313e-01,8.033834389187727298e-02,4.217743794789666767e-01,-3.232885189732115916e-01,3.436892469177062898e-02,-4.133420780756018598e-01,-4.230946950833523457e-01,-4.512087637803816609e-01,-2.957718698814271741e-01,-3.345041260546026685e-01,-2.819879301750846667e-01,-4.945880924599654893e-01,-4.619848832983486364e-01,-4.496486933259416507e-01,-3.675939760084645513e-01,-5.780072573535834923e-01,-6.063676173930737656e-01,-3.160825918830170722e-01,-3.178743922620598239e-01,-2.219700270318195057e-01,-4.675598208655502158e-02,-1.241366672040712937e-01,-2.075123604195920901e-01,-3.931030605550318024e-01,-4.019407176450448538e-01,-2.188846147119070384e-01,2.315637654883128393e-01,3.403234826269554425e-01,5.417742838940519112e-01,3.170077681063848130e-01,7.133034824686144137e-01,-3.930065560973705074e-01,5.699050556732101480e-01,-5.756437931809832431e-01,2.743399059374089233e-01,-4.866243886698965460e-01,-5.037688426445282447e-02,-1.512218993538190226e-01,-1.492385923382692769e-01,4.240026971485212903e-01,6.023044739096248268e-01,7.012216569256847498e-02,3.864901590521055419e-01,-4.127554597820592974e-02,-1.322169308341483163e-01,-1.264210720380438135e-01,8.579048639425621015e-02,-3.842742588399335468e-01,-4.543127684088504870e-01,-5.999139339780968916e-01,-4.352221942602867988e-01,-5.705343786682791629e-01,-4.964284046526902250e-01,-5.621084171653707440e-01,-1.307517832510088907e-01,-6.491792667604910916e-01,-3.409729644070570997e-01,-1.619682145916043203e-01,-7.562710944410659664e-02,-4.092639505867188832e-01,-4.576472254453542443e-01,-2.218913216280010148e-01,-1.253808377693863274e-01,-1.184917407817013824e-01,-2.071535750091839656e-01,-4.692155930138114384e-01,-5.159820991432032544e-01,-5.102203114441227205e-01,-5.336198344770598512e-01,-2.802028389475643699e-01,1.570424803077471454e-01,-1.728795794385293294e-01,-2.054856160058134984e-01,-1.614568515873419929e-01,-1.933035218503260100e-01,1.065460604346956386e-01,-7.569015230991138488e-02,-8.874799923889262199e-02,-3.144295007978748502e-01,-5.456330236015256574e-01,-4.016582910809257667e-01,-2.180660169996767039e-01,-2.282066181689725859e-01,-1.426122095320378202e-01,-2.028469354227149246e-01
2.565828640915927550e-01,2.371309588860569251e-02,4.625947961572490219e-01,4.335970034610076018e-01,6.291977780002240284e-01,4.650395572039262015e-01,5.435374579237296500e-01,3.678323106387884622e-01,0.000000000000000000e+00,7.709038372544528839e-01,2.220533228444534490e-01,3.711229658044735702e-01,3.595091416250201233e-01,2.682788650075701442e-01,5.517778697496577012e-01,2.452751935172949871e-01,-3.210232053943112285e-01,-1.831632070451741645e-01,3.781605741601539172e-01,1.490557807209804686e-01,2.795147767809742501e-01,1.658884144683258621e-01,2.848352992016258689e-01,2.470074273768295969e-01,6.123938334047535070e-01,5.844295236940794114e-01,-2.890859135719085482e-01,-2.341459473491452614e-01,1.663537643714435299e-01,1.281784703092535282e-01,3.493688668471290337e-01,2.204265561656721106e-01,1.609683233673357416e-01,1.762588324972390319e-01,9.204662362914875842e-03,-2.399057765226732530e-01,-7.002366165452554581e-02,-2.189965269570207929e-01,-1.787395541070116167e-01,-2.080885759525346601e-01,1.196164542214201709e-01,6.261556258748507409e-02,-2.469629326794075541e-01,-2.801720205397087438e-01,-3.849775884434328277e-01,-3.595414213298339101e-01,-4.271882878921472448e-01,-5.209267182157999443e-01,-3.083573197924616149e-01,-3.543804870141224472e-01,-1.830012334574449839e-01,-9.971199294231535004e-02,1.301646313546084288e-01,3.195483356203293601e-02,-1.619673597910624707e-01,-4.975767184043951574e-01,-2.424855078599957026e-01,-1.542642399003219811e-01,4.000441779456267999e-01,1.657611345879574927e-01,4.223697178636276472e-01,2.855811923446244238e-01,-6.493298833131960768e-02,1.273799584272370389e-01,-1.093137514339531519e-01,-8.797275159451353743e-02,-2.758858538096505830e-01,-4.104251943155243776e-01,-8.111678747032666226e-02,-1.504244470316523641e-01,4.210949392992541784e-01,4.182963470397338956e-01,2.169088755271968705e-01,1.895651479786497617e-01,7.042030347972024797e-03,-3.094595613597681538e-01,2.963498752031059058e-01,1.990265286886306606e-01,-2.543303578310717253e-02,-2.010622945308666587e-01,-3.083016846318640813e-01,-2.286295330351934274e-01,-3.606666995639248863e-01,-1.685737966194739423e-01,4.881657918502423782e-02,-3.178779441199676703e-01,-1.933482408441716538e-01,-2.588254507555703410e-01,3.398542277607535800e-01,-8.780947119442913951e-02,-1.444877875100895603e-01,1.035796725263727625e-01,4.863979273018802230e-02,4.481222607479121711e-01,-2.384646907685282202e-01,-3.470139484231842264e-01,-5.682041480484660845e-01,-5.642676705788886027e-01,-4.763984670125486209e-01,-4.382270123393086081e-01,-2.021983350369502830e-01,3.858116361499165370e-01,-2.662536994151817882e-01,1.108762278986055172e-01,-2.259069305116065407e-01,-5.601530725482337797e-02,2.786533496339512195e-01,3.171652598308654647e-01,-1.843734926515398498e-01,-3.253861419255954512e-01,-5.748622546202544203e-01,-3.480188689247216138e-01,-2.318591592705083748e-01,-1.759713712688428522e-01,7.830893247066791907e-02,4.516331327196410061e-02
3.099111383380533380e-01,2.340777519142699936e-01,4.080050681006759383e-01,6.062187407307758624e-01,4.161886487394387268e-01,5.115810842493946353e-01,4.554153340611323819e-01,5.618167062983450144e-01,7.709038372544528839e-01,0.000000000000000000e+00,2.112559282871795396e-03,3.666878570571737717e-01,1.615087359756241514e-01,3.093026483790213277e-01,3.082189252371320132e-01,4.588977503504852451e-01,-3.557654378574365839e-01,-1.937432565109200588e-01,3.767465223480039316e-01,3.411089368330458282e-01,1.274340736405526198e-01,5.149696522774039470e-02,1.514995113600959842e-01,2.886210154103938663e-01,4.274513317811992064e-01,5.427825741878287147e-01,-3.246535212308270801e-01,-2.068024697437250981e-01,3.347876743898685337e-02,1.482352723240199233e-01,2.563992715098867836e-01,1.479045017304068399e-01,1.090829370767866929e-01,2.088420177264277700e-01,-1.559408748552658097e-01,-7.728324151743957982e-02,-2.002156680190345650e-01,-2.646245088360912323e-01,-3.147597470109059214e-01,-1.658578259889721684e-01,1.225032507223713409e-02,9.172590722780384065e-02,-3.180973957032158239e-01,-3.308917486565541854e-01,-4.320782993620249091e-01,-3.679195698867535058e-01,-5.044997469608858420e-01,-5.074176525858109521e-01,-4.354556815224857047e-01,-4.505958402097955395e-01,-2.464077006305727957e-01,-2.044755112835204558e-01,7.915375526799386940e-02,7.719755035844373670e-02,-2.716759976217180683e-01,-5.152857617394659417e-01,-1.670631074898794310e-01,8.603413199025233826e-02,2.954278922884972514e-01,3.053483154604911265e-01,2.290456017091308250e-01,4.522119404876526194e-01,-2.987850674133871731e-01,1.380993553391356155e-01,-3.255475006651237235e-01,1.742038655001789949e-01,-2.189480516730543391e-01,-8.245455291958835031e-02,4.208267528413366793e-02,-3.067227132688422203e-02,2.677472429948788979e-01,3.452461561473946228e-01,-6.391585133325478063e-02,1.137925969309787483e-01,9.286585697151238106e-02,-2.355256188082552882e-01,1.936835604321698878e-01,2.340618081933852623e-01,-1.192766351416503778e-01,-2.906698357065213845e-01,-4.297168456860721020e-01,-2.762421937798449911e-01,-4.017968236811706451e-01,-2.980729584471633609e-01,-2.493555434835540985e-01,-1.436946561003361877e-01,-2.476354683151922587e-01,-3.046995317246882773e-01,1.467325628841634477e-01,3.784829937835785391e-02,-8.483064483272952094e-02,-4.450759520692067206e-02,7.573756919587806835e-02,2.277866096170714783e-01,-6.649328529082221273e-02,-2.377946364700886661e-01,-5.131955247146922083e-01,-5.430234941569461737e-01,-5.256686867843506361e-01,-5.525773363523782677e-01,-1.335207558325255117e-01,4.123719490559882295e-01,-1.499782327324800657e-01,7.832570592731670500e-02,-1.974819569356588145e-01,-4.834752701832778499e-02,2.495458618324999656e-01,1.677518484131215737e-01,-1.698641138724272248e-01,-3.379829279718485902e-01,-5.121351091348594897e-01,-4.269146361380394272e-01,-2.266763376057384927e-01,-1.789628454280384473e-01,5.048115724998049336e-02,-1.184234291080937806e-02
3.652413683519095677e-01,6.750915198155665875e-02,4.356929762419431418e-01,1.646637046413550187e-01,2.317624874968625404e-01,6.347516598368814445e-04,5.108953256753768768e-01,5.861298040414235355e-02,2.220533228444534490e-01,2.112559282871795396e-03,0.000000000000000000e+00,4.448958066918537457e-01,7.942970390345316378e-01,2.621088231407567859e-01,4.905207545168116523e-01,8.280306808300138058e-03,-3.485841496012632296e-02,1.844165595144852191e-02,4.077936209034814241e-01,4.034678426230398768e-02,1.134807390946218630e-01,1.218619400811916387e-01,5.906874019083406813e-01,2.957902935120233501e-01,1.397279828080814357e-01,-5.098686000876937602e-02,7.962758343515473347e-02,8.330842499834796577e-02,2.792536584714894743e-01,-7.847441533456599172e-02,4.401909644535663135e-01,3.999795467006329597e-01,1.758723480710735476e-01,-5.279784733174030381e-02,-8.755365833038851464e-02,-4.589350340404894091e-01,-1.278542665920036903e-01,-2.889641614539191217e-01,-1.390090159645548107e-01,-5.486604181829343729e-02,1.183005635344083761e-02,-1.422324562780286905e-01,-2.289522963073370720e-01,-2.491252154699608035e-01,-1.050659771068139653e-01,-1.542032757898605388e-01,-2.791723732228487131e-01,-4.756165851886632878e-01,-2.190658194217762200e-01,-2.960252549276693457e-01,-3.148945399153803559e-01,-3.717576356038858054e-01,2.544174122584925285e-02,-1.580983927045828963e-01,-2.564008824644659623e-01,-3.298387716287890514e-01,9.260206626265188312e-02,-1.129346651193209872e-01,-1.625191658284614871e-01,-3.506026951348552578e-01,1.323434711890940918e-01,-2.264269914708220144e-01,5.677284424738758828e-01,4.521397713504307636e-02,3.439251964011026397e-01,-3.495110736460235179e-01,-1.495728767659604552e-01,-4.710653049081296451e-01,-1.361962461137455060e-01,-2.691424275693523049e-01,3.623587045101107629e-01,2.351822220514925843e-01,3.296879658298048077e-01,6.472068756495855113e-02,-1.870337490720397344e-01,-3.315093832922842432e-01,-1.943311915950372143e-02,-1.750825109259844525e-01,3.388496155339367627e-02,8.812665049730530886e-02,1.616924083354435437e-01,1.568931555204776951e-01,-2.077157740953283482e-01,4.014219740213117310e-02,3.162717172632052431e-01,-3.653405838202149480e-01,-5.646292139865990989e-02,3.990195949646630630e-02,1.900431371359085908e-01,-2.292042282718800283e-01,-2.167986252147605375e-01,-6.120473120450897059e-02,-1.730383503872036377e-01,8.399429328592181165e-02,-3.370557317032087941e-01,-2.762105916746903089e-01,-3.964402094792843223e-01,-3.582877872141870812e-01,-2.264557196146210483e-01,-1.596330854575127578e-01,-9.648344130901516380e-02,-3.624569447579276127e-02,-1.223044533468235356e-01,-1.043172154858122563e-01,-1.425061680126727404e-01,-5.228692354583879681e-02,2.911333927464856974e-02,5.864344576982057078e-02,-2.223330043794284616e-01,-2.838438170258790749e-01,-4.265186770809314964e-01,-2.029858974990012832e-01,-1.457775741790630908e-01,-1.509690760310857249e-01,-6.862515878808611580e-02,-2.895319324013365808e-02
2.713499519618352562e-01,2.478287139821184204e-01,4.391430678311835090e-01,6.132989823571980414e-01,3.939384997537420108e-01,4.707277676537753308e-01,5.371786724468664564e-01,7.102394785077171813e-01,3.711229658044735702e-01,3.666878570571737717e-01,4.448958066918537457e-01,0.000000000000000000e+00,4.706348557585006698e-01,8.188209605907457167e-01,2.563369778397608933e-01,3.903051714310627474e-01,-3.345865984895100564e-01,-9.916634481349609342e-02,2.868794851520714562e-01,2.192759796434436415e-01,5.673889785101809274e-02,-3.935596693929332979e-02,4.226901948980482104e-01,6.306464593663348994e-01,2.898195489322156204e-01,3.407381743458145484e-01,4.109612844774680057e-02,1.168121441432776186e-01,9.519590692860238623e-02,4.999543314294940116e-02,3.856766355828392667e-01,5.235670676079287045e-01,6.190517027957635060e-02,2.840208261225437569e-01,-2.986410898685784021e-01,-2.047050482269480720e-01,-2.897827427020278623e-01,-3.256517066169871688e-01,-3.247612017395042905e-01,-1.801296344808871741e-01,-1.997628298516243017e-01,-3.055076313294857737e-01,-5.155225981949077552e-01,-4.179254504858603281e-01,-4.302955979936760045e-01,-3.350952575868562100e-01,-5.088774417092442048e-01,-6.094418974244146803e-01,-3.256065620910768565e-01,-3.076655676247399551e-01,-3.250683974071132964e-01,-1.373485247594302405e-01,-5.545379108111556793e-02,-1.426550694743779490e-01,-4.228968002881532406e-01,-4.357921448640022510e-01,-1.911642425636023157e-01,1.185312537441617214e-01,8.942176787516369074e-02,2.309546200754987455e-01,2.964103236615152070e-01,4.458233538492071824e-01,5.759293127648440480e-02,6.431087947568646657e-01,-9.275797270886139423e-02,9.856803620065998639e-02,-4.705957413394482036e-01,-3.208882406729858805e-01,-2.606059761233330829e-01,-2.793905861036303229e-01,4.723109756458583885e-01,6.512183665806293709e-01,2.782630406303843729e-01,4.561042159802456419e-01,-1.999115153749168317e-01,-2.519791434307341316e-01,-5.870771484371758303e-02,7.388960068006786286e-02,-2.587769082181993752e-01,-1.854697844092181580e-01,-2.892647335238529016e-01,-5.160798950954238046e-02,-5.532821845757097678e-01,-2.424614398718731301e-01,-1.263475135614051947e-01,7.340510484065091573e-04,-5.969440985257897792e-01,-1.189006413601733508e-01,-5.449981599772089208e-02,-4.510187454794492568e-02,-3.116117224992211443e-01,-2.377655410540588932e-01,-2.280654092205420258e-01,3.213015558343313566e-02,-2.800566350714930874e-01,-3.027385533987420607e-01,-4.937351395466287318e-01,-4.989394273570547655e-01,-4.190649521301493818e-01,-4.046048378153102587e-01,-2.866418889539035231e-01,5.232129924872942761e-02,-2.168332670905045167e-01,-2.761347053147344965e-01,-2.009306347270236326e-01,-2.569353278757818826e-01,7.740801872893154911e-02,-7.202416657271946965e-02,-2.275569492033153729e-01,-3.208949666098410702e-01,-5.663817995013133988e-01,-2.515909958405020963e-01,-1.596388108063825917e-01,-2.837386668694614200e-01,-1.905789834398730898e-01,-1.776915694275026936e-01
3.714676159129877142e-01,9.683014374945857206e-02,5.101085164577454645e-01,2.575948057405024194e-01,3.942969786703005020e-01,1.635309464687492997e-01,5.830751832569928128e-01,1.219461516791906508e-01,3.595091416250201233e-01,1.615087359756241514e-01,7.942970390345316378e-01,4.706348557585006698e-01,0.000000000000000000e+00,3.033258432750782219e-01,5.236519734310789431e-01,1.251305322159328715e-01,-9.860727761796359014e-02,3.049896956112453823e-03,4.062405674229576658e-01,3.862939293098818089e-02,-4.057360601605700806e-02,-4.058557448771969722e-02,6.640456766039967151e-01,3.732768605123841232e-01,3.323484548341935629e-01,1.309129142602077356e-01,1.319552265904302968e-01,1.528654555078506339e-01,3.021880442251403953e-01,4.359009908922841653e-02,5.193154503041529368e-01,4.920610769355008851e-01,2.244545767699979988e-01,1.917927163357418738e-02,-3.996815250986878593e-02,-5.517335262415824504e-01,-2.783917856226699739e-01,-3.075033724784032585e-01,-2.451063269143153867e-01,-1.198280158681595126e-01,-1.310000008741025734e-01,-2.526078749847247562e-01,-2.913266014168150453e-01,-2.738808141318461731e-01,-2.066020170967434455e-01,-2.198014102349162557e-01,-3.212319031026062977e-01,-5.607391366958009993e-01,-2.731823637214640943e-01,-3.199901075900117298e-01,-2.641323741564603478e-01,-2.909819123921005279e-01,1.041281223836127423e-01,-4.329839771727645586e-02,-3.561580592250357391e-01,-3.755975155728601966e-01,3.744521051526727984e-02,-6.848308216460296735e-03,-1.389388873730983964e-01,-2.620865493611208019e-01,1.676700437651635067e-01,-1.758771504412580400e-01,3.352559340134917965e-01,8.708990679411278413e-02,2.784595113388486642e-01,-2.566354901460931037e-01,-2.064505771636677423e-01,-4.939358897410274230e-01,-1.506138119425120270e-01,-2.560467690597426627e-01,3.581036859003394746e-01,2.779231899392087812e-01,2.801760436977466240e-01,7.100901411493860949e-02,-9.847842015267321836e-02,-3.295933322202345694e-01,-1.970854405268137599e-01,-2.965716698671525542e-01,-2.964603350059354103e-02,2.327222642620132079e-02,6.904238061238444045e-03,9.971435069514948679e-02,-3.973416950966719430e-01,-8.695485671624843260e-02,1.658351980671717296e-01,-2.996668976708198318e-01,-2.704328003239165334e-01,8.280973043832216135e-03,7.022422144584671011e-02,-2.136512004867663905e-01,-3.541977186834008862e-01,-2.046605394790429466e-01,-2.795745154553354039e-01,3.567331976945189217e-03,-2.911012050260496919e-01,-2.127665626215243799e-01,-4.690896433911951324e-01,-4.296339347913989970e-01,-3.351423968010464050e-01,-2.393216721357791510e-01,-2.995320366132017686e-01,-5.463111110592638181e-02,-2.445817568604171932e-01,-2.101283894529843155e-01,-2.593220619128786542e-01,-8.024155338162151929e-02,9.976274946360705331e-02,-1.339486268912929399e-02,-2.793739430636175691e-01,-2.630960022031013645e-01,-5.334015170666670524e-01,-3.016816912071880186e-01,-2.568467529869241650e-01,-2.798232352822867530e-01,-1.708798922441999157e-01,-9.247273565408138662e-02
