0.000000000000000000e+00,8.610323120930210017e-01,6.301656137689292114e-01,4.142845571139612271e-01,4.219641092232376267e-02,-3.784608862940917751e-02,6.171638642600095759e-01,4.283486404121135682e-01,6.396953301313783313e-02,1.857525253423258360e-01,-2.057967956485204364e-01,2.111414813156967107e-01,-7.326776135179839666e-02,-2.656154736366275193e-01,-3.520310043986215054e-01,-5.171733083110356954e-01,-2.037775579689810324e-01,-3.456384093757814968e-01,6.593291704792562102e-01,7.285122367594522030e-01,-5.984648751825029367e-02,2.099182833055955599e-01,1.262137104686284483e-01,-7.211336656205455387e-02,1.031240771293597813e-01,-1.382155809984094985e-01,4.098095669519612461e-01,3.846579758805980243e-01,-4.890631223467121202e-01,-6.623201562494369643e-01,-1.374235846794590044e-01,-4.725172957170507143e-02,4.284993127494635123e-01,4.610260938865174962e-01,-4.580409464045155365e-01,-4.733715692720333879e-01,-4.210389138462563574e-01,-3.280428932746319859e-01,-1.486520131302885607e-02,6.235770383585045179e-02,-2.854976501449567328e-02,-2.203587466191837541e-01,-2.590791319117062286e-01,-3.722196959389427739e-01,-5.206975388178111119e-01,-3.645462709110306454e-01,-3.571905624474837615e-01,-4.288653604404551456e-01,-4.840571731124225785e-01,-4.760953264436556531e-01,-2.558349029496301275e-01,-3.109531176961866095e-01,8.819469808254486176e-02,-8.992345986687570736e-02,-1.732124912663286775e-01,-2.957654678158827544e-01,7.769357115261957825e-01,8.366023440498390196e-01,5.053038269912777380e-01,7.722016451289859251e-01,3.201250419888392318e-01,-2.495131764666260465e-01,4.361563707703879599e-03,-1.659613426402020420e-01,-4.339462760559045784e-01,-4.065762697184734376e-01,4.267756117772616986e-01,-3.438019003040667515e-02,7.392146762136685423e-01,5.088392044233170930e-01,-3.435970980745141068e-01,-2.614163773026898507e-01,-5.299164755096177348e-01,-4.968407483804435643e-01,-5.986939552102125972e-02,-4.071489421353643445e-01,-2.234959694326435209e-01,-4.163775982565334211e-01,-1.993085321415693223e-01,-3.390303399321747402e-01,-2.431079202017722152e-01,-6.682528345215881238e-01,-5.748960907359418337e-01,-6.118103639755343437e-01,-5.646304357289125830e-01,-7.738439748954638597e-01,-1.489021283785121053e-01,-2.528029649275312929e-01,3.388141149706244137e-01,3.058613775797771051e-01,-1.345313412221889049e-01,-8.193201409633571464e-02,-1.039349841811174058e-04,1.928190619736499523e-01,-3.235541684683942432e-01,3.752876571130317473e-02,-6.451531394868992297e-01,-7.216352377327011069e-01,-4.154409208051062508e-01,-5.609259843280433033e-01,2.917288427927138272e-01,2.674154755016043827e-01,1.618294582441228147e-01,1.520537361855396064e-01,-9.505592122015477097e-02,-2.573918311350803512e-01,-8.055660556781445159e-02,2.415198606868426690e-01,-4.176817593970069686e-01,-6.484181952437408913e-01,-6.697712057648054218e-01,-4.707037571468029591e-01,-2.304957000729719319e-01,-3.686709761391592788e-01,-3.959241191784601543e-01,-6.452686652608092821e-01
8.610323120930210017e-01,0.000000000000000000e+00,6.436182536064267712e-01,5.537789610742083202e-01,2.187615780113204844e-01,2.009199979637908695e-01,5.177864311459360325e-01,5.685880485684070562e-01,7.387005652075258680e-03,2.578169325046051341e-01,-3.622043815192174665e-01,3.047025648321991312e-02,-2.397595211553900652e-01,-4.348194560474964443e-01,-3.421721123132580034e-01,-4.082434011035417365e-01,-2.605772008080666224e-01,-4.303354985195237403e-01,7.038739709839098024e-01,8.442794346554662877e-01,-3.535633089320346784e-02,1.948722071336288775e-01,2.406702062044192847e-01,9.379198087935056161e-02,1.000067019299712562e-01,-7.969969861655398780e-02,5.620233759009339858e-01,4.746561113672400634e-01,-5.539399426484223898e-01,-6.955507215561409495e-01,-5.281162810438418120e-02,7.024576514048114229e-02,3.306099405956918758e-01,3.902391163540195329e-01,-5.907990321282448054e-01,-6.313729246162557152e-01,-4.472003207738904362e-01,-4.048783522181206296e-01,-6.945449370595498106e-03,3.195570559567047914e-02,-2.683876692718211929e-02,-2.769121419425202846e-01,-2.443083015885181564e-01,-3.110745120390870366e-01,-4.945449387765430416e-01,-2.854500947985540993e-01,-4.166599490010282070e-01,-4.287802068847083592e-01,-5.634561159069445546e-01,-4.262921880649886419e-01,-2.047727427645939235e-01,-2.707018635717539090e-01,8.222179033375799639e-02,1.059822147055479863e-01,-2.268120654453905094e-01,-3.907447471874326284e-01,7.796284365571478636e-01,9.279353462872607095e-01,3.068253520621276320e-01,8.123054158713282069e-01,4.173870719355473463e-02,-1.632370124940795419e-01,-9.297671679977193016e-02,-1.248240505427174601e-01,-5.954875302342957921e-01,-4.811385014764428814e-01,2.091966633218051430e-01,-1.758762692160898700e-01,8.014580845966042810e-01,5.843300099595001296e-01,-3.675509176557989477e-01,-3.662487572373310241e-01,-5.459131890439848922e-01,-5.490388333079891936e-01,-1.041434900884490311e-01,-4.574590928213517760e-01,-2.068469000166467398e-01,-3.029044334647331138e-01,-2.493018180448158816e-01,-2.882405499517303737e-01,-2.337704985063933094e-01,-5.930150412589976217e-01,-5.792173245778926560e-01,-5.659898680462167597e-01,-5.343927964526465901e-01,-5.989494268354134121e-01,-1.835856313885860999e-02,-9.741850559362175144e-02,2.229657204529335024e-01,3.621330573906563211e-01,-5.738159881636069326e-02,-3.697775382339214129e-02,1.238593930259079823e-01,2.341647816019757355e-01,-4.754018306136930105e-01,-9.467123491761160470e-02,-7.426368538966799937e-01,-7.832295650504806916e-01,-4.441441369862218491e-01,-5.540813386061814727e-01,4.041180708712333591e-01,3.040344225592779281e-01,2.644032375366522913e-01,2.467566440459952881e-01,-1.933056315775476958e-02,-2.377353068819841597e-01,-1.958688651844280038e-01,2.480515608099554958e-01,-4.246756551475129315e-01,-6.725750113977488898e-01,-7.099185011804007850e-01,-4.298210617759433694e-01,-1.308995971063192654e-01,-2.874442838569326586e-01,-2.896112081152223405e-01,-6.023230582463050542e-01
6.301656137689292114e-01,6.436182536064267712e-01,0.000000000000000000e+00,7.472994374115629057e-01,3.054058650136401987e-01,3.302160235745636996e-01,8.807535607438362613e-01,7.274248616997444072e-01,1.572214708481978196e-01,3.330365231359344036e-01,-3.629841369221292191e-01,-5.301046435350588448e-02,-1.318766146850479104e-01,-2.574256094000474948e-01,-2.005280276832027697e-01,-2.862474800775530182e-01,-5.221813023021903977e-01,-5.010894177240244884e-01,7.353732558543216724e-01,7.574810131353769682e-01,6.855198555665369120e-02,1.324689090724981144e-01,6.357844386274090764e-01,5.005490557562757292e-01,1.599282723513641147e-01,1.226530337448323571e-01,5.046560778007841419e-01,5.118309344249843962e-01,-5.778541489987437663e-01,-6.925378398981889561e-01,1.487148123662428434e-01,2.640098689987478986e-01,2.384949008006253812e-01,3.069652609783002917e-01,-2.688033302386208523e-01,-4.894471540505120899e-01,-4.307265045975123274e-01,-3.816327127844745259e-01,2.542785500141597765e-02,-2.173143822559732777e-03,-3.917739800620513579e-02,-2.307143532875802205e-01,-2.068721558178352460e-01,-2.952754993306048181e-01,-6.789775629329659612e-01,-5.812267713678691550e-01,-2.506649491887858461e-01,-4.010329357938686723e-01,-7.478614337827282910e-01,-6.458971535051968305e-01,-3.997049820237585926e-01,-4.394483457935696724e-01,1.188397134875291694e-01,2.125184903411182422e-02,-3.753137383347272121e-02,-3.077378832037954703e-01,3.312955970097801739e-01,5.073072901409314550e-01,2.944711930959954468e-02,4.308447762480541177e-01,3.275993329410818028e-02,-1.578113096543875549e-01,-3.575246809784667357e-01,-1.085182375730739113e-01,-4.427256138915636186e-01,-2.994317053512677851e-01,5.159649186906974105e-02,-3.271838960079026526e-01,6.263719775400019563e-01,5.833040287866833040e-01,1.084270415524829362e-01,5.312461665483343004e-02,-2.796177964427764562e-01,-2.595859065273310451e-01,4.821639373374268789e-02,-2.560763252534687395e-01,-4.598704241041041280e-02,-2.454322073056686149e-01,-4.044612534888394340e-01,-3.372198490963268513e-01,-4.007955927140364194e-01,-5.104805003749208758e-01,-4.431974703678146499e-01,-5.892231116462917084e-01,-3.823166170961769250e-01,-4.234457098186140134e-01,-8.611592599866473019e-02,-1.282462383270473738e-01,3.922355855852318607e-01,3.898305858250256106e-01,2.194929797514301451e-01,2.567190506388374871e-01,3.766546466811349636e-01,4.487192553125680661e-01,-2.341360309552814323e-01,-2.800366883611668523e-02,-4.749143363810028884e-01,-5.221583950518431383e-01,-2.152727928720103712e-01,-3.048100261543256195e-01,3.287046004365561380e-01,3.166736861299079275e-01,4.040578758784498653e-02,1.580905213719635202e-02,-1.062066938423505691e-01,-2.344410369193271615e-01,-3.661064480101625107e-01,1.202886098116818722e-02,-5.822744780597455261e-01,-6.492383020842745767e-01,-6.309116294534481417e-01,-2.981732175188240297e-01,6.132291104571555712e-02,-1.099414896487266174e-01,-1.185320038798683695e-01,-5.062806877142073114e-01
4.142845571139612271e-01,5.537789610742083202e-01,7.472994374115629057e-01,0.000000000000000000e+00,1.606441422241119410e-01,4.359403634365806024e-01,6.242513016441706419e-01,8.074338292996263711e-01,-7.539935881704791509e-02,1.880029050217101316e-01,-5.616228754455581118e-01,-2.348438749825275673e-01,-4.760702499060482928e-01,-2.536759815923415040e-01,-2.794522380356703750e-01,-2.994798931805921494e-01,-7.132366585707248241e-01,-6.359228866199573282e-01,7.241861467699336474e-01,7.718790002333852929e-01,7.410038841512626810e-03,-7.633736636476515236e-02,3.522933407177408216e-01,4.619591573166534348e-01,-2.201746944020061270e-01,-1.938003308672335556e-02,3.452999837250768644e-01,3.933664070376806099e-01,-8.007508226678078378e-01,-7.841304407149410904e-01,-1.214760053492676545e-01,-3.298170411453945489e-02,6.912996262000588310e-02,1.370185337212765087e-01,-3.854994438369480081e-01,-3.982123048395405096e-01,-2.729765770186053930e-01,-3.651903914447960919e-01,5.293999930009497812e-02,-8.048583213824567206e-02,1.294198883046245550e-02,-1.899448469005434459e-01,-2.512510245256283775e-02,-5.763142291419491581e-02,-4.496600449398406307e-01,-2.851678535763077504e-01,-1.382455953234137391e-01,-2.693885290372582952e-01,-5.767741218032557127e-01,-3.841446252316730314e-01,-1.777126364714116113e-01,-2.842994389550885792e-01,3.168441667814560492e-01,3.349876758718791092e-01,-7.365569414582363861e-02,-2.189108141668363317e-01,2.135786363952061062e-01,4.498809730915250826e-01,9.074627098106823053e-02,4.075254036271785951e-01,-1.938588190661928723e-01,-4.280235177663815893e-02,-6.274308925280449589e-01,-1.217109940243900207e-01,-6.587221750117244756e-01,-4.530428855121194087e-01,-3.136822577464123962e-01,-3.944866046774002655e-01,6.749962827261429821e-01,5.580002365828428124e-01,-1.428037343177936402e-01,-2.200620104287316636e-01,-4.565372332483239037e-01,-3.289115548602120631e-01,-2.357675624838413975e-01,-3.798872500843290534e-01,-3.049884865164786407e-01,-3.092558222609057550e-01,-4.232349739027577717e-01,-5.096236505199722711e-01,-6.004713701522770286e-01,-5.066720938921719375e-01,-4.446358952019354160e-01,-6.576940774413858604e-01,-3.843996208006844051e-01,-1.635857694928129213e-01,-1.610991050611847997e-01,-1.258050117890445463e-01,1.875725372665360546e-01,6.221672075366779797e-01,5.332824977553182189e-01,5.156632928774104174e-01,7.118769005056396759e-01,6.068417548691944496e-01,-3.814248708163252566e-01,-5.680930056793435934e-02,-4.085181927794374612e-01,-4.156329620995673491e-01,-7.345154188527529271e-02,-6.620292552650225426e-02,4.550569690895310826e-01,4.000611616237789159e-01,8.155875437293393093e-02,3.971912454741884785e-02,-7.344852209206112481e-02,-2.342492721088395846e-01,-5.428542541233587482e-01,-1.412584321039499491e-01,-6.353437205131501342e-01,-4.938859452824145291e-01,-5.313235630924566522e-01,-1.031361821688801805e-01,3.144112201126570416e-01,-1.477981750846518163e-03,-4.116835273303248027e-02,-4.920052989869412308e-01
4.219641092232376267e-02,2.187615780113204844e-01,3.054058650136401987e-01,1.606441422241119410e-01,0.000000000000000000e+00,7.064169007399860867e-01,2.164117006959580536e-01,2.718341685375884054e-01,6.765257128894162086e-01,7.195394350232068303e-01,-1.959330786276206882e-01,1.858993488384916640e-02,-1.395400108981209863e-01,-2.721716708696374915e-02,3.391312292699029673e-01,5.309114812415657303e-01,-2.770133671030123867e-01,-2.587222678447311797e-01,2.383300825075716500e-01,2.073569038578323975e-01,1.763926080774482208e-01,2.104163745423041354e-01,4.855591009948407311e-01,6.266149492007426769e-01,6.228712847020834165e-01,7.158094786317147351e-01,7.942079341120331648e-01,7.601071623925926835e-01,-1.698980263206506525e-01,-1.802721731772698455e-01,4.489864228629200649e-01,5.160155199997054076e-01,8.838494541459934739e-02,2.773560592215326137e-01,2.565383469645875648e-03,-2.394124979532078479e-01,-5.112184881832465555e-01,-4.630421466218488380e-01,-2.459625786605986603e-02,-6.299047236348571943e-02,-3.657774413160844174e-01,-2.880525428006016631e-01,-2.696961063112696122e-01,-2.102648485031633485e-01,-4.420269442615039068e-01,-4.009989022410162529e-01,-1.446694766236145957e-01,-1.549143857729754215e-01,-5.584939118315672690e-01,-4.612322494595740285e-01,-4.102125276766740436e-01,-3.015665205393190940e-01,-1.402453984462975478e-01,-1.479652247565021450e-01,-1.185070268911874447e-01,-1.063934964126027199e-01,7.598509281277388006e-02,1.647536576995127511e-01,-3.238704470164616711e-01,3.792338508722607748e-02,-1.647371985652418547e-01,6.255975900554232305e-02,-2.203755351149606911e-01,1.471490065692721561e-01,-5.078001190350225208e-02,2.888850809183622290e-02,6.030924264247297661e-02,-2.262864032378912871e-01,2.367601530223749084e-01,3.341166579441323670e-01,4.214677185760794531e-01,1.320904873864133522e-01,4.990396926109026687e-02,-4.648827119114520151e-02,4.758853698333025406e-01,1.736192072315244916e-01,2.460232689090696701e-01,1.637141265830932002e-01,-9.054918384794008457e-02,1.394556116447801808e-01,-8.540258130507512313e-02,-6.063011617709120754e-02,-2.596549587881689658e-01,8.812637016139851509e-02,-9.422111617729338195e-02,1.220922516061504967e-02,1.548301087987174196e-01,3.624429362469821503e-01,3.309297764454864343e-01,2.541544093147943828e-01,1.763013835754153047e-01,1.668937396758823563e-02,1.994535204559239605e-01,4.314795950954073561e-02,2.143440782869194261e-01,-1.155025440034583711e-01,-7.826710287821748990e-02,-1.497640191061486992e-01,4.734319615467839221e-02,-2.602708355565436227e-02,3.052828107010212011e-01,5.170435279973411430e-02,2.220048246285830640e-01,2.722267161635721910e-01,1.498370753087638618e-01,5.335339734794881245e-02,-1.298561697346850129e-03,3.734076279479935367e-01,-1.739823971924204793e-01,-3.026092742610238528e-01,-2.225527570506691533e-01,3.651223520979601789e-02,-1.388194355783457512e-01,6.770935241965660677e-03,2.785000712734519643e-02,-1.459904246748576218e-01
-3.784608862940917751e-02,2.009199979637908695e-01,3.302160235745636996e-01,4.359403634365806024e-01,7.064169007399860867e-01,0.000000000000000000e+00,1.923809580143516496e-01,3.511875835548605718e-01,3.690002652177333253e-01,3.536669522057105386e-01,-4.276009923270778224e-01,-4.109480358731128491e-01,-4.421113464887527211e-01,-1.848306438768906879e-01,3.605163620684104231e-01,3.719329687177646004e-01,-4.366686261753848775e-01,-2.322536535023640436e-01,3.669277281088477172e-01,4.124572701864593904e-01,2.958856692121422660e-01,1.253161714387598380e-01,3.101461845481422452e-01,6.541179880465032292e-01,5.772223648040430283e-02,4.155618221792397593e-01,6.192439799488506091e-01,6.447216141626443964e-01,-3.909130800262122230e-01,-3.051175627251739297e-01,3.829938486512655116e-01,4.506336504727243564e-01,-1.608609362964549261e-01,4.177178932778951334e-04,-3.004459185724224768e-01,-3.485133890752349917e-01,-1.431290699139158296e-01,-3.248681118733318662e-01,1.738615630667065259e-01,7.440838916505339296e-02,-6.035093722502635899e-03,-1.112486542028640335e-01,-1.514871064160199232e-01,-1.581141126459922608e-01,-3.668913756250656300e-01,-2.695629279780259457e-01,-2.682605227715703644e-01,-2.525810803902802104e-01,-5.253170306124441691e-01,-4.060197447915812052e-01,-2.863411179013213848e-01,-4.036388134162860464e-01,-4.766354860911898618e-03,9.602955180332610474e-02,-1.031942029066261202e-01,-1.902181967081240654e-01,-1.480473392819746901e-02,1.312065105741615223e-01,-2.342357795270009202e-01,-5.354104406498236268e-02,-4.523580872100481098e-01,-1.589982494478116293e-01,-4.272449253261418334e-01,6.271459726452173478e-02,-2.802382579021053255e-01,-3.500445544634770978e-01,-3.770452992576545093e-01,-5.081331942905330523e-01,4.541428042819515842e-01,4.011256709673932663e-01,2.947577322951939749e-01,-3.939404430338489665e-02,-4.494393455469400216e-03,-3.093805028746354768e-02,7.364545763274668588e-02,-1.707426388150556085e-01,5.237868305253838563e-02,1.217535097767809826e-01,-3.045089045166124442e-01,-4.401299630930059076e-02,-2.213746735837648638e-01,-3.769449480248578815e-02,-4.070403831640986847e-02,-6.778562513809469059e-02,-2.339405387397238550e-02,1.434935711685822179e-01,3.698228897113736702e-01,5.234098070736149522e-01,3.578891377358748294e-01,4.509445754896201919e-01,3.144876283590627430e-01,3.592435737219153435e-01,3.726553771721057839e-01,3.559092518895848878e-01,-1.281411701732105834e-01,-1.914561842143103765e-01,-2.543145718115848442e-01,-2.699990810624202653e-01,-1.017467085977798447e-01,5.192450884321687249e-02,2.820531540069294851e-01,2.211512737316380928e-01,2.307885214027238785e-01,2.140502290898493865e-01,-1.491689529113390811e-02,-8.908026397215501602e-02,-3.167721712178057092e-01,9.398952663430629184e-02,-4.267000051900673441e-01,-2.348267526083235579e-01,-3.703277469117348675e-01,-2.037710668061572510e-03,1.614942131513405210e-01,-1.025301805628560242e-01,-1.116451075513365254e-01,-2.605926442859337056e-01
6.171638642600095759e-01,5.177864311459360325e-01,8.807535607438362613e-01,6.242513016441706419e-01,2.164117006959580536e-01,1.923809580143516496e-01,0.000000000000000000e+00,6.357817569767599819e-01,1.613510039661223694e-01,2.483967643908293887e-01,-2.565309598371092736e-01,1.696454218282202331e-01,-1.394561537379755689e-02,-1.123815095888124477e-01,-2.170918878848111522e-01,-3.251662365026041224e-01,-4.720704997313170392e-01,-4.623488148196470693e-01,6.245841941480548831e-01,6.450309611769942109e-01,-8.658722637437697711e-02,-5.329142052108008093e-02,5.389197711156661352e-01,3.914257589909102553e-01,1.374030991901419307e-01,1.318582762313413870e-01,3.881797260362771507e-01,4.370931176006703223e-01,-4.696744877756556802e-01,-6.820939803793735212e-01,8.413490266246487215e-02,2.278522240769353391e-01,3.629425723150017102e-01,4.652404960714673354e-01,-1.674908154528766957e-01,-3.177783254582827732e-01,-4.243627246009947229e-01,-3.989752777156331809e-01,-4.770541984201550484e-02,-9.280209963764876613e-02,-1.376331457826277527e-01,-3.460024118828244899e-01,-2.069655530273940003e-01,-2.804778770392182263e-01,-6.869745611230624327e-01,-6.400471129527892655e-01,-1.496013563054200690e-01,-2.288303052508580682e-01,-6.497668066811553844e-01,-6.588795004167076197e-01,-4.215648761310996639e-01,-4.662032192433501754e-01,1.633774103790662235e-01,-6.586924050033723943e-02,2.128854850298086271e-02,-2.325580219855430952e-01,2.969280902290006852e-01,4.137221543926349887e-01,8.365175240671617052e-02,3.508743170641654419e-01,2.306773104707378341e-01,-7.148342480219450901e-02,-2.694777477510719721e-01,2.491888680178401538e-02,-3.754105955954720741e-01,-2.188748483014656687e-01,1.359638364429003043e-01,-2.820681891322150969e-01,4.859421662355970506e-01,3.703101993878605280e-01,1.402901258470211632e-01,1.346670451706020177e-01,-2.186580866370753107e-01,-1.742841225963931984e-01,1.058348949694667279e-01,-1.882458977640766584e-01,3.897985567170501615e-03,-2.133684964261278183e-01,-1.826930819935209671e-01,-2.472467435870998598e-01,-4.356529309016605178e-01,-4.797793806632538738e-01,-4.870280293683880157e-01,-6.185755531286745157e-01,-3.833875709400120235e-01,-4.253172501542710204e-01,-2.133848829076852582e-01,-2.292033942516852607e-01,3.881115069628557901e-01,3.830892039708651553e-01,1.909766185878675748e-01,2.808133519792591626e-01,3.269061357756269381e-01,4.647177527973018196e-01,-1.582781354632032123e-01,7.037692458747858704e-02,-3.890445268768598086e-01,-4.410264161677840966e-01,-1.497876117601053270e-01,-2.255947267299602543e-01,2.860561085474020993e-01,3.932949748046526972e-01,4.314158302402965744e-02,5.657920244463731513e-02,5.583216073038738125e-02,-1.634691163656100399e-01,-2.590600137911893697e-01,4.783427335221673155e-02,-5.575050329180836206e-01,-5.894036677635680066e-01,-5.489072547917576150e-01,-2.567764450413941302e-01,1.191804195930528665e-01,4.536662886884381372e-03,-1.571874017160980810e-02,-4.932417549039592175e-01
4.283486404121135682e-01,5.685880485684070562e-01,7.274248616997444072e-01,8.074338292996263711e-01,2.718341685375884054e-01,3.511875835548605718e-01,6.357817569767599819e-01,0.000000000000000000e+00,1.522924664805358486e-02,3.380820455446133521e-01,-5.534765762188853522e-01,8.609235974809049952e-02,-3.728538383612247653e-01,-1.034215383577256064e-01,-2.302893764162422252e-01,-1.507215658849608009e-01,-7.054205888981993633e-01,-6.613869690904059517e-01,4.979788893887777124e-01,6.889393024836335533e-01,4.474625308249211009e-02,4.413417482068063280e-02,5.320880339947371418e-01,5.280435864177915883e-01,-8.965444176832145645e-03,1.263141149002199037e-01,4.348196089865261071e-01,4.589767197514099117e-01,-7.072598420154511123e-01,-7.035408516262494638e-01,2.024731427285207663e-02,2.003467989280670603e-01,5.353544554156878382e-02,2.264784994170718491e-01,-3.365085697358652372e-01,-4.042855642467422794e-01,-3.835659765556260759e-01,-4.390426171036933556e-01,-1.501151375814335776e-02,-1.965425252775834242e-01,-5.448921339455580631e-02,-2.795345544223203360e-01,-1.348057288339070681e-01,-1.247717144001862094e-01,-5.925508649104485048e-01,-4.664321019009696756e-01,-1.804433660688924412e-01,-1.832644827225378970e-01,-6.349582501961167358e-01,-4.449589586028306898e-01,-2.793090920289252321e-01,-3.316516939526453212e-01,2.743114272820827981e-01,2.232586173446519107e-01,9.953368939144917327e-02,-2.797224787157956416e-01,7.624918383546670786e-02,3.859695897200928760e-01,-7.792858337894235932e-02,4.582124175184181802e-01,-3.779398703271092536e-02,2.247183107693454529e-01,-4.911123765340350000e-01,1.399189749050519516e-01,-6.980013467830645801e-01,-2.154606584040343331e-01,-1.828940633504012869e-01,-2.890349519439742165e-01,4.917592480434093138e-01,3.225818921931707384e-01,5.705137010166241168e-02,9.241189169392192981e-02,-2.892692678641219373e-01,-1.218182925210400114e-01,-1.227568097370518446e-01,-3.603371035632204622e-01,-2.787881632363078399e-01,-3.197113702454932871e-01,-3.963240605273312678e-01,-4.644086529826436105e-01,-5.418738312650137612e-01,-4.433974463233661401e-01,-4.251329647438061299e-01,-6.322415346508025724e-01,-3.748083756575058545e-01,-1.356533705521849043e-01,-8.783476113992100265e-02,-1.883675733328604163e-01,2.699847976924649728e-01,4.868850824382610631e-01,3.453660939560180276e-01,2.187499826155654414e-01,4.723403020654265427e-01,2.540870698674850270e-01,-1.859680993752938494e-01,5.138568541772340487e-02,-4.292873583353980504e-01,-4.487947454941398351e-01,-2.286615105912660761e-01,-2.104481818662569670e-01,4.567340632937528233e-01,2.053437812663585771e-01,1.108567736011146776e-01,-4.275185065506407339e-02,1.237104584288182957e-01,-2.831246089831548907e-01,-4.330199797194638767e-01,-2.050505135230150655e-01,-4.685978711941549690e-01,-5.416847127580225463e-01,-4.664386817273011299e-01,-3.132114213869408026e-01,9.660960091147170747e-02,-7.222491084364517089e-02,1.482417424281875784e-01,-3.958417403518680877e-01
6.396953301313783313e-02,7.387005652075258680e-03,1.572214708481978196e-01,-7.539935881704791509e-02,6.765257128894162086e-01,3.690002652177333253e-01,1.613510039661223694e-01,1.522924664805358486e-02,0.000000000000000000e+00,7.669942154380350319e-01,3.958238866114001386e-02,2.272338256850073013e-01,1.519049569016242204e-02,2.166603835761370389e-01,4.041056008660520726e-01,4.240489250600648075e-01,-7.482570003690473814e-02,-7.399051851168070293e-02,5.603387342018857631e-02,-2.699319149454283001e-02,1.331921730674310578e-01,9.437690043272080331e-02,2.528236075397308769e-01,3.425227117947031164e-01,6.533917426262236816e-01,6.683958584702750505e-01,4.231104055561522581e-01,6.165319369614925549e-01,7.852785129966556588e-02,-1.075582885913063495e-02,3.358858770738039068e-01,3.528176062061942897e-01,2.155894747680383028e-01,3.967433782745415916e-01,3.769041176504857593e-01,1.706186865258950691e-01,-4.359757500885060866e-01,-3.352296357418501072e-01,-1.254166437049229477e-01,-9.945033291269311793e-02,-4.813800815271231937e-01,-2.071957315367958796e-01,-6.434485483740183531e-02,-9.660509780483265974e-02,-2.762110831759949647e-01,-3.010745822404307104e-01,1.172291870741519193e-01,-2.762342871815404860e-02,-2.927182784223139600e-01,-4.011129366599850976e-01,-3.695462790894640803e-01,-2.829154999282001426e-01,-9.307239241318938927e-02,-3.984459076259666555e-01,-4.745852324624074553e-02,2.145796542761057024e-01,6.979626887683099135e-02,3.102749308544382884e-02,-1.087579639817407989e-01,-8.479144305343563892e-02,2.572212572748940329e-01,5.598497850441859491e-02,-9.985292513771934497e-02,9.218681943194045880e-02,1.490306464274609444e-01,9.336951113273182778e-02,3.849746709556756685e-01,1.281062256600914995e-01,2.708397000411211578e-02,2.738900569145388264e-01,4.420686398433034126e-01,3.082187629309784405e-01,2.058308395455771267e-01,1.862220750050092577e-01,5.941526258233218449e-01,4.416761934904223086e-01,4.421464353076355325e-01,2.664850704764399336e-01,2.239034379209258463e-01,2.928754475520872758e-01,-1.586711746314414112e-02,-1.009478204651965139e-01,-1.718793835928879576e-01,1.824575777144062105e-01,-2.749537751068309999e-01,-2.028116695519939505e-01,-7.320394083121546658e-02,9.128161960007565023e-02,4.003137998908068984e-01,3.834889181937525815e-02,5.738817562534812011e-02,-1.629418340007832422e-01,6.107845130832918051e-03,-1.253810878175705135e-01,3.441955446563616516e-01,-3.766090420626672791e-02,1.132297012749525211e-01,2.995241411475068477e-02,1.701170492190603456e-01,-1.071316557032139793e-02,1.360775420698378257e-01,-4.750576677418896776e-02,4.940519252234067127e-02,1.482550592836835157e-01,1.316274897016667389e-01,1.671424844984853719e-01,2.830762228421574989e-01,4.320092256399117314e-01,-9.828046015638325361e-02,-1.099576203602118663e-01,-1.253992342660547980e-02,6.562782812222643647e-02,-1.725331748727034764e-01,1.369356826867453372e-02,7.865610882241716451e-02,-6.535156555777092702e-02
1.857525253423258360e-01,2.578169325046051341e-01,3.330365231359344036e-01,1.880029050217101316e-01,7.195394350232068303e-01,3.536669522057105386e-01,2.483967643908293887e-01,3.380820455446133521e-01,7.669942154380350319e-01,0.000000000000000000e+00,-1.018929274594309459e-01,2.323057511857680169e-01,1.221170850129171467e-02,4.771568529651511181e-02,1.948037725538846743e-01,3.972095209839133223e-01,-2.208956599943508459e-01,-3.943166287172124029e-01,2.483081873269765982e-01,1.977024209091882978e-01,1.535066837347378310e-01,2.481630274248618206e-01,5.271716272206190546e-01,5.266740055918958108e-01,6.397489114555827694e-01,5.603299975234773411e-01,5.178799636646570503e-01,6.401231219684493379e-01,-1.573989455847026320e-01,-2.135621105499178884e-01,2.494576762690560723e-01,3.168502545394270564e-01,1.994949610901707304e-01,3.467220711956364165e-01,2.180062106496094554e-01,-1.819610349460257237e-02,-6.393234771143492257e-01,-4.367969389764698174e-01,-1.274294046309857875e-01,-1.286900913660999624e-01,-4.508550925554641875e-01,-2.102765468395371151e-01,-1.958519101902558013e-01,-6.711454836010455338e-02,-4.197830098152092737e-01,-3.673903569483763509e-01,8.085627898721313433e-02,2.937312033468462025e-03,-4.856226959854518244e-01,-4.608798084831730035e-01,-4.250188474446343068e-01,-1.670394629070491577e-01,-1.914737120041102789e-02,-2.262720701343497454e-01,-4.391596763975517265e-02,2.305046474342921092e-01,8.865943113073948556e-02,1.632694884416698022e-01,-2.848522156832298813e-01,7.874867212097287628e-02,7.582222936746085828e-02,1.309539644096166244e-01,-7.209311331255144339e-02,7.913988987851762469e-02,-4.634492808216533061e-02,9.705328909830099327e-02,2.920423640790257291e-01,9.218694195832952132e-02,1.586683161722677593e-01,4.014444908195774486e-01,3.266280191757998663e-01,2.150877406707971951e-01,2.954350151145995751e-02,3.810711124868718103e-02,6.232679649932005850e-01,4.071448676532526401e-01,3.478711299343005270e-01,1.184042952056908737e-01,6.879230063334806911e-02,6.089188550726500060e-02,-8.041269869046123453e-03,-2.144079652383595880e-01,-2.983799510417592948e-01,1.097904893238253882e-01,-2.707358620286595685e-01,-2.251311741396380961e-01,-4.033521511778537239e-02,9.191940472434938225e-02,3.302080374395062190e-01,1.498385346428716125e-01,2.923557605534522486e-01,-5.155111682886180657e-02,2.158820260562784310e-01,-7.393368074064401996e-02,2.587962023157194813e-01,-6.651793754961303484e-02,3.451653096033918070e-03,-6.805121085173382323e-02,2.117139435347506204e-01,-2.556482907367003954e-02,4.441002137898818480e-01,-7.879666181388023105e-02,2.022761210428346834e-01,2.093902443501328703e-01,1.423811341882577908e-01,7.925557236456173826e-02,1.757035798838938179e-01,4.357635013273764013e-01,-1.743483027384787332e-01,-3.557863808129810290e-01,-6.023620641364486189e-02,2.545249755602697894e-02,-1.158565860109487949e-01,1.384239040197344506e-01,1.446946352635408994e-01,-9.345966761625491837e-02
-2.057967956485204364e-01,-3.622043815192174665e-01,-3.629841369221292191e-01,-5.616228754455581118e-01,-1.959330786276206882e-01,-4.276009923270778224e-01,-2.565309598371092736e-01,-5.534765762188853522e-01,3.958238866114001386e-02,-1.018929274594309459e-01,0.000000000000000000e+00,2.985426340198577555e-01,8.021440140086308901e-01,3.382346328785934553e-01,3.453710311145339554e-03,4.550691693441120955e-02,5.274304955039164078e-01,4.402160505758480613e-01,-2.846199934715468172e-01,-5.253641560562269941e-01,-4.092687107290352566e-01,-3.924757835730357525e-01,-2.457440542225820465e-02,-1.717205323658875515e-01,5.659995415158061705e-02,-1.922326486796152867e-01,-4.515201413545753550e-01,-4.911311150794736569e-01,7.024098399494805856e-01,5.215002585664855195e-01,9.005444143897968490e-02,4.557999774600278442e-02,2.426827223779494114e-01,1.169244872516886080e-01,4.509486464828505459e-01,4.471940505658440479e-01,-7.746764062700857434e-02,6.563152108497233295e-02,-4.322853982845030196e-01,-2.892301183733569370e-01,-3.510123352421082865e-01,-2.242565503900175727e-01,-9.418527786685644554e-02,-7.284142746057251094e-02,2.000009307868964026e-01,5.409495457412468594e-02,4.703705788422703205e-02,2.118810880042955314e-01,2.259525105631867981e-01,1.079130567414500197e-01,-1.346605853360413330e-01,9.514933705298911359e-02,-3.909286163673817427e-01,-4.922654116004762104e-01,-2.074331031759250044e-01,1.464276995084672767e-02,-2.451168308123153824e-02,-2.995410373242862190e-01,-1.431654963049198426e-01,-3.596802728461117593e-01,1.746130456640744011e-01,6.246961254744683861e-02,5.925010173215543574e-01,3.767420812147276310e-02,7.414964341663453640e-01,4.286754220303283791e-01,1.874727644379382552e-01,1.257381832867150440e-01,-4.479811128939581444e-01,-3.295173075260428575e-01,1.363901204947752521e-01,2.578067462126980014e-01,4.465100493897621869e-01,2.771541689128261821e-01,3.638468397709251900e-01,4.697364528254481253e-01,3.479874030558875453e-01,2.896773665640398066e-01,4.965711785658334931e-01,5.515020036725651886e-01,4.657743884910517940e-01,3.476543290087990012e-01,2.419354153293443999e-01,3.860291061460219275e-01,3.636106774006873099e-01,2.736819622967552948e-02,-4.926438818044014123e-02,-1.553448249943399362e-01,-2.390158792156054646e-01,-5.644668656228430947e-01,-3.447346272435955483e-01,-2.672021613012206531e-01,-2.376886255101218204e-01,-1.813162984458903393e-01,1.530927886887042122e-01,2.839434516350776150e-01,2.601221869338573023e-01,3.250589366214733378e-01,9.603542630131339797e-02,-7.707106424375972931e-02,-3.822350742219060016e-01,-1.402662453375906892e-01,-2.915297714132838447e-01,-1.268396133806909132e-01,3.224222113574552462e-01,4.344096666392517347e-01,4.805271189068524573e-01,3.206548055490015398e-02,5.885341990203848406e-01,2.729864979250718471e-01,3.497157812160870960e-01,-1.978763187343592599e-03,-1.698699606456067490e-01,2.349895209267271745e-01,2.428093355483774418e-01,4.852726089242602736e-01
2.111414813156967107e-01,3.047025648321991312e-02,-5.301046435350588448e-02,-2.348438749825275673e-01,1.858993488384916640e-02,-4.109480358731128491e-01,1.696454218282202331e-01,8.609235974809049952e-02,2.272338256850073013e-01,2.323057511857680169e-01,2.985426340198577555e-01,0.000000000000000000e+00,3.638500353381123320e-01,5.180776813979320883e-01,-1.681782677394410286e-01,-1.093847660563436811e-02,1.632790687704567811e-01,4.272234973914426637e-02,-1.361539229287545283e-01,-1.224249967940225503e-01,-3.288931686906654273e-01,-1.292000867844900480e-01,8.562560798211614477e-02,-7.007533564473850118e-02,2.857320194920046630e-01,1.388886563338933566e-01,-1.339649222045664542e-02,2.370487288815878446e-02,2.792525336220642584e-01,1.125539688284896006e-01,1.136198461474540455e-01,1.396487651553521003e-01,5.209967680408273960e-01,5.452843629425010441e-01,1.799273874532226480e-01,1.085587972452004141e-01,-4.574845321448857138e-01,-2.763160877925309178e-01,-3.088913265806992325e-01,-2.910884297279722754e-01,-4.519870460590061367e-01,-3.529116539712333633e-01,-3.627609692088742399e-01,-2.937386459414090267e-01,-2.809690983915630880e-01,-3.074285492908127582e-01,-3.383063315893734824e-02,5.159546152707267935e-02,-1.512887921572448335e-01,-2.545266036391001796e-01,-3.355593055281362869e-01,-1.635355258532168177e-01,-1.679194266540722791e-01,-4.639661665530890322e-01,-6.167797426438070656e-03,4.202589007849442948e-02,1.386970434697025467e-01,7.321069668331497970e-02,6.636865741686483189e-02,1.334936889745912125e-01,6.411997464876473263e-01,5.745619681633501452e-01,3.704221978330398124e-01,4.892889371486712768e-01,2.637752980542069914e-02,3.817497609579237894e-01,3.504525093376362199e-01,2.034601725602948330e-01,-2.007803904797159922e-01,-1.382391896793392638e-01,1.284634935958344493e-01,2.537830082048762592e-01,1.810626554272966870e-01,1.647365425708721964e-01,2.390277650079737637e-01,2.542055168225312856e-01,1.623124339860794463e-01,1.309285283036542256e-02,3.041712705276433115e-01,2.034302091664080270e-01,7.377787005704501688e-02,-3.208777910530376948e-02,-2.646210224726976978e-01,-7.031188270188175327e-02,-3.017002422187398114e-01,-3.102667497089277582e-01,-2.915810637225587643e-01,-3.734416028465818438e-01,-3.568460017288706959e-02,-2.225247836830902548e-01,-1.766716734649390053e-01,-3.826314197678992168e-01,-9.990645722366471582e-02,-3.072948288091880698e-01,2.818912451213431147e-01,3.388244616450501456e-01,1.004328447524190787e-01,4.849020270725738074e-02,6.387033704921964150e-02,-2.306684187792769625e-01,3.614895537986513585e-02,-1.525921872927105127e-01,-5.713908071279950873e-02,-2.472789671970930872e-02,3.646343505662503204e-01,2.577185745386500471e-01,5.060305266862038520e-01,1.711111951173437951e-01,3.509806227427835768e-01,-1.405836188833910483e-01,2.448493481390584189e-02,-1.671976279375902430e-01,-2.655054681720567800e-01,1.533069516911194086e-01,2.499089690716075063e-01,1.476834558997745517e-01
-7.326776135179839666e-02,-2.397595211553900652e-01,-1.318766146850479104e-01,-4.760702499060482928e-01,-1.395400108981209863e-01,-4.421113464887527211e-01,-1.394561537379755689e-02,-3.728538383612247653e-01,1.519049569016242204e-02,1.221170850129171467e-02,8.021440140086308901e-01,3.638500353381123320e-01,0.000000000000000000e+00,3.129286961532950495e-01,3.290418147301500673e-02,1.331913458372809278e-01,4.441964596502364637e-01,3.978392884083266634e-01,-1.458173746044425789e-01,-3.808239812050147610e-01,-3.210372551893182491e-01,-1.778984696416009703e-01,3.085802337319781263e-01,1.766656260665359565e-02,2.310563356333972251e-01,-6.115042897326058297e-02,-3.138361902743472265e-01,-3.950782463070288131e-01,5.909923193238366679e-01,4.348081051285651588e-01,3.349750201686100826e-01,2.548714428182879410e-01,2.602116664522382550e-01,1.404602381192307792e-01,3.936225294383782769e-01,2.529321142596901439e-01,-1.729311239282048385e-01,1.721336578892662325e-02,-3.887296115296707266e-01,-2.117224137204977430e-01,-2.817299565583705756e-01,-2.208442332288967913e-01,-2.819371479591117891e-01,-2.855739349844385599e-01,-1.172406518995925892e-02,-1.376735724132233663e-01,-6.575721687208238575e-02,1.619548571233756507e-01,-9.983473596411454598e-03,-1.118050130249996499e-01,-3.716918858412047166e-01,-6.718104582938350111e-02,-5.277326975282712329e-01,-5.413735263727513791e-01,-2.220626872579644084e-01,-1.063222542787841118e-01,-4.726387231026404900e-02,-2.546008495800318183e-01,-2.381402937895524541e-01,-3.193894077562650091e-01,1.780937717771724493e-01,8.208633925562980327e-02,5.695134164495887497e-01,5.113369387920282255e-02,6.626589140291486713e-01,5.493586198429102341e-01,2.681057972031968828e-01,1.143997387934695964e-01,-3.290561717977473766e-01,-2.857026612350445083e-01,1.764406245510393434e-01,2.776858506654186209e-01,3.475472444509027925e-01,1.482890769640800577e-01,3.721026051820552905e-01,3.679192985098455604e-01,3.901565704434574178e-01,2.206129396905857631e-01,2.841812439817876790e-01,4.679317967785392440e-01,4.451300018154362159e-01,2.823156565721041678e-01,1.739941168994043053e-01,3.092994019753628754e-01,2.826780955418291552e-01,-1.072672451875058969e-01,4.095917228771114166e-02,-2.968358775942934666e-02,-1.148852768533307339e-01,-4.526737206454422568e-01,-4.055926987335691236e-01,-2.519946530709009092e-01,-2.839306498705946868e-01,-1.777172830042412222e-01,1.673305048807716411e-01,3.477762127740258169e-01,9.383742657194162062e-02,1.623127068348200197e-01,-1.035968668483634308e-01,-2.610605065929083590e-01,-3.039268998783536402e-01,-2.076871837818751454e-01,-2.410670819549671218e-01,-1.605345793499084739e-01,2.504212086573562313e-01,3.060474936901277365e-01,3.778581381330768929e-01,-2.414107849555598151e-02,3.573852825890004303e-01,6.040723065876048292e-02,2.061110821725946618e-01,-2.195498841528705225e-01,-2.076926605787796365e-01,2.164781706995463628e-01,1.632202100142057244e-01,3.253107059700630632e-01
