0.000000000000000000e+00,7.937288621695444135e-01,-2.232875281605259388e-02,4.435942939625821535e-01,1.768000700738311167e-03,-5.165231944559291188e-02,2.138815480254591672e-01,3.443086311314731418e-01,1.582920385463005564e-01,-2.672752147912564949e-02,3.435688316065496073e-01,4.044351708972311332e-01,1.752164428755322578e-01,6.385109414771955594e-02,2.175334065316114271e-02,-1.026503525319985149e-01,3.838130738576671086e-01,2.681454444085466515e-01,6.466764633238896165e-01,7.213092924603813350e-01,-2.726734144868936949e-01,-3.403033469208570083e-01,-1.768029738138502671e-01,-2.543521842424193435e-01,-2.338438911193343461e-01,-3.412408569138689618e-01,-2.672063498262360892e-01,-2.792713664081880598e-01,1.520512551768510856e-01,3.535500702811106288e-02,-1.023457155972835458e-01,-6.722223836614536763e-02,2.181028266629597145e-01,1.107629186747488143e-01,-3.560200289162548382e-01,-1.735025364012101057e-01,-4.136583444635066886e-01,5.727792873129614742e-02,-2.272429809759955177e-01,-1.216778328986263258e-01,-1.625499810092895514e-01,5.783213096975792222e-02,-2.499701308381759024e-01,-1.385779211480387685e-01,-4.116762374771722466e-01,-2.956626166573596559e-01,-2.644567254362635844e-01,1.230194937278669964e-01,-2.833407648151711755e-01,-2.368217386751776121e-01,-2.776234271966515066e-01,-1.535898269021775675e-01,-3.608217757016831534e-02,1.614299307225925961e-01,-4.748052151654463815e-02,2.816771580638092187e-01,6.976309083228228181e-01,5.583450727875954867e-01,2.057079326139984732e-01,2.376552036720853966e-01,1.321814772805549321e-01,1.598283058477522611e-01,4.516174073275860609e-03,2.443460551106720891e-01,-5.093184504862577899e-01,-3.937195932114168073e-01,-1.725336572049980255e-01,-1.310385668203548903e-01,7.340728014941489965e-01,4.875859342924769302e-01,-4.716094030288205952e-01,-1.464052686644063128e-01,1.014618588187409520e-01,-5.320308352588005302e-02,5.103448459467160858e-02,5.934974937548338769e-02,8.533933423793244044e-02,1.186807110845839869e-01,-8.563973087406747536e-03,4.889332949245046855e-02,-3.192539517221841816e-01,3.195720678160374195e-02,-1.280793954093108200e-01,-3.239871589501144150e-02,-5.746202917402388755e-01,1.324739119110580066e-01,-2.485830692709932732e-01,3.501416696756778218e-02,-3.923786764033596053e-01,3.084315008880920694e-01,-2.569802030449793717e-01,-2.156239468510956492e-02,-2.022919229947079400e-01,-1.139928643619823739e-01,-1.655353291497665136e-01,-5.991644870277310075e-02,1.308009395391707408e-01,3.161733973523597196e-01,2.217129105355296059e-01,4.579013265441786440e-01,3.123477340849123082e-02,4.668905777875199115e-01,3.011615296009544918e-01,3.578513170244793651e-01,-1.537230356980816282e-01,1.269721530617901883e-01,-1.773439797205529911e-01,1.567230164478408405e-01,1.117291873821358618e-02,-1.487128712147811616e-01,-1.695248785259171054e-01,1.788873337815601317e-01,-1.107383608627703492e-01,4.816558677976529729e-02,-2.115841056128553721e-01,-1.617718478351042599e-01
7.937288621695444135e-01,0.000000000000000000e+00,-7.304302493230699356e-02,3.265423497043934975e-01,-1.106927587294527227e-01,-1.108392703260446394e-01,1.273876686818362358e-01,2.321461620604522991e-01,-3.337038785384553730e-02,-1.371216400202153185e-01,3.039798072074550439e-01,4.592455773390431428e-01,2.268304182388387324e-01,1.890481952461197657e-01,-9.518579780176977811e-02,-2.092436946931013064e-01,4.141278530430551608e-01,4.299239131487009868e-01,5.114912358148937521e-01,6.981709103935771488e-01,-1.951733790175709804e-01,-3.917109324564538309e-01,-2.396509327565307657e-01,-2.418831616215425806e-01,-1.721011412158130194e-01,-1.911268955057183749e-01,-1.703799904780348151e-01,-1.784857886828305484e-01,1.372410769588709445e-01,5.041288022879206188e-02,-1.912451065703746692e-02,1.071433254589841677e-01,2.546247779732458971e-01,1.308055582384690385e-01,-3.084368856166199158e-01,-1.152308952193953351e-01,-4.004162732635735966e-01,1.069856860834844936e-01,-2.049626350410393705e-01,-3.276539192561145602e-03,-1.937787809121649940e-01,-3.061131889718189669e-02,-3.369505588780857819e-01,-2.760251636864370361e-01,-5.724478502417598147e-01,-5.107852065886022697e-01,-3.988797752746872649e-01,-1.153133489375200715e-01,-4.678624109157487609e-01,-4.745676160655980524e-01,-4.315080813649040947e-01,-3.361585758724381923e-01,-1.654607116899335650e-01,6.384473994569957178e-02,-6.105562207847486933e-02,2.919823273977413813e-01,8.125264063963366645e-01,8.286343855320459362e-01,2.976920035410218768e-01,3.543135845281675800e-01,2.148334409576088955e-01,2.892765576572506880e-01,1.118711925272188740e-01,3.162860263907830705e-01,-3.978722618886795792e-01,-3.203741956594047258e-01,-9.621848693319114132e-02,-1.097608185894519972e-01,4.957630074089421357e-01,5.279373938341227479e-01,-3.207222974748612510e-01,2.644126841462045643e-02,1.384698384654630687e-01,2.538911812345132427e-02,2.226997948698595728e-02,1.148970497730460588e-01,1.220415576546956815e-01,8.528535923699140375e-02,-4.423399153587616317e-02,3.286645077848878316e-03,-2.417231914451711816e-01,3.789703518288441847e-02,-7.026076536436318132e-02,6.121102881138241331e-02,-5.413549729608894134e-01,5.550965908544273908e-02,-1.989036509708133615e-01,9.800965712703078869e-02,-1.327790495454743702e-01,3.667690611431373982e-01,-3.716824886008807116e-01,-2.392115527492087446e-01,-3.416346085154338685e-01,-2.922015728047416272e-01,-1.358150481843836410e-01,-1.358128935758120548e-01,2.831447325869623777e-01,3.317353486082642577e-01,2.879763515416071673e-01,4.526281704374631731e-01,1.689360753390715675e-01,4.067615765227461377e-01,4.251908652113914333e-01,4.878252882730793605e-01,-2.333330916383439813e-01,-7.190213527636123148e-02,-5.063111551974622260e-02,2.602730835922006936e-01,-1.887751273104888161e-01,-2.404363251076609698e-01,-1.952481028533810947e-01,2.097537791793548101e-01,-2.205996241217891285e-01,-4.757104880972486127e-02,-3.085519599186790085e-01,-4.268527683205140116e-02
-2.232875281605259388e-02,-7.304302493230699356e-02,0.000000000000000000e+00,5.328542260055640911e-01,-7.190676158088439573e-02,-2.207737019632634301e-01,5.540472921589023603e-01,5.334181913235671590e-01,1.136956636161782774e-01,-2.026079357236653111e-01,-3.652503940877837030e-01,-3.694803188205292299e-01,1.566975423762708430e-01,-6.497820577435672873e-02,1.177880886267465704e-01,-5.946145749239649669e-01,-2.777295031595156671e-01,-1.167985670709625196e-01,4.665395058846847909e-01,2.758921137620424791e-01,-2.708808292598904321e-01,-3.412955747493702230e-01,6.834933289282014712e-01,7.731547854521142460e-01,2.199663108033740044e-01,-9.030646391112262528e-02,-4.607276090787936207e-01,-4.789566136427917953e-01,-1.461849668932879709e-01,2.783556689384818553e-02,2.193368150740811762e-01,2.262721519766035527e-01,2.879908287367535236e-01,4.167977949404113036e-01,3.080523347968315284e-01,2.535291449957216559e-01,-2.086769535848380375e-01,-5.591153752942877864e-01,-4.630606950009851230e-01,-5.713107468003884026e-01,-2.715357018452536630e-01,-9.217232242792038066e-02,2.645350587760366134e-01,-4.537252743850397202e-02,4.030703987218003936e-01,3.263729356146696792e-01,2.415022404199056449e-01,-1.627449413338742379e-01,1.465057695764989676e-01,5.215143093349308701e-02,-2.775888667715218153e-02,-2.192579350737575705e-01,4.089551190229526734e-01,-1.447500358451940528e-01,-3.999954107574295592e-01,-7.199474501215726852e-01,-1.567495835240196866e-01,-2.762443621101709490e-01,-4.329222197946920869e-01,-4.640989703767222641e-01,-1.786833221201998834e-01,-2.255541161858806709e-01,-3.388672276080290091e-02,-2.819151644928745148e-01,4.787827735875750390e-01,4.830948174156405872e-01,1.189180260323914884e-01,1.066697900065379651e-02,2.272974106772665814e-01,-9.892595358551320439e-02,3.775414355886999931e-03,-4.676068497656187817e-01,4.194021116682501021e-02,2.337181277897509568e-01,-2.447422112540378059e-01,2.473051892944489460e-01,-2.082567100559112316e-01,-5.220617702041385755e-01,-3.557487792636007118e-01,-1.504478277290358379e-01,-1.214300745912672008e-01,-3.338564123207900525e-01,-3.136457048424783345e-01,-6.198753812122339557e-01,3.255976852292301327e-02,-6.792469755793717479e-01,-4.500532747313431003e-01,-4.717918056768373725e-01,-3.943847772375206479e-02,-6.531682891305568006e-01,3.084793334510985696e-01,2.257078013151438307e-03,5.274250889878886461e-01,3.302842660221914084e-01,-4.401180230513114799e-01,-2.741654586760279289e-01,-2.672432405211274675e-01,-5.690379231853338604e-01,-1.163021693236074017e-01,-2.676996533312453463e-01,-1.711357716351784852e-01,-3.116950780954964029e-01,-1.870210287263332216e-01,-4.371040154869197947e-01,-3.868635616900969326e-02,1.164453915725345845e-01,3.246530789601976413e-02,-4.757964146178256803e-01,2.157677297228042385e-02,-2.588342436086689125e-01,-1.381317620974356619e-01,-7.414848957522927886e-02,4.198726817836658798e-01,3.023867456821155986e-01,4.148201930673510729e-01,1.301183529761739399e-01
4.435942939625821535e-01,3.265423497043934975e-01,5.328542260055640911e-01,0.000000000000000000e+00,2.144614545501413450e-01,3.337047702680895345e-02,6.536407826859028658e-01,6.834757916115200560e-01,3.507242985982709227e-01,2.908633929993974503e-03,-1.731355892680428998e-01,-3.724826411407686916e-02,1.562120384068801104e-01,-9.621782903699964418e-02,1.286563418083305765e-01,-5.108726929598375044e-01,-1.013671139426310097e-01,-8.969198032701980461e-02,6.996837449439684553e-01,5.235670002712660143e-01,-3.591591837415820665e-01,-3.915272900707550408e-01,3.258826959188296235e-01,2.660750941843079143e-01,6.826809005797440655e-02,-1.636750701416588571e-01,-4.340686232271151468e-01,-5.037467056902742435e-01,-1.032492511798676349e-01,-1.317021045195370943e-01,4.591047504692789827e-02,4.209262414703882765e-02,1.314191133341627848e-01,3.818159794922389438e-01,-9.589994978029335593e-02,-1.672142830167861471e-01,-4.545508342242089439e-01,-2.678776682975648193e-01,-3.950498896370402968e-01,-3.355537080846033859e-01,-3.250349091652016686e-01,3.500409843601463844e-02,2.231794871484612391e-02,-4.961813993099126879e-02,-1.188732145365540005e-01,-3.153678183433013260e-02,-9.711770340661431133e-02,2.982337053912430952e-02,-1.276012216266140809e-01,-5.030914237992286514e-02,-1.597029613785621860e-01,-1.339457282758696188e-01,1.778394029254066200e-01,1.269834384670931460e-01,-4.233788174681785144e-01,-2.394182599884931706e-01,1.324322365764485088e-01,8.188305372913012858e-03,-3.528942398452470930e-01,-2.142424631253672107e-01,-2.461953115686537075e-01,-1.446264652935838613e-02,-2.686368984777433022e-01,-1.096267657964381109e-01,-2.489223094342970233e-01,9.790357897922727370e-02,-1.921362627633105002e-01,-8.239665995486840366e-02,5.246094814158578368e-01,1.401207223841474947e-01,-3.033738092222031391e-01,-3.335795406410427821e-01,-1.194004075263575826e-01,-5.635596557187811523e-02,-2.160129617325523554e-01,-1.335279070827680437e-01,-2.041618837954388976e-01,-4.043347296531651924e-01,-3.387119497865779261e-01,-3.598890403826154882e-02,-3.959351011454674274e-01,-2.201405151763422829e-01,-3.845555209000164898e-01,-4.394941612884437632e-01,-4.586979488408697847e-01,-2.432547020384172587e-01,-4.577780783531887887e-01,-2.817359457238547416e-01,-4.070974584025336407e-01,-2.860038663666962244e-01,2.278642863417887632e-01,3.108233310137935995e-02,4.001296994924470884e-01,2.226979132721380594e-01,-4.686953620187934155e-01,-1.738481187263370698e-01,-2.341725644720666077e-01,-1.564979663833456491e-01,1.566614822278585284e-01,2.013704043372552543e-01,-1.927621105505030463e-01,2.589337967273388497e-01,-1.724651079436505252e-02,-2.577467524642306634e-02,7.375854718108025565e-02,4.437073185249539864e-01,-1.897245675825196265e-01,-1.795093801993933869e-01,1.591241245161180706e-01,-3.255350758118771282e-01,-2.103259908216716934e-01,1.808206227463584614e-01,4.239873326103857920e-01,3.086415582056774576e-01,3.511870627544177448e-01,2.873933842008157269e-01
1.768000700738311167e-03,-1.106927587294527227e-01,-7.190676158088439573e-02,2.144614545501413450e-01,0.000000000000000000e+00,8.523932078328170237e-01,-4.175850353485942995e-02,-4.345586037085322033e-03,9.063598382932465114e-01,8.210122915504399765e-01,-6.392160277254102518e-02,-2.193372740755672456e-01,-1.601664488545426202e-01,-3.733993496125287415e-01,6.244117876196048078e-01,1.811290395568305317e-02,-2.695309108182998847e-01,-2.365451565409666113e-01,-1.239524223785625455e-02,-9.889006029727745450e-02,2.200224017847215996e-02,7.204120621647643052e-02,-9.473820388861410938e-03,-5.880153047444549447e-02,7.059642970822584962e-01,4.873642240411929505e-01,1.678062728147930172e-01,1.470098453239672975e-01,-1.075429520500651992e-01,-2.089203901131782976e-02,-7.331076636204998664e-02,-2.971987318123319732e-01,-1.758400193955557134e-01,-1.413645114055016305e-02,-8.360075071429215465e-02,-1.620553737917221349e-01,-3.631451337982718325e-02,3.701534497527778078e-02,1.036586782235346671e-01,9.753350504948223032e-02,7.641233178637271695e-02,4.531901925976770940e-02,1.265448463137109347e-01,1.893613820234173184e-01,2.469550293119731829e-02,2.819839351727400009e-02,-2.304146061945615970e-02,1.429837026055477411e-01,1.881857539275444413e-02,1.033255753402951838e-01,-2.108851080480660112e-02,7.242396520131116899e-02,-3.136930145336440101e-01,-1.191256229305846376e-01,-1.621674143994455974e-01,3.328584937958812412e-02,-2.894000226868428949e-01,-2.348167114746924355e-01,-1.254819875595257761e-01,-6.347905246662276235e-02,-6.709028919269538482e-02,6.063625659529038592e-02,-1.803448482136283948e-01,-1.140814652410581387e-01,-9.634235642656760468e-02,-3.865682104030956912e-02,-2.141428451316606738e-02,4.659359628270855896e-02,-3.378210632809195563e-02,-1.498191060133505503e-01,-5.372118086755479222e-02,-1.229296255337866961e-01,-1.182874588517651704e-01,-3.386804963253468165e-02,2.396299214870971361e-01,-1.811794708665155074e-01,1.505245844271811129e-01,1.512014505699801059e-01,5.682130796807752238e-02,-1.183695826247192495e-01,-1.350064972211144076e-01,-1.747769720094078938e-01,1.426545737105586360e-02,1.134547805732399710e-02,-1.054440743385164497e-01,-1.421267389582944185e-01,1.113626361923149982e-01,-1.778325195883365684e-01,-1.464151085302459743e-01,-2.068445535365500687e-01,1.074224208641019231e-02,-5.781577989790866179e-02,3.162227260115514638e-02,-1.936790849032496084e-02,-7.526882007749682857e-02,1.112981008207785533e-01,-1.397404118293332498e-01,4.983696009172984553e-03,-9.492217109970500777e-02,-7.773957735561146110e-02,-1.716675338621037328e-01,5.188037672995291644e-02,-2.016934757304615911e-01,-9.544131820663584453e-02,4.334997544156237587e-02,5.841635122522210316e-02,-1.328248887123973376e-01,-6.641063472066083273e-02,-3.162193996479253921e-02,-2.548934694550660657e-02,-1.016032978224675754e-01,-6.141219922541153037e-02,-5.448744755586425875e-02,9.790585741200021064e-02,3.052297439808034918e-01,3.321285154127258388e-02
-5.165231944559291188e-02,-1.108392703260446394e-01,-2.207737019632634301e-01,3.337047702680895345e-02,8.523932078328170237e-01,0.000000000000000000e+00,-1.649777153060065782e-01,-1.537916521679980053e-01,7.616429430694546809e-01,8.617670780971753430e-01,6.454121212543012000e-03,-6.633447105636160190e-02,-6.413857762556955666e-02,-2.415652521341747905e-01,5.567525035351321705e-01,2.559013380266730864e-01,-2.008288446399361382e-01,-2.622541902519428536e-01,-1.379224255661343768e-01,-1.046819376098797605e-01,1.763552500845077253e-01,8.641933629170880926e-02,-8.410402442359167507e-02,-5.841274047422618382e-02,6.006194832384035287e-01,5.432526602092401236e-01,1.797639934488921010e-01,2.951121666617275707e-01,-1.359401623482374144e-01,-6.915458557452207333e-02,-1.073352141338985433e-01,-2.588182109479997828e-01,-2.744415588288370289e-01,-1.574737349920401763e-01,-4.812052180147158992e-02,-1.210045577483827156e-01,-1.522593429225776313e-02,1.844995190648198446e-01,2.048369614957741836e-01,2.552755700944933093e-01,1.137540108146977008e-01,1.051144928118537963e-01,-6.681466530735451215e-02,4.146784590195531917e-02,-1.983851839197477707e-01,-1.642005363185737032e-01,-2.342555253336998655e-01,1.201112790454815851e-02,-1.351246297241066596e-01,-1.516544992769370236e-02,-4.388340740026634712e-02,6.456711232507521270e-02,-4.636666784108152695e-01,-1.028110578278836063e-01,-9.405343992419921972e-02,1.650784036742127259e-01,-2.503346271042981575e-01,-1.482057439314145852e-01,6.713139681537241832e-02,1.489084863773664502e-01,5.045498441445280674e-02,1.923075301959694949e-01,-1.711528451284515251e-01,-5.804292131193766052e-02,-6.518130429222297913e-03,5.213481591081023381e-03,6.099724561480744656e-02,1.181053224850664024e-01,-1.030008778336625741e-01,2.967095034922776625e-02,3.208321337383340105e-02,4.127716538738711305e-02,-9.684809897238862153e-02,-2.009813188566555164e-01,1.514440221566047962e-01,-2.238137906797741106e-01,1.582921581028174096e-01,3.198791377282371173e-01,1.807795176506192814e-01,-1.259017114378327695e-01,-1.808949067452473580e-01,-1.736850402659542159e-01,1.233942624401410532e-01,2.082734492266218318e-01,-1.374387776405131545e-01,6.263647661363751229e-02,2.694655193849033736e-01,2.904682212315690213e-03,-1.213309656611766402e-01,5.087211104102649928e-02,-1.401226386063387230e-01,-1.090587330069535815e-01,-1.794439250625354254e-01,-1.207928346025247679e-01,1.056332077143734144e-01,2.029756221288444573e-01,-5.119063848474921657e-02,8.316599217871839533e-02,-2.079883794910067918e-01,-1.108101379758042737e-01,-1.408212892609221611e-01,3.415576930278751977e-02,-1.448070261776484569e-01,3.796077155085948035e-02,-2.533044308976953665e-02,-4.574145167368111331e-02,1.878251418386190502e-02,8.107324784070395196e-02,-1.725216256160286843e-01,6.955552761533211059e-02,-3.339147351513686163e-02,-1.227191794578323669e-01,-2.736524690355306433e-01,-1.378145531542417646e-01,8.032418297430729548e-02,-1.246233861264942587e-02
2.138815480254591672e-01,1.273876686818362358e-01,5.540472921589023603e-01,6.536407826859028658e-01,-4.175850353485942995e-02,-1.649777153060065782e-01,0.000000000000000000e+00,6.931632606383861805e-01,1.058069148990177233e-01,-1.223883304417856810e-01,1.712181350220282061e-01,-1.172607220067622275e-02,4.305891048349736461e-01,2.424747784989622068e-01,-7.938066042069921724e-02,-3.134505869716303628e-01,-2.353246720305066098e-01,-1.930053556959435979e-01,5.751519980327891579e-01,3.113217915762333532e-01,-4.061824027600068887e-01,-3.691776100707607755e-01,3.070971009213956382e-01,2.381318348659922368e-01,-1.605365841451433448e-02,-1.609356654347912918e-01,-2.133154359573881664e-01,-3.643130358796661805e-01,-4.404462755738573765e-02,-8.600000794402518078e-02,8.670754897994006893e-02,2.120742041370840825e-01,3.361084679289148558e-01,5.307222255311148107e-01,1.676577822369686999e-01,1.211220903967094309e-01,-3.109791931612823079e-01,-3.661137404908424431e-01,-3.695107665817974896e-01,-4.145074583545944602e-01,-3.534246654281457678e-01,-1.579600991614191208e-01,-1.076616244171843192e-02,-1.937755514073140339e-01,-7.169607580271590563e-02,-7.339818131304419457e-02,-1.381575768105007714e-02,-1.653249804590222471e-01,-1.765146672964340857e-01,-2.139382722130551695e-01,-1.768212858114086017e-01,-3.541203880780240398e-01,2.192030951331798150e-01,-1.399923480307092571e-01,-3.782332441515486310e-01,-4.435691051917345917e-01,6.175730637689855196e-02,-2.328297293799245771e-01,-2.573535340568061103e-01,-2.916008623385323295e-01,-4.764005365799085789e-02,-6.953622955571757414e-02,-9.348197978913441730e-02,-1.944239998474104059e-01,9.576140740748294647e-03,1.307330796576550713e-01,6.829983019080546058e-02,-2.959554383412793532e-02,2.034372822608508935e-01,-6.856677084164658140e-03,-7.863266134972511645e-02,-2.657274023464952228e-01,-6.312208293058979569e-03,-4.532146473786576729e-02,-4.750960796861556507e-02,-1.974633009357505686e-02,-1.611683243865506127e-02,-3.708595502892184648e-01,-3.278813186874997565e-01,-8.766174883053631794e-02,-1.743185976561618944e-01,-2.132657747982317498e-01,-3.297403539347341650e-01,-4.628067378450113623e-01,-1.301374266541817093e-01,-2.578133014499115472e-01,-4.286677161387498214e-01,-3.382314157136558364e-01,-8.307550114187135792e-02,-2.222730344504055544e-01,2.525612002686614121e-01,1.173826628393778854e-01,4.168718536737831548e-01,2.996049226067695748e-01,-4.306910431624536573e-01,-2.141852936828471388e-01,-4.246850806274996559e-01,-3.650859051171383429e-01,-1.508177564333698373e-01,-4.326233637512734431e-02,-1.569381211686021182e-01,5.217796732960827688e-02,-1.589994727053949397e-01,-2.342414316704118926e-01,8.903982339065076579e-02,2.115900030582831548e-01,-2.162046596328200954e-01,-2.423281782392860961e-01,8.585219754134683356e-02,-3.148579012283892475e-01,-1.464068292451375097e-01,-9.121090939186302093e-02,3.452419980954383738e-01,1.657564711387392309e-01,2.346859651925673196e-01,1.816163476375652897e-01
3.443086311314731418e-01,2.321461620604522991e-01,5.334181913235671590e-01,6.834757916115200560e-01,-4.345586037085322033e-03,-1.537916521679980053e-01,6.931632606383861805e-01,0.000000000000000000e+00,2.089149484403653168e-01,-9.852021648245047614e-02,8.788774520031494841e-02,1.073222280176494153e-01,3.457431135495508956e-01,3.611466464722784542e-01,2.778016104594917962e-02,-4.186581039977687602e-01,-1.299113525548765968e-01,-2.110427015450273835e-01,6.572096556257657207e-01,4.216549695882514381e-01,-4.332029798873791582e-01,-5.197053905195465617e-01,1.846828032738387082e-01,3.012834738181871530e-01,-7.536044407257350142e-02,-4.621876279067421711e-01,-6.051369306789156077e-01,-6.704747403468999112e-01,-2.734979522964213830e-02,1.194142634742409795e-02,-2.580870266572406480e-01,-1.644930195228048175e-01,2.859333594607111825e-02,2.353322030878625404e-01,-2.314763930813224652e-02,-8.643762754955408578e-02,-5.563287271167987047e-01,-5.305177130757895432e-01,-5.776312361234771098e-01,-5.668523448962046185e-01,-3.336176731243448712e-01,-1.359212244393661062e-01,5.953015630940786118e-02,-2.064280963838287242e-01,-1.683876508304352898e-02,9.344322237293913036e-02,5.827069346438585457e-02,-6.253419262861639738e-02,8.727292276918860447e-02,4.357940912909203518e-02,3.337167291036850780e-02,-1.528396484103798358e-01,4.050138425626503835e-01,1.136450852116243637e-01,-3.364076076203831311e-01,-4.413978787706670515e-01,3.600203450976117991e-02,-6.867297853168799482e-02,-2.615587503132502101e-01,-9.473501621944017959e-02,-5.517694385827363879e-02,1.610005618486984313e-01,-2.920595804922328578e-02,2.931072241057942201e-02,-1.394087493224459018e-01,9.381978721644945729e-02,-2.704170838855320946e-01,-2.619193295255105580e-01,4.118852305842579664e-01,3.910489849818842012e-02,-4.062055169313056879e-01,-5.993161666796013032e-01,-5.843173456909224461e-02,1.935038839208333417e-02,-2.342889863887058499e-01,-1.092081826661059352e-01,-1.351885483179362801e-01,-4.152970836673294253e-01,-2.557833661772015432e-01,-3.746027716048113687e-01,-2.677154099677629961e-01,-5.075446235869349731e-01,-3.945531559011211109e-01,-6.597446344790833805e-01,-3.458500013424004593e-01,-5.085628485472046822e-01,-6.168884419345629366e-01,-5.320890088473866353e-01,-1.965378611661182107e-01,-3.767477334088439878e-01,3.647593616122076776e-01,6.673075431892533382e-02,6.003410752058361277e-01,3.970976022453276966e-01,-6.041249352436147690e-01,-3.166626730153195846e-01,-3.605619550696185782e-01,-4.319875745025475444e-01,-5.350464514616379286e-02,-6.817589903225876324e-02,-1.368892319250981926e-01,7.382977904701155947e-02,-2.350264262979484819e-01,-2.877507936057917548e-01,-1.958742516239962428e-01,2.542000771045471817e-03,-3.671403668081248961e-01,-4.369343372377615387e-01,4.101850159755421332e-02,-3.001484295085245502e-01,-1.275715777827438335e-01,7.006619151821075198e-02,5.363662840779357399e-01,2.123252738524803729e-01,2.905022835925247793e-01,1.677861599327893916e-01
1.582920385463005564e-01,-3.337038785384553730e-02,1.136956636161782774e-01,3.507242985982709227e-01,9.063598382932465114e-01,7.616429430694546809e-01,1.058069148990177233e-01,2.089149484403653168e-01,0.000000000000000000e+00,8.295509988570860527e-01,-8.986843466835825467e-02,-1.284679761936457776e-01,-4.184893612495483445e-02,-2.609706219501530811e-01,6.408968120228135668e-01,-8.915761744071552808e-02,-2.615153898787214715e-01,-2.806430559024921667e-01,2.065341667836028128e-01,3.790030182039433315e-02,-2.401872113328534786e-01,-1.576009400577525199e-01,-8.128107547268592289e-03,3.131943848665812852e-02,6.218583911509962814e-01,2.406682509521872737e-01,9.639731698310791477e-03,-9.416922264594561331e-02,-1.397494170911321443e-01,-5.935203504422557896e-02,-2.456767948111444888e-01,-4.047096355454607997e-01,-7.564388506163981230e-02,1.088163821348875904e-01,-2.030589120734012376e-02,-5.967492609979700713e-02,-2.060620060171307333e-01,-1.925218729941452211e-01,-1.590463789715659826e-01,-2.038887618802455171e-01,-9.511555728635716356e-02,-1.302773499465965656e-01,2.604973038401638408e-01,2.768079667872147542e-01,1.123749944482414637e-01,1.445180550514304496e-01,9.060071964102134334e-02,2.584092133997253904e-01,1.827048863368569420e-01,2.520258906086877415e-01,1.789030301098754605e-01,2.185477380305737849e-01,-1.186447309252081778e-01,-1.183285890431503944e-02,-2.912676019272560368e-01,-9.998135277968764334e-02,-2.215444391617020226e-01,-2.319561345154255716e-01,-3.070362792301915139e-02,1.655100099773450933e-02,7.485085642443450871e-02,1.854402658106411028e-01,-1.046353349359941121e-01,-4.891117739457374880e-02,-2.557724752915024879e-02,1.175383638043568379e-01,9.037858654286801130e-03,1.337222453464304572e-01,1.912952056039278481e-01,-1.211996238564838763e-01,-2.299006143015428494e-01,-3.654510642300084489e-01,-8.195843085812134707e-03,-3.997653689197430693e-02,2.524977300354277476e-01,-5.647425050270806629e-02,1.799485919369245845e-01,8.248417470564152476e-02,-4.346111136813149943e-03,-2.579762379993185140e-01,-2.409900694307793578e-01,-2.676470356946182849e-01,-2.106601721705499142e-01,-2.430200015198951402e-01,-1.779957725336318852e-01,-2.858860719189632582e-01,-1.584483848406655904e-01,-3.794517339868360151e-01,-3.156951149719326444e-01,-3.133191138725674452e-01,1.447454132578254726e-01,5.123349185502198283e-02,1.743273080093073191e-01,1.576595789461881225e-01,-2.615805722542752787e-01,-3.321304561641644920e-02,-3.118832691043987304e-01,-1.684036426543968346e-01,-1.188856314621533350e-01,-1.174977363436893879e-01,-1.964778536632097727e-01,6.865531973646857300e-02,-2.871543800785137934e-01,-2.169550364818845223e-01,-1.071815898250154560e-02,5.517755107840096457e-02,-3.295759866544331618e-01,-2.718043616175116473e-01,-7.270238808583347201e-02,-1.358889558069726333e-01,-1.496193611234153953e-01,-9.139481778708345716e-02,6.549892549077951376e-02,1.343569143354879925e-01,3.863380610315761965e-01,-6.583696312310109711e-02
-2.672752147912564949e-02,-1.371216400202153185e-01,-2.026079357236653111e-01,2.908633929993974503e-03,8.210122915504399765e-01,8.617670780971753430e-01,-1.223883304417856810e-01,-9.852021648245047614e-02,8.295509988570860527e-01,0.000000000000000000e+00,-4.061190521275170190e-02,-3.109309500660427730e-02,-1.400657843284737192e-01,-1.922137067400949417e-01,6.125581980296793683e-01,3.400933378313800715e-01,-1.826056201602054840e-01,-1.533502342362240700e-01,-9.486957722715870511e-02,-1.138400333517674279e-01,-8.686556088681950116e-02,9.383474751386297608e-02,-2.318453814386946532e-01,-1.444086555280589268e-01,4.870720940256021425e-01,3.295975163269455055e-01,2.849705269262071128e-01,1.582819955108924759e-01,-9.253119254011442363e-02,-2.163353547878366090e-02,-3.417137260662735931e-01,-4.752979852333896749e-01,-2.304984297473848531e-01,-1.345871906848417898e-01,-1.512123741256992948e-01,-9.140555783207421348e-02,-1.547822410222066299e-02,5.644195798773644218e-02,8.794223331455049142e-02,4.413720171184929569e-02,1.250909511035967203e-01,-3.693826846617880716e-02,8.673445979579212650e-02,2.052131007242104510e-01,-8.596046137151257260e-02,-6.349083302787734973e-02,-6.994769396313771370e-02,2.141448536431760918e-01,8.313050570270798245e-02,1.781427707595497345e-01,2.408049324485170006e-01,3.448633116406681909e-01,-3.803407103819849699e-01,-2.692163253871923331e-02,-1.174587878049055262e-01,1.479428942176715389e-01,-2.703393419402143616e-01,-1.819450586115512747e-01,1.981526484902494112e-01,2.664568594242962551e-01,1.664059821281653195e-01,3.033351127832206728e-01,-1.256599196997570667e-01,1.483088625905455357e-02,-3.070010213019678386e-02,5.557097926057723986e-02,3.126974399360026025e-02,1.962143427763913817e-01,-1.765784771880539450e-02,-9.160645400935016336e-02,-1.540660698783658800e-01,-1.751278368334356350e-01,6.317958295085850107e-02,-3.672999405806281342e-02,3.219093906186409337e-01,-7.080783343455257506e-02,2.939669065100407597e-01,3.285172558786816355e-01,1.957154705520161575e-01,-1.103317198467206328e-01,-1.078763546593639877e-01,-7.482504943547155229e-02,5.201592920297515993e-02,1.221986241983975957e-01,-2.719346261542462950e-02,4.089747154780529019e-03,1.773902138663747963e-01,-1.071842829383543721e-01,-1.550711333555836180e-01,-9.256789395443990043e-02,6.852531764905436806e-02,2.935631805452883561e-02,-7.144576792444908009e-02,2.100760382239375695e-02,-6.907598288147163978e-02,1.142699804560816240e-01,-2.341114991468113415e-01,-4.221216572531786594e-03,-1.839747455916715124e-01,-1.604261440798468163e-01,-5.790251647375209421e-02,5.340306877269433705e-02,-2.083759970455889843e-01,-1.255124127965868419e-01,2.250596405368267966e-02,-1.493268922634301832e-01,-2.013627219272166591e-01,-3.637894262126020739e-02,-1.067031027947586141e-01,-2.222647076419636755e-02,-1.660243752452454369e-01,-1.944208779757778949e-01,-2.906302448166395713e-01,-1.505028597657802336e-01,1.564365134135593527e-01,-1.818431471756997431e-01
3.435688316065496073e-01,3.039798072074550439e-01,-3.652503940877837030e-01,-1.731355892680428998e-01,-6.392160277254102518e-02,6.454121212543012000e-03,1.712181350220282061e-01,8.788774520031494841e-02,-8.986843466835825467e-02,-4.061190521275170190e-02,0.000000000000000000e+00,5.022769797163461059e-01,4.715811367815282429e-01,4.196002015321310119e-01,-6.357499447938386172e-02,2.762111936389274880e-01,2.256892857630438121e-01,2.387412282438374986e-03,1.901805218169116685e-01,2.709699276148441749e-01,1.654523394415833015e-01,-9.576968628796138361e-02,-3.091092309164271135e-01,-4.249207287001606215e-01,-1.917745722098429528e-01,-8.813740224345086027e-02,8.550494943431252715e-02,1.329401000785087328e-01,3.506056051301487120e-01,2.357322681974261813e-01,3.275459741131543645e-02,1.173923151743266197e-01,1.564465825096611473e-01,5.546562675625649891e-02,-1.847439240278852535e-01,-2.032598260169499182e-01,-1.956622950019326346e-01,2.740458193859755531e-01,4.660585686168775693e-02,1.900298896629517842e-01,6.700038630850425891e-02,2.458106608177289265e-02,-2.307762241982853901e-01,-2.406006790899637982e-01,-4.216196437578141887e-01,-4.020145131431045460e-01,-2.582848686684695028e-01,-1.713434047720380216e-01,-3.173929966834347360e-01,-3.576307333618243822e-01,-3.294031722980660937e-01,-3.732805712769141082e-01,-2.238391074299959649e-01,-1.253816274047541979e-01,1.421041218138693364e-02,1.377569937846807591e-01,3.226054469719915052e-01,2.100128694269276231e-01,2.114834131055908784e-01,1.891425913451991458e-01,2.342403438425474937e-01,1.712782502203034352e-01,2.972738839564969537e-01,3.351708903321847233e-01,-3.333261696505236404e-01,-4.231469558896466254e-01,-1.685303215941776622e-01,-2.394983922108922525e-01,9.206775976937420225e-03,1.722630538310737092e-01,5.260739506856149800e-02,2.665348301008068077e-01,1.286065254483660103e-01,4.610373405211306425e-02,2.249684731080716371e-01,5.824630309273090556e-02,3.159129372533784896e-01,3.802689651809419424e-01,2.525735910473760337e-01,-1.368053907949575987e-01,1.564220238078727898e-01,1.288992765007320462e-01,2.499563592265942880e-01,2.486051265647173381e-01,-8.427833646356339137e-02,2.603247599968429027e-01,7.338625271745867484e-02,1.802446880296051657e-01,8.579049962552887099e-02,4.152307257147852537e-01,-2.471080813230524809e-01,-7.163662606073317729e-02,-2.477473953528385453e-01,-9.848486227750551103e-02,2.987629959086772480e-02,-2.023817982397006429e-02,4.220755559450310723e-02,2.879508452552055273e-02,-1.175031301076569640e-01,1.676821513233325844e-02,3.938065537092563795e-02,2.555922968349503832e-01,4.842963497080697566e-02,2.612842805599348561e-01,-2.924542764740700740e-01,-3.164201929867647145e-01,-2.562810648958347426e-01,1.563353889645430206e-01,-2.262058799675082943e-01,-2.567476216393278082e-02,-1.491960477346531977e-01,-1.586009702949781608e-01,-2.038201451818774657e-01,-8.452187738725443211e-02,-3.691453329798555782e-01,-9.483248088357806860e-02
4.044351708972311332e-01,4.592455773390431428e-01,-3.694803188205292299e-01,-3.724826411407686916e-02,-2.193372740755672456e-01,-6.633447105636160190e-02,-1.172607220067622275e-02,1.073222280176494153e-01,-1.284679761936457776e-01,-3.109309500660427730e-02,5.022769797163461059e-01,0.000000000000000000e+00,2.983600599612319382e-01,6.392410173000713236e-01,-1.264158628290971420e-01,2.878085391171085750e-01,4.636859742058478950e-01,1.875012150949624534e-01,2.390639766325357851e-01,3.930123072379903548e-01,-2.740925626093451348e-02,-2.192168037898242494e-01,-4.790816011638475147e-01,-3.822031516272511031e-01,-4.569811111214863719e-01,-4.113759112328291279e-01,-1.760979671720140360e-01,-1.247243004167184616e-01,3.263054461849919097e-01,3.011505389689736467e-01,-3.023781987846161923e-01,-1.269084508156876623e-01,-1.029693620778200369e-01,-1.341850863785701287e-01,-2.695977988184112273e-01,-1.187663097984594518e-01,-2.302126477454297382e-01,2.747065781665629647e-01,-5.369361209561680087e-02,1.769637690721041490e-01,1.273267823088634898e-01,1.070953497957632672e-01,-3.842510855364006384e-01,-2.437034331936649978e-01,-4.936606584288426025e-01,-4.342674668702540819e-01,-4.305194641850136894e-01,-7.102545722672103101e-02,-2.127666468545015011e-01,-1.812528797861287788e-01,-5.704406115042098130e-02,-5.926315985390655933e-03,-2.440936878198821103e-01,2.351689564426200779e-02,-3.369224654155308918e-02,2.898484174092104126e-01,4.787383989957261776e-01,4.620868528015340537e-01,5.957940592817367875e-01,6.773002546403668056e-01,4.492905865114465436e-01,6.117039744269330281e-01,1.815635927977902742e-01,5.846843038306137608e-01,-3.870248830825417374e-01,-1.497911797525529054e-01,-9.796345835508224464e-02,7.213234640555901689e-02,2.585709270668352655e-01,4.539318559119119856e-01,-2.676832056686346828e-01,1.103813653985534216e-01,1.258182464878913609e-01,1.302105153746549622e-02,6.740629602785518093e-02,-3.509957573283663257e-02,1.326305652463991569e-01,2.534670176164760536e-01,3.528644047756488988e-01,-7.142054686997145740e-02,-4.552843137393677159e-02,5.778386054962248580e-02,1.491111110123318484e-01,2.273520475262316709e-01,-3.985033593391202889e-01,3.764238724168201822e-01,-2.275844463237254589e-02,2.803799451060502990e-01,-1.916420169150959696e-01,4.622053433896058383e-01,-2.761000657269953029e-01,-1.700553575892357061e-01,-3.382849055988095821e-01,-2.556518399313384426e-01,-1.140190830029605834e-01,1.362118331073770006e-01,-7.072386629617331832e-02,6.780500478649464924e-02,-1.490414965753672216e-01,8.944402968342014815e-02,1.346800827334062312e-01,4.058393811041860477e-01,1.090240590999043968e-01,3.269058510201429124e-01,-3.215897676468552069e-01,-2.320402563963465392e-01,-2.446716456361643921e-01,1.952291629160624320e-01,-5.013826875545550343e-02,-5.857407550162358617e-02,-2.640739822779002988e-01,-1.631151783326449667e-01,-2.487164277459348594e-01,-3.151820684666417072e-01,-3.671978789364114815e-01,-3.108617829941759947e-01
1.752164428755322578e-01,2.268304182388387324e-01,1.566975423762708430e-01,1.562120384068801104e-01,-1.601664488545426202e-01,-6.413857762556955666e-02,4.305891048349736461e-01,3.457431135495508956e-01,-4.184893612495483445e-02,-1.400657843284737192e-01,4.715811367815282429e-01,2.983600599612319382e-01,0.000000000000000000e+00,5.565450877583635325e-01,6.538896145470909915e-02,-1.982596606843800222e-02,-7.542444491555531927e-02,-3.037284813201100997e-01,3.849584048807496717e-01,1.448490208792616862e-01,-3.759836992497174197e-03,-3.233685211772707180e-01,3.275040050777240641e-02,1.294193549639887086e-01,4.119056843111256611e-02,-1.807953834538461868e-01,-1.908425690867618374e-01,-1.456214712630307384e-01,1.522366136976783732e-02,-9.106535354791726877e-02,-3.167200346148180828e-02,9.200813894392106951e-02,2.946011582642106830e-01,3.438385842732399333e-01,4.104827240051098780e-01,3.365894286235684429e-01,-2.776442554942826213e-01,-1.511159278365547809e-01,-2.011171640144984174e-01,-1.609245666555246812e-01,-3.279757966778089617e-01,-1.928803883072021663e-01,9.028554057801177479e-02,-1.940971050635894868e-01,-1.624126442966061235e-01,-1.841336658037859009e-01,-4.709380150239766971e-02,-2.023692588177816443e-01,-1.466703993395696848e-01,-2.061460176513048026e-01,-1.285015983824731589e-01,-3.578582938532017255e-01,6.700549608356121123e-02,-2.744970919528670894e-01,-3.474045854110282550e-01,-3.089455029641842709e-01,2.034869101829712978e-01,-5.833100467849685125e-03,9.059854814446409443e-02,-1.254584887311762514e-02,3.625782710554953381e-01,2.034857321155356391e-01,3.311062879264610181e-01,8.144587941035798251e-02,2.035626743104018421e-01,1.701686205265237062e-01,1.276913977760920360e-01,1.566911952985327108e-02,1.953039923502651320e-01,1.518535840536587300e-01,5.076904556231855159e-02,-4.533403901997195770e-03,5.448007361120665165e-02,-1.372389475682936621e-01,2.044730187658898649e-02,-4.661248118902457799e-02,6.193850489406325238e-02,-1.373429279414363187e-03,-1.596019859470479973e-01,-4.381084385138557802e-01,-1.216949773901390974e-01,-2.816737389197847552e-01,-1.304939806333544061e-01,-1.967884183246634555e-01,-1.777063014377312788e-02,-8.463418850525084025e-02,-1.999308179191673640e-01,-9.493273727123600902e-02,-2.043871251553287804e-02,3.461275975457610288e-02,1.913369245458636583e-02,1.103211518288186449e-01,1.333127929638268649e-01,3.281902130410911944e-01,-7.394411508152216872e-02,-1.836906867409296706e-01,-1.352456955504101888e-01,-2.733652217068711643e-01,-1.460001269498312215e-01,2.213445757036849870e-02,-2.231129822152279618e-01,-1.456343765952480551e-01,-3.400635600998202501e-01,-1.974209209464281856e-01,-3.556994909205946631e-01,-2.384214534473696467e-01,-3.317383829557364883e-01,-2.619739631369333854e-01,-3.194858647760832060e-01,-3.026469210551390246e-02,2.275902447158983377e-01,-1.454962643989365367e-01,1.485976259578489778e-01,-1.537969704048129140e-02,2.649085330726826462e-02,7.786583175783254318e-02
