0.000000000000000000e+00,2.437658963302241910e-01,4.538801859469994704e-01,3.891990150820195393e-01,-1.518987266112002965e-01,-1.621101824619813336e-01,4.830976617489695091e-01,2.591060567565102168e-01,-1.409406137665770130e-02,-1.374802791165145033e-01,1.924935690765005314e-01,2.754370432099331190e-01,1.559365751557260371e-01,1.108739090419311873e-01,-3.816189995949950675e-02,-8.867224008949078917e-02,-4.250744942823932171e-02,1.742375660783131164e-01,4.717780457540850514e-01,5.016487972801991768e-01,-2.818927595251439211e-01,-4.004681668344606260e-01,8.534436776155082671e-02,-2.778902224351348371e-01,-3.641297135789838824e-01,-1.004405362391305456e-01,-3.692121701554741398e-01,-2.488397761626696680e-01,1.652955309635179837e-01,-4.694925104538195948e-02,-2.763185317457024781e-01,-1.589789301514651365e-01,2.149234351520401265e-01,8.524129589395650075e-02,-4.115388076739303624e-01,-4.342745435040405999e-01,-2.477200452830621291e-01,-4.314630375616689828e-01,-2.636141450150795706e-01,-1.785985596137618092e-01,-1.507907488897263504e-01,-6.748392669093261631e-02,-1.212329124299057481e-01,-1.110058600916351973e-01,1.689095044410804936e-01,1.273225600093200738e-01,-5.298221954492916830e-02,-1.493563631509766398e-01,1.983266917389045758e-01,-3.457810454485679696e-02,-2.202923442965081663e-02,-1.031658304860548665e-02,-4.948481789906672423e-03,-2.437218399333257457e-01,-3.540476942226174900e-02,-9.303151300761354492e-02,5.813522817385629038e-01,1.981334139724634236e-01,3.116387339662907707e-01,2.588229078651482773e-01,1.902725869771540457e-01,2.801748519052822406e-01,2.669583526188487946e-02,3.351921734693237287e-01,-4.498681949282756776e-02,8.952196933966931336e-02,1.114493970497972414e-01,-1.295676599064325002e-02,5.437148766930377519e-01,2.232161418277723852e-01,-4.020569854536358290e-01,1.195691680502770637e-01,2.599493012053441521e-01,1.236496634235041692e-01,-1.379247927674201735e-01,-1.075937177967427189e-01,-1.418346947759794030e-01,-1.630555541211959614e-01,-1.332712798788371900e-01,-1.099069119344541767e-01,-6.767975228185851844e-02,5.094371338333598259e-02,-1.423639998992236866e-01,-7.484439213054690232e-02,1.512058728635434779e-01,-1.220003863478212047e-01,-2.482085930276430596e-01,-1.552194214304267461e-01,4.124358598976668455e-02,-3.923242748406786662e-01,-1.602030276404428286e-02,-2.157807489964902181e-01,2.577584916093814127e-02,-5.077785665963013839e-02,-1.432984255090640480e-01,-3.745295262833775451e-02,5.215933541231172060e-02,-7.447379605765142019e-02,2.904187021396552326e-02,-5.153350986022728342e-02,1.656451666825871638e-01,1.651826924062640423e-01,1.002123665335483971e-01,1.296084291260263810e-01,8.203974606831350089e-03,-1.946653031924165389e-01,-1.450851190240066979e-02,-4.436735313445996226e-02,-1.670401735107866492e-01,8.189333300128136262e-02,-1.606861174015448979e-01,6.422309242505415405e-02,-1.338616869029712608e-01,-9.161263033925506893e-02,2.274936771473516639e-02,1.691360846131233497e-01
2.437658963302241910e-01,0.000000000000000000e+00,5.525389513941988961e-02,4.540894655546587333e-01,-5.316157577012330798e-02,-1.935021988043522378e-01,2.737433300143012338e-01,6.604001702464032952e-01,-6.075080767349307770e-02,-5.018065534449359794e-02,1.776407337662518626e-01,5.144922622207096508e-01,-1.055455002333976627e-01,3.735929083011026997e-01,-1.076728462559114752e-01,-2.437140060473280689e-01,-3.849043572351104059e-01,-4.514558626119059143e-02,3.461825192909072091e-01,4.550802103619814298e-01,-7.378263489758449256e-02,-1.110899069972191427e-01,1.252165060884869417e-02,-1.223329603131175815e-02,-2.876967748655934187e-01,-1.415092985981341589e-01,-8.430231038895467932e-02,-1.477887878322559911e-01,-3.166166406407491252e-01,8.773515643954793441e-02,-1.845418889477654367e-01,1.705098915681947935e-01,4.293158034221766783e-01,5.124553946436758434e-01,-3.008392899142364046e-02,-4.838401127665013096e-02,-3.022638872928745113e-01,-3.473133398388941750e-01,-3.619116310005310311e-01,-4.353302027383331718e-01,-6.760354355998832165e-02,-1.538200993264715599e-01,3.292611108531436348e-01,1.884509865806508477e-01,-1.693143131810861957e-01,-1.065903310911838625e-01,1.749609071297125035e-02,-4.071975557997448703e-01,3.733183344067441539e-02,-1.462522173571121631e-01,2.245321578125528683e-01,1.040030997974766697e-01,1.482285047335455408e-01,3.032500791359743486e-01,-5.199519485896597626e-01,-5.407112046812094786e-01,4.188785060001544158e-01,6.800565446052673213e-01,2.085418395550288628e-01,-2.823887613462808255e-01,4.294928551844094944e-01,2.667673038291214493e-01,-1.657855972240701858e-01,1.523775060323753205e-01,-2.749393645985635515e-01,-2.348465929504026939e-01,-3.228507574878186626e-01,-7.655030965317487224e-02,1.431830191611669668e-02,-6.077470992317523385e-02,2.175269864972548817e-01,3.839605507699043185e-01,1.309173531848654148e-01,6.145752886307371821e-01,2.182895735265750203e-01,1.856870725811687536e-02,1.977531546688509612e-01,6.828682383455803029e-02,5.538011059957698157e-02,1.238669929722191615e-01,6.489629644075094184e-02,-1.318010587591342091e-02,-9.921156986168541692e-02,-2.006956334571288192e-01,2.482990783249687805e-01,9.760238860994339960e-02,-4.696500230586924673e-01,-4.955672324807716689e-01,-3.343417383618610406e-01,-1.075262394285721457e-01,-4.533026589656183880e-01,-3.669941777808776728e-01,5.783447973380585055e-02,-4.066745981224861861e-01,-2.730076776377101111e-01,-3.301986764223935333e-01,-3.094771141994907548e-01,-3.319860448697221633e-01,-3.802222949829666687e-01,-5.438521128999082022e-01,-5.018035630298848249e-01,-3.495043514277292318e-01,-5.193658035545717366e-01,-4.789973966863705357e-01,1.551115222264723148e-01,2.390272149746291985e-02,-6.145129413514773820e-01,-5.826526135432603670e-01,-3.378016301490351370e-01,2.320121942799242276e-01,-1.359625380498818426e-01,-6.704011062511347485e-02,-1.245974332464458018e-01,2.930005271276718282e-01,2.979101446881866622e-01,2.729994608048778582e-01
4.538801859469994704e-01,5.525389513941988961e-02,0.000000000000000000e+00,4.250836673645357888e-01,-5.437948433733615083e-02,-1.404088425126962525e-01,4.933599865056001454e-01,2.906493920019180277e-01,8.391635559629689878e-02,-2.343632157332081190e-01,7.754839715828187874e-02,9.972524466564394729e-02,1.643347256550714841e-01,1.106575076597090951e-01,-2.436741382713180082e-01,-3.302231368665871081e-01,5.186084790221033580e-02,-4.335588188119161857e-02,2.602943779934699942e-01,2.646464701038193645e-01,-1.625990225359777996e-01,-1.544915970618064294e-01,2.787921812324885562e-01,2.695168728285365911e-01,8.087785290069307229e-03,-1.429171340315480154e-01,-1.443958691559866780e-01,-1.824673593832575325e-01,-1.820612367346938903e-02,9.662910655326086007e-02,-1.576821620621667031e-01,3.398877955471296675e-02,1.099641370483050579e-01,3.465218276974853240e-02,1.761750927190575688e-01,-6.082977183253816811e-02,-2.542488357037653857e-01,-4.328129114192970639e-01,-3.214633148310072075e-01,-2.979733774136050783e-01,-2.369865533264866875e-01,-1.922620891895781281e-01,6.799923482437358890e-02,3.549366125166527469e-02,1.946173277176234673e-01,7.850969685587895486e-02,3.122753912581896496e-02,-7.796877097046232830e-02,1.205267269421201604e-01,5.828858612149490082e-02,1.071052258855105799e-01,-1.158309010825817192e-01,-1.405178851924546446e-01,-1.001859664416342027e-01,-1.581744216739487119e-01,-1.924950002704555463e-01,7.859526992889510899e-02,2.847795226093637402e-02,1.286043435957423542e-01,5.774555429891186503e-02,1.745135866198133656e-01,8.337099713235461562e-02,-1.147530842630280351e-01,-1.078123408926909693e-01,4.604121828225937740e-01,1.223180034706479041e-01,3.420650790737734814e-01,-5.584015906025575210e-03,2.700316411210050282e-01,1.062244504372392151e-01,-4.388422591631860326e-02,3.861676120933898310e-02,-2.207949878368665325e-02,1.038506564345907657e-01,-1.016622384063798311e-02,1.471264675627937356e-02,1.004759231199190903e-02,-1.971402398185838623e-01,1.564349853743107754e-01,-8.120274516802029885e-02,1.747620042887320646e-01,-1.047644556170156671e-01,-2.018391956716723279e-01,-4.012242629700638608e-01,2.069678298855793241e-01,-1.925316280467799512e-01,-2.575913211796010405e-01,-2.196608602123004961e-01,-1.532470756115505428e-01,-2.006378229219596965e-01,4.621610487303848963e-02,-1.041940452003132199e-02,-3.809499002331054318e-02,1.512507038726387532e-01,-1.293093270902134773e-01,-1.189015660779027678e-01,4.571047108563198319e-02,6.314729818703830599e-02,-5.029931929938212011e-03,5.000741700300000148e-02,8.216273540871747716e-02,7.157379627057385008e-02,1.128675622077884577e-01,8.877195966106325720e-02,7.819019334458504611e-02,7.066050533160027347e-02,-1.623485194811427335e-01,-5.021480162537632352e-02,-1.864353027424366371e-01,1.392512164721465273e-01,-9.767799506493889117e-02,1.055302248013782404e-03,3.134896208588832528e-02,8.196323570924671231e-02,2.439090900212948221e-01,-1.093543942179425830e-03
3.891990150820195393e-01,4.540894655546587333e-01,4.250836673645357888e-01,0.000000000000000000e+00,-1.325247183153785424e-01,9.319512940257926314e-02,5.867294686761178601e-01,7.392443366488941070e-01,-5.392154729277143232e-02,-5.002686779021330021e-02,3.570312693926083747e-02,4.202744155609721144e-01,1.809430358292707097e-01,5.118575883475067201e-01,-1.686218797074367781e-01,-1.453939909656263851e-01,-3.107265542051275697e-01,-8.321675105383420645e-02,2.632972223920141963e-01,3.014670042544328465e-01,-3.586730332871786997e-01,-1.941290946534557360e-01,4.204401924721316020e-01,6.219595709244517268e-02,-1.590629026377673449e-01,-5.433621274299221815e-02,-1.633461105869320473e-01,-2.000240662960058313e-01,2.072782674562957672e-02,1.184249250517775687e-02,-2.513883522624216216e-01,-8.777892957930100160e-02,2.526178164614504840e-01,1.668133275215838152e-01,1.836106943620946230e-01,1.654402500839359247e-01,-6.049090616504630979e-01,-4.944114679008482782e-01,-5.455551694385890604e-01,-5.575735180537301217e-01,-4.374826515769333346e-01,-4.868203192927179068e-01,2.403072327164617050e-01,1.298138175336228939e-01,-1.813717991307291777e-01,7.401253000841064023e-02,2.335620211757318543e-01,-3.183278596454970355e-01,1.171564633653536525e-01,-2.538722122109778392e-02,2.328277466935880780e-01,6.200142989699247015e-02,1.815831861149560522e-01,1.810912291368837190e-01,-5.276565724796330459e-01,-7.442250849886259401e-01,4.337522441261574824e-01,4.527324017080935348e-01,2.140089990408663434e-01,-6.840628721613682683e-02,4.800478103621035886e-01,3.932732544795744523e-01,-1.061736935111560060e-01,2.713223889243664422e-01,1.859665541321105231e-01,3.390100870168565872e-01,4.221758304497972430e-02,2.520970338806649558e-01,2.484562552809118918e-01,-1.625613948316018686e-01,8.243903850654696330e-03,2.064199513334954994e-01,9.015632210579267725e-02,1.172708846091234242e-01,-1.321280731696684030e-01,-1.638766728861508759e-01,-2.699207412551247187e-01,-2.457229534597776821e-01,-1.606017563751855060e-01,-1.331182411220452333e-01,-2.323470690776110181e-01,-2.714720125034284504e-01,-4.044710453023714347e-01,-1.917747492550704036e-01,2.213694829565775735e-01,-3.538216683432984094e-02,-5.407990738582966195e-01,-5.920583871667027820e-01,-1.760987315575459899e-01,-2.586034901464741576e-01,-1.026154949912350123e-01,-4.643649379085324491e-01,3.768659234826315929e-01,-4.349814123399715071e-01,-2.974740954067829346e-01,-2.781365720399996411e-01,-7.941907118675056720e-02,-2.780996438004862958e-01,-2.322199330075619683e-01,-4.471049518609039874e-01,-4.127612312912845582e-01,-4.827452259274212509e-01,-3.853540311172440891e-01,-4.535918936648752897e-01,1.974474397178388185e-01,-8.729278525084233076e-02,-5.541652677750892320e-01,-5.409433161021102165e-01,-3.899132593457321772e-01,3.437187632570148366e-01,2.839542605246964113e-01,1.328017604599712187e-01,6.685231862805415814e-02,4.860490649975891531e-01,5.025521283340385059e-01,1.135660283155299211e-01
-1.518987266112002965e-01,-5.316157577012330798e-02,-5.437948433733615083e-02,-1.325247183153785424e-01,0.000000000000000000e+00,6.129241757126684398e-01,2.245264151332442004e-02,-1.996875466772860541e-01,5.274398150319821177e-01,5.614269819616430901e-01,-7.478339480011038376e-02,-4.241176578866503316e-02,7.045965611172213920e-03,7.665914119815758765e-02,3.946566503615120958e-01,3.377710827381074088e-01,-3.792198381711252286e-02,3.726828639236916541e-01,1.556393557119208071e-01,4.721352621747655631e-02,3.625057020548952402e-01,4.196064901825717341e-01,2.324832983222370753e-01,-6.436342761362887945e-03,5.494222552125815895e-01,6.831022171634760776e-01,7.093231010167114770e-01,6.173711218986116522e-01,9.882557472617563288e-02,1.768743734941398416e-01,2.146260388531489038e-01,-5.792473696779351644e-02,-7.378440382461504132e-02,-1.857731195221963283e-01,2.138430388294975948e-01,1.064248794353631483e-01,7.561928443684702572e-02,2.077539798244476821e-01,2.897301891916424510e-01,2.643830298745837859e-01,6.406848932387879114e-02,1.711116277489557191e-01,-1.531353363187133443e-01,-1.523165883388100939e-01,-1.280697459410214956e-01,-1.901318959544501530e-01,-2.738621589440239368e-01,-2.720558966396561806e-01,-3.419106634320900895e-01,-3.525225373484867086e-01,-3.778203868170335045e-01,-2.171521746237097261e-01,-3.839672338859064227e-01,-1.911825605718116272e-01,-4.208133605379166253e-02,-1.517910970818770085e-02,-2.832817049109633278e-01,-8.018832707803272286e-02,-4.523466540469236463e-01,-3.291476988510661505e-01,-2.384232572837590158e-01,-2.312255011606288158e-01,-3.197921788094798545e-01,-1.012590783251671595e-01,-3.958448599681683999e-02,-1.103294618205089977e-01,-8.436730718188613365e-02,-1.884713233176124603e-01,1.076006153855149222e-01,4.271350524621710804e-02,2.692101391818320644e-01,3.530159641530651315e-01,6.972747930098657787e-02,1.180112718146142659e-01,1.389210891999646258e-01,1.338829577491466583e-01,1.594860735617289679e-02,1.062833798966975885e-01,1.804708989170395184e-01,3.991557738622747986e-01,2.214882775855330777e-01,3.034221510503418151e-01,2.546822346043550178e-01,1.870014364121402040e-01,-8.324798252234671958e-02,1.175955232183592027e-02,2.137935614380762905e-01,2.262664351828461706e-01,2.008805725754566826e-02,1.939169226817259173e-01,-2.119572685769199605e-01,-1.143495052403302598e-01,-1.230205745733291001e-01,-1.058938108494824476e-01,4.067266700238832827e-02,1.980417391832416663e-01,1.069671206659363466e-01,1.015676934275276250e-01,8.154651634801914073e-02,-6.186226709391867695e-02,1.331127843491181073e-01,-6.579674236031683721e-02,1.250568583904972941e-01,8.299391851778821494e-02,-2.570977468022001000e-01,-3.914652469442293503e-01,5.163990079251248172e-02,1.645750512207833083e-01,5.583889850271052391e-02,-1.092410747987209406e-02,-4.290820596074054055e-02,-4.544117328977938935e-02,-2.998781468164501418e-01,-1.251280513126633021e-01,-1.253824202138648647e-01,-2.310361168718739200e-01
-1.621101824619813336e-01,-1.935021988043522378e-01,-1.404088425126962525e-01,9.319512940257926314e-02,6.129241757126684398e-01,0.000000000000000000e+00,8.152648936323066142e-02,-1.520829259503755915e-01,4.112350105779991605e-01,7.475290754528688408e-01,3.738142666393001745e-02,7.663991194366026605e-02,2.242276651008427435e-01,2.422776364764681889e-01,2.976058475626437438e-01,5.214836805661527963e-01,1.175957087066759887e-01,2.470362669034227299e-01,-5.942829391538326234e-02,-1.569481668595908985e-01,8.406063221153702025e-02,1.742904354805177303e-01,3.562466754405166913e-01,-2.642870506317192003e-01,4.446962067117031236e-01,6.600129689469428351e-01,4.984267126580306795e-01,5.835879852122073386e-01,4.472867340666755731e-01,-7.849748008834124546e-03,1.751619964954483355e-01,-4.256504332589383099e-01,-2.263647040237923569e-01,-4.544929540373600640e-01,1.237671912698791316e-01,1.483436602780521113e-02,-1.313516909215845796e-01,1.869393191475949012e-01,1.919747757589179427e-01,2.288533696710766396e-01,-9.352991690928075252e-02,-2.095960445023033886e-02,-3.346623406867071937e-01,-3.041618787860561057e-01,-1.543305675968818513e-01,-4.886832234764149074e-02,-2.138904639505347371e-01,-1.953113873577455306e-01,-1.307861216299047169e-01,-6.218408321975659597e-02,-2.317082245405726049e-01,6.205013172582279912e-02,-3.069296465553753572e-01,-1.999152946757318250e-01,2.125317505467797657e-02,1.001832841792265824e-02,-2.804849352269576657e-01,-1.697317152871523072e-01,-4.544686851383165638e-01,-1.256965345605526585e-01,-2.568541971132567436e-01,-1.437936218882735206e-01,-1.414401360054342305e-01,7.250158664042617718e-02,1.082744189626347608e-01,2.985136023258440074e-01,-4.921872750625648496e-02,-8.066536366138392367e-02,1.091438694070348409e-01,-7.023876592158111165e-02,1.944726419195540457e-01,1.364773021915318685e-01,3.511228073030278063e-01,-1.863593491565538052e-01,-2.460969477153579152e-02,1.633278970287925791e-01,-3.596163784801343355e-01,8.231224022149208341e-03,-6.443580424426799402e-02,3.526543496216010820e-01,-1.735462918391999787e-01,2.224565374734148726e-01,4.957095504920022017e-02,3.549354709398696017e-01,-3.658847633181347980e-01,1.657149378942730233e-01,1.651236251158090806e-01,2.313149591942340044e-01,9.084841399924341310e-02,2.392077834561877059e-01,-8.815006010510142986e-02,-2.021297778316406002e-01,1.937142860204696740e-02,-1.903562485098161672e-01,-4.264825641393042016e-02,1.855600820557217479e-01,2.146084749380969825e-01,8.465154328244429982e-02,3.234042935550844877e-01,2.184472068349673987e-02,2.204785928109848636e-01,-6.382380682324238774e-02,2.257732584692221656e-01,1.076477256876116478e-01,-2.789761091729778819e-01,-3.726713851457766347e-01,1.781161020974126319e-01,2.475070557729017462e-01,-5.847905296752862331e-02,2.402702010078159277e-03,2.860807036878068588e-01,5.229721253673073889e-02,-5.179627304623289630e-02,-1.012115473031283408e-01,-1.231916039183873768e-01,-2.345763740161005140e-01
4.830976617489695091e-01,2.737433300143012338e-01,4.933599865056001454e-01,5.867294686761178601e-01,2.245264151332442004e-02,8.152648936323066142e-02,0.000000000000000000e+00,4.201518964014106516e-01,3.424319058415692951e-01,4.032275968312055633e-03,3.493573517324189970e-01,3.639865185583471274e-01,5.338283649979562728e-01,3.512877568554224617e-01,-1.217924740007321482e-01,-1.316504297621230446e-01,-2.411408303043177659e-01,-1.872791274990880800e-02,3.667599561503336325e-01,8.507248858875982034e-02,-3.866816137997972636e-01,-3.530138175512499976e-01,4.268126730744191133e-01,-2.224900750144246653e-01,-1.882879274933896285e-01,1.418360896685082369e-02,-2.872224290955305848e-01,-2.542924392900595687e-01,-1.872651672304895959e-02,-2.518653234259464746e-01,9.489990691289784328e-03,-1.068756457032003088e-01,4.304376827617948931e-01,2.280332055082833487e-01,9.444692727146893063e-02,-1.781180232853680490e-01,-2.838953936666682720e-01,-4.173558407454872055e-01,-4.664420994237288287e-01,-4.573176290544787581e-01,-2.018618834492951208e-01,-3.869806203587802806e-01,1.944206962381803960e-01,1.363092941698608729e-01,-3.168140982921413551e-02,2.157938427913722590e-01,-1.380672084481295026e-02,-2.744591734535084537e-01,1.449600711877406523e-01,1.745370397615139402e-01,1.438010158036384101e-01,1.702995846030734284e-01,-6.713124466746812902e-02,-7.517473400432748976e-02,-4.354672170633218653e-01,-4.705897681264453736e-01,2.283874954930067702e-01,4.684336874178110510e-01,3.337254539759863525e-01,1.293419791364731897e-01,5.158469481811507329e-01,4.204398092554144650e-01,-1.668444062215456991e-01,2.039074135262482768e-01,1.989497412058877368e-01,2.338306191623736041e-01,-1.305891169154451033e-02,-7.310742105756705411e-02,5.782462303685594746e-02,-2.767884340780947250e-01,4.025636759526914771e-02,4.082370341884249410e-01,2.070336466131627029e-01,1.712237673178593766e-01,-7.197096247361906007e-02,2.368748425889834891e-02,-2.339172775145120092e-02,3.716896490539983722e-02,-2.602685355577170623e-01,-6.335510352806408146e-03,-4.232050749605099083e-01,-1.743847074013038512e-01,-3.693453562678829516e-01,-2.491440593062918540e-01,-4.157991145538475486e-02,-4.977003241464285355e-02,-5.169313076103576599e-01,-4.599028649070743824e-01,-1.015038003414223400e-01,-2.185973198252243732e-01,-9.036172011965815098e-02,-2.012012497655467080e-01,-2.321983038170458841e-02,4.464727179454790890e-02,-4.126101202464285134e-01,-3.364766908840449711e-01,-2.364804131175932134e-01,-3.819621342646759565e-01,-3.610881015029814844e-01,-3.022342901064007936e-01,-1.714362184348977025e-01,-5.900592720857268658e-02,-2.258191505338094929e-01,-2.506798847076234238e-01,8.846826077522194909e-02,1.291012475184530051e-01,-2.557720506230580781e-01,-3.008313958947286815e-01,-6.011020331040461961e-01,-1.727895609810267685e-02,-1.449866978991516953e-01,-3.948585115623904351e-01,-9.061490820739788454e-02,1.030715182590127843e-01,-8.518813888761340991e-02,2.057187727165264712e-02
2.591060567565102168e-01,6.604001702464032952e-01,2.906493920019180277e-01,7.392443366488941070e-01,-1.996875466772860541e-01,-1.520829259503755915e-01,4.201518964014106516e-01,0.000000000000000000e+00,-5.362616642630572972e-02,-2.530603686107864014e-01,1.232020761523141827e-01,5.808545050002863475e-01,-7.279055140157645676e-04,5.296426873536985713e-01,-2.796336145910315873e-01,-4.439949547811948283e-01,-4.131579533672150584e-01,-1.645468741898454546e-01,1.571375967449547828e-01,3.221469357467997008e-01,-3.476161238461968339e-01,-1.790114610250321536e-01,2.902969134453940031e-02,2.144454893421719743e-01,-2.916222420868201382e-01,-2.326482518362189000e-01,-2.887075415492066921e-01,-3.993811371501445051e-01,-1.444534232958120668e-01,1.413603916843570729e-01,-2.971303326626737462e-01,1.214448488744526850e-01,2.972996494013199764e-01,4.125800718022826774e-01,2.213442911119976181e-02,4.981761257182532043e-02,-5.467152783419189088e-01,-5.985530388499479271e-01,-6.664675038063966328e-01,-7.348412683076813723e-01,-3.270622368326958074e-01,-4.368952007482803657e-01,4.335804189278660847e-01,2.640359988161498084e-01,-2.064351035804358192e-01,-1.399668991966808787e-03,3.980916136565531560e-01,-2.602030275752912347e-01,1.726189729100785497e-01,4.158043967753734943e-02,4.270133251457669532e-01,7.358901508526233259e-02,4.609042528981568410e-01,3.448626045731057466e-01,-5.278014530110957114e-01,-8.078210329828718894e-01,3.917967080146177450e-01,5.975278347182059191e-01,4.602908799210086999e-01,-1.668815920115826121e-02,6.834355021693394594e-01,5.385506344483093066e-01,-2.088279651967392958e-01,2.179027921954717895e-01,5.819317219511368350e-03,5.045512990800770509e-02,-1.568784391419631996e-01,1.632878925140664184e-01,4.477499782374174536e-02,-1.027462375535447558e-01,1.831490763133666599e-01,2.426389456861033911e-01,-7.503255678287427954e-02,4.679484041986199938e-01,-5.006215598873961503e-02,-8.121962937198665133e-02,6.223111080629264991e-02,-1.305217219966090247e-01,7.498444005777228638e-02,-2.728537619601524300e-01,-5.530184805057865305e-02,-3.834639302196324873e-01,-4.196057810833319079e-01,-3.578466659192672816e-01,3.136029981368897435e-01,-2.589539570893675258e-01,-6.723352787709703238e-01,-7.827769961651760422e-01,-2.465550608247562003e-01,-3.598475131285155393e-01,-1.932134853069335523e-01,-4.917435819563831800e-01,3.040783682001715893e-01,-4.450223911641347785e-01,-3.844232502391208284e-01,-4.619666537937614503e-01,-2.716400830253252185e-01,-4.297579040992650090e-01,-4.020343762272873822e-01,-6.073050040345926437e-01,-6.205688065327183978e-01,-4.810776289431055730e-01,-6.211872897866826948e-01,-6.322984653098906449e-01,2.920600074344896768e-01,1.044385339955048037e-01,-6.865088161236307940e-01,-7.202855444949022301e-01,-4.984463698455320890e-01,2.906653074309209495e-01,7.556136422287133836e-02,-4.010038955149172746e-02,-1.139989886928675922e-01,4.424699120174744316e-01,4.447798349721146516e-01,1.242844736878136735e-01
-1.409406137665770130e-02,-6.075080767349307770e-02,8.391635559629689878e-02,-5.392154729277143232e-02,5.274398150319821177e-01,4.112350105779991605e-01,3.424319058415692951e-01,-5.362616642630572972e-02,0.000000000000000000e+00,4.349184938716945670e-01,3.964960006390830238e-01,1.630644436196022340e-01,5.553208538364438063e-01,1.906256082461174617e-01,4.908871349319821609e-01,3.273977914200189021e-01,-7.339730183436406208e-02,2.634009581996193949e-01,7.483614738123199606e-02,-9.676049097463569615e-02,-1.522402727357332654e-02,-6.393446432155266979e-02,2.076024749490406329e-01,1.367971887086326735e-02,9.824842366672686955e-02,2.609642680384622326e-01,1.952256378734548437e-01,1.763049998772626137e-01,-8.188999698720446710e-03,-2.029185766205700014e-01,1.958073815919285088e-01,-1.910717220105687120e-01,-1.191326621668390090e-03,-1.239250199606871244e-01,1.219510575887206710e-01,-2.254930602789729788e-01,-9.244389836477139022e-02,-1.902226594334093246e-01,-1.215531943682612026e-01,-1.047433329309342548e-01,-9.744682485648502313e-02,-1.547957170225928158e-01,4.737746015575527991e-02,6.008682399476647507e-02,1.545734099781121383e-02,2.568607349209830470e-01,-3.337001759738570938e-01,-3.286440626648217678e-01,2.115247213354459754e-02,1.585874126412432084e-01,7.194126563117608786e-02,2.704008592139013345e-01,-2.473965356755757350e-01,-1.316331810200732644e-01,-3.220183582026620583e-01,-1.701893772214348732e-01,-8.549320937647003626e-02,1.407687482688608771e-01,-5.596012876050514978e-02,-1.513090559005180191e-01,8.370028725457707985e-02,1.154347432869478815e-02,-3.283694831061659269e-01,-1.600072185293403004e-01,1.302223694383718711e-01,-5.500109262244394503e-02,-2.580723939323276150e-01,-4.986455999818996676e-01,7.173707442560890712e-02,-4.919391539762198173e-02,4.245291099532705892e-01,3.021439506621719784e-01,2.711495722835523536e-01,2.034748728750672073e-02,7.898406361257750974e-02,5.831672211762515406e-02,8.516807653032998360e-02,1.887618397091844757e-01,8.574116420665360561e-02,3.482193995939257269e-01,-4.702068703480077883e-02,1.489293900829142259e-01,-1.347944220501413604e-01,2.537179766371481984e-03,-7.987908340945000518e-02,2.716128417115483158e-03,-1.459451057118888728e-01,-6.441437111124681536e-02,-1.381423472870826064e-01,-4.478807371348481753e-02,-2.391215619993318775e-01,-1.122621125289140209e-01,-2.828567068482797375e-01,5.201692550039781898e-02,-3.472017836815806668e-01,-1.405960598304901998e-01,-2.253545104027649404e-01,-1.672230001547057587e-01,-2.176220460065461659e-01,-1.436724029512647938e-01,3.537405530952417165e-02,1.152587312481511972e-01,4.788218968592500291e-02,7.464881791849155290e-02,-3.385719672093234073e-02,-5.763825793146130916e-02,8.488612624969240836e-03,2.201473866283324213e-02,-2.928537784056295390e-01,-2.733493526997239909e-01,-1.941346993493605066e-01,-3.153066104984662554e-01,-4.120779889083624470e-01,-3.247913230373539739e-01,-2.632302766909998537e-01,-1.254299513415865486e-01
-1.374802791165145033e-01,-5.018065534449359794e-02,-2.343632157332081190e-01,-5.002686779021330021e-02,5.614269819616430901e-01,7.475290754528688408e-01,4.032275968312055633e-03,-2.530603686107864014e-01,4.349184938716945670e-01,0.000000000000000000e+00,6.076561988959668092e-02,1.452733063976641703e-01,1.120495379501514482e-01,2.266110576769377050e-01,5.329898351512407650e-01,6.954845574759868088e-01,-7.895779794652558288e-05,3.929957144924487999e-01,1.520448592357861173e-01,-1.839490086608207287e-01,2.826793438262003577e-01,1.705208341381543591e-01,3.756114217199152949e-01,-2.684836923054549906e-01,2.477219655683228772e-01,6.139383558910243011e-01,5.498351532268670461e-01,6.870435376752472845e-01,2.556280764349930790e-01,-1.476613985510067395e-01,2.173916299758148762e-01,-3.107826092903106519e-01,-9.840232361591955135e-02,-3.064240427069241934e-01,4.999437956900882121e-03,-6.790989257154894654e-02,-1.703286950392617766e-02,2.293846369402762486e-01,2.597844014334420581e-01,2.341961923907533438e-01,1.301390930110071509e-01,7.698118646441866331e-02,-2.267582950354696814e-01,-1.989687570465312472e-01,-1.367412127047815396e-01,-3.070832799017978940e-02,-5.617050913052473726e-01,-3.494945450562352840e-01,-2.104271985504395370e-01,-1.773758444199715900e-01,-3.065953825337411343e-01,7.294383361455947234e-02,-5.126076802718685377e-01,-1.029886372733274519e-01,-1.630419836902466113e-01,4.440614134468251484e-02,-1.280987209112538494e-01,4.111064792172291343e-02,-4.042380341835806745e-01,-2.893413268460874321e-01,-2.250155394613125581e-01,-1.134840029250108184e-01,-2.690978064668269054e-01,-6.856808113574201780e-02,-2.371811951593700563e-01,-4.103180705378348114e-02,-2.983227085847072746e-01,-3.211940695855654004e-01,-3.388640760387360423e-02,-1.652849431775789968e-01,8.736834933464464326e-02,2.781300077900499823e-01,4.743680130097575609e-01,-1.140859318757734137e-01,4.746049897462104039e-02,2.760487858364573110e-01,-1.552519981582260178e-01,1.838168460759245781e-01,-1.421413739656035014e-01,5.473451624107164015e-01,-1.293856598302242089e-01,4.110407444423719303e-01,2.185366219396473741e-01,4.407911575075840194e-01,-4.657882617509129242e-01,3.057501754933028004e-01,1.482299452252656136e-01,2.738191447444479620e-01,-2.096136401090972212e-01,3.403939413756212895e-01,-3.673947266001330592e-01,-2.077437357532317119e-01,-2.151412850165943524e-01,-1.827175069413292940e-01,-2.483686184565492977e-02,1.766244753334414996e-01,4.604651726108873605e-02,6.753546904781580762e-02,1.766682644290228921e-01,-8.438156418247903801e-02,1.334863967712361099e-01,-1.641791966324945493e-02,1.333532389001440277e-01,9.220706134943579269e-02,-8.640299756743072268e-02,-2.857429938820175708e-01,9.939831558413109169e-02,2.125465137369651758e-01,4.924281966050656628e-02,-1.080480789627716876e-01,-8.588846834604703384e-02,-1.032149441687933017e-02,-1.500071161328364877e-01,-1.315486085950723916e-01,-1.754055258828148556e-01,-6.986862950051858645e-02
1.924935690765005314e-01,1.776407337662518626e-01,7.754839715828187874e-02,3.570312693926083747e-02,-7.478339480011038376e-02,3.738142666393001745e-02,3.493573517324189970e-01,1.232020761523141827e-01,3.964960006390830238e-01,6.076561988959668092e-02,0.000000000000000000e+00,4.298406994896393774e-01,6.540643278835237551e-01,3.885366095708543410e-01,2.702140896424730099e-01,1.365023634651134632e-01,-1.260104441525084634e-02,-9.116945835129895703e-02,9.035742288983183990e-02,7.953931730485346019e-02,-1.907352187437254543e-01,-2.307912916178274099e-01,-7.827716572367002246e-02,-2.626267960826494940e-01,-4.743176317859121860e-01,-3.049950808465647922e-01,-2.112612218044086221e-01,-1.807069369377131973e-01,1.862488578859596011e-01,-3.031604724969407805e-01,2.586924626124107243e-02,-8.308853370368773916e-02,2.013098886808751820e-01,1.601257137089810711e-01,-1.817284442402427591e-01,-4.271817485458499486e-01,-4.911014864869770596e-02,-2.400691864721997970e-01,-1.950743943728302510e-01,-2.135918832307557025e-01,4.489466724366480282e-02,-1.617128080525761236e-01,-9.613655632721905542e-02,-1.250215044889775029e-01,-1.510653086194554129e-01,9.130386845927619677e-02,-1.514653072362888708e-01,-2.788849853623114883e-01,1.283749830593677033e-01,1.408867458719487986e-01,2.636002190991461602e-01,3.482598420813723950e-01,-3.435298920421224478e-02,-4.293885849490928358e-02,-2.124380342245124342e-01,-1.473782917896486744e-01,1.945654897268406791e-01,3.265958310903187556e-01,2.369822966698934275e-01,2.532642750482764354e-02,3.622562328206727078e-01,2.247551717965399765e-01,1.010158936143222275e-01,1.236374416795004150e-01,-1.031919492007297157e-01,-2.041749107797065921e-01,-3.000069215451592330e-01,-3.099271265539280673e-01,-1.004712695664893712e-01,-1.536207542128208148e-02,2.754553258298155782e-01,1.479994874334316646e-01,3.245926282154183995e-01,3.878615611669346264e-02,-2.252974158868874532e-01,1.278485798674830476e-01,3.627011621278607156e-02,2.922304263482700670e-01,-2.609779778319163968e-01,2.855466214241880046e-02,-3.405007430918826072e-01,1.892902641245609863e-02,-2.460681980460784901e-01,1.145682551103814964e-02,-8.359262378982301733e-02,1.088165046609764208e-01,-3.051903619758713493e-01,-1.720278553120719311e-01,-1.184960185392032739e-01,-6.447542443467590978e-02,-2.425002289649684784e-01,-3.231071431977275421e-02,-1.672372294404472215e-01,9.486635287916868331e-02,-4.488925566628533814e-01,-3.567991945237745655e-01,-3.980592951162886806e-01,-4.176923229054037012e-01,-2.108374922043496358e-01,-1.044078071862296203e-01,-6.039076766149483605e-02,2.295749416845266622e-01,-8.128508308875041777e-02,-2.452755059966332113e-02,-1.991203845061926062e-02,2.151690596586493809e-01,2.366286001766723917e-03,-8.448254828021020679e-02,-5.137274938111475731e-01,-2.743971522159374676e-01,-1.747358730043912511e-01,-3.054284919795900999e-01,-2.201137548948448874e-01,-2.411193324506607227e-01,-2.942289264975539442e-01,4.644170528392976838e-02
2.754370432099331190e-01,5.144922622207096508e-01,9.972524466564394729e-02,4.202744155609721144e-01,-4.241176578866503316e-02,7.663991194366026605e-02,3.639865185583471274e-01,5.808545050002863475e-01,1.630644436196022340e-01,1.452733063976641703e-01,4.298406994896393774e-01,0.000000000000000000e+00,2.612515101870173106e-01,8.077321950452859278e-01,8.419115402771753034e-03,-7.918871052302431379e-02,-1.335256648708971206e-01,2.133678743711515599e-02,8.253697744197245612e-02,7.885328776358990766e-02,-3.293288942957232623e-01,-1.635887921617534546e-01,5.319852448534219229e-03,-2.372736600730009082e-01,-3.881719377331860898e-01,-1.006569538162635502e-01,-2.171436220445971399e-01,-3.076803065693363148e-01,1.405265901287305608e-01,3.674970458479848157e-02,-1.074802174492384688e-01,-1.580294049803791512e-01,1.420855040573149874e-01,1.867444130792412227e-01,-1.660255715743749472e-01,-1.815968824115545277e-01,-4.006670181626958982e-01,-4.473013083345943608e-01,-4.681147404933584388e-01,-4.390059552929956310e-01,-1.987763178940445130e-01,-3.060440244842791979e-01,-1.164059998409600755e-02,-1.454666621766843859e-01,-3.824863751302681192e-01,2.827585498204472983e-02,1.318318441191302093e-01,-4.410318378670778361e-01,1.578924228229768578e-01,5.099252298145075940e-02,3.082373171233892539e-01,1.429553869330335292e-01,2.615584818734719152e-01,9.701441420130028914e-02,-3.392363059316727547e-01,-5.391314277844926339e-01,2.428579961774839369e-01,5.959948403756438751e-01,4.146327800412730746e-01,1.790322540418945452e-01,6.267674256265365340e-01,5.929692650197725401e-01,-6.383305818545163823e-02,4.500921000262773641e-01,-9.596387321310821672e-02,5.656977527934525102e-02,-2.420706579795751656e-01,1.712601687636842313e-02,-1.126906648282132578e-01,-9.041169449463652696e-02,8.765742265541925926e-02,4.079277513742030625e-01,1.634933231623563465e-01,3.406704141805330655e-01,-1.455244142580725264e-01,1.344876492776065913e-01,-5.748253251326242846e-02,3.606092566296614094e-02,-2.404959169444112477e-01,-8.619552262732332881e-02,-4.298719994367454778e-01,-9.527829539532940706e-02,-4.767333143131041728e-01,-2.643835974957123303e-01,-1.139870888956901751e-01,-2.274349876866329778e-01,-5.110882183242806409e-01,-4.530658131954779511e-01,-1.008583108546132895e-01,-1.898602662624523929e-01,-2.856114095588936919e-01,-4.739763620472352001e-01,6.622352474415998946e-02,-2.837703069172780590e-01,-5.646818121581352878e-01,-4.443431385532819466e-01,-3.350733648561854405e-01,-5.123356668544284398e-01,-3.140622692419167139e-01,-5.728861419731988702e-01,-3.371921651293284805e-01,-1.551483204622777223e-01,-3.909358676238943175e-01,-3.994748508581193458e-01,2.518526060777523945e-01,1.549866269049460510e-01,-2.918410275239979867e-01,-3.720013632460103525e-01,-4.786603833172742295e-01,-7.719610753773201162e-02,-4.227671296791300770e-02,-2.716870864982111611e-01,-1.470656617855492787e-01,1.379446035935798787e-01,8.563006618377207169e-02,3.198234372575378681e-02
1.559365751557260371e-01,-1.055455002333976627e-01,1.643347256550714841e-01,1.809430358292707097e-01,7.045965611172213920e-03,2.242276651008427435e-01,5.338283649979562728e-01,-7.279055140157645676e-04,5.553208538364438063e-01,1.120495379501514482e-01,6.540643278835237551e-01,2.612515101870173106e-01,0.000000000000000000e+00,2.728263427040120703e-01,2.498879944364640060e-01,1.766328399994520348e-01,5.423797169344960617e-02,-3.551364512630741238e-02,-1.882119002268027586e-01,-1.411093690632959086e-01,-3.266461506455879960e-01,-2.533300411969544585e-01,1.583750674861996444e-01,-1.554570380057258006e-01,-1.064232848062626746e-01,-6.839190468148488578e-02,-1.793553214520726136e-01,-1.651341544965996277e-01,2.074210802558282551e-01,-3.127664838795812807e-01,9.560399293571296420e-02,-2.628614554974180173e-01,4.980248823306473310e-02,-1.694693731241899703e-01,1.460283855691279498e-01,-2.802133504900097272e-01,-8.529705441287124823e-02,-2.658498417366051414e-01,-1.714732947046810063e-01,-7.225217751102813724e-02,-1.740327422473422758e-01,-2.467852465445350141e-01,-1.684237248630480743e-01,-1.902506353208773537e-01,8.642065982618728215e-02,3.487245092049139350e-01,-1.162369690894538843e-01,-2.642793626163209564e-01,3.337804146171192143e-01,3.065926437471158672e-01,2.705101366349500491e-01,4.193358871035061108e-01,-1.563444826748386363e-01,-2.908654855330979339e-01,-1.268030425149982432e-01,-1.844521412431597562e-01,-6.914764586907339028e-02,1.263527153776135004e-01,1.126464508330895786e-01,1.662521840406878670e-01,2.548583569750980105e-01,1.595547340170191120e-01,1.708849423243782861e-02,9.618308055899849746e-03,3.815290026682210400e-01,2.208846780512440378e-01,2.298198874018758317e-02,-2.604658132538995585e-01,-1.356758561214477070e-02,-9.842585330445602354e-02,2.966615121836735369e-01,-3.658029908538529273e-02,2.377874256621042570e-01,-1.928745102056799721e-01,-2.377534973590272882e-01,-5.008538266557225477e-02,-1.454226897374432670e-01,9.368290334800706554e-02,-2.944422374826103361e-01,7.004516502265963540e-04,-5.004708775978224944e-01,-8.150934979968377236e-02,-3.328346155507462822e-01,-3.980623429950045505e-02,-2.342764823981514088e-01,6.700592579300022888e-02,-1.751376443509891634e-01,-4.667430170131146860e-02,1.004102778721447237e-01,-1.370570888372482365e-01,4.217118663533023226e-02,5.636548596584754073e-02,-1.634063658529723850e-01,3.574332817510823546e-01,-3.383370164949509040e-01,-1.410158502584206719e-01,-1.239803096848647174e-01,-2.337916824595365206e-01,-1.982583299997829063e-01,1.477907475484259957e-02,1.683798275020445823e-01,3.334598277589339022e-01,1.616037698950910373e-01,1.355195473565223296e-01,-8.591488177250468372e-02,1.950467250047837053e-01,2.367674603024940705e-01,1.599983651501195869e-01,-4.582667190832264703e-01,-2.480589018664372813e-01,7.406748006814317664e-02,-4.162421280748933028e-01,-4.703949889765040443e-02,-2.097998713179934360e-01,-3.469501603463377992e-01,-1.585218867282064126e-01
