0.000000000000000000e+00,6.912860199616872592e-01,-6.956636252249757957e-02,1.958348101357083870e-02,-2.206836698512732731e-01,-1.999452113955270949e-01,2.539834625722658945e-01,4.914715820440969107e-01,-2.205570533738587524e-01,-1.243524478654629839e-01,5.455230580422150144e-01,5.268168442895739823e-01,3.185912780199083305e-01,6.855289507012225780e-02,-2.363814726180355485e-01,-1.891235267304556544e-01,1.252018756352517130e-02,7.668976282177840387e-02,6.330359102284640604e-01,6.307153118268731262e-01,-6.273010614865989765e-02,-2.186216199371205371e-01,-3.610082726392576657e-01,-4.264391521405645480e-01,-6.088348466660942204e-01,-4.807093075753680611e-01,-3.474552866172844201e-01,-3.352778783009641717e-01,2.691408352046149588e-01,7.340085692468988066e-02,-8.724168835975425196e-02,-2.328636388252515455e-01,1.031932553916901397e-02,-6.271050538217796955e-02,-4.320062695979660639e-01,-4.926443760511537429e-01,2.762159811090714873e-02,1.539314583606155723e-02,-8.591632092488180050e-02,-1.150501805411075773e-01,-1.706733944114988966e-01,-2.644533181944398459e-01,2.846555546894762728e-02,7.754783440147706985e-02,-1.962109917316913754e-01,2.336428586756357506e-01,1.706648285125077213e-01,1.240678549098811201e-01,2.553122509118050942e-01,3.170603150744549792e-01,3.413604769477152634e-01,2.701156944400510129e-01,1.714043680327327901e-01,2.709085485172282315e-01,-2.611921169676479360e-01,-2.032928406668408072e-01,5.449251250390151347e-01,5.419351987746198196e-01,3.417296252120495259e-01,2.329554653967636224e-01,4.527316708362212339e-01,2.500867959623652714e-01,2.440810366243288329e-02,-1.576050427113784638e-02,-5.064705690766643231e-01,-4.076892575149148046e-01,-5.064895449047224218e-01,-3.852914457225050104e-01,4.616477243344298542e-01,4.008343119457706272e-01,1.083030093468444061e-01,3.637614142896692937e-01,3.919684772330581657e-01,3.249201493780980443e-01,7.200742179803265586e-02,1.557784591182239664e-01,2.710379439437395899e-01,1.651011292734614055e-01,-1.093353535182001596e-01,1.456362281687502147e-01,2.241128895689724690e-02,-4.504631267964170904e-01,-1.537505279282226078e-01,-3.203524751827230288e-01,-3.596012836945201574e-01,-3.127177415371211189e-01,-3.480813700141018319e-01,-3.916043522978262525e-01,-3.874837536526143378e-01,-2.831585718848719235e-01,-1.551670470296975524e-01,-7.541194765542620637e-02,-6.377507150838333805e-02,-7.750460612739394628e-02,1.042356068354573090e-01,2.865531542210482119e-01,3.045572282996859489e-02,2.084192698497197294e-01,-2.551720627498212449e-02,3.473578556537790796e-01,-2.252631155299677779e-01,-1.073227897948519083e-01,-2.004901931948030736e-01,-5.894216672743787105e-02,-1.653798555072029663e-01,2.661234927050238827e-02,-3.894205547818035268e-02,1.600338546955309693e-01,9.124928885015103769e-03,4.521343971498648778e-02,4.134850437999799261e-02,-8.802081219654564470e-02,2.030740153879512927e-02,1.347741313151820941e-01,-2.828343899730741129e-02,-8.613487611858014481e-02
6.912860199616872592e-01,0.000000000000000000e+00,-5.647237006044299179e-02,2.085997973433167674e-01,-8.499749836931481950e-02,-2.663586633873818994e-05,-1.200825778876310895e-01,2.334237205928359205e-01,-2.903433746536526194e-01,-2.345200668519459297e-01,5.673935105152826397e-01,5.940115783458114196e-01,-1.801713484860950273e-02,8.918019453293117571e-02,-3.592795510155355476e-01,-1.573680950635558962e-01,2.931042576322556714e-01,2.878186135391603839e-01,6.510163489102370749e-01,8.157961156202335751e-01,-8.821555228762101297e-02,-2.779756086844804019e-01,-3.104946764503041523e-01,-1.993528903705419075e-01,-5.341408343861759889e-01,-3.663410862044691463e-01,-3.112851861775443596e-01,-2.600275346109477415e-01,4.149824742250703413e-01,1.868617365173675382e-01,9.505316995199374064e-02,-2.015325129604282964e-02,1.940022413935500178e-01,2.459658807045083384e-01,-2.459548216740083115e-01,-2.571159536109954846e-01,-5.112139952398448567e-02,-2.287091747113905171e-01,-2.994702906552505414e-02,-6.204397322125090181e-02,-2.026216690609322357e-01,-2.455640840170852934e-01,-2.809340443039228252e-01,-5.599516561748149601e-02,-4.253519381572923863e-01,-5.108729606239448273e-02,8.503089659590193361e-03,6.701725144572283355e-02,1.048945259725245910e-01,1.747620925784587609e-01,2.386850989564880399e-01,2.761049242354859379e-01,1.141545617495745152e-01,1.124114458456867138e-01,-1.178251656304842437e-01,-1.573080447022803252e-01,7.520797896869392263e-01,8.038291743015103519e-01,3.909988245823374786e-01,4.492843884840638791e-01,2.140304569070973495e-02,-8.831003858488889469e-02,1.317736791778223726e-01,2.086362052794378530e-01,-5.406464467829954490e-01,-3.679475589931963109e-01,-3.468602510586913934e-01,-1.427313922699474935e-01,6.313800316293410875e-01,5.852822386161899981e-01,8.875210553091873733e-02,3.490831468062158827e-01,2.726148216905363020e-01,3.700901147635630162e-01,-3.947011775848766751e-02,3.002231243800113081e-01,2.049104844538323644e-01,2.011691675735418905e-01,1.325017614253225055e-02,1.634326597065366704e-01,1.321548089489100464e-01,-3.326381075006470400e-01,-1.513979338137900754e-01,-1.310102288358860334e-01,-5.364687348838894643e-01,-2.701402767900006330e-01,-2.187023153961595301e-01,-2.009333911126436611e-01,-3.447672958263713894e-01,-2.616862287547792598e-01,-2.369954115126050587e-01,-5.028388431939767589e-01,-3.229226740813028185e-01,-3.481047287017076108e-01,1.118495804996666870e-01,2.488545365799750830e-01,1.164751324320378728e-01,2.281747248513501247e-01,2.776619546607192110e-02,1.469165871647025168e-01,-1.076802587739750586e-02,-1.461106910293173411e-01,1.041208966845705297e-01,5.308532705588867723e-02,4.029412464078587636e-02,-1.079945422715385475e-02,1.224745188173500671e-01,8.558778584168322268e-02,-1.560394022900586652e-02,-1.574579791087317784e-02,7.743561979525587224e-02,-3.415592635296142016e-02,7.336885828670904920e-03,1.458452145815408718e-01,9.240576387054613705e-02,2.256726964854014264e-02
-6.956636252249757957e-02,-5.647237006044299179e-02,0.000000000000000000e+00,6.157457656382612221e-01,6.510332618349601308e-02,3.729231819711919527e-01,4.835581293496724609e-01,1.711920877982973099e-01,1.706507576027690432e-01,4.636424541322938832e-03,6.290048318020607931e-02,-1.290134316594828967e-01,3.718961739630280428e-01,2.288639697510514159e-01,3.474826011935967518e-01,3.892736142725493620e-01,-4.072967062148208917e-01,-1.382481194307577654e-01,1.062564130429680467e-02,-1.375283087091926926e-01,4.133988735394937275e-01,1.595095315663200841e-01,5.399987499854697059e-01,6.526257792946226211e-01,5.904498707153321702e-01,6.432248220876818356e-01,7.258452574012760339e-01,7.500671586760803145e-01,-2.092670723127165178e-01,-1.722210456737158224e-01,5.662692400346229782e-01,6.754911434505080914e-01,4.058087500006426485e-01,4.710134999046853843e-01,5.640402585043856609e-01,3.599165001684257459e-01,-2.353210945810029764e-01,-9.610921351442049121e-02,-5.181686181391842450e-02,2.090468225594195040e-01,-9.570124399752939770e-02,-7.234774122572493193e-02,-2.926887154892216514e-01,-1.752088550004930745e-01,4.740218208250458060e-02,-2.269713529917330441e-01,-4.665720146525750844e-01,-2.844744225437916829e-01,-3.519172954253695362e-01,-3.512466801423625995e-01,-2.215021732025299062e-01,-3.807120517690046890e-01,-4.650753390448157942e-01,-3.667101735780203819e-01,-1.172941652067724938e-01,-9.823555338848499741e-02,-9.408746228867381767e-02,2.182818653154875582e-02,-2.647775638915833563e-01,-1.949146135766344767e-01,-1.235304551808287347e-02,7.031981952368313027e-02,8.333669098729756808e-02,1.103097327787629089e-01,5.811046544114665258e-01,5.159942698236166247e-01,5.753451814055584590e-01,4.477256971690198317e-01,-2.127598574948211529e-01,-1.162946439896911099e-01,4.246310460495221206e-01,4.793036543083351586e-01,-1.014886780885913553e-01,-1.426669865332384768e-02,-1.352083817187777204e-01,6.116095081180252663e-02,9.008752970770048107e-02,8.429804954904387970e-02,-2.133816544188339437e-01,1.248161197779101284e-01,-1.127504317382948956e-01,3.079877816370404919e-01,1.644782771841475644e-01,3.872003516205858031e-01,5.201220379094272372e-01,3.801353626155565824e-01,5.004678052823492429e-01,4.245670011553512868e-01,2.509440585095326637e-01,2.983932394165996760e-01,5.998803220602474950e-02,-1.557347125717521985e-01,-3.404034912677291191e-01,-1.526139029520674761e-01,-1.951496677261725377e-01,-3.598430011580856184e-03,-3.156654806142754621e-01,-2.427808753035002043e-01,-4.846391061062022554e-01,-4.235313274995685662e-01,-9.716101221009069977e-02,-4.966182469323768278e-02,-1.630103277891626473e-04,-8.886344277590266238e-02,-4.977400915359411204e-01,-1.798906697139617816e-01,1.688632918255693616e-01,-2.683167888629545139e-01,-8.233029913840309022e-02,1.184302628341626744e-02,-5.172673087241924650e-01,-5.196208517536272664e-01,-9.536166596001513507e-02,-2.009282238964202327e-01,-4.669323818718416619e-01,-5.067174268813555704e-01
1.958348101357083870e-02,2.085997973433167674e-01,6.157457656382612221e-01,0.000000000000000000e+00,9.855377417029438994e-03,1.034916908071807085e-01,2.816215328850276145e-01,2.594085231231000321e-01,-5.835063978890410452e-02,-6.610085372398576131e-02,2.566488345274655081e-01,1.846645550571136829e-01,1.794026393595376800e-01,4.356183979908256898e-01,9.041371620618272875e-02,3.775562883977007234e-01,-2.539535232440354173e-01,-2.078643869514076037e-01,1.724675256739080231e-01,1.999807190901785880e-01,1.385268136214632406e-01,-7.429517251930051192e-02,5.042927277038473655e-01,6.455360226668716006e-01,1.476820360605821114e-01,3.164022240193148372e-01,3.451446921891037634e-01,3.379190807197585134e-01,-1.785748529181251654e-01,-2.378520903569469602e-01,3.054888865040723545e-01,3.500135136012725856e-01,4.527611236663311445e-01,5.092400998349422281e-01,5.739098371221489359e-01,4.366333208173016622e-01,-2.812230625400486406e-01,-2.695452144259555816e-01,-4.391757821944388546e-02,1.580032878127651252e-01,-9.167770663749318094e-02,-8.355382702385663607e-02,-4.800520470124535755e-01,-3.191907206299378075e-01,-1.754286384363153706e-01,-1.809100622968076166e-01,-4.831693989812932966e-01,-2.312879481940480486e-01,-2.897243585464540083e-01,-3.210820637267055022e-01,-6.276965747554538733e-02,-4.873887706966995026e-02,-2.584987363100145208e-01,-9.551384758062680946e-02,-9.948064959062941082e-02,6.598047632225344239e-02,2.184974494724188365e-01,2.803897643633014858e-01,1.335199426274110424e-01,1.369815191447856795e-01,-8.843612604856662673e-02,-1.684553014096648940e-02,2.664942185845853295e-01,3.582220096200703918e-01,2.998184787531861240e-01,3.613088909286830686e-01,4.238786767312781589e-01,5.126761034827853614e-01,7.418344700881353282e-02,1.932671553464795355e-01,1.879886064648994548e-01,3.526350271791464097e-01,-1.430721769852747460e-01,1.253297947542560131e-01,-9.041249827556634144e-02,2.648305289603581358e-01,3.002746902372527837e-01,4.345178070400340653e-01,-2.906962111950296967e-01,7.657392023980698348e-02,-2.746903535446612032e-01,1.733648532550855770e-01,5.323003531603562322e-02,3.485936634405428780e-01,2.810807138730625487e-01,4.811939427474957731e-01,4.017773317642366893e-01,4.462185814528469852e-01,4.742483651055814237e-02,1.435245228920868088e-01,-1.877629271508331199e-01,-3.823494446766209642e-01,-3.829868066526304071e-01,-4.834056917840454104e-01,-2.150205423414586481e-01,1.087672305225462072e-01,-2.204577586845247461e-01,-2.115593092767487082e-01,-4.159666998741228805e-01,-4.426967603367122361e-01,-3.327821518361155917e-01,-2.429953068794687421e-01,-1.896309420594464168e-01,-3.025867097977128495e-01,-2.565728119557709186e-01,-1.215185906646246566e-01,-4.617361827626474680e-03,-3.856521225450813550e-01,-9.610233494388974174e-02,2.856767552297697840e-02,-3.700304987844959537e-01,-4.393095554631945565e-01,-1.597522984690810943e-01,-1.244132598407832746e-01,-2.096391072501678776e-01,-3.328187835760172408e-01
-2.206836698512732731e-01,-8.499749836931481950e-02,6.510332618349601308e-02,9.855377417029438994e-03,0.000000000000000000e+00,6.394955118502220204e-01,1.726794524917765195e-01,1.118646575460747056e-01,5.561892124125342729e-01,6.115271039248797447e-01,-8.329635765535065017e-02,-1.245475831661230492e-01,-1.347828061469011351e-01,-1.106723059525540204e-01,3.646131586164203520e-01,3.261866471274307289e-01,5.104307597287267850e-02,-1.513446731737097262e-01,-2.771211395466626759e-01,-7.666758506851879817e-02,-1.107052678287624541e-02,9.891972691197624401e-02,1.299239346327004940e-01,8.032645210985744910e-02,1.909837948318379164e-01,1.024045889452574465e-01,2.456780152972321551e-01,2.560730910310387576e-01,-5.474024321263923354e-02,4.630101977377378691e-02,9.552539619471218935e-02,8.227338833968857179e-02,-2.077644456223593297e-02,2.916987383121743063e-02,-2.548124724128449439e-02,-1.038882711570863204e-01,-1.767644491005045948e-01,-2.492257297584715703e-01,-6.558436422180738412e-02,-1.526652085749256038e-01,-3.727232763382441749e-02,-7.902619534736712859e-02,-1.286344059130902773e-01,-3.373819188508683092e-02,-1.610262988758225933e-01,4.354436175115171392e-02,-3.868852504137930137e-01,-2.453357944193061690e-01,-2.026808302594096389e-01,1.355245324344096607e-02,-2.996753457231897677e-01,-8.667287284378516476e-02,-2.108908569231005559e-01,-2.073704285632040623e-01,1.961952243841919366e-02,-1.013719753124260464e-01,-1.451611140896175434e-01,3.109992142155140055e-02,-7.991655770569236483e-02,1.393079064659512589e-01,-5.397824240893749070e-02,1.372175478637114310e-01,6.143143291571403347e-02,1.383527715510297906e-01,-1.740995667413627185e-02,5.526787941057393488e-03,-2.903562568242834888e-02,-2.981138285303749219e-02,-7.175695192965604596e-02,-7.170250410057950330e-02,1.006965994039713541e-01,-4.166818397903861160e-02,-2.868451252892838255e-02,-1.251297664765233797e-01,1.620336473871742122e-01,-4.583257050394483334e-02,6.766851758909543657e-02,-1.813535879348227367e-02,9.032287803859224973e-02,-1.107098084343775407e-01,1.218761308636144430e-01,8.033916392664006145e-02,1.760705813005718212e-01,2.472074903650796629e-01,9.467401362968543010e-02,-6.380466801620442163e-02,3.147456464335316451e-01,2.182930101925444344e-01,2.611164802923738315e-01,3.102006657435303627e-02,-1.536997699001403477e-02,-4.726830470931245309e-02,-7.278957252918764886e-02,2.083833047337382491e-03,-3.007536938510164126e-01,-3.112444908310242897e-01,-1.660806850512077382e-01,-1.053781482627457085e-02,2.170968788520256376e-01,-5.667517370835364193e-02,-1.919769618720657822e-01,-7.796511141337421694e-03,-9.196665062150188863e-02,-1.314937645971684110e-01,2.598200791840997882e-03,-1.201440106522814050e-01,1.143913232493699306e-01,-3.649029881680858622e-01,-3.436714460801112980e-01,-1.412839964515039404e-01,-1.102194051194246849e-01,-9.100593537576527614e-02,2.927682482097361261e-01,-4.244786931645071482e-01,1.646193591741094281e-02,2.779571499603510770e-02
-1.999452113955270949e-01,-2.663586633873818994e-05,3.729231819711919527e-01,1.034916908071807085e-01,6.394955118502220204e-01,0.000000000000000000e+00,2.772146143870041768e-01,2.136837019034265039e-01,5.173141906224956177e-01,6.362904741368539119e-01,-2.153512892926024991e-01,-1.358273190550614851e-01,1.520838759864463242e-02,-6.966454416501242745e-03,3.608349549867652106e-01,5.231497849903000708e-01,-1.729367437921554285e-01,-1.808068221013425514e-01,-3.557913809660947502e-01,-1.549538774135997277e-01,8.671580611125145888e-02,1.823209698847984284e-01,3.137285629741727311e-01,2.673361477336200775e-01,3.305447753273953460e-01,2.095615757529852852e-01,4.075970379744875416e-01,4.984632463524257262e-01,-2.951831414223444749e-01,-2.012542496340911924e-01,1.908264747401486328e-01,2.361233419120747912e-01,6.140738306651630229e-02,1.080641060443848778e-01,1.379748019303679851e-01,3.004648558320372614e-02,-1.720421295458892941e-01,-2.878392424844579689e-01,-7.303196650479833706e-03,-2.923821373563138121e-02,4.750731810068439115e-02,-1.346601719251386831e-01,-1.770993827254767894e-01,-1.135262863087319468e-01,-1.003229725604529859e-01,-2.046943561303784798e-01,-3.804835536124748785e-01,-3.339574533533431477e-01,-2.739615974181734970e-01,-1.146066932514435144e-01,-3.083141813498985195e-01,-2.132005725795874662e-01,-2.654505011741862264e-01,-3.638968429625314416e-01,-3.443080960962516951e-02,-1.784917067942598523e-01,-2.140130515315617210e-01,9.270996896726098335e-02,-1.529399472518010727e-01,1.278003359505352488e-01,-4.261434218908993071e-02,2.678597748841464732e-01,3.060277002298708235e-02,1.884147779758081898e-01,1.112445849608719589e-01,2.129012173272353814e-01,1.527027539825335789e-01,1.103357002774585927e-01,-1.852988123508854390e-01,-1.657560467510089952e-01,1.339490677028846721e-01,2.147494842751770938e-03,-2.290745926580037006e-01,-2.581062479293689260e-01,-6.151595057784516041e-03,-1.514380639754622226e-01,-6.554627037591288785e-02,-1.597327284556702975e-01,-8.579909037180862008e-02,-7.239022294196698071e-02,2.589894025676285974e-02,1.528044494163335043e-01,3.328949281005989524e-01,4.897349659073185202e-01,3.074601926089812198e-01,1.078606980913312113e-01,3.230846099737165744e-01,2.987348484783724500e-01,3.350755027238379591e-01,1.642192297075265317e-01,4.225575977385391535e-02,-1.790139568873008458e-01,-1.231261540360068241e-01,-5.941713758328910459e-03,-3.234870911330769983e-01,-2.626089329626696278e-01,-2.697156311192956402e-01,-1.265528691507750991e-01,8.390726250326037416e-02,-3.104354777550106248e-01,-7.825590299351686818e-02,-3.055681062810740659e-02,9.707018596189803672e-02,-1.045620636717119328e-01,-9.136851217078922893e-02,-1.983176009136567441e-01,3.981462644369198056e-01,-2.590484751004683561e-01,-1.128745766453192745e-01,-7.832108633339666948e-02,-3.200510421604859101e-01,-2.158108200971930457e-01,1.400231790300573986e-01,-3.172870318283599333e-01,-3.444702955011194265e-03,-1.223911074189235892e-01
2.539834625722658945e-01,-1.200825778876310895e-01,4.835581293496724609e-01,2.816215328850276145e-01,1.726794524917765195e-01,2.772146143870041768e-01,0.000000000000000000e+00,6.325706632208055735e-01,4.050176964232232724e-01,4.305185534794176427e-01,1.071460732600720417e-01,1.442213735999268442e-01,6.558553362988529534e-01,3.665896519971739154e-01,4.547338028143579902e-01,4.534155791914820099e-01,-4.472330764914206336e-01,-2.304920100114364878e-01,-1.219197391189802415e-01,-1.765319806053270157e-01,1.746265957706501920e-02,-2.291447657539415553e-02,3.378186931700160600e-01,1.506645449986606933e-01,9.952071946251045409e-02,4.874338324707103848e-02,1.723105978783930348e-01,1.607528580307091282e-01,-1.969530171492991921e-01,-1.605801591295181741e-01,2.647173817681236496e-01,1.241842169862581308e-01,2.266976881812516886e-01,9.279162107655643255e-02,7.479103042685439351e-02,-1.031047572064877210e-01,-3.093706584280341287e-01,-2.027895022936773151e-01,-1.873776181995997492e-01,-1.285777363559353903e-01,-1.840027003598582178e-01,-1.512540810377029088e-01,-1.414508372516394830e-01,-1.545989110177642678e-01,2.689741240882612822e-02,2.734899102349492780e-02,-2.631691064360526244e-01,-3.232833723871671450e-01,-5.391263295454671450e-02,-1.416105943710525006e-01,-5.454277707434622424e-02,-1.659971638488253465e-01,-2.264933234535219664e-01,-1.138753403949122472e-01,-1.958520974267200510e-01,-2.139982175021017674e-01,-5.427117994246979243e-02,8.196247688641224161e-02,-2.618078195800739583e-02,-1.035170640463439068e-01,5.455731899577471733e-01,5.199679939450799759e-01,2.962576861329769828e-01,1.708786810752172536e-01,1.207019055817755704e-01,9.844588868487408329e-02,5.289422253721234174e-02,-1.789381809290781569e-02,-1.320628454944137997e-01,-5.494780933787547089e-02,2.636704793652164258e-01,2.865494833674115394e-01,7.308027353084055322e-02,-3.291197173113023788e-02,2.225409290288617448e-01,9.413151307366956350e-03,4.152770577689158249e-01,2.812620965453001554e-01,-1.407097640096940661e-01,3.931640378525585316e-02,-1.395878071755078387e-01,1.333884452739267923e-01,1.897425632071612633e-01,3.323815454693425098e-01,4.428756191537998044e-01,2.067060827553986735e-01,2.044995963558113028e-01,9.940477203973967224e-02,-9.309580587544059871e-02,3.815907923211411812e-02,-1.773628451663583350e-01,7.307356398611634246e-03,3.587525594576418397e-02,-8.184783263332261541e-03,-2.551373031035535921e-01,1.674705743227685936e-02,-1.805969562522286020e-01,-2.274456631884092250e-01,-2.007136493409770184e-01,-2.306592968655412079e-01,-3.275664164924335098e-01,-2.285265369971934551e-02,-3.385638839892833873e-01,-2.529256263965058427e-01,-3.283253162189979646e-01,-5.410177936923946801e-02,-2.838418535218275793e-02,-3.987434619004768810e-01,-9.843562463148257391e-02,4.726176188416571222e-02,-3.955697629176878616e-01,-3.030839004285956206e-01,-1.960151037109291589e-03,-2.280081239451535458e-01,-1.790257124675879163e-01,-4.121187077605436566e-01
4.914715820440969107e-01,2.334237205928359205e-01,1.711920877982973099e-01,2.594085231231000321e-01,1.118646575460747056e-01,2.136837019034265039e-01,6.325706632208055735e-01,0.000000000000000000e+00,2.828341286942569477e-01,5.115075239283649600e-01,1.104626973348958457e-01,3.931839648393703479e-01,4.119867797081748773e-01,2.981828966369479694e-01,9.417193235971134391e-02,3.584690817099416282e-01,-3.109295627829793407e-01,-1.780808671846353108e-01,-2.389193120326712008e-02,1.295627335054780060e-01,-2.084415236509566394e-01,-1.548780242456647416e-01,-7.053612037625045517e-02,-1.896368985391504169e-01,-3.268881998023840385e-01,-3.744368074865410678e-01,-9.765136766543125457e-02,-4.450464889547172537e-02,-8.000127491777148103e-02,-1.725029229602639547e-01,8.481002441588792731e-04,-1.829233292330534610e-01,1.867001179460120730e-01,4.485811893121577354e-02,-1.813049333218322012e-01,-3.526309403693490552e-01,-2.724474546879693260e-01,-3.177094693088259314e-01,-2.402548012861413784e-01,-2.608008418412585128e-01,-1.516564831285798221e-01,-1.850095377911962491e-01,-5.673328543311536437e-02,-1.699071722754557645e-01,-2.987672526763183317e-02,1.334455445615193581e-01,-2.636369097143461890e-02,-1.408587676465361538e-01,6.003750885483186139e-02,1.611800221116165555e-01,2.268599874218671653e-01,2.231280789825796085e-01,2.042682033162503130e-01,2.009038093172662298e-01,-1.030615179006130061e-01,-2.024587954439793780e-01,2.345313919971083738e-01,4.894306258267003829e-01,3.584190869569815474e-01,3.837656750049936449e-01,7.047612950558885814e-01,7.321886116548533829e-01,1.840052357870090860e-01,2.168055382345764892e-01,-2.431853770776973012e-01,-6.674629117623263885e-02,-3.041817218814512613e-01,-2.082532318502457735e-01,1.412277222365945772e-01,1.827731336864708844e-01,7.710893530214581182e-02,2.323062333162747573e-01,1.193854602862054193e-01,6.765019412171625890e-02,1.227652470069399426e-01,1.742268181378638092e-02,4.051068095754984388e-01,2.816392576562262717e-01,-1.428850083217602929e-01,8.516576032259473572e-02,-1.096273394757630720e-01,-2.043813824350674824e-01,-1.049480633771657234e-02,2.782195229319546839e-02,6.175601929400600237e-02,3.903924432194715716e-02,-4.864664267112377843e-02,-2.281476436636001026e-01,-8.785468351226939643e-02,-1.919643052649132875e-01,-1.777903475397136779e-01,-1.595029883759341016e-01,4.903250145830272133e-02,-2.029496898665646698e-01,-3.380323915918067024e-01,-2.630389561606358978e-02,-1.925781093064257987e-01,-1.673695201915507691e-01,-6.271607102990545135e-03,-1.155669779795372581e-01,-3.759128255202317526e-01,-2.623248357177123125e-01,-3.831043206812854152e-01,-3.891355315391935021e-01,-2.115427147326074953e-01,-7.310073789906824937e-02,2.099405221690184564e-01,-3.148733116320694969e-01,-1.417381899912647791e-01,-4.486480842641952377e-02,-1.625958961214401810e-01,-1.240096405271395585e-01,1.691571180387327900e-01,-3.999923948341340546e-02,7.700655735147522718e-02,-2.436868324757419935e-01
-2.205570533738587524e-01,-2.903433746536526194e-01,1.706507576027690432e-01,-5.835063978890410452e-02,5.561892124125342729e-01,5.173141906224956177e-01,4.050176964232232724e-01,2.828341286942569477e-01,0.000000000000000000e+00,7.546491291176489202e-01,-3.679215724391096121e-01,-1.320991574233878474e-01,1.170549447217013456e-01,6.825190832109882810e-02,5.208403664549308143e-01,4.856906472545685083e-01,-1.657017395731420206e-01,-2.231202024133421280e-01,-4.538436147179538138e-01,-3.249950026121845581e-01,8.581200283678123986e-02,2.067264568374001799e-01,2.502365468834549245e-01,1.011753387607731980e-01,3.529004400447836587e-01,1.098169889896333934e-01,2.826825903690990405e-01,3.448368491801930835e-01,-1.418908674729104369e-01,-2.673800058532732615e-02,7.072508813258496230e-02,7.219363755224346424e-02,8.932359155354151203e-02,-1.175832344795676304e-02,5.240033277100557968e-02,-3.753657809233075515e-02,-1.797224808508396665e-01,-7.424070479852214188e-02,-5.290086740669706217e-02,-6.612145616511060087e-02,-1.210935369772589143e-01,-3.456317648016882932e-02,3.072762465329693937e-02,-1.693647915856043573e-01,3.128708512044758860e-02,-1.016891129127624055e-01,-2.030916727143600720e-01,-3.093274780885182373e-01,-1.944190772528798239e-01,-1.347580599893051789e-01,-7.518292489277796087e-02,-9.017009032865538898e-02,7.215109614463938864e-03,-1.319597106569032063e-01,-1.296610983795436767e-01,-2.104687189542093495e-01,-2.447063172742943438e-01,-6.242590285111818127e-02,-6.420488998345205700e-02,4.234303892314239537e-02,2.596102710155067661e-01,3.472933083854743974e-01,7.315733194098571202e-02,5.646176448680472609e-02,1.311366238250917526e-01,8.837404496493404815e-02,-4.821879905054514415e-02,-1.537256862781629096e-01,-2.382545438413331829e-01,-2.822665557253249968e-01,1.284595231028578810e-01,-2.412092977873535327e-02,-1.309448947845806288e-01,-2.119873474174709393e-01,2.640077022763292480e-01,-1.260149050707463914e-01,1.332477330316602371e-01,3.637376801289558120e-02,2.757808342619330957e-02,4.831285898384438809e-02,1.256200380016379327e-02,9.385920407587403091e-02,1.995747260641359266e-01,3.123497667101385877e-01,2.308042756009079377e-01,-8.050353660317328963e-02,2.291142962352567813e-01,9.275826307611677313e-02,1.805649561602734321e-01,-1.369385895785238116e-01,-1.475611725116991457e-01,-5.568889348150318080e-02,8.923681660875593114e-02,-9.093624075251919084e-03,-3.881988665854596565e-01,-4.050563377367615292e-01,-2.246622048882066236e-01,-3.142246480197871117e-01,2.471143995720878270e-02,-2.675575854017344657e-01,-2.742301506324212879e-01,-6.644000159896475133e-02,-2.770168686792870427e-01,-2.287469533030854763e-01,-1.023824362207060856e-01,-1.124883542745244713e-01,1.610557293290797443e-01,-4.601502204669611906e-01,-1.153194009735385439e-01,-8.508717774432029979e-02,-1.556653044074539638e-01,-1.701476374278081127e-03,1.706027226374126904e-01,-1.387503970999290626e-01,1.411369227213412902e-01,-1.643396656823452873e-01
-1.243524478654629839e-01,-2.345200668519459297e-01,4.636424541322938832e-03,-6.610085372398576131e-02,6.115271039248797447e-01,6.362904741368539119e-01,4.305185534794176427e-01,5.115075239283649600e-01,7.546491291176489202e-01,0.000000000000000000e+00,-3.444761483037225847e-01,-1.058327935256151431e-01,1.634562322933450496e-01,2.749389442397688621e-02,4.769994455371147080e-01,6.029964258299337354e-01,-2.416682081651349567e-01,-3.501986159365855222e-01,-5.807188400748544144e-01,-3.048109667777009757e-01,-9.654630684970026688e-02,1.129344334861223792e-01,1.865121176117883195e-01,2.202059742888946500e-02,1.169883800685965064e-01,-9.785226693343768156e-02,1.120726070042959432e-01,1.769101665692858205e-01,-3.420490530888543046e-01,-2.084684635737791836e-01,-9.577983917643889678e-02,-1.282028615736049426e-01,-1.440719362316511265e-01,-2.215980390469785566e-01,-8.543611570765576035e-02,-2.139739669218827522e-01,-1.558367149754841252e-01,-2.318716770675572914e-01,1.037731715248380732e-02,-6.953645938229732759e-02,-3.068482449628149797e-02,-6.399575484422055649e-02,5.661189634960758083e-03,-2.068503977923006332e-01,-3.670081995768342820e-02,-5.936677608191634481e-02,-1.699322881887222469e-01,-3.242834679540710918e-01,-1.861214145467489922e-01,-4.496380264928357545e-02,-1.949590055262472865e-01,-4.126539481146923594e-02,-1.143518452234019295e-02,-7.801146663732208553e-02,-7.023896214614594458e-02,-1.534925254334002787e-01,-3.374273538156869479e-01,-2.829395585038720767e-02,-8.759369336799542605e-02,1.527355156891285481e-01,2.895905539212082491e-01,6.639480848277465874e-01,-5.169120445522742274e-02,7.525458893326610055e-02,-2.767045645094126302e-02,1.055649505054434556e-01,-2.202234808563155455e-01,-2.402263714160781105e-01,-2.630124231376040900e-01,-3.063073661094871114e-01,2.405111960734322967e-03,-9.650531282595219140e-02,-1.839269559197776460e-01,-2.389491957588675830e-01,1.789005836761491108e-01,-1.856572247829938183e-01,8.761417514447709942e-02,-3.461626588039903862e-02,-7.973059599340327763e-02,-1.360751587586605804e-01,-1.519441599555243216e-01,-2.509275470537125283e-02,2.481969977044201914e-01,3.362789817876754572e-01,1.507198023443397095e-01,-5.192661477549484483e-02,2.067909230490758699e-01,7.340015926194519424e-02,2.391524800640954795e-01,5.344857247677513648e-03,-7.143030037717194858e-02,1.932941476451458321e-02,1.999528753560104455e-01,8.068003791018119042e-02,-3.672695122761768793e-01,-3.456591515954928195e-01,-2.099709373523992451e-01,-2.296596074320316205e-01,1.377158526414965500e-01,-2.253359588014752779e-01,-3.084934775624222358e-01,-2.038426117359460818e-02,-2.159639615910614874e-01,-2.469097222486942300e-01,-7.400030173647606513e-02,-6.890604540715282444e-02,2.060164686174729698e-01,-3.747503780470156642e-01,-1.476523311753435430e-01,-5.275948713292943210e-02,-1.861794921519872859e-01,-7.481212335882100016e-03,1.526297436523587348e-01,-2.365357232697285483e-01,1.814066347013841007e-01,-4.431936991637529938e-02
5.455230580422150144e-01,5.673935105152826397e-01,6.290048318020607931e-02,2.566488345274655081e-01,-8.329635765535065017e-02,-2.153512892926024991e-01,1.071460732600720417e-01,1.104626973348958457e-01,-3.679215724391096121e-01,-3.444761483037225847e-01,0.000000000000000000e+00,5.653700154292952140e-01,3.839771832119927564e-01,3.549848734282930462e-01,-7.762334933447753715e-02,-1.609092444842458169e-01,7.924257607765060329e-02,1.873226589146729376e-02,6.483855891808630867e-01,5.578436792773685537e-01,-1.186045324385591598e-01,-1.671808173612258919e-01,-1.596524899808417775e-01,-1.712128390159741234e-02,-3.499484251665417323e-01,-1.264775499043173379e-01,-1.072393837784971771e-01,-1.606256568261195117e-01,3.222553856502670677e-01,1.863009542709181399e-01,3.355749762131046698e-01,2.256584050192756985e-01,1.984982425823712815e-01,2.472977214982438332e-01,-1.389997260258778178e-01,-1.603114249790724977e-01,-1.532119715413459982e-01,-2.284896918352938844e-01,-1.907469559136623638e-01,-1.754153457602378174e-01,-1.680480805403532785e-01,-7.802700959653484369e-02,-2.530947739877288383e-01,7.214162197326441650e-02,-1.500265217480091784e-01,9.174132912221030778e-02,-2.719750262469015079e-01,-1.817275064689582165e-01,1.490286736327781636e-01,-7.304872191652025427e-03,-2.594539839659494931e-02,-4.392984056898168593e-02,-2.907248969720836462e-01,-1.492428031018869505e-01,-2.121899993773303794e-01,-1.776155362743032651e-01,4.220194195227310874e-01,4.157511574646385877e-01,1.403553323128046981e-01,9.588258407365682356e-02,-5.915031921010405896e-02,-1.615884304097880975e-01,2.429242199429763327e-01,1.968092098298115378e-01,-3.316128093724700632e-01,-2.236763198666607833e-01,-8.900013673089503252e-02,1.091756445583766111e-01,2.233689473616394805e-01,3.571631890432664935e-01,8.397768068020687593e-02,3.390963980497994634e-01,2.102989280781715487e-01,2.095244688515901788e-01,-1.651035844550319820e-01,2.692469433051761785e-01,1.136735523252939001e-01,1.904463059316219842e-01,-6.386588801686121641e-02,-3.927951699206406235e-05,1.080983077827579464e-01,4.305405737693723117e-02,-8.741915296442925865e-02,-4.654780455709867093e-02,-1.463289526411732377e-01,-4.408575362125998626e-02,5.754004609257108716e-02,1.190689146572746111e-02,-3.241140090091521042e-01,-1.050473637688875833e-01,-2.781057841531306418e-01,-2.766634372936653818e-01,-3.575536584684504415e-01,-1.794762613649747429e-01,1.625286299666112762e-03,1.373982111820106211e-01,-1.989398435598767334e-02,9.216511050874412470e-02,-9.625652800914037688e-02,2.540448790329981853e-03,-4.480687608228764440e-02,1.251246082908836765e-01,-3.915532589393894841e-02,1.880404756669818156e-01,-6.405753658446187992e-02,4.959621528592269429e-02,5.554446636403189558e-02,1.041814270380440471e-01,-1.610957989843181948e-01,-1.922767288578844658e-01,-1.122277528525398860e-01,-3.089485568441998065e-01,-2.039469428422164832e-01,-1.135613087901678475e-01,-2.611613104968577015e-01,5.958020413244541347e-02
5.268168442895739823e-01,5.940115783458114196e-01,-1.290134316594828967e-01,1.846645550571136829e-01,-1.245475831661230492e-01,-1.358273190550614851e-01,1.442213735999268442e-01,3.931839648393703479e-01,-1.320991574233878474e-01,-1.058327935256151431e-01,5.653700154292952140e-01,0.000000000000000000e+00,1.941070097767355063e-01,5.698502946062993235e-01,-1.229977071870638622e-01,1.852452003297892650e-03,2.258710947104125566e-01,1.566380072738209062e-01,3.295745269144182976e-01,5.459685344832193588e-01,-1.964085702763511410e-01,-1.359957997084319525e-01,-3.453468976621681952e-01,-2.372247485875877415e-01,-5.325152160009828384e-01,-3.429908685218618358e-01,-3.038779458789518384e-01,-3.250819906147645599e-01,4.605055225610648062e-01,3.918135108473519423e-01,1.359077736883713972e-01,-7.974880675343160030e-02,1.975564835544144360e-01,2.905425687832863257e-01,-2.516443668206986284e-01,-2.450526563317131090e-01,-2.949883170968354285e-01,-3.399253123933437815e-01,-2.808161488512093129e-01,-2.300326238275210988e-01,-2.171681297455043402e-01,-4.762529981669615803e-02,-3.269932528593280652e-01,-1.272385317513635705e-01,-2.591133328828908455e-01,-4.190161567710840723e-02,-1.026211240713091888e-01,-7.363647897123619390e-02,3.032187938045243780e-01,2.227345585400153649e-01,3.993357500049332098e-01,4.608160371838436187e-01,1.370836144806075463e-01,1.500106746973335625e-01,6.457336148637037032e-02,1.213585767943727717e-01,5.570689331610784167e-01,6.972033182174397492e-01,5.823847355799406378e-01,5.726930646270408376e-01,2.490101730267119118e-01,2.778536805115431468e-02,4.178705654689924831e-01,5.140920951731534627e-01,-6.212175428603425864e-01,-4.110255161122778333e-01,-3.313659593236171208e-01,-6.413979308606576613e-02,3.476035477682636321e-01,5.062165029421963336e-01,-1.242905079758869352e-01,9.680911058036778538e-02,3.166043243099903037e-01,2.885175253155056185e-01,1.118228971806092126e-01,2.577013053993598146e-01,3.759207013856755153e-01,3.756600092221286658e-01,1.199660861068293366e-01,1.039197219871576955e-01,1.423835791300573084e-01,-2.038367141569409069e-01,-8.573860327270416137e-02,-3.747680756776420458e-02,-3.651686413106861595e-01,-3.008410193473241498e-02,-5.577739676963684723e-02,-6.173625896608142538e-02,-4.480667801859521404e-01,-2.756367543611105142e-01,-5.164553316536267813e-01,-6.709657061118715626e-01,-3.202693034166004260e-01,-4.788443531871651171e-01,-2.336366946036410597e-01,-9.377592138915981368e-02,-2.741413595279282855e-01,-1.531522694903877102e-01,-4.033080764863999218e-02,-1.019333888660621662e-01,-1.899830596712460268e-02,-1.463963878753151149e-01,-1.573795770276746053e-01,-4.590987363612592659e-02,1.391982013433190057e-01,1.203469505061994238e-01,-3.433535509096806437e-02,-1.411542730523173417e-01,-8.990759364713081514e-02,-1.537679984154748936e-01,-8.839661825050708355e-02,-2.856788420789709015e-02,-9.573748064082190923e-02,6.353641360767889323e-02,1.144807352125382510e-01,6.923244869855373074e-02
3.185912780199083305e-01,-1.801713484860950273e-02,3.718961739630280428e-01,1.794026393595376800e-01,-1.347828061469011351e-01,1.520838759864463242e-02,6.558553362988529534e-01,4.119867797081748773e-01,1.170549447217013456e-01,1.634562322933450496e-01,3.839771832119927564e-01,1.941070097767355063e-01,0.000000000000000000e+00,5.201482772625335427e-01,5.484136122271964231e-01,4.171294737243927964e-01,-3.397024385657623768e-01,-1.544532628656420381e-01,2.246496968051196752e-02,-1.192414000827720227e-01,4.266057114912649023e-02,-3.501311412642528487e-02,3.057403193237323014e-01,2.648223646742071113e-01,4.388200553263117004e-02,7.913620848985318534e-02,1.356481699522549544e-01,2.260004233396184226e-01,-1.086659368658034197e-01,-1.549448455599023167e-01,3.464397813085394739e-01,3.351659720950346810e-01,1.508411669674466216e-01,4.500689293713324574e-02,9.555191048060515668e-02,-5.832549396953589510e-02,-2.897079996095107135e-01,-1.866018051002006073e-01,-1.569478644527698696e-01,-2.805519854646621250e-02,-1.731607084114717976e-01,-9.279052761624213830e-02,-1.529888804345793107e-01,-1.317208983696235014e-01,-5.478636016990664354e-02,-1.235725958304892402e-01,-3.354096913307512695e-01,-4.053199549862442908e-01,-1.647048122489001010e-01,-2.924309086398575452e-01,-2.552099160565647895e-01,-3.376240384736748923e-01,-4.004632661879272137e-01,-3.399253855657350942e-01,-3.325456999148810877e-01,-3.766730214300911261e-01,-6.829941235936223820e-02,1.029547477309339897e-02,-2.653161883345730998e-01,-2.531932920404683096e-01,3.260540948755039081e-01,4.573458241029902949e-01,1.810395483418845985e-01,1.044636498119369122e-01,1.717947530327724182e-01,2.516187945936413928e-01,2.583465920038031938e-02,1.578732926326983921e-02,-2.241859270611272492e-01,-7.365245908733626667e-02,2.695446708657697199e-01,4.026360038550330089e-01,8.967143221811170462e-02,2.503660489493258340e-02,1.287457909229475506e-01,1.178804910728712269e-01,1.989018208955295741e-01,1.170409232627377255e-01,-8.575901750260603307e-02,3.024518540291712757e-02,-5.877832732284816314e-02,2.992415206032266739e-01,1.686903226605815098e-01,3.038170162693583642e-01,3.916434552867130159e-01,2.218115157946675131e-01,2.922503870911187795e-01,1.843227652314210208e-01,-8.845779129516263828e-02,4.675531248828502379e-02,-8.429288044929969526e-02,6.822952900986244129e-02,6.518576537673088922e-02,4.112824383148535462e-02,-9.176224887292518118e-02,-4.085332726002314369e-02,-1.780340903263085417e-01,-2.663509403504721873e-01,-3.380069727462223228e-01,-2.398997159369050947e-01,-2.343272734478406283e-01,7.016095405228760240e-02,-2.055610583567999694e-01,-5.173147316601015011e-02,-2.967336817181562836e-01,-1.841522972266001687e-02,1.186191403525454699e-02,-1.464160556507950184e-01,1.149016724754510499e-02,-9.500489963929528714e-02,-3.309743230492921406e-01,-3.191365167305344475e-01,-1.414681965420569454e-01,-1.536705591048356523e-01,-2.496634102643889297e-01,-1.822338805911217774e-01
