0.000000000000000000e+00,6.746557281217687718e-01,5.696596803811599941e-01,3.869251550869718392e-01,-2.234499018712014784e-02,5.724041049171586099e-02,4.092800754167337796e-01,3.432565680928373886e-01,1.961059357301238315e-01,9.295982290974136308e-02,2.035176940505124821e-01,1.568597033211543146e-01,5.472167063025868555e-02,-7.936715428077469048e-02,-5.264286753234314470e-02,-3.945961859336673955e-02,1.509442800111278071e-01,-2.073684998167994731e-01,4.982878057561943019e-01,3.381878786858422692e-01,-3.188948799106666732e-01,-3.628009761456372773e-01,2.060274338103383895e-01,4.041124653816064449e-01,1.182983743630624529e-01,8.988430633362460079e-03,3.588311998333758579e-01,-1.338926470145507253e-01,4.304634963779697260e-02,-2.219679449131933546e-01,1.992809830650189296e-01,1.647417337226011469e-01,4.311964064108306238e-01,1.977915998106997142e-01,-1.937859113700871050e-01,-3.254990717206907580e-01,-2.557697230240831288e-01,-2.348025072096411592e-01,-9.812674809035061563e-02,-1.624435677271709177e-01,-2.496320154020270354e-01,-3.707294944742470233e-01,-5.678451990010056072e-01,-4.425250212650942427e-01,-3.350110365636041476e-01,-2.980206855580866399e-01,-6.434928117964763272e-01,-4.657086657319379763e-01,-1.683464463591534399e-01,-7.512009800928593460e-03,-4.088175852964195250e-02,2.646466807202602772e-02,-3.130759637434462617e-01,-2.997107163926494011e-01,-4.424638766637945531e-01,-4.089258812589044445e-01,5.814068565479070250e-01,4.815353023632896745e-01,3.020809489710336582e-01,4.644633097971392344e-01,5.149552805009020018e-01,3.501081114453991061e-01,4.542737834922891960e-01,3.231621821200481581e-01,2.518008667933153144e-01,1.349328469795510188e-01,1.774153464274490499e-01,1.188718325145013133e-01,6.419048048923569061e-01,3.016643943928068450e-01,1.312489665668348793e-01,1.135233834743128861e-01,5.481832141824911214e-02,-2.275504764449953476e-01,-1.957508420987189302e-01,-1.123470733888094486e-01,-1.848421908724611207e-01,-2.621798298482728717e-01,1.507493833187654661e-02,-1.341100673795839887e-03,1.540506876525443714e-01,1.063342803379358770e-01,-1.610551202137706917e-01,-9.413511199238726312e-02,-6.739187307739791244e-02,3.292580526846131117e-02,3.455343266740729669e-01,-4.371000747285304355e-02,-3.737350579213176149e-01,-9.537933847271627685e-02,-5.875971405830090477e-01,-4.375282964741870062e-01,-3.129450025256640955e-01,-3.127208458199190466e-01,-2.315690873870275834e-01,-2.991710411184944074e-01,-3.887377938994802107e-01,-1.762482288202308622e-01,-4.589530125517726766e-01,-1.559135523267431711e-01,-1.659738316653304804e-02,4.467721691956552665e-02,1.120110232014425583e-01,2.974411644759301643e-01,-8.059941337623519053e-02,-7.335603404391194404e-02,-2.586659991948453419e-01,9.990432874028358501e-02,2.479469171667076921e-01,2.884006314852205488e-01,-3.422787308446837984e-01,-3.739959721947411220e-01,-5.569135806157043955e-01,-6.705031960158337467e-01,-3.652350162004783796e-01,-2.219136339189154983e-01
6.746557281217687718e-01,0.000000000000000000e+00,4.740632100895850742e-01,4.493244162605497527e-01,-1.872967893321687838e-01,-1.158872555935285265e-01,5.180883624743873872e-01,4.814285264974455525e-01,1.796995349507451295e-02,-5.396832455274040534e-03,4.601261998119867691e-01,1.709328712510743975e-01,2.072281621364332471e-01,1.782606888235361425e-02,-1.220102495554026556e-01,-1.367795139922765579e-01,7.706246790313965589e-02,5.705937132305703707e-02,5.737482966292463127e-01,4.798491258025779915e-01,-3.854941454951949509e-01,-2.714323224919272248e-01,2.926450478921472920e-01,4.403572178964626493e-01,2.104565353258307792e-01,1.578976429464818976e-01,7.355492283249449870e-02,-3.303072486836308719e-01,1.161856755354656739e-01,-1.440408569631272118e-01,3.657670702535933960e-01,3.430878533122511120e-01,6.113951944264195415e-01,4.076988157876167418e-01,1.165751502813586020e-02,-1.841435596605198524e-02,-2.987434271161941157e-01,-2.954749752020175424e-01,-3.002030792974486606e-01,-3.223898026635300673e-01,-1.819115658977845662e-01,-2.931417480584029289e-01,-4.006663869233355046e-01,-3.477722553133725247e-01,-2.915831705672682905e-01,-1.014746192492660820e-01,-3.432575086963087774e-01,-3.615952385191938401e-01,-1.818525040470511667e-01,-4.231101332572251121e-03,-1.283710458324102688e-01,-4.712356364825757982e-02,-2.839416372127990251e-01,-3.470153200186468223e-01,-3.007983821993044371e-01,-4.084640799269446121e-01,6.098727084363191331e-01,6.652883982285864306e-01,3.820350250509865070e-02,1.030912285242874676e-01,2.600542948778279406e-01,3.376545971235200838e-01,4.422208589340591578e-01,4.594485843971203298e-01,1.730277528955534161e-01,2.012848381131735476e-01,2.281013387291232486e-01,2.769687403048732288e-01,5.919616187249278072e-01,3.463044266436388630e-01,1.324538278183015061e-01,1.300954621844610526e-01,1.714842541723150815e-01,-7.202622637082976842e-02,-7.509083922056855945e-03,2.290838555833942577e-03,-1.393472247611057813e-01,-1.696364089278807052e-01,-2.374961173336088971e-02,2.294492769593025616e-01,1.842476335949935484e-01,1.301052713309998332e-01,-1.534581765109113705e-01,-1.750920456421422855e-01,-2.274733631477089679e-01,-2.493470747698356763e-02,8.396306030586571378e-02,-2.496606778530634785e-01,-2.930744198521645916e-01,-1.954293416867041444e-01,-2.811329025803649961e-01,-2.437582371772572254e-01,-3.422527798083811468e-01,-2.859752329427278084e-01,-2.667407638685435067e-01,-1.864719681335736678e-01,-1.865338120594516036e-01,-9.273987394336445644e-02,-2.370759289596994779e-01,-5.610874235424453266e-02,-2.075521653344299944e-01,-1.214353646820585247e-01,-2.679817102428226627e-02,1.231086119220417691e-01,-2.241962576551120578e-01,-1.638394179654938387e-01,-2.758027773332609733e-01,4.331208749772636618e-02,-3.950589994941895028e-02,2.819630832372970741e-01,-1.956882897009808442e-01,-1.634493803295968828e-01,-4.642459835362808818e-01,-3.831400500469871462e-01,-4.297428161887155706e-01,-3.063052551065162735e-02
5.696596803811599941e-01,4.740632100895850742e-01,0.000000000000000000e+00,8.062351368566380572e-01,3.208646974666402585e-01,4.412655365036601274e-01,7.442188710176176336e-01,6.447970965272517008e-01,4.232624562087165532e-01,3.612913299837370862e-01,8.839137535631856613e-02,-2.560243914975224300e-02,2.983022493001946662e-01,5.305739696204227890e-02,1.279042654786404776e-01,1.381148052718447761e-01,-4.636594150677003090e-01,-4.380605139553462868e-01,7.348871539617134463e-01,5.447424504155593539e-01,-1.781329787820770116e-01,-2.512935794309218984e-01,4.965470205052699981e-01,7.154077993371175115e-01,8.995354628816852605e-02,3.719391381539836061e-01,4.787972977053827073e-01,6.439922335732521652e-02,-2.236683414963975824e-01,-2.585957641098955428e-01,3.626936725199652600e-01,3.899393767053994653e-01,4.748286123342583820e-01,3.413864416885110109e-01,3.242777855083161381e-02,-1.133756860620516727e-01,-5.498227617024351588e-01,-4.717751375928930235e-01,-8.240227689625233276e-02,-2.184289740402915736e-01,-1.617683541016679272e-01,-3.940228147035220174e-01,-4.958567660212344075e-01,-3.888639339731539413e-01,-5.437998625805424702e-01,-2.187547795151279784e-01,-6.417037390520510254e-01,-5.623089993919547780e-01,-3.391729026480505560e-01,-1.574143406529203149e-01,-2.181715378021914786e-01,-2.090884389910295793e-01,-4.188302290014279117e-01,-5.064855389310586320e-01,-3.385938459832594782e-01,-4.483905823877729069e-01,-4.304781241877116138e-03,5.649121063834624396e-02,1.889763483383232467e-01,3.393534060163634347e-01,3.343304798928399824e-01,4.516155210176745483e-01,-1.196043433154718588e-01,2.783770472627673841e-04,2.597613323176805600e-01,2.564387347481157930e-01,4.710129446669977793e-02,1.537997289558674652e-01,3.381492078963898029e-01,1.945063832119592606e-01,4.636958030157395383e-01,3.653732988710732266e-01,1.592709484519678753e-01,-9.996892563217556205e-02,9.769683842742844793e-02,2.635417169293389761e-01,5.950813060926550546e-02,-9.526018215446178938e-02,-1.072126334055892444e-01,-1.939101731732490938e-02,-2.433752618637897713e-01,-3.210912419472637946e-01,-2.153380031739355605e-01,-3.738152727037987177e-01,-2.520830318502390588e-01,-2.152400524050995245e-01,2.243179868453543113e-01,2.996060158047891137e-02,-1.472858332082231381e-01,-1.752472292424809008e-01,-1.100687141023963950e-01,1.358105578262884874e-02,5.566929874935891420e-02,7.661605866451386138e-02,-1.490833903274513539e-01,-1.319215260451577776e-01,-1.391777769503436402e-01,-1.589915411609433005e-01,-1.583210329483808465e-01,-5.830991121233033286e-02,1.626788521468804372e-01,1.511056016247937228e-01,7.436417183415260090e-02,9.921977364985092029e-02,-4.802468256607044655e-02,-1.237662412887727686e-01,9.640249666676703466e-02,8.187321439584249738e-02,1.243158125715694284e-01,2.107681488138584414e-01,-2.168439103644234089e-01,-3.184404503700502542e-01,-3.075168698843182002e-01,-4.726159477866448411e-01,-2.205783394055566005e-01,7.424760371277856763e-02
3.869251550869718392e-01,4.493244162605497527e-01,8.062351368566380572e-01,0.000000000000000000e+00,1.211751712602264913e-01,3.479168447673579023e-01,7.962203996083779822e-01,8.044700069762311667e-01,2.019838843929160632e-01,3.078530466141726762e-01,1.606196641701049255e-01,-5.773307295596829397e-02,3.349087166219329448e-01,7.130360165864206567e-02,-9.450556629467576908e-02,-3.051948521354044472e-02,-5.839549621018278458e-01,-5.093055534864540101e-01,6.178535827185562823e-01,5.453720734800162617e-01,-1.942123017869610835e-01,-1.452629157261003945e-01,5.167055779700696627e-01,7.654261604524168483e-01,1.507696289306884319e-01,3.785837666498991783e-01,2.801470468051166507e-01,-5.508345094566140243e-02,-2.522199760867154250e-01,-3.245985714555069124e-01,3.275921095840967912e-01,4.393928925605699587e-01,4.484607549998246290e-01,4.584043967332261937e-01,1.288235152048941845e-01,1.375530783622620212e-01,-5.257154641462252753e-01,-5.174053920884118529e-01,-4.257748016413977210e-02,-2.662906693078052611e-01,4.230029536268881812e-02,-2.525622209058794310e-01,-4.113400693589789880e-01,-3.867445534933043327e-01,-5.006861606923092012e-01,-1.965906250078141015e-01,-5.482135995881693979e-01,-5.471758547855318788e-01,-4.289246998396615829e-01,-2.178231915372071670e-01,-2.910756204839608507e-01,-2.108658510969675937e-01,-4.581109820096468388e-01,-4.522490538128587922e-01,-2.747450802588752850e-01,-4.000825996369966608e-01,-7.773465608825572137e-02,5.085898733750320207e-03,7.051812018759041900e-02,2.304248404215966661e-01,2.954610302252558274e-01,5.344374521692618618e-01,-2.887062681667982300e-01,-1.920176469631834637e-01,2.456060448674761698e-01,4.791690165247692312e-01,1.670975304784524662e-01,3.240526534256434887e-01,2.761330837549498263e-01,2.210227748220455757e-01,3.743774714854708474e-01,2.571140024909918109e-01,1.165663622207463168e-01,-1.412162355499731181e-01,-3.978440164846900468e-02,1.473200427195876516e-01,-3.085612655495928967e-03,-9.066572808706996334e-02,-3.002978795849988725e-01,-2.541606807349051922e-02,-3.384558543487807269e-01,-4.690564780145758395e-01,-1.639182550562649221e-01,-4.008234843437648576e-01,-3.184316131666488081e-01,-8.512596787648703256e-02,1.505222076519735774e-01,1.311786624343424038e-02,-1.844223643985007030e-02,-1.961035399310944727e-01,-1.792362543631372679e-02,5.962937089084092285e-02,2.676406346364834654e-01,2.543692605016311670e-01,-1.946645220845404090e-01,-2.922794980921594177e-01,-1.907252161989760886e-01,-2.476412525243589513e-01,-1.925511041967965520e-01,-2.200441987177916281e-01,2.091502324190628800e-02,4.364081361909945972e-02,-2.396297883104713256e-01,-1.949869342497795865e-01,-8.762049890330355501e-03,-1.300495565991696967e-01,-8.760461701906216078e-03,1.024864785311642434e-02,-2.465553180447083506e-02,7.988504510055355334e-02,-2.384227202553030056e-01,-3.524958436605684642e-01,-1.275035626131575395e-01,-4.871045605339675011e-01,-2.291721506377877582e-01,2.702878692157927309e-01
-2.234499018712014784e-02,-1.872967893321687838e-01,3.208646974666402585e-01,1.211751712602264913e-01,0.000000000000000000e+00,6.265126757523512557e-01,7.672971744331016919e-02,1.021605091370209606e-01,7.707131295819871220e-01,6.421342306255072296e-01,-1.116594520207404434e-01,4.744429001129075313e-02,1.801654449044564621e-01,1.289846629650997778e-01,7.138869874051755327e-01,6.316356513168934761e-01,-1.980572196223364667e-01,-5.861951938737674367e-02,2.874673040229969168e-01,6.316726178585808926e-02,4.236957778637387984e-01,4.344658519701624089e-01,1.675479610593387791e-01,7.977594660868685128e-02,9.014582332492761252e-02,1.085224347703306613e-01,6.117032293993616143e-01,5.416783079549496449e-01,-1.032944174982969171e-01,-2.202922113202721022e-02,-5.352317739771129956e-02,-8.395630928403001458e-03,3.508958228464392759e-02,1.078394375396517502e-01,5.028867696898903228e-02,-1.862721731772642442e-01,-2.128120237770830259e-01,-9.034570223970644909e-02,4.418979064269977775e-01,9.007560954790662378e-02,1.507618616240726239e-01,2.464449385979642637e-01,-2.487937353492017389e-01,-2.028544375489517715e-01,-2.523529109943650761e-01,-1.445619244406888826e-01,-2.051762069254163545e-01,-3.107701941160736503e-01,-3.639321141313234254e-01,-3.034413805734206271e-01,-3.268664401964185839e-01,-3.105746104701109789e-01,-2.302684284222060451e-01,-3.327868704562156887e-01,-1.907902239702395919e-01,-5.026404891998045681e-03,-2.902571508084968999e-01,-3.182177670276076786e-01,2.304067162636186036e-02,4.556239846739451593e-02,-8.820687668979107499e-02,1.022110143392396808e-01,-1.375535567654556646e-01,-6.395937877914034675e-02,4.585370632183317918e-02,1.103762149990277774e-01,-1.988950468964693352e-01,-1.465335677528048497e-01,-7.084808642088209762e-02,-1.798866713638930526e-01,1.141822464116847430e-01,2.026324410402101650e-01,1.347989047705335508e-01,1.307658062467081661e-01,1.966623528261603471e-01,3.465614175395056451e-01,3.088552962709957203e-02,-5.250728558440349164e-02,3.486107378448303346e-02,-1.124618716271327395e-01,1.181619004512696886e-02,5.450292447895247611e-02,2.119658628358594976e-01,6.759657207066786799e-02,1.292010635880184166e-01,6.339926067155372824e-02,1.353763934357471721e-01,3.003354933183058351e-01,3.156325176109742170e-01,1.038530377748981964e-01,3.542658954000272448e-02,2.202994861207674404e-02,1.254548932332855415e-01,1.550150822060175904e-01,1.485793591534361191e-01,3.543804076773218736e-01,8.719310723487211368e-02,-3.420702863164874069e-02,-1.977301440592384857e-02,-1.057466598001673835e-01,1.751312836604672352e-01,9.441461184240855509e-02,-8.126296357926348149e-03,-1.386510251013132848e-02,-2.280904638545221130e-01,-3.455490734192773195e-01,2.268502668067794992e-01,2.273581540948951211e-03,-7.391221012264290180e-02,-1.261157417827228899e-01,-2.243026490692459629e-01,-1.192149354906428399e-01,-1.515435215094556864e-01,-7.351555569784866406e-02,5.939524099274276145e-03,-1.903472819472947775e-01
5.724041049171586099e-02,-1.158872555935285265e-01,4.412655365036601274e-01,3.479168447673579023e-01,6.265126757523512557e-01,0.000000000000000000e+00,2.960775820203685460e-01,3.622975652629121246e-01,6.348434479304131406e-01,7.377981933861922359e-01,-8.102557269781300586e-02,1.109538918000506080e-01,2.485874201786198723e-01,3.429591610091822229e-01,4.543529772577461490e-01,6.470098221135409666e-01,-3.498012169666990245e-01,-1.840662449194821471e-01,2.482993148348044965e-01,6.006299541329381680e-02,3.518443355913410953e-01,1.881534176619662491e-01,1.929720322652970776e-01,1.793624877695118025e-01,1.460400213982191997e-01,3.603908117311963588e-01,6.370643241151406899e-01,4.462689106405794415e-01,-1.138294091203012059e-01,-1.487127048121998987e-03,1.416086987736703551e-01,2.853531157955749853e-01,2.206060860648768607e-01,2.725245442125697193e-01,1.715882544145784228e-01,1.857804245020226383e-02,-2.566901312643605770e-01,-2.749411499740809783e-01,3.078393026102975161e-01,-9.192457133629863830e-02,2.243628681553812010e-01,8.272005674576321521e-02,-2.636336151946376827e-01,-2.283164746642531440e-01,-4.067395777779537203e-01,-2.906363238343152022e-01,-3.895539221361991600e-01,-3.397617131991923500e-01,-4.621532209331430385e-01,-4.428671330306020448e-01,-4.878655436470588080e-01,-4.314223283525368546e-01,-4.415946030031053238e-01,-3.423370254400146528e-01,-2.908762488163941229e-01,-2.830570262243635102e-02,-2.330366338417284577e-01,-1.756788302278936564e-01,-8.631019533741370042e-02,-5.937033580454081916e-02,1.228516995364777181e-01,2.909169525675778800e-01,-1.976329074834169974e-01,-1.496973601381172969e-01,8.266759347170128669e-02,2.797887530211168872e-01,-5.319865995222688992e-02,1.735886714951262108e-02,-7.651372598290212546e-02,-1.844077866162393553e-01,3.319463518037034655e-01,4.411082868530830092e-01,1.848585383755645684e-01,2.036755792586491393e-02,1.584196474417542411e-01,1.017006739335969689e-01,7.288462538918398514e-02,1.734221753799937427e-02,2.388523427829386536e-02,1.207048956373128479e-01,-5.915051447644915916e-02,-1.457661574275551375e-01,2.149994396384172224e-01,2.329484163023517324e-02,-1.769259475167542922e-02,2.315217162194421197e-01,1.028655948958288324e-01,3.168303533903567004e-01,1.658611868829072689e-01,1.349224870193672932e-01,4.957403285065582754e-02,1.002933906436337397e-01,4.002180858817109832e-01,4.065961160033856325e-01,4.637377642278567996e-02,2.200585211525543650e-01,1.204634885228067359e-01,3.896819903651706912e-02,9.700676452762142105e-03,-2.234405795366098124e-01,1.036589013225300837e-01,5.676115679334386988e-02,-2.914810389174530281e-01,-3.071997206172201178e-01,-7.094276981448564834e-02,-2.937565868887904164e-01,2.881804934618602543e-01,-6.887607050821491217e-02,1.148858688980038262e-01,-1.330475833222404258e-01,-1.553824111911495109e-01,-3.660257489297809586e-01,3.933233665524885070e-02,-1.257542976459092854e-01,1.468518131853373265e-02,-5.816022119142960634e-02
4.092800754167337796e-01,5.180883624743873872e-01,7.442188710176176336e-01,7.962203996083779822e-01,7.672971744331016919e-02,2.960775820203685460e-01,0.000000000000000000e+00,8.222088801926745738e-01,2.378102958083618546e-01,3.333517990362639960e-01,3.072738497967171800e-01,1.881876950649206681e-01,6.463740483144555515e-01,1.817424615490042528e-01,5.100750070027235128e-03,7.276212461567553580e-02,-4.991692863413918491e-01,-3.283229045525956624e-01,6.416660440370700602e-01,5.628545931494726151e-01,-1.931311510527350672e-01,-1.008407243271019910e-01,5.193680807229378305e-01,6.194391059822763612e-01,1.810153583182935455e-01,2.286932721152444281e-01,2.011360183144311753e-01,-1.674138814806757081e-01,-1.057314383240623851e-01,-1.816182111582257674e-01,3.646012674022853228e-01,3.867016460796892097e-01,5.178966978934225196e-01,5.179343433786964823e-01,6.168485323368335521e-02,-8.630398293545228985e-04,-4.829030896476965706e-01,-5.151961435286480651e-01,-1.497317657038610417e-01,-2.711836149454668332e-01,5.836832048349183122e-02,-2.663106864373258054e-01,-4.018957206875258814e-01,-3.890315907725624966e-01,-4.606294207482843350e-01,-2.842206143576138100e-01,-5.089178531827157626e-01,-4.961710440933531086e-01,-3.478400648518226723e-01,-2.663876522215922749e-01,-3.339743949698957270e-01,-2.720421698034617974e-01,-4.718853782932313501e-01,-4.210384860421540476e-01,-3.032431409328776306e-01,-3.948034687422591338e-01,-9.290893870183510039e-02,3.700859620182206378e-02,7.505699944890999176e-02,1.024196812220253827e-01,4.162265224624482896e-01,5.144449011239379255e-01,-1.490921850256801406e-01,-1.328660804811346643e-02,2.233907538775295742e-01,3.962223497315363052e-01,1.382203598254579391e-01,2.054248340331307210e-01,2.473344445821706872e-01,1.790484487096742627e-01,3.771148398578000882e-01,3.223923224237026375e-01,1.211917131288115373e-01,-1.164436529592288438e-01,4.628565319756722946e-02,1.542722832792947918e-01,5.123184753760176569e-02,-1.123989936703350678e-01,-2.707373013593306066e-01,-2.160219852417207681e-03,-3.235711357452488168e-01,-3.370482220583670974e-01,-6.164086857728196672e-02,-4.072493721249955678e-01,-2.940530381640850677e-01,-2.490511539668985308e-02,-1.281159522113965604e-05,-1.822849473986000168e-01,-2.299329928855540356e-02,-2.864647305050183057e-01,8.155225268526052063e-02,1.152008656453655244e-01,2.298864682213245803e-01,2.563166885298892583e-01,-9.508636037605860958e-02,-2.215629495985227404e-01,-5.698736128286047836e-02,-1.199943294889453532e-01,-9.118971645204432264e-02,-1.051519660963496777e-01,-3.994395463022502868e-02,7.174747395118739879e-02,-2.534643232330471840e-01,-2.348871542822290326e-01,-7.553759574676835453e-02,-1.244818202122793122e-01,-7.040759324922622742e-02,2.303587088248039774e-02,1.055596680507130541e-01,2.228211747596417214e-01,-1.160652367150988157e-01,-1.742664177938890446e-01,-8.002091861380641880e-02,-4.445644184404821120e-01,-2.075790123025044731e-01,1.211202436287248524e-01
3.432565680928373886e-01,4.814285264974455525e-01,6.447970965272517008e-01,8.044700069762311667e-01,1.021605091370209606e-01,3.622975652629121246e-01,8.222088801926745738e-01,0.000000000000000000e+00,3.086763542869817023e-01,4.401489328701208015e-01,4.615031793606454436e-01,3.723489481407475377e-01,5.178346153347738179e-01,3.963933394492404894e-01,-4.731810239073388352e-02,9.023269364689437411e-02,-4.262475827207549139e-01,-1.695570272925767119e-01,6.593383597092628001e-01,7.137784590078872782e-01,-2.807363912394802430e-01,-9.855255724768302583e-02,2.630761060115121008e-01,4.647820636290159180e-01,-4.634066879137169193e-02,1.819257586616919165e-01,1.417559878101044835e-01,-2.079490398142049834e-01,1.899779353708938578e-02,3.478432960162656379e-02,3.033634649093938651e-01,3.750919342818044289e-01,4.577912247960849168e-01,6.103320145105675110e-01,-6.592903985482048701e-02,9.400063523944833521e-02,-5.307019450701886409e-01,-5.780140681888683574e-01,-2.263186178466105869e-01,-4.466003763453345043e-01,9.459268779712827480e-02,-3.009769994237289636e-01,-3.305458107357717168e-01,-2.777047179177432046e-01,-4.361428708134495458e-01,-1.620869930964629613e-01,-3.520882338485976093e-01,-3.682983433622399883e-01,-3.822074599394418848e-01,-2.991855272588366810e-01,-4.223956154361828697e-01,-3.674786829564535284e-01,-5.471660994730175309e-01,-4.448831563953795643e-01,-2.657167278693578494e-01,-2.874585794825331164e-01,-1.113241601341146830e-01,3.145341753740041324e-02,5.901200708280496428e-03,5.378429544063164508e-02,4.071665159489848973e-01,6.636828368236457054e-01,-3.821089418519256421e-04,1.408603047476310877e-01,-3.412065045242490546e-02,3.808281677406002430e-01,1.420476008261465084e-01,2.961042834718822792e-01,2.029649429966046970e-01,1.311650708890017281e-01,3.201975899440241968e-01,3.054513024269043253e-01,3.240781143133370512e-01,6.146861057929935146e-02,1.151584936447400988e-02,1.324636718981683225e-01,1.491300955649359494e-01,-4.604301610777193632e-02,-1.443208896118734763e-01,1.415378891997990177e-02,-2.405199486823469401e-01,-3.171076241701077381e-01,-1.240900647998778722e-01,-3.815892235784885678e-01,-3.776494026957926131e-01,-3.132295114632593566e-03,-1.969292866036220432e-02,-1.325411880312550583e-01,5.301831451264491651e-02,-3.716654316145790449e-01,1.918672177770460729e-01,4.549723814182016907e-02,3.156613642700943356e-01,1.754037878836071651e-01,-9.329802638786445501e-02,-2.451474140706265126e-01,5.309421674974242056e-02,-9.937428722635449629e-02,3.389963317100316148e-02,-2.531749983982435961e-02,1.032392813859977221e-01,-4.740149714143529480e-02,-1.882181550182411012e-01,-2.349589170297803897e-01,6.304565934380876313e-02,-1.163621260551447878e-01,7.652315385485839241e-03,1.310485539933909649e-01,3.744460827287075105e-02,2.019561625727288867e-01,-8.756115831845816266e-02,-1.751067013791166582e-01,1.670561677136398610e-02,-3.718514176577804586e-01,-3.125373795610944527e-02,1.776200043041863408e-01
1.961059357301238315e-01,1.796995349507451295e-02,4.232624562087165532e-01,2.019838843929160632e-01,7.707131295819871220e-01,6.348434479304131406e-01,2.378102958083618546e-01,3.086763542869817023e-01,0.000000000000000000e+00,8.307011942329354248e-01,1.440746130921827239e-01,2.494023722775070007e-01,3.077635337014721917e-01,2.575967521777062785e-01,5.768772902275136616e-01,4.911810092795571014e-01,-2.713976931117931812e-01,-5.095254122346061509e-02,3.712448573771827687e-01,3.994282859377766837e-01,3.277096359413718130e-01,3.651384897168761245e-01,3.344029666442289300e-02,-2.085868938311509491e-02,1.325350028369609856e-01,6.400452772686791858e-02,6.486260717588269165e-01,3.766232818361454626e-01,-1.357762962602326040e-01,2.112012778496592455e-02,-1.594460261706234505e-01,-1.221739203690819647e-01,1.944885843267898096e-01,3.454134179406937455e-01,6.359038473068624742e-02,-1.482198816574213096e-01,-4.109924135738507456e-01,-4.180711197185673078e-01,2.372828309458977492e-01,-2.827181704460806633e-01,3.847339267036734012e-01,1.796450892176623682e-02,-1.962536009426253669e-01,-1.615611686798078261e-01,-1.034674073019197921e-01,-1.021397576767680421e-02,-2.247595055919338058e-01,-2.419806517631790110e-01,-1.028693509026817887e-01,-1.185861584052550627e-01,-2.234619840651587142e-01,-1.104603553413651129e-01,-3.104371092877520888e-01,-2.949038701787856653e-01,-2.877303312531440671e-01,1.340214388602044282e-01,-1.028582474906081096e-01,-4.489780227226405213e-02,2.156610986536780517e-01,-1.564007780252317861e-02,1.596816955315908948e-01,3.390303408442358335e-01,3.859104837047620806e-02,8.252001324708978236e-02,1.035591871551020116e-01,2.738996675773520684e-01,1.592450203261658592e-01,1.545142001936838927e-01,2.799331431883536059e-01,1.435177073364618805e-01,3.836194742673462894e-03,2.147799224931020712e-01,2.580992151249370536e-01,4.413004546916198846e-03,9.541535269758104343e-02,2.572767582206216264e-01,7.270894790895841842e-02,-1.631640396905568446e-01,-2.003032009384406176e-02,-1.332192287139171150e-01,-6.353027269047765990e-02,8.061517859110242656e-02,2.022732860666984767e-01,-8.012286267297585862e-02,-2.833996067092141996e-02,3.129498164709926811e-01,-6.016798629153657235e-02,7.154833330151944004e-02,2.846030897446774066e-01,-1.753861192513775091e-01,1.250856609543261888e-01,7.956362187131685304e-02,2.870545669574118275e-01,2.774878577262813173e-01,1.042605586360116077e-01,3.340344728004769614e-02,6.679626762150177310e-02,-8.328301794200990149e-02,5.439479623773865735e-02,-1.252490719277277731e-01,2.311952814415979551e-01,-7.772135310801897568e-02,-4.406481206240084325e-02,-1.301112263224922794e-01,-9.724944339911475999e-02,-2.333435354865404099e-01,2.832196140124481065e-01,2.635467156034075886e-01,1.902790644823185162e-01,-6.931529507780810617e-02,-1.842066940473660319e-01,-1.093629179300536908e-01,6.143828582647481440e-02,-1.601511691589686537e-01,1.807318496951648146e-01,-2.010741339799290983e-01
9.295982290974136308e-02,-5.396832455274040534e-03,3.612913299837370862e-01,3.078530466141726762e-01,6.421342306255072296e-01,7.377981933861922359e-01,3.333517990362639960e-01,4.401489328701208015e-01,8.307011942329354248e-01,0.000000000000000000e+00,2.970289547267360164e-01,2.627166109339284517e-01,3.883778421518894741e-01,3.875734475865692530e-01,3.682920728232527141e-01,5.760813868491559964e-01,-3.035594034379698880e-01,-1.225937118485038446e-01,2.901254721248121005e-01,3.614982501217252620e-01,2.481520480354376945e-01,4.337986376431570701e-01,4.569167425942442795e-02,9.926358758611260704e-05,1.687885183933443833e-01,1.282718607891829288e-01,6.061770193913671445e-01,3.886037456801565981e-01,-6.056095331803055398e-02,1.452057734267177096e-02,-1.143173262346224017e-01,3.537397424070374153e-03,1.985707701408824799e-01,4.557788877907583691e-01,3.724627532593469820e-02,-4.943106199412470453e-02,-5.364740733254457217e-01,-5.242858434127514178e-01,1.581487010034366425e-01,-3.265077740401458040e-01,4.250736380237481460e-01,-1.507897749411911750e-02,-1.325686350434902294e-01,-8.089039858389045212e-02,-2.244369234743668062e-01,1.238299538850651379e-03,-1.879175469755995087e-01,-2.138511572440157937e-01,-2.255864598961125067e-01,-1.357876174109245992e-01,-3.165143712605242854e-01,-1.556291756260574921e-01,-4.558779507363803218e-01,-3.009495603552204690e-01,-3.698851135919106192e-01,1.170918697257998797e-01,-1.055626295635841150e-01,-7.360997420933824975e-02,1.368138353947070396e-01,-1.243091454660809336e-01,1.246436771318226167e-01,4.152901723569304426e-01,1.058819967552643120e-02,-2.230854387840471974e-03,-1.766912717435391300e-02,3.477003707784375175e-01,1.353798103931315999e-01,2.435839211965348805e-01,1.424891134948892413e-01,-6.352988524911868697e-04,3.456721440780209653e-02,2.805258030492898680e-01,1.235665849536608796e-01,-1.073260239853784659e-01,1.607063431690845812e-01,2.946509267623111938e-01,1.225662673082276444e-01,-5.937695511760656547e-02,-9.924617605430073597e-02,4.959497002489526851e-02,-1.291619470163974104e-01,-5.795054848953778981e-02,3.133107385755304342e-01,-1.189448801646690312e-01,-2.242611171523433700e-01,4.247661788418084505e-01,-1.670344709447342257e-01,1.159360493715908824e-01,1.850155863483914365e-01,-1.497675116302132348e-01,1.746062570266224967e-01,1.022644014696746373e-01,4.182239877630104519e-01,4.222170938318599576e-01,1.092199096035364192e-01,-9.034461605965622699e-02,5.786314309867059136e-02,-7.644203847986738576e-02,9.622782090511487751e-02,-1.551205880208996746e-01,1.149108011049001232e-01,-9.995200539917192817e-02,-2.850177205959167348e-01,-3.329491270915024281e-01,-5.415342824040343672e-02,-2.762004169594683423e-01,2.939599952568495711e-01,2.422525660134108305e-01,1.333951120863672291e-01,-8.137356188062948303e-02,-1.371103085465463500e-01,-7.750167921014275429e-02,1.738051237011993821e-01,-1.633541104968787017e-01,1.687259591447174967e-01,-8.118942144569900321e-02
2.035176940505124821e-01,4.601261998119867691e-01,8.839137535631856613e-02,1.606196641701049255e-01,-1.116594520207404434e-01,-8.102557269781300586e-02,3.072738497967171800e-01,4.615031793606454436e-01,1.440746130921827239e-01,2.970289547267360164e-01,0.000000000000000000e+00,5.621666206899177398e-01,4.434751963171224554e-01,3.606805067852378865e-01,-1.964282467546980271e-01,-1.292126509714440659e-02,2.237330618820625727e-01,4.151196575197284022e-01,3.157394160626256774e-01,5.921586358460974031e-01,-2.360844463582024155e-01,1.321415164352974791e-01,-1.835660622456894153e-01,-8.981662136241785888e-02,-7.029387044224379155e-02,-1.682305361668871013e-01,-8.219375362061735746e-02,-1.899403109758928121e-01,6.271407476743604548e-01,4.266829205627031274e-01,1.719934191628204045e-01,1.405945418221458409e-01,2.889722172263177735e-01,4.990260394957523604e-01,-2.254213937916600685e-01,-1.504951199016070773e-01,-3.155215539450467177e-01,-4.116327873895425649e-01,-3.470657106427521565e-01,-4.015229264708222168e-01,1.890078266797332873e-01,-1.504457535549647562e-01,1.300698325335564454e-01,1.403619236413530258e-01,8.715011267048201893e-02,1.827138240126657542e-01,2.322061026425629171e-01,1.501662637286513557e-01,1.341541013904847812e-01,9.075680048138686645e-03,-1.131770692169504072e-01,-5.735528836895040228e-02,-2.696941266924052227e-01,-1.913385592150819436e-01,-6.734299688139523676e-02,9.279442900254028515e-02,3.371745830829364632e-01,4.161000781699831230e-01,2.950682216430723648e-02,-2.598037355698797901e-01,1.543193405552917563e-01,2.849403779946375614e-01,5.680425919121014910e-01,6.281379701814987504e-01,-4.116964378089348342e-01,-5.369583422576450910e-02,1.729294861096248581e-01,2.331396565331040338e-01,3.508138284911925808e-01,2.143473208637876326e-01,-1.531334699279280898e-01,-7.526760750011765762e-04,1.072636946380198381e-01,-7.873455102577153752e-02,1.063727169680666884e-01,1.025324397919045727e-01,-4.707760606433950001e-02,-1.966505647158672265e-01,2.146138528447099902e-01,2.893243796247000343e-01,2.723170545450621649e-01,2.303652703701002114e-01,1.333055823343575474e-01,-1.630296910178633818e-01,-4.050227379983001863e-01,2.476234475451123407e-01,-2.684984269689182912e-01,-3.132181122597082479e-01,-7.244238184496080979e-02,-3.782008737491718287e-01,2.467792970155898921e-02,-2.454735169427116614e-01,-1.257413152618334362e-01,-1.816204184291964063e-01,3.952368104513404035e-02,-1.585526847413535889e-01,1.753114679692218125e-01,7.825062058841940338e-02,2.051478240946151554e-01,1.021730328299427781e-01,8.391513152706990900e-03,-3.763529375010625788e-01,1.549983858027460283e-02,-1.309347638676792991e-01,6.296531833441497417e-02,-1.039417082987421359e-01,-1.031403588393409263e-03,4.040277015718990450e-01,4.927640069556368102e-02,1.492972579914848552e-01,-5.026347309548805792e-02,1.691036358951109875e-01,2.724305892639821911e-02,-1.407967418921181602e-01,1.459139859917224225e-01,-1.977883234112147795e-02
1.568597033211543146e-01,1.709328712510743975e-01,-2.560243914975224300e-02,-5.773307295596829397e-02,4.744429001129075313e-02,1.109538918000506080e-01,1.881876950649206681e-01,3.723489481407475377e-01,2.494023722775070007e-01,2.627166109339284517e-01,5.621666206899177398e-01,0.000000000000000000e+00,4.823795635096406187e-01,7.472646171070866927e-01,1.814711494697447691e-01,3.331750391828233182e-01,1.987118068776475011e-01,4.042399379397086934e-01,2.374581425559366132e-01,3.117800141842138051e-01,5.790602948145034262e-02,2.300906688543610801e-01,-2.732462311267579436e-01,-2.809001131761985626e-01,-1.131623723744716453e-01,-2.131828793443172887e-01,1.022496610083245550e-02,6.875924384103829223e-02,4.639415351331817039e-01,5.175764133584521698e-01,-1.059042365677846376e-01,-1.004959810262209957e-01,9.808907736359474827e-02,2.068293459995020067e-01,-1.690548327721992095e-01,-1.378136666443119940e-01,1.778987177601462069e-03,-9.202589926507183382e-02,-1.864521317270283196e-01,-1.516371413338671037e-01,1.540427549728681511e-01,-4.819537514082646024e-02,-3.806440696817806058e-02,4.621791331436637951e-02,-1.838588266586437328e-02,-1.569838119186469511e-02,1.054577732579836252e-01,7.060371908508356054e-02,-1.202204597064961480e-02,-1.531868585322774048e-02,-1.634662944661434414e-01,-6.931923196858597036e-02,-2.913843136029934944e-01,-1.941662183240018824e-01,-1.154287136200336378e-01,1.256250094368240866e-01,-5.616899144762296792e-02,4.883790918497545736e-02,1.247745504377073683e-01,-8.620448014143251847e-02,3.702700387024307482e-01,3.175430131746146967e-01,4.889770924205334435e-01,5.942164801753612169e-01,-2.978450676531941843e-01,-1.105163786969152739e-01,1.019340743525546863e-02,-3.059148849052942612e-02,2.633564638854404144e-02,-1.872011804455761819e-01,-1.741375371886508261e-02,2.225454080835387594e-01,2.001253787753166646e-01,1.284263505322371934e-01,1.083595470457633797e-01,-4.438576204931689306e-02,2.516415152657436871e-01,1.234081889631760964e-01,2.653267107946594150e-01,2.363957744023186258e-01,2.190268955830886877e-01,1.711617091220628550e-01,1.028684973209227638e-01,-2.906650341170206875e-02,-1.039817031987042145e-01,2.742833664147116268e-01,-1.981520140226626925e-01,-1.537463721969866970e-01,7.627294032083459241e-02,-1.858034912687301643e-01,1.029881363047936288e-01,-1.723837154672405725e-01,1.506726278184198145e-02,-3.485467685597348070e-02,1.909774016439281241e-01,-1.729578819627967598e-02,2.733476827870022774e-01,1.500186270573716230e-01,1.510778223147598021e-01,6.319995571792948186e-02,1.959211201488849641e-01,-4.700263398209388044e-02,-3.383817878784229488e-02,-1.864054347501506448e-01,-2.279857923146761528e-02,-1.176370121632706184e-01,-5.713814947472150435e-02,1.761171169886364685e-01,9.766675317488519859e-02,1.324384978803512247e-01,4.771971966685520372e-02,1.178082335364858541e-01,9.340308092883217728e-02,-1.870671891942142506e-01,9.027097006816892089e-02,-2.012409022014482740e-01
5.472167063025868555e-02,2.072281621364332471e-01,2.983022493001946662e-01,3.349087166219329448e-01,1.801654449044564621e-01,2.485874201786198723e-01,6.463740483144555515e-01,5.178346153347738179e-01,3.077635337014721917e-01,3.883778421518894741e-01,4.434751963171224554e-01,4.823795635096406187e-01,0.000000000000000000e+00,5.491338375941486882e-01,3.075163665000197888e-01,3.200657358663868690e-01,-2.922720031103126503e-01,6.531789799116116679e-02,4.301792605459462404e-01,2.580907418759066929e-01,1.298133469209872826e-01,2.821485109490468046e-01,3.340482676473474077e-01,2.549494229117059696e-01,2.626877106043478682e-01,1.030953083456177116e-01,7.622248579910689825e-02,-8.633447607433132609e-02,1.368728629987195078e-01,3.999438979150745505e-02,1.679571340113341360e-01,1.598553895333790220e-01,3.156584364718463265e-01,4.067966821136914102e-01,2.135316855128148450e-01,1.189926955627507513e-02,-1.852553699781278318e-01,-3.650306986071598647e-01,-2.006404490380104752e-02,-3.239453191471314830e-01,2.996325363494020677e-01,1.012893825964819722e-01,-1.474321348513605301e-01,-2.777486267805543418e-01,-1.317198956189977455e-01,-2.645755875219884742e-02,-9.451836988435544096e-02,-2.728519501817461279e-01,-5.607318537878816511e-02,-1.661283734910965204e-01,-1.694937636008471415e-01,-1.592299997091717323e-01,-3.086600393091969430e-01,-3.575168041291603149e-01,-1.662641773632129727e-01,-1.031811798250966833e-01,-1.331945807568704621e-01,-3.025830910960415274e-02,4.173863879284327866e-02,-2.007661447729218174e-01,3.100519897939654768e-01,2.795339047800959320e-01,-4.044268723972785362e-02,4.869529745237788365e-02,1.822837548317838008e-01,2.142229755702963201e-01,3.368300609974084203e-02,2.502615728105403795e-02,-2.436840935862549795e-03,-1.226728584162045110e-01,2.714762380942061792e-01,3.616847994869390459e-01,1.131865693415851221e-01,-8.229646637880395910e-02,2.522132002518866489e-01,1.248969092373258677e-01,1.155525493584662750e-01,1.385192125214665046e-02,-1.246112173927753641e-01,2.406016334115459177e-01,3.859403976803710279e-02,-2.163915738612956496e-02,1.776403960737613086e-01,-1.684547286244396092e-01,4.234422009570359968e-02,1.616787256945317885e-01,-2.108606229715026814e-01,-1.869324037650303416e-01,2.662012659817726279e-01,-2.580879576558504640e-01,1.571945063066723380e-01,1.722051068392727868e-01,3.005900556315025951e-01,4.150335911255776944e-01,-1.232646084662159525e-01,-9.490251172978493577e-02,-2.095224924886232576e-02,-1.887478298736597337e-01,2.149155749429435686e-02,-1.419303123848791315e-01,-1.600944694791093525e-01,7.323816694344525979e-02,-4.578069073149279022e-01,-4.380406825589994169e-01,-1.098241510260935250e-01,-2.904269201405755285e-01,9.548010869274878298e-02,5.790115015841568180e-02,-1.201147176478497974e-01,3.280102849969262092e-03,-1.615385696969305618e-01,1.306248091023758662e-01,1.754343163975125020e-01,-1.619830464305708762e-01,-1.423159294536438524e-01,2.658596560847946433e-02
