0.000000000000000000e+00,8.585940559498568270e-01,1.833512932737371148e-01,-3.847858214477141714e-01,-2.221863112674430651e-01,1.664185937188703696e-02,-2.445812148130460661e-01,-4.432932762578656316e-01,5.194735970559081345e-02,9.194097373235628201e-02,-1.600912439703809087e-01,-1.154007873869828810e-01,-1.925960072206836515e-02,-1.878168850066359308e-01,4.748941276104708120e-02,1.964838568624113768e-01,3.838224603463414875e-01,5.403758046662507919e-01,4.566875113504006989e-01,6.994437046541172043e-01,-3.167120806138244010e-02,-1.975755241153622499e-01,1.280510557845120911e-01,-1.199630122066651233e-01,1.230717519213243571e-01,3.739720092737674941e-03,2.059259700270591187e-01,6.795530039384103937e-02,2.407814456078847740e-02,9.538872033899267744e-02,4.995229025607175050e-02,-1.872414456636899843e-02,1.134168195376336064e-01,-1.566924568820838096e-02,-1.286136145830185651e-02,-8.869438603828003198e-02,-1.848999396946916784e-01,9.508672675799002827e-02,-3.120048072862153243e-01,-1.912402143914241903e-01,2.099354726820693851e-01,-2.566530921203271087e-01,-3.044687684531766081e-01,-1.632816803223184898e-01,4.648768526081783481e-01,5.359614117505390185e-01,4.529991740110084208e-01,2.838127790826232011e-01,5.547984737015851930e-01,5.759961528922505902e-01,3.756658174763607191e-03,-1.078332136156796017e-01,-1.265473990890349232e-01,1.440173397744422268e-01,-1.986614810607491288e-01,2.775596867681772717e-01,8.621718433817903149e-01,7.968959798032237973e-01,2.573432760798887720e-01,-1.086300516216889139e-01,-2.006212325685691189e-01,-2.486529792856566889e-01,1.230291760506447424e-01,-1.736511253660507625e-01,-2.732930852717991854e-01,-5.085526200695021926e-01,-1.045589569665420805e-02,-2.524604536014254386e-01,7.690817362846913419e-01,6.575566700323076663e-01,-3.450242370103522305e-01,-3.155841514407711768e-01,-3.965010487937835060e-01,-4.763564019352555245e-01,-3.067044670011483953e-01,-6.650651159400872148e-01,-1.301320613791715486e-01,-1.989797765529784657e-01,-9.106890473133380515e-02,-1.437231880762873670e-01,1.365134840134608063e-01,-1.115053689219245858e-01,2.506549800043182952e-01,3.530189322922456241e-01,4.903870539342177620e-02,9.739324764799540957e-02,4.055163176584585145e-03,7.668930460341061295e-02,-5.629606470747741120e-01,-2.891431123683228521e-01,-6.453659359985733923e-01,-5.492328753221467075e-01,-6.217100794630967542e-01,-4.094015447577605826e-01,-1.441553290797161491e-01,1.575525018978849237e-02,-2.317861325764704328e-01,-2.185453775691618972e-02,-1.077521896521566186e-01,-3.143267546877606677e-02,8.012473187009798437e-02,-1.535730636895191736e-01,4.290176592827737445e-01,5.680419939707258975e-02,-1.574875878305595778e-01,9.020596414798875973e-02,-3.263974185405748574e-01,-1.100065408004264333e-01,-1.718582308653816004e-01,3.623316387502189401e-02,-3.569793849691518806e-02,-2.391217934275342294e-01,-1.205607266259592775e-01,2.861008634026044814e-02,-2.597649955755310103e-01,-1.583344798573794732e-01
8.585940559498568270e-01,0.000000000000000000e+00,1.612721246230809369e-01,-2.012083891598945573e-01,-1.180017052613792083e-01,7.966363961597083820e-02,-3.488195320318330794e-01,-3.887494275845402858e-01,8.278912494789701648e-02,1.404412885277994405e-01,-4.164421350693405244e-01,-2.260094381953781373e-01,-2.507780523948885953e-01,-2.632062955760574585e-01,-6.241838391289798033e-02,2.035100990302892432e-01,2.319933949484429825e-01,4.957981373994985730e-01,4.327607614502856914e-01,7.777138804106897840e-01,6.510892118812183077e-03,-9.421755961684066816e-02,2.330375023973056681e-01,1.054675495378569472e-01,3.127946929487979699e-01,2.066838432438047046e-01,1.865987598956557192e-01,5.310239003296379073e-02,-9.096221235463754218e-02,1.841694428547286863e-02,9.494403157205437427e-02,9.837709655008478049e-02,2.797674735692329273e-01,1.642831930252207362e-01,2.228626336188037071e-01,1.357928098422524488e-01,-2.140766509166354414e-01,8.170595365263359777e-02,-3.066885889078583283e-01,-2.152748216972298900e-01,1.229445293173814513e-01,-3.200902083230157125e-01,-3.165007433159977568e-01,-2.502072299002927047e-01,6.106839738957106078e-01,6.745830928238258917e-01,5.884886775418675109e-01,4.440196017368783776e-01,7.271034995730801809e-01,8.103790061535097733e-01,1.652398757395875384e-01,5.459615690086182943e-02,-2.155012192365270141e-02,3.059018404465998486e-01,-1.887786853997261982e-01,3.828701792198719311e-01,9.536512279999393993e-01,9.419900269826441130e-01,1.294611680579649815e-01,-1.469855605064320225e-01,-3.679747836539069561e-01,-3.120671276821804785e-01,-1.251715837712897850e-01,-2.574320437955092133e-01,-2.432373159827911635e-01,-3.924387156403043031e-01,1.452475599528995354e-01,-7.890309003347192873e-02,8.285153615493698886e-01,7.581791601664209512e-01,-4.264007466501346655e-01,-3.916874801434589992e-01,-4.484637638206038779e-01,-5.514349608125612701e-01,-3.465664105284238516e-01,-5.722272003409297758e-01,-1.966426543667376958e-01,-1.747738481896929930e-01,-1.857292128424323507e-01,-1.216629422735669291e-01,2.360321966308631322e-02,-1.034925011988577642e-01,1.519988616335793408e-01,3.648469015415914396e-01,1.369342277096544103e-01,1.817744959894969370e-01,1.184471753154092179e-02,1.022532810570087047e-01,-6.747438524039168772e-01,-1.908064496158154988e-01,-6.590621053467189405e-01,-6.351699409232801630e-01,-5.057531544526066014e-01,-4.091078397650430021e-01,-2.683401056866389078e-01,-6.516440636179096635e-02,-3.114768630668979799e-01,-1.791573527750310313e-01,-2.571100207315956121e-01,-2.685513231055540184e-01,8.526976833030372460e-03,-3.579924340822214779e-01,3.675299808083075659e-01,-9.205692724754833967e-02,-1.208244956645983526e-01,2.953140982376208090e-02,-3.825672729930766347e-01,-2.055198193301186194e-01,-2.849548289071535678e-01,2.455404272936437954e-02,-5.568080255637955500e-02,-3.683343863923762562e-01,-2.503782441050993457e-01,-1.251175278659608647e-01,-3.206640411148466985e-01,-2.083444107652587529e-01
1.833512932737371148e-01,1.612721246230809369e-01,0.000000000000000000e+00,-2.040149973975681208e-01,-1.759659472381718825e-01,-2.643608311597950844e-01,5.351985750199597103e-01,-4.356127193578379631e-01,2.223670183547222234e-01,1.079693885787766372e-01,-6.354707514056782969e-02,-4.208068723991481019e-01,4.169592116912531066e-01,-2.856495733281409488e-01,3.254086725218685583e-01,-2.205158112000873624e-02,2.488579868617267488e-01,1.527970037910935663e-01,6.446504691985986968e-01,2.405137861760585638e-01,-2.285801436416634025e-01,-2.225186942736293028e-01,7.833231988616417008e-01,5.196067934826600343e-01,4.002896868135680797e-01,-8.025357351548961793e-02,4.738970189684790085e-02,-1.112012755012387610e-01,2.162708454100988748e-02,-5.350425276745802289e-02,2.213353739394512965e-01,1.136106884049307847e-01,3.129681666232821957e-01,2.514284660449741735e-02,3.839643860537481079e-01,-1.203167843277529181e-01,2.099073631105674020e-01,2.167854746167781621e-01,-2.326317291382613284e-01,-2.802394390216524922e-01,1.693295176283075021e-01,-2.012231556914337652e-02,2.009845715801755195e-01,2.539569154696894038e-01,3.972457770720114016e-03,1.740625919985517855e-01,1.183035338731303898e-01,-6.144244970204468075e-03,1.137471012194014863e-01,9.778399369653129058e-02,-1.836164597413201260e-01,-2.078544815575744387e-01,-2.657528320413349299e-01,-5.610250707989002106e-02,-2.625150677897092333e-01,-1.035588029257074050e-01,9.963060487229298545e-02,6.904579421856624384e-03,-3.443859078686455355e-01,-6.778570828727712438e-01,-1.983467129959323727e-01,-4.627808085070521660e-01,-2.860168453625564489e-01,-4.681113396508498337e-01,5.674744466465510007e-01,-1.861677968708573272e-01,-2.816474743687169546e-01,-5.267247805714113662e-01,1.526635244058600627e-01,1.359744238882199252e-01,9.131229748041970462e-02,1.862890792569110027e-02,6.115387990796426754e-02,7.029936189610358314e-03,-3.573873946700485971e-01,-1.759268783615536291e-01,-1.864610512038723245e-01,-5.041570616267730953e-01,1.660167822892807954e-02,4.634088881846728375e-02,5.304815021343391168e-02,-2.222026676528592384e-02,-9.532510631655072286e-02,-1.330973046033806784e-01,3.107068040835954670e-01,-2.225399224996253422e-01,1.777677324844082751e-01,2.624966047904399996e-02,-1.536906768858072592e-01,-3.871030853665644034e-01,-2.259998437380014435e-01,2.072208104158912989e-01,-1.104762205222523802e-01,5.041262162540485203e-01,1.603924189257391886e-01,8.249883535593717510e-02,1.069765509086200855e-01,2.066453379297083781e-01,-1.209409330554256506e-01,7.597450733568454628e-02,-4.428027282077262594e-01,7.208916346434693367e-02,-2.098420104060061964e-01,-1.554729306251362853e-01,3.889187157641132292e-02,2.359727257969313208e-01,-1.334146827249738376e-01,1.601767270972307144e-01,-1.960688852102457913e-01,-5.399731201061996194e-02,-3.177645697779997169e-01,2.317227495006020724e-02,1.657978052923177736e-01,1.966417662587455206e-01,1.262530777217507894e-01,7.230534423058505855e-02
-3.847858214477141714e-01,-2.012083891598945573e-01,-2.040149973975681208e-01,0.000000000000000000e+00,-5.739547543535943736e-02,4.921018603878479780e-02,1.245061480263798259e-01,6.230974145513440421e-01,-1.879705243181365726e-01,-1.829840046513549201e-02,-2.439559404853038072e-01,2.268311889841696238e-01,-2.919502815432504783e-01,2.839343437025429462e-01,-4.199183833524466336e-01,-2.487424350886919822e-01,-3.119938706853533916e-01,-3.891178526003107874e-01,-2.158766853958358212e-01,-3.153675902143298487e-02,-2.178822320452646621e-01,-7.659078944224230467e-02,-1.123971674390645964e-01,1.899030453055189083e-01,-2.200650127402433986e-01,-1.201942583814040628e-02,-3.441983790988545899e-01,-1.128895849209703289e-01,-2.897838491075387934e-01,-2.323236978287267496e-01,-8.914026388947378365e-02,1.496645525800607557e-01,1.855136313603969467e-01,3.348453575745027888e-01,9.622177496527230256e-02,4.036394060239535397e-01,-2.372535473950304619e-01,-2.099552023253014599e-01,-1.540040875583486846e-01,-4.683334266846590765e-02,-4.298644894743618994e-01,-2.051061890485573677e-02,1.871160490056878734e-01,-8.758037780396323024e-02,-1.974174529820389157e-01,-1.235029279035010225e-01,-1.274759022330036184e-01,-1.974238308589935653e-01,-2.306907140132567480e-01,-1.974477942251424700e-01,7.256634431699905685e-02,2.215832127661759854e-01,7.006465107148668325e-02,1.513831965348737610e-02,1.519071856219831110e-02,-5.253609442715415773e-02,-2.083019286334134579e-01,-1.407067728507500615e-01,-1.798445725003134099e-01,1.680348807592696725e-01,-7.109262062000424633e-03,3.939635024050761047e-01,-8.910754926938331544e-02,1.526316939397500405e-01,1.538812390139014663e-01,6.473264278315304932e-01,1.934203852705900228e-01,5.802664457543590393e-01,-2.945320852693619762e-01,-2.295193146350612556e-01,-8.902597272304724196e-02,-9.864984445875206454e-02,-2.477917359624173810e-02,1.950640711233829483e-02,1.943079922906512103e-01,2.108885339719773766e-01,-2.206702868217195190e-01,-8.396227171864605043e-02,-2.138118254133632712e-01,5.413757828437875536e-02,-1.743279748288734665e-01,1.507783053660478323e-01,-5.585163083747031187e-01,-3.689068186056478904e-01,-8.375923203013350971e-02,3.293000826812101378e-01,-3.237565442693445261e-01,-1.107130129432776916e-01,-5.934320813524231186e-02,5.256509777417648355e-01,2.831957399635781636e-01,-1.095823367081272780e-02,3.484827705550440080e-01,-8.071616390116413339e-03,-2.889029267603423490e-01,-1.447898713925140080e-01,4.174464055188410044e-02,-1.270483072266572703e-03,2.378681750350703557e-03,-2.180054916296791934e-01,-1.815349721080907475e-01,-1.114753402852470821e-01,-2.500882972038981356e-01,-9.872347742051940100e-02,1.067061270414886714e-01,-1.590257072937559524e-01,-2.237716893448838396e-01,-2.830570609510753566e-01,-3.055967085624941015e-01,-2.075550523796213243e-01,1.970417027613968752e-01,3.687884035939924948e-02,-6.999024874610330904e-02,-9.720858708198996945e-02,-1.312178022971755009e-01,1.026064381925854557e-01
-2.221863112674430651e-01,-1.180017052613792083e-01,-1.759659472381718825e-01,-5.739547543535943736e-02,0.000000000000000000e+00,1.179613494601116225e-01,-1.475601493161785016e-01,8.630540613376237735e-02,4.853506643533329196e-02,-1.575815205598493363e-01,5.779533831406790528e-02,-6.771023001312229117e-02,-1.193999099862848856e-01,-3.810039014710749766e-02,8.090614978518929912e-02,-6.805379335106784278e-02,-3.198857883851380368e-01,-3.828399803502795518e-01,-1.864662499714654642e-01,-1.645650503561545130e-01,1.401123481518406211e-01,2.933757756946147044e-01,-1.039997695577729309e-01,-1.051201157089739213e-01,3.300385565935096133e-01,4.645064366329140770e-01,2.011237413673433172e-01,4.887943582799996606e-02,-1.005794963296287176e-01,-1.459271770893234565e-01,-1.238273706712450239e-01,-2.291651309954334526e-01,-3.704859207255536968e-02,-4.341821699124282646e-02,1.895184359459365850e-02,6.482047524983754194e-02,9.271316112651949159e-02,1.619877375749389711e-02,1.258949777697469241e-01,4.779510822195327281e-03,2.135689374754587769e-02,-1.574091959415648001e-01,-8.473211473743285510e-03,5.865225396876519448e-02,1.504097157150083817e-02,-1.628763279266258121e-02,2.384444727371878500e-02,1.363421687523006312e-02,-2.542404197376283998e-03,4.878100988004682032e-02,5.395888624943435269e-02,1.467457975777588242e-01,5.097856949376147750e-02,-8.991770366610153664e-02,-4.236934599928021683e-03,-6.151771260945348985e-02,-8.107480194526377193e-02,-1.303646502705885779e-01,-1.694677024920485664e-01,7.642848677143428138e-02,-6.558960213746747869e-02,-1.142956644393815641e-01,-1.338500937840419180e-01,-1.624350048663194823e-01,-1.151860208279424092e-01,7.422251849074680552e-02,2.638303390701741621e-02,1.351998346795369177e-01,-2.488178143040457591e-01,-2.746705620624155797e-01,2.224308818016510758e-01,1.469056352233991947e-01,1.795654097621901535e-01,2.183695633713934880e-01,1.130925282762430678e-01,1.461694909808060883e-01,1.667878476173369484e-01,1.710361314075298511e-01,-5.083760878820903217e-02,8.063499299066602399e-02,1.109212199575333596e-01,-4.931231429329738236e-02,2.995402755566450165e-02,-1.307396668974084020e-01,7.729163992479208545e-02,-1.024162731152157141e-01,-4.142191187598012747e-02,-2.422190233976909690e-01,9.543339773683666427e-02,-6.182809036616134651e-02,9.196134211524861768e-02,-1.202188827075828179e-02,8.962364478991796668e-02,1.970915748460288705e-02,6.166569411888309094e-02,1.253472765537073375e-01,3.773368386294903565e-02,-6.087497233031238103e-02,1.254984271680835706e-01,-2.382749055576207156e-02,1.987839642768028103e-01,2.639029693571850327e-02,1.796567353021785371e-02,-2.583470316190317542e-02,1.293555283449925597e-01,-4.700027258235868477e-02,-3.382607947339478366e-02,-4.676702688457270302e-02,6.753251600249082776e-02,2.401629403011413810e-01,-1.026349734454000961e-01,1.805190764886643526e-02,4.935502427652067869e-02,-3.343286210105338857e-02,2.463562537958906284e-02,3.516320943656445902e-02
1.664185937188703696e-02,7.966363961597083820e-02,-2.643608311597950844e-01,4.921018603878479780e-02,1.179613494601116225e-01,0.000000000000000000e+00,-3.250852427437219139e-01,9.793441449868052484e-02,5.268260411378202779e-01,7.209170274914291632e-01,-2.166891842402097479e-01,1.009124035926659141e-01,-5.453257901724643114e-02,3.252431512581691608e-01,1.551165105574641712e-01,5.411904072657159892e-01,-1.330629721318399641e-02,-3.951717906387088031e-02,6.972245393368503314e-04,2.006461683128654139e-01,3.958166991582481309e-01,4.603306172174226329e-01,3.623405766319658800e-02,1.497156960388034697e-01,1.536088794794495671e-01,3.370491391355645572e-01,3.204167393464815716e-01,1.705836580793155255e-01,1.155362694991117628e-01,1.719473589940447300e-01,3.614330064564964529e-01,4.260849388781146607e-01,1.802362354805990552e-01,2.192614667474751533e-01,3.885500994025034571e-02,2.858440076306714706e-01,2.225931101862620443e-01,-4.158534716213110188e-02,1.385030992505807967e-01,9.298784105699088587e-02,2.800721166471000778e-01,3.457679023463708923e-01,-1.780173027148326259e-01,-2.891602260315632722e-01,-1.885709007273682070e-01,-2.743237140746022096e-01,-1.302410269645808971e-01,-1.582321178137959319e-02,-2.248756425487658528e-01,-1.532710350990448001e-01,-2.737094663678345530e-01,-2.906338536203659784e-01,-3.387193388782706177e-02,-1.413471675787668358e-01,1.199739745904101207e-01,7.341447475530303579e-02,1.042934601693210062e-01,9.662840402600605949e-02,-2.150634151142521155e-01,5.979514717114205180e-02,-1.494096622155305365e-01,2.030847365911076507e-01,-7.047986772852284088e-02,1.807011725817123660e-01,-5.756553588161766183e-02,1.530282370010134785e-01,1.165943469458381176e-01,2.975118252570440602e-01,1.137319706517446599e-01,5.130502736721227058e-02,1.458882888716185600e-01,6.304326363115675402e-02,1.787519737345301951e-01,1.835014100733931564e-01,3.415666203961600922e-01,-5.166602320956437122e-02,-1.404414087142470957e-01,-1.407000084960627062e-01,7.861704854562666378e-02,-1.143021079437970232e-02,3.060863765515863255e-01,4.483458083288108798e-01,2.688665222547512723e-01,3.545367575726057208e-01,2.967376297195795654e-01,2.349285695839304355e-01,3.047848587554171651e-01,4.339161668169703723e-01,-4.180230760268748014e-02,2.344770453594053616e-01,-5.527985873369426623e-02,-2.539391378968826607e-01,-1.226673739121929424e-01,-4.261171679989414485e-01,7.839743128687348683e-02,-1.963402499858297665e-02,1.828159550633798036e-01,-5.236136503962834921e-02,-1.534696484143422135e-01,-3.816893039674861821e-01,1.749395359710298192e-01,-4.417381750727547018e-01,2.453871849855832621e-01,2.827864363903427325e-01,-2.700879706892694854e-01,-3.340104925746091857e-01,8.598233674994180953e-02,1.503245697012314530e-01,1.730093566030305174e-01,2.184455503117690156e-01,3.588133785213063476e-01,-8.442650807400671475e-02,-1.547529932459651980e-01,-2.161257104268747287e-01,-2.528990796959102449e-01,-2.475920614496432415e-01
-2.445812148130460661e-01,-3.488195320318330794e-01,5.351985750199597103e-01,1.245061480263798259e-01,-1.475601493161785016e-01,-3.250852427437219139e-01,0.000000000000000000e+00,2.916338229779252278e-01,1.399083421400747207e-01,-1.670652346154997414e-01,2.565585805452392787e-01,-1.604969786081091310e-01,5.858431186811261515e-01,6.304796422520246579e-02,-1.295186966094253878e-01,-5.474263785621438227e-01,-1.061163443109312821e-01,-2.721082158963982200e-01,6.037187317182234059e-02,-3.754732728747824932e-01,-4.644876412208869820e-01,-2.839056153949418015e-01,1.939590839667793276e-01,1.360162771157641670e-01,-3.726902702527490341e-02,-3.699850470990575513e-01,-2.290317146559980033e-01,-2.317773946000423468e-01,-2.655411580390792947e-01,-4.173578514715403087e-01,-2.518778845990630177e-01,-1.876036895436999086e-01,-1.121047370199609455e-01,-2.234581677731402038e-01,2.502362790402322124e-01,-6.427416123172266516e-02,6.625441500106367398e-02,-4.226864510967860700e-02,-3.257378300752571954e-01,-3.139979080331997130e-01,-1.154310550825528719e-01,-1.716252123828726495e-01,2.524885401788410366e-01,2.476475583870445807e-01,-4.207408232046283558e-01,-2.803605246493937608e-01,-2.816584664496049606e-01,-3.717713804032910518e-01,-2.407082901069743375e-01,-3.279461302071915996e-01,5.985504629497009205e-03,1.256063510181843791e-02,-2.400950732696598977e-01,-1.607547550528755920e-01,-3.412991598860866671e-01,-4.282830583272771441e-01,-4.334791958985151350e-01,-4.774061616058496993e-01,-5.818544734238799421e-02,-2.153387467258557619e-01,3.613183945070666536e-01,6.782799119837305823e-02,-2.765059511432875761e-01,-3.429366830997727100e-01,7.183624180979861773e-01,3.367860437475395097e-01,-1.389766516008187069e-01,-2.591759374266887073e-01,-3.736123078750429038e-01,-3.008504910547687428e-01,2.494157647432077574e-01,1.880032899697854920e-01,3.298272915355880963e-01,3.291084723351336283e-01,-1.490263383787782114e-01,1.938934216431594526e-01,1.611224270808618853e-01,-2.158428611091503802e-01,-4.079371164563191932e-02,1.379764775190611414e-01,-8.727646101778667453e-02,-6.341450896652821301e-02,-4.482170292412575585e-01,-4.991060076549675983e-01,-5.162503338130114416e-02,-2.903076670340211662e-01,-3.347306513388712546e-01,-4.493483487756667061e-01,5.870774851252334031e-02,-1.612681800894648909e-01,1.459461787452853154e-01,3.780988442763071888e-01,1.741022554749900864e-01,6.133186830176365900e-01,1.722830510784658653e-01,8.726608667390933771e-02,1.873734297449947683e-01,1.039969821552326895e-01,-3.407437306878725175e-02,1.667209845459127204e-01,-4.701523544417251510e-01,1.764102218251349385e-01,-4.535584459251570388e-01,-3.016588746734079063e-01,7.034897706052353761e-02,2.156596722149025924e-01,-2.279950900314579171e-02,8.221497098090536915e-02,-1.771858791281858136e-01,-9.192273450807388058e-02,-8.282413216919820576e-02,8.068773994042025000e-02,4.048984633511468756e-01,2.348745260398426293e-01,3.335549734959241674e-01,6.693111989064662315e-02
-4.432932762578656316e-01,-3.887494275845402858e-01,-4.356127193578379631e-01,6.230974145513440421e-01,8.630540613376237735e-02,9.793441449868052484e-02,2.916338229779252278e-01,0.000000000000000000e+00,1.169449665111818755e-02,-1.017734407021000237e-01,1.818844702829309490e-01,3.682369186637657887e-01,2.651972006159978787e-02,5.467238632656106212e-01,-4.620497056285037263e-01,-4.048017374408598990e-01,-4.941015106750754615e-01,-5.492135953685874927e-01,-5.871246636229896509e-01,-4.548812949875876144e-01,-3.032475019058317178e-01,-9.813278058248370295e-02,-5.100569819456863829e-01,-1.553730399912305604e-01,-4.929743927486779365e-01,-3.364416239097348660e-01,-4.451453414878289161e-01,-3.538231702245916432e-01,-3.522083790738753661e-01,-3.728929366743537477e-01,-5.091157344605350410e-01,-2.314464679339651165e-01,-3.867782698678094433e-01,-1.502359577728497597e-01,-1.279397375025859707e-01,1.682545458280415296e-01,-2.980870405046773253e-01,-4.913479133818468014e-01,-6.528737149706165255e-02,-1.235342764881785099e-01,-4.424748003424757714e-01,-8.491794269354999147e-02,7.154745447081183041e-02,-1.761562042982349197e-01,-4.822649616743386880e-01,-4.270829725092587514e-01,-3.828352004667209818e-01,-3.651093821245670612e-01,-3.768077017549994467e-01,-4.083067739263341878e-01,1.544287995723220563e-01,2.636414844042079819e-01,9.640843963475018152e-02,-1.555147602136708607e-01,-2.161342518470272395e-02,-3.928953238661200276e-01,-4.571519905797504779e-01,-3.880632053560177930e-01,1.993084036359804023e-01,4.991741166794474438e-01,4.608515003292259493e-01,6.885814191128727391e-01,-6.198458338134983994e-03,2.452689648155517155e-01,1.266441599504649351e-01,7.188761168664921097e-01,1.392064458739045441e-01,3.427849578760239213e-01,-4.400520159091403372e-01,-4.300461413854320125e-01,2.663384945141624924e-02,3.403135328715133513e-03,2.053408093623584341e-01,2.087607700611042727e-01,2.421819187476309809e-01,3.170164087067685599e-01,1.487460423898093187e-01,1.599171803215884702e-01,-2.953241609162997050e-01,-3.308571760355982772e-02,-2.677098329719040382e-01,-9.536437463185163874e-03,-4.943219560339137675e-01,-4.120542882569903642e-01,-3.236527974725969536e-01,2.432388697877793660e-02,-4.988589098317940396e-01,-3.926893236642869933e-01,1.514201961879918235e-01,3.572684968108058023e-01,4.778388102533382420e-01,1.505825069250093795e-01,3.778990531066349634e-01,1.803191773597326991e-02,-1.990685054383911079e-01,-8.970240144662983139e-02,1.479413012040769193e-01,-6.304138388923508085e-02,1.850007580969469934e-01,-7.565936522288649498e-03,-8.202925228484538034e-02,-1.203156195910536214e-01,-2.850990021907860994e-01,-1.963715474800135086e-01,-6.311248485677689590e-02,-1.610469164100235828e-01,-1.178835701510416167e-01,-3.013186563437027510e-01,-1.197934299117128509e-01,-1.373889516233907926e-01,4.421304806917701891e-01,2.265424200741488758e-01,2.296726347315521111e-01,3.707747448902401488e-02,6.486447495165278965e-02,2.103086939418546963e-02
5.194735970559081345e-02,8.278912494789701648e-02,2.223670183547222234e-01,-1.879705243181365726e-01,4.853506643533329196e-02,5.268260411378202779e-01,1.399083421400747207e-01,1.169449665111818755e-02,0.000000000000000000e+00,6.272399942879222090e-01,-1.185614758433661993e-02,-3.867180787345490811e-02,4.978603617367061140e-01,3.549095806590153446e-01,3.025040688496839492e-01,3.081056864432718534e-01,1.020553768832301172e-01,9.781060793321371544e-03,2.574160625722832774e-01,1.791080487185969794e-01,1.526967633540565750e-01,1.714261756684500315e-01,3.620713158381090868e-01,2.730594939031966151e-01,1.461763751310264647e-01,-7.578214558066377615e-02,3.881398885699322010e-01,1.518094522159595984e-02,7.886545960129998090e-02,1.756007550961779518e-01,1.647975931281980833e-01,1.075036850976474195e-01,3.167917357778463755e-02,-7.163200282893461557e-02,8.298588138914222978e-02,-3.238922484725535733e-02,4.066218891696719850e-02,-1.418509851361384744e-01,-1.825617416349866184e-01,-2.621405585909160618e-01,2.714555191952672253e-01,1.454871077260089240e-01,-5.390603071190352980e-02,-3.126902171627144594e-02,-3.675736822311825858e-01,-2.706355758878120077e-01,-1.878431514271553526e-01,-6.440383463848854684e-02,-1.811074131868795345e-01,-1.159233318071300201e-01,-2.970641414965807248e-01,-3.556457298860945526e-01,5.670644621392240473e-03,-7.812669120061327410e-02,-8.327124721640438709e-02,-1.118225041981691648e-01,5.243250060750719727e-02,2.262470234286244331e-02,-2.089261242163123200e-01,-2.114744640279742904e-01,-1.116920090949825514e-02,-1.630795477269956703e-02,-1.517014476344571705e-01,-2.315901785363447263e-02,2.732506446940977107e-01,-2.593226209430901652e-02,-3.187119657989928023e-01,-3.029172347748391725e-01,1.369808576022203683e-01,5.194318243665951851e-02,1.018935634721697125e-01,-1.041900274552000627e-01,1.220892466534502369e-01,1.336714587115226949e-01,-3.281830180148965354e-02,-8.525942774172996785e-02,-2.641360917529054220e-01,-4.965514840740288816e-01,9.033567220272634146e-02,2.124959344188078955e-02,3.307400109829823909e-01,3.020715550038994279e-01,2.517732050051261217e-01,9.688212454225783588e-02,4.458859775124469071e-01,-5.095534868413704316e-02,1.832234181401132811e-01,7.667321347731119452e-02,-1.520756266767481213e-02,-7.173635156871802088e-02,-1.196234947733113008e-01,1.190023529670012487e-02,-1.219290026159982054e-01,-1.573716539758556257e-02,1.456400702970173378e-01,8.300493544100352727e-02,2.269797693482016043e-01,6.988137831663542021e-02,-1.941565796329743354e-01,-2.686231572290045944e-01,-2.918329633912065263e-02,-2.195111110060667670e-01,1.157215580687633999e-01,1.273077369588355712e-01,-3.311902495064021346e-01,-1.183740812582965013e-01,3.009111360521009651e-02,1.294189268003987092e-01,7.590041564766687732e-02,1.277202494543349387e-01,1.191110095263839541e-01,-3.717692711111361681e-02,3.240360174747097810e-02,1.208033251695663085e-01,-1.579124299746485424e-02,-2.326838958514130806e-01
9.194097373235628201e-02,1.404412885277994405e-01,1.079693885787766372e-01,-1.829840046513549201e-02,-1.575815205598493363e-01,7.209170274914291632e-01,-1.670652346154997414e-01,-1.017734407021000237e-01,6.272399942879222090e-01,0.000000000000000000e+00,-1.680359144530868543e-01,-3.147059871961362283e-03,5.476987583880243982e-02,2.920894077452245163e-01,1.980006171296050665e-01,6.483300333534853799e-01,2.322167871196640365e-01,1.700191062365059291e-01,2.405383676642434410e-01,3.138324077422091074e-01,3.150630430092601908e-01,2.839629266801861895e-01,3.950534803043129761e-01,3.998890588632498799e-01,2.628474757084842128e-01,2.016748832887458043e-01,1.685802661387476864e-01,-1.038288301877947489e-01,1.894451291449289754e-01,3.368861560331502525e-01,5.241957450888854453e-01,5.367058462823274256e-01,3.021311081820993172e-01,2.255448185043354425e-01,1.901099612159775076e-01,3.432769607622371266e-01,1.487209749543357828e-01,9.052156273481371668e-03,-2.123259320455572752e-02,-8.004270440431462963e-02,3.800136161074727514e-01,3.911807106504505138e-01,7.269685148298904442e-02,-1.143769663487872040e-01,-9.806687913864646500e-02,-1.130918362859476833e-01,-6.602266939207775132e-02,-5.241386521959964101e-02,-6.321250284259168073e-02,-8.276435984632155018e-02,-1.450444666279804284e-01,-2.438244816375866042e-01,2.564671866077813597e-02,-6.152091726612778089e-02,-6.107873367248068536e-02,-6.459064585485845000e-02,1.755287926811604504e-01,1.878636373280244687e-01,-2.171829179079714234e-01,-1.650351982123152428e-01,-1.462104468676503344e-01,1.700511382440240624e-02,-4.331636652944289428e-02,1.348171563542849838e-01,1.935990441751363894e-02,-2.410864258402212884e-02,5.266354637810315847e-02,8.071427555474430804e-02,2.797024104922750110e-01,2.703166420252260949e-01,1.508259614052391909e-02,-7.933845665554507820e-02,-7.077529103437804614e-02,-2.460821077694085729e-02,8.914449009221868392e-02,-5.654276493323715652e-02,-3.622621317277245345e-01,-4.078442649084093041e-01,6.864346701213645818e-02,2.770777706000927473e-02,2.785544042976553780e-01,3.268958753712417620e-01,3.225772282036735716e-01,3.035460321880291135e-01,2.705398056181199107e-01,1.792523161900380711e-04,3.089683037643100594e-01,3.840719854812179035e-01,-7.175463231498510619e-02,-2.312982806296714350e-02,-2.166835114794069261e-01,-2.855262101022048582e-01,-1.986945811156370922e-01,-2.712155510108359979e-01,-3.459242315758739861e-02,-1.715177220468812047e-01,5.884208828181432260e-02,-7.264048005862522306e-02,-2.865065253226473097e-01,-4.987983628252224411e-01,-1.248717552678907661e-01,-4.451537344171195287e-01,1.031161710489410382e-01,1.066205439572205649e-01,-2.703638831098893469e-01,-2.105332788917627651e-01,1.364400811041991540e-02,1.455488871154312913e-01,7.588526550097425549e-02,1.921113286115202698e-02,2.817132158674787723e-01,-6.729710537141588012e-02,-2.693717544819906884e-01,-9.514244791652463895e-02,-8.536994274996548282e-02,-2.940017896683665977e-01
-1.600912439703809087e-01,-4.164421350693405244e-01,-6.354707514056782969e-02,-2.439559404853038072e-01,5.779533831406790528e-02,-2.166891842402097479e-01,2.565585805452392787e-01,1.818844702829309490e-01,-1.185614758433661993e-02,-1.680359144530868543e-01,0.000000000000000000e+00,3.315271482694649441e-01,4.030235003672774097e-01,1.287223835037646091e-01,-3.633407456368571709e-02,-2.550295242654276318e-01,-1.297844226169224124e-01,-2.243323691919343332e-01,-3.359205140909248821e-01,-4.121788851948349763e-01,-1.311538224262194519e-01,-2.736738974611602204e-01,-3.178295756962876695e-01,-4.239399436640002850e-01,-3.698838628204781376e-01,-3.895208903420957491e-01,-2.896335842011919792e-02,-1.104966230751129735e-01,8.742833755749461477e-02,-1.617372204002382741e-01,-1.845603385986231970e-01,-3.195866981314863797e-01,-3.504891819054198332e-01,-2.534519410404005302e-01,-2.261688515666263055e-01,-2.992823997361716559e-01,-1.294173142227760531e-01,-2.003175753400830150e-01,6.175522692815769987e-02,2.134811979905817669e-01,-2.631710876430437204e-02,1.190553118020746537e-01,-8.344421076773905765e-02,-4.118380806953647610e-02,-2.997042146981496180e-01,-2.816774214817969746e-01,-4.022765725392224434e-01,-4.040895512754419383e-01,-3.365813005659145651e-01,-3.400766649339456715e-01,-1.253834641465540467e-01,-3.714585272755840245e-02,-6.787128317827770090e-03,-4.818284063486262259e-01,8.504128454892040390e-02,-2.659194758770392908e-01,-4.252456272673376114e-01,-3.649251515183161154e-01,4.859387756090229882e-01,5.274789289136039283e-01,8.029454837692345803e-01,4.387363327749161379e-01,3.445876088476581001e-01,2.644506285818221669e-01,-1.773447609520617252e-01,-7.360184925351964669e-02,-5.590905030902542511e-02,-2.295667448533872668e-01,-4.236603489397207101e-01,-3.602458326224288743e-01,1.084986858765087381e-01,8.131463833068730551e-02,1.073258805460820253e-01,2.894886828151739810e-01,1.685335403127387055e-01,-3.547935760358493507e-03,2.675112632464877738e-01,2.857363860350843957e-02,-6.883884528127552638e-02,-2.261842084082004156e-01,-7.718135164888412225e-02,-1.628601842832059499e-01,8.936067479696847837e-02,-2.071162462490270251e-01,-3.859323290858380773e-01,-3.329061405563691345e-01,-1.126237176682169105e-01,-2.749753725515113323e-01,5.735142719067993777e-01,-2.784572254711368752e-02,1.168541574311651454e-01,2.047314312033639561e-01,-1.848207701889915400e-01,5.939301588410064725e-02,2.184754928903527293e-01,4.148465437880321377e-02,1.597305985920338123e-01,1.429284893008678226e-01,3.163506049408345011e-01,3.028148035386955539e-01,2.104922623677174809e-01,4.380250128992192460e-01,7.762039348405971873e-02,1.381398155988771692e-01,-4.938346342380130899e-02,-1.038564647412743430e-01,2.196649866288599984e-01,1.176548216544247849e-01,2.521006252553951166e-01,4.779515819057026868e-03,2.797140537137466909e-01,2.009083862493356853e-01,3.239231148605616756e-02,8.905281422608157804e-02,1.659310016668622545e-01,2.105937497476860210e-01
-1.154007873869828810e-01,-2.260094381953781373e-01,-4.208068723991481019e-01,2.268311889841696238e-01,-6.771023001312229117e-02,1.009124035926659141e-01,-1.604969786081091310e-01,3.682369186637657887e-01,-3.867180787345490811e-02,-3.147059871961362283e-03,3.315271482694649441e-01,0.000000000000000000e+00,1.736962019475501162e-01,7.156802134737845211e-01,1.206324646691315922e-01,8.660475756529245617e-02,-4.175934625600054989e-02,1.352307595147155851e-02,-3.037966924960767701e-01,-6.554342178468960944e-02,-4.000434009069302882e-02,-1.463788280637143835e-01,-3.863186896096056921e-01,-3.004690255657024855e-01,-4.915574265748974270e-01,-1.575425037165065212e-01,-1.723681743395935051e-01,-5.199402633608727481e-02,3.577092155617225266e-01,3.321336436998689190e-01,7.890032279000145851e-03,-6.340498920722510701e-02,-1.762760706436909131e-01,1.376421439163929561e-01,-3.573114916351466386e-01,1.019745774969715857e-02,-1.345575532315571865e-01,-2.803012514859870574e-01,-1.153368410236828706e-01,-8.332221709847771607e-02,-1.263019183803466283e-01,4.045083700873588484e-01,-2.971330259855373135e-01,-3.041834900532380259e-01,-3.357013441142293608e-01,-2.752645954417199392e-01,-1.509008483977941906e-01,-2.045979527370209161e-01,-5.501887633964984703e-01,-4.281488554135922664e-01,-2.122195614848433054e-01,-5.255309460617097611e-02,-6.922538118530356319e-03,-1.541293035722568205e-01,-1.990151245320472342e-02,-8.351800221487596862e-03,-2.706440662445119272e-01,-1.723447547136612024e-01,1.788703204220738197e-01,3.804224108792142456e-01,3.282689133971006812e-01,6.424690057392127285e-01,5.709829413547781174e-01,7.633467464658030277e-01,-1.941343974634545944e-01,1.720927848953232586e-01,-8.731087056496671106e-02,1.651401433022527954e-01,-2.960685059384871587e-01,-2.646782048657963515e-01,-7.249568844628195841e-02,2.427628747265619599e-02,1.320172224044502685e-01,2.518961936938494683e-01,1.802425311673668817e-01,1.264024197904472548e-02,1.890110777811132292e-01,2.583029194447127863e-01,1.593616883501775341e-02,-3.775097053075875814e-02,1.649483974366937888e-01,3.583207162116394673e-01,8.977645519002458441e-02,7.404034564845669852e-02,6.857356193113789411e-02,4.412420394701341286e-01,-3.013861219067873187e-01,-2.094555858914553537e-01,8.238476619186820005e-02,3.283100767667524456e-01,1.164131314051771171e-01,-1.259677057252884813e-01,-7.371777260397469056e-02,-4.400820036835412785e-01,-2.226530581922443186e-01,-1.145857637527748496e-01,-4.988950481133292564e-02,7.173386543055110254e-02,2.394824037292441754e-01,1.687559915395251409e-01,2.750363357196246028e-01,1.153323844918677649e-01,2.302773253674495618e-02,2.890033339994856898e-01,-9.670279046235236153e-02,-1.297543515380714940e-01,-2.160138930059042964e-02,-1.081751739836170623e-01,4.745850025128730935e-03,-9.630048646823638481e-02,4.233018704859470849e-01,1.103890824005560461e-01,-5.022935217052277440e-02,1.060535632916835419e-01,-1.001206152128781834e-01,-8.379541966216172075e-03
-1.925960072206836515e-02,-2.507780523948885953e-01,4.169592116912531066e-01,-2.919502815432504783e-01,-1.193999099862848856e-01,-5.453257901724643114e-02,5.858431186811261515e-01,2.651972006159978787e-02,4.978603617367061140e-01,5.476987583880243982e-02,4.030235003672774097e-01,1.736962019475501162e-01,0.000000000000000000e+00,4.265791928854091863e-01,4.111571464035173595e-01,-8.084972533618163537e-02,1.876498714770221954e-01,6.635647556716704754e-02,3.158221117130579625e-01,-1.053127762274649881e-01,-1.255773366260790336e-01,-1.912258900940979056e-01,2.244839434136737810e-01,6.069866623601931355e-02,-1.643307181031682107e-01,-4.177588368036883049e-01,1.151855497834380765e-01,-7.550199295111295617e-02,2.416209394515778097e-01,1.296820121882684418e-01,-5.387930032305995875e-02,-1.690562288208596886e-01,-1.944338513596790552e-01,-2.849044843968474572e-01,-5.588146249375015862e-02,-3.293663483642120249e-01,1.188936623001086573e-01,-1.671028466016291347e-01,-2.852300533670816263e-01,-3.068585102588287095e-01,2.145804957878972852e-01,1.346910622632167820e-01,-1.957785143246259726e-02,9.400366510277678722e-02,-5.024702210476245101e-01,-3.630556523278596903e-01,-2.900891286930304958e-01,-3.311823350342406047e-01,-4.020778985663909233e-01,-3.990276408533798835e-01,-3.883490860586300553e-01,-4.014148028504251342e-01,-2.840106249177569708e-01,-2.567217493987329346e-01,-2.276158750875775794e-01,-3.155213502302280926e-01,-3.003964639000660797e-01,-3.802419954667806135e-01,-1.380727381759188077e-01,-2.541157796554530113e-01,2.517402551694225554e-01,3.898323999056972633e-02,-3.284461491150034856e-02,-1.143943262040642006e-01,4.650722903595788660e-01,2.204684192223720432e-02,-4.969705561057165544e-01,-5.160870616962141000e-01,-2.385917399245476855e-01,-3.031388192331661013e-01,3.504311600954355121e-01,2.076786513496475250e-01,3.625932424169500123e-01,3.813800548544233338e-01,-4.538772156500568700e-02,-4.696842020310127569e-02,1.267684590607884298e-01,-2.948193544246159314e-01,2.154885569204230689e-01,7.123057559251196047e-02,2.730912697444391468e-01,1.384363679337290154e-01,1.147783580926349106e-01,-1.231631926352854955e-01,2.817352019793324946e-01,-2.128962067631541277e-01,-7.022105727995174573e-02,-2.273148568491834554e-01,7.847146667599733116e-02,-2.962020609969294727e-01,2.379382291131115421e-02,3.394003268675242491e-01,-2.245843375314782869e-02,3.281030954227223129e-01,2.272179447698088606e-01,1.645015252058103505e-01,2.503307967113755916e-01,2.374857328532555267e-01,3.310377628214754286e-02,2.411809263461856534e-01,-1.952896397881012935e-01,1.762481438247679444e-01,-1.760991050809661562e-01,-4.099049032398052739e-02,-8.503994692945031353e-02,1.572260113873439613e-01,1.251148575397797724e-01,1.339945000491336302e-01,2.281478576059185748e-02,-1.235314379180416262e-02,-6.217115529049750677e-02,1.172105374505767461e-01,3.549593034893321342e-01,3.132847405648377936e-01,2.557580081487342283e-01,-4.751926623923806436e-02
