0.000000000000000000e+00,6.914310510853487468e-01,1.076810306134474010e-01,3.358322486835713105e-01,-3.324509356706977781e-01,-1.829950705091488994e-01,1.711054357508534352e-01,2.327395146619258837e-01,2.018690167400766788e-01,-1.150439895606654023e-01,5.433109129413354887e-01,3.424769586903424479e-01,2.894340235326183230e-01,5.651033481371339207e-01,3.583839573336699003e-01,-3.875362168971124149e-02,2.358609095275223944e-01,1.166475058441208967e-01,3.414596084969064860e-01,6.056107343785155361e-01,-1.109026020711359473e-02,-2.305329075828140006e-01,-4.265073769158503336e-01,-1.885634023169474593e-01,-5.395607152906646276e-01,-4.510240619370713411e-01,-3.991696872898613524e-01,-4.626149257197380571e-01,1.392519176989219232e-01,-7.226285440525588577e-02,-1.470010288333844228e-01,-1.341771618051808002e-01,2.329897198896614952e-01,3.433468017736545641e-01,-5.070651496830808763e-02,-1.930467757928198691e-01,-4.545456090017770956e-01,-4.701282994307527940e-01,-1.800812007465605880e-01,-6.470966770120557821e-02,-1.645197907480827060e-01,-1.524660601734848797e-01,1.088749469764008770e-01,1.630721286944775694e-01,3.039914524081637620e-02,2.857858838117871003e-01,8.983214264315543540e-02,-1.985850600321623360e-01,1.597221588744632825e-01,3.297326040783424839e-01,7.560730844280459662e-02,3.327119011841203622e-01,1.343037961338988395e-01,1.425330498471483465e-01,1.784903017137557668e-01,1.857789528205458229e-01,7.720919561733836645e-01,5.083155393305495151e-01,6.079551251223168640e-01,5.178133538310407680e-01,3.731026594381098294e-01,2.199893570297845047e-01,3.949669384834243457e-01,7.844483120306633417e-02,-3.083426434728757104e-01,-3.330826014629062470e-01,4.448093600242323253e-01,4.103829322983991168e-01,4.873814433897146192e-01,6.491564020522447853e-01,9.949123380369342962e-02,-1.308420754452732371e-01,2.575472217579612422e-01,3.744984701632638746e-01,1.152374070964766600e-01,4.011148584787226912e-01,3.030122024441487261e-01,3.310074745856660394e-01,-1.989884885949394222e-01,8.770843555848986672e-02,1.084142175601899710e-01,1.827822077062795647e-01,-1.125431248645989701e-01,4.081278437757738728e-03,-1.218836355064708832e-01,1.611371661768232766e-01,1.113006779322910506e-01,-3.360600778031019864e-01,7.540973110045191830e-02,-6.904996512799911612e-02,-3.845641549206983978e-01,-3.303093077548983625e-01,-2.851032461583280497e-01,-5.111712491024728716e-02,-1.194798164688262304e-01,-7.609542850885758769e-02,-2.043572392630589873e-01,-6.910555212733454633e-02,-2.208660052997643286e-01,-1.857670760360974616e-01,-6.434598625149828832e-02,4.114492648771063688e-01,-1.481747969251555330e-01,1.301351589261316721e-01,-9.379553998698848816e-02,6.174418642066642482e-02,-1.267580765521084396e-01,-9.459784045083655937e-05,3.105582815298850163e-01,2.082887922564334859e-01,-2.523205401920476931e-01,-2.468695923294849104e-01,-9.410628773672288436e-03,8.595646740389915885e-02,-2.448818414391782383e-01,1.271584964092931092e-01
6.914310510853487468e-01,0.000000000000000000e+00,-1.907311869373008034e-02,1.741961876942457466e-01,-3.659383096283740366e-01,-1.672930517368563519e-01,-6.336316091591179256e-02,-2.801221280771831745e-02,1.412463022517427280e-01,-5.343907991912108177e-03,2.460058648267589854e-01,2.684940568686600137e-01,1.583530810123721100e-01,2.237330780852529455e-01,3.450988529521502035e-01,-5.015060697670514246e-03,3.000666221143457602e-01,3.213369129237618749e-01,1.528211703109098873e-01,4.978750194483954616e-01,-3.437764853614893451e-02,-3.756657219561726491e-01,-5.725107628842048824e-01,-3.900373499529514176e-01,-5.109756745692749513e-01,-4.914697603308670892e-01,-3.644633713324546553e-01,-2.991042051696656268e-01,1.603165985887658462e-01,6.980709150525603313e-02,-2.227288446699116908e-01,-1.970232452559265712e-01,2.809825002010630790e-01,3.671536637606057085e-01,-1.052445031246923152e-01,-2.929957452038909338e-01,-3.319993736549712304e-01,-6.547283389876100701e-01,-1.436391562317296811e-01,4.284499982475781493e-04,-1.531377403868071918e-01,-2.268286730477613589e-01,3.285770584181376686e-01,3.559425242340839013e-01,3.707427450161314697e-01,5.471361483608281340e-01,1.936049187304668406e-01,-2.039672195777656183e-01,3.347231101473596704e-01,4.706772397118902940e-01,7.148455617756239999e-02,3.494659171869065606e-01,1.127744385946591182e-01,8.774139068888064941e-02,8.036487388205031113e-02,4.646132752800037451e-03,8.490394052579296469e-01,7.771353979065788176e-01,6.636493719756474396e-01,6.045639743670394584e-01,2.669247083380963392e-01,2.417688979699329430e-02,2.220494693207830106e-01,1.753432506324165488e-02,-3.810710019503798507e-01,-3.617229872195136808e-01,7.661245947002912615e-01,6.306891583834735027e-01,6.320447974780436518e-01,7.073385341718677610e-01,-9.279684539831430101e-02,-4.247593279381426390e-01,1.562108733461189114e-01,2.864787744135939840e-01,7.998374224430897239e-02,3.033013904133814442e-01,1.562472232381272030e-01,6.475632620387826444e-02,-5.594135490121664167e-02,1.523562938846048376e-01,1.889016440420027143e-01,-2.776196285654382659e-02,8.191309135473123781e-02,-6.461269920980032555e-02,-1.392485261639636041e-01,2.488990058194718025e-01,-3.478385185105584143e-02,-2.511733080764868564e-01,7.769414682412179030e-02,-1.653379715834485952e-01,-5.761140735516570022e-01,-4.854446708601785065e-01,-3.558363257010478953e-01,-1.230217446444880069e-01,-4.651305296079051577e-02,5.021591891523863316e-02,-1.662870217116652893e-01,-4.494638657965458611e-02,-5.166474126040484505e-01,-6.188607192387183265e-01,1.750765824903979806e-02,3.630260044779446416e-01,-8.480267807137553682e-02,-3.023213554461638697e-02,-1.384484327407663751e-01,-1.302084612069710490e-01,-4.897097804804906307e-02,-3.387661956332400220e-02,2.498697210566015181e-01,2.014135601459647873e-01,-4.903368003261397434e-01,-6.334559324075853537e-01,-1.930550534508266303e-01,-6.725666591215846701e-02,-1.854862298424996836e-01,8.797505925282086969e-02
1.076810306134474010e-01,-1.907311869373008034e-02,0.000000000000000000e+00,5.699179669726631703e-01,4.723284940312622582e-01,2.811536908069350860e-01,7.266648909089532538e-01,4.764438226992883108e-01,-9.504064526780515998e-02,-2.613744605691092904e-01,2.307348722871445101e-01,-3.907479852015477428e-02,2.708356465758732790e-01,1.663745279740200533e-01,-3.461984422070883971e-01,-2.494654214326972111e-02,-3.457430435902104082e-01,-4.776666191232210590e-01,4.553929518454308267e-01,3.755561650344730329e-01,-2.486072384387920109e-01,-2.204947024146340362e-01,5.133048040369014853e-01,6.347149380551462272e-01,1.294871690580394197e-01,1.313758987837650681e-02,-1.006340036938324911e-01,-1.091564611649438465e-01,-3.137783261971603399e-01,-2.932686796783549044e-01,2.028622465778067707e-01,1.990625867518231173e-01,-1.496567337032061185e-01,1.286869485516529132e-01,6.919865402040302760e-01,5.799394737695154900e-01,-8.495285289673656925e-02,-9.399285973278249939e-02,-4.332929452967018702e-02,-2.991183815358025577e-01,-1.423413963539202076e-01,-4.628270472212688696e-02,-2.577470665255190974e-01,-1.786593369025312739e-01,-1.487056638620131432e-01,-2.913125523362137259e-01,-3.631220316086218869e-01,-3.492381955086134027e-01,-4.052117786134765143e-01,-4.719055466814078281e-01,-3.699024951920033000e-01,-5.128248222516031962e-01,-8.077650423348357867e-02,-2.748498039589137298e-01,-1.651313719536408493e-03,-2.096936592537056998e-01,-4.644840189893873622e-02,-2.373512927046438348e-01,-4.281989189990446226e-02,-2.231935185123760657e-01,1.914011544449146507e-01,1.113966456273483702e-01,1.745979471750123413e-01,-1.745091717728440572e-02,2.495868929850843521e-01,2.450395161791999177e-01,2.992347762771059294e-01,2.393375950884054915e-01,1.540788410443052203e-01,1.442177122247280119e-01,2.511863850704246226e-01,4.921559235882935757e-02,-4.237761021847292336e-02,-2.832257930977280860e-02,4.560551736784879129e-02,-1.340011468311005649e-01,4.247831750771150494e-01,2.717248035381047422e-01,-3.022177623949428571e-01,-5.170386456148811094e-01,-2.564558700752415099e-01,-1.533812373711818389e-01,-1.829524568769764770e-01,-2.100937353824558207e-01,1.849459247388135219e-01,-2.608101940554736764e-01,2.219660711475120729e-01,1.705748745670319366e-01,2.441121356295839762e-01,-2.558804602638184433e-01,2.988723890975167885e-01,1.101277088057256992e-01,4.569347457112364619e-02,-7.618074835407470657e-02,-3.280161113712512511e-02,-3.743568043941793433e-01,-3.052049096272814802e-02,-8.389466736726985951e-02,4.128594256239864757e-01,2.885904450796675791e-01,2.122881430543507586e-01,-1.422451800538918898e-01,2.083981728668286015e-01,8.479070541846296660e-02,2.273914550189857220e-01,2.677289844889559345e-01,-9.507103719321074314e-03,1.042273693122957035e-01,4.036070621090652177e-01,9.413970081270486845e-02,2.030328531902227673e-01,3.703391293085466773e-01,2.399814914484821315e-01,8.740685209427798141e-02,-2.231133142377286493e-01,1.431242300373836429e-01
3.358322486835713105e-01,1.741961876942457466e-01,5.699179669726631703e-01,0.000000000000000000e+00,8.324788783467672315e-02,2.035020880650985353e-01,5.633897786132333607e-01,7.621576407176918755e-01,4.250692096171454493e-02,-2.767063231753423835e-01,4.610260145845374025e-01,4.060839962416672999e-01,2.039060711452038710e-01,2.220365245046680147e-01,-3.466876966109067038e-02,-1.722576974061552357e-01,1.310720564224662210e-01,-6.678675032343893425e-02,4.187633490885360188e-01,5.664974559311519720e-01,-2.886068183307941570e-01,-2.754560324904603008e-01,1.471017024808851659e-01,5.017258963766016988e-01,-2.076148023151469790e-01,-1.675301138774196452e-01,-2.556688966021469778e-01,-2.335409453854827289e-01,5.479012522863583277e-03,3.379822756269222368e-03,-1.706488151554545751e-01,-6.136709768196494524e-02,1.747926945586423253e-01,4.238577674883390323e-01,4.266666906203085974e-01,2.841036361758844109e-01,-3.950923664181255623e-01,-2.919638989232462012e-01,-3.366797503065670494e-01,-2.744923871852931740e-01,-3.731974519997224293e-01,-4.034265769782175992e-01,-1.205088065096723005e-01,-3.088235353272590980e-02,-1.791863220472420248e-01,-2.645730711131926566e-02,-1.436519653507832284e-01,-1.854166459257025057e-01,-3.463217982647659454e-01,-1.663950818683820887e-01,-3.243797021383723056e-01,-4.999388467412299586e-02,-1.155914470028224922e-02,-7.449552901254281878e-02,1.303706253549239691e-01,-1.289298616064489707e-02,2.437800039951378006e-01,1.683876615707549096e-01,2.504100097308598616e-01,2.317414321531823806e-01,3.740593790869949364e-01,5.047802526843301330e-01,2.903641625957486538e-01,3.748455625951497838e-01,-9.668025654495469856e-02,2.302889606653303334e-01,4.039232907038292075e-01,4.632869464565854134e-01,2.291371153492764989e-01,2.881280580994537432e-01,-6.234753801246210002e-03,-2.015578763623731284e-01,1.951047114003382765e-01,2.303134144191309185e-01,1.011898235453538297e-01,-1.103343917608677616e-01,3.373599686659907171e-01,9.657194288183586217e-02,3.944141030352765059e-02,9.341163472946721266e-03,1.581708291739067629e-01,-2.036539180341432470e-02,-2.761022929438460283e-01,-3.031539587141402481e-01,1.548559440845920510e-01,2.242962184306894202e-01,-5.225362813378004595e-02,-7.224638190540726146e-02,1.165221652746378511e-01,-1.128810128400301038e-01,-1.347065077753007156e-01,-2.849388421260079518e-01,-1.992807824550859586e-01,-2.218684194356002060e-01,3.021510807820573796e-02,-3.104064597248631929e-01,1.294860291607487224e-01,-1.765982531528794974e-01,1.820196261485760303e-01,6.483427083764424503e-02,-3.349968596042806473e-02,-2.146484473228540135e-01,-6.387504025571479060e-02,-2.007545994430284253e-01,-1.134605171372031068e-01,7.860116183394338929e-02,-2.757787575514236145e-01,-2.214787373853953911e-01,2.813855829332527203e-01,2.455236803793039713e-01,3.076505435960456558e-01,1.626738762429925655e-01,2.263787187783000698e-01,-4.059549677013662983e-02,-3.187781505452237929e-01,-1.079446842809207996e-01
-3.324509356706977781e-01,-3.659383096283740366e-01,4.723284940312622582e-01,8.324788783467672315e-02,0.000000000000000000e+00,7.792089369002733745e-01,3.846963131324811491e-01,1.988141885240243545e-01,2.981965357256213811e-01,1.169256251772383404e-01,-7.507034244270964496e-02,-3.366017109811197949e-01,7.457145411575916150e-02,-5.458394462183681350e-02,-3.119477198073551394e-01,1.383964287493829048e-01,-4.543757115644851408e-01,-3.757970037565186994e-01,-6.439454305470687645e-02,-4.803903303749450238e-02,-2.196642943166766671e-01,1.511920796462457306e-01,3.167181898288431996e-01,2.734973917785529229e-01,6.628719102925041406e-01,4.578052504698743030e-01,5.172578280632434966e-01,4.184656841592661602e-01,-1.637948162678398156e-01,-2.323476105613346832e-01,4.396174783264246710e-01,3.172171454630743348e-01,-2.720261182979309966e-01,-1.616486445156938845e-01,3.774523334506167949e-01,3.907420512434082172e-01,4.837123114276701830e-01,1.774660805293465926e-01,4.151933348296596993e-01,-2.030828237956273929e-02,3.917020400816271231e-01,4.027902698962849692e-01,-5.759167187147232747e-01,-6.146946274211487760e-01,-5.338799023633754304e-02,-4.002882196985027008e-01,-5.014975731831523564e-01,-4.514399580200229023e-01,-3.416933280449253041e-01,-5.489927626776857084e-01,-3.772339262848946606e-01,-6.713345622987251238e-01,-2.506537249543773216e-01,-6.406697847977731453e-01,8.905911703265929902e-02,-2.036058412739003287e-01,-5.147421272067826958e-01,-6.016728864446755365e-01,-3.817183175338418333e-01,-5.244744616977122798e-01,-1.033964897404080624e-01,-1.113966891678668664e-01,-2.293998251394483989e-01,-1.408291717158718093e-01,2.800732443395321375e-02,-2.989075318553133199e-04,-1.994634852798208569e-01,-1.520726262530247008e-01,-8.041355670211172701e-02,-1.789568530149733272e-01,3.073216236495792120e-01,3.650800177225094756e-01,-2.938065468868714374e-03,-2.338088867407544791e-01,-6.841132536494805294e-02,-4.575896974546954099e-01,1.541657308695023321e-01,2.110282355412994859e-01,-3.373291152079119226e-01,-5.893658965264382266e-01,-4.118218677958693785e-01,-2.707149616853455898e-01,2.360954762433843113e-01,2.742495902299319638e-02,-1.665338983563580399e-01,-7.060466247942341900e-01,1.273852039518215962e-01,1.729971759235871542e-01,7.936726770293145439e-02,-3.796860568148586745e-01,5.226833468401260729e-01,2.318229636727928977e-01,1.416575148177450783e-01,-2.286096840475502212e-01,-4.450646870886063033e-02,-9.145480635754728305e-02,1.227802987481054209e-01,1.643607637052121317e-01,6.356887661142882617e-01,5.508053378562238755e-01,5.330021870626391323e-01,-1.544647362372502108e-01,6.209217289636874693e-01,3.929223958388000648e-01,2.394706791803219159e-01,2.913686275712071838e-01,2.936813864854692646e-01,5.296596525395069754e-01,1.163161911824659861e-01,-1.861471850072929368e-01,1.089348996311928219e-01,5.182814115578816550e-01,2.736007633486555179e-01,1.774827982271381943e-01,-2.145953391162597479e-01,1.941595039393295419e-01
-1.829950705091488994e-01,-1.672930517368563519e-01,2.811536908069350860e-01,2.035020880650985353e-01,7.792089369002733745e-01,0.000000000000000000e+00,2.472099953073664536e-01,3.324048021095068473e-01,5.754780516299788928e-01,2.999881129372220512e-01,-1.065574048235693183e-01,-1.904921726736619192e-01,3.751660712494938026e-03,3.586005367261394221e-03,-7.714471475271927892e-02,7.802908728058863264e-02,-3.211982047578360588e-01,-2.350972152276883664e-01,-1.487049632573841096e-01,9.060665696540856628e-02,-3.192446824508804459e-01,-2.258656553722569391e-02,4.196219341947759335e-02,7.750329547584283718e-02,5.962879559526084172e-01,3.573650888834041806e-01,5.108112625676697327e-01,3.997527954503536374e-01,-1.353422927531910402e-01,-1.423281872113751345e-01,2.757504854129400051e-01,2.089456620987859281e-01,-1.986070473892109500e-01,-6.936579796036453560e-04,2.108291715221513873e-01,2.604669837225587203e-01,4.381979195837087948e-01,-5.784877520539530998e-02,2.416234554843275928e-01,-1.925912557287403071e-01,3.793013340727346416e-01,3.226884230724325620e-01,-5.047621579133263481e-01,-4.675988207599103275e-01,-8.941550977529470062e-03,-1.365203330090669076e-01,-4.535595125062449329e-01,-4.969692139965120603e-01,-2.382736826460765678e-01,-3.529439731914895684e-01,-3.363886235010407622e-01,-5.354924700792261794e-01,-2.484471977749069804e-01,-7.862245821832043458e-01,1.382862338847365979e-01,-2.962817414247418957e-01,-2.780758421308688333e-01,-4.381682624752042399e-01,-1.387936331973047832e-01,-2.761343582392751794e-01,-2.773463900607834112e-02,1.202361840313563189e-03,-2.138288628963894711e-01,6.180885161410066414e-02,-1.975871499423845767e-01,-1.489925280731919655e-01,-1.152701132473922183e-02,1.425892921095681665e-01,1.504886268697692986e-01,3.827173126005834619e-02,2.682264889801629359e-01,2.618253808793846171e-01,3.804066960855780749e-02,-8.611596901694637540e-02,-1.168502301064625187e-01,-4.939345864551759613e-01,2.316573749978775298e-01,2.277696491393049749e-01,-3.056500968065203327e-01,-4.410470639550971850e-01,-2.972794584009424423e-01,-3.639360481992339191e-01,1.844939809087501603e-01,-7.198133681121818284e-02,-3.247931073917894595e-01,-6.025588925545928287e-01,-1.317260461801964821e-01,5.809965221698214916e-02,-4.596903863386899575e-02,-5.744533358631567221e-01,3.457188597932280838e-01,-1.746835154192291351e-01,2.624486781793903059e-02,-5.162925997581001569e-01,-9.591949335560234768e-02,-6.600310924527508227e-02,9.674159752237754262e-02,1.068278702669662461e-01,6.127616253924836887e-01,4.122346999251996214e-01,6.655330711897267104e-01,-2.051460203081160727e-01,7.577869166766271203e-01,3.740425211700652008e-01,3.095893295855161043e-01,2.237577961700067397e-01,3.171201211356717842e-01,4.649773028482351300e-01,3.126902640502279146e-02,-2.781811434134879302e-01,-7.883022236452813525e-02,3.698426921429834313e-01,3.402009677342414662e-01,3.080051471229801052e-01,-1.304955289162384735e-01,1.043894977834533416e-01
1.711054357508534352e-01,-6.336316091591179256e-02,7.266648909089532538e-01,5.633897786132333607e-01,3.846963131324811491e-01,2.472099953073664536e-01,0.000000000000000000e+00,7.545340108955941316e-01,-5.119059784604585751e-03,1.548221138598383784e-02,3.965500649819488910e-01,2.584587142309722196e-01,6.114770953676237353e-01,3.904319087688321588e-01,-2.745735628243557436e-01,9.936399352213702921e-03,-1.257466853195526035e-01,-2.486399113904583236e-01,6.430382523301899633e-01,5.663454405064649588e-01,-2.422460512725566617e-01,-1.702427742220153917e-01,3.538208218559301121e-01,4.190560277733949013e-01,3.387786227505677761e-02,-6.786365265383037526e-02,-7.919028193779698716e-03,5.024806687118524989e-02,-4.748955442333934601e-02,-1.083237737351674251e-01,2.125216280755400089e-01,2.727963654688072420e-02,1.888118191662676582e-01,4.141094489828642256e-01,5.706057221023803638e-01,4.944185164409966027e-01,-2.367770915169672141e-01,-1.625552534979789743e-01,-2.212869238306300335e-01,-2.188380439335622374e-01,-2.453034593930120133e-01,-1.772543909612788182e-01,-2.989494147197980234e-01,-1.449130776123636333e-01,-3.951392186454293909e-01,-3.794742789120532089e-01,-3.683983417161329488e-01,-3.923845292492575965e-01,-6.402653937434149567e-01,-5.389348058403655717e-01,-5.384066242580256567e-01,-3.911952047780312691e-01,-2.881085068922978887e-01,-1.950448397308137127e-01,-1.142487345543962904e-02,-1.346518232548922778e-01,-4.716539292028036623e-02,-1.203444168583765739e-01,-2.031965748743596034e-01,-1.161969753715755838e-01,4.566393812435843302e-01,6.026555652625520398e-01,4.540400482937715920e-01,4.072623360943785631e-01,-4.990271498284933743e-02,2.077720765764070887e-01,9.358235421301544510e-02,1.699490581291424607e-01,-9.553972383427841719e-02,-1.674418912936063986e-02,3.400588048508176864e-01,1.170558352693069487e-01,2.375569660116083892e-01,2.963531354158007725e-01,3.107823429751328526e-01,4.974444487887062089e-02,3.714142542669591762e-01,2.922264865363236597e-01,-1.252302995578678524e-01,-1.792913549983138066e-01,2.357406257961196586e-02,5.794918065923987394e-02,-1.888108289219386227e-01,-5.573683641778430509e-02,2.136999649129882675e-02,-7.660606408155917757e-02,5.670390802589081458e-02,-9.566560051695030542e-02,2.557132938536304731e-02,-1.770236323698963776e-01,5.861980463728160701e-02,-5.165029569478854499e-02,-1.457289236438349400e-01,-2.217073005844638345e-01,-7.125225175745884820e-02,-4.196252656480465304e-01,-1.156007722708582985e-01,-2.013610062134452705e-01,3.873308699228048546e-01,1.993241958896797839e-01,1.181656800334562468e-01,-2.309776466177879961e-01,1.792080899705335295e-02,-4.955848842416886446e-02,-1.585496342561461269e-02,1.000881178510633213e-01,-1.242923480886947429e-01,2.517288706112362148e-02,2.100369147401551506e-01,1.174877992546930344e-01,2.438765061793594924e-01,3.445597769143374789e-01,1.617364095600132834e-01,-1.463652262103762314e-02,-2.659370341428505813e-01,-3.469752304778011415e-03
2.327395146619258837e-01,-2.801221280771831745e-02,4.764438226992883108e-01,7.621576407176918755e-01,1.988141885240243545e-01,3.324048021095068473e-01,7.545340108955941316e-01,0.000000000000000000e+00,9.997767631468472416e-02,-1.795221113584826444e-01,4.500101255570237990e-01,5.466356185003463652e-01,4.836678469027786420e-01,3.581973179304505650e-01,-1.546009401069649014e-01,-2.607888996007645122e-01,1.748261742119709000e-02,-6.737049910258274821e-02,5.609000011151921150e-01,5.807466769453011324e-01,-2.872880845589331766e-01,-1.180596773051089399e-01,1.985846580814998319e-01,3.405093547511362506e-01,-1.446790868005040087e-01,-2.040726849482809024e-01,1.051869010516564250e-02,-2.330303388917537299e-02,6.107621388919757394e-02,6.178855436407976881e-02,-2.691348127711131605e-02,-6.452645512731142174e-02,2.733773367038533908e-01,4.759667595388958894e-01,3.297110018717060997e-01,3.362408365883159944e-01,-2.078536021604304729e-01,-2.022989732926995798e-01,-2.758039789018862931e-01,-3.012200280630651372e-01,-2.636452834852978100e-01,-2.660283289130914164e-01,-2.926078992301517356e-01,-8.966641067532324372e-02,-4.961816071528578065e-01,-2.571083241572747480e-01,-1.585201722452922735e-01,-1.529431834112223443e-01,-5.519203552540605795e-01,-3.204998533107052405e-01,-4.112072760877480415e-01,-1.064197977549135032e-01,-7.141073096836088319e-02,-2.421327423125458900e-01,3.052307877337014919e-01,4.520541982988464380e-02,3.741505136411032995e-02,-8.324951455238242815e-02,-6.794669280253793839e-03,7.658910765632707951e-02,5.589810198347533454e-01,7.164265846807005289e-01,3.994870362254444029e-01,6.408276791393975325e-01,-1.837552070314783792e-01,2.387988731037784806e-01,7.778247512883126880e-02,2.083472774482668377e-01,2.395183112253356297e-02,7.910637619777240170e-02,1.071940712920530919e-01,-1.290367460848587666e-01,2.216790058941813801e-01,2.583987854107248627e-01,1.074918353880402883e-01,-1.547379870153577364e-01,2.880608849893112056e-01,1.511555397233993736e-01,8.968970013133147068e-02,-3.922600228694118896e-02,2.071026165172411837e-01,-8.907351105807294334e-02,-2.875138911323712465e-01,-3.417675690876881833e-01,5.985633146060081317e-02,4.500540975606329847e-02,-1.852568359569502499e-01,-3.290424819885771068e-01,1.252765783324991389e-01,-1.769087123834299780e-01,1.462483982479721029e-02,-2.987215130008046282e-01,-1.714285035888876152e-01,-4.934319933075402287e-01,-2.183754363146940547e-02,-3.187634774531997173e-01,4.264347476857644620e-02,-1.710295059454206013e-01,4.442428100504958177e-01,2.194316782545785161e-01,1.477621108398483596e-01,-4.771204111209926269e-01,2.876898284991633026e-02,-2.601239174347316774e-01,-2.116454897609480398e-02,2.587698580623544464e-02,-1.264946899691498094e-01,-6.111873979974859206e-02,1.191507427167760869e-01,1.441433023428352889e-01,3.590406226033564518e-01,3.636697037190944615e-01,3.394806167129633678e-01,1.128102132143694730e-01,-1.817641119996665777e-01,-1.803980190616038537e-01
2.018690167400766788e-01,1.412463022517427280e-01,-9.504064526780515998e-02,4.250692096171454493e-02,2.981965357256213811e-01,5.754780516299788928e-01,-5.119059784604585751e-03,9.997767631468472416e-02,0.000000000000000000e+00,3.577582849888648053e-01,-4.276266057684959682e-02,-1.514076947229830161e-01,1.208359778599895212e-01,3.043380386393996773e-01,6.037400145607758617e-01,2.585098930062729172e-01,-1.837865463769386074e-02,-1.074465369520701541e-01,-1.726947498162934025e-01,5.291424852361556463e-02,-1.141522738733767584e-01,-1.100615876449961422e-01,-3.698358207008340393e-01,-2.353797156163075777e-01,2.191050069084856944e-01,1.224426839356624330e-01,1.836522226935649593e-01,1.608027621732504298e-01,6.437365610615826406e-02,-9.010225464466613265e-02,1.995374195380759663e-01,1.980599768847853825e-01,-5.922746567345580672e-03,8.676557745517365916e-02,-9.933158314358268848e-02,-3.883710016955763122e-02,3.027116227940392368e-01,-1.549284335542780722e-01,1.204038499528779227e-01,-6.309701506508628988e-02,4.509714429489048437e-01,2.292394203165954158e-01,-2.094670996992542555e-01,-2.422619425615142041e-01,1.384340462318222886e-01,9.963798473139358347e-02,-3.169088262866315842e-01,-4.706887445702600536e-01,7.848077249814348899e-02,1.313347154986577864e-02,-1.078186252484285429e-01,-1.252627155297803829e-01,-3.342843435476671732e-01,-4.694646088641323822e-01,-1.465413234209206328e-01,-1.146715969577241367e-01,-2.447436096218180701e-02,-3.722822979042691299e-02,4.791927334981101877e-02,1.500289455998809751e-01,1.672630328082745921e-01,1.496246277904053901e-01,-6.436844911742563291e-02,-5.844923160331021161e-02,-3.453416652278049614e-01,-4.211954053569247902e-01,3.037900770225614513e-02,1.432738026687520039e-01,-5.349425999375707723e-03,3.940482850910592694e-02,1.531278454640827569e-01,2.163580132988251470e-01,1.985986168459207279e-01,2.289163960628560202e-01,1.035341301008863707e-02,-7.433161674158517140e-02,9.401128967587002450e-02,2.986148748316354018e-01,-4.354053626606437799e-01,-1.441238151347182805e-01,-3.368774713468277726e-01,-2.154156050296229252e-01,1.034818518816062044e-01,1.970978612551659293e-01,-5.839918991025311312e-01,-2.971928210287893002e-01,-3.175502112221432749e-01,-3.637673420532502311e-01,-2.574962111116023133e-01,-3.898561219150160628e-01,-9.973950268892255167e-02,-2.843700610734054002e-01,-2.792622888779674462e-01,-3.363806399133001390e-01,-9.800989938458959383e-02,1.303356848100540311e-01,-1.591373280216590580e-01,8.653830204740320386e-02,1.321632694200499392e-01,6.013198398647758708e-02,4.665018751886018666e-01,2.419292007783021836e-01,5.777639163893267815e-01,5.547622667723854928e-01,5.759985345074055546e-02,1.185293977402703258e-01,3.212228156172464710e-01,4.152552397940274531e-01,-9.708675899086516986e-03,-2.196704650678028004e-01,-4.845196908507138911e-01,-1.429548598228171374e-01,5.555272669001140584e-02,4.551677870592910763e-02,-3.173771613789853063e-01,-1.705186264450925596e-02
-1.150439895606654023e-01,-5.343907991912108177e-03,-2.613744605691092904e-01,-2.767063231753423835e-01,1.169256251772383404e-01,2.999881129372220512e-01,1.548221138598383784e-02,-1.795221113584826444e-01,3.577582849888648053e-01,0.000000000000000000e+00,-9.834903872609834785e-02,-2.184919059347993908e-01,1.182607019614487776e-01,5.701180702627078878e-02,1.826623377725684894e-01,5.573477757277744971e-01,1.776574569255093827e-01,9.551086686547002880e-02,-1.655728246265807113e-01,1.904190157810515746e-02,3.389744886252092203e-04,-9.598699707003265080e-02,-2.268146163397605219e-01,-2.575687869102067928e-01,4.559298978007056413e-01,3.603808881571112788e-01,3.652655537091528681e-01,4.090713106488156336e-01,1.665516756539140719e-01,8.166874257683583160e-02,3.571526978943195818e-01,3.873521234659021983e-02,2.047194870918627174e-01,2.326901072584476038e-01,-1.120102874458454856e-01,-1.111665829819453999e-01,7.981196580332855853e-03,-2.245994132620265926e-01,-1.441436166983619538e-01,4.389360412334468789e-03,1.176185745015782269e-01,1.339542698239631902e-02,1.526630178959175084e-02,-1.473202862190820667e-02,9.972028498581410327e-02,9.838856746482241289e-02,-2.664603054037618102e-01,-4.336283430660205496e-01,-2.655196320887143191e-02,-5.824068327868194700e-02,-1.340990618863698858e-01,-1.722391648828726085e-01,-4.840236159020795959e-01,-2.426380869761507186e-01,-3.796217283414792809e-01,-3.717920293014753130e-01,-4.112730484843261231e-02,1.169716271518694561e-01,-2.560986161013570350e-01,-6.825630387684104849e-02,-1.998483276398312636e-01,1.242589565419341541e-01,-1.337294930965396422e-02,3.106481367593096760e-02,-3.166780736436738963e-01,-2.290618296010026866e-01,-6.606379216491296835e-02,8.378056085062572655e-02,-2.328977709382029637e-01,-1.575354278427921750e-01,4.640589672248505160e-01,4.432575351676715236e-01,1.274357852600311591e-01,3.812894115199663703e-01,1.729354269092860941e-01,1.358488080617954730e-01,-2.013557289489579377e-02,-1.355202077489355179e-02,1.274421746297581086e-02,2.427307567604664873e-01,8.121301369708436302e-02,1.237651910472111622e-01,2.195034777837364670e-01,4.602459341423869033e-01,-4.341050450766383850e-01,-2.327563550817495983e-02,-1.950608544860976679e-01,3.063670920464105565e-02,-5.955430991216021930e-01,-2.370061279513540897e-01,-2.313373105077091985e-01,-2.021632622662816459e-01,-1.453311921479559787e-01,-9.514515497803674449e-02,-1.697461918054405106e-01,-8.934813486938895932e-02,-2.508657131303168031e-01,-2.122323614343494258e-01,-1.569190193933314159e-01,-2.419805030464529383e-01,1.370380338662479519e-02,2.040499563946823192e-01,1.168941441098686890e-01,2.696464522568139399e-01,-9.429813690592853126e-02,-5.684867410966380069e-02,-1.877753653966077532e-02,7.516616707663217878e-02,-2.486763694957891124e-01,-2.212966735167257171e-01,-3.438328622586482863e-01,-2.022495708436618522e-01,-4.369415314207990009e-01,-8.391079903232916137e-02,-6.872881436474817529e-02,-5.563975120043256062e-02
5.433109129413354887e-01,2.460058648267589854e-01,2.307348722871445101e-01,4.610260145845374025e-01,-7.507034244270964496e-02,-1.065574048235693183e-01,3.965500649819488910e-01,4.500101255570237990e-01,-4.276266057684959682e-02,-9.834903872609834785e-02,0.000000000000000000e+00,4.798089926874440359e-01,4.833252429704440467e-01,3.479851881472207364e-01,2.742119424295586666e-02,-8.995107276988642542e-02,3.851286032382975066e-01,1.713197582442881617e-01,5.622828182492390914e-01,5.368679699736058630e-01,9.401512074377951778e-02,5.957380427980524945e-02,-5.736459598839440538e-02,1.267938266748942500e-01,-2.972831573363965973e-01,-1.499622268117745960e-01,-7.712171491756236730e-02,-2.189787599656331518e-01,4.158302934464011003e-01,1.828789970460828751e-01,1.519579475272260505e-01,6.689206029690257516e-02,4.341135428553850595e-01,4.576073154573265245e-01,4.705822061273087081e-02,6.682352689297182957e-02,-2.357653534838898279e-01,-1.884005327344141223e-01,-9.987807019805709785e-02,-9.608928038301584040e-02,-2.294678470371143697e-01,-1.629185838228283945e-01,-8.506622249909751021e-02,-7.412686294877250670e-02,-4.203511348741467146e-01,-2.696291872751123142e-01,1.008351415630725362e-02,-1.362342243401875319e-01,-2.743254234813747860e-01,-1.271172249778323160e-01,-1.910464307556053454e-01,1.517402509131891564e-01,2.408680305133483954e-02,1.667179981143642187e-01,3.218267556725191714e-01,1.769737750156946676e-01,3.786392145734380765e-01,2.561417512106863859e-01,1.065175572994412068e-01,1.556638224844911211e-01,3.081214617160587532e-01,4.488680080281767792e-01,5.718066171537813380e-01,4.128974263365912112e-01,-2.728772717297933692e-01,-4.679563578665063561e-02,7.202038582628626784e-02,-1.035097154021040813e-02,1.153926502052553399e-01,2.370450367001240843e-01,1.430135161894164897e-01,-2.657408892447456639e-03,2.021455783087370006e-01,4.318292928300513367e-01,3.797074297034261359e-02,6.937281536636952239e-02,-1.977167519574902360e-02,-1.209404842921163459e-01,1.973020282420242799e-01,1.698184240816470181e-01,3.942991523490793071e-01,1.984491969114320353e-01,-4.624773424731867116e-02,3.217634932870901132e-02,5.249647870879058792e-02,1.801334723314103603e-01,-5.322516562173536941e-02,-3.516120880658077930e-01,1.370732122273897458e-01,1.179878795884532067e-01,-3.004911153194431694e-01,-2.276480038769069028e-02,-2.955917680142637893e-01,-8.814718619296359192e-02,1.122892369667702200e-01,-2.307007507034007365e-01,-1.970043861693051082e-02,-1.619663656546113939e-01,-4.730731100740397099e-02,-1.331170081035298706e-02,-2.861390678403000210e-01,4.249819056580916160e-02,-3.036125334551994515e-01,-1.125582860755197367e-01,-2.078812820492557389e-01,5.375458787624012164e-02,-2.464632241791444855e-01,-1.078967035199426411e-01,1.762804379238303576e-01,2.710725616412770766e-01,1.950756280035411128e-01,1.115192124477288049e-01,-1.328471954465972049e-01,-7.621839097587926326e-02,-5.403615914784796193e-01,-2.133290173484024832e-01
3.424769586903424479e-01,2.684940568686600137e-01,-3.907479852015477428e-02,4.060839962416672999e-01,-3.366017109811197949e-01,-1.904921726736619192e-01,2.584587142309722196e-01,5.466356185003463652e-01,-1.514076947229830161e-01,-2.184919059347993908e-01,4.798089926874440359e-01,0.000000000000000000e+00,4.158808446900246203e-01,3.360499519900870258e-01,1.482422677571271219e-02,-3.200982073440019615e-01,4.950406407073593695e-01,5.942656019298574455e-01,4.769064470890784224e-01,4.131353924637196084e-01,-2.112001717939552756e-02,-1.370072200596623123e-02,-1.631768350274312163e-01,-1.978161162205956114e-04,-5.171747801990561610e-01,-3.881049735074441620e-01,-1.798740442102306769e-01,-1.177414256635400669e-01,4.921018983525602408e-01,5.276946630572765251e-01,-1.181765590693603235e-01,-8.190883516951286136e-02,4.784562483236872166e-01,5.012630731273205464e-01,-2.029285154018015958e-01,-2.181405956548107261e-01,-3.095260832132311068e-01,-3.136227287728451940e-01,-3.186258570796465239e-01,-6.920787217146724679e-02,-4.395399951436923525e-01,-4.098737884965893419e-01,1.033848403435236492e-02,2.149699124892126278e-01,-4.686314133931293591e-01,-3.183380976092875514e-02,2.479393666211747171e-01,2.467240436201482978e-01,-2.522625070987707940e-01,8.486789866174862529e-02,-1.411115430010971006e-01,4.198174853726125422e-01,1.476518863180345253e-01,2.034140019817417822e-01,4.042668802091730074e-01,2.647948567506046014e-01,3.408791454646042385e-01,3.740280779008402501e-01,1.766703250582224161e-01,3.682042232085979139e-01,3.512761229354565140e-01,5.043590898108644138e-01,5.072863079146051613e-01,7.676135978559641693e-01,-3.149058426719529291e-01,2.218716848207499537e-01,1.190296046833696081e-01,1.852702276747607013e-01,1.815607375000670154e-01,2.260464226754657080e-01,-1.371483663778285400e-01,-4.155504353891702474e-01,1.149297626167706671e-01,3.972813952740881782e-01,-5.801048790331228555e-02,-1.898485689114110669e-02,-2.253287907242376431e-01,-3.765303787565360549e-01,5.753445120845560590e-01,4.224467153426226806e-01,6.832784247695784519e-01,2.207632428003106773e-01,-1.299793076163515138e-01,-2.819417934767225464e-01,2.643659085979289114e-01,5.024938607547596581e-01,-2.750479271904363032e-01,-3.622293049628926287e-01,2.229630628656601166e-01,1.894478324416877524e-01,-4.416187947533299907e-01,-3.742602322364308454e-01,-3.040324827208339409e-01,-3.945744178752350617e-01,7.657182845008891903e-02,3.766443863859673946e-02,1.027086923515088679e-01,-1.003572252986290603e-01,-1.842196175949201431e-01,-3.267099396886387619e-01,-2.542666728987983960e-01,-3.547781758215909353e-01,-4.212820455924756180e-01,-5.882945438633871982e-01,-2.418269923618484030e-01,-3.219704805053326124e-01,-2.618235433326367434e-01,-2.582926974029547407e-01,-8.796348840811160641e-02,2.470290041899945443e-01,1.998690199718554661e-01,-1.253965206139310007e-01,1.372849095803961410e-02,-2.568345288391539472e-02,9.011661274664725663e-03,-3.134117185439582731e-01
2.894340235326183230e-01,1.583530810123721100e-01,2.708356465758732790e-01,2.039060711452038710e-01,7.457145411575916150e-02,3.751660712494938026e-03,6.114770953676237353e-01,4.836678469027786420e-01,1.208359778599895212e-01,1.182607019614487776e-01,4.833252429704440467e-01,4.158808446900246203e-01,0.000000000000000000e+00,5.365543739893474662e-01,1.337466251973810361e-01,1.472797652767600107e-01,1.729353725268884256e-01,1.305787123357104729e-01,6.246777904411539017e-01,4.422275434051562426e-01,-1.359443251933251384e-01,-6.682474942255287043e-02,1.976285239320341725e-01,1.613012005920876346e-01,-7.400039850503906114e-02,-1.217374185502728412e-01,-7.341753888321154997e-02,2.463421799986565547e-02,3.097242923398152437e-01,4.823469266966013552e-02,3.892967851488742803e-01,1.803596846821479416e-01,3.381656181446996978e-01,4.128987804411324292e-01,2.543399998987126431e-01,2.738922155634057609e-01,-1.914027039578337919e-01,-3.563552876637852695e-01,-2.729430622167278719e-01,-1.746311905115370267e-01,-2.115175770429144619e-01,-2.217462613284580386e-01,-2.043354238742380036e-01,-5.605863026373452546e-02,-4.519313573521636651e-01,-3.930962386709376810e-01,-2.785821984426092301e-01,-3.271320758516421123e-01,-4.325503587666113536e-01,-3.105080085303145165e-01,-2.942329818321623436e-01,-1.024483459819827275e-01,-1.331500901899463629e-01,-7.950414843330959205e-05,-5.915959309380302428e-02,-8.686274749015175656e-02,1.257796585240224252e-01,7.874958591844105626e-02,-2.162575757274544652e-01,-7.155964992777798239e-02,4.320778085741283081e-01,5.253057886069431026e-01,4.622987369290841864e-01,3.880696229708253675e-01,-4.637165333851728244e-02,1.620359063358675078e-01,3.065236357591007502e-02,-1.262288069248984103e-02,-1.184586175499784400e-01,2.011068523486850973e-02,2.268345453464378769e-01,-6.371910330474023221e-02,2.549666637964801974e-01,3.790442896018242913e-01,3.132825233374291751e-01,6.121976495121958517e-02,-2.491106057644999761e-02,5.280369452761048132e-02,1.253012099907815924e-01,6.830086307984364891e-02,2.726387624887403049e-01,1.867180561267882677e-01,-9.579397544146545096e-02,1.530935846360014230e-01,-6.356533468697770847e-03,1.563237845929486489e-02,-1.105945311941051307e-01,-3.374424738747048846e-01,4.925002692045738623e-02,-1.112306979927702166e-01,-1.236747753764543822e-01,-6.602838180589820638e-02,-1.758293360099562330e-01,-1.345998391866598254e-01,-7.400127809783813015e-02,-2.515440697574697348e-01,-2.816834149230167950e-01,-1.652509846753204004e-01,2.678644070587611267e-02,-1.501349195123667102e-01,3.826273815184765004e-03,-3.454098132713315922e-02,-1.332691195533148854e-01,-4.034414611021767266e-02,-1.540488622611903280e-01,2.583490600911885621e-02,-1.365753796321202418e-01,5.843233879624316202e-02,7.885877869247370775e-02,2.046379369997825548e-01,-2.028538469563568453e-02,-2.369620533894209805e-02,-6.741995242814044498e-02,3.965067842494525430e-02,-2.334414532931446962e-01,-8.931760173251800106e-02
