0.000000000000000000e+00,8.213900373657997411e-01,4.373531193151680707e-02,-1.446332282760396659e-01,-1.717421417513083637e-01,-1.056307286708351584e-01,-1.297916857574366034e-02,-1.782392278685048514e-01,-2.643302444788657793e-02,4.840152229809089636e-03,4.450712479065780380e-01,3.001407722050108279e-03,-3.705868765897864930e-02,-3.264334508711924654e-01,-7.406064382231395370e-03,3.940500238083690654e-01,5.062565226882481673e-01,5.973179848929688340e-01,5.493717086239412462e-01,3.235923780226885871e-01,4.696215669338099641e-02,1.814366093847421049e-02,-2.385468163209160941e-01,-4.928514714813948538e-01,-2.395183225787381187e-01,-2.721651058104291865e-01,-2.662457647663798999e-01,-1.727025561975245038e-01,1.331105984403354869e-01,-1.734981569549155223e-01,9.463612100867896393e-02,1.094598706952584488e-01,6.956786649949072698e-01,5.710410311774744008e-01,-1.612686003584887576e-02,6.644427508442186936e-02,-1.912823698683568940e-01,-1.584236301408100123e-01,-1.982022444978019105e-01,-2.147221381202705226e-01,-2.071747182822615274e-01,-3.113396673735361886e-01,3.467733134008947615e-02,2.407071013809102336e-02,-1.317253822147231024e-01,-2.281100960309946635e-02,-3.581924736065714154e-02,-1.348845811660012717e-01,-1.430933367163596537e-01,3.300071506120907938e-02,-1.955671821733914462e-01,-1.737780428464531235e-01,-1.715359760741459183e-01,-7.551218674185940227e-02,-2.814920775249540874e-01,-1.037083062996474181e-01,7.625320159681501231e-01,6.069754960718611869e-01,4.203204780813756813e-01,4.222343124899526068e-02,5.000874310986774818e-01,-2.609393614993451016e-01,-3.263061883521122253e-01,-1.337425191150825310e-01,-1.416818906299284198e-01,-4.060625620590144758e-01,2.173953575215164802e-01,3.252971500278540873e-01,5.582566297579739656e-01,4.407166521602153830e-01,2.344441629873017241e-01,1.501734119431105963e-01,-1.374405705108995845e-01,-1.844838408320761611e-02,-1.363884800721928692e-01,-2.041015521882141581e-01,-7.428012617263203554e-02,7.521533000642631472e-02,4.573074934635705802e-01,4.268616822718038772e-01,-3.452139962965377479e-02,-5.490528295660677960e-02,-2.843235524480468013e-01,1.008118388314448721e-01,-8.580060600817282501e-02,-1.626362971092773779e-01,4.336951623749613072e-03,2.287438355159019110e-01,-2.095652407384848426e-01,-9.762814837821263969e-02,-2.717736128685503405e-01,-1.322346561031715051e-01,-1.467866639193624034e-01,-2.557573480509077735e-01,-1.215499719897347557e-02,-1.623896256727593718e-02,-4.202951356068771599e-02,-5.516797797892617622e-02,-9.207559732785289275e-02,-6.408325660027025528e-02,-6.061715518717954859e-02,6.951499928101401160e-02,9.451028664553343117e-03,2.397009601867972628e-01,-1.851766834386583127e-01,8.345790056928627243e-02,3.533024731951469599e-01,-1.534137614254750537e-02,1.367675905106685852e-01,2.675095942625809742e-01,-7.935814031173651917e-02,-1.387014922754325752e-01,-2.396331896568061615e-01,-2.709468252052390502e-01,4.211120172314365001e-02,-3.639822715208363563e-02
8.213900373657997411e-01,0.000000000000000000e+00,4.280255557250392529e-02,-1.144257367527685976e-02,-1.994649237856907231e-01,-1.157017720933375404e-01,-8.794446094168405226e-02,-2.126905897228836134e-02,-1.640443363961527345e-01,5.292737767916021879e-02,2.932563853089024120e-01,1.448330254674159157e-01,2.874879529136529360e-02,-2.066474102635092458e-01,-8.113867558686106707e-02,3.273359637303597802e-01,4.584640439749210206e-01,6.624913300486288126e-01,4.046121412300275888e-01,2.275009149986781387e-01,-2.443976397399548472e-02,1.229197490811985601e-02,-1.708764527034979941e-01,-3.766250080895199859e-01,-1.846579310590115708e-01,-2.003417946936658645e-01,-2.206358562834602466e-01,-1.802276273225623393e-01,7.804141864784004679e-02,-2.294200337078483032e-01,-8.623570491263034266e-02,-1.157463449446446795e-02,6.503166912612429185e-01,5.734190914191744648e-01,-6.190238087608002093e-02,-1.020479396843962556e-02,-2.470038465038053299e-01,-2.241110244491988368e-01,-1.300839170085786589e-01,-1.964141897828142747e-01,-2.594978115434906085e-01,-3.242909429416448441e-01,3.681177801022447044e-02,1.493908957595701213e-02,-2.523628286361379036e-01,-6.259502481870475588e-02,-1.690768071644042914e-01,-1.618247941682213753e-01,-1.791203191382992332e-01,1.302258760051029085e-01,-2.134276372313512193e-01,-1.445062742896097985e-01,-6.100262247087342299e-02,6.472158674945965862e-02,-2.888242809804622002e-01,5.050331774785685179e-02,8.219750133030213624e-01,7.796035118701187816e-01,4.099350162953116494e-01,1.127570125208945256e-01,4.686539390909134628e-01,-1.637603039007829719e-01,-3.921375916975874398e-01,-3.736869129658918626e-02,-2.372890305051609805e-01,-4.006365227239983007e-01,6.661414236559505542e-02,3.105164102284805883e-01,5.399790443538194928e-01,4.041044907349713999e-01,2.271565691319974156e-01,1.348977443090558781e-01,-2.895085689345038293e-01,-9.669118241130705838e-02,-3.486485282128441998e-01,-3.527107695312224345e-01,-1.160021446993269451e-01,3.705331182697101100e-02,5.176391675026000838e-01,5.181321214027395650e-01,-1.431339230091696569e-03,7.206726867223818556e-02,-4.307195300178314756e-01,-2.965090726086221096e-02,9.924822696462987093e-02,-3.559963541967683942e-02,-8.640574583074342452e-02,1.639869042346891181e-01,-2.279854556904120366e-01,7.046986874040732374e-02,-1.831745760718155314e-01,-1.026209270921382977e-01,-1.372431260191094571e-01,-3.337109859961274183e-01,1.098553031064508911e-01,-3.486336991509619843e-02,-1.311846084121449374e-01,-1.395466586985456836e-01,-1.257647727623767697e-01,-6.867965757333951982e-02,-4.232945931133374334e-02,3.897623037839793858e-02,2.127056423111565314e-02,2.372267052334449677e-01,-2.397103685286332830e-01,3.275041231066067038e-02,3.551228986580336477e-01,-1.068675918122949098e-01,2.051780170775523160e-01,2.099868750386769678e-01,-2.159622204645020305e-01,-1.604873498271463250e-01,-2.643504158355022837e-01,-2.001404854249776988e-01,2.318481082783381553e-02,-4.600126624326836278e-02
4.373531193151680707e-02,4.280255557250392529e-02,0.000000000000000000e+00,6.562839704763993032e-01,4.318534976161353400e-01,2.108398005823282906e-01,8.142387579856674718e-01,4.973599957754192280e-01,3.917824069838964918e-01,5.054302516660182931e-01,7.912243377311525133e-03,-2.006703950600621233e-01,4.013871405958802790e-02,3.034128548212660093e-01,1.395960504323760232e-01,2.864533439149916649e-01,2.156443970606656546e-01,7.434060670752604127e-02,-2.482643756533571902e-02,-2.015636428270712877e-01,1.113342814822287780e-01,3.631094668082568422e-01,7.546661061249515523e-01,4.349554385548703439e-01,4.034010860866311665e-01,4.552359198388113981e-01,8.512105233154996023e-03,5.722409271096361855e-03,-1.251524049960544838e-01,-2.280808995123566885e-01,8.984318103038602121e-02,-3.901955126557284798e-02,-5.802633283559516936e-02,-2.351440977680201508e-02,4.712826272191315002e-01,1.147111342923051863e-01,1.509138165577139992e-02,7.172822529124800450e-02,-1.394988431758165115e-01,-1.502082515295234937e-03,-3.208167256085338315e-02,9.742410663485794042e-03,-3.769977059493790361e-01,-4.212901956672734372e-01,-3.593775300206198953e-01,-5.322761420857576864e-01,-2.930121731847419864e-01,-3.908916753105987629e-01,-6.856998981266965165e-01,-5.519017077918420000e-01,-2.848284986744522573e-01,5.580648358815582400e-04,-3.507725619224261737e-01,-2.561502640193419333e-01,-3.175271097392177166e-01,-1.755609625438401267e-01,7.073198201440507316e-02,-1.582971005082617344e-01,-3.047212079812814944e-01,-1.107185412059671741e-02,-1.764510465972306263e-01,4.213124711408258727e-02,-2.313813883501124047e-01,-3.760566390285334792e-01,4.046488580049696915e-01,2.998125472414546189e-01,-1.146128765741269706e-01,-1.968120518706348576e-01,-6.203309363623957934e-02,-1.020355571849303616e-01,2.742377119460162258e-02,1.868190613282506296e-01,1.561184893928277972e-01,1.046179678558231546e-01,3.469441753265040812e-02,3.967564878837392256e-02,-3.697048408463265295e-02,-1.199439563184809543e-01,4.518931005730857792e-02,-1.902305398075231080e-01,-2.501749043044060317e-01,-2.070929641988381031e-01,-3.826350764794844012e-02,4.609354237017600914e-02,7.681820332196596934e-02,-6.341577002579756872e-02,-5.089905913243208957e-02,-3.138433860691972489e-03,-3.645569191985923996e-01,-3.075615809369154907e-01,-2.963596513141825706e-01,-2.774445129119261777e-01,-3.924693632240588287e-02,-2.239388699538971128e-01,2.125779505397159402e-03,-1.804762508896097795e-01,-3.890091894317402321e-01,-3.931700484985286570e-01,-5.518812564206025950e-01,-3.448361733082849212e-01,5.792499696487567185e-02,-2.089956712887305335e-01,-4.365556577762349719e-03,-1.067426646074580432e-01,-2.561491494198208652e-01,-1.606537524684003848e-01,2.486844146975513911e-02,8.529180114754444930e-02,-3.120059251915865972e-02,-1.536358980107955796e-01,6.770148312932008916e-02,-5.460278950955487209e-01,-2.568408161024026692e-01,-2.177428204902041864e-01,-4.361417839390336476e-02,-4.086771009746253958e-02
-1.446332282760396659e-01,-1.144257367527685976e-02,6.562839704763993032e-01,0.000000000000000000e+00,3.998184270571411569e-01,4.184951974522116425e-01,5.947837104265818464e-01,7.946792586478313991e-01,1.976955839606013288e-01,5.248788571742429854e-01,-1.039375791026171253e-01,1.779866746004912792e-01,2.459013062498794089e-01,4.604961092824184088e-01,5.488155210731251316e-02,2.279460872069210275e-01,-1.847236565715142109e-01,-1.893452042993691575e-01,2.283148294959437205e-02,-3.653352647516938407e-03,8.868289984933182268e-02,1.651051606117780179e-01,6.814591871938470158e-01,6.289492463912981224e-01,5.394149798936324069e-01,6.095564716500150304e-01,2.811144381160889938e-01,2.607468486905130667e-01,-3.169467978877900660e-01,-2.191717089467633273e-01,-1.727929302081973872e-01,-1.884381338217500090e-01,-1.686089996528695178e-01,-1.091327019984702357e-01,2.781766291595474949e-01,1.116896539083696710e-01,-1.360282882453566766e-01,-7.767967139871430338e-02,1.183472529559364689e-01,1.853575015450437402e-01,-1.112941037837255343e-01,2.681381084362148282e-01,-5.596747081226502996e-01,-5.175248182419277532e-01,-4.590717556474951389e-01,-5.772455638078219931e-01,-3.831403134999192828e-01,-5.167569377934458918e-01,-6.766240577595017403e-01,-5.110621912008559420e-01,-3.086346006546648590e-01,7.905768709456151289e-02,-3.662364347371078743e-01,-2.251955384795163162e-01,-1.769716536385785022e-01,-1.477778464126905111e-01,-4.896653985283343224e-02,-1.746433357309402634e-01,-3.829498847898377689e-01,-2.694036725125569659e-02,-3.122483434429351168e-01,2.449856551620210876e-01,-1.750421092657175604e-01,-1.812974843151647364e-01,3.422194467268131479e-01,4.048377678803575797e-01,-3.584843252176090345e-01,-3.428469679699379657e-01,-1.389085427068400547e-01,7.754283486141185303e-03,-4.706706097595707294e-02,1.529707697602727956e-01,6.057411671272933812e-02,6.764535242816727134e-02,1.512548916005506394e-01,9.626981670971908323e-02,8.248833415108547396e-02,-2.266131160961226687e-02,-2.231614916397796702e-02,-1.821943654062228024e-01,-3.179712548544856299e-01,-1.602172108074789991e-01,-1.227739634963741777e-01,9.010773035866005698e-02,1.085155713270869737e-01,1.242651051526845983e-02,1.042305622831918022e-01,1.221711673613312538e-01,-2.855529517473220924e-01,-2.480921175527116274e-01,-3.066511366937777483e-01,-3.128294126893410021e-01,2.673038157918709579e-01,1.103120818864817415e-01,1.262623865131158318e-01,-1.205631443474336068e-01,-3.090533073935000652e-01,-4.296207994672787134e-01,-6.100547034628699405e-01,-5.629423371421454769e-01,5.015945767920703541e-03,-1.520868376123896415e-01,-1.895349554056712793e-01,-2.806830703164539531e-01,-3.723429456646747959e-01,-2.073036368703213006e-01,7.686665375625381658e-02,2.382774214012977620e-01,1.249762596130355591e-01,-2.066968709986657382e-01,1.963757516860627651e-03,-6.099476277702372551e-01,-2.775038262692666301e-03,-2.913954384128084607e-01,-1.563548649618486386e-01,-3.692141414864321194e-03
-1.717421417513083637e-01,-1.994649237856907231e-01,4.318534976161353400e-01,3.998184270571411569e-01,0.000000000000000000e+00,6.261283294820204626e-01,5.292744931026368560e-01,3.271243908448818183e-01,4.998635695882454599e-01,4.956336672684900080e-01,7.898348997861402709e-02,1.616169041139622897e-01,1.730217429059047463e-01,2.060351365711517446e-01,4.600304452672309141e-01,4.866780673934510415e-01,4.670605662673874003e-02,-2.658577498421594298e-01,-1.199795861470302483e-01,-1.005876757001057248e-01,-1.685529472672944729e-02,6.040388073521166246e-02,5.738730101070003142e-01,4.437028061201925833e-01,6.738591947303331775e-01,4.884756897806420972e-01,7.362910380500157226e-01,7.158790054790550306e-01,-3.012590624876361756e-01,-1.031794891227812566e-01,-2.452839314024976292e-01,-6.907894764849163705e-02,-4.510284460946705209e-01,-3.272963246486724764e-01,2.723452607236904743e-01,3.784443927653701606e-02,-2.832554793447443764e-01,-7.895481804038900764e-02,-2.291823144830632542e-01,-1.277994093893267645e-02,-2.910119246067665588e-01,-7.213290809597090736e-02,-5.483189122487850398e-01,-5.022144073156562527e-01,-3.296759621719177469e-01,-4.953515842241297817e-01,-3.885577392873701963e-01,-4.276087919713184582e-01,-4.859564929048307835e-01,-3.705222001346336613e-01,-2.652858166169964615e-01,-1.411495296132891930e-01,-5.379368510295740036e-01,-6.238378331545572086e-01,-2.842121214368079629e-01,-2.416854366032971935e-01,-1.450710059398654384e-01,-2.034699293611396953e-01,-3.540917292204939226e-01,2.627468760403819381e-01,-9.254220833181732442e-02,4.206833017847934619e-01,1.366419271690085535e-01,-1.985322207595089927e-01,4.777682446402419236e-01,4.695294236532437382e-01,-6.291412670078468106e-02,-3.063576741401197179e-01,-1.543358597981655533e-01,-1.151077751171451086e-01,-2.098616808160006508e-01,3.869911501588788050e-02,-7.628556404678153713e-02,-3.205217898208616994e-02,-6.772301138323619241e-02,9.931005359393121901e-02,-2.301993124952356751e-01,-2.232569533503949155e-01,-1.335540684715097737e-01,-2.475357174592802967e-01,-3.376687048247781209e-01,-2.157191845102418015e-01,1.529375756490912175e-01,3.086028222262605092e-01,1.058704827871930904e-01,-4.071489045636824365e-03,2.765809260097609051e-02,5.871951207950963647e-02,-4.201579064675941000e-01,-3.631912487698831238e-01,-2.770298257266952668e-01,-3.628739056785521000e-01,-1.052050857253798294e-01,-2.216997873301658831e-02,-1.712480562925641214e-01,-1.777512075873183273e-01,-2.534078769126953956e-01,-2.484321840016504024e-01,-4.578348616913953673e-01,-2.936185826553610045e-01,8.013495017520870858e-03,1.542257719115907623e-02,-6.088630097815780039e-03,-2.345459141723847674e-02,-1.720982296704521575e-01,1.090410008892807869e-01,5.093689788892614978e-02,2.678933364963316799e-01,-2.078772971657096361e-02,-2.472339893359821184e-01,4.219037869735536850e-02,-3.196366074343837682e-01,-6.469056616563073625e-02,-4.250434844606494345e-01,2.000951230690561633e-01,2.589091966348591733e-01
-1.056307286708351584e-01,-1.157017720933375404e-01,2.108398005823282906e-01,4.184951974522116425e-01,6.261283294820204626e-01,0.000000000000000000e+00,2.025104770564859213e-01,3.288355086197387034e-01,4.703080970334987398e-01,5.025597278536917401e-01,-4.503041721461140817e-02,4.206509350636390004e-02,3.712789550190417898e-01,3.429788571528810670e-01,6.768238129695072214e-01,4.548473325624868835e-01,-1.905491881469986715e-01,-3.560977593371857930e-01,-1.081877315568608999e-01,-1.074713079530202064e-01,1.075085805162484115e-01,2.470358642152598971e-04,4.290108457264495967e-01,2.221350121091502094e-01,6.375184668462838822e-01,5.581044373050575436e-01,6.928195658441882454e-01,7.630110824022346971e-01,-3.162013034319574034e-01,-1.630025981860958317e-01,-3.989246153597311717e-01,-4.456458057598810529e-01,-2.371829504517179998e-01,-2.636702445824027907e-01,-1.576177547483225139e-01,-3.469520263855136455e-01,-4.044330525017664213e-01,-2.051939455028616577e-01,5.733863789889513674e-02,2.202387128251228343e-01,-3.752697144337609481e-01,2.366714695249992617e-01,-4.718074690746956734e-01,-3.543929976872551291e-01,-3.960996323371112626e-01,-4.151202051275612037e-01,-3.057864532043969574e-01,-3.486069798412045340e-01,-3.880998396411879936e-01,-2.666245920356027366e-01,-4.010666034497112897e-01,-1.716724198852464800e-01,-4.782033473818472213e-01,-6.046649756981267165e-01,-1.840945945676860096e-01,5.860692442514778971e-02,6.117461007073835694e-02,-1.889462196624903251e-02,-7.817391204705055607e-02,4.474661505946692652e-01,8.416712373660747981e-02,6.321917455296393040e-01,1.679707209050996797e-01,5.001606520791038180e-02,2.347373570326038161e-01,3.335858729034594239e-01,-1.952044521140045008e-01,-2.758196713780681764e-01,-8.496924347137266298e-03,-3.513950383055267773e-02,-9.400887701177301770e-02,-2.057397027690107544e-02,-1.623763950188478744e-01,-1.271556808393172477e-01,-1.331902542822671620e-01,-1.730918324962618660e-02,-2.398340342098425337e-01,-2.007672476091204583e-01,-1.314654100971794914e-01,-1.063189313028945204e-01,-2.889041165375899611e-01,-1.733262272530912418e-01,3.349029550362417340e-01,4.520666959166630972e-01,1.301475310077414120e-03,-6.629245182975769708e-03,5.043571825321307989e-01,5.807523407896780787e-01,-1.644907274856860224e-01,-1.104277142269357304e-01,-3.659194416228485625e-01,-4.693619545778224822e-01,-2.065112304372914709e-01,-1.258201525636993001e-01,-8.701863318142838422e-02,-1.631339120847189461e-01,-2.714299257324786496e-01,-2.035588024242220295e-01,-4.394632710434000500e-01,-3.219606544453165187e-01,-9.657111121439691803e-02,-8.280036648649245767e-02,-1.807754337705557712e-01,-1.720065593547175919e-01,-2.402865026863799658e-01,7.715981443564960685e-02,3.690487378005016805e-01,3.444989422219523201e-01,4.376699689574072016e-02,-2.333332437372842016e-01,-2.837129583286982504e-01,-3.363162799365239097e-01,-2.488308346598564758e-01,-3.738922366411582821e-01,8.660387089057365595e-02,1.640509031511932225e-01
-1.297916857574366034e-02,-8.794446094168405226e-02,8.142387579856674718e-01,5.947837104265818464e-01,5.292744931026368560e-01,2.025104770564859213e-01,0.000000000000000000e+00,5.879997931684606272e-01,5.668576649490488784e-01,4.544665612101859153e-01,2.739979439739684275e-01,1.517411214135280517e-01,2.055511670134413937e-01,2.489047180779429824e-01,1.744006937408839053e-01,2.996162515655163006e-01,1.508630101589791550e-01,-2.785671023034083302e-02,1.864674031099277374e-01,4.537486792324563201e-02,1.426210769069158057e-01,3.138621380959704665e-01,6.191507041955657265e-01,4.274081667789765837e-01,3.247616575959386687e-01,3.243108818932181059e-01,1.211196948696205006e-01,1.583674729427278216e-01,-1.134486485909781961e-01,-1.856738486373288588e-01,2.146170054256670845e-01,1.822618873267403128e-01,-1.535311322892456976e-01,-6.199889063316842835e-02,5.302602808966293546e-01,2.787903414437348237e-01,1.504969969062964000e-02,-8.478196963005326867e-03,-1.654829893059841239e-01,-1.361184791298778174e-01,-9.921974515278199347e-02,-4.936500455546621174e-02,-6.221393569570177196e-01,-6.292436424778879989e-01,-3.394817957099702244e-01,-5.159856192547045417e-01,-4.460623844166407004e-01,-5.813980929528381747e-01,-7.360727495960307509e-01,-5.407775234381686502e-01,-2.818089344645925420e-01,-5.223218814123906095e-02,-5.710525488093942670e-01,-4.046978766498909308e-01,-4.124869934345878897e-01,-4.744704256797322439e-01,-1.574508674196534175e-01,-2.306611235500010681e-01,-3.666932050155478073e-01,-5.665825671968287985e-02,-7.275503303233563090e-02,1.928324742388610735e-01,1.274406029534082621e-02,-2.196256259844606706e-01,6.898163325034649684e-01,4.754994045774281197e-01,-1.540829826042267869e-01,-3.166226068066638200e-01,-1.268728503858444212e-01,1.826441991440758833e-02,2.030917544666730953e-02,2.912416108182763752e-01,3.281698821865795535e-01,2.184224287013438459e-01,2.826823991505243994e-01,3.167286886736679352e-01,2.007762272177104901e-01,1.434074486654167702e-01,-7.581082068009278863e-02,-3.108412136623557864e-01,-3.108760503108251583e-01,-2.359087871732329089e-01,-8.944653950650392760e-02,5.965138923331975845e-02,-8.818355501352040382e-02,-3.416315248396537552e-01,-2.700399916414227275e-01,-2.605495819628871335e-01,-5.361236157576400041e-01,-5.523021547486772764e-01,-4.631575314988403136e-01,-3.882661073901461091e-01,5.288388152836597661e-02,9.227372040838058287e-02,-7.218175482955578592e-03,-2.318088825174245138e-01,-4.034628219243651670e-01,-4.947430182178825242e-01,-6.450300976577150180e-01,-6.087926024677264847e-01,3.303527954833491986e-02,6.458670763386216429e-02,1.775159213275788808e-02,-1.075902017355631485e-01,-2.424042307553118669e-01,-1.471595580684438853e-01,-7.368586258422052393e-02,1.064526051551423352e-01,-1.592089276560979330e-02,-1.673642966564009849e-01,2.415004709600695743e-01,-5.063023891083977546e-01,-6.914386887375250333e-03,-2.651464535338112771e-01,5.222311250163222916e-03,8.991613363804133729e-02
-1.782392278685048514e-01,-2.126905897228836134e-02,4.973599957754192280e-01,7.946792586478313991e-01,3.271243908448818183e-01,3.288355086197387034e-01,5.879997931684606272e-01,0.000000000000000000e+00,1.549085538477431023e-01,5.137323817971218842e-01,-4.250383224372317886e-02,2.671393056331305416e-01,2.704523110201109692e-01,6.865922298883659902e-01,3.869138071117826649e-02,6.680735841714965928e-02,-2.620651959626713601e-01,-1.235380087225147056e-01,-3.565221329519319832e-02,-4.269446152958786267e-02,1.939550468619953907e-02,7.010598239221361994e-02,4.959312668514108680e-01,3.939456799505577922e-01,2.720513862120408910e-01,3.339383174653410280e-01,2.177933968196720804e-01,1.957358018515134301e-01,-1.867227515373759139e-01,-1.352967848268253788e-02,-1.934765260456368929e-01,-1.067986492046849867e-01,-1.917350567923834792e-01,-1.885284632600863763e-01,1.356994084938547285e-01,2.662658346690747677e-02,-1.090665626967894236e-01,-4.100152744372278363e-02,9.990323981475103532e-02,1.321368168053607406e-01,-6.512977548290405788e-03,2.385802907352146951e-01,-5.632677704163575605e-01,-5.501880347211298705e-01,-2.855848749481755267e-01,-3.491285816114361173e-01,-3.235040924231816772e-01,-4.186667105952849854e-01,-5.004240166176082694e-01,-3.118844713184026340e-01,-2.713496890104933335e-01,2.046844865220870946e-01,-2.837072950115289149e-01,-1.160550676949543558e-01,-1.351588220478744107e-01,-2.718793489205754144e-01,-1.288654915093685460e-01,-2.322011957166305041e-01,-4.073805123515178983e-01,-1.472457766807832302e-01,-3.017558272571430611e-01,3.454347940446114151e-01,-2.602275131967917571e-02,3.091640961060515211e-02,2.747308397209468622e-01,4.020591229794465149e-01,-4.519516681566644323e-01,-3.822490099896072580e-01,-9.193646026129460858e-02,3.899795017774708439e-02,-1.491330719985676789e-01,8.022645165265780351e-03,1.176641937202779209e-01,5.695677564691338512e-02,5.388944159861982358e-02,9.046138288729839438e-02,9.242478326890235518e-02,-3.302786603076826588e-02,-1.168272877044557179e-01,-1.884044358958189003e-01,-1.252851872562955049e-01,-1.499195530117042041e-01,-1.742509181060923895e-01,6.971351823614187204e-02,-4.231240323716609769e-02,-1.053010607176225050e-01,-2.050386434462828644e-01,-1.251447074676845794e-01,-2.894515154655168954e-01,-3.109121652322798801e-01,-3.953164887700041930e-01,-3.745532832832940695e-01,3.216225598819121290e-01,2.290143502908369433e-01,2.313590161987040539e-01,-1.349734046986080611e-03,-1.662133899905242074e-01,-3.751123420487267324e-01,-4.720542772143322408e-01,-6.171514663494578334e-01,8.977687250127702745e-02,-5.821086945485897529e-02,-1.488260946398874962e-01,-2.500356427747460475e-01,-2.848994894995026117e-01,-2.193258634971764487e-01,8.227558482933435002e-02,1.988007021782590700e-01,1.792030537938136270e-01,-1.855206227501803029e-01,5.806733690719793894e-02,-3.557518523857791659e-01,1.469349762436709117e-01,-1.329307844781502379e-01,-1.570345187704824397e-01,5.875818565507168884e-02
-2.643302444788657793e-02,-1.640443363961527345e-01,3.917824069838964918e-01,1.976955839606013288e-01,4.998635695882454599e-01,4.703080970334987398e-01,5.668576649490488784e-01,1.549085538477431023e-01,0.000000000000000000e+00,3.421819650033458560e-01,2.952300201073335129e-01,1.830542041449244317e-02,3.721319746996636924e-01,2.109759896617692532e-02,5.407000138603728079e-01,3.131830980913502538e-01,2.043022844209413380e-02,-2.379872961104671225e-01,1.452727238831201806e-01,9.580153785840311853e-02,2.656461193297505741e-01,3.322936414960167562e-01,3.877675437444694784e-01,1.739790422221347554e-01,2.835356533182594174e-01,2.028454803007732621e-01,1.976684361726432360e-01,2.646647327549281892e-01,-9.681344981731984656e-02,-3.421999540664077966e-01,2.231712805641433706e-01,3.035473515409723919e-02,-1.161141873910778582e-01,-1.255045102979976956e-01,1.118256126680080148e-01,-1.628423377377313797e-02,-1.810883431196839422e-01,-1.550994252634217141e-01,-1.070817009099667289e-01,-1.327432106121231026e-01,-3.190933283672740539e-01,3.016395223163191586e-02,-4.415821804302572096e-01,-3.403694421385816127e-01,-3.085679847686083055e-01,-2.791695358981966524e-01,-3.549119967554700272e-01,-3.689142889010795789e-01,-4.671374204659207718e-01,-2.101384053915427985e-01,-4.125701388376313838e-01,-3.259151961747250859e-01,-6.577289437620698065e-01,-6.371294041697710409e-01,-3.857784102920284175e-01,-1.051046027763769680e-01,-8.668087123186828113e-02,-5.509951954395084575e-03,-2.441893623620128642e-02,3.159047408717424177e-01,2.541293305405296077e-01,4.568465114634722712e-01,3.380629603702634545e-01,7.313024805462665923e-02,5.818606958463676815e-01,4.276931393559826322e-01,9.045415651170979343e-03,-1.454837407836412633e-01,-4.907644027812559789e-02,9.255901409523907553e-02,2.986096309553341044e-01,4.579719174479192634e-01,2.242737452539948495e-01,1.842225987632711559e-01,2.375623588935707187e-01,2.943624451744751291e-01,1.968661529805367794e-01,2.600087416472269819e-01,-1.672678636886704429e-01,-2.769032333907996413e-01,-4.853996988360960163e-01,-3.000669294893066885e-01,1.262984213337994821e-01,1.436134349005702415e-01,-3.261901251358776399e-01,-3.954651198800908651e-01,1.751145267290679930e-01,8.349734541389071396e-02,-3.470533201776354049e-01,-2.499548359431902067e-01,-4.740759655769072323e-01,-4.113236095383978608e-01,-3.680089698627111439e-01,-1.276730027143104518e-01,-1.271887734429223704e-01,-1.274733784194695130e-01,-3.573961571474923438e-01,-1.852824631231465569e-01,-4.266897135369623340e-01,-3.307333686562518582e-01,-2.537677693922297251e-01,9.039348486800288796e-02,-1.353493566557574801e-01,-1.481661036332244386e-01,-1.931472229783164074e-01,-1.325079978019162441e-01,2.125449995607869846e-01,-8.403259345233066169e-02,-8.293488835529339021e-02,-2.437547003154997560e-01,-2.846106387863200221e-02,-2.836966860810364310e-01,-2.585938256718836037e-01,-3.868390578531568647e-01,4.706589992885859552e-02,1.589831507900633933e-01
4.840152229809089636e-03,5.292737767916021879e-02,5.054302516660182931e-01,5.248788571742429854e-01,4.956336672684900080e-01,5.025597278536917401e-01,4.544665612101859153e-01,5.137323817971218842e-01,3.421819650033458560e-01,0.000000000000000000e+00,-1.892728159066918991e-01,3.149195202573557700e-02,4.593397099602288813e-01,4.596917636331314116e-01,2.770643425107161550e-01,5.491824630242495564e-01,-1.453323473421539724e-01,-2.404260578453063513e-01,-1.539483021283861719e-01,-1.752855544536356946e-01,-2.558470644904753399e-01,-1.002037957715013611e-01,6.471911336255851133e-01,4.282460625773216734e-01,4.382252544624031798e-01,4.865035068569276699e-01,3.749913168623548176e-01,2.340807669878031683e-01,-5.046554318856826260e-01,-3.356425331721067384e-01,-4.673452588884546288e-01,-4.405745715714589616e-01,-2.348583431541816091e-01,-2.662841304594656955e-01,-1.757122397121448354e-01,-2.338578828431977508e-01,-1.758209549737918820e-01,1.671014874207777112e-01,1.124086476267466550e-01,2.821723900390876172e-01,-1.896274044080642485e-01,1.200009550061541114e-01,-5.355888982360387240e-01,-4.349281654016707299e-01,-4.647779668340718540e-01,-5.254696378155209180e-01,-3.088070057038704297e-01,-3.318453869119570854e-01,-4.239795104452023233e-01,-1.734263080874098584e-01,-3.677960271526147240e-01,-2.824429102562199534e-02,-2.841468764389080137e-01,-4.105870778862817927e-01,-1.286957838275897166e-02,5.634986644520115218e-02,1.548086300403448412e-01,-7.190884773407302255e-02,-1.751777574256268011e-01,2.735580069417926641e-01,-3.807304123997776180e-02,4.379018030066624267e-01,-4.531156395464838033e-02,-1.839342036260791513e-01,2.827909607649455315e-01,3.587442869564863024e-01,-3.234767598858243609e-01,-4.092523498173474827e-01,1.179949608230671382e-01,1.080930355839422319e-01,-2.002576795117620712e-01,-1.153544585701396230e-01,-2.179674246031554352e-01,-2.800126337168272750e-01,-1.858410970648693428e-01,-1.146620745491971211e-01,-1.762625449145294176e-01,-2.359051230318151837e-01,-2.628828103965794583e-01,-4.316660482978340041e-01,-4.080860405057261664e-01,-4.572596741376536156e-01,6.094587845930526937e-02,2.484466455004686325e-01,-7.389329044738555952e-02,1.151569616253383249e-01,1.714610766021765487e-01,2.019285789905716222e-01,-2.254336309510520109e-01,8.716292389387935140e-04,-3.172331248031813322e-01,-4.007015739064914150e-01,-1.497605381963223459e-01,-8.405981339504012273e-02,-4.813055010992806082e-02,-1.003796212410670574e-01,-2.980992794693739234e-01,-2.809944182463822715e-01,-3.768917050248823952e-01,-2.710957090020758575e-01,-7.291450308424238247e-02,-2.070370235498847633e-01,-3.657514815949542974e-01,-4.709826382255140054e-01,-3.317352178351347103e-01,-1.434849666892516473e-01,-2.454307059302051740e-03,1.545371621222443592e-01,-8.129922704730134508e-02,-2.651947025011193726e-01,-2.384921675550253917e-01,-2.694228936758251702e-01,-1.293128309638023055e-01,-4.155315716575602725e-01,-2.118671491081980940e-01,-8.766361997566318731e-02
4.450712479065780380e-01,2.932563853089024120e-01,7.912243377311525133e-03,-1.039375791026171253e-01,7.898348997861402709e-02,-4.503041721461140817e-02,2.739979439739684275e-01,-4.250383224372317886e-02,2.952300201073335129e-01,-1.892728159066918991e-01,0.000000000000000000e+00,3.290584996191754374e-01,-1.007381316696136925e-01,-2.059589584406933960e-01,6.131357307178324917e-02,2.039182384355938960e-01,5.402477086336970880e-01,5.546584907049852964e-01,4.994540539660947687e-01,3.868290262028153403e-01,3.343660482731614647e-01,3.042360010584351238e-01,-2.897959533774409624e-01,-4.145225101522242994e-01,-2.563267664142119262e-01,-3.410831979953438675e-01,-1.604206811676027467e-01,4.972876381540429491e-02,5.414604610645477045e-01,1.407864693223769836e-01,3.740482851492487604e-01,4.795288664904537868e-01,4.628971520654291960e-01,4.073355488489603382e-01,1.467578842652388915e-01,4.829649606641744225e-02,-1.357406593588615651e-01,-2.756260122576347782e-01,-4.576461861133570563e-01,-5.015945268262462786e-01,-2.852900207456578463e-01,-3.802513553577717142e-01,-2.168019885657103685e-01,-3.706072880970801009e-01,-1.120571956204956116e-01,-1.336667324982449279e-01,-3.494145001035513509e-01,-5.227395416557436558e-01,-2.227288625662975918e-01,-1.198899409870597260e-01,-9.496856622082645860e-02,-4.898042311747015098e-01,-5.474490129296514240e-01,-3.098757652408631325e-01,-5.445852476837659273e-01,-6.039271913404020697e-01,2.154296355851670342e-01,2.089708879940971875e-01,2.610746165413246889e-01,-3.175114775301873804e-02,5.152697898670437482e-01,-5.666328288248097950e-02,3.443526943537974505e-01,6.494199238205371205e-02,3.997428383769949800e-01,-1.301259553141832781e-01,2.682592343473555463e-01,6.641598146428913385e-02,2.595480837584506206e-01,3.323872283601618793e-01,3.473624531236242374e-01,4.543172700902541328e-01,2.549434953604744480e-01,3.216908380921715271e-01,1.406537829709715581e-01,3.659263974771780337e-01,3.829382322306608688e-01,5.089800269122027876e-01,3.199056940698464802e-01,2.531861978553114345e-01,1.977127962617878931e-01,1.633670163669688202e-01,-1.628646263984195874e-02,1.985556585596043866e-01,-9.666765785510691988e-02,-6.478732176571255774e-01,-2.596875618925980067e-01,-1.414898567474529856e-01,-3.660264119170942854e-01,-5.038247495295243850e-01,-3.944746000236895034e-01,-2.271485396645955279e-01,-3.745574661109398601e-02,-1.577752755466631240e-01,-1.713785190555852100e-01,-3.168776293575192304e-01,-2.348416370897010996e-01,-3.812167638297895844e-01,-2.482772471950289161e-01,-4.084456001681962545e-01,6.037927002273421606e-02,3.481578651352031928e-01,2.648168547788774529e-01,3.920043351544730825e-01,5.012917300518988928e-02,1.750861993023074825e-01,1.993249309158157123e-01,-8.940534248228457215e-02,1.569783732507743224e-01,1.002793476295472108e-01,-2.496064682883498975e-03,-2.232622436043308900e-01,-1.868580141166410191e-01,-2.221437254084802082e-01,4.172794843957772226e-01,2.521526297605584666e-01
3.001407722050108279e-03,1.448330254674159157e-01,-2.006703950600621233e-01,1.779866746004912792e-01,1.616169041139622897e-01,4.206509350636390004e-02,1.517411214135280517e-01,2.671393056331305416e-01,1.830542041449244317e-02,3.149195202573557700e-02,3.290584996191754374e-01,0.000000000000000000e+00,1.870558151725011942e-01,8.527110139354140495e-04,-7.031373847466416971e-02,3.197465266129169148e-01,-6.298044479456955946e-02,6.797476032154305126e-02,3.389209521041059991e-01,4.766313437274288245e-01,-1.065590859148276004e-01,-1.186913690521017167e-01,-1.399748960792798480e-01,1.060328303879330830e-01,3.442253092636184814e-02,-8.312915932381130524e-02,2.953538755204684341e-01,3.249659644727613261e-01,-9.635218157089195379e-02,2.680997659972382194e-02,-1.333324598527857452e-01,1.563759639652791134e-01,-9.258887660473938061e-03,1.226384897082978542e-01,-2.688676394415269802e-02,6.951488261298204019e-02,-8.310486742581141284e-02,-1.679899953440450733e-01,8.022391910388403102e-02,-5.958741845040733953e-02,-2.150625666758246568e-01,-1.449582463104300348e-02,-4.867972654198112759e-01,-3.932027496354511542e-01,-2.046843101216289929e-01,-1.519228712967354844e-01,-5.173117522922289213e-01,-4.412653900794650808e-01,-2.653763969069787287e-01,-4.612416674659883947e-02,3.357576060569490012e-02,-2.054874063448801358e-02,-2.451926082876793311e-01,-2.560187786269927865e-02,-1.922555775560091662e-01,-3.260305215958037572e-01,-1.155059586909924357e-01,6.604225412639966319e-02,-1.189213882947981471e-01,-7.697116730035712118e-02,8.456227789992025456e-02,1.098648513296610202e-01,1.235488904960078682e-01,8.593185959984299405e-02,2.952366454192174028e-01,2.084570612350901131e-01,-2.862738582755147698e-01,-2.122790028119397598e-01,-9.475007014115497533e-03,2.815692008123724110e-01,-5.080826129993875478e-02,6.250156311260003650e-02,1.219058292198464954e-01,1.882409433036290602e-01,2.123247715051941042e-01,2.597258277303864937e-01,1.665893380863840145e-01,2.339764585519853168e-01,-6.724919401997345170e-02,-4.787740416121660791e-02,-1.803523916955638295e-01,-1.192730766397846337e-01,-8.667232186230783286e-02,1.556873485570184623e-01,-2.599168334105874268e-03,-2.410451625802927378e-01,-2.578932651833734102e-01,-1.833167666629044457e-01,-2.948072752973970312e-01,-2.616570944805768351e-01,-1.794925830140606526e-01,-1.978879945265898388e-01,3.054530538430248465e-01,4.048592442412372039e-01,1.298440969883936924e-01,-1.391325064349124563e-01,-2.193917824784033521e-01,-3.207398243288944739e-01,-3.093504755033452125e-01,-4.332835989388367226e-01,1.629673585029459137e-02,3.833407861809727257e-01,-4.159134800119259484e-02,9.345579049913731173e-02,-7.899429669275540022e-02,4.796838805450082122e-02,-1.098985001662949185e-02,2.726713473380475150e-02,3.892378988624080327e-02,8.429236558425245995e-02,1.932002844095035698e-01,-1.038232338466497096e-01,3.131310781365192475e-01,-1.050595528177314525e-01,8.197862991350865491e-02,1.477347303636250275e-01
-3.705868765897864930e-02,2.874879529136529360e-02,4.013871405958802790e-02,2.459013062498794089e-01,1.730217429059047463e-01,3.712789550190417898e-01,2.055511670134413937e-01,2.704523110201109692e-01,3.721319746996636924e-01,4.593397099602288813e-01,-1.007381316696136925e-01,1.870558151725011942e-01,0.000000000000000000e+00,3.362605749896450669e-01,4.306908274555533711e-01,1.713418464383409390e-01,-3.172741625011905042e-01,-3.860170601170122562e-01,2.578248074912765225e-02,1.841321484610822928e-02,-8.397312267206966108e-02,-1.771657803962953803e-01,3.284391915893452030e-01,2.305815709244652678e-01,3.795608146890266377e-01,3.408364039744674057e-01,3.863492712722883526e-01,1.810216502858494891e-01,-4.254117979072378763e-01,-3.751609729278578831e-01,-3.856274597735338538e-01,-4.916347048260663599e-01,-9.316338486376869732e-02,-1.951895591999615043e-01,-2.880752874215115056e-01,-1.530800967842238236e-01,-6.991450266243560974e-02,2.091698989504243988e-02,2.858598116112142096e-01,2.523943160645304440e-01,8.633486510071011755e-02,2.880140872061396351e-01,-3.446929413410826926e-01,-6.122592658252284242e-02,-3.241541515741702684e-01,-1.988407775907282127e-01,-8.049887636337141328e-02,-9.237685425760683300e-02,-1.336469489655499332e-01,7.356424738110872719e-02,-2.474911587864084273e-01,1.805536587301661026e-03,-1.293095434698054991e-01,-2.175060388911466136e-01,1.686240820404197038e-01,2.317993939790017055e-01,4.873708944419756495e-02,1.547932479330419997e-01,3.215340554730228284e-02,3.434005064485591840e-01,9.483526965962398025e-02,3.411904234741418573e-01,7.248458273485502978e-02,1.563544458895229083e-01,1.249564589040511736e-01,7.774682881180505767e-02,-4.051653921411279002e-01,-2.795133553195283671e-01,-1.356307254471780244e-01,5.387496055519538918e-02,-8.488609522682048769e-02,6.464520268677330372e-02,-8.459560084307659461e-03,-9.947961341401791169e-02,6.881299025796787372e-02,7.487789549907554465e-02,2.152224932193349399e-02,7.705783852009263912e-02,-2.335812622301416674e-01,-2.409367630107928371e-01,-4.129406201518346919e-01,-1.764171649473508796e-01,-1.757908925332969108e-01,-2.345724058075025487e-01,-1.275039741387468950e-01,3.589987724384494094e-02,2.426276503708427457e-01,1.992784479838319300e-01,-4.974867209091785036e-02,2.539615601044934445e-01,-3.046581448040329709e-01,-3.050206908058956667e-01,-9.707125166453964282e-02,1.650622980523536523e-02,-3.778421711237420905e-02,-2.045829040730850340e-02,-6.350853521295793391e-02,1.152765964004302986e-02,-2.313598840688027569e-01,-2.697727931631732634e-01,-2.241268556663553527e-02,-1.870928690777220182e-01,-4.622780744622857485e-01,-4.913648105278146661e-01,-3.433457493861845067e-01,-4.740181606569522921e-01,-1.114013803258126906e-01,-8.467316360302636069e-02,8.973972965408177904e-02,-5.814199087836325469e-02,-1.597444494987134145e-01,-1.415445728577204298e-01,-5.933828653569923894e-02,-2.390498544920894031e-01,-5.799220434889040821e-01,-1.654903883862465785e-01
