0.000000000000000000e+00,4.816049458168030206e-01,2.944737883226797859e-01,-1.343687884386979281e-01,2.252487041018589806e-02,-1.038278073327620066e-01,4.957597616303740518e-01,-5.140297371850975905e-01,1.555626330685958292e-01,9.854862763420986493e-02,6.546903989242663924e-01,-2.998808774470752558e-01,5.765415503643387396e-01,-6.034009576928400786e-01,-2.410256425835771710e-01,-2.560305187460407694e-01,1.502676705455464889e-01,-3.060687626114121929e-01,4.764264262828528662e-01,2.001962119766069748e-01,-2.037115487384430490e-01,-9.556744542984629831e-02,8.447667932697958126e-02,-4.236616508685661642e-01,-1.337299569189141779e-01,-2.619615539744649668e-01,-1.166164814116029957e-01,2.422813927896568242e-01,1.346890045061866215e-01,-5.598374315540493029e-01,3.807850644428988907e-01,1.348484985094193234e-01,3.566848923453332931e-01,7.193108807915113423e-02,-3.234101394723593037e-01,-1.937890835749765672e-01,2.789660578455565448e-02,-7.050718023151855696e-02,-1.679255065623597720e-01,-1.067161523196016870e-01,-1.435020150173245412e-01,-4.069754041274624146e-01,-3.544152370411039060e-02,-3.446836611123944016e-01,-2.387042863116759506e-01,-3.379872660035876386e-01,-3.461245899119669289e-01,-2.987679947323348406e-01,-2.138293040509483545e-01,-5.175597232972073414e-01,-4.484595697447693596e-01,-4.338034388026621446e-01,-2.395254378673406792e-01,2.062595052427022568e-01,-4.089119181115805635e-01,-1.034113843565892879e-02,7.664248691428113824e-01,4.483579276888074450e-01,4.151758137162594453e-01,2.518264989801498599e-01,2.220731482589032857e-01,2.595742356233479708e-01,3.322686148748424384e-01,5.513517315893524257e-02,-4.389947667343062077e-01,-2.599864234738966662e-01,3.110530369077329355e-02,-9.960396223988272901e-02,6.200882656472184173e-01,3.963195359312963184e-01,2.418677709855431290e-01,4.133680137229875928e-01,5.195184504980825818e-02,-4.607649528154006413e-01,-3.972653811451650196e-01,-1.380032515460350440e-01,-3.394783964951336719e-01,-1.299293780769388285e-01,-1.111695035155385314e-01,3.916396283505282558e-03,-1.507728553444250552e-01,-3.642181124239826095e-01,6.101965088148288835e-02,-4.498602390521955208e-01,-2.749199465130109377e-01,-6.591411652319602299e-02,-1.667148408533700721e-01,-3.479772622783661729e-01,-3.470801665448358109e-01,3.299995188485975728e-01,-3.618441474005666403e-01,-5.092454345515472491e-01,-3.695315347625084956e-01,3.366711962122202473e-01,1.686403996595523536e-01,1.524527620063036715e-01,-1.705421067090790235e-02,6.371378160714070982e-02,2.433632882285666557e-02,-1.332131515785475381e-03,-1.148412207279979891e-01,4.087013373282255557e-01,1.317065533251982334e-01,4.583063186933861721e-01,3.803336593836097873e-02,2.964666232069431140e-01,5.988216252011085983e-02,4.046209183348304927e-01,7.284736687730319904e-02,-2.856569413100159549e-01,-2.567883338770025614e-01,9.960452317628630536e-02,-8.400326434182107949e-02,-1.467113627538621790e-01,1.272868269130104646e-01,-8.027194428153540395e-02
4.816049458168030206e-01,0.000000000000000000e+00,2.601007135441332219e-01,2.947377546371806600e-01,5.069251619523783559e-01,3.587293597905426012e-01,3.518248721161968406e-01,2.689773199104519841e-01,3.202754284581693645e-01,2.560385602669124627e-01,3.926530849659539135e-01,4.473493257514616905e-01,2.141636310122822517e-01,-2.343413206732486084e-02,-3.496722812292208382e-01,-3.156575074043522361e-02,-2.998116645158761528e-01,-1.257977653791794992e-01,4.532608603575127293e-01,6.323046821655837757e-01,-5.847969233324343818e-01,-4.358838480856228048e-01,1.526750481623516120e-01,8.696774293975897963e-02,2.134787962606408684e-01,1.822218632039090680e-01,6.166501044835649009e-02,1.528195135119839732e-01,-3.234818077949248027e-01,-3.435265628644356695e-01,3.849766896182829634e-01,2.720385185156529717e-01,5.670600061926291957e-01,5.161870477207793906e-01,-3.095246759875706632e-01,-2.892450112324216338e-01,-5.024284005764074745e-01,-3.151488435484222639e-01,-4.109245019174516123e-01,-4.379529336219890601e-01,-3.876432846195322357e-01,-5.123125674957185183e-01,-3.152469269606791302e-01,-4.806330911984918464e-01,-4.628441772507023155e-01,-5.531083726092296260e-01,-3.838143886844894714e-01,-4.861391326104829713e-01,-3.649539333864286750e-01,-4.576132777478181257e-01,-3.689504943189649278e-01,-4.511201274827236207e-01,-1.631895835144757112e-01,-1.783797448991656515e-02,-5.261003482558563871e-01,-3.308737054137320666e-01,3.300699586624065707e-01,8.699611308626498118e-01,3.618569675811394298e-02,2.607059959686661710e-01,-2.308133145855563798e-02,4.481427196947637692e-01,-1.306270042971696965e-01,5.679494714606684314e-01,-4.526551399430596145e-01,-2.226683203189417648e-01,-1.596436559116762577e-01,-2.225203999472599725e-01,4.013212913758938405e-01,4.273352677672233590e-01,3.779755143559359598e-01,5.763929219561308992e-01,-9.451287911493717886e-02,-2.337426450480599438e-01,-2.639248793043450503e-01,-2.195187121789081985e-01,-2.259532669115124626e-01,-1.700262984532240063e-01,-4.125674975945045619e-01,-8.836938404650916679e-02,-3.379463615953017253e-01,5.838600198040249517e-02,-5.863161352236024859e-01,-4.711233362222633225e-01,-2.870613217249782800e-01,3.781507593432432979e-02,-3.543872379964040364e-01,-3.394369493804764715e-01,-1.153823174506998367e-01,4.165518076170388051e-02,-2.645174907386119711e-01,-3.590893932416543421e-01,-1.745874061424960155e-01,5.231938824988817405e-02,-1.755464375253126541e-01,-5.750014810958219147e-02,-3.266389674723103598e-01,-1.873668838921255519e-01,-1.351219882723268262e-01,-1.124274121527327752e-01,3.769177247079366633e-02,1.109497891025769123e-01,2.338125343607855844e-01,1.682554165469389573e-01,9.596547777296873805e-02,9.672300376489220697e-02,-1.175866912021346217e-01,7.681513009622964461e-02,-8.710470975189345266e-02,-4.335729788919881478e-01,-2.682872758133737490e-01,-1.366141068927441971e-01,-2.875050983372465924e-02,-1.308276546640873006e-01,1.422625133332117986e-01,6.547542448006077320e-02
2.944737883226797859e-01,2.601007135441332219e-01,0.000000000000000000e+00,5.977453566706838473e-01,4.169699180017781281e-01,2.786409413210446662e-01,7.954209006601848930e-01,2.442456417977020011e-01,3.007903557525527516e-01,3.680056046001724535e-01,4.333204122104456629e-02,-1.565068552920550748e-01,3.585065418282187832e-01,-3.264513402031293254e-01,-1.268723037264982700e-01,-3.602099985365347229e-02,-4.244823306043237765e-01,-3.701050614207143652e-01,5.108138646190661936e-01,4.006571656007635873e-01,-1.203214923623792260e-01,-1.058654639627877037e-01,7.085363728953799622e-01,4.694889734335813136e-01,4.216680962908415098e-01,2.445079569925878160e-01,2.012085110949807798e-01,2.848179627538734993e-01,-2.755536651016560201e-01,-4.151173428952322775e-01,3.115883472948469679e-01,3.629803916747115222e-01,2.159132694365171468e-01,1.638361120450921027e-01,-1.942786540405569140e-01,-4.379384167239828707e-01,-3.399378462765918485e-01,-2.263456828514628094e-01,-7.535570993203986878e-02,-4.348052012805946748e-02,-1.184944609915399988e-01,-1.354425026673894694e-01,-4.794112994910373904e-02,-9.920663496903793510e-02,-1.291515685726970231e-01,-6.443703809903405903e-03,-2.451475588802815020e-01,-1.940447863582375754e-01,-9.374931707442614448e-02,-6.412365913629906877e-02,-2.671153461407536067e-01,-9.782779240731426240e-02,-2.529578660822008884e-01,2.963330183097266923e-01,-4.640215474635412396e-01,-1.975299020187015753e-02,-6.553339937211298538e-02,8.542798328137087005e-02,-3.257828173313762621e-01,-3.686952506748026881e-01,-1.512948431940511762e-01,-1.735130732111232754e-01,-4.453878134459037796e-01,-1.743408716482627019e-01,-1.238907073181290536e-01,-2.094319629615282174e-02,-2.397983877620096238e-01,-3.274153519016693159e-01,3.330406294380843651e-02,-1.716609948340280523e-01,-7.063822496240691751e-02,3.153497474977146053e-01,-3.876343095157862018e-01,-5.246009249344536496e-01,-4.665070565383580559e-01,-3.948347757678741243e-01,-5.282139507706693493e-01,-4.319772912618065619e-01,-1.726647668224423338e-01,9.517354551064668988e-02,-3.688985768557638267e-01,-2.801842209883241563e-02,-2.444425859407161616e-01,-4.132961617527885351e-02,-2.890580151553188704e-01,3.697773177522812316e-01,-2.406397331238825654e-01,2.017249649729655203e-01,-1.430634023020219692e-01,3.022577464119305390e-01,-3.032459207977247773e-01,-1.203875052262861310e-02,-2.174725332206033090e-01,1.434836699650136882e-01,1.471617577602609694e-01,9.579783947528125454e-02,-1.182480744727150701e-01,3.543408180947336256e-02,-1.896452957658537053e-01,-1.007478560811506524e-01,-2.674273688891058987e-01,-3.103004856960690436e-02,-3.489388887115452142e-01,-1.061317579479506695e-01,-3.436503723730777171e-01,-1.740904871347501992e-01,-3.254808409297548222e-01,-1.053891431048352284e-01,-1.457316284621985869e-01,-8.056631470926957361e-02,-3.507596103590888137e-01,-1.878701526233948760e-02,-1.547649282797842751e-01,4.431640628348116479e-02,-1.955558421244039391e-01,-1.086913531244696335e-01
-1.343687884386979281e-01,2.947377546371806600e-01,5.977453566706838473e-01,0.000000000000000000e+00,4.138294001049436233e-01,2.403262790171909746e-01,4.502481605174706858e-01,6.087874195069374883e-01,1.178459513126734470e-01,4.823199677415047626e-01,-3.790728877259523233e-01,1.282433920732465038e-01,-1.359786618152460935e-01,1.055075220050390311e-01,-1.114631031514477649e-01,5.810677924462440830e-02,-6.735154349575191990e-01,-3.362489335443797911e-01,3.725179121724056519e-01,5.412351130286465750e-01,-2.184269914582276928e-01,6.679810082022734352e-02,7.127865505514300315e-01,7.657252678233682497e-01,3.079802069391870956e-01,3.837946525363428174e-01,1.562983809448471040e-01,2.102998919063415462e-01,-4.922463883793280481e-01,-1.847317849922619493e-01,4.395339424895424174e-01,6.638338057198641673e-01,1.789970896342916173e-01,2.967105376960539886e-01,-2.472016759496739324e-01,-3.510298255481552054e-01,-2.313177364283522941e-01,-2.189746832909724231e-02,9.317277210092256290e-02,9.328805559365599409e-02,3.139898496075441137e-02,-8.930121352633410559e-02,-1.852706673405617177e-01,-8.166181385556933736e-02,-2.511804817222207387e-01,-2.178237383909966685e-01,-2.660749185531668948e-01,-1.698700888662362796e-01,-2.624155009777350278e-01,-1.095950219850286567e-01,-2.486370265343962049e-01,1.145369876063174162e-02,-1.253483695574059698e-01,2.760911746762305108e-01,-2.962674639238149776e-01,6.367698008373968988e-02,-4.252082283631276050e-01,3.353118473681939576e-02,-5.765495082064880927e-01,-3.767188442178130425e-01,-5.625592742942198132e-01,-1.543205757908378550e-01,-6.309086215628444405e-01,-1.065968003670539482e-01,-2.655950833887112394e-01,1.632191251650946806e-01,-3.039732405803453053e-01,-2.121445947735880744e-01,-1.287418904624534344e-01,-4.811695243984405457e-02,7.652606537042161428e-02,5.197426318476735529e-01,-5.250159988344251794e-01,-2.201338488644387359e-01,-2.620667278976658299e-01,-1.550313032502430299e-01,-3.331236218983877340e-01,-2.080046653781328359e-01,-3.316010294012773918e-01,1.989230395443023491e-01,-4.536966770528239046e-01,1.419693130798832248e-01,-2.253041261427027042e-01,-5.803425294042750121e-02,-4.051324223155799431e-01,4.510440759233648733e-01,-7.290403899858589887e-02,2.772378684054725428e-01,-1.361524372103016522e-01,3.587689551119867537e-01,-3.421179891358516745e-01,-1.657052182405173435e-02,-2.504498332452427811e-01,1.141455432216627736e-01,6.663085010687853915e-02,3.021486167352453039e-02,-2.254103170006832579e-01,3.330799323470055862e-02,-5.171965920262848737e-01,-8.073741516598463563e-02,-2.694729815702198716e-01,3.992778349160711060e-02,-2.963430579218463978e-01,-9.300394880247288276e-02,-3.233974467219702387e-01,-1.297878473264229837e-01,-4.031160746447060017e-01,-4.557737418046639566e-02,-2.223286866838529441e-01,-1.053427472015399519e-01,-3.425827739862091215e-01,-3.562593490205487323e-01,-1.613451088741385264e-01,-9.900775126427290018e-02,-1.741929280639441524e-01,-1.030939633910913367e-01
2.252487041018589806e-02,5.069251619523783559e-01,4.169699180017781281e-01,4.138294001049436233e-01,0.000000000000000000e+00,7.387681195755353425e-01,3.263490744154030621e-01,5.415755446645539317e-01,5.684499453890609066e-01,5.180932303251173376e-01,-4.376487460606598434e-02,3.117612853419239882e-01,1.469208747664136304e-02,1.026080816946321195e-01,-8.046464158078536766e-02,3.938305054117657855e-02,-3.447486917004849993e-01,-6.770637629734861662e-02,1.381384881716686275e-01,4.610043636934332278e-01,-4.808209010807724115e-01,-3.105715691293500780e-01,3.887083374324022400e-01,3.505330278428623880e-01,7.925317146884282016e-01,6.183052016393066896e-01,4.174130183609223166e-01,3.975599074069004479e-01,-3.446932031159892773e-01,-1.783528976277639899e-01,2.149822668770104972e-01,2.551535584330002493e-01,3.118025255712542076e-01,3.998407680301483968e-01,-2.322289383598270113e-02,-2.677183270178126739e-01,-5.087722264546726825e-01,-2.845595032643098432e-01,-4.363915540673105609e-01,-4.027078112007143607e-01,-4.326362354113228448e-01,-3.601317599660440183e-01,-2.624826011062672548e-01,-1.559752926808779250e-01,-1.463064049693248714e-01,-1.513892608003171159e-01,-2.730037069113725456e-01,-3.725668817799863142e-01,-2.976867874613161463e-02,5.395396134722196813e-02,-4.941745884050233878e-02,-9.449297441292531241e-02,-7.255983671081041309e-02,-9.976937001161473306e-02,-4.855841893637170559e-01,-4.063857768223325673e-01,-2.078108810249812977e-01,3.267997020588263579e-01,-3.374876342481691327e-01,-3.099477866064404563e-01,-1.403778153157052844e-01,7.913604931294795919e-02,-3.406686252530323200e-01,3.324299413289807936e-01,-6.539500450261158393e-02,-6.683696097896650590e-02,-2.877343652410941921e-01,-3.639116220547842784e-01,-7.918936694093069162e-02,3.515974633131875582e-02,1.840106921546842411e-01,3.349157008219816323e-01,-1.352645575047380921e-01,-1.435881283922353924e-01,-6.281051444702061282e-02,-3.207236419885725054e-01,-2.007657242592448543e-01,-1.828212751355113297e-01,-1.118254182904939303e-01,-2.066234788143949883e-02,-1.910559431555370613e-01,1.497991506371615933e-01,-4.745122416917327279e-01,-1.685745191514030072e-01,-9.536923113816857256e-02,9.533914611561467023e-02,-4.234374179572216734e-01,-1.938321433623568513e-01,2.825909714728050068e-02,-9.389751269544283074e-02,-1.699316149048016034e-01,-4.899339888622395583e-02,-4.121427514600264214e-02,-1.546821024013737278e-01,-2.153280112668014556e-01,-1.464532402022127033e-01,-3.415418085026099004e-01,-3.491394045913875921e-01,-3.169140892581451263e-01,-4.071739579078987314e-01,-1.280806640098524629e-01,-3.102638706765083465e-01,-1.284338086635171960e-01,-2.901880238597659978e-01,4.429837983723269174e-02,-2.680507190294303954e-02,-7.736861882666347390e-02,-3.013308064234215267e-01,-1.471806015668846723e-01,-2.955322516236106312e-01,-3.903717609121280518e-01,-2.642652894614729298e-01,-2.083706240730981429e-01,-2.785622297164011898e-02,1.964071786172176190e-02,8.177273239732889276e-02
-1.038278073327620066e-01,3.587293597905426012e-01,2.786409413210446662e-01,2.403262790171909746e-01,7.387681195755353425e-01,0.000000000000000000e+00,1.735748565077490924e-01,4.711268734279784876e-01,6.113838994071886246e-01,5.879856121652963230e-01,-1.180927199134441073e-02,3.428424274647727255e-01,1.439807245926839376e-02,9.858689539902723564e-02,-1.014944015317696957e-01,1.972149271792665026e-01,-2.755271525545571198e-01,-3.999187228620053325e-02,5.018938470483891301e-02,2.488348054212094207e-01,-3.897132221713422995e-01,-4.800235939956904452e-01,2.568171366799528177e-01,2.792376797360769380e-01,6.567973412862379012e-01,6.218659136077561156e-01,4.733146679022131598e-01,4.600785987267116406e-01,-2.419290135141509424e-01,-1.239529259545857076e-01,-6.579582299906559057e-04,1.445672929433153807e-02,1.911813035063824884e-01,2.827874910103715389e-01,-3.563648008221508706e-02,-2.647521147044059053e-01,-6.714990180050109947e-01,-4.607554086228695667e-01,-5.058683362604367018e-01,-5.051231842990816512e-01,-5.856134848762861722e-01,-2.617350589270890371e-01,-5.440794821834121775e-02,-3.859400881249156617e-02,-5.654753294631754967e-02,3.754134678205155173e-02,-3.039970350361964266e-02,-1.083291621181252662e-01,1.272377294533961756e-01,1.494066937865596301e-01,6.928911264050681418e-02,-4.869519069923599480e-02,1.005032894059921383e-02,1.027336948315802495e-02,-4.413919033668423086e-01,-2.775015522790600930e-01,-2.333263535541601486e-01,1.822241332948062176e-01,-2.934673159346328219e-01,-3.785904673037716606e-01,-1.098148032752967740e-01,-3.906506528254588551e-02,-4.092740424121708021e-01,2.152582263085832115e-01,-1.615008173132256863e-02,-1.604490391677493646e-02,-2.520987216818497689e-01,-3.079281747500676181e-01,-7.670004083930212491e-02,-6.837480343527821414e-02,3.745533132620001981e-02,1.951997464451985798e-01,-1.116729662679550629e-02,-2.305465621219162653e-01,3.783787916638446658e-02,-3.885754487563078396e-01,-1.069572610612741226e-01,-2.113853318800203718e-01,-9.139263153956771191e-02,-1.226901596402438753e-02,-1.450063109587730603e-01,1.528170009356744352e-01,-5.441891922938674186e-01,-1.550381956638406111e-01,-4.240535610760591545e-02,2.097734301546798907e-01,-4.489514805221152538e-01,-1.620271181722203191e-01,9.741930858753762579e-02,-8.392852943030865154e-02,-2.146740233129893274e-02,2.271290397201249350e-03,8.836355168139670146e-02,-1.425993563426944111e-01,-2.023179100000410124e-01,-9.038294614158903784e-02,-2.972219955914700007e-01,-2.599249545701660669e-01,-2.059770775326950909e-02,-2.746946090980449395e-01,-9.868241488936163597e-02,-3.115170509779970343e-01,-1.587534138783172899e-01,-2.575312002521885080e-01,1.772119843078451829e-01,6.091777146501425877e-02,-1.302641289150795745e-01,-3.812550095068835132e-01,-7.046666520204342143e-02,-2.037906426503823809e-01,-1.859787389853430339e-01,-1.006401823321117911e-01,5.592434968670000756e-02,2.479329682807649426e-01,1.544867252245847034e-01,1.137071106527437203e-01
4.957597616303740518e-01,3.518248721161968406e-01,7.954209006601848930e-01,4.502481605174706858e-01,3.263490744154030621e-01,1.735748565077490924e-01,0.000000000000000000e+00,2.490162158134590423e-02,2.636991635981545401e-01,2.718547911921480598e-01,1.146641814141056981e-01,-1.177137469461984193e-01,6.219398378911353831e-01,-2.958878324291349116e-01,-4.794746873358411710e-02,8.111927428974158305e-02,-2.824923996492587075e-01,-2.972348034717899878e-01,7.350073574298171541e-01,3.409726824854839577e-01,-1.617005694062651766e-01,-4.973533059547215890e-02,6.301472280987899799e-01,2.500866310719818131e-01,1.393295993622630513e-01,-6.510666556223321244e-02,-1.847925794660007504e-01,3.531207446292618235e-02,-9.283038903479196025e-02,-4.186065060932152027e-01,5.432947645514139001e-01,3.775412621588660200e-01,4.445541312070047102e-01,1.819920240792435029e-01,-2.959140703560397823e-01,-2.918266892199285478e-01,-1.792492460297398227e-01,-1.066606536948211947e-01,7.854981375137309874e-02,2.022830188631566939e-01,-3.338275927287940453e-02,-1.996668381011414695e-01,-1.571603049661133011e-01,-2.821467831773714074e-01,-2.660158002760255602e-01,-1.124386318169217497e-01,-3.783699814757794377e-01,-2.454150043284719918e-01,-3.090875333184106011e-01,-2.157476302479461039e-01,-6.028642257867298238e-01,-1.478257567664383043e-01,-5.830189117396968879e-01,3.298607355824000886e-01,-5.820829192450061029e-01,4.603166611179260875e-02,1.758653690131877223e-01,1.667461374035028032e-01,-2.480068870254982794e-01,-2.445295571070222052e-01,-1.102928772331700780e-01,-3.075849444556956122e-02,-2.962225989864497588e-01,-1.772593568234982486e-01,-3.832591689580792660e-01,4.525045742068123378e-02,-1.803418032661330550e-01,-3.055547720219691787e-01,3.624192264193199509e-01,3.332457374073580225e-02,-4.277755322122297338e-02,4.651830335614087764e-01,-2.048484649344554376e-01,-5.211366045428525995e-01,-4.619759428536720502e-01,-1.617571055845032912e-01,-4.520427898377910036e-01,-2.008916661547921201e-01,-3.340821583408477013e-01,2.413460663451585109e-01,-5.200580858746400859e-01,-1.377410611392702322e-01,-1.528776975850015818e-01,-1.465180670952962172e-01,-5.871779614939924841e-01,1.816508772856353648e-01,-1.834505910495276004e-01,5.266166548026465083e-02,-4.473075748704398169e-01,4.556713899513181731e-01,-5.201785951311002076e-01,-1.807768471569660418e-01,-4.574091303204338987e-01,4.344882897971709124e-01,3.064521208616154957e-01,2.580546016373091445e-01,-2.980688353253639969e-02,2.380169538298254894e-01,-2.632687122374846589e-01,1.424879650700889427e-02,-4.096931553841662854e-01,3.140706853226586381e-01,-3.652742340702379575e-01,2.431640867796827088e-01,-3.351800342270334632e-01,1.635122180707627992e-02,-2.610573147945207118e-01,2.972335915831721964e-01,8.471052851619786592e-03,-8.952250576348828870e-02,-2.220108777064178363e-01,2.966671447824736560e-02,-5.615159796873336190e-02,-8.699742935661422538e-02,-7.138506293436620853e-02,-8.264451709039707938e-02
-5.140297371850975905e-01,2.689773199104519841e-01,2.442456417977020011e-01,6.087874195069374883e-01,5.415755446645539317e-01,4.711268734279784876e-01,2.490162158134590423e-02,0.000000000000000000e+00,2.496560800041645323e-01,2.747227958646089596e-01,-4.140719500217452387e-01,5.260832144807606747e-01,-4.149192874095498640e-01,5.852636722747104336e-01,-1.883779186720221377e-01,1.434473863592878595e-01,-6.354340627041357159e-01,-1.169017708812285783e-01,-1.240434845506667577e-01,5.770401786967694902e-01,-3.746674364659484668e-01,-2.851630611353165867e-01,2.917011790834209695e-01,7.270208102927375737e-01,5.117887339291220528e-01,5.384230579285178564e-01,2.475104261581216603e-01,-1.065246495786001044e-02,-6.610494380779027290e-01,8.503647940206028946e-03,-2.655348216590567613e-03,3.114927324800835229e-01,1.197794051880599897e-01,5.569483112547032322e-01,5.437051302240899879e-03,-2.674077095514534874e-01,-5.098950665235107982e-01,-3.168119746918893198e-01,-6.446266723942079002e-02,-3.125447964051799032e-01,-1.447154309983171294e-01,-2.395469774577909175e-02,-2.566380837895846367e-01,-6.167270830343877380e-02,-1.992665534436073027e-01,-6.830129486762473445e-02,2.195147270061686973e-02,-3.085512129770668910e-01,1.655041632974255453e-02,2.238042561988229373e-01,3.283690792477642062e-01,1.977734541586424755e-02,2.534234165533499339e-01,-2.575573472709058453e-01,-1.788824360932401644e-02,-4.183069649028323678e-01,-6.398456020452873982e-01,7.480660364870375667e-02,-5.349360916144422218e-01,-3.044909632963170854e-01,-2.814440464897809968e-01,-1.531084672531360380e-01,-5.454601253124987670e-01,1.857755696683915381e-01,2.035046218837633925e-01,-4.566245205855491707e-02,-3.167017493150307006e-01,-2.584688439524402970e-01,-3.150725815870074054e-01,-5.035358121507696461e-02,1.991728758697905999e-01,1.085865083813040005e-01,-3.251309548768112623e-01,1.680494861230498738e-01,1.386484168098477687e-01,-2.807238943455405700e-01,-5.081838262234295890e-03,-2.962633041874638828e-01,-1.131721850889133019e-01,-2.350291185655311033e-01,-5.713311112338499698e-02,1.442155244673803127e-01,-5.122483003816737934e-01,-2.700952019833706766e-02,1.311081383831595171e-01,6.982306305633977084e-02,-1.592085695789900446e-01,-1.859053182995607650e-02,4.208381129966194956e-01,-3.604477439904517633e-01,2.784498764726823783e-01,2.518546085952602098e-01,3.695019408027847563e-01,-4.494212882805585507e-01,-2.523458270750031374e-01,-1.696908457038057705e-01,-2.828453743518499763e-01,-4.318136625947652241e-01,-1.529354600408019127e-01,-3.919272083569418919e-01,1.117157836235297547e-01,-5.681286954399056288e-01,-5.795699182232913471e-02,-6.245854490518875091e-01,-7.107997014041874013e-03,-3.367273979112547222e-01,-1.725156949390417027e-01,-6.194362665509762778e-01,-3.689264975884923858e-01,-3.071586422630924185e-01,-2.294616845476900591e-01,-3.298316835540361924e-01,-1.027710682527313707e-01,9.460914969437095312e-02,-2.854050605564241450e-02,2.853116396536088326e-02
1.555626330685958292e-01,3.202754284581693645e-01,3.007903557525527516e-01,1.178459513126734470e-01,5.684499453890609066e-01,6.113838994071886246e-01,2.636991635981545401e-01,2.496560800041645323e-01,0.000000000000000000e+00,5.911912792523127402e-01,-1.088974291477053970e-02,1.144260437562755368e-02,-1.589563507375636080e-03,2.161155390578075458e-02,-1.833204253351771590e-03,1.957021235533704107e-01,-2.674269156647998136e-01,-2.451442157547037148e-01,3.845672542438149238e-02,2.103815057673642519e-01,-4.612340770784700283e-01,-3.967659834600988922e-01,5.749831418513139808e-02,2.041333960712054044e-02,4.656859814890783045e-01,3.578607374343070191e-01,2.900915650362974607e-01,4.008170787554892200e-01,-2.914335771109580198e-01,-3.717505671896399466e-01,2.794633552481178007e-02,1.594060307876512704e-03,3.070797351085374216e-01,4.050250032301681569e-01,1.159781074146002816e-01,-1.303403312914966881e-02,-3.468746158261696855e-01,-2.924156799445203903e-01,-3.517346563813532057e-01,-3.999942940673171798e-01,-3.949094344191501627e-01,-3.704576552264822742e-01,-1.738504264055177051e-01,-1.424266633770910340e-01,-1.264306232508337346e-01,-2.163195423260469083e-02,-2.917933567250670032e-02,-1.480480221644442373e-01,-3.165694938632936800e-02,2.640134419270844315e-02,-1.990052512308725791e-03,-1.165962946785583931e-01,-3.792843512950711676e-02,-1.716129244402790910e-01,-3.147395801512773983e-01,-2.615908217139514269e-01,-1.361222671062426171e-01,8.015072176550669392e-02,-1.175767086963159375e-01,-1.887846091292121886e-01,8.268890602359746378e-02,-1.526643423576920164e-02,-2.105065135765143702e-01,8.554493874225800598e-02,8.177387739664404576e-02,-5.963523178299678928e-02,-8.004177321048833171e-02,-1.539624496351804928e-01,6.568372383708777351e-02,4.449650543094874761e-02,2.822078872249958459e-01,2.679802998322737828e-01,1.429726654534918019e-02,-2.017741276020744712e-01,8.141796659747953940e-03,-2.789869857141327181e-01,8.119720082259401783e-02,-9.368783986585761669e-02,-1.137952422400982239e-01,-7.289272432491342157e-02,-1.207433720993040249e-01,-5.764896624563151800e-02,-3.605536919567127740e-01,-3.464512152134833212e-01,4.207835741153550038e-03,1.587796545210130167e-02,-2.390543135009636777e-01,-1.635298858677498024e-01,9.782906743881751577e-02,-9.123902799691586962e-02,4.511713758856755740e-02,-6.440669736684098701e-02,8.843104191947671888e-02,-5.926401270148061451e-02,4.328638089344569867e-02,1.539635690076610330e-01,-6.309152997866945833e-02,-1.608544930055662570e-01,6.545442709988123775e-02,-1.544689178438329036e-01,-8.276107959406038550e-03,-2.080680356493615213e-01,1.869663826680844146e-02,-1.410685982409726480e-01,1.409580398666912815e-01,7.580992925659184312e-02,-9.376104358825188001e-02,-2.281785421270452197e-01,-1.754823079865001634e-01,-2.039821917309053989e-01,-2.593458766905880689e-02,-1.132680107251967522e-01,8.722202215840665906e-02,1.522342778248625961e-01,2.398881642029774275e-01,1.502872608636776353e-01
9.854862763420986493e-02,2.560385602669124627e-01,3.680056046001724535e-01,4.823199677415047626e-01,5.180932303251173376e-01,5.879856121652963230e-01,2.718547911921480598e-01,2.747227958646089596e-01,5.911912792523127402e-01,0.000000000000000000e+00,-2.518543126173329871e-01,-5.470269442895843437e-02,-5.244122267292958273e-02,2.321422342606386732e-02,-9.960988615244148470e-02,3.125734846041672843e-01,-4.085570220498402350e-01,-2.583128998741830440e-01,2.006218616145507838e-01,2.306918478695276498e-01,-4.000061827870128317e-01,-2.429586395274327404e-01,3.933943737470218527e-01,2.639304701344761805e-01,4.030275456758630748e-01,4.707412833831740029e-01,4.507185285459663349e-01,6.008531038781926847e-01,-2.842795769173390719e-01,-4.434498573682124634e-01,2.275079570015318131e-01,3.000381827689673209e-01,2.687164545837603113e-01,3.144940922716603637e-01,2.997226671629411518e-02,-1.470305164940882703e-01,-3.506934256752887724e-01,-7.631771222499823815e-02,-3.073937362542896734e-01,-1.650921710662794362e-01,-3.904492753782153325e-01,-3.563053444447732976e-01,-1.959839748496166600e-01,-1.105639227813862702e-01,-2.181921889301748352e-01,-9.263011194397789694e-02,-2.648364782526794192e-01,-8.850416226985555190e-02,-1.617227756947525186e-01,-2.764382704159935172e-02,-2.462682496390218023e-01,6.671249703052271884e-02,-2.630252210953098468e-01,3.236945593923091224e-01,-4.961108321591310988e-01,1.297246362564551114e-01,-2.144971339407996114e-01,-6.424724126557185278e-02,-3.159154057060813425e-01,-3.903704291258676684e-01,-2.871252873682584306e-01,3.578778541452726919e-02,-4.786988003266109404e-01,3.321892010991966959e-02,-2.873853314416060512e-01,3.027860939122595241e-01,-1.465224423408279242e-01,-3.585034714888754581e-02,1.450654376320904999e-02,-4.933650653748766768e-02,3.856370853129154758e-02,5.909084732709685150e-01,-7.039040667834918497e-02,-3.886978244684617390e-01,-1.399700797551300946e-01,-2.647792682543383957e-01,-8.149291303941950948e-02,4.610498796286310874e-02,-3.183077246066579047e-01,3.677915720989839432e-01,-4.528832510206944328e-01,2.021336844190275983e-01,-3.103992239902098049e-01,-1.864844642033847699e-01,-3.972932037556064500e-01,4.818967136232387150e-01,-2.901766598586086321e-01,4.034455369695717081e-02,-2.752911954613654344e-01,3.758093779976144910e-01,-3.611447001420169944e-01,-1.979175192776744252e-01,-2.307725407269582418e-01,3.110366233081555132e-01,2.218198147667380798e-02,1.799790778460935159e-01,-2.499709640674014355e-01,3.024754835666532138e-02,-1.828695835915223888e-01,6.436846005039024987e-02,-4.256110676490296174e-01,9.235959131774514053e-02,-3.481705863967467507e-01,9.414587459798041957e-02,7.238504763058126179e-02,2.998090243008801892e-01,-3.993114421853428131e-01,-7.829895024587685270e-02,-1.253212992962529082e-01,-2.910328720220659027e-01,-2.322082345717197405e-01,-8.058064990077273837e-02,2.135294402546391301e-01,3.302687139824319051e-01,2.658720999443975885e-01,1.467354421200467995e-01
6.546903989242663924e-01,3.926530849659539135e-01,4.333204122104456629e-02,-3.790728877259523233e-01,-4.376487460606598434e-02,-1.180927199134441073e-02,1.146641814141056981e-01,-4.140719500217452387e-01,-1.088974291477053970e-02,-2.518543126173329871e-01,0.000000000000000000e+00,1.413930058843677617e-01,5.754955313961107599e-01,-4.343765924111600008e-01,-1.480980053007737718e-01,-2.464079687901805649e-01,4.646574647766066879e-01,1.064410008176717853e-01,2.238547596653976401e-01,3.961062808964167792e-02,-9.916764703603571374e-02,-2.393987020681965228e-01,-1.299478418090299625e-01,-3.149126113540131056e-01,-3.170192009599963334e-02,-2.536430585737868559e-02,-6.646235306499734263e-02,1.110952886725585509e-01,3.547666248800369071e-01,-8.751208783599918883e-02,9.950742611617512112e-02,-1.113619724730127158e-01,3.014055420671154506e-01,2.583762920566248442e-02,-3.193099713334382472e-01,-1.898779788970559046e-01,-2.504181480251874148e-01,-4.470380921667847507e-01,-4.622357186506362292e-01,-3.948917539006163158e-01,-3.450051353154088840e-01,-3.974805716142150724e-01,-1.024525990393314323e-01,-3.913203880480643493e-01,-2.145060821503542992e-01,-3.415982192458633104e-01,-2.795574978007556721e-01,-3.231071465933507136e-01,-1.108270730302400725e-01,-4.351013372401215107e-01,-1.984731058662327907e-01,-5.002538776978806556e-01,6.481422920736398287e-03,1.536156386557461714e-03,-3.030291502606051179e-01,-2.699435214187079768e-01,7.855095011658244086e-01,5.054592963984902987e-01,4.688841099655342015e-01,3.252661750687079190e-01,4.997031349356302887e-01,4.251532318235972663e-01,5.425789423508099452e-01,2.801084531385896748e-01,-1.742286953950210604e-01,-3.174598253528189695e-01,-1.521853362164260308e-02,-2.049318521824040340e-01,3.758493366437817840e-01,2.411300309289254040e-01,1.333181476677521848e-01,2.226187764247199510e-02,1.722610801709492656e-01,-2.647262354542165297e-01,-2.254358625827236895e-01,-5.770647247365670585e-02,-2.882453643132871779e-01,-2.216304806767339930e-01,4.315080454644504987e-02,-1.728915480359393408e-01,1.085409733172404551e-01,-2.042229904584655642e-01,-1.100064817135957551e-01,-3.118651092472643493e-01,8.734975755262809616e-02,-1.994043618243650506e-01,-2.036036346428595767e-01,-4.262221335797510835e-01,-7.301332156735289292e-02,-5.049911289552506261e-02,-6.882961724248093729e-03,-3.113587455595853148e-01,-3.844887806322947604e-02,1.439541034514394725e-02,-2.398218794431937473e-01,-2.958754194517540514e-01,-1.816147039787634199e-01,-2.500714630884873224e-01,2.058657482377171111e-01,-1.286671896337048537e-01,1.453527995095910130e-01,1.632164827893314851e-01,2.730839927663492039e-01,2.241068903618830266e-01,2.706937577590649568e-01,2.369731536501754610e-01,2.550028676536608696e-01,1.747689345451191312e-01,3.289376827850558627e-01,-1.760683642233963342e-01,-1.567486125564497290e-01,2.789838045629967622e-01,-1.202442651784069727e-01,-1.109025004521938806e-01,1.336538634442781259e-01,-4.954903636954714752e-02
-2.998808774470752558e-01,4.473493257514616905e-01,-1.565068552920550748e-01,1.282433920732465038e-01,3.117612853419239882e-01,3.428424274647727255e-01,-1.177137469461984193e-01,5.260832144807606747e-01,1.144260437562755368e-02,-5.470269442895843437e-02,1.413930058843677617e-01,0.000000000000000000e+00,5.251336966554941144e-02,6.368268532292665762e-01,4.618442831253320724e-02,4.257080987306708919e-01,-1.447767919428641081e-01,4.632298584385631801e-01,1.158637549884805329e-01,3.044628967519977247e-01,-4.228438462770119921e-01,-3.712389064847048115e-01,-5.796479870810156837e-02,3.786505700947384589e-01,2.888585193442499977e-01,4.066780574800697434e-01,-6.920533131035846997e-02,-2.067736279062331040e-01,-2.112184724507321643e-01,3.066770949105889765e-01,1.338793976258573215e-01,1.062392420755989553e-01,4.941977096241886858e-01,5.082287476551572425e-01,-8.295434342240373682e-02,-9.784641205968334920e-02,-6.169544695782662735e-01,-5.167826994892601444e-01,-3.818750800755695285e-01,-3.222582830934733189e-01,-3.085156450147619189e-01,-3.472288541281494112e-01,-5.143761876119247178e-01,-4.601369367874882932e-01,-4.140477638734721966e-01,-3.678953367935761110e-01,-2.680431350003284474e-01,-3.836806068902995914e-01,-2.972379846990533259e-01,-5.361067665578552605e-02,-7.066594185817359763e-02,-1.197067603066092195e-01,-2.815851416223820458e-02,-2.254925740546194768e-01,-1.270545512350063078e-01,-4.058690005785916544e-01,-4.912663690306781628e-02,3.585594685271468185e-01,-1.837852994945350926e-01,1.234389708528484259e-01,5.945757970700898259e-02,3.924698067132348922e-01,-2.712262524068167480e-01,5.585065315843171785e-01,-1.066093607902452028e-01,1.739276265597813897e-02,-1.440293517964558179e-01,-2.683206847800276851e-01,-8.755678977313929856e-02,-5.763514613539363896e-02,1.541287847894282359e-01,1.811104889824300956e-01,1.022275414161902402e-01,1.456091415551032942e-01,2.000278010573872389e-01,2.184044906408312559e-03,9.417718234012882605e-02,3.694378370444505871e-02,-4.487624408710101931e-01,-5.866259102587752239e-02,-2.729615820793307446e-01,3.243639791146953888e-01,-7.013946918306185330e-01,-1.273456788450721688e-01,-6.718532449235158077e-02,-1.023955054608669535e-01,-1.565748228045583390e-01,-1.740483589585078983e-01,1.530406247796915475e-01,-2.993470727520444741e-01,1.224488440381181209e-01,1.046249565971632961e-01,2.073721892590547899e-01,-1.522186062715937260e-01,-5.351826007968093490e-01,-4.761903755383922188e-01,-4.911232583887269465e-01,-3.700131412646914253e-01,-8.111588730067705033e-02,-8.672323005665448503e-02,1.139747032159039580e-01,-1.471310522570255797e-01,6.419619699421470760e-02,-1.004191416423017291e-01,3.525646645683258584e-01,1.247425873685764075e-01,-7.947628015071903085e-02,-1.483084035942893730e-01,2.380472633842923846e-01,-2.541407144875263424e-01,-1.989591169402385798e-02,8.188332332605337271e-02,8.503773859271875069e-02,8.085853694301030348e-02,2.773613294663491713e-01,2.599677741946140874e-01
5.765415503643387396e-01,2.141636310122822517e-01,3.585065418282187832e-01,-1.359786618152460935e-01,1.469208747664136304e-02,1.439807245926839376e-02,6.219398378911353831e-01,-4.149192874095498640e-01,-1.589563507375636080e-03,-5.244122267292958273e-02,5.754955313961107599e-01,5.251336966554941144e-02,0.000000000000000000e+00,-3.535107123678444818e-01,1.608373307415386921e-01,1.241750608576193682e-01,2.482708911296390708e-01,9.273229975664938618e-02,5.967323963304526080e-01,-2.126165693810867438e-02,-9.232610278994467234e-02,-1.159139992072226177e-01,3.367200864928897031e-01,-8.482154484193218935e-02,1.597415321145277678e-02,-1.370667724516800579e-01,-2.999633921708946271e-01,-4.036554770873741760e-02,3.035541511244951307e-01,-2.419043768459284705e-01,4.441324355850940209e-01,1.000000185517229134e-01,4.699831907575887646e-01,-2.865783503900582938e-02,-2.694658061508334312e-01,-2.116668016445449607e-01,-1.667866248177596877e-01,-2.464003743208037500e-01,-1.600159263434537404e-01,1.275951637517048765e-01,-2.297832781238932920e-01,-3.070563545511028058e-01,-2.322991782147789397e-01,-4.309164703234181215e-01,-2.764067431185466273e-01,-2.156969661115288039e-01,-5.048554143460258770e-01,-2.934735666536247845e-01,-3.095760300666843268e-01,-3.039843270511648488e-01,-5.985491510155501738e-01,-2.167096523555032128e-01,-5.438036923803377665e-01,2.582314209826985230e-01,-4.794243652792388177e-01,-5.953363774124162053e-03,5.422316699685526542e-01,1.609260014905162794e-01,3.172125892394962038e-02,-6.808566639522720121e-02,1.895170534948506236e-01,1.355112205325331443e-01,9.851196121310401566e-02,-1.024656262825917319e-01,-3.369947261042690601e-01,-4.590764873685063314e-03,-8.633801795715684291e-02,-3.228888625798975176e-01,3.725641770091859262e-01,-2.702451860911007919e-02,-1.192773362266750514e-01,2.476444033435677150e-01,1.495642673845629100e-01,-4.789052063139984106e-01,-3.248917286396462156e-01,-8.222844874962130512e-03,-4.339704039822564474e-01,-9.702718402031756950e-02,-2.328325257860114073e-01,2.287286251908685619e-01,-3.155978077870122966e-01,-1.438656226085542889e-01,-6.329118217651139022e-02,-5.509772475571783623e-02,-4.218568269067833332e-01,-3.844805868655615938e-02,-1.374512375809890108e-01,-4.466503602227343134e-02,-4.190690126479554856e-01,3.040155021228738152e-01,-3.970768246571024784e-01,-2.046966671647118263e-01,-3.607846433608663528e-01,4.845287461186654765e-01,-1.490162599792082404e-02,-7.851981061192696287e-02,-1.784706234818225212e-01,6.621544223033298815e-02,-1.168439025893909800e-01,7.120539437565968910e-02,-3.239804075941394856e-01,3.814667989628130473e-01,-2.356298882806579231e-01,3.862573994042401981e-01,1.155611285515217024e-01,3.744900071045249579e-01,-4.992627200850034003e-02,3.955768302707966533e-01,4.414712386279150413e-01,-1.002934107401601688e-01,-1.992339282514199450e-01,3.205027633753224081e-01,4.318824407077370697e-02,7.759876913984135871e-02,2.053585494731375583e-01,1.314674578884138523e-01
