0.000000000000000000e+00,3.931132055043000673e-01,4.041135523469992913e-02,-9.120326522577593131e-02,5.215798900582775677e-02,3.505515570094105970e-01,3.007047524650221515e-01,-4.226207565280316603e-01,-6.721731012678117123e-02,4.012034627055351965e-01,5.370147737793522502e-01,2.167916549760005585e-01,2.081765187940023687e-01,-1.755903684392222108e-01,6.396012508584220102e-02,3.737064753585500609e-01,2.156448261487668716e-01,-2.126328085778965704e-01,5.384180022751425820e-01,3.967447620372134831e-01,1.427056428774669261e-01,1.656230077903010287e-02,1.967627718610555354e-02,-2.611058153249133373e-01,2.720945212900987564e-01,4.679179903358781090e-01,5.454031114636759270e-01,6.111431990712321571e-01,3.773156010048973608e-01,-2.505210754578324206e-01,-2.183468479909889404e-01,-3.025377418452636080e-01,1.527103627016724308e-01,-1.595689618266057652e-01,2.375146140791885643e-02,9.351989278240553649e-02,-3.151983883279552145e-02,2.020115880189901625e-01,-1.639588119728881410e-01,8.318435377787786189e-02,2.458534936465602561e-01,-8.582570715995831157e-02,2.556482771016274080e-01,3.343348769435058876e-01,3.024019426280205036e-01,2.755376595729499001e-01,1.990771621792024326e-01,3.514139382175834325e-01,1.636721340632493471e-01,1.410485506483087348e-01,-8.631875527049742702e-02,5.467885655091013486e-02,-2.492081468518360932e-01,8.296625877987977293e-02,-1.666565357428834993e-01,1.455934414373552255e-01,6.268318365849460116e-01,2.885477902159810371e-01,4.618788305486115076e-01,1.437663381137024854e-01,1.012986840246579423e-01,2.367232990249630020e-01,2.566042094000192120e-01,-6.684131095566646363e-02,5.536707174953424404e-02,-2.281552247375251141e-01,1.187502665286612469e-01,2.396950039105694430e-01,3.809667449484968049e-01,1.807154481724996542e-01,-1.410130479032980777e-01,-6.372419243520927035e-02,1.870611746705230088e-02,-1.818540871330775743e-01,-1.268176098293369025e-01,-1.549860409603515399e-01,-3.812833493670233498e-01,-3.104274047688416194e-01,7.294455073577774118e-02,3.130886244198811119e-01,1.878981192195608996e-01,3.099027013720049850e-01,1.542153278536671501e-01,4.623404078693803543e-01,-9.513864906477265126e-02,4.100126550061299890e-01,-1.133527607322798031e-01,2.046096809414418016e-01,-4.654957433235575315e-01,1.548700736238571851e-01,-5.746368056648357703e-01,-4.277613535971928616e-01,-6.324643649148359303e-01,-3.931609571635650280e-01,-2.698903876475974850e-01,-1.488654989905671411e-01,-4.353825318746453177e-01,-2.579642105451761536e-01,-5.333817206215569762e-01,-5.429544626073761204e-01,-5.557698955186676226e-01,-2.222841170217831896e-01,-5.540367349012710330e-01,-3.652803025345258137e-01,-4.675776505699337782e-01,-3.147520391687400609e-01,-3.892978611438110415e-01,-3.660674610805657037e-01,-6.505788117506332291e-02,-2.159417154595734412e-01,-2.983783835277298846e-01,-3.766903401382498129e-01,-3.558531328408480743e-01,2.247021502432012055e-02,-1.043933651656250433e-01,-3.956960087664196934e-01
3.931132055043000673e-01,0.000000000000000000e+00,1.912459308533943358e-01,4.669269746780806418e-01,-1.973560411086109634e-01,-1.577179818655280452e-01,-1.730004698013657694e-01,3.446821863573464872e-01,2.801879025223657504e-01,-2.763653475803470871e-01,1.728165682237284284e-01,3.038890780823930160e-01,-1.498938996147426150e-01,2.366025227730913227e-01,3.606172912102168504e-01,-2.959144076127596668e-01,-1.457049572608415389e-01,2.405310340330216734e-01,4.777949461394055963e-01,5.672221531218367696e-01,3.314759400653535804e-01,1.791138168732636371e-01,-1.735199559343634790e-01,-3.471739141911523580e-02,-7.754508466333773220e-02,-1.126683718371718351e-01,2.232503823646237173e-01,1.687984459319877006e-01,-2.479303249118597618e-01,-8.057399443535161535e-03,-2.388687484337742584e-02,-1.689739279681298431e-02,1.051338770587498944e-01,5.333714288194447983e-02,4.481589346342697289e-02,1.415399465889942698e-01,3.755012363415736742e-01,1.081428778793131484e-01,2.311485993868888644e-01,1.424922568123603885e-02,1.335935006002614278e-01,2.972904850741914240e-01,5.695959853903206221e-02,1.531426965947871033e-01,-1.062081271133206647e-02,-7.225884366160481576e-02,1.530940157250984257e-01,-1.319417370237901130e-03,-9.350449883721624611e-02,-3.052461335255458597e-01,4.756675395964038433e-02,-4.435177205973951375e-01,2.665720323019705740e-01,-4.016605300632542508e-01,3.676996701913066712e-01,-7.621412167474701793e-02,4.036273875287916257e-01,7.460842555477386062e-01,-9.835831047648532777e-02,1.887813016387241555e-02,1.095366681630755706e-01,-1.626803003207243636e-01,-5.319714878429707833e-02,3.131629190978699878e-02,-2.855403915480054788e-01,-2.917864931123816397e-01,-4.997917419825111118e-02,-2.254898262751281468e-02,3.401649160662763571e-01,8.572776628405172350e-02,2.490303437378788842e-01,7.925352134381136171e-02,-5.368714295956660693e-02,4.997618915172635790e-02,-5.188649694207733698e-02,7.305659704352622519e-02,1.043883156012889724e-01,-1.077729221106943913e-01,3.433757029969796148e-01,-1.841837186515080660e-01,5.096261808221411727e-01,-2.226524899022374812e-02,5.076918424206811054e-01,-2.071958516232411673e-01,3.883789082446212348e-01,-2.041192998407167780e-01,2.957774392724064061e-01,-5.713986651935167721e-02,2.888243192553570093e-01,-3.808935216480375807e-01,1.385923785600593483e-01,-4.442520430202778758e-01,1.032393606006292708e-01,-6.408907342318619360e-01,7.348651067999208142e-02,1.552279493743804750e-01,1.528425514342781899e-01,-5.517307375194074881e-02,6.937178780949486423e-02,-1.708157733408762757e-01,1.171091838065384666e-01,-7.033015080212211556e-01,-8.649961267773020879e-02,-6.000119130167818060e-01,1.674996517302621002e-01,-6.263683795378448549e-01,-3.780509615901226500e-02,-3.640937603694824332e-01,2.220222666891812913e-01,-1.446175860203787189e-01,6.027514310072962407e-03,2.348814653844478670e-02,9.040505155912104129e-02,1.348038756898586044e-01,-1.633809130339735627e-01,-2.805519589553836513e-01
4.041135523469992913e-02,1.912459308533943358e-01,0.000000000000000000e+00,3.525282928610725675e-01,8.179281094530058138e-02,-4.856983426914918134e-01,3.111997664571488076e-01,2.972929568284532476e-01,4.895370271316669686e-01,-3.888779334299861667e-01,-1.862652811253471818e-01,1.320394269023360545e-01,1.231857714880084803e-01,3.698808191182899052e-01,3.641229212866664011e-01,-3.733834605566663800e-01,6.871328761997720636e-02,2.898352363889501460e-01,2.351377578300114235e-01,4.460164395128765613e-01,1.128569157783243931e-01,9.180826202955474913e-02,2.584935377212568275e-01,5.116678518132383724e-01,3.307030723047545140e-02,-1.663247375700633024e-01,-3.871731614628146634e-01,-3.888242191997649533e-01,3.963498573145452647e-02,5.166059828795792619e-01,5.702455266223731556e-01,6.486020363721766158e-01,3.636929032966843001e-01,3.733554368923697742e-01,4.224725519986723410e-01,5.185575912072735161e-01,2.155375442258124496e-01,2.506893980873034500e-01,1.169895280775922614e-02,-3.176916054891992802e-01,1.618261992356533341e-01,2.447897868321547155e-01,9.989227392885720314e-03,1.351919129168004940e-01,6.047604514191988467e-02,7.522998671949474025e-02,4.676967722826439952e-03,-3.125640189817321252e-02,7.177648892724647345e-02,5.256898899095049232e-02,1.828922349881374199e-01,-1.125911464108091120e-01,9.693247091302127638e-02,-3.738124490639150865e-01,6.109370052779727889e-02,-1.410839009546372147e-01,1.082960464928579558e-01,1.298274671470936725e-01,-1.617943527607284271e-01,-3.372681333373774848e-01,5.231938878495742129e-01,-7.697871473452601310e-02,1.316357684790642191e-01,7.778945928641309293e-02,2.298520581322592571e-01,-3.126709234826188788e-02,2.332270115400413568e-01,2.747226659183139019e-01,1.070134651633322526e-01,4.537571434502091217e-01,4.040833808246390713e-01,5.385720997687447609e-01,1.696465242608788671e-01,5.310901116601715044e-01,2.212882800957724772e-01,2.288820485496709800e-01,4.372986208803807950e-01,3.291888967384982712e-01,2.697436704596890555e-01,-2.281445878723246945e-01,3.908377925057224256e-01,1.564350599575675960e-01,4.442781409091837996e-02,-3.721673757078107214e-01,2.468661774111898244e-01,-3.479402765881118853e-01,-4.870904329493114943e-02,-8.295754648732873993e-02,1.924572695977990189e-01,-4.824944431027625713e-01,4.858373429454996284e-01,1.405112312444569134e-01,3.258949498736580797e-01,-2.158610169013918112e-01,1.583781876057216709e-01,2.482161674637396176e-01,2.958286637635492711e-01,2.271125579516495296e-01,2.621260314725858964e-01,2.329644250226550195e-01,2.781165761838726991e-01,-4.398717883834418751e-01,1.077060350057149479e-01,-1.983396383752128178e-01,3.948060461816186306e-01,-2.187540349692450037e-01,1.759279485299497514e-01,8.025003976459452182e-02,2.890836567462765072e-01,8.991420939328277628e-02,4.399082312504308534e-02,-2.446039848270108868e-02,4.289930076785406499e-01,2.505297595958389523e-01,-3.640693075965396597e-01,-3.607329612283822345e-02
-9.120326522577593131e-02,4.669269746780806418e-01,3.525282928610725675e-01,0.000000000000000000e+00,-1.368235178876732461e-01,-3.433046983801579244e-01,-5.915718517090624157e-02,5.890895843439504231e-01,4.828062121205129453e-01,-4.949459389263092812e-01,-1.444617108144337636e-01,6.493945149324106825e-02,-2.512772979756576763e-01,1.938334936749351034e-01,2.402623399063944509e-01,-5.216757246400872683e-01,-4.628233302714441777e-01,-2.029780938938455931e-02,3.638437423072923282e-01,4.594570804432646649e-01,1.939954950967262559e-01,1.245355466047562837e-01,1.132062316099155808e-01,4.263361729967645175e-01,8.997121323098480894e-02,-1.594873943299852936e-01,-1.495124001954271724e-04,-1.474240284287442471e-01,-3.822483660587168708e-01,2.115162768310333286e-01,2.649775816047715282e-01,3.143483104451785248e-01,-6.696863369376364512e-03,6.601552735445360975e-02,4.487242807686452062e-02,1.388210009276801549e-01,3.609252014499970684e-01,7.541889306998959819e-02,3.340732828207255145e-01,-1.038428777894735422e-01,5.862826296106414536e-02,3.730073770860875548e-01,-1.315372680843411302e-01,-5.974862999602668229e-02,-8.733613055718371376e-02,-2.005974715073665093e-01,-1.917013864225005498e-02,-1.753697910418222095e-01,-1.191837518704330773e-01,-2.949561864719284499e-01,1.802691471973164317e-01,-3.479824027678074527e-01,4.555206568964634828e-01,-3.986833796273577257e-01,4.172198354310224233e-01,-2.084644925437211249e-01,-2.099105130842995603e-01,8.166803418475046539e-02,-3.825107728628231452e-01,-2.152325716657663146e-01,2.965606518585715556e-01,-1.783052257224660153e-01,-2.570800739055315587e-01,-2.321264357245814147e-01,-3.707397947899496171e-01,-3.045080588891952988e-01,-3.552365102203000058e-01,-3.222865032670901297e-01,1.418496384431140733e-01,-1.145694597551175087e-01,4.771325434225355822e-01,3.141409072190941565e-01,-1.551860538224201884e-02,3.094053670389955157e-01,-1.159849952752099560e-03,-1.849534516677828894e-02,3.239630454227881429e-01,3.977448708509712105e-02,4.104284440235484999e-01,-2.661090368595193101e-01,4.063964090055497413e-01,-3.546264657813375520e-01,-4.025054609218275785e-03,-6.589712172329971196e-01,4.695931066923691444e-01,-5.246806615709985744e-01,1.348478206327533291e-01,-4.948242754749529460e-01,5.514571912809906884e-01,-5.065143235425013657e-01,3.862199051315093334e-01,-1.402548622556142877e-01,4.739386743357024701e-01,-4.187591859853589393e-01,2.539311603660672767e-01,1.172980093248009587e-01,3.768188141632254906e-01,1.104046688602188103e-01,2.786839813031928847e-01,1.775659670856233607e-01,3.439728678092507375e-01,-6.252141129387573937e-01,1.268739437886256261e-01,-4.488049834435733354e-01,3.650063432385997619e-01,-4.898019392152845319e-01,1.297760916185786428e-01,-2.058759131175266210e-01,1.564572725221680116e-01,7.182120500127335549e-02,4.374233374401071406e-01,1.629008811933503331e-01,3.153308024562373468e-01,2.624666498556755823e-01,6.326491451734778115e-02,-5.296422096248101785e-02
5.215798900582775677e-02,-1.973560411086109634e-01,8.179281094530058138e-02,-1.368235178876732461e-01,0.000000000000000000e+00,3.302252706802175086e-02,1.408988350352872454e-01,-2.605777002426882816e-01,2.558669872485505037e-01,3.591088707352929066e-01,-1.533177467963621476e-01,-5.202454776674673986e-02,9.013428601467995960e-02,-5.105171152287171082e-02,-2.003204059019596944e-02,3.237767267508506741e-01,4.332958986049487843e-02,-2.580986274905369138e-01,1.404654162365309433e-01,-1.173458541134872607e-01,3.628570997872545556e-01,3.155856207381251277e-01,-2.896013412555747610e-02,-9.750037539039127510e-02,1.819310983043204988e-01,1.338924173546141294e-01,2.601199006925348778e-01,1.819456913826346667e-01,2.189160255037752578e-01,2.511136040261549573e-02,2.277958179026847718e-01,1.191173511251573530e-01,-9.655626966206169726e-02,-4.937025891315343501e-02,1.859425854232485131e-01,1.599882568234644309e-01,-1.159554061355966802e-02,4.047472641683891315e-01,-1.947848399217908671e-02,1.178733918592735214e-01,3.135951717252346421e-02,2.420790486852623935e-01,-1.700117191139129680e-01,-1.528695562468828928e-01,-6.792650629676848240e-02,-1.210443651512137647e-01,-2.956240776399363668e-01,-1.892753452916558499e-01,-1.894041542533196343e-01,-9.320026363978520245e-02,-3.604187098694035529e-01,-1.109850162498134257e-01,-3.804686556658148366e-01,2.377645131692078095e-03,-3.400327931374578783e-01,2.747527085767884070e-02,5.607650504603919894e-02,-9.005545219474404145e-03,2.132999778173876315e-01,8.217519110290498474e-02,-7.463043111804242881e-03,2.085982873051504261e-01,-5.706289446386162562e-02,3.876833079554595912e-02,5.811655376485465319e-02,1.328622355162441780e-02,4.781086787245560771e-02,2.666263173321655258e-02,2.527010927157044562e-01,-4.398737667354149505e-02,3.374985309937271194e-01,3.853633052026786410e-01,4.104958469958944756e-01,1.568441895007481879e-01,-3.309059286424074348e-02,9.603676502362046286e-02,1.298104040815611371e-01,2.269803007821605267e-01,-4.194320212535695286e-02,4.409325597498930938e-01,-2.594660014293551087e-01,1.556247448968260116e-01,-3.384712944987859906e-01,2.422673923622818415e-01,-2.490861575283949136e-01,1.237700000739618139e-01,-3.251551024203497373e-03,4.075805572944712907e-01,-2.024537151962168269e-01,2.729868522675039655e-01,-1.152956165061140986e-01,2.496346059119604888e-01,-1.431934374128898679e-01,2.555294437810922137e-01,2.289783535516044521e-01,2.438067146400614837e-01,2.823560923533352529e-02,1.843629688766772190e-01,2.275234384646434085e-02,1.508197262816420026e-01,-1.628892201832693731e-01,1.178995624110243945e-01,-1.332769210321959608e-01,1.663908505964757367e-01,-1.301125897604941406e-01,1.991739455201451958e-01,1.528515571623616787e-01,2.867029781333095273e-01,1.093544109208242909e-01,2.483449543781901803e-01,-1.997503933014064745e-02,9.774181585628667623e-02,-1.287272997857486639e-02,-1.682407200496168764e-01,-2.597778580751595179e-01,3.441851178834046815e-02
3.505515570094105970e-01,-1.577179818655280452e-01,-4.856983426914918134e-01,-3.433046983801579244e-01,3.302252706802175086e-02,0.000000000000000000e+00,2.977917622007376086e-01,-2.592740519092116003e-01,-2.089461512498511087e-01,7.168382789789597975e-01,4.523226040011418259e-01,2.008662174774994147e-01,1.712432199610537664e-01,-3.959367972532079616e-01,-1.154804866974966648e-01,6.535265374984877695e-01,2.145990198905848301e-01,-2.398755173162525900e-01,6.390246305646497815e-02,-2.115613710585249885e-02,-3.477730125418797003e-01,-2.482084997648566771e-01,1.526495089652732673e-01,-2.159244225244503490e-01,4.968595713332955577e-01,7.094572251343469471e-01,6.582921126876783990e-01,7.369202699486360197e-01,2.837829597846142637e-01,-2.430801135439723260e-01,-3.309769619465844914e-01,-3.910878360979837542e-01,8.655616055252458863e-02,-3.171137083742096158e-02,-9.414707614082844234e-02,-2.555135572281565515e-01,-6.087544616780907747e-01,-4.791151455779162904e-01,-4.400458353971818948e-01,-1.469249645489364986e-01,-3.290167720734912815e-01,-5.804768717197650307e-01,5.673662306241843145e-02,-1.605687982811360714e-01,2.431919687927959761e-01,3.281418437466046556e-02,3.328561846730213568e-03,7.486341146159986026e-02,2.977553945329857593e-02,1.088617035316653964e-01,-2.665850279813388735e-01,2.458925538915177345e-01,-4.122120711075290544e-01,3.196042868699320305e-01,-5.230797098434808445e-01,-1.600915514628630243e-01,8.812560659408121000e-02,-9.164579689655484585e-02,4.188245160529183164e-01,3.626120315820414719e-01,-1.775771554600633420e-02,6.314869769013143896e-01,2.882636032732666109e-01,1.692581788661405573e-01,6.517672227574236588e-02,2.021260238572864520e-01,1.091780643691090714e-02,3.994617011176333082e-02,-1.184143572231586283e-01,-3.968030223733000871e-03,-4.017111643982722580e-01,-4.648581344252111225e-01,-2.051316182458225168e-01,-2.978167141884049962e-01,1.018154729630733613e-01,-1.149483578790644611e-01,-4.836398866615431724e-01,-3.645209621958502288e-01,-1.218324129299222097e-01,4.067623150427085998e-01,-1.446512354427961222e-01,1.418641187259996883e-01,-1.596245224971614696e-01,4.240947458172373841e-01,-3.925474038472987481e-01,3.444526407613833774e-01,-2.412226689770115284e-01,-1.263646518743307412e-01,-5.717024601442070031e-01,3.785717936954307583e-01,-6.436583306498969703e-01,-5.086762113782843271e-03,-6.085059189465595875e-01,9.572743490525083276e-02,-5.269300243650697491e-01,-4.821283811958700372e-01,-6.187120363460115735e-01,-4.688293553550152981e-01,-5.765076433333380379e-01,-4.784139567050266773e-01,-6.837434762230473195e-01,3.071815105380091837e-01,-5.468452570503654631e-01,-7.289339506275538394e-02,-7.238047607162596542e-01,9.316239063402272091e-02,-6.029422406880872165e-01,-3.993125608142937266e-01,-4.170411643623596065e-01,-2.694987292321979200e-01,-3.069483708639824671e-01,-2.851418162661723543e-01,-5.745461937852904821e-01,-9.639510284556065955e-02,3.085612891404804770e-01,-1.357533005318911634e-01
3.007047524650221515e-01,-1.730004698013657694e-01,3.111997664571488076e-01,-5.915718517090624157e-02,1.408988350352872454e-01,2.977917622007376086e-01,0.000000000000000000e+00,-3.313720285115441533e-02,5.692356079664944758e-03,2.744757565947103517e-01,5.309713226221131066e-01,3.044538851384855360e-01,5.944574918609200065e-01,5.809054575772781837e-02,-2.965223605497168888e-02,2.374617860488070775e-01,5.187480461945654930e-01,-1.034524851925058692e-01,1.993921091046341465e-01,2.119517933703266854e-01,-3.940954687811920598e-01,-3.914416719261346045e-01,1.238136771181464341e-01,4.536822062650800597e-02,1.818990165935595871e-01,2.435108403520337417e-01,4.978790641079790247e-02,4.353155746289096711e-02,6.762758792185393775e-01,2.079164932847802350e-01,1.723921262791884290e-01,1.067859727973618916e-01,5.701673411217583753e-01,4.169606103313222012e-01,2.443951191688613356e-01,2.808685584153517989e-01,-4.674187780445960838e-01,5.438042065008784343e-02,-4.358478447543386314e-01,-4.148970235860882649e-01,-1.301708998477848211e-01,-4.023031918798206652e-01,1.252802298455672758e-01,1.379472828902306714e-01,3.006353618992076426e-01,2.744644827719409652e-01,-2.127664645274647201e-02,1.684654327503450344e-01,1.459446377062560141e-01,2.866943815591448952e-01,-7.885854221104253436e-02,3.876563127860938041e-01,-4.149194214559159821e-01,1.470042654449761621e-01,-5.699567332922077512e-01,-1.774816952158002614e-01,2.039981977881316355e-01,-2.144348178975160613e-01,3.954542749377129018e-01,-2.251992387304931759e-02,6.117997323188879566e-01,5.834755237351614277e-01,5.855690032235233433e-01,2.738398750188970054e-01,3.460303273286304271e-01,1.324988531358759214e-01,3.457830551874243596e-01,3.695593898372851460e-01,-5.217248971926348455e-02,4.198780127477736435e-01,-8.284779095176390828e-02,1.188111029521176087e-01,8.119242323526421057e-02,1.914628974953849483e-01,2.967007269074832809e-01,9.220807096979775908e-02,-2.345267348054210776e-01,-8.776860287007376416e-02,2.426688391776557485e-01,4.017961890770293532e-01,1.764809270019833398e-01,5.122829349102172580e-01,-3.194026371845761769e-01,2.104180519498943802e-01,-3.616234829763834702e-01,2.253541730284711053e-01,-5.172259254017210761e-01,-1.718424988945800869e-01,-5.509829068348398584e-01,3.425469426006007984e-02,-2.832918254390897062e-01,3.407661827342049754e-02,-4.137075448220994267e-01,-3.761666907448037167e-02,-3.085220205916857084e-01,-3.010009363747952471e-01,-4.616146972506834367e-01,-2.269466176240596544e-01,-4.159332558442706551e-01,-2.802362417145894957e-01,-4.054716022005600551e-01,6.273203155660971031e-02,-3.716535925071775548e-01,-3.457147792203035114e-02,-3.299234457030954526e-01,-3.359160290728099157e-02,-3.271248435861844328e-01,-1.521702077812741027e-01,-1.136079396367202093e-01,-3.731052119720506405e-02,-3.491042699426861184e-01,-4.376503644947502547e-01,-2.606517720196074861e-01,9.365166693376324181e-02,-8.514919404543182246e-02,-7.161978280858061208e-02
-4.226207565280316603e-01,3.446821863573464872e-01,2.972929568284532476e-01,5.890895843439504231e-01,-2.605777002426882816e-01,-2.592740519092116003e-01,-3.313720285115441533e-02,0.000000000000000000e+00,3.899506779152580593e-01,-6.316266482125749704e-01,-9.329744550937001113e-02,3.181547715776223972e-01,-1.050430696526376134e-01,5.056361948108293314e-01,3.064710186004922510e-01,-6.640986212909445463e-01,-9.301685265171549810e-02,5.192525494854244306e-01,-6.644725989894910423e-02,3.368507044351471413e-01,-2.312046134092042571e-02,-1.927379145806166483e-01,1.229577105121463371e-01,5.353301768216573997e-01,6.116014556646134914e-02,-1.954321413324923706e-01,-3.309718438763035731e-01,-3.974725196634802948e-01,-3.345853941266730969e-01,5.628779878012567517e-01,3.683514834374758684e-01,5.564624972040569384e-01,3.476583413911464304e-01,6.041894619712865344e-01,4.006327270440564470e-01,4.035156758080601369e-01,1.637468949244256233e-01,-2.176100910606350858e-01,1.451404287256290726e-01,-4.936850738673562167e-01,-1.327262796124906996e-01,3.358307174507584036e-02,-1.269252701503727765e-01,-1.698775422661905066e-01,-1.752189128335220336e-01,-2.706757805816881191e-01,3.970351598408577466e-03,-2.614997605629499344e-01,-1.920974046661683421e-01,-2.991916369020495292e-01,2.510531310018812579e-01,-2.351659621966646629e-01,4.624817404441453617e-01,-4.534483437433815545e-01,3.178079030647945613e-01,-4.564147930676659692e-01,-1.733547390101291552e-01,1.004436744319249231e-01,-6.185681505901231558e-01,-3.386656352601075115e-01,4.296273018236170804e-01,-1.723236428072953685e-02,-2.081335598714815702e-02,2.219288642775106846e-01,-1.015477790465334484e-01,1.852314005680592568e-01,-6.121964958468111700e-02,-7.643007984946788291e-02,-2.346784617678521201e-01,6.765579193821638637e-02,3.145294832581945754e-01,7.220668716438037593e-02,-1.106269224579407157e-01,3.766839603258920199e-01,2.368597490835778197e-01,2.795951626790758593e-01,5.250091142616900575e-01,2.737623569243443633e-01,4.729321758034247258e-01,-3.865491489335146080e-01,4.297362273119541554e-01,-1.121170711513013590e-01,1.337187920898273152e-01,-7.754886173400995508e-01,4.105665553031819237e-01,-7.107538314825793124e-01,4.812125978112877234e-02,-5.427747407005125702e-01,5.957110795571034512e-01,-7.692291767493214527e-01,6.449681405216339813e-01,2.151378930808891740e-02,6.419620800990403220e-01,-3.430100716426650043e-01,1.125165785875484603e-01,-2.139075133260703171e-02,3.937100338401318678e-01,3.958240882910610964e-02,4.017896338683502044e-01,2.653625114516353078e-01,4.916654152779740827e-01,-4.953645529535821157e-01,3.022445029044924514e-01,-2.984713628750595982e-01,4.843380116663037471e-01,-3.606803376395736338e-01,7.139256788248424246e-02,-2.344841351523924144e-01,1.125511785532534587e-01,-1.654010854415040033e-01,2.127609516071612694e-01,1.217149373703975967e-01,3.498195009013658763e-01,2.339234432691419119e-01,-1.501322399070078879e-03,5.574372613212379493e-03
-6.721731012678117123e-02,2.801879025223657504e-01,4.895370271316669686e-01,4.828062121205129453e-01,2.558669872485505037e-01,-2.089461512498511087e-01,5.692356079664944758e-03,3.899506779152580593e-01,0.000000000000000000e+00,-1.232459914412877972e-01,-2.952585903132380341e-01,-3.043439115572933035e-02,-1.768599973247477752e-01,1.613498347562644653e-01,5.320926861151767939e-01,-1.958774764169446403e-01,-4.119031686674626269e-01,2.038897224441691899e-02,2.074727161431846600e-01,3.773164523403731430e-01,3.226531263204571731e-01,4.381539809130158281e-01,-8.321280269449927991e-02,2.304874922126026460e-01,1.345374102519264481e-01,-7.566208912130166497e-02,1.147144783347460173e-01,6.840166255594069822e-02,-2.942355511135212875e-01,3.652931436327140347e-01,4.242463211068253637e-01,4.690441483113363397e-01,-8.011011610591184384e-02,1.114473428836512681e-01,9.069557347124330982e-02,1.731726155913276555e-01,2.477132046691175871e-01,-1.340070849814962127e-02,3.647320834181929095e-01,-9.490634633580116719e-02,-1.064660680123629410e-01,2.555992523959182416e-01,-4.403978196660636169e-01,-3.204620478770796033e-01,-3.728467071169829783e-01,-4.312133333416096614e-01,-3.501989540344984664e-01,-4.575889151953732026e-01,-3.922568472000359519e-01,-4.116564573546387384e-01,-1.562984766873075637e-01,-4.591341805340993232e-01,1.153307628417628294e-01,-6.221337069178611845e-01,2.193717928288340113e-01,-2.878524627972462446e-01,-2.041533194385422301e-01,1.862402949135752994e-01,-2.129016545466324850e-01,-7.483286329770849621e-02,3.246220278579297069e-01,-1.743229476765555813e-02,-3.419932804207550525e-01,1.607667539931934841e-01,-3.147738128371451172e-01,-2.114169087812979853e-01,-1.813430839047257270e-01,-2.214611667097671488e-01,2.248999572762267196e-01,1.604363591503845388e-01,5.092195760060886922e-01,4.838174276358632730e-01,4.968407485932609807e-02,3.870891629745006335e-01,1.359131091708585537e-01,2.531534753715684594e-01,5.764577628631729622e-01,3.306335938529268992e-01,3.996926760989149563e-01,-1.166689108674138775e-01,2.709056155842189950e-01,-1.941012541827880078e-01,1.027201888231147192e-01,-4.296616601042723693e-01,2.702616858917615272e-01,-5.771565282355990423e-01,3.406341031773323924e-01,-9.357406358514198941e-02,5.007327623606286915e-01,-3.423107310596551489e-01,4.293617071739296853e-01,-1.620936105555971160e-02,4.208610734383306240e-01,-3.445333689132674682e-01,4.142975670147928668e-01,3.698642348443670902e-01,4.919869664762052675e-01,3.572736769052294870e-01,4.683218775393748201e-01,4.086419100768869384e-01,4.557400170675400264e-01,-4.501930717028002626e-01,2.927158480035136900e-01,-1.268032241020554673e-01,4.966635121685112897e-01,-2.800939170528424782e-01,3.214579016501676323e-01,1.352203013079121552e-01,4.248919103462379110e-01,1.242279942473596410e-01,2.535461430608776934e-01,3.409045843376266038e-01,4.393631766363948477e-01,1.918311693633130977e-01,-2.281382230557227608e-01,7.072121925761255812e-02
4.012034627055351965e-01,-2.763653475803470871e-01,-3.888779334299861667e-01,-4.949459389263092812e-01,3.591088707352929066e-01,7.168382789789597975e-01,2.744757565947103517e-01,-6.316266482125749704e-01,-1.232459914412877972e-01,0.000000000000000000e+00,1.858128242616498838e-01,4.722144530404196600e-02,1.184863479111124135e-01,-3.881493927602941985e-01,-1.082005974584198255e-01,9.263282349575644448e-01,1.657837012021517453e-01,-5.738223729415524721e-01,2.083167308890534197e-01,-1.232233171252673509e-01,-6.496226789853980221e-02,1.791689375352620850e-01,-6.009145903596448818e-02,-4.779183972043307693e-01,1.933766118523792266e-01,4.608055690433208729e-01,6.016724218761170251e-01,7.096676186556802879e-01,3.804096153658264035e-01,-4.190736385240678152e-01,-3.430893410218662787e-01,-4.438836611997955539e-01,-2.289725803703796803e-01,-3.787636270011799922e-01,-3.432650027289083083e-01,-3.798104631063247139e-01,-5.005030249098303408e-01,-1.442355489866785634e-01,-2.539559299955767013e-01,2.879860021399894832e-01,-2.296264285599442512e-01,-3.001317454110234428e-01,-9.935614212054758032e-02,-1.474545572882657585e-01,5.432235146281619298e-02,-2.555644145027150330e-02,-2.327525862147332147e-01,-1.046991533745393783e-02,-2.684520437409987012e-02,1.203180078317853952e-01,-4.110516125463279935e-01,2.383681072767676878e-01,-6.199343772373541173e-01,3.896925584616041105e-01,-5.598255649314533011e-01,1.800737968517427401e-01,8.287169806390037863e-02,-8.190943064886643810e-02,6.470632026163053441e-01,4.723904165659171817e-01,-1.805205521163021909e-01,5.892762508967792634e-01,1.170188237748837345e-01,1.094290534103964790e-01,-5.287193517877302601e-02,-5.534167767777662533e-02,-2.221103791790519921e-02,-3.282667708711729110e-02,1.245240532733344618e-01,-5.607540666417326625e-02,-3.150285061286506316e-01,-1.082834908672643814e-01,3.761568289363006329e-02,-3.696960766763359718e-01,-1.199325969074462907e-02,-1.795239096540945101e-01,-4.881272299125258285e-01,-3.195469241873856170e-01,-3.306277522805374236e-01,6.504855889028402505e-01,-4.244292785787173727e-01,1.581946377051745012e-01,-2.231144715975633130e-01,6.983644141783694748e-01,-5.827557544040772308e-01,5.638702893611364786e-01,-9.300525253621677590e-02,3.411708660881891952e-01,-6.545457205676932233e-01,7.566905620658362919e-01,-7.359052800789362969e-01,1.435668508185892478e-01,-6.981305086834077578e-01,3.621126133576513251e-01,-1.861055936025626800e-01,-5.226188661915585898e-02,-5.342536600471893271e-01,-1.723456918951082606e-01,-4.865837800891938403e-01,-2.529961152290406412e-01,-6.514781196192931390e-01,5.011225696094834259e-01,-4.725596635131709689e-01,1.920519143133234408e-01,-6.591895960054980907e-01,3.321925489809355869e-01,-2.817140621981930604e-01,5.603025222942531469e-02,-1.856039335301678805e-01,1.459864913317660516e-02,-3.700961828846641710e-01,-1.034883113186457343e-01,-4.270138952911655683e-01,-1.654664788033221867e-01,1.268602250457132874e-01,1.134571043575345259e-02
5.370147737793522502e-01,1.728165682237284284e-01,-1.862652811253471818e-01,-1.444617108144337636e-01,-1.533177467963621476e-01,4.523226040011418259e-01,5.309713226221131066e-01,-9.329744550937001113e-02,-2.952585903132380341e-01,1.858128242616498838e-01,0.000000000000000000e+00,4.044216729854800407e-01,6.260463123967267007e-01,4.580037646416065008e-04,-3.100969473389954961e-02,1.294071384855653983e-01,4.930574540026783081e-01,5.365578074225394595e-02,1.913375127784237573e-01,1.963440851957166111e-01,-3.050203113077010753e-01,-4.916384286712349727e-01,4.048297916243074474e-02,-1.831615172873084507e-01,2.441878360009385740e-01,3.795807781133726522e-01,3.003157600167921104e-01,2.815541316383305404e-01,5.790553988682204389e-01,-1.489387512782709873e-02,-1.576811371064242295e-01,-3.011070388904475981e-01,4.263866562090837808e-01,1.847402928870738037e-01,1.061981207347998390e-01,8.713559074432371265e-02,-2.700402742713426951e-01,4.933131412426201151e-02,-3.075658465472370651e-01,-2.987409254636894107e-01,1.087706556718617545e-01,-3.831844597844352718e-01,3.210657326079002782e-01,2.791061801102506790e-01,3.668623556903358729e-01,3.121196540065610536e-01,2.945083333266221293e-01,4.142749670994366196e-01,1.203568328137613608e-01,1.962842590910532647e-01,-6.183870700258008862e-02,2.619906611705571930e-01,-1.922532514514930790e-01,2.458216066055362026e-01,-2.826167905446362316e-01,1.067271829419523879e-02,3.924888947092334268e-01,-4.130552165510269214e-02,2.043937086202650688e-01,-4.494154914359977521e-02,1.861881227611370537e-01,2.611436662418307186e-01,5.797110542205222705e-01,1.022680605393856690e-01,2.930747250677561699e-01,4.830510769714438379e-02,1.610133930906336996e-01,2.958024205259233708e-01,-9.129395294170765396e-02,1.148910292416155943e-01,-2.236822107003416105e-01,-2.995721816341319621e-01,-1.006721739137702853e-01,-7.125872472322593298e-02,2.767226309091744621e-02,-1.739946298360564580e-02,-4.370855995394543059e-01,-2.978935359520296089e-01,3.008952472399385458e-01,3.093430680737339622e-01,3.866779489383552204e-01,5.614327705943422675e-01,6.125262067840296643e-02,2.650367575319502733e-01,-7.006290928213142200e-02,3.823797310994591081e-01,-4.330305757670680489e-01,-2.085155204163909592e-01,-4.746716178018886012e-01,6.867723955357973864e-02,-4.356576226615311298e-01,-2.868731786355883107e-01,-5.230497918225973653e-01,-3.388279566878181215e-01,-4.597153248849671359e-01,-4.510400527973458806e-01,-5.770180439603749267e-01,-4.695853934386500228e-01,-5.455280296918399996e-01,-5.959603811484759373e-01,-5.297472983509128319e-01,-1.480491521423349666e-01,-5.325529804018294122e-01,-3.595048999378437360e-01,-4.475365460176551347e-01,-2.833071519161724505e-01,-5.401294725072711689e-01,-5.149056517546880540e-01,-3.052987602231432840e-01,-2.632799485728737343e-01,-3.421740460230098813e-01,-4.974248524652052361e-01,-4.328153466568787078e-01,2.791781061992597290e-02,1.309295711221997727e-01,-2.849560274813622285e-01
2.167916549760005585e-01,3.038890780823930160e-01,1.320394269023360545e-01,6.493945149324106825e-02,-5.202454776674673986e-02,2.008662174774994147e-01,3.044538851384855360e-01,3.181547715776223972e-01,-3.043439115572933035e-02,4.722144530404196600e-02,4.044216729854800407e-01,0.000000000000000000e+00,2.498345996742314667e-01,5.567589041249270121e-01,7.033277452683622810e-02,4.915894956233022098e-03,3.331225635810123320e-01,3.307145639813979798e-01,1.190276793630640484e-01,2.931924237242957698e-01,-4.949659323391342181e-02,-2.289532147060570066e-01,1.660123662902459052e-01,7.358757916544135524e-02,2.809105581443108179e-01,3.077807346458314997e-01,5.694555104256451145e-02,8.902563727450091280e-02,3.559543302189948633e-01,3.440662178753938760e-01,1.485296377095392528e-01,1.989999342075866595e-01,5.601908222877323151e-01,4.271860834028693432e-01,3.524618373755922240e-01,3.566972136603904775e-01,-1.784407307481578053e-01,-4.518947000688264271e-02,-3.145824585372591908e-01,-2.705921036090574439e-01,8.669898580602622418e-02,-6.087485970541493818e-02,7.315134089598714084e-02,1.034961599812965760e-01,1.070233345715465162e-01,6.696407212940100329e-02,8.837928168963864184e-02,1.040668307224390521e-01,-1.094999239944593854e-02,9.344713106711961814e-02,1.233265263155301078e-01,1.191885053743269585e-01,-9.677604697453701110e-02,-6.329078567585802451e-02,-1.373718907023051272e-01,-7.018669510453034999e-02,2.224927316056427573e-01,2.943804372861611451e-01,2.791080435757129288e-02,-1.824509730953103367e-03,4.829239678868891272e-01,3.768537879026108706e-01,5.256813857280163704e-01,4.562466217345102493e-01,1.825602004332226580e-01,1.134325909036301705e-01,1.743957443818265618e-01,3.131099542341271302e-01,-1.787863496250668427e-01,2.129348361583416616e-01,2.947391877573349306e-02,-1.397542911469714039e-03,1.837353545659645426e-01,2.239754250093919374e-01,2.547928240868265193e-01,2.735285209287521835e-01,-3.726604559418697504e-02,-4.608281599108815518e-02,2.795138687241346953e-01,1.678533515379307117e-01,3.142937684978273083e-01,4.022713986177881007e-01,-8.734737847911902553e-02,-5.664738082653859169e-02,-8.208350523748865479e-02,1.424048102536823457e-03,-3.648343428236660579e-01,-1.522491925859473516e-01,-2.441673769446536801e-01,-2.100933515202407231e-01,1.377368974145307123e-02,5.875572291731799221e-03,-1.166707225316587493e-01,-1.952410865616392155e-01,-2.990480249820295922e-01,-1.387657693746357501e-01,-1.847431570829663472e-01,-2.547216042438114614e-01,-1.813857947583345231e-01,-2.065889976939511707e-01,-1.828574680134337493e-01,-2.897042502121165430e-01,-2.706651727249624328e-01,-3.178391836402553738e-01,-1.095475529600119652e-01,-1.892148426027176200e-01,-2.701168291859919468e-01,-3.420239177929026986e-01,-1.205828490071795683e-01,-2.169103179382709246e-01,-2.687156397210943570e-01,-2.275342405625939979e-01,6.928402853903131708e-02,2.673783335613508783e-01,1.024097491004831023e-01,-6.872548686090464154e-02
2.081765187940023687e-01,-1.498938996147426150e-01,1.231857714880084803e-01,-2.512772979756576763e-01,9.013428601467995960e-02,1.712432199610537664e-01,5.944574918609200065e-01,-1.050430696526376134e-01,-1.768599973247477752e-01,1.184863479111124135e-01,6.260463123967267007e-01,2.498345996742314667e-01,0.000000000000000000e+00,2.086909027505444991e-01,1.961783346358264568e-01,1.203859987244763341e-01,5.515908322811619025e-01,6.478224889584664747e-02,1.080981105082325366e-01,6.402996141966850463e-02,-3.180763594258059213e-01,-3.773397402891587871e-01,2.038361227632989603e-01,-2.631953330481842310e-02,6.332643979790487931e-02,1.433984040915824432e-01,-3.481612808776289592e-02,-5.457938579899516973e-02,6.869118950017246705e-01,2.324489231139134360e-01,5.504247783575857284e-02,-6.150420920563268862e-02,5.000817759847226984e-01,2.521771026537056315e-01,2.282334907704153260e-01,2.240330220150338891e-01,-2.817617534927652767e-01,2.237021302527839040e-01,-3.186954637949632740e-01,-2.964004702335720776e-01,9.264623587231946011e-02,-2.437925106804081365e-01,3.418108269015803780e-01,2.878003825875560806e-01,3.832855602124474181e-01,3.589085507724141810e-01,1.352980618372764676e-01,3.168774736327663599e-01,1.496724978899665603e-01,2.523551707181752590e-01,-3.190931241534324114e-02,3.643479853488996723e-01,-2.683135084216002331e-01,2.687519999976533680e-01,-4.418597209451576857e-01,-1.181346316713540318e-01,3.290421847722789783e-01,-1.124363014152634788e-01,4.311265798130137911e-02,-2.733996994789634205e-01,2.545953690586914564e-01,1.970840619546318784e-01,6.016300239306244801e-01,6.318366689723307894e-02,5.257776986577521461e-01,4.349073087921158376e-03,2.410244787055981219e-01,3.755545648630709832e-01,-1.173737376169070451e-01,2.211862207513868583e-01,-6.001089406094591017e-02,-7.036003491867226511e-02,2.013323146298694466e-01,2.149264237353075979e-01,2.720974377106773479e-01,1.703713731841552670e-01,-1.671096699927292206e-01,1.998043422074033404e-02,3.386727383952757298e-01,4.609927647850764476e-01,3.160450367869638844e-01,6.318595372664055354e-01,-6.771392875228997299e-02,2.588988138131960715e-01,-1.128098886739673512e-01,3.366958455798109151e-01,-5.132754582474822191e-01,-1.045940822866625597e-01,-4.625866686570433428e-01,5.527381871611225517e-02,-1.866570425462623917e-01,3.637285481332529907e-02,-3.032582703737848884e-01,-7.045853193488776922e-02,-3.268800037471302211e-01,-3.929238207680895711e-01,-4.375437629614195023e-01,-2.724423726405836299e-01,-4.626331604864218350e-01,-4.028725397204602765e-01,-4.000900546441228944e-01,-4.587404381531515196e-02,-4.197649052419218374e-01,-1.863312751552247681e-01,-3.331301242941467344e-01,-8.208039155503625561e-02,-4.085249640289644324e-01,-3.023097264695867592e-01,-2.948046096018017148e-01,5.241596064420803863e-02,-2.621820504510458116e-01,-5.531910870958870463e-01,-3.209018294931358373e-01,-8.758206683997247013e-03,1.158542738895922408e-01,-9.964934203410061309e-02
