0.000000000000000000e+00,3.584586730094501683e-01,4.216190739058919279e-01,-2.938209621459251242e-01,-1.953747512747542880e-01,-2.283899116428269038e-01,4.791594641565981583e-01,-3.710599429784717240e-01,2.212094840581117772e-01,-2.632673833104010597e-01,5.019008240539365451e-01,-3.122586263918169514e-01,5.190419288748622240e-01,-3.073705390114206959e-01,3.067712115571771259e-01,-3.742917178166515479e-01,7.780233651816546858e-02,-2.476605722320889269e-01,6.319237946637927816e-01,3.185249649493869240e-01,2.117090369726931931e-01,-9.166053713396427050e-02,3.370686864718028253e-01,-2.817023829199229445e-01,7.401520354757540332e-02,-2.236170530980801929e-01,2.694820712656948447e-01,1.383101438386463988e-01,1.113521904158706471e-01,-1.442669140150965312e-01,-2.799829388875300640e-01,-2.815612584086814585e-01,8.917649138438368123e-03,-1.118642384574323051e-01,2.653205861917684039e-01,5.492738777775734577e-02,-1.126554726188773586e-01,-4.634811522240188386e-02,-7.584934478585611539e-02,-1.356378394702295320e-01,-2.334163692935989076e-01,-1.188364183596757190e-01,-8.174337598457606657e-02,-4.063657827630626773e-01,-4.016389754126210021e-01,-5.346337790877068175e-01,-1.379526771826736220e-01,-1.356362978859483870e-01,-4.217686754584796249e-01,-2.792456732567589750e-01,-3.833636558834572772e-01,-1.573290949555750107e-01,-1.053695028654370036e-01,-5.124965221602974935e-02,2.753996254243331054e-01,-2.693405386267587187e-01,5.294397738809553111e-01,3.933207685800139131e-01,1.084422924704442348e-01,-4.428929179113037101e-02,3.857997133236069076e-01,-3.979769957402499725e-01,-1.546510063345371278e-01,-4.396675130494704931e-01,1.275414713632362917e-01,-4.851463488265904123e-01,6.238208027752237955e-02,-3.533149459040922369e-01,5.105012785505091966e-01,3.943855054423227036e-01,-2.546669870628177623e-01,-1.055979126656388656e-01,-2.142707664968585349e-02,-1.993284860654924162e-01,4.648349147996205105e-02,-1.404050083980448171e-01,5.700136109767714454e-02,3.526385782917868666e-02,-6.592806455088590090e-02,-1.575350993986901205e-01,-1.299011631133177858e-01,-4.159295719302184557e-01,-2.258729792674880332e-01,-2.566853908647250826e-01,-9.542767291628374837e-02,-5.033544869880078876e-01,1.044009051181486736e-01,-1.187800612436369641e-01,7.008591252004202354e-02,-3.064435659350718266e-01,-1.777344333617921490e-01,8.214533040392586749e-02,-1.114608255454549585e-01,1.810916136166536017e-01,-4.630293143325335536e-02,3.761654627551172612e-03,3.212881186964329783e-01,-1.661285386860750501e-01,9.496343474855603595e-02,-9.286971492690471175e-02,8.457835239183955980e-03,1.881419525750138710e-01,1.707285155347896544e-01,1.378680272297838350e-01,-1.607697207282501595e-01,-4.468132346170396174e-02,1.683002489139275581e-01,4.425669172702983989e-02,2.468630774608572900e-02,-1.222633394160133891e-01,6.182374956443238007e-02,-5.132895519112171817e-02,6.128413379374928610e-02,-1.608725953816950438e-01,1.219881479853480027e-01,2.001107860087568413e-01
3.584586730094501683e-01,0.000000000000000000e+00,1.384600282204733468e-01,-3.737826974227707270e-03,-1.260452413454369036e-01,-7.966026967476314002e-02,-8.989690993487935849e-03,-5.929429417854042983e-02,-1.386082679447892818e-01,-5.212750528858071941e-02,1.211164337658290069e-01,-8.927473951609666072e-03,1.368010045231190241e-01,3.448228895808682498e-02,-1.068779258811815014e-01,4.673189511055527573e-02,4.974163914257788144e-01,3.600569782729791668e-01,4.991022481802437905e-01,6.904344818679261087e-01,4.151734375114578962e-03,-1.345784755666926957e-01,-2.129167109579494233e-01,-1.789898086444980108e-01,-1.702859373736218540e-01,-1.205231029967362560e-01,-1.179585899930949699e-01,-1.214741185318965744e-01,2.905363756309388701e-01,2.091480725431451859e-01,-1.292089394249619771e-01,-6.028114461801979684e-02,2.559260236436169955e-01,2.688295889658166016e-01,-1.489521629873844788e-01,-2.427372111765374318e-01,-1.479355749483250437e-01,-7.054111366330757804e-02,-2.316726964010289158e-01,-1.043789410189338435e-01,-1.648399690815023355e-01,7.868269286465125190e-02,-1.673920201367247451e-01,4.656393849842153237e-02,-3.029108431661657330e-01,-1.535059915491238658e-01,-1.760009135552190185e-01,-4.919904896199369521e-02,-1.684341375382128747e-01,-1.094152670337183025e-01,-2.690859362667623045e-01,-3.274374307747816848e-02,-4.466964386392719977e-01,-3.543000435188642938e-01,-2.865018340969414101e-01,-2.015237875739920304e-01,4.747247353454461805e-01,8.137564884288182032e-01,2.013372432873451853e-04,1.791565316830126264e-01,-1.664580085458745584e-01,-2.356892936843693331e-01,9.371095102292952006e-02,9.296729312116518151e-02,-2.043996007186836272e-01,-3.251566315451990818e-01,-1.747457761943512766e-01,-7.613528236997249565e-02,5.195990329981329259e-01,4.788669403535351643e-01,-1.188161584406443316e-01,4.315084025676032414e-02,3.788847057233551974e-02,8.056716311343836701e-02,5.158522537873587444e-02,-3.514094728657000261e-02,9.948749323016232993e-02,2.583541904054976190e-01,1.632377555393076801e-02,1.726276665056170057e-02,6.956185799274382242e-02,-1.135819277875922823e-01,-1.271371059724210884e-01,-1.421455687460199957e-01,-2.489227087690555063e-01,-2.265986209938530560e-01,3.136658339442846555e-02,-1.711671108045480783e-01,-3.850410140108023183e-01,-3.085919657718068088e-01,-2.630384290205206033e-01,-2.636029432511200477e-01,-1.763085313593747427e-01,-1.585141150416254918e-01,-6.906157550242159049e-02,6.358018500949162710e-02,5.366752878221551365e-02,-1.531273172425442509e-02,1.565907870618905573e-01,-9.845490332266400302e-02,4.804291423932280369e-02,-2.279858632286305697e-01,1.639657605313604993e-01,-1.057225029943047040e-01,-9.042908589914694373e-02,-3.807076461484947688e-02,-4.123369088655814974e-02,-2.828622689402896517e-01,2.542094964329656356e-02,1.974007809380715420e-02,1.838934093484638210e-01,-1.899893495212618133e-01,-1.743838429270881119e-01,-1.728769326937779627e-01,1.393096523559894384e-01,4.236180158268454399e-02
4.216190739058919279e-01,1.384600282204733468e-01,0.000000000000000000e+00,3.785654414103940546e-01,3.043239786330247942e-01,1.515771093768589761e-01,6.916197631102886101e-01,3.483670393561889150e-02,2.014976331919291763e-01,-4.522787638195040899e-02,6.096216041611958458e-02,-1.445404813421585777e-01,2.392183689651085632e-01,-4.579330964760341960e-02,3.164620493042247795e-01,-2.998790050680862074e-02,8.179843121166581466e-02,-2.722692723893727629e-01,3.602520088198638559e-01,3.240884744315180033e-01,5.742394977038653980e-01,4.344052455034076443e-01,5.100214348564492406e-01,2.757981241752501811e-01,5.164938477514545712e-01,1.960260223270743618e-01,4.462598414709554873e-01,3.638263080112675296e-01,-4.901570942336416076e-02,-2.060221840600059140e-01,1.780877123017446384e-01,9.785116376529212623e-02,-3.496160587965310880e-03,-1.793646002413965268e-01,4.822577769188180485e-01,4.141509596832049223e-01,2.084253023329318000e-01,2.033273968388582542e-02,1.177095349400946317e-01,1.896973497495038075e-01,1.885368092826819331e-01,3.336267250123294836e-01,-8.066550337301235662e-02,-9.802751478638450922e-02,-1.671114010366352709e-01,-3.766389190192336867e-01,2.946597842438420170e-02,-2.111870059079399842e-01,-3.326184209550657189e-01,-3.740276705976390836e-01,-3.216327615286779795e-01,-2.399478472181275912e-01,-1.080346047652048502e-01,-1.049716783777920048e-01,-4.915740029827822544e-02,-3.630673346378029409e-01,-3.556391813013645015e-02,7.199745784878038013e-02,-1.441935428573495881e-01,-2.860405865267159342e-01,1.581161154163898686e-01,-2.935477976595558536e-01,-2.986523704215929276e-01,-4.104557018628179343e-01,3.447171071086436722e-01,-1.648556465919893688e-01,2.529755865612095533e-01,-2.887270993465456542e-02,1.463417065427609076e-01,4.878121315520013435e-02,2.350547259719523441e-01,1.764014176241672227e-01,6.465512104634887902e-02,6.738311463335408535e-03,1.803835213333709053e-01,6.693600808228982943e-03,4.942397884512524930e-01,4.181565362383807827e-01,5.672776287091214897e-02,-1.926538271132458707e-02,-1.147117048972158548e-01,-1.077090883982399494e-01,-4.831284591186573579e-02,1.401556188686727267e-01,1.936073964392431845e-01,1.523374622204779483e-01,3.633331387290436587e-01,3.288167330189533111e-01,2.959403621728753930e-01,-1.275924849116911453e-01,-2.361000093672906697e-01,-1.293513286135478391e-01,-1.925064636502880344e-01,-6.103064012086907575e-02,1.925063084526922597e-01,1.658210516816409630e-01,6.937409711536032635e-03,-2.400181466392660445e-01,-3.244305536847359450e-01,-3.411638847729632773e-01,-2.499717283420079539e-01,-3.117306404052662405e-02,-2.727444733562571777e-01,-1.937635227743278732e-01,-2.073819368146320730e-01,-1.604233872567534247e-01,-2.028166029495060696e-01,-3.458736527234668179e-01,-2.474802336982357409e-01,-2.368868923825449557e-01,-3.527846643994522746e-01,-2.303528276444934408e-01,-1.827168975837374088e-01,-1.890252097017234290e-01,2.473310837776049875e-01,8.672927537445486099e-03
-2.938209621459251242e-01,-3.737826974227707270e-03,3.785654414103940546e-01,0.000000000000000000e+00,2.276861357448020928e-01,2.539528864593256219e-01,1.962236986351360568e-01,7.162679097640787251e-01,-2.124158938062536417e-01,2.591677139158894416e-01,-3.494900334576606649e-01,4.226832351011327038e-01,-2.826102427814508045e-01,4.777311853694899413e-01,-1.445752790160378942e-01,3.642938391073903825e-01,7.314495623674256708e-02,-1.067765686685076820e-01,-1.797047010164448677e-01,2.021928005725619482e-01,2.887148752591384704e-01,3.582823775424400781e-01,2.556440339726119837e-01,7.363916976535858083e-01,1.590164329061963255e-01,4.688454537238743725e-01,-4.777589018037228796e-02,1.529209711141324146e-01,-2.644442284365772569e-02,6.450158828342701656e-02,3.144947354690822428e-01,2.771898876231188580e-01,2.680283860276820584e-02,2.014789078519685014e-02,1.654475074683339764e-02,8.410574832347920970e-02,2.024276991183297514e-01,-1.594958924528375524e-02,-4.854495336378099324e-03,1.210501474984752163e-01,9.483686363562761346e-02,3.141305921913205568e-01,-3.584393670255100472e-01,9.292379710061431097e-02,-4.147775978990094620e-02,-1.160535413679108716e-02,-1.251077467486499395e-01,-2.650597844905987488e-01,3.195644137077374020e-02,-1.109004033417899659e-01,1.048807344293294086e-01,6.625725029692768053e-02,-1.544485453700279176e-01,-3.346014281613944319e-01,-3.252003323061564699e-01,-1.706857725885609356e-01,-1.841541461744391206e-01,-1.243047109255482480e-01,-1.760200119920946049e-01,-1.422653106178048688e-01,-2.136549827184792694e-01,3.182994323039568529e-01,9.140570722028051875e-02,2.120195129944076884e-01,9.117801270453383677e-02,4.600696863915235690e-01,7.814962210745249327e-02,2.580406357597864742e-01,-2.695825608008958763e-01,-2.339044825598439736e-01,4.466632302361806528e-01,2.728057908907337015e-01,2.381034282867181828e-01,2.734155676277951752e-01,1.300295388525793683e-01,2.182585081438439267e-01,5.197560990308361939e-01,6.231958097579048950e-01,1.218799603016229582e-01,-8.490900781904396274e-03,4.861868240100906263e-02,1.847429411899389473e-01,4.039458237047771280e-03,1.850599253517626053e-01,1.705346461737479169e-01,5.560830850731008912e-01,3.707572338394284767e-02,2.569350832124492334e-01,3.652072408027843414e-02,-4.194425544545236223e-02,-2.575238626346688098e-01,-2.665743063004927249e-01,-7.005328929621036649e-02,-4.026683675633175308e-01,7.154112840649107241e-02,1.202426148051281285e-01,-2.471033820327300790e-01,-1.467967552885033333e-01,-4.332082161546094712e-01,-2.540087520479838989e-01,-1.962169817803646188e-01,-3.625036324815269495e-01,-4.068741532110686232e-01,-3.262250544991857071e-01,-3.319317236241806773e-02,-8.861921390111800190e-02,-1.990227598687326072e-01,-3.699925653411057502e-01,-4.158947292958076192e-01,-1.007413813288840498e-01,-3.572545276928705826e-01,-2.974273734190798768e-01,-3.349999006282550762e-01,-2.696668679588263839e-01,7.906868120639221759e-03,-2.307734123508619617e-01
-1.953747512747542880e-01,-1.260452413454369036e-01,3.043239786330247942e-01,2.276861357448020928e-01,0.000000000000000000e+00,5.874643999286145446e-01,7.878818390937875060e-02,1.481421933448582584e-01,3.886341898451093346e-01,4.931614870368845605e-01,7.908579113576306996e-03,2.739736427592796009e-01,4.774572910422364425e-02,3.181658647076948121e-01,4.749893092358313806e-01,4.931093269320407924e-01,-1.749063207434903289e-01,-3.250671945207966179e-02,-1.524871229563236064e-01,-1.971568742367727778e-01,2.041925885167951427e-01,1.032106305152901554e-01,1.616878290861131495e-01,2.232264098721168377e-01,4.799256811953102608e-01,4.605979812684030672e-01,4.273032812206699615e-01,4.272046941936477049e-01,-4.841223590972822816e-02,-1.667034173811005882e-01,3.471895378998609005e-01,2.288112635424069952e-01,1.297553761411004702e-01,-5.111561474127430255e-02,2.282063472398214721e-01,3.268244316592657794e-01,-1.231240364026017428e-02,-1.710118476911741403e-01,-8.202774770208196009e-02,-8.180694106691298317e-02,9.226172294287678100e-02,-4.218434701136667894e-03,5.631625849291035241e-02,1.187947105929784003e-01,1.446329027081648955e-01,2.126582803256199250e-01,-1.531582858773454237e-01,-1.719811314433291050e-01,1.962143741729822227e-02,-4.247635079387956925e-02,-1.167726502192968363e-01,-1.208574924327816824e-01,-8.714934202898649840e-02,-1.578373644767461226e-01,-2.852763617036461752e-01,-9.623916325364663404e-02,-4.062172432703002323e-01,-1.737442793376471617e-01,-2.067291772222910884e-01,-4.714968726881011568e-02,7.307306874644029469e-03,1.941276795569647218e-01,5.226420924806753771e-02,7.475238836791375796e-02,1.377858035444046725e-01,1.326352001063670349e-01,5.209484851474405903e-02,2.093628999583074524e-01,-2.481983194267321224e-01,-1.593859617213628233e-01,1.057151101878545107e-01,1.630450582283070882e-01,-6.438125099802913254e-02,2.457622281363423464e-02,1.308802261206445938e-02,7.520860866926365636e-03,-5.138518792094144520e-03,5.263285806775769987e-02,2.183362105185696900e-01,3.456082640750252621e-01,-8.867727159932399517e-02,-3.494863568495387013e-02,-1.797402135227180175e-02,-1.449799618852813388e-01,1.319823589990241908e-01,2.493424587973292750e-01,2.379487965499161861e-01,2.082973036343649942e-01,3.275843979440169473e-01,1.041277952883350871e-01,4.600787572130431852e-02,3.478576191967635428e-02,1.098482660865831573e-01,5.038818260997913329e-02,-1.724206679935430253e-01,-1.437865356784053250e-01,-1.852320642114561045e-01,-1.756622057393521508e-01,-2.613716229541596658e-01,-2.521053641462702166e-01,-1.211208210832060844e-01,1.051112855481073013e-02,-1.059106556489415318e-01,-5.480511673119142085e-02,2.254508267992219317e-01,2.130493300426226089e-01,1.944911971109162738e-02,-3.427584151385191374e-02,-2.530354207740357908e-01,-3.450527411737420169e-01,-2.563177576808154390e-01,-3.101701984786411903e-02,-2.229646003409334939e-03,7.664001551587168448e-02,3.554503336396510615e-01,2.606790859659175938e-02
-2.283899116428269038e-01,-7.966026967476314002e-02,1.515771093768589761e-01,2.539528864593256219e-01,5.874643999286145446e-01,0.000000000000000000e+00,-1.145091544965179259e-01,1.711598713326501764e-01,2.872353009936801094e-01,6.108330657052466472e-01,-6.953920867504262415e-02,9.100917249230612571e-02,-1.253976173417749862e-01,3.056111692739887364e-01,1.353834798665391574e-02,4.767126503362461576e-01,-8.493687313173411968e-02,-8.967992867019293490e-02,-1.961455912546103963e-01,-2.179616419131444882e-01,9.162237956251073623e-02,2.112794056621233596e-01,-1.468289441604854750e-01,2.712387629969476577e-01,2.486013119785168979e-01,5.649245516547921619e-01,5.097917328875694043e-01,7.164498943293924338e-01,1.270088710231930722e-03,7.393137659965970908e-03,3.585552361792952447e-01,2.872423653770442287e-01,1.886267828366716137e-01,1.115644348342261921e-01,8.359348320547049793e-02,2.745853616619693960e-01,-2.136993061846159947e-01,-1.939326211467046479e-01,-1.447727793212568170e-01,7.572697927852450883e-03,-1.299413495485292891e-01,-6.876438087107870911e-02,-6.556149767554128593e-02,5.999350374094604421e-02,2.397897435313886463e-03,9.307773850900652457e-02,-7.041580185150540794e-02,-6.228726397855125635e-02,3.494054582679932686e-02,-1.648000911720811090e-01,-1.679080562500167295e-01,-3.040483269768827768e-01,-1.485023275322796821e-01,-1.389243893810257202e-01,-2.791564821023781451e-01,1.305326720646911298e-01,-1.030541775219435546e-01,1.679735400231775408e-02,-3.194518526701080607e-01,3.275236402358218391e-02,-6.066383509855874379e-02,2.187159477835876331e-01,1.420189808516242602e-01,1.438232437226126814e-01,-1.258963425026624616e-01,1.831073136702200399e-01,-4.952483448872502247e-02,2.163529100237003566e-01,-2.806703347555951633e-01,-8.234119085684206418e-02,7.879277453937706677e-02,2.609925322273287662e-02,-9.939316660086111588e-02,-1.797850030114714615e-01,-1.527183214973744929e-01,-6.031426042137612298e-03,7.876080628141079662e-03,1.087067283988626537e-01,1.579256840695831277e-01,2.837370892313719750e-01,-9.807850778228972832e-02,-7.024302177067803798e-02,-3.983538853126622481e-01,-3.576732845261064719e-01,-1.364394225156716212e-01,2.343330800259103008e-01,6.553195062391320436e-02,2.175232915830874747e-01,1.504829068274196047e-01,1.871831317670382133e-01,2.249727762976872769e-01,-3.879880218191943814e-02,3.096188962339121442e-01,1.384180995706264621e-02,-1.387725738943635101e-01,9.585410019947242580e-03,-6.910990409868469908e-02,6.354848276743962909e-02,-1.324201307915290893e-01,-9.231677010022709684e-02,5.983839104602080294e-02,-2.224198407401012725e-02,-1.740565682910455714e-01,-7.255871775295676118e-02,1.810231049106380830e-01,2.038684535389100883e-01,1.362347591245149370e-01,-7.637451353058571923e-02,-2.012465898761469085e-01,-2.245756081690571115e-01,-1.139660460404940262e-01,6.677060311314685082e-02,6.743246155708465528e-02,8.749559828397972250e-02,1.534200991961796323e-01,7.474015773825597175e-02
4.791594641565981583e-01,-8.989690993487935849e-03,6.916197631102886101e-01,1.962236986351360568e-01,7.878818390937875060e-02,-1.145091544965179259e-01,0.000000000000000000e+00,-1.411866693873674479e-02,3.113626974397701863e-01,-2.131111974928606156e-01,4.062996433752805725e-01,-8.939190103614777505e-02,5.055179088942323151e-01,-9.208213091966387098e-02,3.629472170422474164e-01,-2.549631731847973315e-01,-1.288003507320480412e-01,-4.677158496531026444e-01,3.297055245352434882e-01,1.068449315055834958e-01,3.954658003342191863e-01,1.609507293970599273e-01,6.365046561267385661e-01,5.112380762505416149e-02,4.249730017588143616e-01,6.330876399612186956e-02,2.853003067178679353e-01,2.009637675497707165e-01,1.271898004487143907e-01,-2.472216262722139180e-01,-9.509474016870319776e-03,-4.305607719800692845e-02,-4.125989576706391021e-02,-2.171113334068754674e-01,5.402624708270112874e-01,4.219390216541187288e-01,-3.171290436394492984e-02,-1.713366808592833579e-01,-3.757386316480013089e-02,-7.318375171186589090e-02,-6.531040275494691405e-02,3.150213131633945035e-02,3.714770994037354390e-02,-1.346634478396529500e-01,-8.792090951461044301e-02,-3.646596930328063757e-01,-3.561774250246093482e-02,-2.466766906765274492e-01,-3.226436713004695034e-01,-2.796133010355534299e-01,-2.804365275224888765e-01,-2.090145989730760323e-01,-1.042792251701204070e-01,-1.424705858256689606e-01,1.733903710337012516e-01,-5.018484653204152712e-01,-1.057289574004942334e-01,-2.941030488835724016e-02,5.887801755374216101e-02,-3.767705822217577438e-01,5.555594410213642309e-01,-2.268628782733756177e-01,-2.802422258228158269e-01,-3.930502934107604762e-01,4.838226669142370318e-01,-2.155915946551598683e-01,4.387338850632706011e-01,-3.818087410471939815e-03,-1.271014057277905507e-02,-9.762377235394613384e-02,1.802896148706875923e-01,2.203875243997610034e-01,1.639886985477601589e-01,6.299580536093802099e-03,1.376115546110037724e-01,6.351319838173168086e-02,2.893945651789375240e-01,2.381481944116416727e-01,-2.732335934633651695e-02,-1.579169609397267360e-01,-2.782947639685064978e-01,-2.953218880563723836e-01,-1.184060087665649574e-01,-9.642378878546246923e-02,1.198951681934864733e-01,-1.021736845341398026e-01,8.901057766341947952e-02,7.106986052524214004e-02,1.297975012156838692e-01,-3.356762911561995133e-01,-2.927570687114214865e-01,-1.144082497590009767e-01,-2.325293404490600124e-01,-2.625006099096761220e-02,9.338946775189239935e-02,2.519101882885216651e-02,1.402699047766322871e-01,-2.101707377615062433e-01,-2.823221002862614792e-01,-3.560723236988672658e-01,-1.751745609343375309e-01,1.215791861001646323e-01,-1.673074446321415054e-01,-7.329572580464273346e-02,-1.612872249815937020e-01,-7.558611662432226930e-02,8.440276249796115071e-02,5.570498202355439465e-02,-1.819141644554577580e-02,-1.738441928440936646e-01,-1.042935243086330205e-01,-2.318995587831999272e-01,-1.785954902960827928e-01,-8.876568261015771455e-02,2.322742292091192484e-01,4.681764832348869060e-02
-3.710599429784717240e-01,-5.929429417854042983e-02,3.483670393561889150e-02,7.162679097640787251e-01,1.481421933448582584e-01,1.711598713326501764e-01,-1.411866693873674479e-02,0.000000000000000000e+00,-2.660683174413120966e-01,3.554323926305767989e-01,-2.125642838765251230e-01,6.765062157379105878e-01,-2.481393324010105483e-01,6.523724728167966669e-01,-1.495292458497661514e-01,4.866519124531884510e-01,-1.224640645570217873e-01,-1.538394240474723340e-01,-2.047803537960700693e-01,9.330660839514416660e-02,-6.947014144829001536e-02,6.748296986024507338e-02,8.405905721821105292e-02,5.385824580668494566e-01,-8.683092542536706426e-02,3.387620821694160567e-01,-3.339159551232151468e-01,-4.004424834930899596e-02,-4.302920008369136122e-03,2.286751255219000023e-01,3.389555803617073093e-01,2.562251812563360875e-01,1.120678657776654902e-01,2.422348399248788753e-01,-2.871601907500339057e-01,-9.471133655580228627e-02,6.660688049820927227e-04,-1.451079402898516613e-01,-1.638877420869316315e-01,-9.668356175591896751e-02,-8.588864289295825016e-02,9.018540891651920244e-02,-3.745059177062090572e-01,9.718375147124563851e-02,-1.627311977527192977e-01,1.006715442895435714e-01,-1.604563669151218841e-01,-1.214361394813325279e-01,1.154268964893184202e-01,1.220431281962605780e-01,3.202468467825556608e-01,1.889440922241188703e-01,-1.446577605812509638e-02,-1.699005083522965032e-01,-2.606720434850994250e-01,1.734087187717294962e-02,-2.282112752617806717e-01,-2.737774384100503111e-01,-3.447747188545279007e-02,1.549951320248607323e-01,-1.490791192508756358e-01,6.950689156642964051e-01,2.257871670928154606e-01,4.979613809382972267e-01,-2.323680500686976791e-01,5.739734280223055540e-01,-3.312962637616694850e-01,1.661027827443312954e-01,-3.054697385374392504e-01,-3.189690739746464665e-01,2.715450211035853045e-01,1.937996867125155176e-01,1.027533252767922206e-01,1.281551371926114846e-01,3.369337198434035896e-02,1.091411016997663880e-01,2.308318346457665926e-01,3.607473918008301528e-01,-1.126958923115212868e-01,-5.919959449760684583e-02,-1.185793709430886661e-01,8.424906005893727234e-02,-1.750208223364290716e-01,9.669922690652804978e-03,-1.109883650438436564e-01,3.812110962118581137e-01,-3.712779647943708627e-01,-1.260756431511718678e-01,-1.845051989319858587e-01,6.656238253976620722e-02,-5.604569235007304112e-02,-7.576982303904644667e-02,2.186950174082209070e-02,-3.700014350253366113e-01,-4.515455117586883449e-02,6.953602230724509337e-02,-9.387842383834843485e-02,2.679061671628025360e-02,-2.398025587135061143e-01,5.826155853216602584e-04,8.397291466347199529e-02,-2.443953944435172665e-01,-2.556356995558170531e-01,-1.634644754961710467e-01,-6.999867119568013718e-02,-1.029069850435728878e-01,-9.585444055528029306e-02,-2.832210706739921036e-01,-3.014147973082319520e-01,-1.703348231222653886e-01,-3.745880804633328620e-01,-2.069541334269861532e-01,-1.984500422767999581e-02,-1.747936360510643772e-01,-6.883894623934619372e-02,-1.571233716073468789e-01
2.212094840581117772e-01,-1.386082679447892818e-01,2.014976331919291763e-01,-2.124158938062536417e-01,3.886341898451093346e-01,2.872353009936801094e-01,3.113626974397701863e-01,-2.660683174413120966e-01,0.000000000000000000e+00,4.337585142402734517e-01,4.193406844575907066e-01,-3.723283137279100735e-02,5.793159408045565062e-01,1.240045013182176498e-01,5.258176892367416588e-01,7.153608467751994271e-02,-2.714065711793489655e-01,-1.759978326839127805e-01,-3.888976115957751278e-02,-2.355571326440788482e-01,-7.490055053864887180e-02,-1.256311806917199958e-01,1.553469892472179592e-01,-1.605083570980296581e-01,2.826218514600922771e-01,1.683481033080677647e-01,5.183439487280675495e-01,4.216995547206807138e-01,7.993220250415152689e-03,-2.143517623790933135e-01,-1.080786776524449294e-01,8.449108636852824261e-02,-7.675437951005685544e-02,-1.730881191625284754e-01,2.724729732034671947e-01,1.995973835242774441e-01,-3.119646316249162776e-01,-2.124035020368718329e-01,-1.137767671325816965e-01,-2.117262047508715606e-01,-1.848288261462318061e-01,-3.775476016901950227e-01,1.517658403428787384e-01,-8.999322591524538950e-02,1.474772361365613293e-01,4.392894177077443646e-02,-2.663518818054654291e-01,-2.997839897915156038e-01,4.871156191393372081e-02,-8.474921715251623831e-04,-2.154680349988872257e-01,-9.681255061564983389e-02,-2.768794895342851503e-01,-2.573028692749561031e-01,6.275442747481486949e-02,-1.760642768008915671e-01,-8.883004469172399442e-02,7.006920894589679493e-04,-4.866557502228958942e-02,-1.766589544002682699e-01,5.370592133983801419e-01,-8.534802170301090951e-02,-1.213453093168252450e-01,-2.695164934111768384e-01,2.972003154723162344e-01,-2.172438614386696665e-01,1.746441026665006002e-01,-1.402586381285224337e-01,-1.655884249867338801e-02,-5.507342724312843524e-02,-2.639650382231621337e-02,2.106965846882263016e-01,-4.257048496962249906e-02,-8.450942428741835266e-02,-1.678230189436872577e-01,-1.342750125428448793e-01,-3.242916254306559831e-01,-1.975069045540319146e-01,-5.701874370604011026e-03,8.616718284561313002e-02,-1.404580434913123288e-01,-2.395873690114913024e-01,-1.090458494158528940e-01,-3.704263264358844121e-01,6.043064164799521326e-02,-3.067426189968049388e-01,1.251200361274770190e-01,8.139197780810977778e-02,1.602202682868771044e-01,-2.265669226229113653e-01,-9.282691334061116128e-02,1.473496137336298417e-01,2.889594370581777261e-02,4.180157729674983114e-01,-1.710747942498306029e-01,-2.170279529842547850e-01,1.014327161261763671e-01,-3.340359827392708897e-02,4.198554169998824220e-03,-6.493256663364140036e-02,-9.119200932619205002e-02,4.138073595240025493e-01,4.747382531946540973e-02,2.163314062857485398e-01,3.190581576394070917e-01,4.684967969568148982e-01,4.415747888583944070e-01,4.661798962224577569e-01,1.955455118113506585e-01,-6.600053557019062989e-02,2.017966411630462698e-01,7.995353142463268448e-02,1.377349746042122181e-01,2.405354313281587442e-01,2.906190168903454163e-01,2.535161053730866088e-01
-2.632673833104010597e-01,-5.212750528858071941e-02,-4.522787638195040899e-02,2.591677139158894416e-01,4.931614870368845605e-01,6.108330657052466472e-01,-2.131111974928606156e-01,3.554323926305767989e-01,4.337585142402734517e-01,0.000000000000000000e+00,2.336386074026522517e-04,3.575772432330118766e-01,6.235786906777788380e-02,5.152417798384636427e-01,2.399334138937452565e-01,6.021623241032842966e-01,-2.299268576068675962e-01,-8.619593908135977922e-02,-2.413443344562475612e-01,-1.993698871789716387e-01,-2.112454541850741496e-01,-6.891845337774624158e-02,-8.998344995391156786e-02,2.079074213243725100e-01,4.740035771882341459e-02,3.552434921844229154e-01,2.381259487932624874e-01,4.941228554890885749e-01,-6.349957492411112403e-02,-9.434016624407136342e-02,8.825132741701061101e-02,1.260865399212011961e-01,-4.345367325561388938e-02,-1.911531967896659689e-02,-8.236948951632870608e-02,7.953826729659856098e-02,-2.683182421141379614e-01,-3.132585049527362164e-01,-1.825223655239011367e-01,-1.912403127925634272e-01,-1.614954161486546746e-01,-2.346087906838807691e-01,-1.525401542358467699e-01,-2.646078460649855038e-02,5.177537205943248677e-02,1.547694892726649563e-01,-4.237777903025610748e-01,-3.462020681267983790e-01,1.366778969276212785e-01,-8.622748323731374565e-02,-2.483287287666329293e-02,-5.209726348472312057e-02,-3.621400583093231096e-01,-3.818555947685969287e-01,-3.111043829239305558e-01,1.522483720195780439e-02,-2.016663044265412652e-01,-2.678551805502218594e-02,-1.822621399875489767e-01,3.787212762362359569e-02,1.067703575560193241e-01,4.815981256348368933e-01,1.495593941124037096e-01,2.260067068335889773e-01,-5.808876404519900533e-02,4.016383883377686592e-01,-1.290464378223530884e-01,8.868245687280253142e-02,-2.247772549221006000e-01,-2.313975573532516261e-01,-2.177084669001878338e-03,1.044627255120959275e-01,-4.910634604816011689e-02,2.313826210324581439e-02,-2.823486719967799874e-01,-3.404362054794617815e-02,-2.075216813191644027e-01,6.578955454132237590e-02,-5.922750093113769709e-02,2.621230137646672897e-01,-1.130682156109136388e-01,-8.332928604326945987e-03,-2.211528671316402850e-01,-3.461055786302269510e-01,-6.290351351793825423e-03,1.598940532181173380e-01,-5.556496910874394318e-02,2.005816915999870595e-02,-1.837508325258582070e-02,7.006474006757010264e-03,-5.910291521817904667e-03,1.227420660883662001e-01,2.890410390399087426e-01,2.061835553595617876e-01,-3.317700511097536609e-01,-1.664202515477884725e-01,-1.674536923151958845e-01,-8.893353491313739367e-02,-9.863844874225960457e-02,-6.015660979108815309e-02,-6.284205968395928377e-02,1.419599839110410600e-01,-1.499242620112397617e-01,6.611347628673544530e-02,4.164032710034420992e-01,4.807041640414307926e-01,3.761346559008508228e-01,1.536231357569010358e-01,-8.233599035937595734e-02,-9.895538847210398614e-02,-3.759084016078521884e-02,-1.925984737523923351e-01,-2.735010158531962082e-02,-6.142829326095967934e-02,1.613246073525364810e-01,2.005792967976392505e-01
5.019008240539365451e-01,1.211164337658290069e-01,6.096216041611958458e-02,-3.494900334576606649e-01,7.908579113576306996e-03,-6.953920867504262415e-02,4.062996433752805725e-01,-2.125642838765251230e-01,4.193406844575907066e-01,2.336386074026522517e-04,0.000000000000000000e+00,1.116718672271451163e-01,7.659076207928151581e-01,6.429253356162104027e-02,4.995568293753293587e-01,3.266064015871276982e-02,-2.260703667815544549e-02,-6.184122975649012505e-02,2.137197778781173285e-01,-8.070747263213279288e-02,-8.030492837964567365e-02,-3.709489677965618348e-01,2.685792397572386858e-01,-3.063067889455807769e-01,2.115555730441808779e-01,-8.265936475877358469e-02,1.817018361269442384e-01,1.422366385838685354e-01,3.460396784371218559e-01,6.347562778078764956e-02,-2.405656114874297341e-02,-2.737838624876223759e-02,1.623192025452037668e-01,1.452564403885399646e-01,2.822074119494900613e-01,1.367161831486205514e-01,-4.944233081822663745e-01,-4.373779048674940051e-01,-4.864199835597160515e-01,-6.270182770111704107e-01,-5.336454586259787858e-01,-5.429846750250633125e-01,2.267305224755864976e-02,-3.226896700749651847e-01,-2.885395543354613568e-01,-1.599706826096696510e-01,-3.491932630187000175e-01,-3.863455724122954460e-01,-2.582640918159813115e-01,-8.299687572536297575e-02,-2.813537958627594926e-01,-2.060176691059633081e-01,-2.842955237811425895e-01,-1.809732727804474195e-01,2.491370967142934878e-02,-4.374791599759854099e-01,2.319914530972633226e-01,2.263835570153149013e-01,1.226782549782318293e-01,-1.431011751708469448e-01,6.120877729501454922e-01,-5.357916589699911192e-02,2.187278695095085657e-01,-2.707664219566708816e-03,1.450546169605645141e-01,-3.135954697423251059e-01,5.313269234665143198e-02,-1.975994229140564384e-01,1.344544753418712990e-01,6.873192424984880811e-02,-1.012410597040243748e-01,2.647331621506638921e-01,4.157011745856606377e-02,-2.090314113737379645e-02,-9.083714833908751451e-02,5.992487413407517061e-02,-2.324850503178273742e-01,-1.550965027855860379e-01,2.469774240505012985e-01,2.420341788170421449e-01,-1.926255850211529841e-01,-2.747526860218105216e-01,-2.086449820072971972e-01,-5.582552035266735713e-01,-1.998184344661962097e-01,-5.658436061674880779e-01,-9.411773167267206697e-02,-3.382577459189888280e-01,-1.082915777638431692e-01,-4.094756908606331791e-01,-2.861568869104069157e-01,2.588458983798592669e-02,-3.087742966506300535e-01,3.626745045625197339e-02,-2.883520919722628029e-01,-3.925261760050412496e-01,2.830871388146846690e-01,-8.311792735124121090e-02,2.068529057250704031e-02,-1.432063137858527457e-01,-5.588987323395668699e-02,1.961684314621999492e-01,1.736796844698381137e-01,9.870093867364061746e-02,1.710320619003861953e-01,3.227451482122306592e-01,5.733333224198746692e-01,4.116284323258050382e-01,1.118034737157963393e-01,-1.989195780802064939e-01,1.474608382231934744e-01,2.972031709916513401e-02,1.565231048565388083e-02,-1.109147233130818554e-02,1.800117101288229993e-01,2.770261298282241103e-01
-3.122586263918169514e-01,-8.927473951609666072e-03,-1.445404813421585777e-01,4.226832351011327038e-01,2.739736427592796009e-01,9.100917249230612571e-02,-8.939190103614777505e-02,6.765062157379105878e-01,-3.723283137279100735e-02,3.575772432330118766e-01,1.116718672271451163e-01,0.000000000000000000e+00,4.149627520793917196e-02,6.877941688505087026e-01,1.126850595587097492e-01,5.349702883554010580e-01,-4.970820169313886622e-02,1.729440949681764761e-01,-2.797038274186315898e-01,-8.100893074903511848e-02,-2.376252955916430265e-01,-2.172989585604625518e-01,8.491294081801396831e-02,3.762666818885820330e-01,-2.976911155776475887e-02,2.269052384486601182e-01,-2.278233441955898886e-01,-6.643382537509952279e-02,1.253448478505897745e-01,2.558674998650298238e-01,3.720507280325989763e-01,3.245829088736633672e-01,1.416229961804919002e-01,3.030954153583592658e-01,-2.361302135167180627e-01,-1.989118124686801714e-01,-1.949803992817957243e-01,-4.265406605418796127e-01,-3.911636277397718131e-01,-4.385098147380205313e-01,-1.969758111904291731e-01,-1.198501709754598576e-01,-3.174372231387448950e-01,8.449745802456481297e-03,-1.117372896000917298e-01,2.604797924950372767e-01,-3.940914688704541535e-01,-3.882900024264986372e-01,9.168368009366441307e-02,1.380571476338094128e-01,1.879098842903290933e-01,9.580382820361220408e-02,-1.230768024065532068e-01,-2.396302187724909938e-01,-3.635426619186758468e-01,-1.826540035760259306e-01,-1.755596975608915977e-01,-1.364897253101478303e-01,-9.187694835380263991e-02,9.967533271059778044e-02,-1.560160101787345412e-02,6.894401330875165046e-01,5.158791371610659260e-01,6.391999275939295178e-01,-1.060546766182723644e-01,5.007498937523585658e-01,-2.533786791970223384e-01,1.789098742979425630e-02,-2.359396176893981123e-01,-2.236188274763375727e-01,1.809229630663908017e-01,2.777408573764409416e-01,-1.875759472496630210e-03,2.145197856013519311e-01,-1.624459533424024438e-01,1.304216910459373713e-01,-1.191829802649408965e-01,7.954413734783966072e-02,1.093975099462579648e-01,2.817904129814763348e-01,1.477236382545815511e-02,2.433815182738035821e-01,1.221791293276869132e-02,-1.082900347982610478e-01,3.583748806700973177e-02,2.120277424741047467e-01,-2.202465492984714002e-01,-1.197414538004400730e-01,-2.263076798834551540e-01,-3.589166966832142702e-02,-1.981951959909872829e-01,-5.808389677896010767e-02,-1.881950358940274182e-01,-3.155350196537392571e-01,-2.558631804390531506e-01,-3.550047911840398251e-01,-6.580827931321681090e-02,-2.972322523964809546e-02,-1.550266629873132407e-01,-1.038929735332920906e-01,-3.590336689390108416e-02,-1.817770981952762654e-01,-6.506800714603894371e-03,-1.573760374398034401e-01,2.181547513396659699e-01,1.462135076952408019e-01,1.635884045430887057e-01,-2.745053727727484599e-02,-2.038269637807972046e-01,-1.761546664234023563e-01,-2.251557252753665639e-01,-1.438038943188088281e-01,-1.075667280611513621e-01,7.216965917099485428e-03,-3.133199588138881747e-02,-3.051727967711251582e-03
5.190419288748622240e-01,1.368010045231190241e-01,2.392183689651085632e-01,-2.826102427814508045e-01,4.774572910422364425e-02,-1.253976173417749862e-01,5.055179088942323151e-01,-2.481393324010105483e-01,5.793159408045565062e-01,6.235786906777788380e-02,7.659076207928151581e-01,4.149627520793917196e-02,0.000000000000000000e+00,5.470533986112413594e-02,6.441288397127153953e-01,-5.501719978262030464e-02,-4.552421689716212166e-02,-3.900902482308357677e-02,1.526340503738591592e-01,-7.947539075354519145e-02,-2.501268210475804735e-02,-3.094369228013258422e-01,3.717773265500352586e-01,-2.627333078049708948e-01,2.708596984475182268e-01,-1.505335613108030046e-01,2.708464164196221491e-01,1.869678079648416646e-01,1.861633004764932098e-01,-1.368797605789126570e-01,-3.894832458146028908e-02,-3.519036804060517859e-02,7.515866446865496209e-02,-9.275639671561374672e-04,4.819422429113249806e-01,2.388119734567402119e-01,-2.989940201398477715e-01,-4.099472442323605637e-01,-2.770958879721870383e-01,-4.613521169628365670e-01,-2.969886493026799856e-01,-3.523759411973529931e-01,2.090080786821152392e-01,-6.459739243017675880e-02,-2.361368291811226025e-02,-5.224462356479385450e-02,-3.180649624739724235e-01,-4.140462006134060235e-01,-2.559165350879310519e-01,-1.374577222573324375e-01,-3.199407970818085034e-01,-1.389957104628991857e-01,-2.791218776874474505e-01,-2.265463216735803254e-01,5.478049460520231090e-02,-4.572210171313695892e-01,7.300276623555682076e-02,2.404786819638699280e-01,7.536862441450288552e-02,-1.408249697281623303e-01,6.846452956501776210e-01,-1.891098964835963014e-01,1.249772808116859230e-01,-2.786162165454377782e-01,3.625519957925811276e-01,-2.955885893709089274e-01,1.759860120959440832e-01,-1.127510272948163000e-01,8.553508682838502353e-02,5.142700381079685218e-02,4.989426390511157716e-02,2.552143426634015388e-01,-7.310726926967973938e-02,-1.991116464176745718e-02,-1.634827537990595492e-01,-3.732814671199029266e-02,-2.382680546737919458e-01,-1.868022221364185331e-01,1.170341237158775832e-01,2.434379208996176880e-01,-4.852643860091520461e-02,-1.790813861309767108e-01,-4.786184590170471098e-02,-3.144286504929867943e-01,3.798280311895955996e-02,-4.324708532554266682e-01,-1.182519192160744713e-03,-1.759843340477559304e-01,-5.659783695560161032e-02,-4.588120574177492195e-01,-3.552563003196070324e-01,2.129889296483097189e-02,-3.501232625844542534e-01,6.516941457175878805e-02,-1.893931940485626408e-01,-3.646335944953246200e-01,2.297329384794671303e-01,-8.507923442993428620e-02,3.480496402064679057e-02,-1.190714820301388144e-01,-1.839975084457605436e-01,2.013216716025953423e-01,1.257567426067252025e-01,1.720779898400936342e-02,2.771595001476984677e-01,3.146360341724176446e-01,5.057627591002851197e-01,4.073942518628844711e-01,1.705811509497112965e-01,-1.100657414705539655e-01,5.989214551006465798e-02,-5.303860865747477005e-02,3.326192164460214235e-02,5.949474059522637248e-02,3.371777022019045167e-01,3.945837065772632712e-01
