0.000000000000000000e+00,8.053828479854934219e-01,-2.990542824100868996e-02,7.443290245064874966e-02,2.120144175875485551e-02,1.329954493808622740e-01,7.471246124928272725e-02,9.795514879108896400e-02,-1.129720498785553029e-01,1.004258724002864006e-01,3.260261550620972004e-01,3.731743996350273540e-01,2.029429550924136405e-01,3.123857734194679936e-01,-1.803099528208895463e-01,1.989555864505686000e-01,2.157570284177842967e-01,4.505233871037642723e-01,4.598505484527175002e-01,5.472026865751818958e-01,3.895842687335527525e-03,6.756028624763819532e-03,-2.621946137186556003e-01,-1.986144409515922526e-01,-3.497440825610640958e-01,-1.733093190631909697e-01,1.831693470843654692e-01,2.069668215842848102e-01,2.988901747848729529e-01,3.074696275632837761e-01,-1.053128569524169750e-01,-1.922232224974692871e-01,1.109792269054416490e-02,-1.059119210026196189e-01,-2.707536766557812058e-01,-3.661367496817483080e-01,-1.378553856022758095e-01,-1.655356710614493826e-02,-5.987173340985696424e-02,1.380830395882324257e-01,-8.735919384369765506e-02,7.284889899653695933e-02,-6.171172911964298291e-02,-8.338784219958299965e-03,-2.376965277126742715e-01,-2.415993552288059065e-01,-5.301931329441990359e-02,-1.556818563463081666e-02,-3.177001689555694619e-01,-6.037412022294106478e-02,-2.144137877168007522e-01,-6.082886504914832015e-02,-2.186452760099109882e-01,2.744642316499991685e-01,-9.647018693710583681e-02,1.862326809513921433e-01,6.919734313491163746e-01,6.218748700780042382e-01,1.025042063302169931e-01,2.378253477793271925e-02,2.505270749843648281e-01,-9.860533288671655128e-02,4.665860048801757087e-01,2.592493559191034747e-01,-1.051907452652604685e-01,-3.654408600545900887e-01,-2.250275333926114729e-01,-2.819951888357981606e-01,3.556023600655143779e-01,4.209404871352335764e-01,-1.339854613496387070e-01,-1.731416303930542397e-02,-8.139302203366279020e-02,-1.502603295748053680e-01,-1.175171577553933977e-01,1.747945763191148527e-01,-2.394071470154277570e-01,-2.562225152836474784e-01,1.342355591953568739e-01,2.053285581354417355e-01,2.062397104536047854e-01,4.644744836033414259e-01,4.403200698624918502e-02,2.675212590097731380e-01,-3.938705054562438024e-01,3.249198469857035865e-01,-5.642451140852505764e-02,1.580910997276687158e-01,-3.240892613062559269e-01,2.842534617566887523e-01,-7.608076954476136744e-02,-2.633066101029541903e-02,-2.098481498698794856e-01,9.718556974672620807e-02,-7.999076050006624639e-02,1.662924748029953881e-01,-8.980340679628219525e-02,1.011978653848209092e-01,-8.227733111118697151e-02,2.184681284711824101e-01,-1.524599678117945778e-01,2.194474998304476177e-01,-2.525058293402577050e-02,-6.989125834699491668e-02,-9.923950554762225873e-02,-5.447694832899454588e-03,-1.085299722998371991e-01,-1.554273582698874889e-01,5.757562556753598182e-02,9.096143254727244443e-02,-6.900367080630001593e-02,-2.654119748141136048e-01,-3.800330506942582731e-02,7.815137397237809092e-02,-1.218271165793053182e-02,-1.888472764408475613e-01
8.053828479854934219e-01,0.000000000000000000e+00,2.118856143631710209e-02,1.164351032340660147e-01,-1.486518539615756529e-01,-4.786161880254839740e-02,6.249477829136069335e-02,9.167467595442219119e-02,-1.940233144262447917e-01,6.537334788980296574e-02,1.791594944958790625e-01,2.677971159069613694e-01,2.393039022629996071e-01,3.094766434420212486e-01,-6.663529361445420796e-02,1.214297636620125798e-01,1.292018742462960057e-01,4.003173745413477480e-01,4.610379927051463933e-01,5.684226934490675953e-01,-7.299625078055571245e-03,7.714749839572344892e-02,-2.994795941188205801e-01,-1.649253258913911668e-01,-4.066949508288733584e-01,-2.341468482496008585e-01,1.175141152314291837e-01,4.430397637752445800e-02,1.451797029684907814e-01,2.055659812359728333e-01,-2.314609324487526543e-01,-3.086565485357420924e-01,1.079257813071835513e-02,-1.570204741101706436e-01,-1.433095403501628839e-01,-1.524371881547381680e-01,-7.853798156095877225e-02,-6.682467710566293399e-03,2.644015416838937232e-02,9.072723732464436919e-02,-1.086146462887918052e-01,1.318207503595374835e-02,4.381492918067102921e-02,1.562688698669958409e-01,-3.337868192556455171e-01,-1.571422138039870464e-01,8.470282636665638076e-02,7.610288705554907329e-02,-3.435077317958942222e-01,-1.066303210329344192e-01,-2.433452335754960338e-01,-1.424115276645388228e-01,-2.712136308436427501e-01,1.946010339153236568e-01,-1.332602263216967065e-01,1.213095424757844043e-01,7.279757412558662821e-01,7.717965532672672602e-01,4.493703646747013170e-02,9.253683374791057958e-02,1.371383995508875797e-01,-5.487823139545471018e-02,4.246125268874971215e-01,2.804783326739382354e-01,-6.870452682628534757e-02,-3.642211949881250521e-01,-5.817920191690414966e-02,-1.186261664136994964e-01,4.638204743858718726e-01,5.041820667348496654e-01,-2.141487140038579040e-01,-1.563824449004545536e-01,-2.442035558559410291e-01,-2.501954386577063261e-01,-1.418044586854161904e-01,1.893238111587836892e-01,-1.502997112857108464e-01,-1.885066446683462960e-01,9.164948258097141420e-02,6.318673155421818122e-02,2.366280886025198815e-01,4.209851775429205301e-01,1.030375942684529783e-01,2.921184445225100679e-01,-2.647745031970059060e-01,1.629438027766769437e-01,-4.308009736539405998e-02,9.558155956672717557e-02,-2.655351734663252139e-01,2.057630165924276555e-01,3.368722021408106226e-02,-7.663511950296687802e-02,-2.288515161008014831e-01,-1.560377549787464804e-02,1.409471745610300225e-02,1.807809589173777487e-01,6.522888295654964697e-02,1.745427977261272412e-01,-1.397228837382361866e-01,8.548190808770785021e-02,-2.791785367497516823e-01,2.772537846109488502e-01,-3.310237549457827055e-02,-1.801689322143411598e-01,-2.499682946350807039e-02,1.331094362784476237e-01,4.652486261582015892e-02,-8.197854814643655563e-02,1.612557610527342866e-01,1.403042492295227817e-01,2.471250973065656359e-02,-3.685096778394471029e-01,-2.010268222330006405e-01,-1.645883179116764197e-02,-7.013492936034818048e-02,-2.089519776063049894e-01
-2.990542824100868996e-02,2.118856143631710209e-02,0.000000000000000000e+00,8.669179802131115053e-01,-1.543654036075153557e-01,4.046195814629226228e-02,7.727320602024304597e-01,7.442781469854238274e-01,-2.748292132188223311e-02,3.333748395468663639e-01,5.474640299404687216e-01,4.984433136401820175e-01,3.583457352985838229e-01,4.265224156801648014e-01,2.664404877637880920e-01,5.023358308374081815e-01,-8.922547907574795989e-02,1.833031748377650927e-01,3.083322769965236021e-01,5.530757571738407208e-01,2.500366190119281962e-01,4.700770195463990775e-01,5.948019202568366470e-01,7.413246099724113414e-01,3.691545155698530006e-02,-1.496940875963915230e-01,-2.282748409380253585e-01,-3.764945316575999956e-01,2.947944221634791750e-01,4.447372419760493578e-01,4.352364164647684053e-01,5.327403516525749394e-01,-3.141396578683001983e-02,2.975432514473462242e-01,2.164881326424280064e-02,-1.175814291471608403e-01,4.508956421451598140e-01,3.047257330818857191e-01,1.986337695109940960e-01,-1.484023279043739096e-01,4.718502456815268364e-01,2.249987013394431218e-02,-2.330160822183885427e-01,-4.075815164979260663e-01,-2.319462879654537735e-01,-4.039484584838054504e-01,-3.642649399957336720e-01,-4.938472575645487805e-01,-6.003430473889356245e-01,-7.001754229953455200e-01,-7.629287875786856521e-01,-7.647499095637330102e-01,-7.645459978929322054e-01,-8.287731748930030617e-01,-7.426881320477621840e-01,-6.517564337989728562e-01,-3.419859253432176449e-01,-3.063564618957062557e-01,-3.246766367426988098e-01,-1.116263024378402469e-01,-2.631315155950900153e-01,9.363701347254151097e-02,1.518272491109025069e-01,-1.818163582177862447e-01,1.573835809761605642e-01,1.599084003541364762e-01,-2.001975162591778101e-01,-1.073163288942163007e-01,-2.187054827756577113e-01,-2.442415404564590442e-01,6.165240754887958419e-01,6.804504659349631668e-01,2.654210163734923023e-01,4.796589033768288712e-01,8.318676779594474935e-02,2.357452539678209225e-01,6.162072095479727007e-01,5.473431469890321921e-01,2.250272926650775385e-01,-1.070908183074490705e-01,-1.466798040665644176e-01,-2.936529527215413493e-01,2.496696986521419193e-01,6.295743798317521289e-02,-2.543563837199213085e-01,-5.079862289130407937e-01,2.497465672445726981e-01,3.877462036011101176e-01,-5.309803927173883942e-01,-5.334060245863899707e-01,1.943892149493602409e-02,-1.596196614816548787e-01,-2.206496486308924809e-01,-3.415519325147640672e-01,4.592891568090386456e-01,9.249696473634687333e-02,1.386851750879762313e-01,1.599009476432953700e-02,-7.516714704098919064e-01,-6.398804184889007596e-01,-3.321991551567471390e-01,1.758308730610587123e-01,1.521023351321596218e-01,-1.657802709816895703e-01,2.605208375850148750e-01,2.791454532531127408e-01,3.473894594160196192e-01,2.797394785933618455e-01,3.212442842262731579e-01,1.836821765427563979e-01,-2.452571185315245150e-01,-4.976665340185998931e-01,-2.235221563087219643e-01,-6.915692716904717763e-01,-7.028765109257834043e-02,1.149470994925814449e-01
7.443290245064874966e-02,1.164351032340660147e-01,8.669179802131115053e-01,0.000000000000000000e+00,-8.772204529206231727e-02,1.211133275914727248e-01,6.787873422666916845e-01,8.379292599891929871e-01,-6.806598051054831011e-02,4.591259771305337689e-01,5.102604935609045267e-01,5.964295831761566857e-01,2.484963670868584329e-01,5.042455409210789830e-01,1.692450098060165053e-01,5.649134827348596399e-01,-1.383082203992080372e-01,8.516048711701254548e-02,3.490337324340858638e-01,6.491556201038942708e-01,1.992193413414991288e-01,3.642168234421209183e-01,5.141164855824982283e-01,7.462023909829981205e-01,3.300281753560350972e-02,-8.234639243481135795e-02,-1.539859935584536321e-01,-2.636990696104812293e-01,2.735850706155485423e-01,4.683606807251393112e-01,4.421509618735366964e-01,5.219271341193603142e-01,-1.075729869871853844e-01,2.100879281891558648e-01,-6.242862600441681509e-02,-1.848961678202404035e-01,3.182050002758666785e-01,3.515405454531906337e-01,1.220747159246999558e-01,-5.877145906328445912e-02,4.350354078966370275e-01,8.119798017589584249e-02,-2.412278419847580513e-01,-4.089868222220310323e-01,-2.653110784622664253e-01,-3.861461493334487072e-01,-3.551941605745447816e-01,-4.405044759381523400e-01,-5.540210818926913916e-01,-6.281415949358477580e-01,-7.546462343225889269e-01,-6.373276385544269784e-01,-7.525006674414371766e-01,-6.798188047398078249e-01,-7.493903581186853735e-01,-5.443182014820652226e-01,-2.239490025699487630e-01,-2.947978841592904797e-01,-2.956033636179935531e-01,-7.116941422928292627e-02,-2.468251899560056917e-01,2.070137282206158946e-01,1.712510388588862342e-01,-2.318338032537732296e-01,-2.950959732766449475e-02,1.823974822352304181e-01,-3.115491596255717810e-01,-1.458463563222015535e-01,-1.568975939991692770e-01,-2.013528499722675169e-01,5.246256281721243253e-01,6.563756857810616463e-01,2.115524256137668868e-01,3.854353898755383812e-01,-7.419957244807544490e-03,1.794209721039437544e-01,5.600642538089999345e-01,5.205892189999975495e-01,2.006601071610680520e-01,-1.133286408497302666e-01,-1.622403825778564457e-01,-2.233413799303885228e-01,1.071127602562032960e-01,8.639230610620313167e-02,-4.096784417288641955e-01,-2.964588395188671455e-01,1.778977203434947696e-01,3.985282875933723323e-01,-6.438065183225359922e-01,-4.246234607087849833e-01,3.315996077993585422e-02,-1.007382922572709338e-01,-2.541883791794799508e-01,-2.428258865705135716e-01,3.636900027100760102e-01,3.352841705505450742e-02,2.245252904788961820e-02,2.885974880700623458e-03,-7.817761318141022153e-01,-4.482272886372641874e-01,-3.805329368328037032e-01,2.668364380723907137e-01,1.296805640190756559e-01,-1.719024669291800700e-01,2.341421621849988366e-01,3.111063423989668952e-01,1.943222794752590410e-01,1.899084619645084182e-01,2.967565414581341265e-01,1.717299985031709997e-01,-2.807045721239748159e-01,-5.319814426138735897e-01,-1.560071216543105210e-01,-5.964181354893701714e-01,-3.520870625752605537e-02,1.604488219388323644e-01
2.120144175875485551e-02,-1.486518539615756529e-01,-1.543654036075153557e-01,-8.772204529206231727e-02,0.000000000000000000e+00,6.440582468824042062e-01,-1.187642250599482835e-01,-1.348128282460189786e-01,4.103438923593967780e-01,2.332401536289345489e-01,-2.837471204726868534e-01,-2.182935150100490107e-01,-1.912710466679233834e-01,-9.181835225651624466e-02,1.722497401539787032e-01,1.996928230297316809e-01,-2.382136218493244029e-01,-2.033843605205420402e-01,-3.645693001385209575e-01,-2.316176478994644850e-01,1.427689802038056288e-01,-1.139060070867589924e-01,-1.715069272241321122e-02,5.242204942337234941e-02,3.738338363013595234e-01,6.644463717806132763e-01,6.746450484996718844e-01,6.410050451243205494e-01,-1.052921441029707611e-01,-8.462233252264936278e-02,2.110756014833389260e-01,3.790778553892985153e-02,2.425239365609768438e-01,6.929696340577000402e-02,3.151456351979607384e-01,1.689743871263553743e-01,-2.444405165841367564e-02,7.420438738467578441e-03,1.489033886410311425e-01,3.048013950511820336e-01,-2.780250177204859341e-01,1.875376367876150363e-01,8.348660468698006210e-02,-1.559940056354255089e-01,-1.382621652639165477e-01,1.044153134451454717e-01,1.025302193407980587e-02,6.846032750918175890e-03,1.744040216228575912e-01,2.830643478778948618e-01,1.743498804894395848e-01,2.842338494838111407e-01,2.655087787800826660e-01,2.838273624472235634e-01,2.664928505802025005e-01,2.680146142651476660e-01,1.637092295627078087e-01,-5.518347714415254221e-03,1.208451760717963869e-01,5.845115929548953121e-02,1.081351864727600615e-01,-6.374840989913604927e-02,-2.171588268107753072e-01,-6.780330783037727405e-02,-1.409165674771175325e-01,3.453308931754792664e-03,1.982710445883449912e-01,3.251194233621002572e-01,3.175450328615631590e-01,2.282977473884098274e-01,-7.782286443082642169e-02,2.049657342662308812e-02,-2.520802708409706772e-01,-2.506853945149901675e-01,-3.302149929926347927e-01,-3.530323335940463991e-01,-3.562951815145852796e-01,-3.618582714326557537e-01,-2.334541172989591518e-01,-2.371224741838558747e-01,-6.953910238688441880e-02,1.397422834899187671e-01,-2.461204691203734141e-01,1.164110151495373890e-01,3.517332776329867156e-02,2.891679765059209095e-01,1.844963319599499663e-01,2.136705043160914141e-01,3.481903959650468616e-01,3.345940050614543693e-01,1.332869658947439251e-01,-2.170908916158581226e-01,3.128419406124318125e-01,1.393069789475033515e-01,-3.663471109784292162e-02,-1.369786380887737520e-01,-5.951859544136229863e-01,-5.571167839368843522e-01,1.908633469505503083e-02,1.715007920826305265e-01,1.729042417029575188e-02,2.017459885232820715e-01,3.087425687802226038e-01,-2.800960737791876598e-01,-2.348292975955449668e-01,2.897822012734736427e-02,-3.053021832281334058e-01,-2.124689620909057594e-03,1.068389689896874356e-01,1.064620314964229986e-01,-3.707462712850534969e-01,-1.311544017943230833e-01,1.862814174877182316e-01,8.102372830456155278e-03,3.966542149395509836e-02,-9.283064047803918362e-02
1.329954493808622740e-01,-4.786161880254839740e-02,4.046195814629226228e-02,1.211133275914727248e-01,6.440582468824042062e-01,0.000000000000000000e+00,1.806738932055895058e-02,1.593455599549123969e-01,3.604334416110908657e-01,1.532716083459707002e-01,-1.082291969560017081e-01,9.322809413100292819e-02,-1.834885376568566595e-01,7.977211032787254186e-02,6.405207819326015628e-02,3.531885105357034371e-01,5.654594763451060990e-02,-6.951540664448764562e-02,-1.441437632519693146e-01,1.013335188424550476e-01,5.897702020635980924e-02,-3.323699301623470742e-02,-2.226856832220529547e-01,-4.684067992316729573e-02,-2.982598216330752290e-03,2.928888578985979207e-01,5.012546898347783886e-01,6.897851285023109957e-01,-6.344226904383129528e-02,1.614061031500965970e-01,6.596492120929112191e-02,-5.186099701406677448e-02,4.824190266891727197e-02,1.191344618770589919e-01,-3.855677533267776180e-02,-9.154650932079666514e-02,1.304511204625929122e-01,8.085972963774124000e-02,1.315268023654287965e-01,3.058873923084177160e-01,-3.318427152703519456e-02,1.339217562140186668e-01,7.044100117208378087e-02,-1.829215863126370523e-01,9.663825837667065072e-03,6.979983333961654879e-02,4.415231913240109940e-02,2.229457617053545032e-02,1.228774192840779156e-01,1.375219103095881856e-01,4.827500720152649166e-02,1.026658840742366158e-01,1.738256257261132087e-01,1.176038119385951208e-01,1.530092473781911044e-01,1.626791424386876406e-01,1.068496603350981289e-01,-4.780380557554551012e-03,2.218721726435957664e-01,2.238669699284100423e-01,1.151940500177760507e-01,3.788073056227839880e-02,-5.408759777837812005e-02,1.022981599809641706e-01,-2.346006780372169864e-01,-9.913033042612727497e-02,-7.274063268238749325e-02,1.952766396583593411e-01,2.754809437243234127e-01,2.686580033547216195e-01,6.734531758926409761e-02,1.173071310010922186e-01,-1.570038478863031994e-01,-3.395485482621132811e-02,-3.454710862555809836e-01,-3.294354831517070092e-01,-3.101936523915202470e-01,-3.134076024529257043e-01,1.926861409844678186e-02,-9.809831392818617324e-02,5.562580209366641687e-02,2.296789192569237137e-01,-8.546788408289644756e-02,1.068604140423497495e-01,-9.417270689134414619e-03,2.608511047457721665e-01,7.754319534764142485e-02,2.436246446552906564e-01,1.436266500582632499e-01,2.035986117426456521e-01,1.702771318620619201e-01,-7.741401086416468957e-02,2.006923984883734746e-01,1.121548996023313816e-01,-8.174094264088185846e-02,-2.570174805105266969e-01,-5.662863589082012261e-01,-5.024184673558247383e-01,-9.648567206786603720e-03,-5.297391477515567271e-02,-5.582943870619372362e-02,6.977858449852800127e-02,9.988759975576104455e-02,-2.895355552747026079e-02,-2.319377448265839137e-01,-2.012875302349854956e-01,-4.413581598066960154e-01,-1.795862458420828534e-01,-5.467485974015692807e-02,1.008163937309463493e-01,-3.211852371563574948e-01,-1.220732720349804318e-01,2.077894485918348189e-01,2.061518120020303102e-02,1.064270384468673919e-01,-1.923909932141928125e-01
7.471246124928272725e-02,6.249477829136069335e-02,7.727320602024304597e-01,6.787873422666916845e-01,-1.187642250599482835e-01,1.806738932055895058e-02,0.000000000000000000e+00,8.268771011967871454e-01,-3.181732170276358167e-03,4.297255844290303606e-01,7.429535025663707160e-01,6.966773566279703678e-01,6.771343118126047500e-01,7.125565447469759395e-01,1.774586764872043421e-01,3.935269231761620023e-01,-5.320465714411345970e-02,1.447724478326767594e-01,5.088093467421921368e-01,5.093507356284571186e-01,1.595204598616551950e-01,4.035533937527958637e-01,5.010931588014656546e-01,6.455491435615964280e-01,-2.472074397039165927e-01,-3.502018269878505730e-01,-2.757703975286902587e-01,-3.921000645391140571e-01,2.740165679648708941e-01,3.643185996865651033e-01,3.134969589920625910e-01,4.126495281007188654e-01,-6.805597328453338868e-02,1.750296362558070584e-01,-5.845783778872765124e-02,-2.325092406239644416e-01,2.145889684415792364e-01,3.087671788491472627e-02,1.652630621807882061e-01,-3.476160350294295043e-01,3.423709125803869879e-01,-2.472246337474842404e-01,-3.444998159303237495e-01,-4.234024347383462117e-01,-2.341103413656647758e-01,-4.927452765215812325e-01,-4.540265699160823121e-01,-5.492117421419236978e-01,-6.472380133687404280e-01,-7.199217751958840728e-01,-6.597426103342381998e-01,-7.175508135268332532e-01,-6.861074680369761980e-01,-7.582939389114218276e-01,-6.923919724796102626e-01,-7.008298289254794033e-01,-3.694756582830570069e-01,-2.473850260688902625e-01,-3.586902860310733354e-01,-1.326891503116187088e-01,-4.189492177200929840e-02,3.176471229910718952e-01,1.832363285344720261e-01,-2.317214681647575270e-01,3.131439869216716132e-01,2.815123889723089023e-01,-2.282323348245663130e-01,-2.267067736197836414e-01,-2.743550913521261569e-01,-3.187856700214835026e-01,5.736058292639256706e-01,5.694986765469195467e-01,2.924106980992632887e-01,4.158236248049367312e-01,2.193097791635664207e-01,2.495272889936547833e-01,5.732854970810502548e-01,5.170686658485085241e-01,1.338973950995303586e-01,-1.493704445016489357e-01,-9.218088288076380088e-02,-2.497271035659888727e-01,1.820843105025009290e-01,-6.220658474238133229e-02,-2.074707124956940707e-01,-5.245848277157185713e-01,2.184705190055384605e-01,2.661862669642439116e-01,-5.311076857197634116e-01,-5.756918332408361705e-01,1.618255264920678838e-01,-4.407060266750476019e-02,-1.614418921124002315e-01,-3.352700856820851616e-01,4.166544605065345963e-01,1.236166086021143889e-01,1.974128056563476674e-01,1.944176792095127920e-02,-6.497975611669274398e-01,-5.550724271164594326e-01,-3.789903796153650806e-01,1.195269582908517758e-01,1.208325191477578331e-01,-7.115507431701323382e-02,2.740342651402075669e-01,2.152101184511286402e-01,3.002186699888722554e-01,3.130439211279193445e-01,2.726388916282736496e-01,1.848030906796197803e-01,-1.770995256473729962e-01,-4.205237075761643628e-01,-1.325260966516818850e-01,-6.151782957827237608e-01,-1.247071076350276808e-01,1.533092536774226244e-01
9.795514879108896400e-02,9.167467595442219119e-02,7.442781469854238274e-01,8.379292599891929871e-01,-1.348128282460189786e-01,1.593455599549123969e-01,8.268771011967871454e-01,0.000000000000000000e+00,4.466605246448163841e-02,4.531974764209811268e-01,6.306757854394178242e-01,7.828823080128223255e-01,3.770009046271231568e-01,6.637476827659356537e-01,6.856956444186847188e-02,4.654233594096056081e-01,-9.565443644283355695e-02,7.475850246872291216e-02,4.238523595624489326e-01,6.224209575244272763e-01,4.417437489897420994e-02,3.416597355531984515e-01,4.260561996235730509e-01,6.586433652722081256e-01,-2.188066622831490171e-01,-2.690509104753072145e-01,-2.190521416131199217e-01,-3.035466104415173727e-01,1.610003584861084969e-01,4.258926186509672807e-01,3.691432268561901653e-01,4.553591614563818335e-01,-1.320663190133079534e-01,1.848880825305197484e-01,-1.599192323530061466e-01,-2.449742313520950343e-01,1.741248061224592580e-01,1.730860521135401398e-01,5.963301551416199525e-02,-2.591332607778555897e-01,3.549845018029475496e-01,-8.574100081976411547e-02,-2.502975028513617084e-01,-4.280256162268203934e-01,-1.985112588873811090e-01,-3.748716580271114207e-01,-3.982133034584489639e-01,-4.656618234118634625e-01,-5.125337641858279669e-01,-6.173913997076760918e-01,-6.568185549820545477e-01,-5.931590896553053938e-01,-6.557511188972555694e-01,-6.960631908758726505e-01,-7.615211956405336657e-01,-5.889381785210254794e-01,-3.277625210050012505e-01,-3.087548062411762939e-01,-2.833257390561757516e-01,1.753089100788557050e-02,-1.226200560620196306e-01,3.979957624553677742e-01,1.877531160733590387e-01,-2.212083692833254900e-01,6.772246274781079656e-02,2.309354332571033341e-01,-3.365571805218989243e-01,-1.777348032446290638e-01,-1.879123834658966152e-01,-1.907288789908530846e-01,5.425839727976912163e-01,6.101839213386208716e-01,2.406529846987333354e-01,4.064803696010231837e-01,1.979528505894980264e-02,1.330015280346320827e-01,5.422350947452050374e-01,4.728601792345601962e-01,1.511353271396688736e-01,-1.781679971416005315e-01,-1.536797933593912757e-01,-2.207843062236216070e-01,2.233520316719346532e-02,-2.575587378280777898e-02,-3.873036978872874125e-01,-3.462044054753864453e-01,5.455025381457019595e-02,2.632015335123030209e-01,-6.344565727342040828e-01,-5.168051793009988959e-01,1.559133759409734865e-01,-1.823117684222844495e-02,-2.001302768164331947e-01,-2.002877641157586597e-01,3.664619363081852987e-01,2.732366568498156064e-03,2.729058632443244481e-02,-1.737437223357817320e-02,-7.140705664060303937e-01,-4.713604643903477887e-01,-4.262173353723551217e-01,2.511334639489497533e-01,2.319009568679690145e-02,-1.158867678993118489e-01,1.845612721640732812e-01,2.786619652877310727e-01,1.151051246348143292e-01,2.644483365412662046e-01,3.037626044304512218e-01,2.230299256220421578e-01,-2.135136184363695955e-01,-4.619570441912478342e-01,-9.237795945289860311e-02,-5.716367324443094589e-01,-1.213278217798685471e-01,8.893844121427238458e-02
-1.129720498785553029e-01,-1.940233144262447917e-01,-2.748292132188223311e-02,-6.806598051054831011e-02,4.103438923593967780e-01,3.604334416110908657e-01,-3.181732170276358167e-03,4.466605246448163841e-02,0.000000000000000000e+00,3.268647509900124426e-01,-1.983850150756761022e-01,3.949170008830391737e-02,-1.510155034033583699e-01,-1.312317116357358815e-01,4.824256582516774361e-01,1.779510838486198232e-01,-1.528166409569494955e-01,-2.361612423790948601e-01,-3.729933126448078951e-01,-1.585828333262245260e-01,2.549233876372608565e-01,1.120660835512770487e-01,-3.313471046357346211e-02,5.976196255745068464e-02,2.092847783916494397e-01,3.295968570194414138e-01,3.267438200997938580e-01,2.578711655721139251e-01,-1.552270242348430807e-01,-1.845309618046372946e-02,5.407487126459351034e-02,-1.752307024800566215e-01,-2.041078610781836278e-01,-2.895722855705823995e-01,1.375412817207845827e-02,4.296393598918652607e-02,2.018583888425794504e-01,2.168805045748183613e-01,2.475957645250439765e-01,2.044569527548339427e-01,8.108094270402611825e-02,1.815480253487362916e-01,-1.322433646272501151e-01,-2.686226575784852466e-01,-1.584684188707718294e-02,8.924299969357247586e-04,1.135276377452835439e-01,5.420659694202555751e-02,2.601946738911719570e-01,2.906374990463263530e-01,1.014318230289689982e-01,1.802709146740165691e-01,1.016829785084385901e-01,-7.569951073437489186e-02,2.738745811217862397e-02,1.253458880213646764e-01,-5.713383390716929994e-02,-2.495398911604650993e-01,2.076781536499781866e-01,9.021640263014503447e-02,-2.535606703313959733e-03,-1.617002717964379499e-01,-2.218066600773005159e-01,-1.574701282535902469e-01,-3.050194114160388881e-01,-1.749926072538057764e-01,-1.121068517604044273e-01,4.442984341720311592e-02,3.273373664753113643e-01,1.518136726446263074e-01,1.633637082061005219e-01,1.638318637611764494e-01,5.658875470909766753e-02,1.341891301634118294e-01,-3.057675986148816749e-01,-4.303991886850075388e-01,-2.836402379305479338e-01,-4.207577963607728733e-01,-1.809706133795407346e-01,-2.929364195114370628e-01,-1.818410325921684667e-01,-6.070158747786762871e-02,-2.384453092937472568e-02,-2.072061740225554852e-02,5.486059502067928279e-02,-4.510608670644420531e-02,1.498573747601115169e-01,2.824204782494015853e-01,2.264916376537976783e-01,-2.850066050895665171e-02,-8.803827267562153169e-02,-8.941621302439115015e-02,1.578910727757724675e-01,1.232568970951735537e-01,3.009509423224654076e-02,-4.655539727734113176e-01,-3.525797048351383411e-01,-4.380601304768524940e-01,-9.039604269517718949e-02,-1.943306710794359682e-01,-1.136362008878184920e-01,1.179082981462113537e-02,1.617617337504390351e-01,-1.759648616051229242e-01,-7.344118088820970891e-02,8.713585526352439492e-02,-1.577813376677071056e-01,2.555369144327297032e-02,3.504578605038548983e-02,2.601422199263626542e-02,-3.050669421455558528e-01,-1.472805551315929107e-01,1.846633701615678705e-02,1.008945967347093034e-02,2.389987281023880639e-01,1.003781759013332338e-02
1.004258724002864006e-01,6.537334788980296574e-02,3.333748395468663639e-01,4.591259771305337689e-01,2.332401536289345489e-01,1.532716083459707002e-01,4.297255844290303606e-01,4.531974764209811268e-01,3.268647509900124426e-01,0.000000000000000000e+00,2.595965035299389601e-01,3.340780616291621485e-01,1.732374271469364346e-01,3.562076599862792903e-01,3.352802421938710364e-01,5.745103123620739494e-01,-3.609876800954843201e-01,-1.845347982180305380e-01,3.523336694582949319e-02,2.214348582317222369e-01,3.810686829160315203e-01,4.061704590460326059e-01,2.583977629148141442e-01,4.773171368225653799e-01,9.366249386720074122e-02,1.334582889038604114e-01,2.451531348254473441e-01,3.446355840271014132e-02,2.015404234263397376e-01,2.721031107802351912e-01,3.912952785620341656e-01,1.463443016766272087e-01,-2.017502370984015914e-01,-8.951344706032235421e-02,4.907791473485891010e-02,-6.745099050374316063e-02,1.162593669206999358e-01,1.604110291323624371e-01,3.107872936640678763e-01,1.448039060846718351e-01,1.930794878149799110e-01,1.210236880920451258e-01,-3.163681586228193621e-01,-4.642944150183411223e-01,-4.291223930227918149e-01,-4.083160260816773302e-01,-3.027465402431833152e-01,-3.803784449176252358e-01,-3.524885977002855109e-01,-3.016903225324383819e-01,-4.279068989820290492e-01,-2.675084156728164131e-01,-4.189796912545312724e-01,-3.622520747627168136e-01,-4.038636583964688165e-01,-2.544267099911119434e-01,-1.820214021671624216e-01,-1.906170629171765329e-01,-1.506067246574332164e-01,-1.825430422801790908e-02,4.775686568844002278e-02,2.544675412183798335e-01,-9.242141847191259751e-02,-3.398836438839357155e-01,-7.640031841085070941e-02,6.244910709558760403e-02,-2.694304754113889255e-01,-1.267254043271184571e-01,-4.802335290452869332e-02,-1.655845069635712707e-01,2.852845243281270649e-01,3.507663592961607346e-01,-2.288995879957730906e-02,6.524128745823919162e-02,8.366810497670029712e-02,7.934872731732081630e-02,2.444594815145050559e-01,1.043724505300713534e-01,-1.084135199098950827e-02,-3.574651435710875513e-01,-2.043602797947050576e-01,-2.676064538658022296e-01,-2.007686727696700660e-02,-5.619471343995315754e-02,-3.511871989722578635e-01,-1.405036049094556261e-01,2.825064168074419291e-01,3.296438007915907242e-01,-3.029145210786218234e-01,-9.448611866252447367e-02,4.581405863990758304e-02,6.865421519097893166e-02,2.319237167287653383e-03,2.035349156908523166e-02,3.672678869940608770e-01,-4.983450351164785998e-03,-3.160311444586248741e-02,-1.795113035685308167e-01,-4.297297155933512691e-01,2.685605664503711368e-02,-4.303376552321460657e-01,4.079184936623492796e-01,1.112625979444579888e-01,-2.602889177123270392e-01,1.721396039064182759e-01,3.782719385057680683e-01,6.853261122958952123e-02,3.907219537555409183e-01,3.785120683673833808e-01,2.108091606621055603e-01,-3.058627986872985427e-01,-2.945810038991099611e-01,3.446648564262760894e-02,-3.148750128058645514e-01,-1.038712166629893324e-01,8.117519305958853515e-02
3.260261550620972004e-01,1.791594944958790625e-01,5.474640299404687216e-01,5.102604935609045267e-01,-2.837471204726868534e-01,-1.082291969560017081e-01,7.429535025663707160e-01,6.306757854394178242e-01,-1.983850150756761022e-01,2.595965035299389601e-01,0.000000000000000000e+00,7.604637223157101333e-01,7.384323239783019410e-01,6.762919283365229628e-01,4.702812548887527755e-02,3.491297058907173456e-01,2.550584682114313551e-01,4.666361738359908196e-01,7.153198880789244374e-01,6.261899758126763249e-01,5.511702644044631783e-02,3.574366952539938525e-01,4.416045785967438464e-01,4.209528281451265230e-01,-4.121720345272664732e-01,-5.386298524562610490e-01,-4.405414777028693329e-01,-4.655953008208780775e-01,5.799114039339082760e-01,5.161523226669110231e-01,2.110069048048011653e-01,3.246088592141030960e-01,-4.992809768974706269e-02,1.816510450527397680e-01,-2.309447316730993960e-01,-5.438801942698273661e-01,6.556766505880530505e-02,-4.578659371820424824e-03,1.152229173304853554e-02,-3.478329542162307275e-01,3.186814979747230048e-01,-2.649335676396780692e-01,-4.572772783939572649e-01,-5.070955013479206963e-01,-2.475600034098717761e-01,-6.505032171328546386e-01,-6.217112374700297650e-01,-6.409915532593601917e-01,-6.847219938553771312e-01,-6.620046246759087039e-01,-5.979385233913299125e-01,-6.460947688177648418e-01,-6.504433505176598906e-01,-5.340261886667426738e-01,-5.385886072001809799e-01,-5.868762755357164185e-01,-1.314036062569249874e-01,-7.156073275406256429e-02,-3.236935795341684963e-01,-1.968201788939727692e-01,3.424941952255462080e-02,2.743261969591420102e-01,5.039809952343323740e-01,-1.127708513142626316e-02,1.934914417258840613e-01,7.499212121878189030e-02,-4.716100096402140451e-01,-5.293311078587817908e-01,-3.557212083095571131e-01,-3.734778474753785438e-01,4.233784387367200974e-01,5.065791805167584316e-01,3.454010112054314297e-01,3.588239701257259773e-01,2.591246626505411821e-01,3.863459912403749419e-01,4.977959466279651135e-01,4.281768256138093198e-01,2.489763235137117114e-01,4.524672490429045013e-02,8.916988895070183940e-02,-1.531898270241024151e-01,2.986819638151935186e-01,2.361405674328620474e-02,-3.197728186207974832e-01,-3.983444141557087037e-01,1.738544901437172330e-01,2.461802557813742298e-01,-6.587099261920961180e-01,-4.395116435809034439e-01,7.824563066122115773e-02,9.742715104048992047e-02,-2.370841963237734773e-01,-2.563583107796555405e-01,3.648485246348842637e-01,1.977827716928833302e-01,3.590698302955215859e-01,1.544730062757261324e-01,-4.455471513106248338e-01,-2.385676438851045689e-01,-3.422618416059799440e-01,8.140935295517107151e-02,-6.737314372242531046e-02,5.518509396331359312e-02,3.198017190294983880e-01,1.191126837857256482e-01,2.421506868517864508e-01,3.200826399915229215e-01,1.828817591774787032e-01,1.224926950407981135e-01,-1.838695616367310437e-01,-2.174708528076138014e-01,-3.881687218534451977e-02,-3.985953908936189505e-01,-9.148577949673325493e-02,2.423366991259345848e-01
3.731743996350273540e-01,2.677971159069613694e-01,4.984433136401820175e-01,5.964295831761566857e-01,-2.182935150100490107e-01,9.322809413100292819e-02,6.966773566279703678e-01,7.828823080128223255e-01,3.949170008830391737e-02,3.340780616291621485e-01,7.604637223157101333e-01,0.000000000000000000e+00,5.230655222542146543e-01,7.449527747681928824e-01,5.673699520479727476e-02,4.254815402933916912e-01,1.443934242658871381e-01,2.921993190049036460e-01,5.797437605122394144e-01,6.623109129661715055e-01,1.039231881987866396e-01,2.631499834822580430e-01,2.193542411380018931e-01,3.821421375628000217e-01,-4.501344345871660657e-01,-4.489883572995267969e-01,-2.421923825771097882e-01,-2.673434880887729514e-01,3.637348912035345827e-01,5.423884181026004114e-01,1.921997237616241694e-01,2.038243385893659387e-01,-3.089343180018213619e-01,-9.163578261176227868e-02,-4.481929537343901093e-01,-5.824844947892469094e-01,1.196629156838984048e-01,1.796526936407973896e-01,-1.559425195467112335e-02,-1.962745931574401692e-01,2.990583424156816328e-01,-8.178845712318126571e-02,-3.669432588156950614e-01,-4.190798211320979072e-01,-1.775783281714282680e-01,-5.077284961703124599e-01,-3.689307966970887254e-01,-3.646520137585717580e-01,-5.033354047567213385e-01,-4.764721106742575985e-01,-5.297954118201888551e-01,-4.730441531220824225e-01,-5.534437388929133173e-01,-4.711382710504543048e-01,-5.572176209224836141e-01,-3.557616485278787266e-01,-5.544417504134446784e-02,-4.993275911237202158e-02,-1.402884588691976353e-01,7.285293066289096064e-02,-3.089844777300352480e-02,3.190771084753308284e-01,3.517573726995299466e-01,-6.629872236601698499e-02,-3.747789819160698283e-02,-7.643828916372591431e-02,-5.868813706338597003e-01,-4.827023333033919061e-01,-3.206502577570782136e-02,-3.141015556554079685e-02,3.284095658117463512e-01,4.034981973568668168e-01,2.765584812262604220e-01,3.036292985440352532e-01,-4.704323146055315596e-02,2.409973006221185002e-02,2.639208377447964105e-01,2.152575086106906233e-01,2.240102212309546814e-01,5.887416829814380581e-02,2.434782607367130466e-02,6.098106332457006035e-02,2.128690518905494433e-01,1.152784437210469803e-01,-3.496430929500959905e-01,-1.822796952508944635e-01,1.005661313896175912e-01,3.016607168427772878e-01,-6.194898412887647199e-01,-3.476326139691609529e-01,1.446564102131136197e-02,-1.421490828979716896e-02,-2.515180008025707514e-01,-1.493227508938972103e-01,2.072102362973906042e-01,-4.853603093396591933e-02,-6.836128304612826409e-04,-4.144432319528306569e-02,-5.143085959711388711e-01,-3.612306302007297076e-01,-3.573538397468566385e-01,7.453063074001754773e-02,-9.506453032287168203e-02,-4.684419281393278033e-03,1.299866445018315886e-01,1.031800589111476207e-01,9.665299095595711321e-02,1.000896799148990879e-01,9.612585326520645124e-02,4.693350605154755079e-03,-3.204664133730916742e-01,-4.196119503027227471e-01,-1.237645319928034893e-01,-2.983905005294089641e-01,5.269782797221631704e-02,3.388072408433917548e-02
2.029429550924136405e-01,2.393039022629996071e-01,3.583457352985838229e-01,2.484963670868584329e-01,-1.912710466679233834e-01,-1.834885376568566595e-01,6.771343118126047500e-01,3.770009046271231568e-01,-1.510155034033583699e-01,1.732374271469364346e-01,7.384323239783019410e-01,5.230655222542146543e-01,0.000000000000000000e+00,7.645630186482273993e-01,3.469215212533686699e-01,2.981257933347654654e-01,1.826363256219531717e-01,3.233060993332702582e-01,7.758639871556126666e-01,4.408201203600486395e-01,5.852955570576189731e-02,2.698429448380326168e-01,3.645904936207493008e-01,3.317774440201149422e-01,-4.335288439662693949e-01,-5.368906349566334724e-01,-3.505767509096135437e-01,-3.884340402504325995e-01,3.945476022280418604e-01,2.749988135474276674e-01,-7.997502666872671750e-02,8.851812328689340204e-02,-4.468620981945269771e-02,-1.658517025234896441e-02,-5.594564100967389098e-02,-2.845907579002038834e-01,3.989179963208135116e-02,-1.553107005948438091e-01,2.209951651676472506e-01,-3.141577608658694953e-01,1.677736505767560005e-01,-4.022412115326277626e-01,-5.435795216533273466e-01,-3.065117901865109795e-01,-2.498699746905792829e-01,-6.235942668310172632e-01,-5.033334690442128334e-01,-4.777115412514024717e-01,-6.806609870250669436e-01,-5.948287898413481267e-01,-4.944730636469449325e-01,-6.016193485902061600e-01,-5.310873666099694690e-01,-4.191976760164316529e-01,-3.089156062070061437e-01,-4.852675891941893860e-01,-1.291957494441911374e-02,6.532453706503585367e-02,-5.298192589507088046e-01,-3.744058636948169316e-01,-1.274468163876899263e-01,1.005977373310873030e-01,3.257077329766208673e-01,-1.288736248771314985e-01,3.448083913023759495e-01,1.437868623615037311e-01,-2.678548246227086538e-01,-4.431673558202748331e-01,-1.683647299680278153e-01,-2.692517823858036063e-01,2.625415391394604891e-01,2.424375519567199544e-01,2.166228031934419596e-01,1.986146647447460389e-01,3.544870037265057672e-01,4.249269172822353058e-01,3.386662787834257005e-01,3.174152118942898393e-01,8.140033084828379728e-02,1.007197988411136641e-01,1.723185690626533595e-01,-1.053364070544675762e-01,5.031434223296225028e-01,7.633846661847877579e-02,2.787477323829982978e-02,-4.867373985780444889e-01,3.946521273379479666e-01,2.521911037350615947e-01,-3.600652214502398363e-01,-3.645421077267270160e-01,6.177333031698701085e-03,-5.520437757012679192e-02,-1.856062327500300757e-01,-3.866769874313724653e-01,1.943883508610983468e-01,2.765121001499728504e-01,4.781935223441040606e-01,1.610614802938291623e-01,-2.946991500490752092e-01,-2.318624166751056259e-01,-1.662827189319288079e-01,-1.754796660543302411e-01,2.429512607760877380e-02,1.542902168946470587e-01,3.555144109905305494e-01,9.934414774719430019e-02,2.857972460675101689e-01,2.714432563957021594e-01,-3.824296980710619083e-03,-1.043914257139111484e-01,-1.006398621738946036e-01,-1.834012396223095032e-01,-2.266393880249797377e-01,-2.805971311733804208e-01,-8.539483054314626898e-02,2.573292671661456810e-01
