0.000000000000000000e+00,2.363923930584571620e-01,3.590138282116534518e-01,3.536421627826495939e-01,-3.466860321105468268e-01,-3.324910595408223646e-01,3.456249148515571079e-01,-1.479490388463962705e-02,-4.905993959784237801e-01,-4.584652573612379989e-01,4.161505671527109818e-01,4.329658218885132359e-01,2.581967327342428731e-01,3.833499973095454427e-01,-4.178690009320656928e-01,-2.340823705096520824e-01,9.681834817375070679e-02,1.535552378554042897e-02,4.893883898019911749e-01,2.067524532913455892e-01,-6.866322897761049926e-02,-2.600785862322753661e-01,6.118240326559783865e-02,1.771359998494772825e-01,-3.461137450316811304e-01,-4.249447232710363842e-01,-3.253031593815312039e-01,-1.900596968590746449e-01,1.933845906258491523e-02,-2.046332224811114320e-01,-3.444036903934526439e-01,-3.216324466838231810e-01,1.587679617291036238e-01,-2.417281141002897704e-01,-9.589731270828708021e-02,-1.377152061234125646e-01,-2.529864349789099354e-01,4.679209671704429724e-02,-1.386675868740031292e-01,3.975632823217849221e-02,-1.752380531088507942e-01,-9.851219842253820802e-02,-4.169831595443056899e-02,3.061823896077636546e-03,-1.475467733247831092e-01,-1.156779481799577874e-01,-1.415025318591529857e-01,-2.162705893990802819e-01,-3.723919436473820399e-01,-1.677254984658702319e-01,-1.364810196837326073e-01,-7.534573951172079953e-02,-1.656144919578551034e-01,1.786206179945921124e-01,-3.500855941439214303e-01,-1.440632884092841737e-01,2.898527261361156238e-01,3.586284223525978282e-02,2.498547121693869000e-01,4.188687290351753717e-02,1.559989018274281214e-01,-5.412862179081528308e-02,9.788091069644598574e-02,-2.278314573237213980e-01,4.167413898072353656e-02,4.080938151772448702e-02,2.460930837951947059e-01,2.608688737420670201e-01,2.709446763561530469e-01,1.932973333962644813e-01,-1.886181465517261513e-01,2.008091052089122641e-01,5.154682802202104064e-02,-3.463619350387550644e-02,-1.753990109840709855e-01,4.987243470068954132e-02,1.965044898513411964e-01,1.478126722450411601e-01,-2.722053751378867847e-01,-1.481852395901107552e-02,-3.824385035626786111e-01,3.363981155831642922e-01,-5.079036534113394730e-01,-1.173824684217142922e-01,-6.558865629664074881e-02,4.728395444871577591e-01,-3.988356794594331012e-01,-5.504980867601359795e-02,6.552389294385975275e-03,2.936226976088625595e-01,-6.249935823575682864e-02,1.711431041958404176e-01,-2.515791724787158623e-01,3.545993474898578163e-02,-2.810449832941410708e-01,-3.853234901816399161e-01,-3.197946494466748502e-01,1.033969351580050697e-02,2.183820677253374073e-02,2.357967965618538442e-01,-2.143746668803918620e-01,2.573262493017843822e-01,-1.207605150351608730e-01,2.727412789899149592e-01,1.376951316796728164e-01,1.920881485126188781e-01,-2.738518892590549592e-02,2.470616200303256127e-01,-3.352404227176825624e-01,-3.527297000808036209e-01,2.756534148496922465e-02,-3.766620800765631792e-03,1.440310447292113827e-01,-9.643060478385610812e-02,1.383384053410251745e-02,3.776408600772427904e-01
2.363923930584571620e-01,0.000000000000000000e+00,-5.015983801589567193e-02,1.023396006606378389e-01,-4.069383209019518909e-03,8.832987167748193591e-02,2.691945703727440312e-02,1.525596921729591993e-01,-1.687319730968319179e-02,4.164215455104253172e-02,2.474454506289786027e-01,2.308435429011538587e-01,-6.005404236542756513e-02,3.376124950822015358e-02,1.392246312174968796e-02,7.714487043971509500e-03,2.196986504675275953e-01,2.883802723048590755e-01,1.610194368751645955e-01,4.693384382454276471e-01,6.046974526747161266e-02,-1.680830706545012598e-01,-3.188319844240984635e-02,-4.002224086014186805e-02,-1.369952585870688466e-01,-4.772170375306351853e-02,-1.446556770875736253e-01,-2.554567608723450345e-01,1.515068728133544540e-01,1.134958543435228284e-01,1.354305160813185083e-01,-4.185857920768503576e-02,3.212129917859128381e-01,-2.911689495899225100e-02,-4.318100899962029615e-01,-5.398739567590083999e-01,-1.271273529021463566e-01,-2.813652765652124299e-01,4.591090973458662738e-02,-1.385174313977167171e-01,7.036915726578886476e-02,-4.959348424982876202e-02,-3.660644820459248994e-01,-1.469128626458322817e-01,3.917282785927965298e-03,-6.873697791528013412e-02,-2.629642395690195977e-01,-2.846312876689091609e-01,-1.881973807426512713e-01,-1.605925701438836728e-01,-3.617946974792844994e-01,-2.813264169260505931e-01,-2.467868536973099325e-01,-4.073043231127957409e-01,-1.576450144703413769e-01,-3.993622999814152030e-01,6.093351979274602703e-01,6.535126845593900446e-01,-6.449478764313236467e-02,2.818811088420144495e-01,-2.716918021871204958e-02,-7.295191974998345430e-02,2.159822824881395265e-01,1.729788401344762860e-01,-2.605880976563101914e-01,-1.669375469244843702e-01,-3.994355716238542908e-01,-3.066185660419638026e-01,2.886010202553789261e-01,1.687844450513315275e-01,9.777004642301700965e-02,1.999964081563666285e-01,3.355610804893699450e-01,1.404930166428181304e-01,-9.914203418608716345e-02,-2.220534833969795285e-01,1.564265596824261084e-01,-1.248697209460344730e-02,-5.263558804929146379e-02,-1.486818065193437621e-01,-9.479709062525739152e-03,-7.948566191139035120e-02,-2.055108449734230694e-02,1.261160410349146041e-02,-1.703465886931232187e-01,-1.963975972639917800e-01,-6.070100288816746015e-02,-1.984852590064855593e-01,3.581774943224711599e-02,-2.243781427839886822e-01,-1.333495738716739820e-01,-5.971458828119073636e-02,6.106290431512619715e-02,-2.651399545190080351e-02,-9.761293292167166902e-02,-1.752591643354449724e-01,4.899760016732220003e-02,-2.172150358746805995e-02,1.750967929064186357e-01,-2.883607945984911769e-01,2.100334910936260679e-01,-1.282082885702481856e-01,7.927150442411935727e-02,1.019068523437215851e-01,3.498717659862835005e-01,2.687257812235898657e-01,7.776968038140865021e-03,1.456453432435513007e-01,1.554002397299615590e-01,-5.358696596012656188e-02,7.595759922529057850e-02,1.049500271281179203e-01,3.619675672338169142e-02,-1.627145199567620326e-01,2.688853473964815475e-04,1.375907345305201201e-01
3.590138282116534518e-01,-5.015983801589567193e-02,0.000000000000000000e+00,3.669831658833302424e-01,-2.617979929841396936e-01,-1.198758242242951161e-01,5.397614869844284957e-01,-8.982875907956222594e-02,-2.882962989113134200e-01,-1.431456488948440742e-01,-9.836021254495859456e-02,-1.824182797229382397e-02,-1.076347266143912879e-01,7.749321669720365957e-02,-4.292165914899721824e-02,1.909158038156896497e-01,-1.769576364560649651e-01,-1.506595163152643913e-01,1.935120836229565766e-01,7.946226837147737920e-02,-8.407817781770474119e-02,-1.980581961429441207e-01,4.263034119813382539e-01,2.989840475539913278e-01,-1.447861997577656046e-01,-1.846072486202146590e-01,-2.006723971922185767e-01,-8.742534934808526836e-02,-1.193671827659144868e-01,-2.269981367163941555e-01,1.575800319211290157e-02,8.259713588433541254e-02,2.732583428945760673e-01,1.794570326969948948e-01,4.026341148156525190e-02,-8.821929076008403620e-03,-1.962415295122639236e-01,8.687148298287211343e-03,-9.574092033639365618e-02,-1.825275706390187824e-01,9.384192342040645340e-02,1.232140007706616046e-02,-2.894146508410421759e-01,-4.713240041102084721e-01,-3.179480023947366396e-01,-4.543357684902012972e-01,-2.531160185052226952e-01,-3.882053349004536136e-01,-3.609139999165577595e-01,-1.636347245330317668e-01,-1.255054116727414293e-01,-1.551052832666796888e-01,3.177621985157186302e-02,6.541302760867934163e-02,-2.424408766082537248e-01,-1.701234969475018122e-01,-2.229359693803775744e-02,-2.683441040460100152e-02,1.514300882109672619e-01,-2.402961155910653679e-01,1.168603594297539239e-01,-2.435256243821983246e-01,1.278509094704538829e-01,1.792043447386299504e-01,2.220726241750006491e-01,-7.760382741984728217e-02,1.713888559611575213e-01,-9.204834277291254474e-02,3.894083547395100209e-01,3.115713500786905787e-01,-9.927717969674162979e-02,4.290823830924198751e-02,-8.993401539912326825e-02,-2.085698922150554524e-01,-6.250660310424158150e-02,2.283028025101834120e-03,-9.995114941783593554e-02,-6.985409013146012813e-02,-4.202619814515700103e-01,-3.129342806296511043e-02,-2.137132584277461056e-01,3.656316377727538702e-01,-1.713914570420149719e-01,-1.241614274742821461e-01,1.694612414328796057e-01,1.916378477772190392e-01,-1.171947925896576759e-01,-7.578700888887204834e-02,-4.344323109794759330e-02,9.074646738641796440e-02,-1.387674606826255208e-01,2.093174290439337171e-01,-1.565229918172517665e-01,2.427346304072335592e-01,-2.727705761995906641e-01,-2.247911744221475772e-01,-6.020178636896989649e-02,1.573486870008469207e-01,-3.565439693653068426e-02,1.200820279460326767e-01,-1.695730073371142232e-01,2.106909431616359879e-02,-1.851842563664265195e-01,1.501431890173128003e-01,2.739842916615667368e-02,8.009308882092447401e-03,-1.225667381168399350e-01,2.531872682483008452e-01,-3.471295678033420873e-01,-3.617227797537060918e-01,-1.322678734278872129e-02,1.313113426102225159e-02,-6.917532091244656123e-02,-1.766772115727088532e-01,-1.292986231110393180e-01,3.131438539328573745e-01
3.536421627826495939e-01,1.023396006606378389e-01,3.669831658833302424e-01,0.000000000000000000e+00,-2.078554160491759284e-01,-9.604795254776185565e-02,3.574414549381603745e-01,2.731583504640517357e-01,-2.886947203888348690e-01,-3.558427684019232345e-02,2.252610696838576176e-01,2.081167332311884000e-01,-9.914345747248108631e-03,1.555874008533631725e-01,-2.825231695950617405e-01,-2.081488393135247361e-02,1.739735117877848347e-01,5.341341017025588722e-03,4.164851661814052974e-01,4.310228715169762137e-01,-7.768042090083659978e-02,-8.886636489125415705e-02,2.222397215534309689e-01,1.805220693725613501e-01,-2.066621103747521837e-01,-1.606900052877885121e-01,-3.580412446561305195e-01,-1.098835503868232227e-01,6.085425536922558359e-02,-1.644325436007957886e-01,1.636132731498207982e-01,4.387968895096298894e-02,2.740650290746955986e-01,-2.171929556731936120e-02,-8.644784321917983738e-02,3.663193382514411123e-02,-1.867504081267611915e-01,-9.494807780124925323e-02,-9.845356588068117365e-02,-1.857177463716827293e-01,-6.083703860044802764e-02,-1.165463104080017298e-01,-2.815813193972824258e-01,-2.763915039473580082e-01,-2.806521963083739024e-01,-2.181527019069917916e-01,-3.000113451548336863e-01,-3.259265466136782030e-01,-1.734365673383588546e-01,-1.344902683306660740e-01,-7.109939948902450901e-02,-5.359070646082093187e-02,1.942794921917719714e-02,9.284497176876180258e-02,-3.264416573803461952e-01,-2.071307811209836258e-01,1.730613681587176156e-01,-8.530503172661449418e-03,-1.227224898220338756e-01,-9.188423418290743439e-02,-1.224911448821655036e-01,-1.183860183930285082e-01,3.869882314849679150e-01,3.095311431187399709e-01,-5.182293724487201103e-02,2.409559638392219302e-02,-7.229458110823463492e-03,1.216865940200002744e-01,1.684059628957103594e-01,2.324060701444353727e-01,1.905454562667147633e-01,1.535192323248606994e-01,6.496313425410399356e-02,1.687231291768880315e-01,-1.369727903949399805e-01,7.858606618317583170e-02,5.952791144083992986e-02,1.646117330959986635e-01,-9.961432284673633897e-02,1.494706969922195454e-03,-1.253851586946268526e-01,3.206946848972481168e-01,-2.924025931127032241e-01,-5.217362288214252158e-02,-5.718468177230878399e-03,3.678553841013373904e-01,-1.150803870838680160e-01,1.526589541716632803e-01,1.750083437771428607e-01,-1.336667425692729264e-03,-1.120658268111051487e-01,-1.552082084708058529e-01,-7.081547698011539382e-02,-1.585511864215314315e-01,-1.618912932036060404e-01,-1.660968468763719397e-01,-2.390820395451545011e-01,-7.889686780178367664e-02,1.415607601783084590e-01,-5.559551865303173634e-02,-3.620952650727106426e-02,-1.174171238005254359e-01,-1.477805145427970868e-01,1.050730613487384224e-01,1.347737057916169323e-01,3.395961194389407467e-02,-2.039356673058647165e-02,1.572264946791287754e-01,-2.248660205199329853e-01,-1.757775599782723797e-01,-4.998459843135661523e-02,-1.989579576227841207e-01,2.098876143407184605e-02,-1.167672690122780049e-01,6.345224849546073076e-02,-3.035303139749278081e-02
-3.466860321105468268e-01,-4.069383209019518909e-03,-2.617979929841396936e-01,-2.078554160491759284e-01,0.000000000000000000e+00,8.427380637321388868e-01,-3.394978412969777426e-01,-2.336626781216638027e-01,8.621440135855951148e-01,6.597758677140466155e-01,-3.384292663312099547e-01,-3.138207190929488966e-01,-1.168298815188375389e-01,-1.864270679061954261e-01,6.051864719247274094e-01,4.931903469695881892e-01,-2.030976580054390801e-01,1.895528601593798879e-01,-2.424092235745404778e-01,-1.807909311317125178e-01,3.575869669156305775e-01,6.259175057362943440e-01,-1.287646054045021339e-02,-2.091637746274374599e-01,7.746183838450722003e-01,7.933728707273850489e-01,7.387702278879719753e-01,5.200614607673565981e-01,-2.453428107461063865e-02,1.349895482224768017e-01,2.707321412011302053e-01,5.408412435396959400e-02,-2.112909366771330982e-02,4.518667925648644362e-02,2.924002082793938362e-01,1.759156810595104703e-01,3.729707600484535313e-01,1.841419692839154076e-01,4.223631507589300504e-01,3.774100329491621997e-01,3.175365749366772933e-02,2.688763139608184582e-01,5.739104264929479476e-03,-9.445739202511568844e-02,7.906308867055222844e-02,-1.980284369420913237e-01,2.011970818183058882e-02,-5.121953640976437995e-03,5.911007732364176315e-02,-2.677993355252333285e-01,-5.030947721006052281e-02,-2.696455930238295662e-01,-7.381957989318591214e-03,-3.947659075423534669e-01,2.065276445048823406e-01,1.058799361616804269e-01,2.095350813619222541e-01,2.026514320797049851e-01,7.998172023983493584e-03,-3.239485243511173729e-01,-1.135640204364723460e-01,-3.949580762507472476e-01,-2.026316497818455853e-01,-1.218324079764315365e-01,1.558358493478907980e-01,-1.669864007751842017e-01,-7.904181169072345414e-02,-2.170043436901914757e-01,-2.988443653293708091e-01,-1.017910798537981221e-01,4.178983058205725243e-01,7.422652698006358685e-02,-2.306111470321590140e-01,-8.912404951534293185e-02,4.501490937639719692e-02,-6.826347569300729445e-02,-9.084911635001892416e-02,7.405855470390899919e-02,2.954092951091331076e-01,-8.594476078620127968e-02,5.522366653572569062e-01,-6.663605583562712265e-02,2.394761601524750261e-01,2.900344879166318890e-01,4.293702995810174672e-01,-1.884463495938653310e-01,4.184585160190501529e-01,4.433420682491236997e-01,2.811360510154565229e-01,1.252088021014617636e-02,3.774478462423051794e-02,9.500408096585526152e-02,3.133417089821676216e-01,1.039932539232508862e-01,3.280939827235266337e-01,2.964382753032430706e-01,3.567695927168682557e-01,3.486474935180249729e-02,-2.184983492257247528e-01,-3.444254703571502096e-01,1.044149166624278452e-01,3.047999532927408994e-02,1.116752924230100114e-01,9.803368706864178106e-02,-1.831021489951747405e-01,-2.485700066380945872e-01,6.488219639533553129e-02,-1.076792032505017455e-01,2.429688976388451327e-01,2.481349941472529019e-01,-6.950285712980923403e-02,-2.058482345878024922e-01,-8.011218734783660811e-02,-2.214424682545986789e-01,-2.748771773533922880e-01,-1.325708125955135652e-01
-3.324910595408223646e-01,8.832987167748193591e-02,-1.198758242242951161e-01,-9.604795254776185565e-02,8.427380637321388868e-01,0.000000000000000000e+00,-2.666066162208584056e-01,-1.404337654221039233e-01,7.403930860722905960e-01,8.329458451227043092e-01,-3.419398145596644900e-01,-2.619733700728831272e-01,-8.339587195595137004e-02,-6.638948135140000650e-02,5.276941038152692665e-01,6.228895153264805140e-01,-2.402368313083498297e-01,6.441229798611053381e-02,-3.676109303528780070e-01,-1.881439741779049601e-01,4.336260948660170533e-01,5.459143916720463618e-01,-1.912098302475824796e-01,-3.813819731513212741e-01,6.671799451933906333e-01,7.836838312619799352e-01,6.196275963576222123e-01,4.952582337077491847e-01,-8.509645932817301583e-02,3.549012265458831999e-02,2.769035959392140422e-01,4.567759123430412821e-02,-1.360953057371892261e-01,-4.277163455093001276e-02,1.342559647046822902e-01,6.556071350220006588e-02,3.283840587953871792e-01,1.391630631065604029e-01,3.982064772837782818e-01,3.926170815597194719e-01,7.971950408161347645e-02,2.005405598579549364e-01,-7.468910841733232553e-02,-1.921440233950590659e-01,6.879474378404318302e-02,-2.445691403594592583e-01,-1.312470067714856248e-01,-1.024498289730919054e-01,8.854858043482939645e-02,-2.034317886472140346e-01,9.933634491981960246e-02,-1.004271155055373177e-01,9.985431554325201187e-02,-2.009243663229898225e-01,9.233738619615766696e-02,1.613974755203622102e-01,3.110467077821781889e-01,2.915941002880004795e-01,-1.572422377603439336e-01,-4.724544695531233685e-01,-1.697930500230079298e-01,-3.969411571971245833e-01,-2.498405226034082494e-02,6.327681102586196760e-02,8.464479333015900719e-02,-2.172458730283935435e-01,-2.727953197930783613e-01,-3.886015401983122231e-01,-2.659835421713524495e-01,-1.612487663121634496e-01,4.363907244363238180e-01,1.296529479814217678e-01,-2.967556328346730443e-01,-1.545276307204053456e-01,-2.042547880318745096e-02,-1.376826516405580125e-01,-1.894802906241797591e-01,-6.841139231885687289e-02,9.289198903871440094e-02,-1.184315026271766519e-01,4.783689996921391407e-01,-6.711384987341683164e-03,3.360077866917226541e-01,3.459791884973945630e-01,4.477332639915441170e-01,-1.749117777672234975e-01,4.552974048529511153e-01,5.302218272990115722e-01,2.666064791168200054e-01,-1.742909254477481573e-02,1.650652680054377486e-01,-3.686555568296580581e-03,2.886998893597317317e-01,1.938752406317280075e-01,2.902540265086868687e-01,3.330764437410325685e-01,2.835315717750558351e-01,6.320724630131102639e-02,-1.366212351333891684e-01,-3.335131220397396512e-01,2.168151242107380361e-01,-3.711893731616310033e-02,-1.197273260160937741e-01,-2.832282235138161228e-02,-3.228807404797711667e-01,-4.229635945193624402e-01,8.422111532495149544e-02,-1.793879749158648618e-01,1.521610899281259088e-01,1.710593719123962297e-01,-1.976946384126069822e-01,-2.773611791448900021e-01,-8.853319865902008201e-03,-3.636080252331113649e-01,-3.150326001889180438e-01,-2.376678200742405322e-01
3.456249148515571079e-01,2.691945703727440312e-02,5.397614869844284957e-01,3.574414549381603745e-01,-3.394978412969777426e-01,-2.666066162208584056e-01,0.000000000000000000e+00,2.446263320313674106e-01,-4.207044552630109235e-01,-2.847120875254061656e-01,3.232890224517141475e-01,2.346796221601494536e-01,2.912803441037235541e-01,2.083107388638535673e-01,-1.152865345964288052e-01,9.218400536589843597e-02,-6.497729790768291824e-02,-2.647469312412537579e-01,1.337762969981837191e-01,1.163934047365330487e-01,-1.896371247845114738e-01,-3.262627162322433994e-01,2.280925200486257631e-01,-9.977223741989349470e-02,-5.613231864676972993e-01,-4.654528339134701431e-01,-4.096142447780501961e-01,-1.483259398102080295e-01,4.014836375392973056e-02,-2.347525284579370965e-03,-6.785690770288607676e-02,-2.319393534260890122e-01,4.904613399903345328e-01,2.007923224830420739e-01,-3.108290978426197504e-01,-2.481671456603803394e-01,-4.972517793340532344e-01,-3.083587565034985323e-01,-2.194220693086045282e-01,-1.358615825615174522e-01,-1.075124594418250812e-01,-1.891537796833340224e-01,-2.974695448736023873e-01,-3.724108812617255015e-01,-4.195288291984602957e-01,-3.833623426496812203e-01,-2.757247341282600961e-01,-3.381184640967366262e-01,-4.766591149195437693e-01,-3.347729375910957761e-01,-2.290340430253049175e-01,-2.209792004067488991e-01,-4.422333220588857416e-02,1.211192627429526214e-01,-2.848704142323412736e-01,-2.539116755516723223e-01,-5.322400184757350439e-02,-2.291234898710082513e-01,3.372136574762043537e-01,1.233747036229615630e-02,5.197731942224677049e-01,1.085209977897665518e-01,4.677023085501564315e-01,2.366167237990041694e-01,4.134360063276004693e-02,-2.047329192898550143e-01,4.045043001135790184e-01,1.907653667155317923e-01,2.735981705926497365e-01,2.376992161764980294e-01,-2.126589730722637794e-01,-1.399010756960041013e-01,-1.159345165153992385e-01,-1.553787718970253140e-01,7.816314272640041694e-02,-3.663315404720818291e-02,3.046916976135151736e-02,-2.788906217517951591e-02,-2.168998185915495813e-01,2.266973945928189293e-01,-3.636908365143267652e-01,2.276014689725998352e-01,-1.929221621264648467e-01,-6.148669779841725580e-02,3.511525782953046904e-02,1.816099094258250557e-01,-1.690951322366781584e-01,-1.102189928027694360e-01,-1.690905203992906780e-01,4.995556310819745938e-02,-4.474977672937154038e-02,3.848397532730931658e-01,1.398795490393806885e-02,2.261215609803702009e-01,-2.118029516418606650e-01,-1.601643872671292546e-01,-1.794289854037034448e-01,2.317815830191184423e-01,1.419316753750253790e-01,2.532007043404431168e-01,3.579142727082740283e-02,1.163455181960878215e-01,-1.997060411791108936e-01,1.963586284724698483e-01,-3.284708253194249666e-02,1.224988341743135506e-01,1.624681505645456103e-01,2.185331991135584795e-01,-1.097142933432481565e-01,-3.094179497139771806e-01,1.179668837819339011e-01,2.502316016373856145e-01,1.063775278789453188e-01,-1.078561525441989501e-02,7.294955363943572864e-03,1.137087303006310834e-01
-1.479490388463962705e-02,1.525596921729591993e-01,-8.982875907956222594e-02,2.731583504640517357e-01,-2.336626781216638027e-01,-1.404337654221039233e-01,2.446263320313674106e-01,0.000000000000000000e+00,-1.185477882385072984e-01,-7.735705810317042470e-03,2.966277876660722845e-01,3.869822742255537573e-01,2.767103255905468684e-01,3.703302282037467252e-01,-5.533860211976261018e-02,-2.501069232912876417e-01,-1.674475953248510396e-01,-1.829007802681127948e-01,-7.639193738136708378e-02,-1.274508321256693014e-02,-2.497468735361465797e-01,-2.428669747503951482e-01,-1.784977527308768408e-01,-9.329658349311595322e-02,-3.534180735352907554e-01,-1.765546142901159021e-01,-3.531886338870844355e-01,-1.943807919014857999e-01,-7.514391739860123987e-02,3.386795026225246363e-02,-1.096867925062103427e-01,2.084746674160389834e-01,7.355537954782410959e-02,1.508818190047292729e-01,-2.466931998835846795e-01,-2.006039888437945520e-02,-1.902052611314030139e-01,-3.865426491259337238e-01,-1.151541997408777329e-01,-4.292347656429816860e-01,-1.788423029059365288e-01,-4.111734078487658262e-01,-1.426835255062589847e-01,5.085213411775007207e-03,-1.046910377940693387e-01,2.812930882449339587e-02,-8.432583394581767700e-02,-1.490635700894575588e-01,1.673658617505238005e-02,1.108573335054966087e-02,1.414828106713825751e-01,8.511039668721649687e-02,2.682616587128531793e-01,6.919230610966550787e-02,-1.387614361177684497e-01,-2.683598977755981552e-01,7.672132423449296371e-03,7.011093903318436904e-03,-2.535945112365454168e-01,1.123870211862409291e-01,3.536733275643787477e-01,5.043183494259511068e-01,5.848077151775103733e-02,9.336061117749189231e-02,-1.563241752423429332e-01,1.644538019312192234e-01,-2.457650647205645855e-01,5.879603303343060305e-02,-2.636908382262846406e-01,-4.758972616512090192e-02,1.137799034639840057e-01,-8.376675270595049239e-02,5.411717035684766169e-02,1.137440555422146171e-01,1.462139252881598239e-01,3.796127264145301820e-03,7.033003419352515384e-02,4.376247237947734209e-02,-3.669695093415863835e-02,-1.370610724983994944e-01,-9.173950353950027781e-02,-2.358942720438535756e-01,-7.263270169935102938e-02,-2.925670361614784998e-01,1.684735435877325882e-01,-1.323947744334269816e-01,1.964153758399782013e-01,-1.120963022073358101e-01,1.444294115277847401e-01,-3.923335521877530652e-01,3.139468790039889323e-01,-2.450680133068360855e-01,1.848974160576907499e-01,-1.312714032199128744e-01,-1.437789836022110856e-01,-1.815394660678369132e-01,-1.591614157148834863e-01,-2.272090260649470561e-01,3.045105978633775301e-01,-7.704822494959372159e-02,3.628767098738039931e-01,-2.526004423131591459e-01,-1.235659996971020663e-01,-4.074994302833526150e-01,-7.954290426352544907e-02,-1.853790816900619254e-01,1.908889038947789440e-01,-6.461088765683221935e-02,1.608528425239961757e-01,5.225792420895916147e-03,4.973427366151849521e-02,-4.635381842120244247e-03,1.259218038200326795e-01,-1.315512208126933154e-02,8.055817994732421272e-02,-3.099642446044750810e-01
-4.905993959784237801e-01,-1.687319730968319179e-02,-2.882962989113134200e-01,-2.886947203888348690e-01,8.621440135855951148e-01,7.403930860722905960e-01,-4.207044552630109235e-01,-1.185477882385072984e-01,0.000000000000000000e+00,6.848830858102056274e-01,-3.648022944149382218e-01,-3.044852027594249777e-01,-1.663592899898053701e-01,-2.734255652689617233e-01,6.624940757492303600e-01,3.549624618013442201e-01,-2.774378742319446589e-01,1.035656027605606488e-01,-2.592324763144214783e-01,-1.146091997682752578e-01,3.558194614793473987e-01,5.014705294960596360e-01,-3.622279018722276284e-02,-1.273597032097478488e-01,6.559458879027725287e-01,6.840128963607915447e-01,5.723315545241536295e-01,2.588623385132414745e-01,-1.759611887299536437e-01,1.762454762605457359e-02,3.197520847609651717e-01,2.733954457909804625e-01,-9.807421175877585606e-02,9.834801111714917832e-02,2.101132303363074383e-01,2.325082366739149586e-01,3.605484712411615167e-01,4.304801655671594562e-02,3.592110155595321097e-01,1.763154552070592407e-01,2.903172008462225062e-02,1.236155328010487553e-01,4.460318397834015652e-02,-4.963256988600955183e-02,1.726891559919680463e-01,-5.306980270805122107e-02,9.385599833772015343e-02,2.853729685288490872e-02,1.944798922217797765e-01,-1.223967872133680662e-01,5.320440878894524411e-02,-2.207006536353021409e-01,1.663301641711405487e-01,-4.689065212137731309e-01,3.601113698783857675e-01,2.355615229192606352e-02,1.060912707776968250e-01,1.622397807946180381e-01,-7.512622946638929100e-02,-2.546928130465163087e-01,-1.321992656235847496e-01,-2.716055116727053020e-01,-1.545564719449462887e-01,2.199261658586186899e-02,6.897842802264736450e-02,-1.906526288748186249e-01,-2.416523857864970870e-01,-3.201732462384039302e-01,-2.104214690710011215e-01,-7.562670683690210505e-02,4.657124421100954370e-01,2.896753264752977355e-02,-1.386243322344894446e-01,-3.623019095903707437e-02,5.115999485374365940e-02,-1.944922317152355251e-01,-1.277266785501949276e-01,-1.668329489123223860e-02,1.648649199116374586e-01,-2.994473078471430183e-01,5.064971597879396326e-01,-2.997710760913991357e-01,3.466968859579991347e-01,9.361524086802536226e-02,3.757529964815658485e-01,-4.854406102588667005e-01,4.529149741909967997e-01,2.834886969022747394e-01,2.881728508545217116e-01,-2.955362232055097071e-01,3.498193511594172717e-02,-6.430348032654260859e-02,2.133999231175950917e-01,-1.617130018670249331e-02,2.593244968786944660e-01,1.728621298085800118e-01,3.638508111270850609e-01,-1.198037961526198791e-01,-1.238789571435590514e-01,-4.665445884593302783e-01,1.482618017920668829e-01,-1.844379264087672721e-01,1.444467681689356464e-01,-1.308635424816756987e-01,-5.835616797816863682e-02,-2.616587798820883548e-01,-5.662683807184543811e-02,-1.169505224550419081e-01,2.679737625642194532e-01,1.196058479985574186e-01,-7.694368566385974620e-03,-1.087322248256133994e-01,-1.384167987888533513e-01,-1.088718003238771104e-01,-1.409135879653349854e-01,-7.777920627416966270e-02
-4.584652573612379989e-01,4.164215455104253172e-02,-1.431456488948440742e-01,-3.558427684019232345e-02,6.597758677140466155e-01,8.329458451227043092e-01,-2.847120875254061656e-01,-7.735705810317042470e-03,6.848830858102056274e-01,0.000000000000000000e+00,-3.228322063884925819e-01,-2.720025465114608298e-01,-9.070496893812397821e-02,-1.501347040345817341e-01,4.687365743928794681e-01,5.686743926527614290e-01,-2.664693977954160631e-01,9.163008686322274277e-02,-3.914787702909576228e-01,-1.454009229382990931e-01,4.409132964740079541e-01,4.350773287289778635e-01,-1.182264608723513771e-01,-3.494093562800236752e-01,5.547753396912601387e-01,6.563376824514723928e-01,4.658136754103713861e-01,2.565178728382553897e-01,-2.965186056506587953e-01,-9.147675646912180325e-02,3.295836248043185757e-01,1.542900264387324638e-01,-1.257993742051322361e-01,6.754057816502315181e-02,1.160871026521507754e-01,1.605606627594882430e-01,2.818085703640647033e-01,6.538923686507266964e-02,3.412318059828697847e-01,2.010195889797508628e-01,1.589088040730013071e-02,5.677372426334965916e-02,-1.116347884151273756e-01,-1.494506747727409601e-01,1.837312920126964177e-01,-1.343282099999673074e-01,-1.379494797756433688e-01,-1.396460319969504704e-01,2.555381416967860142e-01,-4.932450430717547074e-02,1.858116312347861676e-01,-3.187073236378672875e-02,2.342118357740616552e-01,-2.005315123074613848e-01,1.120420367721274429e-01,1.116725696645956001e-01,2.159012817478559443e-01,2.642107214944381388e-01,-2.584119907364282875e-01,-4.654339887328208247e-01,-1.489181248512214950e-01,-2.739492648460140067e-01,3.402683705175447298e-02,2.105014058905570751e-01,4.426190560410250135e-02,-1.951078063238403382e-01,-4.710225950787398363e-01,-5.392511505852044529e-01,-2.967685681862405889e-01,-2.182111018828860050e-01,5.334803322229715317e-01,4.893218760374930948e-02,-2.419597527317811358e-01,6.641544382836386817e-04,-1.046200139875328311e-01,-9.714988014357182899e-02,-1.513211635646718178e-01,-4.971938262895610888e-02,2.962828616813394447e-02,-1.551767211181639683e-01,4.795880183874394742e-01,-9.920828925880481597e-02,3.620595746631498080e-01,1.787316115018042495e-01,3.638932704873126256e-01,-3.496187650378714262e-01,4.777789137029261890e-01,3.700684157137672514e-01,2.534781045769333718e-01,-2.799526642209816396e-01,4.685588685082942018e-02,-3.143521909050171481e-01,1.662430874693774097e-01,4.584986185017541488e-02,1.420556828987224463e-01,1.330077098727935614e-01,1.857671794902642226e-01,-1.336553496821927811e-01,-1.466192624101280428e-01,-4.380810038262683004e-01,1.665576739736047973e-01,-3.450484465983112981e-01,-9.676743250140133756e-02,-2.626571160011728634e-01,-1.804094128264352448e-01,-3.820914352557357452e-01,-3.499788008151577534e-02,-9.746212802770522210e-02,8.831839867981566838e-02,5.266204605162302932e-02,-3.034819208215154274e-01,-2.933091973398497809e-01,-1.135484585071322300e-01,-2.804497488399826377e-01,-7.086082448979667825e-02,-2.054417447230109106e-01
4.161505671527109818e-01,2.474454506289786027e-01,-9.836021254495859456e-02,2.252610696838576176e-01,-3.384292663312099547e-01,-3.419398145596644900e-01,3.232890224517141475e-01,2.966277876660722845e-01,-3.648022944149382218e-01,-3.228322063884925819e-01,0.000000000000000000e+00,5.110993815128760387e-01,6.142010297433329047e-01,3.812597790903126116e-01,-2.954885075003957362e-01,-3.551002909657068884e-01,2.810451228579667893e-01,2.558424970329409853e-01,2.245686839168904159e-01,1.295422517127637618e-01,-1.398807835281350165e-01,-3.542567534677137364e-01,4.836322792586777997e-02,-8.578433997412567361e-03,-4.949426654421326677e-01,-4.588955705506760907e-01,-4.730308752828552010e-01,-3.383187682860140932e-01,9.880827217450206812e-02,4.395783997707257418e-02,-5.142586962043253079e-02,-8.339856386252372800e-02,2.705524064655704386e-01,3.593254717804655191e-02,-3.110702276618421136e-01,-2.727278535773716706e-01,-2.140075700191884644e-01,-2.557312968558975164e-01,1.311421289332818062e-02,-2.032383989370317168e-01,-4.033522326912269973e-01,-3.277038786612353483e-01,-1.786133683640432901e-01,2.134344185630395463e-01,-2.462494214055023778e-01,1.665411736110894159e-01,-2.301753797315003736e-02,-1.223304882277297112e-01,-3.344186677990328149e-02,2.369143732527154503e-02,5.956710123154997788e-02,1.585658271408413311e-02,-1.030695366898364829e-01,1.133931900040753005e-01,-2.697652778298894050e-01,-1.982259740919928570e-01,1.753658583458025111e-01,-6.687840167980689532e-02,-5.654094598710656533e-02,5.180233038039876864e-02,2.847605103501320567e-01,9.559168105651612291e-02,3.262577983240315116e-01,-7.004527343454158839e-02,-1.834101167746729488e-01,-4.376102353651475929e-02,-7.969186861006848088e-02,7.822654069614336236e-02,-3.476488914497347787e-02,-6.250581815757480508e-02,-1.262781451140356226e-01,7.879256796567959964e-02,3.085641214349792993e-01,2.062511421467573547e-01,-5.388955104011211930e-03,6.657589930055687888e-02,3.608470308034648633e-01,2.221450942298623388e-01,8.434168043338209630e-02,1.207674973678655728e-01,-3.728937322736742277e-01,1.397472857559921592e-03,-4.403656011777712376e-01,-3.056066140249402707e-01,-1.625475128958343285e-01,6.300735881439888109e-02,-2.484931530668431088e-01,-2.928074055144538335e-01,-2.656690465193668749e-02,-9.344134673013038128e-02,3.330678498656195613e-02,-9.425359953411071787e-03,-1.353588128627690179e-01,-1.369897965635953618e-01,-4.380540320460562520e-01,-4.726372226900331652e-01,-2.921648600958355324e-01,-2.044992057080746994e-01,2.473537831059323122e-01,2.342476443426651511e-01,1.004769240226659199e-01,4.738468453093676314e-02,-1.313420050817136475e-01,-5.051337008944791623e-02,1.774534912206198467e-01,2.251488855636649411e-01,-1.825241261650492608e-01,8.988569495877796189e-02,7.447671793085565428e-02,-2.666304655065265816e-01,6.908953817401640440e-02,6.651977665711542032e-02,1.007001664590563977e-01,2.239359130316115609e-01,2.351651197855730846e-01,1.513325207949793305e-01
4.329658218885132359e-01,2.308435429011538587e-01,-1.824182797229382397e-02,2.081167332311884000e-01,-3.138207190929488966e-01,-2.619733700728831272e-01,2.346796221601494536e-01,3.869822742255537573e-01,-3.044852027594249777e-01,-2.720025465114608298e-01,5.110993815128760387e-01,0.000000000000000000e+00,3.299356107608798494e-01,7.632472059409419751e-01,-2.813432408489465741e-01,-1.103595590036802049e-01,9.848229651827199171e-02,4.938931032759017424e-04,9.885747470376450574e-02,9.615925252043239224e-02,-1.311480142383572856e-01,-3.075603769278063560e-01,-1.215411141536189427e-01,2.233503832949451096e-01,-3.743821317241688429e-01,-2.974920680075086588e-01,-4.099401579169482668e-01,-2.615335516590958642e-01,6.977896488791673901e-02,-5.745161610416753273e-02,-6.005100809947846313e-02,1.796172881290725998e-01,7.744652648594779754e-02,3.407613180966320016e-02,-2.188132889762432198e-01,-8.375167582342495087e-02,-1.885541342848766344e-01,-1.436573345979673955e-01,1.302541841968545000e-01,1.426983338920924209e-02,-3.143506104021533409e-01,-1.294568133556262546e-01,-2.117483320305618144e-01,1.942609740277763952e-01,-2.208798143151895765e-01,1.322916698033808625e-01,-2.364770367190192069e-01,-2.020646072266246707e-01,-2.905076168650466140e-01,-8.695389685651438993e-02,2.239679518469644970e-02,-6.869052567079862726e-03,-2.332693073383146354e-01,9.174957596411438543e-02,-4.202876982178080367e-01,-1.470024969958006952e-02,2.255766697182118585e-01,-1.620731847203977713e-02,1.371513539032370374e-02,4.300752836956609620e-02,2.388111241235206239e-01,4.404289643260047016e-01,2.483869144082556310e-02,-1.115294977012370459e-01,-3.172993774313362381e-02,2.162256625983316471e-01,-2.939132711266107673e-02,3.500215094661421333e-01,-9.190888212954224923e-03,-1.250074930154956576e-01,-6.816646278760046807e-02,2.524994634067674881e-01,-1.562774758774273728e-02,-1.060503009191332835e-01,-2.443948327670924375e-02,-1.572580808715587919e-01,7.812831096555070132e-02,9.475419959207795340e-02,-8.726065984348398141e-02,5.685667152371279981e-02,-4.202211725175619694e-01,6.082766011613671697e-02,-3.679996322207255699e-01,-2.845367815161538583e-01,-2.116398321681908778e-01,2.771059641142903929e-01,-3.393069154833693868e-01,-8.160918892713139861e-02,-4.246945442953149047e-02,-4.099493222597284416e-03,7.311621273761459427e-02,5.084921042547173309e-02,-1.222372528233233412e-02,-8.493547075683850756e-02,-2.587577128149239902e-01,-2.860998513497518547e-01,-2.724378610069773665e-01,-6.556004192405982811e-02,1.717421428024013541e-01,2.868079388052832135e-01,2.158149493588334134e-01,7.126918033189867663e-02,-2.079218593449486396e-01,1.563898412178954256e-01,2.593084364235938022e-01,1.302609311096100397e-01,-7.860524758906661802e-02,1.416053014507203667e-01,8.851445498203597273e-02,-1.910777875294248640e-01,-1.654191860046216878e-01,-1.850064813307555067e-01,1.531950639436885364e-01,2.949949386474554503e-03,2.632458616446871069e-01,1.042121601060548713e-01
2.581967327342428731e-01,-6.005404236542756513e-02,-1.076347266143912879e-01,-9.914345747248108631e-03,-1.168298815188375389e-01,-8.339587195595137004e-02,2.912803441037235541e-01,2.767103255905468684e-01,-1.663592899898053701e-01,-9.070496893812397821e-02,6.142010297433329047e-01,3.299356107608798494e-01,0.000000000000000000e+00,4.796904031318853234e-01,2.381529351352060578e-02,-3.190056181212964914e-02,-1.011804244750585946e-01,2.776779801133268805e-02,6.636052490345274724e-02,-1.948388106789477880e-01,1.357172941726476206e-02,4.509290086514070733e-02,-7.750769756220107602e-03,-5.562309104039350749e-02,-2.849535033571450882e-01,-3.234304502937314640e-01,-1.039821047168396212e-01,1.751436507002328627e-02,-7.249674638593638087e-02,4.577589716608614773e-02,-4.126205518945262885e-01,-2.256365279569917115e-01,3.884116333278567201e-02,-2.385285774511132148e-02,-4.744141261860137203e-03,-1.615306026661723904e-02,7.758896615350920067e-02,1.032572427073945830e-02,2.016283551946648211e-01,2.309839696707870552e-02,-1.417689947677295281e-01,-1.289604049737784475e-01,-2.239291806508225680e-01,-6.671392195416064354e-03,-3.426449354371003952e-01,-9.111540560711572923e-02,-1.858517238617943546e-01,-2.121556335054321785e-01,-1.521116727841022587e-01,-2.076056134652462248e-01,2.936208577915028553e-02,-9.568846856451306004e-02,-8.265757016085173436e-02,1.344276429698801345e-01,-2.689174517674906006e-01,-1.193891998958748757e-01,1.952163530564958796e-02,-1.252082304128661616e-01,-8.573282911573875190e-03,-2.305280514216382082e-01,5.112349891098342258e-01,1.884493558974132121e-01,1.163481495834988722e-01,-3.090107231593963166e-01,2.984517809128622301e-01,1.211462560071171063e-01,4.317165273425319083e-02,-3.859904185017182612e-04,-2.132804984215745936e-01,-6.075108579854054947e-02,-1.780664113894694367e-01,7.803698117317094118e-02,-5.970571659417854560e-02,1.524135277562479740e-01,2.596364617251487039e-01,1.719865726754536417e-01,3.542665278408045348e-01,2.523139575151047698e-01,5.649294243017574657e-02,7.315387832405591262e-02,-7.917198441704036138e-02,2.360725063040784721e-02,-1.183054328104715530e-01,-1.616034021185216440e-01,2.465308744762574611e-01,8.743803956877728434e-02,-3.053339616798044030e-03,-2.871008674485603374e-02,-4.373040868314943298e-03,-1.251455591169468584e-01,1.723159871337965332e-01,6.335525032225287900e-02,3.071311122231654145e-02,9.224253736951140703e-02,-2.113640932184942811e-01,-1.567801753891319427e-01,-1.707145507647978566e-01,-1.827084941176885524e-01,-6.300743046488027632e-02,1.506796247788201037e-01,6.298671101063842148e-02,1.399687069526557859e-01,-4.386659837833981057e-02,-1.719083788514205735e-01,-1.805403004352095775e-01,-2.574860432990809245e-01,-1.951982418449810935e-02,-1.045167986166231910e-01,6.592098126825393645e-02,-1.943652551072922730e-01,3.629221703925245100e-03,-1.005658609131831194e-01,-1.886360838334187884e-01,4.580955634144334709e-02,3.317409029577728097e-02,3.494626705487534346e-02
