0.000000000000000000e+00,8.906856158519924627e-01,-1.168172759825559792e-01,1.868166625130087410e-01,-4.043249422198942344e-01,-3.105102134785039381e-01,-2.025490914533381315e-01,3.357417625266055639e-02,-3.800816249553878312e-01,-2.754298901845374514e-01,2.206105624696854395e-01,3.871849528299503573e-01,-1.399578441774557980e-01,1.416848811410225395e-01,-4.004551262004097389e-01,-2.246967095562407146e-01,4.191186611984918930e-01,1.759844162434449633e-01,3.213493289123176000e-01,4.684610821823608218e-01,-3.101759809236078191e-01,-2.532811034351361568e-01,-4.212665367872613364e-01,-2.872826089119199233e-01,-3.783835378471882005e-01,-2.506684540799763439e-01,-2.032632249869020802e-01,-2.946344303179793123e-01,6.622872666154420995e-02,1.591255372235978599e-02,-3.424843762311401973e-01,-2.841451113978652465e-01,-6.927267882190325798e-02,1.044717587050956152e-03,-2.753007724987786564e-01,-2.034716827470143541e-01,-1.208775203748330418e-01,-1.440425206138831460e-01,-8.204822969534787680e-02,1.003134441035523766e-01,2.554696964380701041e-01,1.415959818727187125e-01,-3.573307147848340248e-01,-1.534243995615233447e-01,1.561745969097094733e-01,3.829198248192453025e-01,-2.121471226242482577e-01,-1.062060690168794980e-01,1.491697571212753093e-01,2.792463332389790165e-01,2.605512152136939541e-01,3.075771632796687749e-01,3.201444457607333094e-01,3.301763084046519525e-01,8.915370522445266455e-02,1.745265835469641258e-01,7.400420906962671408e-01,6.979950921077112680e-01,4.250400933635969380e-01,4.482526321891829313e-01,4.068210654996139430e-01,1.822504728553306641e-01,4.474821822510111624e-01,4.571840799514026443e-01,-3.180768217214198779e-01,3.082450092682100309e-02,1.746236827692583538e-02,2.348504777431509594e-01,6.891624375028010396e-01,6.516693018414427829e-01,-9.917659119975359705e-02,-3.201359707258144560e-01,2.124484193110322619e-02,-1.886162072073597207e-01,-1.392953203947663587e-01,2.182432285296797073e-02,1.123841656137819361e-01,-3.954110957374563917e-02,-9.415391472674106144e-02,-4.562792543210522980e-03,8.809475263341216833e-02,1.972997959871574669e-01,-1.297554438632985974e-01,2.937210451088760887e-01,-7.635042028491019483e-02,4.287003204872583684e-01,-2.740490302300617118e-02,1.785579138240002972e-01,-2.611786808572618690e-01,4.120547687073431581e-02,-5.753448524218153226e-01,-5.155506281196773344e-01,-5.636873767407013514e-01,-6.562885396242417180e-01,-9.274535564712216296e-02,-3.333824699505938960e-01,-2.344655873663656631e-01,-1.166099674172012129e-01,-2.364654920717289832e-01,-4.245671935199282765e-01,-2.016027808323642978e-01,-3.413685833718174689e-01,1.236824477056122119e-02,-1.300683036616285537e-01,-4.170565856799281490e-01,-6.169066340792487280e-01,-3.398650158125064991e-01,-1.911771401138777637e-01,-7.750312502862256869e-02,-3.330138465841908646e-02,-8.137440537909031157e-02,-2.972080897964824997e-01,-3.446058399019843455e-01,-9.565980684431324432e-02,-5.428455065409943936e-01,-4.509158038218681885e-01
8.906856158519924627e-01,0.000000000000000000e+00,-1.946520988688753562e-01,1.457011840141807235e-01,-4.400402524987629405e-01,-3.706366495953818396e-01,-3.491559854076539682e-01,-5.905444096214586269e-02,-4.746527858161455615e-01,-3.156402741060116979e-01,-1.174460350724433957e-02,2.738432980348787238e-01,-3.266553431347289371e-01,3.830252221954198039e-02,-4.883234458148863477e-01,-3.048157521231298905e-01,4.538580503876263883e-01,2.809210579454246015e-01,2.057508153822915353e-01,4.010554763833986680e-01,-3.946836570575104064e-01,-2.602763397042121007e-01,-4.930124219949127418e-01,-3.510317672178563386e-01,-4.350869991611155396e-01,-2.827852653485142809e-01,-2.826440463559303229e-01,-3.382106272968700700e-01,-6.751905804977097018e-03,-6.644453206683594015e-02,-4.242151050142086710e-01,-3.499474223877543921e-01,-1.219098290410284835e-01,-1.424936779785243579e-02,-2.262012866017220902e-01,-2.355102253936967871e-01,-9.378414550641855918e-02,-8.359430397322227535e-02,-2.005596827774017848e-02,5.097942654107839172e-02,2.495190392275625502e-01,5.886419163595448673e-02,-3.826450801577573890e-01,-1.810769164401128672e-01,2.550166180217268708e-01,4.766645911487645271e-01,-2.282172643925455269e-01,-8.624635508787507898e-02,1.521655245720623661e-01,3.429910065213436776e-01,2.523383682523638316e-01,3.100202255289714048e-01,3.154124146842056109e-01,3.683709714413607728e-01,1.579209498322047822e-01,2.438059583641693229e-01,8.299344541132360753e-01,8.431307961646417048e-01,4.108226903196960378e-01,5.277575527658897592e-01,3.356912887914974553e-01,1.511755330798111863e-01,4.284501046302251481e-01,4.791575915740977631e-01,-3.401849671269224218e-01,-4.971079865273917396e-03,7.687868613331443057e-02,2.664867163475020395e-01,7.519699253200113898e-01,7.806568810199298047e-01,-2.085955752771918581e-01,-3.905604415548196706e-01,-8.998109156033775105e-03,-2.505823475272139222e-01,-8.211899794553631504e-02,-8.334784827308322486e-02,3.029604874360031230e-02,-1.575612696193263718e-01,-2.005018352226451209e-02,-5.181468239212783100e-03,8.127598087492490797e-02,2.633964000987919496e-01,-9.534236003113737146e-02,3.809526919983581283e-01,-1.712220944022659619e-01,4.526896753454905942e-01,6.551076657960344662e-02,2.228586757230138771e-01,-2.107811293250517748e-01,1.077442192399691717e-01,-6.274946268682356498e-01,-5.418142406440161762e-01,-6.028734778952812290e-01,-7.026562285146193965e-01,-7.866770302364975431e-02,-2.833838960204970170e-01,-2.006347678262298539e-01,-1.329613259984941676e-01,-2.855060160230556421e-01,-4.301948547008637158e-01,-2.307221928503295771e-01,-3.734729740034691825e-01,3.110281785518099681e-02,-9.330415731852298444e-02,-4.530534559942850370e-01,-6.436943555761426294e-01,-3.092303151687825213e-01,-1.596581557044402244e-01,-6.509992962079794165e-02,-3.667385850938527543e-03,-7.829862719955745995e-03,-3.286843110348937613e-01,-4.638828465545082325e-01,-7.029174283368927467e-02,-6.442465240319377173e-01,-3.444223727359658205e-01
-1.168172759825559792e-01,-1.946520988688753562e-01,0.000000000000000000e+00,6.201222768441745359e-01,5.011520326121567948e-01,3.590031124166169763e-01,6.555307757911253974e-01,4.664397644189495762e-01,4.550306878673802125e-01,4.105916161668364817e-01,2.632750257534725580e-01,2.985971709027420706e-01,5.818494645098570839e-01,5.925759228279501301e-01,4.220918464905137335e-01,4.340362186460279270e-01,-2.296807390081058164e-01,-9.225416055166163476e-02,2.876345379168006589e-01,3.675822849696587236e-01,4.805283834598921278e-01,2.891863678639827739e-01,7.646962433994402009e-01,8.571033942588354160e-01,6.269935156566958101e-01,5.704384651645850735e-01,2.480019471076136961e-01,2.157231096633382139e-01,2.589307043833690702e-01,1.756470580210208743e-01,5.254357521637879058e-01,6.297517220337738308e-01,1.499027496079295974e-01,2.601652411795348230e-01,3.508905357620026311e-01,3.870855256155745772e-01,1.716831903375821977e-01,2.253446423237007168e-01,2.865886958105472448e-01,-1.030424148718501465e-01,1.785302667550076883e-01,1.101819461722418902e-01,-3.199586503892313805e-01,-4.173556416618359188e-01,-2.258510475601941681e-01,-4.360087952830595803e-01,-5.071066612471706314e-01,-5.958141619426684521e-01,-5.602136299453850388e-01,-5.412144609107442106e-01,-5.024324443965153542e-01,-5.723355419168977276e-01,-5.724288398108607900e-01,-5.013339198991972889e-01,-4.566199043477248143e-01,-4.714803044398304666e-01,-3.679710257172791321e-01,-3.531424643762117732e-01,-4.082011809352788512e-01,-4.561948051813339289e-01,-2.948294857515222911e-01,-2.258725458762536695e-03,-3.037193477479889214e-01,-3.451741846021291749e-01,6.715973325449018372e-01,4.416349749310765627e-01,2.500047173720298388e-01,-7.611907802611989071e-02,-3.245944171696180450e-03,-2.544548587460999101e-01,5.853890485605867111e-01,7.038466211837015596e-01,3.320508220477135786e-01,3.241393055304792048e-01,9.750380819337703397e-02,7.041170717050089685e-03,2.595827801590649964e-01,1.256747235053815026e-01,-8.640967590543753574e-02,2.627225748869524424e-01,-3.693283734516766142e-02,7.866401251674814965e-02,1.190556350447700140e-01,-1.731064310941801132e-01,1.083658612857128917e-01,-6.992786549576066046e-02,3.472749133954338707e-01,1.446022958366007527e-01,3.847116256803541356e-02,-3.165504687942091167e-01,-7.804877120229936072e-02,-3.796132297080628132e-02,2.387881187914548189e-02,1.572339816735792151e-01,-5.273145921732648456e-02,-8.637031286759438986e-02,-2.341441293718200811e-01,-2.492978921793367886e-01,-3.435982675523107099e-01,-3.076597019895131457e-01,-3.286603704675746251e-01,-1.112427493430241665e-01,-1.345509795352971827e-01,-3.184073341780643829e-01,-4.414531413708636109e-03,-3.728596464919171904e-02,4.795454631921855504e-02,-1.051677257332737925e-01,2.172054554489278588e-01,1.140085994874192182e-01,-3.864331895406258877e-01,-4.000293575444520133e-01,-1.092205893250766946e-01,-1.604084946251352062e-01,1.166622133561207864e-01,-4.044666900299519197e-02
1.868166625130087410e-01,1.457011840141807235e-01,6.201222768441745359e-01,0.000000000000000000e+00,1.425856755714991209e-01,3.256639279296382750e-01,6.180339840244211125e-01,7.425311658138046278e-01,2.991835224593620279e-01,2.929351343186649692e-01,2.336075848175045433e-01,5.055923539591024030e-01,3.301719274420329975e-01,3.442831126560954025e-01,-2.546889196674049713e-02,9.604599939178393164e-02,-3.559187318632934804e-01,-3.095754942175582003e-01,1.239749084801509832e-01,3.549839310331265874e-01,1.654338392898596632e-01,8.527519084941639904e-02,3.208625033626847367e-01,6.199475399792575558e-01,3.258140146310859464e-01,3.770120290769088389e-01,2.168385388137190617e-01,2.567356489851720380e-01,-2.048739408195272005e-01,-1.557223957910584267e-01,1.874672963912354939e-01,3.025713319952006986e-01,-5.348034845797484255e-02,1.514260950414013929e-01,4.092180826416771250e-02,9.654843250871780747e-02,-5.600776974399267888e-02,8.948853687283863170e-03,-5.163581634779070006e-02,-1.441888505671276299e-01,8.028528361697819318e-03,-1.089060202175235054e-01,-4.849884550618647761e-01,-4.964471519995653503e-01,-2.397817069965722248e-01,-2.855090279782629414e-01,-5.157030283364903989e-01,-4.871772654857800533e-01,-4.919046996157586116e-01,-3.852302830938280076e-01,-3.165868723699576948e-01,-3.525237562119014068e-01,-3.614473774744524914e-01,-3.060145131852230471e-01,-4.328324903777931998e-01,-4.543157240298806299e-01,-1.408521579036070559e-01,-7.599146692960338789e-02,2.806297168492667693e-02,1.443188712763237569e-01,1.234925973879772432e-01,5.256321944986304118e-01,-3.160998264419705439e-01,-1.191954694293380634e-01,3.449071283663408538e-01,5.290115478782704272e-01,1.868617002147029416e-01,1.361446349967912195e-01,2.084666060657727749e-01,8.459734494190652987e-02,4.919685024319125355e-01,4.138405916707119103e-01,1.856933362866017012e-01,1.427660889555023016e-01,-1.577732221093479104e-01,6.559670685773917598e-02,1.616068622300007585e-01,6.140481305656030585e-03,-2.450267160746425754e-01,-1.874614250345399968e-01,-3.830003987161970103e-01,-2.475164682456049148e-01,-2.162137352687482361e-01,-2.228457454227123213e-01,-2.423048537260805435e-01,-1.703041816984877943e-01,1.318616099515105278e-01,-3.569495163526571063e-02,-9.672696084407647610e-02,-1.178035962716948021e-01,1.416342696625299234e-02,-1.032526990811086370e-01,1.420679490469322903e-01,3.036829056956408257e-02,-2.405180054849553051e-01,-1.370076897029880447e-01,-3.834311593280107511e-01,-4.299556277940169702e-01,-3.135062430748753459e-01,-3.876872849227318563e-01,-1.302283869421869411e-01,5.333756320260920475e-02,1.442841716709328814e-01,-2.038210602802030882e-02,-1.070315003296725964e-01,-2.647737642453229512e-01,1.237259762764154614e-01,9.018491177076230769e-02,-2.066706082262643280e-04,-4.549188387726763906e-03,-1.974901168763570636e-01,-5.023027733682655649e-01,-2.381391231662671470e-01,-7.193731969765898571e-02,-1.680262712255227442e-01,-1.559054595039723046e-01
-4.043249422198942344e-01,-4.400402524987629405e-01,5.011520326121567948e-01,1.425856755714991209e-01,0.000000000000000000e+00,7.653135374715859252e-01,3.110869460601586312e-01,1.448778893793157552e-01,6.853202036825337684e-01,7.867036163692152639e-01,9.347186924530209717e-02,-6.523925041101479028e-02,4.740369980619950074e-01,4.221160076901779301e-01,7.129790249363339161e-01,7.518826864736591897e-01,-8.164639777547862132e-02,1.949872762569805976e-02,-6.644261860243379225e-02,-5.504647802836472315e-02,7.114619793307696005e-01,6.400163070585558334e-01,6.296540117182193308e-01,5.931195731376486258e-01,7.695909129202135324e-01,8.388539817307487656e-01,7.189318128529483820e-01,6.468833369633846253e-01,3.508412358758805638e-01,3.891153859572787366e-01,8.337215183805326557e-01,7.610429175338310204e-01,5.145198003366918682e-01,4.982103092924526355e-01,5.321548183679929434e-01,5.966209790340027963e-01,-4.717520524038503610e-02,1.705021002553519238e-01,2.728082862141004150e-01,-4.039644502396092518e-01,-1.541421021871588748e-01,-2.270616626805745664e-01,1.673552991781382393e-01,-8.569612593039149795e-02,-1.062726180751163013e-01,-4.417753496121035739e-01,-2.448883611126204396e-01,-4.028243178294089732e-01,-3.801932685064696171e-01,-4.578710778561849160e-01,-4.398708619763732619e-01,-5.503386824245110054e-01,-3.782536840327632710e-01,-4.882546306655952129e-01,-3.844844538593285566e-01,-4.406265716719581782e-01,-2.297325630940627861e-01,-2.331794628074075337e-01,-5.406742016199891365e-01,-5.433308765807917107e-01,-3.251738765733818703e-01,-1.137424885936404728e-01,-6.280730045448873478e-02,-9.023365899270974211e-02,4.588633456108909825e-01,1.952185860231059888e-01,2.360605018257247167e-01,2.543113400525752812e-02,-1.464394105579698291e-01,-2.856576122880381541e-01,5.686759431232756290e-01,6.752058081040855919e-01,1.714564197485178576e-01,5.019504417013190833e-01,2.716216215310826576e-01,-7.395919458157336479e-02,1.434392966866207819e-01,2.659210975325889681e-01,3.729768471402103436e-01,4.685374488040112140e-01,2.549315566561127233e-01,3.015376337935699036e-01,3.228789043306238837e-01,-1.410091841094605614e-01,2.452984585708164744e-01,-1.163259117949231730e-01,1.970190995527392464e-01,1.004990685532982236e-01,-4.065279000663944015e-02,-3.114928532027483876e-01,3.014864529357937431e-02,3.135447400887578229e-01,1.563454966220703679e-01,3.253821875217259851e-01,3.204488117365662525e-01,-5.353440147931419479e-02,-6.342856082654571570e-03,-1.491974872779648353e-01,-2.123672164406748830e-01,-6.896888979154537636e-02,-2.947731202817147622e-01,-4.970412248892139978e-02,-1.955170480096283803e-01,-2.080337727299059192e-01,-4.343560466868184172e-02,8.078855208449562536e-03,7.737528532150395044e-02,-6.392527832121563947e-02,-4.416784904718084465e-02,-1.060119832733723566e-01,-2.028143876646373023e-01,-3.623681903096839102e-02,1.882889591174350119e-01,-6.657507514197220921e-02,2.133178582422194935e-01,-2.145973881142838879e-02
-3.105102134785039381e-01,-3.706366495953818396e-01,3.590031124166169763e-01,3.256639279296382750e-01,7.653135374715859252e-01,0.000000000000000000e+00,3.647161762330364820e-01,2.720691136872469551e-01,7.424465587184467807e-01,7.766159785455755138e-01,1.626276332060558882e-01,3.705200671628695874e-02,4.455957654290139125e-01,2.729303263391446577e-01,5.514464390640243519e-01,6.604756684770538566e-01,-2.946546707579180135e-01,-2.421309341479613575e-01,-2.398431639578354202e-01,-1.741348194384172154e-01,6.050586315426426109e-01,4.859682110513280362e-01,4.275914199862216880e-01,4.954782034977194827e-01,6.258108090646784527e-01,6.725891488922666195e-01,8.429603005215693390e-01,8.426059785678863268e-01,-4.078686305839038760e-03,1.276252625648513495e-01,6.170472448888276729e-01,5.090799605627344127e-01,3.723452267485172773e-01,3.781220792253990881e-01,2.921420016116737517e-01,3.253043941678160911e-01,-1.564892179660622995e-01,1.190114279402538500e-01,-1.222057646447978208e-01,-3.288799675095135377e-01,-3.229814716771584604e-01,-3.034860445845470323e-01,1.099556737064348311e-01,-9.425609094272827115e-02,-1.142308586335604587e-01,-3.676957500540996016e-01,-1.546226155038920302e-01,-2.480193563790672184e-01,-2.762693151762495303e-01,-3.180184373463182945e-01,-2.139156589310610979e-01,-3.161384865170096536e-01,-2.060080519114226016e-01,-3.730526173713196725e-01,-3.502062298214856928e-01,-4.204278782275986948e-01,-2.667294863407251304e-01,-2.319433549396486549e-01,-2.439233739125782896e-01,-2.277703046179387625e-01,-3.431564334858901860e-02,1.181305209580113397e-01,-1.253380778948244012e-01,-9.796993942751502926e-02,3.724318982262525557e-01,2.120503767218511471e-01,1.223821123122598720e-01,5.017424208716163292e-02,-1.575797881431336422e-01,-2.456362323781515478e-01,5.686675183958438407e-01,5.116493913697508500e-01,1.097067012547325165e-02,3.046842571680965506e-01,9.922359203922487270e-02,-1.472073491750202365e-03,1.681548769002381150e-01,3.476319819094738639e-01,9.112390561878483397e-02,1.180065773274103502e-01,-1.227533513322377583e-02,5.389528456317430223e-03,-8.442396370028498742e-03,-2.806714858738219021e-01,9.692388243898861222e-02,-1.839135819472337841e-01,-1.037686425434182838e-02,-8.966510819982058400e-02,-9.442814336638130635e-02,-1.206953674581079800e-01,2.328835668191693575e-01,2.981017499276523708e-01,3.538403109359786192e-01,4.059858223094483520e-01,3.938449285150772555e-02,-1.447191911541726161e-01,-1.610695419598660860e-02,-1.193244900116478685e-01,2.164818823028384631e-02,5.983557578103218533e-02,-1.147623791335292132e-01,1.236176832268037346e-01,-6.638817877224265085e-02,4.643746991416410758e-02,-6.690471343446638408e-02,-8.501226298700207545e-03,8.307808645305049533e-02,6.369367244414136930e-02,-1.994815583039754592e-01,-1.147529534765941300e-01,-2.512730033880414878e-03,4.559150307806117408e-02,1.923462025689977872e-01,-2.308618893580176301e-02,1.327785109301490851e-01,-1.131207660284066774e-01
-2.025490914533381315e-01,-3.491559854076539682e-01,6.555307757911253974e-01,6.180339840244211125e-01,3.110869460601586312e-01,3.647161762330364820e-01,0.000000000000000000e+00,7.374801915886768366e-01,5.710204406030637836e-01,3.173052540768284135e-01,5.135539657931441626e-01,4.387545779829746251e-01,5.944885001373091393e-01,3.211370209545608145e-01,3.322019525112299143e-01,2.248162402424138673e-01,-4.307289805199669419e-01,-3.150896565642307690e-01,1.640671090145991162e-01,1.572972198353022044e-01,3.201181865683017103e-01,1.306722753888041044e-01,6.054910874373976570e-01,6.503427136612036641e-01,3.603885866431690843e-01,3.343526040844553293e-01,2.731076552833613391e-01,2.891891313544996955e-01,-8.339839163522943383e-03,-2.757428956881123258e-02,3.502437101705725975e-01,4.120063120078140684e-01,1.989845742907513648e-01,2.909594985500186803e-01,1.533990552810210739e-01,1.136744292677885348e-01,3.016221774345796691e-02,-8.719377584913254320e-02,-7.053091657413239346e-02,-1.864301404021972974e-01,9.585878741613124143e-02,-4.902537766513479639e-02,-2.063110874496868197e-01,-3.440704833592629353e-01,-3.710918618416668702e-01,-4.932498381311207214e-01,-3.146409188887978048e-01,-4.226737056273169868e-01,-4.591676005135330030e-01,-5.111469522054378212e-01,-4.654941728496213571e-01,-4.775474584224450036e-01,-5.044538810599048517e-01,-5.226244737840112231e-01,-4.986996170069794010e-01,-5.842795385414496501e-01,-4.680411970422527768e-01,-4.862996212837991661e-01,-1.904759678001057277e-01,-1.845037812373210018e-01,1.627128643026053978e-01,4.125822520821961770e-01,-2.729789247391630758e-01,-1.803563691565405747e-01,4.238434783042137610e-01,3.391603640293776034e-01,9.937261949631069624e-02,-1.391779628681190650e-01,-2.232394794494925727e-01,-4.095469770949593524e-01,5.637017603354140816e-01,5.694870548418290435e-01,3.154801493912288146e-01,2.883963413988823721e-01,-1.172136853493391424e-02,2.538949254499440200e-01,2.020475661555022617e-01,9.146886474195339845e-02,-1.860872579537568294e-01,-1.270052433842878414e-01,-2.313106070667821923e-01,-3.101346883268256138e-01,-8.571284780650845203e-02,-3.622811173593251666e-01,-4.494447696782458840e-02,-4.429589112601958201e-01,6.505869468579296433e-02,-1.912858062636628720e-01,7.310532939964202448e-02,-2.624098658584100852e-01,2.960740165751907793e-01,2.011095210388788301e-01,3.126033161330105115e-01,3.307532879061642062e-01,-1.820538265881332662e-01,-8.521027866913453985e-02,-1.823265482805576931e-01,-3.549104562787122608e-01,-4.633713984736075042e-02,-9.804383767250214599e-02,-2.178346850845222504e-02,1.983428252574321593e-01,5.519836905484020416e-03,-8.136599170765367040e-02,-5.141632341697503772e-02,3.408174277831851201e-02,2.714298088571781564e-01,4.730915343461784828e-02,1.107801750354862891e-02,1.430045149926778471e-03,-2.516882633569696437e-01,-1.868126831598976856e-01,-1.836414524312822514e-03,-7.997094914330307724e-02,1.617407147334388173e-01,-3.114834344029311294e-02
3.357417625266055639e-02,-5.905444096214586269e-02,4.664397644189495762e-01,7.425311658138046278e-01,1.448778893793157552e-01,2.720691136872469551e-01,7.374801915886768366e-01,0.000000000000000000e+00,3.245621158667121864e-01,3.305475303611711824e-01,4.991910008949352884e-01,6.285445661360069547e-01,3.635295354401373857e-01,3.265829341241628381e-01,2.244536579850546845e-02,7.896072687301762538e-02,-2.872647762773491431e-01,-2.959095669554569485e-01,1.900256003845683384e-01,2.817771736820756101e-01,6.973763506096911091e-02,1.010123646068257497e-01,2.325411762924377013e-01,5.116345035842895239e-01,1.792068573871948289e-01,2.315718770274827476e-01,1.224336790924074603e-01,1.843831283504400731e-01,-2.167451811507507820e-02,-4.754215621277890769e-02,1.821289661296222329e-01,2.459080134135636642e-01,-2.310544811924910430e-02,8.397610210379194418e-02,-3.896904662206195774e-02,1.600851771470264764e-02,-1.188861138301518516e-01,-1.212751009133622854e-01,-3.981381951951421666e-02,-1.236065562129234352e-01,-5.939021471474011798e-02,-1.026014975609260693e-01,-3.597882542968617869e-01,-4.538915762352437322e-01,-4.166129469564970877e-01,-4.046253991534684569e-01,-4.410814994593884042e-01,-4.749574548694216469e-01,-4.511078637749789677e-01,-3.512344578768396564e-01,-3.441686882196716701e-01,-3.337343070035991288e-01,-3.471349056030464397e-01,-2.904273788633329190e-01,-3.730082841402706517e-01,-4.335721080216471957e-01,-2.301356422477456587e-01,-2.291706975324038498e-01,-2.694882901606066375e-02,7.154153006311174401e-02,2.740087803820963619e-01,6.541677807560187796e-01,-2.621428236525935596e-01,-1.721783521904818662e-02,1.793118794187976428e-01,4.038602381564205812e-01,-1.309184826036312310e-01,-1.345108505368351470e-01,-6.195775292060157029e-03,-2.266465792437632465e-01,4.277499898542472256e-01,4.484586336272191609e-01,2.547842562041253145e-01,1.752129731622272535e-01,-1.300117356431633106e-02,5.902636102138611451e-02,1.775148801570702317e-01,2.303510407770892332e-02,-2.426076552424257238e-01,-1.545788780343233526e-01,-2.854772752261262592e-01,-3.070521075927186150e-01,-9.385686604758487761e-02,-2.852171163252989472e-01,-2.505485884647523642e-01,-2.881772767736774932e-01,-5.270719505627406015e-02,-1.080157351576682967e-01,3.202888486932257278e-02,-4.930655882088228609e-02,1.962895269602438764e-01,-9.140051487254857721e-03,2.009342782561579221e-01,9.697934711203338998e-02,-1.664011248064854176e-01,-4.014411037789836906e-02,-2.893751566211503201e-01,-2.638580838380685800e-01,-7.274105970621681794e-02,-1.633156153505595509e-01,-1.356716799116873540e-02,1.081000685167073372e-01,2.453000175807166453e-03,-7.418633781868376464e-02,-1.050216400297392105e-01,-1.096939625595694523e-01,1.034492129450958336e-01,-7.143825504938713933e-02,3.074523010459767267e-02,1.347543803983570695e-02,-2.261574216384434066e-01,-2.829054373746084372e-01,-7.605031861223505996e-02,-1.495234740395625928e-01,-7.953469081405376007e-02,-1.008911979350938376e-01
-3.800816249553878312e-01,-4.746527858161455615e-01,4.550306878673802125e-01,2.991835224593620279e-01,6.853202036825337684e-01,7.424465587184467807e-01,5.710204406030637836e-01,3.245621158667121864e-01,0.000000000000000000e+00,6.956670367899989715e-01,4.105184530884529170e-01,2.361033552082049958e-01,7.233341933693361314e-01,4.067774401840695830e-01,7.505553770782144030e-01,6.761016012952163479e-01,-3.411855750508075436e-01,-1.731122120375454265e-01,-1.909228006960856164e-02,-5.221208081409699914e-02,6.430222348338122673e-01,4.641488185429576419e-01,6.654431412072259189e-01,6.265612825977723288e-01,6.255728848376669315e-01,6.342806378881858942e-01,6.487082406040061144e-01,6.694670779038633945e-01,9.448645408607614371e-02,1.547022741244231114e-01,5.303266958036215728e-01,5.521503719723598325e-01,2.110706755315562011e-01,3.196459084116148319e-01,3.335784453870026534e-01,2.556904893397812240e-01,1.289330753618453118e-01,6.729710150568546378e-02,-9.412008620541661985e-02,-2.800112211243808713e-01,-6.449404451346858747e-02,-4.555102721289455703e-02,4.850829594182140547e-02,-1.855221781039979034e-01,-2.813711995213614703e-01,-5.222723077660159641e-01,-1.730170594144493923e-01,-3.762437096477180276e-01,-3.528389015881793767e-01,-4.958542855980019315e-01,-3.405305348691357037e-01,-4.403049056615527257e-01,-3.436487816928929240e-01,-4.487097434274393559e-01,-3.874839046798724818e-01,-5.464814146284499019e-01,-4.709949442400204744e-01,-4.707216155668456081e-01,-3.816096044622428463e-01,-4.155208500828052598e-01,-3.875445863460220269e-02,9.489410012489549184e-02,-1.866283293358509121e-01,-2.472532743532036004e-01,5.091381393880537454e-01,1.421201633903215189e-01,9.739309242831910296e-02,-1.385056949082682787e-01,-2.536580716779830436e-01,-3.829468706628109675e-01,7.258089213470336754e-01,6.647351292745976581e-01,3.382135017617219908e-01,4.024787056617424863e-01,5.208815391047322968e-02,2.446871405429685842e-01,2.935042524984654566e-01,3.740331516730908690e-01,7.816442582615650003e-02,4.536439554506196264e-02,1.196653670839986916e-01,-2.141636140169668120e-02,-3.295253480798943785e-02,-3.184865286144213381e-01,2.883791309915427759e-01,-2.745449044219182566e-01,7.720440807161900454e-02,-1.964065477717590325e-01,1.523771815334787061e-01,-2.853897084169472187e-01,3.014537772025857598e-01,2.324006899995430253e-01,3.164429616182834470e-01,4.062776749894245754e-01,-1.066934584150758814e-01,-7.939052178197293641e-02,-2.721944699373210833e-02,-2.278742867653328341e-01,5.336556325075306195e-02,-3.569722714735005121e-03,-1.283544572574203957e-01,5.472060103465008901e-02,-1.440784878634824295e-01,-1.796114829129742407e-01,-1.443194298188834324e-01,5.051140335163418343e-02,1.421143842364478438e-01,-2.650917271590342780e-02,1.262364167250141882e-02,3.028950156039358563e-02,-1.325313708972184479e-01,-3.511417954710981115e-02,6.434641543852996637e-02,-3.741361240899203355e-02,2.327544692951157290e-01,-7.529967701183150341e-02
-2.754298901845374514e-01,-3.156402741060116979e-01,4.105916161668364817e-01,2.929351343186649692e-01,7.867036163692152639e-01,7.766159785455755138e-01,3.173052540768284135e-01,3.305475303611711824e-01,6.956670367899989715e-01,0.000000000000000000e+00,2.701443538075096185e-01,1.134056087450805578e-01,5.162770805044319955e-01,4.882522345672501429e-01,6.486337149349622466e-01,7.675774488034707854e-01,-1.535585089790104385e-01,-1.495769611477668903e-01,-6.360365214062956019e-02,-2.420527688549211839e-02,5.429598018117614000e-01,5.032857123726034443e-01,5.136157373879083332e-01,5.902516873834096067e-01,6.006277570630902396e-01,7.051687881246607725e-01,5.870607110543709650e-01,5.435054343895594497e-01,2.170914696624872686e-01,2.912036590876109221e-01,6.707662384299900582e-01,5.934587589268591756e-01,3.958575932070580450e-01,4.100741058990668431e-01,4.055353278036578080e-01,4.509508245275625216e-01,-2.520558173877791505e-02,2.241082611211250020e-01,2.487617463916556304e-01,-2.780940230023144499e-01,-5.496166703566444239e-02,-9.372770581707068338e-02,4.794265184487324361e-02,-1.331820921852949202e-01,-2.124273697461963872e-01,-4.134100808260307569e-01,-3.465806772131018176e-01,-4.433255067576800101e-01,-3.448283553863494832e-01,-3.892077446744205416e-01,-4.076602841919998443e-01,-5.257378336047385803e-01,-3.584829902298723447e-01,-4.836652510624657730e-01,-3.231653368328550879e-01,-3.864597156288107072e-01,-2.037565522437226606e-01,-1.801397062531119586e-01,-4.419897909557432003e-01,-4.061834017365994476e-01,-1.668527233129720178e-01,1.519121033279842159e-01,-1.180346318006991191e-01,-3.574895041007426777e-02,3.742777988993202798e-01,2.776518869153677960e-01,8.643811586046656892e-02,-7.070548892138829589e-02,-5.368586084137068337e-02,-2.324760619786589988e-01,5.776840783353696107e-01,6.188157551307467141e-01,1.091702459386943713e-01,4.002268865498143646e-01,3.092015359319967294e-01,-1.514581014520521574e-01,1.840573551932901952e-01,2.231652240783001950e-01,2.183848865507606596e-01,3.168390554555504668e-01,1.819188526791604421e-01,2.255963128752930258e-01,2.463753249581544513e-01,-2.930540994487687220e-02,1.449020315764295019e-01,-1.567906258173027978e-01,2.461036795085177753e-01,2.066412240922447241e-01,-5.745978746132206910e-02,-1.885319076803019800e-01,3.466231721170953683e-02,2.464054433488931106e-01,2.196866799122069447e-01,1.998880555250992785e-01,2.819220627071438168e-01,-8.731502710450042559e-02,-1.084003230342571282e-02,-1.972696113295721032e-01,-2.851277629517399159e-01,-6.305245672598713824e-02,-3.056890053564927379e-01,-1.027732275578809307e-01,-2.693686976492330465e-01,-2.438706279138183053e-01,-9.086607883185912615e-02,-6.187415561161938027e-02,-3.660172367549504452e-02,7.561759618926066143e-03,1.425338277471889167e-02,1.293529448052425576e-02,-1.630252034568016040e-01,-1.427925555171342675e-01,1.171781844414468143e-01,8.875373875469360838e-03,2.340552754044671335e-01,-1.021814193561647599e-01
2.206105624696854395e-01,-1.174460350724433957e-02,2.632750257534725580e-01,2.336075848175045433e-01,9.347186924530209717e-02,1.626276332060558882e-01,5.135539657931441626e-01,4.991910008949352884e-01,4.105184530884529170e-01,2.701443538075096185e-01,0.000000000000000000e+00,6.545318997869566946e-01,6.653285102915958982e-01,4.772537284692472959e-01,3.664757680126799477e-01,3.075950394287106926e-01,4.269029548810589214e-02,-4.941892248029700757e-02,4.175416067070431558e-01,3.639790956937395405e-01,2.201845219183529712e-01,1.376857681902404484e-01,2.163174695905834000e-01,2.771992977820560422e-01,8.337195203822274359e-02,9.441823331742116299e-02,1.232650607149219091e-01,6.617467068118611240e-02,3.383159821994980443e-01,2.594835590612799003e-01,2.159422979005440058e-01,2.381120840685376494e-01,4.117990369114914867e-02,8.854750464295091383e-02,-9.935672423816360732e-02,-1.777578078729991073e-02,1.560036574681003541e-01,7.957166950690161555e-02,-5.010708688272856592e-02,-6.462783316211870646e-03,2.181819411895301319e-01,2.414922077278324752e-01,-1.540312942242401673e-01,-2.417193122587152632e-01,-4.976678418828558992e-01,-4.286498452898446221e-01,-3.550844472735810720e-01,-4.384675460927102142e-01,-3.174153123694820611e-01,-3.808295854114289170e-01,-1.637790908787217226e-01,-2.404434426921527312e-01,-2.390341234105378132e-02,-1.310200492851578413e-01,-1.596589915200202214e-01,-2.714959803773450142e-01,-8.377107390668966924e-02,-2.030879637732542486e-01,-1.557904128728981874e-01,-1.909277939772467680e-01,3.492087417377006120e-01,1.796339752228518494e-01,9.832555753277585908e-02,1.002307521510252125e-01,2.814077817321187364e-02,-4.033530184225014165e-02,-3.343095394958378597e-01,-4.077664002561894319e-01,-5.488159252808906541e-02,-2.424632723908420606e-01,4.412629952610476747e-01,4.192741266956568902e-01,3.281317839703649653e-01,2.452496223694065058e-01,8.480070472066653098e-02,1.943609399526886883e-01,4.006223329595530736e-01,3.016614473505490057e-01,-8.953209731452974052e-02,1.841758135308659223e-03,1.642684095155112489e-01,-1.767069358366772300e-02,2.762594634333052912e-02,-5.079051172316963875e-02,1.625913276221578330e-01,-1.271286146181305199e-01,-8.852405497091042630e-02,-3.894436270244937270e-02,1.317071562059971279e-01,-9.089634844343069675e-02,2.719861585431325099e-02,-2.940728505412723917e-02,-6.556291001918748695e-02,-5.405552192740684103e-02,-3.701736410015768475e-02,-1.669938518244451497e-01,2.002617738752165283e-02,-1.023550246914255724e-01,4.131631825040166239e-02,6.766867533945249320e-03,-7.484969831517825078e-02,-1.951752314330806523e-02,-1.576292727487936252e-01,-1.570428614234936904e-01,-2.664406176807730398e-01,-1.605547868798388733e-01,-8.637159027937682532e-02,-1.635198290677689625e-01,-1.648771474036778428e-01,7.539594623573935006e-02,-1.446522593006085988e-01,-4.373084072296848368e-02,3.832778083635376282e-02,-4.614872528069309532e-02,-8.075443020439717484e-03,-3.381818057133054167e-01
3.871849528299503573e-01,2.738432980348787238e-01,2.985971709027420706e-01,5.055923539591024030e-01,-6.523925041101479028e-02,3.705200671628695874e-02,4.387545779829746251e-01,6.285445661360069547e-01,2.361033552082049958e-01,1.134056087450805578e-01,6.545318997869566946e-01,0.000000000000000000e+00,4.943071095838754148e-01,5.747829996983313539e-01,3.946494739096539223e-02,1.433437948061106193e-01,-7.042088249761981056e-02,-3.932337274500471297e-02,3.815246294333747290e-01,4.788921836348814520e-01,-2.535044135917546501e-02,7.100810522617258258e-02,4.138063577240412572e-02,2.896987968909831568e-01,1.830740173998021258e-03,1.084866357462013070e-01,-2.643420407383899676e-03,6.125816742373806773e-02,1.378240009957256429e-01,1.844423031985907568e-01,-6.068496098246581273e-04,1.859172857237956500e-01,-2.276440405567694836e-01,-1.728732673882226248e-02,-1.858367525242164697e-01,-1.273318049982966604e-01,1.047922084305397267e-01,4.179640509179002872e-02,-8.244790425186621086e-02,-9.805307398966107979e-02,1.067549792765171979e-01,1.134388790004478009e-01,-3.371690618995619171e-01,-3.605955060768168408e-01,-2.683935003501489724e-01,-1.936975577907039670e-01,-4.239149040259436174e-01,-4.361158924189382224e-01,-2.881919306870611153e-01,-2.117790733785455959e-01,-7.737249992544509292e-02,-1.121462831302472429e-01,-1.158085684737927140e-01,-2.808726350104515102e-02,-2.396036884762293984e-01,-2.349196915745410674e-01,2.609731867175463932e-02,-2.407491697442735307e-02,3.478831753474945221e-02,3.355890406262514863e-02,3.368368471698022781e-01,3.813183383751878597e-01,-1.259649887699506865e-01,2.340883078476499110e-02,1.155254073696989070e-01,1.973714673038470813e-01,-2.091718897013028211e-01,-1.827498117714429771e-01,1.889162103255770941e-01,-1.785067963900029142e-02,3.648122468931355722e-01,3.078624459254603596e-01,3.039081686213631062e-01,9.153270921700361329e-02,-7.181360081620973002e-02,2.188045614330756117e-01,3.859266785523871590e-01,1.980121739457473828e-01,-1.786006074618875783e-01,-4.069007114045067319e-02,2.737080325533658431e-03,5.257586743300325443e-04,-1.948955048680530433e-01,-1.100449762460189440e-01,1.515788809961123550e-02,8.038015516800300908e-02,-3.615708434300634461e-02,-8.424297488870551021e-02,-9.151564845545233709e-03,-2.779150947868457011e-02,-3.220726195215847104e-02,-2.351205804836038193e-01,-1.004299043609226949e-01,-1.852519118537736542e-01,-2.672611950184395346e-01,-1.897703325003415875e-01,-3.346162780962025352e-01,-2.561941778779535661e-01,-1.068848979565342194e-01,-2.445275800587381199e-01,-1.172429143259571677e-01,-6.621614662842675858e-02,-1.735230546243715644e-02,-1.343866537261909355e-01,-3.170136621068919691e-01,-3.470074246616096647e-01,-4.110489747729827170e-02,-1.753799119302551501e-01,-1.091898759844669720e-01,1.771041786605522805e-01,-1.508455317037900312e-01,-3.032183057579745933e-01,-2.154122063976783574e-01,-7.834565863189722756e-02,-1.984593356240297035e-01,-3.741425846421671531e-01
-1.399578441774557980e-01,-3.266553431347289371e-01,5.818494645098570839e-01,3.301719274420329975e-01,4.740369980619950074e-01,4.455957654290139125e-01,5.944885001373091393e-01,3.635295354401373857e-01,7.233341933693361314e-01,5.162770805044319955e-01,6.653285102915958982e-01,4.943071095838754148e-01,0.000000000000000000e+00,7.283637752991549696e-01,6.840563151629013294e-01,6.558802035419909471e-01,-2.817306168079463102e-01,-1.885986054818404034e-01,2.425524200013119414e-01,2.079585956908245603e-01,4.902336325337782186e-01,3.689512862467073662e-01,6.445636031318019432e-01,6.553625143819046261e-01,4.824063914849133217e-01,5.009986625653332082e-01,3.411384610286690711e-01,3.185476274137584718e-01,2.780536806078340861e-01,2.141691928360372199e-01,4.435127081973656571e-01,5.088488242037315645e-01,1.428310988521543923e-01,2.718845431142501434e-01,3.696636206883803788e-01,3.764527039200850633e-01,2.058546628397904532e-01,2.582076275538174315e-01,9.696169264698509260e-02,-1.067863076699379216e-01,1.013108624804931884e-01,1.804740260195152046e-01,2.403244678231144377e-02,-1.445817408751415845e-01,-2.665345102361578178e-01,-4.462006657561811140e-01,-3.027921612940983609e-01,-4.707130516781889429e-01,-3.701374683357875894e-01,-4.560308965808764214e-01,-2.434160434508257642e-01,-3.771909591042778565e-01,-3.154615807734142963e-01,-3.661951685240091292e-01,-2.884788820918709473e-01,-4.136328185598605045e-01,-3.844766686852492676e-01,-4.334369833119706694e-01,-3.644774747819921612e-01,-4.835534722919823669e-01,5.791804679456363097e-02,4.364651614413452008e-02,-1.746654753981395358e-01,-1.814440464134319808e-01,5.650644246070869459e-01,2.655730388370225459e-01,9.455410234954754467e-02,-1.835153849156300476e-01,-2.260990526596809436e-01,-4.237112758511546451e-01,6.792917975080070558e-01,6.695684706007675180e-01,4.300240766710864970e-01,4.226721267649509728e-01,1.718754996027058168e-01,2.358949122800120535e-01,5.082864303240370862e-01,5.104422367465100141e-01,1.154514399721129716e-04,1.550030115879681702e-01,1.534829882263820666e-01,1.351736965421244663e-01,3.538694617306799989e-02,-7.726832522701311545e-02,3.849314048447570191e-01,-8.287439430211644698e-02,2.551721397630661858e-01,4.529176400199021180e-02,4.648630860763287159e-02,-2.539174929089377253e-01,6.209629405489983794e-02,5.682531735460413097e-02,8.165935992986000924e-02,1.112278652605487445e-01,-7.468501286904156988e-02,-2.339864884905885900e-01,-1.181687221075386207e-01,-2.541527352864764722e-01,-1.892108525622828441e-01,-8.930524211524631939e-02,-3.078289645558968668e-01,-1.228446887087091682e-01,-2.622878617404750812e-01,-3.054256498813854304e-01,-2.236869232884487191e-01,-7.849030998937193970e-02,2.049540775913871044e-02,-1.145849969405419444e-01,-1.055973545458382679e-01,1.528555505386377245e-01,-1.141379483492090119e-01,-2.135581530372528403e-01,-3.785232815545550716e-02,-1.030648281576412341e-02,2.449667041412311175e-01,-2.986810882398968636e-01
