0.000000000000000000e+00,5.752084896323471641e-01,4.985585116108343651e-01,7.068860525991696453e-02,1.964965625394555770e-01,3.352263755328912520e-01,2.394670009554377144e-01,-5.279401714916429067e-02,2.054086765660615155e-01,4.571090197393393173e-01,-1.879103148371976117e-01,-2.955692448499512293e-01,-5.705793584342848390e-02,-2.140212188578921593e-01,5.498055183870581564e-01,5.413412720973989067e-01,-1.799280373880930706e-01,-2.546603420257090300e-01,5.407033805386091130e-01,3.483518706597820147e-01,2.932841212463107583e-01,3.613604765922881490e-01,-1.566813970450443017e-01,-2.432211877271029665e-01,-7.226909987320603856e-02,3.081122482229795567e-01,4.215900019491815587e-01,4.850775454403743470e-01,1.362333795776869173e-02,-4.775478404414214978e-02,-3.277847400530277400e-02,1.714436378199542810e-01,-2.713314017111058130e-01,-2.603716464087676985e-01,-1.301133422357979574e-01,-2.418835091083013089e-01,-1.574299491907965032e-01,-1.021951653026134249e-01,2.028124946738898426e-01,2.003419318246300596e-01,1.717534465699642188e-01,-4.870121638388293095e-02,-5.386906193535813125e-01,-5.104660986473456008e-01,-4.673982243533500447e-01,-3.734444457357274372e-01,-6.821186494738715744e-01,-5.864610608140067294e-01,-5.304116856145559833e-01,-4.706601143114283459e-01,-4.565549133683443617e-01,-3.754389632121816756e-01,-3.019479006905839147e-01,-1.322668357360263225e-01,-1.821548934515631046e-01,-2.099217364100336158e-01,4.946579615446684564e-01,5.009920208289758703e-01,4.581720658414841774e-01,3.144714592954786503e-01,-8.662922656720729864e-02,-2.330742084363555955e-01,1.525360144883442237e-01,-2.419411413969992652e-01,2.993403823251755691e-01,-1.820387839837617483e-01,1.429274236433242529e-01,1.241871000988502838e-01,7.141903095888343378e-01,4.405232437121369693e-01,2.472914889463479482e-01,3.063672606603326520e-01,-1.127942307279191647e-01,-4.972469424291190571e-02,2.312208501767495927e-01,-4.904959429610363658e-02,-2.349274500228649420e-01,6.487895339435773012e-02,-2.066161142625630998e-01,-3.393659742256297657e-02,1.380531843911409207e-01,2.839228757371486944e-01,1.754902449322702507e-01,2.053664504253364664e-01,-2.632453124189713667e-01,-2.129489908957059308e-01,3.200678562060325638e-01,5.038706586729294612e-01,1.683902710128972260e-02,7.030200457691827831e-02,-3.591035368671204320e-01,-3.133848336759990638e-01,-2.288158854103456985e-01,-1.263921085579824966e-01,1.843871047400606200e-01,1.925847596965078734e-01,8.252684249810608719e-02,-1.167917621026230840e-01,-4.194187878360767785e-01,-4.190878834868906888e-01,1.138693529592522125e-01,-1.600303025132467083e-01,1.746282591130205730e-01,7.276861147654016537e-02,-6.042857255348047657e-02,-2.337110146206154149e-01,2.364956792854867595e-01,2.690646158658978604e-01,2.229156343488431294e-02,1.796793857323835675e-01,-2.990204151971680990e-01,-3.657743359316814602e-01,-3.007150766989353796e-01,-4.229369936733682889e-01,-1.545086970817757810e-01,-7.777836629175233218e-02
5.752084896323471641e-01,0.000000000000000000e+00,3.322567726530451515e-01,7.133646686292185839e-03,4.047753123386614582e-02,1.959781194685785710e-01,2.504473699687168597e-01,2.900280579826106098e-01,1.707735974016114933e-01,3.810616870675693768e-01,-1.492919853926324980e-01,3.065567905086192396e-02,-5.445471407586578716e-02,-2.108705777822818261e-02,3.371908504813133090e-01,3.050916264800000444e-01,-2.023225440116217799e-01,-3.334720705052064693e-02,4.014775971059205695e-01,4.123048861644196261e-01,-2.425833431439003984e-01,-2.219317909902217834e-01,-6.257163289558215213e-02,-4.609649067096181774e-02,-8.663362952899106295e-02,2.195954705527474182e-01,3.201123631475546460e-01,1.404028392938206637e-01,-5.413102090736929273e-02,-2.711975360634440169e-02,2.889581180578646991e-01,5.249925934947903272e-01,-9.316181981514795596e-02,5.128272479779500542e-02,-1.093928119486958506e-01,-1.147845676444068236e-01,-2.544335223785939015e-01,-2.341296174365015970e-01,-1.470306834525445840e-02,-7.275787468911158740e-02,-6.702393229551896481e-02,-3.162070097354789944e-01,-6.819117507942485945e-01,-5.412304908940873682e-01,-4.570596141922208533e-01,-5.564830003287744020e-01,-5.119788372095441797e-01,-5.887087250114282355e-01,-4.486499304222681395e-01,-4.276335092977378016e-01,-5.777570219141818786e-01,-7.203065111633640827e-01,-4.754854345826486917e-01,-4.388540661776643703e-01,1.112042301199144337e-02,-3.456237418382313575e-01,4.204604685617919224e-01,7.397172386739554462e-01,4.522228570727916952e-01,5.445389436605745370e-01,-1.625825898174824702e-01,2.770415788336892324e-02,-3.294794788928367274e-02,-9.222333393661509560e-02,3.398733492709571369e-01,1.016068261322935068e-01,3.298863482191523033e-01,2.387136974331008354e-01,4.979384311683860420e-01,6.953499737596995356e-01,1.170477973974133473e-01,2.342853437240229597e-01,-4.840455516387440899e-02,2.664165536671307330e-02,5.295025771488486022e-02,-1.255073751127513126e-01,-4.296434188078405714e-01,-2.336572803593135184e-01,3.603436622016141077e-03,-3.114337357941162621e-01,-2.243310819005233103e-01,-1.087985786084253587e-01,-7.734973108597642533e-02,-1.811796841143563097e-01,-4.841241376478080394e-01,-6.179071431116293089e-01,1.703010011518266420e-01,4.085769497251822147e-01,1.312821189576787728e-02,-2.612821324362314401e-01,-4.652229347474693411e-01,-5.262181660575570019e-01,-4.953403175931069269e-01,-3.221230300669118418e-01,9.608131029460072192e-02,3.325937117768807960e-01,1.514200504212090959e-01,9.326927673992066459e-02,-2.374465408571968250e-01,-3.241267164575479254e-01,3.134055686525636930e-01,-1.911539260786235261e-01,4.421606286245990947e-01,3.303125755156754439e-01,-1.154500069875742028e-04,-3.101215245745655991e-01,4.071608932424913285e-01,4.539295579009362536e-01,1.198474366914017847e-01,1.815905856072214664e-01,-1.527199517663738459e-01,-3.184361341441233062e-01,-4.201071018096234622e-01,-4.976812266835647924e-01,-3.537578008183515088e-01,-2.757343639897263388e-01
4.985585116108343651e-01,3.322567726530451515e-01,0.000000000000000000e+00,6.196985819983447108e-01,1.967020330709315368e-02,1.165309951053672133e-01,5.616315475114731504e-01,2.104973105866005667e-01,1.095988523994060812e-02,2.095086661532235828e-01,7.639665813069360101e-02,5.459808044154818713e-03,2.040859992496587005e-01,8.281815418131054096e-02,2.571743787276165594e-01,2.318571891549256747e-01,-2.781183820865191780e-01,-2.155335790663433504e-01,6.492215269945762479e-01,5.123489560081072591e-01,-3.213867853916208689e-02,1.324224010513574412e-01,2.666772963650885786e-01,2.739415212427030455e-01,-2.113269815583692368e-01,1.559751584255806289e-01,1.309156262013662086e-01,6.040168792123794261e-02,1.720116712515992437e-03,-1.413022715283175461e-02,-1.414256357382272511e-01,6.155704627402663887e-02,-1.624729894098110028e-01,-3.379248831767436151e-02,2.000402467273603158e-01,1.070401756718479397e-01,-1.371947977369866178e-01,-1.660232999671303056e-01,-7.380972132385336948e-02,-9.553149287970205336e-03,-2.316450373467412657e-02,-1.889027872342906589e-01,-1.790806250562036184e-01,-2.279427710073433366e-01,-1.354282694374269735e-01,-5.084844605783975929e-02,-2.757141874967846129e-01,-2.277780385240884276e-01,-3.112973742616311768e-01,-3.780348928242049378e-01,-1.518043166165846669e-01,-1.932673111796910648e-01,-1.081275125389298819e-01,-6.661845237912202011e-02,-3.011937209567933094e-01,-3.175153171067008340e-01,2.663300594011754896e-01,2.938404323188071321e-01,1.459131967014881126e-01,1.208022543232477736e-01,1.006367885742209811e-01,5.240761538967302069e-02,6.035372010240541707e-03,3.297657515422794394e-02,1.775230789522677655e-01,1.029142888992128774e-01,3.080814146382069296e-01,2.474962691938130954e-01,5.740196824689758337e-01,2.937756437170744306e-01,2.698940859912521417e-01,2.404775668580188264e-01,-2.192687147605074383e-01,2.629865160815223965e-02,8.723399334623531398e-02,-2.485009493583216489e-01,-7.336258168495117526e-02,-4.361821666752953991e-02,-1.355913935048618235e-01,-8.056930040293827644e-03,5.139476740946406080e-02,2.836828781571526167e-02,-4.756468387049395813e-02,-7.543770004025993070e-02,-1.291433633860724628e-01,3.107695922493626181e-02,-1.257333832173695154e-01,2.797797318047585621e-02,-2.239190171892976033e-01,-1.685068544230837184e-01,-2.609416500606954736e-01,-3.246668711566997878e-01,-1.860072042585425578e-01,-1.432783639181861024e-01,1.200413369477481840e-01,1.686183708126225977e-01,1.352653253895653995e-02,-4.061943026424323817e-03,-1.586597446823772850e-01,-2.241345359999943054e-01,-1.840585497954278782e-01,-1.940470331326321352e-01,-6.571963155910291732e-02,-7.364014494037458836e-02,-2.347245330923229956e-01,-1.647789716566566698e-01,-9.209233356685780914e-02,-4.700019461708305341e-02,3.155521393843461198e-01,1.881657942786613136e-01,3.603100394674262769e-02,-1.082392975408885682e-01,-9.564570260692133175e-02,-2.646127103323124841e-01,6.025665115445978659e-02,-3.633257391414948523e-02
7.068860525991696453e-02,7.133646686292185839e-03,6.196985819983447108e-01,0.000000000000000000e+00,-3.981582193465176694e-02,-2.127811631096883926e-01,2.649788528761222728e-01,3.755439643159078078e-01,-1.315359587618069870e-01,1.241134113209658996e-01,8.103086938959121188e-02,1.118783536283444735e-01,1.317882609503020774e-01,1.059637964226695372e-01,6.363121005679553410e-02,3.363944703675378345e-02,-1.904695523291618786e-01,-1.149398980388174202e-01,3.443079999201899000e-01,3.026551680430201730e-01,2.511910013394587013e-02,1.785489077749116416e-01,4.954781533885590505e-01,6.644336703850665105e-01,-6.513502268928678118e-02,9.174513059256072731e-03,-1.210741421602868489e-01,-1.406303105867012793e-01,4.754919652166843778e-03,3.578705195825610669e-02,-2.945777515124547996e-01,-1.818414448784794191e-01,-1.546537141601569834e-03,5.189752155056770455e-02,2.404623788491025149e-01,1.435238015995176086e-01,2.660758188228087850e-02,-4.341787976577108493e-02,-1.722322813211611403e-01,4.213541504273007887e-02,-1.164762388725351372e-01,-6.598531970769297428e-02,1.975680302427424706e-01,6.462467759218414043e-02,1.557616180398489480e-01,2.577085215750914982e-01,-9.259347418342502370e-03,2.526203929184095767e-02,3.560803019334046748e-02,-3.738515064274609140e-02,2.651138295391519129e-01,1.581531296071348736e-01,8.889815490705721412e-02,1.195430281463559091e-01,-2.301745794579701521e-01,-1.545951961623970583e-01,-5.732738516863095102e-02,-1.355813975372991975e-01,-5.659819821108464169e-03,-1.521991720744913512e-01,2.850108241341861026e-01,1.136221184856208710e-01,-1.395411518602414705e-02,1.050352760053139406e-01,-7.254878686633869748e-03,3.032791131344859947e-02,7.617692690608600381e-02,8.300399808800255907e-02,1.408741584493197474e-01,-1.574369480132444543e-01,2.110855680942910484e-01,-5.551892767404027762e-02,-1.811992243771934075e-01,-4.439843142232219320e-02,2.716092237019553934e-01,-1.076536872813409901e-01,1.510205739053738228e-01,4.587786801142590409e-02,1.602134571060056731e-02,8.485985283029874593e-02,2.913062197252938024e-01,-2.055520765638749539e-02,-9.861333121855803130e-02,8.413833518786637683e-03,1.682787451965019609e-01,2.759660518082056591e-01,-3.248487572703293580e-01,-1.315878564030946440e-01,-1.522178525785287118e-01,-7.391909713256963887e-02,-2.146277697467712312e-02,-5.619992492450186228e-02,9.049835755691802708e-02,-5.428354985300735264e-02,-1.258135664474156201e-01,-1.586537594392159189e-01,-7.672753658056122306e-02,-1.555245501840424038e-01,1.166080392853070455e-02,-5.751448696199550070e-02,-4.850158075003017655e-01,-2.873273139247098928e-01,-3.962550423883052786e-01,-3.983936053004712985e-01,-6.183211364097922907e-02,1.202840057338784435e-01,-3.368489518022315110e-01,-4.037718273493131615e-01,7.476773462607065601e-02,1.578672625471039537e-01,1.438568260222152784e-01,9.073955724508925291e-02,1.696289388124201380e-01,1.620260658810282750e-01,3.248828013164394291e-01,6.305551114559491965e-02
1.964965625394555770e-01,4.047753123386614582e-02,1.967020330709315368e-02,-3.981582193465176694e-02,0.000000000000000000e+00,4.093976526658585358e-01,-2.448484141276225379e-01,-1.964805630470582709e-01,8.701329870821018497e-01,3.901718778818275557e-01,2.741284415657219697e-01,-2.124509612680411386e-01,1.079323965100638522e-01,1.560107588188990591e-01,5.011533161001163750e-01,3.212793739993697328e-01,7.031083630346617042e-02,-9.476672847941981781e-02,3.144650094275075469e-01,1.624725529286362782e-02,1.736033510417290815e-01,2.350755302158888671e-01,2.047888750952333581e-01,-1.362078149068651212e-01,8.622206056985508571e-01,6.271022242708852446e-01,3.777625616909637274e-01,6.512561457927384945e-01,8.149324248347084021e-02,-3.397046480751381853e-02,-2.995462443783833417e-01,-3.293843120662617863e-01,-3.014057627201220668e-02,-1.320908125691110102e-01,-1.078654233211233243e-01,-7.065286638972388678e-02,-1.104301093940893430e-01,-9.226444380820839064e-02,1.906153706589018689e-03,-9.860426365418844315e-04,1.385853582701731812e-01,3.254624974694857870e-02,-2.523270104721227550e-02,-2.039021885412859725e-01,-2.021975781833947883e-01,-2.668217490909174372e-01,-1.522194417910811004e-01,-4.147193693212843785e-02,-2.326433592982662113e-01,-3.551079694522350505e-01,-3.087448533947946896e-02,-1.041600836057448576e-01,8.480323444197658544e-02,1.584234577516581699e-01,-1.353102473309487075e-01,-2.003241507528181597e-03,4.545795356723573988e-02,-2.204397534311441087e-01,-2.779388221099796108e-01,-3.496993668515017695e-01,-1.136714353809391703e-01,-2.793272553578715622e-01,1.947241436668070980e-01,-2.324906051031312010e-02,3.913767014568592800e-02,-2.879268173361609895e-01,-4.031503255425555321e-01,-4.182444820827320719e-01,1.426003542198286955e-01,-1.016065074023663195e-01,-1.235657266475499866e-01,-1.042757188063429541e-01,-5.878645780176610519e-02,-2.169401994776521680e-01,6.366251464761986389e-02,4.160498605341621248e-02,-2.026456091606762544e-02,1.330315152459915495e-01,-1.204231374315863634e-01,1.495232891573653466e-01,1.086305786426247783e-01,1.718932650349666302e-01,2.615163207975441662e-01,1.937200433945781008e-01,6.143720120514925553e-02,2.602452438924854339e-01,2.265330293828412556e-01,3.166788856927359452e-01,-1.410398241799579455e-01,6.176520248258937640e-02,7.655852456916464877e-02,2.584146956302124307e-02,6.622768806196281666e-02,1.940995258853579208e-01,2.661846619122990032e-02,-6.995010430201643046e-04,-1.531805036538547160e-01,-7.786991458795718135e-02,-3.651340362333780343e-01,-2.392644425773351180e-01,-3.215852350952627670e-01,-1.442867778330898798e-01,-2.445966162654888976e-01,-3.002750456472456086e-01,-2.979534698460847286e-01,-2.642484498150480809e-01,-8.156767654978454296e-02,-5.941891156984510647e-02,-6.970353194868242341e-02,5.616481597360410694e-02,-1.727646139680688031e-01,-1.676122443420899055e-01,4.191192902997858960e-02,6.103286665862588806e-02,7.837593076120660807e-02,1.830415582002541119e-02
3.352263755328912520e-01,1.959781194685785710e-01,1.165309951053672133e-01,-2.127811631096883926e-01,4.093976526658585358e-01,0.000000000000000000e+00,2.336019919451746973e-02,-1.384690293150370177e-01,4.186988394226771049e-01,3.804914779195854302e-01,-2.852621179348108910e-02,-2.181588332218671322e-01,3.589179015907872222e-02,1.732914250278156862e-02,6.631894138840476183e-01,6.655597462475163484e-01,-1.214585114981195507e-01,-1.609840432953497380e-01,2.579828877578824731e-01,7.653781225502664931e-02,1.525109565887302621e-01,2.145179754662237537e-01,-9.216511055143680742e-02,-1.891108495713278159e-01,2.607854322283805759e-01,5.156411980108855930e-01,6.695463112698786246e-01,7.329699793587256540e-01,-1.251380979989317743e-01,-1.385377601616424870e-01,-1.054014396790207975e-01,-6.671211077112092214e-02,-2.189176518622341361e-01,-2.278590504538112460e-01,5.666213432309710751e-02,1.513459324732766564e-01,-2.940559118827384966e-02,-1.602726737655872369e-01,1.812400643637544218e-01,1.049798842360420564e-01,2.485727614976285527e-01,-1.629945245880715654e-01,-3.865490273869013893e-01,-3.899194136157118074e-01,-3.174786801641533707e-01,-2.752343153873051951e-01,-3.467090103834917780e-01,-2.502150850849834129e-01,-3.626792967413201008e-01,-3.959054123945176529e-01,-3.555400565985689099e-01,-2.157987602844593789e-01,-2.172227724636656421e-01,-1.710978852037745024e-01,-7.313548602536419641e-02,-1.066663073057893263e-01,8.391810428452543824e-02,6.006393988396581396e-02,-9.589374573741155094e-02,-1.263668041650074791e-01,-1.277002066071053141e-02,-6.957343509352550970e-02,-9.035471273375483836e-02,-1.932308423502708539e-01,1.787376443090513967e-01,1.629044617386928850e-01,-1.400265307950844251e-01,-2.017752552369517227e-01,3.339214745870787149e-01,1.514564284121160120e-01,-1.080898583475307408e-02,1.724115164844787218e-01,-7.639152674871763082e-02,-1.205928279643231626e-01,1.036184573133821230e-01,-1.271022241657678853e-01,-3.195826063380552418e-02,6.263595450887816940e-02,-1.248903731048747467e-01,2.605507448160607892e-02,9.965314171385149244e-02,1.429527400774605606e-01,3.229083374301905396e-01,1.970216405987621489e-01,2.830783892642647903e-02,-3.439748533403293174e-02,3.520000735107669532e-01,4.326123182961048586e-01,1.688884968626666871e-01,8.324878835237672914e-02,-7.729517524208744106e-02,1.946717401915025111e-02,1.024509710526750605e-01,2.384771436834607489e-02,3.161532841450415826e-02,1.538691942576982941e-01,-1.903481134783822568e-02,-1.458368852105894620e-01,-5.267419368711291280e-03,-2.019041062382479282e-02,1.186642879176861148e-01,4.059149427386361808e-02,-3.951108061024612150e-02,5.035413761507506053e-02,-2.571518073342333732e-01,-1.247611804716791950e-01,4.550963294170650569e-02,9.041311247216918603e-03,8.057548291088369175e-02,2.036152706658634071e-01,-1.841768591440408678e-02,-1.196545250407716294e-03,-1.464696226632331566e-01,-1.603174929379274360e-01,-4.874005881790149236e-02,2.050836105327826508e-01
2.394670009554377144e-01,2.504473699687168597e-01,5.616315475114731504e-01,2.649788528761222728e-01,-2.448484141276225379e-01,2.336019919451746973e-02,0.000000000000000000e+00,5.547961465065527342e-01,-6.153745985614836322e-02,-1.468528960323966237e-01,3.499695691914521123e-01,4.917095727195365806e-01,4.436881915908625906e-01,4.373972386892832631e-01,-5.046919359060075133e-02,4.415690076762017469e-02,-2.576258271781293324e-02,1.477615174593175096e-01,2.764612715993083336e-01,4.967456807287389253e-01,-3.507850787522107661e-01,-2.678119874960663283e-01,3.399381078173235871e-01,3.196645557299385709e-01,-3.446045292017297368e-01,-1.926122752748905265e-01,-8.655041740092721259e-02,-1.674278036201133357e-01,8.294932551403334797e-02,-3.592828714594310108e-02,5.871383096537458046e-02,2.381907323375450081e-01,1.294962324050056290e-01,2.587514120663556016e-01,3.551654731966530365e-03,-5.393947659616366366e-03,-3.805096388634081062e-01,-4.470804335445561772e-01,-4.093328541198291148e-01,-4.366721065984400796e-01,-2.322540937298659403e-01,-2.467434716802927586e-01,-2.313746287995827045e-01,-2.192439224185592228e-01,6.067842618205680078e-02,3.473401188789718153e-02,-3.201642835053251646e-01,-2.473215753747322054e-01,-3.651291798835883118e-02,-3.894370376543849349e-03,5.572580767857434475e-02,-8.978677949598799779e-02,-8.697716528566838690e-02,-1.740449569938121721e-01,-3.794483989230199028e-01,-3.920599766915167095e-01,3.443564077332769702e-01,3.332034358421093190e-01,1.987844117256226950e-01,1.550932669080109516e-01,2.428573104873214261e-01,3.029579918398240812e-01,1.228815424975682330e-01,3.125909358448622499e-01,1.708699513166911654e-01,3.252266582890075974e-01,2.259239825463079387e-01,2.137125546050497316e-01,2.489586356840521944e-02,2.405948166709137304e-01,9.268645358239796517e-02,2.237322928821254553e-01,1.397931280253886244e-01,1.217491900547260641e-01,-9.691400542914806182e-03,3.975240613604092560e-02,-9.574715731338588609e-02,-3.884719102983939798e-02,-1.992515512802982003e-01,-4.766355505986686475e-02,-1.211390634700209856e-01,-2.105791436411860729e-02,-3.081303891474614365e-01,-3.706286818807142391e-01,-1.417935423058977740e-01,-1.239508820589069749e-01,-2.184381751590592502e-01,-2.502964685446676385e-01,-2.404189883791922056e-01,-3.207147038659282079e-01,-1.309402801715367493e-01,-1.490422456983361288e-01,-1.336011355290454283e-01,-2.186431636546925794e-01,-2.042541343688835387e-01,-2.314117199194885496e-02,-1.348799251797439536e-01,-6.354244840513284531e-02,-1.095093147370495776e-02,-4.439352633863173636e-02,-3.180393761143848058e-02,-2.016417855254693803e-01,-2.974105622809707777e-02,6.438755738914910161e-03,-8.035684586740338142e-02,3.444529637589554931e-03,-1.306390900659701593e-01,-1.842095550235366974e-01,1.867474863263316742e-01,-7.488840621765839416e-03,4.103499661677674493e-02,1.527019198760636298e-01,7.482585651183625008e-02,-1.644856295662157908e-01,2.033670683076601038e-01,1.703646271036429738e-01
-5.279401714916429067e-02,2.900280579826106098e-01,2.104973105866005667e-01,3.755439643159078078e-01,-1.964805630470582709e-01,-1.384690293150370177e-01,5.547961465065527342e-01,0.000000000000000000e+00,-9.643158733218704093e-02,-1.025102338047194778e-01,1.977851685808417748e-01,5.994493497822064310e-01,1.725196894361280819e-01,4.225930619530522958e-01,-9.638021482938280426e-02,-8.182107969163743277e-02,-5.790919811215945040e-02,8.042056001858828573e-02,2.643799059451790862e-02,3.705491989491413451e-01,-4.006152220087571547e-01,-3.346884578581004188e-01,5.488000374837040951e-01,5.771589455540371283e-01,-1.575451495378319133e-01,-3.927378527350434689e-01,-1.891970050471842302e-01,-2.513197493651862513e-01,9.740349207131349107e-02,7.053995672758943403e-02,1.316721344117916144e-02,1.667686807054694353e-01,2.012888975230433530e-01,3.195027455092895319e-01,-1.579022103441343403e-02,-2.813659593767157269e-02,-3.055244145740450556e-01,-4.390712126039773566e-01,-3.835856768571399011e-01,-4.015228188642278595e-01,-2.735001400061415344e-01,-3.068102293916487588e-01,-4.456003416367331632e-02,-1.331344111666430963e-01,9.123448350717362765e-02,-5.849430767349099447e-02,-6.957962143956733514e-02,-8.961222878860787555e-02,5.774360616755249559e-02,-3.520189570342015760e-03,2.522855018208847167e-01,-6.823704267346406005e-02,1.206739131678813554e-01,-7.462374372461451355e-02,-1.079467380548568417e-01,-3.404485540736555960e-01,4.507637963481717081e-02,1.629553129489564878e-01,-2.015225823086524981e-02,1.054350178793172638e-01,1.616511517132660503e-01,3.163594466651579729e-01,-9.641069773808565169e-02,1.384978513967247415e-01,2.092178017262581041e-02,3.074249373439508770e-01,1.208488908383816528e-02,-3.962878208964955989e-02,-2.593943040227499330e-01,5.842531347120983459e-02,-2.164881875035991887e-01,-2.739109228663325069e-01,6.355390545308226002e-02,-7.803208761582462738e-02,1.208466525040378103e-01,1.962297618962221060e-02,-7.339380719610150150e-02,-1.347589744908227471e-01,2.486360532337050788e-02,-9.456556005495382611e-02,-1.001730852864193416e-01,-2.543821159736220361e-01,-2.085475856064310241e-01,-3.791618565836805677e-01,-8.085825657707387815e-02,-2.639441731621710030e-01,-1.586602149891743752e-01,-5.375343819528079214e-02,-1.107696197080832307e-01,-4.167325452005723463e-01,9.218976610367236868e-02,-2.251948022671841632e-01,7.087274473251112261e-02,-2.510021151312653021e-01,-3.126325753065763435e-01,-9.499797681441239650e-02,-2.340661389977643225e-01,-1.649479812849901916e-01,-7.990100859801785305e-02,-1.469231163719550981e-01,-1.123324678428131024e-01,-2.310084203591912244e-01,-1.851270319865170599e-01,-2.082657707522121981e-01,-7.071425007454534839e-02,-6.101455803960705027e-02,-1.308387964585913665e-01,-2.092780872840079298e-01,2.524386085995852097e-02,1.563178112754909643e-01,-3.979764685727780441e-04,2.502707999313207986e-03,2.156137462505243463e-01,5.697853948529902485e-02,4.215309816059897852e-02,-8.049715787336315931e-02
2.054086765660615155e-01,1.707735974016114933e-01,1.095988523994060812e-02,-1.315359587618069870e-01,8.701329870821018497e-01,4.186988394226771049e-01,-6.153745985614836322e-02,-9.643158733218704093e-02,0.000000000000000000e+00,4.537666543775382699e-01,3.549205854242715175e-01,-3.050415932348897810e-02,3.094762162403562056e-01,3.607404775219734128e-01,5.477630214509074946e-01,3.551676029039549931e-01,1.223849269088422842e-01,3.054461417541320944e-02,2.571048135765669485e-01,5.380503244872369972e-02,5.849654576924662695e-03,3.258790293090380041e-02,1.080157415429773282e-01,-1.734431753866081394e-01,7.477364868077873705e-01,6.220821852903566374e-01,4.162960302282432967e-01,6.189852963114552686e-01,1.186782944983768712e-01,-6.094997018996065052e-02,-1.825214727807794035e-01,-8.971479448386744660e-02,-9.456320630777415373e-03,-5.047157870933283857e-02,-1.201865992316880072e-01,-4.249823661666039115e-02,-2.034683409110393248e-01,-2.603392005536910858e-01,-1.292609920855514183e-01,-1.730343237375753240e-01,3.081449724886245120e-02,-4.966222080364338098e-02,-2.114256782454120576e-01,-2.711000391600144055e-01,-1.924913383120525068e-01,-2.738849775627310024e-01,-2.805141461363150901e-01,-1.602638703213255800e-01,-1.521487315007165886e-01,-2.978128982833317950e-01,-6.117623726973576287e-02,-2.408417457320733701e-01,-8.172049685080917669e-02,-8.620000476551704927e-02,-1.584848088457816995e-01,-1.579440018768397958e-01,9.330754577822544804e-02,-9.011766256536557496e-02,-1.551710078477754329e-01,-2.162833379929383071e-01,-3.816335230189395189e-02,-1.633529624146544401e-01,2.613544463236560089e-01,5.562271048127280515e-02,1.835806377721554694e-01,-5.544979836167476112e-02,-3.200938570920557336e-01,-2.850637895896223073e-01,8.079167919920844654e-02,-4.600184474408399588e-02,-4.037881486931765851e-02,3.243343581535750031e-02,2.409438185254893922e-02,-1.715131406311513340e-01,1.000088306298057006e-01,1.326306718218870084e-01,-1.254796268725030250e-01,6.675203520163043580e-02,-1.801880375902948639e-01,4.993142272211509303e-02,-4.896278997239570004e-03,2.147445129560984489e-01,1.115331648649012936e-01,3.163731718199129517e-02,1.514231793004302586e-02,4.145433193457735005e-02,2.352846734981560994e-01,3.113310027720800344e-01,-1.158553720630212253e-01,-1.398717288863524921e-01,-1.605202471761967009e-02,-1.050069307917275291e-01,-5.785525615052525966e-02,6.872381365144752952e-02,-2.586133774387942494e-02,7.281507954710170205e-02,-9.105031341176043902e-02,1.346448331950243944e-02,-3.359700143395547567e-01,-2.272962835108270907e-01,-1.215577006921686465e-01,-1.861491880607438754e-01,-3.861321775154431118e-02,-8.887254630035694436e-02,-2.132944314656054496e-01,-3.069392598623594259e-01,8.911829171364195334e-02,3.697027380488442094e-02,1.544739906879247920e-02,9.865638369063656210e-02,-1.653863291795542589e-01,-1.846149878227512642e-01,-1.439077770817560331e-01,-1.032181923059913853e-01,7.738818431546984344e-02,7.317186862530623837e-02
4.571090197393393173e-01,3.810616870675693768e-01,2.095086661532235828e-01,1.241134113209658996e-01,3.901718778818275557e-01,3.804914779195854302e-01,-1.468528960323966237e-01,-1.025102338047194778e-01,4.537666543775382699e-01,0.000000000000000000e+00,-1.247770054170246196e-01,-3.040786406815541576e-01,1.573961267956261179e-01,-9.739817703937547755e-02,7.750576066037170309e-01,5.608447124188726818e-01,-2.783619770372230962e-01,-3.269924675467442698e-01,2.147791124752167491e-01,-1.124965911413693537e-01,1.825905409351435416e-01,2.302227104560387594e-01,-1.242325141173087066e-01,-1.526880183751153364e-01,1.581051858733380222e-01,5.545039601844701238e-01,6.235276413069664736e-01,5.341970812744195607e-01,8.049043451729289908e-03,9.040647087317063568e-02,-7.878834797366651710e-02,8.409515553984624192e-02,-4.311030708364625985e-01,-3.548952058739380799e-01,1.420620627055240726e-01,8.573269847261900944e-02,-4.306278537393559702e-02,-6.105289772848387919e-02,7.934807807074696628e-02,1.473489370397542686e-01,1.805839368583414262e-01,-1.906159235019988241e-01,-3.645573997786165088e-01,-2.943183685950379047e-01,-4.082559911010807951e-01,-3.666796799091822101e-01,-2.231786848399461010e-01,-1.903263367228740788e-01,-3.723543750717835388e-01,-4.381428244709645869e-01,-3.742994994320170687e-01,-3.470515976739851904e-01,-2.056260785759125853e-01,-6.133607028886375184e-02,1.300099990665854188e-01,2.458493684669361273e-02,6.342049777964756108e-02,1.989623653025632266e-01,1.799590647155507595e-01,1.370451983444932742e-01,-1.946547314510244653e-01,-2.541786069657335223e-01,-8.281371913585680589e-02,-3.943624307835605358e-01,3.409957755197865481e-01,6.300707089891345591e-02,-2.301464627314631431e-02,1.845814473452173435e-02,4.561214315981905743e-01,3.289423982832500037e-01,4.476362303480294069e-01,3.521533853927171220e-01,-1.829691351177638592e-01,-1.978735228658947964e-01,2.732150409327533946e-01,-6.741665675878390218e-02,-2.731748648918398970e-01,-1.576114455906287570e-01,8.860020866617779323e-02,-3.078534715278179526e-03,5.423663891681034660e-02,1.280379995345536648e-01,5.296933964185782800e-02,1.652195095150141291e-01,-2.030387899728112455e-01,-1.926661488507588060e-01,9.735646741964835982e-02,4.868118951615441059e-01,2.022793768057837283e-01,1.835355957679229433e-01,-1.802561660748362160e-01,-2.225069828122621385e-01,-1.667244069403004680e-01,2.972939728845614207e-02,2.928989459039954002e-01,3.690715346975976252e-01,1.505643455816841891e-01,1.019935838246935900e-01,-2.497541707083195672e-01,-1.878627521913459053e-01,1.240877362907832071e-01,4.949392896183025387e-02,1.874327231648995618e-01,1.918492951045568384e-01,-2.371308089359566995e-01,-3.470272783080897705e-01,2.873563876857543331e-01,3.288235570604676195e-01,-9.228856768103217700e-02,4.203629236064997388e-01,-1.825480940239993521e-01,-4.110496088712773943e-01,-3.624672974712911389e-01,-3.603792128723661281e-01,-2.602653387553378606e-01,-1.436968487552250373e-01
-1.879103148371976117e-01,-1.492919853926324980e-01,7.639665813069360101e-02,8.103086938959121188e-02,2.741284415657219697e-01,-2.852621179348108910e-02,3.499695691914521123e-01,1.977851685808417748e-01,3.549205854242715175e-01,-1.247770054170246196e-01,0.000000000000000000e+00,6.136144539330872227e-01,8.352808316693868251e-01,7.734582101339344540e-01,-1.030400074131377769e-01,-1.230266079166111998e-01,2.778138116930438106e-01,2.521398621087993508e-01,9.280532461088995821e-02,2.168101929843858355e-01,-1.716325038659395896e-01,-1.054148979159071214e-01,3.768981067743343294e-01,3.159952983495570300e-01,2.925641653967308575e-01,2.275844855579287618e-01,-5.864215759426463087e-02,9.086508222073351113e-03,4.819988290395239017e-01,1.448788728029216932e-01,8.107034305558142098e-03,2.885983383680600783e-02,4.921428108281623581e-01,5.281879802578822725e-01,3.071451028412497397e-01,2.980779741164652497e-01,-8.841528787638623654e-02,-1.712536279381488280e-01,-5.574115255087062071e-01,-4.567418444983196713e-01,-7.029339034194710331e-03,1.590291819056862451e-03,2.036703931675722390e-01,5.501536169014718120e-02,4.746307329031986821e-01,1.712192636104907240e-01,1.035422488275516695e-01,2.114442107249858427e-01,3.664223190338905534e-01,1.076006028473999038e-01,4.767397803101270370e-01,1.058832097529892324e-01,1.339912209574167512e-01,-4.796354525018640957e-02,-3.684473319191971519e-01,-1.578681845956060870e-01,1.381611557042056737e-01,-4.779239542859468892e-02,-1.739172601076320324e-01,-2.618340660950331245e-01,4.241830612562564329e-01,4.041922322566864345e-01,3.503385998775087606e-01,4.516023263309564273e-01,-1.533945716086304936e-03,2.738846971682829534e-01,6.418533688354973420e-03,6.553476242603696600e-02,-3.503243084708940747e-01,-2.276795386578764901e-01,-5.837520654134568943e-02,9.633840769358209544e-02,4.683773967780255343e-01,2.952775552263636194e-01,1.936199049205413192e-01,3.987152147957244708e-01,3.168617111217560955e-01,2.908542546142255381e-01,-1.955840409381238154e-01,2.480704434310146145e-01,-5.294368554941489280e-02,6.524746787418485294e-02,-1.440864970688905677e-01,-2.412278321489189636e-01,1.858551285628233241e-01,1.889229795112711552e-01,-2.313318220430897743e-01,-3.635534944844876493e-01,-5.218991552166359904e-01,-4.393557044829912717e-01,1.547982754613465572e-01,-1.993620359114994800e-02,3.837439336412548641e-02,-2.562179044121878357e-01,-3.597718612112747461e-01,-2.712286019820000504e-01,-4.285335250000966156e-01,5.111540190767514119e-02,-1.394055033648716468e-01,-4.989727118146837503e-02,-4.176229503966281120e-01,-3.905294594610036474e-01,-3.767529888739027388e-01,-4.007458568167518997e-01,-3.247863135293915238e-01,-9.337124082329927022e-02,-4.701500984164255215e-01,-4.404146131877874626e-01,8.682536054600534237e-02,3.591793022670512758e-02,5.343637747857810094e-02,2.559701597692703445e-01,1.331847654662581537e-01,1.904410725197143162e-01,3.748007559514709430e-01,5.078044899553142699e-02
-2.955692448499512293e-01,3.065567905086192396e-02,5.459808044154818713e-03,1.118783536283444735e-01,-2.124509612680411386e-01,-2.181588332218671322e-01,4.917095727195365806e-01,5.994493497822064310e-01,-3.050415932348897810e-02,-3.040786406815541576e-01,6.136144539330872227e-01,0.000000000000000000e+00,5.257286568182980568e-01,7.769373289907014479e-01,-3.201852481451031851e-01,-2.051460898866034332e-01,7.500211348996713157e-02,4.056385839734200083e-01,-9.790631990513785909e-02,3.023503887903380427e-01,-4.705795225145451566e-01,-4.301290509655261718e-01,2.693385519166367481e-01,4.310806427963078669e-01,-1.435574975879344295e-01,-1.939420231356219770e-01,-1.870862890463294292e-01,-3.616862731086223914e-01,1.813879108507941429e-01,1.101719447672880048e-01,1.096564428114292500e-01,2.707829986493933139e-01,3.204832767521132442e-01,4.465520943515525198e-01,8.841178888991943485e-02,1.636642999510576069e-01,-2.424837055056710267e-01,-4.211868710459767406e-01,-5.190952276143383504e-01,-6.110142933131939014e-01,-2.630079889731389287e-01,-1.999599787985897326e-01,-5.597395238047397220e-02,-1.615942226546549787e-01,3.410651600303764019e-01,9.451500886524700704e-03,-3.762683361060108200e-02,-5.761888386005589030e-02,2.864847977730325956e-01,8.539527796620213773e-02,4.005858664920265988e-01,-9.059329947087864376e-02,6.775475611412748456e-02,-2.741059972493692931e-01,-2.525863074182453927e-01,-4.284871328747029140e-01,3.372377904452913966e-02,8.691226405326467341e-02,-7.099734211499267311e-02,4.144221245128062829e-03,3.228675640605828678e-01,3.995268789619055849e-01,7.896150624783997152e-02,4.636654943556549613e-01,-4.887129795680233979e-02,3.592301641925965683e-01,3.315283922260332805e-02,2.516796544791180534e-02,-5.138245589901065946e-01,-3.069801310735838576e-02,-1.421317214260515438e-01,-6.714705092421785482e-02,2.500827596619920046e-01,1.895679411093609823e-01,7.307675689775337824e-02,2.552844117347155550e-01,2.441026386947544105e-02,-1.582393106333267740e-01,-6.101655779277657260e-02,-7.981620060456084964e-02,-1.693391573784875648e-01,-2.109137276910250935e-01,-4.131834378825450238e-01,-5.468533918044493625e-01,-1.222526468490845765e-02,-1.910757424349321387e-01,-4.262625498408708080e-01,-3.870360423208613065e-01,-2.807002127296219229e-01,-5.701081630238082898e-01,1.575440031323826484e-01,-1.557406769211024666e-01,5.026719913353368263e-02,-4.194068683430818845e-01,-3.567299181904042826e-01,-1.131626385031848370e-01,-2.390536702401152291e-01,-1.000210392594713671e-01,-3.163313679152501140e-02,-1.035005022159941612e-01,-6.535434583448318513e-02,-3.937769257698301439e-01,-1.196610725855529883e-01,-1.503072147118892643e-01,-4.622383949554523946e-02,2.731081586865927863e-02,-2.372469284913684695e-01,-3.092676683586261244e-01,2.161651291362358396e-01,4.416127300332509109e-02,1.226586607562168280e-01,2.762143870234685661e-01,1.556668360020488917e-01,6.103463745705585419e-02,1.266301399684249263e-01,1.075187675747644039e-01
-5.705793584342848390e-02,-5.445471407586578716e-02,2.040859992496587005e-01,1.317882609503020774e-01,1.079323965100638522e-01,3.589179015907872222e-02,4.436881915908625906e-01,1.725196894361280819e-01,3.094762162403562056e-01,1.573961267956261179e-01,8.352808316693868251e-01,5.257286568182980568e-01,0.000000000000000000e+00,6.957346455341515412e-01,1.217692609052130615e-01,-1.462971561271939232e-02,1.050616024898462925e-01,1.136210607196357358e-01,9.409833331130561251e-02,1.248011329556195093e-01,-2.117053927430524174e-01,-1.219952074044425572e-01,1.812312077617094508e-01,2.439070946721283717e-01,2.859083393569608958e-02,2.436783977034515103e-01,9.210435488469868870e-02,2.974306334095799115e-02,3.976136517866992182e-01,1.339571405666188653e-01,4.317223010283535028e-02,1.444916651902390659e-01,2.148963325854141848e-01,3.322850485305386403e-01,3.330090350176214131e-01,3.705803174541851819e-01,-1.568112346854705075e-01,-2.737038493602231837e-01,-5.149609810850265257e-01,-3.765896918996488041e-01,-4.540671769005259067e-02,-1.361876175663437605e-01,4.021928702862475474e-02,-2.724947973533941963e-03,3.664525876374885582e-01,1.850611328351937923e-01,3.082959906371671513e-02,1.720917794307901816e-01,3.085216377834100188e-01,5.842298704604776544e-02,3.164412162341186385e-01,7.488352216844459952e-02,2.672910236498035955e-02,-1.055712304519339229e-01,-1.916627602823738341e-01,-6.483779765934556683e-02,1.695715556709639360e-01,1.162032029429224123e-01,1.844072926631207948e-02,-7.875029418761114730e-02,4.077342921606422754e-01,3.744001614524049559e-01,2.782919980454108821e-01,3.272058189421443997e-01,1.479410079489810459e-01,4.606649909794883757e-01,1.366340503078724566e-01,2.171555669787570697e-01,-1.435720756602782699e-01,-2.519275703530831148e-02,2.188586830990293941e-01,3.270522964901012575e-01,3.495513950268264169e-01,2.686025528664742756e-01,2.725590098220687096e-01,3.133005750109014165e-01,1.452233289100068325e-01,8.843940448560429213e-02,-1.493034821300958659e-01,2.192312492904898713e-01,-5.494155787924499129e-02,8.259119501697100019e-02,-2.207634759047424067e-01,-2.912558170463578344e-01,1.805437289440598725e-01,9.725676489168925964e-02,-2.095037339096851858e-01,-2.921951822424473377e-01,-2.901930467412138226e-01,-3.395023195856026743e-01,-4.474327183357505039e-02,-1.547873752918840218e-01,-1.109119322861125828e-01,-1.985105720055285461e-01,-1.542553525922135960e-01,-4.600253017010205205e-03,-2.229075498192347460e-01,1.453278052390680197e-01,-1.386153345368713874e-01,-6.193040134466600011e-02,-1.917347001676091567e-01,-1.933176422384962623e-01,-1.439504127505744357e-01,-1.124682453037337271e-01,-2.954488594856191086e-01,-2.039220111887810605e-01,-2.545704428870374514e-01,-2.710058333116226459e-01,8.292998219303554519e-02,2.370210725189305090e-01,5.345775795696117161e-02,1.120942793816693955e-01,-2.984534286836879394e-02,2.660757429022019352e-02,2.394675216489161873e-01,4.886764178533836017e-02
