0.000000000000000000e+00,4.196865791811076885e-01,4.441529502145895036e-01,4.887504895285943451e-01,2.371052799468777728e-01,1.175481173172359534e-01,2.273858117118848221e-01,2.572657961886042899e-01,-2.554124198572597093e-01,1.139204830449332267e-01,1.943506468117952302e-01,4.853885060493252634e-01,1.832759068597612827e-03,-6.501764903838926080e-02,-5.111540241481952324e-02,1.961806909517058439e-01,2.685926102500362303e-02,-7.041362342051796230e-02,6.293408563821363266e-01,4.844675856397556712e-01,-2.589081925419669528e-01,-1.054553313350399674e-01,-2.957334415757258486e-02,1.605882928553955258e-01,7.079572103288968299e-02,-2.379760281901468211e-01,5.897075462348788655e-02,-5.170751260796825621e-02,-2.032762719197667434e-01,-7.757905885041324612e-02,5.174980633761772086e-01,1.031765768836785668e-02,4.325582820435309173e-01,4.404708657634129887e-01,-4.038385727357043931e-01,-3.994096058851022701e-01,-2.192665758012928845e-01,-2.161724558538606900e-01,1.610826444350512143e-01,1.878097369818912121e-01,3.639773126030689671e-02,9.910464419486772480e-02,-6.198854885401591103e-02,2.906082125452532500e-02,-6.101988247097547835e-02,-1.188276799456011723e-01,-1.509962986414238595e-01,-1.219005765148566123e-01,-5.057126312233270471e-02,-2.897717663669988619e-01,-3.586344941078243864e-01,-3.695662411467128261e-01,-3.673441501473877491e-01,-4.019311815769249230e-01,1.235289264893146138e-01,2.848294877740331632e-01,7.685334573934012870e-01,3.531430653118846075e-01,5.449834208484233278e-01,6.387909690814291830e-01,1.161233362420742571e-01,4.031670948661952164e-03,2.132496790949727494e-01,-9.056807730531382661e-02,-4.308034629997268827e-01,-3.877441287627782507e-01,1.573677642326075377e-01,1.912440246415054723e-01,4.737943891770732274e-01,4.690794765191789728e-01,2.828586473927360290e-01,1.818585488619764434e-02,1.019949407306025430e-01,1.284530526385436744e-01,1.649745629898705934e-01,2.915875736002207508e-01,2.409705968437630269e-02,1.846554924599626002e-01,-3.689149235123574955e-01,1.501754363910410839e-01,-5.661021910927144934e-02,1.058971367917858064e-01,2.621407850466639933e-01,4.433116477081595064e-01,-2.968146624116714816e-01,6.964224255507610491e-03,3.719394015986695057e-01,3.800312535153960725e-01,-3.472017863491319023e-01,2.393696327686802294e-01,-6.423161425600588670e-01,-5.664492689620284072e-01,-4.911549195615468322e-01,-4.409755316902503330e-01,-1.642511961307722701e-01,-1.313726520967568312e-01,-1.497740154410931723e-01,-7.482508401975299095e-02,2.217767878521754166e-01,-1.561499038507591919e-01,4.461178843681289363e-01,4.896625942457196179e-01,4.340274623242901808e-01,5.346166722359645407e-01,-2.640353746771679222e-01,-1.655415949080840943e-01,1.911622224432897033e-01,5.590969197342068320e-01,-1.740522421922176266e-02,-3.476101901662362326e-01,-4.659296685545210037e-01,-2.485311048865317118e-01,-1.214497269197887530e-01,-2.759583561700276744e-01,-3.240084899509570460e-01,-1.095831163625919091e-01
4.196865791811076885e-01,0.000000000000000000e+00,2.576950377584488749e-01,4.959419173762622535e-01,2.499924865770847826e-01,-9.029906010447978637e-02,9.252464081698325016e-02,2.700354752760439347e-01,-3.510424578926830269e-02,-2.475977768013882807e-01,7.130512355216789278e-02,4.944769908289353005e-02,1.751185101337085145e-02,-1.028034451777156827e-01,-1.505050656344768811e-01,-1.611797254958464432e-01,2.094136432080495602e-01,7.538221037657810708e-02,4.660387915917708068e-01,5.207600262125715584e-01,-9.367124236334629928e-02,-9.665433331398501360e-02,9.119181549043019197e-02,1.661200083927015791e-01,1.735188776105954789e-01,-1.277995851107968928e-01,6.670208047103654003e-02,1.036996383918733639e-01,-4.907730202048173757e-02,-2.322962406304351912e-02,2.971558336063460093e-01,1.369618977874708377e-01,4.256982995884132093e-01,5.321488520050311477e-01,-4.351799952844130799e-03,-2.318136702153046069e-01,-7.062154155965387481e-02,3.440039337889060078e-02,8.287402978511620999e-02,2.177617920922761754e-02,2.171597739954795048e-01,2.155760093362378282e-01,-4.511974007740961884e-02,-7.764240973555178171e-02,4.982667242919863564e-03,-1.266274712403003475e-02,-2.281370353549724006e-01,-2.857929218973921937e-01,-7.508226125119708827e-02,-6.726779112312103459e-02,-3.089378944154528850e-01,-1.746943447063856458e-01,-2.668632790055092685e-01,-9.124688116441639907e-02,-1.647476056335315520e-01,8.402928200705674089e-02,4.842367879632565875e-01,8.005938507524330561e-01,3.046368877845240797e-01,1.909930122667573282e-01,-1.008479658733966305e-01,1.208305333163639181e-02,1.602085507446663615e-01,-7.190815477857273597e-02,-1.208709500108417073e-01,-1.555707144816047272e-01,1.564800263708661654e-01,1.869643138107969782e-01,4.039294416691123213e-01,5.808698246728034587e-01,1.441511305731909831e-01,-7.257971075920019444e-02,6.121683915253316177e-02,1.237272437513679130e-01,-1.716733098253625800e-01,1.253861095186659114e-03,-2.065966279006124506e-01,3.182584832979460515e-02,-2.328157505958099172e-01,2.045640784836658677e-01,-2.680980830225396239e-02,2.482809080958561232e-01,1.587922779933246542e-01,2.194628363464162513e-01,-2.042217935368466075e-01,2.022342300930393341e-02,-7.160256228809952495e-02,8.624255900853312895e-02,-5.286012490937296304e-01,2.374246854932668405e-01,-3.044223296036098758e-01,-3.433220291817473679e-01,-4.688584120232474617e-01,-3.393323198328409562e-01,5.549114886062061353e-02,7.820713296717292373e-02,-3.385361958190329090e-02,6.477794029022262978e-02,-2.372387627793556483e-02,-1.577509729824284890e-01,7.106948658736338131e-02,-5.381449869351415463e-03,1.522960382231136611e-01,2.548457299658350994e-01,-3.351359342437727484e-01,-1.055609064690215815e-01,8.125020188528481180e-02,2.105027654920223756e-01,1.262607453585779527e-01,-1.332878336108718753e-01,-5.753195308420841828e-03,-3.104968710452077896e-01,-2.457401992237868982e-01,-3.118526468529916884e-01,-2.601956253728319179e-01,-3.480158168306739762e-03
4.441529502145895036e-01,2.576950377584488749e-01,0.000000000000000000e+00,7.001085154052723025e-01,6.512759064304255441e-01,3.980326797737433475e-01,6.561004558047135449e-01,8.824575845773327543e-02,1.429918685934388201e-01,4.111348029263531823e-01,-1.712672580315633131e-01,-7.281793037107698804e-03,4.972906817881099506e-02,-1.295601921242932053e-01,5.460682634775099187e-01,5.613075592340835973e-01,-8.161083880872703478e-02,-9.365855221236121797e-02,4.018181453018521143e-01,1.501890014222481418e-01,-2.384234398935395349e-01,7.136059499996792732e-02,4.820549346621437192e-01,7.269449568162661413e-01,4.514345899624817027e-01,1.959393690652912745e-01,4.831256382548491102e-01,3.033527281718267354e-01,-1.811182493440817165e-01,-1.447616183548538216e-01,6.878805919580015527e-01,3.993249774085685933e-01,2.465412419504932340e-01,9.684170250073534381e-02,2.039274738827403788e-01,3.133437746044678146e-02,3.251966617358505174e-02,-7.810450556669029654e-02,1.691697578547971259e-01,4.632588902823806531e-01,-7.754167743280250547e-02,4.936021308680340475e-02,-6.406609430201439803e-01,-5.643503341755921054e-01,-4.537908986936808886e-01,-5.937916214880725185e-01,-5.843656369459915290e-01,-5.493733725125062861e-01,-6.321691840182369626e-01,-7.401387045072375104e-01,-7.219127694311010535e-01,-8.028123810650213965e-01,-6.978929696189288823e-01,-3.833887310317361519e-01,-4.186611377384796273e-01,2.310079287895706185e-02,4.209173950027419453e-01,2.154321864761933047e-01,-7.965419735982713634e-02,3.225773560871507684e-01,-2.204686428774894069e-01,3.762907244899175302e-02,-6.357370484751530271e-02,-1.085299675813894416e-01,3.123598244442660210e-01,2.591157824426579964e-02,3.102772329342816104e-01,1.951084758340745073e-01,2.287645942613824035e-01,4.154974181966850644e-01,4.809581236359004586e-01,4.672921699626451097e-01,1.937366211978762964e-01,1.300185114375676521e-01,-1.550888517668980865e-03,2.829291362498481677e-01,-2.057612971635392266e-03,2.283338493197869801e-01,-3.693645455192145488e-01,2.781083252787855953e-01,1.185557670878849279e-01,3.576105454126156102e-01,3.150541107975924904e-01,5.780508962643402526e-01,-3.122896087234803761e-02,2.021291395568284854e-01,6.226368119769543075e-01,7.234435217552935837e-01,-2.061125984043940540e-01,8.823244396852419902e-02,-6.653441145386175259e-01,-1.723179645846582286e-01,-5.038996151502420640e-01,-2.744001575491501477e-01,-9.651092322450678662e-02,-4.311416792945779036e-02,-9.204209711992170084e-02,4.674990654595050782e-02,-1.650446847509704773e-01,-1.643203062743090748e-01,2.184957892443720739e-01,2.495801684748021332e-01,5.500851980548011610e-01,6.032182522434560434e-01,-2.627201446966547227e-01,-2.791932328539403207e-01,3.997266283073341864e-01,7.642707250500397897e-01,1.834464349099553804e-01,-1.064956540692117704e-01,-3.028221611616441211e-01,-4.079070157109976891e-01,-4.220921606845480789e-01,-2.626591199676846511e-01,-3.525537456754218590e-01,-4.394871141462446951e-01
4.887504895285943451e-01,4.959419173762622535e-01,7.001085154052723025e-01,0.000000000000000000e+00,5.690933313722690290e-01,2.693393744977874427e-01,4.097031946844111872e-01,3.440844124829076645e-01,9.437497924411372696e-02,9.395724425884559305e-02,1.382361358345037591e-03,8.225050273272108137e-02,-2.633479842721996120e-03,-2.539709908929794202e-01,1.769091843567586753e-01,2.250637242674781713e-01,8.039866013053841021e-02,-5.174950777350684206e-02,4.377106150906487358e-01,4.279802375259874059e-01,-2.762339212736750205e-01,-1.082964625569943495e-01,3.314229814466558843e-01,6.433392905295771680e-01,3.396973526692681489e-01,3.318328325359291842e-02,3.825530715456395559e-01,2.530445317446172182e-01,-1.249164044648381905e-01,-8.333009444826036671e-02,5.227489566550814759e-01,2.812165125742052685e-01,2.211216043551414989e-01,3.382818749514521217e-01,6.026694984356713997e-02,-8.743449762425761773e-02,5.982410224440964583e-03,-1.187012081527862549e-02,2.378460142203177585e-01,2.740102527558731516e-01,5.879257334295747567e-02,2.421164311254115076e-01,-4.141619676642617764e-01,-3.940779096187633779e-01,-2.267762578774267790e-01,-4.259187245845142966e-01,-3.974140835390204129e-01,-4.267921447398150270e-01,-4.843461776827200360e-01,-5.836201765299967592e-01,-6.731230678059093586e-01,-6.114217685963837523e-01,-5.720087514204906798e-01,-4.465735516870578126e-01,-2.228638360176850297e-01,2.121565745863747132e-01,5.267698300819829704e-01,3.899263742789779164e-01,2.270708485765545182e-01,4.264738538523615285e-01,-9.724597797706535651e-02,6.377463735282161428e-02,2.733759670398331482e-02,-8.561505958922632775e-02,1.058530034018685256e-01,9.205256984523851882e-02,4.035281583486519663e-01,3.735078732162767645e-01,2.100657995889100849e-01,4.962967733265155057e-01,1.997197698192493820e-01,1.130441392645101240e-01,3.427074966039324322e-02,-1.456767820107753193e-02,-1.623373088943087239e-01,1.014115633317929921e-01,-1.680470495060401026e-01,1.077885275750705418e-01,-3.921459781843360526e-01,2.461529345126469981e-01,-4.854914430267179629e-03,2.054098159964221071e-01,3.921327917639554905e-01,5.645697414752468557e-01,-2.267248526990715829e-01,1.276541453771644907e-01,2.842729461868730434e-01,5.223206310459923563e-01,-3.380164817318122572e-01,2.172234672992672533e-01,-6.029781383947393492e-01,-4.049162069642016082e-01,-5.856726827425993154e-01,-5.156524465951272118e-01,-1.249253466666174761e-01,8.550118210952264985e-02,-1.018119364123072773e-01,1.367295854558371326e-01,1.458708111722765294e-02,-1.750617745613314014e-01,3.084827634594801693e-01,2.730210376600251121e-01,6.260095946352305374e-01,7.103897906580437516e-01,-3.115680083909197484e-01,-2.443424956304652007e-01,4.410499060517066305e-01,7.400209888321996887e-01,2.362372165834524806e-01,-3.147895232063479543e-01,-1.474502569087644266e-01,-3.515527786957202694e-01,-3.562050064683980333e-01,-2.569149836719019642e-01,-2.636320439043764452e-01,-3.013085325403379588e-01
2.371052799468777728e-01,2.499924865770847826e-01,6.512759064304255441e-01,5.690933313722690290e-01,0.000000000000000000e+00,5.040062532133005035e-01,3.976531368886520590e-01,-3.369233929993543236e-02,4.855387490009019369e-01,3.632047198273799515e-01,-4.307239037713159885e-02,-1.196664755490558785e-01,-7.531079701573478724e-02,-3.926927459940485754e-01,4.310106116880922933e-01,4.101988378175319694e-01,5.562364399375793050e-02,-1.892310795907234111e-01,2.749593150050589352e-01,1.714655931251365673e-01,4.801110117214467225e-03,1.289927295736143231e-01,2.587443898847716084e-01,4.463519115068777521e-01,5.524114905924952801e-01,2.123641782611939977e-01,6.162237566782448051e-01,5.956892972001486264e-01,-5.855525945118565667e-02,-2.349538868912375844e-01,4.593054160847232503e-01,1.209286348566181585e-01,4.020644271785413920e-02,1.908201363910864631e-02,1.406894266076641753e-01,-1.046363997079577668e-01,9.415049530025795810e-02,1.399545392234156360e-01,3.383586911765498195e-01,2.422747085050502569e-01,1.470468696542424070e-01,1.242602755132259235e-01,-3.213105248725006136e-01,-2.974962057095830725e-01,-1.026724194131642919e-02,-3.429856891682723785e-01,-3.939474949094448619e-01,-4.873216145281749623e-01,-3.469030716380359647e-01,-5.658290273082497990e-01,-6.817112780059694233e-01,-6.037720834846543871e-01,-6.186271319066365404e-01,-6.164905994304933357e-01,-2.234778248320930527e-01,1.672727044829960263e-01,3.694475438004590218e-01,2.470950438091117918e-01,1.070544417438034912e-01,3.195282945487409321e-01,-8.772994844724331387e-02,3.919263156336492276e-02,-8.554264235359942958e-02,-2.229319389036127086e-01,2.871099870711473212e-01,9.604265557034381839e-02,4.656548315295566676e-01,3.458919406876957425e-01,2.198363276885044459e-01,5.397835428100229427e-01,2.527820209299028731e-01,2.147886135229320759e-01,1.083810802066227236e-01,-1.071795358756246763e-01,-1.105425726221248989e-01,8.901207960232193628e-02,-8.049159816704463954e-02,2.489364847432436190e-01,-2.210790528527205867e-01,7.429142804772448372e-02,-9.934427912054237531e-02,1.598839748111896830e-01,2.922149310234939401e-01,3.883495210432968969e-01,-2.038392915456698762e-01,-6.310577018060289922e-02,3.305734087844414137e-01,4.597425958663273193e-01,-3.213889853763263749e-01,1.563918606452885940e-01,-5.906793720006977555e-01,-1.926289153373861029e-01,-6.538252726338762422e-01,-4.815148309075315547e-01,6.790124194422619830e-02,1.319221761843911156e-01,2.725010250350567466e-03,4.512045579003313295e-02,-1.035209430028122407e-01,-4.554295925781596394e-02,1.152924844266872417e-01,1.409208730437004342e-01,4.238676063281898165e-01,5.592561098968824584e-01,-4.275198666137706160e-01,-1.897761215259324286e-01,3.215754347062136920e-01,6.137799889776173190e-01,3.344635222790855872e-02,-2.005923729859506177e-01,-7.427222990323242846e-02,-3.160417117443418134e-01,-2.848062314734266520e-01,-2.907489787998082664e-01,-2.144211673291460396e-01,-5.350856359807534823e-02
1.175481173172359534e-01,-9.029906010447978637e-02,3.980326797737433475e-01,2.693393744977874427e-01,5.040062532133005035e-01,0.000000000000000000e+00,1.375364975833848757e-01,-8.144846739172927964e-05,4.453969273077889590e-01,7.437059542323886108e-01,-1.338595504216994955e-02,1.675278836713523234e-01,-2.935012351054357427e-01,-2.016385018446063271e-01,5.158056883104412682e-01,4.500549575665193092e-01,-6.241164309663607690e-02,-1.441263765372982099e-02,1.280605558212845607e-01,-1.661036877286994062e-01,-8.212426789318047482e-02,2.260011591005295639e-01,5.139031612368388097e-02,4.549582645411253679e-01,1.946140852095280815e-01,3.051779492655993797e-01,5.650109926242105063e-01,6.261779586247364637e-01,-4.541077020298387584e-02,-1.049991965707323255e-01,2.525502048090669249e-01,1.529643382098999915e-01,-3.281374229061605891e-02,2.243324950816954350e-02,6.492475707891370851e-02,1.455873379773552634e-01,1.644114352626775133e-01,-1.643821323467724305e-02,3.746399264369829063e-01,3.455442703689032280e-01,-2.411289875954611417e-01,1.796801963222316098e-02,-3.981716055771831742e-01,-4.038223711987078968e-01,-1.753142517846907056e-01,-3.623927564134832302e-01,-3.428605473684168681e-01,-4.010827707782619322e-01,-4.760648823235764660e-01,-5.707116874815255647e-01,-6.474039756124022604e-01,-5.896703039911674882e-01,-3.816793614111333444e-01,-4.810731820218719923e-01,-2.679651384914195633e-01,-4.966232892410551297e-02,1.222552390736691280e-01,1.039219472379279280e-01,-2.284723290307935917e-01,3.417947957966212535e-01,-9.335080596051027746e-02,3.344683647694038364e-01,-6.845222770743289442e-02,2.056703172117184397e-01,2.106038384356452020e-01,4.083590275861492258e-01,3.650096264740646523e-01,2.346604905623669302e-01,2.780736300980728992e-01,3.256795603144427842e-01,1.814625156934237815e-01,2.554984291918287465e-01,1.860587603619717478e-01,-6.879853137922845030e-02,1.814566778559575377e-01,3.266964103055543522e-01,9.386458441046514889e-02,1.160109569512500216e-01,1.238772616727425516e-02,-1.963821327268451822e-01,-9.659922573187718076e-02,-1.256957957745502563e-01,1.401528883431705230e-01,2.190285458580114863e-01,-3.696123716781174462e-01,-9.479366711226959452e-02,5.154001005966385440e-01,5.366820452893643623e-01,1.729089347351003558e-01,-1.526083343815750476e-02,-3.702342611454157995e-01,-2.848931683532722747e-01,-3.376169118679154812e-01,-2.352212786745396245e-01,-7.165217842248874924e-02,9.298877153223863989e-02,3.682251235741088730e-02,1.553144036473135536e-01,-2.828161913030674546e-02,-1.433768719285739568e-01,2.471252958712612247e-01,4.391337195942670441e-02,4.095074177027180351e-01,4.062100978299393317e-01,-1.262065665160886641e-01,3.652440720767632237e-02,2.411569445090907260e-01,4.654463447345134064e-01,2.176900805678878281e-01,-1.693467507780275494e-01,-1.780971845786349581e-02,-3.398562587082197273e-01,-1.127495911695805819e-01,-2.530989073048629523e-01,-7.932338878126599102e-02,-2.155632380886202959e-01
2.273858117118848221e-01,9.252464081698325016e-02,6.561004558047135449e-01,4.097031946844111872e-01,3.976531368886520590e-01,1.375364975833848757e-01,0.000000000000000000e+00,3.576337290033166916e-01,3.880546667701296193e-01,2.977408028121031336e-01,2.589013265129443964e-01,-3.515023153758089353e-02,4.837394239388876915e-01,9.109103743469802728e-02,3.900022278094255057e-01,3.348245264900071017e-01,-2.460745792108609276e-01,-9.750753190410869908e-02,2.618370803972215333e-01,1.885676650902615159e-01,-1.687267460381388917e-01,-2.493569250010424510e-01,6.583610443717576866e-01,4.042046278840200069e-01,1.530206762148275668e-01,9.447606877182808047e-03,-5.656399829025229170e-02,-2.518749488108964346e-02,-2.861714051864009956e-01,-2.654159318857280403e-01,4.584492392206007683e-01,4.432945221925018164e-01,1.909587549804022677e-01,2.263953137130738091e-01,6.645752125185304393e-02,-1.573013342246573631e-01,-1.633032489841381718e-01,-2.297301498367120831e-01,-7.249552752913403231e-02,2.644618239728374065e-01,9.685491624648987982e-03,-7.979353018868028515e-05,-4.969761909766433061e-01,-3.695485244318985063e-01,-3.184558615788632974e-01,-3.652271247755026207e-01,-4.290917684049827541e-01,-3.967584927525610317e-01,-4.008922480540463296e-01,-4.464842505693609187e-01,-4.266190109950317444e-01,-5.808551787162594682e-01,-4.321752929909948859e-01,-1.863745343577462299e-01,-1.216300195752454683e-01,-2.084465339060878886e-01,2.948495212735832149e-01,1.626844622155897493e-02,-1.171823287523687251e-01,-1.234438226405882438e-02,1.993348491043574755e-01,1.386340560519628839e-01,-8.365546198831462499e-02,-8.772664858778672636e-02,3.654509043884319186e-01,1.804415746202741033e-01,8.250486543769462722e-02,-1.440503536516176408e-01,4.928492380099446088e-04,8.372616366417570677e-02,3.199241833208243957e-01,2.425302977351844747e-01,2.044369654699126071e-01,1.108432728845236970e-01,-1.109505220422703775e-01,1.362694920836829693e-01,1.301338512869805453e-01,6.818361943758492749e-02,-4.404333732723014205e-01,1.263308331468367962e-01,-2.715417837595854571e-03,9.996235505977453528e-02,7.010272369547435045e-02,2.435760739545745346e-01,1.250779433935390039e-01,6.773617079632858473e-02,1.673825064541974439e-01,2.689007559606250708e-01,7.468392178881594345e-03,-8.117591951854159771e-02,-3.962209809826416906e-01,5.049508396121891313e-02,-1.166154127888996833e-01,8.936494916684593892e-02,-1.020623004802961725e-01,-1.612046193841247532e-01,-6.711207856749366873e-02,1.064914560405314653e-02,-1.892308039427979260e-01,-1.628077793007038157e-02,-1.424408499994851175e-02,3.912868003335943645e-01,1.819388200219670959e-01,2.966790679613889870e-01,-1.401459104177960602e-01,-2.214654167567308707e-01,2.871908890994956942e-01,3.960242581842669529e-01,3.840779745275545165e-02,-2.401390174794125754e-01,-2.789237838526847368e-01,-1.906071203561958138e-01,-5.052252110780119931e-01,-8.727718877873281642e-03,-2.256347637339052303e-01,-1.359134025392478295e-01
2.572657961886042899e-01,2.700354752760439347e-01,8.824575845773327543e-02,3.440844124829076645e-01,-3.369233929993543236e-02,-8.144846739172927964e-05,3.576337290033166916e-01,0.000000000000000000e+00,2.570688784012367112e-01,9.960140907946953004e-02,3.527250109200182893e-01,4.682907309116664529e-01,3.658207455587481616e-01,4.555787227177699461e-01,-2.249081771549080525e-02,1.725934265173554027e-01,-1.102604598141684461e-01,4.394826562551584076e-02,-3.260754217509213848e-02,1.235504930497972192e-01,-1.292161399985748693e-01,-2.118908435543473689e-01,1.666375498649695086e-01,1.989906727243631879e-01,-2.863514124012254691e-01,-2.168461474387694821e-01,-1.740502182916130736e-01,-2.008140942202261414e-01,-1.271280335448162213e-01,-4.602243900322870729e-02,8.324571818731553441e-02,6.293571413731700870e-02,1.300813671912823821e-01,3.332033457134490062e-01,-2.435336534866162084e-01,-6.405816951260356884e-02,-1.845567108185443561e-01,-2.019738529320830589e-01,-1.070781769247708959e-01,2.890710695646423172e-03,-2.299088689076968575e-03,7.982538099748537341e-02,-3.331509530887458714e-01,-2.008129887892396437e-01,-3.015978493625648404e-01,-2.178739738863683661e-01,-2.831034969753650210e-01,-1.842730258267956944e-01,-2.756042517914248369e-01,-1.819639681883875593e-01,-1.703048215478037974e-01,-1.715884463385768111e-01,-6.022016574705286313e-02,-2.680930171945006268e-02,1.421955772564218734e-01,-6.249559141159758552e-02,1.688740994490232350e-01,2.240202992139913585e-01,-3.989317090087465822e-02,2.254068256250773006e-01,3.953021085877932439e-01,5.344035187611544391e-01,1.917763341100030550e-01,4.180876332213261937e-01,-1.579342388178667511e-01,3.135804688131401674e-01,-1.248338622961274458e-01,7.613665510232415709e-03,8.296970742930613596e-03,2.850344701883639632e-03,-1.169195336620104247e-01,-1.597887223089096698e-01,8.017490433736174094e-02,-1.270371658471643531e-02,-6.964935366800414918e-02,1.576703079235328708e-01,-1.158957672759058644e-01,-2.080186824400787754e-02,-2.351740732573162629e-01,1.183639925122100256e-01,1.280786257687591134e-01,1.306100286839369518e-01,9.753269119365529094e-02,1.794845942742030742e-01,3.997054791856315126e-02,1.580726010898982903e-01,-1.181176637194416984e-01,2.191772884786516093e-02,3.871504132017522786e-03,-6.308178468271569139e-02,-2.700542820078152828e-02,-2.414556203334470852e-01,-6.427241320965201843e-02,-1.393598811607546784e-01,-2.064842892526019547e-01,-1.021250419862291953e-01,-1.743646013279099294e-01,-3.643795365211909693e-02,1.679979341830260542e-01,2.752933731895602573e-02,2.598900730712552232e-01,3.563898447491484767e-01,1.467985866915222370e-01,2.466035712879064701e-01,5.166405945594230303e-02,-9.095580582723795937e-02,1.269339505558146064e-01,2.167907986206464299e-01,1.635915495544841558e-02,-2.938343654783062142e-01,-1.128746944029950516e-01,-1.943822860541301670e-02,-1.360820689753498014e-01,-1.528000359749923653e-01,-6.323474390870013895e-02,-4.796834265313839295e-03
-2.554124198572597093e-01,-3.510424578926830269e-02,1.429918685934388201e-01,9.437497924411372696e-02,4.855387490009019369e-01,4.453969273077889590e-01,3.880546667701296193e-01,2.570688784012367112e-01,0.000000000000000000e+00,4.026689453502036442e-01,2.795519404864125201e-01,-4.138633983756728751e-02,2.511606673088618291e-01,5.649041649695064893e-02,4.285026330293896235e-01,2.624459676190023516e-01,-8.247056331957897113e-02,6.655442502956357420e-02,-1.961436574320688520e-01,1.042650191420338261e-02,1.663067754342525267e-02,-1.931206176899327165e-01,2.109822901204639334e-01,1.344654584500704908e-01,-1.569394753087590896e-02,8.358950801956063770e-02,1.991740418566064208e-01,2.939433652872602276e-01,1.290462898024636457e-03,-1.353705230559406614e-01,-5.418507104911002986e-02,9.157248168406352529e-02,-1.114596621956531058e-01,8.032464780097350876e-02,-3.610271850989506259e-02,-1.244397316045320334e-01,-1.019205620271106255e-01,-1.228273813706590584e-01,-4.663819486622126226e-02,-3.793115691522732508e-02,-7.591673362661185975e-02,-1.492993758655379068e-02,-2.146015527828312452e-01,-1.652216633513622912e-01,4.033999510904356239e-02,-8.793265111016762559e-02,-2.003134032249292429e-01,-2.587065398734436084e-01,-1.835046336863190020e-01,-1.825551052659576956e-01,-2.529044617003822770e-01,-2.449322582318250729e-01,-1.409766441690652738e-01,-2.854898454492795778e-01,-9.305461199424525098e-02,-2.770492686354306677e-01,-3.137400779745395246e-02,-4.408210592574496496e-03,-2.010060761178942279e-01,-6.065842493712230582e-02,3.369009680637440884e-01,2.612089942512856866e-01,4.891961599433482938e-02,1.417682451448352698e-01,2.754509781610650632e-01,3.036581309026983311e-01,1.017282759336908815e-01,-6.474166185600949142e-02,-1.410048007069778231e-01,2.465687062231970705e-02,-1.093062585071975096e-01,-4.787172913166089228e-02,1.008016768391139240e-01,-1.441936329635062353e-01,-9.142614057788213400e-02,6.273205509966126026e-02,-1.834036972117584824e-03,-5.568704007261409197e-03,-3.461601821849030064e-02,-3.122244692272897748e-02,-5.729464174309038121e-02,-1.552555801301747085e-01,-7.412103388478688548e-02,-8.076217083146614018e-02,5.416417911859041506e-02,-2.258811855066537588e-01,-1.002402807912673582e-01,-6.778151034648192963e-02,1.565982159502400384e-01,-1.622536002612633699e-01,-7.910040035193857677e-02,-2.570491356966797536e-03,-1.230249078446974398e-01,-1.114790983445144296e-02,-1.006031142210233320e-01,-7.610467358623898559e-02,-1.515737717528694295e-01,-1.549983196676051611e-01,-1.096584678415291475e-01,-2.433602815668699584e-02,-5.330946587896407546e-02,6.786966841871396039e-02,4.271202061512635595e-02,7.859927124566019885e-02,-1.381679546491787133e-02,8.269921253950540674e-02,7.021982172767100849e-02,6.350597184640704995e-02,-1.234208216484024637e-02,-2.688828817572875840e-01,7.870975537201659045e-02,-3.899848530505477251e-02,-1.481362406246067298e-01,-3.116926129769343606e-02,6.551562062969482070e-02,-1.500933572731746705e-02
1.139204830449332267e-01,-2.475977768013882807e-01,4.111348029263531823e-01,9.395724425884559305e-02,3.632047198273799515e-01,7.437059542323886108e-01,2.977408028121031336e-01,9.960140907946953004e-02,4.026689453502036442e-01,0.000000000000000000e+00,-8.026791116198808695e-02,2.839496500644936861e-01,-6.980162022495836616e-02,1.207326232053014536e-01,6.205696519932052402e-01,6.952604716447164934e-01,-3.755293557611685262e-01,-2.229143915525271247e-01,-1.590001083131697274e-02,-3.591319494693228087e-01,-1.920847962912640428e-01,1.695257554682708390e-01,3.006627807786547146e-01,5.056748716297766455e-01,2.900151528400976009e-01,2.995842218277115498e-01,4.580925121758401830e-01,3.483173721867979244e-01,-2.373084223365127254e-01,-2.963792620652686005e-01,3.322317817886730196e-01,1.171147390967763463e-01,-1.018474775977328273e-01,-1.757891419087952156e-01,2.003989496610043552e-01,2.233031373507457229e-01,1.773860750023570076e-01,-1.250127497586723535e-01,1.177811883690031841e-01,4.478534802908819556e-01,-2.917630708241721327e-01,-1.106915470019364384e-01,-5.028720049210246845e-01,-4.695031962341049692e-01,-3.852736077960551841e-01,-5.081665503346213253e-01,-4.025760056188131819e-01,-3.820311791313786842e-01,-4.820629125525585090e-01,-5.405269339620645264e-01,-4.743726864145951239e-01,-5.580020097183132632e-01,-3.462089238246995881e-01,-3.142724508857002719e-01,-2.475354472854941479e-01,-2.909593239606212411e-01,1.358874780407409721e-02,-7.479689049604575091e-02,-3.294475586508438525e-01,3.039298110406981612e-01,-7.113239321809820825e-02,3.429605588045421261e-01,-1.373814396207569954e-01,1.856053813307354527e-01,2.642232971988011658e-01,3.218981174716585292e-01,1.401372579059955992e-01,-5.919096361990150955e-03,6.289058310667805518e-02,4.117860893972258990e-02,1.375229725772828260e-01,2.571984861103978615e-01,5.083109340780999491e-02,-1.209098048182299795e-01,2.084787870010956778e-01,4.607357071936666326e-01,2.613101699616631191e-01,2.077302680759311737e-01,-1.972612107907307510e-01,-2.054330976099801032e-01,-1.629815689650437882e-01,-1.368153089157308488e-01,-3.244654596560245935e-02,1.799845755374667733e-01,-1.410011184781479743e-01,7.894389609267062069e-02,5.651293418531818658e-01,5.586360704224977436e-01,2.657418016778299585e-01,-1.691077769645757400e-01,-2.631242647025133219e-01,2.758903822499435970e-02,-6.108685917991354269e-02,7.463594313334542818e-02,-2.398808807826213751e-01,-2.062604352347943149e-01,-8.570269056737764291e-02,-1.589299306309573459e-02,-4.510648553717857938e-03,1.634776719107087009e-02,1.310878049621823360e-01,1.811023878659919761e-01,2.891069619153459058e-01,2.816583174111818577e-01,7.797480721643519630e-02,-4.290010933068994642e-02,2.829805750647234053e-01,4.265154658950376376e-01,1.424439898257556514e-01,-1.369884999533625414e-01,-1.642548370164565730e-01,-5.119682037390551471e-02,-6.369261849854830626e-02,-5.479229136202443812e-02,4.564444802090342895e-03,-3.154885451447460021e-01
1.943506468117952302e-01,7.130512355216789278e-02,-1.712672580315633131e-01,1.382361358345037591e-03,-4.307239037713159885e-02,-1.338595504216994955e-02,2.589013265129443964e-01,3.527250109200182893e-01,2.795519404864125201e-01,-8.026791116198808695e-02,0.000000000000000000e+00,2.989780850886205599e-01,6.216898775514392295e-01,2.439380456692969712e-01,-2.235380008717607198e-02,-1.867328707348242245e-01,6.069298610895058205e-02,9.433415017268441394e-02,2.934165890619502282e-01,4.524668703430845262e-01,-1.124825076822866116e-01,-4.299859569516168989e-01,2.108367224783399673e-03,-3.157902330344287689e-01,-4.492103719921098359e-01,-4.781972642537881679e-01,-3.553866426239895571e-01,-2.483899550487896069e-01,1.452131273756938380e-02,-1.063312549085212999e-02,-3.787494203165597817e-02,-1.242178625999546954e-01,-1.763081692388430554e-03,3.003123554682168295e-01,-6.044152244172662503e-01,-5.871552934158462689e-01,-2.603391830908264870e-01,-1.879630049689575422e-01,-1.283648397852065193e-01,-3.362268509776705216e-01,4.551142829246995758e-02,1.832552674416708105e-01,1.609327610186424007e-01,2.207008322456630312e-01,1.310692223721078853e-01,1.634851614487964067e-01,1.512171947077849132e-01,1.262484419096550625e-01,1.827179560071919284e-01,1.388043080179084676e-01,5.407152003464355677e-02,6.210296112543511882e-02,1.597073378987253767e-01,-1.602913322391120998e-01,4.038371774007503134e-01,4.984757943498487054e-03,1.940359430857855061e-01,1.285118166424784880e-01,3.086457783501092567e-01,1.297581337733845208e-01,6.095970262219668756e-01,1.813120234816704146e-01,4.785539308661740932e-01,1.363488217757829191e-01,-2.702009113732887768e-01,-1.619507702946295161e-02,-2.045126411829133461e-01,-2.784305082910243367e-01,-1.170702604248309228e-02,-5.052933361527928158e-02,-1.981759296091791800e-01,-2.751312716037496164e-01,2.654419195241822151e-03,-1.038832390270898881e-02,-1.464528909036224014e-01,-4.484238916220023574e-02,-7.062738165334402074e-02,-2.024957668560465052e-01,-1.692562783711298591e-01,2.658677084306951266e-02,-1.348821036385840499e-01,-2.672350570305559447e-01,-1.082147055596115598e-01,-1.082830962431076127e-01,-1.327224350584680669e-02,-3.471545328424945898e-01,-4.517969621551366499e-01,-3.520440576788581577e-01,2.057932324575143315e-02,7.813443095071816169e-02,-6.088375324594493682e-02,-2.278051553552540298e-01,-9.464147144244577925e-02,-5.070348210155251056e-02,-2.691571302001002364e-01,-1.937365980485923622e-01,-2.710682853184595564e-01,-3.169070589688984807e-01,1.342032439454365067e-01,6.919897588505530273e-02,4.939724095792968200e-02,3.671171759262671364e-01,-7.116201696048822523e-02,5.268238390783761688e-02,-1.938288584699084660e-01,-6.258326780367884368e-02,9.301471708050257359e-02,-9.971759125895136855e-02,2.365667570827869898e-03,-4.330429692277988907e-01,-3.098166224983248465e-02,7.818368873862291402e-02,1.524884266872175882e-02,1.201114727723173563e-02,2.555214623805805024e-02,1.271293914027727401e-01
4.853885060493252634e-01,4.944769908289353005e-02,-7.281793037107698804e-03,8.225050273272108137e-02,-1.196664755490558785e-01,1.675278836713523234e-01,-3.515023153758089353e-02,4.682907309116664529e-01,-4.138633983756728751e-02,2.839496500644936861e-01,2.989780850886205599e-01,0.000000000000000000e+00,3.519217443256273531e-02,2.152362705280964905e-01,-6.793161374588643775e-02,9.611764895472850456e-02,-3.822425250926669849e-01,5.535959144771054191e-02,1.430626118712626516e-01,2.492173970088132351e-02,-4.011630247251299908e-01,-3.387436640494231321e-01,-1.178185490140743752e-01,-2.542201141273525006e-02,-3.013877177587419576e-01,-3.139791664945043026e-01,-4.109291361695797257e-02,-1.696968674259556886e-01,-3.431088322258539769e-01,-1.722638936288496680e-01,1.075379712015164108e-01,-4.847168531072319764e-02,8.823826952963692571e-02,1.342628807724392526e-01,-5.065538067865376082e-01,-1.436546874430983112e-01,-1.052110016869433201e-01,-3.694473161512585313e-01,-4.565114536151543279e-02,1.648413288823822043e-01,-2.474478718958956491e-01,-2.591482342183097642e-02,-1.467703997521797310e-01,-4.182139683498605626e-02,-2.346818611818074496e-01,-1.839897198198765516e-01,-8.307356222575283666e-02,-1.426859936409932347e-02,-9.702246641191790422e-02,-1.392075227869544463e-01,-7.660087133315528207e-02,-1.110947387971252531e-01,3.713951562108294691e-02,-6.940046290790505279e-02,2.135019599370050758e-01,4.486630227437307661e-02,7.527248084297240294e-02,1.459282142057846676e-01,8.414976867639796521e-02,6.343960903258665240e-01,2.443491663120396507e-01,5.471575868056054448e-01,1.375567732960828460e-01,5.406362368552708464e-01,-4.550252519649086724e-01,-7.085498786871073651e-02,-3.028358744005567663e-02,9.159840090195265142e-03,1.477183722265081323e-01,-7.870833667686660817e-02,-1.314112510533307354e-01,-2.049019580396216067e-01,-1.037912664631366055e-01,8.615528452712378771e-02,4.741081753782773189e-01,4.599487760108619816e-01,2.557281258686809958e-02,-3.363482877330525866e-02,-3.962936661084925372e-01,-7.817632247229033826e-02,-1.948506319557972433e-01,-1.912099248850038513e-01,-4.100537559681016395e-03,1.546563371297777212e-01,-1.670466315299379834e-01,4.823001985265662483e-02,2.331436659663872479e-01,2.505141676308855758e-01,2.251311772178932746e-01,2.069907384659750924e-02,-2.123513982605200745e-01,-3.601114888269808523e-01,-8.043442970270121839e-02,-1.127724964969818028e-01,-3.982243327496788887e-01,-2.157702530063740631e-01,-1.972730517375740067e-01,-9.924258542341182765e-02,2.926288760455904581e-01,-4.476551813160006832e-02,3.534089885545718679e-01,3.474535927635171162e-01,3.149004363508174920e-01,2.567012649812616121e-01,1.405094346113834880e-01,-9.953817066938448754e-02,2.433098650895548776e-01,3.091204162061663152e-01,-8.647287229202745354e-03,-3.829286825472097422e-01,-4.015502211802191579e-01,9.527141935201308143e-03,3.948417010697478219e-02,-1.059012669888012292e-01,3.082203227752326399e-02,-1.953270015001985493e-01
1.832759068597612827e-03,1.751185101337085145e-02,4.972906817881099506e-02,-2.633479842721996120e-03,-7.531079701573478724e-02,-2.935012351054357427e-01,4.837394239388876915e-01,3.658207455587481616e-01,2.511606673088618291e-01,-6.980162022495836616e-02,6.216898775514392295e-01,3.519217443256273531e-02,0.000000000000000000e+00,5.441055786402601013e-01,2.042241478112449271e-01,5.683951040578766323e-02,-9.706562287128717159e-02,-1.391653579474189939e-01,6.519705739913183445e-03,2.741591158508809301e-01,-2.076046092737332191e-02,-3.371922107319197393e-01,3.369573523395453796e-01,-8.965723545425086094e-02,-1.792415599214440824e-01,-2.072299023390891393e-01,-3.074209726639565154e-01,-3.520769391462557629e-01,-5.085154737679101894e-02,-1.307283340125472149e-01,3.892803280121425596e-02,-4.339353398937444151e-02,-6.069543848638380562e-02,9.013864993619530308e-03,-1.906826245872143000e-01,-3.569999937947788693e-01,-3.039342036087003818e-01,-2.082494785870318832e-01,-4.655784777641241434e-01,-2.783146696004115128e-01,5.636596262008491953e-02,-5.373631329646972460e-02,-1.291190002670825621e-01,-5.322492375998082170e-02,-2.592989743013692783e-01,-1.745746940852323514e-01,-6.364579959406133081e-02,-1.104405156857450349e-03,-5.828149240978505730e-02,-1.517842440984321366e-04,1.308167607413346922e-01,4.352866946851766117e-02,6.101503822184694420e-02,1.563355074208700735e-01,2.201422539187651573e-01,-1.448650392319374147e-01,2.222399525406059187e-02,-1.274709968892123457e-01,9.120462462761259187e-03,-1.585753816450894693e-01,4.222428111086677371e-01,7.096769102707560506e-02,3.099557803146233415e-01,-6.544768167726213413e-03,-7.198520092223503752e-02,-2.828033324253054551e-02,-3.310101608119679351e-01,-3.645767498868707768e-01,-2.947169211719535831e-01,-2.626064145837673225e-01,-8.023842866664190887e-02,-6.566696442260822053e-02,-9.887414130311106275e-02,-1.099743814847831819e-01,-3.204496950698723090e-01,-1.267276665541984537e-01,-3.721956512806041950e-02,-9.626082733981944015e-03,-2.873474042133313255e-01,2.221562681819624629e-01,1.045925722635236421e-01,6.859514992539665623e-02,-1.770785126070933968e-01,-6.214691910893975491e-02,3.750558143735115979e-01,-4.799405332035333767e-03,-2.959329394545182623e-01,-2.800172746854621142e-01,-1.208700462224125555e-01,6.464684334427997503e-02,1.436645582789636555e-01,2.140772634763305760e-01,1.325244959945433287e-01,1.988239976095869388e-01,-1.637974101175084796e-01,-3.356810511239540218e-01,-3.194306973723761711e-01,-4.243819148082391135e-01,9.642874200446209521e-02,2.016471156523388375e-01,-3.321116207778804230e-02,3.534840539031832152e-01,-1.942589117785884778e-01,-1.141502940138485328e-01,9.389299393012831563e-02,-1.211194864359332879e-01,1.501013997408323086e-01,-9.575895322021771294e-02,-6.522871844011392251e-02,-4.400977947261642403e-02,-7.236632656106536943e-02,1.225913667622973297e-01,-1.711871909783706930e-02,2.027405641697073435e-01,5.785068576554005908e-03,9.616793562996849010e-03
