0.000000000000000000e+00,7.126261282646326745e-01,7.565474018609918971e-02,9.227889447654594179e-02,-1.539283702525756914e-01,6.879586179474373765e-04,2.852319528776184332e-01,2.269805105369693543e-01,-4.561414069906046809e-01,-9.583688300743423150e-02,5.339856754220051460e-01,4.926551910826841296e-01,2.029022916620082106e-01,5.059548036054636322e-01,-1.391601774886712384e-01,1.520964242371966868e-01,3.427754888917353138e-01,-1.400164269384352733e-01,7.075614608339303446e-01,4.750336337905607942e-01,2.549613028028675787e-02,1.557409292417098190e-01,7.924480289356358731e-02,1.782245248503007765e-02,-5.576980089843882604e-01,-6.627674644045339347e-01,2.545918364246340659e-01,-3.429275734097474437e-01,3.484395338672466869e-01,1.477076319034857366e-01,3.538720366567248421e-01,-5.568393406114699462e-02,1.376660099932860426e-01,3.752678247698199576e-01,-2.985507887171257591e-01,-2.821355097942523926e-01,-1.121868673437863978e-01,9.535331301217388200e-02,-5.217457499805029375e-01,-2.407219864513323315e-01,-4.244494902622173993e-01,1.201893414788597625e-01,-3.473245325298938146e-01,-4.263350568379721817e-01,-5.297866925301644159e-01,1.092179086375905106e-01,-3.168824170150422725e-01,-2.187616623382576120e-01,1.268765206636261189e-01,2.704965809127998222e-01,7.663587940746867258e-04,6.503330297537658622e-02,8.701702602384536744e-02,-8.298167116632755580e-02,-1.433797326767173308e-01,3.979383860367365910e-01,5.830252550914691856e-01,5.262255301579730205e-01,3.904516742613091396e-02,3.540613279917442235e-01,6.150596281919199632e-02,7.932912272395972741e-02,-1.855690302498239075e-01,1.165609953465106818e-01,-1.053757118582651781e-01,-2.889209620484484153e-01,-2.076177333208678588e-01,-3.079580434867200678e-01,6.108068767223842066e-01,5.016503320127894128e-01,1.185508258350964107e-02,1.349582806498654253e-01,-7.532517898494883735e-02,-1.584051287033806099e-01,2.208538917349072428e-01,3.830240971986803022e-01,-2.716887938859313678e-01,1.556488419605515927e-01,-4.787418673673067282e-01,-2.599252206163633616e-01,-3.201993898466919952e-01,3.009286051699071041e-01,-8.943393580345412874e-02,8.317394835931889163e-02,-9.361484537294695318e-02,1.273560753964271819e-01,-6.205338313231130165e-01,-1.246876633539283352e-01,-5.161602857930892574e-01,2.970924067874545701e-02,-1.642192650793274367e-01,-2.027717078337129275e-01,1.053807638142983082e-02,9.499090193159259732e-02,4.193522219529033368e-02,4.273986763639706782e-02,-4.141722810957478296e-01,-8.807769483721858417e-02,-1.463451179571524929e-01,-3.589960917382467587e-01,-2.955827103615407125e-01,1.414480956252121002e-01,-2.283499502418527560e-01,-1.991126721896423757e-01,-2.070430503249801601e-01,-1.397562474361727924e-01,-2.069033679143561510e-01,8.079738174400076522e-02,2.647854310856714299e-01,1.388367451201764045e-03,-3.469225950396681024e-01,-4.707509039797270201e-01,-5.900264417339893264e-01,-1.628467786638478632e-01,1.899598003227740417e-01,-1.816229375495924669e-01
7.126261282646326745e-01,0.000000000000000000e+00,-5.503377557617971511e-02,3.705849748126719967e-01,-2.811965675584081059e-01,-7.210436048069848725e-02,-2.423592393534529724e-02,4.116427745447743813e-01,-3.754946577585164258e-01,-1.813639342835317303e-01,3.159181288822914269e-01,5.186492560072466507e-01,-1.803826767937566009e-02,2.313093258804692076e-01,-2.239834105173713896e-01,1.905935624919758986e-01,2.073627952592651813e-01,5.002183863530450941e-02,7.510753144220960742e-01,7.913868519956068770e-01,1.124776566210552824e-02,-4.941315419958909605e-03,-8.298692213797929929e-02,-8.646134994805813878e-02,-2.859591056784874796e-01,-2.514622240187003865e-01,1.222192695145576657e-01,-4.471218979266694538e-02,3.423273025605532704e-01,2.141862533513815836e-01,1.824856040268829638e-01,1.799635569642472066e-01,7.528075756088907500e-02,4.248896002250293069e-01,-4.085283865149197946e-01,-4.890589101590995247e-01,-3.604515420053559516e-01,-1.993854661166761522e-01,-2.603324137380998438e-01,1.328443868412459115e-02,-2.979202093738907431e-01,-4.688077104956900332e-02,-3.635159108637096570e-01,-4.116112122681458985e-01,-6.403009227773536205e-01,-3.646280165619544128e-02,-4.169547079224935615e-01,-3.533174319730221224e-01,-1.361483972744696735e-02,1.190812921071998376e-01,-1.940776633234401471e-01,-6.560648053095288756e-02,1.643825821451286029e-01,6.357142123585510229e-02,3.491467988809973839e-03,2.633219816088662735e-01,8.434503177178744870e-01,8.543767428908761730e-01,1.478913695603399636e-03,3.391413123796552243e-01,-1.110273448372897653e-01,-1.831206456352171136e-02,1.067263951802911309e-01,3.444302847698132442e-01,-3.829071599280142735e-01,-4.622375744753647875e-01,-4.791622545042467096e-01,-4.805798565452218951e-01,8.404193214190583960e-01,8.579466988179798026e-01,-4.418680814325508938e-02,-6.991555988109893205e-02,-2.694969798726757904e-01,-1.244935594803990714e-01,-9.831837046375561939e-02,2.237342387949912692e-01,-2.734214433330116045e-01,6.046588196058443054e-02,-1.487587119188878704e-01,-1.630396073211870800e-01,-1.100965423100192797e-01,9.914746591702072731e-02,6.241445127662759162e-02,2.383367317738721014e-01,-4.144835764200793249e-01,-4.167185348248812760e-02,-1.414021494761857900e-01,5.300048374812702662e-02,-2.219000373074256627e-01,2.233117680607534239e-01,-3.048353516944912189e-01,-4.895032007785922179e-01,2.829971905935280488e-02,-1.734047285939536304e-02,1.135573055164410677e-01,2.298748379789680440e-01,-3.515890575756061565e-01,-1.190089581312961803e-01,-2.145902179912461127e-01,-3.959663600414272122e-01,8.803621577297716938e-02,3.243329736582258871e-01,-7.199437474551238086e-03,6.004564299391960958e-02,-2.801242652070313199e-01,-2.617670125570140671e-01,-2.161902965895555195e-01,2.652040186188121540e-01,2.412059609593895093e-01,-5.303336646472509019e-02,-4.589804545439410410e-01,-5.551846751498967780e-01,-2.745808306556745682e-01,-1.528885421617407203e-01,-2.064744116569521351e-02,-3.364909049939645014e-01
7.565474018609918971e-02,-5.503377557617971511e-02,0.000000000000000000e+00,5.622602594393815156e-01,5.279930064717863747e-01,5.044299857877886373e-01,8.170795499469553080e-01,3.598028020062163379e-01,2.495756940816771519e-01,3.325271875204386385e-01,1.896976353190785516e-02,-4.134046429885535612e-01,4.099734989625902215e-01,-1.895799251606349739e-02,5.627540650288892499e-01,2.954756843322201565e-01,-2.888367110797872006e-01,-5.452771204080637535e-01,3.580723780751176033e-01,2.329898185599641944e-02,4.892026311936219229e-02,2.803731589176530759e-01,9.020482481729444890e-01,8.894857399383715446e-01,-2.309455232437523653e-01,-1.185368344179270894e-01,4.295049973251106046e-01,8.209954835649647953e-02,-4.212130150314190025e-01,-5.295481092640741405e-01,4.581235580255568762e-01,2.978856168516901270e-01,4.722988460604010119e-01,2.831505028433356497e-01,6.667775517642888783e-01,6.284493658745996525e-01,6.421141059396205664e-02,1.352353873773422602e-02,-9.727848158241024501e-02,-7.831552664546292952e-02,-1.595452023848700218e-01,1.105129385814771631e-01,-1.186144583732794688e-01,-1.129345105847776171e-01,-1.349169131925968823e-01,-1.886446738687662661e-01,-1.375686688992387163e-01,-2.634722904085354256e-01,-6.845281654060229037e-01,-7.760437592859037448e-01,-6.249432197614810391e-01,-7.462509408358470875e-01,-5.204976763288786668e-01,-6.762570334248354520e-01,-4.320412563513744697e-01,-3.529599264588906826e-01,-2.045500767647918383e-01,-3.979811253695642592e-01,-4.285991879065864651e-01,-6.505171177048995057e-01,3.004222470049217608e-01,3.514045983961449626e-01,-3.150797638661271272e-01,-4.769412068246861036e-01,7.233268424751601033e-01,7.014458775150643755e-01,6.458983346007438620e-01,3.741224657374195295e-01,1.437918964391307342e-01,1.199249781962464373e-02,1.691959601925254464e-01,3.622861892354968805e-01,1.691935290284035664e-01,2.779797038939556611e-02,3.626321010855968474e-01,2.113016928336400868e-01,4.794553878622007659e-01,3.400195977048618423e-01,-4.031101302948503218e-01,-2.719322030911508481e-01,-5.237711072456209260e-01,-2.195428252152216986e-01,-3.058749725598949309e-01,-5.671861360733241320e-01,4.329876063984720025e-01,-3.502246790496574280e-01,-3.227139625262657741e-01,2.778916354524821677e-02,-5.232830437633300552e-02,-4.388737426849517176e-01,1.262169631179277385e-01,2.433546550424309785e-01,2.302293529768088542e-01,5.317516676096768480e-01,-3.177983678672882673e-01,-4.091611165324666177e-01,-3.300297355915501885e-01,-3.137629000425223302e-01,-2.793303203306062854e-01,-1.865790317061342685e-01,-5.280489470434243104e-01,-2.016345356114526144e-01,-4.751885101948756795e-01,-5.245044792996025329e-01,-1.406004825029271432e-01,3.105448863490637736e-03,-1.877377632139314856e-01,-1.480773197668561469e-01,-1.065070068220279192e-01,-2.469457609585909708e-01,-2.276872297953679014e-01,-2.661011344196231310e-01,-3.923874143082256016e-01,-3.629168984894671213e-01,1.722639871474677953e-01,-1.273411940604755044e-01
9.227889447654594179e-02,3.705849748126719967e-01,5.622602594393815156e-01,0.000000000000000000e+00,2.477565004728671250e-01,3.833080339514081114e-01,3.747513080282985909e-01,6.445220238170679128e-01,1.789708084128330268e-01,2.888161419691386289e-01,7.129561301044616550e-02,4.350019252873633252e-02,2.018118512735007086e-01,-2.306169375740685923e-01,3.491998610410577686e-01,4.807688230670935092e-01,-3.033763132778081184e-01,-3.995103583983430351e-01,5.949962430889800258e-01,6.125905005134948400e-01,3.214878262506235679e-02,1.155955329837703334e-02,4.499027806113634065e-01,5.133174375569543590e-01,1.008611339553355385e-01,2.837330082741197912e-01,2.760684579010033723e-01,4.220792247330554248e-01,-1.518724715295755867e-01,-2.128156437540175139e-01,9.024263522088803169e-02,2.879054054861622802e-01,1.269056470494865363e-01,2.331405413085846645e-01,2.559304651006867881e-01,2.162616285348542278e-01,-2.560621321145851170e-01,-3.513171803324273701e-01,9.342792875080209447e-02,2.527476455183730875e-01,-6.527996748709471997e-02,-9.290939254378204060e-02,-1.366699257167533765e-01,-1.042743504712962538e-01,-3.713349288270625936e-01,-1.970862252066601650e-01,-2.770401189676253151e-01,-3.333803651295413339e-01,-5.532265149992202646e-01,-5.759175540306618046e-01,-5.813890533720157405e-01,-5.123764443163071336e-01,-2.986158618458863989e-01,-2.816521781713288708e-01,-1.869380735967344220e-01,-1.164508110617333142e-01,1.877443493312769551e-01,1.196577254878589402e-01,-3.368634605741406829e-01,-3.738124939545421910e-01,6.153922887454495172e-02,2.960716661968005314e-01,1.141496762609035681e-01,2.028603528631246419e-02,1.772414967856278945e-01,2.922570644192088452e-01,9.965369148887180673e-02,5.925156963103075936e-02,5.205359460980995001e-01,4.668258947701879324e-01,-7.278967534816037366e-02,-6.672075115296218287e-03,-1.395887764997959524e-01,-1.667533535934256350e-01,-1.527476952342087246e-01,1.207918648836614900e-01,2.923145922170054534e-01,2.528171112805736587e-01,-1.502985968016031515e-01,-1.654001651429334863e-01,-2.520601248916765624e-01,-3.734791491633353000e-01,-4.794841780980984430e-02,-2.199089782412323446e-01,-1.163862563722841970e-01,-1.872858635408178596e-01,5.615306249477980405e-02,2.110539481213147273e-01,6.346123291197061644e-02,1.376220276136573550e-01,-7.364813099651690287e-02,-1.150145162305217100e-01,7.476953507416857214e-02,4.233606855109882106e-01,-1.945461358922618011e-01,-5.044080476431314630e-02,-3.843464048619035234e-01,-2.980015602554432208e-01,-3.241038456959753344e-01,-2.347891825768993190e-01,-2.663139457580320987e-02,2.820082766593690615e-01,-2.733459305303708176e-01,-6.019420762436931277e-02,-3.130674635882652046e-01,-2.031532881324173700e-01,-3.117099500699932468e-01,1.951148764428379534e-01,-1.733093307083903301e-01,-3.334174055820097737e-01,-3.790883684610341642e-01,-3.575063598115831298e-01,5.754402561978266481e-03,-5.118208110597723959e-01,-7.702931718124894633e-02,-4.868840033006291423e-01
-1.539283702525756914e-01,-2.811965675584081059e-01,5.279930064717863747e-01,2.477565004728671250e-01,0.000000000000000000e+00,8.078018318045819823e-01,5.447927473382577768e-01,1.683246168247261865e-01,6.648510234721758394e-01,7.228724717983010528e-01,8.547745170222614819e-02,-2.153906296191266112e-01,2.991236984229156404e-01,3.612258981222372239e-02,4.838574685297467592e-01,4.071651189873610743e-01,-4.885657482199536328e-01,-6.445797854255387316e-01,8.849247128443116575e-03,-1.200993139570965679e-01,-2.980808735004072604e-02,1.401474054288005533e-01,5.985332913099038477e-01,5.713162353715425246e-01,2.743152055949218404e-01,3.011505295959803208e-01,6.543031616453807153e-01,4.123697371035566217e-01,-4.083464931280009202e-01,-5.114300708721571942e-01,1.837600697821741569e-01,4.292933770402038857e-02,1.403262264637777090e-01,1.018892323395611255e-01,4.972989116107456864e-01,5.493842167595363035e-01,-1.327064130306984391e-01,-3.307632539080800904e-01,-1.931869305604280440e-01,-1.845914000094664720e-01,-2.417284313814114516e-01,-1.279878978290434066e-01,-1.349533533041547828e-01,-5.197749150668354995e-02,-3.176623637952607354e-02,4.513259676770306830e-03,-8.678865038621881578e-02,-9.258184340658393019e-02,-3.600882874565441982e-01,-4.451421429905199068e-01,-1.972729339595452325e-01,-3.419917025803120847e-01,-2.378128628296931613e-01,-4.237528904347117598e-01,-3.657223489931396010e-01,-1.450395653607769730e-01,-2.830123103736151835e-01,-4.011100437938928676e-01,-1.236242697493879078e-01,-3.559799425127738726e-01,4.305786276124962675e-01,3.644604981533094423e-01,-1.678734738142211302e-01,-3.185755047757271585e-01,5.755016051048620351e-01,5.333321279253966374e-01,5.369775813090283956e-01,4.550980090917660092e-01,-1.621687942675013316e-01,-1.710414339659427074e-01,2.689390722485425766e-01,2.439996835566679845e-01,9.787202496086379322e-02,1.131496802170555982e-01,2.180045990874106554e-01,1.627201414175598881e-01,3.398434817776885275e-01,2.190436581546077455e-01,-3.131764552021807924e-01,-4.675458801619781779e-01,-3.359670774205016919e-01,-4.207638405988760599e-01,-2.803907886854485887e-01,-5.985856474275136341e-01,3.923986605282082096e-01,-2.537256386946714071e-01,-1.649059984205413498e-01,-3.015686866748658670e-02,1.226747083931686855e-01,-4.250901736003523945e-01,6.248447825089490509e-02,4.019582650554326397e-01,2.169931906222215268e-01,5.940205254422136205e-01,-3.420573729021483822e-01,-3.683728016218251189e-01,-2.413948473687977658e-01,-3.497969228290354615e-01,-2.053977049825493617e-01,-1.515019753210901932e-01,-5.045553143315270050e-01,-8.158340535216586364e-02,-5.426563076195517477e-01,-4.797881184139550781e-01,1.451099644615320115e-02,2.474942161351689762e-01,-4.971917679231198650e-01,-3.923423171307788837e-01,2.049253501506333522e-02,-2.452931185321638174e-01,-7.649027575687220026e-02,-5.100579131723200627e-02,-1.838979300363076663e-01,-4.376463413296856064e-01,3.659701884037862007e-01,-2.041730290812555360e-01
6.879586179474373765e-04,-7.210436048069848725e-02,5.044299857877886373e-01,3.833080339514081114e-01,8.078018318045819823e-01,0.000000000000000000e+00,5.098943909634224836e-01,3.555268089731145054e-01,5.446073616750507496e-01,7.882995744742732347e-01,2.218100328173135960e-01,-6.234898460539207987e-02,3.371060157920030553e-01,6.989390825366749438e-02,4.632124071251368935e-01,5.932969127476255267e-01,-3.985238974650769928e-01,-5.710055740892341358e-01,1.763154951797344661e-01,1.161107796947611487e-01,-3.864421187270742492e-02,9.292497725605554371e-02,5.303344364940107969e-01,5.742362147849734422e-01,1.727539757202053716e-01,2.875762817235283930e-01,6.806875458242428456e-01,5.725856451020618909e-01,-2.324357928236589488e-01,-4.045361742722813347e-01,2.810324322108523343e-01,2.489805164934632553e-01,2.373803256690494301e-01,3.394343847268124215e-01,3.766048459896800815e-01,4.186380146647579181e-01,-3.454044305905020207e-01,-4.504651171941563836e-01,-3.631262615442319985e-01,-3.229743974665519324e-01,-3.625544856654794867e-01,-2.373668274496998909e-01,-2.261293973665783330e-01,-1.534893989704413930e-01,-1.340361192137399515e-01,5.641598079016319628e-02,-2.183155258943864085e-01,-1.885274164495783777e-01,-4.145519548551832023e-01,-4.838901526667648278e-01,-3.694832985316777729e-01,-4.713628790906403965e-01,-3.017311545770479109e-01,-4.230768656372039249e-01,-5.095217987926888847e-01,-1.830747202125874995e-01,-2.238859034209358251e-02,-2.004328811050559711e-01,-1.750103646475920649e-01,-3.201015189403966232e-01,3.957620875649575098e-01,5.124292602331173008e-01,-1.251523305378583577e-03,3.433883920896441122e-02,4.503493347894789167e-01,4.823867005755678727e-01,4.194696601221157839e-01,3.906981871356143832e-01,3.183516962431109237e-02,7.898344090174048981e-02,2.930914664083873467e-01,2.792902441209093589e-01,4.619159524254479524e-03,9.512804994794454849e-03,1.648218369083055412e-01,1.501553980480544725e-01,1.402479360791792640e-01,9.308438610549597814e-02,-3.169768343607795025e-01,-3.982596035960873082e-01,-3.648048406976677760e-01,-2.922929984492680378e-01,-2.622646884096959119e-01,-5.831082738538230226e-01,2.170730525736487559e-01,-2.172350979511690483e-01,-2.755058183858540843e-01,-7.115929377638320792e-03,-1.528000431388877589e-01,-4.424530298442654885e-01,-4.422502457083393734e-02,2.912939515499353149e-01,2.071319756771269616e-01,6.148812437129845820e-01,-2.878737714402517245e-01,-3.143197477756862201e-01,-3.718344664410385692e-01,-4.502724463313393932e-01,-3.268689339779767833e-01,-2.765479557532895538e-01,-5.070227209223581166e-01,-8.746834165011100476e-03,-5.183879713910005682e-01,-3.860547744591372177e-01,8.682208682879397066e-02,3.082506147715536882e-01,-5.762695025705151242e-01,-2.750524691464075189e-01,1.888663068099467601e-01,-2.668398282291284396e-01,-2.692918431354480724e-01,-2.416842561018474611e-01,-3.203161825997622447e-01,-5.327406914388472803e-01,4.166211359008912818e-01,-2.786781244911941124e-01
2.852319528776184332e-01,-2.423592393534529724e-02,8.170795499469553080e-01,3.747513080282985909e-01,5.447927473382577768e-01,5.098943909634224836e-01,0.000000000000000000e+00,3.679145188259435595e-01,1.309891329581850949e-01,2.623890900478785815e-01,3.515245191150295212e-01,-1.938607211633180949e-01,6.201380525216168005e-01,3.025307127577799848e-01,4.650919981398292657e-01,3.296654494424224868e-01,-1.773118873475136026e-01,-6.088593761929164128e-01,3.447627800255104735e-01,-4.721169365522302763e-02,-4.759199140968712466e-02,1.761786478345621909e-01,7.794425035878876917e-01,6.983661460104775287e-01,-3.445607927094130885e-01,-3.050531059891169461e-01,5.061608489837701175e-01,-4.898433765252266370e-02,-1.871452195846960709e-01,-4.198768118287748985e-01,6.176359918137510618e-01,1.895477087714403652e-01,5.015280186043016286e-01,3.839591894699195818e-01,5.425280677288953912e-01,5.628776165064037773e-01,-7.283549772899723662e-02,-9.251171440788219166e-03,-4.413056651543714182e-01,-2.955336284828045113e-01,-4.471471715125551749e-01,-8.007873930978527677e-02,-2.672894261723042786e-01,-2.597942938960514092e-01,-2.309080635195909226e-01,-4.182088665796197813e-02,-2.760460726734204062e-01,-2.611269555119471453e-01,-4.980197249733063214e-01,-5.535118258200211194e-01,-4.742352766557638155e-01,-5.853372827759539820e-01,-4.925736684456695769e-01,-6.916073182356471394e-01,-5.973424587782825146e-01,-2.276119855639824052e-01,-6.424220457260951256e-02,-3.132008578882816141e-01,-1.911096849987727886e-01,-4.260469102755388149e-01,5.310256282476719658e-01,4.079699409660989540e-01,-3.558820786054224805e-01,-3.797746314921359168e-01,6.648859260171684493e-01,6.301375530120867374e-01,7.048210475740597225e-01,4.488573350133754913e-01,7.820454279279909215e-02,4.704484769305401597e-03,1.052371731323846343e-01,4.007826491571623850e-01,-1.645165801109485862e-02,-1.176887196247589917e-01,4.021364117477427280e-01,3.079375067973698643e-01,2.173766312746747698e-01,2.593426591141070880e-01,-5.526605536294592058e-01,-3.495324328589862750e-01,-6.802765368738885599e-01,-1.990238083179617368e-01,-4.116218693093725567e-01,-6.022535144559416631e-01,3.314433436072066197e-01,-3.484021999255297319e-01,-5.987045019738800322e-01,-1.294756604962427338e-01,-2.699724270950470406e-01,-4.967673977099760219e-01,-4.188459892377441318e-02,2.089683649584663794e-01,1.369773895070495184e-01,5.238578493534084002e-01,-2.861864209983449037e-01,-4.493741810451427621e-01,-4.453950611432351825e-01,-4.269234659790004383e-01,-4.213439134291587229e-01,-3.401581303220881369e-01,-6.704977861881320500e-01,-9.881335758665940605e-02,-5.029857761849135800e-01,-5.047691399109606181e-01,-1.804846717218937246e-02,1.643681803423324150e-01,-2.735000565953678575e-01,-1.732782450995818957e-01,1.370124222912078860e-01,-1.447454891798779786e-01,-2.886114965256825760e-01,-3.763880617869450051e-01,-5.956128740165701485e-01,-3.752804882874877790e-01,2.822111293334880755e-01,-2.276869738434273149e-01
2.269805105369693543e-01,4.116427745447743813e-01,3.598028020062163379e-01,6.445220238170679128e-01,1.683246168247261865e-01,3.555268089731145054e-01,3.679145188259435595e-01,0.000000000000000000e+00,-4.711212217109340961e-02,3.016380887855304449e-01,2.538448847166392963e-01,3.488534163089230256e-01,2.250803665276749355e-01,2.878671583986600058e-01,2.220130170774975431e-02,4.528368703139588058e-01,-2.947951114743771472e-01,-4.069197874875993270e-01,5.128050239115709008e-01,5.487459840537445288e-01,3.975070734584964377e-02,7.604624990013786161e-03,2.520233574481423600e-01,3.336543672169500208e-01,-6.509402085051989306e-02,4.661987779731006920e-02,4.038018835031145226e-01,2.515728135302482960e-01,-2.412844682810627236e-02,-7.995720068500616895e-02,1.403677055595723144e-01,2.974361346940471718e-01,1.278916298830864995e-01,4.938437540183767127e-01,-7.104255265683022402e-02,-4.752659900875124549e-02,-4.369349695027897607e-01,-3.778890364400321333e-01,-2.349504061609884176e-01,-4.671160106389015548e-02,-3.495263591156944627e-01,-2.065161430587350300e-01,-3.965908832298357112e-01,-4.596895799396708560e-01,-5.437536617445156706e-01,-6.087810337483706702e-02,-5.023514777244408869e-01,-4.300689722458655995e-01,-4.098766127955668637e-01,-3.161305380013868516e-01,-3.995920639502194560e-01,-4.088359837998051249e-01,2.009509938601847234e-02,-1.727747168099440789e-01,-3.311853717382208240e-01,-1.952833997240835395e-01,3.762341241707389261e-01,3.059643920728478128e-01,-1.066521505949536291e-01,1.873461563139708005e-02,2.116161684383950359e-01,5.441193971677660279e-01,-1.480487168935264164e-01,2.313691992530003405e-01,-1.816748631072341857e-01,1.165685983314386914e-01,-4.811880125610711739e-02,-8.754055672403129873e-03,4.316251239479366730e-01,4.454509846585463229e-01,-1.834638166441281415e-01,-1.025163404218477209e-01,-3.850970693281893786e-01,-2.549521182023883892e-01,-1.159179436044912720e-01,2.502702647599781838e-02,-1.278389081206479927e-01,4.784158404584355068e-02,-2.241435813494352391e-01,-2.537908558899870104e-01,-3.442777121495818604e-01,-4.401295303245213453e-01,-1.394824544529770505e-01,-2.522501633295843315e-01,-4.231909714015654189e-01,-5.022742962438225822e-01,-2.909932685934377705e-01,-2.059667647963590309e-01,-1.958492461573263788e-01,-1.615580364419221815e-01,2.345466294798910153e-02,-3.072047110502840184e-01,4.796407536377941261e-01,3.559661134831363372e-01,-1.657024584011356771e-01,-8.371259168376884996e-02,-5.215215691715592294e-01,-4.722904114244933504e-01,-3.909981055033454611e-01,-4.254026125625883226e-01,-8.188359688350117793e-02,3.078444302660313103e-01,-3.062220024320476131e-01,-1.971407643238892171e-01,-1.266077588684820232e-01,-1.601993000033695158e-01,-3.729293512396643639e-01,-8.233306427634960734e-02,6.398652119092942958e-02,-2.660808670991273162e-01,-5.420911185149859257e-01,-5.961770565242460185e-01,-3.088612139225491715e-01,-3.770139728561995862e-01,-4.035935833028444358e-02,-2.955342132464316984e-01
-4.561414069906046809e-01,-3.754946577585164258e-01,2.495756940816771519e-01,1.789708084128330268e-01,6.648510234721758394e-01,5.446073616750507496e-01,1.309891329581850949e-01,-4.711212217109340961e-02,0.000000000000000000e+00,6.767370554884635236e-01,1.215504517112507149e-01,-8.322411310204048951e-02,3.458449371703224418e-01,-2.313051332883627464e-01,4.151981031900764396e-01,1.903673708189546898e-01,-5.299300954868484403e-01,-2.567324981317902766e-01,-3.059683915461549053e-01,-1.903812619977559573e-01,-1.439015783661642678e-01,-1.215620690623940153e-01,3.046369467498435402e-01,3.496631684315104072e-01,5.485634908544794186e-01,6.152106071797399656e-01,2.821368235486792497e-01,4.336948727229587019e-01,-4.842000666342071713e-01,-5.311902778865033037e-01,-1.305526940602144137e-01,1.886534790320642391e-02,8.438245893270071574e-02,-1.108932261978284595e-01,4.855636331202581313e-01,3.615605169177119604e-01,-1.149389568421459451e-01,-3.173315142432749925e-01,2.297488473523478236e-01,8.295967558760233840e-02,1.096009343890741840e-03,-2.220899789657838075e-01,5.261596162264118443e-02,1.660502267605282745e-01,2.030064349489417164e-01,-2.237535772344425855e-01,2.022812359001208704e-01,2.938094660823663273e-02,-3.366341923123900570e-01,-4.083678234840847354e-01,-1.083263297010002429e-01,-1.789991665230843410e-01,-1.577974859882075309e-01,-1.820463668256210310e-01,-2.328213451443699681e-03,-1.973632404930635020e-01,-3.752189058541415823e-01,-3.632375211367825374e-01,8.394187588590869276e-02,-3.274120083480676069e-01,4.260636213431181485e-01,2.912744220137088447e-01,1.580068356625971004e-01,-1.995014621720597459e-01,3.603451575793386596e-01,4.331408947280104282e-01,3.637556425070309074e-01,2.997851318168909263e-01,-2.447828504697546759e-01,-1.843103261768903045e-01,3.947999402929804891e-01,2.855508856079122526e-01,2.046366423123631428e-01,3.777559826497166595e-01,-2.162381072064096382e-02,-4.055702888535128031e-02,5.354215291463569892e-01,8.604472407092951525e-02,3.492618353708985823e-02,-2.252230100609317887e-01,-1.297283269485313417e-01,-5.397533312998805677e-01,-2.493875643211219129e-01,-4.776840040651277874e-01,2.352060025194599446e-01,-3.147348283583690787e-01,3.000204530621894961e-01,-5.575783219357569043e-02,5.437092753350798446e-01,-8.839714871225902437e-02,3.251626157547513052e-02,3.817746303087226067e-01,4.591759031536123831e-02,2.367614532521566950e-01,-9.475119843997897862e-02,-7.710263709424820811e-02,1.659952029312480593e-01,-2.553644326834532061e-02,9.786374788971803282e-03,1.892904910936398233e-01,-9.050694439576818795e-02,-1.975094432987109794e-01,-2.521506085628169580e-01,-3.416362410951264139e-01,-3.235995280896197812e-02,-2.689384601708338582e-02,-2.664653958721779903e-01,-1.785721236062588479e-01,-1.348606359590811821e-01,-5.182929897576602635e-02,2.424847311584969189e-01,2.098382893093289625e-01,1.951255083082583663e-01,-2.630531776828295976e-01,1.249354257229249865e-01,-6.752503729361021556e-02
-9.583688300743423150e-02,-1.813639342835317303e-01,3.325271875204386385e-01,2.888161419691386289e-01,7.228724717983010528e-01,7.882995744742732347e-01,2.623890900478785815e-01,3.016380887855304449e-01,6.767370554884635236e-01,0.000000000000000000e+00,1.827533298537951933e-01,4.556541513141617455e-02,2.652611836248605637e-01,2.032270954263526788e-02,2.429433402075048543e-01,4.258380679738165697e-01,-4.530474882884766852e-01,-4.304699273290842343e-01,5.285065106121204087e-03,1.810626978192357225e-02,-8.918994294718521343e-02,-6.230579412529616348e-04,3.682017153734122306e-01,4.700411903662253255e-01,3.545531108346011151e-01,4.012597505017898025e-01,5.596827981338865499e-01,5.169245686121376471e-01,-3.946681590724983035e-01,-4.819666965849504492e-01,1.577712665717130938e-02,1.100939204034602631e-01,1.424633246785736163e-01,1.862729801452749634e-01,3.173364194893148471e-01,3.265727643722324824e-01,-2.495973372462020612e-01,-3.476037947821674079e-01,-1.291602218903924182e-01,-8.769688677553925948e-02,-2.401112932154634561e-01,-1.599357540161799596e-01,-1.402895586700623198e-01,-8.500311620598098583e-02,-3.203560599977365361e-04,-1.589739593123271066e-02,-6.954988182543950931e-03,-2.076685853402452514e-02,-2.927668213363865402e-01,-3.217117859747503639e-01,-1.223989677510780444e-01,-2.277605109169018871e-01,-1.294327829261265050e-01,-1.631859736623851309e-01,-2.348394141137283009e-01,-8.876554551988610764e-02,-1.546285443463041864e-01,-2.101933399013604375e-01,5.211680577645175227e-02,-1.382767576399085985e-01,3.875326185008142743e-01,5.688017350772788250e-01,-5.549193830563028257e-02,-6.376294522432747469e-02,2.313184961010476548e-01,4.196333597267116189e-01,2.953542540936076599e-01,3.328090529555547961e-01,-4.875768097277751595e-02,3.594799992093306723e-02,2.404736802115701177e-01,2.283065524493253784e-01,-1.550968828738558299e-02,1.155307715885901254e-01,2.515482822909174271e-02,-3.346432597891461219e-02,2.953971122328193366e-01,1.342838535284014423e-01,-2.112679299843599479e-01,-3.220426912816936604e-01,-2.890094722896323631e-01,-3.828117884599882004e-01,-3.121699438563642626e-01,-4.807925470020797953e-01,7.711382726766267959e-02,-1.540791143795014195e-01,-1.340247586353993936e-01,-6.339461141694224811e-02,4.922630745241458883e-02,-1.975504971241099361e-01,7.002454864533233514e-02,3.217232921737541718e-01,2.551520896375107372e-01,4.598101680981508399e-01,-1.165151312647821069e-01,-1.166630024852422509e-01,-1.115002828190892747e-01,-1.893378522643190953e-01,-6.935438066479916730e-02,-1.671936196710036709e-02,-3.006318065876140144e-01,-5.960475970364580156e-02,-4.503833721207433083e-01,-3.697977843309916968e-01,9.506190932070711364e-02,1.271321155076236831e-01,-4.953797803856154203e-01,-2.797786424905277514e-01,-1.818010689894227622e-02,-9.059146955143422553e-02,3.595864501335196972e-02,-3.951640881718366388e-02,-1.246997361961446615e-01,-3.839803264831652685e-01,3.424645637147686328e-01,-7.410070122819245597e-02
5.339856754220051460e-01,3.159181288822914269e-01,1.896976353190785516e-02,7.129561301044616550e-02,8.547745170222614819e-02,2.218100328173135960e-01,3.515245191150295212e-01,2.538448847166392963e-01,1.215504517112507149e-01,1.827533298537951933e-01,0.000000000000000000e+00,6.756471362744554954e-01,7.084847766034927385e-01,5.123124423513097936e-01,7.027567173459721428e-02,3.287875404417973657e-01,1.127080489418698234e-01,-5.723279583748330096e-02,2.048823561339948585e-01,2.015233136841213246e-01,-3.919566099208189325e-01,-3.709614627289557487e-01,4.461915427433316150e-02,2.283887554520356092e-02,-2.225968106084750542e-01,-2.455120144812705241e-01,2.027841166262178141e-01,-1.555586412553149611e-01,3.256250463644521087e-01,-9.226555282243711908e-02,2.797831675736831558e-01,4.723189579851287678e-03,2.881808779876532944e-01,3.120361048192021869e-01,-1.569673220447348472e-02,-2.047657146307812481e-01,-5.088403941229104888e-01,-2.576699689941133742e-01,-5.730260070877067902e-01,-4.138863807957211538e-01,-6.815313578786936777e-01,-4.876512700484806340e-01,-5.402612327667268843e-01,-4.811068552102957807e-01,-4.642105338258851188e-01,-1.605434598111310229e-01,-4.029032095433028871e-01,-3.270518635370796567e-01,-1.023005985468747048e-01,6.401529706761115157e-02,-8.365333008298159179e-02,-3.025198187163589958e-02,-1.296620732436232770e-01,-1.848828674605962341e-01,-3.976200223568568393e-01,2.243089732471378536e-02,4.168353937647594210e-01,3.298102980119650973e-01,4.896835668417224841e-01,3.742105715862380499e-01,7.205709306113355916e-01,5.365251624221739624e-01,1.269301186875384235e-01,3.249302582519094096e-01,2.165558165244012984e-02,7.794420290027682940e-02,7.538918078300654857e-02,-3.614075714471026712e-02,2.029523193281767834e-01,2.707042678873914920e-01,1.315529441822585743e-01,2.319058115340234261e-01,-9.804466663501280876e-02,-3.261789582717893737e-02,8.132897753305651234e-02,2.466009032014135627e-01,-1.524047297796438383e-01,-1.014514722951463943e-01,-2.651006442976590605e-01,-1.950265028983251270e-01,-5.335270584630837920e-01,-1.611025152927461068e-01,-4.642408684810016006e-01,-3.704721618459245747e-01,-2.393045943324818015e-01,-2.901195834776930105e-01,-3.849095829373742617e-01,-3.228861855522750512e-01,-1.722066591496220489e-01,-1.819885371546124675e-02,-3.316116412210899922e-01,-1.418296687089808383e-01,-1.073438393421255743e-01,8.537853365520362003e-02,1.003993416971319663e-01,9.598474840551578235e-02,-2.853556142780525051e-01,-2.095893601314618160e-01,-3.622178336915253816e-01,-3.280080494572726324e-01,-1.254555206949737323e-01,1.681401365550628246e-01,-1.222067408673270933e-01,-1.076677424134846600e-01,1.093737063269130047e-02,2.719537760787203717e-02,-1.891018889454291196e-01,2.304529547164728964e-01,4.871514351742070592e-01,1.744207652619129134e-01,-2.290745347430586110e-01,-4.384661681014990209e-01,-5.071341461001043216e-01,-2.386036644768649573e-01,1.698131250220526467e-01,-1.750568476655922634e-01
4.926551910826841296e-01,5.186492560072466507e-01,-4.134046429885535612e-01,4.350019252873633252e-02,-2.153906296191266112e-01,-6.234898460539207987e-02,-1.938607211633180949e-01,3.488534163089230256e-01,-8.322411310204048951e-02,4.556541513141617455e-02,6.756471362744554954e-01,0.000000000000000000e+00,2.918369378783320922e-01,5.122508234015502593e-01,-2.144846064534207675e-01,2.686414283461953101e-01,1.526388568726020911e-01,1.551708555665897160e-01,2.306071984598681845e-01,4.398465061601033455e-01,-1.689522085856222378e-01,-3.214947996506083427e-01,-3.885002005257165991e-01,-3.352266533643899482e-01,-7.237055855458961184e-02,-1.013711108893332324e-01,2.214918923308773629e-02,-1.017244656536811648e-01,4.469352053599071062e-01,2.871562936377157205e-01,-8.965652720555331023e-02,-1.255162907334848588e-01,-1.419289490476909887e-01,1.501096999324435799e-01,-4.830165005522253363e-01,-5.632912099394593586e-01,-4.380383718121425574e-01,-2.488684948186004053e-01,-2.820727814261089206e-01,-1.038312104772945305e-01,-3.459429956432809039e-01,-2.806984228778271473e-01,-5.164733215964271151e-01,-5.130750924760869580e-01,-5.654516645014693310e-01,-1.672861266231517319e-01,-3.856514817664522532e-01,-3.028579083694178387e-01,1.293630879424807201e-01,3.990348025302438706e-01,1.841709272814777976e-01,3.055594724099454651e-01,3.464999819956286475e-01,2.785732802805183095e-01,-1.524129825665069757e-02,2.515407299210167813e-01,5.182076348090799423e-01,6.072600683969584523e-01,4.776219583712407735e-01,6.969168897109279115e-01,2.396080933055723117e-01,3.302864556691750275e-01,1.488964041587143294e-01,5.659060142485830003e-01,-5.081050975715102336e-01,-3.897696063433167546e-01,-4.842347785655718440e-01,-4.149681968927062536e-01,3.712908032833024952e-01,3.772865433606793495e-01,-1.989833067990946086e-02,-1.016923804511952606e-01,-1.749941847804856732e-01,-1.902993852408542061e-02,-1.563682969122182631e-01,9.079329183996437402e-02,-3.538218196301655127e-01,-1.176304764740585262e-01,-5.024013845175880760e-02,-6.521859214876711552e-02,-1.018850042718183330e-01,-1.082703747698990915e-01,-1.218519606455764070e-01,6.216486447577532215e-02,-5.426152954175570420e-01,-1.255978697827406787e-01,-1.262195428224597571e-01,-3.575730983457894863e-01,-8.039021613912958331e-02,3.115825632924533184e-01,-1.672959612805682561e-01,-3.366312645881260890e-01,5.579761879788175394e-02,-1.283148797167569799e-01,1.445865002629550811e-01,3.391409525242803369e-01,-2.044790616814373130e-01,-2.385353769665145632e-03,-1.454458068657460967e-01,-2.179123755161251896e-01,2.741324892753381759e-01,3.196672561778735044e-01,4.151284742753405532e-02,9.012115909325275898e-02,-2.007971593722130133e-01,-2.599882818332155954e-01,-1.472195756131925437e-01,2.320658261282488588e-01,2.453713048460462176e-01,1.209609999981456074e-01,-2.162461929080285172e-01,-2.993622875851931764e-01,-2.049679977021269528e-01,-1.296868168518752473e-01,-1.101430289796733603e-01,-2.027962835590411683e-01
2.029022916620082106e-01,-1.803826767937566009e-02,4.099734989625902215e-01,2.018118512735007086e-01,2.991236984229156404e-01,3.371060157920030553e-01,6.201380525216168005e-01,2.250803665276749355e-01,3.458449371703224418e-01,2.652611836248605637e-01,7.084847766034927385e-01,2.918369378783320922e-01,0.000000000000000000e+00,4.537203767761244788e-01,4.904829250997024825e-01,4.307369686580296841e-01,-6.463553401304768242e-02,-1.690637461188603252e-01,6.058117230611805709e-02,-8.039248480212513037e-02,-2.902038537742786528e-01,-1.978352572896075745e-01,4.251422616293091261e-01,4.312468161777502917e-01,-2.442456362941235470e-01,-1.339139828183285863e-01,2.833110230882195935e-01,-1.436596715675808322e-01,9.143460377934108443e-03,-2.408480339963464112e-01,3.334618868008256687e-01,1.015505524445969865e-01,3.764295885693688670e-01,2.007892171401221837e-01,4.062398559830048828e-01,2.387142828039249265e-01,-2.404707895899780568e-01,-9.486800416160467986e-02,-2.908686122394570917e-01,-2.396045277161322484e-01,-4.053998696879365093e-01,-2.825065400958180484e-01,-4.488750972631287417e-01,-3.487607915859272101e-01,-3.251051582310743870e-01,-3.531051551818131795e-01,-3.227905118786132399e-01,-3.769994665416961932e-01,-5.037446860846787056e-01,-3.640698069419081584e-01,-3.620544315230480592e-01,-3.424956902791639335e-01,-3.991815294370903988e-01,-4.073895369895401131e-01,-5.414509076491006434e-01,-2.921977501165715640e-01,-1.100116400420938752e-03,-1.700031840838844011e-01,2.991725640071928316e-01,-6.367312004850658735e-02,7.267797369073923930e-01,5.165721372780105458e-01,-2.450153472242069808e-02,-5.032809580154116308e-02,4.282096036341257461e-01,4.885464884731066104e-01,4.368275524426007417e-01,1.875023336686667541e-01,3.449397064733106949e-02,2.435959301515645825e-02,2.080377290661508949e-01,3.859865446717753446e-01,1.499689012381894837e-01,7.229349124633355217e-02,1.984978217797563338e-01,2.949808056472876805e-01,2.545962266989880152e-01,1.094470474356402934e-01,-1.891262837541014263e-01,-2.993219317139119567e-02,-5.758165596381928930e-01,-2.687380881256580811e-01,-4.692512123975411953e-01,-5.524084299686349286e-01,1.120779504617659822e-01,-4.082903712099327787e-01,-2.592870939857124801e-01,-3.184208254582970299e-01,4.393458789910960685e-03,-1.945593200656882404e-01,-2.248917984717698493e-01,2.968659777963205543e-02,-7.583619000425201317e-02,2.177462929487991028e-01,-5.780986201858984153e-02,-7.932066316873673251e-02,-2.143467160569512697e-01,-1.884635990275957129e-01,-4.164127132678295262e-01,-2.659216290516703274e-01,-2.193691819165658197e-01,-1.108934300189013192e-02,-2.323541695464850787e-01,-2.923118191767989926e-01,-1.711772202926863384e-01,-5.706127091411664770e-02,-7.713870896033192537e-02,1.625469551635648491e-01,2.362186464240355055e-01,1.145658961256614261e-01,-1.636167257237841344e-01,-3.427843508366262282e-01,-4.919189514852208012e-01,-3.088746806047817373e-01,-2.546958260184043268e-02,-1.511966810099054648e-01
