0.000000000000000000e+00,7.044466301248279994e-01,2.514299005315902558e-01,-4.274357965226300293e-01,2.839007704211662930e-01,3.114844457678707032e-02,-1.376003647013392117e-01,-3.804714828975478969e-01,2.708159403565832957e-01,1.879090104902132741e-01,6.726235142515714360e-02,1.268002211626628462e-01,1.052668957641673120e-01,-2.472488530374592763e-01,3.060269498762916429e-01,1.587682527677857780e-01,-4.869734641859332913e-02,2.995287599340750243e-02,4.751495651565236789e-01,2.890489647686689811e-01,1.075846825591123962e-01,1.336052292651375428e-01,-6.409448731229068497e-02,-7.974569827783631326e-02,-8.847996144827081910e-02,-1.212172988106840904e-01,1.179502106563951741e-01,7.921081679938039855e-02,6.264399268866135961e-02,-7.517149019598320936e-02,3.818010381561012107e-02,2.274848055519798629e-01,2.846668416150397452e-01,3.969752727244266199e-02,-3.619888521212206722e-01,-3.681042833063406516e-01,-1.058176146936471579e-01,1.957578487255177135e-01,9.761054848946111584e-02,2.786131677742786361e-01,-8.134120078787436536e-02,2.577899991298442939e-01,-5.120513775743846391e-02,-3.042282725767300050e-02,-6.182959136428511221e-02,-1.598490909212505612e-02,-9.652203902927904144e-02,-1.168874288432630026e-01,-2.188258731321119505e-02,-2.226086536953009731e-01,-3.593284617609592280e-01,-2.559296559559762207e-01,-1.539295593828789166e-01,-1.771446736615642503e-01,-1.738135646319614036e-01,2.084995168385057537e-02,8.863167377792083856e-01,6.777240634352827975e-01,5.276084251197763475e-01,2.378494907359632871e-01,4.220641975740048180e-01,2.996695671382816964e-02,1.552187745360050219e-01,-1.183838820042525108e-02,-2.378490717252504660e-01,-4.752174898299879602e-01,-1.317459885729002633e-01,-1.733587279430680583e-01,2.786761977908253640e-01,3.584989459623665886e-01,-1.350931994602722064e-01,-9.371832672766071404e-02,-7.588803991204709498e-02,-1.102392762079768412e-01,3.012046364165421597e-01,1.362883964123514091e-01,-8.221302880542424862e-02,-2.022700154910057890e-02,-2.798729272702816795e-01,-3.038680939882383580e-02,-1.019171663476450135e-01,-2.317743668201472096e-01,3.267929241635315063e-01,-8.954880684368016208e-02,-1.619217879968374574e-01,-1.476116246324698789e-01,9.403917143397133582e-02,3.223408435187701815e-01,-1.931882184044046435e-01,1.459386292953138986e-01,-4.371369599047314480e-01,-3.454030933562328154e-01,-4.903103495459543715e-01,-2.555367954000403174e-01,2.230575779100315570e-01,-7.504282241433873901e-02,3.836130418306732404e-02,8.807256831960047494e-02,-1.716723447774539668e-01,-6.590631593102504182e-02,-2.343137377600591209e-01,-7.900941124611565725e-02,-1.257500558474745622e-01,-2.337341876526547735e-01,-1.634155563167637437e-01,-6.145409237480176090e-02,3.868833117044362946e-01,-1.131212185335726539e-01,2.524021486575021012e-01,-2.426899019048192052e-01,-4.691982816866311495e-02,-1.793417575296847033e-01,-1.320343916041081811e-01,-3.878968459917622735e-01,-5.687323529308591780e-02,-2.979964231303746866e-02
7.044466301248279994e-01,0.000000000000000000e+00,1.268735737569565702e-01,-8.708292202681917893e-02,1.042442837144788997e-01,-1.043385995874645672e-01,-2.156263122646053521e-01,3.338933285524342542e-03,1.614623553793255450e-01,-2.609414362363874154e-02,9.414476592578174818e-02,1.974249150650608797e-01,-3.250750308847557418e-02,2.433591822146966011e-02,1.666209312259754605e-01,-5.015409740215387435e-02,2.909487258866983242e-02,1.685298460706385060e-01,4.407861569042676453e-01,4.943900032725951910e-01,-1.619990751308908461e-01,-1.132523361250329097e-01,-1.941324906486229795e-01,-1.408015944822158250e-01,-1.311782363699494913e-01,-3.078255360667822016e-01,1.514219706258034814e-01,-8.907966945382893298e-02,-1.839465998131405156e-02,2.362390932115458753e-02,-1.391249818413496653e-01,1.942514314074229032e-01,1.730762456033035634e-01,2.109253009474885698e-01,-5.082621435977614510e-01,-5.202796826615084802e-01,-3.436560287445553086e-01,2.974424375574562240e-02,-4.007202245484897674e-02,2.016090342936849855e-01,-1.378748590150295217e-01,3.505152923976053714e-01,-1.405742102747302158e-01,-2.089794176990970309e-01,-9.698799899012959524e-02,2.888211170785533882e-02,-2.842636396040441604e-01,-3.102827833182822959e-01,7.046486121405266811e-02,-1.438732520147649185e-01,-3.549818030658958845e-01,-3.340641671567972093e-01,-4.990047316107441844e-02,-1.749865371655973945e-01,-1.446214144669428769e-01,-9.779704901431744701e-02,7.304210765967343866e-01,8.081568290034816249e-01,3.532022473084582281e-01,3.516460154381019221e-01,3.411715565127806937e-01,1.503397355977058591e-01,1.373641636441710889e-01,1.846719056339475584e-01,-3.684338859765838858e-01,-3.767704249788007553e-01,-2.939775747029140796e-01,-2.944195282276183545e-01,3.605367656423018596e-01,4.597799550858582829e-01,-2.035749245955120468e-01,-1.393626650889982221e-01,-1.989693634134320210e-01,-1.976348060444015411e-02,-3.226485205795467871e-04,2.758635693605139202e-02,-7.550510807052987494e-02,-1.227687029155137598e-03,-9.310845363064689309e-03,2.047696663747758661e-01,1.763664088815037889e-01,-5.163882343814023279e-02,3.667994033372431462e-01,5.591217857154871795e-02,-7.645224869875839879e-02,-2.773519964625949519e-01,7.603801195217184394e-02,1.526786051897077445e-01,6.558664655563258006e-02,3.514211597157754219e-02,-4.001203846829405886e-01,-4.719803812819422517e-01,-4.992761345061607625e-01,-3.928247851895544374e-01,1.262032268212296138e-01,8.263894634861657096e-03,-7.338661850459463065e-02,-1.919804540405268267e-01,-2.467017383108980610e-01,-4.089506262761695710e-01,-1.142881568571910283e-01,-2.812161186898765042e-01,-1.716585083963258207e-01,-3.526399898050686099e-01,-1.963927200383743521e-01,-1.502590150328957652e-01,2.611397707316621686e-01,-1.915659017657767027e-01,2.533123587937805010e-01,-3.092835982046426291e-01,-2.671260269027699308e-01,-2.123567319609212245e-01,-1.940780917924543048e-01,-2.893543183126319196e-01,-2.082172789196331808e-01,-1.102356300827870283e-01
2.514299005315902558e-01,1.268735737569565702e-01,0.000000000000000000e+00,-6.461505897723238134e-02,6.685880021435376408e-01,7.138482050404268975e-01,4.167819899841233022e-01,-6.792043453227638583e-01,7.682332269177870598e-01,8.007918628169672370e-01,-4.695528188336656195e-01,-7.586091327216215596e-02,2.284319443703980157e-01,-7.489716582637351294e-01,7.288603674971755320e-01,4.320845847118007232e-01,-3.902882339889401364e-01,-1.122403232126232692e-01,4.310065252229782207e-01,1.915893293967438626e-01,-1.943619224680553370e-01,-2.233284067247504889e-01,7.111397578152963694e-01,5.608531709299841017e-01,5.794220504670511973e-01,4.286019119407815658e-01,1.373337620728419528e-01,-2.977261283225513533e-01,-2.243191029623688992e-01,-8.421085940629188804e-02,6.305790186649776197e-02,-4.661108875504246241e-01,2.544881823262857418e-02,-7.880012108359765732e-02,8.769621662821976138e-02,-2.620177275217845658e-02,6.460576933675367395e-02,-2.722736657146937814e-02,-4.796089236151104135e-02,-6.037756752494546214e-02,3.244387974861656643e-01,5.166375213043130493e-02,1.108735118837820832e-01,-1.261799578123861364e-02,2.258122957633802719e-01,8.543240496265068484e-02,1.631514999240868125e-01,7.352445656780752514e-02,2.147693522780184106e-01,8.910819538656074984e-03,1.795312033489855977e-02,-8.626141163369755588e-03,-1.050635831218342114e-01,-1.035396751257777886e-01,-1.815472887039689398e-01,-1.702337003813254035e-01,9.615416135292437216e-02,2.847490162155212889e-01,4.355159834021294502e-02,1.161152279261730702e-01,1.362220413801936147e-01,-3.430822727711244774e-02,-2.950466111980071804e-01,-3.848444126799661080e-01,1.171882934917431868e-01,-2.384129148179061075e-01,1.585248253494299375e-02,-1.620106014313524023e-01,-3.802556685713595619e-02,-1.010641581972465675e-01,-1.688281607585460642e-01,8.594810657464142800e-02,-4.448051782742437621e-02,-3.251768632483069410e-02,1.870730274707579910e-01,-2.047919849283491578e-01,-2.920988110853764974e-01,-1.247791026906868994e-01,1.410177705615220933e-01,-1.619274434662439921e-01,-3.336137136348729104e-01,-2.636765183653103639e-01,3.352091910393927704e-02,-6.534552913776869171e-03,-4.534839047924651284e-02,-2.854497821608236729e-01,-9.235465561236712306e-02,-1.365937674713545991e-01,-1.248497350574322012e-01,-1.505941582360177666e-01,3.649785099135289396e-02,9.873062107575231172e-02,-7.150540658340308331e-02,1.255842720080661001e-01,-2.989659449857578477e-01,-2.334105458585621420e-02,-3.819789922867403709e-01,-1.051087305842253322e-01,-3.525852728173152484e-02,3.925872414896877660e-02,-2.440293712261729087e-01,-1.301338965429143894e-02,-1.542828370036877228e-01,-1.221208081745583790e-01,-1.522010266831685110e-01,-1.566048817578868935e-01,-1.449261103999382183e-01,-9.024547054506736055e-02,-2.711671095101723106e-01,-1.405133988292543989e-01,-1.103657327102792185e-01,-2.976394870479395771e-01,1.549446782964534475e-01,1.289220058804418402e-02,2.612428796493947436e-01,-3.196085416505760612e-01
-4.274357965226300293e-01,-8.708292202681917893e-02,-6.461505897723238134e-02,0.000000000000000000e+00,-3.469284697816059082e-01,-1.652784000879247706e-01,8.306557420513431544e-02,3.527992532308750762e-01,-2.985834690512593204e-01,-1.221041993987261459e-01,4.414149769671384810e-02,-2.789504842186105171e-02,-7.521228667464063822e-02,1.466676284561745092e-01,-2.732419272909102359e-01,-6.392818805884899203e-02,9.442515047938191894e-03,-3.889147219759644253e-02,2.484039004330474212e-02,2.114899690856405778e-01,-9.584252327828818308e-02,-1.387447245182607536e-01,3.937652092260168074e-02,3.311635943311215802e-01,-1.197147535702283369e-02,7.304477181129942487e-02,-2.000332975168272465e-01,-1.912094112290152748e-01,1.169038923666448349e-01,9.817829048820009286e-02,2.716886463551081848e-02,-1.133531112676642721e-01,2.082572595071413291e-01,3.487101897365036396e-01,1.453231627128616366e-01,1.409840946645164461e-01,5.646053942615909815e-02,-3.718818923462519632e-01,-1.821055481967253503e-02,-2.457690186287977419e-01,2.607632915739316326e-01,-5.799045860146909148e-02,2.522395406084979030e-02,-8.373220724948630955e-02,-5.271792120661038250e-02,-2.661872027027720536e-02,-1.453442990662865419e-01,-1.803332790135827590e-01,-1.458967659806086892e-01,-1.098659567347933658e-01,-2.170030097990679752e-01,-2.537845784119936443e-01,-2.071549817421074191e-01,9.475429490441824795e-03,-5.150837121765063087e-02,-1.953195366771011132e-01,-3.943848790822382377e-01,-2.305880849185777681e-01,-4.054992786724728182e-01,-1.144074754887908774e-01,-1.310762385093903748e-01,5.574910209730814942e-03,2.126449642172993093e-01,2.881378724686503023e-01,-1.449880087765835664e-02,3.667225261483296750e-01,7.093211569912855063e-02,1.858088854954443037e-01,8.841554303731133380e-02,1.260962225534369985e-01,3.553015419110819861e-01,2.326654807075101417e-01,1.050710967854898009e-01,3.816307552241588463e-01,-1.632684681693624962e-01,1.438144462125412470e-01,1.355651507061796102e-01,2.397602653983233467e-01,1.105528154120882928e-01,9.545509837752448601e-02,6.401259307121733022e-02,8.592459410732673775e-03,-3.087636058261148397e-01,-1.282944710237298169e-01,-9.693188850971960757e-02,2.044740933826747289e-04,-1.577378465972216759e-01,-1.706711280260098107e-01,1.472673550533764031e-01,-3.420825399731933225e-02,2.049826669682770774e-01,2.190607136383590225e-01,2.376850000751557779e-01,1.764633847780075204e-01,-4.851728100521596199e-02,1.974554406627371944e-02,3.252585921339482683e-02,-8.774355565870951834e-02,1.118966767727224976e-01,-1.021631291833196599e-02,1.709057696723497166e-01,1.504604786512692138e-01,5.166796607692539234e-02,1.519602871239099928e-01,-8.741489848980556199e-02,-6.318082070764224900e-02,8.970999568299579605e-03,-7.303733179684032684e-02,-8.012089669156391425e-02,7.477010664143039775e-02,3.931146924412861482e-02,2.240802760385480763e-01,1.885488040896914075e-01,3.157899404212453076e-01,1.627210246254801517e-03,-1.075274962134326606e-01
2.839007704211662930e-01,1.042442837144788997e-01,6.685880021435376408e-01,-3.469284697816059082e-01,0.000000000000000000e+00,6.759207396022246517e-01,6.645110613236608621e-02,-6.629538257428343462e-01,7.157356551391977906e-01,7.221908599835999976e-01,-4.775701937563823773e-01,-2.613141325996252151e-01,4.342844111672183871e-02,-6.261346127859578337e-01,7.223066637555376479e-01,4.104446441711152582e-01,-2.925094429428162224e-01,-1.398535829089122273e-01,2.752436691540535718e-01,-2.930910868289967469e-02,2.277560339036006215e-02,5.183546691745384571e-02,5.086017322311038313e-01,3.586547592936843998e-01,4.517313201377363696e-01,2.450961555553341498e-01,2.251441644876560344e-01,5.046543941272903233e-02,-1.948854086932682306e-01,-2.459563467946427051e-01,-1.418847015376505094e-01,-5.117283869028909082e-01,-1.520870933722434093e-01,-2.349378522735271757e-01,1.153178765074747425e-01,1.127429894728181614e-01,6.199800192487602696e-02,3.073026889026834185e-01,-1.232221654856418686e-01,9.150171889837213635e-02,1.924514611395145569e-01,1.141162453099181379e-01,-3.061088256329100310e-02,-9.814846831369781078e-04,2.304183669530080192e-01,1.600323022232862102e-01,2.942488602105701456e-02,-5.929563559099270548e-02,1.088588469669391351e-01,-3.515083131211993450e-02,-5.477501005737835799e-02,1.423622418504816578e-01,1.474524564175017788e-02,-1.853507029046343180e-01,-2.727957797079667013e-01,-2.414056593322340127e-01,1.552292960065736471e-01,2.141007549733479343e-01,1.300584677304474635e-01,1.703906616367945881e-01,-5.068894101580039002e-02,-1.199574510276968653e-01,-3.357448557469863148e-01,-4.500889634605836354e-01,3.445170769161674112e-02,-1.725915705738817474e-01,2.016163087216593097e-01,9.585598857415005003e-02,2.559755119197660092e-02,-1.064883471961192707e-01,-2.065496577980399373e-01,-4.537277656656912850e-02,-1.398641842983900513e-02,-6.240908930161519902e-02,3.544782035135154441e-01,-1.764574665750853755e-01,-2.744077750340154220e-01,-3.046070422754350582e-01,9.509594282826715206e-02,-2.726511748526997403e-01,-2.767001874452184040e-01,-1.160306915129448307e-01,2.542727504445885245e-01,1.821032225665617510e-01,1.104460850223656226e-01,5.981210564333067775e-02,-1.822650106889393828e-01,-4.871042475530298899e-02,-2.881632709878139131e-01,-1.123438452286317224e-01,-1.041013933563858518e-01,-1.500053703738760957e-01,-1.604915042582240325e-01,-1.178495502676991935e-01,-2.906458508633680826e-01,1.352060841432813909e-01,-3.674685880220103784e-01,1.127382502511070118e-02,-1.707975673554956442e-01,-1.263713900691764425e-01,-4.409202116151523243e-01,-2.064907509610557912e-01,-2.514212611408793707e-01,-2.377635992561931977e-01,-1.548199955096315073e-03,-6.525217773697723767e-02,5.306584680901911717e-03,2.405927318590944317e-02,-1.742722670368204718e-01,9.268916366414126562e-04,-1.222775085827505909e-01,-3.364667101691298234e-01,9.057329045477588089e-03,-1.536153790042792469e-02,1.627738686700766213e-01,-1.165612564377612737e-01
3.114844457678707032e-02,-1.043385995874645672e-01,7.138482050404268975e-01,-1.652784000879247706e-01,6.759207396022246517e-01,0.000000000000000000e+00,2.262157172591411636e-01,-7.179173834425650602e-01,8.009163713576212817e-01,8.797643704413879995e-01,-6.222751225722914503e-01,-1.314204477565008855e-01,1.650012057657776129e-02,-8.002184929900174604e-01,8.128408476128388127e-01,5.365185614436206452e-01,-2.845132672475974567e-01,-5.470148010965582286e-02,1.800531254083997112e-01,5.621388878758419930e-03,-1.259832994190903388e-01,-9.423620572309265864e-02,7.574019390825252884e-01,5.594199487691332573e-01,6.694884441291106825e-01,5.360908697517680066e-01,1.217445492359017223e-01,-1.286869895599994928e-01,-2.712667538107372822e-01,-1.500166804578987878e-01,-6.671381103556958680e-02,-6.548927261977537384e-01,-1.395999682155568689e-01,-1.616225018902491539e-01,2.167635728114633009e-01,1.682699366321662449e-01,9.338596099625377789e-02,1.184843361193557432e-01,-2.877671659569609464e-01,-1.191532871218688311e-01,3.154027331289244729e-01,1.303201198728053400e-01,2.380939453406793332e-02,-4.784883904296594742e-02,2.702695706088465988e-01,1.878767443321639752e-01,-2.356083776045848899e-02,-1.044408794186868911e-01,1.754290448533704083e-01,1.442407418941309485e-02,6.022206064901768768e-02,1.764267856966028891e-01,5.022524170358497707e-03,-1.422280536504238746e-01,-2.059867995214991199e-01,-3.359127452978932782e-01,-9.886888053669116994e-02,4.941372941518903245e-02,-1.077781578859227235e-01,8.887141675263307561e-02,-8.996163638251532257e-02,-1.276326353713604644e-01,-5.065554609663514007e-01,-4.316283849423184216e-01,1.265928678848097233e-01,-6.535868659358672061e-02,1.753435800775703657e-01,8.055035287603309890e-02,-1.512618290699106194e-01,-2.268080334812781762e-01,-3.639557370136010106e-01,-1.845359838208869008e-01,3.162424505179371736e-02,-4.292986045369491521e-02,2.287037104705521018e-01,-2.314645809450424918e-01,-2.447333352944835727e-01,-3.191912873113345039e-01,1.797195789763932350e-01,-5.125236463654606611e-01,-3.059950017289855273e-01,-1.110671057128595346e-01,9.660992193481597601e-02,2.209322486575443778e-01,1.831792673810414829e-01,-2.684568704177069456e-02,-1.298231502559699935e-01,-1.383381859329627928e-01,-7.694149998668942114e-02,-2.094681959387713621e-01,3.593984444937119854e-02,-4.779881199394371560e-02,-2.393872998347844686e-02,2.302385469726622377e-02,-3.068138892802767526e-01,1.583921891483103944e-02,-4.165510206090433654e-01,-1.457843510563541778e-01,-1.887710359811462790e-01,-1.624397260052388714e-01,-3.121895066817976239e-01,-1.424194387698730635e-01,-2.098718198047062333e-01,-2.050213071977020629e-01,-4.473176252794774412e-03,-9.085196769305353692e-02,-9.990055339079970120e-02,4.915317358921833524e-02,-2.817031710356010521e-01,-1.945090508239589733e-01,-1.896703793964331086e-01,-2.687035915854746326e-01,6.882015014145581588e-02,2.116771735995897630e-01,2.932770493549638480e-01,-1.142139113870156569e-01
-1.376003647013392117e-01,-2.156263122646053521e-01,4.167819899841233022e-01,8.306557420513431544e-02,6.645110613236608621e-02,2.262157172591411636e-01,0.000000000000000000e+00,-1.343327850717717931e-01,1.371872449905510993e-01,2.024746716929151091e-01,2.025515055046560875e-01,2.792783916286463441e-02,7.300456832466625245e-01,-2.194077938741276768e-01,8.424078599462149486e-02,1.275217777631831029e-01,6.050479434300677639e-02,-3.838895794299582165e-01,2.750510404386593555e-01,-1.356340394277258388e-01,1.135627851153332424e-01,6.807976813802749105e-02,3.949130784448251497e-01,1.789576057054440006e-01,6.703268073502692548e-02,2.196659331035219764e-01,9.051945719216780706e-02,6.443743827306611105e-02,3.802591510795681751e-02,-1.744059430194627447e-01,4.457651957040479340e-01,3.051904294889673866e-02,-2.321387334551777010e-02,-1.144081102349547158e-01,4.017434001576012936e-01,2.795810185618434196e-01,2.563115077781389917e-01,-3.808743006750668625e-02,1.270359457006846604e-01,5.975356752278645350e-02,3.990640392274147907e-01,-2.146711221079376786e-02,7.727406629271764416e-02,-2.206431799153351150e-02,2.143921756961165298e-02,-7.657304227024097631e-02,-6.131893558512434284e-02,7.225074792436196602e-02,-6.385481205053261666e-02,1.698729747544315827e-01,8.565398480627792188e-02,-5.980858155536981219e-02,-4.721720114472395258e-01,1.151744066724683241e-01,-2.675182593910869766e-01,5.224498001180048756e-02,-1.910281021901281129e-01,-6.023197851276670262e-02,-1.589063574185480554e-01,-1.098394844920123070e-01,-5.367181767645239771e-02,2.329307630927790751e-01,-2.712677451673525808e-01,-3.461449117782862683e-01,5.160853198834879363e-01,1.610200737987478037e-01,-2.119263430457777320e-01,-3.662789456348584660e-01,-3.696741066612653781e-01,-3.349874857218021473e-01,2.390603019757934489e-01,4.552522004337259398e-01,3.902923629849155973e-01,3.112246827270716554e-01,-1.433849066746573434e-02,2.668357347761938225e-01,3.548392692478363197e-01,5.454497810536613756e-01,-1.909786027534540465e-01,1.016590820469646939e-01,-4.319059940318142887e-01,-2.727331900387734431e-01,-1.737944509021788764e-01,6.722073858825243498e-02,-2.870246334221643325e-01,-3.032914281100880793e-01,-2.105558685470552971e-01,1.417943566757578211e-01,-2.562442693066910304e-01,1.880853332449708426e-01,-1.566257410489304558e-01,3.280570806541442397e-01,-1.336256188709126769e-01,4.400753429669109762e-01,2.578383852106553784e-02,-1.509205671713266250e-01,5.809024010862291754e-02,1.665881588329489738e-01,2.347065501422938849e-01,3.450318193063455774e-01,-1.413756000551839864e-01,4.918735147463756396e-01,5.818593031001399046e-02,2.076573049064811827e-01,-2.148857458961646039e-01,8.363370054377169960e-02,-1.328469645312966019e-01,-5.177001635167645388e-02,-1.151389818173119278e-01,-1.449080979092119137e-01,1.339688753025418677e-01,1.449501330665685095e-01,1.517803075920609035e-01,-1.018218648611105837e-01,1.634475039211177594e-01,-9.905785644831695269e-02
-3.804714828975478969e-01,3.338933285524342542e-03,-6.792043453227638583e-01,3.527992532308750762e-01,-6.629538257428343462e-01,-7.179173834425650602e-01,-1.343327850717717931e-01,0.000000000000000000e+00,-6.507245476348295643e-01,-7.945274239549061646e-01,5.261177591194032832e-01,3.333268102794667009e-01,-7.044061538403559308e-02,9.115013428004850038e-01,-6.991507134084451458e-01,-5.628805382646425715e-01,2.187506674327711620e-01,2.210598211463829788e-01,-2.284264843487184005e-01,1.547303993022294266e-01,-8.310694354045582155e-02,7.040564526315505091e-03,-4.939391840709071446e-01,-3.577163497739716536e-01,-4.998175005019788175e-01,-4.884919411602766659e-01,-2.250555810445773255e-02,9.273244995530155466e-02,-1.105714146215098018e-02,2.249009155015802564e-01,-6.446809614720275250e-02,4.484587911126128312e-01,1.290062218876351918e-01,3.887657897996782408e-01,-1.644738817525506769e-01,-8.404705212934328318e-02,-1.457299028382978423e-01,-2.418529289468930865e-01,1.864820000341169404e-01,-1.899296211295182779e-01,-1.790911830935277838e-01,-1.482510384735036546e-01,-1.701818376308272263e-01,-7.937532965915401750e-02,-2.244309103583532472e-01,-3.873650006927468331e-02,-9.356508411660675872e-02,-1.350633493551970515e-02,-9.269394552716840596e-02,1.671358037693277676e-01,1.265796160849446128e-01,-1.717982958577508532e-02,1.555612305193002087e-01,1.151164077984268182e-02,1.915174050817755047e-01,1.926731043413787078e-02,-2.292485524317677825e-01,-2.135162287341212939e-01,-1.997887345940097814e-01,-1.160826956026401457e-01,8.502047329133990972e-02,2.263730113301351821e-01,2.390495394209285751e-01,4.546102332185732453e-01,-1.261678383212372634e-01,2.268189740865051152e-01,-2.456705375322141005e-01,-8.830787532882101998e-02,9.511579230332270485e-02,5.225492931631266214e-02,2.072808431301630117e-01,-1.945603787274147525e-02,-8.173639425740242270e-02,9.637660319250149210e-02,-4.290149068129511800e-01,4.380319444414764590e-02,2.184567092446431935e-01,1.405339847461695713e-01,8.903754130910522535e-02,4.049476503690203066e-01,3.764625763523050117e-01,2.821252774975025468e-01,-3.054282315160680161e-01,-1.219505611314158494e-01,1.558307312703754999e-01,-1.046482920312696678e-02,1.077389541323674899e-01,-2.534742458927559672e-01,3.978107477125926161e-01,-1.717220231086854232e-01,1.572000500981353965e-01,-9.747570512797450182e-02,1.789414923713500138e-01,-1.816369772409620886e-01,-1.611847500335935116e-02,-1.038652847013781522e-01,2.667072975454368722e-01,-2.690867458351620112e-01,-1.571638641582227547e-01,-2.174090718809119360e-01,3.333533595178608810e-01,-1.206836264574862733e-01,-1.102638115718492101e-01,-1.149051761038915737e-01,7.256787892444670034e-03,-2.099737097506623462e-01,-4.324586984688500932e-03,-2.216859267607286521e-01,-1.083395128074704332e-02,1.185217183666793933e-01,1.394092162370206833e-01,6.932490393036355725e-02,-1.946813974774515288e-01,-8.070382605360304495e-02,-4.655405196728758521e-01,-5.247970122843943763e-02
2.708159403565832957e-01,1.614623553793255450e-01,7.682332269177870598e-01,-2.985834690512593204e-01,7.157356551391977906e-01,8.009163713576212817e-01,1.371872449905510993e-01,-6.507245476348295643e-01,0.000000000000000000e+00,7.695670239490426390e-01,-6.037328163387973845e-01,4.128723907049416941e-02,-2.597040289967210078e-02,-6.951459506765800267e-01,8.740230477678617715e-01,5.027691032288241768e-01,-3.501989635952308944e-01,1.415688021254686013e-01,2.277399437286845851e-01,1.148072283951663969e-01,-1.021315986208502918e-01,-6.012323726508277122e-02,5.653654361341741152e-01,4.192709595980273485e-01,5.178164649842004197e-01,3.033611857269797318e-01,1.649515871723591931e-01,-1.148116525694477114e-01,-2.294949353459499741e-01,-5.307121881315290252e-02,-2.212698936737368949e-01,-5.248420391181930489e-01,-7.324445921201236387e-02,-3.333791721157377402e-02,-4.774320563041636184e-03,4.528935637374807005e-03,-9.894673230317088675e-02,-3.121578481055003323e-02,-2.525750979099381510e-01,-1.878488990580495788e-01,2.527658165188695905e-01,9.227418378184062964e-02,-8.225859646873007192e-02,-1.804999872084747381e-01,1.922450144639184511e-01,9.650003672595949822e-02,1.139141221304978448e-02,-1.438729062973423678e-01,2.101105704757274262e-01,1.335837574512570847e-01,1.502141392754428040e-01,2.539839673370395401e-01,2.491373515627740287e-01,-1.570948845471037414e-01,-1.726039550282238710e-01,-2.604800762325489294e-01,1.621336857291860722e-01,2.696599820429337324e-01,1.091213149172751279e-01,2.434945670663055395e-01,1.051207297118712664e-01,-1.112493070216371595e-02,-3.565895520680712472e-01,-2.991240624867176345e-01,-9.359404697495504744e-02,-1.274946535696846461e-01,1.143081196572168362e-01,4.850587967328897493e-02,-3.637441339999113871e-02,-1.041717623711226060e-01,-4.685662267511873647e-01,-2.014573751641624555e-01,-8.799545646606378446e-02,-1.456216397441396360e-01,1.137894261057049716e-01,-3.221623704855858805e-01,-4.059754029121880881e-01,-3.659501344515581067e-01,1.455970506126819941e-01,-3.194407731660909855e-01,-2.925754997427019721e-01,-1.224312423786744070e-01,1.505221405094356313e-01,1.054329562430808276e-01,1.262021110002082280e-01,-7.213427182624486400e-02,-5.890166145051823482e-02,-1.498321369599113217e-01,-6.432693802490282997e-02,-2.871147128229425416e-01,3.411672463778592235e-02,-2.276515576003668162e-01,-9.361563902374298030e-02,-1.927694999166648382e-01,-2.731522217131473473e-01,-3.845931711661285807e-02,-3.341413689544661114e-01,-2.606237098911133310e-01,-3.389403792914363334e-01,-3.020557243852976526e-01,-2.752541703579944321e-01,-2.992421394795375389e-01,-1.453497897472105227e-01,-3.510801051219558655e-01,8.774842273210203825e-02,-1.618231288908388854e-01,3.312803738638747664e-02,-6.294593789087500613e-02,-2.298479921350454758e-01,-5.156346752339249946e-03,-1.355561839965286619e-01,-3.676545794619077157e-01,-1.251528898859794459e-01,-1.357230411579736506e-02,9.933147296643722590e-02,-1.813798207038360977e-01
1.879090104902132741e-01,-2.609414362363874154e-02,8.007918628169672370e-01,-1.221041993987261459e-01,7.221908599835999976e-01,8.797643704413879995e-01,2.024746716929151091e-01,-7.945274239549061646e-01,7.695670239490426390e-01,0.000000000000000000e+00,-5.115774547435480990e-01,-5.813400347502817311e-02,1.349911977639837446e-01,-8.539967563042157872e-01,8.180284330068213761e-01,6.211018708635029917e-01,-3.289208441231853963e-01,-1.175867817453168096e-01,3.278084040520348741e-01,1.523061865124782921e-01,-2.059566605822962526e-01,-1.194597908215750404e-01,6.785740983237706914e-01,5.689108725223103180e-01,5.946023917095873967e-01,4.225016872734900786e-01,8.145579525945802202e-02,-2.408161096207488416e-01,-2.707948853486262797e-01,-1.998945112954278180e-01,-8.869829178422987404e-02,-5.830829163334915188e-01,-8.224778487707230801e-02,-1.172803655978940096e-01,1.662463231694561450e-01,8.449117011644616260e-02,-1.410368039442254882e-02,5.087405406531350649e-02,-2.768249102473891443e-01,-3.789135435009463593e-02,3.345206956989533742e-01,9.414159695465468269e-02,-4.828003972544759465e-02,-8.545251504822476418e-02,1.653322382342155283e-01,1.189206865990286299e-01,-3.391672766744369821e-02,-1.037385127809134638e-01,5.985103738240376420e-02,4.242654040746949434e-03,-4.485823122453103801e-02,1.211909907489975846e-01,-9.293197367327678260e-03,-1.415858933317399593e-01,-2.144610738264416672e-01,-1.898075755963746503e-01,-3.815149185859045052e-03,1.793519920503524046e-01,1.796476837905746152e-02,1.931740087979489096e-01,6.709459304662515611e-02,2.237198163895443362e-02,-3.136477052362622309e-01,-3.084098273726136319e-01,5.130555551286540561e-02,-6.068924371519757860e-02,1.665873391053571406e-01,8.544922976421323590e-02,6.457022848988001190e-03,-8.060559872295210149e-02,-2.772377039575516511e-01,-7.786647996428396057e-02,4.757849929297429566e-03,1.899181197031351437e-02,2.810899385895911928e-01,-1.800818025849573456e-01,-3.600954707487024620e-01,-3.004225658462498227e-01,5.455338639061116379e-02,-4.491864344743650150e-01,-2.881569732919489479e-01,-1.862327592486455186e-01,1.451492745947450536e-01,8.553162288114279921e-02,7.706132890484954090e-02,-6.360478656444824852e-02,-1.570964168269713968e-01,-1.006176521284702641e-01,-1.447931108510534248e-01,-9.883728022407853309e-02,-1.170178500286335813e-02,2.644668873662200936e-03,-7.745426767672693169e-02,-3.178947903502716416e-02,-2.318184741008374739e-01,-7.652119865546487543e-03,-3.889859963606062676e-01,-1.491195829795446126e-01,-1.243783097001527477e-01,-1.009140522858042732e-01,-2.919659599707961073e-01,-1.509322912910720238e-01,-1.956240280246632768e-01,-2.192203193927904914e-01,-4.284412286274538739e-02,-1.155515610686454059e-01,-1.758914917483020424e-02,4.941509235514757875e-02,-1.977275492565041815e-01,-1.579153071137753828e-01,-1.683734941106415917e-01,-2.745610108497766322e-01,8.480322665514615499e-02,1.099299217793728162e-01,2.726043019589046712e-01,-1.817364413421143077e-01
6.726235142515714360e-02,9.414476592578174818e-02,-4.695528188336656195e-01,4.414149769671384810e-02,-4.775701937563823773e-01,-6.222751225722914503e-01,2.025515055046560875e-01,5.261177591194032832e-01,-6.037328163387973845e-01,-5.115774547435480990e-01,0.000000000000000000e+00,3.482274652739827392e-01,5.639122830500735706e-01,5.680673150045629782e-01,-5.312095603943368660e-01,-3.331858191365145161e-01,4.669270879645887051e-01,5.032159999690218044e-02,1.333106959496853650e-01,6.154540858255858754e-02,7.337372223648670755e-02,-1.403484507018720566e-02,-5.205507751543814177e-01,-5.325668751444110338e-01,-5.894795941546129292e-01,-4.558836905240850057e-01,-4.584480079022910937e-02,2.876862453988338411e-02,3.612210857401796371e-01,1.035185958996425459e-01,1.335454792765783105e-01,4.727510965987403169e-01,1.643666500604384628e-01,1.207130483872743132e-01,-1.859411142328621924e-01,-1.609587793011469092e-01,-1.405462939130433797e-01,-1.051354613689160916e-01,2.373806093334643319e-01,1.756246736530434893e-01,-1.826444203165755731e-01,5.891745413411739185e-03,-7.694974912737122252e-02,1.230211291679313146e-02,-3.408413498681897580e-01,-1.776821455304226638e-01,-9.298064904266575836e-02,8.363420462239747055e-02,-3.011094565826482605e-01,6.573716932217178732e-02,-6.886760436899667936e-02,-2.135935791191570787e-01,-2.423631363495272750e-01,1.551610286477800027e-01,-2.750336042987723550e-02,2.863441708170351152e-01,1.383190384066756151e-01,4.697430657250956099e-02,2.352635942088805443e-01,1.948448869160512853e-02,2.922477995738155809e-01,3.046535674580671538e-01,4.492350792964875383e-01,3.314376129454063569e-01,4.182240683649181973e-02,2.712490493273257697e-02,-3.257471495880793211e-01,-2.666860845142253744e-01,9.227739957340735932e-02,2.345905830562382832e-01,1.749888504926271904e-01,1.840732375326608605e-01,1.922364993785149467e-01,1.869924486663590846e-01,-1.594577720879254978e-01,3.719199249140740515e-01,4.019352822963820349e-01,4.654014606027817025e-01,-3.001301723587271875e-01,3.901143300076463372e-01,-2.309796300209632138e-03,-8.730610692253612526e-02,-1.025443563292137844e-01,-1.798571852891849288e-01,-2.599185994072109041e-01,-2.246241098310027551e-01,-1.035955286952296855e-01,1.537246426400028509e-01,4.812507976133602490e-03,2.854757562973838647e-01,-2.693164255846730026e-01,7.147289100108873694e-02,-1.669570823167578211e-01,1.137700450126151591e-01,3.017753792413345737e-01,-7.751245930838047971e-02,3.430030204869273236e-01,1.509194865862938106e-01,9.630632785961450171e-02,1.533875903109484518e-01,2.261839410169637354e-01,3.219625812030855738e-01,9.435252619529623658e-03,1.638554967058688805e-01,-2.647454067884227880e-01,4.854030226499578965e-02,2.156792425461212248e-01,-2.197567926488818435e-01,2.434858672627099874e-01,-2.259173385150232624e-02,2.122117115533438958e-01,2.812108290767942886e-01,1.386190673853572239e-02,-1.259521468159985058e-01,-2.494575586957269164e-01,-5.594134449821470262e-02
1.268002211626628462e-01,1.974249150650608797e-01,-7.586091327216215596e-02,-2.789504842186105171e-02,-2.613141325996252151e-01,-1.314204477565008855e-01,2.792783916286463441e-02,3.333268102794667009e-01,4.128723907049416941e-02,-5.813400347502817311e-02,3.482274652739827392e-01,0.000000000000000000e+00,1.323267620703043601e-01,2.508512629499496938e-01,6.842915486748697533e-03,8.669207662721359342e-02,2.148085564939543161e-03,5.175271103069204459e-01,1.558661348596852569e-01,4.835329850972646115e-01,-2.224874425047170812e-01,-8.438048841667096511e-02,-3.002005485353311798e-01,-2.099916532730036201e-01,-2.919504093610204576e-01,-2.702187288693039258e-01,2.587771060232501030e-01,-4.457470921837357325e-02,3.860213721690865935e-02,4.234591005693209009e-01,5.147392034873545658e-03,2.920239739041465832e-01,2.413038175155260978e-01,4.299471729639597894e-01,-4.125711694632103188e-01,-3.400693842564462832e-01,-4.988526292142005381e-01,-4.427366765572360863e-01,-1.579209942967431390e-01,-1.728693407865348752e-01,-4.008920719375663050e-02,1.706607516121622370e-01,-4.060673200806712013e-01,-3.711110314062051607e-01,-3.768716812292732254e-01,-1.979179886469974725e-01,-2.331292520829099102e-01,-1.919387765183068750e-01,-1.097466620485115923e-01,2.769704102974092086e-01,1.902400773718564142e-01,1.252028140134504031e-01,1.970181926345845880e-01,-8.785937415614654411e-02,1.119042104383414227e-01,1.292804682195752286e-01,9.305580001329312456e-02,2.574413410105271249e-01,1.759867406959516323e-01,3.540445567190150800e-01,5.583942632090842517e-01,6.230195779984332161e-01,2.669430219890224221e-01,6.465813941191890235e-01,-3.134647958824841596e-01,1.547068550970826517e-01,-3.877805516142495690e-01,-2.426562356832281664e-01,1.252718634110308593e-01,1.502958264121231069e-01,-1.855051046027061390e-01,-6.583530664668099663e-02,8.290643860616732710e-03,6.637595059194424663e-02,-1.261111463015201495e-01,2.294508563704577078e-02,-2.113252100577185308e-02,1.022315595977003333e-01,-3.430705884895456428e-03,3.247926488264598066e-01,1.097437921916976922e-01,1.473832093089630368e-01,-1.317235475224809438e-01,-5.497694035102783372e-02,-2.295020152804727598e-02,-2.316790314443650523e-01,6.716387038790255781e-02,-1.423036178777206950e-01,3.208949661296564004e-01,-1.620149316600735800e-01,1.274786306911186717e-01,-1.519373432472422847e-01,-2.513629659899167725e-03,-3.521488148410057972e-01,9.084824272350358609e-02,-2.722974780909316883e-01,1.034459161270637334e-01,-3.932729450032375063e-01,-2.301376265518800257e-01,-3.268993823805916299e-01,2.950476015165897636e-01,-2.885044791318139290e-01,-1.165045166469954180e-01,-3.715120246818784389e-01,-3.383331041079429280e-02,-3.058334530497276993e-01,1.802224680034829885e-01,-2.817895526613974355e-01,1.023241902608105214e-01,1.172867920960587867e-01,1.015817701184439370e-01,-1.141678603322759944e-01,-3.602765883692324311e-01,-3.621109880945787562e-01,-4.925927718461594607e-01,-1.676253403602621372e-01
1.052668957641673120e-01,-3.250750308847557418e-02,2.284319443703980157e-01,-7.521228667464063822e-02,4.342844111672183871e-02,1.650012057657776129e-02,7.300456832466625245e-01,-7.044061538403559308e-02,-2.597040289967210078e-02,1.349911977639837446e-01,5.639122830500735706e-01,1.323267620703043601e-01,0.000000000000000000e+00,-5.078406604522477108e-02,8.425813487592334616e-02,2.191982198611256982e-01,1.562049225008115272e-01,-3.137864784848534705e-01,3.380761619399376139e-01,-1.588240148848566735e-01,1.949208279170177791e-02,5.232110542687012922e-02,1.036050104722999327e-01,-1.088982172440790819e-01,-7.553174535183888871e-02,3.691411650416462787e-03,6.818273789863914247e-02,3.217033717689748301e-02,1.655399164498658204e-01,-1.034847020742078044e-01,2.767050866261560604e-01,8.632810886368051662e-02,-1.091847093342519504e-01,-2.048075483866644286e-01,2.478557494630574398e-01,6.609628548305340745e-02,6.192733260298997205e-02,-2.107807197747122926e-02,1.777637433238410114e-01,1.811312449518569789e-01,1.654097003429038093e-01,-6.204496136877213006e-03,-3.627679439024556612e-02,-1.160222803390690768e-02,-1.460309717462902057e-01,-1.118204228466727068e-01,-2.356376562853581321e-03,1.032098703363702047e-01,-1.803515554471210314e-01,1.947446532498149641e-01,6.598114715566825994e-02,-3.362047731127870004e-02,-3.555406427846116157e-01,1.644376215564006538e-01,-2.309787818044833352e-01,2.569341812936863367e-01,6.563401136585235440e-02,1.210413631912695687e-01,1.526616906650322125e-01,1.242753264440849409e-01,1.830813736496580413e-01,3.666653881658551994e-01,-4.188136155228840835e-02,-2.255052019146814579e-01,4.843429446432800933e-01,8.423652243658756589e-02,-2.498466213130370317e-01,-3.374365436121516959e-01,-1.141668486799403692e-01,-4.438657416871752415e-02,1.570772835660750044e-01,3.180425729846059757e-01,2.782941270648786047e-01,2.189598709344315886e-01,1.470915270529678520e-01,3.746744953051704963e-01,2.566445469827638992e-01,4.819708044433190786e-01,-4.017021760998145119e-01,1.452381537366504161e-01,-4.770410295347279894e-01,-2.977738225405624495e-01,-1.483422177412778986e-01,-4.568361661685944874e-02,-3.376970096381418096e-01,-3.436465124906853408e-01,-2.276089579852871025e-01,2.435123623304095708e-01,-2.908560578080572889e-01,2.924798747319828363e-01,-3.960611262901688745e-01,1.821123366769589469e-01,-3.507549208527389051e-01,2.637406801318585292e-01,1.642516038224369479e-01,-8.730317367144006802e-02,1.045659755126891050e-01,1.019569825838094607e-01,1.118832719711239099e-01,2.701524787154063745e-01,-1.889654102858031037e-01,4.182118889134169293e-01,-2.001675930618529442e-02,1.487611761163653568e-01,-2.453019532630866251e-01,6.898661922965698690e-02,7.286858515526481450e-02,-8.555478343997045820e-02,5.984092490208306470e-02,-1.564467431929445485e-01,9.440049049627306788e-02,6.190737616148317413e-02,1.944639361885845338e-02,-2.449022000793928955e-01,-8.852803734856602713e-02,-1.034454405622127066e-01
