0.000000000000000000e+00,8.584273417487274793e-01,2.793529378632123583e-01,3.935116423411912307e-04,1.151108896178068136e-01,3.602535441014945508e-03,-1.231726312381036387e-01,-4.155254984103950444e-01,-3.548865491520745152e-01,-1.749152069617772309e-01,-1.417766542589010692e-01,-4.205185434834011748e-01,-2.367087992762796078e-01,-3.577122595311824638e-01,-2.721952731318991181e-01,-6.020019842875565935e-03,1.343787662774896530e-01,6.433915635734588356e-02,2.985655295313967561e-01,3.887437952582846190e-01,8.209017502133663519e-03,5.749721059750501767e-02,-4.210264411986936461e-01,-1.291229798186703248e-01,3.221329153714920235e-01,2.643566513623744063e-01,3.378768908509186542e-01,2.307884052589525836e-01,-3.222997421462509560e-01,-2.414855177325464508e-01,-5.760040145884588042e-02,9.394799982102425978e-03,1.786249605163016396e-02,-6.689314890716167861e-02,-1.486504004344816471e-02,-1.603453995128385212e-01,-3.099844650080748054e-01,-2.018693003319674550e-01,-3.500589837415284955e-01,-2.829675127071649143e-01,-3.149493307039537560e-01,-3.594320987414553747e-01,-7.021740752964089616e-02,8.169237497969472628e-02,-1.886482166485399237e-01,4.734528531623403980e-02,1.208279042853471624e-01,-5.393294842034215136e-02,1.773271660928382731e-02,-1.602992049427039156e-02,9.724204579082877664e-02,6.444321784162904132e-02,6.997930155076008407e-02,-1.246830367121590094e-01,1.721860884161446337e-01,2.939902443867437598e-01,8.202853654227701963e-01,7.047679258173424888e-01,7.098266256656877715e-01,4.670235997062242017e-01,3.225691222352686238e-01,1.981262957458422222e-02,-7.561236373352994700e-02,-3.241906253160794504e-01,-1.761754829205617046e-01,-4.100247552037988297e-01,4.969442859996181516e-01,4.477079744828872387e-01,7.529300590413324779e-01,7.265317989388007103e-01,4.593677166265882489e-02,7.390706676314122425e-02,-5.263693556468278245e-02,-2.447516612848757989e-01,-1.082437261308046156e-01,-1.365383923893553064e-01,-8.316404136289980153e-02,9.883642601535018446e-02,-1.488425269364839487e-01,1.174593585706427967e-01,4.644258147704648232e-02,6.929067032513099023e-02,-2.032772733069099225e-01,5.200711789740992963e-02,-1.847531996139335775e-02,-1.102873633190512986e-01,2.787536334486861445e-01,1.275094705325313660e-01,-2.718210242958393752e-01,1.502603227135741182e-01,-6.068953950982874934e-01,-5.481089065915061287e-01,-4.324762044572167952e-01,-2.018776056671245656e-01,6.403521048053159581e-02,-1.273628684124889221e-01,2.734705561956258385e-02,1.796943019094378313e-01,-8.465403526236779663e-02,-2.866796566245974343e-01,8.546398869925675434e-02,5.845837858911986928e-02,1.844880303459458804e-01,1.100767328174611787e-01,1.362063416271484251e-01,1.062112951628991636e-01,8.097938293048607961e-02,1.803772156526257942e-01,8.196328632219269938e-02,1.946095263850850313e-02,2.330630696275267089e-01,9.576269263912651208e-02,8.365098303435927751e-02,-6.307247960776342366e-02,-1.330356441437808568e-01,-1.130184010711563491e-01
8.584273417487274793e-01,0.000000000000000000e+00,1.848727562290123361e-01,-6.800867486029736619e-02,7.662294432115934750e-02,-1.607270170619146954e-01,-1.799810979245528575e-01,-3.366808771718590720e-01,-2.890275963283983063e-01,-3.855281516356127702e-01,2.856163838449840911e-02,-3.127425209873805900e-01,-1.618503040649842406e-01,-2.351301849588053050e-01,-1.865614118552735845e-01,-1.040558144198436563e-01,1.173126450073542076e-01,2.927423808921650883e-01,3.022563986035817218e-01,4.596232502239205875e-01,-1.214105026573130269e-01,-1.128985087872812210e-01,-3.955376332060266953e-01,-8.370908877159416450e-02,3.201368092589838010e-01,2.010884216808228597e-01,2.466797018426127308e-01,1.251687963776476342e-01,-1.595208936515317422e-01,-2.973559042399344637e-04,3.503987423769568121e-03,1.676486083468674932e-03,1.401069699679249880e-01,9.356944204763444073e-02,7.535258650104419142e-02,3.040452653809909422e-02,-3.052843824543935991e-01,-2.174034912673329378e-01,-4.053868270423164888e-01,-3.201581461273859119e-01,-3.009838633418849274e-01,-3.541564140949988726e-01,-5.229100626993733736e-02,5.705878146697594688e-02,-1.801939020606162789e-01,-3.847571318807408575e-02,4.296872259298508551e-02,-1.345027833387196503e-01,-9.954503651417150045e-02,-1.478541196818250192e-01,2.240617530195055870e-02,-1.058373193926526318e-01,9.459471285509360450e-02,-2.196796601532393090e-01,1.240278377302245494e-01,1.970838530053829196e-01,7.998695195049740914e-01,7.991845603190601555e-01,5.791803615655580773e-01,4.711072637699343368e-01,3.380634751646637293e-01,3.598282082419473893e-02,4.851977492096837957e-02,-8.232626602826498274e-02,-1.549845510827753681e-01,-4.299283625268586762e-01,4.448432790653927826e-01,4.156007754110649932e-01,7.064382413389354021e-01,6.835374935398383922e-01,1.276790801001256859e-01,3.806249655370980839e-02,1.299751497823130042e-01,-8.015845081375135017e-02,4.232743169513084047e-02,1.062282341554146218e-04,3.448315008157019912e-02,1.986964222092914845e-01,3.925813267974679471e-02,1.705796788233255312e-01,2.360058140574683438e-01,-9.108814347820859414e-02,1.347219226564196201e-03,-1.732320052683429812e-01,1.236248609997038089e-01,-3.602441290021224929e-01,3.207304063711370334e-01,-6.257750678691671731e-02,-6.776173557525592972e-02,-6.838191281017903800e-02,-5.020716813564433112e-01,-4.925407410487165905e-01,-3.824684029142937369e-01,-2.630401557793035638e-01,1.139554969896662134e-01,1.540637097395200841e-02,2.268300030259165767e-01,1.698944213823841420e-01,4.880824559163032816e-02,-2.683738305399525625e-01,1.865904195632391849e-01,-1.387785834011581731e-01,2.232499246679030269e-01,4.865790116429467849e-02,1.349647977371487839e-01,-4.826539063652721118e-02,1.117145503773260828e-01,9.771646955338511575e-02,-1.809070385659183183e-02,3.941948068871394678e-02,2.788061643177666693e-01,2.776509148869500954e-01,1.802261461003038800e-01,-1.256013038126194137e-02,-1.840835421370618993e-02,-1.047574584267185194e-01
2.793529378632123583e-01,1.848727562290123361e-01,0.000000000000000000e+00,4.240539669010192081e-01,2.196068271593207000e-01,2.188493142860383489e-01,5.641422251598807724e-01,1.251105071280922409e-01,-9.090492039415787318e-02,7.698981359547717260e-04,2.266561531209063673e-01,1.752734227623509444e-01,2.290725599743875518e-01,5.917223843151824675e-02,-7.958814856376895952e-02,3.269738857799123766e-01,-3.495117531146363365e-01,-1.788397550980544148e-01,5.886255734125908079e-01,3.558163692762315589e-01,4.613515986610980391e-02,1.427740057396815858e-02,1.089232815718143565e-01,1.804037451219144828e-01,-1.457305087392237741e-01,1.847861298573930666e-01,1.625758287920961165e-01,5.328780398238214082e-03,-4.162666312833894211e-01,-3.541033528819392817e-02,3.467318798476086150e-01,4.194387739675926041e-01,2.144214563803845952e-01,-1.111466922665920593e-02,2.115506190925522945e-01,-7.446446717601461554e-03,-4.187409061965505774e-01,-2.795808788205045858e-01,-1.104593381803743585e-01,-1.465105994525903732e-01,-1.353043581957467378e-01,-2.906693848800899205e-01,-2.341776051373687384e-01,-2.218375157773263828e-01,-4.246460060737216602e-01,-4.267274698029686619e-01,-3.045708037365080778e-01,-4.938445036352253625e-01,-4.014953606879837489e-01,-4.433736891612968800e-01,-3.682194222596854027e-01,-3.895872266294305719e-01,-3.300140200089868858e-01,-4.665599721050161519e-01,-3.002356027137514580e-02,-2.216619619834057364e-01,-7.998505853668023968e-02,-1.672172509375489391e-01,1.243376663937999088e-01,-1.263779845260582235e-01,1.187785535746541665e-01,-3.470110489628092793e-02,-3.880114156566754485e-02,-3.736511230369653491e-01,2.573913977989468194e-01,-2.132281308800327013e-01,1.460310935020673606e-01,6.316363530666313508e-02,8.708517101290297324e-02,1.740645145754844414e-01,3.630543135492970697e-01,3.792569511432193896e-01,2.463676828906828098e-01,2.627329691623503938e-01,1.727054745557212168e-01,-6.055775757892103983e-02,-1.691626371600559592e-02,-7.536862354006922864e-05,-4.089764405818899218e-01,1.616067355091632424e-03,-3.821069843713199576e-01,-2.809299938327562418e-01,-4.495022681020314215e-01,1.810906651490795105e-01,-3.865269412473485572e-02,-2.139088807941296466e-01,3.625405186866932916e-01,2.111362800644871751e-01,-2.541555820221635953e-01,-5.402692397678006409e-02,-9.079469673852463840e-02,-8.998732675300860628e-02,2.228500678535469681e-01,-1.951067704154976490e-01,3.238026800552998297e-01,-2.514489995517664722e-01,-2.549586677358244291e-01,-2.708021240446377431e-02,2.344279573610438122e-02,1.101540770604138852e-01,2.662062565090944632e-01,-5.998810768752132344e-02,3.309145996584258453e-01,3.513270171406291942e-01,2.253556847615501568e-01,2.829216682052025367e-01,5.165491705981762882e-01,4.632202200593933394e-01,3.415869387489827574e-02,-7.467315672118331193e-02,-4.678646027212565728e-02,-1.342023389067537043e-01,-2.259442261976416233e-01,-1.244284909433357178e-01,-5.381494988313299810e-02,1.154079963657194952e-01
3.935116423411912307e-04,-6.800867486029736619e-02,4.240539669010192081e-01,0.000000000000000000e+00,-9.594697116660658165e-02,1.777211233980986460e-01,2.753894237231854225e-01,6.724696643050246392e-01,1.627797250437378329e-01,2.942080153776646667e-01,9.857932982825219626e-02,3.711179667162115003e-01,2.402214967570570625e-01,3.403708826519504238e-01,-1.712999233366855334e-01,-7.388408158916107138e-02,-2.981804286499151191e-01,-1.483537416498608048e-02,3.346439909249708800e-01,2.192924553006581623e-01,-3.401472055199638023e-01,-1.751711394953088530e-01,4.576950532266016447e-01,4.846347232302027908e-01,-4.063870602614442530e-03,-9.634584528787480673e-02,-3.337488847665524561e-01,-3.687995111511609414e-01,-3.788466090618519133e-01,1.913388108463384696e-01,-4.762025582702379863e-03,1.756521536900522151e-01,1.926741884110272918e-01,3.160509895159060445e-01,1.756805484362088110e-01,1.038509996410201114e-01,-3.951469497992995961e-01,-4.341827452325467407e-01,-1.065503067386358860e-01,-1.557546812995513896e-01,-2.473358764265828902e-01,-2.362407733289577372e-01,7.062585570939634849e-02,-3.235298784282558682e-02,3.035214865737991680e-02,1.827845066165362242e-02,-2.264010423915373826e-01,-2.476732507032541053e-01,3.535167626884943431e-02,-8.763830151695073400e-03,-3.155835843457976964e-02,1.341861313825707877e-02,-3.305184448946296011e-02,-2.469656861260347350e-02,-3.346914825505898361e-01,-4.551762005636096342e-01,-1.510105684399227488e-01,-2.984839184573545023e-01,-1.492001261806513435e-01,-3.220067865715466326e-01,3.747935737139239665e-01,8.552492273000683598e-02,-8.743942644467685155e-02,3.087590373034924257e-02,9.696521178942581198e-02,3.506140194282487133e-01,-8.772137060125720365e-02,-2.076897244619076432e-01,-3.245296810816210575e-01,-2.831337663018279049e-01,1.459199938454708023e-01,-3.210760796214299356e-02,-3.672595583784814266e-02,1.130032832526775693e-01,1.613940950847513323e-01,-3.045944138216717320e-02,-1.752796348565356099e-01,-1.793623888542895117e-01,-5.908005795331359999e-02,8.074741707300489568e-02,-3.829780372638584996e-03,-1.684494599391534175e-01,-1.261953745720441056e-01,-3.046663278773960593e-01,1.790085926864924959e-01,1.259502460193232254e-01,2.012390173064941001e-01,-2.775413574017905893e-01,4.252960397298894551e-02,-2.034387995515820335e-01,2.594619803226900778e-01,3.481554071541292233e-02,1.579767746538115747e-01,1.055487175124118771e-01,1.503458748576613213e-01,-4.396341066948885462e-02,-3.836140759346366447e-01,-4.358449617263336351e-01,-1.063766146053255895e-01,-2.064055760825360408e-01,-1.913909706002357158e-01,-1.117942726393867381e-01,-3.749949968430736358e-01,-3.039852677870563125e-01,4.710495949423669504e-02,6.020042170193581899e-02,5.927642102269118501e-02,-1.154832568387278990e-01,2.500060731731620911e-02,6.020307234963701015e-02,-2.158169370991746272e-01,1.432193611520788112e-01,-5.046258822114129891e-03,1.964884264640461287e-01,1.344714247151810038e-01,-4.786623132695266153e-02
1.151108896178068136e-01,7.662294432115934750e-02,2.196068271593207000e-01,-9.594697116660658165e-02,0.000000000000000000e+00,5.432238875352060070e-01,3.167065320998152522e-01,-3.605875397962013396e-01,2.152797959735378575e-01,-6.371706655589703949e-02,1.351096894284033456e-01,-7.601158198826378498e-02,1.432395029334575243e-01,-1.550359509826214899e-01,1.981269003774071003e-01,4.735438117678233971e-01,3.555597240240728624e-02,-3.182632918180899884e-01,1.603199328706453874e-01,-6.950810929684129134e-03,5.519818715227200467e-01,2.956652244227241377e-01,-2.554828092617750790e-01,-2.607858185371968451e-01,2.404868859009343454e-02,5.619596277917738858e-01,6.487975085636944472e-01,5.851499832960377345e-01,-1.242541870105602075e-01,-1.493878651050455086e-01,5.267998204314547905e-01,3.762834819759937055e-01,2.193480565716403319e-02,-2.859757221161881025e-01,-3.516164090021189209e-02,-8.091849814553686571e-02,1.723704798457192933e-01,2.218037984760690418e-01,1.807652548285620664e-01,1.630568018544527598e-01,2.287543372746000392e-01,-2.827370625962090812e-03,-4.692404551152285497e-01,-5.185019549672558181e-01,-5.169842667917986523e-01,-5.356110243618726896e-01,-4.436856951641479085e-01,-4.750023249280809767e-01,-5.077398228182385953e-01,-5.088535738156495514e-01,-5.296234910537610530e-01,-3.879260521085695634e-01,-5.063870830247053645e-01,-4.241051120523369189e-01,-2.661277578443913515e-03,6.992519858882752237e-02,-2.684451512920249874e-02,2.702815427327568201e-02,-3.278802215349296834e-02,7.057632270167291111e-02,-3.657416088353548922e-01,7.785786805867943305e-02,-2.169206724586638102e-01,-2.631355582187365760e-01,-1.296473839317773824e-01,-2.684964829586588553e-01,-5.484541336533890060e-02,1.244853613252007024e-01,2.460584380926335024e-01,3.310668590171627623e-01,3.587862931056687854e-01,5.070834491186183568e-01,4.013394375715231832e-01,3.749083629574595511e-01,1.739220015354500382e-01,3.823088057325097489e-01,1.029863415850256342e-01,2.819954382630989187e-01,-3.685723272325364119e-01,2.493008764765392571e-01,-1.384699123579707092e-01,9.632891907853302627e-02,-2.677848290784041740e-01,3.812556488818494849e-01,-2.041099384668266514e-01,1.285373573541527814e-01,2.169315550029454476e-01,5.152893065253787430e-01,-3.439569835811544518e-01,4.464796999867354232e-01,-2.716078208159770080e-01,-6.300719429074359834e-02,-3.394548548128006882e-02,-2.617976192597356588e-01,2.433781835297835483e-01,-1.483624986770919474e-01,1.020493594712770513e-01,2.927574850878900126e-01,1.444024765115842768e-01,1.994117783696420509e-01,1.583963636452582757e-01,1.879877564231386133e-01,4.708124192943291542e-01,5.755138913336289574e-01,1.835139899793168661e-02,3.750623478188251925e-01,4.760453632184604711e-01,5.009107219661184107e-01,7.829430795658658127e-02,1.209779140609970466e-01,1.963898940245493718e-01,-3.246838038752229982e-01,-3.463704526388521887e-01,-2.378970748903561638e-01,-3.092643948575628521e-01,3.804221155893400264e-01
3.602535441014945508e-03,-1.607270170619146954e-01,2.188493142860383489e-01,1.777211233980986460e-01,5.432238875352060070e-01,0.000000000000000000e+00,2.707765557726899419e-01,-1.186219824913781022e-02,5.309336816360003125e-02,3.536643189553351774e-01,1.451813565298160913e-01,1.889719216486070719e-01,2.674760466045414953e-01,1.399730936902765510e-01,1.915848311772775370e-01,4.599222696439476676e-01,-9.410227020143704935e-02,-4.128294500795742228e-01,3.467814027970800295e-01,9.885433290475702239e-02,3.155496709602253480e-01,1.866957599029579751e-01,-1.449554918308513553e-02,4.292799680846375726e-03,-3.079199691398588901e-02,4.708917366817260142e-01,2.848931109389840621e-01,2.571115762053445830e-01,-1.656920036863274159e-01,-3.868396180191274736e-03,4.320001066677663371e-01,3.424583621492929275e-01,4.584371292496699016e-03,-9.406131598863498589e-02,-2.133807008336215116e-01,-1.664972240137148618e-01,-1.643639068185832608e-01,-3.840449561033159459e-02,1.328997128383105908e-01,1.370478898762919895e-01,-5.558902429888577107e-02,-1.848689732208171899e-01,-4.263791726192862619e-01,-3.789288325459081452e-01,-4.123822208098318343e-01,-3.662432296479362082e-01,-2.318677532040180900e-01,-3.342850318252171271e-01,-2.406669652735225484e-01,-2.171287407524760682e-01,-3.931665792819524774e-01,-3.076454792842474584e-01,-3.964202198457634774e-01,-2.636706577607088042e-01,-7.988756384303540015e-02,-4.115647395883830113e-03,-2.118620426833263126e-01,-2.712036088613943297e-01,-2.988353796121134484e-02,-1.884140221777648797e-02,-2.766276322752876937e-01,2.064241016110173466e-01,-7.179152618240450257e-02,-1.244288991968315189e-01,-1.363233412003192480e-01,-9.829657194976590406e-02,-2.130495473388092642e-01,-1.284517199315354519e-01,-1.046015780423225905e-01,4.186907256384816978e-02,1.525726667078816656e-01,4.512060757785826270e-01,2.168470852595196785e-01,2.265871593256692795e-01,2.768635552079838913e-01,5.280153021188487006e-02,-1.215912514286522084e-01,7.279567184494976917e-02,-3.330473016265173003e-01,1.415317986415157436e-01,-2.572544615396130663e-01,-1.247508084778650578e-01,-2.765655911985068771e-01,2.454871567915659358e-01,-2.876340945767821289e-01,1.985192481436469369e-01,3.930376968284657879e-01,4.942685035774327384e-01,-2.896495813877033587e-01,3.761820383431915826e-01,-7.653181285056631644e-02,4.014345775464924632e-02,8.640520554473699044e-02,-1.396640362671841273e-01,2.937538800658714977e-01,-6.588402626364910086e-02,-1.205498520181866873e-01,1.744219503688878570e-01,1.861876870233746539e-01,1.322894993180679379e-01,2.440034421418981192e-01,2.861972013298067496e-01,2.943479917356218722e-01,3.559592124531186785e-01,-8.776302527497854833e-02,3.242202054812052814e-01,4.204202927299355297e-01,5.028426846631206537e-01,9.123452542780796648e-02,1.310106452489234463e-01,1.025925804551257314e-01,-1.421488994619553581e-01,-3.803359357776870953e-01,-1.628713123736822144e-01,-2.172919172950986411e-01,3.174461853083702656e-01
-1.231726312381036387e-01,-1.799810979245528575e-01,5.641422251598807724e-01,2.753894237231854225e-01,3.167065320998152522e-01,2.707765557726899419e-01,0.000000000000000000e+00,3.261985950304531201e-01,-1.206692551557091500e-02,1.261347565500176293e-01,4.755317864168030484e-01,6.177108886781682573e-01,6.081847155947149863e-01,4.869865695145920714e-01,1.164677352494558477e-01,5.538827576587279644e-01,-2.402152584830279380e-01,-3.495632629098751054e-01,5.267046918020139579e-01,3.145263913909144837e-01,1.229856654239855768e-01,7.412679579586307910e-02,-1.844961344289172342e-02,-2.494989083989643808e-01,-5.687095696687202162e-01,4.941212788427185032e-02,1.465798797034371659e-01,1.053269351178528074e-01,-7.121232492224553734e-02,-1.162447587966687970e-02,5.182427866781460501e-01,4.504779054923359061e-01,-7.878487415335852506e-03,-5.605084198180905475e-02,-2.194706727689416659e-01,-2.202871410607738778e-01,-1.441270399620416809e-01,-1.173627639521926391e-01,4.678149494116505547e-02,1.131727946124359493e-02,-4.720260827684445715e-02,-1.474371073634760110e-01,-5.819984887234853632e-01,-4.696463408511022952e-01,-5.891519453281371943e-01,-6.262805799855754030e-01,-3.669296926385602342e-01,-4.321759636004842697e-01,-6.064306966648628228e-01,-5.694345229738220215e-01,-6.036254913780976228e-01,-5.098334853822322765e-01,-5.712892754481601054e-01,-5.803319708086192019e-01,-2.903889905624836842e-01,-2.375066594750687154e-01,-5.251565981062760180e-01,-6.094490674820528531e-01,-1.790723301142994606e-01,-1.796131409458797401e-01,-2.534517025398557583e-02,4.048655269377117727e-01,1.685867015258021573e-01,-1.670688678266561145e-01,1.769078532975327037e-02,-2.511285382827496138e-01,-2.614029490670007894e-01,-2.276552612589180236e-01,-3.230013270799376723e-01,-1.939326918018615120e-01,4.009056796792835886e-01,5.496022876368750198e-01,3.246125563180977114e-01,3.898366360074602133e-01,2.130671899777784595e-01,1.794157490073700623e-01,1.543641218887562006e-01,2.069607899134459639e-01,-4.123694582402124276e-01,-6.398543400044817697e-02,-6.261855918097997131e-01,-3.216697319385332099e-01,-4.629613623677030776e-01,2.592638911287142300e-01,-3.574543982985867174e-01,-2.740594340124434883e-02,-5.888123220607989657e-03,3.266415776664445270e-01,-4.509982103618406790e-01,9.287918533974290347e-02,1.685156116004114246e-01,3.029485598680274339e-01,4.619134226119629427e-01,-6.535770587488316796e-02,1.174190604980012015e-01,-3.555173691316926288e-01,-3.527599230871189540e-01,8.404649438194129740e-02,3.012060369303308227e-01,5.478882355624997702e-01,3.683907815775944727e-01,1.194393520283344584e-01,3.584871498585240901e-01,5.579973642853844895e-01,-9.324054223920612283e-02,1.680098498536231055e-01,4.510006699026114507e-01,5.563101741396606625e-01,6.963183177915724213e-03,-1.662687051957457696e-01,-2.325140544546038524e-01,-3.137758783787050754e-01,-4.738201391927467365e-01,-4.654393917312165119e-01,-2.507306778370732570e-01,5.170788965142478905e-02
-4.155254984103950444e-01,-3.366808771718590720e-01,1.251105071280922409e-01,6.724696643050246392e-01,-3.605875397962013396e-01,-1.186219824913781022e-02,3.261985950304531201e-01,0.000000000000000000e+00,2.054338309730439627e-01,3.923063443413703499e-01,1.984323696496540779e-01,6.646991315213305329e-01,3.546339221331015201e-01,6.982795386464498710e-01,-1.055400864465457778e-01,-1.207896597851390863e-01,-3.273361691423769537e-01,1.027942450232371685e-01,2.160542657185770543e-01,1.817942809889724898e-01,-5.026205081793397866e-01,-3.290790235563409438e-01,6.333880924375012711e-01,4.027530558475906353e-01,-2.118478604647837937e-01,-4.076596566158857127e-01,-6.335800831539172284e-01,-5.844267124064905783e-01,-1.692374744789593988e-01,3.499852799428809780e-01,-1.946535584453123330e-02,1.457610977108638184e-01,2.036751345487280429e-01,3.533142813938898730e-01,-5.290274161545892306e-02,1.699203597667228380e-02,-3.685746462673518131e-01,-4.588162050414251736e-01,-2.034265270420143878e-01,-2.533189860852738118e-01,-2.077653444747654954e-01,-1.406298956848821002e-01,8.564735814790237767e-02,-9.145070505159960672e-03,1.625359982621064625e-01,8.057645912395242083e-02,-9.756324863427219551e-02,-1.027915136373620392e-01,8.196362961563519178e-02,8.758716580438356825e-02,6.067498776163558066e-02,-3.627076940062108623e-02,1.838766834211336687e-01,1.004128876228483208e-01,-3.177551871829784602e-01,-4.986547175822086397e-01,-4.477426585585304042e-01,-5.439688506145292646e-01,-3.491243199322082158e-01,-3.853482900030436586e-01,3.160963611911684623e-01,1.571700402529830620e-01,1.612123611830404979e-01,3.836598987439406305e-01,1.001788488551995371e-01,3.390012264359797967e-01,-2.548788544413879142e-01,-4.088419691154728808e-01,-5.720610639667456088e-01,-5.452498702534194219e-01,1.624515132963392783e-01,-9.987858239417819750e-02,5.022174575770349536e-02,2.605730046376310005e-01,1.808513571743332327e-01,2.832490128714757263e-02,-1.642603714425473205e-01,-3.007071428423035431e-01,7.533300105685263037e-02,-1.044564193159401855e-01,2.878791972686911907e-02,-2.629090493622461278e-01,-1.707128128701479799e-02,-3.738452138663768132e-01,2.664538022521639182e-01,-5.624759232050059732e-02,1.919603862853307445e-03,-4.626205967561380916e-01,1.258199194317498604e-01,-4.337286248976642278e-01,3.839223211811956249e-01,1.913143307160172224e-01,2.435581690270446631e-01,4.223824923077657001e-02,5.067507654258630173e-02,-1.116943631662906111e-01,-4.826954630685648673e-01,-5.869547891685179541e-01,-5.576872562437985847e-02,-6.364747193743366949e-02,-1.172330953861948494e-01,-3.074372607767467125e-01,-4.208745433642494538e-01,-3.973378083999784538e-01,-1.116272650775404218e-01,-1.484524501500038840e-01,-3.587872164874711389e-02,-2.588513178500094214e-01,-9.248579813179451381e-02,-9.735238029479896527e-02,-5.186105357367831736e-01,6.912947104796511588e-02,7.994242415039772010e-02,2.201071578336356582e-01,3.233423308579366773e-01,-1.533337067014760025e-01
-3.548865491520745152e-01,-2.890275963283983063e-01,-9.090492039415787318e-02,1.627797250437378329e-01,2.152797959735378575e-01,5.309336816360003125e-02,-1.206692551557091500e-02,2.054338309730439627e-01,0.000000000000000000e+00,1.804891730641428882e-01,2.713886945763325231e-01,2.502002083519503373e-01,3.554549546934711590e-01,5.009152806361811400e-02,-7.714465646317698357e-03,-1.453437433231471454e-01,-2.064216603272271688e-02,4.385503513436760092e-02,-1.954430925638602767e-01,-2.828578321762977299e-01,4.223585494706123822e-02,6.446511431891278898e-02,5.537054290847964744e-01,8.675305758343769547e-02,1.088817219531619113e-01,-1.856984872939396181e-01,-2.766324431467306888e-01,-4.105093494986835484e-02,-1.350941568023643069e-01,3.378769948336833306e-01,6.132660874837123771e-02,-4.215107605619527326e-02,2.285960646627520076e-01,-1.118253126573762746e-01,-6.358644467181730209e-02,-2.507699982195222069e-02,1.543026995335622653e-01,1.659901536142142364e-01,1.256832282766238151e-01,7.818222099910305395e-03,2.900894144508304184e-01,2.534672077228168341e-01,6.303079460535339351e-02,-3.476840834957647952e-01,2.430549213944434572e-01,7.823713456845045322e-02,-5.321014875952720935e-01,-3.354588697922645246e-01,9.372571035448497290e-02,1.239002773697728682e-01,1.465234475783634693e-02,1.335749105161154193e-01,3.660535146983662225e-02,3.701440532188886023e-01,-2.808938462351400767e-01,-4.100276124713826409e-01,-2.793556913309249157e-01,-1.516030769476867657e-01,-5.020231863319740695e-01,-4.567410698593490359e-01,-7.462116872340594266e-03,-3.842879276778222997e-02,-6.669516996764829342e-02,3.806217616946998006e-01,3.797228167968050988e-02,3.048708081038672413e-01,-5.558339228129698384e-01,-6.273285965098458483e-01,-2.807321511169869055e-01,-3.878836597059447389e-01,3.051855242557259262e-01,5.068147073146829495e-02,1.471559458358831785e-01,2.688985418256426563e-01,7.979643118048335149e-02,2.112042809000938270e-01,-3.019688795250961011e-01,-2.707276756572010723e-01,3.385016491248455522e-02,3.658727130222688695e-01,2.639789233693798920e-01,2.180564403205615398e-01,-1.687993469968836202e-02,-3.531199807840241234e-01,6.023767391475079447e-02,2.277115519322462367e-01,-6.898576733220083967e-02,-2.910578401108127045e-01,1.271371554203074572e-01,-1.377742647403667857e-02,3.098572602889286265e-01,2.692427466591619800e-01,2.808030254747583346e-02,2.144312046637020797e-01,1.389392562824120492e-01,4.514490665205525555e-02,-4.742179833803030625e-02,-4.132042823405538967e-01,-1.439308574427697884e-01,-1.411734250730224405e-01,-3.261879452895491971e-01,7.427596049304358017e-02,-4.042015904116732505e-01,-2.996847590729520561e-01,8.726831584621873306e-02,1.704642761701900822e-01,-9.935160442930660030e-02,-2.830128004413891563e-01,4.219493967827224468e-02,1.563270298185055196e-01,-1.439430792200917519e-01,-7.195837916560546277e-02,1.149441282670105903e-02,5.168264884849145258e-01,3.181546800539284403e-01,2.249152802079892877e-01
-1.749152069617772309e-01,-3.855281516356127702e-01,7.698981359547717260e-04,2.942080153776646667e-01,-6.371706655589703949e-02,3.536643189553351774e-01,1.261347565500176293e-01,3.923063443413703499e-01,1.804891730641428882e-01,0.000000000000000000e+00,2.984831886957061559e-02,2.344690329347262625e-01,1.829519923592105579e-01,2.486073425416149008e-01,-5.247172973415124148e-02,2.388881749754757922e-01,-7.388555618353161158e-02,-2.094267696360334330e-01,1.038719813874975639e-01,6.239210889932887694e-02,-2.819814152240782690e-01,-2.149238986521116168e-01,4.638962465238801736e-01,1.495433949970040033e-01,5.537459319223124454e-02,-1.718352909530937445e-01,-2.322676742161441099e-01,-1.964993190570910597e-01,-2.098797047091605916e-01,8.856481637082493086e-02,-1.069940555891871203e-01,9.862777943667900421e-03,-5.610495826037843747e-02,-4.496508375304134747e-02,-1.524036454117268791e-01,-1.938391311665742522e-01,-3.216587710945829626e-01,-2.746057548461232067e-01,-2.438933244955417967e-01,-1.487110427523140321e-01,-2.899075924964253370e-01,-2.773738335389834275e-01,-1.065524381302595247e-01,-1.778182283058593049e-01,-9.215849495579719886e-02,2.735981688629783581e-02,-1.105367626291962890e-01,-1.597971489868778572e-01,1.789463781604170856e-01,2.224049378524605713e-01,5.366041387319738648e-02,1.656709354307166482e-01,4.510299403394577022e-02,2.385878907538315774e-01,-2.498189749310764374e-01,-1.813259251539883488e-01,-3.120372550255030020e-01,-3.781961526963151798e-01,-7.849911563309458495e-02,-1.820025441171961300e-01,1.496710783548420021e-01,1.413584854098722809e-01,8.530383020330384314e-02,2.996910453330606933e-02,2.192189285722462577e-01,3.664492907280559320e-01,-1.889257031913934848e-01,-3.710923741318781222e-01,-2.881791826717607363e-01,-3.027855870834866292e-01,-7.600734031010587810e-02,-1.690458995374816697e-01,-1.799071459694935871e-01,-1.157273981177137784e-01,-1.107753643682107547e-01,1.102581285772863233e-02,-3.533967625734147910e-01,-3.372433725319178843e-01,8.349374444907385617e-02,5.080804836699147863e-03,-7.347231801650964955e-02,2.183347501797448798e-02,-1.117412771857914378e-01,-1.803745482839180792e-02,3.191513228560480253e-02,3.208936232606295902e-01,5.506367713973682118e-03,7.913547017428065877e-02,-1.552135949334361720e-01,1.119579388033307144e-01,-7.117137630714791968e-03,1.856070410610732857e-01,6.694506829329241807e-03,3.105577624273651166e-02,7.875594971095831176e-02,-3.943810626312789502e-02,-4.100943260111618027e-01,-3.561552321499313334e-01,-2.515060842679077702e-01,-2.031588405629240479e-01,-2.808446118074447440e-01,1.448337887801376123e-01,-2.471708573403884057e-01,-2.861054144177307967e-01,-3.507930412177794888e-01,-1.457104064463123905e-01,-9.171122759087937948e-02,-7.182717211836674165e-02,7.908969360366195633e-02,6.849099982430788269e-02,-3.064468910145625724e-01,-1.739557304878932287e-01,-2.241366252198425946e-01,1.705040323919624345e-01,1.626692212601741627e-01,-2.058312763130926426e-01
-1.417766542589010692e-01,2.856163838449840911e-02,2.266561531209063673e-01,9.857932982825219626e-02,1.351096894284033456e-01,1.451813565298160913e-01,4.755317864168030484e-01,1.984323696496540779e-01,2.713886945763325231e-01,2.984831886957061559e-02,0.000000000000000000e+00,6.563821488685885885e-01,7.925450197388302920e-01,5.038387979741884015e-01,3.240407333379325405e-01,2.849110922154690084e-01,-6.975811981635519909e-02,9.904724179375111459e-02,4.398088405055120553e-01,3.774187358865584430e-01,-1.380373510233473544e-01,-3.219608721443462107e-01,1.502572918380251088e-01,-7.959352393582205809e-02,-2.360347090705001982e-01,5.325579354364461809e-02,-1.425982822785770432e-01,-2.453091179045280290e-01,2.918454614544258030e-01,4.150563941724452199e-01,4.090687519425816321e-01,1.083127542059448695e-01,3.141324539207931976e-01,2.667389844857327441e-01,-3.869366684297409487e-02,1.334341591954362749e-01,-1.254653667425874031e-01,6.133789508867186838e-04,-1.047436176171848005e-01,-4.553118239161874775e-02,-6.295727635717582316e-02,-1.974440911481905592e-01,-2.564326592448920028e-01,-2.805428704938213724e-01,-3.670778980678088832e-01,-4.524669054140389446e-01,-4.597955019400656873e-01,-4.694277734001638946e-01,-4.710956786235103722e-01,-4.664283598733713343e-01,-5.530070045761501518e-01,-4.875404589583931525e-01,-5.199583497538884380e-01,-4.125403133688710922e-01,-5.541350954141015528e-01,-4.999926977808982764e-01,-3.300704719929327680e-01,-2.488229849621575729e-01,-3.411967329181347375e-01,-1.747494142476826717e-01,1.677493367803164492e-01,4.174437011965234090e-01,4.776493114351345604e-01,3.184754020543423270e-01,1.535970210638571698e-01,-5.280492435840598159e-02,-3.861839037706368272e-01,-3.859344984722034577e-01,-3.985672837191103768e-01,-3.401921569760451569e-01,3.624905274199916594e-01,3.782792473834732938e-01,4.300171172502862404e-01,3.456554069741165636e-01,3.273321493926711900e-01,3.249548841392868592e-01,1.406574924170899132e-01,2.310666780088403705e-01,1.289107277272390217e-01,2.945958918726652165e-01,-1.107506016945091487e-01,-3.839475892235202914e-01,-3.304905162093491749e-02,-2.304084726809666195e-01,-1.497435740634922574e-01,-1.277477959023591014e-01,1.772282146856739987e-02,-2.902451409780244362e-03,-2.350103794878192764e-01,-3.008462705343182414e-02,2.245856405222046159e-01,4.210366867124765711e-01,3.084013263386493620e-01,1.400449632359639096e-01,1.792287678548075969e-01,1.308953363599152722e-02,-1.662967547838332949e-02,5.327964405132711370e-04,1.733731216488192117e-01,2.044335046453835125e-01,1.498789088543125703e-01,1.893841055878248483e-02,2.400433285751389645e-01,1.933167791088585830e-01,-2.805526168689396749e-01,-1.533893673279766723e-01,2.820439083513768819e-01,2.513278619178679341e-01,-1.592881222771546923e-01,-3.503935582166000425e-03,-2.592916598045255649e-01,4.108790490764774317e-02,-2.394834730833443337e-01,-1.346532858686173006e-01,-4.297726231795924445e-03,1.924859266736489785e-02
-4.205185434834011748e-01,-3.127425209873805900e-01,1.752734227623509444e-01,3.711179667162115003e-01,-7.601158198826378498e-02,1.889719216486070719e-01,6.177108886781682573e-01,6.646991315213305329e-01,2.502002083519503373e-01,2.344690329347262625e-01,6.563821488685885885e-01,0.000000000000000000e+00,6.900007437881409134e-01,7.767189369287584855e-01,6.626764738399797128e-02,1.737771937209643403e-01,-2.508308757122305055e-01,-4.554897932684452699e-02,5.092471452069186055e-01,2.888462198147602744e-01,-1.926289046794572024e-01,-9.222709259226649636e-02,3.135910977806425914e-01,-5.156986126585377805e-02,-5.278389362944585494e-01,-2.781919752443297589e-01,-3.384177873671148085e-01,-3.286731527400741371e-01,2.131533291376180167e-02,4.045067357654619222e-01,3.071962281115228621e-01,1.794609262223076096e-01,2.021393715012494707e-01,1.278781271575088474e-01,-2.379162317792903603e-01,-9.296950791798419544e-02,-2.487838480656750506e-01,-2.340342825873404642e-01,-1.322192237286512126e-02,-1.828548323269298392e-01,-5.178315415845945180e-02,-1.496401879417315062e-01,-2.706443323681623769e-01,-2.646868193371066935e-01,-2.675156179106375487e-01,-3.760562600534338440e-01,-2.028256269911507814e-01,-2.785554653038611050e-01,-3.213277026038925954e-01,-2.737372675092767382e-01,-3.571113032079223926e-01,-3.050947565278857576e-01,-2.648344048093396186e-01,-1.874034529097054202e-01,-4.090368593780154272e-01,-4.602821894991367957e-01,-6.504407856872166382e-01,-6.340192110035740569e-01,-3.534250330828128672e-01,-2.004159356351608023e-01,1.535374420718391142e-01,5.245481516117165288e-01,2.694406412448911436e-01,4.057855172841969837e-01,-1.278427902637740698e-01,-2.203049524376788498e-02,-4.863656693718557134e-01,-4.697162067209439962e-01,-6.616195916354018491e-01,-5.775050314250926853e-01,2.684791823460772053e-01,3.112420428004682438e-01,3.327740607655979566e-01,5.111811165993295214e-01,3.340695176663215360e-01,2.378434003655932882e-01,-7.612384482729278590e-02,-5.819230872323758602e-02,-1.687900887681573758e-01,1.768388424706041351e-01,-2.671568928544854615e-01,-3.728717869830006637e-01,-2.874747799680110183e-01,-2.287918853558902899e-01,-1.538091283427679423e-01,-3.984509394601486176e-02,-8.264480241696084417e-02,-1.287265053612322574e-01,-1.288416918564911362e-01,-1.539357897429600719e-01,4.171514047471844289e-01,4.043776250946391482e-01,4.864893011509232590e-01,1.144714252990902958e-01,1.205899606407249969e-01,-2.553063184002605790e-01,-3.439263282253960385e-01,-2.696968026514789396e-01,3.295176640096016962e-01,3.913819975680096208e-01,1.354210219577831609e-01,-1.481685125922850912e-02,-1.552631841522039875e-02,1.142546825652271392e-01,-6.748884163331160535e-02,4.389256963372805548e-02,2.975284727766240311e-01,1.910216509368576066e-01,-1.767352946537744177e-02,-1.148877424800088393e-01,-3.485330528858794352e-01,-1.020333264759386571e-01,-1.297853871507330947e-01,-1.054315510209920259e-01,6.952362844476754622e-02,1.119278734610813508e-01
-2.367087992762796078e-01,-1.618503040649842406e-01,2.290725599743875518e-01,2.402214967570570625e-01,1.432395029334575243e-01,2.674760466045414953e-01,6.081847155947149863e-01,3.546339221331015201e-01,3.554549546934711590e-01,1.829519923592105579e-01,7.925450197388302920e-01,6.900007437881409134e-01,0.000000000000000000e+00,6.597837286984633565e-01,3.792968388290872683e-01,3.510649401222299404e-01,-2.166853532638114976e-01,-1.041141470578655914e-01,4.417736112366516532e-01,3.205434138772257913e-01,-8.307160935824489667e-02,-2.351186998374874548e-01,2.940763172148507798e-01,5.089415307773149239e-02,-2.047459475597936673e-01,3.918615767351872614e-02,-1.482915984942067278e-01,-2.428588878052791722e-01,1.891430100436834183e-01,3.008513048148147018e-01,3.303128286579061768e-01,2.414318486985146950e-01,1.600294291879129638e-01,1.550139404694568512e-01,-1.625674068106978121e-01,6.888450283441979911e-03,-6.265806512809836415e-02,-8.293453194945902412e-03,-2.515199638530195639e-02,8.562406736562314102e-02,5.895152140284898139e-03,-2.193857015273164429e-02,-3.865310642165578625e-01,-4.736722901613674708e-01,-2.998677032464744374e-01,-4.011310036937174028e-01,-5.561389747999441191e-01,-5.143433352388514512e-01,-3.919957412373726857e-01,-3.633680859903412608e-01,-5.192097699225198815e-01,-4.364464607509781491e-01,-5.196277322430526979e-01,-3.331698407686099483e-01,-6.200056139707206260e-01,-4.538014060567682195e-01,-4.398753590728632923e-01,-4.606843330367922373e-01,-4.620658491446568705e-01,-3.752944612754604004e-01,5.748312163893375820e-02,3.250268259014967298e-01,4.061430373700113949e-01,2.025168520638079839e-01,2.385798824537438689e-01,1.137314773436085696e-01,-5.361301263266805561e-01,-5.933424508941005371e-01,-5.550173482553156790e-01,-4.854798672550245664e-01,3.719706802248626265e-01,3.934961644855712315e-01,2.994509310443583816e-01,2.391052064963767321e-01,2.379889194447078193e-01,2.510745035821150273e-01,1.160061074572907303e-01,1.396853770958504937e-01,5.174150511507334682e-02,9.397297293787332251e-02,-2.519153235753411879e-01,-3.166388868117896993e-01,-4.554547939618379393e-02,-1.707317752082317952e-01,-1.418911271996971257e-01,4.685110514590023340e-02,-4.064358726218648271e-03,4.896578577271033100e-02,-1.863454043969211549e-01,-1.438103242996798849e-02,3.681841729841901500e-01,5.245133855727460714e-01,3.656118376307633810e-01,2.501330376888991625e-01,4.338837904947220186e-02,2.293949557688001236e-03,-1.582774393952033620e-01,-7.410875707969653836e-02,1.389526432536764278e-01,2.428117482680601513e-01,2.120285567587206210e-01,1.355832697893344374e-01,9.061529129447568054e-02,1.261933798281502928e-01,-3.024425088987583443e-01,-1.311566984555470050e-01,2.294841487524591495e-01,2.060955834852747914e-01,-1.200724455728211654e-01,-3.637806155073101955e-02,-3.613733415629718504e-01,-7.558006235920293470e-02,-3.846738315740136360e-01,-1.853076029080141518e-01,-2.574163035111898257e-02,-4.831794149082783985e-02
