0.000000000000000000e+00,7.882501203482130681e-01,4.845186036646986216e-01,2.344835245122089407e-01,-1.349754319062566321e-01,1.623340328057414073e-01,-1.066343207883391209e-01,-3.215718290761381271e-01,1.636931850998489812e-01,2.032494165235164962e-01,2.175784607864474640e-01,7.097815235992534222e-02,-2.354197383148018685e-01,-2.506299976573472255e-01,1.960386033227774216e-01,2.045428438655130521e-01,4.807207028056273423e-01,5.521425499039348539e-01,6.187657138618800623e-01,6.184236261735456264e-01,-1.148029924926384504e-02,5.111021777977575037e-02,-2.977976896800523798e-01,1.607717103090652022e-01,-2.906372741780302027e-01,-2.152145447676623025e-01,6.513715426912303035e-03,1.643195340519723324e-01,1.669797246340507246e-01,1.894971751282882588e-01,5.478073825490694659e-01,4.554619023196233019e-01,7.182227442109877513e-01,4.296888219124013752e-01,-1.814931628182532841e-01,-1.668291862381757751e-01,-1.288404040800638639e-01,3.710489681662961642e-02,6.246459589525993339e-02,1.624135716081764602e-01,7.705723639489916142e-03,-9.664972184846731817e-02,-6.270132043317833137e-01,-4.487380491576546393e-01,-1.255692086103233907e-01,8.462197220123376940e-02,-5.144518500948710438e-01,-4.101727031665700629e-01,-2.353559563011000111e-01,-4.289169775195689760e-01,-4.990398829773271538e-01,-5.049841397656865682e-01,-5.721879781108284435e-01,-5.661376338837016409e-01,-3.431174244042748955e-01,7.680447057077542661e-02,8.961526086051014861e-01,7.747929499318452207e-01,4.809897935343961373e-01,2.637080210126783175e-01,-6.274017347880378459e-02,-3.375084300215036026e-01,3.147266004939820450e-01,1.412074004586463538e-01,-2.080151433282278473e-01,-2.622974093785370719e-01,5.265498740348681928e-01,4.516769556757675441e-01,8.744561657915914665e-01,7.900744821690725006e-01,2.318960703101833609e-01,3.379924173151287459e-01,-1.307602899454287648e-01,-1.451410673975151167e-01,-7.962051288708536789e-02,1.423082406212791695e-01,3.929786292641467838e-01,2.896038151717807985e-01,7.601122133329176779e-03,5.659870336142190927e-01,2.907594337281864671e-01,6.543686567602773341e-01,1.904422350072548231e-01,6.013328810461725515e-01,-2.222633445723885132e-02,6.634294484400873881e-02,3.754162549238531654e-01,4.565383201233072508e-01,-2.031252851220350653e-01,-3.628416413953073402e-03,-7.260007700525465957e-01,-6.068198557481583322e-01,-6.346827358400355390e-01,-5.768599872866532197e-01,-3.651877307245908200e-01,-4.348979771132623351e-01,-3.879032544532057258e-01,1.671297022738469362e-01,6.814930140444470930e-02,-1.825423790061860285e-01,9.208586836182898472e-02,3.117441957929198773e-02,3.773715419690414907e-01,3.003112781075428783e-01,-3.451516533830271682e-01,-4.290896147281937911e-01,-1.136849528705571044e-01,1.253812841073831397e-01,-8.552540775600733780e-03,-4.241999114367161483e-01,-3.299397116325268886e-01,-1.359967632241332602e-01,-5.297268306843654351e-01,-1.781446184094417906e-01,-5.873175061933563201e-01,-4.529620969711048994e-01
7.882501203482130681e-01,0.000000000000000000e+00,1.500001522426508971e-01,2.568660573296083216e-02,-4.302622216385789677e-01,-1.479881173621585555e-01,-1.965982172262569494e-01,-3.160616067206988844e-01,-2.539392203637761414e-01,-1.429675332926673426e-01,2.918396679102449043e-01,2.247851463408737094e-01,-6.822594776880684664e-02,1.320888149197073924e-01,-2.581996661862131504e-01,2.124912169505331627e-02,7.029638805689278902e-01,7.639013553434989001e-01,4.478993998028396040e-01,6.403449147624133975e-01,-1.365870147215437758e-01,-9.268679617613045929e-02,-4.042814396111101272e-01,-3.392979813101723585e-02,-4.702555223560648812e-01,-4.515885172175033158e-01,-1.523008271689144377e-01,-5.303300246571885507e-02,3.925448857550815074e-01,3.501066040820461356e-01,4.885761524863658223e-01,3.361206637952504073e-01,6.330097627078574707e-01,4.059013453479632383e-01,-3.416348480810565413e-01,-2.891843705069698234e-01,-4.510411193771241695e-02,7.398230027258169417e-02,1.227421565809655168e-01,3.079350413220442034e-02,1.492933806905104299e-01,3.285217443206635973e-02,-5.506888267317944230e-01,-3.486352076060143523e-01,1.163819391116310553e-01,2.419107900060036564e-01,-3.690676603216642149e-01,-2.901173586075789235e-01,-5.831432143961275821e-02,-1.827351822749365140e-01,-3.423593990103007689e-01,-4.001558682929675093e-01,-3.020870388184608291e-01,-3.737297175675908245e-01,-4.253577239233131274e-02,-1.733929735102851186e-02,9.127011720572597575e-01,9.703287851031020539e-01,3.638632995567582240e-01,3.568395614587674958e-01,-1.523724078898091860e-01,-4.138327845843611241e-01,3.481840151926500759e-01,3.062146631340607050e-01,-3.206262336701439786e-01,-3.453709547615471664e-01,1.450980800908285850e-01,1.745529050387261139e-01,6.815776727545383995e-01,7.313844641742769381e-01,3.696614962325578957e-01,3.513478300477974048e-01,-1.739088575510918111e-01,-9.661526146286393557e-02,-4.929133005811685286e-02,2.062414498955277703e-02,3.814220780193044447e-01,2.759251545022946561e-01,4.133410805727925630e-01,6.162439577360099285e-01,6.230774866497508224e-01,7.518595325970074406e-01,-2.657934374221587043e-02,5.996079457062286622e-01,9.995953877011107269e-02,1.558310744889553345e-01,1.109268563243287764e-01,3.267302904747882986e-01,-9.857930335948192346e-02,-1.366237433692789605e-01,-5.266362671453302946e-01,-5.695948102006974656e-01,-4.271611448290171253e-01,-5.726255149358913110e-01,-3.385476018261697750e-01,-3.432510404679953719e-01,-2.248644971868629105e-01,1.657583247094945589e-01,2.743725796094674263e-01,-8.046449451538850717e-02,1.702743528884816948e-01,-4.816535973957119382e-02,4.689737265373641328e-01,3.310445058956653086e-01,-4.595500539926391514e-01,-5.783886925889927255e-01,-9.478940253518383652e-02,3.496244752396818201e-02,-7.654447862848427764e-02,-2.718668023490911079e-01,-3.566341565071446396e-01,-1.158883288680076507e-01,-4.069159023940032704e-01,-8.985720737086580479e-02,-5.467047335125237995e-01,-3.077534537322135222e-01
4.845186036646986216e-01,1.500001522426508971e-01,0.000000000000000000e+00,6.652945279943784929e-01,1.093413541429039820e-01,1.369545320415767042e-01,3.592585209585916761e-01,7.268705017185268791e-02,3.289992270425499132e-01,3.049394186911787985e-01,-3.381774817158387375e-02,-2.365568105970657642e-01,-1.150707045932418543e-01,-3.547222222934454106e-01,3.470337013043364727e-01,1.044839406155745887e-01,-2.241992278286381590e-01,-1.224017537916351206e-01,6.832401571325705802e-01,5.244354882940294171e-01,-1.203623404083583454e-01,1.095124677469199309e-01,2.177568007313449849e-01,5.904851906644145165e-01,4.520742053918777592e-02,1.238299414204656473e-01,1.592029399120778455e-01,3.107215602195169124e-01,-3.352104649003660036e-02,7.576370583014731264e-02,4.904542164169583551e-01,5.926367136480167330e-01,5.914910359233908066e-01,4.413318659154812917e-01,2.742608599724463692e-01,2.073668132862992175e-01,7.985234679417256565e-02,3.363411623917328137e-03,-2.212237305375548968e-01,-1.174867237547203291e-01,-1.265543718572804954e-01,-2.100952901737737633e-01,-4.281272690556423011e-01,-4.035610730564523907e-01,-2.433897195532894742e-01,-9.338047934144391715e-02,-3.555117194722042795e-01,-2.917285961225120072e-01,-2.813881838194027263e-01,-4.265712759347830008e-01,-3.493878205234469125e-01,-4.083876038408861819e-01,-4.290616857192524058e-01,-4.234383857576299870e-01,-4.797022557305747892e-01,-2.081268136438598204e-01,2.643239036744166603e-01,9.147813018762755710e-02,1.670220176318354399e-01,-1.582662101383118802e-01,2.485449349977197214e-02,-1.841905248437798390e-02,-6.704017127235824269e-02,-2.726165635678106103e-01,1.272149707473836378e-01,1.543159872334932403e-01,6.357113081410036282e-01,4.885498112705979334e-01,5.280960200826635420e-01,4.120109531511365053e-01,1.803356976500546660e-01,1.773810343376826248e-01,1.585779664320572102e-01,3.699237125363803724e-02,3.585348174064347665e-02,1.184389374304460479e-01,2.569118329017264779e-01,1.139112818640234809e-01,-2.779457299931041292e-01,-2.360941430985878317e-02,-3.448298031527423368e-02,1.194413740265478641e-01,1.540537322489469729e-01,2.194821892679139907e-01,5.878025195326640195e-02,-2.382940889830311437e-01,1.911000147331807231e-01,2.451100087990804310e-01,-1.529912092602764007e-01,-1.167168344762793963e-01,-4.027777405855226256e-01,-2.986792884456417330e-01,-1.993935282600904357e-01,-1.252248817546225412e-01,-2.701531735875962181e-01,-3.940892102116098639e-01,-2.587127046822480514e-01,-2.013552413726606982e-01,-2.855231792972919291e-01,-2.612018565480403454e-01,-2.634858223098802271e-02,9.912179508149307483e-02,5.241738927827480771e-02,-1.034370662860744326e-02,-1.519583277880902361e-01,-1.733121269215199267e-01,-4.260887653182852952e-02,1.943925813184463336e-01,3.865220966168798900e-02,-3.954383170998339025e-01,-1.143886548170705425e-01,-1.004926338761299026e-01,-6.589249803812036177e-02,-7.286047026224348744e-02,-1.350860113630532044e-01,-4.644035017353477235e-01
2.344835245122089407e-01,2.568660573296083216e-02,6.652945279943784929e-01,0.000000000000000000e+00,-1.395080866989686919e-01,-7.772203051693649112e-02,4.651179417699972674e-01,5.207993699735780080e-01,6.690758817844022488e-02,1.101389833708845273e-01,3.977072910214687895e-02,-6.251631204579814749e-02,-1.611416112403197490e-03,-2.255745762444245558e-02,9.772497746213993156e-03,5.157032138066695859e-03,-4.189879698464378799e-01,-1.815795432368334517e-01,6.502232399896086257e-01,5.222883534514729531e-01,-3.166879667323461156e-01,-2.394309945806859241e-01,1.816312377252564392e-01,4.236707854498898418e-01,-9.743310849747799374e-02,2.934461089339878218e-02,-2.027993919104929266e-01,-4.786130622845558708e-02,-1.290242961098925223e-01,-4.800519406156491392e-02,3.728385951275477450e-01,5.920876317518025678e-01,5.449760079084382536e-01,5.718459693828104040e-01,2.340009249370270383e-01,1.756034845639337649e-01,-6.658178497915040461e-02,-5.950845571446435750e-02,-3.131274849730449339e-01,-2.245327274487400049e-01,-2.774170017672076272e-01,-3.199627833934485244e-01,-2.019453551763192023e-01,-1.973264716951843301e-01,-1.861426005089783509e-01,-6.199771304650096571e-02,-2.060096976073541586e-01,-1.594363276150999875e-01,-1.750205823308792485e-01,-2.898199666863903734e-01,-3.238086004952484553e-01,-2.019508511813097873e-01,-2.950216890263057112e-01,-3.242607692872296332e-01,-4.279136663102868776e-01,-2.461355727777255753e-01,6.702747112014466324e-02,-3.410430118781190151e-02,1.009545963116340039e-01,3.149022349200289450e-02,3.710957296691255736e-01,4.985454646106445842e-01,-1.532673216894565038e-01,-8.896971288829351454e-02,1.178993716192477254e-01,3.984522578735455456e-01,4.898360944014625851e-01,5.066188673500360284e-01,2.818648440966348145e-01,9.157865688200357568e-02,1.608027980678899405e-01,-1.153827586618589923e-03,2.394539718358980607e-01,2.508773637564462242e-02,6.791571314911580906e-03,8.307940819083203809e-02,2.805721310666292601e-01,1.615344056014407503e-01,-3.711224598833320898e-01,-1.049530737808848230e-01,-1.628361203350157660e-01,-3.218843259872040258e-02,-2.736959259973592018e-01,4.868015931151920168e-03,-9.055886789058521791e-02,-1.825176904894571794e-01,1.316878475321804458e-02,7.248404434861116519e-02,6.065016013969089237e-02,-2.266831647847119546e-01,-2.406030334902951040e-01,-2.441077840584805203e-01,-2.477539288898908051e-02,-1.416071360217200925e-01,-1.960238037735394234e-01,-2.925390272736532737e-01,-2.833250751044034677e-01,-3.823188848365088877e-01,-2.622026506947998103e-01,-3.784852841130003642e-01,3.352798855057288058e-02,4.935358737760423865e-03,2.933576367620924392e-03,-1.366791774958091288e-01,2.322208516804299266e-02,-1.196116642463653512e-01,-6.817161567933126276e-02,4.326134855226253934e-02,-2.438268776225309756e-02,-3.000831690347052216e-01,-2.060495781876275356e-01,-1.216359584597499210e-01,1.535570273003540320e-01,-1.718594398641491994e-01,-1.290312285845420792e-01,-5.232653558955256967e-01
-1.349754319062566321e-01,-4.302622216385789677e-01,1.093413541429039820e-01,-1.395080866989686919e-01,0.000000000000000000e+00,6.562585414815920171e-01,-2.526519890662984325e-01,-1.599554148501475259e-01,7.461784259450158219e-01,4.077843889529709775e-01,-5.457288685141753470e-01,-3.231278498183765002e-01,-4.554873074474026229e-01,-4.699489806988242369e-01,6.956868670250022646e-01,1.747370643726553208e-01,-2.723708507824927350e-01,-2.029232104031663542e-01,-1.888646876915431316e-01,-3.083097130155779686e-01,3.170243305197701922e-01,2.387488441561036734e-01,2.671064139184770592e-01,1.431536872767986968e-01,8.823364508094985181e-01,8.598656395332548996e-01,7.139721899336717303e-01,5.983265159821856694e-01,-3.010055985543674817e-01,-3.261380721568801072e-02,-3.644413404974105597e-01,-2.271674452524136412e-01,-1.969797327937103104e-01,-1.308194100297089546e-01,3.695601478973072895e-01,3.922832278451501287e-01,9.369657203403754242e-02,-1.696014181514829411e-02,-3.822572827496178993e-02,-2.771136848859005394e-02,2.384379326678257027e-02,4.617510896258458786e-02,2.669071108489962096e-01,5.497292620619000786e-02,-3.338961285243094435e-03,-2.167974124521312163e-01,1.554023618753209990e-01,4.761862343330448832e-02,-1.129959144432858137e-01,-1.453876859553721035e-01,3.178232786075416583e-03,-1.931054353475516322e-02,5.512989534879911974e-02,1.448902593656639370e-01,-8.128022755592737014e-02,7.697801055578708251e-02,-2.755937770878441051e-01,-4.037533792753287276e-01,-2.477287506762119174e-01,-3.118688068284889425e-01,-3.801432768890334879e-01,-1.606116214010459564e-01,-2.460801978182226291e-01,-2.459233552358651986e-01,3.456925383842904265e-02,-4.418855631499813558e-02,2.005524541197120647e-01,8.169289394816590943e-02,-5.230059649951167983e-02,-1.012511668427901051e-01,-4.105713677276612850e-01,-1.797422320671771823e-01,1.312092449759278377e-03,1.544316946838691744e-02,4.007421267363135697e-02,8.783757165571723369e-02,-1.103144933902994451e-01,-1.927900044569055490e-02,-2.039023975731767968e-01,-6.363035839820758988e-02,-3.288290225006159084e-01,-2.304868637591944713e-01,5.178552931867131948e-01,-1.470882569819165209e-01,-6.855221938610921162e-02,-1.877066123628436389e-01,1.040360288589881471e-01,-9.964172721336753136e-02,-1.173366116442520202e-01,1.930105254738908038e-01,1.282163766531052053e-02,3.524656037446201318e-02,-4.069402853981318041e-02,1.348600109509040246e-01,3.467432012555872189e-01,2.037541302765410178e-01,2.023198669382405834e-01,2.650302054683384770e-02,-1.747896175994508583e-01,-5.216769163205737386e-02,-1.706853576848573473e-01,-8.353870420817677278e-02,-2.273767571788074815e-01,-1.080684218268356950e-01,1.991559533770414780e-01,3.132394083483316938e-01,-6.727426818364751204e-02,7.087118432206912511e-02,4.778800702939424438e-02,2.222714706787125571e-01,2.908740596111447085e-01,1.409343348131726903e-01,-7.262166390910375358e-02,-6.806449994436718220e-02,1.385875454202878387e-01,1.681874605964781833e-01
1.623340328057414073e-01,-1.479881173621585555e-01,1.369545320415767042e-01,-7.772203051693649112e-02,6.562585414815920171e-01,0.000000000000000000e+00,-2.639680326516264941e-01,-2.497559788495574695e-01,6.002297283734454592e-01,6.487285666216685565e-01,-3.200024881248737518e-01,6.245137279224164534e-02,-4.981022921556814698e-01,-4.996850040203689725e-01,7.120470222986831077e-01,5.498433355757217367e-01,-3.545435554730307776e-02,-8.453439786591829264e-02,-1.114751566379689612e-01,-1.776392425016736498e-01,2.866452162214206401e-01,4.378766627251724497e-01,-9.449373915836963012e-02,-2.187134801206177398e-02,4.209932252114319540e-01,4.704081356803520575e-01,4.756129135486257820e-01,5.481349849183881906e-01,-2.916022442957635352e-01,-1.995940213168045096e-01,1.359785258754455653e-03,5.884184847231269284e-03,-9.180970438983102055e-02,1.596746172958448534e-02,-2.859489667885934186e-02,7.758572313318909397e-02,-4.850709743059273410e-02,-4.172197409687027070e-02,3.268267320454593117e-01,3.389272974630961888e-01,-1.504286146914652900e-01,-1.264138817512882040e-01,1.097283211708039580e-01,-1.184608963223165862e-01,-2.492853503578776331e-01,-2.609376266980106274e-01,-2.449180484051929202e-02,-8.322621729693829851e-02,-4.397146032650715020e-01,-2.202103392657968062e-01,-2.750440424709399423e-01,-9.982260105663874616e-02,-4.156676597747266388e-01,-1.688252829741520578e-01,-1.602047371076250615e-01,3.401114010758471418e-01,4.830698294069601245e-02,-6.724773866369436470e-02,1.843499924362134168e-01,1.253682350425678604e-01,-3.173706065051284386e-01,-1.036050772769759806e-02,2.251670694697101988e-02,3.199759310109025895e-02,-1.461098158694175697e-01,-2.401537750645105496e-01,2.563309584388429041e-01,2.941493157961465044e-01,1.308845525092377227e-01,2.221494118861421507e-01,-1.908618734496903002e-01,9.454430920446850461e-02,-1.181252797362720014e-01,-9.147279837567828809e-03,2.257072742716838831e-01,3.847222051809486842e-01,8.264824742570104840e-03,1.808873789114213149e-01,-2.694156159610399115e-01,1.594280189572230555e-01,-4.484184908739151099e-01,-1.048516268819362496e-01,5.107894011785241162e-01,2.369406209700227750e-01,-3.968224545692758398e-01,-1.033907040280344775e-01,5.415079085541544268e-01,2.856067883915920369e-01,-4.350220991151135808e-01,4.527798261970846783e-01,2.989066127256392869e-02,-2.054989214446813206e-02,-3.870757640715955517e-01,-1.560889832952389311e-01,1.342883478951121257e-01,-5.211019190005155427e-02,-4.201796750462739524e-03,2.807373027325643644e-01,2.163366774014539584e-01,2.062309935017226092e-01,1.147067826115781425e-01,2.161015738289027988e-01,1.435704490360023566e-01,2.406676515855209197e-01,-4.578116926468203673e-02,3.122595105109259375e-02,5.821808741543604143e-02,2.888166428637696237e-01,5.028648945682010277e-03,-2.006797387439927804e-02,2.513641261592182707e-01,1.159167926227108042e-01,-3.555782140366431920e-01,-7.108866361122753719e-02,-1.678011076643119992e-01,3.637017856878999728e-02
-1.066343207883391209e-01,-1.965982172262569494e-01,3.592585209585916761e-01,4.651179417699972674e-01,-2.526519890662984325e-01,-2.639680326516264941e-01,0.000000000000000000e+00,4.231113599559097049e-01,-2.158029469673346246e-01,-2.912334080840866535e-01,5.123920305431530764e-01,1.898413895128027162e-01,5.596856972550516840e-01,3.106186352272355955e-01,-2.026703299923082735e-01,-9.660109289815334288e-02,-3.383919450423996667e-01,-2.101696570284977694e-01,4.067966635033026246e-01,5.690406264754305221e-02,-2.779972110439766775e-01,-1.184669039928079870e-01,-1.034536130947322635e-01,-8.701342077582217838e-02,-1.158292105990397364e-01,-2.169010282965236347e-01,-3.096122808032042983e-01,-3.095763017000743855e-01,1.821471830778061129e-01,-6.433489521119599430e-02,6.228335147646329312e-02,8.856098576032632452e-02,8.707591751594059848e-02,7.366815079568565794e-02,-1.026493237563644023e-01,-2.787025256868547740e-01,-1.675167864293486963e-01,-1.941289544086691465e-01,-2.013061519686741296e-01,-9.125092061894783668e-02,-2.625138303032214515e-01,-1.983686869085534987e-01,5.866837007371576013e-02,1.677115369157964123e-02,-1.426248950441025287e-01,3.850229580163469500e-02,-2.433935148222921702e-03,-2.213502778453028605e-03,1.001598280281223718e-01,1.722165700979659819e-01,1.427988989633211803e-01,2.032014850126527827e-01,6.079785968383548400e-02,-5.728665833188506876e-03,8.600291885317419560e-02,-3.748816339396082026e-02,-2.147536353602214065e-01,-2.680391391045174321e-01,2.111897537436233929e-01,7.273654201006458930e-02,4.886971035449200196e-01,3.712400768000905238e-01,8.617062871571475047e-02,4.234424603692014955e-02,-4.663838793583698766e-02,6.978669696912130627e-02,1.167511798752495084e-01,9.311184765359530047e-02,-5.901394166624139570e-02,-6.480421851102090292e-02,3.048527077660652673e-01,1.271449439580602525e-01,4.836967327705291031e-01,2.379795722133765390e-01,2.197170384261974696e-01,1.365894550553934002e-02,2.278946166523127259e-01,1.785203757480356701e-01,-1.648210656699351240e-01,-1.877487968306524035e-01,-7.801860956838520267e-02,-1.921707881204831048e-01,-4.158782596210698346e-01,-2.476302310294855313e-01,-1.364490766076543182e-01,-6.212490216287777645e-02,-1.889435373287977615e-01,-1.044155426528740882e-01,2.486005923565080822e-01,-1.603601782264722081e-02,3.523086955753787497e-02,2.195123742576372133e-02,9.820567938816358866e-02,1.432699746955672648e-01,1.645591427777568783e-01,-1.743042091937714935e-02,-1.457550905072838715e-02,-3.187264570817470166e-01,-3.369102068491996484e-03,4.157332837673766157e-02,2.923591281657950680e-01,2.482819673023365092e-01,8.034391819591470141e-02,-2.765197982847063772e-03,7.787191020587397317e-02,2.694781252644185693e-02,8.416697497955563656e-02,1.027718436515040468e-01,-8.334249867669495104e-02,-3.350249930215395966e-02,4.050857256981591631e-02,7.651587378456037314e-02,4.319559859636151744e-01,8.892016319573099736e-02,3.932689636204224348e-02,-1.980908806378672005e-01
-3.215718290761381271e-01,-3.160616067206988844e-01,7.268705017185268791e-02,5.207993699735780080e-01,-1.599554148501475259e-01,-2.497559788495574695e-01,4.231113599559097049e-01,0.000000000000000000e+00,-7.080336444230438120e-02,1.943426620309801969e-02,5.979174801724825711e-02,7.170931242589456689e-02,4.070617148222848147e-01,4.684370693596233148e-01,-2.359055527422579124e-01,-4.201839303633949085e-01,-4.250201182519423027e-01,-2.010227143075561940e-01,2.859969118351750605e-01,2.234224344963934572e-01,-3.295597741664516578e-01,-4.631556547642568522e-01,2.897050998884814210e-01,4.739104230271011520e-02,-7.123842245037204958e-03,3.780104522935184147e-02,-4.359820406155678341e-01,-5.374683677051560471e-01,-1.802781900647762447e-01,1.118475881054872417e-01,-2.420115643656423343e-01,4.846253004566735550e-02,5.935237721126666866e-02,3.415405015166225189e-01,1.033200383637287723e-01,-1.259337538720936220e-02,-1.645826272939217849e-01,-4.135873152218160209e-01,-4.682690969407595771e-01,-5.096356182936508938e-01,-1.739377504770992788e-01,-1.560734897852354142e-01,1.591275439107300294e-01,1.467395144995323197e-01,-4.711997275589316359e-02,-1.509998398911854278e-01,1.008873526744003858e-03,1.268956282366738852e-01,3.696472841619898725e-02,-3.940862413848189062e-03,2.205686401828435908e-02,3.471900448136052558e-02,2.293584506759804298e-01,7.391521216740859490e-02,-5.655658590851823020e-04,-4.841066206758366519e-01,-4.647623795024067861e-01,-3.568915171313565282e-01,-3.210649048480668233e-01,-1.435455251300523094e-01,3.483072282623865812e-01,6.764960807611307692e-01,-3.470309404756555249e-02,1.416660050663429149e-01,9.950152821844257534e-02,3.451538073018521335e-01,-1.291723498921001356e-01,-7.991347008084235745e-03,-3.299333312297179632e-01,-4.487418735250214841e-01,-2.068893834050635483e-01,-3.162449817391682072e-01,3.994825862430538832e-01,2.630073959774510417e-01,6.003024686346536409e-02,-8.791504317637703625e-02,6.505712378448449962e-02,-6.021223429717757758e-02,-1.622310292000287910e-02,-1.466677930941826802e-01,6.061196208050396994e-02,-1.197903361283343404e-01,-4.309846508272595078e-01,-4.766067066407232433e-01,1.001555009323876061e-01,-3.612056607953323950e-01,-4.438348108395894220e-01,-5.703752902797414315e-01,2.630466224832208599e-01,-4.493678969957820013e-01,2.789385574572166848e-01,6.034371530357840463e-02,5.430013037038342594e-01,1.928404954642022051e-01,1.819925471882052545e-02,1.812963003764801392e-02,2.633469540258507324e-01,-3.315884200579941044e-01,-1.115508996098722450e-01,-1.990269598198378953e-01,-6.887692094809907961e-02,-1.906191909666320461e-01,-2.805386718517767219e-01,-3.387687439653070398e-01,3.457776090591768159e-01,3.187671222526505810e-01,-8.202770493401265184e-02,-2.657440907137300079e-01,8.196417168656212893e-02,2.420651006268939587e-01,1.470737961560643070e-01,8.142392268555505297e-02,4.904187933526720777e-01,4.925356670285321870e-02,3.378393574531611265e-01,-9.115580898070686777e-02
1.636931850998489812e-01,-2.539392203637761414e-01,3.289992270425499132e-01,6.690758817844022488e-02,7.461784259450158219e-01,6.002297283734454592e-01,-2.158029469673346246e-01,-7.080336444230438120e-02,0.000000000000000000e+00,6.434445255779214223e-01,-5.754253242013260827e-01,-4.054307494860293071e-01,-4.913449793463873783e-01,-6.206915166318366373e-01,9.087193168607978766e-01,1.427360369722004141e-01,-2.765476106886306518e-01,-1.343953991514148238e-01,2.122563081927573980e-02,-1.024347391485726233e-01,2.004957083435604526e-01,9.225813673617898336e-02,3.138387641359411950e-01,3.180927853986688647e-01,4.957922725494605665e-01,5.891020880067738830e-01,4.165764106662721011e-01,3.520469555999417577e-01,-5.134996110056351259e-01,3.068906445305160172e-02,-6.219074402624995626e-03,9.773256799725899002e-02,8.015399205962356333e-02,1.651141742260371983e-02,3.751417662844641066e-01,3.370142200210355932e-01,2.010185806127635644e-01,2.582423853288125931e-02,-6.423544973190577212e-02,-4.097579106683365419e-02,5.264324631833869339e-02,4.530364328465222301e-02,2.066287021879092967e-02,-1.412164925880040611e-01,-3.812746792093790055e-02,-2.534468510368243499e-01,-7.272361733626798996e-02,-9.919175235505039989e-02,-2.684842925809009517e-01,-4.101016909443239711e-01,-1.893453414718887506e-01,-2.267938841631167157e-01,-1.428542776829831717e-01,-8.381052430871452352e-02,-3.805770889832504333e-01,-7.161599843762391816e-03,-9.198785950025853420e-02,-2.524140782730385224e-01,-2.015075119993533503e-01,-3.424078388645625526e-01,-3.277262574712376253e-01,-2.266213532860217872e-01,-1.554311831053714066e-01,-3.196296904179231624e-01,7.307461932101215474e-02,-4.701423883283741695e-02,3.404759039711530155e-01,1.633224898994716234e-01,1.409938683313480545e-01,-5.599896521060729326e-03,-4.041860517410190146e-01,-1.148045972267648374e-01,-5.269126020639775670e-02,7.717454772400049456e-02,-1.156500057733371722e-01,1.177716408400473064e-01,-1.227563967853599752e-01,-1.347692749743326368e-01,-2.760881114095307121e-01,6.449266173553643011e-02,-3.175167626072288307e-01,-5.904553577183684065e-02,4.772583732106768228e-01,2.073805131684036338e-02,-1.607745478713006326e-01,-2.940014271857551709e-01,7.783835987502803200e-02,-5.692576161805468216e-02,-2.611770644797105079e-01,8.716791278739097204e-02,-1.578934068807241187e-01,3.447805354301995001e-02,-9.518300065959091338e-02,1.771739845051345796e-01,2.275698640093178904e-01,8.371980436994351515e-02,1.416526221380626782e-01,2.497498946937602438e-01,-1.959892389683848546e-01,-5.829890557787799354e-02,-2.209535579160053220e-01,-6.889181791356163188e-03,-1.991160828429328344e-01,-3.456948563973830796e-02,1.464302865826438149e-01,2.499790715552562270e-01,7.211642433092485538e-02,5.574375261348543664e-02,1.515009662388172584e-01,4.236656708008403049e-02,1.319631071684625456e-01,6.780367146014806834e-02,-2.918616321495646204e-01,-1.389490444056244445e-01,7.711804908270075698e-02,6.652556634844687677e-02
2.032494165235164962e-01,-1.429675332926673426e-01,3.049394186911787985e-01,1.101389833708845273e-01,4.077843889529709775e-01,6.487285666216685565e-01,-2.912334080840866535e-01,1.943426620309801969e-02,6.434445255779214223e-01,0.000000000000000000e+00,-3.897334409851085368e-01,-3.226377551325498305e-01,-3.370151146245025653e-01,-5.699724649127091425e-01,6.819778219934812258e-01,1.238744710177218378e-01,-1.033321862441305694e-01,-2.352101413956884657e-01,5.316749746603666865e-02,1.321654776460143565e-01,1.681313613352661551e-01,1.108141778397018634e-01,3.572946823129813376e-01,3.768610573750938997e-01,2.386517370567210194e-01,3.703467636592888135e-01,2.568929332769355756e-01,3.001196140238817089e-01,-5.152833249034098895e-01,-1.791052507781755454e-01,-1.385887206199847184e-02,1.257741058229611686e-01,8.892582366977304364e-02,1.148853126914439471e-01,2.673051098370293199e-01,2.327566384646224118e-01,-2.623737200248004060e-03,-1.655933861975813770e-01,6.313030142149293061e-03,4.960869287026450913e-03,-4.391301505432964464e-02,-6.200177065426808881e-02,-2.798422374474215379e-01,-3.966055640992438014e-01,-2.694429330316233662e-01,-3.684356254020896282e-01,-3.763500351143513334e-01,-3.394904622447921239e-01,-3.414207158244136897e-01,-3.943162554801358244e-01,-1.750314847224341552e-01,-2.675231377150955603e-01,-3.471214183874584136e-01,-1.926999021207242424e-01,-5.091346927782146592e-01,-1.687441769415748971e-01,-2.078747801848775459e-02,-1.038314398553306928e-01,-1.835800897496639439e-01,-3.105216623289197564e-01,-2.183856651762426659e-01,6.785726882956370949e-03,-6.183732391423769903e-02,-2.224679039905232136e-01,2.155622618671018398e-01,8.880852059584189162e-02,2.600097580822449128e-01,8.753483229525162168e-02,1.660746973485021927e-01,-2.111810453104862387e-02,-4.786785466937623634e-01,-2.779668708813037847e-01,-2.808573416449255400e-01,-9.416545068692878939e-02,-1.108390529898792137e-01,6.653387312616647342e-02,-1.176918498666510021e-01,-1.640922481219999340e-01,-2.520437039032945026e-01,1.664311284956558265e-02,-2.680856050662539514e-01,-5.259389366803087634e-02,4.721481765454402235e-01,1.595827994296378921e-02,5.636840533241144896e-02,-1.826004659278489262e-01,3.384159308456395343e-01,1.478534489981529754e-02,-3.270510771601140565e-01,-9.249518889468023516e-03,-3.084153750550315543e-02,6.664842759436813424e-02,-2.776687490509715389e-02,8.321446042666505449e-02,-1.753000834168583766e-01,-5.207543003990042219e-02,-2.915421569208776972e-02,1.880804089615147057e-01,-2.688817332042146013e-01,-1.144695865485608199e-01,-4.032770803278480365e-01,-1.264337198537550666e-01,-3.347358443465825451e-01,-1.256536070090681634e-01,8.408849101089697908e-02,2.391783721561378806e-01,2.930928417020361651e-02,-8.942289504329370420e-02,2.117629555002982222e-01,-4.145806895036979051e-02,4.817927160735629294e-02,-1.242673107725912746e-01,-3.073523987185168282e-01,-2.802444193331328146e-02,1.568639777287121895e-01,2.908389075876115226e-02
2.175784607864474640e-01,2.918396679102449043e-01,-3.381774817158387375e-02,3.977072910214687895e-02,-5.457288685141753470e-01,-3.200024881248737518e-01,5.123920305431530764e-01,5.979174801724825711e-02,-5.754253242013260827e-01,-3.897334409851085368e-01,0.000000000000000000e+00,5.649611719138393218e-01,6.370752949654031605e-01,5.065010445445969900e-01,-4.742109949356523857e-01,7.757856482753753245e-03,3.221940781089219774e-01,2.653225494240886162e-01,4.162809760885416432e-01,1.891205377550011779e-01,-2.057600222647973653e-01,-9.950332261100975142e-03,-4.459468021523774750e-01,-4.114612250314315656e-01,-4.252908394563084116e-01,-5.052487008277298797e-01,-4.798842523501722912e-01,-4.085586215480841443e-01,4.964407775329913175e-01,-1.572664741977161315e-02,6.585848346166917056e-02,-1.393998067807011854e-01,8.700298840367669262e-02,4.599171901943014187e-03,-5.909558197525692780e-01,-5.659236616176569479e-01,-2.937215262410425853e-01,-1.227905006855834896e-01,-4.146177227340484134e-03,1.330140686128820637e-01,-2.134485148954277933e-01,-1.590859127717588750e-01,-1.339057671701208707e-01,-2.190537666896658422e-02,-1.455066380847818697e-01,1.877102354698632347e-01,-7.822715404181423970e-02,-3.482986130201225217e-02,1.745055698885446538e-01,2.029800755898489573e-01,7.374183741467690845e-02,1.401632780526009259e-01,-2.855776153463910824e-02,-8.349112283301830806e-02,2.770517324870957476e-01,2.219885334255040366e-01,2.441484466855275426e-01,2.450539747080203445e-01,3.897586761407048073e-01,3.914635794632322363e-01,3.448347989233740418e-01,1.656470309726523760e-01,5.494290072459898644e-01,4.591753781249452993e-01,-2.990863374372802475e-01,-2.519520877068702758e-01,-1.574719485740358194e-01,-3.769392670820038982e-02,1.102441990738818323e-01,2.029489147416360106e-01,3.119331421447683605e-01,1.597839411802687570e-01,2.049144509830947425e-01,1.059935413621055228e-01,1.696241780103643071e-01,5.623330458524386510e-02,2.727660870034158136e-01,2.277523561757406334e-01,9.324632993244176549e-02,2.589759704167408083e-01,2.497172904779750013e-01,2.311347098673018075e-01,-3.078130932760256844e-01,1.389715689649723973e-01,-4.432998012067471127e-02,2.090772861208709532e-01,6.341983540467460712e-02,1.295560103124508700e-01,2.196757884835344454e-01,4.891006893448483078e-02,-1.113459072164807578e-01,-2.146412771212784787e-01,-1.968093334115424697e-01,-2.412658647574826565e-01,-1.303543059604387044e-01,-1.387974721104421050e-01,-1.936692075687817538e-01,-6.750927958776889448e-02,3.246099023668109207e-01,1.210075989022647430e-01,4.114445659932320920e-01,2.574870440358016377e-01,3.570386461894608510e-01,2.383806146302590301e-01,-6.406543321267209323e-02,-2.236694512786372713e-01,1.809452196265489976e-01,1.191890857444726504e-01,3.505411863459351879e-02,-8.205931683710239455e-02,-6.194599023871393689e-02,1.442211928068504699e-02,8.813610320060842607e-02,2.330457818381960478e-01,-2.103609939758367409e-01,-2.205578853780733317e-01
7.097815235992534222e-02,2.247851463408737094e-01,-2.365568105970657642e-01,-6.251631204579814749e-02,-3.231278498183765002e-01,6.245137279224164534e-02,1.898413895128027162e-01,7.170931242589456689e-02,-4.054307494860293071e-01,-3.226377551325498305e-01,5.649611719138393218e-01,0.000000000000000000e+00,2.635918758567231124e-01,5.463789060650214857e-01,-2.869529699201915918e-01,3.904926918425386528e-01,3.848265680853168447e-01,3.938621442812282325e-01,8.119490090964598394e-02,-4.807375173554314512e-02,-9.150484989837313898e-02,1.677991626504062028e-01,-7.166169753916730167e-01,-7.221162280933691724e-01,-3.384997667202162552e-01,-4.703111837408144313e-01,-4.390856472883672978e-01,-3.126568157317776708e-01,5.264494437652694758e-01,2.043576217543900952e-01,-1.135682472516615950e-02,-2.622232617157288503e-01,-1.142304912703174663e-01,-2.445728015752829387e-02,-7.914675997459001966e-01,-6.648354958629574263e-01,-2.234758284996015976e-01,-8.392045367193523564e-02,2.269956228872124226e-01,3.400323511162558487e-01,-2.840012294180078722e-01,-1.778160706121754697e-01,2.669033454582596110e-01,2.961860402047757912e-01,-7.093471707753176703e-02,2.863239784149580469e-01,3.126958214356757582e-01,2.828859786210212168e-01,-6.012449156127042810e-02,3.133459432138422929e-01,-8.311678812801259753e-02,2.614952222171408325e-01,-1.675175543947687862e-01,-8.456689077155792045e-02,4.447848750729248013e-01,5.440248273550229996e-01,1.941806266781604950e-01,2.132898252438030773e-01,5.607742681070292390e-01,8.116389405521159395e-01,1.295447503623687324e-01,2.273040459449537365e-01,5.902281751277872468e-01,7.754844694324123378e-01,-6.021715291679173854e-01,-4.290625353553405574e-01,-2.101934748527665986e-01,2.149023330637311602e-01,-1.044805884234838687e-02,2.892764037644303121e-01,2.356040017258289321e-01,3.090944044477294539e-01,2.747508258505437229e-01,3.722693520667971212e-01,4.428733440669164745e-01,5.008031546458659999e-01,2.426340170025674814e-01,4.163587401817408495e-01,2.303261293962865774e-01,3.302549862799946667e-01,1.257095944718820690e-01,1.704434174871672369e-01,-1.566955522814556245e-01,3.358470818853251938e-01,-4.365052074951660255e-01,1.551238640030282723e-01,1.617714156830230010e-01,1.454613466001417610e-01,-1.555574200760601322e-01,4.033373271064333854e-01,5.120027385169746703e-02,-2.552102688593032576e-01,-3.621992038835917249e-01,-3.880668564410769128e-01,6.677901400687052957e-02,-5.963630170481656889e-02,6.298127513946759348e-02,2.378458146922572125e-01,7.487334088276744737e-01,4.619275496417223903e-01,7.366608394970900475e-01,5.304567067519698753e-01,6.643506515508448285e-01,5.080739051572986664e-01,-1.824193077293346232e-01,-2.276526044790008751e-01,2.119679242001407948e-01,4.206369630402517767e-01,-1.090966518362078003e-01,4.986350646235472583e-02,2.476061452583645517e-01,2.863287368713351988e-01,-2.805722326391126703e-02,2.770009640735531797e-01,-1.818583448285945314e-01,-2.119593727809685746e-01
-2.354197383148018685e-01,-6.822594776880684664e-02,-1.150707045932418543e-01,-1.611416112403197490e-03,-4.554873074474026229e-01,-4.981022921556814698e-01,5.596856972550516840e-01,4.070617148222848147e-01,-4.913449793463873783e-01,-3.370151146245025653e-01,6.370752949654031605e-01,2.635918758567231124e-01,0.000000000000000000e+00,6.653365580238440602e-01,-4.586291375364656142e-01,-2.834055202230845727e-01,-1.186812003398306919e-02,-2.774972222261124291e-02,2.249877559610808653e-01,1.123465425263955597e-01,-4.000540127408657720e-01,-2.561341787230443923e-01,7.886209615907083248e-02,-1.563344093172528149e-01,-3.133670010944289985e-01,-3.789943744954387128e-01,-4.822000363082473706e-01,-5.999575325602688469e-01,2.137204077985283002e-01,2.000911942236628660e-02,-1.754509384409298489e-01,-1.867411636764287619e-01,-1.214764727380277520e-01,-9.898068340448708258e-02,-1.646105528039037147e-01,-2.956526976262405793e-01,-2.031160882172192150e-01,-3.785273240173478437e-01,-2.063255539388125781e-01,-2.724420551005513058e-01,-4.943818515892549337e-02,-1.150669894343271486e-02,-6.499276452033121709e-02,4.456159726960847584e-02,-8.297561166829410528e-02,7.877498356377349298e-02,-2.992659008128081832e-02,-2.134357204810703734e-02,2.526788267450930658e-01,2.331330920267380147e-01,2.455797350106754262e-01,1.895352217396301941e-01,3.069416878543215765e-01,8.620664532959063098e-02,2.968074070726526292e-01,-2.064126304468869855e-01,-2.291027079442011227e-01,-1.289588443308360977e-01,-1.521922905462043396e-01,-6.855492620176829865e-02,4.266383648802081763e-01,2.929521470765677482e-01,2.356375761709022520e-01,2.024900931194294207e-01,1.093669583837915543e-01,1.029422279178607985e-01,-3.702139436723462240e-01,-3.658228723722371512e-01,-2.219790566683761124e-01,-2.431610868524017588e-01,6.740660065251659339e-02,-1.496126053179591964e-01,2.170469911657863793e-01,1.131360669425043874e-01,-3.700345915570803917e-02,-1.685381378275156716e-01,-3.893384650172261596e-02,-1.580239764429560156e-01,2.887176317553223903e-01,-5.183876103521399548e-02,2.994073112014244420e-01,-1.561586051137419349e-02,-4.117194510207067837e-01,-2.921990656090547867e-01,3.701944446517122511e-01,1.154935437648803853e-01,-3.691708121915339147e-01,-2.633394558570958943e-01,4.518094284809446304e-01,-2.317739446451784202e-01,2.568421772252493795e-01,2.153261964958744501e-01,4.228393838943282912e-01,2.539769168068857774e-01,-5.204287879699007191e-02,7.024439367820185798e-02,1.739000572483732077e-01,-1.861614428843930968e-01,5.103512843352295270e-02,1.315911047838083936e-01,1.410751062684921509e-01,5.563887357606473599e-02,-6.352451349680635073e-02,-1.073325825310618570e-01,1.601137752508407786e-01,1.396398120893956596e-01,1.749465209472576555e-01,-2.867067956125015638e-01,-1.616364195197164330e-02,1.910006727367647428e-01,8.266792243481298208e-02,-4.974177585020445047e-02,2.811602620434466848e-01,3.773564105869001706e-01,2.766033937713905932e-01,1.075413198360660322e-01
