0.000000000000000000e+00,5.881912555295450984e-01,2.315791739441519850e-02,2.330967946427159876e-01,-3.511650691168221594e-01,-3.802270428912198907e-01,7.261127115821948419e-02,9.214243038761237015e-02,-4.286253685511270395e-01,-3.301693225905253937e-01,5.578337817608676197e-01,4.048167474845917879e-01,4.798202656702799662e-01,4.496265819005804687e-01,-4.761595063079558932e-01,-4.261862831592846956e-01,4.715945203968480159e-02,3.071073955372666808e-01,4.913156428502694628e-01,4.941526709238057702e-01,3.236316359169723045e-01,-1.177363269790277917e-01,-2.099066385904769516e-01,-1.664527640843225242e-01,-6.213408242302795870e-01,-5.602899642286585102e-01,-2.817533033743950810e-01,-9.461231959026501770e-02,4.079796953348168581e-02,-4.805897197939597298e-02,-2.618544681459293866e-01,7.048175133007883453e-02,3.473769672364945132e-02,4.095615898049320691e-02,-2.447408622651182086e-01,5.235861770725822040e-02,-8.532935468102670340e-02,8.670120351759615096e-02,2.318569942560825270e-01,4.746490284882336208e-02,2.500821890467966324e-01,2.268903193032640597e-01,4.146044632405938152e-02,2.344939607118974589e-01,1.143448632662798226e-01,7.843786594547572100e-02,-8.949944789300112724e-02,1.919628148441166193e-01,2.122770046535362720e-01,2.799387622595276848e-01,-3.634025278951613647e-02,1.807216119413633804e-01,-2.523661539548537891e-01,-5.993057241832855375e-02,9.719429027942298738e-02,2.081905451265896601e-01,4.888561788032942390e-01,3.329981259929425952e-01,-3.244986052476410421e-02,1.443857959344027886e-01,6.364486379494485591e-02,1.133839286826718584e-01,3.144228337835931475e-01,1.942370700659477589e-01,-9.472824538026639041e-02,-1.382984296352368359e-01,-2.804350587864270702e-02,-2.231122142116754581e-01,3.304459231775432881e-01,1.811124157791137446e-01,-2.465296567436957575e-01,2.611675538641924227e-02,1.060680276742434480e-01,6.721711449372607707e-03,2.031609588014177681e-01,4.217304997798636546e-01,3.785191100166978573e-01,2.697269309833686957e-01,-7.263371788834879772e-02,-2.084279206944709140e-01,-1.891962349406747512e-01,-1.235209132322480086e-01,8.708934142760589581e-02,2.090557751744555604e-01,-3.595071618256599766e-02,-5.535965046087275299e-02,2.878373056291969045e-01,2.518293493326299037e-01,-3.638610258901655570e-01,-9.910701156049628313e-02,-3.171392789024600201e-01,-3.792935785981669805e-01,-3.794894720911730079e-01,-2.020887586547440440e-01,-1.926814164989608669e-01,-1.359447164205550562e-01,-1.926435143775824810e-01,1.012197984879707746e-01,1.708184298205283336e-01,3.008311907450145761e-01,-1.776931405608679904e-01,-1.888799592952672760e-02,1.762478542585700376e-03,2.061608773785583992e-01,-3.246845533628167635e-01,-2.668234548335192136e-01,-4.007560131223181221e-02,-1.162531176372922082e-01,-2.072895781096836254e-01,-1.728674169990022380e-01,6.133882902525541331e-02,-4.532873717440932121e-02,-2.693902527485032006e-01,-2.432947590964127105e-01,-2.760264907208061502e-01,-1.258241764763336212e-01
5.881912555295450984e-01,0.000000000000000000e+00,-1.697992336013007808e-01,1.031581079112577626e-01,-2.680711549643552960e-01,-2.835436158982850285e-01,-1.776318377458806219e-01,-1.202018530709582193e-02,-3.481994950102608732e-01,-2.618149980374412378e-01,2.292512184420520682e-01,2.943397798484725381e-01,6.135088528304621230e-02,1.055542071287563916e-01,-3.909708915753111191e-01,-4.424677586258963791e-01,1.987191551312882387e-01,5.798283060281419488e-01,3.663847851318505766e-01,6.405082319317610962e-01,1.266851285386708104e-01,-1.599295786169662725e-01,-2.240355561486299663e-01,-2.037475842915525415e-01,-3.966017024190304774e-01,-3.432994983558740332e-01,-7.095224399087551870e-02,-9.461721066791443924e-02,1.500976176440575183e-01,2.594535964678130677e-02,-1.381259306149657806e-01,2.108852652428373081e-02,1.204463805178239144e-01,1.539751034100333427e-01,-2.392693090756725927e-01,8.391783285826279193e-02,1.235154203433717207e-01,1.006073863038020322e-01,3.235018000310611874e-02,-4.170316137480599428e-02,1.571808183787400393e-01,1.155988157967039326e-01,7.410285952901838995e-03,8.500937247947241981e-02,1.609512093681290668e-01,-9.826876623778854625e-02,-4.888050058349943661e-02,2.435671146191309977e-01,1.468575470335419519e-01,6.075698476281574806e-02,-1.112568942573847336e-01,6.482430612953070381e-02,-1.771980529844209284e-01,5.739383111762722152e-03,8.965588003195065769e-02,1.664522280442800040e-01,7.399732439886975710e-01,7.318704542149943038e-01,9.281965182403463521e-02,1.516186897496283881e-01,-1.232643456301795032e-01,-1.362506997881018644e-01,4.140207015553772352e-01,4.537221402580886020e-01,-2.106149333515110467e-01,-2.175347682727953869e-01,3.534327636163819841e-02,-1.319923585054590398e-01,6.726838924290587940e-01,4.378095747095571144e-01,-1.376756529913640559e-01,3.426624790202104087e-02,9.218595318449736287e-02,1.541044254827288185e-01,9.053950314077648109e-02,2.902135283873561455e-01,4.020907183359106463e-01,3.453043290964427636e-01,1.115850212224999971e-01,-1.236966135089065805e-01,1.084274138361757678e-01,1.830396500998196507e-01,6.470454725400770100e-04,1.228897612694100777e-01,-2.611339241620473373e-01,-2.065159749794333865e-01,1.195726218021482545e-02,-1.325712574083718898e-01,-4.331275348025605543e-01,-1.612899222390588583e-01,-3.363868605357924202e-01,-2.695718751804318525e-01,-3.638295513092890676e-01,-5.496409420750380387e-02,-3.542893908891679711e-02,-6.259856272557050294e-02,-1.631196366391128860e-01,8.560467057284537606e-02,5.002095570507500422e-03,1.785689856127719577e-01,-2.549774437024523999e-01,-3.134979744642351664e-03,7.240411722851336496e-02,1.315286728795923565e-01,-1.994859530950445770e-01,-1.551079942021215408e-01,-5.849567613011360384e-03,-8.401807564221543123e-02,-1.094128601591322081e-01,-2.600016616953134199e-02,1.696004695128333906e-01,1.692266186855461152e-01,-1.232110813978329888e-01,-9.973176836053133931e-02,-1.680240620494732051e-01,-1.455812919317028831e-01
2.315791739441519850e-02,-1.697992336013007808e-01,0.000000000000000000e+00,5.133626349898898766e-01,-2.111713687181089594e-01,-2.878623575909634580e-01,7.201112000450753392e-01,3.042061592303688666e-01,-1.942952254363541353e-01,-6.817555549716541874e-02,2.905366411701042484e-01,-2.304925686904403248e-01,3.082065987570287158e-01,-1.610563651977102162e-01,-1.593047777966617728e-01,-4.491615352639428960e-02,-2.023034732682184311e-01,-8.965499241833639610e-02,4.432021488162844747e-02,5.139432969657664607e-02,3.327289836549063295e-01,3.716477559785744678e-01,7.638927269276942766e-01,6.696137952864050780e-01,-1.485732406995017574e-02,-1.661641001455461397e-01,1.776155111153566168e-01,3.344019430182003649e-01,-2.188397707211685306e-01,-1.052211947939536187e-02,2.330586898378718408e-01,2.473511213544897225e-01,-3.631159884881084154e-02,-4.815364816542061326e-03,3.761256900089738897e-01,2.541544340743877584e-01,-9.529216387261521537e-03,3.693829450997347663e-02,-4.776837539472297833e-02,-1.443994666584596798e-01,1.044256967746117898e-01,2.364016446038205432e-01,-6.277061073197199859e-01,-5.008759609369739518e-01,-5.279394615191778106e-01,-4.699387225301449034e-01,-4.226308849023259206e-01,-4.429432039706653890e-01,-3.931870541935096885e-01,-2.061336722128014609e-01,-2.601682473523178052e-01,-3.158496445193273439e-01,-3.809842770579189852e-01,-5.309598095382356275e-01,-1.045199578548791225e-01,-2.278042354816227077e-01,7.952364267400671705e-02,-6.711231132132566835e-02,-3.219729342193138888e-01,-1.937734758955035053e-01,-2.032761868954266748e-01,-1.185442941470800371e-01,-1.177055151344260364e-01,-6.916694475073346948e-02,3.226991433913924401e-01,-1.886603363292018998e-01,4.373610107107768832e-03,-1.324489732656430625e-03,1.867477812134083967e-02,2.830357778515373290e-01,1.477596865922028713e-01,1.588072514452953110e-01,-1.885774753423335656e-02,1.415427501624819950e-01,2.756869017065634586e-01,2.077622946362602530e-01,-2.165806630645691344e-01,-1.806306560902627145e-01,-2.696548650263251301e-01,-2.310398714429031941e-01,-1.999303151018517188e-01,-1.026227870098664896e-01,4.597374736896563951e-01,2.439798513539810088e-01,3.072726914868820769e-01,-4.811210008510000136e-01,5.531474688772071158e-01,3.771214417680175679e-02,1.124103533305251673e-01,-4.433874078925482132e-01,-2.430066024221980148e-01,-2.402337584869443654e-01,-3.066509596821885286e-01,-2.485624488929375764e-01,-4.841918322114303896e-02,-5.500209044869126124e-02,1.920697899172539858e-01,-1.630621975889511577e-01,-1.018972948050609478e-01,-6.819493530313087103e-03,-5.093677087920104457e-02,-9.483493199411900665e-02,3.029464323760474587e-01,1.373405077849795819e-01,1.452427377847852752e-01,-1.539217636731860794e-01,1.910887653559269483e-01,2.058982953603258337e-01,3.034794881763531182e-01,1.745401741973645338e-01,-9.262716781675013611e-03,-1.321379246699006249e-01,-1.848567827966811905e-01,-3.742845827753538135e-02,-2.584216959213688977e-02,1.208002886375939416e-01
2.330967946427159876e-01,1.031581079112577626e-01,5.133626349898898766e-01,0.000000000000000000e+00,-4.125323901595578935e-01,-3.768394365563944581e-01,5.418557446936151933e-01,5.490311980581114026e-01,-3.681488120849348289e-01,-2.080119041495154253e-01,3.707951514684914573e-01,1.243346465198626460e-01,3.001885467669154761e-01,2.057196062155551286e-01,-4.491926672949249078e-01,-2.097369244530118415e-01,2.404119711861460798e-02,1.013296141716999443e-01,2.224947050409879085e-02,1.286095590108508047e-01,2.910065483874626491e-01,1.052251073685524785e-01,4.646586426375057255e-01,5.043431832752585109e-01,-4.557574329733121710e-01,-5.123693885403575177e-01,-2.727447547870740507e-01,-4.715978302500071356e-02,-7.398740703731791768e-02,-1.093792904932408827e-01,-3.353295482719718945e-02,3.126324714941674521e-01,3.880846316848922829e-03,3.889965597944909648e-02,1.140044544450476843e-02,-9.061473954988884250e-02,-2.542286710369973113e-01,-3.636254687721524742e-02,1.778698294584210105e-03,-9.183691493749858437e-02,8.720678715549587401e-02,1.719131762750059078e-01,-4.738111671111180367e-01,-3.249653000142230241e-01,-2.918962592138023560e-01,-3.856428893165041449e-01,-5.364626852739816654e-01,-2.578623628178525751e-01,-1.232514668276235396e-02,8.733760806568682811e-02,-6.915807148750194311e-02,-5.495976004801902959e-02,-4.318178811818212948e-01,-2.727728663933361442e-01,-1.724329659422011718e-01,9.808663645833173850e-02,2.149925685935892838e-01,2.489644694993056739e-01,-3.493204336664764709e-01,-6.003932477928901335e-02,-3.245656619748635285e-01,5.807887927076828272e-02,1.615173049373296588e-01,2.696113445943699172e-01,-6.505943466147484644e-02,-1.923891503489812138e-01,-3.063628147978616489e-01,-1.233738839728474174e-01,-6.879694599552794998e-03,8.443405971460897497e-02,-3.394538371771609053e-02,1.215797382729751075e-01,-2.758764870241990283e-02,1.431908679274788813e-02,2.143463226228770335e-01,2.885512424903244888e-01,-1.669192148920366769e-01,-1.463843049610575320e-01,-1.398647183757769641e-01,-2.031036494778540036e-01,-2.891116147968964545e-01,-1.115565290246700869e-01,1.966684723061455642e-01,2.905392966146727596e-01,-2.516200161134091173e-01,-2.876293549486688694e-01,4.771620941736482990e-01,1.757240443535817431e-01,-3.094358197645863950e-01,-2.065742845288352225e-01,-2.424086506750841308e-01,-2.120901034149058340e-01,-3.480109615064216344e-01,-1.517927292086850288e-01,-1.165595024466661439e-01,-6.899831831669561710e-02,-1.464201341239262932e-01,-2.397401458125893170e-01,-4.843818900297782587e-02,8.767212973424094724e-02,-2.193907011342352553e-01,-5.789074264161767069e-02,7.660028362280950354e-02,1.628300533238123127e-01,-7.956317236699912698e-02,-1.735417320557366139e-01,4.278889239124689103e-02,2.590645041067008991e-01,8.589890018155885154e-02,8.448057665672754901e-02,-2.327172457912798920e-01,3.743149618069899209e-02,-1.457694957024550930e-01,-3.846487604838133567e-01,-3.871560161309158810e-01,-1.253617327913823798e-01
-3.511650691168221594e-01,-2.680711549643552960e-01,-2.111713687181089594e-01,-4.125323901595578935e-01,0.000000000000000000e+00,7.692288437082732688e-01,-1.124813880154424961e-01,-3.026301533637601460e-02,8.599773417200248238e-01,6.128922357351342942e-01,-1.895446677462315210e-01,-1.880685765870120096e-01,-1.907037281068086898e-01,-3.755894491370211363e-01,8.199239306423209417e-01,4.984692383793404846e-01,-1.267205859408617463e-01,3.362708554890803114e-02,-2.187761977502633570e-01,-1.128922453344825272e-01,-1.494200511293796163e-01,-1.900728544966760469e-01,-2.518016963062201241e-01,-1.490182272651948137e-01,7.838589491127110342e-01,8.072360987329156856e-01,4.633114039413431806e-01,-3.925235998425988249e-01,1.774410042373003316e-01,4.876006851830805289e-01,2.740369303295220882e-01,1.215369306287627550e-02,1.128160455218608083e-01,8.204037383073850553e-02,1.148790606887175880e-01,-2.297724581580961323e-01,2.098889156382288124e-01,-5.540781189019786807e-02,1.298528159152083639e-01,-7.364136491335097900e-02,-6.020767630728289521e-02,-1.420640191074961367e-01,3.319205888924321030e-02,-1.691041700164410411e-01,3.673533802553777261e-01,3.225257998539529103e-01,2.098793162358366937e-01,-1.664638033577161280e-01,-1.230692787064130989e-01,-2.488199465946585864e-01,-6.998506330076977033e-02,-3.655534573844115287e-01,2.270224009157487122e-01,-2.099100730198842080e-01,2.077448385356187310e-01,-1.745437844560051022e-01,-1.291334036335577695e-01,-2.665902399914551468e-01,1.647620462524262974e-01,-1.672678437301039212e-01,4.038784931913089182e-01,1.080955379144233758e-01,-8.592761782112495750e-02,-2.003964031689567105e-01,-7.572238539273415392e-02,1.726624353305656612e-01,-1.136301449478788334e-01,-2.267032016373606018e-02,-1.204429558491982299e-01,-2.272559780362232995e-01,3.224231301847448328e-01,-1.311541314556273763e-01,-4.227857253629223322e-02,6.873122769620759742e-02,-1.605557290384415359e-01,-5.208597585110530392e-01,7.898111818209795076e-02,8.704337061991228308e-02,2.796922779572436069e-01,2.374214012137565166e-01,5.902346727156098094e-01,3.303460911585359150e-01,2.362052020533530194e-01,-4.396830682578141691e-01,3.553095938322271552e-01,-8.079074301281652382e-02,-3.347616098560776132e-01,-3.093883986035172451e-01,3.126233155055427315e-01,-2.881723644265283268e-01,6.654676032141280950e-02,-1.679691189541778762e-01,1.951569473273598865e-01,-1.129926485430076954e-01,1.091190349086494510e-01,3.516664567848395984e-02,2.992131781573750260e-01,7.377824407728952871e-02,-8.528339104599762244e-02,-2.887835779739859055e-01,-5.987082078501963084e-02,-1.947858883632288263e-01,1.748489672749974633e-01,-1.401393291499384575e-01,1.441844847018198816e-01,-3.373568341592386721e-02,2.899462741619639530e-02,-1.289050311291683737e-01,-3.148178663613996897e-01,-1.672436716408372548e-01,-6.822773921879025927e-02,-2.538376707292014922e-01,-2.616028966040873094e-01,6.803007960329678083e-02,-4.323447153843662516e-02,-3.958338797118182706e-02
-3.802270428912198907e-01,-2.835436158982850285e-01,-2.878623575909634580e-01,-3.768394365563944581e-01,7.692288437082732688e-01,0.000000000000000000e+00,-1.880747696401925129e-01,-6.257031912021795983e-02,7.827566736710519502e-01,8.823474573641090224e-01,-5.891545007542527135e-02,-2.556888281001304386e-01,-1.054341943822580119e-01,-4.207763767493675200e-01,6.611429168459876937e-01,6.159813380419183471e-01,1.510614517758784858e-01,5.418479897532471612e-02,-7.810021666884836566e-02,-2.101874982149453397e-01,-3.051821227160123606e-01,-2.903357895558530410e-01,-1.519090854160421444e-01,-2.633420916086719465e-01,6.830859119487249220e-01,6.947165210015445735e-01,4.079445469574264904e-01,-4.603953095299168630e-01,2.642302254269880413e-01,3.119016174169127464e-01,1.161261064663769854e-01,-1.208589504451959007e-01,-1.459313442042076830e-02,-1.409108943225398092e-01,2.424700360591568876e-02,-3.636477738598440923e-01,5.772989034925248703e-02,-9.358373156618916833e-02,8.926598273187916210e-02,-8.742585080194544001e-02,-1.110631836269790201e-01,-2.341341535087334558e-01,-1.997084834198248338e-03,-1.479704489534511003e-01,3.079424582366026009e-01,2.693686975739915113e-01,5.257790969980517815e-02,-1.072292722599993142e-01,-3.090885257415651455e-02,-1.220230584591812523e-01,1.193139829483191305e-01,-1.704788626480925884e-01,2.910500688973148842e-01,-2.598566625751564871e-02,1.836568642141083729e-01,-2.127706464612827853e-03,-1.234912953291836119e-01,-3.557215014068661474e-01,1.315574314778306109e-01,-1.841650121365478454e-01,2.036563307735047568e-01,-1.199647231442035888e-01,-6.601076927559759895e-03,-3.361858600163335486e-01,-9.443498310558232078e-02,2.321782372272330683e-02,-1.844312481078968224e-01,-1.764480417596206996e-01,-8.235475985073802130e-02,-3.387640575032443979e-01,3.396042776779262806e-01,9.346727630682677077e-03,8.799100346748382762e-02,8.434741596514966355e-02,-1.388234458145204131e-01,-3.574949505368144043e-01,-3.940796039109135257e-02,-1.341125704898435411e-01,3.943149896212393979e-01,2.944640238087811723e-01,6.631578676519881421e-01,3.067857812428206876e-01,6.704199575018243706e-02,-5.250632204120054825e-01,3.778493745607238719e-01,-6.897690957017445050e-03,-3.680879103564285160e-01,-3.160997091364773914e-01,1.160089235614482905e-01,-1.033536920580568341e-01,6.601683499731470298e-03,-1.331252503445246593e-01,1.715537303405329783e-01,-1.053715120908474828e-01,1.051803290953589182e-01,8.923360036460116496e-02,1.284394312760882562e-01,2.404395728954844894e-02,-3.701221396449307366e-01,-4.157454425024849631e-01,-1.717379554603455649e-01,-3.589013682201845912e-01,-1.015285509437105771e-01,-3.335963777591821056e-01,2.271568977265617673e-03,-1.260690456475318036e-02,-6.954642296946030033e-02,-1.207688967542448755e-01,-3.280804338979829704e-01,-2.065644427188654542e-01,-2.449448009913235691e-01,-3.009687368456746559e-01,-1.550455496067382755e-01,-6.694564524301542530e-02,-7.364566547253956208e-02,-5.516832206095684255e-02
7.261127115821948419e-02,-1.776318377458806219e-01,7.201112000450753392e-01,5.418557446936151933e-01,-1.124813880154424961e-01,-1.880747696401925129e-01,0.000000000000000000e+00,7.041839738447464025e-01,3.073778582861394840e-02,1.170380589011868894e-01,2.977886681473344010e-01,-9.580985057069686672e-02,4.142581361850071753e-01,-8.881499105152397544e-02,-1.932564678812221173e-02,-1.431925907031127328e-02,-1.695505436588131409e-01,-2.400083160165226645e-02,-2.037237452578372632e-01,8.223398021467473451e-02,3.301327284872421775e-01,2.508749656794609373e-01,4.035762831884426305e-01,3.857398001622793782e-01,-2.347731640798890983e-03,-1.491991069373348744e-01,1.612520877254580709e-01,4.528999726092298311e-02,-8.874690603914325848e-02,3.667927021848450125e-02,2.102874110368939675e-01,2.230591993749886093e-01,-1.435243312741445870e-02,5.978759493102485389e-02,1.719063789537492448e-01,9.740428894559112483e-02,-1.819166219454979028e-01,-1.083069328337267351e-01,-1.472260770757504444e-01,-3.514248636400740256e-01,8.319485858103156661e-02,2.514958495507021441e-01,-5.564934625790189937e-01,-4.140932130584166759e-01,-2.621982556070718284e-01,-3.018943747916832954e-01,-4.908148749050565418e-01,-4.304669610761144849e-01,-3.116695392249979601e-01,-2.180079846112218112e-01,-1.760035576441226490e-01,-2.978192773068550347e-01,-3.480066345828086161e-01,-5.610790370901230784e-01,3.738683775553146987e-02,-1.921403177720658051e-01,-9.566790050792208910e-04,-1.337904050787045995e-01,-3.398142839927477121e-01,-2.199841260418573807e-01,4.099357610371081456e-02,5.427904347814006131e-02,-1.267158981738991663e-01,1.202450243205908237e-01,1.748294457953336878e-01,1.695759871940124772e-02,-4.877995146008461819e-02,8.256030970271183156e-02,-1.208060841915829520e-01,1.795130910157883286e-01,1.929514812494066978e-01,-1.222045652245636188e-01,-9.975018126357265702e-02,1.079257648365161554e-01,2.517625329120591893e-01,5.151609426047138243e-03,-2.304216790540277726e-01,-2.890685652218928925e-01,-1.899295289460153358e-01,-2.681699079302609090e-01,-1.461195904599676132e-01,-2.210348980292594634e-01,3.905157687901592012e-01,1.493178095306320341e-01,2.089119579441141850e-01,-4.382982401178764365e-01,4.586660075708871576e-01,2.466688228984394160e-02,1.554995101124757306e-01,-5.638008025815358648e-01,-2.982366356047084222e-01,-4.402764921473737991e-01,-3.959455391472434527e-01,-3.772136553230676093e-01,2.823258045353082071e-02,-6.663100571534126548e-02,2.652245057062686540e-01,-8.352475542082773985e-02,-2.109213573005145337e-01,-1.414605894344534154e-01,-1.739926281795925733e-01,-1.921234173606267970e-01,3.100017588219795006e-01,1.574005533738526141e-02,-1.234894894052207710e-02,-4.902763292789337757e-01,3.127865576423328742e-01,-1.090433423958343667e-01,2.710931481553001676e-01,8.600137593796614022e-02,-2.600873389979680983e-01,-2.176423122930123411e-01,-9.664638932425470563e-02,-3.374569136852551554e-01,-1.674400712952097414e-01,2.805884611556507813e-01
9.214243038761237015e-02,-1.202018530709582193e-02,3.042061592303688666e-01,5.490311980581114026e-01,-3.026301533637601460e-02,-6.257031912021795983e-02,7.041839738447464025e-01,0.000000000000000000e+00,1.680049797195047601e-01,2.523839765533681390e-01,2.829957915253946688e-01,1.536805564897550658e-01,3.703661189625694905e-01,9.425049287698858413e-02,-4.543739033191289411e-02,-6.066344059120938603e-02,7.206272569687873376e-04,9.288313274576429079e-02,-2.611939538814417872e-01,9.009620574985666153e-02,3.039926509175783775e-01,2.607692145781661530e-01,1.095843534189037266e-01,2.138086458890854358e-01,-1.538156473596154206e-01,-2.420439711361216106e-01,1.259654087240890397e-01,-2.768825083016810198e-02,5.897165833758835629e-03,1.083044941177566112e-01,1.610070650756649513e-01,2.297023338876756915e-01,7.363746555446104049e-03,1.768226180511412726e-01,8.124777243420146233e-02,-1.190246054859023413e-02,-1.086974293871265651e-01,1.626204594366746636e-02,-1.288631464692822914e-01,-2.948597297888080893e-01,2.007496181877432284e-01,3.319588754066250536e-01,-3.971561877226040260e-01,-3.264133886626939263e-01,6.794153731019636488e-02,-9.091426119319012678e-02,-4.008729002764875871e-01,-3.238500163750373528e-01,-1.804737818203724226e-02,-9.376315290314886364e-02,-1.847890840135294199e-01,-3.316469167922191930e-01,-4.158033788964393684e-01,-4.725093034504232459e-01,-1.895772641605050074e-02,-8.951011060888174053e-02,1.299278717263329941e-01,-3.244324349635628482e-05,-4.328922427656935468e-01,-2.576390937978351170e-01,2.398376016394991941e-02,1.857031172067106495e-01,-1.528123357835829699e-01,2.100403420056347337e-01,-5.697622156271470867e-02,1.873288870811503359e-01,-2.383439038008740296e-01,7.508621329761143437e-02,-1.261586758226627691e-01,3.322870723222424993e-02,4.040394790989326052e-02,-2.253591654406010003e-01,-2.383352727542318028e-01,5.410854889672504602e-03,1.341927879743364804e-01,-6.169671961850438369e-02,-1.239694998722134234e-01,-2.326367806126289073e-01,-6.811266504236375419e-02,-1.863153253343422522e-01,-2.643940853754904799e-02,-2.598982346798097212e-02,2.840411649652556658e-01,5.874293570033477241e-02,-4.209398764880998428e-02,-2.370049179760871372e-01,4.125825626548100811e-01,4.021703590381525521e-03,4.006578073528400952e-02,-3.823498257671011924e-01,-3.445242478957114551e-01,-3.654665870324966259e-01,-4.653565508791208671e-01,-3.483207676754921933e-01,7.536704661093651669e-02,-6.722415398799970465e-02,1.570306337973165212e-01,-1.258882533999227393e-01,-1.556685742979791731e-01,-1.673899966193473920e-01,-3.078367103269143978e-01,-1.328635445965217210e-01,2.804552692570025929e-01,1.005715922069310049e-02,-9.175302299677481899e-02,-4.249011822050912657e-01,3.242811247008535180e-01,-2.784221823638999282e-02,1.809528866876616571e-01,2.737825108964520374e-02,-3.436466059491680713e-01,-4.123819322684831729e-02,-8.280382083465165355e-02,-5.048681413531196371e-01,-4.500358620996373071e-01,1.433199091482683096e-01
-4.286253685511270395e-01,-3.481994950102608732e-01,-1.942952254363541353e-01,-3.681488120849348289e-01,8.599773417200248238e-01,7.827566736710519502e-01,3.073778582861394840e-02,1.680049797195047601e-01,0.000000000000000000e+00,7.934538873946069826e-01,-1.360410815720272393e-01,-2.020730768447585313e-01,-1.332266314254040296e-01,-4.653256487213185411e-01,8.721096162178254563e-01,5.315267358824812272e-01,9.312121601507300506e-02,-3.950084083242741233e-03,-2.866983402458808117e-01,-1.864186773534575459e-01,-2.270042700576173911e-01,-1.029077072406309190e-01,-2.726862127615506948e-01,-2.680953786770750580e-01,7.321117711058960920e-01,7.366869859193856396e-01,4.746731849848960239e-01,-3.978388345748779531e-01,2.204750566578678739e-01,3.240902647897934141e-01,3.243784774848281205e-01,-8.781921822728913640e-02,-4.535298497412207884e-03,1.281483446666558919e-03,5.600358872796585598e-03,-3.027881628511094880e-01,6.331431261499687047e-02,-1.039765117329383010e-01,-6.435060486817081871e-02,-2.517624831483780690e-01,-1.089975663181273202e-01,-1.587099528886380950e-01,-9.199875535708300356e-03,-1.981794623174786829e-01,3.116994177303997748e-01,3.020552029947386474e-01,1.384432159623812386e-01,-1.105737760065619996e-01,-1.030285921899420365e-01,-2.579287958614291387e-01,1.327001361679009186e-02,-3.140523183952248498e-01,2.390045659005813616e-01,-2.157690775167640795e-01,2.317720453024762206e-01,-2.326219281082022305e-01,-1.814173733615139505e-01,-3.745541293777657210e-01,2.001700467034939479e-01,-1.130111721902553323e-01,4.016490846924242186e-01,1.326725611470275235e-01,-1.482087171673749371e-01,-1.384938252689929816e-01,-1.084744980758049898e-01,1.994603839439623438e-01,-6.644456921497728097e-02,7.486409046449817029e-02,-2.173074330320202696e-01,-2.481831945830956232e-01,4.126765093664910289e-01,-1.459743594772630604e-01,-4.836263658050349995e-02,4.874584796429062838e-02,-1.475097520080902447e-01,-4.958769839049047556e-01,-6.743192222205379727e-02,-1.719523794744687306e-01,2.690770874395218004e-01,1.403129233111539420e-01,5.361753577493535428e-01,1.358193771290090168e-01,5.155610578520483656e-02,-5.543404986835603898e-01,3.216718007783851974e-01,-1.294727965362915678e-01,-3.388687896984927117e-01,-3.183000413826541086e-01,3.262571244602807119e-01,-2.526859949208350997e-01,6.490692841926994083e-02,-1.763595507670877027e-01,8.095540276107655864e-02,-1.198497684047219458e-01,1.720392384515351536e-01,1.196854472175076234e-01,3.380260577015591905e-01,9.013920846472130155e-02,-1.573890330170008289e-01,-3.755773780708244747e-01,-1.775383211109641257e-01,-2.005307343235720463e-01,2.169741004611975832e-01,-1.206107110321805176e-01,9.557209591323115316e-02,-1.598844256867582581e-01,1.225714939836030082e-01,-1.575731412330150238e-01,-4.964028118426816460e-02,-2.126027852422830017e-02,-1.773533481494538599e-01,-1.900664222771303591e-01,-5.611332318772346839e-02,-3.778626247470312505e-02,-4.504509741494725633e-02,1.137206565228779387e-01
-3.301693225905253937e-01,-2.618149980374412378e-01,-6.817555549716541874e-02,-2.080119041495154253e-01,6.128922357351342942e-01,8.823474573641090224e-01,1.170380589011868894e-01,2.523839765533681390e-01,7.934538873946069826e-01,0.000000000000000000e+00,3.734068898335000941e-02,-2.908582177758406440e-01,3.461323992098129521e-02,-4.857820297971012780e-01,6.036810413031590272e-01,5.455997543218095158e-01,2.104318168288226709e-01,7.514420678101398077e-02,-1.652270479482107479e-01,-1.932550746861573798e-01,-1.582172337956008479e-01,-9.573994853345318967e-02,-6.440229974972803972e-02,-2.054188998101877384e-01,5.747737523063174425e-01,5.289497121624924247e-01,4.884587772349307522e-01,-3.893449378677004136e-01,2.006588250972366760e-01,2.524516452960208768e-01,1.779034667705137462e-01,-1.144350920060807908e-01,-6.823221891488524815e-02,-1.405288200679327137e-01,4.136051479758200144e-02,-2.816962477722783631e-01,5.854932724341704864e-02,-5.413836912113043770e-02,-2.535841542909378354e-02,-2.609740483417394841e-01,-4.496871961981754179e-02,-6.441408918208152423e-02,-2.135469706561972381e-01,-3.061587046191801553e-01,2.219700023204136674e-01,1.682478958372529976e-01,-1.471248527081177315e-01,-1.985743479249566235e-01,-5.469592777261862021e-02,-1.092901808574577582e-01,5.259124602082514144e-02,-2.638323748285738013e-01,1.348099351322410433e-01,-2.230416607419234698e-01,2.205730803507484350e-01,-8.926271354246283207e-02,-1.222969575097947181e-02,-3.257077504340482599e-01,-4.604150670495182202e-02,-2.217573520117134545e-01,1.473786540861328209e-01,-1.204272310952634595e-01,-1.068432328428261247e-01,-2.963666753758214534e-01,-4.296396460685927843e-02,3.535907007217653497e-02,-1.892765544283588619e-01,-1.285395614533809128e-01,-5.169869298553871062e-02,-2.095930028425805614e-01,4.014906238608735300e-01,-5.708141468272133479e-02,3.968858213952347613e-02,1.198088461534470572e-01,-4.034537439353935717e-02,-2.892276758553046223e-01,-1.646745593584942324e-01,-2.943062255610291444e-01,3.051339535160212946e-01,1.706910341124910913e-01,5.936859576565859387e-01,2.407125533035467391e-01,1.591681177907156297e-01,-4.627098896369796766e-01,3.660954592966462751e-01,-2.051930560551927518e-01,-1.563067996345526844e-01,-2.873291425509570396e-01,1.474612775075459514e-01,-2.520500145392174374e-01,-1.563606488046389020e-01,-2.915103967823179376e-01,-9.181976206003553131e-02,-2.202793259572845830e-01,1.287128904696029918e-01,4.985819891097427459e-02,2.636960784090489063e-01,4.321955323634932983e-02,-4.662502940212395752e-01,-4.412725057109598836e-01,-3.231829820466249892e-01,-3.938590386505529950e-01,2.153125111370409253e-02,-2.869142582994084201e-01,-5.022835007027830895e-02,-1.996376794195715010e-01,1.303965587544376192e-01,-1.326580402636234890e-01,-8.314268110873615503e-02,-1.296321517725382566e-01,-2.778338123817277738e-01,-2.812065719715845513e-01,-1.365597645678012229e-01,-2.469853323866177119e-01,-1.459967061614663442e-01,1.434122660369721858e-01
5.578337817608676197e-01,2.292512184420520682e-01,2.905366411701042484e-01,3.707951514684914573e-01,-1.895446677462315210e-01,-5.891545007542527135e-02,2.977886681473344010e-01,2.829957915253946688e-01,-1.360410815720272393e-01,3.734068898335000941e-02,0.000000000000000000e+00,3.458466991366815901e-01,8.101196596390518589e-01,3.434930670251789553e-01,-2.778025458000925596e-01,-8.068972904366437937e-02,3.491058386598136498e-01,3.564525804447565283e-01,3.737574459473298472e-01,3.894473106860938394e-01,7.650560379569268377e-02,-1.854672696634227236e-01,2.276347161302717248e-01,1.782047978801018506e-01,-3.180240986827025940e-01,-3.043980645824557740e-01,-5.306893029629642516e-02,-9.945033383376068736e-02,3.924867768619494379e-01,1.109934465265313835e-01,-1.235655996123896372e-01,1.685897908420757041e-01,-1.358129564618175689e-01,-2.183531547325550382e-01,-2.487257141734537658e-01,-2.905803802242663547e-01,-3.505151417341043074e-01,-2.568951752149064571e-01,-1.163768665186473705e-01,-3.384198307798370053e-01,2.537572916258493128e-01,7.099945852717404193e-02,-3.261240834962265134e-01,-1.532802264641172363e-01,-1.557550187062368696e-01,-1.144837579500214420e-01,-4.104479378472368767e-01,-1.981876405737265645e-01,-7.456775050550686068e-02,9.099535664486808895e-02,1.104380664211869825e-02,-1.516616725524217411e-02,-1.918319954220718826e-01,-1.678169093244382959e-01,4.371097499687516541e-02,2.635086698478344980e-01,3.675314922079981339e-01,1.422994022412336357e-01,-4.171624387195330998e-03,8.705687560245581325e-02,-4.335600902948413132e-02,-4.582326522168033572e-02,4.304098949553310516e-01,2.434172451799878067e-01,-3.267064130515481835e-01,-5.074874075375259697e-01,-4.462256318809055822e-01,-5.876359977788114808e-01,2.255801990578697735e-01,9.164490604285698006e-02,-2.701573285778480771e-01,1.377824749644224467e-01,2.158616433378666294e-02,-6.548807232650835641e-02,1.370473073139525377e-01,2.853282633765461540e-01,-4.557377717513267507e-02,-2.240489564557825719e-01,5.665410560152110697e-02,1.742685489775038302e-02,9.372566265273560293e-02,8.554997248511547747e-02,2.007828261999207720e-01,1.269117414162197477e-01,2.054728356044813464e-01,-1.673997199517321399e-01,2.522133959684642046e-01,7.420071753653639801e-02,-1.059409018789949503e-01,-1.011858574560523527e-01,-1.979147683436893734e-01,-2.870818987996515692e-01,-1.988934265536273782e-01,-1.105705856684230382e-01,-7.175262407902401052e-02,-5.427421622499067436e-08,-1.788562928547782760e-01,-5.110072488903038418e-02,-2.945857427625571123e-01,-1.513181249706065379e-01,-9.129763607131875791e-02,-2.158046970277443799e-01,-5.745310168349870156e-02,-6.317909336845571600e-02,-4.374604809010143591e-01,-4.384844539071564573e-01,8.467388923499948039e-02,-1.278688577048132935e-01,-1.291196810611888179e-01,-1.964430691225767245e-01,-4.773349879037118160e-01,-3.703005596834522128e-01,-1.551790007493972223e-01,-3.202153067911774342e-01,-3.640683245312344440e-01,5.499152238442581858e-02
4.048167474845917879e-01,2.943397798484725381e-01,-2.304925686904403248e-01,1.243346465198626460e-01,-1.880685765870120096e-01,-2.556888281001304386e-01,-9.580985057069686672e-02,1.536805564897550658e-01,-2.020730768447585313e-01,-2.908582177758406440e-01,3.458466991366815901e-01,0.000000000000000000e+00,2.649226790858786873e-01,6.812400179976124681e-01,-8.985680518827920960e-02,-5.701911368143634112e-02,2.946196577998820287e-01,3.870620450938748180e-01,2.117595576364587895e-01,2.037935576253144532e-01,-9.603588694009264348e-02,-1.324423937437476384e-01,-2.073090260326325429e-01,-5.500154327173963770e-02,-3.860641661501522104e-01,-3.166065683985409551e-01,-4.282858992687240129e-01,-2.754001186463224671e-01,3.779703379436937238e-01,8.656750933556707495e-02,-1.313734798585881602e-01,8.832696682895484208e-02,9.016319680929764380e-02,2.897310650240955687e-01,-1.599644623570790070e-01,-3.203691949482077861e-02,-3.029730317774063653e-01,-6.291226547302485039e-02,-2.641011140854149578e-02,-1.032523853685781978e-01,-2.535997087217910506e-01,-2.499963470918712960e-01,2.032518539691522408e-01,3.469767171969740382e-01,1.657202664358327360e-01,1.565796091675165924e-01,7.133012930240474614e-02,2.746029511544696988e-01,1.001052756372343006e-01,1.459247526863156341e-01,-1.353153859208081067e-01,9.527196462165396507e-02,-2.088157473943095532e-01,-9.383644406156514683e-02,-1.559853159473675865e-01,-1.453924082827129649e-01,-7.499033786392679535e-02,-8.888744496096731909e-03,1.858807249837249320e-02,1.205815016201040174e-01,2.362524341351453783e-01,4.471576056834330459e-01,2.620940958619893957e-01,3.847473734156917624e-01,-3.473935597637859973e-01,1.382317287586770638e-01,-1.254609678878370882e-01,-1.602721319835105629e-02,-2.100435177988085045e-01,-2.098476750844145700e-01,-1.228144159940825148e-03,8.541919816226083151e-02,1.866607582030085644e-01,1.114693387636808974e-01,1.700320785275237501e-01,1.268371223827870209e-01,9.421379304392431264e-02,4.806308032055432722e-02,2.499402662808610232e-01,6.903653755322471108e-02,1.138041420737133727e-03,-5.770518999716819919e-02,-2.669678887294298364e-01,1.051535455890749426e-02,6.578561402038618673e-03,2.173426830817242750e-01,6.355885350374665399e-02,2.082925139925475011e-01,9.783854898468984790e-03,1.458921084538860047e-01,-6.055855250563643016e-02,1.639167209897287106e-02,-1.228217397629077223e-01,-2.863560528030557606e-01,1.312054084973007517e-01,2.781236153352186213e-01,-2.265675735241863276e-01,-1.079040556189339931e-02,1.915321425932234589e-01,1.914260079872999454e-01,-1.633024725022144408e-01,-1.340048852240459110e-01,2.314142269366846038e-03,1.308909060778883915e-01,-6.084191844014976910e-03,9.573020825136831918e-03,-1.302519647541500736e-01,-5.379138127464143382e-02,-2.808067054018729969e-02,2.474464188341213289e-01,-1.221707110716016564e-01,9.377142876934702054e-02,1.063370494579793657e-01,6.867446724953601978e-02,3.881037850868061800e-02,-2.160588192096853377e-01
4.798202656702799662e-01,6.135088528304621230e-02,3.082065987570287158e-01,3.001885467669154761e-01,-1.907037281068086898e-01,-1.054341943822580119e-01,4.142581361850071753e-01,3.703661189625694905e-01,-1.332266314254040296e-01,3.461323992098129521e-02,8.101196596390518589e-01,2.649226790858786873e-01,0.000000000000000000e+00,4.949403222657843271e-01,-2.619464531467677881e-01,7.058076837017786265e-02,1.328243196163029771e-01,1.514996102612501672e-01,1.872262403985565649e-01,2.695678628794798137e-01,3.018427537892076629e-01,8.683549837351509093e-02,2.339271558068520829e-01,2.276020153639029819e-01,-2.947258492343367009e-01,-3.468679060089833732e-01,-1.044099655020193362e-02,-1.543995213714208919e-02,2.054044516723778635e-01,8.236054132843646791e-02,-5.256296930029247944e-02,2.754674833735129558e-01,-1.045784815806327234e-01,-1.409407384072559888e-01,-9.740007531251310136e-02,-1.189331452332678812e-01,-3.089762815536441498e-01,-2.884988279040701653e-01,-1.680912147168986126e-01,-3.459085499136461128e-01,2.694673873015656085e-01,1.854808407870222609e-01,-3.349633494450306448e-01,-1.104801116759768220e-01,-1.444164452487334827e-01,-6.174889899860613179e-02,-4.468301607257475494e-01,-2.734420505283202685e-01,-5.349954194759803244e-02,6.962143710883317294e-02,-6.649632093380264397e-02,-1.390009698878867661e-01,-2.434666983177591060e-01,-3.048597060951538928e-01,-4.461965645971326111e-02,1.529534776091356352e-01,1.772031632881685137e-01,4.052133078196343274e-02,-1.478508719226711565e-01,2.223838480802255158e-02,-1.690125137195985089e-02,-6.663286202109937328e-02,2.124309376679946737e-01,2.297553697736238743e-01,-2.712352444374606097e-01,-3.944118061165577949e-01,-3.895227612218516988e-01,-4.499360478891266668e-01,6.909980962904455071e-02,4.558224912592772488e-02,-2.694743448057958513e-01,9.425070054728763858e-02,-1.005087431370025458e-01,-1.246503175634553068e-01,3.138874445460151374e-01,1.454907164792021423e-01,1.559471771463006272e-02,-2.321501530820740122e-01,-1.234438372121477168e-01,-6.011993806974924581e-02,-7.632468672616153638e-02,-3.298022051509953007e-02,2.658722227020571260e-01,3.134173794773785771e-01,1.926861620478917125e-01,-2.215717479434563264e-01,3.757816226617923250e-01,2.516456314958028795e-01,1.353836059613162668e-01,-1.283575576234917137e-01,-1.703103178989643640e-01,-3.166146744794139933e-01,-2.370531823262307658e-01,-1.280463490711857832e-01,-1.097747483356494996e-01,-1.186328319372383366e-01,-1.609284526684616190e-01,-2.209142546024894793e-01,-2.281679474150537235e-01,-1.506655627852609702e-01,-9.509791767305166010e-02,-1.936982413491700472e-01,-6.639564712926886506e-03,-1.619508257199186729e-01,-4.085884642919330734e-01,-5.845009253663621118e-01,2.194809798513411847e-01,-1.894608674415621530e-01,2.071099693387732851e-02,-2.273821742351739283e-01,-4.875598657631806665e-01,-2.583324808872645151e-01,-8.559041094891239876e-02,-4.268214251034375684e-01,-3.191186611686280261e-01,1.824614260380003627e-01
