0.000000000000000000e+00,2.431972145893760984e-01,3.597057932275440906e-01,-2.564773252687539418e-01,-2.357059495753202061e-01,-1.878922061257979614e-01,4.160890777054140899e-01,-1.444315431911529224e-01,1.529126694042829415e-01,-1.381049647963904503e-01,6.321351498766677457e-01,-4.985840656382188596e-02,5.835609016919052205e-01,-1.588219584764285486e-01,2.591829454432048041e-01,2.927128576507697505e-02,-1.218998796862418021e-01,-1.560493119140244356e-01,7.369679398436922435e-01,5.086568482760360776e-01,-1.558545492525326981e-01,3.931112906065294121e-02,-8.278219980755103721e-03,-1.856908057673620216e-01,-1.261483900833189620e-01,-2.771287367957426251e-01,-1.650290338232731635e-01,-1.288788080517452583e-01,9.367715527390164942e-02,-3.574650034504694290e-02,-1.298801479880411780e-01,-2.343160702977858945e-01,-9.493119957491599759e-02,-2.250901873686777799e-01,-1.363716929732697869e-01,-3.324808177184617741e-01,-1.069294479705281964e-01,-1.795966535110920526e-01,1.902508011937313892e-01,-2.061854916379444735e-01,-5.735957742616497324e-02,1.605037560162477228e-01,-2.128663334043951472e-01,-2.082123117341836971e-01,-3.413519893681187800e-01,-2.611930927043502049e-01,-3.569967254513742860e-01,-2.821685546840126957e-01,-1.215135188244750725e-01,-2.548379599997193656e-01,-5.360267061729696164e-02,-3.231393149205346593e-01,2.401669288531344537e-01,-1.731445181055611404e-01,-1.411982164781633853e-01,-1.978459290936358805e-01,4.142602870037324081e-01,2.742620374873127043e-01,2.379951843484245932e-01,-7.851997116741502025e-02,4.676679605059499978e-01,-2.168842617194972552e-02,9.409917754680896529e-02,-2.761663338939238654e-01,5.334765489012080475e-02,-3.189165887525836074e-01,-1.667894994952245913e-01,-4.572164309303500263e-01,4.149637612125395281e-01,3.256678099301846263e-01,-1.487178172919539736e-02,1.631526438668335632e-01,1.412985366699275880e-01,-8.805242389404437098e-03,2.722774816729441327e-01,6.983505166471315473e-02,2.889639476846372346e-01,-2.641069132632953842e-01,3.395298842979155990e-02,-1.391905395474769269e-01,-2.132945130417211455e-01,-1.816484230101639563e-01,2.448104397931963327e-02,8.470154323776615465e-03,1.412623972858168264e-01,-3.966798903347482086e-01,3.483956857311999028e-02,-7.854719307482677104e-02,1.119482986250114748e-01,-2.002488015774187002e-01,-2.746401540176494627e-01,3.552429733739457807e-01,-3.330727264309368829e-01,3.029642632648338885e-01,7.085782495429654437e-02,9.398397001772000256e-03,3.707606821337174341e-01,6.440060438730078884e-02,-7.386496754295182599e-02,3.705104568438459811e-01,-1.319762967839227183e-02,9.426117906608304231e-02,-1.407592330263691405e-01,-1.669592219843415992e-01,-2.484610041246100853e-01,-2.599097527349943926e-01,1.298742227494605606e-01,4.622424690202287662e-03,-1.718332009729721666e-01,6.913138731517838587e-02,7.070568119304901367e-02,1.640081405725770103e-01,1.410222977756327156e-01,1.219886989585605708e-01,9.609459361858167792e-02,2.326260884926048267e-01
2.431972145893760984e-01,0.000000000000000000e+00,-5.157475950161843209e-02,-2.326409644070405736e-01,-1.043274860894960465e-01,-1.486740278835097240e-01,-1.145685136815368516e-01,-2.696541123201756096e-01,-6.417926839937762584e-02,-3.247925357988413197e-01,1.961631694322873709e-01,4.324865981736725762e-01,1.642435744432240163e-01,4.001175764195941120e-01,-1.206209340303495831e-01,1.759175138539629257e-01,3.294824218809994654e-01,4.534620137991114408e-01,1.626348930169466689e-01,2.548927542586165162e-01,-3.162878369048647276e-01,-1.307453528486389183e-01,-3.081589360859164906e-01,-7.815394283716961543e-02,-1.923808578601450270e-01,-2.906810145913321652e-01,-1.196556769390910713e-01,-4.905453169955287240e-02,2.444923345130428916e-01,2.942507200795285716e-01,-2.283516769970359850e-01,-1.981379343319002173e-01,6.942992384524006300e-02,-1.919109059857847244e-02,-2.459773743295620430e-01,-2.973497767914747847e-01,-4.470993002287286799e-01,-4.692598544220442647e-01,-2.430615925290495749e-01,-3.221676422323273004e-01,-1.676212181086861597e-01,4.792204528905102262e-02,1.694081693267037447e-01,1.138158101367963554e-01,1.729491045750101708e-01,1.941154697688357300e-01,1.240077552762381546e-01,8.491520790360065907e-02,2.880950433202618122e-01,2.006098040572358021e-01,1.920755624155200680e-01,7.417877685236487495e-02,9.032516119106759334e-02,1.215450037911577907e-02,2.401277698197652188e-01,1.810917835390827291e-01,4.958696210631263757e-01,6.288967905271679593e-01,3.898543965286980773e-01,3.461838228069399892e-01,2.132578422113240793e-02,8.307252963037990712e-02,4.580199566043932080e-01,3.889319268052485734e-01,-2.718980749858164181e-01,-4.373878679961964444e-01,-2.761469399260536028e-01,-2.751833761310676363e-01,4.435452749573395165e-02,1.013465802186646753e-01,-9.329670039078949428e-02,1.995094769712905600e-02,3.724272361775010087e-01,3.718164362978013116e-01,3.667305997079686047e-02,7.631442601464578923e-02,3.878758499023033518e-02,7.793005434182220803e-02,4.792616164771330151e-02,6.618293630006800987e-02,1.431577840749438391e-01,1.919540019131186492e-01,9.098019971956912422e-02,2.173355847601254609e-01,7.542349081551098788e-02,1.751468929079342263e-01,-3.980500412996549470e-02,4.576509658087196675e-02,-2.316976946043906305e-01,-5.923257948472330364e-02,-2.491999525897446166e-01,-1.686039011616240896e-02,-3.384374219738121026e-01,-1.356655903658364470e-01,-2.510309202125716732e-01,-1.109116869936841443e-01,1.829066736279007788e-01,-2.720252065279391094e-03,7.957020238345594021e-02,-8.104535289730543934e-02,3.351903246092452493e-01,4.654072465998861097e-02,-5.230817124580164346e-02,-2.198559394736194772e-01,-2.023302286446128917e-01,-2.894352875059418295e-01,5.082605550938808225e-02,5.984207278550664373e-03,-2.045500484902378902e-01,1.142353807707390673e-01,-3.939994001941979906e-01,-2.065526163916814040e-01,-8.760669486854881505e-03,-2.191765921904886005e-01,-1.544879063434452526e-01,2.140849640000418719e-01
3.597057932275440906e-01,-5.157475950161843209e-02,0.000000000000000000e+00,1.067432769963172351e-01,3.050024790746141412e-01,-2.428202553324465551e-02,5.745280620671842087e-01,-1.687116736954422380e-01,1.554712008483813412e-01,2.574358905096378949e-02,1.269182240596347100e-01,-5.675682258866530105e-01,3.398895021914588033e-01,-3.637488338210747019e-01,3.542930267790082022e-01,-1.627296954046909272e-01,-2.600499783752868721e-01,-2.543995290714420321e-01,5.523928659933021734e-01,3.253177668638443931e-01,3.082058470878664691e-01,9.583373752800430911e-02,7.040683743309582576e-01,4.590108245921805108e-01,3.861171670539274015e-01,2.161881648764931579e-02,3.354550654400177967e-01,2.141918746490338588e-01,-3.240992934863045627e-01,-4.644698687165279005e-01,2.677150872842204432e-01,2.754648683589331903e-01,1.165401245556272475e-01,-2.259896363469859615e-01,2.653106471066944971e-01,-9.543820594826618597e-02,3.998966029716335413e-01,3.230016973292472726e-01,1.971179539344317944e-01,1.523513007306114553e-01,3.782804071090173359e-01,-1.283465582099987123e-01,-1.467955500807732461e-01,-2.437664635890979259e-01,-4.568523741730083354e-01,-5.574411735989565075e-01,-1.435567605867123786e-01,2.871373014906988819e-02,-4.638314295217560446e-01,-3.939167733891157930e-01,-4.774731293625023715e-02,-3.065519878831006184e-01,-5.157379625264026102e-02,-2.936070002549558827e-02,-1.113466130523916020e-01,2.972347116154089655e-02,-9.073522106973297419e-02,-1.758796530772312738e-01,-2.966293018246552449e-01,-3.908331906897374863e-01,-6.293670811978484270e-02,-5.848821126579556440e-01,-3.331662172878812056e-01,-5.738889128693041020e-01,5.993626985867972490e-01,1.137712120263625198e-01,2.897963772068067878e-01,-1.960281357449236150e-01,2.668222386470717189e-01,3.182052602447881656e-02,2.717779787593138652e-01,2.337318391998800537e-01,1.315899480620177087e-01,-1.197229723510252752e-01,1.179565017911375219e-01,-6.709981051997744583e-02,2.613460705692970398e-01,-7.563755258462484532e-02,-2.618351935697856969e-03,-1.123627880811811780e-01,-3.160911549977761803e-01,-3.817895836779134355e-01,-2.248020229361095135e-01,-4.220766177699636357e-01,1.289656525493836359e-01,-4.024528477841636254e-01,2.940573477405388214e-01,-9.117840886619799079e-02,2.402010260986758572e-01,-9.652558011857605147e-02,2.520092678070883774e-01,4.774972446005383286e-01,2.744045631963873966e-01,5.556289207045945755e-01,4.184510463571636252e-01,2.412298257426202519e-01,1.472654373078136625e-01,1.819213918572497035e-01,-5.566110030760754168e-02,3.766419119258885839e-01,-8.788607010850817136e-02,5.422589988633890606e-02,1.114816605319365467e-01,7.708521115126068524e-02,-4.629306627349138309e-02,2.213444232044244342e-01,8.066329839317563921e-02,4.166976114113786489e-02,1.766323408967793718e-01,3.354505994835384197e-02,2.681761971961938440e-01,1.802173555633890811e-01,1.742078893421672089e-02,9.385458100542636017e-02,1.535767045672706832e-01,7.340754051134044944e-02
-2.564773252687539418e-01,-2.326409644070405736e-01,1.067432769963172351e-01,0.000000000000000000e+00,9.731204521258909890e-02,6.209398494106047051e-02,-4.446355830806953541e-02,6.229663575579770241e-01,-1.931062717011132746e-01,2.734923876876000359e-01,-5.040049367261324464e-01,-6.227434576987719156e-02,-3.488577579728483480e-01,1.661525264297910587e-01,-3.970208970063315856e-01,-2.870573077385762950e-02,-1.635815626744178408e-01,-3.339939576482197636e-01,-1.952748644571463410e-01,3.200342077316611997e-03,5.109921394515886534e-02,-2.624672076181895908e-01,2.446591622930882615e-01,4.230907028370733403e-01,1.409078961909131789e-01,2.723370647743852957e-01,-1.323157962012965622e-02,-7.431830636278968782e-02,-2.778580938659652166e-01,-2.851794767148214671e-01,3.367862605746193422e-02,2.574003450225835765e-01,1.951592203549256110e-01,3.247544764199737921e-01,1.052130991230802864e-01,2.325541900789222238e-01,-4.494268701941283792e-03,4.876759556717335034e-03,-3.450353069870107925e-01,-1.622560571283291342e-01,-1.619113684418936328e-01,-4.709867999595892529e-01,-2.063051677193364353e-01,-2.602023349958753617e-01,-2.901604129760387840e-01,-2.775893562880559218e-01,-1.852900186115535586e-01,-1.714519167278577838e-01,-3.146051557689867884e-01,-1.742820739308957312e-01,-2.342185081296050408e-01,-1.337676999286168365e-02,-2.453453391241278980e-01,1.986474891528808018e-01,-4.501097425912939376e-01,-1.788996725171020374e-01,-7.995639956230458922e-02,-1.940495121456922434e-01,-4.370928032321188539e-01,-1.095979952118602135e-01,-2.931958336156401668e-01,1.447602957580854388e-01,5.665728202147081449e-02,-1.757483331990170386e-02,1.653918451985724736e-01,6.465988765399039995e-01,1.410599880446918586e-01,2.716295722958416148e-01,-1.127115193949016769e-01,1.873771397965244001e-01,6.073740178088387134e-03,4.778702417184662460e-02,-1.187722812872252787e-01,-1.536771660950831397e-01,-2.884851378473008432e-01,-2.464986575597876706e-01,-3.112106513090336923e-01,7.103073052709046875e-02,-1.445119156746371980e-01,1.382566417634545630e-01,1.628320727464709072e-01,9.681033556794028938e-02,-4.078359821637090321e-01,-2.241317798792442084e-01,-2.960606784271385128e-01,3.169525874795627307e-01,-2.036995228922156564e-01,-3.396889138387810259e-01,-3.381967567118609463e-01,2.594997715987777398e-01,4.563238974244575030e-01,-2.598894545797283961e-02,3.280193282604868532e-01,2.651305046971721979e-02,1.675266846863128212e-01,2.955227651990174897e-01,-2.025150713086358578e-01,-2.410070457441518960e-02,-1.378970252907459892e-01,-1.372524192439590618e-01,-1.927658166520672400e-01,-5.597117334165515115e-03,-1.427863175852894240e-01,2.089792042725278562e-02,5.466971502618648421e-02,2.905392059099204949e-01,4.351117591875965779e-02,-3.140990175866447687e-01,2.774159181642698035e-01,2.403454578237207429e-02,-1.384606426034887539e-01,-1.628256804315449391e-01,-2.296942519677525607e-01,-4.454217396481723046e-02,3.621210765076014054e-02,-5.210416703068367766e-02
-2.357059495753202061e-01,-1.043274860894960465e-01,3.050024790746141412e-01,9.731204521258909890e-02,0.000000000000000000e+00,6.292256057561252947e-01,-3.105725785449706122e-02,-1.040265572146574780e-01,2.732264886752576727e-01,8.984666559307710743e-02,-3.923591051374877847e-01,-4.348610915890339657e-01,-2.795874581261847402e-01,-1.471961654535471065e-01,1.420917535303081181e-01,4.130045174052839052e-02,-9.694755071904745392e-02,-2.532717865451868458e-03,-1.007431347624694745e-01,-9.070023385510593561e-02,4.756408381826640053e-01,3.955080563796366522e-01,4.451893547663079986e-01,5.912431790288681377e-01,5.762189279079139581e-01,4.886644536711065578e-01,7.046218279992417788e-01,6.879794989342389311e-01,-2.635886475047268251e-01,-2.233884358856875196e-01,5.627275431695093477e-01,7.496574027534335105e-01,4.790778817968489173e-02,1.075032646333153180e-01,4.707068424855459510e-01,1.876281322062599011e-01,4.149011208300323328e-01,3.508200041389040180e-01,2.001910292035477823e-01,2.231337587719711968e-01,3.200269395620010116e-01,-7.176062185735485044e-02,-7.927250918965578208e-02,-1.965612622656967567e-01,-1.917256798042809574e-01,-3.136718832285150804e-01,-8.000755878414150812e-02,6.425892115164887064e-02,-2.258520605169093420e-01,-2.885142516105076993e-01,-1.828054760412860247e-01,-2.273049684101124401e-01,-1.561066160534406444e-01,3.348898304466076115e-02,-4.129739264798522845e-03,4.622789801004616173e-02,-2.276175413497329991e-01,-1.710972891517991146e-01,-4.448288773895444081e-01,-3.261687627931385558e-01,-4.927680179104941272e-01,-4.179926485930439140e-01,-3.347777812017551646e-01,-2.867381518423791631e-01,3.344430829495435575e-01,1.693055694735231820e-01,2.393325270268444327e-01,1.594233118803423110e-01,1.445846930395967289e-01,-5.882154654621431916e-02,1.446777425407065609e-01,2.170317468115842696e-01,-4.653308250964671017e-02,-1.462439555926826062e-01,-4.981973531699435825e-02,-9.838351014384313573e-03,-4.620928335514565971e-02,-7.847984418979186971e-02,4.803981428913431384e-02,-6.781127571475450977e-02,-6.822166551707063882e-03,1.244952620831069334e-01,5.700981449597015971e-02,-5.064093837570443624e-02,1.528690891525861031e-03,-8.636200988437096882e-02,3.827041099369516419e-01,2.620449207692971405e-01,7.424356311993794699e-02,-1.311583455802177167e-01,3.101365722723570251e-01,2.647420401475914509e-01,3.757066767233366855e-01,1.027086923657399287e-01,1.352509555322420898e-01,8.019497497463219660e-02,9.732521451582981653e-02,-7.150793426077424464e-02,-2.371366817702294169e-02,-1.197151379019114475e-01,-7.499888859461158186e-02,-1.792257333830791523e-04,1.836738901502263377e-01,1.493947548627528321e-01,6.631279684848727374e-02,1.125856848371395852e-01,1.133452111434410936e-01,1.992422232300798401e-01,1.611741303981525097e-01,1.615511826044395416e-01,2.197244687080728565e-01,-1.171517652614958438e-01,-1.073225721754702544e-01,-7.690487567491931242e-02,3.253076959722576988e-02,1.145734527124671748e-01
-1.878922061257979614e-01,-1.486740278835097240e-01,-2.428202553324465551e-02,6.209398494106047051e-02,6.292256057561252947e-01,0.000000000000000000e+00,-2.380997191697897530e-01,-1.307676546746343871e-01,2.027926087523284904e-01,6.270547652649104131e-02,-1.690089645377523542e-01,-1.655791066868740335e-01,-2.814673700349811236e-01,3.526063563317821670e-02,7.472667539350921241e-03,-1.070249394784943131e-01,-1.395154650044817257e-01,5.036097368414920589e-02,-3.339220558833298491e-01,-2.500110423127671067e-01,3.003653633844817761e-01,1.158063985530742579e-01,5.323861582223344407e-02,1.538216934287565396e-01,2.578748475173808785e-01,2.758089924525254366e-01,3.009763054507225144e-01,4.751698454928127702e-01,-3.407528959342090435e-02,-2.363631143901785692e-02,4.781704432052933940e-01,6.374351736463067519e-01,2.314647283378432896e-01,4.327292869565319000e-01,3.992396807417953886e-01,3.586217241254639476e-01,1.649948231171881330e-01,1.081596535084528993e-01,1.812249285144948430e-01,7.679016267820719388e-02,2.012180560984722644e-01,-2.317081991974165867e-01,-1.044625847691996318e-01,-1.442480932295247265e-01,7.284868825150679628e-02,4.013551141206201517e-02,-6.032944936305709160e-02,-5.369181923620959876e-03,-1.503155031855807431e-03,-3.317238530922568540e-02,-2.095742975514682249e-01,-1.915231040688421538e-01,-1.026849502589513852e-01,-2.742921764308233184e-03,-2.115817029919614747e-02,-8.101054413907377016e-02,-1.205000905189272387e-01,1.621696627226265966e-02,-1.734715029515241647e-01,3.929383091190544880e-02,-2.454774543100983475e-01,-6.796524418081691110e-02,3.478690185625982201e-02,1.474712714071095832e-01,7.416485296179675668e-02,-9.922155985858362170e-02,2.489463238449514393e-01,3.288533261437724953e-01,-3.237350707870727262e-02,-1.590237538687352264e-02,1.003090950805569925e-01,3.547496193508487689e-02,-7.452091727162742096e-02,-1.331799166082729691e-01,-9.696439217061739169e-02,-2.203277364244298278e-02,-7.743148660327350830e-02,-9.102820079110364448e-02,-1.346850029001652738e-01,-1.024923137004992990e-01,1.141220875312495692e-01,2.375459433132688092e-01,1.302771549745235513e-01,2.218552854490556392e-01,8.260424351978229440e-02,2.017355388634004543e-01,1.760813950711464237e-01,3.535197933668128845e-01,5.091255459178525150e-02,-1.170159460396015677e-01,2.662620886806769671e-01,-9.365653776206904479e-02,2.336914319014032904e-01,-1.856397416285764379e-01,-5.403179115786147652e-02,-4.210604922326894456e-02,-2.546861338750069578e-02,-1.930223062852346461e-01,1.598052925722526774e-01,-2.472650991373309404e-01,9.024933126816986340e-02,-7.838282252353930002e-02,5.754673520891304128e-02,-5.199842346925253808e-03,-4.271889469452967020e-02,-7.903015440886693166e-02,-1.044867273639389291e-02,-4.078506431067138727e-02,1.464772688565090797e-01,1.093638402401414939e-01,4.869527515511021948e-02,-9.743151579418848907e-02,1.125686699651334138e-01,-2.767602971141036039e-01,-2.510564636791104975e-01,-6.601084443442929717e-02
4.160890777054140899e-01,-1.145685136815368516e-01,5.745280620671842087e-01,-4.446355830806953541e-02,-3.105725785449706122e-02,-2.380997191697897530e-01,0.000000000000000000e+00,2.046339689422149166e-01,4.692435019154677645e-01,1.466873733110314049e-01,4.412241484542013814e-01,-1.672517238936623851e-01,5.798307911378079993e-01,-2.545832733109638646e-01,4.503839805733897417e-01,-4.876885542719626432e-02,2.840461894502325016e-02,-5.448991921811108946e-02,5.193622332429586042e-01,4.285322026866990042e-01,1.364144504662990727e-03,-3.228784321946146646e-02,4.161758076900491377e-01,7.479568017525908830e-02,2.530742830640286822e-02,-1.698073293713491527e-01,7.394653187322357268e-02,-2.639413793739040295e-02,1.911365446608108420e-01,-9.237490077451430970e-02,1.545402543803151563e-01,2.839104011820273166e-02,4.786915155802432681e-02,-8.524468814617623680e-02,-3.174719388281867227e-02,-2.672185886010753353e-01,1.808448237611761100e-01,7.643764189183757662e-02,8.224741689143408307e-02,-1.194948791897900396e-02,1.551552035319636591e-01,-4.745039505550971252e-03,-3.945801977832755214e-01,-3.600552924386529741e-01,-5.723629367867253404e-01,-5.182484480101803292e-01,-4.003917301368479231e-01,-3.802295069011245587e-01,-5.556903002360469301e-01,-4.331717782053713384e-01,-2.693930168809494652e-01,-6.670433962618458335e-01,-1.003464305151181013e-01,-2.584566063055943053e-01,-3.037958333754825491e-01,-4.659001794798448559e-01,1.115269616679389481e-01,-3.852643258283868031e-03,-2.154597493826158339e-01,-5.465754885919218431e-01,4.648331002829462211e-01,-2.820808699389996121e-01,8.217794828079013833e-03,-3.836882472633298402e-01,3.411379813807417505e-01,-1.814454017345637146e-02,1.326922374206298411e-02,-4.071771976117624092e-01,1.962335118379087140e-01,-8.496550177380167435e-02,1.285562248950864461e-01,3.173010148749468851e-01,-3.059918837530255578e-02,-1.050012069812263221e-01,1.623809081805003551e-01,-6.316776693810240151e-02,4.155491443583652078e-01,1.325495453737512430e-01,2.160395897999749237e-01,2.071329274231017148e-01,6.873394804158267091e-02,-2.128622295548701290e-02,2.401097208838989111e-02,-2.179494491422779567e-01,1.753835968352621469e-02,-5.013370008434864245e-01,-1.048969230840944011e-01,-2.643069582794370098e-01,2.502572924846347968e-01,-2.022221925751780669e-01,-8.766602548826205044e-03,3.961219950488606978e-01,7.589711229575252238e-02,5.572052277483137139e-01,1.706921786832595045e-01,-2.427081076483580610e-02,1.890044285312711056e-02,4.823721375731065270e-02,7.561562485629895469e-02,5.223723922857180790e-01,-1.977981114303749011e-01,3.267830509076384560e-02,4.894440921696727870e-02,-2.576624342383740038e-02,-1.060374673592689582e-01,6.972123542360403325e-02,-1.213009704674715139e-01,-6.260909839982221892e-02,-1.838597152219478281e-01,-2.331558646278615865e-01,3.227077105918499944e-01,3.999345176208874419e-01,6.870242424371383883e-02,2.561229624296266216e-01,1.568933118373872782e-01,-1.730832608377526685e-02
-1.444315431911529224e-01,-2.696541123201756096e-01,-1.687116736954422380e-01,6.229663575579770241e-01,-1.040265572146574780e-01,-1.307676546746343871e-01,2.046339689422149166e-01,0.000000000000000000e+00,9.511059157703781464e-02,5.516204299943174849e-01,-2.010089925536754363e-01,2.253066010052559298e-01,-1.824661288361061756e-02,2.213075558296874190e-01,-9.919181512128276423e-02,2.265851184762987247e-01,-1.325007026391920306e-01,-3.312840892717532348e-01,-2.613477071817366104e-02,9.935032100327823024e-02,-1.619080947414697769e-01,-3.362956125143115038e-01,2.610868367792387387e-02,3.733488072793191698e-02,-1.622536533902100564e-01,1.515957276572409487e-02,-1.148988960484635113e-01,-1.743750421475012136e-01,-5.870617158105648214e-02,-1.120186696393232068e-01,-1.702936299850044966e-01,-6.554017113051160970e-02,-2.508913079733480767e-01,5.722064844148732482e-02,-2.939375186676719265e-01,-1.467729162942282839e-01,-1.352724987947103163e-01,-1.740532327525465273e-01,-4.023952232565384257e-01,-2.565542529700339247e-01,-3.143957891116000436e-01,-2.760367169073393856e-01,-2.169079146593776430e-01,-1.332791931607199831e-01,-3.052562268356132646e-01,-2.056988688801529852e-01,-1.796983323782309905e-01,-3.338491362398016693e-01,-2.890539061420274725e-01,-9.190595138614999007e-03,-1.954354611273977360e-01,-8.556371299596708668e-02,-3.554015278756905705e-02,1.042597073424517684e-01,-3.162310937835255409e-01,-3.283581385545616405e-01,-1.497748039628086503e-01,-1.235394607427471453e-01,-2.671787739110205173e-01,-2.120308122407451590e-01,2.406719093352441274e-01,4.267177053417288701e-01,5.442864098162270015e-02,-7.601542770544386651e-02,-1.709128665382795773e-02,5.003213701943524105e-01,-3.304828396387936018e-01,-2.188968580187157786e-01,-2.232273075810697061e-01,1.227750494004894478e-02,-1.697077286279926808e-02,-5.032962115763717909e-02,-1.955584616066581571e-01,-1.821596478938601882e-01,-1.773892518078668823e-01,-3.437467976019071281e-01,-3.093141809111722984e-01,-7.085847573161319080e-02,4.364548447529606467e-02,1.603117863465673421e-01,2.529954015406833401e-01,1.440616933407137534e-01,-2.412461863857412736e-01,-2.084637329456231203e-01,-2.256346070220109634e-01,8.501551055976867832e-02,-3.543664961283771730e-01,-3.860611864946341676e-01,-9.119848199350238938e-02,2.660360656024796655e-01,3.040664069626938804e-01,-7.631034390010354995e-02,2.736567836258148589e-01,8.915479534873638201e-02,3.112586239305606059e-02,1.563422367467372787e-01,-1.627414528418828499e-01,-1.131270997613605250e-01,1.267708357978496458e-01,9.456099283397646771e-02,-1.367486826000147704e-01,1.960575593229916744e-02,-8.870418320154958847e-02,-1.091938732838412668e-01,1.248362157006070450e-01,1.583529657433293270e-01,-1.205069305258586873e-03,-3.653956359037324741e-01,7.548048186496344319e-03,-2.166750327326110726e-01,-3.086674150949949430e-02,1.810032559489009873e-01,7.468784076306961631e-03,2.891867892816732954e-01,1.419638969324041045e-01,-2.827559629256653009e-02
1.529126694042829415e-01,-6.417926839937762584e-02,1.554712008483813412e-01,-1.931062717011132746e-01,2.732264886752576727e-01,2.027926087523284904e-01,4.692435019154677645e-01,9.511059157703781464e-02,0.000000000000000000e+00,1.790116106182405020e-01,3.028999004933509154e-01,-2.828230683778950455e-02,3.239434998418096456e-01,-8.590541337133875133e-02,5.894778776756237626e-01,1.499197064886318431e-01,8.316688987923459564e-02,4.595751182496370102e-02,1.609825863715650118e-01,2.352637198019486287e-01,1.950517782209003625e-01,2.728095308983219947e-01,1.123254689612724483e-01,3.505077244869782283e-02,3.606450348526646366e-02,-5.816237474347960013e-02,2.016112090239809695e-01,3.313733909964762248e-01,1.302631064516821258e-01,5.413368696147478204e-02,2.669166734916119110e-01,1.833997798260312839e-01,-9.647223670070328994e-02,-4.392152757123582441e-02,2.787123313448085574e-02,-1.441874737588435262e-01,9.174378823985641918e-02,-3.553886905294133258e-02,1.590967596878405110e-01,-3.663450545911377254e-02,1.643928128261956945e-01,-2.246962911476116723e-03,-4.345869140856067347e-01,-4.329571872313692227e-01,-4.155999321070769636e-01,-3.942311418048146110e-01,-4.521352385100943505e-01,-3.864834415111452759e-01,-2.561858850913786290e-01,-3.575322458664385028e-01,-2.343005868963355942e-01,-4.489537508712870273e-01,6.304813222898296432e-02,-2.024919194116533150e-01,-5.907077388137249065e-03,-2.839522603204442386e-01,7.898623053224414214e-02,1.470050365705060369e-01,-1.089709206324614571e-01,-3.811937473466002757e-01,2.962292042990238849e-01,-1.908882988902650124e-01,-5.453870282026383048e-02,-1.264002677704739730e-01,6.934825948196224332e-02,-1.757732227363079658e-01,-2.400400609370108573e-01,-2.817451767555040898e-01,9.821567722321947191e-02,-8.973122593435843564e-02,1.988513502332797667e-01,1.476145152457452869e-01,-1.210440727264497918e-01,-4.658510977323550989e-02,1.830808372113522653e-01,4.107777885362797615e-02,3.509812552444449008e-01,1.906306023495402124e-01,1.807089607945412679e-01,-2.235544502176393944e-01,8.840296316004520039e-02,7.295817013415337171e-02,2.304797172049715126e-01,-1.156215079699434919e-02,1.553302257055624580e-01,-2.642021750483757869e-01,1.533033659618728561e-01,8.027994844767237514e-02,3.405944047658384655e-01,-2.324233990188810106e-01,-5.154651263692899832e-02,2.999104536588453329e-01,-3.009697712792809218e-02,1.579772770147269689e-01,-2.510556082899709218e-01,-1.675446538500092453e-01,9.458421891423053618e-02,-2.849140986284614541e-01,3.294453523785423332e-01,1.942514281620764116e-01,6.371923617180269561e-02,-1.448570035676505219e-01,3.469517129753193485e-01,-2.586851513794380941e-01,2.664179653558801375e-02,-1.702625342273265951e-01,5.718159880795935929e-02,1.247314149321706034e-01,-1.505826851131471245e-01,7.487070579158937311e-02,1.790812803847794676e-01,1.634965808401679099e-01,6.620742561479940613e-02,5.823865254572733324e-02,-1.488375236574042935e-02,9.886992826771013460e-03
-1.381049647963904503e-01,-3.247925357988413197e-01,2.574358905096378949e-02,2.734923876876000359e-01,8.984666559307710743e-02,6.270547652649104131e-02,1.466873733110314049e-01,5.516204299943174849e-01,1.790116106182405020e-01,0.000000000000000000e+00,-2.869151126786232894e-02,-1.357497626034807892e-01,8.551288601022803693e-02,2.165087863765164863e-02,1.414495486454358034e-02,4.161039704542809359e-01,-1.325514410418526245e-01,-4.067618441155014808e-01,-1.237443397937646183e-01,-1.717125298506454179e-01,6.838339261568486538e-02,-5.887315089471666096e-02,2.550118783447047344e-01,2.519326874351956458e-01,2.226745332146156664e-01,3.022160892319734615e-01,1.575564100731787764e-01,1.054212752974117429e-01,-1.158533882127998071e-01,-4.720649208593244994e-01,3.607746637963994349e-03,1.260232808638289403e-01,-2.983249160437161929e-01,-7.443847420632393463e-02,1.354721260783044723e-01,1.600600128070513717e-01,2.232421376506396049e-01,2.601589002959721619e-01,1.614430460689351282e-02,1.244111725705770027e-01,1.611318234180161291e-01,-2.421759341356042872e-01,-3.472027073907130723e-01,-2.466823082182997839e-01,-3.367169347219626796e-01,-3.450948867195397507e-01,-2.743190751474997580e-01,-2.783070138766737811e-01,-4.497035106036482710e-01,-9.720297324970053610e-02,-2.044793106150765150e-01,-9.056331029579360592e-02,-3.146059151228993156e-01,1.551873593803977103e-01,-4.221343050227536198e-01,-9.208799095750307140e-02,-1.789921372407776712e-01,-1.688797914099328390e-01,-5.299440756765071425e-01,-2.568481307377192824e-01,9.989571104720119943e-02,4.246573429307898967e-02,-2.583446055621209658e-01,-3.626986073966017021e-01,1.992267232794155130e-02,3.959591832097299480e-01,-8.531152114345695592e-02,-1.254926716367019690e-01,-2.011183043981526197e-01,-1.026234512043392721e-01,-1.279164097650655196e-01,2.533728088297477754e-01,-1.659588119570060694e-01,-3.385016788487206219e-01,-2.814905083731782387e-01,-2.959083601021061938e-02,-2.361220253632634325e-01,-1.874182802136128284e-02,-3.466701754829641380e-01,1.059738908253521350e-01,-2.533715635156967849e-01,4.892151421826246988e-02,-2.774754230777116693e-01,2.005993210733041099e-02,-4.659625314400427931e-01,3.885729654308110737e-02,-1.070628964489925700e-01,2.732293388360777509e-01,1.477396748288585179e-02,6.050166942566577166e-01,4.325010649730350876e-01,1.269352441600733565e-02,4.667287689615656210e-01,2.912770416295014653e-01,2.710168272607201279e-01,1.247332201482280883e-01,-2.889625430872084788e-01,7.451793320875559068e-02,7.001431811142383443e-02,2.679374760913005304e-01,-4.627207140421751852e-01,2.603122191706231936e-01,-1.273900652513332843e-01,1.890706945451631482e-01,5.089552769322420317e-02,3.709793342745065226e-01,-2.536587167886459881e-01,-1.054625712259775194e-01,1.768349395616753417e-01,-1.833430082150201146e-01,2.687562593950105772e-01,2.484041041202960376e-01,1.038604566435551678e-02,1.947004539003414914e-01,-5.115037127366726249e-02,-2.571780055910005136e-01
6.321351498766677457e-01,1.961631694322873709e-01,1.269182240596347100e-01,-5.040049367261324464e-01,-3.923591051374877847e-01,-1.690089645377523542e-01,4.412241484542013814e-01,-2.010089925536754363e-01,3.028999004933509154e-01,-2.869151126786232894e-02,0.000000000000000000e+00,1.987248406715089177e-01,7.278046912722755390e-01,6.103256741634427440e-02,4.798940111663680397e-01,2.040856324302835201e-01,5.146535490437036120e-02,2.382026072818359957e-02,4.807753610034539160e-01,4.186912574756910810e-01,-2.814918773806424079e-01,-9.182507073051934809e-02,-2.654443536450533103e-01,-4.808172364293379908e-01,-4.372534046145675757e-01,-5.475426062407254824e-01,-3.338867033865599021e-01,-2.917590944552867493e-01,3.433220064837625429e-01,1.389703967016219788e-01,-3.222554928798622154e-01,-4.347051413560159006e-01,-5.971660219366659028e-02,-1.940320872955720310e-01,-3.095734492107545810e-01,-3.199294713099746224e-01,-2.662625536260847525e-01,-3.233437423943568145e-01,2.129110648356683233e-01,-1.857303917403105298e-01,-8.257200231983669036e-02,1.672666492195044041e-01,-1.726929678376648847e-01,-7.529663857718053854e-02,-1.036882218131162658e-01,-2.228580513334429622e-02,-2.700542133473084472e-01,-3.391047373414078914e-01,-7.264603669843536227e-02,-1.058579127142783571e-01,-7.446515355915341028e-02,-3.718083098980484724e-01,1.311206991360751306e-01,-3.202726539528166216e-01,5.150814467607199576e-02,-2.497356159443910595e-01,2.845277937709592697e-01,2.760685500048873364e-01,3.248877008504096886e-01,-4.179563878173459673e-02,5.959580426251296359e-01,3.702330277981445011e-02,2.490188886828799131e-01,2.765945580046718852e-02,4.149508797887032502e-02,-4.913422326198101930e-01,-2.214321209001250401e-01,-4.220369577637579916e-01,1.389767082565501743e-01,4.682341604173755750e-02,-5.809599452029881594e-02,1.402660819562372985e-01,1.020849124537870911e-01,2.953466425325065869e-02,3.260277764479916351e-01,1.197219418224737264e-01,2.685641204426075790e-01,-1.103951580462534526e-01,3.778067405441172533e-02,-6.940408685341305228e-02,-2.133019091139387036e-01,-2.217802290319660641e-01,1.211053073200882846e-01,1.338085919771297427e-01,2.963961288169719710e-01,-1.795057853895699607e-01,9.698845581188857146e-02,4.119632267902236661e-02,3.633477318564809488e-01,-1.607259131165462429e-01,-2.791926289006005368e-01,8.920405402905795533e-02,-3.328747939140433432e-01,2.537079786313578000e-01,-1.166949506925399754e-01,-2.520173733597283472e-01,1.594763442457140246e-01,2.496957494151457249e-02,1.543109568274755317e-01,3.741915225858253868e-01,1.215667228411186490e-01,8.267522801146304223e-02,-3.565323191152418997e-02,-2.511713602039977733e-01,-2.237513301256146003e-01,-2.739283955456743302e-01,-1.816043546195002523e-01,-8.863645417142762897e-03,-3.783930279418789011e-01,-1.653464483030866183e-01,1.818251680130837395e-03,3.039494788485992416e-01,2.537240166339284064e-01,1.048944728665526620e-02,-1.820816387634528466e-01,5.657545454553054159e-02
-4.985840656382188596e-02,4.324865981736725762e-01,-5.675682258866530105e-01,-6.227434576987719156e-02,-4.348610915890339657e-01,-1.655791066868740335e-01,-1.672517238936623851e-01,2.253066010052559298e-01,-2.828230683778950455e-02,-1.357497626034807892e-01,1.987248406715089177e-01,0.000000000000000000e+00,1.069486842685889727e-01,6.928898584844946917e-01,-7.279593158577518652e-02,1.705271100034073672e-01,3.819811845056165778e-01,4.117918113365539035e-01,-1.137469070910199637e-01,1.141575054385458449e-01,-4.118733230450060123e-01,-4.284148424177890435e-01,-6.392105068450176786e-01,-4.801871494996737266e-01,-6.356777203855158431e-01,-4.964736841164479886e-01,-5.552228249040324082e-01,-3.890550805024511338e-01,4.653546920367753748e-01,6.073056510869709879e-01,-2.877368165669942912e-01,-3.567225051361464505e-01,6.033392459593336227e-02,1.199707679116347597e-01,-6.084500441455737985e-01,-3.769645104902195620e-01,-5.910439759987003994e-01,-6.163258499710250193e-01,-4.135509514702560008e-01,-4.005166053039309060e-01,-3.144613471880846611e-01,-2.235905051820607711e-02,1.718523636586816172e-02,6.808504759910254112e-02,1.755386411622480713e-01,3.338162880355448614e-01,3.428728540867324870e-02,-2.038602662986978009e-01,2.966047498250430903e-01,2.754345403054056507e-01,1.004734338357681084e-01,8.508311611236182848e-02,1.309783556655949033e-01,-1.120049965839887973e-01,2.333567362962799541e-01,-1.484758451235308196e-01,2.556756428695390881e-01,4.694936665783471241e-01,4.659794746641334751e-01,3.677229428287123736e-01,3.947317860236165266e-01,5.435948909413393926e-01,7.045189880122216808e-01,7.309934791772713103e-01,-4.429230262763031445e-01,-4.270973873554351208e-01,-4.130464337522053997e-01,-1.803260887224103215e-01,-2.580906748744464796e-01,7.870729055917297101e-02,1.285923718148737974e-02,-1.913443676715602393e-01,1.000527184595310787e-01,2.883910187413453174e-01,-2.667958443015890427e-02,1.687420533714513449e-02,-1.201779932056046621e-02,9.705592528849138478e-02,1.228206591968865752e-01,1.436237964095150033e-01,4.052236903432033244e-01,3.510524406955876087e-01,7.626660924740859271e-02,1.243623632933606032e-01,1.766692221890819037e-01,4.168493733747865582e-01,-2.839194282156099480e-01,-2.522061812923875879e-01,-3.741885607104943751e-02,-6.515689627960503938e-02,-3.323000324230380720e-01,-3.939887109890785610e-01,-4.089226313673018365e-01,-4.369334093573769562e-01,-4.359240000065533471e-01,-2.168843826901589722e-01,-5.111742140698175008e-02,-1.227617818262304733e-01,3.421232699918330677e-01,-1.448288946572506841e-01,4.435424290267005465e-01,-1.516742907430445597e-01,2.815041908255334902e-02,-3.020133940164062558e-01,-3.810437657550792140e-02,-3.110935423116395482e-01,-1.147028740565751714e-01,-2.664921164075328419e-01,-2.725477724301101912e-01,-3.909756629805044396e-03,-3.005491462427148375e-01,-1.764322036940984412e-02,9.112227538518787029e-02,2.503580256292377640e-02,-1.450491253110077206e-01,5.760056718309652588e-03
5.835609016919052205e-01,1.642435744432240163e-01,3.398895021914588033e-01,-3.488577579728483480e-01,-2.795874581261847402e-01,-2.814673700349811236e-01,5.798307911378079993e-01,-1.824661288361061756e-02,3.239434998418096456e-01,8.551288601022803693e-02,7.278046912722755390e-01,1.069486842685889727e-01,0.000000000000000000e+00,9.756910717955731560e-02,5.657407034891829278e-01,1.641834576432300019e-01,-1.092102661667278679e-01,-1.033477194514482445e-01,6.673199610346846056e-01,4.701987610245221827e-01,-6.821318154465658146e-02,-1.196958888012081140e-01,1.021707462160744151e-01,-2.571955668464848133e-01,-2.116643510510482495e-01,-4.757834400881574832e-01,-4.322228575875904089e-02,-1.065245908662636187e-01,1.321302372011800008e-01,-1.137647392529289869e-01,-2.374003018148082012e-01,-3.664386046556424303e-01,-2.543680096941455249e-01,-3.590567529288159476e-01,-2.590182519997282773e-01,-4.081754373235678690e-01,-8.647533215404407114e-02,-1.990697266281287181e-01,3.000950267617796471e-02,-1.457241917319047619e-01,1.192073496200830307e-01,6.706587593084979530e-03,-2.031513098012626140e-01,-1.891919753353146494e-01,-3.246202465311933127e-01,-3.491262431929154086e-01,-2.414443466904962754e-01,-2.407988365690968413e-01,-2.335503659192053050e-01,-2.700001140800294408e-01,4.469807316021147392e-02,-3.287699603372118973e-01,2.684149823080099750e-01,1.520041667316890562e-02,-2.344244898552601958e-02,-1.551169740175131206e-01,1.154288670594037641e-01,7.707710819556153059e-02,1.509580130557995614e-01,-3.325985231129879316e-01,6.228879723000391166e-01,-1.644182680677678254e-01,2.617305827992409337e-02,-2.303968987873937779e-01,1.459532080274237587e-01,-3.326943921240116397e-01,-3.161487770655350138e-01,-6.017977503626402713e-01,2.085937941613813240e-01,8.630020438091000334e-02,1.914790795452178396e-01,2.187785082449476004e-01,2.436518531036396540e-01,1.017287996715144083e-01,2.645647221023256779e-01,1.321982239651187940e-01,3.209434778594486004e-01,-9.556618481433738765e-02,9.323524863099033611e-02,-3.052728229376948377e-02,-1.365224243583083030e-01,-1.843211292206099194e-01,2.288749616914713056e-02,-1.853226459140810689e-01,2.711642887539284508e-01,-2.587696373214983248e-01,-1.792884566661347157e-02,-1.489019780951993943e-01,3.073768946041725014e-01,-9.362850894423793702e-02,-1.008383222603064788e-01,2.378604810401990788e-01,-9.547318742962127014e-02,4.179036882991614688e-01,-1.562811032690742188e-02,-9.248778307839447543e-02,1.080253187440431140e-01,-4.030287882219584644e-02,8.346092444884714578e-02,4.203655621046930024e-01,7.051626837807854417e-03,4.563733111425818251e-02,-2.315903642681370334e-02,-2.138284535885054405e-01,-7.131008243686860759e-02,-8.796587729515566167e-02,1.271414850564523205e-02,-4.491625262081022640e-02,-2.059126028535013253e-01,-1.013147218781247777e-01,5.027060920821208208e-03,2.036874406526542891e-01,2.313055772258160725e-01,1.498438841635897356e-01,-1.655267792863536480e-02,8.815650742499107906e-02
