0.000000000000000000e+00,4.942163196597181840e-01,1.251365405595791513e-01,1.096076515562043330e-01,-2.944952085927768914e-01,1.828781903645089468e-01,-5.433536199959679291e-02,-1.146317493225613576e-01,1.294937423451245351e-01,3.121735547381581655e-01,2.819170508376708795e-01,-9.231052908062804818e-02,-1.306894720500343665e-01,-4.565021460486995974e-01,-6.384794659397607930e-02,1.306666035408190207e-01,3.811966558531941773e-01,1.746773338781442142e-01,5.746450760128296587e-01,6.177129764156631397e-01,-4.300040760286184816e-02,-1.356869413290276161e-01,2.291417449894797911e-02,-5.629957520101386281e-02,-2.550198800397129872e-01,-2.313024717432457522e-01,-2.610093011432296217e-01,-2.378136363167528966e-01,1.298191981184629307e-01,-2.767036207086714938e-01,2.191532599020449001e-01,1.226447503697606356e-01,6.934024074939107996e-01,5.794540244573921361e-01,4.413776953602913111e-01,3.045573626807663858e-01,3.542207432306118675e-01,6.225433259310744066e-02,-2.115615478881653078e-01,1.847097878930271386e-01,2.668009489778022103e-01,-3.669744846098959568e-01,-2.911243901267930312e-01,-2.166216584448467930e-01,1.237370784090332382e-01,3.530868093090977489e-01,-1.881106673193227441e-01,-4.717353668605354239e-02,1.072613958489928854e-01,1.943418026740146298e-01,-1.712861156807458929e-01,-6.246352500905561628e-02,-4.170591951985572199e-01,-2.697031117857238147e-01,-9.656369791533944702e-02,2.586652900398604960e-01,9.114984903623115642e-01,6.678240626867314456e-01,5.791601660634972948e-01,5.521654881633458745e-01,6.534084614630931709e-01,4.332597858295391680e-01,6.009289321064387179e-01,4.788249972885340600e-01,4.908739372381926147e-01,4.736088467092426368e-01,6.067181331326627625e-01,6.183010793541569017e-01,7.187069719500034370e-01,7.234202130828828459e-01,3.096867194014527591e-01,2.485310419972866502e-01,4.988438065621303985e-01,4.222749749996175805e-01,7.764831118436555518e-03,-3.684871261070304244e-02,2.871090724305595532e-01,4.769748273207458644e-01,1.481272859142577364e-02,1.422482874122533991e-01,1.830841642557878568e-01,3.218465743126312506e-01,-1.112867175251497226e-01,-2.554559004113047260e-01,2.852846762000698158e-02,4.646713942352125870e-01,-1.378714771733903777e-01,-1.141796416147109194e-01,-3.007060256534480613e-01,9.242629673315529149e-02,-4.739368804178310524e-01,-2.697100395490576452e-01,-4.109881443343302854e-01,-2.928350765987908222e-01,-8.482190332083616724e-02,-8.128315974044317271e-02,1.001339705247164813e-01,1.357983401877200236e-01,2.247619907924074401e-01,4.769217148100064751e-02,6.212049246241883871e-02,-2.146889887637979180e-02,2.876099070388618006e-01,4.198119886549936952e-01,-8.163147647032890919e-02,1.713446660102191377e-01,-9.413873166386657609e-02,2.657286312481433876e-01,-6.660528339705993131e-03,-9.834889843615235439e-02,3.898998839800516328e-03,-6.331899364810323651e-03,5.393930333162241103e-02,9.131135641221900523e-02,-1.433954597282505183e-01,9.991559785478586198e-02
4.942163196597181840e-01,0.000000000000000000e+00,-1.611660656906237776e-01,1.940533079929311067e-01,-5.309928480273207185e-01,4.580813880510010289e-02,-3.016683675686001598e-01,4.026336784396291613e-01,-2.513445164228093054e-01,-2.065143120384912434e-01,1.052144974200483335e-01,2.879819127238469889e-01,-1.103039606687409857e-01,-7.959623966981821397e-02,-1.836362987365038058e-01,-3.295981082126414052e-01,2.231142979334814480e-01,6.810496874634662801e-01,3.726602326426363132e-01,7.108035492392300592e-01,-1.513838954430069828e-01,1.024539536022974345e-01,-1.858118424791846690e-01,-1.189979596666332490e-01,-2.989695295887641602e-01,-4.753808240016996201e-01,-2.355689073274150336e-01,-2.291421937916647555e-01,-6.753467478186876705e-02,1.643582216441835664e-01,-4.851521345170397431e-02,-4.601118936501889800e-02,5.147012422428118850e-01,6.769198797266763323e-01,3.479196493244141042e-01,2.732581799192221328e-01,-1.582108467662415169e-02,3.924805120479185616e-01,9.872359584720714898e-02,2.447230716375002335e-01,1.595812308914534849e-02,3.084461521394609579e-02,-2.712910141402838926e-01,-1.337922040668334533e-01,-9.911843513035818731e-02,3.267914623504600963e-02,6.983537383818570754e-02,2.064368525573073362e-02,-2.295001202857619715e-01,-8.189292694364477820e-02,-1.172508607715006396e-01,-5.771182163045322777e-02,4.908715584568279500e-02,-2.849114099901304265e-01,1.809791514362066311e-01,-1.157586773353762657e-02,5.780056623891693945e-01,8.486327551880606945e-01,1.439345662024711821e-02,3.891075229883295128e-01,3.203290409696893382e-01,6.072104823725277267e-01,3.671916078745948719e-01,7.624518108050962750e-01,1.478845889898411370e-01,5.242008839322847003e-01,3.560274024889917288e-01,3.120771202838381608e-01,4.705601891508301438e-01,4.090716247792757221e-01,3.095391148395180148e-01,-1.936922983498970408e-01,1.962916516168278780e-01,5.367047191591697297e-01,2.067609898971879967e-01,-1.063074824827720810e-01,2.969692317157334172e-01,2.890347777939249463e-01,4.488246341477536983e-01,8.843998037663306985e-03,6.036244122691152292e-01,6.391425381689679330e-01,-1.400465901057532381e-01,-3.202812777355234508e-01,5.261470075637504351e-01,1.721500368570436090e-02,-1.068395881396634745e-01,-4.809013841294513258e-01,2.727194184138752031e-01,-5.477438782837196207e-01,-1.895397616603999302e-01,-4.240693376655482183e-01,-6.748236385582406793e-02,-3.701114072693595380e-01,-9.548394061790692333e-03,7.478235851550984851e-03,7.503975793563841257e-02,-2.340937731605116992e-02,-6.244933820325644647e-02,-1.157682265516013637e-01,3.231960102056457007e-01,-3.319744127669377876e-01,2.170100950388633432e-01,-7.483198492573737981e-02,3.235108835133515548e-01,-2.862421700553499301e-02,2.707925578977508629e-01,-3.125066238083953341e-01,5.462517074406631618e-02,8.337937274048343173e-02,4.554471192796145235e-02,-1.427653199620288471e-01,-7.557185538688079851e-02,3.342329160493245355e-01,1.338665898665998000e-01,-8.228354039410298165e-03
1.251365405595791513e-01,-1.611660656906237776e-01,0.000000000000000000e+00,6.688620635934214853e-01,4.504340745842204119e-01,3.431554625847976214e-01,7.578543982634031728e-01,2.686977396835831811e-01,9.246101616160047609e-02,2.360887965250707821e-01,1.202258492096315579e-01,3.630187409820538891e-01,5.643450274339965045e-01,3.651656326702927280e-01,3.775476970161062984e-01,4.432598204705633371e-01,-1.015598393803103239e-01,-1.945612657624744835e-01,1.803756489332723756e-01,-7.956582945811849217e-02,-6.861023915841284182e-02,-1.593736023981837391e-01,7.888478637790079517e-01,8.174478714154111980e-01,3.358425910392477398e-01,4.011145979848012022e-01,5.954687550494020681e-02,7.746873678335602573e-03,2.021994092310253066e-02,-7.217416307872628889e-02,7.593081385561577523e-01,7.549721407706695420e-01,1.251854251735356194e-01,6.052921836054016985e-02,-2.022754810008544069e-01,-2.112709058906840076e-01,-1.399981334327712879e-01,-2.667955071617529872e-01,-5.083595711969429720e-01,-4.715024595789110706e-01,-1.492972453883175676e-01,-1.527895047653009541e-01,-7.849101363311129786e-02,-2.414940600211173127e-01,5.107137300330309992e-01,3.668767707709273962e-01,-5.278547960531102534e-01,-3.298078976872960144e-01,5.181606162196399357e-01,4.292890024302022378e-01,1.359934453521864373e-01,4.509105658403818329e-02,-3.750918821361683420e-01,-1.296995032196723852e-01,-5.233020153152692089e-01,-1.179850231452796022e-01,-9.940398642040618182e-03,-2.137585806705235569e-01,5.282931973725945030e-01,1.550106012871510508e-01,1.319925635703748934e-01,-1.378782988366140383e-01,-1.779525470248770891e-01,-2.960241722105645401e-01,1.671261767311624236e-01,1.253477541491961611e-01,8.180268969611081964e-02,1.611819127394322204e-01,1.548327044206730847e-02,-4.778694818814627210e-02,1.933261513709388230e-02,3.532639703560443434e-01,9.418234304078065833e-03,-1.404358798526463871e-02,-5.039330633508212060e-02,1.547730709354000755e-01,-1.951372525784451917e-01,-3.031645651964187671e-02,-5.770569178035215296e-01,-1.507588399438124505e-01,-5.935851247179849688e-01,-2.326184919692482755e-01,2.941881850488897721e-01,2.872048970388804690e-01,-4.807077160013727979e-01,-1.159815745103683765e-01,3.307961428507761314e-01,4.812415845775158685e-01,-5.588599930817687023e-01,1.596544528386817097e-01,1.037883352632701234e-01,7.121965810726843538e-02,-2.842442433698446069e-01,-9.716786353174675095e-02,-3.402594632157783239e-01,-4.373970674962862071e-01,-4.077036635641733686e-01,-1.872823133560543030e-01,-1.404249653160871414e-01,-2.481906583140691402e-01,-3.682545261467448094e-01,-1.798699147808263954e-01,-6.923094534339491180e-02,2.269829549804958380e-01,-5.746241410596624188e-01,-4.872348924770481850e-03,-1.201058817956155850e-01,3.612024421415435116e-01,-1.586277038290324626e-01,-9.138234772960386609e-02,-4.924630020279425202e-01,-9.788826503195993678e-02,-2.560200766888811041e-01,-5.938130505278806925e-01,-5.145007582657149525e-01,-1.239254367265403556e-01
1.096076515562043330e-01,1.940533079929311067e-01,6.688620635934214853e-01,0.000000000000000000e+00,2.275031972470902830e-01,-5.727140002168738635e-03,6.572196538837883351e-01,7.125380547045636614e-01,-2.613514368189769899e-01,-1.789405238693423661e-01,3.598841636559478308e-01,5.753009148080129309e-01,4.840580052484618201e-01,4.200238666486645900e-01,1.425739382552599667e-02,-9.144964703928572247e-02,4.444951281857544012e-02,1.569918377269476084e-01,4.889780149894482064e-01,3.252050133602719106e-01,-2.484787040672233605e-01,-1.446622899648811189e-01,7.953933041011661542e-01,7.955628066208526583e-01,2.604027963543446567e-01,8.522377806681376289e-02,-3.834215258306539892e-02,-8.468652647215654805e-02,-1.451468324932342693e-02,-7.253602682922298192e-03,3.794355821171583321e-01,5.864365600389039868e-01,4.052699045806468781e-01,3.852803868573408397e-01,5.303038472946263251e-03,-8.078981528147415048e-02,-2.549505522053663875e-01,-6.128907192671104176e-02,-1.846612897556756672e-01,-3.004695543912897504e-01,-1.051379491543873168e-01,-1.045341749498745337e-01,-8.527306159677813802e-02,-1.165570892138934195e-01,-4.422470889430958618e-02,-2.499534736650551193e-04,-3.296278562629819664e-01,-2.283892272091145037e-01,-1.397839508890562354e-01,-7.952256875604549191e-02,-1.555264983633651843e-01,-1.145735896559217648e-01,-3.374898959060395054e-01,4.929492248202327342e-02,-4.771017614000707674e-01,-9.015530716077181650e-02,1.974264692310758601e-02,-3.217495350564186091e-02,4.539114670175459221e-02,-1.662144716066420724e-01,1.612007347359657450e-01,-5.390142676698356228e-02,2.682890516456038280e-02,1.070635398348542267e-01,-5.657954345384544337e-02,1.129767484554211887e-01,-1.094046144634039514e-01,3.401228373367745639e-02,-1.383716177036644346e-01,-5.426662776961133083e-03,-1.366434030360036134e-01,-8.556185388477741127e-02,7.207323097013715318e-02,5.179234216245807987e-02,9.027764145263260376e-02,2.057384760971719961e-01,2.366845439907676318e-01,2.438617147867968016e-01,-2.795507387986878034e-01,-1.162997324166734764e-01,-2.393092574649413329e-01,-1.594626433699921908e-01,-4.418462880489104974e-03,-1.772681701845362987e-02,-3.783799901535876004e-02,-8.296953211891715252e-02,-3.096219014129230479e-02,-2.318566878531770972e-02,-2.848082970935464364e-01,-2.225787338547730726e-02,-1.392505665576980745e-01,4.902730517714995462e-02,-8.900607926006300075e-02,2.609827506713862603e-03,-3.779030936824189224e-01,-3.606270557342667882e-01,-5.105434355428444260e-01,-3.854791867193488875e-01,-4.593901551947121020e-01,-3.633552737185644643e-01,-4.548648407030003171e-01,-1.277400815216842844e-01,-4.430797621375202056e-01,-2.535448891851753705e-01,-2.521674486432141649e-01,6.275765296099802826e-02,-1.718076992136733372e-01,-1.946683532496658875e-01,-5.684959356367094013e-02,-7.410350615731917286e-03,-4.032367021505637861e-01,-2.290373790727486258e-01,-4.378324553249212103e-01,-3.289444981313609517e-01,-2.766692942234431074e-01,-3.132320011804733129e-02
-2.944952085927768914e-01,-5.309928480273207185e-01,4.504340745842204119e-01,2.275031972470902830e-01,0.000000000000000000e+00,9.356256651995767393e-02,5.664448313305027183e-01,-2.488928256242342943e-02,1.552328876449939055e-01,1.433520532649523553e-02,1.939966799578191625e-01,1.304970228601989024e-01,4.050440130774531911e-01,3.026600088698094826e-01,4.674398888621341119e-01,3.675671542851625673e-01,-1.984139455683620046e-01,-4.721898018748038606e-01,-2.192446212103815184e-01,-4.929665936320116182e-01,1.333936767767540388e-01,-1.919040511792252102e-01,4.707149322929740642e-01,4.038384573738177385e-01,7.389697809429889297e-01,7.051550476521222244e-01,6.298913295724818395e-01,5.541757951885688538e-01,6.621549135857705826e-02,-4.789034923510127051e-02,1.732154529676452615e-01,1.122886681711924434e-01,-2.961178514922127025e-01,-4.491834989179879223e-01,-5.108948196926054175e-01,-5.059130002098686241e-01,-1.053679702514590949e-01,-2.814976921061157489e-01,-1.250460847158225974e-01,-2.218393039438414927e-01,-2.161568800951806923e-01,-1.053428133372175113e-01,3.642726878800588153e-02,-1.690785935339008950e-01,1.052430815042204038e-01,-1.088554422248665388e-01,-2.551725397071060164e-01,-3.691694563410291563e-01,2.278425489391070202e-01,7.167384248201960628e-02,1.388451103931262198e-01,4.374757802738062779e-02,7.069071018437362436e-03,3.013662945143056326e-01,-3.365205693510921470e-01,-1.236729942422838124e-01,-2.882013400497210331e-01,-6.075741254078105280e-01,-3.789242250431887858e-03,-4.110034751450735158e-01,-2.739143363223745520e-01,-6.345237324563274273e-01,-3.503517730621264481e-01,-5.756661064290823360e-01,-3.284174512817459868e-01,-5.164738780754453140e-01,-5.044528134713240908e-01,-4.289875113398883832e-01,-4.587126734878120837e-01,-4.533966891805377708e-01,-4.589383073708419025e-01,5.312672697803964145e-02,-2.360720234668960693e-01,-5.667524982272255096e-01,1.875450275186705817e-01,2.898872624119185337e-01,-2.412853968691750506e-01,-2.704352317665871808e-01,-4.915960471574619683e-01,-3.688297447363057813e-02,-6.524084783267982690e-01,-4.531276070654592369e-01,3.136694145612885509e-01,4.144852062966696837e-01,-4.643375732864725158e-01,-8.354055977520367937e-02,3.369062076270266659e-01,4.873490051840909665e-01,-2.217890652946672425e-01,3.866760139977610256e-01,2.226362447641804243e-01,4.332924365602552341e-01,2.252097432250703968e-01,3.923405336640403140e-01,-1.264818510246533967e-01,-1.809587758958612347e-01,-3.009787487216674107e-01,-1.391387846530754979e-01,-2.233612865481143517e-01,-1.618818004836926339e-01,-3.830375076452816052e-01,2.594895355504838186e-01,-2.916363121761149646e-01,8.987548955778787430e-03,-3.646977714125741454e-01,8.221047470153947101e-02,-3.092285750120758459e-01,1.239489718376166477e-01,-1.917016418606861672e-01,-1.110088455689235698e-01,-4.802180419459963212e-01,-1.799521380502636103e-01,-7.171311011367832722e-02,-4.319503035926747225e-01,-1.708842982002022892e-01,-9.363337301214248731e-02
1.828781903645089468e-01,4.580813880510010289e-02,3.431554625847976214e-01,-5.727140002168738635e-03,9.356256651995767393e-02,0.000000000000000000e+00,5.100405110583842300e-02,-1.319273607054526065e-01,5.695317323618570571e-01,6.150796135580464119e-01,-3.385049459422349027e-01,2.779728736139994161e-02,-3.477378007769618001e-02,2.629078966785744487e-02,5.816479835732467629e-01,6.288902041778832164e-01,-2.456431965288411179e-01,-4.944046457104367409e-02,-1.954601889687164820e-02,-1.342300820725920163e-01,3.175415812539785637e-02,1.456909651520776894e-01,9.493192387473413374e-02,2.641666193810885410e-01,7.337064006261702354e-02,3.028007990731517718e-01,-7.520313495253169722e-02,-9.163653192542700610e-02,-1.349682778429593111e-01,8.187039383576391605e-02,5.201874397269611316e-01,3.436645795952628091e-01,-5.099605184577232775e-02,2.133216476886208579e-02,4.151734255118807830e-03,-1.739847783516601867e-02,1.368194130293965971e-01,4.153151520649832340e-02,-7.491861275989461499e-02,-9.284497998369976857e-02,-1.202431817665724073e-01,-3.383911443493418936e-02,3.068530518506078220e-02,7.920945270747618838e-02,6.597749308755057607e-01,5.986990953611878163e-01,-2.159414303388031142e-01,-2.530325745729140041e-01,6.201576858268604830e-01,6.648094202159495758e-01,3.941263781148584555e-01,3.769419823264021918e-01,-6.044760819143345926e-02,-5.057839692337898763e-01,-3.284264963912791185e-02,3.760477435232718185e-02,2.046612490635400239e-01,2.163795263644030797e-01,6.027685138683224197e-01,5.865438385153278755e-01,3.065818403754878574e-01,2.856219163268690631e-01,1.958837962587241244e-02,-8.382739927772785149e-02,3.211590613692326679e-01,3.697011897521126911e-01,4.890923222291834738e-01,3.242446127391215294e-01,3.621822481141905858e-01,1.732011182194749810e-01,4.477504291096188749e-01,4.394013623788596834e-01,-1.049480461425082722e-02,2.700879427855316650e-01,-2.401069237351979510e-02,-3.678633386488216334e-02,-2.091441726962086634e-01,-1.471852882890971326e-01,-1.938394490562595218e-01,-3.684020708798888544e-01,-1.587674651208607624e-01,-5.173515444991022560e-02,3.523205382942541930e-01,3.189322995549579987e-01,-1.099065801371336831e-01,-1.397674376053657797e-01,5.535378458372374189e-01,4.735098528483855373e-01,-1.657397662550258166e-01,-1.442198111221242307e-01,2.497024541829938049e-01,-1.604010534963808410e-01,-2.485264131225177475e-02,-3.567856682747340136e-01,-1.929311571925198532e-01,-2.829277675556284288e-01,7.054634642936291611e-02,6.439677519549633078e-02,3.331756694347218772e-01,1.844988763249409969e-01,2.878123753374222660e-01,-4.004504726832481820e-01,4.660624805131518000e-01,3.200291306810618130e-01,-7.964421927020795544e-02,-1.261820241067088122e-01,1.103773123152465840e-01,4.083548098185080799e-01,-4.454064988172661693e-02,-2.750240687509877269e-01,-3.551675448018408454e-02,1.749569822532764107e-01,2.292458609900837330e-01,1.553262930614497141e-02,-1.653741879657091574e-01,-8.674734951126816807e-02
-5.433536199959679291e-02,-3.016683675686001598e-01,7.578543982634031728e-01,6.572196538837883351e-01,5.664448313305027183e-01,5.100405110583842300e-02,0.000000000000000000e+00,3.876614109559557986e-01,2.401493581876775266e-02,5.110277562686536129e-02,4.923491471070419179e-01,5.210542344186733787e-01,7.471479621752985523e-01,5.227332007472150766e-01,2.635968458632621525e-01,2.513239161221292317e-01,5.866341217666935781e-02,-1.272331554874799042e-01,1.822044952440778076e-01,-1.659589340167270111e-01,-2.881378024961332995e-01,-2.864431499608831033e-01,8.724955834675925948e-01,7.487853646991856627e-01,4.366178101506418829e-01,3.902271346055907753e-01,2.254485796885075666e-01,1.972481609154542459e-01,2.223917119132381437e-01,-5.339077745349409682e-02,5.176574508588560608e-01,5.940496210521649667e-01,4.122533916614540273e-02,-1.316687288754427865e-01,-3.035983981218547956e-01,-3.046127638288261830e-01,-2.561236309399541611e-01,-3.506035992860132011e-01,-4.307973303663682474e-01,-4.434194047193015797e-01,-1.479331301064461535e-01,-1.842492123146511063e-01,-1.930628779475202037e-03,-1.648341044173142478e-01,1.881008698473611018e-01,7.188667362716241738e-02,-5.460413109536623733e-01,-2.806667854292173025e-01,2.268265668015521652e-01,1.423369358604248680e-01,1.447928658371904279e-02,6.807410657723451941e-02,-3.292279217937273406e-01,2.023054576831452289e-01,-5.086450520982795931e-01,-1.471920877461852517e-01,-1.768027847294230959e-01,-4.479060359312463935e-01,1.723133673844882974e-01,-2.824341570283329661e-01,-8.265652202258678971e-02,-4.802535126268085430e-01,-1.682198264872905302e-01,-3.028941905669985113e-01,-1.763980664692345601e-01,-2.909649357842210571e-01,-3.074972227371861044e-01,-1.762225054179372974e-01,-3.387784981158588615e-01,-2.587560110372601474e-01,-2.794384900133635163e-01,2.007186169237096529e-01,-8.839284211503593489e-03,-1.883380746661661442e-01,-1.144023091885695148e-01,2.234042071588978884e-01,-1.849002866148469759e-01,-9.739904904474772085e-02,-5.482608887169880818e-01,-5.426326189228703432e-03,-6.346660125158770649e-01,-3.598922006908957250e-01,1.724174491227438710e-01,1.798698280511429326e-01,-4.976108129912844014e-01,3.086476436453954378e-02,1.722189223480671272e-01,3.222950759160586043e-01,-4.429585154156420179e-01,3.995841568715807202e-01,-3.821608148627033547e-02,3.124395997004849046e-01,-1.997616958706861789e-01,1.689882117725966526e-01,-2.502957380251998321e-01,-3.427126799485065156e-01,-4.447652571135866095e-01,-2.599690952471442329e-01,-3.015394470546702843e-01,-2.964538152052467734e-01,-6.953037787856556351e-01,3.378174530854478885e-02,-4.940392572647681613e-01,-1.291660360381023387e-01,-6.390265140045536807e-01,4.534972834480135301e-02,-4.153952715088118919e-01,9.580312369431057129e-02,-9.886690609494454274e-02,-2.267368861402676780e-02,-4.606416824968095347e-01,-1.120264207120878069e-01,-3.888184256848783438e-01,-6.677140272709151114e-01,-5.006975844666748943e-01,-1.305002883625052956e-01
-1.146317493225613576e-01,4.026336784396291613e-01,2.686977396835831811e-01,7.125380547045636614e-01,-2.488928256242342943e-02,-1.319273607054526065e-01,3.876614109559557986e-01,0.000000000000000000e+00,-4.449782490348482278e-01,-4.140131758318800204e-01,3.851074752018043834e-01,7.269768496451378681e-01,5.084695396846693471e-01,6.331012186324779245e-01,-2.442801102612203804e-02,-3.706857907907714078e-01,-2.937046847369135377e-02,5.115503516688839625e-01,2.453339078115218674e-01,3.343884722897976225e-01,-3.726911160558465386e-01,-4.189273193612057244e-02,4.879956750593933412e-01,4.745160257036234452e-01,1.349919156092710681e-01,-1.081552118371886112e-01,-2.642148352754512819e-02,-9.332893995152628797e-02,2.540558594619954022e-02,3.364309595874428460e-01,1.605649446846149075e-01,3.889250380766283710e-01,1.479058129229175456e-01,3.207212409081300342e-01,-1.631039166782261018e-01,-2.198389966963673892e-01,-5.702101359970837002e-01,8.156792912572848053e-02,-5.973432558334684089e-02,-1.466730080591144569e-01,-2.798030767680317887e-01,1.760877763152602082e-01,-6.261289402194576692e-02,3.183786315452159787e-02,-1.799353365010183392e-01,-2.109658024326595827e-01,-1.573683632226001716e-01,-1.693834447109956176e-01,-3.258422967348839072e-01,-2.400869260408814432e-01,-6.081038982433780576e-02,2.121524372637656822e-02,6.967751423407154976e-02,3.648997891828216489e-02,-9.889177049079350690e-02,-2.685038576866738969e-01,-1.603287824144566664e-01,1.078766173053331001e-01,-2.934978903009377582e-01,-1.979310194599937789e-01,-3.671711170230010889e-03,1.636622947297131647e-01,-2.483616604796008015e-02,2.856070740576495126e-01,-2.482419976148332041e-01,1.780154100052041069e-02,-2.458038993583925580e-01,-2.687922539879917250e-01,-2.615306802477119219e-01,-2.159830180421127288e-01,-2.484305763654339957e-02,-2.403830005209877940e-01,-6.478025417579572065e-02,2.614036783947985554e-01,1.525053226243338333e-01,9.970230136587499015e-02,1.541533080700689951e-01,4.928330435204775206e-02,1.082733850075935783e-01,-7.168897139433237989e-03,1.419952649010723100e-01,1.630718027478785803e-01,-1.694672879924661868e-01,-2.556571498508462548e-01,3.394076523739832374e-01,-2.521606668794532657e-01,-5.916804479816976242e-02,-3.344300860166182776e-01,1.461908467065385075e-01,-3.798683118052003094e-01,-8.224126575758483604e-02,-1.943699105016842843e-01,3.493650532506474300e-03,-1.359669358885852997e-01,-2.624543790426394629e-01,-2.400816081917509781e-01,-4.425722190121046395e-01,-4.518534493589465573e-01,-5.540936208932117912e-01,-3.874112986409539716e-01,-1.541521006669459015e-01,-3.182062186368438406e-01,-3.835885586212937071e-01,-5.295851224955503422e-01,-5.357186759344009785e-02,-3.058891905013695345e-01,4.743816968069104571e-03,-5.613558332851034116e-01,-5.874854534322126315e-02,1.091515969472661718e-01,-3.035010556000000692e-01,-3.541867123937963435e-01,-4.115714137897197311e-01,-1.632028245273606515e-01,-1.298070501647439479e-01,-1.134375602051316406e-01
1.294937423451245351e-01,-2.513445164228093054e-01,9.246101616160047609e-02,-2.613514368189769899e-01,1.552328876449939055e-01,5.695317323618570571e-01,2.401493581876775266e-02,-4.449782490348482278e-01,0.000000000000000000e+00,8.026822559935856694e-01,-1.099933192851398345e-01,-2.645320140023532107e-01,-2.496144776189974379e-01,-2.412684410704019344e-01,4.318054405875994539e-01,5.407598816413823339e-01,-1.475605492217336723e-01,-3.171578344874587674e-01,-1.072946792840117902e-01,-2.787114170676274205e-01,-2.828424398079748894e-02,-4.497037306537691667e-03,-7.121001059519918575e-02,-5.745209229010120322e-02,-6.358476022612795375e-02,2.487846138794837791e-01,4.329494156528729959e-02,8.839734826677855817e-02,-1.227561321646153253e-01,-2.298473252124100530e-01,2.120317941567771147e-01,3.809313731028317329e-02,-1.411397939819773219e-02,-7.809567843617841454e-02,-3.359247644576290447e-03,1.192796382923593940e-01,2.997729815648252916e-01,7.964057476449489317e-03,-8.726541331399052803e-02,8.515114550065037979e-02,8.148450541100983602e-02,-1.485336963171031976e-01,-2.869039426096040013e-01,-2.929616099543655428e-01,4.221623147692679101e-01,4.630814929143914349e-01,-3.741676411994618312e-01,-3.923703862431441869e-01,4.768064040793031921e-01,5.155806881207447567e-01,6.924814844530459076e-03,1.899653956947377695e-02,-2.801019568608932309e-01,-3.803330860806562463e-01,-1.580524813136643669e-01,-6.229771700288617986e-02,1.170646248803013240e-01,-1.524321691568844561e-02,4.800046370467012657e-01,3.867672113790759925e-01,2.401821109696063716e-01,4.626549040647231353e-02,-4.859220649263626401e-03,-2.485184322557160985e-01,2.083079810991417813e-01,4.016609548236538263e-02,3.334796287485182753e-01,2.337120657397309120e-01,2.353303765515118995e-01,1.300771847599110353e-01,2.918847661757029144e-01,4.845763058879071217e-01,1.693301004427618384e-01,5.515355873958387861e-02,-2.609068062324193180e-02,1.376999279869463022e-01,-2.004156103814997703e-01,-1.280374646202954436e-01,-2.332213620520603992e-01,-1.613442858284201142e-01,-2.311091900064287386e-01,-2.182787867675140547e-01,1.129029245305525758e-01,1.926120425714557549e-01,-3.997485377803668971e-01,-6.827537437027167422e-02,2.392540874766710124e-01,4.124952514194464293e-01,-3.345832926283267006e-01,1.398318737504999909e-01,-4.650678987099231276e-02,-1.142635249038116141e-01,-2.363856747447536100e-01,-2.636502484095304411e-01,-2.762830286706310576e-02,-7.927151106397438418e-02,9.356279428341258975e-02,1.204678069399118673e-01,2.638441040663710990e-01,1.292406407440020374e-03,6.594639216725106667e-02,-1.619056966146464049e-01,3.466415741368262249e-01,3.524132383777829336e-01,-1.793851321661874276e-01,6.457919547025056661e-02,-3.834795527781401092e-02,4.747349743942913536e-01,-8.948009623315844943e-03,-2.752801657517934819e-01,-9.344533207044478096e-02,4.940107502086821256e-02,7.421684400984795982e-02,-2.104341888171655794e-01,-3.003677260496728785e-01,-5.712418244249280186e-02
3.121735547381581655e-01,-2.065143120384912434e-01,2.360887965250707821e-01,-1.789405238693423661e-01,1.433520532649523553e-02,6.150796135580464119e-01,5.110277562686536129e-02,-4.140131758318800204e-01,8.026822559935856694e-01,0.000000000000000000e+00,-2.268924079579918152e-01,-2.905215689958049463e-01,-2.355246122138248965e-01,-2.155646628185922953e-01,4.697150131551460217e-01,7.027283627639024921e-01,-9.286783346414657914e-02,-1.884967062444021235e-01,6.045650542789792609e-02,-1.118477788003210682e-01,3.359859348155840725e-02,1.099053685501002603e-01,1.452071238664940506e-02,7.127154825913804836e-02,-2.013499741589924175e-01,1.993020276371605948e-01,-1.083892449279005854e-01,-6.689392980471056682e-02,-7.334026325889576869e-02,-1.214013820331882737e-01,4.140075236168092587e-01,1.730438892220088065e-01,2.525725319314525014e-02,-5.023864862578114598e-02,-2.251065913137560801e-03,7.706965126787032605e-02,2.810797912074975979e-01,-4.404870202419022482e-03,-2.104338799097537072e-01,-3.209815152938839955e-02,3.510416001161734134e-02,-6.123543775531007510e-02,-1.544173349157191566e-01,-1.867449628374546478e-01,5.930223782164505408e-01,6.127008019970658914e-01,-3.306877670689771787e-01,-3.056757882831168671e-01,6.305871735230486053e-01,6.547731683012557591e-01,1.451048879256155444e-01,1.260723260579961480e-01,-2.929017269049289385e-01,-4.894061849122692820e-01,-1.120637596254249052e-01,7.257738484177056471e-02,2.756671847448893264e-01,1.000391484240120282e-01,7.141228371004448849e-01,5.906578277666203469e-01,4.139111159882837288e-01,2.174917295580793275e-01,1.246795957354969314e-01,-1.785630256031287277e-01,3.579027339773090399e-01,1.926737788622959469e-01,5.167717188523728300e-01,3.638027176791175932e-01,4.463775247357523179e-01,2.931989783963481755e-01,3.766400208694121177e-01,5.572053195038172424e-01,2.305001509157220962e-01,2.149849860349044850e-01,-1.035948260013878353e-01,9.739399363041141566e-02,-2.213040700217115686e-01,-1.151130625807847141e-01,-2.750077010130783095e-01,-1.109261280731469596e-01,-2.395386110260528667e-01,-1.495589422379107192e-01,1.318218103975623279e-01,2.237743798837465714e-01,-3.781645976877688331e-01,8.027442482911181787e-02,3.125501529466463979e-01,5.092513971807677287e-01,-3.653035574615598469e-01,1.327218235266212076e-01,-1.718341726032130215e-02,-2.477672495187051571e-01,-4.190684713097459491e-01,-4.313812417910390939e-01,3.087032647961724871e-02,-1.517217572701886619e-01,1.748893249889345303e-01,2.899166126937363641e-01,4.328026918417295921e-01,1.469570682835265041e-01,1.469907825252050604e-01,-3.128676055216901286e-01,4.575351685311375705e-01,5.063901361860320138e-01,-2.712152729629761505e-01,-3.639390944883833662e-02,2.701767267647950388e-02,6.356989222705698994e-01,-2.614737432153966742e-02,-1.110840375285857967e-01,1.143896320712328891e-02,1.348351466899946893e-01,1.896107586448250171e-01,-2.435892916532693686e-01,-4.302833884078960947e-01,5.878747809283077323e-03
2.819170508376708795e-01,1.052144974200483335e-01,1.202258492096315579e-01,3.598841636559478308e-01,1.939966799578191625e-01,-3.385049459422349027e-01,4.923491471070419179e-01,3.851074752018043834e-01,-1.099933192851398345e-01,-2.268924079579918152e-01,0.000000000000000000e+00,4.109483979852375790e-01,5.416783961718916185e-01,1.817862951827059481e-01,-9.235611149106054407e-02,-2.274960839864254569e-01,4.120470584055608287e-01,1.648173406363544202e-01,2.892924372374647835e-01,2.280945917558549474e-01,-3.654376336590093866e-01,-3.809453837021871125e-01,3.497345539398564740e-01,1.224288751716918755e-01,1.828919924207155212e-01,2.784511062528154893e-03,1.330583012978550916e-01,1.511669356231357675e-01,4.470662006901406360e-01,-1.623834581346966788e-01,3.231861042798280653e-02,1.495110263119347749e-01,3.694142018857969889e-01,2.282517595657660436e-01,4.078471442756631885e-03,-6.201028014404804528e-02,-2.171984429149531326e-01,-1.034401992663251668e-01,-1.984282712323533204e-01,-4.614987784424141176e-03,8.879632354016467333e-02,-2.178668261308211174e-01,-2.156594355810827757e-01,-2.004293866897328968e-01,-3.295557376015608719e-01,-1.807668784606966672e-01,-3.120232695144943280e-01,-1.885001075304034435e-01,-2.908438337762089265e-01,-2.697028508872741370e-01,-3.318353902478365924e-01,-1.396566349793803008e-01,-2.620383576192076847e-01,3.327278888951871738e-01,-2.754436960906976317e-01,-3.077686131162919031e-02,1.606832057364065425e-01,-4.809172910733194167e-02,-1.803838448284248719e-01,-3.649986046937526152e-01,3.227452728389603853e-03,-2.455674992999418160e-01,2.408779626613370695e-01,2.043024939176582289e-01,-1.927769069374699884e-01,-2.336336813823221004e-01,-3.036328418648672200e-01,-1.520772185309187396e-01,-2.462251451155461068e-01,-1.604573984181711932e-02,-1.330963506356402926e-01,6.958996619460858235e-02,2.482965816817639948e-01,1.962122290460521778e-02,7.495418740120175782e-02,1.212057971412011242e-01,1.949713313898383260e-01,2.860249272714288638e-01,-1.244986527119770932e-02,3.555419625755477653e-01,-4.096313111725417844e-02,2.984507552870904398e-02,-1.798827271660599914e-01,-3.387063213776308479e-01,-9.434922778219570483e-02,2.641955056096066401e-01,-2.863450409582413703e-01,-2.466305653535641185e-01,-2.322231950600381067e-01,3.000595383181073883e-01,-5.158310611955815306e-01,1.066674724851624512e-01,-1.413987673378846177e-01,1.914088649879115422e-01,-1.832373203446882315e-01,-1.512089389060679023e-01,-4.138131936818973955e-01,-3.417774921378516906e-01,-3.838362938441975403e-01,-3.495497523978665089e-01,-4.546169767856012567e-01,2.633534017445307018e-01,-4.542745973242927060e-01,-1.883763210210476768e-01,-3.430054963353134090e-01,7.734732149042210236e-02,-4.477428935625294426e-01,-2.796012110093707426e-01,-1.615769199120336425e-02,-1.316522946066678475e-02,-4.038520990180339276e-01,-2.897918774026144728e-01,-3.960697939645459464e-01,-2.478349423844765920e-01,-2.009870908105796383e-01,-6.918926403107435175e-02
-9.231052908062804818e-02,2.879819127238469889e-01,3.630187409820538891e-01,5.753009148080129309e-01,1.304970228601989024e-01,2.779728736139994161e-02,5.210542344186733787e-01,7.269768496451378681e-01,-2.645320140023532107e-01,-2.905215689958049463e-01,4.109483979852375790e-01,0.000000000000000000e+00,6.307626302299934595e-01,7.126824141567822402e-01,1.419142175365322167e-01,-6.088734029011925314e-02,9.150773192719324767e-02,4.535992054774666826e-01,1.995244796889698302e-01,1.866804511626406760e-01,-3.392287859490158985e-01,-1.331920376178711840e-01,5.225030823417110559e-01,5.227506741600993490e-01,3.168307037637335677e-01,1.514326904151566955e-01,3.961479692859831529e-03,-4.668054713633642237e-03,2.467328262967244390e-01,3.507792121471779989e-01,2.928694177638522800e-01,4.228438760400837770e-01,1.028667188771695273e-01,1.971026106897215968e-01,-1.452823967014953144e-01,-1.472653940122223282e-01,-4.614615851687913772e-01,-7.555615876292737232e-02,-8.641697462463476809e-02,-1.844860966419546444e-01,-1.868356680751406540e-01,1.103895025470117905e-03,3.171994305790615254e-02,5.553002710783489643e-02,-4.910845758841606012e-02,-7.591726039042794028e-02,-2.503795744174306392e-01,-1.830376651708573443e-01,-1.246373602210844728e-01,-8.471411498903590187e-02,2.690047997192647131e-02,1.563876285689584922e-01,-2.638913414797418658e-02,1.525384082970481225e-01,-2.470518939345819898e-01,-7.178902254172889186e-02,-7.581514981100470618e-02,4.293734755327936053e-02,-9.708480782261419417e-02,-1.913434377774262396e-01,3.546065107256742011e-02,7.467969348769504245e-03,3.984797384393321679e-02,2.745286997277129326e-01,-1.740111307124797557e-01,6.605518157386496524e-03,-1.957178940480128471e-01,-1.562660370134594523e-01,-2.317309849348779816e-01,-1.002605610041854001e-01,-2.980679963565037102e-02,2.106123475956827792e-02,3.353927448494432861e-02,1.653799798508740204e-01,6.342566980113163722e-02,6.260815004498154757e-02,4.418077162588091716e-02,1.892317413388277386e-02,-5.925591482845996016e-02,-2.392141020994655032e-02,-7.134414391223919960e-02,4.683904799999555335e-02,9.328514708164376001e-02,-3.587012748422529346e-02,7.651461354233955736e-02,-6.690719977196543655e-02,1.219879534569075219e-01,-8.056886781630698269e-02,-3.152705331377256975e-02,-9.439269448459348955e-02,2.599684407209095546e-03,3.526419516758896172e-02,4.643983049229966423e-03,-1.657430886955690635e-03,-1.860662046414701121e-01,-2.036126653279269894e-01,-4.044831361550844107e-01,-3.060399874432993550e-01,-3.865272320988171750e-01,-3.042677926926095622e-01,-3.261108842333572122e-01,-2.083054132368193645e-01,-4.312112566014749127e-01,-4.126654220611456481e-01,-2.135144403795746215e-01,-1.766601895291008417e-01,-1.397845717062345394e-01,-3.641949473375058477e-01,-1.286541171825554553e-01,3.037990052494269136e-02,-3.089688929994887090e-01,-2.340772756410069433e-01,-3.889284589347640209e-01,-2.937570817374264842e-01,-1.775583085812444950e-01,-1.955617509035427748e-01
-1.306894720500343665e-01,-1.103039606687409857e-01,5.643450274339965045e-01,4.840580052484618201e-01,4.050440130774531911e-01,-3.477378007769618001e-02,7.471479621752985523e-01,5.084695396846693471e-01,-2.496144776189974379e-01,-2.355246122138248965e-01,5.416783961718916185e-01,6.307626302299934595e-01,0.000000000000000000e+00,6.946555490318163661e-01,2.722712885350533907e-01,1.464612927878170823e-01,1.299414559574501027e-01,8.059422403374981447e-02,1.049970435053487749e-01,-7.898270075807690971e-02,-3.586755905087903873e-01,-2.730644657836677758e-01,6.341716501869723022e-01,5.491684932602538538e-01,4.602184242588877039e-01,3.310998078747688367e-01,1.929390403623102435e-01,1.949037785445947857e-01,3.447714056468759170e-01,1.160683646294998900e-01,4.662053517557090965e-01,5.672242253910323440e-01,-9.532631658322139601e-02,-1.318894869422310989e-01,-3.321461898970061166e-01,-3.138277999683342090e-01,-4.829126399197073982e-01,-1.952498673262357265e-01,-3.691788454066984304e-01,-2.663594958033001503e-01,-1.951128925618706711e-01,4.412072344473925295e-02,8.114159685510541342e-02,-1.658126115844108309e-02,1.212824078475666784e-01,9.164062428794726017e-03,-3.148417853256734178e-01,-2.233984494738856241e-01,1.322683667951505271e-01,6.859124631147954509e-02,1.197305592213847719e-01,2.052004613688120649e-01,-6.375944311613068738e-02,2.748182051492430999e-01,-2.907341697698229144e-01,-8.571137604850206926e-02,-2.214014494629601426e-01,-3.491791467669504434e-01,-7.062494607091254761e-02,-3.540766439085643591e-01,-2.537385909498374725e-01,-3.817226111428909663e-01,-1.591677590741059634e-01,-1.393093262780872865e-01,-3.022507279830143334e-01,-2.395351599855563285e-01,-4.060123429470142709e-01,-3.181676789669093952e-01,-3.932472259642926793e-01,-2.881386014064773460e-01,-1.266780957289699583e-01,1.850705987238520922e-01,-2.255652279286460005e-01,-1.629771834577966316e-01,-1.915691981042478079e-02,6.785879194896249833e-04,-1.679263853005869278e-01,-1.014912992974804640e-01,-2.731137910831884508e-01,7.993846943279081518e-02,-3.746599913049792896e-01,-1.251489737898331955e-01,2.643963464191867452e-01,1.103097625121432640e-01,-2.061667552577201856e-01,-4.282088481190687856e-02,2.148583095289508249e-01,1.838750140263086530e-01,-2.020170731258056351e-01,2.010884768049405469e-01,7.219418626904335057e-02,1.418233718341923855e-01,-4.907623023664257900e-02,1.528405393105669585e-01,-2.636830362801322880e-01,-2.978221840509192586e-01,-4.548639650075669283e-01,-2.632124274778880335e-01,-3.379520239639308699e-01,-2.953198356466121832e-01,-4.114455089249923203e-01,-2.992514373179123999e-02,-3.864244276180117676e-01,-1.741681867592045629e-01,-5.667225296186695349e-01,-1.558519919696781109e-01,-2.700417755195082536e-01,-1.345624994007734165e-01,-6.896200394442887627e-02,8.763474603047202716e-02,-4.214635964083974229e-01,-1.865433680105453851e-01,-3.698972538855398451e-01,-4.626612065846089639e-01,-3.495304085735712052e-01,-2.061997070810356047e-01
