0.000000000000000000e+00,4.155037524572520735e-01,4.524290195886793153e-01,-1.422699487765269610e-01,-5.088875037566181064e-02,4.447690065900392065e-02,1.658728497241937772e-01,-2.686678574183708479e-01,7.223016521923168731e-02,-9.838522800911257693e-02,4.349983431138810253e-01,-3.897398837270280025e-02,3.988392630931910099e-01,7.375021152050374729e-02,3.028092066602924293e-01,-3.182972566776645085e-01,2.659581561092675406e-01,3.872726863170942169e-01,6.289161556479400117e-01,3.770612647613707513e-01,-4.073904328988134371e-02,-8.354546520179277624e-02,1.063031292274087269e-02,-1.223682766373208886e-01,1.139447661337435191e-01,1.043636826607163420e-01,2.834987223934071765e-01,2.939203883187894717e-01,3.333309202835071372e-01,1.284322132916754788e-01,-1.047301345977657977e-01,-1.226607409762802137e-01,-6.702582140558858981e-02,-3.840432782829314440e-02,4.508333396034201052e-02,-1.302994405174136561e-01,-4.237158420851039331e-01,-3.693972892075565451e-01,-3.237450203436251228e-01,-2.272192534288196009e-01,-1.627279627699869113e-01,-2.525819409479237998e-01,-4.526347574353699055e-01,-3.318434289114234326e-01,6.995206566911495172e-02,-9.526567930654018801e-02,-1.924281313638641355e-01,-4.171027283991773915e-01,-9.507150914518233686e-02,-1.334181555933844354e-01,-1.343523031481280439e-01,-9.254363334990231560e-03,-2.492594826635740335e-01,-2.140778269194172356e-01,-2.150786124695119594e-01,-3.980744499119516222e-01,7.317630011704390203e-01,3.859441723666391377e-01,2.245082748589117272e-01,8.820929964399323864e-02,4.735122394331949675e-02,-2.041262376898862474e-01,3.110402504854201111e-01,-1.396912173478884406e-03,1.064498264872643513e-01,-1.069718556778882224e-01,-1.234029605717522626e-01,-2.251648269627740118e-01,4.184109088717319902e-01,2.613568524361692402e-01,1.558921290492485401e-01,-9.434903396111027352e-02,5.412260139908615653e-01,2.056613697555694509e-01,-3.304671111855773252e-02,1.677477884387254536e-01,2.364964380336394834e-01,1.111696164930546377e-01,1.144826838802485008e-01,9.803210623041071214e-02,3.503653376808074649e-01,5.267397002050336341e-02,4.176843737498792813e-02,-9.728003635121752757e-02,3.468565354311209936e-01,-2.158267915231326384e-01,-1.216234037566367304e-01,1.073866071305428216e-01,-1.575286243821146515e-01,-3.838609072702475200e-01,2.282179772674219898e-01,-1.309617426169256693e-01,2.032999382676993205e-01,-6.802960546702274680e-02,-2.704793569177584844e-01,-3.098176334703533485e-01,-6.849231551863740886e-02,-2.532847103695371471e-01,-2.056445278139563959e-01,-9.982668498827217129e-02,9.128839493023604978e-02,-3.313154950316497815e-02,-1.519573104521359797e-01,-2.834691802646617173e-02,-1.939222383275404638e-01,-1.865277878819048829e-01,-9.146060134491132421e-02,-5.441388588272367405e-02,8.103457513147895031e-02,-3.474319791825369180e-03,1.251718916597525759e-02,-2.438923386934016557e-01,2.962993779980954701e-02,-1.375271113363077113e-01,-4.065083814132424145e-01,-3.191186024686876871e-02
4.155037524572520735e-01,0.000000000000000000e+00,-7.414722730007936025e-02,1.380220331436226048e-03,-2.026270111178267441e-01,-1.040892962331035204e-01,9.364899654711450472e-02,1.533782261123247392e-01,4.818467982706928221e-02,-9.875685896719701984e-02,5.013336378556522144e-01,2.629086895136302782e-01,5.051842779241116910e-01,4.159359937792680428e-01,1.726162131498986535e-02,-2.291395670408784002e-01,2.300435627004662198e-01,5.852502211338577176e-01,4.677434776323551868e-01,6.376572076092916763e-01,-2.266227188531483305e-01,-2.354462662344171398e-01,-1.863299537211318968e-01,-3.440039054676537478e-01,-3.196111982989373601e-01,-2.711332279897298303e-01,3.511781578528980902e-02,1.348307829473402997e-01,3.249705341978521012e-01,1.462612735742338799e-01,-6.398010130150738909e-04,-5.754277236876615548e-02,1.113697166922773957e-01,2.105186082520431878e-01,-1.539165201340098044e-01,-1.419578184445395019e-01,-3.767959621688309890e-01,-4.034538907338520719e-01,-3.029512213811703103e-01,-2.497493267596045674e-01,-2.263618792496778220e-01,-2.039079372847886762e-01,-3.277981680251269014e-01,-3.970358532805378093e-01,-1.974002411404773560e-01,-1.322266728819654902e-01,2.676839377682627141e-02,-2.978780343846562095e-01,-1.083853523397885349e-01,-7.504500995346981285e-02,-7.958402818117164823e-02,-8.932449969992545258e-02,-3.024000157642626752e-01,-3.778494061440440532e-01,-2.394094994342889013e-02,-2.162008768875445242e-01,5.122700996560110021e-01,8.500126783372251582e-01,4.835753398871748820e-01,4.183325507902012075e-01,4.937436268907389736e-01,2.077941554422080561e-01,2.612756563959274247e-01,4.196393708293062463e-01,-2.529141629685457415e-01,-2.617330335910806327e-01,-1.931971333679325387e-01,-3.455072060266722311e-01,3.183252277464129754e-01,4.414966808923022068e-01,1.087800005266461867e-01,-1.688327491127758762e-01,3.439905367338315645e-01,3.542915821654407105e-01,-1.003740260115518756e-01,1.434200523883773781e-01,1.181278904417019764e-02,3.787850424907174968e-02,4.689622376650769142e-02,-1.222130349218522732e-01,3.932460102188074791e-02,-4.848343647675093515e-02,-2.534060959175983840e-01,-8.123561331077451542e-02,-4.055213467825344309e-02,-2.416390255351351657e-01,-4.137780099803560208e-01,-8.605538419214335544e-02,-3.953598451668146468e-02,-2.543974509161351927e-01,-3.643733849093691579e-02,-4.035539466408404885e-01,-6.777159625854931035e-02,-5.272543168933521013e-02,-4.794579885853585965e-01,-3.608736881815348685e-01,-1.776802485981074931e-01,-3.888840759504530453e-01,-2.529645518936231574e-01,-4.177084956297534291e-01,3.324917432066478232e-03,-2.644042546655547277e-01,-1.845324489860931672e-01,-1.243759404585750294e-01,-1.909697141517165478e-02,1.245406904596912945e-01,-1.015254919854307741e-01,1.331347622125367836e-01,2.270698225747033172e-01,-1.767568808892930887e-01,1.409641180827909176e-03,-4.920682766040005984e-01,-2.747638685202393738e-01,-3.576376665303014346e-01,-1.275507982518514494e-01,-7.700132799242652426e-02
4.524290195886793153e-01,-7.414722730007936025e-02,0.000000000000000000e+00,-9.207574315941026433e-03,3.133685732796646223e-02,-4.089916300148251777e-02,2.474830473998390068e-01,-3.788183450146395681e-01,-7.089974697509340840e-02,-2.884416510668591505e-01,-9.186503465318104911e-02,-2.932258416235238307e-01,-4.019102803929308632e-02,-2.708406503432566614e-01,7.479147025283210126e-02,-1.573979707206909773e-01,4.421914856262516152e-02,-2.795303980328582225e-02,3.942525101109301544e-01,1.131783318459897020e-01,1.747677470468164684e-01,1.075890104056565905e-01,4.355083696376152447e-01,2.623507236920209484e-01,1.730617813966472407e-01,9.586659054350905873e-02,6.880795123557567616e-02,1.251220650267154677e-01,5.752417282312773106e-02,3.225484472737426278e-02,-1.010201332210341682e-02,-7.398210511936151312e-02,3.290052254539046345e-02,-9.979489084609893812e-02,3.767520507934838392e-01,5.262278011283478413e-02,-2.565900351743064661e-03,1.330029011222095547e-01,3.116244199334167186e-02,5.623538321422264646e-02,1.403581792345893475e-01,-2.828654988392923821e-03,-7.313592599150361973e-02,1.121734116223729177e-01,3.279377385928090582e-01,7.074566132309480226e-02,-3.795995481260903970e-02,-9.596495696607930392e-02,-3.989562846089930725e-02,-5.076057530732148299e-02,-8.056432885218321738e-02,4.947212595068975309e-03,-2.182435247768286027e-02,1.281900650947373210e-01,-2.446380553428017524e-01,-3.252057374663787082e-01,1.761415464787067231e-01,-6.251637409162597026e-02,-2.920977348802253348e-01,-3.949365814633717942e-01,-3.732575026096094928e-01,-3.492202610199985346e-01,3.336470636739225643e-02,-3.893117363762148564e-01,3.841533459046151955e-01,1.118951357137253633e-01,9.354372147958912864e-02,2.194090403824459565e-02,2.056684380249977073e-01,5.704158409755170911e-02,3.298031230308745010e-01,1.262952535847855218e-01,3.949956137539305523e-01,5.774063787374406759e-02,-6.580961677110537533e-02,2.146782101805640441e-01,2.172342314465844637e-01,6.083914614612406270e-03,1.102930358477654908e-02,1.142222340949030773e-01,9.230643973474712827e-02,8.873567433817342032e-02,1.263837740136635190e-01,1.145060300463701386e-01,2.931923017514685981e-01,1.325684947874212483e-01,1.296512578997463180e-02,2.459893431201368441e-01,-1.574004481384163323e-01,-1.561204898525145879e-01,2.527063337983175839e-01,4.543573227207939325e-02,5.803957178619876395e-02,-9.830298385347203960e-02,5.987957681330743909e-02,5.007397020194909176e-02,1.039811606598003840e-01,-6.075070166811753769e-02,-1.752362164480431583e-01,1.612949190490182982e-02,-3.260399805528833850e-02,1.474297733117812537e-01,-1.562742175204779316e-01,-8.632651277360246789e-02,-2.227905373316729498e-01,-2.146527020590598411e-01,-6.051296503463965415e-02,-7.379185559057639676e-02,-2.071157552956092440e-01,4.880477492525116257e-02,-2.085443522962511509e-01,-3.093926628559629660e-02,8.940870699093056428e-02,9.239508491148566705e-03,-4.550439068458914660e-01,4.691570695733696117e-02
-1.422699487765269610e-01,1.380220331436226048e-03,-9.207574315941026433e-03,0.000000000000000000e+00,1.444443464488107489e-04,-3.252433078761596957e-02,4.333414922800402080e-02,6.322786976007853665e-01,4.229965019339516907e-02,1.726117895574843242e-01,-3.232090680462145760e-01,7.427670282459054862e-02,-2.565868938521704279e-01,1.454632326949993337e-01,-1.815881380093119779e-01,3.218133670187427464e-01,-4.616515331838789149e-01,-4.441675946922153395e-01,-2.834462738299030060e-01,1.828679308341827348e-01,-2.271488078038405856e-01,5.082990292170921909e-02,3.032222990200024726e-01,6.030736244629381071e-01,-1.660381927742344277e-01,-2.640818171528999114e-01,-8.416457085553256945e-02,5.319550527266327100e-02,-1.944481617728819611e-01,-1.865684334075224104e-01,1.902604974980859343e-01,4.031557943345105421e-01,2.885293553597335081e-01,4.065156866832123628e-01,-1.769316225339422413e-02,2.534401719383448312e-02,1.487664560468519512e-02,-4.410642132524590642e-02,1.129143319627223668e-01,-8.525513351224582592e-02,8.440858361196811044e-02,-2.564655049577362414e-02,-1.025365201360271122e-01,2.204203519897004193e-01,4.329067341298974830e-02,2.158885402024686151e-01,2.006875197162169000e-01,-6.315802228234679294e-02,4.605504827482713448e-02,1.300514587520039955e-01,1.252607587099233422e-01,1.800238953754560722e-01,-3.506511173484866406e-01,-1.749138269921666489e-01,-5.326265735541657262e-03,8.946511890084937052e-03,-3.705487986663582450e-02,-2.795476324768507159e-01,1.566364622050450406e-01,1.559141221995144211e-01,-3.692291200985603483e-03,5.117605746916823461e-01,-4.533039862966392053e-01,8.530034237186111257e-02,-1.596076818841995204e-01,3.984643294609432895e-01,1.287250049881905056e-01,5.337542176489388224e-01,-1.018083544033541454e-01,-1.022848939459075762e-01,4.383742837107732632e-02,-2.755571998019765712e-01,-7.917610032651241359e-02,2.354711921533051144e-01,1.307135995960939101e-01,3.003741079740827047e-01,1.956410910359528688e-01,2.073113128277549733e-01,-3.188561058194859243e-01,-3.230472550780494334e-01,-3.880711823946328409e-01,-4.097853538485343727e-02,-2.219458880843422355e-01,-5.299581824595641158e-03,-2.628386790634183456e-01,3.352977206028457946e-01,-2.189021110188060087e-02,6.940216417463522525e-02,-2.150338628636690175e-01,1.430041128868406730e-01,-8.971393295690052727e-02,1.222737488851114059e-02,-1.514447649429355169e-01,-2.161122255090582589e-01,6.965319047103712968e-02,2.491035892855719691e-01,-1.034817879204599257e-02,7.492061071468460176e-02,-3.077340744414524057e-02,-1.576207265478844211e-01,-7.943786907240941997e-02,-8.866587390235612653e-02,-2.320211161350177187e-01,-1.828784136005579541e-01,-1.267362687139468591e-01,-2.950259484301393648e-02,-5.483622066927039407e-02,1.826576677888933631e-01,4.092201160206288546e-01,-3.137934242689736225e-02,-2.150237029954457924e-01,-1.565204780603788037e-01,3.877531173621024275e-03,2.368418716885876685e-01,6.773770142118612503e-02,-2.300356410886246761e-01
-5.088875037566181064e-02,-2.026270111178267441e-01,3.133685732796646223e-02,1.444443464488107489e-04,0.000000000000000000e+00,-1.765513904242092258e-01,-4.241690428226227438e-01,-1.733444751000300654e-01,4.828535034318326979e-01,4.655350546935589640e-02,-1.744194645976256952e-01,-1.224006449310108963e-01,-2.095880900962660276e-01,-1.484295552131998652e-01,5.475306587631955102e-01,3.960100873140234290e-01,-1.498958668559421392e-01,-2.481921915983094085e-01,-2.868251188056074041e-01,-4.022603695682636649e-01,3.508790282460826082e-02,3.010280241412268687e-01,2.275625192527900298e-01,3.088039366348832027e-01,4.606741316458739521e-01,3.737490059090717853e-01,4.032646197211039452e-01,3.154390772899008932e-01,-1.988194984714013180e-01,-5.413132367651657569e-03,-9.325671489573787720e-02,5.837006228091869663e-03,-1.099163787452115820e-01,-1.727650323939929899e-01,3.305008384712936342e-01,2.682470321639060518e-01,-1.142813516454221079e-01,-4.277520627901740952e-02,-1.623330025482484229e-01,-1.714373650475137789e-01,-3.664917943929257155e-02,-2.516576876371748317e-01,-4.650782353183444129e-02,1.266397741278670009e-03,9.650271475494708040e-02,-6.679722200216581252e-02,-3.395134304928040248e-01,-9.284284882036664133e-02,-7.533994206846889030e-02,3.255464773233671810e-02,1.312709212689522065e-01,-1.019436874209582455e-01,1.588043587064239537e-01,-8.712434398044380246e-02,-6.798208407971187417e-02,-1.312946305871178498e-01,-2.711289618833354620e-01,-1.983300162487789953e-01,-9.349266804800497599e-02,-2.133974337010000402e-02,-1.661878917534408973e-01,-4.657474876719604195e-02,-1.347596787355552217e-01,-2.423957138264448696e-01,4.287129905517059747e-01,1.519174847154648456e-01,2.212029938136700624e-01,1.496374883125949351e-01,-1.774656586916537604e-01,-1.676183242532381934e-01,4.638784617810055161e-02,1.490919170262625659e-01,2.241952140527947793e-02,-3.064831503439655394e-02,2.835135832045102000e-01,-3.427640708849407081e-01,8.353761747302856921e-02,1.102131930076502425e-01,6.171885230297915505e-03,-1.300615881687628428e-01,3.232971798215174969e-02,-1.677753401245761777e-01,2.114881494689316022e-01,-1.967072290683298252e-01,3.539165688785491648e-01,-1.271788181188624467e-01,4.598240304855226723e-01,-5.903040200499327234e-02,1.100823972785934107e-01,-2.317421791358239558e-01,1.590634333016321400e-01,3.514679368857635778e-04,1.472876591567772453e-01,4.399894420510017980e-03,-8.898672550396480307e-02,-1.252460749436410392e-01,2.048862566303788491e-02,-1.476997590040103059e-01,1.007441182223286213e-01,1.142225897120211220e-01,2.052523871716721293e-01,2.348226180386576434e-01,2.469410449817140973e-01,6.754082476178039501e-03,2.398379537923975291e-01,1.125583603403168820e-01,1.160616120494718101e-01,9.298556492730666867e-02,3.139376988691811032e-02,8.268206182568886564e-02,-1.443960735570760934e-01,1.210143262404556885e-01,9.193096821759109971e-03,2.942323071459814754e-01,1.576279131404547118e-01,1.686135640009446823e-01
4.447690065900392065e-02,-1.040892962331035204e-01,-4.089916300148251777e-02,-3.252433078761596957e-02,-1.765513904242092258e-01,0.000000000000000000e+00,3.585642335306719608e-01,-8.590676286809922901e-02,7.171211171669419904e-02,2.481777167077583723e-01,2.207504963770135636e-02,1.745462379340550207e-01,-9.372607704699803532e-02,8.114865053437898823e-02,1.403280407175554016e-02,-1.045801023467846508e-01,7.801494944321055169e-02,4.407565435168382673e-02,-7.871780765518822387e-02,1.521158159992099801e-01,3.782596906942566062e-02,-5.755683467753133775e-02,-3.413223225404371508e-01,-2.852727046766889707e-01,-2.895609500819901760e-01,-1.885590333595152934e-01,-3.329597401891194047e-02,2.740872801371450618e-01,2.988570360326082698e-01,1.964928476317621686e-01,1.160986488650997406e-01,-4.438603953656780621e-02,2.239634980624620464e-01,2.886418008352308884e-01,-2.056810282211297691e-01,-3.885427244813800529e-01,2.643108120033373434e-02,1.972100044802714211e-02,7.802612623072260889e-02,1.296408029340427870e-01,-7.690601094786707337e-02,1.719931610405175670e-01,-2.620101963831425462e-01,-1.263732308132339832e-01,2.341239610922375355e-02,1.066098028391135460e-01,-2.364013640137874739e-01,-3.503235706041828434e-01,-3.781440564232522311e-02,7.700222121883865123e-02,-2.911398181551983627e-02,3.169523512932420073e-01,-2.628372574873196754e-01,1.373578193906459521e-01,-2.047134499669670538e-01,4.597652010948742596e-03,2.812541842039865680e-01,-5.708223559381973150e-02,1.244550227152106808e-01,1.131121580155162731e-01,1.992046539886693224e-01,2.415410894687329557e-01,-7.662730055643550420e-02,1.902429796368579340e-02,-2.305088663559376472e-01,1.316061261920145331e-01,1.804935087650865605e-02,1.481451219272924280e-01,1.598667186188415870e-02,2.209251233854757357e-01,1.849539023995625323e-02,-1.435574358374428205e-01,4.918176731773503396e-02,1.389074319373277966e-01,1.134699122934633708e-01,3.266570864266829521e-01,-8.740729288968102084e-02,1.889503513306720339e-01,4.315240739397274011e-02,1.549848180167551770e-01,3.763638564187477692e-02,2.161107652234087531e-02,5.799971433444642277e-02,2.651025041693736428e-01,-3.095949995240747654e-01,7.813775988374149772e-02,4.691930730833052121e-02,2.404246991555299140e-01,-2.159008186483443170e-01,3.235662934807893021e-01,-7.148363045676678351e-02,2.754193510903567010e-01,-1.992554727414626858e-01,5.719355861975297661e-02,-1.116320081856719826e-01,4.484077768967396210e-02,-3.374064845835229032e-01,-6.913594659906344142e-02,-2.491596909162807072e-01,-2.003600302029503177e-01,-7.678096937051352711e-02,2.300360325831526387e-01,-8.981146063662376333e-02,8.861664298463111863e-03,-3.076963445633947858e-01,-4.383220299004533804e-02,-7.206014066294300080e-02,-5.688379674313977837e-04,1.948887448392818897e-02,-3.482083497490678914e-01,-4.479730014009168926e-01,-1.918839402383696879e-01,1.284224478078584419e-01,-3.702225382604221876e-02,-2.712470159948034976e-01,-2.899867346740010454e-01
1.658728497241937772e-01,9.364899654711450472e-02,2.474830473998390068e-01,4.333414922800402080e-02,-4.241690428226227438e-01,3.585642335306719608e-01,0.000000000000000000e+00,-1.491624250440075072e-01,-4.201079346825341981e-02,-4.818319669296620283e-02,2.968983097809854144e-01,1.480812326148911173e-01,3.737793713090361014e-01,-5.501462669373344966e-02,-2.364133557359727189e-01,-3.549218091236989725e-01,1.118777405178859735e-01,-7.126834891092103177e-03,2.825947647923915049e-02,1.099464070473374216e-01,-1.027218328311869794e-01,-2.844631767447675097e-01,3.882583811310315325e-02,-2.337113629460208231e-01,-2.523446896241718918e-01,-2.870386387981994081e-01,-2.783700766118724079e-01,-5.104796812994250033e-02,3.002858846138130033e-01,6.837845597686264577e-03,-1.318560078005706626e-02,-1.889025861612090573e-01,1.891498802034858318e-01,1.473983659319290096e-01,7.085218826294867323e-02,-3.252162380035173994e-01,-4.110845546635173708e-02,-2.687826725430463026e-02,9.746990023252868895e-03,1.813342144037066728e-01,-7.457377683671560786e-02,1.741604479744310041e-01,1.823166917281750969e-03,1.358997348837200081e-01,1.856013069413656735e-01,2.782264359260566700e-01,6.404578382038532067e-03,-1.292508268372208335e-01,2.123112397304716958e-01,2.077313582412460002e-01,1.344181263765195367e-01,4.294523216856560022e-01,-2.918563968933977071e-01,2.796401908395910740e-01,-3.613222926861171524e-01,-2.464630633074541555e-01,3.584686145018132764e-01,6.369114143145467033e-02,1.395146213184609851e-01,-1.269642005491301573e-01,3.352502527597892024e-01,1.658871567033657068e-01,-4.114772362220735918e-02,4.248118326173225962e-02,7.976009943656712717e-03,1.438994877854173071e-01,1.959637301818066280e-01,6.699912326483808966e-02,1.118461743377816842e-01,2.205982889680746517e-01,-1.275773661088817623e-01,-1.955395285210054790e-01,7.845791872825247371e-02,9.013901332369622654e-02,-1.845352519724337559e-01,3.864797765722786660e-01,5.322837357416668191e-02,-3.402038962387758658e-02,-6.472850882468793310e-02,3.669589965464777337e-01,-8.624018168482125435e-02,1.694181837429198922e-01,-3.055905621913304060e-01,6.609160173852078601e-02,-3.102040445930041024e-01,2.401557054080565579e-01,-2.107926343060349816e-01,1.075424174732494270e-01,-4.371944409615841076e-01,1.424630623192869039e-01,-7.645227043894842200e-02,1.668365725444446446e-01,-9.449263485011909214e-02,4.623055507903655464e-02,-2.703690941092850575e-01,-1.829189996823124276e-01,-3.735652440403829377e-01,-2.624243531203407920e-01,-4.129382769346302551e-01,-4.070419633554680505e-01,-1.950182746987322302e-01,1.186579173321440500e-01,-4.964776960808404138e-01,-2.801888930711364245e-01,-2.413011061524122924e-01,1.252557022691223876e-01,-3.210649546498671736e-01,-1.546516138998751677e-01,4.378210192833674463e-02,-2.813540639698234314e-01,-4.419029077336652511e-01,-1.009154427289940675e-01,2.549507394228165413e-01,-1.829366577502364311e-02,-1.899768159041515803e-01,-1.957330206114566984e-01
-2.686678574183708479e-01,1.533782261123247392e-01,-3.788183450146395681e-01,6.322786976007853665e-01,-1.733444751000300654e-01,-8.590676286809922901e-02,-1.491624250440075072e-01,0.000000000000000000e+00,-9.315380199336095735e-02,2.711988092249673077e-01,-1.499235740845615839e-01,2.132295003531658462e-01,-8.923102946535502178e-02,4.979657884138020685e-01,-2.573866121293604814e-01,2.159808564482550430e-01,-3.937186294682310517e-01,-1.985275058650270985e-01,-7.237830912694299956e-02,2.852932041682483266e-01,-3.404392880797972865e-01,-1.253979701788797974e-01,2.148027874761074957e-02,2.674773874549739583e-01,-3.209755042573725348e-01,-4.043257879789490250e-01,-1.243813989766996003e-01,-1.146714865471473166e-01,-1.107041073011506699e-01,-7.000222083112712934e-02,2.030041580901014997e-01,4.666841690133758935e-01,2.738190183607986383e-01,4.289000689280594303e-01,-2.460090026670309626e-01,3.321540424420771354e-02,-1.368115449503489074e-02,-2.580348759934105729e-01,-4.608568477402237920e-03,-2.902527562752245105e-01,5.764081548486993346e-04,-1.807242146679919892e-01,-7.292527424009838388e-02,6.810382451309986152e-02,-2.958276910270573046e-01,-8.463953201191939599e-03,2.846615453512367777e-01,-3.853281200761363851e-02,-2.621838887340407348e-02,-5.195923339057340745e-02,6.534727668636060305e-02,-1.218862863874210223e-01,-1.124923818506175649e-01,-4.048456725797232036e-01,4.120925554713179007e-01,1.021026177093001114e-01,-1.523352165299177718e-01,-1.253589184293942838e-01,1.771422887031482152e-01,3.650978613743494083e-01,1.484598233503614528e-01,5.606395754687648614e-01,-1.660650231697024803e-01,2.390156975081331181e-01,-3.161704723472961720e-01,2.421651048813045215e-01,-9.745468169875047548e-02,2.470638924012998339e-01,-6.405474219439361017e-02,-6.923588066219604764e-02,1.150234617444658297e-01,-1.303757303789442878e-01,-1.411193450076122374e-02,2.755805049336125245e-01,2.285717976916484262e-01,9.823099082630630530e-02,2.071619785581554352e-01,2.596895588308397174e-01,-6.513587303183604460e-02,-3.957342075694189609e-01,-1.938466063672354689e-01,-1.831267295727911359e-01,-2.249543532152478709e-01,-2.074662572164054086e-01,-1.576208359376118917e-01,2.141140227947195898e-02,-2.154285422055266519e-01,-2.281235831496178923e-01,2.236669161956447160e-01,-2.541120689022172228e-03,-1.004670636557174063e-01,-1.648357660806226976e-01,-1.901868295432112832e-01,-2.482129726885485277e-01,-2.488252356138771076e-02,1.136689635481871741e-01,-7.786588769628029205e-02,-8.345646861068634764e-03,1.310539937925814247e-01,-1.569453165781390935e-01,1.469380264060166918e-01,-4.514631555572119481e-01,1.549863841232446485e-02,-1.688593155552666203e-01,1.654630319535509986e-01,-1.259470656639336689e-02,-5.565597127485756362e-04,1.022334432776859370e-01,5.134071130932554849e-01,3.511676158077381427e-02,-3.857351320784450227e-02,-3.021681037170220185e-01,-2.327386332034916128e-01,-7.820970785536665582e-02,1.650221635423843869e-01,-2.619423651222474447e-01
7.223016521923168731e-02,4.818467982706928221e-02,-7.089974697509340840e-02,4.229965019339516907e-02,4.828535034318326979e-01,7.171211171669419904e-02,-4.201079346825341981e-02,-9.315380199336095735e-02,0.000000000000000000e+00,1.570483787665349629e-01,2.122693166232937911e-01,-9.787007846514290954e-02,1.305692448864217634e-02,-1.016004347833274063e-01,3.654774464117832578e-01,6.726204148809877825e-02,-2.429013293521835037e-01,-2.023874289621740152e-01,-1.074385513861572106e-01,-3.165229798353794838e-02,-2.717554199265165837e-01,-7.287402434710228694e-02,1.405852369043489591e-01,-5.592455812792497018e-03,1.209223882667970346e-01,8.713385020804326198e-02,1.498756129252022951e-01,8.494223081266710773e-02,-1.297687510922927168e-01,-1.289838899821531548e-01,3.016009860197914061e-01,2.587986112090853719e-01,3.908912882818560974e-01,2.795521828000462339e-01,-8.516322785303886977e-02,-1.588921376662245574e-02,6.872478800396267067e-03,2.155713382540698497e-02,-1.124618917737065238e-01,-1.740555550499879589e-01,-1.902281695766990244e-01,-3.681073255230210561e-01,-1.520398832825901048e-01,-1.169854671781356131e-01,-3.241017564534177664e-01,-2.643181942617349178e-01,-1.306781218372762010e-01,-9.730207922159198053e-02,-1.399422386206684576e-01,-1.094665297280842386e-01,-1.402143276657963622e-01,-2.265995651824001533e-01,-6.253184246279930303e-02,-1.770219770954299110e-01,1.293589474725668868e-02,6.335512384955076237e-02,-2.284110563526089641e-02,3.562211878086550543e-02,1.821075849175461669e-01,1.990374468733211166e-01,2.971881695706896087e-01,2.187219655149281183e-01,-1.937764564465277173e-01,2.797470836275077477e-02,2.249467315814077453e-02,-1.038374188584745839e-01,-5.221133216773526237e-02,-9.345570256488817951e-02,-8.618437504371817548e-02,4.268956856901408997e-02,2.000322899284649736e-01,5.002835129575244899e-02,-5.677697088850653523e-02,3.994543639006431501e-02,2.493094401211412847e-01,-1.798861364013530084e-01,1.710243204916147564e-01,1.177863750040791802e-01,-2.320788135245011041e-01,-3.028123755655843796e-01,-2.869693510718717699e-01,-2.345427660507023171e-01,-2.093740941887271279e-01,-3.693427419683802948e-01,6.731674970329808161e-02,-3.198831277535577611e-01,4.130205091675379081e-01,-1.673050069684455521e-01,1.658480015484207759e-01,-8.684686919091900992e-02,-4.824515226018055714e-02,-6.923397506642041399e-02,1.154779870808048392e-01,-3.452597605449557461e-02,-1.750386638245791937e-01,-4.939987345499569082e-02,-4.226836639983226618e-02,-3.424864235946205315e-02,-2.733433268630978616e-02,6.269643666677636798e-03,3.190767893553581591e-01,-8.279914121711383357e-02,2.001132002791824183e-01,1.576286704895252522e-01,6.185441509965972778e-02,8.221996405515219486e-02,1.503138831272224640e-01,2.262615641961953639e-01,1.138306952790820170e-01,-2.701936952465663899e-01,-1.809001576020403124e-01,-1.322358780234751674e-01,-3.076241845990218549e-01,7.470230300220163933e-02,1.324539563490253480e-01,-8.857340711559311131e-02
-9.838522800911257693e-02,-9.875685896719701984e-02,-2.884416510668591505e-01,1.726117895574843242e-01,4.655350546935589640e-02,2.481777167077583723e-01,-4.818319669296620283e-02,2.711988092249673077e-01,1.570483787665349629e-01,0.000000000000000000e+00,-1.799466058549183956e-01,2.761099261259874690e-02,-6.625152841780622415e-02,9.865684039826469465e-02,8.968942971933324682e-02,4.538683501274056731e-01,-2.927776501741185533e-01,-1.493052372158189256e-01,-1.810385735843701160e-01,-1.629172074906427015e-01,-6.510320558723724227e-02,-1.556501517329432656e-02,3.442304911232108716e-02,1.699750100257160779e-01,4.304740135564048831e-02,9.141039316332559561e-02,1.588373915006877635e-01,4.253064769909526734e-03,-3.483241877598606817e-01,-2.805334323552072240e-01,-3.484812184455924472e-02,1.222515961762425107e-01,-1.326238654213842960e-01,3.514868071855967863e-02,1.412929821137099340e-03,1.089002783006223773e-01,-1.087818498201744283e-01,-1.423559921519965688e-01,-1.056446311487578144e-01,3.646658339154559836e-02,-2.350361469436142436e-01,-1.748756650619532893e-01,1.304718850274026558e-02,1.024448914266796844e-02,-8.752159160923941861e-02,-1.152145488893657060e-01,-1.948798080853670137e-02,-2.323293989218970859e-02,-2.136952916961498139e-01,-1.073714630740951331e-01,-1.761539925248647720e-01,-2.609188675887213690e-02,-1.287680088910203302e-01,-2.271056581628460788e-02,2.671162960367530134e-02,1.336169020304294186e-01,-5.069945812529243895e-02,-6.102640098119417600e-02,-4.051336080834493092e-02,2.119978983176674103e-01,4.187156812872891432e-02,3.534032366547335546e-01,-2.255613968070281083e-01,5.343300875257928073e-02,-4.772310774312998188e-02,4.148606947083259278e-01,-5.593351910373056549e-04,1.315684134185836351e-01,4.176738300709338658e-02,2.364428652091336500e-02,-1.533840049433985997e-01,-7.001332724766802518e-02,-2.028507912423320181e-01,-2.006049901442598371e-01,1.987085966824203923e-02,-1.305476280132606137e-01,1.615619381366233120e-01,9.967489161211295912e-02,-2.346371656479729617e-01,-1.010558056071104022e-01,-1.304576602600817647e-01,1.642181202269194784e-01,-6.113509527800152499e-02,4.238333819291651566e-02,-1.753945111901505094e-01,1.849718955808549448e-01,-1.957255307103683930e-05,1.777913471170400050e-01,-5.943200315356716307e-02,2.303588427854949550e-01,-4.141831377422554306e-02,7.772901189426893731e-02,-7.231233036925645286e-02,1.449723732044556068e-01,7.292582051159487988e-02,-2.571760462367374614e-02,7.184795085159022265e-02,5.734702167752573493e-02,4.403880414926613501e-02,2.717007805802044984e-02,-1.424135222144294055e-01,2.575601322318279637e-02,-3.137340845464885175e-02,1.083755026768703014e-02,-9.186612548686853841e-02,6.523253063642492355e-02,-1.387221242217982764e-01,4.546231463285556329e-02,3.113978031078307174e-01,7.855013636944857547e-02,1.121184848758347841e-01,-5.555524513041142087e-02,2.939723829609720146e-02,1.187981827728857714e-01,1.064129772968075843e-01,-2.966087957806485265e-01
4.349983431138810253e-01,5.013336378556522144e-01,-9.186503465318104911e-02,-3.232090680462145760e-01,-1.744194645976256952e-01,2.207504963770135636e-02,2.968983097809854144e-01,-1.499235740845615839e-01,2.122693166232937911e-01,-1.799466058549183956e-01,0.000000000000000000e+00,2.149678323880215847e-01,6.812193019385412995e-01,2.328092287166599050e-01,8.354004053105229533e-02,-4.690009019969588189e-01,5.607974946614201484e-01,4.680752878274415663e-01,2.636346273638639492e-01,2.034407644064153697e-01,-2.639817941579871707e-01,-4.520148015535665476e-01,-1.424793094690951778e-01,-4.559005156350531274e-01,-5.807051798731050624e-02,2.579616022885193941e-02,-1.798834229635145818e-02,3.546261596900603802e-02,5.907107049807941435e-01,1.804524261590698953e-01,1.985324311533338271e-01,4.673799542810123941e-02,1.906269008740986426e-01,2.206475641303433655e-01,-2.065422389606810794e-01,-1.495056169550345315e-01,-3.482609875019772039e-01,-4.851606081690014172e-01,-5.097440285439124308e-01,-4.164782827228410422e-01,-2.448884627421877846e-01,-2.671602158747416467e-01,-8.473241448452635549e-02,-1.691262715787877069e-01,-1.625844403449568931e-01,3.790684015128580747e-02,1.632879995521289811e-03,-1.034354652604251301e-01,1.810469774795634978e-01,1.813666872614143333e-01,1.317019887675556777e-01,1.166671532523462923e-01,-1.026736204454110069e-01,-2.644956000187316178e-02,-1.041217847577175087e-01,-2.550540482524829011e-01,4.395333505893172510e-01,5.080010088583851724e-01,3.098001116313321424e-01,1.418790803623209140e-01,5.616108675599562616e-01,8.545625483817909096e-02,5.297378808928183691e-01,4.168545703304860628e-01,-1.273683010597702892e-01,-3.715058385921811146e-01,-2.855692559073541581e-01,-5.070823745794381665e-01,-8.680272817079486003e-02,9.750082298466621056e-02,9.732117698977850451e-02,7.988438499550713778e-02,2.487723238021495031e-01,2.090157564861602479e-01,4.221436953511741204e-03,7.364212416779002124e-02,3.638103752947157571e-02,-7.196426855821204177e-04,2.502773010110502239e-01,4.274920211565280681e-02,2.341801519660765829e-01,-3.622690669111174044e-02,-2.734360847628675151e-01,-3.625668285172179983e-01,2.823452035031413440e-02,-4.687014035188670769e-01,-3.157742844815850103e-01,-2.959770370604244971e-01,-9.998194891843270593e-02,-3.170187211858620513e-01,-6.864896232784356567e-02,-3.266157528286584011e-01,1.715062318099714322e-01,9.234471842685751386e-02,-5.453577069947260769e-01,-5.362342615337181151e-01,-4.599036110251998877e-01,-3.940307640213338014e-01,-2.347675593298953478e-01,-3.114636242293026269e-01,2.381321970897428697e-01,-5.211355117935735637e-02,-1.259458866386716225e-01,-4.942931847399342077e-02,-5.563842039828734154e-02,7.240475859732213582e-02,-2.818649713070228713e-01,-1.223231102370154755e-01,2.097552604646223395e-01,-4.342489200213580647e-01,2.079137378970688857e-02,-1.919732600861856486e-01,-2.325012910375242048e-01,-2.286531759484621007e-01,1.298801351658662034e-02,-7.201219758832011486e-02
-3.897398837270280025e-02,2.629086895136302782e-01,-2.932258416235238307e-01,7.427670282459054862e-02,-1.224006449310108963e-01,1.745462379340550207e-01,1.480812326148911173e-01,2.132295003531658462e-01,-9.787007846514290954e-02,2.761099261259874690e-02,2.149678323880215847e-01,0.000000000000000000e+00,1.469919250506579456e-02,6.646455896743530545e-01,1.410555232335645726e-01,1.075591653075817777e-01,2.764372485706970695e-01,4.067053149538017442e-01,-1.167897817959777929e-01,2.948482779008004262e-01,5.747007419703768771e-02,-7.190234526417133010e-02,-2.630709251042838148e-01,-2.440582589589447293e-01,-1.442125600368045213e-01,-1.998208911297849610e-01,-4.534054454583198029e-02,1.726911216211831912e-01,5.215829930661750602e-01,6.336424939266367407e-01,1.996244826309371834e-01,8.112251544431690886e-02,2.554043193558946379e-01,3.839745021901452282e-01,-1.440238290298798685e-01,2.254473630323142533e-02,-2.749193816583483385e-01,-2.610278361906543942e-01,-2.336957301696582778e-01,-8.371697333868080571e-02,-3.258971885804531343e-01,1.522240960657048336e-01,-2.105534093493441061e-01,-2.627627667436486236e-01,-1.130686674022228916e-01,-2.530383405119044499e-02,-2.173239708299276041e-01,-4.299050912607670361e-01,-3.421974387147887209e-02,-1.575590800262873792e-01,-1.432428898524842620e-01,-5.207938879890253864e-02,-6.042176819515215902e-01,-3.052676604694312679e-01,-3.537732484238819697e-01,-2.961999592116197344e-01,1.676414241789013493e-01,2.594154517569024487e-01,2.736962318197808108e-01,4.848590545716098821e-01,2.996969697182292336e-01,5.168908758381755009e-01,3.176438551347041672e-01,4.863623078309512460e-01,-2.279096340716098290e-01,-1.269052942833058702e-02,1.341532295054470580e-01,1.348300405455749584e-01,1.091063159319004966e-01,4.772725168626324455e-01,-1.034318494007368805e-01,-2.976392830524612898e-01,8.769629349670053642e-02,2.496481585112199364e-01,2.561133822065232990e-01,3.624227664310208930e-01,-4.021022812144227354e-02,3.481994234644674724e-01,2.410575820249454826e-01,2.913250871723401803e-01,3.233433407543883087e-01,9.819185852335371445e-02,3.954178502271992607e-02,2.026761498124008132e-01,-2.869907164315764203e-01,-2.735973628068307309e-02,-2.786730522832641110e-01,3.709645287718894152e-02,-3.967458035576823527e-01,3.972849355722070375e-02,-1.640663671808500756e-01,-1.488783365889498889e-01,-7.241608631664288309e-02,1.011460558392964365e-01,-4.384583030432572248e-01,-2.930855412461068621e-01,-3.161273873400248791e-01,-3.712865066917061529e-01,-2.322810045715058835e-01,-4.890753793540837946e-01,-8.080771772295262945e-03,-5.217573081852067834e-02,-2.195193804455545794e-01,-1.924299881892967967e-01,-2.563936641310515796e-01,-1.035037567537458597e-01,-3.404101649953935604e-01,-6.977296390018236649e-02,2.720763723039818505e-01,-3.914440289165437847e-01,1.260909914547575505e-02,-1.495446047555685776e-01,4.010822522375936949e-02,-1.600173388830749832e-01,-2.594278513619991400e-01,-2.706886969218548211e-01
3.988392630931910099e-01,5.051842779241116910e-01,-4.019102803929308632e-02,-2.565868938521704279e-01,-2.095880900962660276e-01,-9.372607704699803532e-02,3.737793713090361014e-01,-8.923102946535502178e-02,1.305692448864217634e-02,-6.625152841780622415e-02,6.812193019385412995e-01,1.469919250506579456e-02,0.000000000000000000e+00,3.403628599790572973e-02,1.326256481560964262e-01,-3.015572096406690661e-01,3.568189791021798563e-01,2.782236933655098388e-01,2.515353777603327456e-01,7.347613347231611580e-02,-8.980937431508811963e-02,-2.232133286607086153e-01,5.487792273362435136e-02,-2.553483739559549992e-01,7.344512445333296891e-02,1.270606283996732477e-01,-7.343721033527562947e-02,-2.045490882553235509e-02,3.237443951807579268e-01,-1.982279367974738860e-01,-2.314625955224984266e-01,-2.857894117452944860e-01,-1.971715458721911285e-01,-1.559721912623376616e-01,1.221044510688687329e-01,4.564037371732471149e-02,-2.502491069993045825e-01,-4.197822366585494125e-01,-3.055119036974933144e-01,-1.866031901368899182e-01,-1.051832680150661947e-01,-1.107581340275158033e-01,-8.596164042036429087e-02,-2.442677803877859877e-01,-3.162410036274281716e-02,6.942568916071466256e-02,-2.630248458251983543e-02,-1.369258547639387591e-01,3.048557481265798744e-02,4.398330803786414805e-02,8.799039015307325018e-02,8.990418510249309492e-02,-8.777581823765694125e-02,1.558917256944998726e-02,-1.067889552021715066e-01,-2.968802097285101471e-01,3.294693620265671252e-01,5.021707945963975739e-01,2.170621763286441630e-01,-4.586961841699546683e-02,5.474005599679631073e-01,-9.881734821676736724e-03,3.076263564999049960e-01,1.719094354280634729e-01,1.365909989330528485e-01,-1.311097375142877275e-01,-4.304505561176521361e-02,-4.004596697356136437e-01,3.222834282207627521e-02,-2.741806536588296123e-02,-1.944148643254133280e-01,-1.314155584694366441e-01,2.376808985583572509e-01,-3.655167480726947971e-02,-1.583614408214785996e-01,-8.019574192411413338e-02,6.932605903962756055e-02,-1.055231356530108022e-01,1.674960161910061252e-01,-1.457368112915112188e-02,1.934158073207288275e-01,8.790641762708817364e-02,-1.361947377647014512e-01,-2.015693664428097054e-01,2.612824357388184304e-01,-1.538127699655567338e-01,-2.734271951512367571e-01,-1.142902039193576837e-02,3.121111023910544055e-02,-3.695161072162689297e-01,-1.412990263112127720e-01,-3.774483878031308359e-01,-2.253806489629590903e-02,-1.242019728885095237e-01,-4.209536659760148569e-01,-4.761944707705931812e-01,-2.181044315159776092e-01,-4.384645580517367303e-01,-3.470975922879980247e-01,-3.420610941537343686e-01,-2.012787382161405625e-01,-1.394679302323953984e-01,-3.828561799988035030e-01,-2.129311335020252216e-01,6.222195797311328574e-02,2.599404751775659106e-01,-2.704351916799720423e-01,-5.417021882781418440e-02,1.021844916938120379e-01,-6.967486133783604152e-02,1.130501435261324350e-01,-2.817230538785279181e-01,-2.352989513832928203e-01,-3.387481359225117949e-01,-3.887855864008513823e-02,6.265901034399738723e-02
