0.000000000000000000e+00,9.231447698266384005e-01,3.515262654799627406e-01,4.391230531410458826e-01,-1.071635905851164722e-01,6.052988210022295507e-02,3.803887232101925142e-01,1.839049724361291882e-01,-1.441943399014171956e-01,-3.939903825775018659e-02,4.997279348977403113e-01,-4.663551829678209970e-02,2.825212822874797469e-01,-3.999783941839430979e-01,3.077975420440362195e-02,3.736532743568276443e-02,6.246824007664744105e-01,6.195932512468168563e-01,6.617718123406036712e-01,7.846419154970784016e-01,2.283273547774943707e-02,-6.369587101682627761e-02,1.158175247339670449e-01,1.467108170864855066e-01,-8.629513949156224217e-02,5.855184005583956991e-02,1.330652731949243384e-01,2.089526363732082392e-01,5.140470091820390497e-01,2.501602753624435627e-01,2.399542694148399102e-01,7.218753306877057074e-02,4.285302260560583942e-01,3.606786474519454444e-01,-2.426391866339476788e-01,-4.395191153628597580e-01,-8.000470467950311637e-02,-6.007091329458356249e-02,-3.402590206550515362e-01,-2.755279627588115288e-01,8.150624653160976063e-02,-1.182017708388354849e-01,-4.379140334160991910e-01,-1.776211364853158281e-01,-2.520767641559802930e-01,-2.617603572669014445e-01,-6.575551688478329382e-01,-6.386554563809874185e-01,-4.289836204378341122e-01,-3.891393065287557240e-01,5.306826396495460327e-03,-1.873983019008077086e-03,-3.392375828331477550e-01,-3.095243668112411251e-01,-6.066431219026720001e-01,-4.680339823237149033e-01,8.943498872055419824e-01,8.592989630364666898e-01,1.104484298708302559e-01,3.403357943050053496e-03,2.731436141204633405e-01,-6.681876643537573712e-02,1.857764803955988531e-01,-7.165984145688870932e-02,-4.998458193429329566e-02,-3.569161213433598712e-01,-1.576664133623812691e-01,-2.675713964159778246e-01,8.484554724449331342e-01,6.883412494150882299e-01,1.462025255445527708e-02,1.224352323143329258e-01,-1.689578648582651041e-02,1.973527840799918498e-01,-2.958547660454768358e-01,-9.346534690115501642e-02,-4.270927333279837118e-02,-1.388322058816576221e-01,4.578015847607767030e-01,3.494697203476756497e-01,4.267411032296863915e-01,4.143101104632243015e-01,-6.153656044646856754e-02,1.786079523872160027e-02,5.191360857219774472e-01,3.554528645109045204e-01,-2.047125802722953303e-01,7.830809560465949032e-03,-1.057556907043924188e-01,-3.351518894490665978e-01,-6.930862984009571459e-01,-6.195429221818977705e-01,-4.101627785778594326e-01,-4.415651869186325573e-01,-2.242334271991666683e-01,-2.567000400154609285e-01,-3.638705548407614176e-01,-1.352839625934486867e-01,-6.184238870297508184e-01,-6.038043585131334101e-01,-4.827084968509651186e-01,-4.116045001411396398e-01,-4.567467609865333289e-01,-3.844141373749688229e-01,-2.096647177320225264e-01,-2.234002270723225714e-01,-3.798311616593127993e-01,-3.514262900909146392e-01,-3.768876618641028159e-02,2.039141823293701486e-02,-4.350774839299699215e-01,-4.039648052297962200e-01,-5.051027036599120557e-01,-2.930628190681272560e-01,-2.959544051568554490e-01,-1.802060761768413677e-01
9.231447698266384005e-01,0.000000000000000000e+00,2.817654490815167945e-01,4.034730174397436753e-01,-6.086413960702156956e-02,-1.267313636331014563e-02,2.561293261244563801e-01,7.384262783958811527e-02,-4.872597576931733676e-02,-5.358779692669254219e-02,3.898413868247490588e-01,-1.097776832935711128e-01,1.786646451832631932e-01,-4.106630400642312662e-01,6.928633645362711202e-02,9.296271500850095126e-02,5.939409708560069445e-01,6.313404437554444026e-01,6.441945475502875995e-01,7.811987367879658084e-01,4.609910006870879262e-02,-1.078878777900049886e-02,1.611696488224595158e-01,1.263685260344758754e-01,-8.868266732541640884e-02,4.310845394094761640e-02,1.184046765001841583e-01,2.079913980778137772e-01,4.504747775721643088e-01,1.664047158126911730e-01,1.409007774027716264e-01,-7.388618231208204934e-03,4.104758837924852299e-01,3.395132425919373809e-01,-2.419641798890908579e-01,-4.602146175134165240e-01,-1.150176910461223057e-01,-8.633541257625222676e-02,-3.649361220510197734e-01,-3.058024394294865944e-01,8.839590961695208138e-02,-1.212545207458524954e-01,-3.997511125895002460e-01,-1.433815120470786630e-01,-1.458933278259814392e-01,-1.328670841503660216e-01,-6.071385485919952307e-01,-6.004369625403117583e-01,-3.204142498710760290e-01,-2.903643271121775227e-01,1.966589563677530531e-02,2.477126871197352434e-02,-3.835438162392155181e-01,-3.565536763328137626e-01,-6.471048249437781896e-01,-5.471294914256970010e-01,9.295551265836937693e-01,9.386960846487393262e-01,1.433275567254022886e-01,-1.710500100822804487e-02,3.114627880004274818e-01,-9.121927198780220569e-02,1.853790018276317564e-01,-8.621068734807153799e-02,-1.494209568392121726e-02,-3.207781185703990623e-01,-6.579608678906105623e-02,-2.175701735362879086e-01,8.523965511637038306e-01,7.397756892080116220e-01,-8.113880746837136282e-02,-1.533068341414566167e-02,-1.535529327238846498e-01,6.960215109193498839e-02,-3.349014229283878152e-01,-2.218809347449879343e-01,-1.882669998635970454e-01,-2.354729620560104819e-01,4.349218613872783967e-01,2.837243633404629151e-01,3.944523591475332935e-01,4.230404505974479368e-01,-2.205432784661926632e-02,5.022855864965650174e-02,5.332157672745279076e-01,4.101307802694893478e-01,-1.836457731451163755e-01,3.629125392962113342e-03,-1.647069493149866670e-01,-3.696694757672020493e-01,-6.701602546975996555e-01,-6.750042508691432852e-01,-4.175908182841401306e-01,-4.815591415424071431e-01,-2.461762121512417190e-01,-2.931409712858306649e-01,-3.259986046577600938e-01,-1.259848544986378605e-01,-6.623986999537356812e-01,-6.657690901934155692e-01,-5.318197847907994991e-01,-4.228087343258576380e-01,-4.845440693412081945e-01,-4.001969677427825167e-01,-2.410009445469091516e-01,-2.558358470095128401e-01,-3.979729554845308770e-01,-4.183654317474346795e-01,-3.524435279557416867e-02,9.114430272327739280e-02,-3.891571022782277511e-01,-4.334914114515135419e-01,-4.764931448426647509e-01,-2.802826591604441475e-01,-3.172879399160107861e-01,-1.933302009233978103e-01
3.515262654799627406e-01,2.817654490815167945e-01,0.000000000000000000e+00,5.103375186830808596e-01,1.690303787084417586e-01,9.115010652187151285e-02,4.156978298831552343e-01,7.500451124358949173e-02,2.090236589010923685e-01,3.009899820416772065e-01,3.354338786702799891e-02,4.371000948276963088e-02,3.430077821566213658e-01,-1.911731604272412510e-02,3.354455624844379091e-01,2.177486739404514149e-01,3.592668313138442926e-01,4.380092257448475745e-01,3.398162428102513011e-01,4.545209187923308081e-01,2.931397193292270553e-01,2.359250417588893423e-01,4.656783692096519989e-01,6.662917228458171692e-01,2.820587340856169911e-01,2.834962657158086041e-01,4.024638123598159867e-01,1.281672215894313072e-01,4.509799384767254615e-01,3.134596544680443575e-01,2.198036851122419921e-01,3.809161416424482471e-01,2.583064850167190452e-01,2.527701800222568185e-01,3.884482181257498667e-01,2.060110535665476417e-01,-1.291014310164471102e-01,-1.476666728372582060e-01,-1.910566031195041758e-01,-3.247274741107292889e-02,3.992066730623426013e-02,2.809985876067213062e-01,-3.317568343583858770e-01,-3.387837604833435767e-01,-3.192864329043930138e-01,-3.753678014098944526e-01,-2.900517855003690859e-01,-3.792929829197134728e-01,-3.966511907619705846e-01,-3.988093586185808004e-01,-2.271760804866793104e-01,-2.900924186830761142e-01,-4.621405505036588757e-01,-4.570543875496637654e-01,-2.483550840021713779e-01,-2.076223513646845709e-01,2.587121118529049357e-01,2.033181884473514722e-01,-9.043937852583087966e-02,-8.917841704232806754e-02,1.261239186651559596e-01,7.175630825572165694e-02,2.193562510842731461e-01,-3.810213102903674265e-02,5.409373949319900010e-01,1.986231944078573064e-01,2.951823171516614885e-01,1.823907428672704445e-01,2.709411077516286626e-01,1.959096528591731945e-01,-3.362029325808392477e-02,5.475562925469779768e-02,1.088229362239945819e-01,5.339758748341082162e-02,1.520863541747049241e-01,1.741270901368143498e-01,2.144782600588510391e-01,2.239203153540616775e-01,2.550138893531964657e-01,3.939097168508263191e-01,2.226198003609651532e-01,3.145241589109226132e-01,2.078520069939963355e-01,2.606447136176833212e-01,9.876837565097792981e-02,-2.029711979586346360e-01,-7.481371750197121119e-03,2.031285990919548187e-02,-2.345498538583480896e-01,-3.893010705275582461e-01,-5.261920194463762801e-01,-4.484806186612072532e-01,-4.698331702809348531e-01,-3.337403114322869957e-01,2.708189235703566469e-02,-6.337730570685418813e-03,-1.338237767741789173e-02,1.692464572508357162e-02,-2.780008459855605740e-01,-2.659435168710385655e-01,-2.365576763564060103e-01,-1.383610650071993575e-01,-3.013465805658482963e-04,-1.201746990365385598e-01,5.754964906832267524e-02,-3.465451010470944452e-06,-1.919897721495628790e-02,8.126790262525900033e-02,-8.445645358349923582e-02,6.248399394132153964e-03,6.473461050890821911e-02,-5.305078912207858988e-01,-5.334699452263715891e-01,-3.297512689361820626e-01,-1.869934217892005660e-02,1.395583390307641308e-02
4.391230531410458826e-01,4.034730174397436753e-01,5.103375186830808596e-01,0.000000000000000000e+00,-2.530087004545366475e-02,1.224178896715695103e-01,3.811816743135302832e-01,5.469614395389751360e-01,-1.442586443273107255e-01,8.147404942679477291e-02,2.434089379754845461e-01,2.332275841008571160e-01,1.695892662661549477e-01,-1.443226298292440146e-01,-1.689461884125811886e-01,-9.012284424558748841e-02,3.971941514010491336e-01,3.062411318557499706e-01,4.075884492613242593e-01,5.455186567987528878e-01,-3.654377045496265408e-02,-1.730053428459039644e-01,5.423186382400968508e-01,6.474085678189338555e-01,3.457516422663893807e-01,3.490788804300536952e-01,2.729938059891600100e-01,3.511438102841785147e-02,3.407715437756447807e-01,3.107861761961400182e-01,2.440227085791102923e-01,4.441316379509598899e-01,3.129138159278141984e-01,4.163516310886581917e-01,2.184527693095361933e-01,1.472660763131135864e-01,-2.382522875483058244e-01,-2.299881342403676254e-01,-5.473108325068213320e-01,-4.606236502026952451e-01,-3.218688377466292772e-01,-1.195215120850062762e-01,-3.803604323663604125e-01,-2.297005779275688719e-01,-1.904709442550598930e-01,-2.022723495822625062e-01,-4.221443141104682661e-01,-4.150600390988954946e-01,-1.827245883741417942e-01,-1.254883190849285790e-01,5.104914717517227557e-02,4.172613971020321805e-02,-2.408633900931920757e-01,-2.393262663018341230e-01,-5.773832943513798055e-01,-5.864341962565960964e-01,4.042804468555447062e-01,2.617793139997049989e-01,-2.118287414635002530e-01,-8.214643712789174157e-02,1.168354906980193092e-01,1.921425915112814631e-01,4.175984574057376580e-02,3.405559784566923598e-02,2.843480987034418539e-01,3.472390810351434487e-01,-5.254089057125224454e-04,2.454022891768648518e-01,3.465152366414246954e-01,3.798467980978877945e-01,1.741305099710828141e-01,2.015143100390909825e-01,2.483871237107686258e-01,3.536341388738958313e-01,-9.839101440335160098e-02,5.543660400087801338e-02,5.832679137533666736e-02,1.461790577610293284e-03,3.169697239764949770e-01,2.888722965640003193e-01,2.980010786853353744e-01,3.560175161335223382e-01,-3.108630420960171170e-01,-1.512458297713538680e-01,1.239819891680149083e-01,9.107781355719944683e-02,-4.713141137619121790e-01,-3.044641783823341386e-01,-4.645299751507889763e-01,-4.961464538231613042e-01,-4.134617709547200870e-01,-3.793350548414355927e-01,-2.847129743973578764e-01,-3.398837024160882292e-01,-4.712442309451383426e-01,-4.562807542558323104e-01,-4.614353132918242451e-01,-2.798450915183333110e-01,-2.731389250649590705e-01,-2.831955712049687990e-01,-4.254853585922686587e-01,-2.199658279991051346e-01,-2.341579000748779671e-01,-2.220002357453357278e-01,-2.072359491417645819e-02,-6.462354338214515437e-02,-5.143904796480940761e-02,-2.216501659157900928e-01,-2.431372887252226389e-01,-1.078618503499657322e-01,-3.565180911761652548e-03,-3.756572465776418790e-01,-3.833049175311525891e-01,-1.438978655505366855e-01,4.128130220333887240e-02,2.084423781411621490e-01
-1.071635905851164722e-01,-6.086413960702156956e-02,1.690303787084417586e-01,-2.530087004545366475e-02,0.000000000000000000e+00,6.136059709973115117e-01,-2.802825738713713433e-01,-3.866282175505906804e-01,5.279226275962783932e-01,6.364383276844648440e-01,-3.022019666711792119e-01,-3.219968249360383727e-01,-2.234537623391653072e-01,-3.097673565583752148e-02,5.192925971317542411e-01,5.940128479228792280e-01,1.132953129622773711e-02,6.924567020663435768e-02,3.809920554049976964e-03,3.836078759487363682e-02,3.788310285820987722e-01,3.552863829710258825e-01,2.113840008269503024e-01,2.995649968441976285e-01,7.042159686015971864e-01,5.867805860296284592e-01,6.170202257751539188e-01,5.999223566649087847e-01,1.089119773055143986e-01,1.335355321495251268e-01,-1.096518760567071066e-01,1.010708965002690835e-01,-4.872398399683657705e-02,-5.400490773752820300e-02,2.139830598640168613e-01,1.654486387582407569e-01,6.766960992396744458e-03,-7.093871091377741689e-02,-7.278244721261058377e-03,8.180285887714586548e-03,7.552975756723914746e-02,2.285631637737667587e-01,-1.305119236822544770e-01,-2.452161833589542039e-01,-2.955648007792068821e-01,-2.680438275140300530e-01,-1.029150408147234130e-01,-9.828426106576987342e-02,-2.143360831753677864e-01,-2.946766766431887508e-01,-2.682035837856443505e-01,-2.566417437785126210e-01,-2.445829582226601573e-01,-1.363614850548165169e-01,-2.058686280877950192e-01,-2.223088322156565322e-01,-2.225470875719060687e-02,-1.031151322134534615e-01,-4.162348484076911492e-01,-3.622161146532727471e-01,-1.210424923167916500e-01,-1.962168430201511049e-01,2.438435038491109253e-03,-2.172925949999109096e-01,1.090603664819402158e-01,-9.547421897076566188e-03,-2.760761122313782831e-02,-5.031364817088779251e-02,7.582317847154168740e-03,6.155793851018121626e-02,1.694491212653850831e-01,1.548970037799864419e-01,5.155496618830112537e-02,3.698718478133612708e-02,2.392759924868557153e-01,2.952943915798585377e-03,2.353104495448038180e-01,3.452778728038302658e-01,4.061894474258014309e-01,4.771922503198682275e-01,1.963476213009794913e-01,2.320360657690663797e-01,3.028173957324520327e-01,2.625103529511499389e-01,1.834185190757436357e-01,2.294129298337073408e-02,2.501017026850675395e-01,1.457155152434151391e-01,-7.117200792299761825e-02,-2.530143521170870047e-01,-2.534941167076366075e-01,-2.466211021835639783e-01,1.161585368267882418e-01,8.787223474224321873e-02,8.121754188321857193e-02,3.181216948840792647e-02,1.267485624988003989e-01,1.284828352435552455e-02,-3.931386132796840238e-01,-3.641342086721914284e-01,-7.621350078873539990e-02,3.103760650252993056e-03,-1.079228796350873744e-02,-1.452381781723817988e-01,6.297793250976006785e-02,7.851811071990764945e-02,-1.347854192288099884e-01,5.358351801310884399e-02,-3.904788793496601351e-01,1.634480820198716822e-01,8.430872958237883852e-02,-3.905039667287489302e-01,-1.972533677533523655e-01,5.444795422428042736e-02,-6.330005630363892688e-02,-2.402916384587703014e-01
6.052988210022295507e-02,-1.267313636331014563e-02,9.115010652187151285e-02,1.224178896715695103e-01,6.136059709973115117e-01,0.000000000000000000e+00,6.660081293394472766e-03,1.015989825954905466e-02,5.969836970732995962e-02,7.151064851451377491e-01,-1.564599174020169237e-01,-9.780671588601190514e-02,7.477332249756997364e-05,-1.829044320504531473e-01,3.792518306851099252e-01,5.768822366343205887e-01,-7.164271838794590043e-03,-3.067705092127551506e-02,2.449593237993206996e-01,1.734805847025182590e-01,3.561313632207476765e-01,2.276243477183053643e-01,2.009294985510582388e-01,2.243326428220716040e-01,7.067714821149909676e-01,7.420845514959637512e-01,5.317697278073999501e-01,6.641161906644382773e-01,2.680650060900678922e-01,3.714238170290836694e-01,2.822113718533243443e-01,3.948769731575142439e-01,4.922770018836952061e-02,1.030856085170509667e-01,1.164059453217778789e-01,6.252327868814108736e-02,2.494255989308023780e-01,1.578854868072918916e-01,4.340149750911225651e-02,8.182322531594683757e-02,1.073280006562762207e-01,9.344091290501534142e-02,-3.815407769170066632e-01,-3.099235666057571503e-01,-3.919239640979440553e-01,-4.452860523349559951e-01,-4.022969089202472204e-01,-3.798945735553441727e-01,-4.422072062689048066e-01,-4.514492940862702142e-01,-3.988281169528474224e-01,-3.651150162340928707e-01,-2.018886881745638739e-01,-3.162955330692954897e-02,-2.294602751749021674e-01,-2.579644049210201850e-01,-3.894379398462848724e-02,-6.545540373130676048e-02,-5.335182842521805080e-01,-2.837228174928733138e-01,-2.549593172342726755e-01,-1.515240771895241256e-01,-9.946678868811979768e-02,-4.838798689043118800e-02,-1.436618633785364807e-01,-1.114585998437328390e-01,-3.051981872966164633e-01,-1.847381155021194932e-01,7.306808241164974849e-02,4.949766556472477014e-02,3.774305398040022630e-01,4.763439920605866962e-01,2.665908741229225942e-01,3.871783888629279358e-01,1.297171982008560320e-01,2.177773708127150598e-01,1.967727823321295255e-01,1.998426660984192471e-01,4.502134668862606270e-01,4.487753574676543455e-01,1.810028853499491830e-01,2.606113283906760225e-01,1.194245210513433658e-01,2.262859502465849326e-01,8.625540734007283716e-02,1.199889958619301672e-01,2.497394795823463798e-01,3.050539899372219366e-01,1.206521689433257827e-01,-3.926668374798897299e-02,-1.304846972159028895e-01,-3.211354432358540928e-02,2.024829548768101450e-01,1.850589895215062619e-01,-4.318019161590024718e-02,-5.843179983131047833e-02,-2.045516288195012577e-01,-2.576987040469667645e-01,-2.827077576497165068e-01,-2.253864280753949956e-01,8.208312339209961062e-02,1.338750734260883701e-01,5.513683226226420014e-02,-7.857816056763694545e-03,1.227947442519402160e-01,1.491411088001671215e-01,1.623101241550579110e-01,2.164748988715206046e-01,-4.011951944078954724e-01,-1.796683740577938726e-01,-1.646196368508422436e-01,-2.065267650442960956e-01,-6.752230486614597960e-02,9.810206242817864908e-02,-1.999809204786358596e-01,6.273229098858267017e-02
3.803887232101925142e-01,2.561293261244563801e-01,4.156978298831552343e-01,3.811816743135302832e-01,-2.802825738713713433e-01,6.660081293394472766e-03,0.000000000000000000e+00,5.224798663343427352e-01,-2.212241563916529374e-01,2.905436700996572377e-02,4.855780482237386786e-01,3.045396818422196339e-01,6.379336453246244876e-01,1.139306384673202804e-01,1.257977899791926923e-01,2.011419023266101946e-02,1.881781165291840086e-01,1.735473296541175103e-01,5.342978068071778663e-01,3.396989783357813319e-01,4.660722769455058652e-03,-3.299158765236905044e-02,3.366251724006174562e-01,2.151109986315607736e-01,-4.572784587815635626e-02,2.626651016259358776e-02,-1.028773291153170372e-01,-1.023389360720039672e-02,4.037620590460084258e-01,3.541152183478455395e-01,4.430769834659651352e-01,3.381099885890557766e-01,3.171510205329198806e-01,3.172117914270627947e-01,-1.716976948203233211e-02,-4.184578639720556992e-02,-2.409333119043859106e-01,-1.400111579270640894e-01,-1.605966483778826503e-01,-7.471668804488608429e-02,-1.155199900464813773e-01,-6.590063628558062714e-02,-1.851997078346839243e-01,-1.968660860061963724e-01,-7.557025725219478074e-02,-2.174035949974041648e-01,-4.342226778634934448e-01,-4.918563771991429356e-01,-1.336407925304384514e-01,-2.264634510596086614e-01,1.280562561660205691e-02,-1.128563373620456306e-01,-4.072942267636076585e-01,-3.309991387112226624e-01,-3.346849492992853281e-01,-3.917675936979532758e-01,2.361528760360603607e-01,1.907387773320348978e-01,-6.368215913725056021e-02,-2.538408390981728990e-01,4.418400819333710983e-01,2.592882984655353606e-01,4.690375676596444943e-01,3.724351650131681457e-01,2.853542369490251196e-01,1.395649067718774880e-02,1.962134099755660430e-02,-1.683310952061449484e-01,6.177281787700836246e-02,-5.155287530367221732e-02,1.570955253813602903e-01,1.404075319846506686e-01,1.683096854115648244e-01,1.159638237689985391e-01,5.145997916850229142e-02,3.040485313079742125e-01,1.732134782372957843e-02,-9.244068642349619058e-02,1.500329038645418223e-01,5.746149571112695725e-02,1.800206464345021629e-01,1.669597927300044138e-01,-4.136350294710881143e-02,-1.016318285206327388e-01,1.589391677977081696e-01,-1.629172005971000481e-01,-1.737008904338881166e-01,-1.026746328930139007e-01,-3.808841557340832823e-02,-2.298939363585972839e-01,-3.520542913242294958e-01,-1.731491723770966773e-01,-2.709113095685202754e-01,-2.363761993608546885e-01,-2.880964198665468823e-01,-3.134683561825910014e-01,-2.977032831506815636e-01,-2.716458616150176919e-01,-1.805032491830649843e-01,-1.407912895221618554e-01,-1.722163508601445570e-01,-6.745070094765084900e-02,-2.045715427388177798e-01,-1.708254933708166778e-01,-1.162376793375477779e-01,-1.749445876312356318e-01,-1.045630002157763305e-01,-1.717805989253328447e-01,1.284930116808899285e-02,-2.492038251520257430e-01,-1.102270779140907403e-01,-1.621162953462267908e-01,-2.916410804516743616e-01,-1.240455067562927643e-01,-1.260667291159990877e-01,1.483098302556440651e-01
1.839049724361291882e-01,7.384262783958811527e-02,7.500451124358949173e-02,5.469614395389751360e-01,-3.866282175505906804e-01,1.015989825954905466e-02,5.224798663343427352e-01,0.000000000000000000e+00,-2.629027787504469860e-01,-4.596049525365056981e-02,5.182559850373246180e-01,7.104735729468356631e-01,4.557472252560588188e-01,1.733841669413464237e-01,-4.254045333093927073e-01,-3.242882046154789699e-01,5.374474860445915825e-02,-4.893692246788528682e-03,1.987591500687410084e-01,2.078016775257262860e-01,-3.098835510196525922e-01,-3.737328116313284876e-01,1.524274213666352018e-01,1.728042956230560756e-01,-1.198132296043246670e-01,-4.076050901867624837e-02,-2.749669142001739397e-01,-3.012139583004964094e-01,1.336665134736131078e-01,2.218506180640336667e-01,1.987099859211284292e-01,3.414068441866272563e-01,2.350785274345887910e-01,3.897630178067595930e-01,-6.732309713174803624e-03,6.171116103832357397e-02,-2.151820047085141741e-01,-1.486259101505696401e-01,-3.830871325770555114e-01,-2.906038763497528210e-01,-2.556669024307507976e-01,-2.147240664083626682e-01,-1.999957065913948173e-01,-1.313960895428842868e-01,9.965247729659812426e-02,3.212774650694212586e-02,-3.147361013507718464e-01,-3.062618748829716853e-01,5.626552006610877066e-02,6.172923454694893147e-02,1.462813735828359385e-01,9.167777160806100945e-02,-2.179334147642901232e-01,-1.326397827426247789e-01,-3.156623815831045565e-01,-3.323033189417733402e-01,5.137767093406234165e-02,-4.511549674898951076e-03,-1.409909123482467608e-01,-6.815848362483431511e-02,3.449401442471886070e-01,5.448910239543298673e-01,2.326432538345604428e-01,4.944360700522111851e-01,5.464986472833203990e-02,3.342661138678250099e-01,-5.249711090336515312e-02,2.073417554495282644e-01,-4.341931703799881831e-02,-1.373561344785938394e-02,6.393115226173208543e-02,1.710137663969750754e-01,2.593899250588752592e-01,3.122308186304556532e-01,7.435774392440705483e-02,2.429286189167434995e-01,-2.103289816933030798e-02,-1.385725316697637433e-01,-3.661027507413048415e-02,-1.404629259954638110e-01,-6.348548227080782862e-03,1.372138619863942643e-01,-4.731634740971967235e-01,-2.893762273845036370e-01,-5.873139104350457579e-02,5.232145992543767166e-02,-4.993542484719063479e-01,-2.683815454985554183e-01,-1.989450834532904278e-01,-2.046599497347257324e-01,-3.859659434581052401e-02,4.902582476239168707e-02,-1.075226365959638525e-01,-1.515978880879123580e-01,-4.101047184209901109e-01,-3.754743558552846583e-01,-4.154686348876800439e-01,-2.285215360939856222e-01,8.089774733927784789e-02,1.603120341542211280e-01,-1.428169061706895115e-01,-5.690376884423601483e-02,-1.758806479084541463e-01,-5.237888383971206485e-02,-1.180875667951168662e-01,-1.120426129505826540e-01,-1.019166763306150469e-01,-2.318082834019863092e-01,-1.117689196391248585e-01,-2.162059596525452987e-01,-8.406615196058285500e-02,1.239730198913221448e-01,-1.882566900580770128e-02,9.032026981980735558e-02,1.134531234062182842e-01,2.384064851598801660e-01
-1.441943399014171956e-01,-4.872597576931733676e-02,2.090236589010923685e-01,-1.442586443273107255e-01,5.279226275962783932e-01,5.969836970732995962e-02,-2.212241563916529374e-01,-2.629027787504469860e-01,0.000000000000000000e+00,3.661140827386216712e-01,-2.206719539318120205e-01,4.912057942477248557e-02,-2.620618936036047718e-05,2.421070398934986323e-01,3.691709863612208098e-01,2.485737966684642142e-01,-7.410062739909498153e-02,1.668360390525940318e-01,-1.351568560559424925e-01,-7.834323133666696443e-03,1.540161446722676519e-01,1.559263747981768089e-01,9.922940035899795175e-02,1.740009006109534961e-01,2.517151337104621689e-01,-8.161152216714574748e-02,1.026313956339061501e-01,-5.821257651582260190e-02,-9.646788474633775923e-02,-6.417864394009847873e-02,-5.093806116453113431e-01,-2.104274571199363786e-01,1.265879533902222187e-01,5.805996758016047921e-02,2.886968393132013366e-01,3.027728237783386955e-01,-2.843235871957758287e-01,-4.488456636880197581e-01,-2.091807452774886722e-01,-1.287923768516897327e-01,-2.863830056331161111e-02,9.334092315107070381e-02,1.051007213137498952e-01,-1.249881745961348850e-01,-7.950822639621810128e-02,-3.312549451985635079e-02,1.099574550556536440e-01,1.086624634696169156e-01,2.689359491985570672e-01,1.341409189716796790e-01,1.254246415190320152e-01,1.147052225043679180e-01,-2.459446204457671203e-01,-7.458560302270185460e-02,-1.981993079397925683e-02,-8.497876219692723776e-03,-2.584478382472205765e-02,-1.426035772381819278e-01,-5.549470283816444229e-03,-3.107294558417021402e-01,3.861023033973983720e-01,3.030858521557667218e-01,3.959341436869104336e-01,1.976680838541923779e-01,3.230330736424372740e-01,2.153034169122385044e-01,4.106933555774314182e-01,2.084409237213855348e-01,-7.902628957040627733e-02,1.475394604741947849e-02,-1.897769555610091807e-01,-1.640423037252514427e-01,5.434154012730947614e-02,-1.812710576129818729e-01,3.883280995450556494e-01,1.008584250469567178e-01,2.860389446685632220e-01,3.560709064390696343e-01,-1.015132046431756543e-02,2.086155317908866200e-02,-2.204860348126567726e-01,-7.359536608516618894e-02,2.354243259858565529e-01,6.171720540694534268e-02,-1.280127451084270007e-01,-2.164770957405129925e-01,-2.158383606578322123e-03,-1.899224635440966980e-01,-2.944078870954269234e-01,-4.547704699080363788e-01,-1.092349593480535924e-01,-1.107417808326063569e-01,-6.436576602919566459e-02,-1.294501887378119442e-01,-1.078134848447921956e-01,-1.368983193905289053e-01,1.858535148704658080e-01,5.157480074403524017e-02,-2.533794716389745072e-01,-1.419617976845030938e-01,-2.081169813603911678e-01,-3.167135155216299069e-01,-3.003076216688148614e-01,-4.510530352999193027e-01,-2.921671023522116051e-01,-2.653547237110470691e-01,-4.330438173226976994e-01,-3.774295516795913574e-01,-2.481737830928171518e-01,1.004976114085984057e-01,3.623100498058052232e-01,-3.139718062372053309e-01,-7.940694539962792065e-02,-2.105355137647817731e-01,2.389897328357845352e-01,-1.629468337660214539e-01
-3.939903825775018659e-02,-5.358779692669254219e-02,3.009899820416772065e-01,8.147404942679477291e-02,6.364383276844648440e-01,7.151064851451377491e-01,2.905436700996572377e-02,-4.596049525365056981e-02,3.661140827386216712e-01,0.000000000000000000e+00,-1.881731185362787440e-01,-2.760105471579802142e-02,3.958771770397164630e-02,-2.585910708473136352e-02,5.301369490892570147e-01,6.463425544987465576e-01,6.521256092871755006e-02,1.173435036349527311e-01,2.326604044939894478e-01,1.615854577262050840e-01,4.850459049211151563e-01,4.365154223885083229e-01,3.206703974437464244e-01,3.671015103624160614e-01,6.470041351735735802e-01,6.214957410698447315e-01,4.944586551695560606e-01,5.491800391185308605e-01,2.730998038325890276e-01,4.183112486283091513e-01,2.612984915586537560e-01,3.918130681789765424e-01,1.406979646304194476e-01,1.561477684010943723e-01,3.287730762061605305e-01,1.640709123239460776e-01,7.686932590412352828e-02,1.996974358765018359e-02,5.930763419466508063e-02,1.479836391642151416e-01,2.130600702050035045e-01,3.318038234026423061e-01,-3.747469064964444874e-01,-3.864866672469361997e-01,-2.992575138403877899e-01,-3.691261959622944011e-01,-3.013424330092080994e-01,-3.812169046202865119e-01,-3.033902023765867595e-01,-3.762018020458611778e-01,-4.338877657903489893e-01,-4.675437651321949772e-01,-3.972318709562834838e-01,-2.559226492340411774e-01,-1.581226462862901083e-01,-1.867101242145066398e-01,-5.698392283054596469e-02,-6.085604155337604598e-02,-4.717110888723455298e-01,-4.904324218518734124e-01,-5.010092485873167065e-04,1.053362471598309480e-01,2.046651885818550343e-01,1.905020798155560580e-01,1.787140991214628549e-01,7.963613934958126139e-02,-4.453365870063018088e-03,-1.195071368016613483e-01,3.285268593377093510e-02,-3.161048925851211999e-02,3.226530645497867611e-01,3.432948654103724073e-01,2.670563511523468825e-01,1.765963431648270021e-01,3.634981698537284034e-01,3.356809257511979006e-01,2.546539556541320692e-01,2.676315504316922333e-01,3.825797857907157762e-01,4.225934285960776249e-01,1.732566005888417082e-01,2.461105753113021211e-01,4.601908596362167536e-01,4.538534817130197019e-01,7.634579100775325256e-02,-7.434908542819379518e-02,3.292328554902244631e-01,2.798757440492045667e-01,-8.493714511647846785e-03,-1.553033505297851946e-01,-1.704320227316796221e-01,-1.483716218324454827e-01,-5.003991069840939276e-02,-4.066401593476306163e-03,5.494967074785075956e-02,8.268231221346893089e-03,2.136151658069742471e-02,-1.377219301379241923e-01,-2.882359879487916832e-01,-2.583224494124802817e-01,-1.036871333186092231e-01,-5.850632177398975425e-02,1.546752619887619903e-02,-1.381476857394268176e-01,-8.464818658357474435e-02,-1.525665093656028981e-01,-5.174321193248712647e-02,8.097361479180380239e-02,-2.785917809666032530e-01,-9.664577987822433811e-03,1.520741941236875049e-03,-3.876880015574423188e-01,-2.185396857818061311e-01,-2.463594485429482506e-01,-2.366058949978309678e-01,-1.025948094872669303e-01
4.997279348977403113e-01,3.898413868247490588e-01,3.354338786702799891e-02,2.434089379754845461e-01,-3.022019666711792119e-01,-1.564599174020169237e-01,4.855780482237386786e-01,5.182559850373246180e-01,-2.206719539318120205e-01,-1.881731185362787440e-01,0.000000000000000000e+00,3.912781933633186493e-01,5.109113829994480493e-01,6.148558705643618338e-02,-3.380372533588457129e-01,-3.521066193952199219e-01,3.999136997710624475e-01,2.604811932371635663e-01,3.244553393465823277e-01,2.789150316794154483e-01,-3.276961889927330063e-01,-2.740177346750878873e-01,-1.285258814456891330e-01,-1.217726704746819322e-01,-2.521911701879989698e-01,-1.908790645977117284e-01,-3.009361431627801120e-01,-1.951845092062386433e-01,2.833785889238099598e-01,1.534606684725989822e-01,2.239219098597412805e-01,1.177096909833943855e-01,4.061214327363896204e-01,4.033569028282464330e-01,-2.571077180479113822e-01,-1.894176295641850083e-01,-2.486845738041797704e-01,-1.685402374290273786e-01,-2.767097549080186347e-01,-2.670005475663928540e-01,-7.983657555155616870e-02,-2.205675773670236484e-01,-9.786651441501283133e-02,3.714311664392544454e-02,3.729056244010973270e-02,-1.259272845021484726e-02,-2.899213801354063591e-01,-2.582875793130796072e-01,7.424397420059085373e-02,3.820955820683644838e-02,3.175353197763444157e-01,2.385871814168050720e-01,-2.470890751776411431e-01,-1.725550043058631522e-01,-3.511583060918961330e-01,-2.590092558345546969e-01,4.041601299701992889e-01,3.804582220285962491e-01,3.217140522184100959e-01,1.979836263784879799e-02,5.554075239700434485e-01,3.827754970291322167e-01,4.331163264913239219e-01,3.995855473563245108e-01,-1.166450343047544524e-01,-1.152174433654652441e-01,-3.490186678951695542e-02,-7.973646421317963362e-02,2.098899794375860828e-01,9.647705178970371331e-02,7.010881619468221915e-02,1.714238235884511796e-01,1.732694422548476387e-01,1.735705213376922129e-01,4.181160258655536310e-02,1.589675204508096684e-01,2.621371662422471507e-02,-1.383220375736022856e-01,5.408875683823929914e-02,-4.848498951642797594e-02,1.000469113615068267e-01,7.341912615594502201e-02,-3.091273157200049582e-01,-2.837146265029293346e-01,7.013375193162940668e-02,4.763203956778458426e-02,-4.860868267597069359e-01,-3.286992329807172930e-01,-2.015721888892076652e-01,-2.105764020067721898e-01,-2.877354043295466401e-01,-1.842286298883589468e-01,-3.366065807946238553e-01,-3.669264661459537002e-01,-2.997653629504120620e-01,-2.969821444005804056e-01,-3.037708669544050832e-01,-1.236293802301277195e-01,-1.986377942414755404e-01,-1.737601813266567985e-01,-3.275693205729888757e-01,-2.509413857933694980e-01,-3.378390615235883909e-01,-1.848821090141965773e-01,-2.892444294553974116e-01,-2.353724183307261686e-01,-4.165764590072603135e-01,-3.984992117033663850e-01,4.695720494277125755e-03,-9.162160725026875785e-02,-2.451244901458768666e-01,-8.963300002574108027e-02,-1.939174027952985380e-01,-2.048425088786491322e-01,-1.416493842073457410e-01,-1.435911408353067464e-01
-4.663551829678209970e-02,-1.097776832935711128e-01,4.371000948276963088e-02,2.332275841008571160e-01,-3.219968249360383727e-01,-9.780671588601190514e-02,3.045396818422196339e-01,7.104735729468356631e-01,4.912057942477248557e-02,-2.760105471579802142e-02,3.912781933633186493e-01,0.000000000000000000e+00,3.957253586032131731e-01,4.986974208868820702e-01,-2.386408980876285890e-01,-1.452657181621529459e-01,-2.903827729795041557e-02,-3.908522820606918219e-02,-1.246751808203132306e-02,3.450788964703284389e-02,-3.061253995081579804e-01,-2.132727002588517551e-01,-2.669483627366781367e-02,7.991479893831675285e-02,-9.982746984445915739e-02,-1.616968495927475491e-01,-3.135675275557618935e-01,-4.052104143294387173e-01,-9.708839015727409316e-02,3.248892343584096065e-01,-3.173589660517338318e-02,2.242214787100490769e-01,3.655901685559002634e-01,4.653914119945927741e-01,1.931079140335983380e-01,3.520621576482946824e-01,-5.730500363236481348e-02,-2.313357164227995699e-02,-1.927782327372762061e-01,-5.295691672894263513e-02,-1.762105949481786449e-01,-1.916688024342421415e-01,-1.697713397372736244e-01,3.466602890340251663e-03,2.584600739001233910e-02,-4.005471565838444881e-02,-6.774454667293544619e-02,-7.071481701869500314e-02,2.064993177513638201e-01,1.505146091086285998e-01,2.249421205158139980e-01,1.310174190415476780e-01,-1.900015337848071084e-01,-1.127248357154559816e-01,-6.919255397263189555e-02,-1.226014220982995229e-01,-1.346948037595858405e-01,-1.417214881910837110e-01,3.318546047604355870e-02,-9.880132158506854667e-02,4.318426303735206084e-01,6.441333606306546278e-01,3.603791234423422973e-01,6.915184365233068009e-01,8.309833353863639582e-02,3.027649816235418179e-01,2.464346279279273355e-01,3.559163833542968725e-01,-2.201602361349560000e-01,-1.798788557077103389e-01,8.646550024776067378e-02,2.049979157819888098e-01,2.572583274794033592e-01,5.681514896602483239e-02,3.774915877634232864e-01,3.164531906179275378e-01,3.144795886779921945e-01,2.015004604833431079e-01,-2.423774555337931680e-01,-2.782880207301100528e-01,-1.715972470010880269e-01,-4.525797964843153096e-03,-2.536263628586395424e-01,-2.413550235548546641e-01,-2.427122355872422810e-01,2.031869433717394847e-03,-2.864091179075631821e-01,-2.372842016023340439e-01,-1.942687772742548724e-01,-1.509151625938890962e-01,1.371373209839733820e-01,2.172342520563945167e-01,-1.942060509561434334e-01,-1.815537039033673361e-01,-4.089218544491762808e-01,-3.547895404909870432e-01,-3.656056577109079164e-01,-3.278703615419569228e-01,1.888536789732769006e-01,3.007482934700903554e-01,-1.407089621313634964e-01,-1.939427504989753026e-01,-2.232474338712917561e-01,-1.662903889313537831e-01,-2.303387538281831959e-01,-1.880484829212682452e-01,-1.376123436879461426e-01,-2.971885975315119444e-01,-2.780321561952351916e-01,-3.838542626139078706e-01,1.245090504196605802e-01,-7.109507310464064332e-03,1.570020643686847184e-01,-9.639617393809254975e-02,1.984845077584970752e-01,2.966643476500442356e-01
2.825212822874797469e-01,1.786646451832631932e-01,3.430077821566213658e-01,1.695892662661549477e-01,-2.234537623391653072e-01,7.477332249756997364e-05,6.379336453246244876e-01,4.557472252560588188e-01,-2.620618936036047718e-05,3.958771770397164630e-02,5.109113829994480493e-01,3.957253586032131731e-01,0.000000000000000000e+00,2.196420922162357625e-01,-3.910836407388481456e-02,-1.353673511366201287e-01,2.088940484802094821e-01,3.065839477613161446e-01,3.719949559800937444e-01,2.279249528229828625e-01,-1.939896778766222185e-01,-2.631291937342534193e-01,1.641507048913616040e-01,9.330525563755019680e-02,-1.373395488761465222e-01,-7.236297567345337245e-02,-2.149165058526422978e-01,-2.488470984481494785e-01,3.465596654281714040e-01,1.830455698347616122e-01,3.217107896268354139e-01,2.795828664635915395e-01,3.318512792885278673e-01,3.375591161292486597e-01,-1.183762828823913815e-01,-1.403002112135337542e-01,-1.973329742744124593e-01,-1.817094066142249109e-01,-2.371149546162575894e-01,-6.438941643129429682e-02,-1.342942162340165016e-02,-1.861504732614312763e-01,-1.181729606638679264e-01,-4.011228003046827389e-02,1.336366436485685594e-01,3.079265998575598812e-03,-2.637372816858107871e-01,-3.518471401728419101e-01,4.874224297418355833e-02,-8.507116312801464575e-02,1.147012631078853095e-02,-8.135344215430709292e-02,-4.290955899098645721e-01,-3.159294380896275345e-01,-2.435280338076320772e-01,-2.041976917570106076e-01,1.818625018582989417e-01,1.358952115591709753e-01,-1.047723223720909910e-02,-2.409850555566011576e-01,3.658346502443102222e-01,2.080689627475052206e-01,3.412490559567916693e-01,2.530722958368734066e-01,2.033458850180451249e-01,-2.578299435269131371e-02,1.627968965351671571e-01,-4.804251462549938984e-02,5.150974864140107912e-02,-3.195472905879861991e-02,-2.245927655731110861e-01,-6.643523041687894592e-02,6.003976979572871880e-03,9.785972475537965676e-02,1.335514404634816077e-01,2.673743179699696326e-01,-1.629852150661567356e-01,-3.194534279548685296e-01,1.363399098905730862e-02,-5.356502306713856187e-02,-1.210326656375193197e-02,4.543028962540828636e-02,-1.962293212678765109e-01,-3.353515764912413932e-02,5.822675288848917774e-02,-6.710031469732620490e-02,-3.154103770780583016e-01,-7.189620052485111434e-02,2.340502797993594675e-02,-1.206544281908336208e-01,-2.135553084602661855e-01,-3.334807825885795912e-02,-2.288059356602873962e-01,-1.175430168892285243e-01,-2.618379695924035189e-01,-3.072694112934499788e-01,-2.941442462581450035e-01,-1.158334985972499093e-01,-9.899797588165105966e-02,-1.582070197491833308e-02,-5.238472139200611721e-02,2.765516518242002938e-02,-8.579947914022416355e-02,-2.502361811632550573e-02,-1.029750530714804574e-01,-1.440849641222776145e-01,-8.692825859651955034e-02,-1.411664195616708362e-01,-5.324855308869846926e-02,-4.006535090991403258e-01,-2.507533339197920985e-01,-4.841180936824659997e-02,-1.183534233232448191e-01,-9.797159852720976891e-02,-1.380538660222327407e-01,2.218218490026777623e-01
