0.000000000000000000e+00,6.453851445591859970e-02,1.350034529690136709e-01,-3.171821031888204523e-01,-5.036549098577282335e-02,-8.984885738896782048e-02,3.718029426250400449e-01,-1.982249672967904552e-01,5.585881643617549713e-02,-3.336364804520612903e-01,4.869423879167082969e-01,1.329353611037167038e-01,5.142746176101700151e-01,1.620120934031439863e-01,2.092510614285684745e-01,-3.234559468990908515e-01,4.326114776131888620e-03,-3.780524386378014134e-01,1.704861555407780616e-01,-2.123439806875085101e-01,-1.568376207085494245e-01,-1.819377619049869221e-01,-6.627140690676050494e-02,-2.891316738841122058e-01,-2.234834324141996287e-01,-2.334493610444766110e-01,-3.073522252630317420e-01,-2.076288615083592692e-01,-6.919471119207665222e-02,-5.394989505478166025e-01,-9.686464069075610694e-02,-2.086020241538461550e-01,-2.700328669973479090e-01,-3.727279444082170490e-01,-3.113113269145281192e-01,-3.689033505904034671e-01,-1.679013776716397899e-01,-4.311100021964049955e-01,-1.084249371614822571e-01,-1.303951759042294711e-01,-4.589363687223526472e-02,-1.985464601161332499e-01,1.445172272851573403e-01,9.482194419420704457e-02,-7.983442438184236434e-02,8.845870976655258178e-02,1.116599535913270214e-01,4.218934638132036674e-02,7.451907301647538173e-02,2.168309918441193029e-01,2.855875136382546864e-01,1.085085690118518797e-01,1.056667162654561926e-01,-3.090811338265689670e-02,2.957179229962969003e-01,1.109596286749600369e-01,4.790431895450608657e-01,-1.672413021971576597e-01,7.110461667920603412e-01,2.607346281276283206e-01,4.472069705083366320e-01,-3.363577918636191377e-01,2.666782025355112218e-01,-3.152772607993828413e-01,-2.134405937538577103e-01,-6.414878084924952040e-01,-2.337456710635585633e-01,-2.313974887529151037e-01,-1.016554933771482150e-01,-1.180572513148200192e-01,1.727266038067656051e-01,1.905241043088874361e-02,1.999062481828995652e-01,-7.008840800930399295e-02,1.353705620675622612e-01,1.510368771214403438e-01,-8.120449999010367903e-02,-4.179387525071729392e-01,-1.673978746843547694e-01,-4.058689162379036652e-01,-1.430048759790652491e-01,-4.085122846758979520e-01,-9.007147781139608622e-02,-2.086163416616410304e-01,1.478461909590624568e-01,-2.227948340729398735e-01,-2.014872169295437165e-01,-1.789530109197671470e-01,3.599205597172868698e-01,-6.860560907466640990e-02,1.850088575133315427e-01,-8.119193630750798363e-02,7.876919174681394631e-02,-1.386664826598442424e-01,-6.367682110921775440e-02,4.009344507425680743e-02,-2.100171055813480903e-01,-1.623459413510571769e-01,3.348625479273762418e-01,1.557682293057606748e-01,4.880631047187442006e-02,-6.998627029582216164e-02,6.741640688449609953e-02,-4.814380933922781519e-02,2.253204958461177410e-01,1.677156656789096367e-01,1.039708996090992071e-01,1.426710163104949747e-01,-4.091547539837338959e-02,-1.721280816488207632e-01,-2.192167229884736668e-01,2.737395658466880780e-02,4.492502683817041487e-02,1.538478132594058301e-01,1.394653014579850525e-01,1.921639753275532214e-01
6.453851445591859970e-02,0.000000000000000000e+00,-1.344096411397188995e-01,3.924199384839122673e-01,-3.693541073718858980e-01,1.327383525642000274e-02,-1.980908700431801284e-01,4.618616271703183673e-01,-3.688385710114754357e-01,-2.405477901198519453e-01,6.268874901957245671e-02,6.055905601999792554e-01,-1.126375132270963919e-01,5.664708649727656642e-01,-3.680120371978727600e-02,-9.382777757665257401e-02,-2.180509757299898266e-01,2.607482979749980445e-01,1.347394050034151913e-01,5.724344074958302997e-01,-3.193158883711473273e-01,-3.436551894552090092e-01,2.036308182299658570e-02,1.705450480047682182e-01,-2.103992433257136363e-01,2.288141181286431902e-01,-3.154803168575638361e-01,-1.159041034499976724e-01,2.356767956364505881e-02,1.038886674124709086e-01,2.389157085707467321e-01,2.624370161713551752e-01,8.263838852351750031e-02,2.314092564730838297e-01,-1.978343248257471432e-01,1.640266989198560232e-01,-3.225802380454965146e-01,-9.984107286720944607e-02,-2.419496995628396888e-02,-5.452128887191107914e-02,-2.531699621362510921e-01,-1.527240159140947628e-01,2.716664839701755096e-01,3.320941850177019372e-01,-5.438518591069772118e-02,3.818698235606696745e-01,1.787427137868655980e-01,1.722799104184505603e-01,-2.537754131131368940e-01,1.675183254284904888e-01,-9.165598206511672841e-02,1.960346617226887411e-01,-8.542406721043006856e-02,-4.269686417265897149e-01,1.527409884479904167e-01,3.148102551383926140e-01,-4.483003121583462036e-02,7.696634077008309704e-01,1.446133446756421581e-01,3.979676833626265564e-01,-2.695648460616691944e-01,1.789531464318190601e-01,-2.879570573250112009e-01,2.186912638487281957e-01,-4.862192613647575712e-01,9.097146960177535102e-02,1.307025210242427349e-01,3.951790920585446787e-01,4.930145398316539973e-01,6.669503798870739519e-01,2.343662664203822413e-03,4.423780774604886279e-01,2.259037659673864828e-01,4.855006954572155253e-01,-1.900997000124516334e-01,1.416054143671903465e-01,4.415380100931989293e-01,5.119177648136158387e-01,-3.313177984088355177e-01,2.639622930717036020e-01,-5.160060344813046651e-01,1.833670373536971376e-01,-3.946395256523207440e-01,-1.648067116978429447e-01,-4.213117819962569066e-01,2.498312764568300925e-01,-1.696014242449816467e-01,-2.123551922085641641e-01,-4.500056712669669307e-02,2.719151341881279049e-01,-4.715218153576022364e-01,-3.037663216959186618e-01,-3.326060424057292741e-01,-1.577763036165224508e-01,-2.344653984072425368e-01,4.372608180533547884e-02,-3.153421825681783641e-01,-3.426825152028539212e-01,-2.806498124542783357e-01,-1.460853107003451667e-01,-1.104030008144432085e-01,4.354540820937168322e-01,-4.288482623104058339e-02,2.322688038008365041e-01,1.065645791543936849e-01,2.232063617835780001e-01,1.373716575494894898e-01,2.298000575559642766e-01,-2.292851770340670892e-01,-3.154955621872761462e-01,-2.211841088289668300e-01,-9.262482777086837593e-02,-3.301636980314250347e-01,2.177908509191501252e-01,-8.666106419798680349e-02,7.939965248717581470e-03
1.350034529690136709e-01,-1.344096411397188995e-01,0.000000000000000000e+00,4.035156339884242160e-01,2.950491102876234839e-02,-7.211042353465949017e-02,7.469450632043461713e-01,-4.905040529654398906e-02,2.800845311736120322e-02,-1.531606323248663470e-01,1.823009327745981067e-01,-6.029226291374798485e-01,2.693499278564687183e-01,-1.690477095537112062e-01,5.461827417149329733e-01,2.535866286018535476e-01,8.374341486873911056e-02,-1.997044766376276370e-01,5.100070049699659824e-01,2.501522054649155113e-01,-3.744315902067248819e-02,2.061880196825180422e-01,7.377012367002419024e-01,6.502909279204398540e-01,-5.630875506439814854e-02,7.343978507119323929e-02,1.420126716929577815e-01,9.749572244747464755e-02,1.302901716559020373e-01,-1.352610987870510872e-01,3.919528822138965696e-01,3.994764429133964567e-01,2.407398254991546804e-01,-6.739261491488555966e-02,3.275740178892598831e-01,1.211861982846163532e-01,-9.082752695261253617e-02,2.980490493475913480e-02,4.287068337775652993e-01,1.594184224164938712e-01,5.678833719632777471e-02,5.588966042277700164e-02,-2.674873379475687929e-01,-1.191720522459691622e-01,-2.511376358440121082e-01,-3.792410871817499807e-01,-3.631388679257750440e-01,-3.069713043757206772e-01,-4.714522465903944748e-01,-4.452677287765555714e-01,-4.901851703378506397e-01,-4.351388972395244248e-01,-4.207986320642873035e-01,3.135669096621445662e-01,-7.358776665592324517e-02,1.097552614608617721e-02,2.279972562786178880e-01,-2.367769577318229179e-01,4.377684534940231437e-02,-5.660169908886936163e-01,-1.526269378444115588e-01,-5.544994258851629887e-01,1.974601951920467169e-01,-2.220993600814232527e-01,4.527267521376891479e-01,-2.914037177484328223e-01,5.177305150116202626e-01,-3.341502915174687088e-02,-4.012980319126379508e-02,-1.577711453549014431e-01,2.505289611431281704e-01,7.723070846038383730e-02,-4.566082219158223987e-02,-1.288601801032656091e-01,2.107222093366990789e-01,-1.131085200330473328e-01,-9.480294219629131769e-02,-3.472392915809742742e-01,-1.750914018486504631e-01,-7.714565605023646078e-02,-2.959058810729719435e-01,-7.799990463820437314e-02,2.759954135471762160e-01,1.999463973615128454e-01,2.447077588503226431e-01,-1.462799486873600507e-01,3.044341915930254827e-01,3.691426508958113306e-01,-1.515483505707051950e-03,-7.287629256058869576e-02,1.214579077615927510e-01,4.684358862410201718e-01,-2.435474703651992201e-01,2.113640416427983726e-01,4.008532813764548175e-01,4.600809094756871942e-01,2.198871728868677378e-01,-8.196068902498592499e-04,-1.048711783069037617e-01,1.710378042019068678e-01,-1.891972080859499195e-01,-9.716878977961476704e-02,1.038617962908779252e-01,-1.079569404972588326e-01,3.988738538319805405e-01,4.169078263270186713e-01,2.953231948676884322e-01,2.068501848678486188e-01,7.153154223593398420e-02,-2.067932266563429766e-01,-2.083102095743661619e-01,-9.870641565918591986e-02,8.367433910653544749e-02,8.410558874247488215e-02,1.701489759482872344e-01,2.976108839494109870e-01
-3.171821031888204523e-01,3.924199384839122673e-01,4.035156339884242160e-01,0.000000000000000000e+00,-2.756086334617272593e-01,1.883935377165801839e-01,2.255552406242537222e-01,6.445713394466436874e-01,-3.205945729584758208e-01,4.759952368168048759e-02,-1.194919311136217188e-01,-1.662440823151115077e-02,-2.479447100275312121e-01,1.240532073242531508e-01,2.349350740462266204e-02,2.707198031218702172e-01,2.865045889012281938e-02,1.712333628091213065e-03,3.695197212143508936e-01,5.510266353106634263e-01,-1.317421526075276961e-01,5.107935719556588178e-02,5.119330279486723478e-01,7.107548131522990476e-01,-1.465918348058516674e-01,2.252116502573973944e-01,-1.889606331475265077e-01,1.142808457730039168e-01,1.018185904306184303e-01,2.897535048501975186e-01,4.272887547479682357e-01,4.638870330799991781e-01,3.399145391601000599e-01,3.943242618928629595e-01,2.897211916780052521e-01,4.361912664040984988e-01,-8.802330157274436406e-02,2.199005832037748687e-01,2.080797270646257136e-01,2.128530964181128693e-01,-9.493601860683545390e-02,1.358527197490978500e-01,-2.440420281443217709e-01,-6.168805108287112038e-02,-3.234694174336549821e-01,-1.673961534094530745e-01,-3.020255231933269835e-01,-1.747805807365278297e-01,-5.685732734171904390e-01,-4.415497068983216811e-01,-5.743415465791207319e-01,-3.262678983186360626e-01,-5.209422741759053288e-01,-1.037589782498113400e-01,-3.349634422019621693e-01,2.113948552864933911e-02,-1.403188639022225070e-01,3.589773937024668404e-01,-2.056543663157007207e-01,-4.454708662819435727e-02,-4.286563508101517428e-01,2.206988447955041954e-01,-1.758279289592368511e-01,1.782528281605892106e-01,3.847711790074542781e-02,2.878450430905985513e-01,4.149010270182962867e-01,3.987109529383584539e-01,2.907415077880163845e-01,1.495487688591037312e-01,1.101795052828710153e-01,3.947844355009084150e-01,-1.666567918792533631e-01,2.659500532218714297e-01,-1.763529938361760030e-01,1.999631906907514342e-02,5.436591691190906239e-02,2.562585540223361047e-01,-1.733250587308961810e-01,1.954306284138564997e-01,-3.773530323796236430e-01,2.224262038081402937e-01,-1.141232633598015661e-01,1.416974239540670470e-02,-1.950629601077883690e-01,2.362829632599524332e-01,6.247321579087652260e-02,7.597373923223574299e-02,-3.851791477087633808e-01,1.451111168176401622e-01,-3.449672213884720784e-01,2.706436817325323929e-01,-2.192201607808443031e-01,1.257286069183826127e-01,1.865745692545888179e-01,1.778814731542401606e-01,8.725765600314783210e-02,1.901260939859290497e-02,-3.280011010669251492e-01,3.413355154532463076e-02,-1.045593063438470249e-01,3.233506323093274792e-01,1.192486742954926154e-01,3.110759465786581135e-01,9.723800184939522528e-02,3.585065952363967190e-01,1.848502253661361006e-01,2.363668788520027764e-01,6.718868817495324275e-02,-9.368303028032051727e-02,-8.607040449932494564e-02,6.724960352447120412e-03,-2.132371308236174351e-02,6.861673566213337405e-02,-2.836815722449459801e-02,7.894336540796101365e-02
-5.036549098577282335e-02,-3.693541073718858980e-01,2.950491102876234839e-02,-2.756086334617272593e-01,0.000000000000000000e+00,3.487029970612257057e-01,-1.910084581836905548e-01,-2.646474758882387257e-01,8.905400925475303042e-01,7.127365852579841121e-01,-5.994418574206210604e-01,-2.510592006075172411e-01,-4.765727102210071120e-01,-6.349925235729196871e-01,-1.375846246432153031e-01,1.973219726004098173e-01,-3.679488340859413120e-02,-2.864846916364578444e-01,2.962407755241425744e-01,-1.851792239641048554e-01,-1.850568387885362419e-03,1.383296224068678764e-03,-3.378614282568208060e-01,-1.958423818871551925e-01,7.807810932987200303e-01,3.274819760393183898e-01,4.934891976764244625e-01,2.356620762195600349e-01,-5.467310195384385008e-01,-3.165996177000213740e-01,-4.409189092153633083e-01,-4.152284308110546496e-01,-3.031301388307539590e-01,-2.573616520463217761e-01,-2.046147117872425605e-02,-1.810495450033329512e-01,2.647816145776409891e-01,1.355785188031066735e-01,8.692771601559544370e-02,1.673865562249896889e-03,8.491766125591103387e-02,6.752305388011892173e-02,-6.327189822446334377e-02,-1.930748008843434227e-01,1.317967170877133720e-01,-1.334229674560979129e-01,-1.998416600454278880e-01,-1.358175311009243713e-01,1.415645137366438044e-01,-7.579283448529418321e-02,-4.906034361855800968e-02,-7.140833608516961029e-02,-3.161816768456536531e-02,-1.944810578004010915e-01,-8.760174088199194908e-02,-1.764737385246804013e-01,-1.214533021335141433e-01,-4.913482990875546741e-01,-3.110388526592093861e-01,-1.984809481184339197e-01,-2.269495281673887255e-01,-1.374722803516312541e-01,-2.087435750158937453e-01,-4.433671370912298237e-01,2.990393370998348788e-01,1.808396829078772472e-01,-5.552616896799419249e-03,-2.715749440265128115e-02,2.337882752146810267e-02,-9.604678581079109656e-02,6.275978675238198801e-02,-3.723590529575153130e-01,-9.706123214282549871e-02,-2.585931138290135656e-01,8.023633066143091852e-02,-2.092348683076429017e-01,-1.407948460886685460e-01,-7.793691039223948902e-02,1.535752228003836595e-01,-1.982835326455275604e-01,4.957460322404255715e-02,-1.405920577876385580e-01,1.874790176210071047e-01,-1.836660284689677902e-01,3.874360554918032107e-01,-5.174936917724160673e-02,9.580373882901739579e-02,-1.770187887194829279e-01,-2.239991910846227674e-01,-4.121811300246611687e-01,1.070043198171307386e-01,1.932034329703657266e-02,1.301936747196158206e-01,-3.845450274378674205e-02,1.100571906521455173e-01,-3.427501077199070212e-02,1.389799931412507017e-01,1.412447216875181433e-01,1.578706129527172528e-02,-1.251483353007871446e-01,-6.460995601270022592e-02,-2.447699582670922747e-01,-5.348779348237804598e-02,-1.159412873529315213e-01,3.801127899799117138e-02,-1.066753028625966326e-01,2.820337100368736430e-02,-3.298895265831186530e-02,1.543080242316756112e-01,1.267915364128745226e-01,-1.687317509467665677e-01,-1.457965389427181846e-01,1.408130292272029294e-01,-1.000354482027204367e-01,-1.324883089208447606e-01,-1.554252200079203061e-01
-8.984885738896782048e-02,1.327383525642000274e-02,-7.211042353465949017e-02,1.883935377165801839e-01,3.487029970612257057e-01,0.000000000000000000e+00,-1.282959246244008977e-01,-4.654819097190024402e-02,3.024808981075516878e-01,4.426299569081537100e-01,-2.835570876754254788e-01,-4.287325039722209713e-02,-3.746039084711353939e-01,-1.681614183891416980e-01,2.754623056068871215e-02,4.150426846585969498e-01,-3.261958404274890033e-01,-2.410633560707980128e-01,2.610678408786172855e-01,1.474169679146534462e-01,-3.818719278666282135e-01,-1.834315130463776700e-01,-1.012762529408126194e-01,-2.660019114141556028e-03,1.589354006973583422e-01,2.009753441187089595e-01,1.846289589106815676e-01,4.854638471098632890e-01,-2.127460084655368178e-01,-3.825393080996798700e-02,-7.393039833123890570e-02,4.909618465058364356e-02,3.325807818918869591e-02,-6.092475300977245704e-03,1.512527378046887583e-01,2.009661185821308982e-01,-2.062742825383191703e-01,1.822029770611149901e-02,-1.949393116444365082e-01,8.453692737696358317e-02,-1.104119820776643668e-01,-7.847254870674630345e-02,-8.236588416043258420e-02,-1.938746329217179154e-01,-2.359071360321108035e-01,-1.219733549817886564e-01,-2.010208675721254223e-01,-7.582376637933474495e-02,-9.741736883441938499e-02,-3.783707687870702108e-01,-2.130649670653755878e-01,-3.969396791075985309e-01,-3.261776267559399756e-01,-5.135450685109395064e-01,-2.786539042079222983e-01,-8.564450878532761657e-02,-1.394790179869219438e-01,-1.358155603397384059e-01,-2.130348709654110995e-01,-8.769766297916734010e-02,-1.134838848546513013e-01,2.008852574859786577e-01,-4.727003410332648592e-01,-3.297406676928887337e-01,9.066708295606727697e-02,2.259786660278640669e-01,9.465288015917097675e-02,7.678584681523156763e-02,8.012664885916671864e-02,6.603278252393768311e-02,-1.869518579980558592e-01,6.179613633589359223e-02,1.058102845837821243e-01,-1.025761048467137976e-01,8.961730517775616522e-02,-2.806257987199143322e-01,1.917571295540371201e-02,1.845853272391228261e-01,7.670847905822637813e-02,1.558059534322167039e-01,3.262554592584410162e-02,4.901354110408510933e-02,-8.244641059752726153e-02,-1.804593829555549700e-01,1.413040440186723312e-01,-7.768677548432422614e-03,2.361237078896975816e-01,-4.097615083366143440e-01,-1.294730047969999409e-01,-2.443336158000009306e-01,-3.593820944974672749e-01,-1.945464196714640215e-01,-3.843770730391101592e-02,7.521946599458005644e-02,-6.736445720298021855e-02,-1.252495402820834325e-01,-1.141609423808851581e-01,-3.341534495917391958e-03,-1.152946969658396464e-01,-5.197746947235939996e-02,8.589849427165523188e-02,3.181866437962139194e-01,9.727864298182209435e-02,2.226886959932476706e-01,-1.841954767797180370e-01,2.453543236910855560e-02,-2.989258766476192153e-01,-6.030570124566300705e-02,-1.319414263358795192e-01,-6.847905961020681054e-03,-3.516580532438737250e-02,3.647878917560808953e-01,8.847706539912543466e-02,-4.945387945481417857e-02,-6.197389801365245365e-02,-6.280116478879042841e-02
3.718029426250400449e-01,-1.980908700431801284e-01,7.469450632043461713e-01,2.255552406242537222e-01,-1.910084581836905548e-01,-1.282959246244008977e-01,0.000000000000000000e+00,-1.146417754952357149e-01,-1.834444374904155850e-01,-3.376022882624365451e-01,4.642004362675679618e-01,-4.454334998084439889e-01,5.402100653760607551e-01,6.904062317149607664e-03,5.073056228501849896e-01,5.530080412556200031e-02,5.443732881816176761e-02,-2.554355310304539661e-01,3.757369472418032319e-01,1.934872563083551988e-02,1.569750628172378315e-01,2.386444169335057430e-01,6.008480307627834804e-01,3.300612894688516596e-01,-2.110884096944521671e-01,-1.214832041262591533e-01,-1.750266749774438690e-02,1.589705520538778685e-02,2.629525617264415471e-01,-1.884821259665263316e-01,4.635174613967080748e-01,3.097798206105255026e-01,1.908961779960211547e-01,-1.050558389184531594e-01,2.816067924847844850e-01,3.928477218251612973e-02,-7.832118656822893710e-02,-1.236839759644198650e-01,1.464174610734925164e-01,1.579276437557385893e-01,1.088349125372446852e-01,1.223830822057183146e-02,-2.284865313150443167e-01,-1.331372701622625665e-01,-2.466386308975189734e-01,-3.458964830958042302e-01,-4.102547573534827130e-01,-3.343525508485587494e-01,-3.605391387125208014e-01,-3.611561270438061744e-01,-2.320506207406958232e-01,-3.109085706864260223e-01,-2.878937791788323541e-01,3.530946576592177144e-01,-1.191535214269645038e-01,-4.534456698480990311e-02,3.571039874722730656e-01,-2.922771653892978216e-01,2.438396623796614815e-01,-4.806116958281133056e-01,1.940573513436704423e-01,-5.199177678134634384e-01,1.842563213581547843e-01,-2.754873940973232571e-01,3.004373926794599026e-01,-4.243586352252704530e-01,3.699580120042869624e-01,-1.788529698009780067e-01,-1.397689846026870242e-01,-2.851048713351054253e-01,1.280723091518621848e-01,-2.181127125740013953e-02,1.293916794898978539e-01,-1.378211398729071169e-01,1.545359796035319921e-01,1.001550916971605254e-01,-8.197313013173296303e-02,-4.090853052459613171e-01,-1.829310975981111032e-01,-1.194484328579983046e-01,-2.112507573161776231e-01,-1.454041715384956079e-01,2.205028275560843853e-01,2.484008947172877679e-01,1.166174065117883824e-01,-3.210768731207708782e-01,1.670815685446611631e-01,3.547842336822183418e-01,1.777293142907448997e-01,3.890569932983067858e-02,1.711989543837187100e-01,4.091081797802549880e-01,-6.757480422866042613e-02,4.102231042691037999e-01,2.609841942978501361e-01,2.669865011643440811e-01,3.541531750638932108e-02,-5.569295929743108692e-02,-8.673017204571427385e-02,2.289674443914126445e-01,3.967374138532347994e-02,6.233310713258958385e-02,3.646465928193069750e-02,-7.394229461475144982e-02,2.906011563818908239e-01,2.697837713861970244e-01,1.286953923091646856e-01,1.333992659248361690e-01,2.220634031094033053e-02,-1.397188756863083081e-01,-1.769271340785985303e-01,-4.508886762692456210e-03,3.106287139961982219e-02,1.484935951768983449e-03,2.423803036584608328e-01,3.773198520164918746e-01
-1.982249672967904552e-01,4.618616271703183673e-01,-4.905040529654398906e-02,6.445713394466436874e-01,-2.646474758882387257e-01,-4.654819097190024402e-02,-1.146417754952357149e-01,0.000000000000000000e+00,-1.691435389551416979e-01,1.074037178442190515e-01,-2.441355988791483744e-01,4.918464646182603706e-01,-3.461007253060153221e-01,2.740026807852784518e-01,-2.462078588898060361e-01,-3.569028533492819150e-02,1.758560262715118741e-02,1.109399722051018083e-01,-4.550083424598841408e-02,2.530828890003991027e-01,-1.022501531399613445e-01,-7.083536301290795090e-02,4.054334095900730822e-02,3.714059483522679228e-01,-8.824739007370221988e-02,2.539296628280389712e-01,-2.882529172813287910e-01,-3.315316603661994099e-02,-7.234775469829159145e-02,2.254283764045934280e-01,9.436820034774062727e-02,1.286341995781591363e-01,8.724890848473522420e-02,3.548918881872301645e-01,-1.049820015557366149e-01,6.153700109246241362e-02,-5.407057759252669599e-02,1.603891100742743103e-01,9.572120885211837793e-02,6.666195311571732063e-02,-8.684386069525204532e-02,7.704507667960672213e-02,-1.129292928671012525e-01,1.057711345071886272e-01,-1.809113965501752408e-01,1.455145953668377234e-01,-1.877560273160455706e-02,5.983583689517957965e-02,-2.671316555172010276e-01,6.994630027332980442e-03,-2.228973429680530804e-01,5.166496265947436578e-02,-1.419729697658579370e-01,-1.709208433822068940e-01,-1.777284056599495732e-02,1.648325437447703823e-01,-3.790977604058926587e-01,4.818886102272963434e-01,-1.397638128333465179e-01,4.763840901777164905e-01,-2.752166457387775211e-01,5.373581486280493147e-01,-1.147728035768771915e-01,3.547519667637694107e-01,-2.805591775613326400e-01,2.889979879216988956e-01,-1.017926999306011521e-01,3.605992567023673656e-01,2.050136784879643681e-01,1.248623575718993128e-01,1.055207410539450025e-01,3.690795573451458034e-01,-3.189829292027557273e-01,4.044711831989833972e-01,-5.030437094988362556e-01,1.377250103961732419e-01,4.545590969286269351e-02,2.888002806175918868e-01,-1.221796051004785111e-01,4.711956037778430167e-02,-3.014813255371754930e-01,8.631548233945693371e-02,-2.284309311175070079e-01,-1.077131582208792626e-01,-3.937645295092953579e-01,2.634743179526534695e-01,-1.374978631388348305e-01,-1.401097550493458042e-02,-3.476767130053075583e-01,3.167398872261180665e-01,-2.122006069369515580e-01,6.965486770148546225e-02,-1.661187736335222598e-01,-1.863712129367927073e-01,1.512690051071174414e-02,2.194617478292072363e-02,-1.143138305560731718e-02,6.585678358062027615e-02,-1.067608654805740076e-01,1.004184835139113885e-01,-9.460429645709245161e-02,1.263015272847906600e-01,3.864412100274428052e-02,2.749307511886430744e-01,1.328119118496691280e-02,1.594769362536041513e-01,2.061953252037876383e-01,2.389494769917281658e-01,1.315203722562429123e-01,-4.869289352420616557e-02,-6.678915054295322951e-02,-2.239663071477399764e-02,-9.889226216034330275e-02,4.171100357566651096e-02,-1.809531323229115196e-01,-5.473644708885370275e-02
5.585881643617549713e-02,-3.688385710114754357e-01,2.800845311736120322e-02,-3.205945729584758208e-01,8.905400925475303042e-01,3.024808981075516878e-01,-1.834444374904155850e-01,-1.691435389551416979e-01,0.000000000000000000e+00,6.689096753374538240e-01,-4.602960045283763790e-01,-2.095710703729408431e-01,-3.103528583538276986e-01,-5.778888576924433584e-01,-4.505082247637383353e-02,1.059210516257770573e-01,-1.048440920031123436e-01,-3.779685882397088581e-01,2.471819862418086766e-01,-2.533418463151051458e-01,-1.163653177575754011e-01,-2.520783089864570004e-02,-2.890894567661420056e-01,-1.803685908393528325e-01,7.102916819206800403e-01,3.687671729243485186e-01,4.116132304569979361e-01,2.029470988368796691e-01,-4.741570216733049237e-01,-3.818918228166961470e-01,-4.117483970172245433e-01,-4.129881382447099236e-01,-2.350497591588911750e-01,-2.025670848768244270e-01,-9.208823946603762745e-02,-2.972811636324564355e-01,1.069886199234832136e-01,-2.611012754715466219e-02,3.937804944266302259e-02,-1.101766777120721241e-01,-3.236929381944059648e-03,-3.910001157661104759e-02,1.106099653110691715e-02,-1.309660816454661370e-01,1.061309340942897805e-01,-8.483524422444531365e-02,-1.059884390205789589e-01,-9.524819768996260760e-02,1.849695144258339252e-01,-2.511352890968098980e-02,-1.311892866530172536e-02,-9.582685842101973384e-02,3.777745426611196777e-02,-2.042048286894880826e-01,-9.899005349754375072e-02,-2.263505637660188918e-01,-9.061635710870537264e-02,-4.988232073531888577e-01,-2.625338414087069472e-01,-9.176549058740370024e-02,-7.372197225915105845e-02,-5.939157966599331595e-02,-6.466642585692515544e-02,-3.971953631572804899e-01,2.993216942698502248e-01,1.327641307654489899e-01,-1.616937870957838863e-01,-1.368001868833857715e-01,-7.539863474089655848e-02,-1.981036227179658327e-01,1.074421547985145303e-01,-2.980688156145551160e-01,-1.255312434009322187e-01,-2.671047227217572817e-01,8.661259681051476644e-02,-1.702850529089397491e-01,-2.044305060579599542e-01,-2.239321912779927148e-01,7.976334031982647288e-02,-2.331481025301758436e-01,3.558510943748256078e-02,-2.905031550937590135e-01,1.094403399218204231e-01,-2.866587751237026360e-01,3.260090403033418238e-01,-9.807623656049023475e-02,2.009928337810629531e-02,-2.330060023430799709e-01,-1.795565205762633121e-01,-3.825129049502008494e-01,1.432994600430863852e-01,1.651296222742998712e-02,9.274341187632219319e-02,-1.506162547437546462e-01,8.563923147994711299e-03,-4.263280241393556380e-02,6.545388756426140375e-02,3.812154947478711003e-02,6.170959004732071151e-02,-1.033100832099761723e-01,-8.460110264915550460e-02,-3.636938500012327213e-01,-1.369410602914857555e-01,-1.866367643556738620e-01,-4.484760071649430968e-02,-9.451825500628056875e-02,4.828071574756139656e-02,-9.075089343264168551e-03,4.822463120561172600e-02,-2.370340881483689460e-02,-1.936334928830737434e-01,-1.069840711444380726e-01,5.850382050487901858e-02,-2.300593386254393136e-02,-2.026539874107793349e-01,-2.202509795522168690e-01
-3.336364804520612903e-01,-2.405477901198519453e-01,-1.531606323248663470e-01,4.759952368168048759e-02,7.127365852579841121e-01,4.426299569081537100e-01,-3.376022882624365451e-01,1.074037178442190515e-01,6.689096753374538240e-01,0.000000000000000000e+00,-6.983106397669950338e-01,-4.141666174285799779e-02,-5.930730214996159377e-01,-5.083790718820522248e-01,-2.225705253477981982e-01,4.059587490277454802e-01,-1.162392914668352595e-01,-3.051726048548590309e-01,1.310698517028761334e-01,-5.347247102723502732e-02,3.003449900518536525e-02,1.461496428609023457e-01,-2.411910042497117934e-01,2.800494083481430349e-02,6.913887282813263591e-01,4.347060715792613328e-01,4.359427157515620155e-01,4.724168272843788374e-01,-5.288674122981440462e-01,-1.373230813424614893e-01,-2.617899054137720616e-01,-2.293299327168517865e-01,-1.042351967789636041e-01,4.501176281686668917e-02,4.269794208660802892e-02,-1.335358211273795781e-01,1.403840879776518391e-01,1.753505480328569066e-01,5.633106534906959922e-02,6.287460217064536061e-02,-5.873791671046420249e-02,8.797421490815175715e-02,-2.701922843484011461e-01,-3.854176522769135471e-01,3.960126709987494414e-02,-2.458712379531358683e-01,-3.674004954926856081e-01,-3.635224282747878677e-01,1.348601759784988710e-02,-2.482777301562117400e-01,-1.654837532576459436e-01,-2.054464993234482173e-01,-1.046465642398343165e-01,-3.780555553318639128e-01,-3.020923057368652964e-01,-3.056482832684387918e-01,-3.391611245179275147e-01,-2.041894551048522854e-01,-4.761022859316024203e-01,4.817022240669728735e-03,-2.266729193682180676e-01,3.443367194780815876e-01,-2.777539949898751304e-01,-1.903089646416919467e-01,2.902154310481889765e-01,4.758447018779446980e-01,3.003936356786356121e-02,-5.235240450374768068e-02,1.688886272985878068e-01,7.517189099713497691e-02,7.372356056874636299e-02,-6.488975286345675941e-02,-1.544506400296409010e-01,-1.277594087571860479e-02,-1.690568111265226825e-01,-2.079218748607985501e-01,-7.060305880942675805e-02,1.501679210722606794e-01,6.063896341819243613e-02,-9.965344161421454960e-02,-4.907910844146882307e-03,2.808590179440347001e-02,-7.715306730796950285e-02,-3.161410414414216885e-01,2.595891514380279097e-01,1.280934452822381497e-01,4.867808315047526119e-02,-2.495852456903078775e-01,-2.809567377861517667e-01,-2.162744162440037587e-01,-9.286871020061734927e-02,6.338364924324922656e-02,5.634388149446165756e-02,1.144658421760064333e-02,-1.267738183085301631e-02,-5.514124474266023784e-02,4.217312755076443181e-02,1.474486543156764973e-01,-1.642548600307001949e-01,-9.016133726635532086e-02,-6.529845073177389936e-02,-1.454611176194516853e-01,-1.232991697668560371e-01,8.152609603042983155e-02,-2.619763484872144610e-01,-1.190431409700687809e-01,2.360202906317942183e-03,7.705145976470394176e-02,8.314920600107603144e-02,2.023451135750932092e-02,-1.152667526642369433e-01,-1.364571744408476783e-01,5.605157298297103879e-02,-1.103811894194141746e-01,-3.686244387160452218e-01,-2.925937012218686184e-01
4.869423879167082969e-01,6.268874901957245671e-02,1.823009327745981067e-01,-1.194919311136217188e-01,-5.994418574206210604e-01,-2.835570876754254788e-01,4.642004362675679618e-01,-2.441355988791483744e-01,-4.602960045283763790e-01,-6.983106397669950338e-01,0.000000000000000000e+00,-8.848106980759452844e-02,8.648235406720241603e-01,3.864808636501450567e-01,3.685604296924079870e-01,-1.963398767704972736e-01,8.796542905689330727e-02,-4.489681818548547985e-04,2.322449095443499326e-02,7.133471656808582084e-02,-1.619808555884943713e-01,-1.565134653139888810e-01,3.319603421769110607e-01,-5.914483380893781339e-02,-6.445028497843177107e-01,-4.414826288917648167e-01,-3.394117007563611232e-01,-3.158946871913116961e-01,6.114275462217727553e-01,-9.591053605560768969e-02,2.864408517963772938e-01,2.067822916118625121e-01,2.688113017123811010e-01,-1.915087082071176283e-02,-2.942339512522515466e-02,-1.833873116677760540e-01,-3.250766969725082389e-01,-4.186965648634646264e-01,-3.383645030896842987e-01,-1.726853238733319917e-01,-1.122646762716066338e-01,-3.022621046357237273e-01,1.748652800952589861e-02,2.006579980365650120e-02,-3.062957682660252257e-01,-1.253180806858868457e-01,8.875855604056373527e-02,3.124989245913295868e-02,-1.052459629934691665e-01,-8.491291617003575432e-02,7.329821762323068812e-02,-8.801749519835157243e-02,-3.819637165593654099e-02,2.057389812306517074e-01,-9.337280515727520991e-02,-5.629486046670707095e-02,5.250351977249451130e-01,3.376919307051955838e-02,4.714804101947822623e-01,-8.565612734649288851e-02,5.459882901165437064e-01,-2.297542458343031502e-01,4.963194382773838953e-01,2.224271203900419769e-01,-1.341448689944920170e-01,-5.115969453680888623e-01,-5.571355223570673143e-02,-3.873635539144549278e-01,-1.783028176271513610e-01,-1.850185234497761233e-01,-6.410123313999560937e-03,1.843694828021868737e-01,3.552779409211130890e-01,-4.123688386269780404e-02,2.291403171737501077e-01,1.617070058566191237e-01,-1.292084812267318417e-01,-3.265731366937796865e-01,-8.133043582257128146e-02,1.061188600971402080e-01,1.063813022800543656e-01,-2.643324476307887597e-02,-3.669609129506389705e-02,5.162569681157196111e-02,-5.797121802853523465e-02,-2.015902500572060718e-01,-1.831941801441188955e-01,3.443710174033840291e-03,2.738819725829533258e-01,1.631296939258424505e-01,6.969117401454900940e-02,4.111434146085817670e-02,2.873116087494405335e-02,2.954185178915031407e-01,-1.578878565001332612e-01,-9.536178228722720640e-02,-2.013340110727725174e-01,-2.597230491846419520e-01,1.606288403925462405e-01,1.628224440031682263e-01,1.767609400200841896e-01,2.549315742781495531e-01,-3.091349664446802273e-02,7.284630782356416034e-03,7.494473825824617130e-02,9.243659916529488318e-02,-1.820826182703054186e-01,-1.169042479683684160e-01,-2.520334042372399108e-01,-1.153384477953229709e-01,1.315284935352968032e-01,3.168630643321241336e-01,-1.204419033102814701e-01,-9.847086664561938152e-03,2.313395445904347369e-01,2.519795766049532371e-01
1.329353611037167038e-01,6.055905601999792554e-01,-6.029226291374798485e-01,-1.662440823151115077e-02,-2.510592006075172411e-01,-4.287325039722209713e-02,-4.454334998084439889e-01,4.918464646182603706e-01,-2.095710703729408431e-01,-4.141666174285799779e-02,-8.848106980759452844e-02,0.000000000000000000e+00,-1.416357007329941409e-01,6.121077780456515294e-01,-1.870328087934727823e-01,-1.694898631525819099e-01,-1.308088533886607174e-01,1.318376789758436973e-01,-3.696262757721605063e-01,-5.406409168132055021e-02,-7.349079728164162328e-02,-3.275387285997829467e-01,-4.449086332235496211e-01,-2.233494917240076150e-01,-1.541038944861595483e-01,3.296068033740775366e-02,-3.860249380241966843e-01,-2.205691865757747061e-01,-1.429044555571649944e-01,-3.545447663991319748e-02,-2.218871394422005094e-01,-1.637084062273937435e-01,-2.994303320791408818e-01,-3.287085390643541827e-02,-3.530533673373281722e-01,-9.236502352206091282e-02,-9.902496846351843685e-02,-3.382566252900526954e-02,-1.890780623197357568e-01,-9.159227445850813554e-02,-1.923678961895337880e-01,-1.505983124349929425e-01,2.333274415399416712e-01,2.711823824988796594e-01,1.148930101600443843e-01,5.091553459163441486e-01,3.366091595227877487e-01,3.613931554424182346e-01,1.391593759583056866e-01,4.980626949134567827e-01,3.516427030468084469e-01,5.487196320440504982e-01,2.430332793410293346e-01,-3.526065486986436626e-01,3.705561406702121419e-01,4.222869925917591694e-01,-3.403475536447173044e-01,5.653022099574152026e-01,2.194628436341977684e-01,7.416761046020116099e-01,8.043237566250847903e-02,5.362354781235083578e-01,-3.142840242236925596e-01,1.492003236044964209e-01,-5.614374077018321474e-01,1.903620903243063156e-01,-2.970537981484012713e-01,2.852448048909586031e-01,5.723337091106366764e-02,4.025329784765317442e-01,-1.273762074393174348e-01,3.309111679115109839e-01,-5.355583396517837186e-02,3.124935498335764672e-01,-4.813418303413891652e-01,6.701392445656187413e-02,1.895185969796103487e-01,3.928742607195255254e-01,-1.954876848104096787e-01,-1.722169627838313847e-03,-2.230689269501660299e-01,9.717516778979734537e-02,-3.162823425419353796e-01,-1.872767024226991428e-01,-4.278186653505349768e-01,3.231799693497429127e-01,-2.307467556963616329e-01,-2.733121437997851344e-01,-2.411600394969179439e-02,3.571336365478335328e-01,-2.999559425181944072e-01,-4.826399094159249392e-01,-1.446070141205839654e-01,-2.316673572088521760e-01,-3.240332191983860688e-01,-1.682236805121711254e-01,-2.571940298464369112e-01,-1.110397670215093335e-01,-8.443535719923017657e-02,-3.528127338310564631e-02,-7.722880130786823061e-02,2.483783656578201771e-01,-1.248244375894505126e-01,2.373593670742127348e-01,-1.754022100578793708e-01,-1.493812784978889030e-01,-5.970725215075341902e-02,-4.459094564010173886e-03,-3.090948439943031964e-02,-9.683831000144650300e-03,-2.132680040506117203e-03,-6.302396608018789870e-02,-2.164366213883907597e-01,8.500371906182982440e-02,-2.380744180971961776e-01,-2.245573473195885406e-01
5.142746176101700151e-01,-1.126375132270963919e-01,2.693499278564687183e-01,-2.479447100275312121e-01,-4.765727102210071120e-01,-3.746039084711353939e-01,5.402100653760607551e-01,-3.461007253060153221e-01,-3.103528583538276986e-01,-5.930730214996159377e-01,8.648235406720241603e-01,-1.416357007329941409e-01,0.000000000000000000e+00,3.491078140080443037e-01,5.227086381629726386e-01,-1.288531562598621283e-01,9.033095842162713884e-02,-1.064060267206956567e-01,-4.425533924765362448e-02,-1.304672291818417817e-01,-1.590025616904942179e-02,3.875239488193436138e-02,3.679690153107691430e-01,-3.287583921900140427e-02,-4.534598315610336439e-01,-3.990588577595824415e-01,-2.523200617039073057e-01,-2.365042724491138726e-01,5.121372163282694734e-01,-2.062731477057479224e-01,2.332791054677393616e-01,1.134687993172069365e-01,2.014701719100248922e-01,-1.270183132457756714e-01,7.034406047711135035e-02,-2.112549038188008266e-01,-2.290165965383471891e-01,-4.196431657633920564e-01,-1.779066029272191041e-01,-1.379366828008332935e-01,-6.361780281512163793e-02,-2.868846570082657088e-01,-3.362962289958722900e-02,-7.713026835822815730e-02,-1.823315892764974799e-01,-1.897895535626630548e-01,1.042664144605887251e-02,-7.933004914474170444e-02,-8.819508882861479271e-02,-6.580186130293112778e-02,9.272651998104954052e-02,-2.046549864718938405e-02,5.590456870319345656e-02,2.715526347117796502e-01,-8.631757568781454545e-03,-7.461665747741699772e-02,4.221777834858663203e-01,-1.080665462807601923e-01,4.620784059976946190e-01,-1.722888905266760917e-01,6.170886954935249635e-01,-2.758343835805451838e-01,4.975338840945504049e-01,7.414366477156709989e-02,1.142299031358301326e-01,-4.643035365455618901e-01,-4.527965837268283639e-02,-4.270845331023410685e-01,-3.119226747890069262e-01,-2.324422237259458346e-01,1.303548176694585281e-01,1.427105716224547072e-01,2.481705670588478796e-01,-1.131139523087736493e-01,2.751527955566894779e-01,1.091954886363469962e-01,-1.350985525653339292e-01,-4.565292991167715364e-01,-7.807169984675289831e-02,2.334496141669030814e-03,7.103966672086889367e-02,-8.424109920195610446e-02,-6.891157588806092610e-03,7.485118126733593391e-02,1.313464206741679977e-02,-2.110136367649617373e-01,-1.521532234224929614e-01,1.268554273074003202e-01,3.630912802504534520e-01,1.673680443560975062e-01,1.695150428721384772e-01,6.909215835700986685e-02,-3.798076003578218073e-03,2.576045217079040994e-01,-1.219840770752008835e-01,-2.055785082975471884e-02,-1.495771302105780853e-01,-2.385527007342979344e-01,9.781850961060770122e-02,1.654780118937213551e-01,1.388683425304907543e-02,6.394752712052580168e-02,-1.780066630453545906e-01,-1.556327305525969928e-01,2.635189729074843487e-02,-2.340005119049717516e-02,-1.176352148836890404e-01,-9.798956612450245018e-02,-2.132470255323690167e-01,-1.450589655394280419e-01,5.137741091524673093e-02,6.537778973734256760e-02,-1.948721538924729768e-01,6.236812613459401765e-03,1.777120574731892721e-01,2.474872069822769693e-01
