0.000000000000000000e+00,4.222815017893490341e-01,1.726729807855287568e-01,-5.044561573982029312e-01,1.713034806108937325e-01,1.931983631690107131e-02,9.941442636421909951e-03,-6.258746283096168206e-01,-5.142984921595657871e-02,-1.835230361617006811e-01,4.334248508752875928e-01,-2.839445566301761481e-01,3.618176070788231002e-01,-5.971545611407192977e-01,-1.655316540732209019e-01,-4.182058019985203656e-01,1.613754555229404142e-01,-1.490271569988645128e-01,2.538898420284445567e-01,3.970054961512448077e-02,1.346780249089853942e-01,4.235409278608218836e-02,-6.331687415041231670e-02,-1.864802787851632393e-01,-8.728386255734202348e-02,-2.203496954103329186e-01,-5.656221744311005356e-02,2.776249653669081718e-01,-2.977016630476792339e-02,-3.851835139467884583e-01,1.518769656142392455e-01,-2.020353881899250234e-02,-3.338617973887637591e-01,-3.427253225788597923e-01,-3.728903803259875360e-01,-5.497159525253872969e-01,2.978519911518053287e-01,3.027655656045100119e-01,-4.813583434056014493e-02,6.918106900542390914e-02,2.180631111868507610e-01,-1.679503411087040696e-02,-2.595785048750895441e-01,-1.649373940574513087e-01,-2.237742654598729175e-01,-1.506310905826486468e-01,-1.532695484840708167e-01,-2.512553885260686015e-01,-1.248703791949098800e-02,2.320553470316874534e-02,7.781933129658391221e-03,-5.355248052128917802e-02,-2.482896120893327285e-01,1.326910469886423546e-03,-1.072817091199912976e-01,2.506014973324062201e-01,6.296098439986415052e-01,4.566779575220283882e-01,5.327534980093495687e-01,3.291299787727345327e-01,3.929892975410951839e-01,-7.221760724976657164e-02,-1.039960828197225989e-01,-1.310159954705029661e-01,-1.405768231649578148e-01,-5.634708572566774487e-01,-1.370102956493694235e-01,-4.359686874822121250e-01,-6.577357365373695530e-02,3.470317551455018995e-02,1.816900879127916063e-02,2.214781649736582703e-01,1.231681711559825670e-01,5.102504787609712239e-02,-1.855960532417648967e-01,-1.191918586144957576e-01,-3.096892963394255044e-02,8.308788433644282920e-03,-1.396403319751523542e-01,-8.967972882361201215e-02,-3.332615374303611322e-01,-1.213655134688406273e-01,-1.160493378288677407e-01,1.152533052458424162e-01,-1.620763165289832997e-01,-1.452333965524090498e-01,1.955583282683302782e-01,2.806997520124845380e-01,-2.060365247322488436e-01,1.078864555259993752e-01,-2.095538068634103246e-01,8.110380212234112596e-02,7.431852052518932161e-02,3.184922307144721354e-01,4.068714999730466131e-01,-1.451678246583037457e-01,-5.860645749195888751e-03,4.126971595494043771e-02,3.342317099232547384e-02,3.840719376793864659e-01,-1.474502780336505170e-01,1.631277262453111332e-01,1.991592227762436218e-01,2.297625841444114747e-01,4.219410986857747257e-03,3.680222637075091785e-01,1.383356442444710066e-01,2.972410590538305253e-01,1.326966291729834713e-01,2.639136541737758645e-03,1.106291530200604334e-01,-5.200809817725147305e-02,-3.767075711920387596e-03,4.922775046024031875e-02,-7.773277151097361670e-02,9.732066061107416677e-02
4.222815017893490341e-01,0.000000000000000000e+00,4.496523051694680251e-01,-1.602809869705106860e-01,3.350578499015370304e-01,-7.712283941963594958e-02,-5.111719453956563297e-02,-3.198948356028832318e-01,2.202724804131214187e-01,-2.595426680972826028e-01,2.973347519461526089e-01,2.177135648169194193e-01,-1.288640553870221694e-01,-2.436187395157376478e-01,1.619677671572259670e-01,-1.269629618150369399e-01,1.386635217673491682e-01,2.749637209990845599e-01,1.567369890037314528e-01,4.896153557155719649e-01,8.157605931365442820e-02,4.978562034708534922e-02,5.512024906430885302e-02,1.649185638034886547e-01,6.483868317704652440e-02,-5.857194771197673372e-02,2.144224920859935379e-01,2.258440406675852052e-01,-2.159134108394572538e-01,2.110741624918083259e-01,1.925255760339668609e-01,2.969141414071104212e-01,-2.738968036349894164e-01,-2.154577003878943020e-01,-2.870310417489351229e-01,-1.288742147343016065e-01,2.751500724389500108e-01,7.634054605835996488e-02,1.647184373071291508e-01,-1.015039428790358994e-01,2.009478811562763478e-01,3.094937516932375066e-01,-6.196017393484066771e-01,-4.249496248275085319e-01,-4.652910294104021238e-01,-4.610357392590067604e-01,-3.119246789384538809e-01,-4.234730764736662767e-01,-4.427384179027430977e-01,-3.337153393208280860e-01,-3.631800082114376993e-01,-5.649682252629740775e-01,-2.501597400407254979e-01,-5.233740082696497486e-01,3.501543499993091113e-01,1.547710145990607022e-01,3.683735797333888007e-01,9.114755863820910298e-01,1.915434990588397168e-01,1.913533969075074670e-01,-1.079384311123021516e-02,-1.017810484871809612e-02,-7.548502997963572880e-02,1.506354394777101036e-01,-2.677906356979947167e-01,-3.448742242924766055e-01,-8.835794817474532103e-02,-8.658532987218750532e-02,1.292695144207626767e-01,4.006057687704335790e-01,3.153583317170915445e-01,2.773001512681221303e-01,2.199704386870816319e-01,4.417492777700283701e-01,1.605853611869159647e-01,3.077983857071783791e-01,4.933642873775684334e-01,5.922700609840535479e-01,-2.180821500291615644e-01,7.501492417551762493e-02,1.643992838302250903e-01,2.763026532071716571e-02,2.288223539624026637e-01,2.140010205140090160e-01,1.737220146975955448e-01,-3.649065186752637469e-01,4.725134228268598746e-01,1.909992452004143637e-01,1.699070267576043292e-01,-3.426980804512060885e-01,-7.646252110909015909e-02,7.621819168057164529e-02,2.707030497471192565e-02,1.346709613283552931e-01,-2.057455348104470297e-02,-8.264569099059988766e-02,3.444206360388982202e-01,-1.177400402653024092e-01,4.471065297059249044e-01,1.570735174923064414e-01,-8.312737652830362589e-02,-3.878114361136908786e-03,5.465102319806309783e-01,5.003189281790741683e-02,3.982702826001776053e-01,-2.049069780089738529e-02,6.011460968725539367e-01,4.809066921694883923e-01,-1.291985504669358872e-03,-6.739237429775700450e-02,4.133429027169940317e-01,-4.362360671304930104e-01,-7.324197604615693968e-02,-3.405710849476153990e-02,-6.437739620490866566e-01,2.647352457180981999e-02
1.726729807855287568e-01,4.496523051694680251e-01,0.000000000000000000e+00,3.320401376388859571e-01,4.370865607690996302e-01,1.710261156358973689e-01,3.377042079010701414e-01,-2.994668212370714122e-01,4.776022241253046197e-01,-2.089553352770156247e-01,-1.018345698594392973e-01,-1.944348799092704416e-01,2.554570315601644229e-02,-3.408099094953533359e-01,4.973601144414037667e-01,2.489161180653537142e-01,3.202545374150675417e-01,1.920631698740143667e-01,2.799875556400564514e-01,4.156750654010050172e-01,-6.303996188909818943e-02,-6.368935668053241073e-02,8.056802701290309843e-01,8.236946821534170127e-01,5.474729230147341585e-01,3.268326005021396918e-01,2.296494765420658279e-01,3.727201632544570042e-01,2.644822572866878732e-02,1.575554844246182529e-01,5.000280046593161831e-01,4.317978683449331667e-01,1.751882172380880842e-01,5.188756527800852166e-04,4.217014799434006811e-01,3.443736848824092145e-01,2.612312604015066264e-01,1.266600023492219507e-01,-8.723018967752177444e-02,-1.373964068391285986e-01,2.247419203974504454e-01,1.342854438194158451e-01,-5.367978552176193574e-01,-2.362134746299993926e-01,-5.807230594740884211e-01,-5.147936146655633927e-01,-1.867444174234010323e-01,-2.559205659991519166e-01,-7.076059874492872659e-01,-6.479853710587621940e-01,-7.026089878002084177e-01,-6.459800155899033669e-01,-5.812964008232763824e-01,-6.410358651691180354e-01,7.275327432130808403e-02,9.853626318994089528e-02,4.552846826807852715e-02,3.250171100935198565e-01,-6.239459685023517749e-02,-3.190496917573829583e-01,-3.163582435578458085e-01,-3.401278149188334821e-01,-1.685693527859740415e-01,-2.459166132763325185e-01,4.558102084981597857e-01,1.537543985739480146e-01,7.002076475174064951e-01,6.132631303166665715e-01,1.583895902858638294e-01,6.503204465232745868e-01,4.117826095791980445e-01,5.487293997737895390e-01,3.661208584697302482e-01,3.128312305118378656e-01,3.471757500521198136e-01,2.364379083280249982e-01,4.534210466516483407e-01,6.181229670525062447e-01,-1.670311588452361995e-01,1.943437434198398428e-01,4.288057832920961349e-02,2.951677039730232766e-01,7.598017006881720159e-02,7.670655185255914610e-02,3.282283341457906123e-01,-1.313981143548268171e-01,5.027110880749893207e-01,2.393495319206109528e-01,-1.371204800088919595e-01,-2.563751072592793112e-01,-3.674149411910642704e-01,1.117873558883638735e-01,-1.704336629588827090e-01,2.853767920128047822e-02,1.267538411969885981e-01,-2.436484849339390635e-01,-1.811659528058238641e-02,5.689935998131891159e-02,4.024637031902623258e-02,-8.160317268073637165e-02,-3.739816304151245552e-01,1.271961679911103038e-01,4.752654647534560461e-01,8.790067439451873521e-02,3.387288319248455415e-01,3.664556084808006653e-01,6.422827353735751643e-01,6.637429210023337856e-01,-1.414616141991802134e-01,-1.666214676619583168e-01,5.271028399123978136e-01,-7.393768533834303991e-01,-2.427024798262797656e-01,-3.386105259862414729e-01,-2.807586706819238942e-01,-1.140016964192244603e-01
-5.044561573982029312e-01,-1.602809869705106860e-01,3.320401376388859571e-01,0.000000000000000000e+00,-6.957012497471354306e-02,2.519207757893544564e-01,3.862873246527473436e-01,6.467968526680623054e-01,2.811269939240257365e-01,2.054112072437458691e-01,-3.697607267752719973e-01,2.130838411666252374e-01,-6.198026850045710440e-02,3.482791964733373824e-01,9.417287223342991898e-02,3.355210007862212684e-01,-1.632610658756585009e-01,6.923745278801184122e-02,2.312980110788633026e-01,3.283790329213724379e-01,-3.589426785144917420e-01,-2.102702420352188795e-01,5.224475719439475307e-01,6.516616664116499091e-01,2.992755570112161645e-01,2.865676514752857895e-01,1.992509672117576403e-01,-3.204592189581297046e-02,-6.448802040268512836e-02,1.598278321070734920e-01,1.305408855427731829e-01,2.413576994574785362e-01,3.937254317995909636e-01,4.886503996802202265e-01,5.413001091901566975e-01,4.822772872107703446e-01,-2.110749434412020620e-01,-2.998653650996607190e-01,-1.803453133090852090e-01,-2.629562307872438942e-01,-1.367659759719709045e-01,-7.697245414798332963e-02,-9.699300389338885720e-02,-1.839911387557331135e-01,-1.297639244772836875e-01,-1.282972258418547673e-01,-3.541659493291939714e-02,-1.732270937677180822e-01,-2.590692754443674750e-01,-3.886540710292910594e-01,-2.595688001188913296e-01,-2.490950537023756406e-01,-1.500937815174318568e-01,-4.156170334270746225e-01,-5.712846606665685639e-02,-4.556927207386400336e-01,-3.276824703016315010e-01,-2.134025853404868112e-01,-2.466453117126188310e-01,-2.885986101513821622e-01,-1.361390108751173167e-01,2.462699921877044840e-01,-2.188640569021620824e-02,5.694707225376362952e-02,2.506009096977297457e-01,7.184889110616772268e-01,3.843188468352760623e-01,5.907299104537935275e-01,2.842364512656757047e-01,1.570872246298511410e-01,2.636601130321511999e-01,1.694135894425276845e-01,1.765135098935357028e-01,3.455409369236871198e-02,2.023783361334579034e-01,6.508481532961217508e-02,1.498529170284979006e-01,1.056284407085553295e-01,-4.036357219350450443e-02,-4.190366011219556069e-02,2.587057511971472823e-01,-8.815773809621912926e-02,-1.240459031670822360e-01,-3.322818593021283351e-01,1.500637520104461109e-01,-6.623351072103776660e-02,-1.370750627248136511e-01,-2.631814513733141125e-01,4.473039878727080865e-02,-3.753455594176554055e-01,1.276285673277686820e-02,-1.700581217763112718e-01,-1.097450243999732594e-01,-2.890583424822071867e-01,-2.296952147540145261e-01,-5.071005632809682390e-02,-5.177908854721015308e-02,-3.224996046422897583e-02,-1.792021251460165221e-01,-3.739660312952990950e-01,3.805495387701218757e-02,-1.936087955608713218e-01,3.725248318258495700e-02,-2.158579108480050690e-01,1.925817442681356795e-01,-1.280690624512397513e-01,1.150358412529448038e-01,-2.666856887336902307e-02,-2.364416703942347486e-01,-3.946071243879356594e-02,9.132344077412636596e-02,-3.717498085331691904e-01,7.709930387192909240e-02,-1.754260375160528462e-01,3.049966968323036820e-02,-1.083459932060715503e-01
1.713034806108937325e-01,3.350578499015370304e-01,4.370865607690996302e-01,-6.957012497471354306e-02,0.000000000000000000e+00,6.163776449510299793e-01,-1.629816512793297867e-01,-2.890082122063170611e-01,6.655119671566477324e-01,3.745764258751767550e-01,-6.753258505730766470e-02,-2.449907468578856606e-01,-2.900024631747397108e-01,-2.537608881251227078e-01,4.208987965956642596e-01,2.348538694683009742e-01,4.526357203405236701e-02,1.510066784169708520e-01,1.775800056375836655e-01,2.377531275455743720e-01,1.010665062164912004e-01,2.880679392017871376e-01,3.051953541663237068e-01,3.206977728825283758e-01,5.561592463046461932e-01,4.610341044459286275e-01,6.623988511950511526e-01,7.382782973671747628e-01,-5.302331647258814659e-03,3.012652082973878431e-01,4.287219281450524999e-01,3.619119940853665618e-01,-1.559569895869352962e-01,7.763064003347806830e-02,-3.145198340976027886e-03,1.100829627964244328e-01,3.065808395891024274e-01,-8.787299454433278312e-02,-7.366014857702210539e-02,-2.732905533518873997e-01,-9.525990702813806610e-02,-3.549367396077112574e-02,-3.440735112948193342e-01,-6.202527315430380467e-02,-2.538875333163754244e-01,-1.744521512488504955e-01,-1.358851950724170310e-01,-1.549401874324958239e-01,-2.406726548482142070e-01,-2.343126923794483230e-01,-1.984940092862488847e-01,-3.863076967117249350e-01,-1.924680458182422838e-01,-3.254414330081858986e-01,-3.156134316515366023e-02,1.109544480761439841e-02,3.680664923211643402e-01,3.347998622760717802e-01,2.324039560639825086e-01,-4.969441529530400914e-02,-2.146191269756857201e-01,-3.170205904193968416e-01,-2.671851631008351213e-01,-1.229029071423415193e-01,-7.863204110122853918e-02,-3.282758226105334520e-01,9.121911868445055360e-02,7.730112300827193805e-02,3.164471147537901707e-01,4.413225474695214867e-01,3.665593380412079938e-01,2.827547777457177225e-01,1.395033023513977399e-01,2.429263234533131088e-01,3.079332028318638725e-01,-9.390046873104423986e-02,3.450100838243183587e-01,4.264036960032221435e-01,5.061455147768045837e-02,-1.606310650485809691e-02,-8.591766235627287807e-02,-1.040930230375418097e-01,1.358245752992894573e-01,-3.192267762101096834e-02,-2.324570396047927201e-02,-4.154251461671180090e-01,1.717422366291087299e-01,-6.400769648080145702e-02,-9.460688281998751170e-02,-2.833898263921861282e-01,1.340672295815885651e-01,3.613548556173644677e-01,3.114800535270130788e-01,3.246894021547005460e-01,6.881674768169984691e-02,7.835696015893954536e-02,2.357743138129063942e-01,2.090333853959011889e-01,2.892563434701627134e-01,3.563033270565539312e-01,4.686926359596678415e-02,2.770703338269674965e-01,6.742594621388152687e-01,2.650992541014874915e-01,4.163761876345994928e-01,6.196638413304082077e-02,5.393592117658931873e-01,4.968507118344701046e-01,2.921152895059243026e-01,-5.125757474826410365e-02,2.744634938465146945e-01,-1.613747802402921427e-01,1.604528924749899776e-02,1.451648903621481079e-01,-2.310171169602027175e-01,-2.105162398855166955e-02
1.931983631690107131e-02,-7.712283941963594958e-02,1.710261156358973689e-01,2.519207757893544564e-01,6.163776449510299793e-01,0.000000000000000000e+00,-6.203486332949408044e-02,-4.107114369121148134e-02,5.456902307282673892e-01,6.367762916530057549e-01,-2.235782949743284620e-01,-1.697043171562424846e-01,-9.394215373709348393e-02,-1.712810354367756416e-01,4.880989700346785587e-02,2.408238503254921115e-01,-1.376984223753411340e-01,-2.547715350777410293e-01,1.641401507068372401e-01,2.682180717664568032e-02,-1.530790531474101983e-02,1.341652090036036249e-01,2.550228174242061274e-01,2.786423969253462585e-01,4.970341638969383302e-01,6.205539333312768413e-01,6.520674070474098416e-01,6.817604950789795115e-01,9.008262408568471977e-03,7.969165151570539382e-03,3.438845864241829031e-01,2.323648277578643506e-01,-1.567130907490721023e-02,2.313996298273341967e-01,1.972274727915748066e-02,1.441636075266871514e-02,3.414340917534685604e-01,3.692394421167169427e-02,-3.622179282372370857e-01,-7.752442836450552932e-02,-3.547942475170456911e-01,-1.775498341817776105e-01,-1.347168013647098705e-01,-1.571948869387898920e-02,-7.240587642271009705e-02,9.264670675114347609e-02,3.274979390751173863e-02,-6.515220197986280881e-02,-4.379890610502261417e-02,-5.195324383092891907e-02,-4.305442623697919996e-02,-3.444376531521731871e-02,-2.711312433412901290e-01,-1.293472365490067333e-01,-2.914632226199307952e-01,-1.271481819071245967e-01,1.674390211534551587e-01,1.425496820533964613e-02,1.969784801330486390e-01,-1.741617547057397811e-02,-9.172342273152053055e-03,1.134180188904420628e-01,-1.619488108010302130e-01,-1.796740956028015090e-01,3.892270251911841145e-02,-6.803388439455180202e-03,1.888579644873282504e-02,4.541816862042631631e-02,1.555237360870396768e-01,1.496648238730322600e-01,1.239880877768803347e-01,2.519568150372206716e-01,-1.077460595829503043e-01,-1.380593489986548794e-01,1.350636711653039612e-01,-3.744560478818576010e-01,-4.240674841218353142e-02,1.852757662868051436e-02,-2.922703476610378770e-01,5.161179130135146870e-02,-3.370704005693421768e-01,-3.249264425692842129e-01,-1.407329296795287454e-01,-9.504858519746038625e-02,-3.658109975959349391e-01,-2.343870263040559176e-01,-2.195547260554375490e-01,-9.211401136246655241e-02,-3.912692399227719608e-01,-6.035319336396214457e-02,5.443061093466067257e-02,1.342000088354184106e-01,1.570410113969817612e-01,2.351060686288008739e-01,4.489917988766679857e-02,2.133577227003734811e-01,1.498493651644653146e-01,2.222754335882097532e-01,-1.040306098225380824e-02,2.267793061959288703e-01,1.714634746254096315e-02,2.860945087862866165e-01,3.728040656991983282e-01,3.218382382386903995e-01,2.199501283820830544e-01,1.288519418168297126e-01,2.068963643634574301e-01,3.548449077187926792e-01,3.338272047466488424e-01,1.441217909976948430e-01,1.182583924154597121e-01,-1.973289149257882735e-02,2.755632781318556601e-01,1.925758579187726582e-01,-3.279483968132883287e-02,2.630594756870416329e-02
9.941442636421909951e-03,-5.111719453956563297e-02,3.377042079010701414e-01,3.862873246527473436e-01,-1.629816512793297867e-01,-6.203486332949408044e-02,0.000000000000000000e+00,3.111833161028169092e-01,1.695412862260763376e-01,-1.458978331033962406e-01,4.106297718355693127e-01,2.598817162293580174e-01,5.020690041622805078e-01,1.137044067862891250e-01,4.479734276856203734e-02,1.056646999553198518e-02,8.603667600030848184e-02,2.936641015069935690e-01,4.746989402439766303e-01,3.923305837518866745e-01,-3.067452714360561772e-01,-1.437899264672970745e-01,4.403044814985780930e-01,2.831583947804089951e-01,1.093469123582553604e-03,5.575440518388942446e-02,-1.538289818810789356e-01,-2.227096082194799931e-01,3.346070223292718082e-01,2.079966514581647052e-01,1.775198469719872219e-01,2.550078352375621527e-01,5.333305256904484759e-01,2.955080102113861185e-01,2.980091002514855258e-01,1.839548221794080618e-01,-2.964697637098114846e-01,-3.381645355940915421e-01,-2.684474218616900720e-01,-3.361645880565900524e-01,-8.953716831444707980e-02,-2.468214027649581199e-01,-1.076726217538211128e-01,-2.405822464358038648e-01,-2.900439718439623560e-01,-2.584873077852463119e-01,-2.431242164784621074e-01,-3.309432836968046465e-01,-2.721720289607146848e-01,-3.777826591901198849e-01,-3.079209424747569868e-01,-3.570727304747373099e-01,-2.577836444907818936e-01,-3.535591198747817798e-01,-2.471707914624672875e-01,-4.014542533487187037e-01,-1.562598748692256290e-01,-1.455371646704174404e-01,-1.238635156502030515e-01,-1.324457562705934621e-01,3.157573596723018960e-01,1.641482950421670195e-01,3.165574137569532320e-01,1.687961037584477797e-01,4.453607811837514419e-01,2.988671732266492964e-01,3.331703535057012333e-01,2.212952976238727887e-01,3.245273555652146147e-01,2.098036246846531061e-01,8.419271173971845657e-02,1.229647436290157714e-01,2.270452247711019500e-01,1.153971839657631365e-01,1.541400178217529338e-01,1.694159920020713306e-01,2.469415791958112227e-01,1.427959119040589364e-01,9.691541988058501034e-02,1.674043003533222385e-01,7.862843553563847454e-02,9.104811517171840229e-02,-2.147701583897999866e-01,-1.126768286943438946e-01,2.007265979091474861e-01,-1.137021488969304633e-01,-1.145791247857768369e-01,-2.048248374402181771e-01,5.254260601148331294e-02,-2.898894702133746892e-01,4.489251469970559349e-02,-8.809476594030198060e-02,-3.417518768855909439e-02,-2.348884909023958578e-01,-9.050174668502670994e-02,-1.904171723968383079e-01,-1.027522203298772835e-01,1.529472711225570991e-01,-3.938214863486296652e-02,-1.499786773771594750e-01,-6.255855091552846303e-02,-1.105450520361671712e-01,-4.628333187201796872e-02,-2.610831474200676627e-01,1.324933040364080841e-02,1.202298064651561166e-01,-5.928858203225990942e-02,2.182776747058624497e-02,-1.929268032459723614e-01,9.664564505832021202e-02,2.082266180299562064e-01,-2.072523245156176197e-01,-1.783375089788988566e-01,-2.510726329027025971e-01,9.133841553105580269e-02,8.329329777032509416e-03
-6.258746283096168206e-01,-3.198948356028832318e-01,-2.994668212370714122e-01,6.467968526680623054e-01,-2.890082122063170611e-01,-4.107114369121148134e-02,3.111833161028169092e-01,0.000000000000000000e+00,1.322191041505112741e-01,3.282610802192821864e-01,-4.669345617038951624e-02,5.510222956096424429e-01,-3.219074184576429382e-02,8.230528346873119405e-01,-5.111921638874766805e-02,2.186303886721010503e-01,-4.506069029538976034e-01,1.925257751391738770e-01,1.105383155226534464e-01,1.902574922473584396e-01,-3.095302109610383878e-01,-9.292741344138827353e-02,-9.559777639885186709e-03,6.324654318779726614e-02,-6.662939837629140716e-02,2.361555929031156770e-02,8.164365428884001741e-02,-3.561334161495634532e-01,-1.701650092953821969e-01,3.503113293256014393e-01,-2.563242868239219985e-01,2.110133324637895186e-02,3.148365612870333008e-01,5.505707835082490620e-01,3.141426732593080584e-01,3.948555602448529100e-01,-4.516442601281351332e-01,-6.484500311669512129e-01,-4.484005687572009680e-02,-4.807721899904757179e-01,-2.614300370593992118e-01,-1.691267446612492453e-01,1.539893828548971888e-01,-1.498349190500519179e-01,1.298851112303849586e-01,3.379626206191134463e-02,1.493368902945978096e-03,-9.210831823798265594e-02,2.190013949751413724e-01,-5.906486311041438120e-02,2.519812658486578205e-01,-4.008386090865656559e-02,4.436255253443747715e-01,-1.060371027693060991e-01,2.168104992101153525e-02,-6.722501201826365236e-01,-3.889174154287685647e-01,-3.720519992813768329e-01,-1.880833055040503632e-01,-1.428187580029053882e-01,1.626829662649749153e-01,4.133446250341867301e-01,1.559912642773028657e-01,3.552366172129052257e-01,-1.272483761169956873e-01,5.195807925675012262e-01,-1.617591014292026619e-01,8.167783190700764195e-02,3.297936950507244780e-01,-2.104344086857049545e-01,1.684705325007367360e-01,-2.277909984281114852e-01,-5.333085342441587495e-02,3.208792346619165903e-02,7.169298856400019293e-02,3.147535358140383238e-02,8.118102512751472488e-02,-1.591623623557524292e-01,2.760143216414970291e-01,-2.093025770758998871e-01,4.353174651796194450e-01,-2.911182279147037644e-01,-5.434860130857687571e-02,-4.203522370321277624e-01,2.289496754275277823e-01,-2.638073088745548911e-01,-4.145481775321070983e-01,-6.346121054164096664e-01,4.847897052511779270e-01,-4.756364315889872740e-01,5.085506769860312914e-01,-6.630027371437385852e-02,1.880394460136456114e-01,-3.124054634376475237e-01,-4.459977825310130206e-01,2.454342499780540546e-02,6.643341738121008588e-02,-1.280891436579036646e-01,1.681750032251250887e-02,-2.445319867571414674e-01,3.867041902034381029e-01,-3.432563783876981800e-01,-1.491338336827614242e-01,-4.156800086223415014e-01,1.351062218296548156e-01,-5.486575409125121761e-01,-2.484700136060420672e-01,-5.763243035363186939e-01,-2.336567701675834607e-01,1.559591030407282419e-01,-1.832606555520388258e-01,8.230695114613970076e-02,1.632888635340005168e-01,9.857015810628866337e-02,7.765271337813929586e-02,-6.780087967449990871e-02
-5.142984921595657871e-02,2.202724804131214187e-01,4.776022241253046197e-01,2.811269939240257365e-01,6.655119671566477324e-01,5.456902307282673892e-01,1.695412862260763376e-01,1.322191041505112741e-01,0.000000000000000000e+00,5.133025143542433444e-01,-9.351314827282644626e-02,-6.096052713978074994e-02,-2.290086497880958541e-02,1.266749066338236362e-01,5.018762716182980643e-01,3.673379308683746847e-01,-2.273161344221061031e-01,8.379407389888889057e-02,3.088466502362371968e-01,3.086372325116077953e-01,-4.533945019806115417e-02,1.418172370107269598e-01,5.118240996882775784e-01,4.941266534318107806e-01,6.014304950728794896e-01,4.818169825862075317e-01,7.594789990931113399e-01,5.536370488269186652e-01,-3.023401737252940369e-01,3.444280736635048634e-01,2.666055238911677061e-01,3.589801911310186444e-01,6.030909922859760408e-02,2.871526559776486076e-01,3.524030850386506430e-01,3.725974223590839407e-01,1.364544769255640333e-01,-3.322014293080600700e-01,-1.416123237757987430e-01,-4.411542686789465262e-01,-1.765299413423022656e-01,-3.411838303568231340e-02,-3.357448823230288482e-01,-1.521152670908141324e-01,-2.130037357795297182e-01,-2.120146284095374978e-01,-2.105514765617780004e-01,-2.184661664299996642e-01,-2.899140080104262163e-01,-3.521736663421433100e-01,-2.569705927906224541e-01,-5.152967458788889621e-01,-2.289764564836223038e-01,-5.745610121631189449e-01,-4.427130621483703343e-02,-3.976232343176598905e-01,-1.585089941277759845e-02,1.327533264175039807e-01,4.915842604371680608e-02,-2.449840046154288520e-01,-1.262364251706138696e-01,-1.529177372502499854e-01,-2.697583605731168066e-01,-1.364731792279623712e-01,1.396693689996937604e-01,-1.013977499216125663e-02,1.820394158033779852e-01,1.655021968039519786e-01,2.670809377971044007e-01,3.363238020195006284e-01,4.872533091442037279e-01,2.691720271940938880e-01,4.016782138054557361e-02,2.435031264825668063e-01,3.184540534405786993e-01,3.622141453986660320e-02,3.772227925972020945e-01,2.997958984934004367e-01,-4.486916497233095491e-02,2.029505337783185995e-02,8.490166511198989074e-02,-1.798947466596317324e-01,1.701691644788244917e-01,-1.760699812856699464e-01,2.358472605799738220e-01,-5.790171426500384522e-01,7.730839668709650614e-02,-2.840898183092873674e-01,1.306164113278749650e-01,-5.813749455286584267e-01,3.293856567505454302e-01,5.035949428700978725e-01,4.000440679579466141e-01,2.745487132553194320e-01,-2.585409153345571420e-01,8.127357831444696756e-02,2.408881609541944080e-01,4.963810079894659388e-02,2.621811511473349787e-01,2.798769586491839378e-01,6.690510547241743100e-02,1.628910112354823303e-01,5.953200086227091736e-01,1.619442759499259143e-01,5.104541593671889643e-01,-8.311270336474337050e-02,4.935613183388551373e-01,2.688018470537492655e-01,1.144007754734205490e-01,-7.307295456140182333e-02,2.540773100242286753e-01,-2.661903625418761132e-01,1.475975241610841260e-01,2.237856073598170348e-01,-2.238995815844345705e-01,-5.119324773596184430e-02
-1.835230361617006811e-01,-2.595426680972826028e-01,-2.089553352770156247e-01,2.054112072437458691e-01,3.745764258751767550e-01,6.367762916530057549e-01,-1.458978331033962406e-01,3.282610802192821864e-01,5.133025143542433444e-01,0.000000000000000000e+00,-2.305794337301755037e-01,-6.699569083261941449e-02,4.494267884018320058e-03,3.102175893061422385e-01,2.099614710305526544e-02,3.332142592184884067e-01,-5.746022578703643413e-01,-2.093131004287406283e-01,-7.744975122493785724e-02,-1.530045690193876928e-01,-1.381575602018167426e-01,9.958114030858307431e-02,-1.623562125130041320e-02,-6.110131300750062423e-03,4.782215061096058983e-01,5.625540830131547931e-01,6.331633556449111078e-01,4.770494297171744003e-01,-3.491870586274478661e-01,9.451321998950676373e-02,1.099688259948098795e-01,9.782191904604427279e-02,-5.177661720836401055e-03,3.517979388114739203e-01,1.438352965361372471e-01,2.480213320821179346e-01,1.582808630629781443e-01,-3.018253167068508658e-01,-3.256768109945703538e-01,-3.692796067018935258e-01,-4.496668052484185107e-01,-2.658442613650866537e-01,2.010795208659173494e-01,1.220071544151219156e-01,2.123186199051435852e-01,2.301648922976348988e-01,2.306713151599009970e-01,1.200714409698505625e-01,3.225097899718137873e-01,1.802715083433523990e-01,4.147487506853758110e-01,1.760055548895918531e-01,2.019593004435811801e-01,1.996100093272892839e-02,-1.466097031183411503e-01,-4.714277043808465240e-01,-7.896579064338554721e-02,-1.728280287688453432e-01,3.049378197228327370e-01,9.576265702968400628e-02,2.049504409901444987e-02,7.981564560848879164e-02,-3.266658201686390428e-01,-1.221911866798928714e-01,-1.339183514475313641e-01,-1.514257323259697585e-02,-9.183127555452229307e-02,-7.232526251821935759e-02,1.636389180937484200e-01,-1.207332868869339382e-01,1.209736104212173202e-01,-1.371125276224675338e-01,-3.101315116297478358e-01,-1.205513956983323975e-01,1.154363463879422153e-01,-3.963987944930851826e-01,-6.962917933173865329e-03,-2.024110226953013125e-01,-9.775512025260195414e-02,-2.630767796738821551e-01,-1.897731186578805462e-01,-5.396900070117568449e-01,-1.062053601512818052e-01,-4.706910166306250698e-01,-1.603793787717074371e-01,-4.821050021783858108e-01,-3.822553720512296138e-01,-5.411594946471459666e-01,1.382421288521367168e-03,-3.213513260293495710e-01,4.560195151423375726e-01,3.645909888219769357e-01,2.287431438566597253e-01,1.530171418029288299e-01,-3.113984250795976405e-01,1.841097150291754747e-01,2.398438307097563726e-01,3.520650385035908880e-02,1.732533116784789606e-01,2.921904947843801947e-01,6.383552064349561073e-02,1.566521620841027918e-01,1.547109361318724785e-01,2.795247038730050426e-01,3.587469804748220636e-01,-2.271972039842743707e-01,8.839948406719198848e-02,-1.769229815731770683e-01,2.317052933626168598e-01,1.698549484036245005e-01,-3.278252769075965661e-02,2.260700217635471798e-01,3.735102439777565064e-01,4.368101802280863200e-01,1.494610894584877114e-01,1.324003048252840771e-02
4.334248508752875928e-01,2.973347519461526089e-01,-1.018345698594392973e-01,-3.697607267752719973e-01,-6.753258505730766470e-02,-2.235782949743284620e-01,4.106297718355693127e-01,-4.669345617038951624e-02,-9.351314827282644626e-02,-2.305794337301755037e-01,0.000000000000000000e+00,3.788126053362140810e-01,4.529505684997107706e-01,1.040706561795890980e-02,-2.188808258484657709e-01,-3.045677281941224224e-01,4.110259567883713105e-02,1.805153100299727309e-01,3.548441046528382214e-01,2.755792024645422611e-01,5.604675582612352741e-02,1.080162490268955222e-01,-1.589491611614247402e-01,-3.226058885029368106e-01,-3.962192293755615324e-01,-3.417169155290880056e-01,-2.680191499012041234e-01,-2.183868951681182391e-01,1.728093654909670929e-01,5.799784514504521815e-02,6.371022650245126984e-02,5.304067084192609638e-02,6.601792455432167750e-02,1.226669132803340917e-02,-3.227405054475773194e-01,-2.769098967789398458e-01,-6.114197257278112391e-02,-2.050245999630185001e-01,-4.346711255303670196e-02,-2.534685566136657409e-01,-8.624887646027706856e-02,-2.460769054394396638e-01,-2.181375072106258861e-01,-2.388971771656651644e-01,-2.186128760899461732e-01,-9.706113845005494289e-02,-2.770674182807708608e-01,-2.270377651545827935e-01,1.954695112884441421e-02,5.238167397062051117e-02,4.866143758387559098e-04,-1.413046423378109540e-01,8.608536885952919326e-02,3.952254529647122178e-02,-6.379324202508058518e-03,4.692822683529757760e-02,1.626027167962901532e-01,2.150397860317759258e-01,1.677007244198578939e-01,2.817203076201771350e-01,5.417184554438139177e-01,2.640457185044257082e-01,4.050403784258106987e-01,2.855240341553570427e-01,-1.416387843493267518e-01,-2.793186003332410738e-01,-3.384446524468719963e-01,-4.679967570230580964e-01,2.076730971134495840e-01,3.477317514854424280e-02,5.952205135705062461e-02,2.865791809710640028e-02,6.194867946027894645e-02,1.556563780753914827e-01,-8.118577740163383794e-02,1.450577676965521812e-01,1.004235494043924232e-01,2.120974168901470711e-02,1.169936990465838267e-01,-1.216394596903300207e-01,-5.952545000680442740e-03,-8.568034301051294377e-02,-2.376965866584027087e-01,8.715474253232433077e-02,6.346396525140216016e-02,-1.165915122394083348e-01,-1.216477689979299504e-01,-1.643769693300089207e-01,1.569584887976220311e-01,-4.049062698377191988e-02,1.320096561617212505e-01,1.442455775016071307e-01,1.224564673462033293e-01,9.887338666183664859e-02,1.076328346609514430e-01,-1.663670525105702125e-01,9.527656283624248712e-02,1.420024098862891770e-01,1.934464565123316659e-01,2.351235147132908487e-01,1.974716360111701194e-02,-2.685723238623781862e-03,1.432315901363820018e-02,-1.370954469122737107e-01,-4.866789303340275652e-02,-4.876936739492925693e-02,-1.287956036795756543e-01,1.122569831070662806e-02,-5.399851010003386964e-02,3.466482423426581749e-01,5.592085294951825575e-02,6.343962093023003401e-02,-1.751247802276115484e-01,-2.719633260089271420e-02,-2.248510507383769119e-01,1.879956193548976140e-01
-2.839445566301761481e-01,2.177135648169194193e-01,-1.944348799092704416e-01,2.130838411666252374e-01,-2.449907468578856606e-01,-1.697043171562424846e-01,2.598817162293580174e-01,5.510222956096424429e-01,-6.096052713978074994e-02,-6.699569083261941449e-02,3.788126053362140810e-01,0.000000000000000000e+00,-1.942447666488490016e-02,5.669782125329946298e-01,-1.934405012661869483e-01,8.489347750756572053e-02,-1.257817741328488316e-02,3.678782089264669430e-01,5.580031531852663179e-02,4.602963227024299275e-01,-6.674699773893473520e-02,-1.643641550901240034e-01,-1.797615099864164345e-01,-7.406920913652713379e-02,-2.598526824256058299e-01,-1.106525795368455412e-01,-1.470027342638498824e-01,-3.347168927789962445e-01,3.815964425045902803e-02,4.094400959528339268e-01,3.003518991615599168e-02,2.714755542925993415e-01,2.746393465456182237e-01,3.862494315029206260e-01,-5.961744150021605626e-02,1.998874435972427532e-01,-2.645317090124806869e-01,-3.048971707201839076e-01,-2.244292821286842515e-02,-2.912149116208949118e-01,2.931734421206139488e-02,1.920195445393770017e-02,-1.830605682339506435e-01,-3.313089441481166242e-01,-1.132703614680147658e-01,-1.375972203410760486e-01,-9.136991529935814538e-02,-1.669756560546584723e-01,1.509476465139431359e-02,-8.830536595587119841e-02,1.681373526618257230e-02,-2.237875146267251092e-01,2.690097322188121920e-01,-1.863818205149157803e-01,1.991415209661749619e-01,-2.072315136658542389e-01,-1.887363451111440937e-01,1.210460061075519927e-01,-6.728132682096286954e-02,1.005905307631745488e-01,2.683857043853761781e-01,5.560364449802173148e-01,4.536657559699064923e-01,6.094702705987840030e-01,-2.639759008296813647e-01,2.216394918351855536e-01,-3.256119488125082118e-01,-9.253738426035057474e-02,1.801467548623889858e-01,-2.943599821600505206e-02,1.691188963515271870e-01,-5.465988111999155359e-04,-4.883209888817013206e-02,1.169257298556579117e-01,7.871040342244653432e-02,2.241255785433832748e-01,3.086893459632373826e-01,2.232350701718389396e-01,7.744338400469429062e-02,3.842568160775722969e-02,3.281833626951096705e-01,-1.108236794697307209e-01,-1.264989473287220223e-01,-1.829732655663437735e-01,1.102591134112296950e-01,-1.555253095679560715e-01,-1.804269271341188974e-01,-3.205274980104135252e-01,4.174802024140805146e-01,-2.789412125209874138e-01,2.544962843690529164e-01,-2.178418898532333003e-01,9.294120175632435144e-02,-3.724592258003954215e-01,-2.106287510652387618e-01,-1.187798677458024865e-01,4.923179595502124445e-02,-1.133698477827142365e-01,2.689764553422834825e-01,-2.771051811813312615e-01,9.416051885846137004e-02,-4.336871306783219859e-01,-5.510518325918668629e-03,-4.505911234225916107e-01,6.754985840508320738e-02,-2.251707592289271809e-01,-2.599036634444966062e-02,-1.893822086238831359e-01,-2.414359009686912749e-01,1.647852337831691716e-01,1.609168971534850334e-01,-1.935808251241983857e-01,-1.133679439548020695e-01,-1.966812979587977128e-01,-3.273039622239192203e-01,1.300515332200339602e-01
3.618176070788231002e-01,-1.288640553870221694e-01,2.554570315601644229e-02,-6.198026850045710440e-02,-2.900024631747397108e-01,-9.394215373709348393e-02,5.020690041622805078e-01,-3.219074184576429382e-02,-2.290086497880958541e-02,4.494267884018320058e-03,4.529505684997107706e-01,-1.942447666488490016e-02,0.000000000000000000e+00,-2.143552526589716928e-02,-7.041003604858130094e-02,-1.014831310782125934e-01,-1.415313375037159371e-01,-3.577088440623876764e-01,2.474093903498183755e-01,-1.350988787866655716e-01,-2.576052466755912040e-01,-3.659591496205898964e-01,1.724591670073214733e-01,-4.982760920566261381e-02,-5.469180375326622434e-02,-4.738646448598127919e-02,-2.483652275894319139e-01,-6.065073628928953353e-02,-7.846218656278117209e-02,-3.891137340467046846e-01,-5.623291959163133347e-02,-2.885265048453343750e-01,1.304836516482138498e-01,-1.041966653118005653e-01,1.937219163769735575e-01,-6.305165377537526317e-02,-3.077085332171257057e-02,5.331919193063178880e-02,-4.357170082599084449e-01,-1.407644209383087097e-01,-5.994557597959160322e-02,-2.057594724246206708e-01,6.469516339327617549e-02,-5.698473082068757772e-02,-2.722409591154964156e-02,1.185967495983133585e-01,-1.192206833663094767e-01,-5.979006385547765146e-02,1.212022931244635116e-01,1.244791069972198128e-01,4.324882672547908369e-02,1.704838206216061636e-01,-2.629554389996868191e-01,7.507262228766113654e-02,-4.233285840619391838e-01,-1.689456296073664210e-01,-1.074337824613485204e-01,-1.055726429210180756e-01,2.928745542472083740e-01,1.633667155571221496e-01,5.515799987793386094e-01,1.614339676326901341e-01,-1.004147195343030596e-01,-3.250778010828919151e-01,3.891250066633972771e-01,8.604606186109015065e-02,1.780831540602908769e-01,-1.125572289938242404e-01,-5.834700679921187710e-02,-1.515855635507841470e-01,-1.043987318446414070e-01,1.199498991098165990e-01,1.281010585837644676e-02,-2.046681826880007438e-01,-2.099458998889870143e-01,-7.011043375230560648e-02,-2.352012070298356017e-01,-3.658104341413753180e-01,-2.838366257156020867e-01,3.483410773261567256e-02,-4.446836391951478618e-01,-2.414466245953935941e-01,-4.113159513158000657e-01,-1.449896003857504834e-01,-5.193663380192545947e-02,6.730128211907695536e-03,-1.516595107894349592e-01,-8.543119414571237469e-02,-1.732346288544853730e-01,7.795237644795985354e-02,-1.082463307171139949e-01,1.096415372733361704e-01,-1.600208481576534669e-01,7.023138042057522346e-02,2.537109922244525431e-02,-2.888630323901782426e-01,-2.096179798529498595e-01,-8.531151790498338328e-02,-3.697584865601047377e-01,1.042643065206631803e-01,-3.205532196774277254e-01,-5.385926422449041628e-02,-3.814524045721740531e-01,6.388270918378413654e-02,-3.264789629715340036e-01,1.517002440417334341e-01,-3.046750269309568271e-01,-1.350508953401834134e-01,-2.176369936668990646e-01,1.445356519164356923e-01,2.365515051650942183e-02,-2.643677695889491523e-03,7.713818173907960318e-02,4.602231126697815811e-02,1.441765696310975675e-01,-1.281636441810231064e-01
