0.000000000000000000e+00,4.271804809586297602e-01,-6.785514319996305277e-02,-8.884308952150568595e-02,-2.080328202497519208e-01,-2.505566896509175412e-01,-2.219857806357905250e-01,-8.858956682277102646e-02,-7.155611824315051550e-02,-3.277934933857351574e-01,1.725906835141459705e-01,9.046735197896060843e-02,2.492661832031851932e-02,2.182416477841329361e-01,-3.119210362653190849e-01,-4.190594035491335134e-01,2.430769647515357290e-01,-3.041350606627651887e-01,6.836571738773301599e-01,6.500948327474815880e-01,3.785394722903828030e-02,-1.040297962241666929e-01,-3.116107068389523671e-01,-3.751336977990454846e-01,-1.924541906540566116e-01,-2.269413381266384422e-01,-3.512096627585964970e-01,-3.189342209310790377e-01,2.411185644073854384e-01,2.333939563891192573e-03,-8.307472685280219279e-04,2.846436648494621649e-03,-1.050123354031384793e-01,8.720684162156962585e-03,-7.328204001274957191e-02,-1.631853218652244697e-01,-3.539814690545937947e-02,-5.741844507897542887e-02,8.852288468211660932e-02,2.006248203568487265e-01,9.683429875995464009e-02,1.587920788605265698e-01,-9.792404663698228706e-02,-2.685956602825714107e-02,1.703057933704006655e-01,2.171627338706469956e-01,1.548120791712964961e-01,3.495519078425973758e-01,3.252136901423589022e-01,4.157357121955951862e-01,2.899545091286471754e-01,5.124504912913304677e-01,4.046679657452664225e-01,-1.272550514014240131e-01,3.427671835745409457e-01,9.764558271268883316e-02,5.808316775266962884e-01,1.989203991304950387e-04,2.599420429023616141e-01,2.939079887551305781e-01,-1.230709753948497770e-01,-2.270957615333119295e-01,2.514556967756796380e-01,1.451632129604777353e-02,-4.586349996031992560e-01,-3.297062156336738048e-01,-1.323279139296801299e-01,-7.389705048373142182e-02,2.215767958787564496e-01,1.638558383952827824e-01,-1.994562973967554664e-01,-3.718769613182124623e-01,-8.715387778571610788e-02,-1.022862262236718875e-02,5.073321572871240109e-02,-3.319849927214185148e-01,-1.348793868135731225e-02,-1.966998583443098914e-01,1.492167963671019448e-01,-3.767026380066019198e-01,-1.769492396028734815e-01,-2.326896144924680554e-01,1.577777445233258524e-01,-1.093269641391506758e-01,-3.007598754392497020e-01,-3.156559132925325362e-02,-3.220985862323574311e-01,-1.790181274172178705e-01,-2.999179889288169365e-01,5.456481510623754222e-02,-3.469471012327940973e-01,-2.900037334040292403e-01,-1.690686955136767866e-01,-1.351106271246314272e-01,3.742427122896102576e-01,1.852361172220522711e-01,2.410968191554510864e-01,3.636703958696355099e-01,-3.134873359532299730e-01,-2.928580433107966230e-01,2.212040098548332945e-01,2.437184698828333551e-01,-2.730310361899908334e-02,1.740153893605230484e-01,1.119479076138815421e-01,1.436191430763093801e-01,-1.314311161111225701e-01,-4.695399512664787632e-03,3.959628273320439651e-01,4.725604947080461748e-01,-2.105607126910193638e-01,-2.564254033405362621e-01,1.927603138245209957e-01,1.186148800299464678e-01,2.013713221551705623e-01,9.900513446188416444e-02
4.271804809586297602e-01,0.000000000000000000e+00,-3.422628608111261128e-01,-1.656118888764063490e-01,-2.705541378164485478e-01,-3.721123678009222169e-01,-2.557399707100778130e-01,-4.375377659638504668e-02,-7.471125834684201605e-02,-3.496475550446774827e-01,-2.109386285852036386e-02,6.596291091991765554e-02,-1.568442330776801119e-01,1.983546701653860211e-01,-3.920435054867891234e-01,-3.741487116155864934e-01,4.011425137162058507e-01,1.599219763619167123e-01,2.426643637497705452e-01,5.768238664239835334e-01,-5.014682946423160148e-01,-3.498280633289976849e-01,-4.969276570561163009e-01,-6.166026440108873796e-01,-4.752320070358231341e-01,-4.768082184260304390e-01,-4.789057330489522313e-01,-4.675979068861054744e-01,4.211879368620191078e-01,1.106671192206596516e-01,-4.613369014877664182e-02,-9.573471285506217343e-02,2.016230947095730142e-01,4.113995720429788339e-01,-1.669408692257403626e-01,-2.021257372938774222e-01,-4.875158172123648104e-01,-5.563211297190665539e-01,-3.913374407624398699e-01,-2.475285708915486993e-01,-3.772751891324038764e-01,-2.417740279150424887e-01,1.321027140378190357e-01,3.760963725707010263e-02,3.748004040952965799e-01,5.288786656087852700e-01,4.372999878726107070e-01,4.036392137460868001e-01,6.249759630036307856e-01,5.852697168504952252e-01,4.759577584047700594e-01,4.301400337164225096e-01,3.383411837962090329e-01,1.493995639566758071e-01,4.647819138472035760e-01,1.847027154423215300e-01,7.464801773576226207e-01,6.324867632717936505e-01,4.287940748531035018e-01,3.487516925954292635e-01,3.058863406972960330e-01,-7.347634591019888695e-02,5.952773678495674181e-01,4.618976020546742833e-01,-5.532914746689125973e-01,-4.875838612989191190e-01,-2.457696112397590171e-01,-1.514737026244401541e-01,-1.587495731156940981e-01,3.555878727259169092e-01,-3.354554368199436087e-01,-3.203111264263526214e-01,-1.641014835811020478e-01,2.409907855740957283e-02,3.470092520972226091e-01,5.211528216247934830e-02,-2.465052088643851225e-01,-2.680456946450210376e-01,2.474648413448032186e-02,-2.272969385694373623e-01,-4.311660629994067476e-03,-1.048665844151319276e-01,-1.856487034268924363e-01,-3.557154133135481677e-01,-4.641988575293797825e-01,-8.781687192582787738e-02,-4.849672419125866663e-01,-3.877356418839993935e-01,-4.080402205870884424e-01,-2.673783166782479626e-01,-1.940888298662357681e-01,-1.579904403499696464e-01,-3.012738045333065440e-01,-1.996378833634531447e-01,-5.203785999983454036e-02,3.081669996097589626e-01,4.308065428264372665e-01,5.292744808694755942e-01,1.357338689478783111e-01,1.416691508743586972e-02,3.186479445325685611e-01,3.028821059686859773e-01,1.101888087914790898e-01,9.640519021609157690e-02,6.609771104964408395e-02,8.118328835526607279e-02,-7.053025131981376095e-02,-7.977893406222889838e-02,1.435245718923548568e-02,1.876711583970964436e-01,-7.040108708946823945e-02,2.205526691115458626e-01,3.173710876916860935e-01,2.100639100180800856e-01,-6.018103374550411860e-02,1.420117733589524867e-01
-6.785514319996305277e-02,-3.422628608111261128e-01,0.000000000000000000e+00,3.870967839142013256e-01,4.315848767709581923e-01,2.407251673909211465e-01,4.438583831503093990e-01,-1.935858653751155734e-01,3.900403128790742580e-01,2.975569083006613935e-01,-1.068744040372320847e-01,-4.127643528194159250e-01,1.226196233606142577e-01,-1.714954808858779323e-01,2.381487741625069876e-01,-7.362206452370791132e-02,-8.664821978390731261e-02,-1.010428687772428891e-01,-5.060171352508211623e-02,-1.202500425744517376e-01,1.217788733955385005e-01,-3.160462108067053216e-02,7.620058387389947452e-01,4.843942111907762471e-01,5.916815552579841597e-01,4.769763417764236180e-01,1.410069424793663762e-01,1.827844672190762354e-01,4.677987976646804519e-02,-1.450686390901184120e-01,4.464175536928489119e-01,3.251490666230646420e-01,3.705837734352163126e-01,1.121675965969448491e-01,3.203156307101152067e-01,1.565685714819426144e-01,2.958216059895305700e-02,1.251792259665243934e-01,1.482961974951923223e-01,6.755579972307491909e-02,-3.447178218192579330e-02,3.391426903178963725e-02,-2.017126184410784895e-01,-1.883699789054259499e-01,-4.129642157190512725e-02,-2.474892346991029723e-01,-5.233997374259267144e-01,-4.352081489169687956e-01,-2.138044518169608110e-01,-2.191996250199536034e-01,1.495218398222375455e-02,-9.076169887752826015e-02,-2.729657658899297193e-02,-8.648594128564560113e-02,-1.733956234057278112e-01,-2.905964011754755827e-01,-3.028500906338616461e-01,-3.399112367547568736e-01,-2.995127244735344973e-01,-2.909692305101980181e-01,-3.368747594559037828e-01,-3.556400615707717705e-01,-2.224226948766814538e-01,-1.334877742161537650e-01,5.531275050527305615e-01,-1.359630661365102133e-01,2.015886123295629606e-01,-1.340189354142623523e-01,2.283884645453100604e-02,-6.233267458731334143e-02,-4.926215002548572919e-02,1.258261487623737462e-01,-1.238017982594413202e-01,-1.555769178178248169e-01,-2.939559949750196743e-01,-1.206547039319573467e-01,-2.861266695473982380e-02,-1.822302859408662101e-01,-2.269597043384321416e-02,2.633083171794779742e-02,-2.029936343267066678e-01,-2.950291605700098296e-01,-2.542030162762502488e-01,-2.103981166536170178e-01,3.963569270125903987e-01,1.839499233357068039e-02,-3.242567455761813378e-02,6.595334611334607855e-02,1.509276569420301140e-01,1.719550669945976717e-01,-4.812359355395387506e-01,7.228751966124392914e-02,6.421719475326473359e-02,3.097154265098074899e-01,2.006910306275388467e-01,-4.170770657943707188e-02,-2.765291015958675769e-01,-3.334582178996066681e-01,-6.109715679882170569e-01,-4.647905769282273392e-01,-4.234701283228378133e-01,-1.895344720077866696e-01,-4.942541830113759693e-01,-3.792708278080581530e-01,-1.058863874980558173e-01,3.284331427077336607e-01,-3.632824757843814978e-01,-3.527743184786311659e-01,2.173585701535984682e-01,-1.284337337299494286e-01,-3.896715001207524676e-01,-4.626544097671856370e-01,-1.707162420410193449e-01,-1.044066523631529686e-01,7.095327316405519724e-02,3.152457002940403652e-01
-8.884308952150568595e-02,-1.656118888764063490e-01,3.870967839142013256e-01,0.000000000000000000e+00,2.718548961404213538e-01,5.634429662296051022e-01,3.800557159737081303e-01,5.771808462786787164e-01,2.064623612453160562e-01,4.768065383100889010e-01,7.006110264185903824e-02,1.093815856709271783e-01,1.762351316505765195e-02,2.344555224601818089e-01,-3.223064553029238166e-02,-4.354879775260017682e-02,-1.471106365551075879e-01,-1.700305155340098850e-01,5.180319065985766053e-02,-4.220567546919039986e-02,-2.712130006279800387e-01,-1.510818099167056915e-02,4.934969372445709990e-01,6.375444447436907636e-01,1.988156978449950596e-01,3.584166384205642042e-01,-4.682997061363657065e-02,1.511951447679302230e-01,8.653877904799503473e-02,-1.733595509909236221e-01,3.293187435662441320e-01,5.292126048146137407e-01,2.150801682676115878e-01,2.512110080362898734e-01,1.072234782807195003e-01,-2.549723645779332620e-03,-1.474149468504994398e-01,2.844958962687074711e-02,-2.470085432380559887e-01,-1.305867612777738551e-01,-8.770498626269070119e-02,-1.650982028483029274e-01,-2.917076173230851999e-01,-5.281467858136031923e-01,-1.273453004163290769e-01,-3.819014988723760107e-01,-4.892769052888983894e-01,-6.088321059214204523e-01,-4.059761518327500429e-01,-2.740592015845742524e-01,-3.425221547018977297e-01,-2.397768986331368923e-01,-4.908158059829458297e-01,-6.085935307800720978e-02,-2.564541578402760869e-01,-3.913829757278549093e-01,-3.547825841390850887e-01,-3.916394143343822631e-01,-4.322480805092558942e-01,-1.120871236996268672e-01,3.600626909364788852e-02,3.859167309554855652e-01,-3.695710365908620454e-01,-3.372818305378622594e-01,2.581886085179726509e-01,4.775095166884235631e-01,-1.737817560268063166e-01,-2.157600706269524882e-01,-1.724438764210516339e-01,-1.306547636936710444e-01,-1.583803284359523028e-02,1.558142908991925479e-01,2.729007270035210472e-02,1.142170713163424278e-01,1.603755484534660214e-01,-2.586352220529028467e-01,1.597278380175716495e-01,1.218343864061275927e-01,-1.495636908729467696e-01,3.978495777966489788e-02,-1.695887846094010221e-01,-1.466568742822771665e-01,-4.058442566103585558e-01,-1.311745124111902694e-01,-5.208877919494926678e-02,-2.864298170846121261e-01,-2.304827813674108772e-01,-9.084185581567878753e-02,-2.353561398268304294e-01,-2.242964729641466204e-01,-1.476464857842965384e-01,-5.502366697419816544e-02,2.759202831650554022e-01,1.512324508872419093e-01,2.829366646824994502e-01,2.889644217254832559e-01,6.991362952489910132e-02,-8.804087719503153608e-02,-3.094000570665814687e-01,-4.059571581920947692e-01,-2.999515288066742502e-01,-1.748321948568634931e-01,-3.036901578602931306e-01,-3.880313959278555713e-01,2.303780399125621159e-01,3.056352104860226016e-01,-2.515368292532447203e-01,-1.500028021929664945e-01,8.845708980107251651e-02,-2.840203289855414842e-02,-3.763666830610104541e-01,-4.745755399686715781e-01,-1.139009567823634356e-01,5.338793153459765739e-02,2.508289586660678028e-01,4.259194892472840666e-01
-2.080328202497519208e-01,-2.705541378164485478e-01,4.315848767709581923e-01,2.718548961404213538e-01,0.000000000000000000e+00,5.997421274689180848e-01,3.390487217124841246e-01,1.630885935723528635e-01,8.592092808089949463e-01,7.235779554704887540e-01,2.001345072854541218e-01,5.640940720459969998e-02,2.002537666644556014e-01,1.702071652456742523e-01,5.472403459799390912e-01,2.495496334848811559e-01,-1.573518579851899968e-01,1.217241884345042630e-01,-2.842317001506204366e-01,-3.104069225936982312e-01,-1.254909323729340720e-01,-2.047350504553320794e-01,3.044826785950056069e-01,3.458548860984201889e-01,3.479272791635354967e-01,4.125332529588913166e-01,4.816149582389475103e-01,5.152097403186924884e-01,2.622611147186808961e-02,-1.372617454354927435e-01,1.473655507447783064e-01,1.867597463400406110e-01,1.572621440936648740e-02,-6.707962532126603150e-02,-1.036483013904759831e-01,-1.496437534654268819e-01,-1.243323596474214809e-01,-8.952361504601868969e-02,-4.298805435313695494e-02,-2.216246530675128890e-01,-2.914848774589290370e-01,-1.741989233121941927e-01,-1.101811945517305463e-01,-1.500737899021649946e-01,-2.392521719087052912e-01,-2.553257033621297301e-01,-3.855943896715751662e-01,-5.561420302710256003e-01,-1.580644939368801294e-01,-1.357590469500177532e-01,-4.119231886219533456e-02,-9.951383366033550448e-02,-1.689766589641202299e-01,2.589240531091427724e-02,-2.674761360939524879e-01,-1.306038700011190046e-01,-3.715696026375416294e-01,-3.007969566565570907e-01,-3.410927152583919097e-01,-1.060633007153184842e-01,-1.791248462388753127e-01,2.502844997498254037e-02,-3.448272271813207501e-01,-1.912583388185596922e-01,2.509270129184403841e-01,1.645418464004222980e-01,-1.707585288555673320e-01,-3.498486734051333702e-01,-1.610581262971926553e-01,-1.578659001932243289e-01,1.213113777293306356e-01,2.890358654518503934e-01,-2.932271532309787751e-02,2.116753467580586635e-04,-1.810478167176785003e-02,1.270662952400859746e-01,1.345109851871165441e-01,1.539509863778316667e-01,-2.026399562362240225e-01,2.888576260703713539e-01,-3.418055697861938080e-02,-6.665787500256502296e-02,-3.641535702656112372e-01,-2.319986137692638117e-01,2.578503863131257900e-01,-5.454622041396793575e-02,7.551019128976441119e-02,-7.332738445459119347e-02,-1.495300061098747413e-01,5.468189899597543369e-02,-2.704742890118514431e-01,9.056297862977982782e-02,1.213778629929214842e-01,2.350798232765784201e-01,4.063837127324633307e-03,5.171172443527210366e-02,-2.699187087719859823e-01,-3.062014019000111054e-01,-3.130984610335733609e-01,-2.446754163467364795e-01,-3.211272301590313294e-01,-2.884009354082457399e-01,-4.497293293979700013e-01,-3.782730021497199280e-01,-1.894600060201372116e-01,9.569408043997434943e-02,-3.923293185022111995e-01,-1.526755268871272386e-01,-2.898695503170532067e-02,-1.400660966577123578e-01,-3.951538705499152981e-01,-3.220707751398926288e-01,-1.837082323382441540e-01,-3.001434749793210344e-01,-1.208710591176384297e-01,2.944336222734932895e-01
-2.505566896509175412e-01,-3.721123678009222169e-01,2.407251673909211465e-01,5.634429662296051022e-01,5.997421274689180848e-01,0.000000000000000000e+00,3.796021263286719072e-01,5.362978546640011501e-01,5.178745770700374784e-01,8.397267902082580227e-01,3.554215910104557286e-01,2.656780063895918809e-01,3.084031471376815770e-01,3.652362469728467342e-01,3.605895124101320959e-01,3.026930177913240150e-01,-1.415299250926040364e-01,1.682276600959207447e-01,-1.614276011419688017e-01,-4.144795807518576458e-01,-8.991092812115392130e-02,-2.236976166879070874e-02,3.199955112360170495e-01,6.047143822549273517e-01,2.957198801061414195e-01,5.313087638729917517e-01,3.463305300104599915e-01,4.672850465959779709e-01,-4.180256001447646072e-03,4.120264930650167912e-02,1.898832518936239000e-01,3.398917280965130239e-01,-1.567256135402322892e-01,-1.958759293908350074e-01,-2.793913541085226715e-01,-2.745722518376154109e-01,7.539097321743638835e-02,6.242779064736679595e-02,-2.280079522919653892e-02,-1.537056660492456539e-01,-5.402401618478855361e-02,-6.743256174111104950e-02,-3.300754174876057712e-01,-3.682744976513876445e-01,-4.797264976719098906e-01,-5.779152946751636710e-01,-4.589399188492039317e-01,-6.819178838287431876e-01,-4.392463233563867475e-01,-3.722445822114536784e-01,-4.360991752615450689e-01,-3.891840776379826838e-01,-3.985586960268333034e-01,-7.535599790008958021e-03,-4.814779764963236786e-01,-2.109726062347453968e-01,-4.701231389563723662e-01,-3.700870394207841918e-01,-6.153166441175825785e-01,-3.955933312162716042e-01,-4.697840566895506581e-02,2.777799827848657088e-01,-4.588211759382254673e-01,-3.033203450375721588e-01,1.521538329392642108e-01,3.768845840687138349e-01,-3.810489798285002783e-01,-4.877082494292671599e-01,-7.035380760122898758e-02,-1.440483121473706829e-01,2.482789814551124297e-01,4.457168237358348772e-01,2.560453277566048236e-01,2.419145625473521355e-01,-7.949106474377584663e-02,-1.804405313596320684e-02,1.833274927081767758e-01,2.414023499470499823e-01,-2.578834170216436766e-03,5.021209508174580005e-01,2.285130832392854305e-01,2.772046468470241165e-01,-2.281824466425032005e-01,-3.124027725054128249e-02,2.674050753325564744e-01,-2.623667553462181307e-02,1.496244729156670505e-01,1.615768488024051444e-02,-1.192461333616214314e-01,1.302960149422103253e-01,-2.579557375857746693e-02,-4.250856225396122678e-03,2.776369661487866902e-01,5.931358756750870070e-02,-1.431103427252671673e-02,-3.305098016015597939e-02,-3.213123893794284647e-01,-4.342312385535024299e-01,-1.097971332411023654e-01,-4.566400518926400781e-02,-2.820851469983816084e-01,-2.992032918139372888e-01,-2.955108283888278620e-01,-2.991416723500324726e-01,-2.098903351937829731e-01,-9.439095652738274667e-02,-3.918588553145187503e-01,-2.385915584220298646e-01,2.999979629967210182e-02,-2.546439867336794394e-01,-2.787078153488044552e-01,-2.581444364830521865e-01,-2.757151782690397956e-01,-8.830728977687145320e-02,-1.268745216269956053e-02,2.069653627768087978e-01
-2.219857806357905250e-01,-2.557399707100778130e-01,4.438583831503093990e-01,3.800557159737081303e-01,3.390487217124841246e-01,3.796021263286719072e-01,0.000000000000000000e+00,4.984644156213233757e-01,3.977972925570210094e-01,4.484161738150972409e-01,2.445667668537688522e-01,2.000284153161663581e-01,5.337545249826566307e-01,1.581249340896952182e-01,2.744092610669529586e-01,3.517994291696681375e-02,-3.547245913421892549e-01,-2.240380595546606624e-02,1.761820496392008661e-01,-1.501159102047851801e-01,-1.427437017304320488e-01,-1.748403188350162729e-01,4.248858142122574066e-01,4.174452523185541164e-01,1.752548068509713827e-02,5.783281766379792799e-02,3.889588295949952812e-02,1.379154433114821721e-01,4.040472140508602483e-02,-1.160016887217716758e-01,1.502058819489896224e-01,2.636825926676210630e-01,-9.943857750438543641e-02,-1.772362861331862049e-01,-2.116363070862839202e-01,-3.678895354400806283e-01,-2.739766305121172363e-01,-1.301511509930043664e-01,-9.954192936144473300e-03,-2.818247564081138301e-01,-2.253534537736991694e-01,-3.103548614287479079e-01,-5.795422016048062952e-02,-1.903680641920610928e-01,-3.861581722288817686e-01,-5.010802109100349622e-01,-4.871949573894560626e-01,-4.781343649699258402e-01,-3.427121118550941481e-01,-3.013207894907402595e-01,-3.611292366359243888e-01,-4.276552723397972766e-01,-2.309103463281510227e-01,7.752172104658808238e-02,-5.222197063503195569e-01,-5.300447372922943989e-01,-3.989772083410050296e-01,-1.315738676498010573e-01,-3.164771455314925874e-01,-3.216820920979286957e-01,3.524350586830943266e-01,3.416257039869685097e-01,-3.061006099501578648e-01,-2.287044676482349881e-01,2.415583553379461179e-01,2.233204558654229566e-01,-2.791507354304570421e-01,-4.621393601848483024e-01,-1.120859507190488241e-01,1.491392361438104719e-01,1.643289485012919271e-01,3.571844850047559694e-01,1.442550098888159549e-01,7.641225311014969608e-03,7.137368657652096160e-02,5.036814084108115486e-02,-2.297005444090514381e-01,-2.676093211223668500e-01,-1.863335519833704823e-01,1.612173180279819484e-01,-3.387784436446490688e-02,-6.005016475448463065e-02,-3.752955712262683874e-01,-1.790974471715509608e-01,1.969729739677278935e-01,-3.555340946290976856e-01,-3.710520303664782693e-02,-1.368865420225131302e-01,1.215375196265852109e-01,-5.887233842165792708e-02,-1.261462991120773924e-01,2.319408309989128003e-01,2.623309164677732341e-01,2.976107514827738276e-01,1.093522720683270527e-01,-3.359727524496890216e-02,-2.529900231838013713e-01,-4.386874947776455702e-01,-1.961832466984599621e-01,-8.981418016538758597e-02,-8.657579996790758237e-02,1.154482173147981447e-02,-3.188338207585829087e-01,-2.568084428194148949e-01,-4.105098671502319663e-01,-9.702769955214503306e-02,-1.832380500022847414e-01,-3.749028132617712727e-01,-2.962409123976144851e-02,-1.871404128701946723e-01,-3.225548065847089751e-01,-1.403448857354090695e-01,-1.519212027988362315e-02,-1.262032836525037172e-01,-1.691323644027006856e-01,2.969778326226234499e-01
-8.858956682277102646e-02,-4.375377659638504668e-02,-1.935858653751155734e-01,5.771808462786787164e-01,1.630885935723528635e-01,5.362978546640011501e-01,4.984644156213233757e-01,0.000000000000000000e+00,1.769026265300046863e-01,4.527159119397680676e-01,3.701625412333852672e-01,5.603420223611254025e-01,2.383959565521578672e-01,4.652057810127785964e-01,-9.722089471964040497e-02,-8.185292210750649833e-02,-2.685570485720581435e-01,-4.718711612213210421e-02,2.651949606746102917e-01,2.816679953131256530e-03,-4.830495773984046504e-01,-2.642231003862234862e-01,-7.642241658873362431e-02,2.838014245163268390e-01,-4.358337520980336555e-01,-2.019112925095891686e-01,-1.919404941383152374e-01,-3.864783533818449274e-02,-3.597672781720811369e-02,-1.255818067137141891e-01,-1.530815569523072406e-01,1.539029060127905524e-01,-3.285723514214041185e-01,-1.253996747680381496e-01,-4.791618771660072218e-01,-4.556355126105787745e-01,-3.434971187087202393e-01,-2.568441484628528615e-01,-3.876394435929335636e-01,-4.563610170599382565e-01,-3.352801236611226421e-01,-4.005694665483062189e-01,-1.672318007979996246e-02,-2.547700827803171530e-01,-2.921747805754305594e-01,-3.206295894842929872e-01,-1.205122723727449635e-01,-3.520790347221890992e-01,-1.997403361114024611e-01,-3.640597452659142391e-02,-4.349808065664310663e-01,-2.527246820327562205e-01,-3.074464412834932436e-01,1.750600829303874673e-01,-4.188809594771158440e-01,-3.813271526452572391e-01,-3.401618600053357144e-01,-8.624275977240761226e-02,-2.594382632733941985e-01,-1.111314687269329693e-02,4.506752378168033535e-01,8.131349399097252961e-01,-2.685846354040752892e-01,-2.326209835443424911e-01,-2.627048045242315055e-01,5.664957494959791395e-01,-6.569809417446379474e-01,-4.844306745671207448e-01,-3.259398781305558046e-01,-2.476976466079062675e-02,-3.330070737054224156e-02,1.058478098149379931e-01,7.790857637433057370e-02,7.732288265889611378e-02,2.633091429479216816e-01,-2.265686167401662898e-01,-1.183454309833372603e-01,-3.181398787915226678e-02,-1.337391157066041003e-01,1.722440022507403523e-01,8.132329311702915509e-02,1.214802329386287238e-01,-3.680705312796900275e-01,-1.962592208890253931e-01,-3.275596542726781357e-01,-4.835004812846086519e-01,-2.493886888979302274e-01,-3.826735522694342806e-01,-3.393439938539669631e-01,-2.862863188969158035e-01,2.458042774727470792e-01,1.508798428074913656e-01,4.938039822231080622e-01,1.650352622362388222e-01,1.058479210027302719e-01,1.936692755311756053e-01,1.075949759188009613e-01,-1.312425278516134719e-01,1.483824446327008661e-01,-2.864218851477556491e-02,1.314164886079108585e-01,1.082811920803902622e-01,-1.615195159843087480e-01,-1.818026970974168932e-01,-6.114258866887904709e-02,-1.774025023967079340e-01,-1.006255437222278032e-01,-1.747857808510319411e-01,-3.096158542130812361e-02,5.184497557557011561e-03,-1.381354259062508860e-01,-4.155875451048843261e-02,1.865878925168792668e-01,3.920092493162592034e-02,-6.270927413565925701e-02,3.154837496707397215e-01
-7.155611824315051550e-02,-7.471125834684201605e-02,3.900403128790742580e-01,2.064623612453160562e-01,8.592092808089949463e-01,5.178745770700374784e-01,3.977972925570210094e-01,1.769026265300046863e-01,0.000000000000000000e+00,7.136273757241363702e-01,1.967274580818941243e-01,1.089523912223130386e-01,3.389790470718446747e-01,2.620058790815034677e-01,3.317029347024622044e-01,5.127056090180862058e-02,-9.007316447003919924e-02,1.790035993525799229e-01,-1.314536989856980864e-01,-1.598664786088677126e-01,-2.794355605347725313e-01,-4.231413613728501333e-01,1.295157057551857005e-01,1.404109664804744362e-01,1.311699294777908531e-01,1.781597525805143356e-01,1.157936646167895128e-01,1.847564230801805873e-01,1.338730548837647194e-01,-1.357531950772220553e-01,6.217757278146561484e-02,9.022186813992354171e-02,-1.908985185514058824e-02,-9.691580638373195611e-02,-3.230157573478208421e-01,-3.537275134939830701e-01,-2.619398172678323866e-01,-2.505146965823086824e-01,-4.268268309331914312e-02,-2.733286253123560772e-01,-3.744518175871594523e-01,-2.605049234282572623e-01,-4.857212676941363022e-02,-1.516642219458673169e-01,-2.702881448181284063e-01,-2.238787531816483212e-01,-2.674999398076757240e-01,-4.504808278219017970e-01,-3.524579030300057508e-02,1.616966126626504310e-02,3.358429495346088034e-02,-5.511945145153360551e-03,-1.661418374055697103e-02,1.833496614612000752e-01,-2.617918550144753276e-01,-2.394098219908577241e-01,-2.180952366692305855e-01,-1.309163250826921032e-01,-2.611257993564234936e-01,-9.057834711657129778e-02,-1.089998445917901015e-01,-1.407051412122109317e-02,-1.551370304855871629e-01,-2.217027443621363142e-02,-1.891142069980443485e-02,-4.584182802157334841e-02,-3.678609735965078786e-01,-5.058421783519065906e-01,-2.134014239339493413e-01,-5.827045886389333601e-02,-1.538891181416849815e-02,1.865798922944533200e-01,-8.791489762850174250e-02,-3.474152948928655588e-02,7.508086866397992165e-03,1.202864676024810731e-01,-9.874027532052093159e-02,-1.389138461401666184e-02,-3.407813566396103444e-01,2.534608269927787205e-01,-1.436787895853814702e-02,-6.054116001189138729e-02,-4.697463547349451929e-01,-4.097960570283048498e-01,1.528291224134715465e-01,-1.100021122303271870e-01,-4.172839889570175570e-02,-1.723371790997502428e-01,-1.880874468783487186e-01,5.065187363676649374e-02,-3.141766476350799642e-01,4.383637588051520623e-02,5.265484774765828713e-02,2.569985705940663334e-01,7.879765768751285926e-02,6.425229723307529506e-02,-2.002247944126208101e-01,-2.130461676126938209e-01,-2.382496347762509958e-01,-1.903805855109407530e-01,-1.218122614276528487e-01,-4.651593312455507695e-02,-3.564074634400820063e-01,-2.099509462822345407e-01,-3.016693005267177541e-01,8.676225162857813256e-03,-4.633374999377365966e-01,-3.390067634792436890e-01,-6.015323427810296414e-02,-1.467770642780099333e-01,-3.344038620421700969e-01,-1.490511173362436825e-01,-8.481271950136552717e-02,-1.806432118205545945e-01,-1.634986629751753739e-01,3.541185010656821008e-01
-3.277934933857351574e-01,-3.496475550446774827e-01,2.975569083006613935e-01,4.768065383100889010e-01,7.235779554704887540e-01,8.397267902082580227e-01,4.484161738150972409e-01,4.527159119397680676e-01,7.136273757241363702e-01,0.000000000000000000e+00,3.194297668294971415e-01,3.013454389793535082e-01,4.485025174171989870e-01,3.562649877149141053e-01,4.470161350915947684e-01,3.532031681910501875e-01,-1.968563137593573320e-01,1.648196681751442627e-01,-2.452721492639317602e-01,-4.516777986217881957e-01,-1.994160568849803750e-01,-1.391800411434754858e-01,3.442013441843333466e-01,5.427215616712803836e-01,2.506518429936104853e-01,3.707218607736559313e-01,3.107233221473414964e-01,4.359058394480085918e-01,-4.999176481213896822e-02,-1.494477792120459947e-01,9.537837973013837956e-02,2.079851479630550615e-01,-1.901477714764420179e-01,-2.769433416369183054e-01,-2.728660972125529494e-01,-2.681487066553078780e-01,-1.057389637601242188e-01,1.796605929343257982e-02,-7.312887740776478906e-02,-2.305214848532839700e-01,-1.474228843745195305e-01,-1.953602457005115534e-01,-1.856450056383986413e-01,-3.663839750550297314e-01,-5.037997101918142429e-01,-5.609936658606127224e-01,-4.483699838109809765e-01,-6.723760383176107247e-01,-4.061110657231046250e-01,-3.060797083241163508e-01,-3.604858585370090962e-01,-3.059881043443519744e-01,-3.948244019618700196e-01,7.876242985675727115e-02,-4.840627383269466288e-01,-3.598430114132719071e-01,-5.424571614692248467e-01,-3.067456095078684997e-01,-5.819497316036239543e-01,-3.001588798028697047e-01,-1.147190891210497499e-01,2.819928915397569846e-01,-4.286068062745600482e-01,-2.411596583090349910e-01,2.247636579023075121e-01,3.879324271408130520e-01,-3.663068187869520376e-01,-5.039356406008910216e-01,-2.060691032787837496e-01,-9.471062839504131026e-02,1.709699573913331383e-01,3.955487361053902085e-01,1.786707182296135843e-01,1.133353846588402991e-01,-2.478929218646248184e-02,2.566240453407036409e-02,1.269465361063538793e-02,1.205586997255401194e-01,-2.342694380061586812e-01,4.016228916513622238e-01,1.185288256310492033e-01,1.580135099951495981e-01,-3.303183078597558553e-01,-9.756068431041514666e-02,2.843236890346182433e-01,-1.607087615882918374e-01,1.721492463641705883e-01,1.082691874963476325e-01,-5.083213284027737061e-02,6.130030995993720339e-02,-6.772635886410070805e-02,6.703588023657994222e-02,1.831170561259926888e-01,1.612643129189188784e-01,2.213900507982178092e-02,6.075801271946167786e-02,-2.718621593735980890e-01,-3.898935664006137336e-01,-1.052942190899106151e-01,-1.215801771757900746e-01,-3.415946007269720641e-01,-2.681564713648213472e-01,-3.020351825498858167e-01,-2.825042118605471941e-01,-2.333009110619073956e-01,-6.683125824152763572e-02,-2.334459056589960890e-01,-1.983430728988964664e-01,-6.509672819583833814e-02,-2.187050058191320756e-01,-2.638503577310387094e-01,-1.758783466637248716e-01,-2.810718029969336840e-01,-8.665489519874447488e-02,2.975889101700123288e-02,2.774555256313310792e-01
1.725906835141459705e-01,-2.109386285852036386e-02,-1.068744040372320847e-01,7.006110264185903824e-02,2.001345072854541218e-01,3.554215910104557286e-01,2.445667668537688522e-01,3.701625412333852672e-01,1.967274580818941243e-01,3.194297668294971415e-01,0.000000000000000000e+00,5.991588328681727305e-01,6.406438179799699428e-01,6.025722901690937494e-01,1.335179208772983017e-01,1.926329012544130692e-01,2.210110029015814603e-01,3.507462337955825071e-01,3.033204696761955810e-01,-1.194772798960276189e-01,-5.136305953453224743e-02,-2.124312817268160514e-01,2.230111509236431741e-02,1.229006740680339133e-01,-5.192975623919721118e-02,1.429518088723431141e-02,-3.953748180536814649e-03,9.214176088663052211e-02,1.281036086104756777e-01,2.036815134533641047e-01,1.647179986811756758e-01,4.789492957460925876e-02,-3.416073258258561229e-01,-3.216004986419845890e-01,-4.489816299912841036e-01,-2.822985662323104217e-01,-3.177730471352690350e-02,-3.329891089673905902e-02,-1.605727500700979693e-01,-2.911206644859483661e-01,-5.119472625616147687e-02,-1.311612283493204523e-01,-2.129174411666153593e-02,-3.247762207963549030e-02,-5.565338822266898688e-01,-2.904397447853578895e-01,-9.158698676264939720e-02,-3.492561821803712441e-01,-1.771152230499979663e-01,-1.365837003154105056e-01,-1.793641492020771333e-01,-5.673952184460026582e-02,-1.588125316887299965e-01,1.825790500468933986e-01,-4.803933288214808917e-01,-1.090251054858119850e-01,-1.281435364641515806e-01,-4.753779649957987075e-02,-3.464053537405410443e-01,-2.888829916348034654e-01,-1.361988155261737166e-01,1.125754813638123325e-01,7.698551946851661665e-02,1.390561984569255449e-01,-1.954432918461694035e-01,1.625417090896185413e-01,-4.568471465840416856e-01,-4.354888066341958131e-01,8.207615986870191171e-02,-2.101389725388623508e-01,1.385841497122766441e-01,2.394825685083536437e-01,2.908484060771548974e-01,2.813339109040786101e-01,1.445532572627326318e-01,-1.127062026884590937e-02,1.952794503912192725e-01,1.968747211693428756e-01,8.263977226698281109e-02,3.787721232179827591e-01,4.340861089708440979e-01,3.463103437538480600e-01,-2.164287626548539248e-02,-1.703260377708218642e-01,2.480480763775852471e-01,2.146430101708030405e-02,2.125694318150293527e-01,-1.717663546417899090e-01,-2.199479610013358177e-01,6.134880895685367735e-02,4.636913012191033051e-02,-8.998100187773393210e-02,-1.923446830867593313e-02,-2.087304294439609464e-01,-3.579119186548151976e-01,-2.419828682924148877e-01,-3.031958674746505489e-01,-3.347323843277787980e-01,1.257684063116834006e-01,2.489086763203922081e-01,-1.526452546209726702e-01,-1.150892610024261964e-01,-1.922604594309481607e-01,-1.802650163464723440e-02,-5.073328444631073353e-01,-4.588321372102253104e-01,-1.074005811115070624e-01,-2.695195357148927329e-01,-1.195383989603273772e-01,-2.774939435095131746e-01,-1.858955827638918493e-02,-4.714718551435625321e-02,-2.410005983911524263e-01,-1.770296560232818839e-01,-3.052522746640341511e-01,3.142524782897656438e-02
9.046735197896060843e-02,6.596291091991765554e-02,-4.127643528194159250e-01,1.093815856709271783e-01,5.640940720459969998e-02,2.656780063895918809e-01,2.000284153161663581e-01,5.603420223611254025e-01,1.089523912223130386e-01,3.013454389793535082e-01,5.991588328681727305e-01,0.000000000000000000e+00,5.292821213005655112e-01,6.757248069884984609e-01,2.468909895622066752e-01,3.765456844707890105e-01,9.397174534678061353e-02,2.657701204858793909e-01,3.409257902467615065e-01,5.777831438710898798e-02,-7.786003938578200945e-02,-1.003880306282619039e-01,-1.395954615465297977e-01,1.449622967359317505e-01,-2.385371140520416988e-01,-1.710874706676770163e-01,2.717753157922466259e-02,1.253662932084716741e-01,2.957273924848966562e-01,2.729801986232466282e-01,2.280654116228857803e-02,2.177423100956044077e-01,-5.059308395074362252e-01,-2.674285392137725204e-01,-5.976868034588864731e-01,-5.911796556459393281e-01,-6.611706303690080555e-02,-1.515533228322363535e-01,-1.434744350928018330e-01,-2.433746046901017757e-01,1.907812222680610762e-03,-1.015353389008944868e-01,4.493933058584052148e-02,4.625268588547456344e-02,-3.800288917795265897e-01,-2.511175627908122099e-01,3.727491956368959858e-02,-1.061480774484496459e-01,-1.240364828867538544e-01,-8.608146188337446880e-02,-2.593832490420446280e-01,-1.353534947380401476e-01,-2.198825088284906693e-01,-1.958213474402801645e-03,-3.979504752396462730e-01,-5.200396041225481547e-02,-6.374508068282457030e-02,-1.228807283312975951e-01,-2.391728101811183282e-01,-7.679799046038485177e-02,1.370427244179832360e-01,4.563553893860461397e-01,1.504082536172024823e-02,-2.102031318976817220e-02,-3.258055473360817467e-01,3.290502675758456008e-01,-5.766199046268849493e-01,-4.155590136708903204e-01,7.968045701868731179e-02,-1.042604029225557005e-01,3.078420965881665250e-01,2.586214350231759163e-01,3.563873728223052040e-01,3.473108700802725601e-01,4.528270404941954763e-01,1.402738665741142254e-01,1.418981119830008686e-01,2.966950693364421299e-01,1.115825059096316740e-01,3.692791369928707934e-01,3.234910496488951348e-01,3.214295394088515501e-01,1.300747497328170153e-02,2.930005916365850324e-02,5.672745142241057692e-02,-7.310793570236506778e-02,1.508134048889337164e-01,-6.068597881528074722e-02,-3.127163715655424947e-01,1.549297469713058900e-02,8.662990477444830473e-02,-2.060031560740694656e-01,-6.586421476033568756e-02,-3.287681167761064560e-01,-2.358959601456543376e-01,-2.278253217639963912e-01,-2.684163721512670131e-01,-2.725689560653377641e-01,1.457196134649995922e-01,1.778370494752637976e-01,-3.708261219679084147e-02,-2.591702321883637139e-01,-6.731001036614206456e-02,-6.528322068225100860e-02,-4.074492534843680014e-01,-5.160290276976434720e-01,6.690372788799944792e-02,-1.080552014003554884e-01,-3.214319248673143670e-01,-1.350502420966544770e-01,-1.187862122533768772e-01,-2.144132144173035645e-02,-1.666025021230148340e-01,-3.247070334689857729e-01,-1.466364302151832999e-01,-2.121671837602168154e-01
2.492661832031851932e-02,-1.568442330776801119e-01,1.226196233606142577e-01,1.762351316505765195e-02,2.002537666644556014e-01,3.084031471376815770e-01,5.337545249826566307e-01,2.383959565521578672e-01,3.389790470718446747e-01,4.485025174171989870e-01,6.406438179799699428e-01,5.292821213005655112e-01,0.000000000000000000e+00,5.721814878568559637e-01,3.176374309762937664e-01,3.270703442000738037e-01,-1.773709479386365376e-02,2.918786565221824780e-01,1.995222801563405757e-01,-2.051180868799908075e-01,6.989165025568089273e-02,-1.105310932477660824e-01,2.339987164859838042e-01,2.946195086267908714e-01,3.042099147172467460e-02,2.441438712074548920e-02,3.398352655793212412e-02,1.492433754887394770e-01,2.306746753937330974e-01,1.703776725244048607e-01,1.610801256633354328e-01,1.397609625679932244e-01,-4.487511439310909456e-01,-5.418979446040232961e-01,-4.672651827491284826e-01,-4.741460977417635836e-01,1.013434895580154690e-02,1.180749795604680435e-01,1.100922315091237697e-01,-3.323281698120961886e-02,1.141039664778550483e-01,1.363018912696349443e-02,-6.915850105367424283e-02,-6.672296078343765979e-02,-5.800288679809039172e-01,-4.805394158885371025e-01,-2.019882774750583199e-01,-2.567349784752724351e-01,-2.989845439189993126e-01,-2.484952966726839130e-01,-2.551693397541809905e-01,-2.369227450956163661e-01,-8.837090979600696616e-02,1.191974269862876024e-01,-5.133166491830172262e-01,-1.792717339050794445e-01,-2.281962395472032501e-01,-1.085692441981268713e-01,-4.441634718374657953e-01,-5.018116566949479829e-01,-8.010727627485851599e-02,-9.449798587090640564e-03,-5.510414196736290737e-02,-5.716339874232636425e-02,-4.154904419101869417e-02,1.178741225010546817e-02,-4.269293091582661015e-01,-5.734087325367707155e-01,1.152748587901437499e-01,5.906603205509002030e-02,2.785183163921172711e-01,3.568268763964417833e-01,3.506724620041520302e-01,2.767004988781269770e-01,3.990418257454202838e-02,1.487982912889842246e-01,-1.286786834980788996e-01,-1.917414473288156854e-02,1.811020537928662976e-03,3.791358861507849731e-01,2.976765516111869458e-01,2.692305440704355624e-01,-8.189701392635467814e-02,-4.558738955536160986e-02,4.252221787027583022e-01,3.892132904613797989e-02,2.224951603669019506e-01,5.986253376878466342e-02,1.575856515260401491e-01,2.580133293404720529e-01,-6.844113670329408927e-02,-4.490443660119402408e-02,-4.336891929959354325e-02,-8.298245738858196774e-02,-1.246373977011149270e-01,-3.219998480449038358e-01,-4.274020424271852137e-01,-4.703384690909719335e-01,-6.231379783451884528e-03,1.345237752338652448e-01,-1.664934760904475952e-01,-1.463185767540572113e-01,-2.625128751891075973e-01,-1.164469154608007428e-01,-6.210209446246763854e-01,-4.325744274373314879e-01,-1.033192801175571579e-01,-4.066484923167439924e-01,-1.408633639377855906e-01,-2.578433133804538535e-01,-9.473509074767844096e-02,3.878975928763996918e-03,-1.976091886929544628e-01,-2.288969928035830825e-01,-1.552043735419123272e-01,3.141653392676445940e-03
