0.000000000000000000e+00,5.530184839894952686e-01,7.430390932487307420e-01,7.323170010644387551e-01,7.824728507851698434e-02,-1.708455332593763198e-01,3.726436637226967497e-01,4.310282081959816991e-01,5.663818364401786154e-02,1.228446202456863479e-01,2.565107914076898976e-01,3.472689693323685600e-01,-1.441762449221369036e-01,-3.389939252004767894e-02,-1.116451121712404432e-01,-2.098829174434410638e-01,-4.981698786328245254e-02,1.678497529760617640e-02,8.283644869325265114e-01,8.342448915533063891e-01,-4.606451752782557141e-01,-3.862370348510977824e-01,1.155336315495906763e-01,7.713486760531515496e-02,-2.208644907634296425e-02,1.001616666026457214e-02,-2.686077022977454432e-01,-1.767497548568486287e-01,6.210505519790533030e-02,-2.481043284203205412e-01,-2.171762195825199804e-01,-1.785817272495536789e-01,2.490801212609641269e-01,2.132471396436293742e-01,-3.371877502174213115e-01,-5.753033893090676587e-01,-1.096386830889979208e-01,2.806878380515731575e-01,-1.844131696726127312e-01,1.713635954451272481e-01,-1.203193468539854732e-01,1.739794579111843820e-01,-4.971350899465221684e-01,-3.236118518628552376e-01,-1.093753526579486213e-01,-3.099421467117813300e-01,-3.005963363808535349e-01,-2.943016593522002067e-01,-3.407853221771593444e-01,-1.686584707227825330e-01,-6.398910670073762463e-02,-9.151872763130576571e-02,-3.036217533332670193e-01,-2.275126146345194666e-01,-5.515348999835695959e-02,1.288302585703078318e-01,3.673671416253117550e-01,2.236936674380700374e-01,2.535581642148340697e-01,-1.584936136526418071e-01,1.793744925726340755e-01,-2.116634206567895304e-01,4.923758081762734384e-02,-1.028005666854188427e-03,3.651500284391564349e-03,-2.942376373936060885e-01,-3.802279130047528377e-01,-5.232633654434251103e-01,7.531945512974201895e-01,1.092624253702397380e-01,2.369228279609728038e-01,2.949990924790653057e-01,2.787293993480879917e-01,2.709630666396616872e-01,-7.983618600222344708e-02,-1.061025712724372044e-01,-1.900350465402639855e-01,-1.742311361533936398e-01,5.343151941736773436e-02,-2.999986161706352447e-02,-1.939946633168451728e-01,-1.674383722104597627e-01,-4.206581910377328870e-01,-3.850563702296897484e-01,-1.732117111062102255e-01,-3.687232667948655562e-01,-2.310942061087637722e-01,-3.657717470533824455e-01,-1.141303077828731694e-01,-3.882294590283801861e-01,-2.257604799595561429e-01,-1.566895436472261205e-01,-9.892801984436036533e-02,-1.207108815954949788e-01,1.187884692173930834e-01,9.912712705534283686e-02,-1.637249217948728505e-02,2.375756058706908203e-01,6.816348314870368519e-02,3.241383389662580439e-01,-1.963333009212819003e-01,-1.619573711402909622e-01,-2.243820652472397759e-01,-1.427259583819203426e-01,6.251301734268496779e-02,-1.799549794577619960e-02,1.242407885640167270e-01,-2.565584873485095979e-02,-1.363573511132968041e-01,4.713077851149363173e-01,-1.278380321344361192e-01,4.985880513697527917e-03,-4.059821044543269336e-02,1.368799109345795184e-01,1.648862882147761610e-01,-5.210743730867512663e-02
5.530184839894952686e-01,0.000000000000000000e+00,2.507858601692414258e-01,2.263304861817437563e-01,-2.014100504749886666e-01,-3.243820166163522423e-01,-1.379948283345690078e-02,1.593581176381536346e-01,-1.865976285574343918e-01,4.608687032737505268e-02,1.040445781963476694e-02,2.881144337448334758e-01,-1.687975140601045143e-01,-2.766223309297742572e-02,-2.245510207664144775e-01,-1.277168621176373031e-01,1.104936589656119322e-01,1.943954395610622832e-01,2.981852840575897057e-01,3.642194004596738255e-01,-3.561924498911722692e-01,-3.596075703157566306e-01,-9.361319937507324440e-02,-2.237179780758589698e-01,8.993602577892015337e-02,1.251351218852565783e-02,-2.292227738705753248e-01,-2.924095107096743584e-01,-9.848988468292184384e-02,-8.656186369222043653e-02,4.684029830752664547e-02,2.073758378208197251e-02,4.653209992932928474e-01,3.900317363926547598e-01,6.827586005970918970e-02,-1.997916681761761903e-01,-1.765078106786938938e-01,-3.820577087450313398e-03,-3.176319022541746473e-01,-9.836843452074413297e-02,-1.757491047875627821e-01,-3.817545962621275712e-02,-4.567236408124089597e-01,-4.279774021338502155e-01,1.636853799131402221e-01,-3.279115381625272163e-02,-2.503008503971814736e-01,-3.022311878184891776e-01,-1.792149159852918783e-01,-4.488920110128451907e-02,-1.086599621029036566e-01,-9.253461398622771228e-02,-6.295110593003457045e-02,-1.918153540005116953e-01,-2.814929348014584276e-01,-1.821419841062557610e-01,8.180992982457178098e-01,8.722229165473153190e-01,4.552856358423656991e-01,2.626975327182939357e-01,1.268791769610665421e-01,-8.766289946848120074e-02,6.236534410093012848e-02,5.523676928507215839e-02,1.159731901572235019e-01,2.842424375692433752e-02,4.036465999746694649e-02,7.449439261570141302e-02,6.189237943698345790e-01,5.332665762478973059e-01,-6.797894628885790824e-02,2.182699754811572024e-02,-1.161258632259403178e-01,-2.084504778732836766e-02,-4.028164983688850009e-01,-1.831750053566158221e-01,-4.297158460439668426e-01,-4.378895016431196829e-01,-1.940867183572045074e-01,-2.253690698872925224e-01,-2.896400047709511982e-01,-2.591115577324168417e-01,-3.183068842549465760e-01,-3.703023153575602522e-01,-6.318013082415556425e-02,-1.524543028937666023e-01,-1.790168414429131050e-01,-1.596024507712529295e-01,1.076867843684429366e-01,5.753739363270714280e-02,-5.880595411685414220e-01,-2.480761925676963631e-01,-2.661753773078842644e-01,-1.604114962474564310e-01,-2.606385556184187546e-01,-2.776393601899020958e-01,-4.989679850924337301e-01,-3.266048498795781074e-01,-4.522574041704405801e-01,-3.340702261466129697e-01,-1.946426785455587227e-01,-9.644558838556314961e-02,-1.731336608192764193e-01,-9.837908935472364225e-02,3.615343831279681924e-02,-3.415550877581139538e-02,5.182883371998696365e-02,-2.560228843463555753e-02,-1.353025219768854703e-01,-9.132429423215394915e-02,-3.979269339444214126e-01,-4.565007488624354681e-01,-5.529478603640164414e-01,-3.566996778619508507e-02,-8.257553618796817374e-02,-2.054127751241791866e-01
7.430390932487307420e-01,2.507858601692414258e-01,0.000000000000000000e+00,8.511018532770613376e-01,1.627344046974215364e-01,-1.277079202605452823e-01,6.550527953580024265e-01,3.725053407669661198e-01,2.245800503367133827e-01,1.842040890065176073e-01,1.881303382284852388e-01,1.856279954146054442e-02,2.212743398229810587e-02,1.888215145763052702e-02,2.176438206804846287e-01,3.524531785667719269e-02,-2.144545262203516600e-01,-1.820486596041235583e-01,8.146965290278667116e-01,8.107611265205190154e-01,-2.151540354622773488e-01,-3.032787998297377663e-01,6.002859499443589097e-01,4.123097238158412448e-01,7.457589258488066253e-02,6.371095692559622381e-02,-2.952065276754541889e-01,-1.999007626916854408e-01,-1.297876649567038521e-01,-3.141141396740598779e-01,-2.692542993110666472e-01,-2.025307145181554913e-01,-7.644533436525406678e-02,-7.688809328875430282e-02,-2.275599605143622528e-01,-4.739154887132353555e-01,7.318780634172813992e-02,3.167554964945832330e-01,1.841724170422396334e-01,4.115895392423150057e-01,3.275181128064173774e-02,2.080701687021010993e-01,-4.245383190675167118e-01,-2.908078577903164819e-01,-2.305392256796167660e-01,-4.325426423941869936e-01,-3.487662923599230691e-01,-3.473819942746891321e-01,-4.684666910475971391e-01,-3.016720176872582093e-01,-2.590091987107321497e-02,-8.239656576614604044e-02,-2.057567019084788063e-01,-1.885204119999606132e-01,3.072952689577676186e-02,1.747210058244531294e-01,2.089298707872628419e-02,-4.561618992160710456e-02,-2.014512064771113720e-02,-2.964935151725139328e-01,1.758043597171131400e-01,-1.231396295884711195e-01,-1.538951779504266759e-01,-2.182909975219242127e-01,2.329510054378619022e-01,-1.247619385501046729e-01,-4.756414191748453146e-01,-6.317430885863064560e-01,6.233691885676725386e-01,-6.796850105950461018e-02,1.277788034761938030e-01,9.575708917640804452e-02,6.122875630580652123e-02,3.195033831749939657e-02,-6.469302004944305073e-02,-1.510066003034526427e-01,-1.812667652207841928e-01,-1.588082319088776062e-01,6.335388355891111156e-02,-2.381692152757368050e-02,-1.727055944341786275e-01,-1.834952625088208389e-01,-1.876692141479861520e-01,-2.307435165450452130e-01,6.469313273866579561e-03,-2.218252637161179930e-01,8.000250454304866365e-02,-6.896784794792527873e-02,1.851572841074420328e-01,-3.080630523908562401e-01,-5.664423597521091661e-03,-1.005148932471849194e-01,6.046295442916724272e-02,-1.801376191467628576e-02,2.849046113485140808e-01,2.569037811990019793e-01,2.296729533393070954e-01,2.865093582358289592e-01,2.886173496606370681e-01,4.683960590233577914e-01,-1.526385522711554699e-01,-1.669156552059285203e-01,-1.846236917346579520e-01,-2.285882874317025082e-01,7.525554278454398005e-02,-4.087407111818645161e-02,2.187565417905929788e-01,4.323265076755623132e-02,-2.624885779944749389e-03,4.885345294362589685e-01,1.608357767887582182e-02,1.614819679503064487e-01,9.023402698526276910e-02,1.615873751952738024e-01,2.395659714598214751e-01,1.396552941672490611e-01
7.323170010644387551e-01,2.263304861817437563e-01,8.511018532770613376e-01,0.000000000000000000e+00,2.062055187968686309e-01,-2.412824575640441782e-02,3.566412659545380448e-01,5.580171632422377126e-01,1.326655696417401165e-01,1.926423042537353247e-01,-6.014728531879100226e-02,1.921994791731616511e-02,-1.794283262482350427e-01,1.096502659745949154e-01,8.643793182031450639e-02,6.473455845209455384e-02,-1.996009606156588234e-01,-1.901573778081371291e-01,8.529074740089545026e-01,8.697750546356886048e-01,-2.163319159217559906e-01,-2.860374723348810821e-01,3.645208652724233889e-01,5.467050195589413519e-01,-9.290782933732417981e-02,-1.381592048797600746e-02,-2.215508956864785661e-01,-1.440283928181120277e-01,-3.017247178238115224e-02,-2.333468845230976529e-01,-1.497043402441553817e-01,-2.673997049503924403e-02,1.656706665620423513e-02,5.600891102448658093e-02,-3.558166766567169570e-01,-5.298132968788212827e-01,-4.179299186496240187e-02,3.089868897104247059e-01,8.882187105457736709e-02,4.747323240427641089e-01,3.224875427149229146e-02,1.396487386892270033e-01,-2.671955859833252678e-01,-1.483478289256985605e-01,-2.010446779374545079e-01,-2.302230342962161558e-01,-2.066926444866553358e-01,-1.749950966102948591e-01,-3.409820712294185929e-01,-2.341470805323984938e-01,-1.245175701983560479e-01,-1.798395243410576549e-01,-2.556664510773937748e-01,-2.060228437477671648e-01,7.528057504440333059e-02,2.685844463278456162e-01,1.553292444243444675e-02,-1.053357507816594096e-01,-2.721090849264956243e-02,-2.942476481254788223e-01,-1.089992949388354782e-01,-1.803365609530818356e-02,-1.172283463749970028e-01,-6.644209177030976909e-02,-3.239022930166365194e-02,-1.412912730487266011e-01,-4.358255490966037593e-01,-5.268440726693250920e-01,6.294115212476470989e-01,-5.470158290738488110e-03,2.173573166099782711e-02,4.792707241820185621e-02,1.304059402650430410e-01,5.948311903449634425e-02,-3.919450909721972770e-02,-1.264809073287790075e-01,-2.329688873415533823e-01,-1.267577367634170893e-01,8.699238015496071896e-02,-7.266867708539248571e-02,-1.560989352056917912e-01,-1.755687380347877580e-01,-2.339708206499802046e-01,-1.938564115633720775e-01,-1.774820985336866830e-01,-1.367818574752415473e-01,2.711666957803421027e-02,-7.328744828965919056e-02,-1.204423401001876587e-01,-2.874993311217912129e-01,-5.188780767810742545e-03,-1.547494369998180519e-01,5.819046917638109884e-02,-4.414833731621994883e-02,3.344022321816008114e-01,3.426399079298009798e-01,2.378093395778864971e-01,4.221092700868108727e-01,2.977944575609761113e-01,4.165954604565623720e-01,-1.289089717153788506e-01,-1.070211059697130374e-01,-6.909419043287717832e-02,-2.156201742109672623e-02,1.061666170584001923e-01,4.651125749793035002e-02,1.933899728363143167e-01,4.961298909523161743e-02,-2.579378686950093910e-02,4.634851869548712311e-01,2.855597153385664062e-03,1.554294624771226097e-01,1.172524698592143505e-01,1.720527645246052728e-01,1.980491457477972228e-01,3.880852992717041122e-02
7.824728507851698434e-02,-2.014100504749886666e-01,1.627344046974215364e-01,2.062055187968686309e-01,0.000000000000000000e+00,5.505264596988013182e-01,2.134223280507434040e-01,3.048945809401523155e-01,7.267357877144110523e-01,6.161543952582704264e-01,-6.335164887876827688e-02,-9.091772070484381574e-02,1.824542997856213045e-01,2.004887595137768153e-01,4.982805730177931047e-01,5.185051813075650662e-01,-1.448566788598971977e-01,-9.286822128345964544e-02,1.060338247436319326e-01,3.344541708129031982e-02,3.014743754160094102e-01,2.596836302420516551e-01,3.676016524959920817e-01,4.575503020933338050e-01,2.053603759441406107e-01,3.429618202827542928e-01,4.852156252363095112e-01,5.640741423583335301e-01,-7.417521410519876957e-02,-1.051629995779879145e-01,-5.214607092580866160e-02,1.561697741678348128e-01,-9.552024415287239945e-02,1.382536021281855973e-02,8.974377127944069277e-02,-6.368694916822054131e-02,1.312899004171571571e-01,-7.211244154335574863e-02,3.523674994374709768e-01,2.572016440930618431e-01,7.824980465457526124e-02,1.806154892184701558e-02,-2.078457432983411846e-01,2.102241674225494017e-02,4.573553271627760902e-02,-8.780109013221228109e-02,-2.567281771909450949e-01,-2.008931364756779414e-01,-4.135233963437855431e-01,-4.051081223026814504e-01,-3.792873093294782394e-01,-4.634851749868805215e-01,-4.418259809508240932e-01,-5.721350528734733265e-01,-7.071616701374641711e-02,1.064577774649264619e-01,-1.367115757196051828e-01,-2.181251437749344990e-01,-3.000817737560472764e-01,-1.968614452930916026e-01,-2.542139233088101455e-02,1.804771155651056502e-01,-4.706523881315220065e-02,3.625050665470797018e-02,2.332686125886728190e-01,2.176908844350867178e-01,1.236996811773072302e-02,-7.754505149190957236e-02,6.750207270134042647e-02,-1.333613175986377714e-02,1.245015060772421411e-01,1.442848482965539969e-01,7.917773067834296685e-02,4.151369158572029011e-02,7.482899043634669289e-02,3.230176414446300076e-02,7.055911448284854504e-02,1.429411456370591749e-01,-2.212500906464430761e-01,5.786931711670415673e-02,1.093563108072986012e-01,2.386876794225251119e-01,1.870873018113490827e-01,3.298521234285596293e-01,2.886775900688394181e-01,1.176388234314006687e-01,4.488276006933021312e-01,3.582781063205686123e-01,-1.463319048061348104e-01,-2.612416715950129920e-01,2.754755387123302146e-01,3.402754823942841927e-02,2.254738319130487334e-01,1.829925809408412263e-01,1.836387376207333499e-01,3.525415055858136526e-01,2.464084891300433733e-01,3.783336834419889771e-01,2.682602791946399612e-01,3.283915204361189111e-01,2.438128629372763312e-01,3.312361257946295212e-01,3.276851210841429940e-01,3.683499218829606181e-01,2.375581811860558168e-01,2.691304362055148003e-01,4.134618020482198064e-01,3.409342524793953499e-01,-9.979039270733514044e-02,1.167123890390968366e-01,2.617074390175455276e-02,4.018417193652797370e-01,4.063623928341179026e-01,2.985404098141904994e-01,1.118602700854490900e-01,-2.601230647453017242e-01
-1.708455332593763198e-01,-3.243820166163522423e-01,-1.277079202605452823e-01,-2.412824575640441782e-02,5.505264596988013182e-01,0.000000000000000000e+00,3.621019572452810475e-02,2.934398991680804980e-01,2.608920066514633929e-01,4.429934299086913940e-01,-2.389981034415301075e-01,-1.739590757911945729e-01,-7.419173433275737251e-02,1.854997641905153649e-01,5.170189734024947109e-02,2.278881453581425298e-01,-1.877073976441255565e-02,-1.900529601021027082e-01,-2.054148420334095948e-01,-2.542966914802338718e-01,1.605127855505758816e-01,3.260528196293324688e-01,1.995533289479630434e-01,3.872192945735914993e-01,2.778192687522957338e-01,4.261608503136666837e-01,2.899980265322491535e-01,4.101966933583210406e-01,-5.487885344570098828e-02,-1.011504074934934244e-01,-8.059692019895464687e-02,1.858267709463108097e-01,-3.011955659106768657e-02,9.708779518597759894e-02,1.962030561344215163e-01,1.549912995937580418e-01,1.265105511847848252e-01,-2.457599883520851167e-02,1.540408142300113969e-01,-5.072939534638883086e-02,9.511898579267673293e-02,-4.358385756417784002e-02,1.236537703972986901e-02,1.436837607653069782e-01,1.747615734531615950e-01,1.502069911323358209e-01,-5.550748302856675642e-02,-8.793573669340196131e-02,-5.329896356346588288e-02,-8.519494447656089653e-02,-1.353020219449405093e-02,-1.138214579141700877e-01,-2.657460762624142547e-01,-2.940612078224458248e-01,4.326332918899627317e-02,-1.074436609023192955e-02,-2.656896984345898938e-01,-2.499296065687709734e-01,-2.113319649500493835e-01,-1.343264153870348809e-01,1.874636124393011527e-02,3.849818297624872376e-01,-7.467569444506247378e-02,9.129801277029475637e-02,2.410416519689510539e-01,4.574899128890571598e-01,7.786564995469991146e-02,8.213706534555123562e-02,-2.066169236626119454e-01,-1.380131727713984346e-01,5.728768496060154120e-02,1.120213641154918643e-01,1.468167157680472790e-01,6.900503721397188706e-02,2.691161705376305946e-01,-6.022275114379605290e-03,1.043125533194801113e-01,1.728393540536306283e-01,-6.045668704568766399e-02,-2.379471250299072804e-02,-7.253183296925388990e-02,6.812526672560523244e-02,-1.315320112311318679e-01,-1.674679565825796038e-02,2.017687514295346193e-02,5.404477107409934311e-02,3.228694819640563068e-02,1.127198773389223863e-01,-2.885753879296371616e-01,-2.045436583780764483e-01,2.398917219056818928e-01,8.029395180333219473e-02,1.794255103012961094e-01,5.126656162077982554e-02,-9.274044113942464529e-02,7.631232063967513524e-03,7.876144316889503727e-02,1.193724391691200620e-01,9.205397065449805183e-02,8.347280347645046061e-02,-1.689367513565069590e-02,2.763931555346293978e-01,1.006535888222831049e-01,2.544461373083876099e-01,2.087025776810267352e-01,2.519870558800409444e-01,3.663003739081418381e-02,1.032299680950400783e-01,-1.520660727166547044e-01,3.822137624092201980e-02,6.255289294020530176e-04,1.139963280181914701e-01,2.486022890923350881e-01,1.227050309048170196e-01,2.119926915354315156e-01,-1.988443745809733709e-01
3.726436637226967497e-01,-1.379948283345690078e-02,6.550527953580024265e-01,3.566412659545380448e-01,2.134223280507434040e-01,3.621019572452810475e-02,0.000000000000000000e+00,3.332040871598815901e-01,4.095891166115497306e-01,3.584133663665727831e-01,4.106502317660991053e-01,7.156459924774093151e-02,3.286386971784530098e-01,1.495313942917446681e-01,3.487543082102073644e-01,1.051375997705545629e-01,-1.694405861958944159e-01,-9.447643877836664483e-02,3.172740894971334824e-01,2.942320418313080221e-01,-8.912929469560640361e-02,-2.055261965832969606e-01,6.437622661684934133e-01,1.796925956319830875e-01,3.194963803341877573e-01,3.397423588374912096e-01,2.564477354124735861e-02,-2.014231028897838643e-02,-1.813017331430906709e-01,-3.605604411354664807e-01,-2.674601553818131139e-01,-2.458959774105220764e-01,-1.096157790816533334e-01,-1.067542963347967583e-01,-3.439423662925064629e-02,-2.618312782626025514e-01,-1.787141191764476250e-02,2.713554934466469882e-03,1.727369173368830113e-01,1.212413462411467829e-01,-7.850453934900843145e-02,2.702129498622188666e-02,-4.561257710090830808e-01,-3.497686480993549840e-01,-2.106133318682300026e-01,-5.035216025264643847e-01,-4.533472885726974044e-01,-3.823272724164556435e-01,-4.794940746845071100e-01,-3.273666493643392350e-01,-6.163349163908229261e-02,-2.787496593731132039e-02,-2.742315881711092085e-01,-1.734231529509195902e-01,-1.409457787972288045e-01,-5.036841122610780097e-02,-1.314830937836641567e-01,-1.502505663331249464e-01,-5.360534216334486568e-02,-2.562676098960155469e-01,5.593439436303052625e-01,-4.492561070379604005e-02,-9.675097196684506740e-02,-1.809210308815564217e-01,4.813762369872849334e-01,6.981563436358403929e-02,-2.020764789109873172e-01,-4.623668709140183464e-01,2.405306120564358607e-01,-1.777389481330240439e-01,2.999475952248067401e-01,2.394458077132957941e-01,-3.198007581863205467e-02,-7.582874860497790248e-02,-9.967001108451338520e-02,-2.531054687243377010e-01,-6.236737355538495703e-02,-9.414085262346355565e-02,4.449041275514539762e-02,1.043705306933145338e-01,-8.354468038651692574e-02,-1.292640365620712113e-02,-1.112888220560338259e-01,-1.245091395374983839e-01,1.275171146704732750e-01,-2.939946299387171114e-01,6.475370668223323634e-02,-5.434361470078008516e-02,2.840343360424614216e-01,-2.363402723750983314e-01,1.548131359599926871e-01,1.849541093360351773e-01,2.143443287754004944e-01,3.044197590183103652e-01,1.133472715840791595e-01,1.038875190761689438e-01,8.360358976529543018e-02,7.824366987412410823e-02,1.133781403155637302e-01,3.135804136436023959e-01,-1.675178053837369715e-02,-5.489537626145763773e-03,-7.470848461270941654e-02,-1.683152206828437414e-01,1.480251899183536168e-01,6.473373688292709260e-02,1.890669226685429971e-01,1.120231518812336846e-01,-2.794065472399796454e-02,3.018490927711474647e-01,-2.831623647981086275e-02,9.554441907959596025e-02,2.397221153575896380e-01,2.359399227831624479e-01,2.884588756200807680e-01,8.738371267538388998e-02
4.310282081959816991e-01,1.593581176381536346e-01,3.725053407669661198e-01,5.580171632422377126e-01,3.048945809401523155e-01,2.934398991680804980e-01,3.332040871598815901e-01,0.000000000000000000e+00,2.361005289349517589e-01,4.158084394492554958e-01,-1.321285683158085755e-01,2.136005142428033521e-01,-1.039659429295602816e-01,4.596234664473919374e-01,-1.425259316186618976e-02,1.619642986271620233e-01,1.032382875632129604e-01,6.315200974175487481e-02,3.770708858685096199e-01,3.862345335751899422e-01,-3.098830876538617995e-01,-2.550486696437767042e-01,2.757347413827294647e-01,4.824761316074759887e-01,6.627611660543002159e-02,2.859201038979379272e-01,-1.244521806222772045e-02,-5.477703787132619066e-03,1.726029927182032575e-01,-1.401143378054006128e-01,2.445019952752175152e-01,3.899695447512053770e-01,4.467356853513441695e-01,5.640130948643868880e-01,-5.464870029508979432e-02,-2.396649750839914828e-01,-4.891687267001378903e-01,-1.931925041577230995e-01,-2.374844606298653904e-01,3.493180869805063982e-02,-2.678228913765757224e-01,-2.704734320522806379e-01,-2.174809769611493748e-01,-1.459807324204986934e-01,7.837722463922149052e-02,4.478528553948244589e-02,-1.999406472097530196e-01,-1.814889533242367570e-01,-2.579049156718673519e-01,-2.562343143394024692e-01,-3.662767809562966770e-01,-3.987931460046509891e-01,-5.780913829584293229e-01,-3.651858883762754138e-01,-1.959935893079471358e-01,-4.997401606585672590e-02,1.142231716264690000e-01,-3.189816243392151317e-03,-4.495121768330087586e-02,-2.601730904413936396e-01,9.175936785152391528e-02,3.471129392020641524e-01,1.581714059244487269e-01,3.400440650856437763e-01,1.744936542702477666e-01,1.830082998034066599e-01,-2.891148178541298893e-04,-1.169246449040178132e-01,1.812103876773246414e-01,3.034122402251858766e-02,-1.562724129986967428e-02,1.759251489438008464e-01,6.613224600091417715e-02,-1.864172040452426182e-02,-1.076009559455866904e-01,-1.600919278420798453e-01,-2.561121728485974414e-01,-8.774234991533035044e-02,1.207716775823679117e-01,-7.381388305408744313e-03,-2.765706577908670985e-02,2.216826134727782269e-02,-3.137919843911973206e-01,-1.902572873851133550e-01,-1.780386434134611506e-01,-2.869938667770891572e-01,-1.503741869997826663e-01,-1.234744618558032692e-01,-4.339264744008522467e-01,-3.195283685183452627e-01,-2.662404042787086967e-03,6.063102807637558295e-02,2.223934148071887995e-01,2.150319158669944941e-01,1.146557820820871300e-02,5.053035223615872512e-02,-1.106781433386436614e-01,1.045558530092072086e-01,-1.933960684722766526e-02,1.790420720529294768e-02,5.219561095970263326e-02,8.799794398400956341e-02,1.155914122048243564e-01,2.157688899635271662e-01,3.498151791876235039e-01,2.856970426455553991e-01,1.260213872413940561e-01,-1.382799532312057600e-01,-1.937477982265270460e-01,1.863051340143977996e-01,-1.933137829196729385e-01,-7.188303452635989854e-02,6.598813951486673379e-02,3.288848918704076474e-01,3.404101684024671282e-01,-1.639485282732010551e-01
5.663818364401786154e-02,-1.865976285574343918e-01,2.245800503367133827e-01,1.326655696417401165e-01,7.267357877144110523e-01,2.608920066514633929e-01,4.095891166115497306e-01,2.361005289349517589e-01,0.000000000000000000e+00,6.141898252085403742e-01,3.466381035738725358e-01,2.089468651977723357e-01,5.812224419928508912e-01,4.698264430920689461e-01,7.036811467727784875e-01,5.737789766746878017e-01,4.127779221433476586e-02,1.246109615365793497e-02,1.375267386797782987e-01,8.536976615202598873e-02,2.561228789246760562e-01,4.854988948950184069e-02,3.748088714337887151e-01,3.361283957489599183e-01,-2.053499905245636040e-02,3.013326227933862955e-02,4.162311914827864223e-01,3.916125978233289673e-01,3.292818301008027665e-02,-2.521663392686238764e-02,-6.398748814882528058e-02,8.649995305852949123e-02,-2.681882985165554567e-01,-2.101313977277144140e-01,-1.470372385399235649e-01,-2.310220387094509553e-01,-3.842237563240293030e-02,-1.795850283646738821e-01,3.660554142617428730e-01,3.380402978728180852e-01,6.296276325085031766e-02,1.638998229756506025e-02,-2.346403876924740839e-01,-1.266167198244448067e-01,-6.235583920453809104e-02,-2.123645597477701319e-01,-5.894969254879414700e-02,-1.161126720890750391e-02,-3.088406912301241980e-01,-2.777060977933824004e-01,-2.903304280871695786e-01,-2.368398749713518658e-01,-2.113155477043162089e-01,-3.264624469391904094e-01,6.610219181824623924e-02,1.947007850494099079e-01,-1.462482138256813169e-01,-1.732851534782552660e-01,-3.291017340282387793e-01,2.995648610606471349e-02,2.217232285313790741e-01,2.849776739047136798e-01,1.940561126185930407e-01,2.177920443637320624e-01,1.944895893050287428e-01,1.006183868520632158e-01,-1.210898146302439721e-01,-1.779612848516128887e-01,-5.288968882301389729e-02,-6.970936986321332740e-02,-4.494230913212064055e-02,2.010929859889912588e-02,-1.524800217951158832e-01,-1.769660735659797368e-01,-2.073386296774265211e-02,-3.404199539805586455e-02,-1.841951029641162585e-01,-1.717807643084204305e-01,-9.654300089093245663e-02,1.026183027627988326e-01,5.663240600126197288e-02,1.126508092376425282e-02,3.906283194949182191e-01,3.291483249471683914e-01,3.300427027333240892e-01,1.180763905532820068e-01,5.414823070361257651e-01,4.155844478839778589e-01,2.239993237612098731e-01,2.147024838321097417e-02,4.265447018816974356e-02,-8.997512592636565387e-02,1.544043960508264222e-02,1.418311008194484690e-01,6.520901081568578062e-02,1.395858738056863779e-01,1.935735858258469944e-01,2.196471799989776208e-01,1.795179412049559275e-01,2.202055983323350785e-01,1.751327010808814422e-01,5.075102553144233281e-02,1.683701825632096805e-01,4.088655613860028848e-02,-2.556461480556875346e-02,6.975042538985718778e-03,3.183389883566913325e-01,2.219439780369503734e-01,-3.412650131314738655e-02,9.584711851778557334e-02,2.931734503251484103e-01,2.223008842870664026e-01,2.425236800491800127e-01,1.236332068672344603e-01,-8.322471251366477668e-03,-5.966368813340991450e-02
1.228446202456863479e-01,4.608687032737505268e-02,1.842040890065176073e-01,1.926423042537353247e-01,6.161543952582704264e-01,4.429934299086913940e-01,3.584133663665727831e-01,4.158084394492554958e-01,6.141898252085403742e-01,0.000000000000000000e+00,2.483758831336991407e-02,1.169406922254489639e-01,1.466424495009009399e-01,4.671520220474811302e-01,4.237664481124813198e-01,6.525839873035065297e-01,-2.156046578442940009e-01,-1.697452353147530790e-01,1.029834348699088520e-01,8.299961740101174934e-02,2.285880832089934311e-01,7.265453360092373469e-02,2.944942156995072335e-01,2.393581265187144091e-01,3.635448893301976292e-01,4.628654135906352662e-01,3.308099620387716100e-01,3.809510111445477687e-01,4.825430165901668095e-02,-1.928993381944590219e-02,1.362370389548478097e-02,1.226613680947095525e-01,-3.515136094586979176e-02,1.120443315556301084e-01,1.194296958929026015e-01,-5.980257321893929501e-02,1.580840367663579119e-02,-4.972480668120963761e-04,2.023501981704138308e-01,2.503513583598948600e-01,-4.433536887058987103e-02,-1.381453898403235681e-01,-2.236454513360800478e-01,-2.074142876303148447e-02,2.396975871960056459e-01,1.763689083779278882e-02,-1.494937871562908860e-01,-1.038680781158659444e-01,-2.953818125077340428e-01,-1.953120641026612203e-01,-2.466590597611395819e-01,-2.177229336589294462e-01,-4.582593851666559304e-01,-5.284550734371500358e-01,-1.122514786604840858e-01,-3.205269099573978403e-02,-1.236098054934475637e-01,9.470665389443822316e-03,-1.935426187715768576e-01,6.010235917301946090e-02,1.979327108122764245e-01,4.242477191227703726e-01,5.442720500271825551e-03,2.134267742775680932e-01,3.189427436022928553e-01,4.162020286823797099e-01,-2.157182120437545203e-02,2.274397019844940845e-03,1.190221982338393880e-01,-7.949764984163776305e-03,8.854744376836497233e-02,1.992148010756201459e-01,6.641457611197418287e-02,5.379482200668694002e-03,1.021188924792367919e-01,1.310995396486610842e-01,2.231712566651168975e-02,4.731483437536684877e-02,-2.869150064854191773e-01,-5.812015496105802509e-02,-2.205648116806697701e-01,-1.070864626614088065e-02,-4.457391283947323424e-02,-9.310168732475200895e-03,1.127976796890321071e-01,1.728906763826312809e-01,3.031882981754463469e-01,3.352425549074903310e-01,-1.204418782905110619e-01,-1.363170473071538547e-01,-8.955062605854718916e-02,-2.044847939392378799e-01,-1.373782627643965748e-01,1.018564194226168063e-02,-7.230466098319145163e-02,4.604973004780333473e-02,-5.733331487934213017e-02,9.821452995682830589e-02,4.466715260853049846e-02,4.591758987981375134e-02,-7.450829425841579146e-02,1.540568435439222394e-01,-3.998010604121285394e-02,8.443381863498615469e-02,1.198598897862551693e-01,1.406665255663434866e-01,3.371525690529404984e-01,5.313499833361544356e-02,-9.036031119298579273e-02,1.244627514459139273e-01,-6.568870372442796313e-02,2.503863988059719728e-02,1.161427882382044946e-01,8.302412865317435053e-02,7.124308143720697872e-02,-2.107726335272498419e-01
2.565107914076898976e-01,1.040445781963476694e-02,1.881303382284852388e-01,-6.014728531879100226e-02,-6.335164887876827688e-02,-2.389981034415301075e-01,4.106502317660991053e-01,-1.321285683158085755e-01,3.466381035738725358e-01,2.483758831336991407e-02,0.000000000000000000e+00,5.835085405524463864e-01,5.449276391824806609e-01,1.116207455623973166e-01,2.197747673107267041e-01,-1.555493195663431583e-01,2.026254513970181248e-01,1.613471918366171376e-01,1.649712257671236693e-01,1.607191484324216324e-01,-9.284547091995333512e-02,-3.529636939937362827e-01,5.031302500338136890e-03,-3.001300716974578120e-01,-2.130901969907120497e-01,-2.937051954703417400e-01,-5.130853234143197689e-02,-1.553245867264566038e-01,9.598221769661506586e-02,-9.095669112328239048e-02,-2.341993609914672370e-01,-3.241281701464958642e-01,-1.642042156447765244e-01,-2.791078415973047289e-01,-4.573114148212988339e-01,-4.226952139722827129e-01,-2.567882091603692629e-01,-2.395666252557750731e-01,1.102789787162098203e-02,-7.835846073380556276e-02,-6.064933011687693998e-02,7.871649241802650132e-02,-2.066879202816098438e-01,-1.958931247068763926e-01,-2.174696668101039065e-01,-3.400521581635664314e-01,1.238519309313722561e-01,1.087595645881643674e-01,1.386315616096850910e-02,1.319200903046935380e-01,1.524755543732031760e-01,2.427788974508669761e-01,1.975687138193495673e-01,1.905260453701536905e-01,2.385317149459634245e-01,1.770612389975306511e-01,-9.731855300742166606e-03,-1.913785200189266691e-02,1.670192626545861647e-01,2.902355009355672144e-01,5.179317828536613710e-01,-1.193670554733661793e-01,3.444131359594386765e-01,1.449741790851097889e-01,-1.861470337379192708e-01,-4.564026296988504261e-01,-2.257804684671577411e-01,-3.333454406732038744e-01,-4.510535915855296701e-02,-9.052284492013314143e-02,1.619021449046147698e-01,9.100628125882877228e-02,-1.013713606709597398e-01,-8.986682093272285732e-02,-1.250326193621154602e-01,-1.542076640677476074e-01,-1.856327246859887647e-01,-3.428424714724271349e-01,5.916421061253527430e-02,1.264836145354826802e-01,-3.688267962312737069e-02,-2.241785299032917622e-01,1.237017045855259706e-01,-7.128071166257694824e-02,-6.058700757618815103e-02,-3.856947560975605427e-01,-3.216249446971705672e-02,-1.458535830253036847e-01,3.952679916936534532e-01,2.596817069690331506e-02,-9.638870605673302561e-02,5.918933537767568503e-02,-9.479660528523972673e-02,6.418242741785093464e-02,-2.173203836883920784e-02,-2.075890393650629551e-01,-8.474416617549224151e-02,-8.036255146913637293e-02,9.456177753085147353e-02,1.650662745370508611e-01,-2.473343313537213276e-02,-2.802192761851283742e-01,-1.277012158739764536e-01,-3.908966314554101484e-01,-1.866948318302385501e-01,-2.118736878043319394e-01,-8.136186603068427947e-02,-4.768016110812966363e-02,6.399358081744953297e-02,1.246160443375856353e-01,2.616829595719419865e-01,1.377887559600266248e-03,8.529625936919110751e-02,-3.342195107285656983e-03,9.982029419855806274e-02,1.544597910133056196e-01
3.472689693323685600e-01,2.881144337448334758e-01,1.856279954146054442e-02,1.921994791731616511e-02,-9.091772070484381574e-02,-1.739590757911945729e-01,7.156459924774093151e-02,2.136005142428033521e-01,2.089468651977723357e-01,1.169406922254489639e-01,5.835085405524463864e-01,0.000000000000000000e+00,3.097652275792973087e-01,4.428223666919100521e-01,-6.205389770420014633e-02,-1.906776788145058688e-01,3.790605799837019618e-01,3.990201508039550315e-01,1.506509460291969860e-01,1.877946249559747649e-01,-3.492809239522520759e-01,-5.251310538063805877e-01,-2.718299535050465177e-01,-2.798644445941290138e-01,-1.904725699559480234e-01,-1.795012238951423089e-01,-7.434621083773473860e-02,-1.656564720614670805e-01,2.634257140024435229e-01,8.524426304139608168e-02,9.604959510575346304e-02,9.796286821065221251e-02,2.308706663597979991e-01,1.759986807315286617e-01,-4.210659587123131709e-01,-3.837270929146142651e-01,-4.763744352726541065e-01,-2.345365115552091317e-01,-2.955339237813331965e-01,-1.237912608154952132e-01,-1.569846123841012464e-01,-1.898140648718918133e-01,-1.997372770927881569e-01,-5.812623030785879497e-02,-2.842437856220440644e-03,-3.650524732401028323e-03,1.510153635749063306e-01,1.759370643333525441e-01,7.229032297256061945e-02,2.437355371632073942e-01,1.308033428968921955e-02,1.796484095954307414e-01,-9.688016318340529620e-02,4.233949396426642947e-02,2.901227202896631066e-02,4.319765483967971664e-02,1.623267316257929749e-01,1.446425924902399740e-01,2.078531670688062161e-01,3.442727909933760433e-01,3.258395403433327897e-01,1.625572866912192715e-01,4.044366367684341657e-01,5.393176457787710598e-01,-2.246424335550304130e-01,-2.384249760625051784e-01,-1.245711751504727516e-01,-9.988125627538600726e-02,-4.902164856599118548e-02,-1.424828405358780914e-01,5.909072535314999208e-02,1.651358240718762416e-01,5.670030434152624390e-04,3.748303721295075108e-02,-6.893741139882592073e-02,5.589620590395011530e-03,-2.288797143134321532e-01,-2.612593019464918842e-01,1.797998446946525719e-01,2.742702810670332725e-01,-3.505145520189781316e-03,-5.621672133721648118e-02,-1.753653073949963392e-01,-1.353671221651180923e-01,-2.219235487157894815e-01,-2.176679054456268636e-01,-2.461111365408036322e-01,-3.553202690400962815e-01,-6.722641826484040961e-02,-3.131772149367394176e-02,-4.082325931431313171e-01,-2.032589160612353896e-01,-3.130923729435122760e-01,-1.683289914848648261e-01,-2.667152534284132903e-01,-3.507942673137722789e-01,-2.944868650502784346e-01,-1.933979400670181037e-01,-2.013398378583133863e-01,-1.810937577347078165e-01,-1.897911247450645433e-01,-4.112848059006533608e-01,-2.622378560330960728e-01,-3.617688009141197814e-01,-1.439940876841242223e-01,-2.025471252147890699e-01,-4.354670743792674742e-03,-1.656863139948874242e-01,-2.163688138693449781e-01,5.480194046620937010e-02,1.816370806230963378e-03,-3.246284669382996646e-01,-1.939478361844730048e-01,-9.335201785362290394e-02,6.731344977042197364e-02,-1.524654774082995212e-02
-1.441762449221369036e-01,-1.687975140601045143e-01,2.212743398229810587e-02,-1.794283262482350427e-01,1.824542997856213045e-01,-7.419173433275737251e-02,3.286386971784530098e-01,-1.039659429295602816e-01,5.812224419928508912e-01,1.466424495009009399e-01,5.449276391824806609e-01,3.097652275792973087e-01,0.000000000000000000e+00,3.584939828200685574e-01,6.220402262877762212e-01,2.627955907476421937e-01,2.667837590634857814e-01,2.819681883450371740e-01,-2.698640118369957652e-02,-5.133943108693310442e-02,1.708659366988587169e-01,-1.317447642966725618e-01,2.945750714708380569e-01,4.997553620234966576e-02,-1.917129391137888661e-01,-2.880476523737692252e-01,2.421834942968361659e-01,1.744525336593962320e-02,4.257436137696618550e-02,1.309291158268186817e-01,5.583334057321149430e-02,-6.329835750754556414e-03,-3.334931278524752574e-01,-3.771433930796361245e-01,-3.262935079908972358e-01,-2.997518765706501109e-01,-2.178845569458380538e-01,-3.828022686708581479e-01,1.967103229104816553e-01,1.342819753879294364e-01,7.919853354702613424e-02,-3.549006057108026590e-03,-1.760856239751223268e-02,-6.920238305536018097e-02,-1.767550078305707983e-01,-2.888998492844726540e-01,8.773948083797247777e-02,3.608991213481863719e-02,-1.811357946682996545e-01,-8.151466836731446897e-02,-2.277372941739223000e-01,1.259456062374467514e-03,9.265401089967170711e-02,1.141478331746387104e-01,6.058488560970200915e-02,1.795217920421228464e-01,-3.437236112881993794e-02,-1.552444465255806982e-01,-4.271329169454001207e-01,-4.856971926906703679e-02,7.850461040700208726e-02,6.486794134765408448e-02,3.201965552616503619e-01,1.536853610823062100e-01,-8.695627103701880948e-05,-2.103754008581278367e-01,-2.646030178693951074e-01,-2.660586452258765777e-01,-3.628478142954119079e-01,-2.281290361094683583e-01,-6.115179412440267109e-02,-3.963695649809270694e-02,-1.474615064772219208e-01,-1.326109582636199880e-01,-1.529116054953726621e-02,3.613709794487201393e-02,-2.219280929247844092e-01,-2.741155998644132508e-01,1.007816402574957387e-01,3.084549363649495279e-01,3.106373192020419061e-01,9.769252597231938007e-02,5.660196756305516663e-01,3.846270673885719416e-01,3.457412497613667202e-01,8.064553512119129741e-02,3.412369690234513531e-01,2.785758524209546727e-01,3.219439944774937779e-01,1.726411829038444479e-01,-4.465510318088969366e-02,-2.541769541227216489e-02,-6.544670424323342783e-02,1.832232633366799868e-01,2.560069843071039949e-02,-2.185203522208662985e-01,8.192149600492509842e-02,-2.431999168947857667e-03,1.008422303147973043e-01,-3.935866012771432887e-02,-5.881423827216663647e-04,-1.470599321336881482e-01,-3.983231718379897507e-02,-1.747921344280303213e-01,-2.801058340698446281e-01,-2.894980459432746622e-01,5.309089488717932959e-02,1.535328279738807644e-01,-2.435395351610097209e-02,-2.296835645322285041e-02,4.270344534437442441e-01,1.436138868237283872e-01,-4.169660858678511661e-02,-2.061376495498902228e-01,-1.405749282204520889e-01,1.580912429328088648e-02
