0.000000000000000000e+00,3.434931269141281995e-01,5.404636149320631855e-01,1.210023723552379471e-01,-9.941513226223705479e-02,-2.111518207669949854e-01,6.142735785487617450e-01,-1.629836441850125439e-01,-1.333998965750173848e-01,-1.599032306670362669e-01,1.701480702798288946e-01,-2.099466476316227959e-01,1.553310167267983599e-01,-4.291423876111225000e-01,-5.483081914803894508e-02,9.718982522271339686e-02,-2.073226533748397937e-01,-2.604486596393331133e-01,4.614053838242470063e-01,4.323950223837260132e-01,4.413424437083654853e-03,-1.386282610072910870e-01,1.251583734444695062e-01,1.692328649949554481e-02,-1.802234208628744061e-01,-1.674249848828857634e-01,3.972772745795846161e-01,5.595115455708083579e-02,-2.732832782462177312e-01,-4.817378468560427618e-01,-1.152954236701334151e-01,-2.361712984361601653e-01,2.574001631407775159e-01,1.316656660275681567e-01,1.199054606830859265e-01,2.694917846518449928e-02,-2.888347744290880592e-01,-3.931924813966329868e-01,3.100096715959016567e-03,-1.907359197409319307e-01,-1.876563100941699147e-01,-4.401114101480504415e-01,-1.565422002690371461e-01,-5.397464954604018761e-01,4.252694080050506420e-01,-1.162570096028948119e-01,-3.922477466987895345e-01,-5.179035505127304040e-01,1.521539484095394412e-01,8.909043470619895655e-03,-4.659733341918377569e-02,-8.431772827569739004e-02,-4.594973976383917580e-02,-2.444017128500191455e-02,-9.144559542528649110e-02,-1.676698408127238471e-01,7.736497724762522177e-01,4.561342803255459821e-01,6.459291309638354184e-01,4.047205619312854719e-01,6.759859378151867881e-01,1.649504555722732524e-01,3.737019722762210394e-01,-1.821668296948027732e-01,1.000698560285998989e-01,-1.372314179631852482e-01,2.094555377003728402e-01,-1.150156100928512726e-01,5.688623311920635306e-01,5.957888447155985645e-01,-1.452564035383188679e-01,-4.126027406131252961e-01,-3.198960918263943909e-01,-4.581767054889965829e-01,7.305073423631434915e-02,-2.396069837907851552e-01,-3.930055996378075123e-01,-3.808085499736091895e-01,-4.020394502766446165e-01,-5.134526082056117824e-01,-1.671005811012806208e-01,-5.571005472227028577e-01,2.879465170724491638e-02,6.616559473866420737e-02,-2.176645117984014055e-01,-3.482543720740908233e-01,1.743861556580626193e-01,6.311274650003823039e-02,1.632801948276123016e-01,-1.355655429074590634e-01,-1.724230867312231130e-01,-2.567152071719802642e-01,3.085083294795823439e-01,8.028525917422356384e-02,9.425607837636261477e-03,3.247666828305417752e-01,-3.808226550651886422e-01,-2.577095027446216768e-01,7.755538700744318836e-02,-3.458243581815802492e-01,3.147507883444541216e-02,4.016379536500620101e-02,6.374471930293047067e-03,3.329812494347970664e-01,3.266885364251587848e-02,2.261575687332017248e-01,1.082055263970585837e-02,1.625220963029368471e-01,1.791074577766352816e-01,2.001914879711249040e-01,-6.231289655653812209e-01,-1.886593591802032677e-02,9.224304515629046242e-02,1.349419998012474919e-01,-3.828202927371550657e-01,-1.457464145844642178e-01
3.434931269141281995e-01,0.000000000000000000e+00,6.657250391868077891e-03,3.952742661010693603e-01,-6.432172953653571799e-03,-1.004015168350562842e-01,4.646370289037984186e-02,4.699579186305962719e-01,-6.385590224925632996e-02,8.380283996135708124e-02,-3.099434388125710815e-01,4.206132685143992300e-01,-3.662797169794253516e-01,1.548175825516167892e-01,-2.249959251828317353e-01,-3.634012697143140791e-02,-4.174132024046949274e-01,4.398922632521966580e-01,3.280750532598012970e-01,7.188036645083748510e-01,-1.080513682126131858e-01,-1.782757141147826019e-01,-1.105009130945455997e-01,6.275761718683536827e-02,1.022872553513588453e-02,6.722739231271888938e-02,4.038809925148645896e-01,1.467071844401170999e-01,-6.104724671707993933e-01,-1.773084791573214247e-01,-1.762015568487337175e-02,-7.709762624066107684e-02,3.028430816304873430e-01,2.930261175262708351e-01,-1.304298405249343928e-01,-2.245918813482747356e-01,-4.505181895040442641e-01,-3.045308595598646972e-01,-1.876871146702946969e-01,1.518513198689442831e-02,-4.337121168581702935e-01,-4.227312278288036795e-01,-2.964216334557430166e-01,-3.780168229725728302e-01,1.573571165805348337e-01,-7.180412272366688831e-02,-4.319517414698749724e-01,-3.517441619519997564e-01,-1.832848006768545424e-01,1.644137934494799835e-01,-2.238663616392051747e-01,5.792076712742871836e-02,-8.915210428464682979e-02,4.276914408086143760e-02,-2.213472886979968024e-01,-1.652470367226875902e-01,3.638438035459336528e-01,8.759729143348911062e-01,2.796934109017596218e-02,5.329289491901538778e-01,2.354604694224599615e-01,6.892738719793821689e-01,-1.865402754557290155e-01,3.561978613445579422e-01,-2.921619492876266211e-01,3.071105008805444236e-01,-5.650477656867952669e-02,-1.776091864071203674e-01,5.162636810170310175e-01,5.931165391035891910e-01,-1.674468090864865144e-01,-1.443714377421015105e-01,-2.954091108968274759e-01,-3.692181932027297636e-02,1.905299100324476733e-02,2.734621329996470562e-01,-4.768202655037449555e-01,-2.419868729341106972e-01,-4.766858057920862479e-01,-2.033032972288936202e-01,-5.347284153039244536e-01,-1.171997268516690033e-01,-4.141507266655221342e-02,8.368679079782762043e-02,-4.623939395300137867e-01,-2.449794767131539472e-02,1.850706106588277389e-01,8.977770657229321161e-02,1.683996134763532659e-01,1.052758704968931036e-01,8.468092898568685412e-02,-1.629510217927132854e-01,1.812617067549985861e-01,7.328945934066249945e-02,5.969148261022365343e-02,3.605414878359935460e-01,-2.943799890543479236e-01,-1.149049036118644229e-01,-1.745226609414587404e-01,-6.973755072977586011e-02,3.087570915353633483e-01,-1.412166862024704650e-01,-3.514871838161216788e-02,2.238469594033089816e-01,-5.838512797380980383e-03,1.464617818280037065e-01,-5.647523930225248345e-02,5.129082319714134419e-02,2.766701505355234625e-01,1.544058131999951344e-01,-5.350907796137618355e-01,4.473023472647329885e-02,6.745262155274629745e-02,8.944510208317534017e-02,-2.852421228557413535e-01,-3.579386565439248574e-02
5.404636149320631855e-01,6.657250391868077891e-03,0.000000000000000000e+00,2.644235417728034720e-01,-3.093220715430255452e-01,-3.045527771722966737e-01,8.222037510072119915e-01,-8.717254518951972342e-02,-3.720146448442308018e-01,6.938272671220184484e-02,5.154912293417888980e-02,-2.048690110443689150e-01,2.174210327685409394e-01,-2.272954724139508720e-01,6.219379625375608123e-02,3.158859275337992933e-01,-3.210794130669282209e-01,-5.113743862813501240e-01,4.995185543312567478e-01,2.658961229765017809e-01,2.043484844814205670e-01,7.356844156477455876e-02,2.180548725067832927e-01,2.321113452603446869e-01,-2.550581605349834247e-01,-2.541924784688734951e-01,4.614042431283027490e-02,-6.772518394539810138e-02,-1.921578351486580849e-01,-5.024563566023673156e-01,-3.457996244292109167e-01,-3.879973135413057883e-01,-1.149088913788601646e-01,-2.383470682007657049e-01,2.077798191663738914e-01,2.931372243237373998e-01,1.453140238969746756e-01,-7.531720789941556693e-02,2.204989428817727137e-01,9.907539073929948203e-02,-1.418850712307197053e-02,-2.957690898439507832e-01,-1.403763278765473577e-01,-4.174605853628813867e-01,2.433223631409728582e-01,-2.359268664912109181e-01,-7.436344815990753032e-02,-1.253740495669871113e-01,-4.002413906158656942e-02,-2.345175232187541314e-01,-1.090147028846182725e-01,-6.092756109251038638e-02,1.148459214073481172e-01,2.698271205848895571e-01,3.213631409770163483e-01,2.282515964155123478e-01,2.830205430443827885e-01,-1.600412321965059489e-02,1.215243763739366073e-01,8.717798832093383299e-02,2.595394112707570811e-01,-2.426293908620282339e-02,-1.893717054129824811e-03,-4.978307429823393138e-01,-1.709421720761700875e-02,-1.917010923181182158e-01,9.664164512132857043e-02,-2.263353413352245380e-01,3.810800683112489096e-01,1.828271241924260826e-01,8.013101196043991015e-02,-9.317627376644060933e-02,4.235573093068210199e-02,-3.195942158869121141e-01,3.215272020185703291e-03,-2.440649576118913699e-01,-5.976462892062347348e-02,-2.741305733053125970e-01,-3.998857215423964329e-01,-4.408798751314923492e-01,-7.726303245489760108e-02,-5.328315034681687656e-01,1.807277149195179733e-01,3.332389152383676834e-01,-2.120099345061962348e-01,-1.235209862356329708e-01,3.106249589958940960e-01,2.010130992343160117e-01,2.999114417869314653e-01,1.432728253088803860e-01,-5.132155571715430603e-02,-6.187410345039136284e-02,7.368848422364762674e-02,3.074864398049412251e-01,1.904945633509834146e-01,2.092598812986512513e-01,-4.154799688926470724e-02,-3.737534099744816429e-01,2.125860800861947009e-01,-2.135273688860882257e-01,-1.732673915378237506e-01,2.559364983210259958e-01,-1.458975523325755086e-01,2.615136753013614368e-01,-4.245852163564710069e-01,-1.546258406917130623e-01,-3.313171378616886625e-02,3.382481807830164944e-01,1.257410618081308273e-01,-2.280306884782385968e-01,-2.403360251639448109e-01,-1.062613223940034601e-01,2.361708403992086869e-01,2.609296220693441137e-01,-2.392327444268602943e-01,-2.621668315003826133e-01
1.210023723552379471e-01,3.952742661010693603e-01,2.644235417728034720e-01,0.000000000000000000e+00,1.253631855369707060e-01,2.074303053693730692e-01,1.935670001918480820e-01,7.262225390751929632e-01,5.895351171952291358e-02,3.107250144971053230e-01,-7.786193583622649794e-02,5.485200192373635986e-01,3.857852997267743195e-02,3.313023745728233549e-01,1.795204133934567847e-01,1.148826632845120488e-01,-4.389355183114390102e-01,6.341809224872517470e-02,4.097584248840924204e-01,6.062385295716885558e-01,1.604119775054026753e-01,-1.010094266958021930e-02,1.892221345344349270e-01,5.397799479370913867e-01,1.408516867139597284e-01,1.497734033092351091e-01,-5.435617229739419382e-02,-1.244144094206501572e-01,-4.856426717969985485e-01,-1.411374140142633293e-01,-1.267942497761968546e-01,-1.127775940973563262e-01,6.002516261027223549e-02,1.879769117966994529e-01,-3.410045293579486159e-01,-9.447457459084700193e-02,-1.840366326745991876e-01,-2.678660964212941087e-01,1.246408730142200688e-01,2.020769974861260504e-02,-1.198211988032447800e-01,-2.875547029319895920e-01,-4.188260358587069798e-01,-4.699600484954853941e-01,2.429112813181216139e-03,-3.590613678610272697e-01,-4.151369393700609089e-01,-3.586012306382974080e-01,-3.856032011261454895e-01,-2.883022632969091670e-01,-3.436679526802831619e-01,-2.218033941795639896e-01,-1.209390893924490451e-01,-1.983545802895074137e-02,-1.288022419069895508e-01,-1.286668036555186079e-01,-1.605263575331239700e-01,2.866544410367846685e-01,-1.450586863890814260e-01,3.885914435338720940e-01,3.646366728608548685e-02,5.187711173206249748e-01,-2.656791443494239124e-01,1.625790627875832173e-01,-2.723062879072837283e-01,2.427630726348682100e-01,-3.944352974317314464e-01,-2.729327891989309363e-01,4.299374701116662201e-02,1.335758658106433738e-01,-8.347955710561752452e-02,1.068785169893541331e-01,-1.234984922057982271e-01,-4.717722731420274929e-02,-1.132478876139154794e-01,-9.693775839908647107e-02,-1.721188842887520221e-01,5.628688111444412473e-02,-4.734428357098509066e-01,-3.495636750233557244e-01,-3.827989980981730267e-01,-2.960038798692810613e-01,2.390661392517926531e-01,9.717956382103712376e-02,-2.973746446283973000e-01,-1.351943353603495546e-01,9.200214113115905146e-02,-1.479666527408542154e-01,2.957151969244538603e-01,-1.782809016275780922e-01,-1.588500035305864255e-01,-2.524909695729387060e-01,8.074516110311566464e-02,1.279274692920673862e-01,1.961955672387515337e-01,4.724316363022137422e-01,-9.078189376077773487e-02,-2.939095732793416960e-01,-4.092087814771107335e-02,-2.132751905617628896e-01,3.730842719094621396e-01,-8.767416004570559307e-02,2.150958899818703751e-01,2.644122562953810651e-01,-1.549002315426950549e-01,-7.425925979985154024e-02,-2.753157546543425482e-01,3.387248059464281758e-02,2.647094211895282267e-01,-1.791581162822425757e-02,-3.774417585427258803e-01,-1.669386219792959314e-01,-1.967222820931361360e-01,3.076375382406780212e-01,-5.716310832031153144e-02,-1.937042863209464949e-01
-9.941513226223705479e-02,-6.432172953653571799e-03,-3.093220715430255452e-01,1.253631855369707060e-01,0.000000000000000000e+00,9.022725597585646851e-01,-4.054648530202313306e-01,1.247040839560674963e-01,8.968192651260190607e-01,1.747988357195296716e-01,2.114725929234456125e-01,1.166295420969252344e-01,2.372547720158045270e-01,-6.232800819710940937e-02,6.738101303285927157e-01,-6.078451310108367450e-02,1.210157673627551278e-01,-4.287452698030149584e-02,-6.466991691841263157e-02,-1.884687971086261571e-02,1.987941861262012277e-01,1.942113406847555401e-01,-1.229213353379238760e-01,-2.524829046729633319e-02,8.459027227605325772e-01,8.815598456013136186e-01,-2.594298193696268906e-01,4.119746455180832434e-02,1.058322568056082186e-01,1.703671260838631740e-01,3.276609350945048904e-01,3.139829151806940999e-01,4.194320403284337861e-02,9.962722900838459628e-02,-2.948197689844990754e-01,-3.293098432969270850e-01,-9.043720684509924321e-03,-2.181105136337253003e-01,1.741427055178219330e-01,1.648649959950030178e-02,-8.839473668579708732e-02,1.750259723990559291e-01,-4.012905166102989085e-01,-1.329600780427844520e-01,-3.823876596939547734e-01,-1.866004443295421755e-01,-9.279889478217101528e-02,-5.640651526378986230e-02,-5.140834397362896435e-02,6.110489382964442995e-02,8.729407271651140610e-02,1.960788985174631918e-02,1.653185687541914792e-02,-3.187450353596948949e-01,1.298154370108274211e-02,-9.286799772775419792e-02,-1.966731489249589904e-01,-1.384172993949914499e-01,5.394196589888392013e-02,1.124979868125596111e-01,-1.191068663994984123e-01,-2.516109398284572390e-02,-2.198970647550761021e-03,9.943098099009979596e-02,1.264062922868705308e-01,-4.487890529745318380e-02,-1.080050721172562261e-01,1.238311106210632923e-01,-3.119405792995394999e-01,-2.473675423686575725e-01,-6.295747583703416306e-02,4.847354808992743874e-02,-1.327966750754419889e-01,2.416920091167362450e-01,-3.714571487846047848e-01,-1.642377306169773565e-01,-1.144990951757991204e-01,1.923838042382308711e-01,6.286215974924032335e-02,1.686392714423303463e-01,1.861475036056333132e-01,1.373929359607612699e-01,5.140308860177149330e-02,-8.746114341590838226e-02,2.705729041633419540e-01,-4.073668986918000529e-02,-1.924832253441303709e-01,-1.328180524317384426e-01,1.180438273296390839e-01,-2.638151851884714683e-01,-1.698556056366458400e-01,-2.149724822582540218e-01,-4.919419882288901535e-02,-1.746134906335077841e-01,8.106522985789615943e-02,1.652713546521963894e-01,5.629734949701510616e-02,2.611295440197520801e-01,-1.378786005277928273e-01,-1.211500521527348467e-01,2.116463458221976568e-01,-2.266454114775125553e-02,1.911437335498014090e-01,-1.595162994359739517e-01,3.594324360490907394e-02,-9.995236243628037587e-02,-1.494073632289364718e-02,-1.260793176912469726e-01,-9.525854966072151708e-02,5.381014037552757368e-02,6.294101785423381057e-02,-2.500288724977738908e-01,-4.347103861947713144e-01,-6.380821451278795298e-02,3.030120488525694933e-01,1.795493659669549283e-02
-2.111518207669949854e-01,-1.004015168350562842e-01,-3.045527771722966737e-01,2.074303053693730692e-01,9.022725597585646851e-01,0.000000000000000000e+00,-3.824913453490266790e-01,1.579984780244854670e-01,9.012830880729307825e-01,1.360603815830505325e-01,1.509406140786192507e-01,1.131170461408536609e-01,2.330065154805323613e-01,1.484163489870352071e-02,6.226867706084743270e-01,-4.397459628115549940e-02,9.138629866457902151e-02,-6.417986368157688193e-02,-3.736924046567943053e-02,-4.419022053432290070e-02,2.349777276195187947e-01,1.943117251349854857e-01,-1.255243022876708081e-01,6.519853076424829072e-03,8.433313862729713284e-01,8.664896370889131338e-01,-4.848254552045802024e-01,-9.174358393685186353e-02,1.126543941420421052e-01,1.222914417810265220e-01,1.708422223399993223e-01,2.124572625137196025e-01,-6.682356051783062967e-02,1.253550078625274150e-02,-3.405145505041718423e-01,-2.887622460193747242e-01,4.501067860687762295e-02,-1.621756584038990534e-01,1.780034046198988307e-01,1.533322584903144652e-02,-1.212418908674889155e-02,1.744849507784761167e-01,-3.345702119935835550e-01,-9.843058526588799317e-02,-3.932416779338516188e-01,-1.848094674610372135e-01,2.303656500580218702e-02,4.340815845403504097e-02,-5.721569962135215903e-02,5.136752554006501770e-02,1.317761344522853650e-01,9.468705253595581517e-02,1.174423937748431679e-01,-1.300867502415459509e-01,8.657427432568440273e-02,-1.212701813784462790e-02,-3.349275397025838763e-01,-2.239839350784136041e-01,-1.481513704111006319e-03,7.581776750639090956e-02,-2.249250032906403296e-01,-1.198372488913410500e-01,-8.767316153354419439e-02,1.964259829240517022e-02,1.101536622987348418e-01,-1.498417439090315439e-01,-1.371402136833978769e-01,8.785123810180194004e-02,-4.422885449810746716e-01,-3.009163338297086709e-01,-1.452001408868868748e-01,9.845399774474392074e-02,-1.438027647734183845e-01,1.708462629413706468e-01,-4.652907517281995031e-01,-2.780474218090848715e-01,-1.038653209664101990e-01,2.138490159232889209e-01,5.943028801758783002e-03,1.416594997100463216e-01,1.708072965450670722e-01,1.398391198593494644e-01,6.888190317236460303e-02,-7.866587672837857537e-02,2.960910561216770764e-01,5.437535311104871316e-02,-2.639536747218115265e-01,-1.984697448069884240e-01,1.337036076671163920e-01,-2.508138613984789989e-01,-1.809908225247462421e-01,-1.308477646199322497e-01,-9.714723533698674252e-02,-1.125541161283471481e-01,1.110162808373258425e-01,1.287312782044137127e-01,1.154670757587159813e-01,1.641427465680275199e-01,-9.623126875851108208e-02,-1.431275957389379350e-01,2.070946709829450394e-01,-6.356225039623217277e-02,2.135924300570777590e-01,-1.512974640395186865e-01,-3.622074350098559298e-02,-1.972282519013180413e-01,-7.066187966722577152e-02,-8.636569436703059321e-02,-3.248118411095966829e-02,2.687510267195834454e-02,1.521128573711848508e-01,-1.962571935773782250e-01,-3.907533277493059898e-01,1.796256035003307786e-02,3.280793891294107034e-01,-6.872319713571381494e-02
6.142735785487617450e-01,4.646370289037984186e-02,8.222037510072119915e-01,1.935670001918480820e-01,-4.054648530202313306e-01,-3.824913453490266790e-01,0.000000000000000000e+00,-4.328309790915270405e-02,-3.579071525763028450e-01,4.456607175657984615e-02,1.506847577900612134e-01,-1.246119517413160765e-01,2.749272468744909381e-01,-1.865632969669430152e-01,-1.187995414646659531e-01,2.295592121346370362e-01,-1.611461745682696289e-01,-3.728335000181934866e-01,3.031231076791792156e-01,1.730454061224948603e-01,-5.692309521992429400e-02,-2.073682164678747331e-02,4.668802933330126748e-01,3.413344228548659265e-01,-3.172232017036543117e-01,-3.476028322130241266e-01,1.500292451386547321e-01,-1.236381547035792362e-04,-1.651422532790906839e-01,-4.210579298434904416e-01,-1.489959790153284613e-01,-2.213906401081048303e-01,-1.330920879012192047e-02,-1.171494699388565680e-01,1.545909906984678506e-01,1.911673062250471566e-01,-1.659531041466415918e-02,-1.098428524789108185e-01,4.241525722964323980e-02,-7.548136816419463713e-02,-1.437907082848446372e-01,-2.106186307767449750e-01,-6.302752307853347336e-02,-3.508996966639820192e-01,1.704428555056711758e-01,-2.833391066873016673e-01,-1.907547191182037416e-01,-1.681457239699304385e-01,-5.416636977717835533e-02,-2.320851259477463846e-01,-7.549120808015809259e-02,-7.504489411358213069e-02,3.413669622733661591e-02,3.194241546944235344e-01,1.574385090781924706e-03,9.127660642872099939e-02,3.841076903043914026e-01,7.232255365096731947e-02,1.353654878412461071e-01,-1.316034050342777470e-02,3.933838434154615649e-01,6.679998817767189567e-02,1.425983090840233503e-01,-2.968071887007370790e-01,1.200554052132390970e-01,-5.120773019157114081e-02,5.412715757270030598e-02,-2.746158181312672864e-01,4.158932721216089257e-01,2.315545166355547912e-01,6.192663048146648808e-02,-6.536338998047847015e-02,3.711040640201676566e-02,-2.802927815022406843e-01,3.391198208943401425e-03,-2.684417870620723345e-01,-2.427182260211258324e-01,-3.321568839948753626e-01,-2.249364055131472251e-01,-3.130453963723930366e-01,-1.379426397707075036e-01,-3.474459692950942480e-01,-5.297170428035227752e-02,9.297284919609137555e-02,-1.580096509636262914e-01,-7.949023324019319214e-02,1.241260014016751095e-01,1.830973763477000138e-01,8.001636575435738807e-02,2.130759266675615604e-01,-1.100660825844489155e-01,1.814515034557049600e-01,-6.811556563849747135e-03,2.693356830787686507e-01,-9.836911486378448199e-03,7.177576727069240325e-02,-2.243319487647921495e-01,-2.798623836857165315e-01,2.038590179694552695e-01,-5.859394754000186306e-02,-2.170519676186697944e-01,2.024565668013159625e-01,-2.095119610372711272e-01,1.635710066926430450e-01,-2.663693334005964863e-01,3.376542186091133452e-04,-2.885521973493284861e-02,2.356065620515086223e-01,-4.509834375024351222e-02,-1.158571318910426445e-01,-2.990976222166792931e-01,2.672384856547090418e-02,1.705476494480870631e-01,1.497050168569019901e-01,-1.273575275483678215e-01,-2.216453426581440622e-01
-1.629836441850125439e-01,4.699579186305962719e-01,-8.717254518951972342e-02,7.262225390751929632e-01,1.247040839560674963e-01,1.579984780244854670e-01,-4.328309790915270405e-02,0.000000000000000000e+00,7.965161724257746600e-02,3.950650445797335153e-01,-1.026779372824632858e-01,8.567229340700222018e-01,-1.054699036043482419e-01,5.596851239385098875e-01,-5.330621483905709918e-02,-1.541589424063626868e-01,-3.436707400651299316e-01,4.088003530713153477e-01,2.156901231847080380e-01,5.318601815290011636e-01,-1.067459420645341939e-01,-1.806498693985472415e-01,2.304338075979631140e-01,4.749961611410704054e-01,7.171741369893051832e-02,9.155091074159267539e-02,1.706863184856101390e-02,2.335722214611037767e-02,-4.796477035932217303e-01,2.182862254280889258e-01,1.642627907172578006e-01,2.041298549915039895e-01,2.702877468523033899e-01,4.044741180606343800e-01,-3.274987609353040008e-01,-1.106657802353193526e-01,-3.759363965070146030e-01,-2.899011699157610367e-01,-1.628439487012583453e-01,-1.291140299838424432e-01,-2.642782331665115003e-01,-2.897086441910333710e-01,-2.616014055092329427e-01,-2.493236736645457474e-01,-9.532532637628543526e-02,-3.416878658056883844e-01,-5.544762296007467173e-01,-4.529576622419688170e-01,-5.691722419906496411e-01,-3.268976500576288302e-01,-4.329455671418844798e-01,-3.008903581166343377e-01,-2.467364301214506062e-01,-1.089435704281695588e-01,-3.642856507675941713e-01,-4.550878725644131872e-01,-3.240394254747729907e-01,2.891189703240361064e-01,-4.023068053006692568e-01,1.627993527573012578e-01,4.978556615156692899e-02,7.047962243903973523e-01,-2.212168656638500430e-01,5.479795595146337295e-01,-3.317708153407434302e-01,4.603293072908368755e-01,-5.662846491516599912e-01,-4.071101329101431965e-01,-7.725629470657406628e-02,4.499155664153080270e-02,1.512671436110487322e-01,3.768704805118004431e-01,2.098687948513608750e-02,2.602408924928893419e-01,1.037460089932330520e-01,2.272809341539796524e-01,-1.591390509673850512e-02,2.190031338277375339e-01,-3.076010904727931039e-01,-1.835881267835741959e-01,-5.495425330579642997e-01,-6.866140845459103859e-02,-4.011941263586527029e-02,-1.237911791373679793e-01,-3.509533871694991980e-01,-1.975465339724249980e-01,-4.423033069548579915e-02,-1.428742823854837474e-01,1.136406375588976531e-01,-8.321580364928743423e-02,-1.307653886473998939e-01,-1.784994475489990462e-01,-4.152926076696393520e-02,-5.873616007559705372e-03,1.019498769524363607e-02,3.202315579567271420e-01,-2.456991843562797151e-01,-2.158520820423834030e-01,-1.758273829582074066e-01,-6.116038003872934642e-02,4.797888478122853129e-01,-5.381900764194349346e-02,1.020974810136897198e-01,2.006142871141071982e-01,5.354191428194648994e-02,1.426553444110276458e-01,-1.446598628819091015e-01,-1.183890496755062999e-01,2.133578492613027733e-01,1.648405898443529582e-01,-3.567778992469624044e-01,-2.912806148328081143e-02,-2.435971704435576646e-01,1.656101248663841008e-01,1.291819602839009151e-01,-9.718531919346827530e-02
-1.333998965750173848e-01,-6.385590224925632996e-02,-3.720146448442308018e-01,5.895351171952291358e-02,8.968192651260190607e-01,9.012830880729307825e-01,-3.579071525763028450e-01,7.965161724257746600e-02,0.000000000000000000e+00,1.822015527409175384e-01,1.431097840692373002e-01,5.201858509477327863e-02,2.215165720741131827e-01,-1.191499745087690604e-01,6.147050492437141633e-01,-3.308196090034655479e-02,1.126557635419248027e-01,-1.124358699650922777e-01,-1.002842215162357692e-01,-9.160070584033577767e-02,1.643158621662497154e-01,1.889444165198369274e-01,-8.366576703779581015e-02,-3.415741589097365943e-02,8.174101226913752516e-01,8.678001154057770616e-01,-2.739139754069702115e-01,4.942053757397473629e-02,1.097541333208100350e-01,1.329770485074158182e-01,2.484451138652660762e-01,2.322895140466210706e-01,-1.321987633163032583e-02,2.587763885126761684e-02,-2.485226832019318821e-01,-3.341660428695982787e-01,-2.496450299867379943e-03,-1.693603785642303350e-01,1.718748608549554302e-01,6.656375239759931839e-02,-7.440845016438853154e-02,2.109647710909350327e-01,-3.229662310909199308e-01,-7.241891752147795736e-02,-4.253228230362260387e-01,-1.954214640445648965e-01,-7.049330379042263728e-02,6.391520056103835480e-03,-1.000011894680941094e-01,1.368695270961707913e-02,6.194029959124491835e-02,3.149457353606060356e-02,-2.156518039415146470e-02,-2.104358491326460689e-01,-2.838925842658904936e-02,-6.120247834191237801e-02,-2.305727382668912029e-01,-1.939551776338014621e-01,-4.543665974696037106e-03,-1.865943534843605284e-02,-1.271130173212896008e-01,-1.052975225364825573e-01,-4.597671538437175104e-02,4.407961580668935675e-02,2.422140581798545855e-01,-1.002950642193632114e-01,-1.287775077558065417e-01,1.892096494512419957e-02,-3.428220147103525073e-01,-2.295334347476077619e-01,-7.710069176086536968e-02,7.781963164123611998e-02,-1.001531302413336960e-01,2.148743523674767064e-01,-3.481670551341606856e-01,-1.614707484999882148e-01,-1.159622345643763902e-01,1.745260645500217866e-01,9.712059482054950788e-02,2.526649410080489822e-01,1.924871513373268284e-01,1.902298635794795190e-01,1.621488128468286105e-02,-1.000418989017538701e-01,3.278961131725506850e-01,2.895917168389984531e-02,-1.893813495787632362e-01,-6.719863226124955791e-02,4.020941424373483675e-02,-1.775051712510719304e-01,-1.997544818675046352e-01,-8.252489452814937287e-02,-1.220242947748989837e-01,-1.408696749069020815e-01,1.228603083878059277e-01,9.501887882528387008e-02,7.082755440547480741e-02,2.789617233975971722e-01,-1.543705631062790018e-01,-6.764668413680013925e-02,1.462675846418129699e-01,-1.901493013775396035e-02,1.171624334700706455e-01,-1.629739326064722771e-01,-3.300429416105635227e-02,-1.119525861350753604e-01,1.127927291998491871e-01,-7.573722835612992088e-02,-7.745578189233114086e-02,9.618856918209216234e-02,1.328453410990865502e-01,-1.296005586966706424e-01,-3.115558111721772883e-01,-4.889789145176070412e-02,4.242650863204488476e-01,5.768527436804255816e-03
-1.599032306670362669e-01,8.380283996135708124e-02,6.938272671220184484e-02,3.107250144971053230e-01,1.747988357195296716e-01,1.360603815830505325e-01,4.456607175657984615e-02,3.950650445797335153e-01,1.822015527409175384e-01,0.000000000000000000e+00,7.208826486760121222e-02,2.892224574978480844e-01,-1.262238153982103489e-03,2.434006335940914756e-01,4.689021274262944461e-01,4.350422677604309230e-01,-3.672113390300095204e-01,-1.153385241848936121e-01,-4.722380919096300783e-02,6.587648056225423043e-02,3.173715363166465520e-01,3.492516764583697420e-01,-3.067084277970259093e-02,2.222228627939384360e-01,2.935653447678064909e-01,3.469231569217530176e-01,5.282334339065022227e-02,-5.612758609601169700e-03,-2.226770527587973170e-01,4.160768613391022802e-02,7.038381629591257405e-02,-2.022411881114523705e-02,-2.140122219377365298e-01,-2.159269917900999147e-01,-4.067335795408227872e-02,3.051826210319043275e-02,2.340813478235165279e-01,2.433955721574288800e-01,3.530436733276570704e-01,4.280137798858625331e-01,-2.737937635868932518e-02,-2.313801490499542337e-04,-5.071424056364682853e-01,-4.016021031447888356e-01,-2.712015220150315042e-01,-4.969915893779121019e-01,-2.899832957133407496e-01,-7.461337631457892750e-02,-5.468139692265270302e-01,-5.232965086333450921e-01,-4.720263047641928278e-01,-4.383978372669605217e-01,-2.472391636232316448e-01,-1.765865394732229476e-01,2.813472907951862587e-03,-1.803142283975201765e-01,-2.760942716772601391e-01,-1.592748144445322867e-01,-4.589499158187466121e-01,-2.565181755089913640e-01,-3.418338635429386124e-02,1.687774446657228089e-01,-4.216672818555777247e-01,3.365860869154441853e-02,-1.245556074271241959e-01,3.158640575404381146e-01,-2.957321211735353672e-01,-4.757046523846845676e-01,6.814818401558959959e-02,-1.555695425293577849e-01,5.330684308508347735e-01,4.951679933870777317e-01,4.308652920931292929e-01,2.868848968214845474e-01,3.787661563128995323e-02,4.008717403683884628e-01,2.501221079948323101e-01,1.251887055165144813e-01,-1.253511046661150430e-01,-9.269540961484390093e-03,-7.428003629096521787e-02,-1.445417115073902858e-01,2.656114623707705458e-01,5.563039514225733007e-02,-1.858792311534468167e-01,-2.710062043732772152e-01,3.539007480862421673e-01,2.853841215986736568e-01,2.894802762806444885e-01,2.482152425317534217e-01,1.741905864374146684e-01,-1.090571590111170108e-01,-2.954234010986185321e-01,1.541316463390588198e-01,4.406805789922069172e-01,3.924131651692364664e-01,2.654627311919420807e-01,3.918122514006416868e-02,-2.710542727929464712e-01,2.160842058832428136e-01,1.499046966612168352e-01,2.350932361187377251e-01,-1.036273132800104996e-02,-2.555234212853407794e-02,-3.048070436811872175e-01,-2.047475025221299483e-01,2.743109916268714477e-01,4.405858461719419639e-01,-3.947605911851781446e-04,-2.396581086339960587e-01,5.624854194991836531e-02,-2.861256575562577398e-01,-5.690139329245002403e-02,-1.557385088003963580e-01,2.967884618857422607e-01,1.830023925782280625e-01
1.701480702798288946e-01,-3.099434388125710815e-01,5.154912293417888980e-02,-7.786193583622649794e-02,2.114725929234456125e-01,1.509406140786192507e-01,1.506847577900612134e-01,-1.026779372824632858e-01,1.431097840692373002e-01,7.208826486760121222e-02,0.000000000000000000e+00,7.597175750701162800e-02,6.788932180843976205e-01,5.589841618832009501e-02,2.538023623574059418e-01,-3.841530706755139080e-02,5.042797997568804202e-01,3.976004729917743258e-02,-2.965187965499342382e-01,-3.513432359711760600e-01,-2.682733129591913790e-01,-5.623265192365493187e-02,3.735627275794048407e-01,1.155944101209808172e-01,1.584581754000397857e-01,9.933485793318484747e-02,-6.972291061333943385e-02,3.031855715933827189e-01,3.659004466494408803e-01,2.766065906956244880e-01,6.040555222224009979e-01,5.275309234943860170e-01,2.673767071066280310e-01,2.388338579876632117e-01,-3.369278212837739650e-02,-8.956366067538900147e-03,-1.422440024035146744e-01,-2.300590492036451162e-01,-1.876244313923270957e-01,-3.680628145426378395e-01,-2.627151989062806448e-01,2.581707256828661423e-01,2.377010691110388596e-02,-1.244436339793895258e-02,-8.470043084020163759e-02,-2.459022672062078640e-01,-1.002536689137036030e-02,-4.189896098939566854e-02,2.581598228832208686e-01,9.418494249280009089e-04,3.557863302873374711e-01,5.056967092387140705e-02,1.257057600875433612e-01,-2.191512097452849583e-01,-4.757981581801087184e-02,-2.290865727846259914e-01,1.377651451900739898e-01,-3.300699613638183871e-01,1.550109820730667942e-01,-2.549953492750765549e-01,2.552375299292737321e-01,-1.589276566676667279e-01,5.688737343607155328e-01,2.155166633844751434e-01,1.579225376177657847e-01,8.907376031055276588e-02,-1.328483464524838308e-02,-8.164335545970282867e-03,-1.915840681570724624e-01,-3.065949190805118962e-01,1.417024702137202607e-01,6.138809612669846039e-02,-4.318527489857760214e-03,-7.984754036312199932e-02,3.565296289571601163e-02,-2.864778691933009269e-01,1.160066195123430309e-02,-7.822336487049745546e-02,4.439944577339540177e-01,2.835596740769367671e-02,1.961736606398476745e-01,1.862960063590920479e-01,-3.110371637747262885e-01,-4.379208337586188438e-01,2.560681165746467869e-01,-1.630697533039634495e-01,-1.402883714785716773e-01,-1.714189697316698402e-01,1.092637813875569318e-02,-2.090709517355197888e-01,-1.110874298086375056e-01,2.549474977947640067e-02,5.386747412326830381e-02,-2.464396740694091148e-01,-3.951508574843468624e-01,-3.024654332466216733e-01,-3.342023067986271134e-01,1.220668840580407116e-01,-1.317601342670988440e-01,-5.964400216641940755e-02,-1.353506839584962262e-01,-1.012451861867391251e-01,-1.673358876562654474e-01,-2.651033006900302413e-01,1.936545023213881167e-01,2.266308756171221961e-01,6.168921211290384621e-02,-1.615383321174845843e-01,-4.727948781949781187e-01,1.176734024952957730e-01,-8.623299639658983662e-02,-9.102880415477322684e-02,-4.068416767348490559e-01,-3.294058175976689040e-01,3.625645763913385999e-01,9.846068973522947854e-02
-2.099466476316227959e-01,4.206132685143992300e-01,-2.048690110443689150e-01,5.485200192373635986e-01,1.166295420969252344e-01,1.131170461408536609e-01,-1.246119517413160765e-01,8.567229340700222018e-01,5.201858509477327863e-02,2.892224574978480844e-01,7.597175750701162800e-02,0.000000000000000000e+00,-2.435571162714769700e-02,6.567994043110032543e-01,-7.963628116644630439e-02,-9.948743012852699630e-02,-1.194042011735141351e-01,5.757945996349452811e-01,9.473832395531391060e-02,3.858061886365208859e-01,-2.271299205699403301e-01,-2.315294618035785568e-01,3.159915440888085847e-01,5.096115216382490765e-01,6.898126692980759145e-02,5.818430570019156312e-02,5.989715518402882050e-02,1.473648873836331530e-01,-3.051161362332188709e-01,4.392706992776461150e-01,3.824671048808072626e-01,4.165978377345956329e-01,3.847115939243785365e-01,4.753131646408900735e-01,-2.234900779149853745e-01,-1.006841189022287392e-01,-4.363342892723090505e-01,-2.813456891157513629e-01,-3.716187724892877076e-01,-2.165396612624174988e-01,-3.368805809671729934e-01,-1.865678681326120303e-01,-1.736351337205388756e-01,-8.112191406724113263e-02,-1.230157148713292292e-01,-2.620187913260724755e-01,-4.994820976299313986e-01,-3.486534405899704425e-01,-4.608387796770189726e-01,-2.258755127655827366e-01,-3.375484750613736984e-01,-2.382934160130987244e-01,-2.558992615296882267e-01,-2.129364240628838223e-01,-4.192562237981412587e-01,-4.281960792041946129e-01,-2.739629472269007882e-01,2.738416551941429966e-01,-4.284907883031088272e-01,1.104440962411175065e-01,3.786972644304616165e-02,6.914573435180769723e-01,-1.240315195948348409e-01,6.907339395971783258e-01,-2.581479093468519448e-01,5.789262911955836977e-01,-4.561898727873104908e-01,-2.918401523416959131e-01,-6.761393804177491529e-02,2.615985832048631308e-03,1.939103359230360535e-01,3.896369944864808699e-01,5.968367507990341575e-02,2.957878789014149468e-01,2.623755061466846450e-01,2.425293672872401718e-01,2.484970592982481408e-02,2.968002523038525409e-01,-7.852579398828196666e-02,-1.884657505662893154e-02,-4.855351789401423090e-01,1.360655667488514520e-01,-1.759994360368461186e-01,-2.413871463940885365e-01,-3.273229616868862935e-01,-1.253188845280674146e-01,-6.135193831304076167e-02,-6.975145013809366801e-02,3.326512988459423559e-02,-1.084946213992592917e-01,-9.060875548147299952e-02,-1.077342305280882540e-01,3.673095695712350495e-03,-7.560679089285911314e-02,-1.365323125450417230e-01,1.040447442428268088e-01,-3.275619215831485631e-01,-1.560875194082016193e-01,-1.983837616787254010e-01,6.163169180815220721e-02,4.380456395644710677e-01,-1.283406820863179365e-01,1.036076231276396864e-01,1.296681545671426738e-01,2.126628861540274529e-01,2.792577675054974673e-01,-1.042727663287482398e-01,-2.442642079654953891e-01,3.792304014845902793e-02,2.249774813631439940e-01,-3.063609741004122422e-01,9.780534494885298469e-02,-2.901753583106289058e-01,6.997370177202019703e-02,1.875518141031914110e-01,8.539789327634580984e-02
1.553310167267983599e-01,-3.662797169794253516e-01,2.174210327685409394e-01,3.857852997267743195e-02,2.372547720158045270e-01,2.330065154805323613e-01,2.749272468744909381e-01,-1.054699036043482419e-01,2.215165720741131827e-01,-1.262238153982103489e-03,6.788932180843976205e-01,-2.435571162714769700e-02,0.000000000000000000e+00,3.953973892078971319e-02,3.828367847021664772e-01,9.514467380812720310e-02,4.158168425745563113e-01,-2.450550239221129523e-01,-1.385083760697449207e-01,-3.300047254054338519e-01,-3.856441110152876439e-02,2.891729750841157687e-01,3.318098340360056686e-01,8.807477061829807607e-02,2.463943760556349671e-01,1.827514434997667414e-01,-2.865824129442805512e-01,1.744314467946778135e-01,5.012940745789135066e-01,2.332312318543051377e-01,2.511320333133776894e-01,1.815415357260252716e-01,-1.411150881962931203e-01,-1.500839928189505734e-01,-8.907867658581049286e-02,-2.362892100725511590e-01,1.928287087097812491e-01,-9.838271907204753156e-03,9.202982905230998323e-02,-9.095945928173083950e-02,1.071465215389112539e-02,3.440820082901331900e-01,-1.585580437839078372e-01,-7.472084181792434943e-02,-2.820206165453994496e-01,-3.043441720868354516e-01,8.349403391845450217e-02,1.407450532403783650e-01,1.613998885075807188e-01,-8.748962489183142663e-03,2.414475826199229680e-01,-4.583964337893210728e-02,1.013605022861224225e-01,-8.361321069530743000e-02,6.429247298352909999e-03,-7.118733629764088799e-02,-1.723238799155509676e-02,-4.870853394153047966e-01,8.337081315578713514e-02,-2.868383232483452394e-01,4.292493105108963203e-02,-3.280187356596669379e-01,2.335986966276522026e-01,-1.154899418680547241e-01,3.674963563358182861e-01,-2.028439621644339830e-01,-1.258288860854531455e-01,-1.682409589402128203e-01,-2.180945422768222064e-01,-3.361456653251180815e-01,9.063610512719495055e-03,-3.740851790978582531e-02,7.891570905548661585e-02,3.534547457802934139e-02,-1.494498670341007363e-01,-2.577614856309514146e-01,-1.100184317406237428e-01,-2.179909093228664940e-01,4.075565895298941532e-01,2.132435073880867282e-01,4.450654376394332923e-01,1.610503711070486732e-01,1.542372265426298315e-02,-1.809914838194821296e-01,3.488292582971928568e-01,-9.927823700537061202e-02,-1.164354218395264179e-01,-7.581033350008777039e-02,4.602406870833692515e-02,-7.495342865925402019e-03,-3.208151498321684669e-02,2.439792380657846149e-01,-2.138862747029837696e-01,-1.217457749298457015e-01,-1.404224138936371324e-01,-2.457801518996456935e-01,-2.397413906827583832e-02,1.359092782574488067e-01,-1.006748560158965827e-01,2.946195049126037330e-02,-2.662960347734133482e-01,1.435306774949964281e-01,-1.543216709342032644e-01,-3.031726156762780677e-01,-2.250766672323781803e-01,-1.864079336694311473e-01,-5.547649931904385240e-02,1.498825146341672618e-02,-3.110594154926350496e-01,-1.544965868246283014e-01,4.320975676985227415e-02,-3.047052891595437019e-01,-2.290327909264378847e-01,-2.114791775650626537e-01,3.563894839316413266e-01,9.369785863100776879e-02
