0.000000000000000000e+00,3.958503330652572427e-01,4.875064673565894235e-01,3.813348539486647315e-01,-2.479472864395056431e-01,-1.149296113985099760e-01,6.641970869678281986e-01,2.780530297139047202e-01,-4.097011884975815810e-01,-3.632573234921667171e-01,7.367258920307376835e-01,6.320707240486680423e-01,5.904705977130889627e-01,1.894724797567256813e-01,-5.498197045168593672e-02,-2.312745165376321743e-01,5.779603010254285023e-01,2.912344184245663770e-01,6.429445824604289594e-01,5.129721805651302757e-01,1.351360279571315604e-01,5.891255841375683810e-02,5.655618098218754275e-01,3.164635148350116167e-01,-1.026530210390815961e-01,-1.546054917035224463e-01,-6.989851981507892720e-02,-2.951394910850831804e-02,4.732755503164913780e-01,4.650354725084936969e-01,2.065097574823936410e-01,8.112325719913553168e-02,4.764980740053618713e-01,4.908887435654458176e-01,-1.268394267675374554e-01,-9.153141365555983455e-02,2.754099728943142367e-01,3.117580145827509308e-01,2.372982562018378649e-01,2.295297223608873949e-01,3.993675684982954111e-01,5.087894979222242764e-01,-4.085634389936778632e-01,-3.626358906103507307e-01,-6.010506750240353357e-02,2.991827375310121898e-02,-3.352198759539283257e-01,-3.810157733518481082e-01,6.386671622787952474e-02,-4.847336586399261793e-02,-3.016498560758403835e-01,-3.359309062403553203e-01,-3.574943282230150232e-01,-4.806641698599609103e-01,1.032369282110102426e-01,-2.752495141024280945e-01,8.011671738530619091e-01,3.477426191320300286e-01,5.553854569568675847e-01,5.198593989585504893e-01,6.970495031759033067e-01,4.166397447768850348e-01,5.477469986395073764e-01,2.489239576426289235e-01,1.990671911894542068e-01,1.343649683066265033e-01,1.528068116546432154e-01,4.846510411773926469e-02,3.161284023415877886e-01,1.394939971867654449e-01,4.822568538446008746e-01,2.283274747874960708e-01,4.245799166385124668e-01,2.487559693745465816e-01,3.277546762259826996e-01,2.073809141999871652e-01,3.173691504697084831e-01,2.936813546622636939e-01,4.392502438705209178e-01,-1.044330320035137495e-03,4.727602664970358970e-01,6.121758438334214125e-02,2.979140984524157321e-01,2.521152065016230015e-01,1.143593441494404200e-01,-2.798793753994601730e-01,1.531109745508354159e-01,2.214144092958316157e-01,3.974276155660246695e-02,-1.604172139434815458e-01,-2.932849632967805542e-01,-2.695538665720424443e-01,-2.321470497758134910e-01,-1.683762195387246974e-01,1.943329681711124524e-01,2.911389411309242004e-01,2.258667001205570679e-01,5.603931545735146846e-02,1.750694368570686332e-01,1.669671205744743814e-01,2.391931484083267834e-01,2.124626270895576263e-01,4.145580196619631508e-01,3.863442354100025677e-01,2.689713433122957187e-01,3.157213471311600683e-01,1.690026103648151479e-01,2.606469794012938879e-01,3.325057431599512392e-01,8.733591280737461326e-02,5.188351673750848242e-02,-1.099458350363864134e-01,-4.348957679478965277e-02,-1.696264230427171893e-01,-3.368270379632749001e-01,3.982100813412611240e-01
3.958503330652572427e-01,0.000000000000000000e+00,1.018656616403781912e-01,3.630187256229081005e-01,-1.592255572023611732e-01,-3.403061409627073930e-01,6.640388552697869262e-02,3.914349492292586996e-01,-4.815305299773007808e-01,-4.304281418744245746e-01,2.180513592174130877e-01,3.344520304188492443e-01,3.446183682906031609e-02,-7.086517500180980478e-02,-3.082192391713354795e-01,-5.005859346534564658e-01,7.402402369566900286e-02,5.393704759691865247e-01,5.080078821607394435e-01,7.214101803747081654e-01,-1.915018971362227873e-01,-1.972449569134726854e-01,8.916077955594499393e-02,1.817695109311482926e-01,-2.526281106018619660e-01,-2.915568586318599276e-01,1.774327367531697563e-01,1.771794357868787702e-03,-4.770971276766013472e-03,2.239630680151151465e-01,2.419029625985971016e-02,-5.084897920148213901e-02,2.575795941553282731e-01,4.085566743095653264e-01,1.660713970754235103e-02,9.233973668450237704e-02,1.644641393798428053e-01,2.104018438041825589e-01,2.403973000823457218e-01,-9.269859666548545263e-02,2.307652365796339020e-02,2.296961596462536448e-01,-1.289453927995593274e-01,-3.799216579183322534e-02,-1.574906881915081810e-02,1.321979110388339373e-01,2.360397398680083580e-02,-9.818553175255149978e-02,-1.140283086584892025e-01,-3.353278007301990771e-02,1.128630676866275578e-01,-2.647477991386013585e-01,2.231382003403427072e-01,-4.039535901202405133e-01,5.744693721251802332e-01,-4.046184114758041850e-01,6.301864492478195245e-01,8.676792778548406693e-01,3.227141079902271503e-01,4.616307761167364743e-01,4.169885926491036510e-01,4.421162591232739580e-01,4.082599806357475880e-01,4.720765579726536876e-01,4.881976958066883143e-02,3.941058865681641016e-02,9.257958577968077030e-02,8.761452822620487135e-02,3.681759549141820353e-01,4.662178049144682923e-01,2.475944943536024234e-01,2.007770024809681086e-02,1.041283507581686613e-01,-2.221893285033377708e-06,3.218003492953971922e-01,1.344026291657921535e-01,2.206902871904752039e-01,1.372566519558016951e-01,3.165082118478316220e-01,-1.736572855850745389e-01,5.173038658870362516e-01,6.668630805421806550e-03,2.756328281216737230e-01,-1.199593458418448666e-01,4.882364685203708921e-01,-5.806096071244523094e-01,3.741609949940203350e-01,-1.833614143571218047e-01,5.343772145775099736e-01,-5.926045164773369178e-01,2.967556632638725933e-01,-5.128840484899257479e-01,3.006786813558114391e-01,-3.973944963338383873e-01,1.356969798730938981e-01,1.661042001347915742e-01,4.240158994220959987e-01,-6.358044625855155396e-02,4.976877918289581149e-01,8.767646122087933980e-02,6.322858436500059520e-01,-2.793284489971690210e-01,4.444197134115907555e-01,-1.980059864736985475e-01,5.784503500251981789e-01,-5.117923628336566288e-04,4.034201299667939944e-01,-2.427415947209703995e-01,1.121866037041129027e-01,-8.319933675453654309e-02,1.539023948483962678e-01,3.219055317011028650e-01,4.736420877955416914e-02,1.172806565505604692e-01,5.876275700247497735e-02,2.078817008319553405e-01
4.875064673565894235e-01,1.018656616403781912e-01,0.000000000000000000e+00,6.088789658214698308e-01,-3.236597680238358365e-01,-2.295914142849432571e-01,7.349078598166264298e-01,3.560101257190640966e-01,-9.849767719642169017e-02,-2.718516984687713856e-01,3.170515486292559415e-01,1.680074768112529704e-01,3.406741506016376930e-01,1.641557937429142522e-01,-2.098761935983948501e-01,-1.092939715018860086e-01,3.125404197129684203e-01,-5.833834352188989325e-02,3.652396988577327197e-01,3.130606818593130170e-01,8.865577375617589295e-02,-1.887084860143309617e-01,6.566750369132898779e-01,6.040358266128816878e-01,-2.076238106781731485e-01,-2.985908168770471383e-01,-1.530849732192712254e-01,-1.854671981272890124e-01,3.057061450395067714e-01,1.661754837372805826e-01,-7.614962820825675605e-02,-1.463293415116045104e-01,3.264963615506072947e-01,2.666884163912080496e-01,-4.249372920631985101e-02,-1.462101022014747065e-01,2.312004744669889089e-01,2.155182542047359151e-01,-8.914188463592270795e-02,-4.584882900595804028e-02,1.188397294635804707e-01,1.162648379775887281e-01,-2.292772080614567387e-01,-2.787838673559626668e-01,-2.018058095021822707e-01,-1.644497842793925524e-01,-2.632767738902314636e-01,-3.082798112022727688e-01,-1.564030962522464652e-01,-2.371741582446611762e-01,-1.921801590863031484e-01,-2.331648859559271036e-01,-1.176521851187264517e-01,-2.020979005978922882e-01,-2.329870162183791116e-01,-2.636195505462956001e-01,2.484697406300619693e-01,8.976342676055310693e-03,1.165296532055621198e-01,4.618080272956679583e-02,2.427508118819746430e-01,9.690686938833216468e-02,4.030394334724747563e-02,1.235117736782612337e-02,4.018722137551143381e-01,3.374605183989776852e-02,7.417122032109069174e-02,-2.040266169534373994e-02,9.344522325731814683e-02,1.272231051597693952e-01,6.118444088438799305e-02,-6.805829723181412716e-02,8.298969747325342372e-02,-1.497029482704691494e-01,-7.867915758087521208e-03,-1.598037557219692817e-01,-5.690969851357682158e-02,5.065038933042569080e-02,2.204927398389817106e-01,-8.340345150950592701e-02,2.004301396973089955e-01,-6.794501816812278938e-02,5.340675284147258089e-02,1.068791615998732070e-01,-1.703512669846946326e-01,-3.214993375634424000e-01,-2.660443770357716065e-01,-5.478368843628000917e-02,-1.645394911517090442e-01,-1.392911515357340702e-01,-1.191062652432461899e-01,-1.347099513309016616e-01,-1.270878243544253106e-01,-3.052639455755971204e-02,1.119997402133839776e-01,-7.443996233538686946e-02,1.139903650698058518e-01,-1.079528625533683200e-01,-4.615574324826458852e-02,-1.475026029127539662e-01,-4.893548152106600574e-02,-3.910660995767874237e-02,7.145813467565689803e-02,8.245887966568049565e-02,1.198071680940007155e-01,8.562434352828589279e-02,-3.932662893113579583e-02,-1.252533767914754126e-02,3.308503088258468727e-01,1.381530427154657181e-01,-2.052471130804780358e-03,-6.561454104286655598e-02,-5.480532749717649532e-02,7.899966670419528159e-02,6.063936137974495350e-03,2.500893597555410852e-01
3.813348539486647315e-01,3.630187256229081005e-01,6.088789658214698308e-01,0.000000000000000000e+00,-2.436821656304987149e-01,-2.280160361315367867e-01,4.776329771107467592e-01,7.048839110657577622e-01,-1.599114205993514559e-01,-2.825480952117309652e-01,1.330443742659692952e-01,2.971858417130264218e-01,9.804472239281840362e-02,7.397330478403742193e-02,-2.374557143441456963e-01,-2.676180719367111105e-01,-2.167158747678762584e-02,-5.007079222247991235e-02,4.471524307242711882e-01,3.756791986821279572e-01,-1.057947567191973720e-01,-2.709571018474060677e-01,4.425034065335785027e-01,4.558315872217903464e-01,-2.262240472080659093e-01,-1.994349283785994964e-01,3.722826870969307700e-02,-3.725499203632692130e-02,8.696364618488425235e-02,1.358251400463651726e-01,-1.785213083729124683e-01,-3.041248901128931759e-01,2.590985097233650114e-01,1.967068095983400267e-01,-3.476463488516842032e-02,9.791109480825321842e-02,3.675267425085574913e-01,3.649684798968634847e-01,-1.120754900826064770e-01,-7.318598029269429706e-02,-9.496844997996519572e-03,8.698772225343062714e-02,-7.528199408981252339e-02,-1.879936700405572814e-01,-3.684986930203162370e-01,-2.005784224214338662e-01,2.572624534000809982e-02,-1.071295969716353769e-01,-3.666126419497787170e-01,-2.353912134309684157e-01,-3.272378033410917181e-02,-1.903772789326772519e-01,2.261684178296018144e-01,-1.287626805508902683e-01,8.035029279702267380e-02,-3.624787143845203952e-01,2.420775516120113324e-01,1.425110690408561975e-01,8.307637990245682336e-02,1.571312106273837494e-01,3.095293965633176270e-01,3.205399300613811508e-01,-6.036082438061656300e-04,9.700789892861964858e-02,1.224418241442993410e-01,2.364845160423631465e-01,-6.069226108871116077e-02,3.116701697656737435e-02,9.495233669483871264e-02,1.789069797977857756e-01,1.006035078468970750e-01,-2.248312992833429447e-01,-1.534808464547923745e-01,-2.800839834983236964e-01,-8.980173794813046950e-02,-3.120921056315806297e-01,-1.791586541682150049e-02,9.315681135384350220e-02,2.278453533504872230e-01,-1.933713912405082835e-01,3.013110436389485058e-01,-9.422269182587900138e-02,7.185379727004893857e-02,-9.077854441345328124e-03,2.250302891505011060e-01,-3.666333230145558675e-01,-1.124071510988851469e-01,-1.602359832921431415e-01,2.738668528493451437e-01,-1.437052849311040992e-01,2.524930672703137868e-01,-3.472098203310041709e-01,2.624702552665376110e-01,5.273809758105826861e-02,6.008544234336777451e-02,-3.243270724640347213e-02,2.140568870064554485e-01,-2.002329713091527963e-01,2.672810117124008178e-01,-2.728716545782456371e-01,1.237340318063042399e-01,-2.257598633129741794e-01,4.173449516400616621e-02,-1.015639480102640130e-01,1.555807894848771911e-01,-1.177353652508239951e-01,-2.785268411449479814e-02,-2.817189175239400711e-01,2.300118940472036244e-01,3.394884391949847067e-03,1.919014566267608080e-01,1.808027535737134484e-01,5.159538887423866654e-02,9.655100537813367245e-02,2.289073675586990320e-01,2.425150641697528253e-01
-2.479472864395056431e-01,-1.592255572023611732e-01,-3.236597680238358365e-01,-2.436821656304987149e-01,0.000000000000000000e+00,6.868496924526517056e-01,-2.048728797406762225e-01,-4.050291174212999890e-02,5.893528271519542505e-01,6.484589568086577271e-01,-2.083381561801640469e-01,-1.136757893969866096e-01,-2.139943007390058549e-01,1.826685346615870564e-01,5.666062663682612799e-01,4.444938105342979284e-01,-2.880081485350507453e-01,-2.607719268372026833e-01,-2.308487867136738980e-01,-1.381696352394535532e-01,3.584244236048998999e-01,5.680988462458880228e-01,-2.799876447184718731e-01,-1.091019637239959289e-01,5.967026400120085672e-01,7.736063795785227404e-01,3.572460038176233366e-01,4.539800194371793607e-01,-1.318226677760732102e-01,-1.349407140301103931e-02,1.908249514980151218e-01,2.242184141778540973e-01,-2.505864974420972738e-02,2.571137269841017314e-02,1.217153772365169584e-01,-1.471795414308391288e-02,-2.471956637134513357e-01,-1.473607537920899047e-01,8.959471223856387001e-02,1.682323124090734923e-01,1.748050875864737286e-01,6.982682114588453781e-02,-7.832542306548481714e-02,2.053205608603473828e-02,-1.881711144842665717e-01,-1.376475520859334889e-01,-7.256055705613183304e-02,-3.451425036426158943e-02,-3.474047793037018939e-01,-1.785264607495108680e-01,-3.446899602208071678e-01,-1.488446287987412187e-01,-1.506980309658946526e-01,2.439179980969921960e-02,-1.199413614547881202e-01,2.606592573111756253e-02,-1.707136405178646399e-01,-1.043374562034988517e-01,-1.202564166896443326e-01,-8.172392727246777233e-02,-9.170939156808466733e-03,-2.492959922140955062e-02,-1.649351917715355664e-01,-8.548450359878061178e-02,-3.304572400728238851e-02,7.424169619144237176e-02,7.387598250718246939e-02,1.739282413093015678e-01,-3.322769835248241127e-02,2.675886515723297984e-02,-2.820876259873673561e-02,2.352578637925542282e-01,9.653759401917913485e-02,2.474884385180500801e-01,8.838335662392712844e-02,1.488334311004343158e-01,3.604362400906123420e-02,5.197263702887051917e-02,-3.682039424923274629e-01,8.607463194761601905e-03,-2.946517759946491455e-01,6.767050184741535412e-02,1.014314706338194094e-01,1.696248343259264546e-01,2.114869589516554446e-02,9.342014796032176160e-02,2.233898579548282692e-01,1.437319291829989298e-01,-7.876344737251923800e-02,9.558680020535159638e-02,-1.324001508725163312e-01,1.972222058228723096e-01,-1.134449598160904848e-01,5.699164282836143708e-02,-3.635394352131075292e-03,9.918413696145596259e-02,-7.836487057351110286e-02,1.367452339470519029e-01,-8.004339599010396045e-02,1.647683967616111744e-01,-8.369666345320631029e-02,1.883499104401917812e-01,7.628746417525715529e-02,8.439676754595923369e-02,-6.846197726408477513e-02,2.193230318498474649e-02,1.380807747365206117e-01,5.158005020189686089e-03,-3.286649489300913583e-03,3.248672462135131223e-02,-1.762555743632492067e-01,-3.338467028412616527e-02,1.616232656833503367e-01,-3.057624817724478167e-02,-9.580357210074123830e-02,3.755728378109180615e-02
-1.149296113985099760e-01,-3.403061409627073930e-01,-2.295914142849432571e-01,-2.280160361315367867e-01,6.868496924526517056e-01,0.000000000000000000e+00,-9.715297444434291274e-02,3.353805117574396033e-02,6.011920634025184063e-01,8.684187470592262814e-01,-7.858199565239760986e-02,-5.570377695803550161e-02,7.677802430970492864e-02,3.137744973722803588e-01,5.105436250703306866e-01,5.199100995586658502e-01,-6.240517961638018113e-02,-1.238123372439027536e-01,-3.383474182765911498e-01,-4.446823723276322471e-01,2.556004738733196335e-01,4.106529361382912913e-01,-1.847434134343579892e-01,-1.584063524821431590e-01,4.836429800696371850e-01,5.888509193522615259e-01,2.831678274612490775e-01,4.796314521216397675e-01,8.916336159874461986e-02,1.137499827285510523e-01,7.633389161671065570e-02,1.391641679783532952e-03,-8.808370852421291974e-02,-8.029935314487895992e-02,-1.774887845311102011e-02,-2.708771493212225323e-01,-3.981188687417960836e-02,-5.985135312731794388e-03,2.413764507830676656e-02,2.347405591776396128e-01,2.521979532309065464e-01,1.322900419698696817e-01,-8.860927001861364227e-02,-7.903334730970615341e-02,-2.027386794540847748e-01,-6.968521583448995804e-02,-1.037440905440786404e-01,-9.158250290086872303e-02,-3.041604319345736496e-01,-1.759760447478278811e-01,-4.124618873113101158e-01,-1.436599920543094877e-01,-2.352479267893884396e-01,-6.582328372811808992e-02,-2.710916126378632995e-01,5.946998383891224926e-02,-1.383069383849078460e-01,-3.679496619973192661e-01,-2.320062071409588755e-01,-2.447325651516727707e-01,2.564507427828813333e-03,1.047357058050177791e-03,-1.808181102895429770e-01,-1.474305545682500218e-01,1.270435045651099604e-01,2.391516010285333893e-01,-2.675582077279517468e-01,-1.967098080039303976e-01,-3.886418267403589089e-01,-4.567656731256725111e-01,4.552721913922685298e-02,7.979001487862369402e-02,1.444380669383814597e-01,2.142753577389176767e-01,4.889734654378864731e-02,7.855682111763238537e-03,5.429859772230860582e-02,-1.105622376352240937e-03,-8.829480193327410298e-02,2.509315625172346409e-01,-1.353338839070971356e-01,2.322735364514096346e-01,1.114385899198453399e-02,1.359541508706291757e-01,5.507459727197292626e-02,2.431683906870792111e-01,5.215411197673269772e-02,1.291777933648925181e-01,-1.087515407894805997e-01,1.712547736760915984e-01,-2.716741799857075867e-01,3.256449537109493836e-02,-1.729150021236567636e-01,6.396000779314523280e-03,-1.023438527442493973e-01,8.567120277311768284e-02,-5.857143588525678957e-02,1.302508041417126949e-01,-1.041163842532849548e-01,1.370798686455717008e-01,-8.365761798633154778e-02,2.320569446843984973e-01,5.876632887363424096e-02,8.614192095037065400e-02,-1.829853722295714524e-01,1.550842725981006476e-01,1.377988520526551679e-02,5.480331366006681998e-02,1.957192813803022846e-01,1.284293959317982063e-02,-3.323468257290647099e-01,-1.203931201796463873e-01,1.071724216324648898e-01,-7.146910215334036087e-02,5.080302835726303867e-02,1.221357092718103887e-01
6.641970869678281986e-01,6.640388552697869262e-02,7.349078598166264298e-01,4.776329771107467592e-01,-2.048728797406762225e-01,-9.715297444434291274e-02,0.000000000000000000e+00,4.924880070692513323e-01,-1.514049681658366231e-01,-2.302897960690718226e-01,6.622046463049793275e-01,5.295020094483682271e-01,6.225254792714076668e-01,3.376270455302970985e-01,-4.387319914699918527e-02,-1.096169974458565122e-01,4.653583611690299549e-01,5.147928307128401409e-02,2.390637306478118618e-01,2.509226979587603767e-01,9.563595875710395947e-03,-6.216383887205442077e-02,7.191216059659624182e-01,5.196306653270470477e-01,-1.014422230415256143e-01,-1.187127140706746714e-01,-1.256181868245216660e-01,-7.845109293381198612e-02,4.257021459052041101e-01,4.351296117490245918e-01,1.302776765711349261e-01,6.211598166163600360e-02,6.558823160452651457e-01,5.910926822236169942e-01,1.356939389744979277e-03,-1.849584259555365762e-01,2.383745240166762480e-01,3.493638940355140443e-01,-1.399090142445287219e-02,1.883429468706151744e-01,2.767704993944690717e-01,3.419641798497580765e-01,-4.685471546282109490e-01,-4.301174196519728654e-01,-1.775055872288479053e-01,-1.442016673679198668e-01,-3.203498375554603705e-01,-4.070466090334895481e-01,-3.648345050713620169e-02,-1.731881287014721826e-01,-2.484822648608233098e-01,-3.044250734931868152e-01,-2.758691117677449789e-01,-4.401848083072447682e-01,-1.162051776946262105e-01,-3.587143434942680065e-01,3.686074726138993674e-01,5.728753756814986388e-04,3.363788425937847548e-01,3.108724166509613807e-01,5.976198934194052459e-01,4.702270906280813234e-01,2.743540309302286428e-01,2.128271702221171402e-01,4.725933749834721476e-01,4.229947612431366188e-01,2.390779382837695255e-01,2.038227616235538386e-01,2.845111351029354016e-02,8.228443310804055277e-02,3.571183605586741860e-01,1.361131684431116373e-01,2.488080262475790561e-01,1.687816901142332737e-01,2.559798579742637026e-01,5.675725804201363356e-02,1.883474735621330776e-01,2.865204786310492358e-01,2.730466571536827591e-01,-8.841069239609368469e-02,2.403156438330417144e-01,-4.538790286499833071e-02,1.543842473978661034e-01,2.259100908557767073e-01,-2.434410068494889320e-02,-2.934335380584234820e-01,-1.059715535912986693e-02,1.917469367708004302e-01,-1.314954466803612276e-01,-2.116605291621226070e-01,-2.069689496694720465e-01,-1.521148269611722059e-01,-2.045870259419803883e-01,-1.874817324257004592e-01,4.303688868483575986e-02,1.120791322661039702e-01,1.918370161295806023e-02,-7.119679734347440780e-02,-1.272067312320396826e-01,-7.662700869013112925e-02,-3.454617387342611562e-02,1.128148215703006843e-02,2.141182347619060289e-01,1.523646042107590359e-01,2.306220580965450406e-01,1.367135486241810305e-01,8.737528901112115443e-02,3.460842872429309436e-02,2.572313273890596830e-01,6.599694693400167712e-03,-9.449903103030334039e-02,-2.880953747717845959e-01,-7.934030367798362848e-02,9.857235392958907383e-02,-1.164277604847533121e-01,1.511252450072777254e-01
2.780530297139047202e-01,3.914349492292586996e-01,3.560101257190640966e-01,7.048839110657577622e-01,-4.050291174212999890e-02,3.353805117574396033e-02,4.924880070692513323e-01,0.000000000000000000e+00,9.751720093581913232e-03,1.374420048605636165e-02,2.216779247911379869e-01,4.283703812815209400e-01,1.574958322229921825e-01,3.508119789022944301e-01,-5.251785018221804408e-02,-7.797392759037329035e-02,-5.676880293540616240e-02,1.623857487864730775e-01,5.960240957780191945e-02,2.273414152799923260e-01,-2.426650171119340005e-01,-2.886205502439606052e-01,1.694691478071549406e-01,2.425173160779683090e-01,-1.284553657648059288e-01,-9.462813279679570255e-02,6.105737975786892230e-02,4.402298234681117223e-02,7.173898217836760516e-02,2.288882425272263099e-01,-1.276670053411864958e-01,-2.666062821623171875e-01,3.742481948435217309e-01,3.805023195824174809e-01,-9.346919167143875884e-02,-1.289465887140779088e-01,2.053700780590752284e-01,2.889665131626025230e-01,-1.161514766337322369e-02,-5.320191008497597573e-02,-2.347170984358906004e-02,5.714286796201088064e-02,-1.883663662852295972e-01,-1.716079516024494045e-01,-3.456507885026903204e-01,-1.154045035250370888e-01,4.943736776194356669e-02,-1.221226619369212424e-01,-4.024476234575444233e-01,-2.146476233810520606e-01,-9.170178469264579635e-03,-2.765469390841690522e-01,2.335625709101109559e-01,-3.177397440140229401e-01,1.390040512880872658e-01,-3.785807122591443585e-01,2.040160232472912616e-01,1.266108132696451283e-01,4.952804213797987881e-02,1.582312427041004665e-01,4.679408350489499546e-01,6.833336570146418820e-01,9.086235556988482565e-02,3.727447691862747492e-01,1.699192723216425560e-01,6.251191487323057849e-01,-1.834193918486300146e-01,1.431939106623689520e-02,-1.293421883636149683e-01,6.182436855893543720e-02,1.535032071953410793e-01,-1.166605259167263625e-01,-1.389200033073950402e-01,-1.707597772798062630e-01,7.684654089746631445e-02,-1.168462868054452181e-01,6.476606448147413653e-02,7.433051214296639009e-02,1.976801594465144585e-01,-1.746689069584192178e-01,2.847876671504124269e-01,3.547046686927316644e-02,9.826782989651479394e-02,-3.738347483182360986e-02,3.625413804306330534e-01,-3.039860490243074254e-01,3.760658999411252423e-02,-1.405192938158096039e-01,3.587765422034205898e-01,-3.836031040985208862e-01,3.148947762034264297e-01,-4.145257877999754537e-01,3.323440156463757789e-01,-2.741845423938500392e-01,-8.092889022669516597e-02,5.759067295067798326e-02,2.453553901895566824e-01,-4.862563653730865576e-02,2.509210821535266533e-01,-1.488450866303432929e-01,2.298325175490248673e-01,-4.069585624439623905e-01,8.921410626571837921e-02,-3.310777376045693221e-01,2.533136276379281959e-01,-1.499583936707007681e-01,7.510423104307674402e-02,-4.071421450018663513e-01,1.189445489145423973e-01,-1.370116591493656388e-01,-1.125445536579543909e-02,9.859331888833219870e-02,1.011659989122831727e-01,2.553059403351909951e-01,3.635608820420894727e-01,7.666554302878969551e-02
-4.097011884975815810e-01,-4.815305299773007808e-01,-9.849767719642169017e-02,-1.599114205993514559e-01,5.893528271519542505e-01,6.011920634025184063e-01,-1.514049681658366231e-01,9.751720093581913232e-03,0.000000000000000000e+00,7.207634034685342916e-01,-2.836586441535731695e-01,-3.322323951666086295e-01,-7.103850394613109298e-02,3.563043501053334006e-01,4.746663018494540753e-01,5.528506764992571210e-01,-2.802828553932928957e-01,-3.977853843740636886e-01,-4.115076084169256299e-01,-4.097971797450091214e-01,1.833211638511120511e-01,1.789474203249751538e-01,-2.001969102767654218e-01,-1.051320621217726251e-02,3.537441205563767177e-01,3.734603994096997170e-01,-2.210624710041430435e-02,1.940690403682961696e-01,-9.408653478755543698e-02,-1.471744107255023859e-01,-3.541456083627073093e-02,5.172912092344820155e-03,-1.802035589460576070e-01,-2.593478033627559243e-01,-2.555352320660774640e-02,-1.603523234174083489e-01,-1.493850691715290779e-01,-1.933402208860083848e-01,-1.794541833342514492e-01,-1.798310808408393191e-01,5.188761748044935090e-02,-2.968604319274893988e-01,9.998691106579270238e-02,5.196043169831226355e-02,-1.675251714473880438e-01,-9.915243773379753267e-02,8.155562904148083714e-02,2.426374900825247274e-02,-2.924348422480022580e-01,-1.517287052929414404e-01,-2.024438432471892257e-01,4.621474537109377355e-03,-1.050981158082062855e-02,1.880310005832119269e-01,-4.073427621173999480e-01,1.711510612392763142e-01,-4.403733215567618431e-01,-5.149645258474470078e-01,-3.008941034502483625e-01,-3.829237398919917434e-01,-2.987288992940451693e-01,-2.019441638458237542e-01,-3.892502427381467900e-01,-2.501541321516506655e-01,-4.240836189056297612e-02,5.800753577503448694e-02,-2.383114064734454529e-01,-8.711211944530181106e-02,-3.485108819980706762e-01,-2.713645476087138686e-01,-3.289481871356810250e-01,-2.375303314258334353e-01,-2.090580638089247212e-01,-1.568385904352871674e-01,-3.066969771491816488e-01,-2.941682137088929561e-01,-2.742207257429948308e-01,-3.260468935538075042e-01,-3.089652638319287936e-01,-7.084676834198362638e-02,-2.742600137586411191e-01,9.252489613890065023e-02,-1.028728738067151011e-01,-1.396915028906588474e-01,-1.427826370294943692e-01,1.841478410336199467e-01,-1.513881154499019388e-01,-1.997103308914853770e-01,-2.455888428195454887e-01,2.661514208196081310e-01,-1.247488626950002261e-01,1.206146865235305649e-01,-5.891912714798095557e-02,1.493281677592534773e-01,-1.332942584227553295e-01,-2.598663660942661102e-01,-1.593592149017490911e-01,4.126451424698628968e-04,-1.926527374641036350e-01,-1.059016090666148463e-01,-2.410872739629429939e-01,2.514689937386459587e-02,-1.565173195630466807e-01,-4.843330579672026209e-02,-2.562770708563482103e-01,-5.281420036835522691e-02,-4.142218899939669602e-02,-1.432629224186151018e-01,3.749184868095768036e-02,-6.721444278852029171e-03,-2.893814932572875698e-01,-3.431968218981568119e-02,8.095378765159139123e-02,1.198688250334799393e-01,1.342808254298034631e-01,-1.118819590156564237e-01
-3.632573234921667171e-01,-4.304281418744245746e-01,-2.718516984687713856e-01,-2.825480952117309652e-01,6.484589568086577271e-01,8.684187470592262814e-01,-2.302897960690718226e-01,1.374420048605636165e-02,7.207634034685342916e-01,0.000000000000000000e+00,-2.667132841633531037e-01,-3.157477652624254838e-01,-1.204654049924310660e-01,2.255706863838289333e-01,4.299205459648075545e-01,6.482689893016146954e-01,-2.849010504258480125e-01,-2.691591884462525841e-01,-4.596884602394972208e-01,-5.121035249948662216e-01,1.545913997782991378e-01,3.223507253079794244e-01,-3.313546284740295778e-01,-2.059840528486231170e-01,3.896533825577588872e-01,5.150138683920088001e-01,1.727943689273215011e-01,3.576424774153857955e-01,-1.757272378225241405e-01,-7.176089769532938145e-02,-2.633315773186276423e-02,-5.706169070743874472e-02,-2.191504975603680294e-01,-2.225053994527538270e-01,-9.136204518510175621e-02,-2.781856029717788559e-01,-2.066346902392122986e-01,-1.965552221828891499e-01,-7.891610247930730404e-02,3.608169992650887836e-02,-4.070185510863166128e-02,-1.361455841893278451e-01,8.013537081040827958e-02,7.755208155216496146e-02,-1.223815896593193064e-01,-1.064780026430520582e-01,8.818367645392637122e-02,7.114478694082389254e-02,-2.376022006381609541e-01,-1.333581718688419404e-01,-1.720694565778749519e-01,1.189361159167784572e-02,1.514410793933340616e-03,1.189613431517509839e-01,-2.324308283797273111e-01,1.874478489989031549e-01,-3.467302230912738259e-01,-4.702469404202680447e-01,-3.115143604656501197e-01,-3.400571551465454423e-01,-2.080567855902483443e-01,-5.718471830531760003e-02,-3.135595019301662401e-01,-2.089194944615627159e-01,-1.919858014981309924e-02,1.662126327856610630e-01,-3.379434629137784141e-01,-2.191779535729623807e-01,-4.152207825098284677e-01,-3.732650019591094992e-01,-1.640014692251985096e-01,-5.556378216504456735e-02,-1.382985331005430751e-01,2.428741900665279049e-02,-1.168946311138531619e-01,-1.777199080787270347e-01,-1.737856595751134658e-01,-2.436176461725823306e-01,-2.401189166624626559e-01,9.637289142914666484e-02,-2.652752999603364414e-01,4.427963832597079513e-02,-1.288193067182972773e-01,2.073461759649065927e-02,1.279836270980764037e-02,2.138659060846864468e-01,2.192806342086446938e-02,-2.002111421467165850e-02,-7.498494020132311089e-02,1.348082323538377092e-01,-5.612830171505727578e-02,1.183413040073037076e-01,-5.177108996298804451e-03,3.132205588764717941e-02,-2.370804160112209291e-01,-8.475056903264878427e-02,-1.465193139631269237e-01,8.987819535600090337e-02,-1.319440993871668633e-01,5.566194586610052203e-02,-1.526682553173570045e-01,6.902886372179513341e-02,-1.297151157441713276e-01,-1.391814534406836945e-01,-2.519784206707776919e-01,-2.643239610156420880e-02,-8.302794347821088397e-03,-9.783992368817839846e-02,1.252735525750853403e-02,-8.073544744468862111e-02,-3.275895779955844689e-01,-5.185955308807634057e-02,1.968385661596180891e-01,7.830727093895642477e-02,1.915389894332880372e-01,-4.273708947643405087e-02
7.367258920307376835e-01,2.180513592174130877e-01,3.170515486292559415e-01,1.330443742659692952e-01,-2.083381561801640469e-01,-7.858199565239760986e-02,6.622046463049793275e-01,2.216779247911379869e-01,-2.836586441535731695e-01,-2.667132841633531037e-01,0.000000000000000000e+00,7.218464218409381683e-01,7.989738965444836971e-01,3.631163548627555637e-01,2.426374168784776672e-02,-2.150078346182345002e-01,6.858829030112938430e-01,3.806214152836263076e-01,2.988638684218609676e-01,2.686244157046387415e-01,-3.181445707163671477e-02,-3.585048622881708419e-02,5.809220800402978835e-01,3.635148235176106635e-01,-5.401332196901356686e-02,-1.474079283587731160e-01,-1.052655205161031615e-01,1.044759835871409206e-02,6.107909197420728908e-01,6.182303721400230767e-01,2.847388553902686081e-01,2.210190169600725618e-01,5.172324429871405504e-01,5.184419561270972032e-01,-1.347437301060208092e-01,-2.060096856316281921e-01,3.595376463378412990e-01,4.535830341029166712e-01,1.891303369253084232e-01,2.916493343248917069e-01,5.316295224634948191e-01,5.338557376174725144e-01,-4.486757583912631131e-01,-3.426651643193977526e-01,1.382761594910398434e-02,5.691169775540679682e-02,-2.461747796854224790e-01,-3.551494685423278175e-01,2.116775089220119810e-01,2.941577447676304441e-02,-1.382727698380079029e-01,-1.991417335964032753e-01,-3.227748535995107471e-01,-5.215311850070821764e-01,2.277570245811571525e-01,-1.898129109804512216e-01,5.845452917422868655e-01,2.128043710646450315e-01,3.924449928945414889e-01,4.268470769611667492e-01,5.120194119856059656e-01,4.275170920371067496e-01,5.652100179794224966e-01,2.693414778638480445e-01,2.401822193120477789e-01,3.259417091939739719e-01,5.722978596306401572e-02,6.241936040361291578e-03,-1.201674281091200461e-02,5.648940223077347084e-02,5.576233607759822908e-01,2.372828618288672364e-01,5.445028250341577003e-01,4.617211749166134083e-01,4.873490591492644630e-01,3.646803892397598723e-01,4.557431884666911515e-01,4.020637373574991180e-01,4.532594795437659974e-01,-2.261208989163746713e-02,4.831849468213684773e-01,8.380080818335977622e-02,3.814526968404867713e-01,2.930515422083967980e-01,1.696981343111019225e-01,-2.207488717961300917e-01,1.619418228171330409e-01,3.156477799026816133e-01,2.663976296883412143e-02,-1.887165853955932726e-01,-2.873794757823934787e-01,-2.543145818232509514e-01,-2.342731896080405551e-01,-3.081133563605774062e-01,1.794438350448679664e-01,2.620915030477776742e-01,1.938243686488405615e-01,2.828800037761341687e-02,1.134924043821978618e-01,1.165994001415396192e-01,2.224685893400908943e-01,1.374597187468089288e-01,4.044067573905025803e-01,2.870370188879873274e-01,3.555899334651574928e-01,3.340850767017554124e-01,1.985177773968880843e-01,1.927750510494699587e-01,2.761604508039253170e-01,7.654671124230903734e-02,-1.663368340591266092e-02,-1.899029155504128319e-01,-6.210254246483778995e-02,6.757247421101761353e-02,-2.572634706452331388e-01,2.461710447255888445e-01
6.320707240486680423e-01,3.344520304188492443e-01,1.680074768112529704e-01,2.971858417130264218e-01,-1.136757893969866096e-01,-5.570377695803550161e-02,5.295020094483682271e-01,4.283703812815209400e-01,-3.322323951666086295e-01,-3.157477652624254838e-01,7.218464218409381683e-01,0.000000000000000000e+00,5.433646414467380170e-01,4.253696709625297556e-01,1.208327564534465159e-01,-1.881654447542257247e-01,5.330498235421813336e-01,4.897423168989014641e-01,2.731170983325456048e-01,3.117267179110393416e-01,-4.871276485345286261e-02,7.676196142264010702e-02,4.234616435952249791e-01,2.632328493262665603e-01,2.040636664737679670e-02,-6.501553414330614455e-02,9.691062621797910670e-02,1.779923968442604643e-01,5.989384646139890300e-01,6.927428187980365637e-01,2.404640986593092888e-01,1.313298953411798364e-01,5.266974802247884613e-01,5.502514168714552900e-01,-4.567424687342688111e-02,-1.069834912892176915e-01,4.102827677735666478e-01,6.220504305046554716e-01,1.888777990624876391e-01,3.912347811884046567e-01,5.505868723801228271e-01,5.678808779078127200e-01,-5.137925323740409889e-01,-4.406254694853581899e-01,-2.199368970812807245e-01,-9.879390330460030567e-02,-2.277403694460348460e-01,-2.717621977895912644e-01,-9.053631767595517188e-02,-9.679704060880402194e-02,-2.570761833692340459e-01,-2.269526095265867460e-01,-3.146683000080757742e-01,-4.608787087185229336e-01,1.654397958898989329e-01,-1.740119624400835452e-01,4.929459971616215186e-01,2.592979973301646757e-01,2.940120561667004528e-01,4.291106037010097851e-01,5.674227371777197382e-01,5.238545865853487804e-01,4.256883320873557919e-01,3.639134757031282086e-01,1.485381394327229820e-01,3.925769838013131174e-01,6.315822527023741417e-02,8.727123364049171883e-02,-2.312440727047612027e-02,1.046012553074078359e-02,5.326475617893148273e-01,3.521925438083001181e-01,5.395061912125757031e-01,4.695475805232710020e-01,3.346182109331664600e-01,4.357280768761269130e-01,5.187640892640834611e-01,5.658840881650148980e-01,4.251493957063569029e-01,2.499328087416839705e-01,3.490451976372645482e-01,4.094616147434457787e-01,4.268174417971785650e-01,4.621117333198707100e-01,1.482068765167335600e-01,-5.353657619360662617e-02,1.147281520610774208e-01,4.300314342260011524e-01,4.683171723655301516e-02,-1.352843845945184975e-01,-2.639807315236424312e-01,-2.660569705792956152e-01,-2.056955794698825390e-01,-2.114573341116175731e-01,1.838721847198514225e-01,3.689976597953320003e-01,2.661247145417090509e-01,2.026426886687057727e-01,1.785740113817836650e-01,2.703561021633360539e-01,2.155407121539775206e-01,2.034284810479425332e-01,3.753085847412800935e-01,3.094031319553137149e-01,2.773302195687361027e-01,3.507843925394037443e-01,9.707144630421039866e-02,1.926161176617001078e-02,2.956138772225002653e-01,1.526439836202544698e-01,6.392964339242973582e-02,-3.967515466388339684e-02,-2.150709821923342535e-02,9.552086947610521905e-02,-1.075184756438413297e-01,2.553903410788281869e-01
5.904705977130889627e-01,3.446183682906031609e-02,3.406741506016376930e-01,9.804472239281840362e-02,-2.139943007390058549e-01,7.677802430970492864e-02,6.225254792714076668e-01,1.574958322229921825e-01,-7.103850394613109298e-02,-1.204654049924310660e-01,7.989738965444836971e-01,5.433646414467380170e-01,0.000000000000000000e+00,5.141976752497641190e-01,1.221048197986907419e-01,-2.235407221082694185e-02,6.956840977833548267e-01,3.109320353073660170e-01,1.893063538182988281e-01,2.055139667242928975e-03,-3.906701828201523258e-03,-1.033589091095836188e-01,5.721807928089128747e-01,3.446534725525752241e-01,-9.924083185144812452e-04,-1.223153881186400949e-01,-1.768304686997483055e-01,6.767889300851873818e-03,6.686830822355234183e-01,6.621879333609319573e-01,3.194625305786885638e-01,2.117169052570047061e-01,3.170234413475290780e-01,3.539190573442101417e-01,-1.979317316964039619e-01,-3.028618084587684778e-01,3.664133159760005753e-01,3.508653999469676932e-01,1.251897965015335845e-01,2.640778197811012862e-01,4.651136053524701497e-01,4.959145562722400702e-01,-3.727156975144718110e-01,-3.476490272920110258e-01,-4.736251744097476346e-02,2.553020617871321063e-02,-2.858167422913242550e-01,-3.921580921166979983e-01,1.912243351178358752e-01,-5.282242076446948265e-02,-1.189615087298495355e-01,-1.928253044900264668e-01,-3.079818318755913054e-01,-4.345114123454014154e-01,-3.457724128596872948e-02,-2.158961736864477843e-01,4.096818340875163500e-01,-6.459492163833535638e-02,2.525434068148538769e-01,1.775873699281751705e-01,4.187979427003110655e-01,2.094345356847585327e-01,4.166454814616671887e-01,1.452098128880136008e-01,2.626087878550477650e-01,1.831973054766333764e-01,-1.057422571168371017e-01,-1.721457170468080611e-01,-1.588518273352928500e-01,-2.317638102140283929e-01,5.250601866390589567e-01,1.259211837104660670e-01,4.953172705451926450e-01,4.470021111228753563e-01,3.081108311830300095e-01,2.235300690519116673e-01,3.092874215206737332e-01,2.103488121039186476e-01,5.543356736652069738e-01,7.785750696648835456e-02,4.981462868202864436e-01,1.450784674271259900e-01,3.098709168327763441e-01,1.790394778534730447e-01,6.634088761878546847e-02,-1.613318321670819677e-01,1.000899332594357427e-01,2.243495410397901846e-01,-6.331886468306627269e-02,-6.655767495288998636e-02,-3.324041335583503565e-01,-2.791973675953433043e-01,-2.058511450072333937e-01,-1.956451192091173685e-01,2.378520264426008113e-01,1.707929887903790467e-01,1.748779073891683356e-01,-2.646333299208791789e-02,-4.659328126154937272e-02,-2.164790859181407040e-02,1.260728972547507099e-01,5.810129190965773738e-02,3.295480902853752947e-01,2.312432798050569338e-01,2.417821698997510982e-01,2.831733601763070651e-01,2.177892429145200925e-01,1.804228572504255335e-01,3.382284619283811300e-01,1.649791858518361298e-01,-7.500066850341119418e-02,-2.960467402011837668e-01,-2.576946205692295933e-01,-3.172789361384598973e-03,-1.842986819354915373e-01,2.102565149076407736e-01
