0.000000000000000000e+00,5.076750011655759565e-01,2.717754089275797313e-01,9.715999551347782870e-02,-8.234239997118957682e-03,-9.770795122559297607e-02,1.082499079541546089e-01,-1.312864020990701930e-01,-4.306440330974115049e-02,6.282420027387111694e-02,1.412552418983535618e-01,8.311442395546655981e-02,1.303198792330994837e-01,-5.299896938607569219e-02,-7.593526771715904122e-02,-4.305317026632922150e-01,-5.641706197329571931e-02,4.736338553389260464e-02,3.643182707238033502e-01,2.166796272921766853e-01,-1.304362941201228920e-01,-2.114818538526464231e-01,-1.447849408030358331e-01,-1.024434592239801822e-01,-7.657397457878761804e-02,-1.940625062968175385e-01,1.749170081067821514e-01,-2.230065324235860208e-02,4.003724533144823600e-02,-1.782610071033946808e-01,-1.332325968528959848e-01,-1.736817185493018667e-01,2.417578758269017108e-03,-8.787205392856038688e-02,-2.031205555607411839e-01,-1.530656035168735940e-01,-2.279842680574730718e-01,-2.380898211439698708e-01,-1.034267252331306230e-01,-2.835861062338030925e-01,1.019001700802301402e-01,-9.282976771119677561e-02,-1.298001483474463813e-01,-5.898538976746022650e-02,-1.504889045759012223e-01,-3.655923567721036573e-03,-7.959514988656622714e-02,-1.438479492111769398e-01,-6.957116131440910234e-02,1.890615441890654835e-01,2.308870655121023352e-01,2.621642451084054692e-01,3.774926633409251830e-01,1.885131519607442796e-01,2.725152657578193416e-02,-2.157079585523775100e-01,4.011965984126943940e-01,3.726136916658520093e-01,4.226142203354247284e-01,3.837973709719584292e-01,2.651409810273029910e-01,-1.454133600582569602e-02,5.063876456545820387e-02,2.099561105972305719e-02,-1.752954591959428321e-01,-2.985961853587300596e-01,-9.594968619569145540e-02,-2.360407216153540683e-02,1.009321635240277709e-01,-1.666683187184775927e-01,3.593628145836157417e-01,1.286753137114105550e-01,3.025766395067962522e-01,2.978691447262069025e-01,5.481066944443790945e-02,3.787475193233919967e-03,-5.218853825475314179e-02,6.871959630223212212e-02,-1.379580451965396748e-01,-2.022744202006303005e-01,-1.754037481737924786e-01,-3.097364640557770943e-01,-3.950553128064294706e-01,-3.241346830425152481e-01,-2.906427244972717983e-01,-3.363274001194249130e-01,-2.548904651995661519e-01,-3.141123987621952662e-01,2.964176996688276319e-02,-1.057327161643401986e-01,-4.769763530956097619e-01,-2.340370070947926928e-01,-3.239468401789576957e-01,-8.704921602629545063e-02,-2.252406547081628740e-01,-2.035893229609142263e-01,-3.160032559391493523e-01,-2.885921573325140321e-01,-1.989113328495892286e-01,-5.396450049168959040e-02,-7.813905758931935508e-02,1.509178173853545357e-01,-1.167747609357602280e-02,8.745047059957578028e-02,-1.549578115020626978e-01,-1.425523220087995258e-01,6.216462920084307731e-02,1.680350819839873111e-01,-1.072023426630092230e-01,-6.528155370875025898e-02,-3.479562574565510658e-01,-2.208026591156278806e-01,-2.104988705675964744e-01,-1.453831430130410607e-01,-1.822499499094258624e-01,-7.119276391180881514e-02
5.076750011655759565e-01,0.000000000000000000e+00,-7.356278592174705921e-02,-1.138391713722065601e-01,-1.541272304491894674e-01,-1.042448014619905272e-01,-9.953824441669846534e-02,4.956189098715455682e-03,-3.608071528440854464e-02,-6.371572937123581859e-02,-7.928537058241541188e-03,-6.100757273301880140e-02,-3.276232789823651376e-02,-2.375723808367913997e-03,1.220987700049851188e-01,-2.415436379016692725e-01,1.887118143237363765e-01,1.033875627650214513e-01,5.898462429634867554e-01,6.503485753764944866e-01,-1.083856640323934417e-01,1.486651424073222316e-01,-3.117591987462110525e-01,-3.380334971344933770e-01,-2.417927600774326391e-01,-1.971713742344785303e-01,7.474592668530979922e-02,1.116577524899441259e-01,2.433384028936863841e-01,1.110931992731874485e-01,-4.905253310117149712e-02,-4.214317543080981499e-01,3.296652556884347995e-01,3.147266280278913086e-01,-3.433794932228295682e-01,-1.174849618461148992e-01,-2.912922709385423747e-01,-1.557658878269320701e-01,-5.830045400304777192e-02,-1.911504240346801609e-01,3.358855101435135326e-01,2.432597021955613115e-01,-1.336338892675600909e-01,-7.335354804207755430e-02,1.139766677167620701e-01,1.153683960750368775e-01,-4.632248224662556188e-03,-7.076854136395482886e-02,1.453543064396503603e-01,1.149117799395368428e-01,2.043316272871200379e-01,4.427247902760256953e-02,2.426622464590241224e-01,2.825201255790927846e-01,3.223065352197385658e-01,-2.330055751229485883e-02,4.423695417555604248e-01,4.549816308847126067e-01,2.238266549436268849e-01,1.431510328572664914e-01,1.124242033670181003e-02,-9.992433046192554513e-02,4.074095720858288416e-01,4.338585707653475620e-01,-4.537448984137811281e-01,-4.736007839176759604e-01,-1.838133953069439053e-01,-6.358872385702281360e-02,2.594741842969502388e-01,-1.111145483232426207e-01,1.020566497998138394e-01,1.077069291335967655e-01,4.008886689994143881e-01,4.608419079389890483e-01,-4.099124331263077209e-02,-1.203360671054553958e-02,9.593622977484116132e-02,1.906158881622057599e-01,-2.374619431180560736e-01,-1.181001405106502783e-01,-1.953795614121244233e-03,-5.806410011025004564e-02,-3.874529033458566640e-02,-2.174623574847457386e-01,-1.861865487126620200e-01,-4.127893113362866018e-01,-1.461656306563541285e-01,-2.295414791179186190e-02,1.306435679154085705e-01,4.128441412733513220e-03,-6.187739781025782815e-01,-3.499665974929923040e-01,-4.366789794673759384e-01,-3.054414914197408626e-01,-1.182838306314269727e-01,-1.406550116181246313e-01,-3.398233052548593203e-01,-2.593959603017706450e-01,1.246225494118737530e-02,-7.521302272778120079e-02,6.584013708195514403e-02,9.145174249768005248e-02,2.662609220152561355e-03,2.533001199076550525e-01,-3.083390463518198565e-01,-2.799151547415679175e-01,-1.470685328499413969e-01,1.191350105966128281e-01,-7.823279365957445941e-02,-2.433022996767031376e-02,-1.631740162476439104e-01,-3.503704803961674719e-01,-3.499728422453521892e-01,-2.763122437608905857e-01,-4.505010169208383819e-01,-2.737808770316816354e-01
2.717754089275797313e-01,-7.356278592174705921e-02,0.000000000000000000e+00,4.863342210144878663e-01,2.487588108835686318e-01,-1.370919743713774341e-01,6.244484054269813234e-01,7.961942891466150529e-03,2.689756178151358479e-01,4.644803683316382076e-03,4.083456974643290271e-02,-1.011094681573070503e-01,2.566399940935314428e-01,-2.856078627658527602e-01,-3.925326896112454195e-02,-2.085792399622639071e-01,-1.987346683277195492e-01,-1.654250594247094197e-01,1.004006304873301114e-01,-5.350208006485689116e-02,-2.198430646799219845e-01,-4.387233991014791723e-01,6.486748131826826080e-01,4.773790296580397996e-01,2.797225950251545079e-01,1.229956486625323475e-01,1.282951810950045679e-01,2.438357693087672001e-02,-1.755579424330427907e-01,-2.636398789806615461e-01,-7.957272362551521400e-03,2.565066423411238028e-01,-5.002777502946177679e-02,-2.125798472245053472e-01,2.212120745326826843e-01,-1.895071028384317235e-01,1.677285976676629042e-02,-2.114633393006854975e-02,-6.833470637872081366e-02,-2.761868000717107030e-01,-6.914204230734379009e-02,-2.816065824570344045e-01,-2.743599673109145543e-01,-3.059956910241041772e-01,-3.361665381204466119e-01,-3.405197771646930049e-01,-4.476041211150989518e-01,-3.356578976494453692e-01,-3.414566740546479129e-01,-1.453797571308605430e-01,-2.245010595679864385e-01,-9.778701562853722717e-02,-1.267560764141268115e-01,-3.977500409158580413e-02,-3.156053308829299131e-01,-3.231985940489429110e-01,-8.091247520704888951e-02,-2.660060586559221535e-02,-2.035600849324103664e-02,9.225168981567600374e-03,1.583417722211495071e-01,-2.495590854526920713e-02,-3.017825052553123610e-01,-3.003711482907598929e-01,5.291669383288807316e-01,1.807479427107692438e-01,7.464005904268962432e-02,-3.103048250701498922e-01,1.935423476332669979e-01,9.813400862401769342e-02,2.195604751209986050e-01,1.529523400356692930e-01,-1.624016068153111281e-02,-4.586268125024097093e-03,5.204989494097533864e-03,1.907553395663661236e-02,-6.607744034813164968e-02,-9.024867568580580146e-02,-4.327596470884525343e-02,2.916608242837978593e-02,-4.668919076962244064e-01,-3.869936879289145870e-01,-4.033697283710405701e-01,-1.940419490166188921e-01,2.531140664489927028e-01,-3.936426319944256319e-02,-5.001165177341506535e-02,-1.696103416498787320e-01,3.941472688715317446e-02,-2.204283923137397849e-01,-2.058706430068475146e-01,1.759724167276597862e-01,-2.797396783534081277e-01,3.413121439893820885e-01,-9.258952750348535543e-02,-1.203860585224396096e-01,-2.845128009894410948e-01,-3.175234478881401867e-01,-5.328380844610561828e-01,-2.067004501548714290e-01,-3.687190328215216306e-01,-3.174214847454173705e-02,-3.685128744100562015e-01,-3.812350902549953569e-01,-1.006474019403926085e-01,-3.539334386585702569e-02,-1.742474460697224781e-01,-2.157155689146554312e-01,5.315751021996979742e-02,-1.396329539949136278e-01,-1.440213209050062171e-01,-1.343623325145158476e-01,-2.977157933185461958e-01,-2.174921591518599873e-01,-4.691449705442600482e-02,4.315214565291823623e-02
9.715999551347782870e-02,-1.138391713722065601e-01,4.863342210144878663e-01,0.000000000000000000e+00,1.922163043468550214e-01,1.826163939562411576e-01,3.800514971279939647e-01,4.723624032158149633e-01,1.548235195798995101e-01,3.735161588733107996e-01,-3.966470909647920595e-01,1.638665013429095596e-02,-6.909805125344531396e-02,-2.085879772639684937e-01,-4.039968546708371244e-01,-1.587396180724978123e-01,-1.966770709060409184e-01,-4.304776697117217443e-01,-4.366140279674297214e-02,-8.889718650762803986e-02,-2.759765267102299857e-01,-2.882154482170370402e-01,5.281194021061431654e-01,6.676493906375117193e-01,3.502082740369923397e-01,1.784198118828811963e-01,2.272819186575237294e-01,2.146550224644639543e-02,-5.371793128659427818e-01,-4.862423855312174026e-01,-2.447885126078150064e-01,3.968879991012054798e-01,-3.400342780348615257e-01,-1.930447410779405348e-01,3.829748829143370115e-01,2.165856082133678640e-01,2.159430311752297965e-02,2.790586336069360018e-01,9.211026845870150595e-03,-2.773192111218527600e-01,6.114665911668977494e-02,-1.048204428150118495e-01,-3.246301035320901529e-01,-5.290498344148275578e-01,-3.723265003134422213e-01,-4.920542148481071854e-01,-4.709057695811664224e-01,-4.541953167912223255e-01,-3.794551449303561474e-01,-4.515514498668117827e-01,-1.872069888808545468e-01,-2.766476443952854969e-01,-8.154479443387727122e-02,-5.847349312452133907e-02,-2.083546761613625786e-01,-3.738543345239677684e-01,-2.183853051294309955e-01,-2.115415758242625011e-01,-8.684918960425479229e-02,2.678421747509644735e-02,6.719783604310214722e-03,1.552069327326307535e-01,-6.006466149805792520e-01,-5.174536647376221099e-01,5.050067334598541402e-01,6.196026585664020647e-01,1.306673186753182780e-01,1.498611106519401499e-02,1.313941067973798671e-01,7.891029877981720064e-02,1.229033751834833765e-01,7.705301999037546257e-02,-2.558455155091831079e-01,-3.540267164033621822e-02,1.862729076314562082e-01,-1.454542997307678165e-01,-1.883438975084711017e-02,1.875378590493793560e-02,-1.009587764046596531e-01,-1.371425842088718761e-01,-4.580669669074607930e-01,-3.253716854743600173e-01,-4.247077420226431088e-01,-3.506934491873683335e-01,1.139858466775803547e-01,3.302830390884295420e-01,-1.544708437351674235e-01,-2.032665109379663271e-01,1.755513300529810694e-01,-2.745182448118744720e-02,1.757469511021560182e-01,2.423729241910189958e-02,2.437248478132845453e-01,3.294475912283272856e-01,-8.242061359343010041e-02,-2.283964977097030780e-01,-3.301175744029130610e-01,-4.558998825242126518e-01,-4.754010225548854773e-01,-4.022205120014046287e-01,-3.178961575285597085e-01,8.624032134508169412e-02,-2.787042662576530994e-01,-2.821250679106378501e-01,1.084666124732835552e-01,-3.740428261751764516e-02,-8.922254029398273001e-02,-1.435082256330402206e-01,1.537874265505284888e-01,5.049639142742558262e-02,9.857213561101359212e-02,-4.733234191292696735e-01,-4.539381797600971491e-01,-2.464123965943353922e-01,-1.680858755257617076e-01,-2.067069028356436355e-01
-8.234239997118957682e-03,-1.541272304491894674e-01,2.487588108835686318e-01,1.922163043468550214e-01,0.000000000000000000e+00,2.270796794181019207e-01,2.552716874053936325e-01,7.929290052707753389e-02,4.217469839590871072e-01,2.736103737881944720e-01,6.870571239620955339e-02,5.133030029196675864e-02,7.758811034020438036e-02,9.846020288879399340e-02,1.944640557869597997e-01,6.348017777780799731e-02,1.803887632349805981e-01,-6.291379697533065751e-03,-1.617947531472126999e-01,-2.173444199308581792e-01,1.339609154330590910e-03,-7.821268629005757866e-02,2.537857346902948619e-01,1.613986272082881257e-01,2.981701871424984329e-01,9.874984836052709547e-02,2.497750016325366029e-01,8.052891195640386746e-02,7.808162152643771670e-02,-1.287840414404176070e-01,1.816782019063599429e-01,3.911157198782819200e-01,-4.921713571831196760e-02,3.099490249011387782e-02,2.538421335256355604e-01,8.465116967971128559e-02,3.159157206362225856e-02,1.871163476380452717e-01,6.872496467620511917e-02,-1.375564048168547715e-01,-1.509851226696541475e-02,-1.152013875650004376e-01,-2.452112753004921375e-01,-2.346559523984337037e-01,-1.060986348446920358e-01,-3.746174523538328138e-01,-2.608285628579086746e-01,-1.035236372516111780e-01,-2.996843086318405347e-01,-3.566221189577991613e-01,-3.177897811562226393e-01,-1.770393597294214194e-01,-2.672669853662768547e-01,-9.761646700406390043e-02,-2.951274493726731563e-01,-3.239137710886343946e-01,-1.154211287441611611e-01,-2.200637458044432115e-01,-3.663146999363455225e-01,-2.635567011212632260e-01,-2.743066692719018512e-02,-6.532433939572540246e-03,-1.473465838396957883e-01,-1.686883040242674603e-01,3.217406043570599783e-01,2.111171656785904294e-01,9.296609346759071926e-03,-2.025839212275485635e-01,-1.345563034226286876e-02,-1.107269348843439583e-01,2.733646180382897639e-01,2.318505781762013329e-01,3.432233702042144369e-02,-9.979709502926854825e-02,1.407152606818681262e-01,8.023886755192959075e-02,1.123907580224487446e-01,-4.855236522729334397e-02,1.492673947302991799e-01,5.104818952644846197e-02,4.600687695282122680e-02,2.224353187621357641e-01,1.217466331027844406e-02,4.280301008885669528e-02,1.056617561946560785e-01,1.826872121355599676e-01,-1.781395206396065301e-01,-8.291049217951951267e-02,-1.011790333708314921e-01,-4.289817613541314079e-01,1.399293239636867914e-01,2.068155783480034871e-01,1.180080234754892210e-01,1.083132721114471453e-01,4.687391659550645129e-02,3.823220526620625670e-02,4.417904537835199569e-02,8.145154470983283213e-02,-1.700629445954009167e-01,1.852878318284066628e-01,1.527940584738987362e-01,2.547363393279207869e-02,7.039520469047373663e-02,2.684901514673563444e-02,2.313527521346944726e-01,2.051352578039736529e-01,-1.228682614501347692e-01,-6.360142499000688565e-02,2.049203871848236658e-01,2.552314655177708586e-02,1.656429154109359536e-01,-3.835560959465075109e-02,-1.500231209125820198e-01,-1.076485185769568420e-01,8.693211627171078260e-02,-2.077195641168595036e-02
-9.770795122559297607e-02,-1.042448014619905272e-01,-1.370919743713774341e-01,1.826163939562411576e-01,2.270796794181019207e-01,0.000000000000000000e+00,7.584523666429557331e-02,2.635776898030329218e-01,-4.309726147924939493e-02,3.813078689001092036e-01,4.940933018330567750e-02,2.365321097867767453e-01,-3.748431518153956250e-04,2.763185506393053825e-01,-1.181359640961051199e-01,1.233974155823575058e-02,1.965569674706530989e-01,-6.062121971905606171e-02,-1.136692319166116155e-01,-9.884455040972503492e-02,-3.226047690858793032e-02,1.669845341408947434e-03,-6.857442051351976542e-02,1.378119726614290830e-01,-9.222297620819230879e-02,-3.592065130124088429e-02,5.273532148892648430e-02,5.732838273622004044e-02,-3.909626233676784940e-02,-7.355864341175645527e-02,-1.981618045933576100e-01,1.833295815766629866e-01,-6.624315352568406479e-02,-3.936823940774507313e-02,1.247784488912787593e-01,2.231765844540226917e-01,-9.515333757893823519e-02,1.230693829336463874e-01,6.386043180115734408e-02,1.461157276842452168e-01,1.271689055287122082e-02,9.565180334190059863e-02,-2.935559830981374074e-01,-3.180662303938496249e-01,-2.979805056778156436e-01,-3.411325665992940293e-01,-2.656875023566778182e-01,-1.679893482373801539e-01,-3.363955815079659462e-01,-3.305885009697211996e-01,-1.462035000076849500e-01,-1.976795167662525332e-01,-8.199679364587730834e-02,-1.883810049004902287e-01,-1.481877304991552902e-01,-2.160879532561321426e-01,-2.204696225354110112e-02,-4.352486570847979852e-02,-1.499940705393362217e-01,-1.087671441188164528e-01,2.111239553721708795e-01,1.243092647866338718e-01,-1.255672807288111259e-01,-1.724832768893208856e-01,1.511230763328599014e-01,2.366635844014113310e-01,1.790469273717432974e-01,5.477455085652974814e-02,4.606052705294827465e-02,-4.586683961961617734e-02,7.250836504639249225e-02,8.730754995389669593e-02,1.217777455396230196e-01,-3.118008931780080848e-03,1.109702100985141271e-01,1.435314726874450109e-01,2.595314903926556060e-01,4.687933887828522189e-02,1.297166691713738662e-01,-6.329209917559433518e-02,1.184034086021743259e-01,9.069098643310773145e-02,1.038338798069931568e-01,2.487518529612507689e-02,-6.044158436456536360e-02,3.524708027894798423e-01,-9.892185369396852557e-02,-4.874155169312522468e-05,2.747388004451374599e-02,5.909586506792526873e-03,2.182172080485359489e-01,7.576082866507760638e-02,4.155817451323879363e-01,1.153948443299421811e-01,5.544430697530722263e-02,2.522715723222022643e-01,2.246330685213623612e-01,2.299908138271730407e-01,-1.421219831069151229e-01,2.080978496629258198e-02,1.255772384176554179e-01,1.863408280152128726e-01,6.294420763438549060e-02,1.332824522782029286e-01,3.089556260131890997e-01,1.233324030849583669e-01,-3.560268134103690418e-02,-2.553175553916404300e-02,1.621090562501778173e-02,4.839461921009096529e-02,1.537276516803586235e-01,-5.674677329251691382e-02,-9.018320441262894782e-02,-4.036656018080372887e-02,5.848739225904659583e-02,-6.583706244106880823e-02
1.082499079541546089e-01,-9.953824441669846534e-02,6.244484054269813234e-01,3.800514971279939647e-01,2.552716874053936325e-01,7.584523666429557331e-02,0.000000000000000000e+00,2.877248120738890025e-01,4.659039461464469234e-01,-6.516735070992298040e-02,1.575915118293857442e-01,1.297855340870708030e-01,4.427422606153674778e-01,-1.045953199602681211e-01,-1.529639532587167561e-01,-2.891302312460826696e-01,-7.580146726967131043e-02,-1.254627811888940347e-01,1.012913992140010710e-01,-5.346621088720157622e-02,-2.907752146118810499e-01,-3.816437720405604361e-01,4.584773211651862468e-01,1.519634627923986125e-01,5.774565699047768536e-02,6.989072063643171628e-02,7.517655329208268455e-02,-2.508131259625106732e-02,-1.208215896971870235e-01,-1.879197717821061431e-01,-6.980872011585081797e-03,2.150323249726659447e-01,6.384116067795744809e-02,-5.320711364995638765e-02,3.154897381752980873e-02,-1.697169674419841956e-01,-2.385149945469413613e-01,2.455231171344743057e-01,9.078150835040545499e-03,-2.583426323203923403e-01,-7.418027795567327942e-03,-1.985849660001542394e-01,-4.092706803795023163e-01,-4.706487965420567132e-01,-3.119911412202090450e-01,-4.829717893520877880e-01,-4.948473310964636718e-01,-3.776712558351172366e-01,-4.677564009671597023e-01,-3.483690601125722375e-01,-3.940633074206659758e-01,-2.610394702795540978e-01,-2.556416463783283688e-01,-2.263967367368239225e-01,-4.142389405160393778e-01,-4.597716540857215706e-01,-1.520473748512362888e-01,-9.088800433931440437e-02,-1.407939094014667714e-01,-2.410848695337242387e-01,4.435062406523687106e-01,2.717280465927268684e-01,-1.370153694392838850e-01,-1.767384967885530789e-01,5.257128429975614914e-01,2.714750527463142271e-01,1.663267613345240648e-01,-1.860031875458949546e-01,3.033690804731235535e-01,-8.808084167115188753e-03,2.067449492885387041e-01,1.849083997859058137e-01,-4.423384301077176034e-02,5.802463676163437632e-03,5.634541896439804881e-02,2.771067221468294026e-02,1.039243274776798925e-01,-4.019099300595720820e-02,-1.410658421103976323e-01,3.001548224970594300e-02,-3.714293599304410720e-01,-2.884066629208827393e-01,-3.931892656040970602e-01,-2.901425471678621970e-01,1.449907863690653997e-01,-2.028931320716940434e-01,-2.397893148512507677e-01,-2.560732753122785810e-01,3.760205137927730146e-02,-3.070497693920493099e-01,-9.076930545572840792e-02,2.203488571133584983e-01,-8.407520131153656262e-02,2.775494662309376803e-01,-1.172887867317899124e-01,-5.290059352622374783e-02,-2.056149269765088494e-01,-2.125620137291405198e-01,-4.393066973526970620e-01,-1.625016946646768157e-01,-7.454649605489778452e-02,2.257064779033899626e-01,-2.226013155301813928e-01,-2.103600889836070853e-01,-3.096923290383616148e-02,7.108933893396060522e-02,-1.911649424945619791e-01,-1.612926426361571686e-01,1.121336499047484170e-01,-5.242582576066286137e-02,-1.145574125380228458e-01,-2.849941533144105810e-01,-2.887615179050791459e-01,-2.577166167329529856e-01,-1.885805316830334311e-02,-1.073574174599390835e-01
-1.312864020990701930e-01,4.956189098715455682e-03,7.961942891466150529e-03,4.723624032158149633e-01,7.929290052707753389e-02,2.635776898030329218e-01,2.877248120738890025e-01,0.000000000000000000e+00,3.015496395354799741e-01,3.926906173007884138e-01,-1.650719336355164490e-01,4.226988212471194384e-01,1.564987929232465949e-02,1.882691427219737035e-01,-3.536322015759988946e-01,-2.182252172267922299e-02,-7.121439440209113847e-02,-2.873247114113516854e-01,1.296022189685775983e-01,2.023649391873214853e-01,-3.242749100262077300e-01,-7.734980509432556883e-02,1.899722846704836876e-01,3.852537549438901365e-01,3.062784096650352297e-02,2.792417193220864680e-01,4.619422469679679288e-02,2.009600062511104068e-01,-1.977622628006248662e-01,-1.050632562755697136e-01,-1.272424393200822512e-01,2.781578476599843586e-01,-8.909447911472978543e-02,2.489957055249499007e-01,1.049815006387989913e-01,2.357507844230959104e-01,-3.246731275780877501e-01,2.998173594377805395e-01,-9.622215358236400895e-02,-3.599358240776487916e-01,2.836770074862386345e-02,-7.011018453449113785e-02,-3.682198871335261026e-01,-4.353208608635512067e-01,-1.322157068889797671e-01,-2.123617255443734086e-01,-3.473318678661536651e-01,-3.931635333403714627e-01,-2.677389864648030970e-01,-3.919015342332202168e-01,-2.462929906740101149e-01,-3.632109475185186231e-01,-9.805917032631948638e-02,-1.417414796229291007e-01,-1.898799666177046763e-01,-3.945276024185387920e-01,-2.285870194827561985e-01,-5.704154087163196274e-02,-1.621289231708414880e-01,-5.861497914584035129e-02,1.506442041874334892e-01,6.310313004792521552e-01,-1.923328104173172015e-01,-2.220130677876851547e-02,4.513262020063269625e-02,5.062168314891528631e-01,-9.408227411184476308e-02,4.232037018510895199e-02,1.365618927528514659e-01,5.732233237502597223e-02,-8.500170715296573309e-02,-4.786552594923225434e-02,-1.927468121665409651e-01,3.130061972075674076e-02,1.736185592131749555e-01,-2.733630073230907676e-01,-7.999948080851297660e-02,-7.896362052712752044e-02,-2.959912608646938503e-01,-2.646058258896869519e-01,-2.446870561071559647e-01,-1.863225072767996926e-01,-2.701131113664741457e-01,-3.804857346575742927e-01,-1.530189014066774267e-01,2.968061305419211759e-02,-3.185098022716675303e-01,4.489816506343261016e-02,1.582167650529412717e-01,5.407164632885454181e-02,1.589753778422072772e-01,-2.876463964363442649e-01,2.848998764162885555e-01,-1.024316599344699541e-01,-1.337581303718126391e-01,-2.679334464087476664e-01,-3.956790872647923951e-01,-3.887584066190397092e-01,-2.577927056473421352e-01,-3.986431715974397272e-01,-5.378891827977271001e-02,4.057160960913558378e-02,-2.219023771755152530e-01,-2.083998547222263853e-01,-5.634443979212860193e-02,-2.061271247299069354e-01,-9.395629414875975027e-02,-1.437570877934764291e-01,2.266025159651219034e-01,1.449946803956919383e-01,3.190936847925906344e-02,-5.435775855592969164e-01,-4.560458988773876121e-01,-2.319808926348417011e-01,-3.870962740562362003e-01,-3.258854508858948784e-01
-4.306440330974115049e-02,-3.608071528440854464e-02,2.689756178151358479e-01,1.548235195798995101e-01,4.217469839590871072e-01,-4.309726147924939493e-02,4.659039461464469234e-01,3.015496395354799741e-01,0.000000000000000000e+00,3.259269312685055264e-01,-3.944027877609514177e-02,1.121355876692284870e-01,1.754377650196633776e-01,-1.543739274357647795e-01,1.441663479624475941e-01,-8.833822767137371190e-02,3.225808630647802877e-02,-1.600650132722580277e-01,2.716386334982908921e-02,1.458058654360551709e-01,-1.831279977410256443e-01,-1.187232834964191963e-01,1.987423472637421806e-01,1.479928723399555335e-01,2.583769429433506182e-01,3.311073936388064798e-01,3.315730899862260328e-01,3.569722031478465563e-01,1.681634270590615654e-01,6.745414606308738903e-02,-1.697766546302745608e-02,5.529403210901811389e-02,3.610523076337143061e-02,1.953073419826705653e-02,1.809978020626251127e-01,3.686334068238239503e-02,-2.675255236792885641e-02,3.678998925341789850e-01,2.161204568984336771e-01,-4.939545535357102168e-01,3.219602119639286553e-02,-7.903444211065049907e-02,-2.494520644915023677e-01,-1.480925404934985146e-01,3.771301657457024059e-02,-5.794439851194545937e-02,-2.253883475322203400e-01,-1.702426576951179132e-02,-2.108100232278800612e-01,-6.420711464270120739e-02,-9.727979791204661997e-02,3.705672356923317423e-02,-3.152178240652514507e-02,9.872030214720373120e-02,-1.536028183464751423e-02,-1.417287781837534566e-01,-2.459881370714013804e-01,-1.150898323628801734e-01,-4.529456038934547707e-02,-1.836960348157519740e-01,1.770908405179619782e-01,2.299793150125281904e-01,-8.896369589031476177e-02,3.282151750102433457e-02,2.139391036319573947e-01,7.374076503779633529e-02,-5.072923911343391046e-02,-2.204907829845672851e-01,2.367386744770962892e-01,5.662707306733376356e-02,6.661410507100748099e-03,9.729079275558887019e-02,-1.631811572454709702e-01,-1.280075519080973653e-02,1.580635360748813278e-01,-2.648061441010759465e-01,1.337840222082623265e-01,9.546080860111337552e-02,-2.347368437973003097e-01,1.084581111507915002e-01,-2.729073577624073210e-01,-2.182054246881426351e-01,-2.960563781379939030e-01,-3.731424953204636741e-01,-2.829645872785132091e-02,-1.459737638249042901e-01,-9.471902669670315134e-02,1.143099629549119839e-01,2.078945518582050456e-01,-4.654867161915832163e-02,-6.081028070489453291e-02,-1.303062812896246259e-01,-5.724859747681762534e-02,4.613227509178722402e-02,9.219027064763828105e-02,-2.978147583958746791e-01,-2.211642581755177417e-01,-3.258380494327955956e-01,-2.296058975449422057e-01,-1.571858181828242884e-01,1.581703153444091042e-02,3.451818296512546708e-02,-8.224721745568662479e-02,-1.868871796730781909e-01,3.149807879789680992e-02,8.286733727172726494e-02,-2.548348948347656240e-01,-1.486276239993647164e-01,3.172914625532299859e-01,2.651069914139517758e-01,1.538281272786692910e-02,-3.490479941781385875e-01,-3.041411004303702370e-01,-1.747009434527262706e-01,-2.547813579468819478e-01,-4.142497955849373525e-01
6.282420027387111694e-02,-6.371572937123581859e-02,4.644803683316382076e-03,3.735161588733107996e-01,2.736103737881944720e-01,3.813078689001092036e-01,-6.516735070992298040e-02,3.926906173007884138e-01,3.259269312685055264e-01,0.000000000000000000e+00,-1.940028295300369743e-01,2.529770608573552182e-01,-2.212372573790620869e-02,5.621488752603468614e-02,-2.746562529203373446e-02,2.212429190330978956e-01,-3.575123187908640227e-02,-2.898502273435022425e-01,-1.394647653110831775e-01,-1.237030973170499641e-02,-1.890218795048886902e-01,-1.189434665475566505e-01,6.098801254280176304e-02,4.228628536501561896e-01,1.898008825141397071e-01,1.502551181502912170e-01,2.558768299583050743e-01,1.705101647365220574e-01,-6.887569798016410227e-02,-9.850029554631243439e-03,-3.691246209214651408e-01,1.197443584675294409e-01,-2.636819738030182214e-01,-1.455457657756946965e-01,2.145418527708033152e-01,3.264700177526412284e-01,8.078180059732149865e-02,1.883764969034960879e-01,1.803512133193933553e-01,-2.891903842831423654e-01,-3.341375081467049674e-02,-4.125120933600636558e-02,-2.408536515898006269e-01,-1.886226638156993929e-01,-8.342169359663903494e-02,-1.566285803271363353e-01,-2.460725859000124915e-01,-6.989713990926058051e-02,-1.850742745564564473e-01,-1.779141422841257481e-01,4.612264140733494944e-02,-5.485606093165186492e-02,7.318902386530476423e-02,4.254373064256544712e-02,3.892082452259988667e-02,-9.649706197105974159e-02,-1.534163171842038986e-01,-1.736542421919748114e-01,-2.868082190411889998e-02,-6.780468195750261051e-02,3.123430999680363728e-04,2.033484668323519429e-01,-4.028477577534747556e-01,-2.462064744144654982e-01,1.480990331296986873e-01,2.783718783695142140e-01,-1.765151992670703496e-01,-1.114853579329165428e-01,4.191352118232981316e-02,1.540368186850435417e-01,-5.407816396582203894e-02,-3.278523954778558847e-02,-1.875554746105040638e-01,1.325670821218279810e-02,2.045636747935396793e-01,-2.443609464569707068e-01,1.344659406245005684e-01,1.822426223015189972e-01,-1.573838329247369550e-01,-1.817206425645289114e-01,-9.439978495330755837e-02,-1.539932757542038511e-01,-2.143616683249692789e-01,-2.392882737039532526e-01,6.151171762350841898e-02,3.593746094088829945e-01,-9.451860867980327666e-03,1.584854144467841564e-01,3.249367767584718236e-01,1.615699546416186350e-01,1.385049755314065600e-01,-2.110842209963797178e-01,3.739629689962588599e-01,1.319091312024266716e-01,1.519401243638243415e-01,-2.209100496660150181e-01,-2.309827433927347240e-02,-2.111418456371338126e-01,-1.202318747112608721e-01,-9.969370981410496935e-02,5.584253183276473992e-02,3.687142152810504725e-02,1.083020451060324046e-01,-3.929894693462349098e-02,6.897949780761952754e-02,1.384866923687733987e-02,-9.383610326294485049e-02,-1.388513820910148308e-03,2.167003533729535414e-01,1.547990143479737735e-01,1.649518234096855329e-01,-2.697515988920332619e-01,-2.349737184002257673e-01,7.562759160028656447e-02,-1.583533097497348829e-01,-2.121547671121007395e-01
1.412552418983535618e-01,-7.928537058241541188e-03,4.083456974643290271e-02,-3.966470909647920595e-01,6.870571239620955339e-02,4.940933018330567750e-02,1.575915118293857442e-01,-1.650719336355164490e-01,-3.944027877609514177e-02,-1.940028295300369743e-01,0.000000000000000000e+00,5.061648056738832224e-01,6.046659269001151138e-01,6.023281234115108740e-01,3.305371760177604479e-01,2.043289577300652637e-01,3.324648642570605661e-01,5.369632235199217618e-01,1.521751191787113489e-01,-5.372383932778284493e-02,1.273342288168246017e-01,1.005395552371847745e-01,-3.358925676699990592e-02,-1.831842459388337008e-01,-2.283297680964525844e-01,-1.516806144604777029e-01,-4.164340989858222875e-01,-2.596435213743146231e-01,5.163988463670008411e-01,2.069714500217459119e-01,2.726958315313054437e-01,8.851264405539273350e-02,1.691574851471843721e-01,7.926771156789105821e-02,-4.336027185356498559e-01,-4.526225710728914997e-01,-2.876854661263956170e-01,-4.149428682230641985e-01,-1.550380317572415123e-01,3.745244401466165662e-01,-6.400839892801750419e-02,-5.218671181710373558e-02,-6.630843867296329353e-02,1.285255199239407897e-01,5.023711933765355117e-03,3.369578376416589981e-03,-1.245313802229452704e-01,-4.203078332311104698e-02,-9.883538491306372020e-02,5.469152792239381083e-02,-2.254465327225606830e-01,-7.606468078378152142e-02,-1.841547038592362961e-01,-5.474755488600415720e-01,-3.699014115301119676e-01,-2.884576225916608005e-01,2.507703337939480859e-01,1.861740003913670283e-01,-1.344886523267054546e-01,-1.217854694280856298e-01,4.960061514269311078e-01,2.225926103064248818e-01,4.667379510900392381e-01,1.776422211485078340e-01,-1.116381380553773950e-01,-2.826485955211420764e-01,-9.209494130091172570e-02,-2.085001156633735364e-01,-5.120891330595597063e-02,-2.410984405973001787e-01,2.077999000573249599e-01,2.670169936110327602e-01,3.583625825760065053e-01,1.219300429496285726e-01,-1.821289119732862338e-01,4.890039402258870016e-01,1.527449873569491356e-01,1.036917557739250595e-01,2.454786912941231136e-01,4.758577241933018009e-02,6.781882929575365482e-02,-3.938806408539660686e-02,1.341451772136985875e-02,3.938661764942356647e-01,-5.188317082605089364e-02,-1.865782833839337573e-01,6.736267873746133381e-03,-1.144471280193792989e-01,-1.499485970337237073e-01,-3.137385294646959366e-01,-2.186449035415980457e-01,1.440960819545398786e-01,-1.121265211736736794e-01,-1.008187614780143154e-01,-1.020570716915502330e-01,2.087999643614683321e-01,1.839021119867580989e-01,3.592927144650356897e-01,-6.846634170900459115e-02,1.573093607272256500e-01,1.622328152649128996e-01,-3.911618113812005693e-02,8.556457072816688048e-02,1.151387960956657269e-01,-5.984838100640226324e-03,1.248650762901274691e-01,2.367062935991802800e-02,-8.227893725732875196e-02,-3.066880588030375665e-01,-3.903125610511528065e-01,-4.264709296919955706e-01,2.382267824432570125e-01,1.315478908273595704e-01,-1.136551443354098107e-01,2.482627667248146486e-01,4.461346559457091687e-01
8.311442395546655981e-02,-6.100757273301880140e-02,-1.011094681573070503e-01,1.638665013429095596e-02,5.133030029196675864e-02,2.365321097867767453e-01,1.297855340870708030e-01,4.226988212471194384e-01,1.121355876692284870e-01,2.529770608573552182e-01,5.061648056738832224e-01,0.000000000000000000e+00,3.449363489376901515e-01,6.992976480375752146e-01,-7.155931592810441111e-02,2.072437466731287814e-01,1.001293292366542131e-01,2.080599312494006148e-01,6.348617169516330982e-02,3.164008777233794784e-02,-1.391540196178271960e-01,-4.265929497435640844e-02,6.102958805452979307e-02,2.407747628507209414e-01,-2.382225851215149029e-02,5.163170788054962518e-02,-1.614315882102337341e-01,-1.661977627616499364e-01,1.329512830978747950e-01,-1.489016867030986714e-02,3.605004726674061050e-02,1.384242179567667375e-01,-1.318219045321507021e-01,-3.640039294782072138e-02,-1.456127883424197245e-01,-7.510461240971937069e-02,-2.162636908192986929e-01,1.251092871919107967e-03,-9.837203540017257219e-02,4.819253950666916447e-02,6.975932674723754612e-02,-6.509086850691460369e-02,-4.099738664185173520e-01,-2.326616899358002477e-01,-2.846206181661988799e-01,-1.685829097737465976e-01,-3.617518385665022262e-01,-3.198545692278024766e-01,-3.422896261426318087e-01,-1.564127880435545459e-01,-1.980559501226440700e-01,-8.036169666217311824e-02,-2.687411205859593574e-02,-3.966952808701031952e-01,-2.770425463921913356e-01,-4.322245717602737902e-01,-7.123665104379407406e-03,1.448627468244581551e-01,-4.285580023589532356e-02,9.240460837068273370e-02,4.482948902243067968e-01,5.496983838932195665e-01,5.743603729274420616e-02,1.665361349830945040e-02,-2.783760073659514653e-02,1.616864589440341338e-01,-2.714730510320987333e-01,-1.616769148543610590e-01,-7.342777657484320097e-02,-2.527707445057115199e-01,1.476623955428005841e-01,4.905443149190579638e-02,5.634261718234931382e-02,1.279186308381377868e-01,-6.752582563792498827e-02,1.156136442695816779e-01,4.755504822673402993e-02,7.655341022084191649e-02,-4.374923279955013344e-03,-1.144759824032378498e-01,-1.430368213277577738e-01,-1.596738343150011785e-01,-2.557351377879799048e-01,6.268047080833147322e-02,-2.122028062769693302e-01,-5.380950098821012800e-02,-2.187506164052022417e-01,-4.895604864919692739e-02,1.435600495111949426e-01,-6.151440852784723079e-02,1.273048091234103563e-01,-8.268146220273744906e-02,3.352411560240245447e-01,-7.396841029884725083e-02,-6.495712518665451574e-02,-1.116163240120471578e-01,-3.536636405332465455e-02,1.647005598474382678e-03,-1.805106260855474654e-01,-1.381073921664523196e-01,2.390461454589897228e-01,9.992036294915641881e-02,1.160995272302523529e-01,2.756889182979959177e-02,1.412585757046281032e-01,1.073024286761846552e-01,3.918378113324596373e-02,-6.382748804110692509e-02,-8.883763837855061796e-02,-1.274033181607987508e-01,-2.157203369934688475e-01,-2.285501433123211246e-01,-1.744237871272876494e-01,-7.844911728345696500e-02,4.755792729158057203e-02,1.584805362256795913e-01
1.303198792330994837e-01,-3.276232789823651376e-02,2.566399940935314428e-01,-6.909805125344531396e-02,7.758811034020438036e-02,-3.748431518153956250e-04,4.427422606153674778e-01,1.564987929232465949e-02,1.754377650196633776e-01,-2.212372573790620869e-02,6.046659269001151138e-01,3.449363489376901515e-01,0.000000000000000000e+00,3.310081780426050724e-01,2.609734670549382907e-01,5.633317688146810553e-02,2.996870447439157342e-02,2.098372913743625501e-01,1.440358490171098627e-01,-1.485732767442973432e-02,-1.947459205939354454e-01,-7.123429870096636973e-02,3.686699742961556669e-01,5.783146563082557437e-03,-1.309096413178600371e-01,-1.460154027963312950e-01,-1.298639790606166688e-01,-2.111365476617104164e-01,1.885090378491272312e-01,1.104190253697328672e-03,4.057129405423561680e-02,-2.329515717151888973e-02,-7.545468729631915616e-02,-1.707809180338760724e-01,-2.679469753246728758e-01,-3.184185494608735567e-01,-2.787617246830416118e-01,-1.813169213404858537e-01,-9.751045151325179669e-03,8.875016536402453859e-02,7.032965321892952794e-03,-1.461575497039300509e-01,-1.744074906619397791e-01,-1.592898811787533120e-01,-7.777232792691780860e-02,-2.003057943021710197e-01,-2.100780267788034950e-01,-1.523544328683572868e-01,-1.865787494006982405e-01,-5.906346544582231212e-02,-3.717807710069315763e-01,-2.288666727275253110e-01,-3.244145343601565479e-01,-3.770547150284616622e-01,-3.785605686247697221e-01,-2.864128371754098290e-01,-3.705874703305508250e-02,-9.993566308723615677e-02,-3.612659295402329551e-01,-3.075858121683686663e-01,2.848264123820710703e-01,1.209894671832480451e-01,1.785312044341121340e-01,-3.078980714666464460e-02,1.809775023720730791e-01,-1.351535519658582374e-01,-3.029268651698034942e-01,-4.700895510658121279e-01,1.119095904035834893e-01,-1.447657559992177219e-02,1.269468631142695592e-01,1.411291752381058084e-01,9.954442246624295443e-02,1.717305896300319878e-01,-2.756494134057562578e-02,3.329724075389791649e-01,1.855689328391920967e-01,1.554803841173810763e-01,2.748037098372275652e-02,-4.173750784029994776e-02,-9.271125871389759854e-02,-2.396680498590904318e-01,-8.237871473213104201e-02,2.463043847655053617e-02,3.683413715726349680e-01,-2.608627471221141580e-01,-2.365764592375556308e-02,-1.895675579571648728e-01,-5.850210252721810972e-02,-3.213949821146183106e-01,-2.694053291592088950e-01,2.960162839213627550e-01,-4.034446585580356986e-02,1.952912217602603695e-01,-5.765628656853229866e-03,8.704358805310535852e-02,1.488167327105816562e-01,1.217862378885071206e-01,-1.722172943800242551e-01,1.092152327605392936e-01,1.462987359884354577e-01,1.390239013753470088e-01,7.445469279459228026e-03,1.049546743278338551e-01,-2.648386462699808125e-02,1.558721449298861861e-01,1.875216978036896298e-02,-9.915514201485335632e-03,-5.838244982276904332e-02,-1.165381226730254627e-01,-1.455689957970340564e-01,7.457737606405091813e-02,-3.787164815029062104e-02,-3.225558434513101785e-02,1.856513413380746769e-01,1.861008880415661038e-01
