0.000000000000000000e+00,7.100517629072559123e-01,5.023790530696615741e-01,1.774670707679681936e-02,-3.162686340087456777e-02,-1.545193178240373832e-01,3.700959115586500703e-01,-1.979663086006467621e-01,-3.053419375071528830e-01,-4.630071598246923714e-01,5.559308767699393528e-01,1.378312129621255266e-01,5.038336664365052897e-01,-4.790627269206244182e-02,-7.421548715643269678e-02,-4.006616227805481767e-01,4.520816241364250532e-01,2.157079783780817273e-01,5.644388220111790089e-01,6.601153122889003022e-01,-2.495181521692428073e-01,-2.893932972038846252e-01,1.406392108562310415e-02,-3.815188121626324202e-03,-1.278071306058094769e-01,-2.751807233068313541e-01,8.837337282424360951e-02,-1.236294747971221630e-01,3.307712729228129978e-01,9.676608378450833603e-02,-1.641816598750759360e-01,-1.894354046409995607e-01,1.967712122514426176e-01,4.629085628394879331e-02,-7.986765857311585448e-02,-2.786779433100212144e-01,-1.162278051027221953e-01,9.843731567381174691e-03,-1.372106586349556845e-01,2.272384205656976380e-02,-1.304156023506513606e-01,4.150819249046601433e-02,3.332915548075600365e-02,1.308427177280734391e-02,-1.453032444286386955e-02,-1.992165411430510749e-02,1.146453865740491018e-01,7.880288965351280039e-02,-1.683316273541813832e-02,-3.231437658644929073e-02,-2.299575627338706907e-02,-1.742526236296335629e-01,-5.021033821727691887e-02,-9.547121917208375996e-02,1.083104048394284008e-01,2.778889482561079927e-01,7.940383399280740440e-01,6.025005503159047704e-01,3.408788047974339319e-01,3.426298164767843657e-01,3.751155486502243813e-02,-3.265467023861079454e-01,9.210474306347382623e-02,-2.725868314808064796e-01,-2.721389607653389997e-01,-3.918630441280014365e-01,-2.480856998669976055e-01,-3.982358947166247387e-01,7.850331579726661513e-01,3.562491745966598344e-01,3.456356033168508923e-02,-9.260787190029422244e-02,2.385755570572729301e-01,1.203905005368855058e-01,2.352680679986705603e-01,-6.617110673039472424e-02,1.629973132780998535e-01,9.344446632506346606e-02,1.831981084477048438e-01,1.600660128045913733e-01,1.875166448655873064e-01,-8.780299735338675804e-02,2.133575004385716289e-01,-1.135029335463389327e-01,-1.597497689399615672e-02,-4.775088933547862458e-01,-9.679073623805443949e-02,6.799583859677546527e-02,2.030451575151104218e-03,-1.486093059261959226e-01,-2.581914137098206830e-01,1.534022787743277716e-01,-9.803889855043572410e-02,1.752939301961632581e-03,2.233724286814088578e-01,-7.888952726637578350e-02,-1.235874042509930576e-01,1.903769900326215958e-01,-1.650139380533800770e-01,3.259063086867120679e-03,1.893415125509692598e-02,1.580098219675857840e-01,1.517468587696959581e-01,3.341744796024292974e-01,-1.617747994985203053e-01,-3.695460712934561798e-02,1.110384532446653666e-01,1.394695621665250906e-01,1.471182627760251049e-01,-1.696069430111737247e-02,-8.776714962144119281e-02,-7.902392492563296844e-02,1.256912258493009249e-01,-1.884740412494808337e-01,-3.009684773799016777e-01,4.165073680778597597e-03
7.100517629072559123e-01,0.000000000000000000e+00,1.608160525664091567e-01,-4.673532082548967348e-02,-5.105882559474556048e-02,3.559133998667500520e-02,4.340531403812256800e-02,-9.388347698085917903e-02,-1.948218701966092092e-01,-2.434624535750111729e-01,3.037880186980160824e-01,1.485481811961875676e-01,1.450982139142860949e-01,-8.435301297834020551e-02,-1.285588449686691226e-01,-2.222679129701938816e-01,3.797984172498328204e-01,4.244474898829364018e-01,4.023494580649090713e-01,7.774057956726908580e-01,-5.288104385641324845e-02,3.681950579345887042e-03,-2.082726486092267015e-01,-3.086266087740973108e-01,-1.713314721699368548e-01,-2.167852674952037151e-01,1.455032446691398584e-01,5.192146878124982018e-02,2.403645072440909469e-01,2.017706393058345260e-01,-1.529345110236803862e-01,-1.781079094371262883e-01,2.227221930086737134e-01,1.812151414804201166e-01,-1.705486237881920775e-01,-2.303272981201612835e-01,-6.019304185858943140e-02,5.486108932102660291e-02,-1.855926401059520767e-02,1.977527061749161930e-01,-2.672561218059061466e-02,1.288622135359292764e-01,8.093175528588252791e-04,5.026216319349047917e-02,-4.496735497905014062e-02,1.053969635042719885e-02,1.157785396706948189e-01,2.562317504460072670e-01,-1.364576206454347906e-01,-1.500176775554912766e-02,-4.475751946787549090e-02,-1.831598101502518450e-01,2.115572736975044332e-01,-7.354431053405713348e-02,2.998155711938056411e-01,3.931334487188754001e-01,7.125448825919939999e-01,7.858575690880391651e-01,2.911340959141702212e-01,4.348931126815329673e-01,-1.489823478358854314e-01,-1.458710586920950736e-01,1.793051880514522911e-01,2.839830904068304379e-02,-4.500263455161757631e-01,-4.819636512196458500e-01,-4.693426060348264151e-01,-4.435085668248356372e-01,7.367638415407610220e-01,3.621371022510218030e-01,-4.705217416022595273e-02,-2.160204927357892435e-01,1.956257441340812087e-01,1.141302874236698600e-01,2.046764986408734499e-01,5.507689200943120117e-02,1.965127732685402473e-01,2.383861940602153562e-01,3.816656172473705672e-02,2.744723885667094687e-01,4.744471534957313968e-02,-2.976179398765989650e-02,2.598760235628459481e-01,-5.604278504553576734e-04,-2.784671145505041578e-01,-4.606697751971604582e-01,5.631225398109349078e-02,4.720483309467973787e-02,1.820490436950751023e-01,-1.419954792160833534e-01,-8.751557621493953609e-02,3.246190127361030936e-02,3.981695456528570182e-02,-1.388342814075938514e-01,3.312934372599178889e-01,1.253310326373849037e-01,9.004371255996281020e-02,2.522991049126526164e-01,-1.160500192557240712e-01,-6.650940016305703639e-02,5.279604063158119948e-02,9.965532935186623142e-02,2.301599685488205649e-01,2.824206101387622958e-01,-1.373161730059995755e-01,-1.612430072975057360e-02,1.302438405495051632e-01,2.238282961674496752e-01,2.913232173587296803e-01,2.077279668300948956e-01,-1.227449046168868352e-01,-1.222078507611591702e-01,7.139935872865761646e-02,-5.459561132799363448e-02,-3.028500761531848218e-01,1.058587504348522251e-01
5.023790530696615741e-01,1.608160525664091567e-01,0.000000000000000000e+00,5.635095884057698123e-01,1.285390372310686868e-01,-3.893990853515340300e-02,7.363474979147793809e-01,5.293995607679988225e-02,-1.245309922840217298e-01,-2.466490516730335536e-01,5.753050794376362020e-01,-5.309383097221374859e-02,6.482983103563784155e-01,2.467448445888790476e-01,1.167617549032926444e-01,-2.010638408841682601e-01,-8.741113601109645748e-02,-2.295279411673633030e-01,5.619685892916860270e-01,2.849604867054180701e-01,-2.297578232943833232e-01,-2.682832400217263213e-01,4.772494745644214054e-01,4.952443935739814229e-01,2.117161152932852952e-01,-1.854563600771723733e-02,3.822756539822157965e-03,1.949188193218915136e-02,4.487036061061305814e-02,-1.101516254478021734e-01,5.292056332558232185e-02,-7.788941029908352798e-02,1.738161327785471000e-01,-2.355497078427777093e-03,1.983471110681679916e-01,2.041388879386139138e-02,-3.073162628319204281e-01,-1.375451720901244013e-01,-3.041581322473764781e-01,-2.311762092168990756e-01,-3.647093326753108600e-01,-2.305331101692509599e-01,-4.846540138499545042e-02,-2.135552982329729510e-01,-2.209281622243395860e-01,-2.814983334230320988e-01,-3.414171839385946733e-02,-2.072991061168127369e-01,-2.817995576482004161e-01,-3.382991283961834794e-01,-3.693216667632134853e-02,-3.592355998496536973e-01,-8.639160460463056468e-02,5.969607693602499258e-03,-4.395869833325995873e-02,-5.747581246054708770e-02,2.550676423963638140e-01,1.498094968021911888e-01,2.385905982846430740e-01,-1.434878418116961318e-01,3.618567096133653571e-01,-3.422576995129267274e-01,-1.085116253586814877e-01,-6.325404549086872663e-01,2.525399395015912041e-01,-1.035232652032574419e-01,2.437829319730932531e-01,-1.334144691510912306e-01,3.848533479149133796e-01,1.694112773603544675e-01,3.764671312344140125e-02,-1.692875610759501243e-02,3.072842973530449939e-02,9.353494373799082356e-03,1.269872471722865437e-01,-2.309970581925553379e-01,1.755108108849887105e-01,6.976115232040215608e-02,-4.151815101851313167e-02,-3.521850914775170871e-02,-4.599673191247995174e-02,-2.912771107786724656e-01,-4.063504947426489593e-04,-2.117837884577270235e-01,3.195771708058961491e-01,-3.349661055681610322e-01,-1.777033809860984193e-01,-4.705861177150709451e-02,5.184769914177798922e-02,-1.887668758674968250e-01,-1.180449742811272573e-01,1.731963166046032454e-01,2.974321161029260668e-02,2.951838828509629198e-01,2.137135262170770100e-01,-1.093931117364570771e-01,-1.416398819958639421e-01,-1.216016505818124649e-01,-1.388009991575462621e-01,-7.151147818932744593e-02,-4.322133873115728553e-02,-2.508119721244050360e-01,-1.389347937794611632e-01,-1.656539221383486471e-01,-1.543950074479609191e-01,-1.749132749613361015e-01,-1.080446409771803895e-01,-1.554731553023513957e-01,-2.055862649041642620e-02,-1.719958082596471649e-01,-1.001071218500639848e-01,-1.072367580874118986e-01,-1.044672102182377660e-01,6.170184337224474125e-02,-5.544770863651730074e-03,-2.645646348756469646e-02
1.774670707679681936e-02,-4.673532082548967348e-02,5.635095884057698123e-01,0.000000000000000000e+00,-1.346714141309404145e-01,6.527009969925801069e-02,4.757052351335437357e-01,5.805621167764006829e-01,-7.893943632271058219e-02,7.223682358754019263e-04,1.539702435985082773e-01,6.608514826584648005e-02,2.394343532621936166e-01,2.774834979227393528e-01,7.826355109309339475e-02,5.570602831788253051e-02,-3.948336996508132191e-01,-4.333717482610989769e-01,3.091584219962754676e-01,1.942543692290380486e-01,-1.431438107996766962e-01,-2.022391337446264870e-01,6.255172056886999510e-01,6.087652135255868791e-01,1.716130148955890555e-01,1.024591636831235913e-01,-2.103380781755112006e-01,-1.032357011749476805e-01,-2.502699575346790661e-01,-1.557111364638680828e-01,3.431503195999352496e-02,3.042555819825707580e-02,1.887445728635692155e-01,1.224604255606977776e-01,2.763194069062712699e-01,3.172849767244372288e-01,-7.918659693908658426e-02,-1.756084210988517191e-01,-1.626730660098312797e-01,-9.904176233679892749e-02,-8.200295360589193727e-02,-6.819565125180657161e-02,-2.153564997150384241e-01,-2.948296006113790280e-01,-3.793185960944576718e-01,-3.643312319067751326e-01,-2.234151029386851617e-01,-3.861719263219824949e-01,-3.122715566717484958e-01,-3.940319814549079203e-01,-8.640683188952379135e-02,-2.024006824263894500e-01,-1.300516729303521635e-01,-6.751167187024927074e-02,-3.552147102332289252e-01,-3.254351800460894006e-01,-1.861437748475320841e-01,-8.258905670059664417e-02,-2.198094054209660253e-01,-3.922517647084211578e-01,2.084143572999668237e-01,5.487949663134046585e-02,-2.874621322035370019e-01,-2.905715226292295839e-01,3.914016006505606771e-01,3.699216105152182132e-01,2.041121773559833319e-01,1.317306567965612629e-01,-2.926959925180278033e-02,-2.137212153949408222e-02,2.510249351628648373e-01,1.393653357254885650e-01,1.010833046157148113e-01,1.964911674704247213e-01,-2.747321010062532196e-02,1.589437261532139489e-01,-1.724159510189165329e-02,8.233464664028002089e-02,-1.820088290474591308e-01,-1.992976704176845915e-01,-8.401448772209917093e-02,-4.982420333404649626e-02,8.079017097372856449e-02,-4.456351484549074538e-02,3.078159500813867910e-01,1.114622439512335667e-01,-1.186699451206581490e-01,-1.907496905859108749e-01,-1.087228593491148393e-01,-2.447596972453175979e-01,1.149128081430621784e-01,6.081422288395500753e-02,2.801106590116761441e-01,1.163482446610909632e-01,-2.630545186793512014e-02,1.147628294824984130e-01,-1.687144263251213680e-02,-2.367174592268314615e-01,-2.122448143965174061e-01,-2.249033318994577701e-01,-3.420223692957212736e-01,-2.449514034846911603e-01,-2.699736251219674865e-01,-3.449314791676942327e-01,-1.900990075357040232e-01,-2.960733780584236530e-01,-1.359020706287684399e-01,-2.876851203394663048e-01,-1.642473580533667654e-01,-1.805156429473646629e-01,-1.490198488820125844e-01,-2.099920643428512257e-01,-1.062797432304864870e-01,1.374592359937488462e-01,2.087298535267007038e-02,-2.424605801646352310e-01
-3.162686340087456777e-02,-5.105882559474556048e-02,1.285390372310686868e-01,-1.346714141309404145e-01,0.000000000000000000e+00,4.304934924899624926e-01,7.172347816395555076e-02,-2.204552077189554649e-01,5.773684859988698070e-01,3.284853912673679766e-01,1.071357873320320370e-01,1.587953372768704241e-01,3.283335125378598063e-01,3.616577685903062389e-01,4.233964952734246556e-01,4.075277965094450949e-01,1.897367629069140749e-01,3.454375547562244519e-01,4.439958363999244040e-02,1.836385719937886143e-02,5.189694342732237287e-01,3.597259802445411103e-01,-1.994629582552732705e-01,-6.348253931419234330e-02,6.150120426940328677e-01,4.575950880016500522e-01,6.418203652367620027e-01,6.548762187417761504e-01,3.310707406520657092e-01,3.129102334010785968e-01,5.326808598377104076e-01,4.669557063242045225e-01,-5.507115185292261322e-02,8.527291201992381886e-02,-1.004594794608386771e-01,-1.012561092085052239e-01,-1.047063180440407776e-01,3.521171788947859982e-01,3.194482593496202061e-02,3.077355636066420042e-01,-8.186689259928939255e-02,-2.041026478866667382e-01,-3.765807728112210429e-01,-4.144516846846370561e-01,-1.819234585994565778e-01,-3.060034404692933419e-01,-1.496171464423629027e-01,-1.819520323026062592e-01,-1.490974139675529664e-01,-2.785555570496094369e-01,-4.376210871795006563e-01,-4.194946999670700616e-01,-2.495037254372424185e-01,-2.871654159160998421e-01,2.515549704731890879e-01,3.394872379854637634e-01,8.826969101372117432e-02,-2.579853696145560996e-02,2.224643237419899819e-02,-1.294196957340261744e-01,6.393344083779786691e-02,-2.794937635316891572e-02,2.169689969147081676e-01,1.095796672181517106e-01,-1.715950319057721329e-02,-8.711720720709767440e-02,1.091697808487826910e-01,1.891106754249187449e-01,6.114440135207202531e-02,3.286456110680858189e-01,3.515374395443577882e-01,3.655673003887220940e-01,2.873251773106150764e-01,1.468692564626011277e-01,1.608988210903080363e-01,-1.975575580148753729e-01,-3.404895145231486703e-02,1.387585538825035214e-01,2.196517090139746553e-01,2.111146904715671402e-01,7.984659505728657070e-02,-7.844672880065152454e-02,-6.025515589164814889e-02,3.747720382274880718e-02,-1.616654758094069333e-01,-1.264231440753868230e-01,2.528386476773000768e-01,4.892747762708943848e-01,1.263754030286091401e-01,1.680657495583533223e-01,-4.099872354212785175e-01,1.579433713452446930e-01,-3.302736526344173806e-01,-8.783207483900094814e-02,3.015974447756573640e-01,-8.314792407077688241e-02,-1.784484962796011598e-01,-9.224866390449815157e-02,-1.067790922236577789e-01,-1.091918306744984468e-01,1.659593108812542905e-01,-3.482727615674607868e-02,2.537998832908880398e-01,2.284935139894192779e-01,-2.711174673813394539e-02,3.699629240288748733e-02,1.907378913063911829e-01,4.452944576277296784e-01,4.364706310868693984e-01,1.524379005650789431e-01,-1.903605612711909145e-01,-5.774354788730411830e-02,1.221022019603787249e-02,-5.703524394609152393e-02,-3.008953093405065116e-01,4.161451303524152379e-02
-1.545193178240373832e-01,3.559133998667500520e-02,-3.893990853515340300e-02,6.527009969925801069e-02,4.304934924899624926e-01,0.000000000000000000e+00,-1.543931492151231488e-01,-1.149383667053189007e-01,5.064323450191444698e-01,6.184744625781386507e-01,-1.243279601574299315e-01,-1.093490011008719023e-02,-5.555769717581872727e-03,8.171234848355621305e-02,4.005629345000147890e-01,5.879556166562488473e-01,-1.003841886799553551e-01,1.370998537268376671e-01,-9.329992365440523128e-02,2.671955338225472792e-02,2.475095190235230280e-01,5.095048742812172682e-01,-3.711087035621183361e-01,-2.713203791896035555e-01,2.730649263713548214e-01,5.510723661174955490e-01,1.168585017446824997e-01,4.407848109536228742e-01,6.814067237408970301e-02,6.301874443390854952e-02,4.915648568824217413e-01,4.389881643099703967e-01,-5.609897309804480481e-02,5.531468035834672531e-02,-1.248774986043813956e-01,8.346494817411152789e-02,1.175793455838207990e-01,1.989586701484519771e-01,1.107072906271114737e-01,2.709321536199764680e-01,7.095670876785623027e-02,-1.305280371596423961e-01,-5.029208435870884397e-01,-3.234105764744684142e-01,-3.394984874725567314e-01,-2.800523724547079873e-01,-3.208890900377095456e-01,-2.396432344399400116e-01,-3.419646164072384642e-01,-2.541061629941011590e-01,-5.027077680873817123e-01,-4.262210581882073801e-01,-3.175170436778543825e-01,-3.679263563468196385e-01,2.585177993768322802e-01,2.273467783070629022e-01,-1.119825413152203547e-01,-4.337100902749128906e-02,-2.400390104650427514e-01,-1.360848662152883415e-01,-2.119048212277723497e-01,1.483101362325041639e-01,-3.720366134527377383e-02,3.254187863430926808e-01,-1.893105808649807875e-01,-1.510877849436711128e-02,-1.226059748233698926e-01,8.985918638705554795e-02,-2.078666712604274047e-02,2.981477719388758163e-01,4.441049033680666280e-01,4.436188727012098654e-01,1.630095738424046092e-01,1.708309662381720384e-01,-1.296788079374724956e-01,2.734090158613666777e-01,6.247992452713591743e-02,2.679115348683421272e-01,8.469620197905335102e-03,9.856453591236050138e-02,-3.791344960201722264e-02,1.338115464840415880e-01,-2.122373810577233427e-02,1.137883712945227110e-01,-1.644086323870753985e-01,1.066864910721630755e-01,5.492405802861437536e-01,4.237686717689245208e-01,2.028453058069918935e-01,5.975979900294547953e-02,5.967200039563709535e-02,2.423400921733232516e-01,1.155045447252075336e-01,-4.794362751921764365e-03,2.165873665005942084e-01,2.179058761921535969e-01,1.031238395865654162e-01,-8.292890577137836464e-03,2.076005406381291885e-01,7.125888320981733914e-02,3.359747517967024977e-01,3.918658671956883749e-02,4.450990082626430366e-01,2.590787104252361694e-01,2.350763320007183965e-01,2.634932544779800545e-01,3.354741356259624552e-01,4.765860866849445099e-01,2.962568321323976184e-01,1.165987841974380906e-01,-2.182378893798153918e-01,-1.070009175436487971e-02,5.147249243947088493e-02,2.417661641399452763e-02,-4.039970222054045657e-02,2.768590086880735601e-01
3.700959115586500703e-01,4.340531403812256800e-02,7.363474979147793809e-01,4.757052351335437357e-01,7.172347816395555076e-02,-1.543931492151231488e-01,0.000000000000000000e+00,2.930714255965513604e-01,-2.120055393434559093e-02,-1.641186281561884119e-01,6.104063945938902336e-01,-5.647257884846549475e-02,6.570764201743873878e-01,7.501841026193087347e-02,-2.306601634075047119e-02,-1.590386078756943211e-01,-1.557614061020922147e-01,-4.042470637207156159e-01,6.017741416259085874e-01,1.855259101949281175e-01,-6.730335201171815107e-02,-1.752769042818419498e-01,4.543664343931306249e-01,3.701503898009786964e-01,8.542117771020260597e-02,-1.762652157531312547e-01,6.990103063531252769e-02,5.092550431629045554e-02,-1.154941440797053742e-01,-3.052854719162906849e-01,-2.108036569436983268e-02,-1.410772509227335991e-01,8.526023220841544292e-02,-7.380705314519607485e-02,3.420663596737293366e-01,1.709656080803701461e-01,-3.051777849937579168e-01,-1.732509580886936462e-01,-1.351543898055234394e-01,-2.640861981907463574e-01,-1.961574779788292922e-01,-7.802255522596354687e-02,-1.712442446565596577e-01,-2.838054510071010283e-01,-3.622618504490439095e-01,-3.070841535110399034e-01,-1.379204552286091012e-01,-2.669686694624439638e-01,-3.259329860335930529e-01,-3.553237537109275590e-01,-1.458777390252290751e-01,-3.536213252162819232e-01,-1.582368946085832284e-01,2.001344548882198413e-02,-1.142734101129775498e-01,-8.336324965915727081e-02,1.329855791825623745e-01,-2.391075896549843191e-02,2.767199558344767829e-01,-9.383249557510629779e-02,5.252283972359829134e-01,-3.658798695730222650e-02,-1.288069686312773854e-01,-5.924514320754382668e-01,4.150564213513465162e-01,1.482488678778483282e-01,4.156758298706962895e-01,7.381828253211980551e-02,2.005616818691820791e-01,4.404846409905701504e-02,8.049057154900070288e-02,7.887619788975856749e-02,1.707847240998082439e-02,-1.165146014384044887e-03,2.265184278155530917e-01,-3.535477931927093476e-01,2.505671830554156987e-01,8.739186776930199518e-02,-1.858925797766864951e-01,-2.366493157575545181e-01,-1.968988178931112831e-01,-3.705928539709109071e-01,-1.896925745464877466e-01,-2.767175249678446303e-01,1.430301634749573947e-01,-2.627958138188919990e-01,-3.012011766003061530e-01,-1.415883060666627558e-01,-5.501755035126907473e-02,-6.083910152369310237e-02,-3.060045721752887790e-02,2.761299290649750215e-01,8.639140041398700454e-02,3.956006795247833940e-01,2.314956507156543386e-01,-1.666734765883864655e-01,-1.266191712684781312e-01,-1.020333912218656103e-01,4.902326644416483969e-03,1.627613977027950742e-01,-6.346234553234726683e-02,5.168870972966634059e-02,-7.666181580309733290e-02,-5.388745835550527025e-02,5.090144750907812932e-04,-3.876338708402499861e-02,-1.059011466828965603e-01,-1.381586096396371366e-01,-1.172916664073069409e-01,-3.899205696506666263e-01,4.495035742564086265e-03,3.232095328877088863e-02,1.298186345244177198e-01,1.669229060766488915e-01,7.998059878144210544e-02,-1.021346638108205779e-01
-1.979663086006467621e-01,-9.388347698085917903e-02,5.293995607679988225e-02,5.805621167764006829e-01,-2.204552077189554649e-01,-1.149383667053189007e-01,2.930714255965513604e-01,0.000000000000000000e+00,2.755755094104745881e-02,1.419580661268539656e-01,6.357286780097540224e-02,1.763548149274649091e-01,-4.915095325682072164e-02,4.672771717094963834e-02,3.856365649646883997e-02,1.543787956756726698e-01,-3.833031760741774097e-01,-3.460027179952935295e-01,2.864567387484726058e-01,1.102097902696900084e-01,1.473253876074516189e-01,-3.428863524205769814e-02,4.387089813167235341e-01,2.278308938918937043e-01,-2.177135631335808674e-01,-1.021382010685039643e-01,-1.296361988956112876e-01,-6.521122354333350191e-02,-3.568124395790219783e-01,2.232642981991821846e-02,-1.303057378847426728e-01,-7.270997781271835991e-02,6.830766907832259982e-02,1.005685790077011782e-01,9.376617878248828808e-02,1.963065902161284515e-01,-1.935313109330010772e-01,-2.736567601645181202e-01,-3.422909481229393508e-02,-1.041864546981643019e-01,3.941334205182066980e-02,-3.248913453434231977e-03,-1.966233854399184744e-01,-1.650985231061435632e-01,-3.114478290083678713e-01,-1.018015588683673367e-01,-2.754247948917191158e-01,-2.919343818304084293e-01,-2.872768578127598560e-01,-2.362894402331507659e-01,-1.209293948837969618e-01,-9.532607031936891906e-02,-3.184395317237352641e-02,-6.383420986687378396e-02,-2.929504858013064483e-01,-4.118341966815452504e-01,-2.228055099373489056e-01,-1.849907284643068084e-01,-1.658202473903693519e-01,-2.163155049146980591e-01,2.343514625058264467e-01,4.890090410605177906e-01,-6.722188547294386494e-03,4.558973964154681979e-02,2.597318411338315203e-01,3.795116099730544423e-01,3.822079514842188080e-02,1.215132952835561303e-01,-2.415420639168644468e-01,-1.877540653731655518e-01,1.374967500358267869e-01,-1.818058065381993743e-02,-3.070486215887894416e-02,1.991113740771370821e-01,2.738604322785583370e-02,1.001830404852876583e-01,2.257450157996111241e-03,-3.321843292677562759e-02,-1.101523978351959254e-01,-2.237065407799237182e-01,-6.690239029752122202e-02,-8.199836325390695568e-02,1.465961254099228291e-02,-4.663080974758068709e-02,2.618578667599942567e-02,-4.285701512648192046e-02,-1.185847099058461862e-01,-3.042580549760764419e-01,-1.805731657590747483e-02,-1.803703910005182987e-01,1.988079653535315128e-01,-2.228065541982360287e-01,1.644695586353398797e-01,-2.881073442212715371e-02,-3.893133578715307630e-02,2.620198033130630710e-01,5.799369602489046899e-02,-8.726891761413357873e-02,-1.016873284628539847e-01,-1.399237233349941156e-01,-1.346133451402390935e-01,-2.097224397957135611e-01,-2.779434015465065411e-01,-4.013082123384540401e-01,-2.606679232412265623e-01,-3.373765599105938984e-01,-2.169691164121311522e-01,-2.334039061857809960e-01,-1.377167360968049592e-01,-2.205872878191779962e-01,-9.231817989494046917e-02,-9.729473386004704183e-02,-1.630748927222236758e-02,5.666830978934208479e-02,4.404265630866072145e-02,-2.533190549896817689e-01
-3.053419375071528830e-01,-1.948218701966092092e-01,-1.245309922840217298e-01,-7.893943632271058219e-02,5.773684859988698070e-01,5.064323450191444698e-01,-2.120055393434559093e-02,2.755755094104745881e-02,0.000000000000000000e+00,7.329521214765964965e-01,-2.036487263550317284e-01,-6.460142524187491297e-02,3.276483670212363558e-02,8.240310163227976270e-02,5.311431883319955860e-01,6.067509615545157997e-01,-7.018361128076058830e-02,1.368092404694927489e-01,-2.559682534483042060e-01,-2.254446397968847549e-01,4.364537111207971720e-01,3.770464733001114843e-01,-3.194464533813905494e-01,-3.248815527737856090e-01,2.077470304677416779e-01,4.419014836017026160e-01,1.964322183602325300e-01,4.650803817043472899e-01,1.351364765082442854e-01,8.816456634824201832e-02,3.989954437992514480e-01,3.740676146946570468e-01,-1.428781085652618132e-01,4.321406175046487580e-02,-8.502028415561323216e-02,-6.181899604392459419e-02,6.442037754393924176e-02,5.077270929462986138e-02,2.434950700245917254e-01,1.393160059059488087e-01,1.851945012202676488e-01,-1.584983383180113836e-01,-4.099334666495959567e-01,-3.038610460034597560e-01,-1.965899271638753554e-01,-2.096882222875022517e-01,-3.393448332003683454e-01,-2.900479605576194442e-01,-7.069365894452506183e-02,-1.388320477138668407e-01,-3.580681793934228918e-01,-2.427158690266728591e-01,-2.484265360945248080e-01,-3.155904892193988065e-01,-1.003189059459122165e-02,3.799685644124103229e-02,-5.645801900922551436e-02,5.314844335083534696e-03,8.208707513266055855e-02,-1.226684425413963886e-01,1.255214827923980814e-01,3.194934691233323742e-01,2.555548431846816348e-01,3.743226746684231165e-01,6.583218656335222685e-02,8.337839949217715207e-02,1.241606220126355159e-01,1.898476877651595340e-01,-3.091033960882246800e-01,-8.217575144912524221e-02,2.223511659711219779e-01,3.554402817080685728e-01,1.622068581010654709e-01,1.161091540796838212e-01,-7.078056223674816794e-02,8.474074624536245826e-02,3.944206465114478283e-02,1.774817403196698451e-01,-1.370309102766988363e-01,-9.222805308192770285e-04,-7.132776022624069678e-02,-6.398125340224726509e-02,-1.841865762220787073e-01,1.371794725005669457e-01,-3.187463003606582079e-01,1.221195545090853346e-01,3.275526993275507670e-01,3.588011519325339793e-01,7.963920761141437404e-03,1.160932355421857298e-01,-2.084448169876537971e-01,1.136921786257470424e-01,-2.891208572145960720e-01,-2.548078101407498172e-02,-5.043147923956473044e-02,-1.528127577043397467e-01,-1.757568234994466294e-01,-9.120577389126857670e-02,-6.532808965011070723e-02,-1.494816495460215763e-02,1.396024306722813413e-01,2.138557236242369375e-02,1.700185809528692582e-01,1.461715710331686624e-01,2.758811721150906254e-02,1.085956147709228464e-01,1.371887691025671929e-01,2.861885325961075477e-01,8.812154390818376093e-02,-4.756791495657856916e-02,-1.998923309031449269e-01,-1.630245308775926660e-01,-7.071080823993382281e-02,-1.609847127630506802e-01,-1.247237307703520925e-01,1.353017013391036028e-01
-4.630071598246923714e-01,-2.434624535750111729e-01,-2.466490516730335536e-01,7.223682358754019263e-04,3.284853912673679766e-01,6.184744625781386507e-01,-1.641186281561884119e-01,1.419580661268539656e-01,7.329521214765964965e-01,0.000000000000000000e+00,-3.458545447717520926e-01,-9.329073754550570863e-02,-1.993938210950240153e-01,7.641954611838346068e-02,4.884620786816451510e-01,8.489118086419762399e-01,-1.607634126262953433e-01,7.655268826509546709e-02,-2.150967370858457295e-01,-2.327613513652381227e-01,4.546810938074328790e-01,6.595246232286137156e-01,-3.665290556151540313e-01,-3.575120154236230974e-01,3.367613972686660240e-02,4.542857059543975451e-01,6.734515604300500557e-02,5.299124716767305010e-01,1.130063970497066292e-02,3.385943273113424523e-02,3.335428159008660964e-01,4.263425867495488353e-01,-1.891286110170843360e-01,4.889490801819346838e-05,-1.948710516612807142e-01,-2.086820281325559023e-02,3.482876184324178448e-01,1.041602535792384432e-01,3.117761034271512299e-01,3.106103760827382265e-01,3.555426699799359436e-01,4.203465476033744347e-02,-5.316337181089410002e-01,-3.685827731299111121e-01,-3.913776138299548957e-01,-3.532109502494676923e-01,-5.503967227499194648e-01,-4.415742365923135404e-01,-2.973115814439966642e-01,-2.770979415611983243e-01,-5.924174799983266126e-01,-3.482179028694242784e-01,-3.925389658684867999e-01,-3.801298545740418033e-01,-1.232095237323417303e-01,1.945668678627905396e-03,-3.677579396432923975e-01,-1.947981866947044172e-01,-2.382572313368602201e-01,-3.567219746763373167e-01,3.555842887513522427e-02,4.788831862106103232e-01,8.690097199616456103e-02,5.063409511725529555e-01,-8.161897441097400174e-02,1.407714135031851443e-01,-7.207371044984431374e-02,1.081101239996126034e-01,-4.887538224750546112e-01,-3.028375114706995455e-02,2.470120326382196363e-01,4.384829684093665692e-01,-1.373015219995138425e-01,-6.314976198159229226e-02,-3.813583220524525141e-01,2.092154100495352276e-01,-7.356673965247180480e-02,1.043636468332934941e-01,-1.596609538988408017e-01,1.221990577858141636e-01,1.501416175443640207e-02,2.385971470545835971e-01,-7.854903234089283259e-02,3.950222663063905348e-01,-2.618282649823173713e-01,3.793888457914902923e-01,5.206316349182037451e-01,4.796475480539255098e-01,8.564735743497522980e-02,3.224584317956648016e-01,2.322589238794281127e-02,2.319979096856021050e-01,-5.189001725894304418e-02,9.413649617552612148e-02,1.311225928521039252e-01,1.491780287430978791e-01,8.017724294393888118e-02,2.218986399565065631e-02,8.603043472694997529e-02,1.143568581306602383e-01,2.274347064443369426e-01,5.047376980168374883e-02,2.143836142535417155e-01,1.377668527001257026e-01,2.622952575220495464e-02,7.760432639069286820e-02,2.070852125038977198e-01,4.089873680544098278e-01,1.236134084798794358e-01,6.807166451858767675e-02,-2.760582709352792929e-01,-6.673959855132929886e-02,-1.598777922069650748e-01,-1.239962684569964890e-01,-9.980307258662195202e-02,1.588576888592655167e-01
5.559308767699393528e-01,3.037880186980160824e-01,5.753050794376362020e-01,1.539702435985082773e-01,1.071357873320320370e-01,-1.243279601574299315e-01,6.104063945938902336e-01,6.357286780097540224e-02,-2.036487263550317284e-01,-3.458545447717520926e-01,0.000000000000000000e+00,2.052580960822164569e-01,7.927646981745438692e-01,2.258927309326538846e-01,7.164547235486540266e-02,-2.010615135026052602e-01,6.970427527089896602e-02,9.385815796786723883e-03,6.134623538797855380e-01,3.774444603624785288e-01,-8.413223919494416947e-02,-7.277895783455977374e-02,3.496947198696460646e-01,1.717782170877957815e-01,9.012692843317644809e-02,-1.331653824383305929e-01,8.396984925802805644e-02,-3.821283646498286474e-02,1.515193997400474668e-01,1.044318748393846114e-01,5.328112150275551850e-02,-1.489291832152926098e-01,1.880409113184857151e-01,5.832859184249513523e-02,6.406609348048561414e-02,-1.596020775413499737e-01,-3.640473965488658092e-01,-9.149300796096732080e-02,-2.206595726908949506e-01,-5.743772785988209700e-02,-2.421764927929604683e-01,-3.111372042025300350e-02,-1.611305798527139510e-01,-2.980660186006351409e-01,-2.602661774249142024e-01,-2.061648758696055239e-01,-6.115775591041808235e-02,-1.127377358517611394e-01,-3.108928661977912733e-01,-2.097571511806180788e-01,-4.539000312586202041e-02,-2.388398012857570751e-01,6.939369591179028740e-02,2.912713461823153438e-02,2.091648852499345956e-01,6.169813767828754257e-03,2.523400628845942628e-01,1.196909536624151948e-01,3.407519879532653895e-01,1.102395661148017209e-01,4.761144813809894405e-01,-1.446323322602265649e-01,1.305025209069746728e-01,-4.283026550531932597e-01,4.859331227061165770e-02,-1.203353727229719838e-01,-1.631363897072724695e-02,-2.761505886017000533e-01,4.637272827978570211e-01,2.814350165230540268e-01,6.658201087315136768e-02,-5.593587390016446087e-02,1.164666226721910031e-01,1.464953756912652227e-01,1.329554358441477624e-01,-2.074572090313493156e-01,2.921571837466232502e-01,2.298029654007422914e-02,4.404931642490984844e-02,3.379928225832502797e-02,7.755103374521361836e-02,-1.651853685254448811e-01,1.148385943797494563e-01,-2.036301794589825409e-01,1.917144139026611960e-01,-4.715730389367002728e-01,-1.411382137045332497e-01,-1.538236536229022344e-01,2.092850774875451569e-01,-2.307846744164133157e-01,-7.701255605580252517e-02,2.670608038526019884e-02,4.675580232318081453e-02,5.203096516544981204e-02,2.209284156229133766e-01,-1.971954681650268937e-02,-9.935988963245839800e-02,-1.662633104381926741e-01,-2.200306577067488445e-01,-1.662884189942425706e-01,-1.060012560702961598e-02,-1.504818743482417565e-01,-1.002745181103888682e-02,-9.101283025560091833e-02,-3.203569348247257281e-02,-9.543455165967532072e-02,-7.490950413741041813e-02,-1.565654966239788115e-01,1.658677158697481890e-01,-6.529207787743557256e-02,-1.807370797651836891e-01,-2.391385174325396656e-01,-1.526906899154792940e-01,-2.085322383561328818e-01,-1.425611929026487368e-01,-1.322819157586115346e-01
1.378312129621255266e-01,1.485481811961875676e-01,-5.309383097221374859e-02,6.608514826584648005e-02,1.587953372768704241e-01,-1.093490011008719023e-02,-5.647257884846549475e-02,1.763548149274649091e-01,-6.460142524187491297e-02,-9.329073754550570863e-02,2.052580960822164569e-01,0.000000000000000000e+00,2.063471484597591277e-01,6.155838102187355387e-01,2.688751679537720873e-01,1.930047747696212179e-01,3.270606612824092374e-01,4.105382267942399022e-01,7.404087258559714779e-02,3.610614885823543174e-01,2.495973200840435891e-01,1.367131545646509683e-01,8.544647112651157506e-02,2.188935119405315266e-01,2.583588577080763726e-01,1.089967126571388459e-02,4.811949150092710292e-01,2.343441223621703373e-01,4.320018930735308738e-01,6.295138401857515165e-01,3.443985025606586259e-01,3.465865344401078407e-01,1.562660552712150097e-01,2.200529780227700183e-01,-2.693144270975020294e-01,-2.606278938473008955e-01,-1.681856674018851819e-02,1.662640416120386433e-01,-4.773182203389739198e-02,2.178392298320170894e-01,1.692049024472591368e-01,3.283367293136228993e-01,-8.809068796966817994e-02,-1.249687149550037096e-01,-2.720971461958598958e-02,-1.181349929015893391e-01,-1.589033792898126435e-02,-1.548065447902644554e-01,2.606016408893791630e-02,-2.436848751707123423e-02,-1.595001744738040184e-01,-2.538660046162424799e-02,-1.717555940946773885e-01,-2.848903397184749942e-01,-1.416626709599285161e-01,6.913906913679580823e-02,1.139104969626203168e-01,-4.177522741330279982e-02,-3.007155680588373126e-01,-1.128430474016870605e-01,-3.252457545226997149e-01,-1.014641157895438683e-01,3.177971520567496322e-01,3.319760158695235774e-01,-2.479623050322619926e-01,-1.590340760015793997e-01,-3.648185525908762550e-01,-2.580349650069846956e-01,8.482022066426717077e-02,1.335226127912483296e-01,3.231284020279537872e-01,1.253759455823861280e-01,3.853227547503996209e-01,3.199413273772657718e-01,1.922412661033902903e-01,2.213766091565667060e-01,-5.159588349343052771e-02,7.216999178195475373e-02,3.006157208704043904e-01,2.280910706302587687e-01,3.419670616606488300e-01,2.906300454226550256e-01,4.004700762459058039e-01,3.332972548055615492e-01,-8.071930980897888686e-03,-1.122343014390336929e-01,7.922254980309340056e-02,2.071836985397559061e-01,-1.318722622928054089e-01,-2.644493897057851872e-01,-3.333385259493645836e-01,-2.324662550247509063e-01,-1.550887305207660494e-01,-4.367365837093269421e-01,1.148363475302679668e-02,1.725027951896423717e-01,-7.415453470180217999e-02,3.892924664541693586e-02,-3.560907044502444330e-01,-3.289342722714076461e-01,-2.046743343312881769e-01,-6.576932467986623676e-02,7.431107220263344360e-02,8.508232945934576796e-02,-1.193153964128704225e-01,-6.591015452405171726e-02,9.233847469603974345e-02,1.403566762085005915e-01,1.835518643326630728e-01,2.258046074924776880e-01,-2.323377341363934701e-01,-3.370727348249364930e-01,-7.235048485907143168e-02,-4.178527705977141959e-02,-2.715019559081217615e-01,-1.590820938926303385e-01
5.038336664365052897e-01,1.450982139142860949e-01,6.482983103563784155e-01,2.394343532621936166e-01,3.283335125378598063e-01,-5.555769717581872727e-03,6.570764201743873878e-01,-4.915095325682072164e-02,3.276483670212363558e-02,-1.993938210950240153e-01,7.927646981745438692e-01,2.063471484597591277e-01,0.000000000000000000e+00,4.193550369275109713e-01,3.464723161847565458e-01,-2.636956233068202260e-02,1.717679063347623269e-01,-3.086772830579376237e-02,5.081195024452306308e-01,3.387144471899783404e-01,6.792839917805100491e-02,2.382389253350922220e-03,3.291867968158476709e-01,3.165350672777217933e-01,3.808721196592586011e-01,1.969475704009339967e-01,1.890795333714843096e-01,9.373087879428966540e-02,2.515611169474873954e-01,5.191855264183824203e-02,2.495166260897887234e-01,1.316129808950601832e-01,2.716302688005289845e-01,1.874700852779041804e-01,1.666232422543766911e-01,-2.296604518370067363e-02,-2.496662908802153025e-01,-6.386927127119965131e-02,-1.969581175122091798e-01,7.778611807169806547e-02,-2.201602108512335787e-01,-8.962349308485537125e-02,-2.795655285860676464e-01,-3.989431442013380291e-01,-3.332640013316121586e-01,-3.747401803435900791e-01,-1.631286166781762137e-01,-3.221568734171704751e-01,-2.625905463048890942e-01,-3.469848685575770419e-01,-2.420023279115295911e-01,-3.517908183738393535e-01,-2.125108010192606478e-01,-1.696231978539409213e-01,4.716554679800610828e-02,2.049709721853965744e-02,2.093691086522203870e-01,6.771701225505213917e-02,2.312376219783520426e-01,-5.605079736543691626e-02,5.546535760128776804e-01,-1.096391051275255601e-01,3.000201382898650890e-02,-3.817749098426219678e-01,1.894390989906687139e-01,4.731098156899345153e-02,1.748702591147820173e-01,-4.375997372849280836e-02,3.916805694477938360e-01,3.308561102036146617e-01,1.972683344824461837e-01,1.954229988734097201e-01,2.688833977084137405e-01,2.242124030436184190e-01,1.536297337545701469e-02,-2.118414150781223748e-01,1.783904872691408350e-01,6.724321930474647102e-02,1.011847333705119534e-01,1.716325193297691429e-04,1.345547126252541470e-01,-1.062109519474618846e-01,7.636644789349709972e-02,-1.221853321004151144e-01,2.630361637634207606e-01,-2.304594998339871414e-01,-6.920439833198184509e-02,6.743336346207874643e-02,1.537503499181577457e-02,-1.537823383158866408e-01,-3.967526789367633033e-01,1.102516882735898457e-01,-1.670365766403225372e-01,4.063294199776436300e-02,2.430268838880312032e-01,-8.801957352644416976e-02,-2.279855403297271765e-01,-1.949339945035235278e-01,-3.610586391515170357e-01,-2.395061380860341871e-01,-9.872716394485896163e-02,-1.451531921041745998e-01,-2.089175996090782313e-03,-1.017675402162491333e-02,-8.111790213756897572e-02,-6.839302070708390413e-02,-1.939498069972310848e-02,-3.345251643219295662e-02,1.984497059100690797e-01,2.147145346442093372e-02,-2.826625319205897657e-01,-2.319689518163340347e-01,-1.809531907323062572e-01,-9.363639758192429663e-02,-1.664294287922855331e-01,-1.310346608166970683e-01
