0.000000000000000000e+00,4.571377060910544743e-01,3.217658743176399216e-01,1.629613024382080833e-01,3.521137320035940266e-01,2.231834921964442053e-01,6.661525819618663302e-01,3.020214614520336238e-01,3.293808138950904962e-01,4.262493938475661603e-01,7.071826084038529414e-01,4.533345830504235674e-01,7.980722238175945726e-01,5.269520970375197316e-02,3.512840882789777797e-01,-1.789729143215277457e-02,-2.950868799163445244e-01,-2.141319003914319841e-01,6.369942428411528024e-01,4.206895515582151357e-01,1.726773569060454649e-01,8.542934459361771482e-02,-2.090483938370067962e-01,-3.412860289475538877e-01,-4.490919166706631716e-01,-4.012834823057416234e-01,1.205257401324111438e-01,-3.251562310478330747e-02,-7.706905350282350353e-02,-1.286357020473603840e-01,-1.763761919604123207e-01,-3.283816785973089902e-01,-2.765892894925861545e-01,-3.541168906542728756e-01,-9.524923074591429284e-02,-2.870954985301839568e-01,-3.195113002181388939e-01,-3.536163253667455320e-01,4.970150280108986962e-02,-2.354783688849548251e-01,-3.866597957234677585e-01,-3.417844702570941307e-01,-3.188704052715751192e-01,-2.417051359934584143e-01,-5.276143160176627322e-01,-4.609243735285785126e-01,-4.954713292879330822e-01,-1.654770697167589621e-01,-3.507442953629762439e-01,-2.901569678249632522e-01,-4.133597556640616899e-01,-2.283841239513555721e-01,-2.352901277973797056e-01,-3.661065551688180708e-02,-2.439027349922332777e-01,-1.954059079485100103e-01,4.229637071146848948e-01,2.207875800366184693e-01,3.236981006255657545e-01,2.118684609603328772e-01,7.007164058329320433e-01,3.507877215184919684e-01,5.770073451410984849e-02,-3.402306993543115499e-01,1.364539360673558584e-02,-2.533605069287174216e-01,-2.408471441801862678e-01,-3.606342625249019385e-01,2.363051488355068508e-01,-2.369680446664838500e-02,3.953461761303024291e-01,4.267712690033610423e-01,1.330138537800144294e-01,1.478219055029348361e-01,4.227184179702974665e-01,1.220627652403571822e-01,4.538439415566938862e-01,2.725499992997221788e-01,-1.938582366421024994e-01,-1.013316770500584940e-01,-2.286289096381917685e-01,3.521087440851661948e-02,-1.080938381458286801e-01,-2.115409938767664755e-01,-1.679348493964730182e-01,-3.061777893418017871e-01,-1.808261290652773412e-01,-9.717979040597511664e-02,1.330830931505198600e-01,-9.871855591381525907e-02,-1.522236156801494954e-02,6.560487769088221843e-02,-1.948437123719250208e-01,6.717321222248555379e-02,-9.765856611237465346e-02,1.335206294242619329e-01,-7.142972030441549491e-02,1.091835534692525006e-01,1.062027197554322594e-01,3.065799133639355301e-01,4.780959063592870456e-02,2.672307565043297584e-01,2.386372346492886820e-01,3.004314453409459573e-01,9.200871304018423680e-02,-1.331966472120209855e-01,2.358915126862420886e-01,3.390086864847444703e-01,-2.115322748488350779e-01,-1.433207698880117342e-01,7.570984538880158599e-02,2.033934309587114367e-02,-2.045002140847435312e-01,2.108193266668701715e-01,1.314069869934070267e-01,4.569773996691726958e-02
4.571377060910544743e-01,0.000000000000000000e+00,3.440008845592233966e-01,3.420589012698096454e-01,5.431889337771775850e-01,3.254304239040250457e-01,1.851534613023972375e-01,-2.345302480033698012e-02,3.406366141095449884e-01,4.083747972687422623e-01,3.918585813939772788e-01,-7.738410996919809545e-04,1.883482302370585171e-01,8.357901063956706122e-02,3.682932907666722211e-01,9.904047091223139310e-02,6.550658868739502039e-02,1.705388444786166968e-01,5.127788068528853493e-01,4.531429968635202754e-01,1.973997470823229128e-01,2.273811275431550094e-01,2.097671726015810922e-01,1.214820623640939234e-01,2.729917567754401239e-02,-6.486919924465035792e-02,2.804869858238417391e-01,-1.199996509573289516e-01,1.234857189321473536e-01,1.696543875536544732e-01,1.537876525280857110e-01,1.456243140471543684e-01,2.382824821496455636e-01,1.242159727075522746e-01,2.537876264170602636e-01,3.879705476917220258e-02,-2.358461310180930415e-01,-2.304564056563286611e-01,-1.434463650165233688e-02,-4.044915550564916473e-01,-1.320915339793812260e-01,-1.602407704827667201e-01,-3.408975619558771153e-01,-2.371573878952550340e-01,-4.427322995384592730e-01,-4.410514429453103458e-01,-2.958707728074927990e-01,-3.149485004011077782e-01,-5.593094112172313226e-01,-4.746798065395175792e-01,-4.985598033002998641e-01,-4.971141720642526241e-01,-4.345402356047529668e-01,-2.805130809618212040e-01,-4.176156176638000650e-01,-4.128588978302002443e-01,7.953200299367257919e-01,6.794794617095827327e-01,-1.297381568822592035e-01,-2.078565784367806812e-01,1.651626939423146423e-01,6.363291969028395112e-02,3.909843768548104670e-01,2.119738423115752057e-01,-2.000359269728567077e-02,-9.674019533135079507e-02,-2.134738149124690842e-01,-2.831528616213940808e-01,3.987286878704898174e-01,2.601693388875102042e-01,3.151163910247009592e-01,2.830619535174923596e-01,-2.662383905302522988e-03,4.338921175641319294e-02,3.768588417369638233e-01,1.643849519948789861e-01,1.095551538713757794e-01,-1.075692704690494050e-01,1.373243599596864466e-03,-1.096116890961675583e-01,-3.335316594643941701e-02,6.129248259458299625e-02,-2.652818017130731398e-01,-2.417138670017252577e-01,-7.972953717871898716e-02,-2.111241113674640901e-01,5.610324411066420353e-02,1.236047455618134450e-01,-1.702327598912920237e-01,-2.373377499212243613e-01,-3.182187744327541826e-03,9.209792605598854376e-02,4.749053387692706713e-02,-3.046982815660633989e-02,-1.335653285455755401e-01,-5.155339299725621161e-02,-3.152232832112479288e-01,-1.680766825631844208e-01,-4.470730906057213128e-02,1.272985844951924905e-01,-2.765122723733040577e-04,-3.218960157688754986e-02,3.303555853004237486e-01,1.467059510117408316e-01,1.686309771606748498e-01,-1.863491866836285427e-01,6.452254271137369823e-02,1.366226432780770494e-01,-3.070165439137358954e-01,-2.690362927056255682e-01,-1.921293194234357238e-01,-1.824421115655197323e-01,-2.849670063127658359e-01,-5.852330641423934138e-02,-1.299599068727146645e-01,2.191624734704243072e-01
3.217658743176399216e-01,3.440008845592233966e-01,0.000000000000000000e+00,5.991493203264660616e-01,5.926839433571704507e-01,5.091693906922660773e-01,5.834734171456306129e-01,-2.839478369368137606e-02,4.655467175733360996e-01,4.339927346703670863e-01,-6.940923999710481296e-02,-2.911684452334641904e-01,1.992368034468122440e-01,-5.751349135375053573e-02,2.704529029714864974e-01,-1.618491642670495060e-03,-3.089639729779484756e-01,-2.210155963993402917e-01,1.890573946869372191e-01,1.470489216133471777e-01,4.673664902942044619e-01,4.170012427841597868e-01,6.542467699176400808e-01,5.576181548071273975e-01,4.198088966340524086e-01,1.013228278869664628e-01,3.436746786995573677e-01,1.983675504302585546e-01,-3.838800567908289274e-01,-3.587394181305952889e-01,1.961677562286654464e-01,1.768552840247036295e-01,3.025651296079678431e-03,-1.441755407216951113e-01,3.577727891582891395e-01,2.186454480566501490e-01,-3.627486031413464374e-01,-4.367334048686645209e-01,1.181094454797611965e-01,-3.882757945441874248e-01,-3.324817322712562695e-01,-3.569463375615350986e-01,-3.355278669211027576e-01,-1.370114279821963155e-01,-2.790749244526106732e-01,-4.509844127492385613e-01,-4.411467445367438511e-01,-2.237570899095105148e-01,-5.121767290961211083e-01,-4.428013466852273039e-01,-5.392141980139173452e-01,-4.035587720024816361e-01,-6.237956772914552417e-01,-4.143738481650160455e-01,-3.976963625312046613e-01,-4.772317804966938470e-01,3.592401542783353885e-01,3.758975591384148274e-01,9.245003414769634165e-02,-1.303311061999506450e-02,1.469938752731935749e-01,3.398145196179287036e-02,-1.337695324158636734e-01,5.519682589417152646e-02,5.240514114757418573e-01,2.959103079999944041e-01,4.375755757237919652e-01,1.041857298858611808e-01,4.967508312877620402e-01,2.306243651138978334e-01,1.026463617003545853e-01,2.461752504901496830e-01,-1.877767093043284374e-01,-1.017024250195189133e-01,9.459633173844333998e-02,-2.022120382593978194e-01,1.407088856129788679e-01,-1.744475486848810764e-01,-4.666746287292941608e-01,-4.384340097724275798e-01,-3.997702070348702619e-01,-2.893771842373727421e-01,-2.608751077987616074e-01,-3.570334587468144694e-01,-5.301818784854208516e-02,-3.121312061139313032e-01,1.797428790179415037e-01,1.882333691977934598e-01,8.624356164427184057e-02,-1.989715919787883869e-01,1.154514149986346633e-01,1.276551815561627612e-01,1.000964023374490974e-01,9.426193307335867244e-02,-7.165645767895219287e-02,6.465920291343162096e-02,-2.633468127450185325e-01,-3.810655243218162569e-02,-1.271306235883388480e-01,2.093000380355525547e-01,-9.000084463407932722e-02,-1.907877025168435714e-01,4.871077579771351806e-01,2.306711335713076128e-01,3.413610776663060231e-01,1.438081959403565147e-01,3.106323490081352445e-01,5.186485339608233325e-01,-3.247612667488133931e-01,-3.312030349765426873e-01,-2.055433628450301364e-01,-7.770271231284377189e-02,-3.433651843635404100e-01,-1.186573354201928415e-01,-6.745129233836449911e-02,2.974681450747707623e-01
1.629613024382080833e-01,3.420589012698096454e-01,5.991493203264660616e-01,0.000000000000000000e+00,4.843463536414088222e-01,4.659843454217986181e-01,4.735425133190823144e-01,4.659993431253777740e-01,3.746193305934508722e-01,4.858834552131141571e-01,-1.171593158100372456e-01,-1.976720564108395140e-01,-4.430609354198435795e-02,-7.312484840090932581e-02,7.926188585428747824e-02,-9.686236456639335524e-02,-3.698904611153182032e-01,-3.039602910340764574e-01,2.590514085529342925e-01,2.551820035713718293e-01,3.918203520556963193e-01,2.067657853527974376e-01,4.475692067593954881e-01,5.292211430858728693e-01,1.755773227943043246e-01,-8.017139149355619054e-02,3.132099937195211847e-01,9.082828530777869612e-04,-3.726916726086008103e-01,-3.139495198986108626e-01,1.571449870473317911e-01,2.666940405813144066e-01,1.596326800438208626e-01,1.265070731689666717e-01,5.068697373165271802e-01,3.893682916287568019e-01,-4.325226019682606449e-01,-4.544814687736598025e-01,3.451540381385070910e-01,-3.955385491979829249e-01,-4.528639014838077292e-01,-5.382705963188935128e-01,-5.029712254826596007e-01,-4.476764415202870717e-01,-3.103815509796559180e-01,-4.571757404638766564e-01,-3.980150997953334491e-01,-2.022420442346737901e-01,-4.518742175694974716e-01,-4.633085128221693383e-01,-5.246747645370503088e-01,-4.111394511348747671e-01,-4.714525336035899628e-01,-2.853946878505694840e-01,-2.914045007910686103e-01,-4.744455121343137405e-01,2.770799988549441650e-01,2.084630955194701207e-01,2.360488155825395812e-02,6.131706152219953271e-02,1.991671666568715360e-01,3.143436697036458560e-01,-7.069755414126183135e-02,3.355347520941524136e-03,3.120309652078603335e-01,6.643824118536013623e-01,2.946377161801732036e-01,3.646366047609482797e-01,5.917532421450788505e-01,2.697145430559355073e-01,-9.076452168174224677e-02,-2.448817358101315275e-02,-3.651905549466226142e-01,-1.538241687238963429e-01,4.742162873192404260e-02,-1.581393387367212577e-01,-3.987250808784214423e-02,-1.315762179255034192e-01,-2.774438163163981952e-01,-4.970112132844267672e-01,-4.217049900898371950e-01,-3.685773899605844228e-01,-3.148905704357592983e-01,-5.024718661003793052e-01,-1.377094595300724644e-01,-3.268305654157836471e-01,-5.669771653407085915e-02,2.294613586504297698e-01,1.179326177843482426e-01,-2.670349357628195447e-02,2.828692453992455169e-01,1.259729061655258664e-01,3.310134052153669848e-01,-2.770930898517372058e-03,-1.829060912486908941e-01,1.815689515194499060e-01,-2.542534188034538678e-01,6.248470031625223686e-02,-1.160434121849620720e-01,-1.500547743785161092e-01,1.734715948956213061e-01,-2.609471897523102379e-01,4.368591079785866249e-01,2.492018289356358607e-01,5.449205527822742479e-01,2.630069539078528917e-01,3.533067045735164835e-01,3.057675262826828333e-01,-4.872108880758951321e-01,-4.216693451421621441e-01,-7.126232514567736043e-02,-1.867379633391913485e-01,-4.275350503269556568e-01,-1.107898824130844617e-01,1.640855815083797076e-01,4.357010516121274102e-01
3.521137320035940266e-01,5.431889337771775850e-01,5.926839433571704507e-01,4.843463536414088222e-01,0.000000000000000000e+00,6.845720366103361654e-01,5.713178275680929064e-01,2.506596528582812344e-01,7.472640531995015101e-01,6.537269586080681760e-01,2.069880080362662411e-01,3.531503413468611852e-02,2.590831579348943925e-01,3.112177399908941378e-01,5.692069289454038117e-01,2.426437614223154182e-01,-2.198300601080040717e-01,-4.137141313147882360e-02,4.347293226269434707e-01,4.183993998852734708e-01,3.753633076763435161e-01,4.507510384543574888e-01,3.857712450390108905e-01,2.135067825928619878e-01,1.681040724682160981e-01,-6.935993301096057828e-02,6.452242927233919900e-01,4.037551393845789094e-01,-1.922387044248703714e-01,-7.270250574705805491e-02,1.118921440591316707e-01,1.428645653692597051e-01,1.026163699352741071e-01,3.041680172429588394e-02,2.883045454021280762e-01,1.122700297408481818e-01,-4.446309131717399721e-01,-4.379704338405887576e-01,7.210021757361878558e-02,-4.042804691421548746e-01,-3.117817784512741386e-01,-3.561964864621310345e-01,-5.765291563246935924e-01,-4.085583783603851660e-01,-5.340525396785473777e-01,-6.184986777504445365e-01,-6.492011127448035213e-01,-5.087846875907515720e-01,-5.342558158894671339e-01,-5.294172493768085630e-01,-5.389841359815841226e-01,-5.246938303094567102e-01,-5.381600903390483248e-01,-3.115343112706170370e-01,-4.783254165480342324e-01,-6.055996305913607936e-01,4.412370757414800782e-01,4.115091503180500210e-01,5.203078771862969243e-02,-4.442074508249332920e-02,2.648509143567301383e-01,2.463664080485356567e-01,1.725842379452952047e-01,1.986529974542165233e-01,1.860478943127793494e-01,1.709193926622137871e-01,1.767897488127863626e-01,-8.315811558843345941e-02,3.951017957813846571e-01,2.118353696032410360e-01,3.924229860216459920e-01,4.089785453577989283e-01,-7.511161353215688175e-02,7.512945326219634679e-02,4.153876951319382949e-01,4.935348470918319089e-03,2.610228039036612824e-01,4.826036086961884436e-02,-1.969445375337228465e-01,-3.448584848093445010e-01,-1.933170317192419163e-01,-1.322061219564063701e-02,-3.908425132842736072e-01,-3.628097631048765592e-01,-3.793582850586483396e-02,-2.048916866014484639e-01,1.258851585360477587e-01,2.890345642000851090e-01,8.999588734706502613e-02,-2.348767123233378440e-01,5.690614431978670978e-02,-7.645603038519416250e-02,1.077170467702900231e-01,-9.093774699515931592e-02,-2.190152118683196258e-01,-3.791990469671509961e-02,-4.303337064382053989e-01,-2.103898211645515437e-01,-1.772207019797295280e-01,5.904384192689268729e-02,2.054849712334449463e-01,1.426243371123992083e-02,6.255074010276009400e-01,3.272790338630512386e-01,3.469160950843322988e-01,2.612299312408234570e-02,2.107318882205584387e-01,5.118762919085071417e-01,-4.286068670500900457e-01,-4.374417603274087241e-01,-4.168756394441513469e-01,-9.787228879710023477e-02,-3.619379784656785448e-01,8.770156937881222470e-02,-2.110156861386751695e-02,1.546734505081649447e-01
2.231834921964442053e-01,3.254304239040250457e-01,5.091693906922660773e-01,4.659843454217986181e-01,6.845720366103361654e-01,0.000000000000000000e+00,4.069292584668812718e-01,1.230659313310788761e-01,6.648892660306919833e-01,7.164473542328436695e-01,9.137839663515130717e-02,-1.140698380813374296e-01,1.004330551405839822e-01,-5.414875038550238245e-02,3.981473219898504223e-01,3.671327600359940435e-01,5.399140385124789887e-02,7.786619697651997463e-02,2.435221283766136058e-01,1.143835468590724269e-01,2.044740381530980589e-01,4.767625070238414309e-01,4.307426159502950602e-01,3.398360031375767809e-01,3.664409560898188589e-01,2.550009519993859941e-01,4.303182432037707672e-01,3.104494884226440821e-01,-1.206910581408279642e-01,-2.247498568480164535e-02,3.074921167841511704e-01,2.571338229407219012e-01,7.350183130471110715e-02,-1.308845286774077028e-02,1.306269379411116871e-01,5.655948403203440999e-02,-4.491894130292675702e-02,1.870265274196186017e-03,-1.148469342577701224e-01,-1.292561586843398447e-01,1.820553360642512830e-02,-4.094499462871094980e-02,-3.881515343282653241e-01,-3.558895666678144054e-01,-4.130536303101295381e-01,-3.863906807461138238e-01,-4.802306723073700434e-01,-4.436783037993134449e-01,-4.897902003985506458e-01,-4.768768518464749917e-01,-5.055457348176713994e-01,-5.018865590887978678e-01,-5.155223953829414230e-01,-3.404739813725669029e-01,-4.323263305523661892e-01,-5.429997650969194956e-01,3.082996467542386543e-01,7.244469243202153463e-02,-1.294961918004329526e-01,-2.359604182857492072e-01,5.042082080964344765e-02,-3.205230468094003027e-02,1.651449421738921952e-01,-2.227909396023161279e-02,3.690991474530627148e-01,2.087230245744197410e-01,1.013718639705811497e-01,-1.425675445514398565e-01,3.049333255986337865e-01,1.998700453452826320e-01,3.385167849818643271e-02,2.147485934178808981e-02,-2.199419027535999549e-01,-1.412388292293046965e-01,9.764512636286948322e-02,-8.615155002319908883e-02,2.534191989517416838e-02,-1.167628128471008137e-01,-1.441230134071659896e-01,-1.343136650892983730e-01,-2.858994251146394078e-02,-3.880184134060069706e-02,-1.523398080491164541e-01,-6.011957709333017041e-02,8.690189690503921649e-02,-1.395414458705417915e-01,2.763032903521775441e-01,2.636570015447664006e-01,-4.622087220782920836e-02,-5.683056023636213344e-02,1.039567722288854690e-01,1.148802848469189647e-01,1.225359148350029098e-01,-5.642100631800101018e-02,-4.963225009594065401e-02,-6.724374177917900874e-02,-6.585983045736754082e-02,-1.420634626722883098e-01,-1.516549521373849671e-02,1.928988743361709779e-01,-5.351774201662362618e-02,6.046154481471589792e-02,3.850498393217290927e-01,1.957655891570470874e-01,-3.281304019669772920e-02,-1.418479077362420349e-01,3.336069030309257027e-02,2.997560474368642369e-01,-1.180692158949396414e-01,-1.036401755753503517e-01,-3.246340102772101582e-02,-2.685806713337478974e-02,-2.535609590184493833e-01,-5.064173738010646630e-02,-1.870532675814996215e-01,-3.593862588257874108e-02
6.661525819618663302e-01,1.851534613023972375e-01,5.834734171456306129e-01,4.735425133190823144e-01,5.713178275680929064e-01,4.069292584668812718e-01,0.000000000000000000e+00,4.365515087413295303e-01,5.216281919324566863e-01,5.461833346779405574e-01,3.437020359953833482e-01,1.320074318258842305e-01,6.676252284970559669e-01,1.349463088740105454e-01,4.220007071620963668e-01,6.108495662567571538e-02,-5.582643775018291121e-01,-4.947348852849934864e-01,5.597841472184352796e-01,4.331344691417368664e-01,4.623790970804986800e-01,3.119391667333070717e-01,1.450054459748487679e-01,-5.844220651342305409e-03,-2.160850440394810057e-01,-3.969115072150289913e-01,3.524595584534482295e-01,1.925589200770116971e-01,-4.827360710107118091e-01,-3.990330572665060638e-01,-1.684697386708733369e-01,-2.061425466739970069e-01,-2.861374270983516599e-01,-3.892797210990265322e-01,1.122498690210424477e-01,-1.428805501431270886e-01,-5.070064307268334902e-01,-6.223626098685473007e-01,3.044515698667224490e-01,-2.948131743228398771e-01,-6.416476883993600389e-01,-6.586046799678565433e-01,-4.719870284748005074e-01,-4.463755869055921477e-01,-5.344162784393359233e-01,-6.441495229865029648e-01,-7.176765222594989613e-01,-1.815590130422898851e-01,-4.065881065099843927e-01,-4.109730756565439513e-01,-4.923192366356541894e-01,-3.697043488981023307e-01,-3.981802526853516211e-01,-9.788082685401371108e-02,-4.262455374763849392e-01,-4.346206700461484052e-01,1.315334482545025829e-01,-2.047654763844025672e-02,2.311248028099111840e-01,1.253466028002256372e-01,4.835888801903339140e-01,3.433409486437655755e-01,-1.349355263639351321e-01,-3.417453579412454978e-01,3.104260809105168772e-01,2.225858311379126653e-01,2.503586885853311683e-01,-1.070220053050412318e-01,4.212371533076366692e-01,2.107820650528564009e-03,2.832957447895102510e-01,3.609752165809210767e-01,-7.595250502932807124e-02,8.729677757297211191e-04,2.978150709349173253e-01,-3.110144803514746509e-02,4.057761402762786740e-01,8.286473344768104099e-02,-2.677025578569411368e-01,-3.642453908082508018e-01,-4.193649847909422523e-01,-1.111230107919826265e-01,-1.327725057670554321e-01,-2.897940540704966872e-01,-9.918358008973263140e-02,-3.128800244348293735e-01,-2.285316883422446321e-01,8.651365054367897434e-02,2.784157703355090718e-01,-6.746669223264384341e-02,2.251235183948232244e-01,1.820982731514558250e-01,7.689117333427945844e-02,1.552155578983770712e-01,-8.745100806773724311e-02,3.128792499032372332e-01,-1.109539182793347345e-01,2.444180905410082150e-01,-9.390786522092371691e-02,1.760765843974572697e-01,1.395704840135234548e-01,1.274063263279660851e-01,4.626804815066090648e-01,4.707252365186905263e-01,3.990029929446566315e-01,2.715242275839659936e-01,4.776688383550500849e-01,5.816970513707206969e-01,-4.145594855430227987e-01,-2.606115770893192574e-01,7.177223346723518582e-02,-8.831254568389045045e-02,-3.627708531961617577e-01,2.723637396337432737e-01,3.597703915874153058e-01,2.998979387877145908e-01
3.020214614520336238e-01,-2.345302480033698012e-02,-2.839478369368137606e-02,4.659993431253777740e-01,2.506596528582812344e-01,1.230659313310788761e-01,4.365515087413295303e-01,0.000000000000000000e+00,1.961514534309350133e-01,4.100359942642979871e-01,1.896450703885647349e-01,4.623463857396243881e-01,1.547424970120941379e-01,3.467695746665247492e-01,6.202885747281896428e-02,-2.719822047203283508e-02,-4.277264763026835115e-01,-2.832703457031965910e-01,4.205399640535060768e-01,3.763629648571596986e-01,2.254433280919871663e-01,-1.675273263877898877e-01,-2.112354850553977148e-01,-1.566189286208750919e-01,-4.097823686069403393e-01,-4.225463584798002104e-01,1.754426826810679962e-01,5.263464307389641855e-02,-2.552673274495923517e-01,-1.153598806454163711e-01,-6.464692096451141179e-02,-1.130293715668212115e-02,1.822413580263979038e-02,1.651170619395083417e-01,-1.759856076436192018e-02,-8.603807765550461339e-02,-3.090050645478682467e-01,-3.443981738997108355e-01,3.997291498333901960e-01,-1.622836140361217927e-01,-4.446368176754150747e-01,-4.479690175735620561e-01,-3.676842888988507974e-01,-4.135259353738455768e-01,-3.314203042894934281e-01,-3.430823673364081783e-01,-3.225822887005045936e-01,-8.476628342483912004e-02,-7.200558492610560635e-02,-1.572326986670881943e-01,-2.045699117628980712e-01,-8.407271656046065578e-02,1.852742163670055477e-03,1.326048845959817424e-01,3.580292314531899334e-02,-1.130170307452698780e-01,-6.516466689536259960e-02,-1.694726697467360821e-01,2.337154258470481583e-01,4.036834098448062180e-01,5.285516665362887112e-01,7.225455443897769170e-01,2.806899488316786859e-02,-7.670589539478378516e-02,-2.539927800926292667e-01,2.909755818958852380e-01,-1.405935880956851215e-02,2.262642723009760104e-01,1.122242032802387018e-01,1.105660823648660189e-02,1.351051337858488743e-01,-1.001304156915308087e-02,-1.088139082279400427e-01,1.127825556725071399e-01,2.289430587782910476e-01,4.123700454648404623e-02,2.238838937553153940e-01,3.570992599931904210e-01,-1.457046309117798755e-01,-2.019929785444988801e-01,-2.345511092806032427e-01,-3.019795656544958795e-02,-3.051429929206851688e-02,-2.691249296033214056e-01,-2.424740059444756290e-01,-2.997864738409328766e-01,-2.118565888720527479e-01,7.062170991149922805e-02,4.629507173047918145e-01,-4.180298344648301911e-03,8.812823415156995077e-02,-2.420580972174632695e-01,-2.453047945565550031e-02,-2.890126019598750484e-01,-1.606011884901184239e-01,3.045631091849923533e-01,-7.720352330178194278e-02,1.994109511450028183e-01,3.516340306363655716e-02,-2.455421015910340121e-01,4.661560161802140168e-01,-1.113007123307206553e-01,3.914889505285308879e-01,2.113224658949663659e-01,4.028357303041574244e-01,1.563416850185283258e-01,3.248345200606936878e-01,2.499540254520842553e-01,-2.983979258169009441e-01,-1.785772780795029102e-01,1.047846026228116956e-01,-5.303504714571851547e-02,-2.477137518941671668e-01,3.917967271169667809e-01,3.756624107887284181e-01,1.253677843675516101e-01
3.293808138950904962e-01,3.406366141095449884e-01,4.655467175733360996e-01,3.746193305934508722e-01,7.472640531995015101e-01,6.648892660306919833e-01,5.216281919324566863e-01,1.961514534309350133e-01,0.000000000000000000e+00,6.381647914656700671e-01,2.861007523386426277e-01,4.024397480256402398e-02,3.761999107311566615e-01,2.236685070808130671e-01,5.453916655272867953e-01,3.816655240227471158e-01,-1.295043922794998914e-01,-1.958580231831096377e-02,3.031949544128616503e-01,2.195851485688959104e-01,1.883401281634543012e-01,3.190891104574693493e-01,2.556705628628430094e-01,9.769482549236498115e-02,1.444705310122497144e-01,1.580855539845381699e-02,4.967817538266990351e-01,3.454495661971459519e-01,-1.676715709705010326e-01,-2.135095594514379302e-01,9.548381051709157671e-03,1.221896519530883858e-02,4.686857987516832025e-02,-6.689112179369391398e-02,8.037437865820805383e-02,-7.540158539742536359e-02,-2.820039314359640281e-01,-2.736345030426703961e-01,-6.361872348661057330e-02,-1.936879505317288808e-01,-1.321998441734090479e-01,-1.695039217888227867e-01,-6.235169690988412450e-01,-5.878205764050882243e-01,-6.216873411728587318e-01,-5.902338802850833899e-01,-6.671956468850591682e-01,-5.666699178147392990e-01,-4.804467295528978554e-01,-4.027655533917754993e-01,-4.287514389813701365e-01,-3.455001332962605587e-01,-4.483165172576027424e-01,-3.271556537485438287e-01,-3.723751070936834884e-01,-5.056539543980684837e-01,2.604751257685897214e-01,1.946944712817671452e-01,1.313301726005605685e-01,-1.958106460703781110e-02,3.421537259417226640e-01,2.048764122900907092e-01,9.128585590639257119e-02,-8.943629722307991359e-02,2.977547433334664650e-01,2.499823416867385795e-01,3.711273908091174134e-02,-2.455717744453584650e-01,1.955567262381696092e-01,2.284326367550318648e-01,2.442477469476909135e-01,3.009186456903087947e-01,-7.632072234504280739e-02,9.199672031770357930e-03,2.665125074056320931e-01,9.260864013036458620e-02,1.703618301549446601e-01,4.873238621316849928e-02,-1.670482744277811404e-01,-2.151945427508511754e-01,-1.159301397549044044e-01,-2.896728460845867433e-03,-2.311794820232808134e-01,-1.785220990250011297e-01,8.765414653982787907e-02,-5.986689017909932464e-02,2.711171483320418685e-01,3.960471902601551131e-01,2.481874444644091016e-01,-1.017904065607089653e-01,5.360747237294336692e-02,3.254296424552548944e-02,7.126973042961110005e-02,-2.541529383958532340e-02,-3.204409409169774459e-01,-1.496365080034347816e-01,-2.913046211448016010e-01,-3.010660072784293040e-01,-1.224118013428104057e-01,1.899400020319521876e-01,4.693350069555410342e-02,2.073298445543107216e-01,3.248002779111071603e-01,1.534659665875643120e-01,3.642413625541148642e-02,-1.553962474091796220e-01,9.800981691649158362e-03,2.635439498197120756e-01,-2.415624093766743641e-01,-3.181225822612594456e-01,-2.957973860377673958e-01,-7.131136633391113588e-02,-4.190182501162546536e-01,-5.013029434418799640e-02,-1.823380923005668286e-01,-1.531390719361432062e-01
4.262493938475661603e-01,4.083747972687422623e-01,4.339927346703670863e-01,4.858834552131141571e-01,6.537269586080681760e-01,7.164473542328436695e-01,5.461833346779405574e-01,4.100359942642979871e-01,6.381647914656700671e-01,0.000000000000000000e+00,4.142115539183053863e-01,1.313334426567535906e-01,3.437458975249189086e-01,2.702799725832361610e-01,5.450832727797680910e-01,4.977108210952851386e-01,-9.862066439641793691e-02,-1.430461330590523938e-02,5.898307858547739979e-01,4.392817119442499751e-01,3.205650339738385646e-01,3.430862400799244427e-01,2.936796248980060309e-01,1.672065922090489321e-01,1.141350965123008321e-01,-2.969910401786190687e-02,5.075811462117276740e-01,3.597434723787824029e-01,-1.264683253340435631e-01,-2.182658551507358352e-02,3.240767421667008485e-01,1.917265409962257972e-01,1.602926651361644972e-01,5.652134177984813324e-02,2.060282914415486888e-01,7.910765702281359960e-03,-2.235371286652232670e-01,-2.028447912872412828e-01,6.493325657301973752e-02,-2.282923128057887108e-01,-1.885782030033570922e-01,-2.569034900005690569e-01,-4.840559321103607426e-01,-4.200273987246689322e-01,-5.415743025496839724e-01,-5.575226386434664061e-01,-6.176853523975865956e-01,-4.591429514087794206e-01,-5.903462000867656378e-01,-6.155557883474159775e-01,-6.393674113385148239e-01,-6.316891723826894012e-01,-5.307105544788651708e-01,-2.947694821414444943e-01,-5.285532571859250517e-01,-5.705750446082679117e-01,3.947444500016018543e-01,8.623228721135418884e-02,-9.228247873841466387e-02,-9.969036999007679922e-02,3.010916006913408882e-01,2.736934443076844414e-01,2.361441921856476944e-01,1.322298006459741992e-02,2.788806226280389211e-01,2.277714144943780716e-01,-2.292752866987006130e-02,-1.480399500099651988e-01,3.384653104237193566e-01,1.787963441601880810e-01,2.112456066204013438e-01,1.738627024773660712e-01,-3.083419025279585113e-01,-8.458751450375757985e-02,2.727949752908756520e-01,1.088270210494240824e-02,2.213254741129769831e-01,9.547322183471924906e-02,-1.710002782962421475e-01,-2.734557690304399435e-01,-2.126769433370655493e-01,-5.041668653317241816e-02,-1.768199094626040357e-01,-2.360453378672672242e-01,-7.918983960716503845e-02,-1.669757076766213433e-01,1.827513281833510472e-01,2.119772494015015329e-01,1.442006728705498841e-01,-2.718018837476361693e-02,5.090508328138400318e-02,8.122287567779930273e-02,-2.803484881825287888e-03,-1.327113220565997453e-01,-1.276538402703160102e-01,7.880939810377106391e-02,-2.274186599157222710e-01,-8.588876225655159291e-02,-8.990311147493258714e-02,1.112778548882889934e-01,-2.115706046138320431e-02,2.851904450277804523e-02,4.220157646614505209e-01,2.481312852213252707e-01,1.393555322795154150e-01,-9.941412659783163686e-02,1.235764408363285299e-01,3.252596738564916268e-01,-2.724683289784700646e-01,-2.010608708659527288e-01,-6.927240581829366417e-02,-1.431106965275478482e-01,-3.816735669181902657e-01,1.336758510437419112e-01,-2.425951748598124957e-02,5.167896376553769711e-02
7.071826084038529414e-01,3.918585813939772788e-01,-6.940923999710481296e-02,-1.171593158100372456e-01,2.069880080362662411e-01,9.137839663515130717e-02,3.437020359953833482e-01,1.896450703885647349e-01,2.861007523386426277e-01,4.142115539183053863e-01,0.000000000000000000e+00,5.616033062678484900e-01,7.565776892730371461e-01,2.511810171964722893e-01,4.365359694466167673e-01,2.304167864100064855e-01,1.434887989496723137e-01,1.364259489350002075e-01,6.294853061983928244e-01,4.133739621878376180e-01,-6.749971635575525986e-02,-7.493873298375156033e-02,-3.255791947124599406e-01,-4.464424501751346752e-01,-4.297989999801175021e-01,-2.938006063127805989e-01,7.444841881590980037e-02,-5.520928969534312503e-02,2.869022418015785281e-01,1.419260626511479884e-01,-3.008216442304792460e-02,-2.491450361017186199e-01,-1.379254225187538131e-02,-1.181636856145693859e-01,-1.696552016688565589e-01,-2.720238983179853465e-01,-1.530300737219417728e-01,-1.060644349331563985e-01,-1.586391198173184303e-01,-5.707359823658453291e-02,-1.700258775486577709e-02,-1.677827412920621444e-02,-2.507838598240141881e-01,-1.867270855871268620e-01,-4.349971402022351774e-01,-3.344192368641947799e-01,-3.684941938874637946e-01,-3.262326490711026095e-01,-3.698031400187233309e-01,-3.543529274547743135e-01,-4.154058479475495891e-01,-3.056448352756581111e-01,-2.296014757230637748e-01,-1.777155997504213103e-01,-3.003387181900565306e-01,-2.109906302124210653e-01,4.273823555275232944e-01,1.468069244418310493e-01,1.747479591354483830e-01,9.803328205595428224e-02,6.427547082268496581e-01,3.296427769950013853e-01,4.449927125660149696e-01,-1.097865013319397343e-01,-8.530475647791714577e-02,-2.477485855593247466e-01,-3.511533754255788398e-01,-3.584082236720103065e-01,-1.206966997569419893e-02,3.299406584095320588e-02,3.940472229599242260e-01,3.638018797263826154e-01,1.925480004937513978e-01,1.525963565327540239e-01,3.629534116634934304e-01,1.843676407437012388e-01,3.200798632389520448e-01,2.868549176222380814e-01,2.089656810907940532e-01,5.955239876955124856e-02,8.711069352944518507e-02,1.839128223815394425e-01,-3.006005032714734529e-02,-2.132250293692607591e-03,-3.767418628365580557e-02,-7.794019317526475199e-02,-6.760738065980228736e-03,1.026089728719693089e-02,2.336510091370443826e-02,-3.271758524404082269e-02,-2.266977589187953446e-01,-7.484113240016194990e-02,-3.018958735547764283e-01,-1.171531168704382092e-01,-6.880312552485905175e-02,-5.826142526653377285e-02,-7.534959633670729184e-02,-4.969453789629210694e-02,2.920321251394304707e-02,1.041015394898088808e-01,2.693996423351353864e-02,2.354207679483820148e-01,-4.697373077569760164e-02,-3.181765134667943924e-03,-1.741270490561816764e-01,-2.965217558267977949e-01,-8.723366139175212086e-02,3.943585703548057458e-02,-2.207795959739770972e-03,-6.493700163915837320e-02,3.477063402068521908e-02,-1.104901449268669983e-01,-1.947384782485201138e-01,1.411504312796794947e-01,-9.047682717059070401e-02,-1.826294767813711750e-01
4.533345830504235674e-01,-7.738410996919809545e-04,-2.911684452334641904e-01,-1.976720564108395140e-01,3.531503413468611852e-02,-1.140698380813374296e-01,1.320074318258842305e-01,4.623463857396243881e-01,4.024397480256402398e-02,1.313334426567535906e-01,5.616033062678484900e-01,0.000000000000000000e+00,4.284914666247306991e-01,5.083245748496374450e-01,2.423049043012435455e-01,1.097474351577756996e-01,-7.394019356125920706e-02,3.911932409956695583e-02,4.275303469966234560e-01,3.619009590957670275e-01,-1.836865236847667893e-01,-2.385913225966908580e-01,-4.100471666362370815e-01,-5.730769646837226006e-01,-5.736497037480837724e-01,-3.534862562809451547e-01,-1.157873538826339060e-01,5.047942298067753519e-02,2.908968780192855430e-01,1.443440652840682348e-01,-8.328272791554906795e-02,-2.821691279268048747e-01,-7.341704511027551117e-02,-8.728088640478416128e-04,-2.770891103889582818e-01,-2.557384757694736721e-01,-1.771925138310517511e-01,-8.253991306214421286e-02,-1.135660459423248753e-01,-6.696332153468058379e-02,-9.254745299248329227e-02,-7.732911511011401028e-03,-1.558905793233924253e-01,-7.077099097027840513e-02,-2.983490380553301957e-01,-1.375324035326158378e-01,-1.925409672472269407e-01,-1.629757056708349972e-01,1.666447792775624381e-01,1.284556348353194100e-01,1.033576193212500383e-01,2.580577621351021755e-01,2.875945899966025343e-01,2.240967643920963870e-01,2.267041940838548930e-01,2.363936272917424586e-01,1.247980157512514759e-02,5.055160744522999711e-02,4.755887058525602451e-01,5.266144452888925631e-01,5.875011499447799768e-01,5.245147795211372310e-01,2.411655035641872280e-01,3.426963696839594592e-03,-3.170880800779941056e-01,-3.365962463263713067e-01,-2.546906630683911099e-01,-7.384304602205062074e-02,-3.084299990650329337e-01,-2.008407381249030510e-01,3.509989189296637835e-01,2.570125568050312115e-01,2.405668062041629307e-01,3.948444738719371072e-01,4.199839206587164253e-01,3.934875082077608499e-01,3.373806131256163465e-01,5.694636341825941583e-01,3.359931684495286869e-02,6.475704134921204946e-02,-8.379172810629359480e-03,1.564694141461990817e-01,3.945089499006425304e-03,-9.228966886442842299e-02,-1.600376967322366395e-01,7.130216790705505570e-02,-1.611220679448940041e-01,-8.348207621995065719e-02,9.542237365601592691e-02,-2.378231750581604950e-02,-3.917591098614691680e-01,-4.595587012894376544e-01,-4.264109139023890549e-01,-3.125751004148053513e-01,-1.940876083573369049e-01,-1.138270605773169797e-01,-1.719977871995446717e-01,-1.294651163809451277e-01,9.401467665953204544e-02,-1.553316097457650979e-01,2.494094286926542003e-01,7.361542991762133614e-02,-9.001589669195714238e-02,-1.534382053961261816e-01,-5.365287315322621320e-02,-2.913548049697466391e-01,-1.134023071034411106e-01,-1.069044665057394816e-01,-4.502643663082734476e-02,-9.562320972335876246e-02,-1.741846512539279579e-01,6.378403392839333830e-02,-6.314599998453258867e-02,2.710507610282880675e-01,7.960170588680412496e-02,-3.093484359144357820e-01
7.980722238175945726e-01,1.883482302370585171e-01,1.992368034468122440e-01,-4.430609354198435795e-02,2.590831579348943925e-01,1.004330551405839822e-01,6.676252284970559669e-01,1.547424970120941379e-01,3.761999107311566615e-01,3.437458975249189086e-01,7.565776892730371461e-01,4.284914666247306991e-01,0.000000000000000000e+00,1.548436067516053560e-01,4.777641767080614832e-01,1.654220663467402264e-01,-1.815621157865954793e-01,-1.890218904869690464e-01,5.365021847280784240e-01,3.353529332577305233e-01,1.416003329173057823e-01,1.404419842908002369e-01,-2.431824108940471851e-01,-4.085763273911770521e-01,-3.948860165854434223e-01,-3.338654142637474953e-01,9.636420964527322996e-02,6.211503671609274607e-02,-5.995362196660572116e-03,-1.282821627022373567e-01,-2.101221649131529146e-01,-4.133664126707783382e-01,-2.511067223526921022e-01,-3.843176715200531390e-01,-1.097477128290761800e-01,-2.857267015269552846e-01,-2.654356440522026572e-01,-3.244680082357895845e-01,-5.078613075159113532e-02,-5.867958591767544890e-02,-2.579435983487783357e-01,-2.474036777096121353e-01,-2.627152596767090009e-01,-2.403733812215050891e-01,-5.139420332663688917e-01,-4.711650167903156383e-01,-5.576586947900374902e-01,-2.120513202519669349e-01,-3.640222324181958680e-01,-3.073423424144564597e-01,-4.055235786060609193e-01,-2.616265892372203750e-01,-2.184518023927555230e-01,-6.697391985143553994e-02,-2.465137628261247493e-01,-2.130681844201630371e-01,1.495535380616241083e-01,1.930256585868369082e-02,2.351416424668671401e-01,1.116883269318372784e-01,6.602096480674253254e-01,2.669115382958027194e-01,3.514468947842187135e-02,-4.419349484455877275e-01,1.540307535995173449e-01,-1.738489580289147574e-01,-1.818071151886860581e-01,-4.202237724192908752e-01,1.047112666108079709e-01,-3.272912152461775886e-02,3.949146809775172517e-01,4.419118567475951997e-01,2.399539504473647278e-01,1.622405185553086049e-01,4.220841229943036454e-01,1.004337103689561805e-01,4.852883085440968247e-01,2.950622007204953823e-01,1.228753353528192101e-02,-1.373593931562031890e-02,-1.022377021263450730e-01,1.242225872520008045e-01,-4.332570422248197689e-02,-6.903624387252675632e-02,3.529912837581843793e-02,-6.654925486473189933e-02,-2.139732960793699068e-01,-5.929032114397870395e-02,2.169211645616395401e-01,1.015130912412067765e-01,-2.900832284075212028e-02,1.584373803348173015e-01,-2.288476587754960379e-01,2.192023061494058900e-01,-8.451954994263639886e-02,4.246796446942843056e-02,-1.025377930631185194e-02,8.809640854365502483e-02,4.673487647853421384e-02,3.304202105532527134e-01,-5.987545889078271441e-03,4.452335590405377408e-01,5.982837557995668992e-02,2.325463903944051391e-01,-5.258796671304558079e-02,-8.662097934002863098e-02,9.409054408886126375e-02,2.072413802132946625e-01,-9.576148587334444573e-02,-9.668124134512587342e-02,3.782247969174155899e-02,3.819096293614739068e-02,-1.742162114266779804e-01,2.537768046478025008e-01,7.557670163036071809e-02,-9.997306687227569544e-02
