0.000000000000000000e+00,8.056247552530764189e-01,4.663580303007399674e-01,3.990770749390988303e-01,-1.987744987321508616e-01,-1.145874047963421488e-01,4.720787599547970892e-01,-1.393278314876677734e-02,-3.213404006907571442e-01,-1.869024307136955831e-01,1.682873092739129231e-02,-6.268885822266376251e-02,1.668052566860918628e-01,7.422333787310664288e-02,-2.651924640615522799e-01,-1.096878917704090066e-02,-2.036495610497947029e-01,-1.070638287055976356e-01,6.580732535499006497e-01,7.056446413622466940e-01,-8.357116523691887622e-02,-4.981523849083206723e-02,2.169797920733463337e-01,3.082484984501332459e-01,-3.939388004154351086e-01,-3.875487300249287337e-01,8.557627604432380131e-02,2.336293187910763181e-01,-4.929876994851590810e-01,-6.106486638459296401e-01,-1.565208147083748114e-01,-6.940075219066117740e-02,4.600796507561871751e-01,3.645331685214934225e-01,-3.888165147307142133e-01,-2.873178245877107129e-01,-4.813848152994580909e-01,-3.820230709772695077e-01,-3.777126675329538497e-01,-1.976694316882585678e-01,-3.055061686732508663e-01,-2.643870158702508188e-01,-1.246832540099746811e-01,-2.105420111072552058e-01,-4.999957842733689789e-02,-8.681970721050381867e-02,-2.882048599668207145e-01,-2.853222044935663226e-01,-7.331981070308077331e-02,3.924482299523634338e-02,-2.557895752928570632e-01,-1.184573434753013327e-01,-2.869332840885931435e-01,-9.063145616072840194e-02,-4.741173731614864995e-01,-2.440157456854187834e-01,8.607558073664841602e-01,6.811940832151575087e-01,4.069228034535743443e-01,3.690899830901650525e-01,2.932123622139768404e-01,-5.230068639699165384e-02,1.075808425608650032e-01,-1.155404442589070407e-01,-6.852509137039822229e-02,-1.696320428051275864e-01,2.924292147917685325e-01,1.069058844610040887e-01,7.691473047421776288e-01,7.288471360303832025e-01,-4.535052403984445868e-01,-1.990764755998581659e-01,-4.427178774457347088e-01,-5.044292955223683705e-01,-4.859907052710607522e-01,-2.640431751372814273e-01,-5.752164626859862517e-01,-5.530086675268848229e-01,-3.705770930243710848e-01,5.406135083829614971e-04,-1.559320796687479749e-01,1.094659692237958531e-01,-5.029768616364395095e-01,-1.260500860644842014e-01,-3.376099442894198166e-01,-1.257964028102299403e-01,9.606210939996868980e-03,-8.427116847778569689e-03,-3.361827269243101157e-01,5.784377755577871372e-02,-4.720406207567578449e-01,-2.253354178911098904e-01,-4.547606279945946017e-01,-1.860267343336696744e-01,-5.901245294620478532e-01,-5.364806554164315289e-01,-6.599754944697194814e-01,-6.015025530786249908e-01,-6.217769028356922023e-01,-5.485753428403359333e-01,-4.306092428125926075e-01,-4.550408379609281739e-02,-1.984104152369358665e-01,5.899582472639292030e-02,-3.482074041488765204e-01,-1.870468693823971740e-01,-1.023033085303627493e-01,2.078031469395348885e-01,-3.163779108807089346e-01,-5.187595577633581367e-01,-6.413578002733755223e-01,-5.975873294000506597e-01,-5.275236764890057772e-01,-5.369384540422560415e-01,-4.425841293733554505e-01,-4.473553177916430590e-01
8.056247552530764189e-01,0.000000000000000000e+00,3.980001277725066511e-01,4.081312778589628598e-01,-3.074443998111484611e-01,7.409450212647972732e-03,3.447609952752014317e-01,5.520409229608850415e-02,-3.572478920448287631e-01,-8.836832947489234313e-02,-3.170352044889543919e-01,-5.610404325720445839e-02,1.725107982303616602e-02,1.070459986734470514e-01,-3.646066414959066582e-01,1.819082536168667996e-01,-2.325752506224112726e-01,-4.958144439800793446e-02,7.208351791843676803e-01,6.976712926705322948e-01,-3.465827961146770997e-02,-4.553998090023107792e-02,2.745584267467505724e-01,3.737166094981403952e-01,-3.895917653794487290e-01,-3.868579929798430239e-01,7.732993477158695006e-02,2.168618513363037570e-01,-6.023113975343247217e-01,-5.844505177375517446e-01,-1.044685534093001550e-01,5.484376392104830383e-02,4.763477599221560554e-01,4.318190612870143608e-01,-5.389113958758926515e-01,-3.204046766220828846e-01,-5.293167415060388015e-01,-2.890279746142533357e-01,-3.339711685137915498e-01,1.907278566133090505e-02,-4.076775966636778104e-01,-1.871442712489931881e-01,-1.118338854069611671e-01,-2.295226863144010365e-01,-6.312651412726083544e-02,-1.128926958939890368e-01,-3.407288350550977118e-01,-3.258205072230717092e-01,-9.468854185313459182e-02,1.038697696825236633e-02,-3.514513192029170008e-01,-1.717862298778478625e-01,-2.660222824167324251e-01,-3.586009338144142966e-02,-5.032798466594149422e-01,-1.555048334937852439e-01,7.576852050599875987e-01,8.559184726242783370e-01,2.353732188322074648e-01,3.610690258020113896e-01,-2.935515109965429470e-02,5.546467985455609540e-02,-1.326571962040853925e-01,-6.548789232578274000e-02,-3.025638025471696912e-01,-1.922186801596248995e-01,1.932200627592487452e-01,7.983569111101117277e-02,7.103245075422937038e-01,7.206882350226179179e-01,-4.982229338691155918e-01,-2.709876574968885787e-01,-4.990346976414687385e-01,-5.286526604056398515e-01,-4.697661968982970171e-01,-1.227744209930657776e-01,-5.419703819073198314e-01,-4.383655682552968225e-01,-3.443009990310603174e-01,1.124130932162869662e-01,-3.054747597070524567e-01,2.524343719514356432e-01,-5.062764882599046778e-01,2.409299481186016542e-02,-4.691310964475938206e-01,-5.677769084980886782e-02,3.912230450240197777e-02,1.973862956398717561e-01,-3.553325021486128388e-01,1.577355180944168545e-01,-5.079834964169521738e-01,-1.023108412869962874e-01,-4.923225603195258704e-01,-1.055467248254114282e-01,-5.022407752990483143e-01,-4.151556377987377644e-01,-5.732568374009158196e-01,-4.526170566827582564e-01,-6.341912206283204512e-01,-4.913123541965740415e-01,-4.480877143993619582e-01,8.916173968088414448e-02,-2.201744084482863406e-01,1.373620834984487227e-01,-4.265593209301883348e-01,-2.279405877935778424e-01,-1.796384475583599760e-01,2.297714705854450312e-01,-2.000713927458832031e-01,-3.769062864743201180e-01,-6.020874964088771542e-01,-5.514919457556837212e-01,-4.790427387988774321e-01,-5.634340361889623727e-01,-5.036603572913207483e-01,-5.320075310019796166e-01
4.663580303007399674e-01,3.980001277725066511e-01,0.000000000000000000e+00,6.547407873765561659e-01,2.326536960668561249e-01,2.983115072249350463e-01,8.814587089604648540e-01,4.170295397955766092e-01,3.147818366277688185e-01,4.062561982880029121e-01,1.347273837748584058e-01,-3.150923904669437614e-01,2.675782805812774723e-01,-1.258284274168922356e-01,1.271408706857010962e-01,1.983725076435728929e-01,-4.427161170202671414e-01,-6.094692007866865380e-01,6.834336049899852883e-01,2.903541043657913989e-01,-1.735491344106013523e-01,3.205923682578377676e-01,5.357233456039887098e-01,5.487415661825477686e-01,5.087286923242761300e-02,-2.028603995026081845e-03,-2.766120763590578652e-02,4.451151657689548236e-01,-3.587623401370925169e-01,-5.157554948266432904e-01,6.094774231351245408e-01,6.641630696983151783e-01,1.100603368555841399e-02,2.661659590368673500e-01,-3.686348846358406539e-01,-5.935813496978713522e-01,-1.591573475543106020e-01,7.253294791966381772e-02,3.990677189570315114e-02,3.867404765961390822e-02,-4.550052777503490464e-01,-2.131343018776289677e-01,-6.968302884698569510e-01,-3.084704139288378943e-01,-6.162076150595058310e-01,-6.228416225659320071e-01,-7.341876391154562587e-01,-6.495120761493458073e-01,-2.847871679962092895e-01,-3.732569888502809685e-01,-2.674512664997556466e-01,-4.884686291742569297e-01,-3.605594258111594064e-01,-2.716423277208946940e-01,-5.641550197192444216e-01,-4.484152377773775733e-01,1.803910831727299768e-01,1.540582248575264046e-01,-2.961946349600507733e-01,-7.228250276239583938e-02,-1.792018025599308728e-01,-1.261235850254328883e-01,-3.353203131033765105e-01,-7.287322038333917673e-01,-3.487741668470203393e-01,-4.422290210319876902e-01,-4.707119652098739615e-01,-5.896457582415097765e-01,2.409459085629272745e-01,3.888050649939113756e-01,2.053932575598371724e-01,2.382220425677801512e-01,-3.042163274689611008e-01,-3.289690680091872932e-01,-2.289446976676796364e-01,7.537569830702586793e-02,-3.851208644177889218e-01,-3.483721938268533602e-01,-4.597358180412876583e-01,-4.647141376397527779e-01,-4.430520636489866937e-01,-2.246734203714101652e-01,-6.239786157715772330e-02,-1.603263817422693333e-02,-4.035608340278611927e-01,-6.998762171241418306e-02,2.309440853393710247e-01,3.904458752806244659e-01,-1.647191392801589799e-02,-2.135532111590248971e-01,-1.994319784854606536e-01,-3.028414991521103938e-01,-1.709935625839662521e-01,9.416915401931723328e-02,-3.076341699886746550e-01,-3.392247770324266498e-01,-4.851634940772427407e-01,-3.041219311400225611e-01,-2.528753856561421487e-01,-1.687561993623393208e-01,-1.179953120166360864e-01,2.278216217278569156e-01,1.956605480701509858e-01,3.343207156374982669e-01,-1.714187761631049967e-01,-2.096528274797690716e-01,-2.215621898652194444e-01,1.668115806489873509e-01,-2.041611959930368647e-01,-3.372764507206841289e-01,-4.906786721615506441e-01,-5.022202630949488267e-01,-5.670370534778632621e-01,-4.238923446593516609e-01,-4.412426293000464295e-01,-2.300425451720048420e-01
3.990770749390988303e-01,4.081312778589628598e-01,6.547407873765561659e-01,0.000000000000000000e+00,7.012904841278301549e-02,1.711472902547917507e-01,7.330890527385398592e-01,7.887180240614500848e-01,5.587007986837977825e-04,2.595125026981717764e-01,-7.556457664298005250e-02,7.733983379354329724e-02,1.564593794338227373e-01,3.025009504054338438e-01,-1.343479120502760471e-01,2.604511737204514774e-03,-2.900190550898298913e-01,-3.021315009302177890e-01,5.771310272711377420e-01,6.606920504640023672e-01,-8.719146800374046047e-02,-1.073958379056828838e-01,8.428012637922953632e-01,8.069792595948729330e-01,7.347183176335758681e-02,8.684817775733068290e-02,-1.348964949982884298e-01,-1.287348896357792538e-01,-3.310691566577472766e-01,-2.570887719325188892e-01,3.695961297312613802e-01,4.494349962364043716e-01,3.330182665414879173e-01,5.212664879431145870e-01,-4.649823205406424242e-01,-2.704653478987467663e-01,-4.743821705709234671e-01,-3.230503244395790952e-01,-3.859688539402920116e-01,-3.286575447877042033e-01,-3.437163799033970402e-01,-3.435941636860826431e-01,-3.151731620349683127e-01,-4.187706933693490785e-01,-3.416812320044519402e-01,-4.096909869897206735e-01,-4.470608190337171384e-01,-5.203561869978003962e-01,-4.028400388422439526e-01,-4.191871145081712546e-01,-3.198704841262873799e-01,-4.233637790538589130e-01,-8.866722439717662774e-02,-5.689679800994151826e-02,-4.169295956913415258e-01,-4.414577614172695563e-01,2.281409038170945092e-01,2.142982604384983947e-01,-3.336019287995901639e-01,-2.458758628880031716e-01,-2.988879240379819224e-01,-7.522671078529193089e-02,-3.354175023883446682e-01,-2.140659787480035381e-01,-3.973689933016382736e-01,-3.912838872342653262e-01,-3.524500976564026722e-01,-4.442611031749429951e-01,2.290885104555462348e-01,1.297532926713716173e-01,-9.630050121244858319e-02,-1.517825913659513193e-01,-3.146873500241416655e-01,-1.273039011715833002e-01,-2.135047314153497855e-01,-2.154903509667295824e-01,-3.361371221486523231e-01,-3.937927758637794762e-01,-2.458398308499731566e-01,-1.917999693817596385e-01,-3.147085436543112791e-01,-1.043573538390013683e-01,-1.823146908200662941e-01,-1.575771509998209197e-01,-2.965533841821295646e-01,-2.107227751354116829e-01,-4.069041354781625236e-02,7.567137897315409645e-02,9.792015554835610883e-03,-1.241573518422686151e-01,-4.924138463935811422e-02,-8.516917705560098084e-02,4.671354336479376784e-02,-1.454535892689501897e-01,-3.762732396239721333e-01,-3.506857248884686085e-01,-3.632590544004731248e-01,-3.625469432201472442e-01,-2.288385448009859213e-01,-2.519456931030001900e-01,-1.519850566973501571e-01,-1.403713380818515100e-01,-8.310633153124655226e-02,-6.451717383369923176e-02,-2.077305776484667799e-01,-4.044473873318270019e-01,-1.722569395870626463e-01,-1.723756708333155363e-01,-2.917472648284439862e-01,-3.896351735232232438e-01,-3.917039881734903917e-01,-2.236524871667132652e-01,-2.985917059146308561e-01,-1.984598084426973386e-01,-2.521561909205858876e-01,-3.287602372181813726e-01
-1.987744987321508616e-01,-3.074443998111484611e-01,2.326536960668561249e-01,7.012904841278301549e-02,0.000000000000000000e+00,6.383750897879413300e-01,1.215726103416492482e-01,8.544972632378913802e-02,6.795061165584913576e-01,6.621443903324888414e-01,4.278409752279092593e-01,1.546514898977775776e-01,3.068037513626670210e-01,4.645266762693347345e-02,6.738218152955826046e-01,5.418763315739286712e-01,1.884352324785857069e-01,-1.455775505043320206e-01,-1.605228036867138719e-01,-1.078906376940762246e-01,4.331410456900766093e-01,4.035693021396418168e-01,1.072659493512313766e-01,2.351635057552017849e-01,6.209184756308266939e-01,7.143002043001968060e-01,4.570642165754352226e-01,3.214818184232279830e-01,5.350848220104386099e-01,3.448606371773413337e-01,5.594759011197711907e-01,4.175730897879675330e-01,-4.610516218794309395e-01,-3.434310895640179107e-01,3.423432317297966238e-02,-5.425535445396099249e-02,3.386550607559964399e-01,1.534407108665012398e-01,4.048864778757138572e-01,1.716376606137900440e-01,4.074873866134849365e-01,-5.010198311668496995e-02,-5.513169813177762890e-01,-3.628763693269481672e-01,-6.278821076111269495e-01,-5.764661781015887332e-01,-3.734311148272788650e-01,-4.543703138702926414e-01,-4.223774488084137135e-01,-5.189197568059809029e-01,-3.390607845397383135e-01,-4.925866616310555779e-01,-3.761533111879150071e-01,-3.295526698814796873e-01,-1.493819821629146227e-01,-1.811726704390289322e-01,-3.019978215369038543e-01,-3.146940333415085278e-01,-2.773007073113404886e-01,-1.912399475527391812e-01,-2.649931131193925538e-01,-2.524835502631395667e-01,-2.532704314642340599e-03,-2.562421827699622456e-01,-5.188978780751831582e-02,-4.486986368992396668e-01,-4.266126928113130323e-01,-3.049536958084269611e-01,-3.159498573557729117e-01,-2.167619591771029475e-01,5.654120125379756834e-01,6.211494665946527549e-01,4.843488638839950067e-01,3.953082022766676307e-01,3.116293646545502671e-01,1.784337248229661554e-01,2.539252857830082699e-01,1.745784670151238060e-01,1.544986586957678709e-01,-1.378996210530339106e-01,1.187471548319927878e-01,-1.173989337098584329e-01,3.920703811224472979e-01,2.560382897828653581e-01,-4.799196325462791457e-02,-1.253383267851598259e-01,3.762572968536432305e-01,3.602214749526226334e-01,-2.290010658132123345e-01,3.294083137102150199e-02,-3.043659045861774604e-01,-2.747744949171991857e-01,-3.239857205299713772e-01,-3.256134839249776730e-02,3.156454742602207153e-01,2.398124078448383434e-01,7.078389639812596168e-02,1.470854804032740715e-01,2.820765950904517358e-02,-5.569634702855443507e-03,7.002022429953946858e-02,2.705512302663082291e-01,1.917596959706308890e-01,2.253193126732430662e-01,-8.721939707251298926e-03,2.015472498786782807e-01,2.369093456523121144e-01,2.780390716730802292e-01,3.817047341614241973e-01,6.625218047922809550e-02,-6.504405724245534981e-02,-1.967518648354864841e-01,-1.294752614517529210e-01,-7.576145035898707025e-02,-9.628474710065253184e-02,2.641285878361162576e-01
-1.145874047963421488e-01,7.409450212647972732e-03,2.983115072249350463e-01,1.711472902547917507e-01,6.383750897879413300e-01,0.000000000000000000e+00,2.042185574023073491e-01,1.902921138523578359e-01,4.981177059494929504e-01,6.936390306673250183e-01,1.405101923427853616e-01,-3.846428548057677192e-03,1.484645049236182346e-01,-8.466802025335717907e-02,4.407982810137625607e-01,5.870508754890095826e-01,-3.133790714355150914e-02,-3.114007579413499149e-01,1.337139643139362843e-01,-4.206096158119330963e-02,3.268226684111454894e-01,4.304892174559089013e-01,1.847136775704463219e-01,2.761297901207317440e-01,5.166318333417330155e-01,5.122204803799077499e-01,5.037814189619271854e-01,5.833312114003059712e-01,2.166998782628777875e-01,5.104996562329371795e-02,5.569956097804719120e-01,5.916000482463749099e-01,-3.626739069353349110e-01,-1.435417589202329092e-01,-1.696140979694467088e-01,-2.488724176625977114e-01,1.714254747932378586e-01,1.744406624382859872e-01,3.661732597024381919e-01,3.741758300083826705e-01,5.282138229586555087e-03,-4.752965826127319299e-02,-5.432393753279849413e-01,-3.465709453611460211e-01,-6.002232403194746047e-01,-5.349793454480185062e-01,-4.668493549478708871e-01,-3.862409012897009553e-01,-3.009411371545853142e-01,-3.826571395497022632e-01,-2.499940834696106062e-01,-3.825772151811767108e-01,-1.030473515710719490e-01,-8.450205269812631481e-02,-2.421424303218030760e-01,-2.460982262489028183e-01,-1.583065081022448639e-01,-4.571997176300165305e-02,-4.018349433941990623e-01,-2.154517036539826957e-01,-4.748275423901386350e-01,-1.353241843778681952e-01,-3.436075425661845317e-01,-4.299395117536223832e-01,-3.475608253359084854e-01,-3.606644983520890246e-01,-4.696602283421038027e-01,-4.742627232762198219e-01,-5.769602699968017639e-02,2.383927254854597069e-02,5.097770076834345909e-01,5.537688335485481117e-01,2.975665672702865194e-01,2.536675042680533454e-01,2.334211151911108617e-01,4.380486297114683514e-01,1.239023054676334501e-01,1.097854129066266338e-01,1.763825475659945227e-02,-1.480722965152483639e-01,-1.239392438413040171e-01,-1.204927123010037654e-01,2.604274428671345953e-01,2.163182902095739379e-01,-1.548504939399396596e-01,-5.350271346061977878e-02,3.972832995067793749e-01,4.311905986231493459e-01,3.325119259427808394e-02,1.249545168413591367e-01,-1.816713166495941834e-01,-2.869067873394169355e-01,-3.062431759699097422e-01,-5.760955669824949221e-02,1.213732436268819409e-01,8.394598880541635777e-02,-5.915274488103189343e-02,-1.281970597588172160e-02,-2.204232425413074903e-01,-2.614399741388575005e-01,4.572686215865175152e-02,2.168392390576066031e-01,2.123617587399963536e-01,2.223898765158222879e-01,-8.312585914270440024e-02,-1.558354491938805375e-01,-1.138440355622063332e-01,1.214845296548814485e-01,2.175522971778856007e-01,8.655341365751592630e-02,-2.668667068278067211e-01,-3.078619960365585051e-01,-2.973738264537360565e-01,-2.871956305731906967e-01,-2.956864062842105012e-01,-1.615756671832120350e-01
4.720787599547970892e-01,3.447609952752014317e-01,8.814587089604648540e-01,7.330890527385398592e-01,1.215726103416492482e-01,2.042185574023073491e-01,0.000000000000000000e+00,5.615277457445272402e-01,2.819272909907187263e-01,3.488791852099792923e-01,1.722268670518967426e-01,-1.360468623143852029e-01,3.956355329082330563e-01,5.507931344264861695e-02,1.962662259337128942e-02,1.974528744885085119e-01,-3.089060858499714235e-01,-5.390756399784755182e-01,6.232051263847825373e-01,3.980844166493240910e-01,-2.503738434099761490e-01,3.184964540906717878e-02,6.656887214801607833e-01,6.437991845468280516e-01,1.108983561457457245e-01,6.084619469387980012e-02,-1.054759381724298395e-01,2.800480918359272153e-01,-3.021588225226660152e-01,-5.361574332763288098e-01,5.442875468231289648e-01,6.013933489544022182e-01,1.952966429586757147e-01,3.577058479243351297e-01,-3.655705078673415209e-01,-4.762065987329150984e-01,-2.860756022859617387e-01,-9.446705247329489907e-02,-2.184781839878237875e-01,-1.323860939242530177e-01,-4.382900021260524581e-01,-3.825536114923702713e-01,-6.417632273908674412e-01,-4.240959584179030961e-01,-5.244010308534117204e-01,-4.972409179863672146e-01,-6.692638004377754468e-01,-5.483769967871771067e-01,-3.891599108750400382e-01,-3.382587342273951081e-01,-3.416088457147360424e-01,-3.630582424189019441e-01,-3.341012798873697065e-01,-5.504348997224484119e-02,-5.756740806893909657e-01,-3.462513989336166720e-01,1.995499276308950187e-01,5.773567224861377717e-02,-3.784700521222864045e-01,-1.908586258224139742e-01,-1.171077813153229286e-01,-6.884259337713048710e-02,-2.725942682457762056e-01,-5.992068567198889362e-01,-2.754893383870433143e-01,-3.120446913109721776e-01,-4.219132922291074506e-01,-5.397673080074310015e-01,2.337383982696560336e-01,2.746590398203991312e-01,1.077254350488741075e-01,2.505353467725264793e-01,-2.039367133681474487e-01,-3.081691313671228172e-01,-3.119789132788699515e-01,-5.320967921541921303e-02,-3.873107069608039965e-01,-3.410234919395569442e-01,-3.735017772711566320e-01,-3.867961658428179517e-01,-4.324035825497468122e-01,-8.198558443294795550e-02,-2.348241275110994619e-01,-4.967446269007340376e-02,-4.806518664981701550e-01,5.681556084412774793e-02,6.836438682970016889e-02,2.674288076026158367e-01,-7.183374047062544843e-02,-1.268312762293271646e-02,-1.871061485437597316e-01,-7.208951203643730599e-02,-9.967085355515463430e-02,1.619190693863735431e-01,-3.427009576881914765e-01,-3.571552428622676856e-01,-4.730098730327657042e-01,-3.054095564803861462e-01,-2.908385375124795114e-01,-2.381680558237270484e-01,-2.644616490366379913e-01,1.379049424018966019e-01,-3.315871367791194818e-02,2.348439079948062558e-01,-3.036218298111335034e-01,-2.528630280021920695e-01,-3.118988640122482559e-01,8.087637354247480259e-02,-2.853119436810011011e-01,-3.478156617845261089e-01,-4.552637627999420178e-01,-4.563691677318945650e-01,-5.608968579992938963e-01,-3.791271897945236447e-01,-3.859272778989937813e-01,-2.327299178527340584e-01
-1.393278314876677734e-02,5.520409229608850415e-02,4.170295397955766092e-01,7.887180240614500848e-01,8.544972632378913802e-02,1.902921138523578359e-01,5.615277457445272402e-01,0.000000000000000000e+00,4.487697575695959867e-02,2.610421446903580800e-01,2.588339145941679145e-02,2.787253224212599689e-01,1.484101099706699456e-01,4.472277521011270851e-01,-3.035954152770187209e-02,-9.791466075069121464e-03,-2.940090850584280435e-01,-2.832137789976492681e-01,3.054990346448735461e-01,3.104033621831812639e-01,-7.862559647131302232e-02,-2.403789844717614255e-01,7.905747357290980881e-01,6.787860858552881016e-01,3.035427162436953874e-01,2.451214187428858438e-01,-6.306585379546035541e-02,-2.445996806344345464e-01,-1.692193778190076714e-01,4.417382675254016150e-02,4.775286156739738108e-01,5.238366356207105889e-01,2.334943892586047454e-01,5.017187513543099886e-01,-2.436363652394461787e-01,-1.236026898099121772e-02,-3.343417808092724042e-01,-3.112486949269676062e-01,-3.296660302775508700e-01,-3.518467633640375847e-01,-2.196038157309863070e-01,-2.994537878587011925e-01,-2.607482320004166909e-01,-4.663236785802544748e-01,-3.001812652511512414e-01,-3.173835311816588511e-01,-3.502282569643636601e-01,-3.711760811762548351e-01,-3.592157258832617273e-01,-4.303713229305145549e-01,-1.897824135870018192e-01,-4.151739837816615930e-01,1.797970631048696755e-01,-5.273000788219152357e-02,-1.759318697232050421e-01,-4.612399541513433898e-01,-1.341290923143014235e-01,-1.127187619474992464e-01,-4.975350155087713833e-01,-4.024148628487378421e-01,-3.835456482262067923e-01,2.109849631931106154e-02,-4.689152392939818781e-01,-1.718864486068829578e-01,-3.618909083740122767e-01,-2.454069901311601853e-01,-4.988206795134186855e-01,-4.596644950892553316e-01,4.918114530516334848e-02,-2.046929813167311374e-01,1.595497838978612581e-01,-2.687563150426333994e-02,-2.420826612112783258e-02,1.868954872548473367e-01,1.004074017588815898e-01,-1.395949292057633295e-01,-1.060570575196235904e-01,-2.348917530464354753e-01,9.424214449552864581e-02,-2.242460491600801464e-01,-2.816163521313182483e-01,-2.740766587753974970e-01,-2.120740925096945353e-02,-1.923879421158307956e-01,-6.417396598178343181e-02,-3.396529181467527470e-01,6.678548037944102844e-02,-8.151803196152324071e-02,2.421272405319849774e-01,-2.080313887641250248e-01,2.312930914852754927e-01,8.817012843398213187e-03,2.874278547602401312e-01,-1.283420438987822321e-01,-1.416668336310136778e-01,-1.465759786572437828e-01,-1.496708850474609831e-01,-2.571655719190470424e-01,-1.420766625185562182e-01,-1.790507060208714751e-01,1.669612900924370980e-01,-3.012534504891608012e-01,1.946656808120019594e-02,-2.935384631340867689e-01,-7.751712454644754668e-02,-5.423774433632210235e-01,-2.588769086335291486e-02,-3.977890392814397713e-01,-1.786894186851148980e-01,-1.986814188206752763e-01,-1.420254680918358603e-01,3.039908044126745507e-02,-4.712288334330935052e-02,4.600740550033123599e-02,-6.363347485497049261e-02,-1.650685254070806685e-01
-3.213404006907571442e-01,-3.572478920448287631e-01,3.147818366277688185e-01,5.587007986837977825e-04,6.795061165584913576e-01,4.981177059494929504e-01,2.819272909907187263e-01,4.487697575695959867e-02,0.000000000000000000e+00,7.614059109142666815e-01,4.533741050012698448e-01,-2.013320380827434558e-02,5.411692189986354595e-01,2.112740335076211673e-02,6.369966991561960556e-01,5.260285297347937483e-01,2.887585178288964993e-01,-1.794767345265531333e-01,-1.607597306080437438e-01,-3.413857732888773144e-01,2.213525863134186908e-02,2.483392323814436198e-01,6.494722508709795117e-02,1.018096366214694404e-01,6.191295111802308515e-01,6.475345130779212033e-01,2.567181312421441125e-02,2.818172212197097015e-01,5.538475583647503031e-01,1.773580914838606415e-01,6.249211610235733128e-01,5.694172778592427875e-01,-4.588801669372192249e-01,-3.419780221197983860e-01,7.932117878638979269e-02,-2.290216152885976020e-01,5.386031357995730851e-01,5.408481724474527574e-01,4.077022018198359632e-01,2.720127580692199842e-01,2.136045830372555743e-01,6.744847893039288000e-02,-5.818233435450177460e-01,-2.059289114544973209e-01,-5.673538768487436101e-01,-4.843849220169929026e-01,-4.612507062198551999e-01,-3.857773225410215390e-01,-2.744626978219804059e-01,-2.970744547900560084e-01,-1.955762424192628302e-01,-2.038813196603423417e-01,-3.554743531426948211e-01,-1.126904300981623613e-01,-2.103990379683662593e-01,-1.111458724476798721e-01,-4.148594087891031568e-01,-4.557915740205759070e-01,-5.310010227087550438e-01,-3.901313329490561088e-01,-3.015273759919456786e-01,-2.440884583401326802e-01,4.465967570498588501e-02,-4.261672739879590610e-01,-6.247064238750194703e-02,-2.639889914261608905e-01,-6.305230391731888595e-01,-5.340183786447844083e-01,-4.677122165439888679e-01,-2.859501291873267070e-01,6.591371707782964773e-01,7.697355503270992827e-01,4.698714789583451346e-01,2.699233421569498526e-01,1.320119441541157401e-01,4.479051833653133752e-01,3.286095507986076525e-01,3.851556750018700903e-01,8.083035546573087704e-02,-2.007115198972792558e-01,4.988636961450606394e-02,1.221177053752579150e-02,3.839976027949885129e-01,2.958076692261436547e-01,-6.195751071460535442e-02,1.929572716209590755e-01,2.481716700588633417e-01,4.755559961569055805e-01,-2.547342448263074585e-02,-1.327164580472657909e-02,-7.762776576306976151e-02,-5.010938972554015297e-02,-1.212936552358045844e-01,2.641953005233056984e-01,2.304443930826455267e-01,1.417164951793642713e-01,1.400731036748828831e-02,2.213437088179342760e-01,1.839528071217590433e-01,7.850265428700063663e-02,-4.895927358508880139e-02,3.200152687342122659e-01,3.470594505708303468e-02,2.920750050505175333e-01,3.204479414369280216e-02,2.152645143928905991e-01,-1.466082858375770959e-01,1.536591400761238568e-01,1.401103926632777108e-01,4.417712052484350227e-02,-3.294132060553260632e-02,-1.642097040952762710e-01,-2.728052107109568691e-01,-4.504878247053049900e-02,-1.583533443935127016e-02,2.795459237965586263e-01
-1.869024307136955831e-01,-8.836832947489234313e-02,4.062561982880029121e-01,2.595125026981717764e-01,6.621443903324888414e-01,6.936390306673250183e-01,3.488791852099792923e-01,2.610421446903580800e-01,7.614059109142666815e-01,0.000000000000000000e+00,1.933712920574802430e-01,-5.921628891506807574e-02,2.641158648270227061e-01,2.544444951990153247e-02,4.880433382495011352e-01,6.592820678739929052e-01,1.160938016569414144e-01,-3.176220624597558828e-01,1.269755534562824750e-01,-5.541830395932850761e-02,2.097119999494537756e-01,3.942015046538127621e-01,2.013127779845420018e-01,3.193571017266176315e-01,4.286380133377145629e-01,5.171694671510871366e-01,8.620515840135518915e-02,3.392052865285151708e-01,3.606106939646295806e-01,8.366381669604944227e-02,6.645027732850806723e-01,6.632102156994758024e-01,-2.741604259371968055e-01,-8.493483302151497161e-02,-2.668407855922969030e-01,-2.836264452949452952e-01,2.733947008836162262e-01,3.408197331429199672e-01,3.040434354332914868e-01,2.408283662251207713e-01,7.025761644954219010e-02,-4.782494098146013173e-02,-6.022519337223324332e-01,-2.663649224316770869e-01,-5.953835857793394748e-01,-5.646717348998818720e-01,-5.166541988036773558e-01,-5.196360200425628184e-01,-3.841340681298415771e-01,-4.626711632465393964e-01,-3.793362558002981721e-01,-3.860216986036205666e-01,-4.298354163145597928e-01,-2.849249929001584913e-01,-3.822203263589467603e-01,-2.616411596075157719e-01,-3.052965108658756144e-01,-3.007026019171493703e-01,-5.224830692522831610e-01,-3.046350433822810344e-01,-4.410067138727782332e-01,-1.501727230929502943e-01,-1.938090363136443506e-01,-4.471759948310997657e-01,-3.668978863613898134e-01,-4.504202344540219616e-01,-5.939191940253514268e-01,-5.106259434138072928e-01,-2.957198039852496074e-01,-1.278311435179448896e-01,5.905074212718018911e-01,6.910814386652098795e-01,3.645628812883889847e-01,2.735921332000735839e-01,1.626876492429540633e-01,4.788127482005484215e-01,2.523735426566499629e-01,3.308327797646751223e-01,-2.273201853298248420e-02,-2.210146165240778060e-01,-1.710991425653462239e-01,-8.332104428006791019e-02,2.761388073726472325e-01,3.251075575540859908e-01,-3.457749874977020799e-01,1.400249629328605312e-02,2.351120129575379469e-01,5.311135600792687983e-01,-1.194359188195623506e-01,4.156665782343456350e-02,-1.817649760549459315e-01,-1.110238255286228881e-01,-1.746697906410701051e-01,9.626197816967496657e-02,1.446286263360149205e-01,6.345707419260994409e-02,-6.106434921025253454e-02,9.626696533952608381e-02,5.552068212586704077e-02,1.110457679658951279e-02,-8.841589734108462606e-02,3.387302617501676272e-01,1.160837352030156810e-01,3.240076902810832826e-01,-2.731210851929308236e-02,1.033587555507402278e-01,-1.372852704131285739e-01,2.496281793217046130e-01,1.889894631338827624e-01,-4.638504659543817889e-03,-1.230284010542331136e-01,-2.117287489749705987e-01,-2.438286153593166583e-01,-1.404354536368007389e-01,-1.770426702399630625e-01,7.359556653272407434e-02
1.682873092739129231e-02,-3.170352044889543919e-01,1.347273837748584058e-01,-7.556457664298005250e-02,4.278409752279092593e-01,1.405101923427853616e-01,1.722268670518967426e-01,2.588339145941679145e-02,4.533741050012698448e-01,1.933712920574802430e-01,0.000000000000000000e+00,2.878598505815232467e-01,6.603729704732270722e-01,1.950227604428815265e-01,7.015154059485350091e-01,1.116463871005896891e-01,1.382530537722952424e-01,4.175345498442364217e-02,-2.736516742852334594e-01,-1.780079760614007300e-01,2.000936929026972677e-01,1.425383007271431579e-01,2.436486359328243062e-02,7.416911075954232824e-02,5.369451668560881741e-01,5.234971847293512504e-01,2.563056127353992575e-01,1.096660848450932840e-01,5.273471114916592484e-01,2.253657751531215059e-01,4.087544320663172859e-01,2.192151034871795412e-01,-2.577278646220868552e-01,-3.371961135926918596e-01,1.689679909879718556e-01,5.497731701658253173e-02,2.637659167546055894e-01,-6.182598900958712063e-02,1.573802641804121494e-01,-1.523023517198882626e-01,2.478518104659758747e-01,-4.796890405960877596e-02,-2.454527946878715117e-01,-1.711030668049835501e-01,-2.002732513351687116e-01,-2.104090246601765246e-01,-1.591073458528851070e-01,-1.978080922419859222e-01,-2.854501863644834936e-01,-2.602137927762913083e-01,-1.752768091709476506e-01,-2.144842130100559630e-01,-1.785315365738515403e-01,-3.864638138774381115e-01,3.993045303721555472e-02,-1.843153394219008423e-01,-1.145767370395541357e-01,-3.805933154822538911e-01,-6.638092865926505104e-02,-2.155546388603264696e-01,1.101709157913939724e-01,-3.381431517364433259e-01,2.320105224914170705e-01,-2.180801928863316808e-01,2.974251845574261699e-01,-9.736196277886990935e-02,-1.732828697297405796e-01,-1.066858275323148697e-01,-1.473630767228691352e-01,-2.307439765722154590e-01,4.556732919156536998e-01,3.904069471959169535e-01,3.198195339284261585e-01,1.944233711017730459e-01,1.931104099581815170e-01,-1.363549095623180218e-01,2.386998503551460149e-01,1.205292100855711729e-01,1.704814086217944225e-01,-4.014324267346411346e-01,4.022074640622025354e-02,-3.858684714498348267e-01,2.040444676462816742e-01,-1.294298004849913641e-01,1.430434968510109206e-01,-2.753614707889083801e-01,2.613354227663665652e-01,-9.712127774821939508e-02,-7.284027342548468620e-02,-3.786864911561415026e-01,-1.192503672148100269e-01,-3.390377425683562262e-01,-1.013191613579954714e-01,-1.214234239520659009e-01,1.301343582644695906e-01,9.259289686477700787e-02,5.352285235756889734e-03,-4.536750744198244506e-02,1.381122804344324731e-02,-1.012644438058860896e-01,8.261998700048679700e-02,-1.388285052350251569e-01,-1.479865205494347753e-02,-1.521749539079300384e-01,-1.465587498790260346e-01,-1.063645045183204269e-01,2.431547669049107310e-02,-2.014935995189217136e-02,1.612108227561960816e-01,-5.061736131186569954e-02,9.969408581082701837e-03,-1.520212314019082633e-01,-1.574816079151724890e-01,-7.635603484163373811e-02,-1.102194310811641653e-01,9.273221721552597774e-02
-6.268885822266376251e-02,-5.610404325720445839e-02,-3.150923904669437614e-01,7.733983379354329724e-02,1.546514898977775776e-01,-3.846428548057677192e-03,-1.360468623143852029e-01,2.787253224212599689e-01,-2.013320380827434558e-02,-5.921628891506807574e-02,2.878598505815232467e-01,0.000000000000000000e+00,3.630787304757076006e-01,7.498432281378337727e-01,1.989577634053655009e-01,1.385867592072005383e-01,2.899807088587594839e-01,4.744477134606885360e-01,-2.756198116313383073e-01,2.232646033561120069e-01,2.806958459939157269e-01,-2.925544433559238988e-01,2.132054781330896265e-01,2.384391166443469712e-01,4.420381513448656818e-01,4.528040198929840776e-01,1.841854775253341792e-01,-3.385836009788680268e-01,2.732333824948514622e-01,4.772795066252019103e-01,1.205488915036235197e-02,-8.090180370867299312e-03,9.421715670625725736e-02,1.778243983302553802e-02,1.460094701755010327e-01,2.946077657816920103e-01,-1.159476438435019796e-01,-3.313401098946154866e-01,-1.933062399605973147e-01,-2.744635593947361563e-01,3.393818601593587281e-01,-1.316257937155318747e-01,3.524919114570095047e-02,-3.418825816591942179e-01,6.457869268330073201e-03,3.221947198477959073e-02,8.883577790950943119e-04,-9.028558417769980138e-02,-1.988572481951415838e-01,-1.014635581069002201e-01,-1.448676050218820066e-01,-1.118583657692110711e-01,9.536987845627813154e-02,-2.963500272844625180e-02,8.156817106563751807e-02,2.044152677310766275e-02,-6.246765924592731500e-02,-3.273952176614147030e-02,3.148186280207064536e-02,-4.610757682484777770e-02,-5.863830634211101428e-02,6.364662004703157405e-02,9.285087753594738202e-02,4.293283067563450350e-01,1.473121298699037185e-01,8.355995491052548019e-02,2.808153993432419351e-02,1.927689124596140002e-01,-1.031860828769147059e-01,-3.076914577643394821e-01,-8.096257689190126949e-02,-1.359563628018497713e-02,2.083989038964560725e-01,3.900858260051764392e-01,1.061368306530614120e-01,-1.961397554174121594e-01,4.495679092724455539e-02,3.538123643649448979e-02,2.677867571763255516e-01,1.293669102907117341e-01,8.196661933773817521e-02,5.931401415858442855e-02,-6.821216977152000371e-02,-1.467968750189501126e-01,7.623275778703221539e-02,-2.465360980934981072e-01,-6.993650501371813551e-03,-2.155314432072744368e-01,-1.429981503494058281e-01,-7.538245503885667408e-03,-1.339197159116143621e-01,-3.303507324197543782e-02,-9.620766067636760122e-02,-2.097888161656909500e-01,7.780149998835671210e-02,1.023196233907817110e-01,6.995362651679354338e-02,-5.199896503658811564e-03,-1.925519047707005271e-01,-2.513318687962715070e-01,-1.493918518093788061e-01,-2.152266493457424268e-01,-3.363960467491910467e-01,-2.915389789595251857e-01,-4.003125808774400940e-01,-2.470656484074856551e-01,1.774993644751700350e-01,-1.215475192374400742e-01,3.801675786359243886e-02,-2.131570014768384771e-02,1.068214541927602762e-01,8.171761426185425101e-03,-3.040064490417587403e-02,-1.555728559146461465e-01,-1.259016209183176083e-01,-7.635344888026368571e-02
1.668052566860918628e-01,1.725107982303616602e-02,2.675782805812774723e-01,1.564593794338227373e-01,3.068037513626670210e-01,1.484645049236182346e-01,3.956355329082330563e-01,1.484101099706699456e-01,5.411692189986354595e-01,2.641158648270227061e-01,6.603729704732270722e-01,3.630787304757076006e-01,0.000000000000000000e+00,4.852457846569930844e-01,5.395647535770174974e-01,3.095475038266407575e-01,4.055683468427819793e-01,1.638711810920355227e-01,-2.039765892399483457e-02,7.986268916571938326e-02,7.072439662293492080e-02,-1.245241846707699079e-01,3.687086900343340412e-01,3.847833146579618391e-01,5.239841219860191801e-01,5.386200747823446378e-01,6.194983233732421699e-03,2.857368624930254133e-02,3.846508352846697010e-01,-8.412983570247702103e-03,4.648891072032816374e-01,4.754035340415915245e-01,3.282870607335243440e-02,-9.578466501590970905e-03,5.685423024637855510e-02,-1.081844410644460935e-01,1.209382071639973077e-01,6.025172544656912793e-02,-2.836581473731026454e-02,-1.142158303558375582e-01,1.449310873552711043e-01,-2.260863312464637953e-01,-3.840282043125957667e-01,-3.364080480130512973e-01,-3.583368332547220425e-01,-3.715213113601157358e-01,-4.333838470958024103e-01,-4.010316267614820185e-01,-3.433001662179536728e-01,-1.986898500032012183e-01,-2.955864930905275356e-01,-2.312788759081442491e-01,-2.804446941405936422e-01,-1.667112467051839741e-01,-3.038480599836110296e-01,-1.604336864392759132e-01,1.216095133194915606e-01,-1.107268445392140532e-01,-3.205569080005081783e-01,-3.326616327170794363e-01,-9.045589907354067982e-02,-1.879461440420036600e-01,3.059144388631438449e-01,-1.375053739138356879e-01,1.652968693652744903e-01,-1.473865856904286835e-02,-2.790984617370021459e-01,-2.421902526748776763e-01,-6.123726032113414181e-02,-1.005684674579767901e-01,2.632050092423959819e-01,4.106612242213796837e-01,2.792794907801982029e-01,7.274203856103701737e-02,-8.717525291542220500e-02,2.921275652830914588e-02,7.923504365514134895e-02,1.165883576093474372e-01,1.512857552722598475e-01,-3.801032726800118028e-02,1.461519928465949136e-01,1.341396522543354675e-01,-3.289233098377174896e-02,2.012230113344656846e-02,-3.473205566092120444e-02,2.048665077223675232e-02,2.075811333134586767e-01,1.868103283702297612e-01,-1.281934935577080381e-01,-1.654682584784628319e-01,-3.044448061898674118e-01,-2.158204963891334482e-01,-2.216557468645417306e-01,-6.487381336971380363e-02,-2.251864774844212769e-01,-2.486008931208278649e-01,-3.191114473690870312e-01,-2.137122150115166597e-01,-2.524050637136873720e-01,-3.948282685579995732e-01,-3.606337120348393488e-01,2.861348138494575286e-03,-3.212174485225803844e-01,1.780394294843312339e-02,-3.806006396691122839e-01,-1.484011750172203603e-01,-3.057066286372537300e-01,1.870734551206773913e-02,-1.743742646352855197e-01,-3.165198883767492144e-01,-2.728099998382870206e-01,-4.424487459142963375e-01,-5.331981816331213819e-01,-3.506497132465608568e-01,-3.178436015448861673e-01,-1.437292815139565305e-01
