0.000000000000000000e+00,5.434989760459465469e-01,-7.213943454326299243e-02,-3.063258668282162200e-01,7.468110302514521792e-02,3.321034263895750738e-01,-7.742166628606948764e-02,-2.214695145229291229e-01,1.368896203165149428e-01,4.179706977644916110e-02,4.293862662083607895e-01,1.780578386765758470e-01,2.253532882002977911e-01,6.520839398047613422e-02,3.338835985567851772e-01,-8.754191330102265023e-02,2.297797204097556945e-01,1.832217803049596971e-01,3.647469704908046784e-01,2.891229506916688785e-01,-3.842669138715729821e-02,-2.616056953357422943e-01,-3.410902029605578645e-01,-4.044287395025176202e-01,-1.943265209009728267e-01,-1.283368189799606041e-01,4.613458808125646682e-01,3.897923722757302700e-01,-1.821522396911266078e-02,-1.864422579447372885e-01,-1.122245388804955502e-01,-2.134944700017312458e-01,2.440522482541918059e-02,-1.288646819302758095e-01,-1.453545358879753113e-01,-1.018085985118982739e-01,-2.248119756751771614e-01,-1.885022495768433337e-01,3.022159540873518152e-02,4.203559720173048048e-02,-7.219439431968532883e-02,9.101003344220326419e-02,-1.802162862688965611e-02,2.821736429029417237e-02,-2.587596491081813055e-02,2.282960898080179934e-01,-7.959575769618341956e-02,5.684053810717153155e-02,1.548765156192488390e-01,2.945959191501167918e-01,2.620449424713296449e-01,2.744427717271411549e-01,3.156665051970049263e-02,-8.335995903586546074e-02,3.650099782591424424e-01,1.251123548604679836e-01,5.499724751847403503e-01,4.428957663405303502e-01,5.423913506926210104e-01,5.267776072730826487e-01,3.521286995356631699e-01,-3.977910920582900661e-02,9.704528552057231638e-02,4.195048122515708522e-02,2.003888975527307742e-02,-1.522889405831268916e-01,1.977846085493323858e-01,2.095026338239956987e-01,4.893747644553581577e-01,2.920579667857483575e-01,-1.117766139532219288e-01,-2.294661405838766821e-01,-8.225679480522941900e-02,7.467974790067622923e-03,7.931018292721114804e-02,2.884028679763880887e-02,-3.478818718377302832e-01,-4.635743181398060409e-01,2.191911851187035645e-02,-5.361696790362759785e-02,1.915628749071434933e-01,8.723162945017715053e-02,-5.418588350080829480e-02,-3.314938139192071809e-01,2.146260428428141409e-01,-8.411331654397032065e-02,-2.553851337562209126e-02,-1.817373863137351497e-01,2.775672144752313608e-01,-1.450280627949765977e-01,-2.600592628883957036e-01,-4.348707683963159432e-01,-3.764355281197987457e-01,-3.079807162273803800e-01,-4.632742927821576623e-02,1.169507674456957483e-02,-4.569096633152247566e-02,8.809868023193642705e-02,-4.444578013626999946e-02,2.255024519554830673e-02,1.216272352273593399e-01,-1.573086235259586740e-01,7.771337250195868573e-02,-1.576937447539940029e-01,-1.882687840566678317e-01,-3.030100203263098035e-01,-1.496921951251985183e-01,-3.256349726090629337e-02,-2.700790070794902714e-02,1.482366153935444353e-01,8.844702531884023056e-02,8.077395429646096192e-02,7.418256123215502540e-02,-9.854279587298614418e-02,-3.165759403512194425e-01,-4.379621732333186523e-01
5.434989760459465469e-01,0.000000000000000000e+00,-3.195113952032718196e-01,-3.921830323006719743e-01,-8.510151453416120448e-02,2.225607167813110909e-01,-4.804381733656434839e-01,-1.700805771257793697e-01,-1.785089928601140408e-01,-2.925165546575025921e-01,1.320123643433795957e-01,2.817749174231902742e-01,-2.192985006622426014e-01,-2.266228878561822591e-02,-1.409125525347275087e-01,-3.609922949716920515e-01,5.159066502453457659e-01,5.934263917732345295e-01,3.434006481366298769e-02,4.653872993331584773e-01,-1.396267426110701093e-01,-1.653031068135754622e-01,-4.394111328851553200e-01,-4.710780182483618184e-01,-4.506891118492347692e-01,-4.080524910852715847e-01,1.739301036231404862e-01,1.401597507171039592e-01,1.596448673301719690e-01,2.448797229987434154e-01,-2.564877459448470232e-01,-4.251565642634111408e-01,-1.738513328509809497e-01,-9.563288967421576525e-02,-4.650518152012529383e-01,-3.594647120658718831e-01,-2.266546222875644168e-01,-1.851306025374555853e-01,-3.664460218089368726e-02,3.692184311805565833e-02,-1.500780561154465287e-01,-2.482169901475477294e-02,9.348744640761813551e-02,1.452741927387155019e-01,-1.475006803801171863e-02,3.383101087404654095e-01,1.491100860301540765e-01,2.546205640617734134e-01,3.246277469067951893e-01,5.663466776290898563e-01,2.575836984162436782e-01,4.868265429421780310e-01,3.287341272028998507e-01,3.483870963682548783e-01,5.325935315240024615e-01,3.432816892642431839e-01,7.534421107369084769e-01,8.780347018651354363e-01,4.273474460252797980e-01,6.630903262289180589e-01,1.022086092913296329e-01,1.749596985717615516e-01,9.423810664073044296e-02,4.058849668097683772e-01,-3.876725100520771461e-01,-3.758762739474420522e-01,-2.160207633764047730e-01,2.011260865626006075e-02,5.076202121089777863e-01,7.093398058183926214e-01,-3.434739677502812727e-01,-3.717001298408152410e-01,-1.639547263817569545e-01,2.079103651961216048e-01,-1.060303938920519468e-01,-8.905428077983933155e-02,-4.665855476227087073e-01,-4.188131051803793969e-01,3.502683185763888485e-01,1.437163376314082586e-01,4.283313665848070828e-01,1.908484955237274572e-01,-1.753513710601906084e-01,-3.424746748869984536e-01,1.409651280696746709e-02,-5.220047272052964066e-02,-3.595157424989836592e-01,-4.323068940328790855e-01,1.117664275396567930e-01,-2.618526147408741997e-02,-1.884696486451357123e-01,-5.116416255222998588e-01,-2.027925438304055417e-01,-2.850780946418908224e-01,2.170530925020597024e-01,2.454656584362903959e-01,2.813253355863897798e-01,4.086874248436233037e-01,1.550275771728721053e-01,4.576051541403887424e-02,1.542738439106597914e-01,-1.516005242782060558e-01,5.892488922038393532e-04,-2.168468947868019137e-01,-5.386582848269019091e-02,-2.326639208989262908e-01,-2.542851955773626216e-01,-5.111774749532767281e-02,2.756087605069337809e-01,2.297130055741725962e-01,1.353782635891892794e-01,3.104413856009098915e-01,2.250128710099136287e-01,-1.611491623884268171e-02,-2.356890387022638755e-01,-1.670553245662182718e-01
-7.213943454326299243e-02,-3.195113952032718196e-01,0.000000000000000000e+00,6.004032193129316131e-01,-9.427062672089815687e-02,-4.789213936216704104e-01,7.553909377768246447e-01,3.244925308987472445e-01,1.341328003868187957e-01,-1.134311229121052894e-01,2.002301814311126527e-01,-2.652361550376207688e-01,5.359331173679071636e-01,2.146907364513975791e-01,-2.647826468213668738e-01,-2.530525764889154372e-01,-9.036359579284844457e-02,-1.780679395866125170e-01,2.699015215170613158e-01,-1.680325490868669891e-01,-4.845806861325191450e-02,-2.212815046904057226e-01,7.675395196611102255e-01,7.968145972641156316e-01,1.824437122013073953e-01,1.341174247692377974e-01,-2.855236298859010202e-01,-2.579775228817242083e-01,2.868271629358314367e-01,-1.430472273020577667e-01,2.039626778930166695e-01,2.246624507653735003e-01,1.587394547255278898e-01,-5.472883513971311953e-02,2.351216482522263951e-01,-8.056745661817642234e-02,-5.663216397502868898e-02,-2.335641819430731708e-02,-4.722306374647577965e-02,-1.078875258830631345e-01,-7.404101476309352114e-02,-5.501136435598978983e-03,-2.673418088213724286e-01,-3.597096650325145029e-01,-1.971613111256274031e-01,-3.810511356573526021e-01,-3.840743998205048415e-01,-4.135645612428200391e-01,-3.181922672648430095e-01,-2.166664598057845004e-01,-2.119225770311697898e-01,-2.485803742693876162e-01,-1.761526271259754306e-01,-8.905757236296497903e-02,-4.831166238010942138e-01,-3.959040066150422699e-01,-6.478330802874071939e-03,-2.366380920887850292e-01,-3.955770827726772798e-01,-3.847541631264156936e-01,5.936492185267520233e-02,-1.498010550989089251e-01,9.256718135964099592e-02,-2.940140698578667111e-01,4.701057463856689878e-01,3.959012207250726251e-02,-3.462486561928430212e-02,-2.943669043456146328e-01,-9.895340478191101685e-02,-3.855615419478769512e-01,8.499297429715282903e-02,2.593747618667580079e-01,-3.058831179453935442e-02,-1.775628554298522843e-01,-3.796098153301968314e-01,-2.662733876088668739e-01,1.715852586576294969e-01,-2.247919258012291421e-01,-1.685440294682164497e-01,1.757431413436152945e-01,-2.374434189240799686e-01,1.774541689296208757e-01,-3.836371624879134634e-01,-2.292273798978453070e-01,1.982516329785300457e-01,2.320291241148935146e-01,-1.001532962472561905e-01,-7.432436008498242985e-02,-4.015755797793955917e-02,2.975214900938699669e-01,-3.144726391450484715e-01,3.447591586608153569e-01,2.244046092994653185e-01,5.103254693806281717e-01,-1.825047211237303402e-01,-1.673213752740583815e-01,-5.193527209109553011e-01,-3.445610597297213973e-01,-5.148333224018404319e-01,-4.566012337321544434e-01,-3.729029018610472979e-01,3.001267822660164675e-01,-3.901692131312282097e-01,-3.466245083353606815e-01,-1.871092323740519148e-01,-1.353196517487074285e-02,-3.529261911926016015e-01,-4.189429113558248985e-01,-2.751863547837822901e-02,-1.168918268883926276e-01,-3.546294951049973054e-01,-3.474298245187329992e-01,-2.824276512735420797e-01,-2.097928859710827265e-01,1.776414782751535304e-01,-9.245118883059454118e-02
-3.063258668282162200e-01,-3.921830323006719743e-01,6.004032193129316131e-01,0.000000000000000000e+00,1.180117007506954196e-01,-1.052373284113112262e-01,5.647706692076035484e-01,7.756648607737369749e-01,1.967116969700753448e-01,1.450341246975093701e-01,-2.349785672787908786e-01,5.538769947348692185e-02,4.230968737025336129e-02,3.377791150382382090e-01,-4.079696692640998879e-01,-1.239534013160887710e-01,-1.419707704010320093e-01,-2.207687106912541442e-01,-1.175766751306761837e-01,1.457928922968189552e-02,7.011719620485407090e-02,-8.523350010605929006e-02,4.770855507547900887e-01,7.391413031164801861e-01,1.305638118256269575e-01,2.095994288535712458e-01,-4.010828008384856869e-01,-4.151921183044445240e-01,2.313798074004873306e-01,-1.284316159113373448e-02,7.867552529918528381e-02,1.649242799583569286e-01,2.411764641471649540e-01,3.391940646861371089e-01,6.815453703480693626e-02,-3.568405503789936345e-02,-6.373323212567746920e-02,2.742315756226614346e-02,1.070667620961598121e-01,4.382454224178979063e-02,7.531020254205882114e-02,3.812613207564941736e-02,-4.159944688129827983e-01,-4.446298409965653842e-01,-2.292576153370311787e-01,-3.666102181558643092e-01,-5.253866458999820743e-01,-5.584480453137329325e-01,-2.980107656217390599e-01,-4.255056318561639683e-01,-3.265137862827546256e-01,-4.253168323155868680e-01,-4.092009049664469544e-01,-3.625071309541066933e-01,-5.925578963014479505e-01,-6.480993411748053878e-01,-1.825144463690575314e-01,-3.767793917966968942e-01,-3.361423755361689358e-01,-4.682139954275129634e-01,1.359431799094406035e-01,2.041673318706674067e-01,6.819375424485009385e-02,-1.469939306055817463e-01,1.761411033383143976e-01,2.963920018455004635e-01,-1.104202089502796524e-01,-6.790530340923191244e-02,-1.845255249162716937e-01,-3.079301511446903006e-01,1.519014298273934360e-01,1.490037641513022593e-01,-1.868263287976243414e-02,-9.539301930289983966e-02,-1.139583964228267354e-01,-3.106167841377523997e-01,1.498443207368730379e-01,-4.337592537812701848e-02,2.830350032399170032e-02,6.121504696460410878e-03,-1.780097583012884011e-01,-8.980246969935012924e-02,-2.758388696419732389e-01,-1.623031598540941867e-01,-2.488385555117490072e-02,1.795120360760635581e-01,5.360383008873076394e-02,9.849378386516846606e-02,-1.655258165947790516e-01,1.457486468566128179e-01,-1.640734161927959456e-01,9.885007448513866146e-02,4.426727908075194784e-01,1.538230808539326477e-01,-2.970038400423055669e-01,-3.324285976379072194e-01,-5.267730512588683078e-01,-5.310943227584028481e-01,-6.179124269397872071e-01,-6.565291828764147075e-01,-3.230391387633876343e-01,3.120036360170153414e-02,-4.868571869944376962e-01,-4.649427433007826127e-01,-4.011654327380614199e-02,-8.395778055461741718e-02,-2.273586262970052063e-01,-4.008769378358127966e-01,-7.225904008040463788e-02,-1.196814176776200417e-01,-5.273085098310712482e-01,-5.973382276400973634e-01,-5.292217780237812308e-01,-3.951861557802701652e-01,6.489081455216795524e-02,9.980613001938437590e-02
7.468110302514521792e-02,-8.510151453416120448e-02,-9.427062672089815687e-02,1.180117007506954196e-01,0.000000000000000000e+00,3.301073354740081678e-01,-6.401247698353451643e-02,1.755910199038457631e-01,3.694600800584791345e-01,2.354791258308795709e-01,-7.960342568723824397e-02,-5.477745542829714348e-02,-1.682838058517019120e-01,-3.270130187672921213e-02,2.512464422559153032e-01,1.365322507043191802e-01,-1.205981823746999360e-01,8.770983951967147030e-03,2.820183494404685659e-02,6.273462641136418050e-02,3.048915794174988370e-01,4.041559518020604869e-01,-7.529454678556093787e-03,-8.811307560429032515e-02,2.703133369763075292e-02,8.634295684656290160e-02,9.359038341460755583e-02,-6.322785790858907740e-02,1.980617051136205620e-01,1.178419210183445226e-01,3.776505354403481562e-01,4.349979133535271381e-02,-2.110274427756976823e-01,9.465162203234870827e-03,-3.090870563425177631e-01,-3.104442763608799560e-01,1.082030532589623173e-01,7.261072878308999501e-02,5.827121227445190843e-02,3.391543248476733274e-02,2.358827950514386651e-01,1.950441950278250514e-01,-7.887443097434040928e-02,-2.978139021420055099e-02,-8.021096892351556708e-04,-2.397497822703805912e-04,8.006975505124570847e-02,-1.708041340689130452e-02,1.169797474360718820e-01,-1.003936231889505371e-01,-3.510280032514689202e-02,-1.183697990818094736e-01,-1.564077492144447523e-01,-3.100003146740489268e-01,-3.450442215323798033e-03,-7.015467155765996513e-03,-2.428660773413982288e-01,-1.232119622774039691e-01,2.100665476920987873e-01,8.769695608577604551e-02,8.619083386551847428e-03,-1.426673602489059445e-01,1.588377327866301592e-01,2.143357711729539650e-01,-2.997435346097752085e-01,-1.811810828095282155e-01,-1.735430891442416024e-01,-1.174376541776634003e-01,-1.203422195181054200e-01,-1.440320664508561721e-01,5.273235124150539299e-01,4.115949797922182074e-01,2.355162994144905653e-01,2.981545130258939635e-01,1.028090764922798134e-01,2.075580703224172430e-01,-9.807802060189977581e-04,1.834598340194612265e-01,-6.308032210995760669e-02,-2.497198650250146978e-01,-2.488771033976998615e-01,-3.073933382130405456e-01,1.865548074074598883e-01,1.558633849444154562e-01,-1.108354706909731868e-01,-3.089895109325149769e-01,2.040984331329196433e-01,1.316810464694793403e-01,1.716565782846548038e-01,-2.089947650065094031e-01,6.304381778811553316e-02,-2.445717465922085665e-01,-3.743650766812713360e-01,-4.086724367673831848e-01,-6.456664053674408821e-02,8.594595296515669669e-02,-2.442907638430446282e-01,-1.602202797707481252e-01,1.058085998832607455e-01,8.501686838338611690e-03,2.247133389195928033e-01,-2.843223250935100199e-01,2.689614374837172028e-01,1.139965112857747702e-02,1.054625314530107383e-01,-1.991636039530635116e-01,1.123242829684196059e-01,7.781607476579911753e-02,-2.293665973545035153e-01,-4.702379241835150658e-01,-9.497066038058994686e-02,-1.935146842213382179e-01,5.726074899148171637e-02,-8.414641760458691291e-03,-2.021519412604468602e-01,-2.583947331860700913e-01
3.321034263895750738e-01,2.225607167813110909e-01,-4.789213936216704104e-01,-1.052373284113112262e-01,3.301073354740081678e-01,0.000000000000000000e+00,-3.019836947187073406e-01,3.914356728591636414e-02,3.991777792963167593e-01,5.006026229558577789e-01,-9.417137146283137417e-02,2.511668383666355586e-01,-2.737112181728625360e-01,1.089137013083164678e-02,3.681778384192855857e-01,2.748903616623918911e-01,-4.347651114561518204e-02,8.521251096363693933e-02,2.543863235183089003e-02,2.693104173046706462e-01,-6.337129685711306859e-02,3.106175554461255983e-02,-4.493505121346786924e-01,-4.091345274733055870e-01,-1.421459207168998817e-01,7.404939114872652328e-02,4.470959301586006629e-01,3.947827690571193426e-01,-4.835107093589362248e-02,-1.060245245355571041e-02,-8.974683549603517871e-03,4.824672776622286607e-02,-7.120404439475762348e-02,1.315445166659404974e-01,-2.309981091934666941e-01,-5.271989608609291972e-02,-1.632389124927959567e-01,-1.107443404666722531e-01,-1.648636793344177287e-01,-7.786949029214780549e-02,-9.875500132535697251e-02,-1.165876795689264195e-02,6.805767185331952629e-02,1.756797247022532094e-01,2.434629542683325043e-01,3.343073456859702031e-01,1.285990133194723772e-01,1.977761119792433853e-01,3.391573291222709230e-01,1.104752324127749319e-01,5.476390566763221501e-02,7.021595791235830594e-03,-1.971091049599721021e-02,-2.267034262322171756e-01,1.807489921169362079e-01,1.032501822022011267e-01,2.076422612839515583e-02,1.048762019029039205e-01,3.683936029334086149e-01,2.688164348917486124e-01,2.093173990275144225e-01,3.269477937840900017e-01,-2.848579958593391859e-02,2.056282554707149213e-01,-2.451487081947585911e-01,1.189443679017613831e-01,3.665930587414503727e-02,1.683943032128642214e-01,1.828260892041762564e-01,2.183045315415747256e-01,5.914389796827807660e-02,-7.361997999572633677e-02,1.602268584406029870e-03,4.211715535004782740e-02,1.344245900056542931e-01,-6.139052040468475496e-02,-3.714864061999179068e-01,-1.672880578442176858e-01,8.174304255241970213e-03,-7.455741345031857703e-02,-1.690822170253208565e-02,-2.046486140035268242e-01,2.098368674426131716e-02,-2.906858545371595118e-02,-2.183186076010191212e-01,-3.583912122829538416e-01,7.633004755176614475e-02,4.615579753267971819e-02,1.818752635304344834e-01,-2.627959844827948421e-01,2.242801219995878004e-01,-2.922408009445496280e-01,-1.452905220579905898e-01,-5.062762341400550703e-01,1.727920634116775767e-01,2.251781380042152114e-01,7.601080583647013000e-02,2.560995502014736802e-01,2.580104775094833602e-01,2.422484424382694568e-01,2.248848471625835566e-01,-2.514839381527536055e-01,2.562338762127762681e-01,8.550912595929263671e-02,1.780183409849616372e-01,-1.255100371575334772e-01,2.056878573593294846e-01,8.435611382803734348e-02,-6.750514915189970155e-02,1.194081552570597088e-01,2.139399750731163785e-01,1.526840012131024660e-01,1.610120687387357474e-01,4.105525282259119696e-02,-2.223205602268775449e-01,-7.617801101862192725e-02
-7.742166628606948764e-02,-4.804381733656434839e-01,7.553909377768246447e-01,5.647706692076035484e-01,-6.401247698353451643e-02,-3.019836947187073406e-01,0.000000000000000000e+00,4.708112208584001035e-01,2.357387447094624888e-01,8.066661293640617347e-02,1.232518186741632937e-01,-6.454721747345838756e-02,6.168184526977021909e-01,2.259899624754411473e-01,-1.306203255129863849e-01,-1.736534331285041477e-01,-2.996213410312465464e-01,-3.228177337475293118e-01,1.081085377732790009e-01,-3.306246492335295217e-01,-1.930382536515830583e-01,-1.734847264238138786e-01,4.184994483717360825e-01,5.000597704296805279e-01,1.418799934476795699e-01,1.135540125997984290e-01,-2.338098561072632642e-01,-2.446410490277808880e-01,5.561747966665432641e-02,-3.174803887918180578e-01,4.655731499618830788e-02,1.048301837153850502e-01,2.406118686873416901e-01,8.605388790710799540e-02,3.606638699755783106e-01,2.005354125204309446e-01,-1.621400708497845455e-01,-8.599385932861582094e-02,-1.444395485479728070e-01,-2.306281527499405293e-01,-1.849887393292194981e-01,-6.417271990743320109e-02,-1.417643824710133615e-01,-1.966634338839974849e-01,-3.095977499243967104e-02,-1.962057568239010952e-01,-2.756821800556835123e-01,-3.295726989009714059e-01,-2.064684124923267250e-01,-2.811761237599100793e-01,-1.169598047876142105e-02,-2.767705899030324934e-01,-1.905507572811318551e-01,-2.783302215989696959e-01,-4.567313484164778337e-01,-5.185996099713670038e-01,-2.719881011328836307e-01,-4.490391965858133716e-01,-2.323390293107353011e-01,-4.201666261737293517e-01,4.428318115491095552e-01,1.136467655860955023e-01,2.009961773094561324e-02,-3.892204893283419675e-01,6.044347001057639446e-01,2.735014244223508695e-01,2.060907749557400470e-01,-3.448957917151071560e-03,-3.610243767152698235e-01,-5.306362260688074484e-01,1.153337863956460374e-01,9.249699502062257161e-02,-7.330026317196414176e-02,-2.399026750052197787e-01,-2.394794629313369005e-01,-3.523835236275786320e-01,3.321797736700732862e-01,-1.097413670592480885e-02,-3.003717008257931198e-01,1.003106670345820656e-01,-4.197309942278777961e-01,-2.739863447423960402e-02,-3.883741476396930237e-01,-2.430740281003326286e-01,7.867447154504707274e-03,-2.475955399311725869e-02,-1.189108181677068360e-01,-1.214038187018734727e-01,-6.603409854563531238e-03,-1.027003829270839164e-01,-1.149223756759715914e-02,4.289172991258763390e-01,2.992180127880687546e-01,3.185354850754905098e-01,-2.270633465944783824e-01,-3.094134281405225284e-01,-5.183217078220592189e-01,-5.406485183955681562e-01,-3.837263179279727376e-01,-3.043616142811692571e-01,-2.273988678843235078e-01,3.038092129053273083e-01,-2.253450650115033094e-01,-1.410003356093994520e-01,-1.676903625461473590e-01,1.982490129435390477e-02,-9.333443846183428483e-02,-2.512133454659886689e-01,8.213921213601316218e-02,-7.795729760585969059e-02,-3.816638074485366183e-01,-3.721926732858903963e-01,-2.233810828387245151e-01,-2.190552524824114777e-01,1.912947252974356582e-01,-7.976977117629012459e-02
-2.214695145229291229e-01,-1.700805771257793697e-01,3.244925308987472445e-01,7.756648607737369749e-01,1.755910199038457631e-01,3.914356728591636414e-02,4.708112208584001035e-01,0.000000000000000000e+00,9.678950150339753200e-02,4.388933360083532853e-02,-1.412187026663010436e-01,4.567805428305475313e-01,4.871797748902032682e-02,5.376200083365944016e-01,-5.166195939213863442e-01,-3.519698069709799593e-01,1.349327257277433689e-01,1.808264075485916944e-01,-2.378801711910887851e-01,8.478194819980247599e-02,-1.708494215989586340e-01,-1.393769033337896868e-01,1.119303669725196931e-01,3.777102769917553005e-01,-2.238775376931919914e-01,-1.850585358908780897e-01,-4.307464233594004432e-01,-5.542819640532732350e-01,3.674870195400476436e-01,1.915618244268524339e-01,-1.479943962226629717e-01,-1.157108341568657273e-01,1.647338262290383437e-01,4.232452079307331694e-01,-2.428546377981981308e-01,-2.349882859669061019e-01,-3.451821052681758872e-01,-1.266116398447885150e-01,-1.802895752147914629e-02,-1.536338523684221448e-02,-1.181028698221672502e-01,-8.298451141313809010e-02,-1.403743844582815425e-01,-1.079721355968008140e-01,-1.812601660101566814e-01,-1.153278674968091222e-01,-2.681507411471455438e-01,-2.571879935347786139e-01,-1.037343604706532085e-01,-2.133274160410950915e-01,-9.354236292869289038e-02,-2.318908037140903766e-01,-1.468492753154848063e-01,-2.501600334380721935e-01,-3.151250502885036275e-01,-5.807309837857221879e-01,-1.013428940229924163e-01,-1.725973409196835395e-01,-1.732773941306919030e-01,-2.287377294302201935e-01,3.675389939084161006e-01,4.904493736383237490e-01,2.737744031064293648e-01,2.734638871507905633e-01,-1.155906636653442759e-01,1.173640740442251085e-01,-3.055183691439812832e-01,-6.174766075515898678e-02,-2.869342549451332491e-01,-1.696039550700171317e-01,6.104312208319424837e-02,-3.330764765305968544e-02,-2.103142320307253843e-02,-1.258594759250352725e-02,-1.610462597024339970e-01,-3.092208137574777305e-01,1.515469511921379020e-01,1.599860889224954674e-01,2.706372991469555012e-01,7.095517490381741954e-02,-6.557144350168270241e-02,-1.576311150497490265e-01,-4.750327520803595549e-01,-4.524815469650371180e-01,-2.840183198757599281e-01,-2.614198152819735901e-02,-2.785964908913893257e-01,-3.412443356607922085e-01,-2.255835888540691780e-01,-1.451814477631437339e-01,-8.186605585952934361e-02,-1.384267025377062532e-01,2.495481245955520622e-01,-1.472577763725450017e-01,-2.985210391572338251e-01,-3.484626539044364812e-01,-4.669887743826028337e-01,-5.000444682978368860e-01,-3.675630169136186454e-01,-4.885123328830289213e-01,-9.336957762685250961e-02,-6.113032708197977706e-03,-3.007101463165012256e-01,-4.029694082295945945e-01,5.028981614839233422e-02,-1.630089347134040245e-01,-2.314744968551362136e-01,-3.422703767742425462e-01,1.963827391776345188e-01,-6.907000125285571446e-02,-5.377018354494789154e-01,-3.778367571534960168e-01,-3.179249928304020423e-01,-3.389343632282046936e-01,1.444289625072552215e-02,3.799290479023893991e-04
1.368896203165149428e-01,-1.785089928601140408e-01,1.341328003868187957e-01,1.967116969700753448e-01,3.694600800584791345e-01,3.991777792963167593e-01,2.357387447094624888e-01,9.678950150339753200e-02,0.000000000000000000e+00,8.053171246036658903e-01,-2.649708343761937868e-01,-3.786698505647296403e-02,9.452788664869564428e-02,1.584443886552364955e-01,3.274971666227865508e-01,2.392798827676034246e-01,-6.194399533420525961e-01,-4.383592342553511712e-01,-3.965265328641770504e-02,-2.567639182574394385e-01,1.357489500110146408e-01,3.223502876312627774e-01,-9.688155375804102798e-02,9.753812702119914885e-03,1.694573870110692992e-01,4.590999226648390663e-01,3.751741430595311733e-01,2.757569891142328533e-01,-8.689037558108379800e-02,-2.681168660212423505e-01,8.095096536578857971e-02,1.161839412181492059e-01,-2.393617979787695249e-01,-6.982746826473290591e-02,-1.537334145656652634e-02,-1.043272803952837308e-01,2.561267472478859775e-01,2.803396427877754560e-01,-1.727162645183207279e-01,-1.775366521670490028e-01,1.816489637659129963e-01,2.942618701355080857e-01,-2.345965820244934608e-01,-1.742966874635100416e-01,1.192215444174758304e-01,-4.107254775575924083e-02,-5.358351725029252693e-02,-2.552163590280527861e-01,4.373156709806143988e-02,-2.369962327194646834e-01,-4.127959798366961225e-02,-1.396711961578875338e-01,-2.374943182254170559e-01,-4.994501676914127053e-01,-1.751519398861109134e-01,-1.500844954016370414e-01,-2.439971523503506878e-01,-2.301279585373181280e-01,2.376507172519295996e-01,7.725690960369158145e-02,2.372194487693901344e-01,2.720375166948909781e-02,-1.132890634030269267e-01,-1.017198503647363458e-02,1.676896236340683910e-01,2.310403767596562741e-01,1.839092998677330781e-01,1.120132732754723220e-01,1.049465079577743994e-02,-2.730253014091451602e-01,4.584530199040365850e-01,5.165456443959680621e-01,5.101634445870285584e-01,-3.756067246879289667e-02,1.934254288958889012e-01,-9.925977986972764344e-02,-3.559690623759208528e-01,-1.153959455965837405e-01,-4.242719326178657213e-01,-2.270665707488522811e-01,-4.449776048654444094e-01,-2.468955238317397383e-01,-1.632220607822547909e-01,2.021217111784382250e-02,1.507215016267421728e-02,-1.320438389863829443e-01,1.003682379511366685e-01,2.212551137893073172e-01,5.576670283397111572e-01,-1.149608173345655765e-01,-6.032648567034595843e-02,-6.598858084147346537e-02,-2.096384142493369629e-01,-3.045314434185898422e-01,1.543790333165470652e-01,1.835136607558026517e-02,-2.403896319245250879e-01,-5.882477310635204903e-02,-6.398016549852877932e-02,-6.079361503035361075e-02,2.947988659962322844e-01,-1.205833371479093398e-02,2.309937328986507166e-01,1.178566390073051418e-01,-1.449214302856498791e-02,-7.224289881297578375e-02,3.246948687607572048e-01,-1.534124793761023897e-01,-2.427693779041713296e-01,-1.606893431910820236e-01,-3.896701706169400370e-02,-3.888742714884190765e-01,-1.326508653153414818e-01,-4.093053053930565954e-01,-2.766510737056492308e-01,-2.068181507985974721e-01
4.179706977644916110e-02,-2.925165546575025921e-01,-1.134311229121052894e-01,1.450341246975093701e-01,2.354791258308795709e-01,5.006026229558577789e-01,8.066661293640617347e-02,4.388933360083532853e-02,8.053171246036658903e-01,0.000000000000000000e+00,-2.741524085991418613e-01,2.857571769987962695e-02,1.908652298356113691e-02,1.093357327211361002e-01,4.863579120268389788e-01,5.690606375179326770e-01,-5.827861368001727715e-01,-4.865337401417920704e-01,-2.349916392303670609e-02,-1.998444678299751420e-01,1.723233290317865707e-01,3.105485679473578009e-01,-1.587711832782342514e-01,-7.313114164461947952e-02,3.018462425732276744e-01,5.235254491574571345e-01,4.516852983623278472e-01,3.830856712902648287e-01,-2.425495005946529670e-01,-3.368973817777493052e-01,8.085762021428179180e-02,1.716557221224225271e-01,-1.171535752980358003e-01,1.771046817121638833e-02,1.720463181296740252e-01,1.290174214764942817e-01,3.016314356016058795e-01,3.369278833382245986e-01,-3.875769396170260228e-02,-4.528762686079287197e-02,2.915392543606891707e-01,3.276844873817700288e-01,-2.137771283748771955e-01,-1.377334598518997477e-01,1.052659747916663002e-01,-7.684860014418075369e-02,-8.895345441209236148e-02,-2.127834555113593540e-01,-4.048985733283064214e-02,-3.373831140188984223e-01,-1.334715417368013968e-01,-2.412049184292066051e-01,-3.630671058075412017e-01,-5.459744227168564779e-01,-2.805497152175469577e-01,-2.118280994243485205e-01,-3.619513695899345684e-01,-3.241415988239236268e-01,1.824605350465972886e-02,-9.996323207394805510e-02,1.479936671048172059e-01,1.025420011586083285e-01,-1.944822082718626610e-01,-1.628213339422596162e-01,2.491037744032600088e-01,3.747298492987419793e-01,2.258750139297104886e-01,1.918918182906769743e-01,-4.138980723269979067e-02,-3.304885097202261424e-01,3.378270904621799575e-01,2.963443156379459986e-01,3.272593711965061103e-01,-1.792462574213508075e-01,3.436441884158746296e-01,1.364842084574155196e-03,-2.051613252309761048e-01,4.904972303138713935e-02,-3.896712574943730911e-01,-3.385238975992235222e-01,-4.463196981665462082e-01,-4.264631327115895876e-01,1.002160979924210937e-01,1.571656981056276658e-01,1.119653492058919619e-02,-1.705546279927805942e-01,3.544914474365387091e-01,4.548562565572766836e-01,4.079816697246143598e-01,-7.020879832145525412e-02,3.591266282283147454e-02,1.262914721752241357e-02,-1.358083263541466357e-01,-2.408432386387774904e-01,1.635896202756186024e-02,1.186407008566756419e-02,-1.544674792461773194e-01,-7.109017492540851448e-03,-7.463664294400036703e-02,-1.729037524009099588e-02,9.960803160635500753e-02,-1.151828622650837436e-01,1.406552455366026355e-01,1.261321906027497164e-01,1.454314717560104171e-02,7.806092117092307790e-03,4.427187002344569189e-01,-9.094821945836972441e-03,-2.937902971664428931e-01,-1.126054801801339017e-01,-4.617700764443485179e-02,-3.638317313666604713e-01,-2.326332267345374849e-01,-2.666931300446901409e-01,-1.953731152525982617e-01,1.119303567293936964e-02
4.293862662083607895e-01,1.320123643433795957e-01,2.002301814311126527e-01,-2.349785672787908786e-01,-7.960342568723824397e-02,-9.417137146283137417e-02,1.232518186741632937e-01,-1.412187026663010436e-01,-2.649708343761937868e-01,-2.741524085991418613e-01,0.000000000000000000e+00,-6.219894884256941398e-02,6.366688274210673404e-01,7.775580434069725294e-03,3.505285385401623044e-01,-3.274960844904781232e-02,4.293981514894336660e-01,2.344788314108137151e-01,6.314010021595618527e-01,3.023329576227725135e-01,2.938380309078714517e-02,-3.033729628182493254e-01,2.346455023773133530e-01,3.158446986359413934e-03,-7.952511611566082106e-02,-3.300462380822732911e-01,1.922300503342634637e-01,4.146055356282420806e-02,1.117864838054586224e-01,3.221421206979596576e-03,1.835962868459716235e-01,-5.900848762616763693e-02,1.751429897153114756e-01,-1.188445548480639158e-01,8.495135233842519840e-02,1.223653197496573026e-03,-3.495713614263883384e-01,-2.859271269953976291e-01,1.127527118466474243e-01,7.299909247629002285e-02,-1.627545585895063263e-01,-4.328478824615644704e-02,9.438098348346284083e-02,9.766055497296186050e-02,-2.250586614417534603e-01,-1.177190918424977917e-01,-7.511496368628915732e-02,9.210270931998110200e-02,-2.394125374765801173e-01,1.201694865529334272e-01,1.469954325975292818e-02,2.138607388787121949e-02,4.808756555972809599e-02,9.868601272804683466e-02,2.414550364550559214e-02,2.787452099652619475e-02,2.185464481319400187e-01,1.161930016251403047e-01,-8.989116339606774420e-02,1.157223667566417424e-01,1.192090131560267496e-01,-2.246924941624718342e-01,3.897818944267678609e-01,-3.839709422065695071e-02,1.862890373091647678e-01,-2.928835870287618826e-01,-7.069925142395036555e-02,-2.187774424046620425e-01,1.528629567623027985e-01,-7.516976120046542018e-03,-4.252821929343476859e-02,-2.111796304203913954e-01,-1.707510259026408517e-01,-8.650368681934475501e-02,-3.749514490387038500e-03,1.126995097385484756e-01,3.056186180789862150e-01,-1.582093319993648772e-01,6.707833564327750353e-02,4.988626806035238725e-02,6.736205970862273185e-02,1.362916138871953509e-01,7.379988681669183426e-02,-2.305508024392890210e-01,2.367178604786934204e-01,-1.472865564068691069e-01,4.329596314779538685e-02,-2.381990107383052113e-01,-1.384740973268858699e-01,-9.563136044828030036e-02,-1.372334258865062218e-01,8.437884689977566063e-03,-2.123887175157512797e-01,1.472021645825967173e-01,-3.595339234914530224e-01,-4.063800940725266486e-02,-1.889662181169771971e-01,-1.082446574998359584e-01,-1.278688117580334682e-01,-3.036748129344800026e-02,-1.496524004398883945e-01,3.519727785536543030e-02,-7.891337372070005018e-02,-2.576228290520417574e-01,-1.626573771224635867e-01,-1.085975553339893346e-01,-3.967245389625628782e-01,-2.107426590093213360e-03,3.230142364503348767e-02,-1.282392187920635140e-01,-5.545844417718000935e-02,6.904094953892322972e-02,6.091350676877187870e-02,1.249374526369420174e-01,-4.240938574167182895e-02,-2.954571337894106864e-01
1.780578386765758470e-01,2.817749174231902742e-01,-2.652361550376207688e-01,5.538769947348692185e-02,-5.477745542829714348e-02,2.511668383666355586e-01,-6.454721747345838756e-02,4.567805428305475313e-01,-3.786698505647296403e-02,2.857571769987962695e-02,-6.219894884256941398e-02,0.000000000000000000e+00,-8.031269253023126664e-02,6.700560346428870995e-01,-2.023206543105873501e-01,-1.388434998785293695e-01,2.620773008331988008e-01,3.194026653584862707e-01,-2.154852843248704908e-01,2.129117609247227483e-01,-3.337303809134768429e-01,-2.566581331169593971e-01,-3.998062005985626444e-01,-2.085182306672512809e-01,-4.485190958769837977e-01,-4.380518438826684346e-01,1.886666009270778974e-03,-4.907865593477703237e-02,3.502253411296127241e-03,-3.197450132338654043e-03,-4.915460549390707201e-01,-3.432011115276146773e-01,-2.077776117649282606e-02,1.907863637221952902e-01,-2.827382263606849633e-01,-3.121113067568988958e-02,-5.707956499059599897e-01,-3.908894271792271446e-01,-2.236311357776288589e-01,-1.960205347155286049e-01,-3.652412659612990775e-01,-3.051870796037283728e-01,2.998862692084601766e-01,3.547275869712198659e-01,-9.293019721022911794e-02,2.176647454536470849e-01,2.266648458888825823e-01,2.655178130445389750e-01,1.580374761333523392e-01,1.254427397688323564e-01,2.062154293962947804e-01,2.106126410507506153e-01,2.563205809489372267e-01,1.073562342462149460e-01,2.907788952384252612e-01,-9.243092640420887129e-02,1.002245153841224978e-01,1.389002291940237277e-01,1.309000086335800617e-01,2.523205245415584552e-01,4.120721249593985447e-01,7.410683267501074756e-01,1.565549495831759785e-01,5.334613614740911780e-01,-1.839836614109391366e-01,2.785239431228905271e-01,-1.670288033927384563e-01,2.534440224334257863e-01,-1.460916430567539837e-01,1.429014021218931729e-01,-1.647618511958054144e-01,-2.769604041867373967e-01,-8.915761530140633995e-02,2.289363366151571100e-01,-1.712356554861390601e-01,-4.210872572650476570e-02,-7.105198345430491225e-02,1.357857508339613828e-01,2.736902613515687643e-01,4.694419190327351471e-02,1.586552439854893581e-01,-1.090357537321287734e-01,-4.340372451365931417e-01,-4.294910829932180318e-01,-2.325255545520428790e-01,1.598348028816269084e-01,-4.700906137774581439e-01,-5.355362778937441393e-01,-2.415253618658917689e-01,-2.746146792379461909e-01,2.309259816845137259e-01,-3.238740672982760582e-01,1.884419464233190178e-01,-3.246553253670056427e-01,-1.908922641389312613e-01,-1.954468345430960541e-01,-1.042392935738370996e-01,-1.207733803866993250e-01,9.318154139666724733e-02,1.338940840269773128e-02,2.872959248382512265e-01,-9.323476974506977877e-02,4.126336370659820091e-02,-1.610238809098328006e-01,-4.344790936542923532e-02,-1.375642372356197796e-01,-2.668379817293927148e-01,8.918745134126035423e-02,3.097057754360396653e-01,1.598700947110419102e-01,-3.208466920477390932e-02,6.552418465722574525e-02,1.460135420940300403e-02,-1.811467968471856815e-01,7.119149271021690817e-02,-8.149502044710231485e-02
2.253532882002977911e-01,-2.192985006622426014e-01,5.359331173679071636e-01,4.230968737025336129e-02,-1.682838058517019120e-01,-2.737112181728625360e-01,6.168184526977021909e-01,4.871797748902032682e-02,9.452788664869564428e-02,1.908652298356113691e-02,6.366688274210673404e-01,-8.031269253023126664e-02,0.000000000000000000e+00,1.533171180272140388e-01,3.186666368751257528e-01,6.726292152548616135e-03,-8.041676499863283090e-02,-1.240106046397866368e-01,4.389766543196987336e-01,-1.840976979558559823e-01,-1.348024340759756690e-01,-2.435425671236884637e-01,3.850684276282271834e-01,2.451235226852883087e-01,1.162274877247129884e-01,-8.886243862134776683e-02,1.774157357966505699e-01,7.446992207064287439e-02,6.746263091224996566e-02,-2.485247404227147461e-01,1.284874231813185330e-01,1.037384527843398657e-01,6.361598951412887615e-02,-1.861169242171781812e-01,2.956036183156447450e-01,9.916856820972855258e-02,-1.914547261833500491e-01,-1.089656698349754371e-01,-2.746064562202285217e-02,-9.577603887997443444e-02,-1.162186381220853826e-01,2.219450543457131969e-02,1.043893690863301471e-01,7.142817723518575523e-02,-1.594349444501002022e-01,-2.199508720384197868e-01,-8.389430576278616991e-02,-9.492238786988200366e-03,-2.114277610883451286e-01,-2.046292722574145906e-02,1.061473903785637579e-01,-2.921814192707171756e-02,4.716388179286120502e-02,-2.652229075277621681e-02,-6.473536365893453604e-02,-1.133945667744506725e-01,-1.178167711672351847e-01,-2.379187352114436882e-01,-2.526970212229943669e-01,-2.011635822686072272e-01,3.181162317066320022e-01,-8.211064072449111850e-02,1.789201669511958359e-01,-2.798877933492657233e-01,5.348320147719196616e-01,-3.487891984240230892e-02,-1.137674552733155403e-02,-2.493931524640378150e-01,-1.522030009869637934e-01,-4.460881122312883029e-01,8.703046116330304116e-02,-4.055249690039910981e-02,-8.585907767072885333e-02,-2.038816355623875864e-01,-1.714789597991216163e-01,-1.239944590553502118e-01,3.013503125058126231e-01,-1.137476912501478310e-01,-2.162481128478224712e-01,1.347910425474838636e-01,-2.620081510877386166e-01,-1.033191060156092751e-02,-2.057021543505760941e-01,-2.886613103390187063e-01,1.299678014004441717e-01,-1.042288397603126499e-01,-8.384325983326909593e-02,-2.253034972286366011e-01,7.227579168443859503e-02,-9.371386085685545764e-02,-1.167150753179123090e-01,3.230536571938795176e-01,1.020441169313256527e-02,3.584655140935327222e-01,-1.708485016199993156e-01,-4.152917359022667565e-02,-2.410915240760931055e-01,-1.838269219345698702e-01,-2.199866722597654256e-01,-7.969462564128537707e-02,-1.769006782138227707e-01,2.944921075599694626e-01,-1.489321616423362193e-01,-2.046869798605415181e-01,-2.879228297808140158e-01,-6.836204280171664927e-02,-1.449171929559584793e-01,-1.085303678731564386e-01,1.501340126512856754e-01,-6.944617981562925535e-02,-1.603042798599208507e-01,-1.162371405105836059e-01,-5.538630996309579918e-02,-1.035849922178067387e-02,2.876557805500261078e-01,-2.193320783972094734e-01
