0.000000000000000000e+00,3.870007075581046729e-01,4.685771165763960022e-01,4.252551715664394938e-01,-2.457041168479024706e-01,-2.258005241311598077e-01,5.249060280267759948e-01,4.494013739063739687e-01,-1.894632185371731559e-01,-4.337452287778793547e-01,5.305083765638308746e-01,5.110924877896730889e-01,1.760713034224530016e-01,2.075957509043277471e-01,-3.634169185023772841e-01,-2.937793917657446907e-01,3.523686555948969956e-01,2.382051632632214283e-02,5.044649426508819312e-01,1.562360924232808757e-01,-1.465205498511538799e-02,-1.046151711725276656e-01,3.754506598429747655e-01,4.021781301683050036e-01,-3.433676948822287495e-02,-1.617325071556160176e-01,3.878635479221781979e-01,3.849496992760177982e-01,6.142329105681074847e-02,-1.323774734053174140e-01,1.296593670581091540e-01,1.048048453314241180e-01,3.378489507366376765e-01,5.208681920573252633e-01,1.878411486734813951e-01,3.122085745395578038e-01,1.169846464226153154e-01,-7.907418323467622912e-02,-4.505565234399535463e-02,-3.463550264701823478e-01,6.620821884257722945e-02,-1.811720223336881277e-02,-2.506893702501787891e-01,-3.438396825032539184e-01,1.504853632452184953e-01,-2.791204924085972650e-01,-1.524739223103194763e-01,-2.303120961321749038e-01,-1.548194262518295672e-01,-5.210819421061443357e-01,-4.534934648308132088e-01,-4.467969743277195871e-01,-3.421929190144721300e-01,-5.198711380232592383e-01,-3.573172493252972926e-01,-1.657352563737594375e-01,3.169197855169908484e-01,6.933699164664787473e-02,5.329023488030404376e-01,3.008632891170988644e-01,5.466267618964578689e-01,3.453597392147892409e-01,1.840296681772668752e-01,8.985536934635311723e-02,3.199355366318680227e-01,-1.577612868166824167e-01,4.111194463475782990e-01,3.489015514308482224e-01,4.983541119918427076e-01,2.031811248931089942e-01,-2.162461807898190605e-02,-2.382831813088429618e-01,-3.019653033767186190e-02,-7.799245131815149557e-02,-1.347807931250885778e-02,1.747529638366952798e-01,2.237003555959684586e-01,2.585095525161762997e-01,-1.473991253354399178e-01,-2.220786317276261246e-01,8.450729028079164568e-03,-8.256212907546073634e-03,9.555533361062178155e-03,-1.304780186345749493e-01,-1.614438284790686851e-01,-3.527932029259231439e-01,-1.100439917464506867e-01,3.961801803135057282e-02,-1.997413019647534815e-01,-3.192376957096203505e-01,-1.997896440411855434e-01,-2.724951829672941361e-01,-1.286378831215346519e-01,-3.581904934370780946e-01,-1.825049630037507351e-02,3.908830428528923401e-02,-6.670292293698079633e-02,-1.338970271296132941e-01,6.985526890740290096e-02,-4.622212656302269324e-02,1.803653075855821686e-01,-3.235108083577979965e-01,2.701689949853668393e-01,2.643345938094295300e-01,2.669117694894092008e-01,1.913683436409387428e-01,3.573947831034131051e-01,3.954189922899502552e-01,1.321495573020557354e-02,-1.225145944531960268e-01,-4.911533886738970178e-01,-3.028252434406566440e-01,-2.316454446310678983e-01,-2.709738852207273507e-01,-1.580682632451853864e-01,-8.400317811002482038e-02
3.870007075581046729e-01,0.000000000000000000e+00,-1.347326049448813456e-01,-4.514403582843472956e-02,3.753891637701195494e-01,1.960037151159204072e-01,-1.953940704168116993e-01,-8.036682163453369443e-02,2.181743423785649783e-01,-1.021585961296750805e-01,-2.737128976378754852e-01,2.532649797804751857e-01,-5.608223939133933911e-01,-3.923076316374672634e-02,4.451466082567884230e-03,1.286151978031003229e-01,3.756773312858419089e-01,5.076200822252657785e-01,5.266516300819201746e-01,5.842922657946196807e-01,4.408271883686344927e-01,4.315487194544342375e-01,-2.475238467223445371e-01,-1.885287119602891692e-01,1.781455447636377254e-01,3.818818639699343986e-01,6.399809923375345821e-01,4.850047981413762588e-01,3.501182262957050484e-02,6.724964121737134204e-02,-1.853739879572514904e-01,-3.633076440846922939e-01,2.361079044260399329e-01,4.137187347499753365e-01,1.166943309364642661e-01,3.540830783075785138e-01,2.378281101446322598e-01,1.419094735912032057e-01,2.942252620887547687e-02,-5.514012161381883631e-02,-1.708794826700131275e-01,1.448009691800944965e-01,-2.682994469859943387e-01,-2.240913529012210637e-01,8.599197819179507651e-02,-9.265213756085662403e-03,-3.302823892666008343e-02,9.965761276744483643e-02,-3.651552885970179019e-01,-1.652537994212418537e-01,-4.813281913487797437e-01,-3.104923418096428023e-01,-5.561703585123261018e-01,-4.114160331019486305e-01,-2.181059586234796177e-01,6.584833630008159189e-02,5.375721962118875652e-01,6.731173126344253133e-01,3.689082469500806205e-01,4.241837784550414048e-01,1.822924200858473676e-02,2.267164563550601031e-01,1.734568048603036539e-01,4.951993906144777635e-01,-2.331943858921147195e-01,-2.930274866313287707e-01,2.840283058666889793e-01,4.553506552366656801e-01,5.569294276011615974e-01,6.197479663805860461e-01,-1.003499592912585753e-01,-1.584662403602723757e-01,-2.125464883124722759e-01,-9.476507652010700278e-02,1.979229193204870840e-01,1.793212108216646061e-01,2.926305239588539164e-01,4.224154746635045976e-01,-3.586876998859234167e-01,-2.026587069853790224e-01,-1.856164876993106339e-01,3.528063856370652340e-01,1.397669282429054097e-02,3.967131032374858202e-01,-3.698643446001509960e-01,-2.107609653371454450e-01,4.050098694795237209e-02,2.578212807811392504e-01,-3.356778797235718259e-01,-1.344002877629731085e-01,7.078417877010845238e-02,3.875509502371889820e-02,1.671734506302456902e-01,1.081116706879107527e-02,3.067127874095282869e-01,4.430787445613939557e-01,4.833205437698513962e-01,4.687120419571074170e-01,4.547254047311637404e-01,4.493588027700801124e-01,2.677520951134972349e-01,1.207204791926935056e-01,4.016071777688761668e-01,4.171438864304071181e-01,3.508336171594510500e-01,5.292684197021715331e-01,2.871605464019018616e-01,3.183283535553020349e-01,-3.285636276987679572e-01,6.110926561891136949e-02,-1.074520079919459407e-02,8.046916730991758582e-02,-1.333589304059081826e-01,-3.213451154839956914e-01,-3.664163237052195377e-02,1.918232345229601843e-01
4.685771165763960022e-01,-1.347326049448813456e-01,0.000000000000000000e+00,8.905063461984299433e-01,-1.991289775184035271e-01,-6.051805252370368732e-02,9.056611030316104038e-01,8.028878382854136575e-01,-9.792188279823065000e-02,-2.462679154403234205e-01,5.083431545470760149e-01,3.694793726809876278e-01,4.692953762349286184e-01,3.844664589875169680e-01,-3.304122336032305207e-01,-2.772379228261812600e-01,1.148035111022825405e-01,-5.447260270628090373e-02,9.895226211319538279e-02,-2.111252087367098025e-03,-1.538368162522845695e-01,-1.236539273735260680e-01,9.051050008427212745e-01,9.393968309092038949e-01,2.221865922278489780e-01,4.109067934248830656e-02,1.937097639257047699e-01,2.431487846462615232e-01,9.720346022765960492e-02,3.346065216966670475e-02,7.685508659832251954e-01,8.148480407720211094e-01,3.791357220936605876e-01,4.585493276380409600e-01,-1.939511916204980924e-01,-1.329812566390628781e-01,-3.124623515340833602e-01,-4.867408281426726657e-01,-3.841877606239377796e-01,-5.574442437496176517e-01,-8.227236889649394702e-02,-3.174229441673361712e-02,-3.635428529174425383e-01,-4.532308803506617245e-01,3.059046964719463330e-02,-2.741227159486789300e-01,-3.300625906272837140e-01,-5.262438352262530650e-01,4.422317614094889437e-02,-3.582339090583341878e-01,-2.952636119922362190e-01,-4.019585294672150533e-01,-2.028602900855043245e-01,-4.508626401958863439e-01,-4.931862118562861386e-01,-3.575918779573620254e-01,-2.411142218356495878e-03,-2.341452457324183778e-01,2.547479834978664814e-01,4.938876693427501907e-02,-1.446873099004568688e-02,-1.572750190917244217e-01,6.378397893768451843e-02,-1.554381833226495604e-02,2.638602225748684638e-01,-1.583323366404394972e-01,1.028526312098718976e-01,-4.948048063259980617e-02,1.321023048020096222e-02,-1.959652332593253277e-01,2.544185586438357793e-01,-4.580141594592904847e-02,-1.274370340476209118e-01,-2.403071136241452521e-02,6.618074699000231660e-03,-4.352480710816073600e-02,-5.397266997507620123e-02,-1.217020479938655808e-01,-1.521087848397511544e-01,-4.199123591433947533e-01,-1.267564835155356173e-01,-1.446683356475377824e-01,-6.868539116633180786e-02,-3.091794409862976267e-01,-3.127026737996301264e-01,-3.550715541393946184e-01,-2.312645839320792152e-01,-1.665118935379464593e-01,-2.871377327920385247e-01,-5.416812404417959970e-01,-3.401567637466976768e-01,-4.936099096532967634e-01,-4.069532362970204042e-01,-5.594791022606270259e-01,-2.427174836863592311e-01,-3.925116584038669254e-01,-3.690995019106252939e-01,-5.588256204959862750e-01,-2.366545098988257489e-01,-3.675632098374413959e-01,1.238691527018087046e-01,-5.517113207407422504e-01,7.717585143327806985e-02,1.187956799632656872e-02,2.578721794243598597e-01,3.837991731752291719e-02,1.793493750820578658e-01,5.630333434633573442e-02,7.660205215222448162e-03,1.523982428803372612e-02,-6.489671510443851821e-01,-4.746401960238450513e-01,-3.546824269020766307e-01,-3.021728651430074519e-01,-1.964613669448487809e-01,-1.417732104487829103e-01
4.252551715664394938e-01,-4.514403582843472956e-02,8.905063461984299433e-01,0.000000000000000000e+00,-2.948833120190871293e-01,-1.390591090092310467e-01,9.056020611883118798e-01,8.522550820584893216e-01,-1.848020630356743133e-01,-3.742005138250880103e-01,4.678105075586165840e-01,4.163157521103736936e-01,3.842187913091990592e-01,4.330125208656291913e-01,-4.013668381255618423e-01,-3.408847911544398701e-01,2.290837796379724400e-01,8.254367238674639728e-02,1.191644383600583834e-01,2.274908154690940543e-01,-1.895942302091483678e-01,-9.261623597788212758e-02,8.009082953689156126e-01,8.915314883633216336e-01,1.356291917797358970e-01,-3.492125614993527027e-02,2.611432111707688297e-01,3.744826719274961246e-01,4.182876645316442599e-02,1.041152224782979224e-01,6.656146844898342962e-01,6.782921643796098188e-01,3.606177888302330992e-01,4.506245028986876622e-01,-2.176250866746151647e-01,-9.232529119209341439e-02,-2.973032836407299984e-01,-4.327508355227654979e-01,-3.405713861621871841e-01,-6.359624186552417235e-01,-8.963675180078743698e-02,1.827392111441717912e-02,-4.951080320163680493e-01,-5.085374866872385269e-01,2.137501529060845951e-01,-1.273709147983828616e-01,-3.032813838402071971e-01,-4.399813222172459515e-01,2.596570937898699805e-02,-2.961004697748624293e-01,-3.753785967078223096e-01,-4.299094838241481753e-01,-2.535897354898381528e-01,-4.921287218591195445e-01,-4.512328660130328628e-01,-2.179683689679330905e-01,1.280922951828152301e-01,-8.698276683817267318e-02,3.512375289320447957e-01,2.352396568571158419e-01,-5.456684351826011220e-02,-3.710311029579357878e-02,2.336981236510665416e-01,1.246200199949067527e-01,1.233241228483040325e-01,-2.241791258160066025e-01,1.110183909619918696e-01,4.990602775326494212e-02,1.157292123388660859e-01,4.169606433701354524e-03,1.923075697333864464e-01,-1.896468926614139627e-01,-2.183448636154037836e-01,-5.168005310009551184e-02,-5.570987785711337126e-02,-6.901282025632980710e-02,-1.684730995287746225e-01,-1.573415649736379096e-01,-1.469420150949958259e-01,-3.787171078465100815e-01,-1.082873280474840466e-01,2.244691345090216172e-02,-3.415101323901878483e-02,-2.533032709237041935e-01,-4.042902327874300372e-01,-3.985862654835952146e-01,-2.865122193189961752e-01,-1.873758140459735599e-01,-3.630270012232059140e-01,-5.348998255691221893e-01,-2.644953391929358300e-01,-4.279637863737020265e-01,-4.473188719147277448e-01,-5.580345545853749867e-01,-1.575932349697022339e-01,-3.600392611571396340e-01,-2.039820627798971109e-01,-4.043929611703253046e-01,-1.106085365858229114e-01,-2.540788691762419504e-01,2.042241548821748798e-01,-5.283358130006581277e-01,2.209092913862421848e-01,8.190189262012993743e-02,2.285196060085139258e-01,9.605788320885000342e-02,2.307931712456328111e-01,1.503144419376527263e-01,-9.437021811031798268e-02,-1.204004688913319215e-01,-6.429818109809103399e-01,-3.877969974882978232e-01,-4.203650369204017245e-01,-4.489462832424293004e-01,-2.768042290135775962e-01,-4.094947859329492457e-02
-2.457041168479024706e-01,3.753891637701195494e-01,-1.991289775184035271e-01,-2.948833120190871293e-01,0.000000000000000000e+00,7.975921644191421578e-01,-4.134970502859279251e-01,-3.967435486520821675e-01,8.020050554307747159e-01,6.383166820058283619e-01,-4.236841282687394683e-01,-2.465541080052974510e-01,-3.316138029102775886e-01,-1.035860383970894083e-01,4.740483071199610987e-01,5.637612705617678355e-01,2.822179521992806972e-01,2.830911851503805643e-01,1.314846177260239890e-01,1.633030476758146055e-01,5.927626246614716710e-01,4.480023737884987201e-01,-2.263794204734811966e-01,-2.460449940453216799e-01,6.449517874055121780e-01,8.689188798345497400e-01,3.789518986612253615e-01,1.732003123828887159e-01,4.616251571254546548e-01,2.137239791986309534e-01,1.415864968451745198e-01,3.013218626396342581e-03,1.032952158529588937e-01,2.218443283608464989e-02,-1.947271833939983321e-01,-1.242263748591799083e-01,-1.004400870670568192e-02,-7.740788494592430735e-02,-2.321247025422525090e-01,2.015153277383971986e-01,-3.032137003877572595e-02,2.470830864438048613e-01,-6.622755268606944981e-03,-7.064057504944010191e-02,-3.767988930586024798e-01,-1.085181788131034525e-01,-1.262353361332194668e-01,9.463728277091411475e-04,-3.802643974201835864e-01,-6.830004656185265088e-02,-1.334718629320848227e-01,-2.056609807177849081e-01,-3.237640298924834847e-01,-1.333031573423794358e-01,-1.086878915862596606e-01,-1.235844437795717982e-01,2.780717636342521226e-01,3.192592329731949730e-01,-1.138185126708232270e-01,-5.492273692495253795e-02,-4.032402357019418404e-01,-3.748331469193560972e-01,1.000062045032884539e-01,2.100798890718545142e-01,-2.424722462152794911e-01,-3.441638118161089999e-01,-6.269864249186271610e-02,6.776608434733182029e-02,8.400207701138251437e-02,5.558790567613914463e-02,2.702997895104599646e-01,3.319651017788326497e-01,1.338582381093482432e-01,-9.080015612406983072e-03,2.043494999188292804e-01,9.520312361559410408e-02,2.506099037022594539e-02,1.112986917798539505e-01,-1.292850702953162179e-01,-1.376676579406880263e-01,8.473734348140912753e-02,7.367347268191998255e-02,8.366339826455028439e-02,4.148635088582630637e-01,-7.186985961791174382e-02,-8.031494626698917894e-02,2.232645036222171420e-01,2.273171764126159233e-01,-2.145429768133094439e-01,-3.572289529404823472e-02,-9.678865486919807637e-02,-1.005018045367340879e-01,-3.202994259196490466e-03,-1.776792818412900252e-02,7.009876165834252881e-02,1.375075959627472810e-01,1.863387381093424555e-01,2.386685855659165245e-01,8.689273665940029645e-02,1.191475742824913836e-01,4.698779216883423177e-02,1.824741772796682759e-01,9.612024425489450186e-02,1.598935812198339079e-01,9.443546202172264925e-02,1.859323554232513442e-01,-1.492710325652721048e-01,-2.459221636644194631e-02,-1.631128478098438916e-01,2.559993270418953748e-01,8.583176840079502490e-02,5.275486605439883361e-03,-3.584040594191192919e-02,3.451672421933583285e-02,4.101187095183412429e-02,-4.104482562465135154e-02
-2.258005241311598077e-01,1.960037151159204072e-01,-6.051805252370368732e-02,-1.390591090092310467e-01,7.975921644191421578e-01,0.000000000000000000e+00,-2.401030027437466574e-01,-2.085184470088744801e-01,8.184821054656917783e-01,7.044792467163671912e-01,-1.898559373908535464e-01,-1.166837286332827739e-01,-1.168599314932106115e-01,5.708905037113670700e-02,3.969140311399705912e-01,5.324319425662045191e-01,1.232290394508829268e-01,2.948727119254278550e-01,5.287793149156569394e-02,2.760816561115656681e-02,4.121993210086842274e-01,1.641245712286082126e-01,4.684138076713962456e-02,-1.599416834777032947e-02,7.183057147672966547e-01,7.833456824079081393e-01,2.703673322903756282e-01,1.282763251920537306e-01,2.581478915045850031e-01,3.468531307752168447e-01,2.918789399301205956e-01,1.461331643625433385e-01,1.546425580876591432e-01,1.008682237211629695e-01,-9.396456510975365051e-02,-7.382623384683513479e-02,-2.003553787322356894e-01,-2.181898005579166189e-01,-3.990129974549379566e-01,9.315642622679207174e-02,2.709130804516871657e-03,1.690495058747578661e-01,6.766064836823526552e-02,-2.329935426125849876e-02,-1.658239239367504114e-01,-3.794998737777555836e-02,-1.088224715844220286e-01,5.933729868682439262e-02,-2.567887565071360068e-01,-1.197006776271469786e-01,-3.870157688157575132e-02,-1.385820783525172906e-01,-2.456318090776899443e-01,-7.298900308575227702e-02,-2.532583379478955954e-01,-1.192546761829222784e-01,1.766305003081634906e-01,2.883585311811954766e-01,-2.102447947284699359e-01,-1.910243025650036897e-01,-3.283956773026668330e-01,-3.546467524821348971e-01,-5.354043096932110252e-02,6.594594142314777474e-02,3.707196562536539675e-02,-8.706318670302072571e-02,7.883920981085654200e-02,1.283325055046361240e-01,3.166287109161932539e-02,-1.092387204568876918e-01,2.959458439471273627e-01,3.976637496166967600e-01,4.235386427339223742e-03,-1.725599404171366050e-02,-3.187972225839041246e-02,7.040083554182403891e-02,-6.685797900093615187e-02,5.097279788142419082e-02,-1.663908589190744858e-01,-2.543633363397875824e-01,2.113071152545265008e-02,1.040544918881657066e-01,-4.273664027435170043e-02,2.201914460953419139e-01,3.724992211436554956e-02,7.698701518267669908e-02,-2.462037757919903133e-02,6.355941666467636308e-02,-1.510839127070306431e-01,6.168930622427838857e-03,-8.730780234183632693e-02,-4.801664007757282943e-02,-7.387051855014145629e-02,-2.234372083567432582e-02,-2.068230943836370239e-01,-5.922677831075959243e-02,4.498621542126421402e-02,1.262819418325088483e-01,-4.239432452867941681e-02,1.358269676393465859e-02,1.532898295939908451e-01,1.506300305687417185e-01,7.438268825259655714e-02,7.482700042825275732e-02,8.208973416988478433e-02,-2.592365610973552253e-02,-2.486148410309822754e-01,-1.659160465291230069e-01,-5.307372804838211139e-02,2.991265956749835642e-01,-5.057703421983312381e-02,-1.731249608849157878e-02,-5.550564559349580734e-02,5.272589068948498048e-02,1.206186900676588930e-02,-1.068553650526684051e-01
5.249060280267759948e-01,-1.953940704168116993e-01,9.056611030316104038e-01,9.056020611883118798e-01,-4.134970502859279251e-01,-2.401030027437466574e-01,0.000000000000000000e+00,8.721529698245832352e-01,-2.647512289409901243e-01,-4.081943532859411139e-01,6.752874633260100845e-01,3.908418539063742703e-01,5.939152105495654199e-01,3.846541827134540292e-01,-4.495364998293127079e-01,-4.271253636681832666e-01,1.436221517109737833e-01,-1.384152315835963931e-01,1.373977777299800751e-01,6.414704146104509286e-02,-3.420023578094629757e-01,-2.804883256125663693e-01,8.322776096489573616e-01,8.681844125465304485e-01,5.075642466640972739e-02,-1.944225303412382422e-01,1.193223576238324479e-01,2.415545406897237346e-01,1.015684644124149882e-01,-1.426536169640464473e-02,6.817829212125223748e-01,7.180255920566742667e-01,3.920432268765502992e-01,4.483396934418980018e-01,-1.625982211010531253e-01,-1.171437771753950086e-01,-3.109684477176411499e-01,-4.696222135507532314e-01,-2.475840278964522578e-01,-5.334335643332788202e-01,-4.722410913557709145e-02,-7.882473690650491915e-02,-3.573097563339751592e-01,-4.074845164001906217e-01,1.837551155248931256e-01,-1.851878003190451094e-01,-1.520287818500683785e-01,-3.806390336514449690e-01,1.668063203086999347e-01,-3.310178703540777034e-01,-2.054852838147926686e-01,-3.186271736373546548e-01,-8.618738991967032914e-02,-3.651142389696911961e-01,-3.340957194960208487e-01,-2.301530293006741335e-01,3.985612145850922494e-02,-3.193111417393457163e-01,2.637217345821003534e-01,6.139615592611518541e-02,2.356737107105704720e-01,9.858370657946797719e-03,2.275312119302086711e-01,-5.493895326872984264e-02,2.245526051019197666e-01,-1.884731517004570311e-01,8.704274755991646406e-02,-1.785827580399080086e-02,7.626115353135835828e-02,-1.149399198475664907e-01,1.826106692321036451e-01,-1.330930716723394969e-01,-1.196105707728744444e-01,-8.677226503865390073e-02,-1.484486185091467292e-01,-1.102145214257338746e-01,-1.517374105847283106e-01,-2.202368961803033154e-01,6.089079138169046362e-03,-2.824233541703919936e-01,-2.199668468022101045e-02,-1.460285429804261403e-01,-9.179335890130732589e-02,-4.382993840988836376e-01,-2.442555428547609486e-01,-3.131920309188585549e-01,-3.500519646674646324e-01,-3.395023685541588843e-01,-1.632799984013879324e-01,-4.167864793366583553e-01,-1.750077818252916140e-01,-3.307634315142567449e-01,-3.719025028531214305e-01,-5.028677786879010014e-01,-1.792554095918576784e-01,-3.367649608870124656e-01,-3.099630799160463801e-01,-4.916680033945088901e-01,-9.810427601196877734e-02,-2.777726884945490027e-01,5.834704113234982781e-02,-5.686494237881694058e-01,8.156613303449633534e-02,-5.932874446988030404e-02,1.310805690960038516e-01,-4.579016623231062927e-02,1.453419865508027709e-01,1.547891449857785040e-01,-2.230525771472912852e-02,-1.144248745499394787e-01,-5.771467445389544260e-01,-3.019766703293109700e-01,-2.404107957539218798e-01,-2.929294403616932163e-01,-1.528431976626429822e-01,-9.976114710266732744e-02
4.494013739063739687e-01,-8.036682163453369443e-02,8.028878382854136575e-01,8.522550820584893216e-01,-3.967435486520821675e-01,-2.085184470088744801e-01,8.721529698245832352e-01,0.000000000000000000e+00,-2.738024740775564236e-01,-4.075584547947549985e-01,5.756688104638792991e-01,6.268451614017512830e-01,5.425272252778193804e-01,6.092926787120745979e-01,-5.199249193758488374e-01,-4.306120215134636164e-01,1.530689934362574056e-01,3.741529633249922326e-02,1.384916201986020612e-01,1.221433909945833229e-01,-2.747560315910355100e-01,-2.303597671090497900e-01,7.317326235308980742e-01,7.995398304922893828e-01,-4.690892889298967777e-02,-2.023219102481790266e-01,6.019533232473872619e-02,1.423289753876217367e-01,4.021988589394082797e-02,1.904351584926369800e-01,5.726618342743625689e-01,6.265623996536586748e-01,3.695714418582067839e-01,4.944913215741086332e-01,-2.776753635123068165e-01,-1.365795183810071811e-01,-3.852289558626193489e-01,-4.574494791579549746e-01,-2.794142924411373574e-01,-5.049429633010511509e-01,-9.847699562539707907e-02,-2.378310470073391122e-02,-3.400384572778610837e-01,-3.176049768665955009e-01,1.824226956342265005e-01,7.002502394321966084e-02,-1.667812579277342389e-01,-3.604175242371434051e-01,2.218016254463395232e-01,-1.343866680891935284e-01,-1.573633196243220123e-01,-1.846586380305896280e-01,-7.927663441769501607e-02,-2.655650516738099487e-01,-3.640956520995758949e-01,-1.834820327578018939e-01,-1.056081475766861150e-01,-2.744792601756637085e-01,1.852502067991445567e-01,1.401733984876036287e-01,1.781979148938681590e-01,2.547863394840205187e-01,1.705424455330259437e-01,1.815046108593382224e-01,-9.847610151271911361e-03,-1.316201200972945407e-01,-5.832021410100241693e-02,-2.140955593164307891e-02,-5.665819414052593317e-02,-1.354966746374352826e-01,1.871745033633307465e-01,-4.587934879949005090e-02,-5.270125667666403224e-02,4.102145203833670178e-02,-1.502186839309083422e-01,-2.440424481666577522e-02,-1.988916452665702717e-01,-2.694896239839259522e-01,-4.132894036659478382e-02,-3.272706060681057627e-01,-5.279148525197711189e-02,9.162121686477778248e-02,-1.198193886131103530e-01,-3.453841335302300641e-01,-3.118626812543554561e-01,-1.574874347804655628e-01,-3.457493583033892648e-01,-3.474780108330472461e-01,-1.561818352408209654e-01,-2.912078318259900267e-01,-1.467530315625192594e-01,-3.004579585279144593e-01,-3.061591311016837458e-01,-4.129607493103804039e-01,-1.994617613705941261e-01,-3.074928673987780137e-01,-4.227514728475069150e-01,-4.609007260549715101e-01,-8.107414636657442331e-02,-2.902208974721632861e-01,-1.143377544928254213e-04,-5.553894849385183630e-01,5.645434751352934252e-03,-1.328830516291832631e-01,1.315836225381566624e-02,-1.294848814292186290e-01,5.612551455766632419e-02,6.802569626101820366e-02,-4.680330345494015248e-02,-9.158486570576897245e-02,-5.640994699841860305e-01,-2.310336938609111879e-01,-2.278020242290797193e-01,-3.334149348267237412e-01,-1.417272260161515640e-01,-1.419585932939656514e-01
-1.894632185371731559e-01,2.181743423785649783e-01,-9.792188279823065000e-02,-1.848020630356743133e-01,8.020050554307747159e-01,8.184821054656917783e-01,-2.647512289409901243e-01,-2.738024740775564236e-01,0.000000000000000000e+00,7.742871800219351952e-01,-2.284055637630567348e-01,-7.640706751655515494e-02,-1.659010540573445658e-01,7.004791984649012815e-02,7.233206736793870162e-01,7.864999583802358973e-01,1.694561279937422948e-01,3.229320967140922871e-01,1.260273635841968887e-01,3.094041520183741373e-02,4.278977712966016700e-01,2.730668184786063657e-01,-6.872231539564847835e-02,-8.198836228972085360e-02,7.130632083311641001e-01,6.942885565400279679e-01,2.191132132330682603e-01,1.188284630197859598e-01,3.539430632038689795e-01,2.527025468883029591e-01,1.998966430514365622e-01,5.237221025219315068e-02,1.666948066732747147e-01,2.079248683852283688e-02,-1.345659264997669802e-01,-1.649352599574045453e-01,-1.680645204052367281e-01,-1.841213463046166565e-01,-4.172022074000469871e-01,-3.818744524028879622e-02,5.781757194216525890e-03,-7.365846300342933362e-03,8.117733280919965655e-02,6.587280041224683434e-03,-1.993227011210082500e-01,-1.265824465182405489e-01,-9.553331392459064875e-02,-2.084400254183595754e-03,-2.997229587441764820e-01,-1.333718582899797167e-01,-1.135836794460792498e-01,-2.124346098942764549e-01,-2.409155124949391436e-01,-2.094059248815506036e-01,-1.624638171086399685e-01,-1.989471997815595861e-01,1.355675844206855885e-01,1.927036466691235406e-01,-6.668458224432118053e-02,-4.598431166475768633e-02,-2.893171715426124946e-01,-3.480927669647579936e-01,-5.790247296617489353e-03,4.109681589261516416e-02,3.782934128558836703e-03,-2.132273527864713691e-01,6.516451145527309141e-02,1.264849380929727041e-01,7.195388338722635835e-02,-7.025892658453389283e-02,1.531272280275579878e-01,1.676653883362606567e-01,1.379826296291539016e-02,-7.605041562180006598e-02,1.044697360505574824e-01,4.788168821681779846e-02,-7.323576457480099333e-02,-2.700398466621543869e-02,-1.303290554869759310e-01,-2.507093491107829086e-01,8.544393764253782608e-02,-5.485826972897619308e-02,1.390959218877562131e-01,4.039379811600732895e-01,7.449345385922057083e-02,-1.073623204351499966e-01,6.477575443900515650e-02,2.599672899308708707e-01,-1.789549123044547885e-01,-1.766414854539681001e-01,-2.039740821606821630e-01,-2.293316199038114289e-01,-1.286076509684983826e-01,-1.700333428672647640e-01,-1.418538250071920553e-02,-9.041192601545558136e-03,1.335310351683325625e-01,1.210212187819201812e-01,-5.639161490315278136e-02,-6.531963588660011366e-03,1.845777620526841412e-01,1.542892593098185716e-01,8.398504884247201541e-02,1.964659348639910819e-01,2.701153263123792780e-02,1.536334627388872068e-02,-2.530259847154761599e-01,-1.734120332442980195e-01,-1.194704504921549615e-01,3.745287986105275690e-01,-3.984764756811152997e-02,-1.090333874991842172e-01,-7.485409032939276119e-02,1.094845726734071240e-01,-2.054836949869934953e-02,1.500488363183737767e-02
-4.337452287778793547e-01,-1.021585961296750805e-01,-2.462679154403234205e-01,-3.742005138250880103e-01,6.383166820058283619e-01,7.044792467163671912e-01,-4.081943532859411139e-01,-4.075584547947549985e-01,7.742871800219351952e-01,0.000000000000000000e+00,-1.630308127329140044e-01,-1.830711095303658720e-01,2.876699345178754252e-02,8.509545038479550405e-02,7.228982876978922167e-01,8.015674283093489061e-01,-1.696013484106187186e-01,9.557284723164059803e-02,-1.939404754563447963e-01,-2.488366617135546743e-01,4.163120195450922822e-01,2.246202352588353157e-01,-2.058785675340383259e-01,-2.190310305306430172e-01,5.546364787283017961e-01,5.010571198649435010e-01,-1.732305615645267360e-01,-2.492800461180066929e-01,1.664729934786534082e-01,1.956411623875747297e-01,1.031375690648800997e-01,3.521768729232432199e-02,-1.343030357225712956e-01,-3.678735275296353691e-01,-7.536277085419169908e-02,-1.687558913476894795e-01,-2.643222163779117007e-01,-2.170442961362076817e-01,-4.211437018112271780e-01,-5.241662558057744344e-03,-9.411871712092198528e-02,-2.262851798003409284e-02,3.905320789058273068e-01,3.284581493323395773e-01,-2.788219589853428437e-01,-3.754468328524162429e-02,-3.629152847968560719e-02,7.121502734849610716e-02,-1.503124622542567623e-01,-1.491292552516166117e-02,2.032664010342375149e-01,4.162598932212372566e-02,4.458876386116922969e-02,7.995687372706995755e-02,-1.239671617150785166e-01,-2.056622243763499280e-01,-1.556215106887233190e-01,-7.441439184500295290e-02,-3.537814073477705268e-01,-3.309293106954198649e-01,-3.051123520757045293e-01,-4.108312530449841349e-01,-2.115055017034551121e-01,-2.173907577146671766e-01,4.735431884974301842e-02,1.415366746038093822e-02,-8.110801015269454572e-02,-9.822421325621712163e-02,-2.138074252965869726e-01,-3.356288894858316940e-01,2.122909677582607013e-01,2.949993355058441735e-01,2.054779372551754080e-01,1.267612642615407181e-01,9.722387213139767337e-02,1.278908084685393409e-01,-2.176855077990429432e-01,-2.004533612429850176e-01,1.068805984360759465e-01,-1.376955466522165050e-01,1.507814227397636653e-01,-2.798608162524888754e-01,1.771479668545899167e-01,3.006216250725879946e-01,2.797483821279379557e-01,3.315152971277282590e-02,6.754073827027419485e-02,1.284899052200778879e-01,2.037753823656720045e-02,-5.536058756523876828e-02,-6.992575316323410006e-02,-7.451871522890031463e-02,5.813892079904229432e-02,6.118456933652188096e-03,-1.382636033619071558e-01,-2.172796557038866594e-01,7.831189167758033712e-03,-1.075522381744532449e-02,-2.024863969018955434e-01,-6.923091822186211441e-02,1.008371859723269648e-01,2.529809073511470330e-01,-1.361394782172227480e-01,-9.043168822205041590e-02,-7.562385456803909223e-02,-1.708415032525729960e-01,-3.865110398517864754e-01,-4.470839200832169014e-01,4.822650051637659280e-02,3.446932571031439130e-01,1.485448631016100807e-01,-7.354340447205297976e-03,8.344619022271025643e-02,3.319232190657556147e-01,1.750833074300710279e-01,2.929917947792897923e-02
5.305083765638308746e-01,-2.737128976378754852e-01,5.083431545470760149e-01,4.678105075586165840e-01,-4.236841282687394683e-01,-1.898559373908535464e-01,6.752874633260100845e-01,5.756688104638792991e-01,-2.284055637630567348e-01,-1.630308127329140044e-01,0.000000000000000000e+00,4.875551574864167570e-01,8.469490352827571122e-01,4.550934714314661678e-01,-3.488179353800834326e-01,-2.914662061979670371e-01,8.010867521827960691e-02,-3.213421636525721214e-01,7.667686627024812573e-02,-6.178598154673621556e-02,-3.338061506718875138e-01,-4.844103164183212185e-01,4.619699507918860748e-01,5.319371641946544216e-01,-2.571311982419593675e-02,-3.266659268077775069e-01,-9.092282470727676424e-02,6.277376394793064002e-03,1.547693808794113335e-01,3.122875487449774945e-02,3.799274091503209716e-01,4.678320365557713245e-01,1.853696916143062479e-01,1.544676596034277871e-01,8.475492402527425029e-02,6.661203119613851031e-02,-2.956170053325257729e-01,-4.132422373651204461e-01,-2.258767633807153008e-01,-3.596493412035494663e-01,-5.243462997201386866e-02,1.480607812998019183e-02,2.900391694786987745e-02,-3.530533416015401577e-02,1.960164659183485092e-01,-4.262167815656719982e-02,-2.816372422731091077e-02,-1.412196482309870105e-01,2.391555982120688040e-01,-2.731266196894689413e-01,6.246146933600473655e-02,-2.803985610788865129e-02,4.150393618164357340e-02,-1.104016184014074836e-01,-2.887321696962241169e-01,-2.816006510043392308e-01,-2.727761390051489793e-03,-4.158259082443098165e-01,3.744256806331783954e-02,-1.391477418339683303e-01,6.375817186151487848e-01,2.332979261463143106e-01,1.206883739105174963e-01,-2.396375714310714500e-01,4.199493821747813938e-01,-1.266486073945631563e-02,4.397484036496186049e-02,-5.756765121994833478e-02,8.145832521591862829e-02,-2.642164737799703733e-01,2.036888498878745568e-01,9.443791344809550348e-02,1.475520760702712098e-01,-1.137424257955539988e-02,-2.843548540477744968e-01,4.914350625454894789e-02,-6.525528511206915572e-02,-1.304577992725558244e-01,3.037858197775559765e-01,-2.499122950800316406e-02,1.975620435852347423e-01,-2.483511956340771210e-01,6.045495408301710533e-02,-4.643846254930184547e-01,5.669985326826450928e-02,-1.338093482152146740e-01,-4.279994529222859723e-01,-4.283926060231799116e-01,1.758540578352455613e-02,-1.746693229036574146e-01,-3.757774961214264964e-02,-8.587841139030159832e-02,-1.208220077705350060e-01,-2.186807366377513939e-01,-2.703580088744102494e-01,-2.882324781793841884e-01,-2.930214124471703929e-01,-4.142495347856585686e-01,-1.959089756649955993e-01,-2.349452557178109691e-01,4.498314625540467820e-02,-3.475997942931765006e-01,-4.099876409116014891e-02,-1.830684562867583021e-01,-5.008254028593065593e-02,-2.465057970357021899e-01,-3.628365102353822702e-02,-3.915218645291106137e-02,2.795164037940197146e-02,-1.637615103726897114e-02,-3.801252585174945131e-01,-1.984313976448755235e-01,-1.707284847083735332e-02,8.663234122823527950e-03,3.546937971637294934e-02,-2.021080498173288276e-01
5.110924877896730889e-01,2.532649797804751857e-01,3.694793726809876278e-01,4.163157521103736936e-01,-2.465541080052974510e-01,-1.166837286332827739e-01,3.908418539063742703e-01,6.268451614017512830e-01,-7.640706751655515494e-02,-1.830711095303658720e-01,4.875551574864167570e-01,0.000000000000000000e+00,3.071202254949582100e-01,7.786383035228437999e-01,-1.730739090580768746e-01,-3.314461125133935648e-02,1.581254185366376408e-01,2.570366863797705625e-01,2.385694002384285139e-01,2.382926489383473956e-01,1.211805777578569589e-02,-9.579246864738867606e-02,2.962460336773806713e-01,4.005998749419347749e-01,-8.408577280659867981e-02,-1.166525144473181397e-01,9.992095195663616702e-02,1.064090256262929662e-01,-9.818126507158532468e-02,1.819769095472911768e-01,1.347869730596452376e-01,1.580982265330466430e-01,2.597652069130655939e-01,3.862149178105028224e-01,7.896016851471293618e-02,2.738343911947160314e-01,-1.494046512951362760e-01,-1.888279257805320910e-01,-1.993528922886264598e-01,-4.313720029907244236e-01,-9.920042105135071231e-02,3.303550249487527575e-03,-5.221133382074373552e-02,-3.209414410873408924e-02,1.687145278330353659e-01,6.683444904165314338e-02,-1.897065155942428138e-01,-1.481609205064197687e-01,-1.076643220359241142e-02,-2.161921692341895740e-01,-2.376357181062383195e-01,-7.689562020387401275e-02,-2.884164313094742527e-01,-2.922679150825365224e-01,-4.695392749872719929e-01,-2.739824188993322807e-01,-5.617120556716242302e-02,-4.989890081616830259e-02,8.481497030318388419e-02,1.267332996985832128e-01,2.665482500327117643e-01,4.449704076048808243e-01,1.387750684937108341e-02,2.461857969198826268e-01,2.809555194736703537e-02,-1.425986437812256161e-02,3.344536865866673536e-02,1.284315706155924053e-01,2.035442663226126256e-02,-8.327541973793731178e-02,2.661759197485316641e-02,-6.810947656923875548e-02,-7.711609093673164883e-02,4.619668353127700383e-02,-9.253993891786903292e-02,1.569874077940318635e-01,9.617366455233637701e-02,5.366706814552423682e-02,-3.482174161658290606e-02,-3.307642698759989397e-01,-9.225321191313859415e-02,1.880512259782479434e-01,8.408156689082595114e-02,9.666544729843004613e-02,-2.018210536097646834e-01,-7.747096930818968274e-02,-2.370892283286531455e-01,-3.900395097729530969e-02,-2.117184899947742449e-01,-2.676490511222250901e-01,-1.485245436836064026e-01,-1.693333348528710536e-01,4.071588747918261295e-03,-1.392459996099896236e-01,-2.613074449844878244e-01,-1.414587537123863370e-01,-2.190244859094027108e-01,-1.070893411008788654e-01,-3.665050114241021756e-02,-1.051219074202031784e-01,1.184659923446394064e-01,-2.367005093286475015e-01,5.249807350650546184e-02,3.069226463081758602e-02,6.795439649495912948e-02,7.886664582439009696e-02,2.793756614870679649e-03,-4.469101983894338548e-02,-1.794311639797304125e-01,-1.033824814292179928e-01,-3.802563685601311194e-01,-1.919869852960752188e-01,-1.855292710903677922e-01,-6.819012447901928731e-02,-2.821048128814752920e-02,-1.491554216926530840e-01
1.760713034224530016e-01,-5.608223939133933911e-01,4.692953762349286184e-01,3.842187913091990592e-01,-3.316138029102775886e-01,-1.168599314932106115e-01,5.939152105495654199e-01,5.425272252778193804e-01,-1.659010540573445658e-01,2.876699345178754252e-02,8.469490352827571122e-01,3.071202254949582100e-01,0.000000000000000000e+00,4.950181699373990551e-01,-2.549413794399711941e-01,-2.102305209653994589e-01,-6.215145916087146116e-02,-4.087914701467229572e-01,-1.323196142545071397e-01,-2.202857182371351641e-01,-3.730578178823292235e-01,-4.165845898524904167e-01,4.418157404034890878e-01,5.040802514312826554e-01,-4.967403628244451697e-02,-3.174629354929458525e-01,-4.122137334993702384e-01,-2.954828699017228999e-01,2.395450656885178831e-01,1.059964870840704315e-01,4.539155034052814730e-01,6.023608663118150686e-01,5.370728523039307312e-02,-4.541617682725412192e-02,-1.858834243440772582e-01,-2.654204044909079241e-01,-4.459261580352855692e-01,-4.793172573684885140e-01,-2.846925715389689859e-01,-2.262380095612816222e-01,-7.386378550056997561e-02,5.334071913804021986e-02,1.468822325389843308e-01,9.803376425317299192e-02,1.540946017623480088e-02,5.699324484149383835e-02,-6.769620926110732004e-03,-2.110194146531689241e-01,3.824139688282849892e-01,-5.783266528886221031e-02,3.313938327524129090e-01,1.224163842406247038e-01,2.935138436068209233e-01,1.191143956881872829e-01,-1.254028223580642420e-01,-2.483137033166072094e-01,-1.864597108926870361e-01,-6.465780770420919144e-01,-1.412429085252666083e-01,-2.745794127440946975e-01,4.637982218476512930e-01,9.018026727602884707e-02,8.669632207941797841e-02,-2.926910162151347694e-01,2.563049898496663759e-01,-1.929746245763995288e-03,-2.858107396611055395e-01,-3.675339588236248289e-01,-2.585230702997973751e-01,-5.663119397381980447e-01,4.035112245810169584e-01,2.965900288934472662e-01,3.527906556148630024e-01,1.424015663151535771e-01,-1.953989703285922697e-01,-2.858174201392090288e-02,-2.571983390366870403e-01,-3.654840567019157493e-01,4.358617535945408239e-01,-2.661407264174821524e-03,3.435484884208742096e-01,-3.416723046218956283e-01,1.186804631844148999e-01,-4.587413671989984398e-01,1.739622141440025083e-01,-2.712791590009181950e-02,-3.409535912241972166e-01,-5.027861391526909918e-01,1.389195860204378019e-01,-8.903336301241290829e-02,-9.360438385553807028e-02,-1.520820231089071994e-01,-2.422631907379952099e-01,-2.277445070386430181e-01,-3.283401129144368213e-01,-4.212729888826523550e-01,-4.600575804249630307e-01,-5.694331576589350963e-01,-3.232493245249758451e-01,-4.245945274613500686e-01,-1.900208993830991289e-01,-3.991887310503576258e-01,-3.115928076334856800e-01,-4.340886911399839398e-01,-2.318480071631490169e-01,-4.898519760173197235e-01,-2.567123811177858816e-01,-1.978174316092211893e-01,9.107881229630758468e-02,3.320588040027822735e-02,-2.719740991575894662e-01,-1.759663502519888401e-01,4.745728215294920532e-02,7.826844062681233283e-02,1.005807803300914904e-01,-2.369583139147733719e-01
