0.000000000000000000e+00,-2.445017789386575921e-02,6.491113934266393715e-01,-1.123796936285201137e-01,2.596511151098362946e-01,-3.036148250485933009e-02,7.890429034813674081e-01,-2.476054649573667943e-01,2.316567615281069359e-01,-2.269105384838107364e-01,6.880962530175102065e-01,-1.468796466614745722e-01,5.433298413984422037e-01,-3.375218802663923490e-01,1.371834117784332951e-01,-4.218260629629922431e-01,3.598125003537347988e-01,-4.619989815590519466e-02,4.935382828607792205e-01,3.431197640356973833e-01,8.027174337332540488e-02,-4.569348363842762328e-02,3.029443056035832638e-01,4.514762943309157811e-02,-8.069817097175870091e-02,-3.756438515356176899e-01,2.390363920433540845e-01,3.832316651631507698e-01,2.517125124148900106e-01,-1.900088082239396459e-01,1.991096246985599449e-01,1.428356325894210022e-01,1.472953039740276804e-01,1.974239101195428281e-01,-5.627601558458350528e-02,-1.859227805568737790e-01,-3.216732033846894656e-02,-2.509746772707516227e-01,-1.574864196320416646e-02,-1.468088887347401561e-01,1.267624974678661365e-01,1.441133368561156036e-01,1.539819079651473244e-01,3.328722883701107360e-02,-5.184139594733282175e-02,-1.851918829379505804e-01,2.565688846780767376e-02,-2.362500551566657503e-01,3.500968300772815955e-01,6.648268770078746143e-03,4.792585106415367391e-01,-8.928127223997163464e-02,2.278609662539882175e-01,-2.398001510286827953e-01,2.327487264479285722e-01,-1.771564432139039191e-01,8.456692057462532608e-01,-4.128133346845375140e-02,3.317928505065135814e-01,-2.038962046396204375e-01,6.542773933728361913e-01,-2.178158834498897800e-01,5.476390196286056167e-01,-1.559680803600584087e-01,5.858857104308088370e-01,-3.746256425921780098e-01,-1.351481426027140165e-01,-3.151775951645792162e-01,4.534783360078485925e-01,-1.676485663533700265e-01,6.718394318225577588e-02,-8.175294414111260177e-02,4.428767552541625352e-01,1.800160201114376357e-01,2.800983301956352922e-01,7.240637227898091832e-02,2.521204033254098587e-01,1.025397910073451296e-01,1.257351794946728329e-01,-2.669018469884700678e-02,4.914808230238844611e-01,-2.376146923469008299e-01,-3.880291206503851814e-02,-1.553243558445924766e-01,3.201493019944059992e-01,-6.460000258188351996e-01,-5.533836791301450370e-02,-2.119942470919803923e-01,3.304832490045101490e-01,-2.758424102464678285e-01,-5.821425496856495047e-02,-2.829281235199117006e-01,-2.804461601373552937e-01,-1.780762557527818535e-01,-2.216582079976863462e-01,-2.220529471852621672e-01,-6.909228973338436830e-02,-7.429274563692327138e-02,3.028005388009616938e-01,-4.459771168127195373e-02,-1.576805325016057691e-01,-1.280859948539994075e-01,1.184780873878843316e-01,-3.498232776217453932e-02,-2.136381603251816946e-02,-1.905321742663854123e-01,-1.878780401715855752e-02,-3.719104798305719606e-02,-1.102777323594977266e-01,-1.975592881220548935e-01,-5.755709537382113217e-01,2.348541441724956089e-02,3.952887463224502573e-03,1.062447700158849206e-01,1.701160207129626678e-01,-2.102460458405130683e-01
-2.445017789386575921e-02,0.000000000000000000e+00,1.435199588552802941e-01,5.786246240016645892e-01,-3.074885937418892490e-01,-3.198729619021891679e-01,-1.078261276772977673e-01,4.642049698027123639e-01,-4.045090980192577734e-01,-5.967477983492431443e-02,-1.909134859189329791e-01,4.020695362389447025e-01,-3.010752679432477930e-01,2.833445835593525475e-01,-6.173169431811520447e-01,-9.075097583089546116e-02,-9.051022734847391504e-02,5.143004422209421778e-01,1.109620136330407431e-01,5.395261502117691954e-01,-1.146567578967189749e-01,-1.060152440687504027e-01,3.211758855838720561e-01,3.905318089810754234e-01,-9.685174580879409023e-02,-2.874306835429065732e-01,-1.245930284846688552e-01,-2.778638936290550587e-01,-1.979472304257122173e-01,1.491760574846840992e-01,1.644985590165840006e-01,1.823705900880955022e-01,5.671799664521924855e-01,5.924554178322276599e-01,-1.464561809494505651e-01,-2.361469219198632230e-01,-3.679407101188710283e-01,1.874363716996671203e-01,-1.894073406893215794e-01,-4.389795282812697028e-03,6.357182364144747799e-02,2.744745165036567291e-01,-2.351082205319408591e-01,5.088935368316963026e-02,-1.494399379605828582e-01,3.135267960839358686e-02,-1.246407917578802454e-01,-3.176181535399415917e-02,-2.287842409156834109e-02,2.498256405308504624e-01,-2.628008317588764187e-01,2.496771458804668276e-01,-4.976600806208486549e-01,-1.613150890711745056e-01,-4.609756069312778148e-01,-1.180353946295250311e-01,1.480261990606255851e-01,9.156668004321740773e-01,-5.962735759925977957e-02,4.374835280895788547e-01,-2.789079777808409766e-01,2.925438036783562512e-01,-1.430535889147576678e-01,6.465788191718115918e-01,-1.533268296863566638e-01,2.886075971003175811e-01,1.712761576066762770e-01,1.969070206807429224e-01,4.705283519226829414e-01,3.257498052251707743e-01,-3.594984001640940119e-01,-1.083978119652426464e-01,9.598247503550019766e-02,3.257550281698459727e-01,-3.059694346164731557e-02,1.513493826582218149e-01,-9.301369956990326870e-02,7.474089645182094288e-02,-1.546488731260283744e-01,1.941803483832172383e-01,-3.224047844125287332e-01,4.341366972908904387e-01,-2.976077235340643945e-01,9.359837102665166664e-02,-3.650995742451282333e-01,2.893166178973720637e-01,-1.770529111582210824e-01,-7.675062953055479878e-03,-3.838303519117245433e-01,-7.714248851163957310e-02,-5.704310296613946951e-01,-2.411829473169541105e-01,-3.297869581204094236e-01,1.428373087580032119e-01,1.266400704899682816e-01,5.164105395362964673e-02,1.115795036989433442e-01,1.626621931795647624e-01,-2.763094156406841195e-01,-1.323614808331202708e-01,-1.730698673933029341e-01,1.850273218661010188e-01,2.728197279898546615e-02,2.111705807475925400e-01,1.550074277326221883e-01,8.403064691131692521e-02,1.391416516851871343e-01,1.776980102234223535e-01,1.664179008726935152e-02,7.833513142334257509e-03,-2.883925913729233903e-01,-2.499443728855023361e-01,-4.446230415290197135e-01,-1.876169328043253981e-01,-6.698001854178091408e-02,-1.327765174554625949e-01
6.491113934266393715e-01,1.435199588552802941e-01,0.000000000000000000e+00,2.249398190391876107e-01,3.617208415933114152e-01,-9.339166347263751222e-02,8.387640518726693362e-01,-1.478386586831328779e-02,1.816928383628461929e-01,-1.919822561321716803e-01,4.569866079887009436e-01,-3.106560238927367767e-01,4.165869607769175920e-01,-4.024535634839015996e-01,3.847866120091794628e-02,-2.918616541345339099e-01,2.161368939122266242e-01,-1.529548166679764541e-03,7.161381070404962967e-01,6.112437975109064059e-01,1.909597690940305903e-01,3.040284705450537195e-01,5.962094271425747438e-01,3.816017625309259809e-01,-7.572853431496771870e-02,-3.638727561019426404e-01,3.522885076176414110e-01,2.529501489162451211e-01,2.460790510025870070e-01,-6.880291625378490150e-02,2.309688386706941488e-01,2.045520068902166866e-01,1.822914408815229648e-01,2.741249457425913305e-01,-3.061945680147493826e-02,-2.296919839977639710e-01,-1.231101135591795986e-01,-1.075141009390414570e-01,4.085389411928740111e-02,-6.575324822459725771e-02,1.106976528881280092e-01,3.758455726064779956e-01,2.119681283550014506e-01,1.711309124415877625e-01,9.232819675195548526e-02,-1.987152720879387102e-01,-6.793471436336520619e-02,-2.497255682675590394e-01,1.016147645287712731e-01,-1.818011855937169963e-01,7.432833298829882862e-02,-1.690887928099743254e-01,-7.702482625678655492e-02,-2.876850120135170941e-01,5.618506775063134701e-02,-1.682310970858086896e-01,6.004852593633397406e-01,1.484537617642658347e-01,7.428425046926677433e-02,-1.812204527562784329e-01,2.467446093569135024e-01,-3.541625486784049093e-01,2.951114361869580649e-01,-7.655146017386005308e-02,5.213786917186483683e-01,-3.252346388454371851e-01,7.515803251042581408e-04,-1.861184242819300394e-01,3.558493685132496087e-01,9.040994859192878416e-03,1.087916108969219989e-02,-4.343016208656631794e-03,4.049811421452623739e-01,2.077934903885553242e-01,3.221881257974471557e-01,1.338673878240582704e-01,7.521738856999075906e-02,4.005844661614544472e-02,1.189470695085891733e-01,5.652840227230351150e-02,3.478003775369761241e-01,-3.794774031351315358e-02,-5.394343068429566929e-02,-1.404663202379643483e-01,2.188340589378444945e-01,-5.109646185805039043e-01,-2.697826015695295107e-02,-1.627909610459817580e-01,1.209647882933847785e-01,-2.173623115691949992e-01,-1.276650674855284162e-01,-2.515651457712880790e-01,-2.138149234471321547e-01,1.227605867058016997e-01,-3.427894031253645585e-02,-1.186586174895665757e-01,-5.409703792085720359e-02,2.591335445079475178e-03,-5.122515508805807610e-02,-1.891053534681304271e-01,-1.192016952883084152e-01,1.418723908673215628e-01,1.313160108585101626e-01,1.647128822500006362e-01,-9.405013187621349968e-02,-1.280800039169759375e-01,-2.800740788342179211e-02,-3.153086761373659341e-02,-2.016670541462074195e-01,-1.931982268875949427e-01,-5.658215835917412839e-01,-1.594307926522516294e-01,-1.794841286922251311e-01,-2.528118940921447733e-02,-6.600081579336898596e-02,-3.143209686584912954e-01
-1.123796936285201137e-01,5.786246240016645892e-01,2.249398190391876107e-01,0.000000000000000000e+00,2.904666692517559809e-02,8.292621656131068941e-02,1.036144129688319204e-01,8.451687842844434195e-01,-1.922203998228823874e-01,3.065837364523817943e-01,-1.042574410956210867e-01,4.400756416865861387e-01,-1.430572324583974653e-01,3.394135821477075599e-01,-3.072042184009960430e-01,6.067457916521780403e-02,-1.132711296851682814e-01,2.771594750083324343e-01,9.825145404444517172e-02,5.293871922369287608e-01,-6.550781826340959513e-03,1.457437448518910106e-01,1.677703528899562313e-01,5.380447175622020684e-01,-8.753418452470018707e-02,-2.350876582139743709e-02,1.348276893010970541e-03,-9.384010417307575569e-02,2.170136895491179229e-04,3.332148719147363658e-01,3.237838238300088656e-01,3.335366747247356378e-01,4.874025800293321775e-01,5.652990367954909834e-01,8.886443097215356024e-02,6.621325343381158357e-02,-4.137383800130508549e-01,1.528760461930602776e-01,-8.406442557559333506e-02,3.557180285035616008e-02,4.181399948769217410e-03,2.349397495679102499e-01,-1.758684847134080742e-01,7.031529544102961549e-02,1.513411011140917417e-01,7.833478367627653982e-02,-1.759173998526043781e-01,-2.724450880691235699e-02,-1.760949448590389266e-01,-7.437016870267720153e-03,-4.745183008197512708e-01,3.595444857396031674e-02,-6.970366006646615542e-01,-3.295104102132580537e-01,-4.054703266455220168e-01,-1.214177659017243727e-01,-9.974883568691854385e-02,6.000676151424502169e-01,-8.427422690171734732e-02,4.055640902112220281e-01,-1.282773989457039743e-01,5.649938930149875915e-01,-9.858593185383757174e-02,5.693278242118600119e-01,-1.430849748310266678e-01,5.278861593522378159e-01,2.293105993393541042e-01,3.431464665338688214e-01,2.648228609764520236e-01,1.206193993998904007e-01,-6.343004538229198019e-02,2.431066653588983828e-01,1.109390106285006727e-01,3.458369594816363413e-01,1.703233113677407942e-02,2.756859156495855556e-01,-1.171079411437892376e-01,4.110826607235989333e-02,-1.346559301615340987e-01,1.998744076739199238e-01,-2.341718886138938471e-01,4.168290951327561222e-01,-2.965402503578465354e-01,-7.694792599528781085e-02,-2.077624368091953166e-01,4.111541754527792691e-01,-1.058463057014789044e-01,7.609476474652296374e-02,-3.685862597760853898e-01,8.543300174976810324e-02,-5.088129783245516347e-01,-1.755968804936540451e-01,-2.196785139949463117e-01,1.649120659597773653e-01,1.066210543286145451e-01,1.091992662093755756e-01,9.064468080451615339e-02,1.304147728752999003e-01,-3.935481502496523953e-01,-2.689666197481561660e-01,1.757936171966273109e-01,3.148353372284150992e-02,7.292023992834847923e-02,2.058137488280143423e-01,-4.204314694691715232e-02,-1.397335477467151754e-01,1.519120094416843980e-01,2.395780659411160529e-01,-1.576978819199158777e-01,-1.401415685625982243e-03,-2.700980251500632590e-01,-3.982319260773961589e-01,-5.579209834923343214e-01,-4.092625749803893709e-01,-3.145974085683818644e-01,-2.919008720703253346e-01
2.596511151098362946e-01,-3.074885937418892490e-01,3.617208415933114152e-01,2.904666692517559809e-02,0.000000000000000000e+00,5.211404314428641493e-01,5.280389514312410215e-01,-2.270911971210062483e-02,7.065228351747475655e-01,2.308174749944481297e-01,3.272597188798167522e-01,-1.793311279105369582e-01,3.983574026036524329e-01,-3.614263976254643573e-01,3.815495188790288816e-01,-8.381209910914147465e-02,1.745960577593806684e-01,-1.381945714388301827e-01,3.597879794495456030e-01,1.233615779527854062e-01,4.031475155705106783e-02,1.291758637172669699e-01,1.745691801233453522e-01,8.442203398352751686e-02,1.769914684582438447e-01,3.234911033100295458e-02,4.103709493470812930e-01,3.023676126017567078e-01,4.092023652731802685e-01,4.498889274085444978e-02,2.720042332041911481e-01,2.762167534257271018e-01,6.439415269347271986e-02,-3.186237331092465347e-02,8.060506806270205382e-02,1.807716333059335434e-01,-7.766611194778264005e-02,-1.673729596028785682e-01,-8.732443456149102667e-02,-2.840277483666109326e-01,-2.600810859105986417e-01,9.767277172311769617e-02,-2.207116698101481422e-01,-2.445863629568431619e-01,-5.574278036682655396e-02,-4.543978752614672434e-01,-1.685934928546951317e-01,-4.307750871728112663e-01,-1.554254130034412040e-01,-4.891410595251641236e-01,2.168800476682743172e-02,-4.521326947094278514e-01,-5.707723504605145826e-02,-3.422957979215854318e-01,4.601848531312593971e-02,-2.426198255710197704e-01,2.309458998322084511e-01,-2.707506794075856260e-01,-2.874840821449653472e-02,-3.353220925758415571e-01,2.791626775133436711e-01,-1.279779686742087141e-01,2.805343365995403571e-01,-2.620995045130784518e-01,3.576871155487022502e-01,-1.465123430681853633e-01,-1.943257041608291991e-01,-2.562431657499703030e-01,4.742563094724218040e-03,-2.193004759881412025e-01,2.846780729673909494e-01,2.987261373215372440e-01,2.404174298464924475e-01,7.777444998980179158e-02,3.125672956234363808e-01,1.029484493081081614e-01,1.320319331810358154e-01,-5.017294592240829215e-02,1.337102442859679496e-01,-1.388605394388290892e-01,3.856934803177102800e-01,-8.950933430867359653e-02,-1.642855307850477065e-01,-3.556049262388146781e-01,4.798919797124379660e-01,-3.595035530535571899e-01,3.051293668040520424e-04,-2.696240050064845351e-01,3.211067394592898583e-01,-2.489561361534610995e-01,1.330403029124332670e-01,-1.075690027715354435e-01,6.717609047560728353e-02,1.579814240568314931e-01,-3.275405107147361106e-02,-7.845202081811369910e-02,2.298373013588693795e-02,-1.395851425585798167e-01,5.982794992717455768e-02,-2.544748913927338818e-01,4.721273697853726747e-01,1.565426430333700658e-01,4.711014761794427019e-01,2.903124978932508649e-01,-5.648325427460736993e-03,-2.367986896021318233e-01,1.488386705535329202e-01,1.680962915689575843e-01,-1.756730302823551748e-01,-2.772147384283890070e-01,-1.886904544312930643e-01,-1.113457800469284942e-01,-9.659254395489040579e-02,-1.855536382862580935e-01,-1.323618916212261631e-01,-3.285779129470120519e-01
-3.036148250485933009e-02,-3.198729619021891679e-01,-9.339166347263751222e-02,8.292621656131068941e-02,5.211404314428641493e-01,0.000000000000000000e+00,7.800434544863296682e-02,5.762054142856858074e-02,3.337374405143181955e-01,5.688773512232061513e-01,1.121344826330915728e-01,1.470050610655793955e-01,1.338507984990162658e-01,-6.353195010480762461e-02,3.077672583949488394e-01,1.642948631271093918e-01,-8.111211956305794391e-02,-2.666322221373423895e-01,-1.232407498713786187e-01,-1.551623277012051383e-01,3.852322040525269636e-02,4.341921672840360485e-02,-1.799118420199612156e-01,2.026066719087172077e-02,1.282009216550314135e-01,3.819835349035273775e-01,3.330944369636324454e-01,4.392305651849164327e-01,1.320412068783588244e-01,1.293323775730336189e-01,2.176769602332576381e-01,2.823395598425191833e-01,3.838962431395485236e-02,-5.722695792883485816e-02,2.107562985466593652e-01,3.352279640044393827e-01,4.218389910735953485e-02,-1.577159014598206177e-01,-3.684064746427264314e-04,-8.914582757364690468e-02,-2.633659763497779305e-01,-2.488641341891093539e-01,-4.008203757855333671e-01,-3.269326449450250527e-01,-2.267138174006542717e-01,-3.675835741702759285e-01,-2.804660391993057944e-01,-1.826474394143550450e-01,-2.830782094238896707e-01,-4.012956878326962573e-01,-1.600153859514961419e-01,-2.846474262209869321e-01,-1.936875920203681711e-01,-2.747638994170225613e-01,-8.116928833824516021e-02,-4.230397421361403038e-02,-7.045515663507499748e-02,-3.224683234279102639e-01,-1.198462992290648815e-01,-1.564628248163233704e-01,1.888757404359238667e-01,1.727446445278006670e-01,7.777689295519178703e-02,-1.378924236756623456e-01,-1.292234467812809484e-01,4.775391208271304727e-02,-2.141167888174187461e-01,-1.594143390690001549e-01,-9.306630271029565915e-02,-1.305235246603791699e-01,1.928680316968124087e-01,2.988266157167382420e-01,-2.071404896755340078e-02,-1.078279060814648360e-01,-1.464938082173402115e-02,1.033842926674086449e-01,1.675020129145116388e-01,-4.952856467478390645e-02,-4.655470707722330487e-02,-9.655225386710372670e-02,1.483987257674157859e-02,-1.702915623140287549e-01,-1.009845399460192195e-01,-1.433421219482421405e-01,1.027081042611408951e-01,-1.103746505474417078e-02,8.657564083311346248e-02,1.308203584261819485e-01,1.208737829028709403e-02,4.186021334587814585e-02,1.875247717746067744e-01,8.223927063922917280e-02,2.733093086213916889e-01,1.589047079609429841e-02,2.325729902477619015e-01,1.532067417948779486e-01,1.320744034322172411e-01,-4.438063998194154147e-02,6.154684992812554933e-02,-1.993715216625901315e-02,4.424266332537922786e-01,-1.767363368793543332e-01,2.974711606867272984e-01,5.833906431647500890e-02,2.164508904669607825e-01,3.504432873045724983e-02,2.522692387946942616e-01,3.155084816760945765e-01,4.562224998786675034e-02,2.503374097071831700e-02,1.800934554336626747e-01,-1.003928805949772379e-01,-1.295666849578403987e-02,-9.381994683924041456e-02,2.932904571341345829e-02,2.640244856706897188e-03
7.890429034813674081e-01,-1.078261276772977673e-01,8.387640518726693362e-01,1.036144129688319204e-01,5.280389514312410215e-01,7.800434544863296682e-02,0.000000000000000000e+00,-4.415086479748622783e-02,4.176373670929034998e-01,-1.747995902339402607e-01,6.489577435959864582e-01,-2.450894783457750192e-01,6.502643755014548832e-01,-3.680733438201708729e-01,2.743603007182090492e-01,-3.344019596187441934e-01,3.349885335536451625e-01,-1.103360876489944270e-01,6.175227176151608655e-01,4.245394205085152861e-01,2.054067285742985083e-01,1.322235839004531344e-01,3.900332696250518594e-01,2.131137034686394482e-01,-1.673339534625203628e-01,-2.896611219127456227e-01,3.844232001685267130e-01,3.994125753197286799e-01,3.382516334680346626e-01,-9.550813272937791476e-02,3.257603445433901457e-01,2.710105421973987849e-01,1.214344465912895327e-01,1.793560923533688289e-01,1.498717574625875806e-02,-1.110226926889275323e-01,-2.919095247997360865e-02,-2.116834454275304811e-01,6.380230035736340899e-02,-9.195817544775261587e-02,7.286317862911662058e-02,2.268982123037619203e-01,1.403993378097155020e-01,2.043877881870456714e-02,4.196857285968825894e-03,-3.108381476494100348e-01,-1.080496340836189922e-01,-3.271294334641787760e-01,1.149321622904059675e-01,-2.805567859808481557e-01,2.383177575904725787e-01,-2.344570668419051762e-01,9.209520220441375082e-02,-2.520373928378455419e-01,1.770912876750016796e-01,-1.923231206268987137e-01,6.232114399961491413e-01,-8.820240294895669020e-02,2.512886039802484928e-01,-2.629083490415147217e-01,5.893119272804940856e-01,-2.248907287031419455e-01,5.076465659152004095e-01,-1.844530059903112529e-01,5.996726128806290079e-01,-3.329842840302875695e-01,-8.983629925318094289e-02,-2.842428042548659217e-01,2.489606014059756178e-01,-1.685033766909658226e-01,2.121428402389679002e-01,5.758705862545492049e-02,4.490958443091301877e-01,1.483722147099343358e-01,3.756376271362407704e-01,4.579431116276316133e-02,2.069936014412067093e-01,5.266139897737560915e-02,1.043059637604956541e-01,-7.051389750096162534e-02,4.299079799944728331e-01,-2.344575101084505897e-01,-4.579649995258606998e-02,-2.591252268916362511e-01,3.487848598113788556e-01,-6.564388973620759460e-01,-2.464134618269180413e-02,-1.994427021663005839e-01,2.669082164064977003e-01,-1.884865893668429271e-01,4.229306385180996858e-02,-1.422306323669284833e-01,-1.463676013337739112e-01,1.033132135828485343e-01,-1.548522698665642516e-01,-2.366170629175963214e-01,-1.423336315305619437e-01,-1.747961289223405879e-01,5.483415537875321877e-02,-1.898923562121671571e-01,6.912727943189475588e-02,6.875835736473900894e-02,1.950263767633260703e-01,8.961792467976040233e-02,-1.109732175511211200e-01,-2.180068010953817581e-01,-9.339456552739960893e-02,-8.818324085774131849e-02,-1.923438878575485511e-01,-2.498041759805142703e-01,-5.280992193547485725e-01,-8.035382055913156685e-02,-7.788537019594102273e-02,3.360147325501548418e-03,1.416440126798435180e-02,-3.079491668587894804e-01
-2.476054649573667943e-01,4.642049698027123639e-01,-1.478386586831328779e-02,8.451687842844434195e-01,-2.270911971210062483e-02,5.762054142856858074e-02,-4.415086479748622783e-02,0.000000000000000000e+00,-1.785401135195459899e-01,3.290198280118770136e-01,-2.049039555921154387e-01,5.115258466306115137e-01,-1.977948106982602428e-01,5.704030268947654081e-01,-2.740095246864044931e-01,7.983270123689450992e-02,-1.801560308953653045e-01,2.207322861854476015e-01,-4.606886748546804716e-02,4.041462751980302026e-01,-1.817369134149718068e-01,-7.420559492434031235e-02,-1.112262918448097687e-01,2.765343327035181820e-01,-7.761449251307679653e-02,4.136299390219407707e-02,-1.347335930431780016e-01,-2.672019693788810768e-01,-1.581331502797974353e-01,2.861654809402355837e-01,2.344099657912704360e-01,2.505338766438958698e-01,3.629801152799421171e-01,4.595413883934549859e-01,8.884672338997895435e-02,1.325790705780859335e-01,-4.066210419095639961e-01,1.140667599571421192e-01,-1.349541222519093642e-01,5.545642980857737325e-02,-1.431400068774044687e-01,4.911801018667981411e-02,-1.090459423464392730e-01,1.450569942935734657e-01,9.673149182820268976e-02,1.976232542077539511e-01,-9.053446612811695549e-02,7.762143521032195681e-02,-5.544043821128822463e-02,5.672507391621407769e-02,-3.752476985053698200e-01,1.162874359250582329e-01,-5.165295571909350736e-01,-1.980194428220448943e-01,-2.966782716965082889e-01,-1.232398088286588422e-01,-2.483087712733791641e-01,5.121386882727438916e-01,8.067389122588728562e-03,4.464060630729824730e-01,-1.652825622350028931e-02,7.419139127281229040e-01,-8.593183757995438710e-02,5.516226402994102163e-01,-3.422453314004731406e-01,6.300226066668818126e-01,2.408823072338501237e-01,4.267436614232529846e-01,3.255919573813039619e-02,-5.227349088326405102e-02,6.357320266334920422e-02,1.936410461765614710e-01,3.720493486517902765e-02,3.686281176272351301e-01,-1.331153872633075198e-02,1.984604305292808624e-01,-4.348708121501521084e-02,3.342153296352458336e-02,-1.548718994080141020e-01,7.318013984743525213e-02,-2.869790896534242797e-01,3.458369506708596219e-01,-3.209678884792127040e-01,-2.007711430878892922e-01,-1.640213777948889007e-01,4.111936960925322571e-01,-1.821830714921338634e-01,1.297138934609690097e-02,-2.930487751324528101e-01,6.903578590902778589e-02,-3.200903796774319798e-01,-6.940663146522824123e-02,-2.122207531855185847e-02,7.329422322870896012e-02,1.872758185443964760e-02,5.710725282004590342e-02,3.563455404151699007e-02,6.452954392168448738e-02,-2.911717329919534802e-01,-1.538548016424098053e-01,2.227026069744622583e-01,-6.813029102935935777e-02,-2.528005184469166167e-02,5.206114636569089682e-02,-1.569844670647545515e-01,-2.355162272747954311e-01,1.227316824404186234e-02,6.766815516445601197e-02,-2.008820250519907091e-01,9.828026127042130411e-02,-3.531379742240369629e-02,-1.817122717603983917e-01,-4.075534066609488026e-01,-2.916470115662143092e-01,-2.537872274288311969e-01,-1.875058904012041061e-01
2.316567615281069359e-01,-4.045090980192577734e-01,1.816928383628461929e-01,-1.922203998228823874e-01,7.065228351747475655e-01,3.337374405143181955e-01,4.176373670929034998e-01,-1.785401135195459899e-01,0.000000000000000000e+00,2.533845520390365369e-01,2.593009517048953660e-01,-3.633194763726542154e-01,5.085269316834963860e-01,-3.996524142449556782e-01,5.613081176083203339e-01,-2.159563231770062625e-02,7.759823220252833054e-02,-3.010391167028478865e-01,3.126769898021606320e-01,-1.009473917589612246e-01,7.378937948303811167e-02,1.289159489506086498e-02,1.423594214656566659e-01,-1.196494745116057912e-01,1.038411577285851817e-01,8.838945755369878587e-02,2.582100207781218293e-01,2.170738073455998063e-01,2.045565283625548625e-01,-1.621667971778970319e-01,-4.047150067424737027e-03,-1.526115555828049669e-02,-1.977508353985633904e-01,-2.632296392571340515e-01,1.195121830896501008e-01,2.429823637711036044e-01,1.647834088990487722e-01,-6.430162439794981366e-02,9.877516616433911975e-03,-1.318313461562609090e-01,-9.566537709957705082e-02,7.308194467653575388e-02,-2.890943965084705747e-01,-3.966446072171254111e-01,-1.622863429458391293e-01,-4.261201591079714635e-01,-2.830671595772051297e-01,-4.624129615758000855e-01,-2.185271082788709240e-01,-4.442286125984338252e-01,4.245817504434266855e-04,-4.666686998875557713e-01,9.447173922150171876e-02,-2.338641751799736268e-01,7.436446925401682395e-02,-2.149010697229191136e-01,1.593071765046575883e-01,-4.302903237842269912e-01,-7.142655739677045146e-02,-4.034717759629819489e-01,3.873343140421001141e-01,-1.435447331435426854e-01,1.492023209457238320e-01,-4.263877499590362219e-01,3.909713705783688931e-01,-1.683067852868176673e-01,-2.081742364210495966e-01,-3.556641296184411827e-01,-1.943648731825373954e-01,-2.743158177423050681e-01,3.357144527558198477e-01,9.601613979234387142e-02,1.404594922295817998e-02,-1.714805823231897730e-01,1.238163184550973434e-01,-9.566623878179963958e-02,1.044127644073436917e-01,-7.958591945649853838e-02,1.086115463679927229e-01,-1.796880154400974927e-01,3.342566787089361058e-01,-2.769630712806973039e-01,7.274737763062405493e-02,-2.041150495021394062e-01,4.896747797078178643e-01,-3.653161335932126330e-01,3.169496310406831607e-02,-2.560692640349398475e-01,3.950164409319852910e-01,-1.681098842211230515e-01,3.514982879250364012e-01,2.928275982699441934e-02,1.718956029791698370e-01,1.015480481523182432e-01,-5.759456157746822846e-02,-3.141390080255380274e-02,-6.567896080969397310e-02,-2.623610255831681504e-01,1.798057913460960472e-02,-1.718127209287811097e-01,2.064054308863175757e-01,1.400569381460607665e-01,2.092000956217068552e-01,7.331420940914155915e-02,-1.172108527593240801e-01,-1.757187490027461996e-01,-1.659780124736412107e-02,-1.329064269045162998e-02,-1.039744383035388076e-01,-2.029108356182561246e-01,-3.003112265694499877e-02,-5.227688606217349189e-03,-4.615177590318971651e-02,-2.174427119200837699e-01,-1.330995949305073256e-01,-1.738553866474650267e-01
-2.269105384838107364e-01,-5.967477983492431443e-02,-1.919822561321716803e-01,3.065837364523817943e-01,2.308174749944481297e-01,5.688773512232061513e-01,-1.747995902339402607e-01,3.290198280118770136e-01,2.533845520390365369e-01,0.000000000000000000e+00,-1.260445757410899592e-01,2.364737921784824948e-01,-6.821116914869684855e-02,2.342831040111749141e-01,2.960042195604019599e-01,6.301330371060276381e-01,-1.058149267407385991e-01,-2.659465552882537068e-02,-1.598966086341873927e-01,-1.358143153775677181e-01,7.445306987940422672e-02,-7.258714617576459902e-03,-1.942781897454545215e-01,1.445309911179379347e-02,-4.670633681956649561e-03,4.227159953713864882e-01,4.194955592903544528e-02,1.135984733542316494e-01,-3.714470644277899358e-02,1.349831297166742550e-01,-5.618466358319206683e-03,6.596725251320689765e-02,3.503363390594212839e-02,5.406011321192366603e-02,1.377007707625315380e-01,3.588156248190051412e-01,-1.077959409686599368e-01,-1.006776599816394530e-01,1.874537258061100692e-02,8.134994486717142537e-02,-3.222658896250709670e-01,-1.812122860081116227e-01,-2.907323622375633243e-01,-1.087776283792566273e-01,-1.381178424023240814e-01,-7.740574098494164279e-02,-1.429967733729986812e-01,1.138689112316131902e-01,-3.218978388710599936e-01,-1.712517246251345215e-01,-3.211985500626995949e-01,-3.973588943478244956e-02,-3.340239082586655139e-01,-1.676792367453377175e-01,-1.025813316106435891e-01,1.398693448427289765e-01,-1.743425937919411417e-01,4.695779346044282737e-02,-1.872079973902604222e-01,2.310354691639283919e-01,-1.089363301958583274e-01,3.656142631276850796e-01,-1.681583864120374250e-01,1.523897760485322661e-01,-3.147799351177845706e-01,2.890067736819941779e-01,1.053659916175677946e-01,2.856281709576218852e-01,-1.009404283454737317e-02,5.666036210289646102e-02,-6.874059048657771287e-02,5.035942172545172096e-02,-3.154113597845886185e-01,-1.864942539713916325e-01,-6.150394402380957720e-02,1.304460431737603232e-01,8.063699270768757976e-02,1.549767373553155025e-01,-6.143619413336123131e-02,8.140142890773502220e-04,-9.541322863761185491e-02,-3.597831552679579305e-03,3.772665021262209400e-02,2.073085482952262970e-01,-1.232740389710642592e-01,2.745744761145834101e-01,1.478249771119367340e-01,3.410187915502211342e-01,-1.251547974806537789e-01,1.354014731428670737e-01,7.493774847397409455e-02,-2.832101989285110144e-02,1.226529356618862587e-01,-2.044578529001201961e-01,2.983134377311373320e-01,3.270852326851461656e-01,3.509964571091873098e-01,1.438505314586295547e-01,7.240582377320267660e-02,1.057445802883872493e-01,1.631625471419937967e-01,-3.116142890090518036e-01,1.849690502346445220e-01,-3.486930264815234215e-02,8.115103294350149710e-02,-4.699643853796892784e-02,1.367859125151898170e-01,1.649801208261485463e-01,-1.014432247894442307e-01,2.023819051381639256e-01,4.399524823472373281e-01,-8.756058877536086055e-03,-1.864043737201524220e-01,-2.269579413912482524e-01,2.148528027075709973e-02,-2.008237618200962166e-02
6.880962530175102065e-01,-1.909134859189329791e-01,4.569866079887009436e-01,-1.042574410956210867e-01,3.272597188798167522e-01,1.121344826330915728e-01,6.489577435959864582e-01,-2.049039555921154387e-01,2.593009517048953660e-01,-1.260445757410899592e-01,0.000000000000000000e+00,-8.618172918532968074e-02,6.381398723395691475e-01,-3.144908571434535949e-01,1.037383418791359702e-01,-4.147445832470055271e-01,5.413739002667861122e-01,7.530551085346079074e-03,3.389004745553588771e-01,2.315172753858186216e-01,2.566162867693684846e-01,6.728884703100572462e-02,2.674973279553665151e-01,1.004924299780476649e-01,-5.942723539349883954e-02,-2.568073953683891464e-01,4.857643843988183607e-01,5.196034779892437783e-01,4.376869649356495695e-01,7.277077412148443003e-02,4.364831730273899257e-01,3.928286091055663287e-01,3.351308100112667665e-01,3.712767327376112481e-01,-6.843110901812330879e-03,7.986358575005671201e-02,-2.128569919489630979e-01,-3.226959636264472020e-01,-5.335348350952016927e-02,-3.756843317408518068e-01,-1.268537626014210606e-01,-2.690244714622237396e-02,5.736979829449042993e-03,-1.258591926567050046e-01,-5.434405224585710237e-02,-1.838936600563897128e-01,6.042781567578558305e-02,-1.727134366949742983e-01,1.693556600328942341e-01,-1.360772147367440565e-01,3.020537971050417658e-01,-2.758516190644061394e-01,1.097691429919159661e-01,-2.753060662031859840e-01,3.418106852637208676e-02,-3.680215302363922802e-01,5.301401558045130136e-01,-1.678448244251851684e-01,1.507218925379621988e-01,-2.864924444918690583e-01,5.393068066697548346e-01,-1.079869306108054566e-01,6.006502135015130417e-01,-2.555613223724351527e-02,4.659994880655023430e-01,-2.527491274939995258e-01,-1.845956582619387443e-01,-2.936016757894480134e-01,2.849638426477215658e-01,-1.206559671992287197e-01,2.953436248394046837e-01,7.158416611191649459e-02,3.620857872284388157e-01,2.279391925202103042e-01,3.584671681964381462e-01,1.681179578120575724e-01,3.550922670761116340e-01,1.036810371400153086e-01,1.729437209653952590e-01,-7.981657970814733105e-02,5.086977520726677637e-01,-1.374609683540525540e-01,-1.933410659787523911e-01,-1.203496344180763206e-01,3.507986643072428246e-01,-5.744876670161900289e-01,-1.952886179332928851e-01,-2.938544608941945357e-01,3.741375994752969003e-01,-4.349069688273395351e-01,4.052024404555720945e-03,-8.332135850553511192e-02,-5.035099482868116844e-02,8.039529222234439998e-02,-1.636492604792531003e-01,-2.367251498446900360e-01,-1.028617934968723141e-01,-2.647140651789161581e-01,1.358941659434157179e-01,-2.987471313465088207e-01,3.345207209779466756e-02,1.379765296353064608e-01,2.058516760590037298e-01,2.828723014446225467e-02,3.418690294008222552e-02,-2.864344887268238660e-01,1.381186799294487622e-01,5.284159871618662740e-02,-2.772187017400440934e-01,-3.759188668222066543e-01,-3.638036466454491191e-01,-1.641969868555721024e-01,5.190223023721719786e-02,-8.095904559717741894e-03,9.373021063151784626e-02,-3.858410280297761563e-01
-1.468796466614745722e-01,4.020695362389447025e-01,-3.106560238927367767e-01,4.400756416865861387e-01,-1.793311279105369582e-01,1.470050610655793955e-01,-2.450894783457750192e-01,5.115258466306115137e-01,-3.633194763726542154e-01,2.364737921784824948e-01,-8.618172918532968074e-02,0.000000000000000000e+00,7.472188374396690480e-02,8.308835249850202720e-01,-1.992895915173356625e-01,1.770414839171141064e-01,-6.568820445357569093e-02,4.054344480132088813e-01,-3.025748618546689195e-01,-1.857244358819251304e-03,-2.384413315982518711e-01,-3.871610521967114305e-01,-9.297128372452076461e-02,2.533320504979138521e-01,3.800627049952035996e-03,1.343141553437104951e-01,-2.998039807143168534e-01,-2.131638236190303015e-01,-4.145080050234471736e-02,3.170002186031084523e-01,4.272690170888172045e-01,3.387356671962886145e-01,3.264948655585139803e-01,2.944169219337565147e-01,-3.558755444152882086e-02,2.032544730762958843e-02,-2.979641098179576786e-01,5.676732829714045692e-02,-2.810880874131798102e-01,-1.107908965021317527e-01,-2.301813766614060897e-01,-1.254972833456044490e-01,-1.948337865219672560e-01,1.249511797028401705e-01,-4.550321080633054627e-02,1.409413179948711403e-01,4.528886844917159871e-02,2.114893431184953487e-01,-5.429116089623219760e-02,3.050612687771342979e-01,1.893122665922437322e-03,5.535046120166670081e-01,-1.877477603090755565e-01,2.150289929943532130e-01,-1.423264458412163425e-01,3.568119503228118772e-01,-3.371216640531730646e-01,4.364997278521738355e-01,2.628394437646899839e-01,6.169531251946218653e-01,-5.054499147048849977e-02,5.560455753392140599e-01,-1.259887294919649625e-01,5.757963407757717977e-01,-3.550653737595548809e-01,4.670164323342303470e-01,-4.357957992111507334e-02,2.505795466935836768e-01,-4.256138692244537669e-02,-6.363997329436400785e-02,9.306651459874110133e-02,3.883852174608673491e-01,1.243982356984444509e-01,2.906846779401551228e-01,-1.275721227060324370e-01,1.760503611519921574e-01,8.858560340492756258e-02,1.993594004279284071e-01,-1.838354454907349389e-01,9.604419835704085251e-02,-5.040971194781623810e-01,3.204547388707952860e-01,-4.379981554240499619e-01,-1.653704963518071724e-01,-5.374712238129931707e-01,3.613941890487857300e-01,-2.730818827701896323e-01,4.801330653259588965e-02,-4.804108844850360494e-01,3.277383701820875683e-01,-3.866088652143344073e-01,5.797376401463266715e-02,-3.343635243386017253e-01,-9.869234606465174253e-03,-1.623530665083594282e-01,-1.257091466840529193e-01,-2.621103592231553356e-02,7.817804714792382648e-02,-1.496698058731013026e-01,2.044807644743371344e-01,2.494712113789238628e-01,-1.323801729045138154e-01,2.113337948868784510e-01,1.898129403082577382e-01,8.715406014120946621e-02,3.390760528332410068e-02,1.209608914583788428e-02,1.295955061310259393e-01,1.846771479677339692e-02,7.540885898426447076e-02,1.044164539208241316e-01,3.191923031592273918e-02,-2.942555554932059225e-01,-1.203372908459890978e-01,1.200869843616257787e-01,-1.075253058632512637e-01
5.433298413984422037e-01,-3.010752679432477930e-01,4.165869607769175920e-01,-1.430572324583974653e-01,3.983574026036524329e-01,1.338507984990162658e-01,6.502643755014548832e-01,-1.977948106982602428e-01,5.085269316834963860e-01,-6.821116914869684855e-02,6.381398723395691475e-01,7.472188374396690480e-02,0.000000000000000000e+00,-6.330793128183866136e-02,5.199081356853546554e-01,-1.284790590097091012e-01,3.361531556609417826e-01,-4.512293668123315560e-02,4.058957652500548297e-01,2.319663254974847419e-02,1.571696636890277110e-01,-5.079384398278356631e-03,3.408763180640163037e-01,1.701747369469310822e-01,-1.309588137395217289e-01,-5.418013743699537366e-02,1.481890406232463098e-01,2.899084629112591016e-01,3.973229769448327620e-01,4.730081833739432917e-02,3.632027195143131548e-01,1.913197570456981189e-01,-1.117826587951186723e-01,-1.268049482076655798e-01,6.664857956943245898e-02,9.785696507869745542e-02,1.105794067207822584e-01,-1.137332678713193351e-01,2.563122637648885399e-02,-1.597986773020570184e-01,8.462607298772389236e-03,8.536832203788084772e-02,-1.958711296073839883e-02,-5.803908819154106336e-02,-8.698972153217646164e-03,-2.316075067765294981e-01,-8.563988093384010403e-02,-2.420969911568195965e-01,-5.074992664766241751e-02,-2.250348466326337615e-01,2.902457660025757891e-01,-5.190334479900681613e-02,2.414649569799119933e-01,1.370506481457496335e-03,2.269056519040598130e-01,8.529974548574900672e-02,1.878133242011770787e-01,-3.048894457362942845e-01,2.085201185155649284e-01,-2.117475446191791344e-01,4.699268630202538266e-01,-2.295790630937803167e-01,3.318491553969306618e-01,-2.637241793997524009e-01,4.264546513163804398e-01,-2.332214223130156527e-01,-3.694166307896040724e-01,-3.944135999296197181e-01,-1.633276302922868350e-01,-3.474500789326496197e-01,4.570927114462409180e-01,2.483912986629502329e-01,3.804893803413820219e-01,7.800176391357049877e-02,2.582790800035455470e-01,8.791616104895161321e-02,2.734824555404043456e-01,9.093793559986301789e-02,2.287653719656023987e-01,-5.102566237991498777e-02,2.755854639840066844e-01,-1.800980431450869557e-01,-7.597443996892247475e-02,-2.548757221039733012e-01,1.606037004411047797e-01,-5.518665687653050433e-01,-1.122487663366507765e-01,-1.658369546816268192e-01,1.761861021900356650e-01,4.307859453830573115e-02,2.235089521841388815e-01,1.585230531626966033e-01,-1.446155732217189460e-01,9.712484645181319876e-02,-3.393385893222674032e-01,-2.918268633210974738e-01,-3.247247175300328470e-01,-3.012847281404137378e-01,-6.596277392089792968e-02,-2.635274286455842330e-02,1.471474164047263111e-01,5.654486441559575943e-02,2.139736398084384206e-01,1.213167062006631769e-01,-2.438782410223191421e-01,-2.415436130258086234e-01,-1.869965438951975700e-01,-1.481369296231669908e-01,-1.896728147855242796e-01,-2.979393720022288639e-01,-2.311008051004665997e-01,3.519594228035639871e-02,-5.254774268442077845e-02,-4.002193995667461396e-02,-3.765947491874582082e-02,-2.686605556703603459e-01
