0.000000000000000000e+00,5.790744332365936886e-01,3.135117294185946202e-01,4.892267953644714729e-02,-1.358716726657899221e-01,-2.094017631911198885e-01,6.522346587037833876e-01,-8.719869690995654676e-02,-2.338588486276528197e-02,-1.034440610216298823e-01,6.051469731538979824e-01,1.857782835329225835e-01,3.381796137436611782e-01,-8.141435178456812860e-02,-2.215415641264446289e-01,-9.390747818170591676e-02,3.387533886413851003e-01,8.766043781288675174e-02,6.311099796557021469e-01,3.274945064845888321e-01,-1.640398460947160852e-01,-2.982015649291658299e-01,1.172462105611000865e-01,-2.438256725704665215e-02,-5.053204026308930064e-02,-2.015703158087768787e-01,-1.861116163403178370e-01,-2.906255972612474259e-01,2.149694326087420171e-01,-3.970650337816589853e-02,5.591113584619546856e-02,-9.663711848684324035e-02,5.529865010589413155e-01,3.761421859445615579e-01,1.661112678847136495e-02,-2.331068422024674403e-01,-3.040039737281892140e-01,-3.802867803703757765e-01,-2.673672251086385288e-01,-1.958516223375367238e-01,1.721983076809852770e-02,1.594150213256979040e-03,-3.279391362191954595e-01,-2.863401965470327992e-01,-4.147834938231816926e-01,-6.392818694561912263e-02,-2.604311851282732904e-01,-4.683511509848464205e-01,-4.142706524892246778e-01,-1.263082408618780295e-01,-2.009115534972191197e-01,-2.713750252793005122e-02,-3.750369139472720659e-01,-2.662600914378153438e-02,-3.313775655113771479e-01,-2.513376475156595680e-01,7.648203230891157389e-01,6.355772936024594033e-01,2.696206713357746643e-01,3.925062938172380611e-01,7.014328975060134530e-01,4.367540514427450393e-01,5.529761816631959537e-01,2.678798827496149948e-01,2.683062269644094222e-01,2.745323978368625073e-01,-1.242612244817946493e-01,1.669380504798380072e-01,6.864305979537638214e-01,6.260179504094737224e-01,3.407023200744276892e-01,-2.274746273415240994e-01,4.235241861436054300e-01,1.144186334191897164e-01,-4.524587031492835476e-02,1.475440601768615578e-01,4.927693256744476030e-02,-3.292183879207047359e-02,2.864344338360277908e-01,2.618612516780325361e-01,1.526690090794616261e-01,-7.494621979587456906e-02,-2.921211173582707876e-01,-1.672853048150904909e-01,1.261017758824269919e-01,2.924321339958024790e-01,-3.178897345312032274e-01,-2.574722342404987541e-01,-1.061239249214664948e-01,-2.287090786886708874e-02,-3.011495740011630451e-01,-4.645643650925389972e-02,-3.158911766654324271e-01,-5.340136814203524235e-02,1.173776169218642140e-01,1.250144386877961034e-01,2.681490859962824824e-02,-1.841223030610513178e-01,-4.857871360841466979e-01,-3.029507476668353849e-01,-4.112465851125258198e-01,9.072954375881478115e-03,-2.809027702405381688e-01,-1.945950828295737456e-01,-1.358795183530051021e-02,-9.229337870919177012e-02,-4.525372159872100702e-02,-1.868540843382499594e-01,8.973388441487657741e-02,-1.625184580466753070e-01,-5.141829289480073228e-01,-3.512458152657079169e-01,-1.644245761394695082e-01,-2.158080541482586823e-01,1.358163084833738932e-01,1.544378500431642653e-01
5.790744332365936886e-01,0.000000000000000000e+00,-8.320352955712349841e-02,-4.261759374450767995e-02,-1.923460245389846390e-01,-1.970947042587236353e-01,2.112802849748644796e-01,1.534477790561228072e-01,-7.072870622908264404e-02,-1.821442989179261618e-01,2.825485701332232091e-01,4.599432867608121978e-01,2.641666642704688928e-02,2.955057209520484118e-01,-2.128887824590245670e-01,-1.268481646443272715e-01,1.342100140611277026e-01,3.691332686702318844e-01,5.055189813961431522e-01,4.088939858933677285e-01,-1.275058237878375078e-01,-2.410662258695639437e-01,-2.261496967948889436e-01,-3.111229713428937393e-01,-2.600398906344542072e-01,-3.002199650217657334e-01,-1.064780622895129397e-01,-1.079601859304114980e-01,1.844800054658925215e-02,3.131685091256695141e-01,-1.357421658496346835e-02,-7.462567637859018888e-02,3.302244776911147373e-01,3.576682633256966781e-01,-1.245994643015278930e-01,-3.846103189255804522e-01,-5.082907097601124802e-01,-4.390901974638196092e-01,-2.810114013007695144e-01,-3.044895543052077991e-01,-9.818743576022966046e-02,1.035994391794439473e-01,-6.465019345596231815e-02,-5.799171036422347443e-03,6.531776271716503712e-02,4.942834692677850472e-01,3.019863401183768906e-02,-4.119754388844030363e-02,8.299320794125723821e-02,3.380910574914043898e-01,2.378094652369839856e-01,2.715700092019725509e-01,9.754833303613498485e-02,1.172866857215244946e-01,-2.006970840858921801e-01,2.546650219056638626e-04,5.601416884255545625e-01,8.010039388194070131e-01,4.197190953463749152e-01,5.577786780562229429e-01,4.921442494874575524e-01,5.685003407230609929e-01,3.794668315945588510e-01,6.282914878468460751e-01,-9.297145468331396989e-02,1.462296851161803413e-01,-3.353022419322060355e-01,3.450263482326818010e-02,6.104708347371995414e-01,5.122961276567896682e-01,3.752153717692863211e-01,-8.957139666429045355e-02,2.456846925843328422e-01,4.337299038165839393e-01,3.291063567102487514e-02,2.229821143057427735e-01,-6.979834642398282871e-03,-7.872482948652992363e-02,2.206678389774287818e-01,1.726042012617168553e-01,9.865458333882089204e-02,1.646123273155979949e-01,-3.095578992869531532e-01,-3.406465471177463344e-01,-1.123510215485543778e-02,2.251090944906063984e-01,-3.383065808788984774e-01,-4.038385657191952971e-01,1.272578444789999041e-01,-3.516837723825586015e-01,-2.418879665748029373e-01,-2.791371732641275138e-01,-1.013798229370677373e-01,-2.130334595219371963e-01,1.174714958945431292e-01,9.460333513269575390e-02,5.189024370398973712e-02,-1.091040648096862214e-01,-4.640779797245123683e-01,-2.875308431749742377e-01,-2.052840947033152397e-01,-1.762438261568221032e-01,-2.700175822987916918e-01,-2.294022045352953620e-01,1.127188121722589031e-01,-3.677409215126471453e-01,-1.811072762817939399e-02,-2.850180399109743523e-01,-1.716833112078104129e-01,-1.598416048816246327e-01,-6.386633451708313425e-01,-3.695979524354962020e-01,-1.725151063040155919e-01,-3.724164974600994299e-02,9.411186591341785812e-02,7.997993590397954600e-03
3.135117294185946202e-01,-8.320352955712349841e-02,0.000000000000000000e+00,4.466762401032976504e-01,4.459771450823384331e-01,1.060265731615733092e-01,5.038609721020553822e-01,-1.262186355534279381e-01,-1.366764915630504229e-01,2.644222455400334071e-01,8.154013602102382074e-02,-2.135724726349555180e-01,1.488869428510011250e-01,-3.014682509391392040e-01,2.028422665782405876e-01,7.213075296543698667e-02,-5.215541948964703967e-02,-5.567909707175475870e-02,2.613747230643010955e-01,1.422045310934952345e-01,6.447637547136796099e-02,1.387374880018891476e-01,6.227604328755375063e-01,5.291332102623412803e-01,6.155855730290588079e-01,3.200675860503593428e-01,2.080794606378440215e-01,4.231063023689265318e-02,-1.050076808395250944e-01,-2.227601433050792334e-01,2.818464532495333352e-01,3.060325366641148404e-01,2.283218695631383799e-01,7.041810796438760338e-03,3.951259141388621665e-01,2.836752569974844707e-01,2.333855870173588698e-01,1.633147831804010186e-01,1.891373363457512224e-01,3.458662524481584954e-01,1.099900966486527382e-01,-1.966262380430982767e-02,-3.483221757420340015e-01,-2.430479498353535772e-01,-3.120584931502132231e-01,-4.672053501986638824e-01,-1.598421355636551466e-01,-2.407556617943278077e-01,-5.316787513112224417e-01,-5.312170847087009928e-01,-5.579498172844070680e-01,-5.619046089293007196e-01,-6.316098265166146808e-01,-5.738153113527970639e-01,-1.103469142271024973e-02,-1.621081580340524575e-01,1.057169653202907206e-02,8.201365218597010676e-03,9.117876898856325241e-02,-9.517829257401198839e-02,1.048528544615824482e-01,-2.462260841519279819e-01,-7.698005157586942926e-02,-3.877792976715476181e-01,5.967778011309318176e-01,-1.390688763498782732e-01,5.261238629011579793e-01,1.949285897957802050e-01,1.421787910913963893e-01,6.797677007084569623e-02,2.827532750370615952e-02,1.244105361008089605e-01,-1.983497574989626436e-02,-2.260686810804291291e-01,-1.884596692748922780e-03,1.931304081609649115e-01,1.724026982288617005e-01,2.144517902340451199e-01,-2.350815867212498467e-01,-1.201081219683266255e-01,-2.838605019469961355e-01,-2.236706497188626630e-01,1.151185964528112921e-01,3.752991096399770354e-01,-1.201045406360405216e-01,-2.994421508966369494e-01,3.129171729927458512e-01,3.935262239162952702e-01,-1.736522685123814969e-01,7.517583590923081725e-03,-1.738505798622611564e-01,-1.779985535671613772e-01,-4.021962140589794843e-01,-2.817665239057061122e-01,4.652325795806826376e-03,5.114609478327211689e-02,5.205158845540966764e-04,1.667733913738133067e-01,-7.189126743395791996e-02,6.644108773416351754e-02,-4.988579520231950504e-02,-1.143449489219789811e-01,2.661805065105690149e-01,3.419249034123647002e-01,-8.779994351062742064e-02,2.003674844056902438e-01,1.539777822808051644e-01,3.542904778753851458e-01,6.309972278350432784e-02,-4.649288578139656319e-02,1.784833676103166067e-01,4.168599420793863558e-03,2.899532795650682226e-01,-7.461560334361497238e-02,-1.220067604269412659e-01,-6.148383312990492178e-02
4.892267953644714729e-02,-4.261759374450767995e-02,4.466762401032976504e-01,0.000000000000000000e+00,1.421022200199958951e-01,4.614613296597618874e-01,1.089354390628915065e-01,5.740342969593308364e-01,-1.784595491829662761e-01,3.461047184675977162e-01,-2.135274215678728549e-01,1.432601759210933579e-01,-1.321725483565731607e-01,3.026492712522635409e-01,3.951755405402166549e-02,3.041558754422232225e-01,-7.722390584720972839e-02,-1.001134503672123921e-01,2.207158680250372318e-01,3.307012406289940865e-01,-1.673763229598580204e-01,1.345279480958931906e-01,3.779130073300274173e-01,6.894557723783559799e-01,2.851190020534140612e-01,3.582367635194507183e-01,2.083420322171304351e-01,3.205742919463347180e-03,-1.700189467190497961e-01,-1.135071782368463345e-01,2.303694732895422426e-01,3.938986524867194583e-01,2.069064647929520773e-01,2.954082651148170480e-01,8.843435475888601627e-02,3.169974342192149325e-02,-2.065662633215328559e-01,-8.484500014676593649e-02,-7.139942045714918473e-02,2.043085073517348638e-01,-1.453251070729865979e-01,-8.709304787846035290e-02,-3.609901170791379732e-01,-2.115967887431064176e-01,-1.707737874051316329e-01,-1.645253410990980825e-01,-2.822546873811040413e-01,-2.150886350299665017e-01,-2.840364284181290944e-01,-2.335838542032476484e-01,-2.963289415498055468e-01,-1.787586708914936096e-01,-4.312198191888859111e-01,-3.289823536673472382e-01,-2.000189141703394569e-01,-1.653718348358305945e-01,1.773144903289922483e-02,6.999608867100723386e-02,1.404353802067418167e-01,1.692650795127032537e-01,-4.794544314154327441e-02,2.112960120694173660e-01,-1.054453622502562887e-01,-7.178162421580124020e-02,1.006271760634033785e-01,2.904666678963961912e-01,2.924003498556881353e-01,5.389816843515690126e-01,3.207166871740390474e-02,1.067917626603788750e-01,1.312917413249582166e-01,3.252344343532154181e-01,-8.238941898567447852e-02,1.133452823018173961e-01,5.441245243891376648e-02,2.968726373869575719e-01,2.803328411419172064e-02,2.993851664313939009e-01,-2.427628222652718493e-01,-1.351901803563329840e-01,-2.505496101892194516e-01,-7.386693698179809531e-02,6.834932173067242989e-02,1.964506738788630580e-01,-3.141244305247504198e-01,6.794149566233789739e-02,2.124106911349524784e-01,2.587006346955803004e-01,-4.779622519498699651e-01,1.426053205220819131e-01,-3.552711569104199940e-01,-3.185917360468666915e-01,-3.017486748394999085e-01,-2.798474969486741681e-01,-1.817840915883533470e-01,-7.745873581147520726e-02,-2.210397105305484944e-01,7.194758913688373281e-02,-9.351290487183647193e-02,-1.587174483932100588e-01,1.083514072438275522e-02,-1.846846882803069023e-01,1.212274572677420614e-01,2.116734240578572457e-01,-1.064832610635270543e-01,8.168437048545754142e-02,-1.130817451043262395e-01,2.688272702870717068e-01,-1.610173969956149309e-01,-1.126386755170831477e-01,4.837486603126105872e-02,-9.744270602324811570e-02,2.097885801879114664e-01,-3.123519360220424271e-02,-1.203436344390614310e-01,-2.668301655940982231e-01
-1.358716726657899221e-01,-1.923460245389846390e-01,4.459771450823384331e-01,1.421022200199958951e-01,0.000000000000000000e+00,3.352168459901337938e-01,8.232874179470993673e-04,-1.341294500564393088e-01,2.501507397353965878e-01,4.753136977019734588e-01,-1.469321672938290191e-01,-2.006143250274068368e-01,3.999401075742708284e-02,-3.254227440656788928e-01,5.200171965799014195e-01,8.873152772187807569e-02,9.877040008262446408e-03,1.790492122509831086e-01,-1.668467231389496042e-01,-2.547766528229958305e-01,2.731436753454996036e-01,1.741627163509554266e-01,2.321341240789753790e-01,2.148123355236684906e-01,6.046270574522204511e-01,4.982186948341419952e-01,5.332537258699663330e-01,2.929578872909198717e-01,-2.376653697908297919e-02,-1.416450562011913657e-03,8.767637673965332501e-02,8.053479966105918375e-02,-1.508926359737940703e-01,-3.133449423517150612e-01,2.630494703865562944e-01,2.465110636367572605e-01,3.176701839502735214e-01,3.197654712414523259e-01,2.180565528271239950e-01,3.177404214894711254e-01,1.730856332529603359e-01,-8.542498149397061147e-02,-3.557270929762827438e-01,-2.731192639754346785e-01,-1.160746747953108476e-01,-2.817483633352966255e-01,6.148560410777452467e-02,8.345143036139095194e-02,-3.090416122493455653e-01,-3.734540816342064029e-01,-4.824653453353162647e-01,-5.838421886758576873e-01,-3.854383473075514432e-01,-6.481879650293920214e-01,2.979103543072804117e-01,1.590390358267619597e-02,-1.591419338474780731e-01,-9.913719096148766730e-02,-5.375832043761064050e-02,-1.091905722328317674e-01,-2.313881745243964450e-01,-3.252069033285232558e-01,-1.837448292536751071e-01,-3.056468972223980174e-01,4.116879313030354370e-01,-1.201085442696637473e-01,5.133178037855126163e-01,1.024869383954252339e-01,-7.409008196652211442e-02,-1.384932171690381464e-01,2.808504153399952671e-02,1.735560062412630153e-02,-2.305075333646385283e-01,-2.956014238086155377e-01,-3.377341140806858905e-02,-1.520516913072029186e-01,3.349183011601979121e-02,1.001199216986460444e-01,-1.037529996178093161e-01,-1.692129372541088805e-01,1.400955868256171903e-02,1.909125135722070654e-01,2.849260821688429091e-01,3.908076597105036853e-01,1.502656253760245864e-01,-3.757215074287176826e-01,4.109613965675198988e-01,4.296222706525761881e-01,-4.483084166207026294e-02,-2.332179602995649026e-01,-9.994456074864603579e-02,-3.067973477490798517e-01,-2.951221977681948716e-01,-3.772073713764484970e-01,-6.930156418293240139e-03,2.227128369443275024e-01,1.641378332875930990e-01,3.530939931473649485e-01,1.774967337515214738e-01,2.112528258880030374e-01,4.362994892934630164e-01,-7.734130585217471876e-02,5.685920903760034451e-01,5.522963369605353723e-01,-2.222791849627701877e-02,1.260705761625857402e-01,3.565781345599648988e-01,3.971669350222734041e-01,-6.833082077377783392e-02,1.673390765791245571e-01,4.465161494506375006e-01,1.055999922077583419e-01,3.923373379839109054e-01,6.238116328501991381e-02,-2.619185555247956487e-01,-1.856363153465819260e-01
-2.094017631911198885e-01,-1.970947042587236353e-01,1.060265731615733092e-01,4.614613296597618874e-01,3.352168459901337938e-01,0.000000000000000000e+00,-8.848561050758507740e-02,3.850494145359474318e-01,2.875140697925936406e-01,6.006684780223083830e-01,-3.097309727017680814e-01,3.735663450600707619e-02,-1.925920230401758360e-01,1.374382079448324967e-01,2.921046032911152612e-01,6.015713081524756145e-01,-6.273758293373993267e-02,1.075715232450140911e-02,-1.645432846408524663e-01,-1.357557982400751651e-01,2.019852816541509860e-02,8.473448379072895387e-02,-3.783457077999834509e-03,2.076085699160780396e-01,3.101912172545474577e-01,4.624177440157413721e-01,5.751483708561454522e-01,3.209781169267028611e-01,-2.001901470054801846e-01,-1.391938011216993787e-01,-6.942965379762802529e-03,1.250398016579320482e-01,-2.222420278170431918e-01,-1.510825499398237848e-01,5.038544152690197127e-03,3.550222709030427526e-02,5.946961468310651283e-02,7.888597724450863158e-02,2.493360048303940295e-03,2.558320911523690455e-01,6.682704503613591529e-02,-1.510471975515840781e-01,-2.130415447380634708e-01,-1.720749365281719068e-01,5.211408919010056956e-02,-9.444102117628427884e-02,1.203545820764883034e-01,6.536456100757447041e-02,-1.850171392874751242e-01,-1.689394131181794489e-01,-4.172346535024800684e-01,-2.670956846930134243e-01,-4.154551431168798103e-01,-3.729084318980269153e-01,2.032854140586479175e-02,9.095475088689385090e-02,-1.383545194647692878e-01,-8.345005862014559517e-03,-8.592363680197616371e-02,2.152624142776198013e-01,-2.246573462104113073e-01,7.611788883248887805e-02,-1.615358576649446876e-01,-6.428990983198340503e-02,8.270460460598889896e-02,2.371158417869241863e-01,2.911560233674020393e-01,4.553517662272760780e-01,-3.350651084672759406e-02,-1.554896576086776602e-02,8.951995985434740843e-02,2.012610515835323299e-01,-2.441162499620562198e-01,-6.680822445869243065e-02,-3.641550117585203722e-02,1.573912453354359142e-01,-1.271098700498621559e-01,1.347693122387068343e-01,-1.216088156454937369e-01,-3.033933192889538000e-01,-1.065698322041275653e-01,1.144731073681190259e-01,1.272720132616236566e-01,3.037713253051361195e-01,-1.200460694747299134e-01,-4.568932123824662704e-03,2.120884567114159625e-01,2.762913631213299581e-01,-3.709973712390760014e-01,1.489970837852112595e-01,-1.249663788076244564e-01,-3.178714234245161863e-01,-2.585570885238229755e-01,-3.482704554984257239e-01,-1.679054738714600148e-01,1.491688379126805963e-01,2.230474392780915430e-02,1.275497033995932894e-01,5.072710194252624816e-02,5.573013856044196218e-02,1.689454618183604540e-01,-1.414655416454039805e-01,2.751376803639313251e-01,2.850142689596354972e-01,-1.438743177010619045e-01,-5.335756858169521648e-04,9.668607465764016140e-02,3.573004533028372176e-01,-2.030531901730749378e-01,-1.843541818873227142e-02,1.399623109626614847e-01,-2.712077702738064852e-02,2.775257368709180272e-01,-1.492188912036587212e-01,-3.458009200134199435e-01,-3.778908298151616441e-01
6.522346587037833876e-01,2.112802849748644796e-01,5.038609721020553822e-01,1.089354390628915065e-01,8.232874179470993673e-04,-8.848561050758507740e-02,0.000000000000000000e+00,2.143496834125751746e-02,2.085604849259577731e-01,-2.034912937461858251e-01,3.329461083349779527e-01,-8.673986529971274007e-02,4.157549367973292775e-01,-1.712409778050708875e-01,-1.892408103942131992e-01,-1.140103841317846728e-01,-5.343965776601747319e-02,-1.763360246808566012e-01,3.840289944921812526e-01,-5.630973676020367691e-02,-2.235916189044284408e-01,-1.743562336835984272e-01,3.824579165932131541e-01,9.291881679721085419e-02,2.739659316789998522e-01,9.055245396558393722e-02,-1.740644318334157170e-01,-2.778619493513331262e-01,-1.198274403774788333e-01,-2.803630004443853907e-01,1.508057889943501539e-01,-6.403522160053619350e-02,4.751581153684197312e-01,2.857756413819000918e-01,2.181846983129500928e-01,-1.167278946969927816e-01,-2.060779665470615918e-01,-3.137120782661687590e-01,-1.566790433569124341e-01,-1.394385932133641315e-01,-7.214341373295500570e-02,3.597809105355093129e-02,-1.528061788557552314e-01,-3.000260737265216804e-01,-3.137104720832281646e-01,-2.268882708464002029e-01,-3.403000405167578846e-01,-5.108197563037445432e-01,-3.437945078152971345e-01,-2.387138176429913217e-01,-1.405550659804346292e-01,-5.823573622913351400e-02,-2.978146988927601324e-01,8.964577084173429300e-02,-4.506810658524792457e-01,-4.690778890290585035e-01,3.844927646880382799e-01,2.882006042313051131e-01,-2.466613982235302260e-02,-1.527242583403806524e-02,6.921824512080967384e-01,2.231398351777038602e-01,1.651381238558640163e-01,3.217605151596773013e-03,6.272256544971255288e-01,3.112084992976411058e-01,-5.983724640606255529e-02,8.589106982702572612e-02,4.384716967466759652e-01,4.235970212343210806e-01,3.136462722874556741e-01,-1.146937440655733109e-01,2.628367902531158484e-01,4.752923296072476475e-03,-5.159226814792681332e-02,1.722472437877635154e-01,1.024983058866156954e-01,-5.660335355795986095e-02,1.138439111944358345e-01,1.956985085752365738e-01,-1.033691337986724218e-01,-1.895550374237904845e-01,-3.872853068067912408e-01,-2.260130334173860445e-01,1.557125300702290327e-01,2.838850149533311829e-01,-3.398101928734876820e-01,-2.624814892365380792e-01,5.466668375411653374e-02,1.773152530870174617e-02,-6.461287742417813618e-02,2.898416901322233286e-01,5.319456148004292340e-02,2.915771231781830730e-01,2.356389307119850507e-01,1.980651858537321730e-02,5.405967626526719111e-02,-1.973317856278200555e-01,-4.824011857594852071e-01,-1.825374403607891993e-01,-4.948660356189176213e-01,4.381942532144914026e-02,-4.268237274502513778e-01,-3.744602846117583428e-01,1.187548463720384806e-01,-2.889860377920231219e-02,-2.109381027503297867e-01,-2.485362441027159919e-01,6.151043807581570155e-02,-1.273084675072789496e-01,-3.775646696095458221e-01,-7.857569902332087186e-02,-3.796617135319861891e-01,-3.072448765601696330e-01,2.242772314945543077e-01,1.327504225622341549e-01
-8.719869690995654676e-02,1.534477790561228072e-01,-1.262186355534279381e-01,5.740342969593308364e-01,-1.341294500564393088e-01,3.850494145359474318e-01,2.143496834125751746e-02,0.000000000000000000e+00,1.127951601070205229e-01,1.036702036899602719e-01,-6.485717051136835609e-02,5.440905376104341329e-01,2.857114460110635884e-02,7.132557812373991890e-01,1.357787009859126870e-01,3.064955886635630788e-01,-6.245374678660213681e-03,2.000486392366505328e-01,1.139261630750248167e-01,2.566308941438043001e-01,-2.531129674610178570e-01,-1.839100650205503784e-02,7.257242365433713704e-02,3.367681235901728853e-01,-8.587738687355336853e-02,1.358186752127132912e-01,2.459472622033096953e-02,-1.813942761793266301e-01,-4.055463826812805150e-02,2.480139499797531788e-01,4.201538923009668497e-02,1.831321936014795315e-01,2.445489906051315221e-02,2.970247915754288814e-01,-1.529457173430868733e-01,-2.908517279167423530e-01,-5.668880365238484487e-01,-4.545265973359552403e-01,-3.295044877303741071e-01,-2.374148853325517561e-01,-2.531991497736256758e-01,-2.127105486361325071e-01,-1.372573573111038892e-01,-1.035466226332375506e-01,-1.000062818388410962e-01,1.141505557888089495e-01,-2.606752882404231864e-01,-2.277889094284359373e-01,6.622102196550547215e-02,5.218446168739467560e-03,1.302916022828127240e-01,4.222739564764423081e-02,9.466943232546597142e-02,3.986803767071841510e-03,-1.669578013920320902e-01,-2.445478236220437473e-01,-4.465046282974254738e-02,6.954667519860706359e-02,-1.120383838682626615e-01,2.175131125473525606e-01,6.985673735138174523e-02,6.017484224638355306e-01,1.476454743118048030e-01,4.040270531982190771e-01,-1.626805585376423224e-01,4.143889472837552490e-01,-1.656799955697619842e-01,3.010215061506719691e-01,-1.071060344246226315e-01,-1.983241843531076409e-02,1.359979296096855139e-01,1.406365475262996712e-01,2.438833998933410269e-02,3.877516548331991220e-01,5.201110060720418038e-02,3.255300005789037443e-01,1.412202408165652741e-02,1.948074077276552019e-01,1.344532787960253939e-01,7.719681175403490803e-02,8.057843321193519648e-02,1.619555353867189462e-01,-4.319239876704469849e-02,-2.018118950344587881e-01,3.482863155946282208e-02,2.647001590461142695e-01,-1.092054922784279208e-01,-1.377184051206272186e-01,-1.161702657973867903e-01,-1.331612520247694720e-01,-1.670370205924977813e-01,-1.955758369168642263e-01,8.519485471865222148e-02,-1.011119312605891635e-01,-2.156126017695921271e-01,-1.270548780652450138e-01,-2.451021383000168141e-01,-1.896633721727523092e-01,-4.185069396946974191e-02,-2.791909676788527639e-01,4.345511979094412308e-02,-1.755090738549773544e-01,-1.096769375679260000e-01,-9.258205559771269522e-02,2.194505347368031975e-02,-3.041903738478036745e-01,-1.940855029829405554e-01,-6.719250660600552261e-02,-2.581660587504754356e-01,-1.400557779856173579e-01,-1.857320785769168703e-01,-2.918789717566214192e-01,-3.350011875590169080e-02,3.594341016358237190e-02,2.828497442618504651e-02,-2.187468085922812666e-01
-2.338588486276528197e-02,-7.072870622908264404e-02,-1.366764915630504229e-01,-1.784595491829662761e-01,2.501507397353965878e-01,2.875140697925936406e-01,2.085604849259577731e-01,1.127951601070205229e-01,0.000000000000000000e+00,1.212798316934302206e-01,1.779388839070358275e-01,-6.199274244809558319e-03,3.445048506558962553e-01,-3.766120571759606905e-02,3.662044363567941718e-01,1.897294430090212536e-01,-2.575088223992711214e-02,1.705637551940743235e-02,-2.764162260027193119e-01,-3.728072245862396050e-01,-9.000719702432112557e-02,-1.822443334223518563e-01,-1.496092900557848548e-01,-1.815043487397022259e-01,3.795744700515576303e-02,1.307023018514132384e-01,2.009224799319578869e-01,7.665530037333781292e-03,-1.010265976649745850e-01,-1.475200731225330131e-01,-2.996424977284155577e-01,-3.611901501985413931e-01,-1.812976632969714452e-01,-2.674105373316663647e-01,-1.096608878559112571e-01,-1.762941044623826947e-01,-8.071716868840010661e-02,-2.093983088649166713e-01,-1.959968688092420253e-01,-2.218199959277232236e-01,-1.176573824770424381e-01,-3.123879738670021222e-01,7.329038354199625752e-03,-1.436104268317252297e-01,9.274561886083089457e-02,-1.816927219735266913e-02,-3.533351133660253118e-03,-8.308293311817388505e-02,1.908115106906717318e-02,-1.095402203299451586e-02,-1.380183724103523947e-02,-7.968542772770014979e-03,7.025051551676306238e-02,-1.606578690315096924e-02,-5.584308586771533078e-02,-1.168746780336917257e-01,-3.799309385968456694e-03,-6.863359354763416686e-02,-1.609641172207557924e-01,2.867303937123483887e-02,2.277506663354703365e-01,1.294121619440827820e-01,7.277429614440117378e-02,8.188251127193661716e-02,2.881724085661798163e-01,2.430063673189600260e-01,4.085831065362413583e-02,-1.637084800820995736e-02,-4.173716562119061252e-02,7.844207766980410002e-02,9.227324298336465197e-03,-2.558673627328658662e-01,-2.989819107388404923e-02,-2.829362401820206471e-02,-4.425971282555414554e-02,-8.472974492436102789e-02,-5.794152827520381022e-02,-1.243505098266280973e-01,7.577918321642240773e-02,6.882057665382761147e-02,1.499619419951220556e-01,1.571025867583395463e-01,-1.514812998215228634e-01,-1.479591994777733621e-01,4.235174800357021097e-01,1.296500836472183893e-01,-1.526088713087573046e-01,-1.012285958013956072e-01,1.440622929752840009e-01,-1.338659818661252186e-02,6.934613395412625447e-03,6.370462181261044021e-02,1.237365644653442009e-01,1.163458554532637163e-01,-7.903610786641936115e-02,2.294171807359735721e-02,-1.849996667459672187e-02,-1.111492745201651811e-01,-6.006045477070775379e-02,-2.947848742664258698e-02,1.084991618837867905e-01,6.277058951031830314e-02,-3.587807277846865456e-02,-1.313085529938967377e-01,-6.349611006236491328e-02,-1.963585482459484499e-01,-1.250168644178694943e-01,-1.085931017868766446e-01,-1.080066520851463291e-01,6.068983451356825543e-02,1.461581023338036529e-02,-2.688988347485337868e-02,-9.941644720363017329e-02,-1.301298541217988936e-01,-1.438918983079958769e-03,-1.833659051394158912e-01
-1.034440610216298823e-01,-1.821442989179261618e-01,2.644222455400334071e-01,3.461047184675977162e-01,4.753136977019734588e-01,6.006684780223083830e-01,-2.034912937461858251e-01,1.036702036899602719e-01,1.212798316934302206e-01,0.000000000000000000e+00,-7.605601237808344572e-02,1.418679835839173342e-01,-1.616726530212931473e-02,6.034922512165354080e-02,4.716901713114279859e-01,6.390716838942333000e-01,8.493606687865232208e-02,2.107523007912068536e-01,-1.371284418303996555e-01,5.626852991801209458e-02,2.010841928241472454e-01,1.921190649317889021e-01,-1.017582053933643524e-02,2.054534936057570427e-01,2.461396283402828844e-01,2.617805700554905468e-01,6.483802190090116602e-01,2.219993696492231494e-01,-1.463475795815739151e-03,-3.036007471261310126e-02,-1.474171319022900828e-01,3.353992176850617568e-02,-3.011632952224335136e-01,-3.306882013452913660e-01,3.358526844389313204e-02,1.479742605780678399e-01,1.800057670481050309e-01,1.905560512779354843e-01,5.826746332341179585e-02,3.838906531755345575e-01,4.961685841512981920e-02,-2.382471730325396442e-01,-2.412313615703392533e-01,-2.418994363826186544e-02,6.688681783522838764e-03,-2.290424715651892262e-01,1.020984110421682411e-01,1.703759528668875312e-01,-2.829557561330316440e-01,-2.915857818233277832e-01,-5.642628953985959761e-01,-4.308570330500731127e-01,-5.156533122258579738e-01,-5.030603466883556418e-01,1.220519739877964777e-01,2.273412759062015676e-01,-1.400562731053914545e-01,3.406333582298719936e-02,5.858397709009472570e-02,1.633644696805356678e-01,-3.116121459557937290e-01,-6.768271682979268289e-02,1.307888739706057797e-03,-9.716592049366100381e-02,5.927657202750972326e-02,-1.339671458354402822e-01,5.033492882273777891e-01,2.827815065048022158e-01,-1.117221501827399127e-01,-1.160918250929535711e-01,-2.154508469646238267e-01,5.553027993451246230e-02,-3.151810031033586146e-01,-3.270732541544563721e-01,2.917475318350358157e-02,-7.948077491665568942e-03,5.196647268037513784e-02,2.817289645099003703e-01,-2.770147898900888750e-01,-1.293437612767312506e-01,-1.064746948413619748e-01,4.527782874077409397e-02,4.250695776997474584e-01,5.813598161335974401e-01,-2.259718104953289397e-01,-1.517639379170415137e-01,4.657241581462134850e-01,6.221911239854043263e-01,-4.746130170851285413e-01,2.532433477512037734e-01,-1.853816736737002591e-01,-3.145769324074005335e-01,-5.242959153913049342e-01,-4.036925703917418895e-01,-1.787376744817479324e-01,1.552666322099255924e-01,-3.562193736712771647e-02,3.971558929950703698e-01,2.653281497252338306e-01,3.221472091585844688e-01,3.523284868665289005e-01,5.114980292005746193e-02,5.580907688650486032e-01,6.263598816011175519e-01,-3.507683106647189186e-01,9.141674504309424409e-02,2.289848215393573971e-01,6.402002110006168589e-01,-1.600039737202730850e-01,2.055575194859835808e-01,4.667834205721406171e-01,1.242993327481919374e-01,6.178229928240056568e-01,3.335973763488470772e-02,-4.146277722093459350e-01,-4.693515424627801580e-01
6.051469731538979824e-01,2.825485701332232091e-01,8.154013602102382074e-02,-2.135274215678728549e-01,-1.469321672938290191e-01,-3.097309727017680814e-01,3.329461083349779527e-01,-6.485717051136835609e-02,1.779388839070358275e-01,-7.605601237808344572e-02,0.000000000000000000e+00,4.535981570083125747e-01,7.305367041349719592e-01,8.962067065061370130e-02,2.239075476672687248e-01,-1.068300231581551657e-01,5.381946329643293447e-01,2.326858885024189194e-01,1.516631849158170398e-01,2.563556190167117221e-01,-1.216317105842609214e-01,-1.939613475982753243e-01,-3.835137111866172843e-02,-1.190898841679345344e-01,-2.096267363955245655e-01,-3.886528357874823314e-01,-1.678284743284103875e-01,-4.081399531303888661e-01,3.898621002888626452e-01,9.302976707301627290e-02,-1.029630666331322192e-01,-2.085401553321818147e-01,1.746830332962767685e-01,2.398137077010508919e-02,1.181101132301720993e-02,-1.687636357479062044e-01,-8.705734594345149180e-02,-2.510175747279291825e-01,-8.209046297013951332e-02,-2.071674638669603608e-01,4.724841219481158705e-02,-1.110391060399487234e-01,-1.607680480697454284e-01,-1.915010110063656845e-01,-3.152284549814660108e-01,-1.827281121226764504e-01,-3.074518270007586818e-01,-4.556866139904786062e-01,-1.781046710879623518e-01,-1.505009574950345042e-01,-3.275551605026483931e-02,-9.697871553242527753e-02,-2.735196297936808713e-02,-5.563837250795206080e-02,3.590353980559112673e-02,-2.396199719549023111e-01,4.027508250565365877e-01,1.992870219621986350e-01,1.471594099387796006e-01,1.868893948622852297e-01,5.496260737695278786e-01,3.448935568066454627e-01,6.993102396695174416e-01,3.092997329546022245e-01,1.020427838239920670e-01,-1.087307990590571406e-02,-6.961960039381432687e-03,-1.181802742217624158e-01,1.824567885200064632e-01,1.233297208110189641e-01,4.736695097991427267e-02,-4.186103192008922003e-01,3.500079548427130760e-01,-1.996674284027103591e-02,1.533114654442697677e-01,8.784806306036548051e-02,2.479166922835555065e-01,1.668451921439233487e-01,3.237866390185475951e-01,2.732022213423719315e-01,4.561013960923419042e-01,1.782014759709944079e-02,1.017864924810763932e-01,-6.991342727956394165e-02,3.970127211024885305e-01,5.055418574085866756e-02,-1.005006432995260018e-01,-7.720462724372818830e-02,1.392600729986933072e-01,1.308776054788362599e-02,-2.369916124242906763e-01,-4.250692901074529240e-02,-2.552734095426334449e-01,-3.147255703730694049e-02,-1.786973320190942127e-01,-7.174033295224596651e-02,-2.916838590231232153e-01,-2.194177307437713553e-01,-1.086321333649940685e-01,-2.005088488516012790e-01,-1.058513463663133258e-01,1.014593014843893776e-01,-6.816453814633108288e-02,-4.278954321197516592e-02,-2.489752040296932534e-01,-1.219621989058082140e-01,-1.420106495784226493e-02,2.419476491652263958e-02,-4.086223020136062027e-03,-1.115446737028643054e-01,-1.548453323550626759e-01,-4.301033960594012329e-01,-5.521735256950406102e-03,-7.860385602556228812e-02,2.850551479121989432e-02,9.852178593469479440e-02
1.857782835329225835e-01,4.599432867608121978e-01,-2.135724726349555180e-01,1.432601759210933579e-01,-2.006143250274068368e-01,3.735663450600707619e-02,-8.673986529971274007e-02,5.440905376104341329e-01,-6.199274244809558319e-03,1.418679835839173342e-01,4.535981570083125747e-01,0.000000000000000000e+00,3.392073749923413817e-01,7.863427718637235886e-01,2.466510248632749758e-01,2.299876761197739150e-01,3.807981600583107973e-01,5.227997706004906542e-01,1.482170280951761177e-01,4.465336734089063730e-01,-1.832590610877331549e-01,-1.006838399311308641e-01,-1.452396023721143348e-01,2.133600791043170283e-02,-2.751443091176976607e-01,-2.069838920649640923e-01,2.149234435952885203e-03,-2.852390445895014448e-01,2.687219488569352333e-01,4.542731631242966639e-01,-6.108833166492280697e-02,4.576025079083406721e-02,-8.012618081513106505e-02,1.003149034253617705e-01,-2.361628744640515698e-01,-4.001225579727714088e-01,-5.092426972648039785e-01,-4.488869450327855892e-01,-3.415976417587986425e-01,-3.124149325252995046e-01,-1.509951553893043863e-01,-2.156747601509311496e-01,-1.499510947365510216e-01,-1.564564220540473269e-02,-6.628564411585856353e-02,2.189409376194969004e-01,-1.516041125668325384e-01,-2.103592025400204679e-01,1.223301315192100447e-01,1.240755293654588337e-01,1.311122485756402445e-01,4.785924964942309817e-02,1.307806207382793406e-01,-7.993842540314995138e-03,6.179188487653029110e-02,-6.909999659945295462e-03,1.534043455362596176e-01,3.032113629143136646e-01,1.587997531457817357e-01,4.046066573809861677e-01,2.091164499227190499e-01,6.605610200313670743e-01,6.227892353008723791e-01,7.494960031550043089e-01,-2.957519844286853328e-01,9.885492624851091592e-02,-1.683250154272548094e-01,1.708593049334457617e-02,2.830458535267103143e-02,-4.053692624226417490e-02,1.893613360156497574e-02,-3.751035723562693575e-02,1.165387803737760047e-01,2.807742504727754329e-01,1.333184014126180261e-01,2.705238891022570535e-01,1.366899542617081298e-01,2.584121826462620897e-01,2.460009496290595787e-01,2.780832186064022271e-01,3.783840814465101454e-01,3.324553618041154457e-01,7.397853279876583088e-02,-5.645817312147054928e-02,1.429789106132307586e-01,2.270537807295833210e-01,-1.088123496176244126e-01,-7.210563710963534267e-02,-5.149583814496665191e-02,-6.379410239822864981e-02,-3.056230122706712904e-01,-3.469774366167615032e-01,-2.319479761730805778e-01,-3.198939200822068507e-01,-2.751798847381242141e-01,-1.276299147983058491e-01,-3.999756473892956410e-01,-2.108932599309945588e-01,-5.211456759943476624e-02,-2.439344527247361560e-01,8.313485548519165824e-02,-1.771246895480391159e-01,-3.718250168588366992e-03,6.181979718054817635e-02,-2.576956622936812935e-01,-3.659927620525602610e-01,-7.325220733736208245e-02,9.697096720069357800e-02,-2.365747456068982291e-01,-1.746080469946246772e-01,-2.427044411182516515e-01,-4.360530783868235005e-01,1.524041365412800719e-01,1.039679748697788370e-01,-7.626542504417450907e-02,-1.890759013738774197e-01
3.381796137436611782e-01,2.641666642704688928e-02,1.488869428510011250e-01,-1.321725483565731607e-01,3.999401075742708284e-02,-1.925920230401758360e-01,4.157549367973292775e-01,2.857114460110635884e-02,3.445048506558962553e-01,-1.616726530212931473e-02,7.305367041349719592e-01,3.392073749923413817e-01,0.000000000000000000e+00,1.488423908461729284e-01,3.870521263554687619e-01,4.297649758168713315e-03,3.509326165444622281e-01,1.653776199694916293e-01,3.983158382836379102e-02,4.567621304900960216e-02,-5.346340034752422588e-02,-1.965859841131393365e-02,2.019338528538960620e-01,1.129560920579877753e-01,6.209049045401397737e-02,-8.891462458902463228e-02,-8.087076594193911422e-03,-3.107899715854115508e-01,2.157972791045780214e-01,4.667554118699827198e-02,-5.518534665925042826e-03,-7.559624566853398453e-03,4.088598703245741733e-02,-1.128306519355479903e-01,1.411766984686788073e-01,-1.300545385937779408e-01,-3.803405040008719235e-02,-1.915791187634351134e-01,-1.365278083851077795e-01,-1.212981643243440932e-01,8.837443231559458101e-02,-1.388585870598043615e-01,-7.580962365120545721e-02,-1.850419816424756503e-01,-1.646604996307695912e-01,-1.994814185332180190e-01,-2.463995467923413285e-01,-3.367591337451834588e-01,-1.043461020599770750e-01,-1.628986320021719170e-01,-1.624501731042993918e-02,-1.029361521923932987e-01,-3.661471360922641943e-02,-2.271196080054650387e-02,-1.586881898321629986e-02,-2.878432853509322320e-01,1.657301624865976375e-01,-2.459328892735089880e-02,3.252331564142835196e-02,-7.136282615468204915e-02,4.715590377871974326e-01,1.097794052944994353e-01,4.540377980096746424e-01,1.550425769956952360e-01,3.654510485693139299e-01,-1.767930448070400076e-02,1.336320165802512006e-01,-1.286576389877163995e-01,1.087137101025905522e-02,-8.988253614422300752e-02,3.340429590235356044e-03,-1.708113095546787696e-01,2.235407612696359847e-01,-5.095828811595113500e-02,-1.437373831263570254e-02,1.646263605214017336e-02,2.430008690384824477e-01,1.334008147466938521e-01,1.709331083355843384e-01,3.500295459001351861e-01,3.027616920226583463e-01,1.181832290333697799e-01,6.494970662904465952e-02,-5.037030168945793446e-02,4.403473838875480162e-01,1.656426661128369560e-01,-9.463392476021453836e-02,1.042781239391012832e-02,8.810073294811414379e-02,1.235318444046424047e-01,-2.909216733763059226e-01,7.640635104661012977e-02,-2.068719676730067791e-01,1.119103911137952767e-01,-1.360481153329770876e-01,-7.708985487006218829e-02,-2.285005572648734773e-01,-1.623336736079298015e-01,-7.438004487890464977e-02,-1.357791111837468867e-01,-1.553958333173659501e-01,2.324347377046983298e-01,-9.556817243934165318e-02,-1.359192995326237441e-02,-2.707224758166123513e-01,-8.013815043733624188e-02,-2.028128187622116607e-01,3.759579689926342838e-02,-1.362966802800201771e-01,1.358242199896388981e-02,6.796467706969057561e-03,-2.388005410480292523e-01,2.320761909216139188e-03,8.340429048890337857e-03,1.443117949054505134e-01,-6.818528806537856035e-02
