0.000000000000000000e+00,7.735602179770056930e-02,5.073937092920340897e-01,4.710072170605013597e-01,-1.981952688001329399e-01,-5.261960347828862489e-02,6.088352982308721240e-01,5.298994329346987664e-01,-8.432413098446286948e-02,-3.146306993974070099e-01,4.622521806453729898e-01,1.446081740805951477e-01,2.270252986880327006e-01,2.859486682469176144e-01,6.227831071336856900e-02,-3.673203045764210639e-01,4.117621737307393670e-01,3.576684522424269930e-02,2.170748041616243351e-01,2.273097256804641197e-01,-2.795467768852863411e-01,-1.713263987853380632e-01,5.072309685799893941e-01,4.518925783868734114e-01,-1.129178114859450272e-01,-2.188905699836715124e-01,-2.188798282250997707e-01,-4.500740847020845425e-02,1.099860621177636832e-01,7.109194954665921939e-02,-9.290826277646314912e-02,6.132731358282120931e-02,3.684399766744972382e-01,3.135473412046120845e-01,1.622427839456714593e-01,2.115167170064061741e-01,-2.343297365125133688e-02,1.456849318585508313e-01,-1.057854633477327000e-01,-1.668559031507268475e-01,2.816443962713205407e-02,-1.180566784442762807e-01,3.425259904731690619e-01,1.716805565676742251e-01,-4.259181322427908756e-02,6.667720984236451265e-02,3.543311341037031492e-01,4.039659774643939438e-01,-1.589061572342534076e-02,-9.686034030914666970e-02,2.870405193002469324e-01,-1.469151347298043066e-02,3.054425446370551689e-01,2.809668797483809710e-01,-1.052767889390878453e-01,8.074376979902463114e-02,2.234137611140238067e-01,-4.604805216967861742e-02,2.530401087529131066e-01,-1.049000308245380021e-02,4.133860907250412886e-01,-1.077796771860511926e-02,4.579119398920079853e-02,-1.594364000062787057e-01,2.876612856083243241e-01,2.578022156922243555e-02,2.511290441900599357e-01,1.249608999567470291e-01,3.916877543964812913e-01,1.872480194458002456e-01,-1.475407257204414957e-01,2.137709138423073488e-02,-5.053780673800631514e-03,9.495621235646690972e-02,-3.221158562792989649e-02,1.239885748575024205e-01,1.328232378214106169e-01,2.224193498896702703e-01,-1.843051668111593822e-01,-6.809631720520589737e-02,3.057714972900711925e-01,1.024107631335661600e-01,4.904735226160106265e-02,-2.269671004358815303e-01,5.614006167744606257e-02,-1.194765321853364787e-01,-4.070464759890259909e-01,-3.884417111582737503e-01,1.115509955359258870e-01,-8.417454793812077785e-02,-2.039868212235984579e-01,1.412311275292019441e-01,-8.655407962986892689e-02,-1.036844332265039574e-02,-1.280023249492076021e-01,-2.363975493694515650e-01,-6.550891399705408014e-02,-2.178237049282623627e-01,-2.387057005945766863e-01,-4.022085116374714969e-02,-2.494462279483680989e-01,-5.097433678386229516e-01,-2.659095350819334902e-01,-4.351731351402043368e-01,-2.481357575805947027e-02,-2.239055221663449335e-01,-2.282111689645256736e-01,-3.349144482071538809e-01,-4.806155327285176887e-02,8.131311273662870931e-02,1.196444812015363263e-01,8.317367032148652306e-02,2.787576668477150243e-01,1.078320096888681634e-01,2.908321223263007349e-01,-3.118610713786951899e-02
7.735602179770056930e-02,0.000000000000000000e+00,3.359306134768483970e-02,1.379211621159203982e-01,3.234836604503386615e-01,2.675051705200288676e-01,1.999492870663799882e-01,2.734133197640388133e-02,4.391826512141758232e-01,1.983408976129259760e-01,3.876208150774846928e-01,3.822676355851466479e-01,3.276172234429586272e-01,2.648019028090888294e-01,4.555602015771091917e-01,3.443842700072610175e-01,1.026577362179556530e-01,3.834742106298804076e-01,5.195530106710052332e-01,4.276880624420833499e-01,1.235612054068093019e-01,1.499735134857302365e-01,-1.593406222578200651e-02,9.857589558418154707e-02,2.419230844454982043e-01,2.343890124617873938e-01,1.265545538802032299e-01,1.393618998344117454e-01,3.715029036877522395e-01,4.134601261712546605e-01,4.790332662883546866e-01,3.772630451094420301e-01,2.917341536827101622e-01,3.153538156084735866e-01,-9.241862526145196155e-02,-6.689420346903235393e-02,-3.052644189202807778e-01,-1.694974778100952761e-01,-3.344812313990072616e-01,-3.258837720770403901e-01,2.462797518784864623e-02,-8.984727768974622164e-02,3.084702563253548593e-02,2.149797182809012885e-01,-4.141443875226309967e-01,-2.370007407578021141e-01,-2.391294300316924304e-01,-1.571249900047748116e-01,-3.247832979690067345e-01,-2.576452141791534811e-01,-2.804861444440037710e-01,-2.315675079276057202e-01,-2.112981517743530158e-01,-1.628753633603308992e-01,-3.300887771184108921e-01,-2.308827076147533797e-01,5.237548523333617201e-01,8.209308040157323738e-01,1.927238983894175306e-01,2.730369775752127803e-01,2.727487681933359331e-01,3.087896650071892402e-01,3.948607056318687025e-01,4.459392097625669571e-01,-2.202690948424693151e-01,-2.653245085672644721e-01,-1.946518721032520494e-01,-1.202290415860742256e-01,3.081425049842427266e-01,2.563985128067072239e-01,1.602891247865246838e-01,3.351472598788382551e-01,3.569200110992498121e-01,3.116886263895902731e-01,2.740215380811142354e-01,4.548229632228061869e-01,7.939626062333908496e-02,1.889871977315205620e-01,-1.870419024361070007e-02,2.220764281716192390e-01,-2.466002676407691788e-02,8.925867349250864169e-02,8.671998888820268980e-02,-1.072236311886962806e-01,-1.117988569741189264e-01,-2.422285763505209188e-01,-1.722865708341779212e-01,-1.724098230436872381e-01,-4.901619669887824493e-01,-2.673256580578135533e-01,1.977334501831790603e-01,7.368259273328868486e-03,4.144921295760665148e-01,1.592095285836413535e-02,-5.799415041490202372e-03,6.573500773448667442e-03,3.278509526278658437e-02,1.309439573111284838e-01,2.847411359738871717e-01,2.981805443853255966e-01,1.660744425187252737e-01,7.532759270650195293e-02,-1.571611980874702275e-01,5.503505897378967691e-03,-1.591424803432267832e-01,-1.369043000237370189e-01,-6.932447496382267149e-02,-5.445907968816401934e-02,7.604112693353372310e-02,1.397224752330617770e-01,-2.699397202358336245e-02,-5.961027798257631516e-02,-1.292951652397988059e-02,-7.829334192991661834e-02,-9.132005089851914781e-02,1.519580466229649221e-02
5.073937092920340897e-01,3.359306134768483970e-02,0.000000000000000000e+00,3.057641865493869182e-01,-7.015508961608868388e-02,-2.944375411403022946e-01,6.954409639058147796e-01,3.149097285278799618e-01,-1.152654458802575693e-01,-4.629315126877311393e-01,3.625367532905692247e-01,-6.131927799952018032e-02,5.051790497418897630e-01,1.525937354678070235e-01,2.276258402561933958e-01,-4.262364012570490357e-01,2.398027050817471417e-01,1.512323598444431649e-01,3.969843416497974009e-01,1.469711303893730669e-01,-3.674850179404114958e-01,-4.944171029858304145e-01,7.673379798708993560e-01,4.909149506333193580e-01,-3.501294405839990714e-02,-2.453333850461133503e-01,-2.048084620693714497e-01,-2.381599083906964232e-01,2.234196070288638203e-01,7.408663889621246168e-02,-7.525192298131196111e-02,1.457346685078013404e-01,4.513175739758996108e-01,2.819093879278500303e-01,3.557489324797489805e-01,3.166207602688368428e-01,-1.409616320551810020e-01,9.169869881332612382e-02,-1.456478967637310218e-01,-1.379230733962534261e-01,-2.779896738795952643e-02,-1.525991024103718896e-01,2.905006779642910208e-01,3.224630975146756673e-01,-3.511802833683323050e-02,6.551374624019556947e-02,2.508219750169482509e-01,3.420849411664213524e-01,-1.384968602881410660e-01,-1.608270740851218961e-01,6.610731461608448933e-02,-1.115145616273366114e-01,6.890580280491993836e-02,1.520110865678883372e-01,-1.944410284104002851e-01,1.169830101527514626e-01,2.883585000614853899e-01,-9.098605781415378124e-02,-4.043205202852933472e-02,-3.155524155173999867e-01,2.013885544564763264e-01,-1.798788866559411503e-01,1.612558260100258878e-01,-2.201143237529042396e-01,6.079326024705175024e-01,1.483062621037767037e-01,3.761433781716057023e-01,1.584727124867836567e-01,4.144973758588209600e-01,1.501219671867728700e-01,-1.492060647366398041e-01,4.747087807480229044e-02,3.058200554032324270e-01,8.490803809544879288e-02,-1.485465330700483921e-01,1.758740651460215243e-02,1.025866697078411521e-01,1.861289524519753047e-01,8.077176313839887212e-02,-4.701351543205595836e-04,1.711861604547459670e-01,1.572360085023484511e-01,-8.770570595767170075e-02,-2.961098717921629153e-01,1.590051479548550140e-01,-1.630116737053537808e-03,-3.061166967141659701e-01,-1.719758375499910730e-01,-4.207183828674277565e-02,1.400870260763689180e-02,-4.611686327824500720e-01,1.503972010133261539e-01,-2.264944896462671442e-01,9.483898851361545479e-02,-4.025320407935355504e-01,-2.969853240577849385e-01,-8.030714271103628343e-02,-1.146654447006563021e-01,-2.641644668045796118e-01,6.799900410653618443e-02,-4.621649691263700621e-01,-1.056218989647527556e-01,-2.846354166365072658e-01,-2.713918881299970387e-01,1.455803257595347788e-01,2.300389146460611947e-02,3.189216261309780337e-02,-2.908745963966775649e-01,-1.655941917690002263e-01,-6.030600737348132401e-02,1.277339123086405070e-01,1.453924084045850329e-01,1.078656377334775984e-01,5.372363353748682568e-02,2.952116517288493336e-01,1.843758789990150027e-01
4.710072170605013597e-01,1.379211621159203982e-01,3.057641865493869182e-01,0.000000000000000000e+00,-2.210449101753785006e-01,2.394982146635883657e-01,4.389771166998780449e-01,8.493523871702336470e-01,-2.435021894939370657e-01,-3.520438240496108206e-01,3.575967504076580927e-01,4.483570559707767966e-01,9.226188469772424183e-02,4.939755096832176284e-01,2.130266444099297718e-02,-3.086205717779446078e-01,3.032945979901882083e-01,2.811774487328862482e-01,4.259662768107619346e-01,5.438015587670185225e-01,-1.524802420886632037e-01,-1.231373803704260972e-01,3.857827035642512059e-01,5.422061032554700288e-01,-1.241301305222829443e-01,-8.927903966041575434e-02,-1.228896029003893886e-01,-1.524105027861531181e-01,1.975139027115740686e-01,4.875320535648187681e-01,6.743800451258583073e-02,3.320543396603518604e-01,5.977264264031438845e-01,6.303957238463901991e-01,2.737780415575348791e-01,4.051668058889177360e-01,-1.620657455189667695e-01,2.058123905786671259e-02,-3.151646265495066102e-01,-3.624324102289405158e-01,9.407184720661873611e-02,3.899794233376396163e-02,2.361261336984398773e-01,8.663788777391666363e-02,-2.263110689902705641e-01,8.456067373515473162e-02,4.605139421205712430e-02,1.797818292436259846e-01,-3.848750357967592461e-01,-3.848408979858602974e-01,-7.959602671577614696e-02,-3.286169857990017262e-01,2.196510452533728618e-05,1.148570162647773313e-01,-4.206388092755439789e-01,-3.448865081033734570e-01,1.657490554117881931e-01,-9.563821324273986957e-02,2.113869887106755996e-01,-7.567349862677585914e-02,2.604069011006245327e-01,3.313942460927537526e-01,3.326362262654008473e-01,2.571505741190763805e-01,1.129915028166398050e-01,4.250017035921822561e-01,4.681080797824935802e-01,4.890600570132627167e-01,4.865898741348342882e-01,4.301505554606452897e-01,9.039765171567847035e-02,4.659868216520791917e-02,1.964207940165506316e-01,4.190821323377452723e-01,2.495991649639872634e-01,2.205858819644441193e-01,1.718194675685718598e-01,2.530591593453499488e-01,-1.396782041651093986e-01,-7.169247441697160737e-03,4.637966467673808602e-01,3.791599041825907124e-01,4.926051674391037499e-02,-5.112960151296768174e-01,1.995188614574745500e-01,2.595003302412037804e-01,-6.152883303823931671e-01,-6.092727637584719469e-01,-3.108375189295991547e-01,-2.328841820023789810e-01,8.826409327904449764e-02,1.814276707600957425e-02,7.088864753596088586e-02,-9.103329738774156021e-02,-1.930189971345693811e-01,-1.778545848915861760e-01,-1.151148199122972726e-02,-3.288129571187021205e-01,-2.552789674647594209e-01,-2.701902244648943796e-01,-6.357215122167370058e-02,-5.017284263159950131e-01,-3.758044060257754171e-01,-4.779233936121535242e-01,3.118353870820030592e-03,-2.378260480950351030e-01,-1.818731627157551267e-01,-4.029272245389434737e-01,2.332008865624399796e-01,1.581666117897316259e-01,-5.082250028252213725e-02,9.667594689852863910e-02,2.888865161063784437e-01,-1.115537000079775409e-01,2.478020106005950907e-01,3.334869837152100447e-02
-1.981952688001329399e-01,3.234836604503386615e-01,-7.015508961608868388e-02,-2.210449101753785006e-01,0.000000000000000000e+00,5.133156534184842856e-01,-1.832030154313082360e-01,-3.578625836569965801e-01,8.449004284785233132e-01,7.151579004455057564e-01,-1.004305144983941994e-01,1.465316946439818545e-02,3.421773029892628132e-02,-7.908590826643970007e-02,4.162258566832859885e-01,5.005344753644648259e-01,-1.153288240946101911e-01,1.462437465514751511e-01,2.177384596528681160e-01,1.330519591712766569e-01,2.550279983295258290e-01,1.492548954517651238e-01,-3.493321584402189588e-03,2.084261961119769913e-01,8.640683693961246359e-01,7.487676475902309559e-01,6.784180545559724829e-01,3.986996882401006581e-01,4.150375760622229682e-01,2.593929780991060530e-01,6.365202631449236037e-01,3.860923929408564548e-01,8.502182505162564352e-02,-1.483461199522175152e-02,-9.803046705210448353e-02,-1.595059724693911607e-01,-1.637737977472795703e-01,-1.236784850418520959e-01,2.411163592041676851e-01,1.923154087494364367e-02,1.381859562997211355e-01,1.220300015240160935e-01,-3.464027581704250403e-01,-1.276709674797072425e-01,4.075070524219824575e-02,-3.248552862114664763e-02,-5.201715593279707672e-01,-4.789917623797158019e-01,-3.784782676782233457e-02,7.793715658961054837e-02,-4.180161431846375897e-01,-1.658651090066957656e-01,-5.788353483726444981e-01,-5.968486584231542658e-01,-1.339148616930542768e-01,-9.721371925252042523e-02,8.631716347540183132e-02,1.792542024993759864e-01,-3.482743355925925210e-01,-2.448598747363307793e-01,-2.199229535088585152e-01,-1.286447863165171013e-01,1.214319123581736465e-01,1.715266493330682429e-01,-7.951527215885507982e-02,-1.927652464572724156e-01,-2.074743912020728387e-01,-1.855194690870488605e-01,-2.689715227720258506e-01,-2.024577722952443648e-01,2.203041984203572279e-01,1.026392708618168725e-01,2.960799566366830171e-01,9.398387818893252921e-02,-1.464594232751544878e-01,-1.900736870152653357e-01,-1.989650303109898599e-01,-8.058593604868881377e-02,3.800808405981182525e-01,-3.970049981247614213e-02,-1.300422149231593438e-01,-1.127455353481228162e-01,5.750017216693511374e-02,2.517098444298245252e-01,-1.852158737015945356e-01,-2.434085410480035516e-01,4.300884765379193175e-01,4.221022467799165900e-01,-3.323349579800943809e-01,-3.141566434834069388e-01,-1.563606646886139817e-01,-3.475399340464122577e-01,1.302681029677075775e-01,-2.363804281488301184e-01,8.686159574197718780e-02,1.610092832361895432e-01,1.507259389932215921e-01,3.021853223758749762e-01,2.052387518643724873e-01,1.210016677847976230e-01,1.729157559205909134e-01,1.944303639950695217e-01,3.424489648659575503e-01,4.170447108719583240e-01,-1.192093155402632575e-02,-1.005470161669825002e-01,2.172004488118053911e-01,4.305739922547573428e-01,-2.165579946030663904e-03,3.849708686808770569e-02,-6.015212132267449413e-02,-2.814787805784931263e-01,-6.082541275075847853e-01,-2.742799813861399594e-01,-4.201618275679416814e-01,7.204225448996569303e-02
-5.261960347828862489e-02,2.675051705200288676e-01,-2.944375411403022946e-01,2.394982146635883657e-01,5.133156534184842856e-01,0.000000000000000000e+00,-1.279643758002235732e-01,1.461741860202154519e-01,4.007982767631595444e-01,5.271951965869560164e-01,3.701083102452600027e-02,2.710503784160308016e-01,-6.027787444619380625e-02,2.418855547931738348e-01,2.908559707251675008e-01,3.069649723869328217e-01,-1.995666893524146723e-01,-3.443425048089893831e-02,4.632193058223660342e-02,7.752729526388649206e-02,2.450410831589393268e-01,3.661224454803399531e-01,5.624796097953143476e-02,2.517070813745546087e-01,5.852358686923346820e-01,7.837816327317758125e-01,5.330205538193865111e-01,2.704901799272814711e-01,2.989022119513322709e-02,3.719296575229009139e-01,4.272508765585040780e-01,1.999453222965892063e-01,2.375425576844392428e-01,2.607125970420893224e-01,1.691771424625391484e-01,2.139664594634263228e-01,1.127107074341950343e-01,4.724744149236412283e-02,1.025126545526695854e-01,-2.226685385558175301e-01,3.681039952557751960e-01,1.608068216895464919e-01,-3.973268659153793986e-02,-2.142724227421757485e-02,-1.103419554213697432e-02,4.772378785855405092e-02,-2.190322924400112392e-01,-2.223238154567868385e-01,-2.441815434537097929e-01,-2.360096756095245163e-01,-1.700859858730643104e-01,-2.379715604482341429e-01,-1.502035568000921195e-01,-1.376120156701522712e-01,-3.097391273313117033e-01,-3.313055009776483817e-01,-4.506585512965322581e-03,2.053335396770807619e-01,1.289738262377834455e-01,1.098875749425467785e-01,1.513216228399165142e-01,2.438413613006418512e-01,-5.317394707743518939e-02,1.889392913735485346e-01,-1.211342589754721560e-01,-3.225688135945432855e-02,9.494668628251584641e-02,1.465062435772358784e-01,-4.191192608458695068e-02,7.056744692153539555e-03,4.113505746328131041e-01,1.545548984009403604e-01,-3.251922014786028103e-02,1.339916926065246594e-01,2.250229214084495111e-01,1.265048484339455215e-01,1.341570507339213403e-01,1.758233341549598205e-01,-1.225831877934345365e-01,1.136890682713969508e-01,4.412230864975514449e-02,-2.433352922028426957e-02,1.579970648095272712e-01,-2.479447477593737514e-01,2.582711599417348083e-02,-6.711431477067127116e-02,-1.113379860110355057e-01,-1.886554921127826245e-01,-2.426429419664402065e-01,-3.408684344008753864e-01,2.968927782155809103e-01,-1.304952736672382041e-01,4.176105814943448236e-01,-2.272210692904999638e-03,9.185581384825843021e-02,9.215258541541873627e-02,8.640844396255856208e-02,-3.748285311441909573e-02,-1.045699418753406329e-01,-2.349536519006454605e-01,2.085587511312161912e-01,-2.149139732335774433e-01,-1.308553876833516982e-01,-1.651084715011713611e-01,-2.497694886960499516e-01,-3.290083226939883310e-01,-1.342928180513264791e-01,-3.378370528693087904e-02,3.573518185284003112e-01,2.507442114449262016e-01,-1.415151863877288363e-01,-1.306674269862665716e-01,-6.894317789209081226e-02,-3.005834189677526469e-01,-1.925735382654882866e-01,-2.573508022649652061e-01
6.088352982308721240e-01,1.999492870663799882e-01,6.954409639058147796e-01,4.389771166998780449e-01,-1.832030154313082360e-01,-1.279643758002235732e-01,0.000000000000000000e+00,5.472555924879096700e-01,-5.129667436280979653e-02,-3.570811728429162946e-01,7.862528363119334340e-01,3.873818214206500854e-01,7.317879776586178053e-01,4.837756434601952482e-01,3.471770589671587803e-01,-1.586002878518285031e-01,7.639464647130428387e-02,5.242182494243991658e-02,4.019279599536473291e-01,2.307302307849916634e-01,-1.502491470980726607e-01,-1.807353490149636033e-01,6.954367639535843360e-01,4.926338171917131192e-01,-2.292411318945682119e-01,-3.168747184307951770e-01,-2.251468958019282041e-01,-2.854516920470694386e-01,1.156211049777073063e-01,2.530184893847732264e-01,4.810077079846063197e-02,2.565414937793484285e-01,3.570994320095786656e-01,3.315655762975729393e-01,2.597907245190342884e-01,2.703000349315143880e-01,-9.522220233520609090e-02,3.938444902978040923e-02,-2.120570856391180703e-01,-4.142168050646732880e-01,3.649397113510351176e-02,-1.034675054167614738e-01,3.275414933210215596e-01,3.428422712318004995e-01,-2.740469016610486142e-01,-9.661127099989939848e-02,2.196986653313578175e-01,4.302271327713620974e-01,-3.244094708816123718e-01,-3.362777181973853335e-01,9.968705242032570302e-02,-2.047777764464848993e-01,2.959885056740041431e-01,2.927993974290400425e-01,-2.867931164265763999e-01,-8.183334912664631811e-03,3.605252405831153601e-03,2.469733305364312306e-02,2.779411586742314144e-01,-4.895550163134971405e-02,5.524341889397287320e-01,1.456281419366820540e-01,2.015540714419568613e-01,-5.034719130113626817e-02,3.853251422950795813e-01,-6.328359459283734723e-02,1.571787904743037201e-01,1.194488209543141666e-02,4.141570891926271147e-01,2.009460036670615013e-01,5.415859551831175844e-02,2.676965643284072716e-01,2.563418303776729967e-01,2.668877467162532047e-01,4.385488293608223731e-02,3.182937940216234440e-01,3.388468560498583138e-01,3.641834434321211122e-01,-2.771900836510830524e-01,9.981166794322474112e-02,7.797870571866626077e-02,1.947771638715994347e-01,7.038919129525711416e-02,-3.896330601796395565e-01,1.723016796855035004e-01,-2.007585023237248509e-02,-5.480130630873630837e-01,-5.199402965899747597e-01,-7.768884463350962666e-02,1.768972624961366868e-01,-1.092957189906461901e-01,4.270810208115422557e-01,1.986541969426838528e-01,3.944881214394684865e-01,-3.005073705945950913e-01,-2.833023220605913051e-01,-1.818222964611771741e-01,-2.565507043319019687e-01,-1.029109278908708763e-01,2.762371203089825089e-01,-2.099468527617599223e-01,-1.136303445111383759e-01,-4.565322053452244844e-01,-4.683641149232883327e-01,-3.082241210039259743e-02,-8.806734760537374140e-02,-1.828158391885260636e-01,-3.554612120601928771e-01,-3.920294996552826927e-02,-2.653761196936126054e-02,1.808820027487828249e-03,2.107976315428497505e-01,3.368286582828431963e-01,1.566414749526752193e-01,3.519000080792203389e-01,-6.301565955243533523e-02
5.298994329346987664e-01,2.734133197640388133e-02,3.149097285278799618e-01,8.493523871702336470e-01,-3.578625836569965801e-01,1.461741860202154519e-01,5.472555924879096700e-01,0.000000000000000000e+00,-2.941401568570403136e-01,-3.733674968402769245e-01,5.370534942222734420e-01,5.478787813784625760e-01,2.218699536916946824e-01,5.651445676033115539e-01,3.362531178676235466e-02,-3.098074708118525589e-01,1.932795375552595341e-01,1.415957437333981994e-01,2.559594320837858539e-01,3.103714949927903199e-01,-1.658437426274016746e-01,-1.662481052894437539e-01,4.024455262610212580e-01,5.397770462776297906e-01,-3.256935148419609072e-01,-2.522503321568330681e-01,-2.494637330258102359e-01,-2.937814048717360960e-01,7.351730662551068940e-02,4.049814371650197753e-01,-1.944654425672225073e-02,2.216670328360694775e-01,4.946390777405431094e-01,5.654500522366840976e-01,2.506960171118362002e-01,3.742683100362243498e-01,-8.654574059655700813e-02,5.514673751293693374e-03,-3.066729470280346037e-01,-4.154848431511504181e-01,-1.001499975786390717e-02,-1.050211854892917941e-02,3.363152526803006581e-01,1.961014337508922845e-01,-9.341954513630605639e-02,1.865483859540099931e-01,1.765691305524346721e-01,3.246338987720457925e-01,-2.972048441238047678e-01,-3.452951052788548192e-01,1.034612403769982342e-01,-2.158693867937696020e-01,2.291121304614055221e-01,2.470351750296822246e-01,-3.009113102528928052e-01,-2.791914063464133733e-01,1.884503898841395240e-03,-1.156356148488340563e-01,3.736239961558495692e-01,7.295165260329437851e-02,4.767788363634021809e-01,4.259638491932770110e-01,2.920242122707448207e-01,2.136146918229266112e-01,1.067305859343269658e-01,3.594217008331455632e-01,4.217120620177632895e-01,4.753079819035758713e-01,4.380704277105406108e-01,3.361782520888256798e-01,1.109023202845933198e-01,1.347935259747006786e-01,1.149998803477468856e-01,4.017059111621328338e-01,1.908788170701019582e-01,3.253632339307229171e-01,2.766707719238880592e-01,3.095275360915018537e-01,-2.211944366497063108e-01,-6.397960281335736410e-02,3.469680155351382300e-01,2.351129900166593067e-01,9.783494970237424648e-02,-5.597685276244238617e-01,2.118479190477598473e-01,1.707047584642349125e-01,-6.655628548884392481e-01,-7.131661062875738200e-01,-1.727847372605287035e-01,-7.919942482537245532e-02,1.253519158379554077e-01,1.252538702970178719e-01,1.121052786040039329e-01,7.247832358178223078e-02,-2.256554595037521815e-01,-2.438712298008628987e-01,-1.451292888861339392e-01,-4.571307953011087277e-01,-2.599153597056009790e-01,-2.307677001594324595e-01,-1.374685543454857994e-01,-5.352849756981864493e-01,-4.344797713781322068e-01,-5.911423741523917919e-01,-4.661443219356236484e-02,-2.879974968814863479e-01,-2.450335770860618267e-01,-4.968614262051714858e-01,9.561229084003103340e-02,5.839761613519996175e-02,-8.533053623524144982e-02,1.035143869684347490e-01,4.001281144084106733e-01,-5.552032924225712429e-02,2.592751092758112663e-01,-1.029612531341177195e-01
-8.432413098446286948e-02,4.391826512141758232e-01,-1.152654458802575693e-01,-2.435021894939370657e-01,8.449004284785233132e-01,4.007982767631595444e-01,-5.129667436280979653e-02,-2.941401568570403136e-01,0.000000000000000000e+00,7.144816672296750992e-01,1.322553561559316471e-01,1.702585034338814085e-01,2.304949726458287163e-01,8.535285171827035333e-02,6.089263648529985584e-01,6.476700673342978831e-01,-1.217890134111753037e-01,-3.389886295230032636e-03,2.598188234964726173e-01,2.083323563272411472e-01,4.387067561039674768e-01,3.180582608507095399e-01,-3.253096305832869906e-02,2.007199398032327442e-01,6.898930700619146927e-01,5.431538851741338769e-01,5.229727943490719566e-01,2.791032773368511410e-01,3.616085596600094321e-01,3.499512583583015979e-01,6.651248328230842111e-01,4.313767523230676582e-01,1.628656732281822880e-02,3.136622110174520917e-02,-1.102234972967699733e-01,-1.969489677619793988e-01,-9.175531351437390959e-02,-9.193271667164157335e-02,4.962391657820125479e-02,-9.104499461727488807e-02,1.262338995673500108e-01,1.050921824696837981e-01,-3.477324572646734446e-01,-9.254549878185558409e-02,-1.220732259746630868e-02,-3.468950520278860777e-02,-4.410073275729193831e-01,-3.768618596143690769e-01,-5.252548898207053812e-02,-1.776886930606721635e-02,-2.858123268418992224e-01,-2.035963924374275535e-01,-3.891704952047543298e-01,-4.785962107210345318e-01,-1.178026290173068008e-01,-1.022089182606298052e-01,5.148435752631741469e-02,3.389160201389541105e-01,-1.019927414319495712e-01,-7.816696708717808806e-02,-5.115884949611881893e-02,4.469276542582762031e-03,1.731827330977009916e-01,2.492161285284640038e-01,-8.648446645904910024e-02,-3.735783096717019136e-01,-3.390615303198404873e-01,-2.862157755934434111e-01,-1.614385685971578555e-01,-1.272014968680374447e-01,3.889525009339872552e-01,3.183827720770867620e-01,2.479401850986043265e-01,1.548615954302771380e-01,9.799950501775202272e-02,7.819560249550368269e-02,-5.694952315966108833e-03,1.552767355860412146e-01,1.397651931697542482e-01,5.446373347077622384e-02,-8.120560431792447909e-02,-3.886136341672942474e-02,3.126891651315287790e-01,3.107487046897509098e-01,-8.418045954506027384e-02,-2.648377186932228122e-01,3.467081363973376074e-01,2.807183760063482469e-01,-3.233519870905113280e-01,-2.323910794304210881e-01,-1.423542740329140910e-01,-2.331011838893708443e-01,2.188918910642333460e-01,-1.673543192587713668e-01,3.214064914316359933e-02,1.086858227279882960e-01,-6.480049102594083454e-02,1.437523940815282897e-01,1.386114555301144191e-01,1.304194913454392868e-01,5.752674164132016293e-02,1.611946389108334932e-01,1.549749870364385829e-01,2.759376445151561774e-01,-2.193582742403170360e-01,-2.323104405808495976e-01,9.684708669663202874e-02,2.882044826031577855e-01,-1.789801758215434913e-01,-3.783136667525519720e-02,-2.182959448551663462e-01,-3.228944256242675670e-01,-5.042617361947211441e-01,-2.637377907883087236e-01,-4.349558765850879971e-01,-7.042304395736592726e-02
-3.146306993974070099e-01,1.983408976129259760e-01,-4.629315126877311393e-01,-3.520438240496108206e-01,7.151579004455057564e-01,5.271951965869560164e-01,-3.570811728429162946e-01,-3.733674968402769245e-01,7.144816672296750992e-01,0.000000000000000000e+00,-1.290905140871122236e-01,-5.415094977808359959e-03,-1.211316135352990681e-01,-1.292423651295765696e-01,3.607329320835433450e-01,8.162952100224956098e-01,-3.456333491006032821e-01,-2.450900052006262375e-01,1.918700532232597150e-02,-7.081936954368307779e-02,5.645674440846575326e-01,5.210980340172399750e-01,-2.237615882137754530e-01,-6.756894084717961213e-02,6.774197468927073418e-01,7.024084645475300315e-01,6.780653653581624196e-01,4.513162332377010366e-01,7.350867640321669463e-03,9.470218151325938971e-02,3.783264134678625545e-01,1.190570480772705358e-01,-2.089262268195946071e-01,-2.325522946281946834e-01,-1.290604075683675356e-01,-1.763456579758382325e-01,1.760664957590143131e-01,4.625142849264263223e-02,3.671645393570423521e-01,1.532160436237160195e-01,3.022753393713682457e-01,2.228890526442849351e-01,-4.783399208025884142e-01,-3.074258634088770092e-01,-3.238945006028850614e-03,-1.582538050279521380e-01,-4.995181183921701962e-01,-4.468166150351158827e-01,-1.001724165824560558e-01,-3.877442596543980574e-02,-3.919035156654254171e-01,-2.207731261437083647e-01,-3.452707310554898879e-01,-4.657124228591747461e-01,5.999489285440478409e-02,-1.162883787220167636e-01,-1.891346512930410784e-01,1.817320746817353561e-01,-1.237575377049815600e-01,4.844336896499025491e-02,-1.735232848882547474e-01,7.848847090569842366e-02,-1.490699249963458040e-01,7.766620059506554319e-02,-1.883589387065979504e-01,-2.164822006498537676e-01,-2.915766918935145946e-01,-2.720895496550966852e-01,-3.370134738631344051e-01,-3.763591944191542193e-01,3.010384157607303157e-01,1.918355538717704534e-01,-6.796835387746409662e-02,-1.086086415127852645e-01,-3.890210742191028970e-03,-8.233332790512060129e-02,-1.144903921611759440e-01,2.366854871397401552e-04,2.006613235006148716e-02,-1.487818001790263897e-02,-3.433849322759626732e-01,-2.311335627820627625e-01,3.671049476673028944e-01,3.945919754196542950e-01,-8.746142227880680797e-02,-1.651644905147635622e-01,4.560169900895915673e-01,2.827591974356699622e-01,-4.349044283475412415e-02,-1.236479933383495960e-01,1.665968128920402025e-01,-1.823335764371768475e-01,3.279039782187025964e-01,6.660145017480518896e-04,3.709772227371282427e-01,3.050528320644395053e-01,3.588181491212204255e-02,2.166395163636944399e-01,2.053915660348810679e-01,4.931592564494478859e-02,1.522766212763398685e-01,9.063511053174348742e-02,1.948033861909511666e-01,2.260870808478506744e-01,-3.157607788012961603e-01,-2.778702999330975865e-01,9.633271365983755996e-02,3.305365633708227668e-01,3.021265500612597792e-03,-1.035061396309575922e-02,-1.671629156171633435e-01,-2.977404988601671243e-01,-4.326567308833850212e-01,-2.386901291117689838e-01,-4.298581506745776659e-01,-1.331911571633598579e-01
4.622521806453729898e-01,3.876208150774846928e-01,3.625367532905692247e-01,3.575967504076580927e-01,-1.004305144983941994e-01,3.701083102452600027e-02,7.862528363119334340e-01,5.370534942222734420e-01,1.322553561559316471e-01,-1.290905140871122236e-01,0.000000000000000000e+00,6.021199663922546241e-01,7.181361054055455106e-01,6.444345141815819300e-01,4.786257707357168267e-01,6.810999442836408735e-02,6.859798497711114273e-02,-8.269665668250294338e-03,4.299649502586521121e-01,2.502860820379467777e-01,-4.985551447402071512e-02,-1.066213760305983610e-01,3.703513620088727532e-01,3.717566165231647179e-01,-2.676552276128352226e-01,-2.792416928047420366e-01,-1.672707518119639913e-01,-2.152320440734993845e-01,2.269960563986262447e-01,4.453925520120380899e-01,2.013592067757389303e-01,2.667672395279850894e-01,2.110935496111034648e-01,2.731753052228974576e-01,-2.307602543503268697e-02,3.543506606040706247e-02,-1.940568925940179268e-01,-2.293549218983093885e-01,-3.507869729199877828e-01,-5.906111308588869457e-01,-1.182732561117317838e-01,-2.418433906342947748e-01,2.258026991593616584e-01,3.282135751364348986e-01,-3.258180165748815749e-01,-9.923542109994647198e-02,1.323642955028840329e-01,2.578438366026414852e-01,-3.241141700462979447e-01,-3.150345070858724950e-01,4.738612634155171116e-02,-2.200656141526173559e-01,2.575582497306885821e-01,2.603958665553683383e-01,-2.991087098759630525e-01,-1.347644903149066709e-01,-5.437431013248018169e-02,1.730205800494384605e-01,2.497994681552450358e-01,4.915370610849718186e-02,5.754332324829100065e-01,3.604169862438742489e-01,3.572556350154997284e-01,1.326011351614286571e-01,5.904604970253716362e-02,-3.005401914451066303e-01,-1.600998814569069284e-01,-1.865932116052853029e-01,3.163198568047199677e-01,2.434721191200621138e-01,1.775323292320181157e-01,3.547575112885771320e-01,2.852143311710187423e-01,3.244584082078740273e-01,1.127318618277100976e-01,4.295288235642894525e-01,3.639307538217942950e-01,4.289297182729841507e-01,-3.083449745275267939e-01,1.494788366115212819e-01,5.567481292873023568e-02,1.108978271020665263e-01,8.834139194884409185e-02,-3.746855120529724581e-01,7.143344012981943381e-02,-1.119681693831426073e-01,-4.755620127580876821e-01,-5.341226056170113035e-01,-1.843411327900644492e-01,2.034315104143611663e-01,1.117987384732042622e-01,3.695220366745421425e-01,2.598118243525469606e-01,4.092311187811952800e-01,-1.096873917085125077e-01,-5.634613704142650477e-06,-7.601851709390107514e-02,-9.704324307477879552e-02,1.312343066968375827e-01,3.158020287597120279e-01,1.638834512795843412e-02,1.370732927407648447e-02,-3.664360373667155946e-01,-3.312376796577293780e-01,-9.008741696625087447e-02,-1.721933838190154442e-01,-1.486712927585201183e-01,-3.104089036636600851e-01,2.382541575337109724e-02,1.007466297986268772e-01,-2.153258135550303529e-02,1.873269263718962963e-01,3.389614977338545332e-01,2.298752796280172650e-01,3.052141828680524083e-01,-9.408002184065331064e-02
1.446081740805951477e-01,3.822676355851466479e-01,-6.131927799952018032e-02,4.483570559707767966e-01,1.465316946439818545e-02,2.710503784160308016e-01,3.873818214206500854e-01,5.478787813784625760e-01,1.702585034338814085e-01,-5.415094977808359959e-03,6.021199663922546241e-01,0.000000000000000000e+00,4.392098620289081046e-01,7.742253252471100744e-01,4.287986027035526893e-01,2.321161052827001303e-01,-1.751102758390421510e-01,3.108919146691272450e-01,3.832275912565855647e-01,3.601475844314965813e-01,8.830217196322537321e-02,6.947462254458809661e-02,9.054702534497963140e-02,2.900753417700453474e-01,-1.709596483334273609e-01,-4.246036197621239766e-02,3.392892350481141288e-03,-1.330691125338934744e-01,3.229603351007176992e-01,7.517093610663352354e-01,4.565084205064028344e-01,4.513278778930925883e-01,2.345016322450476087e-01,4.409076078258765130e-01,-7.134335468760222287e-02,4.962077670129316082e-02,-2.594618766965558487e-01,-2.622420306241153853e-01,-3.682074516043902790e-01,-6.094260895819852974e-01,3.331328802354382307e-03,-1.771642836341211225e-02,1.872415253007043423e-01,3.326263579255484548e-01,-3.073598140525813927e-01,1.044293631427776897e-01,-1.190561351070140994e-01,-3.026325779669751179e-02,-3.537644917199855299e-01,-3.175096971105246801e-01,-6.137971210873341237e-03,-1.652758264676009448e-01,6.038335313850633213e-02,6.158323301244528897e-02,-3.862411553271454245e-01,-2.962231160863488255e-01,-1.462358544333608179e-01,2.219209521027306897e-01,3.352183152091565144e-01,2.443289127695343899e-01,4.448665898242551431e-01,5.888937830430613918e-01,4.232507290487266816e-01,5.715238268127733612e-01,-2.866744483920377617e-01,-2.082281519109145662e-01,-2.036019708836734610e-01,1.774830483506573478e-02,1.790510944842736152e-01,5.120063245928420104e-01,4.354957916096431902e-01,5.333918987572682235e-01,3.897270555997653929e-01,5.902522583171299075e-01,3.999467542980178481e-01,5.788906847818507950e-01,3.455471158576056689e-01,3.946178105417237902e-01,-1.811158040356441734e-01,1.651841126326326070e-01,2.010120133416860577e-01,1.419234875698874576e-01,1.048900524581644761e-01,-4.030478957861097777e-01,6.149507566746291454e-02,-6.853337305313360328e-02,-4.529643504398985221e-01,-4.975041950084744258e-01,-4.516782597709892433e-01,-9.834895163642413951e-02,2.730019282442953110e-01,3.182029660294324186e-02,4.591320146721677431e-01,7.580044711418017223e-02,2.160343238586007533e-02,-4.108900571206367675e-02,-4.733824518099253448e-02,-1.861119890590011150e-01,4.325607319414533081e-02,5.526299009281018804e-02,3.109959648009175681e-01,-3.342595373055505525e-02,-2.151151887347594327e-01,-2.174213161266794481e-01,-4.788849698863296284e-02,-1.790718300024210508e-01,-1.292470996086032553e-01,-1.452401366518012438e-01,1.372197303950742353e-01,2.327887940838076763e-01,-8.515773686744801396e-02,-1.717919861760781597e-01,1.034082318670022510e-01,-6.853147434929936221e-02,-3.830983543365021424e-03,-1.898659357082237709e-01
2.270252986880327006e-01,3.276172234429586272e-01,5.051790497418897630e-01,9.226188469772424183e-02,3.421773029892628132e-02,-6.027787444619380625e-02,7.317879776586178053e-01,2.218699536916946824e-01,2.304949726458287163e-01,-1.211316135352990681e-01,7.181361054055455106e-01,4.392098620289081046e-01,0.000000000000000000e+00,5.737233663325042032e-01,7.140533128586400435e-01,1.266705648862299916e-01,-2.517986914048305769e-01,4.024029752209290771e-04,3.641171153269570637e-01,1.192759711696848440e-01,-1.302530244626487997e-03,-8.467704841021075901e-02,5.023726176821284861e-01,3.596026877449503556e-01,-8.951399994268217919e-02,-1.527759727626448460e-01,-1.049278266178202829e-01,-2.027525351191120095e-01,6.784661207950186401e-02,3.373856909115321989e-01,3.381193217585581334e-01,3.593136927027854588e-01,2.234194972813230429e-01,3.252370294595574030e-01,2.749480367324264041e-01,2.679960521491940861e-01,-6.611304802550325987e-02,-4.526403175552733832e-02,-3.897944317867449437e-01,-5.734204547459957890e-01,-1.376656798186370878e-02,-1.605357825304123687e-01,2.498455004071538643e-01,4.579876160359080406e-01,-3.059477414054971867e-01,-9.456936761701953409e-02,1.881068269217149591e-01,3.076693528631180286e-01,-4.129895670190602552e-01,-4.058493628769079820e-01,1.732288384774702261e-02,-2.439605779895286097e-01,2.746072692840406670e-01,2.838232287378729124e-01,-3.660771175018219248e-01,-6.492664027785927106e-02,-8.322368994438186784e-02,2.547377859570754133e-01,2.123755498193788394e-01,-8.079468855861382873e-03,4.641473949137961963e-01,1.929673063737653016e-01,1.383577741433568986e-01,-2.344132248983573415e-03,3.820842686266131549e-01,-2.901047419824877016e-01,-1.228961753803103352e-01,-1.258934616491087510e-01,3.314156004097079666e-01,2.873694014498173188e-01,4.330160865117724245e-01,5.576571398346300557e-01,3.045832319403655175e-01,3.504366821013080724e-01,1.997221754701433705e-01,4.495211404092884222e-01,5.739668837028152337e-01,5.692995710386314911e-01,-1.797132969863084462e-01,3.992585660302254702e-01,1.219472017539593167e-01,2.013519516082947769e-01,1.324604964976278665e-01,-3.154981411683536741e-01,3.561303366619799626e-01,-1.142592803991036160e-01,-3.992657994548878819e-01,-3.702994429737166970e-01,-1.480471750174345569e-01,1.500035442170054301e-01,5.442042835482600177e-02,4.629812144212406833e-01,3.173884224496532069e-01,4.408376591035252368e-01,-2.397696501541083658e-01,-2.187264235073257956e-01,-1.848705252211087502e-01,-1.570266876527332267e-01,2.188570859641143784e-03,4.143058344081830824e-01,-1.055890241232160937e-01,1.215155994314915250e-01,-4.481428552995819770e-01,-3.426155235764308249e-01,-2.163230339593774920e-01,-1.954397513377834628e-01,-2.393552976591354076e-01,-3.739627279639748947e-01,-2.379342999051969887e-01,-3.817825136942450126e-02,6.075951962160120595e-02,1.383368184638940866e-02,2.561644928677389021e-01,1.799714762216229891e-01,2.015090108089183096e-01,-2.306707861697831208e-01
