0.000000000000000000e+00,7.397709631759575855e-01,4.196196798009714790e-01,3.914803420741481133e-01,-1.049832646210668713e-01,1.550345773099509883e-01,4.688090158133470520e-01,1.412544810124003423e-02,2.036972909948716881e-01,1.161428327487490191e-02,3.847329093756162721e-01,1.943197480174853886e-01,5.792264662038015821e-02,-5.516873507710560315e-02,1.363376010090449342e-01,1.444068521458131971e-01,6.784031536683735042e-02,1.016734760929887543e-01,6.950729391161512005e-01,7.017885016734732861e-01,-1.898181913837552470e-01,1.740547837825855426e-01,2.545479099914505494e-01,3.182543104696420322e-01,1.667861615986642176e-01,7.830618253254666150e-02,1.196015198090114029e-01,6.569416378726729289e-02,4.173924293337925862e-02,-2.893839179644644433e-01,1.011434318762888113e-01,-1.953749044484513753e-02,5.257334086722292854e-01,2.741063475708399588e-01,-3.109566217670741151e-01,-3.565357081088987856e-01,2.307198789020085267e-02,-1.685294488595023565e-01,-2.131498502743215673e-01,-1.947533500004552387e-01,6.039341275255832170e-02,-1.496712899456467960e-01,-6.801988216175005597e-01,-5.966349949354536886e-01,-5.142504553847087045e-01,-4.193907286820939828e-01,-5.701299179704112374e-01,-5.216240740165227763e-01,-3.867116573871089424e-01,-1.741547036511108815e-01,-3.236564922138758793e-01,-1.762400461273135877e-01,-6.182344657857374165e-02,-4.501471769339539936e-02,-1.174245426348884472e-02,-7.020948643339615380e-02,8.269311328269725037e-01,7.405076025507277837e-01,2.814531697632819962e-01,4.002073572067164076e-01,4.491576335215294313e-01,1.206085430976360368e-01,-5.458076713430028148e-02,-7.596443180630196856e-02,5.835139603980217526e-02,-1.029518289188457447e-01,1.009551030391701021e-01,-1.391240015981932143e-01,7.793587041919599612e-01,5.863534523853231040e-01,6.508542896231027386e-02,-1.171028804188056771e-01,-2.534262135771004343e-01,-1.796492807120652901e-01,-5.404321678045824751e-01,-6.819031602143009463e-02,-4.245424537049459213e-01,-6.047335965947971959e-01,1.531559211052500868e-01,1.002705833081167369e-01,1.110530237021309097e-01,3.414953110013990017e-02,-5.864202276319940236e-04,7.117748979565382064e-03,7.388876318652065622e-02,-1.745346447404370616e-01,1.001113654921793883e-01,1.186348338998852447e-01,-8.458228663917451151e-02,-3.288921843073729367e-01,-5.000073791660089029e-01,-2.721633229919512842e-01,-1.623303469139417698e-01,-1.228246111931551587e-01,-2.058832806964084605e-01,-2.213712899517377153e-01,-6.276799560666470601e-01,-5.255244072609922545e-01,-4.197626308475608803e-01,-6.235433077377243727e-01,-2.930107835180303932e-01,-1.740001245246155792e-01,-2.625515584694831372e-01,-3.915511555686590484e-01,-8.356632242340028549e-02,-1.420428180673070639e-01,1.376850489635481414e-02,9.380053725133549736e-02,-2.655767989036719734e-02,-3.430046993450972526e-01,-6.455177666686365834e-01,-5.650444674845865878e-01,-5.758183264023774006e-01,-4.555853986998797400e-01,-2.648274889164828338e-01,-2.901412817373827946e-01
7.397709631759575855e-01,0.000000000000000000e+00,3.275911333185040908e-01,5.592224616075490706e-01,-4.338914126794994330e-01,-2.543168171482988460e-01,2.742111834073661658e-01,3.920525532410559233e-01,-1.991100003189774925e-01,-2.910836583280022039e-01,7.239801051803579357e-03,3.233218431333745313e-01,3.389639803005416452e-01,4.514755875630081516e-01,2.056085923601493406e-02,-1.465845328303851947e-01,2.249649900531876523e-01,2.904588592326273200e-01,4.467159348138147745e-01,8.218882938832947627e-01,-3.363690066144118807e-01,-2.246955627852389170e-01,4.123259938286497617e-01,1.547703128973497155e-01,-2.361616082329326127e-01,-2.588813956799395632e-01,-1.641738676985300405e-01,1.875490869803707605e-01,-1.015635984019551685e-01,-1.125997703448403664e-01,3.947013371291909212e-01,2.613010474466563315e-01,5.818908696857698626e-01,4.158801632418842043e-01,-2.020296816756348701e-01,-1.113160939112112224e-01,-3.594641893979997338e-01,-3.118966705142163232e-01,6.479889561090407257e-02,6.361584013971238738e-02,-4.047648761038958876e-01,8.518420369147861049e-02,-4.480938580617592204e-01,-3.327117644344729785e-01,-3.194118482615569965e-01,-1.527330388938475947e-01,-1.947997563507053997e-01,-1.964812441755232619e-01,-1.422104380790971123e-01,-1.018076833688576731e-02,-3.391016331622697666e-01,-1.835515914976882657e-01,1.495451062649585938e-01,1.809133364918568132e-01,-3.980200463492207796e-01,-2.952544295986759271e-01,5.704975703760407635e-01,9.034543175760256783e-01,2.449013937661425888e-01,3.957868052388091029e-01,1.177976477344160056e-01,2.236706198925056399e-01,7.798044076176020856e-02,-1.597487813423569547e-01,6.416129111113624828e-02,9.176600676577800764e-02,1.944721279537086353e-03,-5.427221944564079859e-02,5.433936418803376744e-01,4.322633013789206058e-01,-3.652686561667453091e-01,-3.207643115267517220e-01,-1.718753648433734016e-01,-6.762964624107856149e-02,-3.388906517162177390e-01,-2.990688090036664470e-01,-3.182468140652788824e-01,-3.762662082251123641e-01,-1.907582874203111734e-01,-1.024874294863936837e-02,1.569689999874239184e-01,2.742842911498354352e-01,-2.206715162076245684e-01,-9.167199298068405555e-02,-1.608253065453991715e-01,1.476341114644555141e-01,-2.102911636302158827e-01,-2.520068529402222923e-01,9.389930177511196518e-02,-3.668498731429108983e-01,-2.919636861093594660e-01,-2.834179179325070908e-01,1.659992688040035913e-01,1.246737447517831526e-01,-4.592881622346135506e-01,-4.382063605251564908e-01,-6.494814069402596868e-01,-5.656532369536592109e-01,-5.615866560184926692e-01,-5.429270235079293183e-01,-5.191156251849003700e-02,-2.661362881569310779e-01,-3.320568281826818957e-02,-2.305925085513236550e-01,-7.150786668710300796e-03,-1.899134773896810624e-01,2.906747409244620287e-02,-1.503361413741962915e-01,-1.654635552283740541e-01,-3.017160744166542119e-01,-4.033922341480848384e-01,-4.399067990349201929e-01,-3.512790322285566091e-01,-2.775809656716221041e-01,-3.750038472201004947e-01,-3.204015263543017467e-01
4.196196798009714790e-01,3.275911333185040908e-01,0.000000000000000000e+00,6.614849809815622761e-01,-3.266275552871159699e-02,-1.675459196858973820e-01,6.114830957813309764e-01,4.146357527477437244e-01,5.924681193049175648e-02,-1.231729035278390089e-01,2.099651073444562255e-01,3.033614040228984066e-01,2.107881830035923110e-01,1.811464670497363594e-01,-2.184176682333038577e-01,-1.596213436444766931e-01,-3.390971191996276501e-01,-4.378781019551200582e-01,4.082490876465468821e-01,4.468631271067775579e-01,-2.530224080631602313e-01,-2.015450728377063405e-01,5.794328304290790044e-01,4.652576015791022312e-01,-3.122821842025371927e-02,-9.982300127447886473e-02,-4.862548008691923440e-02,1.990888847634564029e-01,-2.754998505687863974e-01,-4.524479607895069977e-01,-1.549228551927554765e-01,-1.364529353565653025e-01,1.081419390039136952e-01,-3.101668656129994654e-03,-7.189484994344731705e-02,-1.271827771013238073e-01,-3.375161951938355775e-01,-6.434106518059669044e-01,-1.805377347483226869e-01,-3.661723581358385382e-01,-1.903912633093109152e-01,-4.470338926838860472e-01,-2.063377193668501364e-01,-2.160000559301757661e-01,-9.171778420660058051e-02,-1.973151251091146419e-01,-1.596000090155954565e-01,-2.894021632189592852e-01,8.234275978493087178e-02,-9.222542998713400414e-03,3.291326617439997021e-02,-2.956600506659764691e-02,2.239767272337473414e-01,2.636839634039457314e-01,1.484159776702072622e-02,-2.410035794687279409e-01,1.539801495431150358e-01,2.608397672310412418e-01,5.179371128546289560e-01,3.290295586666870942e-01,4.496071579173232524e-01,2.939123840381123731e-01,-2.169594578214752711e-01,-3.296525532506725531e-01,1.106468034858528598e-01,-2.125601752644824122e-02,1.063603010713378150e-01,-1.850826989012668844e-01,2.943437380426054406e-01,6.859643326871137092e-02,-1.372077340208406604e-01,-2.132964159757476663e-01,-2.252850148902799665e-01,-2.628076248013938021e-01,-2.870719317837512885e-01,-2.477574788710034670e-01,5.576546328935644975e-02,-8.706331966644744597e-03,2.815028043085841467e-02,-2.383623917843951390e-01,-2.894597069777563592e-01,-3.003825198999096058e-01,-3.272189094307023094e-01,-4.295642706116050147e-01,-5.889237015918413060e-02,2.084601853054838388e-02,-3.311765531241795957e-01,-2.594886912283310143e-01,-6.075095693582746592e-02,-1.893631671257121063e-01,-1.531546922601016159e-01,-2.072475336460580797e-01,-1.543065598847599418e-01,1.316545174985324362e-01,-2.600260578531248812e-01,-3.663111334318973067e-01,-5.629070613175648496e-01,-4.836128691238107957e-01,-1.794273921389016313e-01,-3.579910780295683659e-01,-4.690988506145358228e-01,8.491239484302882945e-02,-4.741336058446929402e-01,-6.626619195335353707e-01,-4.876075896393636255e-01,-4.862462971881165164e-01,-1.794087792144533622e-01,9.450014672021753159e-02,-2.760282645139307545e-01,-2.106417871856549606e-01,-4.880388552397019741e-01,-2.764123295053424467e-01,-1.600697707040929785e-01,-1.477879416278327085e-01,-1.359897866128235711e-01,-3.085861500779009114e-01
3.914803420741481133e-01,5.592224616075490706e-01,6.614849809815622761e-01,0.000000000000000000e+00,-3.271853198702093790e-01,-4.517417995311933665e-01,4.205844789045343757e-01,7.970241917554103939e-01,-3.748645799735323969e-01,-4.123274046615095223e-01,-2.223756036743380626e-01,3.586562062100500659e-01,2.000992808886383478e-01,3.816994883283436613e-01,-2.864089704644156020e-01,-3.839788951461242106e-01,-1.721057611118441133e-01,-2.511118530180196928e-01,3.391487020075163450e-01,7.289545352536065392e-01,-3.520554824760033230e-01,-4.005986270221916778e-01,6.410337360340634394e-01,3.771570192900824403e-01,-3.577990490972107751e-01,-3.008445106490227894e-01,-1.520359042698392338e-01,3.444623770621975667e-01,-2.925647495104520268e-01,-2.414527191684204543e-01,3.139646915701836405e-01,2.942582883423629503e-01,3.633697990168672787e-01,3.822595006812292695e-01,-2.128279578380663783e-01,-6.519518695791469420e-02,-5.858446495763163231e-01,-6.486591759976518823e-01,1.093511262364873643e-01,-3.494088904827857139e-02,-4.338157441973800044e-01,-8.588919474938072618e-02,-1.689495481369526764e-01,-5.171330650961025732e-02,-5.337299174100447463e-02,4.678976172450711318e-03,6.628475111890647087e-02,-4.701917354096292467e-02,1.705979950063714889e-01,1.028719352232851658e-01,-1.058070693868756323e-01,-7.127291694970502856e-02,2.523508798553643628e-01,3.807675781930932590e-01,-2.907051270561515910e-01,-3.188428921262099203e-01,8.211471934642071424e-02,4.499598517706934198e-01,4.998581612951231712e-01,4.975109070207390793e-01,1.047382912476458872e-01,4.273824712918350976e-01,-8.645899647411808830e-02,-3.379108138314314558e-01,-7.515372660110739012e-02,4.374773968737427632e-02,-9.160792895768088417e-02,-3.703128012944544023e-02,4.099950657952210475e-01,1.502100947789829222e-01,-3.625804703648989880e-01,-2.771194764925917209e-01,-9.966147565906940953e-02,-1.927330506052988279e-01,-8.696601188651836845e-02,-5.172662103990323113e-01,6.875261067646325219e-02,6.333715263049292943e-02,-2.334871629051537001e-01,-2.012097622526322349e-01,-2.313827181528712862e-01,-1.710967090276328817e-01,-4.418162805360404954e-01,-4.498341261502181165e-01,-4.727057973765324550e-01,1.345057000057137409e-01,-3.033340348985935631e-01,-5.085859606742629824e-01,1.739132608259040536e-01,-2.079665466272155039e-01,9.083987157400935653e-02,-1.898269133806725351e-01,2.398178279117676726e-01,3.759068259326502348e-01,-3.643734823099779585e-01,-3.846015379173678417e-01,-5.491283421026253997e-01,-4.575927209005867247e-01,-3.834019828874294933e-01,-2.991742556585209600e-01,-4.059194427295267221e-02,-4.898042002808532941e-02,-4.844352171955858960e-02,-3.247823773559623817e-01,-2.324253023002849083e-01,-3.132444771021242746e-01,1.232707195302216452e-01,-8.865494423870973195e-02,-2.025162730995672677e-01,-1.529229336469750677e-01,-3.237081359038825323e-01,-2.089240528716932999e-01,2.888077164201258498e-02,7.747969210127646222e-02,-1.247529775040349259e-01,-1.380849064480572375e-01
-1.049832646210668713e-01,-4.338914126794994330e-01,-3.266275552871159699e-02,-3.271853198702093790e-01,0.000000000000000000e+00,7.083191745979249276e-01,1.789507568384323954e-01,-4.150132738094812757e-01,7.812255936049312677e-01,8.144905155410445685e-01,3.096090946310566805e-01,-2.163253888227723576e-01,-4.131449965757079679e-01,-6.224772290646224393e-01,1.760039135959571011e-01,5.697001360977189677e-01,-4.227078256782867416e-01,-3.052373835752717479e-01,6.916618172932327557e-02,-4.589067881732705190e-01,1.787273964058343489e-01,5.985815430865966125e-01,-1.886316917137931537e-01,2.865650681540425904e-01,7.277265253072606743e-01,7.515882018252600938e-01,4.942231902048137560e-01,-1.204763530128918764e-01,-3.917134315651530502e-02,-1.373454398580736813e-01,-3.043197901956263274e-01,-1.645448700040881562e-01,-3.407548240713255128e-01,-2.672153854770072390e-01,-2.428795812308759752e-02,-5.182876376682891278e-02,4.911086183684699735e-01,2.623271029325478509e-01,-3.044934629549037597e-01,-3.108642090467130803e-01,5.443323409488762810e-01,-1.760189856876401560e-01,-1.027541453752602724e-01,-2.560316187093899520e-01,-2.508884112626802443e-01,-3.969152735236827212e-01,-3.497126359897521075e-01,-3.285808934470015874e-01,-3.972697249068232184e-01,-4.688797157328349896e-01,-1.882787482370220089e-01,-2.298899186162925434e-01,-4.586886715842267148e-01,-3.397838873548192362e-01,3.956615436133069652e-01,4.334865398895595273e-02,-7.777452056203408570e-02,-3.309989367591394394e-01,-1.785195800860644166e-01,-1.731859688582432499e-01,1.675334803768779579e-01,-8.425083437611308179e-02,-4.061349504010657863e-01,2.684629239209858076e-01,-1.698168662866956780e-01,-1.601741093465352261e-01,1.516039829136311412e-01,4.875699319781201524e-02,-1.358473140875269547e-01,-7.850062260623064114e-02,6.945882968119548861e-01,5.800165407029729270e-01,-1.500073338301270431e-01,-1.745578574351260848e-01,-1.144268411037144689e-01,2.738100848168352197e-01,7.994007119124270366e-02,5.204197895048402051e-02,2.590495115041485663e-01,1.106500492984749673e-01,-2.687393504923975551e-01,-2.699031144005893945e-01,3.512629141034166458e-01,4.085563245074346761e-01,2.642769120101193248e-01,-2.996367151061819500e-01,3.786098284346102183e-01,5.723005018094117213e-01,-2.513126959650909265e-01,2.497478388472348654e-01,-8.842349139431255819e-03,1.892460931260809276e-01,-3.857192069501783616e-01,-3.742575991870834562e-01,4.758611427179989528e-01,4.030256795039065532e-01,1.971582394912042013e-01,1.886726058370839787e-01,3.588099112294581006e-01,1.147842274777541166e-01,-2.493274917881075081e-01,2.714312401546828957e-01,-2.532152260451669967e-01,4.228298804918382420e-02,-1.899047790053662310e-01,-3.824751541534736343e-02,-2.101148921465722241e-01,1.170331555326897810e-01,3.022076455413008067e-01,1.014508603383438082e-02,-5.468208374390611665e-02,-1.106182544132254530e-02,-1.887674245946375506e-01,-2.192374208454569151e-01,2.415929200451647219e-01,1.024098290014052171e-01
1.550345773099509883e-01,-2.543168171482988460e-01,-1.675459196858973820e-01,-4.517417995311933665e-01,7.083191745979249276e-01,0.000000000000000000e+00,9.236223527702625002e-02,-7.041479828703581800e-01,8.134751982062843334e-01,8.636845784660517333e-01,5.333839584238683207e-01,-1.422930168063002987e-01,-5.248046202766174506e-01,-6.947464864677213026e-01,2.581550585705910117e-01,8.582724624398752056e-01,-2.685414857560265434e-01,2.234426381209450585e-02,3.013222055918735043e-01,-3.062792442598020193e-01,2.949683478612771248e-01,8.508485978502721148e-01,-2.976485324575806057e-01,4.291500282585620218e-01,6.586744295230811952e-01,7.180012338100422165e-01,4.890955943661887684e-01,-4.512348425961793530e-01,2.631562912437651613e-01,2.677165570417168461e-02,-3.080205750972759282e-01,-2.046428721929709482e-01,-1.709351186400332179e-01,-2.491117407399763561e-01,-1.844914474260800907e-01,-2.175119468158902836e-01,7.331870126350336081e-01,4.240270020550808150e-01,-5.694100233928508503e-01,-4.392708186264455694e-01,8.415044527469300872e-01,-3.075874749522321538e-01,-3.462229789280646397e-01,-5.149441937454877216e-01,-4.066486860829209848e-01,-5.045620114104509835e-01,-6.633767954081393192e-01,-5.618762771033691816e-01,-6.355428762119978980e-01,-5.293812076119240873e-01,-2.201826779255105226e-01,-2.434061864391577346e-01,-5.058864483478032747e-01,-5.591593542994111043e-01,5.560446813390989007e-01,2.813127011008363931e-01,3.586711715030435066e-01,-1.176732961302846131e-01,-3.492976030262759934e-01,-2.018586056089281544e-01,2.128496592612789118e-01,-1.847877877309972716e-01,-1.900843112015894176e-01,4.768522160202318672e-01,-1.684318885821750322e-01,-1.531875804055532475e-01,1.306536107746216202e-01,-1.503106363605769859e-02,7.007107412595743601e-02,2.383088140021921708e-01,8.241026229099364109e-01,5.529601908295139756e-01,-4.127040121802246775e-01,-2.331441700965992958e-01,-3.508857594126784107e-01,4.677135780760411921e-01,-3.156065689124191720e-01,-4.099165623516703993e-01,5.227427882055417641e-01,2.669327030492545383e-01,-8.482049339704834934e-02,-1.638677824059240340e-01,5.378271831711610718e-01,5.874300590527493648e-01,4.985603508545262685e-01,-4.446382023806754735e-01,4.560235557537689610e-01,8.133078744995082543e-01,-4.140794924158703871e-01,7.859643337345741110e-03,-2.747300994606693969e-01,2.196781388932362092e-02,-4.139509652407404316e-01,-6.496569452557353630e-01,5.795011552053375148e-01,5.290759679612377919e-01,2.399436492005249388e-01,2.492408123226929617e-01,3.579375991646165933e-01,-8.609666207517688297e-02,-3.412742976852778942e-01,1.667901965387041663e-01,-2.743635243275888147e-01,-1.043504146455432810e-02,-2.852892701309596782e-02,1.745488201341997281e-01,-1.547541955556746007e-01,3.498076937902845907e-01,2.665791855938823840e-01,-6.893287451971423507e-02,-2.212927532646316586e-01,-2.326954858546531335e-01,-5.246264167024653480e-01,-4.753225746595596823e-01,2.074503021589746699e-01,1.168737785975339505e-01
4.688090158133470520e-01,2.742111834073661658e-01,6.114830957813309764e-01,4.205844789045343757e-01,1.789507568384323954e-01,9.236223527702625002e-02,0.000000000000000000e+00,2.982868146590174629e-01,1.612154695847106689e-01,3.172887133230222617e-02,2.815764799792873085e-01,1.741655497531309216e-01,9.067162680198014024e-02,-5.340752449718016992e-02,-9.351923173347417850e-02,5.721654511115248365e-02,-4.162991133597409021e-01,-5.286377286284208443e-01,5.781843388294275465e-01,4.019393976344843300e-01,-8.519699605847043389e-02,1.862627670765844012e-01,4.579759024222496144e-01,4.610102188851408211e-01,1.414841722046066841e-01,5.035431100045337921e-02,1.618282695097183199e-01,7.416349468844783688e-02,-2.384140653503942220e-01,-4.212260367714546483e-01,-6.850386690697486680e-02,4.157928097782644106e-02,2.654347429310416340e-01,2.419179823825723941e-01,-2.460567136688435741e-01,-1.918698040079861167e-01,-2.115898103598324587e-01,-3.477893005018650729e-01,-1.555345331578418255e-01,-2.763836646707146238e-01,-2.351855293114267151e-02,-2.385794747809386607e-01,-2.932333744546574139e-01,-2.791755023820779447e-01,-2.040441292381578453e-01,-3.208144788447065410e-01,-2.807586993116653606e-01,-3.805019005353441064e-01,-1.307069470327012206e-01,-1.125718967878568816e-01,-1.449289598497917886e-01,-1.934787403352776769e-01,-9.742926442310839708e-02,1.153699294896871896e-02,9.233975704271403517e-02,-7.294816992847086290e-02,2.004140913525998546e-01,8.378953186149469545e-02,4.843831562950477454e-01,3.141485291049003759e-01,5.613721664911862641e-01,3.131463491215873973e-01,-1.876533494031969174e-01,-2.119312731105206793e-01,-4.533056026088064933e-02,-1.669169674843771489e-01,2.010148701813814498e-01,-8.742598250836386420e-02,4.173965492050159543e-01,2.933081180082961481e-01,1.588193452603615663e-01,1.086732995535275303e-01,-2.976361304137183916e-01,-3.545665997516888601e-01,-1.967528287754477245e-01,-1.641012283635621960e-01,-6.086971376082215765e-03,-4.987228253476296697e-02,-4.801626167726815581e-02,-3.849481989539146332e-01,-5.032880541069757463e-01,-5.603948614659105543e-01,-2.624975630687614858e-01,-1.914790946738039179e-01,-1.627953566735379221e-01,-3.455190108579319075e-01,-1.976672956122863672e-02,7.345777219260500590e-02,-1.400830170718998513e-01,-1.784826148638093690e-01,-1.168370836570093163e-01,1.703050703964243198e-02,-1.920284047147246265e-01,1.755002340854743340e-02,1.732295623663030956e-02,-4.482090443727990842e-02,-3.810748224268087903e-01,-3.948093235843422866e-01,-1.599051451936614465e-01,-2.206217097148411299e-01,-2.148404067285115404e-01,4.711271485390279568e-02,-2.342414443954471681e-01,-2.670938663042856653e-01,-1.748866645354890392e-01,-1.939333334997632441e-01,-1.687882199596137389e-01,3.901640094800193359e-02,1.989730330103244849e-01,-1.776032341173582607e-01,-4.555863517011001229e-01,-3.073673094168729580e-01,-2.436239745644910581e-01,-1.626840306136471681e-01,-9.171269821465888317e-02,-8.587042003972866766e-03
1.412544810124003423e-02,3.920525532410559233e-01,4.146357527477437244e-01,7.970241917554103939e-01,-4.150132738094812757e-01,-7.041479828703581800e-01,2.982868146590174629e-01,0.000000000000000000e+00,-6.138126407671685714e-01,-5.756046587491999711e-01,-3.496180185958946418e-01,3.911040184342208792e-01,3.957486324493313390e-01,6.600476449064639484e-01,-3.903716854444013173e-01,-6.071425919576153296e-01,-2.415274913161631620e-02,-2.065548925332305330e-01,-2.326980599802217636e-02,4.884425598424793624e-01,-4.195824290897684494e-01,-6.328739011804390691e-01,6.087945787487683003e-01,1.220762736595979586e-01,-5.418752529697596909e-01,-5.277822470103419317e-01,-4.122200028567179486e-01,2.985283993489965537e-01,-2.698574037139930271e-01,-7.603119613733654025e-02,3.939227246696564988e-01,4.238730602563625105e-01,3.251782696352282231e-01,4.902114836422359345e-01,6.109045736209646645e-03,1.219732033364541168e-01,-7.877680547247662979e-01,-6.654597287930984484e-01,3.234799883933228148e-01,1.153626189285241049e-01,-7.057867041016921972e-01,5.842965217111198428e-02,2.152314074089962670e-01,3.268579719737130795e-01,3.081787795905758243e-01,3.079369150014519829e-01,4.720148950864491710e-01,3.196859312110567064e-01,4.985334208340068685e-01,3.643850072838434873e-01,6.775656832116914996e-02,7.374547833791444962e-02,4.016735938698604569e-01,5.912583194817249144e-01,-4.882464853422297524e-01,-3.870092709297802691e-01,-2.666950395469087076e-01,1.885027677737433349e-01,5.148205569728332431e-01,3.594358105802495373e-01,-5.298061750999392278e-02,4.835868341657126868e-01,8.360854103513745694e-02,-3.453594799830198570e-01,-8.473009452760205118e-02,1.459337932838913332e-01,-9.355854866497849420e-02,3.328739563747597913e-02,1.027122906772346828e-01,-1.149502662654133950e-01,-5.946411360190847484e-01,-3.554281129231402492e-01,4.441285849912929989e-02,-7.303573276499962519e-02,1.832111929473616285e-01,-5.940419440937545481e-01,2.309566460332384830e-01,2.937060602865210757e-01,-5.121202455568375500e-01,-3.592567842438831871e-01,-2.530955940464066911e-01,-1.260281269953723859e-01,-6.157755330878358357e-01,-5.834379204795966389e-01,-6.276988999514985235e-01,2.629168627580386053e-01,-4.552945384598051648e-01,-7.499345748946057988e-01,3.655381253484180082e-01,-1.518744913980993594e-01,2.333650266899804926e-01,-1.386161771731627967e-01,4.094967369736710605e-01,5.085580048515385698e-01,-5.567553626179555515e-01,-5.361460776517796845e-01,-4.061257633705290804e-01,-3.598433189233269935e-01,-4.267409306655450818e-01,-1.113358803093145027e-01,1.613551751401641476e-01,-1.277467194904424175e-01,9.884775790468637580e-02,-1.086436549427756276e-01,-1.786508280517274116e-01,-3.543830233592639156e-01,1.610602443673369022e-01,-3.107765547792671335e-01,-2.466845260372141913e-01,-1.308744325240654705e-01,1.659138609984711285e-02,-2.177913918694118767e-02,3.357057549258593565e-01,3.223393159812117936e-01,-1.887183838360349808e-01,-1.956109718013182008e-01
2.036972909948716881e-01,-1.991100003189774925e-01,5.924681193049175648e-02,-3.748645799735323969e-01,7.812255936049312677e-01,8.134751982062843334e-01,1.612154695847106689e-01,-6.138126407671685714e-01,0.000000000000000000e+00,8.590050626366227959e-01,5.934509125941275220e-01,-5.529566743238135268e-02,-3.046117840007913635e-01,-6.142969512443620106e-01,3.337877322740464003e-01,7.414888450866023994e-01,-3.125459344497547032e-01,-8.753281224660733328e-02,2.232018520259607397e-01,-3.293836125013540062e-01,1.276197127504703210e-01,5.840200097139064406e-01,-1.235504401293573140e-01,3.952034480070274469e-01,8.243059093769814494e-01,7.802618807392138756e-01,4.037375482404364502e-01,-1.695523745695489970e-01,1.554870335483188593e-01,-8.055052590930666945e-02,-3.987201563781992419e-01,-3.148179815498832745e-01,-2.026288396391633384e-01,-3.363516586537427244e-01,2.632545040344876422e-02,-2.324675348888589899e-02,6.871147068205966102e-01,2.783878309604718160e-01,-5.327613505574347874e-01,-5.066118476821953598e-01,6.317584979436727810e-01,-4.263295380429944492e-01,-4.184685053108724850e-01,-6.087167657887008199e-01,-5.010874369894104952e-01,-6.678290080810282969e-01,-6.781576135328624133e-01,-6.129913775709052715e-01,-6.354739785467501401e-01,-5.550477886008258199e-01,-2.169756979145275599e-01,-2.057782340071990235e-01,-3.845176061600979467e-01,-4.076098490719410328e-01,5.159500584220870767e-01,9.768874849908289193e-02,2.854195573809077957e-01,-3.376433634282120788e-02,-3.108413588235661162e-01,-2.293202623632383808e-01,3.306754455054217168e-01,-1.049213109243565256e-01,-3.775704119373238243e-01,2.853624235155757249e-01,8.103668229992971872e-02,-5.268469745219993977e-02,2.469381289732931750e-01,-2.855577097857282809e-03,1.472226923727103579e-02,4.021424121240073368e-02,6.981012581392845862e-01,3.923372800561330531e-01,-2.276553473078649359e-01,-7.308016507258281724e-02,-4.524323230641335569e-01,4.843206108274474286e-01,-2.281507381469645157e-01,-3.209195836187838102e-01,5.380883166417125274e-01,3.365655561132475659e-01,1.395671247550166801e-03,-3.357808989581593379e-02,5.027091228055934335e-01,4.588633024236881686e-01,6.343450063395379424e-01,-3.124703757363730960e-01,2.950605185456727786e-01,6.710672302756626184e-01,-4.400377854112161313e-01,7.231771444546757077e-02,-2.771671255010002000e-01,3.551609020514879395e-02,-4.887060086453772767e-01,-4.737606316271836260e-01,3.924185433616715346e-01,2.653351008301203517e-01,3.139327410189931417e-02,2.660188647258318259e-02,3.094200042196530998e-01,-1.902855978911813795e-01,-4.723390682972286037e-01,2.847171875606508418e-01,-3.491856225775876732e-01,-2.085432508029809451e-01,-2.148728710850537627e-01,-4.433175835953666322e-02,-2.479942608637405455e-01,3.940212745801043859e-01,1.242181144274016602e-01,-7.558817703718892500e-02,-3.420760701301059914e-01,-2.079614103836900374e-01,-5.486449460112415855e-01,-4.291118505342527700e-01,1.754796341563866768e-01,-1.323958263913541378e-01
1.161428327487490191e-02,-2.910836583280022039e-01,-1.231729035278390089e-01,-4.123274046615095223e-01,8.144905155410445685e-01,8.636845784660517333e-01,3.172887133230222617e-02,-5.756046587491999711e-01,8.590050626366227959e-01,0.000000000000000000e+00,4.496246249844926823e-01,-1.587189260439264282e-01,-4.063099207866933682e-01,-5.728416014560536729e-01,3.285604630213308508e-01,8.684122948482327908e-01,-2.595380186746257256e-01,-8.427376224642116331e-02,1.383474557041725339e-01,-3.806340526699795168e-01,2.080499877125702723e-01,7.164425371829580280e-01,-2.058570893732487028e-01,4.342291311532510134e-01,7.158027491317963120e-01,7.438614080021687114e-01,5.225150754919543061e-01,-2.529086304432174859e-01,1.769315930464734066e-01,-4.569021102467918372e-02,-2.730563632361601156e-01,-1.504658489332514060e-01,-2.728722898445844480e-01,-3.387927598588770794e-01,-2.092038487625734813e-02,-2.639671410573115815e-02,6.349746243949320190e-01,3.891749518727634638e-01,-4.424578168720708082e-01,-3.679383985686854874e-01,6.702150512854785358e-01,-2.314349460019192450e-01,-3.418249804556605653e-01,-5.127397308339862736e-01,-4.344463184386052057e-01,-5.776647780219829054e-01,-5.774081989553849770e-01,-5.079489802379878460e-01,-6.230752798238777812e-01,-5.882210441403189494e-01,-2.810319239437159555e-01,-2.866944215992827116e-01,-4.061284459860419749e-01,-3.814448279542955733e-01,4.601220617801700108e-01,1.244462930989315846e-01,1.917855165497481529e-01,-1.244338555246063405e-01,-4.097296436689687460e-01,-2.861204847836505416e-01,1.186822515390651700e-01,-1.522685442784435794e-01,-2.873787417512388975e-01,3.350202555557859618e-01,-7.582103028341988238e-02,-7.607049280692690374e-02,1.105987081884392820e-01,-1.043426307990419355e-02,-3.992239877592261565e-02,9.254083172499114052e-02,7.294254476704832291e-01,6.030178686187105397e-01,-2.580185870297093675e-01,-1.821370113113561506e-01,-2.536069211744191865e-01,4.259707522370732580e-01,-2.306839830682339554e-01,-2.539183919596653682e-01,4.259247612380763215e-01,3.293286691354183060e-01,-2.699413169165608417e-02,-2.685729363356338661e-02,5.671346890696703502e-01,6.412288967992011424e-01,5.428513767454076211e-01,-1.940485407513597160e-01,4.393770301545791290e-01,7.190471963881112094e-01,-3.354902982136604983e-01,1.893389620138422325e-01,-1.607450352081087608e-01,1.020983190343024566e-01,-3.074702418948892513e-01,-4.560001793811986892e-01,4.976930747190774218e-01,4.430014013744645873e-01,2.051877537653361561e-01,2.098718991045514792e-01,3.411654723106897213e-01,-5.718251925871063734e-02,-3.394507699354817332e-01,2.126702458512599592e-01,-2.778963844372061009e-01,-3.724909083528391007e-02,-1.572224281678059332e-01,-7.335894800202347882e-03,-1.959812615378384582e-01,2.734773727251774700e-01,1.841356833332094545e-01,-2.843334609038180444e-02,-1.540622267123569478e-01,-1.488215803724763087e-01,-4.257563027446211734e-01,-3.496197517290661749e-01,1.332010547065399231e-01,-3.624830990987805424e-02
3.847329093756162721e-01,7.239801051803579357e-03,2.099651073444562255e-01,-2.223756036743380626e-01,3.096090946310566805e-01,5.333839584238683207e-01,2.815764799792873085e-01,-3.496180185958946418e-01,5.934509125941275220e-01,4.496246249844926823e-01,0.000000000000000000e+00,3.165450960704356831e-01,-1.167329084651854421e-01,-3.966621654910778560e-01,-1.734390191675171805e-02,3.919711249438689871e-01,-1.242734024907699159e-01,-5.950016170733628436e-03,1.899632048014463503e-01,-1.327814914014134873e-01,-4.493505662783481291e-02,3.633542730207768301e-01,-9.377508630402095480e-02,2.522356905325844889e-01,3.886393945935568972e-01,2.386493672227822938e-01,1.413685085175713507e-01,-3.205348346667026282e-01,3.159328440818078843e-01,3.719427598252598305e-02,-3.538060937874775713e-01,-3.183471484898634518e-01,1.502308358741975998e-02,-2.268051085201037154e-01,-1.964274248989916205e-01,-2.628028388040103969e-01,4.286866465606070653e-01,8.852546713558957781e-02,-6.321685243524198805e-01,-5.621193477076531497e-01,4.399853546046346708e-01,-4.661873125797839079e-01,-3.208839160265472001e-01,-3.786955798230687287e-01,-2.712229298364910446e-01,-3.691419829253836937e-01,-4.623882111402227157e-01,-3.598592659862454024e-01,-2.568111585296498078e-01,-8.595060185985323176e-02,1.587303414575420846e-01,2.199555112676439550e-01,-4.738992918368873514e-02,-4.908119763608919522e-02,4.642887238313975762e-01,2.939088617222283539e-01,3.738623389450008716e-01,7.481729182602066264e-02,-3.512343508970205974e-02,-5.129252169680039927e-03,5.052308213262144410e-01,2.145406385336036739e-02,5.608845948115358249e-02,3.707963109797623447e-01,-6.179173826716549689e-02,-1.242135336044628002e-01,-1.524362444858257245e-03,-2.810193549110641675e-01,1.962205349271744503e-01,3.879406303525768235e-02,4.134723642517688647e-01,4.279966754347049734e-02,-4.147773400779058983e-01,-1.531840134949544185e-01,-5.460434754219096742e-01,4.338374855108620975e-01,-4.551001879066441380e-01,-5.844099798690138847e-01,4.580986057202725559e-01,1.664260497983416631e-01,-6.189702865072885946e-02,-6.785207928097213015e-02,2.335627847010280644e-01,1.271560894640416661e-01,3.791903362801611888e-01,-2.737944078518346203e-01,6.280781972751162123e-02,3.212900965694690525e-01,-2.736388047308818683e-01,-1.458644026701652052e-01,-4.195976455957434736e-01,-2.306338557095763964e-01,-4.164548484850390531e-01,-4.505888868563641680e-01,-6.709167825436637700e-02,-9.985941318037779013e-02,-2.084499198142952259e-01,-9.910662478055794200e-02,8.804668228045305078e-02,-4.360417736857865045e-01,-5.937415769850468150e-01,1.520533844934995882e-01,-4.300035017962056116e-01,-4.536076689910360504e-01,-2.991751001022145973e-01,-1.418623081732739988e-01,-2.033221369079886431e-01,4.336118775581871976e-01,-2.203104380635556026e-01,-3.616933670988951577e-01,-4.674792085517454066e-01,-3.867228922811807301e-01,-5.498068746914061000e-01,-4.433585386889397628e-01,4.092420511507678660e-02,-2.933742759928695820e-01
1.943197480174853886e-01,3.233218431333745313e-01,3.033614040228984066e-01,3.586562062100500659e-01,-2.163253888227723576e-01,-1.422930168063002987e-01,1.741655497531309216e-01,3.911040184342208792e-01,-5.529566743238135268e-02,-1.587189260439264282e-01,3.165450960704356831e-01,0.000000000000000000e+00,2.629493697146194076e-01,3.682946943256018013e-01,-2.964607447325395828e-01,-1.359006073666222669e-01,7.793921204047802621e-03,1.262170443897979444e-01,-5.412244839975014626e-02,1.005958358338660125e-01,-4.272286786102990619e-01,-2.732115507879214755e-01,2.904429309201454479e-01,3.065557756757500973e-01,-3.266344580177452661e-01,-3.173362869562294519e-01,-5.239764648496394450e-01,-1.321408316821912343e-01,1.989211018833325073e-01,4.362027390257336434e-01,5.898575566125173475e-02,2.405536224870037376e-01,2.253838320852464550e-01,3.098174492103703548e-01,-6.394500427290659983e-02,6.503063118683057031e-02,-2.352223836016090752e-01,-3.454674085691397112e-01,-3.257722393991488441e-01,-4.514610259344107313e-01,-1.411775178558025423e-01,-3.497558317846796716e-01,-5.481342115170591972e-02,-2.810945883626897457e-02,6.388388732575986384e-02,7.232155235394410742e-02,-1.769179470094652332e-02,9.588691694636557183e-02,1.340961027279445328e-01,2.936018774444687507e-01,2.589044476102858039e-01,3.855777710090431132e-01,3.683073795737640266e-01,4.391895406431103877e-01,-4.278122470522175563e-02,3.012296871009892060e-02,8.524874302800208858e-02,2.446984040962414952e-01,1.499518533562618217e-01,1.132068570494514509e-01,2.643734627096099854e-01,4.206438047262046065e-01,1.656594025665542869e-01,2.278934176083896590e-01,-1.167476754419244367e-01,2.460730247040270602e-01,-7.911460014548593600e-02,-1.506789654710808529e-02,-3.198108624865892563e-02,-2.574523220611837915e-01,-2.522087026146152544e-01,-4.154687896794635460e-01,-4.291550462701964053e-01,-8.761729790630268244e-02,-4.066270006672915716e-01,4.408070138271157068e-02,-3.004867672153671565e-01,-3.009084455254617541e-01,2.596147538905917498e-02,5.981046952371259912e-02,-8.822197618353620763e-02,6.632242909268433462e-02,-3.625275354522103366e-01,-3.738177761881306127e-01,-1.418309074171649475e-01,6.795062470530566223e-02,-5.390190044606953945e-01,-4.491663249307764061e-01,-1.473073187999378031e-01,-2.457725085933026854e-01,-1.957223273868752000e-01,-3.346045495569527350e-01,-1.010840388986095247e-02,-4.564152869113467792e-02,-4.954866626551422959e-01,-5.485679618471550612e-01,-3.379002013497176549e-01,-1.750296063133998103e-01,-1.885682513019713291e-01,-4.218954393511991086e-01,-3.605202118117626919e-01,-7.625597375433865177e-02,-1.869120778289365126e-01,-4.596994005643547654e-01,-3.010999877635532340e-01,-3.578095338577843010e-01,9.237710906073219597e-03,7.673830984285090473e-02,-5.895121758134309609e-01,-2.631911098044992792e-01,-1.597040978094985408e-01,-2.033769596019402437e-01,-2.390238329955931829e-01,-1.366403408304857903e-01,-6.952154171858852816e-02,-3.847446567869169387e-01
5.792264662038015821e-02,3.389639803005416452e-01,2.107881830035923110e-01,2.000992808886383478e-01,-4.131449965757079679e-01,-5.248046202766174506e-01,9.067162680198014024e-02,3.957486324493313390e-01,-3.046117840007913635e-01,-4.063099207866933682e-01,-1.167329084651854421e-01,2.629493697146194076e-01,0.000000000000000000e+00,6.195998104698628994e-01,3.515867765769529196e-01,-3.390556943401448753e-01,4.808501420389481029e-01,1.845560727929151656e-01,5.397317359390661762e-02,2.169086514009820887e-01,-3.878764667460743443e-01,-5.873917425979030549e-01,4.614700615568894104e-01,-6.550922038483718290e-02,-2.308694566920441449e-01,-2.618610149967079415e-01,-4.008881036905746487e-01,3.193154736870726373e-01,-8.158358680473613844e-02,-4.291070916285873865e-02,1.856175076843759042e-01,1.587881687740869685e-01,1.490428337347733945e-01,1.496111403618942126e-01,3.354958069551242095e-01,1.308597342507047123e-01,-5.588912194575871295e-01,-3.945581469701732180e-01,5.159684420294065044e-01,2.310975638338844396e-01,-5.794956394705775837e-01,1.354234426491460197e-01,5.518572428201173538e-03,7.956046773451168341e-02,1.815211634968652288e-01,5.316020993458236282e-02,2.283483374563381185e-01,8.948804569828286426e-02,1.869645163912364016e-01,1.489866951335254430e-01,-2.388618113556068567e-01,-1.997560780904500677e-01,1.566586035391976661e-01,2.290243817253158343e-01,-5.664841656690412508e-01,-5.040269754608172059e-01,3.914511830711647766e-02,2.830638617277641544e-01,6.559630567220121888e-02,-8.051657705020938416e-02,-3.148638257500798940e-03,9.415592026001241843e-02,1.866839387480832835e-01,-5.378196982696503703e-01,5.032468460682657518e-01,3.405068042557423125e-01,1.924924288802299654e-01,1.952351250666476204e-02,-1.482404274597300120e-01,-4.875098773055092094e-02,-4.873200002553773058e-01,-3.733167643910083044e-01,2.209360507581498712e-01,9.029244202115434270e-03,1.117991660459762698e-01,-4.479823228051224571e-01,1.898838750589302016e-01,1.282320921598260610e-01,-4.488703796247049405e-01,-1.443290702389601887e-02,3.092020510278699064e-01,3.274603333042807596e-01,-4.211224066501553231e-01,-4.225810142063795016e-01,2.749541527476489014e-02,2.381593527380009567e-01,-1.179733408928867605e-01,-5.315032979384324285e-01,4.623368166475678165e-01,-2.557300907490634434e-01,-2.329568608001762464e-01,-2.801207011416658177e-01,-9.195565119009618815e-02,1.838493443482001888e-01,-5.381877131565367955e-01,-5.271637074849974125e-01,-2.648801548387538229e-01,-4.722373403701027872e-01,-5.388265604586531810e-01,-2.231853052388042824e-01,1.110897108430576041e-01,-4.473444425195646779e-01,-1.127512252228460715e-01,-1.824534434837933039e-01,-1.839341990244393321e-01,-5.112440900778435493e-01,-1.034006338182029555e-01,-4.562512033659487098e-01,-2.404498911850646570e-01,-1.889589523653986969e-01,7.710811990711029240e-02,-1.790609293186913864e-01,-8.067381291839264765e-03,5.835024146237986417e-03,-4.551617563715534831e-01,-3.268549628459597178e-01
