0.000000000000000000e+00,4.194249448262818425e-01,-4.900734998542222859e-02,-2.193150357864125377e-01,-1.139733072403981660e-02,-3.773840764501720235e-01,2.554579053196804339e-01,-9.867183887618258264e-02,-9.860918420165266929e-02,-4.010584046182649187e-01,2.173761704857865296e-01,1.061571116196173281e-01,4.833972777086701506e-02,-2.553823315217031431e-01,2.750865032261547508e-02,-2.067981743041333587e-01,2.898984345101541238e-01,1.768313484219779796e-01,1.981039551598392512e-01,3.583909337165765985e-01,1.769669776597452837e-01,-1.832418889968533693e-01,-1.664915365641077838e-01,-2.427210926344373632e-01,1.008310390006855184e-01,-1.705804849439888637e-01,3.215278724165647473e-02,-8.294685525528379400e-02,1.447717492307940002e-01,-3.767410178130745774e-02,3.152288623287047981e-02,-9.093642007816957196e-02,8.984217284433463832e-03,-7.739177203277674937e-03,-7.756981264597395676e-02,1.251674556188992204e-01,2.944660734201164781e-02,-1.022268854940617255e-01,-1.208290408035847356e-02,1.278995236056132967e-01,5.718094804864662373e-02,9.877044889620387180e-02,2.292757802748054685e-01,2.458355087190245980e-01,2.179500038360638048e-01,1.779696255082153511e-01,-3.988323416029500301e-02,1.344603861378068088e-01,2.939389596206243294e-01,1.500811828684335270e-01,2.393043423819372073e-01,1.240494169971692179e-01,2.737156349583671489e-01,2.787426801026769430e-01,1.225576798463444157e-03,2.094256959028448495e-01,5.139232300627150085e-01,5.891085301166174570e-01,4.938181142036447979e-01,3.544961436062057381e-01,4.817237566410811356e-01,-5.107903036954838938e-02,2.297704446462705552e-01,1.673770425444791876e-01,1.020662546848169205e-01,-3.057353034488726196e-01,1.860592949939185725e-01,5.823684354420476106e-02,1.642071855809638936e-01,5.798497196290260114e-02,4.470255820933661389e-02,-1.472546747477760098e-01,1.150389062525938033e-01,3.075435601546087638e-01,1.634835723071587643e-01,2.473852662497710853e-01,-1.187236248348708806e-01,-2.188907420877922727e-01,2.504434993635271112e-01,-8.127676415321617720e-02,3.773018904201093648e-01,9.241786180332325906e-02,3.898977790476684246e-01,2.641652969786617566e-01,3.395275410397223803e-01,4.151895212645352606e-02,-3.444836466827210647e-02,-7.452135204707177607e-02,-1.853870631560041171e-01,-1.710951510619108593e-02,-4.144924491677314804e-01,-4.122401148438103458e-01,-4.634502323301843418e-01,-4.058172402151092872e-01,8.075466957842886151e-02,6.193641049619170308e-02,1.791136840813718212e-01,2.154640713436138388e-01,-9.393495871682971954e-02,-1.165916979025034272e-01,-5.024155259383646099e-02,-2.704538375695094143e-01,-6.616780886097817227e-02,-1.975583275592029397e-01,-3.686142882726655134e-01,-1.965938394301929570e-01,-3.357478088570349239e-01,-1.545912800302052560e-02,-4.705869207485427821e-03,9.090351757116171827e-02,-1.011282652526675901e-01,-1.674721695258286347e-01,-1.802025781946629823e-01,-1.617012291186445405e-01,-6.190452406646831940e-02,-1.697881569861056372e-01
4.194249448262818425e-01,0.000000000000000000e+00,-2.070646176225691137e-01,1.268881462469383936e-01,3.119221587793797323e-01,3.800183253379942061e-02,5.242252004467400778e-02,2.382721001228920443e-01,7.784410756547656407e-02,7.099776698897498906e-02,2.986405678354013826e-01,3.836378545736381929e-01,-1.636824711509455577e-01,1.463613285701592104e-01,-3.400481321761013587e-01,-2.816395724214436694e-02,2.301828901571935648e-01,2.070614531475203079e-01,8.223824688866641919e-02,4.237319357640648709e-01,-2.728996253441629549e-01,-4.610918451707252813e-02,-1.986581441468255604e-01,-6.163093638477790126e-02,4.762819010791657232e-02,-1.553328142668204404e-01,-4.009556682128127131e-02,5.798865960174358347e-02,2.302880467858266222e-02,3.911055229947095480e-02,8.717055491787749355e-02,3.367383782692205674e-02,2.511892057298760472e-02,1.247184963418359327e-01,-2.057009793971907863e-01,-1.410783077924771534e-01,-2.082553052407448979e-01,-3.841550117588368174e-01,-3.044903202203754766e-01,-8.510458538840406928e-02,5.219155798088464387e-02,2.145270937531597033e-01,1.871699330115334237e-01,3.485317007609284867e-01,2.500975395575539828e-01,3.654226028533607562e-01,1.657079947189901425e-01,2.889033455806083173e-01,2.417179423403519878e-01,3.053519490856628771e-01,2.968203922393381489e-01,3.625432810228763625e-01,3.477904714191468183e-01,5.161899919874989306e-01,3.739844248700548157e-02,1.175584474957698522e-01,3.645633450227108163e-01,5.540273185633340924e-01,2.967565547595137909e-01,4.782518780046000617e-01,2.340238253839335980e-01,7.249432993998648767e-02,1.131484654379067006e-01,4.786363913278056104e-01,-1.911213667868884580e-01,-1.419627111882619808e-01,-2.976600736047481099e-01,-2.157000011097861061e-02,1.406214696613195814e-01,1.655759254503720301e-01,-2.937333844637054492e-01,-2.038022273051137423e-01,2.480255609436265718e-01,2.608029101327731247e-01,2.624276835971358635e-01,2.652579668216596409e-01,-3.265124462621503687e-01,-3.284341014101658796e-01,8.424724966985018548e-02,-1.361575314041130538e-02,4.939947900589350405e-02,2.210420723332229276e-01,7.556106277936190663e-02,1.982918877601327901e-01,1.036815788774089059e-01,2.741102737094684438e-01,3.697295451391882648e-02,3.586124855933280897e-01,-1.013304631391146599e-01,8.345015467505620399e-02,-2.183493158431060732e-01,-4.746046720459062285e-01,-2.719015495096392954e-01,-3.149664726357764288e-01,-5.961715159863116564e-02,-1.014077390743207824e-01,1.741139449921860483e-01,9.538668489043555798e-02,-2.409219772590048270e-01,-2.137822051833296322e-01,-2.042031264252116007e-01,-9.093211508355010519e-02,-2.556123622939393547e-01,-9.249859109146643665e-02,-2.665736651698313309e-01,-2.858913635887196381e-01,-2.125968399676328169e-01,-1.513946548147248050e-01,-1.654658425028399105e-02,1.424160759684300614e-01,5.254978982001238391e-02,-9.032549652893991435e-03,-1.702053707558808804e-01,-1.749669037531526583e-01,-1.797462679387842044e-01,-1.834283348035513628e-01
-4.900734998542222859e-02,-2.070646176225691137e-01,0.000000000000000000e+00,4.036675602640858451e-01,1.390537463154258857e-01,1.928079269427842857e-01,4.795567636527382493e-01,2.261344122578993476e-01,4.524353384358962837e-01,1.225900919096006153e-01,-5.756367896660011252e-02,-1.355353475177293876e-01,5.723469985782016212e-02,4.003040594054979584e-02,3.728098715267614272e-01,1.201909719343928762e-01,-2.191874521546978705e-01,-1.005247445423260583e-01,2.546678798614468997e-01,-4.431142523627151298e-04,1.002532172705569019e-01,2.049452396057428460e-01,3.169020029349273182e-01,2.967208962068069167e-01,6.847202599016677382e-02,1.000735623827524456e-01,-6.470748514694096842e-02,1.793064319382226268e-01,-6.207557375647895781e-02,-1.074360047422632247e-01,-4.097276768251788964e-02,2.802257088306416843e-01,7.019907918979351180e-02,-1.275983998009194154e-01,1.190203481315510042e-01,2.695611329265594769e-01,9.787695789422963533e-02,1.681907180446226280e-01,1.026686768772571978e-01,3.952520813033572750e-02,-1.327938835556886779e-03,-5.805322793297619521e-02,-4.250040720010364037e-01,-4.944973635537963652e-01,-4.423729841863577317e-01,-3.510157243624565382e-01,-2.795623359615485581e-01,-5.225302818875809940e-01,-3.572813541016889305e-01,-2.037867541326182641e-01,-4.635021904488005329e-01,-3.678517537985420138e-01,-3.450421516772817498e-01,-2.786353334700293338e-01,-3.556509833969543344e-01,-2.408416363254342329e-01,-2.428604459224754930e-01,-2.092206467782704582e-01,3.901137839666687923e-02,-2.134440168186924336e-01,-1.583009853307437709e-01,1.200221631918003268e-01,-2.867338919244415418e-01,-9.520552517450267538e-02,2.228260526355535509e-01,3.433658114115580307e-01,1.968782614516688678e-01,-1.872198153083616534e-01,-2.129638886409696286e-01,1.313553542056662693e-01,3.903453487335514782e-01,1.838764270570240611e-01,-2.867736014213960738e-01,-9.109119889701026984e-03,-4.440996624448761976e-02,-1.636147282527461791e-02,1.011117621253135035e-01,2.693792272548941602e-01,6.107150171968706021e-02,-1.967966022288799854e-01,-1.807964536618099360e-01,-1.565397192357108058e-01,-2.173312498356672340e-01,-3.245013260023449364e-01,-5.784992818758213917e-02,-3.568509648824422231e-01,6.699711255260019926e-02,-8.102660834128855294e-02,-1.310147102212253639e-02,-2.945159194400530644e-01,-3.766813597505352246e-02,-1.031398264839334389e-01,-1.074786838777902348e-01,-5.005761990058509719e-02,1.678227076247315319e-01,-1.633654951670105229e-02,3.734985480110115247e-02,-1.821669989500202536e-01,1.113933266923061716e-01,2.083662192883753150e-01,1.292312656960588058e-01,-7.446153412735229127e-02,2.168279814777886449e-01,-9.156076310901643161e-04,2.455148751882218483e-01,-6.405963363236195918e-02,2.765341291703163895e-01,2.997251508873987613e-01,5.347240079105072819e-02,-1.339853247665215852e-01,-1.604654208037994689e-01,-1.256343477065913483e-01,-1.928133596242984638e-01,1.302846793474438380e-01,-2.662807860784640462e-02,6.946174409574461250e-02
-2.193150357864125377e-01,1.268881462469383936e-01,4.036675602640858451e-01,0.000000000000000000e+00,2.142421656161116739e-01,3.381019523579612551e-01,2.878104677282354862e-01,4.294677474049817256e-01,3.936826566831842511e-01,4.847690851307747684e-01,-2.483195570385769158e-01,1.995091144597903599e-01,-7.166148208962049015e-02,3.267701841382386618e-01,1.352942724676642339e-01,8.379493022850609263e-02,-7.209274685336053423e-02,-3.052528829250651388e-01,-3.128376117354686459e-02,2.207289950130856826e-01,-1.177262696971473899e-01,2.592306537499851626e-01,3.915153680199531805e-01,4.581144208211645474e-01,1.455928475405331990e-01,3.035855874798693566e-01,-2.669659680962059231e-02,1.057367600443546718e-01,-2.077088045199733668e-01,1.131059785596777272e-02,1.180354161215537018e-01,1.959529145156307939e-01,1.521413611555307889e-02,-5.741497194569844531e-02,-8.371861747926642727e-02,-9.486748116110606255e-02,-1.995806700730728966e-01,-1.329603276010351276e-01,-2.369167880016921635e-01,-1.066055022843128280e-01,-1.056627806915809570e-01,1.789253984614630755e-01,-3.606975530774976790e-01,-3.043069612260234647e-01,-1.840537090843141210e-01,-1.347121322858910453e-01,-3.214155993860213223e-01,-3.199594597402390939e-01,-1.166850507610406873e-01,-1.317737377118837969e-02,-2.945486351334254405e-01,6.391460858692855906e-02,-4.185877223731835350e-01,-1.406757100790687331e-01,-2.864399683861728052e-01,-8.107187352261731317e-02,-2.345410183650856184e-01,6.530734314926674167e-02,-1.079693293308481294e-02,2.129535846404085886e-01,-2.470770553941230574e-01,3.044390908827288023e-01,-3.284989579899262324e-01,1.321426836588140696e-01,-1.730776347427808448e-01,4.800156548129816403e-01,-6.057527100644211071e-02,5.301119994898836896e-02,-2.398330019817110359e-01,2.550299111210180270e-01,2.194586449289768759e-01,7.598951065123640825e-02,1.087280197223319950e-01,1.317670948299980993e-01,3.319707231093038668e-02,5.760997205197032015e-04,-4.240209504926183148e-02,-3.018927751275976568e-02,6.116686503943790862e-03,-3.596515656171412334e-01,-5.556008209693552580e-01,-1.698599951221876070e-01,-2.792182911273256019e-01,-1.538778216127035803e-01,-8.775762771201614520e-02,1.751553221914091685e-01,2.603345711594242107e-01,3.941478961607149389e-01,-2.405878525656636457e-01,1.217006855194272957e-01,-3.120612657007883553e-02,-2.390225720467407944e-01,-3.923678130665656134e-03,-4.910745344356525627e-02,-5.450036234875291902e-02,-3.086900442290572699e-01,-2.906565381918830848e-01,-1.226667040093991495e-01,-3.231942653013987754e-01,-1.550199702908928168e-01,-2.305653036928907995e-01,-2.463599911409244947e-02,-2.165740310114429579e-01,6.418318236184828753e-03,5.175414578399951254e-02,-8.727578217689255236e-02,1.216995352821960696e-01,2.422413028271567514e-01,-6.753948163789087744e-02,2.040890596653406001e-03,-3.517127424662643831e-01,-2.425596725747166948e-01,-2.499747809422301070e-01,4.363118545095814871e-02,-2.209652239770128201e-01,3.501217497929351996e-01
-1.139733072403981660e-02,3.119221587793797323e-01,1.390537463154258857e-01,2.142421656161116739e-01,0.000000000000000000e+00,2.789985178119485099e-01,5.729074032086492983e-03,5.730356069861387153e-02,3.387545911585421732e-01,6.525240593718603654e-02,9.582949380273377005e-02,7.501597744746851815e-02,-1.814012681126351278e-01,3.198165723968366958e-01,1.105098931913430504e-01,2.058596330025992960e-01,1.031042702135428618e-01,1.471176056672883203e-01,6.598864726392843216e-02,2.286035272271509100e-01,-2.198874321640360285e-01,1.566378101340947793e-01,1.805083203219610410e-01,2.210183586554544388e-01,2.438916332951914512e-01,6.878448429441011425e-02,1.929113572541663324e-01,1.768125179487659293e-01,1.695479395512999865e-01,1.036372341862673296e-01,-3.650044321921814411e-02,-4.156700803290807461e-02,-4.011992705964098627e-02,1.801523629568863027e-01,1.366660001930906920e-01,5.070260506475532392e-02,-1.918445506425736913e-01,-3.527237277437695329e-01,-1.647739499054396151e-01,-1.156664346760155060e-01,-1.029281848497314023e-01,-5.667216061685991478e-03,-2.147722199972402213e-01,1.016818734493936949e-01,2.465988311346301587e-01,2.927112579209292242e-01,1.366644488237074573e-01,6.078327756474381956e-03,1.345002848730331158e-01,1.499313636540431649e-01,9.956734100917585817e-02,-7.505812067578437365e-03,-8.355285501636307288e-02,1.103734997367710885e-01,-5.071340885061192960e-02,-1.121787008548636409e-02,3.008408875420727838e-02,4.876752039086787449e-02,1.575373607906462303e-01,1.721202848497718763e-01,-3.641283878367717469e-02,-1.203561034320822648e-01,-1.796936539768811125e-01,2.333865314162851257e-01,-1.448099691958082413e-01,-2.000028380024148483e-02,-3.017588746139598932e-02,-7.892655827696493098e-02,-9.916833596107489657e-02,3.862260009550266826e-01,1.129265575473029082e-02,1.622567667884014797e-01,3.149351150651639730e-01,1.855149272980060604e-01,1.364472552176880689e-02,9.302120080507046695e-02,-9.153675299758783079e-02,-2.306194826206893200e-01,-2.111810544255521629e-02,1.416801257898672173e-01,-1.142417201681525801e-01,3.165708268977918821e-02,-1.685539059953523044e-01,9.060632239692427425e-02,9.094541467804791168e-02,1.303629321889403503e-01,6.094391116773367062e-02,1.805651683204631541e-01,-6.747610164907925923e-02,-1.966569705082859831e-01,-2.544460137914204556e-01,-4.106368319642789144e-01,-2.252245970957123256e-01,-1.270013255007545194e-01,2.667518157632327580e-01,1.978063526635613911e-01,9.733746910659110685e-02,-2.368850360633604699e-02,-1.526966259876141319e-01,-1.119771369641001241e-01,-1.846725030592484273e-01,4.546368595639543181e-02,-1.258178440943651388e-01,-1.077666646010486118e-01,-4.747562745618889857e-02,-2.929183627172082804e-01,-1.948812900154476557e-01,-1.659251630925714649e-01,-2.034047293185053673e-01,8.892975231202751574e-02,-1.047410685446592271e-01,-1.027249093584260003e-01,-2.157771947237495380e-01,-1.576769509967709468e-02,-8.898040385816968767e-02,-2.676169357883680933e-01
-3.773840764501720235e-01,3.800183253379942061e-02,1.928079269427842857e-01,3.381019523579612551e-01,2.789985178119485099e-01,0.000000000000000000e+00,-2.075034712206020038e-01,3.840565771383197546e-01,2.176836153186102740e-01,3.867460231967727036e-01,-1.219028858577559521e-01,-9.015157567390537363e-02,-1.999705442295912905e-01,2.958441341110292222e-01,-8.701986934785442551e-02,1.996287257130486548e-01,-3.616179957147960256e-01,-2.054970192328030992e-02,-1.315145030499282885e-01,3.221789491830946012e-02,-9.366679135943420734e-03,2.809064652394417383e-01,8.312311736313340860e-02,1.373392680608163108e-01,7.723307707259940980e-02,2.515618291430911091e-01,-6.378648448359693079e-02,1.831040166962152604e-01,5.285973667447373819e-02,1.145428426215920614e-01,2.410162236280059267e-01,2.171328785565889430e-01,-4.555696087162981051e-02,-1.523595888165356904e-01,1.249980125363425315e-01,8.936179506855598809e-02,6.364508406427309140e-02,1.321170642207990520e-01,-3.557404648526819174e-02,-8.475294637325063440e-02,-1.140203345870248741e-01,8.359846869845179163e-02,-1.194485046668803674e-01,-4.616457529934320236e-02,4.393909904730724375e-02,6.436783574890006000e-03,-2.376076778787149235e-02,-1.657506877288366168e-02,8.924411460699219201e-02,5.496586130343208976e-02,-1.475141159214419240e-01,8.245211873352163712e-02,-1.390352362325794344e-01,-1.011338462855960151e-02,2.779551679748774179e-02,-1.056792282761136181e-01,-1.838395514690294719e-01,-6.408839567633724255e-03,-2.310866877213786294e-02,8.983694087922289295e-02,-3.941376576692275369e-01,8.146281679288233657e-02,-2.390534290752550362e-01,2.310229517874924088e-01,-2.973220894168517869e-01,1.536917852633040149e-01,-1.402712414593957901e-01,-4.257155063715021420e-02,1.279020540438614573e-01,1.613246690412916406e-01,4.187828603218800988e-02,2.110224606951942861e-01,1.424196494872113361e-01,2.123475748005115016e-01,1.709214082177201444e-01,-6.962723309127308302e-02,-1.980907069820112554e-01,3.437987024653767210e-02,-1.861956534707164823e-01,-1.726803038548109237e-01,-1.267998752885138303e-01,-8.176232898881997946e-02,-5.435145201451532793e-02,-9.618996122525237669e-02,-1.689645010662342572e-01,-4.183963019512825648e-02,3.509425910706952534e-01,2.054292309848405884e-01,9.384175435651348485e-02,-1.915098031131391987e-01,-1.175023591145598068e-01,-7.293255537573516134e-02,-8.826683891988414132e-02,-2.212735494040710404e-01,6.615564209180131716e-02,-1.906992866280234344e-01,-7.273048008253631125e-02,3.829736666389785271e-02,-1.733472305702292715e-01,-2.339009915295020212e-02,-1.613553100483066105e-01,-1.463990477873469420e-01,-5.921128462404733062e-02,-3.676144223714802872e-02,-1.356432474901062835e-01,-4.263741731818647129e-01,9.775806499187039700e-02,1.503885590547075768e-01,-5.915102992469530724e-02,-2.719287784043774026e-01,-1.748341851961730253e-01,-6.357127618124436275e-02,-1.318991153678249380e-02,1.837274946345911486e-01,-5.781486380049138257e-02,7.007021815877889637e-02
2.554579053196804339e-01,5.242252004467400778e-02,4.795567636527382493e-01,2.878104677282354862e-01,5.729074032086492983e-03,-2.075034712206020038e-01,0.000000000000000000e+00,1.979765338474984426e-01,-1.029133026144788410e-01,-1.905402881463960640e-02,-1.738792297292793970e-02,1.283094506237313429e-02,8.686482200821984967e-02,3.597515663075279146e-02,1.436197877375664511e-01,-1.627657952317887180e-01,-1.671636932972876410e-01,-3.946414745863938700e-01,4.509011383304152853e-01,2.377748169951584556e-01,-5.249104161304853078e-02,1.077115165023150717e-01,1.479804959572024459e-01,3.864520770238645542e-02,-1.409475368927787589e-02,-2.772364359194923189e-02,-1.686500750465456944e-01,1.403558289602435116e-01,-9.860810702621798651e-02,-2.487346757454142465e-01,-2.201712877688637715e-01,1.525557633662800311e-02,1.315712341581135036e-01,9.775563562204384049e-02,-8.293560182481159171e-02,-8.774761503991379552e-02,-2.865763246439096412e-01,-1.921066030600173113e-01,-3.753033101785279574e-02,-2.695337406875134012e-01,-2.535525360494069735e-01,2.004062862172997783e-02,-3.513244066741751381e-01,-4.470788106273166362e-01,-2.563685837105534882e-01,-2.254688927315220137e-01,-2.509166197491873862e-01,-3.475635846675608764e-01,-1.413256186942294657e-01,-2.407022823330087422e-02,-6.562982450682615376e-02,-1.123879487693733165e-01,1.751714925228653116e-02,6.629104222191305185e-02,-4.100455375470749009e-01,-6.104093081813446314e-02,1.810279277964837313e-02,2.625723286897172631e-02,1.873808693584380902e-01,1.620691339334606462e-01,1.474081724003030169e-01,3.039607626756772873e-01,-2.747732365278618416e-01,-1.241905756940540374e-02,3.235176842416300214e-01,1.275702634250217293e-01,2.600627879889621519e-01,-1.271132426320484843e-01,-8.680047281508850021e-02,8.619349572810106053e-02,2.868858817582266574e-01,-1.202936257381424234e-01,4.573545601548070078e-02,-1.406151908876056029e-03,3.975494588742643776e-02,-8.920299208024329296e-02,1.526244913880773491e-01,-4.019957568692208300e-02,2.282964087590298174e-01,-2.383828122475989686e-01,-1.770442666005792864e-01,-9.213578046528560217e-02,-2.269141997014041123e-01,-1.976936617450425204e-01,1.197793778927579017e-01,-1.519286818446090870e-01,-1.707832191253733645e-01,-1.032360745159236794e-02,-3.439171165263006369e-01,-8.238082029023886810e-02,1.429219347109715425e-02,-1.669844844259852079e-01,7.288263110884776741e-02,6.340398017264646524e-02,-1.994060667066851686e-02,-1.569007097294663755e-01,-6.387816411844786380e-02,-1.151923388267790394e-01,-8.081757280115860198e-02,-1.000380841439039853e-01,-2.913438968132381953e-03,1.342549920829049503e-01,-1.735088586723664006e-01,-2.444999610793883449e-01,1.035743242283782006e-01,2.503013193954030102e-01,-3.771699704867802899e-02,1.816513868491282518e-02,-4.835575401405964313e-02,7.145135534297916702e-02,-1.576911494175353423e-01,-2.190509686366934883e-01,-2.186075116747386304e-01,6.682842824388554592e-02,4.377947597339561236e-02,9.276723862411388744e-02
-9.867183887618258264e-02,2.382721001228920443e-01,2.261344122578993476e-01,4.294677474049817256e-01,5.730356069861387153e-02,3.840565771383197546e-01,1.979765338474984426e-01,0.000000000000000000e+00,1.730092813887018355e-01,3.144203946082450574e-01,-1.045034642889632742e-01,1.599574808331999387e-01,-1.241507703655072431e-01,1.811069103743178088e-01,-2.742492533102123750e-02,3.085336766016344434e-02,-6.995749397893424870e-02,-6.130862440550682163e-02,4.765793144765177042e-02,2.292706056445246443e-01,-2.155150514775554527e-01,3.344669079838515913e-01,2.185715382155366815e-01,1.661379898564658841e-01,-2.641776817037653872e-03,4.287543119489501536e-02,-2.698810098187636175e-01,1.402715475466723150e-01,-1.877989651918184066e-01,-8.461983349787681463e-02,1.730844832066482653e-01,1.786156133321448181e-01,4.400277582667169035e-02,8.662622150060372839e-02,-1.233130800408262645e-01,-1.591266045678497720e-01,-1.534002982074751942e-01,-2.324043048018696947e-02,-3.407984778048229746e-01,-2.993710439581251936e-01,2.688998525818564749e-04,2.136314667548789570e-01,-3.192515134966067425e-01,-3.200453942391235373e-01,-2.179528853713674774e-01,-1.245839617164097995e-01,-2.221314397463298729e-01,-3.416141354284575882e-01,-1.679312315443826642e-01,-5.647030804348514288e-02,-3.779031100458239978e-01,-1.262100307057950621e-01,-5.518024043527574446e-02,-1.711139118653353663e-01,-3.235004128477186880e-01,-2.324782107955875587e-01,4.719985741442188354e-02,2.153661870002763490e-01,2.685191373303556506e-01,7.021549724111977864e-02,9.915799845310305574e-03,3.885133572724829287e-01,3.345428643758251250e-03,3.219690928665734919e-01,-3.255416615340511743e-01,1.033870707346421086e-01,-1.751210658559590738e-01,-1.319177400610509476e-01,1.279851314869583090e-01,2.093759721106963900e-01,1.366593150048723282e-01,-1.509565291982860880e-01,1.969179072803999009e-01,1.257290184382423293e-01,2.407258218112997006e-01,1.678084340619921955e-01,-1.020135028928630117e-01,-7.750464000863792335e-02,5.719799052275945095e-02,-2.752209991698774671e-01,-2.518245744720681856e-01,-7.230132301953977325e-02,-1.891118956531857298e-01,-2.706295104401102991e-01,-1.801428822620762260e-01,-1.549133749402933635e-01,-2.528094917637470004e-02,9.605268025969959655e-02,-1.869484424203894379e-01,-1.967382979085284186e-02,-1.164137519007375499e-01,-8.930650884442963011e-02,9.736339326094765878e-02,-8.849706049735583946e-02,-2.048117005194141638e-01,-3.174946455292299574e-01,-5.564849103987725559e-02,-1.285076695735487828e-01,2.705340219752437603e-02,-7.933942666445901321e-03,-1.913162583472586831e-01,-8.566812702314138828e-02,-1.553215590937392643e-01,-2.413782026521079371e-01,1.109618131295913440e-01,-3.342886269211995526e-02,5.291734740558108607e-02,4.534154287165515634e-02,-1.016796820436013105e-01,-1.661118591975309644e-01,-6.729632225393414324e-02,1.293872823263727823e-01,1.035990051591327218e-02,5.677051502442427566e-02,3.748192579034283906e-02,3.670709363444442097e-01
-9.860918420165266929e-02,7.784410756547656407e-02,4.524353384358962837e-01,3.936826566831842511e-01,3.387545911585421732e-01,2.176836153186102740e-01,-1.029133026144788410e-01,1.730092813887018355e-01,0.000000000000000000e+00,2.250200214722088699e-01,1.949751545162931865e-01,6.195531269348526077e-02,-9.559304309647083386e-02,-7.590107259920783611e-02,1.981954816535932973e-01,2.382289308292679098e-01,7.754706658705066979e-02,-6.526208058812588142e-02,4.385174689592336028e-02,1.893742562903176774e-01,-8.236810107180818352e-02,2.600302858841856829e-02,4.575216105522416088e-01,4.143884338328922556e-01,6.577448807944499820e-02,1.216730268250895280e-01,-9.968248528261997032e-02,5.539065590343522638e-02,1.092501766821012826e-01,-1.170284100254523688e-02,6.712006478813625776e-02,1.157983450429462963e-01,-3.755704564451822769e-02,-4.816740808756832942e-02,2.526147714291707841e-02,2.375119151611416735e-01,1.480562291000235998e-03,6.134057926415022177e-02,-1.345347046936340163e-01,9.649902102504233359e-02,1.230147231626828042e-01,-2.246715223294211763e-02,-1.127297192198462999e-01,-3.267102572090274659e-02,-1.481648088913090078e-01,5.802036898161708894e-02,4.116796424120024731e-04,-1.628370366853069684e-01,-9.384199311363745910e-02,8.289303144723358940e-02,-2.208423970626123278e-01,-1.429625255955025986e-01,-2.974537652977922719e-01,-1.072099625056000261e-01,-2.578999803002973712e-02,-2.417667014340554033e-01,-2.061583726014426243e-01,6.090737658452869546e-02,1.486736064859981721e-01,-6.700672848027060258e-02,-1.814781176729877987e-01,-6.468679480675719462e-02,-9.901247966760999553e-02,9.277355767290154653e-02,-2.704438631174391205e-01,1.935459159954754926e-01,-2.297851858146152670e-01,-1.291347222622271917e-01,-2.166096714042831939e-01,2.319357349977419769e-01,1.875019820237217583e-01,2.645060922136168169e-01,-3.401388302016890297e-02,1.129742830593443575e-01,1.363362602625896591e-01,-3.003591989329514045e-02,-1.612954971979345120e-01,5.358960530989995141e-02,-1.445299923728342664e-02,-4.683736697852564079e-02,-1.863866887950896556e-01,-4.042278422867914833e-02,-6.957461609184714679e-02,-2.251480160411205023e-01,-1.736803213160522108e-01,-1.554733765566523318e-01,6.833450427364852475e-02,1.832358336499116669e-01,3.483855481213740668e-02,-1.515341996016836557e-01,-7.617002953609194882e-02,-3.491218066441098000e-01,-1.341841695134914914e-01,-1.540746731886464549e-01,-7.436279461955765113e-02,-6.691360987646614855e-02,-2.362391688949421528e-03,-1.767978391912542191e-01,-1.040722314205697607e-01,-9.098264793102502079e-02,-2.148893081092761725e-01,-1.090605553839043979e-01,-3.900150267402363591e-02,2.679641795577212063e-02,1.305150857892102556e-01,-9.310722436704380045e-02,1.338604700930776659e-01,2.436081143094485923e-01,-5.583873982222631316e-02,-1.127134036658831440e-01,-1.091932350449597439e-01,-3.254792203712645882e-01,-1.781974306967068211e-01,-1.868700154388478613e-02,-1.382589201311520133e-01,7.995091900435057075e-02
-4.010584046182649187e-01,7.099776698897498906e-02,1.225900919096006153e-01,4.847690851307747684e-01,6.525240593718603654e-02,3.867460231967727036e-01,-1.905402881463960640e-02,3.144203946082450574e-01,2.250200214722088699e-01,0.000000000000000000e+00,-1.300110786813598596e-01,1.128721253459010337e-01,-9.106354567905773634e-02,3.856738923445355849e-01,9.913912333417231743e-03,3.380095059401294622e-01,-1.116135626266063219e-01,-2.745526109706880602e-01,-1.626186944535889245e-01,1.674574892605857623e-01,-1.158063675002360265e-01,2.726505690625755096e-01,2.372614298151600742e-01,2.659160660770631956e-01,-8.967145108870987202e-02,2.072091609820254920e-01,2.034012200430272699e-02,1.694912674758926596e-01,-1.572337356557903798e-01,-1.241858018093933286e-01,9.009692399907086313e-02,1.253369840471798280e-01,-1.111103732866172283e-01,5.845960298193176446e-02,-6.091715503994558911e-02,-2.275664249115664228e-01,3.197702264755267199e-02,1.250277857771340817e-01,-1.321151756900021956e-01,-1.502805434502294257e-01,-1.574433677620766803e-01,7.434061202580516392e-02,-1.805753150672506635e-01,-2.755857683609796438e-01,-2.083540457597265749e-01,-1.304661915537361216e-01,-1.569271016791117523e-01,-1.159368725461281668e-01,-1.703381145123742668e-01,1.240705663968001693e-01,-3.134048270258694702e-01,9.987646067974533318e-03,-3.269202540552917924e-01,-8.843580333552659989e-02,-2.530346380238386317e-01,-2.830412691049641882e-01,-3.387438142569437205e-01,-8.666043697125160039e-02,-1.037118880602793114e-01,1.446234390081132214e-02,-1.839143711348353583e-01,1.326979597597678917e-01,-4.165122480275284533e-01,-1.599944362894588634e-01,-2.380870540779732869e-01,3.026862054665737656e-01,-1.948873675612710077e-01,-2.097590693318026056e-01,-1.396697807135245661e-02,1.986697806409700173e-01,4.869987915250689053e-02,1.943787859939397344e-01,1.300630931545003199e-01,1.287376326329097709e-01,1.233845907239999318e-01,-6.642903565714818048e-02,-1.664626289364953826e-01,2.232965491091211396e-02,-2.888283921891514061e-01,-1.077532315750109881e-01,-4.560902110865032166e-01,1.130499132961849777e-02,-2.003457337276876304e-01,-1.222550076376709566e-01,-4.778098218882874115e-01,2.808094940985228841e-02,7.436347299532465593e-02,2.298396622253858768e-01,-1.732389732788083281e-01,5.395310694255423672e-02,2.916858925438842176e-01,6.164926772628132740e-02,2.532782161052285486e-01,2.490600293220356434e-02,-1.493490912196889508e-01,-2.602184214862645617e-01,-3.187954971505861379e-01,-1.745547542851655920e-01,-1.615226297928489541e-01,-7.705650379667655647e-02,-2.216189633956680005e-01,-2.260679721388974550e-01,-2.063107440983638352e-01,-9.701590176417894396e-02,2.042217916847378356e-01,6.060883033844737672e-02,1.963922676736403194e-01,6.724186253746233799e-02,-3.201161447519328129e-02,-6.415485645333156295e-02,-1.675486996158588870e-01,1.570479287959256620e-01,6.099403767232274703e-02,4.933046469535243977e-02,-1.003189601690036292e-01,1.517342298856804439e-01
2.173761704857865296e-01,2.986405678354013826e-01,-5.756367896660011252e-02,-2.483195570385769158e-01,9.582949380273377005e-02,-1.219028858577559521e-01,-1.738792297292793970e-02,-1.045034642889632742e-01,1.949751545162931865e-01,-1.300110786813598596e-01,0.000000000000000000e+00,1.547024155285596503e-01,1.406781421980177020e-02,-1.200358775265513434e-01,-1.050908729923370234e-02,4.654743069048173504e-02,4.106018524106050394e-02,-6.972417603733870040e-03,2.776584454931145252e-01,1.909696496537811039e-01,-6.924334693500105997e-02,-6.590520265456964455e-02,-5.993639254712311570e-02,6.325752105621094967e-02,-2.372221854210102010e-01,-2.936588030491927293e-01,-8.788340875833917931e-02,3.084521218681651397e-02,1.627712361659902351e-01,-1.203526032004516577e-01,-7.797554506278372988e-02,-4.589295963920557268e-03,-7.424590757339059877e-02,-1.136265054911026057e-01,1.154294773855341419e-02,1.804768684289309866e-01,-8.331743803572733489e-03,-7.412823118739887696e-02,1.208075529503269963e-01,2.931932242492587409e-02,1.893227975382853201e-01,1.722333787618506584e-01,1.895141203174292022e-01,2.032185948457000402e-01,-2.656899983175928584e-02,7.968123461885361081e-02,1.135704224187009531e-01,7.994778344726533037e-02,-4.382269506863943447e-03,4.410632808345568007e-02,1.039125162692772636e-01,-8.070064941356522303e-02,1.560321281930469595e-01,5.431339239573577254e-02,5.320499901691062156e-02,-1.874198853594691294e-02,2.307845830304837420e-01,1.739609797771988764e-01,9.441846470355279297e-02,2.924618867776174885e-02,1.545684400499063582e-01,-4.339775540045637953e-02,-6.627640449708377401e-02,1.174069236750241302e-01,-4.956498989908350583e-02,-3.162627448608842373e-01,-1.590260133582895308e-01,-6.931592597918100063e-02,1.598136297230725797e-02,-2.179051058809760091e-02,-1.100332908384440700e-01,9.320748093822503466e-02,8.876049120641912871e-02,-1.504671537074016470e-02,9.555125132626120232e-02,1.251775774121630380e-01,-4.977985688462568947e-02,7.421612649905477699e-02,-3.926804736212800157e-02,1.669273204197835314e-01,1.123949968936211324e-01,7.918775649794160265e-02,-5.004700894310590287e-02,1.343130798491840028e-02,-4.585146586479906666e-02,-1.359548554321960145e-01,-3.433383853222484183e-01,-7.373012472375151116e-02,1.660855123119225341e-01,-9.328116154221968714e-02,9.485946704578278321e-02,-1.386172146494447643e-01,-1.585643863256033237e-01,-3.687995709008199535e-02,2.368154850071554560e-02,2.868329483358622936e-02,2.719094893667097224e-01,5.515390402928656288e-02,1.882350881154976757e-02,-9.610020923612372715e-03,-9.296075276988702285e-02,2.099240335893437781e-01,1.658823543756152109e-03,5.998246716306129128e-02,-1.346311448706054570e-01,7.082639262208993399e-04,-1.074406711178189228e-01,-1.134869133639577754e-01,1.237581784571723104e-01,4.803679252778485231e-02,1.438107858619510071e-01,-1.135250363855627581e-01,1.619867452897628401e-01,-2.112277355005456880e-01,-7.922125848485036051e-03,-1.020409800686544466e-01
1.061571116196173281e-01,3.836378545736381929e-01,-1.355353475177293876e-01,1.995091144597903599e-01,7.501597744746851815e-02,-9.015157567390537363e-02,1.283094506237313429e-02,1.599574808331999387e-01,6.195531269348526077e-02,1.128721253459010337e-01,1.547024155285596503e-01,0.000000000000000000e+00,-6.079689621806343841e-02,5.686011398517740872e-02,-1.321242645560356116e-02,1.200694156640317728e-01,1.000661191285594914e-01,8.170527269831232009e-02,-1.041507205937916708e-01,2.160261167286723905e-01,-7.582541065096728983e-02,-8.463008150523705642e-02,1.261062386546916991e-01,-3.742365062918546342e-02,-7.582967018096545275e-02,1.717646217326756486e-01,2.747791048417304663e-02,-2.582413530051528086e-02,3.101719281671789230e-01,8.442782610091428830e-02,2.629759379117805329e-01,-6.386321638024727854e-02,1.433698352452441316e-01,-2.988867443092040402e-02,-3.195323576857495712e-02,-1.059645655261964997e-01,-1.464900063996181778e-01,-8.084130997560019793e-02,1.519603526839117050e-03,6.165504165154069710e-02,1.104012845122736564e-01,9.686896463013587588e-02,-1.294466611663670497e-01,7.037481661667871480e-02,-9.455748288066924412e-02,-4.740923194276116387e-02,-1.122604521544582901e-01,5.245835948434959817e-02,-9.179411798472628461e-03,1.166096193530923447e-01,-2.891964504472151545e-02,7.502057716973009605e-02,4.246838210776186784e-02,6.589082181236994608e-03,2.032798135309103194e-01,1.257140360402004831e-01,5.708520600407038237e-02,1.500837338210710969e-01,1.095163664632629319e-01,1.983392618471354618e-01,1.132180925209520517e-01,1.916027088104100828e-01,2.871855213556662179e-01,2.149525929566493132e-01,-3.336194659493631476e-01,-3.197887750426745002e-02,-2.814831963559158434e-01,-1.417741738286054654e-01,-3.393942319840851929e-01,-3.278195539597440478e-01,-8.893612680223351996e-03,4.475577773558955808e-02,1.929483567495509921e-01,1.546847516060086691e-01,2.737052277780496201e-01,1.186957584370113561e-01,-6.264404702406549397e-02,-2.705065537781582707e-02,5.819588578411378360e-02,5.318900387138093822e-02,9.503819663151102937e-02,-8.909618600026157631e-02,1.455077503597324573e-01,2.076217127268956686e-01,5.391216001920874634e-02,3.039468482367846947e-01,8.936872580393065424e-02,2.040547365778811184e-01,9.867390801126750544e-02,1.774969765299065361e-01,-4.208205034471886735e-02,-1.314320344916341254e-01,-1.255525702175503688e-01,-2.529387848915034542e-01,-1.780245196556760889e-01,-2.695552840816433648e-01,-4.663922408934893099e-02,-2.017892097877929947e-01,-1.539673589358862005e-01,-4.217386374702308122e-02,-1.506834019830763094e-01,-1.549602920292151853e-01,-1.709990926449678761e-01,-6.656267174659147301e-02,-1.887185848909894992e-01,-1.523825069580881930e-01,5.180451692176901712e-02,2.055233662420555621e-02,3.897584843507611446e-02,-2.884943704761584390e-02,-1.540869765267971203e-01,-3.580647610883726933e-02,-1.330262693620017089e-01,-8.467545875460104343e-02,-1.554063100975722755e-01,7.049030046228463298e-02
4.833972777086701506e-02,-1.636824711509455577e-01,5.723469985782016212e-02,-7.166148208962049015e-02,-1.814012681126351278e-01,-1.999705442295912905e-01,8.686482200821984967e-02,-1.241507703655072431e-01,-9.559304309647083386e-02,-9.106354567905773634e-02,1.406781421980177020e-02,-6.079689621806343841e-02,0.000000000000000000e+00,2.062701561480351914e-02,2.481481057816967498e-02,1.011392022531537871e-01,5.828096736210912170e-03,4.732751260448946756e-02,4.194889768063775337e-02,-3.391014466225860668e-01,2.007172842607128083e-01,9.806936331924605288e-02,8.540378057380201837e-02,1.088532847399228780e-02,4.224602677737000767e-02,2.917121679914665977e-01,-1.703610519046764860e-01,8.881769356627700757e-03,-1.119336985544776841e-01,-3.928280121991298973e-02,-8.969968748892996613e-02,4.075964770190620978e-02,-1.552316709871000289e-01,-3.145437528267132632e-01,1.109730229292197057e-01,-1.095287499388296858e-02,2.815628625738368362e-01,1.035475761145163986e-01,7.137529612735929452e-02,1.026731249900545428e-01,2.007541898435913630e-01,2.502183435157985872e-02,-1.602250023776432553e-01,-2.360620785488300732e-01,-5.605453030824591315e-02,-4.310845188197187650e-02,-1.285350557622423895e-01,9.887047863017837251e-03,-4.211601284682231494e-02,3.548864273685754106e-02,-1.102211156388784030e-02,-4.457598075184303343e-02,-1.424784990726812341e-02,-9.742494457979844480e-02,-1.519419229740227029e-01,1.834373521091822445e-01,3.499567387386964823e-03,-9.433983628806949517e-02,-2.444147262137371934e-01,6.409070388255715123e-02,1.272716188762271772e-01,6.902755491617997008e-02,-2.824546775768210782e-02,-4.285012080638808118e-01,3.493089732242891654e-01,-4.118279561751686524e-02,7.102346636244184774e-02,-1.235601385044338661e-02,-1.790572780388362817e-01,-1.491385875292099150e-01,7.377268209353993189e-02,-1.206705506337535233e-01,-1.791614399449789896e-01,-3.948761925650992044e-01,-5.611619772080487199e-03,-2.976865763736135650e-01,7.190025355971767229e-02,2.356304044702101086e-02,-2.048394598771354769e-01,-5.776672489090483448e-02,-2.911647022945372532e-02,4.844321876605776206e-02,5.381246119293670027e-02,-1.295557431668498127e-01,-4.985590797476607133e-02,3.093577858613919540e-01,-1.739480625309602624e-01,-2.532204553106518485e-01,-1.684483797125008522e-02,2.888992949561118920e-02,1.094193449365683662e-01,9.339734032276653108e-02,7.028251215650706263e-02,4.829219510663328857e-02,-5.585277352127858419e-02,9.805776838888306812e-02,-8.751137245624386607e-02,-1.289676002637117347e-01,1.845646995665276013e-02,-4.309539970719003521e-02,-1.004814742224565127e-01,-1.678226781643409743e-02,-3.757147488321543188e-02,-1.045727437495023726e-01,1.670112475092816740e-01,1.944709418776708332e-01,5.058207337316082686e-02,1.253003261585393657e-01,2.325522325315316011e-02,2.035612661238908327e-01,-8.402597020246583420e-03,-1.665021049117012819e-01,1.180864958213349580e-01,1.428588729228789760e-02,1.977303562967648587e-01,7.126852113365373005e-03
