0.000000000000000000e+00,4.933294223400803979e-02,-2.420248945462144530e-01,-1.550282878844309875e-01,-3.049073359140537232e-01,1.409898242832418602e-01,2.516054596015355749e-01,2.775299864794063542e-01,-2.331352458003525807e-01,5.649151223022933627e-02,4.772051221046534342e-01,4.720975898582777663e-01,2.278358522512968776e-01,1.943664993644069749e-01,-3.806824003739644469e-01,-4.315106244683096226e-01,2.809797919083983908e-02,9.430069295199905444e-02,6.321656021581149032e-01,5.149146414011706030e-01,-1.695593572384807290e-01,-3.270554462257463935e-01,-2.793435571713039356e-01,-3.091644857748356845e-01,-3.470260780055547389e-01,-3.589005928396200029e-01,-3.267540918959740415e-01,-3.547584745868726519e-01,2.323910911420608849e-01,7.047175139468289662e-02,-3.335509368443932698e-02,-1.177508837236919056e-02,1.600071963930864982e-01,7.526817140030248043e-02,-3.929817992373523805e-01,-4.154451386523255740e-01,2.932662657328537203e-02,-2.426508466412965470e-01,-9.028976664611859659e-02,-1.258407537010149402e-01,-1.982867993193196052e-02,-1.943526235690020976e-01,2.782853385704532889e-01,3.196777905603531700e-01,-1.051211037200931869e-01,1.707162573537124306e-01,2.405754878586180701e-01,2.467525254218098096e-01,1.850181974111750061e-01,2.293379901924717246e-01,1.854497800935414331e-01,1.850624429708161711e-01,1.475556250683958959e-01,-1.885058708693732737e-02,2.906821237267083746e-01,2.656606598440355294e-01,4.969172252247794352e-01,1.777527450756352309e-02,5.439876313487815862e-01,1.564919897939358318e-01,5.236373002233236651e-01,3.463601989150281169e-01,1.869129558735139751e-01,1.357354992303273500e-01,-4.509912037384930517e-01,-9.081704973425204497e-02,-2.527886781247198345e-01,-2.368646318669870576e-01,4.653914423760780461e-01,1.293675319090960840e-01,-9.112060908800942438e-02,-8.883643550217504292e-02,9.009047803064744453e-02,-6.451536212525264824e-02,-1.733696057147946223e-01,-1.567554780856373620e-01,5.186527497697517031e-02,7.643770262331341103e-02,7.439842896042193898e-02,1.637457526584155595e-02,-3.902241708984584972e-02,-2.945959131361378658e-01,-7.605898176878882200e-02,-1.587643370347114058e-01,-1.249948256928853779e-01,-5.158569072485119644e-01,-6.371228058540137629e-02,-2.849471051103692476e-01,1.900902107600898339e-01,-1.975445558888616338e-01,-8.013572666869128724e-02,-3.172209180568876241e-01,7.907766342521935221e-02,-4.235853080181878338e-01,-2.311948976063440131e-01,-2.243620058737419154e-01,-2.615312788229302576e-01,9.539849711440133440e-02,-1.904471425513412641e-01,4.861474758501263711e-03,-7.614956820431366402e-02,-1.931547212341639674e-01,-2.477873262291625522e-01,-1.961920830972917473e-01,-1.846557223644447743e-01,-1.846413290583128752e-01,-1.409251040485349771e-01,-1.085882173463685318e-01,4.708096472337770788e-02,-1.499880166681187010e-01,-1.894495296973674114e-03,-8.236088265903589167e-02,4.822165881896789408e-02,8.110274689274205202e-04,-1.497889430159080049e-01,5.938651226372136660e-02
4.933294223400803979e-02,0.000000000000000000e+00,1.865953950379238210e-02,-3.652412172654856959e-01,2.257523983701139603e-01,-2.985394367120769998e-01,-1.787263846015115509e-01,-3.769929305843777168e-01,1.705476226264095174e-01,-5.891425054277501516e-01,-1.149640439469086506e-01,-3.717657176656558038e-01,-3.722304923230691509e-01,-2.403805566789024295e-01,-2.553406749672561538e-01,-3.400252042300447308e-01,1.974418734968607092e-01,4.379624638520468460e-01,-6.141598704055058894e-02,2.754602629489805166e-01,-1.407626414304508911e-01,-1.518187852561196094e-01,-1.591124142466458780e-01,-3.585619027068900899e-01,2.093119887977670790e-01,8.005469198159806399e-02,4.631757171738484086e-02,7.727638910509103398e-02,-1.143443251064625577e-01,-3.932163437522578214e-02,-2.919620034181973911e-01,-1.826873989176146518e-01,-1.368488966179031152e-01,-1.127479095280084359e-01,-1.721073627659164273e-01,-3.510802625406138078e-01,-2.378920294751078225e-03,1.475575807624267266e-01,-3.850923575406091284e-03,-3.365878535972678665e-02,-6.445489895018000071e-02,-1.782517071573314349e-01,-1.181577838830528832e-01,-8.584828930619875509e-02,2.802532447860646772e-02,-1.582320942771454353e-01,-3.834048059945237980e-02,-3.313850298394117183e-02,4.995648060736849333e-02,3.453494338740926983e-02,1.931635690904641156e-01,3.997493161726384941e-02,2.540542573763838741e-01,2.186941657742433043e-01,1.081645918477850826e-01,2.685481280419762737e-02,3.456154015537025725e-01,7.257179040518393354e-01,2.510933071269783046e-01,4.362353165319993870e-02,1.028018448268761334e-02,-3.911500246450169693e-01,1.950239080241782802e-02,8.481496597011713157e-02,5.226772196216407373e-02,-5.527712438475594903e-01,5.987557815615255491e-02,-3.851950896377357991e-01,1.335271470431494412e-01,3.525842443962998174e-01,-1.343812088401710181e-01,-1.040467377715745267e-01,2.340378111934361357e-04,1.406917458437941804e-01,-2.820777284238521476e-01,-3.322502067695314032e-02,3.863224528375731361e-03,-7.624397320658236887e-02,1.346577682799424414e-01,3.798448087089752873e-02,2.982315224791813324e-01,4.008246323485991081e-01,-1.583969411362045054e-01,8.026417234303341586e-02,2.229703049357123212e-01,1.933682331918691877e-01,-7.704024640582059213e-02,-4.504477023908571437e-02,6.920120045126933184e-02,-6.689994024009682239e-02,-4.459939759312597091e-02,5.305738721034108235e-02,-2.830375236627103996e-01,7.975725440401128241e-02,-8.081125073465585118e-02,-3.139104636587303765e-01,9.804195482867214539e-02,-1.274524855961176595e-01,5.488362148611766189e-01,2.739500884306830808e-01,-1.343233692253718026e-01,-1.342632170675304992e-02,8.797262813329091713e-03,2.622637798597842948e-02,8.823174754486630411e-02,8.619646259883617656e-02,-9.465317656922692113e-02,-1.958742520637722917e-01,1.716310745066695065e-01,-1.012398942221589410e-01,1.748473610693960373e-02,1.426052614127257812e-01,-1.727351030064631920e-02,2.655708997131109306e-02,7.738957932172582654e-02,2.671846589981418611e-03
-2.420248945462144530e-01,1.865953950379238210e-02,0.000000000000000000e+00,3.412929702832652179e-01,4.066683339401502839e-01,2.238764632211453498e-01,4.722794202804737607e-01,1.683030398996583979e-02,3.993037443473205217e-01,6.764615202482959777e-02,-2.692830941975610237e-01,-1.794748545951825591e-01,-5.173675596082835670e-02,-2.127474372431983896e-01,4.496913783386924934e-01,5.777366901048922587e-01,-2.673623985626492616e-01,-2.665527462629184094e-02,1.768293901180889860e-01,5.091081059347225823e-02,3.484811846152945924e-01,1.991877057961956021e-01,7.826306727199026092e-01,6.703402773170528128e-01,4.868728897082901796e-01,5.918380142080886808e-01,3.820556503074287180e-01,2.851769662176730225e-01,-2.307190465054687334e-01,-3.925811260871454877e-02,2.869380925527678650e-01,3.133039342844995967e-01,3.453416142585302162e-01,3.761946556058726743e-01,6.916331035931845284e-01,4.754338747219667427e-01,1.939763050231014252e-01,1.537450902108624118e-01,1.472252108245019342e-01,1.266109598450864682e-01,2.749814704198665916e-01,1.436678944196381480e-01,-2.613389348524629563e-01,-2.302512423990857593e-01,7.450416077899044143e-02,-1.401725813484596683e-01,-9.874419859000711786e-02,-2.394334379753302600e-01,-3.966759933600438326e-01,-5.492255591613230958e-01,-4.116225821786231864e-01,-5.540115799321191359e-01,-2.115414684704917669e-01,-3.403742296497948017e-01,-1.747047075148654705e-01,-3.872222108947399599e-01,-1.194792244709767387e-01,-1.851129277520329741e-01,-5.239673668297237796e-01,-5.504841203537440553e-01,-1.278865326500175370e-01,-3.924001039285160974e-01,-3.062871622541828986e-01,-3.895164771642328772e-01,3.617853876573812189e-01,2.544557626921302718e-01,6.555546942560079859e-01,3.581928835228269103e-01,-7.709152268453401367e-03,-2.712066230683255960e-02,3.048246259698694227e-01,2.162589526871225021e-01,-1.202233196846640845e-01,2.656858555952343673e-02,1.964535159594743285e-01,2.784623024258325308e-01,3.257303827465590773e-02,-2.460634883014736762e-01,-1.567809671804791527e-01,-1.876376159101765528e-01,-1.163145802189745892e-01,5.262282819535864242e-02,1.253785155282344244e-01,-7.938935987847335618e-02,-6.374299300299311744e-02,-1.555558585312009356e-01,3.122912040252741050e-01,4.603537245203365713e-01,8.344421362651922858e-02,-3.757737577055771938e-01,7.231088632478425982e-02,-1.680914146277207588e-01,-2.087920591701607764e-01,7.663868080351622647e-02,8.569524443359543761e-03,6.376551892322611034e-03,4.914122133494868566e-02,-2.438382294493700586e-01,-1.796531374914949464e-01,-2.171945963055142981e-01,-8.696582343469616561e-02,1.097813593988399700e-01,2.060552969548884103e-02,-2.411877084236845603e-01,5.128935578960606978e-02,-7.428328591175362150e-02,1.436841008814853382e-01,8.246858796836900596e-02,2.165261859331021610e-01,1.841696522473888487e-01,1.326293846956267397e-01,1.823469562493502949e-01,-4.316780839921378066e-01,-3.694834772893076935e-01,-2.447022619434287283e-01,-8.190002598633215614e-02
-1.550282878844309875e-01,-3.652412172654856959e-01,3.412929702832652179e-01,0.000000000000000000e+00,-2.337264008236759061e-01,2.611973038340536513e-01,4.501041734942494155e-01,5.058601266777756900e-01,-1.160075499077211324e-02,7.167481981132347579e-01,-6.498900296978897539e-02,1.897538416770810088e-01,2.346789706675289633e-01,-2.920756283232368855e-02,2.242660658289442888e-01,3.791195333331106032e-01,-1.937434995771372681e-01,-3.883265478835274953e-01,1.194443335285693374e-02,-2.844328636850420589e-01,-6.979050565047305484e-03,-1.153636410472617529e-01,4.187956122463436515e-01,5.754784001979947883e-01,-1.288758417829905245e-01,7.278288829715919006e-02,-7.412174851337431647e-02,-1.246091706849385972e-01,-1.543161824491136591e-01,-7.269282637503755862e-02,3.325779265738212920e-01,3.579388757882272509e-01,1.361599225770697974e-01,1.103068456689396959e-01,4.258231814660893844e-01,4.525931843047023007e-01,-1.986952046035159736e-01,-1.505439298635084522e-01,-2.229431928646195549e-01,-1.208426823824895469e-01,-2.654078371316734297e-01,-1.045229382808111063e-01,-2.835136319328072640e-01,-2.499123583690794348e-01,-1.126993558246127541e-01,1.860269851793861298e-02,-1.336142496948358460e-01,-1.764523135560985001e-01,-3.567262843773743586e-01,-1.958723311622689034e-01,-4.584942709117428294e-01,-2.910642250135609954e-01,-3.657987906820630575e-01,-1.751318748828284144e-01,-4.362750215528570230e-01,-2.151701741435914361e-01,-3.508101920864857282e-01,-2.746580024911586260e-01,-3.448092690178521380e-01,1.588009778254077797e-02,1.131388986100810151e-01,4.071463508480013815e-01,-2.164135971359515132e-01,-5.174482663831957152e-02,-8.922921368759861513e-03,5.813037127169755625e-01,1.763860133386020712e-01,2.760908060013890220e-01,-2.630664049741054389e-01,-3.531536032121215252e-01,1.264988499350974127e-01,1.979978159810742711e-01,-2.423588277364422672e-01,-2.923630435413075435e-01,3.112928618462354469e-01,9.000030142783425890e-02,-1.695800660979435159e-01,-2.034871172619740487e-01,-2.031408204303715992e-01,-1.581019837719017662e-01,-2.656108518332973567e-01,-7.178439880515288807e-02,-7.095065203790991426e-02,-9.870413028753211027e-02,-2.146508298036925444e-01,4.041021544275979344e-02,-4.233811848059418348e-02,1.668978455478797515e-02,-2.578984649359401526e-01,5.826759637544319352e-03,-6.433336524471691686e-02,2.456365891301552640e-01,2.968757555452754271e-02,3.483511687204597917e-01,-1.203659832927154727e-01,1.224767688277821932e-02,-3.157331683156581192e-01,-2.612594131202416667e-02,-2.075804484171378805e-01,4.682091419499602447e-02,-1.643934775506704915e-01,-1.814947698693343547e-01,-1.867534552044753174e-02,-2.047923981891707976e-02,-1.401404319873915116e-01,-1.045304617763696819e-01,-1.401559028720044398e-01,1.623068362932225672e-01,1.315671598567635381e-01,3.066033121834194422e-02,5.471079854399817782e-02,-1.553731173916075153e-02,2.227432007870943156e-02,-2.667164277262576433e-01,-1.700930792899864041e-01,-1.908783870226837820e-02
-3.049073359140537232e-01,2.257523983701139603e-01,4.066683339401502839e-01,-2.337264008236759061e-01,0.000000000000000000e+00,1.468791185142307998e-01,-2.429002837109556223e-01,-2.666647844675278378e-01,8.836667846573210694e-01,-5.412676816621868614e-01,-3.640350179990632651e-02,-2.376637623426553769e-01,-1.548226165190472181e-01,4.855371057578095756e-02,5.418562334899614807e-01,4.006635774730927246e-01,-2.148115570950394002e-02,2.108879841050551873e-01,-1.308068461951782391e-01,1.245847622117114174e-02,2.550730165267346417e-01,2.971835045652831409e-01,1.876288520464828580e-01,1.318289933145749826e-01,8.531548896498555301e-01,7.179808113947684367e-01,7.291290938241390407e-01,7.666258156120747680e-01,-2.058191702669635026e-01,-1.265632102930147607e-01,-1.175155220483378310e-01,-5.029147533583178814e-02,-1.010878006791115641e-01,-6.557613098830152032e-02,4.721714583858201142e-02,-5.619989115521048517e-02,1.547892540618102108e-01,3.939421411840370313e-01,1.280252337348267155e-01,8.778841224399898391e-02,2.475392449300420905e-01,1.006854158848198150e-01,-2.293444341463604930e-01,-2.934426535957731508e-01,1.489705307198962714e-01,-3.479391593781410719e-01,-1.190617979642423080e-01,-2.069792952360159644e-01,-1.424522472308347165e-01,-2.205466743203914615e-01,-1.638632909222300094e-01,-2.533591787254604877e-01,-1.687960174683404424e-01,-1.913415865543613703e-01,-2.120989504513582646e-01,-4.087963036732555899e-01,1.059392708818346213e-01,2.879409996793033666e-01,-1.703042779057244438e-01,-1.431088001271118848e-01,-3.553490961982161966e-01,-5.859096444137923410e-01,-1.096160420341390079e-01,-1.062137214542091673e-01,2.015995653387659958e-01,-3.580153137846807665e-01,4.995393684406571749e-02,-1.518478928347819501e-01,-7.732716436071956911e-02,3.340217353185987448e-01,6.153563143674545960e-02,1.567946250301646138e-01,-1.282809483687899765e-01,5.270368681529205568e-02,-1.568721777229868664e-01,2.639420753583324175e-01,8.392528670927364154e-02,-1.038760044616200973e-01,-2.129560110414770516e-02,-4.562390387405313580e-02,2.635570764389308929e-01,2.954819941772415803e-01,4.219855991778358184e-02,8.865911993317811268e-02,1.565933797207808009e-01,1.512215174858790034e-01,7.527710222616630642e-02,4.388295357552750575e-01,-4.019236944161917735e-03,-2.253153530757835699e-01,-1.347863863908798504e-02,-1.442152041237389215e-01,-5.000332958422233631e-02,1.055148851224265300e-01,9.531489748038994569e-02,-5.649008455489557684e-02,1.644801238534091270e-01,-1.860486085545052792e-01,1.087465149098727768e-01,-1.398492760229560483e-01,3.070089009248808121e-02,4.021242874785070365e-01,2.239339325195217889e-01,1.160766831629149037e-01,1.969903757942579325e-01,1.547861496894933908e-01,3.034345220361808204e-01,7.770153857602167535e-02,1.739077203103389369e-01,2.358786737937414446e-01,5.106702806792164789e-02,9.186302135597206042e-02,-3.701959347174579307e-01,-2.236455167731846161e-01,-1.389906672073021876e-01,2.516416807718857909e-02
1.409898242832418602e-01,-2.985394367120769998e-01,2.238764632211453498e-01,2.611973038340536513e-01,1.468791185142307998e-01,0.000000000000000000e+00,4.332868828532011607e-01,2.987875362754074948e-01,2.651726509124311959e-01,3.406374211494567761e-01,2.417212467934795328e-01,1.314319785388189665e-01,2.270067139832755987e-01,-7.383353836063409614e-02,2.074547353648629189e-01,2.098789973591138891e-01,1.041217420908438218e-01,1.012109277845086031e-01,2.353631087878950978e-01,4.471404807247079082e-03,1.603413031123201715e-01,1.236043121258512817e-01,1.578165317239048349e-01,1.795352143692084124e-01,4.558562875289456223e-02,1.272178854859056518e-01,1.646107464212219762e-01,2.154909207914502967e-01,1.106227558749203893e-01,8.352834432424230404e-02,1.881677602016622874e-01,9.908659821659807077e-02,9.664067978537410619e-02,1.014220336085914914e-01,5.471871686998636131e-02,1.580625073675373526e-01,-9.396996856558074984e-02,-2.311311969205326680e-02,3.486403058784573461e-01,4.535801539515844083e-01,1.343471962288393939e-01,9.613220297805652459e-02,-2.415781494011530195e-01,-2.338129688494429426e-01,-9.126700418005788407e-02,-1.037668685386354192e-02,-4.201473619384954450e-02,-2.123880034721103982e-01,-4.781884671452165669e-01,-3.994193922888105708e-01,-5.872944971891366217e-01,-3.797673195000500490e-01,-6.415182715913878564e-01,-6.177068533849164877e-01,-1.814092223446079899e-01,-5.193939139534697880e-02,-2.565791959275979250e-01,-1.503649588577080642e-01,-8.125772232294047048e-02,6.980458715632448241e-02,4.519037234281211152e-02,2.060990883985261424e-02,-1.537313270464572314e-02,-1.162733207807051389e-01,-7.712271079046943700e-02,2.200764295096188927e-01,2.695926464789653587e-01,4.445212147684485804e-01,-1.401114143567426806e-01,-2.983177836086999268e-01,5.975191722310338460e-02,2.903697137587666899e-01,4.186341354609964677e-02,1.476949765208614984e-01,1.997951740546209110e-01,3.324710837157076604e-01,-7.069415703911659243e-02,-6.589429579283875849e-02,-5.863663771133439950e-02,3.743887963594254298e-02,-7.658256579987503254e-02,-1.003205331472451917e-01,2.038367071483581650e-01,4.173830193235707198e-02,-2.135116522812584572e-01,-2.340305407625375422e-01,2.638956462658008650e-01,3.779808932890393880e-01,-1.279455120160603587e-01,-1.727039108687647428e-01,-2.855146454721340654e-01,-1.274201721382733354e-01,8.113032567429195874e-02,1.913665937822775220e-01,2.795495900063468264e-01,-8.243069065413911878e-02,-4.471035568235508240e-02,9.662149432995729981e-02,-1.543505886503573898e-01,-1.518309530661801077e-01,-1.213412651895304090e-01,3.705530570819805247e-02,3.706947478582490740e-01,2.002333122240869678e-01,-3.657729345518418579e-02,4.766209570247582211e-02,-1.340106050404800376e-04,5.620656774151185919e-01,3.749932056143224224e-01,3.477787320003151161e-01,-1.191977999897485402e-01,2.713663435574641958e-01,-3.589739255880246560e-01,-4.512508379718321860e-01,-4.390065795894050882e-01,-2.435275765248924307e-01
2.516054596015355749e-01,-1.787263846015115509e-01,4.722794202804737607e-01,4.501041734942494155e-01,-2.429002837109556223e-01,4.332868828532011607e-01,0.000000000000000000e+00,5.352689431553060428e-01,-6.260509682797064934e-02,4.344527995487925121e-01,1.599054289978126819e-01,2.858314119915414397e-01,3.981513318210667118e-01,2.284490928738059571e-04,9.068411070502604976e-02,1.671948012078446344e-01,-4.676855678304894792e-02,6.607898151402038546e-03,5.554250586613763696e-01,2.492785877405154227e-01,1.252228578191262320e-01,-1.125371440168006498e-01,3.882575365818209390e-01,3.364446702472733697e-01,-2.196611687717348049e-01,-1.024263977994731012e-01,-1.014719454327975973e-01,-2.776428860794569187e-01,5.314100242520748002e-02,6.698628950133067583e-02,3.225412670847375152e-01,2.975283028949224362e-01,4.044020285279554261e-01,3.849943548351566491e-01,3.248258165269470865e-01,2.187272020555624530e-01,-1.099198203441353328e-01,-3.533981535527767615e-01,-2.861698614448352634e-02,2.727616223045735075e-03,-4.847617051882165129e-02,-3.168738664955641354e-02,-8.605206735996495659e-02,-6.275045613455190741e-02,-1.478623525015490270e-01,2.125326189573468749e-01,7.783433738918046907e-02,-8.484393694052035084e-02,-3.906415548150348194e-01,-4.039355601409941876e-01,-5.242600149925129571e-01,-4.245921664415743813e-01,-3.444997645983580159e-01,-3.912768903093433170e-01,-2.180860939522943909e-01,-1.280350215497376709e-01,-1.449022822215659811e-01,-3.583178219396827013e-01,-1.515256409594593068e-01,-1.995245359298420396e-01,3.887365860463161127e-01,2.539310262914087901e-01,-3.548570823892683440e-02,-6.429503903076949634e-02,5.021643763104602365e-02,4.002276002007895128e-01,4.822627329095546256e-01,4.093856639005301057e-01,1.545824518636506328e-01,-1.135638255225393939e-01,1.801945481928368953e-01,1.458661430779641943e-01,-1.124648314131751004e-03,1.876986236883796191e-02,3.772958104609668850e-01,1.488968581754166465e-01,5.869397299669550615e-03,-5.316897090460157710e-02,-1.774784806121924574e-01,-2.590344420248173463e-01,-3.077345044871693802e-01,-3.164400638637153151e-01,-1.337944785928736890e-01,-3.333375774532799651e-01,-3.537602865724793211e-01,-4.691433239085770479e-01,1.003416820193960279e-01,-1.812562524529013480e-02,-9.041306467898065080e-02,-3.338752026908472503e-01,-2.144366079223577679e-02,-5.952109398769329235e-02,-1.496813135931439609e-01,1.140057482000800537e-01,-6.446992955927047242e-02,-1.816078284940717547e-01,-1.688108710577848059e-01,1.610193504595228975e-01,-2.388799073543527440e-01,1.738121924454209474e-02,-2.021137663914875926e-01,-3.043298070735740435e-01,-7.338661820026762261e-02,-2.699216862734543088e-01,-2.929987911390816713e-01,-2.878883795450742356e-01,-1.910140166891135527e-01,2.382021489220787214e-01,4.681618674802444646e-01,1.944795783796581315e-02,1.214280160644472112e-01,5.794204629160989301e-02,-2.584658150594201231e-01,-4.280940331595683990e-01,-4.727889910961348141e-01,-4.029393365459466719e-02
2.775299864794063542e-01,-3.769929305843777168e-01,1.683030398996583979e-02,5.058601266777756900e-01,-2.666647844675278378e-01,2.987875362754074948e-01,5.352689431553060428e-01,0.000000000000000000e+00,-8.798331103013005972e-02,4.322789087157677956e-01,2.864860024614752088e-01,6.370028300810719468e-01,4.402643548158173270e-01,2.609200289307020970e-01,1.485816508783253942e-01,8.036211697307901747e-02,2.791979248740874414e-02,5.316813664427938978e-03,3.873662590484581170e-01,2.242660567062371435e-01,-1.371743565938214060e-01,-2.348475162304240471e-01,-1.074773751443677955e-01,4.618581471952748485e-02,-3.797042924278409837e-01,-3.404243823562197457e-01,-1.010294674647830016e-01,-3.701843725328956003e-01,1.470367123942734888e-01,2.397412329339838333e-01,1.167722438680293406e-01,5.970356263469193264e-02,1.699945486656407878e-01,1.383619794815903747e-01,-1.185187961602634510e-01,-8.538341282771447216e-02,-3.452289325674751663e-01,-5.134952863838061488e-01,-2.443911131224049960e-01,-3.828258219211884694e-01,-2.961514328214586711e-01,-2.826811354445805113e-01,-1.540232875735253193e-01,-5.125989093345984654e-02,-2.338225630176019865e-01,1.146191479195900476e-01,9.609626823222050529e-02,-7.946406661976349040e-02,-1.348807603504158514e-01,5.998414590596598192e-03,-2.125893739696885498e-01,-8.810590995561647099e-02,-1.345985824536060638e-01,-2.928928454651925639e-01,-1.492139876194275849e-01,-2.122379627272628078e-01,6.370776083051819805e-02,-2.195613404209143249e-01,1.819591712037822162e-01,3.484776014579452075e-01,5.054307979397211215e-01,6.222507278261113495e-01,1.021344773550569990e-01,3.433717920967714887e-01,-1.468477628872412732e-01,2.906039174273638004e-01,-7.866420448963536149e-02,2.024613278845016073e-01,2.760752283576673460e-01,1.091007175897150266e-01,5.875562074469165008e-02,-1.775692914057092064e-01,-2.293735485197292978e-01,-1.284501053879071597e-01,3.432285250392396181e-01,-1.629680085426682690e-01,-1.587190602494481240e-01,-1.573756887032420615e-01,4.608457090342194667e-02,-2.399076865382400725e-01,5.255518011004766538e-02,-3.593758496326462382e-01,-1.052021996700824719e-01,-3.667168452051589034e-01,-4.394600271688461901e-02,-4.503507339329051451e-01,-1.227030118957689597e-01,-4.380238768522143333e-01,4.605220870422718771e-02,-3.557499006609015080e-01,2.153532781829131659e-01,-1.779483341110640326e-01,3.826382534910770239e-02,-8.812509412099062134e-02,-2.228877743252462851e-01,-1.023889114691578089e-01,-3.023495252286912405e-01,1.390703213686331208e-02,-2.909863259860879237e-01,-1.533702661136757961e-01,-1.026905277846762998e-01,-5.273994881147506808e-01,-1.026085647510843399e-02,-3.892896334684504134e-01,-3.149432273876783261e-01,-4.265252800159558544e-01,-2.181800616192706155e-01,-5.353200231669567877e-02,2.475831697985864110e-01,-1.626093903294126564e-01,1.926095421994880943e-02,-5.549443333771404696e-02,-1.726497336338895516e-01,-1.607804658331570269e-01,-3.337722162744725662e-01,9.589700426932284971e-02
-2.331352458003525807e-01,1.705476226264095174e-01,3.993037443473205217e-01,-1.160075499077211324e-02,8.836667846573210694e-01,2.651726509124311959e-01,-6.260509682797064934e-02,-8.798331103013005972e-02,0.000000000000000000e+00,-2.911095028085542435e-01,8.486473914801995894e-03,-1.220579505041660962e-01,1.092841248205043796e-02,6.646346912000054841e-02,5.746118416939152151e-01,4.229392147293677962e-01,1.979294687587979107e-02,1.710921080229084734e-01,-4.289871262530042112e-02,3.164650607724540932e-02,2.273884546892265268e-01,1.721132142666431386e-01,2.014131891628236359e-01,2.105079719068486677e-01,7.185589860026604381e-01,6.839334138687768183e-01,6.265637663856766792e-01,6.561580457809664813e-01,-9.644319118170650851e-02,-7.077770681382579421e-02,-4.419682422098183960e-02,9.152605537228193644e-02,-7.953676107392319838e-02,-6.715104678266883842e-02,5.539695311163039815e-02,-3.382021404969563771e-02,1.792246130965145234e-01,2.998789544151611586e-01,6.692478285889690015e-02,7.061958627511734365e-02,1.139478830241782287e-01,9.861665009618381106e-03,-3.004842641217164712e-01,-3.687333813097440349e-01,1.023678630130930994e-01,-2.859848604240313175e-01,-1.421876189435969662e-01,-2.260906785267140229e-01,-2.635500198173912900e-01,-2.696062515989703923e-01,-3.301440960970230543e-01,-3.268203347504681777e-01,-3.193409738410660226e-01,-2.246188480086889483e-01,-3.813674541755622260e-01,-4.757620837339944231e-01,5.128919218394968615e-02,2.346910543952462069e-01,-2.361549492071976508e-01,-1.057612254742501118e-01,-2.003762579909653119e-01,-3.597638167363880202e-01,-1.552363901784560574e-01,-9.031642810984343017e-02,9.163842797963098197e-02,-2.228951485798442433e-01,1.035751106353423497e-02,-1.900787163746348873e-01,-1.606884753777992614e-01,1.952114394911036444e-01,2.563996825035838589e-02,2.720530998971321113e-01,-1.157950494029922200e-01,-7.271773963310872169e-02,-1.735647389354703640e-01,2.564218949227132227e-01,-6.947900985907255744e-02,-2.141919799402009494e-01,-2.689747764207826505e-02,2.094396085963536047e-02,1.722294937621830779e-01,2.868725765276135542e-01,-9.099630398183609177e-04,8.738070865218564021e-02,3.982615583630624151e-02,1.346111341743293222e-01,3.389784294617236016e-02,3.797435191072698335e-01,-5.065589813947469350e-02,-1.849989433252837157e-01,-1.406594210820732993e-01,-3.160086391015255042e-02,-6.524449970621717942e-02,2.262065876088272531e-01,9.338979355177939867e-02,2.159967531980300573e-02,9.532276986739500468e-02,-9.464283096237174897e-02,4.474415718955415677e-02,-3.553968347418994672e-02,-1.406798452188275927e-01,4.232209871984497496e-01,1.252072474557900383e-01,1.384343632725469619e-01,4.034271766555491689e-02,3.730100806128598678e-02,2.381549667481964172e-01,5.356632043044542990e-02,2.091577072694996986e-01,2.027043853304711096e-01,9.176684641622571970e-02,1.395649478872121596e-01,-2.031171787254243410e-01,-2.828478017621599006e-01,-2.241772147570294249e-01,7.814661291396585163e-02
5.649151223022933627e-02,-5.891425054277501516e-01,6.764615202482959777e-02,7.167481981132347579e-01,-5.412676816621868614e-01,3.406374211494567761e-01,4.344527995487925121e-01,4.322789087157677956e-01,-2.911095028085542435e-01,0.000000000000000000e+00,2.686144547312805525e-02,2.741658055167568997e-01,3.675267457579598496e-01,5.413708354820976482e-02,-3.164658316593919885e-02,2.042199003740780283e-01,-1.980065377198882426e-01,-4.214611486148329145e-01,1.483964792239844954e-01,-2.144073845096975961e-01,8.136377191727199587e-02,1.089055708067273101e-02,2.339046289376608412e-01,3.958379892767114883e-01,-3.589624182714480360e-01,-1.270511873131618674e-01,-3.157898072506720721e-01,-3.385777018665461213e-01,4.103877011405938913e-02,5.123554388219828462e-03,4.387670607818169866e-01,4.061031059579589542e-01,1.562305560045126884e-01,1.453476635046741794e-01,2.935334517981370017e-01,4.466512741252458008e-01,-1.117074753847913798e-01,-2.300977260281271974e-01,-7.499804060339539113e-02,7.714247854168217178e-02,-1.213901260159267886e-01,6.627003834217774086e-03,-7.822718193380383267e-02,-5.139439169832608900e-02,-1.844414951781593592e-01,1.445138897041185755e-01,-1.023829368430118208e-01,-5.364340526388902686e-02,-2.816963516115306154e-01,-1.435851895521256250e-01,-3.558559414039670354e-01,-1.271119626697174987e-01,-3.447014550296361168e-01,-2.135284050387526444e-01,-2.047604390923662976e-01,1.741095464183228456e-02,-4.510007399499329495e-01,-5.370857254978985695e-01,-3.218664531800332629e-01,-4.811488865279751892e-02,1.494631790436183882e-01,5.310861891217880659e-01,-1.589732022202731132e-01,-1.289535109735877039e-01,-1.517384148082962791e-01,6.625141830806864363e-01,7.574935180181836814e-02,3.388811299602261795e-01,-3.164265297707376523e-01,-5.651686619233404762e-01,2.035909502274420302e-01,2.291356562031453270e-01,1.299693092160050523e-01,-1.667671962410151587e-01,2.789055740290676821e-01,-4.080789054656749210e-02,-5.129757311347160620e-02,-1.868041964359194729e-02,-1.600397531642746840e-01,-2.575589268528220149e-02,-3.987999730915381402e-01,-2.909735362019411076e-01,2.790150159212790443e-02,-9.303478166871359534e-02,-2.660325870354156019e-01,-1.484858049922955503e-01,1.375945581544311125e-01,-3.876382950127468113e-02,-5.206093211572011131e-02,1.170358207662397509e-01,-1.125176972458678676e-01,3.790163060703263809e-02,2.387413462174066414e-01,8.778141871327650725e-02,6.458934744924382972e-03,1.969156150662463578e-01,-2.409335998355485176e-01,1.548985568746231445e-01,-4.269137340650782653e-01,-6.778196640735489886e-02,-4.656274166964854966e-02,-1.044161817280612053e-01,-1.550349484335671046e-01,-8.002155155165041611e-02,-1.958180853201274829e-01,-1.217326788549562833e-01,-7.991669211390114991e-02,1.913154374559487836e-01,-2.075858023855262427e-02,9.135042522844875586e-04,7.071586982172227420e-02,-1.410404357004876041e-01,2.203594127357752230e-01,-1.438817955445305385e-01,-1.068352258290996004e-01,-1.018106118338322347e-02
4.772051221046534342e-01,-1.149640439469086506e-01,-2.692830941975610237e-01,-6.498900296978897539e-02,-3.640350179990632651e-02,2.417212467934795328e-01,1.599054289978126819e-01,2.864860024614752088e-01,8.486473914801995894e-03,2.686144547312805525e-02,0.000000000000000000e+00,4.767978959264985717e-01,6.232090964593630655e-01,3.346645120989892863e-01,1.728867424760540394e-01,-5.091746604292549105e-02,1.937386607910918379e-01,3.407204787525541234e-01,5.512296236079535783e-01,4.657440308371028070e-01,1.850875530763779545e-02,-7.117295266053930147e-02,-2.339893286925494864e-01,-1.368974550966209347e-01,-1.427109917805493289e-01,-2.486392212335857554e-01,-6.842028265595440084e-02,-1.242555391667889558e-01,2.433361022806710683e-01,8.393641085218818410e-02,1.151870455699652573e-01,-3.762361560278982414e-02,1.784295307105733530e-01,-3.378563088020907195e-03,-3.547141431486432461e-01,-3.457000828547895366e-01,-1.473575578416197462e-01,-2.264807236514058686e-01,-7.032287316336471861e-02,-9.337201032863391703e-02,-2.333540844710345341e-02,-3.018180684278243819e-01,2.989813969442703043e-02,-1.572921517223873147e-02,-2.097704828420995093e-01,-1.176210404701464318e-01,1.547803997331223258e-01,4.534373242338678167e-03,-1.755569112933210996e-01,3.582859406267928024e-03,-1.356495192060231947e-01,3.617689258735110741e-02,-2.217568569769567122e-01,-2.462571537487198980e-01,6.047430083982800048e-02,6.813970045593051306e-02,3.140616975815846423e-01,4.505241286054587763e-02,3.126683863279118292e-01,2.577106224805014167e-01,4.095897216892409043e-01,2.983812295969774375e-01,5.575476857145367227e-01,5.213652808382975845e-01,-1.233998218405171488e-01,-1.786534348938018379e-01,-3.886170192842001159e-01,-1.742126213862708883e-01,8.823774454669446043e-02,4.107885795584038241e-02,6.737539428343447545e-02,-1.197845017381666405e-01,1.133562730133736741e-02,6.538653806811546565e-02,1.545104970890652241e-01,-5.515213749088491296e-02,2.008047011349271271e-01,2.640393026473530913e-01,4.807881663952136286e-02,1.133617329413491581e-02,1.649431252525404845e-01,-1.291256732171438583e-02,-7.135769683923745554e-02,-1.647948850927846154e-01,1.031517506391714939e-01,-2.418310258358845333e-01,-5.309481075963806002e-02,-1.142620368839587092e-01,-1.253299878903493259e-01,-1.876824665444219165e-01,-1.989188029580910011e-01,-2.952542891005084380e-01,1.686298260293487838e-01,-5.060969429017316695e-02,-1.376446380491180566e-01,-4.425676017583989319e-01,-3.833749607517873415e-01,8.305967308128128779e-02,-2.470144200427710768e-01,-3.348610108176520717e-01,1.829911447670619085e-01,-1.321996429592375843e-01,-4.174110646948969716e-02,-2.631860791173250280e-02,-8.451500955485646838e-02,-5.746419746867258843e-02,-1.880393038296383768e-01,2.925494354506558148e-01,4.212602785645081505e-01,6.668050751448449665e-02,3.333942727004463036e-02,-2.272791401684891299e-01,-1.516187675052957373e-01,-3.751126514132847034e-01,-4.459501459047813254e-01,-8.529749782978471306e-02
4.720975898582777663e-01,-3.717657176656558038e-01,-1.794748545951825591e-01,1.897538416770810088e-01,-2.376637623426553769e-01,1.314319785388189665e-01,2.858314119915414397e-01,6.370028300810719468e-01,-1.220579505041660962e-01,2.741658055167568997e-01,4.767978959264985717e-01,0.000000000000000000e+00,6.334828480973256903e-01,5.022883836561768955e-01,1.403031000861960920e-01,1.188633551093656315e-01,-9.990479256448756007e-02,4.769372608696603559e-03,5.558811734749568023e-01,4.729653417651143443e-01,8.118949612470222066e-02,8.441054063678202213e-02,-4.129307719734786469e-02,1.389175051541523820e-01,-2.542725236211583750e-01,-2.350855780017081786e-01,-1.080650757071235923e-01,-3.070119862697144875e-01,7.832237464010505246e-02,1.248049294771993861e-01,3.046459244452918158e-01,2.848291225944781235e-01,4.986387273881579540e-01,4.516434339880404658e-01,-1.269183691688096083e-01,1.073731554174302966e-02,-1.169958768260475901e-01,-4.721160195726080144e-01,-2.612477102240692850e-01,-5.019068173384356735e-01,-1.327585982878611015e-01,-1.919432875988877907e-01,1.531876909382450247e-01,1.187281866698678690e-01,-3.035714850419137661e-02,1.624013814835095493e-01,2.568332778341551048e-01,1.289955786778862745e-01,-2.110143300515559053e-02,-8.009858255630350130e-03,-9.973671265328482027e-02,-9.444523074694724518e-02,-1.001047460240957476e-01,-2.725349331141875275e-01,-5.124311734884385433e-02,-1.712981087148600645e-01,2.337528963273073357e-01,-2.725786281842310088e-01,2.253420300032969448e-01,1.535902986128478698e-01,4.909668926259282973e-01,6.314422553131793237e-01,3.360917751662728103e-01,4.719861641451318368e-01,-1.340290951860979296e-01,1.749888721896699362e-01,-2.443976453076678601e-01,4.590201049097199920e-02,2.452357222593324337e-01,9.894821206030038341e-02,1.943521550517841034e-01,-1.315046934435326886e-01,-1.648900120581477113e-01,-7.745104934099759919e-02,2.527427650117411440e-01,-1.062340017690915905e-01,1.270452328805073139e-01,1.439179835000456154e-01,-8.028720653831150633e-02,-1.952300602874027236e-01,-4.660819593787155629e-02,-3.833198418199866842e-01,-1.528478267314788974e-01,-4.073812721556469563e-01,1.746259946554191630e-02,-5.473169106289407226e-01,-7.512130811214065562e-02,-3.753126617012118582e-01,3.010725380521485361e-02,-4.793864773614975872e-01,5.070046157946528353e-02,-4.461182472916399577e-01,2.286485240339095060e-01,-2.963613394377559995e-01,-2.677984996220643121e-01,-1.294195086482029244e-01,-2.995941386637644421e-01,3.500423043229172054e-02,-4.743322981379888836e-01,-3.671196489343029890e-01,1.233129402552541193e-01,-4.799255788529278588e-01,-2.832584859566891211e-01,-4.790519912711581618e-01,-1.899944499700431944e-01,-2.974864670203421491e-01,1.374491659026325086e-02,-2.569500443869772097e-02,1.996792425570661500e-01,-1.144630256856671580e-01,1.893425634461990414e-01,-2.375876011707826474e-01,-9.977331629333491270e-02,-2.277513116553584460e-01,-3.118644041367288344e-01,4.091286061694576759e-02
2.278358522512968776e-01,-3.722304923230691509e-01,-5.173675596082835670e-02,2.346789706675289633e-01,-1.548226165190472181e-01,2.270067139832755987e-01,3.981513318210667118e-01,4.402643548158173270e-01,1.092841248205043796e-02,3.675267457579598496e-01,6.232090964593630655e-01,6.334828480973256903e-01,0.000000000000000000e+00,4.550674940792341361e-01,4.559688825588747441e-01,2.993976682422289648e-01,-1.115101344763416158e-01,3.271344961163257653e-02,4.914141010766445161e-01,3.383562923604188089e-01,1.821124549807621729e-01,1.567767424300214874e-01,1.119638826324824699e-01,2.641149112764714646e-01,-1.453565487900631281e-01,-1.056699699213007881e-01,-3.724387571074574965e-02,-1.410338285014736959e-01,2.233297931781252389e-03,-4.304339274635345797e-02,5.071508488746696575e-01,4.040773244151493748e-01,4.185768967305084631e-01,3.028114774220269090e-01,-5.588414109278060093e-02,8.181452085771848126e-02,-8.750525064763872707e-02,-3.248076081597717768e-01,-1.552833166897236994e-01,-1.664254431855030913e-01,-3.448529948066871020e-02,-1.005497145314488278e-01,-1.693175503268301019e-01,-2.458884526624407763e-01,-1.560521386202136096e-01,-1.204548628338568544e-01,-1.740941321605984568e-02,-1.476903423715070773e-01,-2.890041959717720710e-01,-2.108106908569411797e-01,-3.477453092466477047e-01,-2.328421120456908855e-01,-3.705517325621669467e-01,-4.472356398998034721e-01,-2.862693841149767660e-01,-2.839580237373491856e-01,1.487840318655141679e-02,-1.696148969149426922e-01,8.356763982267116642e-02,1.479868857930583259e-01,5.346839531799379985e-01,5.327146597835860087e-01,3.743789410462014522e-01,4.439939770771381133e-01,-8.629484709086214858e-03,4.273907363111420499e-02,-2.708679114530776477e-01,-1.062383308560869120e-02,-8.688391197719491643e-02,-7.135062409454834276e-02,4.066867454294032513e-01,1.121462682269255412e-01,5.572410845212859981e-02,6.706221779596960829e-03,3.915988530507552579e-01,5.872956710851119644e-02,2.158484865583830958e-01,2.671263967382879190e-01,-1.493113144646543711e-01,-1.320607215646055488e-01,-3.180705876581318287e-02,-1.380732580359573525e-01,4.908186522358798723e-03,-2.092160416893846520e-01,1.187396980025662990e-01,-3.487551102118663926e-01,2.057211993805755923e-01,8.784719922924476287e-03,4.650821228944477387e-02,-2.357115415418453985e-01,-4.145941232109415925e-02,-3.619275759612923804e-01,2.901976249135823638e-01,-9.060289397343877782e-02,-1.011425990263647712e-01,-1.003552842452325178e-01,-3.535943788512030950e-01,2.066953638212537525e-02,-4.665542390423467189e-01,-3.818069267051447113e-01,2.337955760272647510e-01,-1.495037385249486372e-01,-1.924104000885018817e-01,-2.124921818467057910e-01,-9.658616715152124055e-02,-1.494795544559570089e-01,5.379529111028560212e-02,1.657787048241789185e-01,2.977656195639506453e-01,-1.453992467984786471e-02,1.837728400779532478e-01,-3.098568502883669029e-01,-1.454233665439743362e-01,-3.684798514699291205e-01,-4.667526690423439706e-01,4.972183456150201103e-02
