0.000000000000000000e+00,4.461319412595152190e-01,3.107598279768243321e-01,2.750271656018624111e-01,-1.069988832904330417e-01,-8.300460769391693194e-02,5.471622122046311265e-01,3.005451267388661307e-01,-6.254734869670962316e-02,-1.135657176182471584e-01,7.401895892229141127e-01,5.874781940616576881e-01,5.604458474406572854e-01,1.197295055699025002e-01,1.270274676019138294e-01,-6.971475675845187348e-02,1.825004550727528096e-01,3.733803654691660728e-02,4.864486714439708592e-01,4.703651499635206346e-01,-2.523646575911920875e-01,-2.223128977955592944e-01,2.610729294575525952e-02,-9.992570965964744922e-02,-1.518206637484067756e-01,-7.357708410070583349e-02,1.118895261150823217e-01,-2.281029299136912714e-01,3.712453067921917538e-01,2.181567551623666557e-01,-3.630898640729326304e-02,-1.633996238658633627e-03,2.517746983231655133e-01,3.209118643127681358e-01,5.107793269186258756e-02,-1.830209668545580703e-01,-8.724099937430787599e-02,-4.715324687221945921e-02,-1.820679193770581017e-01,-9.549418464682685181e-02,3.379877843891526679e-02,-2.951981346264277370e-02,-4.907489216048788183e-02,-1.208000731807021555e-01,-9.369362366162237166e-02,-7.200799349724033849e-02,-2.541166414521320305e-01,-3.452214325404217576e-01,-1.134162144399703254e-01,-3.772031725200106211e-02,-2.405364380211437447e-01,-2.412140826650355785e-01,5.999492622938041447e-02,-1.434629135604532646e-01,-2.520333655569670372e-01,-2.472661034321282925e-01,4.791184646140178582e-01,4.086080914950576126e-01,4.361261946752846286e-01,3.727273267839622539e-01,7.147194254853915796e-01,2.972131652863559403e-01,9.486198105639813416e-02,3.305015250397059234e-01,2.405147362785415854e-01,-1.809767926936972984e-02,-2.593384714680457281e-01,-2.427262757652715042e-01,4.072227466408667035e-02,2.881153417286314369e-02,-8.770896089329248413e-02,1.517607956624817123e-01,2.356847120661233197e-01,1.867166617038668319e-01,-5.272026363426088671e-03,-3.057931804746013421e-02,2.510597389769384652e-02,1.589086002334331657e-02,9.622265373290321555e-02,8.030322124086851365e-03,-9.495005873255576989e-02,-2.211843601005375748e-01,8.249062627055722685e-02,-1.562340061635436317e-01,-4.718997963000774731e-02,-2.964707092027208946e-01,-4.718456003327212850e-02,-3.166330935293449472e-02,2.040070139579280156e-03,-2.705180903542498544e-02,-2.394918889493124758e-01,-3.194807285111606054e-01,-1.910651541346401472e-01,-1.741984037818861408e-01,-1.051040026528023003e-01,-1.259677595333022759e-01,-1.374669231108949508e-01,-3.825626566090720854e-02,-6.680576106621055610e-02,-4.446813059987541478e-02,9.173233492909715903e-03,-5.474709261793490878e-02,-7.895103455739789500e-02,-3.295080743532184664e-02,-4.884249750886056340e-02,-1.412589517146978788e-03,-1.283038112853238655e-01,-8.296235949801082643e-02,-2.203006209238397850e-01,1.054292131251654274e-01,-1.029543521042319554e-01,-3.508550537481884557e-02,8.260234333811294904e-02,1.118975461033545615e-01,2.563119732521414451e-01,-3.433798117316884391e-02
4.461319412595152190e-01,0.000000000000000000e+00,3.066001660938257878e-01,2.398609156181989721e-01,-2.925459609904265332e-02,-1.822908258394412839e-01,3.375448061678071321e-01,1.754026159611572766e-01,9.293542595024541220e-02,-2.270502757793473603e-01,1.654297953641016561e-01,1.763176392220915656e-01,1.579910071040819819e-01,-8.875072155539792673e-02,4.680647303716135160e-02,-1.398674994889108070e-01,2.377736942199181192e-01,2.742625816896358537e-01,4.448142682172856466e-01,6.040136760363814528e-01,-3.952252099460872303e-01,-2.949099102294056030e-01,1.809533113126595427e-01,-1.923278037951423394e-02,-3.692159778324690111e-01,-2.069469049640177416e-01,-1.652953227363658240e-01,-2.734969689108434632e-01,1.357155412781913817e-01,1.341698670825073603e-01,-8.787576026670476659e-02,-7.604830601667396384e-02,4.223006338056581876e-01,4.072472407617691581e-01,1.182834588822210264e-01,-4.982628918491930486e-02,-2.153515073577162153e-01,-2.612680179102418454e-01,-2.073742227882826028e-01,-1.805786894948767374e-01,-8.650252668034952297e-02,-1.410479845468452231e-01,2.497443886642597421e-01,2.532815341475532223e-01,1.541256344399622724e-01,2.228590570373178981e-01,-8.623295762268745612e-02,-1.124305727620501655e-01,-7.599561695861373201e-03,2.614625983064252507e-02,-1.710275575674733151e-01,-1.764474508613271819e-01,-3.871219073613870604e-02,-1.500751664048546041e-01,-3.527975160190181536e-01,-4.324197692639440427e-01,6.647234003166674343e-01,8.150227395344314951e-01,-4.672547392219009860e-02,1.458127208099085914e-01,2.349845010332777262e-01,1.572261687403097297e-01,9.067423204115764024e-02,3.160000958820943229e-01,1.447433038025847940e-01,-8.283113173940023777e-02,-1.182388352047544083e-02,2.404240502523549358e-02,2.334191935524575490e-01,3.785263199821854996e-01,-3.302584916992251651e-01,-1.961102427821479199e-01,-1.698845085478357664e-01,-1.861124211539386120e-01,-4.500917231904407734e-01,-4.435417797480604718e-01,1.392528785017217996e-01,6.085401786388691669e-02,3.515951745082421809e-01,2.176923964171965098e-01,6.827654418180098550e-02,-9.483462262831385270e-02,4.281475907222570543e-02,-6.508066180790826605e-02,-1.244881067251780576e-01,-2.576711363445985947e-01,-3.354056977837138048e-02,-8.750853925344150019e-02,-2.653159688398641358e-01,-4.797001621941534011e-01,-3.584783641251846897e-01,-3.966989647846003164e-01,-1.478774875278662526e-01,-2.441293084002401637e-01,-3.060124327216650064e-01,-3.617133132271717066e-01,-3.913820562933128522e-01,-3.884343374768339241e-01,-2.731195080382019524e-01,-3.730764482262336479e-01,-3.500009573255836171e-01,-4.204633503637279501e-01,-3.779269143669265474e-01,-4.747605721354157260e-01,-2.253254867006052042e-01,-8.921930422344218070e-02,-2.070550514917490759e-01,-1.913164952314549694e-01,-4.257916199883968189e-01,-7.105084056514204827e-02,-2.825681677824992688e-01,-3.865736949355755847e-01,-2.898910423627629185e-01,-2.631602223324777667e-01,2.834394840459865117e-01,1.091041013208567251e-01
3.107598279768243321e-01,3.066001660938257878e-01,0.000000000000000000e+00,6.579389287995466296e-01,2.375769814834483365e-02,-1.462675981572649220e-01,7.138800764775874441e-01,4.092057140503267409e-01,-2.637559437866997258e-02,-1.255749213557409705e-01,-2.783782067782718597e-02,-1.008959569885941182e-01,1.654066324369211083e-01,2.457451320037095516e-02,2.064592104576353226e-01,-8.338728302343231813e-02,-2.128400952398325913e-02,1.268675396706101244e-01,6.488683916953761344e-01,5.814435086106234385e-01,-2.303251657218311210e-01,-3.119556228034067180e-01,6.111190889234257018e-01,4.834463934583082545e-01,-7.121594186566931883e-02,-1.852803548889446483e-01,-1.248144741469544017e-01,-9.982853786840462096e-02,-6.219390079151707745e-03,-1.994539213616629281e-01,9.239652911098472643e-02,2.803524995798593045e-01,4.818092812150807647e-01,4.482555643692119896e-01,3.293813557679521331e-01,-2.539210279016154356e-02,-3.790948063336293528e-01,-2.845151375796279303e-01,-2.355496150980168901e-01,-3.755637047793614069e-01,-3.578023489221617837e-01,-3.835623475106984537e-01,1.152079082577254637e-01,7.865754015656378079e-04,5.884856941036729905e-02,-1.854673805006183326e-02,-1.106193626017187293e-01,-1.541103405192975617e-01,-9.389556776454700826e-02,-1.166194896360567002e-01,-3.245521222325652988e-01,-2.808045004781494214e-01,-8.886582461543156286e-02,-8.744721691508347550e-02,-4.325596062962121513e-01,-5.031560680880738934e-01,4.211028200319593129e-01,2.105646949275717383e-01,1.007884911506674724e-01,-1.179466717459521780e-01,3.238959123697049414e-01,1.190879704974768943e-01,-1.188644659116967067e-01,-2.475450358180250887e-01,3.403271253332473267e-01,-1.625258036279177837e-02,1.743841738134336294e-01,2.716328316139871718e-02,3.122723160431349343e-01,2.816334140406512310e-01,-1.157503981175565105e-01,5.481454028408078855e-02,-5.324573731649809294e-02,-1.202151554249141635e-01,-4.697315874687205822e-02,-1.988817893763056288e-01,-1.178611969572106351e-02,-1.058269582002749065e-01,2.487495546270726554e-01,1.570082149038335151e-01,8.039644682993865588e-02,-1.321877823159807452e-01,-6.610980980106795357e-02,-3.685206921827214460e-02,-2.661031866101924021e-03,-3.374625005473741446e-01,-1.085281971914470733e-01,-1.553050483612066213e-01,-1.313923855637219307e-01,-2.781433462813515112e-01,-2.645605067640433017e-01,-1.092254540897451137e-01,-1.410764364929414927e-01,-1.250320730763014587e-01,-4.120849274648775706e-01,-3.383235770865190006e-01,-4.363328494400302016e-01,-3.886021679869202106e-01,-3.242374906726163131e-01,-3.787179163646297586e-01,-3.609731323212821974e-01,-1.131328772786218267e-01,-4.542721291710551390e-01,-3.031830086932728596e-01,-3.753682824386293526e-01,-3.115967100003831924e-01,-3.199015625752005265e-01,-2.881605358674145800e-01,-2.491364008268655283e-01,-8.769013888180379745e-02,-3.244239142951790833e-01,-3.412671230347681939e-01,-3.746749034161024894e-01,-1.859386815184529973e-01,4.039860959212689812e-02,-1.155227591112125973e-01
2.750271656018624111e-01,2.398609156181989721e-01,6.579389287995466296e-01,0.000000000000000000e+00,-1.054479948871844987e-04,-2.630315805437195148e-02,5.881643634354796202e-01,7.758762141220160169e-01,4.653763482750766789e-02,5.939019223709453982e-03,1.181091650645426094e-01,2.224616958142630052e-01,2.868159875108426404e-01,2.839188321836793594e-01,1.884531975928164793e-01,1.750547222898402033e-01,-9.426883582400462369e-02,4.833366260331278114e-02,3.838505770901687875e-01,4.491768054791784315e-01,-1.327396627483272418e-01,-2.248035894032184845e-01,3.637435426172149211e-01,4.505244982608930249e-01,-2.421967194497759712e-01,-1.527537845607383760e-01,-2.413356467506249936e-01,-1.157992709919800217e-01,4.316050099461809370e-02,2.249729063702514756e-02,-1.645067851837649642e-01,2.146942499701446627e-01,2.640454759546749797e-01,4.952876500194008380e-01,7.419805671040970163e-02,-1.222748420106927886e-01,-4.177181382598763593e-01,-1.798280784967141721e-01,-2.526920156983483157e-01,-2.706328017597183777e-01,-2.902470141840254314e-01,-2.069096066693675295e-01,-4.888768235767690373e-02,-3.873791726023594756e-02,-4.962341579444446565e-02,-1.808597232891958825e-02,-1.717417271233696030e-01,-1.533920658249828817e-01,-2.912825964347503377e-02,9.057438021911293213e-02,-2.199345268609995685e-01,-6.858991103237116471e-02,-2.019330443029760669e-01,3.272190209924695156e-03,-3.874959956692489160e-01,-2.713849915113544786e-01,2.175858864143723724e-03,1.254593791106568823e-01,2.314618446936377860e-01,1.579527182666238538e-01,2.770845827687943852e-01,3.241936934040819951e-01,-3.480911743833313698e-01,-1.880649736471102507e-01,1.575465060490612856e-01,1.621955861999724857e-01,-2.557829275594090956e-02,5.667818755497482791e-02,1.957323255823201213e-01,2.157770101525543216e-01,-1.566543159838743593e-01,-5.919585065144335884e-02,-5.007854289310249840e-02,3.369679956051883918e-02,-1.324710697795093983e-01,-1.418248432711121942e-01,-7.067756647482345556e-02,-7.178555612527941221e-02,1.920880409424637753e-02,6.617090522435403743e-02,-2.205757445852675191e-01,-2.410064659907574791e-01,-1.514413825246949119e-01,-4.146174457799198243e-02,-1.448507208311167471e-01,-3.066739617846432897e-01,-6.404045853541918965e-02,-7.326557480872673833e-02,-1.232272498635592350e-01,-1.731445034929696702e-01,-1.709344832454262886e-01,-1.985323065380364682e-01,-1.432988304445950885e-02,-1.287585647607358830e-01,-2.625687698655322366e-01,-4.464545530797634637e-02,-2.941010333882519978e-01,-2.422495175412830992e-01,-3.315466057101845165e-01,-3.980968215048897307e-01,-4.634834826737235236e-01,-2.466581380829762360e-01,-4.773839543016945575e-01,-3.432833672236782485e-01,-4.310266217249884568e-01,-4.303330267777746854e-01,-3.493836923204497458e-01,-2.616538940188860574e-01,-4.452966013534111200e-02,8.948858167399380281e-02,-2.355832666341875770e-01,-2.753393052594871881e-01,-2.462353521002630941e-01,-2.607446580171930983e-01,1.937573314706996300e-02,-2.246506746686112721e-01
-1.069988832904330417e-01,-2.925459609904265332e-02,2.375769814834483365e-02,-1.054479948871844987e-04,0.000000000000000000e+00,4.412810665282827505e-01,-1.539354841059774881e-01,-7.925569400044762958e-02,7.842750899644825857e-01,2.410582661887386846e-01,-4.999233393167137884e-02,1.794383695484700336e-01,1.684216016266920201e-03,-1.528226301035081891e-01,4.633630853259402826e-01,-4.139481119376288779e-03,-2.046322065314738065e-02,2.489950934407975797e-02,-1.350458775065216666e-01,-3.522761206940464712e-02,1.398915667714683841e-01,2.103718313835931941e-01,2.021503064140992012e-01,2.456649427590660018e-01,4.918565232549839128e-01,4.516397002730212495e-01,3.935540994289016825e-01,-1.389154637857014651e-01,-2.336508180654654765e-02,2.733787174332020231e-01,3.271793311238356539e-02,1.958765852778545924e-01,-6.387649228088874975e-02,2.013388613902087829e-02,-5.474207694361656051e-02,-5.850255693215432318e-02,-2.841876859698443201e-03,-1.467159522981301978e-01,2.692177718606309500e-01,8.192094230171961811e-03,1.122270573596495097e-01,1.094322013379329106e-01,-2.043903869291659736e-01,-2.483693996781982660e-01,-9.414194568322313550e-02,-1.500875867626556004e-01,-2.854524563381963254e-01,-2.338549104582117455e-01,-1.324283639634194487e-01,-2.643947512040979997e-01,-3.685143225296592107e-01,-4.080774189957353526e-01,-2.683055834510367776e-01,-2.511849401279597216e-01,-1.633837104428764453e-01,-1.396278407783545228e-01,-2.413164391178586887e-01,-1.668746565770790752e-02,-4.423167925406233658e-02,2.199700326767900782e-01,-1.990008002881770155e-01,-1.357984995524468648e-03,-5.476432053179201842e-02,3.036784516720480043e-03,-4.316068005548661518e-02,-8.175669129320832507e-02,-3.325009832927963010e-02,3.601024931914117988e-02,-1.162860367043813403e-01,-1.079160769934445624e-01,1.919227784751325466e-02,-8.112139131412260395e-03,7.674944855135339139e-02,2.348892914609873317e-01,3.671659838890380112e-02,5.600541476420031577e-03,1.757870369043890504e-02,-1.102268817408714498e-02,-1.237990453827462339e-02,-7.707190050514213520e-02,1.945483267910657621e-01,1.648673914635318538e-01,1.915605252173498696e-01,3.893162027680645010e-01,1.373497465144982999e-01,-1.402107067608741597e-01,3.211891519838869224e-01,3.199432121358886660e-01,1.780282023366846211e-01,2.088978238071999005e-01,-8.277714657961426914e-02,-2.302641732043904030e-03,-5.467109420753589466e-02,-5.333315266021150568e-04,-1.923564467205764739e-01,-1.563039121259643116e-01,-1.680972728365438540e-01,-2.168980420632468376e-01,-1.137601097340462941e-01,-1.631421139313833368e-01,-3.014984059920789924e-02,-7.640473011774709389e-02,5.971505334592307201e-02,4.226664661542255813e-02,-7.902741240901990649e-02,-4.811999827989980882e-02,1.648897000942650681e-01,7.903475402899982905e-02,-1.298445856285016520e-01,-2.922973355526913286e-01,-2.520641928825952949e-01,-3.116064645312321968e-01,-1.900342989195743792e-01,-2.774455873801653927e-01,-5.329482020322547781e-02,2.073889829219824066e-01
-8.300460769391693194e-02,-1.822908258394412839e-01,-1.462675981572649220e-01,-2.630315805437195148e-02,4.412810665282827505e-01,0.000000000000000000e+00,-1.071633886497210947e-01,-7.838036299436570639e-03,4.218364692629740786e-01,7.880898946125930449e-01,1.234543654526017581e-01,2.383387928982026033e-02,-1.217484476489655992e-02,5.487597972289256359e-02,1.643912314447605050e-01,3.009318038731939593e-01,-6.343390113253499774e-02,-7.160454432026674976e-02,-2.212057118972276526e-01,-2.401603644722065667e-01,1.646539731402149875e-01,2.721684972369643463e-01,-2.100111408562552531e-02,1.420652653481065675e-01,3.657824466189905088e-01,3.554742923633572027e-01,2.978678591029405021e-01,1.857849981020627816e-01,-4.605660630545733991e-02,-1.209652119606972540e-02,7.338097065690244933e-03,-5.195708631380010351e-02,-2.548372255677425757e-01,-2.742325151186704169e-01,-2.980599000753197392e-01,-2.974570515782006819e-01,1.353895033947416504e-01,-2.005896266260695504e-02,2.409973232867234083e-01,2.072881784540239053e-02,1.754367351539823372e-01,-4.326756629789849096e-02,-4.876254272185782668e-01,-4.546338744175039692e-01,-3.647357743610925018e-01,-4.286480839815643429e-01,-4.298040636166655659e-01,-3.492280703683718346e-01,-3.954430976819762189e-01,-4.134843622649478911e-01,-4.666204917189658574e-01,-3.650245231679215552e-01,-3.062612613781225401e-01,-2.264499540111915565e-01,-4.081619264918880802e-02,-3.157548506251633275e-02,-2.329942773004369250e-01,6.468683528559161788e-02,-1.701417218550823895e-01,2.649430686928370277e-02,-1.079740993262199161e-01,1.352792478147412936e-01,-1.277283395811473939e-02,1.355408507330988777e-01,-1.246873496824260630e-02,1.211643567491036411e-01,-3.666092242731539552e-01,-3.133469314689055207e-01,-3.548290007538305035e-01,-3.770505439790500790e-01,2.181062334275783721e-01,1.343766046764267863e-01,2.692792506354553250e-01,3.537493416203295604e-01,2.352101844724594770e-01,1.508814349323570336e-01,-1.387644610087905850e-01,-1.200749915157759556e-01,-1.125977110481014148e-01,-6.735427369843102752e-03,3.498288250540425998e-02,9.965118084615146032e-02,-7.580919262442394058e-02,3.452619459953960163e-02,1.668829016338412574e-01,1.167084003628329480e-01,3.657999351180418746e-02,8.608493663859634326e-02,2.853631755756096400e-01,4.536655336878714362e-01,2.656121968800148059e-01,2.684695651519375392e-01,2.820502400036958845e-01,2.659884404618153564e-01,3.485742192203056256e-02,1.603287649790945471e-02,1.740382932775164093e-01,5.257507557718481966e-02,3.464822531166205644e-01,3.095115542748628212e-01,2.473931924612997602e-01,3.336836226294393470e-01,1.169284463884491948e-01,2.079571176174599689e-01,2.569152790021487793e-03,7.787091947300252281e-02,2.196117714395999510e-01,2.315139731717001381e-01,1.807742232320015685e-01,-1.886414026966641011e-01,-6.094051970657961975e-02,2.101592097845392526e-01,1.546739075808542807e-01,-9.563041585721825111e-02,-1.816348286179969851e-01,-9.546977490576444292e-02
5.471622122046311265e-01,3.375448061678071321e-01,7.138800764775874441e-01,5.881643634354796202e-01,-1.539354841059774881e-01,-1.071633886497210947e-01,0.000000000000000000e+00,6.321669408161986192e-01,-8.467734116319136639e-02,-7.416384902275180435e-02,3.256434252787606121e-01,6.493838677597267572e-02,5.062695690182599240e-01,1.927120313795363804e-01,2.154735123803521446e-01,1.158750909695722142e-01,4.074494423247709135e-02,9.948377148699520667e-02,5.387676064564033140e-01,5.358121522736422060e-01,-4.174282987059095840e-01,-2.948619396282484706e-01,1.459296418973987097e-01,3.253801469561887205e-02,-3.894597810313980002e-01,-2.452740379848481200e-01,-2.402095118321863065e-01,-3.532331674868749993e-01,9.844851382091192316e-02,-8.587679091739267023e-02,-9.698515849937049127e-02,1.416146935912481267e-02,3.778675226480406324e-01,4.545925433777088798e-01,2.198308261887748360e-01,-7.170023163870387073e-02,-3.099166851516773624e-01,-7.050250830649536227e-02,-2.021027949201822382e-01,-1.692657622813996954e-01,-1.790714528983603504e-01,-1.475006428558747751e-01,-9.353008492453175615e-02,-1.455608495079209752e-01,-1.368951522811212573e-01,-1.586603805773450504e-01,-3.140585115821134532e-01,-3.374537912699152598e-01,-3.093678689447901808e-01,-1.678432832321007928e-01,-3.865393389624524612e-01,-2.477769152883071146e-01,-1.509864299283705524e-01,-9.690947612850503434e-02,-4.039964404933662490e-01,-3.117071815751573105e-01,3.412023751583889708e-01,2.225687570584982400e-01,1.024747723155250978e-01,-7.526626001424173429e-02,5.155891308824536168e-01,2.859107604443064665e-01,-1.932412809451010682e-01,-6.837023745483160331e-02,3.755855681255472756e-01,1.753126530324604637e-01,4.682517478896640328e-02,2.944447590330119199e-02,2.215330599684294799e-01,2.233867715526171860e-01,-1.258452103036432346e-01,1.428712442432895080e-01,2.338156148370497400e-02,-9.200867913308940355e-03,2.656750119610796785e-03,1.377064211552178619e-02,-1.817989742204968173e-01,-2.462302722319229531e-01,1.608216198840692612e-01,1.170335815416781167e-01,-6.186732576474517770e-03,1.622150833212338342e-02,-5.150949477598197601e-02,-3.704466843519611807e-02,3.849690084964419584e-02,-1.521477341562669505e-01,-1.484064857300353701e-01,-1.453766455888398298e-02,-1.536413450504253153e-01,-1.273289056094891458e-01,-1.468108392080568203e-01,-7.417712459091593824e-02,-3.515799923608376593e-02,2.779291976504912054e-02,-1.267272366338555445e-01,-1.581269978523741904e-01,-2.815685801033486757e-01,-1.120569108112317719e-01,-1.859591650796403872e-01,-2.017957831588035045e-01,-1.782470276153119426e-01,8.379275647392035731e-02,-3.132170621659111087e-01,-1.154685795868458376e-01,-2.342212274618592216e-01,-8.898942785679089806e-02,-1.781036269340805223e-01,-1.880300535149700622e-02,-1.641807654050296272e-01,2.706853500696541470e-03,-1.527202619155645924e-01,-1.774361686672152882e-01,-1.816317124642026215e-01,-9.329272541144993658e-02,1.972726984993693478e-01,-1.651004170681483196e-01
3.005451267388661307e-01,1.754026159611572766e-01,4.092057140503267409e-01,7.758762141220160169e-01,-7.925569400044762958e-02,-7.838036299436570639e-03,6.321669408161986192e-01,0.000000000000000000e+00,5.963149062397923167e-02,9.931112221822420427e-02,3.095214965765715198e-01,3.363854717549406570e-01,4.952637411906832265e-01,6.613750350474592032e-01,3.064924504520358250e-01,4.811087559736785257e-01,-2.017363555556186613e-02,2.661634403648899597e-02,2.544901726862570657e-01,3.212432374927758350e-01,-2.128736058410575505e-01,-3.053944102446479736e-01,-1.467449922951697891e-02,1.352632028968984990e-01,-4.829622711912104904e-01,-3.526980715693757151e-01,-4.031677291276201669e-01,-1.325038443480577866e-01,1.483440505925661124e-01,9.116509978551688709e-02,-3.488811924076193338e-01,-4.698450021352165544e-03,1.472203113775704675e-01,4.352972673079083532e-01,1.181553628577829834e-02,-5.323730206790030367e-02,-3.238462798128274867e-01,-1.436252753371637936e-01,-2.348038652437835494e-01,-1.823298792040549121e-01,-1.199536776717106401e-01,-1.132190736154188582e-01,-1.417377002351575266e-01,-1.263688489538693505e-01,-1.632702827983811833e-01,-1.248673564166915551e-01,-3.041375248925661245e-01,-2.544616800429155279e-01,-2.169301385801436777e-01,-9.709818822290386224e-04,-2.312787243831816442e-01,-1.052737989167478426e-02,-2.506291360187958839e-01,2.617463933645015547e-02,-4.161521934885834550e-01,-1.948628406852423722e-01,1.039216092093397936e-03,4.173975194701069757e-02,2.996187573507402835e-01,1.077720345631987403e-01,3.618693220081646289e-01,4.200614589095333917e-01,-1.546439841329294296e-01,8.697403732448243108e-02,1.601501592418484998e-01,3.989165219154739983e-01,-8.255162765336571812e-03,1.433020876549783995e-01,8.057161870845537532e-02,1.846610774137442124e-01,-1.664697279438836219e-01,-3.172217239613146778e-02,-8.700001075757695865e-03,4.648353867049558746e-02,2.586232838005421766e-02,8.047127379634753941e-02,-1.637824161498203646e-01,-1.128508422580538212e-01,3.321058723000715196e-02,1.439790521236615217e-01,-1.360834670337634222e-01,-1.459134120916426129e-02,-8.828173782640470757e-02,-2.066997585875325616e-02,-2.040984648499166373e-02,7.422058301740953878e-02,-1.582514697598725317e-01,-1.380744336632993008e-01,-1.872618946011800622e-01,2.353070298744827996e-02,-1.372018129473904779e-01,-2.220408448649903999e-01,9.470924871894254027e-02,-6.257580848073021618e-02,-1.776813493935370525e-01,8.637111462676171081e-03,-2.344359476565223421e-01,-7.582962602283840892e-02,-3.215172287048899680e-01,-3.137295666494869240e-01,-4.232859743961137067e-01,-1.202828823842936601e-01,-5.140236619906616289e-01,-3.683867451241890634e-01,-4.782093983538787674e-01,-3.850453160012010656e-01,-3.380893967379084986e-01,-2.280909348378947210e-01,4.487006123980582725e-03,6.878943790188417340e-02,-6.154899833459080011e-02,-1.438170034469342107e-01,-1.541113613977089514e-01,-2.392664129675468876e-01,-2.681892657346028608e-02,-4.349185566344021536e-01
-6.254734869670962316e-02,9.293542595024541220e-02,-2.637559437866997258e-02,4.653763482750766789e-02,7.842750899644825857e-01,4.218364692629740786e-01,-8.467734116319136639e-02,5.963149062397923167e-02,0.000000000000000000e+00,1.458280026592305989e-01,8.303105319759714054e-02,1.812510009665116717e-01,1.073035698331059884e-01,-2.528878371474652109e-02,5.988267298811789097e-01,9.611301750157835722e-02,1.264186683620551199e-01,-4.417620563652222693e-02,2.890845441973342866e-02,1.706881557329402166e-01,-8.390835811435561065e-02,3.053856585657702821e-02,1.487686985020424957e-01,2.007776663453746113e-01,2.364018011525516327e-01,2.122084622957529365e-01,1.307328301995416553e-01,-2.492593895009957983e-01,1.026676692157671295e-01,2.667109479905960812e-01,-3.747679579780342773e-02,8.134197767313652849e-02,9.909825679060531300e-02,1.618427995596904423e-01,-7.491000319965588142e-03,1.773037759619926768e-01,-1.967265430197523701e-01,-2.966077138392245183e-01,-3.516696030149758095e-02,-2.292440696170612302e-01,-1.150293851214975738e-01,-5.006618193475109724e-02,-1.266493726560963262e-01,-1.043698450847082015e-01,-1.082087537919417530e-01,-8.816650397367439829e-02,-2.115627188662515534e-01,-1.647992829153374639e-01,-2.155458645611264823e-01,-6.750034515169293925e-02,-2.332267409576924411e-01,-1.365861013713582650e-01,-1.345717466864577994e-01,-4.537170831328239846e-03,-3.944563773261979822e-01,-2.598134039334702994e-01,-1.759449797645029345e-01,-3.912359187592898135e-02,-7.754484728562509310e-02,1.920802306173109153e-01,-1.723337212876503988e-01,-1.405364252532954709e-02,8.754086722793949504e-02,1.360502213764008261e-01,4.210638230348283384e-02,1.145371047956567495e-01,-5.971421403100792523e-04,1.528209409208935443e-01,2.100047536450801514e-02,7.606181929497062011e-02,-1.450353325723653108e-01,-1.091619781008304757e-01,4.376192629390954908e-02,2.028756569237892271e-01,-1.680952932765709118e-01,-1.517785485712639937e-01,1.515955842527559327e-01,1.181671500470308084e-01,2.057306151962175755e-01,9.577330588605199868e-02,3.440765023624536290e-01,2.539020174596252066e-01,2.487425996179212784e-01,3.019631699593650076e-01,1.374150238070675212e-01,5.589172219016096121e-02,1.195323555927817888e-01,8.889754144920067325e-02,-8.646402166327236960e-02,1.386265176903413165e-02,-1.053096410499547581e-01,-5.580422523675072216e-02,-8.307226746289263219e-02,-1.414138667863335530e-01,-3.856492844575225010e-01,-2.479356720043752460e-01,-3.275076595691823744e-01,-3.477708585395485885e-01,-3.026802961571745110e-01,-3.592165140593150952e-01,-3.141213667087973116e-01,-2.132406863769885919e-01,-2.211138082419106254e-01,-2.206271682050511274e-01,-2.418486907303512012e-01,-1.594548639477745555e-01,-1.308141821835397955e-01,-1.935197406439983503e-01,-2.681380031081857518e-01,-2.359123894723140491e-01,-8.798927000427951561e-02,-2.735811240759739027e-01,-1.779892487109232535e-01,-3.356017479987257190e-01,1.168404124654343207e-01,1.181172766160298732e-01
-1.135657176182471584e-01,-2.270502757793473603e-01,-1.255749213557409705e-01,5.939019223709453982e-03,2.410582661887386846e-01,7.880898946125930449e-01,-7.416384902275180435e-02,9.931112221822420427e-02,1.458280026592305989e-01,0.000000000000000000e+00,8.136787939732054165e-02,-1.257177419390792528e-01,-5.319043124148195578e-02,2.278447582383719971e-01,1.385939165374428794e-01,5.491693901211527340e-01,-9.776292764100615040e-02,-4.646189053259237173e-02,-2.054738695121787473e-01,-3.005040142219749244e-01,7.496022766466254802e-03,1.716080110232621192e-01,-6.810194774849727406e-02,5.104666455185406099e-02,2.900172359483733087e-01,2.299342193185287264e-01,2.027918524812448997e-01,3.333682591023914843e-01,-8.592593004389838252e-02,-2.155581965027012492e-01,5.947538997128234972e-02,-2.727501043876716380e-02,-2.555005023817902288e-01,-2.786171056426562376e-01,-1.954735235601128829e-01,-2.410910309903157300e-01,9.558419886574484603e-02,-3.857684743857212745e-02,6.164521248855464597e-02,-6.367995184095684436e-02,3.041608063827720004e-02,-2.066397197859174417e-01,-3.745235482376702563e-01,-3.815356636984426064e-01,-3.203036387941367025e-01,-3.941939508019247640e-01,-3.327526553936803189e-01,-2.861399639812259310e-01,-3.675286979428529222e-01,-3.747434934551527319e-01,-4.042233279602354679e-01,-2.757613186102358949e-01,-3.223039303858235005e-01,-1.594033192833395340e-01,-3.671205230660520846e-02,5.024668482898241029e-02,-2.310423230861221033e-01,5.200655521900442863e-02,-1.741764401238465043e-01,-5.852567843383507662e-02,-5.063882991103883097e-02,2.694915580350005224e-01,-4.225074853200241204e-02,1.596437961806559391e-01,-1.437551601360480789e-02,2.036151471889889875e-01,-2.819977870977734558e-01,-2.586583117438368551e-01,-2.582825251819618195e-01,-2.801931834035836233e-01,2.622352734282284992e-01,1.614317958580433754e-01,2.119612466451518129e-01,1.537192215727789524e-01,2.704671493984410202e-01,2.924367630383400418e-01,-1.203349462968195671e-01,-7.954581276031116865e-02,-1.379029837845262008e-01,9.612593940023901606e-02,-5.284498966298094985e-02,1.919216297815318217e-02,-3.686308214644888892e-01,-1.879470111254595566e-01,2.957770289782689355e-02,1.764057162767659892e-01,-3.051021101732038776e-01,-1.837812658906970986e-01,8.771825090618831644e-02,4.659136120638410761e-01,3.089334160431983500e-01,2.379465774162379255e-01,3.726616927581182792e-01,2.850080920232118120e-01,1.282613151705079280e-01,1.272009018700783201e-01,2.348731546360973699e-01,1.225760493322039374e-01,3.423903856712123273e-01,3.108724543755787550e-01,3.405712534900834920e-01,4.464841736482604850e-01,1.330944834477587879e-01,2.654269977142996728e-01,-1.594155880630269972e-02,4.518980157234076672e-02,1.267801096604423972e-01,2.119538853570667181e-01,2.988779506099892846e-01,-1.138819626231336729e-01,3.946185413347321619e-02,3.348611818516117333e-01,2.413633803520916499e-01,6.107515479852406587e-02,-2.676596589974440943e-01,-1.865579470340330004e-01
7.401895892229141127e-01,1.654297953641016561e-01,-2.783782067782718597e-02,1.181091650645426094e-01,-4.999233393167137884e-02,1.234543654526017581e-01,3.256434252787606121e-01,3.095214965765715198e-01,8.303105319759714054e-02,8.136787939732054165e-02,0.000000000000000000e+00,6.876880028235670128e-01,6.334698723350588034e-01,3.756429270089199912e-01,2.728333262227785605e-01,2.213601729515958239e-01,4.093386213288208175e-01,1.211690923362652161e-01,2.946166638612431332e-01,2.487447036705957570e-01,-1.917358743602457227e-01,-1.551582768844927962e-01,-1.661452274058547174e-01,-1.641314733606620835e-01,-1.455765899308222311e-01,-8.580243433653728102e-02,4.225455829449568240e-02,-1.441257609877898416e-01,5.356854406068841667e-01,3.227632794413289874e-01,4.516304420961903682e-02,2.004876257556876054e-02,9.468033578714760146e-02,1.879593644471681813e-01,-5.232079257062906968e-02,-1.270909182850900043e-01,9.519173212245685134e-02,5.658796468699981569e-02,-7.738828721897547669e-02,3.632451504634109235e-02,1.490836867271129185e-01,8.360957767453310041e-02,-2.364649713392091845e-01,-2.276464461796342820e-01,-2.875213348614167885e-01,-2.539230966891892760e-01,-2.543578153394879804e-01,-3.057159575583993094e-01,-2.980275417414018913e-01,-7.255515793111738665e-02,-1.545329745640844632e-01,-4.011694778482077783e-02,5.816660522832424463e-02,3.682880335864325422e-02,-4.978312003318500351e-02,8.076906337193104357e-02,1.014611026541909350e-01,5.924464928882432896e-02,2.758148263933254407e-01,1.910560066286134118e-01,5.351210376913444478e-01,2.157073941545486484e-01,2.355009402789268735e-01,4.329946817110249535e-01,1.385964088088281754e-02,1.514726298413731076e-01,-3.753622945091928953e-01,-1.900946250284437644e-01,-6.804278607284389158e-02,-1.237869361957197739e-01,-1.184070047216997795e-01,1.005794323551166269e-01,3.951577407755155202e-01,3.599220001923118528e-01,1.197058277488327049e-01,1.652119113017451457e-01,2.733275621244095344e-02,2.232832135652761812e-02,1.033589641344202226e-01,5.043181615095183173e-02,-2.988733689354326414e-02,-7.780363601414699848e-02,1.556213150106366960e-01,-1.534603152498495160e-01,-3.450452167696652778e-02,3.498584604996553271e-02,-9.023287524380912972e-02,-8.235712821353610713e-02,4.154384015123235158e-02,2.130260053575885881e-01,-5.753169719927771208e-02,-1.834766158646059242e-01,-2.531879112949531746e-02,-7.102555431293131050e-02,-2.747167238553915522e-02,-3.030679459709211682e-02,1.034281222279294088e-01,1.933606232190454299e-01,5.490109848749193111e-02,8.159988181857032175e-02,5.209361706387840435e-02,1.305381407813519246e-01,-4.903069869060655561e-02,-1.463808702110743279e-02,-1.044363269665060517e-01,-6.337015790832256634e-02,-1.261153639220772005e-01,-3.151390364482220541e-02,-7.007269297439026878e-02,1.328684890149670061e-01,1.369828324958088372e-01,1.533012657908993104e-01,2.062620173166320181e-01,1.156784201406132750e-01,2.621019391691003508e-01,-1.687268379300895793e-01
5.874781940616576881e-01,1.763176392220915656e-01,-1.008959569885941182e-01,2.224616958142630052e-01,1.794383695484700336e-01,2.383387928982026033e-02,6.493838677597267572e-02,3.363854717549406570e-01,1.812510009665116717e-01,-1.257177419390792528e-01,6.876880028235670128e-01,0.000000000000000000e+00,5.785679440568950449e-01,3.391170670406450371e-01,2.517469493486894638e-01,7.478947253949909391e-02,1.327273339688511411e-01,9.416051659278589989e-03,2.166926334062536583e-02,1.179544180833143607e-01,-2.842487671489945036e-02,-1.787072893032684573e-02,-8.430540439609661429e-02,3.642862716175669646e-02,2.319810507474541830e-02,1.904594025740267982e-01,1.827402912501738252e-01,-1.979679915044232352e-01,3.443528110228358807e-01,4.987697429174993147e-01,-5.912647169565660166e-02,1.737880093529710623e-01,-7.564133275614351448e-02,1.739958185188686945e-01,-1.074166200866722154e-01,-2.329420662372195527e-01,7.721089314850682062e-02,7.620294668697553953e-02,1.245997767049754068e-01,2.130025133451679542e-01,2.891345372783329370e-01,3.312070885829522249e-01,-2.513573079513502506e-01,-2.572809937232480859e-01,-2.350172678547048921e-01,-1.900483477651456199e-01,-2.870859070965653959e-01,-3.472955714238956659e-01,-4.548285694129589746e-02,3.784526364330337983e-02,-2.608488998172447254e-02,-2.309396799959820626e-02,5.959390078533187418e-02,-6.627044597017904548e-02,1.725500034803701885e-02,4.504714426554782408e-02,-8.195983362327247113e-02,6.091448380817006403e-02,4.613349844437503178e-01,5.740643034674709488e-01,3.537136800159076944e-01,2.406790920508490306e-01,-1.027772914740490186e-02,3.350032645587757707e-01,1.023501509666981807e-02,1.260838196966618807e-01,-4.097571868575676790e-01,-1.686210838056405315e-01,-2.805537438913872639e-01,-2.516577003362771014e-01,-8.954958751528352412e-03,8.666171189945826026e-02,2.772120530019198670e-01,3.641910098040512800e-01,-4.891433937903548468e-02,1.416160431208079822e-02,-6.147794984721146466e-02,-5.245548132219958470e-02,-1.499032974251516548e-01,-2.525007016391836445e-01,-2.230566328261516240e-01,-1.754088080785763948e-01,2.448620467694709590e-01,8.804574376590398876e-02,3.393712917082489233e-02,-1.414121850186947082e-01,2.839701641214496530e-01,2.374342018292681378e-01,2.611697245512360488e-01,2.277751249766182262e-01,-1.587754562201351416e-01,-3.327913530413394438e-01,-1.383057564683033425e-01,-1.823236193514538028e-01,-1.583679923285374880e-02,1.930645326253368349e-02,-8.211655571767685277e-03,8.596333227761843165e-02,-1.726055543972206466e-02,9.942786280680357761e-03,1.260991499913496038e-02,-1.945334428831608786e-01,3.225850030244290650e-02,-5.468755827311048978e-02,4.503393451970130051e-02,1.412361344975398419e-02,8.207074180728655965e-02,3.241173390435234895e-03,-8.101687489199170533e-02,1.005855080201342733e-01,-1.106341194171242548e-01,-6.790769440975387428e-02,1.563009210610345479e-01,5.189206511301002606e-02,2.578703991981556864e-01,5.459146435612595438e-02
5.604458474406572854e-01,1.579910071040819819e-01,1.654066324369211083e-01,2.868159875108426404e-01,1.684216016266920201e-03,-1.217484476489655992e-02,5.062695690182599240e-01,4.952637411906832265e-01,1.073035698331059884e-01,-5.319043124148195578e-02,6.334698723350588034e-01,5.785679440568950449e-01,0.000000000000000000e+00,5.642719965636754376e-01,4.856180933298454572e-01,3.651744550785100962e-01,3.128482123714099866e-02,-1.262271319196055508e-01,2.652574021976730756e-01,2.658178042546800457e-01,-4.187625594581190769e-01,-1.965862372287953130e-01,8.647804630957761640e-02,1.468289711742702119e-01,-1.992687399657244729e-01,-4.103280213368876855e-02,-9.758033220399138508e-02,-5.400914090904023190e-01,1.622952213186919512e-01,1.672458824127160404e-01,-1.602059099058853187e-01,1.164670047409015197e-01,-1.126620160647713760e-02,1.276735803505093525e-01,7.027569912926681650e-02,-1.194751531499348846e-01,-1.093519009305688947e-02,7.630656941330274390e-02,1.011978422078109625e-02,1.579002303496816750e-01,1.635468859831990807e-01,2.029247200336202206e-01,-3.596464294426200969e-01,-4.281052066444313575e-01,-4.114925155733884510e-01,-3.807710829442045308e-01,-4.133431647869275638e-01,-5.353371663984646256e-01,-3.180200430302085879e-01,-6.314775812409424705e-02,-7.696589032410704190e-02,5.099089090409173429e-03,2.184932312373266405e-01,1.047493019346138754e-01,-5.372670497734315098e-02,-5.504939234346322569e-02,9.447460249200448010e-03,8.071278969458804686e-02,2.025290677521326688e-01,2.616051647886690201e-01,4.447053705195689877e-01,3.520748657482186683e-01,-1.137628678096017920e-01,8.119370218090769808e-02,4.286304301008503348e-01,3.263989325984300582e-01,-4.364571139668205202e-01,-3.198459296989315526e-01,-2.138692084367245227e-01,-2.452917940524693141e-01,-1.084280562671446346e-01,9.106501437184155723e-02,1.887064316077626813e-01,1.907902296437608558e-01,-6.633056789680827348e-02,2.808417816871289219e-02,-1.188870317033384610e-01,-1.127233596062897913e-01,-1.091118591833422219e-01,-2.979093717969852340e-01,-1.113957345877561872e-01,-8.888424993324088585e-03,1.338242941605939096e-01,8.217659560415378761e-02,2.767396721881361654e-01,3.045857990688212360e-03,1.004149340014583724e-01,1.875398888509618722e-01,9.004181338241865062e-02,1.841634160523875352e-01,5.790404841439346882e-03,-4.087219323810227511e-02,-1.689189980986696010e-02,9.489474378598881932e-02,3.563010635742204502e-02,-1.031461790095382497e-01,-2.198604699295544640e-01,-2.260769913114476018e-02,1.024963230359497712e-02,3.838136775044942526e-03,3.281149594080859377e-02,1.025616006418105797e-01,-2.515152979516974835e-02,4.008336828516276262e-02,3.634049521866816734e-02,9.755469958446411072e-02,1.096034720290868236e-01,1.544031454782475166e-01,-1.375207045895579794e-01,4.890318214519530360e-02,-2.121698404045831154e-01,-9.515466596243078723e-02,1.311992632998197905e-01,5.580610302860141564e-02,2.706656190498851755e-01,-1.116446424203229176e-01
