0.000000000000000000e+00,5.589809793404519889e-01,2.456990183129887928e-01,1.454525436371358060e-01,-3.218224459579792640e-01,-2.320040548190316909e-01,2.823176844653876860e-01,1.227002156076190814e-01,-1.503927854815631793e-01,-3.222618884975955722e-01,2.943703506577711737e-01,2.721450452492235952e-02,6.504396771370009322e-02,2.246430833523241528e-03,-2.948123548746911515e-01,-5.191244644752426307e-01,9.206316947195369860e-02,6.290567883520259418e-02,3.438210555350543207e-01,4.469615144593903633e-01,3.985729468855570001e-02,-3.616445927572240482e-01,1.625952626000285936e-02,-1.182924988486616126e-02,8.166633092137724498e-04,-1.369570286163337147e-01,-2.801367264079103747e-01,-3.471860644133177298e-01,-1.733708234565314033e-01,-2.056190043995085870e-01,1.849904586152384400e-01,7.954441178338785001e-02,3.325854795947733034e-01,3.425945271134796521e-01,-4.312044633463120447e-02,-2.289479997669729427e-01,-1.099580459854211101e-01,-3.386015534429405727e-01,-1.671487538717493504e-01,-2.956904384760520310e-01,-1.338510840859304107e-01,3.083549558728236953e-02,7.394282581524561429e-03,1.378871744769101688e-02,6.322835469861284863e-02,4.754788712733445250e-02,5.843331087315135897e-02,-1.980628612227171292e-01,3.314692503666643031e-01,4.085388492204630184e-01,4.336073506013951029e-01,2.368252449717421215e-01,2.239041253826128119e-01,1.812976561842298898e-02,-2.065908406755846416e-01,-2.079192064518492755e-01,7.426404242648035892e-01,5.593911787797398727e-01,6.666298870656851561e-01,4.218556685820917251e-01,3.661620525883594324e-01,1.931803936509157715e-02,1.938730331375269345e-01,-7.095950075922903555e-02,9.511982354014754393e-02,-8.045578374023565002e-03,3.264314238883734842e-01,1.516107664936551525e-01,4.106217732158953804e-01,5.428476526220989973e-01,3.311201842798923156e-01,1.780746670384565911e-01,3.595184728994570977e-01,3.303981951522881322e-01,2.372325788876134267e-01,5.818831934026855862e-02,2.356677019019729757e-01,8.228829267548712356e-02,-1.230288935249865788e-02,-8.091730937850569183e-02,2.551481110750035072e-02,6.938937082975475679e-02,-4.477965115943902119e-01,-1.731171867238671391e-01,-2.205588739452634880e-02,-9.790900832342214199e-03,-2.560840087692015654e-01,-4.505766841059950512e-01,-2.952439399765203754e-01,-4.491200951735923597e-01,-3.097162885518436881e-01,-3.635543975848044007e-01,-1.667446552201136967e-01,-3.606924406099411007e-01,-1.218797281871357718e-01,-1.576416089307403068e-01,-2.492080727603565582e-01,-2.581139103043293415e-01,-2.979340765780439382e-01,-4.619610066467911280e-01,-2.155621199245399966e-01,-4.180677874746352440e-01,-1.893208644109902750e-01,-4.065589590272457032e-01,2.660580624461169053e-01,1.216327419380204833e-01,1.499650510683721016e-01,-2.195005260799583191e-01,-6.502516398938579245e-02,-1.299014233530809137e-01,-5.086542382780192550e-01,-3.274925069769428210e-01,-1.457222233606509376e-01,-1.670865109628277556e-01,2.131435961639810972e-01,3.154574884385752398e-02
5.589809793404519889e-01,0.000000000000000000e+00,5.177233341663564463e-03,2.258009490422108190e-01,-3.257698411351067636e-01,-1.941321003605575857e-01,-9.098934033362345020e-02,8.704935692861374974e-02,-4.503199411143666842e-01,-3.719036017314408249e-01,-5.225135908983728761e-02,-1.226858270210955532e-01,-3.457343056764325961e-01,-6.662647989458686526e-02,-4.668423045818400619e-01,-4.013942117506774654e-01,4.071709177435472449e-01,4.172554979874386616e-01,5.347512486400599618e-01,7.599302461978904022e-01,1.978238785389439813e-01,-1.816809600377645995e-01,-1.993821577582622628e-01,-1.578700246125836204e-01,-2.069924925689557993e-01,-1.379346384760330724e-01,-1.290897955664905006e-01,-2.857058303735491855e-01,-3.770193738528728605e-02,8.493908293341494165e-02,1.773637504473599136e-01,1.273743473631424594e-01,1.130951256066052291e-01,1.656345160816051210e-01,-3.327176795045594937e-01,-3.570868847081950515e-01,-7.786012413352114137e-02,-3.094797331542092911e-01,-5.216886703747750098e-02,-8.509956185118039418e-02,7.744371150613282850e-02,-1.475865239144445173e-01,7.049793308464138986e-02,1.925590152421625123e-01,1.095177508874891487e-01,3.223947546676652065e-01,1.836514753744600825e-01,1.105059386995711351e-01,4.938705168619130226e-01,6.153035755625065883e-01,4.492051656797276804e-01,5.220928162514446580e-01,2.417433701526417456e-01,3.176069647613274927e-01,1.293371804729418449e-02,9.884746436493045685e-02,5.790671693214561877e-01,8.249310123507841430e-01,4.186725638453324683e-01,4.159408175160909660e-01,-1.532905455206204914e-01,6.076555984650346479e-03,-1.791957833902748654e-01,4.357966990441049238e-02,-3.465169888095954720e-01,-2.408873264388518842e-01,2.329232951858435999e-02,2.013213074033417746e-02,6.767211368217145306e-01,7.061548779625195227e-01,1.697134798353085172e-01,7.293949503698322900e-02,2.938193156424779295e-01,2.965590790390069675e-01,7.134911584187438038e-02,7.411359121948200845e-02,1.182943950452048677e-02,1.523837239874819560e-01,2.772534606890476039e-01,3.935596814577740910e-01,3.134615046557602813e-01,5.214850367450377666e-01,-2.119908787880715739e-01,1.472768757173649468e-01,-4.090431456533024090e-01,9.489018083897873823e-02,-4.448898837830672637e-01,-3.966889028346164969e-01,-4.739693323878921283e-01,-3.022214815067258975e-01,-2.669245133369930745e-01,-1.679067980556817885e-01,-2.367659931768082704e-01,-3.149501103787298306e-01,-2.669142918940274334e-01,-3.570815357564829234e-02,-2.221031814447320951e-01,-3.556236481697917784e-02,-1.309428649935339140e-01,-3.353949216640805253e-01,-1.678830158501751768e-01,-2.516832578749622629e-01,3.401418061069229337e-02,-1.564788225055293303e-01,-6.795477687686228563e-02,-1.677080887750001525e-01,1.986889899868530401e-02,8.727120614438484136e-03,-1.972331168085345032e-01,-3.841787674301006539e-01,-4.111601853272339180e-01,-2.877996243143470800e-01,-2.298490127857927626e-02,-1.134001350165202496e-02,9.406101925041528145e-02,-1.033874898438054135e-01
2.456990183129887928e-01,5.177233341663564463e-03,0.000000000000000000e+00,8.148106809378142801e-01,4.789472465656212652e-01,1.816696390441397690e-01,8.730296733308329227e-01,5.030170396175724923e-01,5.186716955270692653e-01,3.600013991582738382e-01,3.487053651345083383e-01,4.355116134144868534e-01,6.513014968459280851e-01,3.238074253842684880e-01,4.055722305478262624e-01,3.580016752971961203e-01,-4.679231099170039765e-01,-3.597332940048874605e-01,3.980395805321372271e-01,9.069899601471792527e-02,1.293813184021321006e-01,7.409219429292225774e-03,7.610338996047797400e-01,8.450533799405169910e-01,3.647714920593226884e-01,3.365433419795360037e-01,3.486679916555158187e-01,1.608760247396445187e-01,-4.843616212577421185e-03,-1.461123391606137800e-01,6.667648212175395495e-01,5.918366183219275767e-01,4.283193100115100793e-01,4.159699543964746060e-01,2.986204691373584019e-01,1.602314505416357893e-01,-2.167176425934966844e-01,-4.208834038592604854e-01,-8.792027797743382639e-03,-3.142092469796365917e-01,2.877506886676956532e-01,-1.657325051573745600e-01,-4.985639831586085591e-01,-6.199346147548507879e-01,-3.625034801783195704e-01,-5.895417988999948067e-01,-5.124623551675012711e-01,-5.640618205426355392e-01,-4.101930894991135390e-01,-4.134681187881904529e-01,-3.796429147230721002e-01,-4.678847134598621005e-01,-6.199335898685163215e-01,-6.785745430766767505e-01,-4.152532590837262894e-01,-4.758210162369868601e-01,-1.438765574133322733e-01,-1.858668912359927872e-01,-6.492381986272881267e-02,8.536955556501520104e-02,2.642414727133374774e-01,3.295550012743992951e-01,2.524751031201024620e-01,1.212417333691701710e-01,4.733235160850528533e-01,5.221234564927151878e-01,2.942401328892469969e-01,2.065693867385491878e-01,7.474176495025168510e-02,-1.401666768549941766e-01,9.702419308418047672e-02,7.075895680166625901e-02,1.784071362822850781e-01,4.228775104963363590e-02,3.500776491873132390e-02,9.412962250016687626e-02,2.613504589867386985e-01,6.094044372242730240e-02,-1.182011454789758526e-01,-3.571629223721475843e-01,-5.106240345428874061e-01,-4.257355287312002412e-01,-1.529367702021062758e-01,-3.153138039620005939e-01,2.695529306174972994e-01,-1.453097739433840583e-04,4.312880530172720217e-01,2.463768582583533151e-01,4.212628322386162694e-01,-7.016575633156951937e-03,-1.703957474700024399e-01,-1.441818292781268107e-01,1.116787093665895098e-01,1.155801280055279018e-01,2.334816268118284840e-02,2.491015437295171931e-03,-1.860944627837191889e-01,-3.612688840010434554e-01,-5.197842376144533594e-01,-2.907518253171871292e-01,2.629285275161979407e-01,2.396961440572410729e-01,-4.124252744637396662e-02,1.476218526337338965e-01,-1.307350342202406035e-01,-1.382436582998363139e-01,-7.932879066006219559e-02,2.280672870690192422e-01,-2.095912720150543418e-01,-2.183826706225382164e-01,-7.035045421530281007e-02,-5.857580117434711964e-01,-5.506524707485151993e-01,-3.507947038978219689e-01,-1.830381626824579278e-01,-1.823267283269381922e-01
1.454525436371358060e-01,2.258009490422108190e-01,8.148106809378142801e-01,0.000000000000000000e+00,3.199504450363435670e-01,1.726508469862759743e-01,6.922149587365172829e-01,7.265936813714203302e-01,3.657795132369937585e-01,4.323734658406384046e-01,2.672322345001734156e-01,5.964344156163399191e-01,4.769899289727609348e-01,5.476336971770747741e-01,3.265767755323398802e-01,4.724375237897555646e-01,-3.898201495610372769e-01,-3.352776418616732479e-01,4.930939862514299721e-01,2.070415274243411485e-01,1.502637607981474055e-01,-7.248690407858943141e-02,7.284094845760602510e-01,7.912676984519798618e-01,8.233478575618943807e-02,1.984067935130402471e-01,2.243586768560077993e-01,1.033248627320254402e-02,2.683107040990610759e-03,-1.314782424975307618e-01,6.221865024763081342e-01,5.223504971451946588e-01,4.344291380486046683e-01,4.747012708257318248e-01,8.374622642836725139e-02,3.116456164090103745e-02,-3.481014173688879443e-01,-5.567901034285358541e-01,-2.049530249063787612e-01,-3.759871033238548765e-01,2.668903212135419478e-01,-3.160538179280557580e-01,-6.430275988957324662e-01,-6.426267605170347119e-01,-5.520503527770842522e-01,-5.056025081539288202e-01,-5.873624629780500594e-01,-5.604006317639919077e-01,-3.736034475826190970e-01,-2.615133433448866285e-01,-3.314085487223531468e-01,-1.832591984151318298e-01,-5.213773718390803946e-01,-4.335420557832090349e-01,-4.406627320025146011e-01,-3.024301344055109753e-01,-2.019557445368696524e-01,-3.379366403763423704e-02,-1.139577721336221955e-01,2.815426176995877716e-01,1.194954485666332861e-01,5.969000444673535632e-01,1.678225828680814380e-01,4.634362720468175323e-01,3.348153506253969125e-01,5.370918178682729804e-01,4.039572551978862919e-02,9.972291100563708544e-02,1.268798710188282775e-01,-4.118482373896097115e-02,4.821882050660238062e-02,-2.126709558617269694e-02,2.138801222957919523e-01,4.597222814491083720e-02,-1.334996977329226120e-01,9.508071374485183025e-02,2.254407459871872743e-01,1.895386019057776206e-01,-7.025050346638761489e-02,-1.755911651461233292e-01,-4.420797510600233959e-01,-2.810406868544963466e-01,-1.705006542346347020e-01,-3.309583181983120626e-01,1.243747917673632963e-01,2.121490647660675410e-01,2.232946596317002541e-01,1.679267475989753289e-01,2.506134112410776660e-01,2.329629669836157935e-01,-8.847618512854191208e-02,-9.843182543635319720e-03,2.311066819386322080e-01,1.509360197412185911e-01,-1.524680249551994271e-01,-7.712547004489755942e-02,-3.157230561743150088e-01,-4.102758693470581197e-01,-4.804359623389844458e-01,-2.654370689332020139e-01,1.744051614306204590e-01,3.150170493333894761e-01,-1.075454272475564604e-01,1.260569539576563425e-01,-1.413280060022340523e-01,-1.750138204195692271e-01,-6.388299756992150968e-02,2.562669666130679147e-01,-3.065128752182050831e-01,-2.858732579320076850e-01,-1.309965381215018876e-01,-6.255837522106643123e-01,-4.965837977559308669e-01,-4.263331643443590835e-01,-1.868817018579968792e-01,-1.546422474814022618e-01
-3.218224459579792640e-01,-3.257698411351067636e-01,4.789472465656212652e-01,3.199504450363435670e-01,0.000000000000000000e+00,6.351708550443199153e-01,4.632263535901194884e-01,3.471984675165113443e-01,7.084328986930124028e-01,6.358271789344881464e-01,8.307065395089825721e-02,2.479284497000932841e-01,4.711287590094822564e-01,2.758667496664264362e-01,5.503694887560581783e-01,5.096739878149595393e-01,-4.713233404551506189e-01,-2.445674041826643441e-01,-1.037037151347447450e-02,-1.960070730418643492e-01,2.353187443314202210e-01,1.941500921655297529e-01,5.061435920270187516e-01,5.461510577104781161e-01,4.051638718701973674e-01,4.993301002246991471e-01,4.599595991987047716e-01,5.047390686573420826e-01,2.384327760190477555e-02,4.244984507297219073e-02,3.075528656025696139e-01,4.324484647939900728e-01,4.004935588785437338e-03,4.221441481580993915e-02,1.416144525762664808e-01,2.619923808597856424e-02,-1.634465894805509634e-01,-1.680990661768217986e-01,1.459634530237082783e-01,-8.413325615707024571e-03,1.804095474432891311e-01,-1.267921190617126159e-01,-3.565961218866019466e-01,-4.593572598572508436e-01,-3.811757582315268844e-01,-4.472307088398905228e-01,-3.854678407193571910e-01,-3.212952226440143333e-01,-5.457747510453343498e-01,-6.316620884899405430e-01,-5.889557061550265704e-01,-6.779192909113884724e-01,-5.211176007634852336e-01,-5.363949266344473221e-01,-1.746667189984887347e-01,-3.595882967133792185e-01,-3.965080952161347261e-01,-4.683204173305422491e-01,-3.659367677097263294e-01,-1.748220289615737555e-01,7.997517228504215370e-02,1.590570405365408502e-01,2.976663173074354241e-01,7.155936076823349312e-02,3.459111316328633556e-01,3.641181487170157549e-01,-1.118526415697044113e-01,-1.244227456554739403e-01,-2.105089196203428215e-01,-4.279483351779667655e-01,8.311289029035352771e-02,4.974265729960227617e-02,1.219877461748734987e-01,-1.519173960417927460e-01,1.010154524386331631e-01,3.291555487516228387e-04,-2.996168787489785629e-02,-1.310847621638026872e-01,-6.068926380669477372e-02,-2.520253863162637553e-01,-3.737996950326928358e-01,-4.818112284568204506e-01,2.375482617159513088e-01,-1.977226817077238075e-01,3.574645960117153742e-01,-2.186569905813344483e-01,5.625281403708586314e-01,3.268167299012510463e-01,5.506805157741139212e-01,2.173901516278218815e-01,2.939961370195022794e-01,6.568688802323409404e-02,3.935192674041406713e-01,2.537641176717484459e-01,2.602566512907267260e-01,2.480988602033234180e-01,-2.529591833813952043e-02,-1.492023182802177939e-01,-1.118178116096189278e-01,1.532007461263240056e-01,1.930133078932924073e-01,1.897983514609237476e-01,-6.320958709992682834e-02,4.110395270326783201e-02,-1.359922220074961663e-01,-1.146079100722423028e-01,-2.734950282076008612e-02,1.844155735470208446e-01,-7.133605124821319754e-02,-1.162791346875629156e-01,9.139281456777340051e-02,-8.483511540372935811e-02,-4.043470685102266149e-01,-2.827515406707976076e-01,-3.381770785668873902e-01,-5.979637797764451868e-02
-2.320040548190316909e-01,-1.941321003605575857e-01,1.816696390441397690e-01,1.726508469862759743e-01,6.351708550443199153e-01,0.000000000000000000e+00,2.112500895474827001e-01,3.392474832053237188e-01,4.783884922178754939e-01,6.688645858010558998e-01,1.094140860588311004e-01,3.172644420953805722e-01,2.884558987436001698e-01,2.778970572179190190e-01,2.587883464537051870e-01,4.310947305817427466e-01,-4.343440892530160413e-01,-1.597007460590390004e-01,-2.507139869319921499e-02,-1.375156874633743642e-01,1.408956653576693419e-01,7.138761995473584532e-02,2.310364224917374198e-01,3.571516988635536904e-01,2.271406722058307293e-01,3.912055475245816982e-01,2.035072993123223650e-01,5.458480631752026246e-01,-2.476028254584045629e-01,-9.229556040065964306e-02,1.042492343975802704e-01,3.144178551938738297e-01,-1.479789855947736266e-01,5.849837551866037683e-02,-9.291547227382497554e-02,-1.674602303248539370e-01,-1.099202313070670317e-01,-1.073314276693742436e-01,-2.915600235836868226e-02,3.744769329888485154e-02,-1.655181442025645822e-01,-9.477370416108800433e-02,-2.934716513513900282e-01,-2.233746951747789533e-01,-3.589979524412873491e-01,-2.899819028757516515e-01,-2.602016738174601773e-01,-2.255933723509528366e-01,-3.444344540600468019e-01,-4.536318522530468078e-01,-2.393878643219490288e-01,-3.887970101811914492e-01,-1.217953387709768270e-01,-4.372910975395108979e-01,7.574994826173910359e-03,-2.624755968153076879e-01,-2.176030321024924608e-01,-2.192606117587226344e-01,-2.072631507259388439e-01,1.127940538681513338e-01,8.899913497124996298e-02,2.322868115020670088e-01,2.839023048379382685e-01,2.273559988020758538e-01,1.023053729735174944e-01,2.453260114823513083e-01,-2.108309303796393197e-01,-1.088447904141879446e-01,-1.849072992714760888e-01,-2.861840289760766431e-01,1.316599333313931974e-01,1.322353235805790936e-02,1.932936378792657062e-01,-1.377362974027881819e-02,1.556652552817632817e-01,1.651563743856835353e-01,2.682598042562016616e-01,2.554619034229317909e-01,-2.440238962749778084e-01,-2.480274215581697028e-01,-2.364579593701417459e-01,-3.093613484777940070e-01,8.348661297822145000e-02,-2.010322717707874740e-01,2.873317363123776280e-01,-6.830563398286362831e-02,3.329016518724763340e-01,2.836490314161854154e-01,3.142179407588317486e-01,3.485723181932908199e-01,4.372269457639533230e-01,6.589759731901952133e-02,3.778390446400047287e-01,-3.162117041767633502e-02,7.288619024835425730e-02,-1.096998574205368532e-01,-3.299381136435220463e-01,-2.490409221949186069e-01,1.385620481075331978e-01,2.172625790384120625e-01,2.356568802501463611e-01,2.505826993605949314e-03,5.019852700774904419e-02,2.511703621944732026e-02,-7.521119160522111990e-02,-1.484072909318670253e-01,-2.427667584792147226e-01,2.163051147535788865e-01,-9.743058538127249979e-02,-2.392903934325955606e-01,2.891057281789108369e-01,1.532652696732613451e-01,-7.961450791841206964e-02,-1.093233183587000584e-01,-2.395528118917803206e-01,-1.285169944002239883e-01
2.823176844653876860e-01,-9.098934033362345020e-02,8.730296733308329227e-01,6.922149587365172829e-01,4.632263535901194884e-01,2.112500895474827001e-01,0.000000000000000000e+00,5.704326804452756194e-01,6.692423452046236676e-01,3.893542670135440309e-01,4.869777459827568933e-01,5.204512414743065474e-01,7.867769741839576447e-01,3.334479524166755748e-01,4.244553187767136637e-01,2.160563362623485195e-01,-6.099249774286416015e-01,-4.871473391183496759e-01,2.420092169289847772e-01,-9.225203882549815049e-02,4.249475659666249877e-02,-1.068009874309318874e-01,8.021373792882899867e-01,7.792015869841186770e-01,4.783323710566720899e-01,4.169388265715820441e-01,2.426744644764732006e-01,1.190924047429779142e-01,-3.576279283032524764e-02,-2.357180631736314480e-01,5.926982910328371101e-01,5.488450488072764699e-01,5.261228331447894702e-01,5.480672837302827949e-01,4.120455477234518660e-01,2.440575195719628387e-01,-2.474468767324944363e-01,-4.606221520049973983e-01,-8.753709805359825846e-02,-3.713345008266802361e-01,1.058425785950944664e-01,-1.466225648496089495e-01,-5.139446566978637110e-01,-6.655274571055926902e-01,-3.528035242723996379e-01,-5.829539256696479876e-01,-5.835638522910278070e-01,-6.715054557508209898e-01,-3.346933163696527713e-01,-4.442425811423221793e-01,-2.988468476026698295e-01,-4.833926164207644205e-01,-5.625908766102981629e-01,-7.096834461914692804e-01,-5.259171218785333446e-01,-5.884851177968074554e-01,-7.233628557017719729e-02,-1.932722039151774651e-01,1.241764546113509199e-01,1.474622568340477058e-01,5.464094190887471836e-01,4.522894087820404363e-01,3.683578844978649958e-01,2.206221820690320301e-01,6.057882994511379904e-01,6.576380696112421598e-01,4.324170760729830199e-01,3.356739570314899446e-01,-1.026955346222566262e-01,-2.127039248663654958e-01,1.804864033233073983e-01,1.268489737308504950e-01,2.539178390098471017e-01,9.066467811668280086e-02,6.756829721549618972e-02,7.805914975685995794e-02,4.052148982474279015e-01,1.821327373426650520e-01,-1.127316203407614098e-01,-3.961265431636892820e-01,-5.969385408404491722e-01,-5.284599718769638077e-01,-2.896540382417431281e-01,-5.046225183398816982e-01,2.955758556213994859e-01,-2.072851263006288830e-02,3.316189108823250908e-01,1.129430804540774991e-01,3.441187043309598126e-01,6.604138116488016130e-02,-1.845387135877390450e-01,-1.717354460128945881e-01,1.872160720309019866e-01,1.274729268920224146e-01,3.255357137731828415e-02,-9.222192769820408698e-02,-2.670385674231205986e-01,-5.387271280038057331e-01,-5.427804115899298454e-01,-3.090596018791768040e-01,1.195325709210824511e-01,2.040945344368038927e-01,-2.228202942397873310e-01,-9.057582158796741167e-03,-5.127517102761468965e-02,9.113650179229179291e-03,-5.053751572631456218e-02,7.821818686701481615e-02,-1.797071459031368279e-01,-2.429061658764431197e-01,-1.466227819067412730e-01,-5.637381970715730217e-01,-5.098234932931408059e-01,-5.150320493651596720e-01,-2.898274949247073851e-01,-2.566865007179298108e-01
1.227002156076190814e-01,8.704935692861374974e-02,5.030170396175724923e-01,7.265936813714203302e-01,3.471984675165113443e-01,3.392474832053237188e-01,5.704326804452756194e-01,0.000000000000000000e+00,4.892557140847843544e-01,5.974128088867667330e-01,2.934347879237768630e-01,7.572742294634289273e-01,4.737298982409795522e-01,6.165629608685990748e-01,3.545173466458215183e-01,4.665624897353701783e-01,-4.222519545577186895e-01,-3.259283940911769095e-01,3.645601951545877628e-01,1.261606176850332828e-01,-4.885712808256884032e-02,-2.887207223987836580e-01,6.653378791806459081e-01,6.433138274657725919e-01,8.598772831207197875e-02,2.732710901975547446e-01,-4.788174355606786975e-02,-3.592318296795800336e-02,-5.532786083389475140e-02,-5.207165495752148071e-02,3.866544111395282535e-01,3.763054179449464298e-01,4.688564547213271427e-01,5.883655416924451487e-01,7.389534913085205980e-05,-9.147852431046478439e-02,-5.678574915775013165e-01,-6.647752613936201982e-01,-4.371055491263087234e-01,-4.808017229986079055e-01,-1.211605843919025260e-01,-3.592704182878983521e-01,-6.526775416831958054e-01,-5.981902562775918142e-01,-5.509731458554485428e-01,-3.920807642637396118e-01,-6.427793901095948392e-01,-6.750577582601069437e-01,-2.389343228188112733e-01,-2.024855583449289009e-01,-2.519680345699166768e-01,-1.928348866392659011e-01,-3.346580601298441149e-01,-3.058109959487924079e-01,-4.368070260670352534e-01,-3.470087511491011245e-01,-6.991525835545946144e-02,-2.125772785653028477e-02,6.351411928477827817e-02,3.167560712160022995e-01,3.770572127647451866e-01,7.541396492270034946e-01,4.647116274109654999e-01,7.627990267439305194e-01,4.082582797942611030e-01,5.537111684463715822e-01,-1.174804271022584917e-01,-4.100703675526510411e-02,-2.861647293270620090e-02,-2.521240757933072493e-02,7.529139773501757060e-02,-2.791293758310902165e-02,7.848874637219101225e-02,1.127963760193253367e-01,1.098514878579827901e-02,4.464599993770193564e-02,3.705815277681487330e-01,3.369895382469829115e-01,-1.355131703693434053e-01,-2.045065956054282763e-01,-3.473115698962594977e-01,-3.408618491477982126e-01,-3.609401201360711853e-01,-5.380685401270557389e-01,2.249493596448045585e-01,4.521471528864121070e-02,9.741657073437717806e-02,-1.485522885811883520e-01,2.136938587905363451e-01,2.974918482987504165e-01,1.050904578278576418e-01,-8.397863514079027814e-02,4.798743237991138222e-01,7.913772542262161036e-02,-2.080928463544560458e-01,-2.280003300135762523e-01,-4.511885760688764679e-01,-6.096542061428854575e-01,-4.568074858123881143e-01,-2.505622125879254924e-01,-2.192318233101682012e-03,9.918766234192782916e-02,-3.637096734890697403e-01,-2.434057202359725947e-01,4.815265746024696702e-02,-1.111777856224856059e-01,7.719582051930679034e-02,-1.844635707778317923e-02,-2.824403020985572499e-01,-1.596066025113730691e-01,-2.311886237227119556e-01,-4.951284555386377129e-01,-4.575740494762903787e-01,-5.525961996487782635e-01,-2.992944261012350227e-01,-2.717355402067719167e-02
-1.503927854815631793e-01,-4.503199411143666842e-01,5.186716955270692653e-01,3.657795132369937585e-01,7.084328986930124028e-01,4.783884922178754939e-01,6.692423452046236676e-01,4.892557140847843544e-01,0.000000000000000000e+00,8.172504013351236107e-01,2.958823483055019188e-01,5.758917684167683682e-01,7.984482072712866252e-01,4.097751582986713936e-01,7.146810068596047838e-01,5.240772639146575873e-01,-7.192594325318792947e-01,-5.170838479435589941e-01,-2.117061044563781635e-01,-4.746105726713180095e-01,-5.219355503296025517e-02,-9.427027629531484210e-02,7.407719415695306342e-01,7.248440119136579929e-01,5.183079269236650077e-01,5.504154980623571225e-01,2.136690154402886566e-01,3.029031456975007086e-01,-7.243241668925927412e-02,-1.802703805263595471e-01,2.553204138073072449e-01,4.305123651557253850e-01,2.461990502215279097e-01,3.265583164979255493e-01,4.463441692245471715e-01,3.009697056541950078e-01,-2.252076018376608646e-01,-2.748296478565466217e-01,-5.125470827734044527e-02,-1.896445236318155814e-01,-8.925750077360669610e-02,-1.153011872994061798e-01,-5.410223939068872223e-01,-6.749356030520685668e-01,-4.606786767867948607e-01,-6.513778501863567438e-01,-6.767979979625201592e-01,-6.763453586627276026e-01,-6.569993704148490155e-01,-8.013601908982690425e-01,-5.819901918120450324e-01,-6.682657826684297309e-01,-5.850787734412135066e-01,-6.908150033299421677e-01,-4.770863428166208786e-01,-5.516024098175111856e-01,-2.684693941448199617e-01,-4.296833459684680223e-01,-2.091169022193072602e-01,-5.949680526109740741e-02,5.723036228833865424e-01,5.211274440419151333e-01,5.101339647828058155e-01,2.291217042340699950e-01,7.746304140427326956e-01,7.726807116524710972e-01,1.985086849745333892e-01,1.559556093059664694e-01,-5.209767653455639191e-01,-5.962523962396469868e-01,-2.619729412415186878e-02,3.603180574469081604e-02,8.336091729046136989e-02,-1.578006537575322721e-01,1.213550298051038895e-01,-6.802280806746582864e-02,2.688779296835416277e-01,1.292356631884404305e-01,-1.983312560144581405e-01,-3.501417256432142744e-01,-6.397045885605011639e-01,-6.956962955926880854e-01,-8.472283356911081142e-02,-5.649252552537579186e-01,6.220860946395395663e-01,-1.466099327512679004e-02,5.536848061040591240e-01,2.861085741083027600e-01,6.007691449384403581e-01,4.466249127171608158e-01,1.933492684147852247e-01,4.241913569871322981e-02,5.465173642736479431e-01,4.191551028624448949e-01,1.147305647515319132e-01,-4.164323600434230270e-03,-2.554042064071441742e-01,-5.004661427673152696e-01,-3.372844495572874801e-01,1.943640334511123613e-03,-1.825897273457123202e-02,2.967581540366094894e-01,-3.877723823414663262e-01,-1.128711182713258432e-01,5.600286287351773085e-02,1.937902676657802248e-01,2.622396389755825979e-02,-6.708771032231933273e-02,-1.019025223816937414e-01,-7.109318239954344476e-02,-5.334652552544479065e-02,-2.159211522697790375e-01,-4.958763675741287846e-01,-5.255303446916285148e-01,-3.908625703349387082e-01,-6.230588612081242039e-02
-3.222618884975955722e-01,-3.719036017314408249e-01,3.600013991582738382e-01,4.323734658406384046e-01,6.358271789344881464e-01,6.688645858010558998e-01,3.893542670135440309e-01,5.974128088867667330e-01,8.172504013351236107e-01,0.000000000000000000e+00,1.660620327053224932e-01,6.713712631433390587e-01,5.914340050322447473e-01,5.831783508042323039e-01,6.293343475292809686e-01,7.397355116459842783e-01,-6.287686008257353798e-01,-4.912184057184725838e-01,-1.189649955142127319e-01,-3.864205791546868052e-01,-7.026083091284460180e-02,-7.672637851987908209e-02,6.239870866253467430e-01,6.886629014612889454e-01,2.363194898123927856e-01,4.594706791233720278e-01,1.329465729587664680e-01,3.133799146465244267e-01,-1.492150005189613882e-01,-1.967911541663352470e-01,1.850484750842778803e-01,3.916248431337873148e-01,9.211483884599457050e-02,2.564384241493211092e-01,1.658036736935974143e-01,7.981230800797592395e-02,-2.857693663421626007e-01,-2.774668621465878338e-01,-1.562491461169723816e-01,-1.107555016085329525e-01,-6.118841780281555204e-02,-1.905533908424121847e-01,-6.420922338936478901e-01,-5.861591830568778638e-01,-6.096644290769075436e-01,-6.294571644663440324e-01,-6.796635379631918994e-01,-6.079633399625049561e-01,-7.041619140141892608e-01,-7.260427114936833792e-01,-6.106488115789848736e-01,-4.739488020132785473e-01,-4.810973270866399365e-01,-5.260992198901841554e-01,-3.484114708791262172e-01,-3.197091705812924456e-01,-4.018291344785337449e-01,-4.085556526701065727e-01,-4.233966456729903460e-01,1.968208181204480990e-04,3.081971945283015213e-01,6.462898434364793276e-01,3.911101617515794215e-01,4.268361303964154363e-01,5.323654493554794698e-01,6.427376270902636080e-01,-1.745425574798890322e-01,-9.202336225583380991e-02,-4.769723618125017994e-01,-5.873289669804145907e-01,-7.754421023445590144e-02,-2.369198701238748456e-02,4.903378436294729414e-02,-1.726544581912651533e-01,-7.245167314786375191e-03,1.079354269953272487e-02,2.162567279972100465e-01,2.229382316731632341e-01,-2.831830570274471159e-01,-3.217127569669762099e-01,-5.329831089526919641e-01,-5.977298964854331764e-01,-4.600421811046466469e-03,-4.950407341546641526e-01,4.813939133790328673e-01,6.239321894612517849e-02,4.897132258824319351e-01,3.996287785618623523e-01,5.686851726131069151e-01,6.399354670748341745e-01,3.370811604894491387e-01,1.126960901844474422e-01,5.921049381794221134e-01,3.484798281193055014e-01,-6.269824200518460400e-02,-8.341835422082807816e-02,-3.621015377356265330e-01,-4.434634601791549446e-01,-1.770534590665652219e-01,9.173540297429710888e-02,7.103078759665351627e-02,3.565309928919561111e-01,-2.424272989305882031e-01,1.177483667441426608e-02,4.824011100849943251e-02,9.077870231686066549e-02,8.640276342986650919e-04,5.320660300065544607e-02,-1.685520702146098282e-01,-2.976314242887511535e-02,9.108154412329134975e-02,-1.283607894688327811e-01,-3.742578356112240545e-01,-4.103415827916502834e-01,-3.558167022829538118e-01,-2.754466430918022998e-02
2.943703506577711737e-01,-5.225135908983728761e-02,3.487053651345083383e-01,2.672322345001734156e-01,8.307065395089825721e-02,1.094140860588311004e-01,4.869777459827568933e-01,2.934347879237768630e-01,2.958823483055019188e-01,1.660620327053224932e-01,0.000000000000000000e+00,4.570723511187891330e-01,6.573976821233467049e-01,4.620214056331108932e-01,1.246210427573816587e-01,-2.842057268999944805e-02,-3.598247120393853193e-01,-2.062335030886318088e-01,1.037133015860788876e-01,-1.327033526195454949e-01,-1.575675831439627972e-01,-2.354935059251695439e-01,1.995375678560622756e-01,2.554802971532185718e-01,-1.058843676707576509e-01,-1.323868213227973600e-01,-5.395111127541554058e-02,-1.178411525786803998e-01,-8.373904256152021885e-02,-3.694636866543107856e-01,6.921401044407518577e-02,2.674654699599617047e-02,-2.735859771038662638e-02,5.239853582179288677e-02,-1.014508364550712471e-01,-5.677507741429071997e-02,1.357037474936779661e-02,-2.052863791109537650e-01,-2.477507094252486275e-01,-2.470905763167537683e-01,6.296363010176471431e-02,8.589133685639052662e-02,-2.243699036963287263e-01,-2.598532612600195635e-01,-2.617947996031176339e-01,-2.523680672636418043e-01,-1.869388720544150062e-01,-3.851097077565456828e-01,-1.926323745192534409e-01,-9.362139073619467344e-02,1.489295942668509010e-01,-6.076372170833796438e-02,-3.866074213291763317e-02,-3.466577023147416892e-01,-1.045185911442144538e-01,-1.069060622799137550e-01,-1.991399532801782155e-02,-1.725933337219826558e-01,3.267107469204922343e-01,2.546682564358307421e-01,4.629090397867769990e-01,2.707464215380256944e-01,5.059641062799209443e-01,3.397397383784389047e-01,2.267003279361677337e-01,2.310103901486631750e-01,1.514957994396372298e-01,7.149980870979215364e-02,-9.229885404141179028e-02,-5.170963326501068491e-02,4.077167628336363370e-01,3.665777937320124358e-01,3.600841639807622063e-01,2.788455276884861944e-01,3.245815806516362256e-01,1.575555181374022895e-01,4.466555585203015322e-01,1.247267509245362921e-01,-2.732663607388141069e-01,-2.576088876044592135e-01,-1.475778566425352822e-01,-1.273545490071801567e-01,-2.217475308708186654e-01,-3.472960226738296963e-01,3.553833638059263889e-01,2.222092045084643752e-01,-1.152641121286752252e-02,-1.021246962689462134e-01,2.431650310593513054e-01,2.039412193217941816e-02,1.568180216857877063e-02,9.816359581081002955e-03,4.473504137493130445e-02,1.282893495255158292e-02,-1.488611397659920510e-01,-3.261113153734243597e-01,-3.707431513356550523e-01,-3.210886714420198018e-01,-1.359341416644084810e-01,8.314932668664933024e-02,1.140631912928251473e-01,1.300117489396852843e-01,-1.997495074138007920e-01,6.826665056977551660e-02,-3.245695296719164347e-02,1.100012129063174422e-02,-1.188442030252544607e-01,4.012129467695391138e-02,-3.869324630484591993e-02,-2.506056915094528881e-01,-9.836398035261421924e-02,-2.466675480467043768e-01,-1.359160058799504245e-01,-3.714655261329452007e-01,-1.521530387478153279e-01,-1.754655131636434495e-01
2.721450452492235952e-02,-1.226858270210955532e-01,4.355116134144868534e-01,5.964344156163399191e-01,2.479284497000932841e-01,3.172644420953805722e-01,5.204512414743065474e-01,7.572742294634289273e-01,5.758917684167683682e-01,6.713712631433390587e-01,4.570723511187891330e-01,0.000000000000000000e+00,6.151252284024334438e-01,7.821908643992623311e-01,4.361782880272893070e-01,5.277247648203983177e-01,-5.477905969757697058e-01,-4.202529927369243468e-01,9.279291403894364409e-02,-1.689160625478465794e-01,-1.434272169018239174e-01,-2.303211698467573787e-01,6.240612950489812238e-01,6.425005732139610348e-01,9.427025676964291556e-02,2.407876666414736355e-01,-8.475362433879800317e-02,-6.679455765505591669e-02,-2.205103426752366425e-01,-2.413550360451379717e-01,2.422263581615890504e-01,2.701542434847225005e-01,3.039993057859769476e-01,4.534247242721377580e-01,1.574807602398445860e-01,8.636292556460023473e-02,-3.562882912202832708e-01,-4.627614222912463382e-01,-4.304941301246180685e-01,-3.557469109262872409e-01,-1.357314575651057953e-01,-2.315476448826572775e-01,-5.764157943340690871e-01,-5.551285867454678336e-01,-4.715981497517257037e-01,-4.258444813156562203e-01,-6.078401508580353330e-01,-6.392752973736015587e-01,-4.029991873653452905e-01,-3.079782557336454563e-01,-1.743263664745141328e-01,-1.085594395320712696e-01,-2.509621518623464387e-01,-4.004313642624973135e-01,-3.850175016344398737e-01,-3.031061314187369904e-01,-2.165238609741277076e-01,-2.094955103136328378e-01,3.996669181549306407e-03,3.317124217304637246e-01,5.311409169516747575e-01,7.853411542378232468e-01,4.803277883347465971e-01,6.702285929416196275e-01,5.975648153968264875e-01,6.900919765113652238e-01,9.226500496278242092e-02,1.674575998334144888e-01,-2.459532092956948635e-01,-2.570277012096510161e-01,6.646917028494266078e-02,1.023625324570694335e-02,-2.801992402666766795e-03,7.424561341182188412e-02,4.069373165324362968e-02,1.233342674208590395e-01,4.524618120789276610e-01,4.139420078681736448e-01,-3.912538137216945433e-01,-4.710487287826832792e-01,-5.085664702627046285e-01,-4.761852542059188398e-01,-3.437402520654058713e-01,-5.720539966510002072e-01,4.684453572832264490e-01,2.638593890465211200e-01,1.784337311157125905e-01,4.790152506278191891e-02,3.747419348990075894e-01,3.959915385780578001e-01,1.669774212707495209e-01,2.601448325944459572e-02,5.020299047579885876e-01,1.574248914627719709e-01,-1.697858001470620160e-01,-2.885837165426434203e-01,-4.792234933244166051e-01,-5.236877929748054994e-01,-3.410695866906517382e-01,-1.035867304184362042e-01,6.336427778989463244e-02,1.607984679295686448e-01,-3.419454038857480116e-01,-1.873695643837913760e-01,2.135829983408646729e-02,1.533869442774028801e-03,-4.430845521449631313e-02,-1.029179632467202565e-01,-2.078249252205685571e-01,-1.742865268496598674e-01,-5.687573586554146854e-02,-3.085032290239537733e-01,-3.874289829928990736e-01,-4.813815744747769187e-01,-2.017811037261076912e-01,-8.807875425840587524e-02
6.504396771370009322e-02,-3.457343056764325961e-01,6.513014968459280851e-01,4.769899289727609348e-01,4.711287590094822564e-01,2.884558987436001698e-01,7.867769741839576447e-01,4.737298982409795522e-01,7.984482072712866252e-01,5.914340050322447473e-01,6.573976821233467049e-01,6.151252284024334438e-01,0.000000000000000000e+00,4.545627187132367242e-01,6.228285155905985970e-01,3.548510280876892575e-01,-6.775023424902395508e-01,-5.359875277271424210e-01,-2.555547701058749708e-03,-3.897001157254962322e-01,-7.978765792372653765e-02,-1.576086458726297379e-01,7.279362904471323725e-01,7.256149186682496754e-01,4.371022843453506446e-01,3.793552461662586528e-01,1.903195953384997641e-01,1.869984326713332590e-01,-2.332623646332700716e-03,-2.773467739264939835e-01,3.514538926233476412e-01,3.931470056870670082e-01,2.818609620022798357e-01,3.039199167168954996e-01,4.240472814759260189e-01,3.161175458925085113e-01,-1.969203833709092244e-01,-3.194278971732283923e-01,-6.488115915143304047e-02,-2.355522975029044064e-01,5.374525582342985081e-02,-6.688531984746111381e-02,-4.970158649963656305e-01,-6.047900949701260354e-01,-4.121781872925999735e-01,-6.239950602964134951e-01,-6.063007025669143735e-01,-6.748984634430239549e-01,-5.737148775689886460e-01,-6.146833093604764375e-01,-3.828781555831063943e-01,-5.210701031531127514e-01,-5.130245335594121325e-01,-6.664482990209097402e-01,-4.541422258245244592e-01,-4.826366897301399561e-01,-2.249748177488837542e-01,-4.269037101631870668e-01,-4.249536446068318679e-02,5.892591791191201939e-02,6.206886667688729098e-01,4.866145766507542492e-01,5.236649152871052371e-01,2.329161423567958078e-01,7.048703310241193343e-01,7.008965608003786540e-01,3.293204740614870119e-01,2.279993179095363975e-01,-3.857410378987865540e-01,-4.673176572304352794e-01,1.534789134459564053e-01,1.412981365747491280e-01,1.731068600383859346e-01,3.926009112455657903e-03,2.120747980098477148e-01,-8.714637311163887096e-03,3.727860132351119016e-01,1.650072158169736680e-01,-1.765479115773932739e-01,-3.960032521002604389e-01,-5.541695726608271144e-01,-6.021141664219048506e-01,-1.567444365339473178e-01,-5.881830614369558674e-01,5.487287647714234051e-01,7.626732885166415121e-02,4.169606840785499147e-01,2.140910336550427562e-01,5.263483536125085349e-01,3.147884551423207888e-01,1.576510094283009242e-02,-5.070712951708804261e-02,3.328920897781512123e-01,2.916272249046054643e-01,-7.535060576753542169e-03,-1.142205190471305282e-01,-3.154198467579819032e-01,-4.614104039970636228e-01,-3.868175261837337731e-01,-4.155134805474686860e-02,6.693084261658344136e-02,3.162500659446150220e-01,-3.437441006497323759e-01,2.393803547470136489e-02,-4.210940933750548926e-02,1.456188258068325247e-01,-7.707811959840996097e-02,3.337547475110707457e-02,-1.088954071244499361e-01,-1.542779301946606008e-01,-5.454962485759792812e-02,-3.428309992312023047e-01,-4.068519447750356122e-01,-5.418190512799191394e-01,-3.266855348031437178e-01,-2.462406732446323909e-01
