0.000000000000000000e+00,6.506742699461700585e-01,4.392923241161627024e-01,-3.805969510788769772e-01,2.137443877303919770e-01,-3.473694462559582252e-01,6.728675938930035461e-01,-2.898036767927054669e-01,-2.980068161476155386e-01,-4.027837018862624463e-01,4.759200620106435187e-01,3.489106100688863510e-01,4.584889608292812002e-01,-3.420218518769727045e-02,2.533821765931025885e-02,-2.526890516149354338e-01,5.530113317793905470e-01,3.081542416995259326e-01,7.586131768958481736e-01,6.945502895108111030e-01,1.596108436222043736e-01,3.570017640800973030e-02,-3.342858678242214415e-02,-5.250650486394964345e-01,-7.663357370288118031e-02,-2.054411724286646923e-01,2.697624745602335561e-01,2.534209124126134971e-01,2.883915295886065877e-01,3.801927295995564671e-01,2.557633645107245668e-01,4.599394691655747103e-01,3.608802046931706697e-01,3.412147918352140263e-01,1.316109715386522550e-01,1.585167065910884632e-01,-2.668456351068561605e-01,-2.929147778978009597e-01,-3.106104987526556727e-01,2.939991361161090402e-02,9.764687442650991922e-02,-3.837300626942474757e-02,-2.766151581128637460e-01,-1.972485019594679700e-01,8.695299521221654462e-03,-8.531934354114432961e-02,-5.867179052353697216e-02,-4.136492690207523720e-02,-1.007282890375626183e-01,-3.523838833606331433e-01,-3.174847965256882287e-01,-4.686410420000942101e-01,-1.237498709295027505e-01,-2.900190798463065378e-01,-1.108263303770765651e-01,-1.703148552252039261e-01,7.852156946379904578e-01,5.886488752120423440e-01,3.065656293491795248e-01,1.841212385947323671e-01,8.641701403525010872e-02,1.780204583834468501e-01,2.880800985638164446e-01,3.792378218316042604e-01,-8.321142580996915283e-02,-3.787368549632573189e-01,1.619644173397833120e-01,1.135954600592510438e-01,5.110431821425186483e-01,4.444104722618021919e-01,-6.249732709405438763e-02,1.771494653966833033e-01,2.492129898820177325e-01,1.944941019323261910e-01,3.389114992859106890e-01,2.786992801281810150e-01,-1.379957416557526240e-01,-1.800084669050473485e-01,1.770787865235371739e-01,2.187561012162846930e-01,2.575170634253119428e-01,1.128147244990242437e-01,3.027869379528896898e-01,-3.559257977640613996e-02,2.456833415500362175e-02,2.779791646453743520e-02,2.272500148553743826e-01,2.675733577512886749e-02,-2.633783985719938547e-01,1.001614176256091643e-01,-2.703326734643411444e-01,-4.144552734707040442e-01,-3.818002435269564065e-01,-3.854826866473702318e-01,1.175860506542997369e-01,6.213705813048985005e-02,6.650881999759561403e-02,1.138946441468675075e-01,-9.452575169433742597e-02,-1.940459771677791045e-01,-8.659219540406454252e-02,-2.382434710785524129e-02,5.453708803187153065e-02,-4.482246746717879343e-02,-1.020412704355797145e-01,-3.094565443649817671e-01,-1.036195946222380482e-01,1.423481097179449817e-01,6.797054775637133284e-02,1.313572832104575039e-01,-5.652032792273643802e-02,-1.980801900617724931e-01,-1.838008767555542322e-01,7.374071142588253802e-02,-3.375017988296028504e-01,-4.165698710887528189e-01
6.506742699461700585e-01,0.000000000000000000e+00,4.869674440608577348e-01,-3.396575668076475818e-01,-4.781097487992436168e-02,-3.398876501748947510e-01,6.717042304765734606e-01,-3.044074053439219663e-01,-3.738781667335907000e-01,-4.008917608225147089e-01,3.871185230225342999e-01,4.915592442359567604e-01,3.542347539208444140e-01,8.317939449831680473e-03,7.277607649296563563e-02,-1.062662171175986631e-01,3.717706976679833186e-01,4.451136460320084254e-01,4.752656485237488626e-01,5.534606388200947746e-01,1.302906390824546679e-01,5.975257004878562622e-02,-1.533708931897293792e-01,-4.484374137042707598e-01,-3.214606491230432850e-01,-2.446321398051368723e-01,-4.597019085091170153e-03,-3.135639989298878716e-02,1.655093803610160619e-01,2.948352800244765648e-01,1.090719804357888484e-01,3.199138651600261229e-01,3.139508752007657555e-01,3.157438858555394190e-01,2.087358916195180061e-02,1.268170683442880128e-02,-2.824381554905155411e-01,-2.549616394849625878e-01,-2.944809369232749274e-01,-2.377477991049924966e-01,2.014628835978421184e-01,2.058792730579456567e-02,-2.073277832295217504e-01,-1.693871984825889021e-01,2.691274972901353674e-02,-8.431445865665296302e-02,7.292047494093839566e-02,-1.273656718887098381e-02,-5.876903738112700115e-02,-1.700075347996317376e-01,-1.969688238423562276e-01,-4.099712526039050453e-01,-7.668944474884840934e-02,-1.470659006399887836e-01,-2.138357785317671622e-01,-3.395786927009271650e-01,6.251982293909944532e-01,8.514655197990361746e-01,3.098204299841308962e-01,3.313562166432046374e-01,4.820378736470450065e-02,1.591398718515422972e-01,2.924609719707556010e-01,4.214649960711310261e-01,-4.486226008953985572e-02,-1.975724770735617364e-01,2.386853116519608575e-01,1.914478068868370186e-01,4.541281280037286483e-01,4.637147266020157921e-01,-2.768859819374469566e-01,1.912274866129280368e-02,2.785788619492580304e-02,-1.450697469324991606e-01,7.204138619641284325e-02,2.911922569760858753e-02,-6.523511362203984754e-02,-3.640277324570417167e-02,-7.108078182787123944e-02,-8.026405395319818892e-03,9.360510520714156180e-02,-1.001991529512686885e-01,1.670774500670489937e-01,7.175451728670738383e-02,-1.111651304396094331e-01,-5.336968226949972971e-02,5.576353266364504277e-03,-3.185112281555910196e-02,-3.067452468405278410e-01,-7.697745497172477080e-02,-6.005094809688290430e-02,-1.775120601924040920e-01,-2.122946850857583279e-01,-1.662226780886558730e-01,1.103793411422182985e-01,-5.082122594314078534e-02,1.202380621518928383e-01,-6.417282629004339434e-02,2.598701744329612318e-02,-1.617647364424257272e-01,1.272487334775615660e-02,5.048891145883547399e-02,1.627554755383328888e-01,8.955616011742767446e-02,6.374709444755047305e-02,-5.356595147759353470e-02,4.130579826062029392e-02,1.790636959216722612e-01,8.552894149824827319e-02,1.472001954636968923e-01,-8.096241398079624674e-02,-2.013340839557088979e-01,-1.682840175218181522e-01,9.708886701610022762e-02,-2.949218227669357373e-01,-3.068106055781048003e-01
4.392923241161627024e-01,4.869674440608577348e-01,0.000000000000000000e+00,-1.889228173028885682e-01,1.760675736703312122e-01,-1.187328418706442845e-01,7.963096522856742965e-01,-1.947563831352024932e-01,-1.024805169487038037e-01,-2.022331957141638714e-01,5.197230886092860658e-01,3.708144008434562378e-01,6.249269623202828861e-01,1.778601594656670781e-01,1.751805356716218398e-01,4.157248133652684946e-02,2.477319490848023664e-01,2.393181614863011120e-01,5.807617335568208139e-01,4.837228522430024880e-01,2.032254414359760952e-01,2.133257401640619166e-01,3.942117242028004287e-01,1.528361888590138058e-02,5.433700449973701690e-02,1.362729401353374170e-01,2.110312201279309907e-01,1.628909156139418390e-01,2.914635295270538717e-02,2.899208350533304807e-02,5.090557422013910482e-01,6.110407711820539101e-01,9.676434686765478244e-02,1.775086732122074240e-01,1.068304804183160539e-01,1.657691854058455094e-01,-2.728915035154929475e-02,-2.974608742682956219e-02,-7.399647955160827684e-02,-5.234598398484929110e-03,2.346799919638029031e-01,1.929020141134034916e-01,-2.426840951601790253e-01,-9.742895547204691309e-02,4.718046933702520207e-02,-2.778316268165292868e-02,8.658949774305452207e-02,-4.613640920848321308e-02,-2.234851930832616740e-02,-2.867799486077237670e-01,-2.941639202852288637e-01,-4.889081807923492673e-01,-4.587873030012842163e-03,-1.583356402679036434e-01,-4.786564829349038847e-02,-1.213296761004040297e-01,5.096451936366540592e-01,3.693587249540135620e-01,-2.438820918676637070e-02,-4.732115330326495950e-02,-2.738272960838634695e-01,-1.546095628608425421e-01,4.443286846787726507e-02,-4.236946746622753668e-02,-1.264842929476485411e-02,-2.457889459356012440e-01,1.085209725469318126e-01,1.859414910541074273e-01,4.020785830202793232e-01,2.932035875405794578e-01,-8.076342733963731702e-02,-2.063213190358895860e-02,3.788895921910367254e-02,3.893260467394811606e-03,1.838348276963789329e-01,-9.859296113784846161e-03,3.990362716881339783e-02,-1.478805446530890612e-02,-2.654552363281723615e-01,-1.863003871307316803e-02,3.777873846201922070e-02,-3.619806094868815299e-02,3.241303803148692930e-01,-5.220502256646940287e-02,3.181142256926404732e-01,4.927206450534503748e-03,2.343145349305707226e-01,9.689328646040713811e-02,-3.890074733238281512e-02,-6.758462418092507640e-02,-1.229783728225801280e-02,-1.838380494755146866e-01,-8.847033479828338154e-02,-1.143195439060781110e-01,-1.114163666311303730e-01,-1.396588089067803129e-01,-7.856048466096302030e-02,5.444514398775650993e-02,8.118650386477850589e-02,3.493161460861562290e-02,-5.945540313373335987e-03,-7.973987038352627066e-02,1.557667668099817770e-01,1.803074391757588605e-03,1.466679694509029908e-01,3.373013993073942229e-02,1.083033192958340885e-02,-1.301492585195745122e-01,-9.145787599524637934e-02,-9.950920653839133434e-02,-2.652226191517721432e-01,2.479725003366852615e-02,1.047751071041935905e-01,1.889568742800100398e-01,-2.605432009284806005e-01,-1.067491990614500008e-01
-3.805969510788769772e-01,-3.396575668076475818e-01,-1.889228173028885682e-01,0.000000000000000000e+00,-2.663595168341353348e-01,4.863575280192282135e-01,-3.269000580682647206e-01,8.335536080545208337e-01,-2.142891793317812030e-02,5.756335695886117820e-01,-1.579923236847134982e-01,-2.463852197192738513e-01,-2.301026563799491997e-01,2.624841321834128771e-01,-3.197519474177711873e-01,3.722767897491111033e-02,-2.219596756041379571e-01,-9.992640519693379852e-02,-2.891795718031830442e-01,-4.064652767648281873e-01,-1.861659370678383496e-01,-2.484222879821926799e-01,3.149305167795686811e-01,7.969385589882257426e-01,-1.142636314048517399e-01,2.070587885134595740e-01,-2.645243050358799253e-01,-1.793509788472086863e-01,-9.057174803203289770e-02,-9.287362817137688464e-02,-1.391241448064371722e-01,-4.199445391662405269e-01,-1.687784202503222197e-01,-2.420747619859547062e-01,-2.022780422363892050e-01,-1.506065548249980179e-01,-1.265301396322467131e-01,-1.279977268156659576e-01,3.502320669802139186e-02,-1.313447979726885539e-01,-4.091867043075428541e-03,1.872898647816172157e-01,1.608667596371317690e-02,-1.399583301280417080e-01,-1.921904104801258339e-01,-2.824599219260808813e-01,-2.602525143542626096e-01,-1.654514872766712497e-01,-3.401945497009488673e-01,-2.091826793957003994e-01,-6.573135855482586942e-02,3.804934114017288760e-02,-6.373857594381789060e-02,-9.705076522047034748e-02,-3.064198569945750794e-01,-1.693375707065844504e-01,-2.472962717565759527e-01,-2.863158540160758991e-01,-2.661526508085948484e-01,-3.992675423896520082e-01,1.943530189035830302e-02,-2.544690014978457371e-01,-6.734552419542250146e-02,-3.379635751738919169e-01,-2.697523078461768831e-04,1.796258558959012985e-01,-3.546621343575990237e-01,-4.328329091001031914e-01,-6.868608670446202380e-02,-2.737221481283708124e-01,-1.939294314901383529e-02,-3.393216789814526568e-01,-4.790934420423011153e-02,4.101880233609874610e-02,-1.690884249913877924e-01,-1.607212372380271703e-01,-1.722913637333019499e-01,-1.560168151264588188e-01,8.420788874294046766e-02,-2.821054434095934260e-01,-2.411878029792280387e-01,-4.116123361558667315e-01,-4.401167336056194812e-01,-2.547458288042315222e-01,-2.594464482012469042e-01,-3.986048304617758054e-01,-4.006838293735133227e-01,-2.516413125941981965e-01,1.899705824025302303e-02,-1.826127028160006716e-01,7.766270936888372556e-02,2.270594916369192140e-01,2.599313072482614118e-01,1.499777288647635987e-01,2.019528274176421098e-02,-6.613205238264360103e-03,1.497498892530502723e-01,1.370646197005042644e-01,9.569938904778473032e-02,2.626757497101053773e-01,-7.226424403513351247e-02,-7.664253323631017856e-02,-9.080342010968764366e-02,-3.835048400544964486e-02,3.917983139044464713e-02,1.542586930432648384e-01,-2.769019461594631609e-02,6.647059158352855435e-02,3.718062907555058291e-03,1.724173362373655760e-02,2.524900967443344940e-02,1.257681831608386258e-01,-1.713092678995512680e-02,-1.510352507499925501e-01,9.789643987480643739e-02,2.585611353252435518e-01
2.137443877303919770e-01,-4.781097487992436168e-02,1.760675736703312122e-01,-2.663595168341353348e-01,0.000000000000000000e+00,3.978688937999135256e-01,9.209657201444748642e-02,-3.029372447861822804e-01,5.627021461589180040e-01,2.658252269291746517e-01,1.127175855850991032e-01,-2.293293238364529640e-01,7.181914475352409177e-02,-3.581988920635124085e-01,3.142818663298559412e-01,2.001749246420564121e-01,-8.582716406957751135e-03,-2.610040871605616708e-01,4.209768780956707479e-01,1.706641450720459141e-01,7.171895516146954419e-01,6.097496373728655827e-01,1.987598597426862568e-01,-8.545210052034152293e-02,7.350434708762401126e-01,5.540761917518689517e-01,8.669565736801377875e-01,8.566893371765679221e-01,-1.617034336015295559e-01,-2.940792390031108372e-01,5.545930728607038063e-01,5.270179923919898757e-01,-2.100245079297627382e-01,-3.146153159027521018e-01,-1.642721750761083968e-02,-1.481971890629497045e-02,2.618041432922474376e-01,-6.827037350446614472e-02,4.274386225130684114e-01,4.871078597907103069e-01,-1.569021906026441329e-02,-1.675592982046682500e-01,-3.154495048143711733e-01,-9.958398914779793831e-02,3.885818104985906685e-02,1.402268580961902600e-01,-2.642642275351723691e-01,-2.960260414570744514e-01,1.349559044301409383e-01,-1.962906988738224723e-01,-1.562620717639553736e-01,-3.548783924658819311e-01,-1.937774329834984210e-01,-2.864381155752961927e-01,-6.276422687731630923e-02,2.224111315414399950e-02,1.320845638414813727e-01,5.499693556124504723e-02,8.083939280678546432e-03,1.166070645734515743e-01,-4.068942234933104612e-02,5.835413328943125921e-02,-1.478400069224090896e-01,2.209783099176671275e-02,2.942235505335604184e-01,-2.311397514263673625e-01,1.238521120530872016e-01,-7.058687116095738179e-02,2.995591279451478295e-01,2.236086336893209348e-01,3.737676059955494234e-01,2.106162839318031499e-01,1.722329789584430282e-01,8.193498258942681634e-02,-2.542704256411939048e-02,-2.545789746555924757e-02,-2.167404458321001981e-01,-3.084177969613345338e-01,-6.780381818765390052e-05,4.352367545588753384e-01,1.170931039130333612e-01,4.429731798206321680e-01,3.462467893658847662e-01,9.172060728114413142e-02,5.837862917169308608e-01,3.127016799569992678e-01,6.960462484574377884e-01,4.510303754629678141e-01,3.909504283394046320e-01,3.959272947010070154e-01,-6.661106430965029190e-01,-4.864024989989959580e-01,-5.692048588311824364e-01,-4.211529784383568065e-01,-8.592601950188820392e-02,1.094211094934482154e-01,-3.235402582984976960e-01,-7.936944695621479806e-02,-5.359314573088521660e-01,-3.865173535818288153e-01,-1.322420255467249561e-01,-4.806537903903294884e-02,-1.138979131571719317e-01,-1.643036193003516721e-01,-3.583368270913463438e-01,-3.210994443284865829e-01,-6.742000808706215265e-02,-2.443485664360538490e-01,-3.000441966408424199e-01,-2.460071441396577963e-01,-9.724208626169494885e-02,-2.209244362101456249e-01,-2.178694471825460832e-01,-1.508187334412293135e-01,-2.476500606465791010e-01,-5.790863815298048084e-02
-3.473694462559582252e-01,-3.398876501748947510e-01,-1.187328418706442845e-01,4.863575280192282135e-01,3.978688937999135256e-01,0.000000000000000000e+00,-2.581030261108133161e-01,4.786050744801650936e-01,5.670071469454225355e-01,9.628884093868883554e-01,-8.234150283261379433e-02,-2.062581283054982784e-01,-2.112183352671423986e-01,6.734977890860521788e-02,2.298703139068466739e-01,5.207307537169670875e-01,-3.601170695614369643e-01,-2.908471042508800064e-01,-6.996183233920610922e-02,-2.252596870308644916e-01,3.027826247292930151e-01,3.314250345545046716e-01,3.537000609270066764e-01,5.262180131081836132e-01,4.823742002876961754e-01,7.742855108358794869e-01,1.909655005588987708e-01,2.693375046508859061e-01,-7.772686344686842441e-02,-2.948104186065561572e-01,3.753571459897907525e-01,5.910743646798069517e-02,-3.807446679684343138e-01,-4.983710845909509191e-01,-2.444123908302248960e-01,-2.406810699453720837e-01,1.887669230757799688e-01,-1.822803655233812270e-01,2.955469914747007043e-01,1.636387121613488982e-01,2.238065276207671095e-01,2.359809197726199792e-01,-1.419803608339313961e-01,-1.343032159980765139e-01,-1.756029162634238361e-01,-8.026415109936817227e-02,-4.173494105594915404e-01,-4.072502872235529980e-01,-1.080034592810025923e-01,-1.166097932668708204e-01,-9.232636327165479051e-02,-1.474734715219741532e-01,-2.668348117602810099e-01,-2.134518400935279392e-01,-3.720499028967597099e-01,-2.407890080898303087e-01,-2.430343592301517919e-01,-1.634726638628937467e-01,-1.767435375800663067e-01,-2.303505155932397686e-01,-1.224115898972684587e-02,-2.171865084317362027e-01,-1.920501861458660253e-01,-2.042787101948768669e-01,3.178762743236464294e-02,-1.028400828438713055e-01,-2.427382817832927087e-01,-4.880697023011245084e-01,1.918361636999774966e-01,-4.558979712957431096e-02,2.884965577743275889e-01,-2.897565966026784401e-01,-3.014382834209023906e-02,-7.566344933368502300e-03,-2.090787984108069542e-01,-3.366382633384317619e-02,-9.577873083897317508e-02,-1.491972346088119294e-01,-1.033788472128145119e-01,1.381974592200880918e-02,3.035126003768957338e-03,-4.179819130980935715e-02,4.777082076896475502e-03,9.023049699830745785e-02,1.928059025491699330e-01,-2.015347918852812004e-01,1.441275827209047011e-01,2.647965806515900633e-01,3.264866913974080465e-01,-9.464668484963077721e-02,-3.285439092011762652e-01,-9.736045069232281135e-02,9.042018049519238987e-02,-2.005238018029921812e-02,-2.573272740365523115e-01,-2.079362228086484576e-01,-3.402559226920657265e-01,-2.457066345091503123e-01,-3.704718679370329615e-01,-1.876109507924212383e-01,-2.064780351469368835e-01,-2.440446267534704117e-01,-3.399156763895556654e-01,-3.606782152003014108e-01,-1.994132243312140840e-01,-1.607521906330846018e-01,-3.432722504680100345e-02,-2.047298717608350416e-01,-2.670103030263057398e-01,-3.211109157206927245e-01,-2.607895244860625183e-01,-3.191540636087109029e-01,-2.672397726326032896e-01,-3.551032865045539721e-01,7.548914733696344970e-02,2.267987370238257194e-01
6.728675938930035461e-01,6.717042304765734606e-01,7.963096522856742965e-01,-3.269000580682647206e-01,9.209657201444748642e-02,-2.581030261108133161e-01,0.000000000000000000e+00,-2.317711772747041987e-01,-1.652953382675319549e-01,-3.328482231992417884e-01,4.615659604506021640e-01,5.312619139770932142e-01,5.702423537425130862e-01,1.966903249574283308e-01,2.365506650633317776e-01,-1.739089394402774935e-02,4.368156531345963045e-01,4.383120899460842823e-01,6.678230092744292801e-01,6.045202090939435502e-01,1.195305632596574963e-01,4.471717572538321667e-02,2.650694551166833390e-01,-3.075253244399701047e-01,-5.045152772732665325e-02,-9.266717661455958419e-03,5.254657062131556922e-02,1.390427426736857291e-02,2.466993291095370966e-01,2.508148996732761926e-01,3.994381171348337922e-01,5.854963748580434002e-01,3.925668990752052556e-01,3.831851071389361096e-01,1.590240411720200142e-01,1.863792742839615879e-01,-2.575261579072792850e-01,-2.107395954887429090e-01,-3.098495471598274320e-01,-1.523083249284799545e-01,2.109170747091128617e-01,9.443976656671565495e-02,-1.475530690363133224e-01,-5.241623935062694750e-02,3.612239775829999971e-02,-8.967533722747407510e-02,9.392936077405635020e-02,2.597231377296151805e-02,-1.286576962107840727e-01,-3.250359839628806369e-01,-3.083805577074174020e-01,-5.197030917441186615e-01,-8.657279034812001561e-02,-2.466720063804747065e-01,-1.205536221918708101e-01,-2.017634543624369503e-01,5.906228053704865033e-01,5.073801163944338111e-01,2.007594396963585381e-01,6.959996556241607180e-02,-5.077475062453162824e-02,-4.592550049874197585e-03,1.960701171622838968e-01,2.420591915120851867e-01,-3.043810568497992003e-02,-2.136551256056649917e-01,1.842505060758942437e-01,2.316835988935024293e-01,3.737401926677356157e-01,2.424235439159401484e-01,-1.179316342918240029e-01,2.822923454910970451e-02,1.541969864986977579e-01,6.770120424328666953e-02,2.720445806441755821e-01,1.630597941271031970e-01,8.973817756876906193e-02,4.842583954335225732e-02,-1.033025986740744237e-02,5.153773491241873950e-02,1.877356219275676807e-01,-4.328647542101263929e-02,2.744356710068527883e-01,2.411450938372013825e-02,2.160470317536776833e-02,-1.581357732389626902e-01,1.322204171446217935e-01,9.543366877009788751e-02,-2.514947902437331129e-01,-1.944312827801963628e-01,5.833389150743835405e-02,-1.927300168234336308e-01,-1.023200032257111092e-01,-1.537679665368374415e-01,-7.255456022844712638e-02,-1.153589011658966434e-01,-6.707676862223702248e-04,-2.757641903978328736e-04,1.530346608208783543e-01,-3.245702611447524172e-02,-1.796125502995535028e-01,-1.542154659330649269e-01,1.977952431051930096e-02,-9.445424199423080314e-02,5.637938764487311627e-02,-7.955109987531922000e-02,-4.587065132319492755e-02,-1.305878840806329495e-02,-1.254535670073488041e-02,7.264778512871451766e-02,-1.901252718640146222e-01,-5.308790578722442227e-02,4.550503735869380895e-02,2.311519119921769394e-01,-1.685116835575892480e-01,-2.543444521585563889e-01
-2.898036767927054669e-01,-3.044074053439219663e-01,-1.947563831352024932e-01,8.335536080545208337e-01,-3.029372447861822804e-01,4.786050744801650936e-01,-2.317711772747041987e-01,0.000000000000000000e+00,1.589146931944517699e-02,5.820337763209026960e-01,-1.592784427986715101e-01,3.227799449695781253e-02,-2.420361447690708434e-01,5.666874746118902850e-01,-9.713122924084871546e-02,2.180975103598508380e-01,-2.745910178136075630e-01,-1.334528752513815600e-02,-1.781937546931810501e-01,-2.353217700997651263e-01,-2.425877465943965250e-01,-3.034626216191278480e-01,2.697161402940757013e-01,6.680469014429910590e-01,-3.537215212554192800e-02,2.203505564298091080e-01,-4.167211902093064801e-01,-3.333152786574450910e-01,-4.905340568934556805e-02,1.004906021565317720e-01,-6.001207656510812449e-02,-4.348024591381155490e-01,-1.029986593041026799e-01,-1.684932601992066847e-01,-2.900279719319526772e-01,-2.364967336192063119e-01,-5.125824936044113926e-03,-1.308652845650558338e-01,1.777164451328604525e-02,-1.076051718429456155e-01,1.448715317463608598e-01,2.620923427449561305e-01,1.408888302718760803e-02,-1.129988151964477494e-01,-2.896033450462763836e-01,-3.190351099342770835e-01,-3.667029892055432838e-01,-3.016125764599787984e-01,-4.271283578177988427e-01,-2.359034646383538492e-01,-2.289366021963942788e-01,-7.810849059258133387e-02,-2.148374980764026776e-01,-2.263259698701740041e-01,-3.772633690182342070e-01,-3.559518402384638236e-01,-2.174462496361542763e-01,-2.301634848540531353e-01,-1.224883676345886324e-01,-3.568590913844795764e-01,6.173487969626954841e-02,-2.465534327435948136e-01,1.837497697434585520e-02,-2.027584247030914388e-01,-2.213898483104628223e-01,1.389684024188311551e-01,-4.577226039854047634e-01,-4.681299432170039632e-01,-3.750147003714919547e-02,-2.821406502158537721e-01,1.072563004985911256e-01,-3.892349628267358086e-01,-6.619424150322059108e-02,1.305516778735806294e-01,2.098089249636831202e-02,4.350588492649307137e-02,-9.665539889506460924e-02,-5.682451370327420981e-02,4.979799868159960619e-02,-2.398554028221299983e-01,-6.363014490479682039e-02,-3.508929185712683640e-01,-3.303786381833885843e-01,-1.851213582687984971e-01,-2.968843892030854636e-01,-5.088242132680084184e-01,-4.218533920728320674e-01,-1.734917311096645376e-01,-4.462697999035685620e-02,-3.114502494981188918e-01,1.294982711933911901e-01,2.304275324013320136e-01,4.985014778007156311e-01,2.000605263639319564e-01,-7.914822335558810429e-02,-1.347144640316261521e-01,4.428272046007464269e-02,-5.329851781102269009e-02,7.032389030008301400e-02,2.050017223799893984e-01,-1.688317512180202012e-02,-1.975463918111328154e-01,-1.770254922299844269e-01,-1.811125851744460613e-01,-9.170562056154050318e-03,-2.076204976365332577e-02,-1.714018993837074512e-01,2.189359297554949180e-02,-1.183542905206776998e-02,-4.731706735533323938e-03,-1.691941109388843956e-01,-2.055213838456457567e-02,-4.523540118577257241e-02,-1.742890490776362045e-01,2.762749578493719493e-01,1.900689811936224494e-01
-2.980068161476155386e-01,-3.738781667335907000e-01,-1.024805169487038037e-01,-2.142891793317812030e-02,5.627021461589180040e-01,5.670071469454225355e-01,-1.652953382675319549e-01,1.589146931944517699e-02,0.000000000000000000e+00,4.849413704433856442e-01,-9.368428495164730918e-02,-1.122212365822785468e-01,-2.683201984073790847e-01,-6.418245213171881736e-02,2.943135372004986872e-01,3.313712680433485436e-01,-7.090387396476210968e-02,-1.035571854721916013e-01,-1.406341667723255522e-02,-1.484578580087252998e-02,3.896706219436411600e-01,3.321950627208056783e-01,2.515287962352657503e-01,2.780276304892894679e-01,7.237240769085430125e-01,5.949485118371946601e-01,3.412644630404196855e-01,3.765564401684367013e-01,-9.188091091157050971e-02,-4.023700818421492853e-01,3.849875332351933577e-01,2.281884161627019958e-01,-2.154488635750937964e-01,-2.647377295848100109e-01,-1.258221775003212639e-01,-1.249967194917789431e-01,2.554695170451612984e-01,-1.274946120035197750e-01,4.128623633696311135e-01,3.996180083165407071e-01,7.429648914983383312e-02,1.981812418703603196e-02,4.752646859513245253e-02,1.768508278466923989e-01,1.558855590198419128e-01,2.600358409448398356e-01,-1.940990258525129852e-01,-2.592670908826853471e-01,2.616373824479074073e-01,1.126658885010389244e-01,6.630576806073379924e-03,-1.057154827242074574e-03,-2.049210518695755434e-01,-1.234448125787462186e-01,1.295431392345789377e-02,7.611444044147085142e-02,-4.165662579572604884e-01,-1.935447785662404163e-01,-1.344291099777638054e-01,5.413889652293023963e-02,-1.719518294296418781e-01,3.960299383109667365e-02,-1.943792826316899092e-01,8.479895379601615213e-02,7.329534355494181364e-02,4.106860790064500999e-02,-3.749265096266430480e-02,3.056004056428273524e-02,-1.088943437297649197e-01,-8.718541341126320732e-02,3.728630832556418806e-01,1.584463341730582009e-01,1.600501899917967097e-01,3.098533591994818287e-02,-1.184938594206480927e-01,8.661279911554121969e-02,2.426017428313852631e-03,-3.738403628989298705e-02,2.830233933074934038e-02,1.629721266035949467e-01,8.045392339475336552e-02,2.419472328911564663e-01,1.080010988333855726e-02,2.325094542105394027e-02,3.039494143484449129e-01,2.046587658677362712e-02,4.735706022506569468e-01,4.407549656040390951e-01,4.420577793702592517e-01,1.227695296528903968e-01,-3.588697499892923859e-01,-3.572302914037693844e-01,-2.553127062731343488e-01,-3.273373819597619749e-01,-3.552189599251335816e-01,-1.973531377549244403e-01,-5.287737099604995494e-01,-3.528137476436095654e-01,-3.757688670881068060e-01,-3.423080532634034112e-01,-3.738563379102408796e-02,-1.156760454874787569e-01,-5.916082880108657766e-02,-2.067594653882024458e-01,-6.711006910182333585e-02,-5.180552728127974654e-02,-1.260169190603691904e-02,-4.077181471270331370e-01,-2.457600756501692185e-01,-3.398533399761316520e-01,-3.919134945595222907e-01,-3.456854428806542257e-01,-2.259171930999110192e-02,-1.651120410465177213e-01,1.349382214188846185e-01,3.272887227115582887e-01
-4.027837018862624463e-01,-4.008917608225147089e-01,-2.022331957141638714e-01,5.756335695886117820e-01,2.658252269291746517e-01,9.628884093868883554e-01,-3.328482231992417884e-01,5.820337763209026960e-01,4.849413704433856442e-01,0.000000000000000000e+00,-1.552134297182729272e-01,-1.794566650450837575e-01,-2.812437996453200362e-01,1.616731982694796788e-01,2.319287333351306157e-01,5.751067054014340485e-01,-4.532381990872682564e-01,-3.179229229046569571e-01,-1.638491205834182174e-01,-2.874879962272458012e-01,1.679416504141173494e-01,2.247448212596951378e-01,2.974958631840368128e-01,5.714370588329305001e-01,3.856851530325938193e-01,6.525720725647768949e-01,7.521228111727989996e-02,1.416655535357081164e-01,-6.433525799986471172e-02,-2.764067745581078039e-01,2.168923835530563449e-01,-1.205725665350859122e-01,-3.675024168834788441e-01,-4.881633891026519456e-01,-2.969446097043184629e-01,-2.789747781818826544e-01,1.524726896341451476e-01,-1.543641107620290776e-01,2.497150662436564139e-01,1.353126328594639605e-01,1.811941069402361049e-01,2.477990172195716490e-01,-7.727565271641179123e-02,-1.009954190498009996e-01,-2.300026543966062487e-01,-1.496211147100218464e-01,-3.768688872272635271e-01,-3.381620119764080501e-01,-1.477210624754819457e-01,-9.916238630796175846e-02,-9.660597062292587689e-02,-8.378263073318915899e-02,-2.709552738894202006e-01,-2.137400588080588248e-01,-3.828837917605494301e-01,-2.543004509624015030e-01,-3.511532899387584394e-01,-2.311217436231184363e-01,-1.741537499428864877e-01,-2.197424402645256070e-01,2.219284154020517447e-03,-2.432310812334248507e-01,-1.537754059336106094e-01,-2.332564051010981576e-01,-5.377608318706136870e-02,-9.863755526214607050e-02,-3.148067170852205110e-01,-5.327707989237007169e-01,6.037999453988283222e-02,-1.773074678783579938e-01,2.166435005917552170e-01,-3.546501007923488213e-01,-1.058558573821741650e-01,-4.551137329401304388e-02,-1.411046041378287430e-01,1.411766011218651591e-02,-1.339865924345483572e-01,-1.346300712482455808e-01,-1.653671855253259215e-01,-8.241280127569682035e-02,-7.227277956199477937e-02,-5.113356724629266464e-02,-4.628076475413416685e-02,1.355268589259535916e-01,7.762196133882023896e-02,-2.226879648866737227e-01,5.473758643804647189e-02,2.132823280524783760e-01,2.496501520277168706e-01,-1.377482635257626931e-01,-2.331554014103232320e-01,-1.232642164453484623e-02,1.808289608961358985e-01,4.969989467764610730e-02,-2.552914026805088721e-01,-2.233213306722906522e-01,-3.055699020592957393e-01,-2.244444211451702698e-01,-3.082069773139503588e-01,-1.615026706287655822e-01,-1.604719953028474477e-01,-1.807813875868455322e-01,-3.193958838487804819e-01,-2.805956775045292395e-01,-1.797531857687627854e-01,-1.250086714244821318e-01,-1.240814965849593859e-02,-1.945720940753032646e-01,-1.766531021082257957e-01,-2.432475839963104125e-01,-2.326223158050570727e-01,-2.869964922648531314e-01,-2.561922016837096527e-01,-3.492216847097898147e-01,9.761505535593861804e-02,2.302907181134956072e-01
4.759200620106435187e-01,3.871185230225342999e-01,5.197230886092860658e-01,-1.579923236847134982e-01,1.127175855850991032e-01,-8.234150283261379433e-02,4.615659604506021640e-01,-1.592784427986715101e-01,-9.368428495164730918e-02,-1.552134297182729272e-01,0.000000000000000000e+00,4.005035000452562000e-01,5.689750932706431064e-01,7.711898690744117824e-02,1.054059221757248227e-01,-1.595370525274481532e-01,5.448374806847310348e-01,4.106299743106337496e-01,4.297378484787761632e-01,5.091612723572829236e-01,8.862601711972728502e-02,4.241697801343777968e-02,-4.392934591157024449e-02,-1.113458793902552812e-01,1.072557147032910246e-01,1.425752301673798017e-01,1.185699936812827926e-01,4.102975748124565447e-02,4.871938477394416322e-01,1.754651235259632180e-01,3.381209718605102665e-01,4.210020025643154695e-01,8.084420608973025280e-02,1.681933000992562599e-01,2.268965450701966868e-01,3.521490265270109665e-01,-2.310002599518744260e-01,-2.855483823194046034e-01,-2.507173172818967233e-01,-1.756757777495493722e-01,2.804705482202513589e-01,3.008571186876538017e-01,-2.286066120620705924e-02,-6.082176062523442922e-03,2.035930360541066686e-01,3.848733512491422232e-02,2.118735525108060291e-01,5.032088144738500191e-02,2.149943130324051543e-01,9.684606409953333550e-02,-1.351146638649280973e-01,-2.289175649142803914e-01,6.264681199089067176e-02,-1.817405518422151312e-01,3.957606965565923021e-03,-4.197590863446661741e-02,4.777559790302151610e-01,2.567489198149279228e-01,1.552841789905493319e-01,1.532254157977728237e-01,-2.484605602693853721e-01,-1.052260690171633040e-01,4.112684965067982534e-01,2.538046972991134798e-01,-1.331418517682083358e-01,-2.858705618386768732e-01,1.750540279006195660e-02,1.888016195943307829e-01,3.931245097285078205e-01,3.266931668513196052e-01,-5.746674386703753967e-02,3.423596280600060132e-02,1.582185348910327694e-01,1.199332401199408038e-01,1.848297403401047978e-01,2.420775009180066439e-01,1.540457264295969509e-03,1.473756313910049194e-02,-3.533997944094623145e-02,-9.821191581556334982e-02,3.132965732324531904e-01,-2.271837717619467345e-01,2.968705863772276299e-01,-2.187181235442806591e-03,1.062749530260188313e-01,-7.875214481937023447e-02,2.128399734766257545e-01,7.472757201107410596e-02,-3.758840322158250175e-02,-6.427335920181811990e-02,4.874081749233040786e-03,-2.294702635640324673e-01,-1.376301338586271850e-01,-3.182561321014525380e-01,-9.811698303053356662e-02,-2.576836896899283857e-01,-2.178296395106230077e-01,-1.261403863336950371e-01,7.615225352151243354e-02,-1.339402717266250514e-02,1.719411070973931865e-01,4.146352741346815557e-02,2.785131080751616084e-01,8.873440619934777618e-02,1.799636307536020274e-01,5.932150659546073235e-02,-9.877360984473715355e-02,1.578111260164367369e-01,8.198744684148691689e-03,-1.379572682624781998e-01,-2.667455228657884536e-01,-7.759846809120345135e-02,1.769264274679191451e-01,2.457949464260611172e-01,-1.649231429307253805e-01,-7.760533476296908872e-02
3.489106100688863510e-01,4.915592442359567604e-01,3.708144008434562378e-01,-2.463852197192738513e-01,-2.293293238364529640e-01,-2.062581283054982784e-01,5.312619139770932142e-01,3.227799449695781253e-02,-1.122212365822785468e-01,-1.794566650450837575e-01,4.005035000452562000e-01,0.000000000000000000e+00,2.520431901545753250e-01,5.542806304949463581e-01,3.153206570098029404e-01,8.579981052290677757e-02,2.627658711270995373e-01,5.455331236842171361e-01,2.824707800634579380e-01,4.297035788156636782e-01,-1.852366397424365374e-01,-2.358392943896602256e-01,-6.690893791853366745e-02,-1.771618920948577480e-01,-1.428019734978540345e-01,-1.071985343391438639e-01,-3.956314294929458852e-01,-4.363132758342476158e-01,3.706960429105154997e-01,4.560817830616739621e-01,1.465659518364673397e-01,2.038728749851829170e-01,3.485780515119189515e-01,4.074330998837432105e-01,6.408127353499205869e-02,1.440258406231400834e-01,-2.509912475084084549e-01,-2.224681219010079258e-01,-3.228521270983082392e-01,-2.252143608297325628e-01,3.849544240015001506e-01,1.993600554553092430e-01,-6.902784928492707028e-02,-5.561252781120074040e-02,-1.034864340814886652e-01,-1.890204474934136236e-01,8.960745901078114029e-03,-2.161151249412934794e-02,-8.174529851861839225e-02,-8.918462345211015940e-02,-2.506423119133533439e-01,-2.531686884018986561e-01,-1.698316497668269087e-01,-2.331878300057258213e-01,-1.054046003504070100e-01,-2.243478380877765299e-01,2.410079770908183927e-01,4.356500499908804724e-01,2.739314544099252791e-01,2.810149667739715307e-01,2.500378555869243579e-03,1.848168315506437676e-01,4.884604108987115056e-01,4.857870590532629151e-01,-2.932852219631070234e-01,-3.135588026507011433e-02,-5.332225931515435779e-02,1.916482340464994438e-01,1.119123858762142293e-01,-1.916657747966212660e-02,-7.220573947950048588e-02,-2.164219443935201659e-02,6.306896466766680198e-03,-4.870354878205308130e-02,2.114797165679386526e-01,2.086937463239100787e-01,1.576299963425589201e-01,2.029237038698591955e-01,-1.193814073387719360e-01,-1.922399665269938773e-01,1.701236170443198026e-01,-1.717081972875623974e-01,-1.707565700090191499e-02,4.089417261033180019e-03,-3.085637915131564379e-01,-2.958171230950979447e-01,-1.102484844373236156e-01,3.987272526225771330e-03,-2.934077701291191720e-01,-2.876845189468403841e-01,2.706625971424408417e-01,6.249372434721845587e-02,2.234592875728809158e-01,-3.596980869387932100e-02,-7.764941699847506540e-02,-1.941836511047524416e-01,-1.915246002510272161e-01,-1.655369976990757053e-01,1.607070696117810504e-01,7.008521894972663015e-03,1.598842109145854340e-01,5.828024399567969215e-03,2.142986587275103605e-01,9.500343003502496886e-02,1.009679719094744438e-01,-4.491700202896833395e-03,-1.176279391656347706e-01,-3.459604054152401464e-02,3.461943951303856903e-01,1.510250960955021038e-01,-4.068515663377627045e-01,-2.453175779650718091e-01,9.348096712780221140e-02,2.166254724021859368e-01,2.652042731682790686e-02,-1.417627912127194523e-01
4.584889608292812002e-01,3.542347539208444140e-01,6.249269623202828861e-01,-2.301026563799491997e-01,7.181914475352409177e-02,-2.112183352671423986e-01,5.702423537425130862e-01,-2.420361447690708434e-01,-2.683201984073790847e-01,-2.812437996453200362e-01,5.689750932706431064e-01,2.520431901545753250e-01,0.000000000000000000e+00,2.374317786299767752e-01,2.429799978996419196e-01,-1.046755832723740218e-02,4.282731130405743603e-01,3.295456161121723682e-01,4.798312993175143926e-01,4.112854932392613905e-01,6.978973948673469763e-02,3.381836687389303507e-03,1.917578586044612621e-01,-1.965654038456375041e-01,4.250742263607613231e-02,8.669823381398496231e-02,6.227641266226421196e-02,-1.244803642789320784e-02,2.896760889444922049e-01,3.604172330921616152e-01,5.181001584008002592e-01,4.872180613069442834e-01,3.328956993143009080e-01,3.461495628001536318e-01,4.607114904861092652e-01,4.923681994479112145e-01,-2.028310331250905707e-01,-1.692524927103065679e-01,-3.043815184617519876e-01,-2.016960094603305886e-01,2.414067101827838957e-01,2.799219290935707205e-01,-3.065280086836340637e-02,1.539615300538965947e-01,1.452323322961494856e-01,1.256852637964925024e-01,1.688747362415934095e-01,1.914282949240883325e-01,1.056357580862536394e-01,-2.212475140336658819e-02,2.267099677423300291e-02,-2.374541278859413074e-01,1.171941284656018850e-01,-1.865388867842764087e-01,3.671079841160716783e-02,8.557610103053499284e-02,6.210265975118285375e-01,2.976084055673123285e-01,2.205059871015732642e-01,-2.334852792879273803e-02,3.389903862452185723e-02,2.221275833109618777e-02,1.301152950824562005e-01,3.022911284124192230e-02,1.451025625127745078e-01,-1.078716914053200332e-01,3.664389848814003647e-01,4.011619588766677791e-01,4.919333618482591430e-01,3.194298118283177557e-01,1.557597030028911034e-01,7.137623682547557594e-03,2.893488095264076243e-01,4.073409752075354273e-01,2.977698247884574267e-01,1.105744547003488648e-01,2.428142732396727232e-01,1.365448957731809076e-01,8.894356863019618753e-02,1.199853088315012278e-02,3.191841767767314986e-01,-1.264185997247868898e-01,4.205152208349005605e-01,-7.503482436214723751e-03,2.348161299842813632e-01,-9.887557754389970921e-02,1.858380218818030116e-01,1.475029966383070192e-02,-2.918036839982309782e-01,-2.330852930687481450e-01,1.267306420071927786e-01,-2.021404775043778579e-01,-9.494633595209012872e-03,-1.476418320786750671e-01,-5.146682754864477516e-02,-6.803423191960199234e-02,-3.824124835630345054e-02,8.810184474574440927e-02,1.701902736787110626e-01,8.453426953884336792e-02,-1.255392761165496918e-01,-2.236212791971859681e-01,-3.118326683291595264e-02,-1.843493552167970173e-01,1.731009759835141493e-01,-1.211154578184635427e-01,-1.285369374488711802e-01,-1.917766778646763821e-03,2.770715439566032862e-02,5.332392515634697128e-02,-7.604878665565850682e-02,3.532821044602024035e-02,1.176070534442020810e-01,4.147179938224036522e-01,-2.037037562534360895e-03,-2.753647989021071329e-01
