0.000000000000000000e+00,5.021766568283787535e-01,-6.585816516395401332e-02,-1.145476591775159841e-01,-2.576155568877037116e-01,-2.583342828001852221e-01,2.073325673518162104e-01,8.527187685418428920e-02,-3.010805743244667626e-02,-2.116534178149726553e-01,4.633571845049586635e-01,4.384334750806969105e-01,1.569574813921291723e-01,4.894188050149234082e-02,-7.196939357322192088e-02,-1.908331413991485870e-01,4.833651546603570104e-01,3.998084441285169599e-01,5.390297455643777713e-01,5.758564790996771876e-01,-2.788525254125680530e-01,-3.932706021846319455e-01,-1.849741374589945475e-01,-3.399298784787724292e-01,-4.267617779116394949e-01,-4.555088254421371108e-01,-3.707137357495082775e-01,-3.356421543954987707e-01,2.894798763557269727e-01,-1.064449204038550936e-02,-6.889465140773386176e-02,-2.273063444273605294e-01,2.836491153398293386e-01,1.800920988963869707e-01,-3.138468365372575897e-01,-2.166338005346976625e-01,-2.456743592794231601e-01,-2.190139036233190450e-01,-1.904173353144522352e-01,-1.063302013765220905e-02,-1.062389465094305818e-01,9.928091377730829947e-02,-2.096189796919867843e-01,-3.564555990245320272e-02,7.467919344717512120e-02,1.704963717362920073e-02,4.392651633533269789e-02,5.350647454485951519e-03,9.250219260707590041e-02,1.040150937816665538e-01,1.258752736341614831e-01,1.507710003869418836e-01,1.021788916737671193e-01,-6.010098215720241499e-02,-8.240388146052968210e-02,-2.247740172084144172e-01,7.128206081670352967e-01,4.088738098415833910e-01,4.569038500105375156e-01,3.909489296506344358e-01,4.154948126127332997e-01,1.495216101048076063e-01,4.969108432268556919e-01,2.135017677221494603e-01,-3.217010642102322571e-01,-1.239797211421083817e-01,-1.698739232944442012e-01,-1.513159322143324548e-01,3.551406114029078687e-01,2.002379031567636525e-01,1.079708431054228757e-01,-1.261173629626581305e-01,3.707389602727388933e-01,2.522240151696946153e-01,-3.850218052840499033e-02,-2.032059955292830067e-01,2.430033218906384462e-01,3.369310412642082669e-02,-1.553141711899385657e-01,1.795520277040859453e-02,1.581684470135316101e-01,-9.282665713560983578e-02,-3.647894880863361000e-01,-2.399424266855681165e-01,-2.419241922951543000e-01,-2.383922715149180971e-01,-3.104522254704606965e-01,-3.321774784775759493e-01,2.312091947360519692e-02,-3.356892048920970817e-01,-3.055325635221175506e-01,-2.389155955505532225e-01,-1.197105427023982677e-01,-2.669285649275637273e-01,-1.950875827784443739e-01,-3.514697912146235725e-01,-2.368126088788139461e-01,-1.093449392512088197e-01,5.575293250747188900e-03,-4.227355652474087955e-02,1.462808667707934107e-01,-2.482878547808463343e-01,5.372783548108586021e-02,-2.352543335743506603e-02,-2.826967417971801844e-01,-4.850553062916818092e-01,-1.868534233180944026e-01,-2.962451172763519991e-01,-3.558111298049071447e-01,7.325838111701028776e-02,-1.224080166992135843e-01,-1.303966652045543753e-02,-2.732896632358026295e-02,-5.308761099636957748e-02,-1.936117770011376582e-01,-1.997607281397999479e-01
5.021766568283787535e-01,0.000000000000000000e+00,8.250524610969259265e-02,1.194049506748222494e-01,-3.699029753745226579e-01,-2.921282814242779913e-01,9.148342161655712013e-02,1.988357951640893351e-01,-3.665176026683632515e-01,-1.381840305177328976e-01,3.106192674637460183e-01,3.353220273484320280e-01,5.326957602581909590e-02,2.741331051283474873e-01,-7.382094343654077573e-02,4.741788714391945159e-02,2.362116182165807377e-01,3.990523645469717939e-01,5.229202641245370708e-01,7.336699293028214885e-01,-2.208079630382214498e-01,-2.700013108689315877e-01,9.317836416820068912e-02,2.429289583792589372e-02,-1.936450098992877344e-01,-2.120747116744867156e-01,-3.581704848199182001e-01,-4.127333193595772443e-01,1.368591650524250414e-01,2.485934375551113740e-01,1.883905907935448099e-01,-1.564299168898537068e-02,3.655786405564251385e-01,3.474280002407203471e-01,-2.771590534442018305e-01,-1.813820711130978425e-01,-1.222340445107718276e-02,9.680822004122312252e-02,-2.054139163261324563e-01,7.350090001057799083e-02,3.694122514986119404e-02,1.379941806690460071e-01,-2.776068157441142006e-02,5.631408243765786276e-02,3.791135698101756879e-01,2.530019824532879769e-01,1.435777964239927373e-01,9.481939289451398606e-03,1.229680415690539430e-01,-3.547075697025791046e-03,9.377684600004669579e-02,8.991364510218320671e-02,-1.761442264690571066e-02,5.579048215179786829e-02,-1.377520112694639032e-01,-2.170263062058596371e-01,5.804618500356267807e-01,6.325056371829953505e-01,2.850723305149906461e-01,2.307233011409494383e-01,1.561855705560447061e-01,6.593604622773385771e-02,3.518850954785636143e-01,7.202743470693540040e-02,-1.745302729391957075e-01,-3.265760964185244197e-01,-1.450650769427637432e-01,-7.713274203791505024e-02,5.634651091270002077e-01,6.100227528347883510e-01,9.015659590438752924e-02,-8.889571555728847940e-02,5.032809541212339699e-01,4.977962103303432140e-01,-4.145823922782039539e-02,1.127373669219045166e-01,7.460204607619305706e-02,1.162548175119389737e-01,-1.094006394033868179e-01,2.984507567541459516e-01,1.523305926249715059e-01,1.050804122799627871e-01,-3.341870292494253381e-01,-1.258686388739464757e-01,-2.090157170072108606e-01,-2.259981101382077806e-01,-4.239671878444966069e-01,-2.797028309454100969e-01,-2.244455645958318701e-01,-3.946240224477811087e-01,-2.512800301648812074e-01,-2.458393276527124360e-01,-2.391346812238928383e-03,-1.615864138588899435e-01,-2.626465727769093927e-01,-2.283087932615247562e-01,-1.139287850267781677e-01,-3.335804041259831654e-01,-1.030111726395514932e-01,-2.479661501043171901e-01,1.079539905021935364e-01,-2.339080700185462991e-01,-1.346646189707878527e-01,-2.649169125335593122e-01,-1.417538196025594499e-01,-2.421613865487637351e-01,-2.899291836347318574e-01,-3.970281785594593771e-01,-1.565639356478736866e-01,-3.679206857945566816e-02,-3.073702940281292095e-01,-2.856233731768208495e-01,-8.875028621261284167e-02,-1.990189707970606015e-01,-5.284146789007903439e-02,-1.741617737849772141e-01
-6.585816516395401332e-02,8.250524610969259265e-02,0.000000000000000000e+00,4.019115581100613510e-01,5.080891231400521679e-01,2.523713670945785248e-01,4.673931251370223028e-01,6.960802514532175855e-02,2.523401675293326374e-01,2.809774743524089957e-01,1.079968274939180767e-01,-3.054368884887821989e-01,1.487882341426947364e-01,1.775898325253950638e-01,4.467525118881370827e-01,3.565660800106992268e-01,-4.116997649074940341e-02,2.056527787926016454e-02,3.232612439149242789e-01,2.977045613786861722e-01,1.216747077391454324e-01,3.207958409944825645e-02,6.461356560020541373e-01,5.856277347705437508e-01,7.127191510824667509e-01,5.522115838223320416e-01,5.496257652170294383e-01,4.220389675278284347e-01,-1.911101021591669058e-01,-1.487922939237537878e-01,7.005043264969801342e-01,6.802196536779728797e-01,4.059312006351614710e-01,2.435156438543106261e-01,5.021912686849806517e-01,2.720287654711803227e-01,3.423926860228279634e-01,1.293843304002890160e-01,-2.508681960743152639e-01,-1.782155537250928456e-01,3.990838639862183679e-01,2.090418234780334616e-01,-3.571854137244752092e-01,-1.759100968769676254e-01,-2.375950914793637236e-01,-3.832292144169278658e-01,-2.621884205136241763e-01,-3.187328904978017907e-01,-4.900411795531213754e-01,-4.796976804557626650e-01,-5.390284323179878045e-01,-6.105902786431044449e-01,-3.937503052896639821e-01,-4.411529985942073684e-01,-1.102021996288671951e-01,-2.484917096034201800e-01,-2.229520829787460037e-02,1.153270676694492791e-01,-1.590623741438522698e-01,-3.632490834851704875e-01,-2.586454154931762117e-01,-4.870104929533094484e-01,1.688288238039923894e-01,2.679546371388463397e-02,6.394048958634473978e-01,-1.609232353939057947e-01,3.246296964992737566e-01,1.694479658894528507e-01,1.655977798045204508e-01,2.005624251938211144e-01,2.578613746934123596e-01,4.428044421203464753e-01,1.718348312040465231e-01,6.442933130608907710e-02,3.881593592894503342e-01,6.859982666202382728e-02,6.749136480524287052e-02,1.425898207094786763e-01,-2.828779429635588927e-01,7.729975006496106471e-02,-3.043951168704281591e-04,1.382394974560688661e-01,4.257255607358601535e-01,3.555624339277701496e-01,2.963020972814473519e-01,3.874242941427503278e-02,4.844691022518211598e-01,2.753651273883389039e-01,5.070439263598717355e-02,-2.533024583972131594e-01,-2.958677632841056337e-01,-3.675335995208551809e-01,-4.343232494526015897e-01,-3.170611653017182396e-01,-2.354038426465052958e-01,-4.022244610829874278e-01,-3.494574515503758860e-01,-1.808843297079720247e-01,3.788430925705141283e-02,-8.600902914487161544e-02,-4.134558509313566721e-01,-3.384040600798673415e-01,3.020296446426283254e-01,7.579708797988368718e-02,-3.782984610097541583e-02,-1.781486364829814456e-02,1.951950941672589979e-01,2.281711966640272427e-01,-7.735042911971820589e-02,-2.920093205174272288e-01,-4.243298404737343987e-01,-1.270431068663375462e-01,-2.028159091238742606e-01,2.506473555585618240e-01,-3.165164599322628503e-01,-3.066516374670383849e-01
-1.145476591775159841e-01,1.194049506748222494e-01,4.019115581100613510e-01,0.000000000000000000e+00,1.379540705111544641e-01,2.870445610474561815e-01,1.279416657462412437e-03,4.949173270748071785e-01,1.290947157734089468e-01,3.237136555986563913e-01,-2.827536456482427352e-01,-2.738515509287421379e-01,-2.292279099841328105e-01,-5.084927059252426079e-02,-6.604546287687663997e-02,4.435121180515971123e-02,-1.282022569632368658e-01,-1.974289822967479069e-01,8.210646686944754469e-02,8.951632580045283671e-02,-2.176250666790226496e-01,-2.485879598947908220e-01,7.336769412880015384e-01,7.804566635946406095e-01,4.376601070137128291e-01,4.944633768866035228e-01,1.321507354592226513e-01,7.013630000840442857e-02,-2.967003590114690170e-01,-2.569203537848621655e-01,5.387919277018546893e-01,6.025974127529698521e-01,3.150941342395822131e-01,3.158592626286292893e-01,4.145020784747761589e-01,2.638615861725102651e-01,-3.057209283887791021e-02,-1.376327897046697446e-01,1.299354167177226571e-01,3.379962643846897707e-01,4.732434884724040502e-02,-4.044372837113290736e-02,-1.071729187057471472e-01,-1.435718328785572373e-01,-1.387089699694993294e-01,-1.907934438288620138e-01,-2.648804235344820457e-01,-4.080191829009214288e-01,-3.324854732835130222e-01,-2.515499670591055947e-01,-3.115441874599543803e-01,-3.395538406627668371e-01,-3.525029919733573824e-01,-4.888854058347292392e-02,2.268305012182577490e-02,-8.386982916906647600e-02,4.234024820319253792e-03,2.000364203898988558e-01,-1.284522690741841389e-01,-8.434731710084504563e-02,-2.761242467510782173e-01,5.967757344477657953e-03,7.035985620384686834e-02,-2.328438261413953367e-02,5.686781842470681747e-01,3.693663230314966350e-01,2.057900219916243278e-01,2.325602216999254901e-01,9.332321260703595189e-02,2.692857739203581291e-01,2.471351846633291216e-01,3.407240548459680163e-01,6.273526561833628334e-02,-1.482268184862741214e-02,-2.227995220575629265e-01,-1.824843754343336288e-01,-1.153974196861725365e-01,8.161285847398483742e-03,2.689680295451526981e-02,-1.816571088546562254e-02,-1.333368436980076066e-01,-8.376367172585426346e-02,-1.157591810592645005e-03,-1.131614223510617884e-01,3.930367287200076665e-01,4.551458439177372139e-01,1.250110709138591014e-02,-1.180584136799459616e-01,2.215474684540709102e-03,2.908433132250650699e-01,-2.217876596277622847e-01,-2.123575028545390264e-01,-1.667235373365819617e-01,-1.767943002035803068e-01,-6.982129487016211500e-02,-1.119596903334811044e-01,-1.162251601321462602e-01,-9.410516454762860028e-02,-9.348962641409812313e-02,-8.513705049969551297e-02,-3.546553710066956411e-01,-1.800582269205154295e-01,5.260678637247303419e-02,-1.154284559574998183e-02,-1.294416910624992811e-01,-7.190714208372955829e-02,-1.587758230556798877e-01,-4.970334187056825448e-02,7.282553525969068242e-02,-6.872819511649289406e-03,-1.959742141383860048e-01,-5.870241022491121119e-02,-2.216206455133837017e-01,-6.744114672728211690e-02,-3.806059909164221100e-01,4.350174977576685975e-02
-2.576155568877037116e-01,-3.699029753745226579e-01,5.080891231400521679e-01,1.379540705111544641e-01,0.000000000000000000e+00,4.402960290893725426e-01,2.781894573520661829e-01,1.193191362668670208e-01,6.545932765770414719e-01,4.832779279212268131e-01,1.321822707414772036e-01,7.320341525313033004e-02,4.033246631817426486e-01,3.255578479868650454e-01,4.365777669856865661e-01,4.809242396241821815e-01,-1.829054333786351572e-01,-1.251789002789846506e-01,-5.634810298984330862e-02,-1.611710630449269543e-01,2.692289447092122701e-01,3.538654321871017583e-01,1.697314335205613589e-01,3.081064037890660634e-01,4.995611533611344912e-01,4.169729426105641124e-01,7.352129418611381695e-01,7.661587631208376381e-01,-1.486608575040177793e-01,-2.246565290894172451e-01,2.437551966911782053e-01,4.029800422233626445e-01,-6.167863703411588516e-02,-1.914087425932348985e-01,3.383210795552754613e-01,4.440496647426648291e-01,2.988140284868142094e-01,1.692632128674593783e-01,1.058025935617542754e-02,-2.007348268055086371e-01,7.961922546787952859e-02,5.022596267218158023e-02,-1.988527053334421257e-01,-1.195969451949856072e-01,-3.543458094225721000e-01,-3.364374593835205984e-01,-1.442870916018956229e-01,-9.091859255916497073e-02,-2.065645528748505932e-01,-1.370360135110050004e-01,-5.952167346025492023e-01,-4.104188012252100171e-01,-4.198818125283920732e-01,-5.296099975323290687e-01,1.090308409062237111e-01,1.103197120862664665e-01,-5.025849243767505081e-01,-4.746219601047961256e-01,-6.261652165049464980e-01,-4.577073421168677547e-01,-5.569289331957937295e-01,-1.371443114944064512e-01,-2.328628870727038058e-01,-1.024642252311553092e-01,2.480616803901049550e-01,1.416960696795538377e-01,2.764991062958085596e-02,6.087905935860320888e-02,-2.085111592408610270e-01,-2.301394467257830423e-01,4.957700163718755521e-02,3.337386406476494649e-01,-2.176429487951442310e-01,-2.310876927022268157e-01,5.719228954813481147e-01,1.663321074982771763e-01,1.682641470680175111e-01,3.213949561886713102e-01,-3.200194818362043225e-01,-6.183772246478370926e-02,6.033194065241006404e-02,2.852641581645925517e-01,6.258770614235670271e-01,4.851367238643383151e-01,2.867168939906651892e-01,2.396299579201086050e-01,7.331484599976632044e-01,6.810964980659087731e-01,1.249686753383995180e-01,1.111353684375910172e-01,-1.537417327375185938e-01,-2.657380273778089386e-01,-5.389127021086186353e-01,-3.858175981943166022e-01,1.748487220070986670e-01,-1.797080972405314392e-01,-2.693808249589347836e-01,2.464258196681366059e-02,1.318339829412819020e-01,-4.066601521572375333e-04,-3.052223647569359266e-01,-2.586777679091628035e-01,5.982815636134043435e-01,3.946131190394434052e-01,2.416633404286781528e-01,2.189351932561279801e-01,5.369502840874014193e-01,6.747845015142004410e-01,2.230620505407810983e-01,-3.126196660534438093e-02,-1.210464762003218425e-01,1.926823262419532778e-01,1.806834709347767132e-01,5.925385167348968807e-01,-7.949102045083344947e-02,-4.018807883333082587e-01
-2.583342828001852221e-01,-2.921282814242779913e-01,2.523713670945785248e-01,2.870445610474561815e-01,4.402960290893725426e-01,0.000000000000000000e+00,4.597405521884840446e-02,1.984177781605973301e-01,5.547939428867654232e-01,7.855473895731012179e-01,-1.658053611145272888e-01,2.034760698257014402e-02,1.143456266583524616e-01,1.227350496046844680e-01,2.899737591376191914e-01,3.672786336846197153e-01,-3.064268743140826090e-01,-3.876376767942447676e-01,-1.952024895461829945e-01,-2.306790257672694244e-01,1.075736883148593059e-01,6.585912079424988130e-02,1.682712093052089464e-01,3.269884383452923426e-01,3.193102158106124189e-01,5.522953415907029262e-01,5.081752002588437733e-01,6.144237270260882733e-01,-2.268409644972552430e-01,-1.313019200005618725e-01,1.914971945367143213e-01,2.386374141911215552e-01,-1.344550212118529042e-01,-2.661715173330537754e-01,1.201431900974165440e-01,5.556991891697288938e-02,1.098157593310402358e-01,1.858175964594440399e-01,3.160308319384363407e-01,2.863627240090267922e-01,-1.410072969924331711e-02,1.125241797961543666e-01,-1.025483015735837861e-01,-1.240701767333398375e-01,-1.964814378612249335e-01,-2.135784999833989783e-01,5.558511190659688912e-03,-2.096381153139074138e-01,-1.654180704426803095e-01,-1.716161602106350270e-01,-2.131750363311224195e-01,-2.845318725588747433e-01,-2.835714770383580552e-01,-3.674480175566106066e-01,3.934430051744097212e-01,1.730210522088047320e-01,-2.954592502981400748e-01,-4.111229717753902557e-01,-3.016515084668067170e-01,-9.771251917719597779e-02,-6.035577457156365844e-02,2.771572222596434612e-02,-1.212160725802116645e-01,-1.056090463104745747e-01,2.982655928807350643e-01,9.544964355281829183e-02,-1.401073468325244285e-02,-1.359878099919149541e-01,-1.431690384887894518e-01,4.834918743932219154e-02,3.319533092474232783e-01,3.911146768933252971e-01,-8.475302037034805613e-02,-1.698237334336127058e-01,1.718736054174328509e-01,-2.568291573492772484e-01,9.256697899469616686e-02,1.968153517699955668e-01,-5.456114987164427214e-03,-7.002901209635752078e-02,1.062352557069302511e-01,-7.030026397457210530e-02,5.196578871803674282e-01,1.274257730060106564e-01,4.794949228319229650e-01,2.400893567703875076e-01,3.819192666341052478e-01,1.206978698459822974e-01,4.247595040096782126e-01,3.062238081026146252e-01,-4.509559509302889929e-02,-2.212800943208238502e-01,-3.069044614807250326e-01,-2.420950912427805579e-01,3.078280520646808349e-01,-7.633639393044205045e-03,2.354188332975938047e-01,-5.976282213225352774e-02,1.481538282448193432e-02,-1.480113644156105246e-01,-2.807283417842124096e-01,-1.251287613627656559e-01,3.705844340711601514e-01,2.048094274007926097e-01,1.409819721582543650e-01,1.452457843839161100e-01,2.612270651438956537e-01,3.571382114206742564e-01,1.878492492464099162e-01,1.573007968443038973e-01,3.763189109153908252e-02,7.394056548923477745e-02,-1.098696470395875077e-02,1.673866601045718994e-01,-1.400978276159173530e-01,4.760806608976764914e-02
2.073325673518162104e-01,9.148342161655712013e-02,4.673931251370223028e-01,1.279416657462412437e-03,2.781894573520661829e-01,4.597405521884840446e-02,0.000000000000000000e+00,2.261422810560256291e-01,1.753465850845493945e-01,-3.470451664206406633e-02,5.360279973012973542e-01,6.576689880840363989e-02,6.219302843646524748e-01,1.055950705173335502e-01,1.294373332618967976e-01,-1.282567402031800294e-02,1.588551528412255609e-01,1.058555930752375640e-01,6.332846966174338066e-01,3.983030124369533742e-01,1.165940546866561928e-01,2.480546914029440470e-02,1.652227262412536146e-01,9.267006213264894487e-02,8.559475386305616385e-02,-6.353550555202002771e-03,2.263376451691259672e-01,1.609163099168822997e-01,2.857826270349959619e-01,2.518259251422931208e-02,2.047270991154829523e-01,1.760520037867383258e-01,3.890640522446907057e-01,8.904146576310909000e-02,1.467829819077874631e-02,2.286845721450541866e-02,3.847826226882550271e-02,-1.029475582008719525e-01,-2.168436439190650766e-01,-2.905158412160247505e-01,8.976987247829261440e-02,-9.019824110945443008e-03,-1.978832766155935174e-01,-1.772524987187512058e-01,-2.688138471509976882e-02,-2.416003633682359819e-01,-4.243478448696095806e-01,-3.829447305820347092e-01,-1.787694553122768093e-01,-3.082236409707000968e-01,-3.060681669641920899e-01,-4.798870217999310350e-01,-3.391634844976766927e-01,-1.720045135756282928e-01,-2.764694488545607065e-01,-2.835539031750483607e-01,4.538170414053000618e-02,-4.247980539154353613e-02,-1.228670740213766849e-01,-3.171851766354372715e-01,6.487444141326897951e-02,-1.111617341352258703e-01,2.196128739414889564e-01,8.603193791171177829e-02,4.666195141573140776e-02,-2.721390153097709153e-01,1.868186620036635104e-01,-1.418736459917012138e-01,2.337726393289382698e-01,1.358165516091160430e-01,1.997880378297116066e-01,4.767802682736171915e-01,3.021760033377937082e-01,1.927938017002480964e-01,2.706723767454771168e-01,1.308130446348465536e-01,2.482074489805753681e-01,2.368178607927347301e-01,-3.800080583529741318e-02,9.288869158642056034e-02,1.419669769670788839e-01,2.397121224095462577e-01,3.214204327834836450e-01,2.881577078128556568e-01,2.857166838419575652e-02,-8.855503402782291533e-02,2.496448954364774708e-01,2.109564653584881377e-01,1.510928568465356656e-02,-3.516463288046307589e-01,-1.929472586994164240e-01,-3.093801028998384717e-01,-2.795537891996930369e-01,-1.810307227800727059e-01,1.258041216865918854e-01,-2.380828995448776297e-01,-1.939344916191816648e-01,-2.354666166765152224e-01,-1.440706055766701188e-01,-1.281816283822505009e-01,-1.655071179564418793e-01,-2.397294606602990985e-01,1.537076107284886771e-03,-2.209969597581882828e-01,-2.145460802464121686e-01,-1.262200112130782981e-01,1.304505680059048489e-01,1.139077421389244754e-01,-1.566750639342406048e-01,4.117940695310216836e-02,-2.876180230445901098e-01,-1.904016593211420305e-01,-2.557273552459838391e-03,5.811956515302556942e-02,-1.321880571574684526e-01,-3.045833357231706451e-01
8.527187685418428920e-02,1.988357951640893351e-01,6.960802514532175855e-02,4.949173270748071785e-01,1.193191362668670208e-01,1.984177781605973301e-01,2.261422810560256291e-01,0.000000000000000000e+00,1.291854446355297781e-01,3.473739447313411444e-01,1.537209941431763038e-01,4.225573008794968333e-01,1.521529556105614689e-01,4.619634858918557629e-01,1.470875266690643834e-01,2.990275388642083532e-01,1.520444127548243596e-01,1.188933646979687675e-01,2.702250705825069432e-01,2.916731362452680831e-01,-1.108671228878364695e-01,-3.006530574779707199e-01,2.086255704504916542e-01,3.497171640458905384e-01,-1.911400962467419556e-02,5.390891936624077341e-02,-1.113017512611348681e-01,-9.820072448972483325e-02,1.956844794293711443e-01,2.403550449824811974e-01,2.592459476684474962e-01,3.213524707090038568e-01,2.268545969270216456e-01,4.103105067627997871e-01,1.850009903328560593e-02,4.336120521554031465e-02,-2.580491442034122396e-01,-1.603549615391491323e-01,-1.884104567147162901e-01,1.370654967669094892e-01,7.065501191712454665e-02,9.354136177789804107e-02,8.176827746793832730e-02,1.277333697928031697e-01,1.242924418281495663e-01,1.455888087830966571e-01,-2.066492407385227270e-01,-3.424712358293049430e-01,3.678506816115044431e-02,-8.237833541652380895e-03,-2.063261143952042909e-02,-9.158300091296844858e-02,-1.141546984993463826e-01,-2.355664201457543794e-01,3.410025275226397784e-02,-2.206825513101152714e-01,-7.328044773487618624e-02,6.511463486788064171e-03,-1.802457368738423493e-01,2.084584469802577833e-02,1.047857090743860992e-01,5.802306238554634232e-01,4.179042971858444588e-02,1.786447579086022364e-01,-1.389104165489747286e-02,2.672496121115581769e-01,-1.252021539542917672e-01,9.725315439707676868e-02,6.999897012508393690e-02,3.499336114927472652e-01,4.348638007801109984e-01,4.458440131798305783e-01,2.997593938121632662e-01,3.861639639825693582e-01,-1.056735716014699095e-01,1.311361584340939301e-01,2.861490648216617472e-01,3.308220383750021254e-01,1.558027246572868396e-01,2.225255701496083038e-01,3.510531137413880898e-01,1.921441050277263862e-01,6.236392981608623182e-02,-8.403008922327606656e-02,2.391155735440084473e-01,1.578461789315931119e-01,-9.031416040753172114e-02,-1.819157697760802606e-01,1.495795708436465921e-01,-1.169551139742722873e-01,-1.885149933619891804e-01,-4.972009048373900453e-01,-2.030594836391166058e-01,-5.038606761525143973e-01,-1.549799558981105885e-01,-1.760327204229130416e-01,-1.451974021865878595e-01,-1.625565094072101424e-01,-2.317470927582477025e-01,-2.472407621688918478e-01,2.034216163859335902e-01,-3.855217938475881678e-01,1.397253683515402023e-01,-1.880433989325786814e-01,1.674176973803965240e-01,-1.861930911813438339e-01,3.643890425631494262e-02,7.200229189233818550e-02,-8.786502513884731497e-03,5.571206298428445225e-02,-2.694870222159184148e-01,-2.155676457598226514e-01,4.078470619522107932e-03,9.654859065020265918e-02,-8.965087546270557317e-02,-1.104002368599640710e-01
-3.010805743244667626e-02,-3.665176026683632515e-01,2.523401675293326374e-01,1.290947157734089468e-01,6.545932765770414719e-01,5.547939428867654232e-01,1.753465850845493945e-01,1.291854446355297781e-01,0.000000000000000000e+00,5.956124620575059536e-01,5.904349732305872768e-03,6.023098379923515211e-02,2.334813488330706177e-01,1.228057778074940487e-01,5.381852244877556313e-01,2.952328307672826835e-01,-1.097527064056775664e-01,-1.974168996788727426e-01,-1.293623985502843909e-01,-1.824227424693746491e-01,-1.728294146048411570e-02,3.233177315130942447e-02,9.495233410628195481e-02,8.513909258505245048e-02,2.458077214199418936e-01,3.241981424373693299e-01,4.196414153349209974e-01,4.660146210907469833e-01,-1.157290982496438775e-01,-3.112201149704197922e-01,1.605182966684916834e-01,2.283001561922030076e-01,-1.198631333138071159e-01,-2.198437074184376172e-01,1.062834657155336676e-01,9.347380315301989651e-02,4.461309850113127223e-02,9.023834202973056440e-02,2.934422145740996912e-01,1.818229432798142420e-01,-1.175241701459121962e-01,1.744811692312449869e-01,-1.868665372373927713e-01,-4.714338981132368961e-02,-4.542462359842755482e-01,-3.251141378022568418e-01,7.662682273435257596e-02,4.483040747199259698e-03,-1.883392021356520285e-01,-2.060102625720877378e-01,-2.198901949569735115e-01,-1.958633773444496129e-01,-9.144735928317861140e-02,-3.596471202734207728e-01,4.855170243839827537e-01,2.505864564453114118e-01,-2.946995018608423167e-01,-6.019676633447572645e-01,-3.396321732943575200e-01,-1.770574459558127145e-01,-1.110608019136157532e-01,-7.836776583683710551e-02,-5.152997219576663235e-02,-1.074279190721918187e-01,1.425388410151259555e-01,1.141329401495504020e-01,-1.993134670374064332e-01,-2.665853375514520840e-01,-2.914466090022508893e-01,-3.344929454327208451e-01,2.471757795277288450e-01,2.886285565194516289e-01,-1.377869126728160643e-01,-1.730950699759428446e-01,2.967605157339007205e-01,-2.697237615133624700e-01,2.130594606928024604e-01,2.071426817216745764e-01,-1.362667856083306650e-01,-2.658568577881919581e-01,8.986486619429638611e-02,-9.784638766966470558e-02,3.386989523115375156e-01,1.387085020067612140e-01,3.678379707200187809e-01,2.128206951038580375e-01,3.853901323625548714e-01,2.175646140142606655e-01,6.129393149046443723e-01,2.460990003932442272e-01,-5.506581032466566911e-02,-2.001331801347697170e-01,-3.256287352459638629e-01,-3.076112694730571695e-01,2.201513963551225417e-01,-1.856169877374910515e-01,-2.797847103037275421e-02,-8.853045403484534337e-02,1.683910166987756252e-01,-1.489305271214627288e-02,-1.240480608973567184e-01,-1.921856480877656981e-01,4.556078609660784151e-01,3.135168299751858734e-01,-2.352471571580012216e-02,-3.851449080977008277e-02,1.768161517004742389e-01,4.466757627159665400e-01,7.385470472447537571e-02,2.585031056307782737e-01,1.014379594066186357e-01,2.321015190217193269e-01,1.553926416131787280e-01,4.091122523501723451e-01,3.022039075329186961e-02,-1.774790130032364577e-01
-2.116534178149726553e-01,-1.381840305177328976e-01,2.809774743524089957e-01,3.237136555986563913e-01,4.832779279212268131e-01,7.855473895731012179e-01,-3.470451664206406633e-02,3.473739447313411444e-01,5.956124620575059536e-01,0.000000000000000000e+00,-4.908595943399211153e-02,1.424445396374084960e-01,2.181359482351954426e-01,3.992882029398862054e-01,4.659905125354621980e-01,5.594770027588920058e-01,-4.041587935092913475e-01,-3.993395431619393143e-01,-1.497722830612817080e-01,-1.721514023661787629e-01,1.068680174681545421e-02,-4.281952803010092429e-02,2.083013452526173426e-01,3.511640108008945993e-01,3.943853375205256251e-01,5.449661998613114511e-01,4.345853657494699318e-01,4.894849060846387934e-01,-3.162919372039225685e-01,-1.965100785540460360e-01,2.113899986803069730e-01,2.226210934035025568e-01,-1.881811978819449560e-01,-1.672619952181834679e-01,2.022510255916458721e-01,1.623377538013502652e-01,7.169354027933126650e-02,1.988949989320038803e-01,2.356739723519520602e-01,4.037592867296400101e-01,8.588910811685171454e-02,2.298802875948711688e-01,-4.834854095031099717e-03,1.125719115568900586e-01,-1.611435861417474247e-01,-9.964866663731346275e-02,1.173270903230981127e-01,-9.780940549160324626e-02,-1.460914364114340169e-01,-1.561469326812436886e-01,-1.638128123966955396e-01,-1.455423675795407545e-01,-9.857867803301151310e-02,-3.905017993902436535e-01,4.894471008516657617e-01,1.457018576932302134e-01,-3.075190115734863228e-01,-3.164298658865107305e-01,-2.352359359070798628e-01,1.793166750627777153e-02,-4.499008544921728921e-03,2.007575028771328429e-01,-2.233296008764418805e-01,-1.094782672476103114e-01,2.849049100273448598e-01,1.738296669770416913e-01,-1.030398598958369855e-01,-2.834417106277505385e-02,-2.454974417747677884e-01,8.657241054888401011e-02,3.101562272754553318e-01,3.426723711073496048e-01,-1.092820536651793878e-01,-1.055875744852451947e-01,1.520247385927381567e-01,-1.818723145657043239e-01,6.170006412248866395e-02,1.545236952358306493e-01,-1.943273152599313269e-01,-1.175385459222598322e-01,-2.972954269388838693e-04,-6.223935787623473964e-02,3.256565972806070852e-01,-4.952295065027705230e-03,3.856623551253914872e-01,1.876917261095185363e-01,2.691600026988449912e-01,-2.940328569304745399e-02,5.824862264533315903e-01,2.055268765442643253e-01,2.479721443735483782e-02,-2.492946410969279769e-01,-2.358463909480897347e-01,-2.666895408125402600e-01,1.068555716634847774e-01,-8.575474159947783781e-02,1.479051644532785315e-01,-1.111615140089336068e-01,1.341520954444568314e-01,-9.630277235569471850e-02,-1.794243609827654920e-02,-1.043455885192160620e-01,4.109101583614070963e-01,2.294822725167225408e-01,3.172242916336304175e-01,2.335441602565291597e-01,2.032334082219934002e-01,4.513673230219912846e-01,1.209422681185542831e-01,1.345391037655019606e-01,1.025873769727669721e-01,1.392267398473758244e-01,2.158698612775288017e-01,3.905204080316902471e-01,3.418202659998947207e-02,-1.106175441146872579e-01
4.633571845049586635e-01,3.106192674637460183e-01,1.079968274939180767e-01,-2.827536456482427352e-01,1.321822707414772036e-01,-1.658053611145272888e-01,5.360279973012973542e-01,1.537209941431763038e-01,5.904349732305872768e-03,-4.908595943399211153e-02,0.000000000000000000e+00,5.879454587561366852e-01,7.519183122507716588e-01,5.017309429829300838e-01,1.545013961980521711e-01,2.199187607149972190e-01,2.548009184941696370e-01,3.309465347213514375e-01,6.636836896842042144e-01,4.371394990909466260e-01,-5.994508805808655000e-02,-1.900255143930497936e-01,-8.260511936008431422e-02,-1.676428258626790901e-01,-1.229596294911829840e-01,-3.290284998934074889e-01,-5.649010613048585649e-02,-4.104819195077774596e-02,4.126022375682670273e-01,2.181141312622063289e-01,-3.303665195439949714e-02,-9.332076455467293308e-02,1.789369629551234298e-01,3.115851353196631354e-02,-1.399540285854158073e-01,4.851888746127815122e-02,-1.686722549951691630e-01,-1.119660205898503208e-01,-3.164977250307949297e-01,-3.464370863766932929e-01,4.483879889360808252e-02,4.068801879135330868e-03,7.954748326864911900e-02,-9.583010132312599558e-03,1.450018136155495074e-01,-2.186542116001431377e-02,-1.592460252614566196e-01,-3.379644514462284283e-02,6.318735857970883552e-02,2.560398960428403314e-02,-6.427674919514617113e-02,-1.000826080683183544e-01,-8.079103559524015987e-02,-1.652627412972406673e-01,-3.198375868312988146e-01,-4.737744241827142599e-01,2.763614641255861537e-01,1.591765338121553242e-01,-1.897171137545856229e-02,-9.383939478980446447e-02,2.344269682803733212e-01,1.452305868615440809e-01,2.065498369929273104e-01,7.348758505811395225e-02,-1.656226603173927558e-01,-1.597196004644256262e-01,-7.110194293054154790e-02,-1.693432394417498377e-01,3.082935986743466361e-01,8.870423205952671086e-02,1.363525657320459050e-01,1.317945636362250761e-01,3.839064866504948714e-01,2.534312711626162118e-01,2.717667125882761159e-01,2.861869524054705405e-01,3.887799687887098510e-01,3.323814869866960064e-01,-2.469580767016454903e-01,2.476163974545346202e-01,2.274455511455584777e-01,2.718328600067335121e-01,-8.068230890803398947e-02,-5.045092541216195797e-02,-1.577023151416799829e-01,-3.241180639176516332e-01,-4.450952688717051825e-02,-9.612227312447445618e-03,-5.815361446006306334e-02,-5.686562429526775819e-01,-2.584055833677880720e-01,-3.931275477863516166e-01,-8.198524726645731175e-02,-2.165457251545394868e-01,6.126742032373562463e-02,-1.300976070690087194e-01,-3.250138258778413336e-01,-1.657478956045318752e-01,-1.822813211414937851e-01,-3.003387940653487465e-01,1.169033402026111723e-01,-3.408377808553686994e-01,-6.942369797178746249e-02,-3.445160238250886686e-01,-5.134549976564645180e-02,-3.082060814867974563e-01,5.709265237148363620e-02,-6.556387088135863517e-02,-2.617712257164809264e-01,2.187260368881352099e-02,-3.195887646243314451e-01,-2.600652098186154726e-01,-1.590369218846361676e-02,8.703894379489825195e-02,1.036934652495940662e-01,-4.266148794679803236e-01
4.384334750806969105e-01,3.353220273484320280e-01,-3.054368884887821989e-01,-2.738515509287421379e-01,7.320341525313033004e-02,2.034760698257014402e-02,6.576689880840363989e-02,4.225573008794968333e-01,6.023098379923515211e-02,1.424445396374084960e-01,5.879454587561366852e-01,0.000000000000000000e+00,4.453514577814770559e-01,6.786737306500774114e-01,6.305486020290311522e-02,3.161115384478320189e-01,2.846765257199843080e-01,3.462763983407305957e-01,2.292903366173554280e-01,3.359485047432971272e-01,-1.660710036052351068e-01,-2.123453595780255831e-01,-4.787424329811883483e-01,-3.752588839641838314e-01,-4.698719134454018564e-01,-4.307632379525738187e-01,-2.541734102817240770e-01,-9.525239402349738871e-02,3.871654815153379170e-01,2.284305566138539190e-01,-2.970673602185893158e-01,-2.889027255480158818e-01,-1.136707015880402682e-01,-2.783699728273203618e-03,-4.145076737863281346e-01,-1.042544879478772557e-01,-2.841228718448997048e-01,5.587167188009149570e-03,-1.241997195348397975e-01,-7.610922643205245142e-02,-1.475103207292950691e-01,1.128335349045100494e-01,1.333100831596006342e-01,1.818830720781906274e-01,2.370872185740601212e-01,3.286897627972218960e-01,2.712642834388944713e-01,1.883761258922650450e-01,4.485613027963926691e-01,3.744786151366039650e-01,2.728505846178541083e-01,3.508604175232681865e-01,1.246666883478051296e-01,-2.754709101940767124e-01,1.016964536403670294e-01,-1.793908826070258339e-02,1.498943223989071261e-01,3.592812513428568673e-03,-1.733822045250306074e-02,2.476113684988161812e-01,2.539888983431605740e-01,5.289526884225895786e-01,1.048888061077927064e-01,1.390080898386761576e-01,-5.211681355598474230e-01,-3.424152311892465165e-03,-2.937558351216825736e-01,-8.825848952511723688e-02,9.379413216048571034e-02,1.507221437189237012e-01,1.078744854126983677e-01,2.884917563187947096e-03,1.824324438007129123e-01,2.967548762949114849e-01,8.649567940014357692e-02,2.695966004301216801e-01,4.364460642311442928e-01,4.197056555444326209e-01,-1.549442595509846199e-01,2.426509008685744373e-01,4.141212095039959462e-01,2.514304404270041871e-01,-1.627683936755698335e-01,-5.789250377498599692e-02,-2.304980435427608776e-01,-1.778316826553492935e-01,-2.064839623625265852e-01,-1.216257478432983957e-02,2.679941332924481306e-02,-2.688750452887777587e-01,-1.865146181438094852e-01,-3.759407930626172956e-01,-1.941653424957385521e-01,-4.690477057752349133e-01,1.016477095108375556e-01,-8.347587474785035655e-02,-1.096253180143006156e-01,-7.305643739621639488e-02,-3.202610061969038413e-02,-1.756924004884735380e-01,4.105963730382257704e-01,-3.605986816097028202e-01,2.217586592389879929e-01,-3.297062341353253906e-02,2.385042875703739240e-01,-1.605703045051074251e-01,5.636613000269106305e-02,7.703145313292115992e-02,-9.230784815277068289e-02,1.392260706915993962e-01,-1.295168871845695235e-01,-4.157563410276429033e-02,2.168033973428049321e-01,2.014241262900486606e-01,2.104535849836065009e-01,-1.672416501170247427e-01
1.569574813921291723e-01,5.326957602581909590e-02,1.487882341426947364e-01,-2.292279099841328105e-01,4.033246631817426486e-01,1.143456266583524616e-01,6.219302843646524748e-01,1.521529556105614689e-01,2.334813488330706177e-01,2.181359482351954426e-01,7.519183122507716588e-01,4.453514577814770559e-01,0.000000000000000000e+00,4.400894566478486536e-01,2.018769837824623825e-01,2.157909043761526424e-01,2.819582481265927448e-02,4.108866702275369709e-02,4.516455100796291644e-01,8.743554054129355768e-02,2.126795023334369650e-01,-3.445947984333368186e-02,-6.478502571260455478e-02,-1.743890018102038295e-02,1.211563508072650563e-01,-2.093458777088953032e-02,2.787952656466409773e-01,2.458776538772222964e-01,2.861008402575515586e-01,9.625069746111554470e-02,-4.236092470006500021e-02,-1.126325164405243412e-01,-3.538993930745393257e-02,-2.738363777341393801e-01,1.004431916954788007e-01,2.969875436403195956e-01,9.293811540350441214e-02,1.341545650482930396e-01,-1.093498568447640595e-01,-1.782420794644721806e-01,4.503641254992331311e-02,3.300524144282831335e-02,1.508834770070407727e-01,1.242062485508296371e-01,5.697368673410384970e-02,-1.231816532204827869e-01,-1.914760584573656776e-01,1.416595087000918282e-02,-4.978281034081680906e-02,-1.270251066662908268e-01,-2.303489147191006559e-01,-2.529628197490173536e-01,-2.532837998787129119e-01,-2.349676420298796864e-01,-1.929830889260342464e-01,-1.996215743844627077e-01,-8.103715621747796527e-02,-2.183856324464298060e-01,-3.804839479882708986e-01,-3.367434626470919290e-01,1.039056013599614220e-01,1.644921538262369420e-01,-1.435965696534673430e-01,-2.070476936452017858e-01,-7.737232164690239014e-03,9.263560545779161992e-03,-9.747420853635958490e-03,-1.944409920698588479e-01,1.881400369973296460e-01,3.899829507379847654e-02,1.148903213230906412e-01,2.944548192252380847e-01,1.797978990700005164e-01,1.000461937700717063e-01,4.179122566657915705e-01,2.549839030262351369e-01,3.648914053609240704e-01,4.328985940988647751e-01,-1.345278854842861527e-01,1.509765307107004961e-01,1.491919778181628187e-01,2.886882471561938446e-01,1.762784951756574403e-01,1.593908291138580458e-01,5.066598146910209627e-02,-3.066066631866872297e-02,2.399427443203438481e-01,2.068099429648993792e-01,1.463875229607113360e-01,-2.976530779797132431e-01,-1.494180526401669706e-01,-2.663776555802908064e-01,-1.685394563978708238e-01,-1.491091491705824890e-01,2.706389607953612053e-01,2.819520685166162707e-02,-1.245979977857563231e-01,-8.986042855906475890e-02,-2.078403646836474439e-01,-3.064817586270872640e-01,2.475886637755066524e-02,-1.623822581836720513e-01,7.771820309519480996e-02,-1.546203106572660302e-01,1.070504854218962965e-01,3.433427933291655770e-02,2.359264070324698648e-01,2.486173210477559958e-01,-1.751367299702668301e-01,1.152461528464215207e-01,7.245234345373679878e-03,-1.781497270460001559e-01,1.852105271015998811e-01,2.810904991554485366e-01,2.124840487471682249e-01,-3.717256826191268626e-01
