0.000000000000000000e+00,7.549913298692685348e-01,3.494265932229008720e-01,9.687716768948974322e-02,-5.871850195372659703e-02,-1.198107019693292891e-01,9.771536946180529870e-02,1.591420248407002594e-02,7.828061189574082868e-03,2.698176348422159226e-03,3.420722311690416739e-01,4.824506158922058363e-01,1.696621014808284422e-01,1.501788241323061823e-01,-1.201046991987137491e-01,-3.826721737254373812e-02,4.091276934386265385e-01,4.943481776346171919e-01,6.859944886560997990e-01,6.725387813227996503e-01,-2.138188766680300668e-01,1.586002857602578919e-01,-4.829805436127877077e-02,3.908094551416072676e-02,-1.705832469982914434e-01,-1.168403159574161743e-01,-2.518554890534686619e-01,-1.203502375806174973e-01,2.004298004721873638e-01,2.335265864429386107e-01,2.383754659797505115e-01,1.525910412854878107e-01,5.806522081345792952e-01,5.251398121800679997e-01,-1.046446590119995967e-01,-2.161567352437106515e-01,-1.897709468610158934e-01,-1.448339408942884710e-01,-2.797695505585314213e-01,-1.800307179414942227e-01,-2.908089846275651036e-01,-3.166462817238416272e-01,-3.820269405811084762e-01,4.098743945706246478e-02,1.220376629536858992e-01,2.938936346772964003e-01,-1.815279645483289794e-01,2.181415073019880857e-02,-2.424036421596954035e-03,1.324114345047057162e-01,4.024363002662473959e-02,-9.224783031196713556e-02,-3.741131409766477733e-01,-3.597851962416047100e-01,-3.457080547430425588e-01,-2.164837503986142553e-01,7.579907957532476814e-01,7.076539870118310205e-01,1.726717148852548178e-01,1.277839743858962263e-01,3.959483349628359905e-01,2.415718176603623424e-01,3.346926823526677475e-01,3.683464736444647114e-01,-4.819889775403993562e-03,-1.179329905152663033e-02,5.982013756507174873e-02,9.865830532628938609e-02,5.905912868725750053e-01,4.860170277223504476e-01,-7.396000264232285848e-02,6.289427475138494039e-02,2.617488579839193363e-01,1.342756255100842067e-01,-1.331514971223939914e-01,-1.031166858128867020e-01,2.329939831472986334e-01,1.850819161632245580e-01,2.761007216375289119e-01,2.399182193742918912e-01,1.660979824110619951e-01,3.126687460033863442e-01,-1.103881488694951132e-02,1.670055429931900093e-01,8.091969635496905344e-02,-1.187832054544747384e-01,8.686345771142539585e-02,1.390063483126994723e-02,-1.809178353709774145e-01,-3.570365374971956052e-01,-3.772571942766677067e-01,-4.742209529960766390e-01,-3.804356039667817768e-01,-3.198822009658536247e-01,-2.035320411456258971e-01,1.333769581694700668e-01,2.416892083331091071e-03,5.839798282013664021e-02,-6.901335425349371111e-02,-2.966313270267013635e-01,1.116088222163811733e-01,-1.229543844900029825e-01,-1.555329967482199927e-01,-6.180222697115984876e-02,-3.719395527274435564e-01,-2.603093339164920250e-01,1.008111781380292005e-01,-8.618558450779491287e-02,2.393961803236585861e-01,8.079464441575541500e-02,-5.952068981336515463e-02,-2.155989305470690232e-02,-5.265663882806379537e-01,-3.871284750418854670e-01,-3.303633366862702703e-01,-2.649842303935917021e-01
7.549913298692685348e-01,0.000000000000000000e+00,2.585678010162061335e-01,2.851930839028154162e-03,5.020804392563311264e-02,3.304446064128424565e-02,1.688564046035235730e-02,7.346438998458929004e-02,4.838191390371528872e-03,-1.618684604041887576e-01,3.524310635516651469e-01,5.714982338059262368e-01,3.400545484407276331e-01,3.605269826037519887e-01,5.855744915377183307e-02,-2.606421262761597357e-01,3.178170280463950004e-01,5.363537251232199932e-01,7.020314692142403112e-01,5.200051241683774084e-01,-9.565895911933226803e-02,1.268529800970556454e-01,1.445282161863460091e-01,8.225805623680156053e-02,-9.271839065335193975e-02,-6.597469765117495999e-02,-9.921749093337149661e-02,8.828716578347789445e-02,2.383593973887533635e-01,3.143477400844010283e-01,3.554027555922695258e-01,2.670113305622439093e-01,5.878326025617801598e-01,5.583716592587871785e-01,-1.797270209955693365e-01,-3.218003787676635974e-01,-3.657295521370734215e-01,-3.017124827939636211e-01,-5.244917331751838274e-01,-8.918319322942135086e-02,-2.078302195904430938e-01,-1.952548664896358865e-01,-2.239047973343558651e-01,4.433723408496789004e-02,6.520905103871182940e-02,1.919969765221116176e-01,-5.607776472923392541e-02,7.483380805322990131e-03,1.140450589970950918e-01,1.163255488545125171e-01,8.842706157246413290e-02,-1.676759948452130333e-01,-1.268835408847102109e-01,-3.203977757273450133e-01,-1.075010884613147033e-01,-3.224428338203089162e-01,6.979955529890656818e-01,7.837144796893270593e-01,2.059209131229416123e-01,2.236587139717780004e-01,4.606837318338332099e-01,3.167010523976963587e-01,2.435030557076825197e-01,2.926433661341384940e-01,4.436979234219098900e-02,8.100790295962478904e-02,1.646887471377437781e-02,4.196658592379174518e-02,4.916256141654761214e-01,5.377769504403037137e-01,6.854930447676399474e-02,-5.939674558680368976e-02,1.392098159617091435e-01,2.747275619191691942e-01,6.549756183100756239e-03,-8.641584114869090005e-02,1.621560542345182876e-01,2.254043410928362363e-03,3.585145153735689316e-01,3.582118578772555129e-01,3.007621330448609909e-01,2.488560134173952443e-01,-1.552495365869886734e-02,-3.947493674494101032e-03,2.418541938629704124e-01,-2.869772576107487150e-01,1.632271048300144856e-01,-2.107766817068556786e-01,1.932357320779929388e-01,-4.342250551262710201e-01,-2.434782687492462461e-01,-5.041228192759107385e-01,-1.185271523050315801e-01,-4.592704603773192784e-01,-1.962683568360812925e-01,5.941809459720556047e-02,1.418404120126430246e-01,5.515724818235850924e-02,-7.508993333718121110e-02,-4.006630090864176097e-01,3.444868112732786813e-01,-1.830599855761615713e-01,4.046377658674370215e-02,-1.477101079575189324e-01,-3.786720807808708900e-01,-4.128937768042455492e-01,3.108055394246012765e-02,-2.588585580789138918e-01,2.362890086986251803e-01,8.973123279838056410e-02,-8.074812193748380496e-02,-1.650185476067904666e-01,-2.986051297256336889e-01,-1.758227291267230527e-02,-3.032253393951931941e-01,-2.092210764302327719e-01
3.494265932229008720e-01,2.585678010162061335e-01,0.000000000000000000e+00,6.928235682632469805e-01,1.478100624061671475e-01,2.979791497487570273e-02,6.871188536033584482e-01,4.839849657979173880e-01,8.758522884708078160e-02,1.039545054976648893e-03,2.323776942868875095e-01,1.516175774632487205e-01,3.782114773257124751e-01,3.586789429853767253e-01,-8.889766919563462169e-03,-1.254448785835340918e-02,1.337054869500948484e-01,5.314800283786413893e-02,3.798275252264727841e-01,4.089372701584079728e-01,5.181422433119980964e-02,2.032705411677181440e-01,6.399328060877266244e-01,7.052548267776551638e-01,2.229835889318213527e-01,1.736359504529231823e-01,4.812543073802889176e-02,7.747578131853453953e-02,-1.271838914061359550e-02,-5.385091172539263615e-02,3.878689462396119336e-01,3.418775112640347613e-01,2.584814920429029939e-01,3.078888818861357790e-01,-2.351416229905577415e-01,-2.060549325065333948e-01,-1.944412771766607928e-01,-1.092568632755930857e-01,-4.326330098975544880e-01,-1.510804438929070070e-01,-3.024236253244901307e-01,-2.695236213862264862e-01,-2.912843749870932530e-01,-3.920118745750844624e-02,-2.490601645888752547e-01,-8.754802363705829760e-02,-2.675142389098348339e-01,-1.600862708872290152e-01,-2.323478109393953550e-01,-2.359272310432923014e-01,-7.244213715324347713e-02,-1.405810491578709520e-01,-9.895673476326007079e-02,-2.628823874213526701e-01,-2.200684996287327611e-01,-4.194615505278621592e-01,6.540727399241444417e-02,-8.361971823362166585e-05,-2.915840764835690990e-01,-3.063102288563384068e-01,4.425433240575939176e-02,-1.506865361085303889e-01,1.314245683406949916e-01,-9.836650768868816785e-02,1.988324440257995263e-01,1.338694209531233470e-01,-1.809917750603455000e-01,-1.097676478505320991e-01,-1.236636280666103122e-01,-1.119062076654724069e-01,1.781425034070043545e-01,7.858747556705841797e-02,-5.881872363961389988e-02,-2.051896180904543357e-02,-2.034576552421411000e-01,-2.493033161186566371e-01,-2.596715401792841493e-02,-1.451076161612559756e-01,-1.970801173003478707e-02,5.533575842934066596e-02,-6.482158605579783905e-02,-8.263200289408679372e-03,-3.503867002211853432e-01,-2.604369979813285219e-01,6.933370960134814520e-02,-2.807137567730868533e-01,-3.169445439937957909e-01,-1.676707933046804322e-01,-6.764248474345503637e-02,-3.441475704126328305e-01,-1.954123589039279130e-01,-2.735291883882184916e-01,-1.451861797492609019e-01,-1.236808077155148317e-01,-2.304204712288346335e-01,-1.833717425076946961e-01,-1.146327985957196621e-01,-2.572779510193548558e-01,-1.191831402028943471e-01,-2.403686463521048922e-01,-7.987765360687441862e-02,-1.451952788575334163e-01,-3.624179324050612605e-01,-2.532429133979354763e-01,-2.747017744759459590e-01,-4.786574138175064275e-01,-1.891129083801149358e-01,-2.519712774912946651e-01,1.078907867597518888e-01,-1.016489482945858308e-01,-1.473328955566411969e-01,1.452653333075799164e-02,-2.327654217992389252e-01,-1.946192481774714628e-02,-2.047869397254611645e-01,6.988983638599309545e-02
9.687716768948974322e-02,2.851930839028154162e-03,6.928235682632469805e-01,0.000000000000000000e+00,1.197322038163479013e-01,4.783267125897849859e-02,6.280011275951215000e-01,7.636932472664977878e-01,5.781979376717736457e-02,1.428432827871053412e-01,2.044428691473437476e-01,2.020176296630847024e-01,2.661583865941787308e-01,3.928132607571702684e-01,3.580548812777505086e-02,2.971091798857549704e-01,-5.040030240130140282e-02,-5.050131985006438284e-02,2.970517236149307072e-01,4.350074256550228724e-01,4.481901672677407467e-02,1.415799115979871070e-01,4.992443111997360572e-01,7.539807036384440497e-01,1.471283134789066194e-01,2.992300882157397091e-01,2.844103461420156506e-02,1.099638449168008174e-02,-6.660292228302081008e-02,-2.515396355863971575e-02,3.856361167615761643e-01,4.108873591639312095e-01,6.720412828325372789e-02,1.864191161786278583e-01,-3.712620646098667154e-01,-2.165135961440650680e-01,-1.652152522534946488e-01,-1.792828499207090587e-01,-2.266240553571856886e-01,-3.037203352210919860e-01,-2.186745240381012256e-01,-2.132566155581223921e-01,-3.431735639305936725e-01,-1.344029409232657124e-01,-2.385809747694422056e-01,-1.614592638558146054e-01,-4.008673193953484204e-01,-2.331788152502005940e-01,-3.715984926053047532e-01,-2.883272731776527209e-01,-2.199662455309469300e-01,-7.501140614083459668e-02,-2.389150367262180830e-01,-2.433911446069513818e-01,-4.349536618509496910e-01,-3.922173769189225001e-01,-3.192670161012143293e-01,-2.830747013769144282e-01,-4.857421840418522652e-01,-4.626099847510194429e-01,-1.867882513165694258e-01,-1.563944710403489813e-01,-2.053672506943944945e-02,-1.539092530315331817e-02,-6.828021340851432586e-02,5.245779436512781196e-02,-3.769697871460807037e-01,-2.729082079964346153e-01,-2.078813998329746282e-01,-2.947104651142495868e-01,1.493202911243496356e-01,1.685662622554796319e-01,-9.265536671359551890e-02,-1.513874188928288587e-02,-2.397777948896448186e-01,-1.906844447548444454e-01,-1.557553238145373553e-01,-1.268450324130934725e-01,-1.993172365488168896e-01,-1.498349962468084051e-01,-3.007771131974196210e-01,-9.528238440354935834e-02,-3.622339469203638695e-01,-1.362945890159629192e-01,-2.874935635108224474e-01,-1.239289789939736763e-01,-3.229337650261609460e-01,-3.848271284727781266e-02,-3.778143427257096842e-01,-2.382078679589680892e-01,-2.158248963107329277e-01,-2.446515885184793182e-01,-2.099892901177008997e-01,-1.851260324349671693e-01,-2.885405378382335795e-01,-9.630318889227949819e-02,-2.215414677318122971e-01,-3.038279726658076330e-01,-5.589474401501581119e-02,-1.834910512920742698e-01,-1.778810613848471889e-01,-3.151452941989273393e-01,-4.084911083400857845e-01,-3.142698950622728749e-01,-6.598381296219736625e-02,-2.808063798313868986e-01,-1.946714759294849162e-01,-2.442653517989936129e-01,7.702644808006869903e-02,-9.850921368265674882e-02,-2.905083010772362972e-01,-1.043730972941493695e-01,-3.633763373357750681e-01,-1.191346693463781609e-01,7.214821027222495520e-02,1.573191853670155571e-01
-5.871850195372659703e-02,5.020804392563311264e-02,1.478100624061671475e-01,1.197322038163479013e-01,0.000000000000000000e+00,8.692633543793426565e-01,3.723461456512426326e-01,1.978369884379493071e-01,6.394575698192646040e-01,5.405925038046818232e-01,-5.901394460624843213e-02,-5.297031572863358795e-02,3.500553892142382328e-01,2.232003545539697487e-01,7.063715688586141850e-01,5.526105548791959698e-02,-9.222292258528162756e-02,-1.109528074717396895e-01,-8.778257839048711486e-02,-1.293817351293090889e-01,4.304283579255892001e-01,2.410864268646062125e-01,2.738951152093296870e-01,4.041331807651442620e-01,5.839235319834393811e-01,6.890961958733410331e-01,6.344825788756078833e-01,7.644575073918287167e-01,-2.682818491295863722e-02,2.151535752987646793e-02,4.754970747911019258e-01,5.038414552184750095e-01,-1.541871199999618747e-01,-3.022303646768418131e-02,-5.317581774070237466e-02,1.035417982169767465e-01,8.883256513495715878e-02,5.823877775878667784e-02,1.490040623313114432e-03,9.549424983140857026e-02,-5.654000325535848970e-02,1.176016468693026340e-01,-1.471702225194892744e-01,-2.818683916455684280e-01,-2.309947294491738468e-01,-3.150541567894990513e-01,-2.764074755056650234e-01,-3.953637747151109161e-01,-4.783895811340490023e-01,-5.704858863816842929e-01,-2.191587741464608996e-01,-2.099582942216471626e-01,-5.555717720702255114e-02,-2.110983936783782378e-01,-1.505767982106930893e-02,-3.121448296762663333e-01,-1.847506046732640406e-01,-2.211268287582764114e-01,-4.124945904215184256e-01,-3.909900822284494426e-01,-2.557197491062445649e-01,-2.495205320346465250e-01,-1.865362675507624968e-01,-2.676727236008196176e-01,7.047740509125940966e-02,5.391220071432484273e-02,-7.936589552074167775e-02,5.820804245042581621e-02,-2.037582773213174880e-01,-5.764668766215551299e-02,2.952631045512949526e-01,1.055397486538181551e-01,-1.066198920723282900e-01,1.053245436730017720e-01,1.609254224850089482e-02,-8.960451287050814895e-02,-2.745919854118489788e-03,-1.850756448534254250e-01,-5.333272375283500122e-02,-6.372398735517610657e-02,-2.546959734831784616e-01,-2.224091524861991076e-01,-2.202813804007831833e-01,-2.780732280047009120e-01,-1.766891877779434850e-02,-2.438373051915836698e-01,1.640920000868006934e-01,-9.081217835966763630e-02,2.455905772442747714e-01,-7.210987260001798516e-02,-1.525155926578528054e-01,-3.037241187582776641e-02,-9.871649471228773065e-02,-3.412721473240148268e-02,-9.651557302457909604e-02,-4.049771772846735146e-02,1.738843915677135421e-01,1.319603830087287023e-02,-8.859918412263936838e-02,-1.977329602093905458e-01,1.003928188055113468e-01,-3.049625150903381154e-01,-3.438212223655229705e-03,-3.612128590852712873e-01,7.301955897528616957e-02,-3.398434419015174401e-01,1.532360077027087319e-01,-8.545311699379219694e-02,-7.116817189102817021e-02,-1.095682382400864872e-02,1.281521093861397176e-02,-3.285063812138270256e-01,-5.544630093101041851e-02,2.070791047461189582e-01,1.421255778733101494e-01,-2.559692525123341902e-02
-1.198107019693292891e-01,3.304446064128424565e-02,2.979791497487570273e-02,4.783267125897849859e-02,8.692633543793426565e-01,0.000000000000000000e+00,1.808909830619692960e-01,1.572514709718984827e-01,6.008509522315058637e-01,5.721281864682158380e-01,-1.633675622803319460e-01,-8.953059308401072058e-02,1.931853242980514085e-01,3.058839297433802451e-01,5.993161395742068187e-01,1.352687414085735063e-01,-2.142714764667979221e-01,-1.717497799693992466e-01,-1.374753595410760920e-01,-2.269871704085094644e-01,4.599402460022818939e-01,3.179527338748262544e-01,1.836237948408955822e-01,2.863754164198740737e-01,4.881612573919864584e-01,5.860089153638913251e-01,7.282372039234414896e-01,7.850850143795856662e-01,-6.005367570835565272e-02,-6.542965069454877158e-02,3.446605852938542380e-01,3.236757805899463936e-01,-1.593563979406339426e-01,-7.271185176322966792e-02,-2.745657877464286953e-02,1.260821949507353046e-01,5.279335023678650984e-02,7.888901253671977420e-02,-7.103625282634540468e-03,1.612596026452358389e-01,5.164438825467709132e-02,2.088631241093014956e-01,-2.280066360364443184e-02,-2.257313963741537921e-01,-1.914846355842210746e-01,-2.214310490130941000e-01,-2.276284353439033126e-01,-4.060151503389885508e-01,-4.513293003699009320e-01,-5.946713006637223131e-01,-2.813295745537860992e-01,-3.108213539328110175e-01,-7.037400532941359699e-02,-1.423926637594515598e-01,1.715688735896618577e-02,-2.151801823040239425e-01,-2.427688543341243177e-01,-2.582193413001165339e-01,-4.285080973671407389e-01,-3.836440673952687397e-01,-2.032074151724420075e-01,-2.618864929002811537e-01,-1.610403613514432286e-01,-3.192741052537992341e-01,1.446448723577032081e-01,8.220142256596289776e-02,-2.154926996391833688e-02,1.617539944132145302e-01,-2.198995754066226660e-01,-2.887101240454801807e-02,2.752274088483384618e-01,5.790720998445186146e-02,-7.485024449555501003e-02,7.548884340256718783e-02,2.498207882894479259e-02,-7.256437830219603091e-02,-5.808942754702232231e-02,-2.244451574600482002e-01,-8.190604611378056454e-02,-1.101812447063539070e-02,-1.930726690692283753e-01,-1.076356779114568535e-01,-2.821072874353461324e-01,-2.118167281015710113e-01,-2.226798337598383162e-03,-1.060316403976004768e-01,-1.056512890030827934e-02,-8.941950278912198791e-02,2.738575171457544588e-01,9.636907654347920404e-02,-2.020480726806425376e-01,-1.145494493122100749e-01,-9.882332046514148705e-02,4.923528030103980352e-02,2.577357410626866102e-02,6.754489392604310846e-03,1.660890773217286176e-01,1.436894513064808365e-01,-1.559775958656667016e-01,-2.927400387137780169e-01,1.135234505959949597e-01,-2.232796350767885518e-01,-2.151171281293930496e-02,-3.817536410270252478e-01,-4.118282889944532149e-02,-4.044592470254309013e-01,-2.399514034001849067e-02,5.011703023918474137e-02,-2.646094109900893818e-02,2.015642157249623520e-02,4.582663411092784828e-02,-3.444649108774948121e-01,-5.597375174405541665e-02,2.315843088251857973e-01,-4.750353190637646855e-02,-8.510140114865459571e-02
9.771536946180529870e-02,1.688564046035235730e-02,6.871188536033584482e-01,6.280011275951215000e-01,3.723461456512426326e-01,1.808909830619692960e-01,0.000000000000000000e+00,6.830226671493576651e-01,2.241858686626054253e-01,8.592954847744074809e-02,3.312221227284448677e-01,7.037801680794406045e-02,5.947740292139990226e-01,2.264886976437559540e-01,2.687890149397871298e-01,-5.676441390755464916e-02,-1.231226355999936461e-01,-2.571714965412690845e-01,1.398687839215049800e-01,2.652937559736134321e-01,1.179976835312323280e-01,5.632402696630998962e-02,5.375010883923657667e-01,6.202665495426263886e-01,1.424620061732757015e-01,2.629248768438535722e-01,1.492481946059126541e-02,1.213847384667107038e-01,-1.243283891804399244e-01,-1.213087495592401616e-01,3.723915774832535774e-01,4.071329773093822491e-01,8.151743051849381916e-02,2.477523464549858390e-01,-1.816096176888029948e-02,5.075342532544759727e-02,-1.016847338883822283e-01,-1.999528875191810551e-01,-2.227685464678145211e-01,-3.470854897459843547e-01,-2.848385625781213459e-01,-2.313391698284306686e-01,-1.776730171692221250e-01,-3.311026340596827378e-02,-1.602604346518691769e-01,-1.614579117971921551e-01,-2.070970949682680862e-01,-8.673438736712227315e-02,-1.282430587385589571e-01,-1.465363909519603602e-01,-1.534609236883051342e-02,3.035005317874683514e-02,3.707959554580737144e-02,-2.650320449659852584e-01,-2.346245016296849006e-01,-5.206463038013809941e-01,-2.486592136145908405e-01,-2.958415033709098085e-01,-2.093688791653716963e-01,-1.867662856960635442e-01,-1.307802918751675147e-01,-5.308602991688885636e-02,-3.078686224862045920e-02,-1.554111180784593649e-01,-5.361159902500512581e-02,-3.207543415151997701e-02,-2.125515799150632379e-01,-1.829804144668065180e-01,-3.151335814450970663e-01,-2.312323847996587967e-01,2.474321592271779002e-01,6.700275274300133976e-02,-1.567286647605294625e-01,7.513004080707572996e-05,-1.668883008735129458e-01,-2.163496007900230222e-01,1.843207368842538635e-02,-7.792387069691718293e-02,-3.284940867089017336e-01,-3.092838061774082492e-01,-3.670191483738660110e-01,-4.036157412632933594e-01,-3.644400247667320403e-01,-4.425298754011425251e-01,-1.508000814432703951e-01,-4.557819712605569173e-01,4.358444943028929458e-02,-1.254778830189910155e-01,-3.983640515601773180e-02,-3.859224068841051736e-01,1.035042161029072899e-01,5.993984340260329752e-02,-8.100152009589031699e-02,-1.189337389996272115e-02,-2.258039861079768618e-01,-3.108699310848903052e-01,3.938348835290891164e-02,-4.225157372858767135e-01,2.932500101251348523e-01,6.206630992018943166e-02,-3.589185825679114955e-02,-1.504417673848925940e-01,-2.255420985697664249e-01,-1.664528902901687979e-01,-5.105720138188643564e-02,-3.200693387261300260e-01,-1.784951150920869797e-02,-2.957416281403257852e-01,5.844989264494476061e-02,-4.208107289815361807e-02,7.004506836345891774e-02,1.201579907313414936e-01,-5.377316208065895109e-02,-1.102289987843180219e-02,5.630711009934477596e-02,2.704814203855149257e-02
1.591420248407002594e-02,7.346438998458929004e-02,4.839849657979173880e-01,7.636932472664977878e-01,1.978369884379493071e-01,1.572514709718984827e-01,6.830226671493576651e-01,0.000000000000000000e+00,9.636523034225691342e-02,7.433989319555481257e-02,3.689975838849536283e-01,3.521613298459037034e-01,5.497940654873039179e-01,4.808807873517591536e-01,2.006010479924605072e-01,1.669515816968878685e-01,-2.744185963055862376e-01,-2.113809323757500913e-01,3.219677872925109097e-01,3.249172939257110593e-01,-6.796888772162819337e-02,-5.289735926157590126e-03,5.172700516967797535e-01,6.265973714498931368e-01,9.190342235923260744e-03,2.324960098878807169e-01,2.357813720364516918e-02,8.995103549284520772e-02,-1.100764164550186858e-01,-3.915010158437107896e-02,3.888090442956708692e-01,3.707681282085290020e-01,2.116695313948656065e-01,3.406894253685842644e-01,-1.942866986627379000e-01,-9.993357155785141666e-02,-4.151098268925101364e-01,-4.537269158103817701e-01,-3.821854686248445376e-01,-5.340112082651243819e-01,-3.263476459093872517e-01,-3.122478660704143816e-01,-1.159072773444517757e-01,3.779833126289952605e-02,-2.961730654229688953e-01,-2.062919185793714860e-01,-2.085104862732674036e-01,-7.576502274272886583e-02,-1.711245126157407148e-01,-1.557685721788845956e-01,-1.332754888186423736e-01,-1.419632856625248074e-01,-5.853615028887248356e-02,-2.016164106311412463e-01,-4.277627226240154346e-01,-4.889251105925377927e-01,-4.205852582579859833e-01,-2.660881532783785364e-01,-2.654697147528221612e-01,-2.101921339109698306e-01,8.762278300291316546e-02,2.478216778071999915e-01,-2.755890349315361781e-02,9.919422440119358975e-02,-1.754308400101885906e-02,1.171821753037798342e-01,-3.445660908821873147e-01,-3.582335139617980890e-01,-2.855923528222808483e-01,-2.634355775142657730e-01,2.989627220997757018e-01,1.789232324700111565e-01,-2.923856712185494630e-02,1.900544965190956448e-01,-2.138835783721184103e-01,-2.506126114129135773e-01,-1.010021788906898810e-01,-4.117100899786172580e-02,-3.262312737074546387e-01,-2.488308358211215321e-01,-3.874558248819237605e-01,-2.412477146384728877e-01,-4.913842257811171788e-01,-3.490744643473508990e-01,-1.970595032805987912e-01,-1.982707112525909920e-01,-2.217264751816874768e-01,-2.895495320321411770e-01,-1.989812957324816334e-01,-2.801288452600964596e-01,-5.344154246620591575e-02,-2.383080931375061440e-01,2.101048630906717993e-02,-2.838842960260336556e-01,-2.009048683353448772e-01,-1.320236155141911172e-01,-2.749712425951321426e-02,-4.134741084562756908e-01,8.023821538446827828e-02,-1.735109333259497455e-01,9.968123960489401469e-02,-2.972675278020094347e-01,-2.503448750623910035e-01,-3.513999066728231147e-01,-1.744119990525613839e-01,-3.623317421973434871e-01,-2.009534653071094745e-01,-4.271654773357107526e-01,7.349392126521932245e-02,4.417093586772097465e-03,-1.766006377526280202e-01,2.636622758279469694e-02,-1.631556323548649934e-01,-4.174952659263457544e-02,-1.437412840135309650e-02,1.918178116294271818e-01
7.828061189574082868e-03,4.838191390371528872e-03,8.758522884708078160e-02,5.781979376717736457e-02,6.394575698192646040e-01,6.008509522315058637e-01,2.241858686626054253e-01,9.636523034225691342e-02,0.000000000000000000e+00,8.476449732547902682e-01,6.936134574303959473e-03,-1.501466255570959030e-01,1.857475632352774964e-01,1.025443810372994730e-01,4.355007217741946324e-01,-2.332765025001971304e-01,-2.975154147025355078e-02,-8.381026495571129720e-02,-4.529043213736914236e-02,-5.140747686367992675e-02,8.408491672248036286e-02,5.210625229731609409e-02,1.634987071633141054e-01,2.557598574928916513e-01,1.609263468694307198e-01,1.661256439519405714e-01,1.557880472176799980e-01,2.777937704612633563e-01,-4.482384715057748797e-02,2.838747634057359540e-02,8.135788624663727042e-02,1.259303459744511577e-01,-1.881547117465345031e-01,-2.171379907236941631e-01,-4.204330963284490935e-02,4.402906033998812280e-02,-1.324923167270287416e-01,1.777590089978289822e-02,-1.378297476693763901e-01,-8.546174696326608311e-02,-2.090744508957566861e-01,-9.967666160118207608e-02,2.608763190821273420e-02,-4.840123124942749544e-02,-5.060585754855266571e-02,-1.320858731982989531e-01,-2.520808743600857493e-01,-1.760752985994420428e-01,-3.214304221341582335e-01,-4.296694199278036641e-01,-1.240523754478720930e-01,-2.222814202266207573e-01,-1.512317927877769932e-02,-5.049229640830160681e-02,-1.359953202313348986e-01,-2.532004527732290566e-01,-5.539160129118775311e-02,-7.419300627760813671e-02,-1.711125825707046633e-01,-2.780055997931122347e-01,4.851300315260936163e-02,-2.780309557771941387e-02,1.793878265871593630e-02,-5.936515695688486527e-02,3.650091282256317515e-01,3.553150255669492164e-01,1.756222152200228315e-01,3.004591482615300846e-01,-6.543602313182468599e-02,-6.490396339383450175e-02,-7.789338760311685650e-02,-1.935529832742587664e-01,6.886744287470634995e-02,1.278961917313720387e-01,-4.050462723316347602e-02,-1.424010090356966629e-01,-4.396766811621184018e-02,-1.911249714092686236e-01,2.645253850683102967e-02,-6.673899724006905620e-02,-1.206695651357062998e-01,-1.000963907948612952e-01,-2.482392306701291795e-01,-1.280057852133041907e-01,1.622254771091763692e-01,-1.537577508587217034e-01,1.979985641657372175e-01,-6.049758453674834030e-02,1.057331080033559190e-01,-9.596620322629302591e-02,-1.011834175251506568e-01,-2.448041975109218477e-02,9.340087856648535136e-02,1.526591090593610311e-01,-1.490432251439786637e-01,6.544411605068102544e-02,1.563764942752560450e-01,-4.977303749554935763e-02,-1.856023639443892259e-01,-2.881591495971841583e-04,2.933657979035030894e-01,7.789066470418772037e-02,2.598758411705460736e-01,7.593588869392652041e-02,-1.204638479991649615e-02,-1.671866091603799176e-01,2.831904704142224408e-02,-1.927881710492455186e-02,4.506770110131758794e-02,1.746255714140731718e-01,-7.226680050563116797e-02,-2.730046460909120176e-01,-2.027942636149613134e-02,6.182614853933934840e-02,-4.484342696171880055e-02,2.262129128940631312e-02
2.698176348422159226e-03,-1.618684604041887576e-01,1.039545054976648893e-03,1.428432827871053412e-01,5.405925038046818232e-01,5.721281864682158380e-01,8.592954847744074809e-02,7.433989319555481257e-02,8.476449732547902682e-01,0.000000000000000000e+00,-1.044378065300973074e-01,-9.382878589102824907e-02,9.599014482933765358e-03,1.396808984343373694e-01,3.674687196500076580e-01,1.983829824359207572e-01,5.398954872690308118e-03,-5.241231198432640820e-02,-7.353683913382587367e-02,-4.782295667640153874e-02,1.346652881202817786e-01,1.067436398719872614e-01,1.581020886063338668e-02,1.987625076063005980e-01,1.170893833923714600e-01,1.951953509832496936e-01,2.058899968026451643e-01,1.954839883165982173e-01,1.966136562565390378e-02,4.933196337349998739e-02,3.566405750581048278e-02,1.054793976103362702e-01,-2.115641820206092261e-01,-2.202165758537725226e-01,-8.076480005182304356e-02,6.501540874749046905e-02,1.269264446844210227e-02,1.810547578467146812e-01,6.029115603219679931e-02,-8.678107148397441739e-02,-1.022813589960235997e-01,-6.062043729357941696e-02,-3.886144163512714883e-02,-1.152510552168650726e-01,-4.455245818414758224e-02,-1.079418626278686316e-01,-3.724603110187675314e-01,-2.212793737243197167e-01,-5.033810097200546174e-01,-4.498554383054828021e-01,-3.516565947980184736e-01,-2.839382670497745953e-01,-2.630649237036732369e-01,-5.791544191832579541e-02,-3.577690133540327722e-01,-7.760244423491788335e-02,-1.741320811607628416e-01,-1.799714457496512654e-01,-3.598111610321581555e-01,-4.153383595907300108e-01,-1.043441074039017369e-01,-1.100077266299201578e-01,1.365177710327700189e-01,4.123844452210106808e-03,3.188879127707412997e-01,2.404638481400744321e-01,9.065595978276300149e-02,2.370019918179075424e-01,-5.281047891999994526e-02,-1.070693788056734097e-01,-2.065453226014129506e-01,-4.207842359555864081e-02,7.550590696723866180e-02,3.125020658858070760e-02,-5.777339863554666055e-02,-1.995733595556610507e-02,-8.963450036202369464e-02,-9.604882372550482827e-02,-1.950856962696008792e-03,-1.530525946728146514e-02,-2.212246474187332390e-01,8.863059939263961962e-02,-1.804525922473201316e-01,1.683514514715042099e-01,-6.801333549090395059e-02,1.799368669146327593e-01,8.846928095992055707e-02,2.328096638921530737e-01,-1.915605073113359480e-01,1.593058466975629528e-01,-2.878438758787035812e-01,-9.070453247102400196e-02,-1.751370527130713117e-01,1.856150383043898011e-01,-4.808017222672913982e-02,1.820454215726043656e-01,6.187446852955347243e-02,1.492274323307671291e-01,-2.781569428286260193e-01,-6.416344690055235389e-02,-4.378845704403479906e-04,-1.654475169460206674e-02,2.330352539291809591e-02,1.228942367753911753e-02,9.170783377823099256e-03,-7.888136770630518879e-02,-3.663107215394138111e-02,2.283322017523014558e-01,-6.880798478328629952e-02,8.688429284626801585e-02,-8.807895767398374320e-02,-2.483186616812471659e-01,-1.932664310831613830e-01,-1.488069830144686523e-01,-6.888793516041574749e-02,1.227217698192639705e-02
3.420722311690416739e-01,3.524310635516651469e-01,2.323776942868875095e-01,2.044428691473437476e-01,-5.901394460624843213e-02,-1.633675622803319460e-01,3.312221227284448677e-01,3.689975838849536283e-01,6.936134574303959473e-03,-1.044378065300973074e-01,0.000000000000000000e+00,5.162348314543646621e-01,5.926320682485456404e-01,2.757228121528999543e-01,7.708422789547615672e-02,-9.238714458186599032e-02,4.374080006590846392e-01,3.141181967835919298e-01,3.245205480751826022e-01,4.075055736183219035e-01,-2.192031668100075381e-01,6.835332580741743103e-02,2.146304548651190025e-01,2.264823154151357487e-01,-2.466514113170231726e-01,-4.713766950345699841e-02,-3.642250256674532394e-01,-2.386494269090182474e-01,4.370392962848546059e-01,4.158684319160979581e-01,3.815510111131283910e-01,3.382882200025751906e-01,3.871666442084830129e-01,4.224164604576031157e-01,-2.403519725622038916e-01,-3.549077819942456080e-01,-2.515268932725792106e-01,-3.787771617109547684e-01,-2.997950600760760920e-01,-3.801359196347909863e-01,-5.937323120678441452e-02,-1.892003758896195487e-01,-3.441598011058192852e-01,-2.025704207779936983e-01,-3.341295739882562121e-01,-3.207210034262383269e-01,-1.214619621282242712e-01,-1.032519050420714901e-01,-4.002362700279463864e-02,1.093380994080565133e-01,3.616303941650048787e-02,-1.372476633113878797e-01,-6.420537725631594861e-02,-3.080524281398746567e-01,-1.426326845043108527e-01,-3.707078191469385664e-01,2.368080829324270831e-01,2.497675514921202378e-01,5.870770757162000614e-02,6.545472598174729983e-02,3.895276533037350664e-01,3.525977722381090640e-01,3.839011278255266002e-01,3.442119110572680607e-01,-1.807023425464493183e-01,-4.175027363787395945e-02,-4.765407641195689159e-01,-5.065657881989653610e-01,1.232703080599543283e-01,6.387759762283014286e-02,8.392770188492684746e-02,5.051096089459388566e-02,1.877692917640617909e-01,3.599927120974504291e-01,6.788962442636939376e-02,-1.234035879289467758e-01,-3.353497121114135116e-02,-5.250992088028341026e-02,2.985967312042803745e-01,1.220368682846148800e-01,2.716062169042100516e-01,7.121817602885133214e-02,6.271451133228618524e-02,-1.356737023089630602e-02,8.191311923098260062e-02,-1.775556403906730918e-01,2.164013249990916488e-01,-6.287467045874281513e-02,-8.605030992129851508e-02,-3.760175256595553739e-01,-1.764670192488770883e-01,-3.926995193244793292e-01,-1.536723285708291586e-01,-4.970370030082951196e-01,-2.311774395291197326e-01,1.216700085562053973e-01,1.206349943269692387e-01,-2.109723943206158747e-01,-9.272106204280833319e-02,-1.558429931678268487e-01,1.583653630423375591e-01,-3.195092800100426400e-01,-3.436205923934248369e-02,-6.911766612121222897e-02,-7.538308468851032118e-02,-1.890978835837267003e-01,-5.284920414781226622e-02,-1.871889780851433149e-01,3.082390410631557498e-01,2.043067098282020377e-01,-2.030105467450223633e-01,1.077084603393921140e-02,-1.652303826550187982e-01,1.186206549425519868e-01,-8.397844816799417134e-02,1.784407666754775634e-01
4.824506158922058363e-01,5.714982338059262368e-01,1.516175774632487205e-01,2.020176296630847024e-01,-5.297031572863358795e-02,-8.953059308401072058e-02,7.037801680794406045e-02,3.521613298459037034e-01,-1.501466255570959030e-01,-9.382878589102824907e-02,5.162348314543646621e-01,0.000000000000000000e+00,4.180634083875977014e-01,6.899320189391013880e-01,1.341935196685492375e-02,1.906694268326976083e-01,2.335658308181697007e-01,4.529430221568348514e-01,6.604269831905157373e-01,5.598503305329609603e-01,-1.719873195817706313e-01,6.816361860978366327e-02,1.787495684307657817e-01,2.506171762256473867e-01,-1.010536058484957644e-01,8.984467870277182411e-02,-1.356844900737901871e-01,-2.539022141269398070e-02,3.675995314076115350e-01,5.283275903378950034e-01,4.961634494772818038e-01,4.971362072918703023e-01,5.823469321054064451e-01,6.081419840110454667e-01,-3.329745619265455092e-01,-3.731162071349656828e-01,-3.140159122587597440e-01,-1.711331507202996371e-01,-3.544090116582941374e-01,-2.682467265776815046e-01,-1.911578939468965010e-01,-1.706335095607430241e-01,-2.700691540768897503e-01,1.292004501380627146e-03,-1.728649099385008991e-01,-8.043725287424965389e-04,-1.944520182722102031e-01,-3.812894608812896630e-02,-1.168956709134065103e-01,1.362050308022702272e-01,-1.692477531058644846e-01,-1.916178028556654311e-01,-1.929844281204263212e-01,-3.429962747175021032e-01,-3.827126433736841027e-01,-3.283087533389532076e-01,2.576624111853863530e-01,4.409816912841922343e-01,4.737543418419508379e-02,1.392967510277020315e-01,2.893181456797883633e-01,4.390290098833625754e-01,3.182703264575454383e-01,5.423709271277279420e-01,-1.097687414967158104e-01,4.324786573512360427e-02,-2.979246800856816813e-01,-2.743813988688820760e-01,3.058723509649298178e-01,2.197147254080963064e-01,7.375535876565292304e-02,1.909206126594230613e-01,2.975270451235624836e-01,5.356509962035683747e-01,-8.650491106944468642e-03,2.749070306116005447e-02,5.195157195761586355e-02,1.527518911958679337e-01,2.503741515151429731e-01,1.208534593917658384e-01,5.742274089789801972e-02,2.805367178397750738e-01,-5.598407883891958620e-02,1.928072442982352586e-01,-9.425593871440732241e-02,2.796473079282078486e-02,3.468915727703705126e-02,3.748414760885782071e-02,-2.530419459701706564e-01,-3.384931638877531346e-01,-2.554045207380434279e-01,-4.003881135388615009e-01,-2.729901663538850110e-01,-5.327929157186545028e-01,-2.434886497217136070e-01,6.514227148054364813e-02,3.233252018584644588e-02,-3.277970933467812958e-02,-1.658142421177235259e-01,-3.979385476332200078e-01,1.546568169479236449e-02,-4.663539693798181562e-01,-1.359106703351517509e-01,-2.916947901930095899e-01,-1.442301865689576690e-01,-2.400532672931899869e-01,-9.812037656650855755e-02,-1.211586558973727912e-01,1.373786372875603068e-01,1.474672474508745001e-01,-1.146996206508806432e-01,-1.495117188382884266e-01,-3.670668697399643299e-01,-1.179156140666274138e-01,-6.286551948274544943e-02,5.622649864483142412e-02
1.696621014808284422e-01,3.400545484407276331e-01,3.782114773257124751e-01,2.661583865941787308e-01,3.500553892142382328e-01,1.931853242980514085e-01,5.947740292139990226e-01,5.497940654873039179e-01,1.857475632352774964e-01,9.599014482933765358e-03,5.926320682485456404e-01,4.180634083875977014e-01,0.000000000000000000e+00,5.161637922518292898e-01,4.848617765130317503e-01,-6.226678542288065221e-02,2.231307816140775946e-01,9.641730356728016316e-02,3.135796359801850675e-01,3.192602499792882020e-01,9.711034530011274091e-02,1.532325699130318575e-01,4.253353500174247848e-01,4.975193291347435598e-01,-2.550707995105219034e-02,2.160039024564728016e-01,-1.166994362423768306e-01,6.187377210607021560e-02,2.358188364817875582e-01,2.915432696419694159e-01,4.680791384257690368e-01,4.954238609498682888e-01,2.509629789341206729e-01,4.260095259081515540e-01,-2.378862756143942103e-01,-2.494057548404527702e-01,-1.731336321619222351e-01,-3.091081893228384558e-01,-3.788797336472478072e-01,-3.149357227404030457e-01,-1.163345300553831341e-01,-1.399401352770188456e-01,-1.909069914148226743e-01,-6.968722193006469945e-02,-3.363302215877235768e-01,-3.202849748407189945e-01,-2.680248959397640296e-01,-2.284594583238035159e-01,-1.625023545679697701e-01,-1.182299047527216457e-01,-1.089208733800493406e-01,-2.030318588432086790e-01,5.376849428774965745e-02,-3.941885451018574682e-01,-1.826907432121711028e-01,-6.624021365844072751e-01,-2.783273320165124617e-03,4.012964218229469332e-02,-1.506487967534102801e-01,-8.661797007890965905e-02,2.038309767083414659e-01,2.896712854162433182e-01,2.806788011617966649e-01,1.539657209492397705e-01,-5.152337347749532531e-02,7.733150850322602354e-02,-4.642348977059372883e-01,-4.388051140213005130e-01,-1.044505619580081840e-01,1.600764098352308465e-03,1.859268687606420167e-01,-4.266656321072750252e-02,-1.232153129851953077e-01,2.559763350183696939e-01,8.199411939318747289e-02,-1.254639009083329537e-01,-1.135678444934370562e-01,-2.299499299041338762e-01,4.112943197774617671e-02,-2.819731921796321192e-02,-1.970409906735312577e-02,-1.763882945857643270e-01,-9.447029094664080584e-02,-2.645028566114471236e-01,2.012049780260002085e-01,-4.179159338455079586e-01,3.192001108754053962e-01,-1.489360064612756940e-01,2.218754217304764187e-01,-5.439856193433963982e-01,4.318806862396020602e-02,-1.977602069373002314e-01,-5.450186736531606457e-02,-4.927817072415556221e-01,-3.313897525053085547e-01,-2.500102646078867230e-01,1.102893752464361582e-01,-3.975376256468067804e-01,6.168018750530749467e-02,-1.252757541473061287e-01,7.698582633128060737e-02,-3.565081581995460103e-01,6.744259211527613151e-02,-1.895143320906594597e-01,1.259541631615704316e-01,-1.829924472304322036e-01,7.057121774785801716e-02,-2.692282042873903047e-01,1.447607110467332217e-02,-1.275566372347217703e-01,-1.013970652816504059e-01,-4.189569307630650052e-02,4.685063323534426408e-03,2.025690688262457573e-01,1.591580799742342289e-01,5.671402223229078665e-02
