0.000000000000000000e+00,7.280933459563664334e-01,6.546026281580244466e-02,-1.777470834412460676e-01,-1.033198140392357356e-01,3.259443935264705328e-02,-4.868295777520108975e-02,-3.187876825354882954e-02,-1.799034925700029042e-01,-2.643178495162751829e-01,4.148540648642423667e-01,2.360628762043022466e-01,2.027693186257491786e-01,2.813357699710098414e-01,-1.259120397810580827e-01,-4.902578206961005075e-02,1.984578403947229175e-01,2.446354302248218704e-01,2.671353367063390993e-01,3.451790551552391118e-01,-7.056082712352815256e-02,-3.634881929719797622e-01,-1.759431188664618839e-01,-1.885837269917772230e-01,-2.261797219779483892e-01,-1.009016275300922416e-01,-2.349978646749650568e-01,-3.263393380455220649e-01,1.745033739574720563e-02,5.815073329398712763e-03,-1.430372643148935564e-02,-1.623728007399235585e-03,1.756833741208773669e-01,2.061345241393003624e-01,-3.556528942797499981e-01,-1.802035797876105072e-01,-1.599615594648567674e-01,-3.806797704644934721e-01,-2.370574975784098537e-01,-1.705489975371216049e-01,-1.750662684114519529e-01,-1.028660609105415923e-02,1.607245680391977127e-01,1.892923734516233913e-01,4.435823128450216979e-02,8.170976557171105714e-02,1.873284270885825220e-01,-1.403197347097213388e-01,2.389845542570320502e-01,2.741616503314329156e-01,2.343602643547622044e-01,8.870855577717789986e-02,2.597092359504715176e-01,5.135712336049593624e-02,-5.479979884312184517e-03,-1.225996571807470674e-02,8.194768587928332737e-01,6.168020812913327378e-01,3.684009562583167585e-01,3.168411459767021543e-01,2.813835141373695059e-01,2.055118291911722239e-01,2.621085338676542031e-01,3.267240481322900569e-01,-2.856851556914050683e-01,-2.563832606804559711e-01,-2.335069730540499378e-01,-2.184673072657317416e-01,2.196312866404064312e-01,8.554842536503093342e-02,-1.645684110110659515e-01,-1.108441330902636829e-01,2.030744952334598286e-02,2.295212427158369040e-01,-4.525507351589061478e-02,1.812102929844682520e-01,-4.918034261143612758e-03,6.720092357286762234e-03,6.910490138048545894e-02,-1.546514268038424456e-01,-1.235942928780908445e-01,-1.705537023951379239e-01,-3.238350327381351867e-01,-6.541511106125076636e-02,-3.283401746501162788e-01,-1.715663425244434159e-01,-2.971725466976221086e-01,-2.257667756723422681e-01,5.267976361598011165e-02,-7.116343275020660386e-02,-1.576531195711023126e-01,-1.342948409780074792e-01,7.841327205940459497e-03,6.216854526285230109e-02,-2.753574197115928879e-01,-1.399527492306578969e-01,-2.372335468240944767e-01,-1.956223789865464691e-01,7.910207522550882775e-02,9.285297127026952146e-02,2.523694027489368774e-01,1.715839573998327872e-01,-1.456001861453970654e-02,-8.782548535518980293e-02,-2.516081937156929849e-01,2.170105141886970179e-01,-1.920034376133358534e-01,-3.749993334520609900e-01,-2.369203681451751975e-01,-1.936753865785453832e-01,5.419430192663021034e-02,1.803785992042424846e-01,1.421746872407648327e-02,2.866357824624394049e-02,-1.673870028431939661e-02,-1.096814904846123984e-01
7.280933459563664334e-01,0.000000000000000000e+00,-1.185293066800460343e-01,-3.212386351303622156e-01,-2.838523243590785894e-01,-2.695515494168771453e-01,-3.697557717646613451e-01,-1.781553729191757279e-02,-3.313503601793637010e-01,-3.548989735268421319e-01,2.095457262953835109e-01,2.632997992158411793e-01,-6.339406087964640467e-03,3.195021028689011833e-01,-1.059235664706613678e-01,-9.046408190561025520e-02,2.066863588382015504e-01,4.973625539311160026e-01,-1.325056980185100597e-02,2.734301278887452114e-01,-2.431185216684091099e-02,-2.797359124893694093e-01,-3.474896316233899718e-01,-1.946618839951883284e-01,-3.529271590800139302e-01,-2.262668880799201254e-01,-3.610758285184914040e-01,-3.729373158631525964e-01,-6.500914533576623855e-02,4.005288875408035548e-02,-6.453910458259264071e-02,-7.098010997245657316e-02,2.412486333371411940e-01,2.365846757439119541e-01,-4.368629558817337943e-01,-1.145571183353012168e-01,-4.755185740176164771e-02,-3.137209224642877325e-01,-7.195837041412588009e-02,-4.769564684985912878e-02,-3.909267130758651426e-02,2.176285501184864468e-01,1.933867479629874098e-01,2.630676971354771188e-01,3.628077106385615286e-02,1.774021859784362387e-01,1.811704658413971492e-01,-3.152300229711999663e-02,2.459578673024513107e-01,1.975738070817945058e-01,3.002025101604364754e-01,5.080461068900538751e-02,3.441434862146339757e-01,7.527866081682434152e-02,1.758415305658271588e-01,5.935073250292665498e-02,8.082478362792657745e-01,8.905745419000240526e-01,1.380838367372524411e-01,4.044653854553316163e-01,2.647521975539234365e-02,1.723155038190112287e-01,2.671859842461906109e-01,4.254314642374674715e-01,-4.915123730689605064e-01,-4.435981890215431878e-01,-2.904187439697605289e-01,-1.884429466474031034e-01,4.167839626922559826e-01,3.308722137601946001e-01,-1.029239450735491002e-01,-2.528780306853877780e-01,-1.737251741954427831e-02,7.082585292307126690e-02,-1.273494726304256856e-02,1.075160245233239276e-01,-2.328317009783618940e-01,-2.260257549171134084e-01,1.361129503676040964e-01,-2.571944421602960773e-01,6.378818635836262796e-02,-3.358262856257209633e-02,-2.684494274088844445e-02,8.125491366309832431e-02,-2.153397300462579766e-01,-2.403439845733545410e-01,-2.143097817745359679e-02,-6.461304899629349840e-02,1.176834603163155052e-01,-1.608717646075657759e-01,-1.728266258169017244e-01,-3.993231089903119813e-01,-1.433333408883827043e-01,-2.770487100862841778e-01,-2.950857950121729689e-01,-2.212001715609468178e-01,-1.351841443620372951e-01,-7.717617435123423630e-02,2.449348825526756201e-01,1.051946442290906947e-01,2.907857240697028778e-01,-1.543691762776318588e-01,3.033900919819889075e-01,-1.634068622364841586e-02,6.599458271081473648e-02,6.430349469144454322e-02,-9.444048920127795510e-02,-2.396775375991820334e-01,-1.690965518478546037e-01,-3.074497654039049510e-01,2.879319163940369936e-02,2.177797068920516721e-01,2.384230567596354322e-02,8.329317216849778382e-02,-6.374250394292074740e-02,5.911303115290518495e-02
6.546026281580244466e-02,-1.185293066800460343e-01,0.000000000000000000e+00,4.369145451924719703e-01,2.494950362653471643e-01,-1.540182666638675868e-01,7.903543752468885630e-01,1.518760858895335519e-01,4.198035115429373798e-01,-1.715787152747451083e-01,2.106298538280250154e-01,-1.120567548273905395e-01,2.470034865042157746e-01,-9.211926919827587157e-02,3.901725328023067374e-01,2.021471466567293651e-01,-2.398301856645945404e-02,3.730401472514695282e-02,3.579049415082047325e-01,1.374520488778867289e-01,1.496801957806411787e-01,1.909480434771999857e-01,3.753996101110025352e-01,5.707201119941208711e-01,-1.567231816346865425e-01,-1.248147772666912958e-01,-2.139544458900623225e-02,9.363042145982254649e-02,2.133349970574121290e-01,1.212480252900751954e-01,5.086721726276447475e-01,3.183631505600693079e-01,2.076238512245202339e-01,1.785254056705630477e-01,3.239354838503548661e-01,7.656195573773748320e-02,1.159005626496129593e-01,1.849635559158237588e-02,1.288310594774287887e-01,2.768115540163231802e-01,5.826927523276710652e-02,7.596087834249908022e-02,-3.507117076620385743e-01,-3.302808226707155126e-01,-1.259924974726703839e-01,-2.335876827956349100e-01,-4.107720294038824105e-01,-3.423862367015539365e-01,-3.424146779991003031e-01,-3.024666524994680805e-01,-4.803745212345812976e-01,-3.733401074718336043e-01,-5.184018085932824427e-01,-5.222192341777975866e-01,-2.989545111868880944e-01,-2.286122578551629536e-01,-1.932281683827425101e-01,-1.224404752889350911e-01,2.496581817672310077e-01,-1.344084896812113572e-01,1.758889063876416803e-01,-8.164251803088590220e-02,-1.113960919872582639e-01,-7.267473507645226538e-02,4.598253763549380313e-01,2.637541806025600621e-01,2.885785332260359382e-01,4.475083324110300936e-02,-4.781189768183253391e-02,-1.849407905717015133e-01,2.204163675565566916e-01,5.621214681199154795e-01,6.700031099340671148e-02,3.563199365982746419e-02,1.717746025507465024e-01,7.518000108452684016e-02,1.124931328133494252e-01,5.353304118491179764e-02,2.064481532091433647e-01,9.793996804392292310e-02,-1.968719269982312225e-01,-8.612295954932587538e-02,-9.856976891708458741e-03,1.247317876877969411e-02,-1.062653370586715135e-01,-1.530378575290508580e-01,3.244608457589466255e-01,1.869223718367611642e-01,2.515008128654102823e-02,8.385015956873458076e-03,1.131233503561045323e-01,4.560463763621191990e-01,2.957422746876719466e-01,5.151905998106209861e-01,6.790963622298888669e-02,2.295565827322016417e-01,5.003693205541957789e-02,-3.921117023959568015e-02,-3.238971107032381780e-02,3.306177674352443474e-01,-5.059665037522523279e-02,3.206566207638752997e-01,-7.145498991828100332e-02,3.849247061956775212e-02,-2.164464693896232111e-02,5.054753087024281555e-02,-1.877385340079733012e-01,-9.961382856443145098e-03,-6.695063641217020856e-02,-1.627904128941592143e-01,-9.798173381237688939e-02,1.786472682321813554e-01,2.445418852649292318e-01,2.584450094097672235e-01,1.024781044384805717e-01,1.616285174215708817e-02
-1.777470834412460676e-01,-3.212386351303622156e-01,4.369145451924719703e-01,0.000000000000000000e+00,2.322350134982108794e-01,-4.855896285706923915e-02,5.378523520440579020e-01,6.977290507093377725e-01,1.859305210971348987e-01,2.479304072368221645e-01,-7.911648851292465978e-02,9.566240451192682681e-02,-7.215607440271232242e-02,1.688019876262132901e-01,1.971790120699162263e-01,3.271386211314346593e-01,-1.893698706355798067e-01,-1.743245558765816328e-01,4.607361466296261421e-01,4.528711433364666084e-01,-4.272720392421580290e-03,1.838475165762935570e-01,3.818675119819227581e-01,7.456130998995632586e-01,-1.723470315320607682e-01,-1.324384506964279284e-01,-1.202506558453401292e-02,1.966331581089038605e-01,-4.889931018543292734e-02,1.717548121864630878e-02,3.423093378776100315e-01,4.575230464642792705e-01,1.998721545126908306e-01,3.243276428560008529e-01,1.193317964157130096e-01,1.271194289558694457e-01,-1.706879957615156373e-01,-2.085172740606413555e-01,7.091413066918203500e-02,2.548204947355708905e-01,1.689584404413674648e-02,1.397071536429284576e-02,-5.083564055092958389e-01,-5.087943138367969631e-01,-3.468776759488839123e-01,-5.131330513671805704e-01,-5.825349855347501382e-01,-4.064465639987656642e-01,-4.346361985697020369e-01,-3.281174171292767228e-01,-5.689069687432372069e-01,-3.949535819850794049e-01,-6.169176894630145069e-01,-4.900322374924865332e-01,-4.599857774663109744e-01,-3.718546377319904006e-01,-4.184068424327711533e-01,-3.305920700085638320e-01,8.596994027398942653e-03,1.773541200592217704e-01,1.323082950274252212e-01,3.097764512377645940e-01,-2.683893135390303525e-02,1.992760139658466753e-03,3.168546373914338798e-01,6.506395094987607042e-01,2.043407722023388717e-01,3.039747955780788269e-01,-6.889965255387112131e-02,5.935909490070599703e-02,1.264315996967494971e-01,4.329923926609242635e-01,1.058074021057436864e-01,1.021053082423336311e-01,1.028212993831399413e-01,-1.442135974432933454e-01,-8.358206373047893933e-02,-1.749194310196016122e-01,1.033249164590579056e-01,1.590102611043326397e-01,-1.063250801143704877e-01,2.170174737498300754e-01,1.505611676020825740e-01,1.244625089050277189e-01,-1.675870618358033803e-01,2.280747649489363316e-01,2.719173785848029157e-01,3.119364492300545355e-01,-1.214412906147300519e-01,1.216905571217758025e-01,1.252975832856573490e-01,2.065173210553547800e-01,1.642029702455440887e-01,2.075376251157043661e-01,2.084671754464040988e-02,-2.048082694306602169e-02,-1.027889372279405661e-01,-8.887248527306000623e-02,-7.333742815634605727e-02,-1.292485759819727020e-01,-1.287296828254338998e-01,1.723468870365174044e-01,-2.259547041559267222e-01,1.700687040696328631e-02,-1.108796789333104575e-04,-3.696596823623081451e-02,-7.112135645803217832e-02,6.584536005878571796e-02,-1.998421911794799610e-02,-1.051143591954028234e-01,-2.415933935788487918e-01,-1.688829552775261145e-01,-1.984505157278257104e-01,-3.471161991771138516e-02,-1.032006975995170966e-01,3.057585859712950993e-02
-1.033198140392357356e-01,-2.838523243590785894e-01,2.494950362653471643e-01,2.322350134982108794e-01,0.000000000000000000e+00,3.653841472902686349e-01,4.105051137759013757e-01,1.874283033161519563e-01,7.925312036741076760e-01,4.511051142049669060e-01,1.111452295350763841e-01,2.348961506591854542e-01,1.140071272037937039e-01,-1.748283199735454763e-01,2.428092081770764632e-01,-7.888319835435698979e-02,-3.105187683528180531e-01,5.514918787474739487e-02,4.728482317155312253e-02,1.266480738372242620e-01,7.260269437995552078e-02,-6.055713481266507964e-02,2.289034502670779792e-01,2.870125018235161751e-01,5.823438699034191313e-01,5.802415829744484999e-01,4.050456031108696786e-01,5.445487377519016015e-01,-1.580574601540691015e-01,-4.595342339072226723e-02,1.495289138060412193e-01,4.820155046661016990e-02,4.987322937246770060e-02,6.646203779989358351e-02,9.195820708146647260e-02,2.161182522612010992e-01,5.004080605642595436e-02,-7.563653041391353582e-02,-2.350034566539888625e-01,-3.673704943006494417e-01,-9.011067824722536479e-02,-9.532622336322967016e-02,-3.761717617826016435e-01,-3.773830380969152576e-01,-2.165112420002829330e-01,-1.676140514842693885e-01,-2.453644297504029015e-01,-2.744727268285255817e-01,-3.702400233717761391e-01,-3.558211643649116240e-01,-3.506649006573039906e-01,-1.875101077287878171e-01,-1.452811457058665878e-01,-2.219543032132433591e-01,-1.762654208972622427e-01,-2.477308779106295600e-01,-2.346409264036014575e-01,-1.564211228815335364e-01,4.354904360115774420e-01,1.569011131810302828e-01,5.247392551706505648e-01,1.981276563922833300e-01,-2.415057680805011153e-01,-1.440036272325809497e-01,4.595688185450928498e-01,4.207870216375717565e-01,2.009115043589963234e-01,6.254746685995522804e-02,-1.941561277814699560e-01,-3.005524000940745233e-01,4.054765675119571533e-01,3.993382768773711677e-01,7.158533554811372102e-02,9.810838800521760883e-02,-2.498725055883259105e-01,-1.883104238458222224e-01,2.868057853185053060e-02,7.850160211150261635e-02,1.777198991317332499e-01,-1.188557343245759956e-01,-1.151718290104473547e-01,-1.245492039587140082e-01,-2.082814239635669973e-01,-3.436400244471912169e-01,3.297489431599079923e-01,-1.995058108156086418e-02,-1.189903433650800479e-01,-2.623672834235499240e-01,2.414761708323864275e-01,-3.416263175069082780e-02,1.067440782169063324e-01,2.466117365487669189e-01,8.694728811742188923e-02,2.081246694260257823e-01,3.805096104743661140e-02,2.317281176351350114e-01,-2.880566166494923919e-01,-2.206887600044317166e-01,-1.650668573347435497e-01,-1.549368191270846518e-01,-1.758514259181680472e-01,1.630023333297066224e-01,-1.913338726195720207e-01,-1.104542264299294696e-01,-6.371764015711806062e-02,-9.235542519827490138e-02,-1.091169849391235708e-01,-2.188203469785068855e-01,-4.312071301455748518e-02,-6.103029611940432447e-02,-5.579445396641071614e-02,-1.097982165821237005e-01,-1.408032868660074877e-01,-1.446848679397514381e-01,-1.965626421635555676e-01,-1.231824221391111668e-01
3.259443935264705328e-02,-2.695515494168771453e-01,-1.540182666638675868e-01,-4.855896285706923915e-02,3.653841472902686349e-01,0.000000000000000000e+00,7.016486240731076296e-02,-1.740609582882403361e-01,2.259112820314357339e-01,4.085591693406499525e-01,6.773236884145376890e-03,-5.161184378712491139e-02,-5.878447053265117156e-02,-2.345656140243621846e-01,-1.606767364445775836e-01,-1.825265040723645649e-01,-1.162335625554939689e-01,-3.483287620401900320e-01,-1.558769457766303289e-02,-7.598068834710620945e-02,-4.168920920722606061e-02,-1.206829191764861170e-01,2.781906094403934215e-01,-3.260650915415683887e-02,6.448708308620751950e-01,6.728241539195158882e-01,3.480398843148929666e-01,2.825765051686806029e-01,-2.378208914778690286e-01,-2.823104305986388618e-01,4.547609550627498137e-02,1.478399438398026178e-01,1.893540374578214225e-01,1.078072867379668287e-01,1.779668935268313990e-01,9.449227252193959092e-02,8.217398719852417321e-02,1.770361640621891941e-01,-1.293227995140245057e-01,-2.527108788022243702e-01,-1.633273375637914748e-01,-2.508898351759656919e-01,-1.568564687808686247e-03,-8.742771902473274589e-04,8.896831750709764675e-02,9.488768385660177607e-02,3.551815573483893540e-02,-4.081839325091710796e-02,-6.208507857726960205e-02,-2.803730625099386253e-02,-3.765401003067993246e-02,6.517882769003885413e-02,-8.614223201258254525e-02,1.645050172234593933e-01,-1.390933076939219748e-01,-1.643253148841693490e-01,6.270589715217204929e-02,-2.071735470272825785e-01,1.910434391981178370e-01,-2.202923935030745017e-01,1.121922698816438108e-01,3.376643164212353443e-02,-2.119015867952680210e-01,-1.409528792639779537e-01,1.276704705271499707e-01,1.581917699065836236e-01,3.148570349310158001e-01,2.859644982158259796e-01,-1.223213079028985378e-01,-1.765686509436092955e-01,1.074903789339903435e-03,1.189812716119374681e-03,-4.758620569752329554e-02,-3.151691865298971579e-02,-2.478650210666649700e-01,-4.520162323754597922e-02,4.617355579591186920e-01,5.492487607492253510e-01,-2.453886709446978232e-01,-1.614418711879457916e-02,-2.463304356561229480e-01,-2.240278320821632585e-01,-3.153124255271006482e-01,-1.559586152150023441e-01,1.006003420002757748e-01,1.577658309093875055e-01,-4.152523448262121497e-01,-1.661886395924942472e-01,-1.680203378826132521e-01,-5.338284436891948398e-02,-1.024456622081455215e-01,1.435756903893491143e-01,-1.469438310371477818e-01,7.289383623816278468e-02,-2.132210036059501990e-01,-1.144991277188069784e-01,-2.391963018919385231e-01,-1.051407882595331578e-01,-4.657642819935630119e-01,-3.448551677938241911e-01,-2.338551628324817000e-01,1.451889142759613949e-01,-3.568008690443934539e-01,-1.398778430870100120e-01,-3.752689376611499927e-01,1.242413725717942952e-01,-1.117912293847024841e-01,-3.396270779609520396e-01,-3.701942521996763602e-02,1.418422975908630590e-01,2.643556471546209749e-02,-1.866308395422392463e-01,-1.327618158087462974e-01,-2.585225991887559749e-01,-1.546607027906898024e-01,-1.976471094914392379e-01
-4.868295777520108975e-02,-3.697557717646613451e-01,7.903543752468885630e-01,5.378523520440579020e-01,4.105051137759013757e-01,7.016486240731076296e-02,0.000000000000000000e+00,3.261199528125691693e-01,5.903993984200309741e-01,1.274776429492263941e-01,3.595660052633249948e-01,-5.483050974103024361e-02,4.402211836905008391e-01,-3.215952128003598826e-03,3.902204153063826841e-01,2.654592331367986446e-01,-2.188858361276208586e-01,-5.165916953342288703e-02,4.717295542784082363e-01,2.106761090923010005e-01,1.445925593187458447e-01,1.302618221602173110e-01,4.090794146384147956e-01,5.075878475450488203e-01,-2.658403159323736997e-02,1.181613313472371302e-03,5.629190233231821938e-02,1.997066066248577298e-01,2.174207980061495793e-01,4.035660617341860906e-02,5.585292157517131040e-01,4.025036746308743862e-01,2.433419005208978525e-01,2.245875219630620312e-01,2.558804405254139214e-01,1.759133071116878999e-01,-4.990348945778496498e-02,4.043597177051416747e-02,-2.749154582433418342e-02,1.121240610548808747e-01,-4.526903932382511653e-02,-6.492034723091977266e-02,-3.928722960410792053e-01,-4.240109612605637568e-01,-1.437757302962185402e-01,-2.773185132169282974e-01,-4.202955694335579473e-01,-4.090557087686997884e-01,-3.936043034355692916e-01,-3.040538177190478808e-01,-5.356779246859509902e-01,-3.615783900498688030e-01,-5.871819478513813362e-01,-4.392245550395962317e-01,-3.157889224149512120e-01,-2.735801644386509079e-01,-3.136498711186635480e-01,-3.691971495810446591e-01,2.188226316691352924e-01,-1.985866126579058089e-01,3.845269052606187787e-01,6.610060267572963333e-02,-8.122536223005066836e-02,-7.087235901627662871e-02,5.504637360055171236e-01,5.002780732988016954e-01,3.009727876232237143e-01,9.168416735859445665e-02,-2.046351691604191281e-01,-3.747092508672104638e-01,3.151115123475231039e-01,6.663249891752311971e-01,6.888356208521496070e-03,9.077428899014056141e-02,1.646377902190174491e-01,-6.214867361664274531e-02,2.088783563685492339e-01,1.439033843950361935e-01,4.229384759973837254e-02,4.712964175846133530e-02,-3.333207733312737453e-01,-1.461165453912455781e-01,-1.576313243354944271e-01,-1.037589580281358809e-01,-9.070720274519900039e-02,-3.321826322678461674e-02,1.058845596773062558e-01,-7.755161848585562928e-03,-3.970956347569883776e-03,-1.329797232416557624e-02,1.231580147993538155e-01,4.345621485452967891e-01,2.779022300587360439e-01,5.204546984320732594e-01,2.949893369901113865e-02,2.116732022849049377e-01,-1.324417258076280302e-01,-2.144288163610791331e-01,-2.018802788850506680e-01,1.055776080992819888e-01,-1.149357678755002637e-01,3.931357825368329562e-01,-2.253436963294739581e-01,1.133683131708692129e-02,-1.964331527729586413e-01,-3.159726759748641978e-02,-1.739390420262530157e-01,-1.209101757514536614e-02,-1.127993529361556446e-01,-5.715168717422405842e-02,-1.485494580348405147e-01,-9.375345616709465646e-02,1.799825808952620204e-02,-6.038905600657219069e-02,-2.951174647933681172e-02,-4.005892204135887147e-02
-3.187876825354882954e-02,-1.781553729191757279e-02,1.518760858895335519e-01,6.977290507093377725e-01,1.874283033161519563e-01,-1.740609582882403361e-01,3.261199528125691693e-01,0.000000000000000000e+00,2.526340646442876703e-01,4.119576532668444147e-01,2.186286972050724142e-01,5.742315478907301651e-01,1.202290495376529406e-01,5.938925834002443116e-01,3.187346287990406313e-01,4.259309821543567076e-01,-2.640826263616539715e-01,2.193571782909565504e-01,4.150657472291803263e-01,6.771025815751090526e-01,7.422982291628051066e-02,-2.112613116055258103e-02,5.960395735398027472e-02,5.437390272644494482e-01,-2.520578317284302150e-01,-1.150646459941545713e-01,-2.583431452690203023e-01,3.706479503093343397e-02,1.810474811603654532e-02,1.455293811974926466e-01,3.689144986009409433e-01,5.072953492994285440e-01,2.308351340634177407e-01,5.198994088256024826e-01,-2.947044109913656285e-01,4.541327322524174592e-02,-1.603110797648340247e-01,-2.592162418690678871e-01,2.864502069927908623e-02,8.883079372998016476e-02,1.018901473153328158e-02,8.497899304101187712e-02,-6.021730444929466186e-01,-5.741466199569267292e-01,-5.702783600445047174e-01,-5.796514804717851632e-01,-5.353170461160631222e-01,-6.023176147142743631e-01,-5.719977125893170866e-01,-4.592349508976523720e-01,-5.630258991817345127e-01,-6.686605902513046429e-01,-3.786176345238903007e-01,-6.517740315163974563e-01,-1.657974232290077010e-01,-5.120244027617247840e-01,-2.471255597682449068e-01,-9.668906547835216803e-02,4.607729422322884294e-02,4.453503325777630750e-01,3.795488542751142558e-01,5.602444544819730199e-01,3.054481820553045165e-02,3.064870038874779601e-01,-1.247300220166632362e-01,4.612111235834175926e-01,-2.410246661161423443e-01,-1.107552195064308853e-01,5.370559982083086131e-02,-5.303226561997643335e-02,3.004909755983873887e-01,2.900668483140086407e-01,1.955503811594142341e-02,1.432771803064581406e-01,2.235536391288001079e-01,-8.040745366783866310e-02,-1.346672851155241990e-01,-3.075164418254838772e-01,2.073010884893280725e-01,-1.055479541770328183e-01,6.063844517342539819e-02,8.295463970956204469e-02,1.333575112823293940e-01,9.398729150282933431e-02,-1.224514248763418495e-01,-1.964762631048741770e-01,2.014832758947837088e-01,8.681179591940521578e-02,2.709301591371759410e-01,-2.108956790416369187e-01,3.706025921338268470e-01,-3.998279097258543302e-02,3.732435732411428786e-01,-6.243763714986972496e-02,-6.103303961747496426e-02,3.362864414988146061e-02,-2.047712249179249877e-01,-1.810591451245730510e-01,2.850260245714734686e-01,9.337245392119501025e-03,3.278807388413829127e-01,-7.969125067965588533e-03,1.576658985151351555e-01,-8.796833192638634207e-04,1.852989611868057496e-01,-1.907245554946687682e-01,-4.331575611235179146e-02,-6.517677761695751804e-02,-1.665319540454744396e-01,-2.226372859487683042e-01,-2.928438886020076626e-01,-9.812244789771544518e-02,-2.028861823304953516e-01,-1.749814594782415356e-01,-2.952198563379149765e-01,8.627412549269244946e-02
-1.799034925700029042e-01,-3.313503601793637010e-01,4.198035115429373798e-01,1.859305210971348987e-01,7.925312036741076760e-01,2.259112820314357339e-01,5.903993984200309741e-01,2.526340646442876703e-01,0.000000000000000000e+00,3.861810235448612794e-01,3.051912715286851374e-01,1.893402572803925266e-01,4.048198573032587566e-01,6.739191624548950162e-03,5.320773882591204318e-01,2.695039880971767943e-01,-2.983011558451585388e-01,1.790803638680833754e-01,1.720593478118700725e-01,1.336766700384791617e-01,2.393927854469847516e-01,-5.032879207422062684e-03,2.214061215160821605e-01,3.765720447238500856e-01,3.730524475015328245e-01,3.755945127424530350e-01,2.556521843229782598e-01,3.237961205585354607e-01,1.731929416858108139e-01,1.204979395871160069e-01,4.061537825815509928e-01,2.565458898658729003e-01,6.851657646170170035e-02,1.036477477267559594e-01,1.300864348820166549e-01,1.815962811999780324e-01,9.452883702192302340e-02,-3.048086544504483367e-02,-1.046806394962394721e-01,-2.322558731722338121e-01,-2.000788109750956459e-02,-3.659530961643773540e-03,-4.357168785003443512e-01,-4.217791197026385386e-01,-2.845476419583294891e-01,-2.333870678976933399e-01,-3.122462089822350406e-01,-3.917344053434052009e-01,-4.441649812952729315e-01,-3.343389720399179144e-01,-4.697858739907999071e-01,-3.811832636907977467e-01,-2.953735418282085745e-01,-4.324542090565322017e-01,-1.021299505125637108e-01,-2.748836350655120553e-01,-2.959687932355573592e-01,-2.697217066508140748e-01,3.028706489406501889e-01,-3.309535343934751506e-03,5.394348477449278922e-01,1.429947425505579406e-01,-2.034334497969318700e-01,-3.030781622058540542e-02,4.997536092881784686e-01,4.650903605537626828e-01,8.825343850334828322e-02,-1.278965887361549481e-01,-2.605907662729023411e-01,-5.311789229947588842e-01,4.550293910249786911e-01,5.213708485589600983e-01,6.432099857300309365e-02,8.350787453929549298e-02,5.571683444466245944e-02,1.375089339613091988e-02,2.183125473322648502e-01,1.749935555170813173e-01,1.783705621371834971e-01,-6.864299700631371071e-02,-1.742185350146461531e-01,-1.686175692269521187e-01,-1.558544623728847778e-01,-2.085388304719911490e-01,2.585867106329662879e-01,-2.272508765536919995e-01,1.683729938814563717e-02,-2.154768829462199164e-01,3.312722483434867304e-01,-6.611915174726833155e-02,1.560987317935896290e-01,2.393947442906184109e-01,2.844173109129534138e-01,3.524647691724595022e-01,8.948003874815022018e-02,4.147451688508513867e-01,-2.306623904110786660e-01,-1.828133786655850024e-01,-7.961658067118516924e-02,4.445003201315946700e-02,3.794799215321519037e-02,2.279729791239182290e-01,-6.542061604988667900e-02,-1.501067560926579170e-01,-4.263382172963610904e-03,-1.742140999773174326e-01,-5.752574887863594333e-02,-1.617466681567089337e-01,-5.729508895303313254e-02,-8.786031834363747933e-03,-4.132508325990915526e-02,-1.597491287096586277e-01,-7.604367439583224753e-02,-2.259949331132144468e-01,-1.961900577337505613e-01,-1.532666484401929707e-01
-2.643178495162751829e-01,-3.548989735268421319e-01,-1.715787152747451083e-01,2.479304072368221645e-01,4.511051142049669060e-01,4.085591693406499525e-01,1.274776429492263941e-01,4.119576532668444147e-01,3.861810235448612794e-01,0.000000000000000000e+00,1.678396258888039116e-01,3.595322135281905918e-01,2.388439612998840555e-01,3.047121832600223068e-01,2.940280439391240036e-02,2.543762245124145394e-01,-3.057754646750849292e-01,4.745032654421008772e-02,-2.075442305431083115e-02,1.718613718687118375e-01,1.198128965526835954e-01,-3.171959817513112512e-01,6.188081537935960497e-02,1.180928117578826514e-01,4.251440578071103427e-01,3.882304286083575473e-01,-2.585721701674658160e-02,2.513438534496747478e-01,-9.802474433034469303e-02,-3.664797945034397458e-02,2.549270195717682000e-02,8.552525738313751513e-02,-1.484038392347633399e-02,8.726425863328950150e-02,-1.684500705162409462e-01,1.270781088427318795e-01,-1.487353751107853284e-01,-2.264349670332787001e-01,-3.283327633951856894e-01,-3.631464645884545650e-01,-2.755742570422607396e-01,-2.292846540476690953e-01,-4.323219891483773836e-01,-4.110436834791763583e-01,-3.307511841004346920e-01,-1.956130982181699118e-01,-2.602212039776142793e-01,-3.696601178558385215e-01,-3.484115152770606572e-01,-3.417693317129387731e-01,-3.009620070886472321e-01,-2.492623491883239339e-01,-1.307232620713299209e-01,-1.773913197779123097e-01,-7.416042770183617350e-02,-3.013019567996799708e-01,-2.630698036296416076e-01,-3.027440658496159398e-01,2.807006931454996690e-01,2.232814804838172407e-01,4.878064489582842334e-01,4.169955240147733000e-01,-6.092697755859385889e-02,1.172616270593996868e-01,1.325972787621969018e-01,4.232220511734619550e-01,-8.614280694181863929e-02,-6.983669294622106560e-02,-2.092032532112963195e-01,-2.869836451936752519e-01,3.591740605575372558e-01,6.346981834468763684e-02,-3.406076246965814014e-02,-4.009497518851555531e-02,-1.245473067222368085e-01,-2.773768140539579208e-01,6.298512673686938734e-02,8.754743905898478007e-02,-1.856880249741174049e-01,1.484887446259803429e-02,-2.064907176514024223e-01,-3.383334339210387898e-02,-2.239333224782674436e-01,-2.208046914335641819e-01,1.332887206850449924e-01,1.544830755419867620e-02,-2.999482596963673475e-01,-2.258370206538059810e-01,1.556856769256351747e-01,6.596593183986847186e-02,2.835213434851184267e-01,3.324443344690455188e-02,1.918924868106133552e-01,1.136404175853648474e-01,-5.687051604656150061e-02,4.788989736441980755e-02,-2.479080942399850274e-01,-1.711211436775326167e-01,1.677166093644828077e-02,-1.401922679188069010e-01,4.986648019326347936e-02,1.212750139959841156e-01,-1.463892120725215351e-01,-3.243319578775019640e-02,-1.835059963468655131e-01,-9.209431455388519816e-02,2.176709379173125680e-01,-2.289887031355071212e-01,-1.487601492224675526e-01,1.749258900666083583e-01,-4.675198865176806440e-02,-2.623863002139918965e-01,-8.316446506366674540e-02,-2.263582323076665237e-01,-2.264720105490857505e-01,-6.784004380863596639e-02
4.148540648642423667e-01,2.095457262953835109e-01,2.106298538280250154e-01,-7.911648851292465978e-02,1.111452295350763841e-01,6.773236884145376890e-03,3.595660052633249948e-01,2.186286972050724142e-01,3.051912715286851374e-01,1.678396258888039116e-01,0.000000000000000000e+00,4.950288603576353252e-01,8.266915892601480742e-01,5.733144171465388572e-01,3.014837605700855239e-01,2.906542316361525047e-01,8.858230264400748788e-02,4.195333430555223675e-01,3.997596959756339330e-01,2.903674438738301777e-01,2.102947670006415359e-01,-4.020783788795183611e-01,-1.533906589786996309e-02,-7.347946702649178763e-02,-1.382483447927708720e-01,-1.411331438435889374e-02,-2.558773261180074532e-01,-1.954231202885411967e-01,3.876120798835207548e-01,2.165570165074209019e-01,3.200760134984634298e-01,1.439390495001453829e-01,1.004540878816469335e-01,2.887993373474204706e-01,-4.023355670739292012e-01,-1.271999015389308207e-01,-2.206051837308558861e-01,-2.196272056176410969e-01,-3.242906094870297018e-01,-2.119017599550545305e-01,-2.940482805900065943e-01,5.864844962360930142e-02,-3.157783607604506826e-01,-2.828495398355800328e-01,-3.956739218313662931e-01,-2.148734442285540891e-01,-1.660270205450496417e-01,-4.972132858829652613e-01,-2.067492543976408303e-01,-5.821681425153779621e-02,-1.929172966342473927e-01,-3.084310861753922217e-01,-1.448589057923561629e-01,-3.912472171462141324e-01,-9.158381660752690223e-02,-3.838239292024525628e-01,1.911699310336541779e-01,1.199064530488197361e-01,3.345997296728444037e-01,2.097472822711391738e-01,5.997521486459091999e-01,4.013200598042372946e-01,4.094570567140171646e-01,5.508994485173654976e-01,-1.456874881207952666e-01,-1.983306310372617842e-02,-3.861363278331376714e-01,-5.055927703432068210e-01,2.624339270414594028e-02,-2.639649471677501524e-01,2.918860825797149894e-01,2.493500088655809244e-01,3.978565423402802281e-02,2.424237179898405259e-01,2.035523625974271222e-01,8.338851228627594536e-02,1.350769431186981950e-01,5.689319544472432044e-02,-8.833319369864879589e-02,5.443603237593509520e-04,-1.099960542103153999e-01,-1.049653767526786963e-01,-3.549425930664775741e-01,-8.233653110769564853e-02,-2.543453334521474374e-01,-3.043722240914842891e-01,-2.896268105568221007e-01,-3.303911119316649270e-01,1.758823994068982877e-01,-2.323497577403685621e-01,1.954862487572054941e-01,3.049829001637159240e-02,3.685395279387535528e-01,1.643574514786744489e-01,-1.486345270759570902e-01,5.845015786385681505e-02,-1.608699449156222594e-01,-5.551882614930780946e-02,2.383788775752677391e-01,3.526214921316607187e-01,3.237443553891565240e-01,1.674853053893428090e-01,2.814800437546908368e-02,-5.283167917272665881e-02,-2.667127436618343395e-01,2.899486122479846308e-03,1.088807490194372563e-01,-2.794993112118506207e-01,-2.998053930926009025e-01,-3.390939086298581928e-02,2.613963637068491760e-02,2.053438444690120213e-01,2.021786814450851066e-01,-8.076473951082725755e-02,5.849229099246074093e-02,-1.923522388500623348e-01
2.360628762043022466e-01,2.632997992158411793e-01,-1.120567548273905395e-01,9.566240451192682681e-02,2.348961506591854542e-01,-5.161184378712491139e-02,-5.483050974103024361e-02,5.742315478907301651e-01,1.893402572803925266e-01,3.595322135281905918e-01,4.950288603576353252e-01,0.000000000000000000e+00,3.406753658199966894e-01,6.776220707883698902e-01,2.888520295716419661e-01,2.855034319149551969e-01,-7.560012243996551418e-02,4.988593012343583988e-01,2.569667017357137873e-01,5.768040918478642975e-01,2.822675076732196198e-01,-3.500707189588083135e-01,-5.578392357830913584e-02,1.469472698227271834e-01,1.570602586880595489e-03,1.903446134881262852e-01,-2.634079533169685905e-01,-6.039402723350874996e-02,2.756795120271052051e-03,1.961738674810372951e-01,2.532536702137851981e-01,2.296389999368148582e-01,1.953450763860468120e-01,4.635262454142274335e-01,-4.973055378566614837e-01,-8.156778090113479818e-02,-2.340152907127800719e-01,-2.856587895349452233e-01,-3.257797547886436829e-01,-2.313031962133045571e-01,-2.565588920657965732e-01,-6.183770521286192923e-03,-5.745627075522878879e-01,-5.540902092315219685e-01,-6.311474016274550847e-01,-4.367426223633926741e-01,-3.394737206730940038e-01,-6.606477648866079244e-01,-4.611140173376316320e-01,-3.092355582320460705e-01,-3.300430245839391374e-01,-5.259681159629179259e-01,-4.314709536806024537e-02,-5.188052478994071848e-01,-4.920791017816588536e-02,-4.975877936955825365e-01,9.811183071837234482e-02,2.318720220784561414e-01,2.861127585320482059e-01,6.435775731107541420e-01,5.322844288884848174e-01,7.056193197061141342e-01,2.568889037259601271e-01,6.512852788471626964e-01,-4.145267375564772316e-01,1.641940002817408872e-02,-5.128350853092805695e-01,-4.548795663981408666e-01,1.492309234013523556e-01,1.702507255292099939e-02,5.068275839560247853e-01,2.134088153515138198e-01,1.608201168101696665e-01,3.606372663489519903e-01,1.881690607784567426e-01,1.182900607999682607e-01,-1.652377018446283818e-01,-2.112945851372825534e-01,-5.594498514707166303e-02,-1.170633289766278423e-01,1.357837354878134450e-01,-1.309548431455599682e-01,-1.728374886563078805e-01,-5.115767300715381299e-02,-2.530339349948794725e-01,-4.068759782598297958e-01,-8.993469176987023417e-02,-1.272684065310709101e-01,2.928145687271514475e-01,-2.642309347781995887e-01,4.057250622064584311e-01,-1.342565303618680206e-01,4.066905149154155796e-01,-9.777804184135995003e-02,-1.333673783211461183e-01,4.674129858726140674e-02,-1.657880590896718132e-01,4.103635613138250683e-03,4.303191465626243217e-01,2.580207223271153705e-01,3.943975749007838649e-01,1.387915404321588518e-02,2.153030451194089534e-01,8.781243406612880553e-02,6.421389584780397286e-02,7.532811347857595874e-02,9.176055767293657406e-02,-2.984505821260858283e-01,-3.741034474316541347e-01,-1.039327419779353806e-01,-6.028616863778701873e-02,2.736705216676098007e-01,8.789458697949266430e-02,1.100337434105647973e-02,-1.103104646892047180e-01,1.095216711301276458e-02
2.027693186257491786e-01,-6.339406087964640467e-03,2.470034865042157746e-01,-7.215607440271232242e-02,1.140071272037937039e-01,-5.878447053265117156e-02,4.402211836905008391e-01,1.202290495376529406e-01,4.048198573032587566e-01,2.388439612998840555e-01,8.266915892601480742e-01,3.406753658199966894e-01,0.000000000000000000e+00,5.235698654245111161e-01,3.897843524348348909e-01,4.287306938003482837e-01,-4.965953775060044650e-02,3.803388132436854030e-01,3.225889113257316976e-01,1.871197646583043217e-01,3.738877483860120199e-01,-4.039356453374811640e-01,7.127134994634080900e-02,1.390873130197353008e-02,-1.284164386578819650e-01,-9.136063171358320412e-02,-2.876129072672619080e-01,-1.545874591178007240e-01,4.679519462736506652e-01,1.795096099462495931e-01,4.094965769958820445e-01,1.512746492412290200e-01,1.240307484131627641e-01,1.648911231930279553e-01,-2.529119496124737632e-01,2.104608956767863026e-02,-3.437809423638955031e-01,-2.708550389175692352e-01,-4.261033093541098937e-01,-2.373614695972664224e-01,-3.594097946166465163e-01,2.055689580074759881e-02,-2.710513541417975403e-01,-2.758663226107175293e-01,-2.677542775922173712e-01,-1.760557484913161108e-01,-1.908003018638194104e-01,-4.990437279020703554e-01,-1.544106127013541996e-01,-1.712862460099371167e-02,-1.777477816311265058e-01,-2.133320114182171989e-01,-1.899408852786099999e-01,-2.990394089732215099e-01,-9.329334007017081598e-02,-2.604623582044036656e-01,4.665843950428889136e-02,-7.290591695626619240e-02,2.475046281419130967e-01,9.401930851514858634e-02,5.732543404022081290e-01,3.527799711206976996e-01,3.760126392263264949e-01,4.985924367720318551e-01,4.140493297416526081e-02,1.424672237085173043e-01,-2.811279868802986082e-01,-4.187058790843157796e-01,-2.182249573771393447e-01,-4.214541548536029358e-01,3.497340956400831202e-01,3.328577169959966997e-01,6.746308368379444476e-02,1.811470697933126872e-01,2.077800005534226335e-01,8.415021217346450866e-02,1.800465873739425515e-01,1.610989544762504999e-01,-2.499803858840419779e-01,1.223315364103863684e-01,-2.069783070225156008e-01,-7.187632247585012957e-02,-3.729018052242570880e-01,-7.404363073730246825e-02,-2.240773498122923812e-01,-1.579466955398913242e-01,-1.874431428448426751e-01,-2.564527928654389277e-01,1.391904827793044308e-01,2.779718416713836474e-02,1.701358273951203703e-01,5.843052304567371291e-02,3.536175780432774252e-01,3.872132290275207001e-01,-1.019133126907391940e-01,1.263601092910579260e-01,-1.892641714291372901e-01,-7.788239300744598248e-02,1.452346503448861403e-01,3.541507607124532719e-01,2.195411710499408087e-01,3.113312159459994399e-01,-4.326427704012367897e-02,2.648020981440144493e-03,-2.513691344417330331e-01,6.131474405494814067e-02,2.388112990405802383e-01,-2.106175992460827817e-01,-3.461139838460479679e-01,9.323032792453356254e-02,1.024387609879510858e-01,1.071639964130716022e-01,1.781870544547604907e-01,-5.720013325369459160e-03,1.436012235737186005e-01,-6.787820213652936974e-02
