0.000000000000000000e+00,6.896382807900226508e-01,-2.457434045485688556e-01,-6.280985666022442793e-01,-2.214943285310683879e-02,-2.219430183752486574e-01,-9.663005280424016852e-02,-5.159847664942374124e-01,-4.013204617911070998e-02,-1.437165566253917615e-01,2.187617135507301247e-01,-3.466368953981471823e-01,1.147230647980640728e-01,-5.937255189900455532e-01,2.404760998756736989e-01,1.662035205123751080e-01,1.999831504502894708e-01,-1.511978366672748209e-01,5.811155043465766612e-01,3.434554211792918421e-01,2.454914128795665160e-02,1.150254530598990715e-01,-3.545429799805588367e-01,-6.748490648489161581e-01,-1.925147088409909224e-01,-2.380512352519243979e-01,1.977543867811465406e-01,2.507825926227338353e-01,-1.848689442232810398e-01,-2.807218821582896373e-01,-2.073371166832176649e-01,-3.021255174749452599e-01,5.919541698115938361e-02,-1.948262709401716863e-01,-4.300025108856655315e-02,-1.781437728559923939e-01,1.922119033652088249e-01,1.206459639391014027e-01,1.161564854764696730e-01,1.967950754267709379e-01,6.096304807799064057e-02,7.025351746638844319e-02,1.553618651658715370e-02,-8.683417108091131880e-04,1.075380967110236251e-02,-2.242519228110176621e-01,-4.943765630175619985e-02,-8.504451364230718180e-02,-1.481376522040688259e-01,6.058966358726611962e-02,-1.851311286499343900e-01,1.075493335142160833e-01,-2.876360061976853677e-01,1.013347832182344560e-01,-8.429200106902445810e-02,8.476416080648609130e-02,6.456016952896358463e-01,5.604857666625399082e-01,4.314562887015683246e-01,4.663529495708831352e-01,8.835799808751292062e-02,-2.243006604355876066e-01,-8.166506629482341018e-02,-3.821182669827568462e-02,5.103028781537433112e-02,-7.735831185866262616e-02,9.244235271925256570e-02,-1.414825588290229696e-01,5.368846497882331370e-01,2.864017563807576550e-01,6.693067257730163366e-02,1.667934294013216912e-01,1.294610880713122913e-01,2.001750210542521113e-01,-7.726779407999678773e-02,1.019703218991275667e-01,-1.771733202421095499e-02,-5.587251009961888282e-02,-3.151340929270091684e-01,5.054336712198490705e-02,-2.929068294819903162e-01,-2.175001691064853276e-02,1.883279205923060751e-01,4.725754662763927416e-01,1.608773562047186023e-01,1.422494758868784459e-01,1.115133606591041382e-01,2.018122360349697830e-01,-1.218387124717712766e-01,2.093114482204535554e-01,-5.219428781498361980e-01,-3.275980462026511358e-02,-3.475087634038989681e-01,7.985685789916263655e-02,7.152392605819632432e-02,1.531517386796712732e-01,1.689229766536997634e-01,3.435940600920013854e-01,4.028157043403150089e-02,2.350066588806603574e-01,-1.132486668203936536e-01,3.573084816638394945e-01,1.360219514492373438e-01,2.229882846255739348e-01,1.406859717623629435e-01,2.201114281621255331e-01,6.657533233445372955e-02,2.750179085610112151e-01,-1.679311740011999454e-01,9.727796145723040244e-02,1.382895405517087783e-01,8.712237153922972044e-02,3.095334712424461787e-01,1.606114283146296284e-01,-2.375926253411298761e-01,-8.024799312237924920e-02
6.896382807900226508e-01,0.000000000000000000e+00,-4.910219213774310587e-01,-5.624985849956637418e-01,-2.025817369968692938e-01,-2.311132828296934838e-01,-5.336803967474844645e-01,-5.062002464230935805e-01,-2.666059470186542546e-01,-1.628185860517605277e-01,2.815761392934240104e-01,-1.338644790087892000e-01,-1.901722207461551128e-01,-6.101776338859727922e-01,6.679212440572290799e-02,-5.478504461707808804e-02,4.921414540370627200e-01,2.216025669393585917e-01,4.820027308231850105e-01,2.593439303183857625e-01,4.506086198634622064e-02,1.974867429248908235e-01,-6.996034864130672437e-01,-7.430759167604963356e-01,-4.301038377406936619e-01,-3.331400190116650673e-01,1.478517510624214881e-01,2.411919889274675155e-01,1.797501728934224052e-02,-5.354644909985155354e-02,-4.380709324598650589e-01,-4.326072156256569046e-01,-1.453109825921172493e-01,-1.480174853963094894e-01,-3.251519643144281657e-01,-2.547420229655590895e-01,4.033372481813126548e-02,1.654420432668786065e-02,1.256374860791261150e-01,3.051889987859849329e-01,-7.355370332319188797e-02,-1.914269366816472376e-02,3.022184843394147280e-01,3.393270925230727486e-01,2.146512587959352736e-01,2.664216147681378599e-01,2.759938456810340779e-01,2.115044317605466462e-01,1.984760392554597574e-01,3.439137915552514801e-01,7.399601722457944952e-02,3.346110845274412049e-01,-2.619590423560768863e-02,9.633069141567923710e-02,3.101778838517941783e-01,1.852602621154058604e-01,8.016453884213905479e-01,8.001275382701631411e-01,6.338738642861085903e-01,8.186587540430829701e-01,-1.933365391084723439e-01,-2.073360057116168109e-01,1.362220316258506703e-01,2.608312758364807471e-01,-3.748993134297459173e-01,-3.678905720130153933e-01,1.040112511205299739e-01,2.268861596312827036e-02,5.883504276653698239e-01,2.987138633244355579e-01,-1.464380061017352685e-01,1.922601389785071752e-02,3.777815259292502392e-02,2.336276036009448664e-01,5.913830317796960750e-02,1.412675037673914169e-01,-2.878951952196240338e-02,-3.026409100813617914e-02,-9.554575220111866107e-02,6.436972731605178355e-02,1.301674987590261956e-01,2.140843889235451991e-01,2.249115123683905482e-01,3.819334428814243898e-01,-8.294311916096659687e-02,6.533179309180989214e-02,1.631354334601624323e-01,1.895260506147777302e-01,-1.712365766118013055e-01,7.731103686762232086e-02,-6.136780771495422560e-01,-3.444528709166503333e-01,-5.216095765868682399e-01,-2.805736766009052086e-01,2.193756406780643098e-01,3.050937320203973152e-02,3.306253192879985980e-01,3.802449108299660319e-01,4.352045675865586771e-01,3.263480001821707499e-01,-1.689690710256062933e-02,6.855127228260241012e-02,3.098703245416851160e-01,2.292949257514704242e-01,1.568555602861993956e-02,7.314024669203600393e-02,1.031117196219931836e-01,1.950839983034060865e-01,-2.685981358681892028e-01,-2.362229397914889298e-02,2.637860447575208211e-01,3.462339629672003261e-01,3.755212099302171480e-01,6.454050785083884079e-02,-3.441608717015438579e-01,-2.533283841114375434e-01
-2.457434045485688556e-01,-4.910219213774310587e-01,0.000000000000000000e+00,4.773398832861033281e-01,-4.188615577617425811e-02,-4.611909186160170759e-02,7.779345619466213613e-01,4.245390896774834388e-01,2.282691796568130649e-01,-8.967398681233609836e-02,2.812019279353310600e-02,1.040776282731449565e-01,5.351276871165722149e-01,3.129885935730413182e-01,3.629155055265788354e-02,-2.751654727153263202e-01,-4.329390973180360924e-01,-3.718078638813498982e-01,-3.965855239881133087e-01,-2.194418686787519834e-01,-1.495926247699317369e-01,-3.251592406075441422e-01,5.690963435666870351e-01,4.673284068236744915e-01,7.525946428669556820e-02,-2.744425575964396652e-02,-3.075886292978943781e-01,-3.513295964054327092e-01,3.540685410181956816e-02,-4.855811655272571775e-02,1.410119351039427482e-01,-4.145210521090422762e-02,6.434599501763128837e-02,-5.547390953878748171e-02,1.753856356061389565e-01,2.574384360611278386e-02,7.939280499953466075e-02,-4.638354534217269121e-02,-2.599775516978520828e-01,-3.040422695296096101e-01,6.405714480282875822e-02,-8.416939428752436003e-02,-1.656117532075339072e-01,-2.169818938660673657e-01,-9.829983862158078733e-02,-1.965797359193171417e-02,-2.248973202422287487e-01,-1.124326978247632558e-01,-1.025058202669948820e-01,1.295560209899290251e-02,-7.443588239450045496e-02,1.070300546743958303e-01,-2.874486145568812545e-01,2.431876159110681612e-01,-2.833247484212930156e-01,-9.163623889732382122e-02,-5.760185630407631541e-01,-5.520241764966026254e-01,-3.645770465880489031e-01,-3.919365866255914987e-01,3.128054526979211492e-01,2.040510929118675987e-01,-3.332174823671140151e-01,-3.541569798781963319e-01,1.185243124282170241e-01,-2.953271761703723380e-02,-1.742458638392402892e-01,-1.034123734984093712e-01,-5.647943006809140742e-01,-2.296961471518109144e-01,-7.580390859076305277e-02,2.307520219958387464e-01,-1.293303039168336444e-01,8.215831545637043709e-02,-1.992807624097351071e-01,-1.264933909083301722e-01,-2.095714464893227436e-01,-5.420475040913104448e-02,-3.300436523767422137e-01,-9.013783470383247148e-03,-4.490893262785247697e-01,-2.890931541553291573e-01,-1.244946945543267680e-01,-1.409179485431157897e-01,-2.757150700031520962e-01,-5.958207057297286446e-02,-2.531404826940529262e-01,-1.401352278933722384e-01,-9.012199688577940404e-02,4.179304070264555637e-01,8.063507602090576321e-02,5.597082996503547347e-01,1.466435843792928406e-01,5.230610121398734380e-01,-1.119089349162008390e-01,6.830459293956227251e-02,-3.079149872075017669e-01,-5.269603019706575742e-01,-4.409353475381952991e-01,-3.488091979515516861e-01,-2.692488878445122857e-01,2.035467596827083003e-01,-5.392202332854356683e-01,-3.524401747388189454e-01,-2.984023981709923445e-01,-1.158499379407047503e-01,-3.985343080923425263e-01,-2.641411726145353467e-01,1.861439930426673772e-01,5.214292330370628135e-03,-3.613368924093292578e-01,-3.503699877296828080e-01,-2.046005579962190471e-02,-1.068553497693882220e-01,1.684873985907801019e-01,1.342784234525062348e-01
-6.280985666022442793e-01,-5.624985849956637418e-01,4.773398832861033281e-01,0.000000000000000000e+00,-6.697892668760795087e-02,3.494008226394079153e-01,4.829933044278545418e-01,9.411384512389883161e-01,1.635855540476489345e-01,3.196076067129181575e-01,-3.132589459507460067e-02,5.312589975367155715e-01,-3.868349210977549326e-03,8.320475688370488898e-01,-4.756080058185351844e-01,-1.697579997141439867e-01,-4.432652505190986525e-01,4.812178749075380030e-04,-4.811207044805452249e-01,-1.304888864420754579e-01,-2.515593068336341442e-01,-2.800593566805684165e-01,4.911179996908006107e-01,8.345573706233849753e-01,2.652044859252188913e-01,2.552328502630575868e-01,-3.261449843581191721e-01,-4.202520998699249555e-01,9.915028817646041881e-02,2.317962402761807039e-01,2.577982224592507143e-01,2.446383499158903130e-01,2.208417826173102450e-01,3.772938005927615190e-01,2.184193725414139142e-01,2.531966488174506869e-01,-4.497727302589091813e-01,-1.929499683155193324e-01,-5.016531136727500062e-01,-5.450933821397402346e-01,-1.110326018470145087e-01,-4.530145342307857481e-01,-1.569897013921500994e-01,-1.818324902791374209e-01,-3.075172230910901972e-01,-4.716872455901445493e-02,-1.863728875281930597e-01,-6.356344867609749205e-02,4.495477685246776489e-02,-3.478933587021755813e-01,1.897644099611255630e-01,-3.646385336641792541e-01,2.249626132287145808e-01,-3.634558339943179117e-01,-3.021044210767054317e-01,-4.105548242989030538e-01,-7.116795857864844921e-01,-6.629219227870201125e-01,-3.664773345455830111e-01,-3.920694162757691892e-01,3.094352080481637679e-01,6.214540722821821905e-01,1.599657415490852164e-01,4.170689718836061155e-02,-1.849954344112957755e-02,-5.100173533858161183e-03,-1.210147328961165142e-01,2.466169882958330339e-01,-6.395562270280708006e-01,-5.260470593681895179e-01,-4.648007885906160069e-02,4.412804788461927724e-02,-1.130991038085473188e-01,-7.987590781123872496e-02,-8.775146733886227124e-02,1.347601477492418702e-02,-9.376961994792809563e-02,4.694151123610978277e-02,2.210975168296925308e-01,-9.215949951175551880e-02,9.613614219897531621e-02,4.806654432077899115e-03,-4.122539703152863777e-01,-5.250418739692196413e-01,-4.250024249973791135e-01,-2.997650527830730827e-01,-3.985002395869706171e-01,-4.153420013003967792e-01,-8.679812048585598683e-02,-2.341605764057697880e-01,5.701742733948639286e-01,1.122906587804150258e-01,4.508468250408100841e-01,5.797495369550092342e-02,-2.668287861858295029e-01,7.820858441266259620e-02,-2.350044281397568602e-01,-2.129499883822076334e-01,-3.589082670490157702e-03,-1.110394714159189528e-01,-6.839487716516272353e-02,-1.827208302109397664e-01,-3.970188399213819830e-01,-2.580918395414475430e-01,-2.628830450028568633e-01,-3.541601386111520866e-01,-1.507462575922786097e-01,-1.586077615604516156e-01,5.455405734161402481e-02,-1.786173069100326083e-01,-2.739575936895357125e-02,2.267201936695461412e-02,-3.188711413819766416e-01,1.230148875382543888e-01,1.839690830443992120e-01,-1.435530922735125670e-01
-2.214943285310683879e-02,-2.025817369968692938e-01,-4.188615577617425811e-02,-6.697892668760795087e-02,0.000000000000000000e+00,4.788905500886514455e-01,4.338984183247954207e-02,-1.889705308196546266e-02,6.766280048812012282e-01,2.539559809698846427e-01,-3.512561571529983495e-01,-5.952197289458201895e-02,-9.709347979417080540e-03,-4.689762540304585024e-03,4.419718406547829548e-01,1.431174031244578648e-01,7.823402028507711603e-02,-2.476002729053160822e-01,-1.671642015491354161e-01,4.787521590800440999e-03,3.520852339145046916e-01,1.815635772834660877e-01,1.754302749002434325e-01,8.199625449731712257e-02,5.978330081669820384e-01,6.868140721147887318e-01,6.192287386949774097e-01,5.156119418037141688e-01,3.767575713762531808e-02,1.527968364625774955e-01,1.951251117816287517e-01,1.596931501505629292e-01,1.271499609804938868e-01,1.595861637756208484e-01,2.285746098809902649e-01,3.292321745376844966e-01,2.872825094416106562e-01,-6.857315142935659080e-03,-9.995606258894642032e-04,-1.254114795256812409e-01,1.309213983646358159e-01,1.184847736087433351e-02,-1.764389115555383136e-01,-9.391000741288527132e-02,-3.069883274784429225e-02,-4.586036907564593201e-02,-2.592721162066418672e-01,-1.652914026181106499e-01,-3.150182825579399548e-01,3.253402203843343971e-02,-4.302578738393978419e-01,-2.853482547349580484e-02,-4.055768537486912906e-01,4.306271480984710798e-02,-2.484400541388828709e-01,-2.938991590843285651e-01,-7.782011621491248358e-03,-1.550020123679963779e-01,-3.072754054055879536e-01,-1.538405216822823496e-01,-2.715061192918672983e-01,-5.393062864628676151e-02,-3.464145106922451034e-01,-2.958634582850071509e-03,1.141615277624452168e-01,3.974942940523516488e-01,7.125601097998629507e-02,8.017441006401909709e-02,7.851469951781454848e-02,3.034414135892019027e-01,3.534919351430815260e-01,-1.341974797541187203e-01,9.578045605354802705e-02,1.664989429699543222e-01,-2.261454670935123812e-01,-1.879807908208236955e-01,4.626653267344894016e-01,1.983347177411887985e-01,1.405236006065736613e-02,3.434508968943604246e-01,-1.488805818406750692e-01,-5.288061527725367306e-01,-1.526614334920272098e-01,-2.983493021701799641e-01,-4.417333480691165715e-02,-9.529491684659786854e-02,-1.219395575265794507e-01,-3.989256107695993148e-01,-3.204516406479980817e-01,-1.187987528176510585e-02,6.210670056274993078e-03,1.290951050005419987e-01,-6.094042120979135252e-02,3.021508886934733823e-02,-1.654981127829099341e-01,4.179084537046144632e-02,2.344667801485732575e-02,1.869368320055894983e-01,-8.965712384336353702e-02,-1.637018807018004452e-01,5.047171852389173985e-01,1.295400191482905528e-01,4.913500464318410477e-01,3.325250676755561741e-01,2.972385193075358645e-01,2.081504454802318993e-01,-8.026217407954144845e-02,1.704034050342451423e-01,9.714242929319262532e-02,1.017886781389582551e-01,-3.122391308074171437e-02,-1.672435753619541943e-01,6.354820194603649774e-02,2.256408503932518517e-01,1.758875565501898663e-01,1.061946193701295560e-01
-2.219430183752486574e-01,-2.311132828296934838e-01,-4.611909186160170759e-02,3.494008226394079153e-01,4.788905500886514455e-01,0.000000000000000000e+00,-1.385248434547453958e-02,3.847409145843826983e-01,4.926821867749908157e-01,4.861481043402856583e-01,-2.446426905342805602e-01,1.409457899730811314e-01,-2.542701950560428692e-01,3.607536048599028211e-01,-2.310431945937192200e-01,-5.744717530758352425e-02,-1.100497956214954859e-01,1.881089659840843795e-02,-2.804496120934699133e-01,-9.448660526092449163e-02,-1.440174202173664375e-01,1.756434408272447290e-01,2.313763084541337334e-01,3.836193136630177691e-01,5.537370663260288151e-01,7.095927111286841615e-01,1.783496908570254003e-01,1.839736538486504702e-01,1.359578059451379273e-01,2.927022281244137658e-01,1.687400243462024163e-01,3.056132127457408809e-01,-2.516251124984403981e-02,1.289012325593776043e-01,3.960664881158609124e-02,3.793407974381534514e-02,-2.953413890882884418e-01,-7.736678236722908941e-02,-2.459955499535184109e-01,-2.700349906017374679e-01,-2.466624924604269020e-01,-2.394777195637995126e-01,1.515450547130637038e-01,1.973443301646267689e-01,5.603620948653794537e-02,3.529323311197475610e-02,5.083318345971477026e-02,6.683545365744684996e-02,1.396377989457831537e-01,-7.155349288048627743e-02,3.616534197929075628e-02,-2.123652389128540818e-01,-2.312971968136500606e-02,-2.687446438603190435e-01,-2.667582360651728560e-02,-1.334882756941377924e-01,-8.182808735302718461e-02,-1.636470580779210426e-01,-1.401229826662122868e-01,-9.074640074848880356e-02,-9.884891586033320299e-02,1.624412182905931312e-01,1.854940386831118171e-01,1.615850202292833937e-01,-3.603788748556949195e-02,-9.034360134387746377e-02,-3.794965556088703701e-02,2.067222349093071967e-02,-1.610128480413243468e-01,-8.597564723195895431e-02,4.713311753633573492e-02,-1.096186340458824987e-01,-1.331331177598623072e-01,2.717816796103248930e-02,-2.051366729770896236e-01,-7.049806708935980881e-02,1.717020779597678570e-01,7.067183427470576096e-02,2.126569070954263119e-01,3.517020448710261871e-01,8.367271780760711375e-02,-1.269189729926907262e-01,-4.510069815971300411e-01,-3.837132282527588867e-01,-2.716590215275069831e-01,-2.453730608013732495e-01,-2.798738892004430379e-01,-3.850545485659324640e-01,-2.461051629070828140e-01,-1.897015402309283616e-01,9.659084573256532594e-03,-1.084401166597170896e-01,-7.123705955937519041e-02,-1.617709835948752672e-01,-1.780252524003564374e-01,1.400734619478299914e-01,-1.279691585874522808e-01,2.395622610310075284e-01,9.252954279874801152e-03,1.464906817017132268e-02,1.048942486636052218e-01,-6.160786740018654728e-02,1.314263728237547169e-01,2.038289412429290515e-01,2.490795720287554138e-01,4.887537949226758438e-02,-3.284331657679043920e-02,1.010446376431474169e-01,-1.287660083999563965e-03,2.299854032057827360e-02,-7.383108006492433706e-02,-2.896981596607260678e-02,1.592049989481279793e-01,1.371231787827810189e-01,4.030975493643848139e-04,-8.212958094153662014e-02
-9.663005280424016852e-02,-5.336803967474844645e-01,7.779345619466213613e-01,4.829933044278545418e-01,4.338984183247954207e-02,-1.385248434547453958e-02,0.000000000000000000e+00,5.341989418642081322e-01,2.077718775650403971e-01,3.374965680342069396e-02,-5.974204799041245295e-02,1.990334360033531313e-01,4.641097297863538418e-01,4.336926455899510202e-01,2.899140809285021339e-02,-1.896458620796859576e-02,-4.499207580374534610e-01,-4.179703862469217324e-01,-3.042175787232441198e-01,1.256869908049121701e-02,-1.647960288529665140e-01,-3.731024104775582662e-01,6.556069645497352161e-01,4.883543934035821099e-01,1.749383620438473563e-01,5.303439886229692479e-02,-2.815149575192419928e-01,-3.709896711976571337e-01,-1.100030343166447377e-01,-1.203997864318106792e-01,3.326423993870775142e-01,2.476058207542296552e-01,3.854967157702656189e-01,1.694165108329274971e-01,3.816750584098826948e-01,1.739660861538221137e-01,-4.129179692806635160e-02,-1.425112250001258629e-01,-2.987035849543244748e-01,-4.117720967099083307e-01,7.275523242108300481e-02,-1.837688350928849135e-01,-4.041317476825809218e-01,-4.035034017846663157e-01,-3.535069440319716927e-01,-3.041616018262650600e-01,-4.970103814335515846e-01,-3.610391037160748384e-01,-3.356230228901943557e-01,-3.112151545660350460e-01,-2.544088154943141555e-01,-2.408568163057825395e-01,-3.450862959117708129e-01,5.122466354488662554e-02,-6.042685437063060050e-01,-3.685876576804065219e-01,-5.422281817463375786e-01,-5.684701389849607933e-01,-4.493814548525745245e-01,-5.117011675305900287e-01,5.076751769045743101e-01,4.144576271145891111e-01,-1.664141651115260412e-01,-2.205331511011669743e-01,3.268514831852919467e-01,2.399603477134536755e-01,-1.033883803112632949e-01,-3.614830117184917452e-02,-4.848090980857384102e-01,-2.831284802785141719e-01,4.747156269077335011e-02,2.115739147136597165e-01,-1.087394034308887952e-01,-8.620795946464481982e-03,-2.352476018467665186e-01,7.517979597972949089e-03,-1.151840347456807023e-01,-2.546860877553058441e-02,-3.316747997176016094e-01,-1.261561455925695567e-02,-5.060207896666705230e-01,-3.016605461334568861e-01,-1.659119790699428998e-01,-2.302632349025358627e-01,-1.959185859454278533e-01,-1.085058464706993159e-01,-2.412965933117372230e-01,-1.490364445774673141e-01,-1.366808828675745713e-01,2.306853339852664997e-01,2.560502010860254973e-01,6.139347980729357168e-01,2.859600626556793035e-01,6.026808999796630095e-01,-1.510184878167718514e-01,1.549505497732820702e-01,-2.525909650015081276e-01,-3.511368806054921410e-01,-3.620537276060585286e-01,-2.343839449024233135e-01,-2.234985754643897815e-01,2.512968634374192489e-01,-4.772188796836338009e-01,-2.227605369230785115e-01,-2.425234897467868911e-01,-4.828931797598904480e-02,-2.572067832973213286e-01,-6.515374096796529291e-02,2.171120376218753922e-01,6.816684961313608515e-03,-2.574552716830350030e-01,-3.078843319870987472e-01,-1.842456322819346626e-01,1.017303783294148944e-02,1.305820701769413450e-01,9.099458584826088103e-02
-5.159847664942374124e-01,-5.062002464230935805e-01,4.245390896774834388e-01,9.411384512389883161e-01,-1.889705308196546266e-02,3.847409145843826983e-01,5.341989418642081322e-01,0.000000000000000000e+00,2.071660888098970643e-01,4.156677613970621299e-01,2.664783121964299159e-02,6.127376589021736875e-01,5.305686746101499068e-02,8.723691433049587385e-01,-4.787990962954083440e-01,-1.523725484802548324e-01,-4.438188123297280852e-01,-1.253195343458970296e-02,-5.324446028299544276e-01,-1.272039497356476645e-01,-3.048545389377208537e-01,-2.754225637416312100e-01,4.245580708569086648e-01,7.498961222813333993e-01,2.704346566978645394e-01,3.180592387868948490e-01,-3.311150781426125400e-01,-4.348663957227157928e-01,1.627027141153056800e-01,2.593255627111280548e-01,3.121611745613770417e-01,3.076152537617122817e-01,3.459176083486635855e-01,4.799209189163136657e-01,2.347212797123890415e-01,2.465617886972664152e-01,-5.219069282627497586e-01,-2.588263732894345859e-01,-5.594065624356562294e-01,-5.766191048836154520e-01,-1.757759773333795739e-01,-5.038507433607104513e-01,-1.314177971599755912e-01,-1.517347553573982766e-01,-3.079656666639638551e-01,-3.944825455339683734e-02,-2.169591881809428691e-01,-8.545766754612339755e-02,5.260099127654811746e-02,-3.672440329402302250e-01,1.430585659706345714e-01,-4.254024653828696878e-01,2.163350194582301100e-01,-4.128080104338482936e-01,-3.430131130520482907e-01,-4.399982797633234521e-01,-6.562654704068363598e-01,-6.610761258699513476e-01,-2.673355172663171020e-01,-3.183420747421716324e-01,4.351056046284818013e-01,7.612765525398030864e-01,2.416587546435791933e-01,1.555720700781817178e-01,-6.739701583393029050e-02,-4.548889846600622650e-02,-9.796975303517387046e-02,2.546192134741833701e-01,-6.597705786025339636e-01,-5.995232677043546010e-01,-5.892052493576432903e-02,3.791067726104283692e-02,-1.645681043765649110e-01,-1.183112780587360358e-01,-1.294837544350537772e-01,-2.252775865078233963e-02,-5.542838864911236313e-02,9.197435888598967657e-02,1.864637782724359039e-01,-2.818777321090483109e-02,6.890007354968469278e-02,1.070501401475822296e-02,-4.564531307900019375e-01,-5.267443624447816219e-01,-5.119746779579222862e-01,-3.614292228115985606e-01,-4.536928932104313805e-01,-4.274953475989011209e-01,-1.728068314757067181e-01,-2.473848877803781487e-01,5.242688298950543002e-01,9.240481284030772902e-02,3.422802517093885832e-01,1.946145945757482565e-02,-3.084203047166672040e-01,8.679445902234049492e-02,-2.447602266887652367e-01,-1.333664387163696619e-01,2.047288321450035226e-02,-2.714257473542225005e-02,-7.017732942610262203e-02,-1.440477857063486022e-01,-3.688649059056957613e-01,-1.890602840534114926e-01,-3.026280802155303373e-01,-4.041205423720654055e-01,-1.075990963651315413e-01,-7.078919101680228310e-02,6.673173357220540947e-02,-1.880632507350967209e-01,-3.072584510097393223e-02,4.430152241029242099e-02,-2.470344407791483510e-01,1.385503011414577490e-01,1.114558326540236594e-01,-1.636716439248976085e-01
-4.013204617911070998e-02,-2.666059470186542546e-01,2.282691796568130649e-01,1.635855540476489345e-01,6.766280048812012282e-01,4.926821867749908157e-01,2.077718775650403971e-01,2.071660888098970643e-01,0.000000000000000000e+00,2.151316126364369863e-01,-1.550559604238179179e-01,1.409822856542977954e-01,3.487323910191692522e-01,2.044626382433596956e-01,2.981251162130881815e-01,-4.155083639736797951e-02,-2.110898580435316418e-01,-2.798208096305235260e-01,-3.391981520711109255e-01,-1.517811137724534298e-01,2.116163035369600376e-01,4.413117641876423969e-02,2.728208204622530886e-01,2.570018354652661152e-01,5.479425092919463225e-01,5.593323239105081335e-01,3.178412539448390861e-01,2.604043451748511706e-01,-2.507366755785557857e-02,1.827949236433748792e-01,1.083941294855888249e-01,6.650182095918064085e-02,-8.276797533786907357e-02,-7.697600990285896443e-03,1.184230235444151680e-02,1.239762209701817802e-01,2.442340458455972141e-01,5.788780798410212564e-02,1.690031803291226070e-02,-9.228790417103439891e-02,2.584575255280067152e-01,-7.407465132862076085e-02,-2.056786540287001142e-01,-1.627515384850963531e-01,-1.788991631982638497e-01,-2.681650916914594257e-02,-2.021172222568490551e-01,-8.718430411134783786e-02,-2.293217117066163602e-01,7.256963549127021240e-02,-3.429573983096976253e-01,7.550019929424210685e-02,-4.813783454620296776e-01,-1.849361824425675704e-02,-2.092364833568775284e-01,-1.297187920767060854e-01,-1.975276830097907610e-01,-2.884564758681506524e-01,-2.873125221650643657e-01,-1.405294897686774624e-01,-2.863704789828086517e-02,1.661650285280226458e-01,-2.321646970234474971e-01,-1.852887733756081179e-02,-5.987176342088779829e-02,1.564947567990879751e-01,-2.237583691183447354e-01,-5.321895327311935986e-02,-1.544013962195586454e-01,2.012962168937244833e-01,2.919420489460992085e-01,1.542628753375828964e-02,1.068508408257586723e-01,1.529978556861460726e-01,-2.605006308437805007e-01,-2.788646392745218194e-01,5.421176119839221652e-02,-8.031913248493692536e-02,-1.332212377823071559e-01,2.696603928883327672e-01,-3.416781517813195501e-01,-4.432881025546000497e-01,-1.170684788151131889e-01,-2.208903912115982859e-01,-2.341502579834774389e-01,2.987661794315751851e-02,-2.074935620269204029e-01,-3.419261400202848744e-01,-2.643795664859815431e-01,1.451994639750678884e-01,-5.475121043296174439e-02,1.240980493203862889e-01,-2.928494501183473778e-02,1.372141442270041756e-01,-7.038952430325742804e-02,2.595589574481423356e-01,-1.842501430555730513e-02,1.385520665503109650e-01,-1.065413679842729250e-01,-1.518841852987750929e-01,3.097953007674411618e-01,1.952257968465387072e-01,2.284752025601976821e-01,2.037442024584109890e-01,2.425682721710764687e-03,4.060362310125630730e-02,-1.282289746543167630e-01,1.131744586801056579e-01,-5.401729474015713739e-02,4.384209303135883085e-02,4.503607101337025326e-03,-2.146243516539275420e-01,1.159310227828967144e-01,1.493347523886396355e-01,-1.789292879579230033e-03,-3.211312704772019411e-02
-1.437165566253917615e-01,-1.628185860517605277e-01,-8.967398681233609836e-02,3.196076067129181575e-01,2.539559809698846427e-01,4.861481043402856583e-01,3.374965680342069396e-02,4.156677613970621299e-01,2.151316126364369863e-01,0.000000000000000000e+00,-2.782055970331530625e-01,1.554259846631134145e-01,-3.711712151680998661e-01,4.670426086860724468e-01,-3.797009046256922260e-01,1.683949992122027450e-01,-2.697610486477240999e-01,1.282269299427069575e-01,-2.222160675411240516e-01,5.956958754218687896e-02,-7.744644593382919717e-02,3.093850458738674480e-01,-6.404582325114774322e-02,2.164065861707633320e-01,5.913661970384918032e-01,7.062169297109303079e-01,3.713730744888951718e-01,3.545080443175795959e-01,4.091386928843711579e-01,1.778059401766943215e-01,3.340442028189591905e-01,1.620728170050349803e-01,4.329570524265166087e-01,5.464675018875541079e-01,3.427032699232346324e-01,2.946046085034476070e-01,-1.958887449016613880e-01,2.645620463849076565e-01,-3.856545787588381846e-01,-3.076592744057727868e-01,-2.244543212128993215e-01,-1.865786931999130760e-01,-2.999750941920024949e-02,3.755329843042236326e-02,-1.709580667697650491e-01,-4.204286296888254393e-02,-8.457522299503565655e-02,5.111497451450627318e-03,-3.373664148303826688e-02,-4.288374312658881360e-01,1.429946172756296763e-01,-5.261098747931162167e-01,2.334938001746053871e-01,-3.154682004611673585e-01,-1.516720784365327146e-01,-2.076223805289890978e-01,-9.681205166480090496e-02,-1.377626371521754878e-01,-1.004802883639692029e-01,-1.591022039529656207e-01,2.609427621606522085e-01,4.006083820309241372e-01,1.046087991219229185e-01,2.945284828882244188e-02,-4.929951361319560160e-02,-7.625567013592343679e-02,1.674937374413793256e-01,3.456188058830834686e-01,-1.247802958677053931e-01,-1.357331589749627976e-01,3.974106607772134175e-02,7.731693123882851792e-02,-2.702119414655504981e-01,-1.638281589071399202e-01,-1.312345827477498506e-01,1.583822940936317203e-01,2.875816189647495968e-01,2.975691596516091275e-01,1.371573535562861934e-01,2.198619184118641157e-01,1.618249179056163445e-01,1.611547499385879850e-02,-7.464978222167271138e-01,-1.361242689786988647e-01,-3.087825375362598379e-01,-2.093122265555163730e-01,-7.207738198092903392e-01,-6.560379716673301331e-01,-3.708462492216916262e-01,-2.683867263001342152e-01,3.767730969285615350e-01,-3.223987386826688423e-02,1.748065494848638490e-01,4.284221991056189061e-02,-3.110377589233673246e-01,1.392179367267392665e-01,-1.724442553944180723e-01,2.465432126934893609e-01,1.607267440943680736e-01,2.651005061486456649e-01,1.717202407458845725e-01,2.788440067241043097e-01,9.165310757789364715e-02,3.866976684286214105e-01,-1.508609473421770042e-01,-2.575094589595083860e-01,8.236797127435191435e-02,3.310924124004211988e-01,1.262810253433671592e-01,1.752494606340723737e-01,2.294326335688780527e-01,2.121334562376246680e-01,-2.021657917609787636e-01,2.554503194810187408e-02,-6.828893078009626305e-02,-2.719702793862458640e-02
2.187617135507301247e-01,2.815761392934240104e-01,2.812019279353310600e-02,-3.132589459507460067e-02,-3.512561571529983495e-01,-2.446426905342805602e-01,-5.974204799041245295e-02,2.664783121964299159e-02,-1.550559604238179179e-01,-2.782055970331530625e-01,0.000000000000000000e+00,1.967577966571342485e-01,4.280739217537356534e-01,1.400164561178930504e-02,-2.057222915511379702e-01,-1.314389779793210533e-01,7.697458574574113366e-02,2.808401617424159322e-02,1.548763990123784573e-01,-1.831979309043546278e-01,-2.732283800143317509e-01,-7.312688327189775794e-02,-2.083051396572490610e-01,-1.619930125606099114e-01,-4.546905153544280043e-01,-3.852468767349762069e-01,-4.420313829164915220e-01,-2.854519548278468544e-01,1.517297993877646800e-01,-6.307668264709687111e-02,-2.391243982187658823e-01,-2.282884119348384533e-01,-9.210120823313337757e-02,-1.508957213054342716e-01,-2.608807999956903045e-01,-3.012037059969202568e-01,-2.501059862275534229e-01,-2.681531758349995354e-01,-6.038771517797494881e-02,1.867568130179925456e-01,3.566244766967817479e-03,-4.179117762513077233e-02,3.222555968464040355e-01,1.963043935787902039e-01,1.967785526547599639e-01,1.092701515393162681e-01,3.058222515168407263e-01,1.604325092694523502e-01,4.463832507524818638e-01,2.220469175275572304e-01,1.897246651098198345e-01,1.623316165511003994e-01,1.275419045599089363e-01,-1.982610718695009822e-01,2.878563691400052860e-01,3.453993524000770199e-02,-3.291617882369310411e-02,4.916222568757221134e-02,3.886192852735120828e-01,3.387870147876569371e-01,5.081577975186039181e-02,2.570357523821035703e-02,2.811220609930799585e-01,1.445308043702488998e-01,-3.214794685583770573e-01,-4.285859889998979155e-01,7.048136815254402165e-02,-2.743415047976913851e-02,-1.075278349475754652e-01,-1.485995804587442182e-01,-1.854513009392916301e-01,-6.130685182511048242e-02,1.044865200091048968e-02,-1.187766853134654826e-01,-3.594369887286887055e-02,-1.576653309919536505e-01,-3.608738708792742500e-01,-2.702711044994409173e-01,-8.121954703490991134e-02,-1.176743349261050314e-01,1.301307761985129041e-01,2.921542985625015243e-01,2.501934170565541793e-01,1.778945898999997610e-01,-7.831304142860440187e-02,-2.728871555140978400e-02,1.674846655290353481e-01,3.274756192195488746e-01,6.778286467547212091e-02,-4.520630461850708159e-03,-2.543135571513333582e-01,-2.729556430623543695e-01,-3.733476632037573406e-01,-3.283962571078316572e-01,9.906160578399345051e-02,2.521008416796995805e-02,-8.941063261804312046e-02,-7.750369849313409887e-02,6.689921321668507170e-02,1.314260659485895488e-01,-2.867745579735288541e-01,-1.484000480698949853e-01,-3.478427044379330257e-01,-3.296488372559640001e-01,-1.018889369652152405e-01,-1.066889070672561723e-01,-1.861646781451326282e-01,-2.297074747729062894e-01,9.183790162841282134e-02,-1.793895508750460166e-01,-2.869332435004963780e-02,7.423898678959540975e-02,2.951599709280398609e-01,1.840265685832347398e-01,8.136352999393724195e-02,3.109509715534911761e-02
-3.466368953981471823e-01,-1.338644790087892000e-01,1.040776282731449565e-01,5.312589975367155715e-01,-5.952197289458201895e-02,1.409457899730811314e-01,1.990334360033531313e-01,6.127376589021736875e-01,1.409822856542977954e-01,1.554259846631134145e-01,1.967577966571342485e-01,0.000000000000000000e+00,8.393550602778079850e-02,5.512330577292724465e-01,-1.936832364353161806e-01,-3.460777716871338838e-01,-2.190618173919962330e-01,7.601973229207228955e-02,-3.942645711068482606e-01,-6.911411495206784550e-02,-3.695228412142891050e-02,-4.047716700013492264e-01,-2.585435706895675145e-02,3.395262965267653588e-01,-8.240521998204372242e-03,1.333556345790243292e-01,-2.702311902787336018e-01,-2.548461101690879804e-01,-3.552338392442578457e-02,2.767383420600904032e-01,4.835180920816743028e-02,-8.615261130931209377e-03,1.410951978560034126e-01,3.349351561291367130e-01,-9.259251824583901447e-02,2.804694963046638553e-02,-2.750261233410166151e-01,-3.046737171761949581e-01,-1.244881915700910835e-01,-3.495194910957197254e-01,1.532867332428258511e-01,-4.655239946250545047e-01,-3.972768300267382618e-02,-1.147869212810060935e-01,-2.166646729908643376e-01,7.221961478303529081e-02,3.158932362275520406e-02,4.504285932364728018e-02,1.816362941863753633e-01,-5.535949506530069703e-02,5.166272516875547449e-02,-8.043708177359801259e-02,1.941466193390705697e-01,-1.667106711734190894e-01,-6.821731441889362924e-02,-1.574280715071010306e-01,-3.107045771001886170e-01,-3.686216455833641881e-01,2.490815393887975057e-02,8.375671967899231407e-02,2.461056603345309624e-01,6.029389557932547383e-01,3.762683930892043449e-01,5.682890421310112794e-01,-4.078142280572236711e-01,-1.719855392660022408e-01,-1.578961311132308920e-01,1.725234080585595353e-01,-4.712586339680230885e-01,-3.594580200540871129e-01,-6.976557760854854018e-02,-1.690424872649027854e-01,-5.601389992760184150e-02,3.887859504600463950e-02,-1.288332637703313854e-01,-7.982725502229945369e-02,-8.962862368709191563e-02,-8.917038927388702685e-02,-7.066532217763477064e-02,-1.628950771984710444e-01,4.262334484932774753e-02,1.768572898363373128e-02,1.605544186064773726e-02,-4.749633970303503427e-01,-5.392186493718902351e-01,-1.380990760892651104e-01,-1.751880502843967957e-01,-3.027532477876201944e-01,-2.095332085234965502e-01,-3.640292573101825413e-01,2.765569824370243124e-01,-1.872256090782526139e-01,-2.525312779188922108e-02,-1.398671719151195758e-01,-1.475222675814895079e-01,1.003974984779856250e-01,1.261987137780778423e-01,7.455333948809976519e-02,3.495626005136479586e-01,5.959647554872771896e-02,2.115647247429397748e-01,-2.268366936141091306e-01,5.509144832565777972e-02,-1.506384377906756821e-03,-2.696628295078259963e-01,-1.693243561195640901e-01,-8.156671426361075672e-02,-5.660592409574256856e-02,-1.444840275511198591e-01,-2.103913123575389954e-01,2.208266415544261063e-01,1.775270076456480772e-01,2.743057997209011681e-02,2.127805923285720491e-01,1.257106423761411920e-02,-3.535121119218055941e-01
1.147230647980640728e-01,-1.901722207461551128e-01,5.351276871165722149e-01,-3.868349210977549326e-03,-9.709347979417080540e-03,-2.542701950560428692e-01,4.641097297863538418e-01,5.305686746101499068e-02,3.487323910191692522e-01,-3.711712151680998661e-01,4.280739217537356534e-01,8.393550602778079850e-02,0.000000000000000000e+00,-1.568716880307385528e-02,3.280158380821771580e-01,-2.213169998325143217e-01,-2.303811177458614523e-01,-3.212650566967165111e-01,-1.167179590662763278e-01,-1.763213113502891671e-01,2.271370596976902273e-02,-2.703767681360972897e-01,2.578368584462180646e-01,5.957170538955471745e-02,-1.247719699510268093e-01,-2.087569201036580113e-01,-3.534726953567426389e-01,-3.186596852209926944e-01,-8.295020871067422530e-02,-1.298253932949982540e-03,-7.061564016191711202e-02,-1.000495724445931850e-01,-9.853684630382424092e-02,-2.887694752224655992e-01,-1.992615616949977853e-01,-2.705811932879619852e-01,2.080433565142796870e-01,-1.261419191314929467e-01,1.602691549838130836e-01,6.051099051674838081e-02,3.062691544225341067e-01,6.828221278055164600e-02,-2.374869975047324000e-01,-2.961074165181531437e-01,-5.579883290973289278e-02,1.125237760410780809e-02,-1.422221014501879321e-01,-1.840292157736021506e-01,-7.430391562427922370e-02,2.346143970656608124e-01,-2.947359139183324817e-01,2.537503370967357785e-01,-4.394109141924499307e-01,1.416664003013916595e-01,-5.025268662010783788e-02,6.119330411894906979e-02,-3.201171021259477945e-01,-3.830175881075465472e-01,-5.184536438350594023e-02,-1.312478250665018997e-01,2.964238382358549417e-01,6.756426464744282046e-02,-2.258856376956594469e-01,-7.880563782989995214e-02,-1.003282606193184046e-01,-7.343123210180013682e-02,-2.652209236463738407e-01,-3.229012734818474395e-01,-2.831047349024967130e-01,-9.579690273842329795e-02,1.621787118634220315e-01,2.004539217883098412e-01,2.529690038298945121e-01,1.233286403740807419e-01,-1.794196668266818118e-01,-3.995140840161522933e-01,-2.505649759481741734e-01,-3.113173417271480337e-01,-3.247582987950731748e-01,-6.047357817596440283e-02,-4.570974860591671129e-01,-2.593139533397914587e-01,3.658376135419560415e-01,1.574895376955794818e-02,-5.902438734134551890e-02,-3.206847205672820004e-03,2.172355269141601486e-01,2.491989758991257353e-01,1.237820268407340968e-01,3.646504893055704244e-01,-1.226926443718774212e-01,2.012703804683152187e-01,-1.510057707858096232e-01,1.756873443897497555e-01,2.424755861120581890e-01,1.511526879558934000e-01,5.875388677934057641e-02,-2.412979014649613008e-01,-2.406004014721679074e-01,-1.626344100876123966e-01,-6.096255362870889316e-02,8.302973978258673671e-02,-2.509703350107052033e-01,-2.692239737758544971e-01,-1.936686753294505070e-01,-7.893802902938754085e-02,-1.293282081910845371e-01,-1.737891030964419103e-01,7.108544807232014540e-02,-9.405854268675718777e-02,-1.957480883549304052e-01,-2.978605549217079318e-01,1.169444684392555167e-01,-8.863811669851948127e-02,-7.160498752358848695e-02,2.195993809113682207e-02
