0.000000000000000000e+00,6.519407491567688062e-01,4.619932687800433202e-01,2.317356832279653667e-01,-3.586898316807931031e-01,-8.148758272756632948e-02,8.795215965904794320e-02,1.575502676747032524e-02,-2.225402119411427349e-01,-2.576141210459900188e-01,2.089865611714988858e-01,-1.006563652197789947e-03,7.128623237374619170e-02,-8.484197305732089911e-02,1.750516922696406796e-01,-4.082167316335594959e-02,-5.787693074184229597e-02,2.599402078067539201e-02,7.294701938751538828e-01,7.144210180865172566e-01,-1.891326440832755973e-01,5.654268242122853505e-02,3.248949283672896478e-03,-1.050613889322158101e-01,-2.595956901338952183e-01,-1.523501239130332363e-01,-2.208034705050170576e-01,2.615217077381135069e-01,1.031505749722398946e-01,-8.570563226779930044e-02,-2.577465406965464556e-01,-1.657052425449102584e-01,2.727475033281308026e-01,1.575132822081407036e-01,-3.538211098522252018e-01,-3.715342670903741262e-01,-7.529645585086047754e-02,-3.418249240114885207e-02,-3.650493314441660697e-01,-4.439753466103103091e-02,-1.072346380483549660e-01,5.720103587993299876e-02,-1.802413098680517856e-01,-1.517806437245340645e-01,-6.731194262677933637e-02,7.227573543451169640e-03,-1.761704234351814946e-01,-8.380146306578396820e-02,-1.058523123774832500e-02,2.735624291396172025e-01,1.390854311788117803e-01,1.010332886916720380e-01,3.053977673909398782e-01,2.985966483943327532e-01,-1.068479137747371105e-01,-2.284874200127828270e-01,7.066219027616189585e-01,5.172266567818721850e-01,2.590209282833627613e-01,1.756644264989695448e-01,2.403311192389524786e-01,-1.509545953916404705e-02,2.200684771340186419e-01,-2.608396492091220598e-01,-2.506845603817082213e-01,-3.688182247239579770e-01,-1.725498942569537175e-01,-2.525609082545558493e-01,6.001140047030724123e-01,5.980516648419991199e-01,-4.653254005285395456e-01,-4.299528090194691954e-01,-2.877422728942343744e-01,-2.038946363056119981e-01,-2.028819443068977102e-01,-4.988109232198078002e-01,-3.806869664572159473e-01,-3.623802874739420754e-01,-6.818558989842523656e-03,2.142340389046910321e-01,3.457878363958080126e-01,2.855658350050137018e-01,2.026060023846153191e-01,2.306811643815127877e-01,3.318515031769110890e-01,1.135009135173307149e-01,3.898259508667255985e-02,-9.569282000430819057e-02,-1.299135433239867743e-01,-1.223974443246391985e-01,-5.545671834168591774e-01,-3.582300026344253929e-01,-5.493121424955037524e-01,-4.476955454454623617e-01,-5.033740470793871546e-01,-4.442474393586386405e-01,-5.052786235907534840e-01,-3.962432381531252323e-01,-5.879232885667513564e-01,-4.828305829015435702e-01,-4.629434565337695595e-01,-3.370835918468438885e-01,-4.505947587532884713e-01,-3.778302324962478642e-01,-4.361569520948343492e-01,-1.808184908683589665e-01,-1.901700536899001426e-01,-3.934013343742359670e-01,8.318780558390659330e-02,-2.946437833162408038e-01,-5.417702843064156060e-01,-6.037292460082709367e-01,-5.638363297768079763e-01,-1.235084913713355853e-01,-2.191969442057135897e-01,-1.210954719772459609e-01
6.519407491567688062e-01,0.000000000000000000e+00,7.965326438755714056e-02,1.953765620164349057e-02,-1.059949958942449644e-01,-1.178270773718243791e-01,-3.428256598621038376e-01,-2.906459401080339622e-01,-1.911737323655821330e-01,-3.720445384376677156e-01,-2.204041469330002556e-01,-2.644117843855232075e-01,-7.153267786925568417e-02,-9.535915121641609649e-02,4.116914551895607677e-02,3.030992662810715749e-02,-1.139033907625402464e-01,-5.106249678416131810e-02,5.002061945720077674e-01,7.014901357817419081e-01,1.953353725506450089e-02,2.032829176003964067e-01,-1.854557874166473941e-01,-1.237991262081115651e-01,-5.140496395588717293e-02,-7.354385893584314271e-02,-1.569935516242189355e-02,2.023792923394408805e-01,2.242091956694759469e-01,6.134629221944785417e-03,-1.536630027249409336e-01,-1.427423495815475715e-02,1.474673365163433336e-01,1.325397022522134816e-01,-3.660450925870273875e-01,-3.521350150225463493e-01,1.473187364384260234e-01,2.663509303472333944e-01,-9.821332292481371046e-03,3.594704349321167225e-01,9.339386174238901994e-02,3.677821097667252626e-01,-5.261687566983547053e-03,5.780005440705918152e-02,1.812635495496944249e-01,1.796971784500014102e-01,-2.107803858444786890e-02,1.486010993883890297e-01,1.963734040902201661e-01,3.464822432801323293e-01,2.652118072375183044e-01,1.271036200414157880e-01,4.603283589785695518e-01,2.902093257929772019e-01,9.378934986809289720e-02,-3.673418517125102978e-02,8.388946137315803631e-01,9.017404035645708582e-01,1.235036715439096489e-01,1.039683487255551597e-01,-1.201518404859734102e-01,-2.574620563210615609e-01,-4.272577244872644009e-02,-3.247100250962888790e-01,-3.404167100691965486e-01,-4.843172263461711924e-01,-1.491522853117416836e-01,-1.717983475502321833e-01,6.801646920955266573e-01,5.865607561981690532e-01,-5.757695081328679798e-01,-6.503150880334161998e-01,-5.697296086266592230e-01,-3.249840983960403107e-01,-2.620155936000873043e-01,-5.638610370873130551e-01,-6.609944653614412413e-01,-5.851588190478318463e-01,-5.133803921486360111e-02,3.507546218631055202e-02,4.415196655811387538e-01,4.782668680222937341e-01,3.820095807937476939e-01,4.318590622481028318e-01,4.652916101544244953e-01,2.243752396583288400e-01,1.955083007817097207e-01,-1.421561279018014948e-02,-1.431615474628980533e-01,-2.653009809711821543e-01,-5.256256275962774005e-01,-5.631651092348809451e-01,-4.708241663619458506e-01,-4.299728749761196900e-01,-4.199574286525997735e-01,-3.072714922803606585e-01,-4.391001787311463733e-01,-4.503095803277875064e-01,-7.173137777597372589e-01,-6.317304336054982983e-01,-2.955925486827177262e-01,-3.539274463759420342e-01,-3.438531786504605003e-01,-3.947901327767606716e-01,-5.817240076020202544e-01,-3.838967033823694197e-01,-1.547945446142980908e-01,-2.975365866341063148e-01,6.148146957983609273e-02,-3.603037834104593773e-01,-5.510856496543314886e-01,-7.582843670725124552e-01,-7.334483120620172159e-01,-3.063476373535157782e-01,-4.768646678541129669e-01,-2.851043477195194797e-01
4.619932687800433202e-01,7.965326438755714056e-02,0.000000000000000000e+00,5.390486897174896486e-01,1.088278679965058726e-02,3.265790634231975909e-01,6.648537435201247181e-01,3.964657687732326408e-01,1.069322003593267817e-01,2.258546683672556787e-01,2.375750304275369984e-01,1.285870336330643404e-01,1.408854887577541126e-01,-6.315968053593048331e-03,3.265177641588314916e-01,1.897653099072749844e-02,-2.021622978568198836e-01,-1.426429392313312533e-04,4.339281493810858703e-01,2.525914589294541157e-01,-1.557352604329076962e-01,-1.095241002588870638e-01,3.705373532954832627e-01,2.009981786026204809e-01,1.294508933874382317e-01,1.515094796621345719e-01,-7.575730290833312432e-03,1.300707037793689957e-01,-7.033460000163656300e-02,-1.042280573358400353e-01,2.950658433643869524e-02,3.034060472182312229e-03,1.796983730233188137e-01,1.153290891587606531e-01,1.539960923793319836e-01,2.760123667002096007e-02,-2.190055880777155017e-01,-3.105401929007209350e-01,-2.231674451384989544e-01,-1.949727254327909831e-01,-1.489101261811601462e-01,-1.537725678264253437e-01,-1.187083397416401759e-01,-1.951678255196173939e-01,-8.049928746774653865e-02,-1.061027778055416149e-01,-1.719275853455184411e-01,-3.499808732246602605e-01,-3.504458885652010358e-01,-2.783970060729615836e-01,-2.854784860562631921e-01,-2.236740398008848496e-01,-2.132428750930320249e-01,-1.704120535542994475e-01,-3.555429412955867785e-01,-4.711794726860553117e-01,1.362089966837561339e-01,-4.245274016303390158e-02,1.392744243337675769e-01,1.085508763529243054e-01,4.311578655673177773e-01,2.255167026973235178e-01,1.658144383772635622e-01,-8.202711224433577308e-02,2.647768915883627616e-01,1.007726898150232975e-01,2.919028071356353782e-01,8.808559815907060497e-02,-1.574205447201497757e-02,1.059726189792081219e-01,-3.604427412613072507e-02,4.616554149454673607e-03,9.570513504336559604e-03,-8.564491794683810888e-02,2.707757179542199522e-01,-9.832551938166306238e-02,1.622902807925915847e-01,1.731293307242607049e-01,-6.060806813429951007e-02,-8.175881549295344313e-04,-1.314467661180764857e-01,-1.319449869956184074e-01,-2.936582593756031923e-01,-2.540110760085391162e-01,-3.205007877902354280e-02,-5.288696333544912892e-02,-3.141096724077623303e-01,-2.081654908789817571e-01,-2.567955864497385443e-01,-1.647031224536516236e-01,-2.019460275203957267e-01,-1.030143191124742452e-01,-2.429261793737100827e-01,-2.026278204649073766e-01,-1.824470064484828291e-01,-1.734829423188922748e-01,-2.415523330448896000e-01,-4.588410257480120269e-02,-8.705478906652784621e-02,4.964324917896095063e-02,-2.246846828717984634e-01,-1.989270996732893371e-01,-5.656674618604707466e-02,-2.180165509697577081e-02,-2.220218695794005104e-01,-1.392114198588620677e-01,2.129641205790984426e-02,-5.981374879085625540e-02,7.078500036125092224e-03,-1.866394209829649320e-01,-3.314217424468133277e-01,-1.548882157229406475e-01,-1.579561566017925744e-01,-1.774318735972385819e-01,-2.260608224819901368e-01,-2.515231853478550050e-01
2.317356832279653667e-01,1.953765620164349057e-02,5.390486897174896486e-01,0.000000000000000000e+00,-1.186600939772374658e-01,3.921770900362176460e-01,5.059755967214949468e-01,7.954189616224340842e-01,2.186686925944211213e-01,4.621912023947090109e-01,1.457383764326423449e-02,4.312724255558182396e-01,-2.471057909362838478e-01,-1.083943257258277171e-01,1.301947223653015726e-02,-1.843689347419736335e-01,-3.166026865687378566e-01,-8.017114789546039844e-02,1.162834850888887495e-01,7.170119697230457369e-03,-4.110079932692970450e-01,-2.555844929461875137e-01,9.873242976785495673e-02,2.049227512975574650e-01,7.628065945507526979e-02,1.654735993631477053e-01,-6.959158056084643884e-02,-6.562900587521383611e-02,-2.149914723257125571e-01,-1.971596040450706577e-01,3.834517796540737409e-03,7.719245236592117698e-02,7.057257721860332733e-02,3.267851686272073564e-01,9.763216562921230024e-02,1.342593850122262567e-01,-2.532888191214167084e-01,-3.425033592720514442e-01,-1.784056150240150573e-01,-2.956121289147437547e-01,-1.738646691247893450e-01,-2.250570290787706207e-01,-2.124621814983413681e-01,-1.896593549865409900e-01,-2.214241740927748170e-01,-9.793616720090410344e-02,-1.810134836832691940e-01,-3.493348397716699028e-01,-4.389487333018685100e-01,-3.045433283434093030e-01,-3.115274605996413149e-01,-1.551151024126776190e-01,-2.534690432470007027e-01,-2.793404957470494998e-01,-2.572025391909751324e-01,-4.857965181755547479e-01,-4.840665785311246659e-03,-8.590882043069955620e-02,2.186775743166999297e-01,3.526480762330120311e-01,5.067776814565487786e-01,6.657380391905990402e-01,1.926044783324870613e-01,2.106485800996069357e-01,6.205112047301825778e-02,4.354557748564868991e-01,1.041859569587921946e-01,1.883995544855604221e-01,-3.809193881383263897e-02,-2.988332486963743082e-02,2.224087602115749074e-01,1.005564090193046684e-01,1.914258865042859914e-01,1.382306196695965439e-01,3.662139944872312980e-01,-5.310873652119017796e-02,1.780282826911873395e-01,1.795510054844969561e-01,-5.682356918066926166e-02,-1.817371021537931841e-01,-2.498021602613670622e-01,-3.773770497240653832e-01,-3.217475864565810251e-01,-5.304248665546404951e-01,-2.249581233065266750e-01,-2.290528968572029256e-01,-1.201666664119214745e-01,-2.846865521352833772e-01,-2.998092558362381865e-01,-8.592461120858588264e-02,-5.163013531116823068e-02,-1.998600976909376270e-01,-7.141155766344192690e-02,-2.980449527472998628e-01,-2.535619009269891033e-01,-1.076006015822774109e-01,-1.917719857197245636e-01,9.386279553346549287e-02,1.065762198048601783e-01,1.674484973831705803e-01,-6.196759858697482165e-02,-2.954554136316044355e-01,1.562739930020138890e-01,8.807606544146698302e-02,-1.227651663193884274e-01,-1.716692317440651205e-01,1.358113051011471117e-01,4.013149868692732908e-02,1.891515665176768668e-01,-1.520724312846898074e-01,-1.412541860794051252e-01,1.780601176141304379e-02,-1.027517343238642383e-01,-2.057931323503603416e-01,-2.095969203554483296e-01,-9.232570844003709643e-02
-3.586898316807931031e-01,-1.059949958942449644e-01,1.088278679965058726e-02,-1.186600939772374658e-01,0.000000000000000000e+00,6.130036760796498951e-01,-2.125028122720677426e-01,-1.240539019901688161e-01,6.265115875897878661e-01,4.292222521876142838e-01,-2.153663532549648096e-01,-8.467523295455452181e-02,3.125115154828839170e-01,3.334745316833488959e-01,4.934832779805077840e-01,2.301764833254248410e-01,-3.020129790454897240e-02,1.482009575919750743e-01,-2.170374844317675689e-01,-2.249597659990461573e-01,3.468407414841738201e-01,4.015281882698028548e-01,9.366088930854980787e-02,2.454955535559341095e-01,6.531312587345784459e-01,5.981723573880856071e-01,7.637084600775041476e-01,2.027048927865140182e-01,2.524076155665530008e-01,2.723664869199038940e-01,4.616434692410929519e-01,2.776676474555215823e-01,8.528709057079088274e-02,7.821283251992004748e-02,2.533907191650741630e-01,4.012693884032987324e-01,2.777616160290660718e-01,2.908391020754098055e-01,3.276447873149371803e-01,2.612327337927479176e-01,4.859574303471131951e-01,3.060070513136643466e-01,-1.967341675821895342e-01,-7.300153419932987886e-02,-8.237192496771245098e-02,-1.549617254011144141e-01,-2.725905908363087105e-01,-2.490925230561347181e-01,-2.622237022460107703e-01,-3.172559545810471060e-01,-2.899903325872073001e-01,-1.986143886910715362e-01,-3.393304705579200387e-01,-3.970627678768748892e-01,-1.894677196568228805e-01,-2.246401502201916117e-02,-9.129152310489792310e-02,-2.218490181209062384e-02,-5.115178338248284329e-02,-3.413338190927814320e-02,-8.154723039805374107e-02,-2.545216513864925756e-01,7.724279990157897902e-02,1.715718993597294684e-01,1.231318850316386326e-01,9.254457572513674624e-02,2.269976820322115452e-01,3.128820437964237033e-01,-1.502371547678600094e-01,-1.926604769407209705e-01,1.767871712894272807e-01,2.249398074728039820e-01,5.420229698181246170e-02,1.158936800125621169e-01,1.707570395025906351e-01,1.091684404488591359e-01,1.263752984969137849e-01,1.080031170456181994e-01,-1.449845628391100150e-01,-1.618986737144503529e-01,-9.892667902734168794e-02,4.802310528877672818e-02,-3.288924229983576364e-01,-1.072594662287948281e-01,-8.814672910926442395e-02,-1.705349854294263001e-01,-2.522666693989372710e-01,-2.198249786149695795e-01,7.890572819349181422e-02,-3.754242927170609034e-01,4.357389413699097047e-01,-1.416502656696806139e-01,2.985920181566105724e-01,-1.489513993264013174e-02,2.868222973693929090e-01,3.392756216362230459e-01,8.777781178677569740e-02,1.003005692566599771e-01,7.706198625772263909e-03,2.390172025814314705e-01,4.101228631627614751e-01,1.220601192697480346e-03,5.674386327751684833e-01,3.744024979858582292e-01,9.441712396006048114e-02,-4.921679269719133054e-01,4.524558755364843088e-01,5.319638847993860553e-01,5.050337054785183216e-02,2.347829851081372973e-02,1.095716290384085440e-01,1.218328159968752079e-02,-1.178297263431737490e-01,-3.566105176841333768e-01,-2.264517381196608781e-01,-1.671519254676458871e-02
-8.148758272756632948e-02,-1.178270773718243791e-01,3.265790634231975909e-01,3.921770900362176460e-01,6.130036760796498951e-01,0.000000000000000000e+00,1.967057590524713129e-01,3.678248707293983455e-01,5.213671858682932259e-01,6.529537370852542821e-01,-2.254068159118275128e-01,2.121501040638244795e-01,2.137709202231609651e-01,3.204338994298758792e-01,3.507236018617834183e-01,2.579416871217749541e-01,-1.570256054971327642e-01,3.471858635318526842e-02,-1.327681128819272471e-01,-2.536165901255486022e-01,-1.213855618076128823e-01,7.680118909939794014e-02,1.491107778597806632e-01,3.817730575385423486e-01,5.181435957510094337e-01,5.936360125028766754e-01,5.889469918066146947e-01,3.229097850206120723e-01,-4.079274412688609075e-02,-3.821742173960754590e-03,2.030871678057345753e-01,8.715683363545431717e-02,3.150367185210569548e-02,1.358862070559323787e-01,3.910688643416193044e-01,4.906308468252633670e-01,6.749143022529051350e-02,-9.650728908716121879e-02,1.242481416044814990e-01,-8.353857174337540881e-02,1.920530488503771060e-01,-4.985186249130600655e-02,-1.918675447414559532e-01,-1.822367622824919153e-01,-1.448481865976156413e-01,-1.609670484153032655e-01,-3.131703270914467652e-01,-4.845482007255916823e-01,-5.341713675747090662e-01,-5.049288495865942306e-01,-4.649656655463482724e-01,-3.412765002834087791e-01,-4.643744610734776290e-01,-4.846589476726794743e-01,-3.430740304287548392e-01,-3.275463275193721824e-01,-8.042826704268667137e-02,-4.331239925966992588e-02,6.294762309053443528e-02,1.344249378504204506e-01,2.245445105672023156e-01,1.611971942278131453e-01,1.820326477737167215e-01,2.159228447297565356e-01,3.078071144466472120e-01,4.245095403133686829e-01,3.608041458294629633e-01,4.312811564641127471e-01,-2.211822007501673681e-01,-2.874034078336845655e-01,2.236034001503652557e-01,1.879155577875495087e-01,2.405484277566450058e-01,1.122041439827637654e-01,2.216854830665020426e-01,1.130834646188824399e-01,1.588381105800077964e-01,1.741014583157567686e-01,-1.058279746535626953e-01,-6.860271612275548048e-02,-1.386179908721625886e-01,-5.251274342447969506e-02,-4.185134496774121637e-01,-3.749273558922116556e-01,-2.273894572361798844e-02,-1.296153879927915142e-01,-3.067438113512259146e-01,-3.336734528375204789e-01,-5.090981189277285490e-02,-3.371234589943501447e-01,9.943975010246754176e-02,-2.430781769542590953e-01,3.565325805746205612e-02,-1.736860277480205272e-01,-3.215625908276092959e-02,8.244377994246135377e-02,-2.412237600371041138e-02,7.978758883228961873e-02,4.402722654989212753e-02,2.544115497220776345e-01,9.001348489833316258e-02,-1.474182982203853243e-01,4.355713182825937668e-01,2.729742774560336982e-01,1.361262825885926619e-01,-2.856116859604478364e-01,3.364214942588438229e-01,3.042231360684728436e-01,1.503515956874265647e-01,3.560668404676973348e-02,7.654781077009137347e-02,5.091316758917462104e-02,-1.832081258632670129e-01,-3.559156855557202848e-01,-2.075156331680271804e-01,-7.909136988691578898e-03
8.795215965904794320e-02,-3.428256598621038376e-01,6.648537435201247181e-01,5.059755967214949468e-01,-2.125028122720677426e-01,1.967057590524713129e-01,0.000000000000000000e+00,7.129028446876167768e-01,9.588371537398462929e-02,4.134214376145015080e-01,3.963484417536352611e-01,3.007886478947890962e-01,-2.940584818099554673e-02,-8.353145409239320918e-02,-1.273398911220220975e-01,-6.720714230204090367e-02,-2.700987571296649681e-01,-6.919169920144253860e-02,1.304359754827439655e-01,-1.729843029992455539e-01,-3.201164781494296729e-01,-4.455763961939742113e-01,2.552367200638157585e-01,1.121107395502336235e-01,-3.644119005103591685e-02,-4.328062493010200081e-03,-2.423696660147425519e-01,-1.086891696311991368e-01,-3.200816800745424628e-01,-2.373729044418315115e-01,-1.091964310791027071e-01,-8.175371245514929941e-02,4.977938681095921830e-02,8.929711299067226438e-02,2.942471061882613315e-01,2.364442831191954364e-01,-4.582958432947871197e-01,-6.150422866830529411e-01,-2.677329371851667750e-01,-3.995885618644800519e-01,-4.910872797017688529e-01,-5.882645083182516110e-01,-1.031419807008794598e-01,-3.181625215899254178e-01,-1.602895185405124878e-01,-1.049543995434214089e-01,-1.694005030411060986e-01,-4.328315309258062293e-01,-2.812258659907731495e-01,-3.469832288012538735e-01,-2.278491291087715309e-01,-2.245002675746484433e-01,-2.695384195636388314e-01,-1.409813439890583719e-01,-2.973327392570292993e-01,-4.127739010171451728e-01,-2.845401546107810820e-01,-4.775053988179303599e-01,6.914896974999647228e-02,-1.780342678463742861e-02,5.952316721047994363e-01,5.513661667220793872e-01,9.480464579139771808e-02,9.450004533648477534e-02,4.023337771949280217e-01,4.602590347453542341e-01,2.896248934584054746e-01,1.440883665525305724e-01,-4.779469653396710149e-01,-2.699758222553073628e-01,1.648372057514751188e-01,1.788404857882692489e-01,2.566216513041054137e-01,9.300398015668370766e-03,3.244763556644016944e-01,7.225399924425664200e-02,3.102432457029697943e-01,3.053736604356954154e-01,7.364779524415555889e-02,6.235607943587048035e-02,-2.907210060421081543e-01,-3.785956039794186601e-01,-3.011441922399439863e-01,-4.121628268202678913e-01,-2.181565559440510060e-01,-2.485293633431985214e-02,-2.376922130065972638e-01,4.227242830236325848e-03,-1.588124278660197897e-01,1.582009221675672594e-01,-1.244409763440599281e-01,1.209331895769497900e-01,-9.942367942959978722e-02,-8.283506252582514828e-02,-7.999590719224240754e-02,-9.755232989028954360e-02,-1.458553590568627822e-01,3.246711929464238255e-02,2.367321567946420457e-01,2.070828687106517352e-01,-2.207798379301890435e-01,-1.083770631852591093e-01,-1.664379634099832916e-01,3.801428296976489679e-02,-2.476807158417149851e-02,2.964707266651634976e-01,-7.649707710777219061e-02,-9.016919986312933732e-02,-1.328128249049048970e-01,-1.823666044378854656e-01,-9.094098250341436929e-02,1.623985872401399189e-01,1.710020431769688209e-01,-9.953021683553373022e-02,8.491113015432935618e-02,-3.500604763336821051e-02
1.575502676747032524e-02,-2.906459401080339622e-01,3.964657687732326408e-01,7.954189616224340842e-01,-1.240539019901688161e-01,3.678248707293983455e-01,7.129028446876167768e-01,0.000000000000000000e+00,2.118881841358086215e-01,5.533341390410393412e-01,2.304487877330383405e-01,6.406131399422266837e-01,-1.341255370348738984e-01,1.191538429670750410e-01,-1.095372873835204902e-01,-1.068839436311958963e-01,-3.527219889657059460e-01,-2.553467686525964786e-02,-7.149538099309324206e-03,-2.280108024583130111e-01,-4.880691369812482638e-01,-4.060389456034018130e-01,1.940911686163001582e-01,3.130436956055985820e-01,-2.118290080250256630e-03,9.174242065726673223e-02,-1.483524244206968212e-01,-1.013540582404724166e-01,-3.169242684975395741e-01,-1.988670564393910101e-01,-6.169238199330668443e-02,-1.874238977471106085e-02,1.819008907726146068e-02,2.551138333240458023e-01,2.913119320784147148e-01,3.357602188465728665e-01,-3.698062026054200202e-01,-4.679435017487745263e-01,-3.146822195326668958e-01,-4.784203357830249526e-01,-2.877755341056305594e-01,-4.085065666581446098e-01,-1.817734457844908114e-01,-3.191439615872981861e-01,-2.728156697108173323e-01,-1.112375337708876727e-01,-2.550749207289955689e-01,-4.920900736949095355e-01,-3.970389786702840373e-01,-3.796577227891008155e-01,-2.375558213489730175e-01,-1.449527627945066122e-01,-2.364224480621178737e-01,-2.128225156441861388e-01,-1.934995683026391466e-01,-3.557773171706051230e-01,-2.650649623301441493e-01,-4.279651137834729058e-01,-6.818036996187156612e-03,1.064389523803100090e-01,5.765820139230440899e-01,7.072786763949636679e-01,1.983888789275684017e-01,2.798867511638535865e-01,2.938343030575865655e-01,6.634035392369709294e-01,9.524414323149804629e-02,1.839837414007614580e-01,-4.941261826765847021e-01,-3.852209114886889219e-01,3.120401957322337938e-01,1.874815792753327659e-01,3.514821914563294736e-01,1.903489243402296804e-01,4.016336312891777283e-01,1.077020776323012463e-01,2.727502216871165452e-01,2.198528791925542791e-01,5.005428402680871941e-02,-5.738730546633616370e-02,-2.589858074484125416e-01,-3.756748891940017709e-01,-2.984647646847517488e-01,-5.489174315975585694e-01,-2.005688054281924426e-01,-4.627891102548684077e-02,-1.863537841007129325e-01,-1.328062419392004312e-01,-5.907910672904936877e-02,6.597568197360877129e-02,4.730626950237738770e-02,-1.042433612132633164e-01,4.273057109355579003e-02,-2.159617010261388470e-01,-2.720305088494827106e-01,-1.167582373383454775e-01,-2.779976073515871837e-01,-3.483795692702244817e-02,2.193286116761934135e-01,2.174630682203762544e-01,-5.237425589223335815e-02,-1.866756793624696209e-01,3.687923861092441691e-02,2.390802006518607040e-02,2.172157352037636449e-02,1.000673256196504546e-01,-2.827557836926251900e-02,-3.397890288510067164e-02,1.325721602562711376e-01,-1.675425974196325662e-01,-1.361866306617408318e-01,1.536022384018056186e-01,1.271637845601067685e-01,-1.821535867064755509e-01,9.182029010815760672e-02,4.241444442715383567e-02
-2.225402119411427349e-01,-1.911737323655821330e-01,1.069322003593267817e-01,2.186686925944211213e-01,6.265115875897878661e-01,5.213671858682932259e-01,9.588371537398462929e-02,2.118881841358086215e-01,0.000000000000000000e+00,7.279237015516865084e-01,1.091332135702864081e-01,2.209445333363675712e-01,4.036557564581564339e-01,3.150499603827682238e-01,4.180510042116168390e-01,1.909379225282848147e-01,-2.527576428394201491e-01,1.050583613756866236e-01,-3.818075330014793212e-02,-1.278790767784254712e-01,1.302479514390296189e-01,1.011918811475819718e-01,5.934369244385696851e-02,1.903369325842959037e-01,3.674760611648722475e-01,3.151489436318362647e-01,5.415498072798505813e-01,9.623063688397723303e-02,9.761108838220108885e-02,1.943077811243967834e-01,1.084721732539444955e-01,1.048506279651089529e-01,-1.018199565755277397e-01,1.294732145223161102e-01,1.319689320464787763e-01,2.539163486570683026e-01,-2.879058111883699839e-02,2.374934620461482959e-02,1.349129353505713891e-01,5.754408626155781137e-02,1.860163676078721851e-01,4.035997884502492278e-02,-4.476078717760192949e-01,-3.487778511662253389e-01,-2.973523949450174175e-01,-2.510956796059534701e-01,-4.650643594447058660e-01,-3.988457129763377518e-01,-3.198088681423748025e-01,-1.608177049241307222e-01,-2.007422216630495859e-01,-1.148968949512760296e-02,-2.449623061189439843e-01,-3.023058234719460668e-01,-1.761121145778082320e-01,-8.828612834050826585e-02,-2.094205431063121681e-01,-1.861325995846397352e-01,1.689580042892987743e-01,1.315736435098449342e-01,2.462102752465929467e-01,9.721853540226789436e-03,1.970959227158672611e-01,3.109070250752540288e-01,9.409625003542833321e-02,1.256828926573674010e-01,-2.974776556280528741e-02,7.250805659100870160e-02,-1.321047023321164082e-01,-1.784506687806982628e-01,1.763889088907577007e-01,1.877665998158506433e-01,1.459878473733423609e-01,1.302634380816569681e-01,3.333797204738384035e-01,6.564253468714859041e-02,2.661655008730746674e-01,2.303687910287870177e-01,-3.297424910218957894e-01,-2.492344028821918411e-01,-1.643268047645653207e-01,-2.017424067339530502e-01,-2.959863150925238218e-01,-2.995218209850711300e-01,-1.359664783691061918e-01,-2.268963415939037609e-01,-4.533132386228815036e-02,-2.335958912071061655e-01,7.529921223881358427e-02,-8.498948311558657265e-02,3.148885663742665431e-01,-8.538465176810214330e-02,1.335604056619973112e-01,-9.862674959861880697e-02,2.096379376711138276e-01,2.086264397136471660e-01,7.916431828148075972e-03,1.226103866369095963e-01,9.824624156170552736e-02,2.906453552109409810e-01,2.022947240332653163e-01,-1.093960107505431018e-01,4.047263904396445899e-01,2.936648482513995462e-01,4.879484750715452207e-02,-3.661342659952017131e-01,3.524346492188210611e-01,3.104904463807315329e-01,-4.613071976763359616e-02,-1.357613740014220471e-01,9.265364189028388320e-02,-3.205122480798231008e-03,-1.784624236345843107e-01,-3.613334426779244435e-01,-2.804078198017204149e-01,-2.322616255212670358e-02
-2.576141210459900188e-01,-3.720445384376677156e-01,2.258546683672556787e-01,4.621912023947090109e-01,4.292222521876142838e-01,6.529537370852542821e-01,4.134214376145015080e-01,5.533341390410393412e-01,7.279237015516865084e-01,0.000000000000000000e+00,8.660340259096219184e-02,3.009584467937876928e-01,1.663492361845564649e-01,1.813287528187521869e-01,1.880479690122673075e-01,3.975765120009999015e-02,-3.672821121968256608e-01,-1.175447263406349946e-01,-1.867903510057627725e-01,-3.464857623388539754e-01,-1.100247866563088261e-01,-7.907069430606506258e-03,1.025836291676054529e-01,2.092069483059427193e-01,2.533136911339837205e-01,2.366140693426927455e-01,3.953694631043376262e-01,6.775836597889008106e-02,-2.135537336237819939e-01,-8.087490403679950535e-02,-1.978638379261549868e-02,-8.162156908689326140e-02,-2.571180951563101225e-01,-3.114461335818466750e-02,2.162187791606973719e-01,3.386904772350010639e-01,-2.027806111108618747e-01,-3.129492786487251821e-01,-4.272558856317337783e-02,-2.209748320929865728e-01,-6.725313706873785324e-02,-3.099822084959348856e-01,-2.306436595535420742e-01,-2.427007069244873916e-01,-1.979193015963140456e-01,-1.625602595000281148e-01,-3.210435070277395386e-01,-4.229002798948063302e-01,-3.347180374181906726e-01,-3.151369443356681344e-01,-2.920914237647721512e-01,-1.311662386234872246e-01,-3.665367619507173269e-01,-3.180741112193851139e-01,-2.805176078700664100e-01,-2.133901196079625029e-01,-2.991896093276638080e-01,-3.505672336054629912e-01,1.709526710308876818e-01,1.525364198937081694e-01,4.395443576340117287e-01,3.635769729049534438e-01,1.337460862673489348e-01,2.975703040391268761e-01,2.518415241985689779e-01,4.464033912660914094e-01,1.734673191107794499e-01,2.398783051204219918e-01,-3.675357942137856826e-01,-3.201894373492306101e-01,3.870706945128876697e-01,3.638831664182652359e-01,4.230190081174398653e-01,1.616072795974859422e-01,4.565226927779874599e-01,8.683013975431462528e-02,4.666425575848827112e-01,4.436244323225620456e-01,-2.615962994827424337e-01,-1.584678948112010766e-01,-3.860431036880289102e-01,-3.707597182861442908e-01,-5.454094511367478804e-01,-5.193813037014624046e-01,-2.556917695666208745e-01,-1.415315540438680797e-01,-1.921495353854545673e-01,-1.613390977274876403e-01,-5.195051162577125209e-02,5.787488079876436375e-02,2.259854921507946646e-01,-4.592004890918083976e-02,6.412054866249253249e-02,-1.624397892830984624e-01,1.277777105459889095e-01,1.946165598463165669e-01,-7.289126284822819782e-03,1.553803415672150023e-01,3.007375925347697820e-01,3.815075339935785625e-01,9.002138216510620350e-02,-1.725302000818806636e-01,3.523983203324809743e-01,3.909273329109767547e-01,1.238353045068077279e-01,-1.468517593483837369e-01,3.076706335480020038e-01,2.968465702524641370e-01,-1.347739079291185825e-02,-1.144130096875645847e-01,1.244198783726208901e-01,1.600147931801623735e-01,2.313310572267619422e-02,-2.920279593283167663e-01,-1.366625978809958286e-01,3.883696695360227408e-02
2.089865611714988858e-01,-2.204041469330002556e-01,2.375750304275369984e-01,1.457383764326423449e-02,-2.153663532549648096e-01,-2.254068159118275128e-01,3.963484417536352611e-01,2.304487877330383405e-01,1.091332135702864081e-01,8.660340259096219184e-02,0.000000000000000000e+00,4.176301410287660554e-01,4.327821429490363303e-01,2.104414377192223295e-01,1.729252520004939397e-01,-2.479879030312377719e-02,-2.298717899918660545e-01,9.679028250279801682e-02,3.658661341956884194e-01,1.809511640749047745e-01,7.208146441887312850e-02,-9.337379532624724698e-02,2.856027640456002548e-01,1.246417839827051316e-01,-1.624283080113404221e-01,-1.799600748698856612e-01,-1.741585674494985914e-01,1.805790888063640853e-02,8.765732429367065204e-02,6.220147869886404057e-02,-8.095352793938709324e-02,-7.351258856003788957e-03,1.131185845697917774e-03,6.073234239401501672e-02,-1.755771934449647242e-02,1.562249168030019342e-02,-2.054121190037206113e-01,-1.461167009665479410e-01,-2.971755735229607009e-01,-1.555850539740670779e-01,-1.636482671239667952e-01,-8.743456830231885468e-02,-2.352301313896454638e-01,-3.275110481118905237e-01,-1.255829647513603819e-01,-1.339740357240874202e-01,-3.118868100693304446e-01,-3.146898667148023132e-01,2.794395259674629234e-02,1.426484026605417399e-01,2.318280669154534554e-02,8.950689101444050944e-02,-4.089443814405119282e-02,5.008725464079424178e-02,-2.041369222990707943e-01,-1.352184405270522027e-01,-1.913228444348092638e-01,-3.034821751115558963e-01,1.235764643395843715e-01,3.151450331673799621e-02,4.269743761517645342e-01,1.249434784538328430e-01,1.676259344839733934e-01,8.194698752276245723e-02,1.300893583744612836e-01,-1.787316808462677264e-02,-1.750045744479669096e-01,-3.112774706138754510e-01,-1.671411137888978438e-01,-1.044179552544074879e-01,-1.907358723593751207e-02,1.992035078082906308e-01,8.003668582684252131e-02,1.774896352839724634e-01,1.160605546004878780e-01,1.897589434792541427e-02,3.356540884118798251e-01,2.647206805724284240e-01,-1.952263762791341117e-01,7.058605947939147448e-04,-1.639309768566187264e-01,-2.103098068157324974e-01,-8.733196512799056010e-02,-4.070357401860616973e-03,-1.715863694419662855e-01,-8.688465912952979264e-02,-1.387186878746736463e-01,7.787647241363059025e-02,3.422210481119172809e-02,2.265404316866320433e-01,4.471474351782051687e-02,6.667230671325943825e-02,-4.936468145217827452e-02,-5.499899530504853695e-02,-1.178564247201073084e-01,-1.117348140857341715e-01,-1.915836389118109884e-01,7.797881301154197496e-03,-1.123004511157694660e-02,3.528302942899606831e-02,-9.549164576869773047e-02,-6.504972042254086873e-02,-1.563674528866133007e-01,4.670584819850998742e-02,-1.300738894125362533e-01,7.839639258973378488e-02,-1.095456354446010666e-01,-2.577165884925738948e-02,-9.756817656402323735e-02,-1.190593532846765806e-01,-1.408319852714206011e-01,-6.443552961804306645e-02,-2.053766395897152139e-02,2.997642951474654982e-02,6.414536255271746645e-02,-1.123385010491021602e-01
-1.006563652197789947e-03,-2.644117843855232075e-01,1.285870336330643404e-01,4.312724255558182396e-01,-8.467523295455452181e-02,2.121501040638244795e-01,3.007886478947890962e-01,6.406131399422266837e-01,2.209445333363675712e-01,3.009584467937876928e-01,4.176301410287660554e-01,0.000000000000000000e+00,3.743264857703720860e-01,6.208079331586717764e-01,1.820865553017544936e-01,2.318319296033460319e-01,-1.704672327695467005e-01,2.829621182179281047e-01,8.608559798355942816e-02,-9.372545976627601194e-02,-1.806493843695551049e-01,-1.111227548408411370e-01,3.367487284575004236e-01,4.761441668293082130e-01,-1.003317777860864984e-01,3.165857212436076762e-02,4.204178532633960630e-03,1.112013930983521970e-01,-3.657097337481348201e-03,1.285715130445975463e-01,3.082879001831777266e-02,-4.962271866927134983e-02,-1.352317944503277636e-01,7.177228604032284687e-02,2.253303300881162319e-01,2.132904073311095439e-01,-8.899021422975064710e-02,-1.853453647542806781e-01,-2.377121453179398269e-01,-3.686594026706432881e-01,1.147513234002448951e-01,7.548561251916380277e-02,-3.259343342674536625e-01,-3.696388236948037198e-01,-2.941935993870432031e-01,-2.203189004731542777e-01,-4.032942560782274422e-01,-4.653083120165858455e-01,-4.411677186232396131e-01,-3.156431402700744515e-01,-2.949526692886492163e-01,-9.298522029385343501e-02,-2.376002341560024822e-01,-2.788041720714256044e-01,-1.714068591639739403e-01,-1.808136181949574484e-01,-3.718155311538810515e-01,-3.426089042785603889e-01,-9.661021775596469185e-02,5.567874259525069924e-02,4.388198492013993257e-01,4.029754205212627283e-01,4.323774317676591372e-01,5.333249929031770309e-01,3.043502216053932674e-01,4.086722989506324510e-01,-2.387585128792568123e-01,-1.903484646635810462e-01,-3.902446196450724547e-01,-4.792528536749742218e-01,3.411170656780023180e-01,3.264790810829810153e-01,4.124302849297902251e-01,4.514092262670771905e-01,2.355200142973030708e-01,2.507256684212803011e-01,2.270202625319049927e-01,1.779848055972305387e-01,-1.581951131004665501e-01,1.130468950248078239e-02,-1.044666995858853503e-01,-1.095059419075505025e-01,-1.020786385575134653e-01,-2.430383416039187672e-01,7.144920442393081286e-03,8.210586586671983489e-02,-1.530095829613269676e-01,-1.130972041735339301e-01,1.865402502799380080e-01,2.045194259258177050e-01,1.249531220178857344e-01,-8.304694811065424509e-02,5.866038669141649536e-02,-4.362195901557745087e-02,-3.473705180967986417e-01,-7.394071237707389166e-02,-1.815380796937668129e-01,7.513969838509608479e-02,2.173568022852148951e-01,2.144609457505688987e-01,2.435865959641458564e-02,-1.960024087764671019e-02,9.891779175100730293e-02,2.754580314947924560e-02,-4.746039753147935497e-02,-9.897384743502948834e-02,5.121234626047018595e-02,7.031548470676458884e-02,-1.018067611484966932e-02,2.889102726420945694e-03,-5.363928806074393790e-02,8.664587270266878305e-02,-5.075481788403646277e-02,-1.886250590305364461e-01,-1.612890433092262557e-02,-6.310550636916190115e-02
7.128623237374619170e-02,-7.153267786925568417e-02,1.408854887577541126e-01,-2.471057909362838478e-01,3.125115154828839170e-01,2.137709202231609651e-01,-2.940584818099554673e-02,-1.341255370348738984e-01,4.036557564581564339e-01,1.663492361845564649e-01,4.327821429490363303e-01,3.743264857703720860e-01,0.000000000000000000e+00,7.459657914129413925e-01,6.134473388470349509e-01,5.348475997713723062e-01,-1.005086101413509569e-01,2.985057731649994328e-01,3.160991983253834681e-01,1.944860557094361675e-01,3.150459256413190579e-01,3.080729515222459525e-01,4.035448907233404880e-01,4.154622169725335490e-01,7.857160820857898853e-02,7.058498724123768442e-02,3.788196788270102311e-01,3.174326473809986338e-01,2.607510897178446085e-01,2.941671007727247877e-01,1.317971199941688487e-01,-1.143508005142257478e-02,-1.323886737395582880e-01,-1.695291971824426092e-01,8.749905446155897826e-02,8.718908559084236065e-02,1.555978887257062904e-01,1.267776337873150749e-01,1.926208099485821751e-02,1.179605433048065873e-02,3.858960004462470006e-01,3.387703322022355690e-01,-3.192302457897608914e-01,-3.182186832757044614e-01,-1.037207707206795337e-01,-2.091013997063146113e-01,-4.608598556454385209e-01,-4.345679081214617878e-01,-2.170220224785275043e-01,-1.613429397513996277e-01,-3.109250815292062264e-01,-2.220814890018862064e-01,-1.996484682462905669e-01,-2.577104178932730361e-01,-3.444635900839411180e-01,-1.838005165389267892e-01,-1.298373530536621190e-01,-4.636304866926026919e-02,-7.551851966529575522e-02,-1.552417134054805692e-01,7.235311828371859821e-02,-3.809106596417715651e-01,3.489085347057752640e-01,1.675021839185087680e-01,2.946554086211707335e-01,-1.596655285569288929e-01,-2.118020934163682423e-01,-3.250225617275155354e-01,-6.497651621838812508e-02,-1.461941388762867111e-01,-4.271400018876671777e-03,1.854855387770730224e-01,1.513684694007194909e-01,1.189554902816469528e-01,4.110489622417052430e-02,6.265939597785304127e-02,1.297959375619973932e-01,1.301751826586094729e-01,-3.227573660917812948e-01,7.879331117923807359e-02,7.812209720221084674e-02,1.951015034971252116e-01,-3.959411743677907630e-02,1.376035801166216876e-01,2.561236906278083203e-01,7.370329302522837800e-02,-1.481246923235178536e-01,-2.067006299255149879e-02,2.992213632667872769e-01,-9.234104171078809375e-02,1.689615015221443695e-01,-5.882265146893294466e-02,3.081214995718140059e-02,7.767387760985118572e-02,-1.747246190542465008e-02,1.232116219541833924e-01,-6.549089484424637508e-02,2.445276990495718478e-02,-8.056814809706552838e-02,1.180995624583997261e-01,1.088303743237567373e-01,6.454161103544923950e-02,1.636542889929134270e-01,1.311408389268377550e-01,-5.033012368613763027e-02,-3.365106804181193789e-01,2.171534073084626371e-01,1.968824757405705506e-01,-8.388099759900449759e-02,5.440761900542528950e-02,8.248259572644323426e-03,-1.380515164165158071e-01,-2.366318554351918568e-01,-7.477335629468642719e-02,-8.170610339453684978e-02,-1.516349054752671455e-01
