0.000000000000000000e+00,5.520092045710385253e-01,-2.961376394920482436e-01,-1.344073806517758485e-01,7.307924784052496903e-02,3.770874413393569130e-02,-1.440791827028969907e-01,-2.034176362969649654e-01,-9.178518848826976162e-02,1.083607710658007206e-01,3.170865826411994326e-01,1.982234946912575235e-01,2.055780660120218040e-01,4.480537103127975318e-02,-2.520584357856899341e-02,-3.798976482418462731e-03,2.900239540415591177e-01,4.686920475359945271e-01,1.181352253539849073e-01,4.312181649122916460e-01,-3.560462997942175911e-01,-2.244188917190311217e-01,-3.320860905962511600e-01,-4.383098453696264718e-01,-1.783628596423852686e-01,-9.981280853256084551e-02,-9.715611612647162554e-02,-1.309706030111984221e-01,2.462630188529960351e-01,8.923484761176464497e-02,-1.849657177669050967e-01,-1.178103450932512508e-01,1.347192002915144904e-01,3.902432866132908573e-02,-4.004951970606971390e-01,-3.083000799259047464e-01,-4.326399788697868343e-01,-4.543756204105011687e-01,-1.694811061049325274e-01,-2.204989882132183943e-01,-1.042659679437685644e-01,-8.568526009354064665e-02,-1.512825055431642474e-01,-1.833828189581667434e-01,-1.596181293369831611e-01,-1.452411440343182869e-01,-2.009810727469631131e-01,-1.272126003661089855e-01,-2.080170337550289739e-01,-1.251048727082899048e-01,-1.986488514190253574e-01,-1.228225165289063281e-01,-4.014070197261442735e-02,2.054488320123491474e-01,-2.455409161995443512e-01,-1.737614522397707695e-01,7.653708561342906780e-01,5.421784072975532887e-01,3.542345898442169072e-01,2.704056310375226313e-01,3.735897744809028587e-01,1.019128182922417886e-01,4.619314932639478344e-01,4.184447034439940927e-01,-2.408968793046120382e-01,-4.294458140654435763e-01,-1.273615476450717099e-01,-1.167481165591931491e-01,5.194083569145168111e-01,2.360264415724197540e-01,-2.690754888244573650e-01,-2.761238569896679040e-01,-9.072732968220072192e-02,-1.165084877185657147e-01,9.489506611548721715e-02,4.921073358380778640e-02,-6.626558870168808291e-02,-1.847168724141859675e-01,5.676939286657600031e-02,6.279021029642775642e-02,1.783646506497895412e-01,9.760555832600445458e-02,-8.016959276375640320e-02,3.825132953377080591e-02,-4.689089287897677504e-03,-7.306194144413351299e-02,-1.143541723494189977e-01,-6.858242361192012568e-03,-1.658618884792236736e-01,-1.157108673136917829e-02,-2.679852003498310875e-01,-7.622900212151879906e-02,-2.307251993117110378e-01,-4.904826008467397941e-02,-1.534191476060906278e-01,-2.087475121225064456e-01,1.454484409706364723e-01,3.632043821721399057e-01,2.056534317998481853e-01,3.421237981661431338e-01,9.415653675974894332e-02,4.656404534804468170e-02,-6.681394251487834945e-02,2.487636266488520431e-01,-1.768262640860549517e-01,-2.548252616592739384e-01,1.164668922254709083e-01,3.588110043667330218e-01,-3.112293285560853717e-01,-1.508036681370024390e-01,9.130972270012378822e-02,1.455424817156625306e-01,-2.721165319801367999e-01,-2.264173937962123684e-01,-1.385475776910732038e-01,-2.830960150623080818e-01
5.520092045710385253e-01,0.000000000000000000e+00,-2.573698310952352020e-01,-4.481171294127628442e-03,-1.429773897417807860e-01,4.830373833754667001e-02,-2.377528877272016283e-01,-9.497621570789624434e-02,-1.102307027872182904e-01,4.917141703138380032e-02,2.807423873965744776e-01,2.579544277982198652e-01,8.573712452801381112e-02,1.428112134576851322e-01,-1.900818888441977994e-01,-1.366171158234767424e-01,3.912965502986599509e-01,5.940824458646363215e-01,1.749730174114088807e-02,3.675773247768828744e-01,-3.989700949192522828e-01,-2.626939631531620134e-01,-3.536035355957270476e-01,-4.025427926629209230e-01,-3.008292771145894551e-01,-2.156785391784038775e-01,-3.208050655562829090e-01,-1.921488707395291873e-01,1.819049330502590933e-01,2.105779690942725935e-01,-1.651035942097964782e-01,-1.216699262455216701e-01,1.286234362937503928e-01,9.050271946839001658e-02,-4.329220055104004428e-01,-3.118231525497552892e-01,-3.617283720781179768e-01,-2.749507338018062907e-01,-1.226604950488044549e-01,-2.611432714310870651e-01,-5.213423039316981283e-02,-7.705920333870287797e-02,-1.108121835631931638e-02,-4.428082877472805379e-02,-2.406596330226998606e-02,1.131578779713064871e-02,-1.072857641436166104e-01,-4.974882427409645091e-02,-5.533623746224606427e-02,4.548631844114630479e-02,-1.775658770088047178e-01,-5.625039455583889098e-02,1.007138048628330729e-01,2.659555193895408731e-01,-2.123654055410525709e-01,-1.061305587144099200e-01,6.223513199282305619e-01,7.185280290470378306e-01,9.897983881518626625e-02,1.565493431758467058e-01,1.806160247894651738e-01,1.242515008117211495e-01,4.169085482411968857e-01,3.987016146266199601e-01,-2.870614496405235472e-01,-4.396779864224918954e-01,-4.098599417872016981e-01,-2.416417958174334746e-01,5.432035017146439326e-01,2.672073730498807365e-01,-7.733864482261471052e-02,-7.153213264301662433e-02,4.157663924839440778e-02,6.250362080629105754e-02,7.359516778603218679e-02,1.052205879145166056e-01,-9.884044856584860150e-02,-5.663606154243268614e-04,1.380266469914130656e-01,1.764949992440516813e-01,3.038194548573642795e-01,1.808891995937983721e-01,-3.698377601500105194e-02,7.453892430749280151e-02,-1.877201266199773344e-01,-1.723874954787341929e-01,-2.408091815594752272e-01,-2.370249988323560042e-01,-1.616357239790920663e-01,-1.237315552177424838e-01,-1.840728112438212716e-01,-9.113677914609916164e-02,-1.531864799677538913e-01,-1.059167724765723573e-01,-1.013885148080583415e-01,-5.089365188749879476e-02,1.491267652047653658e-01,1.886631566331336274e-01,4.426758805195876167e-01,2.102189895594562541e-01,2.738781140988860718e-01,1.153519758760864489e-01,3.260098982181811045e-01,3.320554322580788198e-01,5.312178923020148547e-02,-1.862144695569753206e-01,1.144605167900773629e-01,2.019490051505959949e-01,-1.652383304864045999e-01,-1.480185277700668822e-01,-1.436123281407254426e-01,3.087669135576339152e-01,-2.925920045346414033e-02,3.471064771500929902e-02,-3.343972599268213441e-02,-6.284157494209097194e-02
-2.961376394920482436e-01,-2.573698310952352020e-01,0.000000000000000000e+00,2.736253828096422147e-01,1.361787442417809468e-01,-1.217184923364455079e-01,5.913538625143563987e-01,2.364785907146526311e-01,2.685655118711581246e-01,-1.461307033450714443e-01,-1.069988918865416028e-01,-3.856522411907740699e-01,2.058067609297027992e-02,-2.345785936665202298e-01,2.785150121324238004e-01,6.035713202005795613e-02,-3.608795884120254427e-01,-3.183069986427187748e-01,3.548736105533120133e-01,-1.182597581825340499e-01,2.572755866546640457e-01,-4.467700934988141394e-03,5.937718757046202001e-01,5.932382026968900934e-01,2.391128064370371398e-01,1.421483943833836416e-01,6.682817587227612988e-02,1.365066327954299157e-02,-1.273322538801440751e-01,-1.375919983028198457e-01,4.191689492514563131e-01,2.263155704964110171e-01,1.820588296290774621e-01,3.566248226764535956e-02,4.055512905665706325e-01,3.149351810079517033e-01,2.924621631698627877e-01,3.488193902711674843e-01,8.060890384225172234e-02,2.096976052134637281e-01,8.093351445058681592e-02,-6.040315659993613501e-02,-1.457937949742460215e-01,-2.536569356363631011e-01,-1.793460027925503630e-01,-2.565347123160831577e-01,-1.013769635513155215e-01,-7.193173910007985561e-02,-1.293036128332165080e-01,-2.664366326442588750e-01,-2.582822676971359699e-01,-3.340125207491363990e-01,-2.967085910339112287e-01,-2.086727499772871863e-01,-9.796427292679794896e-02,-1.481737279140825092e-01,-4.408632594441888597e-01,-3.996854182467938776e-01,-4.075470478712958089e-01,-5.004889445895079891e-01,-4.358460057494872308e-01,-3.384527431544914755e-01,-5.219070041708301355e-01,-4.302220405424646010e-01,2.519618875684114245e-01,3.250362215840422175e-01,-1.460716798770616831e-01,-1.514922655448463773e-01,-2.756377634427566448e-01,-1.648380554415566357e-01,4.509222278232001835e-01,4.269664394332404744e-01,5.706394504266006085e-02,6.615138587686386629e-02,1.314911760310126521e-01,1.180906198210882399e-02,3.193628561714060843e-01,2.650865918215670192e-01,-2.557152678629792675e-01,2.552948206963371811e-02,-1.990066998121975961e-01,1.619442149173685175e-01,1.766658414912292419e-01,4.767464955544389871e-02,1.048017855041623314e-01,1.289384900381650156e-02,1.426317849583240704e-01,1.079016450807491895e-01,-9.799491830248151236e-02,6.687565355375094112e-02,2.060069698013181627e-01,2.554748077513559479e-01,2.073881045412152013e-01,2.768983132447143669e-01,4.862268576944479836e-02,5.153895489865679275e-02,-5.161581148525430651e-02,-1.861669087494574604e-01,-1.067682746085456963e-01,-1.836412277633509005e-01,-2.422505107592057561e-01,-1.638531193251080709e-01,-4.905582796277808272e-02,-1.821881445110824782e-01,-2.623857821343549696e-02,7.088847629373466741e-02,-5.230073643648813081e-02,-2.300913596751250623e-01,1.546135141806301294e-01,8.555288963487342468e-02,2.798592878560777694e-02,-3.610621221081677240e-02,2.109730336224569791e-01,2.302564166564646242e-01,3.132290094083346466e-01,8.416935102326260354e-02
-1.344073806517758485e-01,-4.481171294127628442e-03,2.736253828096422147e-01,0.000000000000000000e+00,-1.647581830162370836e-02,2.261918654687875840e-01,-1.381765697528906101e-01,7.211621870671722778e-01,1.586046960991824295e-01,2.813027828272610664e-01,1.792382974088737035e-01,4.362385966450292862e-01,-1.437607861480223459e-01,4.403224919463771259e-01,-3.710853196917771601e-01,-1.898882267445452798e-01,-2.019408405118412464e-01,-1.421681425807660437e-01,-3.643002400535133023e-01,-6.022607088167230421e-02,3.020112038927690382e-02,-5.241987250529313996e-02,-2.755962849892980571e-01,4.772078096710647213e-03,-7.856222452636037190e-02,1.627452920518953627e-01,2.779636787904893932e-03,9.820521928472489281e-02,-3.266736068817081007e-01,-1.539921319226560670e-01,2.683005094294616533e-01,3.970267185858051828e-01,3.911043388120775122e-01,4.908251256804033180e-01,-2.682082207892728665e-01,1.030896947731237273e-01,-4.979437167438090228e-02,-1.666048737261643237e-02,-1.187079625401691631e-02,1.650675847073045099e-01,2.130845178714629307e-01,-1.463693742428895661e-01,-1.859693503576909379e-01,-1.653779056861162666e-01,-2.556593263399596916e-01,-2.991994421983809049e-01,-2.305728022247878206e-01,-1.660617360204739712e-01,-3.091447142315166818e-01,-3.410371566939191523e-01,-1.273459152305822795e-01,-1.375384084420485653e-01,-3.705019628490884287e-01,-2.901960995442240746e-02,-1.850324709526594280e-01,-2.326919081790073118e-01,-1.020880426458796314e-01,1.934058152082198112e-01,-5.204740242708374293e-02,2.163721110417809734e-01,1.712223445858084836e-01,5.751183161954629419e-01,7.390308150700880541e-02,3.189422877142407131e-01,-4.480625065638521587e-01,3.571255720162103131e-01,1.824859197775689779e-01,3.771530582108786334e-01,-3.373735651420126797e-02,-1.183121766247389600e-01,9.974944743864114227e-02,2.374607898376561443e-02,-1.205002948435292126e-01,-6.689247963262677683e-03,1.464241352290631126e-01,-2.658529516776503288e-01,9.362438814307660895e-02,1.737503147329869380e-01,-1.739825750231789037e-01,-5.016988406339236567e-02,-1.520453214172174938e-01,-2.411669677536568412e-01,-2.649457058460581438e-01,-1.479743088256882111e-01,-4.837132337608375798e-01,3.957086442008369426e-02,-3.987155243537027216e-01,-4.125312555411916882e-01,-1.786000103750643442e-01,-1.646650163596693472e-01,1.905242954341152539e-01,-2.339453691841442973e-01,1.838049111275953107e-01,-3.035722147317200803e-01,-1.856284028874266578e-01,-8.069824086285731779e-02,-8.464767192339114898e-02,-9.932796667291246551e-02,1.427446922944710095e-01,-2.863517921245391507e-01,9.300654815950780419e-02,-1.880931483142120608e-01,5.271578366261559651e-02,-1.711210226410156410e-02,2.156332516729804472e-01,1.890907963041338694e-02,1.228646136610869917e-02,-2.275210597554389730e-02,1.533387943026458776e-02,-8.415682924910540541e-02,-5.624541327150467396e-02,-2.718510490493764465e-03,-1.631189705075964877e-02,-1.751121010671300438e-01,-4.911595256920580493e-02,1.030961160597466605e-02
7.307924784052496903e-02,-1.429773897417807860e-01,1.361787442417809468e-01,-1.647581830162370836e-02,0.000000000000000000e+00,6.208235642590624881e-01,2.518860201764107354e-02,1.283151959700858935e-01,4.555228661848266247e-01,5.127345083453608288e-01,-1.781794802831118407e-01,-1.346774163224852550e-01,-6.677080899533091585e-02,-3.336344482383201294e-04,2.947104304084244841e-01,3.456202376938892207e-01,-9.272066140996990113e-02,1.784599335971693776e-02,1.828360266629429354e-01,1.684272882517559300e-01,3.740918158102753965e-01,2.213465504114095761e-01,1.750751611989372070e-01,1.975616535339053959e-01,6.342248535811971788e-01,6.463492618423103409e-01,6.428696150488809602e-01,4.664806804221852121e-01,8.904643004285317520e-02,1.899054743014978175e-01,4.971525467644757890e-01,4.057850990790590751e-01,2.423874389166656429e-01,1.342813931337915878e-01,2.135899202356469906e-01,2.018767760950780366e-01,1.316248339109500620e-01,5.469716808043190159e-02,-1.539701724628499135e-01,-1.867099116504475909e-01,3.397277582276601593e-01,-9.522872413193740615e-02,-1.199628395712300788e-01,-1.866218398092061442e-02,2.732063307062443727e-02,-3.537974834204155733e-02,1.421503765175547752e-02,3.595495371815805169e-02,7.583038001216422207e-03,-1.226208239074800393e-01,-2.045324988955189160e-01,-1.836651821879928259e-01,-1.399915693695456542e-01,-6.875385603949082935e-02,-1.503518466727095937e-01,2.701735891133521736e-02,4.605771995127631163e-02,-2.316548696979816024e-01,1.832008908476488729e-02,-4.819265995461551738e-02,-7.384618621807305383e-02,-1.257702081756506829e-01,-2.588045303053181367e-01,-2.317784980225075508e-01,7.302482010910263388e-02,1.132976691228258503e-01,8.957618678523278366e-02,2.151259284181021303e-01,4.932307546204435511e-02,6.281934319940131461e-02,-9.167892968739523030e-02,5.470055815868988397e-02,-1.828812189582039172e-01,-1.275116084695869512e-01,-3.249064752674306333e-02,-1.746473525003447783e-02,-8.245528430285550825e-02,-1.154580231436270754e-01,4.432919821167652374e-02,1.807556927633413302e-01,-1.210697000439238669e-01,2.124695413725837534e-01,-1.156599506052110871e-01,-1.234961878880027619e-01,-1.072831590251866916e-03,-1.744375711064293649e-02,-2.372429419407640905e-01,-1.891408637191552833e-01,-1.433487950017020007e-01,5.857990830109110342e-03,-5.430378357157730068e-02,-7.257400266900819463e-02,1.293417531141803356e-01,-1.068887180460924846e-01,2.542138296486823323e-01,1.784397616572174494e-01,1.696465617745529508e-01,2.401812000252750989e-01,-3.025679705356023805e-02,1.362058821929460622e-02,-9.553568996426098359e-02,-2.131527622196349170e-01,-2.787561709373291285e-01,-1.627667096084297604e-01,-2.711235975714177959e-01,-2.067856460155767240e-01,-1.096290400205808951e-01,4.102688954731800730e-02,3.454833062498975649e-03,3.000128327386524241e-01,2.586670617327135879e-01,-7.713144997725376872e-02,-1.474253706654529983e-01,-1.772578174303504894e-01,-1.411575071377639268e-01,-1.395625970979605113e-01
3.770874413393569130e-02,4.830373833754667001e-02,-1.217184923364455079e-01,2.261918654687875840e-01,6.208235642590624881e-01,0.000000000000000000e+00,-4.364722807994798615e-01,1.103587677119222399e-01,4.408645524885597133e-01,6.411368851809940983e-01,-1.775090225075841299e-01,1.035687226605287309e-01,-3.499116524345790014e-01,1.215736333394372981e-01,-1.139600002864200184e-01,1.237675000215690269e-01,1.740843025922061971e-01,1.953333539015801312e-01,-1.232137133264630258e-01,2.503434195739129287e-01,2.054118772996348652e-01,2.248407585010291920e-01,-2.022727166279817412e-01,-2.945338199245889355e-02,5.690526947230052368e-01,7.482458867655643608e-01,6.008849511296124879e-01,6.849248212783596301e-01,1.583384995138861495e-01,3.572947904157954824e-01,6.198839547688446139e-01,5.810300806401965668e-01,3.405986530309283999e-01,3.383983609937560866e-01,-1.618037905263270126e-01,-4.688339019460313617e-02,-1.320628033269663770e-01,-1.354323641202115625e-01,-2.613902819303018377e-01,-4.027569839851451450e-01,3.529960864637207152e-01,-1.122455967503515478e-01,1.018154377577980552e-01,2.241767786142650765e-01,2.527475009187385435e-01,1.985356020177624081e-01,2.183841149398683679e-01,1.587327254932478227e-01,1.541489523578330190e-01,9.253630285585170978e-02,1.062588088492398032e-02,5.706089702022484889e-02,-7.148043590749689202e-02,-5.871008844673090976e-02,-5.681497896325259783e-02,9.792193393625379938e-02,2.291972199677028699e-01,8.762456549540678652e-02,2.056929390497912735e-01,3.348073208317881577e-01,7.581284211016953156e-02,1.312348703964774932e-01,1.569989880674353688e-01,1.731987467345173226e-01,-2.998401771487418932e-01,-6.671755584472466305e-02,1.104970055699473902e-01,4.242088089013095753e-01,1.340645280555901875e-01,1.563518788862211517e-01,-1.653972851041066450e-01,7.306633800639569278e-03,-1.696833168172168504e-01,-5.904211004944756591e-02,-7.121480743633838706e-02,-9.824652716990121826e-02,-1.654896717693684072e-01,-9.985868664181729581e-02,3.069557538492084792e-01,3.012697042070603959e-01,1.040267413658505502e-01,1.668516153432531013e-01,-2.774142677714877547e-01,-1.358275526546961764e-01,-4.127541538109291697e-01,4.079551066643932050e-02,-5.931116994066016890e-01,-5.702434376901701629e-01,-3.827934650334506861e-01,-2.231018689169986247e-01,-1.733857052604733107e-01,-3.976603184159815396e-01,1.592287334942768529e-02,-4.183365104976658477e-01,2.853782272456111269e-01,2.716871450705644619e-01,1.221992379013370905e-01,1.342150048780128002e-01,1.471213661837433018e-01,-1.099081604117660843e-01,1.921179481725707461e-01,-1.146392849933023372e-01,3.345479753363533176e-02,3.393175648075431178e-02,-6.190168325202279748e-02,-1.755367179296822011e-01,-8.361866226097230959e-02,2.741858308539769917e-02,1.520572503306117373e-01,2.936192632523751955e-01,1.530483604717219059e-01,-6.548479693050912598e-02,-7.254911743480337016e-02,-2.469404604405036896e-01,-1.775151134369242767e-01,-3.314042127684527911e-02
-1.440791827028969907e-01,-2.377528877272016283e-01,5.913538625143563987e-01,-1.381765697528906101e-01,2.518860201764107354e-02,-4.364722807994798615e-01,0.000000000000000000e+00,1.962123621688381947e-01,1.123520873817170918e-01,-3.301198776168733362e-01,-8.512131451674070926e-02,-3.335726685982469131e-01,3.564243190389113081e-01,-1.317745805426503991e-01,4.888682080041718003e-01,2.122850586710350318e-01,-3.335553790620130465e-01,-3.911117000782108333e-01,6.785413166103722027e-01,-1.119444939368496005e-02,2.393927920182428448e-01,4.785044613868580377e-02,7.463825313894280056e-01,5.387612747595950102e-01,7.243145566576468519e-02,-1.463889929668086842e-01,-1.803873631484910200e-01,-2.748351091526277101e-01,-1.251405171112142667e-01,-2.375817391913542520e-01,4.921817935928644860e-02,-2.222974767765666659e-01,-1.754030928566639724e-01,-3.668687147245386915e-01,6.688259318689250277e-01,4.406758474885633103e-01,3.243061482886446245e-01,3.202469893115084676e-01,7.205505810285531276e-02,1.597670562623119961e-01,-1.836127003865820895e-01,-2.618228159712460059e-03,-4.472582336671821479e-01,-5.273787980182776947e-01,-4.160931627825691370e-01,-4.692078272681206585e-01,-3.941647452678823660e-01,-3.999001529632068563e-01,-3.282502471028260205e-01,-4.301536632857204112e-01,-4.584065237136947246e-01,-5.607826621004410317e-01,-2.915505006601065707e-01,-2.059764832277937996e-01,-2.627059682945872554e-01,-4.081895148869392198e-01,-3.746463964017693327e-01,-4.704653838016967238e-01,-5.150381447037772897e-01,-7.254973401660098631e-01,-2.154954724901074481e-01,-2.742673615462054015e-01,-5.530194092207406653e-01,-4.812508514520172365e-01,7.571551734603080286e-01,3.971516338966905590e-01,-1.872297082986881245e-01,-4.000947147710132712e-01,-2.589773186953367445e-01,-2.314168592281166115e-01,2.613831109385512108e-01,2.363972947970434113e-01,2.897119146391820554e-01,1.466132693377577567e-01,9.304748347237390416e-02,6.135362242073899575e-02,2.468407750789527455e-01,1.060482016135663175e-01,-2.367553840769110185e-01,-7.738470063987953895e-02,-2.005151107678046496e-01,1.874803080465383687e-01,2.179538244384873480e-01,-2.460083240123637181e-03,6.982744308894341945e-01,1.033127844798375772e-01,4.885235561235558577e-01,5.350794184563734124e-01,2.589789716550006671e-01,3.771560018444879980e-01,4.345063745446998138e-01,5.713384280867385145e-01,4.541101005335430596e-01,6.603438115998957469e-01,-8.210958072816341990e-02,-1.055446207384211771e-01,-2.053210634320042360e-01,-2.460734032984838171e-01,-2.520142498797671160e-01,-4.501381330647889756e-02,-4.079239174541814394e-01,-3.870301538571224546e-03,-2.412561177434768556e-01,-3.155263488935594607e-01,-2.600044322470615454e-01,1.359162683972564394e-02,-8.591170045165437419e-02,-2.384674449125875340e-01,1.261615659573266102e-02,-7.718566670306324824e-03,-6.257649658719145747e-02,-1.642027179817647994e-02,1.677737059416496701e-01,2.231250805939604953e-01,2.005191913814093341e-01,4.560681579762868726e-02
-2.034176362969649654e-01,-9.497621570789624434e-02,2.364785907146526311e-01,7.211621870671722778e-01,1.283151959700858935e-01,1.103587677119222399e-01,1.962123621688381947e-01,0.000000000000000000e+00,2.191279520489463617e-01,2.357746024898867421e-01,8.982265521357431226e-02,4.360242252984720679e-01,5.829157930031096668e-02,5.215753307436321595e-01,-1.372789171986812662e-01,6.867375633408732971e-02,-2.434567104891349476e-01,-2.294963542700747816e-01,-1.029860953036034060e-01,-5.313395914995795027e-02,1.330426482429577228e-01,6.225236712754079332e-02,-2.823744592786722393e-02,1.674662340427875706e-01,-4.047771740980331961e-02,1.402736450430272508e-01,7.351146461986528269e-03,1.784415609860466254e-02,-3.004651665982074338e-01,-1.426241625819448799e-01,2.628924839192247620e-01,3.271428118171206822e-01,1.469388060921399397e-01,3.616219595531398046e-01,6.245048627346776876e-02,3.067990525581180683e-01,8.321772892222351059e-02,9.773023638140723723e-02,-6.278706367411145128e-02,1.725203220782917102e-01,9.171765099890009931e-02,-1.046705317034037769e-01,-4.084218672919369686e-01,-3.916450494524225112e-01,-3.832280411262611319e-01,-4.863150978332660412e-01,-3.810333720728886209e-01,-4.063393919733862547e-01,-4.388138900275544985e-01,-5.176936305941419736e-01,-3.547052255253774766e-01,-4.034358809106204924e-01,-3.949754455063620995e-01,-8.814537466639495167e-02,-2.568270217325498983e-01,-3.694186575035985909e-01,-2.318032858589462175e-01,-2.995027601613046639e-02,-2.807192992665260567e-01,-9.285035868359178823e-02,1.772499441750938765e-01,5.486404693570128277e-01,-1.733745611528532682e-01,1.335685997082764198e-01,4.821053038144718778e-02,5.612062274140958706e-01,1.141536284317613559e-01,2.588658670142492402e-01,-9.968479205071181792e-02,-1.405351702268399783e-01,5.853279571397358716e-02,1.180011536179102483e-01,-1.636568679229685047e-02,2.385615661836670842e-02,-1.880082934925474472e-02,-2.734079700716300909e-01,4.010097166680058611e-02,8.160433015610139840e-02,-1.463069739727460850e-01,-7.770045612768619603e-02,-1.399221054978645740e-01,-2.940019387904591747e-02,-1.893653363113430022e-01,-1.601980852570827618e-01,-1.202347551611494640e-02,8.346608537117808368e-02,-1.536563268281108674e-01,-1.828576074709832300e-01,-1.904576827343960974e-03,-2.583752927633438390e-02,4.291268903820850134e-01,-3.195221061320739631e-02,4.595518702709650571e-01,-6.402109630994430589e-02,-1.937196367058902635e-01,-7.087353175714475317e-02,-1.705782969560165341e-01,-9.894348111638848198e-02,7.831248366656586024e-02,-2.029467238264762718e-01,2.671027218237533030e-02,-1.331539075214536738e-01,-8.308132640002015290e-02,-2.154074776885535614e-01,5.540128980695489813e-02,-2.922839432525235065e-02,-3.420912946619268646e-02,-2.008220246601222503e-01,-5.287081461660340931e-02,-9.336440463200020023e-02,-1.342501498431325491e-01,5.671521949935750401e-02,2.456158390429513325e-03,-3.003733089146087831e-02,-4.224501088764839873e-02,-8.836162043572444100e-03
-9.178518848826976162e-02,-1.102307027872182904e-01,2.685655118711581246e-01,1.586046960991824295e-01,4.555228661848266247e-01,4.408645524885597133e-01,1.123520873817170918e-01,2.191279520489463617e-01,0.000000000000000000e+00,6.040140359490782096e-01,2.907058610876133223e-02,7.912833685168287057e-02,7.361512860964621041e-02,2.262130922619755014e-01,3.834137954165066642e-01,5.008213912192817086e-01,-1.044546450243575564e-01,-2.196820879008912208e-02,1.244146037736333921e-01,1.290173936211560513e-01,1.969929905223532784e-01,4.142445439807966590e-02,1.649877647797100000e-01,2.302769414206953802e-01,4.398742822804591612e-01,4.238013022951475084e-01,1.731700521787143121e-01,1.104310947347430655e-01,3.850272769243699711e-02,2.622007045411410275e-01,4.050459930347496962e-01,3.181181012104284944e-01,1.998973114678848084e-01,1.248472050288062796e-01,2.772201577078739834e-02,1.092537344951004658e-01,-1.612826816787582595e-03,5.548766825134823777e-02,-3.345307085812996434e-02,-9.608849336872346547e-02,1.961696794837329560e-01,-2.217238676691226373e-01,-1.594508169365362604e-01,-7.073179932257957214e-03,-4.595319999298356356e-02,-9.555201218872400384e-03,4.207440013697121006e-02,5.574514708978201005e-02,-3.847333833332209491e-02,-4.296379512063002587e-02,-1.772786639452035573e-01,-9.703014053128440619e-02,-2.011865217702630826e-01,-1.055140730274192334e-01,-6.765593710469051947e-02,8.261410132810245721e-03,-1.095677472541459058e-01,-7.807964749256998682e-02,1.908684650516205908e-02,-2.122893238710105504e-02,-2.017426648441060164e-02,5.611948810657614584e-02,-1.228547057387419650e-01,3.145216982161878026e-03,4.441453444106500947e-02,-1.632351831256360561e-02,-1.479150663325073667e-01,3.649666265450715597e-02,-7.621672284482182425e-02,4.556989329261369043e-02,1.663440326832347702e-02,1.592432703409307759e-01,-6.739113777207753064e-02,-4.278020296618660623e-02,-4.169221580820024753e-02,-1.359750120330497358e-01,6.717862050028855503e-02,2.094635939629198307e-01,1.105006840092086218e-01,3.562009660027756208e-01,-3.589648503570176674e-02,1.205740098911369518e-01,-1.806972666326905896e-02,4.636346756054458146e-02,-1.257161400075099134e-01,5.014678239375843644e-02,-9.435588505651645863e-02,-1.255045680741005976e-01,-8.967533791344176053e-02,-3.181910939865767451e-02,-6.125004178278447425e-02,-3.118091585801235910e-02,7.925244890548979737e-02,-1.348555671603269557e-01,2.414365405509799889e-01,2.362866368163688002e-01,5.750555230293693393e-02,8.133743017061859093e-02,3.647508857835935620e-02,-3.069082716384464171e-01,-1.400763202879316827e-01,-2.513077741451419933e-01,-2.173745645730017495e-01,-3.448049602492915255e-01,-2.728081605951825361e-01,-2.996409792277561768e-01,-2.273786349659198125e-01,-2.465225154881796887e-01,1.567395450303250559e-01,2.548787748464159675e-01,1.435319983622529716e-01,6.781921261781723165e-02,1.916908353036936852e-01,7.174745561263308480e-02,2.664306795200993908e-02,-6.315009267174041818e-02
1.083607710658007206e-01,4.917141703138380032e-02,-1.461307033450714443e-01,2.813027828272610664e-01,5.127345083453608288e-01,6.411368851809940983e-01,-3.301198776168733362e-01,2.357746024898867421e-01,6.040140359490782096e-01,0.000000000000000000e+00,9.487799100031289734e-02,3.248986144378675500e-01,-4.013051063536713509e-02,4.363258612305990769e-01,1.656277548220547735e-01,5.392314219736833447e-01,-5.664127654191448286e-02,8.607608583556189408e-02,-2.530837753662529277e-01,2.312453315053671909e-01,1.008497371107908713e-01,1.029709006922356063e-01,-2.836576312034423952e-01,-1.086215778737077420e-01,3.906186640877423177e-01,4.524171732230985454e-01,2.636287388081600680e-01,2.619688269337158704e-01,3.017606205319752974e-02,2.282825159716463659e-01,3.468242934178363268e-01,5.500708147883250909e-01,1.863098778399534805e-01,3.170386610725929311e-01,-3.451314460951815377e-01,-1.363137147535474492e-01,-1.526034737923316620e-01,-2.598988135268573418e-01,3.310257482025351361e-02,-7.654689106323583903e-02,3.313907044542545033e-01,-2.049831179100233547e-01,-5.998903244166646498e-02,9.876042017132725948e-02,6.446159367973162968e-02,6.699619853949694004e-02,8.596992014952255234e-02,9.574365835524495383e-02,2.013554539827376935e-02,-6.256221557804956049e-03,-5.340283006125941950e-02,8.286330005627340345e-03,-3.803178444361476895e-02,-2.652678566761951240e-02,1.708456543995367713e-02,1.309648710350069800e-01,9.366431201879213408e-02,1.175240712406222104e-01,2.439844886703943783e-01,3.418285958800144630e-01,2.265502076535324816e-01,2.778205217840098440e-01,2.229836315746292763e-01,2.817195582675894872e-01,-3.668790865598978157e-01,-2.213098127859059738e-01,4.785671250355595652e-02,2.193389679883671894e-01,-2.239601147340112772e-02,-4.839874539104452138e-03,-9.075795437625126805e-02,-5.240861722681074836e-02,-2.592905773594505470e-01,-2.368795290936019926e-01,3.250596332501700780e-03,-1.717826012074910036e-01,-1.555851746159156168e-01,-5.614023999083277844e-02,1.300870236844008272e-02,1.357456666291368130e-01,4.696918520893941101e-02,2.533381868565702522e-02,-8.186590220193470935e-02,1.352137458865658448e-01,-3.511187310800317762e-01,1.614356378373557055e-01,-3.380629273061235840e-01,-3.422417789221531281e-01,-8.928670339848933379e-02,-2.351527046310448663e-02,-7.278238758309678313e-02,-2.840800291848711856e-01,-4.686440913004531750e-02,-3.861751029426357396e-01,1.516944613481563120e-01,2.357660521916585816e-01,1.985705815480827419e-01,2.829044531344865332e-01,2.531053811230394857e-01,-1.367730364539958554e-01,4.566510159027375310e-02,-1.743167844119458965e-01,-2.624964449040006476e-01,-2.597377974927447819e-01,-2.424141978281711685e-01,-3.298045887943074073e-01,-8.819865978418130192e-02,7.317070909230322107e-02,2.042156281090094089e-02,1.879113408555180831e-01,2.700350396247029328e-01,7.582397439535500105e-02,-1.195956738259308233e-01,-2.407410317117625875e-01,-1.341391678350840333e-01,-2.152411901487326362e-01
3.170865826411994326e-01,2.807423873965744776e-01,-1.069988918865416028e-01,1.792382974088737035e-01,-1.781794802831118407e-01,-1.775090225075841299e-01,-8.512131451674070926e-02,8.982265521357431226e-02,2.907058610876133223e-02,9.487799100031289734e-02,0.000000000000000000e+00,4.872270022706933212e-01,6.352675005736934111e-01,4.180130506782780420e-01,7.631655601687541146e-02,3.857235355183048775e-02,1.692168838551083299e-01,2.529642896537608876e-01,-2.649311716380077786e-01,-2.344931840241330084e-02,-3.046301778432939367e-01,-3.550798773297125233e-01,-3.887725248029119673e-01,-3.440313442924478049e-01,-2.852009349750375677e-01,-2.021836698694870482e-01,-2.997540348992132064e-01,-2.901818699981242311e-01,1.841744652397409865e-01,6.039289688960374630e-03,-2.515359547014573982e-01,-8.425438357038766979e-02,-2.415619636388219582e-01,-1.013030342086792407e-01,-3.677431279813686005e-01,-2.868915678976055039e-01,-1.030866690692776450e-01,-2.967258363394620901e-01,-9.542416375346614299e-02,-6.937671645549331467e-02,3.864472166738189274e-02,-2.808575205438399586e-02,-2.293376857083818943e-01,-2.133242816238840323e-01,-2.891153108991016407e-01,-2.217323400142050260e-01,-2.106760173076079323e-01,-1.465981923338697257e-01,-3.354769666233024528e-01,-1.977223254730602620e-01,-2.269764225508207334e-01,-1.474542908219962090e-01,-5.642639067156193788e-02,2.085688264998821484e-01,-1.279405772430163568e-01,-2.608761747984140178e-01,1.523221294850533591e-01,3.964304034471109461e-01,1.919582005076274356e-01,1.785847714182580148e-01,5.179274951299317475e-01,4.104939800040109388e-01,3.508137368328316241e-01,4.334113374985692491e-01,-2.469798633622745099e-01,-2.085495595037157590e-01,-2.903669187641009231e-01,-2.887630659510014297e-01,1.722983762173328492e-01,-2.268652323171150773e-03,-1.730631533865932548e-01,-1.338273098378387205e-01,3.899132955563349573e-02,-2.246923255890641638e-02,7.603629863035377134e-02,-1.828193793454041191e-02,-1.417529615740885929e-01,-9.258012852992038300e-02,-1.313629300918675302e-01,-9.345419775364328940e-02,4.507975318041054780e-02,-5.528965823291643461e-02,-5.513864775980455851e-02,-1.142740088800763276e-01,-1.492391756394758351e-01,-3.170258641845773995e-01,-7.138748492848386029e-02,-1.575103024339670477e-01,1.081150675256908750e-01,-8.441814908870637346e-02,6.820558066173465495e-02,1.834560712371286761e-01,3.927268671042200704e-02,5.227696540891246108e-02,-1.195797992591657588e-01,-1.566541042053671839e-01,1.817153645422723285e-01,1.109374901656964146e-01,2.160975547123983875e-01,8.875483689247530561e-02,9.335665911576188081e-02,3.781139898242681652e-02,-5.078513563376572601e-03,7.447718898749365601e-02,-1.974514034758162728e-01,-3.867026971030205762e-01,1.998553615750579826e-02,1.499329230990942563e-01,-2.520258138709728368e-01,-1.210633884663057797e-01,6.039608866356038080e-02,2.191193258510144570e-01,-4.160328904094880847e-02,6.494301276332466177e-02,-2.227357476725198848e-02,-2.438401834020836045e-01
1.982234946912575235e-01,2.579544277982198652e-01,-3.856522411907740699e-01,4.362385966450292862e-01,-1.346774163224852550e-01,1.035687226605287309e-01,-3.335726685982469131e-01,4.360242252984720679e-01,7.912833685168287057e-02,3.248986144378675500e-01,4.872270022706933212e-01,0.000000000000000000e+00,3.517954175167530839e-01,8.092747647576620240e-01,-2.502881251563457421e-01,4.307867422949391428e-02,9.037358442865179101e-03,1.674838379929978749e-01,-4.534825009054812006e-01,-1.045750501641063007e-01,-1.682114549472922826e-01,-2.863467552671054017e-01,-6.277865634973399667e-01,-5.022659110832515816e-01,-3.288732085786466586e-01,-1.177180406066825058e-01,-2.627749846036357972e-01,-2.271686658656782432e-01,-9.058039036573152514e-02,8.638121304862887706e-02,-1.602072552076276579e-01,-4.675427620339925924e-04,-3.130377930892691563e-02,1.662318111400738485e-01,-4.927970598456702378e-01,-2.369886818106887449e-01,-1.607173363800805943e-01,-1.654164221049507222e-01,-5.572610054850337530e-02,3.040560183971007316e-02,1.534527152054735583e-02,-1.689012253236100158e-01,-2.643032302840080949e-01,-1.586247670822261702e-01,-3.187684505836071436e-01,-2.249180195695415774e-01,-2.810083591406359327e-01,-2.875722535365539123e-01,-3.789384768575850271e-01,-2.207692715710039277e-01,-5.181156336053207440e-02,8.979733737122894133e-03,-1.073497050011454901e-01,1.304149145679383837e-01,-1.047287036871452220e-01,-1.886066739096196876e-01,1.818901201680207524e-01,5.280595143893228594e-01,2.846630663846830833e-01,5.428854052795216711e-01,6.472774502130272944e-01,8.035114514852633727e-01,4.918200932898050826e-01,6.630964540888385494e-01,-3.853251133028206543e-01,1.820981804914835467e-02,7.003237231054766643e-02,1.988705978196475266e-01,1.619300423668489919e-01,6.848522682278922191e-02,-2.724265010837849665e-01,-3.187977399091446173e-01,1.366677735960597403e-05,7.371248412959983953e-02,-3.313569460536478634e-02,-1.180795590459994826e-01,-2.294855950227964181e-01,-1.219112862812119641e-01,4.527220344679480646e-02,5.770932743751699956e-02,4.187477295144950706e-02,-1.487551113547621040e-01,-2.280724784639915625e-01,-1.025584080509342882e-01,-3.423630266198769978e-01,-7.813615036085025389e-02,-3.125414650578138276e-01,-2.907902858683367731e-01,4.055372030519303200e-02,-1.775822924665013680e-01,6.023091470750126936e-02,-1.136458809084145566e-01,1.829639619232716341e-01,-2.831516002163745882e-01,-2.506522679254637523e-02,2.110498090830076681e-02,4.167541386546384091e-02,4.267597687710208282e-02,1.310840403883323790e-01,-9.956959700917801526e-02,2.975124222343640268e-01,2.371639161484079619e-02,1.705089383485615742e-02,-1.734899491529805909e-02,-6.100881249783706578e-02,-2.627297573754535098e-01,4.755902566276381388e-02,1.815010181901450387e-02,-1.175170401685338845e-01,-3.694761392338396372e-02,-6.250130175021460788e-02,9.737785863841307010e-02,4.319314166524272636e-02,-9.471053089130287983e-02,-1.932694958072593283e-01,-9.542302118807240163e-02
2.055780660120218040e-01,8.573712452801381112e-02,2.058067609297027992e-02,-1.437607861480223459e-01,-6.677080899533091585e-02,-3.499116524345790014e-01,3.564243190389113081e-01,5.829157930031096668e-02,7.361512860964621041e-02,-4.013051063536713509e-02,6.352675005736934111e-01,3.517954175167530839e-01,0.000000000000000000e+00,4.506301785224585132e-01,4.555329617715441759e-01,2.752912757233981766e-01,-9.535503056633796992e-02,6.542970892282761949e-03,9.168019265901912462e-02,-2.285450089028105425e-01,-5.082182719376120150e-02,-2.559145926307411223e-01,1.338556828694486417e-02,-1.103449692566578350e-01,-1.621670240432744881e-01,-2.911436676575629434e-01,-3.227320944988493756e-01,-4.446009835504040608e-01,6.776175582561023980e-02,-5.008511557863021268e-02,-2.887184520354316719e-01,-3.265937118074599965e-01,-4.228192380660098504e-01,-4.111942834975017558e-01,3.041790756997501260e-02,-5.640731617816024251e-02,2.115166498522076388e-01,-1.298295731184566544e-02,-3.024821617123295975e-02,3.428137808730825214e-02,-7.882856878372709875e-02,-1.048842411520526513e-01,-3.045022501593893094e-01,-3.321351428921641702e-01,-3.639215439962872889e-01,-3.027558815037795781e-01,-2.665713736518047217e-01,-2.640422358229325139e-01,-3.649892074108543882e-01,-2.605919272861740854e-01,-2.423898854992750929e-01,-2.338644042356746167e-01,-5.640540029289711765e-02,2.754250581535612474e-02,-1.357860594454059211e-01,-2.140367278592883726e-01,-1.143453935691734064e-01,5.262563185734161347e-02,1.177720250917925829e-02,-1.246892298350346373e-01,4.108848879850938718e-01,2.151204955222090209e-01,1.822087796100859552e-02,7.374454906264055198e-02,2.785720152589693521e-01,3.740932402205659341e-02,-2.895365730102595903e-01,-4.372436244449865450e-01,-7.918049893537630612e-02,-1.916614042950270658e-01,-1.801347933318960537e-01,-4.399584889143572791e-02,2.154729264504215147e-01,9.841723958563122765e-02,7.933232887647095888e-02,7.935822133877117046e-02,-1.125471483078645252e-01,-1.499315337949523042e-01,-2.016717814052344238e-01,-5.953361875810544296e-02,-8.683599374823038064e-02,3.402302546056932414e-02,3.649469898823585329e-02,-5.419936915776502051e-02,2.785044835855248202e-01,-2.056160674742877059e-01,1.938567524881281146e-01,1.557536099007191255e-01,2.678903086370698072e-01,1.102164143165368093e-01,2.363732202049811659e-01,4.759146249905227832e-01,3.149717646529457404e-01,4.192691735474255443e-01,-8.699520557073242566e-02,-9.555175195136154931e-02,4.512347451068036280e-02,-9.312174100327920770e-03,-9.556746602332259755e-02,4.486568569962889191e-02,-4.555637948436781076e-02,1.801631868934934488e-01,-1.303014817640994194e-01,-1.161661102800558287e-01,-3.349807886810661217e-01,-3.181462886304354809e-01,-1.245402554539231932e-01,4.128998903485493754e-02,-1.533000390649223443e-01,2.010757016186470389e-02,2.035531546926382454e-02,-4.787289584097618490e-03,4.977713599530623340e-02,2.580063505787278388e-01,1.168222863951091650e-01,-1.593834232571152976e-01
