0.000000000000000000e+00,7.455788818834143683e-01,2.343202758757674531e-01,1.552805988322489283e-01,1.669101213485576704e-02,2.087866023132748938e-01,4.438999590113379412e-01,4.107654832648409693e-01,2.388074066595925748e-01,7.253679281461290762e-02,7.493109633667647262e-01,5.608965885490857506e-01,5.986393821909717916e-01,3.956078976516180790e-01,3.054943114674261162e-01,1.186264608548814603e-01,1.339137364359027360e-01,-4.461336783073724388e-02,5.564490183515506949e-01,5.308644992002862217e-01,-3.194018826953557433e-01,-2.334250882486507694e-01,-1.552543716380133942e-01,-3.383605565153834926e-01,-7.460744173697821113e-02,-1.427908547281362961e-01,-7.568727988260715023e-02,-5.540442648899131239e-02,1.569342134915760745e-01,-1.480745404654630337e-01,-1.011346848532621440e-01,-1.281664652482392419e-01,2.306961736854808431e-01,2.029963612362167824e-02,-5.003768139274361593e-01,-5.087780211337319392e-01,-2.811996416153186296e-01,-3.479618513584176731e-01,-5.620006562833821523e-02,3.689026231166152390e-03,-3.504189066128466368e-01,-2.715319817508758393e-01,2.468919156585972982e-02,4.547268741313966953e-03,-3.335268585390508966e-01,-2.489218642336243348e-01,9.885298814144687085e-02,-2.164117720351652341e-01,-1.852539982120436912e-01,-2.537993423567920792e-01,4.315541771958782830e-02,-6.920331324549967855e-02,4.489541641859703947e-02,-3.026364583937122266e-01,-7.735860283605060228e-02,8.087134441791098138e-02,4.881086038414593209e-01,5.056243455234989970e-01,4.354727691479597373e-01,2.154169985882978255e-01,4.389594302704742379e-01,2.161999623312133856e-01,6.639409658859388164e-02,2.754932386083053797e-01,-4.273186773338198408e-01,-3.777456834805621444e-01,8.798322274747462368e-02,5.564570957105634784e-03,5.818831391956570398e-01,2.204441834864540040e-01,1.502759459883483695e-01,6.449868260410582255e-02,2.124106589200698281e-01,2.343572218400211682e-01,1.725896056880630025e-01,1.163906104886528042e-01,9.667370235864555794e-02,9.113504660148845360e-02,4.528572116614398152e-02,3.929233267467963087e-02,1.080557265930846417e-01,1.127394017052741892e-01,-1.641737647221021557e-01,-1.886544156161224992e-02,-2.208212221420221832e-01,-6.459829637473239738e-02,-2.863089345757229287e-01,2.348723857897382084e-02,-9.187084312313986700e-02,-5.227630821857444376e-02,-4.281742122821319274e-01,-3.431178666013947054e-01,-4.461688669759933390e-01,-3.688151228627046807e-01,-1.427907328760130157e-01,-1.042845852056149686e-01,-3.249879576816793597e-02,-4.462567233037334491e-01,-1.622031857641555441e-01,-1.180927875894833244e-02,1.424590960511026849e-01,-3.544032203562681033e-02,7.653833366815389339e-02,-1.336080546293258731e-01,-2.486588611202957821e-01,-2.699811193891987759e-01,-3.558736379685671636e-02,1.819980169428296601e-01,2.608070994814392085e-01,4.578399436807034650e-02,-2.693309168988964331e-01,-2.172295316621604688e-01,-1.490979203680010412e-01,-7.913404621667197159e-02,1.922431732838577878e-01,-3.180078266316272995e-01
7.455788818834143683e-01,0.000000000000000000e+00,9.956412408937488634e-02,-5.496176366604602070e-02,-1.473212773969698013e-02,3.558945369007181919e-02,8.955166441416451129e-02,1.154688001756557364e-01,-9.053523244443778539e-02,-2.213569429785913201e-01,5.128629481233607512e-01,3.861844092613363477e-01,4.721918019174724535e-01,2.533880829227085907e-01,9.313570813319844988e-02,-1.756327938588809756e-01,3.418678287882547240e-01,6.753210811223051002e-02,5.126818076478164565e-01,6.067138840285878354e-01,-2.317770109805727674e-01,-1.928318022741808691e-01,5.178693853714555484e-02,-2.184405091524884435e-01,1.570730956489706232e-01,7.723554590272753428e-02,9.554627896521365737e-02,1.158567291911827106e-02,2.396355035118366283e-01,-1.642379823436551367e-01,6.427501890315474864e-02,2.637218206962849837e-02,2.211187245269325419e-01,2.354032644800839458e-01,-1.287169288932842326e-01,-1.321898191575682502e-01,-2.976169098659474654e-01,-4.244389431262555190e-01,-2.696837182035281000e-01,-2.220349870172454165e-01,-3.587801162323594473e-01,-3.876883825923916893e-01,8.056675879923991257e-02,-1.783653267570886256e-02,-2.800204368356068452e-01,-2.995156822706805388e-01,2.250286270285969115e-01,-5.919717277095888630e-02,-1.804411294715605463e-01,-2.456676706981907876e-01,-7.071974940467891380e-02,-1.251928100342535599e-01,4.118898571744616932e-02,-2.335518047625616822e-01,-3.856781810705509767e-02,4.024366155371539300e-02,7.817025753923225739e-01,7.836701855291494656e-01,3.743026049787294696e-01,2.410886369942173979e-01,2.321562694249706404e-01,6.216969522573122936e-02,1.412478928432462089e-01,3.162416702639112009e-01,-2.775992858757423409e-01,-4.254931657362575059e-01,8.635719374013418881e-02,-5.249958149308166927e-02,4.677113702962839015e-01,2.821717113251430709e-01,-7.780551060336940439e-02,-3.183537071700338200e-02,5.851890723279703360e-02,6.705254914825083123e-02,2.417171945633840024e-01,5.855821733477012403e-02,1.741596757271930418e-01,3.109810543539138217e-01,1.448420340482286517e-01,8.940192422204554235e-02,8.455269427768624668e-02,2.344141978398123216e-02,-1.914847161842980761e-01,-2.462430978428758743e-01,-2.238060937099602410e-01,-2.391702367232042270e-01,-2.785270541803602784e-01,-6.230415289449905969e-02,-2.658701559562904881e-01,-1.884024419474465695e-01,-3.332532317597751703e-01,-3.296176541770857171e-01,-4.805230906586708817e-01,-3.240383726254436603e-01,-2.958710996666109594e-01,6.369519861210205802e-02,2.119938945429955257e-01,-2.584512925202721023e-01,1.461438563112929245e-01,8.026144692011500867e-03,1.161752438467671539e-01,-1.741972022588066105e-02,2.965978732081229752e-01,-6.628733314188328674e-02,-3.066369902068670494e-02,-1.710585310471436638e-01,2.751454647816850563e-01,3.558913064778518320e-01,1.522867048647628674e-01,-1.455988162408039799e-01,-6.735679610683892315e-02,-1.123603437816743239e-01,-1.815417940567875255e-01,8.249301718711961329e-02,3.798297959752318653e-01,-1.229549774581574217e-01
2.343202758757674531e-01,9.956412408937488634e-02,0.000000000000000000e+00,3.450334131044215935e-01,3.836646098443348696e-01,2.452481240447373922e-01,5.016109463346324349e-01,1.486376155656514986e-01,3.382468098625366348e-01,2.583884176125885931e-02,1.633952708691925881e-01,-1.036352792402172457e-01,1.420160380683263279e-01,3.008568438698293324e-02,3.410567404344225229e-01,1.520013735469492866e-01,2.193065610977497637e-01,2.360647265605207434e-01,4.557198642974391034e-01,3.077968022846511165e-01,-6.197058069291508375e-02,1.035519168053009725e-01,4.497402582170881291e-01,4.326925893358279374e-01,1.077466227910987284e-01,8.316202513469114765e-02,-2.046920215916188737e-02,-2.001699775774873000e-02,4.043165566058176674e-01,2.267941744711755303e-01,3.783518836169808552e-01,4.603635939509808650e-01,2.215736861746342157e-01,1.963177752697099487e-01,-1.124084336915921883e-01,-2.358930241016270468e-01,2.180606167992923394e-01,5.977713814324425723e-02,9.442011028396420785e-03,-1.395605390462729056e-03,8.459119376719360928e-02,4.019919230946656166e-03,-6.257904638658534635e-02,-7.354966696118896141e-02,-1.983032165413214643e-01,-2.304519765879721183e-01,-5.966236026833644096e-02,-2.726733592628303726e-01,-4.710103157003449059e-01,-4.390320180588855314e-01,-4.963106563381914915e-01,-4.314019756977263143e-01,-4.501962251493595857e-01,-4.021509941695871615e-01,-2.437730916222604072e-01,-1.351219674502985579e-01,1.449087720712378680e-01,1.238433747547639935e-01,-2.193250671224847848e-01,-3.191021972010454344e-01,-2.318765622568668555e-02,3.394728419840556399e-02,2.313590326951424636e-01,8.718966609171896476e-02,4.582523300011626805e-02,-1.089018754049781851e-01,-2.865175166585999800e-01,-3.636584122079715153e-01,3.849719398617947874e-01,3.267770175152107798e-02,2.321154535350629100e-01,2.432616551323876775e-01,2.712603539266463248e-01,2.042870304745429133e-01,2.219487607037053389e-01,1.260369011274163620e-01,1.248062430026579128e-01,-5.379352503604913766e-02,1.989628503364383738e-01,2.379891607830344480e-01,3.692239718643464119e-01,4.130349446554394399e-01,-3.523972346491972048e-03,2.603553103069775609e-01,1.774427240530375427e-02,-5.834315960764085984e-02,-4.344246171596236050e-02,1.361071441279446681e-01,-8.830150670350955799e-02,-3.175884680400313242e-01,-4.251427311815627053e-01,-1.758428889955077901e-01,-3.886467801321871751e-01,-1.046666859758866308e-01,1.310709079671151522e-01,-2.118822067841695245e-01,-8.451048202576640078e-02,-8.029174087290339920e-03,-7.716630875152123703e-02,-9.810599480288140217e-02,-4.361436911507361458e-01,-2.285414115435083215e-01,-2.113594990444621069e-01,-2.437949141548451659e-01,-5.010198310295194135e-01,-4.057462706619984760e-01,-2.297901475975936969e-01,-2.350427443173497832e-01,1.547950604637559902e-01,7.066251639547856123e-02,-1.340322348541744257e-01,-1.050541727359208255e-01,-3.268387807543511880e-01,-1.630852247633404195e-01,-2.039756684048973367e-01,-1.891325926809554747e-01
1.552805988322489283e-01,-5.496176366604602070e-02,3.450334131044215935e-01,0.000000000000000000e+00,1.853583087603254687e-01,5.544751925205663179e-01,3.827579096308427187e-01,7.608242439573926763e-01,2.960030693135939361e-01,4.530795933879332993e-01,2.176869060380430265e-01,2.248115624936727064e-01,-1.330608664658410323e-01,1.234937526399321195e-01,1.042127524603663896e-01,3.172260942198926181e-01,1.293690453276251928e-01,4.035143791540464486e-02,9.597230122537281360e-02,2.536666447764695520e-01,6.456183484412838722e-03,1.989576786365185035e-01,-6.413767873677375664e-02,3.162596971118379896e-01,-2.960557695038020798e-01,-1.424022191582553776e-01,-2.123100950611545024e-01,-5.468854756153763291e-02,1.630037191813920594e-01,2.637656879502682794e-01,1.067521090995553618e-01,1.972020023108692066e-01,3.061204607577491799e-01,1.823907786996476210e-01,-3.938829992080910558e-01,-3.709690235760145782e-01,-1.621367413467589627e-02,-2.262002650836650655e-02,2.274626699538008501e-01,2.404687633962005466e-01,1.778925453711626137e-01,1.624287822106709189e-01,-2.517890595476849833e-02,1.395768016772170328e-01,-1.680220249632010110e-01,-2.771866130983534349e-02,-1.068899618848499627e-01,-2.832222789081643155e-01,-3.620481909260701570e-01,-4.081442724081715268e-01,-3.031085620257890079e-01,-2.834713496988776615e-01,-3.623716521771052079e-01,-1.069762220478907011e-01,-2.641149652612110876e-01,-1.820013804562232440e-01,-5.259243247647388958e-02,-1.663688317096911062e-01,-3.261009280316047865e-01,-2.337197368413642118e-01,7.094420705019365003e-02,3.327972724172044150e-01,5.735771994702739546e-02,6.595846228960160207e-02,-2.069053139083704695e-01,4.250457382663648809e-01,-2.439673619324311538e-01,3.987108350804544066e-02,2.535204946871525422e-01,-1.055201157022168795e-01,5.938600372527366028e-02,-8.663065879397589819e-02,1.335238176342248284e-01,1.972292719049033582e-01,5.782087969820398632e-02,9.602084947718082797e-02,2.277480910400311170e-02,6.415583153273282657e-02,7.436462395849080531e-02,4.699260854062145554e-02,2.964122742247514708e-01,2.310592012194242761e-01,6.929776063682853426e-02,3.636422313755622859e-01,-1.277668769713022172e-02,2.521446197901929809e-01,8.568827964687962540e-02,2.461972276424058137e-01,3.064150763812036916e-03,-2.431667824822202409e-02,-2.269300261296209320e-01,-3.555788567365807396e-01,5.399582375763213073e-03,-3.615830072055417066e-01,2.628663730751137906e-01,-1.411492932344300955e-01,-3.446543808739402914e-01,-1.151729866948659614e-01,-2.992552861802954545e-01,-2.051108690045151672e-01,-1.253057927899734192e-01,-2.915820379986552302e-01,-3.513451794495466296e-01,-3.047519295973153408e-01,-3.988635100800269062e-01,-2.774255295922677389e-01,-3.294478465162534730e-01,-2.663863166649977909e-01,9.632203936631665575e-02,1.471266053374498672e-01,-4.358698291886891063e-01,-7.983507703970613156e-02,-2.391819827017552524e-01,-3.023845908445363939e-01,-1.812869281355648232e-01,-2.390556974250614974e-01
1.669101213485576704e-02,-1.473212773969698013e-02,3.836646098443348696e-01,1.853583087603254687e-01,0.000000000000000000e+00,5.880579150708113989e-01,1.888464532390904393e-01,1.125024453510546363e-01,3.832188646347377547e-01,2.309424972734374637e-01,1.027519980672910310e-01,1.288497598366872832e-01,2.865485214073808518e-01,1.996937507903698283e-01,2.703554663749501707e-01,1.633176813145501838e-01,4.886872935124964706e-02,4.672754437437713626e-02,1.191644482233849417e-01,1.242547425540112271e-01,1.872782365837758478e-01,2.276029584951974605e-01,4.432388201292153385e-01,4.659564024688579442e-01,2.051480590019788275e-01,2.490674593899503686e-01,4.700622565678215237e-01,4.216668385898960647e-01,3.487655741274538479e-01,2.018552578249928620e-01,3.656489259171286088e-01,3.910096615471005954e-01,9.100924045635834514e-02,4.233596190903155670e-02,2.167087833137732941e-02,-1.705622552765483357e-01,-5.972354343489218870e-02,-1.647403733283906990e-01,-2.542282879177664712e-01,-2.309070116924431260e-01,3.722660347676221698e-02,-5.263507584672022510e-02,-3.072999413278008074e-01,-3.080371441213816674e-01,-1.225473010375719984e-01,-1.292182887212756925e-01,-2.591731919517944460e-01,-4.062273273857127664e-01,-1.885799965852994475e-01,-1.229583873998003896e-01,-2.972855909579706912e-01,-2.976384424876244994e-01,-2.073758936205831460e-01,-2.116733174953898677e-01,-1.873847883945967407e-01,-1.820445863572464351e-01,-5.807683691837068479e-02,-6.085141767942116309e-02,-8.994027457824983751e-02,-1.974321670657076255e-01,2.005519350911699056e-02,1.772744387000418642e-01,8.036307039483887860e-02,9.362320761631322263e-02,4.340282307543226192e-01,3.030730476130702455e-01,-3.884922825423147708e-01,-4.174096720582826658e-01,-1.491882738411342002e-01,-2.150840118691359493e-01,4.299747309092376568e-01,3.176156857395551203e-01,3.631120329573460648e-01,3.895367268216099466e-01,6.005217684154815633e-02,2.214711125439423056e-01,5.310396624780311901e-03,1.888124081339100438e-02,8.814223755591144016e-02,6.949335711297793816e-02,1.117986556373346124e-01,1.651597687215937971e-01,-1.880854446092306703e-02,-3.570875085762231782e-02,1.909906723367577608e-01,3.670030740260257079e-02,-1.164738233422285413e-01,4.621837271433085897e-02,-1.362605083112251037e-01,-2.908843180444445897e-01,-2.731258861459953113e-01,-2.499609463549799238e-01,-1.902475540195795456e-01,-6.203965181201462342e-02,-9.099041052140695307e-02,-2.101117348180338573e-01,-1.978626146054383583e-01,-1.306718555094289747e-01,-3.188998125299715714e-01,-3.119806478964470831e-01,-4.864759544496791849e-02,-2.902750669869109262e-02,-2.381420359755375554e-02,4.430258324659049063e-03,-2.544734300085785828e-01,-2.570117720266816286e-01,-1.114986258969453276e-01,-9.773004859381349135e-03,-4.142206109034940464e-02,-1.002066115657143791e-01,-2.532086985498403497e-01,-3.725479129747801821e-01,-2.797433317371599837e-01,-9.955507121665078951e-02,3.044475154172410908e-02,6.265797669558591243e-02
2.087866023132748938e-01,3.558945369007181919e-02,2.452481240447373922e-01,5.544751925205663179e-01,5.880579150708113989e-01,0.000000000000000000e+00,2.636676963752440650e-01,5.767294563174584221e-01,5.451039754583022479e-01,6.007188373662224468e-01,4.234200374188905047e-01,4.539216054724317662e-01,1.913862807462283488e-01,4.269737088875021347e-01,2.647679172061274122e-01,3.915457196608818635e-01,2.661272902660593020e-01,1.293898306537064335e-01,5.353774228451004674e-02,2.322602589665989092e-01,-1.256560081348604418e-01,5.569342735672068445e-02,-2.369089406215810212e-02,1.754305055781688605e-01,-2.052384154182352871e-01,-7.496450117610070629e-02,7.808001467408783036e-02,2.332781889336032755e-01,4.641860648241867837e-01,3.950439104686606084e-01,2.943915370821469368e-01,2.702890939856170682e-01,4.904402218822989656e-01,3.394763175966402091e-01,-2.102713727074951855e-01,-3.627975548525055882e-01,-3.521920468225426260e-01,-3.979212857692409622e-01,-3.165680407896669379e-01,-2.862036178969228906e-01,-8.391320802386156852e-02,-1.775533915310480992e-01,-3.501841480317119393e-01,-1.871671286193856976e-01,-5.266698709299456882e-02,1.093752430637097289e-01,-2.572423999585044530e-01,-4.941393577018524663e-01,-1.632212218602560327e-01,-2.425332831798616973e-01,-3.341760864011488197e-01,-4.550610924370785404e-01,-2.721664189841976333e-01,-1.365242475584205195e-01,-3.298179985936880443e-01,-2.449324300850969360e-01,1.791343344023906686e-02,-5.209595932747480840e-02,3.533544103146091242e-02,-7.866798732125676596e-02,4.232723963082186125e-01,6.319029548591194034e-01,3.398701401072389827e-01,4.186995684843271004e-01,1.430047314163139238e-01,4.939472317986511318e-01,-2.247172952509497168e-01,-5.868126003080894465e-02,-1.942429037194413205e-02,-1.914762531407851465e-01,2.767568994944365479e-01,1.945674146519850156e-01,3.860798668952570289e-01,5.014968206612888668e-01,1.681776173678380393e-01,2.406348572605141456e-01,7.515740560342572263e-02,7.891721292653486319e-02,2.331286918391733964e-01,1.089213028383813758e-01,2.992308569197340007e-01,2.739872884628637983e-01,-1.412943189908419939e-01,-2.966038867672095682e-04,1.618877595599525071e-02,4.756344865074654121e-02,-2.486541787787552305e-01,7.477655501317977127e-02,-2.833976771609301171e-01,-2.300414223337676478e-01,-2.816557455937839793e-01,-3.832744274214405777e-01,-2.794429073046815759e-01,-4.540730374375445133e-01,-1.888809191948317978e-01,-2.156968624261199619e-01,-3.916754090579873115e-01,-2.182652887662258068e-01,-3.853417427550475116e-01,-3.700836680993867533e-01,1.600628702021678756e-02,-1.005453320591210981e-01,-2.357589512817353239e-01,-5.262298105566971806e-02,-2.286746470160352929e-01,-2.814783643791989864e-01,-7.364302681370377135e-02,3.681971963933672320e-02,-1.239510181412845913e-01,-2.216614325173238698e-01,-5.475080369312416151e-01,-3.661755366998289407e-01,-3.830509213139716151e-01,-3.190297018225845549e-01,7.177137987825980836e-02,1.302855157664142560e-01
4.438999590113379412e-01,8.955166441416451129e-02,5.016109463346324349e-01,3.827579096308427187e-01,1.888464532390904393e-01,2.636676963752440650e-01,0.000000000000000000e+00,5.716732974582984239e-01,5.594581093975989905e-01,3.399127957345454143e-01,3.820129295152182025e-01,3.311867216202674657e-01,4.099286456210833873e-01,3.485706741134954600e-01,3.172116932729272532e-01,2.001537808115675110e-01,-6.419226767798089095e-02,-9.146285816857849249e-02,2.656674755991351167e-01,1.017033461732412269e-01,-1.654537643194878282e-01,-4.132257741913952093e-02,-9.114756797544623645e-02,-7.898073917853398740e-02,-7.644853332507284271e-02,-5.724422796353449694e-02,-2.033348086820425393e-01,-3.673278194359644311e-02,2.244780969027359088e-02,-9.864082131676087106e-02,-2.614643618180766474e-02,-1.207748700071512721e-01,1.451333091914110973e-01,-1.815658647987914709e-01,-5.527797580622475504e-01,-5.595499028770773986e-01,3.988322004625677319e-03,1.637982206468388893e-03,8.517777686582608809e-02,6.763875856032301737e-02,-1.371004747326268758e-01,-1.002819959580325132e-01,-1.544596062579422363e-02,1.904126815801277656e-02,-3.217931397317093656e-01,-2.661423341835345013e-01,-8.779340941178917501e-02,-2.083704182009090133e-01,-2.156986547092334117e-01,-2.376857122540786682e-01,-7.768555598036580578e-02,3.390884868689016812e-03,-1.906571166861873168e-01,-2.334226972467492722e-01,-1.885657994807019566e-01,-1.014861592619599462e-01,-1.228060288398262340e-01,-5.399789349216039397e-02,-2.010659891495022479e-03,-7.599704655822973887e-02,3.692392257495371588e-01,3.457042426625159259e-01,-1.123183092860084720e-01,-1.117175249657357816e-01,-1.310482011535707772e-02,1.276477302535506675e-01,-3.006194636922148236e-02,-1.354941757287479731e-01,2.065311508639787186e-01,4.447727057710603588e-02,2.735593831876805826e-01,1.807652355662960619e-01,4.099316425117572327e-01,3.313781304033129871e-01,2.838483947984140610e-01,1.269915436249679508e-01,1.093030866570215975e-01,-6.171123806244332294e-02,-1.326932617676500059e-01,-7.718579374418244043e-02,3.723005817548150076e-02,1.333566370834124160e-01,-2.600190836709230235e-01,-2.267347724025823436e-02,-7.184506112122941712e-02,1.886989180816635997e-02,-2.524245712129040142e-01,-1.865223882521311050e-01,-5.287098520282472458e-02,-8.190169805962546623e-02,-2.144574908839402549e-01,-5.894249456815621457e-02,-9.516647000316502680e-02,1.931223012361263716e-02,5.781183300229337380e-02,-2.342236279716165548e-01,-1.858877936189551328e-01,-2.393739250914148908e-01,-2.889847358515956199e-01,-4.349922311740336139e-02,3.601696112372849284e-02,1.409187665778713627e-01,-1.173052521349868121e-01,-1.532156182878082473e-01,-2.923503754317498537e-01,-1.931090300359747103e-01,-5.963236458917128141e-02,8.963812703229546985e-02,3.948051684397665267e-02,3.633748966746515319e-02,-2.502464582207516441e-01,-2.439296515957782852e-01,2.024812124046479131e-02,-6.864575745596387946e-02,8.941106360240350451e-03,-2.359425572188732501e-01
4.107654832648409693e-01,1.154688001756557364e-01,1.486376155656514986e-01,7.608242439573926763e-01,1.125024453510546363e-01,5.767294563174584221e-01,5.716732974582984239e-01,0.000000000000000000e+00,4.571223656749981434e-01,6.093080439325875286e-01,4.262605531752985399e-01,5.165440493876451988e-01,1.905703077605546414e-01,4.329307694559705877e-01,1.484797855571646508e-01,3.445340622716393519e-01,3.907673469679957823e-02,-1.403414658755329780e-01,6.239343027905739497e-02,2.473190495695470059e-01,-1.688534789828492755e-01,3.171986298208925859e-02,-2.561643430132607424e-01,1.830448857197554055e-02,-2.895687407069432728e-01,-1.585147517870889589e-01,-2.378921470186932119e-01,1.402890275914799728e-02,1.218284325628734600e-02,8.364901458408884743e-03,-7.833045320401813005e-02,-1.130209319677724228e-01,2.264813915380107789e-01,5.973111364540761165e-02,-5.459145369098538092e-01,-5.344849963814094496e-01,-1.801401687360053294e-01,-1.523325937736413616e-01,1.351519850857956784e-01,1.401153085687808497e-01,-8.255501528533032429e-02,-6.791805391699963501e-02,1.456194744517984654e-02,1.587691668340298901e-01,-2.689949583258812726e-01,-7.888336725987260545e-02,4.215552657349894150e-02,-1.571600048772433811e-01,-2.128677936854700692e-01,-2.744973443912140931e-01,-1.391151738903553814e-01,-7.000149174142727970e-02,-2.325839899835265290e-01,-4.540176508385882631e-02,-1.990167600521657865e-01,-5.235216115843306650e-02,1.177730772069531841e-02,-1.045106083006931974e-01,-5.269382422192014220e-02,-5.367755435053474938e-02,3.283211996761474238e-01,5.088657607430850938e-01,-5.776720507150152201e-02,4.418250224745941257e-02,-2.373935375010637061e-01,4.637916036546829157e-01,-7.013573340779703791e-02,1.291775755529601111e-01,2.568966020176612908e-01,6.137643550465168157e-02,8.567334108956835975e-03,-1.313330396462416561e-01,2.013243194159679283e-01,2.450137704698442109e-01,1.326536996771479626e-01,9.193899327851845493e-02,9.914258580089338468e-02,9.797503014933761634e-02,-4.825487606051383216e-02,-1.241229210380223325e-01,1.061246238531671354e-01,6.445223506746747266e-02,-1.628459938555867070e-01,7.622322377433402019e-02,-1.237747485140440196e-01,2.242277558935648896e-01,-1.602712330205989799e-01,8.779521197867054538e-02,-6.443287357812531313e-02,6.481980322183854282e-02,-1.876423823896900267e-01,-3.133158736412628986e-01,3.848471432602166425e-02,-3.446056449050015069e-01,8.877822683632326239e-02,-6.242614027444387537e-02,-3.255966710460622138e-01,-2.578186969610932744e-01,-3.666576120735737798e-01,-1.271209187835363186e-01,1.499560162695444121e-01,-1.047583666954835513e-01,-2.418669757855431146e-01,-2.483761809119051645e-01,-3.130622104834295261e-01,-2.789649510070825733e-01,-1.428998045638880943e-01,1.267215110820047765e-02,8.878989709755502613e-02,2.461772448103512548e-02,-4.236165301755374646e-01,-2.175921024766162282e-01,-1.410797376012244420e-01,-2.858587302908135452e-01,-3.257296839274891054e-02,-2.325486950183684454e-01
2.388074066595925748e-01,-9.053523244443778539e-02,3.382468098625366348e-01,2.960030693135939361e-01,3.832188646347377547e-01,5.451039754583022479e-01,5.594581093975989905e-01,4.571223656749981434e-01,0.000000000000000000e+00,6.468800744519147550e-01,4.761144566528399125e-01,4.402072327823128295e-01,4.137469071670472065e-01,5.954990343423318677e-01,6.284903739560605551e-01,6.064056687524319589e-01,1.491339032544107546e-01,1.791272670965899094e-01,2.276002376262245899e-02,-3.390032852722724838e-02,-3.867878378574115539e-01,-1.690247111480284725e-01,-1.604767661749069707e-01,-3.626705758923576273e-02,-1.857458079973047238e-01,-8.508373101509418557e-02,-2.323425091638119111e-01,1.414999374492404149e-01,2.719625005072675017e-01,1.957492644613403887e-01,1.219634312683431226e-01,3.274501367245104266e-02,2.546637801147287883e-01,9.331886195434709041e-02,-4.621239544685261103e-01,-4.731138231475895961e-01,-2.438003800853072167e-01,-2.001838050434862348e-01,-2.957601257373111969e-01,-2.807356893651798413e-01,-2.512744312498704780e-01,-1.952087755089606802e-01,-4.197065614571197645e-01,-3.104705285522857405e-01,-1.822492783004286132e-01,-3.072595664594712783e-02,-4.400018899908115788e-01,-3.545197991119424241e-01,-2.896067107643413574e-01,-3.338429035239575682e-01,-3.002793796893527545e-01,-2.487589438017003274e-01,-3.267737905086828265e-01,-2.960859588063906034e-01,-4.346290388587358833e-01,-4.119089277038829877e-01,-1.174314454901695254e-01,-8.565239156098367057e-02,8.407975787035518178e-02,-7.904659479865613902e-02,4.915482833695815068e-01,5.688594049295806476e-01,3.215717096122621133e-01,2.930614140149434554e-01,-1.484627075425572207e-02,2.537442719983736272e-01,-2.144608816694111020e-01,-1.148827167580224323e-01,4.891044957502882484e-02,-3.304233904914130604e-02,2.472289986350402757e-01,2.627159951979430863e-01,3.559200389309474244e-01,4.834863869058188546e-01,9.551487506083967960e-02,1.781512877204541045e-01,1.769473144408321291e-02,-9.994694332432210726e-02,1.301876107285338813e-01,1.207791940304278472e-01,2.750783518241159409e-01,4.138644432672305973e-01,-2.787902072597195358e-01,-5.504210387604953347e-02,-1.839068098531261575e-01,-3.841708381668627881e-02,-3.081672583559558198e-01,-2.117304854444786166e-01,-2.306156469529006825e-01,-2.526211336656120077e-01,-2.934999433167694849e-01,-4.152712105405056281e-02,-1.895696812147201760e-01,-1.159753483665836027e-01,-2.639918910766437254e-01,-3.490215619716189321e-01,-4.374332581793325403e-01,-2.627949268312462228e-01,-4.019227894876794549e-01,-2.819400364583930507e-01,-1.464255870441856788e-01,8.695198236088960350e-03,-1.985046878480981325e-01,-3.052484226282039387e-02,-1.354590882708991972e-01,-1.711853094524427576e-01,1.025430964991226185e-01,2.175759302356825714e-02,-3.492033109410782044e-01,-3.342961394027361699e-01,-2.159941578984634902e-01,-2.539817168744452069e-01,-1.331605063906865782e-01,-1.429985545793570068e-01,-7.114093736424294268e-02,2.407135210443453188e-01
7.253679281461290762e-02,-2.213569429785913201e-01,2.583884176125885931e-02,4.530795933879332993e-01,2.309424972734374637e-01,6.007188373662224468e-01,3.399127957345454143e-01,6.093080439325875286e-01,6.468800744519147550e-01,0.000000000000000000e+00,3.703331849193483016e-01,4.635962974209186793e-01,5.353258069496615035e-02,5.114535237048211114e-01,3.176435458208881069e-01,6.732318852370556828e-01,3.601892007438709659e-02,2.364734092010058186e-02,-2.916521027777222996e-01,-2.262994129167370527e-01,-2.205193980819895594e-01,-5.462322298212182042e-02,-3.319070353276695196e-01,6.751934407105990299e-02,-3.592597388136879455e-01,-1.669510940701240675e-01,-2.295535143654421073e-01,1.180424555472821962e-01,7.158788730319122495e-02,1.387681951585993667e-01,-1.040317087312291611e-01,-9.960696920546519006e-02,1.240750712647684245e-01,-3.484232264658357163e-03,-4.503553454228835240e-01,-4.324683416223520926e-01,-3.563860330488326511e-01,-2.382900266329960604e-01,-2.462560471864430056e-01,-2.194753370814912785e-01,-1.915820699134533622e-01,-2.158791838387583428e-01,-4.571086283061284727e-01,-2.570220606724233359e-01,-2.368731437999670453e-01,-2.337846904573128229e-02,-3.922784450868739836e-01,-2.413360621004894679e-01,-2.370217248737201687e-01,-1.865742294047296468e-01,-1.805603065431161947e-01,-1.541590777788307831e-01,-1.644044925768072263e-01,-1.420403173153357394e-02,-3.472986359856428673e-01,-2.515360430813162185e-01,-2.879045130924438034e-01,-2.664442587075790403e-01,4.707041510366827275e-02,4.334752926388281413e-02,4.845867411981057415e-01,7.020855074862721867e-01,1.847217470834824904e-01,1.910031886995049999e-01,1.213044307637152659e-02,6.311989915261255746e-01,-1.472495222072418564e-01,5.040789685808152315e-02,-1.850926900387512841e-01,-2.299947634854433987e-01,4.107690546565159057e-02,1.136636704544849580e-01,3.037271806716840272e-01,3.741508586330086761e-01,5.604995705619378321e-02,1.676702064708238127e-01,4.118610577621837493e-03,-1.761890225620486861e-02,4.186553858242367254e-02,-4.173116379840031975e-02,8.617850093377253662e-02,1.316034130067700869e-01,-2.266251516160059098e-01,-9.984790962489273336e-02,-1.878983105143884336e-01,6.755957105996231171e-02,-3.229981531411988960e-01,-1.013252164116411058e-01,-1.426361073927873979e-01,1.701357145530911497e-02,2.818480784947887535e-02,-1.158222925202819463e-02,1.471706502367797487e-01,-1.018821250402731360e-01,-1.642579111828309790e-01,-8.872371401311021644e-02,-3.080391509124478233e-01,-1.826361321658666326e-01,-3.134872253218941585e-01,-9.082417127842973281e-02,6.153124883902565123e-02,1.030881970848505913e-01,-2.287472809415274921e-01,1.106061379105279657e-01,2.317122907767237699e-02,5.769704918439013536e-02,5.617568321170399170e-02,8.607347955983686572e-02,-3.120349028448004547e-01,-1.234433376112973324e-01,-1.736737628595037553e-01,-1.585676052095514044e-01,1.077861630576923933e-02,-1.141268355283831387e-01,7.434415818234488271e-02,2.416737846308755211e-01
7.493109633667647262e-01,5.128629481233607512e-01,1.633952708691925881e-01,2.176869060380430265e-01,1.027519980672910310e-01,4.234200374188905047e-01,3.820129295152182025e-01,4.262605531752985399e-01,4.761144566528399125e-01,3.703331849193483016e-01,0.000000000000000000e+00,7.783048893241034660e-01,6.434843599926576285e-01,6.603938591819455972e-01,5.547133105213891691e-01,4.195603293120644950e-01,2.476199087531306686e-01,1.071957584168587579e-01,3.402804892922310920e-01,3.254475538652188416e-01,-4.807705333022778138e-01,-2.982623421171322065e-01,-2.863747167504389068e-01,-3.549561600669765560e-01,-3.426043269238747135e-01,-3.175811770748712126e-01,-2.498433663745566191e-01,-1.045968169941700193e-01,3.839442370379049785e-01,1.617331995907601017e-01,-5.025028164177480078e-02,-8.839031267866195862e-02,4.211596541188933895e-01,2.021456704246881453e-01,-4.575865760893722545e-01,-4.440807665157765483e-01,-5.638968471131388105e-01,-5.779790631490326902e-01,-3.385120155060728497e-01,-2.781891557326058861e-01,-4.344085262560680172e-01,-3.881712813038759036e-01,-2.855974687972733239e-01,-1.411988323551279789e-01,-2.306325171746758107e-01,-3.210527785391516925e-02,-1.655502016633630114e-01,-4.397908786007513338e-01,-1.843604779574164465e-01,-2.897152323234357674e-01,-3.539639275715023709e-02,-2.936703466966129050e-01,-2.452704078858076661e-02,-3.460871721385524458e-01,-2.238461553001395432e-01,-1.151675300455009543e-01,2.571084591550440446e-01,3.483760365094305533e-01,5.099507719435821818e-01,3.064980639845029664e-01,7.213465436865458269e-01,5.882919228898541020e-01,3.607896382249651812e-01,5.790895032997058767e-01,-1.871260578051747170e-01,-7.898576638076747203e-02,1.156765357966219182e-01,1.590107366962230928e-01,3.038289178929113876e-01,6.478466343655583937e-02,5.960315049796779258e-02,6.897697009266032242e-02,2.064417888116012734e-01,3.723145483569703096e-01,2.249562556958673853e-01,1.921695253167295114e-01,2.456868094796366142e-01,1.975827128156215640e-01,1.749422640271429130e-01,1.362878846443672798e-01,2.608036033677590404e-01,2.661627646911752798e-01,-1.199070156613878946e-01,-4.860919599762507370e-02,-8.671963744689623055e-02,-6.918600349502478097e-02,-2.567827183527751633e-01,-2.319256407747041782e-02,-2.001097545100483099e-01,-2.166380163095336930e-01,-4.782197313120022941e-01,-3.797227442601105452e-01,-5.185591736458128320e-01,-5.090125842739979811e-01,-3.089619150201688980e-01,-2.478957079106694494e-01,-2.533357622159758127e-01,-5.074496725885825343e-01,-2.239634185380580955e-01,-2.456552202653309869e-01,1.046931339588439702e-01,2.167466321293982576e-02,-1.825057387337019471e-02,-5.309647326718838073e-02,-1.882755961749480456e-01,-2.117419374635434448e-01,4.819152711835443526e-02,1.752568265338108611e-01,-2.934274631407325293e-02,-1.660266854703329464e-01,-3.086731657867295420e-01,-2.815661526942606074e-01,-1.577698468177971269e-01,-1.581450587011009046e-01,2.062004216194490702e-01,1.404462809108459644e-02
5.608965885490857506e-01,3.861844092613363477e-01,-1.036352792402172457e-01,2.248115624936727064e-01,1.288497598366872832e-01,4.539216054724317662e-01,3.311867216202674657e-01,5.165440493876451988e-01,4.402072327823128295e-01,4.635962974209186793e-01,7.783048893241034660e-01,0.000000000000000000e+00,6.271187848848808200e-01,8.008435827792593775e-01,4.401925151503841005e-01,4.259680752851104923e-01,1.452955293379495361e-01,3.728956917332057475e-02,9.174157862988796541e-02,2.056967417159197842e-01,-4.234644407782706677e-01,-2.065817644774676498e-01,-3.962562187987947460e-01,-3.991942263617644371e-01,-3.342665939443304479e-01,-2.536721997085752411e-01,-2.148514726639245975e-01,-1.632781578992992602e-02,2.830630810142888421e-01,1.497429547625033774e-01,-7.959383745338766136e-02,-1.841007519062535236e-01,3.667464046561367264e-01,1.064487320257052477e-01,-4.537102248968459817e-01,-4.104668916173164761e-01,-6.754381738090078358e-01,-6.444085011377554961e-01,-3.397131115997618078e-01,-3.076119676497988675e-01,-3.432973322833773877e-01,-3.073152276729456123e-01,-2.880851991223866704e-01,-1.053441999914459110e-01,-2.029262380825141154e-01,3.187579370092214620e-02,-2.056411724592831225e-01,-3.856941996648720616e-01,-7.170274544095323402e-03,-5.722988407848633718e-02,1.395459143611326169e-01,-3.105854067504432506e-02,8.945457561024429405e-02,-2.725412840268775505e-01,-1.876294388079577657e-01,-1.266511224128520630e-01,1.317959962372116378e-01,2.039310471372776101e-01,5.317007268124461783e-01,4.255981144024200136e-01,6.905809938524659630e-01,6.648119194485643257e-01,2.877053596644523759e-01,5.124744129141344251e-01,-1.085601794607394116e-01,1.977848905513323319e-01,1.356460832928082783e-01,2.476612404354122943e-01,1.002436187749023572e-01,-1.410668275475462918e-02,7.044528568114791223e-02,7.262135555644530505e-02,2.702461083186309954e-01,4.426108928146060273e-01,1.240123535391513682e-01,2.575248101785750365e-01,2.419581092723606663e-01,3.080198019433472711e-01,1.439368291724248683e-01,1.162200473730729683e-02,2.059181435849684882e-01,2.060067551293964516e-01,-5.908129164809283740e-02,-1.660103916103088662e-01,1.100584914898115885e-02,1.614342983956503497e-01,-1.921984736432015561e-01,-1.065959355849193380e-01,-2.646734331281205277e-01,-1.550281017173686937e-01,-3.061900527146173001e-01,-3.888180938269072406e-01,-3.820492209146607032e-01,-5.354407615322591685e-01,-3.404144767332094590e-01,-3.305632470822139624e-01,-3.421889663557998729e-01,-5.974969240096849044e-01,-4.089003573362817168e-01,-3.985980744373319173e-01,1.956696228569975160e-01,6.952566718294232728e-02,-4.251040678211392282e-02,-1.841848317386977560e-02,-5.982751443471522740e-02,-1.677286362460322366e-01,7.537030142630465890e-02,2.116716311755040547e-01,-1.223302482384551193e-01,-3.201833337599411244e-01,-2.457588002038200159e-01,-4.615321633462396433e-01,-1.854823325067759265e-01,-1.569093230041919140e-01,3.172543892498557172e-01,1.367044660044553217e-01
5.986393821909717916e-01,4.721918019174724535e-01,1.420160380683263279e-01,-1.330608664658410323e-01,2.865485214073808518e-01,1.913862807462283488e-01,4.099286456210833873e-01,1.905703077605546414e-01,4.137469071670472065e-01,5.353258069496615035e-02,6.434843599926576285e-01,6.271187848848808200e-01,0.000000000000000000e+00,6.501706577943964227e-01,5.590902251423491842e-01,1.951207452617447768e-01,5.533260539989098836e-02,-4.062919105421763238e-02,3.401752510450958278e-01,2.792326194068365242e-01,-3.319824759317701601e-01,-2.119817903393924619e-01,9.126090259655569858e-02,-2.598565293575848534e-01,4.494603145937896282e-02,-2.399181609281137925e-02,8.200780052256144426e-02,1.686485530366264585e-01,2.101958490105797772e-01,-9.075515152309608646e-02,4.376942370156342021e-02,-8.612397274432935512e-02,1.492506788595789058e-01,-8.053761818725324595e-02,-2.561877527042566993e-01,-3.347717046922253914e-01,-3.610509463515030326e-01,-4.282638745618151388e-01,-3.238857259071584727e-01,-3.065522676797653445e-01,-3.707814402082474925e-01,-3.590366434019997000e-01,-8.553944524998360888e-02,-1.360791682165669036e-01,-2.179908267154158641e-01,-2.182111614030127211e-01,-2.464410735532160737e-02,-2.128983433321000041e-01,-7.026025467123406254e-02,-1.310010427845461345e-01,-2.751870700256581464e-03,-6.965067541792238637e-02,2.416848906783854167e-02,-3.116700088183653738e-01,-6.383685505937325422e-02,-5.028903208366115873e-02,2.872789144900118607e-01,3.719718032452377088e-01,3.834457391138965110e-01,1.587466877970231671e-01,4.051975135758034696e-01,2.236802287598008698e-01,8.202847582569335050e-02,2.505992671101242575e-01,9.358001597611709244e-02,-1.883085163104912529e-01,3.129352041069176360e-02,-1.744079246851833187e-01,2.250813849790967713e-01,2.547795748610173217e-01,2.217318751245813402e-01,1.116064776264323183e-01,2.388251148408032931e-01,3.227197406436806970e-01,2.153812873472834011e-01,1.394752461012859490e-01,1.753773979669199790e-01,1.555956054213745998e-01,5.257339914390001673e-02,4.189409155543571961e-02,9.486138859767599685e-02,1.881089203319511460e-01,-1.428879617515853295e-01,-2.280198223737780194e-01,1.103519393698115941e-01,5.949457132570461215e-02,-2.511512702693745047e-01,-1.105436877290929543e-01,-1.522490599540195222e-01,-2.410467298464322727e-01,-4.317858335171865791e-01,-2.475436630243219860e-01,-4.009036131808879078e-01,-2.350410924868711338e-01,-3.184138861957880873e-01,-2.600801832673551583e-01,-9.548102188006278579e-02,-4.076977373029959661e-01,-2.865273468023155634e-01,-2.645193285959904772e-01,1.249635328396739298e-01,8.497383033282482345e-02,1.429984054701530782e-01,-5.090496148432341328e-02,-2.270806981316023654e-01,-3.048912093056234118e-01,1.286771371187296897e-01,2.210178696857482972e-01,7.546677390190553725e-02,-2.255724235815557421e-01,-5.940068636224137000e-02,-4.689631355327460449e-01,-1.709642004476873700e-01,-8.053906189091725176e-02,1.585536227812167909e-01,-5.063719938542824567e-02
