0.000000000000000000e+00,7.304026198048123586e-01,1.131844522321708429e-01,3.712614323586070630e-02,4.557225872077268203e-02,4.768546913895300304e-02,8.751931660555187231e-02,-1.137486150235921395e-01,1.889210771498636351e-02,-1.374194297036023527e-01,2.701774718049541057e-01,2.802897716403549566e-01,2.287702664022416010e-01,-2.387312679393686354e-01,7.342383203357671917e-02,-1.507860896157431352e-01,4.155623098188090392e-01,3.331742152788901845e-01,7.994977960848925758e-02,-3.677840764590802058e-02,6.884614634382078824e-02,-9.962382051449199249e-02,-3.034175092771338456e-01,-4.569240966905024903e-01,-1.334464255286241519e-01,-2.694600082945161623e-01,1.961722608493403075e-01,2.024627717081239064e-01,3.182112451413677268e-01,-1.366903497672980194e-01,-2.003954778432259776e-01,-4.148300518576293894e-01,7.514826731468440824e-02,-1.934538206028499352e-01,-2.357938302100170136e-01,-2.896731060100909416e-01,-4.397542219091946786e-03,-2.795989558411099418e-02,-1.677920025816908856e-01,3.190980698806610699e-02,1.763669976115859739e-01,1.217324312748331722e-01,-1.185220727259451295e-01,1.643551661914348372e-01,2.072599482838929363e-01,4.092328854961775342e-01,1.778082451592179480e-01,2.338123782931603722e-01,1.026119118752521625e-01,4.010915617792926158e-01,-2.306008210250752033e-01,4.097917379404412280e-02,-2.947768032668693916e-01,-4.667397478967369451e-02,-1.034497898854939563e-01,1.058493242522341171e-01,7.690473319045527667e-01,6.952163268440925137e-01,5.395922167823443694e-01,5.917247463272382602e-01,3.833725018573563847e-01,1.259150831608303045e-01,5.944017027214508753e-01,2.091367871051748595e-01,-3.418964304589820480e-01,-4.156233240658402939e-01,-1.359800445366573518e-01,-1.765027350934170181e-01,4.123321785804598405e-02,-2.908747989604792972e-01,1.351065131107304085e-01,1.454022772191368162e-01,2.944490010624066234e-01,1.316065234716058130e-01,-1.130763617546949318e-01,-4.857217976535429388e-02,-1.640171965595574044e-01,-2.709443686478238966e-01,-9.070570371079984817e-02,1.822554656670804518e-01,8.002294013051516539e-03,7.857979379711113599e-02,-4.941158453207973936e-03,1.176754082076805069e-01,-2.915233334992347047e-01,1.447417614993090906e-01,3.790699246854214305e-02,1.176919079280725894e-01,-2.493924137297191257e-01,2.715330146104829798e-02,-4.331276222378535046e-01,-4.045502635104850087e-01,-4.059515294471897628e-01,-9.149918633824379033e-02,-2.604044618218807061e-01,-3.305326864877160542e-01,-3.191660667595737633e-01,-5.200437755645193061e-02,-2.413230077486942793e-02,4.593345999932683943e-02,-3.033844637419570028e-02,7.183951973530380841e-02,6.778743119584408616e-02,1.184667168719308744e-01,-3.304363447958454381e-01,-7.491430279816541082e-02,-1.978427868212420393e-01,1.464671602264705219e-01,1.534809425619494128e-01,-2.858998326523239930e-01,-1.997663170953892509e-01,-8.422346586708959193e-02,-1.448582821225574968e-01,3.289521073728084860e-02,-1.355728570922716814e-01,-3.417157635372949365e-01
7.304026198048123586e-01,0.000000000000000000e+00,-9.741969738338056295e-02,-6.803185215616457115e-02,1.454903094218414072e-01,-1.724307155591727758e-01,-2.299497449939658933e-01,-3.059035566106031445e-01,-3.346765634768455455e-01,-1.322042965496147415e-01,7.199773422749521090e-02,3.659434015413853825e-01,-6.537620515558908128e-03,2.032973891358731411e-01,-2.278498919922219978e-02,2.434944645996585666e-01,6.466839524141262396e-01,6.709153636716932434e-01,1.361496551035521196e-01,9.556012216334200393e-02,2.589785533643010340e-01,1.638641408205152861e-01,-1.151860274276621382e-01,-3.652148991323204141e-01,1.245125779881645495e-01,9.714210041244644711e-02,4.516908611468848922e-01,4.998933204822247900e-01,4.391631042512226246e-01,1.383374188796837323e-01,-1.464063024599108163e-02,-1.810639126915042363e-01,3.640176482086165399e-01,1.452389532427456331e-01,-3.139247756222428576e-01,-3.869084242477886515e-01,-5.532983414412857848e-02,-4.750251070284382086e-03,-5.123464674294696958e-02,3.462465012217446070e-01,1.962201612661236827e-01,2.706905496947389911e-01,3.521187165882820602e-02,5.230552364962678391e-01,4.952370710490481276e-01,6.131126551716112871e-01,3.757239675327172512e-01,4.011934270942663638e-01,1.349754816286329873e-01,2.895961299126642019e-01,-4.350513928903638194e-01,-6.240731695538036944e-02,-5.549331881608460249e-01,-5.178091106591579951e-02,-4.397476418593390113e-01,-2.487633154121561829e-01,8.632555884364941923e-01,9.043838467162642614e-01,2.650804342282790937e-01,4.102074378451026071e-01,5.289305857368671593e-02,-1.057229136083369242e-01,7.019243613424993589e-01,2.252532138011676954e-01,-5.078816391021083732e-01,-4.663413418947114364e-01,-7.858642981389851734e-02,1.344891636334461515e-01,1.688996522648737175e-01,-2.841315897663927448e-01,2.318330672725273933e-01,2.265013441006356598e-01,4.774745589045123473e-01,4.236942773613739943e-01,1.004033595399404372e-01,2.151754432624632951e-01,-3.483033099841250091e-01,-3.622723775986517736e-01,1.721747899150323224e-01,5.721590717692967010e-01,2.576397216048483263e-01,4.841416440528532594e-01,1.090135315328667476e-01,4.785312832998559474e-01,-2.599431251203429549e-01,3.940651230412284822e-01,2.084756644202629405e-01,4.482038462377526677e-01,-4.645085590695456346e-01,-1.136752770934849055e-01,-7.486229348610805578e-01,-7.218477463045822606e-01,-3.950980627611714313e-01,-5.640371764420631234e-02,-4.587960082936725636e-01,-5.934503400491509817e-01,-5.636284498397418075e-01,-3.711605517311704072e-01,-4.719695325278924769e-01,-4.411957196362099598e-01,-2.492453535099273532e-01,-4.195982240786805956e-02,-6.382509305298662838e-02,-2.489255286652556076e-01,-4.919224302013827654e-01,-1.425054991514775049e-01,-3.741327043870302793e-01,-9.338624113022653273e-02,1.057089460892341876e-01,-3.081108113671916504e-01,-6.375742054665886061e-01,-5.655245079868473912e-01,-5.544978101185252806e-01,-3.018652936621313843e-01,-8.019505768585813432e-02,-6.741525705565556414e-01
1.131844522321708429e-01,-9.741969738338056295e-02,0.000000000000000000e+00,2.759952958831725645e-01,3.704698906240425083e-01,2.096028294695285177e-01,4.409030770225888518e-01,2.233361762684170360e-01,5.410767463833539015e-01,1.367423354861820040e-01,3.120930637086632986e-01,-5.311460426242282842e-04,1.730389127326494025e-01,-2.768880099568792399e-02,4.556352364436544455e-01,-1.198787769342474357e-01,-3.066593680511441322e-01,1.278457940305367628e-02,5.141405288104768101e-02,8.478293178871725011e-02,-3.063926536429695952e-02,-1.941932134576609126e-01,3.820066620274938374e-01,3.314030318436450018e-01,2.612494845517679964e-01,-9.205925462255569458e-02,1.454453679738977045e-01,2.076623547285610244e-02,-1.891133350098405663e-01,-2.801746835370950289e-02,2.038320647739833291e-01,1.655979549674456430e-01,-2.373209874157347285e-02,4.898567967189514094e-02,3.880679971751729157e-02,2.537333117700446561e-02,3.309607920745368664e-02,-1.297046387459565020e-01,1.301704677148204370e-01,-2.285133052946423937e-01,3.226256081192304531e-02,-1.448432190801712816e-02,-2.868378675666624078e-01,-3.567109714115395680e-01,-2.555620424530685164e-01,-2.406032323640840964e-01,-1.431855912613557713e-01,-1.638311146569113586e-01,-2.039836189993993187e-01,-2.387829442620445497e-01,1.614523994743786439e-01,-3.226783374369314727e-01,3.331105127802072019e-01,-4.018350529200394039e-01,3.346876452967388338e-01,-1.179450016094143322e-01,-1.212809293554293205e-01,-7.780074407177747786e-02,1.482581178692126134e-01,7.756199145785186433e-02,3.265236974026808903e-01,1.182703899162970973e-01,-1.351946363350081115e-01,-3.895707968163850121e-02,4.101816916528055468e-01,1.492013836958465400e-01,1.323790077919193842e-01,-8.089098761584253422e-03,1.525266936932934414e-01,1.762060458466315621e-02,-7.680691653459910222e-03,-1.605467443852411358e-01,-6.932131900433642635e-02,3.525848599354453050e-02,-1.685421739518623840e-01,5.710342316144445540e-02,4.949661429121939710e-02,1.131438213296768192e-01,-1.381740947975768907e-01,-4.508600115692286137e-01,-5.524102187532407837e-02,-2.972333199830370365e-01,1.791712670265822038e-01,-3.532719343635530307e-01,2.639319779819863654e-01,-3.929281032549880037e-01,8.496985158070276267e-02,-2.450919277467437374e-01,5.152586282943766305e-01,-2.826808846914877771e-01,2.736750526514364346e-01,2.776343652916297543e-03,1.171170122121534263e-01,-4.641663879411492832e-01,-2.118424358014927775e-02,2.981745866515370449e-02,8.020999837986186876e-02,-1.796194910786879650e-01,1.709137741940294219e-01,1.594206698147065671e-01,4.572514736729884066e-01,-4.257588343014156451e-01,5.455036304275627801e-01,-1.049045422557907774e-02,2.427262554349509660e-01,-2.291937096626050774e-01,3.560399791868347763e-01,-2.936949724479737817e-02,-5.495550598027044292e-02,-9.021785285419154287e-04,1.611981455730727986e-01,1.003272232890375787e-01,-2.589724214659282903e-02,1.929551115866262323e-01,-1.682038390511185200e-01,1.503112000081859856e-01
3.712614323586070630e-02,-6.803185215616457115e-02,2.759952958831725645e-01,0.000000000000000000e+00,4.635812465209989894e-03,5.232403687661612013e-01,5.807675813422225053e-01,5.545380558927861525e-01,4.461151804431484069e-01,5.566423675307370367e-01,-2.329385211849026027e-01,2.768483838887019766e-01,9.251607708253123397e-02,-2.094033896695750296e-01,1.816589891218885200e-01,1.654040036999926133e-01,-1.424906388979133853e-01,-2.832492393189525726e-01,1.192511708569522211e-01,2.915792886586002219e-01,-1.184286022577325792e-01,-2.065084042452997315e-01,2.349821149487086314e-01,5.994278693326359209e-01,-8.019000022143017714e-02,1.222166624250539402e-01,-2.209820767148837906e-01,-8.500370465846082690e-02,-3.749073434658818822e-03,-1.622579049712793431e-01,1.795627894834707083e-01,2.286245006503325738e-01,1.588823223235960591e-01,2.220937388303254878e-01,1.202104117826636176e-01,2.237674546583768576e-01,-2.935388954237510561e-01,-3.395588574216732991e-01,-2.759946356489296759e-01,-1.409499219311322049e-01,-1.898740725064968216e-01,-1.846347727451498610e-01,-4.876417343762156492e-02,-1.686843244430378530e-01,-2.238812514872118020e-01,-3.367457939638656694e-01,-1.337300461583394162e-01,-1.957473110693266349e-01,-2.431134055485663914e-01,-3.132862782930406764e-01,-5.400086685866207353e-02,-2.714181794914924395e-02,6.929820016567721317e-04,-1.279546233760700882e-02,6.812911805313612290e-02,2.727631351883288979e-02,-1.910298128479285817e-01,-1.455220273075253368e-01,-7.049430227215043587e-02,5.473216424353690573e-02,1.293811490506998063e-01,3.440067858523393474e-01,-1.722746737157024033e-01,-1.258656640832252760e-01,2.807900679193677806e-01,3.376144128491601615e-01,6.103968399454780258e-02,6.021931277889083084e-02,5.687642207539572725e-02,4.024092870932284849e-01,-2.771656764583310117e-01,-5.885270678640761727e-02,-7.802899442783060857e-02,-1.539534406330417549e-01,-1.185559143178368663e-01,-2.094763236475408741e-01,2.627195803736182556e-01,4.638743914774532962e-01,-3.648116382298359772e-01,-1.366747260673875919e-01,-4.605852514346076565e-01,-3.319565582697399098e-01,-3.169539406831012873e-01,-2.067460249264274630e-01,-2.506154514733250904e-01,-1.744660011454890192e-01,-4.587212671578462797e-01,-1.172020631901505988e-01,1.877216562008601763e-02,9.542953816706535586e-02,1.260781162564670876e-01,1.904834656881220223e-01,-2.515550571104646638e-01,8.475861849221726085e-02,7.984407032836590701e-02,1.845148872842823640e-01,1.535565252517136214e-01,1.876064989248985293e-01,3.650626338028816753e-01,2.533132861527133128e-01,-2.581812073014695674e-02,2.569507223477800473e-01,-4.177064199612935680e-02,1.872730627149405136e-01,-1.583265576567260413e-01,-5.219681951089878008e-02,-9.460139478650238243e-02,1.762029640889273274e-01,-1.212187959921964819e-01,-2.320397899273909104e-01,1.483783346410528503e-01,1.910609808622628358e-01,2.439556087294973696e-02,8.622816128088317544e-02,-2.405172814620502308e-01,2.038573585938314309e-02
4.557225872077268203e-02,1.454903094218414072e-01,3.704698906240425083e-01,4.635812465209989894e-03,0.000000000000000000e+00,2.591075059148446602e-01,-7.641056031769810630e-02,-2.150111641954821629e-01,2.323579526172842025e-01,3.378860629753078770e-01,1.238916550044731335e-01,9.233234027725438497e-02,1.202655970257375945e-01,4.140851968845355446e-01,5.690629685667537574e-01,5.184703536778723088e-01,2.155864544412713080e-01,5.120211348406588092e-01,3.869281362321965734e-01,1.952022566406070858e-01,3.941554244259034556e-01,2.692857658238395069e-01,4.731842801760219319e-01,3.296244335910173962e-01,7.273037088373418557e-01,5.027949322078378858e-01,5.850564674670146736e-01,5.337881293385644543e-01,3.298807265693227686e-01,4.872806534101104536e-01,6.640449086048799687e-01,4.559891246861847436e-01,1.969072004959930844e-01,2.096440140640467575e-01,-3.779433736918751396e-01,-1.039219056834060351e-01,3.823010613266685787e-01,1.741466786694875202e-01,1.707624802968027711e-01,2.947427777503184299e-01,4.494820144059571421e-01,4.171558565805970620e-01,-3.364032136380064597e-01,4.675689012600016750e-03,-8.128374694770869324e-02,1.490755723744488503e-01,-3.036939455747513731e-04,3.199661659908872857e-01,-3.540645321847541438e-01,-3.271749974058954513e-01,-4.801772630923752949e-01,-5.185775183224099472e-01,-1.952573396790628357e-01,-2.620702855132833187e-01,-1.715579690935165325e-01,-1.622688206821573109e-01,1.777886776624682530e-01,1.132945074765331211e-01,-3.880683088651279977e-01,-4.257171444984543807e-01,-3.293761060161543019e-01,-4.953882932522557514e-01,1.722334914378302329e-01,4.746366468439501551e-02,-2.009134141765003823e-01,-2.427854824053791161e-01,-2.981962833344279917e-01,5.429339834151267197e-02,3.478032023135386730e-01,-1.377629612507463575e-01,5.207791579087426292e-01,2.558530534762182840e-01,4.367631882729338666e-01,4.544798183560192495e-01,1.333794340156472524e-01,1.185354560462200252e-01,-3.178905266567513127e-02,8.160724586448099560e-02,4.430241830022387806e-01,2.765871268305168384e-01,6.298060594736422102e-01,4.191861488455213003e-01,6.203854396017104422e-01,3.495284788444563695e-01,3.338116616557496585e-01,1.734970945975423673e-01,5.384445937840187657e-01,3.487858017053048210e-01,-8.274326333721788301e-03,-2.314970346736278384e-01,-2.624928897297095776e-01,-4.752925010082940105e-01,-5.767543282682036088e-02,-5.959484153944981655e-01,1.345686536784513332e-01,-9.544688984164349799e-02,-1.213396243653632189e-01,-2.658906579867568731e-01,-4.091223811275117583e-01,-3.949006680244682710e-01,1.778110871253145431e-01,-6.076545717181467410e-01,4.109638396231553581e-01,-2.130259087488725611e-01,-1.054956629672255779e-02,-2.656561899337275823e-01,3.141136498639782171e-02,-4.564279648012548041e-02,-9.582239159143411678e-02,1.720242818552685793e-01,-2.602465674215987401e-01,-3.624394033432444262e-01,-3.558323879406323220e-01,2.140001627800286743e-01,3.258148896532926664e-03,-2.799587392230516447e-01
4.768546913895300304e-02,-1.724307155591727758e-01,2.096028294695285177e-01,5.232403687661612013e-01,2.591075059148446602e-01,0.000000000000000000e+00,4.140355206962468837e-01,3.852725974707961187e-01,4.409931816548079420e-01,5.246114552402001419e-01,7.088183047253308888e-02,2.615865622452880901e-01,2.136676967693702245e-01,-1.798728867464857994e-01,2.275741974144332713e-01,8.777893024471634942e-02,2.730127674957235490e-02,-5.065460954594611098e-02,2.509151924181508009e-01,1.719349382748310007e-01,-1.590640362227287163e-01,-2.179250888007053799e-01,3.186255362315232320e-02,3.975398693284770690e-01,6.098693970358986388e-02,2.535317940204392939e-01,-1.190641945405991053e-01,1.723692364566986948e-02,3.076240917224441485e-01,1.508657805872058999e-01,4.135596269189903418e-01,3.601162634426067211e-01,1.900733853726899458e-01,2.019028932118244746e-01,-1.476022177172960081e-01,1.688759234806597453e-01,3.273861156980008291e-02,-6.723587359540171560e-02,-2.581836180319394339e-02,-4.035455872585223813e-02,7.928612820424470794e-04,3.053933840373774036e-02,-1.925783574021789346e-01,-2.625794169745734874e-01,-3.456258072575966733e-01,-3.554749977937253780e-01,-1.856145487113088355e-01,-1.438897705487260587e-03,-3.679039305119057301e-01,-3.818687742960016340e-01,-1.571516719096554271e-01,-2.885124837888618510e-01,-4.232160641299301945e-02,-2.009856129812615522e-01,1.550793375944786445e-01,1.798803871558001810e-01,-1.130765299184744999e-01,-1.828676746165207034e-01,-9.691264983196908045e-02,-6.310296514427334025e-02,1.047664170164714775e-01,1.819918703710760310e-01,2.081383551647363397e-02,2.375201566354903093e-01,1.118816929000856775e-01,5.755173226946103809e-02,-8.695326274641441977e-02,-7.115873723305655985e-02,9.886845781345607320e-02,2.382834867143450996e-01,7.784384155260611060e-02,6.085519271407593273e-02,9.196628480231851255e-02,-1.244818025020343749e-02,-1.322821759508010508e-01,-2.415463327098340274e-01,3.495573832981602735e-01,5.969152682289420309e-01,-8.163389756944593179e-02,-6.471198503033089022e-02,-1.408308971470064730e-01,-2.320603861650683830e-01,-8.214129698862776552e-02,-1.668621181361093497e-01,-1.762809839392678046e-01,-2.429557418075287689e-01,-2.724529710204490196e-01,-2.480066727486814337e-01,1.476376591353150899e-02,-2.537423049496954908e-02,1.220109548381765469e-01,1.151171715169840709e-01,-3.234289068056229177e-01,-2.749400162883570142e-01,3.047281823950845348e-01,2.962305320588513591e-01,3.077279895039952140e-01,3.183191966034588649e-01,3.648685192554082524e-01,2.847151388371058078e-01,1.150496443561801613e-01,1.042319060385574064e-01,1.893564670984288489e-01,4.051957156630817125e-01,5.238285987862272008e-02,7.707113858641406745e-02,8.941393646445922050e-02,3.635566118458165574e-01,1.410942488261337927e-03,6.238982898058519772e-02,2.973326996273599199e-01,2.702866691221244566e-01,1.840289614825461051e-01,5.247512349130878384e-01,6.019943862213275598e-02,1.487560583260874036e-01
8.751931660555187231e-02,-2.299497449939658933e-01,4.409030770225888518e-01,5.807675813422225053e-01,-7.641056031769810630e-02,4.140355206962468837e-01,0.000000000000000000e+00,3.963546948025469252e-01,6.945035295098429540e-01,3.512286014399513268e-01,9.511363473567260862e-02,3.263859380849413322e-02,5.158365841793256523e-01,-3.214214182941259601e-01,4.129618973315741792e-01,-1.233358241843668934e-01,-3.980185973008338873e-01,-4.977132604633642265e-01,-1.122697664815898305e-01,-5.164975220852539156e-02,-2.405724965637243418e-01,-4.028458928827918784e-01,1.570637257513057827e-01,3.194021090306832233e-01,-2.370837493632038662e-01,-2.305013146181066341e-01,-3.290582088399554017e-01,-2.669409129554751736e-01,-2.644082435695884192e-01,-4.408121903626603943e-01,-6.907230181998798291e-02,-2.742865900480013358e-02,-1.152598141746855737e-01,-1.282187017363946580e-01,1.608857727076465904e-01,1.634706576633891129e-01,-2.345020245403935388e-01,-3.258547292946100127e-01,-7.758962494872226334e-02,-3.567299645718194911e-01,-2.847967384414925585e-01,-3.230598164288931984e-01,-6.066568234659777681e-02,-3.618857346431262889e-01,-2.451211852268634916e-01,-4.064000977877169629e-01,-1.429961349760023870e-01,-2.852766707091412557e-01,3.015928791193046160e-02,-1.095552680716625482e-01,2.036925498164008641e-01,1.729442440636783790e-02,1.897635287827420525e-01,-9.906760497948377542e-02,2.108160614534797805e-01,9.048711949650404401e-03,-2.821622830441342100e-01,-2.417577098310856321e-01,7.834490118391557179e-02,1.975179744715610808e-01,3.791919486081254953e-01,4.140326818098784556e-01,-2.999736300484838192e-01,-1.812985236193733474e-01,5.185458617133645864e-01,3.276087011010823113e-01,1.758465229582577005e-01,-6.089778012393755324e-02,-1.436775597366076740e-01,1.754371566254870340e-01,-4.489820768455949351e-01,-3.123041623737314310e-01,-3.679122854342308790e-01,-4.279369703234706668e-01,-2.012877442032571518e-01,-2.138785735801605747e-01,1.431619294798040232e-01,2.562119137582604678e-01,-4.301325328297255224e-01,-4.738022501206324844e-01,-5.247381007019561450e-01,-5.303148161378896663e-01,-1.893727018192474798e-01,-4.549936858049579702e-01,-2.053721145049508187e-02,-2.278721974658727556e-01,-2.811807965587158620e-01,-2.802731573424778744e-01,2.968049567401078725e-01,6.489376623805302724e-02,2.717581053827560766e-01,3.832639543466684895e-01,-1.902555709509088089e-01,8.365070815877893862e-02,5.863382237426703614e-02,1.376173989469880177e-01,1.268584088638644303e-01,1.281772081642967576e-01,4.821504614415443868e-01,3.700500511309097740e-01,9.721485807463127460e-02,2.310186413288505269e-01,9.590977101376552127e-02,1.842228058853621342e-01,-9.046135181673645165e-02,-1.601219336253200398e-01,-4.794155959781325888e-02,1.155365736395915638e-02,-8.045141282609849509e-02,-2.164789438537701727e-01,2.638887014646896234e-01,2.730311290541821423e-01,1.353333449317003223e-01,6.972041113932077316e-02,-2.748460920182382305e-01,1.836337347857322222e-01
-1.137486150235921395e-01,-3.059035566106031445e-01,2.233361762684170360e-01,5.545380558927861525e-01,-2.150111641954821629e-01,3.852725974707961187e-01,3.963546948025469252e-01,0.000000000000000000e+00,2.712777953802584796e-01,2.554972059973773524e-01,1.709420966756168281e-01,2.582203299063933755e-01,1.015103506792649490e-01,-5.325095233593793442e-02,5.374689835249636151e-03,-8.541375382308996622e-02,-3.996978707640805317e-01,-3.616452748491084668e-01,-8.818020119979959326e-02,2.384689677828546184e-01,-2.678025068482368654e-01,-2.591022010397079911e-01,-1.146165110150529631e-01,2.865607624653684904e-01,-2.531968561410637419e-01,-1.324408815220382007e-01,-3.061571420858416603e-01,-3.677504119931144788e-01,-1.756989604162737528e-01,2.853964334885693982e-02,8.680957036062980289e-03,1.644484481832288458e-01,-7.794001334430120109e-02,1.040453437309378781e-01,9.445720786427574955e-02,2.471382445289657948e-01,-1.502978444521804458e-01,-1.486149117188179103e-01,-1.120202790147919181e-01,-2.910334547084590384e-01,-1.929058856517336662e-01,-2.096457295341342675e-01,-1.420437827315372270e-01,-4.002197872674113643e-01,-4.851041682066063454e-01,-4.960305603570510646e-01,-3.705929427408549137e-01,-4.187856202333784528e-01,-2.792207825036800428e-01,-2.410583044968558630e-01,2.685614936361214178e-01,-2.478252805684216797e-02,3.539825702979380040e-01,-2.258088765689280353e-01,3.454681667649757704e-01,-1.525883597628427957e-01,-5.119660638621860160e-01,-3.594744450718448392e-01,1.757791125073077665e-01,2.609449485238730659e-01,4.063557362673589357e-01,4.816401482737166506e-01,-3.444836553569604054e-01,9.108765213285208162e-02,2.423054763738984874e-01,2.866310937443493079e-01,2.304624778488616361e-03,-1.595210155028162768e-01,-1.011157749841151698e-01,2.348775646707123022e-01,-1.695931209944867013e-01,-1.183273895465456194e-01,-2.764646519725790785e-01,-2.124252941043801857e-01,1.028596355306412163e-01,-2.138339427579305507e-01,5.117054995567270614e-01,5.236307281788695756e-01,-1.485816886752928945e-01,-3.914954272388344592e-01,-4.813757325574511414e-01,-5.510239791685911381e-01,-2.842448033762913773e-01,-3.600002921146167600e-01,-3.491544092681323486e-01,-6.721947908771542801e-01,-4.483527755649420743e-01,-5.524816865270431032e-01,3.221529006580581278e-01,-2.782648392937671633e-01,5.071458883305395293e-01,3.710688138421395776e-01,1.304573461018266600e-01,-2.204467113146876475e-02,8.817294121067927037e-02,3.566444789466024501e-01,2.969390732862151050e-01,1.247140348823031902e-01,5.612809447048632272e-01,4.601993182142528060e-01,3.198398191261431212e-01,2.147199915018236094e-01,1.521398122467896574e-01,1.238788059840779665e-01,1.231773081967823397e-01,-1.713067264496805908e-01,1.216535093485719699e-01,5.615297173358872046e-02,-7.182572182586269283e-02,-9.541680836956496770e-02,3.894273598466231334e-01,4.574050376003434559e-01,4.459646283912812592e-01,1.571601331175119520e-01,-3.125221639767048476e-01,2.149394044635205558e-01
1.889210771498636351e-02,-3.346765634768455455e-01,5.410767463833539015e-01,4.461151804431484069e-01,2.323579526172842025e-01,4.409931816548079420e-01,6.945035295098429540e-01,2.712777953802584796e-01,0.000000000000000000e+00,5.321181677979083258e-01,7.308314118686549954e-02,-4.224622106328261573e-02,4.894612692843351986e-01,-2.945573099411356588e-01,6.355079969606116652e-01,-6.210868569946013246e-02,-2.973785477952283207e-01,-2.871413885465676219e-01,-1.078870409674508174e-01,-1.709978323586021920e-01,-2.696278351843859333e-01,-3.727323879991936706e-01,1.647014874665837236e-01,3.603963187406387658e-01,-4.157167852481218756e-02,-8.270878572547743501e-02,-1.361855768207057005e-01,-1.983814092652091410e-01,-2.104146439115930911e-01,-2.973552404431496488e-01,4.429948120960738173e-02,-8.872943512647800401e-03,-1.156740766914043372e-01,-1.201083276691712332e-01,2.090681111783823098e-01,2.189109494580339377e-01,-2.971130402804521564e-01,-3.680843918312964869e-01,-1.792783201449534014e-01,-4.569501325741076037e-01,-2.703841015262887226e-01,-3.638678840169566886e-01,-1.455183487745718152e-01,-4.528521238112778180e-01,-3.241973644404326782e-01,-3.954898796052191967e-01,-1.480410345863039934e-01,-2.286039826743358760e-01,-1.326060774679151399e-01,-1.538597100088540948e-01,6.968597799983704266e-02,-9.215750482347016825e-02,1.607965102360029708e-01,-1.961177882508212400e-01,1.912541120556794094e-01,5.611538657428892518e-02,-2.377815515343428832e-01,-2.370918251062629489e-01,1.229086167835787349e-02,2.588345528533233381e-03,3.225928701267060106e-01,3.062149190178933278e-01,-2.006973115044398404e-01,-5.306966863728577316e-02,5.473419852985633716e-01,4.105124778016337461e-01,1.238054629364045700e-01,6.099342635540551177e-04,-1.874897312466341504e-01,9.772862144074458135e-02,-2.893997654137281383e-01,-2.137652839757458456e-01,-2.474194856053490155e-01,-3.754617202372518281e-01,-2.765462333139305229e-01,-3.026092307657686220e-01,6.353266983702540727e-02,2.743838839738866331e-01,-3.164333144384814944e-01,-3.577594934420501582e-01,-3.220487899572047064e-01,-3.698708658140592020e-01,-1.546197458133880542e-01,-4.386556910686332800e-01,2.423542243806913465e-01,-2.067976103643281438e-01,-1.697953136745327662e-01,-2.893127364700091020e-01,3.457425841671761257e-01,-1.268678712468243770e-03,2.849692687600304253e-01,3.155515288473875191e-01,-1.705534912176833173e-01,-1.530711622685169138e-01,1.686171797542126427e-01,1.506128315544978113e-01,3.121900411464141323e-01,2.427233328743165774e-01,4.061561828058653512e-01,3.870038163713784285e-01,1.571495986069769979e-01,8.223992570299280738e-04,1.800168166872381237e-01,2.361716345355241442e-01,1.487840877359548064e-01,2.292509589266605516e-02,1.065678079283317002e-02,-6.423892710531094175e-02,-1.450039022320423476e-01,-3.578267842975959429e-02,3.369106170556484536e-01,3.044882688487744460e-01,1.587080785319914533e-01,2.743998131008514862e-01,-1.813796203128250628e-01,2.520461409685560428e-01
-1.374194297036023527e-01,-1.322042965496147415e-01,1.367423354861820040e-01,5.566423675307370367e-01,3.378860629753078770e-01,5.246114552402001419e-01,3.512286014399513268e-01,2.554972059973773524e-01,5.321181677979083258e-01,0.000000000000000000e+00,-1.221667871963296320e-01,2.698171104320704061e-01,3.189208313593803190e-01,1.459039763914846966e-01,4.126978155853800456e-01,5.242952755239896900e-01,5.334607639566435466e-02,9.208610239594258381e-03,1.631862029798469838e-01,6.319526233277031335e-02,2.071651173763009932e-02,-2.101233250645632294e-02,3.771522483988737351e-01,6.321418251779339359e-01,2.954773851750803759e-01,4.699137365420225088e-01,8.437420963461288170e-02,2.011475220224321903e-01,1.321529817773300919e-01,7.796732111764102802e-02,4.376552206466912120e-01,4.540590527106247443e-01,1.920953767906353471e-01,3.072224677675469140e-01,-1.965351606785269503e-02,1.065498841284473197e-01,-2.011218271868226715e-01,-2.823186100372926388e-01,-1.859714000531643430e-01,5.756761393059308188e-03,-5.159219768533445521e-02,-2.126693487706737135e-02,-1.970525849426822129e-01,-1.847657546746072632e-01,-1.384219594323236047e-01,-1.634410131724039206e-01,-5.449844709935145609e-02,-5.653581572938898986e-02,-2.282932946137889163e-01,-3.182470424559622479e-01,-2.743503730067213264e-01,-1.568622617369123673e-01,-2.743798814070368963e-01,-5.620658714728286182e-02,-1.377312058964074992e-01,-8.592850746026733932e-02,-1.547050730751110270e-01,-1.729976070498794594e-01,-3.246391611112885434e-01,-3.418994878313491026e-01,-1.263129362276019241e-01,7.998780214164266655e-02,4.103063097651664382e-02,-5.135739774160501259e-02,2.455206831941866563e-01,3.390488708880022295e-01,-2.247700825298956824e-03,1.399407230603411378e-01,5.488827625079364947e-02,9.590576100834385942e-02,3.386303387354389679e-03,1.598350555251797367e-01,1.705993713762115616e-01,1.164248046474967851e-01,-5.948725048041939717e-02,-1.348937845599082822e-02,-4.852853514572500609e-02,2.546743538973429977e-01,-1.270058345583873205e-01,1.340896541945462983e-01,-1.277010680392087760e-01,1.171031963019757496e-02,-8.266244242852457957e-02,6.713223646161453617e-02,8.933899928454702363e-03,6.280531684314585861e-02,-1.661203334027000766e-01,1.596184548171983020e-01,-1.048406651468997419e-01,1.789126168136481732e-02,-1.280527839578296800e-01,-4.304951370642479125e-02,-2.718825029990337705e-01,1.993769703091796686e-02,2.629299153779350584e-02,1.092809274355776780e-02,1.235011228025197950e-02,3.075809056727477411e-03,-3.974893983281595211e-03,-7.615979762686608812e-02,-7.411167887044843583e-02,6.443292732765555642e-02,-3.774760698412014254e-02,2.139632592923930085e-02,-1.173391689750475503e-01,-6.222541911600676379e-02,-1.777180862943960327e-01,1.255322489553375651e-02,-1.570008787455402788e-01,-1.062128019665962986e-02,-1.418424758541999564e-01,-1.272249279486201146e-01,-2.485796384479637688e-01,1.000475425905564437e-02,-1.467601230237868259e-01,-1.144887851412317997e-01
2.701774718049541057e-01,7.199773422749521090e-02,3.120930637086632986e-01,-2.329385211849026027e-01,1.238916550044731335e-01,7.088183047253308888e-02,9.511363473567260862e-02,1.709420966756168281e-01,7.308314118686549954e-02,-1.221667871963296320e-01,0.000000000000000000e+00,2.889551786134529898e-01,4.301125239545275925e-01,1.577407961321628804e-01,2.658161738903432880e-01,-1.400218807261891241e-01,5.323533886412777638e-02,2.288519945382599674e-01,1.927539213932766282e-01,1.570913634412191007e-01,-2.730247898095543649e-02,-9.439601212735113100e-02,-5.921689763298512710e-02,-3.450864443733625553e-02,1.794123729836860290e-02,-1.213715476107587177e-01,8.171426013789248599e-02,-1.503231323913598039e-01,2.353417009327545550e-01,1.984432399426809268e-01,9.094078199651987882e-02,1.030043240886334421e-01,1.573114436731088417e-01,1.636932896596595133e-01,-3.718768314158259897e-02,1.270105868739282440e-01,2.360951877373428931e-01,-3.710726131863893024e-02,2.745560227323803892e-01,-6.797523757553934620e-02,1.962125772339222418e-01,1.342582389233750728e-01,-1.465735909603661513e-01,-1.523714690117880799e-01,-9.808508203775852252e-02,-1.726473543619624351e-01,-8.244403659410211305e-02,4.842135732154497635e-03,-1.432165535050596017e-01,-2.490563698540360638e-01,7.604505082683973849e-02,-4.977209665445762599e-01,1.459605510782217841e-01,-5.779595530497461109e-01,3.783368753356191050e-01,-1.137253118142431824e-01,8.118943629961163089e-02,3.992943815848534750e-02,2.805497679843694803e-01,2.561817219039658755e-01,3.728954229770747864e-01,2.200009864412094118e-01,9.995510768099617749e-02,3.832034973888764906e-01,8.796150453824645721e-02,-1.189738422945747082e-01,9.537652210969643773e-02,1.798782044764270227e-02,1.998974027605183723e-01,-6.991492761249289145e-02,2.245077883214186831e-01,-5.738737394799178076e-02,-6.722142784138576688e-02,1.668834237252566494e-02,-3.336598427504385012e-02,-1.183260376242384754e-01,3.173110940016209969e-01,2.003817153180542099e-01,1.128951320038712736e-01,-1.140601258366760185e-01,9.173158858423474671e-02,-2.498218129827764478e-01,1.906138925137892126e-01,-1.872793308636140075e-01,6.463811745452986701e-02,-4.516357030985364007e-01,1.107914607677021324e-01,-3.367973504560385356e-01,3.470908625796049751e-01,-4.957764614342923815e-01,1.251530489598117191e-01,-1.580088285149984229e-01,-5.560063786361705424e-02,-5.575955520919311237e-01,3.491805416496878561e-02,1.267811964856064566e-01,1.089001211186669538e-01,-1.267608936885703252e-01,1.259110441784876966e-01,-1.045133828072165698e-03,2.412514431429990391e-01,-3.099897590401790026e-01,3.083667691545406431e-01,-3.293691569671451571e-03,1.093898227488561276e-01,-2.189228302818002625e-01,2.691697882989158019e-01,4.719502350600306845e-02,1.014440014650526828e-01,1.017128182112413959e-01,1.997793335112192370e-01,7.577774463543605898e-02,6.326384997322145876e-02,2.941385604193947900e-01,1.504021137493318228e-01,-1.004578141595628832e-01
2.802897716403549566e-01,3.659434015413853825e-01,-5.311460426242282842e-04,2.768483838887019766e-01,9.233234027725438497e-02,2.615865622452880901e-01,3.263859380849413322e-02,2.582203299063933755e-01,-4.224622106328261573e-02,2.698171104320704061e-01,2.889551786134529898e-01,0.000000000000000000e+00,3.014707999885046785e-01,3.911559028489829393e-01,1.627730523349398550e-01,4.034754047974889457e-01,3.756273109679802991e-01,3.726012183978087977e-01,3.796676918472788875e-01,4.131596571605937185e-01,1.004819116301873677e-01,-4.792054898879066077e-02,-1.006497398234170067e-02,1.587695094528057682e-01,6.826353638776454236e-02,2.788178922979535068e-01,1.074160276476378711e-01,2.109192864883170926e-01,6.325222766835884025e-01,4.115531256199578269e-01,4.161180959686359704e-01,4.133939436845886495e-01,6.253189145302884278e-01,5.556437165580861981e-01,-1.832757733636786457e-01,-1.153932881339654187e-01,-1.966284616614514535e-01,-1.588235377337427479e-01,-2.041953730887808571e-01,1.377881457190540393e-01,8.501621679208931637e-02,1.043427387795970857e-01,-1.291555006979973330e-01,1.014918066235911270e-01,1.123206127877773991e-01,-1.397427188545431048e-02,1.111664105706258732e-01,1.783645485663423458e-01,-2.410545024013040771e-01,-2.418007456225897966e-01,-3.342347581135267087e-01,-1.713055961619823764e-01,-4.167212153259957086e-01,-2.124454858938705504e-01,-1.150757549740638319e-01,-4.404712578127582129e-02,2.427135605439027510e-01,2.858075018594636862e-01,1.631935951150875752e-01,2.931360778232178221e-01,1.873644278855612355e-01,2.897109063225809522e-01,4.450377971204717009e-01,5.470679305003117721e-01,-1.666443330353095387e-01,-1.374573190720174976e-01,1.159433153026758478e-01,1.006798791420982914e-01,1.096386724418091513e-01,8.318467832573855913e-02,3.740538110796922111e-01,3.671946028035775744e-01,3.388692798705417175e-01,2.779232404308289994e-01,2.207228469359831524e-01,-3.693417031942913820e-02,2.334990547177187847e-01,3.732269532522342059e-01,-1.310250181771155376e-01,3.794832562449374502e-01,-3.737975804113093103e-02,9.979555477490356652e-02,-1.732874117711355189e-01,2.019054213816432741e-01,-2.612840206105745966e-01,2.822176294847051140e-02,-3.176087119052566354e-01,1.993249919951284657e-02,-3.698252993849646675e-01,-1.855219086268415918e-01,-4.471015988178226319e-01,-4.395173608046947233e-01,-4.535579790989836546e-01,-1.300672524028109456e-01,-1.104822195076315960e-01,-1.341836117694168162e-01,-2.005617395588136787e-01,-9.668943922790240730e-02,-1.538464711889601100e-01,-2.555933624814755722e-01,-2.271664261111457084e-01,1.741543165119847636e-01,-1.747121953476112322e-01,-8.650127367814738899e-02,-3.380041863314499628e-01,-3.435419718984939613e-02,-3.172609404403587408e-01,7.998015970981119105e-02,1.143878280152679644e-01,1.032395409565482628e-03,-2.950897621615826694e-01,-2.282114164000996204e-01,-2.711246535286858106e-01,3.190858190828794322e-02,1.684203069820435772e-01,-4.756650943179662194e-01
2.287702664022416010e-01,-6.537620515558908128e-03,1.730389127326494025e-01,9.251607708253123397e-02,1.202655970257375945e-01,2.136676967693702245e-01,5.158365841793256523e-01,1.015103506792649490e-01,4.894612692843351986e-01,3.189208313593803190e-01,4.301125239545275925e-01,3.014707999885046785e-01,0.000000000000000000e+00,2.807914288922953513e-02,6.827158117673666204e-01,9.476773539315895556e-02,-6.250453326719909719e-02,-1.128379523208079827e-01,3.835719181262297293e-03,-1.664108718237799767e-01,-1.196986091928705781e-01,-3.210960119233128851e-01,1.522240838766051874e-01,2.015266629120750497e-01,-2.526598227967608717e-02,-4.648567002448299179e-02,-5.650745541184987175e-02,-1.421567125840032253e-01,9.224696252581790490e-02,-1.656235662460174840e-01,9.200980993056029345e-02,4.687863867234687287e-02,1.671099344249040441e-01,7.721602487600962017e-02,1.972211239021143536e-01,2.129920644146603148e-01,-1.774725582805611046e-01,-3.187132393805477415e-01,-4.502286883070558132e-02,-2.040775453732467659e-01,-1.143007787281695997e-01,-1.546258185687092723e-01,7.261661328330137888e-02,-6.267089385909141441e-02,7.225380397646305464e-02,-1.172902687074885847e-01,1.819180521033380571e-01,7.841517708124647046e-02,8.504472419286829288e-02,2.988281441678037860e-04,-1.183657957872723682e-01,-1.407252318836949012e-01,-1.765379413239233086e-01,-3.746803385103166240e-01,9.694854299917503304e-02,-2.610882560673668043e-02,7.341163681015738796e-02,-3.905105788955096080e-02,1.822921270072881406e-01,1.523089007885737312e-01,3.559142105629679587e-01,3.373133946489923485e-01,2.086789428424120837e-02,2.090232871927006492e-02,3.385574828028067307e-01,1.613355259092033311e-01,2.403771092229100848e-01,1.488211966332902980e-01,-2.278843329978555987e-01,-2.426477684675586444e-01,-7.472720376564977174e-02,-1.876531472530220679e-01,-2.129055119748170521e-01,-2.326722508600482242e-01,-6.203887321384631004e-02,-1.320892750165796048e-01,8.214651115286229766e-02,1.836576472095250712e-01,-1.677476947973089716e-01,-8.672981007463662073e-02,-1.313949902909352374e-01,-2.236139360502309159e-01,-2.207931305177610048e-02,-2.143840091405558590e-01,1.654962757929077377e-01,-9.564887240294315043e-03,-1.038756895524907964e-01,-1.462578777382947948e-01,9.682159726879036032e-02,-1.968725800834710826e-01,-1.250641585690182023e-01,-9.114061797677515397e-02,-3.888348850239238264e-01,-6.387811617165047029e-02,-2.400142390129621564e-02,-1.055249529825848659e-01,-9.408596493149917750e-02,-2.861367281680422467e-02,7.082477654979421611e-02,-3.226599033065516431e-02,-1.165224057946737529e-01,-3.249795246398488185e-02,-8.727860737840860417e-02,-1.548955450468230965e-01,-1.990380983333837894e-01,-1.946773026098985726e-01,-1.984119593775900137e-01,-3.534889360164043121e-02,4.341079973909704737e-02,-1.060481153266876059e-01,6.213508186253265120e-02,2.214747974985497442e-02,-3.785656376237811482e-02,-4.944895469960643858e-02,3.552261480637430163e-02,-2.344270775819776442e-01
