0.000000000000000000e+00,5.866257859142829378e-01,6.702177627115378789e-01,2.427202451590377841e-01,3.149548062159995276e-01,7.430906903208324421e-02,4.607311044306379721e-01,-1.541087262594356688e-01,2.855699574233034888e-01,1.957448956627013403e-01,5.197187473717111983e-01,1.714326587918512945e-01,3.457479228737362353e-01,7.740518287498837635e-02,2.690298224888474921e-01,1.939425280904007176e-01,-1.131220783802699137e-01,-1.798604580080027382e-01,5.207877120616174471e-01,5.613517050303638012e-01,9.787895884542173464e-02,3.360771226009124507e-02,4.884413525484430918e-03,2.149004600421147437e-01,9.534987832964855747e-02,1.978654171438990472e-01,2.980808749597727014e-01,3.230150714395590428e-01,-1.978976585510134646e-03,-1.860801240432440884e-01,2.273307065720132358e-01,3.181485334801710807e-01,3.274924513893042177e-01,2.160338804950894809e-01,3.382902996310319099e-01,2.638096913780175190e-01,1.267753169580821326e-03,9.660009266200259015e-02,-6.184136422113359344e-02,-1.377182435053196652e-01,-1.373524456834418206e-01,-4.731661393805768751e-02,-4.050503358649882868e-01,-3.211003221828968579e-01,-2.953342234161187019e-01,-3.515461831564528072e-01,-3.640214122851653245e-01,-4.016738758266482634e-01,-4.564779752856703565e-01,-3.847401377221604246e-01,-4.428142211487582358e-01,-3.916521018920757213e-01,-3.935069481515329759e-01,-4.385415923965680363e-01,-1.028926810629383487e-01,1.414389795592951860e-01,4.682142689445150663e-01,4.783504376941605796e-01,6.470742446965127917e-03,1.406346895373244699e-01,1.909746884383880794e-01,1.158802130181758872e-01,1.963697711370935572e-01,-7.403472885679561466e-02,2.451795651238421192e-01,1.720890245410197639e-01,1.348287306958148857e-01,2.204359607496393092e-01,4.430578653478521867e-01,5.108146983519171735e-01,4.586934563174119850e-01,4.222123946627310831e-01,2.139823702726372789e-01,2.781740700207884776e-01,-1.619880575864119654e-01,3.107805754041930157e-01,4.776682831494429848e-01,4.483629538325986652e-01,-1.356717209556277115e-01,-6.534066242759276923e-03,-1.511703291320517506e-01,1.152986929812228750e-01,-2.631091545250127672e-01,-2.751430397124173810e-01,8.764241897112241830e-02,-1.439787342433060217e-02,2.135922291375876025e-01,1.403029854447991054e-01,-2.748119203266916610e-01,-1.209200114930546188e-01,-5.692849123272124556e-01,-4.910917312984457994e-01,-5.484168511052617268e-01,-1.990654663261491042e-01,8.637263775975856372e-02,-2.095519546948318712e-01,-3.048710466013207498e-01,-2.920377512597217007e-01,-7.512653696881896326e-02,6.949803087082204178e-02,-1.040016622470538582e-01,8.742775940643954247e-02,1.576426781446648995e-01,3.691713960951620299e-01,-1.736664457645721582e-01,-1.969578567985844075e-01,-2.483535274902171630e-01,-1.256122918034960900e-01,2.604122372590049750e-01,2.379241181619370094e-01,4.062954742268935077e-02,-5.458051243092009175e-01,1.859315841246176604e-01,-7.800374220440069173e-02,-2.154159387468067288e-01,-3.954414045412302237e-02
5.866257859142829378e-01,0.000000000000000000e+00,2.604554910539774726e-01,9.495520326647335918e-02,2.681892894058726107e-01,5.634417948282193639e-02,-1.345656103683540994e-01,-6.017318176930474410e-02,-3.839678573985323695e-02,1.041275573319227210e-01,1.021447275901878338e-01,3.093316862181419991e-01,-1.923869282142182946e-01,8.705833578487043312e-02,-2.323283373347654335e-01,3.716810225650723498e-01,6.574913277429098035e-02,2.363823326942412761e-01,1.539154870536023345e-01,4.455459749207891229e-01,8.192048487625341879e-02,-8.202395218579378033e-02,-3.288343337827362434e-01,-1.357845261646827562e-01,2.398152504228412678e-03,1.202466410109491596e-01,-3.191434392548508914e-02,1.385593635435156401e-01,6.758205925875086784e-02,5.024448139819259057e-02,2.575786647738991242e-01,1.678757010273214112e-01,8.867604750599158980e-02,1.528959451898060096e-01,-1.858566402630483227e-01,-1.484416907023798290e-02,1.354225564787046032e-01,4.256716477103345553e-01,-2.767914840920900899e-01,-3.561045505465939565e-01,2.174946148749140259e-02,-2.078360891446253897e-02,-3.237148808186992022e-01,-2.475512680715316050e-01,1.644808812735380488e-01,1.778768853185684340e-01,-5.629233630741633382e-03,-6.460390981554273160e-02,-3.884450063722302143e-02,7.226206578956620441e-02,-9.884226551368351099e-02,-1.442410745998154165e-01,-9.446074095952013139e-02,-3.234096166518634075e-01,1.028861879130590906e-01,1.412695625036919887e-02,7.151868546715169916e-01,8.560332577284068822e-01,2.252904890716385666e-01,4.431600430821580061e-01,-7.644077220009917739e-02,2.015781913442773743e-01,1.829184668883421239e-02,1.774476332011898083e-01,-3.097797243022618607e-01,-1.977813272392275334e-01,8.909481653941503376e-02,2.870407620079512556e-01,7.345122572658056015e-01,5.280056425425471156e-01,3.163686769844627489e-01,1.316810220657161912e-01,6.566396125275989620e-03,1.785084022094965139e-01,-1.244818502318544989e-01,1.224321542163120252e-01,3.717962178741205381e-01,3.855569742000833355e-01,-1.148445458671108754e-01,-5.027189412963457837e-02,3.306258991764607358e-03,3.192587933487348040e-01,-3.555108722133577537e-01,-1.664287535747721869e-01,-1.935306202187417057e-01,-1.649344702974914201e-01,-4.323356872771121073e-02,-2.009622543783814719e-01,-2.951987290190589697e-01,-3.237339789574270044e-01,-2.711313845868048578e-01,-5.750209909079027071e-01,-2.934010619032728640e-01,-4.698091166307609701e-01,-8.781924765622585449e-02,-2.220305135936851137e-01,-7.847360763177964327e-02,2.767394655076212411e-04,2.417018046346710580e-01,1.931383638699679939e-01,2.835626899223955277e-01,-1.019303087199793373e-01,5.034400835335057778e-01,4.312314035178931304e-01,1.976561915098786204e-01,-2.033457859773810106e-01,3.179806434885587563e-02,-7.695034591027662477e-03,9.532983631123054247e-02,2.271243578075307634e-01,4.748272411352488093e-02,-1.464466670641389467e-01,3.690979442440233682e-01,-7.970045172322551275e-02,-3.653554806297038549e-01,8.460325109701175017e-02
6.702177627115378789e-01,2.604554910539774726e-01,0.000000000000000000e+00,2.897758456323961118e-01,4.861920181709201150e-01,2.215988514504650397e-01,7.130486834878646540e-01,-1.073268406778030704e-01,4.372572824925213264e-01,1.065919066805480903e-01,3.625460837339911646e-01,1.222885496139479305e-01,3.888488455474098937e-01,1.348230796272982535e-01,4.570964518778636299e-01,1.438069743448093241e-01,-9.564840784004778607e-02,-2.391738434036688177e-01,5.347000267894451708e-01,4.382198762047326279e-01,2.043253450221931555e-01,6.484661307932573782e-02,2.629539631591842341e-01,5.029089095160824696e-01,2.612425227592535815e-01,3.661784565103349265e-01,4.163892590389133286e-01,2.735404608421588279e-01,-7.292961987644452915e-02,-8.133634608418524592e-02,2.779425544866259701e-01,4.351164685062671733e-01,4.319894703370829592e-01,2.811116119134815516e-01,5.260927680406245477e-01,5.351198615616912235e-01,1.671528746275948579e-02,2.022099627388245502e-01,-1.477427909498721659e-01,-1.768132656267838720e-01,-1.230842590139632903e-01,-1.002866458075141048e-01,-4.070117632685221198e-01,-3.798183811883591443e-01,-3.508901520148673403e-01,-5.588939210027003002e-01,-3.169715503904902421e-01,-3.897414479862288395e-01,-6.768680230386526775e-01,-5.976096438318352355e-01,-6.939938299705330493e-01,-6.907917336420752452e-01,-5.437412646514440118e-01,-5.930811440781085242e-01,-2.283484110076385853e-01,8.548214099070913785e-02,1.338896940531761615e-01,2.005920096601888913e-01,-1.588019028932920740e-01,-1.447385202130449869e-02,9.590445809585222692e-02,1.053896800632808800e-01,2.411510600640606738e-01,-1.820140152147979307e-01,4.484432593855325888e-01,3.804848680504336889e-01,3.232828392824540487e-01,3.518844344823133241e-01,3.277092382108004465e-01,4.550383469517263468e-01,3.521211212177812744e-01,4.716968634349535394e-01,2.278085251377177101e-01,2.491569073254773781e-01,-1.517470982956988512e-01,2.770331337549203909e-01,4.210429202654601966e-01,3.317966820873355371e-01,-1.110252026214379878e-01,-2.382368196465528901e-02,-3.332576096209226638e-03,2.430245130490761851e-01,-2.118315293560008583e-01,-2.426350952382777260e-01,5.352259246376858681e-02,-2.743619396461162777e-02,8.415812691458741945e-02,1.395349481425771643e-01,-3.648607411023916391e-01,-1.268055254711232260e-01,-4.769697147721522756e-01,-4.552469682199270506e-01,-5.302530426562397370e-01,-1.833780733006541153e-01,2.997122302016126394e-01,1.217296270086024451e-01,-4.258701420047076268e-03,-9.528066234169259296e-02,1.448849649852307908e-01,2.852562129910510835e-01,5.416738421410925708e-02,1.521381519334022159e-01,2.512036861948653277e-01,4.904996532414678256e-01,-4.423990412324017851e-02,-9.255847963130413303e-02,-1.734906395999604722e-01,-1.959597731317024583e-01,2.952498497113862364e-01,1.129916679079720349e-01,2.720259356060586997e-01,-4.142076751909016252e-01,1.680771915495859470e-01,7.726845537675706976e-02,2.240221595958364828e-02,8.014112268058003197e-02
2.427202451590377841e-01,9.495520326647335918e-02,2.897758456323961118e-01,0.000000000000000000e+00,4.700357654931564683e-02,-7.046317178502375933e-02,3.748559902498076468e-01,6.239079525546130656e-01,1.660508530650039727e-01,-1.044771104445846310e-01,2.372952115187485223e-01,1.143166563620960363e-01,1.513391995873716589e-01,1.045193999298964227e-01,-2.804001232030588209e-02,-8.511960299435797350e-02,-4.017061126730673282e-01,-3.547103324287557147e-01,2.748885920249360959e-01,3.161945221084195290e-01,-2.314419774291819609e-01,-3.618012492768313271e-01,2.563123690559488965e-01,3.850844042228275255e-01,-5.525122524979812766e-02,-3.585715349256795442e-02,2.293051003041556013e-02,-7.112033768967210290e-02,-1.830821009907317998e-01,-2.784202979867577699e-01,5.968158002906259751e-02,8.327059139354703321e-02,3.124776634723167718e-02,1.294648586053849804e-01,6.001213949386748764e-02,-8.164096363465399298e-02,-4.490317196463812777e-01,-3.493803042747740117e-01,-3.091512663562855437e-02,-2.798662996511552259e-01,-1.217517160963695333e-01,-1.594507584383207943e-01,9.380867304953478814e-02,-5.344430268375356674e-02,-9.790740461261447647e-02,-2.314358692965614792e-02,-8.540401221069517101e-02,-2.138767228963178446e-01,1.587660451886806559e-02,-5.195508187050937830e-03,6.471071406658876479e-02,2.292052339187811497e-02,1.250633896730443395e-01,6.290935905994053667e-02,5.402933109062032363e-02,-7.205832126598911425e-02,8.384503286556653501e-02,2.962808927717814830e-02,1.333736659897596932e-01,1.635254825346786900e-01,3.516535851828082593e-01,2.849539033931232090e-01,-3.599043553570193538e-02,-1.776441943735997120e-02,2.151867307316049013e-02,1.832569741251904583e-01,6.937154178470783528e-02,5.809384422472747139e-02,6.880798449192566946e-02,1.293308088064024086e-01,2.027352971355446398e-01,8.810965738840911225e-04,1.200327747349120150e-01,1.219454818658794321e-01,1.188818910002353985e-01,4.362765403482098125e-02,9.349104399192140202e-02,-6.734502920002377602e-02,-1.396681176609785302e-01,-2.788566869405775805e-01,-2.555640496332253764e-01,-2.538365576068613017e-01,-2.782536011587917191e-01,-3.446054444212596768e-01,-9.495098939163895690e-02,-2.053812182141508957e-01,4.548603999050196411e-02,-1.240684584158445597e-01,4.415603859129334924e-02,-1.735053646313160503e-01,4.182008513027907909e-02,4.318677248169146971e-02,2.033540455932739688e-01,-5.683305427755279415e-02,-1.440237755251032037e-01,-3.822548335826955745e-01,-1.376943655622497875e-01,-2.889949883290159338e-01,3.872996697564306395e-02,-2.369816549616324611e-02,2.318310744507658810e-02,-2.806469357341716785e-03,-1.280423291161485178e-01,-1.037508694983096252e-01,7.307151073051457169e-02,-5.831561354467648672e-02,-3.686296306846288950e-01,-3.048014078890434742e-01,-3.196258541858295471e-02,1.537870623537030690e-01,4.291979121284318632e-02,-1.834531606369974310e-01,-7.116524155923119321e-02,3.843473184503193307e-01,4.359878624739451647e-01,2.009892267081833384e-01
3.149548062159995276e-01,2.681892894058726107e-01,4.861920181709201150e-01,4.700357654931564683e-02,0.000000000000000000e+00,7.223184339567265688e-01,3.388245278898195378e-01,-1.622324256519843133e-01,4.073483034231088484e-01,2.634356014729475892e-01,2.671069283497840563e-01,3.640393533678603077e-01,3.152715253239700699e-01,2.462706541016481121e-01,1.913103196831299757e-01,4.805662131681815996e-01,3.370445767503016943e-01,2.573004542310282639e-01,1.988574988261540277e-01,2.716691197821865522e-01,4.489594213802234890e-01,-1.822625929888490107e-02,2.118225411032458316e-01,4.249898729867699898e-01,6.774264991643994538e-01,7.374496583365629521e-01,6.067355925225218494e-01,6.002986095332831784e-01,3.662088417389027240e-01,3.482709070010192587e-01,7.122154465894905417e-01,7.526234421025553845e-01,3.104151010760123341e-01,2.841062153906981913e-01,2.414186990198536331e-01,3.396700625698299003e-01,4.101075294447753539e-01,4.912912684717820055e-01,-3.388633062434850407e-01,-4.768380581388961259e-01,-2.050557131272358613e-01,-2.805729751253641657e-01,-8.029247801853292565e-02,-1.538928176443013496e-01,-1.387039419432886389e-01,-2.548206722325407902e-01,-1.438027558747672352e-01,-5.912431528203464931e-02,-3.089675522413444231e-01,-2.961605500985208250e-01,-3.088154358258079490e-01,-3.723832447517944622e-01,-2.713197225749399144e-01,-3.031756310343592942e-01,-1.999061494053220867e-01,-1.171967636393478479e-01,2.034308193933437869e-01,1.986766262268941374e-01,-3.083303083990012738e-01,-2.284058251640838921e-01,-1.162096028690417227e-01,-2.388537322523157438e-02,1.254982550271824537e-01,-1.252436013158299277e-01,2.628966155553686956e-01,1.614768227592632277e-01,-1.813235021194328084e-02,1.707182940537110838e-01,1.564091960349937582e-01,2.158351654546673548e-01,4.222400372790692247e-01,1.646185099927879036e-01,3.698569737651118405e-01,2.795235042535764713e-01,-2.758424063061522546e-01,-3.015468894571952593e-02,-9.317210157221436639e-03,7.299224761570322073e-02,1.551395222266220009e-01,-3.276312528397944124e-02,2.121066344888903332e-01,2.910665449022918905e-01,-1.420749644833619596e-01,-2.453912833119007153e-01,-3.789699081253469076e-02,-8.129051593442060408e-02,-2.999725967118844205e-01,-3.821860245465282802e-01,-3.194751061150368221e-01,-3.657781967770498133e-01,-3.461733538726564086e-01,-4.214305474719270972e-01,-2.589742003373120549e-01,-1.240584574181008010e-01,4.414551218182384829e-01,3.357045443459685807e-01,1.852527099845326375e-01,8.959282496621515102e-02,2.618255021790637516e-01,1.890520824356518026e-01,3.451896698173687050e-01,2.158577192707772929e-01,5.082925774607385261e-01,4.714930310849250183e-01,5.855435197261459751e-02,-2.018142490696616664e-01,1.822149011164325150e-01,1.314187857211347177e-01,1.851721830037098837e-01,-1.244121235904167150e-01,2.820772525839587153e-01,-2.965616047708288239e-01,7.820566372579597358e-02,-1.394750818585987207e-01,-3.970144755707137874e-01,1.903658760452972276e-01
7.430906903208324421e-02,5.634417948282193639e-02,2.215988514504650397e-01,-7.046317178502375933e-02,7.223184339567265688e-01,0.000000000000000000e+00,1.753591176256378559e-01,-1.076805914050474322e-02,2.207270748105975566e-01,3.357675354837936221e-01,6.606232444238709089e-02,3.270548223393393017e-01,8.559229213613243903e-02,1.539621124790130011e-02,-7.785495038611964236e-02,3.216697436428166412e-01,2.494811526801091472e-01,9.504937414194741807e-02,-1.686878746081591288e-02,1.012156222959161161e-01,3.371195295741172826e-01,-8.762670586044218890e-02,1.243058718181975636e-01,6.898159520392369015e-02,6.108236861881343183e-01,7.312538028302485449e-01,6.461330962801763445e-01,7.304965736521779052e-01,3.478869238292205401e-01,2.343512192153952289e-01,4.800876403424615413e-01,5.782023255146520047e-01,2.810872529812927234e-01,3.592042440197838471e-01,1.165318973379387973e-01,1.556705599729145684e-01,2.726507592230995036e-01,3.165842558953056440e-01,-3.559152672643057791e-01,-3.655894116589211151e-01,-3.163442430098129532e-01,-5.160778417710505384e-01,1.269464005974141607e-01,8.030065189220116084e-02,-1.002218947652852403e-02,-4.527169209927720678e-02,-1.048810886960451216e-01,4.358863132676358415e-02,-7.527457576330809363e-02,-3.431012330545263334e-02,-8.802499834384801269e-02,-1.551286309244095246e-02,-2.046785373535853214e-01,-3.229995338426371737e-02,-3.125801768888926691e-01,7.263774693942788574e-02,2.640435927304348590e-02,-7.880473372978256952e-02,-1.624045280286340320e-01,-1.862188821404755223e-01,-3.546428034014743186e-02,5.740846324882115798e-02,1.360262146492975388e-01,1.829706766925982483e-02,1.833076419048468020e-01,8.676156491552404482e-02,-2.490790375025925263e-02,1.666353784815545191e-01,-5.462626317718439171e-03,1.652127097420257040e-02,1.373308589299656601e-01,2.808733212241061594e-02,3.881840813815575220e-01,2.824625364103388048e-01,-2.354599112145869255e-01,-9.773849042315808228e-03,-2.822538317262121010e-01,-6.564908921888976123e-03,1.087941498326814721e-01,-1.054597314011933434e-01,8.562681258304240262e-02,2.806076256665506960e-02,-2.516134876834716927e-01,-3.642292452646225254e-01,-1.990199080696668232e-01,1.312436791409179460e-01,-4.840161028119876474e-01,-3.639893394952168904e-01,-2.976999663242639871e-01,-1.947481506396983586e-01,-1.823228906911965042e-01,-2.071868097164585587e-01,-1.198858048530966613e-01,4.451918621438591579e-03,3.211333916375675446e-01,3.768678474883548901e-01,2.196191021683860656e-01,1.615587708261415067e-01,1.242172028647839654e-01,4.568338756521905103e-02,1.733945921685658975e-01,2.201080971136979980e-01,2.914114471807274787e-01,2.566331556086911547e-01,-1.584319214050858640e-02,-3.706051018127196062e-02,1.304169478666431237e-01,3.374031559197856467e-01,-5.209505108452330141e-02,-1.477885746906606179e-01,3.091325632335694129e-01,-8.954006006213305335e-02,3.195614147977628855e-02,-2.041163033416339145e-01,-3.598024778590078188e-01,2.723612199362589470e-01
4.607311044306379721e-01,-1.345656103683540994e-01,7.130486834878646540e-01,3.748559902498076468e-01,3.388245278898195378e-01,1.753591176256378559e-01,0.000000000000000000e+00,1.026320505618648765e-01,5.252366240464605429e-01,-1.363032993928948722e-01,6.494683786516577406e-01,1.035169415540360682e-01,7.069264321746019375e-01,1.069567505462149098e-01,3.563365304153989221e-01,-3.456592753834483722e-02,-1.750905216130194952e-01,-2.984199294615767495e-01,3.685946324709157285e-01,1.005851209015001385e-01,1.330348219896834543e-02,-1.919638213523701398e-01,4.349453477442388749e-01,3.931688334265230345e-01,9.426281648528045398e-02,1.581826139970366474e-01,4.919175701516356747e-01,2.621075676613735528e-01,-4.053886641584775186e-02,-1.882063012440007010e-01,1.284300716076118842e-01,2.099275042040442130e-01,3.462218203999859467e-01,1.570628670049653286e-01,4.560672621911467939e-01,2.970224765972853675e-01,-1.110101879176641181e-02,-6.710892439021105826e-02,-1.895340533159139973e-01,-2.538125633461447150e-01,-2.494965434905780099e-01,-1.768399372949095161e-01,-3.840016680071529215e-02,-1.221677441326102509e-01,-5.052362748837107009e-01,-5.611109022413971470e-01,-3.765412406784037769e-01,-3.265520257105316015e-01,-4.681963261986989977e-01,-4.849525528818336428e-01,-3.339717772516391792e-01,-2.783116507651249849e-01,-3.256359276387020829e-01,-9.429734636702837014e-02,-2.401930231248478320e-01,-1.446380516398773075e-01,-1.278255749331526359e-01,-1.292357297910510516e-01,-2.445361682483875310e-01,-2.645032195292675858e-01,4.896489033458422124e-01,-7.157968563991204229e-03,2.864216640258130386e-01,-2.349269647155677598e-01,6.072276051567382371e-01,3.953617363195625622e-01,1.310316125354956673e-01,6.389689542627832730e-02,-9.682606219141397241e-02,1.414545509205755724e-01,3.078687862105086714e-01,2.475309402224698252e-01,2.401525275557787331e-01,1.246473749708640333e-01,-2.570314824043140253e-02,1.203802464337714456e-01,2.596810259932504361e-01,5.004744057554378484e-02,-1.296645056793087336e-01,-2.197603847798983157e-01,-2.382710676978345987e-01,-2.040505750500919979e-01,-2.452548386353234078e-01,-3.609415528101163617e-01,-2.787192562883034422e-02,-4.072943049392824255e-02,-1.072985961697088403e-01,-6.715970851856453705e-02,-1.249264016969785229e-01,-1.204728399072490207e-02,-2.490641247843053407e-01,8.640572761505860289e-02,-1.227679502237185860e-01,3.748167757201373851e-01,2.721227620897528343e-01,1.294655306140117881e-02,-1.800223438904259565e-01,-3.697927758280639132e-01,3.166267711964134562e-02,7.337194036326118163e-02,-3.401291446886619413e-02,4.080235240236045891e-01,-2.821108619305019369e-02,1.545005049978064038e-01,-1.580111044228283967e-01,-4.271012691104132675e-02,-1.952373821903836404e-01,-1.035420524026914452e-01,3.491079668375460798e-01,7.738945114173943762e-02,2.166237159058671813e-01,-3.927779157860706305e-01,-2.771100432718203166e-01,1.441522685083329418e-02,1.842544925520721022e-01,-7.061433327632080093e-02
-1.541087262594356688e-01,-6.017318176930474410e-02,-1.073268406778030704e-01,6.239079525546130656e-01,-1.622324256519843133e-01,-1.076805914050474322e-02,1.026320505618648765e-01,0.000000000000000000e+00,-9.072288018105455210e-02,-7.972175186122534840e-02,-4.842264458735091870e-02,2.099431992945914038e-01,-3.930587088650194794e-02,5.288597425885504383e-02,-2.374824128602444351e-01,-8.494933904879616027e-02,-4.643098646361510373e-01,-2.449132373920983596e-01,1.760477445943003537e-03,5.282456242409170472e-02,-3.886826617354738334e-01,-4.339820157669752598e-01,5.966387796559121520e-02,-1.559618095507435132e-01,-2.730380019364334054e-01,-2.165052882559929670e-01,-5.795986477782270885e-02,-1.209621968032963957e-01,-2.997439133326257887e-01,-5.966652533093748378e-02,-6.174922905925891298e-02,-1.032031477801731850e-01,-1.133591100776457916e-01,1.247836515219025166e-01,-3.949161688216623611e-01,-4.507257095494576205e-01,-5.161632663185802272e-01,-4.212399243552969463e-01,-1.097037944257431563e-01,-2.046602162872136754e-01,-1.861050627790949152e-01,-1.726771075078317175e-01,2.543274432778896976e-01,9.845540669774205389e-02,1.537123581456547594e-01,3.246198171446411096e-01,1.590813048383645512e-01,1.895943429997845250e-02,4.264810243159398717e-01,3.849522708885939060e-01,4.573060233420824794e-01,3.429729177331971024e-01,4.008929098846463757e-01,1.487295591698836739e-01,2.302623178526641834e-01,-1.639204918636848474e-01,-1.553341316632322611e-01,-2.161504758366833145e-01,4.205654122958630836e-01,2.635852699885060102e-01,4.228831516635863652e-01,1.734337979112035855e-01,-7.491414702500848177e-02,1.994824593654884182e-01,-2.458723332204536816e-01,-2.510689961103530488e-01,-6.708811905896090722e-02,-1.734876137287501841e-01,-6.403598580009406405e-02,-8.514049665686918011e-02,-4.550181111384152960e-02,-4.287122507821940487e-01,-5.793115038449823950e-02,4.055346567083931153e-02,2.720825670972890076e-01,-1.825839263997597051e-01,-2.140605260661862796e-01,-3.790340535057890592e-01,7.458046869110430965e-02,-5.845126309578343449e-01,-1.506534219825056142e-01,-4.307999885049224043e-01,-2.118806949719237998e-01,-3.414128127067844742e-01,-2.370436992154281372e-02,-3.632796599466653897e-01,-2.366207365786689720e-01,-2.735133296180091711e-01,3.062109045049131728e-01,-3.797404636302186276e-01,3.471492267757009254e-01,9.199749977862013706e-02,4.164662680378727888e-01,-1.506908783595077017e-01,-2.298202992068466288e-01,-2.422821436895832570e-01,7.193016988430402103e-02,-2.660207283879946205e-01,-8.980712574441248111e-03,-1.620169981317425845e-01,9.887776407677015267e-02,-1.436924224838067310e-01,-1.483595573286626557e-01,-3.413060914801063772e-01,3.034096580800463294e-01,-9.287827697314628150e-02,-2.077699090779770719e-01,-7.702368472665954702e-02,-2.762757579718436163e-01,1.647103111015680091e-02,-7.260924553418668381e-02,1.087235209123970370e-01,5.700596375937327237e-02,3.750827340956686684e-01,4.619114235401553525e-01,1.249919500235383979e-01
2.855699574233034888e-01,-3.839678573985323695e-02,4.372572824925213264e-01,1.660508530650039727e-01,4.073483034231088484e-01,2.207270748105975566e-01,5.252366240464605429e-01,-9.072288018105455210e-02,0.000000000000000000e+00,9.634850738015895977e-02,4.420937232428887032e-01,2.110683167227536960e-01,4.434284580288498367e-01,2.200104504679973316e-01,5.113103561118288454e-01,1.883390224045760342e-01,1.642012161180330110e-01,-4.174970892142763207e-02,1.427324943690349013e-01,4.548758123409749055e-02,1.363519290345290846e-01,-3.760949242950710480e-02,2.297957783285288491e-01,3.027043411742065260e-01,1.146136220660241289e-01,3.370429544337367328e-02,3.427500886907345889e-01,1.089027370687384172e-01,2.539826538011078494e-01,5.315752535256837961e-03,1.257157121198477501e-01,2.031477401492336743e-01,3.378810268474533585e-01,3.118744539076542810e-01,2.803480007211850422e-01,1.441539887519892871e-01,-3.494042656411243397e-02,-1.872253559396856379e-02,-2.603096836905671035e-02,-3.324537206791054050e-02,-5.511972748980328157e-02,4.635053822158265169e-02,-6.462801251029900995e-02,-9.644855848964220546e-02,-2.568477670641207133e-01,-3.113843067220649630e-01,-4.089673504159224149e-01,-3.487601738173350951e-01,-2.983989291819386103e-01,-2.386661774382039802e-01,-2.152443864139815533e-01,-1.369682751570276968e-01,-1.907571557829396414e-01,-1.165220343216514520e-01,-1.659865056210773349e-01,-1.969909634798997292e-02,6.730463907933680046e-02,4.504964305381638917e-02,-1.519554478354192828e-01,-1.043924442083331849e-01,2.820077452971579968e-01,1.080336354205493482e-01,3.860102289339503168e-01,-9.112417891001692305e-02,3.911947047697439950e-01,2.061152190177809318e-01,2.257386527479905355e-02,1.392551070860984300e-02,8.618701820294215332e-02,3.780355910703083189e-01,4.186477688334366148e-02,1.913907649795226588e-03,1.251137375179328104e-01,5.816573769015673939e-02,-7.255953241989743230e-02,-8.643029150092562674e-02,4.488164722280073293e-02,7.241364896295625353e-02,2.751145770612463404e-02,3.763095319959331581e-02,5.160094659684750368e-02,2.940127094094083238e-02,6.004751132066226543e-02,3.694358867919598360e-02,-4.969386137845451662e-02,-8.065272193685654734e-02,5.075392992421157851e-02,8.959595464535462239e-02,-1.116457777290144615e-01,-3.145558123456289323e-02,-3.072393702105911117e-01,-1.730998509284372988e-01,-1.988474461767239521e-01,-1.662036393649224397e-02,1.724256078459453223e-01,6.407312787717960034e-02,-1.383086911213969039e-01,-2.381230049954381478e-01,-5.925299133293840392e-02,-1.019889417472071153e-01,-2.468071728928172837e-02,-1.236500933890563765e-02,-4.387270004268922774e-02,2.527442200924549798e-02,-1.133388141015948397e-01,-6.394362496898854664e-02,-7.521255047880850975e-02,-1.361150442629838198e-01,1.780993126459034792e-01,8.285763275273320960e-02,1.163606983125463623e-01,-3.705447555821739791e-01,-5.538875524658234961e-02,-1.466903002631951558e-01,-1.589392663747540846e-01,2.764432709872277280e-02
1.957448956627013403e-01,1.041275573319227210e-01,1.065919066805480903e-01,-1.044771104445846310e-01,2.634356014729475892e-01,3.357675354837936221e-01,-1.363032993928948722e-01,-7.972175186122534840e-02,9.634850738015895977e-02,0.000000000000000000e+00,-1.666422582179092338e-01,-1.132560454271337204e-02,-1.585776547468387976e-01,-9.242173199597145117e-02,1.975861813689136770e-01,4.290809338006280615e-01,-6.383306373871680539e-02,-2.302228729862523526e-01,1.503049020278020287e-01,3.132054064202991484e-01,-1.364671663109634503e-01,1.684659223757755883e-02,-8.785851280015986864e-02,5.335865916114837515e-02,2.604049021501642636e-01,1.837053801339727788e-01,3.754234990429003993e-01,3.857358427949690305e-01,-1.053935664259537941e-01,-4.853363112704178056e-02,2.441958206719725410e-01,3.403169354848562533e-01,2.820543728679631434e-01,3.875079975824604062e-01,2.511157857958469242e-01,1.863225591757645960e-01,-1.734654971812775726e-01,6.187461893002346031e-02,-1.583614688796325942e-01,-3.727502580927785636e-02,-4.442689125219469459e-01,-1.372760502613824818e-01,-2.904611276755272309e-01,-5.721447396648659395e-02,-8.271786408517488309e-02,-1.171315659382125979e-01,-2.196107334811010225e-01,-1.866141034868282200e-01,-2.175312232500361542e-01,-1.159018833899486817e-01,-2.777542215484459232e-01,-2.345730969412260503e-01,-3.383197523420244934e-01,-3.888862100898283769e-01,-1.327059601259576449e-01,9.499845153656502617e-02,9.769030110517839399e-03,-2.077291715353403456e-02,4.541620737953210724e-02,2.959597654815924184e-01,-1.297618376258496131e-01,3.549238987896334852e-01,1.909409760561012886e-02,1.264983757251444407e-01,2.088259997331566031e-01,2.408665315386896710e-01,5.324235034042089365e-02,2.284858510336138793e-01,2.842378019861697136e-01,2.450974002860648315e-01,1.937725859339719994e-03,-6.517954219945951144e-02,3.620754667400308269e-02,1.158062384703269221e-01,-3.102846803642278495e-01,-3.122489850809137546e-02,-2.302412008971068402e-01,-3.842471715622496758e-02,-5.202118532822303659e-02,5.710661440513369047e-02,-5.067836461471662834e-02,5.803738066557253411e-02,-1.311631545947118671e-01,-2.838591041852033259e-01,2.027380856758896066e-01,9.536354717984905915e-02,3.806941822666877473e-02,1.218526509717357403e-01,-2.661074359021440849e-01,-6.629513063321208766e-02,-5.644851024276994478e-01,-5.749675630907088442e-01,-5.283553458130150204e-01,-4.245334387233713480e-01,3.512655121720774654e-01,2.895550841997794889e-01,1.390862790141284278e-01,2.420491738763251577e-01,-2.580042803067018609e-01,-1.913819285724251418e-01,-1.570905936251953128e-01,-1.714485961422022309e-01,5.032315862236591553e-02,1.489186675819484384e-01,-1.100753374797900225e-01,2.030178628702268562e-02,2.003722483049161229e-01,2.547717131129215717e-01,-2.372564518107637133e-01,6.423252573388264774e-02,-9.419311644662846372e-02,-2.895057883326982995e-01,2.915947316823869206e-01,-1.254431710034959735e-01,-3.732309967270954210e-01,2.087975924213389955e-01
5.197187473717111983e-01,1.021447275901878338e-01,3.625460837339911646e-01,2.372952115187485223e-01,2.671069283497840563e-01,6.606232444238709089e-02,6.494683786516577406e-01,-4.842264458735091870e-02,4.420937232428887032e-01,-1.666422582179092338e-01,0.000000000000000000e+00,3.258928974655148081e-01,7.743226877488779136e-01,2.129228248494426934e-01,3.064318714525761655e-01,1.426347761725858809e-01,2.042187189015169380e-01,1.992011700563217080e-01,4.299610130792360096e-01,2.253033871003942701e-01,6.377848481235481870e-02,-9.394134557877331648e-02,3.139753851574726418e-01,2.421593072621648635e-01,3.568844549437503316e-02,3.780873651750855935e-02,2.464057484027684652e-01,1.939461250135260384e-01,2.528726886817497799e-01,8.972130210652268234e-02,2.544890980097892497e-01,1.866276937005613978e-01,2.082913085710998702e-01,1.388197320218061415e-01,2.097655191814164766e-01,1.043199006509347854e-01,2.469521959970190361e-01,-1.216004525329991356e-02,-3.793140053748814827e-02,-2.621192467134314530e-01,-1.018074401060778400e-02,3.511468301535094344e-02,9.648958654273302737e-02,2.492083401881960147e-02,-5.023033768242199937e-01,-3.967232441204076032e-01,-3.340944149433276444e-01,-2.111811417935868240e-01,-2.470867013773251075e-01,-3.115772965266216388e-01,-6.503534699235785643e-02,-4.923536167031350441e-02,-1.290817764803283696e-01,-4.135394877158331262e-02,-6.338514473437927010e-02,-2.832248046655234663e-01,1.766025451474837193e-01,1.183173311922129239e-01,-1.923949073006894217e-01,-3.081304946777135290e-01,5.019519516626342881e-01,6.529100439385302802e-03,3.825842401073953902e-01,-1.848988550371690603e-02,4.287781326875926280e-01,2.020301869100317171e-01,-1.569197876229103394e-01,-4.683106827597747351e-02,-2.310494208464690738e-02,1.848978443115248671e-01,3.668759448046520766e-01,1.650456295797740613e-01,3.250127675322738163e-01,2.303965524285193911e-01,2.611963058042138242e-01,8.050825296092221917e-02,1.216889190821528188e-01,3.647084069209819823e-03,5.844150674390284628e-02,-1.321921306272750563e-01,-7.282987674846842785e-02,-1.414127394058700971e-01,1.199423781930732125e-02,-1.403720798717661977e-01,3.342255178409266753e-02,-1.867334504876420054e-01,1.075994818455663360e-01,-1.648896077220619039e-01,4.780139962612232896e-02,-2.040234288751871239e-01,-2.380070491127893317e-01,3.371843582171039910e-02,-4.375394318921635092e-03,2.586287700983588844e-01,7.098120468456529941e-02,-2.204058655778609876e-01,-2.876051453057798524e-01,-5.067654881515416543e-01,-5.502805988738264376e-02,-7.946313779696182605e-03,2.159294441581028137e-02,1.639843429306465372e-01,-1.260545374198217836e-03,4.387556817543726562e-02,-2.248612585615286374e-01,-4.895092001175098684e-01,-1.218040318471202144e-01,-2.175299237411950845e-02,3.752619267075442688e-01,1.525040581476923007e-01,1.287811566207111014e-01,-4.981907833730416235e-01,-3.875930557910131080e-01,-2.260748782517980060e-01,-3.872885763555617127e-03,-3.476240180471489721e-02
1.714326587918512945e-01,3.093316862181419991e-01,1.222885496139479305e-01,1.143166563620960363e-01,3.640393533678603077e-01,3.270548223393393017e-01,1.035169415540360682e-01,2.099431992945914038e-01,2.110683167227536960e-01,-1.132560454271337204e-02,3.258928974655148081e-01,0.000000000000000000e+00,1.300995511302005803e-01,6.477625484807880696e-01,-1.456100613248402509e-01,6.245305994036502995e-01,2.581626121450710243e-01,4.436559947484344790e-01,3.314497676113786762e-02,1.378769911584014074e-01,3.517736590376062122e-01,4.529449107072140018e-02,-1.062498790511317431e-01,-7.342578978951851132e-02,-3.788387117441844448e-02,1.223891146136792535e-01,1.615191186875297169e-01,1.619462653513179529e-01,3.714167821873339825e-01,4.176871981133331024e-01,2.597488431783817053e-01,1.791028549115504243e-01,-1.193455975638272604e-01,1.813114798376447567e-01,-2.630601235605756205e-01,6.294607184876335748e-02,3.071837447350629358e-01,2.809530230043671972e-01,-2.223369677461393135e-01,-3.073542096792443168e-01,-6.036127234998082958e-02,-7.036463845113248572e-02,2.992309320084098889e-01,2.912368123595223679e-01,9.946824738272513899e-02,1.634429826309268807e-01,2.164812187758370643e-01,1.622889291457812466e-01,1.176796128822492071e-01,1.592957795491673767e-01,1.270982811344739949e-01,6.508047403344514870e-02,-3.088501578641736009e-02,-1.160490031696778945e-01,-2.095832242577974625e-02,-8.598933293213310847e-02,-1.095777454220144970e-01,4.160287058661384096e-02,1.625687741281009735e-01,1.243115357394491832e-01,-4.255870644124568059e-02,8.031169836713643317e-02,2.419454453391766402e-01,3.154502999765289584e-01,-1.731580844344278169e-01,-1.504084452899348279e-01,-1.008137676028411645e-01,1.562029235123904014e-01,4.013965796050313062e-02,2.338374501620665846e-01,-5.136264025584819093e-02,-1.023196790610741980e-01,2.762624549185481171e-01,2.046086287857127317e-01,9.624534043682808626e-02,6.934261666217865321e-03,-1.922524299067005227e-01,1.393790993365235098e-01,9.665310980216547387e-02,-1.779343508020306275e-01,6.852191200751182876e-02,2.370355738692982994e-01,-1.046729851540855773e-02,3.257982333052320684e-02,-3.116257962427027017e-01,5.410963320734676896e-02,-3.372278292225496243e-01,-3.200898881933080253e-01,-2.555114640361424994e-01,-3.670656311471614530e-01,-2.334070532906429209e-03,-2.732654702876221031e-01,-2.554621699570354398e-02,-1.943886184137361695e-01,7.596519986818263404e-02,1.999430450288760264e-01,1.860388225293629905e-01,1.833129140462929144e-02,4.175666527534637740e-01,2.692491619514535417e-01,4.952933905413288707e-01,2.462917672391597701e-01,5.057807822150721666e-01,3.900760309327888087e-01,3.230601219760151910e-01,-2.623447921592110821e-01,1.343874342118911436e-01,2.142847887894999137e-01,9.223312721488374777e-02,-2.783423007890022394e-01,3.351695161906734777e-01,-8.058832905838295146e-02,1.499403092248847713e-01,2.332574746298498106e-02,-3.052265331697016915e-02,9.674864283840230172e-02
3.457479228737362353e-01,-1.923869282142182946e-01,3.888488455474098937e-01,1.513391995873716589e-01,3.152715253239700699e-01,8.559229213613243903e-02,7.069264321746019375e-01,-3.930587088650194794e-02,4.434284580288498367e-01,-1.585776547468387976e-01,7.743226877488779136e-01,1.300995511302005803e-01,0.000000000000000000e+00,1.666642467704058661e-01,5.660578457932804453e-01,-1.445932938536322043e-03,1.105858551433135661e-01,-3.056104629568455119e-03,5.276538990540101670e-01,1.473654301237609932e-01,3.424329207452663643e-02,-1.145620766907574917e-01,5.222582376250232139e-01,4.346154666979747949e-01,2.031916076212421651e-01,2.079695188661445648e-01,3.846052716337428623e-01,2.296554946311998302e-01,4.306999234891061012e-02,3.932751943310430071e-02,2.012224658241777708e-01,2.674635786207347210e-01,1.219954960676341571e-01,-4.639492206261287832e-02,3.705610225350204345e-01,1.571206624244714523e-01,1.642790537401936091e-01,-1.488146080332218013e-01,2.534176761704044767e-02,-1.592707173423236755e-01,-6.623904266679912778e-02,-3.838948106558385392e-02,7.983838511937914328e-02,-5.119937278982999995e-02,-6.450031922317190913e-01,-6.209900482601756755e-01,-3.656256999922910533e-01,-2.782344745963963861e-01,-3.469469165851039594e-01,-4.646087249926143525e-01,-1.292199997940928768e-01,-1.588059558046689412e-01,-1.486059362143419584e-02,3.388585745029432800e-02,-9.285101213673273290e-02,-2.526144869825618922e-01,6.017810554538721973e-04,-1.318809603100246086e-01,-4.259256553390414757e-01,-5.531741079866558941e-01,3.991947608009243087e-01,-3.420091747477574384e-01,1.420182157772061637e-01,-4.206966347104052484e-01,5.535709293550356014e-01,2.698148272554728444e-01,-3.539489488763197245e-01,-3.314986625223044769e-01,-1.773079867953660238e-01,-2.409253979530245199e-02,2.916920615904295966e-01,1.009287309705775154e-01,1.388212935947769622e-01,3.479593591241673251e-02,9.354295041915157427e-02,-5.493973702168940265e-02,7.812133880134830566e-02,-1.064603241474084694e-01,2.157169449705526598e-01,-1.387741268989987897e-01,1.194008857001190374e-02,-2.260730003662700383e-01,1.206238741907380424e-01,-1.532744583073114841e-01,3.255378660746293118e-01,-1.989146025807950191e-01,7.551125045351142484e-02,-1.266827621982581920e-01,2.427837394887320255e-01,-1.388386095227323869e-01,-1.470329009407636833e-01,1.874260621796909887e-01,1.642948071921185652e-02,3.533586996482265818e-01,1.141759119437253250e-01,-1.088280207780565612e-01,-2.470675730251610525e-01,-5.178500615484472602e-01,-1.600833870095403344e-01,-6.625821282790984867e-02,-1.100071778825457841e-01,1.717425423651503247e-01,-1.649679953559147483e-01,-1.062070602308898271e-01,-3.152669417771697402e-01,-3.481796679632018221e-01,-1.915215313071330916e-01,-1.462402052769861682e-01,4.262595935745672748e-01,1.315835571207394361e-01,-2.052531837243750865e-02,-4.173916287293882865e-01,-4.212417718780136489e-01,-1.748810939553112620e-01,9.987373450771949712e-02,-1.365841628839676858e-01
