0.000000000000000000e+00,6.937609943342147867e-01,4.197969076107271880e-01,1.663080765982757891e-01,3.629862818469394292e-01,3.015512346588844483e-01,5.676356220257542523e-02,-9.787935815127724037e-02,9.244415796852535616e-02,-1.529597828944153637e-01,2.696711588937954485e-01,1.989715212125553467e-01,1.208637813159892660e-01,2.697917421199849067e-03,2.166393732285548657e-01,4.540267816095244768e-02,8.967546463962880465e-02,3.913664846081063575e-01,5.506352338768100152e-01,6.748381856333531825e-01,1.355176590059213870e-01,-7.784772767228774482e-02,1.616231386786353696e-01,3.547078790798048886e-01,-8.362919099969010409e-03,1.760040313926344024e-01,4.349191851096085859e-01,3.432072015973759438e-01,-8.802380605750322051e-02,5.058229684308025026e-02,2.280228533832926244e-02,1.955994585976016664e-01,3.318291309531611055e-02,-6.716172504006480068e-03,-3.197409193688867668e-01,-2.706167101667435460e-01,6.529505527575174550e-02,1.144383908175131137e-01,-1.173603506086672021e-01,3.257189374942721094e-01,8.325326445311417856e-02,1.791842104065345387e-01,-5.891294243621213456e-01,8.044000185929614521e-02,7.990391322554907250e-02,2.730132775217666841e-01,-2.885246657756723732e-01,4.206202975800173854e-02,-4.209357161042222017e-01,2.035410385033603609e-01,-2.422472566419729412e-01,1.451788258559141842e-01,-3.556471399163295688e-01,-2.007368241353467420e-01,-1.366473246389822982e-01,-2.110788959123119923e-01,6.775952292670581745e-01,6.052721940177646642e-01,-7.699268312885443897e-04,4.371190283347359817e-01,-3.793330787244045699e-03,-1.835406599177738241e-01,1.027879957957730100e-01,1.628149668165667285e-03,9.827000095906368582e-02,-5.667855334661139194e-02,-6.675569271434834973e-02,-7.330215603008162668e-03,3.193364432575708789e-01,2.376226938070163941e-01,-4.484288357842904776e-02,-3.322352878075918864e-02,-9.430503103001233733e-02,3.791959094302892880e-02,-1.387648297104578099e-01,-4.780384838420902172e-02,-3.485951184669182079e-01,-3.132653622397957860e-01,6.186072106019938196e-04,3.006950521332346637e-01,2.564860478575481384e-01,2.545954199013600316e-01,2.390747563626168526e-01,1.995627384980326602e-01,3.383850770305641409e-01,1.939025387616753748e-01,3.712799534879228092e-01,4.017265374614740758e-01,-2.340919365119870921e-01,1.643138656578458645e-01,-5.931157016011309180e-01,-4.343230547289858579e-01,-6.144907648268764788e-01,-3.708739881176482123e-01,-1.975583226470485343e-01,-7.268844567237037202e-02,-1.849579910073666233e-01,-9.977479511597342476e-02,-3.659936653046709232e-01,-3.216930378923196221e-01,-3.137050186301591492e-01,-2.648642623990125067e-01,-1.243457431314545641e-01,-8.782759286839711410e-02,-1.333925241923138161e-01,-2.603314119291091910e-01,-1.235620861512735404e-02,-1.365670062779643645e-01,-1.321676361626576701e-02,3.107428407035823376e-02,-2.644675596730804989e-01,-2.028257089391508894e-01,-3.903185355456742500e-02,-2.264350512230376977e-01,-1.036118534033970695e-01,-4.895253956621532093e-02
6.937609943342147867e-01,0.000000000000000000e+00,2.308582145402360009e-01,2.939430923004121010e-01,3.594805813759771596e-01,3.428726985041861131e-01,-2.133197407715733129e-01,-6.831312129649061426e-02,-8.780523220226224557e-02,-1.226245226069385824e-01,3.916377287057862949e-02,2.019866441482067176e-01,-2.222020327326408584e-01,-1.000214914417675849e-01,-1.373931550054546535e-01,9.534638367467001066e-03,-1.501936530535632752e-01,3.899955538709750091e-01,1.790101827306573024e-01,6.202131180418614109e-01,4.041846553246983796e-03,2.902415928824427643e-02,-6.991425936379547235e-02,2.959033954925885390e-01,8.414381386277566821e-02,2.713074228770776530e-01,4.347221050555473143e-01,4.168575452796464131e-01,-1.639524093433998020e-01,1.016981282574186546e-01,-5.710385660847001367e-03,1.845339496641282273e-01,-6.266996542282093907e-02,-5.790135670758646963e-02,-3.862803962028236726e-01,-2.369350755274193532e-01,2.581531455177465267e-02,1.714839291235093488e-01,-1.247227613608971331e-01,2.885844764416978236e-01,1.767652431175574870e-02,2.747824026642787243e-01,-5.328993637754445567e-01,2.273882615306355992e-01,9.198891228696914890e-02,3.519090060258496799e-01,-2.354534853818015250e-01,1.037790762935877908e-01,-4.930106651278866603e-01,2.467611833660603438e-01,-3.995892873392149491e-01,1.166262811027602292e-01,-3.898179025403695763e-01,-2.696220085128776534e-01,-1.975642549523324576e-01,3.057707988951492706e-02,6.026080788066239258e-01,8.801122758415216296e-01,8.353296139464806702e-02,6.608358455528406949e-01,-2.395685073621375005e-01,-1.213434613402533113e-01,-3.536196731352582445e-02,2.355572662299339204e-01,-1.569205256185932096e-01,-1.829385697442849901e-01,-4.131040671968865680e-02,1.407676471388835671e-01,2.878492651458541274e-01,3.499510963750618875e-01,-2.117005174581726989e-01,-1.293958291505936942e-01,-3.048454125615097099e-01,-7.192677853663569099e-02,-2.017237065509605576e-01,-6.608722996991675536e-02,-5.598828320980634432e-01,-4.890019170116594593e-01,-1.725693537408798661e-01,2.494372074730679123e-01,1.030998500974216192e-01,3.154946753910563562e-01,9.421621343630628975e-02,3.373609345352321931e-01,1.743729626748885542e-01,3.406001212889690488e-01,2.352988128666375078e-01,4.477079260168636554e-01,-3.703142403324837240e-01,2.735690713665181462e-01,-6.587207048343065585e-01,-5.144019162063742101e-01,-6.244483794417766687e-01,-4.775485832802334740e-01,-2.957401345551504135e-01,-3.959621068449631354e-03,-6.767957405477630084e-02,5.732129294197449258e-03,-3.475787342188342843e-01,-4.010480170297259228e-01,-2.900616081864667573e-01,-3.408867650046596420e-01,-3.042640269930816516e-02,-4.052838870350376765e-02,7.104121374684467527e-02,-7.924190802869865435e-02,-9.526947030690706419e-02,-1.510824519794638603e-02,7.702919644080168105e-02,4.893126406231310815e-02,-1.260936115932097257e-01,-1.296847269940770431e-01,-1.285598310016567714e-01,-3.610905809567300784e-01,-1.551336192921011492e-01,9.129077136746985288e-02
4.197969076107271880e-01,2.308582145402360009e-01,0.000000000000000000e+00,7.330103591237914218e-01,4.003913020987585614e-01,4.591108244021558926e-01,7.636038996971514781e-01,3.385157031078870893e-01,6.871924758362104591e-01,3.773130307282382412e-01,1.399797833392119051e-01,-5.131535906224096028e-02,5.715403280497539651e-01,7.469441618995710519e-02,4.893269688419706331e-01,1.778250601342092341e-01,-2.611528286627070039e-01,-2.719127372173611445e-01,4.086689546855122313e-01,4.410689700759372611e-01,1.388560884587300148e-01,1.227592083042168408e-01,3.975911887079105478e-01,7.953523271587553678e-01,-2.814428334755861294e-01,2.693062804750548933e-01,3.383603434916584440e-01,3.368211686776314551e-01,-2.049974401362624765e-01,-2.253856758873319655e-01,4.513029575981878372e-01,5.237326198069560679e-01,-2.706234790847182881e-01,-2.898081382791967142e-01,-3.253929748837814939e-01,-2.287403616279829188e-01,1.458868064856436719e-01,1.109343688508256792e-01,1.046389295146925025e-01,2.771547126899709390e-01,1.072174628974027349e-01,3.005258522672383803e-01,-5.926284832165317207e-01,-3.035931037969928359e-01,-1.675185436176457321e-01,-1.398877077563112359e-01,-3.043953185082811097e-01,-2.093238668378748224e-01,-1.634216977641122781e-01,1.229180534962500820e-01,-2.297322000488005167e-01,-1.368758719691987036e-01,-5.360392259925284009e-01,-4.725360420553103014e-01,-7.819063481841077856e-02,-2.528656567450461856e-01,-8.288405080746862053e-02,6.716190854369652463e-02,-3.646352626709185030e-01,2.593987218899351244e-01,-1.420375665009241395e-01,-2.467816786971712140e-01,-1.294251494109334433e-01,-2.457625155659043104e-01,3.664548806347774357e-01,1.058285439431612546e-01,-2.195189627498512486e-01,-1.988423212423945374e-01,-1.648863226399591708e-01,-8.832759900480709192e-02,5.396790968808548028e-01,6.161428803805011345e-01,2.431029940671893264e-01,2.346432959000771812e-01,5.206507737933972757e-02,-2.391175916361474585e-01,9.989278022058871442e-02,4.951360041001652557e-02,-3.897932770687237980e-01,-2.450677145215612307e-01,-1.066275493916663125e-01,-3.117781882836783702e-01,4.076116057192822884e-01,1.402304302353111487e-01,2.246041687808280340e-01,-3.388149775719163648e-01,6.082936329853446678e-01,3.634867326666434972e-01,-3.160221012023513576e-01,-2.906844703703105326e-01,-6.845963700850735134e-02,8.273630570152491759e-02,-6.394572110574464618e-02,1.685691496702656500e-01,-4.478124998321595523e-03,-1.724929152109199726e-01,-3.357196588030124107e-01,-2.589815898452985099e-01,-2.677473815699402473e-02,-8.379557346362331849e-02,3.138588781420285634e-01,3.128713746356165948e-01,5.482218410260530916e-01,4.642040222348668421e-01,-6.846177043695025888e-02,-1.044249999066884094e-01,2.104303543179127101e-01,3.307402114983706287e-01,1.694827668979093926e-01,-1.085982046727105993e-01,-3.363803518371146772e-01,-5.243656737162618597e-01,2.085956629529203687e-01,7.324090666694997587e-02,-1.208928901941390271e-01,-1.076848754559244642e-01
1.663080765982757891e-01,2.939430923004121010e-01,7.330103591237914218e-01,0.000000000000000000e+00,1.986078878604694009e-01,4.781218404310925152e-01,6.270836437381442918e-01,6.832521346711638577e-01,6.048283477011042741e-01,6.570629119866365775e-01,-2.641501104985037596e-02,-9.463733160792318910e-03,3.563527773464220672e-01,1.954575978707070727e-01,3.359737001875227613e-01,2.996749540555508351e-01,-4.311366773040625211e-01,-3.567519957198811986e-01,1.358729826944604646e-01,3.439709250947434183e-01,6.201378056996048604e-02,2.539009977803965978e-01,3.122692663499838650e-01,7.835099383720015576e-01,-2.760552711957700578e-01,3.574586917871386826e-01,1.810896480576789924e-01,2.576581218362083980e-01,-1.606218895230931698e-01,-1.275221699516577989e-01,5.930026423628548260e-01,6.935522307813737353e-01,-2.899376985848818311e-01,-2.178751486126333237e-01,-2.750578581667775802e-01,-6.398060567237819074e-02,4.219063053104592925e-02,1.182404889845234675e-01,7.242679268864116171e-02,1.210516278815691460e-01,8.255676562913390193e-02,4.090158418846964183e-01,-5.372448770004795149e-01,-2.823669036373011032e-01,-2.387119854381154205e-01,-1.909398601985641541e-01,-3.218278993462719284e-01,-2.671649675355823872e-01,-1.334424108188680680e-01,4.044489817578680174e-02,-2.021765975115844272e-01,-7.409130299119796870e-02,-5.149819978253353803e-01,-3.946703005251638308e-01,-1.974122774113989398e-01,-1.916603202040522980e-01,-2.286894610471279510e-01,5.422650586411091600e-02,-3.154656648261893181e-01,3.585540444084600042e-01,-1.344574222892407078e-01,9.679309562137951295e-02,-4.221743665591774775e-02,3.805788914144315332e-02,1.450212488367316754e-01,2.742522686487798289e-01,-2.262199676842382712e-01,-1.160489541428065957e-01,-3.107244606175923463e-01,-1.833820535722516798e-01,5.439145752217503516e-01,5.946915874233096311e-01,2.033964889010847210e-01,3.049142899558729414e-01,-7.832274419108798194e-03,-2.109072476311550093e-01,7.803463444877481447e-02,1.280394179207353378e-01,-4.481317139721201492e-01,-2.393373446163886420e-01,-1.335986419438275064e-01,-2.571574088085584187e-01,3.099321916475870631e-01,1.663647241111185227e-01,5.983135855178356444e-02,-1.887047793605727830e-01,3.907924672722283832e-01,1.785020497564835107e-01,-2.419481813668220571e-01,-2.333570319033362317e-01,5.484298187678620122e-04,1.366368463905278663e-01,1.471690376949115753e-01,2.253041434328143522e-01,-6.060166493243073632e-02,-2.488802455686721371e-01,-3.058475559265159127e-01,-2.382547430632430963e-01,3.414751206746300533e-02,-8.751049465609557487e-02,4.660677146252739100e-01,3.390716678492686209e-01,6.145374744234149977e-01,4.595087825370890999e-01,-6.108823058601701994e-02,-6.883533985777376407e-02,-2.965580673953812567e-04,3.566014106107213699e-01,1.217635828697020001e-01,-1.074866075253714109e-01,-3.176518128267372121e-01,-4.337398149181260765e-01,1.652018574018086494e-01,3.075878029678884296e-02,-5.303066314795400887e-02,-1.907501542602729194e-01
3.629862818469394292e-01,3.594805813759771596e-01,4.003913020987585614e-01,1.986078878604694009e-01,0.000000000000000000e+00,7.094337902634916260e-01,1.775611832164045861e-02,-1.953925561696138735e-01,3.428209293044871542e-01,2.889911402214689548e-02,-8.656675271079486292e-04,1.376359087773874890e-01,-1.770820880151168734e-03,-2.524274849741938165e-01,2.889585688157904619e-01,5.186577833212115823e-02,-3.517520381548635555e-01,-2.051726064696487717e-01,6.847249322362380930e-02,3.982902023407636216e-01,2.262860167042098636e-01,2.498848989156131906e-01,1.648605194105453864e-01,5.040175368234179887e-01,1.738224460654963222e-01,3.108178429948569854e-01,8.548005112244356773e-01,7.083541219126805455e-01,-4.648579750946773559e-01,-3.550276239918199739e-01,9.575628082103172789e-02,2.383737279646731821e-01,-3.533223156994954595e-01,-4.413441120516016225e-01,-5.034941150968555990e-01,-4.764276301622054621e-01,3.634762468155262605e-01,1.981404697292639683e-01,2.675089033506700686e-01,4.299990532781797770e-01,2.393003642495572236e-01,1.711466861094360081e-01,-5.292396838830850658e-01,-1.016127172021644709e-01,1.049178926425159419e-01,2.284596330946105647e-01,-2.029493380399788882e-01,-3.400251162873028921e-02,-4.147057324124274746e-01,1.024337551933027640e-01,-3.117669970979458083e-01,-1.474878383168602980e-01,-2.065136806525095792e-01,-4.685503305909450300e-01,1.145931677270146803e-01,-1.831920358015500794e-01,3.410759072867258768e-02,3.710275278567968238e-01,-3.253988131369069392e-01,3.744208911772070048e-01,-2.829449247415223301e-01,-3.250784286793392819e-01,-1.473723589859390892e-01,-1.528930295588451782e-01,1.221985348879380401e-01,-1.228299572317378269e-01,-1.637944640633234306e-01,-5.384716221835940397e-02,3.138147735416106643e-02,2.121127098925509880e-01,-1.088753610352134749e-02,8.469206573789209158e-02,-3.892044158146598098e-01,-2.050083442444697868e-01,-3.837478102136982483e-01,-3.589058832691854883e-01,-3.647806694481217082e-01,-3.828013350717470731e-01,-3.459544160404798840e-01,-2.340855175138161770e-01,-7.476115534405083918e-02,-1.895607848847272736e-01,4.344188796451438073e-01,3.772274674974164799e-01,5.180915137727269970e-01,-6.752431305465489420e-02,6.983468222931938918e-01,6.850448122126485684e-01,-2.577058450262225131e-01,-2.429879456786466010e-02,-4.053921567896990874e-01,-3.711425867884999286e-01,-4.505820933309944709e-01,-3.597144503951445471e-01,-6.855411347184613147e-02,1.557818465235623340e-01,-9.150684220438855265e-02,-1.758390691592688904e-01,-2.981414568340910454e-01,-5.047862752619883819e-01,-2.139055786648680901e-01,-2.740561912219406371e-01,1.875604250551403396e-01,7.262104177256359892e-03,2.684765590888404940e-01,4.049313549367526688e-02,1.931316807760214693e-01,2.688893111903603236e-02,6.047816036092715231e-02,3.222619317114236437e-02,-3.211228546062874223e-01,-2.384082630716196638e-01,9.149598019103154234e-02,-1.575186173072271600e-01,-2.148042101061198583e-01,1.660254349335111845e-01
3.015512346588844483e-01,3.428726985041861131e-01,4.591108244021558926e-01,4.781218404310925152e-01,7.094337902634916260e-01,0.000000000000000000e+00,1.893911261241990884e-01,1.804432237355335644e-01,5.764392766766204268e-01,4.877311583159685826e-01,-5.308042999050912453e-02,6.109569454917632841e-02,8.364422299042051367e-02,-8.009416315797660002e-02,4.663102678279907320e-01,3.289311591328505924e-01,-4.336484264771418573e-01,-2.468515975754830838e-01,-1.108890557942861579e-02,3.634738922436311359e-01,2.687053571903121330e-01,4.440376734939576187e-01,-1.332072769895953183e-02,7.058387883121779449e-01,-1.521873391840839786e-02,5.988931207095438136e-01,7.753122254352119436e-01,8.392665837515931315e-01,-3.250288136542859307e-01,-1.858818257464718293e-01,4.709127506419295561e-01,5.277412484602687082e-01,-3.237758514732621551e-01,-3.259946702722764100e-01,-4.017943960456775154e-01,-2.427657808704410392e-01,2.678967644195803799e-01,2.458732553759601369e-01,3.164966995860539756e-01,2.871979663812320727e-01,1.118844847763830336e-01,3.091356181182490781e-01,-6.215401698981296574e-01,-2.937404841207893469e-01,-1.766833361437140926e-01,-6.770460582976299546e-02,-2.343078415080192822e-01,-1.647614383967482554e-01,-2.972090284140602723e-01,5.580618694725425488e-02,-2.587044554677932484e-01,-1.503813725219957931e-01,-4.169861298773540614e-01,-5.984987894519686602e-01,-2.260333187761894846e-01,-2.296991286626014483e-01,-1.074584669111027999e-02,2.769861865018417579e-01,-4.283737952279770833e-01,3.951519648461393475e-01,-3.276454039113582128e-01,-1.512427578468696354e-01,-1.945869957008736773e-01,-5.725901611595592827e-02,1.581925792114709239e-02,7.034886505129529788e-02,-2.212465151110951933e-01,-1.003091190294350399e-01,-1.851806288981251714e-01,-2.531494556673531335e-02,2.519684532054169979e-01,3.204939673186022464e-01,-2.620292713044043431e-01,-5.554969708834314734e-02,-2.663936166838273834e-01,-2.990810354165250873e-01,-2.304959588998544140e-01,-1.291479770933395277e-01,-4.206390396660090736e-01,-2.752213405731722684e-01,-1.428263706370760111e-01,-2.937026538069530401e-01,4.418107318504381764e-01,3.458285117973559641e-01,2.784958113851976891e-01,-1.863960685521438010e-01,6.413117474872025436e-01,6.151617539512762578e-01,-3.903604426814962780e-01,-9.452416545867005360e-02,-1.974923753637405632e-01,-1.340930663161128689e-01,-2.127196855317664281e-01,-2.236275514414300392e-01,-1.099305637882641434e-01,-1.174931408632934049e-01,-2.482451342574389375e-01,-2.290640621119477971e-01,-1.597799497973040050e-01,-3.559432694384156437e-01,1.303470107397022848e-01,-6.691575874988903161e-02,4.491752616833220024e-01,2.891647679540501614e-01,6.762897877276316527e-02,4.544378543178165253e-02,9.994294403103796964e-02,2.259897002457955106e-01,-9.796975253644361892e-03,-1.031139554027701855e-01,-3.074051500238152990e-01,-2.696538757792292240e-01,2.006662734238064127e-01,-3.993380294901022198e-02,-3.264836829846387567e-01,-2.186949986357658235e-02
5.676356220257542523e-02,-2.133197407715733129e-01,7.636038996971514781e-01,6.270836437381442918e-01,1.775611832164045861e-02,1.893911261241990884e-01,0.000000000000000000e+00,6.114023498684159064e-01,7.210698400086315019e-01,5.774031106078959530e-01,1.969756056503406960e-01,-6.512821341455668489e-02,7.948032335775124801e-01,3.337643275357010109e-01,5.906711207617266757e-01,3.312472885560912572e-01,-1.337216663595857391e-01,-3.484993014427646973e-01,2.907680221338291848e-01,9.860541849403496595e-02,8.627919305180677123e-02,1.128493454422237058e-01,4.090922294538605897e-01,5.730822722792403567e-01,-4.174623867516747966e-01,1.336864748007960679e-01,-4.160039207178787418e-02,-1.256052547112841526e-02,7.664573838402130579e-02,-6.564439414960558661e-02,5.399778245688520162e-01,5.321733603648993727e-01,-2.282581120548033415e-01,-1.957586284025298606e-01,-6.545226874754152269e-02,7.456269487685881006e-03,3.493690461890101850e-02,3.618583183262955895e-03,1.535841374098968204e-01,1.175732330899873224e-01,2.023264232359644338e-02,1.746582213665952288e-01,-3.589924590496644252e-01,-4.667003983904255970e-01,-3.634491443581392978e-01,-4.598876303656293518e-01,-3.563976283025577230e-01,-4.585840449359844251e-01,-3.844743315507635761e-02,-1.755569360877330121e-01,-1.570113684076446803e-01,-2.271137469967182687e-01,-4.770642740809622473e-01,-3.051959154403244279e-01,-1.728282629252943514e-01,-2.869260805646767221e-01,-3.982325570781472535e-01,-4.044502065546362601e-01,-4.186158743966044704e-01,-1.177605550167771936e-01,1.231297561761758586e-01,7.294550593384460657e-02,1.906648057492638451e-02,-1.814786453993263993e-01,4.288608543721179611e-01,3.763936926321824195e-01,-2.237706786073967447e-01,-3.065079386481590618e-01,-4.391943637930318944e-01,-3.680187381792955348e-01,6.599354538297843575e-01,7.226342670960639314e-01,5.018156151125601205e-01,3.851604967102615351e-01,2.283674090778008980e-01,-9.203050109826041436e-02,4.572582521642323261e-01,4.612858439331973814e-01,-2.195930547935623922e-01,-2.276043798978340249e-01,-8.565797703939401209e-02,-3.149956200318355104e-01,3.609577510233306641e-01,3.492418471222923787e-02,-1.373699673977616048e-03,-3.465174728866892151e-01,3.405413232203752805e-01,-1.796476436687601853e-03,-1.003028196247118253e-01,-3.333019116731281151e-01,2.763030914189542608e-01,3.632854601546541828e-01,3.085699064760026311e-01,4.484728721581507371e-01,1.294841514874632837e-01,-2.049391504421813615e-01,-3.361410686695024408e-01,-2.557772414767479630e-01,1.333790870705441334e-01,1.503372613592199591e-01,5.616338526588291469e-01,4.838764227535553020e-01,5.364459885276476880e-01,4.484361736002631660e-01,-2.539973357955629951e-01,-1.396730092636749576e-01,1.275563032358000837e-01,3.594589359643664550e-01,9.863541889946179225e-03,-1.521774812839787883e-01,-3.160848406664678034e-01,-5.076205619103458799e-01,1.611170944771012081e-01,1.723677356174802278e-01,-1.906359677548015441e-02,-2.996544687273685614e-01
-9.787935815127724037e-02,-6.831312129649061426e-02,3.385157031078870893e-01,6.832521346711638577e-01,-1.953925561696138735e-01,1.804432237355335644e-01,6.114023498684159064e-01,0.000000000000000000e+00,3.880095951598011017e-01,7.678520519207358008e-01,2.098450846903447964e-01,2.101483350375522863e-01,4.813895381420870700e-01,6.744122867348674166e-01,3.304267732465503982e-01,5.275430972148165143e-01,-8.595156616528615290e-02,-1.893419556696991912e-01,-1.224666916628699802e-02,-1.752097097908974013e-02,-1.239544829674883997e-01,7.616047113212684461e-02,3.868008279915213232e-01,4.572526349343808971e-01,-2.031254014091828930e-01,1.416059942958093065e-01,-1.968604918079164268e-01,-1.066370913637674916e-01,1.166914148507254001e-01,2.101182946174679211e-01,4.377235181378590911e-01,4.870255281789487856e-01,-5.654283056997736357e-04,1.559206012090257609e-01,2.073507739150874107e-01,3.667320897496283982e-01,-1.254478132392147782e-01,-5.648427170526225394e-02,-1.427167114606127107e-01,-2.101847954685537867e-01,-1.096650624344786273e-01,1.505339984930663400e-01,-2.659363815635419348e-01,-2.169657150074211782e-01,-3.546999223992522432e-01,-3.794832066251649927e-01,-2.990224912491199483e-01,-4.436334160713598096e-01,-7.678087781783250743e-02,-2.504119787075677617e-01,-1.054038242213038296e-01,-3.091554032043488179e-02,-3.827622759803689934e-01,-1.966151158559119039e-01,-3.602914791901389302e-01,-2.939638181692184049e-01,-2.688249702707609656e-01,-3.169012929114547461e-01,-1.621859888915011261e-01,3.827562472973207452e-02,3.839826086783700299e-01,6.368488289971300231e-01,2.427377836993858673e-01,3.524030172640973402e-01,2.396187136018139430e-01,7.198619991707752019e-01,9.111783986364266341e-03,3.445690709630231524e-02,-3.732829355950775807e-01,-3.332505612548430918e-01,4.376459221479034878e-01,4.577071870515031504e-01,3.586040770784522658e-01,3.721713213520526642e-01,1.646770518277285503e-02,-5.499084541217622718e-02,2.485362100197679169e-01,3.274709004833179504e-01,-1.230704409556848816e-01,-4.545500371405429563e-02,1.149751455802886305e-02,-1.341131359912548122e-02,1.379255180051271457e-01,-1.066832386105892897e-03,-1.169150719677220229e-01,1.072033141220116864e-01,-4.497911816079407099e-02,-2.299354057409803420e-01,8.035645997824707523e-04,-1.751097776796944616e-01,1.455277024567899757e-01,1.668105742454074059e-01,3.765820747692014692e-01,3.204578502947623142e-01,-3.358799422212221247e-02,-3.170599219931453105e-01,-3.533224691792563599e-01,-2.565488536537465780e-01,4.544505907606768980e-02,8.147588673694498851e-02,5.319637852761491814e-01,2.617073495878814438e-01,3.144461104842981025e-01,2.339047840972372783e-01,-2.457037879305040140e-01,-1.077681556572289007e-01,-1.179519135005705349e-01,1.775095364083434935e-01,-1.865636251743862106e-01,-2.081342507970536659e-01,-2.632953411251304776e-01,-3.113158483492668438e-01,-3.030638191319950589e-02,6.550471197478074936e-02,1.519170370606775233e-01,-3.411703069450753301e-01
9.244415796852535616e-02,-8.780523220226224557e-02,6.871924758362104591e-01,6.048283477011042741e-01,3.428209293044871542e-01,5.764392766766204268e-01,7.210698400086315019e-01,3.880095951598011017e-01,0.000000000000000000e+00,7.140039970239153710e-01,9.823993241860283498e-02,-1.415148827756357031e-01,6.225171002390359476e-01,8.669256753768730950e-02,7.188811733625731781e-01,3.352779537842341395e-01,-3.252485773538075775e-01,-4.426947172557655907e-01,1.749314708088025028e-01,1.764366527759199665e-01,1.370839590463129309e-01,3.723983695490706847e-01,1.219372565097880390e-01,6.520467558036698863e-01,-3.351676766369596216e-01,4.712264945919528714e-01,3.091724198842270011e-01,3.585681473045121970e-01,-6.644193178863799787e-02,-2.360543783702843956e-01,6.846676857355142864e-01,6.085405178517037106e-01,-4.255738334585110749e-01,-4.108974590251785464e-01,-3.037761058914737466e-01,-2.274034428062809698e-01,1.615208053546906275e-01,1.462580305069908493e-01,3.844978360407329543e-01,2.377116174275754334e-01,1.409396903118866340e-01,2.966344206179781784e-01,-4.848141960214039647e-01,-5.322624339084356393e-01,-3.995966765310510760e-01,-4.411321704292111012e-01,-3.465594008452569375e-01,-3.618711143114225481e-01,-1.813363901373177614e-02,-6.989841255744813631e-02,-1.249144229918643517e-01,-2.923672491156246722e-01,-5.112595173849384667e-01,-5.357715663916788884e-01,-2.211916992394918902e-01,-2.455242791274080127e-01,-3.341708350016443507e-01,-2.005753643205881731e-01,-5.156874616607667328e-01,4.079308712031994022e-02,-8.767709311924688775e-02,-1.307432260932728241e-01,-8.256917545694676674e-02,-2.635012215073637698e-01,2.747756332968866455e-01,1.668733913046513972e-01,-3.701082971483783401e-01,-4.240948964249567910e-01,-4.698232277530799972e-01,-3.513731079612932851e-01,7.026100259167100681e-01,7.830572188343200013e-01,2.915200622260742946e-01,2.790816411537644370e-01,6.236105608876851315e-03,-3.507176599589119093e-01,2.874935765729923487e-01,2.655858682457237774e-01,-4.328385747663725525e-01,-4.111659605192445888e-01,-2.527083095744802055e-01,-5.121802854391739324e-01,5.155528728083238477e-01,2.105599907746485144e-01,8.612004919034668693e-02,-5.324685725622437804e-01,5.415677653364040500e-01,2.265216722956353290e-01,-2.668591334490092448e-01,-2.925237111083632269e-01,2.808771479206917387e-01,3.852798725656868539e-01,2.300816249697643090e-01,3.272619046862007552e-01,-4.505998740413617865e-02,-1.057319405374603782e-01,-3.513934568931116331e-01,-2.135969669138680360e-01,1.947127074653214329e-01,1.182012631040385842e-01,5.999768247088710371e-01,4.579171377032276169e-01,7.372531219034501593e-01,5.953191417485397263e-01,-1.185127285683702791e-01,-3.853197197575986693e-02,1.900661787568035943e-01,5.331170918952105042e-01,4.280021213674941455e-02,-2.322292491994149000e-01,-2.977207544247614246e-01,-3.847392508304702252e-01,4.112667687239236480e-01,2.950618802313418887e-01,-2.323986926837222078e-01,-1.736241746310571155e-01
-1.529597828944153637e-01,-1.226245226069385824e-01,3.773130307282382412e-01,6.570629119866365775e-01,2.889911402214689548e-02,4.877311583159685826e-01,5.774031106078959530e-01,7.678520519207358008e-01,7.140039970239153710e-01,0.000000000000000000e+00,-2.155639752684131508e-02,-5.040703867141281547e-02,4.146228198841181434e-01,3.886417871576043348e-01,4.968195840722834378e-01,5.133058771149777710e-01,-3.649779287717898613e-01,-4.188615197836104698e-01,-1.035920412963886733e-01,-5.032171322116614498e-02,-8.881956680057662840e-03,3.389716632172513067e-01,1.841571288504858239e-01,5.088536908564230687e-01,-1.957904385333246178e-01,4.525822992939810274e-01,3.777808627331635111e-02,1.812502199380607859e-01,-6.303279138607588428e-02,-2.847219255013274872e-02,6.299867169017535629e-01,5.773053078189097631e-01,-2.465481946157957738e-01,-8.398751277361811429e-02,9.057542176786563537e-02,1.779042849932399306e-01,-1.387085276667575189e-02,1.244531719714385837e-01,1.842944714417152630e-01,2.905542935385940686e-03,-6.918124804230822884e-03,2.583705749131448015e-01,-2.838858472218566686e-01,-3.726484119063795952e-01,-4.211140597463353119e-01,-4.419119304066754794e-01,-2.617108332868984255e-01,-3.859549344467748666e-01,2.616343322464430646e-02,-1.943416207645760896e-01,-5.758996018761543267e-02,-1.736242301548056033e-01,-4.251296074598048813e-01,-3.283952987696394099e-01,-4.257657290655093019e-01,-2.351274315874327947e-01,-3.537180317933764084e-01,-2.885795289931233909e-01,-3.283201976193238503e-01,4.359977794589095165e-03,1.863417126258010426e-01,3.299065714189172160e-01,-1.064774190851780142e-02,2.689171494673082627e-02,2.095679196594361360e-01,5.472237033911379056e-01,-1.628613282782528093e-01,-1.787537937774284214e-01,-4.903759455168258397e-01,-3.655856556325188245e-01,5.863400889501811930e-01,6.418894598897552095e-01,2.289196490971755482e-01,3.075057621867702817e-01,-5.831106524803264524e-02,-2.072891341794607656e-01,3.050000246245717639e-01,3.874846555290416550e-01,-3.932766105342427876e-01,-2.708016559804805601e-01,-2.622741936681410868e-01,-3.417762154770170313e-01,2.667577076898709487e-01,1.081975481873909961e-01,-1.109366111809628741e-01,-1.779096831840038528e-01,1.049157626126304976e-01,-1.066624453231831693e-01,-1.474115888352003911e-01,-2.270300592054084743e-01,3.437950422015528806e-01,3.701489009882204528e-01,4.346930889821380983e-01,3.504744904555053830e-01,-6.295221407479270614e-02,-2.564261481347273053e-01,-3.126608046943114561e-01,-1.902312319329396428e-01,2.079010826637210374e-01,1.673404993112989625e-01,6.101428388011875814e-01,3.941275086009127238e-01,5.328297477612505828e-01,4.011049789727269554e-01,-1.871870564985054497e-01,-3.033964759030008049e-02,-3.636616344371629977e-02,4.017267322049957179e-01,-1.381504685445687775e-01,-2.587761803733571453e-01,-1.847664419213567444e-01,-2.137344618721055411e-01,2.278007838682924724e-01,2.290927189086104376e-01,-6.873219853598779017e-02,-3.433902786460757972e-01
2.696711588937954485e-01,3.916377287057862949e-02,1.399797833392119051e-01,-2.641501104985037596e-02,-8.656675271079486292e-04,-5.308042999050912453e-02,1.969756056503406960e-01,2.098450846903447964e-01,9.823993241860283498e-02,-2.155639752684131508e-02,0.000000000000000000e+00,6.756115139445179052e-01,6.446293719149182033e-01,5.811369851419263544e-01,4.572206176500993036e-01,3.195432904875704083e-01,6.184485674289101897e-01,3.589338928696239051e-01,3.424545004877923571e-01,1.828039473893554312e-01,-3.625650138062010142e-02,1.214177032244198595e-01,3.165996583198304459e-01,1.208024184466426065e-01,6.432264624782850493e-02,-1.185764571899562345e-02,-3.083322368779976060e-03,-8.112085132773438900e-02,5.059612266434359018e-01,3.953321215454232984e-01,1.253820689082137119e-01,1.406402343158685009e-01,1.013331407169978937e-01,2.639684212306506531e-02,5.664557991079686300e-02,1.347542421630698595e-01,1.092722216014249265e-01,5.261836433108501090e-03,-8.496999499526293465e-02,3.436249832006631200e-02,1.479377522500466557e-01,1.621588555692959066e-01,-2.776944686478466373e-01,-7.434490908985022517e-02,-9.832481180275616517e-02,-1.822674291381701783e-01,-2.716958621123480855e-01,-2.675003305899085193e-01,-2.347774611908846898e-01,-1.790184836110511601e-01,-7.502992033403410588e-02,-6.078549879313730614e-02,-2.477214685697254337e-01,-1.804960401764988398e-01,8.475903708091135635e-02,-3.227903939079999063e-01,7.325733705675693819e-02,-1.422745672797806338e-01,-1.895236313461059197e-01,-1.558603406415810244e-01,3.672925168101414672e-01,2.192919183595674892e-01,5.414782538526361488e-01,3.976193685448239368e-01,1.180286552456324273e-01,1.589880237634758720e-01,-3.280808160738950957e-02,-1.398385909058798560e-01,-5.871205103475166109e-02,-1.513862043033738225e-01,2.471038618874875914e-01,3.006233531559264205e-01,5.073851404148845834e-01,3.777319499582814100e-01,4.602671992826349451e-02,8.115386377921347816e-02,1.448912521148627008e-01,1.206807361415479091e-01,3.328960054525961776e-01,2.127179899104132410e-01,4.683970074475501955e-01,3.393426329178204637e-01,4.159363315512255022e-01,2.095513443420197741e-01,3.372498834003446744e-01,1.724422630950707969e-01,1.736779154461517982e-01,2.348666299750569800e-02,1.171492669862592428e-01,-2.863737611879723852e-02,-2.297611670803744732e-01,-2.135421332503352754e-01,-2.308014152769370109e-01,-7.237550159052918985e-02,-1.388178817741824445e-01,-8.396133580735791468e-02,-2.623782606324160382e-01,-1.707107764028097663e-01,-1.416966502519680926e-01,-1.732145416354902157e-01,1.443485112986886074e-02,-9.944143725215051632e-02,-8.664771776477143972e-02,-1.112652557179879681e-01,-2.953851153656473216e-01,-2.906624395792311022e-01,-4.094344860304392070e-02,-2.070903684364039932e-01,-1.640677555377637320e-01,-9.210136124353351939e-02,-2.969831184383772693e-01,-2.876551442735403308e-01,-4.945410239997002910e-02,-7.343660029033848013e-02,-2.893593618341964296e-02,-1.145579443348992837e-01
1.989715212125553467e-01,2.019866441482067176e-01,-5.131535906224096028e-02,-9.463733160792318910e-03,1.376359087773874890e-01,6.109569454917632841e-02,-6.512821341455668489e-02,2.101483350375522863e-01,-1.415148827756357031e-01,-5.040703867141281547e-02,6.756115139445179052e-01,0.000000000000000000e+00,2.510298100942683908e-01,5.726397352919684325e-01,2.432325389091410384e-01,3.524625252728278979e-01,3.805730137906264687e-01,4.055387624927005441e-01,4.420366898089844038e-02,1.280584977294791926e-01,8.483707735682032014e-02,1.288813433870119596e-01,1.359843387941531423e-01,1.198847669130315013e-01,2.249481091123945731e-01,-1.774818845453869295e-02,1.566959293494453453e-01,7.670097127125356795e-02,3.311135927112089372e-01,4.845515804393761283e-01,3.383958631048723797e-02,1.366092254131151540e-01,8.291482021796320323e-02,7.553086845444691166e-02,-8.059858257649112068e-02,1.188376319283178731e-02,2.328567177143001099e-01,1.870989839028046053e-01,-1.157571240069468592e-02,6.384955857638976995e-02,3.143363417409849037e-01,2.761986800582250101e-01,-3.557402596682753826e-01,-3.839830754072286884e-02,8.166640244149158540e-03,-3.112797906105007131e-02,-2.177587646052266124e-01,-2.270414603271760368e-01,-2.691699473548665456e-01,-8.248731776909987157e-02,-5.474447391262173696e-02,1.244610250526620721e-01,-1.384513647887367915e-01,-2.090006184763113506e-01,3.122556325528874632e-02,-2.088547423858978236e-01,3.937779462318426182e-02,6.710171243425720744e-02,-1.035606871107120214e-01,1.459910928227901861e-01,2.670046354078844941e-01,4.032779359049809553e-01,4.161211589973319303e-01,6.042613598427107879e-01,6.624750755253086196e-03,2.308392877942377075e-01,-6.954307132823310533e-02,3.203655345881561284e-02,-9.112516848239961970e-03,-8.895586700784008372e-02,3.599715287976276712e-02,3.643608978210861882e-02,1.772437218976958828e-01,3.493488169686267963e-01,-1.266262980240437097e-01,7.102396418014740587e-02,-1.435387107338023660e-01,-2.538258503784604839e-02,2.827429662800733934e-01,3.180729115348335800e-01,5.067881013241298804e-01,4.477765480718777225e-01,3.692730152410964584e-01,2.816249849873216915e-01,3.820445553894171731e-01,3.933435572264750157e-01,1.859111378344873999e-01,1.654145209961176977e-01,8.981125975198919753e-02,4.374476680724795341e-02,-4.328109422402517947e-01,-4.447278824935327890e-01,-3.140935387668016276e-01,-2.856927648615168458e-01,-1.907299359194513377e-01,1.871618423661350686e-02,-2.187711132332464115e-01,-1.755238337789130076e-01,-3.070439900402094358e-01,-4.396571457626354817e-01,-1.770983359331335660e-01,-4.026113663608718030e-01,-1.963724907687081078e-01,-3.016500548478692201e-01,-1.117910419554004192e-01,-1.267863148801861573e-01,-4.115084899955149395e-02,-2.412463112932859144e-01,-1.892151429691563969e-01,-5.892931840159731927e-02,-3.723276116201199581e-01,-2.496813462902683356e-01,-1.860211748273484511e-01,-2.431517446447959974e-01,8.229088344883328521e-02,6.476468158672386843e-02
1.208637813159892660e-01,-2.222020327326408584e-01,5.715403280497539651e-01,3.563527773464220672e-01,-1.770820880151168734e-03,8.364422299042051367e-02,7.948032335775124801e-01,4.813895381420870700e-01,6.225171002390359476e-01,4.146228198841181434e-01,6.446293719149182033e-01,2.510298100942683908e-01,0.000000000000000000e+00,5.437904375424111869e-01,7.081245758942207313e-01,4.835136710129445126e-01,2.603242398955442627e-01,-8.600745476631269093e-02,4.196219195866978113e-01,1.443440768269846075e-01,1.003579777279544061e-01,2.134052511693529386e-01,4.098211441195060423e-01,4.494541675810641013e-01,-2.575926921831604988e-01,7.403049113010337634e-02,-7.059242276106099390e-02,-6.645613224696576837e-02,3.624070981859385809e-01,1.451666293830574106e-01,4.648616225471680630e-01,4.540400089853531829e-01,-7.372391646049743230e-02,-9.876112370817899389e-02,-2.346670428528080735e-02,5.054738517975497503e-02,8.526304065241778474e-02,1.647711868470604774e-02,1.558165929043453246e-01,1.210203388028618238e-01,1.630417879841521422e-01,2.078029488288278825e-01,-3.528477858930559874e-01,-3.342838573431469174e-01,-3.292395444061956833e-01,-4.247597145706992761e-01,-3.602636602964703894e-01,-3.887645172316070985e-01,-1.073345708845330621e-01,-2.071423172148552094e-01,-7.331549068692586046e-02,-1.809552997690740406e-01,-4.432926879909400153e-01,-2.718207602406634282e-01,-7.981472516549297999e-03,-2.929934299702557365e-01,-2.694468095283033549e-01,-4.451668043259646712e-01,-4.491966796231908199e-01,-2.651174808117369719e-01,2.500423091005031240e-01,9.813365661103172488e-02,2.372973667401615250e-01,-1.312944405956373121e-02,3.962507740852464488e-01,3.308968893927540234e-01,-1.887645540819397616e-01,-3.208733128181782690e-01,-2.907293265709381958e-01,-3.048225432458987472e-01,6.045821629820143928e-01,6.837715685051016790e-01,6.194264106186623264e-01,4.175579750499043286e-01,1.141380375919556073e-01,-1.187393568110102493e-01,3.820510033204324585e-01,3.621751473557676126e-01,3.196478589123453312e-02,-7.871560595436188912e-02,1.564443199210762414e-01,-6.348632722983492405e-02,5.354361021929825437e-01,1.473187131569934361e-01,1.805650675307179931e-01,-2.212703964958906699e-01,3.252695731561273673e-01,-2.319086142164705940e-03,-4.695404620899490400e-02,-2.601906276884650704e-01,1.536542137667020747e-01,2.129285307883716782e-01,1.337479888773641934e-01,3.148213220616505881e-01,-3.035546978970807622e-02,-1.978953853747211777e-01,-4.093432713820215896e-01,-2.497780552813219368e-01,6.214920957861982259e-02,7.534089232820552484e-02,4.688473347729609775e-01,3.365494872851962915e-01,3.689341465206606996e-01,3.301256838770360025e-01,-3.806008939055144924e-01,-2.480023435397366305e-01,3.761276353780814569e-02,1.927576802590825755e-01,-6.115447377503335086e-02,-1.981956829883327886e-01,-3.687367790364707854e-01,-5.084877713670499233e-01,9.117036257564929691e-02,1.772683801563416928e-01,-3.956503027657504168e-02,-2.781509859246668048e-01
