0.000000000000000000e+00,3.139347511106848621e-01,1.566755890470293566e-01,-4.685064378240210159e-01,1.265316926136954290e-01,-5.160405017551745327e-02,1.604869056896456037e-01,-6.134533964873987166e-01,-1.913296649403044281e-01,-2.060705777324755433e-02,3.208529897235499750e-01,-4.263207188889902022e-01,7.275552369822189946e-02,-5.565996724769392001e-01,-3.230610773850102757e-01,3.111653434817720498e-01,3.582321916362988246e-01,-1.816083729986679440e-01,3.498114855646684562e-01,4.998189704728697169e-01,1.489981061905901738e-01,-7.641202343862672774e-02,-2.103667752051815720e-01,-4.492894240217077950e-01,-1.231161844759405891e-02,1.281048225237177429e-01,7.729916904740334604e-02,-1.666124511138377534e-02,5.069493460997285261e-01,7.881246296730143319e-02,2.209495477640953942e-01,-7.745741219071095029e-02,2.231291344221012218e-01,-2.266832993224001114e-01,-6.357772757155215337e-02,-1.795384180220331027e-01,-9.343747025548340690e-02,-8.520219246402009616e-02,-2.392495292223820180e-01,1.429418390117950521e-01,3.620898842252816968e-02,2.077200248049817788e-01,-3.459253981454809418e-02,-1.399983390297801222e-01,2.874660513921913352e-01,2.552965248394136744e-01,2.034765763182751208e-01,1.470620068808212166e-01,-3.148666768011086636e-02,1.525531435708311345e-01,-2.480568525193921070e-01,-1.716081101041045387e-01,-3.314178118321119415e-01,2.119782036432465155e-01,-3.645871566203864322e-01,4.300203145238549740e-01,8.643259912712530912e-01,4.604535149991846876e-01,5.052694021016920223e-01,1.548222191366729339e-01,-2.622668152805385233e-02,-2.811490899735190618e-01,3.143031914135187010e-01,-2.198520229110383917e-01,-1.493151038624439542e-01,-2.730528643765700592e-01,1.754617098484409221e-01,2.087684801776481802e-01,5.698803344059767406e-01,5.738651675327215429e-01,1.104750387523629196e-01,9.781196320344850981e-02,1.691292248886156202e-01,7.403950325755107031e-02,-3.154416904951675565e-02,3.926936626361796079e-02,-2.383364926109065862e-01,1.029100750436143935e-01,1.169670862472138931e-02,2.734474703306372101e-01,-1.173524599583330580e-01,2.468561414795893139e-01,-2.933578947829856842e-01,3.748150884947167305e-01,-5.185424516495036329e-01,2.356659383838118349e-01,-2.666803878262985483e-01,4.559031108483598271e-01,-5.940865137097375293e-01,4.004065655211845320e-01,-6.837161848483362947e-01,1.597351209832686414e-01,-6.451106322800697068e-01,1.131236639204368233e-01,-1.365952151899164635e-01,2.437344044085534289e-01,-2.449272534890734321e-01,3.318851430196679275e-01,2.515655482234644968e-01,3.813798767110093690e-01,-6.308789429153106865e-02,6.836800543131087426e-01,-1.086562936622238601e-01,6.559130774544001952e-01,-3.069615872132501755e-01,5.917794381455787622e-01,-1.776076837611085257e-01,3.537949006030541299e-01,-7.737502574477693462e-02,-3.000388282516512906e-01,-1.470576766666744084e-01,-2.273506262022982061e-01,-7.042951268705915924e-02,4.173555406476748414e-02,-4.202372215657383947e-01,-1.099154378377947550e-01
3.139347511106848621e-01,0.000000000000000000e+00,-5.146757909365965444e-01,-1.448725390419139669e-01,1.968707135443210632e-01,-1.272820524482637383e-01,-5.611650939455490317e-01,-5.518118712911619650e-02,2.135610565912881287e-01,-2.833534861261411963e-01,1.953764938466760748e-01,2.709026166272583414e-01,-3.019126747974986147e-01,-4.486515928629535715e-02,7.669518927269296238e-02,-4.655063828344203902e-02,-9.195494470045018076e-02,3.745138097349486328e-01,1.311076859098840863e-01,4.321610982571116866e-01,-1.412835795563351614e-02,-1.288778722027477397e-01,-3.615537617288473449e-01,-3.185658251518719841e-01,-3.976691180865298270e-01,-2.116983616686280989e-01,9.921068055242171502e-02,-8.346693917268070695e-02,9.916419530797963844e-02,2.666158221727231714e-01,-1.544163753426540386e-01,-2.114693381297259034e-01,-1.826553794729645144e-02,1.053047647933676723e-01,-3.894366653745920392e-01,-3.569067241475737395e-01,-2.473329485143863429e-02,-2.884199689752245388e-01,7.415989855389135132e-02,-1.403513566212498676e-01,-3.152085372003119584e-02,-6.371225295919272225e-02,-2.246170685070150025e-02,5.972851787087611608e-02,1.995575437062786506e-01,3.395847349060592268e-01,2.248375193166097519e-01,4.319933403185286652e-02,2.761984983076729017e-01,1.969207439926198566e-01,1.664179004511635585e-01,-1.345425836308603296e-01,1.313311220338890181e-02,-3.227379149354158150e-01,3.350050846854050191e-01,-2.524534671566188715e-01,3.683391106020146855e-01,8.682937734846790656e-01,2.533568582653274448e-01,3.643873153499196382e-01,5.727313473880346617e-02,2.304142253947476238e-01,3.365278878569001875e-01,4.727470594692122496e-01,-1.764854965561876432e-01,-2.797535880430139787e-01,-8.454307132639191091e-02,-1.656493412517015262e-01,4.211968975399121851e-01,1.274593271444563192e-01,8.334359572550684159e-02,-1.078670151213502737e-01,-2.720399526407554780e-01,2.915707653219018480e-01,2.184412908991728852e-01,1.093186653073517922e-01,-1.207406310194230059e-01,-1.155497030845211853e-01,2.612709050110093578e-01,-4.851532146933678624e-01,4.168715615445205414e-01,-1.240112452978273799e-01,4.356084525459508749e-01,-2.752410262110018685e-02,2.125033690844465861e-01,-5.302829658552733472e-01,2.798353104879103825e-01,-1.172925530168015956e-01,2.692975971497680310e-01,-5.051160736385695849e-01,-3.602450347249697149e-02,-4.889544375818246635e-01,6.259866981921216600e-02,-4.096547339509141183e-01,5.209038999982221890e-02,7.425380747614303278e-02,3.116607686762061791e-01,1.903797204434899693e-01,3.834333384172650683e-01,2.453319308613728933e-01,6.210399844262231017e-01,1.714872986333661545e-02,5.276524409944731708e-01,9.923462525860589356e-02,3.446760076967144704e-01,-6.088346497695277387e-02,2.262949062903831798e-01,-7.696940407011595986e-02,-2.189563872499524777e-01,2.642324077406602023e-01,3.186159524670336557e-02,3.116007274540049665e-01,1.072014631196561152e-01,-1.590389826456368727e-01,-1.967521421296428499e-02,-1.358336698442966506e-01
1.566755890470293566e-01,-5.146757909365965444e-01,0.000000000000000000e+00,4.387537959066815096e-01,-3.328774644495852142e-01,-2.405802811170393851e-01,9.141635941544484778e-01,2.081918631337718872e-01,-4.204269391293696256e-01,-1.612612355475641357e-01,1.056870717146176919e-01,-1.350931392729745606e-01,4.821050196704259605e-01,-3.796300115723821172e-02,-4.513190424522013355e-01,-2.683354413652297432e-01,3.954758286385103294e-01,-1.604773196277176350e-01,3.740564013673544075e-01,6.606912112407507809e-02,-4.573220306602867047e-01,-4.269297226988013616e-01,5.372772574583086769e-01,5.293163375980228791e-01,1.973158462181454076e-01,3.067781582523917278e-02,-4.509532441429921490e-01,-3.615173579276019233e-01,3.718569148508913402e-01,-9.487563124257719638e-02,-2.474149948490050877e-02,-3.862102720028381952e-02,7.832996035220710085e-02,-1.890332815713837711e-01,1.163410071274450230e-01,1.373547941703260646e-02,-3.315593425053140475e-01,-1.562715216280619879e-01,-5.108828685761975796e-01,-1.924199667471551134e-01,-3.331348893108739273e-01,-4.575091728961585419e-02,3.882196788341986671e-01,1.111946857267207545e-01,-9.466689582091593336e-02,7.764823123947267591e-02,5.242265072267423415e-02,2.919868768622874144e-01,-7.904975112715030561e-02,-1.016281777226747847e-02,4.256022848703090028e-02,1.268025771817632985e-01,3.358149606741047122e-01,6.597595269969556142e-01,-3.853654561526053679e-01,3.680185604288715995e-01,1.449438287971590300e-01,-5.280077753373814131e-01,-4.323332790288352823e-01,-7.710447649529211800e-01,-1.105538249871048928e-01,-4.828292989364184051e-01,-1.286754481470844640e-02,-2.857551756568187940e-01,-1.988625710157447546e-01,-2.162387523624876851e-01,-2.584932417295384144e-01,-2.181223845064277911e-01,-2.402030119449060086e-01,-4.744415459702672200e-02,-4.149909569554991462e-01,-2.284392434085507628e-01,1.352280684487801032e-01,-1.591385196103605182e-01,-3.353095502681880946e-01,-1.689739318295765402e-01,-3.003104006345249655e-01,-2.284013937453039933e-01,-1.379697742742650168e-01,4.485781289063971444e-01,-1.467554178164743595e-01,2.481392701989855731e-01,-5.874047700892751633e-01,-2.654755156839566088e-01,-3.290573153819357777e-01,5.913035570292346499e-01,-6.928087490301330087e-01,-2.017327199262521076e-01,-3.607833967961097121e-01,5.046734621607923410e-01,-4.915442507858334975e-02,5.201550689590562770e-01,1.408873899187213820e-02,6.664666129242863279e-01,-3.883938889563059993e-01,9.421982609988864554e-02,-4.640197989474446616e-01,-3.743553059958997231e-01,-2.618515949151167810e-01,-3.727316099804466876e-01,-5.949594020021143903e-01,1.200986983511200951e-01,-6.858815132246851576e-01,-5.686557865677070722e-02,-5.989172224588915627e-01,2.630491254708827806e-03,-5.320777627511918961e-01,-2.166967783422938110e-01,-2.757500574604907027e-03,-4.052092769799137129e-01,-1.393645764650301710e-01,-1.440892914349676535e-01,-1.560404705008741622e-01,1.548883770634255641e-01,-1.767920448125952781e-01,-1.165665767333386726e-01
-4.685064378240210159e-01,-1.448725390419139669e-01,4.387537959066815096e-01,0.000000000000000000e+00,-4.432291065809183528e-01,-5.430913169010098684e-02,3.372980704728453238e-01,9.020698030391736122e-01,-1.763048886355234601e-01,-3.154543995561458480e-01,-7.478854812228090398e-03,4.101447711678380403e-01,2.178513337905481351e-02,5.379428907835084317e-01,-2.874222620140504114e-01,-6.042857572851461079e-01,-4.310558208373163613e-02,2.485896535101815574e-01,2.288738788449629635e-01,-2.284524196739578517e-01,-6.575142140943261992e-01,-4.057800062436960897e-01,2.722639440037757930e-01,7.374302127322756029e-01,-1.734475516220974622e-01,-1.571977759375265404e-01,-3.541640888887866434e-01,-2.189183097040033332e-01,-9.509227876185681605e-03,-6.486888296311152380e-02,-5.118211143587825251e-01,-3.285810922433958503e-02,-2.608060147452615496e-01,5.802735703705787923e-02,-3.359230040501103298e-01,-1.736672973329063674e-01,-2.016684868017334653e-01,-2.479186588454487250e-01,-1.801639886076600860e-01,-3.374849305203957983e-01,-4.158940520843368849e-01,-3.206284714680476267e-01,3.380268237909453410e-01,1.114923052155904065e-01,-1.297462749409435123e-01,1.416894864672763321e-01,8.504571143450370685e-02,1.843622063907865427e-01,3.353129991943330501e-01,1.469184851728900787e-01,6.219904622113369141e-01,2.975699629165767801e-01,6.463814120175952471e-01,2.954060126301311096e-01,3.470082113715298178e-01,-7.341820165189630321e-02,-3.523208208169926192e-01,-3.180418793774708597e-01,-7.211236658730009186e-01,-5.841356492372534737e-01,-1.033474155223376850e-01,-2.620406981244700201e-02,-2.607095135287709198e-01,2.179937539279487024e-01,-4.965562446715343081e-01,-2.460534874121012849e-01,-5.483296134551759460e-01,-4.355193651341200400e-01,-5.327917097032026650e-01,-4.853920163814897659e-01,-6.176413634146893372e-01,-5.614973930350769526e-01,-2.683848334130556346e-01,-1.206247188469003473e-01,-2.978527953533017802e-01,-7.993630447909452763e-02,-3.032049344432056204e-01,-4.286705946405275913e-01,-1.830675532304907802e-02,-2.705748471552124612e-01,2.185539023474316611e-01,-2.923008575587143776e-01,-3.391677645963168952e-02,-5.657633805369849389e-01,1.544523660620140959e-01,-8.525511671232070821e-02,-3.119266580781654419e-01,-7.821111930500297404e-01,4.346914625324789783e-01,-2.430462901146994426e-01,5.416995415431453686e-01,-1.056998680151517295e-01,6.808091354362971748e-01,2.429501515966874525e-01,-2.278835693890264025e-01,-3.011297438439978352e-02,-1.132392879328627949e-01,-5.614593334837821859e-01,-3.372466679424070968e-01,-6.841944616165347437e-01,-2.945748143142429831e-01,-5.543721487265157455e-01,-3.640926041495636811e-01,-6.710454160103378474e-01,-4.296176729353844148e-02,-6.222124773040114132e-01,-2.274397420989513752e-01,-6.592278812433738366e-01,-4.693921199096678931e-02,6.320706562604783141e-02,-2.653888648203016950e-03,3.342169892096952255e-01,1.640229919883194887e-01,6.256420207859091087e-02,2.066070591807241119e-01,-3.546439894686590488e-01
1.265316926136954290e-01,1.968707135443210632e-01,-3.328774644495852142e-01,-4.432291065809183528e-01,0.000000000000000000e+00,4.414136586190572364e-01,-3.955369686407804730e-01,-4.576745814216061636e-01,7.418333184982239814e-01,3.929282308706263382e-01,5.488129843879241410e-02,-1.087263883446421969e-01,4.134752645380194991e-02,-1.829227075964809102e-01,4.847447118768410945e-01,3.307161378242605143e-01,-9.987377400868327482e-02,-1.219919352854760830e-01,-7.829476674424092064e-02,2.223650076431167300e-01,3.341025981835014647e-01,3.333744891264887045e-01,-2.357374621944416382e-01,-2.995253561855960034e-01,3.245123341769455827e-01,5.064787209555255965e-01,6.326677836208515204e-01,4.948885481187826896e-01,-8.475179700646853775e-02,1.467396188373410772e-02,3.980434381951691858e-01,-2.648743391746880005e-02,2.510574902676965259e-01,-1.398537060120443390e-02,2.105674689284666723e-01,6.793249828879768804e-02,8.061914340200433682e-02,6.806554883071201656e-02,2.139279739448863848e-01,1.070736531422003951e-01,1.855770283493533013e-01,1.263478952472626982e-01,-1.510458261097179233e-01,-7.249545597316779666e-02,1.371984012295483779e-02,-7.796490250992028914e-02,-1.578645083312965880e-01,-1.068918929181094657e-01,-6.703869241295373760e-02,1.413757323199325670e-02,-2.006678913573346767e-01,-8.064384013661089756e-02,-2.972971316857721535e-01,-3.526225797875101042e-01,-2.876532521024818129e-02,-2.716753958404522495e-01,1.764383467303533015e-01,2.688139550256927190e-01,3.579090070059525175e-01,3.126223986350233908e-01,-6.856415630458211063e-02,-1.038902224549343861e-01,-2.817485586294390942e-02,-7.378360632724027812e-02,3.402891460441928584e-01,5.847120318145502399e-02,3.525787532832816984e-01,2.003528986598804296e-01,3.702465827965914502e-01,3.112620537687278421e-01,5.458999482895512401e-01,3.944172308421057815e-01,1.147826014789579858e-02,1.453782439030760487e-01,2.190194066898416558e-01,-2.543780926647658952e-02,2.310466428926543636e-01,4.246092652204535439e-02,4.489932025800650456e-02,3.744064340201667257e-02,2.847232990319950585e-02,-2.338017686053010368e-03,2.085545427892769588e-01,2.004153190568382786e-02,1.618390182576483483e-01,-2.005547192847071669e-01,4.066762710034558803e-01,3.359059225764520762e-01,2.747060419369143358e-02,-1.766068287677382831e-01,-1.944412950467457879e-01,-1.137740000033358873e-01,-2.803321910320209498e-01,-3.089584393815902330e-01,2.621233353830359353e-02,-1.977635299913911848e-01,1.432587069921605616e-01,1.427270593268478438e-01,-3.062128582614823125e-02,2.340465679693952972e-01,3.445417362154312713e-01,1.211106573479328874e-01,3.720985634603355963e-01,2.896648177411515479e-01,2.003511631104319679e-01,2.022075218425154475e-01,2.223843424194605900e-01,8.042036492297187367e-02,-3.275948164861360035e-02,-1.357857743041215523e-02,-5.870041024234916999e-02,-3.569261121511390078e-01,-7.229670662640914902e-02,2.485375285197956308e-02,3.456047549726757456e-02,1.929429931161807665e-01
-5.160405017551745327e-02,-1.272820524482637383e-01,-2.405802811170393851e-01,-5.430913169010098684e-02,4.414136586190572364e-01,0.000000000000000000e+00,-2.609595710587801487e-01,-1.087595747293977205e-01,4.595653972578016555e-01,6.707137906123167292e-01,1.056411060124390205e-01,-1.293129817473910315e-01,-2.645461729793452954e-01,6.299109774991097643e-02,1.587919408521450138e-01,3.986021468826717040e-01,-3.784617814337618014e-01,-4.500075402440385508e-01,-2.095934280629269397e-01,-2.615832132815996136e-01,1.912785338996576823e-01,3.502082216940787807e-01,-4.818525555327342613e-01,-1.655123809843404292e-01,-1.268925844984964031e-02,3.732269937720948394e-01,7.195620612078469369e-01,7.415955884856869629e-01,-1.697146447734366459e-01,-3.117484879270100984e-01,-2.714117575059070940e-03,1.523569359464435891e-01,-3.218713390731385293e-01,-4.249760479433248306e-01,-1.707101291472853388e-01,-2.840439115863074848e-01,1.002107536441312202e-01,7.474136183058607830e-02,1.821584498706068644e-01,2.812456541163121382e-01,2.471777045781523297e-01,9.204504119755296809e-02,-2.878199076236142573e-01,-3.683092593336861897e-01,1.010487126802236402e-01,-5.278313145386651778e-02,-2.565462772845513162e-01,-1.036732438125928107e-01,2.459530260527740819e-01,1.925914560379969054e-01,2.020477696956456959e-01,1.473002267590453052e-01,-2.550827551046825903e-01,-1.134140265038241918e-01,2.128186778329923812e-01,1.490143394209050565e-01,-3.124187415159818473e-02,-7.379620758731434381e-03,1.709739890120534900e-01,2.314108843771132407e-01,-1.263386913900459430e-01,-1.238990164918272879e-01,-3.687356484588627525e-01,-1.427920041375944082e-01,-9.453202034318991531e-02,-2.015219558910768816e-01,-2.797553682372671754e-02,2.297500711545032506e-02,-1.756130602085086492e-02,9.499919238136289579e-02,1.518698694657166226e-01,1.198069918095994724e-01,-1.445227299491578798e-01,-4.032791060490383273e-01,-1.603390512335898521e-01,3.163568991058125779e-02,-1.146286789522186905e-01,-1.384550055706620653e-01,-3.970486308915364693e-01,4.945065969052282046e-02,-1.904496758636355924e-01,-1.742963421387827005e-01,1.222567043995821251e-01,2.474143218730906202e-01,-1.425817649315843511e-02,-7.107282443256027205e-02,2.720238613110196324e-01,2.734515141776684977e-01,7.973438867229884486e-02,-7.440649482098589396e-02,-7.789362346654791006e-03,-4.154782184103762710e-02,-9.899743296044614949e-02,-8.672702043269224503e-02,-9.115066617792049733e-04,-3.592387346536516507e-02,-8.248351109740242881e-02,9.205209216967725691e-03,-2.447554137877455127e-01,2.634187532207025659e-02,-1.751115918124579174e-01,-6.810793002022821896e-02,-1.278313135321708371e-01,-4.375592359658820457e-02,6.962115304904943625e-02,9.589945946689316936e-02,1.951732494588561684e-01,-4.992370462127524583e-02,8.219786030003672916e-02,-4.376791531875488805e-02,-1.119817810730710378e-01,-3.202364868390928376e-01,3.429329448621599302e-02,1.287009669646102805e-01,3.159611445381240169e-01,-3.152568920018630066e-02
1.604869056896456037e-01,-5.611650939455490317e-01,9.141635941544484778e-01,3.372980704728453238e-01,-3.955369686407804730e-01,-2.609595710587801487e-01,0.000000000000000000e+00,1.437992109266051921e-01,-4.378088668182278931e-01,-7.143479083174389399e-02,1.848841972739771189e-01,-1.284005992047775602e-01,5.762349142585199147e-01,-1.188570873504973535e-01,-4.636185447134454907e-01,-1.577960353997037157e-01,4.819241780098557637e-01,-2.217935129868933986e-01,3.227583624779850613e-01,-2.245213092150530332e-02,-4.255075538350446829e-01,-3.942784024014198141e-01,5.644079775486559036e-01,4.211831041173301204e-01,1.415775282157522574e-01,-3.118730452438577688e-02,-4.962925551978524252e-01,-3.996472909269809803e-01,3.674060978122910548e-01,-9.555769053298994453e-02,4.423037579891299365e-02,6.834503013674934901e-02,9.135358248465035025e-02,-1.164500296542198277e-01,1.667422093238122016e-01,2.291326143801928478e-02,-3.341166398811715732e-01,-1.313404677838126144e-01,-5.360063938489318947e-01,-1.408924626340665454e-01,-2.005904028607031209e-01,5.069117064009833612e-03,3.031499728705573382e-01,9.511261883929174321e-02,-2.265396335246794013e-01,6.413661579433778924e-03,-9.032970112740592444e-03,2.036816366205521089e-01,-1.828795392823681087e-01,-9.538655427029789358e-02,-6.713914363988675305e-02,6.293309393154528086e-02,1.681883611273715939e-01,6.193931465121715885e-01,-5.174527540569312523e-01,3.751227844746524709e-01,1.414957919748236204e-01,-6.093137405440927079e-01,-3.126883882079833921e-01,-7.086647964486071372e-01,2.573592309962108304e-02,-3.472816797898057306e-01,1.283280797182763944e-01,-2.042184016300196692e-01,-1.318871003313243362e-01,-1.471834560536819381e-01,-2.671616288262468331e-01,-2.225708251034311802e-01,-2.949354384490674996e-01,-1.396972901466008721e-01,-3.454242727078755681e-01,-2.018979149578789545e-01,1.472098774204195215e-01,-1.636899484369918889e-01,-3.427809817835284489e-01,-1.235085061717794697e-01,-2.321025025393499974e-01,-1.654234644365027151e-01,-9.144929241311208767e-02,4.832749944381983798e-01,-2.642296007772602096e-01,2.246743765152411365e-01,-6.601938843201194951e-01,-1.290772053971241395e-01,-3.748179675197232386e-01,6.650359223113455620e-01,-7.319493932804966851e-01,-1.349681134117867998e-01,-4.626431804817583426e-01,5.943024479827391238e-01,-3.546079541116672895e-02,6.375321450194436634e-01,-2.455395649248296591e-02,7.260332527583539530e-01,-2.897112143110483484e-01,8.566388394159192565e-02,-5.290361759953967624e-01,-3.315656957038878305e-01,-1.468525835706695759e-01,-2.599671930645708895e-01,-5.795006291700626200e-01,1.872680905679258712e-01,-6.496558232412742440e-01,3.538104861981424681e-02,-6.079436295142559565e-01,1.006807181744411167e-01,-5.240360716753692527e-01,-3.610826451935680165e-02,-8.307670160757561761e-02,-3.785068905506789871e-01,-8.865101774492906150e-02,-1.435056338863499037e-01,-1.816451633414903621e-01,1.424729194586880909e-01,-1.333820838631968042e-01,-1.049458471548339600e-01
-6.134533964873987166e-01,-5.518118712911619650e-02,2.081918631337718872e-01,9.020698030391736122e-01,-4.576745814216061636e-01,-1.087595747293977205e-01,1.437992109266051921e-01,0.000000000000000000e+00,-1.495012356474659798e-01,-2.812399150904916212e-01,4.137590805540589112e-02,5.967216824698500233e-01,1.426606197618405895e-02,6.578475818896062366e-01,-1.482203286419755961e-01,-5.427827561022867675e-01,-2.111404184339831513e-01,3.825620069339376039e-01,9.900023714330330460e-02,-3.366510192733764839e-01,-5.484306472209046213e-01,-2.610673859209076131e-01,2.007177587724803258e-01,6.541010078557922824e-01,-2.948788318200973868e-01,-3.245350566163885397e-01,-3.625079345089494698e-01,-2.504253004460386678e-01,-1.485435342781909196e-01,4.947242254151960027e-03,-5.323958306449848576e-01,-5.723703751058897837e-02,-3.668474762183512317e-01,1.371710128058548361e-01,-3.821574096846127588e-01,-2.298108241243873862e-01,-9.132642842440343023e-02,-1.625037906917014552e-01,1.613981214788610605e-02,-2.927222616195560012e-01,-2.796137516475016294e-01,-2.788929199481035570e-01,2.132747934894431707e-01,7.752236873147418106e-02,-2.932141290300671055e-01,-5.633848294224227254e-02,1.248099650643901513e-02,-2.187184256774477118e-03,2.313566445092458956e-01,-1.205693257590075181e-02,5.721226824260952082e-01,1.675567024297250351e-01,6.401067626917363862e-01,8.199242078637100639e-02,4.521308685195419286e-01,-2.768568392021653612e-01,-5.698785917636149945e-01,-2.602109158509089415e-01,-7.114934113424224993e-01,-4.571349231251206069e-01,6.522825872578835726e-02,2.450995565037580870e-01,-1.583397223970682000e-01,4.101519038890851787e-01,-4.115231500739264248e-01,-1.601474783260179169e-01,-6.097480717664978123e-01,-5.044279037571509638e-01,-5.730034343016275900e-01,-5.980137430016277955e-01,-5.539390153724285115e-01,-4.685709012136839990e-01,-3.589295710418506369e-01,-1.397105330462330153e-01,-1.426395941491521713e-01,-1.419501128928221112e-01,-1.873147570664436823e-01,-3.952535247097466731e-01,4.931146413220516278e-02,-4.141585057765177491e-01,2.578409603321701327e-01,-3.249158509541493212e-01,1.299819091009933592e-01,-4.643254391761970634e-01,3.356669393585858807e-01,-2.853012366333257388e-01,-1.008795040403695775e-01,-7.478314589238221899e-01,6.204915134884815275e-01,-4.036463698466764560e-01,7.272888925816329841e-01,-1.731981403805472608e-01,8.091282325772074513e-01,9.116462669594396773e-02,-1.471074512451555349e-01,-1.265481803655020276e-01,1.239674164326218936e-01,-4.671290649206477630e-01,-1.883604641613768615e-01,-5.744875625960305099e-01,-1.281311216545046316e-01,-6.546723678349961606e-01,-1.736675788504889184e-01,-7.538444849098105971e-01,1.587557394643769604e-01,-7.228034802833565031e-01,1.346111527719049544e-02,-5.698487187601063431e-01,-1.045388301555452704e-01,1.565276467481604983e-01,4.677675924046472561e-02,4.293617838509011242e-01,6.950791778985263014e-02,-1.077987337383420341e-01,2.067282387698205215e-01,-1.765986438521080226e-01
-1.913296649403044281e-01,2.135610565912881287e-01,-4.204269391293696256e-01,-1.763048886355234601e-01,7.418333184982239814e-01,4.595653972578016555e-01,-4.378088668182278931e-01,-1.495012356474659798e-01,0.000000000000000000e+00,4.253008793277612276e-01,1.246521618181053309e-01,2.665454555459554342e-01,9.263949828490497529e-02,-3.075743143368483978e-02,6.326593922248781032e-01,6.416466736561486639e-02,-1.208146454486683230e-01,-1.904206602805482915e-02,-1.765711242820406160e-02,8.898342976465242748e-02,-1.105745963807024633e-03,1.688258903917568277e-01,-2.607191133307500963e-01,-1.661718939039770748e-01,2.482933061700468361e-02,2.763789581234085135e-01,5.490034253735659453e-01,4.067908116263445617e-01,-2.208930830551716351e-01,1.044451192911840104e-01,6.979021740598359558e-02,-1.184595347737554261e-01,-6.418039981041950837e-02,-6.787178404173256629e-02,-6.725848826416669368e-02,-1.981795186639124795e-01,-8.401454851622165709e-02,-2.299736371046161021e-01,8.213282490929400825e-02,-9.490750906537592790e-02,3.161111408730623434e-02,-7.212676508521508045e-02,-5.840639450955414924e-02,1.946685875164153035e-02,4.592762610464799777e-02,1.123589586544966462e-01,-1.022207606649293138e-01,-4.792464972641569121e-02,2.899081965604736189e-01,1.573097238719616542e-01,1.021449009305052391e-01,1.506720437960798464e-01,-1.219728566413066234e-01,-3.483848733675587450e-01,2.724050360705390639e-01,-3.148323031319516518e-01,-8.172726683796363578e-02,1.980504705535877374e-01,7.109208404762187850e-02,1.452022085736107693e-01,-1.484069368892052820e-01,-4.445417533794832066e-02,3.220334604032495246e-02,2.110907061679348218e-01,1.834719315983555921e-01,-1.274617280133752140e-01,2.425514666028621980e-02,-2.207177424226869078e-01,9.362123307339000056e-02,-3.867720181074417451e-02,4.390022589269839126e-01,1.636388536172929953e-01,-2.670109858967207872e-01,1.483309795205472459e-01,3.313794527235872645e-01,2.564388741910551828e-02,1.745851821008363169e-01,-2.304982872688713103e-01,9.413083355042879685e-02,-2.531129886478573066e-01,3.287356122971601402e-01,-7.009009242500059689e-02,4.382934044710036225e-01,-1.803935477002328591e-01,4.120358836221321708e-01,-2.834184598211213491e-01,4.319102077726216793e-01,3.435305821624072553e-02,2.987616390038990155e-01,-4.228798447600197186e-01,2.285327214101137150e-01,-8.067449903833130709e-02,1.265991917478470064e-01,-2.434609431032934701e-01,1.702052301803499978e-01,-1.917900473021769137e-01,8.649895882489785914e-02,-1.150405725708275317e-01,-8.634079476824875476e-02,9.826241851604682054e-02,3.618849035319667284e-01,-2.558846454327013964e-01,3.306444785908757567e-01,-1.035682028813768862e-01,1.216007490064283381e-01,-1.690771158778953120e-01,1.131123893847297557e-01,-2.667824673098694865e-01,-1.259965780027532678e-01,1.704550039484722113e-01,1.034659417315983432e-01,-2.158377888244958631e-01,-5.471365678214971766e-03,1.664571797104353046e-01,3.724987192883008058e-01,8.324509611075385507e-03
-2.060705777324755433e-02,-2.833534861261411963e-01,-1.612612355475641357e-01,-3.154543995561458480e-01,3.929282308706263382e-01,6.707137906123167292e-01,-7.143479083174389399e-02,-2.812399150904916212e-01,4.253008793277612276e-01,0.000000000000000000e+00,1.509691610133504225e-01,-2.228484518363406108e-01,1.250988693310017275e-01,-7.665052904488052488e-02,3.983301496284956666e-01,6.279590228952762754e-01,-1.765702490807091740e-01,-4.898072089130835471e-01,-1.551022136232313997e-01,-1.604581424832037806e-01,3.280888553530454388e-01,3.527746477497474276e-01,-2.381528233269842032e-01,-3.240203657491950717e-01,1.071109767615431758e-02,1.594868489304266945e-01,4.673858223343063112e-01,4.575537547875404010e-01,-6.889207102277070116e-02,-1.594075689559385500e-01,2.433050386230029560e-01,1.628538021794720125e-01,-8.047495636769963490e-02,-2.647360288877774193e-01,1.143388074881159233e-01,-1.366975380301806431e-01,-3.302261910475107198e-02,2.823558679984822795e-01,1.041217387582086262e-01,3.424403927171444373e-01,3.092732678306494565e-01,2.337163852997737601e-01,-4.122402792225382528e-01,-3.756610713301202775e-01,-2.525706030997312834e-01,-3.091636909644313591e-01,-3.876881272180355276e-01,-3.111424132605958293e-01,-1.794547040897091494e-01,-1.462541153022062779e-01,-2.281161440198782864e-01,-5.845631445589494907e-02,-4.155244401800005094e-01,-1.661341575432320472e-01,-1.384431859651239494e-01,7.555605395668277269e-02,-1.422527494093843992e-01,-1.774156229273219088e-01,2.405423128264296551e-01,2.222226448189347225e-01,5.157323285458013246e-02,1.006579655474551527e-01,-9.591203875883674845e-02,-7.390851367878428823e-04,1.872508356939752705e-01,1.084987242005947677e-01,-2.682221724811395536e-02,9.230301900436860274e-03,1.439369858824051350e-02,2.107223347311201755e-01,3.494029647754358092e-01,3.661028122710675570e-01,1.622713426792275759e-01,-1.542593751213404696e-01,9.256571694906778891e-02,7.097971959322288416e-02,4.438428722088460371e-02,4.829023394063056834e-02,-2.425933249370145484e-01,3.631569267030844150e-01,-2.744982350729681109e-01,1.302087986009845821e-01,1.179152272008070074e-01,3.994481944212785463e-01,-6.026691301769859788e-02,2.244022405513406426e-01,2.434362572297079363e-01,4.840719306726221083e-01,-2.087199080471968116e-01,1.706171014334485203e-01,4.347092604383177850e-02,3.478969234925493037e-01,-1.903708322358154958e-01,7.451337039963042141e-02,1.828578370723967506e-01,6.760290290619525022e-02,-8.463163470672532829e-02,1.765959255195266309e-01,8.053197394690177202e-02,4.099360280954871261e-01,-1.141198143551615252e-01,2.559706515096575874e-01,-4.862230231855294016e-02,2.276267170675052853e-01,-4.478587147296311105e-02,3.203455318821140096e-01,1.588560798193281165e-01,2.688261694604254237e-01,2.422190672456545069e-02,-1.666769489007093041e-01,1.087599153924456588e-03,-2.977932528005967638e-01,-1.280394161312490842e-01,2.387970045780202499e-01,2.219119253692505012e-01,8.102588254784863497e-02
3.208529897235499750e-01,1.953764938466760748e-01,1.056870717146176919e-01,-7.478854812228090398e-03,5.488129843879241410e-02,1.056411060124390205e-01,1.848841972739771189e-01,4.137590805540589112e-02,1.246521618181053309e-01,1.509691610133504225e-01,0.000000000000000000e+00,1.540844698119654410e-01,2.511581981873645120e-01,-1.262071081501978664e-01,-2.712134261298212445e-01,-2.543743974931015478e-02,1.706223623916565679e-01,9.258113297178476378e-03,3.916218593950568927e-01,8.067969591473208441e-03,-1.093552570324533568e-01,-2.514627926722100559e-01,-1.370891198420401969e-01,-1.631815731261515023e-01,-3.988267630408332542e-01,-2.190095408819543177e-01,1.037334964891165473e-01,-5.925693549855281378e-02,4.061982364325716910e-01,-1.173636897685021302e-01,-1.521480019979484510e-01,-1.999934066026399504e-01,-3.827009887897774298e-01,-4.945240420496542777e-01,-4.159376942808851729e-01,-5.771789893728226373e-01,-1.139373673835352568e-01,-1.518661843142654899e-01,-8.304822080004324591e-02,-6.528186846778630259e-02,-3.213931744907109339e-02,1.410705033010980769e-01,-3.448981688708022825e-02,-1.466364723266283809e-01,-1.399728386338041641e-01,7.434546550738169168e-02,-1.176646197440278097e-01,8.748835264323917300e-04,1.936361060726132233e-01,2.394459397625521013e-01,2.386757922888182448e-01,1.378479997601294027e-01,6.959524184619345077e-02,1.123918395502599143e-01,4.487958132001255290e-02,2.416979035417567701e-01,2.966270214340853140e-01,2.347289290036154163e-01,4.054295874303263242e-02,-8.213330172311550381e-02,8.616514409196966706e-02,-6.706256674735182333e-02,4.475874727965778455e-01,1.229975009616250531e-01,-3.069272740056784299e-01,-4.950056961987373549e-01,-3.954823986473352537e-01,-3.911211051674072792e-01,-2.155668755924574492e-02,-4.335190332746757108e-02,-6.652859938634891890e-02,-2.274503892568555952e-01,-3.194862762526770594e-01,-2.573085561049696657e-01,1.069059003312684830e-01,2.150159379771189594e-01,-1.122309329729375832e-01,-2.092385388228027165e-01,2.568673725512754524e-01,-1.225580695733809455e-01,1.879445149013312388e-01,-1.198878559679449896e-01,-4.804592173651085762e-02,-9.879248560442763574e-03,-8.414999054590724392e-02,-6.384115288604447214e-02,-1.782133178673652729e-01,1.016492637162458579e-01,-5.381132038861585754e-02,4.674059674633423284e-02,1.812193650042119852e-01,3.598941605004262745e-01,1.676639599277927606e-01,3.456611110165787593e-01,-3.310099187224475187e-02,4.486311476566606088e-02,-6.859511549133247288e-02,-1.038860783177107394e-01,3.523878520260836367e-01,7.818383612197660204e-02,-3.708800880742268297e-02,1.701986782639670209e-02,-2.331984176871582937e-01,5.201006840228490288e-03,-1.509534258029714415e-01,6.882404853194218353e-02,-4.945883156976907391e-02,4.401033272131060770e-02,-2.240858375491100174e-01,-8.335682424005737279e-02,3.314417067726978250e-02,-1.417962908743299229e-02,-1.756688430316901139e-01,2.957045856942940379e-02,5.778989015586315919e-02,-4.325109237310720929e-04
-4.263207188889902022e-01,2.709026166272583414e-01,-1.350931392729745606e-01,4.101447711678380403e-01,-1.087263883446421969e-01,-1.293129817473910315e-01,-1.284005992047775602e-01,5.967216824698500233e-01,2.665454555459554342e-01,-2.228484518363406108e-01,1.540844698119654410e-01,0.000000000000000000e+00,3.490418356997424475e-04,4.606464010218441207e-01,4.371384642446786428e-02,-4.695728406364087504e-01,-1.387887545358139629e-01,4.560871391261453467e-01,-3.689301233721505729e-02,-1.810603426653547010e-01,-5.086373983738130544e-01,-2.318023863785926009e-01,-4.767566517319902358e-02,3.141970759923585210e-01,-4.726451633480348580e-01,-3.304725613048311583e-01,-2.046192155233960142e-01,-3.026735612619109728e-01,-1.628251232460915798e-01,2.676671601593801908e-01,-4.419080763965344549e-01,-2.309169379471932015e-01,-4.028777492518735293e-01,6.804976728628524263e-02,-4.488124023532062412e-01,-4.022161862388562437e-01,-2.091655670646578036e-01,-3.434720760860207056e-01,-2.001568380395943661e-02,-1.654455146446180414e-01,-1.626663949373047813e-01,-2.657421058109659673e-01,2.939983651378556551e-01,3.038296926790372554e-01,-2.894632031238534298e-01,8.698764296381714112e-02,1.011523212461826055e-01,1.026345135666546504e-01,2.918195754630582006e-01,1.171117967426751338e-01,4.974066513842874127e-01,2.636460367848570407e-01,4.090962964586481454e-01,-4.439879519970558325e-02,4.907306209176052203e-01,-3.021103909555156175e-01,-2.659227065480577745e-01,5.056128124927027762e-02,-4.551652400921165631e-01,-2.812482730602320347e-01,-2.328239531437946083e-02,8.030699870809990260e-02,1.321431326918828808e-01,5.593942152736887108e-01,-3.256293616433445504e-01,-3.768640645116966836e-01,-5.790656439447454673e-01,-6.084212399846740116e-01,-4.267977179880027561e-01,-6.615206650450589088e-01,-2.560889190674713323e-01,-2.744455979686782343e-01,-4.740517403436637633e-01,3.189046227176706768e-04,1.968794281436871407e-01,-1.513393272459112870e-01,-1.022560174311101105e-01,-5.119408915800964799e-01,1.360740088496820155e-01,-5.040497321269586939e-01,4.238581380443544600e-01,-1.101452852396234000e-01,2.515913975506940403e-01,-3.797088351957003671e-01,4.081541101737084509e-01,-3.374374339634506059e-01,7.739222842279031012e-02,-5.704362236326400160e-01,5.132728410221892856e-01,-4.510860785025946340e-01,6.053782957045646951e-01,-1.123841178956779818e-01,6.310461795365778226e-01,-1.926810079229341818e-02,-1.231520059334421761e-02,-1.630462944314812757e-01,2.176931999524258365e-01,-2.726445798078461769e-01,3.341703563959621398e-02,-2.730470330239187504e-01,2.325980072619012462e-01,-5.276292944579505928e-01,1.680574125652902484e-01,-5.356414742440307464e-01,1.345995253112007295e-01,-5.877730720235242456e-01,-3.228225611613288332e-02,-5.126309704930024358e-01,-1.933348663894632058e-01,3.179729080571986888e-01,2.510047797836832406e-01,3.297578173549368108e-01,-1.111996296481772561e-01,-1.103296625733486552e-01,3.891942039154988042e-01,-1.068149927205223060e-01
7.275552369822189946e-02,-3.019126747974986147e-01,4.821050196704259605e-01,2.178513337905481351e-02,4.134752645380194991e-02,-2.645461729793452954e-01,5.762349142585199147e-01,1.426606197618405895e-02,9.263949828490497529e-02,1.250988693310017275e-01,2.511581981873645120e-01,3.490418356997424475e-04,0.000000000000000000e+00,-1.253119395332476516e-01,1.534122522572981817e-01,-6.317377793402814690e-02,5.091754581707595984e-01,3.192178959029057933e-02,3.206638022908726016e-01,1.229208583846390090e-01,-1.770610882118798524e-01,-1.269756261229286198e-01,4.615581371187548188e-01,1.810784397504648369e-01,2.228251218509894049e-01,4.925886195981142579e-02,-2.791742256219618135e-01,-2.691677744186996568e-01,2.252311826760643176e-01,3.002765150421738971e-01,2.244238293228489056e-01,-1.016140502725067923e-01,1.932706077256959865e-01,6.678919404176239527e-02,1.619458313536833727e-01,1.531623536752277142e-03,-2.690751854338379601e-01,-1.401795417109953090e-01,-3.538058922262986017e-01,-2.139088776894105259e-01,-5.907713482980296582e-02,9.871808086548511385e-02,2.058660415644088804e-01,1.813705986638289858e-01,-3.126987128840243435e-01,-8.007859761220310901e-02,4.157153948288806050e-02,1.586092756086661740e-02,-2.195315719591995895e-01,-2.220196507318142332e-01,-2.517418452777302473e-01,-7.282004592007888799e-02,1.428317639574590847e-01,2.111950840913380256e-01,-3.995739306741682983e-01,-3.592217347302416319e-02,-5.754971958671330906e-02,-4.042668377963888893e-01,-2.545646035568829291e-01,-5.076944935386452640e-01,8.710171411092920701e-02,-6.641218796259815149e-02,4.478954518933175866e-01,1.233185453098970819e-01,1.584251735461998378e-01,3.438821226656908758e-02,-2.043714885332365006e-01,-3.115364048684098885e-01,-1.199845532073886695e-01,-1.148126400707296657e-01,3.597574485385381104e-02,-7.261955191063754200e-02,2.110832571391680137e-02,1.135519145358934445e-01,1.363423174625019441e-01,-2.166367820001521283e-01,1.172880400449447663e-02,-1.314959469272279913e-01,2.858128384575248648e-01,3.410369282021349369e-01,1.008807227784658811e-01,2.354191207988604873e-01,-2.124090208904773902e-01,-1.760973434376560676e-01,1.925995297757312694e-02,3.587525000224032201e-01,-3.509774446598650233e-01,-7.053962405878613784e-02,-2.021656922164357384e-01,2.602120676765698470e-01,1.212222716449707083e-01,4.924304855024357330e-01,8.278892084334779633e-02,3.877322302749438010e-01,-8.374263311704235879e-02,1.307662728543111316e-02,-1.688743002615241684e-01,-2.176814985752540399e-01,5.398485979390159339e-02,9.485287266094374892e-02,-1.194904603039574353e-01,9.319083281667636665e-02,-2.099967974424294948e-01,6.069732350796665926e-02,-3.353331970200542633e-01,-6.150568428377269081e-02,-2.353233580194875885e-01,3.097605975918682822e-02,-9.129399572695226506e-02,-3.459268179323563563e-01,-5.757166521555470012e-02,-1.511746604260275906e-01,-1.989044961583809612e-01,1.281957238232493967e-01,-1.363992988956223285e-01,5.067437545470808435e-02
