0.000000000000000000e+00,8.901258246956061937e-02,4.075855782555820594e-01,2.730394575568390603e-01,1.014539764813229307e-03,-8.909325412051000148e-02,4.860891394411523403e-01,-1.698846120454062802e-01,4.622107202639571394e-02,1.258955989312157131e-01,5.362671574026287580e-01,-1.230050817925674479e-02,3.192489482958331126e-01,2.447863527615141144e-01,-1.125306378663917667e-01,-2.358736684571546144e-02,1.561313618443674334e-01,-2.461363255154376192e-02,7.346041481200923373e-01,6.653905081608656458e-01,-2.272493083713754067e-02,-1.433378709714607790e-01,1.537278476339271338e-01,4.860023056510982126e-02,-2.017984341221639721e-01,-6.822383346867794129e-02,7.868762817496679357e-03,-4.300193022428940026e-02,3.338886293716170767e-02,-1.547564816079720074e-01,1.062797267172725796e-01,-4.703661514135003968e-02,1.753168243651452018e-01,9.514907867442676248e-02,-1.794993560488656603e-01,-1.276667461952160632e-01,-1.304168997944808450e-01,-3.411231773952517199e-01,-2.888752925860126330e-01,-2.755713614037876846e-01,1.585238090498810593e-01,3.304346749016784900e-04,-3.081253182226839082e-01,-2.405844649839689042e-01,-3.190177018195587966e-01,-2.882046141737032441e-01,-1.765137956873052971e-01,-1.387485727682192388e-02,-3.349273722815940268e-01,-2.836485139098495756e-01,-3.602733712818319001e-01,-3.310943556295570800e-01,-1.406207529703279446e-01,5.124148801592319502e-02,-1.292385065952017520e-01,-3.416506162149269832e-01,5.889173574623182139e-01,7.495511677985937371e-02,1.017336285155328868e-01,-1.096675418190816431e-01,3.016060242299665739e-01,-3.712676725595355220e-01,3.446607738158684042e-01,-2.519061113128160390e-01,3.406282020723729737e-02,-3.336195527928862425e-01,-1.024519763254903570e-01,-3.359811144288002427e-02,6.792547855419126535e-01,5.755674224454997434e-01,1.181475529536227947e-01,1.373659349582191658e-01,1.283664179269982386e-01,9.417673615062872872e-02,-1.305238472962829965e-01,1.278731150301934752e-02,1.201198432627338664e-01,-9.046522168808326936e-02,3.736092870398936144e-02,2.446169655612745117e-02,1.611249228104075226e-01,-7.308128804860390682e-03,-1.426355420466974000e-01,-1.671436199360180896e-01,8.648370452998314917e-02,-2.785863726977819144e-01,-1.921626347992296258e-01,-1.833275767404662915e-01,-5.446513842337154243e-02,-1.351015707822900147e-02,1.147440822614950451e-01,2.092981984807003315e-01,1.133747048420294529e-01,2.224556293634621651e-01,-6.285854981490551774e-02,-6.378761138769394046e-02,-1.221052631888320562e-02,4.867247743223801493e-02,-2.922549732149849755e-02,1.803251403743361680e-01,1.605295781546426936e-01,1.656404588938351352e-01,1.248158930026754959e-01,1.700469533627082253e-01,-7.246174593726097124e-02,1.292049134362941928e-02,1.754345542273490557e-02,-5.834837098322385313e-02,-2.615948571165015862e-02,-9.966016015036339992e-02,8.199991028300617282e-03,4.026162344276019989e-02,2.055282504552905509e-01,4.511056127586494241e-02,-2.845376345144831620e-01,-2.298906450255988054e-01
8.901258246956061937e-02,0.000000000000000000e+00,2.495937891393756047e-01,2.480096009091926068e-01,-3.164052282356267370e-02,-1.928528364747125190e-01,2.569356427294764988e-01,2.427232840626684096e-01,2.582217916096049559e-01,-6.989989924854408954e-02,2.052954270147234195e-01,1.395035674039601103e-01,3.615812276479212772e-01,1.875972743710477286e-01,-2.354570588102683493e-01,-3.003845655503230017e-01,7.975299490558859783e-02,2.306586883229430618e-02,3.060760511161643160e-01,2.975265002190500274e-01,-1.297961397427657149e-01,-2.723606819686387182e-01,7.764230217771292408e-02,1.461827449377995358e-01,9.113715607605633873e-02,8.700710966505763311e-02,-1.136385734939066999e-01,-2.426820312968608340e-01,4.114693674974994470e-02,-1.897254398213675530e-01,3.250062709882270418e-01,3.353691970030260316e-01,9.783550084846959205e-02,1.650987726584725035e-01,-4.326663703236800079e-03,-3.086080621742157831e-02,-1.024855554165197830e-01,-1.694690483163735495e-01,-1.213441305529413400e-01,-2.333337691453354068e-01,1.319059142718302380e-01,-6.950074425364724529e-02,-3.023680848023342915e-01,-1.653661163732402517e-01,-2.646052993946423904e-01,-5.901168067696706959e-02,5.851939702021390771e-02,-7.102237096855273935e-02,-1.130444141461554169e-01,1.477217582692222642e-01,-5.109177683688760629e-02,-7.185903030428321403e-02,-1.367515417186017934e-01,-1.596500449875797312e-01,3.139119447906140170e-01,-2.132159631511647002e-01,1.343579119058065097e-01,7.668122164334453261e-01,1.038317288092129448e-01,4.676689797296121887e-01,4.149475979818529475e-02,1.991886390616838358e-03,1.455428398021701430e-01,-2.298782211263052100e-01,-3.604345821502208946e-01,-2.451625072061059119e-01,-1.425022992150704604e-01,-5.323570604037848597e-02,1.781216995378072654e-01,3.037721765576271299e-02,4.200687400225586732e-01,3.134124847793328117e-01,1.430179545545512132e-01,2.521322699080546514e-01,-6.156040260303507344e-02,-2.944250373507288354e-01,2.703583671695248825e-01,4.190633834964270776e-01,-1.276346899386376632e-01,-3.236581614141220142e-01,1.017357590928723021e-01,-1.556083678977296381e-01,-3.039330899177818957e-01,-2.089979956890257173e-01,-2.101743036149155697e-01,-2.955751305782572391e-01,-1.159134059618559254e-01,-1.688978785847677078e-01,-2.688788851964411808e-02,-1.943022934624027420e-01,4.442378042529675219e-02,-2.627087813907520442e-01,-1.338891568999817927e-01,2.890170501914021695e-02,-1.071351875507000756e-01,-2.767894878945462156e-01,7.203172510149916108e-03,-2.103540638662484141e-01,2.713319613531728902e-01,-5.055542073472514553e-02,1.168034651835270221e-01,1.725636361844223310e-01,3.035237453742489211e-01,2.226016693623619480e-01,-9.256955327046929860e-02,-6.445997059379882099e-02,1.222853752112784270e-01,1.899304543465152317e-01,-5.465112327178753976e-02,-3.328777750823241344e-01,-1.651864287948861532e-01,-1.341674230850438965e-01,-2.893062747005533883e-02,-3.070917799681112670e-01,-4.822205978287729677e-01,1.278151621480890475e-02
4.075855782555820594e-01,2.495937891393756047e-01,0.000000000000000000e+00,6.158069204191003454e-01,2.502706218557209095e-01,-2.469956471126027731e-01,7.728245935218117646e-01,3.455612551951416922e-01,4.072336760093102637e-01,-5.688885277769698684e-02,5.821173657012975594e-02,1.064880479389843648e-01,8.212258202583824773e-02,2.177035556867774335e-01,-1.830385396741086579e-01,-5.073645028294419129e-02,-2.543389806226638294e-02,-4.137844607725702124e-03,5.291928857568468647e-01,5.355481997890843004e-01,1.146085889956588097e-02,-2.544477918977710029e-01,5.620860828553825295e-01,6.547825227021805139e-01,2.334533509851973720e-01,1.549863498317125554e-01,2.267731683025207001e-01,1.440875983558158324e-01,1.045640337508101231e-01,-1.339059646884953880e-01,4.194415196367960452e-01,4.636289434981292756e-01,3.911525372225955199e-01,4.566926331429130292e-01,3.766633182520919831e-01,1.981485123425149042e-01,-4.712252939201455604e-02,-2.025358135675045246e-01,-3.060481347638404070e-01,-2.784721827580979303e-01,1.471128348285161425e-01,5.012958413360273785e-02,-2.356605965662946778e-01,-2.577535085310179719e-01,-3.746105245519512073e-01,-3.892779266147978201e-01,-4.982031959041603730e-02,-2.002027502502927696e-03,-2.558922886755394255e-01,-2.280128536850063725e-01,-2.215742830192165558e-01,-2.599633090276624037e-01,-2.075778467306453878e-01,-8.951000567400960173e-02,-6.574861596421433495e-03,-4.599622861703757670e-01,2.343012661451722156e-01,2.415578553410581975e-01,3.320913726432452723e-02,-8.161247660799413051e-02,8.166400453193463360e-02,4.260395672512858750e-02,6.012342666877818625e-02,-1.622564641945035135e-01,1.494382127551062145e-01,1.367448599781407037e-01,3.021916934684296119e-01,2.686031644417714026e-01,4.028727163530592681e-01,4.154773861425403725e-01,2.192852245344981688e-01,2.680111859461201118e-01,1.861971849857352312e-01,1.655901962977451014e-01,-9.488307185969645230e-02,-2.758465710536321391e-01,1.158909018398352787e-02,1.135004632823997939e-01,-6.704531659768447893e-02,-1.445057547611265925e-01,-1.173898915036135637e-01,-1.805360603432206446e-01,-1.869550010759192527e-01,-3.023373259601155327e-01,-1.083647107583149277e-01,-2.522597028451207396e-02,-1.942599497051094859e-01,-2.485476969966763927e-01,-1.603569942011685845e-01,1.952308243782472155e-02,1.548832226340467744e-01,2.632711791883406982e-01,8.138222765930124003e-02,3.563303593516584655e-01,-1.510336384902118412e-01,-1.627567268323811822e-01,-9.801650609580292786e-04,-1.254792019013425131e-01,1.410517937076480044e-01,7.401614617501435511e-02,1.348775754923121351e-01,1.278470111617992788e-01,2.343688751867475661e-01,2.478849243923626766e-01,-1.235465820676804050e-01,-2.609772094223017022e-02,-5.073123953436156110e-03,-9.498965388906774679e-03,2.098077901623520980e-01,-1.958699922170252239e-01,-8.261308633398824208e-02,-1.419136949997949239e-02,8.448860966488402902e-02,-3.494566408471412589e-02,-1.335864912591355758e-01,-4.124039043816726813e-01
2.730394575568390603e-01,2.480096009091926068e-01,6.158069204191003454e-01,0.000000000000000000e+00,2.953070625684006689e-01,-2.911091442574091359e-01,4.741716692266695343e-01,5.466676968376821266e-01,1.034990282289653674e-01,-2.771015811332491197e-01,-1.306308988235719559e-01,-3.356977994801810805e-01,-3.069762419489323602e-01,-2.511416488490460508e-01,1.158523040988917313e-02,-7.026435131844191440e-02,-3.941179578631092695e-01,-2.398690160296147456e-01,4.206807612136592156e-01,6.741577145727762899e-01,-9.110304844132402491e-02,1.645245060196131540e-03,5.207576335107124699e-01,6.894966867544081168e-01,2.246571479162153551e-01,3.458831866693327650e-01,1.924662599587239342e-01,2.205798718849970030e-01,-2.710615331883479140e-01,-4.273724795191831127e-01,2.374674056525161447e-01,4.260968591716092768e-01,4.067906615799731784e-01,4.052266050849606671e-01,1.515909590104171367e-01,-1.344058312410784661e-01,-4.350667955171930168e-01,-5.258952430377216158e-01,-2.547743907618880699e-01,1.016495472918711451e-01,-2.893008578401898290e-01,-9.124476952747520575e-02,-1.762294768368988240e-01,-3.305394402450627100e-01,-2.685636562168264851e-01,-3.044108313338695360e-01,-1.925160018366056380e-01,-1.634144020744763837e-01,-3.151821276380118442e-01,-1.710042809185295110e-01,-2.687276978068144362e-01,-2.007513422201328279e-01,-3.032559052907432551e-01,-2.709930667536565932e-02,-3.077800857528393275e-01,-2.573708135890885318e-01,-2.324265557527733454e-03,1.311826581021540705e-01,1.358739629667575222e-01,5.354455390781229229e-02,1.845401212941615021e-01,6.101027144514640371e-02,-1.496238480834504170e-01,-2.031979804814442458e-01,4.304406619833796299e-02,1.527038875053311207e-01,2.789670092735352935e-01,1.520681936954291769e-01,2.842908191185097855e-01,3.975795605438069424e-01,1.626981317519716466e-03,1.790663015227320909e-01,-6.866441432863638894e-02,-1.709087707916917831e-01,1.024885200277124986e-01,6.330465080511359088e-02,-7.807529154918217695e-02,3.449260535639481901e-02,-1.031869545347874756e-01,-2.563130816863024020e-01,-2.166827995567347787e-01,-4.615027120371044123e-01,-7.245434327406742592e-02,-1.341886121005042842e-01,1.086317655304010026e-02,-2.698488244692109905e-02,1.633215361114334074e-01,1.519213335416106647e-01,4.834593263856003242e-02,-1.239752563350816073e-01,-2.061888324499018266e-01,6.595120457360968691e-02,-8.680788526133577376e-02,3.531327158727592258e-02,-1.655703948106768408e-01,-1.408239373606583744e-01,-2.143981417527228706e-01,-4.305656098843049784e-01,-1.281942272789816928e-01,-3.169466346799901246e-01,-2.524080672417137183e-01,-2.183146361241607436e-01,-1.730586049801238757e-01,-1.234556765877353884e-01,-1.480919924115069730e-01,-4.912417788721979567e-02,-1.942501199867665007e-01,-2.141248659372661789e-01,-2.301548103063625825e-02,-3.133356524905561713e-01,-4.064234411685884174e-01,-1.672214786871702441e-01,-1.763931258845222450e-01,-1.859989529658141183e-01,-2.596713417164384086e-01,-5.676436538945746069e-01
1.014539764813229307e-03,-3.164052282356267370e-02,2.502706218557209095e-01,2.953070625684006689e-01,0.000000000000000000e+00,3.742569331138871358e-01,3.394154908235582080e-01,3.116993468662632161e-01,5.485620171020501035e-01,1.101943531607155607e-01,-1.384641118295041329e-01,3.898410027594142319e-02,-5.461372353678211472e-02,1.028911819060700644e-01,-9.014521053289645258e-02,1.388867463621022424e-01,-4.089066993424966129e-02,8.071410028342396181e-02,-7.579825641776077871e-02,2.191198432220407277e-01,-1.294634981449517275e-01,-1.806733563220484506e-01,1.795777469294990991e-01,4.082221808470423152e-01,4.649079079892477484e-01,5.538162589433722749e-01,3.743591051062229447e-01,4.208831512228387028e-01,2.207118395507864234e-02,-1.215290630410030825e-01,5.546371137731392897e-01,6.820025646597454028e-01,2.958537516604817230e-01,3.002605287387630217e-01,8.860015229902509781e-02,-8.153681366841296352e-03,1.295963786033436649e-01,-4.567040512750039118e-03,-2.900378359257519550e-02,-4.421290910811414426e-02,-1.298798041821242095e-02,-2.326513958432395793e-02,-1.012627319708629126e-01,-2.023760393247853728e-01,-3.499652023555493430e-01,-5.187675807469034339e-01,-2.764071838284240523e-01,-4.654225023886374157e-01,-3.157886770121031139e-01,-3.634467131048538802e-01,-1.258926471341206277e-01,-2.657850293424438570e-01,-5.911881246450242933e-02,-3.086622238476336988e-01,-1.218341782858923528e-01,-3.365271991817628261e-01,2.022790950170288982e-01,5.309287918966505010e-02,3.187283842497817127e-02,-9.612188900132424829e-02,1.970438300894916117e-01,6.705042460632186507e-02,1.640899401663441781e-01,3.558718113804142970e-03,-6.039493588702557481e-02,4.751925394357620937e-03,6.297596957153007990e-02,-4.011799311522740857e-02,-7.357970517588206805e-02,1.405799666389310199e-01,2.651905734985949281e-01,4.034626726779992345e-01,2.361496907862630223e-01,-3.618782009830477653e-03,1.513035920936484924e-01,-1.388714356875618214e-02,3.572010980805922498e-01,2.268617382591250065e-01,-2.076327593357415735e-01,-8.173240801674724887e-02,-2.213899709990129472e-01,-1.607947266966472943e-01,-1.687002128678438129e-01,2.525619317979935219e-02,-6.034399587131226289e-02,-2.600354700863085622e-01,-9.263334998650464558e-02,-1.351850219658847774e-01,2.162131638035963421e-01,-1.238968149988704526e-01,9.057830689923043743e-02,2.439009277281800891e-01,7.825183771691161805e-02,3.158676411455085264e-01,-1.171636485786144016e-01,-2.233326709553216383e-01,-1.992545993158876538e-01,-2.510157596126210144e-01,9.481518490381685149e-02,6.077244896137266178e-02,-5.669451639120625525e-02,1.285844195258440403e-01,2.795649727115392946e-02,1.375537493304178349e-01,-8.844882987360881688e-02,-9.487251644256482208e-02,-1.536151810456701794e-01,1.385315754176741077e-01,7.489423127127708968e-02,-2.420164903542586510e-01,-2.809200057919832849e-01,4.129053157037157473e-02,3.715250226904170255e-02,-3.001390281632261292e-01,-1.585202410730478517e-01,-2.125616835947770622e-01
-8.909325412051000148e-02,-1.928528364747125190e-01,-2.469956471126027731e-01,-2.911091442574091359e-01,3.742569331138871358e-01,0.000000000000000000e+00,-6.817953548776499451e-02,-3.604028408357402846e-02,3.951387991539041106e-02,5.590788355869665827e-01,9.553029564077461511e-02,3.133006632305307404e-01,3.017563282378723719e-03,2.466391792641542402e-01,-1.414210195159960881e-01,1.958934093686963973e-01,1.061227516432327878e-01,6.031160995444346390e-02,-2.584820311181270647e-01,-2.008669297442316204e-01,-1.279941712558412548e-01,7.132684459359756035e-02,-1.336050511977262267e-01,-1.851966516456224621e-01,3.659431928047481852e-01,2.216121962784949329e-01,1.326453403150123223e-01,3.676178033998127592e-01,7.232048851928875310e-02,7.658073944225446406e-02,7.924349603488575755e-02,1.208764452219091706e-01,1.471250949228248839e-01,1.993189176044218025e-01,6.099922286434658614e-02,8.847327277139516166e-02,2.783833986805034910e-01,1.027997596929794942e-02,3.165416280872971472e-02,-9.042201042460558391e-02,2.858079590324691943e-01,1.061676705602466741e-01,-9.752300951217587888e-02,-3.393120941838929927e-02,-2.862321390170639024e-01,-2.982219082556162859e-01,-2.024904886475158150e-01,-3.275284491502514772e-01,-2.696623497965291438e-01,-3.700690604644059079e-01,-2.022340427827961640e-01,-2.128032110083383777e-01,-9.509383039636290502e-02,-3.338005229157756659e-01,-3.491757452063013606e-02,-1.167518906540441076e-01,1.344942453098950386e-01,5.195783498855051363e-02,-9.520444581147292917e-02,-5.484424681785715627e-02,9.545999376351631260e-02,2.137462748960640146e-01,2.018699515501545250e-01,1.753706666394772296e-01,1.523734476101059609e-01,1.690125344423901999e-01,9.479016626835229387e-03,-3.941550750053254837e-02,-1.078226942471929295e-01,-1.003675411872435586e-01,1.177460512305956025e-01,3.862084962604462463e-02,3.565181292602034868e-01,8.036626948614385146e-02,1.093547377118603697e-01,1.122802219997793560e-01,3.946811663224024658e-01,1.240126276394992871e-01,-3.289657715006879396e-02,1.994454650851434641e-01,1.052307114715042742e-02,1.227757774274083752e-01,-4.726499797164913225e-02,1.021662836826624510e-01,6.946893271826583283e-02,-9.007942684888246843e-02,-1.853335067966599137e-01,-1.970675052444938180e-01,2.254722348853468658e-02,-9.480007346022775727e-02,1.555821882965542080e-01,9.999854262562735130e-02,1.568774818725289788e-01,5.929899528279067300e-02,2.384697316019824403e-02,2.797115897577509211e-02,-1.605622587068777918e-01,1.167674068170755086e-01,-5.770365025669811632e-02,3.052037243244102097e-02,1.215566177185058716e-01,2.404272348205527265e-01,8.108913238619258612e-02,1.112961972098834157e-01,5.611432819945386813e-02,-7.355641208968904943e-02,-3.315767175506097869e-02,2.017553079231813040e-01,-4.374299986032532950e-02,-6.020130466173209682e-02,-1.590595940347518111e-01,-4.059584576943452844e-02,-4.665857618709166074e-04,6.519074181879749852e-02,-2.071856169282680904e-01,1.799205078764203325e-01
4.860891394411523403e-01,2.569356427294764988e-01,7.728245935218117646e-01,4.741716692266695343e-01,3.394154908235582080e-01,-6.817953548776499451e-02,0.000000000000000000e+00,3.445509375795139939e-01,5.616809036248835429e-01,1.715134958109019170e-01,2.324978173631395972e-01,1.546805428511480451e-01,3.031643420007484879e-01,2.857595495979999289e-01,-9.790246563455438922e-02,9.123865852087117978e-02,5.889086498356323890e-02,2.009029632773463858e-01,5.003826243301577881e-01,4.768996962500543502e-01,2.179208144512855688e-02,-2.224767266553882572e-01,4.043036468380547532e-01,4.192425211186017742e-01,1.572896438629785842e-01,1.348209923721400139e-01,8.451002171318533485e-02,3.437991357310630353e-02,1.708669590371842406e-01,-4.684921645758639147e-02,4.434239271247257808e-01,4.312593343740602214e-01,4.434185702274922036e-01,3.743709026781394944e-01,1.031672558634659925e-01,-5.403111843536761300e-02,6.094172130883265814e-02,-1.990343804008867512e-01,-1.906261755946170866e-01,-2.327503468144742627e-01,1.092025171950907203e-01,-2.591269583964111306e-02,-2.838632015877188275e-01,-2.982283877354230395e-01,-3.924123427422975263e-01,-4.538302879448728455e-01,-2.450648911335992219e-01,-1.430738509353866872e-01,-3.739003243741136906e-01,-3.596971654484452663e-01,-3.864168004048375571e-01,-4.411159589825012772e-01,-3.122214654765560482e-01,-3.197089811594736042e-01,-1.008326168509870169e-01,-5.863818674961026600e-01,3.101566867525662463e-01,2.172028405468420242e-01,-1.098039586038587895e-01,-1.916135336212595741e-01,1.692275359802489498e-01,5.424910775875929625e-02,2.493607305037000010e-01,7.246363280323585981e-03,9.797860569731993430e-02,-1.005101163163333589e-01,1.171948119940702526e-01,5.378034659514049215e-02,2.971727390588192463e-01,2.603421614542872353e-01,2.389620474538654282e-01,2.752531199810432372e-01,2.461368912204866533e-01,1.843185000894113634e-01,-6.899671109455433882e-02,-2.746312847898291221e-01,1.799608312243973773e-01,1.345992462263472245e-01,2.273781268812749903e-02,-5.654348300960419099e-02,4.590859091431987588e-02,-4.813687207181763239e-02,-1.717118154441440309e-02,-7.366400293163688495e-02,5.196384864721644709e-02,-2.550958375805915668e-01,-1.878871860114602332e-01,-2.486043081714292835e-01,-9.622204145996873792e-02,-1.719222027911497808e-01,1.234905178603124681e-01,2.031448032003164983e-01,6.246353363106411927e-02,3.358426296708667547e-01,-2.723308152766272527e-02,-6.623280960745675516e-02,4.048006707657683667e-02,-7.467153945712137753e-03,2.025139360941338174e-01,1.416211708286626292e-01,1.051331345927027650e-01,7.449766646758969324e-02,1.543639473203195778e-01,1.774118149333480110e-01,-2.528626629794093472e-01,-2.236786086131311302e-01,-1.782476099004205727e-01,-1.024592874368497261e-03,9.312358295211714543e-02,-5.728463181400265947e-02,-1.233186899174333467e-01,1.336818426020147943e-01,1.049375918464271473e-01,-6.315519736988721433e-02,-3.344371746820246627e-01,-3.629447519198450434e-01
-1.698846120454062802e-01,2.427232840626684096e-01,3.455612551951416922e-01,5.466676968376821266e-01,3.116993468662632161e-01,-3.604028408357402846e-02,3.445509375795139939e-01,0.000000000000000000e+00,1.986539424254915864e-01,-1.066556822741802635e-01,-4.000953761253427943e-01,1.026869545670848760e-01,-3.626402234566457605e-01,-3.753960577339574001e-01,1.551833145677477543e-01,1.081489006189836899e-01,-4.344838167915593408e-01,-1.665557012599737097e-01,4.149174062203464866e-03,7.361316447560337095e-02,-1.963663935668017724e-01,1.358260033942539913e-01,3.999870280377285092e-01,6.612342364026733144e-01,1.975063529153439634e-01,1.051965862892553782e-01,1.585170129237563341e-01,2.769187297350503840e-01,-3.391627329064780816e-01,-2.767016686256745239e-01,-1.902010416303986234e-02,3.949763647686574952e-01,1.250280124417449124e-01,2.599336105943554909e-01,1.367957664866197576e-01,-1.486555983549249504e-01,-3.685203483772787614e-01,-2.293521221982796066e-01,-7.352222698804512790e-02,3.303696600473123302e-01,-4.482103515554417550e-01,-8.218965851912267417e-02,-2.000424559486588261e-01,-2.639095582815960683e-01,-2.414360740393574067e-01,-2.135572952769890231e-01,-1.337257462103409178e-01,-2.315160364095007195e-01,-1.072909702069725080e-01,-1.199951038881111320e-01,-1.089557806549397573e-01,-9.380939357217467356e-02,-1.580080834088119501e-01,-2.631981684288995944e-03,-3.651581180874668431e-01,-9.826244312555741656e-02,-4.606626593392007529e-01,-6.186515026080173507e-02,1.400452678922729510e-01,-4.259071028816937242e-03,1.263780313165122349e-01,4.286542366041968810e-01,-2.897089274309863072e-01,4.940783099618143576e-02,1.784794858891772529e-01,4.599494770046363423e-01,1.165022014410472817e-01,-1.059961023643048034e-01,-1.563634114074776982e-01,-1.730169449186794162e-01,-1.041954478493842540e-01,2.540416519934756701e-01,-1.548067679030251942e-01,-2.389316158408647806e-01,1.863060171096235229e-01,1.918348846323851831e-01,-5.437169182899846687e-02,4.224581895525890418e-02,-1.767616810765207935e-01,-3.592078565765118303e-01,-2.740216943295573637e-01,-2.563607206260986593e-01,8.601110214194226944e-02,6.535636267806008148e-02,1.216357739331266619e-01,1.384208704660055966e-01,4.347781690916430186e-01,3.920819463493674384e-01,1.746991544199325286e-01,-1.168884129134026145e-01,-3.188815986314110229e-01,-1.223428618384507643e-01,-2.796512834273388592e-01,-6.137240187557509857e-02,-2.447525205555624028e-01,-2.095926621511859933e-01,-3.062027094967872953e-01,-4.963314911018238407e-01,-2.113101527983187455e-01,-4.663158852670586940e-01,-4.686736544613807620e-01,-3.288763261707623453e-01,-3.580905716915877557e-01,-2.944701166836912742e-01,-1.162150213489959311e-01,-9.630148408661329262e-02,-3.031317391894589042e-01,-1.402686377141980634e-01,-4.547799368093517064e-02,-2.279810728897306293e-01,-3.219974417409645073e-01,-2.557999504300120241e-01,-2.726046036875147127e-01,-3.556626518713162377e-01,-2.132361910032517516e-01,-4.503630561614612726e-01
4.622107202639571394e-02,2.582217916096049559e-01,4.072336760093102637e-01,1.034990282289653674e-01,5.485620171020501035e-01,3.951387991539041106e-02,5.616809036248835429e-01,1.986539424254915864e-01,0.000000000000000000e+00,3.094797488965423948e-01,-7.505195567143903117e-03,3.373455123416858048e-01,3.131486577308489339e-01,3.768871130591252006e-01,-1.970120654277871808e-01,1.205855421324665971e-01,2.241043263543399666e-01,3.796034634052223855e-01,1.189496977069622319e-01,2.321558381604527932e-01,2.066711130216300832e-02,-3.400022542837820572e-01,1.964227026536134457e-01,3.169352237995499699e-01,2.503351936485299079e-01,2.088069381008504644e-01,2.765445529975004146e-01,1.739139877463713735e-01,4.221277942134908367e-01,2.071839022671515262e-01,7.371854950040288568e-01,7.015895499040768479e-01,1.953880472833672000e-01,2.187557514011287951e-01,5.747698429850294638e-02,1.194678844243807353e-01,3.504994726291607021e-01,2.812780073714595264e-01,-2.593853819346400580e-02,-4.240343306324996231e-01,3.007850692283267624e-01,1.191176109302195529e-01,-1.420975581101306395e-01,-5.828224655331054604e-02,-3.725674528933540786e-01,-4.382853917871503135e-01,-1.089803576080943248e-01,-1.245211858728897530e-01,-2.798044106437281853e-01,-2.599758413924921352e-01,-1.943752051574566542e-01,-2.748099136940410636e-01,-2.040149739327654088e-01,-3.970779427927511041e-01,2.410601549445303415e-01,-5.561927213616996157e-01,3.555980306037883065e-01,3.586786874944899450e-01,-8.943240540363540936e-02,7.020671711683771840e-03,-2.140011139730707904e-02,1.785812085388424064e-01,2.180574942083108592e-01,2.335724622062344824e-01,-1.481586507832796384e-01,-9.437082500973691113e-02,-3.759746784585286244e-02,-3.644717441863237848e-04,-3.456748685590761705e-02,6.329533092419299678e-02,3.624414200938575470e-01,3.982577130378351371e-01,2.520974898071142722e-01,2.069159430638431441e-01,-2.644492229151729767e-01,-5.583522360203306834e-01,2.665417954319206917e-01,2.179611625252938223e-01,-1.254322475977396878e-01,4.069536006912626187e-03,-1.432761853132673846e-01,-2.730036283435805997e-02,-2.067962566676234681e-01,-1.167843697067216385e-01,-2.984365898790665161e-01,-2.948817586421572656e-01,-4.425259587630697156e-01,-5.043600579692352204e-01,-1.821203100843746606e-02,-2.006303801722726481e-03,4.303161317337747538e-01,2.090025401331409849e-01,2.851554949453828924e-01,3.606302480512535436e-01,4.345652454052845171e-02,-1.206778129657093968e-01,2.094430999420520134e-01,1.273581802471656921e-01,5.131880988317559789e-01,4.150287426572635829e-01,3.561051288193217701e-01,3.345991694450983767e-01,4.873672409097419833e-01,5.145215795210009713e-01,-6.879912136083576879e-02,-9.341480806160497308e-02,7.674511958155949554e-02,4.064898718172153536e-01,2.902337777970414034e-01,-5.023281515597969454e-02,-1.009200509782351256e-02,2.330206540071315391e-01,2.139981517325806326e-01,-1.233186084550514927e-01,-9.626030680007109652e-02,7.393926196943674534e-02
1.258955989312157131e-01,-6.989989924854408954e-02,-5.688885277769698684e-02,-2.771015811332491197e-01,1.101943531607155607e-01,5.590788355869665827e-01,1.715134958109019170e-01,-1.066556822741802635e-01,3.094797488965423948e-01,0.000000000000000000e+00,1.843822412077579798e-01,5.640588859403532496e-01,3.883121450764097093e-01,5.221274320700353133e-01,-2.282197816321840933e-01,1.850968135189470787e-01,3.627395395296745817e-01,2.346585967427674835e-01,2.678402964044043679e-03,-1.488913422371478945e-01,-1.236819733203002071e-02,-3.144024903761330481e-01,-2.996494886919080433e-02,-1.880601394248795355e-01,8.180667083040879528e-02,-1.684968593876091103e-01,2.268250340761426009e-01,2.319034168876277224e-01,3.858597577345986851e-01,2.144387956765081704e-01,1.746843084358333520e-01,1.156298915040592373e-01,-8.836461921489208171e-03,4.870672885601531193e-02,1.774659832897007294e-01,3.331180719611328556e-01,2.758005386908770062e-01,5.816370076367245040e-02,-3.401228917790363737e-02,-5.689900754134357141e-01,4.593367276894985141e-01,8.598540238331951746e-02,-2.518121623081131522e-01,-4.031641291853493847e-02,-2.783102708061134800e-01,-1.589253531998718605e-01,-1.019291616871900313e-01,1.301560792725734404e-02,-2.224043832794565245e-01,-2.263905526305349802e-01,-2.418680823151292403e-01,-1.531958431273733601e-01,-1.439854724522361962e-01,-1.448225345358455651e-01,1.848996861015950455e-01,-4.388945869864600002e-01,1.976133065452846116e-01,1.456373970626807512e-01,-9.674913482311556234e-02,-1.345490768765398443e-02,1.626681387947486179e-01,2.595191884218807643e-01,2.093106384164717115e-01,2.554130821913229155e-01,2.939688637297089846e-01,2.191327429304985031e-01,-5.195684377359640477e-02,6.973266796401561551e-02,-1.129592152230454588e-01,-1.872873154711179045e-01,2.510707194805578135e-01,1.066325780455003175e-01,4.071241206582723593e-01,2.158788190021305453e-01,-3.060531831195535402e-01,-1.530471215157260256e-01,2.067096168162360359e-01,2.783368399206280052e-03,1.644337419721084714e-01,3.164554854419919794e-01,9.568687851283452783e-02,1.519021095621270190e-01,-1.510069366126146895e-01,-2.573711413568997020e-01,-3.963809391429126694e-02,-1.746891047182335677e-01,-5.657981492397892165e-01,-5.601952820149942447e-01,-1.382337391703978013e-01,-2.512462433846408480e-02,5.015749261288988681e-01,1.078447741206532279e-01,3.979133055695400767e-01,3.859851781400437942e-01,2.970595760454524574e-04,4.743212869298464585e-02,9.932199169538653838e-02,2.870977230445050377e-01,2.421967431009125205e-01,3.265964515813621349e-01,3.688775298238303746e-01,3.508535739869181325e-01,3.795321180647974191e-01,3.846439520884001873e-01,1.288937465369258406e-01,8.397064361792611065e-02,4.850078602088040564e-02,4.359065993209124135e-01,1.859899608449859243e-01,1.336478066394070907e-01,1.336150897222912193e-01,8.877159824690827872e-02,1.452123486349301551e-01,2.877667097265809715e-01,2.539545876773382366e-02,2.518515791693811678e-01
5.362671574026287580e-01,2.052954270147234195e-01,5.821173657012975594e-02,-1.306308988235719559e-01,-1.384641118295041329e-01,9.553029564077461511e-02,2.324978173631395972e-01,-4.000953761253427943e-01,-7.505195567143903117e-03,1.843822412077579798e-01,0.000000000000000000e+00,1.443571955772748050e-01,6.870001924060796794e-01,4.403228975604683293e-01,-8.348573329307250324e-02,-1.366610594242879673e-01,3.813538917590715838e-01,1.820507731611024638e-01,5.112227364306878297e-01,3.513000737932965856e-01,-2.721408793941807944e-03,-3.433697442340983286e-01,9.351025162120056577e-02,-1.658429885790665415e-01,-2.929018560046362657e-02,6.958356006269728056e-02,-2.017685053196903999e-01,-2.883589802785231915e-01,2.606043143606520118e-01,-7.996386337992740512e-02,1.933722976329759757e-01,-4.314368194965284564e-02,4.985261840311747822e-02,-1.375896508390440920e-01,-1.803186971651994097e-01,-7.093918220402811725e-02,-3.326502972788797276e-03,-3.712331553955353636e-01,-3.020735424837791561e-01,-2.837962914067654330e-01,3.193905689440330598e-01,-1.521535242173100572e-02,-2.488005972186199954e-01,-2.183284398837536111e-01,-2.759817981762986427e-01,-1.855989373151591959e-01,-2.328036165681658110e-01,-1.226748834822652540e-01,-3.339659081604690605e-01,-3.314696523387953286e-01,-3.796871160944148560e-01,-4.354962444121328602e-01,-1.149860057510805611e-02,-3.105346027487677560e-02,-2.588335160322639480e-02,-2.060995581312150271e-01,4.761532575895856545e-01,2.441075234626852442e-01,-3.810880509654944737e-01,-1.674396440456795976e-01,-1.569918856713387323e-01,-5.099343824140895043e-01,3.948772609291253399e-01,-2.733865587330832070e-01,-7.658246665934446973e-02,-4.811139016633486087e-01,-3.277282196211432352e-01,-2.124390579503497023e-01,4.582753647815759890e-01,3.394051215401808208e-01,1.951092279219534820e-01,-2.148586796010108421e-02,3.420316980720242150e-01,3.483258282581048193e-01,-1.624453811338067710e-01,-7.785300463102153012e-02,2.429178784722189344e-01,5.259378982218051307e-02,2.044178890766636947e-01,2.318854577697053720e-01,5.144536313464826982e-01,3.231742423590456825e-01,-1.619361517530873984e-01,-8.496831721894541889e-02,1.423135024568284168e-01,-2.686646324233751271e-01,-2.395273627644508296e-01,-2.576548668714533918e-01,-9.939828894635166501e-02,-5.842846075027300495e-02,6.517296203255716625e-02,8.710642637122539833e-02,5.766677570296323968e-02,1.316923725656214510e-02,-1.534076712478719129e-01,-1.412254195890246533e-01,-1.002647208390904515e-01,2.655536164808946706e-02,-6.199683817795283158e-02,9.239126661172940291e-02,2.688433407513080575e-01,2.003451682877466222e-01,1.949713080279527055e-01,1.479116685542219145e-01,4.706869840253726650e-02,1.988232755021777237e-02,-8.715795711347529631e-03,-8.826434670781275332e-03,-1.509950576896040564e-01,-1.318735866050324557e-01,-2.378665762420564475e-02,-5.430017403039891222e-02,5.247829354951205616e-02,6.541754891295863822e-03,-3.201787904416027453e-01,3.048592132544596794e-02
-1.230050817925674479e-02,1.395035674039601103e-01,1.064880479389843648e-01,-3.356977994801810805e-01,3.898410027594142319e-02,3.133006632305307404e-01,1.546805428511480451e-01,1.026869545670848760e-01,3.373455123416858048e-01,5.640588859403532496e-01,1.443571955772748050e-01,0.000000000000000000e+00,4.172230927407473700e-01,5.788695969269023189e-01,1.707362489277562331e-02,3.091773234500898582e-01,4.365536557009024321e-01,2.792438000356842753e-01,-1.394464826391496673e-03,-2.358924841965704122e-01,2.781654854048899450e-01,-1.968667743686117744e-01,1.159011247719767684e-01,6.067751216152793975e-02,3.035944405524715339e-01,4.317720637636833503e-02,1.055588189956844780e-01,2.786208670687021285e-02,5.209143222418176622e-01,3.956448232933014730e-01,2.223635217840170264e-01,2.192813234992964377e-01,-1.972052500423187582e-01,4.689937956734875624e-02,2.575663346013796762e-01,4.462032168540190913e-01,2.778817115190890252e-01,2.113678837005598943e-01,-6.507258258165278531e-02,-4.972815385510332975e-01,4.135793079327493849e-01,-6.148444851219772057e-03,-1.316290321872706781e-01,-2.879082018855862526e-02,-2.841340906561434232e-01,-1.034357723490936104e-01,2.343167854650347603e-01,2.812173682638625660e-01,-4.853763032045167042e-02,-1.451249833308891624e-01,-1.398149965742687129e-01,-6.900918190697818977e-02,2.346572179534713726e-02,2.780297814574348851e-05,3.480494298037201117e-01,-3.361758801123221896e-01,2.343183709839808532e-02,2.711073227695048327e-01,-9.843647346112305296e-02,3.683721853023855242e-02,-6.772494586980931652e-02,3.667862944307637707e-01,2.189367000590310697e-01,2.650683014930035331e-01,2.722182862908902323e-01,2.764377439507193501e-01,-1.316630719081194889e-01,-8.773318592831770221e-03,-1.033217821790034657e-01,-3.550523786396009296e-01,4.279586719078709578e-01,3.162993547509590497e-01,3.683345774055903910e-01,2.373659957095408668e-01,-2.642665476753970899e-01,-2.914299454398484590e-01,1.307034999430786992e-01,1.869298241886980516e-01,1.626162098276316692e-01,1.579583783999667368e-01,2.583496814708752254e-02,1.315181920929294757e-01,-1.441033884965282896e-01,-2.979684318995027281e-01,-2.326612251184513314e-01,-2.266311678998244455e-02,-4.001134688852100441e-01,-4.524651574230264539e-01,-6.586828714251745376e-02,2.100475519129230140e-01,4.740189863624909017e-01,9.196537441477635466e-02,2.942127826585104744e-01,4.122506444798463288e-01,-3.607911117722232414e-02,-8.604591475565274983e-02,2.759511043408832132e-01,2.117823248890168264e-01,3.620218956403184474e-01,2.831470472610193578e-01,4.089109387396923090e-01,3.348220549541238711e-01,4.186733903104881693e-01,3.965240498441603978e-01,-4.137088069641771393e-02,-7.729710562285367625e-02,-6.000457914764099204e-02,1.320375270019658043e-01,3.767198225967586245e-01,2.340732359187888689e-01,3.922870471419528382e-01,1.704094510059135370e-01,2.057937794256446407e-01,7.564669847204691377e-02,-5.194259962403339342e-02,4.657803108476612358e-02
3.192489482958331126e-01,3.615812276479212772e-01,8.212258202583824773e-02,-3.069762419489323602e-01,-5.461372353678211472e-02,3.017563282378723719e-03,3.031643420007484879e-01,-3.626402234566457605e-01,3.131486577308489339e-01,3.883121450764097093e-01,6.870001924060796794e-01,4.172230927407473700e-01,0.000000000000000000e+00,6.938143310173665590e-01,-1.339796280620830504e-01,-5.080125397595330883e-02,6.340545638175461018e-01,3.627005534839803369e-01,3.314892381553127265e-01,7.700555466414675532e-02,1.868113986996629838e-01,-4.166853162724128978e-01,3.638065560674166865e-02,-2.381065002421357268e-01,-2.526273342417251211e-02,-5.581652893241328267e-02,-3.298450189425822937e-02,-3.043505371610490950e-01,5.358723166950478678e-01,1.823950968256236316e-01,3.327293781235405312e-01,6.818383718829625073e-02,-1.013438998591752738e-01,-1.267638878093094446e-01,5.303167036766670344e-04,2.095201832914624640e-01,2.428806891066200846e-01,6.008296220256945791e-02,-1.515399202733341555e-01,-5.959320195487329830e-01,4.985792465591140088e-01,-1.124096739213140544e-01,-2.394413848759628649e-01,-9.568763593429105430e-02,-2.462071183438234445e-01,-7.512889500694186484e-02,-6.582680014609802732e-02,9.719438430857146871e-02,-1.625105552324060121e-01,-1.083635010993193176e-01,-1.789455285888986169e-01,-2.443909928899498651e-01,4.514616595329951076e-02,-1.525428319068531380e-01,3.390330141338032677e-01,-3.476352607752735691e-01,4.441309867844052128e-01,3.893157598102101602e-01,-2.733887794421759887e-01,-6.291060330089592867e-02,4.637006809160286458e-02,-2.350359706377658231e-01,4.465327785021135365e-01,-1.362372322473001662e-01,-3.665544206581314302e-02,-3.562712354747130661e-01,-3.160804361779363525e-01,-1.654129677467230386e-01,1.673048201726084760e-01,-1.228060013491737504e-02,5.143780326965082805e-01,1.968395722599587394e-01,4.256886036553342301e-01,4.834034926129612830e-01,-2.627047323500649734e-01,-3.363845744007041838e-01,3.207372344035464007e-01,2.589846733430049008e-01,1.402718135480633121e-01,1.361057332983660051e-01,3.832523157251714330e-01,2.004055245050183620e-01,-2.920309305676264677e-01,-3.662321601031213736e-01,-1.049244436218947363e-01,-3.794790184618062612e-01,-5.087891524357764927e-01,-5.546262808983125625e-01,-1.168010626157899370e-02,4.427033382190983385e-02,4.322832896559032356e-01,9.523142789647272288e-02,2.692633438477629593e-01,4.082200724763739852e-01,-1.574649107520518787e-01,-1.993135563712614966e-01,1.955255810534284044e-01,1.605590922853219193e-01,3.999122880946111569e-01,4.609463747322122829e-01,4.835676046473990630e-01,3.844736750467038222e-01,4.960260905945464427e-01,4.598978317567221086e-01,1.956685998572743265e-02,5.936246750917018034e-02,8.224046642549391606e-02,1.741391092609557711e-01,1.572298206076424842e-01,3.648049567024982953e-02,3.365553973971216473e-01,1.929052562026581930e-01,2.837165961561174954e-01,5.286457547932825463e-02,-6.758724520693787374e-02,1.797246620605745804e-01
