0.000000000000000000e+00,4.184305794224491004e-01,3.312463121027496293e-01,4.213190803644971671e-01,-7.368331187613404165e-02,-2.791642872856356927e-01,6.774025833992062262e-01,3.124917398433005311e-01,-6.878810676213675812e-02,-2.058423566368704216e-01,7.188521134273926361e-01,2.956560375000765184e-01,6.218409318568167699e-01,4.541547351243165331e-01,-2.704392119780192338e-01,-3.125843873160069619e-02,4.029562828813067488e-01,-3.990483782182946415e-02,5.513876977631065879e-01,5.128667391238782569e-01,-4.354235028416864606e-01,-4.048387683170625029e-01,2.690702186479598801e-02,1.360682250038108276e-01,-3.262008140367910758e-01,-4.405524681373868545e-01,-8.238638697037316272e-02,1.547114568775290189e-01,5.007665895242809917e-01,-6.829351800035477968e-03,1.503310043036508725e-01,-2.808989049730563001e-02,1.925599520700534695e-01,2.186128260044981897e-01,-2.044750947724847667e-01,-6.875719630952751293e-01,-5.173042315978241268e-01,-6.026863985532078249e-01,-3.109078581315359302e-01,-4.728269542020525629e-01,-4.285184840569540854e-01,-4.579939638765446741e-01,-5.700689354678253190e-02,2.839131881318733286e-01,4.105008517623111031e-01,4.873095719654415015e-01,-6.674612072622118641e-02,-2.013201190113331485e-01,5.324587583450666184e-01,4.023325320585231513e-01,6.151381931686987770e-01,5.159632571525508693e-01,-1.610748838670529592e-01,4.261780690293616725e-01,-2.937083472449077970e-01,-1.123339823718051550e-01,8.120581881136952340e-01,2.626420546126870814e-01,4.020218974444422777e-01,-1.158190049771220947e-01,5.984066733750371681e-01,7.030504325727390813e-02,6.405905740685661209e-01,3.780761245062916887e-01,1.746897428413028419e-01,3.738965726255904370e-02,-6.713258018610161748e-02,-2.334115659657580166e-01,-2.465638986297407909e-01,-1.773414261565141037e-01,3.036899026255784895e-01,4.586163902558947347e-01,6.104969319083077828e-01,4.599622978127094197e-01,3.444410674780482018e-01,3.419591784957820568e-01,-1.728632025142856632e-01,-1.808538955170599094e-01,2.219444691084103694e-01,1.377020387688269731e-01,1.712941405178947940e-01,-6.644548414790966973e-02,-4.438244360178261183e-01,-3.181209561544220965e-01,1.791447654599411521e-01,4.386721103191755788e-01,-3.240570625912255198e-01,-9.337804528435020290e-02,-3.745496151704503229e-01,2.610842192387983207e-01,-4.812631624593964874e-01,-2.546969878386576847e-01,-3.767612554314495599e-01,-2.125140537043165578e-01,1.940040224961493143e-01,1.055647598191599285e-01,-1.189375499225349755e-02,1.998496111367800421e-01,-3.021998033333679265e-02,-4.897537060658452845e-01,-2.727137371397319598e-01,5.718682914464105066e-02,-2.211817211679356909e-01,-6.425288097660043773e-02,-1.369717265593423383e-01,-1.460724656119702369e-01,-1.154085623391112314e-01,-1.696616932170806336e-01,-1.229887743759827956e-01,3.145734396851724290e-01,-5.865558784825168903e-01,-2.802495436301932763e-01,-2.712874456957597435e-01,1.893583706280219103e-02,2.013768252753177501e-01,2.643468908797292835e-02
4.184305794224491004e-01,0.000000000000000000e+00,2.061970085369719818e-01,4.599942377780877889e-01,-2.612426256899288979e-01,-3.954942516640865269e-01,3.596925178215261698e-01,3.564281421028406283e-01,-2.533269471053620769e-01,-2.582733736689678539e-01,2.070146064120342022e-01,4.110878654687395439e-01,1.055433800135555378e-01,3.024133558189119331e-01,-3.100229953652308690e-01,-1.818384192906720154e-01,1.480862430092480531e-01,2.380232232774143475e-01,4.138030751965794396e-01,5.922459693012966930e-01,-3.384390696462220571e-01,-3.187380063449919976e-01,1.144803679358538107e-01,2.390409232919734062e-01,-1.996551277294183746e-01,-3.547408217072505199e-01,-2.355838099378075035e-01,-1.760525625841154740e-01,1.564507596989395954e-01,2.103704950192230305e-01,2.692552398181300433e-01,2.631646881956912765e-01,3.479032294956059257e-01,3.916852828343675985e-01,-1.235514350428975477e-01,-4.317960050037192854e-01,-4.173163567397662477e-01,-2.332702569547119020e-01,-2.800629684665271735e-01,-2.500433634446764253e-01,-2.164110016734200614e-01,-1.700748108070382902e-01,-2.165850151736436469e-01,1.227397816179311568e-01,3.114524155449926446e-01,4.124855966148914255e-01,-2.008427874707657546e-01,-2.836623679896363437e-01,2.854545904210061824e-01,3.259995771961353150e-01,1.943255242691293849e-01,2.971554277919145615e-01,-3.139609840418940978e-01,5.055453933630688762e-02,-3.715093842655434186e-01,-8.066737296049758532e-02,4.873899378715060848e-01,8.426890321645150728e-01,2.271542235801073950e-01,1.117084939895006263e-01,2.237306086451081033e-01,3.083170589513332671e-01,2.959568135041771852e-01,5.476005976889511961e-01,4.299615984755712772e-02,1.784909173175290020e-01,-9.603352937262032984e-02,-5.529786378231518751e-02,-8.310890035394281894e-02,4.607217973519728976e-02,3.137816547327578198e-01,5.141694433900810823e-01,5.001556951969771125e-01,6.286624057671114096e-01,4.098988736026486501e-01,4.224253490322319449e-01,8.020205838381851138e-02,1.945111143994675551e-01,1.978027860668872262e-01,1.678057990834350144e-01,3.531213334517243480e-02,2.349560057139588320e-01,-2.916498341958193574e-01,-9.808146018497779922e-03,-1.560883082808612321e-01,1.652674352617428677e-01,-9.498536341735322464e-02,6.906754397461413453e-02,-3.112354538591722286e-01,-1.299565691143401980e-01,-5.007118710560856112e-01,-2.546067021062405344e-01,-3.502759644315837084e-01,-3.005538596157505404e-01,2.093450119594529590e-02,1.351870620558294489e-01,-1.790283192943559198e-02,1.929867523717121724e-01,-1.717743587546246287e-01,-1.474759342873590562e-01,-1.741145972622221150e-01,-1.147891563010245281e-01,-7.031470487587659912e-02,2.025918282016255650e-02,-1.614906793141362637e-02,-4.940408857769403722e-02,1.162462149917204840e-01,1.414703455506806928e-01,-1.755780392087501751e-01,1.067794050126056188e-01,-4.227758081316401739e-01,-3.901239064206530882e-01,-1.564976757416842723e-01,-1.557984640016256972e-01,4.731921132514316924e-02,1.041348793415521612e-01
3.312463121027496293e-01,2.061970085369719818e-01,0.000000000000000000e+00,6.242428466621811056e-01,2.005463267670638539e-01,-1.401052193051909311e-01,7.367293119039743932e-01,2.062521045900697347e-01,3.356040282394149449e-02,-2.012374517249441996e-01,3.943606582563244922e-01,-9.087246798994197405e-02,4.371135766323910876e-01,1.396260367304504590e-01,-3.531407542407339478e-02,-2.034959887501961717e-01,5.819574639000876098e-02,-3.412472990981667287e-02,1.891881402326902606e-01,4.103596757053785959e-02,-2.762133531969999667e-01,-1.677050900768216057e-01,6.888092224582086365e-01,7.094966391985740861e-01,5.355112157284733776e-01,3.040252914187855926e-01,-1.185080823820962304e-02,8.309379210685442774e-02,2.406822776329599900e-01,-2.067127684927483056e-01,4.786302551917908099e-01,5.846846127995380948e-01,3.991480942477816929e-01,2.991160919123920237e-01,5.440186410276089957e-01,7.029510003204526847e-02,-9.140735516513574799e-02,-3.485745859233909116e-01,6.258619010682577033e-02,-3.480755397777156590e-01,-1.526976091734059959e-01,-3.485845434975720081e-01,-5.245004279383087137e-02,1.031127691345262165e-01,1.976247148842318058e-01,1.565726107808879664e-01,-7.824860086252960478e-02,-1.724244333113875149e-01,1.034628067060450740e-01,1.948306937038660758e-01,1.440903661967087024e-01,1.481945087523942606e-01,-3.284212987037741227e-01,-1.884971825659035038e-01,-3.583246995965627679e-01,-4.067970836780421262e-01,3.427362865344965037e-01,4.389112536309726642e-01,1.276175865120599551e-01,-9.010696901046925944e-02,3.977229320302490545e-01,2.485407108271026622e-01,-3.077998854026105929e-02,-1.158805160032938680e-01,7.719140446224436181e-01,6.174150876578096137e-01,5.370511814479431711e-01,2.830655930537958609e-01,3.444971777225003771e-03,-2.264368993588550608e-02,2.343448236757265241e-02,1.321300762609975699e-01,2.555416116732753817e-01,1.473648520100326598e-01,1.920393341804637610e-01,-5.554756166413561853e-03,-2.538813836214486030e-02,9.447661332471445073e-02,-1.378199861501178125e-01,1.030038232775122714e-01,-2.581521684232702674e-01,-3.045727173481194150e-01,-3.479254110398846689e-01,-3.779914977587163771e-01,-2.297427622807758640e-01,-3.084266704069030252e-01,-1.642743639736250483e-01,-8.197226988150091431e-02,-3.339129675409564513e-01,-2.516467099660423812e-01,-2.839246178077962091e-01,-3.133177157895496445e-01,-2.246472123823299860e-01,-1.279838011794362795e-01,2.329529131358544503e-01,1.789770858752152971e-01,9.442411212241441643e-02,1.410982740440347993e-01,-1.403393735242871865e-01,-3.678074421429408103e-01,-2.443726577094056662e-01,-2.105789537932670485e-01,1.656472679487544508e-01,8.052045531551055291e-02,-2.015539656946264413e-01,-2.108299059691037813e-01,-1.963469825010502323e-01,1.910224996890112215e-01,9.508575404415084420e-02,3.085291606041474788e-01,-8.198749005584712868e-02,-1.585980680619989147e-01,-2.095827240968234084e-01,-1.479145742973786704e-01,-2.273795213721608310e-01,-2.019181371071857301e-01
4.213190803644971671e-01,4.599942377780877889e-01,6.242428466621811056e-01,0.000000000000000000e+00,1.695836969729679067e-02,-1.268139073802586336e-01,7.171379874694107093e-01,7.353934268076275371e-01,7.750494460078885713e-03,-2.065818766625883429e-01,3.214892456003147214e-01,3.360072156353184625e-02,2.663933925886712850e-01,2.800424834304571231e-01,-3.708825377947539970e-01,-2.494447187130222621e-01,-1.193231435180774902e-01,-2.709546854799856352e-01,9.241432400969706862e-02,1.550184625433267127e-01,-1.939830098726605112e-01,-2.836451671056849921e-01,4.700105007900363674e-01,6.077419735457111338e-01,2.966695253978827163e-01,1.045051528553985060e-01,-1.995962895392309755e-01,-1.639868652601628729e-01,1.866701896726038201e-01,-3.361262364197261654e-01,3.580307574629140732e-01,5.244729054592301987e-01,5.109145006760645868e-01,5.245730282952706380e-01,5.339555937584851142e-01,-8.969759600867990845e-02,-2.650036085939567743e-01,-2.368200185455917595e-01,-3.308138176089195359e-01,-3.142097381478618501e-01,-1.908781565947550440e-01,-2.322064693518731404e-01,-2.549552608407552601e-01,-4.883726327626217861e-02,2.342900041745611117e-01,1.023879809207952490e-01,-1.704650990305514036e-01,-2.442204908173036815e-01,-8.516409505216459772e-03,1.847409167000217400e-01,8.698073167155630225e-02,2.715918336990053028e-01,-3.273297771843458603e-01,6.381164739195104019e-02,-6.146828585142661838e-01,-3.973112189446512121e-01,3.176898526912169674e-01,4.954584304385811766e-01,6.996610005695656949e-03,-1.590510210642908928e-01,4.650360044951151184e-01,6.554416509979440475e-01,-1.348319611317684227e-02,1.564498051850215787e-01,6.076740130121586203e-01,7.334044577817554478e-01,2.446316518862151346e-01,3.130210360835552486e-01,-4.078086519575855884e-01,-3.167496042277200274e-01,3.804658755177857676e-01,6.215639215925291561e-01,5.053329247247955180e-01,4.629983306672686982e-01,4.324222126255485854e-01,2.643742921294574555e-01,1.146549940269200873e-01,2.712519222848453482e-01,-9.123853716329337338e-02,2.672366470825319508e-03,-2.863269061279914984e-01,-9.141553765520712971e-02,-3.506298236717065309e-01,-2.755622805083262072e-01,-3.016024178630343777e-01,1.231287912598659634e-01,-3.299058163177805425e-01,-4.054326507596046208e-02,-4.191312818234216309e-01,-6.096000076945704005e-02,-2.692493677095169069e-01,-1.577347427036238925e-01,-3.339941710743664083e-01,-1.738140313224510181e-01,-3.603757499092657968e-02,4.498793153566266190e-02,-7.205591822859937212e-02,8.045717672449269331e-02,-3.935898800933000929e-01,-3.468594721665695380e-01,-4.837013247800005522e-01,-2.128071798628513450e-02,-1.456872377571586941e-01,-1.340097403377223497e-03,1.345072420161082249e-01,1.127126829414605846e-01,4.570769280951160474e-03,-7.310189309934279900e-02,-2.868891519383454658e-01,1.528928220728666687e-01,-4.495506070863554138e-01,-2.611285275157936847e-01,-2.057462637972061748e-01,-1.275328880337190107e-01,-9.245337672187725619e-02,-1.836169303253524510e-01
-7.368331187613404165e-02,-2.612426256899288979e-01,2.005463267670638539e-01,1.695836969729679067e-02,0.000000000000000000e+00,5.406432559782331504e-01,1.256747895313471003e-02,-2.521473172227521251e-02,4.251607622865232750e-01,4.085270412653423944e-01,-6.719960784406878163e-02,-2.074191340596156508e-01,-4.291659890864404220e-02,2.641442488423511193e-03,3.670236382161350397e-01,2.659661795656573235e-01,-2.715154209901834981e-01,-3.967777160085369514e-01,-1.684999254709374783e-01,-1.427640343001839174e-01,5.150750346506468569e-01,5.331470800537736476e-01,2.462382326657495124e-01,2.393615915386421156e-01,2.453334984976479061e-01,4.551915997159224347e-01,5.703861128875680198e-01,3.449609231800242481e-01,-1.362765376495909397e-01,-4.144074876047886824e-01,-1.588633992021354635e-01,8.261607864167559365e-03,1.758857183837227445e-01,1.255268086405470496e-01,3.280886938694722033e-01,3.022781674055394774e-01,3.291860324107868108e-01,2.766540202401857051e-01,-2.272855735782207121e-01,3.513683188620707054e-01,4.538095459043636759e-01,4.046216852551551280e-01,-1.886477047470831170e-01,-2.194527454840722869e-01,1.205341417086344402e-01,-2.421697613425736750e-01,-2.410325451510895167e-01,-1.212682656953232296e-01,-2.433866808757835509e-01,-3.503824145266051238e-01,-2.847791478359543715e-01,-3.707474566447845343e-01,-1.730109935964544987e-01,-2.609008896022019797e-01,-6.739601120912534771e-02,-9.898610860610859707e-02,-7.178047967044720590e-02,-2.283036026050813960e-01,1.578738818627853369e-01,7.319738746610696123e-02,7.633991905144731083e-02,1.551213833537459230e-01,-2.329055449815860823e-01,-3.476285885702428691e-01,9.766419349204856493e-02,1.408093889650399722e-02,2.820416928278992041e-01,2.902446700039674199e-01,-7.870616480223381617e-02,9.121538257931066651e-02,1.153578485402103754e-01,5.468126235242757455e-02,6.130372014389903063e-02,3.787305193431513787e-03,2.070196300288638935e-01,-1.425520349962681732e-01,5.112000415531076092e-01,4.436917383680205607e-01,-2.698175117370839593e-01,-4.180410229816960421e-01,2.970871434118698556e-02,-1.095456300258474680e-01,3.897075552374595353e-01,3.257359419520727828e-01,-1.019934210170841127e-01,-1.395482893534944202e-01,1.593083439951117064e-01,2.138391524944361077e-01,-1.806921158427453600e-01,7.945713584117128012e-03,-2.664306121424551699e-01,-2.397569377971951188e-01,-2.965519474453591209e-01,-5.406079887253794486e-02,-4.005661085666588628e-01,-4.364004193836394929e-01,-4.554034024931168934e-01,-4.137350734241174721e-01,-1.954666575057000810e-01,-2.799689977648968098e-01,-3.288432011734927496e-01,-9.728263123826108583e-02,-1.667664965591008353e-01,-1.262206399664782090e-02,3.060219943817945598e-01,2.580766858145264742e-01,9.633201432770376049e-02,9.743018084735428908e-02,-3.115031703876251501e-01,-4.088483703198703134e-01,8.406884279986519271e-02,-8.155694298957613664e-02,-2.794164187086534690e-01,-2.163155904753500114e-01,-2.899645110522144353e-01,-3.398408690310555369e-01
-2.791642872856356927e-01,-3.954942516640865269e-01,-1.401052193051909311e-01,-1.268139073802586336e-01,5.406432559782331504e-01,0.000000000000000000e+00,-3.029957922811359894e-01,1.346383881628114391e-02,6.555326357647164315e-01,8.039368883026327683e-01,-9.121859297491409502e-02,-4.186253475603217422e-03,-2.085134798043595805e-01,6.874302613791787031e-02,5.225066232784397746e-01,5.255150331675435549e-01,-2.119569461599168092e-01,-2.216809557624639104e-01,-2.886886434223434050e-01,-3.739074748838385198e-01,3.545984741236402615e-01,5.965093076665356486e-01,-8.775156900378630609e-02,-2.682114868126295529e-02,2.387740940542465995e-01,5.454148344090177236e-01,5.997762330101579220e-01,5.113031201311222240e-01,-1.929080108463953613e-01,-2.403659381781217963e-01,-1.705643093982151248e-01,-1.227733569480532472e-01,-2.406773538194094397e-01,-2.398821113652937209e-01,1.572585604670665577e-02,2.542818460225860222e-01,3.742782811397645237e-01,2.298006132363969445e-01,7.556191818584739872e-02,3.108488211433322324e-01,1.588771794208201638e-01,2.075835843258787283e-01,-2.055356214550758120e-01,-3.790282777122008784e-01,-2.559337541708863739e-01,-3.838002232435190342e-01,-1.812805818973103056e-01,-1.749798101348565560e-01,-2.463190377030414768e-01,-2.967545208445045435e-01,-2.574002393930087118e-01,-3.571427449988786029e-01,-5.868092612667317326e-02,-3.421424427596470585e-01,1.726050539453271582e-01,-1.156641586960417689e-01,-3.446213874729745497e-01,-4.301189521178757635e-01,2.480552955069874332e-02,2.082833478389347903e-01,-2.357609602721292275e-01,1.551932008587727230e-01,-3.266687120425416646e-01,-2.308408014180204637e-01,-1.492253260714647978e-01,-9.569890814898470918e-03,7.115950030773360302e-02,9.655894153872006391e-02,1.241744311317902749e-01,2.918905367619524793e-01,-7.152870277316518421e-02,-2.197792429587577534e-01,-4.242524587327778374e-01,-4.267900380778245628e-01,-1.925550696361463254e-01,-3.910377659005084272e-01,1.039367845610527918e-01,1.111081331706169489e-01,-3.593114015723613552e-01,-2.928058282291870484e-01,-7.434094754966424912e-02,3.119443858542644138e-02,3.316589752611941999e-01,2.509931924005682213e-01,2.083469051602055908e-02,-2.004441123558447502e-01,1.896921253204361391e-01,1.661240275960290391e-01,1.476905232178138128e-01,4.443844440806352797e-02,5.976963226817258446e-02,-9.637625423234326416e-02,1.000475823848294282e-01,1.940099100307283442e-01,-1.810003295820620528e-01,-3.094469879700874060e-01,-1.998716681755428326e-01,-3.223956574956113319e-01,-1.192908559236242894e-01,-5.412676256379216067e-02,1.421706697543076957e-02,3.537302228973289442e-02,-1.208427764247254760e-01,6.763379816733799954e-02,3.225727498728041265e-02,2.498666839437628517e-02,-1.828632858623636254e-02,-2.504529120022117028e-02,-7.777875884613433266e-02,-1.844973427828927592e-01,2.970635416151618524e-01,4.394443101853384714e-02,-9.320012462943455187e-03,-1.439063535176990372e-01,-1.490823996859844958e-01,-8.817717252619709789e-02
6.774025833992062262e-01,3.596925178215261698e-01,7.367293119039743932e-01,7.171379874694107093e-01,1.256747895313471003e-02,-3.029957922811359894e-01,0.000000000000000000e+00,5.209404918930717887e-01,1.024097875112184482e-02,-3.359600699521723133e-01,6.358421445918981396e-01,8.352100410328867908e-02,7.037714027522640192e-01,3.208039885592445239e-01,-2.402986775301645950e-01,-2.470041424836035560e-01,9.433397066852038104e-02,-1.909192199315176142e-01,2.965638629888247557e-01,1.779570952530131200e-01,-3.431261358667118122e-01,-4.282105793483532707e-01,5.425151093593956197e-01,4.403058525959276936e-01,1.303679384715889233e-01,-5.709223443877181614e-02,-2.081419942793198141e-01,-4.638221878396552728e-02,4.028916783654168388e-01,-2.071331998924286488e-01,2.632563595569459292e-01,3.488025523617526713e-01,4.448586203638184022e-01,3.645788897884663649e-01,3.119362565191722281e-01,-3.309131657751976929e-01,-4.450295326394628215e-01,-5.746619397570406074e-01,-2.452124943668515245e-01,-4.516919477997309862e-01,-3.556792399568041163e-01,-4.199701038516685525e-01,-3.608070094688149015e-02,2.891823252084648743e-01,3.514040751239164706e-01,2.643035447071200306e-01,-1.735834946693089464e-01,-2.319783641717661216e-01,1.390648178693224268e-01,2.040202909644438234e-01,2.773881150595171596e-01,3.313004323358137437e-01,-2.419185538517606426e-01,2.530925095689284254e-01,-4.624837506611925719e-01,-4.139637141634420758e-01,5.002363492881071183e-01,3.718832072659346566e-01,1.200541235762267872e-01,-2.634296447193271162e-01,6.554612255839026291e-01,2.931655477664106280e-01,2.006622385749178838e-01,8.897728584543106167e-02,7.135500037212679780e-01,5.059608018130646867e-01,3.081658890499257009e-01,1.213605861536942859e-01,-3.342743885986402264e-01,-3.277913400189686466e-01,3.102703984974044538e-01,4.861883204233840017e-01,5.464225815432927069e-01,4.085302613020749818e-01,2.864137464399660882e-01,2.390134498500434967e-01,3.646814970463557563e-03,3.062492275997286129e-02,2.462883922719124458e-02,1.477937474728430733e-01,-1.388089198519934786e-01,-1.243656699806855032e-01,-4.438716274134715811e-01,-4.282907956866922050e-01,-1.067161641160719199e-03,1.733389163402840605e-01,-4.403708611355521274e-01,-2.692805009080043166e-01,-3.604448886073616798e-01,5.677786726419349790e-03,-3.723868528826683177e-01,-1.673332327960717070e-01,-3.310710130146240493e-01,-1.813032225244701479e-01,1.361559230713631774e-01,7.048807049350003240e-02,-3.016234346843319966e-02,1.285764897569078857e-01,-2.639333338990699773e-01,-5.058179150407576818e-01,-4.248221496733006752e-01,-4.894718060092734246e-02,-1.891920740207878315e-01,-1.970822831230813199e-01,-9.671290234429480437e-02,-1.228164024549262823e-01,-2.107695349379829775e-01,-1.483123022371122257e-01,-1.431013518687088704e-01,2.614583726196693658e-01,-5.102005279508140534e-01,-3.161968197018057425e-01,-1.921121979995242535e-01,4.046415864048700378e-02,9.229382199908878204e-02,-1.337611081088731779e-01
3.124917398433005311e-01,3.564281421028406283e-01,2.062521045900697347e-01,7.353934268076275371e-01,-2.521473172227521251e-02,1.346383881628114391e-02,5.209404918930717887e-01,0.000000000000000000e+00,2.523782733836490433e-01,-7.245098097734024856e-02,2.913971433607583372e-01,2.620478457864821586e-01,2.303906257710336691e-01,3.865971501960192014e-01,-2.095987052354825464e-01,-1.177369369079791922e-01,-1.854572648163073656e-01,-3.108615545046557460e-01,1.245825910949539955e-01,1.428437050872887748e-01,-9.474005974225373217e-02,-2.472057694013982398e-01,1.771052066531740854e-01,1.879631290222830708e-01,2.943121374423417549e-02,2.662105131822519941e-02,-1.552572132290286067e-01,-7.828352264057121535e-02,2.213070065082037852e-01,-1.804666325519399539e-01,4.035519134462313418e-02,1.824862696217136038e-01,3.527797732893174776e-01,4.392469720140638745e-01,2.306898091267011730e-01,-2.139170780946879624e-01,-5.267064752743373379e-01,-3.785963391857306015e-01,-4.932149748334987982e-01,-2.985664054456258487e-01,-3.459112621781282870e-01,-1.875726293873784534e-01,-2.572520376358589100e-01,4.689050959736171253e-02,1.574662655510024878e-01,-8.283891782824366612e-02,-3.320413575276938700e-01,-4.009046350684116189e-01,-2.462209248438663178e-01,-1.269005881086673060e-01,-8.542842544753755096e-02,1.036040533283871939e-01,-1.580220506680221071e-01,1.545740720781357547e-01,-4.103117250801263660e-01,-5.460140489793573471e-01,1.248837538110251499e-01,2.984014425149369432e-01,-1.899806179151030394e-01,-2.188672795849916086e-01,3.896618625682648496e-01,5.897568088988890400e-01,2.233307512715480489e-02,2.874454108739578073e-01,3.006205926197565992e-01,3.828033333843993136e-01,4.125011166808080498e-02,1.859592189797730777e-01,-4.203312610031728069e-01,-3.585502135547093960e-01,6.098830365214028548e-01,6.616302517488852342e-01,4.051063122571030850e-01,4.270489421860401147e-01,3.382167499999908511e-01,1.285012514174713183e-01,2.118970751674549569e-01,2.298272208282765849e-01,8.803308707543677433e-03,9.305523086075471410e-04,-8.258106365327476384e-02,2.395359878898448702e-01,-1.961729692527811597e-01,-1.988870338810743987e-01,7.267483079362177523e-02,3.247897927994575218e-01,-3.797411243576296336e-01,-2.562090742396840315e-01,-9.117412993228606044e-02,-1.278043273989107331e-01,-2.172805274187985247e-01,-1.266357553024418103e-01,-1.434186576105429822e-01,-3.033366737234394761e-01,-1.931579233970832643e-01,-1.721387951680208861e-01,-2.073125428679897797e-01,-1.051340950682220499e-01,-4.946313791264201343e-01,-3.435356743871172402e-01,-3.165855021212252707e-01,2.231750926819729350e-02,-3.835662144217106828e-01,-3.256938753266497844e-01,2.208476301966777744e-01,1.173350879797455532e-01,-5.827005393570543895e-03,-3.625370153895661751e-01,-4.529247259284496230e-01,-5.019029521186998966e-02,-5.018653971382865953e-01,-3.256761530300306684e-01,-1.118297695653039901e-02,1.789609389356934810e-01,2.364205719442650788e-01,-1.714641711055496856e-02
-6.878810676213675812e-02,-2.533269471053620769e-01,3.356040282394149449e-02,7.750494460078885713e-03,4.251607622865232750e-01,6.555326357647164315e-01,1.024097875112184482e-02,2.523782733836490433e-01,0.000000000000000000e+00,6.085330184892883132e-01,2.231616289261332819e-01,2.368065957745294769e-01,1.549875018312482644e-01,4.015570453409613161e-01,6.242514907464442597e-01,5.488410029500746523e-01,-6.265748108572634367e-02,-9.444855830285392440e-02,-7.457707424500756299e-02,-2.953082476904737019e-01,1.632697880022574918e-02,2.325180426972468795e-01,6.883881720363622600e-03,-2.456601156590363169e-02,1.516373566210599821e-01,4.262420612170624290e-01,4.894472090968068345e-01,5.356010437471109276e-01,5.440397713059695606e-02,-1.661139372870146062e-03,-7.244815664514095421e-02,-5.784455219121961700e-02,-1.755696089710526153e-01,-1.891838860672356848e-01,5.855396938897438480e-02,1.150240515641639399e-01,-1.140637070397478442e-01,-2.445604389748214924e-01,1.705704920187439688e-01,6.976742520119585955e-02,-2.260913803627656316e-01,-1.233383311584919789e-01,-1.637466131938769553e-01,-8.206325601858642516e-02,-1.252066527665652851e-01,-2.904675691750270849e-01,-3.466558732980864477e-01,-4.563153275177939672e-01,-1.901377068932857684e-01,-3.135682445483998215e-01,-1.461223046760116162e-01,-2.818417548533874162e-01,-1.521404295330461842e-01,-2.657728514970954525e-01,2.151341784160427650e-01,-3.576297710096014160e-01,-2.006907982326823492e-01,-2.400582897905851332e-01,-1.045131658528898611e-01,-2.197272645863198454e-02,2.656477898513685126e-02,9.966312503437914361e-02,-9.775773438650633973e-02,-4.474433589449965110e-02,1.352393805118237979e-01,7.013842887827206884e-02,2.091557910436298018e-01,5.107715058393448582e-02,1.908119163270513285e-01,2.342918168369940990e-01,1.231019160678248209e-01,-1.096509309569974333e-01,-2.555514321662852306e-01,-2.294345773242478514e-01,-9.829526470186834841e-02,-4.121543209709514488e-01,4.930877254524532183e-02,-3.473718802315708259e-02,-2.308121799489989134e-01,-3.098814666743475183e-03,2.838824301071187980e-02,1.307393389475121070e-01,1.074175959742649789e-01,7.211258792444674715e-02,2.965572743871519035e-01,-5.805929737850635403e-02,7.560500207571202447e-02,-4.235553083003866515e-02,2.453943484749016857e-01,-7.526584143277970096e-02,-2.533394759096242385e-02,-2.084501396741913481e-01,2.040891825031332374e-01,5.358740759104470286e-02,3.935721256950303754e-02,-1.523338145310346170e-01,-6.600024454837126464e-02,-1.705725585241119890e-01,-1.527897340807202464e-01,-2.023780216157997358e-01,2.811549677984602480e-02,-5.161632557208135907e-02,-1.779547815228919583e-01,-2.485348072785034668e-01,-1.685081516421341186e-01,-2.544455827122464320e-01,1.564513944178705721e-02,-9.567150343920244326e-02,9.807491169190346580e-02,-4.964590371652692624e-02,1.160757264253519799e-01,-1.400757031281504028e-01,1.414517188982298244e-02,1.490998675624479464e-01,1.472803645295977237e-01,1.503062440247663056e-01
-2.058423566368704216e-01,-2.582733736689678539e-01,-2.012374517249441996e-01,-2.065818766625883429e-01,4.085270412653423944e-01,8.039368883026327683e-01,-3.359600699521723133e-01,-7.245098097734024856e-02,6.085330184892883132e-01,0.000000000000000000e+00,-6.169585275562568250e-02,2.357970314949913715e-01,-1.796363845597774844e-01,2.655179335656041029e-01,6.981710602219359796e-01,8.357028464633976528e-01,-1.342181270277398863e-01,-4.670826762432089135e-02,-1.124974528785673972e-01,-1.809525988751738146e-01,2.533583802917572791e-01,6.774031120622077129e-01,-1.149159629517658432e-01,-9.877220285455552348e-03,3.456597370838400407e-02,3.586936135582499130e-01,8.238631420371599345e-01,6.229675052799479307e-01,-3.646921996732593874e-01,-1.339013049439186920e-01,-2.596402653547972839e-01,-1.659875844883243745e-01,-2.645478653020765791e-01,-2.418403046135228218e-01,-8.196494653628208504e-02,1.764669735023201569e-01,2.209553262927611006e-01,1.133574775928431755e-01,1.240608353281272974e-01,4.925614708810527875e-01,7.853505476984228018e-02,1.622797407082478272e-01,-2.082501449026381291e-01,-2.386721491955282048e-01,-3.033247705043367048e-01,-3.645817189096508537e-01,-3.410520837922575432e-01,-3.994302635022582426e-01,-1.655079200906741654e-01,-3.526330199725368209e-01,-2.488977114839151794e-01,-4.067125711694630774e-01,-3.102807795462421692e-01,-3.092613896898153691e-01,1.900246103690995392e-01,1.092390132656440999e-01,-2.918889825452317677e-01,-3.092700032015819334e-01,1.256634413190499400e-01,2.161836275788837081e-01,-3.206957006536720889e-01,-8.265873762471665637e-03,-2.352529718486276733e-01,-1.147281736488482140e-01,-2.475267865349934093e-01,-1.935099678271889057e-01,9.149936789673818183e-02,3.137801049118694313e-02,1.851756114705517264e-01,3.842964415008532364e-01,-2.102075461717420046e-01,-2.467382069957233803e-01,-4.864068116095074945e-01,-4.385313568012942365e-01,-9.518109012736405972e-02,-2.577662503970778451e-01,5.940754053894692355e-02,1.117648638423771462e-01,-3.335385490362497984e-01,-1.905751619374298766e-01,-8.826165337061940563e-02,1.690432201335473616e-01,3.766875337785268729e-01,4.842731452370969691e-01,-4.234062020637694573e-02,-1.965716472559710451e-02,5.026776099076912807e-01,4.674283978820337748e-01,1.841628514830528224e-02,1.966773785283215392e-01,-1.487917866743713735e-01,-1.082393880674030751e-01,1.010542976705579021e-01,2.706586407385675463e-01,-2.090905229479662342e-01,-3.929809508578595012e-01,-2.981109999790723109e-01,-3.270141190676905674e-01,-1.106863322759684409e-01,-2.046540784387809730e-02,5.663171450817346131e-02,1.845599997852654939e-01,-3.297733455716691520e-01,-2.416478305387503162e-02,-4.053041198208715001e-02,-2.120429710830040032e-02,7.064157326781150825e-02,7.102013524009888334e-02,-1.115756303004195316e-01,-2.332217513418472221e-01,2.944662483186850643e-01,-6.324698320741460600e-02,-1.392034142144993325e-01,-1.230849266410699167e-01,-7.036960466568870087e-02,1.899019592983646615e-02
7.188521134273926361e-01,2.070146064120342022e-01,3.943606582563244922e-01,3.214892456003147214e-01,-6.719960784406878163e-02,-9.121859297491409502e-02,6.358421445918981396e-01,2.913971433607583372e-01,2.231616289261332819e-01,-6.169585275562568250e-02,0.000000000000000000e+00,4.512895133139717130e-01,8.516718259912424704e-01,6.203805805628498371e-01,1.062413657341729212e-01,1.944611341919012526e-01,4.994301835068399309e-01,8.251666600420715092e-02,5.029515373054134209e-01,2.211248356215646527e-01,-4.629004150672384466e-01,-2.871591982660969822e-01,2.032899128535580469e-01,1.582245293780959183e-01,-1.336538782692336946e-01,-1.804744969715148528e-01,5.663059150444949008e-02,3.316185228515943773e-01,6.987969186023270662e-01,1.110024455706802582e-01,2.054957718418038426e-01,6.584185807959602732e-02,1.326517445770534868e-02,2.461162443218643803e-02,-1.834670074126774075e-01,-5.624216345059411815e-01,-4.755633740877119875e-01,-7.482909140398209535e-01,-3.170124599826661116e-02,-5.374163312094829559e-01,-5.821128551622346547e-01,-6.093092921710064891e-01,-6.749787896519940378e-02,2.706016001842709295e-01,2.492194426485127567e-01,2.712061544670227864e-01,-1.156040420236768285e-01,-3.583719016817231151e-01,3.672515485783823808e-01,2.304855020902910889e-01,4.288217598094568039e-01,2.408557597863734967e-01,-1.470936489045568951e-01,1.989840410837971918e-01,-1.315471652571585937e-01,-4.423717671861447376e-01,5.466717004129398871e-01,1.106825866428659960e-01,2.335942182975620229e-01,-1.365820016161468087e-01,5.556599207790219319e-01,8.799898332058878059e-02,5.305297033806252172e-01,3.080496978180682355e-01,3.576713600261604009e-01,1.856434538838444281e-01,-1.169507441860101818e-02,-2.626427174724354496e-01,-1.110084647066568730e-01,-1.198024128039726632e-01,1.662485531290388563e-01,1.594874486741666153e-01,3.372591379876361817e-01,1.746105204452529369e-01,9.841617835765319178e-02,-7.336866319331930564e-02,-2.404616934998287658e-01,-2.799967450916049927e-01,1.220201152180473148e-01,2.337961045853131636e-01,2.103972811845878366e-01,4.029900518977713730e-02,-3.725276545544454199e-01,-4.041673677071347393e-01,3.812767085175625681e-01,2.055603088485447594e-01,-2.431957501445606573e-01,-2.487743792022271971e-01,-6.163002082079851313e-02,6.512722489043754059e-02,-2.898090911798053559e-01,-4.032965317813703710e-01,-1.582432104930453498e-01,-1.502657735239289194e-01,3.492316179602723558e-01,1.002548344298573868e-01,9.562571393993311852e-02,1.570976701441518242e-01,-2.133266688110934881e-02,-4.717727542832764187e-01,-7.739245407375414110e-02,-4.158748765571759071e-02,-1.189531495907139441e-01,-2.070622755470024334e-01,-3.621953747962448622e-01,-3.914442236029384015e-01,-2.190880347306364828e-01,-1.220986082929353123e-01,9.611337094680182103e-02,4.168508275440171995e-01,-3.393489317294168806e-01,-2.249365463643348551e-01,-4.294849690894071703e-02,1.507843754464842367e-01,2.419948759996586596e-01,1.267548332326713378e-01
2.956560375000765184e-01,4.110878654687395439e-01,-9.087246798994197405e-02,3.360072156353184625e-02,-2.074191340596156508e-01,-4.186253475603217422e-03,8.352100410328867908e-02,2.620478457864821586e-01,2.368065957745294769e-01,2.357970314949913715e-01,4.512895133139717130e-01,0.000000000000000000e+00,2.389626261314972411e-01,7.418437670490038993e-01,2.908664355439110061e-01,4.765582042467395585e-01,4.518089154984261113e-01,4.686651367591095907e-01,4.692856317192785065e-01,3.871004653451741717e-01,-2.457923327243094203e-01,-4.544695930527685446e-02,1.175605979536651843e-02,9.632491744815285806e-02,-2.932570714140880219e-01,-2.459240030806976174e-01,1.912919427580619391e-01,2.425496620240061851e-01,3.018617855467334299e-01,5.116114219518845818e-01,2.144517848307913033e-01,3.954167271990983307e-02,-8.615899835461454659e-02,2.779138126404889428e-02,-4.335163560631313251e-01,-3.279709018172003443e-01,-3.349547415559667729e-01,-4.589302362933391777e-01,7.849111179659820636e-02,-1.328408056233061907e-01,-3.681426861554578656e-01,-2.956801075286233371e-01,-3.460799147701044132e-01,-4.566592882700378636e-02,-4.545899201683063079e-02,1.668096724951936560e-01,-2.988539799089330318e-01,-5.170705440498172267e-01,3.262539409638012811e-01,1.319257396232741131e-01,1.778336122979232714e-01,3.558742482104873539e-02,-3.717069178541850816e-01,-1.382377737142942153e-01,8.529082670531268340e-02,-8.802620858252320490e-02,2.257100027573918921e-01,2.470710548185582889e-01,3.876557565467742689e-02,1.204656490811957248e-01,-5.139228500886331569e-03,1.469990595098841224e-01,5.059508498897578033e-01,7.122569857404489335e-01,-1.958894167752827931e-01,-8.795800368383814571e-02,-2.848528281736663614e-01,-3.424120591140281666e-01,1.568858972019658571e-01,1.831684200220798364e-01,-6.032778789872288855e-02,-5.292745177070096174e-02,2.103899612392562748e-02,1.692071502275916406e-01,7.663101391176439792e-02,-6.217596162649025732e-02,-1.464703222712872566e-01,-6.008893641651333328e-02,1.382402305722993108e-01,2.822719298758203377e-01,2.755961864784122195e-01,3.501470693780038279e-01,-9.430712802031220032e-02,5.378762928725624309e-02,1.675978440104161360e-01,1.956237809938390360e-01,1.600189042501937164e-01,6.397948909200375234e-02,-2.346710591493429351e-02,-1.776699807100993534e-03,-3.926350667185595777e-01,-4.891759455897650155e-01,-1.097522183957245351e-01,-1.834365126652415523e-01,2.588038452431957737e-01,1.912208495768515093e-02,1.456446202948191160e-01,2.205772922941694747e-01,1.003947629470509501e-01,5.692976245347184522e-02,1.723355907594011083e-01,8.015403991398098449e-02,-8.752893147506433935e-02,-5.364706384127774369e-02,-3.141243559903747484e-01,-3.409387721965247420e-01,-6.128189242318272945e-02,2.066014811349234925e-01,1.294766129889818873e-01,2.195534800167805167e-01,4.312148365004105782e-02,-2.240730809566452986e-01,-5.212022690684619923e-03,1.903134191440019815e-02,6.192995765118170653e-02,2.516127708857822110e-01
6.218409318568167699e-01,1.055433800135555378e-01,4.371135766323910876e-01,2.663933925886712850e-01,-4.291659890864404220e-02,-2.085134798043595805e-01,7.037714027522640192e-01,2.303906257710336691e-01,1.549875018312482644e-01,-1.796363845597774844e-01,8.516718259912424704e-01,2.389626261314972411e-01,0.000000000000000000e+00,5.281173594039136887e-01,1.253788517301032412e-01,3.298026270976451430e-02,3.517007943282940974e-01,1.713597601896173911e-02,3.962310139782560525e-01,4.766225106837578690e-02,-4.469266548853036425e-01,-3.438597914386913867e-01,3.018154064629667288e-01,9.921146663675885213e-02,-3.507548001637317281e-02,-1.466462579602152705e-01,1.184903951583344932e-02,2.752257520868367502e-01,5.636420141179733223e-01,1.524443683156837329e-02,9.334766430767339751e-02,4.210103908359348612e-02,6.746729172565748070e-03,-4.822193203733673994e-02,-4.607846540222738929e-02,-4.648644171553434346e-01,-5.130021564232158937e-01,-7.554033859391727779e-01,4.571834944304647812e-03,-5.145698843584473048e-01,-5.662470755597812655e-01,-6.034469523324211826e-01,1.439569088764149074e-01,4.400487572697571181e-01,2.588970621025593055e-01,2.237041306036580968e-01,-8.365062596684237628e-02,-2.540985942628342098e-01,2.267419360255501226e-01,1.636050877255444680e-01,3.865512433260094305e-01,2.551913521779943794e-01,-3.629876621160431360e-02,3.005308447139455885e-01,-7.884832362446898835e-02,-3.959541546162353431e-01,4.180318768370447358e-01,7.141786923733269010e-02,8.974277188883257594e-02,-3.584148585965883371e-01,6.036510505041536856e-01,-1.009151276079315179e-01,3.491320553788767045e-01,3.814706360320826301e-02,5.049581938027559724e-01,2.292725597014506622e-01,1.781956872750801169e-01,-1.680634436876644877e-01,-8.431762757666266817e-02,-2.743882601765251228e-01,1.588645746429708239e-01,1.225083783069817883e-01,2.990888458434295960e-01,1.032012762893241287e-01,1.726274951401133781e-02,-1.141391185346947723e-01,-2.396720242948354451e-01,-3.467768412287897672e-01,1.238758731117471645e-01,3.247195256702917199e-01,1.217235011498568331e-01,-4.198203605265651145e-02,-3.910250392076148329e-01,-4.827395160192582968e-01,4.178613650556196046e-01,1.592265799712477559e-01,-3.194256858712306579e-01,-3.646186337207773520e-01,-3.952041212778058948e-02,7.021865668775968683e-02,-1.798405438141852386e-01,-1.724877011626864132e-01,-1.565265733742676399e-02,-6.384279593784508711e-02,3.062986094523540981e-01,4.755140247864059200e-02,8.522899326274095688e-02,1.213643699665060000e-01,-8.740139083487356852e-02,-4.847399483064010473e-01,-1.287553789953007621e-01,-1.210363467430361634e-01,-1.922728355079615647e-01,-3.824158422256653811e-01,-3.574594507507082852e-01,-3.593741805864030803e-01,-2.902066576076473559e-01,-2.748969122373417506e-01,8.821259969641452592e-02,4.034750808423877566e-01,-3.210589134485576368e-01,-2.169401251970195232e-01,1.093956395644427315e-01,3.065943657928500987e-01,3.929695397118276312e-01,1.572363847605739995e-01
