0.000000000000000000e+00,4.092906591501973557e-01,4.990004958654873368e-01,5.627236626183667462e-02,-8.386340736029675169e-02,-1.845121784532197662e-01,5.596539179727477720e-01,1.100153893920005482e-01,1.636647272545737886e-01,-1.057690691276292339e-01,6.699998533075084417e-01,8.403263649829932624e-02,6.554369562836543928e-01,1.519053688343065811e-01,3.904115302126212605e-01,-1.738857245140510988e-01,8.789918073709225566e-02,-4.280584647648481844e-02,7.820542323656961559e-01,3.647227968551793875e-01,1.069505851028128805e-02,-3.802681882118953416e-01,3.922244095004651654e-01,1.885322361139809000e-01,-1.188567572465788758e-01,-4.204427132642069714e-02,-1.433978790227604661e-01,-1.987233794454436875e-01,2.243655160624805633e-01,1.441969799553811243e-02,1.614584879040656951e-01,1.337180819950158916e-01,1.682257296719683326e-01,4.592782670358452890e-03,4.682272286933249900e-02,-6.794637393955489657e-02,-2.077409199351899216e-01,-4.212299539330442433e-01,1.512080747162713838e-02,-3.840000702048365633e-01,-1.810416956343567640e-02,-4.323271679884627128e-01,-1.580881544025559138e-01,3.700926237217577741e-02,-2.067239109379637729e-01,-2.030341689795709947e-01,4.677969546752665936e-02,9.972604585221232776e-02,-1.960553561752874374e-01,-1.780630134846051052e-02,-5.176712325888530725e-02,-1.170871594189312748e-01,-8.279706181784354802e-02,-6.225174298380251048e-02,-3.655769584552265861e-01,-1.006381423582337620e-01,2.887704402788106584e-01,3.244966154887077847e-01,3.449110282254860826e-01,7.970534648558354196e-02,4.261629663141071056e-01,-4.256406405525681863e-02,3.052402641962391472e-02,-1.870661620121172042e-01,2.602536664900244601e-01,3.588895228166143030e-03,-5.481843261475898010e-02,-2.218541539493799897e-01,4.394860300610867743e-01,2.901094871289033317e-01,4.167993457200118712e-01,4.142220137175267602e-01,3.835042610906071459e-01,2.359358810201434287e-01,2.415072514358455047e-01,1.259976560233624920e-01,2.279921229335394040e-01,2.058737287237398517e-01,4.511459904213386413e-02,-1.718588998381342103e-01,-1.458413094530179033e-01,-3.511235718075624290e-01,-4.729297520062357707e-01,-2.553499798601652770e-01,3.340359275349241708e-02,-4.944252164581182107e-01,-4.839492523548487996e-02,-2.794078758454339728e-01,4.192401562338159138e-02,-2.023700148121401199e-01,-9.643787601714981506e-02,8.722894242191071151e-03,-1.605058989338769282e-01,-9.911283363711058392e-02,3.052208120620842347e-01,-1.335668549084071399e-01,6.039930828224739090e-02,-4.592208432470668185e-03,2.283571267550179584e-01,2.438201216180753972e-01,-1.487311590894753177e-01,-3.201543385378102097e-02,-1.205292000504661239e-02,6.097750932986027023e-02,-2.154186195570432227e-01,8.111279014317279712e-02,1.049340617587290886e-01,2.131287300298621012e-01,6.945086614115838532e-03,4.527569210377333994e-03,2.512429117516029597e-01,1.154030116785824678e-01,-8.745559542043336576e-02,-5.294455878968532675e-02,2.734797839082333537e-01,-1.901926551933853515e-01
4.092906591501973557e-01,0.000000000000000000e+00,-3.435615813924970674e-02,6.844609133417536850e-02,-2.654581298641634501e-01,-2.388467834129070211e-01,-5.421696472726064697e-02,2.026693746714512689e-01,-1.962307975201185994e-01,-3.222790029551508284e-01,6.788281680771408866e-02,3.315173535020302098e-01,8.751981690264279412e-02,1.665949024518673105e-01,-1.509326145382532125e-01,-5.797020035895882745e-02,5.587513951314676541e-01,3.168517773323716868e-01,5.289562674500640771e-01,7.111146400909038601e-01,-2.816628545625097790e-01,-2.069000455221391976e-01,1.260201788725356653e-01,4.108686592383311437e-02,-3.383177681639069623e-01,-1.077536439223183151e-01,-4.102744546240327805e-01,-2.963553960310828517e-01,3.851713046855134159e-01,2.691233545592554011e-01,2.146582317358325109e-01,1.097422423971883831e-01,3.696295754551217061e-01,4.241799587791820758e-01,-1.453376557816842551e-01,-1.563386621162359338e-02,-3.319889243994465500e-01,-3.951047849047577554e-01,5.408354960558854618e-02,-2.193860271940071827e-01,8.128917531463103474e-02,-1.476995492286397316e-01,-2.096453203873375470e-01,1.437375681738847430e-02,-4.294908897326289027e-02,3.471084097087290266e-02,4.027432680162622985e-02,1.517412186505037452e-01,3.784347280454948559e-02,-4.979810045226763793e-02,-1.647228848212938523e-01,-4.869429519260315420e-02,-1.230915444601572359e-02,1.061800945607509761e-01,-1.427843691895195888e-01,6.192037379368326572e-02,7.138228885590259809e-01,7.918685629034640794e-01,1.811578940716678521e-01,4.055049333825946345e-01,-1.043045906129904804e-01,7.951729502055156218e-02,3.004055676635941641e-01,4.039077751525310123e-01,-3.311434081370593363e-01,-3.466424083674400913e-01,-1.056682773723894436e-01,-6.588515480077716813e-02,5.719071853495113489e-01,5.758558021628884527e-01,2.169582887268418081e-01,1.646374575431776288e-01,2.916359765856389452e-01,3.506700081919696399e-01,1.570663690983177818e-01,3.003978873542332839e-01,9.317388149446814705e-02,3.337730644048488848e-01,-3.186129677825005196e-02,2.717823434234878932e-01,1.033911209606718506e-01,2.035719967630887639e-01,-5.305688006994524475e-01,-5.339377608961737125e-03,-7.443667974238615814e-02,1.105481152304180759e-01,-2.968840231849176892e-01,-1.935858993266967309e-01,-3.256622167382242639e-01,1.696992160453053011e-01,-3.291650612617228466e-01,-5.736079425444038510e-02,-2.505400871584146927e-01,-2.185087979155544147e-01,4.126011441671196406e-02,-1.306955486153266455e-01,4.401684654215146791e-02,1.707405206876018988e-01,2.575140612049795497e-01,-5.615287929622606727e-02,-2.371314826735491377e-01,-2.324729954395786391e-01,7.494439610374931116e-02,1.256606644919269766e-01,-1.097244614854226280e-01,-8.495518372825167086e-02,-6.212158354047954412e-02,2.156208220203733039e-01,1.120384679478468766e-02,3.183296587797689731e-02,1.616254012190316836e-01,1.012496131377816633e-01,-4.146471711433113473e-03,-3.161210058177706811e-02,-4.244932631230855652e-03,-2.144805107516756792e-01
4.990004958654873368e-01,-3.435615813924970674e-02,0.000000000000000000e+00,3.271553140017212646e-01,2.307466566676951714e-01,-3.878902138027615076e-02,7.664049359717000076e-01,5.353137034707337871e-02,2.771250188214992027e-01,-1.394678036590177653e-02,4.051771286999686361e-01,-1.713673307161444892e-01,4.177510597132105263e-01,-9.784613698671926207e-02,3.787176369034468970e-01,-2.374016549834703504e-01,-3.244020151582565070e-01,-1.896414058706607786e-01,4.039151359422071264e-01,1.055821856506196504e-01,-1.389562036006031578e-02,-2.458280486476912829e-01,6.786989570318582299e-01,4.851497205197473073e-01,1.304134577875064871e-01,2.501618405829402619e-02,8.688076430400880346e-02,-7.410825781783833555e-02,-5.527556915980988417e-02,-1.847132753413297246e-01,1.993314835452272560e-01,2.344109207938440687e-01,1.374578409482560548e-01,-3.981885817223253243e-02,4.050706740040985188e-01,1.341816261459538584e-01,-3.481397941085734304e-02,-1.963761539343870932e-01,2.566475685550986263e-01,-2.265891526527102628e-01,-1.560277287807046442e-01,-3.943077363002022162e-01,-2.283770061850841915e-01,-1.487170351118423384e-01,-3.359462132943834001e-01,-2.237193808971250641e-01,-1.716970749043987554e-01,-2.978475171439102023e-02,-3.956472966746588105e-01,-3.459308540650298802e-01,-2.016516441862263864e-01,-3.049660931715635348e-01,-2.790140024640155314e-01,-2.715030060565836179e-01,-2.692677985260300555e-01,-1.847030631569024639e-01,-9.179088532179743853e-02,-3.724199947047045212e-02,7.263764076972308026e-02,-2.438085682922728481e-01,2.893030802966735648e-01,-1.469040668767961355e-01,-1.365938350438504201e-01,-3.493878607555735427e-01,5.806913306811496422e-01,3.028898824747875418e-01,3.817303191891510683e-01,8.404529045423411726e-02,1.341882640366790225e-01,1.793296509472712685e-01,2.328476271771277029e-01,2.896967180230813343e-01,4.992234497933515508e-02,-1.679620725877342333e-02,2.561114889504077508e-01,9.777964243048857529e-02,3.491502302482574205e-01,2.129808974602662996e-01,-6.332988718854465349e-02,-2.494144038518154860e-01,-3.275002336794591851e-01,-4.940148673518132139e-01,-2.379137919969883386e-01,-2.469708810319622971e-01,-1.795443057027824862e-01,-4.305337393525239809e-01,2.261796712166746492e-01,1.078276289331498855e-01,2.131758122257450261e-01,-3.164635754788020505e-01,-8.263995453162334415e-02,-1.488815205377787797e-02,-1.921715319305522807e-01,-1.319662881301427448e-01,2.569610245408667781e-01,-6.427813319979133744e-02,1.754511152493106463e-01,4.915104775588816088e-02,3.601264566064548561e-02,2.325954043327183723e-02,-2.252041852333746264e-01,-1.247628380521897257e-01,4.825614399021169870e-02,9.896111333665295884e-02,-2.113090687796476130e-02,2.057003862199250910e-01,1.063491555037742453e-01,1.185939348196424631e-01,-8.328825774307124785e-02,-4.247271225381361870e-02,2.086074202525159682e-01,-1.446621414164553643e-01,-3.982807268982508503e-02,-8.526339448762972062e-02,1.432009035313362433e-01,-6.106014163232562075e-02
5.627236626183667462e-02,6.844609133417536850e-02,3.271553140017212646e-01,0.000000000000000000e+00,1.216623364363777493e-01,3.715385829436962939e-01,3.137785603001894685e-01,7.905512173652383678e-01,1.874585383694630514e-01,3.652784306783424806e-01,-1.702485676473554921e-01,9.688234444577821514e-02,-1.150970146550170901e-02,2.977183348060677415e-01,-9.878678935288187635e-02,2.182324483032828388e-01,-6.370381179134956828e-02,-1.029844051149628736e-01,7.353200961412048597e-02,5.959992274034180137e-02,-2.541430767089754017e-01,-1.272703320576815955e-01,1.695801638249225252e-01,3.869144116373255948e-01,-1.414205297360333347e-01,2.688691350552310233e-01,2.630147379911832936e-02,-8.840428949685829110e-03,1.214296688839716781e-01,1.465911906474955118e-01,1.373497541860924931e-01,2.360504960099914507e-01,1.359369319697003864e-01,3.016201036882261155e-01,1.494478247544522298e-01,2.057299910046277991e-01,-1.445853052183943555e-01,-1.784070757419116138e-01,7.684939270834703628e-02,-1.804026407895596013e-02,-2.019913416679047224e-01,-1.828173209331462323e-01,-4.999193400250859232e-01,-4.203171760729345063e-01,-2.317427860194586353e-01,-4.897870954702547401e-03,-3.179505872864659133e-01,-2.077392839362935117e-01,-3.227216284474067054e-01,-7.857032048980600036e-02,-2.965491287667947340e-01,-5.197393418292455686e-02,-4.410064474724570416e-01,-2.788639148420162805e-01,-3.005450341840657513e-01,-2.549836642685905375e-01,-1.155217640780440702e-01,5.778766585745978568e-02,4.230035997776709390e-03,8.421895777760157742e-02,1.380184566825009007e-01,4.217965973257122858e-01,4.505165714301546942e-03,1.477016265671509121e-01,-1.008041984379060840e-01,3.957081713058920869e-01,1.200276839570861565e-01,2.955280122496889428e-01,1.563735042110134255e-01,6.094153435993701629e-02,-4.348669665120732247e-02,1.102260676047900345e-02,-1.702084575015461176e-01,-1.545781310960356592e-01,1.439317981823854675e-01,1.143106214841975304e-01,-2.572951597568242862e-02,2.454257734446478323e-01,1.156960580347470707e-01,1.242161945873963488e-02,-1.415682906917618278e-01,-6.377329188160374418e-02,-1.633422208112859098e-01,-3.379244626725057266e-02,-6.170040501382111353e-01,2.703174365670815357e-02,-8.905101993853405118e-02,-2.143373392242439029e-02,-3.025628981039945598e-01,-2.637959607312180821e-01,-3.024422441047445731e-01,-2.201048097506213552e-01,-3.586305610575470926e-01,-4.510401963267097192e-01,2.213193402960996620e-02,-1.236706721056934216e-02,-1.603563361788966635e-01,5.124474716941780639e-02,1.620417753389124804e-01,-5.146903415399134429e-01,-1.843300510905201972e-01,-4.503086667684136346e-01,2.135593111631177432e-01,1.900949491640736844e-01,7.466151427478570635e-02,-4.055214377772289880e-02,9.562617594043616720e-02,3.353369079792951069e-01,4.628469858861942315e-02,-1.925670395815553410e-02,1.669312322068519372e-01,-2.948628814342418303e-01,-8.096075183882239790e-02,-2.292116633866697062e-01,-9.685853514466097325e-02,-2.492978082182187999e-02
-8.386340736029675169e-02,-2.654581298641634501e-01,2.307466566676951714e-01,1.216623364363777493e-01,0.000000000000000000e+00,4.139939586136862082e-01,1.425844840250945489e-01,-7.133035244299434918e-02,5.492049601096198330e-01,3.600389230186185063e-01,5.612520869135447649e-02,-1.443538987188048850e-01,1.405944292816546926e-01,-9.912507331850317627e-02,2.934396712430499266e-01,2.348397902523976510e-01,-3.067857513531286329e-01,-9.294585358205181835e-02,-1.567612690689927923e-01,-2.771239638735870647e-01,-8.275900283503598298e-02,7.846907183660463414e-02,9.787331296625367827e-02,1.959091071794076822e-01,2.751503251904703351e-01,4.092222643641587609e-01,2.069090613149197899e-01,2.766571134366492268e-01,-2.811618992732784275e-02,-2.033264486950082384e-01,7.386957046685969919e-02,-4.986843821435577896e-04,-5.870619692562802083e-02,-1.271579610970956509e-01,1.322926777150660038e-01,8.453017224799388996e-02,2.115205765686935246e-01,2.934625322198436415e-01,1.832701687257800860e-01,3.233844618151839323e-01,-9.073728532979775940e-02,2.575122587534160457e-01,5.232772650217349525e-02,-5.419882224528085879e-02,-9.454968673927535705e-02,-9.677246249088038155e-02,-2.256026110756905595e-02,-3.370311766337093229e-02,-3.099975716521697899e-01,-2.290022225931919453e-01,-8.333400795022168073e-02,-2.351055889397965504e-01,-1.679272852455610532e-01,8.506583657251740038e-02,-1.492390374261477748e-01,-3.365883490423591251e-01,-2.489349884774896271e-01,-2.590721862631938377e-01,-2.292285740590986609e-01,-3.909432162247806208e-01,6.915928412690004745e-02,-1.061359030455613778e-01,-1.743737854058947656e-01,-2.702387415508187285e-01,2.761104306994601187e-01,2.661864110611360523e-01,1.084748286748919294e-01,1.339173622466845737e-01,-1.833725815310552065e-01,-6.125877641379090521e-02,1.756259388633235885e-01,1.951862891979466441e-01,-1.059459414422486701e-02,-8.547290608559818259e-02,2.144190827663557813e-02,6.218186243696004895e-02,5.886627917884372507e-02,1.382073611721030826e-01,1.170355792590071359e-01,-5.897016410946702425e-02,-1.612315515544537059e-01,-1.335457471807839913e-01,2.697923672086956492e-01,4.429809213994300582e-02,-1.376722234269884548e-01,-1.631041324312925908e-02,-9.345893314904001048e-02,3.466258798318102574e-01,1.846188877060534472e-01,-1.773330814296406877e-01,8.588676088453614174e-03,-5.651338459819486848e-02,-1.439566851980090267e-01,-1.235132697453988487e-01,1.304971121168748416e-01,2.477821908952679286e-01,-1.412676330221613319e-01,-2.376312434220390624e-01,-2.441876732430681499e-02,-2.104136115873720125e-01,-2.581199681052985806e-01,-2.699725817988595303e-02,1.982663164790297861e-01,7.742422753265128244e-02,-9.521376665849608234e-02,-9.887273617927974656e-02,2.116821158959305005e-01,1.581502297205862329e-01,8.471889691653455845e-02,2.584712182077570364e-01,9.221203418079702840e-02,1.408453810644763778e-02,-9.889187982256840773e-03,-2.245860438425600902e-01,8.181370405878525542e-02,-2.968558812924594337e-01
-1.845121784532197662e-01,-2.388467834129070211e-01,-3.878902138027615076e-02,3.715385829436962939e-01,4.139939586136862082e-01,0.000000000000000000e+00,6.764681580322300103e-02,2.084813601025287677e-01,2.632329890928279958e-01,6.279807270823919430e-01,-4.255531342261197059e-02,-9.838154943203618330e-02,5.746375844116986126e-03,2.159281529639636432e-01,2.247361763190793352e-02,4.630601169344364387e-01,-8.093945762881131489e-02,-1.809042721840777579e-01,-1.919199700775839346e-01,-3.114522902148101346e-01,-2.862940584582038608e-02,3.191233404584613575e-01,3.040512401341916027e-02,2.656023733616327820e-01,4.271144620003839570e-02,6.253307568410031436e-01,5.050069445573411586e-02,3.064233465140731583e-01,-4.958247950653339037e-02,-9.667503203259766864e-02,7.745990469714558735e-02,1.968685371273859175e-01,-1.644917661457980518e-01,-1.595970296804528066e-01,-6.111828932336896281e-02,-2.613899172997032408e-02,2.080350425537473846e-01,3.049100276090082606e-01,1.252380752540681874e-01,2.639425281199186957e-01,1.147881099552401814e-02,3.388279159290676912e-01,-4.601046706300971484e-02,-6.843273371786148286e-03,-6.966405515252613312e-02,-1.632468194666763794e-01,-1.271982054577373844e-01,-2.869227980422496271e-01,-2.684904315743233405e-01,-1.249895749742801487e-01,-1.710443555651254000e-01,-1.977110942264698745e-01,-1.798204492436117352e-01,-6.733228088346404627e-02,-2.325781557382312625e-01,-2.715076279903323453e-01,-2.347092290805466441e-01,-2.975669013306804223e-01,-4.535545665145552796e-01,-3.803181016770511014e-01,-4.514061528541982865e-02,1.443293050610418016e-01,-1.688901443562078331e-01,-2.879819032234577358e-01,9.716359158520825046e-02,3.915187486499276392e-01,-2.091990325880573598e-01,-4.339440412596495995e-03,-1.476047132728993683e-01,-1.729153631486365639e-01,1.522208472578395755e-01,3.073769903617757857e-02,1.106338886318887840e-02,-9.337912521403760047e-02,-1.113311317350121343e-01,-6.749629768048312495e-02,-7.539100747858827611e-02,9.065770908991402019e-03,8.867149051900430345e-02,2.475022429583232167e-02,-7.146221509073828748e-02,-7.829699618110458337e-02,2.357260172732458525e-01,-5.239860895499303534e-02,-2.590006124494825812e-01,5.622998922568214070e-02,-1.014387467562612166e-01,4.852288604987203130e-02,-1.127172120574586184e-01,-1.665455483587860441e-01,4.066111925796025289e-02,-5.006845130481206441e-02,8.958057205325564709e-02,-4.230724298970660324e-02,-2.999010487991628920e-02,1.239937225797732995e-01,-2.565982152930849081e-01,-2.775952988081016870e-01,8.086232731212207592e-02,-2.346082358153201985e-01,-4.275203470804118250e-02,-2.543225532408839237e-02,-4.146865884147531156e-02,-5.595561238439164531e-02,5.588037914482584662e-02,-1.630640662208102665e-01,1.050033004831079225e-01,2.639047248308463156e-01,1.046468726873778649e-01,1.758972075349635178e-01,-5.545339927309229922e-02,-1.004424046926717801e-01,-7.926491013083084014e-02,-3.196474057832338622e-01,-8.913264358286314415e-02,-1.001636287689104260e-01
5.596539179727477720e-01,-5.421696472726064697e-02,7.664049359717000076e-01,3.137785603001894685e-01,1.425844840250945489e-01,6.764681580322300103e-02,0.000000000000000000e+00,2.668395730805630528e-01,2.126824920247249451e-01,4.064747220453364396e-02,4.712586534963474350e-01,-1.529288761222682425e-01,5.068837363725855472e-01,-6.759622636711816457e-02,3.584555064593449858e-01,-2.683743857703757563e-01,-2.269176725896181468e-01,-1.733550965506967523e-01,4.836290105975372122e-01,7.247567424979860229e-02,1.141596060249767952e-02,-2.599897167024400879e-01,6.383943907286896424e-01,3.113466830546569586e-01,-1.828602191881605749e-02,2.489351068624664695e-02,6.986665798757199508e-02,-3.038029948508097142e-02,5.620237415644036005e-02,-1.158495923050558846e-01,1.706275923066057354e-01,1.550149315740523837e-01,1.400731901759433018e-01,-6.296147294377302250e-02,2.665634162557221076e-01,-7.329302223050603027e-02,-1.020700721231605074e-01,-2.736182528030196570e-01,1.124395049823228993e-01,-2.427847944366299804e-01,-2.356581548189624620e-01,-3.919870865800011428e-01,-2.638663737065616299e-01,-1.002228000918169992e-01,-3.036659093685096789e-01,-2.810287281307629614e-01,-2.009175574521753493e-01,-1.882613078483164060e-01,-3.764253971291623424e-01,-1.896111847442441545e-01,-2.175446002165854209e-01,-3.282018657793656091e-01,-2.985035224713474822e-01,-3.217799372370888089e-01,-3.452913464159299561e-01,-2.346293009586375433e-01,-1.277473303452037190e-01,-3.326568329729968215e-02,1.742143897052671198e-01,-1.895329428897487845e-01,4.654210504905342827e-01,1.367103333915638541e-01,-7.091198536736766089e-02,-3.196534504492497542e-01,5.246477439083824246e-01,2.974057201715133436e-01,2.105854442499525414e-01,-6.979276996478533945e-02,7.608180291789862215e-02,1.287883320233940421e-01,2.356330927424531985e-01,2.185792902001732485e-01,5.681181996575045828e-02,-1.083518125053095291e-02,1.907601001960761433e-01,8.274203316440756351e-02,1.483115761041901848e-01,6.928222977530856808e-02,-8.034815636151694529e-02,-2.979338329562628562e-01,-3.658748740967402435e-01,-4.738345150773803915e-01,-1.381839662712629202e-01,-3.581028735275104125e-01,-1.338784092985999541e-01,-5.517768579913869820e-01,7.906153681150940304e-02,-1.503142460558598847e-01,8.010263475755792506e-02,-2.854632922539268036e-01,-2.021719547695879915e-01,-7.818840471176839724e-02,-2.032232700462011932e-01,-1.462408892919306869e-01,1.952773859886728358e-01,-1.086739481402346635e-01,5.731666385009809295e-02,-4.296329155694308954e-02,1.066163306690456544e-02,1.047879245778902402e-01,-2.061060696765694145e-01,-8.823472227350077912e-02,-5.582127249131257213e-02,-1.024240693330917204e-02,-1.160203557746154607e-01,1.101270069285370107e-01,8.831526536735948008e-02,1.134269692582168115e-01,-5.440486988060648510e-02,-1.171583808664977515e-02,6.563031290661239248e-02,-8.615039401225138560e-02,-1.483597031746072270e-01,-2.473291782825503826e-01,7.646740347540408045e-02,-5.283157016069019857e-02
1.100153893920005482e-01,2.026693746714512689e-01,5.353137034707337871e-02,7.905512173652383678e-01,-7.133035244299434918e-02,2.084813601025287677e-01,2.668395730805630528e-01,0.000000000000000000e+00,9.029723495768977870e-02,3.088243236554388815e-01,-7.467551814893905182e-02,3.979166033756250109e-01,1.367923647797550379e-01,5.082589490105530183e-01,-1.184836049109571771e-01,2.409078997796992028e-01,1.003535021877724198e-01,-8.857171132480375075e-02,1.517445450180272548e-01,1.107706587708140455e-01,-2.938099595771639372e-01,-2.425876918664416626e-01,-3.753833138329354391e-02,3.560753916239191297e-02,-3.658997138389618042e-01,4.089225449411160868e-02,-6.563943195075720716e-02,-6.635688129135812463e-02,2.487386431522195518e-01,2.866366655973459077e-01,1.626419559239565549e-02,7.785165893776212209e-02,6.125816844178906539e-02,2.684230768002850431e-01,-9.722144810106136958e-02,1.356391815908659839e-03,-3.952054721847169660e-01,-3.790795017756823371e-01,-1.295396191025968702e-01,-1.113525341524649603e-01,-3.392639659375537020e-01,-2.816646017422589354e-01,-5.593071530224986709e-01,-4.768569347216587984e-01,-2.112245620313626948e-01,-4.567102323037121325e-02,-3.260467959372846947e-01,-3.022627092044731789e-01,-2.928081536657042849e-01,1.052962803881721532e-01,-2.960160758787215851e-01,2.631933931706906607e-02,-3.688701524389811914e-01,-1.977846559947284422e-01,-3.449263084981309402e-01,-2.134788743689726431e-01,-4.578161180177155176e-02,1.478185484157312213e-01,2.152684045192378159e-01,2.997180373835472422e-01,3.107242174319126971e-01,6.675121715475477169e-01,2.323586740503652825e-01,3.757650399190839985e-01,-2.863844503960877308e-01,2.098133955199928957e-01,-1.596776697798783506e-01,2.970235278010088451e-02,1.443828372040573127e-01,4.056463857122260402e-02,-1.197721301423206874e-01,-1.265844488909056431e-01,-2.236607292448910267e-01,-1.315877503960986294e-01,9.971670974371309171e-02,7.456011325276989954e-02,-1.980199641342288430e-01,1.567079202557043194e-01,6.771394217257915848e-02,8.563283321620927813e-02,-8.356026190912069218e-02,9.838044947545104835e-02,-2.070597132537606855e-01,-4.457506772975917270e-02,-5.454283565531874434e-01,6.727990086630589520e-03,-2.734764072946632707e-01,-3.110155200642951145e-01,-3.910460461583241676e-01,-1.498055307444118578e-01,-2.920345544921775227e-01,-1.787943883635557674e-01,-3.322148385992786390e-01,-3.950222353149102639e-01,-3.439024639936896777e-02,-1.509729802376953423e-01,-2.698143579316961693e-01,1.015780601727724747e-02,1.254979218981957523e-01,-4.125724967389143849e-01,-1.108112463610167187e-01,-3.338670797138902913e-01,1.626091953469535334e-01,1.504445127041509622e-01,-1.029157880968011203e-02,-1.238457570052478862e-01,5.656366625714688567e-02,2.624122803972857576e-01,-1.207997582299506246e-02,-5.669569937606083049e-02,-8.438307529740089394e-03,-2.665836380206467737e-01,-5.772265311527319948e-02,-2.586384688683258659e-01,-1.519738699204051247e-01,-1.580140121365377140e-02
1.636647272545737886e-01,-1.962307975201185994e-01,2.771250188214992027e-01,1.874585383694630514e-01,5.492049601096198330e-01,2.632329890928279958e-01,2.126824920247249451e-01,9.029723495768977870e-02,0.000000000000000000e+00,4.274701147454382788e-01,2.164339306177651412e-01,5.431060681996315032e-02,3.047275598626768556e-01,1.892642081479033456e-01,5.061029969894301761e-01,9.530196624625209001e-02,-3.269351812633164989e-01,-2.255662655879598910e-01,-5.613042888861249219e-02,-2.928047779582564347e-01,4.249222636984347629e-02,3.323999194785913491e-02,5.789207333315282006e-02,1.534061674804960418e-01,4.102732327126259460e-01,2.105025858480505663e-01,-1.366170771579781722e-02,2.160628033273584436e-01,-9.554392792465881204e-03,-1.965472127300258443e-01,6.424711305684446816e-02,-3.083704407281624010e-02,-2.124023971659283194e-01,-2.132374746645165076e-01,1.740103768845314702e-01,1.615135201686812016e-01,1.207392426611356012e-01,9.628400637030747056e-02,-1.604434047712203770e-01,-4.371207543151330727e-02,9.468437230975638996e-02,-1.488765087993856352e-02,-7.653501818862519512e-02,-9.525151602658050998e-02,-3.109085962583220120e-01,-1.670317347748093428e-01,3.731268791915215433e-02,1.239270100314808914e-01,-3.836426794652439409e-01,-1.714124730953094367e-01,-6.019659404539861453e-02,-3.860387552847525938e-02,-4.759188574639942187e-02,1.627989115615039589e-02,-2.940697580139804423e-01,-3.743453716193829717e-01,-3.110881569283797110e-01,-2.237392635564769694e-01,-2.987956309042567177e-02,-2.615855675182991447e-01,3.291419151014910449e-01,-2.929094675809422801e-02,-1.237791835513878252e-01,-2.478672647983683752e-01,2.998167490363043419e-01,3.809957849827686482e-01,2.626361148351328764e-02,-4.004656842712377152e-02,-7.320644243194167344e-02,-9.070986246093702687e-02,1.455901821133584184e-01,2.564701833326871183e-01,-5.548854193601904933e-02,-8.757337081727119277e-02,-1.510214596838648816e-02,-7.849096216261969294e-02,1.598371269250910831e-01,2.246452574749183140e-02,5.540656740733196362e-02,-1.456958073626307970e-01,-2.160740782740796506e-01,-3.317991470483570016e-01,-2.381445443690506647e-02,-5.308384894757395278e-02,-1.003891990813099294e-01,-1.056586847848255128e-01,-3.029016630964607645e-02,1.908665578665960996e-02,4.170642717608018246e-02,-4.229193055719605576e-01,1.904904829387007448e-01,9.729660435382500583e-02,-4.870895215592492555e-02,9.859168164541078083e-02,1.147749043025602100e-01,2.007717211435787186e-01,4.177805482690274269e-02,-8.596250966537265226e-02,-1.472318816355405457e-01,-1.448084796851623335e-01,1.007575630212750456e-01,6.140571020323926099e-02,9.155699495729160975e-02,2.481982999344877205e-01,-4.583500911733651845e-02,-1.360583460007216416e-01,1.257356910424210494e-01,1.698055302097342401e-01,-8.763966688327223808e-02,1.127223086244783790e-01,1.662830170884427583e-01,-1.695579462219587996e-01,1.613776474295305075e-01,1.344734929282006275e-01,7.798028576223024755e-02,-6.924049076450645990e-02
-1.057690691276292339e-01,-3.222790029551508284e-01,-1.394678036590177653e-02,3.652784306783424806e-01,3.600389230186185063e-01,6.279807270823919430e-01,4.064747220453364396e-02,3.088243236554388815e-01,4.274701147454382788e-01,0.000000000000000000e+00,-5.240007211458030251e-02,8.467207198760144660e-03,7.772816301382942661e-02,3.471717548909559747e-01,2.228112419393769583e-01,4.769429256771500203e-01,-1.240652449168719862e-01,-2.050448998852092419e-01,-2.445425615943242759e-01,-3.933572707944669178e-01,2.208272766887732497e-02,1.260066980988488183e-01,-9.637611229425117887e-02,1.199159620280817878e-01,1.166979342943987030e-01,3.428180876173277936e-01,2.259014605190806380e-01,2.816014752860298564e-01,-3.830727684103464592e-02,-2.857630759408149972e-03,8.269758160681681125e-02,1.303253070756812404e-01,-3.254378313432220171e-01,-1.867349104640749213e-01,-1.440148838970406464e-01,-9.527859985927300546e-02,1.523281958306170469e-01,1.343995615670599830e-01,-7.047570535077984921e-02,1.673738384146729319e-01,-3.663653676202825726e-02,1.638497901631562059e-01,-7.394168395142730610e-02,-1.787772764374037371e-01,-5.665171182310497350e-02,-1.583966192686528107e-01,-1.813775054286500821e-01,-3.443226164355056573e-01,-1.796124510723315360e-01,7.737644657279207916e-02,-5.873150978435284081e-02,-7.693071110130200729e-02,-2.699581826053207845e-01,-2.093143734656699173e-01,-3.732715742955200477e-01,-3.942575383698397329e-01,-3.692753324434600581e-01,-3.345573342326518262e-01,-3.044856039866519759e-01,-3.134374684861071514e-01,1.398767662509406151e-01,2.333120445872838844e-01,-1.546068461864429922e-01,-2.336547498772865716e-01,6.900103608477829720e-02,4.232563556890412415e-01,-3.580025922086955137e-01,-1.665052428378989702e-01,-1.845694085607726687e-01,-2.182614511822682513e-01,1.838882004726845321e-02,-8.677898104636400101e-02,-6.708913833958772555e-02,-7.671752342770662980e-02,5.517645284699382313e-02,8.869151412915066146e-02,-8.909930791293919905e-02,6.037785864558996990e-02,2.217022682242476006e-01,5.844289952781353548e-02,4.291486884605131419e-02,-1.636334721288884020e-01,2.286692405479806844e-01,-7.445925037017005199e-02,-3.381330133191530751e-01,-1.986680431699806293e-01,-1.605597677207522278e-01,-4.279812846315177860e-02,-2.445649122446132417e-01,-4.265576891276283700e-01,8.967163272111297601e-02,-1.113538255468492777e-01,1.402154243379728493e-01,-1.749023988498708132e-02,-6.538475806507439148e-02,-1.848406544489789114e-03,-2.833986812903007135e-01,-3.155498099903777942e-01,-1.175395798177504003e-01,-2.712801981945563434e-01,3.017447191102289039e-02,-5.581540674311567807e-02,7.820404001075987807e-03,1.671715630723734011e-02,1.687039305001103717e-01,-1.051952294205718563e-01,1.587423712461354386e-01,2.515708923154586496e-01,-2.197164675127450187e-02,-5.126728897300863487e-03,-2.242681928419650028e-01,-1.471195554947261619e-01,3.685345120492473665e-03,-1.576997383818362630e-01,7.030655273596002341e-02,9.411203664096749744e-02
6.699998533075084417e-01,6.788281680771408866e-02,4.051771286999686361e-01,-1.702485676473554921e-01,5.612520869135447649e-02,-4.255531342261197059e-02,4.712586534963474350e-01,-7.467551814893905182e-02,2.164339306177651412e-01,-5.240007211458030251e-02,0.000000000000000000e+00,2.732686972554175253e-01,8.931443889314578666e-01,2.761723829617682147e-01,6.359203242157225322e-01,-1.146738368703011102e-02,-5.890182390271789942e-02,-2.291917498933694619e-01,5.173919579595424034e-01,-3.161850144479753238e-02,2.294437033033566720e-01,-1.948588592797895480e-01,3.896293344083256449e-01,1.592410421258198261e-01,5.648382162444244570e-02,-8.857483644417822599e-02,4.539087319629277195e-02,-5.830850515628242109e-02,-3.968258375462527243e-02,-2.458867866269170976e-01,2.744224855268146551e-02,8.805604742784559069e-02,-1.532089189808940599e-01,-3.961976118953599024e-01,-5.109001772870131602e-02,-2.069782779780671433e-01,-1.172032369858787559e-01,-2.881565017132133866e-01,-4.744614491679782775e-02,-3.379501967645924809e-01,-8.913691922718545296e-03,-3.322522291140498907e-01,-1.420199355701923516e-01,2.468887585020146380e-02,-3.540447145232337722e-01,-5.063677818368526040e-01,-1.576609673376969945e-01,-4.691053920564220575e-02,-4.230328523102368510e-01,-1.475187149844080781e-01,-1.801913636723973533e-01,-2.586974822180493905e-01,-2.470790375917728335e-02,-1.692853616770433611e-01,-2.980666232556297701e-01,-1.089528839027582852e-01,-7.787748326290339085e-02,-7.761897826138401679e-02,1.477157506828190303e-01,-2.398006327055382803e-01,4.763020204787809520e-01,-1.180096990712788813e-01,8.861251406418839405e-02,-3.178076825559286722e-01,5.191362892344575375e-01,2.363365786391740386e-01,-1.999038634645979584e-01,-3.634019513505837851e-01,5.502379915235884600e-02,-5.129459057654354309e-02,3.242501127365778890e-01,3.567223029743080698e-01,2.387926030141608036e-01,1.153881763486496320e-01,9.053029476049145874e-02,6.041860241400838147e-03,3.025404856360786598e-01,8.856709260959981511e-02,-2.318131753482160495e-01,-2.721945391433456263e-01,-3.166505736302562823e-01,-3.759803738054868782e-01,-1.635595967408471074e-01,-3.506060302499982573e-01,2.601599422194987854e-01,-3.425118844803195506e-01,1.715286033911162245e-01,-1.208039389148627962e-01,2.908966737081630782e-01,-2.107608484198338628e-01,9.222304385381009662e-02,1.066790845754424094e-01,-2.534146981685888450e-02,5.287049466698309774e-02,2.979148885698577609e-01,-1.889606216366003233e-01,1.272120817944543758e-03,-1.697404279804142768e-01,-3.721125507895155227e-02,4.161094845582318791e-01,-8.938304377785287469e-02,2.519134585862231601e-01,-1.761280338225856001e-01,-3.403549639277587274e-02,-3.682714579877586769e-01,-1.714881834177572548e-02,-1.866208504890767839e-02,8.267429758763927827e-02,-1.238283785684862470e-01,-2.123159891269614519e-02,2.334391850155415060e-02,4.544523185009815593e-03,-1.088118364455813308e-01,2.178573421979052016e-02,3.320395022517328987e-01,-2.289944746961812272e-01
8.403263649829932624e-02,3.315173535020302098e-01,-1.713673307161444892e-01,9.688234444577821514e-02,-1.443538987188048850e-01,-9.838154943203618330e-02,-1.529288761222682425e-01,3.979166033756250109e-01,5.431060681996315032e-02,8.467207198760144660e-03,2.732686972554175253e-01,0.000000000000000000e+00,4.078431146138916663e-01,6.378476802658440414e-01,1.901569636327962720e-01,4.578797344502428812e-01,3.074963618664950382e-01,-5.549610014778217672e-03,1.488669703720750803e-01,2.011730106002548035e-01,-1.357029137523967088e-01,-2.182951030379379487e-01,-7.712798214811553144e-02,2.344379805755000476e-02,-8.901764295125931536e-02,-1.012044735685006663e-01,-1.494126003365260080e-01,-2.046672191684070219e-01,2.129103163608489224e-01,3.159360048714108249e-01,9.917107343305846257e-02,5.950260377094986758e-02,4.941235201826246065e-02,1.734825140673261767e-01,-3.234218943942754887e-01,-1.150045210649301014e-01,-3.278974628820302550e-01,-3.246731482753734133e-01,-1.932351626351448970e-01,-1.309019785684859549e-01,4.039939519253347988e-02,-1.153080971407703104e-01,-3.192291115813994384e-01,-3.367865349963023447e-01,-2.369527050465820295e-01,-1.721534811599350068e-01,-1.090317519988994316e-01,-1.105490318210696210e-01,-2.341549443823197074e-01,1.202877915757019633e-02,-2.686942999814311839e-01,1.121375086740157220e-02,-2.971097417787742570e-02,-3.374099467435014849e-02,-9.259418989206319450e-02,-1.132172195986704544e-01,7.142152458792193348e-02,1.478251383837264343e-01,1.953032694184111129e-01,2.877924773592240859e-01,2.900287941389338431e-01,3.970440816249451998e-01,6.201610018374411615e-01,5.335974506109324444e-01,-2.735282266790710071e-01,1.455256078011223780e-02,-3.628511425202017304e-01,-1.486819082412188520e-01,1.009404974735336885e-01,1.143629279782414424e-02,1.047495734069715280e-02,9.837702448677515532e-02,7.676988963450868952e-02,1.664773598591093584e-01,2.032732590856517821e-02,8.105616044544999843e-02,8.357100534622080232e-03,2.007802207933748195e-01,-5.985889038433228615e-02,3.562114539536469920e-02,9.731692849939121981e-02,2.434880401210373080e-01,-1.806971175888772152e-01,-7.784487820558314009e-02,6.872663004247511753e-02,3.309089180728723156e-01,-1.640634578738627836e-01,-8.746509880626401889e-02,-4.725963697495149524e-02,1.195824396322231649e-02,-6.544469869572330789e-02,-5.494948622264154287e-02,-2.081484909808839767e-01,-2.822452733769614253e-01,8.901027652730147954e-02,-9.812688691476788294e-02,-2.376471781054557697e-01,-1.675036400273967677e-02,2.623523093780814192e-02,-2.467673528875539424e-01,-5.119256543577616059e-02,-1.121744927120660873e-01,-1.638039168686244648e-02,3.119436370100353226e-02,-2.566769516001118356e-01,-3.929718547485144264e-01,-1.331383868103935275e-01,6.508480006035666232e-02,4.694769146216649924e-02,2.051842814064856746e-02,-9.134645661295399954e-02,-1.420442318338167309e-01,-2.145281510987882487e-02,-5.098253971890972375e-02,-7.640754738440617977e-02,-1.844556343693114497e-01
6.554369562836543928e-01,8.751981690264279412e-02,4.177510597132105263e-01,-1.150970146550170901e-02,1.405944292816546926e-01,5.746375844116986126e-03,5.068837363725855472e-01,1.367923647797550379e-01,3.047275598626768556e-01,7.772816301382942661e-02,8.931443889314578666e-01,4.078431146138916663e-01,0.000000000000000000e+00,4.023595510649549123e-01,6.313351396008892724e-01,1.312171166147886037e-01,-3.921778874436493423e-02,-2.217432174277589318e-01,4.882605929025828906e-01,-3.980216674783024211e-02,8.734212144805313105e-02,-2.822057525496607377e-01,3.042469850187475289e-01,1.266525480780720803e-01,7.355044584545852859e-02,-1.898848338891660770e-02,1.067691255620633745e-01,-6.529352433057387939e-02,1.194437084658024062e-01,-5.870887390277469697e-02,6.292804225986219080e-02,1.418333559887888229e-01,-6.891724841366213272e-02,-2.502978460213999279e-01,-1.144276452456944315e-01,-2.292896972295832836e-01,-1.627425064104030816e-01,-3.110254070923874625e-01,5.742629552326786700e-03,-2.197160376264900294e-01,-1.023485263392358291e-01,-3.266624579720390220e-01,-1.814909804434037821e-01,-6.338816761463540728e-02,-2.868627073769009495e-01,-3.910284177721715104e-01,-1.253969235162989415e-01,-8.806832717261700583e-02,-4.303471001481201097e-01,-5.748146068859851660e-02,-1.552173472183127345e-01,-1.730683802138519578e-01,-9.608628550749256925e-02,-1.291287734355464623e-01,-3.776560793930919258e-01,-2.550035898342430385e-01,-9.280719974787118853e-02,-3.943502144324245035e-02,2.534088673862052721e-01,-1.871593614305493980e-01,6.351322761836487585e-01,5.468045330055081726e-02,1.983766998546844518e-01,-1.831478499610728616e-01,3.945076144241195792e-01,2.582954737920895028e-01,-2.368936295912618117e-01,-3.329511219696746349e-01,6.763004504416340879e-02,2.943365808141066957e-03,2.979250210485854256e-01,2.947284406692499692e-01,2.007392441371849412e-01,9.504536044086003832e-02,1.687570895494993339e-01,5.329016437431981223e-02,2.326067834668793799e-01,1.239687877169773217e-01,-1.076842213774263923e-01,-2.555532632992814079e-01,-1.830498315051288793e-01,-3.563668947037517687e-01,-1.788857664474685361e-01,-3.877723051029557388e-01,1.174787729186364399e-01,-3.455980729658629236e-01,1.724990080283334698e-02,-1.634225795503209400e-01,1.718006298245145780e-01,-3.180162707901285635e-01,3.756246915760345917e-02,1.967961847875033046e-02,-5.835612772640168949e-02,-4.780482894052985599e-02,3.078442463957806186e-01,-1.419167133677888826e-01,-1.195468687651008444e-01,-2.245682651528841112e-01,1.931866654805155722e-02,1.957800845309815574e-01,-1.459512038459861993e-01,1.155475151499047726e-01,-1.406766788164254822e-01,-7.903115081217688964e-02,-2.938742051652095677e-01,-1.207651761764834131e-01,-1.842375128425561767e-02,1.950689089590200154e-01,-7.058843547195851886e-02,2.802405801992095477e-02,-2.519254502410457272e-02,-2.442996185853200941e-02,-9.616709611374392452e-02,-7.990050712998365834e-02,2.895497793850134172e-01,-2.279292904438229295e-01
