0.000000000000000000e+00,7.100238229908177878e-01,6.122948391486020964e-02,1.503539165492457919e-01,1.981292731385520534e-01,2.992598040460254238e-01,3.314533395362292412e-01,3.303606654284045319e-01,3.521301691070018447e-01,7.903064043412491579e-02,6.250794902436124234e-01,5.491826552979630627e-01,3.661976003133585733e-01,2.421346779276039307e-01,7.490029033714332152e-02,-1.914969660900281076e-02,6.012175880426252200e-02,-8.564201530551933395e-02,4.649604358503760526e-01,4.154987423071564989e-01,-4.146297325668455991e-01,-3.361322437599615909e-01,-1.216019616311762169e-01,1.269610604290718169e-03,1.683542764034657024e-01,1.293274797881955041e-01,5.623325897267920925e-02,-6.019839575741011556e-02,2.094682702841576261e-01,-1.173501112426545978e-01,4.812528643803015704e-01,4.296320674756703983e-01,6.374964899214240477e-01,6.627773626712448740e-01,-2.789548764284693200e-02,-6.008821569971843635e-02,-2.520284341479245294e-01,-2.942305780182024044e-01,-3.201760206486007898e-01,-3.363272012922420284e-01,-4.726136856716305901e-01,-4.189312668655710836e-01,-3.459390119325247287e-02,4.890425765287734552e-03,-5.425224981209521985e-02,-9.969626756456012595e-02,2.984440112669104611e-03,-7.263437188554913715e-02,-8.285881692495397632e-02,-1.009016958950474524e-01,-1.018545033297908048e-01,-2.682910765135562148e-01,-3.946933742403169187e-02,5.601898245876524296e-02,-4.163367107830890368e-01,-4.921843155053893804e-01,5.941124196695106718e-01,6.340584097964900856e-01,4.936170601547289483e-01,3.328829459483659270e-01,5.572369844773877867e-01,3.718399805685811965e-01,9.696058846882860127e-02,1.042627958845299546e-01,-4.620182771511297665e-02,-8.329890832188788230e-02,-6.661909178652641005e-03,-7.606203991061909198e-02,4.007755554795648378e-01,2.834870292043012996e-01,1.322026034144091478e-01,2.023330832105226518e-01,2.740629998365275849e-02,1.886917642162615552e-02,6.970323727659570590e-02,-9.260309314644003809e-02,2.558354682143984538e-01,1.780297103911809564e-01,-1.029832120292800274e-01,3.685639378189425192e-02,-5.687401669555931100e-02,-4.010886246680053779e-01,-4.427738803881460239e-01,-3.393552696367473365e-01,-4.329408038495803357e-01,-5.889634311765167274e-01,-4.070473023710522442e-01,-4.383412643634398975e-01,-4.666036588030864629e-01,-4.347529950427447276e-01,-3.953459969834570154e-01,-4.603485546938498874e-01,-1.831287118308452255e-01,-2.918171837243886402e-01,-4.138592988692649938e-02,-1.917038486092021154e-01,-9.272260743448565434e-02,-2.438253854752079619e-01,-2.586145097279246019e-01,-2.693568829639404472e-01,3.611883320580979578e-02,7.531519976037460984e-02,-1.656974457847721488e-02,1.152271695462421443e-03,-6.246458647976541739e-02,-3.906332337624583984e-01,-2.825041746552522937e-01,-1.177653620177428473e-01,8.625097894181797675e-02,-3.069960910114968855e-01,4.876496190893014199e-02,1.259500950894966442e-01,3.475935364765178615e-02,-6.193271687073474002e-02,-2.959180875139435715e-02,-8.232821619264740765e-02
7.100238229908177878e-01,0.000000000000000000e+00,1.665376381116537297e-01,9.702693564153849759e-02,2.805895780926123684e-01,2.858240006195167382e-01,2.073188206008077794e-01,2.136509086819321224e-01,2.673839620384985127e-01,1.454509504229566097e-02,4.268098997148928042e-01,4.875913455012131914e-01,3.990365852530094459e-01,2.975962892159074724e-01,7.186275368131332664e-02,-3.083754019957912068e-02,1.998418531713585522e-01,2.361496196355101773e-01,6.550936838124199468e-01,7.417224227287785299e-01,-3.015755991627073751e-01,-2.328184000035614099e-01,1.201354552627298573e-02,8.564315901300034034e-03,1.410577976323591498e-01,1.990390634946138104e-01,9.599948009215976408e-02,-3.233561641660900182e-02,1.207149563403246695e-01,2.050717082460537244e-01,3.803781300952984168e-01,4.909793897852604005e-01,6.139033988148893117e-01,7.119819060093055541e-01,-2.927205095378648553e-03,-9.900694541109634345e-03,-1.622233651678673394e-01,-1.343735231783897699e-01,-1.817256277510476692e-01,-3.788985369711250772e-02,-2.711158789416932002e-01,-2.018607679204524330e-01,-1.093832538010718058e-01,-1.083624362799723816e-02,-2.721038255479280576e-01,-2.619756581499962378e-01,-1.086085429193229812e-01,-1.277097789227245317e-01,-3.386456101145097208e-01,-2.863900923463066905e-01,-3.586069110642803315e-01,-3.708251536747555477e-01,-3.123732881914330628e-01,-6.763826739580558467e-02,-4.405278873099943704e-01,-5.541055168148607546e-01,6.204412789709500275e-01,7.968840588577759121e-01,1.256986129068161651e-01,1.045123536408419929e-01,1.166087340529936567e-02,1.990219663868617594e-01,-2.629890160918556610e-02,2.713685961638682698e-01,-6.461381314397213194e-02,-3.894347475832626859e-02,-1.321816287312278515e-01,-1.213472236054510406e-01,5.898754802140590003e-01,5.185193622979236139e-01,6.282502980425264116e-02,1.226465803476711469e-01,-5.835636596428381284e-02,1.829030417995452240e-01,2.556945071881179254e-01,1.129846193938201099e-01,2.446027975634658957e-01,2.201236098989953205e-01,1.527314326648055998e-01,4.328316280934629834e-01,7.308254624904489405e-02,-1.655652035704356650e-02,-1.148900504905598502e-01,-6.069535410935663483e-02,-2.894167243121226196e-01,-3.935256081787101845e-01,-7.646169190161521134e-02,-5.256500891371610612e-02,-3.585976701362140195e-01,-4.720990471326010907e-01,-5.943841723874923044e-01,-3.941998536994554825e-01,-3.136372570762301359e-01,-3.221280007121592875e-02,-1.077003104773343461e-01,-1.356599263726581683e-01,-1.579252254071324690e-01,-2.735406713131198764e-01,-4.925262640709792139e-01,-4.018101442006968282e-01,-1.928629219771932080e-01,2.600244985676342657e-01,-3.253430939444079129e-01,-7.267023380588780168e-02,-2.653241691296263083e-01,-4.868499470719207523e-01,-2.782471080824217013e-01,2.969775912957580560e-02,2.180663352354475851e-02,-2.604883582108367679e-01,-1.613724985263513545e-02,-1.632410284283162261e-01,-1.921050542330259847e-01,-2.682546262994106590e-01,-2.053646395695404303e-01,-7.555547497934544943e-02
6.122948391486020964e-02,1.665376381116537297e-01,0.000000000000000000e+00,8.409685528934334187e-01,3.801966229797630326e-01,4.127767072817436489e-01,7.521247433374446123e-01,6.945667684175403922e-01,2.869510363105920447e-01,3.720471185108700785e-01,1.396077735313380475e-01,3.835036770453823518e-01,3.884020739935624689e-01,3.236348623819788606e-01,1.613524026566486302e-01,2.843411183348499294e-01,-4.502935537665115895e-01,-1.151426673160400732e-01,5.223669162718098669e-01,4.262531195136454731e-01,9.311841786537770893e-02,1.616883886802421566e-01,7.885803884725217650e-01,8.554129828959766702e-01,3.696835344246988120e-01,3.668001315544204832e-01,3.132153635549457249e-01,3.232603739631624840e-01,-3.640955554959381391e-01,7.484015337490752817e-02,3.868814469627208097e-01,5.822309933663976089e-01,-8.702211663850001333e-02,3.333264750431156470e-02,-2.395699838419949601e-01,-4.629349004816202817e-01,-2.480703352604340939e-01,-2.797108487154770784e-01,-3.139557339314588691e-02,6.759032246169595359e-02,4.216861597520062815e-02,-6.952661992843024719e-02,-4.620206173986549647e-01,-5.218230919149609015e-01,-5.394301813273794100e-01,-5.488684915347908921e-01,-4.373436791225053799e-01,-6.238887004671745951e-01,-5.327131528017812201e-01,-3.965051405331023182e-01,-3.618176083347707794e-01,-3.399382148697052131e-01,-1.464816825144970303e-01,-2.280194323982565607e-01,-7.670593913859715188e-03,-2.911878839386463635e-01,-3.236619236224873575e-01,-1.293907218789722702e-01,-4.447273489146655878e-01,-2.167001653742944567e-01,-3.100337675157255335e-01,-5.380398314710475166e-02,-3.708872976403723154e-01,4.977045207939989613e-02,-2.221447329271008519e-01,-4.776863703351142548e-02,-6.208195472682862537e-01,-5.779633010073693677e-01,-2.041134418746283485e-01,-2.424269254421127506e-01,2.800847398236795960e-01,2.916907198555089287e-01,3.616677360107989347e-02,1.957530894452526593e-01,-1.737447882827946322e-01,-5.352417395886600870e-02,-1.740183392696467712e-01,-1.715652933169812544e-01,-3.029139351754566167e-01,-1.103733065867766039e-01,-3.643077696715976699e-01,-1.536215843539529002e-01,-1.430016336365224315e-02,-2.037751897280472013e-01,-1.504444399557346435e-01,-4.068883427188598606e-02,6.436944191326782194e-02,-9.521190308352128762e-02,8.464330134977207654e-02,2.143950259562245608e-01,-1.227901164528435451e-01,-1.008326845088705764e-01,1.334630579730303468e-01,1.157245025266877558e-01,-1.334865230430107852e-01,-1.065727504186150809e-01,-5.898978365275761582e-02,-1.907347970573785023e-01,1.867880595199339702e-02,-4.128115484990550754e-02,-9.260775754891781286e-02,9.359034693609365185e-02,-2.220781612436476815e-01,1.446928093846026192e-02,-7.538472391067742306e-02,-5.835496925977860794e-02,9.395685064697513467e-02,-9.827652965816330299e-02,-2.122526214536635814e-01,-1.132561324439679412e-01,-3.198512015632763994e-01,-8.959262395690384406e-02,-9.918977192923973674e-02,-1.921637700696447390e-02,-6.531333241373846188e-02,8.650565921189030949e-02
1.503539165492457919e-01,9.702693564153849759e-02,8.409685528934334187e-01,0.000000000000000000e+00,3.225667346805369817e-01,4.765710678105358200e-01,7.890654555311913398e-01,8.812396094760039933e-01,2.685179676160915352e-01,5.232714941965844746e-01,1.820351652655510521e-01,4.829543876262192281e-01,2.840898198739000846e-01,3.595149922469960124e-01,7.963940882426277790e-02,4.446075264202608568e-01,-5.152627320552254364e-01,-3.559613482208310864e-01,3.982546631362895995e-01,3.536685209177269362e-01,1.707100724844620721e-01,2.154510477908843646e-01,7.756271235148906040e-01,8.825264574820572694e-01,3.781996902907534541e-01,3.964844162182291631e-01,3.319208098332968038e-01,4.109406681105011727e-01,-3.481943128787197694e-01,-6.419330303780831914e-02,3.965890025635046001e-01,5.239724116079913507e-01,-1.482552448829626002e-01,-6.941837952172661211e-03,-4.022894632161009842e-01,-5.184834892469371015e-01,-2.808803975275852016e-01,-2.898642143083046130e-01,-5.924012500473376658e-02,5.041378156791909843e-02,4.586911167597116507e-02,-1.848076912574507791e-01,-4.829677951212357767e-01,-5.362394892610723440e-01,-4.793143447839535165e-01,-5.096004662777414707e-01,-4.321667409174328456e-01,-6.011675489958232532e-01,-4.141695909683621446e-01,-3.221012150076790204e-01,-2.502874744454391953e-01,-2.455309631663644965e-01,-7.334054416073400307e-02,-2.354338294826791300e-01,6.126129140386422228e-02,-1.882440133030726936e-01,-4.133576825986935432e-01,-1.812550525100558585e-01,-3.505897351034524823e-01,-1.481805997200924541e-01,-6.962566575167565552e-02,1.547323058798838642e-02,-3.437270556308225644e-01,-7.441217709888573242e-03,-3.883385231037058127e-01,-1.332365281907368360e-01,-6.871341730566702388e-01,-6.288285430497569939e-01,-3.580985672099142869e-01,-4.009096587812406298e-01,2.973788770295870409e-01,2.740424922630303461e-01,2.632795981882540826e-02,1.198943406719039234e-01,-3.515419950468725574e-01,-6.494884024550875989e-02,-2.088293005712410222e-01,-2.299939417283358156e-01,-3.939100823830027354e-01,-3.317397207536271764e-01,-3.916968584442598322e-01,-3.605122803091119210e-01,-1.435978033663760922e-01,-3.947096184114602946e-01,-2.404075018737098501e-01,-1.536610169933260162e-01,-5.857748926238601911e-02,-3.000036453060787034e-01,2.089132997376572098e-02,3.352846998595916950e-01,5.795840375770421049e-02,-5.909762487212406878e-02,2.378955151259036227e-01,-3.217468829095978394e-02,-1.011855360769772089e-01,-1.490729924869368672e-01,4.082284028487526834e-02,-1.207825883741965034e-01,2.625196101527720871e-01,7.363234023280823548e-02,6.026519570081793897e-02,-1.195676271303526550e-01,-1.194418291379744507e-02,7.330225826106011311e-02,8.219292796019643521e-02,-2.163452948794156866e-02,1.113317608984077944e-01,-2.344538652095228687e-02,-1.241665011023155435e-01,-1.614903105199207434e-01,-3.100173058642331503e-01,1.723057431638697068e-01,9.882292057274393027e-02,1.696072985746230888e-01,1.011928344994805218e-01,1.120496807447879106e-01
1.981292731385520534e-01,2.805895780926123684e-01,3.801966229797630326e-01,3.225667346805369817e-01,0.000000000000000000e+00,8.137396248800382592e-01,5.412765838753428316e-01,4.592084073406818567e-01,7.287798014458067852e-01,7.238922498724176258e-01,4.168611828829169030e-01,5.172651683944800016e-01,5.363528124725605029e-01,5.531844665201326450e-01,4.712360483535557032e-01,6.453516924562412438e-01,-1.733015172651996769e-02,5.009027338780267652e-02,2.848938746473644312e-01,4.293050758231799491e-01,2.715523625480619763e-01,2.636023434424140111e-01,4.499594359933114518e-01,4.097471963659105598e-01,7.205489488133332010e-01,7.632462466003944179e-01,8.194167727834751336e-01,7.260101966066323520e-01,1.231764119918325184e-01,8.374636241529605230e-02,5.506748997184046646e-01,6.851607044584401285e-01,3.774504315919944841e-01,4.533029007737658933e-01,-1.439365631313139771e-01,-2.452228140176129778e-01,-4.328447065124749193e-01,-2.765688534383695107e-01,-2.773338108082881170e-01,4.316601226111374534e-02,-8.717549982145189613e-02,-1.033523832544601118e-01,-5.274248793037416005e-01,-4.546612331540884622e-01,-3.605974311463625015e-01,-4.089462906571609824e-01,-4.454978895298941644e-01,-4.547258536836510934e-01,-4.353540184235041299e-01,-4.028016568140610487e-01,-5.220249495735358458e-01,-5.113749666126805593e-01,-4.844735018797707848e-01,-4.412734086603058437e-01,-1.751600647950986300e-01,-5.191906211172955254e-01,2.678661027918779330e-02,6.878912263347361500e-02,-2.890762826939126673e-01,-3.400428384449648012e-01,-1.293199592735029824e-01,7.593860627897107418e-02,-2.070553544141133240e-01,1.259745237093189418e-01,-5.872565097578310439e-02,-3.223361516111005604e-02,-3.189655373488415879e-01,-3.429971851062437183e-01,8.074844619434962123e-02,1.087108712013840767e-02,4.285445105739753568e-01,4.568407977212319837e-01,2.208230478768627159e-01,3.645100999625583982e-01,-8.983185133908522246e-02,1.908075514176285972e-02,-4.077383104137285302e-02,-3.905290610334313794e-02,-2.364042426469343261e-01,6.346812042959184240e-03,-4.306790215795365806e-01,-3.488581329685098709e-01,-2.985912750181184960e-01,-4.759779791401199112e-01,-5.022630307285741447e-01,-4.247099951864815592e-01,-2.527356811654664706e-02,-2.703662647364571403e-01,-1.819826565414455477e-01,2.669427165118899367e-02,-1.012368544438451423e-01,-1.415763960505491137e-01,7.452769303010323143e-02,1.501950524248377994e-01,-2.878822786804164924e-01,-2.546515143578743090e-01,-1.396406615671498541e-01,-2.876934083622290084e-01,-1.780299285988065083e-01,-2.041327188289354388e-01,-3.435734101635307819e-02,2.587969175563781810e-01,-1.206952340139173935e-01,1.012071094755379597e-01,-6.544849195812569437e-03,-3.802515878520410508e-01,-9.414493566461284990e-02,1.199867356066936230e-01,-1.242659286461553769e-01,-3.367469742801822985e-01,-2.677210166117157675e-01,-1.759874773121573865e-01,-1.889949151851182951e-01,7.739184364206118036e-03,-1.644995418021227562e-01,4.085184362546904341e-02
2.992598040460254238e-01,2.858240006195167382e-01,4.127767072817436489e-01,4.765710678105358200e-01,8.137396248800382592e-01,0.000000000000000000e+00,5.212572395768544364e-01,5.239660516813604563e-01,8.036190247008522247e-01,6.867957599016454306e-01,3.804585365186239354e-01,5.382350975617098410e-01,3.913298303807200007e-01,3.873164383985925330e-01,5.732760807706880346e-01,6.690951850692852254e-01,-7.673536221392747436e-02,-1.540210474496500614e-01,2.444450779294419507e-01,2.997523316456637832e-01,1.624833504154118147e-01,2.649404690161572540e-01,3.629530563709006397e-01,4.444773614924165672e-01,6.431638892026921850e-01,6.402486628913268696e-01,7.392463906408980323e-01,7.196618067528960383e-01,1.318091702828628753e-01,1.632816894270983921e-01,6.502736391758824341e-01,6.993678561398499749e-01,3.274987869806245122e-01,3.605316377925514293e-01,-1.777540359083095711e-01,-2.080571602807524401e-01,-3.675976404155215094e-01,-3.123542710420820212e-01,-1.501154599088151964e-01,7.506000063863230154e-02,-1.070076913296403170e-01,-2.620505093460078760e-01,-4.355451405126031239e-01,-3.994177471630120935e-01,-3.051845768656058500e-01,-4.347709164584523944e-01,-2.785246175248768941e-01,-4.148527338939587139e-01,-3.502379465590407803e-01,-3.066272354049769389e-01,-3.272601806819280257e-01,-3.081412170909530457e-01,-2.736559306194399355e-01,-3.275070528756726107e-01,-1.329659442971294070e-01,-3.989429424561712900e-01,-3.946171831332415114e-02,4.153556765365831738e-02,-1.773103524727177305e-01,-1.453391748365617520e-01,-3.246415658685105482e-02,1.734663770463116261e-01,-3.764459920622313938e-01,-6.891067381836987749e-02,-2.498309372341513956e-01,4.599778234529080384e-02,-3.261223148542117256e-01,-2.886181578138323212e-01,1.836262337940691367e-02,2.499362646895587209e-03,3.885148761221013380e-01,4.245144327316632826e-01,1.664948157100590853e-01,2.917890662064900331e-01,-1.311175727244421607e-01,-4.968764501063981098e-02,-1.385816282094272378e-02,-7.823716815205655761e-02,-3.392909491085900897e-01,-1.309017398083364703e-01,-4.051511563751995504e-01,-4.553799119224318237e-01,-3.163131454647606366e-01,-4.459045514566250534e-01,-6.052910494156915622e-01,-4.756511128615424355e-01,-2.554017270428351472e-01,-3.735620430507861078e-01,-3.296223118781325678e-01,3.087671133872047294e-02,-9.023742412365723387e-02,-2.078097071078473523e-01,2.734676752621068366e-02,-6.110618372860061875e-02,-1.208266035039370218e-01,-1.304489841854662713e-01,3.097660923169840916e-02,-1.665892033271748895e-01,-2.181461741456942535e-02,-1.342705483997670146e-01,-4.525916321371134532e-02,1.051700793346466573e-01,-2.678863143653792064e-02,1.511790683197196949e-01,7.226402109705733212e-02,-3.054095663707129815e-01,-1.860661788635364078e-01,-3.560549707696200605e-02,-3.170219743608991558e-02,-1.992153685550556719e-01,-7.258079541466001816e-02,9.851612272440708751e-02,5.775067990875731340e-03,1.018874342434209490e-01,7.595196867610933857e-03,4.507744367136471558e-03
3.314533395362292412e-01,2.073188206008077794e-01,7.521247433374446123e-01,7.890654555311913398e-01,5.412765838753428316e-01,5.212572395768544364e-01,0.000000000000000000e+00,8.713369946173560310e-01,4.916229261106537241e-01,5.629845219559024283e-01,4.003158122223863247e-01,5.734710751914606774e-01,4.973197784926667309e-01,4.298676305022937072e-01,9.795122979656226136e-02,3.807077528098755104e-01,-4.967268089224162742e-01,-2.707242600887435069e-01,4.522765827350573864e-01,4.278922625155071047e-01,8.492728609085524460e-02,1.194968631369519169e-01,6.566284851407011569e-01,7.216956274886429101e-01,5.578272677230826648e-01,5.437970685155414374e-01,3.474538938730600268e-01,3.707968515581943070e-01,-2.465209983819308948e-01,-1.783568953731730911e-01,5.696238202788628247e-01,6.501244210987180416e-01,2.077666448775839780e-01,3.325972753090732925e-01,-3.698199157150916516e-01,-4.935188819878484345e-01,-3.761427635745158149e-01,-3.905126441950062532e-01,-2.392255759009050409e-01,-1.117944717435950669e-01,-9.440185044308527229e-02,-2.423638190035108941e-01,-5.172323754695091758e-01,-5.369263324783669633e-01,-4.439952161982085865e-01,-4.540053580925236809e-01,-4.850385885265914854e-01,-5.859363116767085655e-01,-4.454584014748459442e-01,-3.406669311345571494e-01,-3.867554193928499084e-01,-4.475126189120597897e-01,-2.575229052209200842e-01,-3.131716055514964792e-01,-1.093038969180637615e-01,-4.211205259924690747e-01,-2.093724945986925878e-01,-9.055065279825538771e-03,-2.164685412548115473e-01,-1.002479049480995421e-01,6.143927636864233988e-02,1.991471957316833796e-01,-2.993329594048650955e-01,1.392436570196264045e-01,-2.484547813105272285e-01,-9.518469856591293965e-02,-5.209373133406447476e-01,-5.505659764696775316e-01,-1.284574366831268688e-01,-2.299711869266160003e-01,5.033569334068923595e-01,5.127884228806313116e-01,1.316786507277614149e-01,2.017200800380183900e-01,-2.460203268625498485e-01,-1.382529177164973644e-01,-1.454155008549194161e-01,-1.493910877353597511e-01,-4.648536351715965020e-01,-2.706673660452688090e-01,-5.750679099179972775e-01,-5.160817771198746851e-01,-3.605416967540086559e-01,-5.559838017582020564e-01,-4.322706868814656378e-01,-3.982991164282319585e-01,-1.384808687820219819e-01,-4.207611915401752167e-01,-4.479344997601315131e-02,1.377837488178968173e-01,-6.217318435900128643e-02,-1.538756392816295615e-01,2.037303782491654836e-01,1.954290928381517342e-02,-1.928801699216019239e-01,-2.498518227333608455e-01,-7.803206271209896239e-02,-2.163805528139561285e-01,7.716493528820897452e-02,-5.580408783724448429e-02,3.280560901992950890e-02,1.337618795229577051e-01,-8.884084069695673269e-02,1.061090003944944044e-01,-2.377854450003902276e-02,-1.554809789707793100e-01,5.025209388798085319e-02,-2.266297742798518283e-02,-1.073390897115790721e-01,-2.615189294673140874e-01,-3.288881492404253093e-01,2.511501415870856166e-02,-2.723599648937390788e-02,1.350003882911533226e-01,-1.068733755549841208e-01,8.545155376354907073e-02
3.303606654284045319e-01,2.136509086819321224e-01,6.945667684175403922e-01,8.812396094760039933e-01,4.592084073406818567e-01,5.239660516813604563e-01,8.713369946173560310e-01,0.000000000000000000e+00,4.062072235781005736e-01,6.395938202176347787e-01,4.320345941727007921e-01,7.013232213640697710e-01,5.038083316528483291e-01,5.894650678495624296e-01,4.713515567784397342e-02,4.985917930180682189e-01,-4.554604439620569267e-01,-2.854076503329207593e-01,4.436600569051714626e-01,4.718796977561252604e-01,1.305039100523930906e-01,1.293524572461295652e-01,7.290720764294701395e-01,8.069008296957740356e-01,5.378792548364191850e-01,5.828598546531694735e-01,3.707088640136319557e-01,4.292199656452728718e-01,-2.499027389762175366e-01,-1.177031967033537463e-01,4.691887814744851726e-01,6.584112927830826356e-01,9.153688509616628166e-02,2.701182988555103082e-01,-4.730161503295782777e-01,-5.534753950474190498e-01,-4.433214060234818010e-01,-3.637363871778110935e-01,-2.857996159252319535e-01,-1.050748482916261245e-01,-2.362780514368994361e-02,-2.262462961076899814e-01,-5.794937201628532764e-01,-6.000750709063218391e-01,-5.274974174925345372e-01,-5.110765048746508388e-01,-5.319522213403203859e-01,-6.556888037284864801e-01,-4.601014359108211438e-01,-4.100806954796071824e-01,-3.874228113561970499e-01,-4.260833018120646076e-01,-1.849125741568632686e-01,-3.234536637519052626e-01,-1.362464291556583079e-02,-3.639011932863677190e-01,-2.724480188387218837e-01,-5.774559238843433862e-02,-2.602153922044698198e-01,-1.349627657024840277e-01,9.598891230993895907e-02,1.813798754632730270e-01,-2.274979284126206758e-01,1.665580174002632141e-01,-3.992940784599706139e-01,-1.645636526728849747e-01,-6.397366253983174378e-01,-6.273775166954667082e-01,-2.143183491596220847e-01,-2.754385911392724373e-01,3.994449071813795382e-01,4.410129904454264116e-01,6.963100189622099812e-02,2.115676403582651688e-01,-3.525725125540594140e-01,-9.116067392202972797e-02,-2.269544651061452256e-01,-2.144159797421613667e-01,-4.066959792612233060e-01,-2.718551929259478972e-01,-4.415961896930049591e-01,-4.474652434675663315e-01,-3.068667769188259675e-01,-5.502878774465692624e-01,-3.503024191019960543e-01,-3.498448125613355941e-01,-1.351329528492747345e-01,-4.249186065746321517e-01,-1.003559022616016573e-02,2.271753888605392013e-01,3.096997624863202445e-02,-1.104504070438350333e-01,3.011014480616375222e-01,-3.465847625453942482e-02,-2.498953020186044371e-01,-3.283741421436717767e-01,-5.000830674739683429e-02,-2.232972736512549017e-01,1.809716300023666846e-01,-5.462410629545709495e-02,1.581750555184755769e-01,-3.083206143694725357e-02,-1.099573965940272603e-03,8.398240355676896141e-02,1.136482267947792890e-01,-1.376586656416866339e-01,1.081478000911551551e-01,-1.091184031110260626e-02,-1.106080410182837398e-01,-3.138360062929537730e-01,-4.134367731035413218e-01,9.900218695975893102e-02,-1.441906874413469110e-03,1.749120149174538397e-01,5.315042755223141346e-02,1.650090114515599393e-01
3.521301691070018447e-01,2.673839620384985127e-01,2.869510363105920447e-01,2.685179676160915352e-01,7.287798014458067852e-01,8.036190247008522247e-01,4.916229261106537241e-01,4.062072235781005736e-01,0.000000000000000000e+00,5.735850729601379427e-01,5.315548815281612161e-01,6.509444704636221379e-01,5.894819630569663182e-01,3.887876632983264247e-01,6.989941854599855953e-01,5.320418769888395349e-01,-5.168195484365196296e-02,-3.844322475062363423e-03,2.121406161845375560e-01,1.576017632024660498e-01,-9.956595049280071719e-02,2.127169493550542384e-02,1.279100488638581501e-01,2.842132633453188784e-01,5.987471395655910023e-01,4.820763769015973810e-01,5.079846802933287719e-01,3.847591359262301780e-01,1.063521198894662734e-01,1.147183895936420422e-01,6.858700622841236161e-01,6.194995685826051313e-01,4.728600428844857428e-01,4.355025309438064207e-01,-1.446200771611077240e-01,-1.764246724209067585e-01,-3.719543210649606246e-01,-3.617081662348961002e-01,-2.168324606633036944e-01,-3.369872486506087644e-02,-2.087301040503934668e-01,-3.040368994004707948e-01,-3.792613868571269586e-01,-3.774281960560522120e-01,-2.768919580502331446e-01,-4.409390246458178009e-01,-2.577689003769750853e-01,-3.549444872753728109e-01,-3.311869818039298030e-01,-2.649307057022191048e-01,-3.106519958479789234e-01,-3.491402199369540993e-01,-2.156224383761370378e-01,-3.075056866925358623e-01,-2.117362434016189232e-01,-4.413470498065904524e-01,-8.339530577420916149e-03,1.086162313457652573e-01,-1.253438671673702820e-01,-6.221648770551814478e-02,-1.417375468170206654e-02,2.283181475631298751e-01,-2.828915384511835884e-01,3.486524807826901079e-02,-1.998066509256642975e-01,4.421377775112462355e-02,-1.930819409401815512e-01,-2.282036306555106919e-01,1.183288027886775229e-01,4.488630758624532341e-02,4.207998443469856409e-01,5.084646216467589852e-01,1.654958807628494621e-01,2.725221600202022976e-01,-1.153158642726187649e-01,-1.360265271792751862e-01,-7.529112005819185716e-02,-7.133983101300697682e-02,-4.788463437641337639e-01,-2.085104627537197886e-01,-5.398874595361780049e-01,-5.494323262852899292e-01,-4.049108851268596876e-01,-4.493743288336536912e-01,-5.563894640541691139e-01,-5.259875885740018520e-01,-3.779429575322409973e-01,-4.453969943570811885e-01,-3.173898483169241280e-01,-1.625711609993774343e-01,-7.485838003710892918e-02,-1.206063548361419047e-01,4.606566530728346820e-02,1.332217674257377416e-01,-1.247715760025444737e-01,-1.161101728892003082e-01,-2.448527924123607841e-02,-1.475834127199070755e-01,1.940486971660278573e-02,-1.540261464875708301e-02,-9.136421073009984295e-02,2.268156662081188546e-01,-9.857565663887003782e-02,2.653194094675500603e-01,-1.091652616898655453e-03,-2.536537184576146964e-01,-1.270595659853080150e-01,-4.410946334013137252e-03,-5.622201551276729409e-02,-1.510366494189562259e-01,3.903985364055985018e-03,1.210564242989262129e-01,3.051345024626813535e-02,1.708699285040962135e-01,-5.338405941000345239e-02,-7.650135113334059767e-02
7.903064043412491579e-02,1.454509504229566097e-02,3.720471185108700785e-01,5.232714941965844746e-01,7.238922498724176258e-01,6.867957599016454306e-01,5.629845219559024283e-01,6.395938202176347787e-01,5.735850729601379427e-01,0.000000000000000000e+00,4.249462138114032950e-01,6.123937062557591737e-01,5.830234620894653164e-01,6.957550062173487593e-01,3.788938015111322222e-01,8.542580617843527069e-01,-3.161447609124238278e-01,-2.580668855391544114e-01,1.654870346808306747e-01,2.580205322251378774e-01,4.133182762741891558e-01,2.589886223809578780e-01,5.825407787252672165e-01,5.282779658042455750e-01,5.043890222191813599e-01,6.097807103148437102e-01,6.361410581819234578e-01,6.719205396773418881e-01,1.050411179158140529e-01,-4.202418004953949876e-02,3.517593440928168391e-01,5.331725114304763924e-01,-4.318729205765086711e-03,1.525654286101231494e-01,-3.117702381576533122e-01,-4.175972168510148630e-01,-4.664423362279096485e-01,-1.654063577791949902e-01,-4.053093860861797237e-01,1.481465271063477432e-02,-4.224528627560576732e-02,-4.683116066863132060e-02,-6.623778965737504576e-01,-6.516853345594976199e-01,-3.943448371603145430e-01,-5.367927536754254492e-01,-4.506690138990587791e-01,-5.064889037590248888e-01,-4.014779690164463899e-01,-4.311534094071897694e-01,-4.124236645155394676e-01,-4.505453555046903813e-01,-3.505862727430339443e-01,-5.041276378447401285e-01,-7.969054411886347666e-02,-3.581312867199617500e-01,-3.765465095862369771e-01,-2.427820472254938189e-01,-3.463217220000585073e-01,-3.543948367075388517e-01,-5.551561614384779852e-02,9.818157988043109408e-02,-2.228749769936304859e-01,1.077144575315534952e-01,-1.801761306780205463e-01,-1.177664749787813575e-01,-4.576356065745388890e-01,-4.872654580387518752e-01,-2.994126027545189195e-01,-3.537436697903594274e-01,5.264370619585829747e-01,5.014739717859763024e-01,3.256650043918097315e-01,3.457555328182671528e-01,-3.252415194866966619e-01,6.439429609516096609e-02,-1.944330172936273304e-01,-1.300758817806161038e-01,-5.465308809957083458e-01,-4.082031905200748101e-01,-5.905881916458211034e-01,-4.968204305585761094e-01,-3.703607083021374091e-01,-6.285734228769139786e-01,-4.148746289564908540e-01,-2.798217049839717419e-01,-1.490583122599415666e-01,-3.910317922903158161e-01,-8.805001569259034155e-02,2.254150479123004647e-01,2.754488021929257791e-01,5.932052319104659521e-02,3.567831731537200457e-01,2.628004990625332216e-01,-1.712803032318047924e-01,-1.939039443125007423e-01,6.373101472803252565e-02,-8.967434826362141731e-02,2.973328358038502817e-01,1.786310793722373502e-01,2.500971063538975914e-01,1.692132443657052843e-01,1.521669600094953112e-01,3.246208324087200836e-01,2.047048029202956365e-01,-1.668192017534462224e-01,-9.184971984239008458e-02,1.743570475122338259e-01,-2.263190136287674195e-02,-2.597164956362563726e-01,-2.435210875910121808e-01,1.887589408995500595e-01,1.286826756420389739e-01,2.932879737720117119e-01,1.575186579798954767e-01,1.128717102820667451e-01
6.250794902436124234e-01,4.268098997148928042e-01,1.396077735313380475e-01,1.820351652655510521e-01,4.168611828829169030e-01,3.804585365186239354e-01,4.003158122223863247e-01,4.320345941727007921e-01,5.315548815281612161e-01,4.249462138114032950e-01,0.000000000000000000e+00,7.387303041243131752e-01,7.092882070862749355e-01,5.923278808851625277e-01,3.100314656533929569e-01,3.384381895760271153e-01,1.270339577548464383e-01,2.323762334907338023e-02,4.912442157844406632e-01,3.818953436743158236e-01,-2.695151298627956327e-01,-3.463896506937824138e-01,1.972375502929894220e-01,2.111340385139845455e-01,4.604926399338863385e-01,4.057169510263585743e-01,2.523863083413357966e-01,1.359248589673430208e-01,2.373039705650669962e-01,-4.443303261012810507e-02,5.659135764451227457e-01,5.328705414692700426e-01,5.841302976908567812e-01,6.149891076200878492e-01,-1.682422564571667278e-01,-1.973942615152909641e-01,-5.573713999178863121e-01,-4.136128811382497883e-01,-4.029936301201598181e-01,-3.251766062992175743e-01,-3.947464373377320146e-01,-3.858613006242195831e-01,-4.215023477326584889e-01,-4.288139955377660018e-01,-2.962438871563370935e-01,-3.752768474277076716e-01,-2.676455002169582098e-01,-2.585824487880253320e-01,-3.454834093971750897e-01,-5.156452078899110836e-01,-4.358180327569570189e-01,-6.180737585346616214e-01,-2.536802594855385729e-01,-3.587914351671436242e-01,-2.387497714888648925e-01,-4.729918562910692126e-01,3.151647621739764871e-01,2.736002915939829139e-01,3.397601757314747117e-02,-1.670342902367673854e-01,2.685960743699653541e-01,1.064795266145349695e-01,2.411230548879489954e-01,2.520509628999848539e-01,-8.385951231779299742e-02,-2.309450637094439540e-01,-1.860584593846789925e-01,-2.894872744225372996e-01,2.382212488289367491e-01,1.177213262930496274e-01,3.539332717372610793e-01,3.825438226755987214e-01,2.093579364827992395e-01,1.451630252184070990e-01,-6.188580496091626582e-02,-1.002683048366984908e-01,4.297580709233597002e-02,5.060501134926771033e-02,-2.206618360161441972e-01,-3.832653826972314513e-03,-2.703170835329392063e-01,-4.955410853531804216e-01,-5.431050889335210519e-01,-6.389175911314480816e-01,-3.926257706770506783e-01,-6.083556322788250537e-01,-3.488110024811005849e-01,-5.919827534181825168e-01,-2.259941421111232862e-01,-1.056323993146015688e-01,-3.592082105582953318e-03,-9.526654497099365515e-02,1.668241310185330228e-01,6.294609382802847375e-02,-2.227249165473809966e-01,-2.799103038813518518e-01,7.016146374694773313e-02,-2.160337204835664215e-01,-1.000482249405694885e-01,-1.953656129365435867e-01,5.353305337690687088e-02,1.306035864175162098e-01,-1.825437378426665591e-02,2.749700636688888131e-02,6.480719870415842243e-02,-4.679405020640697854e-01,-3.347103139902009583e-01,-6.727428613637617683e-02,7.679777462939905985e-02,-2.604179454827411644e-01,-3.817748268936747152e-02,-3.895897547823901769e-02,-1.142807746364240401e-01,1.281479203185660332e-01,1.839716287766176087e-02,-3.966985471179342027e-02
5.491826552979630627e-01,4.875913455012131914e-01,3.835036770453823518e-01,4.829543876262192281e-01,5.172651683944800016e-01,5.382350975617098410e-01,5.734710751914606774e-01,7.013232213640697710e-01,6.509444704636221379e-01,6.123937062557591737e-01,7.387303041243131752e-01,0.000000000000000000e+00,7.974808451819135335e-01,7.840735269836470733e-01,3.197405530907634352e-01,5.399742595537032619e-01,-2.171522839379854963e-01,8.544241599833353462e-02,5.066238873017099298e-01,5.004087202112186272e-01,-1.549789611211616347e-01,-1.531497805357300845e-01,4.030335285751755481e-01,4.827844962574613374e-01,5.409385083954991735e-01,5.242957520615589839e-01,3.093003409255993263e-01,2.361369172376001635e-01,-2.229440609049106875e-02,9.320657417029043490e-02,5.705850775418520593e-01,7.189785384330904527e-01,4.311083240501567548e-01,5.765755250614702510e-01,-3.257817874537176084e-01,-4.103276322185826497e-01,-5.910340123332251672e-01,-3.817496916735262369e-01,-5.458989521551267377e-01,-2.767003872410385146e-01,-2.840370615610497973e-01,-3.053365946191671232e-01,-5.381114957935153598e-01,-5.777275564003570008e-01,-5.117518422172557813e-01,-5.729046123302518057e-01,-4.211761971521053582e-01,-5.143698413485505716e-01,-4.798810658760839232e-01,-4.971394007300339313e-01,-4.749480755018492539e-01,-5.649502112836871648e-01,-1.937016640831354108e-01,-3.262967550770141667e-01,-2.733478782829115161e-01,-5.398628601721806586e-01,-1.825882432028849353e-02,2.590205852427191480e-01,-1.897916913456824950e-01,-7.043138260787118465e-02,8.325740687926935779e-02,2.677222572825299074e-01,-7.009346525947275641e-02,3.944770998316941002e-01,-3.463047482482157768e-01,-1.937158230760663291e-01,-4.911004536979759472e-01,-5.279794141802608420e-01,6.192978979252989485e-02,-6.383471430787332479e-02,4.593117380584381682e-01,5.727248347640468973e-01,1.551311575252094233e-01,3.053551152051047768e-01,-1.966465115877405745e-01,-4.890242358359669222e-02,-1.526582220845366378e-01,-7.509850369651926982e-02,-4.518586824557175308e-01,-1.192861922526731455e-01,-4.774773266019382567e-01,-4.456717970390347561e-01,-4.851659966322773854e-01,-5.498041820081214226e-01,-4.267868633324344296e-01,-4.804929331696646266e-01,-3.797540628555594600e-01,-5.133790815998050538e-01,-2.175382437105091993e-01,-1.325805234721618153e-01,-3.684733018685906053e-02,-1.317827672631608216e-01,2.660969068570008811e-01,1.761559330756824193e-01,-2.822082687130047507e-01,-3.546236326266234973e-01,-1.172915087943169760e-01,-2.833279772256988571e-01,5.361780013872088912e-02,-8.410627405570395010e-02,1.662879967879731524e-01,2.371121574428770307e-01,-4.464168095117418411e-02,1.859956389019830902e-01,4.564002065376499689e-02,-3.235434766609704416e-01,-8.336600563750012904e-02,-2.645251201377092978e-02,-7.648143445541791263e-02,-3.726857564336682471e-01,-2.660116260423822099e-01,5.481212268285449302e-02,-6.041416597143265538e-02,1.520830894443807035e-01,5.541289479790106193e-02,3.480841180686645997e-02
3.661976003133585733e-01,3.990365852530094459e-01,3.884020739935624689e-01,2.840898198739000846e-01,5.363528124725605029e-01,3.913298303807200007e-01,4.973197784926667309e-01,5.038083316528483291e-01,5.894819630569663182e-01,5.830234620894653164e-01,7.092882070862749355e-01,7.974808451819135335e-01,0.000000000000000000e+00,8.012548479500150034e-01,4.262855567311584770e-01,4.527488351496413710e-01,-2.038506716261708762e-01,1.087393805429983096e-01,5.509503891832003841e-01,4.886756469653308899e-01,-2.926925455690538441e-02,-1.410477983610540220e-01,4.249518486088938451e-01,4.287992601993907416e-01,4.043050727698666580e-01,3.958485261075633810e-01,3.190443338414419849e-01,2.036939823059405186e-01,-3.014706823199167496e-02,2.311021935939824683e-03,4.344857199536245052e-01,6.020232388483122143e-01,3.395821232950820279e-01,4.957482273862635624e-01,-1.357693796449147006e-01,-3.337518586641712859e-01,-4.661157850657641211e-01,-2.487971155419822777e-01,-4.530036686504778642e-01,-1.081533219671370893e-01,-2.016284029568576885e-01,-1.194310395676986269e-01,-5.477320855392007193e-01,-5.890232571388689387e-01,-5.423740666322426351e-01,-6.441071347511603262e-01,-4.297921427644261771e-01,-5.021756653581826990e-01,-5.935534227417988973e-01,-5.859881741612520401e-01,-5.534475858626145550e-01,-6.461170367409925230e-01,-2.268723663707287452e-01,-3.461888707669847909e-01,-2.768870758214370120e-01,-5.343633956525406514e-01,-4.289654679252360298e-02,1.176280803952847315e-01,-3.351940287185014022e-01,-3.067884572460961023e-01,-1.162919245230518428e-01,1.077109865635798025e-01,-1.137395789006129948e-02,3.044615489885443282e-01,-8.079354131916055559e-02,-1.170792298148438521e-01,-4.269614406999114320e-01,-4.964604507435932401e-01,3.051179713347467598e-02,-9.532263666979003125e-02,4.200195834024351149e-01,5.089359544642747535e-01,1.283349035455687848e-01,2.923313579334667622e-01,-1.116578983148151932e-01,-4.651832800226496367e-02,-1.041895369087322554e-01,-1.768080768820104150e-03,-3.921847246153764011e-01,-7.404784319520198166e-02,-4.337795953113178227e-01,-2.853173421820144884e-01,-3.244526787199801254e-01,-4.286096406771158218e-01,-1.761637518460553442e-01,-2.625225964266991729e-01,-1.141373108404317577e-01,-3.061567493367224890e-01,1.556657149284341145e-02,-1.106007799102261685e-01,-2.994396221826463311e-02,-7.394981138554830580e-02,2.325673109080317602e-01,4.028610094627468885e-01,-2.192211532933941998e-01,-2.492526723787130416e-01,-1.564808038676956392e-01,-2.577780572617734411e-01,-7.902045892608429781e-03,6.516537378662342998e-03,1.143215432957251504e-01,4.039462837905839487e-01,-1.300215841183881005e-01,2.103386423291059848e-01,-7.410703963770783054e-02,-3.123323819375043442e-01,-1.642791316024543591e-01,-2.553432803881380830e-02,-1.077823107965985606e-02,-2.435791182610529126e-01,-2.123286180814641100e-01,-3.584095642259896297e-02,-6.590445735533186078e-02,8.337640609603957920e-02,-3.557341703209269956e-02,-8.871194884594962859e-02
