0.000000000000000000e+00,7.882513285757645205e-01,5.837927725554216130e-01,5.859492401638303205e-01,-3.230862710014530959e-01,-4.317732111125818784e-01,6.392933559973942304e-01,5.379109977891095573e-01,6.958012130660300165e-02,-4.808498454895768215e-01,5.067008262408704278e-01,3.745537097931851966e-01,3.763574569382017732e-01,1.164504807785770313e-01,-1.972620861034224682e-01,6.194236820068620315e-03,8.455731978607797239e-02,2.478041315968753655e-01,8.989036233860328018e-01,8.659074516454629000e-01,-3.918580872565139428e-01,-3.857378752715435177e-01,4.172630331172423324e-01,2.086681403254843359e-01,-3.553382741917023857e-01,-3.457492946037972747e-01,3.043271826282857931e-02,-1.001280127657257768e-01,8.071818372470332403e-02,-2.800573648096109369e-02,4.127581580681036200e-02,1.177914745703535909e-01,4.056579768150902487e-01,4.889597010793557685e-01,2.502267445391272160e-02,-4.000135596082005085e-03,-3.711870424211428099e-01,-5.078118756893614805e-01,-3.722302324615530122e-01,-3.846596201037647544e-01,-2.793242802579054551e-01,-3.231216339540536331e-01,-5.045184482877548282e-01,-4.229268028409155500e-01,-1.861276960293516136e-01,-2.304860232442203505e-01,-4.714447563867859570e-01,-2.681319095714186918e-01,-2.894287579583122993e-01,-2.014678448613939632e-01,-3.338250424079655665e-01,-2.739453186178921751e-01,-2.181315700221616583e-01,-5.151931627583954398e-01,-9.670617069107477481e-02,-4.738238620843119864e-01,8.617628946284004998e-01,7.393998770738797743e-01,7.754290522414490905e-01,6.078555521852468946e-01,7.664625485735370169e-01,5.521404216063393600e-01,3.544665563192416213e-01,4.871984417888312047e-01,-2.439259784613122539e-01,-2.076910033357654561e-01,2.335447409661176310e-01,-2.381433501903360006e-02,8.025482901467986263e-01,7.277584286751250797e-01,3.254415849973146813e-02,8.915989198355413203e-02,-3.241888880488857233e-02,-2.159133592387479650e-01,2.331877596695067500e-01,-1.034282024803706568e-01,-1.822705859442314280e-01,-1.517081276816118207e-01,-3.614958941848050999e-01,-2.616176135711477738e-02,-5.786974057976277397e-01,-3.091515677940157025e-01,-3.472508507374048037e-01,-2.169408412665721764e-01,-7.220446987175774822e-01,-6.768690146876034097e-01,-2.234164403757385176e-01,-3.347431212580463944e-01,6.551638715987080641e-02,-5.130819013073301127e-01,-2.847454600305239780e-01,-3.183941483786925652e-01,-2.862267447889528804e-01,-1.061150667484684895e-01,-1.246214062798743638e-01,1.129385133291036514e-01,-3.187693775496850401e-01,-9.448008439475637232e-02,-3.807389669770140928e-01,-3.287340098715721970e-01,-2.852720929722774024e-01,-1.981824952022095132e-01,-3.267485409101929528e-01,-3.935251072236129466e-01,-3.287595628361306144e-01,-2.293775331016771613e-01,-2.381014453361187944e-01,-9.455429659443546214e-03,1.963646600249344953e-01,-1.586391906820109332e-01,-5.306415650430833519e-01,-5.003789585436957399e-01,-4.401360144796090390e-01,-2.714050524437398582e-01,-1.037665189472731508e-01,-9.628906197045876414e-02
7.882513285757645205e-01,0.000000000000000000e+00,4.256452020880762688e-01,4.436062583983403362e-01,-3.244913560181164613e-01,-2.076817710831370678e-01,4.086571737736662824e-01,6.187777617159966326e-01,-2.027516954490842307e-02,-3.714106950194407397e-01,4.783852339590533020e-01,5.959120823730618133e-01,2.685365272775311341e-01,1.918328117927058096e-01,-3.302506096587417561e-01,-5.105301125360395265e-02,2.577409090096970390e-01,3.976341915354598688e-01,7.406769264276067410e-01,8.633804906176397731e-01,-1.718773461652675638e-01,-1.153781572977517905e-01,9.132549742284175320e-02,-6.089959811585948790e-02,-3.732356072830727567e-01,-2.329822471776592518e-01,3.653602307852552716e-02,-2.619449077854146130e-02,3.151921092251789291e-01,3.348102986918853330e-01,-8.624476959892554695e-02,8.300982446476164178e-02,7.185454505885413568e-02,3.638243043708280222e-01,-3.222346759104890435e-01,-2.914501733282868767e-01,-1.769937121879880670e-01,-3.822384298267682556e-01,-2.186069459569036921e-01,-2.679795224108368901e-01,-1.166803337267268842e-01,-1.913522674675822155e-01,-5.057149454110877462e-01,-4.603857942838294193e-01,-3.405215224584533518e-01,-2.436027099167730470e-01,-4.633162296448803397e-01,-2.189385965938701606e-01,-2.894281622993958303e-01,-2.368962731571910840e-01,-3.319617695431152371e-01,-2.675127311660956964e-01,-5.991564789011419312e-02,-3.986911266035352841e-01,-1.240638540371790700e-02,-5.036591942508840125e-01,8.871233136241861716e-01,8.675522094305626597e-01,6.192151418234882465e-01,6.724249312739014606e-01,5.430718152822914258e-01,5.766557262103042536e-01,5.153918724234273219e-01,7.726709536264052547e-01,-5.317167803575377771e-01,-4.252472489982720427e-01,-9.342279947344792057e-02,-2.376849427118775393e-01,8.194893357820935975e-01,6.892372305512693975e-01,4.665133756929117775e-02,1.666507966223396420e-01,1.508247834005700394e-01,-4.879435958640999244e-02,3.617106865553862405e-01,-1.842838437881461622e-01,-2.372430631288452441e-01,-1.494967319492011282e-01,-1.097523176204202866e-01,1.061199439916610809e-01,-3.345260314358367570e-01,3.350413907482088088e-02,-1.005323657707773571e-01,8.404332247930197675e-02,-6.792695593299739043e-01,-4.149279381030541725e-01,-2.937985648863106758e-01,-4.970897493679091728e-01,4.294953621528920656e-02,-3.031752104571486250e-01,-2.800755262432231829e-01,-4.753655548693845878e-01,-3.088764508518552221e-01,-4.262732472099112213e-01,-1.116358388213905956e-01,7.658373504794482867e-02,-3.245961696769229521e-01,-6.525868270031762175e-02,-2.841001460893614605e-01,-4.269189967406812336e-01,-1.974915083989420561e-01,-1.945916581224171604e-01,-2.642896495633483278e-01,-2.923548831621013422e-01,-4.844287424603964110e-01,-4.805735409851071838e-01,-1.727147133848523086e-01,-9.522276663222828397e-02,1.019284481211886750e-01,-2.888193039975799348e-01,-4.161320520082628649e-01,-4.844575236702711174e-01,-4.366860903192509857e-01,-4.590060476497265229e-01,-2.766088494399502884e-01,-1.973808006578071650e-01
5.837927725554216130e-01,4.256452020880762688e-01,0.000000000000000000e+00,7.978306181905606698e-01,-1.254636830351637256e-01,-3.611284597745455932e-02,8.938912908692738801e-01,6.226899083517595246e-01,-2.422450506843742413e-01,-1.095464191509481072e-01,2.480509918121909518e-01,1.953426362945248906e-01,4.628407807456041967e-01,3.380468331569720930e-01,-1.290106151293629044e-01,2.601493940289530127e-02,-1.613152759858090812e-01,2.899280163068947147e-02,6.740198182433093654e-01,4.777869871258355605e-01,-3.751071361998221249e-02,-7.374110635579191053e-02,6.335513994093063816e-01,5.317294645609127457e-01,9.995942231672053351e-04,3.806741000910863169e-03,9.645229506876185077e-02,6.949075557308159734e-02,-1.422901544597554579e-01,-9.901196017872432309e-02,3.087968770146487518e-01,3.978377175593239556e-01,4.432274015104525899e-01,3.296363384335221913e-01,-7.694465673421607699e-02,-1.459261384010286378e-01,-3.174075896334445090e-01,-2.562797163050045124e-01,-3.921027278333575478e-02,-3.748585022046690973e-02,9.651006749156402012e-03,-1.959454669852373210e-01,-3.773577158007736521e-01,-4.178062326027585094e-01,-2.852948113583455014e-01,-3.736920909007427904e-01,-3.754563418509529460e-01,-3.270302341676968871e-01,-2.291201894707922682e-01,-4.857556889212702456e-01,-3.507853247770620353e-01,-5.714787316909696324e-01,-4.720406646253025307e-01,-4.517456878232762874e-01,-3.267866977738310141e-01,-3.406945960264459727e-01,5.885094630777540914e-01,3.962689013172265851e-01,6.002956621492946399e-01,3.179209196935596227e-01,4.221191905593525417e-01,1.646246710054343199e-01,9.663868307445755423e-03,1.326214430119027621e-01,1.354915541367574493e-02,-1.788267200331393747e-01,3.088206939566526810e-01,1.668827820563851053e-02,6.581037736932825455e-01,6.361766471480811980e-01,-5.729864818356038281e-02,-9.488995862994377417e-02,-1.695068341948512969e-01,-2.904866658859483475e-01,9.553587406650000668e-02,-2.838578315834930366e-01,-2.628258804263803317e-01,-1.420683255099374799e-02,-2.560276450755889499e-01,-2.227121712335458359e-01,-4.979590330285727506e-01,-3.421583426137618789e-01,-1.218666696579049774e-01,6.579863458439630386e-02,-4.768195911760992889e-01,-5.026694078430736790e-01,-1.667771492620127860e-01,1.843784280249698843e-02,-8.399681150800430984e-02,-2.258435827635630055e-01,-2.734579758380864534e-01,-8.104783604961582344e-02,-3.195309150721147295e-01,1.442856316012887385e-02,-4.448034560964657103e-01,-2.888126526587797005e-01,-5.530449694647031622e-01,-3.281868725359685102e-01,-5.258763819296420339e-01,-2.916960017203326649e-01,-3.739845792156796800e-01,6.478932246515499427e-02,-4.011884549945181622e-01,-1.960972619906640735e-01,-3.524479891858840475e-01,-2.121478293708323470e-01,-1.996630467199272951e-01,-2.490959602216017976e-01,-7.729205140082034964e-02,-4.230031882502534035e-01,-6.559270558551553165e-01,-6.223135724652592016e-01,-3.512670952000889191e-01,-4.098041245777996333e-01,-2.603487613810796519e-01,-5.530518283387731576e-02
5.859492401638303205e-01,4.436062583983403362e-01,7.978306181905606698e-01,0.000000000000000000e+00,-2.011530903513469859e-01,2.016922622056507852e-02,7.666112978147638923e-01,8.291294230503925000e-01,-3.037946282662005726e-01,7.236357409690333253e-02,1.594867813906631349e-01,3.130694827324485008e-01,3.095108165614844364e-01,4.618347354586667119e-01,-1.459949453848464751e-01,7.443083731514668622e-02,-1.325484903866370467e-01,7.220340054662371942e-02,7.035065819413219845e-01,5.612518734668959786e-01,-2.014050177014379828e-01,-2.495921824202032568e-01,6.472210656453967204e-01,5.695228395371724206e-01,4.708051104623812641e-03,7.832860369317867777e-02,9.606519074472194553e-02,4.917843589412663335e-02,-4.738486248756985236e-02,-1.003753801793166034e-01,2.983118699838835930e-01,3.988559329560834588e-01,4.818363345989135071e-01,5.337800666329399757e-01,-1.890720114243699384e-03,4.369270282766440222e-02,-3.831699613586095343e-01,-4.071255022737436113e-01,-1.828548954642568725e-01,-1.463666097625085649e-01,-1.687511165442870109e-01,-2.944378857303963093e-01,-4.108744487926614397e-01,-4.479531558696130955e-01,-2.542810222259694330e-01,-3.257352513107337200e-01,-3.781016358246334086e-01,-3.644069642696504685e-01,-3.064832351882310069e-01,-4.945419105706367890e-01,-4.734110379569880234e-01,-5.920373706201338404e-01,-3.827033573129687283e-01,-4.228424661394310502e-01,-3.342023241112731524e-01,-3.443204779007995042e-01,5.657524849204588202e-01,4.058200670579462099e-01,4.882389994418063206e-01,3.038776456269488002e-01,3.794488175095102611e-01,3.460548952990886717e-01,-3.451506562248318061e-02,1.925864027346403662e-01,-1.685790690974033612e-01,-9.909790681867938766e-02,2.106197104538974907e-01,8.718690590567655663e-02,6.518860123077115931e-01,6.677413739794102465e-01,-1.061108458554050199e-01,-1.163616276072391709e-01,-2.126942516373838132e-01,-4.241569013557668355e-01,-1.067093837939178391e-01,-3.127052120208682617e-01,-2.080690360626965829e-01,-1.071659126665461953e-01,-3.517319070555242622e-01,-1.307396357864998582e-01,-4.997921135966504891e-01,-1.848942327941727470e-01,-2.218876412430010880e-01,-9.899163852066054925e-02,-5.700144791627040908e-01,-4.185090848463723368e-01,-2.610547210610975610e-01,-1.074919131933949334e-01,-7.311809408579030001e-02,-1.907965780313418958e-01,-1.907758421287751582e-01,-2.652796659595808015e-01,-2.116549795388833755e-01,-5.237329676546981228e-02,-2.829890094306150572e-01,-5.740626544247705992e-02,-3.334714663770153020e-01,-1.686669704306097972e-01,-4.483138790515013850e-01,-4.203780539030456120e-01,-3.733212976264481675e-01,5.201549007276898458e-03,-3.720656049176137570e-01,-1.683598526174240051e-01,-2.196984409797116677e-01,-1.301811566262248976e-01,-2.435266434369991739e-01,-1.867943448676967488e-01,2.626323018484448546e-02,-1.907106166675769376e-01,-5.875824608885399369e-01,-5.706431890610043078e-01,-3.290820550469497063e-01,-1.966919362874460786e-01,-7.298396056569908530e-02,-2.692567924568661092e-03
-3.230862710014530959e-01,-3.244913560181164613e-01,-1.254636830351637256e-01,-2.011530903513469859e-01,0.000000000000000000e+00,5.456491199190749430e-01,-2.061272463479599804e-01,-2.683644317944157143e-01,1.984297087639617652e-01,3.832193755126758195e-01,-2.374485983436936676e-01,-1.436310348437097040e-01,-1.388985700435849957e-01,-1.256305582731137571e-02,4.760134730520587665e-01,2.894353333737544887e-01,3.147780478089606815e-02,1.737297533291541195e-03,-3.973572719251688423e-01,-3.628990690326212021e-01,2.497725916398726709e-01,1.962451492210151027e-01,8.813383541326040571e-02,1.815575598733355778e-01,6.335014987183795743e-01,5.987736383224059322e-01,4.167578624562909839e-01,4.389524828878913487e-01,8.564960789067378732e-02,3.344213155783361952e-02,2.559340448283017322e-01,1.574468491945417437e-01,-5.713860345846012018e-02,-2.863257138050809281e-01,1.080827897156804995e-01,1.338476077883362335e-02,2.666943559898279359e-01,4.770939588575583423e-01,1.051648177225784769e-01,2.462159279869930995e-01,-6.852101661522932985e-03,3.548818612209717061e-01,3.185781108234675973e-01,1.285987508638852250e-01,4.850804456346035493e-02,1.678274088758534566e-01,-4.953122774769124631e-02,-2.447106854894916250e-03,-8.870859633138265810e-02,-6.172048227633813305e-02,5.526158010553895196e-03,-2.697129861133911594e-02,3.928182451317217654e-03,1.755275138758808848e-02,1.602019405154326837e-01,2.391664584060666093e-02,-2.837176852942657757e-01,-3.361671438486769636e-01,-4.373749902364987285e-01,-4.500918769863225255e-01,-3.609744050964384665e-01,-3.570648175563741478e-01,-3.534207114646195080e-01,-2.957022385268197051e-01,1.547819558638774684e-01,9.611275491114193437e-02,-6.537815712581776517e-02,2.359892888671296513e-02,-3.649421517007961357e-01,-2.892361068303720972e-01,1.580482638487248348e-01,1.225035831243165008e-01,1.178133294634062245e-01,8.363444610356070286e-02,3.450976615262464370e-03,-9.178099429404898424e-02,1.258156748511398693e-01,2.529722835521079904e-01,3.511171262962957118e-01,8.847983307966586497e-02,4.245575179400619126e-01,1.604191760853087290e-01,5.304457735929349327e-02,1.562388032713110664e-01,5.024867443878643369e-01,2.934750503533943289e-01,4.116423599700466673e-01,3.413303315566180718e-01,2.047438021037825129e-01,2.354805506202924392e-01,-2.015811726019410000e-01,1.826355094655125466e-01,-1.565794808878503142e-01,-2.866122807111087453e-02,1.142572353619843162e-01,-1.616952277945469044e-02,1.165846174532411822e-01,1.284085223198510595e-01,4.944206924361895655e-02,1.203439302902292556e-02,7.336707212512244558e-02,2.857906967955857122e-02,1.494581132581515037e-01,1.511514988444412899e-01,3.428204208531451802e-01,2.910883278537992891e-01,5.198510825978940320e-01,-6.868765964052205020e-02,-4.306357375985192526e-02,1.817707443361569475e-01,1.590164771040312452e-01,1.618979423102305804e-01,1.702036415798749425e-01,-2.853193842323578904e-03,-1.085634586594131645e-01,3.440033316090023718e-01
-4.317732111125818784e-01,-2.076817710831370678e-01,-3.611284597745455932e-02,2.016922622056507852e-02,5.456491199190749430e-01,0.000000000000000000e+00,-7.226637653884857015e-02,1.465304371850876253e-01,-2.309250220587296121e-01,7.146050117496888232e-01,-2.901413639977943881e-01,1.968801044486094831e-01,-1.624648348748379822e-01,2.532760990930674194e-01,6.934484484408708072e-02,1.315227287279553126e-01,-4.870171462099913418e-02,-5.760883808258381727e-03,-3.837846338784249300e-01,-4.299884720578134867e-01,3.144890601369729199e-01,3.225424388392514330e-01,-8.715738271746543975e-02,9.763272986898684225e-02,5.374754308970097760e-01,5.664300682517673380e-01,4.285900345763085095e-01,5.067858718792509487e-01,6.350527041373649206e-02,1.549168590703317305e-01,1.969811443892710290e-01,2.198277883750637263e-01,-1.668669748065301217e-01,-2.378450283374968777e-01,-2.879704234764655091e-01,-2.914220265966245282e-01,1.066902348173167370e-01,3.170508889778702044e-01,2.817091062691473025e-01,2.891273228116626459e-01,8.443568022480664459e-02,2.751190589333716852e-01,1.516115889784164228e-01,-7.770024666104605182e-02,-1.920693106319399934e-01,-1.016785492510601518e-01,-3.414645438759082718e-02,-1.312054411035508683e-01,2.552292102751453455e-03,-3.307712861997164078e-01,5.251259714398065319e-03,-7.883958879180603951e-02,-6.341819786141711032e-03,1.433278717610561859e-01,-1.404781068795502193e-03,7.886597238162813828e-02,-2.217300821093399765e-01,-2.554731869944867895e-01,-3.499521982154012445e-01,-2.172536066611508443e-01,-3.915169109079206233e-01,-1.980011745677904833e-01,-1.456417869084678240e-01,-8.194288636054339325e-02,-8.646425205041528839e-02,-2.866434349994640904e-02,-2.896813791014930528e-01,-3.366483426748707181e-02,-2.332825095643001057e-01,-9.463018991880126074e-02,4.480846910579622255e-02,-6.228047103559160996e-02,-2.498348144144603000e-03,3.352579693524732757e-02,-2.148332507052650719e-01,-2.743715961879125698e-01,-1.337110495546046385e-01,1.263542537499538765e-01,3.403344661120635273e-01,4.846162775478039114e-02,5.130379487396206084e-01,3.271891524728650080e-01,1.517248897222043310e-03,2.372419608389344792e-01,3.230733703847314953e-01,5.232884520147199625e-01,3.717802517769828834e-04,1.987016822620782941e-01,6.469557279134621752e-02,4.815381497325992299e-01,-1.791749573044468524e-01,-4.222479334354967140e-02,-1.666918983477451988e-01,-2.948099293407602794e-01,-8.584980094747050872e-02,-2.414650531015028467e-01,-1.725076953814745975e-02,-2.906829600669021824e-02,3.701382007173258104e-02,-1.092449169134389469e-01,5.949374888919236291e-03,1.854421463037331241e-01,5.714742469987368206e-02,3.743377219979723836e-01,1.818259795124059219e-01,7.378184318610933601e-02,3.870470179244825393e-01,-1.529962074815041373e-01,-2.915157733507156568e-01,-3.764853399293466990e-02,-1.126074501172149482e-03,-1.957606522923108563e-02,7.545384922703033369e-03,-2.487314254992649132e-01,-3.269359350959094024e-01,1.818121031097524321e-01
6.392933559973942304e-01,4.086571737736662824e-01,8.938912908692738801e-01,7.666112978147638923e-01,-2.061272463479599804e-01,-7.226637653884857015e-02,0.000000000000000000e+00,5.948416968601710764e-01,-1.662865765332042500e-01,-1.073656795934747887e-01,3.400639133000462611e-01,2.170322784475078592e-01,5.435730896155257508e-01,2.936235910875632515e-01,-1.322515027488495865e-01,5.411641407896203987e-02,-1.292353337699231053e-01,4.733973452518541736e-02,6.907725431202228483e-01,4.668479087841658215e-01,-1.118058189451185541e-01,-1.811979131617932892e-01,6.346764517935460370e-01,5.057884132163834590e-01,-3.404322946919643295e-02,-7.539765924755689741e-02,7.957967092544679377e-02,2.092524660406622217e-02,-1.030914004794515337e-01,-1.826185798334586941e-01,3.703847527397777228e-01,4.872207661733839457e-01,6.062646936931146424e-01,4.815448928236836790e-01,4.620099223382798104e-02,-6.126141788746101990e-02,-3.965121331376564306e-01,-4.012724508135162016e-01,-1.046231722322598229e-01,-1.172381832147003922e-01,-8.832432137301998720e-02,-2.624773908244713017e-01,-3.306716291593583268e-01,-3.307129956076206856e-01,-1.675422560115995829e-01,-2.548024602872236422e-01,-3.590414996945130444e-01,-3.139288375640379436e-01,-2.429787100858298576e-01,-4.222500853223568607e-01,-3.280242468333150474e-01,-4.655906629736199509e-01,-4.931842214189834372e-01,-4.613955622512361243e-01,-3.297260339061072743e-01,-3.385465909347236124e-01,6.019787830424666586e-01,4.145159466020927885e-01,6.463307697572751032e-01,3.101482117419933626e-01,6.372911069973693499e-01,3.443209491385850751e-01,1.350539774905125390e-01,1.854313621992530192e-01,1.298273128541485022e-01,-5.057779324440411090e-02,4.397667811787952519e-01,1.626077070210613096e-01,6.605190661774373861e-01,6.023256209019546281e-01,-6.057584724328649549e-03,-9.335056451591441928e-02,-1.364308596927459039e-01,-2.500742576580258780e-01,6.413146553566026475e-02,-2.655808236733231409e-01,-2.365003022856470294e-01,-8.310751361539507609e-02,-3.613166603074988714e-01,-1.338123633517965261e-01,-5.078876481615699490e-01,-3.745036504553755363e-01,-2.139562683437088719e-01,-8.365259355979583200e-02,-5.524039631923500782e-01,-5.093753585280339502e-01,-3.024772992671845295e-01,-3.684465710264027416e-02,-1.907149563872056475e-01,-3.279577896280429505e-01,-2.977266287084550656e-01,-2.877503420526046629e-02,-3.564923194913031113e-01,4.281056318220927137e-02,-4.184589615600384227e-01,-2.464498583723281067e-01,-4.938324464157938243e-01,-2.582756560891796838e-01,-4.526229145971841228e-01,-1.857161580368760223e-01,-4.812187686668358833e-01,-1.109127586232369067e-01,-4.379471259717976905e-01,-2.412899646568663625e-01,-3.127510420495742682e-01,-1.508715150915970193e-01,-2.419125419591208470e-01,-2.446608469196505653e-01,-2.457093256272314952e-02,-3.833688164682939048e-01,-6.287026420571312224e-01,-5.502984089451886662e-01,-3.605252375993417968e-01,-3.351303459551070452e-01,-1.872069640522930623e-01,-4.159449666745780594e-02
5.379109977891095573e-01,6.187777617159966326e-01,6.226899083517595246e-01,8.291294230503925000e-01,-2.683644317944157143e-01,1.465304371850876253e-01,5.948416968601710764e-01,0.000000000000000000e+00,-3.621841460404775503e-01,4.409122294643821882e-02,1.544038899635887252e-01,5.819042994880539998e-01,1.667594755579290544e-01,4.517603670578900776e-01,-3.466692033604344969e-01,-9.292697291706782103e-02,-1.864024457038913618e-01,1.857218512533077501e-02,6.407821390760443103e-01,5.320133646531358673e-01,2.786971144683332655e-03,-1.329148201664358264e-02,2.765396589657241888e-01,2.637787618872534656e-01,-2.404020107625404468e-01,-5.296011251186440172e-02,7.212179076175913436e-04,-1.552957281031174235e-03,8.900244932509064621e-03,1.836075092196636990e-02,2.116894863029353258e-02,2.299607814285933860e-01,2.216799920830254678e-01,4.411286120622646134e-01,-3.145170053316150849e-01,-2.119880520328163431e-01,-2.720729170989402146e-01,-3.613980376927565796e-01,4.626566219205661273e-02,1.439722277121184991e-03,6.601207472223630246e-02,-1.377390022606247433e-01,-4.629673178715123516e-01,-4.718889819354171733e-01,-5.492067603973231904e-01,-5.131718242205318692e-01,-2.405829130705541274e-01,-2.263957247888422064e-01,-1.811975063236523631e-01,-5.289547301427017789e-01,-3.898833066591322893e-01,-4.579530834211770207e-01,-1.940085589224614937e-01,-3.005046150875719246e-01,-1.819292371045178047e-01,-2.768832191611147464e-01,5.980629328810055378e-01,4.512063175447305619e-01,4.754080954560429007e-01,5.283428913195497012e-01,2.699186961727579881e-01,4.640882679365720964e-01,1.644210974244041945e-01,3.716142188027546367e-01,-4.649889312107148287e-01,-2.165628481510581682e-01,-8.075044667807787513e-02,-6.839448412365226049e-02,6.592109488917362592e-01,6.524527582888264288e-01,-2.187445170086879942e-01,-8.561810667017354104e-02,-2.198015692617677763e-01,-2.568937319106225359e-01,-1.082010651535029455e-01,-3.022248425706690056e-01,-3.081527022183679909e-01,-1.075537026854103406e-01,-2.479595654417117989e-01,-2.037158454206111913e-01,-3.721451946949221323e-01,-1.391067679490339271e-01,-2.099485234203903733e-02,1.015379390169377644e-01,-5.850894325623798853e-01,-3.220894903205117621e-01,-2.984006738325981067e-01,-3.371323109771920956e-01,-4.730898665808605519e-02,-7.787866900547336935e-02,-1.487527779353015056e-01,-4.118309644861898877e-01,-1.146498903019005922e-01,-3.051558300112727218e-01,-2.204368295182634885e-01,-8.285622553228581821e-02,-4.373200014478575426e-01,-3.461589587527719170e-01,-2.753204450986860841e-01,-4.731585627774659852e-01,-1.338565887734755322e-01,9.667719120736502358e-02,-3.454694208033869951e-01,-1.013554033919080860e-01,-4.128452427094120858e-01,-4.630994032683292683e-01,-2.510641830565649157e-01,-1.194379222385908296e-01,-1.304301439042574728e-01,-3.535696115124247196e-01,-6.088496090666934979e-01,-6.382315407320021672e-01,-3.689318526278694277e-01,-4.018422301302640443e-01,-3.442248733948575223e-01,-2.159334568316312597e-01
6.958012130660300165e-02,-2.027516954490842307e-02,-2.422450506843742413e-01,-3.037946282662005726e-01,1.984297087639617652e-01,-2.309250220587296121e-01,-1.662865765332042500e-01,-3.621841460404775503e-01,0.000000000000000000e+00,-6.062621199320326892e-02,1.524281952602523360e-01,-1.820244171989365556e-01,3.069660304226886488e-02,-3.849870206274917384e-01,2.901541981978414397e-01,3.363747053682865085e-01,1.987124838545605565e-01,7.543578066673366223e-02,-3.930638270913218435e-02,9.134430140921348529e-02,-2.769298148722595942e-01,-1.814816980945459512e-01,-6.700894284764878639e-02,-1.588970900948008247e-01,-1.775185161508329446e-01,-2.704335661813100367e-01,2.214372271688239968e-01,1.884219328830646564e-02,-2.430724125334834951e-02,-4.071505208484400840e-02,-1.167630095509913091e-01,-1.944457093345853538e-01,-3.741312357049116945e-03,-4.628061233033549382e-02,1.140626879183466169e-01,-8.058341981646541946e-03,-2.682945805841652209e-01,-1.896728113361111634e-01,-1.881940416359879076e-01,-2.789870131520700847e-01,-1.998150919035859285e-01,-2.934314384684451049e-01,-9.966763703289845122e-02,1.720273728702122196e-01,2.237388095146929656e-01,2.690474153265519641e-01,-1.021773809738703298e-01,2.051261986660649420e-02,-4.814099814315839915e-02,3.551773926186008734e-01,-1.294180486552328098e-02,1.569414779759620848e-01,-1.593924910012864127e-01,1.164247652276838990e-01,-2.137015568764449869e-01,9.826593345895409670e-02,-2.969697115860769551e-02,-1.099330010198617258e-01,-3.620805109640595071e-02,-9.722087893724742913e-02,1.637589369089474112e-01,1.663628152952879580e-01,6.481837433957517158e-02,9.560731374471646837e-02,6.234156399615602834e-02,1.600602600069695736e-01,3.794486340671803654e-02,6.982967576572759452e-04,1.488590868284414342e-03,-1.103287861128421921e-01,4.775176875085162392e-02,-1.456399294393077026e-01,-1.052521844720344102e-01,-9.853570732898959961e-02,9.196266733659025361e-02,2.361635487973898773e-01,1.686372933222812232e-01,2.259894136114849739e-02,5.937074345733649866e-02,2.154646145055613138e-01,1.054629768637295115e-02,-1.451598209029347775e-01,-6.132231713870218287e-02,-1.652092757500648601e-01,2.560135304344215643e-02,1.316629796993516732e-01,-3.094090508145988690e-03,1.132179762691811475e-01,-1.579179197594555717e-01,-1.312629589825878851e-01,4.040773312282556345e-02,-2.972452874307284637e-02,3.493006476558040141e-02,1.211476127792047025e-01,6.062158685931516577e-02,1.542864506270795188e-01,1.499501148320722954e-01,1.535576594336688916e-01,-1.764113961194365213e-02,1.032873097901658987e-01,6.301542872701029752e-03,-2.936507632439180893e-01,-3.778358755236085192e-02,-3.780291591427153430e-01,1.479142289411502498e-01,2.441023934690503550e-01,-6.156934846238695108e-02,3.850650268593551473e-02,1.005839761453609094e-01,2.326193703431910231e-01,1.847398189376547040e-01,1.925874363637108677e-01,6.985071658248268207e-03,1.598028742492342003e-01,2.023881140476926355e-01,1.609889136516907682e-01
-4.808498454895768215e-01,-3.714106950194407397e-01,-1.095464191509481072e-01,7.236357409690333253e-02,3.832193755126758195e-01,7.146050117496888232e-01,-1.073656795934747887e-01,4.409122294643821882e-02,-6.062621199320326892e-02,0.000000000000000000e+00,-1.778228399520389580e-01,1.223590271043438760e-01,-1.636985730591894797e-02,4.431074236234998631e-01,2.915338716383241158e-01,3.341119297075263450e-01,3.700200371937060334e-02,1.312645991897994635e-01,-3.656247847701252773e-01,-4.729190546792388372e-01,3.785546057752765814e-02,3.204808997232818507e-02,-3.291313602307096263e-03,1.213314291794285182e-01,4.484482494663315499e-01,5.132229717229901400e-01,2.299456881022035604e-01,3.426306565877447197e-01,7.497356857951496811e-02,1.526523528818952979e-01,2.256148134045771192e-01,1.708985059285662023e-01,-9.544972454969424813e-02,-2.739574076962597027e-01,-9.605871949154971834e-02,-1.838700795069297123e-01,-1.168240445672118211e-01,4.179239706802730103e-02,2.699726269711024210e-02,8.722803614937320316e-02,-1.401122146720794048e-01,-3.886313250246587608e-02,2.044753198048649134e-01,8.140522456691987041e-02,5.177538452377995933e-03,5.822607615733997599e-02,4.438410772425403772e-02,-1.017020333702202128e-01,-3.494626097069691156e-02,-1.398765691277059631e-01,-2.447704002031544923e-02,-1.234787163231714641e-01,-3.674933524042382077e-02,2.362335904672321629e-01,-2.288539921623707063e-01,1.823949641962933355e-01,-3.537622344341468383e-01,-3.578511342072854262e-01,-4.801711858597816907e-01,-4.809591806080599774e-01,-3.486726969048411506e-01,-2.345918207416345380e-01,-1.005425557990143465e-01,-2.017636759699399374e-01,3.976813579878331339e-02,-9.232390937909258632e-02,-2.989503616303932909e-01,-1.823090717285581475e-01,-3.915222207676139488e-01,-1.931507454453050276e-01,-1.104141535964071746e-01,-9.396523459322646266e-02,-1.579686716142692238e-01,-8.588882730974446711e-02,-2.686102089074396404e-01,-1.104564901093123830e-01,-7.660244371763573479e-02,-3.092692201958983575e-02,2.769337658692114235e-01,2.110464412157421199e-01,4.597569911018209998e-01,3.675891071990388670e-01,-1.942848898412884995e-01,-4.496847628904711291e-02,4.101555838970429302e-01,4.989478396579559716e-01,-5.632385094175713230e-02,2.379986623411430025e-01,-9.324867809087670698e-03,3.891652668941297244e-01,-1.401319767424120122e-01,5.761721493691637774e-02,-7.136624705524530210e-02,-4.966180596054053931e-02,-3.292174741886360473e-02,-1.643630015842590941e-01,1.450207510364203978e-01,5.443525355433233293e-02,7.095302721169965965e-02,6.745898774385580832e-02,2.335519408231354066e-02,2.128518622054985099e-01,-1.669087872521270166e-02,2.214944092982249479e-01,2.385734257297472127e-01,2.740791594109633356e-01,2.311041804955359935e-01,-2.064522450535881404e-01,-1.008249404400855809e-01,1.729825989701299360e-01,1.449338337681986555e-01,9.826339841279717324e-02,1.603315116386848649e-01,9.842571705027566842e-02,6.055895726731123918e-02,2.620022591728552452e-01
5.067008262408704278e-01,4.783852339590533020e-01,2.480509918121909518e-01,1.594867813906631349e-01,-2.374485983436936676e-01,-2.901413639977943881e-01,3.400639133000462611e-01,1.544038899635887252e-01,1.524281952602523360e-01,-1.778228399520389580e-01,0.000000000000000000e+00,5.971162229535881272e-01,7.534723257704885047e-01,1.845420170800943782e-01,1.950878658647404729e-01,3.000008986852666926e-01,5.885649177847616098e-01,5.829055975284864743e-01,4.156673267240581504e-01,4.727407665088595445e-01,-4.741487990791385387e-01,-4.358948525557337916e-01,1.290018015849156707e-01,-2.553410208188477276e-02,-2.700075096156297483e-01,-2.562763980103782147e-01,3.502238290509460811e-02,-4.595699758016641434e-02,5.184086822030309349e-01,4.342966736469913158e-01,1.064491540030949868e-01,1.680707802018527042e-01,4.104596459178335571e-02,3.915503139572230201e-02,-1.712788962061422837e-01,-3.053395838316653732e-01,-2.069419360193804069e-01,-3.740066996904566898e-01,-3.316671700615787532e-01,-4.707518818012001449e-01,-3.315065406861127939e-01,-2.444320577993427945e-01,-4.152182944010440746e-01,-3.985400618681598783e-01,-1.076750112978367147e-01,-2.849787208540464911e-02,-5.066205795649731947e-01,-3.546939186065237171e-01,-3.204109556066983555e-01,-9.632988368675163282e-02,-1.746121773634229657e-01,-7.870876528847534082e-02,-1.190467236356610448e-01,-2.439795747580982832e-01,-3.325425506053365093e-02,-4.661747189235345701e-01,5.090931224922496945e-01,4.932079956782163821e-01,2.611895272865804030e-01,2.011264552035587350e-01,5.055073465923684006e-01,5.257827643470361911e-01,6.840696110517469064e-01,6.075061124824623349e-01,-4.556749435002478699e-02,-3.281694366840945398e-01,-1.237890461605480608e-01,-3.510972246045009904e-01,3.284148440710791261e-01,1.502314488859693986e-01,1.622889103823617063e-01,3.621307403727379026e-01,1.288801041984514173e-01,1.811837314504860241e-01,3.799445356322494471e-01,2.754882184011122614e-01,-2.643985903079788535e-01,-2.243746124739362802e-01,8.734056266625175868e-02,5.064869726809256845e-01,-5.472560162868816275e-02,2.003183402359288434e-01,-2.784653119494343021e-01,-1.810946058896582556e-01,-3.219539692933866548e-01,-2.421592965320026047e-01,-1.366799384864431088e-01,-2.643518692172000528e-01,2.729033071691278067e-02,-1.969726272255092059e-01,-1.899787901467645812e-01,-7.409144563902342329e-02,-3.416738303759934703e-01,-1.961124996596226022e-01,-1.161860744209296664e-01,-1.455103527809692432e-02,-4.766858998696842098e-02,2.179959448999435889e-01,-4.118114532255997412e-02,4.376247133576515597e-02,-1.800438892868059249e-01,-9.815455662384936497e-02,-2.594061087715570646e-01,-2.661547167297403371e-01,-1.675576872396276895e-01,-3.468273801348026320e-02,1.327059869393236169e-01,-1.089480947680549205e-01,5.151067735565370564e-02,-1.028206887480124093e-01,-1.965367855578801504e-01,-1.580444267063456087e-01,-9.500779403443168625e-02,-2.250998022924597108e-01,-3.935466707046061247e-02,4.505252508279395524e-02
3.745537097931851966e-01,5.959120823730618133e-01,1.953426362945248906e-01,3.130694827324485008e-01,-1.436310348437097040e-01,1.968801044486094831e-01,2.170322784475078592e-01,5.819042994880539998e-01,-1.820244171989365556e-01,1.223590271043438760e-01,5.971162229535881272e-01,0.000000000000000000e+00,4.033178396580359149e-01,4.517921721644053146e-01,-1.526531057849061512e-01,3.745008890661200018e-02,3.396365276505882713e-01,4.481043481362558811e-01,3.143144918929758336e-01,3.871919368700485475e-01,-1.911590527226224578e-01,-1.282446581848054046e-01,-5.157253720218316767e-02,-3.337627951838798707e-02,-1.992463327989784649e-01,-6.886247157126301754e-02,5.610257091348795633e-02,-3.452968256817424281e-02,3.113579333600929311e-01,4.814460009126008688e-01,2.111199743426806028e-03,1.275842238814822449e-01,-1.679295412647798802e-01,2.005181367662542749e-02,-5.474048055836394644e-01,-5.437399488526033497e-01,-1.664740452222960299e-01,-3.539471913983279761e-01,3.117850458529949822e-03,-2.015665800993658996e-01,-1.171998456344172657e-01,-1.518326455781970341e-01,-4.430778449025095100e-01,-4.910917720783869456e-01,-5.198769293914754508e-01,-3.817719045020410706e-01,-4.181522771311059206e-01,-2.914860356132853436e-01,-3.096871262910687039e-01,-3.561733087466584236e-01,-2.883155195733087539e-01,-1.953504281653310470e-01,3.655109198083509453e-02,-1.226118517739795410e-01,-7.835263874941007789e-02,-3.493856333336071707e-01,5.273224231042714649e-01,4.298027143149160123e-01,1.604656263448120124e-01,4.039314323207055524e-01,2.089049789467901097e-01,4.907822087695428159e-01,5.984459732004909771e-01,6.860618509327262027e-01,-4.916711627511781146e-01,-4.526133746708880246e-01,-4.579572038344799090e-01,-4.043535938467058277e-01,3.506015223527312874e-01,3.325163829292930862e-01,-8.075868418638751378e-02,1.552467564510124354e-01,-8.298804881488626439e-02,-1.915479148206189984e-04,2.674543515624397405e-02,-1.563808590029273915e-01,-4.769261085855875382e-01,-3.342647708537494489e-01,2.250314136311409308e-01,2.598073049368356813e-01,6.719713040399294401e-02,3.164234817363019703e-01,-1.626339861996274061e-01,-4.680331462011497190e-02,-2.971794811072062670e-01,-7.182898612728007282e-02,-1.060632253903003031e-01,-3.845573919332178070e-01,1.903211954807842166e-01,1.135272816088078590e-01,-2.071200508872299006e-01,-4.365101896075440080e-01,-2.520237272006149998e-01,-4.712706610693665477e-01,-1.974591090046262376e-01,-1.438663826398558498e-01,-3.010344474003894821e-01,-1.183166674410273678e-01,-9.959077470517885278e-02,-3.157980247425284381e-01,6.686149522677818646e-02,1.732682310883769949e-01,-2.512516881260655754e-01,-6.655552883393546504e-02,-2.127994948577106582e-01,-2.780502671022029304e-01,1.138150484293904002e-01,-9.021805213200380369e-02,-2.526685459687486590e-01,-2.815268336817442485e-01,-3.796901758845407926e-01,-4.188364703085308838e-01,-2.149315611889802136e-01,-4.328466669934170619e-01,-3.521040071129404314e-01,-5.378619762260974241e-02
3.763574569382017732e-01,2.685365272775311341e-01,4.628407807456041967e-01,3.095108165614844364e-01,-1.388985700435849957e-01,-1.624648348748379822e-01,5.435730896155257508e-01,1.667594755579290544e-01,3.069660304226886488e-02,-1.636985730591894797e-02,7.534723257704885047e-01,4.033178396580359149e-01,0.000000000000000000e+00,5.357817458293147039e-01,3.126028073177464783e-01,2.991036610322378442e-01,3.727472270482986016e-01,5.104457479531854247e-01,3.527992584540177168e-01,2.766490133844569099e-01,-3.537103719367384880e-01,-3.581807566779408591e-01,3.420522655148473534e-01,1.507596927551946020e-01,-1.007891707224936040e-01,-1.490587944855351621e-01,-1.103564943696021955e-01,-1.282605657767127982e-01,3.032282024084437810e-01,2.721733026518367571e-01,2.710367771461953956e-01,3.339144090527643161e-01,2.144396563332331973e-01,1.853480774181107040e-03,-1.929328233432914957e-02,-1.987561605004327103e-01,-2.830337810982013758e-01,-3.695385438824254076e-01,-2.388145673550238490e-01,-2.906227902804684460e-01,-2.451682862248456829e-01,-2.316797303814713271e-01,-2.698763583953932010e-01,-3.093079200282931041e-01,-5.972947601964738451e-02,-1.225359706756282419e-01,-2.618383777420610903e-01,-1.730503549865063662e-01,-2.558942505517121102e-01,-1.665838024404705520e-01,-1.076770518605255494e-01,-1.895268577788546960e-01,-1.752748546192255119e-01,-1.729111613306185402e-01,-1.298525287373189507e-01,-3.031762187418363674e-01,3.896846408977676091e-01,2.932406610531707591e-01,2.126559384666076580e-01,-1.807156025712339025e-03,4.577456503918729269e-01,1.938666839113367402e-01,4.784121155525830615e-01,3.244631861227782466e-01,1.902507513953350660e-01,-3.626364334476485651e-01,8.289408415538111752e-02,-2.643238492626493463e-01,2.339991803703103945e-01,1.670170044031871470e-01,1.074382546878244887e-01,2.743060129463501529e-01,5.719450886420687774e-03,8.417252418405279935e-02,1.947032260321246988e-01,6.498578353531368756e-02,-2.218837499099315935e-01,-1.474311472955192603e-01,-3.163843859063711350e-02,3.817638810764379942e-01,-9.837517368453835287e-02,1.401609082583643029e-01,-2.632927631108577526e-01,-1.866364111978246754e-01,-1.327739788159312262e-01,-3.201790406943031964e-01,-1.740599920654252453e-01,-3.993517518846966680e-02,1.174378320769474127e-01,-1.800300461335765101e-01,-2.779247311896753114e-01,4.816428102921566090e-02,-3.903685169562799984e-01,-2.771372902880717918e-04,-2.023051059895219217e-01,-1.457661812813506041e-01,-1.533272318653496336e-01,7.728777400829521527e-02,-1.792620202339588742e-01,5.438218135605678294e-02,-2.931535309972754244e-01,-5.907299294356310737e-02,-3.773926636239703925e-01,-3.040965210108470540e-01,-2.803602805180070989e-01,-5.601668906416976124e-02,-3.830888685460649007e-02,-2.386426874565242273e-01,9.821127463542826674e-02,-1.535806988469606282e-01,-2.426550699516849818e-01,-2.165965769079814529e-01,-4.653673736064482813e-02,-1.818260438969205028e-01,3.209579494784588205e-02,1.594371105977039974e-02
