0.000000000000000000e+00,4.684569898970828428e-01,8.961381536767196176e-02,-7.396399087991138710e-02,2.071483586132475407e-01,-5.417880776514137631e-02,2.162578626791501202e-01,6.497633655974208167e-02,1.863894543342530241e-01,6.556281339679907727e-02,3.969585139776293792e-01,2.138502387045131958e-01,3.495320374913202799e-01,-1.705163625280061990e-01,2.039069830540795047e-01,-4.947353742251373032e-03,2.342680335691091076e-01,7.647473297897693090e-02,3.772999064190326601e-01,2.528108846745326099e-01,-4.880514644306667427e-02,-4.134734990507874333e-04,-2.058598198027525861e-01,-3.876285622097643824e-01,-2.571366005580570380e-01,-2.786378250668745671e-01,-2.115978892811689049e-01,-1.068264562529162576e-01,1.763661504899069199e-01,8.358424864775562679e-02,-4.254034188415788398e-01,-4.069255677566489537e-01,-1.815492283843643251e-01,-1.270806248780022851e-01,-2.852305112033460266e-01,-3.047479907283290879e-01,-2.291403906385092448e-01,-9.553220557592691231e-02,-1.625552192831405673e-01,-1.261576516194578002e-01,-1.545618354102425152e-01,-1.007356405635253804e-01,-1.189749559268977880e-01,1.576024752397728601e-01,-1.856937169095937701e-01,-3.628280990189101940e-02,5.146328378119422592e-02,-3.521053477239316758e-03,-3.406510883641158255e-02,8.924817091331743724e-02,-4.834871577660193251e-04,3.762118087143096617e-02,5.231047736633826634e-02,-9.159029881249303520e-03,5.965764890303482809e-02,7.678892146693090670e-02,2.506139259177824763e-01,1.856521125317500964e-01,2.473916009405246197e-01,5.256871312879903002e-02,4.348284564186936096e-01,1.214686629372289800e-01,2.280331802641930028e-01,1.922364216291563843e-01,-2.644746996482783691e-02,-1.589811533242720121e-01,-2.734813232489104462e-01,-2.658235104460929255e-01,1.032299141165697043e-01,-4.638032878712459312e-02,-2.304276308354942793e-01,8.660829372536411885e-02,-1.043387630016916479e-01,-8.842878863712847967e-03,2.235778865533405088e-02,-3.304661471040770161e-03,6.294046208419697142e-02,-3.297715413444614330e-02,-1.814998133270249309e-02,1.761092754987206577e-01,1.687991162943370260e-01,-3.374630802421319659e-02,-4.015650588462425785e-02,-1.238468458360674485e-01,5.622817750740576048e-03,3.482616544774394009e-03,-2.879710048548446422e-02,-2.333261567950197651e-02,6.596636096995003862e-02,-2.274225724769260437e-02,-1.913545069579067337e-01,-9.380827849738315738e-02,-1.281103934538246336e-01,-1.229265341155877794e-01,1.551908336528529941e-01,-6.986937384506928389e-03,6.792936521756773316e-02,2.986993218341905121e-01,6.570119282561840378e-03,6.422712740301532441e-02,-1.626092851592761401e-01,-3.744123490466052390e-02,1.051497231596087295e-01,9.577990023673944864e-02,-4.447153725342722907e-02,-1.116622428513953380e-01,-1.784319147173619446e-01,-1.236679012469368982e-01,-6.482921732774084289e-02,1.248943251269788030e-01,-2.333124603088071805e-02,-1.087918060146668420e-01,-7.672448433106367205e-02,1.362767683957614440e-01,9.351730237190188089e-02,7.257742157308932907e-02
4.684569898970828428e-01,0.000000000000000000e+00,-1.812153568140108528e-01,-2.327664939177536696e-01,7.069850386986423207e-02,2.163099467494380632e-02,-3.869552014358906278e-01,-2.607884892075259531e-01,-6.314201518536735613e-02,2.095092342908702263e-02,-4.801648316867986044e-02,-8.813223977761207306e-02,-5.808499037722582997e-02,-2.696464545211723074e-01,6.953399682333921694e-02,-6.978068652656589654e-02,5.564103416908997568e-01,5.576145430418785187e-01,5.306517387972793376e-01,6.602895069882865897e-01,-5.331861927990397959e-02,1.859226974708604041e-01,-2.696347097379040991e-01,-3.812603639582572423e-01,-2.271113559082266753e-01,-1.812465383794292229e-01,6.648122852319873766e-02,1.308611544448126662e-01,2.943828199348696995e-01,1.636357317858464222e-01,-2.034878069900645514e-01,-3.068453453733954728e-01,4.987904384072473080e-02,5.106626567216433071e-02,-4.337947435636835825e-01,-2.831341742157585939e-01,-2.058198761447353753e-01,-1.038083305903913373e-01,-4.862603827110958954e-02,-2.193122209189730665e-01,-9.407140664129491625e-02,-5.997059363763676543e-02,-1.267389789202582884e-01,7.330571334285750258e-03,1.408285362467285307e-01,3.580410646250094531e-01,2.221248780361695374e-01,2.640151173643336402e-01,2.037545694970807064e-01,4.526866233969733533e-01,-6.141478812580272728e-03,1.354398338986042283e-01,1.355140247782591068e-01,-1.603791365296348970e-02,1.835813749789837745e-01,1.614998551064507071e-01,7.644385850393798920e-01,7.631080615635914555e-01,4.270095021609996433e-01,1.400969700403813523e-01,1.144496712063610387e-02,-2.298655843535128418e-01,4.143408783900748849e-01,4.100728273487102560e-01,-3.137051856057469501e-01,-5.424872372112568009e-01,-3.473125309405328820e-01,-3.024537590101766260e-01,5.236021784317197447e-01,5.062766846288464517e-01,-3.245766105351115538e-01,-1.440180313945991220e-01,-2.457568723122476595e-01,-6.161386765220300960e-02,-7.890793444879033725e-02,9.180879740667641231e-03,-5.641863602188591093e-02,3.984375794418265615e-02,-1.339279910216241432e-01,1.223379948616482304e-01,4.678812729111947455e-01,3.871156287129735030e-01,1.225299453029936314e-02,3.365909154679870841e-01,-4.144125846787627410e-02,2.439786487280276028e-01,9.093062526477520280e-03,1.717686761182965205e-01,-1.944457847713009502e-01,-8.511266904449062490e-03,-4.837549538595708465e-01,-1.616254456622386593e-01,-3.978422909304349941e-01,-1.007734356105427914e-01,-1.122372115558007560e-01,-3.044613124342830934e-01,-1.740894668849773119e-01,-4.934856494916525088e-02,-2.131310692847501465e-01,-3.567679414818807904e-01,-2.750184174440543083e-01,-2.038223098561146862e-02,1.247999790301211887e-01,1.760312246198644237e-01,-8.963994217408891019e-02,-2.080016780587727876e-01,-1.839145212363419157e-01,-2.328828454111056823e-01,-2.469536287758887227e-01,-1.333346988402325517e-01,-2.491925063055710765e-01,-1.947209300951365518e-01,-3.830395931277726373e-01,-5.796145338258875540e-02,-3.892630573348879186e-01,1.513602440020485052e-01
8.961381536767196176e-02,-1.812153568140108528e-01,0.000000000000000000e+00,1.189307307017516829e-01,3.510380753454288988e-02,-6.633085183594170098e-02,5.999750701736314973e-01,-8.845098267346353238e-02,5.771699261317154717e-01,1.727394950679957963e-01,4.923303724099332146e-01,-1.321252761322274094e-01,5.652692894141372326e-01,3.226399258863717479e-01,4.214325099270228026e-01,1.974124538872343293e-01,-5.858396870079505409e-02,-2.410424859468857650e-01,6.441681778191456209e-02,-2.031920044679076109e-01,8.987535974685707807e-02,8.107195497324158617e-02,7.522429940252324254e-01,5.349524700295124058e-01,5.551750294354169668e-01,3.232452656793051160e-01,3.195816795570300406e-01,3.519045164662438774e-01,-2.034635547926205157e-01,-2.563122614380848319e-01,3.265646212639310431e-01,3.067102480103705009e-01,-5.190523918769469891e-02,-1.980248498755774189e-01,3.635709994405164625e-01,1.451537777292316311e-01,2.970741462300549585e-01,2.751912900518000971e-01,-7.550514476179519263e-02,-3.509932972091221043e-02,3.717518105006268475e-02,7.301489656683064766e-02,-2.472336237127247260e-01,-3.128253849092259564e-01,-2.504270359263335299e-01,-3.661521073920874780e-01,-3.943294354240203248e-01,-2.739748696213930579e-01,-5.349895961247481679e-01,-3.589158069971213894e-01,-3.386027555166474801e-01,-2.878595015020508630e-01,-3.021338485719279876e-01,-7.111106888069289311e-02,-4.545204434165626139e-01,-3.349276158945739268e-01,-1.822541177956949199e-01,-3.313928480310265878e-01,-4.011721195163194809e-01,-6.205862740962305724e-01,-3.028823590820024503e-01,-2.630557070623855687e-01,-3.243241708302006532e-01,-6.939870511750686477e-01,7.263193643952533529e-01,2.182276416985221845e-01,9.944494863135033835e-02,-1.963262709277633078e-01,8.931782594451051494e-02,-1.869342802858712793e-01,1.126795211820885018e-01,3.405260765894013719e-01,1.357779553820568641e-01,-2.184633543113054591e-02,1.353276518130199502e-01,-8.924966672054756786e-03,2.160355901381802099e-02,-2.784195912607858800e-02,-2.070993775531584230e-02,1.380060915661797949e-01,-2.784338723042845132e-01,1.025003584126063169e-02,4.489407522542462892e-02,-8.039095313023077172e-02,3.655765459625475167e-01,-3.702745662229633972e-01,5.557789199398142088e-01,1.400442150999600399e-01,1.719353091578491310e-01,-1.950438380270983207e-01,4.796565121856536523e-02,6.152642459062605818e-02,1.379271995408608564e-01,3.371387399484909730e-01,7.637150042216274415e-02,-6.076298909628453926e-02,-1.042724687094000735e-01,-1.006523322831945899e-01,-2.465748593893467566e-01,8.584969631787786604e-02,-2.508699618680990118e-01,7.115576917285441373e-03,-3.185449139757186021e-01,-2.656357795431286140e-01,-2.177710112378754281e-02,2.761177492579445225e-01,-4.903292407158410526e-02,3.760811183442938632e-02,1.354053335474913466e-01,7.760211901315605676e-02,-2.024609965969801501e-02,-8.875005963494111971e-02,5.118114659189535592e-02,-1.226917688465393730e-01,1.760114884212612973e-01,-1.824807839588607483e-02
-7.396399087991138710e-02,-2.327664939177536696e-01,1.189307307017516829e-01,0.000000000000000000e+00,4.916038853273412002e-02,9.864014460770272053e-02,3.524576242729275388e-01,6.750905772507219682e-01,2.275089598830834156e-02,2.362686291698759544e-01,-8.167650454833405571e-02,3.633285339996354391e-01,-1.031419567142290994e-01,1.383748482290043658e-01,-2.215780531938165709e-01,1.496732934370654799e-01,-2.361240220300191150e-01,-1.550049247950693321e-01,-4.626328982467788065e-02,-1.247583671900968083e-01,-1.291300406983172111e-01,-8.550348039374310039e-02,2.867745685137704226e-01,4.598064310485090456e-01,2.811391889474149780e-02,2.709001839117894037e-02,-9.079863154972396544e-02,-1.194754318989605102e-01,-1.544897442114013530e-01,3.643419361808853535e-02,2.198938054697032185e-01,3.714216536306959582e-01,-2.522294211187264823e-02,1.097716211520500668e-01,2.122084788114670384e-01,1.737193164323608818e-01,-7.354014910102667224e-02,-1.811794098846839507e-01,-5.643152298955999430e-02,-3.200037309013513687e-01,-3.510627517693231670e-01,-2.790217542430311615e-01,-8.319022919782589898e-02,-7.757163107602353669e-02,-1.560363131119381630e-01,-1.216171378721457030e-01,-3.283817605700037334e-01,-5.030272254663941123e-01,-4.947657675875771766e-01,-4.784626867684399487e-01,-4.571714310716478158e-01,-4.922507285361385487e-01,-5.166149212583492911e-01,-4.133304117948286560e-01,-5.568645094228522607e-01,-5.806097301169290681e-01,-3.220792984936687864e-01,-2.018315533955919727e-01,-3.382014512318973765e-01,-5.653197868081699662e-02,1.514735886764748685e-01,4.553313809248317745e-01,-1.563900696734001616e-01,1.237469571189589446e-01,3.221093319795468313e-01,5.586431757472536397e-01,1.195961744193541482e-01,2.354695681403971563e-01,-2.711054060221281814e-01,-2.515691818240205491e-01,2.186406296938009364e-01,7.142411216736667401e-02,-6.644729193646230214e-02,1.462463034347624355e-02,2.547809258605751026e-01,-8.591815011945934388e-02,-2.881389005509718548e-02,2.367590661318906553e-02,1.138354092752960761e-01,-7.392938008659422078e-02,-1.557157667410771773e-01,1.619750303403786132e-02,-1.424435091113114282e-01,-1.740207876227173323e-01,1.243804338712932722e-01,1.553596739664670212e-01,-2.406624648871982797e-02,1.899573533309967602e-02,-1.432271041088521435e-01,1.318204155600665173e-01,3.144078555050597856e-01,6.138827914847494460e-02,4.663010548713328318e-01,3.370107670975928255e-02,1.079816006718372634e-01,2.510068400549371193e-01,2.160502307544475420e-01,1.777065662337777574e-02,-2.461781617421745366e-02,9.699803529569628324e-02,5.959887023571006082e-02,-5.619024480039353647e-02,-3.074884388287350556e-01,-1.140169738084081674e-01,-1.611156660083702327e-02,2.613485629553079920e-02,-2.750997098904731653e-01,-2.590188172498985447e-02,6.502663920147182253e-02,1.928375587659517387e-01,5.241946934562946928e-03,-1.426437239389762891e-02,6.504196980464385658e-02,-2.176010808345921199e-02,7.695890313315609244e-02,1.956808474506206430e-01
2.071483586132475407e-01,7.069850386986423207e-02,3.510380753454288988e-02,4.916038853273412002e-02,0.000000000000000000e+00,4.591370745154741417e-01,1.438207857255723032e-01,-2.766708049940930225e-02,4.068542488385931688e-01,9.862013552217917256e-02,4.060390986052428430e-02,-1.307273483434093775e-01,2.050025184048617222e-01,-1.001994602448063598e-01,4.480544281626688830e-01,7.008572018293111883e-02,2.797134268697307746e-01,9.487657793738299428e-02,-3.897170233080409635e-02,2.708977659479126776e-02,3.043875053411667642e-01,3.603197868859192576e-01,3.593661047730804109e-02,-1.055414517398558100e-01,2.388612328223173042e-01,2.498190513688109682e-01,3.152394681415471855e-01,2.918656842655862893e-01,2.804320703256286684e-01,2.244509471043044935e-01,3.355524834855820315e-01,4.721161185377555081e-02,1.394564742541611890e-01,8.770564369138912630e-02,1.838022040773642368e-02,-3.193734679376769581e-02,-5.977090965639236808e-02,-1.430770486939100415e-03,-1.278540374350383424e-01,-1.304542736185463903e-01,3.493807271626547806e-02,1.374645285727024435e-01,-7.172636025309638008e-02,-2.826262682715686980e-02,-7.781699783237434886e-02,4.013377566583701400e-02,-3.042356276601230342e-02,-7.528272730206215721e-03,1.817690576456969243e-02,1.295942512152535413e-02,-3.440398734147058794e-05,1.947569278781351165e-02,3.844437844208712513e-02,-9.736661599956687382e-03,5.027550748354938509e-02,7.624166149354420254e-03,9.873728627313012318e-02,1.151287352368787348e-01,5.491542024975481356e-02,-1.499274478861571946e-01,9.320445041827424282e-02,1.002388840803671542e-02,2.010882023016885012e-01,1.378121771677276175e-01,-1.622760324672069820e-01,-1.513572604013796452e-01,-1.391085133540579111e-01,-9.192938867408521897e-02,-5.417657163154533662e-02,2.790362326187046174e-02,2.581843032656959691e-01,2.383983021839906069e-01,-6.867867115957498880e-02,-2.551187487111187223e-03,5.209682048735649745e-02,-6.259131725191585671e-02,-2.517958286996815898e-02,-6.790149933841339858e-02,1.449820393505732441e-01,2.684594829086360823e-01,3.614637337589114013e-02,8.389632079172444634e-02,-1.163179755225529355e-01,4.391649209925655578e-02,-2.925182874015803680e-01,-3.953189384460441963e-02,-6.477495059239710140e-02,-1.741743147903781763e-01,5.882148474165918572e-02,-1.554119297878838735e-01,-2.401923507841003946e-01,-4.991133809103388830e-02,-1.529274789508626720e-01,-1.038913327159912692e-01,7.520723250576502594e-02,-1.738686478758812992e-01,-5.146462172167674300e-03,8.245036886352874461e-02,-7.734545872221915142e-02,-1.238060242936751681e-01,6.220684984777929971e-03,-1.203430677683720029e-01,-6.707443239891830444e-02,-6.632324928882235571e-02,-2.471289973781853055e-01,-1.258623388666991749e-01,-3.005559619271613858e-01,-9.967633974824437193e-02,-2.107722606020365763e-01,-7.976001612198475865e-02,-2.105008247596514837e-01,-1.362563352354577983e-01,-1.462923504154127474e-01,-1.706069738981094361e-02,-2.405939993987565167e-02,-1.192604110059276162e-01
-5.417880776514137631e-02,2.163099467494380632e-02,-6.633085183594170098e-02,9.864014460770272053e-02,4.591370745154741417e-01,0.000000000000000000e+00,-4.922284739368566753e-02,7.638479142863369153e-02,2.218913243743334818e-01,5.775451288395168081e-01,-9.369954254232373825e-02,1.830601655340105272e-01,-1.852524428132084830e-02,6.751757360449482659e-02,1.512331930105162148e-01,3.531301962921328808e-01,2.052158043540348309e-01,-1.218064465452437135e-02,-1.338511909021418700e-01,1.346695386161002039e-01,8.659654984070212780e-02,3.316688481577317882e-01,-5.820865714422913950e-02,5.905889591960102047e-02,1.843839631955185854e-01,3.066646031625980817e-01,3.940949771609024710e-01,4.177730493750226870e-01,1.906781180904464912e-01,1.073671759979902968e-02,1.618563863893452692e-01,2.562573178757538914e-02,6.255854244823261245e-02,8.270001338876098451e-02,2.612974988502357598e-02,-8.829671454719105125e-03,-2.142089073355404605e-01,-7.202307815194269880e-02,-2.593298470232125452e-01,-1.582160630506312671e-01,-5.470747342020927662e-02,1.199623409254245432e-01,-1.137499555752598812e-01,-1.930719833865664758e-01,-1.363740145067237064e-01,-5.839612393033252746e-02,-2.254371161459287759e-02,-8.222193759208277011e-03,1.929794942690729381e-03,-3.126796285523796709e-02,-1.277261799778304716e-02,5.700141405364409289e-03,4.378413663150679952e-02,4.788375963207641695e-02,5.507527832012222568e-02,5.789780000231613266e-02,-1.265886977340372754e-01,1.056036724640944807e-01,7.491590126074845757e-02,5.295027569369563543e-03,-6.018375620134060189e-02,5.944585163398465391e-03,4.256270212483215243e-02,8.717867314123552147e-02,-2.103666307574628136e-01,-5.426907896096824779e-02,-1.314571653296367215e-01,-4.955429127080831359e-02,-1.145255516848421723e-01,1.423665001623041493e-01,2.516851770588374726e-01,1.902186724693663566e-01,1.042912569720025190e-01,2.280029092789406797e-01,-3.965329677276262926e-02,-1.225283480743428743e-01,-1.535428449900688996e-01,-2.277629856248362950e-01,1.320579819587651693e-01,-1.363766655152414964e-01,7.555977467434514538e-02,1.045120324491026625e-01,-2.228869246505045809e-01,9.840624451579732535e-02,-2.021974840946693386e-01,6.626937951609032651e-02,-1.455591289489633344e-01,-1.120867341985880006e-01,-8.084980428534306596e-02,-1.706712311608299115e-01,9.326946398199625204e-03,-9.848802657604580416e-03,6.115531132636818634e-02,-1.385186969257990418e-02,4.820192284655497317e-02,-5.188647652242350632e-04,-4.137722397591590828e-02,-5.276618379393423902e-02,-1.697118614098602762e-02,-1.217931384136672207e-01,-2.469988640869666061e-02,2.528069485476000869e-02,3.979083969950022309e-02,1.285096141162031247e-01,-5.315383110423633345e-02,-1.226782583070595983e-01,-1.748435071737644841e-01,-4.991690423207228305e-02,-5.148636725449207141e-02,1.614649905291980908e-02,-1.024562503021695242e-01,-2.171803410337213788e-02,9.855786081205008056e-03,-1.064185441882537358e-01,-7.999284226228378647e-04,8.312827198916418470e-02
2.162578626791501202e-01,-3.869552014358906278e-01,5.999750701736314973e-01,3.524576242729275388e-01,1.438207857255723032e-01,-4.922284739368566753e-02,0.000000000000000000e+00,4.839044946939302649e-01,6.369079914997016756e-01,1.494082720145946397e-01,4.991976151588028987e-01,2.794543645565751855e-01,5.996968272246726572e-01,2.031600533577351264e-01,2.898332666667658986e-01,1.011393574400759748e-01,-2.283897465537762239e-01,-2.874685494123409568e-01,-1.187381100754153901e-01,-4.522266899986662758e-01,1.303124642839915449e-02,-1.894517906812293873e-01,3.866835665904270192e-01,2.514820844812582501e-01,1.336561314597063677e-01,-3.922260046555279406e-02,-8.273769798927714525e-02,-4.460771264950770532e-02,-1.712781070563300020e-02,-1.087594661078457731e-01,4.036999934356082231e-02,1.944976094455106719e-01,-3.046850123216838790e-01,-2.826693333141336306e-01,8.875781968976288738e-02,-1.854436742983868180e-01,2.091884634778113164e-02,-2.507986569656984327e-02,-1.435015356761542571e-01,-1.584983433470779079e-01,-1.811518453993458400e-01,-9.661297122354335631e-02,-3.066182324352393906e-01,-2.001088048437053291e-01,-4.703892258255863434e-01,-4.777038021530811140e-01,-4.653637595324246479e-01,-4.569596234769255361e-01,-5.121789080299747887e-01,-4.689787055500916901e-01,-2.332542775062099449e-01,-2.758920852101487964e-01,-3.013895079395699783e-01,-1.306751827010711464e-01,-4.420099652981165361e-01,-3.241603656231770159e-01,-4.724599455770584489e-01,-4.549186689410228968e-01,-4.242175594649741366e-01,-3.000751637316843023e-01,2.174379863328222973e-01,3.754548531552408530e-01,-3.700871872230025450e-01,-3.283926771781973675e-01,6.537681424150957321e-01,4.774608507916203171e-01,-2.224761577610049473e-02,-1.984113400624093193e-01,-2.397884474988402903e-01,-3.964599515525954465e-01,1.331070291841514874e-01,2.684141757636582248e-01,1.899794105823181811e-01,8.758726948171276228e-02,1.076956836716849997e-01,7.701449630894838250e-02,-5.516906448058193219e-02,-1.232767108591694971e-01,9.491831870708830610e-02,-4.910948929400209273e-02,-3.948347563369794533e-01,-2.950404825442146661e-01,-1.695741735262887295e-01,-4.976609327526737014e-01,2.187281927433885886e-01,-3.219313760550274184e-01,8.549671605777228733e-02,-2.666372734050764803e-01,1.453187855267948636e-01,-1.526892217356856825e-02,2.654255690517032806e-01,2.334511324786317232e-01,4.333963057258856666e-01,2.683026596285301713e-01,1.263840803272740232e-01,1.339717386015583656e-01,7.534243964699044449e-02,3.204759494670569170e-02,-4.935913785346554561e-02,3.416820429235323253e-01,3.834785938513064762e-02,4.905952625791164257e-02,-2.811171433413517384e-01,-1.698951606446765517e-01,1.081388528568310615e-02,1.901161601421161307e-01,-2.358885956525821198e-02,6.100406650058082941e-02,1.078013075102894347e-01,1.191712975221272397e-01,-4.690409229481606879e-02,-1.148060363913545323e-01,2.001279657047862481e-01,6.220387280224382726e-02,3.245689916832775190e-01,-1.499775357843840251e-01
6.497633655974208167e-02,-2.607884892075259531e-01,-8.845098267346353238e-02,6.750905772507219682e-01,-2.766708049940930225e-02,7.638479142863369153e-02,4.839044946939302649e-01,0.000000000000000000e+00,6.187116530026658817e-02,2.592243627180746968e-01,4.810452572622903739e-02,6.771114522711021433e-01,-1.548992961023582318e-02,1.119878190118656774e-01,-2.742821145720215070e-01,1.788457408843435459e-01,-2.554302497036754493e-01,-2.425874789828992018e-01,-1.517270922556123725e-01,-2.016853687071312740e-01,-2.252846662066852190e-01,-3.405620680338744544e-01,-8.768981369447483021e-02,6.269360094812782835e-02,-3.497355225545804580e-01,-3.202627785025706775e-01,-4.651863184004428331e-01,-4.457290182210871810e-01,1.090778413853171931e-03,8.954508537901985366e-02,-1.990817109447615696e-01,1.283633748463148816e-01,-2.214219735206219009e-01,-5.588420819720402166e-02,-8.339852394572946914e-02,-1.016376066237213299e-01,-2.585228700259830648e-01,-3.682708503501557762e-01,-1.503205598687125388e-01,-3.311644971314796071e-01,-3.634446626487525256e-01,-3.245592662197536171e-01,-1.227876769156826947e-01,-3.369571723471347785e-02,-2.575171993124489300e-01,-1.095592149591905762e-01,-2.171495260572720298e-01,-3.728580738934467176e-01,-3.008026373417903021e-01,-3.497560307877271568e-01,-2.079593958374939822e-01,-2.642924412825639058e-01,-2.943762497015880997e-01,-2.558619374659036327e-01,-3.212753743530817885e-01,-3.381855752628348255e-01,-4.902507717333150494e-01,-3.342896119853452364e-01,-2.059159552495457846e-01,2.347412883348566903e-01,5.003639467481705294e-01,8.369546901619089319e-01,-1.733375051632222164e-01,2.560804705524861169e-01,2.017895451312851085e-01,5.782390817556058993e-01,-4.520684726092660810e-02,1.483976622178413973e-01,-4.332372470364054817e-01,-3.394921366080409508e-01,7.833759567458643824e-02,7.538197622331060943e-02,4.822864882928730446e-02,1.439104477800507709e-01,1.875663532911513165e-01,3.849634042745096740e-02,-1.755724009678400616e-02,1.107657847556935138e-02,1.385222478779331579e-01,-1.922451867018923899e-01,-2.187336272717923802e-01,-2.681754088200786756e-01,-2.099568561734158623e-01,-4.710607734360344745e-01,1.334552332055198402e-02,5.189811558549447396e-02,-2.910460146898701805e-01,-2.796288231509788669e-01,-7.978768742357747468e-02,1.269048861028564401e-01,4.001375526536894989e-01,1.053126793978966663e-02,5.593669572661406075e-01,1.094412949407866202e-02,1.492917903963841553e-01,3.523079107856467718e-01,2.296405830773427248e-01,1.336964270460838378e-01,9.209920355035428052e-02,2.139485440887922418e-01,1.831611759466897638e-01,-1.245353493950668647e-02,-1.633770916613455637e-01,-3.170699713966054073e-02,1.426258042851816926e-02,-1.336928577794526951e-01,-5.528408265436451224e-02,1.170669569647593278e-01,1.647672927775596374e-01,1.902592112035329519e-01,1.588634350959023181e-02,7.862580825211590990e-03,1.783852804507935486e-01,2.270822779115407031e-01,1.183987947351389097e-01,4.643814080543362532e-02
1.863894543342530241e-01,-6.314201518536735613e-02,5.771699261317154717e-01,2.275089598830834156e-02,4.068542488385931688e-01,2.218913243743334818e-01,6.369079914997016756e-01,6.187116530026658817e-02,0.000000000000000000e+00,4.183138880153839945e-01,4.941269528361799668e-01,1.030656583437390833e-01,7.188292704209221506e-01,3.058755900557278973e-01,7.259413589894450070e-01,3.225463628494091295e-01,1.417493225291131809e-01,-2.821506733981903048e-02,7.961907764357858963e-02,-1.427011949060796037e-01,1.069826551453989666e-01,2.286292400531151070e-01,4.550550075734540734e-01,2.132838700246277308e-01,3.125990868568797043e-01,1.813620320123449925e-01,2.074005563274306796e-01,2.689247405397085511e-01,1.519956442830164289e-01,-1.329919522314010616e-01,1.981511095013741286e-01,1.594732422313078213e-01,-1.732129440192513581e-01,-2.545993146686278963e-01,4.230285401284423347e-02,-1.509207370860952413e-01,2.212680426326508673e-02,1.773365166751518854e-02,-2.816601107819227123e-01,-2.523469303445713963e-01,-9.772923557863627542e-02,5.316762906006673728e-02,-3.836832109286213432e-01,-3.192815106923331814e-01,-3.896141819398376005e-01,-3.356101882851087459e-01,-2.669431116079306610e-01,-2.019668280013157124e-01,-3.196600210410361909e-01,-1.401645659213129058e-01,-2.372687816620583368e-01,-1.213101086232422771e-01,-1.100438151699619366e-01,-5.749008305010636435e-03,-2.101788401655756700e-01,-1.524971954612722724e-01,-1.442797978643165224e-01,-1.550091841458183795e-01,-2.304228041396450266e-01,-4.000900924357176369e-01,-3.945854373991001390e-02,4.131292706381672897e-02,-1.229466399053626424e-01,-3.987437730627605981e-01,5.075803765217657970e-01,1.033476626298859696e-01,-2.460030831109862315e-01,-4.171924037695977638e-01,3.517364940970595794e-02,-1.240574225164979560e-02,1.356048617430256620e-01,3.709081449715294077e-01,1.038114034287734577e-01,9.128409922996744141e-02,-1.310910745133876502e-02,-8.017154339643060845e-02,5.596639943426662267e-02,1.373557941967300591e-02,1.251672821396951629e-01,6.836702419977075396e-02,-1.569171854481692385e-01,-5.626647162665590618e-02,-1.392762822942027745e-01,-2.873945410232644493e-01,9.723534242316390908e-02,-4.997224753937269393e-01,2.109761996459442457e-01,-2.088569225546692554e-01,1.072315418827517741e-01,-2.380654682484771301e-01,-1.012130046735082306e-01,1.653242028158613819e-01,8.819078594869048104e-02,2.162677619670951845e-01,1.453687399659165103e-01,-6.776980304723290160e-02,-5.260126068436163371e-02,-1.047573418140836932e-01,-2.446146074238816082e-01,3.974266438968896559e-02,-2.357575119626530158e-01,7.511495861387421091e-02,-2.074110287078104187e-01,-1.677102323767015457e-01,-1.492943267025894361e-01,1.129752484958142372e-01,-1.373245729750574295e-01,-1.282471402222864210e-01,-4.491213270468629240e-03,9.467032289461718708e-02,-1.397849605868247136e-01,-1.822307039450173083e-01,6.385165777690759992e-02,-7.148853354699362395e-02,1.871097173122505675e-01,-1.230395834618554785e-01
6.556281339679907727e-02,2.095092342908702263e-02,1.727394950679957963e-01,2.362686291698759544e-01,9.862013552217917256e-02,5.775451288395168081e-01,1.494082720145946397e-01,2.592243627180746968e-01,4.183138880153839945e-01,0.000000000000000000e+00,1.697043383995848198e-01,4.572691858194367076e-01,2.255658035465168132e-01,3.729802656292868779e-01,2.920815366547448999e-01,6.814757398615576278e-01,2.210644514516754977e-01,-1.974611874474486301e-02,-1.289371095837648640e-01,-2.708699860929845993e-02,-2.115160805020843693e-02,4.882340523230740970e-02,1.168659969464675152e-01,2.768342951499643267e-01,1.444368528846249333e-01,1.662857477741607748e-01,3.030547285557210202e-01,2.252374175242501941e-01,7.397329564042456895e-02,-1.191163009119500238e-01,-1.236895347110118608e-02,9.864210095242542664e-02,-4.528558259612090048e-02,-9.801650540380266174e-02,5.674554121491603292e-02,2.716807175877762777e-03,-2.585947237074215921e-01,-1.949414344440183189e-01,-3.079975489356251428e-01,-3.369237846578693185e-01,-2.736955974039364525e-01,-5.646914807879300363e-02,-3.974338201961916672e-01,-3.961285853021410119e-01,-2.976517482778993640e-01,-1.357255581233803576e-01,-2.695625754842875810e-01,-1.953669369132713385e-01,-2.617753672134410792e-01,-9.962032286562513828e-02,-2.196099823983726773e-01,-1.046892278795127085e-01,-9.975146731406017708e-02,-2.860976286068686245e-02,-1.572396926042774201e-01,-1.902635235662016033e-01,-1.171785884164519009e-01,4.416214137436918347e-02,-8.743085028398087100e-02,-6.723373428004980785e-03,2.737350772580957395e-02,1.771544953087058893e-01,-7.739207721605448342e-02,-1.471174708357064487e-01,2.061086266752704677e-01,2.383657172069504337e-01,-2.672271175967151358e-01,-1.912666171674625715e-01,1.654053068973595445e-03,1.973893761365067001e-01,5.693570328084161802e-02,1.896534833581286494e-01,-2.127690505565734205e-02,5.361394737365721141e-02,-3.199980819602082222e-02,-2.843201384621127925e-01,-1.140278894491657258e-01,-8.817248962388357647e-02,1.142705511210851677e-01,-3.928102674461179944e-02,3.599514280245701137e-02,9.979634011213222439e-03,-1.790127430193360902e-01,-1.154047034571364094e-01,9.223132208764719953e-02,-5.162925853588101049e-02,3.402349594627269991e-02,-1.181397153208144785e-01,-1.858944499335239697e-02,-1.257699795596510794e-01,8.709485939406422239e-02,-5.575478675984906624e-02,2.546333313124511388e-01,-3.356342459904957331e-04,2.083485259891257324e-01,1.059167610201239007e-01,-1.788820435682810656e-02,-1.316324028792614509e-01,-1.695047763715013533e-01,-1.537772056635133278e-01,-2.656937974599768992e-01,4.392585562602922128e-02,-1.753526321926960896e-01,-1.065955106261064350e-01,-1.328863676283002226e-01,-1.700957704794864578e-01,-1.794557435944264812e-01,-1.444776338331165144e-01,1.482010734360753312e-01,2.361134193361511535e-01,-1.529270533774146623e-01,-1.360132031380024420e-01,1.156911883320870665e-02,-1.493246294111354733e-01,-9.265745957334400873e-02,4.826409873767368436e-02
3.969585139776293792e-01,-4.801648316867986044e-02,4.923303724099332146e-01,-8.167650454833405571e-02,4.060390986052428430e-02,-9.369954254232373825e-02,4.991976151588028987e-01,4.810452572622903739e-02,4.941269528361799668e-01,1.697043383995848198e-01,0.000000000000000000e+00,2.283369783005187170e-01,8.141091844485086604e-01,2.994759673491868557e-01,5.150150758317506572e-01,1.679872808600929301e-01,-1.492654017897748070e-02,-2.252593043404174100e-01,1.692525989982344714e-01,-1.279583583999291119e-01,-1.349351536134074658e-01,-4.154576776617630030e-02,1.518828824095770358e-01,-2.820395682492413819e-02,1.327169549009672581e-03,-1.712337414914321398e-01,-5.954439238834849379e-02,6.104374021151982160e-02,1.402352478205349251e-01,-1.296567128444838790e-01,-1.932688608358603122e-01,-1.716089643436405077e-01,-2.176286073219530215e-01,-3.795838105079180624e-01,-7.278655642951317728e-02,-1.205147147670168201e-01,-1.792454188859839495e-02,-4.141924955059946706e-02,-2.196270082420251069e-01,-1.310819272687982762e-01,-1.037960754873733377e-01,-1.466494971023157290e-01,-2.098704834873151848e-01,-1.919577631012721053e-01,-3.282731012384294544e-01,-3.530762954455513580e-01,-1.045377593871759242e-01,-1.916791458035120022e-01,-2.370957927859466408e-01,-1.814716667736472888e-01,-9.692690206332141289e-02,-9.061045017087830666e-02,4.345388054042148562e-02,1.033789533902884222e-01,-1.261680385224850098e-01,-9.022529341298514416e-02,-2.647973754535051238e-01,-3.322179240925916544e-01,-2.329274507568419028e-01,-3.461161015974446031e-01,7.388349693925444495e-02,4.544135552293359845e-03,-6.527296511195729289e-02,-4.006135690942299044e-01,4.190842240021808163e-01,1.111887616621446730e-02,-2.742037433095996790e-01,-4.236975791223629995e-01,3.528662794455707935e-02,-1.476616361622558327e-01,-7.712288648170644023e-02,2.017071099677882340e-01,2.031085941611388834e-01,2.501680949932385059e-02,1.552698863092050463e-01,-1.092141031192680198e-03,1.612545199349214309e-01,-7.745056617052457036e-03,-1.186194366453710569e-01,-5.920399186519951368e-02,-1.399412745465507257e-01,-1.952429268010281160e-01,4.575605399624833869e-02,-1.921593842766436688e-01,2.975921108367916568e-01,-4.149680467596043587e-01,2.122807322159141474e-01,-1.340912634419773874e-01,1.968250324149251052e-01,-2.330354750578632617e-01,1.705308858582054443e-01,7.321455284622156723e-02,2.080941450512925062e-01,2.095325977028703324e-01,3.336545975843340783e-01,2.243683052291133295e-01,1.007253815145726650e-01,1.094912629877464738e-02,4.114037305001645717e-02,2.930033306606273369e-01,-4.617383475257254982e-02,1.242718757417658054e-01,8.494735646986319166e-02,-1.541280472238330118e-02,-1.512374307560610150e-02,1.073424479099572143e-01,-4.038781653654294201e-02,-4.457957674750749610e-02,2.388566535182509443e-01,3.801020399119351412e-01,1.658855498074770785e-01,-5.093414244149822162e-02,1.999171371889413573e-01,8.635789463587818793e-02,3.195866565964794459e-01,-1.414514054062736559e-01
2.138502387045131958e-01,-8.813223977761207306e-02,-1.321252761322274094e-01,3.633285339996354391e-01,-1.307273483434093775e-01,1.830601655340105272e-01,2.794543645565751855e-01,6.771114522711021433e-01,1.030656583437390833e-01,4.572691858194367076e-01,2.283369783005187170e-01,0.000000000000000000e+00,1.907473398628823091e-01,3.799919215895811164e-01,-5.001128998173113432e-02,4.343621063315782349e-01,-1.606383129748890914e-01,-9.107791656897600008e-02,8.911303046248218729e-02,2.428411950362599145e-02,-1.525492786303334070e-01,-2.071381479355417776e-01,-1.635923711600237862e-01,1.362809887066064769e-02,-2.991286568854005790e-01,-2.414978015403623779e-01,-4.134867680581475469e-01,-3.095364450881573637e-01,9.630660287355873039e-02,-3.689774955483107050e-02,-2.853396082652419619e-01,1.972942822530315138e-02,-1.707758795671217300e-01,-7.386219334233104505e-02,-2.500860317456566895e-01,-1.988031090409630164e-01,-2.706611563013572308e-01,-2.369475314325874826e-01,-1.648914339652010064e-01,-1.650015427310930205e-01,-1.969979253810293929e-01,-1.258065911007874016e-01,-1.805031012475742103e-01,-5.043352789667959746e-02,-2.860290526357096019e-01,-1.140916271373397933e-01,-6.624615368346861710e-02,-2.203829113258582717e-01,-1.628213589579569354e-01,-2.234026352747446043e-01,-8.069522243702621778e-02,-8.789461330462650102e-02,-8.342993273121145081e-02,-1.043467953760968125e-01,-1.272974364599984420e-01,-1.282227489713936852e-01,-3.867427952735241758e-01,-2.026353749722408781e-01,-8.116746158312965198e-02,1.725816293135540302e-01,4.617324101202436304e-01,5.942268811561239872e-01,3.852909996541285798e-02,2.915566205920341880e-01,5.200578702530205683e-02,2.911154681762767038e-01,-2.563117322557706412e-01,-2.528363483452289798e-02,-3.358496569145305588e-01,-1.257155220191773781e-01,-9.718777349605436239e-03,7.995821571123952476e-02,9.367352264761012737e-02,2.306450979671953172e-01,2.155241947577237471e-01,3.108765289224243653e-02,-8.334621123001973581e-03,3.112989595437704732e-02,-4.945221660766549454e-02,-2.082842641322920629e-01,-9.454129473961918328e-02,-1.901986563335024694e-01,-1.778067585721187505e-01,-3.213287781525948628e-01,-1.682354556250681421e-02,1.125001353287821554e-01,-3.237022326384322857e-01,-1.679906438768110355e-01,-5.437257872819582089e-02,7.800325556264593729e-02,2.530289564575655681e-01,-1.323603059564778528e-01,2.899367263947777995e-01,-1.984011146291718153e-01,2.924422010574155850e-01,2.856282357011887263e-01,1.467815818842519160e-01,6.625128371580071840e-02,5.420744634044276367e-02,8.015918553378412192e-02,-4.352583447142639034e-02,-8.189801511917448040e-02,-1.199034884408888418e-01,-7.201368975715308207e-02,7.514107245964355558e-03,-2.954839215231244154e-01,-1.458030274339723875e-01,1.287346303048188256e-02,9.732423134310362600e-02,2.549153864726385055e-01,2.424567528726630575e-02,-9.741302440646369687e-02,-2.368348564539052986e-02,7.054242623559270342e-02,4.199316838798133195e-02,3.766338188625870803e-02
3.495320374913202799e-01,-5.808499037722582997e-02,5.652692894141372326e-01,-1.031419567142290994e-01,2.050025184048617222e-01,-1.852524428132084830e-02,5.996968272246726572e-01,-1.548992961023582318e-02,7.188292704209221506e-01,2.255658035465168132e-01,8.141091844485086604e-01,1.907473398628823091e-01,0.000000000000000000e+00,4.459070641140694402e-01,6.726116111312072654e-01,3.191168215004285269e-01,5.497752466556381223e-02,-1.172351548448724162e-01,2.282495152173013575e-01,-1.399633802015217421e-01,2.033939172210405891e-02,1.552796646822701132e-01,3.245001727495377408e-01,9.682542476085943817e-02,2.598547464684343722e-01,1.075471954137288966e-01,3.374044375750338137e-02,2.056864554050916727e-01,1.917471107664096286e-01,-1.323841211711692945e-01,4.268173154602458025e-02,2.157138914073688032e-02,-1.639515394059407605e-01,-3.365429246552958942e-01,-4.068491323429006268e-02,-2.014396029515435615e-01,4.737453710772852877e-02,1.165714901633421730e-01,-1.810268837015839294e-01,-6.894081942414491404e-02,-4.687833347751137192e-02,5.462205779856765808e-02,-3.335547185651838165e-01,-2.293944470377648204e-01,-4.392474827678553573e-01,-4.309601153247317740e-01,-2.242298724826711775e-01,-2.260646480555566773e-01,-2.811158996324338855e-01,-2.008793810566548710e-01,-1.098610281352919854e-01,-2.100313383506433040e-02,4.059263194525863927e-02,1.228812114733053018e-01,-1.204053466455769217e-01,-9.449611710949581966e-02,-2.126050011201297552e-01,-2.922389762721129269e-01,-2.887377391751864142e-01,-4.589382459540695125e-01,9.104697244235253686e-03,-1.780434835110058719e-02,-3.996081191694120932e-02,-4.200217853037888638e-01,4.488741956089344343e-01,3.462185966762167805e-02,-3.793244122203006108e-01,-5.113838462198884161e-01,4.891944580930728675e-02,-1.026767622544425829e-01,1.176468314436423385e-01,4.231385940450567706e-01,2.163520099562694643e-01,1.090790298113319123e-01,6.272195577467282179e-02,7.073872738872226396e-02,1.441732903021364087e-01,4.381792263808854254e-02,-6.603150083710095097e-02,6.622974449569084265e-02,-2.002595487828003062e-01,-1.812318957639983963e-01,-7.827776318152525337e-02,-2.238541595124423078e-01,1.135861152715733902e-01,-4.470974858503137805e-01,2.152923591345793364e-01,-8.633646872154085439e-02,2.176880202784217122e-01,-2.725654837756832927e-01,-4.452038675393332062e-02,4.542218596839427830e-02,4.768206879664754760e-02,1.479027417323628968e-01,2.557507940959616310e-01,8.190160439385402169e-02,-7.351332084430416136e-03,2.099148791889663204e-02,-1.273229252240193066e-01,1.295134854755292386e-01,-2.066261067387537564e-01,-2.312048492679874209e-02,-9.785011851776836966e-02,-1.808225959056510568e-01,-4.970130556318111403e-02,1.015923528477268023e-01,-7.128142228007949832e-02,-8.384933536193457659e-02,3.328392985316284275e-02,2.288146531421364760e-01,1.040063394823640200e-02,-2.122027706736591135e-01,2.374077667582353071e-02,-2.515366905474350143e-02,3.432142873762754620e-01,-1.264069118783919810e-01
