0.000000000000000000e+00,4.889684442430308198e-01,6.344957641880417665e-01,6.080381727658830116e-01,4.336227011178143131e-01,4.087110126146473177e-01,2.238039060868753649e-01,2.178065700396751292e-01,1.099184812499592878e-01,3.097907938060083244e-01,3.954365414335294093e-01,3.493881916438769664e-01,2.587901939476789370e-01,1.313758661576979181e-01,4.446468018003815748e-01,3.712516210222060464e-01,2.384097927168362385e-01,2.466273238790845646e-01,7.295583097511130211e-01,6.393061735518443811e-01,1.219176173297612104e-01,2.555601658479724203e-01,5.012354215955429071e-01,5.100796436643075804e-01,3.108296125789175024e-01,3.392702330535865007e-01,3.183470706104885584e-01,3.472703237405390109e-01,2.753688286037765387e-01,3.651694740884002532e-02,3.958049725574129263e-01,4.407499212483811379e-01,4.493859593531926988e-01,4.024571978035150766e-01,-1.627785546622433355e-01,-3.003348362058110288e-01,-3.833040628461549804e-01,-4.854724509460116577e-01,-2.212018670252437758e-01,-9.504432875698329286e-02,1.143001204341296678e-01,-4.425695506973580801e-02,-2.991360054832070126e-01,-2.518663804183076116e-01,-3.486897602631768844e-01,-2.883233952659463584e-01,-2.644256062615543690e-01,-2.589936942313952328e-01,-3.425934596031665613e-01,-5.375814314372588942e-01,-5.932312065153942937e-01,-6.559158785819001469e-01,-8.846576108274327443e-02,-5.769135058563377300e-02,-3.510337394056370908e-01,-3.902809517588476385e-01,6.260309675160117271e-01,2.300055564594522539e-01,-1.494707436121572031e-01,-7.356921063153142037e-02,6.881143580730506026e-02,-1.646946464515586794e-01,3.829585107828977764e-01,-7.211045301002835806e-02,4.339280132660185835e-02,-2.481697116485263588e-01,-1.283101813967700566e-01,-1.902700901523848298e-01,3.461466082144619150e-01,2.482532081365472487e-01,2.093818085365506954e-01,3.002314965828430382e-01,2.120473613151138970e-01,1.415982569150530668e-01,1.127353609289976910e-01,2.027297063056274495e-01,7.102635376044556803e-02,-4.518723628801864928e-02,3.675790959479485753e-01,3.257236784259570084e-01,3.347297479655289565e-01,9.944158549516553258e-02,2.774368692382633284e-01,5.762876918893357348e-02,2.258114611502039792e-01,8.345850194069659445e-02,2.486755731910506861e-01,1.425690461475613569e-01,2.854445001846258115e-02,-1.784883344557688378e-01,-4.744273204665039878e-01,-1.985006997077720103e-01,-4.478840836819247828e-01,-2.651151965114876830e-01,-1.188599781660101828e-01,-3.386789286189864634e-01,-2.782066400385227456e-01,-3.602814182435071233e-01,-2.809606579659484904e-01,-2.689197137420684669e-01,-1.395310603332162447e-01,-7.965138391843208654e-02,-8.721485357005293038e-02,5.398114454604922841e-02,-2.218616841521210414e-01,-7.243000789235480574e-02,-2.022644291100523795e-01,-9.025490702583904845e-02,-2.389130610296215929e-01,-2.303367343814616275e-01,-4.709875745470570862e-01,-2.766963342930702230e-01,-3.048523434340142391e-01,-3.602804404173470549e-03,-7.500364883425927887e-02,-1.826777080254327057e-01
4.889684442430308198e-01,0.000000000000000000e+00,1.039224062107052537e-01,3.507383758600731705e-01,1.086613992094705161e-01,6.559827960889071108e-02,-1.561223752117456010e-01,2.336081648291707044e-02,-1.251935209006713179e-01,9.155122715324781613e-02,9.863282996955732851e-02,1.372493147862768048e-01,-1.673806598381318844e-01,5.676115920217459504e-02,2.933797367297878017e-03,1.986552658900564705e-01,2.229534625576461426e-01,5.301903624516199898e-01,6.128986644533717110e-01,6.683019822834427304e-01,2.339529595387786903e-02,-1.519873894022713383e-02,2.945355998353996890e-02,8.097266909597317097e-02,-7.540368537327722664e-02,-1.111933228821741920e-01,2.494214526489017258e-01,2.543140911255926673e-01,1.284653108537590210e-02,9.381844983426566864e-02,1.866800972291674963e-03,-1.932024913744655528e-02,6.020523814966650678e-01,4.771678625051845035e-01,-3.452189899665575323e-02,-9.775065538060145887e-02,-2.759534145949804063e-01,-3.018721296906933804e-01,-1.708058852660242211e-01,-1.095846073375337099e-01,-4.964655073439073335e-02,-1.272995572014340437e-01,-1.579117267925290446e-01,3.135326240269791648e-02,3.666516525815180505e-02,9.157607742998993827e-02,-1.627449246840649288e-01,-3.444322268720580171e-02,-1.419433194864254122e-01,-2.557691913079903068e-01,-2.658640103788785236e-01,-3.316722116882154237e-01,-1.954222136151096967e-01,-1.900707872370811791e-01,-2.228727715940557186e-01,-3.123363515745403718e-01,6.844460739733981836e-01,8.192337445009798547e-01,-3.959825127901493019e-02,1.644422618188819407e-01,1.258107363885915542e-01,1.337731215796149897e-01,2.129865943876909362e-01,3.188456324319041690e-01,1.378354719870366896e-01,3.205438009023937884e-02,3.155939383924268316e-01,2.564159664290054930e-01,6.134090575425903413e-01,5.880771068329047058e-01,8.867907239451193468e-02,8.020214571173566245e-03,1.442728324463861678e-01,1.370430372461639845e-01,2.504675631626983034e-01,1.820784868417118785e-01,2.686166420234117891e-01,2.875120385252635247e-01,3.731859461521919719e-01,5.469578973491920904e-01,3.796424312220071928e-01,3.295411383472942046e-01,2.672103944131055259e-02,4.127619612881116423e-03,1.923345735927456668e-01,-4.648491845588876431e-02,1.433549156844339256e-01,4.365768905676727096e-02,1.376915310713465630e-02,-4.026121697924849308e-01,-4.573975755450474523e-01,-3.728329774372617367e-01,-3.958045523238845065e-01,-5.901195576857578562e-01,-1.005176734090161422e-01,-1.439692056827661937e-01,-2.685130823686023016e-02,-1.979563692056914848e-01,-3.358207982728351193e-01,-3.465256741726884249e-01,-1.792598040246469460e-01,-3.808016749129575218e-01,-1.587696240883153254e-01,-2.354497316553794128e-01,-2.414427901422460110e-01,-1.597563350460437237e-01,-2.035234693636075731e-01,-1.847791811808550955e-01,-1.956643729728623771e-01,1.837207803009096446e-02,-1.194950931450104448e-01,-2.080678381389045872e-01,-3.018799283252993071e-01,3.385935783495930274e-02,-1.260469426617019661e-01,-9.133712022210881132e-02
6.344957641880417665e-01,1.039224062107052537e-01,0.000000000000000000e+00,8.691808380837032777e-01,4.184378096306524686e-01,3.712701380825285113e-01,6.667950225625292049e-01,7.223316007409724682e-01,2.497108239293119869e-01,2.714762647814334962e-01,5.082220043343537164e-01,6.072688670813051193e-01,6.285371409957747346e-01,5.170036398118362797e-01,5.963921778398095785e-01,3.528242196590708479e-01,1.219161927974715398e-01,6.021616885159804256e-02,6.553024828624270937e-01,5.563418172823082486e-01,1.113689366604194292e-01,9.503132072956028964e-02,8.308469069453993106e-01,8.368398790930325903e-01,5.712897253937123665e-01,6.256224051579675205e-01,8.100117857917807362e-02,4.192482605074208252e-02,3.234659748556477088e-01,1.868833390667707650e-01,6.445559620085606900e-01,7.454011321967316528e-01,1.493877504591169803e-01,3.314853754315384982e-01,-2.682662992103875821e-01,-1.023077415404060053e-01,-4.471116875371622945e-01,-3.561303871808177424e-01,-2.062113029176352585e-01,-1.624484838957417354e-01,-8.923949260347210921e-02,-1.160469105390191241e-01,-4.541241732266942943e-01,-4.896957291011425628e-01,-6.188646190841241568e-01,-6.058732066035916741e-01,-4.504911898636158596e-01,-3.594598561141831294e-01,-4.382964442331250265e-01,-4.737117935186742068e-01,-5.390185440587864640e-01,-4.405599692565650982e-01,-1.092893657555145115e-01,7.546414269709061928e-02,-3.547510404032670484e-01,-2.092746289215299260e-01,5.088122484657846972e-02,-2.831150090492331461e-01,-1.709483905234456813e-01,-1.404018008990233768e-01,8.899965267776800649e-04,-2.299849418759727926e-01,6.886850704280918223e-02,-1.251967296202114721e-01,-1.663911376191749281e-01,-1.580891189039999589e-01,-4.718119174721100983e-01,-4.112981984842856154e-01,-8.874655938754627549e-02,-1.294273086447801369e-01,2.128394360874091840e-01,3.772419968965785575e-01,1.852272717704584459e-01,1.716150765086267016e-01,-1.903814366664530744e-01,1.711160009378769886e-01,-7.223403887151484681e-02,-1.577303442536476807e-01,1.578219001017897305e-01,2.711979514175489117e-02,-8.355490465746612250e-02,-2.097570995898082047e-01,7.880890497067054301e-02,9.307576531808236034e-04,-1.438751470873555482e-01,-1.445029588278881061e-01,-8.381272347881288387e-03,-2.859167856042774472e-02,-1.512494425584806068e-01,-2.429335396724336682e-01,-1.933711139017766367e-01,1.843280388153713603e-02,-2.048653013613373486e-01,1.100529835928338168e-01,-2.351285915952369410e-01,-3.409726113008288984e-01,-4.056776805384673112e-01,-3.876590597071734590e-01,-2.000282305788624593e-01,-1.516867907358246392e-01,6.859586270295660315e-02,2.834652351569196260e-01,1.569395036510094210e-01,3.455932994616479070e-01,-1.316786903031754719e-01,-2.718469257950838908e-03,-5.241411454644266665e-02,-4.179222345112045510e-03,-1.595557401191642910e-01,-4.439584611401907743e-01,-6.082806201364449050e-01,-2.913211965222559652e-01,-1.386882701434341281e-01,-6.052670679339204607e-02,-1.520098136579108028e-01,-1.357001357507252870e-01
6.080381727658830116e-01,3.507383758600731705e-01,8.691808380837032777e-01,0.000000000000000000e+00,4.565244294985690288e-01,4.204405657622701797e-01,5.419070896643689572e-01,6.316767540616213816e-01,2.616846935352613590e-01,3.722539844892460703e-01,4.092223421570997943e-01,6.401298753640776162e-01,5.401757753276319463e-01,5.588499610473824930e-01,5.283373204461098149e-01,4.299347593230058440e-01,1.688385517382663126e-01,2.211225683839813938e-01,7.148819852152468179e-01,6.378592337572802640e-01,2.606050340272501598e-01,1.690953401885149920e-01,8.036731149984057687e-01,8.153108523643907146e-01,5.233841331206792180e-01,5.554226179030707922e-01,1.651753808333710216e-01,1.586039335266909156e-01,2.969884575322694342e-01,2.614681032499902025e-01,6.624927441019127228e-01,6.723291576659486957e-01,2.692435139307767233e-01,4.333182561504064778e-01,-9.369878773972759034e-02,-3.063584613332256262e-02,-3.820261349917357108e-01,-3.488522368124343243e-01,-2.899413206394846898e-01,-1.344718134023684397e-01,-5.988519336694861361e-02,-3.557960757097754917e-02,-5.428108366121965345e-01,-5.326701218674988469e-01,-6.154836771542614438e-01,-6.461002141230749451e-01,-5.621644632885745008e-01,-4.079322953361807502e-01,-5.348410973224082543e-01,-5.382867274240640265e-01,-6.203439127200710557e-01,-4.753998291790484387e-01,-1.549261488605903903e-01,1.564741416473260371e-01,-4.548187569549014264e-01,-2.532453058276953328e-01,9.413028911797161058e-02,-5.758159825864172382e-02,-2.830668354784615093e-01,-1.192210990761350814e-01,-1.289049112842244049e-01,-2.013477907002087230e-01,4.353940269530994639e-02,-2.695581700240731998e-03,-4.592531037201668526e-02,-2.854913501112589513e-02,-3.357965106072134387e-01,-3.286648597617216061e-01,-5.801745444184469233e-03,-2.951677429551283899e-02,4.080155168460903869e-01,4.689797516715457082e-01,2.616904860068349770e-01,2.764011738149126929e-01,-7.074861326306573772e-02,2.412467574308073404e-01,5.367169518577413756e-02,-7.954935250842733521e-03,3.224734518137386541e-01,2.154561936446371118e-01,1.264181024427241951e-01,5.636947166616636945e-02,5.511784247895480660e-02,4.428814424021898510e-02,3.609054756631014781e-03,2.585137505091966367e-02,1.140136395678590167e-02,3.285108852899008836e-02,-2.148015140847966131e-01,-2.275886943906634263e-01,-1.685330253952382895e-01,1.145921207000237252e-01,-1.887986963937411389e-01,8.539735559742796939e-03,-1.277816998695203710e-01,-1.814432630351794085e-01,-2.612419532638737829e-01,-2.983696467542497621e-01,-1.007381873397626831e-01,-9.168702510269638450e-02,1.044703249905697962e-01,2.033964025748535021e-01,1.688782857681036531e-01,3.165987890615411526e-01,-1.917708388427965260e-01,-1.294945563277906907e-02,-2.697453209866484958e-02,1.052365126751600953e-02,-1.326814673272805611e-01,-2.769475584687461911e-01,-4.781795124712742151e-01,-1.925579062356481130e-01,-5.937106697713737807e-02,4.005200937061686312e-02,-1.466588767783121028e-01,6.357689644951145143e-03
4.336227011178143131e-01,1.086613992094705161e-01,4.184378096306524686e-01,4.565244294985690288e-01,0.000000000000000000e+00,7.728173530074493591e-01,6.732760607038479339e-02,1.380265948609376847e-01,5.476121750209049788e-01,7.417006743011640424e-01,2.419003456732038426e-01,3.559904366435996947e-01,2.301141616932800560e-01,3.080077231970720364e-01,6.861374822104590043e-01,6.278710903617549244e-01,-3.934071619546206794e-03,1.755921160634658640e-01,3.109733269319845395e-01,1.729690782284545314e-01,4.717700715611203854e-01,4.577212952518711075e-01,4.188240521161599728e-01,4.198688501006785367e-01,6.481601399386086593e-01,6.585108307401909000e-01,6.563391439049993670e-01,6.612317069242267253e-01,1.874347762709131227e-01,1.645154696084806523e-01,4.595011805701563756e-01,3.722340214577036788e-01,-1.729888561444737488e-02,4.129058860435283473e-02,9.419824923300595954e-02,4.126772840602219161e-02,-2.769755262791389616e-01,-3.805611610674052847e-01,-3.527033921660884669e-02,1.033253231361654229e-01,-2.153545601504320006e-01,-1.196881792762321539e-01,-2.928516708985031691e-01,-2.720339711089839740e-01,-2.667648859280605245e-01,-2.521175825908090196e-01,-2.114585805833354981e-01,-1.659878551984759198e-01,-2.561247530079182599e-01,-2.632308967191377969e-01,-3.798813369136364582e-01,-3.725023792444100423e-01,-4.474826726283730183e-02,-1.847285222521218712e-02,-1.770810790406767143e-01,-2.300021283107684666e-01,1.561113040984887512e-01,-6.589428753908615696e-03,-9.403407788940076895e-02,4.111344717599970527e-02,-1.979242221177308358e-01,-1.848767906737545097e-01,-9.638713886141177939e-03,-1.410729946458900074e-03,-1.041649087945117347e-01,4.216741953996185413e-03,-9.088779917826118881e-02,-5.984284437629319026e-02,8.537788488980063706e-02,1.730094390175748731e-01,5.032139683710192823e-01,5.898231302822656286e-01,2.555704507058760289e-01,2.410323354374182270e-01,8.116755182828012949e-02,2.144003147936712483e-01,7.746681703304852951e-02,1.264272900314034054e-01,2.392306347545569145e-01,3.430471038222630553e-01,1.984369838543405262e-01,7.321678016030969127e-02,1.046804803697380937e-01,-5.181398903966417946e-02,1.206851206949118294e-01,1.098829871532240737e-01,3.534732838111534492e-01,2.396357923814152469e-01,3.834708380229184116e-02,9.745469917745749888e-02,-1.417384647375012907e-01,-6.659052697697936951e-02,-2.649955362276092408e-01,-2.018334406977707607e-01,-5.453978754254676375e-02,-4.334087389783300437e-02,-2.190823455009383858e-01,-2.673066727381983587e-01,-1.630781540522331652e-01,-1.813617789828551319e-01,-3.970142852882998781e-04,-1.005925657736321532e-01,4.640036209061435685e-02,8.523556800494709595e-02,-3.180747455667362611e-01,-2.642463238617522303e-01,-3.298421644594509011e-02,1.104169338490361835e-01,-1.646461913087020057e-01,-1.509197927743322343e-01,-2.741451438922591910e-01,-1.478783517836118611e-01,-2.540210791244999489e-01,-1.726474328846714090e-01,-2.724120736800210163e-01,-1.133570823953661127e-01
4.087110126146473177e-01,6.559827960889071108e-02,3.712701380825285113e-01,4.204405657622701797e-01,7.728173530074493591e-01,0.000000000000000000e+00,2.071367210437791984e-01,1.837070943908096776e-01,4.799919389629743738e-01,8.552373438074638567e-01,2.507469734689458662e-01,3.948113579250278615e-01,2.042217035459152341e-01,1.455115162609475210e-01,5.525316937790588634e-01,6.962316971324381543e-01,-8.437828184401284515e-02,3.534502622991524817e-02,2.631759992749464483e-01,9.223840666267917043e-02,5.412824198664160091e-01,4.912163796735578014e-01,3.816917430162852232e-01,3.183226173124671377e-01,7.024381082470777526e-01,6.616540368282843865e-01,7.495135464845550377e-01,7.728203667132679255e-01,3.280596271463470659e-02,3.667708473722894325e-02,3.942139885048766001e-01,3.145053372675459258e-01,-3.622691555934742791e-02,6.649401818536276182e-03,7.066220853161871152e-02,3.640840862410479883e-02,-2.952061319602471978e-01,-4.615248736565805143e-01,-8.134529746367911984e-02,2.383765282327831581e-01,-2.990659767695602600e-01,-6.913462178054356755e-02,-2.133074512704407344e-01,-2.760108078889804695e-01,-2.291088944293826479e-01,-1.899167012552041844e-01,-2.097329261192707184e-01,-1.680977957285351709e-01,-2.152285913386334237e-01,-1.797990607365688165e-01,-4.137532691717069055e-01,-3.550879518686707037e-01,-9.203940350828326844e-02,-4.376001548683444015e-02,-2.118736102428902257e-01,-1.765056165469774951e-01,3.396791045429026906e-02,-8.793567902486830457e-02,2.051940062535322074e-02,1.449415132592380973e-01,-1.510827540723355400e-01,-8.311551305123192346e-02,-2.050440532609562258e-02,2.228898619963383052e-02,-1.631321728060218523e-01,-1.925147653842848583e-02,-1.176831996913341692e-02,1.667719803072972504e-02,3.043417417808319189e-02,1.331844285278079576e-01,4.214225977167885273e-01,5.386872805426198285e-01,1.334295100707367510e-01,1.219973809072341653e-01,1.861692796309347142e-02,2.249769082848459556e-01,-4.564630653046589798e-02,2.786495464938065422e-02,2.924480344284517263e-03,1.655831644073802456e-01,1.032548746742453089e-01,-9.509856676790339608e-03,1.176520171825943574e-02,1.477983052125718400e-01,9.860250289978297888e-02,1.847715363878065509e-01,3.695902948017662504e-01,3.857989840301355167e-01,9.919587641989995042e-02,1.723332738438061729e-01,-5.026431581211364408e-02,2.887102681395153567e-02,-2.921018992767926425e-01,-2.514735647546869624e-01,-1.774584327084023361e-01,-5.737939778501800064e-02,-2.892063282841654814e-01,-2.273248976737142213e-01,-1.404547681433330197e-01,-1.712937962745118281e-01,-1.757379752937490436e-01,-2.436175765762778889e-01,-1.634526819050723945e-01,-1.371676316356064962e-01,-3.833376017655348300e-01,-2.656920030135096478e-01,-1.918561661530383822e-01,-5.204129114979894749e-02,-1.757367508449579063e-01,-2.608416078442040154e-01,-2.749797249694803658e-01,-1.804610338637685496e-01,-1.852916871004062216e-01,-2.459906117778453138e-01,-3.074714490113870657e-01,-1.873394106889825494e-01
2.238039060868753649e-01,-1.561223752117456010e-01,6.667950225625292049e-01,5.419070896643689572e-01,6.732760607038479339e-02,2.071367210437791984e-01,0.000000000000000000e+00,8.274558332200788735e-01,4.418651873021806065e-01,2.599634388552078956e-01,5.204143189919503421e-01,4.762561413572847235e-01,7.553902454304414205e-01,4.898148469328711396e-01,2.268719718598964652e-01,1.033582979568528071e-01,-4.459652980162966823e-02,-2.291811362865883717e-01,4.307312656404627127e-01,2.423661221123636356e-01,-1.792428883467634404e-01,-2.356634670046178770e-01,6.406330554120512888e-01,4.910164756272407671e-01,4.426471458578220552e-01,5.017598925872785998e-01,-1.485372058511885418e-01,-1.649519127529817386e-01,2.516589723991523586e-01,3.273150659439480470e-02,5.166000150664221691e-01,6.532758322978476917e-01,2.271257966620262581e-01,3.137772158678758805e-01,-3.034674332853414258e-01,5.006886454803461534e-02,-4.349144824312781155e-01,-3.316398182526777427e-01,-2.606059065473214087e-01,-3.172556223775908624e-01,-2.835425210953769759e-01,-2.704333952216744774e-01,-2.286501762436661811e-01,-4.105713198421700461e-01,-3.402572906595963120e-01,-3.241742210717581951e-01,-3.047092868606488536e-01,-2.340265098435076740e-01,-2.770372946306421530e-02,-4.347171093506218414e-02,-1.587728626715944336e-01,-3.575474756090314416e-03,-1.885721570256412016e-01,-1.023428305882948322e-02,-4.190681928390382893e-01,-1.997842205943323179e-01,-2.319599292893900488e-01,-4.251610925323537904e-01,9.449184574050405183e-02,-4.433132271863877982e-02,2.554882361786056655e-01,6.664315247675910679e-03,1.297474132625451304e-01,-1.101976658446489898e-01,-3.240107563341382280e-01,-2.020016219186671069e-01,-2.999887392862731206e-01,-2.354425811611687569e-01,-3.002013887120695279e-01,-2.662600368252762140e-01,1.813807174258462440e-01,3.640756133402537342e-01,8.844035295562630017e-02,4.046791505196761785e-02,-2.101625119699366828e-01,1.571815306580899227e-02,-1.838808240841245667e-01,-2.760918866733466648e-01,-1.568283761866127168e-01,-2.803665694377562301e-01,-4.332136134821270579e-01,-5.097367762290968551e-01,-1.769951918208287900e-01,-1.262513689209757151e-01,-5.312314846773764643e-01,-4.161724262892403381e-01,-4.280778515370219361e-01,-3.136088199524433295e-01,-4.325543667281898652e-01,-3.257760652255989320e-01,4.133204143822774568e-02,6.834797786557350596e-02,-1.296027886550003144e-02,2.338657755391948811e-01,-4.988355293930214485e-01,-3.936575460857514863e-01,-4.852064930861303971e-01,-2.714340654781454698e-01,-1.753570075665514816e-01,-2.327140085814570769e-01,-1.166390120233288252e-01,2.233668680826535191e-01,4.872127295797341884e-03,6.652501971434451877e-02,-8.330980749970835764e-02,-7.202208440874176276e-02,-2.749484493682736175e-01,-3.104990382130257687e-01,-2.300886200964587236e-01,-5.659929033170587598e-01,-6.021028304035529466e-01,-3.106282439400170348e-01,-1.433760863620079096e-01,-2.504380051888248082e-01,-1.530123424390481268e-01,-2.776283861472423897e-01
2.178065700396751292e-01,2.336081648291707044e-02,7.223316007409724682e-01,6.316767540616213816e-01,1.380265948609376847e-01,1.837070943908096776e-01,8.274558332200788735e-01,0.000000000000000000e+00,2.953219406613873943e-01,2.077482897061505296e-01,6.528673832995343096e-01,7.439519549680334576e-01,7.676422874112160954e-01,6.943616116047962583e-01,4.042884487810022853e-01,2.138067346274620528e-01,6.741485643174470466e-02,-1.764991983676029649e-02,5.244750491384058133e-01,4.472997268881422905e-01,-1.083134776145583261e-01,-1.289212413327129880e-01,6.918264859898736185e-01,6.468229399152495285e-01,5.234152323971524856e-01,5.450922321576566754e-01,-1.289044308137231309e-01,-1.762506424606935518e-01,3.214643360406352901e-01,2.420535204526177153e-01,5.504976693856886705e-01,7.198927218065712674e-01,2.173447725405937558e-01,4.633588228790005425e-01,-2.565928367574479840e-01,7.658009033209106642e-02,-5.519390012803938594e-01,-4.050705956743771430e-01,-2.799754116002105553e-01,-3.758242828852870754e-01,-3.161336719739903378e-01,-2.844501364960984602e-01,-3.991978262827222679e-01,-5.211632981567934086e-01,-5.509511099400606904e-01,-4.544230518176172740e-01,-4.649114905538478948e-01,-3.576321243101842073e-01,-2.358163047219069552e-01,-1.681824799899113154e-01,-1.874783703365922594e-01,-8.175350351384591541e-02,-1.051574694964593909e-01,-1.803636451646553271e-02,-3.406019061210422971e-01,-1.750988959673340506e-01,-2.612018440611149628e-01,-3.649203447614980389e-01,2.851033044085535262e-02,-3.792120095035506760e-02,2.581230286372413474e-01,1.119290156414960574e-01,6.159606472008071626e-02,1.892375594864800503e-01,-2.909950206493135405e-01,-2.231994732610124640e-02,-3.747446012822909234e-01,-2.718935835810628587e-01,-2.393649253346238348e-01,-2.498461607060333267e-01,1.907623971793640238e-01,3.581436002331617741e-01,2.022248370295000319e-01,2.331987933361672205e-01,-2.200434371796168853e-01,1.389888350138227813e-01,-3.088582183344384252e-02,-7.149219542582808951e-02,-1.095944926034038008e-01,-1.600599608243268301e-01,-3.770535694428757134e-01,-4.148733190148031769e-01,-1.618267055384502995e-01,-1.391325315903164106e-01,-4.319433756014121051e-01,-4.389317684071700199e-01,-3.241807506728435206e-01,-3.066491788564515431e-01,-2.741334307238084689e-01,-4.624273431396180856e-01,-1.368432645074534326e-01,-1.496528539669517155e-01,-1.715244871288138795e-01,1.988327280477391115e-03,-5.572533320234203114e-01,-4.967221283258697051e-01,-6.196219567330364386e-01,-5.109206291486549922e-01,-4.035761943222015979e-01,-4.168951500179611247e-01,-1.157577323455303148e-01,9.384140115725134179e-02,-6.624674560889530495e-02,-4.223313133875776504e-02,-2.563581095764118079e-01,-2.498984643097799108e-01,-3.010316193062922419e-01,-3.051099638244985646e-01,-1.416234788357778884e-01,-6.548621370443525880e-01,-7.306404568776014852e-01,-5.203277549627093324e-01,-3.197782879570915671e-01,-3.173340248084226545e-01,-3.448281732114862885e-01,-3.559053684889826874e-01
1.099184812499592878e-01,-1.251935209006713179e-01,2.497108239293119869e-01,2.616846935352613590e-01,5.476121750209049788e-01,4.799919389629743738e-01,4.418651873021806065e-01,2.953219406613873943e-01,0.000000000000000000e+00,5.544509026351268632e-01,1.730220174642080611e-01,2.146527219993840940e-01,2.756443403198962083e-01,2.131431972099726291e-01,2.944608941614719755e-01,3.263753567319362947e-01,-3.369338072826638664e-01,-2.563166540850075892e-01,2.718242504983712782e-01,3.115880918087624712e-02,-4.264958360116723884e-02,-1.062258236918243448e-01,2.601500415072381389e-01,1.677589636979079646e-01,3.486704397252413101e-01,4.352769759000323924e-01,2.325372296725991828e-01,3.194382583119325103e-01,-4.521716813382715278e-02,-1.986899461881474205e-01,1.554763975874305371e-01,3.055295655056873283e-01,-6.470421490964823556e-04,-4.444397552253187729e-03,6.028469016856330409e-02,3.068526871891394392e-01,-4.435174227569969041e-01,-2.425850983840388830e-01,2.918738184318976289e-02,-1.428350569004504522e-01,-1.719151505874008112e-01,-4.330734824773064817e-01,-4.672398348190563711e-02,-2.335729403077982658e-01,-1.048856954701745253e-01,-1.466963379068123574e-01,-9.444539357446332661e-02,-1.899390455116123921e-01,1.056171537536433336e-01,7.233631623238508113e-02,-6.380439835022340411e-02,1.114682981155974348e-02,-3.601349944270818698e-02,4.234191087671732023e-02,-2.032552580358956140e-01,-1.751504191266704258e-01,-1.998564394495671581e-01,-2.257823229760120842e-01,1.597360444280931380e-01,1.889665603209062794e-01,1.287712242767778958e-01,1.247339662872921778e-01,3.853209961828170382e-02,-2.464977349456387926e-02,-1.906818591691086529e-01,-3.084707593933756764e-02,-2.014916681493312059e-02,-1.258799047130988724e-02,-1.687023294294566489e-01,3.587172425080529820e-03,4.340197360234841484e-01,5.348762613677658928e-01,9.618344289668212532e-02,6.568003152295696923e-02,-8.141833379937064852e-02,-5.215898813567770853e-02,-4.099660621097001023e-02,-8.448994551529713515e-02,-1.951053115620399181e-01,-7.483602220109464298e-02,-2.833850321902367519e-01,-3.742525185784561503e-01,-1.001798986785551182e-01,-2.417185849534510544e-01,-3.362160455517120283e-01,-2.394308540288847820e-01,-4.052791911081569942e-02,-1.001434273815967196e-01,-1.488303547404003224e-01,1.014190842128126144e-02,5.487749261997191402e-02,2.945416122052238114e-02,-2.229887356567129136e-02,1.723075575872680398e-01,-4.445758730386671909e-01,-2.556075263094628736e-01,-4.420530034236744288e-01,-3.084606761123968588e-01,-9.704566439054346239e-02,-2.080923407834604222e-01,-1.603043104509145611e-02,2.545506229329738690e-01,8.897289623984899407e-03,-5.100764859030616424e-04,-4.744981169928143283e-02,-1.404726492283436823e-01,-1.547160528713726335e-01,-1.707781426848644923e-01,-2.733853436483482113e-01,-4.204544891592154054e-01,-3.506124388482630416e-01,-2.310812439471906232e-01,-1.117086885153772829e-01,-3.208148326055748067e-01,-1.677551045528329343e-01,-2.846738383039501552e-01
3.097907938060083244e-01,9.155122715324781613e-02,2.714762647814334962e-01,3.722539844892460703e-01,7.417006743011640424e-01,8.552373438074638567e-01,2.599634388552078956e-01,2.077482897061505296e-01,5.544509026351268632e-01,0.000000000000000000e+00,2.641792103148971060e-01,4.161444652287777379e-01,3.298485893775245370e-01,3.281521969911230796e-01,4.554954475727521768e-01,5.548783660297808007e-01,4.285978204238428957e-02,1.381055984646034906e-01,2.148520695065432307e-01,8.283728380456606422e-02,3.754997320522655557e-01,3.327425922804422842e-01,4.158980557017423196e-01,3.162628603904483193e-01,6.393994186388353151e-01,6.006634914069753917e-01,5.377949385199353172e-01,5.805389733201347102e-01,1.488192243054448083e-01,1.576415413713325719e-01,4.839551669402047951e-01,4.034405257877189954e-01,1.089031453398246058e-01,1.964419595994687517e-01,7.531416964378315204e-02,-2.833286236936432764e-02,-2.948460489009240848e-01,-5.555869213079501767e-01,-2.481652878828407571e-01,3.814530621817723011e-02,-2.379058640217398546e-01,-4.200621938199598782e-02,-2.270110821344479279e-01,-2.771061951896925946e-01,-1.595648392387100378e-01,-1.256241521595418686e-01,-2.723485832357371295e-01,-1.961052824877530520e-01,-1.046532849469326842e-01,-1.062928815527390408e-01,-3.304737609513565544e-01,-2.702890064059050856e-01,-1.812161943146929355e-01,-9.097470471021848470e-02,-4.011641560311617338e-01,-4.005604631491156975e-01,5.253323272359629315e-02,-3.747768891744578806e-02,3.789590680632805558e-03,6.862308047361712765e-03,-8.591470711233546720e-02,-5.701461344158339356e-02,1.120295148679741754e-01,1.089524578935593957e-01,-9.263646436638067749e-02,-1.262554637402116047e-03,-1.829947388503625968e-02,-1.250647057308214641e-02,-5.626171821824160063e-02,4.633369707567663864e-02,4.867994543156236587e-01,6.338031758962204831e-01,2.432406839164145407e-01,2.474551725833021576e-01,1.875914679022185894e-01,3.475767871893115091e-01,6.050217870607746407e-02,1.444771905804286827e-01,1.369664784945892888e-01,2.130806939933010680e-01,1.292592175656908648e-01,4.855926088573647714e-02,-2.357425164567697809e-02,1.212484647475372233e-02,3.773922005383056888e-02,1.163939634766849723e-01,1.855687720223981041e-01,2.243210138683085497e-01,-5.831594761981409580e-02,2.551520325577014137e-02,-1.029367596909919469e-01,-3.218028876590420945e-02,-2.330987414295138116e-01,-2.593239561599964271e-01,-1.739631936776378784e-01,-6.469949519107132119e-02,-2.762264040178784019e-01,-2.411045008177851445e-01,-1.956296569400888530e-01,-2.730888539944379967e-01,-1.990784303366350816e-01,-2.640954258304806790e-01,-1.973190774743644460e-01,-1.971973742284064690e-01,-4.766295412686761823e-01,-3.849859359844680640e-01,-2.917532023994321433e-01,-1.067535169733588168e-01,-1.596907203390845187e-01,-2.115338997904343266e-01,-2.889377538135822210e-01,-2.140297152281937232e-01,-2.816827224543723140e-01,-3.075880552365100606e-01,-3.459011938128183639e-01,-2.148098076989551353e-01
3.954365414335294093e-01,9.863282996955732851e-02,5.082220043343537164e-01,4.092223421570997943e-01,2.419003456732038426e-01,2.507469734689458662e-01,5.204143189919503421e-01,6.528673832995343096e-01,1.730220174642080611e-01,2.641792103148971060e-01,0.000000000000000000e+00,6.344004637821282211e-01,7.120567047899178936e-01,5.370795746306474827e-01,5.865440765789301514e-01,3.547724499469116499e-01,4.251015347178765946e-01,2.627011754328123505e-01,4.800398687681238785e-01,5.198797367619992782e-01,-1.277067363358328237e-03,1.760063893691288794e-01,4.742539753247376755e-01,5.014498166223041453e-01,4.459228983860757944e-01,5.270546401112669033e-01,7.961731001320622447e-02,8.360845872483320396e-02,7.098517027882040864e-01,4.115045943289394881e-01,5.035436494216589676e-01,6.142431474582583650e-01,3.534163880006803704e-01,5.339134606043171027e-01,-3.473865500645407778e-01,-3.908666511677094113e-01,-4.401190350457890310e-01,-5.241700295223734596e-01,-1.802070719421215439e-01,-5.699840525563985849e-02,-2.608906113130884941e-01,-9.717247501810410970e-02,-4.343518823052562872e-01,-4.752152550618202742e-01,-4.735092852800417695e-01,-3.313432023965859896e-01,-4.396669178860858063e-01,-4.265292950014480944e-01,-2.114007371670438007e-01,-2.132149817771889222e-01,-1.383003422979812436e-01,-1.749222936901122794e-01,-1.035078571437490769e-01,-2.257056504353699700e-01,-1.392043198919629132e-01,-2.219086099568968462e-01,1.203085799294963953e-01,-1.345721771547635226e-01,6.501578834910795579e-02,-9.077412858825571751e-02,4.338123604659882004e-01,2.004877026182051991e-01,4.569858655161475602e-01,3.682949401476706131e-01,-2.070690720706936383e-01,-7.926373244260516426e-02,-3.187180769542987679e-01,-2.970261341380321940e-01,-1.022022456226523851e-01,-1.958633378480595100e-01,1.831542801140865762e-01,3.558019104813575639e-01,4.689707499881201613e-01,3.666408476920937076e-01,-7.532323696932578111e-03,2.129185496068179417e-01,2.115526187209744724e-01,1.722603245851452025e-01,1.612792279855499722e-01,1.606809588307503978e-01,-1.653436367905741560e-03,-2.444809811567448810e-01,-3.237061327883069412e-02,-1.029396196196522700e-01,-1.693804012413074322e-01,-2.471815622034432836e-01,-1.140134339117649109e-01,-5.345036297293945249e-02,-3.982192231093231727e-02,-2.653400341471401913e-01,-5.204241376644294093e-01,-4.738368913388568138e-01,-3.821033073989982265e-01,-2.582285347078198678e-01,-3.569106198082089287e-01,-4.506947956649020592e-01,-4.979976513070351607e-01,-5.096351031400913056e-01,-5.688449364499106320e-01,-5.141197708492495355e-01,-2.224081751044597599e-01,-1.404087748042605888e-01,-2.161441279454230369e-01,-1.368170255708130445e-01,-3.841969555879030662e-01,-3.108150673288215260e-01,-3.176139962667560712e-01,-1.823991799474616038e-01,-1.314664792053230058e-01,-4.891822540427248622e-01,-6.586511733326251283e-01,-4.840419905726830452e-01,-5.083845519219961639e-01,-1.539581564724966378e-01,-2.489702194132291935e-01,-5.873414035711127523e-01
3.493881916438769664e-01,1.372493147862768048e-01,6.072688670813051193e-01,6.401298753640776162e-01,3.559904366435996947e-01,3.948113579250278615e-01,4.762561413572847235e-01,7.439519549680334576e-01,2.146527219993840940e-01,4.161444652287777379e-01,6.344004637821282211e-01,0.000000000000000000e+00,6.857370907359855439e-01,7.440278711918442145e-01,6.253466850319274739e-01,4.650554815506483530e-01,3.346435406370796284e-01,3.806272098985215013e-01,4.477364332844350203e-01,3.907547061259424859e-01,2.398707164392110958e-01,2.654438024819907316e-01,7.022644090499123859e-01,7.429625495916343247e-01,5.968616409160819591e-01,5.963271944328107921e-01,2.415217622846276349e-02,4.297839411219313288e-02,4.505389829999559281e-01,5.199481358683454291e-01,6.443546732150133849e-01,7.311097431396332835e-01,2.099438195155582665e-01,5.329722790037280111e-01,-7.984467932093076634e-03,1.606232079871598717e-02,-4.300417431011345215e-01,-5.239591688233745659e-01,-3.114027166039814998e-01,-1.341013615564762840e-01,-9.906636899920556738e-02,4.602275584839091160e-02,-6.581423958984664591e-01,-7.023813859396248471e-01,-7.457688864359373060e-01,-6.173858878472561207e-01,-7.043679100880045896e-01,-5.873185249171088973e-01,-5.769153026922937411e-01,-4.908912409244286512e-01,-5.153913038235760080e-01,-4.018173194293704342e-01,-1.720708729255664426e-01,-3.344880317590295110e-02,-3.964830358543102728e-01,-2.899271474971091278e-01,-9.850763612758275944e-02,-2.046172026446436698e-01,-2.143179382766260410e-01,-1.584106288097767712e-01,6.354481929689721753e-02,8.583526982689788920e-02,1.168355086533761911e-01,4.322475559946192813e-01,-5.124772499262428282e-02,1.623262409033695841e-01,-3.895437243329534227e-01,-3.211613232855107802e-01,-2.274949956700589027e-01,-2.380362188036174165e-01,4.510774735223968546e-01,5.951021934498403887e-01,4.744980714782139342e-01,5.661222068067395252e-01,-2.122621532500165720e-02,4.647510768747786791e-01,2.123763428752983851e-01,2.291987640658968428e-01,2.444527706773043929e-01,2.053489324266826732e-01,1.220756321692210850e-01,7.140913097401360710e-02,8.026208287312100453e-02,1.833314283492123997e-01,7.181538006880128222e-02,-1.744061139562580985e-03,7.639405137748705998e-02,1.652654454555900210e-01,8.950591173606178841e-03,-1.813114700873516560e-01,-3.576802041338251192e-01,-2.609908868339172461e-01,-3.449100669080121251e-01,-2.157973102796881537e-01,-4.267837285640099787e-01,-4.485018766890804254e-01,-6.073573559080347462e-01,-6.118523974462234394e-01,-5.389884894741594490e-01,-4.881296534422507882e-01,-8.656200460908569649e-02,-7.907118521880540651e-02,-1.083270313710057303e-01,-5.551269535409281142e-02,-4.207173801288397463e-01,-3.818756852341760322e-01,-1.883525840301387977e-01,-1.140225010441707765e-01,2.973559454228456508e-02,-5.445268701251992916e-01,-6.954994252896291584e-01,-6.159572459591956539e-01,-5.041494279081609742e-01,-3.412685260036356638e-01,-4.207191750134660624e-01,-3.524050332713108968e-01
2.587901939476789370e-01,-1.673806598381318844e-01,6.285371409957747346e-01,5.401757753276319463e-01,2.301141616932800560e-01,2.042217035459152341e-01,7.553902454304414205e-01,7.676422874112160954e-01,2.756443403198962083e-01,3.298485893775245370e-01,7.120567047899178936e-01,6.857370907359855439e-01,0.000000000000000000e+00,8.052858888530528558e-01,5.741537814317095867e-01,2.534922512830330432e-01,3.328483118459961143e-01,1.332872475008181345e-01,3.539766863075722858e-01,3.097658811577284066e-01,2.550252201244943007e-02,8.944137077764387211e-02,7.660096022422908657e-01,6.918771211466990811e-01,5.615398161226445861e-01,6.412219014333669920e-01,-1.139593414328729237e-01,-1.655087315321824848e-01,6.194293870175150429e-01,4.096451321561929149e-01,7.863670407246181604e-01,8.049447873125952224e-01,2.428001625667579044e-01,5.215670837127234227e-01,-2.107833030785417061e-01,-1.290370952646072988e-01,-3.613951915431569129e-01,-4.870899474052038380e-01,-3.166094997317048798e-01,-2.533598340024887929e-01,-2.197128759241477880e-01,2.529561057834755697e-02,-5.019022471729081003e-01,-6.186595504231552356e-01,-5.925125805149865643e-01,-5.017033539532731456e-01,-5.407062209528020746e-01,-4.372342456905640162e-01,-2.276134647069921746e-01,-2.750117444772028907e-01,-2.998933553785713690e-01,-2.085681663137752551e-01,-1.563048764238929855e-01,1.894670787939703102e-02,-4.570160660670798958e-01,-3.066214919923557769e-01,-1.349188512144528784e-01,-4.077006539575510069e-01,-1.192728403053257280e-01,-3.030521799257215876e-01,1.991094783311415650e-01,-6.938564987686696162e-02,3.272190439318281574e-01,1.157660955593789592e-01,-1.540006814841059501e-01,-7.776771253306387355e-02,-4.812077737064056615e-01,-4.443598040105664060e-01,-3.908933224725057443e-01,-3.922023252927404058e-01,3.149686170932635698e-01,5.495203750963779665e-01,4.030330465345515201e-01,3.530155039621850066e-01,-1.117200513320255537e-02,2.624206348618487450e-01,9.143266287519632995e-02,3.456588971648385383e-02,2.190120740305077085e-01,-2.837440930479993503e-02,-4.881485859944677264e-02,-2.156554779783760589e-01,-3.411014027319052289e-02,-1.025354765601829005e-01,-2.526187716890422319e-01,-2.662223319265849542e-01,-2.729188910985481109e-01,-1.890565586587462932e-01,-2.939542620342256996e-01,-2.757734816118370125e-01,-1.796893248355003747e-01,-3.366453075344010004e-02,-1.333369171186918056e-01,1.409563794400273684e-01,-3.200762883703377470e-01,-3.062777254979593966e-01,-4.957870952376036144e-01,-4.052768563933109580e-01,-3.551149466420012724e-01,-3.397968419568650478e-01,-8.911944686226519474e-02,1.260191803061966875e-01,5.272856908214023502e-02,1.348355182209000080e-01,-2.954488927192976400e-01,-2.406146859700134810e-01,-2.025823108888318569e-01,-1.086702673739594616e-01,-5.631361469609164755e-02,-4.686311947804607247e-01,-6.841761808881421381e-01,-4.001961206957577732e-01,-3.462386152460376620e-01,-2.843797936201725163e-01,-2.938736813722837571e-01,-3.420546380255571894e-01
