0.000000000000000000e+00,8.889147749235948304e-01,7.512166758428691082e-01,6.213591199841467239e-01,3.652740986800452339e-01,4.134239918342956788e-01,5.901785990653428682e-01,4.851979774373342824e-01,2.199752115548805065e-01,2.116697319471690375e-01,3.868358184011758683e-01,6.186959014638571119e-01,3.848103995664990951e-01,3.152783956133711207e-01,-2.234495226662447376e-01,-3.794755635295785079e-01,-1.907043769303505276e-01,-2.102579973565967542e-01,8.847349313384060832e-01,8.410289356365036051e-01,-6.613002395085662011e-01,-6.612329966864192166e-01,8.107772945333974191e-01,6.788076002324097136e-01,-2.567485951395276356e-02,1.092413337912565008e-02,6.810456312390993083e-02,2.405370190099948569e-01,-2.905891269804278254e-01,-4.813523657957584634e-01,9.526322349184465632e-02,5.048505624689305638e-01,7.044564284391172659e-01,7.061292170634070331e-01,7.499378847001474391e-01,7.616008184931737368e-01,-7.516395908856863262e-01,-7.448849252714576652e-01,-7.770462554581136772e-01,-6.820289907722487666e-01,-5.847420870960754469e-01,-4.882584467257952143e-01,-2.852693675451914435e-01,-3.746616740028004822e-01,3.826538886186824362e-01,1.159948276631027064e-01,-6.362329017037196000e-01,-5.694044018615199709e-01,-6.243926525013568547e-03,2.008991671010526558e-01,3.258974502754019009e-01,6.798094945099254771e-02,-1.289478071865340081e-01,3.655782459692958897e-01,-4.176199407154053134e-01,-6.020897548956548606e-01,7.358276763601253601e-01,7.677839928196933394e-01,7.065308321371192024e-01,4.443703584351990643e-01,7.613948836291263289e-01,6.181445595322269115e-01,3.373118585103767053e-01,4.790334625629094623e-01,6.957632758190767097e-01,5.157305306116242161e-01,6.217338751744524439e-01,4.257805308146217493e-01,5.951486511978485439e-01,5.822690601053955861e-01,8.879682957277407196e-02,-3.712891064930851776e-02,1.842584847551370364e-01,4.231253325034783908e-01,3.099069671968936457e-01,9.665609283518550310e-02,-1.537649551567656925e-01,-4.090572497614305969e-01,-2.659210170828130715e-01,-3.337960962665198483e-01,-3.788990830563622181e-01,-4.605166790341205796e-02,-6.157551321058576388e-01,-7.818416218412512775e-01,-1.529938041703069775e-02,3.685861409721395698e-02,2.346815951737752162e-02,-2.445435307011865345e-01,-5.110292424712957748e-01,-2.154013006867089297e-01,-6.123688303139386280e-01,-4.444923265375328447e-01,-2.370164180189976155e-01,-2.001945163985183185e-01,-8.190483915864497089e-01,-8.134355543189770721e-01,-4.111309244727847645e-01,-6.685363664097923042e-01,-4.841300129624036552e-01,-5.460890190828909807e-01,-4.991447733141527454e-01,-2.331811498101517277e-01,-3.333370366035837695e-01,-3.409855701634938452e-01,-5.682416744405895948e-01,-6.090810193579526688e-01,-4.772696835363327006e-01,-4.695265785233377343e-01,-4.425701422617341341e-01,3.670571960333604555e-01,-4.861689455508925485e-03,-2.003630850311659828e-01,-2.576713456215519171e-01,-5.009773798760925878e-01,-5.386077578008257039e-01,2.911907918315418398e-01
8.889147749235948304e-01,0.000000000000000000e+00,6.375805132510016238e-01,5.404674139455108994e-01,2.848069076346554374e-01,3.853227485060535806e-01,4.128262926594563620e-01,4.291964450153247235e-01,8.138280936995949399e-02,1.666835828176588818e-01,1.414587614390653003e-01,5.109427090905781510e-01,1.732735866589337759e-01,2.353335529655192493e-01,-4.075250100621654048e-01,-4.622966982732133467e-01,-2.590130613842712703e-01,-2.630845618236268280e-01,8.989926697023319369e-01,9.002717297331249702e-01,-7.022416109529744377e-01,-6.650068365949208804e-01,6.713894311211981991e-01,4.868985028468098553e-01,-7.954167187046695675e-02,-1.090008796462164781e-01,9.419114344773799052e-02,2.393029849100000161e-01,-3.579818893554177484e-01,-5.414333380567712961e-01,-1.041620140530435806e-01,3.229409405520327070e-01,6.470508391066522869e-01,6.708911896233251682e-01,7.424894785902435013e-01,7.589478348108475991e-01,-7.681712276907495252e-01,-7.670844366093327871e-01,-7.655943377915236381e-01,-7.060376624209132590e-01,-5.947360449382653735e-01,-5.409227985957555385e-01,-1.155538413686055255e-01,-2.252780518148367883e-01,4.651220508039533019e-01,2.127636486997276088e-01,-4.981098118470899117e-01,-4.636623080935574626e-01,7.202752585921969042e-02,2.166170498965643842e-01,4.044697160528481494e-01,1.051649028087970755e-01,-7.042081116111034711e-02,2.861593453239726359e-01,-2.267578251666430844e-01,-5.501360080619865922e-01,7.778323399010396155e-01,8.915544339358086878e-01,7.553536513928759133e-01,4.117927554382813105e-01,7.335353163414420896e-01,6.626620877550009059e-01,2.351208921957337883e-01,4.477521272497630433e-01,5.746972118119096917e-01,4.162791511735218219e-01,7.278167082110631458e-01,5.019350356706874239e-01,7.589186292047236382e-01,7.743193868398002833e-01,2.986123128204005994e-02,-2.042711720907934014e-01,1.275029332809479721e-01,4.516781076508860071e-01,2.568339881604531638e-01,1.678045410791019834e-02,-7.021391069200103030e-02,-2.904133382367292682e-01,-3.016647080547342208e-01,-3.822754079884826406e-01,-4.373839627599250823e-01,-1.282741198109937919e-01,-6.907455670056498187e-01,-8.445985720587138035e-01,-1.057384235705563086e-01,-4.607394857195651339e-02,-6.892393199003347959e-02,-3.433337919196379207e-01,-4.589984349087132265e-01,-2.945665642668695017e-01,-5.438924740925499268e-01,-3.675736574208990914e-01,-9.374113481194847053e-02,-1.187217206561966276e-01,-7.617647483615989090e-01,-7.103110486357110398e-01,-1.430258548684930631e-01,-4.990805984288937402e-01,-3.397116461749152272e-01,-5.028393390901649829e-01,-4.473363162291951745e-01,-1.489566327348275376e-01,-3.346010998605802311e-01,-4.550329333154075617e-01,-4.484449499798542349e-01,-5.110924779943724072e-01,-4.993122219509246729e-01,-5.092370900499427755e-01,-4.563139004344283212e-01,5.661786438949613087e-01,2.014246490920449106e-01,3.444934933699308338e-02,-1.559564478857269620e-01,-2.996466811489446047e-01,-3.765660052746675479e-01,3.742421415819927599e-01
7.512166758428691082e-01,6.375805132510016238e-01,0.000000000000000000e+00,8.172717373261770835e-01,4.547783841494392743e-01,4.191911515636281282e-01,7.895849736285404097e-01,6.053792603804751815e-01,4.749214717684919762e-01,4.936471198111009318e-01,3.188358559358719924e-01,5.691516228857546045e-01,4.291278830622474727e-01,3.168290015733000731e-01,1.282783591019245328e-01,2.337514339062579660e-02,-2.801336422108432478e-01,-3.425698085175337693e-01,7.322204179416825776e-01,7.319394627534955289e-01,-1.429647705633332599e-01,-1.530088293749290451e-01,7.131614641399900423e-01,8.419311779534150997e-01,1.455296314917981781e-01,2.459791539715620867e-01,1.882151770953486292e-01,3.974952354348570971e-01,-2.587276168028451728e-01,-3.588756522467985710e-01,1.355235249714270007e-01,4.362207741230538227e-01,2.853691388071069035e-01,3.073476992715171163e-01,4.118279342025761847e-01,4.776975119145976389e-01,-4.600202474017129894e-01,-5.162383504989700445e-01,-3.851552719365359256e-01,-2.711134795940340902e-01,-1.952910114587245727e-01,-2.457449388964523529e-01,-5.485024731436070056e-01,-4.898147797767302136e-01,1.334211544704502761e-01,-1.937801913960079600e-02,-6.249522825307218810e-01,-5.585511244777565665e-01,-3.033699705327784768e-01,1.390230120592880481e-01,-1.256792532896734618e-03,-1.146419734592497297e-01,-2.284628930466799379e-01,1.860661665840424861e-01,-3.105572316269643030e-01,-3.360213827956633481e-01,3.449073478811572335e-01,4.567447519012396984e-01,4.521686836789727826e-01,5.888483415022143230e-01,3.593210118081796023e-01,2.185661783706666639e-01,-3.612633632185783400e-02,8.035259574148264847e-03,4.091643166471559678e-01,4.430026829599237326e-01,4.108242371530492765e-01,3.655499381196272157e-01,5.054715556075777272e-01,4.908905104538497932e-01,9.675663572379122890e-02,4.438700884579207910e-03,1.645182390825607535e-02,1.582889848914903752e-01,4.050598233972241280e-01,2.432589411789557246e-02,-3.813688997155850191e-01,-4.515273084190609132e-01,-3.274933923663523316e-01,-3.884551974010620468e-01,-4.356203637722483868e-01,-1.401472689774743707e-01,-2.268188023635595574e-01,-4.707790149013640901e-01,-1.492019796923846897e-01,-1.043323750913092152e-01,4.218310115709479335e-01,2.063722026032907275e-01,-2.832125658148119673e-01,7.026773719764715931e-02,-5.809441826350507654e-01,-4.225992356836229535e-01,-5.878869378777404897e-01,-4.318858619996775450e-01,-6.493454832126966947e-01,-6.494563279286169610e-01,-4.965672370428915738e-01,-5.234188847978955561e-01,-4.071783610381081164e-01,-4.316215767129197300e-01,-2.708942783794567877e-01,-4.589032756036420801e-01,2.951094540523218658e-03,6.012986006547972606e-02,-4.469858126803336051e-01,-4.614430403845077855e-01,-4.181565015782874595e-02,-3.535139587372618242e-02,-3.841978159996977116e-01,1.632277122678020206e-02,-4.005804916158023921e-01,-4.779406968016399193e-01,-5.847755202185599410e-01,-5.525905040926915035e-01,-7.663188554937252484e-01,1.928194650854822279e-01
6.213591199841467239e-01,5.404674139455108994e-01,8.172717373261770835e-01,0.000000000000000000e+00,1.949098595725395622e-01,2.115414632688548124e-01,8.067527333105239951e-01,8.616770647150312490e-01,3.415452743279658310e-01,6.058398053501584668e-01,4.687318881906946816e-02,4.477514424126462500e-01,2.358766354095402085e-01,2.702955692470485061e-01,-1.477384762075881763e-01,-5.026184766649176294e-02,-4.723079968021512420e-01,-5.065037286382002568e-01,6.166681881416462563e-01,7.124021960055717528e-01,-1.673737722034515651e-01,-6.881977597827507176e-02,5.638388610306181992e-01,8.178675416519014529e-01,-1.802402733136566904e-01,-7.825684312898182476e-03,-1.045637855237604580e-01,1.076250719847278298e-01,-4.293490898768963504e-01,-5.081837473126640248e-01,-1.275835082838308598e-01,2.696282160272002737e-01,2.896074827349945369e-01,3.956647646324398249e-01,4.416953556858837504e-01,5.758573232613695136e-01,-5.906814486656450924e-01,-6.464097548146463534e-01,-3.824299625152529636e-01,-2.758219806499871973e-01,-2.978268027557795516e-01,-3.485013879362399702e-01,-5.328996006097895810e-01,-3.656990609773487777e-01,2.380047379751445424e-01,1.567385522828649569e-01,-6.375590158617717718e-01,-5.262758569990362290e-01,-1.789852250765426034e-01,2.431568099674655814e-01,-3.986152197349913245e-02,-1.032536257817054520e-01,-1.767026885616862775e-01,1.779753377679108017e-02,-2.567220278747353035e-01,-3.660189765284926344e-01,1.610437397046194374e-01,3.179286351480090089e-01,4.546207661635451869e-01,7.648101829574784905e-01,3.233198210506837977e-01,2.799228519239043145e-01,-1.916875341073450145e-01,-1.008206023880026808e-01,2.236876167426387341e-01,6.234079580928290065e-01,4.868308538392744356e-01,6.548313934010617787e-01,4.937865926990062104e-01,4.871313633256844078e-01,1.581827730890744133e-01,2.791031908316128976e-02,-2.112111881810981306e-01,8.621917977687361401e-02,3.959001531649991024e-01,2.378331667714744108e-02,-1.594642626845912958e-01,-3.107822491217673289e-01,-4.796021298592967330e-01,-5.450564264465026509e-01,-5.928049421847899625e-01,-3.552205152203551375e-01,-3.756869614813980185e-01,-5.568339071736222445e-01,-3.837288080170319637e-01,-3.061360760780641455e-01,3.973236862280584702e-01,1.762509985014288905e-01,-1.530313961454418670e-01,1.182165895230777725e-01,-3.149191967852341678e-01,-3.622181303810979580e-01,-4.821993712440511004e-01,-4.753093313076492965e-01,-6.436028623936064230e-01,-6.622543371099112175e-01,-3.305329715665483170e-01,-5.157842692612097935e-01,-2.055919358996204371e-01,-3.104611322256284889e-01,-1.045047370387178487e-01,-4.824039125179966359e-01,1.966142950198644934e-01,1.785661441848489517e-01,-1.291406096678605064e-01,-2.750530825708040195e-01,1.017177189960765810e-01,7.704488257053024314e-02,-4.530932215811150909e-01,1.536277103666380817e-01,-3.212614221570770923e-01,-3.212734262696105847e-01,-5.742041327019182795e-01,-3.046242568178771926e-01,-6.387347828826734908e-01,2.993165982827166727e-01
3.652740986800452339e-01,2.848069076346554374e-01,4.547783841494392743e-01,1.949098595725395622e-01,0.000000000000000000e+00,7.834816777733623061e-01,2.557774150507818867e-01,-5.141206523198456335e-02,6.600241201942312896e-01,2.849756380285630164e-01,3.142646379887092389e-01,4.032976793095664481e-01,2.768067572017374744e-01,1.635563324468514157e-01,2.714860283053837087e-01,-3.932151772380344627e-03,2.437302835103866416e-01,1.735309008689922827e-01,3.215474380188710901e-01,2.555724259120520925e-01,-3.813257830030376133e-02,-1.534444459865190735e-01,5.089553403271905863e-01,4.919812306627500686e-01,6.422317976650947502e-01,6.987683408782359162e-01,6.975792107919494001e-01,8.155262355339613078e-01,3.179468735547757441e-01,1.737112792948999618e-01,5.396698292980439682e-01,6.037975507084331062e-01,3.638388926710166005e-01,3.036172319980598444e-01,1.121558519763189293e-01,9.092878532206230546e-02,-5.733438072880218256e-02,-9.457220048048618766e-02,-2.039103342657128948e-01,-2.953028474193577502e-01,-1.373588918917848234e-01,-2.297439184617099672e-01,5.159169637983520434e-02,-8.156833173878230703e-02,2.342346596420032956e-01,1.298329760888971250e-02,-1.396777115146029258e-01,-2.865139685879647402e-01,-2.998766206165508486e-01,-3.967132321995616162e-01,-8.533439331395907546e-03,-2.860934355187991773e-01,-4.524861285011083090e-01,6.587835655445403726e-02,-2.991288978808639976e-01,-3.641897282781657585e-01,3.801478650248044655e-01,3.188307794171537646e-01,6.233728884835589359e-03,-1.106844461060740442e-01,2.504422938231138374e-01,4.158388192128369826e-02,3.187381815025450704e-01,1.976542842741909056e-01,3.875180282940809406e-01,6.308989888360534704e-02,1.995758793283685106e-01,-2.719764739719831084e-02,1.940469013398838372e-01,1.157997152517693668e-01,3.118330309363429587e-01,3.080476968536128846e-01,5.080690505196135964e-01,2.349884678941916438e-01,-6.156693618306865318e-02,-1.043553618225733642e-01,-3.526400379565212684e-01,-3.417804111751500118e-01,2.960608551581156989e-01,2.228461848181510496e-01,2.435743748495269589e-01,3.822513196130385982e-01,-8.372615322118649728e-02,-8.027878581092215415e-02,2.516068265365781209e-01,2.939815939203753170e-01,-1.229874946640517608e-01,-1.745410106424687968e-01,-4.788076294412103584e-01,-2.908221633871890255e-01,-5.595522084230590831e-01,-3.905875108015943731e-01,-2.444563023706453342e-01,-1.814047925858770227e-01,-1.031251125792201351e-01,-8.798566340603394820e-02,-2.369188319584639157e-01,-6.169211323609673225e-02,-4.003062130672014884e-01,-4.615088910660080646e-01,-3.873728093582153864e-01,-1.996342657626945516e-01,-3.022290309369511374e-01,-1.700126865993538405e-01,-5.597048029165851979e-01,-4.503458475290038066e-01,-2.012157865645059496e-01,-3.236061352880260644e-01,-1.173905562359453675e-01,-4.224361448926577944e-02,-1.205375662272237421e-02,-2.161579373883355804e-01,-1.155703450120459073e-02,-4.936235846488027934e-01,-4.925185366853068181e-01,3.495046097651151318e-02
4.134239918342956788e-01,3.853227485060535806e-01,4.191911515636281282e-01,2.115414632688548124e-01,7.834816777733623061e-01,0.000000000000000000e+00,1.795240735778922958e-01,-5.361652043773735415e-02,6.740506960012354609e-01,2.747292282011886133e-01,2.953962505632442559e-01,3.489796067782549027e-01,3.269886620381933229e-01,2.306173964651371810e-01,9.060161382830807242e-02,-3.963677974724751779e-02,9.534429838985657157e-02,4.142436313881547177e-02,3.320720619134815421e-01,2.840617749351173060e-01,-1.449508812611942088e-01,-2.236098289658391414e-01,4.188399878655479913e-01,4.169999258360800320e-01,2.801461082236120781e-01,4.454303599170587602e-01,4.099854482591930860e-01,7.859370045355668077e-01,1.776830878937139258e-01,1.960655951120543819e-02,4.208839816456376726e-01,4.619109761363037747e-01,3.036102536168491794e-01,2.338524703444722908e-01,2.283702063219521794e-01,2.127810949961974618e-01,-1.764222553751679246e-01,-2.247283392900495669e-01,-2.892648434497528398e-01,-2.816550265784386053e-01,-1.189607135482459305e-01,-2.219197815549379393e-01,-3.918185537945757801e-02,-1.893751498510309050e-01,1.626791008526146665e-01,-4.644933422637145121e-02,-2.350505605815700061e-01,-3.006235808545004717e-01,-1.972369902104437744e-01,-1.463735280070473654e-01,2.652062354419743584e-01,-3.858998135897813170e-03,-1.147198208505359196e-01,2.276502526698099271e-01,-1.126704963151075045e-01,-2.012559122301433023e-01,4.410794354502036163e-01,3.940433426329748579e-01,2.182813355190252880e-01,-3.521571093092951826e-02,4.008761026850275466e-01,2.678892890700064755e-01,2.931870969200228161e-01,2.659101674130402992e-01,4.999402390200237134e-01,1.604797047269113652e-01,2.262815489231017607e-01,-2.639635396891785307e-02,2.533100749192120360e-01,1.933254938360430553e-01,3.087429594317122050e-01,3.306919584642517007e-01,3.804649706107148255e-01,2.873973596982652978e-01,4.459126382360868723e-02,-1.477629123682135670e-01,-3.490378975066661393e-01,-3.086488320069069036e-01,8.579886420037387273e-02,7.486475978027720690e-02,5.587390381716005050e-02,2.100532987936140350e-01,-2.175681702006489193e-01,-1.979852869477916055e-01,1.458663401924898684e-01,1.981640562522557769e-01,-2.035871124062015036e-01,-2.350042566416142287e-01,-3.594595416188792747e-01,-1.232939968579343654e-01,-4.932531534025385578e-01,-1.995864889116464314e-01,-1.739854709281945799e-01,3.274376575287849672e-02,-2.431853901569236420e-01,-1.893488185364651522e-01,-7.255660276299318034e-02,-8.665316111406355659e-02,-3.182242756383075744e-01,-3.394041631933838454e-01,-2.354396242550374496e-01,8.142363352348555572e-02,-2.771325917639988479e-01,-1.621638378633332433e-01,-5.120494339526944216e-01,-3.631027119637890710e-01,-1.541463604927537923e-01,-2.425637263169202196e-01,-1.322641437242538520e-01,5.711670534474719979e-02,6.774228362584143459e-02,-9.044267301151506441e-03,-7.194899287702755108e-02,-2.903557277665596570e-01,-3.798165241929117864e-01,2.945511979009553943e-02
5.901785990653428682e-01,4.128262926594563620e-01,7.895849736285404097e-01,8.067527333105239951e-01,2.557774150507818867e-01,1.795240735778922958e-01,0.000000000000000000e+00,7.841920492796289333e-01,5.426786020866953830e-01,6.988894245556652729e-01,4.231984940694110686e-01,5.392157144032099225e-01,5.994924879353790148e-01,4.499621371415720716e-01,1.915500058617987944e-01,2.181292638061802514e-01,-1.974937356529237187e-01,-2.140224290473327629e-01,4.786780100704363106e-01,5.297549134466483789e-01,-1.394428292002079448e-02,6.979839316407775163e-02,5.114439765124508819e-01,7.958210107396296307e-01,-3.436744962626867017e-02,1.529551007550096764e-01,-7.158287985586216096e-02,1.278620525540296871e-01,-1.849945167783261790e-01,-2.267736619192902148e-01,1.160966637206200108e-01,4.043988733848841166e-01,2.797051637485072351e-01,3.373554914470343613e-01,2.961685981630326481e-01,4.240738773820598717e-01,-4.449656162304848617e-01,-4.880640956940388575e-01,-3.050807207103667928e-01,-1.695411670366801238e-01,-1.915912084208998278e-01,-1.158818126140467308e-01,-5.640113569283492501e-01,-4.031108902490738721e-01,1.491802007341004876e-01,2.667888850587313981e-02,-6.100595746572784472e-01,-4.496609057524836861e-01,-2.295788034124456867e-01,1.486814984445879451e-01,-1.637043107561431954e-01,-6.185618545256105216e-02,-3.332941403750326881e-01,9.174075047658648840e-02,-2.478634258899614640e-01,-2.902948107767835961e-01,5.929773816714931783e-02,1.876549868867506687e-01,2.254021983249395178e-01,6.532222737069728336e-01,2.373632840327116467e-01,1.965795946376117931e-01,1.012795186816327353e-02,3.431998559141738459e-02,3.053837166829485028e-01,5.163043764975326910e-01,3.099271012045088924e-01,4.611206234236699397e-01,2.532809872285438080e-01,2.581753809847219805e-01,6.566418644146959638e-02,2.212370562409740060e-01,-1.481912050056287400e-01,6.391356162806807739e-02,1.576236716965277451e-01,3.299971591208903932e-01,-1.567457491668450276e-01,-3.526321244605471472e-01,-2.581548161358978577e-01,-2.854458194627941814e-01,-3.443426302095448088e-01,-5.364110468672275700e-02,-2.089576653120345240e-01,-4.076140473190197344e-01,-2.253557901912431605e-01,-1.526567138536749635e-01,5.375419100148174367e-01,3.521169229617492347e-01,-1.962314281046675379e-01,1.713363848716489279e-01,-3.524160105316773151e-01,-4.030040013359960649e-01,-6.427989232678517073e-01,-6.591057313858336153e-01,-5.564865644639046538e-01,-6.661576395190409450e-01,-5.161371477742633385e-01,-5.038006006243609392e-01,-1.423675722356426421e-01,-2.923022157463704973e-01,-8.657014563359118065e-02,-6.369408050137993493e-01,2.391625801981270283e-01,2.919059506819117189e-01,-2.061012602236191316e-01,-3.328297689855999053e-01,2.260901798428424647e-01,1.641267541637223548e-01,-4.434955221162635297e-01,-2.415344651170395207e-02,-3.922688546744205751e-01,-5.079063738466349509e-01,-4.792773612466719180e-01,-4.292064004803120558e-01,-7.889284848968434183e-01,2.413991378655568343e-01
4.851979774373342824e-01,4.291964450153247235e-01,6.053792603804751815e-01,8.616770647150312490e-01,-5.141206523198456335e-02,-5.361652043773735415e-02,7.841920492796289333e-01,0.000000000000000000e+00,1.841862410914537340e-01,6.285713345606862568e-01,4.744785028586485237e-02,4.531587013792041096e-01,2.090972331307688059e-01,4.018236041924264090e-01,-1.611307393522672937e-01,6.725428759970530912e-02,-4.099456366070906577e-01,-4.221834584757747644e-01,4.695495999511062890e-01,5.913451409379925083e-01,-1.525696871206844163e-01,-3.894664092584048873e-03,3.630315944576413267e-01,6.163217770787366989e-01,-3.041707088438121986e-01,-1.581810440447616595e-01,-2.311596325947826158e-01,-1.309470864016474556e-01,-4.191150149045810291e-01,-4.246287564279272453e-01,-2.198171791696125754e-01,1.528116968141575993e-01,2.497572165631408991e-01,4.006936378838202306e-01,3.498577157068415988e-01,4.954325421580871303e-01,-5.453245299903424215e-01,-5.833031928640871611e-01,-3.304008836102301228e-01,-2.327831659182606761e-01,-2.917990626155709810e-01,-2.090133739351310305e-01,-4.518665029257877275e-01,-2.293215182057264934e-01,2.481282392262745828e-01,1.685803946519194019e-01,-4.606796498427712105e-01,-3.325466404644731866e-01,4.026081183437941850e-03,2.901947154752940738e-01,-6.343718362968149560e-02,-3.728108050821282715e-02,-1.574822209239301052e-01,-5.446842330209218652e-02,-8.380931295386678803e-02,-3.074709389339005394e-01,2.618703452532749817e-02,1.705170874579418905e-01,3.785705197442787995e-01,7.456560181724235514e-01,2.530639600155207836e-01,3.342134185698888427e-01,-1.138200643380111038e-01,-1.046888341457461076e-02,1.464437181479955330e-01,6.332529678164318110e-01,4.655852568681199677e-01,7.026163686483364312e-01,3.784142622936739753e-01,4.168497954450229304e-01,1.160587358795540647e-01,1.389700171573841350e-04,-2.323356013549279786e-01,1.126897536192146831e-01,3.235441821758197056e-01,2.098544688019678417e-01,1.357769798551216808e-02,-1.826656958626783622e-01,-4.356502552375130510e-01,-4.961434839768512073e-01,-5.229998163029924152e-01,-3.307294428995947722e-01,-3.310153130317208814e-01,-5.152178928664410407e-01,-3.953192620319485595e-01,-3.002467525474235011e-01,4.110231634098012177e-01,1.862155746615641871e-01,-7.184220582635601760e-02,1.062639295042661219e-01,-9.607914707878138783e-02,-3.642478603733211862e-01,-3.962129848650905450e-01,-5.839433148017355579e-01,-5.250922960444639465e-01,-5.886757050540286640e-01,-2.601930464779939056e-01,-4.519432369198923549e-01,5.330400531017646937e-02,-2.092270753076832523e-01,3.925693217339349533e-02,-5.836103638065908150e-01,3.297381659772632978e-01,2.232570759804333171e-01,3.883918293458921839e-02,-2.145413470808469614e-01,1.994638990069297901e-01,1.454371859210956408e-01,-4.909020531191654046e-01,1.193868881444949126e-01,-2.313606200815110925e-01,-3.092810741758705850e-01,-3.873720389931189501e-01,-1.809601807071860025e-01,-5.469267830787373219e-01,3.511512282341002211e-01
2.199752115548805065e-01,8.138280936995949399e-02,4.749214717684919762e-01,3.415452743279658310e-01,6.600241201942312896e-01,6.740506960012354609e-01,5.426786020866953830e-01,1.841862410914537340e-01,0.000000000000000000e+00,6.570297225516145145e-01,4.244572583083527917e-01,2.907568921299192866e-01,5.861367598573095083e-01,3.051247652495951423e-01,4.196918228741938206e-01,3.671687304701122812e-01,1.241897869028254497e-01,8.675873050521688834e-02,9.319703409233134894e-02,8.081670338522604913e-02,2.650026430594080717e-01,2.365032195280421801e-01,2.719542452539207567e-01,5.034023958709270552e-01,2.896750548368389744e-01,4.664122380314740801e-01,2.094599962535480808e-01,5.562287965197751927e-01,2.632311019923708195e-01,2.097133161260288647e-01,4.341152369198536531e-01,3.734681970505028259e-01,7.598467770781318353e-02,2.942660154267923850e-02,-9.832764923227797771e-02,-1.978732038020091996e-02,-4.021848137456301292e-02,-1.170296842701074730e-01,-3.877237695099096382e-02,3.061197604268400818e-02,6.376441542626951064e-02,-2.004731609652964097e-02,-2.367152660931221009e-01,-2.437425425622421482e-01,-7.609786640009817173e-03,-1.219846325394329939e-01,-2.226504205027345640e-01,-2.808210662681177583e-01,-3.811963652777111689e-01,-2.325402126854014540e-01,-1.027023161011646202e-01,-9.870923502771017377e-02,-2.939868418921849358e-01,-4.353315528498655218e-02,-7.300295426489908368e-02,-9.588165192382729074e-02,-4.947084981678478988e-03,-1.221313422418048369e-02,-8.847493079030807617e-02,1.214476865595804367e-01,1.415440398380972131e-01,5.039958689468394815e-02,1.537811112037411054e-01,1.987857356812432544e-02,2.786062358867347766e-01,2.062007569055065437e-01,-1.713317991354917913e-02,-1.189155874345159195e-02,-1.275426386455098121e-02,-8.225360173867878044e-02,2.814646730881073533e-01,5.373927002831366817e-01,1.880898367838394758e-01,1.194142265774043726e-01,-9.346704835743591122e-02,6.341669405867234044e-02,-3.033474273171220537e-01,-3.478588369859811902e-01,1.467375444522561190e-01,1.134544141252097071e-01,1.031399377684597551e-01,1.824472634232956747e-01,-4.436653423284641316e-03,-9.447491665361589311e-03,1.847827234408367519e-02,8.746170662617852240e-03,1.702444307239313892e-01,1.534936582574865094e-01,-1.404856979509588044e-01,3.079889486212308153e-02,-2.851340911894912900e-01,-2.349876564265780676e-01,-4.593977848121298391e-01,-3.457139252804965479e-01,-1.633813552280440340e-01,-2.092822572661998670e-01,-2.388714815261690216e-01,-7.555925743346782186e-02,-1.317483821541025057e-01,-2.088241067028740738e-01,2.833567082708022752e-02,-2.728140104907854635e-01,1.169013992253920275e-01,2.520286360190800989e-01,-2.942127238533686628e-01,-2.298738714342646039e-01,2.477098139138018684e-01,1.535412132327072243e-01,-1.647533735156148649e-01,-2.215923646313890938e-01,-2.182661786609128851e-01,-2.877216738006300734e-01,-2.032479767882380828e-01,-2.890974957250588839e-01,-5.704373197294584363e-01,6.327359517702510917e-04
2.116697319471690375e-01,1.666835828176588818e-01,4.936471198111009318e-01,6.058398053501584668e-01,2.849756380285630164e-01,2.747292282011886133e-01,6.988894245556652729e-01,6.285713345606862568e-01,6.570297225516145145e-01,0.000000000000000000e+00,2.116092946371735950e-01,3.910286880365255180e-01,3.667620592395862134e-01,3.645900126782412598e-01,2.358296686802934805e-01,4.586424039689911414e-01,-1.749845916771047005e-01,-1.661119725201494757e-01,1.398511979205702693e-01,2.587797374429958719e-01,1.929505610129738091e-01,3.209529506665588783e-01,1.723910506791445640e-01,5.676905577974619144e-01,-6.164480585584249106e-02,1.265984580213654898e-01,-3.232073463795116786e-02,2.757080755494856206e-01,-1.354797754285803346e-01,-9.665953211364332331e-02,5.798492482196201253e-02,1.718040425544751226e-01,5.813624414807342516e-02,1.156819698876362795e-01,-2.379474212373796499e-02,1.925692515915203296e-01,-2.454491342540711940e-01,-3.378564321988890562e-01,-1.035421445936371143e-01,-2.567658984155499202e-02,-4.070319939982397495e-02,-1.251792990578247389e-01,-3.996219274879082017e-01,-1.201185139000615215e-01,7.644319589399387049e-02,4.864195833839429078e-02,-3.537973120499358082e-01,-2.004775472129168568e-01,-2.841440427052860374e-01,2.385060568234538200e-02,-2.774785068799995869e-01,-1.852519861288896841e-01,-2.823914306110174022e-01,-1.618231587979577224e-01,-7.911016962668526720e-02,-1.765200623539402991e-01,-2.107937647479133370e-01,-1.292073380475605715e-01,-1.424713160863346709e-03,5.793179643840609128e-01,-3.095393314155405612e-02,8.452408124733866435e-02,-1.061385810001426871e-01,-1.740250734737799898e-01,3.413764224847452844e-02,4.163137972825656785e-01,1.834292845954266504e-01,3.990312863327519777e-01,1.928787543035743735e-01,2.024804368951488853e-01,3.024450255832963896e-01,4.353297647526719882e-01,-1.981802745490748030e-01,-4.776011734316921997e-02,1.446811900490788394e-01,1.402588171011815710e-01,-1.817346024111212432e-01,-1.953849761967535459e-01,-1.770561654882395475e-01,-1.779568467248484331e-01,-2.410271806588008547e-01,-1.330148100968457370e-01,-1.687985109464331113e-01,-2.303019338210214872e-01,-2.780830237953529904e-01,-3.110087799324017244e-01,4.558618916722698144e-01,2.863637150355916594e-01,2.660659989428752412e-02,2.047770055774620901e-01,-5.787755633680111839e-02,-2.930552176557693622e-01,-6.077671396292048112e-01,-7.068600831350265734e-01,-2.326484085448810857e-01,-3.414041127165651224e-01,-2.449221808739407424e-01,-1.958987994653113573e-01,7.066401105222204493e-02,-1.841722976758614350e-01,3.007865095833267000e-01,-6.174236971179352107e-01,5.268414587827153772e-01,5.143943080589791217e-01,1.107485937992988695e-01,-4.896396678309792444e-02,4.980531426274883988e-01,4.212596178536049396e-01,-3.856902561503915416e-01,-8.390953271043942452e-02,-2.086540449564291688e-01,-3.316526403564974412e-01,-3.208129797739504574e-01,-1.948593203368667037e-01,-6.647462879864877161e-01,2.664617158698213140e-01
3.868358184011758683e-01,1.414587614390653003e-01,3.188358559358719924e-01,4.687318881906946816e-02,3.142646379887092389e-01,2.953962505632442559e-01,4.231984940694110686e-01,4.744785028586485237e-02,4.244572583083527917e-01,2.116092946371735950e-01,0.000000000000000000e+00,6.411658410849538914e-01,8.745647252260152493e-01,6.178616193707824333e-01,5.153590574338479113e-01,2.596014960208736233e-01,5.202141353182081485e-01,5.068189091570028948e-01,1.708068905437856999e-01,5.696198320176666663e-02,-1.339473835243452093e-01,-1.777659943394664932e-01,4.260850402094402689e-01,3.976055829263011598e-01,3.299905293934695116e-01,4.657717817372081237e-01,1.723755168756012368e-01,3.052772764015655449e-01,3.929854541718340588e-01,3.658489440460833131e-01,6.447235477062190911e-01,6.453655025888539454e-01,3.240430987433819965e-01,2.665101109294285564e-01,3.981948548370310703e-02,1.090057214205052832e-01,-1.101303181475501297e-01,-8.679887124580908109e-02,-2.860804520657729833e-01,-2.360135398436773446e-01,-2.666373436624923030e-02,2.843323246814091765e-02,-2.877169772649337265e-01,-4.215636585447939400e-01,-7.930496374809817284e-03,-3.114443102998535329e-01,-4.351094353185208097e-01,-4.344871935531607887e-01,-6.436027982075476217e-02,-9.081417700138609550e-02,4.915405730239079396e-02,1.327429380378961632e-01,-2.919585481392010795e-01,3.089350543129442683e-01,-3.454069649521577245e-01,-3.200418096079246655e-01,1.381578234407272177e-01,7.603508031472200335e-02,-1.097161470271672823e-01,-5.916145013373404205e-03,2.191112515469171573e-01,2.290382189533361201e-01,6.120216162553596684e-01,5.008372034180683663e-01,5.414611178326119711e-01,2.394700707980539911e-01,-1.760186728329699579e-01,-2.863652620311445962e-01,-2.695427714307537248e-01,-2.775028160062675275e-01,3.133991462541114385e-03,4.434090439183488996e-01,4.212948913849913768e-01,2.406544684341923035e-01,-1.342228735562405184e-01,4.207643094961697749e-01,-2.418217642424611291e-01,-2.408318222415551657e-01,4.053298578346031800e-01,4.393475304768331147e-01,3.199428663334538125e-01,5.685777777546334733e-01,-6.666779397746962210e-02,-1.033161328491085523e-01,4.511985392888407387e-01,4.618010212788370983e-01,1.405600001092239260e-01,1.336965482307468644e-01,-3.115806626599177953e-01,1.919509107081995847e-02,-4.445674245412366554e-01,-3.334250984907489723e-01,-3.438236885234284834e-01,-2.802501440751311579e-01,-2.026734541067833628e-01,-3.482888364093419953e-01,-6.128179396896508146e-01,-4.016807894023599612e-01,-3.547700868807326935e-01,-3.549870087880611091e-01,-3.372489492754748852e-01,-2.589507716017967476e-01,-2.605172277328163810e-01,-7.021526741143455097e-02,-5.810548700311484183e-01,-5.241081023475085976e-01,-4.775284369282502273e-02,-1.650492582747573322e-01,-1.346756901873449597e-01,-1.771041847832160454e-01,-1.646981234867958832e-01,-4.865948564327269299e-01,4.369218207132883475e-02,-6.557331809248608812e-01,-5.546628820454347908e-01,2.963101902010642150e-02
6.186959014638571119e-01,5.109427090905781510e-01,5.691516228857546045e-01,4.477514424126462500e-01,4.032976793095664481e-01,3.489796067782549027e-01,5.392157144032099225e-01,4.531587013792041096e-01,2.907568921299192866e-01,3.910286880365255180e-01,6.411658410849538914e-01,0.000000000000000000e+00,5.802597808542204749e-01,7.844360060210168184e-01,1.955042612865634799e-01,1.358585263335735926e-01,2.029312798583229605e-01,1.721631398925089207e-01,5.509521731557772695e-01,5.056793540335893233e-01,-3.450699524857953615e-01,-3.213476642405404538e-01,6.727280620398594646e-01,6.608691542758804438e-01,2.636500100523518353e-01,4.146696767882833701e-01,3.792526842233251427e-01,4.390613352015345638e-01,1.625198325147890130e-02,1.745685252792500419e-02,3.877937927850663713e-01,6.628513780088605145e-01,5.825738206095543159e-01,5.901190594362817343e-01,3.849789068403384751e-01,4.742043542720068561e-01,-3.911006663807300998e-01,-3.751303723906831977e-01,-5.194378117612711288e-01,-5.043025922394146487e-01,-1.965472546361723416e-01,-1.404298356734546283e-01,-3.182220907390335141e-01,-3.600986855291967159e-01,2.799743521970107785e-01,-1.036780705281573900e-01,-5.818017934652875978e-01,-5.100968244247900962e-01,5.813800986612373961e-02,1.095229188585405272e-01,2.362238030886866513e-01,1.677754868854543779e-01,-3.371385154764462433e-01,3.785334786483594560e-01,-2.693220949553763455e-01,-4.559188839402690263e-01,3.055743573273914659e-01,2.897445946750984436e-01,2.032527859687973393e-01,3.763077208479689850e-01,3.993175324053168107e-01,4.949824510953285683e-01,4.859309852436524690e-01,4.387528245195879695e-01,6.258924926159746827e-01,6.577086877303184309e-01,3.205224544162094125e-01,2.098770471269075788e-01,1.614786571459333464e-01,1.588517072392670870e-01,-1.271419319051697583e-02,9.303582459561499096e-02,3.148319690467219489e-01,2.836519108985662840e-01,2.075392037544012414e-01,3.700958195939351714e-01,-2.296486641907187765e-01,-2.841496041906879100e-01,1.323917134728469225e-01,1.196133654480391051e-01,1.593515884376642960e-02,3.978124359353708006e-01,-3.371833621466918118e-01,-4.412622252964304437e-01,3.506574721130203409e-01,4.728211995992789851e-01,2.086188060249550835e-01,7.277572550324956646e-02,-3.986614955808734373e-01,5.594932204607942078e-02,-5.143056373444433449e-01,-5.674443555872392686e-01,-4.179022793384055134e-01,-5.393796072114023232e-01,-3.915802699705830392e-01,-5.129096662136173324e-01,-5.993613284533775287e-01,-5.124303580519573575e-01,-2.737022779025999331e-01,-4.898883046630631566e-01,-4.957534985008956174e-01,-5.875878392285343033e-01,-2.636259918604285657e-01,-1.959930984845127122e-01,-6.050484030407843328e-01,-7.666950371660320451e-01,-1.003556664934067283e-01,-3.045896723376728676e-01,-4.423517367899416075e-01,7.483205183466561106e-02,-8.441011167545713068e-02,-3.919852659644806891e-01,2.342642425140232382e-02,-7.922616402771212041e-01,-7.313559775541014218e-01,3.858302795720403022e-01
3.848103995664990951e-01,1.732735866589337759e-01,4.291278830622474727e-01,2.358766354095402085e-01,2.768067572017374744e-01,3.269886620381933229e-01,5.994924879353790148e-01,2.090972331307688059e-01,5.861367598573095083e-01,3.667620592395862134e-01,8.745647252260152493e-01,5.802597808542204749e-01,0.000000000000000000e+00,6.294815033242341373e-01,4.369042102132278949e-01,3.088777355357666399e-01,2.925519250185153464e-01,2.882144231868916662e-01,1.570834581761733628e-01,8.758248911399861558e-02,-2.234634692959558411e-02,-2.817745151627217351e-02,3.685397853847224292e-01,4.701278883713495005e-01,1.488234069046031338e-01,3.383226412309581765e-01,1.535724536112987974e-02,2.463181138593189268e-01,2.656801618531079989e-01,2.476330912279045837e-01,4.935492310495223078e-01,5.345111381665287320e-01,2.425931331667632307e-01,1.916220121096881557e-01,3.990139544131708627e-02,1.386228900005041509e-01,-1.769177993511559799e-01,-1.693179310239796564e-01,-2.453498694111864997e-01,-1.216880494485029773e-01,4.437167764533907210e-02,5.988170427112569916e-02,-4.552489905440720297e-01,-5.614424727512093982e-01,-8.215878197299696095e-02,-3.564367646174165793e-01,-5.330814477953802477e-01,-5.009299214084996787e-01,-1.819615794703102751e-01,-2.302608264650040162e-02,7.203984502444087112e-02,2.449850172350233057e-01,-2.583789659300684827e-01,2.877135039212548873e-01,-1.926267115566646926e-01,-1.756208426199942774e-01,3.104135217615760015e-02,6.062315476422334287e-02,-2.271696384531396440e-02,1.983682934796350827e-01,2.925290631355015325e-01,2.588204653224343565e-01,4.202367294932793373e-01,3.649886513572385693e-01,4.361591938786117395e-01,3.116371625455489069e-01,-1.334693399432836103e-01,-1.709285438834654558e-01,-2.287302214291223046e-01,-2.349880096753511338e-01,-4.294332614731671133e-02,4.462893017349779945e-01,2.402346458621388570e-01,1.857784518633923132e-01,-9.880128124172585236e-02,4.190689259819259660e-01,-1.969317603303561426e-01,-2.679930181715553528e-01,2.102033676156823128e-01,2.356368741336052341e-01,9.722767764102709098e-02,3.824206406607859599e-01,-1.104737568293657768e-01,-1.501780955279962138e-01,1.893098063460446900e-01,2.842088841328160309e-01,2.485189076777186146e-01,2.455395112993896678e-01,-2.005558978482188393e-01,2.014554575152292804e-01,-3.155080138157123626e-01,-1.921452333462250750e-01,-3.810336209047621159e-01,-3.072572284211300131e-01,-2.717937331403829648e-01,-4.216674829178675421e-01,-5.266864329906525422e-01,-3.902924575276983665e-01,-1.618993802304735941e-01,-2.095949222960107883e-01,-1.801399460808165709e-01,-2.727510560343439083e-01,-1.000460205966585692e-01,7.961780590296134441e-02,-4.549809642515351693e-01,-4.159451828909263571e-01,1.304690851209093228e-01,3.768798928654511216e-03,-1.261993428875034240e-01,-1.556074250553397542e-01,-2.556215882900806369e-01,-4.066732238429010549e-01,-3.827753384281361651e-03,-4.954107503487357178e-01,-5.736633693911394882e-01,9.554044791659334346e-02
