0.000000000000000000e+00,4.980770177119484554e-01,-2.081846859600806898e-01,7.529082041734644695e-03,1.062195490878119902e-01,1.259545145491221541e-01,-1.409699244147722685e-01,-1.046863181628822081e-01,2.257541242922039004e-01,2.564815699398534377e-01,6.483360718266284461e-01,3.349821520618714854e-01,3.588261322778786844e-01,2.876733646568889191e-01,1.100543348017915535e-01,1.591897887764595343e-01,2.091368117494961931e-01,1.535734834184248609e-01,3.670632046912147284e-01,2.689012726950009147e-01,-9.371206426117900667e-02,3.152310966364380018e-02,-3.011317569210643086e-01,-1.448558958025877863e-01,4.717882348395743830e-02,1.289602796226769783e-03,-1.102283658475821000e-02,-7.587566936242295945e-02,-4.772254619034858869e-02,-2.656029269293658929e-02,-2.591148353727592557e-01,-1.633662545808524102e-01,-9.370773591341022279e-02,5.842038824016792392e-02,-2.081556016833777667e-01,-2.975263860571091823e-01,-3.102751729127446456e-01,-1.726776627842599166e-01,-3.084329231487332734e-01,-6.909824773590958480e-02,2.961223974440713863e-02,-8.934630389992732902e-02,-1.101545864276219366e-01,-1.359801134548664359e-01,-2.527954408714075049e-02,6.116774029772031884e-02,-5.325754552960962340e-02,-2.021968632305923552e-01,-5.097682980111787471e-02,-3.878383243374199096e-02,-3.054912510262218842e-02,-1.208164679370536815e-01,-9.924148402466453911e-02,-3.307915771188402881e-03,-1.783845793274594638e-01,-4.722622877597437013e-02,4.633552666682868026e-01,4.970653924739135143e-01,2.294154626802985542e-01,2.755583337244964515e-01,3.719761099273704574e-01,-2.411844114922732929e-02,2.949760745539188878e-01,5.440590571904023454e-02,-3.430138636692456333e-01,-4.201170548912978031e-01,-3.620743330256028791e-01,-4.101159326837542363e-01,4.745149602352424778e-01,2.266353653799964285e-01,1.379916557505824273e-02,2.162127349308802515e-01,1.640304855227061320e-01,3.463299858311484625e-02,-3.070910595950081534e-01,-7.175070151714532662e-02,2.318559186225421787e-02,6.437930048642231950e-02,1.612407774629675272e-01,1.665444673420225508e-01,3.220966811712064337e-02,-4.931000425015458211e-02,-3.041835498670500751e-02,1.092071498856899900e-02,9.991426621098070671e-02,4.699607231977918215e-02,-4.620382167456144745e-02,1.625690099777821890e-02,-1.472803247348466460e-01,8.201307507085771331e-02,-2.250814750429512290e-01,-7.708588518261650334e-03,-6.855797488679896134e-02,-2.553434833985966917e-03,-1.351158245837141836e-01,-1.426966680333296433e-01,-1.375325454234787026e-01,1.414011304268124325e-02,1.729853154440983711e-04,9.071232656584166110e-02,1.637240194817597347e-02,1.385576197950998123e-01,-1.426999759808540158e-01,-9.378349268724278653e-02,-3.405658663027174016e-01,-2.688894398538017039e-01,-2.660463786742701675e-01,-5.567739690921733736e-02,-1.401956313608186330e-02,-1.257545276210968455e-01,1.235869235991962495e-01,-3.578749278396090583e-01,-2.501368866448832051e-01,-1.900721947439806825e-01,1.046682989023318446e-02,-5.450721295931226090e-02
4.980770177119484554e-01,0.000000000000000000e+00,-4.468010480889114677e-01,-5.766907215525080704e-02,-2.700157332682240341e-01,-2.176144451561507209e-01,-4.217515226071712475e-01,1.348825395705747221e-01,-2.467072128352938154e-01,-5.697086829008864844e-02,2.799722501771251260e-01,6.615827058135549388e-01,1.620171919322957177e-01,3.158876187606177721e-01,-2.115032166516586307e-02,2.493703156582835756e-01,6.498136939561441894e-01,5.661716648373014138e-01,5.563107550990948891e-01,6.165473005232612325e-01,2.151499380407870254e-01,6.587001511551014710e-02,-2.588047007532496280e-01,-3.910238028747022865e-01,-2.040323505238265389e-01,-1.910845494588620797e-01,-4.796805838520566689e-02,-2.440013832067003952e-01,4.159666966767575080e-01,3.742403622656283457e-01,2.425764509006668110e-02,-1.497550153578531273e-01,2.663771609500725224e-01,2.006033670613368292e-01,-3.341637004020072688e-01,-3.242927017455378147e-01,-5.298187089292250018e-02,-8.452460319130225552e-02,-2.844746659352999640e-01,-4.644635739616611442e-02,2.049690298087965545e-01,-1.375979458284996328e-02,-2.091466695469238746e-01,-2.060778203711360612e-01,-9.698405581729274694e-02,-1.149463375042932833e-01,-5.123010660119408505e-02,-1.924671974782899697e-01,-2.408942745056624202e-01,-7.544564076329522695e-02,-2.954451457160711114e-01,-1.967182775429633310e-02,-2.550431969218046602e-01,1.277471540147285534e-01,-1.945739301346624262e-01,-5.690018206073232943e-02,7.374990657777861225e-01,8.052840403318031193e-01,-3.020765272549394420e-01,2.048084852964650662e-02,-1.286994070412611491e-01,-3.639623012579899786e-02,6.427236494147909873e-01,5.391638413102848304e-01,-4.113353168850003017e-01,-5.610767999642674031e-01,-5.421757495815573424e-01,-4.846770266839151575e-01,6.689128916638562572e-01,3.436478517805282018e-01,-8.072003188361620563e-02,3.460019352487456734e-01,2.376246096827019649e-01,2.467763020623366388e-01,-4.587180701905412272e-01,9.478947818616738352e-02,-3.892834179586767557e-02,2.813762805341322726e-01,2.738133473935490669e-01,3.903006875727073055e-01,3.061287812274546272e-01,3.925036050426739531e-01,-7.177072328901802634e-02,3.711195134908824023e-01,-1.587150201215067891e-01,4.021266401434303583e-01,-2.749914432263377839e-01,-1.483191504604531863e-01,-5.798927597655554322e-01,1.710025410771454923e-01,-4.276227777956437826e-01,-2.274372129459961978e-01,-1.137842703502571634e-01,8.271580389890430263e-02,-2.602087449570829603e-01,-1.684007292644431331e-01,-3.114010467143525362e-01,-1.544301691473940093e-02,4.121543906811220986e-02,-1.919041468703184816e-01,-8.571884392070412695e-03,6.858904411378016763e-02,-1.558086363800627316e-01,1.485972318008905828e-02,-5.218456927160695091e-01,-1.630457793199766303e-01,-3.589447760818096356e-01,4.123570607761375267e-02,1.539251988473471500e-01,7.288059459581705535e-02,-1.045322647208510591e-01,-1.211612921506607932e-01,-3.865056328844493350e-01,-3.456284935406326838e-04,-8.271824215850372836e-03,-2.225486770279393456e-01
-2.081846859600806898e-01,-4.468010480889114677e-01,0.000000000000000000e+00,6.897379061880131168e-01,3.043609821366261570e-01,4.725510800258106436e-02,9.098527582226429988e-01,2.713886723825753577e-01,3.383597876581500574e-01,-5.231305617011945686e-02,-3.470432651814300135e-02,-5.937988629271804264e-01,-1.735138415994793293e-01,-5.911013742492449152e-01,-5.854741259308255535e-02,-4.839541840562437414e-01,-5.545044323873274950e-01,-5.402036671447452143e-01,-6.266604858689250879e-02,-1.707710204693041189e-01,-1.307869717639708607e-01,-2.663048089471112267e-01,7.952681816549257432e-01,6.704232550834858806e-01,4.029292948417238507e-01,4.247601963753311893e-01,-3.572280171340601329e-02,-7.130672478328244079e-02,-1.762529169302967103e-01,-3.534675271800456486e-01,5.240215100015993555e-01,6.124975446405300783e-01,1.423595221898645569e-01,1.337952925225110723e-01,6.492537231685863164e-01,3.456622739654877097e-01,2.751766373412156130e-01,1.117018787219470621e-01,2.966555854152143068e-01,1.680501719861058896e-01,-1.545636183925337970e-01,-1.153944049212934087e-01,2.036584328507907993e-01,2.739018792419445902e-01,-2.322024814418457705e-01,-2.959762440211828327e-01,-1.091280660630803978e-01,-6.882657525765906170e-02,-5.319230206226174124e-02,-1.692869677491765090e-01,9.046109113858864792e-02,-1.693773335204858121e-01,-1.382378064705907517e-01,-2.921621957113208490e-01,-1.049226542996961886e-01,-1.093774835095776832e-01,-4.675266497870855242e-01,-5.289714629226772713e-01,5.053580004540948745e-02,-4.522165766479319671e-01,8.876281510091625637e-02,-7.655980381512995925e-02,-7.431068898771441278e-01,-6.161164735838172701e-01,7.288978147122106011e-01,7.019016727504614472e-01,7.616786168778726385e-01,4.632719404629804250e-01,-3.930664854129531927e-01,-5.946469914913189714e-02,2.920116050331086899e-01,1.153229518549087063e-01,8.136302646577253661e-02,8.900700688899811086e-02,2.925730093979381774e-01,1.451033453872891954e-01,1.646592166333588347e-01,-4.946937313369563494e-02,-1.749456454841354369e-01,-4.680523211756521529e-01,-5.410832321639168496e-01,-4.104970661635576890e-01,-1.484057556921606624e-01,-5.870369574202498608e-01,-8.005003759781537109e-02,-5.863744435822887402e-01,5.715914285001415240e-02,2.651457813703975708e-01,1.674336037607161709e-01,-4.597446978149564156e-01,3.402437604190051198e-03,-1.440973088598496502e-02,-3.010347442628453357e-02,-1.225363423596721041e-01,9.155350574543094644e-02,2.395355743506880630e-01,1.069053316233353479e-01,-5.818696358128019885e-02,-3.398648388359108985e-01,-6.366354355502777673e-02,-1.203500871895000629e-01,-1.021383370441387023e-01,-5.243806100433599099e-02,-1.483769462779961912e-01,3.491058994030636908e-01,2.188784344104965085e-01,1.555837700042447258e-01,8.431597717481496834e-02,1.563228038374618323e-01,-2.572380549741833389e-01,-3.988931808115230709e-02,-9.307521913519109513e-02,8.965586503829182582e-03,-6.226011396913366108e-02,1.027351988790432685e-01,-9.573663413281614798e-02
7.529082041734644695e-03,-5.766907215525080704e-02,6.897379061880131168e-01,0.000000000000000000e+00,1.935026970384729761e-01,3.989064093312378462e-02,7.381938420902810494e-01,7.353863211416129531e-01,2.384179405515978456e-01,-7.030430738676422386e-04,1.124051890446581131e-01,-1.825918294348382320e-01,-3.839803418890995468e-02,-2.598708726572812600e-01,-2.408355005391391301e-01,-3.176123980707147298e-01,-2.195722291273660975e-01,-3.144060511008137659e-01,1.604679820614037522e-01,5.910573021865503374e-02,-1.397458536951510719e-02,-2.063426622045265724e-01,6.359313994621141886e-01,5.080448452601783460e-01,2.526064186006004575e-01,3.502251884042472674e-01,7.209630980509136589e-02,-1.115347757759550529e-01,9.834787041581243006e-03,-1.722835900299351242e-01,6.178954851541694770e-01,6.147993274019634136e-01,1.843949566624036307e-01,3.769241792048598771e-01,3.348137595204887518e-01,2.038348191137948351e-01,2.319433285476390771e-01,1.651092264840307022e-01,1.161951757521070688e-01,2.383411111264990279e-01,-9.126709872609323204e-02,-4.625493746542578416e-02,1.724186439232719414e-02,1.760782888514138556e-01,-3.784769049987739553e-01,-4.524830388246041668e-01,-3.191305797535731181e-01,-2.334769818243934425e-01,-3.408034365952000155e-01,-2.508128798579405405e-01,-1.232795707078060271e-01,-2.168899238314394295e-01,-3.798741915532239388e-01,-2.832920543464760299e-01,-2.480587666105927847e-01,-6.303964623798165301e-02,-5.555525930159564002e-02,-8.281158660288710782e-02,-1.463289533244742924e-01,-3.369119235956970493e-01,-1.322497241218141203e-02,1.701742567047946630e-01,-4.873700877087389638e-01,-3.202769867866420150e-01,3.284043960119480965e-01,4.807915485383730259e-01,4.306717578248481781e-01,3.711770704078130589e-01,-9.228330188685035518e-02,1.297004804690245761e-01,2.516079555673368384e-01,2.479450203818563681e-01,2.229643456657182665e-01,2.263753406790527944e-01,-1.035898597392510556e-01,1.640599089392773824e-01,2.310444388673588700e-01,1.465684548979536983e-01,-1.837047305531351593e-02,-2.022391152641367096e-01,-3.046725001293442703e-01,-7.750391713608757727e-02,-1.922092381420813234e-01,-4.428658224094127460e-01,-2.422155432174162570e-01,-3.259747583010839667e-01,-9.668233411964365087e-02,9.554884849689207482e-02,-2.845627837649035152e-01,-2.373990854356416436e-01,-1.921938567140242804e-01,-1.260581177037511658e-01,-2.809049980085462361e-02,-1.030521178488745249e-01,-2.672897392073579348e-01,1.922188900298184844e-01,-2.452881456659746773e-01,-6.508800920945125024e-02,-3.312748335641313990e-01,-1.073648831611286603e-01,-2.015691920170474827e-01,1.675068354589559147e-02,-1.056511316186722338e-01,-8.118805901991185681e-02,1.918081329656583234e-01,2.170013969282147404e-01,-6.850913299030718384e-02,1.547091920530905629e-03,9.666497540718659021e-02,-4.944503714002746464e-01,-1.332630478329912549e-01,-3.079707771866213029e-01,-2.429138931189703254e-01,-5.339465876374413500e-02,1.592618405777594948e-01,-2.466801566221383246e-01
1.062195490878119902e-01,-2.700157332682240341e-01,3.043609821366261570e-01,1.935026970384729761e-01,0.000000000000000000e+00,7.838900056076204548e-01,3.758696086753410270e-01,-1.301584009397940833e-01,8.277463083631648733e-01,7.470466413299644559e-01,1.693627134196363376e-02,-5.936650916400755262e-01,7.179430545657231044e-02,-3.577879323978876425e-01,4.858999063387129946e-01,-4.115097698577430130e-02,-5.679746579076023760e-01,-4.113980025094267079e-01,-2.761549236229203230e-01,-3.231332727604076527e-01,-5.802091263274927573e-03,1.615001010781297597e-01,2.494220199021097706e-01,5.229589572612167725e-01,8.140801499425148746e-01,7.032885948636505846e-01,3.212120153833043501e-01,5.024489109731347103e-01,-4.549173068307413859e-01,-5.756597061217821887e-01,-1.040136053905567071e-01,1.385020842369722727e-01,-3.168356801430820546e-01,-2.981810289462783481e-01,2.661653359077755798e-01,8.471665388438533173e-02,-8.616186451907664745e-02,-8.692991023389735894e-02,-1.214952657875753989e-01,-8.464094602392363553e-02,-1.486359307056286383e-01,-5.551921653980848581e-02,-3.637680771336248252e-03,-9.935246429481620067e-02,5.667319489595722820e-02,7.118825246104823479e-02,-1.979843657421447300e-01,-1.658294327220243003e-01,6.022146344387922789e-02,-1.470898706320978577e-01,4.605753237240930997e-02,-2.090865325396999430e-01,2.163584779433672112e-01,-2.085180125999815670e-01,-1.402793890626446993e-01,-1.068681266648985329e-01,-4.370987598106407801e-01,-3.193957121484320982e-01,2.586980131779362813e-01,1.753258881792788548e-01,1.943888859913174560e-01,2.417876998949934908e-01,-4.996847185228578958e-01,-3.994775996805350338e-01,3.152437002811802613e-01,2.932555982050056853e-01,1.827083657329087452e-01,1.509666582380829181e-01,-2.453944875427918337e-01,4.148401744734697000e-02,2.464788296481877083e-01,-8.642706883604878154e-02,-2.166229530112834256e-02,-2.269853255949277337e-01,2.050291468653624161e-01,-4.369159640018404622e-01,2.476852009964128354e-01,-9.474545957746001446e-02,-2.424477564954434228e-01,-2.834527798070373139e-01,-2.719061384438152262e-01,-4.253389233035288486e-01,2.224124098185034093e-01,-3.374842236237697302e-01,5.103256332587176036e-01,-2.355236232198481550e-01,4.091374918577505571e-01,2.388139925578563194e-01,4.216567842745881367e-01,-1.969892043226331158e-01,7.626280250499946345e-02,-1.293921343816772929e-01,3.165679706236028401e-02,-2.940257745977031822e-01,-1.502943280910794266e-02,8.801750164246099906e-02,-2.641110496188579446e-02,-2.105235744177644530e-01,-3.296443953902993829e-01,-6.764838881557605488e-02,2.305818702775116191e-01,-6.585434816196858443e-02,2.885845002982865767e-02,-2.063011287225025581e-01,1.578486738207366402e-01,-2.120068139767373461e-01,3.837273622536412077e-02,6.896480610927487043e-02,7.021243114108495498e-02,-1.506359647904566001e-01,-3.670896645321260199e-02,-8.501783157414269376e-02,1.517116629816902922e-02,-3.716219300107538315e-01,-2.521195705474912896e-02,2.277315760939859976e-02
1.259545145491221541e-01,-2.176144451561507209e-01,4.725510800258106436e-02,3.989064093312378462e-02,7.838900056076204548e-01,0.000000000000000000e+00,8.522658678177873204e-02,-1.432649855344826362e-01,6.397319662501088633e-01,6.914978869022873065e-01,8.272014738929334143e-02,-4.001739092853682234e-01,4.783937941018570617e-02,-1.512604549936810983e-01,4.634374223658220271e-01,1.375014823086164462e-01,-3.156867211802616979e-01,-1.399534596979101764e-01,-2.078670087077585937e-01,-2.404235742602858494e-01,5.058684193648307209e-02,1.564043392291318002e-01,4.959516560197945595e-02,4.128994508172227906e-01,6.277861607207485539e-01,5.762976407965515468e-01,1.343061077411311366e-01,5.408810982369763876e-01,-3.625233600545494372e-01,-3.199824854118870077e-01,-2.489130987596990530e-01,1.074943724282794756e-02,-3.691918910243540686e-01,-3.080382044239988182e-01,1.421503477681382299e-01,5.115425781231994901e-02,-2.142654140572097521e-01,-1.708128284684501397e-01,-2.111401519021115225e-01,-2.134710235066905326e-01,-1.770371222860100957e-01,-1.529331690522420795e-01,-1.933429897830133970e-01,-3.054177291828523710e-01,-5.286878321805657532e-02,1.121622617108835457e-02,-2.985302180421589013e-01,-2.762959774737813734e-01,-3.667610319740419178e-02,-2.587323422881987467e-01,-1.503351466481309684e-01,-4.237225260415938277e-01,1.367894800341153960e-01,-2.930891362329111627e-01,-2.612718252356197590e-01,-2.488980680658067490e-01,-2.930740313183691770e-01,-2.442317849221794512e-01,6.546997950157761037e-02,1.433960044708120773e-01,-4.799874456644747517e-02,2.382187238932833018e-01,-3.310019907669363159e-01,-2.415413401437907226e-01,6.611929862448259754e-02,1.448654360082885784e-01,-5.297609031328223694e-02,9.005357065156041618e-02,-1.336597970168628968e-01,8.795402529566363758e-02,1.737490588013468618e-01,-1.614628353639915581e-01,7.989875356653322602e-02,-9.092720107000080987e-02,1.861779196193634467e-01,-3.686375795492383145e-01,1.798225600207826735e-01,-1.695730217622207769e-01,-1.567053124012109944e-01,-8.676513450170796060e-02,1.869797949036126894e-02,-1.415508973975299067e-01,2.284556763914733224e-01,-9.433040405964535080e-02,5.959195603728655311e-01,-4.861941915915678897e-02,2.879616547000550808e-01,2.907409281858082117e-01,3.494274612656423917e-01,-1.452699720537667105e-01,1.788089157247175487e-01,-4.968515429710374659e-02,2.345285175389918153e-01,-1.442200382316416174e-01,6.676498419678746944e-03,5.339189981303273103e-02,-1.201509501537806205e-03,-9.773004670764584567e-02,-1.591303562365609658e-01,8.248803472633521594e-02,3.329285820983021726e-01,-9.769246928377638139e-02,1.250639355259677565e-01,-9.560826729624363751e-02,1.824673866508324249e-01,-2.178808832943776586e-01,9.574363833244753375e-02,1.148071301382124348e-01,5.157412835744959456e-02,-1.216159428880792676e-01,2.555893473665095394e-02,7.952753279066780701e-02,1.789852872944718010e-02,-3.617596869767271683e-01,-8.833952773955054683e-02,7.182450541747557871e-02
-1.409699244147722685e-01,-4.217515226071712475e-01,9.098527582226429988e-01,7.381938420902810494e-01,3.758696086753410270e-01,8.522658678177873204e-02,0.000000000000000000e+00,3.841553209092447019e-01,4.822049851332964598e-01,3.474711496679676326e-02,3.655576287504841426e-02,-5.549784059645820333e-01,-1.616951007810189453e-02,-5.175735110392919447e-01,-5.963293212901334822e-02,-4.867615548195564634e-01,-5.630968636867935695e-01,-5.569767811223429455e-01,-1.083430737321645354e-01,-2.693230010671532892e-01,-1.913560178649116317e-01,-2.655261378339963674e-01,6.875070987072173789e-01,6.107901688610870572e-01,4.358952552454631313e-01,3.964969869901020516e-01,1.154046494686774282e-01,-5.791409834311363192e-02,-1.654491885182441668e-01,-4.273539334564577241e-01,4.658377223907389508e-01,5.489646877861723562e-01,9.966508318646391529e-02,1.517490865015794499e-01,5.327868831277615680e-01,2.838913458474036089e-01,1.758831789606857543e-01,7.386544558247921943e-02,2.033169876198819559e-01,1.688957373137768003e-01,-1.673373498128550851e-01,-1.191678664812951122e-01,1.631937229275041701e-01,2.028174415945366016e-01,-2.741398001735716461e-01,-3.195948450088685888e-01,-2.235884251697311254e-01,-1.218726473295491247e-01,-1.240681438932338121e-01,-2.260850582586825253e-01,6.785464503108624978e-02,-2.128522409832021844e-01,-1.290095328637479166e-01,-2.224459100806011058e-01,-1.240698986061914144e-01,-7.842063311317157281e-02,-3.949558696235761501e-01,-4.443321407459558947e-01,1.377784406757826818e-01,-3.249586858255611999e-01,2.222617737507091296e-01,7.379315481396082899e-02,-7.086737015403801188e-01,-5.936884162044223645e-01,6.362971993068462506e-01,6.615332035762249152e-01,7.467634591220390083e-01,4.593044037144035086e-01,-3.541658370665251576e-01,-8.765671008178657631e-02,2.861560054945775922e-01,1.633388325159682297e-01,2.236131043488672268e-02,-1.746981762646065625e-02,2.037380919874686724e-01,7.641863160573522662e-02,9.693971063099589280e-02,-1.132682451285453445e-01,-3.282335033677080682e-02,-3.569879139255748846e-01,-4.677889573909830845e-01,-3.738623686007464531e-01,-1.754663948388383021e-01,-6.495021312780788758e-01,-1.426318433444273559e-01,-5.977997011466354982e-01,6.222816105592925834e-02,1.257436834846786811e-01,1.249309358417595439e-01,-3.464697541905052414e-01,-2.128493510829674792e-02,3.566195647777276045e-02,-4.603723419976569337e-02,-1.201357727777021128e-01,5.609230314601872103e-02,2.694082148843407465e-01,1.079989946680263990e-01,-6.730485018454283874e-02,-3.239531348616945250e-01,-7.908790486927190500e-02,-1.051155147005855134e-01,-3.418701914242858186e-02,-6.040830785456818147e-02,-9.017908574285313228e-02,3.419089468086106143e-01,2.223174408624645493e-01,1.145162504139589921e-01,8.743012803215753637e-02,9.576438459964971284e-02,-3.575591006942055450e-01,-4.359435572966390698e-02,-2.030489970500934938e-01,-1.830116159610173376e-02,-6.818807436772367225e-02,1.473958384236439267e-01,-1.472856165432134996e-02
-1.046863181628822081e-01,1.348825395705747221e-01,2.713886723825753577e-01,7.353863211416129531e-01,-1.301584009397940833e-01,-1.432649855344826362e-01,3.841553209092447019e-01,0.000000000000000000e+00,-8.353846518374064001e-02,-1.379359030369790295e-01,8.374980825202231471e-02,2.271679716406385940e-01,1.426676006075168826e-02,1.295480951426545568e-01,-3.092428476740814447e-01,-2.050216836499117387e-02,1.418302489115702558e-01,-4.178387218589404983e-02,1.489235298511263905e-01,3.896310355920734603e-02,8.791924322146796311e-02,-1.838629212298478477e-01,2.588881652436995084e-01,5.178240207240008414e-02,-1.876120332200621743e-01,-1.027066691501701823e-01,1.529400670073287512e-02,-2.744290525765424871e-01,2.783106950360559328e-01,1.251761899379924547e-01,4.466870477758332902e-01,3.023160207950721379e-01,2.296993067661775023e-01,3.720594544801879011e-01,-4.273216281373843489e-02,-7.042833716363122720e-02,1.341062172978454148e-01,9.692619872137368808e-02,8.578469122117261814e-02,1.755037775816446488e-01,-6.907165827746021558e-02,1.883601940980089706e-02,-2.474087124496558709e-01,-9.434909659408735605e-02,-4.815252371928368524e-01,-5.326840419297311779e-01,-4.633959417557523830e-01,-3.713552427772071618e-01,-4.941131506206234425e-01,-2.171164300244566303e-01,-2.695355923334633030e-01,-2.103598291435149203e-01,-4.825098822273304888e-01,-2.584320239679547271e-01,-2.976565077691155636e-01,-1.755626424786225770e-01,2.573955490098832066e-01,2.134051189893233502e-01,-4.224011557265205385e-01,-2.706036784322232713e-01,-7.274857495390686657e-02,4.109466752967056991e-01,-6.522659470155336980e-02,1.333515684772215715e-01,-2.883487720652161412e-02,2.056743882034475779e-01,1.312540208449394508e-01,1.254464647391797250e-01,-1.682147802818447987e-02,-4.145241828207983648e-02,1.754252728933488048e-01,3.121322268208657214e-01,2.007332202441885205e-01,3.564717414516165861e-01,-6.782888038959815347e-02,3.205202839696874029e-01,5.038543334335639223e-02,1.952836181004340699e-01,1.924642369643074225e-01,-1.493493406186061252e-02,5.889199621837907898e-03,1.409990878749092236e-01,-1.729214564745460148e-01,-1.732947462202008848e-01,-3.919076771708377427e-01,-5.532216517362482933e-02,-2.593769356458616171e-01,-1.464405987414083288e-01,-4.964454235086455669e-01,-9.127773511803595474e-02,-2.286431748721502455e-01,-1.700035946238391549e-01,3.884690372425957106e-02,-1.230352663003540098e-02,-3.393618709930617539e-01,1.234692097175578429e-01,-3.025151024170093517e-01,-1.504789476607186205e-01,-1.438417307473986440e-01,-2.417863010634546950e-01,-1.880102496059662398e-01,-2.792163909897810506e-02,-1.571307685581379843e-01,-9.200365238461022041e-03,-1.765844188711988773e-04,1.909989772577010414e-01,5.921026657345727917e-02,-6.650977682101169575e-02,1.690207767538698391e-02,-4.359317862840807467e-01,-1.780948903957780549e-01,-2.254369824998103955e-01,-3.735576234050885791e-01,1.421990369651171815e-01,7.341922847489856796e-02,-2.568734147063875817e-01
2.257541242922039004e-01,-2.467072128352938154e-01,3.383597876581500574e-01,2.384179405515978456e-01,8.277463083631648733e-01,6.397319662501088633e-01,4.822049851332964598e-01,-8.353846518374064001e-02,0.000000000000000000e+00,6.821441431427555102e-01,1.454173089696819410e-01,-5.321340970557217886e-01,2.041653197524583019e-01,-3.312248354642974291e-01,4.914807524763285529e-01,-8.662113295691731274e-02,-5.832158716672999343e-01,-4.624706112109390199e-01,-2.071381547327499351e-01,-4.046109222713830111e-01,-8.924912135667099899e-02,2.489808870924813816e-02,2.552193675992077138e-01,4.787431704362917761e-01,6.958958787605937779e-01,5.463048024895236221e-01,2.703242752784656422e-01,3.488725677271427572e-01,-4.084163398091567032e-01,-6.066187095122039796e-01,-1.143118123671284375e-01,7.868345399978821098e-02,-3.100218987393307812e-01,-3.721796474661369647e-01,2.810672051305515007e-01,5.110718542951343812e-02,-1.372818544883126213e-01,-1.089625696913882752e-01,-1.332308030391196330e-01,-5.276477335160005555e-02,-7.356050416723138030e-02,-1.706401713598139913e-01,1.777956077295600457e-02,-1.089876259913085260e-01,-1.703285114008427220e-02,2.151996404150676237e-02,-2.046132999714044831e-01,-1.083464926178174526e-01,2.726903322048906952e-02,-1.250904393402759440e-01,3.535744819393821237e-02,-2.258206541811542400e-01,1.217596821273159852e-01,-3.170723502698458152e-02,-2.527490119662032519e-01,-7.559593230476306658e-02,-3.503451108126693914e-01,-2.518604100743584984e-01,3.159723482600864664e-01,2.143888851796907913e-01,3.635280598046163880e-01,2.713155547787407529e-01,-5.335923928071943934e-01,-4.859776008100450961e-01,3.626872457098572755e-01,2.986933753730712238e-01,1.833756088622622293e-01,3.726801166428689999e-02,-2.383009697427617146e-01,-4.869625174831303249e-02,2.189924578319570048e-01,-6.689895091648095926e-02,-3.709902884623440811e-02,-3.087465747850535736e-01,1.257400226027846624e-01,-3.118612514276569714e-01,9.931301693313859813e-02,-1.735653664176544375e-01,-1.758184871609537459e-01,-2.742336693168000439e-01,-3.042058998572184647e-01,-4.083494827255908510e-01,1.203032698345964657e-01,-3.315056102837322105e-01,3.626407184684952711e-01,-3.396574928575544217e-01,3.162685176086409422e-01,1.491420009731377339e-01,3.143234928057634381e-01,-3.890303704287778825e-05,6.931151727408603469e-02,1.632567717758335868e-01,3.662599424261255010e-02,-1.066905670418839269e-01,1.530341053912314363e-02,5.997614933697217182e-02,6.746691427971703015e-02,-1.833639468904975645e-01,-2.900276153634092080e-01,3.626034957329443004e-02,2.229459919650385591e-01,1.041690923682480757e-01,-3.070742565249243508e-02,-1.307067228790470270e-01,2.353013612733901444e-02,-2.108743285354247321e-01,-7.984292309098944829e-03,9.500473431243677824e-02,2.208230489027793522e-02,-1.876818654523260133e-01,-8.809925961892707547e-02,-2.437550751336917676e-01,-4.239462749331157632e-02,-3.889589662096546441e-01,-6.007502124336412674e-02,7.420121312626387633e-02
2.564815699398534377e-01,-5.697086829008864844e-02,-5.231305617011945686e-02,-7.030430738676422386e-04,7.470466413299644559e-01,6.914978869022873065e-01,3.474711496679676326e-02,-1.379359030369790295e-01,6.821441431427555102e-01,0.000000000000000000e+00,7.924777984344168191e-02,-2.863386715506313074e-01,1.680175469020001866e-01,-8.114606737930517288e-02,3.632970313110908678e-01,2.185061611600337961e-01,-3.725283128207067529e-01,-2.987502887159604326e-01,-3.315480821981741100e-01,-2.179211270660446620e-01,-1.943080799799630498e-01,8.177948681114571849e-02,-5.127273077598738099e-02,2.478579928719309433e-01,5.814934952400845347e-01,4.866868503762460940e-01,3.202033159223083292e-02,2.352382379540462753e-01,-4.766252634403637112e-01,-4.483773091811867895e-01,-4.391960296544314968e-01,-1.666759596631186835e-01,-4.415160213780033871e-01,-3.386632056708976379e-01,-5.076223791619516312e-02,-2.071132224914687958e-01,-3.244239526526530026e-01,-2.584161251295075679e-01,-4.476151852790966057e-01,-3.897290022707521895e-01,-1.858230577984315013e-01,-1.342957890421220268e-01,5.957443643763794816e-02,-7.561506352926004870e-02,1.458408529053698000e-01,2.831870954556686137e-01,-4.202227753282809092e-02,-2.807169887716488149e-02,1.605114032127553103e-01,1.018979456688438034e-01,2.104194527413052740e-01,-3.728318749437216362e-02,3.298935613357028007e-01,-9.207890586348167761e-03,-1.484687141821363354e-01,-1.095398606410320774e-01,-1.681194845963352447e-01,3.004662806278260434e-02,2.528800174581589122e-01,4.969946085749611941e-01,2.574174764745927879e-01,4.286985422142084445e-01,-2.810915361129653345e-01,-1.867529329705677199e-01,-1.389422347870795070e-03,2.366311468884362695e-02,-1.815587497955825080e-01,-8.472597540856131870e-02,-4.945231135182691362e-02,-8.104341574289302894e-03,8.793120410097128581e-02,-1.965463439755161523e-01,-3.368388164596881201e-02,-2.273535234393566085e-01,7.393222817314209876e-03,-5.096896661366490111e-01,1.902454407613552445e-01,-1.113900813533698075e-01,-2.599075592302582116e-01,-2.738297891454598010e-01,-1.954178454366077011e-01,-3.784997569436010512e-01,1.134036863386035376e-01,-2.451532887710053676e-01,4.188785371138925018e-01,-8.971479997141748597e-02,1.631261890152266858e-01,-9.572426917973966831e-02,2.167004770498559274e-01,-4.789672177296709632e-02,2.566118771862647141e-01,1.071270204411786317e-02,2.520007398566092016e-01,-1.642983445428720934e-01,-1.509562357472464533e-01,-1.113450920091967472e-01,-7.434396913820241933e-03,-2.925793821665069183e-01,-1.523729358391711086e-01,-1.866972364192781911e-02,3.716351400420985218e-01,-1.454548047992961779e-01,-4.443727640015662089e-02,-2.761789508030564888e-01,1.215868667718415508e-01,-3.045547075999006092e-01,-1.045907369106390816e-01,-1.636268560793285171e-02,7.048849626583118116e-04,-1.559010641952426335e-01,3.580806431689147196e-02,-1.577035599987403752e-02,9.928206373538972507e-03,-3.323141055170393821e-01,2.362884324812897924e-02,-2.953374050911083265e-02
6.483360718266284461e-01,2.799722501771251260e-01,-3.470432651814300135e-02,1.124051890446581131e-01,1.693627134196363376e-02,8.272014738929334143e-02,3.655576287504841426e-02,8.374980825202231471e-02,1.454173089696819410e-01,7.924777984344168191e-02,0.000000000000000000e+00,4.122565560596326284e-01,5.255976932825985326e-01,4.660660646442072452e-01,2.094554845346438543e-01,1.145122117167074044e-01,-1.105000262061705402e-02,6.097814560083702345e-02,4.883750779846837142e-01,2.807463553548191770e-01,-1.457540277122721384e-01,-4.511034564255044302e-03,-8.089922646647043636e-02,8.542595372541808563e-02,-2.879528926230526600e-02,5.198590727229950199e-03,-5.583233140714188164e-02,-5.406792714121656102e-02,1.105444681923546668e-02,-3.333074189234618012e-02,-1.153633898369225697e-01,7.276381765319407668e-02,4.567162244739689236e-02,2.118034132388140200e-01,-2.188211841492805620e-01,-2.109881805981959901e-01,-1.603266477323042338e-01,-3.323201271220808939e-02,-1.001956977636327961e-01,6.341911449630539821e-02,1.232417615991550919e-01,2.627188265578403459e-02,-1.364808375901923054e-01,-6.008432197124088242e-02,-1.060146023253062952e-01,4.939740526931384566e-03,-3.535077139142540209e-02,-1.515287616473470489e-01,-6.445592514671193152e-02,-2.173338284166253243e-01,-7.794870382619496774e-02,-2.169670316191824599e-01,-1.391236201404404127e-01,8.242319987249442648e-02,-6.006688374030915573e-02,-3.630225718311549943e-02,3.255469168109361155e-01,2.138546443540143560e-01,5.401396458481408369e-02,-4.576285385269564243e-02,5.192407282815830055e-02,1.111777726984072671e-02,7.571251134774342750e-02,-6.237124467677906958e-02,-2.117979403775333003e-01,-2.305486840058489917e-01,-3.132295541055840071e-01,-2.293377985810888531e-01,2.012226545594135718e-01,2.383821378997931784e-01,3.102772657442878085e-02,1.559865177518597046e-01,9.982288713172690620e-02,5.530494626303682215e-02,-4.527058958619765289e-02,8.806273656586467713e-02,-4.028435935910976845e-02,-5.012085998878959558e-02,2.578411506752711913e-02,6.913101396489131079e-02,1.446341291493891956e-01,1.772110370373580768e-01,1.473866703772800935e-01,-3.534069208085236641e-02,1.641449964448374876e-01,1.653684355283173146e-01,1.220348248980698269e-01,3.363569225710399263e-02,-5.486017847906213968e-02,6.422682588916464597e-02,-1.755272914881586543e-01,1.850732116870646565e-02,-1.322040601463962406e-01,-1.164008108476514286e-01,-4.314081114372420034e-02,-1.316508970125259692e-01,-9.388354815201185866e-02,-5.756663068888222268e-02,-2.268276608586350038e-02,9.823836021127561879e-02,-2.896808300232420752e-01,3.232011390339053353e-02,-1.846428292186996500e-01,-1.504397558138157454e-01,-3.130421459445774102e-01,-2.618385851183190338e-01,-1.791530859731602920e-01,6.248680159371305942e-02,1.056189579660305050e-01,-1.547036467227667911e-01,1.536447558422734117e-01,-1.197951938653588899e-01,-2.156123822911155674e-01,-3.215146067710435152e-02,-7.169661274736499612e-02,-1.588982117076680189e-01
3.349821520618714854e-01,6.615827058135549388e-01,-5.937988629271804264e-01,-1.825918294348382320e-01,-5.936650916400755262e-01,-4.001739092853682234e-01,-5.549784059645820333e-01,2.271679716406385940e-01,-5.321340970557217886e-01,-2.863386715506313074e-01,4.122565560596326284e-01,0.000000000000000000e+00,3.839901002958377441e-01,7.386995854061411126e-01,-1.946323022305783135e-01,3.741009939425203323e-01,7.053700713342238027e-01,5.943954498208449122e-01,4.459299084150535886e-01,5.083032409309794497e-01,1.111170579657549534e-01,6.248938243756360644e-02,-4.784734654495019224e-01,-5.798781485499016064e-01,-5.943895959201538348e-01,-5.374835201531069639e-01,-1.383504457769221541e-01,-2.632379116714825273e-01,4.979640148578943770e-01,5.519422343855414637e-01,-1.269919498706771344e-01,-3.069082404561974120e-01,2.342443847440416616e-01,2.567455750848267604e-01,-5.718237005722115462e-01,-4.205346365780728846e-01,2.866579911814900669e-03,1.120230763795776047e-01,-1.662155640154398817e-01,7.219469831949300309e-02,3.193365639220975272e-01,1.646021971228522063e-01,-2.245977034664394800e-01,-1.029597681976199275e-01,1.186299145928854798e-02,-5.707187121936409951e-02,2.477307101098314562e-02,-1.387965273002645938e-01,-2.531049847052939672e-01,-6.921145115857251819e-03,-1.728935368245429482e-01,6.514315977195878071e-02,-2.555339536887716867e-01,1.606264537159828865e-01,-1.928524594208893064e-02,4.773006208661194349e-02,6.850922608338768649e-01,6.818623387247576551e-01,-2.872633665613721909e-01,5.502508198175295323e-02,-1.408969837748480225e-01,-1.075367250456579554e-03,7.529470635031935144e-01,7.047974429272398922e-01,-6.102225396108035271e-01,-5.908117065013736013e-01,-6.826591907981862661e-01,-5.106171023499649353e-01,5.448080442850034011e-01,2.080706301713802775e-01,-1.666064487826721396e-01,3.078921394509196441e-01,1.815394308903942877e-01,3.311841542933568472e-01,-3.417866574647221434e-01,2.985004238612246064e-01,-8.957888998391509705e-02,4.308014466045990698e-01,2.933477421670011021e-01,4.155614954512731329e-01,4.631388201979860786e-01,5.478514014937505561e-01,-6.145057543011227946e-02,4.851425184214731567e-01,-3.144194447665202286e-01,4.960399775727953320e-01,-2.399383798733941142e-01,-3.385389967441178594e-01,-4.846132090218410737e-01,3.336891533966799828e-01,-3.317320363953271123e-01,-1.604187190207633784e-01,-9.801142566697855496e-02,8.381599540732505293e-02,-3.058245947233402817e-01,-3.283961488898655134e-01,-3.803178717763655015e-01,-1.247288580749169595e-01,1.949902953897787727e-01,-8.074315277638750843e-02,-2.222101801949030730e-01,9.241016784930171368e-02,-1.515288404015595058e-01,5.405960324289329350e-02,-5.293368439896988242e-01,-9.003909272585063073e-02,-3.016774165122660945e-01,-7.593249807729973710e-02,-3.373858495191872642e-02,2.420413838219492852e-02,-3.600274027082369516e-02,-5.819934939985861588e-02,-3.252212167869306669e-01,2.673466414579198647e-01,-2.333529201390898214e-02,-1.930364837346254803e-01
3.588261322778786844e-01,1.620171919322957177e-01,-1.735138415994793293e-01,-3.839803418890995468e-02,7.179430545657231044e-02,4.783937941018570617e-02,-1.616951007810189453e-02,1.426676006075168826e-02,2.041653197524583019e-01,1.680175469020001866e-01,5.255976932825985326e-01,3.839901002958377441e-01,0.000000000000000000e+00,5.994275911828763626e-01,3.768190593221287799e-01,1.423614590545681236e-01,-1.472571965814738482e-01,-1.247474584545332603e-02,-3.296125700996624386e-02,-8.367377055706283484e-02,-1.071660723554870576e-01,5.570313515416961542e-02,-1.688870159068421861e-01,-2.707403225853979856e-02,6.772265235499703995e-02,-1.834708038949887585e-02,8.366265061939948122e-02,5.931518202294670805e-02,-5.072864080927416697e-02,-1.811507317025073949e-01,-2.961826829397263272e-01,-2.688429959275402403e-01,3.313693548289813051e-02,1.147931978067268273e-02,-3.085877746169899960e-01,-2.272157377707071657e-01,-2.418559577367972169e-01,-1.298862254093872126e-01,-8.004777566863580107e-02,1.830857545981502132e-01,2.159987881178203617e-01,2.249509793865663576e-01,1.261925475443688438e-01,7.322122076559532677e-02,4.673334223010542493e-02,1.497478926180240422e-01,7.229775130068628874e-02,2.496244304760587146e-02,5.237702626750816159e-02,5.657793732699489819e-02,2.154982911267659118e-01,2.164212580429519250e-01,2.016296213195231946e-01,3.928901610705993197e-01,1.815026381639738562e-01,3.711660515075311251e-01,2.609899453412407519e-02,2.182166562272670474e-01,3.965946333831276149e-01,3.869829975592587457e-01,2.677852331150830101e-01,2.081304917611935257e-01,7.969883004863950737e-02,1.778236802378685144e-01,-5.339114810913837827e-02,-1.701307599855706940e-02,-2.976942634716503999e-01,-1.401366347487639219e-01,1.885837704729101047e-02,1.430862873491134113e-01,-2.100194625765857415e-01,6.749116569289785594e-02,-9.111304354256649640e-02,-2.999999557797063399e-01,3.768657254346460903e-03,-1.097873555129327688e-01,-7.833700752500759350e-06,1.712908607525232829e-01,3.169584063627851889e-02,5.857925815654121265e-02,1.256175218861898535e-01,2.515902286206915806e-01,1.975455306888085072e-01,4.590322085938813856e-02,1.262656640324017095e-02,2.541970633278876623e-01,3.588255584455248837e-01,-8.816923952261848663e-02,-2.599440815396278012e-02,4.055462888184029890e-01,-3.274812383321794584e-01,-1.708713525863990168e-01,-2.854504541929172023e-01,-1.733692743838387562e-01,-1.403276938346020020e-01,-1.819769941824458948e-01,-3.135416942841698362e-01,-3.301611574123585191e-01,-3.627982390061539886e-01,-2.018997761635036858e-01,-3.119484942833596897e-01,5.695944294495914467e-02,-3.185236992892228058e-01,-2.398544859136152729e-01,-3.970562591157964505e-01,-2.335490967620496294e-01,-1.949687143463310068e-01,-4.316339892138165713e-02,-8.698355420728737242e-02,-2.618640467822624940e-01,-2.562950443022591895e-01,-2.415147386712713229e-01,-1.137683913433326366e-01,1.610466138933875635e-01,1.985121456970904141e-01,-9.488584862050672419e-02
