0.000000000000000000e+00,2.849632160430354832e-01,-2.178667512443373602e-02,-1.800303012577240125e-01,-5.629058522728525721e-02,-1.571858965227712623e-01,4.467726356753030231e-02,-3.187089486654463150e-02,-2.906638263771958372e-02,1.019966683290885190e-01,5.851753398291831276e-01,2.747743557406836512e-01,5.024742763981931981e-01,3.171049394810993016e-01,6.664117378540815317e-02,4.626946471624240192e-02,1.920113049025072571e-01,1.935822225280110775e-01,4.921029211683892179e-01,4.351670281122126949e-01,5.703862421041112213e-02,-3.800573077482216622e-02,-5.231334077211198530e-02,-7.029783233511674445e-02,1.062038443797779369e-01,5.151758246449301276e-02,-9.660616366821918322e-02,-8.991744112806039635e-02,2.995161761475549911e-01,2.004755422734253167e-01,2.482402097831692273e-02,-6.374917719638578673e-02,-5.958361179082506329e-03,-4.976306157994404150e-02,-6.880976539144606496e-02,1.297491652218744559e-02,1.498222939596568215e-01,-1.044185157882326770e-01,1.017487539949097214e-01,1.114306040098108665e-02,-4.566601339177135156e-03,5.314332246213979843e-02,-1.740757521929972018e-01,-2.615565111283319477e-01,-1.978549012328867374e-01,-1.601200959889552133e-01,-2.383330086905652845e-01,-3.198416878353032566e-01,-1.451995628044503994e-01,-4.113505662409499414e-02,2.699838135999030331e-02,-1.296923221847971486e-01,4.457584336847619094e-02,-2.228083474933724717e-01,-6.168177412156861106e-02,-1.335554813078659309e-01,3.893547486743602626e-01,1.343405922300269957e-02,-3.075677155032277999e-03,6.120102863665492082e-02,4.628022920782821070e-01,-1.230555127415072086e-01,4.848729642568171128e-02,-1.083011745395879022e-01,-2.764062168212070847e-01,-1.746306991533318198e-01,-2.554274905129897966e-01,-1.634766357068927201e-01,4.877312312482102730e-01,3.002069872637777581e-02,3.353931193395479071e-01,1.183841678169741674e-01,2.995526788525795236e-01,2.269141816241477538e-01,2.950144924027037208e-01,1.285505913899991082e-01,3.790983611460070346e-01,2.686794308620378824e-01,2.250034219175543193e-01,1.736503371039320176e-01,1.657663955914260023e-01,7.920932401929078881e-04,1.651103702199870418e-02,2.351268295506678541e-01,1.007822224975834791e-01,-4.240273642933529152e-01,1.006017080732962560e-01,-1.520054771414184325e-01,5.362759297404767062e-02,-2.219227556860429995e-01,-1.221336070414175308e-02,-1.632702915184514325e-01,-8.513133572808721794e-02,-2.628976105291865872e-01,1.417438130593757784e-01,1.126351305671084574e-01,-2.564751694481393063e-01,-1.923541788311920742e-01,-1.739025660795541217e-01,1.377060014300983751e-02,1.446944432492029142e-01,-3.407913932366119641e-02,1.677840095861888314e-01,1.753113298039760959e-01,-1.549536000444568795e-01,-2.262173990834931148e-01,7.845966058747351479e-02,1.292963581269413742e-01,1.937659005133958168e-01,-3.552038743168046686e-01,-4.440781653582759336e-01,-3.183149568526268403e-01,-6.175328808651292523e-03,5.134305499633050329e-02,-3.141259138751258395e-01,-2.214495456052502365e-01
2.849632160430354832e-01,0.000000000000000000e+00,-4.669966803486720330e-01,-2.632684920276203155e-01,-3.234692797643161088e-01,-4.719177608700089732e-02,-5.770560481227045013e-01,1.531759029851845755e-01,-3.240907022333881504e-01,-3.898239096977689638e-02,5.422780131049451807e-02,3.206114387888234218e-01,-1.626013314253198505e-01,2.279159982779958293e-01,-9.030501600922760663e-02,-6.788876318421165068e-02,3.889484308559393866e-01,6.984159231313966654e-01,-2.034668380557918266e-01,3.920723173347466228e-01,1.402490679077867397e-01,2.074006388281781355e-01,-4.804978230164293485e-01,-2.455708517125527734e-01,-1.316278745667676942e-01,-2.171370665360069022e-02,2.841380834094764385e-02,-2.040067500097270461e-02,2.987091709888852753e-01,5.949015225160499964e-01,6.080970361111270872e-03,-8.026289313760624766e-02,-7.252295414376838667e-02,2.198879952412843564e-01,-2.239898021106127568e-01,-1.331580767802619317e-02,9.721826303505577693e-02,1.266474356606269724e-01,1.573732315697392858e-01,1.499775117571316430e-01,7.558858036470959829e-02,2.092393295635655570e-01,-2.009759255987215165e-01,-6.585346332210863241e-02,-1.865904175671821430e-01,-9.037158021562502475e-02,-1.770545241338410403e-01,-1.445993532999652886e-01,-2.245714032456599674e-01,-1.120774616828348336e-01,-3.612274916887107112e-01,-1.778377541278207963e-01,-3.777979538195613274e-01,-4.125063298052057403e-01,-1.816911229541701145e-02,1.724950028217758224e-01,5.018857217396706094e-01,8.240060602529839517e-01,2.108031285121319820e-01,4.014631891563952837e-01,1.153226718621983699e-01,2.991910157980834928e-01,2.717447722781510255e-01,6.375347646931764922e-01,-3.108911079345986761e-01,1.231863010584414303e-01,-1.519845267963903790e-01,1.198877727167404345e-01,4.136774713060589193e-01,4.458576467850277614e-01,2.825162181298606079e-01,4.025064272218245587e-02,2.845927086103922643e-01,4.499389675801183652e-01,1.704583569545961574e-01,1.137285040437100853e-01,1.863023605684897555e-01,3.202719536618662266e-01,4.451854203454059244e-01,4.758761752546514234e-01,4.030083584723011536e-01,5.437175641668637871e-01,6.102764576324844203e-02,1.229501462781134591e-01,2.356581598189014942e-02,7.757316638575582901e-02,1.523806559513841141e-01,2.042048001371241928e-01,-2.875803023879715259e-02,-4.161864120049357796e-02,-1.604951687537592986e-01,-4.393786957564684292e-01,-2.983311889101625813e-01,-5.172619259494010135e-01,2.766788277634312787e-01,2.717116325960277079e-01,9.452687949628259256e-02,1.048959617076525436e-01,-8.184301692394362060e-02,-1.113182133820736774e-01,1.335178957577203562e-01,-2.150169115922438423e-01,2.731903073621638200e-01,2.224820830737712640e-01,-2.092059224852394761e-01,-4.364536100613319314e-01,2.574002723911834045e-01,2.500277458535988817e-01,1.934834709082875470e-01,6.706603066326424778e-02,-6.577193087914671998e-02,-1.066524081022038190e-01,-1.523184725361430465e-02,-1.015348124062523671e-01,-5.453630565178279044e-01,-2.602906006153332119e-01
-2.178667512443373602e-02,-4.669966803486720330e-01,0.000000000000000000e+00,6.859458954115326135e-01,4.201462332641178743e-01,2.399263573215465808e-02,7.791750574347428016e-01,9.455095333829705018e-02,5.095998987478503883e-01,2.201445643372308691e-01,-1.954897896989768735e-01,-4.699586823531968771e-01,1.922653693005729487e-03,-9.795152431780136670e-02,2.667657056499986301e-01,2.067875777564311124e-01,-4.445885628267595702e-01,-3.944862560204250856e-01,5.086276947738053167e-01,-3.078108866395389345e-02,6.234360677596619688e-02,5.812682131418402121e-02,7.504892288202144046e-01,5.794780983608566194e-01,5.155853686197687802e-01,3.755319057204232203e-01,5.069540631280877729e-02,6.555300963448661145e-02,-3.771949255439606130e-01,-4.727944198959578848e-01,2.994771957256099348e-01,3.553926467441439474e-01,3.022352967567201176e-01,1.196181494960715380e-01,4.170050486824820046e-01,-4.200552397302456664e-02,1.104564079061034904e-01,-1.456202752005253676e-01,-6.605789833448816317e-02,-2.544711288114918091e-01,-2.675915035125713826e-01,-4.504888294159611339e-01,-2.173915122239442888e-01,-3.203651087594843738e-01,-9.293893438142911134e-02,-3.169312037962413453e-01,-2.552405968432557848e-01,-2.436849620432842700e-01,-1.681642125661502452e-01,-2.241349530139282731e-01,-3.245725906900395752e-02,-1.690770259675439258e-01,-1.788336345240183062e-02,-1.253652027370465438e-01,-3.799312121801382558e-01,-4.782190411425161214e-01,-3.177669022090441331e-01,-3.692367355934305095e-01,-2.515441211821580758e-01,-3.732184477536535927e-01,4.715572782457834455e-02,-1.186628424122176395e-01,-5.194957740552810233e-01,-3.709171470697192885e-01,4.918572277541851112e-01,-2.651939596891749601e-02,3.126888008254029572e-01,2.182355503493841470e-02,-5.143266488306871831e-02,-1.031632873248494869e-01,9.800962852277841919e-02,1.581942003972968969e-01,-7.679838007263162236e-02,-2.355319763402630162e-01,-5.463513388846252816e-02,7.581141671526486769e-02,1.266849260772910934e-01,-1.733739413113560141e-02,-5.007760314977772742e-01,-4.059286300393286639e-01,-4.020785815430290566e-01,-3.541757496039356079e-01,-1.275383985806868570e-01,-5.370585599874155326e-03,6.731551048736209193e-03,-4.326842481782988692e-01,5.047467478252762318e-02,-2.972510914015039640e-01,-8.107231170246549656e-02,-4.221832169043280292e-01,3.061681753110206405e-01,2.725177849131356633e-01,3.037147460256284237e-01,2.831219791044917722e-01,-1.788664067070450669e-01,-3.179195435831794758e-01,-2.749540101560179473e-01,-1.482510334910329686e-01,-1.598909232410096470e-01,1.442279148104468611e-01,1.049190577182842615e-01,8.481841007673161098e-03,1.112508962000616636e-01,-8.423460058834779732e-03,3.710228427116528116e-01,3.764956905018869149e-01,2.322475477245086392e-02,-6.909957419215910501e-02,1.625500530117789805e-02,-3.295470137062060934e-01,-2.807157244923476069e-01,-1.778280323353907955e-01,9.846489753549049484e-02,2.855653884583724267e-01,2.329544274282989158e-01,7.085902569239707627e-02
-1.800303012577240125e-01,-2.632684920276203155e-01,6.859458954115326135e-01,0.000000000000000000e+00,1.688948158210604178e-01,1.334556099496191917e-01,5.418143029937647626e-01,4.943965744793241690e-01,3.330848192917620909e-01,4.161425067651999821e-01,-2.895517356747547844e-01,-3.023669361955118040e-01,-1.917212247373829281e-01,8.493704055400984332e-02,1.343861388720491157e-01,1.899005455534155395e-01,-3.423480436814099748e-01,-4.038491774064697504e-01,2.712267503939913560e-01,-1.005771476080342085e-02,8.785100544001457623e-02,7.004985910110527771e-03,6.227500630302762463e-01,5.911105640537727135e-01,3.467216524080918849e-01,3.354359721784939685e-01,-7.049540408560721338e-02,-4.364285116189176722e-02,-3.687651243448243354e-01,-3.177524089368338744e-01,1.887450887121967236e-01,3.984090286070903764e-01,7.293461812143517409e-02,1.900901917608975034e-01,1.210123478734754926e-01,-2.436664093530718500e-01,1.031094781853548895e-03,-6.844842102887807589e-02,-2.057494727057954387e-01,-2.298457623226035362e-01,-2.998576516384460766e-01,-3.776430942118149114e-01,-1.850897723083593238e-01,-2.558048165950895791e-01,-1.103521494245063850e-01,-2.137406264284675839e-01,-2.113977180474357620e-01,-1.537392767405151850e-01,-2.298256151085810994e-01,-1.627070813293125806e-01,-1.455367927853014054e-01,-2.362314542482117988e-02,-1.454885707244703841e-01,-4.132727799002711838e-02,-4.866686087398878757e-01,-3.750660803689351286e-01,-4.179522635387016294e-01,-2.107647628620339109e-01,-1.874463518088299308e-01,-8.296210878928096666e-02,-9.681916731866183068e-02,3.608068809601117644e-01,-4.308840732907493476e-01,-1.617494223715144896e-01,4.241659003421910934e-01,2.579674536437346899e-01,1.514979654104899875e-01,6.859042660715676532e-02,-2.222159448956313732e-02,-4.868342303073549399e-02,-4.789274725934907634e-02,1.042442200736896779e-01,-7.387623309570351404e-02,-1.294223661728639008e-01,-1.078305115149400112e-01,1.567031989505074940e-01,1.068178134156768299e-03,1.101616974334487450e-02,-4.394703058195897349e-01,-3.885947838564663970e-01,-4.229834042615706058e-01,-1.461578215438197048e-01,-1.734193223320584787e-01,-1.068793125259306365e-01,-1.508248029306659965e-01,-1.413973364178510717e-01,-1.115903560462703226e-01,-2.582364014850923595e-01,-3.381429524765892647e-01,-9.816792364823935524e-02,9.133922286156455350e-02,2.064306394499510200e-01,2.996744389322083535e-01,2.466686561582988879e-01,-2.690053939220063417e-01,-3.936435288203510297e-01,-3.238649148577132375e-01,-1.428058140792547726e-01,-2.270191114997297255e-01,-1.983987552717639963e-02,-4.527614368640618669e-02,-9.875715601977341426e-03,-1.065307688900875155e-01,-1.598639389218611817e-01,2.939067941321056310e-01,3.746334563697357178e-01,-1.570257708975765776e-01,-1.545826497112689768e-01,-1.465979923584123101e-01,-3.337138096325905634e-01,-1.945397155655067822e-01,-2.268937386557616787e-01,3.306216801139136990e-02,7.376040146927706487e-02,2.258879616700202042e-01,1.081950167036667271e-01
-5.629058522728525721e-02,-3.234692797643161088e-01,4.201462332641178743e-01,1.688948158210604178e-01,0.000000000000000000e+00,3.513922297599720856e-01,4.001360864526371519e-01,3.640087352112100771e-02,5.185405976919231774e-01,2.247274551188020164e-01,-1.030020973683281327e-01,-3.024538757467277322e-02,1.093819129071497281e-01,-1.139290682638706836e-01,3.507501553618974643e-01,3.448401257323321922e-01,-3.498754047326877448e-01,-3.044027227707957750e-01,2.549671515434481228e-01,-1.221665334614869258e-01,1.488257943663794658e-01,3.296782890510356889e-01,2.965963703028727250e-01,1.759744990755308658e-01,4.009015845199512262e-01,3.065669067554465665e-01,4.929471136520751640e-01,5.632557251600692760e-01,-1.260498647438645925e-01,-1.290511379659240176e-01,2.714511336031561473e-01,9.761742340306320265e-02,1.858508809995685074e-01,-1.317078623844796653e-02,3.160668746183733502e-01,1.050636552774276561e-01,8.514987725491367232e-02,-6.781450394107484125e-02,9.130636486295401477e-02,-4.427423982722034079e-02,2.129798373172173825e-02,-1.695665820602758611e-01,-1.961476841265065163e-01,-2.733960930779987808e-01,2.808402817025077575e-03,-1.196025716462813943e-01,-2.313546352616939195e-01,-2.012185531925304860e-01,1.583231455037690085e-03,-1.091073379197192161e-01,3.906638434661702936e-02,-1.051186952496540039e-01,-3.427579761462406626e-03,-1.118819555443482522e-01,-8.388513022442029010e-02,-3.180766712162129695e-01,-4.032937801965635893e-01,-2.455586538100514027e-01,-8.279899063194580411e-02,-2.464692373093724520e-01,1.200122637426778108e-03,-9.263906173871100380e-02,-4.482886760707984752e-01,-1.679268601756442603e-01,3.920091201699794636e-01,1.114055029185232262e-02,2.820941016445556171e-01,1.012325389215530669e-01,-2.818453540815416547e-01,-1.994491168164477246e-01,2.903225675542434603e-01,3.721469981834256147e-01,4.504785456541753053e-02,2.154400564570813428e-02,3.946084257265874973e-02,5.689290903774529840e-02,5.108473374968930392e-02,-7.472108234795349357e-02,-3.243601657582116382e-01,-1.811389591338805616e-01,-3.749425102238441998e-02,-1.252392024913175084e-01,-4.679592892321302738e-02,8.767527149393343489e-02,4.604469983541010364e-02,-2.220682560506903880e-01,3.339123129090289244e-02,-5.335291095506676518e-02,5.903444306403329844e-02,-1.634895434037824946e-01,9.410046878776315293e-02,6.007738558452601491e-02,1.044804939529197230e-01,6.181513998561317946e-02,-1.487102787723320885e-01,-2.175937611030374363e-01,-2.679003384930668807e-01,-2.407446970824966004e-01,-1.260735010500985132e-01,-7.284256571817056269e-02,9.215516631117980084e-02,-3.810039030641617502e-02,6.069874563769440956e-02,-3.281896566321924197e-02,6.105524579848366218e-02,1.185424574803513459e-01,-2.619292054233816544e-02,-1.487543363014642572e-01,-5.228280381729613624e-02,-2.319953487573717388e-01,-1.332148600795459159e-01,-1.920633795685657008e-01,1.803551135554750176e-02,8.874304973948193842e-02,1.031049190902298823e-01,-4.880466918820154654e-02
-1.571858965227712623e-01,-4.719177608700089732e-02,2.399263573215465808e-02,1.334556099496191917e-01,3.513922297599720856e-01,0.000000000000000000e+00,8.109961007719142245e-02,2.728602743389414442e-01,2.243834118506267128e-01,6.001335487983077144e-01,-2.428197670457196353e-02,2.331337624291241750e-01,-3.162831276703392813e-02,1.390777026956561413e-01,1.823316263101130985e-01,4.281263653601295460e-01,-2.180395980057997854e-02,-4.349458877283201436e-02,-8.284573086615457105e-02,-1.310785681508858103e-01,-1.142291727984810941e-02,1.352080983946805925e-01,-4.380454108745328312e-02,-3.013227550393533100e-02,1.098638540508996841e-01,3.255971876844860891e-01,3.490514412488963103e-01,5.359757606428864340e-01,2.041553567683250248e-01,1.737613776237819652e-01,1.771420528942080075e-01,1.474748054878834147e-01,-9.557249256907957013e-03,7.892272777387544791e-02,1.745262289455014326e-01,1.802094138243063026e-01,-9.265030043004247873e-02,-1.105935725994473123e-01,-6.219034902755014166e-02,-6.388686749332717074e-02,2.815202554175163033e-02,-1.734295173364347187e-01,9.619600575793459118e-02,9.896500820426484823e-02,2.380260972834314093e-01,2.133646757260357352e-01,6.306316348981989839e-02,8.798995752274541005e-02,1.963353580010335220e-01,1.350809257541928654e-01,6.784567474021975519e-02,7.999534289939502774e-02,1.079221506360196203e-01,-4.927822572330077533e-02,4.198941561972598102e-02,2.750780692030716304e-02,-2.984878446491968096e-01,1.491442834467358348e-02,5.883286333404192520e-02,1.151538245231840119e-01,-1.563756919985931099e-03,1.199110254132882553e-01,-2.209619055174410762e-01,1.236980149363283571e-01,1.923538799334200203e-02,1.347589092216091577e-01,1.464383162305406549e-01,1.726571991362067793e-01,-4.462332306315263120e-01,-2.586011930383019242e-01,4.075685191127817464e-01,4.983953489525748681e-01,3.049142575688927881e-01,2.827050391914305294e-01,2.481834497033547637e-01,3.089262988718005087e-01,9.745011410753487424e-02,1.828840697504123258e-01,6.396970546827029924e-02,2.348236115059776363e-02,1.483811047575913367e-01,-4.365396627231316051e-02,-2.570140077604916029e-01,-1.896935200911503694e-01,-1.316427882001776350e-01,-1.236055206318625588e-01,-8.650098074005729831e-02,-7.807754518691199797e-02,8.095172571872365089e-04,1.245117158698831952e-02,-1.168364654808869280e-01,-2.699729814276804474e-01,-1.192368071186165196e-01,-1.925073437527606846e-01,-2.050255157112881033e-01,-3.104573489660568120e-01,-3.957016225651710517e-01,-3.246911865028603850e-01,-1.786092852978877210e-01,-2.402372362305769948e-01,3.770137437496545729e-02,-2.337501157055043299e-01,4.105361124572657477e-02,-7.605456655905948327e-02,-3.594953870834101395e-02,-1.337718529185484562e-01,-7.220495458667290645e-02,-1.584029628292376035e-01,-2.153690068110173661e-01,-1.719041186652205955e-01,-1.963628762494671331e-01,-3.461610861269733275e-01,-4.196312400411299215e-02,-1.936431114197680881e-01,-3.996646290068652657e-02,-2.054958518367289710e-01
4.467726356753030231e-02,-5.770560481227045013e-01,7.791750574347428016e-01,5.418143029937647626e-01,4.001360864526371519e-01,8.109961007719142245e-02,0.000000000000000000e+00,6.104252221378991122e-02,5.977000880811189631e-01,2.465413431956472445e-01,-1.660496583060212805e-02,-3.798204335413396526e-01,2.893038704495385915e-01,-1.172036309531102605e-01,1.719261768183744377e-01,2.660479182763519912e-01,-5.246179714969736452e-01,-6.031766208258567685e-01,4.681751460028822365e-01,-2.602805748840432143e-01,-1.134536148781149778e-01,-7.222518232039597252e-02,6.941271162881597068e-01,3.389490189582596846e-01,3.282625315065140770e-01,1.832293771879713873e-01,-3.752952560079556715e-02,5.312956976638583823e-02,-3.658069345452373278e-01,-5.957576652413754115e-01,2.656052762315441393e-02,2.231845471032223305e-02,-2.183116187539337755e-02,-2.470663630341807804e-01,2.342722324603758177e-01,-1.075318328553189623e-01,-1.006303947339745319e-01,-2.311119856871585998e-01,-2.528717287765174793e-01,-3.178903024338350369e-01,-2.967532367456274245e-01,-4.282173341244012721e-01,-4.603273820704294889e-02,-2.871982787860734576e-01,-7.905521128098813577e-02,-1.980288266798494734e-01,-7.418812510310410224e-02,-9.839987281885852199e-02,-2.154878901364227009e-02,1.691563404653831587e-03,2.319703237361072923e-01,1.367906554866403779e-01,2.439903801722124732e-01,2.375485618811725708e-01,-3.816420618837180756e-01,-3.986393654576869117e-01,-4.976630511244912181e-01,-4.868532611203674754e-01,-2.637677084390046556e-01,-3.547607941111239338e-01,1.538194176614834374e-01,-1.625461653505499426e-01,-5.328083702835062496e-01,-5.311028714855338118e-01,3.232473916685513760e-01,-1.264153792115438324e-01,7.128553802801367023e-02,-2.377954312234533130e-01,-2.691198195327949017e-01,-4.000505041443371823e-01,-6.852614771479809130e-02,4.772087405356339324e-02,-1.454141058212135851e-01,-3.742708519175225734e-01,-1.857419921756040260e-01,1.199872564649758422e-03,-1.423445133767400721e-02,-1.520950652560690564e-01,-5.125419181039796435e-01,-4.641692428783428803e-01,-4.920341713041812004e-01,-5.006167140454773623e-01,-2.894553852946156747e-01,-1.992866909484056759e-01,-2.528281409875228758e-01,-2.823039311935316986e-01,-3.322688324426078532e-01,-4.920139251250391088e-01,-1.396021083618270986e-01,-1.717648361439259030e-01,2.022343631719522583e-01,5.002541676125805692e-01,4.330927710205463854e-01,5.716225123708215117e-01,-4.014274121648684912e-01,-5.065309784640643631e-01,-3.158312585447038412e-01,-2.676639254285246849e-01,-6.763141988807958027e-02,1.865878739724697866e-01,-2.543057481300232611e-02,2.916135994015701116e-01,-1.883081024548235449e-01,-1.747975089251626868e-01,2.286637544516477161e-01,4.172415888368656289e-01,-2.522094852926581865e-01,-3.303808954209973003e-01,-2.607619029441710090e-01,-3.034879303254457428e-01,-1.843660632714412551e-01,-7.932399771745766992e-02,1.338022371620910256e-01,2.672088284514131939e-01,4.605798240717927650e-01,1.219765540111728275e-01
-3.187089486654463150e-02,1.531759029851845755e-01,9.455095333829705018e-02,4.943965744793241690e-01,3.640087352112100771e-02,2.728602743389414442e-01,6.104252221378991122e-02,0.000000000000000000e+00,9.079579684476540846e-02,4.792835540540387740e-01,-1.753884778545270751e-01,4.170891717087220063e-01,-2.092698112664229948e-01,4.370996929554720190e-01,-1.266043619952376131e-01,1.111411595276646652e-01,-3.270422864179586275e-01,-1.446895238836019837e-01,-1.614574654501646500e-02,1.212899589479371071e-01,-1.123730105163830290e-01,-2.847511874872781304e-02,-1.051020464630444962e-01,-3.337272170037432206e-02,-7.321194605844039138e-02,2.837320273822318550e-01,-9.737071763372695532e-02,3.866479424369620096e-03,-2.278786039453557788e-01,9.110423200838610458e-02,-6.043306397049872519e-02,5.731801180816164382e-02,-2.802428222079248465e-01,1.564916043671428503e-01,-9.319078316506124171e-02,-9.637490990659663970e-02,-6.376220818012466596e-02,-1.189929314436643376e-01,-9.736144207580749166e-02,-4.436219419972821376e-02,-2.679090201728051568e-01,-2.813752402673810327e-01,-2.540129150767844735e-02,3.569511410704863386e-02,-2.095001452036397011e-02,1.884997300394845865e-02,-1.495335946745063871e-01,4.774936721428862246e-02,-2.386554433113172516e-02,3.125962335147951243e-02,-1.889961016846186670e-02,2.903571485316491438e-02,-5.686148800491881011e-02,-5.398560371202791586e-02,-1.940628224103901345e-01,-5.271218910322856416e-02,-3.912176426912662430e-01,4.950968904903180201e-02,4.456197101711816683e-02,4.361258459728968306e-01,-4.625397449667570382e-02,6.600269244583414352e-01,-3.901043912234001265e-01,2.544010993016496691e-01,-2.023695553607950115e-01,4.252360466319143328e-01,1.533610513582730518e-02,2.027853723811289810e-01,-1.269562548353193043e-01,5.386146145433241134e-02,9.445521967282789755e-02,2.287751941124630539e-01,-1.543722837753405686e-02,5.876200064150759184e-02,1.490924155550532038e-01,1.048550388340764028e-01,6.838416285745128886e-02,1.045985934405500584e-01,-2.137581253639478096e-01,-6.405018379273266782e-02,-2.037270647163587356e-01,4.942746734130010200e-02,-3.035604318827314074e-01,-2.495260676837346980e-01,-3.680203908048922390e-01,-1.255812631368694865e-01,-1.507944698238933567e-01,-1.933369644418035660e-01,-3.230391123550606647e-01,-4.901298437008284187e-02,7.510883180799245162e-02,-1.402904953072448280e-01,1.956071497109931334e-01,-8.662905332937971548e-02,-1.502103981338034910e-01,-1.512268021371259707e-01,-3.846381129970031232e-01,-2.630703100058362498e-01,-2.191932671898537410e-01,-1.212413908221082470e-01,1.773048899438741943e-01,-3.096365682505336329e-03,6.926959551547176575e-02,4.373539242652125375e-02,1.568019108667910444e-01,-3.805738982467913450e-02,3.475548357110401498e-02,3.916152314781793514e-03,-1.319786201738204316e-02,-2.120990812754598720e-01,-2.490432722928952458e-01,-1.185999032149652327e-01,2.486106448265191782e-01,-1.954629702740037431e-02,-9.404812718322376475e-02,-4.207807787924078280e-02
-2.906638263771958372e-02,-3.240907022333881504e-01,5.095998987478503883e-01,3.330848192917620909e-01,5.185405976919231774e-01,2.243834118506267128e-01,5.977000880811189631e-01,9.079579684476540846e-02,0.000000000000000000e+00,3.662050985141876991e-01,-6.540461543336903265e-03,-2.511361472990229493e-01,3.190196350258636127e-01,2.558035808909561032e-02,6.138338370526944532e-01,4.855810023603657766e-01,-4.137872003856618575e-01,-3.671466535276055598e-01,1.971376072279608371e-01,-2.627708019584714116e-01,-6.418500287411621485e-02,5.663067728097867515e-03,5.098327701010352264e-01,2.497426938875125235e-01,3.571594637698928820e-01,1.286687671666230381e-01,4.129708400990143580e-01,3.328251260301302028e-01,-2.243875917334772208e-01,-2.753695015052240458e-01,6.521855544423778295e-02,6.578947814625799029e-02,5.939100703380550961e-02,-7.857510555314332901e-02,2.969917536046585982e-02,-2.775488007015094460e-01,-7.176981658858964941e-02,-2.583377902705609741e-01,-1.916909144478874671e-01,-3.103842071064144559e-01,-8.466468996281180381e-02,-2.482240554718832537e-01,-1.124806777972259392e-01,-1.698926170226005561e-01,-6.337821465424002543e-02,-1.162708054055312384e-01,-3.642960844740880666e-02,-6.076611924276521109e-02,8.381896102951310462e-03,9.755959047962968478e-02,1.808353686871917720e-01,1.012175008020642086e-01,2.604423360483016370e-01,8.436936943397572997e-02,-2.312267571471708083e-01,-3.259430930098248802e-01,-2.965011833715405776e-01,-2.468647605821011892e-01,-2.799563662754967486e-01,-1.750001738915344107e-01,1.685717294328717974e-01,-7.440611261525634235e-02,-4.173199803234217686e-01,-4.189365736543859686e-01,2.161077367371714297e-01,-3.297528265051403173e-01,-2.045753071252175703e-01,-4.253976705552522941e-01,-1.988743320383588864e-01,-2.673565902948267237e-01,2.467009758865222335e-01,2.360202514062683388e-01,-1.642312295510024722e-02,-1.256713636631884567e-01,-4.188389482795915747e-02,1.115912461498422270e-01,-1.048363157660732459e-01,-1.470126672073104601e-01,-3.461614980431670374e-01,-2.991789566177054382e-01,-1.346724168954946399e-01,-5.039576618257650686e-01,-2.305367152319062751e-01,-1.763158995064689483e-01,-1.092360493187109483e-01,-3.936318422237203851e-01,-1.559811234371630273e-01,-4.148452336216967296e-01,-1.487404645132880260e-02,-2.855927480527375439e-01,1.968663320576591047e-01,1.719097519463364254e-01,2.956719374973375003e-01,1.887952278977521603e-01,-3.884797203899583162e-01,-4.141940198278074581e-01,-2.775936383801670959e-01,-2.339324949929346698e-01,-5.638047101518985776e-02,-5.124862690187129838e-02,6.787546132346555794e-02,-9.520088719262659316e-02,-7.864748855266472105e-02,-1.463366527935932582e-01,-3.038293729943366411e-02,6.285931126488492060e-02,-1.937265936248939724e-01,-3.248792982855425171e-01,-2.003475636037548024e-01,-2.002468646684784082e-01,-9.800182107811147847e-02,-1.423305777225601643e-01,1.467411192482464821e-01,1.626480530422576842e-01,2.350790262587223733e-01,-3.842396479650516533e-02
1.019966683290885190e-01,-3.898239096977689638e-02,2.201445643372308691e-01,4.161425067651999821e-01,2.247274551188020164e-01,6.001335487983077144e-01,2.465413431956472445e-01,4.792835540540387740e-01,3.662050985141876991e-01,0.000000000000000000e+00,9.907376269009594838e-02,8.568002663281143461e-02,1.191933266193020285e-01,2.438615183017921184e-01,2.765700247795988553e-01,3.391587332005066568e-01,-1.741480036754858643e-02,-6.104031090296423157e-02,1.508892906229659936e-01,-3.288231699843601613e-02,1.023163210943152795e-01,-3.545974738435299801e-03,1.417171528257552549e-01,-5.609503243181113326e-03,1.936338791018727135e-01,2.092162405104834311e-01,1.806175238145745487e-01,1.321938019464909686e-01,5.891678604622063720e-02,1.339969958956199469e-01,1.503305030463040481e-01,1.881528263112707822e-01,-5.973789718251727027e-02,2.441419301614873583e-02,-3.645410014096450019e-02,-1.386344325500251662e-01,-6.203000981092382515e-02,-3.250008377449209451e-01,-9.579449959725458430e-02,-1.107998810821253649e-01,-1.830328598356238956e-01,-2.748858508833963987e-01,-2.447103136144243574e-02,4.806574837447030735e-02,-2.327127509492140853e-02,9.954775643610772051e-02,-1.417202539999034006e-01,6.979041670903269635e-03,-6.287903638627331815e-02,5.459579241753853562e-02,-2.824222316346059608e-02,-7.337944164628964865e-03,3.801154851189944648e-03,-1.049800559982124737e-01,-2.573653660118528919e-01,-1.931765838223266363e-01,-2.396991977833712595e-01,-8.917467206559123727e-02,-2.101423786205614264e-01,6.367115835013199832e-02,8.388300818028004979e-02,3.293586845733449397e-01,-3.267093842792720415e-01,6.328198599834106153e-02,-7.722635339824371337e-02,7.599244527665729998e-02,-9.201002952397351053e-02,-7.460884732001051012e-02,-1.535031687158528446e-01,-1.798658614585270377e-01,3.618720460286330987e-01,3.776192592573501816e-01,1.462049599708928893e-01,1.790522858053475441e-01,1.523007830212809166e-01,3.404568139729151621e-01,9.822676883228828593e-02,3.949879927567658683e-02,9.438424622179491033e-03,-9.733081289084234700e-02,4.227060763519861764e-02,-1.267318105399483641e-01,-2.837052914790539893e-01,-2.619630058649417004e-01,-1.074917964466334669e-01,-4.268489599540644108e-01,-4.041902693522258366e-02,-4.010508920605212468e-01,-1.379230758732037654e-01,-2.766269696606589723e-01,5.388401567372808065e-02,-1.729115981855775253e-01,6.456228630473984098e-02,-1.761282556568063429e-01,-2.856280050707931673e-01,-2.742128853662036958e-01,-5.389986345252540945e-01,-3.744619737503006029e-01,-2.314512775922536736e-01,-2.105085824843171138e-01,1.377033790094169818e-01,-2.190031796877977832e-01,4.796520978966760385e-02,-3.674660379778176000e-02,-9.352303110308694822e-02,-1.939011269411077543e-01,-8.718175907160957694e-02,-1.590458100658769525e-01,-1.505341818661986020e-01,-4.541024492210570807e-01,-4.014495184037754627e-01,-3.942593729321968166e-01,8.061171436025499348e-02,3.007888225700996749e-03,-1.102085576407425549e-01,-2.871100084610115899e-01
5.851753398291831276e-01,5.422780131049451807e-02,-1.954897896989768735e-01,-2.895517356747547844e-01,-1.030020973683281327e-01,-2.428197670457196353e-02,-1.660496583060212805e-02,-1.753884778545270751e-01,-6.540461543336903265e-03,9.907376269009594838e-02,0.000000000000000000e+00,1.297591770822723034e-01,7.424783189827821595e-01,1.558848805596638465e-01,8.556612419364044431e-02,-5.269843847278181392e-02,3.210218448492553334e-01,1.192810373099938287e-01,4.242320640296203260e-01,1.874383641480848461e-01,-3.178868341477125714e-02,-1.495166041501045928e-01,-3.231666439942408597e-02,-1.216236932589758180e-01,1.404420237766505208e-01,-4.110114357834732113e-02,-1.326007663343441445e-01,-1.410242010276533953e-01,4.468974059585253955e-01,1.441467754846352811e-01,8.425097703839216912e-02,-6.156079160032133096e-02,1.703285175081471758e-02,-1.586248221837230354e-01,-4.858863380119540082e-02,1.166881327127006207e-01,1.029757078451650348e-01,-2.470291832036277183e-02,1.076829489210570090e-01,2.573811615016293255e-02,1.771736027960111592e-01,3.116258447980679858e-01,-5.506406729767283209e-02,-7.287381519009789033e-02,-1.385805350142011727e-01,7.482868046069032428e-03,-6.960203552201069122e-02,-1.846542875305314246e-01,-1.319548860058191164e-01,-2.249407575282441184e-03,-5.009978078881138774e-02,-7.009788787027299017e-02,1.825071679453898754e-01,-1.417080672756978847e-02,-4.318662712647772933e-02,-1.485257727120132543e-01,3.004934944236280492e-01,-8.563632706768346814e-02,-1.725376544896568831e-01,-1.380592719522427680e-01,3.811150479036455874e-01,-1.919660327782081455e-01,2.015705064997795060e-01,-1.585540551645811813e-01,-1.661585730897336410e-01,-3.131130801191284174e-01,-3.089658624391262709e-01,-2.300381091574144887e-01,3.821051284172486545e-02,-1.773742984509793230e-01,3.180250328591993081e-01,1.290521511988855508e-01,3.202310411172857307e-01,2.101335917427268329e-01,1.482626195392328095e-01,2.061489870835244154e-01,2.219442647409895220e-01,9.505132906294190553e-02,3.216597711023740924e-01,1.542320294627565203e-01,3.269392926227347451e-01,-3.729024004543185500e-02,1.917858508695826358e-01,2.031320570042779161e-01,2.398951125703122356e-01,-2.781033125279093188e-01,1.371769405848088409e-02,-1.063138512958794191e-01,1.325005329388541653e-01,-4.670595559224598181e-02,-1.929007507517859210e-01,-9.672334437431132081e-02,-1.525195854147983754e-01,-1.955445330859136854e-01,-4.882656530030553277e-03,7.119265972053839819e-02,-1.389631339218204975e-01,-1.172260904743503279e-01,-1.491530222562290620e-01,-3.940770483914375621e-02,-1.534044744617933109e-01,-1.423352251380374800e-01,-1.292009435536430884e-01,-1.340806163623684821e-01,-4.269234153284486855e-01,-3.338034547871320257e-01,-1.423200495175859781e-01,-1.558659543449360529e-01,1.604147622061429315e-02,-1.788956162215059598e-01,-2.415981601464659012e-01,-2.233247697516806407e-01,-1.322871102803349630e-01,-1.345524144797232147e-01,-1.517755920593030494e-01,-2.907321365184917239e-01
2.747743557406836512e-01,3.206114387888234218e-01,-4.699586823531968771e-01,-3.023669361955118040e-01,-3.024538757467277322e-02,2.331337624291241750e-01,-3.798204335413396526e-01,4.170891717087220063e-01,-2.511361472990229493e-01,8.568002663281143461e-02,1.297591770822723034e-01,0.000000000000000000e+00,9.579170262471869979e-02,5.815738493680751020e-01,-1.959655526948249071e-01,1.672471224667007872e-01,2.796366890186360518e-02,1.035888996791685529e-01,-1.504874986191047093e-01,2.814079619315528746e-01,-1.978761687569511873e-01,-8.648507334618672771e-02,-5.336670560243681471e-01,-3.424931317738680314e-01,-2.563774760536340347e-01,6.914532897867371741e-02,-1.697249899533440423e-02,7.916503706582513067e-02,2.117613999249939594e-01,3.421070367448726390e-01,-2.574194282213346785e-01,-2.905424582744018935e-01,-3.762222620495488945e-01,-2.870295472048357485e-02,-8.302503084464814276e-02,3.158582095069120133e-01,-6.646612633363398193e-02,-8.212256674707971160e-02,6.211105178722485520e-02,1.248156031400145666e-01,5.443248513849853476e-02,-2.332530532540973839e-02,1.385852606510863949e-01,1.727488287810647616e-01,1.923108151379847586e-01,2.695330185003076973e-01,9.951951000305692130e-02,1.715795443400211229e-01,2.804690695454406524e-01,3.018389024220687888e-01,2.431468191599463757e-01,1.996696585639754218e-01,1.618382688379410017e-01,3.795250111871167203e-02,2.918790596550166483e-01,2.347969719929894894e-01,-4.660177987831862906e-02,6.532467033533456702e-02,2.304459144160653783e-01,5.241795740567073425e-01,1.581338420603681794e-01,3.296534315245944757e-01,-7.479082236361443703e-02,2.335822077592496215e-01,-4.860966545984217735e-01,2.820246714071310001e-01,-1.264283389029211002e-01,1.782169951909002570e-01,1.706880497265511609e-02,1.615512457239252561e-02,8.532950839759076422e-02,1.730241626891367290e-01,1.595548787936048873e-01,2.000535231752558207e-01,3.626917261275771076e-01,6.123316654040964618e-02,2.208667133862839416e-01,2.732799579105572585e-01,1.973757427508783524e-01,1.865652914299981979e-01,9.974390898814405881e-02,7.406567852628530291e-02,-2.218599913337662155e-01,-1.082491855873063819e-01,-2.894876451663825345e-01,-4.218046755697048289e-02,-1.125229192625353258e-01,2.316634161396639857e-02,-1.012013491224666439e-01,4.707730394577822053e-02,-1.008320051278376456e-01,-3.455415058496192904e-01,-8.700879766310762320e-02,-3.287032936995290533e-01,6.224483538637545083e-02,1.440633242599905772e-01,-3.187101374672923759e-01,-3.289844230562671834e-01,-1.193091107226893904e-01,-1.224488679783343748e-01,1.657390832262234659e-01,-1.382678300806742568e-02,1.092154858679190987e-01,1.236068934630044774e-01,-6.001902035338176067e-02,-2.727794716072194925e-01,5.688020454509544466e-02,6.251326222976512359e-02,8.782414159440279922e-02,-1.580285109093455820e-01,-2.689140955216648421e-01,-1.478577072059256148e-01,2.118129537776654303e-01,-2.204446175236569883e-01,-3.212533621713094534e-01,-1.475280293189114855e-01
5.024742763981931981e-01,-1.626013314253198505e-01,1.922653693005729487e-03,-1.917212247373829281e-01,1.093819129071497281e-01,-3.162831276703392813e-02,2.893038704495385915e-01,-2.092698112664229948e-01,3.190196350258636127e-01,1.191933266193020285e-01,7.424783189827821595e-01,9.579170262471869979e-02,0.000000000000000000e+00,2.063008738795308883e-01,3.239209199710287312e-01,1.482502952336835489e-01,4.714839055107489241e-02,-1.732037948865591814e-01,4.208587291391187590e-01,-3.575527603144554312e-02,-1.899355951720463620e-01,-2.545996172785297551e-01,2.929524561337609745e-01,3.325007263134024948e-02,2.695388359227743891e-01,-4.665644396198437294e-02,-8.179769127686939423e-02,-7.006050098590742292e-02,1.674288110871437751e-01,-1.522247518704862301e-01,-7.867163509401187138e-02,-1.905905273684810608e-01,-1.259895015764581072e-01,-3.992325197673271542e-01,-5.255511388509222226e-02,-1.335806208622941464e-02,7.456105884509134363e-02,-2.076129035601145811e-01,-2.055216442496879056e-02,-1.595067766058380354e-01,1.408526768483298330e-01,1.128454565858359598e-01,5.300156932979638302e-03,-1.209561027535658861e-01,-8.094521950854896564e-02,-2.063354201348392702e-03,-1.780630024448484616e-02,-1.400695063351423131e-01,-9.359983478582948116e-03,1.518545703611264563e-01,1.836654318020963794e-01,1.126701765010427320e-01,3.635863575291606864e-01,2.072116593358264425e-01,-1.493477949609991751e-01,-2.463527094958559982e-01,6.162081528375171896e-02,-2.323696104533691242e-01,-3.100346709424484648e-01,-1.788429499663759248e-01,4.303302641729174760e-01,-2.497665250448101448e-01,-1.118251501533046172e-01,-4.089689256527437866e-01,-5.102324011436670109e-02,-4.412377750101959539e-01,-4.420698393912042001e-01,-4.759859653689548775e-01,-1.635760069982552731e-02,-3.020128662506980644e-01,9.978322968708509821e-02,1.270306972083279015e-02,7.327621623227117964e-02,-9.054634340084669053e-02,1.995568027679041345e-02,1.038961758148233411e-01,1.045496922313221694e-01,-9.086126776753959688e-02,3.181579953928841825e-02,-7.513049345467273654e-02,8.816624770981885961e-02,-3.459116254303805094e-01,3.323918291192292512e-02,2.797579470748703251e-02,8.439035558577426266e-02,-3.803140187170148123e-01,-1.098993019237456958e-01,-2.976793801782040561e-01,1.779046275136442201e-01,-9.577016694824679044e-02,-5.281426162008013431e-02,1.463923667638414861e-01,9.308540531200773516e-02,8.911306859245085588e-02,-1.623562952505500645e-01,-1.115489059568153946e-01,-2.340429240704550440e-01,-2.769973545454103570e-01,-1.355900453339540512e-01,-3.667007725093252707e-02,-8.789774877691022836e-02,4.995044029840749189e-02,-1.727820420937240531e-01,-1.462200552053698199e-01,-3.092711002105507645e-01,-1.816828608136998036e-01,-2.118453253000997516e-01,-2.722816433890418164e-01,-6.548782750083179116e-02,-2.224351785865371356e-01,-2.397113696479959422e-01,-1.663952079701683795e-01,2.996638797004088153e-02,-2.675800452804168172e-02,5.326012952159213387e-02,-1.035761133546482526e-01
