0.000000000000000000e+00,7.062033412601037563e-01,3.106738283604318362e-01,3.798730377998005281e-01,-4.052203521289926003e-01,-3.293547942879590518e-01,2.712035995322001902e-01,-2.441367186655379190e-02,-3.893504263589244174e-01,-3.954816319136481573e-01,1.338908041218475620e-01,1.884413675056145765e-01,4.519758264726020380e-02,-1.696572009503756473e-01,-3.749923296649183557e-01,-4.928972000665122200e-01,3.399382592812119075e-01,2.989165553402484132e-01,7.262770760041793450e-01,7.404828421629107149e-01,-3.675041394312298371e-01,-4.167793425488790504e-01,2.060734118766759937e-01,1.205666842630811475e-01,-5.431818558989834345e-02,3.593507808060952477e-03,-3.209106038788068216e-01,-2.326162596038949537e-01,3.605831422771648698e-01,8.597275592765625529e-02,1.278735554677993547e-01,1.261231451726824715e-01,5.145592150969744427e-01,4.390510779387997720e-01,1.032244719078843215e-01,-2.259281013074336542e-02,-1.431897977388561227e-01,3.796410988448622494e-03,-1.257390725349082083e-01,-9.709073149940919412e-02,-9.844995858033678271e-02,-1.264285638523339472e-01,2.746418332240204152e-01,1.992849347052304543e-01,3.994765490715155298e-01,1.865623663318821679e-01,1.014474840661201693e-01,8.236756686368618130e-02,4.874135636089130946e-02,9.477939855573506989e-02,8.092483967087842067e-02,1.560855124697596852e-01,1.942210011970420605e-02,-1.861137330522100453e-01,-1.510336223142673406e-01,-2.649571286233768364e-01,9.088554981823188106e-01,6.880177154760631630e-01,4.681878146465240920e-01,4.485354282823567629e-01,2.571641244145945193e-01,1.590831484563316467e-01,3.188501188241852913e-01,3.081189761981696362e-01,-2.943369562779059034e-01,-2.891278141891182596e-01,8.305785091119250590e-03,-8.604740809811403657e-02,7.102224828091912023e-01,5.558581961418251893e-01,-1.306289037308334677e-01,-7.739443269635624956e-02,4.116325604651125541e-02,-1.195570969646351095e-01,-1.857350159566048264e-01,-6.728435410418052987e-02,-1.204361973624894361e-01,-1.103528146985782166e-01,3.298309295141823028e-01,3.353406391267754749e-01,4.046030619514284776e-01,3.402583225301274439e-01,-9.234764373092184397e-02,-4.786952580601948337e-02,-9.519930827934224016e-02,8.090812118600072822e-02,-4.275893288029874451e-01,-3.010001387196475919e-01,-2.984399170868888840e-01,-2.564220649814286102e-01,-2.794483240285321468e-01,-1.227433648784205106e-01,-5.526451200164350652e-02,8.727698601281146107e-02,-2.992460463060280240e-01,-7.190768328880860205e-02,-2.562405561030694501e-01,-2.168365126503852061e-02,-2.692865376223694818e-01,-4.067446303669254304e-01,-5.001801406514779780e-01,5.530020929359944111e-03,-4.571296557247566117e-01,-4.485418219647730464e-01,-1.945298866280851247e-01,8.104174070619519794e-04,-3.540690791809812943e-01,-3.760343662193517122e-01,-1.481705823874173988e-01,-2.599002899496237751e-01,-2.915255702237375957e-01,-2.658784177742379851e-01,-3.754537915347505028e-01,1.108027463863897472e-01,-1.669617195285456879e-01,-2.587320941174178768e-01
7.062033412601037563e-01,0.000000000000000000e+00,1.245534299144269164e-01,2.774072708366440154e-01,-5.234463450328686873e-01,-3.711827481712585142e-01,-2.413332389985445858e-01,-4.023653303725443857e-04,-5.321709998278557618e-01,-4.237595951017287810e-01,-1.525764550322370183e-01,3.401144166861856388e-01,-1.655372179669325483e-01,1.349109124397398218e-01,-2.553317470233733011e-01,-4.295448489870650199e-01,1.166660222084931198e-01,3.307092563952496178e-01,6.170541167422559647e-01,7.466536365354373705e-01,-3.470258556648965764e-01,-3.606061778195205902e-01,1.689992822872950495e-01,1.981229944807013643e-01,-7.001104538823768597e-02,-8.072869259807770315e-02,-2.917764192422989677e-01,-2.000596055939965756e-01,1.134717617662883704e-01,2.721324195686096181e-01,1.250303103793799775e-01,8.054396678296377177e-02,4.748294776657367433e-01,4.260484717635288354e-01,3.354605984651187062e-02,-2.616765993760632875e-02,-1.926103925478536427e-01,3.907868763792784333e-02,2.150311146479218921e-02,-4.141465303499326095e-02,1.698383104591465621e-03,1.316588939279400849e-01,1.735321416703827224e-01,2.234861279274155677e-01,5.371864555659696672e-01,2.750426802734200482e-01,1.733340162706501486e-01,2.403339997377194892e-02,2.369360279662628688e-01,1.388754681683613823e-01,3.354481523617448002e-01,2.187742398739592198e-01,2.834826741903288538e-01,-4.683149067619685191e-01,1.170032326667716782e-01,-3.259993302809566784e-01,7.234898153599267356e-01,8.944387998927675332e-01,6.245739107178147620e-01,5.932960026674966025e-01,2.702398580254081750e-01,2.697741513021127413e-01,8.543166359492831985e-02,5.255262217966345517e-01,-2.591998537149879933e-01,-2.833448734374632294e-01,7.102726999898296978e-02,-3.704582555159408996e-03,8.562348350467843261e-01,7.357273418733849546e-01,-1.661051136966365527e-01,-3.455315366083706041e-01,-1.213692143053151651e-01,-7.978961359455591373e-02,-2.205526466608060121e-01,-8.143153696909148642e-02,-7.210911697553427924e-02,-1.885017070216082058e-01,2.885101272749882595e-01,2.857548618868620549e-01,3.655678827811795761e-01,4.220130983941308700e-01,7.424953584808027807e-02,3.278979557717819904e-01,4.754723956093900861e-02,2.344502262297738088e-02,-1.133227262665650742e-01,-1.083801800735577220e-01,-1.232531054910717405e-01,-5.944874121756674734e-01,-1.360708324685520332e-01,-3.980702431157750465e-01,1.637442103840960062e-01,-3.954005361184002865e-02,-2.927383457347181306e-01,-6.086104385357848229e-02,-3.101891450697046859e-01,-1.041939665051860586e-01,-3.827039493497491063e-01,-5.015882632201361657e-01,-2.025610636458218539e-01,-5.881674818964597456e-02,-3.496814357744501556e-01,-6.240136805958819144e-01,-2.074623774247504326e-01,-1.543842081774333685e-01,-3.793624150178479537e-01,-4.252339951873917445e-01,-2.255273663835405951e-01,-1.432929563762792291e-01,-3.222007090367808857e-01,-3.572584139457823382e-01,-3.877884978999499022e-01,1.132859346176660620e-01,-1.262085203862279292e-01,-3.001743150829644935e-01
3.106738283604318362e-01,1.245534299144269164e-01,0.000000000000000000e+00,3.937651676568828529e-01,1.640844768662144126e-01,2.091100791689082528e-01,4.453853758389548778e-01,-9.502217849806475491e-02,1.040549019499271977e-01,5.466769801402886209e-02,1.595418139007824809e-01,-8.180946387071752479e-02,2.386620187192786680e-01,-2.946532369942828633e-01,3.157500260294650030e-01,-6.792208609917399498e-02,2.213261397230663063e-01,1.790278016237395742e-01,1.551905207640998929e-01,2.365121119033518349e-01,2.791747794601283084e-01,2.158111946943890302e-01,4.375059363377853949e-01,5.317716795900467863e-01,5.802126661635985672e-01,4.521701872933857058e-01,3.095030196372227649e-01,4.462575474188871238e-01,1.411860956226810015e-01,-1.061046820902992044e-01,4.200983930015596002e-01,3.690805134732894066e-01,1.901808147791637371e-01,5.770654067114028285e-02,3.103673904140452078e-01,1.960114323273003667e-01,4.565991325295722381e-01,4.003837925924577101e-01,2.259736177021469394e-01,5.932039958419367542e-02,2.315063908818657534e-01,3.602617862276620286e-01,-2.923196252572327625e-01,-2.639037261473611840e-01,-1.875226624081806626e-01,-3.214887480857807067e-01,-7.980262489105224843e-02,-5.339040619276620714e-02,-4.118888960010368971e-01,-3.230792208913889629e-01,-2.328828327906029005e-01,-3.478393048331380744e-01,-3.367451847813988097e-01,-4.547133647239822718e-01,5.242117863597340471e-02,-1.249802699753195523e-01,3.251120208335297468e-01,9.955082800395645415e-02,1.017924714788482829e-02,-2.867064680151750200e-01,-9.797331196694353261e-02,-4.354207497084985334e-01,1.000343981047716324e-01,5.286576617116182930e-02,2.761730847879536807e-02,-3.292611473177696757e-01,2.346372369891757403e-01,3.983942874647862509e-02,3.240009761779508168e-01,4.278394614251381234e-01,5.043510952387141311e-01,4.460719952965258028e-01,4.849281898513962408e-01,3.955415629176065040e-01,1.150206276644884507e-01,1.277416899375109771e-01,3.421786986490009119e-01,3.174470765760452617e-01,1.238273616513463626e-01,-3.646191849033946896e-03,3.864319390092889051e-01,-9.029562577907923604e-02,2.631836415554006381e-01,1.014298214604205245e-01,1.695690510022882236e-01,-2.613819867054961721e-01,2.087985484371016887e-01,4.594449212075824018e-02,9.937585410349981940e-03,-1.781610131222929883e-01,-4.968882200302822127e-01,-3.399454095688542732e-01,-4.992133713941346307e-01,-4.219120550917149770e-01,-1.483534913148422570e-02,-1.109080332559807397e-01,1.061999217087839231e-01,3.820790993765951771e-02,-2.048467835515427327e-01,-1.612131008019034306e-01,-4.451473481896006668e-01,-4.318138597124042133e-01,1.969417801853945160e-01,-7.160530428975311890e-02,1.737925456983854811e-01,3.376236955883616525e-02,7.778446817993089901e-02,6.298743321041460654e-03,1.555072632058729643e-01,-1.075811897555580821e-01,7.913243531273100873e-02,-5.010894630692778184e-01,-4.202849664962276521e-01,-3.644468001295801396e-01,-7.243416033813368515e-02,-1.328815046121219756e-01
3.798730377998005281e-01,2.774072708366440154e-01,3.937651676568828529e-01,0.000000000000000000e+00,-4.049919200708792383e-02,1.972612332099540622e-01,2.992149633217199289e-01,5.507746900070047413e-01,-4.019155186662915491e-01,1.920566181567512631e-01,-1.355470819581004738e-01,1.871933336056853803e-01,-1.714008473558523704e-01,-7.649443041737818971e-02,-2.273354330372044374e-01,9.336247878277838252e-02,2.574250802359778767e-01,2.912929030255870244e-01,3.822613088010310967e-01,4.183359269664013169e-01,-4.848203325514402473e-02,-2.024750355369015764e-01,3.577649201341695506e-01,6.362670112238193454e-01,2.042834586978086453e-01,4.403653974150704142e-01,-2.881426192775044526e-01,3.683088248713692336e-02,3.684678490610040491e-01,2.705861100586394175e-01,3.828852893592435414e-01,6.082855233633536196e-01,2.545700102243605434e-01,4.271365240883708836e-01,-4.925704078894463378e-03,1.352411680058551724e-01,-1.861531624080919045e-01,-1.274421417861772987e-01,-3.392636369437171950e-01,-2.133880219357210672e-01,-1.802733885276090464e-01,-5.679834780928297994e-02,-7.304652812825229713e-02,-6.846157202055185020e-02,1.623477133621389901e-01,8.885702388820633513e-02,-9.808217604669469680e-02,-1.621347438325070611e-01,-1.803189693304958208e-01,6.460326620214999760e-02,-2.478994146934162535e-01,-4.006834390089332454e-02,-3.249251716995077977e-01,-3.315840755990097088e-01,-4.807072341559917583e-01,-1.623766479146581398e-01,4.173483119118455154e-01,2.266098804521421428e-01,-3.082143605636000414e-02,8.331360243159928458e-02,-5.643305460890039871e-02,2.586593494775593083e-01,4.557443368701755704e-01,3.824839479784998830e-01,-2.002038907647382959e-01,3.617424786557523197e-01,-2.734091438731255930e-01,5.368297057588541227e-02,3.282469430104571484e-01,1.762040806771094648e-01,5.876956864803926234e-02,3.316571146456330776e-01,1.559415599086080018e-01,2.905255755995024280e-01,-8.185986115245960648e-02,2.446345133970447561e-01,3.761186623033160176e-02,2.827121558384476652e-01,1.595571196508969447e-01,2.336379511164903000e-01,2.417346130619528466e-01,4.714097091800030226e-01,-1.841099843682880363e-02,-5.931870221513720759e-02,-3.063585639126932270e-01,4.571158215077306131e-01,-1.602822908222551190e-01,2.087371240995961053e-01,-5.321187965432808697e-01,-1.265689625219903469e-01,-4.272582706062489910e-01,-2.388812550675159796e-01,-2.788533360889270396e-01,-1.633662145956619738e-01,-1.472926554290693302e-01,-3.008761801752694170e-02,-3.064510257309593921e-01,1.501868988834397303e-02,-1.168848731539129521e-01,-2.089151015648969822e-01,-4.834315409756652637e-01,-2.026798930327957937e-01,-3.293376100297378262e-01,-2.254742174519193953e-01,-2.100145547602426110e-01,-1.481061969131856337e-01,-1.279577951859424134e-01,-7.822598535253542928e-02,-5.403402194845084716e-02,-1.780280136879534847e-01,-3.262675182514163663e-01,-3.451147049857882232e-01,-4.265570770912971987e-01,-1.338382071087462488e-01,-2.400302363055225041e-01,-1.107327898217383283e-01
-4.052203521289926003e-01,-5.234463450328686873e-01,1.640844768662144126e-01,-4.049919200708792383e-02,0.000000000000000000e+00,6.164911522890011986e-01,1.679346266913118169e-01,-1.299962480428675134e-02,6.893427279044229694e-01,6.648656363392450031e-01,1.049164899049804395e-01,-1.709643189076122116e-01,3.365583028120629899e-02,-7.418873905124594159e-02,5.738870839522418610e-01,3.531563084721960344e-01,1.888473351610947815e-01,-1.784548454173251822e-02,-2.650686617947256019e-01,-3.348205356889250583e-01,4.538891265757514226e-01,1.345890666607097164e-01,7.037752508427297209e-03,2.559253625108945038e-02,2.624144845373317936e-01,2.643180174203075827e-01,5.013815228395890333e-01,4.890046890417231729e-01,5.905319139039833659e-02,9.235712160830150674e-02,-3.556601465169792822e-03,1.924029891970975570e-02,-4.436509282806789245e-01,-3.744209886985088720e-01,-2.790186231773423287e-01,-1.173455709548419656e-01,1.423676173540620593e-01,2.678210298308364781e-02,-1.005288978131012138e-02,-6.443014939297844745e-02,-4.650284157388113321e-02,-4.353160954503414171e-02,-2.763405291129876762e-01,-3.077538795670003990e-01,-4.720230864434470375e-01,-3.518013337960482212e-01,-3.303313448621455484e-01,-1.216564493141367026e-01,-3.549821445400008213e-01,-3.323916358502496116e-01,-5.244830096933597030e-01,-4.278883298714545314e-01,-4.511003826705167752e-01,1.908499294243860278e-01,-1.876606324054607422e-01,1.090063689763786162e-02,-4.154105493259233617e-01,-6.080783638132063462e-01,-6.045615609986342287e-01,-5.951421620967629611e-01,-3.377784647176397814e-01,-2.621985400744920036e-01,1.201336873026478125e-01,-1.487311916216026708e-01,8.258158941196155900e-02,2.114006727791909596e-02,-1.752858320915293422e-01,-6.136639570910495944e-02,-5.354996258994212388e-01,-3.200673975180637898e-01,2.853941783770605478e-01,5.232378676819117169e-01,4.239161866354468344e-01,4.586807780834666337e-01,2.617132552433765191e-01,2.033398938917844734e-01,4.674294843673772876e-02,1.260855601631568623e-01,-1.117427723940757761e-01,-3.863653884744608358e-02,-1.394889440978870077e-01,-7.382996851646285441e-02,-8.752273720405735757e-02,-1.530477654614459393e-01,-1.524441029468945330e-01,1.510096921786556641e-02,1.539435658982504507e-01,2.714653311612002518e-01,2.200650055348168585e-02,4.052250385439890024e-01,-2.975547671004404315e-01,4.868033282999674471e-02,-4.398954760056369984e-01,-2.186852729769886150e-01,5.106545533113345803e-01,2.554781437057035420e-01,1.768579912555377220e-01,1.600595564363831713e-01,2.458959649930051727e-01,3.408058695285422490e-01,-4.368464221358448786e-03,-1.554727265446957107e-01,2.792980504289553356e-01,4.604533557845197911e-01,2.596607051529732993e-02,-3.107932496213011708e-02,1.778770563115004699e-01,3.517707422494327218e-01,3.930822967647863986e-01,2.646090868698146026e-01,1.810606256872694109e-01,1.655591289868472704e-01,7.038838269078039056e-02,-1.681180076648545463e-01,6.786753633461235780e-02,3.564993670471136578e-02
-3.293547942879590518e-01,-3.711827481712585142e-01,2.091100791689082528e-01,1.972612332099540622e-01,6.164911522890011986e-01,0.000000000000000000e+00,1.444191142720670229e-01,3.452296007264688549e-01,3.318787076124155022e-01,8.083731748099197700e-01,1.611248809681912753e-01,-4.750381991169429219e-03,6.772624053559131441e-02,8.245858529882429608e-03,4.586605513825637304e-01,4.509291087987489788e-01,1.976816235447346470e-01,2.211959202049817164e-01,-2.460664185407153981e-01,-2.681500769692382602e-01,3.294831546206437034e-01,2.420833054999068368e-01,2.888621339726335155e-02,3.292189167261987959e-01,3.783656642747562082e-01,5.108305525532974567e-01,3.910555675466243497e-01,7.018268411523364003e-01,9.251053466627266741e-02,2.418652063481522285e-01,2.129811859135639640e-01,2.912419025038198162e-01,-3.374505151075726239e-01,-1.614125340336883818e-01,-4.932926316797046906e-02,2.889737519040426750e-01,1.218956186127390963e-02,-7.157863871934813660e-02,-2.240501803742287745e-01,-2.215032217955608951e-01,-2.954138359263957514e-01,-1.165130603227082090e-01,-2.455943263303383139e-01,-8.465806219432323032e-02,-2.709075559273848577e-01,-2.012440463863159890e-01,-6.905055611590867580e-04,-1.670265781668922589e-02,-2.059931323139196635e-01,-2.888136149657435925e-01,-3.234552475512073033e-01,-4.713551699271178452e-01,-2.754021795892670488e-01,-1.348580991434002452e-01,-9.679622182750407394e-03,6.890522622728899316e-02,-2.375258863332293524e-01,-4.181453444060339586e-01,-5.543425581686192150e-01,-5.640608318496370677e-01,-3.313354455537780852e-01,-3.042633741916712653e-01,1.093990774875815558e-01,-1.122228535487717616e-01,1.302240315861842856e-01,1.146897368334234696e-01,-1.074688214562568300e-01,1.813523925723148633e-01,-4.019009890381668448e-01,-2.375444431734797246e-01,4.827581622927054061e-01,4.050619263187183461e-01,2.489918257474315888e-01,3.454357517879219075e-01,2.632504019676762397e-01,2.003789182538505687e-01,1.761404614781733879e-01,1.350561967628862992e-01,4.455595784550215460e-02,-2.671489646615946706e-02,1.021354687603467787e-01,-1.674242347076863521e-02,-5.601304233690843765e-02,-2.060833402060089359e-01,7.559847889551300770e-02,-5.953965246074385820e-02,1.442244829475591572e-01,1.187843595224959414e-01,1.139641175634709125e-01,-1.419293129850625508e-02,-2.652725902038968742e-01,-3.077559674162648751e-01,-3.344829095558927712e-01,-4.284285619463072958e-01,3.544203569067995718e-01,1.722835381178147995e-01,2.236546054534237771e-01,2.819959965524688750e-01,3.129290589908487186e-01,2.684066911697233770e-01,1.891022429023378037e-04,-3.947654679478972972e-01,3.095604239373735966e-01,2.063280409723160236e-01,9.391829747322888444e-02,-2.464270851874088841e-01,1.531919577429921575e-01,1.515125122237322153e-01,1.756473688162895064e-01,2.191618670710714090e-01,1.388286751829288512e-01,7.501769992773749118e-02,-4.206023981970583719e-02,-3.728581609303123767e-01,-1.561358891314029440e-01,-1.515533798109454933e-01
2.712035995322001902e-01,-2.413332389985445858e-01,4.453853758389548778e-01,2.992149633217199289e-01,1.679346266913118169e-01,1.444191142720670229e-01,0.000000000000000000e+00,2.337162900284112665e-01,1.955825086081798003e-01,1.535141824894531437e-01,4.403310431577838191e-01,1.395185950817124168e-02,4.817786880124526605e-01,-1.958817007539932487e-01,3.906456999778824823e-02,7.046657301907913173e-02,2.299918006639225798e-01,-1.830938755809621288e-01,1.568251196329697172e-01,5.631725620787872422e-02,-4.649022682124660799e-02,-7.289629821548432309e-02,1.479979461028761434e-01,3.115667168214888635e-02,-6.696936545583646871e-02,2.253417840207379980e-02,-1.117147435194953131e-01,9.620407819855000819e-03,3.089879215752869834e-01,-1.777289170937482732e-01,-3.569813644474302550e-02,9.627309332320791238e-03,7.282400874161465074e-03,-3.720910055374548192e-02,-1.391331607346835975e-01,-1.800656165258321117e-01,3.473034625654018021e-03,-1.559213653521475396e-01,-8.058780489481040532e-02,-2.405421644888291188e-01,5.995376206827389420e-02,-2.094067210028293380e-01,-1.365413256888105831e-01,-2.844083096662585741e-01,-2.990865784145775308e-01,-2.748504259697184815e-01,-3.278402401856378434e-01,-1.970249822310621846e-01,-4.038032754839353533e-01,-2.358583118198721296e-01,-3.708954524784234263e-01,-1.848703760882644542e-01,-2.805982950633825745e-01,1.112687481629274222e-01,-3.400146018485747379e-01,3.084883361794775458e-02,1.652787364319825980e-01,-2.623945787227658366e-01,-1.651204673822629365e-01,-2.087808381277863057e-01,6.423681781911208533e-02,-5.897576003146832307e-02,3.045973347526062525e-01,-1.612637266682714621e-01,-1.194228839923245078e-01,4.444840183667730926e-02,-3.059605095723030299e-01,-3.264040294001395726e-01,-1.499399077883933548e-02,-1.169075751743656744e-01,1.250768564675768246e-01,4.076593651515489358e-01,4.119409574748009173e-01,1.785448586946797589e-01,1.361490240224373302e-02,1.428564055969236690e-01,9.310796188823298666e-03,7.573974359148673285e-02,1.373154009459579342e-02,-5.234443535506601991e-02,1.145272140996647647e-01,-7.375688408176135635e-02,5.144806146770609934e-02,-2.079719254158000907e-01,-1.678549098176417564e-01,3.869210466959881883e-02,-2.094302551957580305e-01,-2.392927242242674224e-01,-2.121865314836169358e-01,2.489408756367338660e-01,-1.704864700517095821e-01,2.447349065846261273e-01,-2.446087165873175040e-01,1.211532301234318348e-01,-8.503447385617350640e-02,-4.965889401387562491e-02,-4.649302217638701107e-02,-1.312087446520646683e-01,-2.018233779419490934e-02,9.059361016762232377e-02,-2.257750488958941149e-01,1.239884178300097034e-01,-1.067079102195728213e-01,1.567579657243975688e-01,-3.952509393213212742e-03,1.222601863527486565e-01,6.515225377779214344e-02,3.532823124043212026e-02,9.067186026975310176e-02,-1.644353479297510634e-01,-9.163974549627287858e-02,-1.011558014789101650e-01,4.410636887296810575e-03,-1.761194437606509178e-01,-1.889828722189534904e-01,-4.959123599046234843e-02
-2.441367186655379190e-02,-4.023653303725443857e-04,-9.502217849806475491e-02,5.507746900070047413e-01,-1.299962480428675134e-02,3.452296007264688549e-01,2.337162900284112665e-01,0.000000000000000000e+00,-1.390731216848003216e-01,3.525196051209762982e-01,-1.794068325109728634e-01,4.813254367672173406e-01,-1.215350474965252586e-01,3.725373682017664168e-01,-1.918455164235539911e-01,2.191328985818681019e-01,-7.519051786889725808e-02,2.251041188437477927e-02,2.196451642564008558e-02,5.111263621446188177e-02,-2.407342138505268736e-01,-2.306410900757473736e-01,-1.318967559599845407e-01,2.116866327736647568e-01,-1.715661556037527402e-01,1.773983821601030630e-01,-3.796402741146289173e-01,-4.442179521439235113e-02,1.128574615341817466e-01,3.072805113272505939e-01,2.044183620911310326e-02,2.790814400407520268e-01,-1.469695818687668382e-02,3.169829621948977993e-01,-3.007199726450479615e-01,3.046502673088818600e-02,-4.929164326661196194e-01,-4.823108088923798720e-01,-4.431459899800381796e-01,-4.017721946789987175e-01,-2.948777427570068999e-01,-1.923293749158843102e-01,-1.355178889891025806e-01,-1.312842366927176874e-01,-3.774888590616226614e-02,7.336936585662021115e-02,-1.214543365556430415e-01,-2.477656369328950503e-01,7.551495628041565884e-03,9.417102209564405524e-02,-1.141912928647211417e-01,-8.916161996427532377e-02,1.461665465799120642e-02,-2.146688280745886190e-01,-2.305660921605229285e-01,-9.962159352800235845e-02,1.524345704850645425e-02,-1.324999616858862361e-01,1.045999728964313973e-02,1.239925938995718319e-01,2.557856231843982919e-01,4.857858839253962335e-01,3.663126029987504029e-01,3.717846197359447880e-01,-3.233448005975155248e-01,5.762448046521394529e-01,-4.920257388378435626e-01,4.412727689016562177e-02,-7.388045733633612222e-02,-1.884631626521382219e-01,1.336877787573192977e-01,1.832479094414189158e-01,1.659480611032082553e-02,3.220736047922669876e-01,-1.063699832820820396e-01,2.967003582399374562e-01,2.074689698819388514e-02,1.213818541690206698e-01,-3.082310720425826545e-02,-1.029881800644752016e-01,1.256153915402282994e-01,2.961573304396514228e-01,-9.425103398304156277e-02,-2.020990461449973796e-01,-1.529057481983859268e-01,3.071176517443606202e-01,-2.308542981888336842e-01,-1.156067784581978619e-01,-1.438891066923662365e-01,-8.839544431384506462e-02,-3.568460794240344014e-02,-2.840403927799335926e-01,-1.542908479839957547e-01,-2.621718793508362455e-01,-1.266229678986892648e-01,-2.673350879666866464e-02,-2.670311207620097438e-01,-4.691156585816730340e-02,2.125894046294715678e-01,5.663427507214915252e-02,-4.916638955922276316e-02,-2.235573345113970600e-01,-5.729329424084409622e-02,-7.999222057758237359e-02,-7.411352634804961592e-02,-1.969505260962513271e-01,7.348078130882723658e-02,-1.043283161747150523e-01,-1.298140839243797917e-01,-5.693237622333355979e-02,-3.105143853892126660e-01,-3.197476058024847217e-02,2.514606425920095853e-02,1.496843827161659611e-02,-3.124266955623657971e-01,-6.350921459673533609e-02
-3.893504263589244174e-01,-5.321709998278557618e-01,1.040549019499271977e-01,-4.019155186662915491e-01,6.893427279044229694e-01,3.318787076124155022e-01,1.955825086081798003e-01,-1.390731216848003216e-01,0.000000000000000000e+00,4.732034692314000535e-01,3.843679051670746971e-01,-1.183369125853970562e-02,4.685313793484562894e-01,1.066523660985844446e-01,6.114459070859143974e-01,3.409850739679046172e-01,3.784990997337712298e-02,-1.151036366468289746e-01,-4.130039374147455589e-01,-4.813016373450785257e-01,2.717222033158922523e-01,1.740267028234062652e-01,-1.777811408284540873e-01,-2.926868168937201142e-01,6.983786420755914992e-02,-1.843939831394944551e-02,4.754060235229502496e-01,3.412648788722182358e-01,-1.223034436762126531e-01,-9.827995439047695903e-02,-2.360034141629422655e-01,-3.805410782607404618e-01,-5.791429327545877248e-01,-6.038906042454770251e-01,-2.589986380882312034e-01,-2.702507372169176136e-01,2.855560599691273072e-01,8.058763643902003282e-02,1.136309947432622425e-01,-8.918311334426649861e-02,-2.309421958088455143e-02,-4.731369154875605249e-02,-3.645192085449057706e-01,-4.552000763310940501e-01,-6.159929903883266666e-01,-5.242006148060893711e-01,-3.835446627831625710e-01,-1.809458823244946002e-01,-3.582766256172535968e-01,-3.418000573467893100e-01,-4.029902951036541392e-01,-3.653998188289446780e-01,-2.743566182563514921e-01,1.794002440375766783e-01,5.970552406917892241e-02,-4.592967555476766550e-02,-4.153156766741954997e-01,-5.851321415048728047e-01,-3.623247555163551237e-01,-4.913297139214102827e-01,4.364506855559110304e-02,-2.446186942630469985e-01,-9.317811702583625455e-03,-2.901388839700568267e-01,1.720110136059584960e-01,-5.252096480777649484e-02,-1.816440493523656108e-01,-3.007808651780178866e-01,-5.265790857586406526e-01,-2.901456264464989943e-01,3.504516887622882715e-01,3.657003519215050735e-01,3.791865684595231989e-01,4.143520474426169997e-01,1.927142623424749068e-01,2.637002722755554807e-01,1.116914878104322828e-01,-8.102808268412906023e-03,-2.461800345588427141e-01,-1.679386745338317943e-01,-1.244383525799435258e-01,-2.812535119344459211e-01,-2.105368549344324436e-01,-1.823937000586741408e-01,1.037182634428087252e-01,-1.739244429775015643e-01,1.983209194273851533e-02,-6.848460127386249430e-02,3.696880530060901449e-01,3.247652907663998723e-01,-1.318476641215779732e-01,5.147645514093092400e-02,-3.846731661123480861e-01,-2.050171963087389360e-01,2.953279076375887602e-01,5.334130251743632312e-02,1.881466039944497959e-01,6.700071678082759885e-02,2.333860003913010572e-01,3.586655034991910740e-01,1.400769894520659531e-01,-1.256049116730418580e-01,4.303439537380002733e-01,4.122060927407869002e-01,1.521997468662650843e-01,4.671652107558971374e-03,1.545599682365071115e-01,2.031798453430974094e-01,3.345475423107491242e-01,3.161177301933363881e-01,2.362690077065061067e-01,2.074820799656373616e-01,2.296729338182031122e-01,-4.739988200115678035e-02,1.889652380109076713e-01,5.533933519386301236e-02
-3.954816319136481573e-01,-4.237595951017287810e-01,5.466769801402886209e-02,1.920566181567512631e-01,6.648656363392450031e-01,8.083731748099197700e-01,1.535141824894531437e-01,3.525196051209762982e-01,4.732034692314000535e-01,0.000000000000000000e+00,2.498532356614512340e-01,4.139866494677221093e-02,1.814189373355318824e-01,1.687293491840939352e-01,4.016111468810584229e-01,6.200522785653370672e-01,2.359461536694691663e-01,1.106124255647570054e-01,-1.748677753262189716e-01,-2.186598623053609969e-01,2.520275088177363343e-01,2.267585264269771639e-01,-5.179857379874503592e-02,2.006321383166469741e-01,1.048988211932507103e-01,2.606728562410132177e-01,2.496037270993142765e-01,5.680157326478718627e-01,1.865444712284739515e-01,2.964903756272235791e-01,4.103069286071776151e-02,1.438218341108897513e-01,-4.316991887029679731e-01,-2.787150004933560132e-01,-3.316054944084494971e-01,-7.695552680793136743e-03,4.468260276013132776e-02,-1.127448718536840921e-01,-2.722189273062458614e-01,-2.212367660152776694e-01,-2.367488336759021872e-01,-7.816969195254858116e-02,-4.116133069073771855e-01,-2.972573008007634576e-01,-3.955380283390842466e-01,-3.121681487448021985e-01,-2.967619812804855317e-01,-2.934546805951240844e-01,-2.652440387545634826e-01,-2.651281476482885147e-01,-4.730201165316229583e-01,-3.920111520739995581e-01,-4.357792303783185051e-01,-4.564623112014028899e-02,-2.153007330354280990e-01,2.418151048761395944e-02,-3.513662024745008439e-01,-5.540407466119826596e-01,-5.911261685923653308e-01,-5.689445305694631472e-01,-2.788462619036616297e-01,-1.071287909946373879e-01,2.852685053653751246e-01,-3.548545532956823290e-02,6.080701702357916433e-02,2.287734931617471379e-01,-3.688765910837930595e-01,-6.399133435784035151e-02,-4.523816391258179137e-01,-3.190306408148748663e-01,3.153858462540964358e-01,5.292764679895972657e-01,2.976076349616157968e-01,4.255255196610414625e-01,1.025088694352957880e-01,3.125415780473062566e-01,9.238891048064717948e-02,1.608909338105006526e-01,-9.969555810627005188e-02,-7.916013034894002487e-02,-1.357251287945560603e-01,6.310189681897197811e-02,-1.471355568605683950e-01,-2.870383348768339449e-01,-1.934923873464379496e-01,1.389384022424919318e-01,2.773288976926079757e-02,1.487195054224164092e-01,-3.489977456651754267e-02,7.491806812348067446e-02,-3.650555142442734047e-01,-2.265448590308780652e-01,-3.628059198026846177e-01,-3.282748063943140560e-01,2.856731114884697997e-01,9.762268411239145849e-02,6.121624783307647033e-02,2.134530807009427933e-01,2.889678950271942770e-01,3.591506390968561280e-01,5.760047749907650644e-02,-2.999123124467260038e-01,2.055410570146921356e-01,2.993699040676087719e-01,5.526951925543738264e-02,-1.757218517825600290e-01,2.309075119039908364e-01,2.747685913598292284e-01,8.077169808199770318e-02,1.552927613380616634e-01,5.002048587497084919e-02,1.472136753256870767e-01,3.757113510809952095e-02,-2.817601783691103812e-01,-5.310957595524706809e-02,-4.653599851749925381e-02
1.338908041218475620e-01,-1.525764550322370183e-01,1.595418139007824809e-01,-1.355470819581004738e-01,1.049164899049804395e-01,1.611248809681912753e-01,4.403310431577838191e-01,-1.794068325109728634e-01,3.843679051670746971e-01,2.498532356614512340e-01,0.000000000000000000e+00,1.136766703365509890e-01,7.913342152393617601e-01,1.721048965835081657e-01,2.903885493772038751e-01,1.081539130679212840e-01,5.125445530740144751e-01,1.687193771044275536e-01,1.346311454194704937e-01,-7.429809984155005820e-02,-1.421717698763615700e-01,8.476851268774848736e-02,1.110132105530445973e-01,-8.091761566505847880e-02,-4.812727453646559184e-02,-1.107754019639988798e-02,-6.849861626270935255e-02,1.703348127614440488e-01,4.953706833756902350e-01,-3.215001411700576378e-02,3.501956233283699815e-02,-1.538961035369725561e-01,-2.475045615365355223e-01,-3.255634833673524131e-01,-6.584388062331929248e-02,-5.628772792038932993e-02,1.353345138994780095e-01,3.954273958984354069e-03,-1.642578400755044243e-01,-2.950808563994586908e-01,-1.417508183340593642e-01,-1.616298855927481570e-01,-2.239705235518142101e-01,-2.329765320950079599e-01,-3.988065613258084952e-01,-4.092349998951356760e-01,-1.972926450796387843e-01,-1.262205545623701006e-02,-3.406214511028108904e-01,-2.333084291513661535e-01,-1.758006226804308125e-01,-4.800290144121841657e-02,-9.869749776000982799e-02,1.549499158469681837e-01,-2.147306516769252258e-02,1.398327409447455705e-01,8.316835933869025366e-02,-1.988789025791512233e-01,-3.099395583815118260e-01,-3.382296411914473833e-01,7.773533798432219477e-02,-2.088381100696217185e-01,3.436020021175414385e-01,-8.593498833600851650e-02,2.880396007432189584e-02,-2.828877454267269553e-01,-3.494616523250275164e-01,-5.295442843311979342e-01,-1.078851911577271699e-01,-8.832868147538586179e-02,1.745263279889441022e-01,1.503573236864824691e-01,3.661026846455081585e-01,5.981423874439907584e-02,1.410468591505895097e-01,1.877911998862453469e-01,1.231698143349490571e-01,5.778186288571941082e-02,3.504727980954195059e-03,1.428710891361992807e-01,1.203942171767547892e-01,-5.539938297371585496e-02,-1.637002942328558419e-01,-2.007247888244892975e-01,-2.542950371812309138e-02,2.777051454324202823e-03,-2.288717319831223007e-01,-3.742605514569193881e-01,1.884798658024934700e-03,4.264900565539808674e-02,-1.661765454422054200e-01,1.225549714050934991e-01,-9.340219521432509275e-02,1.125658009924514757e-01,-1.239514713102651822e-01,-2.542206786265830409e-01,-5.127829558366932272e-02,-5.522282967254570074e-02,-7.813228560708125603e-02,1.080593837767907933e-01,-1.289088326088766445e-01,2.384395547403484611e-02,-7.944195402145243223e-02,1.053290444160371597e-01,5.158252519303391237e-02,-5.695426195750052240e-02,-9.074721911600888702e-02,-1.429995139122576184e-02,3.916982046118333560e-02,6.905961451433564879e-02,3.424742401998204233e-02,5.849536579488322577e-03,-1.287194053557244311e-01,-3.466438254694714782e-01,3.883766129127622091e-03,-1.238044416783448815e-01
1.884413675056145765e-01,3.401144166861856388e-01,-8.180946387071752479e-02,1.871933336056853803e-01,-1.709643189076122116e-01,-4.750381991169429219e-03,1.395185950817124168e-02,4.813254367672173406e-01,-1.183369125853970562e-02,4.139866494677221093e-02,1.136766703365509890e-01,0.000000000000000000e+00,1.930940109477575217e-01,6.163652460444390968e-01,-1.212440937160263882e-01,6.096226867114509784e-02,1.239421811560009606e-01,2.142940830979426226e-01,2.121432627901736756e-01,1.951964700928824903e-01,-5.049858790937860054e-01,-1.200054793108148860e-01,-6.560400760831285039e-02,-7.824689814276288014e-03,-2.047895887945015703e-01,-5.709440269127754458e-02,-2.322007470870282864e-01,-4.270316218248340623e-02,2.063085580506872629e-01,2.925006391999639410e-01,-4.802698229111946465e-02,-4.626678899330392142e-02,-3.394365818839861250e-03,1.233979606749733976e-01,-2.041715736626056044e-01,-1.766192088902242552e-01,-2.743664823603751413e-01,-3.214366548634257637e-01,-1.349184046379904300e-01,-2.811488364980040400e-01,-1.403142101764130456e-01,-1.263966746978936739e-01,-1.369197921522098960e-01,-2.296991592405216165e-01,-5.376034026882171163e-02,-1.783387924040540362e-01,-1.744243556702049225e-01,-1.271215245235491342e-01,-5.133974035422741999e-02,-3.666959825668408834e-02,-7.376197327900761713e-02,-2.160354161580261938e-03,9.121922912757876589e-02,-2.622109566665569158e-01,1.514391735571767039e-01,-5.354344869981281924e-02,1.173138776398085920e-01,1.764883301997329235e-01,2.377073248354854840e-01,3.355005295314070213e-01,4.895798166656926131e-01,5.358579133699817865e-01,3.198873315708269938e-01,5.292993865678294885e-01,-3.393708974213202612e-01,7.297537813978099974e-02,-3.866003242153237540e-01,-2.502474878829509808e-01,6.751593660530370855e-02,5.482548136434202413e-02,1.193252938562825924e-02,5.315243494038510152e-02,6.298961671747239921e-02,3.134033528585977724e-01,-7.583854739268819367e-02,2.657568466634052107e-01,6.258799227619017691e-02,-5.545533063983419317e-03,7.596839416392982269e-02,1.527042316012352241e-01,1.708106136481803983e-01,3.010951052326035216e-01,-5.321154458204351706e-02,5.143038465001848608e-03,-1.023506567064578349e-01,2.315869790543184648e-01,-2.593984019743508784e-01,-2.440101505779810054e-01,-1.874075797658140714e-03,-1.950484376376649398e-01,-2.630047917346888808e-01,-3.498363347255797340e-01,-2.554971805262873930e-01,-2.920689236161467250e-01,-2.095184708793204342e-01,-6.912049805873628217e-02,-3.330447776231613699e-01,-4.015184149907993771e-02,1.175334154472744809e-03,6.102089792614867614e-03,-4.994888705363689091e-02,-1.724597103633511153e-01,-2.302669299769722136e-02,-1.167959188390834124e-01,-6.806324220536065506e-02,-1.533826180354443125e-01,-4.975634700041747793e-02,-8.913061230193250473e-02,-1.757868299283276980e-01,2.734607255238041823e-02,-2.675125689907303927e-01,-1.843058012842528903e-01,-1.861087802092852017e-01,1.046868504068143857e-01,8.754411037228557180e-03,6.887756812807049878e-02
4.519758264726020380e-02,-1.655372179669325483e-01,2.386620187192786680e-01,-1.714008473558523704e-01,3.365583028120629899e-02,6.772624053559131441e-02,4.817786880124526605e-01,-1.215350474965252586e-01,4.685313793484562894e-01,1.814189373355318824e-01,7.913342152393617601e-01,1.930940109477575217e-01,0.000000000000000000e+00,2.595311251711864831e-01,2.960986012094466990e-01,1.846714446638992313e-01,1.605684000883704776e-01,7.739975115359536660e-03,-6.326869951823950455e-02,-1.434840874342388495e-01,-9.707698955076544955e-02,2.005273334684855857e-01,7.869818980914417006e-02,-1.194212782429810576e-01,-4.245644034582501947e-02,-8.544003622116255747e-02,1.278680750227231822e-02,1.331978455378255155e-01,2.303669781424969865e-01,-1.036347431399662067e-01,-1.405162433750354288e-02,-2.116935893523661794e-01,-2.931086020155375116e-01,-3.888510483003247420e-01,-8.859579699742038683e-02,-1.412087358770080792e-01,2.965589761330817420e-01,9.969566841805949098e-02,3.280407242329599904e-02,-2.266382465716711425e-01,9.163849923877079307e-02,4.896195145049291042e-02,-2.902936582049416847e-01,-3.387160585852292405e-01,-3.900452169832521188e-01,-4.566358435257715787e-01,-2.951985592966182570e-01,-1.006489472478028641e-01,-3.579670989018135518e-01,-2.394652640409248578e-01,-1.261650217239558280e-01,-6.340948898321756289e-02,-5.870878683148348515e-02,4.852914179675678341e-02,1.142350191938782955e-01,1.410712349915730079e-01,-4.107983385853129776e-02,-2.399174927904102750e-01,-1.496016659646150215e-01,-3.035978056997073460e-01,1.702682509437218883e-01,-1.815119362507389145e-01,2.038996282715510866e-01,-1.451849138567096464e-01,5.373580905325215512e-02,-1.715199711489095724e-01,-2.784826886274498481e-01,-5.032687529023136541e-01,-1.130770789354681033e-01,-2.067124320063234988e-02,2.182898865836976066e-01,2.166875163375767133e-01,4.771958843067202749e-01,2.596637367217535797e-01,4.861261029494472891e-02,2.248969883589127805e-01,8.390293518141815621e-02,-4.216356843291632628e-02,-1.177775265473626487e-01,-2.733667030864829484e-02,9.002521616359730749e-02,-3.262561920076827854e-02,2.297549895291527838e-02,-5.698300755544671164e-02,1.892884599434626336e-01,3.540100041093264226e-03,-1.862363780956141635e-01,-2.972415676306024990e-01,1.831940994023188440e-01,8.097058062573721238e-02,-1.704049244274663810e-01,-1.764510811669933038e-02,-2.082526168096084929e-01,-5.751759150791206643e-02,-1.802831447374015628e-01,-2.767652254676158941e-01,-6.097552666183735093e-02,-1.637577235868873937e-01,-5.821317371456241618e-02,9.848729772663412929e-02,-2.039797664249080530e-03,-6.473615356202308546e-02,1.342150202890031729e-01,1.563409980615923789e-01,1.116789055266983188e-01,1.679862784215840898e-02,-3.210692721269252370e-02,-8.312228921911298668e-03,1.173007295159783081e-01,1.132574694477120614e-01,5.696943788523203822e-02,-4.108390689600205370e-02,-4.988596422648471085e-02,-1.243022502104421251e-01,5.351553205442557970e-02,-1.271869862250499250e-01
