0.000000000000000000e+00,7.710673573587943919e-01,-2.315990662951602774e-01,-2.685358075893093388e-01,-6.301363199188435293e-02,1.065822205513854981e-01,-6.387523135724257339e-02,-3.352457129445760575e-01,1.793030470117581709e-01,3.579118529706498131e-01,1.535803266627427111e-01,3.812030654024175375e-02,-2.685949638820634977e-01,-1.904666322371185716e-01,-1.112710829714473743e-01,1.531673397840345729e-01,3.645290488890378655e-01,3.580345046497122041e-01,4.462116365671150442e-01,4.047229846854771829e-01,-1.947445082417662843e-01,-1.343972842685597358e-01,-2.393742926949877017e-02,-2.727038551080254725e-01,1.165969560606652800e-01,-1.907104457019064558e-01,7.577189771294332021e-02,9.087954330965568317e-02,2.085637934479964983e-01,1.348556713012044606e-01,1.129662946509531474e-01,-7.580412974042562146e-02,3.799647407560438062e-01,3.101982610596076828e-01,7.943020434424886977e-02,-1.123273173600678049e-01,-1.741449157595955088e-01,-6.380924557720381307e-02,-1.357285801815969195e-01,-2.403760092284574212e-01,1.919504782909817187e-01,-8.190937166210157314e-03,-4.990274262787904730e-02,1.608376046549347405e-01,-2.349126946010747785e-01,-6.653083803244352890e-02,2.102370566164389956e-02,1.099177505164812968e-01,-2.607131450880948442e-01,-1.009491842307736614e-01,-3.408906099282950075e-01,-2.983348777034324772e-01,-2.535673065848507157e-01,-2.414963417544054580e-01,-2.105896898453950283e-01,7.392879687710922701e-03,7.361386781870692397e-01,5.498614807572129726e-01,-3.145179115283720621e-03,-1.731756594824298556e-01,3.040790176599750261e-01,-2.005933171203635734e-01,3.925525899571952193e-01,9.990416326225304289e-02,8.358907885903663071e-02,-1.059551534320248706e-01,-9.075128764195623463e-03,-4.840256396327084071e-02,4.837994014281513655e-01,3.344489336867718654e-01,1.535041826493316330e-01,1.574634370966010097e-02,7.174363906765647558e-02,4.503189796752828794e-02,1.442015286438095567e-01,1.287694524228032988e-01,-5.705886929725999951e-02,-1.137061881609000846e-01,2.968367009858173255e-01,3.199929501701294088e-01,3.113128410064759932e-01,3.206227738934267490e-01,6.908996609743915662e-02,3.484081859490846533e-02,1.332785083434589457e-01,1.308534183678699836e-01,1.266133901995192268e-01,8.255653250402500420e-02,7.808618490967325632e-02,-1.319295611522656730e-01,-5.018987829897540998e-01,-2.210641252270143520e-01,-3.098110040819707089e-01,-2.330173394311777502e-01,-6.916169543802776210e-02,-1.057468085342254116e-01,-1.968006923151873477e-01,-1.334658023619881007e-01,-1.761738074802903231e-01,-1.327127812562147180e-01,-4.334417082393495768e-01,-1.408588122934958664e-01,-2.599148445642638916e-01,-6.841031988967283262e-02,-1.208800121905075076e-01,-1.614159386801012133e-02,1.176321969226542113e-01,1.899066583180158418e-01,3.801010102766753246e-02,-1.664298543776886463e-01,-2.888353363548723518e-01,-3.191953768903019184e-01,-4.239885524840914521e-01,-1.737244160219650335e-01,-2.998018159863214405e-01,8.141452536854286437e-02
7.710673573587943919e-01,0.000000000000000000e+00,-2.537026516049417646e-01,-2.578165098863745008e-01,5.613432874624981611e-02,1.309312048975174725e-01,-1.954099680979408948e-01,-2.351656498937695627e-01,7.373968183570532575e-02,2.036591229295271477e-01,-4.940442798458712786e-02,-1.541688639892291601e-01,-4.187572846989319753e-01,-3.529417810285428447e-01,-2.208812912358850966e-01,-9.437662629182122509e-02,3.573550685113321967e-01,4.313677184231613504e-01,2.522065001809204454e-01,4.878304465556634884e-01,-1.437505757654106986e-01,-5.467059361394559225e-02,-1.641306234791461427e-01,-3.092767312342448727e-01,5.100531803362308436e-02,-1.881417468682554661e-01,3.126834530427866337e-03,1.490980280483091003e-01,2.504189827090227971e-01,2.418182858766071974e-01,6.958653568359882136e-02,-1.093206258273595882e-01,3.216533117814325826e-01,3.422966353917787363e-01,-7.069885411655237040e-02,-1.451811041656866086e-01,-1.370198809823187092e-01,-9.773901099861374842e-02,-4.345354832707795656e-02,-1.091658808851031365e-01,1.499475335989434444e-01,-4.056852492559652468e-02,2.860408365755829144e-02,1.910166037255254523e-01,-1.235083466752188858e-01,6.694253599233332408e-02,9.552348373617833288e-02,1.150325017537406763e-01,-1.931448783228262300e-01,-1.154775773956788210e-01,-2.702153183931476077e-01,-2.939014484391476723e-01,-1.700940730559243608e-01,-1.892762533930005819e-01,-4.652898253807452415e-03,4.291921346562183048e-02,8.553192374407270204e-01,8.240360589506703359e-01,-6.758965954007771504e-02,-1.921974921733394515e-01,3.596268608291283003e-02,-1.643501535443541994e-01,3.862434681239632073e-01,2.808484663943587312e-01,-1.495406201986881067e-01,-2.465748425849192682e-01,-5.816554490473892225e-02,-2.769425010478138854e-02,5.508835776091968173e-01,4.882717577532342812e-01,-7.079040125140718953e-02,-2.308856834964666538e-01,-9.447293498678044354e-02,-2.716427049583132816e-02,1.076859925778722998e-01,5.173429186998063090e-02,3.414529240040853342e-02,-4.937763905705400830e-03,3.485740402933596438e-01,2.962749281812994129e-01,3.615777314344766902e-01,2.912701648666728427e-01,-6.402611510160445552e-02,6.425464303705895330e-02,6.533829996090166625e-02,1.772022955976902334e-02,1.497602887494211277e-01,9.788734976727199444e-02,1.360883439105910475e-01,-1.173212690743913877e-01,-4.615908347779958953e-01,-3.766045056813262515e-01,-2.624268730931949567e-01,-2.858991004363076183e-01,-7.051363527533451026e-02,-1.120856606044353942e-01,-2.344964748508781768e-02,-6.632363379972587569e-02,-7.319543668053425656e-02,-1.519686519347322462e-01,-3.098119839202352344e-01,-2.322405692509946495e-01,-2.240973671137462264e-01,-1.311977633718685865e-01,-4.982525970983222446e-02,-3.008876660367691691e-02,1.337919368301742074e-01,1.802023852468586651e-01,2.801067418088208985e-02,-6.306907177290653477e-02,-1.438391207316701004e-01,-2.557334463783478284e-01,-3.918654405017457099e-01,-1.902476625153442791e-01,-3.296358607669059304e-01,9.419996840320848941e-02
-2.315990662951602774e-01,-2.537026516049417646e-01,0.000000000000000000e+00,6.807103715271684008e-01,1.288614884046461184e-01,-1.181438476282551525e-01,5.615228273757338906e-01,6.423223044604950971e-01,-3.213916568651983274e-01,-4.423918691204560827e-01,1.864090782509597310e-01,7.612154129934270430e-02,1.547520378381951056e-01,-6.725732083420518648e-02,-9.029347504690889148e-02,-3.424067665223254342e-01,-1.481192292337311367e-01,-2.456765199885145856e-01,1.701990604376543356e-02,6.389147366197918398e-02,6.490257205725952216e-02,3.471453679320102292e-02,6.048252470239127154e-01,7.035874415031407869e-01,8.985980321092976175e-02,9.963940711200942879e-02,-1.881278304927571643e-01,-2.105700907654856902e-01,-1.487441186881221789e-01,-1.656981179405121463e-01,4.783152251208220608e-03,1.952684381665969332e-02,-2.573751309148387609e-02,1.488586014581921857e-01,1.934278748049541585e-01,2.124174782932202188e-01,1.153225698661968640e-01,7.287403929084676490e-02,-1.325279019155448101e-01,-1.636010322820862228e-01,-8.720478974340571676e-02,-7.914996156113666970e-02,-1.459582190918998490e-01,-3.396385972474421089e-01,1.287337169510078816e-01,-1.582687208715797822e-01,-2.258717259392535315e-01,-2.499562838976970014e-01,1.323758043520439909e-01,9.161378660184455250e-03,2.406934021999595774e-01,1.585231221565018001e-01,2.400287590931052262e-01,1.529493191228324389e-01,-1.600533861631986132e-01,-3.690818796857803785e-01,-1.987206309552246863e-01,-1.883207570116759988e-01,2.000445701103440062e-03,3.196244916482290921e-02,7.945970891549461457e-02,1.400998253934287174e-01,-2.124469969387192680e-01,-7.739104722645959167e-02,2.365299360964623343e-01,1.354175014229188345e-01,-1.373084996521038541e-02,-1.747861378404987620e-01,1.827018370663808372e-02,-8.988253520537084484e-02,-8.506049624434559864e-02,-6.907625412545877197e-02,-1.174384700198436715e-01,-1.333392546551978308e-01,-2.227959344029246391e-01,-2.172172729450736473e-01,-4.521863122353015491e-02,-3.386256662229192305e-02,-8.891649435799549306e-02,-1.334830923956890347e-01,-8.678802866450062437e-02,-3.863328757484119635e-01,-7.994508598706012714e-02,-7.776100909777197701e-02,7.487501034463388272e-02,-2.021228245028549586e-01,-2.226201991592136331e-01,-1.979354879879809681e-01,-9.851059491137044433e-02,-8.227577516548012504e-02,8.972019416502359512e-02,1.190914088825517497e-01,2.244519349978507383e-01,1.673154211427503313e-01,-2.128272017099825386e-01,-1.316432033909115951e-01,-1.426836487860936864e-01,-1.661929371887204410e-01,-2.474377982308257617e-01,-2.175045245097490254e-01,-5.793223042818186619e-02,-9.123457391450949527e-02,-2.133008860119932071e-01,-2.710876371893585768e-01,-2.393738821886607637e-01,-2.276760881728510932e-01,-2.877357709613512782e-01,-3.838625810065145472e-01,-2.233316622533852713e-01,-1.583591728088446227e-01,-2.214975248823504439e-02,1.483974467156543575e-01,1.558122442023648080e-01,3.646815702440820220e-03,8.662596595761756779e-02,-3.067899955008961399e-01
-2.685358075893093388e-01,-2.578165098863745008e-01,6.807103715271684008e-01,0.000000000000000000e+00,-1.660480022309859804e-01,-1.030563650957574129e-01,5.344067086169170810e-01,7.242607269319383256e-01,-2.737327993745277133e-01,-3.028519283511605376e-01,-4.431078174027139327e-02,-4.073236089189022358e-02,-1.532005501502888174e-02,-1.317042641308502626e-01,-2.613385468301088754e-01,-4.225565960008835220e-01,-2.209960098153113672e-01,-2.620773454203312869e-01,-2.810988585139961859e-02,-5.279127001952513276e-02,-5.787502531611839196e-02,-1.356114369119914287e-01,6.416559327324939943e-01,7.922029424104120032e-01,8.704420311121517650e-02,2.309659672595794633e-01,-9.290307693334930172e-02,-1.533493776571400180e-01,-2.019549782340037680e-01,-1.565868065648385044e-01,6.986896023207096740e-02,9.946767527419755894e-02,4.881348695351300782e-02,1.403875466542618411e-01,1.321441627292113952e-01,1.756705777574229799e-01,-1.444249026425805521e-02,-3.199545229130220519e-02,-1.605774827833763851e-01,-2.820516721737488242e-01,-9.058678087254101730e-02,-6.101507220296097100e-02,-2.083058140036241068e-02,-2.692187450987841291e-01,2.683484501099265840e-01,-8.025042280224015459e-03,-1.249509868808710428e-01,-1.193136405553260060e-01,2.278219687675502592e-01,8.345840038915060266e-02,2.443069171239448945e-01,1.789934976593922089e-01,2.430817137524129701e-01,1.463075854471435899e-01,-1.590822197367065260e-01,-3.028579498027099692e-01,-2.639420837307354661e-01,-2.854176400344137221e-01,-8.063285075008523595e-03,6.763543596248268452e-02,9.310780260955490995e-02,2.127259129661752124e-01,-1.477272459232983337e-01,-1.026663126886416672e-01,8.332593467991541991e-02,2.510807815325598602e-01,7.746064463663188127e-02,7.011565198833116797e-02,3.327550953797524247e-02,-1.064276607542528896e-01,7.565336977304631949e-02,4.987652750562830001e-02,-7.914568845066866087e-02,-2.363408481389391580e-01,-7.299483544247636901e-02,-9.591339623894366839e-02,-1.314976143357265148e-01,-2.987586955902440250e-02,-1.324659330609380403e-01,-7.797872981641747192e-02,-1.609649573907719622e-01,-3.048554761119922629e-01,-1.460480630836842597e-01,-2.113343120017764365e-01,-3.393383359568086059e-03,-2.513831002204332948e-02,-2.684524243499486484e-01,-3.368127297821522648e-01,-9.710403569587820749e-02,-1.436497552319080107e-01,8.499711849074419179e-02,1.208565876115174353e-01,1.152269266397460690e-01,5.734984068202666346e-02,-2.517000015070244290e-01,-1.216057162146853970e-01,-2.443712365985365176e-01,-2.307652544928724403e-01,-2.013538096271783040e-01,-2.782482493594984896e-01,-1.763301411283854647e-01,-1.392302606643804896e-01,-3.025158106819731407e-01,-3.336090849514401491e-01,-2.257319057976393539e-01,-2.324523282156782111e-01,-2.701631895779307846e-01,-3.527448928604519640e-01,-2.262247303391991260e-01,-2.044421152254966567e-01,-1.303227009631220124e-01,1.172882195202582245e-01,1.350305074814953377e-01,-4.508502711226967247e-02,1.175754675692629453e-01,-2.125259115903601892e-01
-6.301363199188435293e-02,5.613432874624981611e-02,1.288614884046461184e-01,-1.660480022309859804e-01,0.000000000000000000e+00,5.807542670431768972e-01,-3.688879463146092774e-02,6.738593590014228807e-02,4.181623081270686160e-01,2.747441948472252871e-01,2.805880036548500378e-01,2.112585564396505522e-01,1.927161723494048018e-01,1.500121411880384337e-01,1.407452532056637229e-01,5.517858449883409483e-02,-1.580875098309716675e-01,2.587276391857424099e-02,1.493666815275613846e-01,2.336470483463700121e-01,2.980854928508057666e-01,2.552600566999498888e-01,-1.384633501956777923e-01,8.946956488105985150e-02,3.823218997652523821e-01,4.440663916696488966e-01,2.303656692337792966e-01,2.307568662213500543e-01,1.233030531343252689e-01,1.579193838920076032e-01,2.261793712805377221e-01,1.895344415021854301e-01,1.102904271945504000e-01,2.656250292454638284e-01,8.614773382781580136e-04,4.935697335860408930e-02,-2.189573497512133926e-01,-3.149261680161040133e-01,1.005304123763868934e-01,1.421469413737421195e-01,-2.421799606044502673e-01,-2.465062304727719256e-01,-1.397033458323377331e-01,-5.921020147590694283e-02,-1.287082636839080307e-01,-1.099893882835723327e-02,-1.059180838370585992e-01,-1.266768952260747816e-01,-1.056596397248052294e-01,-1.269978800311329092e-01,-1.550667791081521973e-01,-2.895004869621086718e-01,-2.389483007339661749e-02,-3.648128230455150445e-01,-4.194512431190239310e-02,-8.564552427665451939e-02,-7.748765978126968823e-02,1.400509097134846059e-01,-9.801688576414503695e-02,-5.367153659079918621e-02,-2.823040878937029333e-02,-1.182710504185886108e-02,-2.403927911118140109e-02,3.898027189540730769e-02,-1.415034602433176969e-01,-1.028474152633060273e-01,-1.041949449049022203e-01,-4.010408055703699320e-02,2.180663646945300502e-02,-5.117519536546497397e-03,3.190812036497537862e-01,1.855297188051237001e-01,2.418477710651318613e-01,1.129567155359063185e-01,2.512060045938058761e-01,1.607639921943853634e-01,-5.185463639077964558e-03,-9.831898057942727032e-02,1.975207685510359801e-01,1.223246839998357385e-02,1.030644382026506267e-01,4.548224841492982257e-02,2.900486372738676488e-01,-1.725294083545359514e-01,1.406059839072510420e-01,-1.461434851848757710e-01,2.147914864625094511e-01,1.392628771470945728e-02,3.529732436166443943e-01,-1.432439058357801720e-01,-3.818625913264563076e-02,-3.564590716106507684e-01,5.280471561877310427e-02,-2.812651827750024536e-01,-1.156753704953862871e-01,-1.374607239502882994e-01,-4.527736995978216827e-02,-2.494458756698025303e-01,-9.402718232028019207e-02,-1.794818010685046150e-01,9.524214315272819600e-03,-3.502680056792782937e-01,-8.021098599363574166e-02,-2.107105625251550207e-01,2.867309355284976616e-02,-2.195684436936900519e-01,1.734556791920699448e-01,7.773748414665077044e-02,-4.318265364953868812e-02,6.543257743773653800e-04,-2.837580845349508066e-02,-2.243020194275032186e-01,-2.315578515314226371e-01,-1.826504552337565868e-01,-2.308026810146129593e-01,1.296642557532541595e-01
1.065822205513854981e-01,1.309312048975174725e-01,-1.181438476282551525e-01,-1.030563650957574129e-01,5.807542670431768972e-01,0.000000000000000000e+00,6.933902432152166950e-02,1.000901251644552813e-02,4.984635533299109911e-01,5.852773868591881756e-01,1.186842832084439581e-01,2.668446207124154923e-01,-3.366497635336149902e-02,9.404086427862923259e-02,-2.418201558226370715e-02,1.643449592850993179e-01,-1.078583461288646073e-01,2.904494771105391449e-01,4.294939097448670640e-01,3.855219065345080742e-01,1.569552526257897082e-02,3.462201458418404793e-02,-9.273221183371212206e-02,3.823838761480200660e-02,4.987873582001106643e-01,4.536020629027825435e-01,3.494289678186118797e-01,2.700204074140024058e-01,1.980924117870514478e-01,2.934383620182559604e-01,2.585424420404708878e-01,5.477085128558792371e-02,2.942234888037197904e-01,3.277872723436631164e-01,2.148883101663639182e-03,2.708941094597229829e-02,-4.542507837052137676e-01,-4.278329176256718824e-01,2.742934197688763273e-02,-8.727769439937493878e-02,-1.370252142949698881e-01,-3.026919165884515706e-01,-6.275970256301274808e-02,4.687885623275685198e-02,-4.577591044901336767e-03,1.579931148170620470e-01,-1.270584927142482702e-02,1.263465489666480701e-01,-7.901623801264008595e-02,-1.841211775619834567e-02,-1.915799321313937653e-01,-2.531261775167188421e-01,-1.416187462995134594e-01,-3.238758667549020420e-01,-2.641047894567957743e-01,1.753098626584470299e-01,-9.244739643478326607e-02,6.601433354934352349e-02,-5.988787197997572781e-02,-3.298975453914525929e-02,3.899354300366215248e-02,-1.203713569805701100e-01,5.048461896093009438e-02,-7.656617972844717568e-02,-2.637596503475921894e-01,-1.081679794953081530e-01,-5.005169281899481820e-02,1.082591900020715286e-01,8.382026032531161852e-02,5.813467960214322230e-03,5.422067206379906912e-01,4.541965816231438025e-01,3.438004856108825558e-01,2.843604693712732320e-02,3.546992222641126014e-01,4.395462156884580307e-01,-1.730617368178217486e-01,-1.311123736084149338e-01,6.719293913851097366e-02,5.573106234513043600e-02,-8.938735261384195274e-02,2.184660373976876069e-01,2.736780800398084801e-01,-3.998170234155792868e-01,-1.288427587194641288e-01,1.336711122823741604e-01,1.013098469616195985e-01,-1.787906095128932726e-01,3.142720402029580695e-01,-2.264515519484272543e-01,-1.880143302388615212e-01,-2.752301071855781656e-01,-8.541824473994739930e-02,-3.102723602298156913e-01,-8.298895436790502955e-02,-1.034074557054801835e-01,-1.129703481503716300e-01,-1.681782438837141069e-01,-3.842238715813252325e-02,-9.735006098271230257e-02,-2.172068789882174999e-01,-2.985437845884374441e-01,-2.234096803003281784e-01,-2.229274987588699131e-01,-5.576315283460527711e-03,-3.438721743754270810e-02,3.226697338194563502e-01,2.203205596217146234e-01,2.021437287444522932e-02,-1.194133501025443876e-02,-3.787707475439217736e-02,-3.489469562700807104e-01,-3.681917501232214729e-01,-2.417244482101947312e-01,-3.219868196667820537e-01,3.118824237706556701e-01
-6.387523135724257339e-02,-1.954099680979408948e-01,5.615228273757338906e-01,5.344067086169170810e-01,-3.688879463146092774e-02,6.933902432152166950e-02,0.000000000000000000e+00,5.267614539266883833e-01,-2.371549530624817159e-01,-1.461667758750180568e-01,1.755044402679941107e-01,1.092406959982701598e-01,3.990526080189764346e-02,-1.251288516087880887e-01,-8.742332891299735287e-02,-2.330690243721195154e-01,6.784663277041003658e-03,-1.781186612564552782e-02,2.574667117500533675e-01,5.921423711573112203e-02,-4.614079336020275590e-02,1.818420167735146364e-02,6.391062869940239421e-01,4.782360629792447027e-01,9.297251188709049208e-02,4.012891034952117963e-02,-1.385693701566113323e-01,-1.749249029153041313e-01,1.205773769642441706e-01,7.982407913496802898e-02,1.240003322497864324e-01,3.234710477243346594e-02,3.398914647207870177e-01,3.145902841741876066e-01,1.954567186536047274e-01,2.083791071707526421e-01,-3.017151866078443198e-02,9.204262098786606880e-03,-7.129025077038922322e-04,-1.280106291212685099e-01,-5.391362634299631112e-02,-1.144954165064160645e-01,-1.885342879510236158e-01,-1.647829033953563949e-01,6.595356578784898616e-03,-1.611638523471241036e-01,-2.207833630875927211e-01,-1.353015734855945174e-01,-1.558681954694470517e-01,-7.312216001973342872e-02,-2.209542458469887852e-02,1.751227617932970063e-02,-7.443061763785166485e-02,1.356256623851044563e-01,-3.583779096681701248e-01,-1.712780129356518410e-01,-1.664280921929559010e-01,-2.459246120300216110e-01,-1.001996924900145219e-01,-5.938058213673785835e-02,2.644539138909866027e-01,2.919075104685465716e-01,1.012176753881140201e-02,9.171587073275756785e-02,8.725536649881029949e-02,2.461555670654180517e-01,-7.210077385994029253e-02,-7.102737383648688452e-02,-2.066783880088841341e-01,-3.365111396727085147e-01,1.295573802375747374e-01,2.077534921602639528e-01,2.010248134833607647e-01,-1.626830561529210226e-02,1.164025826561374127e-01,1.553596487136371385e-01,-1.052068249709131875e-01,-3.028019822489088839e-02,-1.345973503020485122e-02,2.078779234446982010e-02,-8.009591840993654510e-02,-8.902852032249876368e-02,-2.474155629429274778e-02,-7.828933636700222132e-02,-2.177480747219094348e-01,8.663918673248686975e-02,-2.093022227472141616e-01,-1.380834545257625112e-01,-1.151601097246955502e-01,-5.612720224665262297e-02,-1.546809401341026069e-01,2.241256936754855711e-01,2.187766474489603527e-02,1.642954422852561935e-01,-1.094700238764220214e-02,3.086470182491063072e-03,-1.725791652657569508e-01,-6.401370783677276521e-02,-8.672444827622910468e-02,-1.225857761500377674e-01,-2.625087326058674342e-01,-1.103536802890071195e-01,-3.850111304600429274e-01,-3.298549276898593008e-01,-3.478802620085230668e-01,-1.456927662315625205e-01,-5.708244786406602850e-02,-3.165293928077702046e-01,-2.872137556724565499e-01,-2.468483156444211679e-01,6.200652303153745236e-03,3.079052831182909136e-02,-3.483025713814918989e-02,-4.876560070262013491e-02,8.262775340820117942e-02,-1.307458132104987181e-01
-3.352457129445760575e-01,-2.351656498937695627e-01,6.423223044604950971e-01,7.242607269319383256e-01,6.738593590014228807e-02,1.000901251644552813e-02,5.267614539266883833e-01,0.000000000000000000e+00,-2.653563424452379804e-01,-4.461792323721902598e-01,6.154824891432043865e-02,2.247575049658791513e-01,1.942462849695029276e-02,-3.673636160921051746e-02,-1.441360388016726668e-01,-5.061625399051570273e-01,-1.884575131967027306e-01,-4.527100518819298508e-02,-2.725982380822571018e-03,1.845886035552521051e-02,1.165717607145384527e-01,8.389100384605797933e-02,3.661553391986349659e-01,5.838718843624968180e-01,-7.828987826665582961e-02,8.750566488412329924e-02,-1.570164970530978643e-01,-1.413557979337819737e-01,-1.908314556393172351e-02,1.322663840309959149e-01,-1.531972946936286176e-02,-1.398027771874039461e-02,9.065382550106097781e-02,1.756041906117034590e-01,-7.753466259905521241e-02,1.502345126538474074e-01,4.054783028141936002e-02,4.519013622794855467e-02,6.316356160191290148e-02,-7.248371701851423488e-02,-2.330825976605953864e-01,-1.527623754690658753e-01,-7.060726036399372907e-02,-1.293376092399017852e-01,1.041803705019087728e-01,-9.723544609444183251e-02,-6.176797094303159569e-02,-1.248443737454759672e-01,8.181005019461394523e-02,-1.753059148991205005e-02,3.645658340452150314e-01,1.533554939127003691e-01,3.151010701912064782e-01,4.296634265768357192e-02,-3.090285809288453173e-02,-3.678096959127363230e-01,-2.367903565379899100e-01,-1.386314632270722047e-01,4.714456270222219109e-02,2.132879015333702111e-01,2.136790493269192237e-01,4.204753313742539134e-01,-3.755619542258554870e-03,2.083083395997134268e-01,-7.580399542252613809e-02,2.135704651087236838e-01,-9.919493150379554702e-02,-1.892587812392447629e-03,-1.987274933227818063e-01,-2.938188426451547319e-01,4.438064212353509674e-02,-5.573553442710410533e-02,-1.213316500696011001e-03,-2.551927062362035342e-02,-7.708563750323851882e-02,-1.274935505406004643e-01,-8.746422261538527865e-02,-6.011132311445829129e-02,7.468781906574133156e-02,-2.761597109442934794e-01,4.750673530666740113e-02,-3.527931979629487236e-01,-5.143397944021065732e-02,-1.855477239157342639e-01,1.106379894182551726e-01,-3.335464401909968291e-01,-1.709793334671725895e-01,-3.758941170495190831e-01,9.192683194102865829e-02,-4.215740292374741127e-01,2.248118766099055921e-01,-5.620047122008928198e-02,3.995364192774140677e-01,1.098813962433799023e-02,-1.392980423987321970e-01,-2.318904539146002808e-01,-1.066230772049082121e-01,-2.523042845961203096e-01,-9.437858617739329492e-02,-1.398431270135223892e-01,4.582195053745910518e-02,-3.327052102907795406e-01,-2.848764488199765355e-01,-4.604041831507015847e-01,-2.102068470410661805e-01,-1.884787786166402246e-01,-3.032218765956964934e-01,-3.202479693078494338e-01,-3.491132906498506383e-01,-1.591689623345074467e-01,-3.206373519285747424e-03,1.254341523808446546e-01,1.774084893891062220e-01,4.247731931095852578e-03,1.856307677469694328e-01,-3.451154863173696574e-01
1.793030470117581709e-01,7.373968183570532575e-02,-3.213916568651983274e-01,-2.737327993745277133e-01,4.181623081270686160e-01,4.984635533299109911e-01,-2.371549530624817159e-01,-2.653563424452379804e-01,0.000000000000000000e+00,7.052624837955180359e-01,2.311148816825516761e-01,2.845680175959732772e-01,2.308140752217588687e-01,3.360843982444266520e-01,3.000291274732025393e-01,5.242491845433610020e-01,-1.052741492613922109e-01,1.056187801125897108e-01,2.517454011157418403e-01,1.242357210941193030e-01,-2.883151577837122365e-02,-9.403336107560010537e-02,-2.192586071903534495e-01,-1.693302328600142792e-01,3.539819796895053994e-01,2.940318503508010384e-01,3.420926359640538705e-01,3.507931316599303684e-01,-4.699368201427810837e-02,4.161159220534732528e-02,3.476110772398100651e-02,-9.228471140969191078e-02,4.876434038768667767e-02,4.132595534821581484e-02,2.142815630912091665e-02,-7.834237449109314466e-02,-3.108024602188345642e-01,-2.891170138595838268e-01,-2.525494650566428509e-02,-1.978649119148866709e-01,-3.664744955232891038e-02,-1.874962742856214060e-01,1.916834813358701470e-02,1.486786838914633535e-01,-1.285523642697758151e-01,2.235106380419825747e-02,7.568276403066304114e-02,1.234268379689568984e-01,-1.125177482052841932e-01,-9.646469459744662356e-02,-2.110735064260712279e-01,-2.989160545514876199e-01,-7.330251099820633831e-02,-3.423132958945459547e-01,-1.046397984083742433e-01,1.048063687353502915e-01,-8.170000068816360428e-02,-1.278472709437822622e-03,-4.109891748699976560e-02,-5.774223864559058922e-02,1.251151805464383038e-01,-2.103945248685526459e-01,6.772826751685597467e-03,-2.778736847269354659e-01,-9.456851793615640711e-02,-1.256213152430130930e-01,-1.204131323764831146e-01,-3.079362874348057916e-02,3.836660149241952894e-02,-1.028684436145467507e-01,4.489547855442077573e-01,2.364649615348935752e-01,1.559545631901946838e-01,-8.906003286012707798e-02,3.961279195792624108e-01,2.712153940508450489e-01,-2.452508407644204413e-01,-3.276620671560002696e-01,-1.041443984704606800e-02,-2.181636178857630131e-04,-1.020337630925173961e-01,1.333467580344386005e-01,2.647666391281528475e-01,-3.151246152245433252e-01,1.646603938463553352e-01,4.989833165304119467e-02,1.574761579233169839e-01,-8.079674923227035677e-02,3.138429955460148579e-01,-2.630100439489762021e-01,4.499812792678074130e-02,-1.791413291650873763e-01,4.450448671428804126e-02,-2.639195049905845303e-01,-7.666404440964309785e-02,-5.134667075609126302e-02,-1.577364967361618298e-01,-1.976170485311370961e-01,4.193627548691818835e-02,-8.786107628515004396e-04,-1.466413086780447017e-01,-3.087105241185931215e-01,-5.628815913618054334e-02,-1.084439206496263103e-01,1.082354525958249408e-01,-7.479249556771044860e-02,2.479665236777714166e-01,2.422409275730612044e-01,1.159119942090288818e-01,-8.416941636745614574e-02,-1.553340982142207283e-01,-2.411076776930201337e-01,-2.339549220837816024e-01,-1.169872858791602133e-01,-1.710217569791741277e-01,2.141777491421087976e-01
3.579118529706498131e-01,2.036591229295271477e-01,-4.423918691204560827e-01,-3.028519283511605376e-01,2.747441948472252871e-01,5.852773868591881756e-01,-1.461667758750180568e-01,-4.461792323721902598e-01,7.052624837955180359e-01,0.000000000000000000e+00,9.574727697345546129e-02,1.290618890594074919e-01,-4.081972376350727176e-03,1.672315932404315475e-01,1.991601501826566201e-02,5.143120940862294654e-01,1.338346617981140546e-02,1.819878463389825174e-01,4.580736430259888525e-01,2.640071006419211219e-01,-2.387843736962112495e-01,-1.912253982580454370e-01,-1.285577540806816244e-01,-1.671652062781313341e-01,4.689981794778022572e-01,3.674671243853189773e-01,4.646409681511380341e-01,3.741838183982164612e-01,1.136359469571818735e-02,4.028178973629424620e-02,1.964210670331503206e-01,7.156534875310981147e-02,2.734233207758313133e-01,2.368168221902392512e-01,4.538165341809321379e-02,-1.372952421290907221e-01,-5.064430215387915046e-01,-4.149203334533747012e-01,-1.443882446566748246e-01,-2.889615012600303956e-01,5.648702457542160646e-03,-1.776748594686077543e-01,2.900315942567806672e-04,1.073567795682641018e-01,-1.170024199530570880e-01,1.361935026226931411e-01,-3.534948957637405742e-02,1.366033932019715957e-01,-1.397507233885164624e-01,-4.245788625441819335e-03,-3.358602377203529499e-01,-3.326922288993005017e-01,-1.879591321258365921e-01,-3.290017948089198341e-01,-2.322482871303852558e-01,2.790802319781201524e-01,2.140700054952038300e-02,4.958229432057764674e-02,-7.333123248143071093e-02,-1.031877141227228734e-01,1.318200304465426687e-01,-2.104880498558736324e-01,1.469784782388448841e-01,-2.112929877083470076e-01,-8.638075303197560728e-02,-9.877332362722283932e-02,-2.495712501574648759e-02,8.643038962019822247e-02,1.303784806703185695e-01,-3.489494501563149623e-03,5.330095296590751097e-01,4.008275797946211361e-01,2.528234474259106190e-01,-8.699167278514353951e-02,5.089209293554510793e-01,4.359594410427850009e-01,-1.649299583324081719e-01,-1.330013284128475082e-01,1.039028192658355831e-01,2.726546276717224382e-01,-1.355038891354886921e-01,3.388698438218964992e-01,1.997858987937275732e-01,-2.845249432644066379e-01,-5.762779334164722794e-03,3.432230223861130192e-01,9.532501354947255090e-02,-6.416688858360976300e-02,3.294669014478201485e-01,-1.105207778493031007e-01,-2.617429335225777698e-01,-2.218337619067543287e-01,-2.632554069450622758e-01,-3.437431652818556116e-01,-1.590012955401358050e-02,1.416875625316893310e-02,-2.343195023008135536e-01,-2.392327416752965397e-01,1.582781028865927822e-02,-1.362503322727188770e-01,-3.090506885781191260e-01,-2.304610906183495733e-01,-1.768217175506753003e-01,-9.183798972377013592e-02,6.971613264178370961e-02,-1.022730401478176426e-01,4.912797950058038765e-01,2.618739533732293290e-01,1.542824631591149520e-01,-1.354731372597020866e-01,-2.489448755354739529e-01,-3.662734886080745156e-01,-4.428385886349831546e-01,-1.745650219470340769e-01,-4.073795246388515201e-01,3.825863302390953846e-01
1.535803266627427111e-01,-4.940442798458712786e-02,1.864090782509597310e-01,-4.431078174027139327e-02,2.805880036548500378e-01,1.186842832084439581e-01,1.755044402679941107e-01,6.154824891432043865e-02,2.311148816825516761e-01,9.574727697345546129e-02,0.000000000000000000e+00,4.354950521337455083e-01,5.549385149983869780e-01,4.896411257246060522e-01,3.596673000398892261e-01,2.808208881955551184e-01,2.803109651428173713e-02,-1.227637420868604445e-01,5.267478271165002696e-02,-3.517954653222479799e-02,1.812097316021761273e-01,3.114755514995731257e-03,2.030463717490741948e-01,2.173723980226781316e-01,3.882341935202300864e-01,2.410745957986762666e-01,2.211237283766917250e-01,1.732920995422705390e-01,1.217884240924595324e-01,8.750879895262374253e-02,3.340980962293639833e-01,3.298575033324675498e-01,3.681386190709200895e-02,6.064644148361551107e-02,-5.319499881702049321e-02,-1.461971792558811323e-01,8.954071056940428319e-02,1.520010043981343539e-01,-7.097417615690462811e-02,-1.598060270822988793e-01,2.049754068684075115e-01,2.522635360735343557e-01,-3.894715101331688856e-01,-1.175484240832597588e-01,-3.092155025409897839e-01,-2.946158615407608039e-01,-2.148776067998902362e-01,-2.151885721005238616e-01,-7.246902871774711652e-02,-1.760796617665934538e-01,-2.113787464686135431e-01,-1.566323032343495403e-01,-5.772235229235712223e-02,-3.650734530827527413e-01,-8.879784506389216958e-02,-2.848460467430252718e-01,-1.028158147318585514e-01,-3.109676032607090398e-02,-1.433122184099045737e-01,5.572446174016174036e-02,3.092278554712846184e-01,2.627362510529434592e-01,-1.147942156332453501e-01,-2.574644175038676500e-02,2.401217276355208374e-01,8.512056964961819960e-02,-3.429253479046608377e-01,-4.145297453645288011e-01,-1.065521404665936978e-01,-2.460032012272143076e-01,2.422187004479999239e-01,1.328020122344997223e-01,6.872166776350088768e-02,1.087488350552720529e-01,-1.424705875658866250e-01,-1.811881359870408659e-01,7.368470477533975438e-02,-2.415598949748306440e-02,-9.082488684417515390e-03,-5.540282809108542858e-03,1.015797166551148240e-01,-6.448517062149655699e-02,2.827037972711806124e-01,-2.123722417117028776e-04,4.266770427522145748e-01,-1.700605706894786628e-01,1.375284969208469543e-01,-2.182097292851200437e-02,1.446832281161960776e-01,-1.270136747142817379e-01,-6.215643209454431439e-02,-2.472635037354362630e-01,-4.415956951090874161e-02,-1.760748563521112031e-01,-2.062192102777979097e-01,-1.287102623216441200e-01,-2.591340041493238044e-01,-2.435633563514938149e-01,-2.059532022577114652e-01,-2.059709389974833382e-01,2.182115420042588655e-02,-4.238148705389992860e-02,1.419045098893431389e-01,7.358252401853894453e-02,1.597730270483449988e-03,-1.942944810745995954e-01,5.296577413906766729e-02,1.057476095646772557e-01,1.759774262021506289e-02,-2.088762145443650575e-01,-3.167809822173726086e-01,-3.937440690558908774e-01,-1.975166392626447609e-01,-3.906759569625120609e-02,-1.675056869181684449e-01,-3.218247302484768257e-02
3.812030654024175375e-02,-1.541688639892291601e-01,7.612154129934270430e-02,-4.073236089189022358e-02,2.112585564396505522e-01,2.668446207124154923e-01,1.092406959982701598e-01,2.247575049658791513e-01,2.845680175959732772e-01,1.290618890594074919e-01,4.354950521337455083e-01,0.000000000000000000e+00,3.986035197339534708e-01,6.596043601761256703e-01,5.319377408763313886e-01,3.867864977626652156e-01,6.266545588329369698e-02,2.192286774345541533e-01,1.591146094862005977e-01,-1.271504489526034849e-02,1.185633347682081146e-01,3.206056236078586030e-02,1.961918493747659073e-02,3.717767830417225555e-02,1.700130752614655710e-02,-2.443650354988495532e-02,2.466555267267660223e-02,-8.729498282937403486e-02,1.721444138061070939e-01,3.507614909478753984e-01,1.888159969276097250e-01,1.413850517753985903e-01,2.255549239690000096e-01,1.985746553992930874e-01,-1.265711723163319147e-01,-7.365846445013227162e-02,3.476000833531260603e-02,1.728340870918779748e-01,6.020632828895391281e-02,-2.322008529111572323e-02,-1.649959390274563786e-01,-8.836310067065984708e-02,-1.805562781121845262e-01,-2.596028616211364711e-04,-1.062517803620352808e-01,-1.460043953424572660e-01,-1.122396943427047822e-01,-8.405793533815790475e-02,3.919020802459190905e-02,-3.551347676137869142e-02,1.508956674132316267e-01,4.696783734265663063e-02,1.429157360477097821e-02,-1.616449732166587439e-01,-2.925934005321111919e-01,-3.199363141393815058e-01,-2.360074049832999732e-01,-2.324713673274777792e-01,-4.730537375289498025e-02,7.318613395358272711e-02,1.899599722458270024e-01,8.465896478711040785e-02,-3.279993948635134826e-02,-9.611344052563395440e-03,-2.922525497068140937e-02,1.911345932321153324e-02,-3.523736574681023970e-01,-3.365693931098697744e-01,-2.321775105585842103e-01,-3.501382201040813547e-01,2.810631631626887561e-01,1.985572906306267704e-01,1.477975847785948926e-01,2.452592796532212238e-01,-4.252979634121539787e-02,2.526834796482024109e-02,-2.393642909364250837e-01,-2.312056967877312019e-01,8.876367745992430613e-02,-3.956950226051608038e-02,1.138119565155027713e-01,4.338774456683651068e-03,2.576097687463057007e-01,-1.919220562888482307e-01,1.636591080846372670e-01,-1.840900540306165956e-01,1.580260028720461424e-02,-3.106754968473477430e-01,-4.532562627084213425e-02,-3.373290397489719372e-01,2.015762149356045974e-01,2.292145083068383433e-04,3.358694200719870571e-01,1.343600445977644400e-02,-1.240199585592676873e-01,-6.629349349599500396e-02,-1.096733337671387531e-01,-4.476249718900515012e-02,-1.150606878069570932e-01,4.084850448665323236e-02,-2.488289284481569330e-02,-2.248626815882696084e-01,1.115256095119617624e-02,-1.363751392227817993e-01,-1.588272409846259170e-01,-6.097643417823954935e-03,-8.881516622004077821e-02,5.429858149193018263e-02,-2.103919600736772477e-01,-1.441571801668706521e-01,-7.450289781208217776e-02,-1.421577464567516658e-01,-4.306817609564395771e-02,1.210950284538061389e-01,1.225504249460519640e-01,-9.567998394041386800e-02
-2.685949638820634977e-01,-4.187572846989319753e-01,1.547520378381951056e-01,-1.532005501502888174e-02,1.927161723494048018e-01,-3.366497635336149902e-02,3.990526080189764346e-02,1.942462849695029276e-02,2.308140752217588687e-01,-4.081972376350727176e-03,5.549385149983869780e-01,3.986035197339534708e-01,0.000000000000000000e+00,7.817152690809436866e-01,6.490188046445161119e-01,4.005077473175130964e-01,-1.984416561482902630e-01,-4.692541946002714570e-01,-2.393946253034505700e-01,-3.207381550374576173e-01,2.335075007686937265e-01,-2.681185001574774504e-02,4.267447937621936943e-02,1.757435683082742561e-01,2.834362410089658058e-01,3.734623013076562303e-01,3.064673290401815353e-01,7.813759936352505930e-02,-2.936556567585743571e-02,-1.507845919659211442e-01,3.167025212204851448e-01,4.487471315521504578e-01,-2.170450719723239497e-01,-2.116365536448510665e-01,-4.750818121356403106e-02,-1.319905658121210412e-01,1.736396693926489931e-01,1.250649781641252622e-01,-8.992902024515540826e-02,-2.718223146106938867e-02,6.020428939434677162e-02,1.410634907966852869e-01,-1.738002303166872597e-01,-8.584615251359146992e-02,-1.466528057118652306e-01,-1.907088766890171205e-01,-1.287887636184628648e-01,-2.311263604811611139e-01,9.957358483690217921e-02,-2.957204704819391475e-02,-3.268653319545668234e-02,1.699298213892143361e-02,-2.098221907889925852e-02,-1.175426342332127339e-01,-1.156951794456592825e-01,-2.552056602388457773e-01,-3.877296174076951818e-01,-3.535823250226214909e-01,-5.398952478061679050e-02,5.353849395417159540e-02,1.184777548405540615e-01,1.074883803525780168e-01,-3.618739333320938889e-01,-3.512055234666459080e-01,1.700322947465276735e-01,7.658660825141804136e-03,-2.985220556074109077e-01,-3.513399791412076256e-01,-3.069299211849965681e-01,-3.739124116510405549e-01,1.056750126631886139e-01,1.590384030271656257e-01,-1.859693608530170461e-02,1.174632572458298024e-01,-1.389538253801571033e-01,-2.061382756152445872e-01,7.309669697667391108e-02,1.321329460715990611e-02,-2.644261807150264931e-01,-1.287837290100055376e-01,-9.173579522332565850e-02,-2.021298673517314404e-01,2.281557037286045808e-01,7.024006710670048503e-02,2.289645111606200267e-01,-1.952223106370847006e-01,4.987393825648041984e-02,-8.288274827913696963e-02,-1.626439576321059288e-01,1.402840170279333679e-02,1.363336918867207037e-01,-6.932432269863608720e-02,6.702589704933178960e-02,4.454954708401234753e-02,-2.174525516949933901e-01,-1.785913142233470224e-02,-2.140487844744449752e-01,-1.187810621049202181e-01,-1.891317678444346673e-01,-1.553920205138015764e-01,1.581048604550024939e-01,1.280501002887131645e-01,3.257015195810238350e-01,2.451255324336556740e-01,1.250792083632758754e-02,-1.866000376517756021e-01,-4.796967082747167349e-02,2.365015488558994475e-02,-8.083749716997337686e-02,-1.855049876185467517e-01,-1.985195328168377349e-01,-1.664368519563100557e-01,1.317735774175262742e-03,4.646630327878989442e-02,2.311315314339668081e-02,-6.276304867185442116e-02
