0.000000000000000000e+00,6.670819408910109161e-01,1.819792954135101282e-01,3.354690407500444671e-01,-6.061968177796386303e-01,-1.775412108509195619e-01,4.761001339891750006e-01,5.806132923660520806e-01,-2.438161647299940393e-01,3.733066142042293367e-02,2.932403550812620607e-01,3.650254794251212020e-01,1.270277857798570165e-01,9.706093661130517358e-02,-2.172038344475155647e-01,-9.652423920358320364e-02,-3.186540518126440569e-01,-1.698323061652011468e-01,6.457901669191763450e-01,7.270977033445489290e-01,-2.713702752017482789e-01,-1.854677766030987315e-02,-1.717711118284336314e-01,8.122408595334822123e-02,-2.562834955458584418e-01,-4.410215698613831892e-01,-3.545457126490474398e-01,-4.107847023017679455e-01,-1.087209100475431123e-01,-3.755997336481747828e-01,-2.827408714970690573e-01,-4.717459837725970773e-02,2.627547138589395592e-01,5.334852899302100493e-01,-1.199334165241757177e-01,-1.705442511235047143e-01,-3.084244611563820015e-01,-4.119301660463277059e-01,-3.939829181923286683e-01,-2.712182129966798638e-01,-5.040663188738485623e-01,2.022270401986262511e-01,2.580392687210328502e-03,-2.703504453147179687e-01,7.347882232883394538e-02,-2.321667560495106059e-02,-2.065665616376086977e-01,-4.813861674769933097e-01,1.684349318500296677e-01,1.885468670384819745e-02,-7.828566248443376285e-02,-5.735243237171290531e-02,1.446976526789274520e-01,-2.895355725252031845e-02,-1.995927507229897646e-01,-2.085064297230038444e-01,3.525051313945253839e-01,4.882503197984352505e-01,1.825778467404246541e-01,4.022096166814075335e-01,3.914845311165759401e-01,5.902670099792953762e-01,-8.655646761711974224e-02,2.542156071238017012e-01,-1.777006546687922572e-01,-4.816108060906845040e-03,-2.792388881155439262e-01,-2.660205407658470800e-01,4.859588663659799579e-01,3.882044393268856974e-01,7.444233439642243544e-02,1.852545115617511562e-01,3.861679144292300414e-01,1.931799579954951718e-01,9.278845271204050338e-02,-1.027381291054240420e-01,5.289771040245844214e-01,4.391084185143458440e-01,-2.979261273269964011e-02,-4.839620292841024796e-01,-3.274051067627686828e-01,-2.942456243251866388e-01,1.057918195718539900e-01,-1.809711576366145880e-01,-2.842268444818961681e-01,-7.437645703480340320e-02,-1.488538006750559639e-01,2.102692777683520253e-01,-7.431386198936472398e-02,-7.385330072826826013e-03,-3.526829131296573272e-01,-1.490215847251251946e-01,-2.701041158878958806e-02,1.929114325556932283e-02,6.084511317784240675e-02,-4.715236502570658850e-01,-3.229590189876900830e-01,-1.402023192512769634e-01,-2.934829478247080736e-01,1.227328238264527444e-01,-1.361163600606935808e-01,-3.450663696100166305e-03,1.576785974205286156e-01,1.448869711924711257e-01,-2.357538451755585018e-02,-3.391610494324368008e-02,4.071881852115133982e-01,6.942959318713084853e-03,5.073187274994386126e-02,1.775821212179946040e-01,9.035430290198878667e-02,-1.887852355176032615e-01,-7.814698771753959827e-02,1.155635133078496413e-01,9.205039185643730526e-02,-4.042667864142693301e-01
6.670819408910109161e-01,0.000000000000000000e+00,1.159057558946942901e-01,2.218866634292322448e-01,-5.424085348022400499e-01,1.063802068184716704e-01,3.652721926344643100e-01,3.957849914991742324e-01,-1.467061185768585296e-01,-9.528032905477266945e-02,2.450602843245741069e-01,3.416330170213699446e-01,1.361395257447825802e-01,1.833278196533956461e-01,-4.478580297455670434e-01,-4.126931077330434072e-01,-2.894143207751129210e-01,-4.425469452768899387e-02,5.733173602633122590e-01,6.878434344040932347e-01,-6.500997403001013142e-02,6.173378285705802965e-02,-6.634833647882047714e-02,9.546423857505161037e-02,-3.727000541996363658e-01,-3.948391782372059899e-01,-2.938059859676765417e-01,-2.080522457459615393e-01,-1.489631264194152260e-01,-3.604963695054517192e-01,-1.043984834740440681e-01,3.321250692170144014e-02,3.396029450423110885e-01,5.868704038895113939e-01,-8.988616621321507405e-02,-7.550720337948080285e-02,-1.050777734339438524e-01,-2.244413071988994868e-01,-6.188495822438409011e-01,-5.115457649045275224e-01,-3.751341626542545882e-01,8.525252240031294670e-02,1.964756909908870197e-01,-1.391321274721884216e-01,1.628921626535685119e-01,2.239048747468741496e-01,-3.231524735381405278e-02,-2.571047877226417810e-01,2.016723672589982030e-01,1.085147745518343920e-01,1.283678977249264053e-01,8.534356936034806496e-02,5.909495962322639517e-01,2.906639194266969484e-01,-1.677658698075726784e-04,-1.415693386266098364e-01,4.327574944096461707e-01,7.647520357781181222e-01,1.856960271832973075e-01,4.371734476505299005e-01,4.698415169573353922e-01,5.580671795529640322e-01,-8.311728331107794132e-02,2.647958125732130519e-01,-3.355219389791315177e-01,-1.767648876998233476e-01,-1.370751453305768253e-01,-3.916469167658412354e-01,5.455062297875544752e-01,3.277076077786275077e-01,5.150204359749786104e-02,2.382706714517028868e-01,3.571043862420232307e-01,2.283245487414948538e-01,-1.201237036342345521e-01,-1.904018702542175645e-01,4.505131147555715421e-01,5.021741449411745162e-01,-4.229362210890355578e-02,-4.471272531368687964e-01,-2.319182648338890540e-01,-2.733653228400610424e-01,1.814712065583996559e-01,-2.121090387874232930e-01,-7.469616239448279016e-02,-2.066506519166979861e-01,-4.182283062693453179e-01,-1.174736648075630913e-01,-2.045969397552688251e-01,-1.489989265753896841e-01,-2.000407422875425389e-01,7.393003767061850917e-02,2.393068618659426883e-01,1.238348933402695640e-01,1.997501928140250627e-01,-3.471991383985384427e-01,-2.216244971445064382e-01,8.735845494073980755e-02,-1.867977422033182400e-01,1.258162654646376721e-01,2.215588632609430952e-01,1.068571707918158087e-01,6.693550248521486223e-02,-6.581732867738562809e-02,1.103683324314990027e-01,1.751241862420629958e-01,2.251313117436588296e-01,-3.811604765155459651e-01,6.194704428682379360e-02,1.121496211818880512e-01,4.037600277787413428e-02,1.275514418638663272e-01,-2.486568448490839023e-02,7.750938875533976147e-02,6.500232447531982538e-02,-1.432540323453357356e-01
1.819792954135101282e-01,1.159057558946942901e-01,0.000000000000000000e+00,5.547715631302653216e-01,-6.431535966001648841e-02,-8.232538707953108992e-02,6.013327463303328457e-01,7.429548190457155310e-02,1.616948336952514151e-02,-2.990305852637197837e-01,-3.576369747558622580e-01,-3.714455448731809883e-01,-3.183311786360426554e-01,-4.924256550529317322e-01,8.496372384540537559e-02,-8.002049780244736843e-02,-3.129048632566038823e-01,-3.089424117564122940e-01,4.380633935519243072e-01,2.660747820504559269e-01,-4.252810345741517284e-01,-1.177615263421183528e-01,6.472403761808001033e-01,5.887232828026887077e-01,2.041461817106940135e-01,1.032498232758999185e-01,-3.021552571473560267e-01,-2.110170293377847117e-01,-2.193987715705874308e-01,-3.257002865986594053e-01,-2.610233682454302095e-01,-2.333322596831806650e-01,1.133176748747265206e-02,-7.189292051621093416e-02,5.278036185103182065e-01,3.238590539445572181e-01,-1.423715960822936888e-01,-1.947121419023704614e-01,-1.885663391664619409e-02,1.104098979861860563e-01,-1.666549064661407009e-01,2.985562097557401540e-01,-2.035431789334251063e-01,-2.740640985889492010e-01,-1.003337814514810578e-01,-2.239080516017225575e-01,8.809004205867175530e-02,-1.540485641159761998e-01,-3.853915889923467675e-01,-2.432781936572624426e-01,-1.897094787138880467e-01,-2.213896944235649311e-01,-8.757695751019992092e-02,6.021819137297321906e-02,-2.809997204463356990e-01,-1.771048047496119326e-01,-1.720313762179924433e-01,3.233657743934417739e-02,7.854032716647613155e-02,-1.122850131789248224e-01,1.839033978752272758e-01,3.025523775211531874e-02,-2.388504396667571750e-01,-4.837749318453499203e-01,6.051672679501644003e-01,2.095671332391061889e-02,4.031531270992262939e-01,2.511242248281568279e-01,2.832652438457695099e-01,8.841352602308373554e-02,1.293861925648945831e-02,4.144291709473362229e-01,2.038794514185422457e-01,1.082888718482273999e-01,-2.478350082809852029e-01,1.278109869014504296e-01,2.951918182495126275e-01,1.084754981442233868e-01,-1.745058988904120076e-02,-1.808838086449565952e-01,-1.972885601247596210e-01,4.309950430000331068e-02,-2.165972514979558894e-01,-2.758396775539249668e-01,2.849827316200141958e-01,4.237346856211309798e-01,-3.839340056448307947e-02,-3.829404482147482757e-03,4.765128069452921333e-01,-1.317587418205527494e-01,1.224744357838987302e-01,4.327171525671091867e-02,-3.227470465973567015e-02,1.859859201941639617e-01,-3.416112613950528926e-02,-1.649651349487887275e-01,-8.500398203642983708e-02,-1.907256890389872617e-01,-3.110495466142901289e-02,2.652002444615773613e-01,-3.583711469024334351e-01,-9.697495008783053871e-02,2.464194289955540518e-01,2.822100344506502378e-01,9.988657844201488667e-02,2.842760834399718842e-02,3.025687405794617590e-01,2.265608378199851225e-01,-1.659149859930935111e-01,1.547697632133379075e-01,2.682338951063785726e-01,-2.016853423343803742e-01,2.521896275621117178e-01,4.949263581170346843e-02,1.646002467518280221e-01,-1.268645347697066050e-01
3.354690407500444671e-01,2.218866634292322448e-01,5.547715631302653216e-01,0.000000000000000000e+00,-3.392529069899028471e-01,-7.443589900286283478e-02,5.639591244858608299e-01,6.795028435784741250e-01,-2.152971856762435632e-01,-3.222470142343301092e-01,-3.519206165846338608e-01,-1.897652979875909807e-01,-4.207054541176666329e-01,-3.911044025685665448e-01,-6.533016027564102213e-02,-1.707857951715185119e-01,-5.572472950531272007e-01,-3.826411591014508562e-01,6.157875920872097897e-01,5.501733282089232846e-01,-6.199743426107978683e-01,-9.813281283534106003e-03,3.870272999579076334e-01,5.220024063595105623e-01,8.481012488212021083e-02,-1.210795599254209792e-01,-5.958270416622597487e-01,-3.672640125469355254e-01,-3.228277336412697651e-01,-4.674579783276553990e-01,-4.239264998381179206e-01,-1.393238080176701088e-01,1.435280618828112253e-01,3.307647093864877208e-01,4.074311091570263499e-01,1.795652695266249654e-01,-6.213974816783467414e-01,-4.253305776654190962e-01,-2.595151860289265922e-01,-9.967223376274238211e-02,-5.789948130260673675e-01,5.182487486696011336e-01,-3.977660923924736941e-02,-1.605319458060735227e-01,1.214495702043596748e-01,-3.711998473452204211e-02,-8.761385358888748587e-02,-3.893507158464263873e-01,-1.693760441737903466e-01,-1.228260228901649487e-01,1.965369376821606007e-02,-2.143129554388590319e-01,7.967469206006583260e-02,-1.045455749398446071e-01,-3.286410633198387221e-01,-4.303159432859176570e-01,-3.513751333903988860e-01,1.102250980795422136e-01,3.141655311820565899e-01,2.411090798378505151e-01,3.492986495120979362e-01,4.732181665550790894e-01,-3.690735502278669200e-01,-3.303494479051483079e-01,4.965097481743929730e-01,3.391770783393056599e-01,4.737398846745988212e-01,5.004863925922801160e-01,2.815432435003129563e-01,1.944831367473109918e-01,-4.178587747045972578e-02,8.983906000308532203e-02,1.732758960082544930e-01,2.101968048827738966e-01,6.133689451498988005e-02,1.773693863521220160e-01,2.450194871137720831e-01,2.227633331515945225e-01,-7.052060920994178417e-02,-5.935271363533013433e-01,-4.443286266226177395e-01,-2.587201782311467912e-01,-1.957645027144968020e-01,-4.795836108865673686e-01,1.230430713181869112e-01,2.461596661608379533e-01,-6.032021698337425297e-02,1.858245059255420051e-01,5.314325638997811074e-01,-9.734998535059050107e-02,9.412147850446468678e-02,-1.222540723137676283e-01,2.523965170307534978e-01,9.582513895964633877e-02,-9.886127567004494854e-02,-4.518438370068819099e-01,-4.145237850214503195e-01,-3.961008046753294320e-01,-1.400094722069266939e-01,2.170853973116376456e-01,-3.645517355832023076e-01,-9.837719570865068042e-02,1.087940010042666023e-01,1.730586135690509175e-01,9.532733680531704779e-02,-4.213832936376539495e-02,4.744204587847864474e-01,1.580660104024750601e-01,-1.616164950735363426e-01,2.081694600885698465e-01,2.622612624487413169e-01,-3.733277473226928045e-01,2.045408544169645751e-02,6.503612563796329349e-02,2.360754522110520282e-01,-5.144120091752251156e-01
-6.061968177796386303e-01,-5.424085348022400499e-01,-6.431535966001648841e-02,-3.392529069899028471e-01,0.000000000000000000e+00,3.709841132127706387e-01,-2.610534591355671563e-01,-5.890632375661023490e-01,5.665498150821611789e-01,1.566625238404818488e-01,-6.421789616153605364e-03,-1.151137021031319041e-01,8.059519431441705684e-02,8.869252835813454250e-02,5.411567619087502834e-01,3.580737034685358977e-01,3.794642701020665143e-01,3.345682214422672218e-01,-5.153627404009372137e-01,-6.724209257687689956e-01,2.377537675398669892e-01,4.399285646347053311e-03,1.555906381944001660e-01,-5.422638234526331452e-02,3.218192825196865003e-01,6.085507495443698289e-01,6.465711286841755445e-01,3.447328373161523962e-01,1.521161022505425064e-01,4.746287967130524699e-01,2.531961410214527697e-01,-7.677640180185379970e-02,-2.604544482434826280e-01,-6.361581251346288823e-01,-3.248984260082379144e-02,4.746372330358533936e-04,3.664067182027180847e-01,3.169345621715565775e-01,5.837714590673842574e-01,3.560970092369468154e-01,6.479050980400812287e-01,-3.047817208992585902e-01,-8.087181675984370099e-02,2.669923946181291252e-01,-3.041038493912684437e-01,-1.409245189718829894e-01,1.676862904086702522e-01,4.064930065238624990e-01,-4.091782322668273686e-01,-2.570222959754906999e-01,-2.083556140551600933e-01,-1.388993355213258007e-01,-2.759312384602910506e-01,-2.170839279116903442e-01,1.924831890068837703e-01,2.997222650906559149e-01,-1.554399524455104820e-01,-2.970552662017053591e-01,-3.001973421953520460e-01,-5.018319151181482862e-01,-3.744095165330970643e-01,-6.844715130076319820e-01,1.552413167465002131e-01,-1.006704421716898556e-01,8.125773725961617233e-02,-6.915478428861218663e-02,6.746433281549646388e-02,3.080184405048678326e-02,-3.964111372971153568e-01,-1.898416388568521795e-01,1.048235183055644532e-01,-1.355571083124242904e-01,-3.662594827181525070e-01,-2.033347185313973682e-01,1.250361513974627414e-01,6.157808772162957911e-02,-4.035188806780890536e-01,-4.108879043577810530e-01,1.133989692658236501e-02,6.983441347030802104e-01,4.103925429890830645e-01,5.422076481183299990e-01,-1.727658501622449383e-01,3.244702158670383918e-01,2.834099149466590140e-01,9.946576993172347170e-02,1.982794812467878753e-01,-2.429312774838448818e-01,9.190460140479211892e-02,-8.763853685823176642e-02,2.335316367641382673e-01,1.042347520091838342e-01,-1.626464285171289881e-01,-9.530363672967909205e-02,-1.668505330035847944e-01,4.364577734828315458e-01,3.485888538381748947e-01,1.459994819349414164e-01,2.808993612680626972e-01,2.226488230327570983e-02,6.927753843229833564e-02,-1.164727408102130130e-01,-2.194529704504480927e-01,-2.393798894320437187e-01,-1.632510539869807542e-01,-2.179669326195335100e-01,-5.567446293227629184e-01,-1.658703274185211601e-02,-1.620936108306476053e-01,-2.692700557068725686e-01,-9.090661814308897970e-02,2.519277369217650664e-01,1.863450162864732293e-02,-2.204644664534382847e-01,-1.218067036471882358e-01,4.078746025007650156e-01
-1.775412108509195619e-01,1.063802068184716704e-01,-8.232538707953108992e-02,-7.443589900286283478e-02,3.709841132127706387e-01,0.000000000000000000e+00,-1.424133201060671094e-01,-1.516096298909042905e-01,5.714100414480318690e-01,2.332987500479445087e-01,5.038249179047751131e-02,-3.961967082406675500e-02,1.276644676104730369e-01,-2.361701306801831587e-02,2.797737566152382893e-01,-1.064138236547157966e-02,2.349892456564561249e-01,2.853028083710564822e-01,-1.152074615710112077e-01,-8.850377351273290560e-02,8.942764628253092873e-02,-1.732583140576931602e-03,9.303967710567694060e-02,8.264620285535366484e-02,4.208247775937897228e-01,5.681893802734886423e-01,1.714230641939303301e-01,2.227131952006501381e-01,2.369276034619546278e-01,2.256084387739318853e-01,5.804944770319417358e-02,-8.087621474495947094e-02,-2.500978655350723501e-01,-8.747654109275332379e-02,-7.237584983968815833e-02,-1.162602791679487602e-01,-1.732132876087548456e-02,-2.177913773991200785e-01,-1.888750184348566563e-01,-3.618593880462797063e-01,-3.979789006609177685e-03,4.484613925327596284e-02,2.062714467043328392e-01,7.253911487867584218e-02,-5.677486651840601278e-02,2.290240903520427695e-01,-8.600845502646256580e-02,6.754876342940331450e-03,6.783605486551294583e-02,5.540905038990542181e-02,-4.558052153960312491e-02,-2.301242522954576597e-01,1.676541840562643937e-01,-1.819481272853316622e-01,-1.462373198404700592e-01,-1.362431676510909295e-01,1.447493200618888975e-01,1.300195788031385247e-01,-1.150708460688154994e-01,2.079287670377317349e-02,3.742914441415425009e-02,-8.465082177595646684e-02,2.232503854619103667e-01,1.647888196912839220e-01,-1.521977180910605298e-01,3.688859909317154101e-02,-6.177892679937407525e-03,-6.021823642091397172e-02,-1.521419423643106950e-01,5.420264222500534301e-02,1.038500191005637951e-01,-2.564554336009805535e-02,-1.744532093808496276e-01,-1.540738837286050877e-01,1.320390622240215639e-01,-2.657466460935770103e-01,-5.791413276602325189e-02,-1.188832435898513340e-01,2.826617361238401571e-01,1.705024508114804105e-01,2.639562541831980691e-01,1.780883297207862259e-01,1.670226528506002159e-02,-1.294753372319380202e-01,5.407165880959628745e-02,-2.746591122474330571e-01,-6.377073802525798363e-02,-2.314015910676031074e-01,-6.693049144133342288e-02,-3.146142843356782293e-01,-5.799557303765362493e-02,-5.918239388267845097e-02,1.708947855578161756e-01,-1.794109889475657971e-01,3.060167663586459974e-01,2.782616744300456246e-01,2.010151301721679329e-01,1.199606608114092560e-01,-1.904149484776662404e-01,-1.719576722771087168e-02,3.045429117305820665e-01,8.856958840402283373e-02,1.222504624298791955e-02,-1.152018869163937004e-01,1.542620895726290464e-01,5.297276897530133616e-02,-1.054307010413576690e-01,-3.629285526611271129e-01,1.964847220841943187e-01,2.993473139084996265e-02,2.460511415344750555e-02,3.085880040064555851e-01,-1.889253984086258498e-01,1.364710739497861647e-01,2.144193469158641174e-01,2.298621209139938282e-01
4.761001339891750006e-01,3.652721926344643100e-01,6.013327463303328457e-01,5.639591244858608299e-01,-2.610534591355671563e-01,-1.424133201060671094e-01,0.000000000000000000e+00,3.847870227300373980e-01,-1.347920937377947159e-01,-2.365817789651412095e-01,-3.517823013100716822e-02,-6.125317875066867840e-02,-4.333472290680306926e-02,-3.078925914647711592e-01,-9.356744454114152010e-02,-2.060494549830320654e-01,-2.668807807149699007e-01,-3.415661747926549974e-01,4.146561619734420168e-01,3.649875335955796163e-01,-2.707239637240738128e-01,3.694931084674029330e-03,3.315826136431510029e-01,3.705712572226151358e-01,-1.951780528418304086e-02,-2.242280621583244982e-01,-3.228106870487881808e-01,-3.156191504263191616e-01,-1.906700893482104475e-01,-3.523108343475608306e-01,-2.773939699080529286e-01,-2.349356961235087859e-01,3.045535891172810317e-01,2.975001990599553947e-01,2.128992979613823222e-01,4.513304120527078522e-02,-2.443861994294516116e-01,-3.537873278559203194e-01,-2.446074522117062666e-01,-1.752527808008100263e-01,-2.722437926865901026e-01,2.232623162363081282e-01,-1.590821716823964949e-01,-2.345222648532860055e-01,1.692303616986456372e-01,-2.482349598874552046e-02,-1.743965621714697045e-01,-3.331114269649127491e-01,-1.380700553867700853e-01,-9.071084380864741226e-02,-1.390750200963920824e-01,-7.549316641149710072e-02,-4.369415733752439468e-02,7.822707046823522414e-03,-2.558358975415468972e-01,-1.789466161791712362e-01,1.346294633785016792e-01,3.435432261787371155e-01,4.353305336827585914e-01,2.732856706565547911e-01,5.711199417667200962e-01,4.347523600240649211e-01,-8.541428796109709620e-03,-1.953912802206051458e-01,3.079783249588202154e-01,2.413481179352277572e-01,2.915347493525549116e-01,1.520613554084323249e-01,2.171263481182215405e-01,1.845734465005906266e-01,1.389261786104316609e-01,3.531774141953482049e-01,4.743957966283637862e-01,2.198083969349699240e-01,-1.362626431272451200e-01,-2.302269076502641218e-02,3.198447658161377438e-01,2.220969411050819076e-01,5.187238499190809787e-02,-2.958988687536222018e-01,-2.509746314111777621e-01,-1.934474313455910310e-01,-1.566660288388999622e-01,-3.733903750207536176e-01,6.729136833344221899e-03,3.586477875439927909e-01,-2.077678477653800149e-01,1.096588886798458874e-02,1.837827970460109150e-01,2.946248146459257145e-02,-2.022066912968859542e-01,3.571798852740622893e-02,-9.891927454303194034e-02,2.463296736730468117e-01,1.080843689105138450e-01,-3.116151960804283139e-01,-8.083545113582239761e-02,-6.046449492344719429e-02,-1.455178602228500602e-02,2.602478133235610613e-01,-1.706884454720819511e-01,1.298483819070811729e-01,1.541698072350972393e-01,2.296825818114566764e-01,5.790757823410972588e-02,4.254723428051459394e-02,2.242463336303222310e-01,7.030496023856593057e-02,-7.579770036273433820e-02,2.321934670102947795e-01,1.889515876374966707e-01,7.002119193991396262e-02,2.257524758552728605e-01,2.207691253228719064e-01,1.214593739254725829e-01,-4.029462864979440617e-01
5.806132923660520806e-01,3.957849914991742324e-01,7.429548190457155310e-02,6.795028435784741250e-01,-5.890632375661023490e-01,-1.516096298909042905e-01,3.847870227300373980e-01,0.000000000000000000e+00,-2.058046254283553422e-01,-5.362003320578421182e-03,-6.519130592514016387e-02,1.961501571512591358e-01,-2.264979496555085403e-01,-7.832901983875047158e-02,-1.980328513261156165e-01,-1.390354165263617270e-01,-4.950727551312962826e-01,-2.911440439065032804e-01,5.470777079611455207e-01,6.738698266431293327e-01,-4.985302332229636368e-01,-9.539232228589568374e-02,-1.718863446728184086e-01,1.256739098716292413e-01,-2.098058546812522351e-01,-3.569655712053710350e-01,-6.091787562182017224e-01,-4.928952987843873701e-01,-1.924876084682415611e-01,-4.424786381960295056e-01,-4.107489415817024425e-01,-4.281945483930406360e-02,1.903900007620243362e-01,6.069979772102719329e-01,8.328965993403135426e-02,-3.841175546105252115e-04,-6.692422126276770245e-01,-5.108112388904096912e-01,-3.742575386754685707e-01,-2.867995541787022318e-01,-7.055773841957002634e-01,4.296817663623185846e-01,3.628405943808001022e-02,-2.133652236829532423e-01,1.851717952067611361e-01,7.350015266377329590e-03,-1.496594323909277713e-01,-5.020860857747283523e-01,2.141273157180990094e-01,1.273312358361002039e-01,1.364470289993398588e-01,-9.713859607955521724e-02,1.770536910039253453e-01,-1.121185276811740572e-01,-2.502221347306073929e-01,-4.102804393544719486e-01,-1.778750569445052832e-01,1.179572457223482251e-01,3.685982459122502108e-01,5.942549085192252445e-01,4.459795797656780358e-01,7.684203316215422186e-01,-3.165894108864283352e-01,1.046274162979534683e-01,3.078290064454333036e-02,3.388328291944981419e-01,9.274426888419597115e-02,2.543964594787392342e-01,2.406957417208179240e-01,2.742776780948507076e-01,-9.527108923482968672e-02,-1.376239612974367865e-01,2.083125793953587990e-01,2.323748373384219579e-01,4.765978338665045194e-02,1.433545836429148991e-02,1.915652074120128279e-01,1.951606041920560253e-01,-3.558013805241086458e-02,-6.708541808147073793e-01,-4.471187429214263376e-01,-4.136678861448243594e-01,5.658663805186878865e-02,-3.461825650173238622e-01,-2.335174147749554951e-01,-5.069967564423519257e-02,6.267533054051267760e-02,3.033516837514068087e-01,2.885111678904096477e-01,-1.541219495805035665e-02,-1.637494598147537783e-01,-3.150197053902608624e-01,1.956202341248520771e-01,-8.277583859870274452e-02,2.226587208960057948e-02,-4.467294408783308302e-01,-4.283248833164385871e-01,-3.507402213714247430e-01,-1.626447948631105367e-01,4.596131447877396109e-02,-1.860412474140657191e-01,-5.207940333730544380e-02,1.208823953523515266e-01,1.578675493124772344e-01,2.029384811033664929e-02,-7.935728101923712752e-02,5.157774145064788485e-01,1.721274930914394319e-01,-4.846364879747674936e-02,2.591479767079324370e-01,2.091908763640841495e-01,-4.115943806939101890e-01,-1.926677638761584987e-01,1.524195489824675398e-01,1.925484958091974452e-01,-5.914714777199695517e-01
-2.438161647299940393e-01,-1.467061185768585296e-01,1.616948336952514151e-02,-2.152971856762435632e-01,5.665498150821611789e-01,5.714100414480318690e-01,-1.347920937377947159e-01,-2.058046254283553422e-01,0.000000000000000000e+00,5.093669865723898793e-01,1.468210181616086130e-01,1.425837665319705690e-02,1.470722114543414616e-01,8.661787056378122962e-02,4.580965966022555458e-01,1.459980011875632866e-01,3.492051789692877106e-01,2.717780496763019804e-01,-1.490047140699813089e-01,-2.427897010977115022e-01,6.447218922163078236e-02,-1.705798201016968940e-01,3.268252512119414893e-02,-2.923745747738837331e-02,2.662415156098418278e-01,4.615599342524454030e-01,2.969771331581542717e-01,8.955656331066971787e-02,2.354648077626839142e-01,2.796248051789973488e-01,2.514367439699873377e-02,-2.391545842500129027e-01,-3.646446876354619282e-01,-3.613839227638986351e-01,-1.688812635410791851e-01,-1.692051402553797490e-01,1.469978164546675292e-01,-9.171063157742725958e-02,1.007158847671791452e-01,-1.077490702796876226e-01,1.429291683619365594e-01,-3.736403747541382908e-02,3.411550617296693622e-02,2.466366716161380590e-02,-2.078067668244802380e-01,-3.769165672984300247e-02,-1.825924319066955792e-01,4.404698994620670494e-02,-1.053498083590612283e-01,-3.899978906572352383e-02,-1.182694945723509888e-01,-1.866791929517445936e-01,-1.714027754247509916e-01,-2.639720796370702560e-01,-1.246723547686444666e-01,-3.964838584030531271e-02,-1.196699035790340336e-02,-3.665895188876913680e-02,-1.969871388458199479e-01,-1.021863545665700340e-01,3.795353263240427294e-02,-2.413383355616767201e-01,2.981030819983722657e-01,1.187113510716826109e-01,-2.207758321716278907e-02,-1.003402609041364330e-01,-1.501873167494697792e-01,-1.613166815301688983e-01,-1.743658559782483852e-01,-3.753810958429168454e-02,-2.652008753131464280e-02,-6.021267087262694578e-02,-2.803794289706125764e-01,-2.263709100836434618e-01,1.350858174203138917e-01,-2.044528855803904588e-01,-2.026853986803034413e-01,-2.662973104711985339e-01,3.164724025683537945e-01,3.463519349658025215e-01,4.329194443455913754e-01,2.805031795945483464e-01,6.054397570194286482e-02,-1.676782776261244098e-02,1.930312891653792329e-01,-1.280061552142316705e-01,1.221760819321776187e-01,-1.976160318804532912e-01,9.158344777366937695e-02,-1.495248590554357770e-01,-1.647801052599030119e-02,1.336928585353960690e-02,-9.452702978653779176e-02,-2.531347682751301509e-01,1.971316555179378482e-01,3.127836773090713063e-01,2.779376828695051538e-01,8.553977541143337193e-02,-1.238784188636693762e-01,-4.282990643330956949e-04,2.206024973754762766e-02,-2.956285969661326396e-01,-1.427419623718022453e-02,-2.087069066477656720e-01,1.547104632332019503e-01,7.356949116563094027e-02,-9.562387199929144044e-02,-1.374495903712531497e-01,1.216031286219981244e-01,-1.520512177539889154e-01,-1.135659846387072069e-01,1.334712048131370399e-01,-1.198960628341838031e-01,-4.330893873550018675e-02,2.075295935940266734e-01,3.565949333097164220e-01
3.733066142042293367e-02,-9.528032905477266945e-02,-2.990305852637197837e-01,-3.222470142343301092e-01,1.566625238404818488e-01,2.332987500479445087e-01,-2.365817789651412095e-01,-5.362003320578421182e-03,5.093669865723898793e-01,0.000000000000000000e+00,2.931342183154255765e-01,2.502410914876477266e-01,3.153752784483533356e-01,3.703707750529855458e-01,2.750359208577032866e-01,4.561700248394742196e-01,3.441280199579030974e-01,1.536559805364551556e-01,-4.414333800319068107e-02,-9.096932499527098093e-02,1.274457028236919143e-01,-1.050327587312941541e-01,-2.366646203467227261e-01,-8.098939188607792716e-02,2.262559058893292424e-02,1.592751061250902989e-01,3.758497581809018828e-01,1.146368864521035147e-01,2.814872898904064447e-01,2.329483062922253211e-01,6.962262960548806778e-02,-5.970786428406005958e-02,-2.038488069961060523e-01,-1.831189923127882757e-01,-3.430037246893533065e-01,-1.758445603235483656e-01,1.123912132867488367e-01,-9.079872607640245008e-02,7.907072495671376572e-03,-5.027915978046680612e-02,4.647106411001879211e-02,-1.465667470274542028e-01,2.995580237762049056e-02,-4.323123258594238627e-02,-1.102534754927080723e-01,-4.562672315057354072e-02,-2.651960202752252638e-01,-1.684916096896621820e-02,2.113708824447758650e-01,1.093403693772331681e-01,-1.516495963473208086e-01,-1.951176988681373528e-02,-2.521413278997959306e-01,-1.649679555697010080e-01,2.213259554898384246e-02,1.335444392367617084e-01,1.907937961628443369e-01,2.212180142435595312e-02,-2.810283245907390648e-01,1.900918171332478465e-02,-1.084641772249864272e-01,1.772144808953689255e-02,2.731294506945285416e-01,2.461444456479418008e-01,-2.737214506136614878e-01,-1.485666524734381155e-01,-3.546687205863655046e-01,-2.624568272860983709e-01,-1.014566716293961862e-01,-2.121044391139071186e-02,3.619436706407844206e-02,-7.739374238473040180e-02,-2.527003199467072192e-01,-2.750983789053595974e-01,1.515902830081460317e-01,-3.062325531019607361e-01,-1.501545978601658560e-01,-2.955768498559241397e-01,1.671072592594159689e-01,2.498813976638431800e-01,2.967564438345385858e-01,1.325522426166999557e-01,2.271590786118473093e-01,3.195421769837576420e-01,-9.093739284675687873e-02,-2.714805296292141859e-02,2.045908127512565955e-01,2.726099060356665937e-01,-3.231530890966634040e-01,2.307490706719534101e-01,-4.130036710181324011e-01,-2.162668643034965643e-01,-3.297479429232987869e-01,-3.765289891977013914e-01,1.710852792299566161e-01,2.435353155734235053e-01,2.254101296365462470e-01,2.161957926080328718e-01,-7.252139279950413353e-02,-2.305522459390987322e-01,1.606304734260340927e-01,-3.364505692950288396e-02,1.864665136586248773e-01,2.097555392397970273e-02,5.278694394118298855e-02,9.691378659892066483e-02,-6.188791703509837622e-02,-3.539005797157974975e-02,2.850908801336671794e-01,-9.366707435845432472e-02,-2.462727420746704532e-01,9.264262794720468097e-02,-1.077886052177938203e-01,2.066023682889612384e-02,1.056726255235304057e-01,3.269272075118614951e-01
2.932403550812620607e-01,2.450602843245741069e-01,-3.576369747558622580e-01,-3.519206165846338608e-01,-6.421789616153605364e-03,5.038249179047751131e-02,-3.517823013100716822e-02,-6.519130592514016387e-02,1.468210181616086130e-01,2.931342183154255765e-01,0.000000000000000000e+00,7.286087287760719677e-01,8.717554055624239240e-01,7.129106845113546420e-01,1.305939279623951621e-01,6.891579772957463768e-02,6.146297625714033375e-01,6.847679300063946872e-01,1.116832443648006420e-02,7.533798529513943687e-02,1.852043035704939167e-01,-2.756353598414858497e-01,-2.788022828121692331e-01,-3.019223067420265805e-01,-8.954736519472542011e-02,-3.038763330478391061e-02,1.982594873504091582e-01,-2.668862807211236365e-01,5.328049915891246435e-01,5.542830704760460803e-01,8.908153363286852588e-02,-4.866092508808397832e-02,-1.400671075641577168e-01,-3.446065938892393932e-02,-5.927943430742276254e-01,-4.488604300844712403e-01,1.789936376006055485e-01,-1.565166180424395759e-01,-5.641436567996547385e-02,-3.855710874067654337e-01,1.090716838156252644e-01,-1.531220722485483465e-01,3.609689065564097854e-01,3.522566779319792896e-01,1.891016040797822984e-01,4.086711439461351292e-01,-2.557233486842295789e-01,4.745187945583074357e-02,3.836074144495880134e-01,2.986022285741815052e-01,2.491492021601489359e-01,3.033493559516303173e-01,-4.677819043026290591e-02,-1.815263172167340400e-01,-4.138191009183809360e-02,-1.527966246069420997e-01,4.463433050281581105e-01,2.323719648719844155e-01,-1.737821008505391895e-01,-1.614583470217492017e-02,1.075047330724039352e-01,-4.282380461629850532e-02,6.481390209280463166e-01,6.604998807344968359e-01,-2.461980707234019405e-01,-1.010391174069656672e-01,-4.586310517515260754e-01,-4.487460301192109369e-01,1.714429268143105034e-01,1.106614508600626684e-01,1.644795851549104293e-01,-9.182308731744431851e-02,1.817318130277616184e-01,1.980653557573362408e-02,3.944747862490631252e-01,-2.416855926449447967e-01,1.564626335002292645e-01,1.194728158614609542e-01,2.929828451549296719e-01,3.532308027139003936e-01,4.655949052942787159e-01,3.028577511726125437e-01,-2.546305370963238349e-02,-6.939176749491876572e-03,-8.308520322680147674e-02,-5.043570884581694003e-01,-2.870286071341157652e-01,-3.213279082226407901e-01,-3.938790804766733600e-01,-1.465068479134030155e-01,-3.200960075531885107e-01,-6.652268118130356955e-02,-1.297803393408238637e-01,-2.975945634452031863e-01,6.433276728160784719e-02,1.495666339105404530e-01,2.207556449027719414e-01,-9.043687438867874240e-02,-3.346222701948635692e-01,-2.878971942593203104e-01,-2.252362743768882708e-02,-1.689082336311230059e-01,-1.973948607944958633e-01,-3.509354923010367111e-01,-2.401149696842701520e-01,-2.596524612489748973e-01,-2.971859404863783083e-01,-3.536918438588010916e-01,3.137297753501352982e-01,-2.703489087568544114e-01,-3.696977982041547151e-01,1.006291247919245679e-01,-1.660486983671931871e-01,-1.794449213098221405e-02,6.655778630266517837e-02,7.134344106501620819e-02
3.650254794251212020e-01,3.416330170213699446e-01,-3.714455448731809883e-01,-1.897652979875909807e-01,-1.151137021031319041e-01,-3.961967082406675500e-02,-6.125317875066867840e-02,1.961501571512591358e-01,1.425837665319705690e-02,2.502410914876477266e-01,7.286087287760719677e-01,0.000000000000000000e+00,6.558508847969493072e-01,7.031596789352334564e-01,4.468624627935167265e-02,9.553615789936233116e-02,3.832389656881131090e-01,6.359892970655550704e-01,1.208130172401883189e-02,1.683494637938238725e-01,1.402951179406261573e-01,-1.906881529326384106e-01,-3.227063397603621153e-01,-2.705667677786748326e-01,-1.679351110164231942e-01,-1.161440861533716701e-01,7.152905720110158683e-02,-3.356016783244832324e-01,3.809736667316685477e-01,4.240347917655195586e-01,1.240733089580190324e-01,1.106731074253192587e-01,-1.214555628215613185e-02,1.989409419927550271e-01,-4.426591541979367772e-01,-3.242186638443922408e-01,-1.214336053163534157e-01,-2.775127831466932538e-01,-4.151098782533045595e-02,-3.412604668792117435e-01,-3.013857410208475168e-02,-1.237119552820035162e-01,2.572795056269306380e-01,2.274052604362342689e-01,1.990635976920626660e-01,3.826602107230519523e-01,-2.263172872073375974e-01,-8.475375927739374482e-02,3.829735805345771404e-01,2.885206319044402723e-01,1.797891502182437096e-01,2.675269926145773525e-01,2.791841927884943994e-02,-2.160340088832718997e-01,4.150230649169645535e-03,-2.201479717617693677e-01,2.795216769896947118e-01,2.718879981192097173e-01,-8.609214369876100337e-02,2.354544959757231548e-01,2.256144067933571751e-01,1.953253372115932029e-01,3.316871215899487857e-01,6.452265705343791513e-01,-2.437676674930203125e-01,1.046703956831028376e-01,-3.281297526933226183e-01,-2.848117527029985219e-01,1.390436782094431056e-01,-3.365590658346551134e-02,1.644990419838785745e-01,-2.986398568673089837e-01,5.855839338536032029e-02,-4.558444826089487478e-02,3.199926773054784790e-01,-6.517063435128668536e-02,4.917201814849524177e-03,-8.701920592224538648e-03,1.583577985492603257e-01,1.828582541967148645e-01,1.690987595694533607e-01,1.202688322811040766e-01,-1.759367642403953866e-02,-2.015428566991002771e-02,-2.932713129408525687e-01,-5.341240664026386531e-01,-1.156573438185537067e-01,-7.006478631596838036e-02,-3.062007409494147958e-01,-8.374402514868398151e-02,-3.614733805015659107e-01,-2.848176679864120597e-01,-1.119252622857637297e-01,-4.051836607949171887e-01,5.264321658277697213e-02,1.183106210061475039e-01,7.495548745115991618e-02,-2.205262860121998680e-01,-1.845886384466039476e-01,-3.302271989961250154e-01,6.466628956095403502e-02,-2.519281096653255281e-01,-1.096180604331004199e-01,-2.627046092074221129e-01,-3.252603457115866847e-01,-3.992671724324199367e-01,-1.106065085551783678e-01,-1.636408610945445652e-01,3.006329953850517822e-01,-8.967746994367627178e-02,-2.116219295357050501e-01,-5.738956101611259256e-03,-2.918264484345454712e-01,-8.456680991658345470e-02,-8.941914011409653196e-02,-7.725628544072137005e-02
1.270277857798570165e-01,1.361395257447825802e-01,-3.183311786360426554e-01,-4.207054541176666329e-01,8.059519431441705684e-02,1.276644676104730369e-01,-4.333472290680306926e-02,-2.264979496555085403e-01,1.470722114543414616e-01,3.153752784483533356e-01,8.717554055624239240e-01,6.558508847969493072e-01,0.000000000000000000e+00,7.218364986648745374e-01,5.478838221682953702e-02,-4.056001593436781016e-02,6.892462323689730885e-01,6.899032914441345365e-01,-1.628175296518805659e-01,-1.110679956736144725e-01,4.133454476899722230e-01,-1.133857323451530064e-01,-5.511109453142895576e-02,-1.727470256279377558e-01,-4.510708816307153896e-02,9.627739721023839681e-02,2.484647111505757788e-01,-5.169502972801116869e-02,4.816430681722053131e-01,5.839896850758469204e-01,3.906273755855114160e-01,1.524870719324629698e-01,1.883118903040238018e-02,-1.498407766861101914e-02,-4.930898229061401183e-01,-2.880201554293974620e-01,2.231829545561948291e-01,-1.254782971218102727e-01,-7.375363250167893403e-02,-4.381046481092810696e-01,2.661216725976895403e-01,-3.164462087980803306e-01,2.098447091889075744e-01,2.242024390372769072e-01,3.143415915333281352e-01,5.014970977167023669e-01,-4.263805080636802192e-01,1.690789174892443902e-01,3.374034950788692977e-01,2.307377176704461519e-01,6.232126885582103815e-02,2.335806748078428918e-01,-1.461794843106941355e-01,-1.966037672366851841e-01,-2.667904479458049066e-02,-1.419163823929534829e-01,5.371390648191533002e-01,2.401367766665883641e-01,-1.744734024955728047e-01,-2.669432631974717057e-02,1.820817778361759065e-01,-1.351075205754876107e-01,7.185141912842101242e-01,6.697188971257788115e-01,-1.737612832741982916e-01,4.115328433246408929e-02,-2.804962871786102485e-01,-3.387030065105869348e-01,1.304171326680053367e-01,4.679799662982169622e-02,4.087310248910747679e-01,2.449217879647820270e-02,8.731144578440283577e-02,-4.683217856220062147e-02,4.250928060426245048e-01,-7.827266599251307688e-02,1.159949156735609471e-01,1.221374038806295886e-01,1.921882626464505028e-01,4.149304846551845616e-01,3.807268960633271027e-01,1.987866939458167448e-01,-2.373652465203848205e-01,-7.157642350332012182e-02,-9.757625050702599390e-02,-5.434026001224400160e-01,-1.948665882057068477e-01,-3.070208108382521117e-01,-4.839791324149209095e-01,-1.634174899500234479e-01,-3.375192530363296251e-01,3.740990830794051897e-02,-1.448404918477481651e-01,-2.138755382432298291e-01,7.366174954916948625e-02,2.116792349096051906e-01,2.111842376991161785e-01,-1.061498948419270921e-01,-3.080631293889047884e-01,-4.862290151698811513e-01,7.957309459384370731e-02,-2.131775966641107772e-02,-2.406356642243502320e-01,-3.579091688110263569e-01,-3.313451437751255835e-01,-3.440072297932812440e-01,-4.128822787218225931e-01,-3.900815438522092782e-01,4.858527176997717856e-01,-1.659493907797321699e-01,-4.966273386001940349e-01,2.186646468068280391e-01,-2.359428441413334021e-01,-1.468359624924359397e-01,-1.673723112787904865e-01,2.168086250734931886e-01
