0.000000000000000000e+00,5.293290007551502141e-01,-1.954644199987006781e-01,-5.892106590260939858e-02,-2.986806490769458033e-01,2.558540397582327597e-02,-1.471141925161931485e-01,-1.034957994800444862e-02,-1.191946495014934715e-01,5.999960076142622778e-02,3.460802402151700319e-01,3.284502610076259765e-01,-1.760327264556817428e-01,1.310881746790817648e-01,-8.335368149755562062e-02,5.716943668426494041e-02,4.075555187831805815e-01,1.788917895691912174e-01,6.382366435705913998e-01,5.988354127893997791e-01,-3.496036147920084103e-01,-7.348233757355839002e-02,-1.868280801721655948e-01,-4.680515859479816299e-01,-2.166174116548970352e-01,-1.332773559678701869e-01,-1.008075500708158767e-01,9.942756348052531057e-02,2.005898411091876499e-01,-1.156464950174722894e-01,-5.634561037823402480e-02,-2.007330108048843709e-01,1.416946468317432095e-01,-1.087475807100181727e-02,-3.546447055474371557e-01,-3.425389684731714457e-01,-2.222532013134062012e-01,-2.830130929791076916e-02,-3.093655488580587254e-01,-2.502296495835337753e-01,3.660541403211791667e-01,3.018265987204896139e-01,-1.859544714594366932e-01,6.396014167019417607e-02,5.572271224756652260e-04,6.929953162425350754e-02,-9.068689012792074955e-02,7.562340170620881867e-03,1.821343828875180981e-01,2.808405927964837678e-01,1.651788673509727856e-01,4.342450558567627350e-02,-2.299003715652764984e-02,-1.377687800548608454e-01,-1.334916590819873287e-02,9.665975262430077930e-02,6.886371717288322092e-01,4.717238205868436451e-01,4.668673085189787852e-01,4.259131590646826337e-01,3.634743373445910586e-01,-1.098412360246002750e-01,5.035418952878992771e-01,3.563208942677268398e-01,-5.481871842026189157e-01,-5.013242775136670382e-01,-3.651977162214346539e-01,-3.204773306279720124e-01,6.537073189484534641e-01,3.345118470757051377e-01,2.048040415658853586e-01,1.146470004986664959e-01,1.307626451053936489e-01,4.020420754797627283e-01,-5.344190230117477902e-02,-2.099640785910167687e-02,-4.890225022177662612e-02,1.002948993269953404e-01,-1.680955286064250362e-02,-2.529296461832353793e-01,3.163154384279391329e-01,-5.408071386283066356e-02,-1.656352118325062350e-01,-2.315501105867291964e-01,-1.975836155423045248e-01,-3.147696697899944884e-01,-1.352384871373998321e-01,2.523841429510862919e-02,-2.799653496487303217e-01,-1.920495846668621442e-01,-4.062883711435943956e-01,-2.800895475637674159e-01,-3.354141094303295101e-01,6.787030171393747258e-02,-3.575246017702276569e-01,-2.433071478911286722e-01,-1.772498983471869627e-01,5.044209929775793355e-02,1.080280828670598658e-01,3.673713302964046884e-02,-6.892505634621703958e-02,1.078702627148954429e-01,6.647432052042347161e-02,2.846261023430204373e-01,-4.544723376688687422e-01,-3.161541032016491615e-01,-1.837365410799273735e-01,-2.033011985582680037e-01,-1.087998822765779902e-02,-8.318618114099420036e-02,-2.242497031214232273e-01,-7.339770733026915184e-02,9.393131805992255279e-02,3.476399142684707955e-02,-2.440567442986371800e-03,-1.903164882406853942e-01
5.293290007551502141e-01,0.000000000000000000e+00,1.317490428395718671e-01,-3.939010103918642869e-02,-4.504734258126470436e-01,-1.938610542408653048e-01,1.510235109284139565e-01,-2.243693070267180067e-01,-2.727839400936418190e-01,-1.745908538408139365e-01,-3.244045141759735115e-03,1.820878881710968900e-02,-1.293127459555490077e-01,-1.457060109530811942e-01,-1.941962109538211134e-01,-2.140388297691768749e-01,4.003970035766689639e-01,2.877889833365789851e-01,3.152494102428539113e-01,3.575642226992905015e-01,-4.229005118715790656e-01,-1.135594993867479890e-01,-6.779951654712788878e-02,-3.858046471149735313e-01,-1.432095404765289237e-01,-2.887820996762902048e-01,-3.056266737952072488e-01,-2.328020201969840941e-02,1.980193556358804952e-01,-5.799229286826514812e-02,-3.340747046788558605e-01,-5.113458726502719820e-01,-6.811079168737456391e-02,-2.075462460006403387e-01,-2.350841463355265726e-01,-3.076883454290327835e-01,-1.494232631871754424e-01,-3.954955904341755230e-02,-2.329036197398388908e-01,-1.715109881603892050e-01,1.552818651557524299e-01,6.552316091151932920e-02,2.030500210305400677e-01,1.626031171583638690e-01,1.502115284105868809e-01,9.997117473621426609e-02,-1.694217194748595320e-02,1.945779056153197351e-01,1.177114640117993549e-01,1.945796649305595039e-01,2.584471491611201044e-01,-6.514992309486573353e-03,2.398756866335375326e-01,2.673042435580735288e-01,-1.095000902334664072e-01,-2.432579375368605287e-02,7.242810541330999552e-01,7.945077175073340658e-01,2.740516907492361875e-01,7.828675156802049340e-02,1.809149316170181321e-01,-3.294230775951424439e-01,3.666130665867584071e-01,5.323121340495996778e-02,-3.153258046197693343e-01,-4.496948045923064297e-01,-1.841052715236373982e-01,-4.280641923111985769e-01,5.477102456447719980e-01,4.804703107131997886e-01,-8.447379328175202984e-02,-1.433669391922475778e-01,5.251210193731476600e-02,9.601275822121609071e-02,2.503956166904814859e-02,1.183622381965305781e-01,1.026803874615970641e-01,3.019098864392995574e-01,2.479708820492146359e-01,1.339347619045671012e-01,4.021413861283267277e-01,4.419607405546289725e-01,-6.438246711261440269e-02,-5.651880024548990716e-02,1.326545719178698068e-01,3.805579130157195344e-02,-9.863129624174356291e-02,-2.311453902643513802e-01,-2.923899470327555039e-01,-2.130067541749872118e-01,-2.718242456453109912e-01,-3.539925523992315526e-02,-2.224377470557328818e-01,1.039803404996254704e-01,-2.819845128510399257e-01,-2.550948605386110790e-01,-1.605945294306484472e-01,-1.617555446881535075e-01,-1.821687812793085226e-01,-2.302610354440582374e-01,-3.859120103328839702e-01,-9.254193944182712017e-02,-1.128911285314128515e-01,-1.153148291141441184e-01,-1.657372736403597835e-01,-1.516596371924780473e-01,-2.123419963376702857e-01,-3.194960984171656415e-01,-2.815251069286667587e-02,-1.052724583755653733e-02,-2.580563427047090075e-01,-3.215485803758912353e-01,-4.368766577649682049e-03,3.494550435121857035e-02,-1.305256937679827312e-01,-1.486008919291042230e-01
-1.954644199987006781e-01,1.317490428395718671e-01,0.000000000000000000e+00,5.359854186134161980e-01,-2.099361445639166823e-01,1.646284095126658298e-01,7.771008350101498152e-01,2.379844603336545850e-01,-2.464298202784066250e-01,1.932921127786673687e-01,-2.152655229787183433e-01,-7.135094658604171913e-01,3.001758738583622521e-01,-5.485566419412798989e-02,-3.273362857997383357e-01,2.376241188765702839e-02,-2.180596647476893135e-01,-2.580561228229684145e-01,-3.575187708500676131e-01,-3.001998370318374465e-01,-8.654942939459748380e-03,-1.530256020111751547e-01,7.590163416084192427e-01,2.927572381852773797e-01,2.404740743136906528e-02,-1.531553843410750626e-01,-3.809901588893000596e-02,-8.082517933478719496e-02,-2.988730258357309433e-01,-3.533342925264889578e-01,-1.811765558123272779e-01,-3.241952419278752440e-01,-4.089493856713298792e-01,-5.243694327976397007e-01,2.374641137582996983e-02,-1.758130347647133829e-01,2.932091859621041574e-01,1.096061207663277109e-01,-1.824470686438091349e-01,-2.353997767950886943e-01,1.045733455902027459e-01,7.878680277533609000e-02,3.116446281062394408e-01,6.493711243434477365e-02,-1.136729902689590822e-02,1.087493421144911376e-01,3.621953629190741708e-01,3.495064863326057258e-01,-1.327108213234421963e-01,-1.680323297841577745e-01,1.698064283731962332e-01,1.142381056860903958e-02,1.933842288145422861e-01,4.698703693896065792e-01,-3.168036268599139782e-01,-2.392451662022021530e-01,1.012253660881037437e-01,2.179924831960660392e-01,-6.165017829569815339e-02,-4.029957044416666023e-01,-4.298190458270714082e-02,-3.996481100609883264e-01,-2.182639566937984721e-01,-5.538694611238438315e-01,3.739180276741206344e-01,5.728931519004878611e-03,3.729025200420426067e-01,-2.237548209230066087e-01,3.440999719077339480e-02,3.958211790281453979e-01,-3.854460250328303750e-02,-7.078614880358002903e-02,-2.891545104143049549e-01,-1.265757717570321905e-01,-2.797544863347046218e-01,-2.478583964642404047e-01,9.563141717489823113e-02,-8.583413606379357297e-02,2.326450269066868137e-02,9.876656428433998325e-02,-2.020334958505252687e-01,2.273985363729937315e-01,-1.705903806179551452e-01,-2.055679422001637502e-01,4.480729814190674287e-01,2.453314263373830573e-02,-1.337345359169950509e-01,-5.545442943199785368e-02,2.537431253248050370e-02,-1.966772601198244208e-01,9.788177979700599107e-02,4.921812925900988511e-01,1.263257136048170637e-01,3.966266554853585813e-01,-1.430923907434655529e-01,-2.804662880770788028e-02,-2.932812141483637225e-01,-3.978745073592367398e-01,-4.657331125606458677e-01,-1.891163162411787224e-01,-1.639356330454205257e-01,1.002360947251887124e-01,-2.016127750784089678e-01,-1.770083369627520609e-01,2.275749284586837118e-01,4.062274312871420046e-01,-1.400764463081966005e-01,-1.738761542890540357e-01,-7.177528667445570720e-02,-2.367149603559719206e-01,1.196098292740339041e-02,-1.355647492432042189e-01,-3.863806043207786839e-02,-4.484594738222673349e-02,1.793003625032683068e-01,-7.877262991164361849e-02
-5.892106590260939858e-02,-3.939010103918642869e-02,5.359854186134161980e-01,0.000000000000000000e+00,-1.762258619673597870e-01,4.919494320114697894e-01,4.933668775838019327e-01,8.027045436959782121e-01,-2.761327882302567205e-01,6.706791908609556208e-01,1.857716103638993449e-02,-1.589869798281530744e-01,3.926557656897174814e-02,4.210838842205161248e-01,-4.113256471206210296e-01,5.293046855318873645e-01,-2.869430883038066593e-01,-2.140440375740199352e-01,-1.806929742140170880e-01,-6.756558198338363797e-02,-1.016745629515816152e-01,-2.590972090765050057e-02,5.494460889395361702e-01,5.104174449163336735e-01,-6.078644178906988937e-02,-7.844672750475957523e-02,6.081243109435862521e-02,-2.249305776501200338e-01,-3.691531569745998831e-01,-3.360238693919034847e-01,-1.331819948810107623e-01,-1.384348813306890136e-01,-2.144905339502928832e-01,-1.622345261261505522e-01,3.960159600509810529e-02,6.110344917146088434e-02,6.853383684124331188e-02,1.289818820658274884e-02,-2.087281936214494815e-01,-2.657820450558329162e-01,-7.826341728175548185e-03,5.197631187450839872e-03,-3.308286436004690551e-02,-1.651761475560966919e-01,-1.018390996816848221e-01,1.537876028698767772e-01,-8.885179235112089296e-04,2.774615769952842176e-02,-1.727729281093344782e-01,-1.313219279798134298e-01,-1.525956132569281365e-01,-1.398397515904601374e-01,1.584100780565634581e-01,2.683393162857943270e-01,-3.705552441365464467e-01,-2.947281850555494853e-01,-8.971469576756802011e-02,-4.498883507571922735e-02,-9.325557870893358414e-02,-2.026843372502201701e-01,-6.401052959714959023e-02,2.844370548055565051e-02,-1.605196892536249753e-01,-1.560490038770565024e-01,2.475310414379655599e-01,2.269014899199778834e-01,1.957570752792797686e-01,-5.550871719047618252e-02,8.054817812353093354e-03,-1.271066819568036077e-01,-1.624055297594996505e-01,-3.075772513942882230e-02,-3.590472611481622112e-01,-5.167223328822199285e-02,-3.063571340779711050e-01,-4.930633166957481550e-01,8.104574357438391885e-02,-1.942674423740731529e-02,-3.737316837362602007e-01,-2.336708422077016789e-01,-4.021365643190666916e-01,-6.967050565869926937e-02,-2.702424083833087631e-01,-2.215013267938150676e-01,1.166661360786636417e-02,-2.031468701690958278e-01,-2.614347571887947752e-01,-1.109148680254117558e-01,3.753516315983881132e-03,-6.962024515282727588e-02,3.050823243457106426e-01,3.889204358636684233e-01,3.453630990047010796e-01,2.730858470428440543e-01,-1.615346911945941544e-01,-3.881893306052735387e-02,-3.508849501699071172e-01,-2.432895760104221983e-01,-8.854657917407122991e-02,1.188760141258831809e-01,1.941556471862515010e-01,2.649287721702950904e-01,7.759897990115446897e-02,2.064121413204599020e-01,4.011257489208294030e-02,2.068520127028974920e-01,-1.114878078727649935e-01,2.864573946424742723e-01,1.225929000125987045e-01,-1.751872324905561218e-01,-3.528752227852709894e-02,8.776694046828388551e-02,-1.286536311091802387e-01,-1.642477013407556974e-01,1.322829142209139275e-01,-3.796766459021447271e-01
-2.986806490769458033e-01,-4.504734258126470436e-01,-2.099361445639166823e-01,-1.762258619673597870e-01,0.000000000000000000e+00,1.185586787086665983e-01,-1.095548883331076001e-01,-6.208658659346882793e-04,6.042632901568780746e-01,2.522310799938748752e-02,-7.953967851215049123e-02,1.077435151985932232e-01,3.145180776097950548e-01,-9.343008945121197839e-02,4.644123505842897015e-01,-6.396504329504798525e-02,-3.166444427461379552e-01,-2.025856791990547634e-01,-1.147476219526369634e-01,-1.706767118147157480e-01,5.948481054279779467e-01,1.658495609830859807e-01,-1.673074872195438878e-01,6.479948563408050033e-02,2.161556402458294224e-01,6.929043994499292092e-01,3.560436238542671328e-01,-2.074311058786860486e-03,-1.695111504299740834e-01,5.633964789978677945e-02,3.231066619480020274e-01,3.198800147335067456e-01,2.134990589587934806e-01,2.086993946281000545e-01,1.227863712804004998e-01,2.033136756591427119e-01,1.861409359360406968e-01,-4.120628855695051412e-02,1.760961087504507305e-01,1.322050802075402653e-01,-2.221016449769410983e-01,-1.849176136819095650e-01,-3.007069309218414199e-01,-3.102265158929822242e-01,-1.369800973871350136e-01,-4.291540610571013548e-01,-1.852771003743269862e-01,-4.054068886710713304e-01,-1.888424643507148060e-01,-2.050536183426240333e-01,-4.557488597243516959e-01,-2.750013483217902954e-01,-5.713703226137067936e-01,-3.710399880958917818e-01,-2.274001657839560750e-02,-1.059584436829879295e-01,-3.076787044525274295e-01,-4.422462403402113718e-01,-1.697196576155423076e-01,-8.322217052304574370e-02,8.951576807445468797e-02,3.122675436399990345e-01,-3.324651014717594499e-01,-7.890756187738355576e-02,2.747197784938902876e-01,3.587254333717116994e-01,1.114277956638161510e-01,7.283336708290613637e-02,-3.707201795540333161e-02,-1.392310880600037548e-01,2.198888636926039641e-01,3.190081354038756811e-01,7.595718788677302546e-02,-8.342284024500377926e-02,1.929244992290547744e-01,6.816719026925709872e-04,8.520134155880415561e-02,-8.103671120292535446e-02,-6.869381943258395795e-02,-4.824253694162422557e-02,-1.270745319908654913e-01,3.817504823550507687e-02,4.524248306799343033e-02,-1.667088932266546676e-03,2.473708440877190468e-02,9.584613601192415455e-02,3.328808896435186959e-01,2.506152622320961254e-01,3.735706603102566525e-01,2.654931911824464641e-01,-1.500356854865751537e-02,-4.254582672395696569e-02,-6.148176672798602582e-02,-2.055065593651845546e-01,5.148313753679630012e-02,9.609726242269830965e-02,1.543579102880234533e-01,1.106716229607742075e-01,2.168035138509117887e-01,-1.828738551395617598e-02,1.309826324987185125e-02,-4.992620386241972130e-02,2.895330412387847260e-02,-5.259666986307205694e-02,1.988190806469961047e-01,1.453534340282441883e-01,-8.943481106015761795e-02,3.706861498452240777e-01,1.879509021906927979e-01,1.271193298482002632e-01,1.672969670634524286e-01,2.593409860600393579e-01,-3.628764311911515383e-01,5.633611786144156197e-02,1.160398570344787911e-01,9.218898737826285161e-02
2.558540397582327597e-02,-1.938610542408653048e-01,1.646284095126658298e-01,4.919494320114697894e-01,1.185586787086665983e-01,0.000000000000000000e+00,1.793443900800884838e-01,5.330612357810773361e-01,9.428269520208125420e-02,9.038206003360130802e-01,-3.316330225861538819e-03,-7.565119558193028615e-02,3.177522301424814399e-01,4.830149058259831096e-01,-1.519178428771932043e-01,7.900415347722811177e-01,4.735625991875292568e-02,9.930398307993985874e-02,1.578111802361610860e-01,1.972164044560109908e-01,1.809758264736278099e-01,1.430178592827836825e-01,1.186843697728203195e-01,1.269500628888266258e-01,2.853387159342323995e-02,2.019330832491179062e-01,1.747610096847168892e-01,-1.378895477368049793e-01,8.465801228371313408e-03,-1.713880398668856109e-01,2.014429799367035145e-01,1.301030707387801910e-01,9.555785717642169275e-02,1.702044883024556865e-01,7.788050466357629431e-02,1.804710258985999238e-01,-5.335783874803740751e-02,-2.073550183079229670e-01,-1.280906250193548923e-01,-1.936645243419772011e-01,1.255344636163959436e-02,1.033377678748591266e-01,-3.977147366591858857e-01,-4.417633079884330516e-01,-2.036198428568558871e-01,-8.219768432894343502e-02,-2.961671475904791850e-01,-3.210259518565953818e-01,-1.777806417810949835e-01,-2.067442673749275428e-01,-3.510685311064181136e-01,-3.749885171858479138e-01,-9.235581138878901086e-03,7.639441689047309948e-03,-2.054746518959948975e-01,-2.411743634251829194e-01,-3.354679561582143976e-02,-1.905607056757082918e-01,-2.112735984959039637e-01,3.478595923898071453e-03,6.624161974572882750e-02,3.261282067925336953e-02,-5.900512414584715634e-03,2.705357376429977714e-03,9.696549513047840463e-02,7.919091529214416711e-03,-5.792826867536459562e-02,-4.047773932381130285e-02,1.572709669216655337e-01,-7.443661025573890255e-02,-2.865109347427220038e-02,3.192839732323770469e-02,-1.087678968350025595e-02,1.054410059619773493e-01,6.366782106174622563e-03,-3.401483553679205407e-01,4.481336048803325790e-03,-1.018784645620012946e-01,-1.953811562228189580e-01,2.855496790051164149e-02,7.572534715478505818e-02,5.703939655461933572e-02,-8.639533213585526283e-02,-5.908977869197692967e-02,-9.935533394578768829e-02,-2.527242803739811472e-01,7.577340609585217490e-02,1.419245737278646280e-01,8.463242940205370490e-02,2.623539250399412395e-02,-5.412876476420391825e-02,-3.203545143160634739e-02,-1.604921153085727692e-01,-1.193427383109076090e-01,-1.783853270661920065e-01,-2.494802909376879485e-02,-4.077322715205913273e-01,-1.441183420820207894e-01,-1.313944508977464218e-02,-3.576998807380960682e-02,9.654205862541533067e-02,1.269069575748098255e-02,1.487725696722947029e-02,1.382063460088689688e-01,-1.084242617981689971e-01,-2.195697892674177559e-02,-2.108748723831587596e-02,3.890429369751109978e-01,9.645204265638386565e-02,-2.384048885166048515e-01,-2.069559032265002319e-01,5.000535092764697709e-02,-3.266713893463167873e-01,-2.764504000237136272e-01,-2.094265092721623589e-01,-2.751936813981083474e-01
-1.471141925161931485e-01,1.510235109284139565e-01,7.771008350101498152e-01,4.933668775838019327e-01,-1.095548883331076001e-01,1.793443900800884838e-01,0.000000000000000000e+00,3.390862059381780647e-01,3.962685858596835115e-02,2.043140344821170462e-01,-2.581802932475607548e-01,-5.636737574845011034e-01,4.121267000430734462e-01,7.563671090328434078e-03,-1.453628693444231623e-01,-5.797862041840670666e-02,-1.549044948891246665e-01,-2.423545775795168389e-01,-2.643759725782455772e-01,-2.743281311481715057e-01,-1.256357818466149849e-02,-1.551280352115926020e-01,4.789265643353962654e-01,1.515447457650690166e-01,1.598281140232856584e-02,-4.629325265518963867e-02,-1.573538894873909577e-01,-6.210797072826063775e-02,-1.363629345137492010e-01,-1.613580003235546845e-01,-2.643803118553206821e-01,-3.037544270006068969e-01,-3.144420990658084447e-01,-2.916674571036524388e-01,5.642444924888160435e-02,-7.730038524444425574e-02,2.077695035927347167e-01,8.442948134397476601e-02,-5.054628756801209793e-02,-1.072435511721416962e-01,1.107570801334385874e-01,2.295077228926151180e-02,1.610742018574978229e-01,-2.029108518434792896e-01,-8.210050217241464388e-02,-1.154053528550228608e-01,2.676311797418114424e-01,1.544886022138187709e-01,-2.710024744222885307e-01,-2.532606596440654667e-01,2.428155284863562080e-01,-2.895231902764438051e-02,2.847658742654582964e-01,5.633458250684919566e-01,-2.088918053704535149e-01,-1.540504562603089989e-01,4.418498754082254842e-02,1.104679392800214099e-01,-1.428203862913974831e-01,-5.573820021087921850e-01,1.669922637431776880e-01,-2.478436806334336218e-01,-2.210128450435578096e-01,-4.137513608340443461e-01,2.085417565718500621e-01,-9.194422327952130047e-02,2.573520176413262583e-01,-2.106592025738969198e-01,-7.850417410182616851e-02,2.319781009288408857e-01,-2.555696275515965676e-01,-2.665770605430754503e-01,-4.618448859005354068e-01,-2.874544977034178550e-01,-1.919139694924938133e-01,-2.330502424472598588e-01,2.912249795252315129e-02,-8.521580005747808606e-02,-7.406825732250346683e-02,8.504864299555416063e-02,-1.738939839473961912e-01,1.224013019779456451e-01,-8.048468750333337808e-04,-1.615472375284948969e-01,2.900584932832397933e-01,-5.733115593424540496e-02,-3.036269417937934381e-02,-1.278473796752384872e-01,-1.716624210360214245e-02,-4.590135408581866999e-02,1.050118951497639730e-01,5.245876135343044977e-01,-1.299788650864029151e-02,2.362939426362735962e-01,6.046674975035283561e-02,8.106274341456820576e-02,-1.262377390112188746e-01,-2.847205164658651588e-01,-2.166046477157863304e-01,-1.128127399708110656e-01,-2.656799988032130799e-01,-1.117126766298423774e-03,-2.115408554944151198e-01,-1.826585743758825653e-01,1.838860920366950646e-01,3.056559971723221691e-01,4.066355818201271982e-02,-1.219943490258211943e-01,-1.753837590878323804e-01,-2.160152778085646097e-01,-3.071849800420561535e-02,-9.226766495891948472e-02,-7.312655843160718871e-02,-6.860274834078206041e-02,6.526291137560749633e-02,7.175866739329331279e-02
-1.034957994800444862e-02,-2.243693070267180067e-01,2.379844603336545850e-01,8.027045436959782121e-01,-6.208658659346882793e-04,5.330612357810773361e-01,3.390862059381780647e-01,0.000000000000000000e+00,-7.549346520850538922e-02,7.018653171981957817e-01,5.637449958320511767e-02,9.840690333496875108e-02,1.385015602905841775e-02,6.304849627682653779e-01,-3.374334742152094724e-01,4.783521040714513450e-01,-1.931087345946378153e-01,-1.210674198707043792e-01,2.270188568503545001e-02,2.757968285486432636e-02,-2.013235758499766770e-01,-6.379927818258435135e-02,2.997367132613427132e-01,4.617856027456699319e-01,-2.967990810256566636e-01,-3.223327739695550781e-02,2.121546875105196628e-01,-1.649790325200650165e-01,-2.313549464044377946e-01,-2.015834382098834199e-01,-1.343792433600226044e-01,-5.687910062444007792e-02,2.536119950640293441e-02,1.167692346069044984e-01,1.510583342415246499e-01,2.988145697572763271e-01,-8.263065374958079856e-02,-1.133902071078555229e-01,-2.992251775866400232e-01,-2.464475590356257073e-01,-1.202150185425588380e-01,-9.150409793825685367e-02,-2.934165691028013945e-01,-3.330249253287917433e-01,-9.987311834590070769e-02,1.378084630986819992e-01,-1.758180876299827722e-01,-2.539271150682258504e-01,-6.737477878805571245e-03,-6.940672924568039304e-02,-1.167526587343911126e-01,-9.300770511367331683e-02,-4.116824242051579652e-02,1.678331815350192213e-01,-3.136949230939856115e-01,-1.603760891300443914e-01,-2.944450283101681110e-01,-3.119853027801238188e-01,-9.135019291710720635e-02,-1.001890487238583372e-01,1.533854503289594495e-01,3.211079280134248592e-01,-9.263700002009823964e-02,9.803719970206915824e-02,1.689709357406693757e-01,2.178048055478601086e-01,-3.127310099788650766e-02,1.421262813416499134e-02,-8.369524306984836570e-02,-3.528553268571702484e-01,-2.337041729648596522e-01,-7.403725574649243357e-02,-4.302831058888392235e-01,-8.053264178672638052e-02,-1.560509946256035119e-01,-3.218668540317544680e-01,2.567169324735275870e-02,1.417060288210826927e-02,-3.160937081609895838e-01,-3.049933292580999100e-01,-3.543317725825373410e-01,-3.362986421952314231e-01,-2.909188514039059981e-01,-4.607997153468021412e-01,-2.392715584225725833e-01,-1.807818958652304964e-01,-1.365219218511003474e-01,-9.006378561298416380e-03,7.516093676567063564e-02,1.470056131922249099e-01,2.989537439647049766e-01,2.542082470755846479e-01,2.170680900385680012e-01,3.563858284240086632e-02,-2.063436420525605608e-01,-7.395704858605779697e-02,-2.782432303220451209e-01,-8.165729173205348024e-02,2.569578754670438503e-01,2.452337618766315119e-01,1.663766499594355741e-01,1.219311186833247629e-01,1.792482342441169552e-01,1.915012774379260818e-01,-9.343775095514705864e-02,-8.745485122512861031e-02,3.071934502181232832e-02,5.121318741191758228e-01,1.958448204009421156e-01,-2.955151537115569549e-01,2.258953057219344890e-02,2.100919840861910914e-01,-9.566407447281524701e-02,-1.676692854392350107e-01,2.942976514128438099e-03,-3.284564035583896202e-01
-1.191946495014934715e-01,-2.727839400936418190e-01,-2.464298202784066250e-01,-2.761327882302567205e-01,6.042632901568780746e-01,9.428269520208125420e-02,3.962685858596835115e-02,-7.549346520850538922e-02,0.000000000000000000e+00,-2.757650278689395204e-02,1.332671926374204840e-01,6.568931756195034444e-02,4.975338039409197832e-01,-1.305431162034099701e-01,7.164902276408248172e-01,-1.141076196070978654e-01,2.011087160292699197e-02,-7.133860860674633153e-02,1.035316158343669302e-01,-9.327788962289590424e-02,3.789017118926389927e-01,2.281224726605869946e-01,-4.167913784280819489e-01,-1.412009549685560583e-01,1.564939087674882892e-02,3.095973099524270133e-01,1.095280064529364009e-02,1.868297874285901675e-02,2.906876331179687051e-02,9.014560986163165646e-02,2.298400338333375370e-01,2.792543357307039620e-01,1.954931400875352041e-02,1.770647304271339151e-01,-1.915054112962772878e-02,2.395014565577388219e-02,9.696859417826742336e-03,6.612661921960953648e-02,3.650249172650219531e-01,4.295305952997259258e-01,7.860761952433266767e-03,1.242910524093181618e-01,-3.102679738439812485e-01,-2.105401785082653687e-01,-1.091538440835636697e-01,-2.506076805898518889e-01,-8.240742872011587450e-02,-1.650713423580976447e-01,-3.687151402181574125e-03,8.083403331323316121e-02,-1.210829295830556512e-01,6.235055264072458976e-03,-1.300621826176460993e-01,-1.526988612702044057e-01,1.934737504266526298e-01,8.858862738887672561e-02,-5.213873579478117692e-02,-1.777015467085111544e-01,-1.156534795592428777e-02,1.358484326742426772e-02,1.456334409251768269e-01,1.443240643631966136e-01,-5.983671089702041757e-02,1.160329863346933332e-01,-1.350302907811712638e-01,3.647264915381510930e-02,-7.667601129903975354e-02,8.496319742581140422e-02,-7.998032552528126782e-02,-1.808212081155394502e-01,-4.161094482572073178e-02,-1.511096011299272734e-01,6.684739321697107193e-04,-9.239170133045575273e-02,2.497428702055819461e-01,2.286023123080705988e-01,-1.674358300876770400e-01,-9.863292322235442389e-02,-3.072350433206031545e-02,5.578686506419964358e-02,1.354049348736141023e-01,-4.612485497041998034e-02,2.456894888911983210e-01,1.050990842226702388e-01,-1.092717657204254900e-01,8.370932596960126149e-02,3.896236100207325914e-01,2.785103122649759677e-01,3.520915597109806894e-02,2.448251497949217870e-01,-2.329445045228842326e-01,-1.934103231861935834e-01,-3.551287722708939554e-01,-3.487486938165636485e-01,4.209525962407635324e-01,3.233585313893376223e-01,2.891466291924103538e-01,1.718423074472411327e-01,9.605167865705414865e-02,-2.050238006337002650e-01,-2.603976918330349055e-01,-3.920340461235611307e-01,3.471379983260046431e-02,-2.690683280545463352e-01,5.634926243307523258e-02,-1.519747630322119125e-01,1.020012761632154430e-01,1.113270402659582298e-01,2.431258244695483350e-02,2.909487548065224360e-01,-4.864678943313598125e-02,9.574059669039575171e-02,-2.335417086035912193e-01,-9.917946055398198582e-03,-2.934763586776063804e-02,1.377793832869556312e-01
5.999960076142622778e-02,-1.745908538408139365e-01,1.932921127786673687e-01,6.706791908609556208e-01,2.522310799938748752e-02,9.038206003360130802e-01,2.043140344821170462e-01,7.018653171981957817e-01,-2.757650278689395204e-02,0.000000000000000000e+00,5.696869124342775204e-02,8.055470505509742044e-03,2.165571141927191412e-01,5.887304401480940586e-01,-2.211366254595484304e-01,8.472532628479231276e-01,-1.320027918239732173e-02,6.887817015049049751e-02,1.144140944553922457e-01,1.906265320014399745e-01,3.999289351447303520e-02,9.033138179214930674e-02,2.202618795578873134e-01,1.859503494429654846e-01,-8.760836175026619210e-02,9.598302711003345311e-02,1.380929709098404068e-01,-1.381564386272877976e-01,-5.547014532012214949e-02,-1.959741369149552437e-01,1.477567030441731544e-01,1.453074725908117260e-01,1.257025381357964287e-02,8.235581865037022720e-02,-5.110230270287301896e-02,9.532645143851084524e-02,-5.842196221809180245e-02,-1.810996426620782307e-01,-1.999025080878696625e-01,-2.984514084158710334e-01,2.672407694491327895e-02,6.637304795655270262e-02,-3.740876856221494462e-01,-3.927914472784430067e-01,-2.730267901782748030e-01,-3.002564713818596520e-02,-2.266471289496924668e-01,-2.409580565405216868e-01,-1.863559550567696066e-01,-1.298258586571476858e-01,-3.742033655482231991e-01,-3.597771693412986638e-01,-3.064062835757672132e-02,4.131614481161972885e-02,-3.000804666779451346e-01,-2.110198960317096195e-01,-8.577819850947387970e-02,-2.311353320628831420e-01,-2.049194144905639170e-01,7.699655347338837073e-03,1.295827684312948584e-03,1.255110350351184255e-02,-7.336757417022911343e-02,1.008188661175632959e-02,6.738744386509555595e-02,-9.808270074874371469e-03,-1.102052605418677861e-01,-1.171344637270173156e-01,1.179599531204972573e-01,-2.037348893583228460e-01,1.422617419257540990e-02,9.144295319737075212e-02,-9.869515797382807931e-02,1.015783038488824730e-01,-7.069821990254918087e-02,-4.230608843384338069e-01,8.862094228576847255e-02,-5.906383542410127696e-02,-2.712489729541516792e-01,-1.024542555792574416e-01,-9.327095617459911503e-02,-3.252611891532996430e-02,-1.878539749294018402e-01,-1.561291504751355363e-01,-1.472768484328872418e-01,-2.307733474058923651e-01,-1.092139044446026330e-01,6.742050009728371707e-02,4.998218952727848108e-02,6.926618554208498202e-02,4.242694433314517233e-02,7.699152003747031237e-02,-5.184535851055067923e-02,-3.746326499828854517e-02,-2.544026768073397449e-01,-5.726343324815066915e-02,-4.282878585438599228e-01,-1.449678988804266322e-01,1.014073436521253369e-01,8.912681207863648591e-02,1.432716608825942983e-01,1.687887209659454935e-01,1.522916382648667744e-01,3.126327130441436952e-01,-1.174839996193896424e-01,-2.318610433131091525e-02,-3.234698083065316865e-02,4.698096377982529104e-01,6.605970183544374041e-02,-3.261152397549864079e-01,-1.255772509116999391e-01,1.492341652252556217e-01,-2.238632884765402731e-01,-2.017695378431652309e-01,-5.837048273286275096e-02,-2.570486057449535289e-01
3.460802402151700319e-01,-3.244045141759735115e-03,-2.152655229787183433e-01,1.857716103638993449e-02,-7.953967851215049123e-02,-3.316330225861538819e-03,-2.581802932475607548e-01,5.637449958320511767e-02,1.332671926374204840e-01,5.696869124342775204e-02,0.000000000000000000e+00,4.575605728511186188e-01,3.017641082866321933e-01,2.886068203993913950e-01,3.114357784805545371e-01,2.800469820832805490e-01,1.279182238422217066e-01,1.118358936694291150e-01,1.429607612716168041e-01,1.028822813669351549e-01,-1.947520910898551949e-01,-4.625538694264110656e-02,-1.764293554267639397e-01,5.087897050522983966e-02,-2.249139256188908698e-01,-1.871921979238989897e-01,-1.439022473687752435e-01,-3.316389937454959896e-03,-9.688431106866737808e-02,-1.790401310956083181e-01,-6.917849119855802587e-02,-5.812511861025931176e-02,4.954322847148420750e-02,5.556726534504374121e-02,-4.022913159890318391e-01,-2.673873304124829153e-01,-1.940034651360425799e-01,-1.154228270864332967e-01,-6.651385609552928901e-02,-9.748998631244465418e-02,3.211076531075186535e-01,2.577168754972322673e-01,-2.092343953335791817e-01,6.115888690484433399e-02,-1.916754826785110610e-01,2.142938296883324378e-01,8.190072548895811766e-02,2.212658975942555784e-01,5.242586965951126499e-02,3.641032785573576902e-01,-1.213909437362353932e-01,9.590493524375062750e-02,5.819657141962644720e-02,-1.076981711027439476e-01,-4.533653269085151372e-02,5.285145852656469162e-02,2.941185227873635011e-01,2.266876962896252068e-01,2.735472589107448838e-01,4.096002953400775248e-01,1.743400570791393545e-01,1.297459632890780590e-01,4.234682989822294852e-01,4.475710479340235803e-01,-3.217123538704784735e-01,-8.279062842362171215e-02,-3.380094736636562458e-01,4.720244779967577679e-03,2.408012944398027835e-02,-4.530865394310740896e-02,9.048001093368771008e-02,1.415959355460383318e-01,1.888218373906460357e-01,2.818295736562031473e-01,-2.075596373757726543e-01,5.896815475431039372e-02,-1.978773491558891151e-01,-1.336193456878648766e-01,-2.174346465552351726e-01,-4.274815165434636133e-01,-1.065088266397148653e-01,-2.423460284198288017e-01,-2.365868517413599950e-02,6.852164263543829292e-02,-6.135746438057693153e-02,-5.055924088304437902e-02,-5.328278561546453268e-02,2.964572041624431997e-01,-2.105395431706808540e-01,-1.403337751462904459e-01,-7.272862064383996128e-02,-1.953314392873774785e-01,9.246615190414959884e-02,1.759099807596599049e-02,-1.222160611008259318e-01,2.654067829177999128e-04,8.922913632280894680e-02,3.701290447875112133e-02,1.183256507623453024e-01,-1.756064766273077171e-02,2.949676915505627939e-01,5.224836874773787498e-02,3.619572455472901407e-01,2.130841505787354762e-01,-2.539298232184095117e-01,-2.693503636236064813e-01,-1.372056607688802998e-01,2.759261908168083102e-02,-3.122172479086974053e-02,-5.050830013964752868e-02,3.335192201796548239e-02,1.024053035926804633e-01,1.300432355767173198e-01,5.423381370570828225e-02,2.337344035646909957e-01,-2.673884711960289873e-01
3.284502610076259765e-01,1.820878881710968900e-02,-7.135094658604171913e-01,-1.589869798281530744e-01,1.077435151985932232e-01,-7.565119558193028615e-02,-5.636737574845011034e-01,9.840690333496875108e-02,6.568931756195034444e-02,8.055470505509742044e-03,4.575605728511186188e-01,0.000000000000000000e+00,-1.410145873679982398e-01,4.814278791457487494e-01,2.493975815582397948e-01,1.478993142602866018e-01,4.182176016548196096e-02,2.462465028938570777e-01,3.193252814990529265e-01,2.387830957287655764e-01,-2.338513906652989471e-01,-4.868964458141105539e-02,-5.599108967119076352e-01,-5.615998446881977080e-02,-2.904290361327494518e-01,2.078501648994289866e-02,-7.553449751190065287e-02,1.282512630837828738e-01,1.423558191898533776e-01,2.532684626011752482e-01,-6.116750070620748103e-02,1.261497140578733966e-01,2.569796351826482694e-01,3.205288025880508873e-01,-2.107613796841634191e-01,4.178181203901636803e-02,-3.040549666560634634e-01,-7.979221113535911458e-02,-1.648582558499026365e-02,8.081841592897244519e-02,1.120075367542560929e-01,-4.873361961937684728e-02,-4.530519084049299261e-01,-1.100683807982665852e-01,-8.476070170999566722e-02,-3.177180135197263389e-02,-3.329071229275920585e-01,-2.862299251584532467e-01,9.056133167161085906e-02,2.745822550323286371e-01,-1.548399495205751430e-01,5.997567683847453840e-02,-2.147227478688235047e-01,-4.336395022929762644e-01,3.743064027805018124e-02,1.478964474973427368e-01,-1.267419935708820160e-02,-2.364232549437984224e-03,1.300883934327780045e-01,4.964084215413382961e-01,1.621089523961783407e-01,4.705992370100607336e-01,4.013639204204608180e-01,6.389823049461065274e-01,-3.543684183911536834e-01,7.708776316491026959e-02,-4.698087474147928932e-01,8.820206951969283837e-02,3.832469638971767664e-03,-3.658523129536976337e-01,9.989927325284532391e-04,6.970940538682963983e-02,-3.023262360686848962e-03,7.671066015090219348e-02,1.097565382533082778e-01,4.984753719742249928e-02,-1.353345310357739750e-01,5.832447338699660311e-02,-1.633493983767473345e-01,-2.663483570542868328e-01,-8.467469269606280047e-02,-2.189468020361854950e-01,4.888115746469139794e-02,9.134560979231552691e-02,-4.874454188848503233e-01,-3.547933952247207118e-02,1.457015305403596972e-01,1.759775736342623909e-01,-3.442264796432042279e-02,1.673974816118604103e-01,-1.789213637522173161e-01,-3.885638387557340812e-01,-1.174033467129500519e-01,-2.761468508400417576e-01,-6.144760578388915734e-02,-5.519728065951944734e-02,1.343320909343531377e-01,3.168376593676379138e-01,4.369555473730837303e-01,1.329229542148369636e-01,1.484792869638639767e-01,-6.800367238086385546e-02,2.028178236660224953e-01,2.300936167562174228e-01,-3.434634085382879953e-01,-4.137539403831635987e-01,9.773746883398583274e-02,2.244048984793063084e-01,6.435038073719313856e-02,4.120184767932440553e-03,-1.989539137332412347e-02,1.533714072727664079e-01,2.210188598151295244e-02,9.268792234901190169e-03,-4.821623571074690195e-02,-5.404092988556206956e-02
-1.760327264556817428e-01,-1.293127459555490077e-01,3.001758738583622521e-01,3.926557656897174814e-02,3.145180776097950548e-01,3.177522301424814399e-01,4.121267000430734462e-01,1.385015602905841775e-02,4.975338039409197832e-01,2.165571141927191412e-01,3.017641082866321933e-01,-1.410145873679982398e-01,0.000000000000000000e+00,1.716147264937526729e-01,4.626198316579353542e-01,1.744328167261368634e-01,-1.998184955627098636e-01,-1.200671485276309791e-01,-1.196931735397265828e-01,-1.340595290444638599e-01,2.609378867223611786e-01,4.590422660113776393e-02,4.189419048801362733e-02,9.487861297493165036e-02,-4.897249593269533546e-02,1.344674468686787028e-01,-2.334890404066763125e-01,3.513624077019630865e-02,-1.664756676314249617e-01,-1.013646917258219093e-01,-9.308209032545630701e-02,-8.462141747870246047e-03,-2.412144322635742244e-01,-1.829922420869994071e-01,-6.873546587028474264e-02,-1.242848543157966251e-01,1.073424000494335867e-01,-7.290841106714576574e-03,1.966039712084118041e-01,4.961026009161452477e-02,2.506223157148279590e-01,2.437559631403151961e-01,-2.417438458824364700e-01,-3.033985569080056566e-01,-2.335782914779356567e-01,-2.895662047893725610e-01,1.045408009731601806e-01,1.977555223580258412e-02,-2.732741827622832687e-01,-4.401917064837876370e-03,-1.928246701876202840e-01,-1.465495742478506724e-01,3.317457069320753349e-02,4.817262438371459204e-02,-4.323874603309445230e-02,-3.182675793985815377e-02,4.794801974229211811e-02,8.637652127655819079e-02,-1.616458197759754406e-03,-5.880726965183232652e-02,2.727523914091765089e-01,-5.451962012776055688e-02,-4.631081621218219313e-02,-7.597359758830789234e-02,1.192669553222631684e-01,-5.912015724701288888e-02,-5.312721455151060007e-02,-2.026550812089356612e-01,-1.192124349737180844e-01,1.242680001853822408e-01,2.018364698622976405e-02,-2.793624530217119969e-02,-9.873426129700205167e-02,-9.275359040706550318e-02,6.036158361406988165e-02,-3.229525103310134510e-02,-1.426805934088665358e-02,-1.610088114740767795e-01,-2.075390660585546276e-01,3.501621395310614004e-02,-1.544375501823521124e-01,1.074229419510746020e-01,2.280196219967725868e-01,1.798355884985566311e-01,1.654955859971859733e-01,-5.969927890720137797e-02,3.949022469696850113e-01,4.052951853725439979e-01,7.899358884386264990e-02,3.581054224888471221e-02,-1.823418520701081680e-01,1.003601723188954527e-02,-2.648130869645338725e-01,-1.089256946451569869e-01,9.446194421265499686e-02,1.995860181500400399e-01,-2.349110815749448286e-02,-1.037597041933197295e-01,-1.933187702079667281e-01,-2.185292553110813607e-01,-1.738481512936946305e-01,-2.072538001992755008e-01,-6.100689958890573306e-02,-2.449478365336477947e-01,9.506388772460044878e-02,1.489921647696424711e-01,2.687489558645633162e-03,7.954359328127366680e-02,-1.313543198269264689e-01,-5.975296534327712711e-02,-2.903774006920663980e-02,-8.159255961247612043e-02,-2.225849123494211546e-01,-2.041309014835689384e-01,-1.243541035181163108e-02,8.062937151984077289e-02
