0.000000000000000000e+00,6.212639063909011217e-01,4.050196486439299748e-01,2.046837569069274720e-01,-4.317820940816662345e-01,-7.884209703270089742e-02,4.168766084430742258e-01,2.168940970099808019e-01,-3.462789165768923733e-02,4.727293287393689869e-02,6.607601657252820671e-01,3.489440119248264915e-01,4.721390604667491941e-01,3.473865283712757046e-01,8.127568968490189727e-02,-7.737786247950526053e-02,7.934057495427537798e-02,2.065608077559279998e-01,4.755514723692475521e-01,4.357551719955061742e-01,-2.131071372181983503e-01,-2.713036356968788754e-01,-2.435402541725626216e-02,-6.975215739960326233e-02,-1.717189916081272583e-01,-1.124156393725178338e-01,-5.005633520254573754e-02,-1.369566730266071619e-01,2.633926384256973785e-01,-1.198553655480587149e-01,-1.376040921792087424e-01,-3.739425127021183681e-01,3.110384576367864959e-02,-4.306996565306265429e-02,-1.944761017595037222e-01,-3.202859575220793897e-01,-2.442992589837105488e-01,-3.539434026540910216e-01,-4.667313629313892820e-01,-1.727613271393790562e-01,-2.030309850043231501e-01,-1.957111267744860161e-01,-9.545430241851071695e-02,-3.313299008072131263e-02,-2.655995653486180053e-01,-1.555356582657473064e-01,-1.126934970971843891e-01,-1.262466264657845574e-02,-1.381578857200219390e-01,-1.891095560570349443e-01,-6.421228438806794898e-03,3.940880352032560124e-02,1.351997264485822747e-01,3.833316103963697180e-02,-2.609634002679009912e-01,2.524028342065924857e-01,6.358880393146758570e-01,5.949461503923291206e-01,2.141731102746951831e-01,-1.200786576192969801e-01,5.346987456893611546e-01,2.924548150879155428e-01,2.519719119175123923e-01,2.473719546070038688e-01,2.988742660243671675e-02,-2.065469560315831565e-01,-1.679755087683642012e-01,-3.483824879748805281e-01,4.640192142240450179e-01,4.851754871214230547e-01,3.086255491506226245e-01,2.204806809588761018e-01,4.937075707832559446e-01,4.341966212409452130e-01,1.341111671525211865e-02,5.333834159029744032e-02,6.098177828402083500e-02,4.411377355055324731e-03,-2.390964744140579648e-02,2.071126496871669165e-01,2.046312888892428405e-01,3.467272619885646279e-01,-2.962306388922996692e-01,-2.919740957697442019e-01,4.126830914511627202e-01,3.449700012467134536e-01,-3.351554723973241279e-01,-3.634699529957373110e-01,-2.083552591236278451e-01,-1.545055219330938867e-01,-2.019561996408844595e-01,-2.814667243302687027e-01,-1.241098826271137996e-02,1.389473450033894622e-02,-4.129593291581495906e-01,-3.951904939265803995e-01,-2.267746285109546456e-01,-4.686440810835439813e-02,-9.571961280367349834e-02,3.148497812746994806e-01,-1.339063349526868896e-01,-2.306277554023818677e-01,-4.728905495522546798e-01,-4.302600614008046942e-01,-4.673921221284935701e-01,-4.137391533584079961e-01,-4.734608576786304424e-01,-4.233726469314413876e-01,-3.045373950428804655e-01,-6.292397277964281721e-02,7.299236344681088451e-02,-1.689846031379013958e-01,-2.615937643889015840e-01,-7.884583267560424380e-02,7.740484142874685947e-02,-3.645641177459534865e-01
6.212639063909011217e-01,0.000000000000000000e+00,-3.393895315815291091e-03,-7.041061013299050597e-02,-3.461853287542477897e-01,-1.026050203764676677e-01,-7.466631925439118356e-02,3.701393313293441928e-02,-4.214975909268853793e-01,-1.332141926767759499e-01,3.339803865921144865e-01,4.668285341603186644e-01,1.362074650755353555e-01,2.271139049296282963e-01,-2.302865505029829396e-01,-1.830255396711713278e-01,3.722269068343527221e-01,5.541538733169014685e-01,5.797175706249296789e-01,6.223266412731774944e-01,-2.928257770432700080e-01,-1.940196980611838262e-01,-2.989482774445293423e-01,-2.741408182272497274e-01,-2.927543502550034038e-01,-1.594242691261711364e-01,-1.113240430346187637e-01,-5.983110321866350056e-02,3.232812305786316731e-01,1.744350184235016477e-01,-6.979273548435487029e-02,-4.400459744125558292e-01,1.179013162434213585e-01,7.912941667691433811e-02,-2.737475972791156842e-01,-3.770565291705333943e-01,-3.591673718065817589e-01,-2.635009728699897469e-01,-4.642028905814066242e-01,-2.294858318236394079e-01,-1.798466128859519397e-01,-6.651243971696664536e-02,-1.002314805604829911e-01,-1.207603622610135263e-01,-3.587877262573094805e-01,-2.594869431329560050e-01,-9.610872752184435042e-02,-1.365698085294965447e-02,-2.326703748593743071e-01,-3.408621061192840807e-01,-1.091307772312149482e-01,-3.967097505793720086e-02,1.494846059120193138e-01,1.981459593374207961e-01,-1.572508902282161725e-01,1.163981316156909307e-01,6.354855204497165122e-01,8.408997419239309101e-01,7.008356397670777692e-03,-1.136860497173130952e-01,3.042948120977901905e-01,2.185772675494457584e-01,5.574047536187036744e-01,6.447623153455727119e-01,-4.144278399506549082e-01,-4.600247861844183328e-01,-3.411403848647870940e-01,-3.801567477967667807e-01,5.603979036289853388e-01,6.235123183106728861e-01,-2.806067424598406024e-02,-7.962278923193144911e-03,2.910616452592016401e-01,3.934402302542027718e-01,-1.686331167884342664e-04,1.189237577438241600e-01,-5.605784964171432044e-02,-4.448276442779435652e-02,2.441961614553887217e-01,2.994044836842606472e-01,4.845192085706307994e-01,4.952800267910301701e-01,-2.746723699346467762e-01,-1.556673920409595568e-01,1.727184527870927744e-01,4.369853954087636327e-01,-4.718532163298815862e-01,-4.379585293911922861e-01,-6.186359714757069805e-02,-2.948258159086909747e-02,-1.498069285689928865e-01,-3.848786418778985530e-01,-2.484830602019927892e-01,-5.715603300878596693e-02,-3.366353222739185136e-01,-1.297273840102078080e-01,-1.485895850152025854e-01,-9.727985775474892391e-03,2.753007837936112256e-01,1.045830032231132439e-01,6.107295975055531539e-02,-2.927399301151227262e-01,-2.974116148261499726e-01,-2.969700436369999696e-01,-4.330461267196165642e-01,-2.941969223093126584e-01,-3.053675413632030433e-01,-2.008473881629124769e-01,-9.494920351869828856e-02,-2.349715082174871211e-02,2.402439853382252744e-01,9.827229971464061797e-02,-2.216199346672442227e-01,2.684759489886059947e-02,4.128150383238576859e-02,-1.746839016084621998e-01
4.050196486439299748e-01,-3.393895315815291091e-03,0.000000000000000000e+00,6.511269366754789401e-01,3.181174411213440884e-02,-1.881763829250955866e-01,7.145316898270291928e-01,2.121662585814890478e-01,5.154358012362427743e-01,6.192546696812645246e-02,4.745783478357706864e-01,-2.196278445566142434e-02,4.257165281779775601e-01,1.987310186539588686e-01,5.788023150676933071e-01,3.187354163240658789e-01,-4.504655605034128124e-02,-1.264430094733488552e-01,1.974680946136938009e-01,2.160432024998616418e-01,3.520242357451364157e-01,4.799077515274606520e-02,4.772813452239009768e-01,3.438477535046139399e-01,2.154531192803451900e-01,-1.082670044107294505e-01,1.434933136975886647e-01,-1.862923601486861647e-01,1.041858414117556447e-01,-1.702418755256467076e-01,4.366345185259825484e-02,1.579263036563120504e-01,-3.149728474749517032e-02,-4.091497158678445573e-02,1.408311815620486851e-01,-2.329124641486334316e-02,4.056345247117423836e-01,2.636696992087006475e-01,2.011124567933483820e-01,3.145329229287245898e-01,2.900133793720051645e-01,2.134174499746177012e-01,-2.710191839366143940e-01,-3.044467554159758782e-01,-1.293502247788503590e-01,1.961167770609555452e-02,-3.361373040323143435e-01,-3.265797618544779013e-01,-3.137183853954986223e-02,-1.168715726912901848e-01,-1.167432021843577555e-01,-1.597006224516898942e-01,-4.282396571332701685e-01,-5.362599342074179098e-01,-1.226701995456729727e-01,-6.843780956859782383e-02,1.717129813999844767e-01,-6.531459308205357639e-02,7.084327693582256891e-02,-1.599371240429569296e-01,1.506547034188071010e-01,-4.904996793984007369e-02,-5.695993148068126399e-02,-1.913873982119653205e-01,5.772184510701062754e-01,2.325796932229560465e-01,1.851142938879132838e-01,-6.952312849130279360e-02,4.642970357982167257e-02,2.633731555480641265e-02,3.805268443699008629e-01,4.582342336124398674e-01,1.758086916462282268e-01,1.083226309786354535e-01,1.966296370326994780e-01,1.928019710232444645e-02,4.274061647066006442e-01,3.677843022277955121e-01,-2.742916570000513699e-01,-2.063963143968624570e-01,-1.729563904186475765e-01,-1.287485484143920389e-01,2.731948648827519088e-01,1.160081966239537299e-01,1.360291933591285807e-01,-2.274237283820453037e-01,3.949051274396808697e-01,3.817856491756610460e-01,-1.069665565102505683e-01,-2.297444325353504846e-01,-2.844275760846555756e-01,-7.586307835663004540e-02,2.862062410007752966e-01,-1.379411357164049556e-01,9.398963982120095428e-02,-1.180890141241770358e-01,-1.051758002394930225e-01,1.170451387364708495e-01,-2.197622404622311398e-01,3.241308875049438432e-01,9.576788732322781550e-02,-5.941090573158404851e-03,6.323811427360258655e-03,-4.124499645596913823e-03,4.833102922374908628e-02,-5.083100490689735490e-02,-9.106147358987003171e-02,-2.647104989320773344e-02,-4.696127616109315589e-02,-1.264976569051507460e-01,-3.163191643539512432e-01,-5.075733572464293797e-01,-2.552561626833907971e-01,-1.708830900293475119e-01,-1.549468154772366824e-01,-9.877457054323279806e-02
2.046837569069274720e-01,-7.041061013299050597e-02,6.511269366754789401e-01,0.000000000000000000e+00,-2.865724194104121367e-02,-2.421166363036102512e-02,3.761427051189072390e-01,5.656493123674913859e-01,2.288973840744656651e-01,2.425815727730793736e-01,1.968640036996387455e-01,-3.110578017752018212e-02,-5.290718398016040075e-02,8.420526057839460010e-02,3.131210397622131714e-01,3.520679423524490370e-01,-2.958418493246389169e-01,-3.966986316172436688e-01,2.175310378023410096e-01,8.102808913834042004e-02,2.571215883375974065e-01,2.279948240196123452e-02,4.395537652721163147e-01,6.296565892086305460e-01,2.974819895853621499e-01,1.133276595232544787e-01,5.471179230757065165e-02,-1.713865374695109911e-01,5.264953252696290276e-03,-1.225114850035490949e-01,1.098969059704175827e-01,1.880561729867888388e-01,-9.659588278770549208e-02,6.480208634824186076e-02,3.112349209224998803e-01,2.343080039225621525e-01,3.115245223844775868e-01,1.951947930517586582e-01,5.015316902897322404e-02,3.108287794077493338e-01,1.097760442916468210e-01,1.539209086535353599e-01,-3.287840010912351785e-01,-4.383618216220037667e-01,-1.588019749801096725e-01,1.069785019753740213e-01,-3.214589370064464546e-01,-2.520280624667212699e-01,-1.877640869477546076e-02,-2.425761864824101804e-02,-1.496597446355927286e-01,-1.688889111620488492e-01,-3.605597919443941923e-01,-3.982096220490101701e-01,-2.813184262442295913e-01,-1.193722566434949894e-01,-8.351784924012201072e-02,-2.432102869780908005e-01,6.091298485433023491e-02,-7.727320179204234113e-03,1.830833509826093330e-01,3.468973749179936616e-01,-3.049027272554140633e-01,-1.889620099442154144e-01,3.284609194354249362e-01,2.883178377897325784e-01,1.219892591232923512e-01,6.081630976943157296e-02,-1.006229843230681785e-02,2.210891236276908006e-02,3.100388196365668758e-01,3.415566168056959895e-01,1.859923275176502966e-01,1.835695158798731352e-01,1.350965480116759487e-01,-1.245908463214784045e-01,2.163815579011454937e-01,2.909891094521978028e-01,-2.940019199363149704e-01,-1.534258311465798996e-01,-1.371478287293236564e-01,-3.922032896359761017e-02,1.571409444496432162e-01,8.905373883487333053e-02,-8.355718356107329214e-02,-2.013572494748488984e-01,3.813780996594914319e-01,3.091010395501430641e-01,-2.579795677298368783e-01,2.690679532845267202e-02,-1.054502876811876932e-01,-3.576657878390421957e-02,3.818281592741694652e-01,-2.056986610351395073e-01,-3.959388750537539553e-03,-6.018399462962367025e-02,-8.442693150728926288e-02,6.283258196815995344e-02,-4.020164316999199627e-01,7.077728376236105956e-02,-1.611614928302798344e-01,-5.393022602058342163e-02,-1.371999777180469560e-01,-5.508537631133148676e-02,5.163346699596137873e-02,-5.977609449947672571e-02,-7.574393233659709734e-02,-4.559553680330662162e-02,-1.018331063107840578e-01,-1.160865856710287108e-01,-1.418429084122289907e-01,-3.804406608782919808e-01,-1.900417378664551182e-01,-1.013081017078772267e-01,-1.136333204198206048e-01,-2.848459792970696805e-02
-4.317820940816662345e-01,-3.461853287542477897e-01,3.181174411213440884e-02,-2.865724194104121367e-02,0.000000000000000000e+00,2.802794126672296104e-01,2.493955104823352559e-02,-2.811515889973536519e-01,4.081977341372911572e-01,3.480867812719144472e-01,-1.283598682596945872e-01,-1.915903234212133766e-01,-7.488996261709182645e-02,-1.737515929318238506e-01,1.857128297276970097e-01,2.628665691138923344e-01,-6.048291381243656173e-02,-1.568652356159070671e-01,-2.308641518850554353e-01,-2.853981834441343124e-01,3.527438149623933206e-01,2.439096681167206848e-01,1.263551972858877603e-01,1.129872134614696433e-01,4.669762271471977200e-01,4.354066675691186661e-01,5.880795927210095142e-01,5.346626193550971795e-01,-9.034039572217794634e-02,1.099363772867021777e-01,8.398931254947551717e-02,1.111489403868509002e-01,1.257372924500602118e-02,1.216311669904958197e-02,2.877955199253641808e-02,8.079130508402809774e-02,3.578276982914023741e-01,3.134022760107557093e-01,5.287411704826879832e-01,2.450928171185680071e-01,2.522251405897549814e-01,2.608114425950288640e-01,-2.219642635388636154e-01,-2.110560220423429167e-01,-1.151950937747386466e-01,-2.011046726169596344e-01,5.909372004985969512e-02,-1.598004365439611441e-01,-2.683188303970495681e-01,-1.733042511216966453e-01,-2.457667284726451351e-01,-2.554290714551719077e-01,-9.561810989994583287e-02,-1.339426215880862858e-01,3.561544142904188304e-01,-1.387947669538682482e-01,-3.086380759880884561e-01,-3.760169049787919771e-01,-2.387089578248214605e-01,-1.487394418356745573e-01,-3.506327898195799042e-01,-3.391312052083667594e-01,-2.471351272619074779e-01,-3.137387095329933762e-01,9.997002089113669887e-02,2.178372381271279634e-01,1.303355223177350974e-01,1.122973226084153092e-01,-1.343562700518496911e-01,-3.294215680040089578e-01,-2.181276197105962156e-01,-1.455316042083435457e-01,-5.961213813071356560e-01,-3.767659401375816897e-01,-8.597055621449931073e-02,5.051991196312647509e-02,-1.679899042662973407e-01,-2.022844084169741763e-01,-2.721220184693453129e-02,-3.629021544335210292e-01,-3.003338114009067583e-01,-5.186012710613984167e-01,3.100498076286630766e-01,3.164705871428877271e-01,-4.218611692304405913e-01,-5.072947064331290168e-01,4.678583459054680427e-01,3.698590938976838993e-01,3.518472231036857689e-01,-3.305733567246810917e-02,8.786699130121065210e-03,3.434806852970415797e-02,-2.678248661723525714e-02,-2.382440733537037891e-01,3.900743108433477047e-01,3.393145965614678961e-01,1.724713396053939862e-01,9.794867095722768757e-03,-8.010780497656691534e-02,-2.577680331047054740e-01,1.081032883819577906e-01,2.712278318515504161e-02,4.555199238797326133e-01,3.867538360370282313e-01,4.479081812990402534e-01,5.488659271831882736e-01,4.163502035613988461e-01,3.918374814208551160e-01,2.421303891435194200e-01,-9.748712404475862181e-02,-3.154776251756853389e-01,-8.401613136419186501e-02,2.382088194152836430e-02,-1.402971920108898041e-01,1.581984366797576161e-02,5.231257579477495145e-01
-7.884209703270089742e-02,-1.026050203764676677e-01,-1.881763829250955866e-01,-2.421166363036102512e-02,2.802794126672296104e-01,0.000000000000000000e+00,-1.697283449166923086e-01,-2.486000388668331285e-01,-1.324631045641625482e-01,5.159707356503494546e-01,-3.575612245266985290e-01,-3.455066734850444909e-01,-3.779432489913623350e-01,-4.017496052506798199e-01,3.599142738179743339e-02,2.268101686864048561e-01,-2.250069194559885244e-01,-2.886230329545470541e-01,-3.536748394694271269e-01,-4.302284339949682956e-01,6.486753636816593171e-02,6.787179965487732947e-02,-2.382855781053247468e-01,-8.720603624389279551e-02,5.347301246235245387e-01,7.974131140083938751e-01,4.346814317252394311e-01,5.479474987047235901e-01,-2.641275411552032049e-01,-1.827064782357836481e-01,1.255540770725006340e-02,-2.048024307754547357e-01,1.167004135229404022e-01,-5.833310205346753374e-02,1.567435592734326977e-01,1.691987080967380652e-01,5.225851110055661219e-02,-3.301595202709856069e-02,-9.998038892633251060e-03,5.124430090801534998e-02,8.973782355510198649e-02,1.194391170832701937e-01,1.904373564389305606e-01,1.494231214772659411e-01,1.043575854482396703e-01,-1.174382773540075392e-01,1.586063254001738865e-01,1.703152466455779557e-01,-1.004454534765831103e-01,-1.124030126148771319e-01,-2.982435934354016327e-01,-2.962217583699793266e-01,1.963408767872533156e-01,3.367550925697941344e-01,-1.047831612767204101e-01,1.510308900513608436e-02,6.115118464656556230e-02,7.874844135782443910e-02,-1.111486515525983293e-01,-1.418136511237205744e-01,-3.035529373990549229e-01,-1.546622842571662437e-01,-3.816363221316273480e-01,-4.022404108798752209e-01,1.083054464297702746e-01,2.060901615781669249e-01,2.954719325130981122e-01,2.263947292986643878e-01,-5.217247334594366653e-02,-1.849883968352524222e-01,-3.058763001798365244e-01,-4.706883437682176097e-01,-3.433839220188927843e-01,-3.235404003134759732e-01,-6.203718238058246737e-01,-4.046616000948811687e-01,-7.063814913301482701e-01,-6.691508553092018197e-01,-2.328655376038610558e-01,-3.564364894252796123e-01,-3.365685699215992255e-01,-3.895611355720905444e-01,-2.006432485647756669e-01,-1.050790679014267370e-01,-1.524876357202614163e-01,9.197157417195716417e-03,-6.802690985956424269e-03,-5.865794971550900710e-02,-6.387100830349272569e-04,1.875251370969884257e-01,1.263487639115637995e-01,3.014870491025907207e-01,2.949354796688876679e-01,7.702869837830880750e-02,-5.247754413895160119e-02,1.101095682173955231e-01,1.025435476989977196e-01,-9.348746944738595133e-02,-2.712196840398632958e-01,-3.517135524806710989e-01,-3.939850456094927122e-01,-1.219592685526052767e-01,-1.948671457565928355e-01,-1.653381073478853991e-01,-8.710761258420421371e-02,9.462402240945927412e-02,-1.743805869531719066e-01,-2.219743817618662074e-01,1.309246075095347461e-01,4.673862324782194350e-02,-5.621684599376281649e-02,3.271638292373679757e-01,3.205719350930857359e-01,-3.549035932478745159e-01,3.683917858972902970e-02,1.649150010869107896e-01
4.168766084430742258e-01,-7.466631925439118356e-02,7.145316898270291928e-01,3.761427051189072390e-01,2.493955104823352559e-02,-1.697283449166923086e-01,0.000000000000000000e+00,3.082834368809509451e-01,5.120660003906254421e-01,2.015632046991299581e-02,5.508691919762671585e-01,5.657175738093275785e-02,6.129663759946349932e-01,2.038078786429892153e-01,4.476258154938967948e-01,1.161692368868543906e-01,-2.060073044904549844e-01,-1.683218503488375650e-01,-1.306122098239791574e-03,7.001274206069069139e-02,1.950485461026203182e-01,7.183051069405291256e-02,3.703169250934951751e-01,3.233931991878221529e-02,-8.326639849325875864e-02,-2.015059096045539178e-01,1.801086411398079290e-01,-2.242045247893880711e-01,1.246034303652619746e-01,-4.693900451519947281e-01,-2.374940954130814186e-01,5.907320552611074888e-02,2.996131660695727783e-02,-5.843677513632315745e-03,6.556923560847863902e-03,-1.184160863780107653e-01,1.138502083047153030e-01,-1.057109142722867379e-02,-3.545808891991958367e-02,2.288723291822030922e-02,-4.880146649210787696e-02,-1.646987696274500867e-01,-5.797827399065465931e-02,-3.722836942181545483e-02,1.662694153160085286e-02,3.055769192514882007e-02,-4.905834917066485140e-02,-7.312247201739781322e-02,5.450534905331524960e-03,-7.442472620426780761e-02,-5.469190394803884192e-02,-1.509130017726329209e-01,-1.458488193295330027e-01,-3.174073155376517241e-01,-2.126562852076452903e-01,9.114377430297104787e-02,5.557867166271080600e-02,-4.261063999342571545e-02,2.904482884244254381e-01,-1.157459800892010268e-02,4.534090648216480002e-01,1.107497099098869175e-01,-3.978145428297247960e-02,-1.421533618813591582e-01,5.627574279360728626e-01,1.749669946195616665e-01,2.360236714103730316e-01,-3.509451006327790092e-03,5.181875497230638674e-04,-4.366714559091389170e-02,3.036311752479320392e-01,3.212765161519197110e-01,2.540449062140585079e-01,1.495590744020762475e-01,1.248912039081117586e-01,-9.769917271349878862e-02,3.851804336558297681e-01,2.604349543721211635e-01,-2.945834252225212335e-01,-1.036654754444636672e-01,-2.546326611968331988e-01,-9.573882506768674472e-02,1.123472188273769018e-01,-4.295604825629392720e-02,2.605313683878844322e-01,-9.616773136184300630e-02,9.201095009699972183e-02,4.496766227969860308e-02,-2.525658158822102206e-01,-1.283988483125128588e-01,-2.189857491985941484e-01,1.852266995909108427e-01,2.454295269824296466e-01,1.310501086517959213e-01,-1.840101201615356175e-01,-4.604760492099737035e-01,-3.839721929764862152e-01,-1.724137335543003136e-01,-3.976083632351342101e-01,2.988584386636662371e-01,-1.920735866951647774e-01,7.735131501887557159e-02,-2.091493778400506931e-01,-1.662497147358054095e-01,-2.470460808265163011e-01,-2.036886140579881876e-01,-3.024929688097257596e-01,-2.370425176131550904e-01,-1.717597226074438488e-01,-2.799690626350246347e-01,-3.143261100168286415e-01,-5.831584730580149367e-01,-3.145284539081362185e-01,-2.789824699567707289e-01,-9.255961248498766059e-02,-3.250751637625816093e-01
2.168940970099808019e-01,3.701393313293441928e-02,2.121662585814890478e-01,5.656493123674913859e-01,-2.811515889973536519e-01,-2.486000388668331285e-01,3.082834368809509451e-01,0.000000000000000000e+00,-2.596371490749110195e-02,2.002545109653141100e-02,4.070501497238998567e-01,5.023054238715745079e-01,7.584076152331052645e-02,5.463995772054291988e-01,-9.011854036492145115e-02,9.443296904834410851e-03,-2.315730187760745851e-01,-2.241730506461225569e-01,2.925329773572831749e-01,1.119520917560127005e-01,-8.179550423524774294e-02,-1.005413743134788152e-01,2.479982078049580985e-01,3.643289382841985447e-01,-2.274794732174771072e-01,-1.947156481628367353e-01,-1.987164017879848865e-01,-3.588192787519974836e-01,1.687113851572258072e-01,-2.197272373701376069e-01,5.731385154506369803e-03,2.273481455237209847e-02,-2.218984474670948615e-01,3.537279576079462029e-02,-1.836053066150705390e-02,-2.592272878677990069e-02,-1.910397676323465910e-01,-1.176446010739307241e-01,-2.954970434092823450e-01,-4.431937426252551687e-02,-3.981424728346573683e-01,-2.895991616757786491e-01,-2.199882241384548409e-01,-2.771490358148398503e-01,-2.787856397247813200e-01,-9.822981412273985510e-03,-2.835594424932055269e-01,-9.628596478487509713e-02,1.283721362185554632e-02,-6.565199273911422051e-02,7.549152153368003659e-02,-3.164694287006018791e-02,-8.550779135521043017e-02,-1.327976905382509953e-01,-3.742972248820600201e-01,-1.038466926840547755e-01,-1.982170425957901216e-01,-1.479590563839864314e-01,1.334082855727109496e-01,3.115936932211022317e-02,5.815997505915454502e-01,7.713064074520350477e-01,-1.609811588635002774e-02,2.638496864744878101e-01,-9.256559177378714809e-02,5.194716288212673609e-03,-2.695297198280181550e-01,-1.338365859425028614e-01,-1.045918826374164917e-01,5.576009018346303470e-03,2.999662443344708329e-01,4.344981761928288222e-01,5.207575779172207708e-01,3.817633140474566700e-01,2.506813092796915110e-01,-7.314975489616733217e-02,3.438022304411509356e-01,5.141478521144866587e-01,-1.281712361703244984e-01,2.556075542779766563e-01,2.137323345802447372e-01,4.085891490812463833e-01,-1.353022607385286069e-01,-1.805608230232102762e-01,1.635307618613002500e-01,2.208141690384382017e-01,-1.743283217968464582e-01,-1.952783871631783019e-01,-3.501260745581931677e-01,2.133271768363467075e-02,9.565408141560048649e-02,-8.632253809859953553e-02,1.534931574892309247e-01,1.112838448228050184e-02,-2.427563531714596046e-01,-3.784978465332217712e-01,-3.802594970487272463e-01,-2.592806283447326443e-01,-2.932950129136956408e-01,1.283121561133808430e-01,-1.703368607333250462e-01,1.681272486183227888e-01,-3.122511835762561416e-01,-9.333448416091769118e-02,-2.049538535489107971e-01,-2.584374175453880706e-01,-2.238131974878586061e-01,-1.993041132518593994e-01,-1.771403362623034106e-01,-1.307951750171841843e-01,4.026553479542079733e-02,-3.867654811801282122e-01,-2.686015592795825691e-01,3.676819887045555679e-02,3.618170200765864764e-02,-1.664907158022193856e-01
-3.462789165768923733e-02,-4.214975909268853793e-01,5.154358012362427743e-01,2.288973840744656651e-01,4.081977341372911572e-01,-1.324631045641625482e-01,5.120660003906254421e-01,-2.596371490749110195e-02,0.000000000000000000e+00,1.636950308752751493e-01,3.647232460924449970e-01,-5.223913951781825743e-02,4.285660437220886743e-01,1.297554807976313007e-01,6.200461441117878225e-01,1.949956594051283354e-01,-1.728131000265316075e-01,-2.404128911785903544e-01,-5.172489325813225958e-02,-1.253101085954321514e-01,3.162005135020256041e-01,9.260730587719702422e-02,3.725604704792011557e-01,1.931133696721675508e-01,1.092197783789951027e-01,-1.539226348689226587e-02,2.999431653647572360e-01,3.823054554162549912e-02,-5.177309014567659656e-02,-1.435790256949731614e-01,-2.961973784559769340e-01,1.021719350038528124e-01,-2.741185487181970193e-01,-2.294887684899026836e-01,6.971016760069086160e-02,-1.003642248050437280e-01,3.065010672324444130e-01,1.931720108053642804e-01,4.418555505545593287e-01,1.584597053373000553e-01,2.069330150612179731e-01,6.643339183321025909e-02,-2.014587122862395163e-01,-1.692688114011368372e-01,-4.411639412031907043e-02,4.958391673260248260e-03,-2.011009946153193007e-01,-2.487938466773753909e-01,2.997693662548602672e-02,-1.444113056825031306e-02,8.551461535643387069e-02,3.748556325422089559e-03,-2.552145148522472762e-01,-4.155962755925249885e-01,1.285879562150596678e-01,-2.631762229412338422e-02,-2.202553900235196260e-01,-4.408036899887838866e-01,-2.919545677599234054e-03,-1.378614193109285735e-01,9.188787990498202551e-02,-1.242854582231189414e-01,-2.755828212316390746e-01,-4.025365275508395735e-01,4.646512802437517964e-01,8.889243435247534686e-02,-2.670996867357255597e-02,-2.346878089775711052e-01,-1.684172654878492992e-01,-2.068223850266879826e-01,2.387772457123769621e-01,3.108367441658423935e-01,-2.856040200959834158e-02,-5.111560817912685212e-02,1.357862008645059626e-01,1.289680844752063016e-01,2.407467826135041844e-01,1.044478111995351538e-01,-1.660837097151798836e-01,-2.521903084717893040e-01,-3.851655422916024363e-01,-3.273265666432632059e-01,2.757193869648634776e-01,1.507619754396804512e-01,-9.698588374004432633e-03,-4.402941067621365390e-01,4.751653711322593177e-01,3.952373067342205837e-01,2.201290163966921620e-01,-5.250713683758927684e-03,3.524477491749550967e-02,2.199926088514096156e-01,2.074940114365449728e-01,8.277801236951713715e-02,2.821465947320501710e-01,3.785261205244282862e-02,-6.380207730039026692e-02,8.267720489080761237e-03,-1.961378655510554181e-01,3.392167025276305869e-01,1.322123034611385750e-01,2.554928904063442641e-01,2.646913261035727660e-01,2.593231240132718995e-01,3.299124232671727386e-01,2.907914289317639622e-01,2.324838395393146739e-01,2.207387109508277268e-01,6.872013593753033452e-03,-6.820090612348636561e-02,-4.887330238100593971e-01,-3.588072297429197866e-01,-7.217665508452816847e-02,3.740340122524830543e-03,4.765792993045744885e-02,2.169680961404374664e-01
4.727293287393689869e-02,-1.332141926767759499e-01,6.192546696812645246e-02,2.425815727730793736e-01,3.480867812719144472e-01,5.159707356503494546e-01,2.015632046991299581e-02,2.002545109653141100e-02,1.636950308752751493e-01,0.000000000000000000e+00,-9.248381999467211734e-02,-1.463937235943325865e-01,-1.383238749385026223e-01,-3.220566867844972675e-02,3.493520914980128289e-01,6.468735124510998080e-01,-2.775920226531838897e-01,-2.963628047006178767e-01,-5.961906434581050462e-02,-1.496273255773914457e-01,3.501693651004983421e-01,2.773742188762239325e-01,-1.754852523274085807e-01,-7.113728574160240771e-03,4.071597656778647711e-01,5.074839083214005564e-01,2.706595305334489332e-01,1.397838094191972413e-01,-4.393726495422762834e-01,-2.844534669656187398e-01,-1.658753602972031782e-01,-1.387421702112629773e-01,-3.875631973181477008e-01,-3.741005580121827268e-01,-1.878172403256373191e-01,-1.057577085930990479e-01,3.212232249774401582e-01,2.069205725968270571e-01,2.514904308841578451e-01,2.890433409197374348e-01,9.072499230344129029e-02,2.150444083851762445e-01,-2.147742183081612632e-01,-1.887301660127850556e-01,-7.277345246981195559e-02,-1.067580970410617613e-01,-1.436877948038925157e-01,-1.893077630733835393e-01,-1.447951539960779799e-01,-2.525755311099772346e-02,-4.062125662229029710e-01,-2.866903756953090854e-01,-2.116391453648329979e-01,-1.961710743882789376e-01,5.566047640792304817e-03,-4.472130677752603894e-02,-5.759108187671859586e-03,-1.453280654528286975e-01,-1.011935710549516088e-01,6.086409233345067837e-02,-1.467417948700708019e-01,7.822759735748056886e-02,-5.256490162252702714e-01,-4.327269395081958514e-01,1.447464112309670425e-01,5.724569490461643706e-02,-5.634465723675203402e-02,-1.602051091918169634e-01,1.911026014415980190e-01,9.879939680996027707e-02,-4.883187020005683859e-02,-4.529925380582312117e-02,-3.424349368673116900e-01,-2.895129692875305083e-01,-7.626702620199851679e-02,-2.128788705991797869e-02,-4.365264998367632820e-01,-3.691369042303123127e-01,-3.221160270421419280e-01,-3.466828208958514512e-01,-2.950346400790003210e-01,-2.702767320394975359e-01,1.722746016926185175e-01,3.456801107063239287e-01,-1.343579322699740286e-01,-2.322057149880824845e-01,3.535117104867270821e-01,2.972206905183982228e-01,2.228427925114965513e-01,7.511284057884179410e-02,8.241629471816985797e-02,2.649143159042519416e-02,2.450736127481050186e-01,-2.206136551292293968e-01,2.048277916588197300e-01,1.292324836843068425e-01,5.018669075292607473e-02,-2.523769762498007108e-02,-9.943298667225143606e-02,-9.453930163774462714e-02,-1.111043901627784269e-01,-8.410791695322226980e-02,1.339405327411542779e-01,1.777230804307380896e-01,2.157716910735776039e-01,2.657871562911632290e-01,1.423091902858051039e-01,2.068168455150178608e-01,1.599972103879907792e-01,-8.118984952722595183e-02,-1.348734641532122192e-01,1.928256253983880739e-03,1.063420645067937043e-01,-3.013421459965093807e-01,-1.817921036034535753e-01,2.573806450850532057e-01
6.607601657252820671e-01,3.339803865921144865e-01,4.745783478357706864e-01,1.968640036996387455e-01,-1.283598682596945872e-01,-3.575612245266985290e-01,5.508691919762671585e-01,4.070501497238998567e-01,3.647232460924449970e-01,-9.248381999467211734e-02,0.000000000000000000e+00,6.034478833000311848e-01,7.556559822849477914e-01,6.791345769985253078e-01,1.981735517607275676e-01,-1.278239428768429553e-01,1.522987608617486222e-01,1.934854993742305684e-01,5.176897958395267896e-01,4.330681108352759101e-01,-1.533675455130277809e-01,-2.152666438636813007e-01,1.205997254406532826e-01,-5.278038661403598036e-02,-3.925994802020879582e-01,-3.607946056643527855e-01,-2.186170179339525649e-02,-1.723137899448524968e-01,4.812283092212856772e-01,4.934575188035208136e-03,-2.118882472712435849e-01,-1.972044898767500998e-01,-1.261718293157376991e-01,-1.219319457351242392e-01,-3.658595394214695373e-01,-5.069170398287216051e-01,-2.455644813414694372e-01,-2.641178654981355955e-01,-2.503606661640762066e-01,-2.411479480092311445e-01,-2.488202866194246521e-01,-2.920337332320855350e-01,-2.774847987072411870e-01,-1.786470203289834136e-01,-3.993666460320233758e-01,-1.945662841254068853e-01,-3.489053979958902652e-01,-2.040707093732216093e-01,-1.669528291985844792e-01,-2.016479497400868459e-01,5.368688186431694320e-02,3.526412718056493034e-02,-4.805564291880966982e-02,-1.843135746535384534e-01,-2.896248102273702996e-01,7.285062102340994321e-03,2.534622852959931838e-01,2.205307953774794660e-01,6.550610194751406434e-02,-1.321163093953884593e-01,6.295821754470798393e-01,3.841428017018470586e-01,3.134124150759272642e-01,3.475176619784284826e-01,-5.139699698480982432e-02,-3.135183534449380582e-01,-4.493069035564596914e-01,-5.410556048289832942e-01,1.901367987733868226e-01,1.896438290093945545e-01,3.662082938186649317e-01,4.724739494459875844e-01,5.139726680108805956e-01,4.589526165465579455e-01,3.917814094903068201e-01,2.938441691708956194e-01,4.347250818929868643e-01,3.629778298506027290e-01,4.865491421504444108e-02,2.457430146407343918e-01,2.494940717343905046e-01,3.359809271195541291e-01,-9.830762992620362128e-02,-1.998427827251938182e-01,3.730397330349222162e-01,1.561616397640606391e-01,-1.991659870937972365e-01,-2.199655216662896040e-01,-9.683895213307694427e-02,-2.114129961272253611e-01,-1.055355837411487835e-01,-1.944886154818778190e-01,-1.225097226790303889e-01,2.471937612674657975e-02,-1.672358462342267149e-01,-3.282379173295558727e-01,-2.949238122961126973e-01,-1.324119704155926058e-01,4.782332100529768787e-03,5.182327052823019198e-01,1.617050689721443724e-01,1.441193330356129731e-01,-1.798742109351524343e-01,-7.559229460826280556e-02,-1.684159489097284690e-01,-1.701108589548529226e-01,-1.589087218513790811e-01,-1.772176944134096210e-01,-2.617592068894508128e-01,-3.292082025262930978e-02,-1.677185668600897073e-01,-4.011997908849787020e-01,-3.446745320777795385e-01,9.657353363945858638e-02,1.730298571333654389e-01,-9.241403502421846605e-02
3.489440119248264915e-01,4.668285341603186644e-01,-2.196278445566142434e-02,-3.110578017752018212e-02,-1.915903234212133766e-01,-3.455066734850444909e-01,5.657175738093275785e-02,5.023054238715745079e-01,-5.223913951781825743e-02,-1.463937235943325865e-01,6.034478833000311848e-01,0.000000000000000000e+00,3.045852823964245726e-01,7.396751048760829006e-01,-1.101443466465189119e-01,-2.196371058743864513e-01,2.568557079648431940e-01,3.954132110677255341e-01,6.340103625610822302e-01,5.081603328785229134e-01,-4.092126508260066076e-01,-2.527714398158860121e-01,-3.665743942895449692e-02,1.148476865796128205e-02,-5.425049852754246782e-01,-3.458796929311743207e-01,-3.606648919638923978e-01,-1.896635290985033417e-01,4.528646180181069014e-01,2.795103988602953837e-01,-1.074393878247674183e-01,-3.349052930533583106e-01,-2.179156651163838276e-01,-4.930882495813027760e-02,-4.721966978788559310e-01,-5.609093947245866740e-01,-5.035117353424620745e-01,-3.182156157062256407e-01,-3.396322460267452992e-01,-3.412842706235165169e-01,-4.812385477538617118e-01,-3.455058450438997508e-01,-3.833593084197826628e-01,-3.554336229107682432e-01,-5.828572190436193123e-01,-2.783227070871481246e-01,-4.157376424606549215e-01,-2.868769272599092646e-01,-3.142880682290086769e-01,-3.551693067584717478e-01,6.882848747555745175e-03,3.338511250238649503e-02,1.971343519983327630e-03,-7.719247684619916228e-02,-2.785326519914825827e-01,-2.260321301999190513e-01,2.005620467976220178e-01,2.163625853917781894e-01,-2.569595349346351365e-01,-2.324984951998839144e-01,5.016795061910230835e-01,5.423534033592277703e-01,5.246534511415855695e-01,7.066069750626403634e-01,-4.409072147983335022e-01,-4.356416764250891083e-01,-7.377401401928002089e-01,-6.304877900956341596e-01,2.939270255836665124e-01,2.681133354381673439e-01,1.495440734496643609e-01,3.698019071236685607e-01,5.597384097635326183e-01,6.273191400978724852e-01,2.924003028636387724e-01,3.770779634617050236e-01,2.999091558833623661e-01,3.695970498787925496e-01,3.341666999391126325e-01,5.094972001182326293e-01,5.488068452249340590e-01,6.163100632406380841e-01,-2.467871090980841009e-01,-2.370468137936125597e-01,2.133707504276839972e-01,3.101170404486711663e-01,-3.560503107482459462e-01,-3.621292216053560997e-01,-1.303555124512610110e-02,-2.481957212182623052e-01,5.952678326061094233e-02,-3.017789970340086780e-01,-2.706713412630877835e-01,-3.485832495106693657e-02,-1.184725697809244638e-01,-1.733939001793746160e-01,-2.570576277424421741e-01,-3.717901613268652372e-02,1.445483442685326914e-01,3.008479409114561687e-01,2.400383848623285354e-01,9.412186915593541425e-02,-1.042323514803593781e-01,6.252997604031115819e-02,-1.336995485207814471e-01,-1.117622037943144520e-01,-2.921230339646003950e-03,-7.944863722467554457e-03,-1.873942921672841766e-01,1.660838726046342737e-02,-8.977337351899948581e-02,-2.065692047838039447e-01,-3.170324570649998841e-01,2.790243242089786024e-01,1.744768958918555546e-01,4.244649728158361029e-02
4.721390604667491941e-01,1.362074650755353555e-01,4.257165281779775601e-01,-5.290718398016040075e-02,-7.488996261709182645e-02,-3.779432489913623350e-01,6.129663759946349932e-01,7.584076152331052645e-02,4.285660437220886743e-01,-1.383238749385026223e-01,7.556559822849477914e-01,3.045852823964245726e-01,0.000000000000000000e+00,4.793420373393766365e-01,4.026358552455667761e-01,-7.897099041042096243e-03,2.000821069641723626e-01,2.307849352247341168e-01,1.788852157694838241e-01,2.152886644647686032e-01,5.627574469645503508e-02,1.874652495719587517e-02,8.153351727630590851e-02,-2.638314656004474568e-01,-4.703961778413911499e-01,-5.066505914295722501e-01,-7.413983100515994518e-02,-2.776666276999663618e-01,3.817054444630920695e-01,-1.432452167889666506e-01,-2.675456948616966035e-01,-1.291145500556837578e-01,-5.953090141753828585e-02,-1.402359859635305406e-01,-2.869084526388752110e-01,-3.664179239379606323e-01,-6.929715535857744468e-02,-1.026934920691955078e-01,-1.533114667466108361e-01,-1.740439525786761088e-01,-4.761353206793602494e-02,-1.488384519049410770e-01,-2.093561665154953719e-02,7.113097160542640462e-02,-4.050487005516952010e-02,-1.888213211016385659e-02,-1.187575780638469997e-01,-1.238756010952999503e-01,3.760720224795043726e-02,-5.598807631032569343e-02,5.425379246517881421e-02,2.881201223979291178e-03,-7.077913517123654574e-02,-2.339885666498328076e-01,-1.553285807297594412e-01,2.684586198384896275e-02,1.641260189298871242e-01,1.108594623060199374e-01,1.690204352685703570e-01,9.604190533681676578e-02,4.145616024134433086e-01,4.736379584230042405e-02,2.347673546728108185e-01,1.565252527591551590e-01,1.013608192358445986e-01,-2.576434123359603312e-01,-2.011602285380168220e-01,-3.358018310619144686e-01,3.437561346661147099e-02,9.968869702858723647e-02,3.115855029254558373e-01,3.326923101030654362e-01,2.478023804190777890e-01,2.281582943389917628e-01,3.809961845002537983e-01,3.905001111579546325e-01,5.159733461348794403e-01,3.706751445658383326e-01,1.420322922993828146e-02,1.189161213508457549e-01,6.183898810223892317e-02,1.425878972354584495e-01,1.629228284768682866e-01,4.571815069675768534e-03,4.054956488164724315e-01,3.988145766176636603e-02,-1.478857268566526051e-01,-8.351394552117916148e-02,1.140559218967017669e-03,-2.439952281193458472e-01,-2.278799619833669077e-01,-1.162380298531610762e-01,-1.697963907742628398e-01,7.575371236206633607e-02,-1.201958562572671800e-02,-3.216148265142146356e-01,-2.914318530033633281e-01,-1.379648635509055921e-01,1.987999096391840706e-02,3.893730679142534123e-01,1.475365813780283863e-01,1.797758933196874631e-01,-6.954557641521702527e-02,-3.271634434417385051e-02,-1.918128818975762262e-01,-1.812051374760254296e-01,-1.565578357758858064e-01,-1.209965056645740944e-01,-1.480871766819136792e-01,-1.432694538446390164e-01,-1.824646311899630058e-01,-4.106607960386797762e-01,-3.034721330304078757e-01,-2.377458802000971538e-02,-1.835093679629696412e-02,-2.114939717880360837e-01
