0.000000000000000000e+00,-2.083003774967047417e-01,1.246477675422865382e-02,9.025274312745695457e-03,-3.729872379591555598e-01,1.128428814804204455e-01,3.211429876763242097e-01,-2.838716682235033484e-01,-1.967524917620963598e-01,-6.259697103942106489e-02,7.271069429343001156e-01,-3.038082329679164806e-01,5.956392090542141915e-01,-1.174436354354835704e-01,-1.930213767370192457e-01,-3.332062495557491233e-01,3.953359856071724243e-01,-3.502008693846785370e-01,3.421566924266253862e-01,1.012434785226445505e-01,-2.233511266933592421e-01,-2.238530560115332135e-01,-1.200597030095965495e-01,-3.149302155463562514e-01,-2.775847201991563651e-01,-3.321340875391518566e-01,-4.362557830940643200e-01,-1.763693245455252578e-01,4.931803637469994728e-01,-7.115195846328213614e-02,1.002098774785514790e-01,-9.108121586328954411e-02,3.998249421715175389e-01,9.961141045308032071e-02,-1.660007261051976990e-01,-1.914582277847321490e-01,-3.935905443812971576e-03,-3.748480106689391356e-01,-2.251478186188426711e-01,-3.246316578116734686e-01,7.156417625283131856e-02,-2.211505282503678782e-01,3.786553801391701057e-01,1.688596902574304170e-01,1.891087951509068041e-02,-1.512547265441085802e-02,4.126388088467559667e-01,2.606399785695072691e-01,1.880153731698984976e-01,8.097147633720196136e-02,5.089652019737199717e-01,-5.907847163581377709e-02,3.774752570034901056e-01,3.208713629426666047e-01,1.673168862967849280e-01,-2.501667488704515940e-01,6.575886940439211736e-01,-2.399695843603304457e-01,3.993842196039356640e-01,1.073402492356706206e-01,6.632696456583024869e-01,-3.228947901350955746e-02,4.577094931862285554e-01,-1.374406872604575780e-01,5.311585804858012794e-02,-1.644627331385151159e-01,-1.672543636800967459e-01,-1.273779441120618805e-01,7.160551371641146745e-02,-2.478404642951084202e-01,2.881216042407726552e-01,-3.222492913851248142e-01,2.214941847747170511e-01,1.837375010724746349e-01,1.174358120256229106e-02,8.853457285303295218e-03,2.450143937500806335e-01,-2.710748627707518579e-02,2.806116519464577075e-01,-3.592608400015700337e-02,1.579921999526295862e-01,-3.472350230583207131e-01,-2.658588423345470408e-01,-4.597221520076820167e-01,3.587777925143203483e-01,-2.249121640090753771e-01,-3.881859141378922184e-01,-5.515771687628507891e-01,-1.059048190304338194e-01,-2.630987273638843993e-01,4.384804266303905518e-01,5.276819977473057310e-01,4.335761341739337027e-01,4.269555914644667660e-01,4.074210239217698759e-01,8.799980455703855509e-02,4.198991644692613434e-01,1.435063633542108530e-01,3.394292808766215530e-01,2.534344691531990601e-01,1.929843025802257042e-02,4.777260485031719628e-01,-3.823410164037908121e-01,-3.452109552152623495e-01,-1.236992138196309765e-01,5.001987556599007956e-02,-2.281839076036326075e-01,-2.689119090902281073e-01,-1.935979587548004865e-01,2.233822391131164986e-01,3.708618878054263379e-01,3.470982153419813199e-01,3.912124278662226784e-01,3.830988832555318746e-01,2.620103069027617249e-01,-7.987186022693250342e-02
-2.083003774967047417e-01,0.000000000000000000e+00,-4.118148607555455198e-01,-3.195746971429672678e-01,-7.658602795509664163e-02,-4.294612335461864272e-01,-6.001199894318475225e-01,5.172660059438909802e-02,-2.327664727860268568e-01,-3.801790766454259396e-01,-5.246106362060706102e-02,5.276960359736746486e-01,-1.361427305376316510e-01,6.341639453529054338e-01,-1.254604939971055433e-01,4.779564559666039242e-03,5.016147631336956292e-02,6.833919504874159667e-01,9.668309886693066124e-02,3.146407557089669349e-01,-4.271201220647791869e-02,-1.873419269410017129e-01,-1.150315805606595271e-01,-7.399249652729767909e-03,-5.142139570410102500e-01,-4.745789455629608744e-01,2.141417275612501198e-02,-1.876245411508451477e-01,1.962649450708742541e-02,3.476124385262568395e-01,-4.324039775726089552e-01,-2.010339979202235561e-01,-1.589180253674585264e-01,2.011246479311565583e-01,-3.348405406411281149e-01,-1.796126144901075972e-01,-3.314796604314080297e-01,1.279186860526232983e-01,-3.520623824634475652e-01,-6.594283980185333682e-02,-3.134217970577900247e-02,2.068451296393541139e-01,1.206604764724952122e-01,4.002556974020932135e-01,2.523602324516838746e-01,4.859486605921340407e-01,2.810408042700903927e-02,2.890460417809547211e-01,1.140456515845962027e-01,4.142923401639904135e-01,-2.675187012434047107e-01,2.909968362114299101e-01,-3.633495363046688187e-01,-8.592554588099080015e-02,-4.950042765742042605e-01,3.880880644539109192e-01,1.367002793522609505e-01,8.979649946430445784e-01,2.371281658437181250e-01,3.930263613287917068e-01,-1.170821591830649650e-03,3.304605278665386225e-01,2.263132029238727055e-02,4.523840230978674604e-01,-4.253339573676523377e-01,-1.718566349645324898e-01,-3.464448145913468502e-01,-2.460494757622580519e-01,-5.523404905777008073e-02,4.576224471960317342e-01,-4.459349186631406670e-01,3.866187799143580572e-01,-1.466637011578295346e-01,-7.915885783125024833e-02,-1.896375845288418849e-01,2.428655162033722947e-01,-9.404403590947899017e-02,4.145731358575873160e-01,-3.628141783644138196e-01,2.683104846693766810e-01,-4.807231909802051617e-01,5.197794711060492734e-01,-1.041155086825716891e-01,3.562805845135914029e-01,-3.077239464525301504e-01,4.557407553479463358e-01,-1.180353869511613640e-01,9.006316198541773621e-02,-4.779459506272338842e-01,2.915751616899992515e-01,-3.341669154191607705e-01,-1.914671916666952078e-01,-6.947673781103375079e-02,-1.447126902060179854e-01,-2.673788102651631360e-01,-1.776577942427974011e-01,-3.146912715929128801e-02,2.721792188078354657e-01,2.586269077238694258e-01,5.349096953762725315e-01,1.261590794667816033e-02,4.016177443434203187e-02,3.945426289828394412e-02,4.533911087881378199e-01,-7.910920930826433051e-02,-6.545279113120243408e-02,9.169733288882346567e-02,2.464946588335917843e-01,4.788482982238844582e-02,-9.075869733107674864e-02,2.960583030479512975e-02,3.923273165197912471e-01,1.387716412382470066e-01,-3.220163930282137210e-01,-2.564238666813289380e-01,1.544083463986874738e-01
1.246477675422865382e-02,-4.118148607555455198e-01,0.000000000000000000e+00,-8.788744287055064164e-02,1.059366422677570779e-01,1.776841312430271422e-02,3.872518237777635153e-01,-5.577558382636462614e-02,-3.347878662207078720e-02,1.851377858277660493e-01,-6.752852326465402788e-02,-3.241789130257802798e-01,1.376737052549841522e-01,-1.677592645333495780e-01,5.786405303227361019e-01,4.864952232673240839e-01,-2.487775064902065514e-01,-5.483465252946539970e-01,3.477576042142218049e-01,-1.081228205497387074e-01,4.037046709739023354e-01,5.938868887495215576e-01,7.855390182161571255e-01,6.455267378168200176e-01,5.430526515629039430e-01,4.899794522238645200e-01,4.754964729999395234e-01,5.700674195566033386e-01,-2.544178993286263513e-01,-4.852795705500437262e-01,6.663180095516521018e-01,6.551857570371227846e-01,2.675577150198164000e-01,-6.012079140454663559e-03,6.215207708821974819e-01,2.805830281842468521e-01,3.736412290564460892e-01,3.621954017918521673e-01,2.453421867373421494e-01,4.674343647448544470e-01,2.226448685102031810e-01,7.519541584633255248e-03,-2.752170779302788306e-01,-3.415388551537509865e-01,-2.048651283069982398e-01,-3.959050859232958741e-01,-4.118579253244191163e-01,-5.609137079758492739e-01,-3.653448998412969773e-01,-6.439905142124915383e-01,-2.338895300574391212e-01,-6.229474300348474269e-01,-2.032861894387456569e-01,-4.323175859304184132e-01,5.922097256233791601e-02,-3.726128855897684611e-01,-1.783126786227824390e-01,-5.020082624191448684e-01,-5.579595000328751997e-01,-7.307319576984083742e-01,-3.107275782640294137e-01,-6.195234306932355661e-01,-4.156520995951690223e-01,-6.810044207722236731e-01,5.657730253563243439e-01,-4.037171744339341367e-02,4.670297637085240594e-01,3.953621201218130571e-02,2.292953608470575944e-01,1.194743954237181133e-02,4.194486943418319624e-01,2.580357262017533571e-01,2.812601406306883267e-01,1.871289557425438455e-01,2.896830240345974472e-01,1.198852212199934264e-01,4.837085314572461270e-01,6.943349671141592350e-02,-1.003516816092163977e-01,-1.263277634135313854e-01,-1.839845304719799762e-02,-3.931833743241040513e-01,5.080039347059986943e-01,3.057662714752831246e-01,-6.932128621027901227e-02,-5.386924987822020450e-01,5.545720565286559323e-01,4.631421597140275570e-01,4.541369167082442981e-01,-1.626396830925795345e-01,-2.178069165061093382e-01,-2.387351707218832442e-01,-3.045728349509626010e-01,-3.457394781447399867e-01,2.981387876356646899e-02,1.501385748765077799e-01,-2.623151949755449588e-02,1.238701101094927606e-02,-2.596096611023429035e-01,-3.486017909560673589e-01,-3.023687859368838771e-01,-2.825550567871545349e-01,3.130572629245307881e-01,5.408297509039686549e-03,-6.261122839431963738e-02,-1.141961099884068881e-01,4.242337452566571909e-01,2.915735912893772652e-01,3.743077360307499601e-01,-2.556377404891465588e-01,-4.176011458747349581e-01,-4.179293736309702134e-01,-5.712977779227225161e-01,-6.570097381860962038e-02,5.063226114885842344e-02,-8.367995963113356028e-02
9.025274312745695457e-03,-3.195746971429672678e-01,-8.788744287055064164e-02,0.000000000000000000e+00,4.956545105912438243e-01,9.075425813583430923e-01,4.929845881587505696e-01,6.763222710451971542e-01,7.276783736492468124e-01,7.924455110283706860e-01,-1.518622873955644548e-01,3.605310487727240304e-02,-2.814341780385298114e-02,-2.657038422574803938e-01,-3.831271044179726526e-01,-3.627982110058213250e-01,-1.325297224852330265e-02,-1.203596790234422037e-01,-1.762801699103930531e-01,7.424726735001713207e-02,-3.804556876968492318e-01,-2.362769898914798272e-01,-4.732831602102295365e-01,-4.576645935025240863e-01,4.307935609866652693e-01,5.389818527583972729e-01,-3.617689436861867835e-01,-2.878270748285251535e-01,5.691397806784871671e-02,4.088547644534902825e-01,2.801439733275637878e-03,-1.925157776003486032e-01,-2.145105949565440651e-01,-2.467806462913984256e-01,-7.544640078812592243e-02,-1.792468001885868523e-01,-2.522670199704399874e-01,-4.749703711088188451e-01,6.469596507760816406e-02,-1.344761098798325227e-01,-3.250416520662111064e-01,-2.053494026350985713e-01,-2.447144291647775916e-01,-3.847671071310205249e-01,-1.609065578468215907e-01,-3.087407095353428277e-01,-1.625769304701855378e-01,-3.645854868665761583e-01,6.330086037148907607e-02,1.138287763628775262e-01,-1.604653745616885577e-02,3.231993693074962370e-02,3.488754395546169729e-01,1.579199571959549464e-01,-8.974268735187018731e-02,-4.398119325293403659e-01,-1.971178227299515140e-01,-1.537141041621014892e-01,-3.422687967741434856e-02,2.979282923973130548e-01,-1.369301019635989769e-01,2.954363720597683596e-01,9.096492002352189743e-02,2.448506533628019566e-01,-1.099047694560332661e-01,3.228871749645668143e-01,-2.371885170052341063e-01,-3.571864672459121315e-02,-8.081019958566859618e-03,-3.625594047121644681e-01,1.469862185506438657e-01,-4.050691364271549744e-01,-1.306548403646062284e-01,2.077505278774787606e-02,-2.306887002379235385e-01,-5.368933811655001165e-01,-3.657059954079396324e-01,-3.750491709975450894e-01,4.126944660303986101e-01,-5.930057457998672704e-02,4.418914837913983651e-01,5.343119596637295465e-03,-2.999570773586334727e-01,-4.374965453884680500e-01,1.037472996069731118e-01,2.359747146176258831e-02,-3.817830947195969826e-01,-3.505198596727535643e-01,3.658664637248035950e-02,-3.847970073833100746e-01,4.223830701348229577e-01,-4.636446650696078586e-02,7.943474463397724727e-02,1.025533882148371989e-01,5.156019369406460856e-02,1.921388368717170669e-01,-1.352768815997677787e-01,-2.560403286692649605e-01,-3.516219215316135349e-01,-4.803895428250919974e-01,1.768094807531888080e-01,-7.988458008196945223e-03,-1.615430403138095883e-01,-2.647139303520975595e-01,-1.957596646848269728e-01,-2.287875772691754794e-01,-2.248988883947095896e-01,-3.049311883974683002e-01,-2.708320408712563965e-01,3.188364859213810992e-02,-5.382991301306461890e-02,-3.248673380333182426e-01,-2.040960870010790143e-02,2.649269212997648268e-02,-1.299540599268249885e-01,-5.104180429700484051e-02
-3.729872379591555598e-01,-7.658602795509664163e-02,1.059366422677570779e-01,4.956545105912438243e-01,0.000000000000000000e+00,5.260553062767886479e-01,2.052029965466540540e-01,4.182168634971156207e-01,7.333793284773462151e-01,5.258929393635297656e-01,-2.926880609293657232e-01,3.307898880506716099e-01,-1.697728083715802916e-01,5.338135914376294922e-02,-1.779236284838078552e-01,-3.803573828862304856e-02,-3.127169225134616704e-01,1.597373281174882254e-01,-1.137357353819992561e-01,8.571607559531591036e-02,-1.201637004350186166e-01,4.409888375146923944e-02,-1.114391946864694283e-01,-1.284015355152486569e-02,2.859802794047029972e-01,4.813774837358922865e-01,1.608312933640866985e-02,-7.665261009123935931e-02,-2.543975448042654630e-01,2.091771666364924398e-01,-2.599087607317427176e-02,6.772666769381080476e-02,-5.050483113453286821e-01,-3.420032163122673774e-01,5.095057640777078158e-03,-2.680285802234917344e-02,-3.506565996105687755e-01,-9.295384980106376205e-02,-4.857624658282205105e-02,-6.420971159382979354e-02,-3.559657575361585558e-01,-1.581737765997327794e-01,-3.173755987550306856e-01,-1.408107730693577420e-01,3.669213844554329584e-02,-4.882833049849926582e-02,-2.909567038184576737e-01,-2.334335040068855616e-01,1.071816698430628906e-01,1.955015474002979314e-01,-3.714001293036311435e-01,7.504911297727634434e-02,-4.097643013566677761e-02,-1.219833424090272372e-01,-1.068098606653416216e-01,-1.539558992295534529e-02,-5.322014007701492133e-01,6.867850009066271688e-02,-2.662071651018081964e-01,2.271995679795572876e-01,-4.667263274373941728e-01,2.967632059191568916e-01,-7.303589417413022811e-02,3.979172163182276289e-01,-1.616492353968312368e-01,2.735156072693268325e-01,-3.046481644479920314e-01,-2.674789414209123861e-01,-3.524238407574988713e-02,-1.410152461398530288e-01,-2.202473204660956863e-01,-7.728442529731106847e-02,-3.223037629876204790e-01,-2.208878112392640147e-01,-3.054384458255132162e-01,-3.835887226115214377e-01,-2.910218407506223182e-01,-2.819131019173478081e-01,-2.355991741731622291e-01,-3.693274096654302480e-02,1.814646346315693798e-02,1.870755568252648882e-01,2.214956917546889725e-02,-6.182878675784311481e-03,-1.311919002722684302e-01,7.192508743877165656e-02,8.287177734528872186e-02,1.876435257875125606e-01,8.400304831838942277e-02,-2.959025206592169610e-02,-6.925255656318790067e-03,-3.985124823280595807e-01,-2.646841285533391708e-01,-1.921902397242432892e-01,-3.195556643057916313e-01,-1.164740739297440708e-01,-4.318693981207936683e-01,-4.338574394021599834e-01,-4.690231585560785121e-01,-4.358821970977717619e-01,-8.763888274419134178e-03,-2.821890935980148063e-01,3.750569247582103555e-02,1.116925807648679603e-01,-1.677340136983460073e-01,-2.279034527979565128e-01,3.072567728506113774e-02,-8.796733432005704456e-02,-7.556688284279565807e-03,-3.326971244711259268e-01,-3.438335640941227456e-01,-4.456075579259208275e-01,-1.839309984927818831e-01,-2.295851947931138726e-01,-1.818835960483934644e-01,-3.456955550170230651e-02
1.128428814804204455e-01,-4.294612335461864272e-01,1.776841312430271422e-02,9.075425813583430923e-01,5.260553062767886479e-01,0.000000000000000000e+00,5.289631779683759971e-01,4.363136040655268277e-01,7.271131470731190261e-01,8.158006406541693512e-01,1.240857036068354451e-02,-1.258643687732375338e-01,6.586086513904645945e-02,-3.874315932634306847e-01,-3.770751813141562936e-01,-3.652826658213171873e-01,1.570742106164514096e-01,-1.560870654942378699e-01,-2.683052569766355977e-02,6.749380386540387855e-02,-3.665914167570540338e-01,-1.581094592562632128e-01,-4.266777006315164988e-01,-4.316060558995037377e-01,4.480502429851576096e-01,5.531741210082589122e-01,-4.070787735308525890e-01,-2.475784008159079008e-01,2.264721260518112178e-01,4.406002062281376142e-01,9.447393342693798102e-02,-1.460304507537444618e-01,-1.437523651256879809e-01,-2.536906223715746922e-01,-8.860605190965847866e-02,-2.762816985280330817e-01,-2.422244561004851526e-01,-4.969774100066274292e-01,-1.639967717250861989e-02,-2.240651229942379752e-01,-1.847118771065594522e-01,-1.708855615898757230e-01,-1.669198408183821258e-01,-4.118731905591704878e-01,-1.157659799477895185e-01,-3.687136222966626020e-01,-1.318084255918172409e-01,-3.420603227253610767e-01,1.148843765911642251e-01,4.700681912985638089e-02,6.552501159162821276e-02,-9.395395142476571648e-02,4.757109778034097070e-01,2.319768874556077942e-01,2.895582907157327746e-02,-5.069438272273768531e-01,-5.390200062276938320e-02,-2.436101947726912742e-01,-8.791799689622840919e-02,2.189323391514169659e-01,-6.979807281850920753e-02,1.880021775941882189e-01,2.397323607798702572e-01,2.008003521379128353e-01,-3.269337543679780300e-02,2.436232916845784413e-01,-2.632898007149624964e-01,-1.675694128019045714e-01,5.700578222866888728e-02,-3.879001434063790166e-01,2.348052460927612106e-01,-4.933099292016721593e-01,-5.262024090712378449e-02,-2.468250794919441687e-02,-7.911544911461190766e-02,-5.487071555505650400e-01,-2.577693561383530008e-01,-4.013942931560468552e-01,4.928209750859713356e-01,1.325048234100195330e-02,5.287936835915565403e-01,-2.559201488986705131e-02,-2.685822047041293570e-01,-4.707661427358925677e-01,2.551011057145570193e-01,-2.593273744040197268e-02,-3.959730283360149983e-01,-4.254270885040737915e-01,7.061093626825820646e-02,-4.098797601706742899e-01,5.739102496426200517e-01,1.130919421550674320e-01,2.017824312856715818e-01,2.585016396661903859e-01,7.409242464411533446e-02,2.582246858010487922e-01,-5.929195876432316603e-02,-2.716935702246816020e-01,-3.009354771998533074e-01,-4.861632646742025110e-01,2.472471021957132198e-01,3.996713898427653455e-02,-1.936514721938617234e-01,-3.437267415436405793e-01,-2.990543426279022032e-01,-2.615137339694761920e-01,-2.197676065119243405e-01,-3.831620636337436103e-01,-1.274514367185572150e-01,-3.331588034904266887e-02,-7.685075732500586121e-02,-2.975625470283492224e-01,-9.858659312956406101e-03,1.516366164966689856e-01,2.699859459567653230e-03,-9.471863571934449610e-02
3.211429876763242097e-01,-6.001199894318475225e-01,3.872518237777635153e-01,4.929845881587505696e-01,2.052029965466540540e-01,5.289631779683759971e-01,0.000000000000000000e+00,2.454600021403973431e-01,4.059540861281447643e-01,5.284413597466782742e-01,1.026167483031061867e-01,-3.893643003027443816e-01,2.363931652953674689e-01,-4.093214565472350630e-01,-8.063547523999597955e-02,-2.525821425769093076e-01,-9.022457479955563187e-02,-5.258081840351349623e-01,1.384350468432082176e-02,-1.996009996614024340e-01,-9.075409271242373954e-02,4.002020063413888606e-02,-5.321538195292304513e-02,-2.646562561022632876e-01,4.460404039726358905e-01,4.171029037264578077e-01,-2.167908631616480009e-01,-1.487789231436180588e-02,2.552110789246668163e-02,-1.850504990040520992e-01,4.270582337894933689e-01,1.856599543185946943e-01,2.342112323743318347e-01,-1.553046024958111559e-01,1.475499333836175486e-01,-3.397992831281593934e-02,6.783416669361413964e-02,-2.830229659228112316e-01,1.645424821382858727e-01,1.125586488301230786e-01,-2.113407625254652700e-01,-3.252885183071083097e-01,-1.025513601722834699e-02,-2.722447052422561353e-01,-2.877360704665580249e-01,-4.638286374510001697e-01,-1.329656078814840485e-02,-3.105111772236318068e-01,-1.471780380663768040e-01,-3.072024250780383547e-01,1.506770642958424056e-01,-2.427711457546390394e-01,2.641524405689625321e-01,1.614223865120623658e-01,1.116615020207978315e-01,-4.455306571106475988e-01,-1.133594622469646512e-01,-5.261516880770668037e-01,-6.417215484480369436e-02,-2.147434533490860387e-01,9.034334353444842605e-03,-2.533156390049806639e-01,-7.476742349194451243e-02,-3.512428209213658281e-01,1.095752113365196373e-01,-1.915552191190438569e-01,2.025367898443960757e-01,1.556099433972880641e-01,1.480596058974823458e-02,-3.126718103471498589e-01,2.933517031419446974e-01,-2.303969759074888934e-01,8.354297326128745649e-02,5.738506972560165204e-02,-2.767246652658241629e-02,-2.576199022086234081e-01,-2.527365869121852779e-02,-4.571569221706813235e-01,2.619450967206891634e-01,-1.005006420855819177e-01,2.485577535805569838e-01,-3.639340495808062736e-01,-6.357246113537572130e-02,-3.701359830593312084e-01,4.567551110383873819e-02,-3.861612198420925623e-01,-7.330825357792365715e-02,-2.423324983593719562e-01,1.078941154177371076e-01,-4.509637873133708896e-01,2.965457422095209017e-01,2.661784042855488419e-01,7.604015940046264521e-02,1.739600222581919597e-01,2.531803554503431197e-01,2.047037939608168100e-01,1.643839182632059748e-01,-5.600089320300283974e-02,-1.442424252357186187e-01,-2.413261054875815992e-01,-4.028929851708771409e-02,1.814775073005320816e-01,-1.366576909508024351e-01,-4.174777557891032886e-01,-5.271610226067537097e-02,3.380221195578797522e-02,1.790643773489400750e-02,-9.051267109826077739e-02,1.487329233157597408e-01,8.962001497361526958e-02,8.271900107081509024e-02,-8.230186907410187713e-02,-7.944258797320344345e-03,4.075950245265392291e-01,2.152415675880523238e-01,-3.596164223706302399e-02
-2.838716682235033484e-01,5.172660059438909802e-02,-5.577558382636462614e-02,6.763222710451971542e-01,4.182168634971156207e-01,4.363136040655268277e-01,2.454600021403973431e-01,0.000000000000000000e+00,4.761579115499930959e-01,6.463596382244162220e-01,-5.561295288688145044e-01,4.300386468511379623e-01,-3.007476303955234354e-01,2.908069567850446457e-01,-1.069362592151654606e-01,2.615367060756612280e-02,-4.165290932554405190e-01,5.564913468215206514e-03,-4.553754653666103880e-01,-3.601369607856840806e-04,-2.043291112518923480e-01,-1.160323829484465885e-01,-1.960816711924863731e-01,-8.366663239897077775e-02,3.297164839033542849e-01,4.201471074326454946e-01,5.041553352337468930e-02,-1.166103761306800102e-01,-3.711239986027295434e-01,2.165857208999134864e-01,9.283250259506180269e-02,1.662565386736520601e-01,-2.785484797514158339e-01,-6.516466472179707932e-03,1.054372418499749664e-01,1.690900297493795890e-01,-1.692475956761770040e-01,-3.182587014436780853e-02,1.828795352794496953e-01,1.751607855799985902e-01,-3.739074416059375849e-01,-1.137169659425203011e-01,-3.918770071756500495e-01,-2.273256044960696720e-01,-2.420613349195358255e-01,-1.744091355487969452e-01,-3.454188204286326447e-01,-3.527488866983823357e-01,-1.501785156874080873e-01,7.040964708944147388e-02,-3.623309315240873518e-01,1.390225401628832069e-01,-1.807506938724143253e-01,-1.569168225814954742e-01,-2.012855967127838153e-01,-5.121799375960069817e-02,-5.355609783544810210e-01,8.597992236056760385e-02,-1.675054044463365477e-01,2.969534460468942760e-01,-3.654879032191971633e-01,4.399554939773769324e-01,-4.123838360697754113e-01,2.308094892073612181e-01,-3.047569070427003646e-01,3.742552660997035541e-01,-1.355893690137521257e-01,1.880320181154753190e-01,-1.218191375764929030e-01,-2.043637722277529267e-01,-6.772026043747635116e-02,7.886544980711842137e-03,-2.647055949373145478e-01,1.018673885556246189e-01,-2.579633542856506478e-01,-2.682583197031805922e-01,-3.024343167227738771e-01,-5.829522626288070192e-02,-4.614604903410651771e-02,-1.120864910965696237e-01,2.845672768919113582e-02,1.348624649416911847e-01,-1.578352356914876908e-01,-5.611259907474786673e-02,-4.197975910185287596e-01,3.655367089876927593e-03,-9.897079905401576227e-02,-9.303154323996113903e-03,-2.514481040750528307e-02,-2.330939455953924266e-01,7.751872915553041296e-03,-3.465533173015842294e-01,-1.435274036730829483e-01,-2.134793437109159253e-01,-1.761771453406738019e-01,-3.954369175197728487e-02,-2.830232750812691211e-01,-2.125201520786118292e-01,-2.928100210048264485e-01,-2.641161964729608069e-01,1.264539265760050990e-01,-2.441937066651568289e-01,1.397347281924341267e-01,-5.009564510974612306e-02,4.747431569073287672e-02,-1.613125947345344646e-01,1.047482289604569489e-01,7.277785911638871320e-03,-8.888990824396013346e-02,-1.199535688041399317e-01,-2.497732097602486101e-01,-3.701990373404352996e-01,-2.416388346485116023e-01,-2.407423937337199449e-01,-2.162307695762094306e-01,-1.343530429084583561e-02
-1.967524917620963598e-01,-2.327664727860268568e-01,-3.347878662207078720e-02,7.276783736492468124e-01,7.333793284773462151e-01,7.271131470731190261e-01,4.059540861281447643e-01,4.761579115499930959e-01,0.000000000000000000e+00,6.760731882057715580e-01,-1.867888152732224971e-01,9.017768841814870207e-02,-7.306306154642627781e-02,-1.269543967159356967e-01,-2.324750922342362081e-01,-1.988117912360827244e-01,-1.366737610741736719e-01,4.802941988468272666e-02,-1.420786571140026100e-01,7.373027649474896139e-02,-2.751349274093651265e-01,-2.624315973587322895e-02,-3.392509420337883608e-01,-2.760087864120278622e-01,3.513548533979589106e-01,5.274314190334933317e-01,-1.597364984642002939e-01,-8.611559907636522071e-02,-6.231187713613877549e-02,3.063133311624525179e-01,-5.668191008543486953e-02,-8.461578296169566804e-02,-3.583164616348171738e-01,-2.739794145218023003e-01,-6.181227112474436958e-02,-8.971626288959258511e-02,-3.605985575097783169e-01,-3.311896757758565624e-01,5.182320962105081696e-02,-1.002234420847002982e-01,-3.388878882893599509e-01,-2.537079757661145352e-01,-2.075608684891781242e-01,-1.828436974471992493e-01,-6.129749272650095171e-02,-1.642679575068469733e-01,-1.825847240510251601e-01,-2.964011341459537041e-01,1.222476881569072582e-01,1.604792478344382323e-01,-1.354260306968062544e-01,1.359316567931647124e-01,1.773602012151752616e-01,1.029620221885046566e-01,-1.214376875444252990e-01,-1.819703766887780516e-01,-4.216521467460774275e-01,-7.904139626884371106e-02,-1.228476380291218945e-01,2.818174182533847993e-01,-2.961356407264025270e-01,3.001260992899975610e-01,9.811437851347955784e-04,3.311945356212345204e-01,-1.708921720406512690e-01,2.500193409859833293e-01,-2.614364713047275246e-01,-1.199774035159336671e-01,1.921594083815877582e-02,-1.984159952524295889e-01,-7.451608721772590149e-02,-2.322178669822490271e-01,-1.667198491484094269e-01,-9.753171800664371671e-02,-2.506487348260930670e-01,-3.243024529784964138e-01,-4.241625649455043057e-01,-3.985953449825586081e-01,6.323552020350826919e-02,3.634955049664020249e-02,1.990321671065404530e-01,1.654895003144987442e-01,-1.787262954376770407e-01,-2.746270028630111160e-01,-1.073573992079421835e-01,1.208549463237112293e-01,-2.147455004677475132e-01,-1.105610827263184964e-01,-6.109298099987035130e-02,-1.370245714652131852e-01,2.232861279349269701e-01,-1.277439905165847767e-01,-5.420865386543343573e-02,3.807838831191868306e-02,-9.083606370024371879e-02,1.388399981660080884e-01,-2.134582083181135181e-01,-2.842971609150047874e-01,-4.314006587694730888e-01,-4.614253449758222159e-01,9.927691230018345636e-02,-1.117307887166596458e-01,-1.173184734978136162e-01,-1.994088357012521462e-01,-2.794970119581988155e-01,-2.769777005244363766e-01,-1.505699299786721623e-01,-2.138650577699703625e-01,-1.418659072094453355e-01,-1.792539610290894980e-01,-1.881642280464863592e-01,-3.528305336813585824e-01,-1.389313177894803582e-02,-2.032445170107348778e-02,-1.316567268314424721e-01,-8.459733072515489283e-02
-6.259697103942106489e-02,-3.801790766454259396e-01,1.851377858277660493e-01,7.924455110283706860e-01,5.258929393635297656e-01,8.158006406541693512e-01,5.284413597466782742e-01,6.463596382244162220e-01,6.760731882057715580e-01,0.000000000000000000e+00,-2.435836660057904834e-01,-1.087746469723477744e-01,6.392745931846415160e-03,-1.510313488978002605e-01,3.222299070243843377e-02,5.743729816914836667e-02,-1.133051423291414339e-01,-2.534841832503519909e-01,-1.279079350525694492e-01,-3.889654860791216112e-02,-1.189568685637021062e-01,1.216795792719199687e-01,-1.889511259493114881e-01,-1.965841192972872520e-01,6.436280633208197877e-01,7.007020266880829018e-01,-1.875405817829859734e-03,1.296582992383898680e-01,-5.398290919497769624e-02,1.877291924316834004e-01,3.058733344408531840e-01,1.902285670053982247e-01,-1.393262503974118938e-01,-1.709027438286992162e-01,8.888257225162946029e-02,-2.278726379893952075e-02,-1.184785416191455609e-01,-2.262013661627779171e-01,2.096445367630132006e-01,1.465600986240472581e-01,-1.862245245217576672e-01,-1.340861432380066887e-01,-3.541718265064544013e-01,-4.642351648338522430e-01,-3.889497297067736614e-01,-4.899252666832378811e-01,-3.529179486176660108e-01,-5.262488704621349767e-01,-2.651852857619264592e-01,-1.975804495595381016e-01,-2.544300973412492728e-01,-2.104021545227822143e-01,1.490726755317139662e-01,-1.142630192395099747e-01,6.252852442891675133e-02,-4.681249201213315558e-01,-3.287593386571414089e-01,-2.570662399128300635e-01,-2.926023584230475483e-01,6.925379093791346474e-02,-2.852853313246101474e-01,1.190246433839495938e-01,-2.050608494902838863e-01,-5.707366320001591720e-02,-1.466201713018852604e-01,2.001314795985562334e-01,-1.296660012320671185e-01,2.753319734343454353e-02,1.632670891753703057e-01,-1.858269658132420676e-01,3.121294033467169049e-01,-2.314514911125403751e-01,-7.797179201850369668e-02,9.686950269153149495e-02,5.352438765660964826e-02,-4.021830523809187818e-01,-1.103501697885512084e-01,-2.254999591321399655e-01,2.441393890686484047e-01,-1.332125258443087323e-01,3.871170155640710764e-01,-7.537687089749452174e-02,2.082717315212427936e-02,-1.828136042068177758e-01,-7.605569303395325054e-02,-2.441979231175837595e-01,-8.805589741070887766e-02,-1.137730781471476132e-01,1.737966981127837818e-01,-4.035777266268459340e-01,3.798447550396811812e-01,-8.377630078528011670e-02,-1.222530606810507759e-03,-6.942435037307172208e-02,2.517063717254645547e-02,2.824003822618090243e-01,-3.330675624474029040e-02,-1.970858637553268566e-01,-1.994903035237723110e-01,-4.224861432004317074e-01,1.832487928417811385e-01,-1.895103817614358643e-01,2.148396025928416830e-01,-1.591586669321287950e-01,-2.568094885387408599e-01,-4.268273638300869588e-01,4.743110986433542869e-02,-1.388356864863402040e-01,4.931093158441771963e-03,-1.342394472500854363e-01,-2.694460596567139765e-01,-3.798558191026684683e-01,-3.130473369486402868e-01,1.025071020475242997e-02,-9.481101462330118745e-02,-2.808304023388373261e-01
7.271069429343001156e-01,-5.246106362060706102e-02,-6.752852326465402788e-02,-1.518622873955644548e-01,-2.926880609293657232e-01,1.240857036068354451e-02,1.026167483031061867e-01,-5.561295288688145044e-01,-1.867888152732224971e-01,-2.435836660057904834e-01,0.000000000000000000e+00,-3.165767851367434771e-01,7.719056299508613161e-01,-8.634260176079130988e-02,-1.071291271088287700e-01,-2.884987941106437193e-01,5.298201707155461015e-01,-8.249024312464127429e-02,5.634407637190563811e-01,1.285148210146034864e-01,-1.249297623890763820e-01,-1.162275448732035393e-01,-1.011897325794433727e-01,-3.545094324077645576e-01,-3.111328349467579746e-01,-3.857205675209047224e-01,-4.748199750868671298e-01,-1.337149566912873566e-01,6.692888383960441390e-01,8.404176139273016044e-02,-1.277396299395436863e-01,-3.999419254737576757e-01,2.220285008729955822e-01,-1.158332015184444092e-01,-3.508505276312992027e-01,-4.685849452869789711e-01,-8.254978097718475294e-02,-4.761211613018355160e-01,-3.652311363203340489e-01,-4.221644333351617373e-01,1.109683283587948183e-01,-2.089369313092418468e-01,3.884418692280022234e-01,1.156368962711611104e-01,8.351838957477851488e-02,2.522798670833877738e-02,3.590679311082822234e-01,2.423159728840058036e-01,2.950684271692652350e-01,1.660016796953119878e-01,5.055969750896904813e-01,-4.532005173591431568e-02,3.548355091630939206e-01,3.169948784769167083e-01,-9.494079083427227686e-03,-2.981098403488432469e-01,6.451622430063564950e-01,-1.441344307057835228e-01,3.045868847301458904e-01,7.846185379250276027e-04,6.179067111276398405e-01,-1.316929722545768788e-01,6.634246012470850218e-01,-4.461118743784892732e-02,2.011255881347184804e-01,-2.515251941057957685e-01,-2.526146771755369280e-01,-3.666234321743392921e-01,3.830124484188695937e-03,-7.864752352247106337e-02,9.374078158240195524e-02,-3.049368170497436248e-01,2.555978011212329259e-01,-6.611119916781568739e-02,9.697472688575589639e-02,-4.890844481175530417e-02,1.160341664407565226e-01,-3.899775843818328175e-02,2.796659931477342709e-01,1.523842254145283126e-01,9.009744289671214879e-02,-1.885194140095094451e-01,-1.874536283160722627e-01,-3.582446052505692813e-01,4.362592075842644523e-01,-3.674197736566530564e-02,-3.681075817007939399e-01,-4.599345937770463189e-01,-2.240633116582099182e-01,-1.186927501570818472e-01,2.504074629418701625e-01,4.690640933585941141e-01,2.628337166155049198e-01,3.119545026011439348e-01,3.794312528695325537e-01,1.750609783286893595e-01,4.431811649244316031e-01,1.550108125108275725e-01,2.539832390582471011e-01,1.923408967196940655e-01,-1.521647196258965884e-01,4.693159057126913836e-01,-3.472622055966167465e-01,-1.210040669229295318e-01,-1.157706851028187656e-01,3.030328470533169907e-02,-2.277620017554322362e-01,-2.271197380946046451e-01,-1.009275883882685826e-01,2.927577133331116244e-01,3.415423318684950860e-01,3.728788562019130781e-01,3.805910177106953118e-01,2.814532870569956824e-01,1.829942503723571978e-01,-2.086738175261698344e-02
-3.038082329679164806e-01,5.276960359736746486e-01,-3.241789130257802798e-01,3.605310487727240304e-02,3.307898880506716099e-01,-1.258643687732375338e-01,-3.893643003027443816e-01,4.300386468511379623e-01,9.017768841814870207e-02,-1.087746469723477744e-01,-3.165767851367434771e-01,0.000000000000000000e+00,-2.242433561992879520e-01,6.053444312298266183e-01,-2.773896041352310604e-01,-9.321626750766463798e-02,-4.660367404292173887e-01,3.870989224490748448e-01,-3.795936069643137123e-01,8.790006472836796314e-02,-1.425195290194067876e-01,-2.709143181392179578e-01,-1.725846744484028916e-01,3.046316340694609978e-02,-3.481607892834630014e-01,-1.610045877537340242e-01,-3.428402107511907548e-02,-3.194320534462418704e-01,-3.189084816075722362e-01,2.821349814721659799e-01,-3.138312072735995883e-01,-3.670210566483677467e-02,-3.899609079388111632e-01,5.018812358588724265e-02,-3.828880292080045350e-02,1.794981526932939997e-01,-3.876594852939214686e-01,9.693131588440143109e-02,-2.639132227503099282e-01,-1.296712710252732603e-01,-3.024076381980175254e-01,2.357715610638013923e-03,-8.966186111636684219e-02,2.705764222287202481e-01,3.569012582862741145e-01,4.565993539790293432e-01,-5.902685643911884106e-02,1.964373377235302809e-01,2.556844277895314321e-01,5.567829914214533771e-01,-3.085929799705662280e-01,4.353914838641785301e-01,-2.752083646988897625e-01,-1.430080361142519740e-01,-3.602691016132834045e-01,3.994563366757021838e-01,-3.887232244027181705e-01,5.229155011804724751e-01,4.623599700192693868e-02,5.160878912019157827e-01,-5.979716419694044993e-02,7.301164262991138854e-01,-1.229749238916408860e-01,6.543384165516570317e-01,-2.332949764662013703e-01,4.159314273511227622e-01,-3.734089549398326158e-01,-1.702145037800173732e-01,-4.583297798624917929e-01,-1.521951787310345250e-01,-3.943904057655532869e-01,2.326344345436612004e-01,-3.413184651655006285e-01,-1.657779800219723321e-01,-3.273791397738881059e-01,-6.986137252628414618e-02,-2.775339605363744688e-01,1.209181395110267981e-01,-4.207888675790965038e-01,-1.155848290392432198e-01,-2.871935146775602687e-01,2.390333823691975779e-01,-2.139119711036853722e-01,1.043887828708880000e-01,-3.280064402903335452e-01,2.620790614195222523e-01,-8.676054375006107822e-02,7.966190222522508135e-02,-1.649806976089349120e-01,1.429654872316966641e-01,-2.483229162244464105e-01,-4.388176821394135230e-01,-2.051892607381207156e-01,-2.669209499368501715e-01,-3.377800749373081057e-01,-3.898882749139794268e-01,-3.987452047003075539e-01,-1.785531562872007538e-01,-1.686025298154599783e-01,5.074832965228226467e-02,-1.682768542572103416e-03,-2.491211055201903446e-01,-4.629505787896352059e-02,1.955786166078802291e-01,1.269944098058476967e-01,2.529348126561675042e-02,9.088469154552784868e-02,9.702987886397351769e-02,-1.211617964071409065e-01,-5.731903025616913450e-02,-1.114926814643434072e-01,-1.632520650552981289e-01,3.434970959185737471e-02,-4.346677698610668661e-01,-2.939716999015368759e-01,1.888870042844534025e-01
5.956392090542141915e-01,-1.361427305376316510e-01,1.376737052549841522e-01,-2.814341780385298114e-02,-1.697728083715802916e-01,6.586086513904645945e-02,2.363931652953674689e-01,-3.007476303955234354e-01,-7.306306154642627781e-02,6.392745931846415160e-03,7.719056299508613161e-01,-2.242433561992879520e-01,0.000000000000000000e+00,7.619515367964785346e-02,1.266787629437634288e-01,-9.857271053395393057e-02,2.464422024984816162e-01,-2.930358895624663451e-01,4.101708584433257365e-01,-9.637214476780486469e-03,-1.224809259334958987e-03,1.127684744418947643e-01,8.025066490159434712e-03,-2.783928087266923646e-01,-1.679035971365137533e-02,-2.920629372439751889e-02,-2.681534501582115149e-01,1.139935377935955146e-01,5.498057377373726240e-01,-1.781369153402715885e-02,6.510582930505032229e-02,-2.039121429773961824e-01,2.470674197594267818e-01,-8.963082387721332811e-02,-1.194759080938142259e-01,-2.677024838147930019e-01,-7.182788207533610803e-02,-4.113721389574482301e-01,-1.778866869635209458e-01,-2.782467984405621597e-01,1.390406371357204018e-01,-2.691513286200629129e-01,1.113353577385006593e-01,-8.422752129833094292e-02,-1.308674624845938550e-01,-1.750886277813142600e-01,2.152104578660986034e-01,1.643901405333770410e-02,7.540748890669389526e-02,-1.021377998270068784e-03,3.032942999034812792e-01,-2.040124677073585913e-01,2.140689111293129776e-01,1.009425314125647483e-01,6.228570529394900773e-02,-3.583368344148339935e-01,3.918284906610808860e-01,-2.227963654066069388e-01,1.032627307930988197e-01,-1.205357344024882704e-01,5.963617043783500105e-01,-8.308013510746317665e-02,3.383859252609678903e-01,-2.232250889201200517e-01,2.759314727936915124e-01,-1.483951854090457545e-01,-1.876349310072826793e-01,-3.555108344937148446e-01,-4.142578764154090237e-02,-1.978064302512716477e-02,2.908979948559896611e-01,-1.858186317499769535e-01,1.537542080001853828e-01,-3.341370719747701473e-02,1.750159550181120405e-01,-4.373382214499636073e-02,6.779733762301284883e-02,-4.789095620847094031e-02,1.069731522733987500e-01,-1.675633340457603065e-02,2.520028837175992270e-02,-4.453329695557695644e-01,-1.395348863263849160e-01,-4.004132169352830894e-01,2.233597050018258923e-01,-3.170246783585919381e-01,-3.469151072492807075e-01,-3.324347071724098601e-01,-5.942731390143551201e-02,-1.453242311059679270e-01,2.140818424762446770e-01,2.991680297826627699e-01,1.331286351782993704e-01,1.431074592661228384e-01,4.643960360971831625e-01,2.146875509969494444e-01,4.775512393640754527e-01,1.114664449140918140e-01,3.126301539388177120e-01,1.326750478109342546e-01,-1.581000569363515407e-01,3.179403586403440896e-01,-3.859721890805602185e-02,-3.427079113597038002e-03,-7.807633886967145498e-02,1.925025540830464961e-03,-1.613791094997061581e-01,-5.306273665403997419e-02,-7.227694555595913506e-02,3.429515706982311785e-01,2.559994257450246558e-01,2.587247803972002047e-01,2.104317855366239221e-01,1.851385040651492009e-01,1.107273765470058041e-01,-6.955746317732203199e-02
