0.000000000000000000e+00,8.607548048664082074e-01,1.970311769028346427e-01,2.804914230453852131e-01,-5.082790370507066502e-01,-3.887967402663967675e-01,5.090349288627357000e-02,2.101066480850180829e-01,-2.028964243437672565e-01,-5.534952526517361582e-01,5.838113978553332029e-01,5.310135956499617560e-01,-1.450813502093008245e-02,1.762895633884548341e-01,-5.576242605495465021e-01,-5.118707864110400019e-01,3.465622636596603079e-01,4.705993577339105394e-01,5.925441781613157710e-01,6.844558839925718452e-01,-5.485642683219048577e-01,-5.735199664373065165e-01,-1.125970191249468649e-01,-1.916741974418245398e-01,-5.863150964729888504e-01,-6.720827771652884142e-01,-5.902598935848704098e-01,-3.890922469701133535e-01,-4.763490504365687772e-01,-3.689383016100498125e-01,-3.287838008317092720e-01,-4.246005097087696689e-01,4.505164890040686543e-01,1.271164903170029226e-01,-3.143461687691155304e-01,-2.255095045549639632e-01,-5.289538021440823856e-01,-6.202345923474881229e-01,-3.642063103881043595e-02,-4.575203588733958715e-01,-2.055761411630595628e-02,-3.942210936823516976e-01,3.272619448051421465e-01,3.526071130428400369e-01,2.075012742208182381e-01,4.496750358460068764e-01,3.698365372413465191e-01,2.120846705594020554e-01,2.467460267316436973e-01,2.293069942520216953e-01,2.157565748857981636e-01,2.251301224855133121e-01,2.348604189261691844e-01,-9.234729050347304999e-03,5.835290319650502378e-01,5.025634597092778488e-01,7.535460178605142278e-01,7.693528949395948002e-01,7.414759616454901225e-01,6.775324455624548436e-01,6.427379052569549556e-01,-1.005941152924037796e-01,6.600659385171195881e-01,2.314260781968978664e-01,-2.178991326765329639e-01,-2.952630770085993284e-01,1.613023022846937493e-01,1.422025947270374180e-01,6.595118160031721022e-01,7.221248650886854525e-01,-5.626450564961802403e-01,-6.139117253600274715e-01,-5.045179961291225423e-02,2.723735764724579192e-02,-1.163900550319322963e-01,1.276261679143693706e-01,-1.510314333569673928e-01,-2.009687473021268822e-01,1.423169905060439056e-01,2.268654114107908903e-01,3.613170131003408114e-01,3.585639890531998053e-01,-2.429529373853992480e-01,-1.812208103806048909e-01,2.818160084212189553e-01,1.890819185118921553e-01,-3.393793499921780588e-01,-2.660848343477157929e-01,2.414366204549864836e-01,7.627505718400300061e-02,-3.463005405496932809e-01,-1.350866847274552127e-02,-4.339911011566917054e-01,-3.476344661199038538e-02,-3.877915647925895271e-01,-3.859518756009163165e-01,-3.765265831960010190e-01,-3.221101982731525148e-01,-2.684429270171667103e-01,-2.815509247481250976e-01,3.527328961643462768e-01,-7.762953110472628482e-02,8.407621905416180763e-02,6.969008287340036634e-02,-2.371272874455331373e-02,-1.386852536522848733e-01,-3.765885621877740341e-01,-3.330942721246698546e-01,-4.473185845695342722e-01,-1.348898764474763812e-01,-1.499810298219904636e-01,-2.003335564839758831e-01,-2.169287298019824950e-01,2.153386247549607946e-01,-1.243688009012187540e-01,-1.674819881498624263e-01
8.607548048664082074e-01,0.000000000000000000e+00,2.654419529091679442e-01,2.892727091800211814e-01,-2.978482308767336217e-01,-2.340129905275225852e-01,4.072680408915518163e-02,2.038354036945109193e-01,-1.799707664534995824e-02,-3.897918169812430444e-01,4.191016771225705706e-01,4.869782066478656746e-01,-6.856174554178141867e-02,7.304311344707073439e-02,-4.159879301964923837e-01,-2.959240517566741335e-01,4.535099719126934881e-01,6.621595532918190807e-01,7.690569738236948671e-01,7.973703584976661318e-01,-3.798747330137771661e-01,-3.633114389803687727e-01,-5.280888636259094965e-02,-1.224466935762511532e-01,-5.613066102415978920e-01,-5.872659814391983923e-01,-4.643986650483917233e-01,-2.750562112017334027e-01,-2.880766196433438009e-01,-1.410661562687630655e-01,-2.385281022552480090e-01,-2.863546210471338838e-01,4.251420289964200072e-01,1.446518193263968688e-01,-4.425877249389036927e-01,-3.585116553978358045e-01,-4.301912450518067255e-01,-5.108339295655206502e-01,-9.469086713769506169e-02,-4.281056916021603320e-01,5.742198628874920635e-02,-1.762312848877908011e-01,2.846844058160649116e-01,3.216788396364615443e-01,1.493882599937372546e-01,3.814978943881121576e-01,3.613431555910303072e-01,2.172122620081759770e-01,1.220256628558617773e-01,7.045243599227422882e-02,1.814570390317406939e-02,4.468878965014770610e-02,1.369282766547019470e-01,-1.976735213378300604e-01,5.290434569437075796e-01,4.246175578185311661e-01,7.833386845817909006e-01,8.405466953199740576e-01,5.492353416082552675e-01,5.652060634800259997e-01,4.522509320176704151e-01,-2.017291908995757499e-01,5.028309342046425323e-01,2.064790917331913445e-01,-4.521231265159298407e-01,-4.396720374195649539e-01,4.159490359967123879e-02,8.100897150503359734e-02,7.478252254805348720e-01,8.032376823111023745e-01,-4.218004261499231355e-01,-5.982818093054507180e-01,1.006376979839621391e-02,1.736409172717002791e-01,-4.252832078571563285e-02,2.991335273250261273e-01,-1.019412826013200574e-01,-1.564771436014096295e-01,2.084029965533344408e-01,2.206990419957446659e-01,4.145936556031060150e-01,3.697986153144808830e-01,-7.502037740010841782e-02,-1.366818189721714580e-02,1.964063900430680076e-01,-1.887734088140318248e-02,-2.554715207546033873e-01,-2.285195255661814362e-01,2.099897889704122611e-01,-1.513890386658533205e-01,-3.255297293612028908e-01,-1.110387364806262184e-01,-4.126638818167387424e-01,-2.056215064428597861e-01,-3.088260110593399888e-01,-3.756516257984555685e-01,-2.620164161847364781e-01,-2.311430202350483742e-01,-2.423695405371341927e-01,-2.431323166023786619e-01,2.718620474020839728e-01,-2.319261491216260129e-01,1.266857750077729217e-01,4.069822114860251888e-02,-5.484632469798286780e-02,-1.085895180652148989e-01,-2.743383001833584744e-01,-2.334245038735500988e-01,-3.755028310946584291e-01,-1.831591705981151785e-01,-1.425454305513548237e-01,-1.768277296716989633e-01,-2.997683827297634163e-01,2.555909434997994181e-02,-2.298019458114112235e-01,-7.659750569493165018e-02
1.970311769028346427e-01,2.654419529091679442e-01,0.000000000000000000e+00,2.428195814461928115e-01,2.058705102564097889e-01,-1.027152265642479467e-01,6.199049430782025416e-01,-1.904291952471502125e-01,2.740872061245682723e-01,2.668208211554161657e-01,9.441003723478834375e-02,-1.213428673515794670e-01,4.134754835335271439e-01,-3.754933565281904362e-01,1.388399129267211818e-01,-6.854832510141707635e-02,9.533288346914331468e-02,1.281413235096007519e-01,3.806241615502259923e-01,3.663713663707089396e-01,5.863148935678433316e-02,3.406090720481121104e-02,7.025772502023298616e-01,4.753816269747953571e-01,2.734099054239589877e-01,1.437021645953130145e-01,2.807026015852408518e-01,1.141470344297740441e-01,-5.120757801246911961e-02,-1.752677945432823958e-01,2.808211284355620618e-01,2.302885545850531512e-01,3.146467051397467962e-01,6.158482433486895530e-02,1.123737569429755223e-01,9.992755537481480196e-03,-9.398322480843707138e-02,-1.364520607536189589e-01,-5.722960714076817668e-02,-2.537850951502612640e-01,2.870526501390722740e-01,-1.432509617171683070e-01,-2.248945016048736756e-02,8.651034366674915932e-02,-1.509262066126508886e-02,-1.635656077358088323e-01,-8.080246070589750321e-03,9.976105347591367883e-03,-3.400523119364596281e-01,-1.924066966488961472e-01,-4.567674011074341345e-01,-2.206301410214860370e-01,-4.301451998652450759e-01,-3.586222576956555885e-01,-9.615786510556416367e-02,2.853640905919256621e-02,5.799615319980041400e-02,6.473584650642431881e-02,-1.511034941539891596e-01,-2.991516400053235297e-02,-2.481697503088649281e-01,-4.971987618311763946e-01,-2.083806684311066137e-01,-3.160206531101777960e-01,-1.201554503784231925e-01,-3.789828672509815144e-01,2.329669831348461784e-01,-1.316954686434107791e-01,4.004201369793823351e-01,3.533248935100947175e-01,7.952720957458771223e-02,1.561508595363983731e-01,-2.041258690372111870e-02,-1.849877832234777808e-01,-1.051133438125994579e-01,2.012844542713983914e-02,2.670195163422033058e-02,4.458357197306257041e-02,-1.406057390997467738e-01,1.161454781489176247e-01,-1.406464793796868284e-01,-1.800030056625927521e-01,1.988236920148140352e-01,1.723991457590391130e-01,-5.603072443914672990e-02,-4.831652416011770201e-01,1.200404594219034865e-01,-1.492689282960809327e-01,-2.163881544413039093e-02,-3.882537277214791471e-01,1.264087231127335176e-02,-6.103281521208969024e-02,-5.943138734562500303e-02,-1.620225533991618075e-02,2.515974774133550307e-02,8.361201890610674148e-02,3.761861006890007686e-01,3.890457508515601792e-01,2.389867495052826543e-02,1.449029423166615649e-01,8.978328924282723278e-02,1.880953719046828121e-01,4.176150476916591359e-01,4.736569403200784345e-01,9.412173420695413295e-02,3.843868247787027986e-02,3.510134847765428723e-01,2.707552422415200333e-01,-3.318229289920964636e-02,1.719486232656322611e-01,1.993544678545180748e-01,6.177149227287555278e-02,-1.289452418947255319e-01,-1.165339454351283777e-01,-2.266852446228770357e-01,5.682116554190363988e-02
2.804914230453852131e-01,2.892727091800211814e-01,2.428195814461928115e-01,0.000000000000000000e+00,-1.068134912329049280e-01,6.756774921697813671e-03,4.659965665451816785e-01,6.986211419842507375e-01,1.471383334115233810e-01,1.367067208586614235e-01,1.120404800833803560e-01,5.124779144329347780e-01,2.067059353102958588e-02,4.658563754608905372e-01,-1.783479353365680087e-01,-8.439774127718548125e-03,2.782315222661134735e-01,2.113291899140966323e-01,3.666954855196563057e-01,4.393933641999606676e-01,-1.127609091149500004e-01,-6.432471995024795219e-02,2.594006464586899874e-01,4.707394116773072623e-01,-2.591875908849780030e-01,-1.288442556820102725e-01,-2.969073986592493108e-01,-9.553254018855564245e-02,-1.911958960859086731e-01,2.595662723349715165e-02,-1.039092229786627367e-02,2.187222673693995922e-01,2.947013639351561687e-01,2.730673618667525115e-01,-3.449002648733321963e-01,-1.525278991185294586e-01,-5.124110894583348008e-01,-3.765916404744775736e-01,-3.403956416555716791e-01,-3.036114219193346009e-01,1.953920364056839221e-01,-3.258987699961729545e-01,-1.434862389008513539e-01,-1.272256506316474522e-01,-1.118765740100200884e-01,-1.156718615059231237e-01,1.025786915407286143e-01,-2.203002437175608508e-01,-1.608976379877221641e-01,3.726984230907527933e-03,-1.082733075216817248e-01,-8.291638613816261494e-02,-1.448025054482827700e-01,-2.504514290195930526e-01,1.056150950825026219e-01,2.800389618602289188e-02,9.773917047619745668e-02,1.589081758931648880e-01,2.607140825368665094e-01,4.017365271607091226e-01,1.473267591997258763e-01,2.776585438633174530e-01,2.170972811232071698e-01,4.711156381055840447e-01,-3.084300104299010359e-01,-6.400250865127452005e-02,-2.275605929659003240e-02,1.366204465997958306e-01,1.920835339685508236e-01,2.067047417415524557e-01,-1.032174163619659357e-01,-5.755415501951370583e-02,4.288420739679758148e-02,2.381947711470026041e-01,3.706449409108846654e-02,2.467622018448019094e-01,2.240529940975077017e-01,2.803711867502052812e-01,-5.235852374865231085e-02,1.674170712371697567e-01,-1.133020118343274624e-01,1.051637416862036406e-01,6.351470014944175790e-02,-1.227175759271085242e-01,-2.081949951136438104e-01,-9.143750070769271487e-02,-8.238072571653473619e-02,-1.433164633025175716e-01,-5.095008549844911444e-02,-1.079134249999411932e-01,-2.814553107570888502e-01,-2.807561783118285303e-01,-2.247598657637907005e-01,-4.255219206716614466e-01,-3.477920579949175806e-01,-2.660064841152459114e-01,-1.826843321913450835e-01,-2.700182524822918873e-01,-4.189572307196044454e-01,-4.562746462671688485e-01,2.446317451251477093e-01,-8.556268863761078147e-02,2.247826023459167655e-01,1.672608138965519242e-01,-3.547117750583766820e-03,7.227960570377654770e-02,-8.541308433867701722e-02,-7.683299713995674421e-03,-1.039855558907080979e-01,-5.791752278689277222e-02,-1.874434304956295316e-01,-4.213262069982027791e-01,-4.628785129464283998e-01,-2.176473041695796695e-01,-2.182412838523697940e-01,9.134233010131051489e-02
-5.082790370507066502e-01,-2.978482308767336217e-01,2.058705102564097889e-01,-1.068134912329049280e-01,0.000000000000000000e+00,7.016144494888379990e-01,-4.581517614491198431e-02,-2.317465620960809380e-01,7.908313120913672556e-01,7.328402829472340230e-01,-3.631509400424945966e-01,-4.157293575275305964e-01,4.968456036052892877e-02,-2.770599189157939013e-01,7.851478611376794259e-01,7.485865490610256190e-01,-1.838216217462778079e-01,-1.659276245821322826e-01,7.950244295197227140e-02,-8.588510650100208976e-02,5.151852882412585322e-01,6.801485293444244906e-01,1.772490011761787831e-01,1.920860971598683797e-01,4.462090371931425881e-01,4.796041815525143304e-01,7.266581188137685166e-01,5.027948056715818570e-01,3.655562968710173166e-01,2.589518447047688410e-01,2.122114518445491760e-01,3.944309015280398345e-01,-2.378627253884874337e-01,-7.589726698227834689e-02,3.535269939206313328e-02,1.916139385433170486e-02,3.462487879419713921e-01,4.395174526711801977e-01,-2.520478558663944227e-02,2.946012097106949779e-01,4.201001520151378399e-01,4.418481757678653921e-01,-4.388819537348671584e-01,-4.056189698364201512e-01,-3.601218303122405984e-01,-5.504531425825546220e-01,-3.255634075438644248e-01,-3.336136363776170399e-01,-5.824365904709120079e-01,-5.997117202668784675e-01,-6.833685845538984838e-01,-6.199636083532481523e-01,-5.297093603285029095e-01,-5.171351660700356234e-01,-3.371585185191675604e-01,-4.810627806767486248e-01,-3.675183373696845890e-01,-4.230599377916056669e-01,-5.833168887933524172e-01,-4.979410626143366270e-01,-5.931688496999960591e-01,-2.109351193957058890e-01,-5.621592448664021191e-01,-2.763228714029753452e-01,-1.046949234894316988e-01,-2.210589983766826916e-01,-6.205644641806284251e-02,-2.089274649934290407e-01,-1.584264576250212419e-03,-1.039622031743029085e-01,5.343213911536318639e-01,5.076405306759390612e-01,2.343118578057792889e-01,1.767547351251719523e-01,5.679268337494420421e-02,2.838194740751867617e-01,3.995745408080760702e-02,7.299418236563931517e-02,-2.055208440148051652e-01,2.303901464496263193e-02,-2.797529360228862005e-01,-2.132480252119252628e-01,4.696211403898831738e-01,4.182302466605179458e-01,-1.820130693968061431e-01,-4.887129270709957840e-01,6.179822831599142141e-01,3.755585809714522827e-01,-4.116621673190622166e-02,-4.076505406678108123e-01,-7.276179001906731524e-03,-2.950409879779909983e-01,1.134719644765799645e-01,-2.475541190153308091e-01,2.473209491071876598e-01,2.792929255609424288e-01,4.516281361475108502e-01,2.776080104530030401e-01,1.252353026599504690e-02,-1.666513181802616733e-02,-1.588153703173003639e-01,-1.164394903574853500e-02,1.936115743895915897e-01,1.357734855512073568e-01,1.958177487933061151e-02,9.926050547778698940e-02,4.268173310906521745e-01,6.414216337586885475e-01,3.428427260547360356e-01,2.513170429973942133e-01,2.643109308555541825e-01,-6.372295316309241342e-02,-1.046890995811086134e-01,-4.552883714333194054e-01,-1.762178035386046671e-01,1.082825603867239722e-01
-3.887967402663967675e-01,-2.340129905275225852e-01,-1.027152265642479467e-01,6.756774921697813671e-03,7.016144494888379990e-01,0.000000000000000000e+00,-1.743532119291587301e-01,1.254547324462100891e-02,6.206594657506815382e-01,5.604608828655587294e-01,-2.457713881821183277e-01,-2.728114721653118191e-01,-2.601034187957741717e-02,-2.501389125651141965e-02,6.285345162788144036e-01,7.803873842210427014e-01,-1.899347656396368766e-01,-2.018296579896052823e-01,6.722356666735344877e-02,-9.815124995928577178e-02,3.898307129653351133e-01,4.784766099084358792e-01,-7.732631336516437338e-03,1.545584486896902088e-01,2.775692927370422280e-01,3.630199475244307861e-01,5.384956092498125457e-01,5.620152119231885957e-01,2.483989802247223433e-01,3.192547668627613855e-01,1.077463156566765279e-01,3.184815722956809148e-01,-2.389630838783931566e-01,-6.012483094007373824e-02,-5.986027319633734772e-02,-1.050571781027524049e-01,1.465254576005126652e-01,2.631413792402169105e-01,-9.581833627091550232e-02,1.277822648425132324e-01,1.469029749398290396e-01,3.067645647589475888e-01,-4.559518405030366095e-01,-4.529933147022938145e-01,-2.872836109390895509e-01,-3.971987792810678375e-01,-3.336135733076492915e-01,-3.210628576249737187e-01,-4.077749988264708358e-01,-3.677354870049544533e-01,-4.754097123544822612e-01,-4.211294988940534334e-01,-4.931681374916979665e-01,-3.906989866886916851e-01,-4.156280093496773076e-01,-3.972758683672737434e-01,-2.439543919389617621e-01,-2.790214791338902489e-01,-3.534562560382273899e-01,-2.139636786276801483e-01,-3.733543694854198902e-01,9.572849481175160768e-02,-3.493143353588958888e-01,-5.604720848464198046e-02,-5.424495912490629596e-02,-7.760049859319623211e-02,-7.550047208145203859e-02,-7.341645618337035162e-02,2.938836006179644522e-02,-3.266953995629942598e-02,3.688935504851812430e-01,4.004383575773756143e-01,1.753728329251410256e-01,1.930648390537277326e-01,8.523730941030001340e-02,1.637455447522402630e-01,-1.010221829238821534e-01,1.760393889207175627e-02,-6.685975433732567474e-02,1.586106237163320831e-01,-1.766532305527810653e-01,-2.122153874974669341e-02,2.593350496136556660e-01,2.553963937488118452e-01,-2.306807240416443583e-01,-2.076573447493439140e-01,4.595268551803026180e-01,5.133306985442773751e-01,-3.101921226754703609e-01,-1.825590393020127544e-01,-1.096457595205335978e-01,-1.879251845449154135e-01,1.499690521684397815e-01,-1.713589508077849599e-01,1.290147738550543877e-01,8.496634264118134439e-02,9.294972460451485230e-02,7.307459070842434179e-02,-1.128828992205030829e-01,-8.054526142250068022e-02,-5.665532282484109228e-02,-7.669625731082896358e-02,4.572291113016341106e-03,-8.556097142664887962e-06,-1.489828292908154661e-01,-4.016269552829963840e-02,2.548443185517101917e-01,4.212007452813065767e-01,1.172851269796050394e-01,-1.644440695097591082e-02,2.251405680055695580e-01,-1.345097224511443423e-01,-3.123957907158305194e-02,-5.545151870920154158e-01,-3.571147404669217651e-01,-1.214821995651610559e-01
5.090349288627357000e-02,4.072680408915518163e-02,6.199049430782025416e-01,4.659965665451816785e-01,-4.581517614491198431e-02,-1.743532119291587301e-01,0.000000000000000000e+00,1.661784693034793203e-01,1.535128257996247192e-01,3.651962881908342173e-01,-1.548387184047061646e-02,8.680115230969022433e-02,4.607909990529995281e-01,-6.420071825152704262e-03,2.869708857638807176e-02,-7.560872777085632379e-02,-1.042840301605284410e-02,-8.822415231296358920e-03,1.372625665912253767e-01,1.733678457070262635e-01,1.694011837710466262e-01,-6.751103310019863912e-02,5.203687638722799269e-01,5.294029234680529550e-01,2.439706215489696184e-01,2.451174593688562608e-01,1.714830787783654942e-01,7.819617319735749916e-02,1.064112915420243194e-01,-3.208151693008049615e-02,3.394874664865137337e-01,3.527353482032677956e-01,3.845420188905452896e-01,1.666693304133537445e-01,6.422387286582720289e-02,-8.179454507144022155e-03,-8.954990921897121314e-02,-1.113502269188180599e-01,-9.309872404360344106e-03,-8.605815941488867415e-02,1.592050364475622592e-01,-1.282540554636891761e-01,-3.712662123487272398e-02,2.519581370630064043e-02,-3.636258381401916151e-02,-1.968606714518363332e-01,-1.783412943966242517e-02,-3.749412284051638691e-03,-3.193312752725128711e-01,-1.136840914249733769e-01,-2.733288151440170233e-01,-1.801519504321938414e-01,-3.144860738195321415e-01,-2.805486219496280964e-01,-2.125540065615204310e-01,-4.673727254000282355e-02,-1.372242906213934077e-01,-1.146284877022628046e-01,-1.028441307731308013e-01,1.028403565737009799e-02,-1.087338766359471909e-01,-9.640727691285683187e-02,-2.945070373822668008e-01,-1.394133200057852962e-01,-9.693934416556047873e-02,-8.094918225077754603e-02,1.875686311462498868e-01,1.178018126732529036e-01,9.329965184532372502e-02,1.011351706918464100e-01,1.093332349207047222e-01,2.545511872401827747e-01,-3.257168585226573321e-02,-1.340008504270534528e-01,-6.234054292273467218e-02,-2.567492405430116947e-02,1.694027993958477363e-01,1.445780491123304090e-01,2.595842393490850955e-02,1.236560028528141675e-01,-1.893667856988153486e-01,-2.219817355882463539e-01,2.713458971220344407e-01,1.142734956499203286e-01,-2.070243882299775962e-01,-4.053933883686063888e-01,-7.210673052434085628e-02,-2.299343359770351369e-01,-8.898211302474381967e-02,-2.944680549699788541e-01,1.635832999114886221e-01,-1.269853873382408571e-01,2.544623537641615627e-02,-1.052252673763715840e-01,4.616483913637952491e-02,1.421003483761084374e-01,2.693857665481932395e-01,2.465120941325429915e-01,-8.655751112274502612e-02,-2.015921704241540116e-02,2.927401884611280716e-02,1.126591107666243818e-01,3.267285454448674020e-01,4.365714639947897435e-01,2.227832063205703594e-02,6.069283083252833416e-03,2.775948406270627999e-01,1.153822830964545548e-01,-4.657580242252607611e-02,1.344745449037365592e-01,-6.566525678304872826e-02,-6.773784855757532253e-02,-1.784264073488659175e-01,-1.096330107714643676e-01,-1.828392020198613965e-01,5.908351717311782769e-02
2.101066480850180829e-01,2.038354036945109193e-01,-1.904291952471502125e-01,6.986211419842507375e-01,-2.317465620960809380e-01,1.254547324462100891e-02,1.661784693034793203e-01,0.000000000000000000e+00,-5.072240472865563454e-02,1.882810758641337290e-02,1.380387875772151884e-01,6.567528332129135560e-01,-2.491843798389746512e-02,6.988917911410218453e-01,-3.003566621583448337e-01,2.102492329016729736e-02,1.258656822794058383e-01,3.967917808445116379e-02,1.345888682110880641e-01,2.238240592844954191e-01,-2.138043115546222062e-01,-1.129077452898149675e-01,3.088140962272191772e-02,3.124186678542432150e-01,-3.440414877031372498e-01,-2.592461804064363218e-01,-3.746797441551622532e-01,-1.804946903191124163e-01,-1.062734461668909114e-01,1.919588255285610834e-01,-1.435532467711901905e-01,1.377286303316952176e-01,1.115101189911867213e-01,2.399463302261983788e-01,-4.141321139172387533e-01,-2.717013440679886260e-01,-4.559196598567470393e-01,-4.104194891625024821e-01,-3.987458962593620204e-01,-3.062371003415159665e-01,-8.559767535528643376e-03,-3.248907213887075041e-01,-1.417766770639590501e-01,-1.420522113394135089e-01,-9.698789919922620739e-02,4.437202960704263177e-02,1.504171412588458934e-01,-2.404491201294428893e-01,1.619045371048055126e-01,2.101652737608562804e-01,2.036667698736419618e-01,1.089641597369924719e-01,1.908491513600259759e-01,2.069929247063967415e-02,1.362786235575453309e-01,-3.713974736718407554e-02,5.900220987715863036e-02,1.253597089371404905e-01,3.868356862979162591e-01,4.472720235533553246e-01,3.672592377153156007e-01,6.753784609716473319e-01,2.948362582908140572e-01,6.613299919465445154e-01,-2.482799785331309128e-01,8.593464845447570943e-02,-3.139703993008686189e-01,-6.170377173912404423e-02,-6.336659791459424429e-02,1.971673553326978162e-02,-1.898437455071246005e-01,-1.756598227576067206e-01,-5.629672220481904410e-02,2.843387729143215248e-01,-1.012211326024291813e-01,1.493392539527715057e-01,7.108351235515499023e-02,9.166533302256379967e-02,-6.370671647939807336e-02,5.996031712165552502e-02,2.985077829439120034e-02,1.213413401822066306e-01,-1.169524721249445426e-01,-3.166856914536628209e-01,-1.949395745906221666e-01,1.561668369702963466e-01,-1.962987639882771140e-01,-1.910217429970569591e-01,-2.361134085164567215e-02,5.952400142121164889e-02,-7.770137129580406699e-02,-2.884414475320967175e-01,-2.029639249212254401e-02,-2.914613914377739423e-01,-3.934623161871342312e-01,-1.956059637245242400e-01,-3.699481401761068322e-01,-4.816202322506847322e-01,-2.306511110730543879e-01,-4.602958820767193981e-01,2.727681515230531706e-01,-2.280406883306275445e-01,-1.155442327982794497e-02,-1.050460583520824998e-01,-9.234086428862621487e-03,7.145124782288828080e-02,-1.850920332333130525e-01,-1.067088685111705487e-01,-4.940694349223880011e-02,-1.564057291789178739e-01,-3.128900254818790527e-01,-3.840279486333962877e-01,-3.190721799314705787e-01,2.595149560218984811e-02,4.450837739479889671e-02,1.580378062266749595e-01
-2.028964243437672565e-01,-1.799707664534995824e-02,2.740872061245682723e-01,1.471383334115233810e-01,7.908313120913672556e-01,6.206594657506815382e-01,1.535128257996247192e-01,-5.072240472865563454e-02,0.000000000000000000e+00,7.044547546143979933e-01,-1.749773565272165210e-01,-2.035425156459811369e-01,1.569949101524527879e-01,-2.207711348841878973e-01,5.655473553503207462e-01,5.991559280134326482e-01,-7.972794006935937650e-02,3.340339654380784784e-02,2.533580417075079749e-01,7.891324652064690692e-02,4.472311808085646656e-01,3.905273768435065795e-01,1.954820617344722455e-01,1.658152515815767281e-01,1.911579758401132367e-01,2.330170608318075376e-01,5.363825982896256450e-01,3.781336814706783844e-01,1.207394489911587793e-01,-2.669666891917307425e-02,-6.775974951621017983e-02,1.974467927054800453e-01,-2.830467468037174000e-02,-6.957588528703958011e-03,-1.827819451138183726e-02,2.665296313935877279e-02,8.341834056640287307e-03,1.238774865310585255e-01,-1.109541463996417399e-01,9.503438757659285474e-02,5.298982030374778107e-01,2.025360402094382173e-01,-3.547015318136462203e-01,-2.998387982784677663e-01,-1.516955160868647123e-01,-3.182587910489606542e-01,-2.307899121547338228e-01,-2.876485969819306820e-01,-4.646676956052220864e-01,-4.829577733057258682e-01,-5.740438569339566532e-01,-5.466713776076000952e-01,-4.866055311092967184e-01,-5.181065689821763298e-01,-2.296476754632376382e-01,-3.676262736345686788e-01,-1.639674054482262167e-01,-1.761095832228279090e-01,-3.622207690372507005e-01,-2.469393725752567215e-01,-2.590347699677687521e-01,-1.282313379468156822e-01,-4.268173298919927250e-01,-1.454441973019241219e-01,-4.760391678886846667e-02,-1.303141148336928457e-01,4.996691674177601572e-02,-4.841841152850319581e-03,1.897123266921846851e-01,1.415361255547778474e-01,3.442740990897878994e-01,2.088038847534526010e-01,2.197554575851403957e-01,1.022582644781227651e-01,1.251107747611573395e-01,3.709039457854919619e-01,7.264381133388356226e-02,3.157437079532757901e-02,-1.711791928815405983e-01,1.837926725126279026e-01,-2.043313128519474997e-01,7.593036361647149957e-02,4.754241472016887404e-01,3.462105230700422975e-01,-5.784887389817824563e-03,-3.684014926974499282e-01,5.523829701798338432e-01,2.461020399209324361e-01,1.909481066938782390e-01,-4.591119994641855717e-01,-2.188082214340909548e-01,-3.410729741892258304e-01,-1.577675131562528421e-01,-3.040630082558365421e-01,-7.467152480865142661e-02,-5.112254263107637170e-02,1.766771172564369219e-01,-5.992839410992748667e-02,-3.038037616167166277e-01,-3.315733348464706132e-01,-2.447624272150724922e-01,-1.701768936191494497e-01,1.129710750958924093e-01,1.533017945205921162e-01,-8.199059630915218888e-02,5.142199843808520354e-02,2.594257776189749509e-01,3.953286697661301252e-01,8.533761478501004916e-02,7.318364125615924032e-02,7.986824522445015728e-02,-2.059616295163563537e-01,-3.115803126747018759e-01,-5.021507592415350718e-01,-2.406163631233178002e-01,1.532506696501404198e-01
-5.534952526517361582e-01,-3.897918169812430444e-01,2.668208211554161657e-01,1.367067208586614235e-01,7.328402829472340230e-01,5.604608828655587294e-01,3.651962881908342173e-01,1.882810758641337290e-02,7.044547546143979933e-01,0.000000000000000000e+00,-3.802916899099096359e-01,-1.755987426075689417e-01,3.408181253153257928e-01,-1.444880725726219173e-01,7.360098301957576084e-01,6.796302235575792938e-01,-1.870746458118217048e-01,-2.122500428296735242e-01,-6.459679478795191110e-02,-1.964937723690047544e-01,5.524617268098303002e-01,6.205083513513164339e-01,3.261737391196947722e-01,4.896750529944721153e-01,6.087053680859388916e-01,6.793937768027276114e-01,7.215655979055211056e-01,5.948523634216471567e-01,4.858139761612328411e-01,3.317533933350804154e-01,3.349122807078778186e-01,5.579726215759696073e-01,-1.786644067270763137e-01,-1.634307954485661810e-02,1.163319408589568588e-01,1.163507042286272136e-01,1.968436120464950312e-01,3.051449843683057828e-01,-1.150734757541924669e-01,2.292614277711366999e-01,3.980044727107169833e-01,3.180115409072811761e-01,-5.530905787367013104e-01,-4.727862048977777842e-01,-4.037718593528452637e-01,-6.799319655779800797e-01,-3.464805413219861907e-01,-4.130143522823884195e-01,-6.608039062976556188e-01,-4.516271413292073933e-01,-6.238700902352054545e-01,-5.086879989619781384e-01,-5.376643225198700637e-01,-4.959991591611883077e-01,-4.520121788036741139e-01,-5.738714452039379577e-01,-6.020768134091321055e-01,-5.976333442648907868e-01,-5.807328719977832288e-01,-3.625074607694128148e-01,-5.664168348718393586e-01,5.249152948926621293e-02,-6.964075595392337226e-01,-1.779375570945181673e-01,-2.375071664166483396e-02,-3.204028256651914042e-02,-8.697671800135868547e-02,-1.536331873954334681e-01,-1.653223370451541441e-01,-2.367868671133248060e-01,6.103926059503927970e-01,6.064355603434022912e-01,1.655018945558042465e-01,2.294113917464726260e-01,1.198635001825729685e-01,1.322825921747254607e-01,3.184270712341960574e-01,3.132264952382815548e-01,-2.202330044841053769e-01,1.048294812670004655e-01,-3.740894337852035401e-01,-2.844405722899027156e-01,5.076079153607628847e-01,3.529686003001365480e-01,-2.514629054684896503e-01,-5.373397516296086751e-01,5.155360718811426990e-01,1.918182360753036553e-01,-3.169409104446542502e-02,-4.736117526981393211e-01,1.080389002477173538e-01,-4.537858371532570434e-01,1.927925944882703524e-01,-3.601012761083151603e-01,1.465165378155426634e-01,2.511238876265819986e-01,4.179900599952580120e-01,1.905059106567305871e-01,1.365087607086620455e-02,-7.561907452021662812e-02,-8.598260612728197971e-02,-8.600138263927939453e-02,3.486491428807787507e-01,3.479977475791665720e-01,3.672832932062085332e-02,1.047009515003202024e-01,5.527548888167870267e-01,6.281938929664342419e-01,2.050649983799177345e-01,1.147456456059063185e-01,2.065528248304307479e-01,-2.131721408396884121e-01,-2.702933275684795134e-01,-4.033212032419330462e-01,-1.389309353951652115e-01,1.749238862885375279e-01
5.838113978553332029e-01,4.191016771225705706e-01,9.441003723478834375e-02,1.120404800833803560e-01,-3.631509400424945966e-01,-2.457713881821183277e-01,-1.548387184047061646e-02,1.380387875772151884e-01,-1.749773565272165210e-01,-3.802916899099096359e-01,0.000000000000000000e+00,2.374149535119593757e-01,3.748421085460498792e-01,2.490950247707109100e-01,-4.466943194747280965e-01,-4.058540429037747477e-01,3.089771944688639582e-01,2.076643745558497400e-01,2.263918286013952008e-01,3.263663266013551167e-01,-3.481286852749112537e-01,-4.265764911343091770e-01,3.212171700112178424e-02,4.030623967122629742e-02,-3.570331291970860743e-01,-4.439801868492758707e-01,-4.734450533061422273e-01,-4.069532160580724978e-01,-3.153755840794950083e-01,-4.193451260374730927e-01,-2.701023714330341718e-01,-3.088165046847979323e-01,2.100249268556536042e-01,5.247936191018040542e-02,-1.582150419557750154e-01,-1.089995414535097212e-01,-4.229957685678511492e-01,-4.990698025313022868e-01,-2.148190258605046365e-01,-3.944227118803206866e-01,-2.244823454352260633e-02,-4.012950330155337642e-01,1.556274243774238564e-01,1.771055975631467827e-01,2.353211519515199246e-01,3.356581954142347501e-01,1.822716167924036956e-01,-2.870684969209473178e-02,2.916342629767422201e-01,2.580279874185668065e-01,2.324374847109368925e-01,2.878403828907117323e-01,8.450062333749649990e-02,1.756010099929157520e-01,9.502712871274722473e-02,2.522667799599984662e-01,4.574593152135862373e-01,5.158045699049458310e-01,3.516588480184665855e-01,3.331541006107782699e-01,4.565831979619492387e-01,9.457424005899074670e-02,6.075536074332333891e-01,2.163245164622304428e-01,1.249610651574883935e-01,1.759079820962241580e-01,8.789538982514889798e-02,7.576356120765773139e-02,2.606005270329053158e-01,3.451217197789775981e-01,-4.048061347931218301e-01,-4.498196199782403815e-01,-3.199443320105836708e-02,-6.256202817771649993e-02,9.914435476825229909e-02,-1.048120581408707175e-01,-1.652220261705796001e-01,-1.983035204248371486e-01,7.117795895847082999e-02,1.258995728647266388e-01,2.852154007224459442e-01,3.889676287439235436e-01,-1.326927463470204405e-01,-1.461348150486284081e-01,3.709598025242628050e-01,3.067087003295957959e-01,-2.773540521897820965e-01,-1.701566688465166732e-01,1.174379447153686973e-01,1.122847677808305328e-01,-2.898981824987168499e-01,2.177839939215517051e-01,-2.422911689665094570e-01,2.564024616112207111e-01,-4.781015938631771878e-01,-2.932118210453112384e-01,-3.366241027973568833e-01,-3.059793810544514381e-01,-2.480419542620931339e-01,-1.698724117670861455e-01,2.374027485492635203e-01,1.061548635035158422e-01,-1.070059398247945881e-01,7.924354372176487318e-03,7.956390004470882682e-02,2.442826574091098643e-02,-3.301835768289961281e-01,-3.520231743334580887e-01,-5.736818866372730419e-01,-7.686746152785091379e-02,-3.162406012078431417e-01,-4.505006089119087398e-02,-1.077465012303043534e-01,2.332918619790480264e-01,3.060037070592615607e-02,-1.112479436646038183e-01
5.310135956499617560e-01,4.869782066478656746e-01,-1.213428673515794670e-01,5.124779144329347780e-01,-4.157293575275305964e-01,-2.728114721653118191e-01,8.680115230969022433e-02,6.567528332129135560e-01,-2.035425156459811369e-01,-1.755987426075689417e-01,2.374149535119593757e-01,0.000000000000000000e+00,-9.500094356467937359e-03,7.412735822570388766e-01,-4.162794327513303916e-01,-1.713512603181195082e-01,2.322107097554635402e-01,2.353750834584208695e-01,2.517450950783915453e-01,3.563113246990204375e-01,-3.465071703062187480e-01,-2.585195045463163921e-01,-1.946458533674819691e-01,1.328138674486225301e-01,-5.131022821799942069e-01,-4.059737244057105565e-01,-4.871907056370252120e-01,-1.769328456826479157e-01,-3.423381353320075760e-01,-3.795905341384714360e-02,-3.029954660557129253e-01,-1.381140562414802375e-01,-3.364954075408511242e-02,-1.363563250370927182e-01,-4.946222200072989406e-01,-2.503557335369577808e-01,-6.028407623297645790e-01,-5.995815247396338865e-01,-3.595344874319921780e-01,-3.496521245981723536e-01,-5.970905005410078598e-02,-3.256276857134470792e-01,1.090052524535670697e-01,1.643779835266922507e-01,5.061042096672871415e-02,1.362042313607127741e-01,2.824829603638610576e-01,2.790068509942774180e-02,1.479659697884328218e-01,4.387421193227455940e-01,3.319219658412164153e-01,3.792731440462814296e-01,2.622194950022835314e-01,-1.891966985060329967e-02,5.774015748047670593e-01,4.488382752102709761e-01,1.457264382982141337e-01,2.568431066774710114e-01,6.664093240418620390e-01,8.065177120201272309e-01,3.831952879235329124e-01,3.728013162676478420e-01,4.009982357931403674e-01,5.936820237833092540e-01,-4.528128443795941815e-01,-4.272530508540949012e-02,-2.093961840153218956e-01,4.718534753535027354e-02,1.365544105800118313e-01,1.682505949628531339e-01,-4.416616466311469313e-01,-3.951483157473283936e-01,-2.570036133474929985e-01,1.027466037646804498e-01,-1.051279102988006836e-01,1.680045588631581266e-01,7.322351194696445631e-02,1.384265805046750175e-01,-1.494921353484548465e-01,7.602063800173722297e-02,-7.054700038222400105e-02,1.323083784843236410e-01,-1.268425674480154475e-01,-2.103700195528588612e-01,-2.537741527776007366e-01,2.005755186159588754e-01,-2.853368674364804014e-01,-2.003990074987098691e-01,3.939954850052388574e-02,1.551614779451357673e-01,-2.452554023183104726e-01,-2.700270684506818064e-01,-2.838176236585469026e-01,-3.422939741120381574e-01,-3.838048351175534778e-01,-3.993050692364838450e-01,-3.800282110228794807e-01,-3.744113009440476758e-01,-1.460795800699562774e-01,-3.467680450849952023e-01,5.204411526360624984e-01,-1.184567143270754408e-01,3.044091530247274302e-01,1.890391041513579673e-01,4.740651190352487832e-02,1.010669013640336407e-02,-3.202141903628220182e-02,-4.341704476367848342e-02,-2.511859129381943667e-01,-3.845796067693822429e-01,-1.938162094598106788e-01,-3.587188159818658351e-01,-3.860825777699347094e-01,2.633492314829289846e-02,-1.039663850910712978e-01,8.863265053717059305e-02
-1.450813502093008245e-02,-6.856174554178141867e-02,4.134754835335271439e-01,2.067059353102958588e-02,4.968456036052892877e-02,-2.601034187957741717e-02,4.607909990529995281e-01,-2.491843798389746512e-02,1.569949101524527879e-01,3.408181253153257928e-01,3.748421085460498792e-01,-9.500094356467937359e-03,0.000000000000000000e+00,-5.397915290645050046e-02,1.414684246698105774e-01,-2.955120928017800422e-02,-1.482965721272537507e-01,-2.085873974898426464e-01,-1.136893932188843964e-01,-3.253790500558277621e-02,1.653043371979728005e-01,9.351569618578009502e-02,4.489662651025016493e-01,4.736478483771044412e-01,4.220105352887509875e-01,3.303572172570327092e-01,2.744864980710138291e-01,2.701408978237879177e-01,1.280176003887013858e-01,-1.372098325727071078e-01,2.103210726409641962e-01,2.934405858112109633e-01,2.120402317052221333e-02,-3.538713494480395100e-02,1.492225794636100888e-01,1.025781951933609631e-01,-1.599157438100864692e-01,-1.137137861090819768e-01,-1.417517125763020081e-01,-3.198448316985817719e-02,1.468774170775983406e-02,-1.685781199614388437e-01,-8.282704070550031550e-02,6.953202203747227417e-02,6.414221748572580817e-02,-4.959496252976529351e-02,-8.935763049447931206e-02,-1.567354568662880365e-01,-7.414505337290153153e-02,7.371007437326063116e-02,-9.422068986756020059e-02,7.340197343337639263e-03,-3.571955068533541611e-01,-1.286475034076894897e-01,-3.227382298989315279e-01,-1.687993169201976451e-01,-2.107175480539771328e-01,-1.721295921848799981e-01,-1.420632257437882684e-01,-9.293478765203323777e-02,6.149513512592627747e-03,5.068874452720132512e-02,-1.974680442395983226e-01,-1.079277113041337000e-01,2.455816078669308955e-01,3.097003718925717131e-01,8.662850341205940996e-02,7.484621517998535020e-03,-1.188001185560413342e-01,-1.026642142565679094e-01,1.940478306070552161e-01,1.425062580009476554e-01,-2.080145213076405319e-01,-2.004334653176517156e-01,-4.558731627567909317e-04,-1.458198589258893063e-01,-1.258606241800474534e-01,-9.302734875287857474e-02,-2.213394591146083945e-01,1.724540502767462624e-01,-1.506380274511585071e-01,-1.356548944752901942e-01,3.419775140386899226e-02,-5.696694774555389335e-02,9.152149937866949081e-02,-1.571001380914247014e-01,1.006922045016269904e-02,-1.011210721093478010e-01,2.976844694690508435e-03,-2.921499355600540859e-01,6.811757753405220384e-02,-4.673030592471361794e-02,9.260677323354124524e-02,1.703560899856748356e-01,-1.712154334141899326e-01,4.847696616467688652e-02,9.119423449828630013e-02,1.772021020248026879e-01,-4.473624789844438815e-03,3.203358796185697133e-02,1.529534320015959147e-02,1.712900271593172374e-01,3.598313238959090221e-02,2.584669222433805813e-01,-5.367754575740502077e-02,-4.990735886820873296e-02,2.731191860599681553e-01,1.465047383830920535e-01,-1.922894103330455851e-01,7.449348070439577862e-02,3.795351591196536797e-03,3.604017645863541452e-02,-1.563622207038290954e-02,-3.528115051268566893e-02,-6.656509155745089779e-02,7.915493304602229385e-02
