0.000000000000000000e+00,5.990082381480776874e-01,2.670282487720715414e-01,2.523008231943305035e-01,-3.921329041407386508e-03,-4.162345781680328732e-02,3.511492820792830871e-01,1.613500493725480156e-01,-1.262319767456546449e-01,2.835251590386641922e-03,4.978787092394807434e-01,2.973460238924896526e-01,3.931967959676482827e-01,1.416725576194708958e-01,5.764642371970897516e-02,2.843386348753294546e-01,6.462340363054256409e-01,4.526284544810308952e-01,6.138315273913943493e-01,5.394511731485527317e-01,1.768104263498307127e-01,2.675181190378690954e-01,5.573758887717982641e-02,2.490164985446379209e-01,-4.791247089339938786e-02,-2.694350994889382900e-02,1.902567866982948497e-01,2.096914189340076395e-01,4.512173679064572229e-01,3.402687577157397780e-01,1.931230195995263799e-01,2.782354109683741195e-01,3.413311783849247161e-01,2.109290882382384158e-01,5.120923206509558900e-02,-6.114484737137044351e-02,3.659536106344736528e-02,8.893708948201012321e-02,1.422426749869432905e-01,2.137911589560839709e-01,4.795778306543526104e-01,3.960947897342906310e-01,-3.077827900219701762e-01,-2.397863712621762511e-01,-4.011052865487309549e-01,-2.814059562091270061e-01,-2.435154575698775525e-01,-3.220007478142958290e-01,-2.693873462633731841e-01,-3.122886324953405568e-01,-2.641105591399408037e-01,-2.117777204213045217e-01,-1.443153998852287623e-01,-1.962897770176649237e-01,7.194849284604647177e-02,4.518441559870589597e-02,6.291690936760309105e-01,5.840559146101520493e-01,1.530589938840720143e-01,-8.635643414868049428e-02,5.121210840208187953e-01,9.813269108444137856e-02,6.124006646357531558e-01,4.371242680920768287e-01,1.171265920882355593e-01,-6.176493999743055963e-02,2.483782159167689362e-03,-1.481987327416681988e-01,4.661866248260401191e-01,3.848429586170856176e-01,6.620215839574605798e-02,2.551069646602399099e-01,1.986265463638967887e-01,2.123380810191205781e-01,5.315078495946492371e-02,1.369442773201615671e-01,5.911635607575851936e-02,3.307430833365568867e-01,5.760440869252434481e-01,3.799753008909833030e-01,4.413735682499967394e-01,3.341416521634815728e-01,2.121678928615896020e-01,5.242588662035955194e-01,7.114032350028402785e-02,3.696326165559681298e-01,5.049693572147796045e-02,4.522111667328441165e-01,1.069680021979861895e-01,2.615904005072425265e-01,-3.585433810519025322e-01,-3.512110800467084237e-01,-4.596137185464521102e-01,-5.133920334323563983e-01,2.361560990853035225e-01,2.445894207065743911e-02,-5.923861676262059950e-02,1.684250237535693528e-01,-5.080436832871015190e-02,4.653184284132207832e-02,6.067699735644935949e-02,-2.430489820134796586e-01,1.448307511163186845e-01,6.321241297729397746e-02,-2.963652522422728919e-01,-2.165377142422612589e-01,2.812722343858291008e-01,3.180023000461204563e-01,2.582002398244676589e-01,-1.111106740329804027e-01,-2.715381712489891020e-01,-3.585434680058345869e-01,-9.467496821293258646e-02,5.928844719600243757e-02,-2.969810298138221907e-02,-1.878283876309391753e-01
5.990082381480776874e-01,0.000000000000000000e+00,3.554339453122937753e-01,2.752867560989125106e-01,8.034877074490852367e-02,-1.128900429537525313e-01,2.116202122906186978e-01,2.305216759022174489e-01,-7.864405366596631530e-02,-2.346028273774286022e-01,3.577056482004067894e-01,4.833932881688330907e-01,4.039147566943673828e-01,2.593132120273232144e-01,3.142953986744126960e-01,1.234623748735967780e-01,6.047649514616844080e-01,5.774810213105309176e-01,5.834102738626282258e-01,7.544503231766599427e-01,1.687724286681887287e-01,2.101065120237494976e-01,1.984302402090072359e-01,3.495651319363939913e-01,-1.172658545948031400e-01,-1.566380026226684430e-01,1.166443956721226333e-01,1.890862462255871916e-03,3.266782921985359467e-01,3.850823863074023246e-01,3.557830690684396502e-01,4.576149240681298136e-01,4.570555020955541781e-01,4.236645431149913543e-01,1.461170584526989835e-01,1.813983522276406135e-01,1.964432285541957701e-01,2.624907600042997724e-01,2.774955067826426203e-01,7.805572755947121077e-02,3.142717200361339613e-01,3.017709382833901333e-01,-3.117373186322641709e-01,-1.628539285939168135e-01,-1.597037662883779227e-02,-6.228488475745441733e-02,-2.928405749689926840e-01,-2.669899736845366411e-01,-1.621989967437558189e-01,-2.356859969367383345e-01,-1.023393245758090486e-01,-2.789997491194183277e-01,-7.649155258050391315e-02,-3.946568391126002440e-01,4.834033830166261508e-02,-2.153900340137098746e-01,4.751800826694279611e-01,6.509917822105389940e-01,-7.161405190717309854e-02,-2.236326600765159156e-01,3.550528573642421359e-01,3.610756138222071671e-02,3.583517800780521290e-01,2.975777278044539065e-01,1.803301064377866303e-01,1.752334727122370484e-01,2.509761495676568824e-02,6.280397488561420549e-03,6.327949181949356072e-01,5.893343007203198924e-01,8.435626989738696790e-02,1.531938209058769096e-01,1.313469850499099367e-01,2.674460369823868366e-01,-9.859340238145006263e-02,-5.376197952849008643e-02,9.598903975380880527e-02,2.809917186480828666e-01,6.180367846059238168e-01,3.201694350158653668e-01,5.011930637996618865e-01,2.916741124021511311e-01,3.551735884178637837e-01,2.260008388408051017e-01,3.007976170646107228e-01,8.624303316209622206e-02,2.349004354935048944e-01,3.428406886721556135e-01,3.006959457690463466e-01,-2.162015810575491082e-01,-2.206914842989777525e-01,-4.846633799244002283e-01,-1.470371372760597151e-01,-4.316648634214400038e-01,-1.820171960496985430e-01,-2.396165766345166592e-01,-2.428712985353319864e-01,-1.598350402985405649e-01,-2.011301187922496791e-01,-2.490621429961308864e-01,-2.061726624576867839e-01,-4.261916340912262902e-01,-1.011588228697388736e-01,-2.978355442387442542e-01,-2.931156434228127106e-01,-4.336344752045639406e-01,-9.619766506910329418e-02,-6.250246434164936742e-03,1.295440801429384170e-01,-1.848930642802104340e-01,-4.473401482006718055e-01,-4.704088753417082769e-01,-2.603529374661484597e-01,-1.489554674612476592e-01,-2.450472084545463058e-01,-1.943063799683062975e-01
2.670282487720715414e-01,3.554339453122937753e-01,0.000000000000000000e+00,4.364553229789859823e-01,3.586447342802935589e-02,-3.758966279515418285e-01,6.531012636221201761e-01,2.210169644320194582e-01,3.472110322806527816e-02,-5.009865779441599054e-01,8.402115779052414524e-02,5.595888698845074422e-02,1.490374234285664345e-01,-1.343895483054215190e-01,2.885401915019980001e-01,-2.207348249719729705e-01,1.642234876466199811e-01,3.289480727805152993e-01,3.217273665810165273e-01,4.096744788833425188e-01,-6.235398423376201094e-02,1.324848272531687077e-01,3.944760536906445347e-01,5.349211450211829311e-01,-4.107305263901392944e-01,-3.086042818453069159e-01,-1.173992291256665821e-01,-2.630527176597715622e-01,1.013511053167705511e-01,1.474106708766712015e-01,4.631934385250860431e-01,6.033755375716216562e-01,3.638791778279314992e-01,4.708114836133871495e-01,6.143024614086127488e-02,1.778775037903219114e-01,-7.269307051541781936e-04,1.484274503086905062e-01,-9.841773462966348085e-02,-4.739790874164390849e-02,3.947548624825891750e-02,1.232056634979296489e-01,-3.732753528844212632e-01,-1.851604113476861546e-01,1.204218190342994377e-01,3.811984933468499925e-02,-4.718055494602946820e-01,-3.809970826763475760e-01,-1.959549912923815307e-01,-3.206426051162158952e-01,-2.825702671761036733e-01,-4.155392510292743036e-01,-4.447949105709234630e-01,-7.600780155126757309e-01,-3.250455849035142064e-01,-6.256408609966080947e-01,1.122728689264212570e-01,1.636992467442209276e-01,-1.197544196545769490e-01,-3.609953499259643817e-01,4.410085968995610117e-01,-2.621211448136972696e-02,-1.631192535801343491e-01,-2.847971906439476508e-01,4.249910154774620974e-01,4.838890139275796032e-01,3.129053286235282116e-01,2.621805846106329274e-01,2.692544683900099378e-01,2.161051624382553382e-01,2.755305951386042285e-01,3.374951617529399761e-01,9.626611163809457861e-02,1.068950393013412825e-01,-1.119026906106582037e-01,-1.530473203713803021e-01,-1.063642921544639096e-02,1.608352261344685175e-02,3.729638958181932251e-01,1.631080024474286239e-01,3.180596426084081330e-01,2.342638035545359099e-01,1.889642701736725383e-01,5.157870392485908867e-02,3.248287830085603289e-01,-4.438883939040355608e-02,1.553215602055499078e-01,5.137008687057785516e-02,3.736492246439002129e-01,-4.976233765223727623e-01,-2.717784275067372524e-01,-4.273736791303034965e-01,1.430753576387767956e-01,-1.551693655791546445e-01,-2.478689381674401837e-01,3.660327845680970676e-03,-2.177947871250437428e-01,-2.704576833968881378e-01,-5.887910235363824629e-01,-5.903172706064013786e-01,-2.605557783319724652e-01,-2.623769107208503981e-01,-6.164850006077941466e-03,-3.201230682822988061e-01,-1.684652349090288298e-02,-3.214154459307539957e-01,1.146716135189178865e-01,-1.384980331416756361e-01,-8.148923649031972194e-02,-2.106343520045328710e-01,-5.255256960184285786e-01,-7.216726265761402859e-01,-6.087627076956165784e-01,-4.726850819845727636e-01,-4.030443135311805869e-01,-3.160747143061689024e-01
2.523008231943305035e-01,2.752867560989125106e-01,4.364553229789859823e-01,0.000000000000000000e+00,1.394474334908248625e-01,-9.437014631102041973e-02,2.889095871937072957e-01,5.000896385593243121e-01,-1.407182896241707115e-01,-1.292188254017288540e-01,4.397835792617450779e-02,2.198657879700063322e-01,-6.811540079802469450e-02,1.499918355010134985e-01,1.631386811237773848e-01,1.891842447140437145e-01,3.057023093938504577e-01,2.972261286788019929e-01,4.836315278701527887e-01,4.552162897780798190e-01,6.240818476249833380e-02,1.545116280058995983e-01,4.095661366152860139e-01,5.603677176086253597e-01,-1.374938722439211503e-01,1.800550488391556431e-02,1.061681351479282637e-01,6.565522334944150218e-02,2.753907700565135785e-01,3.926416379714460225e-01,3.188822319392146110e-01,5.150151535099731781e-01,4.274278698018340594e-01,4.351134489396869531e-01,1.147454258992123138e-01,2.275907902611628286e-01,-1.130268836574243874e-01,9.787050492861429016e-03,-6.462308052048679197e-02,-8.441969657473816224e-02,1.099216499430877292e-01,2.467889013818906907e-01,-4.525642151697625674e-03,5.212410976954082870e-02,-8.252216606009907252e-02,2.892696466403228348e-02,-1.381081234298734695e-01,-1.366857483894095004e-01,-8.084642624940199807e-02,-1.841494888936848762e-01,-2.418025056272710971e-01,-1.353054050343818759e-01,-3.613477906896184755e-01,-3.104085209950512847e-01,-1.485822667498130079e-01,-7.346797809661723133e-02,-1.220378864279196736e-02,3.193297855107108951e-01,1.046136000660522758e-01,-1.079722040889675438e-01,1.857042239585096621e-01,2.083731403122429937e-01,2.100574864597679614e-01,1.275666364705995981e-01,5.544569307488284721e-02,1.848745268391430441e-01,1.981762976671880561e-01,2.805284205520410801e-01,2.535470726410355979e-01,2.191833173774848931e-01,7.555510381223680405e-02,1.413838240054575424e-01,1.913804654147520656e-01,1.985398699731875105e-01,1.412956851874032638e-01,3.891274727773702535e-02,7.930199620013457518e-02,2.233527248333924131e-01,3.072927528789106688e-01,3.610460505742447146e-01,1.490787940911125486e-01,1.600563484712170526e-01,-9.328093923536111276e-02,9.627987499329009047e-02,-1.219932718494576851e-01,9.532037641229400282e-02,7.377430184198913166e-02,2.833766781546062652e-01,-2.780299790887703557e-02,-4.801202162362874087e-02,-1.732498200497804286e-01,-3.615553352320889369e-01,-1.142590186508608691e-01,-2.387564767731824300e-01,2.472773532025289087e-02,-1.033794909736984596e-01,-1.638936055698213545e-01,4.238266105095191832e-02,-1.964564550674046117e-01,-1.448883221981452363e-01,-2.078075760261033633e-01,-1.777548810766418907e-01,-1.409478387451024162e-01,-1.379165603145040830e-01,-2.725862487956220437e-01,-3.338732550248445508e-01,6.708360510852051650e-02,2.025574345886358429e-01,5.089077095018337826e-02,-2.375442153967300962e-01,-2.950490740165376269e-01,-4.152077700364046331e-01,-1.373793443596466046e-01,-7.298256018889855146e-02,-8.202049266911627667e-02,-1.049354287653690848e-01
-3.921329041407386508e-03,8.034877074490852367e-02,3.586447342802935589e-02,1.394474334908248625e-01,0.000000000000000000e+00,6.119201002690224378e-01,1.417007918058908189e-01,3.502700138196736535e-01,6.678807340375616519e-01,5.525924604640999327e-01,-2.960480576131396119e-02,1.964811980957121840e-01,-1.309411558871592662e-02,6.990771126761186061e-02,5.665478932249717881e-01,3.801407074019708676e-01,3.444757408811242178e-02,1.613569640419710849e-01,2.336876005670549539e-01,6.509246610920783882e-02,4.479223100961270410e-01,5.514178233995786771e-01,-4.859466379348354598e-02,9.988985183537570089e-02,5.660560299813632845e-01,5.691458777598827901e-01,6.860131228245923696e-01,6.221322553045131043e-01,8.339880913454350564e-02,3.219995599097227323e-01,2.852220734184765516e-01,2.653217075920234480e-01,3.360062694717745324e-01,3.737559915738109528e-01,1.948536173987763243e-01,3.407633019785846207e-01,-3.141756552236302791e-01,-5.160823528371866198e-02,1.894267214135499366e-01,1.574224428271386311e-01,2.093696491437332594e-02,-1.797351569847366048e-01,-5.074978193846252372e-03,-1.115334107070395653e-01,-1.343570471553465762e-01,-1.770722518043204574e-01,-8.282511518934326800e-02,-1.796534319835317584e-01,-8.290478104106210888e-02,-1.663418031917801576e-01,-1.348177598434008861e-01,-1.267640982476651301e-01,-2.719528665728093014e-02,-1.444475379737043541e-01,1.637001853944635432e-01,-2.663622089029127338e-02,-1.287108005167953428e-01,9.618009570767574110e-03,1.803222020117351554e-01,-1.168884769970919141e-01,2.060885533567076988e-01,2.548638165873342576e-01,3.522928228665611616e-02,2.136492681944031913e-01,-2.710091372643569918e-01,1.101955668035429631e-01,1.480168825737969984e-01,6.914389897729132650e-02,8.271343519242346787e-02,-1.534497227465710933e-01,4.014056980719515333e-01,5.306310625041280593e-01,-1.081117044881936134e-01,8.916621712869361727e-02,3.306614408820273132e-01,4.661603578125406155e-02,2.175349314138492751e-01,3.183167270174214192e-01,3.047168347166631305e-02,4.155939398824486097e-02,1.616292230444534017e-01,-4.051489449067070120e-02,1.370867829108564917e-01,3.719108827210760859e-01,-1.913616336584523722e-02,1.810449536245672675e-01,-8.190568246992565790e-03,3.113894213187438087e-01,3.494828899526941646e-01,1.407627070481032860e-01,-1.598546911692041994e-01,-3.387724015089418339e-01,-2.738685260063081772e-01,-3.744756248960017242e-01,-1.347092345396215252e-01,-1.363817014930598925e-01,-1.055255442909118074e-01,-1.268730675709187350e-01,4.480587363097336684e-02,-3.783111935287546135e-02,3.878552880012961501e-01,-2.554587112823382133e-01,2.446779316760307188e-01,1.052566976681515443e-01,-3.143248752474688684e-02,-4.555477468796047952e-02,2.036563592025940894e-01,2.711249209059144460e-01,-1.075117408801241209e-01,-2.713046474540107278e-01,-2.295390209858392261e-01,-3.057051838711414282e-01,-2.113213665573274724e-01,-2.074253328292555709e-01,-2.098846828677946308e-01,-3.179807140020048384e-01
-4.162345781680328732e-02,-1.128900429537525313e-01,-3.758966279515418285e-01,-9.437014631102041973e-02,6.119201002690224378e-01,0.000000000000000000e+00,-1.599781879893903344e-02,2.902957012368830303e-01,4.162336986003878359e-01,7.966628234690785737e-01,1.641431322244269742e-01,1.541040470022054243e-01,8.056838518766967772e-02,2.148552676497635094e-01,-2.547183026823481716e-02,4.169554130520052859e-01,2.460524234918516455e-03,-2.183494489919854675e-01,9.130554608500260350e-02,-1.113335207961757695e-01,3.351669829612811680e-01,5.531402012867938645e-01,-1.875350736708085997e-01,-3.711280294197424889e-01,8.325502512272249245e-01,7.944305485329529182e-01,3.225091687543396590e-01,6.204773699190709868e-01,2.850484987703214568e-01,2.719999883575904276e-01,2.278390934702211601e-01,-1.983532911951710331e-02,1.153398951470962081e-01,1.000387032369354362e-01,-4.123654525900836976e-02,1.187136089150910186e-02,-6.591372773204889901e-02,1.115661451621048211e-01,1.734287085243878812e-01,2.463811160907918296e-01,1.281417144057238333e-01,-2.296572420408877352e-02,3.989973719496618942e-01,3.046696670881802738e-01,1.091931943895805245e-02,1.339647778626764651e-01,3.984654310660004084e-01,2.645039401939967560e-01,2.366461713521100518e-01,2.348147098858633930e-01,1.249922078263769089e-02,1.407746453287631039e-01,1.633312819031176172e-02,2.169171188367136072e-01,1.196956700484065883e-01,3.726310462073582630e-01,-1.617428576878295055e-01,-1.941948211709722608e-02,3.107281908237806145e-01,3.056859668066477798e-01,-3.534608330332520559e-02,2.164604963432213980e-01,1.727430811563497315e-01,3.530139968037465659e-01,-5.410311688041422595e-01,-4.578823482014137136e-01,-1.414190447491059377e-01,-1.340329348712768764e-01,-1.853276027754106048e-01,-1.026632612787088117e-01,2.944759840935447515e-01,3.106914573465175966e-01,-8.245515694496945158e-02,9.767092336639586481e-02,4.239168369121720237e-01,3.126069280087957480e-01,3.468686934821317847e-01,3.434293491959361511e-01,-1.189228469016662126e-01,2.216071702982518876e-01,-4.547684945444430138e-02,-1.479501224695251582e-01,-2.614430223196095859e-01,7.576985066132439772e-02,-3.729270328879425445e-01,4.305903915679711730e-02,-3.969841885232657241e-01,-3.446055268343122674e-02,-1.846514655737469257e-01,3.521135269098838450e-01,2.958377953964745968e-02,3.479031205311328839e-02,-4.725319781143191844e-01,-2.419931018657720256e-01,1.238711100471307919e-01,-9.899348346965011758e-02,8.970231053218784278e-02,1.250280525652786023e-01,2.838511439330802522e-01,2.797550353756032004e-01,3.371344045048887961e-01,-1.299600404579709934e-01,2.390113461448644949e-01,2.586996689859041854e-01,-7.418087224789200740e-02,1.574451020263017698e-01,1.379629158488128726e-01,3.781921525037943987e-01,-7.200516396256878560e-02,-9.528470237502440279e-03,1.377342238880119862e-01,1.926869640478446888e-01,9.698348872919200503e-02,2.166338775732948863e-01,7.986528180922505826e-02,-2.179166918712154288e-01
3.511492820792830871e-01,2.116202122906186978e-01,6.531012636221201761e-01,2.889095871937072957e-01,1.417007918058908189e-01,-1.599781879893903344e-02,0.000000000000000000e+00,4.804771822249233049e-01,1.640531541090622936e-01,-1.679398230696489969e-01,3.171473359496888578e-01,1.221075133166161508e-01,3.808011305441764138e-01,-1.068094099352931425e-02,9.350423263720092359e-02,-1.029802813036728021e-01,2.315434559940481585e-01,2.661070037366615182e-01,3.556067698602295990e-01,3.149565294135573401e-01,4.145451464623042120e-02,2.536669978658540048e-01,2.096757168149692430e-01,1.882311073326660422e-01,-1.237769073881619802e-01,-2.730934088966962756e-02,1.277521133437971605e-03,6.270918257255850281e-02,4.273327188953705003e-01,4.159492277257561543e-01,4.755161571057670566e-01,4.136443905905743401e-01,4.399638645342090482e-01,5.104097339418101065e-01,1.667956996052216007e-02,4.318150734234843524e-02,-5.877952332635453386e-02,1.191450202756478283e-01,2.749716353649804459e-03,-1.112506684621402536e-02,9.810132461156298445e-02,9.982519913561135882e-02,-2.116706303458745497e-01,-1.643906523356367944e-01,-1.054615694535664117e-01,-7.652027384324122661e-02,-3.297473776460488892e-01,-4.013676336453627647e-01,-2.969534215285519196e-01,-3.582134347338228331e-01,-3.698536598603984760e-01,-3.538406170443526566e-01,-4.896602844902939178e-01,-6.091263691525106161e-01,-3.173478552389048524e-01,-4.143790672914769990e-01,-6.578917606714444408e-03,-5.917580489711009306e-02,-6.742932993442798950e-02,-3.038628726278651548e-01,6.278537123888213722e-01,2.085691729341013212e-01,4.840146707672376980e-02,-1.003878461597453309e-01,1.833566938620838915e-01,1.549129104636420562e-01,2.969729596840525732e-01,1.696419426639121097e-01,8.290827596500592589e-02,1.578523990670734067e-01,3.597324092521769212e-01,3.181152019635297146e-01,2.624233312576689792e-01,1.726894891592484493e-01,2.142854334236688196e-01,1.050499737494221264e-01,2.274936284164657818e-01,2.500543186084550062e-01,4.628492342935833781e-01,3.273022634862104430e-01,3.173458836672693462e-01,1.190594557541539977e-01,6.565975929455214466e-02,2.241712735545485780e-01,2.629436135527222444e-03,-1.373595434193497500e-01,-1.330762952481163164e-01,6.229427940664939573e-02,1.666047999238154109e-01,-3.138470583309030393e-01,-2.398653706735549007e-01,-4.457462731558130553e-01,-9.542663651341307118e-02,-2.553030360574255475e-01,-4.625488269930295993e-02,2.845288568133856957e-02,-1.258290436965011638e-01,-1.576356088409334444e-01,-4.266046753725114549e-01,-3.801344716188616579e-01,-2.872406556245252554e-02,-2.922721607797404419e-01,7.887265941925540591e-02,-2.308576961527883942e-01,-1.035018359721828901e-01,-2.692905157182990949e-01,2.064005479856931002e-01,4.890204553098303347e-02,1.273681192078805202e-01,-1.546697854778514014e-01,-4.011164439818012406e-01,-6.009410095348945990e-01,-4.842491737787190109e-01,-2.958990738181099256e-01,-1.336399166486212930e-01,-2.223993835677753050e-01
1.613500493725480156e-01,2.305216759022174489e-01,2.210169644320194582e-01,5.000896385593243121e-01,3.502700138196736535e-01,2.902957012368830303e-01,4.804771822249233049e-01,0.000000000000000000e+00,1.348518342079872423e-01,1.138709579373088920e-01,1.565211687995773093e-01,5.670111845314325105e-01,1.529174254806308642e-01,4.911273860119207968e-01,8.890999946753480598e-02,1.516303645760096463e-01,1.554799161557896270e-01,2.229180022387076965e-01,4.092231311197133681e-01,4.131347333283733603e-01,1.834744267203285983e-01,3.896676867175606351e-01,4.113961376211804077e-02,1.216456264201973420e-01,1.226924067209940461e-01,1.840712578882378603e-01,1.845039358557404863e-01,2.116107685649941672e-01,2.952342068504894557e-01,5.363704190007474448e-01,3.218281970149291515e-01,2.875221326678720213e-01,4.223007749956527168e-01,4.755534694229883730e-01,2.092368128847834144e-02,1.191416039283357264e-01,-2.364985154635238784e-01,1.137666876532370409e-03,-2.473242208672587691e-02,-7.389854181602140137e-02,4.105006321213356714e-03,8.324937920758719578e-02,4.765689071506644392e-02,3.383666858180989917e-02,-1.306204004543795316e-01,1.230049642628892144e-03,-3.106976855645262464e-02,-1.946648530189342141e-01,2.197408952437409496e-02,-7.083484906551221205e-02,-2.002720097213757933e-01,-3.765389161769188558e-02,-2.502468809306790387e-01,-3.202775379996588567e-01,-1.500153706533771392e-01,-1.088038367338007850e-01,-1.604318495315646131e-01,4.606775563172414538e-03,2.708563840109040055e-01,6.685585244142135120e-02,2.997052588873697077e-01,4.803070108826955065e-01,2.105825171876153368e-01,2.771730287454404751e-01,-3.295585679294255055e-01,6.809456257248971967e-02,3.645970378643400428e-02,7.041015736943387338e-02,3.559639881101190478e-02,2.073113058137173725e-01,2.281584238124492459e-01,1.969170179195608716e-01,1.470584113641845436e-01,1.444422689760010703e-01,4.181440987607140669e-01,1.459025284811209522e-01,3.105146928629893277e-01,4.670620995364738182e-01,2.437183974623181593e-01,3.273191344849521456e-01,1.175016636917123464e-01,-7.130799464874784666e-02,-1.050270802838611378e-01,3.864863788598372346e-02,-3.587395825345369715e-01,-2.300574635752011543e-01,-1.791867430898206048e-01,-8.199272958886496534e-04,2.467023889087058969e-02,-1.507939990029574517e-01,1.543748327698456733e-02,-4.204066229442815494e-01,-4.723756503440732640e-02,-2.705460544137482382e-01,-6.483015408878431418e-02,-2.333151076345975905e-01,-2.245928954466229754e-01,-9.791343962912166243e-02,-1.179379719493050815e-01,-1.188800830141077541e-01,3.852886780312670539e-02,-2.020221132959137134e-01,-1.868466909934573400e-02,-1.495678542543841805e-01,-6.811163712894070799e-02,-2.619720807907112148e-01,1.992325160894459213e-01,9.209600082362386086e-02,2.261707124430890198e-02,-3.509306158756369531e-01,-2.954959415224105990e-01,-3.133236826823031507e-01,-2.289744607316318292e-01,4.557466851428228910e-02,1.876186092355691115e-01,-1.491198276435736769e-01
-1.262319767456546449e-01,-7.864405366596631530e-02,3.472110322806527816e-02,-1.407182896241707115e-01,6.678807340375616519e-01,4.162336986003878359e-01,1.640531541090622936e-01,1.348518342079872423e-01,0.000000000000000000e+00,3.902852157596034544e-01,-2.287150712121633067e-01,-5.047816409024609430e-02,-6.738554260790487194e-02,-1.667863484365455229e-01,4.625710362860395719e-01,2.409935607367603982e-01,-1.335173768358874080e-01,3.035586417558604894e-02,-1.337525865700511518e-01,-1.170149598850496603e-01,2.069142714594529031e-01,1.816662544639625065e-01,-1.557294306830370179e-01,1.741681741156011695e-02,3.317364320125771315e-01,2.495288822896669090e-01,2.402903130830779110e-01,2.357533524853756557e-01,-1.316299699108728627e-01,4.021584291607900596e-02,5.288904643090092117e-02,8.295421263231912701e-02,4.956119092830159334e-02,1.427117689198552086e-01,2.051332638647531958e-01,2.907918552855351391e-01,-2.011625842569731704e-01,-1.114162628313728892e-01,1.470517251345934695e-01,-7.579646568738251933e-02,-1.793981997345193979e-01,-2.907887124507770316e-01,-8.734442085224503050e-02,-2.274107619468966890e-01,-3.699608737233446576e-02,-1.465169943476227477e-01,-1.420837351314523100e-01,-1.972714912498357287e-01,-1.188421959476844703e-01,-6.855344087787587637e-02,-8.997774262696502101e-02,-1.500642783829667370e-01,5.499317109576473683e-02,-5.692688854124784009e-02,1.075322885526477923e-01,-1.243013947492738608e-01,-1.153901145879932116e-01,-9.044905701973290912e-02,-3.728172317758467885e-02,-1.114761603412730839e-01,1.942477014002043922e-01,1.639833657104131925e-01,-2.239076315017284879e-01,2.321765866841045758e-02,-4.900573075164321030e-02,2.369384180066869128e-01,2.570308803551277568e-02,-4.295317964458696819e-02,-6.672176205609345323e-02,-1.867893600018897815e-01,3.303402251964822622e-01,4.327765873929628748e-01,-7.918544833491207927e-03,3.382115286131861381e-02,6.929387494304631301e-02,-1.336075946859119346e-01,1.416979043893069057e-01,9.435206678940193104e-02,-8.860184810645785336e-02,1.531656221860636380e-01,1.187672045920878244e-01,1.518769912113958342e-01,1.016477958696680312e-01,9.809049909041443749e-02,1.281933514009078179e-01,1.367857156421448395e-01,9.808731180220486845e-02,1.467422152767500765e-01,3.064682563407851723e-01,-5.086757620943262864e-02,1.386853443546627318e-01,-1.912634119541506694e-01,8.112871422913539576e-02,-1.264241112578362303e-01,-1.037719638607591394e-01,-1.328415773346021678e-01,-6.032170836414274540e-02,-2.002582709676668515e-01,4.961106788797633310e-02,-4.242655938464248017e-02,3.354717900361887106e-01,-1.111437428896695223e-01,1.204357940128783361e-01,-2.941451676221696482e-02,-3.879988924777753867e-02,-9.904169820736465069e-02,-8.466826004883524354e-03,-1.419444698371240092e-02,-7.857847997875293256e-02,-3.100435216506542413e-01,-1.335294824743941400e-01,-1.342492923119915083e-01,-1.676149781475978484e-01,-1.795270340903356021e-01,-1.789537565076140535e-01,-7.209914079601152659e-02
2.835251590386641922e-03,-2.346028273774286022e-01,-5.009865779441599054e-01,-1.292188254017288540e-01,5.525924604640999327e-01,7.966628234690785737e-01,-1.679398230696489969e-01,1.138709579373088920e-01,3.902852157596034544e-01,0.000000000000000000e+00,7.576999472193007845e-02,-2.579120242449037606e-02,-1.180061506233075347e-01,2.146673980476413723e-01,-4.613178753505443180e-02,4.942055820441866865e-01,-5.433594489194338434e-02,-1.928370805507227947e-01,2.656396898371137308e-02,-1.975702358113420043e-01,3.901876527688977192e-01,3.951061143695571709e-01,-2.605341498496253627e-01,-2.295351733679072692e-01,7.284358722018395849e-01,7.399672666788366104e-01,5.611772143723012807e-01,7.739111160638523224e-01,1.072460805119243854e-01,9.292420001190698775e-02,-1.770309863180952875e-02,-2.243601198860759316e-01,-4.665070560071333389e-02,-6.221673103270319860e-02,4.916565077081023333e-02,1.108125228803328796e-02,-3.443694502222172105e-02,4.719769046736144863e-02,1.388290948448620277e-01,4.317673173039554557e-01,2.214228895906651395e-01,3.289262607055842835e-02,4.427552746994891097e-01,2.856801373737503091e-01,-1.944172146938617229e-01,-7.282805495335516188e-02,4.384300975736237782e-01,2.647867247211829755e-01,1.092012710733399200e-01,1.391267810884384004e-01,-2.475366714719971425e-02,2.252395090164243940e-01,6.970419273840099128e-02,3.466723925604064394e-01,2.871456952503638749e-01,5.731763565181757780e-01,-1.856399205593617374e-01,-7.222564680016219096e-02,3.667942772524065975e-01,2.968213944484272560e-01,-1.517055399687759765e-01,2.989513090244410032e-01,1.481678021915226462e-01,3.448459120581125470e-01,-5.091729134924537492e-01,-4.464481366836746123e-01,-1.157011715697006948e-01,-1.361886376316749914e-01,-1.596412067143039570e-01,-2.558621038057068975e-01,1.011660187654071369e-01,2.656976266010529497e-01,-2.380505850707895499e-01,-2.526589725018178051e-02,3.722839936384673143e-01,3.284214421793260064e-01,1.539523692075579764e-01,3.289866073977466554e-01,-2.946127876144056801e-01,4.999347627290527674e-02,-2.127605535556169603e-01,-2.804102975164559641e-01,-2.865809065719666648e-01,2.449487674465883058e-01,-4.810802614393145382e-01,1.536589778780415305e-01,-3.448855996778451560e-01,7.622609768386466589e-02,-1.915879276222824112e-01,6.000537628177302629e-01,7.918852897132867830e-02,9.119603397519235322e-02,-5.011475994363153719e-01,-2.238169708325735974e-01,2.215640639462017614e-01,8.654070139884796620e-02,2.617610145208688621e-01,3.870349162562107259e-01,5.037883796083441057e-01,5.462292485246178497e-01,5.554880310129457488e-01,4.032321361542742094e-02,3.689261670855548680e-01,5.003222330252079519e-01,-2.165986001531326408e-02,3.700968458855037890e-01,3.603700236256565659e-01,6.426947326859228093e-01,-4.036433282989026344e-02,2.787676653684052763e-02,2.553728132089717051e-01,2.828051127082439886e-01,3.696696229812589385e-01,3.466498950496239018e-01,1.669904748626276636e-01,-1.751331092238465892e-01
4.978787092394807434e-01,3.577056482004067894e-01,8.402115779052414524e-02,4.397835792617450779e-02,-2.960480576131396119e-02,1.641431322244269742e-01,3.171473359496888578e-01,1.565211687995773093e-01,-2.287150712121633067e-01,7.576999472193007845e-02,0.000000000000000000e+00,5.318876404863076557e-01,7.542630363135484073e-01,5.291497895838275234e-01,3.736622402899013318e-02,1.660128567298589097e-01,5.148876033085829640e-01,2.836056924261364243e-01,4.530626717211475585e-01,3.712624366127716402e-01,3.856555305539922651e-01,3.809619516824858665e-01,3.286016858985050804e-01,3.465963196681499242e-02,1.352483386602371940e-01,1.908337398306459987e-01,3.472581813540208395e-02,2.246000102993432890e-01,7.164450929737217200e-01,5.646663015450494871e-01,4.874520659727271110e-01,2.786830528780750993e-01,4.518337732547663688e-01,3.350970429681980889e-01,1.466506501772686932e-01,-9.097547006418015003e-02,2.792711760682340949e-01,3.612437481597390865e-01,2.584112283519970354e-01,2.841510182337092516e-01,4.331063555916931929e-01,4.398429683591985051e-01,3.145902405406986874e-02,3.648332230094224193e-02,-2.606322247657393287e-01,-1.705166454683003652e-01,-9.513275090662824673e-02,-2.271214710449010743e-01,-1.843472854794436788e-01,-2.403794223473486869e-01,-2.732325638023838654e-01,-2.058643691248275009e-01,-2.406055932430448963e-01,-2.999682006092453945e-01,-1.562456776202212905e-01,-9.094696852179055824e-02,1.388005989502281434e-01,7.513359403949486370e-02,-5.479126213911224286e-02,-1.285886141517564862e-01,2.474674286070945861e-01,-4.494912831552492355e-02,4.680681920260318929e-01,3.078852289725934055e-01,1.741685027736660299e-02,-2.534007729874268589e-01,-2.604188617244793114e-01,-3.241064278502976959e-01,-2.577082167193839573e-03,1.130018707503995662e-01,3.983862852904760943e-01,2.560026201495975151e-01,3.416300392452181756e-01,3.006949041166844805e-01,3.982719177928245036e-01,4.947191833484979595e-01,4.104318327430185320e-01,4.786769994820945784e-01,4.780631235989851180e-01,2.430197746711977302e-01,3.413696642293350125e-01,1.027329165181453396e-01,1.972790518741945887e-01,2.821425136767440889e-01,-4.295762778988226893e-02,6.290391428453687150e-02,-1.117962434705065122e-01,2.325389653834409875e-01,2.337125641302609941e-02,2.121642091020016496e-02,-2.948530066597102595e-01,-2.771647401771933916e-01,-4.038809152363749821e-01,-4.202802670744673619e-01,1.233653626189577523e-01,1.446965885999137724e-01,3.773234115142024697e-02,1.591530535470521979e-01,-1.903735117793534382e-01,-2.070892833652394904e-02,-7.965700260328360816e-02,-4.002615987060782476e-01,4.366478060262275057e-02,-1.561772431349329748e-01,-2.005822021146098366e-01,-1.517750071071050089e-01,1.857538371714521214e-02,6.125946670611304157e-02,1.363440262273021286e-01,1.793423717585521382e-01,-1.025035978962355876e-01,-2.304606190882260430e-01,-1.343110527463748649e-01,6.564852856471543874e-02,2.391089036885779007e-01,-4.973349390623876820e-02
2.973460238924896526e-01,4.833932881688330907e-01,5.595888698845074422e-02,2.198657879700063322e-01,1.964811980957121840e-01,1.541040470022054243e-01,1.221075133166161508e-01,5.670111845314325105e-01,-5.047816409024609430e-02,-2.579120242449037606e-02,5.318876404863076557e-01,0.000000000000000000e+00,5.515869699239558388e-01,6.994197300155234887e-01,3.374681879747645774e-01,1.581636371920692730e-01,4.832595193667899580e-01,5.508439196985115416e-01,4.290141187363385455e-01,4.589645956264116755e-01,3.105181791131265134e-01,3.466399433081974180e-01,2.756883387013904230e-01,2.091703012548940810e-01,7.009134067567328319e-02,2.701318829137429323e-02,1.469187521872749869e-01,1.012117269029326611e-01,4.364706283602012848e-01,6.897645706939978805e-01,4.660107144744802810e-01,4.341909262009523984e-01,4.879205536664477094e-01,4.682404787812627922e-01,2.358990184017157599e-01,1.890002835255019387e-01,-1.636556919635717353e-02,2.130765920252976342e-01,5.792148573796444821e-02,3.770915432394264608e-03,1.272592948028499482e-01,2.719070120970720206e-01,-1.109461666268093533e-01,-1.243573891120949848e-01,-2.162680849292707985e-01,-1.568408257999710786e-01,-2.385616964177955102e-01,-3.490538136201201680e-01,-9.287461525735239698e-02,-1.608313101653647270e-01,-2.401524811246107671e-01,-2.058685463003869509e-01,-7.522365774662270743e-02,-3.464935939777267215e-01,-1.736735608242147566e-01,-2.508040094944731790e-01,1.481801801055670775e-01,1.481095737154538294e-01,-4.187095750447240861e-03,-1.158015828537976577e-01,2.353122841516473718e-01,1.521487685817949354e-01,3.533227870037533025e-01,4.967948807241666098e-01,-1.588177252702803743e-01,1.395402969497323564e-01,-2.760811751414143367e-01,-2.474551562388019321e-01,4.005501166338974045e-02,1.007924986553384306e-01,2.869527443873244321e-01,1.875093829272869439e-01,2.021446060308542958e-01,2.826474969091354872e-01,4.018353007011166711e-01,2.395395127636497368e-01,3.014471358422424196e-01,4.446017610818260302e-01,4.741722804859610507e-01,2.920903184140681841e-01,4.428693794155939556e-01,2.730843219903476005e-01,4.376162815823222418e-01,1.967951435039574926e-01,3.743099731487405796e-02,-2.083074360523194668e-02,6.055172471431443521e-02,1.713603627139132779e-01,1.927722081310867808e-01,-1.780717590423162577e-01,-1.593745641181749662e-01,-4.380308947248686691e-01,-6.927779594774616245e-02,-4.428958840759064097e-01,-1.515691213646543911e-01,-2.728774586162531213e-01,-2.356840444902182641e-01,-7.611116222484010096e-02,-1.841520673238115635e-01,-7.619089169012695228e-02,-5.660766314690827972e-02,-4.256740669374697861e-01,-3.467485733990394864e-02,-2.737565752260489038e-01,-5.337973244550836549e-02,-2.732294923360182870e-01,-5.571467142096261926e-02,-1.672593316938099650e-01,-1.486526175719221632e-02,-1.832925710137229269e-01,-2.226885056339804048e-01,-2.488882703607082914e-01,-2.322018092177099979e-01,1.040635253939871385e-01,3.144240155189386154e-01,-4.044411974240103014e-02
3.931967959676482827e-01,4.039147566943673828e-01,1.490374234285664345e-01,-6.811540079802469450e-02,-1.309411558871592662e-02,8.056838518766967772e-02,3.808011305441764138e-01,1.529174254806308642e-01,-6.738554260790487194e-02,-1.180061506233075347e-01,7.542630363135484073e-01,5.515869699239558388e-01,0.000000000000000000e+00,4.966837686085837644e-01,2.817583001696276068e-01,1.094097153247181736e-01,5.015516630700798117e-01,2.501657344483032008e-01,3.445946334080711160e-01,3.106280773575680887e-01,2.689352370004124970e-01,3.567861272303426978e-01,4.279946310685418531e-01,1.420575019966444918e-01,9.974628270829140331e-02,1.652404780866389283e-02,-9.538544786284595955e-02,-2.350153051307884641e-02,6.117462620130277307e-01,5.092434455778750424e-01,5.088501373657913218e-01,3.432302098651572320e-01,4.071224517698202594e-01,2.909103467680556054e-01,1.623354513878896843e-01,-2.354814211509156929e-02,3.226403033117609676e-01,3.287786713833742436e-01,2.232913602574602141e-01,1.674260915339308500e-02,2.709603541996806197e-01,3.357792317001117577e-01,-1.589666276670400613e-01,-2.055922523115588096e-01,-2.133849545676689552e-01,-2.592336005697203904e-01,-2.230972647969982625e-01,-3.723074884531862305e-01,-2.495290734110699737e-01,-2.588978902181107156e-01,-8.969056704872017949e-02,-2.075351221193178775e-01,8.229820777774760066e-03,-2.780378316962232033e-01,-9.928879757280789642e-02,-2.333445124596020825e-01,1.926844411875465735e-01,-3.792048438794796191e-03,-2.342237782409049285e-01,-2.283088197400135744e-01,3.609215093341929803e-01,-2.381526828529815232e-01,3.591282744266376392e-01,1.587145421029700632e-01,2.391169419256766182e-01,-1.179266327449861873e-01,-2.383973391757121807e-01,-3.218147252075836406e-01,-1.782430138891609103e-02,8.660966667113344231e-02,4.464280496217787331e-01,3.017912757197979690e-01,4.388262244004752510e-01,4.158279211444002033e-01,2.402270784538110271e-01,3.154435086341266237e-01,4.908450553116323611e-01,3.996204432327887246e-01,6.142471151884886238e-01,3.086026651057455217e-01,5.311600150748626570e-01,2.608888562224697116e-01,3.926158194479363872e-01,9.524773503021226329e-02,2.296975660072985426e-01,-4.240303365021749760e-02,5.480685441513988287e-02,2.026448205307907757e-01,1.232770445421811217e-01,-2.058884282154099798e-01,-3.322672756431787611e-01,-3.834131591761980595e-01,-1.943590482619853566e-01,-3.829203491300486872e-01,-1.351332964486773314e-01,-1.873100205929160433e-01,-3.105121980870229059e-01,-2.269793295540364908e-01,-3.360642329789771399e-01,-2.532632431420880348e-01,-2.373220587162498396e-01,-4.514512572318631900e-01,-2.071863260061861944e-01,-4.394158216873138567e-01,-2.129364749923530475e-01,-3.391867469240878452e-01,-2.209527302217589029e-01,-2.701448519050256292e-01,3.427430329049363511e-02,-9.560347192967816321e-02,-3.625616876169258651e-01,-3.114644838615310829e-01,-4.040459175066291597e-01,-1.745415624090302931e-01,1.442479373444818247e-01,6.834611625787535838e-02
