0.000000000000000000e+00,4.093275196959330064e-01,2.959453255986146392e-01,7.495142397469589657e-02,8.190169129517622937e-02,1.464980547164911606e-01,4.870675120653757406e-01,1.210937082487151956e-01,4.061647985770358571e-01,1.828766701731016631e-01,6.505829308146653389e-01,3.389556568459624608e-01,4.128381505560362319e-01,2.542212768304786819e-01,-1.557794140048928411e-01,-1.428564617828742001e-01,-1.150920744012546709e-01,-2.187506029088679138e-01,5.613361950826181168e-01,5.382502830623462353e-01,-4.284570019200278912e-02,-3.147939010051995501e-01,-5.214618352245777716e-02,-2.513103704278805695e-01,-7.068407701469694993e-02,-1.804006926550712556e-02,1.557816132310098911e-01,-3.176812830978436031e-01,-2.294849771061192867e-01,-1.642870521646338788e-01,2.021620113265742147e-01,-9.719240156759198501e-02,2.235418386739874141e-01,1.762984378569083799e-01,-4.339804631805300184e-01,-4.773856328661594262e-01,-4.905180735556589899e-02,-2.006845732273604965e-01,-9.605536668674521938e-02,-1.452383846612496920e-01,-2.501893071954034986e-01,2.033684125233906070e-01,2.512953493805661354e-02,1.408347607187246664e-01,-2.393556865137824730e-01,1.937885088228452624e-02,-7.415415839549459320e-02,4.310917556718498606e-02,-1.398511841957348623e-01,4.480415856975431682e-02,-5.897550000907701012e-02,3.015405334826582948e-02,1.856245935240240230e-02,6.721162369501558487e-02,-1.332607259452177895e-01,1.948500018411036538e-01,6.392843605699140008e-01,3.789706624195494089e-01,3.088311518436866465e-01,3.877237378810469148e-02,3.647150166927538573e-01,-1.592856090602369837e-02,2.211586338864804657e-01,-3.246940683824232291e-03,-2.386603357819037652e-01,-4.539272531268294664e-01,-1.975045488739241017e-01,-1.991226972543701512e-01,4.587672802868217325e-01,4.615942704931575435e-01,2.931036967902665991e-01,2.508358268065812302e-01,5.559844468189870659e-01,4.664293540547864714e-01,8.884599338893400811e-02,8.112673692123209546e-02,1.255884637105253721e-01,2.377469783752617083e-01,-2.164810575865940834e-01,2.186915939780121332e-01,-9.068898958884313855e-02,2.930812942332383098e-01,-1.693806513831880023e-01,2.196671278355343815e-01,7.323341972996358536e-03,2.731487714279767776e-01,-4.246379606223151248e-01,-7.043531198911899549e-02,1.136004513082880703e-02,1.748104672661233150e-01,-2.777400977174253049e-01,-8.326243257833539080e-02,-1.040891646192104170e-01,-2.310138626364761361e-01,-1.546833471547771899e-01,-3.667215442207264475e-01,-1.380873358857052091e-01,6.837833125236951470e-02,-1.723322140518984136e-01,3.223406851772536164e-01,4.149667976135608116e-01,4.306752285535317415e-01,1.976183923842768919e-01,2.993455439356471071e-01,-1.351321963075721999e-01,9.981838946973405069e-02,3.883570651702444310e-01,-3.248597203595493532e-01,6.784855515187616926e-02,-9.404347281714284246e-02,1.019127314694071029e-01,-5.103533834132358699e-02,3.578906159544403831e-02,-1.900968432957677312e-01,-1.687852456453518279e-01,-1.285233101672852152e-01
4.093275196959330064e-01,0.000000000000000000e+00,1.064243225008318083e-01,2.690833259668850563e-01,-6.425060738113562431e-02,2.206057258606963500e-01,1.695491632906643079e-02,5.472385473804617373e-01,7.897266150777715321e-02,2.697444051072261373e-01,9.016820515945798975e-02,4.691532449974373242e-01,-2.817780298053699783e-01,3.978336358402407291e-01,-4.596557624165122924e-01,-2.335117319648133405e-01,8.687897056494232884e-02,2.267329392272885435e-01,4.129959336195994091e-01,7.313618813304447741e-01,-3.450876300916049660e-02,-1.694459468226969523e-01,-3.665856074937061670e-01,-3.913043939096605417e-01,-3.051067671493291056e-01,-1.410873902046530515e-01,9.215710161211221330e-02,-1.284159873241163818e-01,-1.200190610537101160e-01,4.673745578990833038e-02,3.232479265724062106e-02,-7.048583312218696661e-02,-8.906181531718283112e-03,1.425927209765966708e-01,-5.359418839815464075e-01,-5.287382340578141715e-01,6.077855252167653488e-02,-4.810599063339848769e-01,4.202608354843215960e-02,-3.365543765474474647e-01,-2.273319241111990130e-01,-1.847848770094064411e-02,4.308127583470389849e-02,2.359269522879797465e-01,-2.316323848449816369e-01,1.418370455680225406e-01,2.682891032655497221e-01,1.172965596680803496e-01,8.320155040524322698e-02,1.724427874637263214e-01,2.237953387895768032e-01,2.684727991747940523e-01,6.417738431632913354e-02,-2.620550295096974458e-01,-1.293062176496672377e-01,1.016821939821617587e-01,5.206267629648795303e-01,8.598451961102629992e-01,2.976089320412617090e-01,4.728823212223010608e-01,2.207056027038879070e-02,1.136462059072247122e-01,-1.977522336433381600e-01,4.185517921009387354e-01,-5.071194787311368302e-01,-3.800376023460785291e-01,-2.322437530752149148e-01,1.075500529027907104e-01,5.537179212576806009e-01,4.859543060833900752e-01,1.554556368248012077e-01,1.942924871550707686e-02,2.891411947254204362e-01,6.541559327353134723e-01,-1.655481379609066023e-02,7.629976041192629288e-02,-2.225550461280997594e-01,-1.275350115079035562e-01,4.824058177844331441e-02,-4.266249681676777955e-02,2.423239239359366581e-01,1.556712133726096958e-01,-5.497674683523428446e-02,-1.880961382105225330e-02,1.800984399914156153e-01,2.327750561829170228e-01,-4.541459758028364158e-02,-2.995995865797562163e-01,-2.652583022004025848e-01,-9.206417583839075769e-02,-1.064253396804460128e-01,-6.475334644548290663e-01,8.373989347477527045e-02,-7.869462992577592741e-01,-2.350015566784682264e-01,-1.748426770670315211e-02,9.435406240139587383e-03,2.580052380486745900e-01,5.555950463420765428e-02,2.405481116612748216e-01,3.133377098058098831e-01,-2.497440372214795173e-02,3.035849192734032531e-01,1.869262749431340742e-01,-2.916227676161655125e-01,-2.029258172536594906e-01,2.691532539393011736e-01,-3.248118850621261600e-01,2.776438122192551594e-01,1.085998974736381156e-01,2.412376584476584318e-01,1.403153863142582447e-01,1.763331300458400586e-01,-8.904657276917934614e-03,2.053973787813526408e-01,7.945654929114484913e-03
2.959453255986146392e-01,1.064243225008318083e-01,0.000000000000000000e+00,5.735978413142976962e-01,-3.049938182989228030e-01,2.494235479250442589e-01,6.986372720133796621e-01,8.898684110032621664e-02,1.103739583496198967e-01,-1.242572598425473046e-01,3.794289978651778639e-01,3.371781978471921886e-03,2.631208489933998251e-01,-1.036207473106195986e-01,2.052128310699025959e-01,1.575201849777081997e-01,2.830679431084391282e-02,-8.187770027991812805e-02,5.655764019638650497e-01,4.675298386439832865e-01,2.470348249245341299e-01,-2.260462666647162777e-01,5.927946526484314527e-01,3.143791184708826236e-01,1.289642275163679075e-01,3.078371033807577595e-01,3.176490090669144561e-01,1.632481186168450657e-02,-1.586920600805021841e-01,-9.520765552168000689e-02,3.219736075482255155e-01,2.817568385660588204e-01,5.280941661545599519e-01,4.747119143219237225e-01,1.819214392203841457e-01,-9.866106206252271693e-03,-7.951682472981296337e-03,7.462419723570211383e-02,6.855363330190376858e-02,1.972399692046789832e-01,-3.749804909250671892e-01,1.682514854654720005e-01,-1.365022685832313794e-02,-1.018549257511829620e-01,-3.104826217378035130e-02,1.915576090010015220e-01,-2.494919729406722408e-01,-2.746072773100899922e-01,-4.029208711594714498e-01,-4.155689521117716945e-02,-3.900311161965371864e-01,-3.210254817609288214e-01,-1.349799925375734233e-01,-1.392076873763851419e-01,-3.199297899143493940e-01,4.175244386780000566e-02,1.219597346349994560e-01,-6.575804847871194458e-02,-3.934717922437824117e-02,-1.180207181623969259e-01,1.269949822650602578e-01,2.813353908524921509e-01,2.943560806131617080e-01,-2.964605057737703664e-01,4.202086937926943211e-01,1.991277045419675429e-01,5.326187201999582621e-01,3.907994862187641472e-01,3.630803659013757123e-01,4.572253918095049441e-01,2.401797697677922061e-01,4.384241153596590834e-01,2.399128838985163659e-01,2.939401372642740373e-01,9.271201380507497480e-02,-2.555646602062320860e-01,3.659476002096529595e-02,9.176123132687352690e-02,2.924983382452994024e-02,3.103355928125699492e-01,1.868532635719894613e-02,3.263480697016563625e-01,2.556132150486878918e-01,2.814483675113851890e-01,2.418374838452187481e-01,4.308294056801031946e-02,1.846446238924366323e-01,1.554299514329248455e-01,3.246968346926463744e-01,-2.323375865552021469e-02,-4.601975331951073667e-01,-1.870334587574099261e-01,-3.169793059322753015e-01,-2.699063266596878896e-01,-2.185751535574613491e-01,7.976951109851301153e-04,-3.827304641260930729e-01,5.244333193748146327e-02,-4.430225467876812706e-01,-1.122708210596693179e-01,-7.908973000100932849e-02,4.721821985388696685e-02,-1.340258265796126780e-01,-1.472303527230064690e-01,-3.336946765544134275e-01,-3.884375810695101516e-01,9.200578946189715002e-02,-4.333417748623781818e-01,2.158901039933754373e-01,-4.281130688741324741e-02,-1.153564444589580268e-01,-1.706956356940488584e-01,-4.046027767091769922e-02,3.201851274753554910e-01,-1.615480091120488904e-01,3.204599226328081613e-02
7.495142397469589657e-02,2.690833259668850563e-01,5.735978413142976962e-01,0.000000000000000000e+00,-6.673430645057712440e-02,3.140717211859583857e-01,5.233938226486564149e-01,6.244492053468666537e-01,5.846601467261734741e-02,4.784860000455184309e-02,2.756049623813837043e-02,2.128354001624139791e-01,-1.917152144620894727e-01,3.347978876839471929e-02,-1.371681327222470659e-01,1.470159474856373716e-01,-1.298120913611163774e-01,-3.512912042266027463e-02,4.718935562441447518e-01,5.039195611795395102e-01,6.204693919313938877e-02,-3.285154309896522462e-01,3.321613683475570511e-01,3.520067357091309357e-01,-1.798898897041796840e-01,1.081053254979941342e-01,2.695059925739320406e-01,-1.237381950985888823e-01,-3.231407088391449745e-01,-6.715455063706890493e-02,7.235249394022620628e-02,3.592443003450576100e-01,3.880787777805517202e-01,6.187241486959398351e-01,-6.918907673336528730e-02,-6.023080179107237475e-02,-1.157911931753760060e-01,-1.623956940092753654e-01,1.275689090499854406e-01,4.226205208270147201e-02,-3.570234008183300056e-01,5.098257968714740157e-02,1.009773270646880522e-01,2.098058389584830374e-01,-4.973177772281388992e-02,1.596160950145668889e-01,-1.804715063058040803e-01,-1.167412632513313286e-01,-4.027047068954219267e-01,-2.410453068917482733e-01,-3.767445399206863499e-01,-3.516962748438075548e-01,-1.572779556668972012e-01,-1.223876824461978263e-01,-2.418611124431803427e-01,-1.629393390500843419e-01,5.937181543035053438e-02,2.253236699945234123e-01,-9.635450630078752632e-02,2.602925329061208520e-02,1.163583231945831131e-01,5.923190531969817485e-01,7.726199482787879380e-02,4.814368149750353210e-02,-1.177448941306444459e-02,2.740072878199688589e-01,3.309331589973133481e-01,5.712027435997565350e-01,4.769125279565182840e-01,5.133910523169249451e-01,1.366364549137531470e-01,1.439250288746201090e-01,1.345207771654760298e-01,4.251313123545618633e-01,-1.151374369968156952e-02,-3.321636047842256405e-03,-1.336594184256088003e-01,1.277198194921259737e-02,8.965247841184841374e-03,3.819494711382354635e-01,1.002543688625752299e-01,4.632821262335305446e-01,2.487466665924106257e-01,2.935420190307993504e-01,2.790025225270440501e-01,1.535741619055215890e-01,7.949952780887464820e-02,1.160491037732299807e-01,-4.474196070864936564e-02,-2.714449159807677536e-01,-1.758363411818076594e-01,-4.033617069205354677e-01,1.002846095807263110e-01,-4.425492339951901943e-01,-4.364519356505219272e-01,6.404540172783759755e-02,-4.671791631924666066e-01,2.460823043557564260e-01,-1.024810575778763028e-01,-1.307623110201650285e-01,9.680145858456711341e-03,-1.224857344544912768e-01,2.041387713018653211e-03,5.858810637720231890e-02,-3.676014157187049158e-01,-3.839954852947445874e-01,8.623076025253638421e-02,-4.809184915595459131e-01,1.871045233357495619e-01,-9.439608705978816405e-02,-6.512071135812876055e-02,1.054769183875900185e-01,7.103885680556820681e-02,3.869350003691767736e-01,1.469562580276867203e-01,2.090158573076159598e-01
8.190169129517622937e-02,-6.425060738113562431e-02,-3.049938182989228030e-01,-6.673430645057712440e-02,0.000000000000000000e+00,3.825379420931588337e-01,-2.064553155659511752e-01,8.164606326102175071e-02,4.229476680464167582e-01,4.750623369886470271e-01,-1.829754998179904460e-02,3.979609847271807499e-02,-4.930283492832825132e-02,-7.224452847480730688e-02,-2.318211342892180227e-01,-6.110048379236766164e-02,-1.429791293143911346e-01,-4.524952344887330641e-02,1.723746743782691646e-02,-1.661589703380824123e-01,-3.130942619663544813e-01,-2.726357845694820509e-02,-1.349013467189205395e-01,-1.437893287635239326e-01,1.903207385978883392e-01,1.319638600273543017e-01,2.619899601792908053e-02,-5.232465205675914527e-02,-1.134733734633170121e-01,6.612792818518117149e-03,1.450366613508679778e-02,1.437580201792927614e-01,-4.318647588449334856e-02,-6.679634008422649649e-02,-1.436583622486291845e-01,2.632016877256839263e-02,2.276470102656875660e-01,-2.095582513715824602e-01,9.907215561917036284e-02,-3.746582986310817986e-01,4.600658862616590489e-02,-2.880356240847594118e-01,1.689259093813218204e-01,2.745080372164946381e-01,-1.278847149620618850e-01,-2.045122867943403311e-01,8.694866601189431277e-02,1.746649218613401666e-01,-1.092806178142050749e-01,-1.565615421020106202e-01,-1.310042468025870710e-01,-7.927415953620492450e-02,-1.013571741063746257e-01,2.623651353175623369e-01,-1.504709820086398871e-02,-1.212551359531174600e-01,-6.582327346463111295e-02,2.354081961669682657e-02,-4.813912201352526371e-02,-4.275021109114140842e-03,1.664870605034060869e-01,1.982627969467303797e-01,-1.941544334076663325e-01,1.132777893345223406e-02,-3.663210731031609768e-01,-1.955448082862027981e-01,-4.331573917077664038e-01,-2.263590393501663245e-01,-1.079677442839839380e-01,-1.279113252754078833e-01,2.646587850853773793e-01,-1.016461415446410083e-01,-1.491870479076685407e-01,-7.312294413564693341e-02,-7.048494851508722847e-02,2.120886403440800927e-01,-3.303193802314755706e-02,2.146204482965732574e-01,-9.126935332288034497e-02,6.260359519859615141e-02,-9.329222516059758330e-02,1.193306153603773678e-01,-3.112344484143768075e-01,-5.602061822426832038e-02,-9.942281318554030412e-02,1.081729867652212471e-03,-4.094232414329068148e-01,-2.570073295711986505e-01,-4.760934427621112963e-01,-1.272340216180873895e-01,4.538038080134459973e-01,2.543408414125192252e-01,2.218465980481742483e-01,1.264667191256706735e-01,-3.503775826721080011e-01,-7.116128062026234880e-02,-2.902294848998683216e-02,1.393081432480111070e-01,4.237836403294408805e-01,3.472475656072802619e-01,-9.605585292064261482e-02,3.849554996468134566e-02,1.193581579811835852e-01,1.827138807416502919e-01,1.487327492259939710e-01,1.692150603543445264e-01,-1.504932957382515597e-02,4.233429379826376265e-02,-2.464551537350354316e-01,-2.391071866813589686e-01,2.404199354845326375e-01,2.720124471611995998e-01,1.357796626023572428e-01,-2.118928435710880076e-01,2.477659923544253684e-01,2.783122619879997983e-01
1.464980547164911606e-01,2.206057258606963500e-01,2.494235479250442589e-01,3.140717211859583857e-01,3.825379420931588337e-01,0.000000000000000000e+00,1.138057483817260518e-01,3.039494604523294563e-01,4.454505862005175287e-01,6.916180295782967669e-01,1.036698951012482994e-01,1.259288255525256306e-01,7.790910274777333722e-02,1.365474461099807357e-01,-9.211375830027875022e-02,1.855410615237403915e-01,-1.473272613364979763e-02,-2.284952637682949664e-02,2.227100630107439194e-01,2.183100956218123612e-01,1.039537032032686048e-01,-1.436656546883469665e-01,2.772448129633247813e-02,7.846924301084882980e-02,2.465479224153566407e-01,4.490855570382112916e-01,4.236324286635475556e-01,1.845837192849854314e-01,-1.402509543297329186e-01,-1.143000421783031129e-01,2.703917251333402549e-01,5.005182159672425524e-01,1.855329385142424348e-01,2.818215762246676914e-01,-7.160178169507472323e-02,3.627818825454855178e-02,1.296751321541659285e-01,-3.297301013454809193e-01,-8.928098984593442478e-02,-3.552878240355520356e-01,-3.520516142927438419e-01,-3.082066506584817400e-01,2.277626004343699384e-01,1.610495218312431587e-01,-3.327984520136317292e-01,-8.378961326606301774e-02,2.449204750642111350e-01,1.130243003526933826e-01,-1.720839244175507432e-01,1.007350601585248369e-02,-2.220416361501921787e-01,-5.322679206972861371e-02,-5.703289682194473409e-02,6.737346639709418383e-02,-1.859239518716973294e-01,-2.503509485295301040e-01,-5.238322934026570787e-02,1.717394792188293995e-01,2.675678918124578878e-02,1.732050967700541066e-01,7.127209354527228036e-02,4.129968490975078899e-01,-2.184873521683242392e-01,3.130420705653145369e-02,-2.137003606091853192e-01,-8.485590429403666590e-03,-6.293838318588812486e-02,1.392533406072762880e-01,2.215513726144086037e-01,2.227319315438547886e-01,4.212557223448932242e-01,3.829773373328266839e-01,-8.618656560013734924e-02,2.108977568913275868e-01,-1.528816430260184211e-01,-2.981976833765425869e-02,-7.918689953253063574e-02,2.478428247842390797e-01,4.784821197155455369e-02,1.413482457783184765e-01,-4.872916420208722732e-02,1.505655649730245349e-01,-2.303288865992127732e-01,-2.764165574047618978e-01,7.978980271611157971e-02,-7.071276378386295858e-02,-2.007198904959480446e-01,-2.204190124818868612e-01,-3.071177921860046012e-01,-1.964992500181758361e-01,1.885501526794238492e-01,-1.474423044112081471e-01,1.760360551034083065e-01,-3.019501830542016263e-01,-1.942851733514530943e-01,5.691509251281389598e-02,-6.933744366535208800e-03,8.380543678626632687e-02,5.549235924246132684e-02,1.078627300066167249e-01,1.661315547045620067e-01,-3.368342711902367476e-02,2.908429720540885444e-01,2.900481217161233194e-01,-9.783762030848822122e-02,-2.262129045929470450e-01,2.919714815945856357e-01,-2.782678645945659696e-02,1.918205597666967355e-01,1.304624550163452634e-01,4.197385663332013350e-01,2.391569709339786895e-02,2.572499513370126167e-01,6.271212021409285076e-02,2.690153748961962576e-01,1.769631750475368082e-01
4.870675120653757406e-01,1.695491632906643079e-02,6.986372720133796621e-01,5.233938226486564149e-01,-2.064553155659511752e-01,1.138057483817260518e-01,0.000000000000000000e+00,2.143969650167841523e-01,3.595468819883340106e-01,-6.003792997654947006e-02,6.213214818158541153e-01,1.063664992324081376e-01,4.577844888278644331e-01,6.861957980739127883e-02,6.923733852142237299e-02,8.226109198463314731e-02,-2.158379775676209644e-01,-2.833891853811832395e-01,5.565652691998276280e-01,3.724209779895287786e-01,1.638540287426507591e-01,-3.422398026195057619e-01,3.876134015573732272e-01,1.928732371122171552e-01,-1.011486404333541422e-01,3.631854100992294027e-02,2.804588349751412912e-01,-3.067940001330098920e-01,-3.258355666927595373e-01,-2.296430892632818632e-01,2.191746446365238077e-01,5.506999028598703189e-02,5.043728184284587135e-01,4.768631448264749606e-01,-1.119101348309032296e-01,-2.341345181714718227e-01,7.829486283266897219e-04,2.812137715807587826e-02,2.255412141837605938e-02,8.791049186056930365e-02,-3.661212138067988509e-01,1.684665760644768751e-01,4.466198171261077238e-02,8.514965052965850489e-02,-5.052084269849967113e-02,1.480168026635925727e-01,-2.363682601475730616e-01,-1.132419230773517305e-01,-3.121518447929636508e-01,-1.909829477022132946e-02,-2.949071895707033319e-01,-2.403822854696069655e-01,-1.260242378182232781e-01,1.633189955861634804e-02,-1.329023028436540077e-01,5.933120409195816874e-02,2.301718597667113675e-01,-6.056705975994959579e-02,3.223029603863781373e-02,-2.191005433235581334e-01,4.242522250982295184e-01,2.571299419608570336e-01,3.999618177630595572e-01,-2.871795937802058551e-01,1.771295919875072455e-01,-1.194149444922036271e-02,2.521981504746995117e-01,1.050877355455116235e-01,2.688575429052310617e-01,3.052694000939172869e-01,1.685555149669007158e-01,3.537516138195118121e-01,3.327203675744475064e-01,2.973045046257887791e-01,6.041752915190588824e-02,8.023080205491304670e-03,1.217012816748750531e-01,1.605243127851100904e-01,-1.552586832550475193e-01,3.752785094160755452e-01,-1.254797612059867229e-01,3.998334862136780909e-01,8.151256515298695160e-02,3.707111863566732723e-01,9.567147514777014916e-02,1.007038162212007676e-01,-1.320551727989484891e-01,1.818288002636927192e-01,3.423902690179710939e-01,9.864522898124225558e-02,-2.911684738127677807e-01,1.279012619251538099e-02,-6.816871092549531275e-02,-2.965931142959476671e-02,-8.707257877249378886e-02,-1.279025406451306246e-01,-3.618297561558732056e-01,1.824131995011990248e-01,-2.955396566523355584e-01,6.057849715423647974e-02,1.869195391271016859e-01,3.024257020630963799e-01,-5.871572413824755615e-02,6.020025654385272734e-02,-2.780233157243717779e-01,-2.027984000461677816e-01,1.409182599580381945e-01,-4.604326747500986916e-01,1.671083838687107692e-01,-5.477153774789408902e-02,-1.192888170941130699e-01,-1.142093143596304011e-01,5.842454727320609692e-02,2.249460977751572555e-01,-2.612034470768487826e-01,3.511473504132598539e-02
1.210937082487151956e-01,5.472385473804617373e-01,8.898684110032621664e-02,6.244492053468666537e-01,8.164606326102175071e-02,3.039494604523294563e-01,2.143969650167841523e-01,0.000000000000000000e+00,7.680742608937939087e-02,3.565420330646966729e-01,-6.352681965654209673e-02,6.135514255810977646e-01,-3.314469429858270533e-01,4.240329441985854486e-01,-5.160191330512131636e-01,-6.747504453249114111e-03,-2.842231220624872878e-01,-8.694192568126474230e-02,2.730256639138150532e-01,5.813232419786061866e-01,-1.203996653234035499e-02,-3.418619343225398621e-01,-1.661405204719157980e-01,4.735100842815260364e-02,-5.420085577224534878e-01,-2.728606142947696545e-01,9.197150223841370209e-02,-3.082307443932920665e-01,-4.581870534992391053e-01,-8.722284541488142806e-02,-2.442835170395863953e-01,2.994534353578248015e-02,3.683235055549659992e-02,3.403714718198668221e-01,-4.567906175605198071e-01,-4.185161433718025958e-01,-1.809011903234004209e-02,-4.368120183410559298e-01,4.274596605136544297e-02,-2.218108027534891613e-01,-3.572365998875752791e-01,8.711304447328198364e-03,1.888974756145547773e-01,2.535341416909261958e-01,-2.871866254979189015e-01,7.952924419470626394e-02,1.407009951515737489e-01,1.216938664395620789e-01,-2.115068552478538699e-01,-1.267226838180824655e-01,1.106431322676381529e-01,9.710078808578351262e-02,8.504840284483594637e-02,-3.888849116356007246e-02,-3.780605660317802597e-02,-1.261436283275803594e-01,-7.196034882957490220e-02,5.760369419638732280e-01,2.016134186861413546e-01,5.278068192188422048e-01,2.316358060884223802e-01,5.755035355284192633e-01,-1.946677446398565603e-01,4.942043340081195835e-01,-4.094426301925500056e-01,-5.545243480996764167e-03,-5.222237519173449083e-02,3.182900743261867227e-01,3.701356446752717688e-01,4.154037505960054277e-01,-3.509387510813640615e-02,-4.588359648231200155e-02,4.911887569132989545e-02,4.308353091757332054e-01,-1.037100076010022548e-01,1.007083393033035013e-01,-2.680234077523256930e-01,-2.306932879634144007e-01,-1.293910322972798010e-01,-2.925948063527923637e-02,7.425383100027382888e-02,2.049951849325425401e-01,2.104242112077919502e-01,1.363931189568454994e-01,4.759706000832609751e-01,2.993426153021485625e-01,6.370104421856251364e-02,-1.120569484247384007e-01,-2.220435357407492261e-01,-1.815246818238980542e-01,7.274582839289786551e-02,-5.698463168220633257e-01,3.105024957401669172e-01,-5.500319745064421451e-01,-3.274028573565920808e-01,6.475347083998518605e-02,-2.150970507511469898e-01,3.069750798834212646e-01,2.144689776457767705e-01,4.651838547562735932e-02,3.987472027314046263e-01,-9.475800987961828514e-02,2.414018813509949957e-01,2.862214905318710700e-01,-2.837415680898199288e-01,-2.001495687621722697e-01,2.883843341531771021e-01,-4.335565387313513597e-01,3.080327786060113593e-01,1.248421510568392817e-01,1.526976499668718790e-01,3.263088692255990964e-01,3.327144174798147280e-01,3.191384085151234840e-01,3.730370491805531930e-01,1.911253303508718693e-01
4.061647985770358571e-01,7.897266150777715321e-02,1.103739583496198967e-01,5.846601467261734741e-02,4.229476680464167582e-01,4.454505862005175287e-01,3.595468819883340106e-01,7.680742608937939087e-02,0.000000000000000000e+00,3.961608334773947249e-01,4.948385826829790890e-01,1.201020839141795638e-01,3.529555047448711402e-01,2.827705717049143752e-01,3.516576562526455701e-02,1.224401530330805794e-02,1.038366973689079133e-02,-5.716909893993910724e-02,2.511851710575726537e-01,1.057954654882725665e-01,2.487639025053975939e-01,-3.615887312671476894e-01,5.645907634956480459e-02,-1.185180132694082650e-01,1.565701876231904988e-01,2.171940090343761898e-01,5.024685159246303767e-01,-1.057756020992550589e-01,-2.251567569480835418e-01,-1.462347777389468584e-01,2.097294026469277983e-01,1.202002107280897014e-01,1.801044234627392771e-01,1.088049806255187296e-01,-3.963756024183573423e-01,-3.698243536454499658e-01,2.007073024354988078e-01,-1.476635238750599877e-01,-4.749100115843905845e-02,-2.172022447546462509e-01,-4.748559761464756224e-01,-1.103495917817036154e-01,2.942373297823925871e-01,1.555763217513219943e-01,-1.384007586582906568e-01,-8.963133260901194610e-02,2.103250828703829844e-01,2.606378299099663121e-01,5.222345592545674792e-02,9.079282893322213055e-02,-3.808710395055142639e-02,1.997238228623779074e-02,-4.883348802802222471e-02,4.494128451161030213e-01,1.756190386728607999e-02,1.229398137647123163e-01,3.315579542837849281e-01,9.768793721796967255e-02,-1.993598982439903633e-01,-2.731484865560138142e-01,2.228524907986830228e-01,-4.677176768754261887e-02,2.234120971883504225e-01,-5.433696685466552628e-02,-2.505937764103729481e-01,-3.752873265471602937e-01,-3.706844125670626933e-01,-3.733915417702354800e-01,1.947976515966933220e-01,4.090128906760949479e-02,3.301380570048752516e-01,1.645063552228759884e-01,1.027371457385009845e-01,2.053679243414558986e-01,4.408146957944260313e-02,1.276068600101213646e-01,5.949161409349888741e-02,2.197330635719539071e-01,-4.110717748872798338e-02,2.280009563892963220e-01,-1.593812109097328400e-01,1.961894228764720916e-01,-4.107162807226962808e-01,-5.956076947632811536e-02,-9.961533057924264190e-02,9.813371065108011937e-02,-6.301877946016246623e-01,-2.369221163899078442e-01,-1.183113614185567347e-01,2.002773865845700052e-01,9.177359070776719419e-02,1.286688984335064567e-01,2.086556785894172761e-01,5.371022614021567915e-02,-1.448163164646733003e-01,-5.097756497536341108e-02,-9.442322273946970879e-02,2.092940909012279971e-01,1.216413181671525956e-01,2.640228286917397083e-01,1.206497763916535015e-01,1.613340187412167226e-01,9.382298084108114944e-02,1.997099653647627371e-01,-1.909348685037875748e-01,-1.125137528832740041e-01,3.912443393574818185e-01,-2.448614463932165530e-01,6.403947458665631975e-02,1.511006773391057253e-02,2.279993285785758272e-01,1.148299556610448552e-01,1.599614720063951279e-01,2.410746383674988724e-02,2.575003044313546319e-01,2.805793828035534898e-01
1.828766701731016631e-01,2.697444051072261373e-01,-1.242572598425473046e-01,4.784860000455184309e-02,4.750623369886470271e-01,6.916180295782967669e-01,-6.003792997654947006e-02,3.565420330646966729e-01,3.961608334773947249e-01,0.000000000000000000e+00,9.649060516539058330e-02,3.671226627042858959e-01,-9.698190372827666939e-03,4.033740502869619937e-01,-2.484379257475746172e-01,5.041124132593717555e-02,-4.311141905525051748e-02,1.640630677715294514e-02,1.153246030549879564e-01,1.315407106450238173e-01,7.142919809382453078e-02,-1.101677801793590067e-01,-1.289149497583864101e-01,-9.138276214325678770e-02,5.277580397455551575e-02,1.750056428911098416e-01,2.770852489852490552e-01,-1.380449732493760351e-02,-1.699415611351443589e-01,-8.244151751821207630e-02,2.221512783018037840e-01,2.717807085771062892e-01,4.634506000006551746e-02,1.187777551997541148e-01,-2.883523644403437891e-01,-2.528668230770449443e-01,2.377575019125906797e-01,-4.213783634906485553e-01,-8.849225670756866169e-02,-3.335189542032254151e-01,-2.409857666510337448e-01,-1.579401512306467525e-01,1.682497546430226087e-01,-3.127709870373267947e-02,-4.035377532351737684e-01,-1.429154170942268376e-01,3.225827721834888528e-01,2.414185521269467116e-01,-1.801762784900945435e-02,-5.917317057647384498e-02,8.310461961816181797e-02,1.609850014132389873e-01,-8.061095280802545171e-02,2.953660519555284525e-01,-6.934309205158131761e-02,-7.880415792198348923e-02,-3.134951537845834246e-02,3.371144982570437043e-01,1.310999678772178101e-01,3.585326415190435156e-01,4.217097224741533229e-02,2.286017962095609479e-01,-3.120165088962620903e-01,2.350714300289946102e-01,-4.397070341214869282e-01,-2.005153369435618560e-01,-3.074759916650429137e-01,-8.954594387125090760e-02,1.759414392373260527e-01,2.502602626181482104e-01,2.561196316747689772e-01,6.179687971378225453e-02,-1.654505334511022774e-01,9.779610217377172898e-03,-2.014480976140902435e-01,-8.894227542521675189e-02,-1.844743317838700714e-01,1.067439213943352783e-01,-5.957549310003072696e-02,-3.473610949483968424e-02,-2.259005442402094166e-01,1.589887737251842459e-02,-3.554811269527906603e-01,-3.313631269604025431e-01,4.259418575196139561e-02,1.527242589573131748e-01,-2.271857251096336128e-01,-2.492127737583440805e-01,-4.916347897881041540e-01,1.572892809539783859e-02,2.614293128155616430e-01,-6.985950623470037202e-02,2.929682910487413361e-01,-1.738921024993297648e-01,-1.465217285565448002e-01,1.557863922224339004e-01,1.183133407118153180e-01,1.921681433260793159e-01,1.875972914833840821e-01,1.742547475921454869e-01,2.419052300554521973e-01,1.317611659892308773e-01,2.618758771456646817e-01,5.024294225255713231e-01,-1.653990068273120118e-01,-1.100754657979040735e-01,2.584528198686215084e-01,5.636801193861718656e-02,1.847314598795004315e-01,1.917309396905184371e-01,5.072588593401341495e-01,1.909900731508039906e-01,1.588270024274548442e-01,-1.172723614794841107e-01,3.384349625845965992e-01,1.786672143708682992e-01
6.505829308146653389e-01,9.016820515945798975e-02,3.794289978651778639e-01,2.756049623813837043e-02,-1.829754998179904460e-02,1.036698951012482994e-01,6.213214818158541153e-01,-6.352681965654209673e-02,4.948385826829790890e-01,9.649060516539058330e-02,0.000000000000000000e+00,1.979227950274632664e-01,7.624609669767110631e-01,2.885511816112548700e-01,-4.107076128475637550e-02,-2.213900247943398347e-01,-1.923740671661679780e-01,-2.539246566716770181e-01,5.012796563622006207e-01,2.763130630396340437e-01,-1.342079981077761233e-02,-3.185383409740142890e-01,1.456685664367442234e-01,-1.626018377917534952e-01,1.166832879900733672e-01,1.338785914926708953e-01,1.346125709797454939e-01,-2.741385365532079121e-01,-1.686003895733613478e-01,-3.162275648728851141e-01,3.366500148762011646e-01,-2.915820597252754762e-02,3.344500107079602658e-01,1.922199695363805971e-01,-2.853928593986244100e-01,-2.633738155067137376e-01,7.813722720497133511e-02,7.076144577268099478e-02,1.528380991870692818e-01,4.084213012903353118e-02,-1.267189581724184055e-01,8.024031644247213435e-02,-9.644544781049511906e-02,-1.510488509942115865e-01,-1.517619451662788332e-01,-1.706787175997450667e-01,-1.895435654054636321e-01,-1.517625717113093298e-01,-7.687192793795361717e-03,5.797410588301373652e-02,-1.762835192341907775e-01,-1.066959132492278917e-01,-1.117588833777772850e-01,6.344396300864767191e-02,-8.099362494955152092e-02,9.682226440712116133e-02,3.891053617330111902e-01,1.591925710535065097e-02,9.854982463482737931e-02,-2.277481676550257850e-01,3.750917751082664675e-01,5.253072354315946324e-02,3.823214483694439836e-01,-2.032716297865149457e-01,-1.230397731096539021e-01,-4.237825060670127320e-01,-2.023800648988960671e-01,-4.041034178654834830e-01,2.352123555490926166e-01,1.852473301881646661e-01,2.883833580869991642e-01,5.094351352975087233e-01,2.198452413263008443e-01,2.754723771888682449e-01,-1.184543291366390097e-02,3.730743233616137799e-02,3.232761993990830307e-01,4.000669202572416094e-01,-3.310477462889350186e-01,1.435333215516217120e-01,-3.230820033870308583e-01,2.564246302638063524e-01,-3.962350168218962132e-01,1.348470532805121358e-01,-2.798704698734569840e-01,3.395473344322095383e-02,-2.859051917693876121e-01,-5.697672040944243982e-02,1.898229925392845296e-01,2.088278444450865357e-01,-2.103196838561741111e-01,1.517870565898845614e-01,-1.588196790026087102e-01,2.341247704290521758e-04,4.980328837202175479e-02,-2.567609522812384082e-01,-1.235166469152912810e-01,4.394404301520584560e-02,-1.203143981314164918e-01,2.814675966216986236e-01,2.646121868779403030e-01,3.713013847421339775e-01,1.006627090489257415e-01,1.331997689818994676e-02,6.894224927851551332e-02,1.160311769159138723e-01,2.900236459937570732e-01,-1.714081922755910647e-01,-4.682079926826063394e-03,-1.653697174995407970e-01,6.982129915058445102e-02,-1.163449623063751437e-01,5.682377190990338389e-02,-3.403886249378205303e-02,-2.401561231121127904e-01,3.792158533737609305e-02
3.389556568459624608e-01,4.691532449974373242e-01,3.371781978471921886e-03,2.128354001624139791e-01,3.979609847271807499e-02,1.259288255525256306e-01,1.063664992324081376e-01,6.135514255810977646e-01,1.201020839141795638e-01,3.671226627042858959e-01,1.979227950274632664e-01,0.000000000000000000e+00,8.864930921236309491e-03,7.470307650157355095e-01,-3.876578270884447619e-01,-1.196533519246625009e-02,-3.662656628376448342e-01,-2.608385288580385430e-01,3.146932058115849973e-01,5.247603505806102131e-01,1.003466777241990016e-01,-3.300164068234505144e-01,-1.142661540748060034e-01,-6.071266325194046160e-02,-3.494661496262624345e-01,-2.395764717938206056e-01,1.115845362430177984e-01,-3.639162081429697104e-01,-3.977095802405662961e-01,-2.211235672945804365e-01,2.167181044800945301e-03,-2.587403032826592758e-02,4.372976131833424679e-02,2.435172936267963328e-01,-5.416374029395017997e-01,-5.691397318116865334e-01,-3.256897935997499910e-02,-1.970943288421633799e-01,1.747284116817524879e-01,1.747924365063045771e-02,-2.683231099552735865e-01,6.157390072854365681e-02,-4.377577819083621792e-03,-6.016570308953142314e-03,-1.653810736717946372e-01,8.274988388027496033e-02,1.983507003058166893e-02,9.227555883493827882e-02,-3.847074169271174487e-02,-1.021079395045908396e-02,1.466172495262778319e-01,2.508208016757612069e-01,-6.524151633886034196e-02,1.113390965247736536e-01,3.365263420329202976e-02,9.357793488311928753e-02,4.280916424677809473e-02,4.431887230177521952e-01,1.589957558191671949e-01,3.906126687333870140e-01,2.845459636082240187e-02,2.094744318089492574e-01,-2.594979705032085526e-02,4.784129177903759245e-01,-4.373124283066209261e-01,-2.932659041736623284e-01,-3.331853512896726932e-01,-1.786593291286391882e-01,1.757178936788123813e-01,2.908841392542792503e-01,8.463169565617718881e-02,3.638904122220283643e-02,2.312308171993905093e-01,1.694526141881606551e-01,1.217533540100510792e-01,1.303300726093339391e-02,7.895410693162807636e-02,7.834142151540089694e-02,-3.757504850071026747e-01,-2.830208937044643297e-02,-1.631100799612553165e-01,1.451388938536276874e-01,4.395898182858937187e-02,1.854389966713239080e-01,2.708335970614857979e-01,4.778204838633990925e-01,1.142339108905392024e-02,5.021027999265297720e-02,-2.466230108735127102e-01,7.362660920172041379e-02,-7.296790158252637604e-03,-3.673919375100154205e-01,1.303343475733138301e-01,-3.916232871287236850e-01,-1.696252998964950243e-01,-1.206039773489854389e-01,-1.880153310100607378e-01,3.126936142066102930e-01,1.971743740955934909e-01,8.822373760416135635e-02,2.274773990497266363e-01,-8.566154546873995176e-03,9.615755290760527119e-04,1.835983127119836800e-01,-1.826452262952211192e-01,-2.447190666130081779e-02,1.822676643569724753e-01,-3.655820918936824038e-01,1.638467646518003695e-01,6.815580312836319599e-02,1.256500770710020642e-01,5.762725165610865785e-02,1.227335057485162972e-01,4.255674711484119799e-02,1.069895321148755241e-01,7.201664104217911366e-02
4.128381505560362319e-01,-2.817780298053699783e-01,2.631208489933998251e-01,-1.917152144620894727e-01,-4.930283492832825132e-02,7.790910274777333722e-02,4.577844888278644331e-01,-3.314469429858270533e-01,3.529555047448711402e-01,-9.698190372827666939e-03,7.624609669767110631e-01,8.864930921236309491e-03,0.000000000000000000e+00,1.667368691114229917e-01,3.779319546530662266e-01,9.996536655649873593e-02,-1.200197909883398278e-01,-3.059748843900326198e-01,1.979022812615597593e-01,-1.204753809136256126e-01,-8.034937909404944734e-02,-5.762880031085344801e-02,2.972742428412659677e-01,8.324326256809332081e-02,3.520176613146341893e-01,2.482067379925252393e-01,1.191358295900024483e-01,-8.881366483659805522e-02,4.358778725523548836e-02,-2.769876559430043961e-01,3.405294929968231687e-01,2.671005370043186625e-02,1.731231140478920183e-01,1.668411206419735671e-02,9.684547971895159091e-02,1.409253585564993194e-01,-1.501050527719781646e-01,1.478147479279957321e-01,-3.194218973782585180e-02,-2.431210085038085222e-02,8.034767936855444215e-02,1.097895597273945700e-02,-2.680281194140108902e-01,-3.289329005781876369e-01,-1.745085144926452475e-02,-7.371696523503663834e-02,-3.276843360138446681e-01,-3.808146923801298822e-01,3.897631707304576726e-02,2.155408281348810129e-01,-1.447745830569620862e-01,-1.147994892261633426e-02,-1.722915258652082948e-01,2.707365252516616763e-03,-1.691023364625776626e-01,1.478345832230018933e-02,1.009428170873113428e-01,-2.930883841326214490e-01,4.411433321197532481e-02,-2.466238562195008366e-01,1.907390926711677037e-01,-1.224327969153597290e-01,4.627459260822771037e-01,-3.304468090340234587e-01,2.134138810201991476e-01,-1.614808551639529688e-01,-4.962730539311879796e-02,-3.919101419380778828e-01,-1.458598982372112385e-01,-1.190186351808753817e-01,2.432959222122900722e-01,5.044841762643039740e-01,1.164218708312991929e-01,-2.502123469598672295e-02,-1.223269916987466815e-01,2.046060481118541427e-03,4.963913399649220182e-01,5.072597827706349927e-01,-2.662297671242614405e-01,1.481350702001767439e-01,-3.909789312177187059e-01,-7.393406241954111890e-02,-3.968003855261525992e-01,-6.709610828612733169e-02,-3.520392182149507665e-01,-1.161791115036807653e-01,-2.561190021730523902e-01,4.491017917657048886e-02,2.491336578550687464e-01,2.679634975497159899e-01,-2.155187397940095673e-01,2.535807650133630742e-01,-2.560205153660582988e-01,2.131169026816945589e-01,1.302085080851692056e-01,-2.701847502575944193e-01,-4.823696997348310422e-02,-2.476095528251796296e-01,-2.908747492120609124e-01,3.545003717938526033e-02,5.007780554110657228e-02,3.072056650901108799e-01,-7.110737535051241121e-02,-1.292252888756640627e-01,1.351475461159591107e-01,2.202474752525207524e-01,1.355524211687640923e-01,1.289206750999085938e-01,-2.196731018374207534e-01,-1.800667124064069258e-01,-1.090320740324708659e-01,-3.755211729883113914e-01,-1.461571293122938542e-01,-2.308388416882492244e-01,-4.822083997250116716e-01,1.358219126291766027e-02
