0.000000000000000000e+00,4.086826342172473203e-01,8.913880094265096143e-02,9.706653649707785991e-02,2.784138133347287269e-02,-1.366720102455000474e-01,1.022173978793623067e-01,5.731815365885387092e-02,-2.767069288042261488e-01,-1.776494214125577120e-01,3.005669005351606637e-01,3.241895740633344847e-01,2.410890056128536241e-01,1.910927120636241039e-01,-1.993462863695002196e-01,-1.948083699297881999e-01,1.217693955037847109e-01,-9.457939779070577424e-02,3.834117049535354371e-01,4.471693238021273165e-01,3.601188025889005828e-02,-2.654321451687953748e-01,-2.752185818933897687e-01,-3.342076900928129257e-01,-1.257601080991851972e-01,-1.909128829098440672e-01,9.334580872895907599e-02,6.929289881378369875e-02,2.190735147328663757e-01,-9.027892007212656722e-02,-7.798203287235233594e-02,-1.263722082686462300e-01,1.456731020064956639e-01,1.693529166126875318e-02,-3.387763248545245798e-01,-3.483692648903291000e-01,1.692195712114427653e-01,1.614007260615904771e-01,-4.825874375542039962e-02,-6.396589408545886625e-03,2.885949529309774220e-01,6.851043813429238960e-02,-3.765678635495690596e-01,-3.253089785165649839e-01,-2.228917270509096771e-01,-1.720268292029905333e-01,-8.639599057315887343e-02,-1.180986809264505596e-02,5.121788663387583790e-02,7.038451292789668634e-02,3.175857255340983065e-01,2.050322882530600799e-01,1.260243468958437696e-01,-1.440542797198534897e-01,-2.135211757341782049e-02,-1.542477307247305807e-01,4.826365015240824397e-01,5.126949792212415202e-01,5.595922548950484909e-01,4.113616686421306401e-01,4.797465542417443940e-01,1.445343009367677511e-01,1.275848835371783674e-01,2.770646131913619137e-02,-3.518248125133170423e-01,-2.937846641551399296e-01,-2.325658837134195710e-03,-2.657942596837802735e-02,3.987786238671432448e-01,3.463371835312824554e-01,8.381446769753884973e-02,1.369686987537430678e-01,2.460573386761916725e-01,2.084691055467290943e-01,1.353098023856750265e-01,1.005176625150294711e-02,-2.502027808595970737e-01,-2.091172595004922308e-01,-7.577823128372628003e-02,1.410650890895168708e-01,-2.683357416832233833e-01,-8.965910377492031236e-02,-9.921871039857019237e-02,-3.961608235533002620e-02,-3.215027135984738771e-01,4.435260117469845553e-02,-5.206928924207045173e-02,-2.126266791387060595e-01,-2.260775420631260246e-01,-1.822546961172329116e-01,-2.858012162525392363e-01,-3.991359133359179134e-01,-4.425695840284610827e-01,-3.486596172746752598e-01,6.461527750531200452e-03,-1.033406642472930181e-01,-1.123787724307750285e-01,-2.370666283601140512e-01,-1.545470479047520440e-01,-1.112098888306350952e-01,2.387878480382723406e-02,-8.997824524621339526e-02,3.831029087947639741e-03,-1.338447255477052122e-01,-2.276195775924802489e-02,7.915079270492621569e-03,1.751093870228098009e-02,-1.561929428830370337e-01,1.214898242940317188e-02,-8.097029956840219589e-02,-1.264178657895096425e-01,1.585097165899267968e-01,-2.599993744243597749e-01,-1.121636406713095863e-01,-8.143132602576416690e-02,-7.562392930945366354e-02
4.086826342172473203e-01,0.000000000000000000e+00,-1.659578319664412882e-01,7.720521259248981638e-02,-8.737228089141992060e-02,6.964974551428371186e-02,-2.072540984418579924e-01,3.642528586811193819e-02,-3.610749166202646410e-01,-2.116055429602383409e-01,1.759554267009543482e-01,3.216656098008129350e-01,-1.455829945465066111e-01,2.029052694170909998e-01,-3.025339225983725289e-01,1.025237548782490654e-01,5.496024118328601826e-01,6.001687845229035645e-01,4.316271541396652367e-01,6.642525762371356279e-01,1.185494118779951561e-01,-4.179841042350285196e-02,-3.237206427946704990e-01,-2.522702172811733257e-01,-1.765436754962237675e-01,-4.626780797488110747e-02,3.953632341349562485e-02,1.259747777810725500e-01,4.269595751229903757e-01,4.558418725984166864e-01,3.946835593107952955e-02,5.371338695155091630e-02,2.530951752188692061e-01,2.390098534655429874e-01,-4.632046791297574906e-01,-4.215227736544415182e-01,1.662125698388522976e-01,8.796955674851306139e-02,-5.900534353516970892e-02,8.688882934925866441e-02,2.313542313705752584e-01,2.283416817801417198e-01,-3.627359806884276061e-01,-3.025723901849330932e-01,-1.542401412161539254e-01,-2.173527835674054359e-02,-9.380814531407748180e-02,2.799239216999193855e-02,4.762146164435517720e-02,5.254828791829700696e-02,-1.108912932214303898e-01,7.180269288988374438e-03,-1.215603155886127995e-01,-1.719698460625113390e-01,-2.927484216782912374e-01,-1.366078537780659741e-01,7.315112921007859148e-01,7.884244709564507403e-01,1.026260272263976592e-01,1.548226414676443230e-01,-2.115414215777409734e-01,-1.472896179414742990e-01,4.186351755867410707e-01,2.030172157929829302e-01,-3.617674448544917487e-01,-3.170517081803750359e-01,-1.687564479922663563e-01,-1.910697166857349139e-01,5.432912916343154430e-01,4.949606099426522299e-01,-4.540118232739755177e-02,-6.743034503245728950e-02,1.832645556688575483e-01,4.036229072714648813e-01,2.537099005797733842e-01,1.808071637742554305e-01,-4.153267297008234049e-01,-1.732282791973201730e-01,8.213620433046339708e-02,2.039539683550263272e-01,3.137437942175301531e-02,2.656408365051780573e-01,2.105481450349363237e-01,3.593486117275831448e-01,-3.462150955222446091e-01,2.816526660214369732e-02,8.237581912222166625e-02,1.244053907805130615e-01,-5.027433113669376175e-01,-1.621406081998588433e-01,-5.701775078070074887e-01,-5.285119258544438425e-01,-6.059676571913777954e-01,-5.225875904590261412e-01,7.549257419510496843e-03,-4.467958743428945834e-01,1.215563790654772824e-01,-1.735867351860858332e-01,-3.200452952463574974e-01,-2.193158683293028877e-01,-2.542630048408849319e-01,-2.781247598891902761e-01,-1.852298708520291534e-02,-1.237032431746835914e-01,-8.109680044273125110e-02,-9.096349814606238468e-03,2.153215055506468856e-01,6.237984093710419176e-02,9.121666105035047822e-02,-1.365303518386622172e-01,-1.917855674711717584e-01,2.783785474843328972e-02,-4.559767921526750589e-01,-5.900582448967603248e-03,-2.796489177350833244e-01,7.762435229990642671e-02
8.913880094265096143e-02,-1.659578319664412882e-01,0.000000000000000000e+00,3.459484861237664410e-01,4.778150945332074739e-01,1.144417695446420802e-01,7.642064784030078162e-01,-2.578591214507813811e-01,5.177527191748332314e-01,1.385014850038479572e-01,-3.046489854625144753e-02,-6.375059582980782125e-01,8.448131138168532561e-02,-3.813143538573958158e-01,1.925762115221017201e-01,-2.257201957060740727e-01,6.951244114180080147e-02,-9.247104251984543388e-02,8.628317354342912582e-02,2.899824534072701840e-02,3.508364339924985309e-01,2.433400575707597713e-01,5.715974824418174061e-01,5.190912390261491760e-01,7.617935170342368112e-01,5.596369293424795499e-01,5.942854391145280246e-01,4.738440372179720250e-01,-3.628847263783305244e-02,-1.775183405965846672e-01,6.030471014474164670e-01,4.748810920945422676e-01,3.871321908030068704e-01,1.717943816059275264e-01,5.289103627091901183e-01,4.282860771393822708e-01,3.125423646835656655e-01,2.583605102609101145e-01,-3.365963986801153579e-02,-2.542313152433392769e-03,-3.679075609083073267e-02,-1.109920148559133540e-01,6.837764436195174766e-02,-1.644335552026895686e-01,1.375805891471405806e-01,-2.790420170529489541e-01,-7.607859413257690023e-03,-1.957654642804315115e-01,-6.534144645369474591e-02,-4.719656400813229125e-01,4.779850718738559018e-02,-4.656134731124148551e-01,-3.900653703280612117e-01,-4.379472040401343191e-01,-2.749676896256837422e-01,-4.597877514711179447e-01,7.334798502892483918e-02,-8.628527649253310561e-02,-1.660349399689047033e-03,-4.879296888781738950e-01,1.346852360363618717e-01,-4.672554965640177693e-01,-5.231339215233603984e-02,-4.163127789114148269e-01,4.575606418716556822e-01,1.198639914416810420e-01,6.159150798958076267e-01,9.542597957224302485e-02,1.099681706174530510e-01,-8.160857697235268660e-02,5.227369365312114491e-01,5.705180288754466700e-01,3.578721709891706515e-02,1.252597982339538341e-01,1.471096562046918521e-01,1.552293745086707200e-01,1.490361115716059837e-01,-2.732348355875577686e-02,2.496926933256842993e-02,2.865143053809325324e-01,9.211233828670310417e-03,1.497409441916208034e-02,-7.304949488634647492e-02,-1.393447843143351128e-01,1.708863836790295299e-01,-4.430990738864473699e-01,1.788995423758217920e-02,-4.869208170490144094e-02,4.730106054611179361e-02,-4.592314597427386569e-01,-2.721006049888801681e-01,6.311854797461675937e-02,-1.738409892918533761e-01,3.738708979028319834e-02,3.243837116520457281e-02,2.818927119056776134e-02,1.527655080674308608e-01,-1.008532142142389426e-01,-4.162249362759258831e-01,-1.641027306126081053e-01,-3.855195776890670278e-01,-1.374350482922116756e-01,-2.532054181386723113e-01,-6.075357258923040973e-03,-1.309593294165230792e-01,-9.399856749890971030e-02,-7.439660523974796213e-02,-3.921928099348324648e-01,-1.268862018952334469e-01,-2.711233694724317009e-02,-1.055435606992160061e-02,9.529194946881461292e-02,-1.740766612136304126e-01,1.256404956870402490e-01,1.890756866754591745e-02,-2.085379527054648241e-02
9.706653649707785991e-02,7.720521259248981638e-02,3.459484861237664410e-01,0.000000000000000000e+00,8.232618962083286876e-03,1.892605445905770067e-01,3.846680369359744001e-01,3.085736344122139152e-01,-8.071177713359949796e-03,1.746121993040662956e-01,-5.268022135853599880e-02,-1.226391669962253322e-01,-7.648959265953245157e-02,3.754610850231039632e-02,3.863041246612783364e-02,2.042320070092929207e-01,1.972654790259854574e-01,-1.235041153280360127e-01,9.541003444850025550e-02,1.716116806443615250e-01,1.589634395439354919e-01,1.768823351117946308e-01,2.647708788505307997e-01,3.430185985600918697e-01,3.678295042657462877e-01,2.734757291529971712e-01,3.234906407911531945e-01,3.329795297907864327e-01,-9.106483471069817121e-03,6.834563572305880907e-02,3.584485493177576587e-01,3.169922098393361254e-01,1.884571639485815575e-01,2.466231718495410230e-01,2.401366519510682029e-01,1.042185913127702812e-01,7.055858965421464568e-02,3.855628637040383472e-02,-1.909594307819366121e-01,2.229965830513309377e-01,-1.415424151203756309e-02,7.938909647362410449e-02,1.153731868661417859e-01,-1.359852896623523974e-02,8.646335854062679738e-02,-1.001546844501576272e-01,4.993436804385430194e-02,-1.722064236132862108e-02,-1.541869604238226277e-01,-9.090209699226574347e-02,-2.337751126946059979e-02,4.031894999273409608e-02,-2.762127461069136536e-01,-9.828417821347192398e-03,-2.128713925001489427e-01,-1.372942955936121978e-01,-5.047602175861341106e-03,2.367597904291106337e-02,2.618559575294945180e-02,-3.965238545978827522e-03,-5.708406337948893072e-02,4.720240001629869009e-02,-2.060316902802293293e-01,-1.450528110770012979e-01,3.630150387088428021e-02,3.254761596134207458e-01,4.194605413750844281e-01,4.402369309729489144e-01,2.637805607835341792e-02,-1.440324100863715935e-02,2.274016100082790759e-01,7.755249348303085155e-02,-5.325885004396360700e-02,1.376226719250939201e-01,1.113548129041856682e-01,-1.710523567107572959e-03,-1.388027683344518759e-01,-1.055391674681910828e-02,3.532923257290898622e-02,8.910751748944115147e-02,1.051944125307737246e-02,4.952389257149379664e-02,1.747902642364470016e-01,1.224932135708527436e-01,-9.181064953121048644e-02,7.198765633688415655e-02,-1.905224610346190062e-02,1.798868832619497649e-01,-1.816781070038518409e-01,-3.831369390833377908e-02,-1.798427892662487204e-01,-2.863190643053815099e-01,-1.750614028563092783e-01,-2.459130309964565608e-01,9.608711430827741873e-02,1.306180620733176923e-01,8.157927348839344450e-02,-1.670856284124192792e-01,-2.154751843732927441e-01,-2.980086756598263054e-01,-1.180383933155658011e-01,-7.446258581272133248e-02,-1.411666994471106606e-01,-1.139150019213649653e-02,-8.905263082525424756e-02,-1.726810437947119137e-01,3.745356222760921200e-02,-2.653605598301772561e-01,5.749348784052737971e-02,-2.014684190328417668e-01,-2.907193342219612994e-02,-1.019920474444728220e-01,-2.767620373832324621e-01,-7.020256170414988783e-02,-1.069329804587159510e-01,-4.085825298930827881e-02
2.784138133347287269e-02,-8.737228089141992060e-02,4.778150945332074739e-01,8.232618962083286876e-03,0.000000000000000000e+00,2.648443192246099920e-01,3.776241112925530219e-01,-2.015908745518261158e-01,5.962955616296958805e-01,1.577215735945556585e-01,1.947172930889117803e-01,-3.987392721158593556e-01,1.823730025136551317e-02,-2.711598394858211192e-01,1.769690315979712270e-01,-1.470926163747131032e-01,-3.164793347959928699e-02,1.042274320355670442e-01,2.020081692462456432e-02,9.179715074145211595e-02,3.952618548293422296e-01,1.102664554160445037e-01,1.393414826363844616e-01,1.344641925142469330e-01,4.333090446761083125e-01,5.392071313249710007e-01,5.983583939952206165e-01,3.370465893366191845e-01,-8.385989569334935390e-02,-1.593999326396934937e-02,2.657623789328812380e-01,3.635709020047918627e-01,3.263426210332722177e-01,4.313928071504127826e-02,1.365810391366247267e-01,1.815738821856033303e-01,8.035734832009888695e-02,1.995034703534029341e-01,-1.475122175529296024e-02,3.435817262675245481e-02,-4.566473488928433910e-02,6.598915606464192396e-02,-1.256235252063464813e-01,-2.126546438655242399e-01,1.025056826123895565e-01,-9.537610652933097011e-02,-1.224625544627163803e-01,-2.544646005731069915e-01,4.837299739996374359e-02,-2.994761799113314638e-01,1.290160557384861517e-01,-3.099678719857335563e-01,-1.500213621810665698e-02,-2.416160790466258812e-01,-9.923308695750215902e-02,-2.850435101992813691e-01,2.227211200990813211e-01,6.629684901850035894e-02,3.687839260546396658e-02,-2.364887321340036486e-01,2.543548114175866459e-01,-2.643099087758624122e-01,1.952392562225260253e-01,1.027616851410000920e-01,2.508343911199399368e-01,-6.118623616899719619e-02,2.123856145804610129e-01,2.824592921193546519e-02,2.304142269160915080e-02,-8.577914786331779229e-02,2.877805201769217391e-01,3.557415335144987756e-01,7.166013998108544669e-02,4.259995034662138191e-02,1.376921544742236714e-01,1.406718223440037718e-01,-1.321367023482477587e-01,-1.052157448727375211e-01,-3.460999576251081594e-02,-1.680548865721405785e-02,1.122192318067195965e-01,-3.580286262720944190e-03,-2.395971057883416466e-01,1.452886780157054691e-02,1.945281964610029446e-01,-1.126539067324680982e-01,1.086598882563934859e-01,-3.927587974597829268e-02,3.968204364075477164e-01,-1.840932314155213079e-01,-1.225218541215443296e-01,1.169267209743127429e-02,-1.225272672158008412e-02,4.277802109033396888e-02,-8.183085814805352021e-02,-1.981271679667738050e-03,6.985454625054658695e-02,-1.101689696904532695e-01,-1.539909881311125883e-01,1.574301729198675920e-02,-1.703463328509305721e-02,1.015019211363227675e-01,-5.071674452892954016e-02,1.259322758834930112e-01,-1.483827268971744384e-01,-1.602865718980316656e-01,-2.121381214363694638e-03,-2.111004777914195218e-01,-1.335664739560685488e-01,-1.033313392394775293e-01,-9.096680250837073378e-02,2.485562664179788439e-01,-6.735408375526866220e-02,1.034931890196923721e-01,-1.034088072224210453e-01,2.867024307878350119e-03
-1.366720102455000474e-01,6.964974551428371186e-02,1.144417695446420802e-01,1.892605445905770067e-01,2.648443192246099920e-01,0.000000000000000000e+00,1.045867610375826179e-01,1.496882691543414134e-01,2.327642493385213285e-01,3.186680248140918992e-01,9.723633969968231705e-02,-2.667532540230591748e-02,3.839462283636148332e-02,4.162881632677355864e-02,1.624127227402481777e-01,4.102700594529230527e-01,5.186870490321105441e-03,1.455676702630504527e-01,6.397423949070041305e-02,1.618370108385302764e-01,3.817918733812306759e-02,1.429095780759511991e-01,1.153876784648358717e-01,2.979408318940560685e-01,1.642686120722597620e-01,4.038638874179287797e-01,3.483834233697165605e-01,4.522746305760416696e-01,2.827728129616014288e-02,1.353842289334958038e-01,2.556516482311226857e-01,3.827862556074655420e-01,2.966450476451702456e-01,3.084201071316430287e-01,1.592789020313832571e-01,1.571258497991996073e-01,-3.364055659918423896e-02,-1.115232009141978037e-01,1.372355513665465300e-02,7.391827259874453326e-02,-4.018293001933733594e-02,-7.999303979502619955e-02,-1.622035311665207813e-01,-2.045838322033809997e-01,-3.647171910363024988e-02,-2.567697479709718511e-01,-5.203997445531497595e-02,-2.986136198950777865e-01,8.103041466423412109e-02,-3.314959422095428154e-01,-4.451222109233097385e-02,-2.897142537212478719e-01,-3.408066964657280318e-01,-2.787111665837188057e-01,-5.343359834295189487e-02,-1.831924170167829324e-01,1.757189857035651101e-02,-7.503060304969265404e-02,-5.983713183442682798e-02,-1.924798870441060683e-01,-3.957403884863747168e-02,-1.031295950136808387e-01,1.250835359423342619e-01,1.208208290661270390e-01,6.362861059986268941e-02,7.386557673670370028e-02,1.548052918514020715e-01,7.081583264802140953e-02,3.084576671063446809e-02,6.383207547535190048e-03,1.811259448205106148e-01,-7.824808578120623359e-02,-6.978099900739426209e-02,-5.321173900446935119e-03,6.439817980102362227e-02,1.312918246501573460e-01,-9.833462262888395533e-02,-6.753204355328867869e-02,8.722443354333500598e-02,-1.107449351573925739e-01,-6.518856139787072845e-02,5.364185462945881763e-03,2.481735368495502705e-02,4.054397874872915364e-01,-5.631012838443438112e-02,-1.314218239368643848e-01,2.274077672917055315e-01,3.027067890602482270e-01,-7.314101187282372185e-02,-2.211612284295728925e-02,-1.862672699320816194e-01,-2.791940386232713567e-01,-6.432287106356253392e-02,-1.007279124714258005e-02,-3.031772165278041886e-02,-1.743663160196494422e-01,-1.774387266927075421e-02,-1.897822574973203336e-01,-1.146108802513043923e-01,-2.554272126260797027e-01,-1.018283547708572490e-01,5.253316217427057150e-02,-4.191564384048616226e-02,5.743886031762458072e-02,8.928152395159309751e-03,-1.580324398549019099e-02,4.121195124913218932e-01,-9.716923961114825453e-03,2.994542678141729267e-02,-1.792535507571908771e-01,-3.478230240365136616e-01,-1.354284061053830368e-01,-1.795033339954823226e-01,8.684673355865400735e-02,-1.367091135214311137e-01,-1.623385163488893779e-01
1.022173978793623067e-01,-2.072540984418579924e-01,7.642064784030078162e-01,3.846680369359744001e-01,3.776241112925530219e-01,1.045867610375826179e-01,0.000000000000000000e+00,2.355534915094013859e-02,5.775429736023137695e-01,1.851361599529467994e-01,3.483272993687000496e-02,-4.506142395652731336e-01,2.441393960584780365e-01,-3.277301341054033590e-01,1.834439184156465563e-01,-1.079749721601030166e-01,1.941672237232026530e-03,-1.919609450409372475e-01,1.160996450937708813e-01,1.944624305419569155e-02,2.675282514597278061e-01,5.681349832067086186e-02,3.861566345861777161e-01,3.218594585260225460e-01,5.154893140187740697e-01,3.538488808554655085e-01,3.051730986095122500e-01,2.190819220521902644e-01,-7.344010308344296745e-02,-1.095359659015056886e-01,3.407279184549089068e-01,3.321722568020085142e-01,3.709153432374158177e-01,3.022743122877023514e-01,4.496755329728521211e-01,3.985466967056061627e-01,1.845441047473005691e-01,7.829862742635498862e-02,-1.290059913356459906e-02,6.767769047397074848e-03,-1.396970229065870941e-02,-1.424747899324917966e-01,6.727917108972716886e-02,-1.398751247429570188e-01,1.974362453807810280e-01,-1.706366319266081066e-01,-7.039428722449789233e-02,-2.328401664356457568e-01,-4.271204603531243010e-02,-4.166974872346713710e-01,-3.292571549800336200e-02,-3.796440904605568045e-01,-3.604542498107192183e-01,-2.520508470394387524e-01,-2.891385841845925952e-01,-3.925709903361260800e-01,-7.760718551498994866e-02,-1.480492835837892152e-01,3.559854911376574785e-03,-4.062539640103507432e-01,3.428199091752620054e-01,-1.527817949064292913e-01,-5.653677414741310921e-03,-2.172062547161415502e-01,5.320784714567617923e-01,2.456314624608805786e-01,5.784426199177565842e-01,2.560219372748060440e-01,8.947584337285814648e-02,-1.338762636126953898e-01,3.778870553362551066e-01,5.647007987128843665e-01,6.663966306169131614e-04,8.770173361975354409e-02,-1.037475494555063493e-01,-5.296356880266944039e-02,1.088461051217586295e-01,-9.133801916833844681e-02,1.519039364327119668e-02,2.422368071344105089e-01,6.948697414065983791e-02,1.235109916383680811e-01,5.072485708504575162e-03,5.073881395629153968e-02,1.187333257251447366e-01,-2.138547633879389065e-01,-9.868026546197464222e-02,-1.376996527709304849e-02,5.792081230804089348e-02,-2.165111710576198834e-01,-2.128506185124628414e-01,-1.600493969904972233e-04,-3.934916170907685334e-02,1.063308982767948302e-01,-4.282627088201984566e-02,1.653843189354595733e-01,-1.116742861233670503e-01,-1.650421914863568762e-01,-3.610056407559030789e-01,-1.784967833362696155e-01,-1.911826491482517820e-01,2.215259940810184250e-02,-2.425703300215416025e-01,1.766683556555399002e-03,-2.709450645404231084e-01,-2.050520617715775040e-01,-1.981651578846509443e-01,-3.007986087706772116e-01,-3.889052769824739852e-02,-9.156175233529750823e-02,-1.242165860940701583e-01,-2.173312950629794141e-02,-1.485490413504483020e-01,8.305266826728256724e-02,-1.740403800972672652e-02,-1.195586682459853500e-01
5.731815365885387092e-02,3.642528586811193819e-02,-2.578591214507813811e-01,3.085736344122139152e-01,-2.015908745518261158e-01,1.496882691543414134e-01,2.355534915094013859e-02,0.000000000000000000e+00,-5.340021901545280447e-02,4.412869330838258830e-01,3.200159896974764662e-01,5.628866464215418475e-01,2.401077979279486185e-01,4.208477685968145532e-01,1.249358167428175348e-01,4.641577709927472428e-01,6.191488511399274863e-02,-9.531576448428730197e-02,4.332166045206294752e-02,1.393843541811616571e-01,-8.716322213917547523e-02,-1.602817625723614303e-01,-7.174868391143747470e-02,1.428016097478154028e-02,-2.520744111940031451e-01,-1.416119452230056863e-01,-2.262025243590856938e-01,1.411569169200108803e-02,-1.270347850524202772e-02,7.711987311491002271e-03,-1.217305934861649536e-01,2.945500069529171858e-02,-7.991687978688563621e-02,1.349190291969344924e-01,-1.055363210828592635e-01,-1.163348261719841792e-01,-3.523620254559936549e-01,-1.541721950425470888e-01,-2.900446735042210844e-01,-1.105816186139748081e-01,-1.793744824171559782e-01,-6.532103755427727532e-02,-1.222099466953334296e-01,-1.742938003527207680e-01,-1.784903311364051115e-01,-1.283106537483491572e-01,-6.306747269093770925e-02,-1.647757715842700921e-01,-1.966988650767154956e-01,-6.757786363101202752e-03,-2.845634336842983725e-01,6.218600942596296671e-02,-8.997416846939457202e-02,1.100800262529344486e-01,-2.108755980830713805e-01,-8.702795962585221923e-02,-6.660396166285766084e-02,-3.455517509275243815e-02,-7.384575929393598359e-02,1.856331970772766848e-01,1.020295195973225655e-01,6.442798628262113025e-01,1.019286756855024810e-02,3.466422770487040395e-01,3.602179352427042902e-02,4.300309435650502277e-01,-1.804877608907882180e-01,1.428194114006842430e-01,1.486269570052937694e-01,1.811366657765744737e-01,-2.543211286448779918e-01,-2.593637212759669630e-01,-1.777483022719983721e-02,-5.289445156637398449e-02,-1.247351024034901584e-01,-2.513343252909056025e-01,-1.506357271341676740e-01,9.438795258895935764e-03,-1.803862113451414617e-01,-1.574586276560490106e-01,6.707873569439404965e-03,2.551200805220710244e-02,8.836099396814861562e-02,3.209626522390370690e-02,-4.525265067307621125e-02,1.707050872241730188e-01,-1.233652319163185407e-01,-5.367549529507810446e-02,-1.121666852560233713e-01,3.459975635172988229e-01,1.427036135800288097e-01,-1.350453900261824325e-01,1.613041468548827850e-01,-3.254529947916650484e-02,8.142675999303582157e-02,1.102027221652875089e-01,-1.741824675571271019e-01,-2.015265298074729872e-01,1.926087119526481151e-01,-1.893035248005659199e-01,1.699883593797035242e-01,-1.059554051145948916e-01,4.133239276771227821e-02,-7.670689700294083813e-02,2.713505096797916294e-02,-2.598863918668710762e-02,1.963919005880845545e-02,9.081666214244170365e-02,1.055713039620866057e-03,-7.076393426236755879e-02,-1.333015732872228354e-01,-1.094919291853188870e-01,1.717057836725920106e-02,6.218583907480734058e-02,6.633159187164361370e-02,-5.441316160855071138e-02
-2.767069288042261488e-01,-3.610749166202646410e-01,5.177527191748332314e-01,-8.071177713359949796e-03,5.962955616296958805e-01,2.327642493385213285e-01,5.775429736023137695e-01,-5.340021901545280447e-02,0.000000000000000000e+00,4.198898429368124186e-01,5.970877871157157651e-02,-4.586551660335168035e-01,1.338546939239415312e-01,-2.889853916321591942e-01,3.518205061445922044e-01,9.526789735580734608e-02,-1.342922816726020430e-01,-6.848354207382427450e-02,-2.098961211685920203e-01,-2.484131501654628926e-01,3.306639795437503748e-01,1.413828228166507661e-01,3.730775090607570954e-01,3.474722118702030516e-01,5.305839390999878002e-01,4.945970508915773500e-01,3.496464188737662404e-01,2.059216866451882288e-01,-2.816588409004053828e-01,-1.289228753178926490e-01,2.059267746968475588e-01,2.483847766931624734e-01,1.065501640256049654e-01,2.476907418168869520e-04,3.639626506011817697e-01,3.321609857952369516e-01,2.363882009028826781e-02,5.686864180489394072e-02,1.006514985379639987e-01,-1.288500474606646580e-02,-1.232999407792101931e-01,-8.661888129735371977e-02,8.115085612065002507e-02,-6.184060691561422962e-02,1.334844385760916852e-01,-1.074741325586779650e-01,-3.618060677337152364e-02,-1.437093780384162689e-01,-1.608148806061245051e-02,-2.827653389388070093e-01,-2.662662132581886804e-02,-3.396917301523266763e-01,-1.837108711044459775e-01,-1.660011648182866395e-01,-9.978691245442541935e-02,-1.936488811332119642e-01,-1.372192187139551767e-01,-3.035805040299209279e-01,-1.296633714779079627e-01,-4.183933944177591902e-01,1.338529260254417708e-01,-2.012883090968471678e-01,3.789922103100517442e-02,-1.516017451933480975e-01,6.122479976150061454e-01,3.460316386236989006e-01,2.930279649056896085e-01,4.813651190316250300e-02,9.858890638467033077e-03,-1.925663046298013992e-01,2.610717308659378788e-01,3.253444120251822724e-01,-1.281643629577612908e-01,-1.830776276300430383e-01,-1.760488291750862411e-01,-1.070415111783010326e-01,8.316490036692779364e-02,-1.749176160162264557e-02,-8.468767487647255177e-02,5.705471778164915991e-02,1.251953812370563690e-01,2.920688381051050192e-02,-1.141487692532270476e-01,-2.459169411966789440e-02,3.023175528591924843e-01,-1.918673944425649536e-01,7.319294021225945801e-02,-9.592121339831406399e-03,3.717303857033472658e-01,-8.768181347733047803e-02,2.818402487044096433e-02,2.827592482727773748e-01,2.367147154689301092e-01,2.922500167194985177e-01,-5.220384835352864794e-02,1.656318294853538209e-01,-8.684049977268562190e-03,5.832425508638029027e-02,-1.572104955191583608e-01,-9.494634413105537685e-03,-6.789753702680347003e-02,3.160449984568829140e-02,-9.339411281544260368e-02,3.188650257998940085e-02,-1.981605300340379960e-01,-1.380174687809108125e-01,-4.010307719184180719e-02,-1.185448190772172700e-01,-1.449771491212419050e-01,-2.224141653462571519e-02,-1.241662362802295055e-01,6.808345357767098260e-02,5.245102072928397446e-02,1.239477298813190936e-01,7.647122374461340355e-02,-5.981375116181997936e-02
-1.776494214125577120e-01,-2.116055429602383409e-01,1.385014850038479572e-01,1.746121993040662956e-01,1.577215735945556585e-01,3.186680248140918992e-01,1.851361599529467994e-01,4.412869330838258830e-01,4.198898429368124186e-01,0.000000000000000000e+00,1.652421523481339694e-01,1.296335412455133784e-01,1.928163815606004639e-01,2.309451353219134917e-01,4.975469235313833560e-01,5.481313281791285741e-01,-1.473753332940134879e-02,-1.154353103073932768e-01,-1.519947100516151339e-01,-1.979218878448006647e-01,5.423274747436433729e-02,1.669049405500375449e-01,3.125779289903539704e-01,3.573083303167736147e-01,3.149238059398054013e-01,3.294837554524949752e-01,2.123193371153740128e-01,2.601389998141414028e-01,-2.189844270719918939e-01,-1.877741294651822518e-02,1.641450326616235023e-01,2.532616161321782910e-01,7.538793301287126554e-03,1.681237913878484425e-01,2.267142468721408677e-01,2.395347503518292509e-01,-1.000060049204757051e-01,-2.696927792703756807e-02,7.596365606819993621e-02,3.065370111506279804e-02,-1.339645617013167644e-01,1.808731928282371892e-01,-9.576152007931185151e-02,-1.565338808969455875e-01,-1.118874197443166241e-01,-2.154761842216294798e-01,-1.540923813666835174e-01,-1.632940038978786257e-01,-3.021441367567244130e-01,-1.708231056169473017e-01,-1.571168787295061098e-01,-1.363263127399101660e-01,-2.114649263413517222e-01,-9.718140284607992840e-02,-2.105569939119909251e-01,-1.218210506493778711e-01,-8.244550703153867566e-02,-2.060767483135714784e-01,-2.511573247580225487e-01,-1.549965463167798096e-01,1.134421499213933288e-01,2.342226439670769822e-01,-8.377381767245595245e-02,6.010861548410635635e-02,4.219407692240413899e-01,5.910197037992519498e-01,-2.393841128429615578e-02,3.532083035175050817e-02,8.273779554853406479e-03,-3.601920443078466486e-03,-9.725936508133904701e-02,-1.490278181122972057e-01,-1.444844805925516729e-01,-2.825847999318844561e-01,1.904525040437781607e-03,-3.855753168385194635e-02,1.033251840623693185e-01,1.092032029030339663e-01,-2.210005671760733037e-01,2.833657722166245396e-02,-1.173768005553163796e-01,4.598708392602286754e-02,-1.101650591226503717e-01,1.130832547413807149e-01,2.306283150572449314e-01,4.410794519165210648e-02,1.700385824088258557e-01,1.177996900440993061e-01,1.532383731477467703e-01,1.414430036034133586e-01,1.005208321869331123e-01,6.145086184901914911e-02,2.204264176501875561e-01,1.187038467494161975e-01,-2.923865927505577000e-03,2.143801966009901971e-01,-1.177819190797829985e-01,6.073466748786484444e-04,3.293153908818367143e-02,-1.945697370963239692e-01,-8.966295460876119727e-02,-2.421860567984683021e-01,-1.756561042603442258e-01,-2.611580435360797980e-01,3.468039884478328703e-03,-2.252627574979164729e-02,-5.751417560431928977e-02,-1.429669574765364826e-01,4.139853066245723079e-02,2.070123338958404224e-01,-2.313334777871897327e-02,-5.340149274214375102e-02,3.117049528003660794e-02,1.814243120487579394e-02,9.140309929827643287e-02,-4.763872526833102389e-02
3.005669005351606637e-01,1.759554267009543482e-01,-3.046489854625144753e-02,-5.268022135853599880e-02,1.947172930889117803e-01,9.723633969968231705e-02,3.483272993687000496e-02,3.200159896974764662e-01,5.970877871157157651e-02,1.652421523481339694e-01,0.000000000000000000e+00,3.597589005206445201e-01,5.819355690668857051e-01,3.908711282174407997e-01,1.541215216981836889e-01,6.543785633404787527e-02,2.543219741724763172e-01,1.429528783611097587e-01,4.003548368256896750e-01,2.004300299400127161e-01,-4.773152333353932603e-02,-2.681807520111532672e-01,-1.257147239494035562e-01,-2.025550201844011078e-01,-3.205317659219444892e-02,2.254791335542201403e-02,3.075743759911400352e-02,-2.260821871378499576e-02,2.091437916469827685e-01,1.423763505219841075e-01,7.281607178067715791e-02,7.843478668330838843e-02,2.099920896546728921e-01,2.043622319833742207e-01,-1.676786948307541214e-01,-1.561825818862441762e-01,-3.277718070188778005e-02,-2.703115505489147447e-02,-2.066428585004034535e-01,-1.546874521467332675e-01,6.495411372403957911e-03,1.088825849650636030e-01,-2.084580864940541178e-01,-2.062978608853324736e-01,8.699223629034182059e-02,-2.179559121369900598e-02,-1.790710163134808519e-01,-8.070937971497242625e-02,1.386682602363369932e-01,-5.134982524254304986e-02,-7.364377923970201467e-02,-9.590086367165945314e-02,-1.583714797144342434e-01,-2.550973824416754021e-01,-1.983706174407041944e-01,-2.831577787773272292e-01,2.513283103064939961e-01,1.377801571580954954e-01,1.417409051061590819e-01,6.894452254123999146e-02,3.057660941617021955e-01,8.946911662439414881e-02,4.118997965949096618e-01,3.938648013978204854e-01,-1.303963830987832362e-01,5.566592625038167125e-02,-5.290036344186219153e-02,-6.418098424722770701e-02,1.038270654334364773e-01,1.107717014407410411e-01,-7.296878002489604054e-02,-8.322713981584532739e-02,-6.274646835367806384e-05,-4.841664778390248475e-02,4.887588945956712616e-02,-2.551144186288529614e-04,-1.202106309322721750e-01,-6.857103726139920918e-02,-2.512033346177172111e-01,-2.239634653429048439e-02,-7.145508210776714553e-02,2.073565293543102803e-02,-1.404599852612288709e-02,-7.263916969296540203e-03,-9.357132146047116017e-03,-1.984469015282821353e-02,9.577698818467077213e-02,-5.468438083918760600e-02,-2.306356257501283175e-02,-1.442117817925685219e-01,-1.280863319604305106e-01,-1.971242075849149178e-01,-1.972195549650382351e-01,-1.468879782006886070e-01,-2.352298972735437921e-01,-1.968871417993848238e-01,-2.256143982921321178e-01,-3.017611567353175039e-01,-8.248409297818792840e-02,-1.272094460545350747e-01,-1.730521488850681258e-02,-1.055676062632843748e-01,4.652867735940803551e-02,-5.419253864787770825e-02,1.010334361326291480e-01,1.751126976827885318e-01,5.528826685279403241e-02,-1.575417191197050204e-01,3.720240541500314385e-02,-2.613549013896939235e-02,-8.838529600650225915e-02,-2.480060721349569217e-02,-9.621785167456255172e-02,3.351564039975688664e-02,3.837728551089528845e-02,-1.683766549176829788e-02
3.241895740633344847e-01,3.216656098008129350e-01,-6.375059582980782125e-01,-1.226391669962253322e-01,-3.987392721158593556e-01,-2.667532540230591748e-02,-4.506142395652731336e-01,5.628866464215418475e-01,-4.586551660335168035e-01,1.296335412455133784e-01,3.597589005206445201e-01,0.000000000000000000e+00,2.880344225707948680e-01,6.855625235123942174e-01,-5.020576523950692760e-02,3.700275662883952266e-01,9.343020361902573678e-02,6.801953923438415484e-02,2.482044289016288596e-01,2.041789424940575193e-01,-2.983230073578245212e-01,-3.765258839760065035e-01,-4.284660750937979712e-01,-4.392513747834670412e-01,-6.265493356355350540e-01,-4.759168036677731140e-01,-4.142038617625304342e-01,-2.370206753393408194e-01,1.001371497247934561e-01,1.508727815732613387e-01,-3.698688163223414760e-01,-2.894396790874216308e-01,-1.542639146886533030e-01,1.444085762346553753e-02,-5.271113955349289171e-01,-4.812180819284027633e-01,-2.888309940034462509e-01,-2.679969763859987308e-01,-1.686061652493655028e-01,-2.880103501149465783e-01,1.454840748600864410e-02,4.217274096669544614e-02,-2.569433728260526184e-01,-9.978202026868172869e-02,-2.468992026797772743e-01,1.084703231876360530e-01,-9.233005168688095121e-02,1.399411377862043449e-01,9.752793318385044596e-02,4.233627667853365195e-01,1.197423455882516349e-02,4.361738922211051417e-01,2.201485248359531799e-01,1.716118672328752759e-01,-2.672898599449764073e-02,1.713612317936050178e-01,1.486292828802390775e-01,2.632708897117428393e-01,2.271694682052634306e-01,5.998665247129136846e-01,1.770149710960453593e-01,5.962125130471649381e-01,1.245544858502614372e-01,3.768343219344874595e-01,-3.793889445870703980e-01,-1.470633465486410885e-02,-4.748161991597291687e-01,1.876197880975425530e-02,1.488222003383481984e-01,3.268138758442323821e-01,-3.595225542794074358e-01,-4.846307697871001796e-01,2.090168744920257657e-02,-4.746727809303290940e-02,-2.398645576929545400e-03,-1.206094879929287406e-01,-1.384989394648695193e-01,-3.826635653752397115e-02,-1.077612671587420967e-01,-1.457261448524496683e-01,-1.645744217221627170e-01,1.080794729244573781e-02,7.533525205997881891e-02,3.905924864474864117e-02,-2.279129255159340617e-01,2.573511736305576503e-01,-5.808190265030871435e-02,-1.572431065628147051e-01,-3.308918537948760674e-01,2.230258149710908633e-01,9.191022185587936766e-02,-1.958047960307338631e-01,-7.992934876335160144e-02,-1.853758310670629295e-01,-8.459191976681967526e-03,-1.879361928563078321e-01,-1.595536023212149601e-01,-1.311639085946730010e-01,3.578950038430657177e-01,9.729304777836674661e-03,3.246760080400649118e-01,-5.476447217068400319e-02,2.024068824249897203e-01,-1.458023250344921140e-01,2.196450815976096482e-01,1.686316819406645517e-01,9.331528627559258771e-02,4.867397283083532700e-02,8.312937378008665446e-02,9.619516956262957885e-02,-1.425656755909095186e-02,-1.323008748573355764e-01,2.360211656045787393e-02,-4.535533149775284462e-02,6.703729342762485000e-02,1.744217077508757388e-02
2.410890056128536241e-01,-1.455829945465066111e-01,8.448131138168532561e-02,-7.648959265953245157e-02,1.823730025136551317e-02,3.839462283636148332e-02,2.441393960584780365e-01,2.401077979279486185e-01,1.338546939239415312e-01,1.928163815606004639e-01,5.819355690668857051e-01,2.880344225707948680e-01,0.000000000000000000e+00,3.946146823471864962e-01,3.821725137050180354e-01,5.891642096609230050e-02,-1.631891049114174153e-01,-2.359113654651187886e-01,2.131610160721563452e-01,-4.752636572430905815e-02,-2.020403175515649574e-01,-1.641341982789414622e-01,1.863717009376489320e-01,-1.154933264300003672e-04,-2.475759613237531187e-02,-4.842551694318072281e-02,-6.925806177831385357e-02,-1.554848378469239900e-01,7.952891705997970628e-02,3.489117950599028573e-02,8.444650278926905951e-02,9.710546453475583928e-02,5.664737025319258740e-02,6.634984513755975977e-02,-1.707581549633590753e-02,-1.073234888683231719e-01,-5.262409052777522467e-02,-2.046921725471491649e-01,-7.644172112456912999e-03,-1.825122804467899373e-01,2.021251514386250905e-02,7.599519319483589996e-02,-2.797392339445703979e-01,-2.461386247233150748e-01,-1.013132703408706481e-01,-2.119641121853848564e-01,-3.212873914756761984e-01,-2.410482801767134808e-01,-6.313480879356202224e-02,-1.169718941621557401e-01,-1.093479590213889963e-01,-1.045163432162700412e-01,-1.647719506297669889e-01,-1.578098364678231502e-01,-9.585552197628517679e-02,-1.981567401502053460e-01,-9.129274382220098349e-02,-1.031983987571529759e-01,1.178947044976969838e-01,4.190135538170346868e-02,3.404707196441555395e-01,1.126153783951490267e-01,1.518910282149945057e-01,6.238547313001824302e-02,1.664444235746204981e-01,1.119959701933774254e-01,-5.767345512997808232e-02,-1.033016081944367198e-01,-7.627347493844512105e-02,1.228257835995582182e-03,6.239167905368155076e-02,1.313972375917469085e-02,1.781465127542481916e-02,-8.574948835307727446e-02,-6.897396920713633195e-02,-1.168258296849928810e-02,3.574528976307168870e-02,-4.719092510811968844e-02,-1.012417747789448735e-01,-1.516040678056209956e-01,-1.604913981709914506e-01,-5.430968227269155485e-02,-2.586819411119400253e-02,9.761685746481021291e-04,2.520297878018137872e-01,-1.120077704527074232e-02,1.003518542943031139e-01,9.086955674768307928e-03,-1.378046416360193330e-02,-9.956005281675310570e-02,1.149113081510290818e-01,-6.102819468304533645e-02,2.595340785356977167e-02,8.472462617704288809e-03,-2.155106809236070620e-01,-4.555526836144740965e-02,-2.649507110928360776e-01,-2.457526364141292274e-01,-1.771755227017882128e-02,-5.751936432616888001e-02,1.439610631344252593e-02,-6.257206709282561730e-02,1.811744851267275275e-02,-1.306896412771552107e-01,1.078091158305170133e-01,2.148511888589736685e-01,2.997216942658548211e-02,-2.594765388813277673e-01,1.774366493487003760e-01,1.352062397586958065e-01,7.810642849002883206e-03,-1.664120256768477080e-01,1.350332665013975197e-01,6.459569182845256718e-02,6.547788405586167648e-02,8.015649299759733393e-02
