0.000000000000000000e+00,6.505970179973572520e-01,3.796873724711937736e-01,1.932893430511314556e-02,-2.395277426519903663e-01,-2.735446807457932450e-01,5.340383972532570800e-01,4.313911487982885484e-02,3.293819429522992781e-02,-9.426712820894746214e-02,3.712003759058888352e-01,1.094791150682241920e-01,5.337522182034111218e-01,1.154919489742351341e-01,2.395841201767658635e-01,1.267432259439122133e-01,-1.754440702426198206e-01,-9.586179937602153089e-02,7.230946177971335764e-01,5.716342682659277807e-01,-1.421275384017824384e-01,-9.862266603592065306e-02,-4.520527575589903396e-02,-1.401343468968374584e-01,-9.705176078796790007e-02,-2.513536600526289910e-01,-3.009590121758790038e-02,-1.452578364746262840e-01,-2.887539570582144388e-01,-2.032195995759707163e-01,-3.786722692211597074e-01,-2.951888895974629778e-01,2.259814990564990300e-01,1.303989539529444852e-01,-1.839325634132011611e-01,-1.875595462830106086e-01,-3.920301545659268250e-01,-1.527654074649221760e-01,-1.058837563152323913e-01,-2.930894360934183096e-01,-3.137126368922816266e-01,-3.787180896929390195e-01,-3.433451976354823243e-01,-2.675074829128514242e-01,-1.080178186069677276e-01,-2.959400054349273779e-01,-2.957434068569009811e-01,-4.638287426444821504e-01,-9.125157126287732068e-02,-7.520269641480377409e-02,-3.555483596365837523e-02,-1.626026993915112295e-01,-2.844863867155844606e-01,-1.753810327760217114e-01,-8.997222047026491240e-03,1.303300601930178493e-01,4.824964662888913125e-01,4.489428088880435541e-01,4.355054724492595786e-01,1.755699934233972692e-01,6.720573196510476466e-01,1.369008705270027271e-01,2.363266387609593844e-01,2.593962490574356350e-01,2.900158551083077962e-01,1.106309793857746492e-02,8.954186921844085878e-02,-1.904301418090056652e-01,5.686437176903713642e-01,3.699508839443771957e-01,3.496745671839730871e-03,3.136064000778514271e-02,1.864534845326876467e-01,1.778621558927081514e-01,2.664812389616416088e-01,8.865021173335835281e-02,-2.811440456845679114e-02,-2.518295744093167199e-02,2.372507124935767028e-02,-1.169103714059355481e-01,-2.073990920561812890e-01,-1.868177700902486915e-01,-4.197059814673700373e-01,-4.552063198247389142e-01,-1.954512695766278119e-01,-4.944097051674775645e-01,-3.711340443801556255e-01,-4.484002796289713322e-01,-1.952006629672498328e-01,-1.254766193889592374e-01,-1.140117846170434490e-01,3.037648880877686919e-01,-2.909626443595046338e-02,3.375674266337655438e-01,-2.191480432273874290e-01,-2.162578729142906053e-01,6.452125504235874109e-02,-6.037751307575094789e-02,2.912730245723281763e-01,2.358514483237703629e-01,1.543042372787670480e-01,2.190787303559228461e-01,1.585107752204215348e-01,3.374924569909500405e-01,-4.206344734090777110e-02,1.369760799848709076e-01,-8.823764545998140363e-02,3.167347751928858285e-02,2.495512742135693601e-02,-1.299234925634796395e-02,7.061756259489507248e-02,2.530499279578749539e-01,1.690471351199268890e-01,-2.668396133375341428e-01,8.634249969085149023e-02,-1.393963503551357008e-01
6.505970179973572520e-01,0.000000000000000000e+00,1.574539712501326350e-01,8.748891869788305575e-02,-3.000188260307402044e-01,-2.556032272096308011e-01,1.401063756639981950e-01,-1.408582284724910379e-02,-3.967004726450620855e-02,-1.406582643328303239e-01,4.513575679146973607e-02,4.036020313868043247e-02,2.812279407966818967e-01,8.162075889601758116e-02,1.847543219005731707e-01,1.054558104870347013e-01,-5.886792608620712575e-02,1.206265800711686376e-01,4.594239561524441351e-01,6.728367816531442003e-01,-1.185596224459782438e-01,1.201594430815961130e-02,-7.931042013673458846e-02,-9.492731668492397634e-02,-8.591541039271480273e-02,-1.971679984247057538e-01,-1.507748313844241017e-01,-1.875273638756276284e-01,-1.556403276829105287e-01,-2.645653906341887546e-02,-3.938093908158829537e-01,-1.424859998952475726e-01,1.377856220897321349e-01,1.587337382003511932e-01,-2.819035055372183241e-01,-1.120277784004925919e-01,-1.385631985930337040e-01,2.143167676538647315e-01,2.695139642995371398e-02,-4.863245762963985808e-03,-1.424407365909963197e-01,-2.249645900160889556e-01,-2.275517848450077374e-01,-1.262853829683618923e-01,3.166053872457984253e-02,-1.226592060570204645e-01,-1.799120766840468510e-01,-3.281565143365742232e-01,2.719397430090152862e-03,8.646038722784454844e-02,2.145488599911166139e-02,-7.202751368169542368e-02,-2.299868538465131007e-01,-1.176782433309372239e-01,1.085682552384599209e-01,1.650762294342776604e-01,5.655510970064606679e-01,7.677223245370360383e-01,3.503201516670637616e-01,1.499093445312811579e-01,3.731001561897304142e-01,5.672822355574429209e-02,1.187896764632122709e-01,2.813665176473343910e-01,1.510271024883261259e-01,-5.390811298369430765e-02,-7.042498498041430133e-02,-2.261322608471673934e-01,6.434742886816102736e-01,6.358139276185270639e-01,-3.788955939511447907e-02,-8.510244577202549787e-02,7.564143276772687663e-02,9.416200242959800459e-02,9.363863589942725274e-02,-7.489305713982488677e-02,-1.478030472218765101e-01,-3.186982059783296378e-02,3.607424849377778575e-02,-1.225269119247894140e-01,-8.995172687306110526e-02,-8.654914520353981788e-02,-3.307161713271056791e-01,-3.143177884258389621e-01,-1.890568445909856787e-01,-3.115354676512025467e-01,-1.714632239007257974e-01,-2.140732179025733872e-01,-3.707651809738925913e-02,2.546188445247295207e-02,-2.613861632238884680e-01,5.100283636610174892e-02,-1.506804004044432210e-01,4.855393938241641533e-02,-1.409551874526309978e-01,-8.848050431623091794e-02,-1.273887430735693924e-02,-5.647529944502607119e-02,1.826549285391645960e-01,3.881970588114074666e-02,-3.819248741329064195e-02,4.047940716091873864e-02,7.714013932886608360e-02,1.866766550629973542e-01,-4.565345564309600951e-02,2.665459756074653463e-02,5.224695665266686911e-03,4.128834139795795055e-02,6.662069485145265257e-02,-2.616550872239746398e-04,1.073357563583824253e-01,1.469023444815057422e-01,1.267503537653566215e-01,-2.967622962481659132e-01,-1.086998777373465869e-01,-1.922701117122475878e-01
3.796873724711937736e-01,1.574539712501326350e-01,0.000000000000000000e+00,5.568009685429271549e-01,2.603284691607362089e-01,2.689352488821017961e-01,7.782720038662358508e-01,1.840609676510120418e-01,4.487454883512158044e-01,3.720098449406070151e-01,3.411214112079907768e-01,-1.718690869779707364e-01,5.532371604366725926e-01,-1.292597059567182627e-02,3.236542247698246388e-01,2.783625794198375525e-01,-2.630819491676536503e-01,-2.066420287791665977e-01,4.341920620217092353e-01,1.449719408806369736e-01,1.888912706051050841e-02,-1.651816205004250082e-01,7.638360604325034053e-01,6.384995272316743575e-01,5.465363436227473892e-01,3.302076630454016670e-01,2.331428956152491738e-01,1.189388826301594759e-02,-1.516767736365445818e-01,-3.498203712862064663e-01,-1.083733770631456483e-01,-1.987475686898496907e-01,2.015330180805256499e-01,1.240762419258345101e-01,1.029778870361839765e-01,-1.714769998987622501e-01,-1.906815290335210633e-01,-2.065878286462323465e-01,1.219863959490570110e-01,-7.466027220916668372e-02,-3.957288743392026881e-02,-1.896566024974858933e-01,-3.957282170512377850e-01,-5.005524667372048819e-01,-1.448532607642270265e-01,-4.585504645128837820e-01,-3.907634379278512315e-01,-4.047428437711271254e-01,-4.655913718976712468e-01,-3.699351976397969866e-01,-4.123163529255517989e-01,-5.263903821633224567e-01,-4.502120590703622693e-01,-2.651672864349591818e-01,-3.000100724694020893e-01,-9.187439650389961354e-02,-4.739528419739003767e-02,6.994972394179005404e-02,3.286602185625876055e-02,-2.373218145612655816e-01,1.531054676061181508e-01,-2.327505882672733506e-01,-2.064356972387960953e-01,-2.214464111231737864e-01,4.453397545781284661e-01,2.725904910298485809e-03,2.638240856596097417e-01,-1.208968755391370553e-01,2.627246033318925145e-01,1.208908249275266467e-01,1.939396708761368382e-01,1.762505151923085822e-01,1.694297317733154951e-01,5.269107710410703138e-02,6.234803415207714611e-02,-7.479363181045407816e-02,1.130472012257203729e-01,-8.693339793394677661e-03,-8.486709116534761621e-02,-1.560605898756055321e-01,-2.396680616941858355e-01,-1.610443982150991937e-01,2.993538785682893760e-03,-1.316090177565626129e-01,-3.856995958841891083e-03,-1.165189169249799400e-01,-6.700777752407299781e-02,7.647582311858695803e-02,9.008011837826522539e-02,-1.724195529288843898e-01,-2.276767999622736627e-01,2.865600074717224999e-01,-2.788357962680753088e-01,8.670609460978383198e-02,-2.664189991003984570e-01,-2.706287454098854628e-01,-7.908955464127441493e-02,-1.811650344781845778e-01,-1.865208360867711412e-01,-1.060677967348454681e-01,-3.795491310994746348e-01,-4.058024399939793442e-02,-3.693352223035096249e-01,-1.977996991437323548e-01,-3.953976998653037089e-01,-1.017640281381092943e-01,-2.361838720216369036e-01,-2.160218524972898346e-01,-2.036533200457774917e-01,-3.912826753996977158e-02,-1.428523774644011035e-01,-1.642121994002145036e-01,-1.991824784957025030e-01,-2.280165387890751849e-01,7.725650915478483871e-02,-2.865667648494353917e-02
1.932893430511314556e-02,8.748891869788305575e-02,5.568009685429271549e-01,0.000000000000000000e+00,2.499491128803423279e-01,4.878068749014503602e-01,3.756765285611119998e-01,6.653727384723626681e-01,4.890761133481401624e-01,5.585113070311945593e-01,2.161567252152351779e-02,-3.263210813640395058e-02,2.656864011289008509e-01,1.964426567893451103e-01,1.733348568539932744e-01,4.912004891583081068e-01,-2.150805084130181510e-01,-3.922970580005093466e-01,-7.145692803720087027e-02,1.818904607260417028e-01,-7.870595536459756847e-02,3.938700979829990595e-02,5.592054191982333000e-01,7.807835630969847118e-01,3.831422728232320996e-01,3.002978397314210457e-01,1.191001966395251188e-01,1.812926571920151220e-01,-1.934651694312589099e-01,-1.972964752437272040e-01,-1.957644549294084435e-01,4.401558540784749479e-02,4.505497015367192909e-02,2.077997632003774076e-01,-1.643394458465197994e-01,3.123218714003275776e-02,-3.040673419471488087e-02,1.035041726284105651e-01,2.991634128934710785e-02,2.046440404237539201e-01,6.454172024533083585e-02,-1.032601849578221598e-01,-4.925729458052802712e-01,-5.875533796730294522e-01,-3.323462753894418920e-01,-3.900853219729246146e-01,-2.223498513592975234e-01,-2.612552175030523061e-01,-4.531011218565254572e-01,-3.000591787957767043e-01,-3.172225906038188548e-01,-4.135256702103699000e-01,-2.106843680716150857e-01,-1.743829020151634046e-01,-2.212315567428268237e-01,-2.052153761774552221e-01,-1.553006282485144274e-01,-8.887386628597877813e-02,-2.264837637902288869e-01,-3.200982621614528734e-01,-1.393472824875092442e-01,-5.097271321776596781e-02,-3.021456665282665766e-01,-1.631642148634720180e-01,2.778062621630986717e-01,3.029027764164295977e-01,-1.180190155774389488e-01,-1.809629088000657970e-01,1.855995034402808663e-01,1.772386986326548730e-01,1.468340371762548169e-01,1.342916982722438812e-01,3.131991728723317742e-02,5.747782140981140542e-02,-1.495399344873007963e-01,-3.080190309676514651e-02,-1.791272750022172844e-01,-1.760373347994389770e-01,-8.845332425390373121e-02,-2.868071723776738913e-01,-3.580190372809210486e-01,-4.447394200321193591e-01,1.683773362591717976e-02,-3.923341395258483910e-02,-5.680256013515805336e-02,-1.169100405191012861e-02,-5.082483310787750536e-02,2.169397552314272504e-01,2.814519582306647116e-01,-5.664873984844848859e-02,7.063108696352912198e-03,3.156607842463745456e-02,-7.948408500746224903e-02,-2.189688734429611761e-01,-5.844223839032776369e-02,-8.385433491034503806e-02,-5.438547668010506458e-02,-1.578095273205980947e-02,-2.057492042197925641e-01,-2.137122034517560110e-01,-4.658653505488143942e-01,-2.730039911609421499e-01,-3.370699615033366237e-01,-3.018238961442136770e-01,-2.258692707031404179e-01,-1.493561750812696098e-01,-1.315518799631441027e-01,-2.023413931236094643e-01,-4.748549916691801459e-02,1.982979613679523578e-01,-8.939009847198248204e-02,-1.504405659459378541e-01,-1.707657826811487256e-01,-1.507622495161203557e-01,4.479555912174942173e-02,2.268845720104936334e-02
-2.395277426519903663e-01,-3.000188260307402044e-01,2.603284691607362089e-01,2.499491128803423279e-01,0.000000000000000000e+00,6.618341649262318160e-01,1.757530089395542006e-01,2.947602879196815073e-01,5.865184758526285069e-01,5.662891250405016619e-01,-3.257324070889930367e-02,1.003446062702708641e-01,-2.925848718732120685e-02,1.693377191761002154e-01,2.192463695397342816e-01,3.801924640692444513e-01,-1.293021576460200994e-01,-5.163505812998982897e-02,3.185758327685693503e-02,-5.836347508080876045e-02,2.050074243395723361e-01,6.754749036354402991e-02,3.367881523113221420e-01,2.289191255918134327e-01,6.795407973457879836e-01,5.388715792405639471e-01,4.225021097137334758e-01,4.256049060730486278e-01,8.846948476188232213e-02,8.354153979016029630e-02,1.582011668429852136e-01,5.375777080278200393e-02,1.756324650803223891e-02,1.109714142784578306e-01,3.009694431208296758e-02,-1.233240158394734998e-01,-6.283813761316606183e-02,-1.666376299516879045e-01,5.672987192984286359e-02,1.840596423980219443e-01,6.044167851397277968e-02,1.660520032466542839e-01,-9.482525511475710378e-02,-1.900947767644809716e-01,-2.489502175323246580e-01,-8.716315077532869882e-02,-1.673005383975400273e-01,-8.555209011620185100e-02,-2.670271269537100589e-01,-1.628537732531353255e-01,-4.328398878260580895e-01,-4.238354790487391943e-01,-2.270496406264086720e-01,-1.248185076489034123e-01,-3.160061771539835473e-01,-1.524766336215803431e-01,-3.587881113498639363e-01,-3.801399582736759153e-01,-2.226980510997778329e-01,-1.792857569493648828e-01,-1.582980813740165194e-01,-5.814512295376974421e-02,-1.114439688707214993e-01,-2.001607831172771690e-01,7.240598730854071186e-02,2.261495400752534801e-02,-1.251481112183841227e-01,-2.106721695225652335e-01,-1.102609211638043152e-01,-1.520898784875541754e-01,-1.248069819645390016e-01,-5.751305495530690398e-02,-4.530994077374572021e-02,-9.732724137506916506e-02,-1.986808336961921329e-01,-1.453170762318301279e-01,-3.102173619085018402e-02,-1.080570878870900503e-01,-3.019835319932176465e-01,-1.668772151498304490e-01,-1.969796616925331145e-01,-1.038426853027606400e-01,2.748939751554822508e-01,2.909616387537981574e-01,-1.938832918666734684e-01,-3.727894710536452244e-02,3.719755674509221954e-01,3.245612528813220932e-01,2.541791352119415204e-01,-5.456883821226206355e-02,-3.021456581763765428e-02,-1.177588712307501857e-03,-3.519514135713333602e-02,-9.584750571255908069e-02,-6.409155322697718260e-02,-1.715965807281117916e-01,-2.931170179209060533e-01,-2.674289496627627050e-01,-2.874511667118535008e-01,-1.150030622855625906e-01,-1.953835135491254482e-01,-6.720656045798080458e-02,-2.422549658117866545e-01,-2.112694880374675899e-01,-2.817703084077038955e-01,-3.479228232039580093e-01,-2.330366867557278829e-02,-9.312007254752154017e-02,-1.501726003151143130e-01,-6.352831296817539053e-02,-3.564512563394068856e-01,-2.585662382660986469e-01,-1.992874064591962091e-01,1.919007036903256358e-01,-2.453840993721419506e-01,1.960056142155963167e-03
-2.735446807457932450e-01,-2.556032272096308011e-01,2.689352488821017961e-01,4.878068749014503602e-01,6.618341649262318160e-01,0.000000000000000000e+00,1.170978227075597511e-01,4.545461262213558173e-01,6.647341587360683368e-01,9.274106939179018738e-01,3.664559335408416191e-02,1.839346830564088375e-01,1.678721458040169021e-02,2.252337987216556092e-01,2.020562332478971213e-01,5.904480017117792467e-01,-1.132432355235613031e-01,-1.446034092894962764e-01,-9.665133955013276157e-02,-2.632932356172044616e-02,3.774274619995121594e-01,2.112205972255937481e-01,4.016720167975784683e-01,4.437482891059018608e-01,6.489804741861449067e-01,6.699734919495262675e-01,2.528757986961266413e-01,4.884945043519851038e-01,6.425585382150926506e-02,3.973545113286705566e-02,1.394768409290576827e-01,9.569335434331869075e-03,-1.288137272477347106e-01,1.013217069435961432e-02,-3.215392648247702295e-02,2.148908351278994155e-01,4.284014465472461841e-03,-1.257686773616243370e-01,6.149548164508161080e-02,2.575225708144086023e-01,1.185897865386474626e-01,2.004929771530010729e-01,-2.016475482028853572e-01,-2.806425126717831953e-01,-2.879212829253244843e-01,-1.522453997922938451e-01,-1.241531573073125921e-01,-5.377197757108947984e-02,-1.935000729825804011e-01,-1.623896573064129156e-01,-2.397902224860125886e-01,-2.448909895897196654e-01,-9.925265247554809767e-02,-8.114391896313795903e-05,-1.935292465557415242e-01,-9.835811307866440534e-02,-3.988961588362042177e-01,-3.378330236673927067e-01,-2.450088599538401968e-01,-2.110892750983192068e-01,-3.062430680357025037e-01,-6.329284300556292653e-02,-1.406561634139905925e-01,-8.273606668309203827e-02,-7.794721402707412150e-02,-3.945970431698135605e-03,-1.986170643962421045e-01,-2.306427393768108181e-01,-1.900851799439058909e-01,-9.848902534109768570e-02,-2.125478353171610449e-02,-3.848988811197402715e-02,-1.171294142310195241e-01,-1.153551302646015908e-01,-2.279410755317580473e-01,-7.515355085514884015e-02,-1.085897455030883779e-01,-1.737266863548828366e-01,-1.978887716534568908e-01,-1.808105949222094389e-01,-1.850530167742235610e-01,-1.848560939237403611e-01,2.339166630356692145e-01,2.263911150918379300e-01,-1.309324289632802785e-01,2.316335171244635338e-01,4.061769748613220377e-01,4.100214989631895679e-01,2.772902583622695039e-01,1.118436227107349051e-01,-8.492011785551922820e-02,-1.910944655434863026e-01,-1.484780435062730553e-01,-2.655755518162678519e-01,-2.176858462093670538e-02,-8.135273850804936036e-02,-2.771579938897931750e-01,-2.588244511277291715e-01,-4.082738920557654749e-01,-2.963753808504696052e-01,-3.491117861104054421e-01,-2.116418166227302944e-01,-3.173114200049995115e-01,-3.305233460157546155e-01,-1.495206958580896084e-01,-3.577901668834306825e-01,1.273163089631720313e-01,9.683861248855514525e-03,-1.889207731251848765e-01,-9.667289713278158503e-02,-2.503176384836019452e-01,-4.285189891337183865e-01,-2.751170482968442466e-01,4.268103446658836481e-02,-2.692901571406204342e-01,-3.520788374823590611e-02
5.340383972532570800e-01,1.401063756639981950e-01,7.782720038662358508e-01,3.756765285611119998e-01,1.757530089395542006e-01,1.170978227075597511e-01,0.000000000000000000e+00,3.450248412940878917e-01,3.770357810152062394e-01,2.346584167935986953e-01,2.675905335731951773e-01,8.473421983291090642e-02,6.273175364112880681e-01,1.878220742901756113e-01,2.145699044846154091e-01,1.837256678072749227e-01,-3.355714395171841002e-01,-2.421034599145615862e-01,3.727813789514626275e-01,2.062621823756758399e-01,-3.530673313467019153e-02,-1.272783956289157969e-01,3.585059807335654880e-01,2.545599378199132623e-01,2.531482495836695490e-01,5.844242150245097800e-02,1.222632641013198657e-01,-1.057306256025317137e-01,-2.867494841403724348e-01,-3.815255371458025069e-01,-2.738815554010026188e-01,-2.874457998101138112e-01,1.345106349527235567e-01,1.277869594430526001e-01,1.135982677889461057e-01,-7.914154121961729238e-02,-3.654736757781550938e-01,-4.147239661044092029e-01,-9.107524610822692601e-02,-2.598513897522670701e-01,-3.004858701758470474e-01,-3.076171557240239274e-01,-4.237469423324775608e-01,-4.744531805091475873e-01,-2.775831688522515939e-01,-4.631889647259977982e-01,-3.748632475359761074e-01,-4.864638847282697354e-01,-3.524104155717795450e-01,-3.026216756243269024e-01,-2.451679308421208792e-01,-4.532881786351389830e-01,-3.292561234124645186e-01,-3.008203484887231882e-01,-2.516170321023691869e-01,-1.213270602045571078e-01,-1.049218020891896919e-01,-4.466833745519309395e-02,6.239098253034344732e-02,-1.601484945655773096e-01,4.279080718672257366e-01,7.775624592964842235e-03,1.687242954190921324e-02,-4.873868755391382035e-02,4.132480945173003239e-01,1.462508527021311178e-01,2.182289885445431454e-01,-1.288893555322812856e-01,1.700683394431038720e-01,-9.023798621917149265e-02,2.188721524839469801e-01,2.464986620558738128e-01,2.086334695756899837e-01,1.206818194844757608e-01,2.275419778136753279e-01,7.808462850290759372e-02,2.194667786737744541e-01,1.218210975670147161e-01,-1.768236243252904460e-01,-2.310157994640066048e-01,-3.196447467756960981e-01,-2.591014776752507687e-01,-1.941768434638075358e-01,-3.311861775072149072e-01,-1.334168360911253404e-01,-3.175652737502577261e-01,-2.185460389853746965e-01,-2.889558525661807820e-01,-3.391606773135345809e-02,-2.501186731763308524e-01,9.897514746199992386e-02,5.036578053536825417e-01,1.113609121295787430e-01,3.824843873803880356e-01,-9.684077077962001401e-02,-1.627923268305942750e-01,1.083034258927414034e-01,-2.839301395490118757e-02,1.884254595126504672e-01,2.295908822969259522e-01,7.907203109929226981e-03,1.602742399968299369e-01,-7.295643949668150635e-03,1.410107505002253792e-01,-1.493858665508300820e-01,9.811121181544024683e-02,-2.222948600594786550e-01,-1.359628728029797506e-01,-4.251990573647698030e-02,5.785181291276141058e-02,-2.216939819764600708e-02,1.833277601937942369e-01,6.796112817873622980e-02,-5.876121189859387361e-02,6.062910778788465488e-02,-3.473388067795823986e-02
4.313911487982885484e-02,-1.408582284724910379e-02,1.840609676510120418e-01,6.653727384723626681e-01,2.947602879196815073e-01,4.545461262213558173e-01,3.450248412940878917e-01,0.000000000000000000e+00,2.634868828081463055e-01,5.304575181049203669e-01,2.873689330732097369e-02,4.398825537675581376e-01,2.347587490873649096e-01,6.342274145987970568e-01,-7.960657951381934494e-02,4.146916818102367452e-01,-3.073120786096620871e-01,-4.232946026868753542e-01,-1.757156756639509099e-01,7.108147466973079032e-02,-1.653050315779543977e-01,8.161354492579855902e-02,6.392814820778269791e-02,3.661180088216841044e-01,1.413498817867034907e-01,2.850648509487843096e-01,5.151035708314321421e-02,2.905379922183654387e-02,-2.852492210523403515e-01,-1.192210427369034265e-01,-2.715440691934588591e-01,-3.010510424426098702e-02,-4.134385923134819424e-03,2.495869207039932147e-01,-1.053445046477508446e-01,1.437447341394480771e-01,-1.867859148529810998e-01,-1.538575627796072154e-01,-2.888001472106915823e-01,-2.446602370445086910e-02,-1.876145150534465900e-01,-2.039819369735509369e-01,-3.152966976686478184e-01,-3.021905612860014689e-01,-2.739834661398268256e-01,-9.501067335456908625e-02,-2.883068190912309037e-01,-3.725529374174155750e-01,-8.852902315069453854e-02,-1.396183509158827399e-02,-7.928568932710636230e-02,-1.256758351838859200e-01,-2.089768153022949493e-01,-3.123432770967364269e-01,-2.696776385474171644e-01,-3.286176413843832078e-01,-3.737062604185952819e-01,-2.726836804829250172e-01,-6.651304668811841569e-02,1.722277733751457346e-02,1.127383231536378955e-01,4.600718787211039440e-01,-7.043625201214560871e-02,1.858843913589792451e-01,1.374047586009464472e-01,5.851859496204793176e-01,-1.185542278240786646e-01,-1.686220325369421416e-02,-7.762033432107165454e-02,-7.542304176920336389e-02,1.182957018393493848e-01,1.894248210010833766e-01,9.757667005817062533e-02,1.475156797828706956e-01,-6.942764293054289049e-02,1.003516570077476189e-01,-1.854718888122039097e-02,1.245257715140518640e-02,-2.822580876495745517e-01,-3.948064264969047832e-01,-5.575180219672797310e-01,-5.967393233942585029e-01,-1.626250781548775892e-01,-1.521439352313772309e-01,-2.467674737158643550e-01,-1.853204481253200864e-01,-1.922788909772907562e-01,-1.200276233363644640e-01,7.091800007190182664e-02,-2.382079371251388522e-01,3.695928680222753115e-01,2.193712060385950291e-01,3.784700375534452710e-01,1.085338460762020063e-01,1.143544427993470683e-02,6.435140763398114472e-02,-7.074903417975608733e-02,5.921902501799985313e-02,8.627921253921091993e-02,1.590713400540157418e-01,-2.644906301780354432e-03,2.926443925436617716e-02,6.891581334856550396e-03,1.300238628605750700e-02,8.486973102679751246e-02,-9.652931118349943052e-02,1.320117324708251815e-03,-2.367622821737810912e-02,3.331643640996580918e-02,1.404894798694765745e-01,-6.368682248960733094e-02,1.070377966171214973e-01,8.210588674844609969e-02,5.041430319720711928e-02,-3.675349092005385926e-02,3.966603216243800439e-02
3.293819429522992781e-02,-3.967004726450620855e-02,4.487454883512158044e-01,4.890761133481401624e-01,5.865184758526285069e-01,6.647341587360683368e-01,3.770357810152062394e-01,2.634868828081463055e-01,0.000000000000000000e+00,6.987010570048783897e-01,-2.024661450010697278e-02,-1.081903294114127945e-01,2.771895447297631487e-01,-2.567343013173904037e-02,5.636371865206210030e-01,4.862013322337996324e-01,-1.864356630061931586e-01,-1.522537156235993505e-01,7.049265642727939318e-02,1.585849507765791366e-01,1.780361667083433519e-01,2.342562688543906035e-01,5.364870615965195988e-01,3.357421721703102713e-01,6.437050431106665638e-01,3.244698983852881136e-01,3.962221147343799599e-01,4.253597284993591576e-01,-5.553522646998931139e-02,-1.905380517096514903e-01,1.002854563619965528e-01,3.574667175133322550e-02,-3.111453518721437467e-02,-1.493514149750278276e-02,-7.443535914403041909e-02,1.758742369895570923e-01,-7.318519959715410333e-03,-6.695558829566443382e-02,1.099533654988147507e-01,1.207427880169783391e-01,-2.706895519686483152e-04,4.884904354609373445e-02,-3.467664892635681784e-01,-5.381801036938937965e-01,-3.539762552136799800e-01,-4.361378913810392555e-01,-6.343226545541676142e-02,-6.872344904530489074e-02,-3.064765355507925726e-01,-2.135107564471430130e-01,-1.734580779966361785e-01,-3.256493808767050302e-01,2.314374402620563917e-02,-1.164822674748830326e-02,-2.131636774285066427e-01,-1.619238489002519099e-01,-1.380612704219241205e-01,-1.777825802302050451e-01,-1.694433462839853854e-01,-3.542138730730080565e-01,-1.058908189657741250e-01,-2.915265493070565705e-01,-2.320680613904068101e-01,-3.542613295932501294e-01,1.737367784693356620e-01,-1.253672935799109711e-01,-1.630340738827318059e-01,-4.144819253360633171e-01,1.296420038836570421e-01,1.191058816449320741e-03,1.439871834285202656e-01,1.075618343601631027e-01,-3.656995783186750559e-02,-8.416735547080612945e-02,-8.888124941206518304e-02,-7.715117820341062249e-02,-1.649395498362984658e-01,-2.652602831727211563e-01,-2.419458047472278495e-01,-2.943423020358419406e-01,-1.768234708931040178e-01,-1.858258290746667152e-01,1.154134031884950506e-01,3.024727714870410408e-02,7.329169948401066843e-04,3.886992910947548174e-02,2.505264531364130853e-01,1.767273919381536218e-01,4.145913614939356062e-01,4.673058882783636542e-02,-6.457231325964608859e-02,-6.785231753562744050e-02,-1.794108326846813595e-01,-2.933445425208899282e-01,-1.225751796806329869e-01,-2.945037809114624539e-01,-2.918000431494905400e-01,-2.978187703230273931e-01,-2.880892871291322321e-01,-3.403664671624791471e-01,-3.966353829467335612e-01,-3.498897445280615415e-01,-3.248803331593997368e-01,-3.099188094393591220e-01,-3.170599892456118507e-01,-2.368820628381315407e-01,-9.450837705472395212e-02,-1.818708006055608506e-01,-2.557715201560946117e-01,3.282223340362373093e-02,-2.934999414286419972e-01,-2.351601485155527527e-01,-1.856716790988022503e-01,-1.018100665176587122e-01,-2.567887996350641244e-01,-3.117197097906462128e-02
-9.426712820894746214e-02,-1.406582643328303239e-01,3.720098449406070151e-01,5.585113070311945593e-01,5.662891250405016619e-01,9.274106939179018738e-01,2.346584167935986953e-01,5.304575181049203669e-01,6.987010570048783897e-01,0.000000000000000000e+00,1.058501651991194670e-01,1.370361771885092173e-01,1.820702062416357514e-01,3.075763217523155846e-01,2.353748920790587063e-01,6.519189460318940421e-01,-2.005860462284430046e-01,-2.167357925519524942e-01,-3.326329164177375952e-02,3.137908205456844957e-02,2.756477726177993248e-01,1.165764051667791401e-01,4.517717144305891663e-01,4.732570022533566512e-01,6.089259889617190113e-01,5.879783054635250306e-01,2.971118135159706020e-01,4.219524579338384540e-01,-6.498548160954129016e-02,-3.149442558901988792e-02,2.982690045979253038e-02,-3.092879792088699606e-02,-9.203469464400551581e-02,3.871756134391054344e-02,-4.094545039281617671e-02,1.896757806176602168e-01,-5.360396657632543471e-02,-1.757761930046929377e-01,2.009348375340715490e-02,1.960981144474662763e-01,-2.431412771363898606e-02,1.025715102155336789e-01,-3.200752556002542937e-01,-3.641868506373444614e-01,-2.826309736957448582e-01,-2.203941297144784428e-01,-2.813590117811365920e-01,-1.804263208196832946e-01,-2.412387298146560222e-01,-1.958127299158791412e-01,-2.401359830794751460e-01,-2.465546678906102296e-01,-1.996209870789252272e-01,-1.249547959574839329e-01,-1.944003687078775244e-01,-7.290181788302407817e-02,-3.282407868615990210e-01,-2.397456066145740583e-01,-1.530562277181807262e-01,-1.873453582158298991e-01,-1.622491648415091692e-01,9.148648752422623015e-03,-1.388639662393520158e-01,-3.215457462591563703e-02,7.534584336574290386e-02,6.495321661731831564e-02,-1.481679377512623297e-01,-2.616980278336257792e-01,-8.063494230738056656e-02,-1.932816976480406304e-02,2.935075337166818607e-02,6.439623534978735145e-03,-7.087364191759208676e-02,-9.616866555627485991e-02,-1.966248087029992819e-01,-1.036664328847724664e-01,-3.147075530489419626e-02,-1.311025999637827621e-01,-2.122483027442696457e-01,-2.006670455673323916e-01,-2.892661071127583527e-01,-2.560790210165220238e-01,5.510294016226740393e-02,8.429569210010702529e-02,-8.999773510996368631e-02,1.900966866459559423e-01,2.348997546458958807e-01,2.884253538599655942e-01,2.464079663735647130e-01,4.857534794193388988e-02,-5.022261180774198475e-02,-9.985740319747325733e-02,-1.196233154486032457e-01,-1.510338367501297685e-01,-5.649570006217422002e-02,-6.942013021708234866e-02,-2.404933586093885023e-01,-1.485708469071691518e-01,-2.901313760105692086e-01,-1.681270645158118304e-01,-3.665043454027054892e-01,-1.497903587922159163e-01,-2.716796038100974253e-01,-2.330244850773766641e-01,-1.355534797550930204e-01,-2.989193976140828157e-01,8.149080105071683511e-02,-1.475675402011167314e-02,-1.117622363727574092e-01,-2.338991399544612312e-02,-1.990591699101418588e-01,-3.000104935234927384e-01,-1.063159250945885093e-01,6.512973579053055184e-02,-1.434373840010211565e-01,-1.363051163577848508e-02
3.712003759058888352e-01,4.513575679146973607e-02,3.411214112079907768e-01,2.161567252152351779e-02,-3.257324070889930367e-02,3.664559335408416191e-02,2.675905335731951773e-01,2.873689330732097369e-02,-2.024661450010697278e-02,1.058501651991194670e-01,0.000000000000000000e+00,1.408309765690036741e-01,5.484267048016470136e-01,1.170002034662184359e-01,2.054275808409255499e-01,1.332868759997745123e-01,-3.753130867526529441e-02,-2.009252308435057477e-01,3.442294050355123036e-01,-9.941186531307641405e-03,-8.115654558466495194e-02,-1.524276280735633038e-01,2.932649310035640999e-01,1.831888313684805203e-01,3.469426869493636573e-02,-3.050355846638229396e-03,1.244771233304169528e-01,5.098469505518591835e-03,1.257418446919071342e-01,-5.329314015808184896e-02,-3.756876595762469184e-02,-2.752692491908962369e-01,1.454800912332132601e-03,-2.044760555831883486e-01,1.278398149697876074e-01,-2.541214386537781755e-01,-6.305045354074581554e-02,-2.132036263293879963e-01,-1.448055684065107686e-02,-1.567557186477435693e-01,5.921595549756120819e-02,-2.293864940444980960e-01,-1.253158898804470345e-01,-1.058799723567753343e-01,4.369139166817529590e-02,-1.219178728773390175e-01,-2.526986126931073939e-01,-1.608759048891675592e-01,-9.769062968203595654e-02,-2.070116763907336177e-01,-4.940616066179737143e-02,-4.555870757950086780e-02,-2.094622541690066564e-01,-4.746014347497434782e-02,8.190493921866232041e-02,1.564551865248691581e-02,-6.632017984451311909e-02,-1.073393906848251964e-02,2.357355679464105958e-01,-3.844123854307960383e-03,2.186773175676566261e-01,-1.048082763451673866e-01,-3.553047957418604269e-02,6.390864091830954219e-02,3.136179670377040041e-01,-4.101790307302820293e-02,1.674772412034104818e-01,-1.357341318827548493e-01,-2.427161521104796715e-02,-4.020157159770555017e-02,1.870040547145230755e-02,3.086939403220011896e-02,1.957429692232595941e-01,1.271134427673376588e-01,1.869245237174244900e-01,2.701085986838287073e-02,1.976618549193097929e-01,7.721103510080995491e-02,1.376830482651398846e-01,1.349677621330923061e-01,-2.952742993804700206e-02,-1.488410144336895502e-01,3.827389925425503381e-02,-6.877254648680936056e-02,1.502879411497589912e-01,-9.040395958116316522e-02,-5.619257453257524987e-02,-7.185048814971474462e-02,4.637621628017406933e-02,-9.678074553109373979e-02,-7.922265274843501293e-02,2.347958239382935131e-01,-9.077146430142098155e-02,2.867953552627205971e-01,-1.735895057588366930e-01,-4.034036208779992472e-02,6.234145295514090246e-02,-2.875851665993271744e-02,-8.481971179804864615e-04,7.424636768261554109e-02,5.746009955405011888e-02,1.857081434931588670e-01,-2.580082675993804892e-02,6.881865886031436619e-02,-4.723933840965577162e-03,1.091812035045161972e-01,1.440516841070372533e-01,1.619741011113000062e-01,-1.229569255049909118e-02,-2.207120977677921037e-01,9.939106699942304446e-02,-4.732458594940661123e-03,-6.570079938004041997e-03,-6.462064543464596245e-02,2.276964433696840040e-01,5.705500264474105965e-02
1.094791150682241920e-01,4.036020313868043247e-02,-1.718690869779707364e-01,-3.263210813640395058e-02,1.003446062702708641e-01,1.839346830564088375e-01,8.473421983291090642e-02,4.398825537675581376e-01,-1.081903294114127945e-01,1.370361771885092173e-01,1.408309765690036741e-01,0.000000000000000000e+00,1.808412743832685243e-01,6.853958686838967918e-01,-3.084723190191238640e-01,6.867272006347575897e-02,-3.911947670628643930e-02,-9.528671752912204473e-02,-1.637850070417742540e-02,2.163523953198371874e-01,-5.013096597477054162e-02,7.327896749925248698e-02,-3.242110238646890297e-01,-1.627122824096937648e-01,-1.592733120974747785e-01,5.367690853891688568e-02,-2.686546924773628997e-01,-1.589449728314741017e-01,1.001334640305211188e-01,3.170570391670596289e-01,-1.885570851588593000e-01,-8.954556594229633182e-02,6.374576648895723119e-02,1.882379120240126325e-01,-1.740966171800255591e-01,2.082352361643065863e-01,-2.537203987358674917e-01,-1.421211600210884607e-01,-3.571702678443272605e-01,-8.551045996209968858e-02,-1.521525347929823802e-01,-9.297526143562452605e-02,1.313797755738868589e-01,2.045949753907029545e-01,-1.549457454646965826e-02,2.712284471457168666e-01,-2.058381660804705360e-01,-3.315661985680813939e-01,3.280192002857944544e-01,1.870184702832296819e-01,1.644600946198273572e-01,1.884346621156196278e-01,-1.681482548767430640e-01,-2.769911617326891728e-01,-9.878155018449613634e-02,-9.396269095927563264e-02,-3.324111032003853050e-01,-2.277894361179503835e-01,3.092410041374840657e-02,1.044305440748092978e-01,1.545912923018012974e-01,4.417821563130406859e-01,1.173260969206512405e-01,3.486877001780764318e-01,-2.022136668773968082e-01,2.705872767685766900e-01,-2.402200685036014471e-01,-2.636661129383320243e-02,-1.167475356615713805e-01,-9.697355655040584832e-02,-3.559467607080522150e-02,5.511365701787874181e-03,2.106594347393595801e-01,4.450008333693265539e-01,7.833623246142394636e-02,2.546778945913040770e-01,2.263146014385902099e-02,1.611543692205583134e-01,-1.991672024810484665e-01,-2.849400048037282751e-01,-2.638837968937967626e-01,-1.428577659780514153e-01,-1.157386735209838952e-01,6.067919706438042356e-03,-2.340975070891373744e-01,-1.005422783983077328e-01,-1.304967376163785331e-01,-1.424195596781472894e-01,-1.847682158403922137e-01,-2.917381749064150154e-01,2.003630275585511489e-01,8.039536593231437489e-02,3.533223438047405351e-01,1.188917882917181479e-01,7.868376418047292806e-03,3.985865278630297548e-02,-1.001850597648463875e-01,-3.602653285419761542e-02,1.488932207790322759e-01,2.352162658874877299e-01,9.400966475745999029e-02,5.654580744045035329e-02,3.478961704073839627e-03,5.685751478481095023e-02,2.302898406945854126e-01,-9.180983138817616629e-02,7.505161962705876599e-02,8.253139987027333091e-02,3.216919821937907435e-03,1.246668950567034542e-02,1.125518050566847172e-01,1.455376351633944354e-01,1.865180385070249747e-01,1.030505989045034515e-01,-2.035604301962303797e-01,-1.208623787299888119e-01
5.337522182034111218e-01,2.812279407966818967e-01,5.532371604366725926e-01,2.656864011289008509e-01,-2.925848718732120685e-02,1.678721458040169021e-02,6.273175364112880681e-01,2.347587490873649096e-01,2.771895447297631487e-01,1.820702062416357514e-01,5.484267048016470136e-01,1.808412743832685243e-01,0.000000000000000000e+00,2.934888219668555509e-01,3.131829409096139605e-01,2.171143697190035526e-01,-3.036759131841151316e-01,-3.155469450262157749e-01,2.543583741680417454e-01,1.086142183936580630e-01,-1.928870589495579324e-01,-2.140958558782579124e-01,3.497632211186018081e-01,2.356794750728713750e-01,6.256533261410815450e-02,-6.140268673723910109e-02,1.230597062531464114e-01,-1.178627039381534430e-01,-1.350661898310135667e-01,-2.144150154582681045e-01,-3.090950861241643643e-01,-3.008629445762552868e-01,-1.064949520798619820e-01,-1.740416329799594208e-01,-1.253742102089763222e-01,-1.441455306548533599e-01,-1.768578800141062668e-01,-1.814920305910294462e-01,-8.869379748037377331e-02,-2.234663260365210014e-01,-1.535815800243845175e-01,-3.142767733869611391e-01,-4.322794758522259806e-01,-4.518555399824871754e-01,-2.566389913648137733e-01,-4.702698686786699889e-01,-4.448894379586193493e-01,-4.573033445941907527e-01,-2.841948344573652085e-01,-2.476920049722091122e-01,-1.090533722520962701e-01,-1.077456296376492623e-01,-3.368764952313350602e-01,-2.640827063938418484e-01,-6.490835306787295922e-02,8.501878127937316509e-02,-7.415599322970380103e-02,4.997129154658207228e-02,6.152772924949759942e-02,-1.800817462686436499e-01,4.070775571134265802e-01,-1.408524124786216143e-02,-1.520724326274985327e-01,-6.679685915520161554e-02,3.542695729239210278e-01,-2.238981127024639375e-02,-9.026129760094414589e-02,-4.292626701017492330e-01,1.718774149490956415e-01,-2.335496699416494612e-02,1.890850216676376871e-01,1.290769012468823695e-01,1.765974978966670661e-01,1.885517455129017417e-01,1.156493529087996158e-01,-1.322249381139132141e-03,1.482165554228713211e-01,7.348834062738877730e-04,-1.796148113440490801e-01,-1.785352379983690674e-01,-3.356402878895053954e-01,-1.864425710505660250e-01,-1.003580769318136723e-01,-2.357127962878472482e-01,5.012332447474029951e-02,-1.290113761042227802e-01,-2.188307225199438988e-01,-2.426591819556288832e-01,1.186091086275985612e-01,-2.082588903178589634e-01,4.295696646298019332e-03,4.018365270212301832e-01,5.637697086834268789e-02,3.631848878660270397e-01,-2.263773771591925110e-01,-1.287009734023480678e-01,-3.043303273857361768e-02,6.409761760298464395e-02,1.529195401201970950e-01,1.979767361761056721e-01,-1.774652217408848875e-01,1.091105911210802082e-01,-1.669479377042593082e-01,2.320545412378956229e-02,-6.433414871180251349e-02,1.884547175967318244e-01,-1.808060948723604344e-01,-1.725593409839096259e-01,-8.123636100003925331e-02,-1.306060768456689981e-02,8.169079863504224992e-02,2.119732718859552723e-01,1.924440461935631452e-01,-1.055105647656635198e-01,1.327062060513238828e-01,3.353714764232764572e-02
