0.000000000000000000e+00,6.779347852642744199e-01,1.796212177460032033e-01,7.962234380501095887e-02,-2.694204410104689695e-01,1.851445693724327810e-02,-6.154501010479941636e-02,2.799485916972506080e-02,-4.641529661268198326e-01,-1.281322932840860407e-01,6.339366547525981943e-01,4.042646735094617555e-03,-2.100099179070803457e-01,-8.870611334631184342e-02,-2.044668945520171366e-01,1.080816877756543420e-01,2.715268654930008130e-01,2.073774630664116658e-01,5.346879469333902790e-01,3.946517973604286578e-01,-1.457334806155626272e-01,-3.730803899628139654e-04,-2.357058520479337130e-02,-2.067146935352353054e-01,-2.247065413752225849e-01,6.848039253566680015e-03,-5.118530044993389178e-02,7.268895868320285336e-02,2.284816188800938841e-01,1.710878925308681464e-01,1.068504691587170846e-02,-1.047520713945266635e-01,4.071771798681176890e-01,1.983672307331997842e-01,6.021133582054608198e-03,-1.362823716111486450e-01,8.471527806405525218e-02,-1.995199615266630630e-03,1.779173765476638192e-02,8.324435876179073213e-02,-2.591019996941644477e-02,-5.451090318963183745e-02,-3.831196328844531096e-01,-2.622727925676697214e-01,-3.576197383502754401e-01,-2.279340909399165394e-01,-3.036755051911499415e-01,-3.624901312340909620e-01,-2.373212787359696985e-01,-2.085032169959200876e-01,-2.939844475259978038e-02,-2.248982113416362338e-01,8.754762209807785689e-02,-1.826989652732268210e-01,4.733974591252650306e-03,-1.968152405184725104e-02,8.109476666110355669e-01,6.867948103399192927e-01,2.919194602518717652e-01,2.571415106190552136e-01,5.563556677656278371e-01,2.293061036903949745e-01,5.970100974391824300e-01,3.779743812301362693e-01,1.755457355227997562e-01,-7.027870193529678344e-02,-1.160292556066437469e-01,-2.228646072054605021e-01,3.590850029468125593e-01,4.060460567672978804e-01,1.438227998268530039e-01,-1.705944179796413107e-01,2.811295839142571862e-01,2.037224764100840357e-01,1.617242507874454630e-02,-1.791095937336828481e-01,-1.335177036203000767e-01,-2.351135220380166369e-01,2.125597967162714541e-01,6.692848985949399754e-02,2.400610920313500929e-01,1.626790977841688357e-01,1.509408707556324745e-02,7.262828881255904701e-02,1.352548896929085254e-01,-1.538322328204375089e-01,-1.815278532554836372e-02,5.253262711857708406e-02,1.421435365162927456e-01,-1.601116185666679459e-01,-4.396894153801376715e-01,-3.190188651144713061e-01,-3.699362213415087197e-01,-1.807365643457518878e-01,-2.881964160441873868e-01,-8.355175772800824130e-02,-1.622883422999614189e-01,-4.167641501653973624e-02,-1.267004867956693093e-01,-9.286416984814983844e-02,7.458408377783766474e-02,-1.453956795154605630e-01,8.388827241341147156e-02,-1.626320969628497135e-02,2.860681982809628598e-01,1.664418083999542608e-01,-1.183658731612962783e-01,-9.650936826389625023e-02,-6.728133769020477883e-02,-3.501145655693637532e-02,-3.058085841827338225e-01,-3.167486013221162966e-01,-2.071066551192901894e-01,1.020583642888140199e-02,8.641246207227133713e-02,-9.035382040004316662e-02
6.779347852642744199e-01,0.000000000000000000e+00,1.474235305209402880e-01,2.208695529551445852e-02,-1.647249503754995570e-01,-8.898337389873740150e-03,-1.543966948204295586e-01,-3.447327465426108795e-02,-3.944839285444399213e-01,-2.054796236848069058e-01,3.586522738432679769e-01,1.136800092547737007e-01,-2.333031248270268920e-01,-9.814877521282674988e-02,-1.976756418397975501e-01,1.743235127124154876e-02,2.641072123392022575e-01,3.709505526637341677e-01,4.532305578902151577e-01,4.830387541132065143e-01,-6.125233182074930893e-02,4.386590466343543576e-02,-7.949579176549655124e-02,-2.608980617019339698e-01,-1.761948440765578050e-01,-5.223358773109356562e-02,-8.706799163338191372e-02,9.292647490886217498e-02,1.894495262655388756e-01,1.735590533625131493e-01,1.397180460306829408e-02,-6.390027149805430073e-02,4.054200108278611658e-01,2.682057998542748956e-01,-5.393000510210235049e-02,-2.785706972276797977e-01,1.414786127694544482e-01,7.164898137684101720e-02,-7.000911672210963221e-02,1.228650347757363065e-01,4.936863917592950596e-02,9.018260527503331458e-02,-3.033775773341120807e-01,-1.244784353255632692e-01,-3.552534049347592093e-01,-1.691653007783142648e-01,-1.758813096444975521e-01,-2.597155032433752231e-01,-2.508352187000143507e-01,-2.379569001271419904e-01,-6.297049884653332930e-02,-2.092934171696015089e-01,-4.149757340303186770e-02,-1.904361992960598160e-01,-3.883624647859063722e-02,-1.937836407279589293e-02,6.799860065993621472e-01,7.803889234275883657e-01,2.990632059722215241e-01,2.434511990228027112e-01,3.682806391566357251e-01,5.481443061868640498e-02,3.876053620892180862e-01,3.740287274859593336e-01,-7.740292335397262746e-02,-2.768895344318498264e-01,-1.171759486532961830e-01,-1.871148330730627307e-01,4.369348029905079089e-01,4.894691641312576835e-01,7.663481722673302909e-02,-4.415856197247333692e-02,1.889453504669105222e-01,2.706681944020412067e-01,3.720973198861875220e-02,-4.435394730132620478e-02,-5.194625936427634677e-02,-1.297101973960222421e-01,2.039800499054870153e-01,2.212003363167478268e-02,2.372045515328679854e-01,1.311572550273956694e-01,2.283434849247314644e-02,1.286015230657264197e-01,-3.572577645366688259e-02,-2.477036986794069473e-01,-4.399717441322044398e-02,-5.378748222601456401e-03,8.913249389590921501e-02,-1.530443410465413823e-01,-5.389297715503311714e-01,-3.492949111143968111e-01,-2.710537763872451489e-01,-1.116593570564503174e-01,-2.199467999307319344e-01,-5.794181282400268085e-02,-7.943988684004360534e-02,6.477049731299454327e-02,-7.442685322743361476e-02,-1.848091937016892172e-01,1.006572385123060270e-01,-1.455286372843176967e-01,8.845388960121185196e-02,-4.339765296662229793e-02,3.127572264224324772e-01,1.957588413494505686e-01,-1.658014025889748555e-01,-1.556065802865133074e-01,-6.427940496296738471e-02,3.718158367666077324e-02,-2.251949149191795896e-01,-2.866364062675103019e-01,-1.532424418437503544e-01,1.015807789013203483e-01,4.635096694478447327e-02,-1.552128373565979658e-01
1.796212177460032033e-01,1.474235305209402880e-01,0.000000000000000000e+00,6.646720199301335841e-01,-2.519955060304796546e-01,3.061635954894996181e-01,7.401405733870597414e-01,4.154285290383543106e-01,-1.373167930479747556e-02,1.157586725313218268e-01,1.221379330066817842e-01,2.142685543878888321e-01,3.648671628605075212e-01,5.686028972860635716e-02,7.315322345651235902e-02,-1.932243425120897320e-02,-7.433225599626429314e-02,-3.029536843414875821e-02,4.560271884007219834e-01,3.386694258903759636e-01,-2.005841997344762484e-01,-9.318799101963862186e-02,5.876852884552918876e-01,4.858580284638636115e-01,-1.122717942111375045e-01,1.827116264062110806e-01,-3.704451099817765991e-01,-2.273163260826638610e-01,-1.356278354098260364e-01,6.609553832381307760e-03,1.653740111374894517e-01,2.253786152894334260e-01,4.015204184076187066e-01,3.495815577102496241e-01,2.024828667145202044e-01,-2.774621578103137615e-02,-3.406763646136208856e-01,-2.198524532058080128e-01,-2.512641206674424699e-01,-2.287189472142334978e-01,-3.787067281317962886e-01,-4.361980137563884613e-02,-1.609840472990376747e-01,-1.333197140347555654e-01,-5.086397707632967641e-02,-1.240154082298575711e-01,-3.381748040075217010e-01,-3.999835642721679130e-01,-2.444117907065436190e-01,-2.361007893219462528e-01,-1.473188022756957150e-01,-3.718600895775616144e-01,-9.012432751192529790e-02,-1.042763259384822672e-01,-2.942476974594271377e-01,-3.497945152903057520e-01,1.322198571290981450e-01,-8.256882075130189680e-02,-1.023298462224302846e-01,-3.708690228104764008e-01,4.488463620029914392e-02,-9.035656342544298465e-04,2.001568016771504074e-02,-1.736363016417986072e-01,2.741696689424497069e-01,-1.254524681007005045e-02,-1.002491730947896453e-01,-2.649249863795904436e-01,8.313224278611353046e-02,-1.634334428379199955e-01,5.626400514870856170e-03,3.492412380695600893e-01,9.824880370293821719e-02,2.991044638955333013e-01,-1.997878779547824779e-01,1.518606900952162442e-01,-3.128406505578043562e-02,2.110605094478702759e-02,2.581543299024003507e-02,-1.489541268394745620e-02,2.686303099594128385e-02,-2.832860574266514095e-02,-2.032840299445750065e-01,-2.025354625201480629e-01,1.381767220665923446e-01,-1.542017680798609194e-02,-1.057798246862713398e-01,-7.599838515959042584e-02,-1.092954331416133573e-02,-2.580064925753106642e-01,-3.131484492401877540e-01,-1.730039767743211665e-01,-1.015548770827549852e-01,1.759235319335108183e-01,-2.557572547584159306e-01,-2.344432793708693952e-01,-2.382191398819099304e-01,-3.630423106466947325e-01,-3.415656955769910685e-01,-2.679535728911948134e-01,-1.665736391085960444e-01,7.057547797837614156e-02,-2.097224443663170679e-01,-1.920568953615942598e-01,-1.307898824027849960e-01,-8.734433409829983619e-02,-2.411468814113573444e-01,-1.981314610448878244e-01,-1.702499893841023793e-01,9.991009651267983294e-02,-3.054700554134207602e-01,-2.516535971344751599e-01,-1.381339822309562981e-01,-2.508416409667256833e-02,6.350990450493980422e-02,1.009181390024141145e-01
7.962234380501095887e-02,2.208695529551445852e-02,6.646720199301335841e-01,0.000000000000000000e+00,-3.257566908513628290e-01,6.968147802108566324e-01,5.862844188720944816e-01,7.748178593880624687e-01,-1.966174873940490508e-02,5.261238010205898652e-01,2.139594206402670173e-01,3.225994776906768169e-01,3.284141369013930389e-01,2.753365099824454654e-01,6.566634003180490953e-02,2.110697096120278393e-01,-1.891796936355730485e-01,-2.100732468079718196e-01,3.200271844086665096e-01,2.551203228919979860e-01,6.865466584979031117e-02,2.203492350401415473e-02,6.114454289168969048e-01,7.549564335704984641e-01,-1.549537132571238707e-01,4.216228013625683002e-01,-1.499362289373416535e-01,5.276641426200876644e-02,-1.232865297950460626e-01,2.629952990856468387e-02,3.423909592841345439e-01,3.582270404848277856e-01,1.982644173196791149e-01,2.358155838082367228e-01,7.880859762026339033e-02,1.396731146577338128e-02,-1.649272491361002957e-01,-1.189077045676305705e-01,-9.719085054401975510e-02,-1.634477265908290677e-01,-1.557358230160861001e-01,5.960822240768211960e-02,-2.938261820880882502e-01,-2.694847986041641330e-01,1.448497338482743896e-02,-1.914031563366996314e-01,-3.862799472398900091e-01,-3.852183322233435070e-01,-1.906824281185394154e-01,-2.413187653217532813e-01,-4.066716891068923867e-01,-4.079971406532644229e-01,-3.514877269032475327e-01,-2.617389109187411300e-01,-5.246646371300363043e-01,-4.259934400559532430e-01,-1.034205666236262949e-01,-1.384990889826145932e-01,-3.317423840474601482e-01,-2.966555761677765468e-01,-1.620619677227546074e-01,5.486373727027546443e-02,-3.178004517627895653e-02,3.275080098450919384e-03,1.800449969611045697e-01,1.743425217609637368e-01,-2.007298013815436988e-01,-2.606706275869848932e-01,5.581623254380588955e-02,-1.647211674366375056e-01,2.029504951570225424e-01,3.517829805492075357e-01,7.560288277878118857e-02,3.760838371187836815e-01,-1.548178646162198524e-01,1.284331646877306943e-01,3.611902781608886809e-02,1.408222385118125253e-01,-1.484887361402224548e-01,-1.161735020811208857e-01,-1.765488153364979940e-01,-1.350536249693444213e-01,-2.293943372515927781e-01,-1.629761081093226982e-01,-1.793519861556397421e-01,-2.086951265647619125e-01,-4.894047334674242467e-02,1.110511204822940273e-01,-2.809112967370865910e-01,-3.559960336169921274e-02,-3.335660240342079308e-01,-1.006512456738503924e-01,-2.533941712375917810e-01,5.113421614508145696e-02,-2.005281740413520919e-01,-1.836446104294394144e-01,-2.555720539594171226e-01,-2.506499304327369781e-01,-2.659878401561933670e-01,-1.673584462857480026e-01,-1.068505187216420849e-01,2.400445325627057203e-01,-3.607866889550409573e-02,7.123325085403901802e-02,-2.322435564584244827e-01,3.460935920304927110e-02,-2.782599608538981195e-02,1.333267773242012566e-01,-9.771598880410890808e-02,-2.288495017589562558e-02,-2.548280470794880848e-01,-2.705455512827413811e-01,-1.169020183854830447e-01,-1.480787052859433572e-01,-1.418529255223497654e-01,-3.935370582543138568e-02
-2.694204410104689695e-01,-1.647249503754995570e-01,-2.519955060304796546e-01,-3.257566908513628290e-01,0.000000000000000000e+00,-4.295976993271731770e-01,-8.083626862102757937e-02,-4.406464973834353649e-01,2.193039639326609946e-01,-4.725033350200515125e-02,-2.229351951803842380e-01,-3.017067718882094907e-01,-1.109883073320586805e-01,-5.205234045483220218e-01,1.075436688710682265e-01,-1.037161995490038513e-01,1.873578847090976718e-01,1.100528928876758489e-01,-9.035077061144490551e-02,-1.229722692438636189e-01,-9.178090461318779911e-03,-3.681006346743003615e-02,-2.585967305722366993e-01,-1.408636792255683889e-01,3.391476996751613959e-01,-3.400385572670709955e-01,1.376875302465626616e-01,6.721023605080088392e-02,1.596923880174091689e-02,-1.180907178265776653e-01,-1.407513007863304688e-01,-1.614733023788349903e-02,-3.332621819173025440e-02,-1.406610256734423109e-02,-3.662325806231934294e-02,5.142539185231709276e-02,-1.524956534689333731e-01,3.925400514433269317e-02,-2.157440118628035919e-01,-6.847109641473837771e-02,-2.763168683039736451e-02,-3.523909001093904203e-02,3.353166543612423611e-01,3.010552819815863757e-01,2.688318725957604682e-01,3.184963039902522497e-01,3.901004314075658397e-01,3.568088148476123433e-01,4.565163399325733451e-01,4.291504518180935812e-01,2.179994194198211777e-01,3.424760607472467355e-01,1.242290371634024032e-01,2.545997103726447275e-01,2.720286727432587592e-01,2.778360907527331336e-01,-2.202140377953288111e-02,-8.517177838318920613e-02,2.543613212632894194e-01,1.638554571747984356e-01,5.708791294643932035e-02,-1.866267257027935389e-01,-7.629976043870849434e-02,-1.648043046340510187e-01,-2.755289987753046371e-02,-1.061320116687869547e-01,2.446873856139977765e-01,2.035937843856648055e-01,-1.128861637508642157e-02,4.721583450105989316e-02,-9.395082772228770251e-02,-9.777038253576013360e-02,8.199551985972990120e-03,-1.482857166845362729e-01,2.381381765179780563e-01,1.519896783179355559e-01,6.714080352448896505e-02,1.061129019443080301e-01,7.200141323411322902e-02,1.343276257280529018e-01,4.168408173719958393e-02,-5.481981306959610861e-02,6.964455853681199293e-02,-3.876269770771994388e-02,2.547031099648761412e-02,1.815826373217105383e-01,5.017218066775632618e-02,-9.768429198322817197e-02,8.985253509259331917e-02,7.276445010768614607e-02,1.869948762608719117e-01,1.159945502018863428e-01,1.823439702343438162e-01,6.801436123830606473e-02,1.237380214488016522e-01,-1.571845736882528100e-02,-1.757091248749319615e-02,1.244097496884956355e-03,-5.632321357582878441e-02,-6.132756235798755839e-02,-1.902104196943812386e-01,-2.036873803502622093e-01,-1.801250191461820083e-01,-1.839616658360120893e-01,-6.729036843609348395e-02,-1.239891877556731914e-01,-1.432135228479742839e-01,-2.502066454138267004e-01,-1.555072911371299382e-01,6.915001192941024055e-02,1.384897080249738177e-01,1.360474247781101320e-01,1.165266574463597327e-01,5.210584676837685947e-02,3.975552148386196638e-02,5.515176467067088584e-02
1.851445693724327810e-02,-8.898337389873740150e-03,3.061635954894996181e-01,6.968147802108566324e-01,-4.295976993271731770e-01,0.000000000000000000e+00,3.483776591375525866e-01,6.573567586243246330e-01,1.909257445651440788e-01,6.677294774456576931e-01,1.527820678535438126e-01,2.849844220967082120e-01,3.362437330693353599e-01,5.010769976906520595e-01,7.702626069250788354e-02,5.464844547845395528e-01,-6.363011304162044524e-02,-1.394017517135917872e-01,1.395755497259860145e-01,9.437787024834713712e-02,3.146943186305482532e-01,5.572851804241749779e-02,3.222832397758306766e-01,5.765218248583093841e-01,-3.206715857948071458e-01,7.630944989516467158e-01,2.101919432256142972e-01,3.782523638651614784e-01,2.842884492456750067e-02,9.471382883238804729e-02,6.432821585829086031e-01,5.396696941050516116e-01,-9.081453258479478541e-02,-1.688662404659312111e-02,-4.653209197195751212e-02,1.236735768756677678e-02,-2.713509553789168055e-02,-1.438264722677791707e-01,-5.179096355009173321e-03,-1.516079493929159971e-01,8.029635266984626318e-02,2.850036626075298785e-02,-2.697635345409880592e-01,-2.920907362778659144e-01,7.175188705287073587e-02,-1.541273600019816281e-01,-3.115460921575904374e-01,-2.748461031024929668e-01,-1.283625094537539368e-01,-2.644815385334525759e-01,-3.902723425245523403e-01,-3.254003029216709364e-01,-3.682933617037569274e-01,-3.491583257972356580e-01,-5.118664513484530998e-01,-2.452592465748086037e-01,-1.428477778492857897e-01,-7.198301053994493603e-02,-3.336353486683730218e-01,-8.577548985688517036e-02,-2.600522520765700119e-01,9.407736627405706431e-02,3.315867363238171606e-02,8.040553618010316816e-02,9.945094086195882532e-02,1.777594061667940040e-01,-1.077709439099617666e-01,-1.066134460874929163e-01,8.815631438504072104e-02,-8.309481122839847134e-02,3.690003892226876858e-01,2.684101770090103756e-01,-1.770337488654285044e-02,1.538108713995175181e-01,-1.986564538126597557e-01,-2.013565518758509421e-01,-7.310278284627982903e-02,5.889455641209154907e-02,-1.928791271718486855e-01,-6.063789654968782666e-02,-2.324255681651789252e-01,-2.166968632372961723e-01,-2.335888190450963187e-01,-2.229129525171950205e-02,-4.495406118308777899e-01,-4.257044621254629790e-01,-2.116867176960089691e-01,3.657336582716546602e-01,-4.219268557750682214e-01,1.254858405236629615e-01,-1.939394467004408873e-01,7.731360540829864021e-03,-3.375123349458185040e-01,-1.425493035301324263e-01,-6.667099607632642755e-02,-6.471690192353511673e-02,-1.192095273267278349e-01,7.482914992276076815e-02,6.596301084551887961e-02,1.427376276104644903e-01,2.303026446567461860e-01,3.747727906352745775e-01,3.562017540520268088e-01,4.246152985376395739e-01,-2.254986435668658029e-01,9.729320840345266619e-02,2.418388711099732635e-01,4.734700769695794342e-01,4.876386977680502444e-02,-1.628320060928850899e-01,-1.627913825878158499e-02,-7.195406320310981929e-02,8.857604124116807975e-02,-5.132341521725941602e-02,-3.327062972000431329e-01,-9.213989399220350041e-02
-6.154501010479941636e-02,-1.543966948204295586e-01,7.401405733870597414e-01,5.862844188720944816e-01,-8.083626862102757937e-02,3.483776591375525866e-01,0.000000000000000000e+00,5.501809887469512050e-01,2.935222417992466304e-01,3.006698901494943010e-01,1.142729474237108717e-01,9.544585593509996579e-02,6.422556053535181109e-01,1.341429044892779865e-01,2.339310454878130996e-01,3.898624825999352523e-03,-1.357121800771075582e-01,-1.825674435242994886e-01,2.976158316006369819e-01,1.587421261014837770e-01,-1.870670903763947401e-01,-2.538421520977435786e-01,4.424812048600131886e-01,5.192379899550695344e-01,1.481178482663132040e-02,9.808545230770378265e-02,-3.131906987985080826e-01,-2.009310459402429416e-01,-2.105207284286862435e-01,-1.841307277697998568e-01,1.305137825102297144e-01,2.285735194349955146e-01,2.787967381113278242e-01,3.742723921477171811e-01,2.551475640344465501e-01,1.943835479468904726e-01,-4.339865703316784229e-01,-4.468431111461234062e-01,-2.227617853100287704e-01,-4.443043865772290379e-01,-3.937150217357710535e-01,-2.772777014150100139e-01,-1.288218500686777734e-01,-1.428194108633133452e-01,1.451832351558564049e-01,3.973110738766050948e-02,-3.227135258597964018e-01,-3.769525043080517168e-01,-9.737861155513871658e-02,-1.414118333275297783e-02,-1.455912852207364439e-01,-1.878439367002606442e-01,-1.629270214955713114e-01,-1.316542729912587584e-01,-2.627831636856142183e-01,-3.808545035149553115e-01,-1.145060698565451007e-01,-2.182470338471448612e-01,-2.222776143585472042e-01,-2.386153315119999840e-01,1.197053983804251820e-01,3.541305565962475921e-01,-5.355057074247761978e-02,-5.639558012214433008e-02,3.826896495604035220e-01,4.090221175281228416e-01,4.197181056159646727e-03,-7.603584789059519844e-02,-4.073003031903500715e-02,-3.267188240689519185e-01,1.543465072298155251e-02,1.312941391068032093e-01,1.053731597750567212e-01,1.266093512167495438e-01,-6.281995316010424713e-02,7.736589978830780978e-02,7.462099978844850823e-02,1.544089360644809727e-01,-9.778666354597391475e-02,-1.015412971275617277e-01,-1.691249218671835586e-01,-2.121383615577126236e-01,-1.915393109557997353e-01,-4.320967029787494140e-01,-3.426652526520389264e-02,-5.105400272732659589e-02,-1.116283572087458792e-01,-1.927093465029980635e-01,-1.103236492876454866e-01,-1.819715912494187793e-01,-1.513654088056975988e-01,-1.602628201588326140e-01,-6.154965502596097121e-02,9.808108531300756272e-02,-3.239784081020553042e-01,-3.182405158743327189e-01,-3.769641843729218955e-01,-4.875115052903887802e-01,-3.276416751576234909e-01,-2.088011785989106750e-01,-1.311939605701843981e-01,9.654811303949478729e-02,-1.634596536623845464e-01,-1.940369802639990149e-01,-2.058700820849120039e-01,-1.152057876770047201e-01,-1.955820399443639335e-01,-1.306915553014057207e-01,-1.825059361464619889e-01,-9.921795106623557126e-02,-3.197974919834005170e-01,-2.367277185957824270e-01,-9.499671181707522449e-02,-8.376829460057413912e-02,-1.485660425889765227e-02,-2.824721286971243125e-02
2.799485916972506080e-02,-3.447327465426108795e-02,4.154285290383543106e-01,7.748178593880624687e-01,-4.406464973834353649e-01,6.573567586243246330e-01,5.501809887469512050e-01,0.000000000000000000e+00,8.324721221172905194e-02,5.448378679115610801e-01,1.359644808900772051e-01,4.158260517280237267e-01,3.635221223962161741e-01,5.325366538353994983e-01,1.138446366338684707e-01,1.112286965717519810e-01,-2.613390443898877535e-01,-2.755752267877179529e-01,1.866907287880261723e-01,1.606966231636194342e-01,9.995275907244374758e-02,4.013128936725758600e-02,4.491237041095637039e-01,5.993310709458113950e-01,-7.226017844018020608e-02,4.122855159346125453e-01,-3.651271766087340470e-02,-5.002040019607052225e-03,-1.911153208824469540e-01,-1.949662435630608939e-02,2.271021557633040033e-01,2.571330250667557271e-01,1.217723912658905949e-01,2.575878666957459040e-01,5.935277149036625316e-02,5.820592396125192497e-02,-2.127824147406728872e-01,-3.166445856936298542e-01,-3.745789099138669559e-02,-2.894450096190654409e-01,-4.803400076786838030e-02,-5.679097665757659730e-02,-3.083455617319326714e-01,-2.655079428806055297e-01,7.920251414485675323e-02,-1.776475272116713189e-01,-4.422848880667314408e-01,-4.483958566852782046e-01,-1.493724996737087751e-01,-2.137182146640815572e-01,-3.519248712148552727e-01,-3.019970321808834735e-01,-3.911218075238156455e-01,-4.233216998656877395e-01,-4.242242510002173228e-01,-4.539233291297328221e-01,-2.006851021967843152e-01,-1.313560655149744738e-01,-3.987113009522611495e-01,-1.128273668551524056e-01,-9.584629410717893094e-02,3.448397606657077619e-01,-1.199621638380074691e-02,2.014844732379337811e-01,1.009911886854832214e-01,3.687913629685190542e-01,-1.096226131689383987e-01,-1.013116377138291307e-01,3.176864066791296182e-02,-1.893776363563293708e-01,1.566253442043765987e-01,1.795992049308620664e-01,5.383666617580316199e-02,2.166645026539432972e-01,-9.618410230222565471e-02,7.347885655129975623e-03,8.826954342647617968e-02,1.066170188653245421e-01,-2.178807368267591527e-01,-1.591046644627991113e-01,-2.888740458154554491e-01,-2.177533137785937489e-01,-1.357903643015324069e-01,-2.156802000537244302e-01,-3.134619605406394616e-01,-2.641629515280770057e-01,5.415631978456107026e-02,4.956695668543657091e-02,-3.050698915933887645e-01,-6.566634419187361571e-02,-3.465028854789751200e-01,-2.310547412916607313e-01,-3.579648286342769770e-01,-1.932978809938937503e-01,-2.375188115881627926e-01,-2.277579315874722621e-01,-3.194661891387406971e-01,-2.150590917618261655e-01,-2.531060409520712873e-01,-9.166305027555080032e-02,3.376539173236507013e-02,1.638794009045221600e-01,5.117206357439466752e-02,1.416464164708689799e-01,-2.201784123613451660e-01,-1.677974705586588594e-02,1.183259123563852079e-02,2.635531062970503657e-01,-6.557863105719854979e-02,-1.609775232064436234e-01,-3.169189612020083535e-01,-2.744483962796404608e-01,-6.396137342151689276e-02,-1.550539069278494275e-01,-2.467136175812856269e-01,-5.105712764643919460e-02
-4.641529661268198326e-01,-3.944839285444399213e-01,-1.373167930479747556e-02,-1.966174873940490508e-02,2.193039639326609946e-01,1.909257445651440788e-01,2.935222417992466304e-01,8.324721221172905194e-02,0.000000000000000000e+00,3.414611274214946479e-01,-3.777894801604280151e-01,9.698948948067449838e-02,5.747011892971277680e-01,1.926356618194427772e-01,6.374894702476325836e-01,3.321964714844747313e-01,-1.699583352794832025e-01,-3.287794480835895539e-02,-7.109817422466103987e-02,-4.993185741218293672e-02,2.446048110256574537e-01,2.044320569528421810e-02,7.439899307667731387e-02,2.502644306293182463e-01,1.448540255025567991e-01,3.427828752579023530e-01,1.774276820000376953e-01,1.867079511962188298e-01,-1.267188057987142791e-01,-3.662123438693911520e-02,2.479604488254076589e-01,3.787663853336305508e-01,-2.250438006847363670e-01,-6.297503612187414779e-02,-1.414643153646368565e-04,3.249221671034411424e-02,-1.367681444296952320e-01,-2.676709340824211525e-01,-7.309700636145648189e-02,-2.929520991004567754e-01,-2.791597749118729724e-02,8.884614041783122848e-03,-3.393378542550514604e-02,-1.020193105002415029e-01,1.616516839725136989e-01,-2.484487934439798956e-02,-8.787010679025906990e-02,-9.767390572074671762e-02,1.608059686916949449e-01,-5.650858977070402633e-02,-1.190823501675715990e-01,-3.674768283877549030e-02,-2.308514471230994347e-01,-2.644777406696453559e-01,-1.545558259101023346e-01,-1.183671099043969444e-01,-4.591143607726415610e-01,-4.617130148854458604e-01,-2.868370574159463393e-01,-1.247722134448786407e-01,-3.303481533671812631e-01,-5.509866180499413402e-02,-2.901431646693916622e-01,-6.460819229875683356e-02,4.198517663816743462e-02,2.082501482598463072e-01,1.094230674436126732e-01,1.221360044992107902e-01,-1.449642841480540401e-02,-2.732144619341954073e-01,-1.005838650955163810e-01,1.766568846382461366e-01,-1.589386675343445188e-01,-1.065071777925114260e-01,-2.564313767343150835e-02,3.361143329558644033e-02,4.816005874058131714e-02,1.319333329882500794e-01,-2.129921380132807351e-01,-2.162655751678734251e-01,-2.331361040838337007e-01,-1.375873951297339748e-01,4.609069130198905490e-02,2.491647389426256045e-03,-1.078335358291658413e-01,-9.955474972129869926e-02,1.517319279237790697e-01,2.627713657634057065e-01,-1.247110061778874956e-01,5.165159765039692430e-02,2.739553474853378412e-01,4.405583795633891131e-02,3.777482440413335030e-02,-1.559747684914419841e-01,3.283746476097085254e-02,-9.476012330242176984e-02,-7.555119904032529810e-02,-2.627855485500953103e-02,7.220112035601662648e-02,1.871015219672445828e-01,2.074652891557944578e-01,7.733936475821213963e-02,2.658502413034068979e-01,1.789399038760686733e-01,-5.846283574359101981e-02,2.197018101481770444e-02,1.883736969297207242e-01,2.387525680478478907e-01,-8.619385928060235890e-04,-1.825182333912042099e-01,2.217836755950200467e-01,2.304302432215604435e-01,1.638897460692591290e-01,-1.215459129109154601e-01,-3.334190643941365995e-01,-7.804257876424011697e-02
-1.281322932840860407e-01,-2.054796236848069058e-01,1.157586725313218268e-01,5.261238010205898652e-01,-4.725033350200515125e-02,6.677294774456576931e-01,3.006698901494943010e-01,5.448378679115610801e-01,3.414611274214946479e-01,0.000000000000000000e+00,1.184437894209407482e-01,2.394544045656717968e-01,4.699047789551981658e-01,5.232473893618851957e-01,3.742884099585413460e-01,4.846984122357260172e-01,-7.483154587532829527e-02,-1.815538638537327609e-01,1.232945785604760841e-01,-9.964792661489040027e-02,4.828657060731630923e-01,2.755923820398352708e-01,3.100024876782743188e-01,5.966052330225395384e-01,1.273829386676432127e-02,5.405634572340247690e-01,1.860965916170150836e-01,2.507553845287456284e-01,4.169543935269404145e-02,7.262255394911699968e-02,4.429969234245971221e-01,4.243294592040754987e-01,-1.972480018959880121e-01,-2.314623606305156456e-01,-3.340787143792268987e-02,6.360409483759435489e-02,9.945121951206334354e-02,-7.697378658097223103e-02,-5.084537829769346373e-02,-1.141102658618398241e-01,3.162433527694185065e-01,9.489202960243729723e-02,-4.392919311381388026e-01,-3.846243533314956387e-01,-6.206097485080445258e-02,-3.521495410733287978e-01,-4.486778450634826831e-01,-3.819531939537826326e-01,-6.855736687664742979e-02,-2.990617708877002512e-01,-5.556388666918400387e-01,-3.163928589225785681e-01,-6.207316418016252113e-01,-4.941307901599448771e-01,-5.142140222650444237e-01,-1.576684582114276090e-01,-4.010409202514547133e-01,-2.648357213559385248e-01,-6.474341354424026918e-01,8.446388181691985228e-03,-4.931831707403001031e-01,-9.209132586326804898e-03,4.898896774917396724e-02,7.191112269825958303e-02,6.046205132479014199e-02,2.620315935358939474e-01,-9.245225467983095302e-02,-6.503529181428581440e-02,1.704705901664875234e-01,-1.798379853499857961e-01,4.531636890160059550e-01,2.066802650972424105e-01,4.764328417376197111e-02,-5.217243033003046010e-02,-3.303704577119263852e-02,-1.291896022627632978e-01,1.702564725226727027e-01,2.589122238868805104e-01,-1.321654354086922167e-01,-1.304124122080065895e-01,-2.944907882590340198e-01,-5.235191835058237986e-02,-2.085469173841568435e-02,8.339679735792870918e-02,-4.081783386877255726e-01,-2.473119722362093209e-01,1.819371180373334784e-01,4.936978824553205913e-01,-4.619445976610970783e-01,4.462041975612325295e-01,-1.842851585043189452e-02,1.674239151439974593e-01,-5.321230990598819766e-01,-4.187908802221819715e-01,-1.785781601968485510e-01,-8.255723177043505778e-02,-2.507876659310455114e-01,1.537410662450345300e-01,9.721782320894853391e-02,3.491443573246807430e-01,2.084546597112570676e-01,3.793113949446426103e-01,4.485573290793433698e-01,6.389205574811124277e-01,-8.417509087707351900e-02,3.031829589825604798e-01,1.779657352082528732e-01,6.609520461002545977e-01,-1.144674638678169071e-01,-2.922290544406637158e-01,8.371412575383269106e-02,-6.367960109029585647e-02,1.378389584326600026e-01,-3.532342871523430072e-01,-6.015404410140569036e-01,6.184485617900811055e-02
6.339366547525981943e-01,3.586522738432679769e-01,1.221379330066817842e-01,2.139594206402670173e-01,-2.229351951803842380e-01,1.527820678535438126e-01,1.142729474237108717e-01,1.359644808900772051e-01,-3.777894801604280151e-01,1.184437894209407482e-01,0.000000000000000000e+00,2.352586534329358658e-01,7.900140289775532676e-02,7.211597483585423241e-02,-1.157989397514897906e-01,2.552167230846431045e-01,3.319426875607483507e-01,1.819681915477887879e-01,4.419199023066124332e-01,1.927369336301632263e-01,-8.994997960506438683e-02,-6.639437823894087098e-02,1.269876592114600744e-01,8.593256065492585818e-03,-7.830413734520523528e-02,1.387623588936526542e-01,-3.800021029096254527e-02,1.409258398028200299e-01,3.861812371596357041e-01,3.077549077236378383e-01,2.408896381570670431e-01,1.697804301236887636e-01,2.532851759821214133e-01,1.216213821158268343e-01,-1.752123088695131323e-02,-5.857198156201342404e-02,6.374675466450037409e-02,-6.518507267249745718e-02,-7.969080577604913118e-02,7.303936908421740370e-02,8.180832815762814625e-02,7.539701565520944525e-03,-3.397913069544881148e-01,-1.857330408684281509e-01,-3.033938863373543682e-01,-1.913140249865466769e-01,-2.037646123022015532e-01,-2.015332236745302485e-01,-1.828347065886690159e-01,-9.539122992793100386e-02,-1.072457738577564101e-01,-8.067832947637476604e-02,1.198531808533110851e-02,-9.567538971143969839e-02,-3.681490003681828216e-02,9.397816872960786105e-02,4.576407658797236877e-01,3.689835367243035069e-01,-1.422114784740690675e-02,2.114431563977695605e-01,3.317268726510381183e-01,2.265110081229432248e-01,4.891986192936281230e-01,2.696798495824661579e-01,2.392294520969505678e-01,1.194165496895041173e-01,-2.266100925635099739e-01,-1.976930382165444922e-01,1.162067396069532688e-01,1.519389012309577125e-01,3.069127320631087064e-01,-8.722264399018422876e-02,2.972765475518492351e-01,1.721984342000282553e-01,8.576163882495578539e-02,-1.462095362454125524e-01,-7.719708956789089749e-02,-1.168396081887133620e-01,2.458336657563513772e-01,1.102130281409721829e-01,1.944557293480671523e-01,2.316313260400615082e-01,-6.010627824451371393e-02,6.559576683545609299e-02,2.368471779959681334e-02,-6.624260546861529542e-02,-7.139304004852949082e-02,7.068344428090478360e-02,-4.940844082717240487e-02,-2.853373979951982168e-03,-3.176496204952619085e-01,-2.178647052270870910e-01,-4.310590347334923855e-01,-2.561663015448305547e-01,-1.579553432709362992e-01,1.125792557594368498e-01,-1.537893816359135468e-01,-9.559941260950829967e-02,-1.433079343101772152e-01,-9.393150840429237425e-02,1.100294068678088905e-01,-1.044949508579148395e-01,1.261225075144266072e-01,7.312490974863015969e-02,1.127475476372118285e-01,9.435672740385672719e-02,-1.133971093893481191e-01,5.012213475563608023e-02,-1.048297235178706314e-02,3.053295759180998589e-02,-3.149256729039897063e-01,-4.084322610665834796e-01,-1.112534488923583864e-01,-9.141915548725187968e-02,2.278862827908660973e-02,-3.465851184905865273e-02
4.042646735094617555e-03,1.136800092547737007e-01,2.142685543878888321e-01,3.225994776906768169e-01,-3.017067718882094907e-01,2.849844220967082120e-01,9.544585593509996579e-02,4.158260517280237267e-01,9.698948948067449838e-02,2.394544045656717968e-01,2.352586534329358658e-01,0.000000000000000000e+00,3.149312229187142265e-01,5.860062977261543127e-01,2.140282849891843309e-01,2.671121749659334799e-01,-6.823857097257002291e-02,9.381206396398900083e-02,3.084550651292922163e-01,3.460929773148214150e-01,1.063716808806949299e-01,1.232548755051996597e-01,2.971414165635574700e-01,2.722247524224028492e-01,-5.571377434693404289e-03,4.504198293773103989e-01,2.752357280784274024e-02,6.775237791155373779e-02,6.234456483303735946e-02,3.430056540466754345e-01,4.061899932400043212e-01,4.697148256881534811e-01,9.089965784310932717e-02,1.630977731124166330e-01,-2.326433774438877167e-01,-3.273707550285265833e-01,-6.685061774503897603e-02,-9.339922697882070690e-02,-1.500156064367762221e-01,3.983927455382904603e-02,6.374713204700363511e-02,3.195730803056305303e-01,-1.046540169884200150e-01,2.999761084534591921e-02,-8.845272109485272094e-02,-2.252417409782202506e-01,-1.307760428426003041e-01,-1.178921411759642351e-01,-1.768715103826144219e-01,-2.583802783836773309e-01,-1.001718005236424403e-01,-7.555809178123899794e-02,-1.238947776211719587e-01,-2.405576184669664941e-01,-1.005266588777761899e-01,3.708256633067261165e-02,-1.754112740008980931e-01,-1.832029669960426044e-01,-3.120656215596726568e-01,-1.965411275508723021e-01,-3.211094618636769482e-01,-1.092528147851920955e-01,-5.825912803732289508e-02,7.856479007719661956e-02,-2.279711029560108349e-01,-7.568984394297359475e-02,-1.673208654540436768e-01,-1.216350431969230317e-01,6.616076915248515766e-02,6.605761146980027032e-03,9.602235610907318419e-02,5.106585529985278038e-01,7.570718960546715670e-03,3.505716750382940061e-01,-2.317019717172503213e-01,1.501813670344897544e-01,4.089350806906431879e-02,1.491226281996864134e-01,-5.724583799416101820e-02,-1.356110730766189182e-02,-5.402533303771713674e-02,2.314593077945655830e-01,-4.300413731711007215e-02,2.073130048875836684e-01,-1.382437911997199363e-02,1.529721381897904409e-01,1.102988409833809275e-01,2.507769113730002331e-01,-2.393582167764560509e-01,-6.978257279183941453e-02,-3.715283150850598459e-01,-3.031560110733779734e-01,-3.246707091613845741e-01,-2.531986438603747724e-01,1.139214906838079307e-02,1.758956737183719338e-02,-1.446067062804572700e-01,-8.617662265423203793e-02,-2.172500012582973816e-01,-1.884970275136143847e-01,1.547406634624534649e-02,1.657625388903531324e-02,7.681864927376239049e-02,1.193649146811948530e-01,-1.631085308350973540e-01,-1.706935788744538482e-02,-3.804782382628759535e-02,1.961510471371543940e-01,-5.703216701868939892e-02,4.378134270084797774e-02,-2.523653697435108145e-01,-3.071061980927864421e-01,-1.131522949399652866e-01,-1.730118784582129199e-01,-1.461453748668378461e-01,-2.928598610528628313e-02
-2.100099179070803457e-01,-2.333031248270268920e-01,3.648671628605075212e-01,3.284141369013930389e-01,-1.109883073320586805e-01,3.362437330693353599e-01,6.422556053535181109e-01,3.635221223962161741e-01,5.747011892971277680e-01,4.699047789551981658e-01,7.900140289775532676e-02,3.149312229187142265e-01,0.000000000000000000e+00,4.130920099189213657e-01,6.390912305582758801e-01,2.857354069572929367e-01,-3.327962654455930702e-02,3.794139332945457160e-02,1.298450558331989413e-01,2.106344926329196260e-02,1.688674585988172161e-01,-4.358340337032261952e-02,4.512730466227509174e-01,4.432423810993170732e-01,-6.442500177746866841e-02,3.337907193303242259e-01,-1.585184818712977450e-01,-1.543807918085045583e-01,6.066879539391415582e-02,1.030100515702819797e-01,3.628281139470738714e-01,4.521913239971172005e-01,-3.160053251703267424e-02,4.693649007047000915e-02,6.545787639666536539e-02,3.480697298720736299e-02,-9.221466683646530049e-02,-3.518851774914474317e-01,-3.181826463871713362e-02,-3.059794046720524241e-01,-1.984194638763783769e-02,1.677016992929139874e-03,-3.567434613426910817e-01,-3.583744369561819298e-01,-1.076416151712683844e-01,-3.104946308132930377e-01,-4.604719961077468060e-01,-4.505488778355937751e-01,-2.370911874301696309e-01,-3.056412311603158294e-01,-3.126102855974024486e-01,-3.459770655222931812e-01,-3.387683751071951521e-01,-3.824281258560771057e-01,-2.589543123358712395e-01,-2.409872803549800990e-01,-3.288016600574142911e-01,-4.453548729847627841e-01,-5.555231688069739437e-01,-3.437788095721407977e-01,-2.459990441015183771e-01,7.858053914428386744e-02,-7.559718771953774508e-02,-4.259150010752105198e-02,1.990008725843365189e-01,3.348899934037804504e-01,-2.183335835184844198e-01,-2.394770546562530189e-01,-1.023746083793429518e-01,-4.610021616819854340e-01,2.094678863423245774e-01,2.642695933801628705e-01,1.116184390488518530e-01,7.546140490917592480e-02,1.717900721338385533e-02,3.662217067513257734e-02,9.492716750284009575e-02,1.616518571317948350e-01,-1.274932133434552028e-01,-1.583007510478865454e-01,-1.208792811612613427e-01,1.613763101814552972e-02,2.362718076035916562e-02,-6.452098039293427401e-02,1.629992556770569478e-02,-7.204211900770325638e-02,1.990111043162440807e-01,1.636204657461736711e-01,-5.574747057155081398e-02,1.536312817940352782e-03,4.437648533255428990e-02,-9.418908843610106219e-02,-1.593807435191283983e-01,-1.678153554167731709e-01,-1.103327812685691994e-01,-8.184452858226233529e-02,-1.847080335163882037e-01,-2.232713075869618424e-01,-8.448531606184277176e-02,1.127135626566345555e-01,2.654165348319644790e-01,2.100044110709156642e-01,3.036535094155950465e-01,1.678445069910496912e-01,-1.144810021291529645e-01,-9.313796599607426048e-04,8.931848982533530101e-02,2.841172370641008582e-01,2.738761450390306967e-02,-1.691597726577802607e-01,-9.358164235441680801e-02,-9.680412970530181960e-02,1.116770045835252696e-02,-2.330745073997597949e-01,-3.304364011529314360e-01,-9.019196530967776848e-02
