0.000000000000000000e+00,6.408354762342119981e-01,-3.598199002331350371e-01,-4.022271528567641918e-01,1.361388691497357195e-01,2.546198572444707126e-02,-1.648362962459936354e-01,-3.886034968712854809e-01,3.433208899235519196e-01,3.494747905151422973e-01,-1.413840440637054510e-02,-2.734424699047898200e-01,-8.714323946883437144e-02,-3.954333099548495434e-01,3.676149181466949467e-01,3.484397608305008984e-04,4.639055770735157069e-01,1.147437032696030923e-01,5.027826630679059772e-01,6.452738161152896668e-01,-3.470237165402863255e-02,-4.242711574137348479e-02,-6.071849287209601931e-01,-6.489178608311886309e-01,-3.454443178490936295e-01,-2.856288892159085102e-01,-2.374413888384337701e-01,-4.587118222662138756e-01,3.818714448485109880e-01,3.131313944207614886e-01,-2.102067874283125859e-01,-5.109025016291388610e-01,5.310542067872955213e-02,-1.188160613620509731e-01,-3.537449614698078282e-01,-2.758418345121946280e-01,9.217611879659606822e-02,1.101547327192510389e-01,-3.137567545920912915e-01,-8.525805795780394547e-02,7.125747901287363129e-02,8.771063903647613458e-02,-1.762535772067367057e-01,-4.364971777739571485e-02,-6.188415989533355144e-02,-1.486560850179712012e-01,-2.220353630446066373e-01,3.607947798743223189e-02,-3.625039390468953737e-01,-7.728768948679737641e-03,-3.583844964341585393e-01,-1.008478738379568196e-01,-3.836191190785298022e-01,2.116256909597619973e-01,-3.425393848628282556e-01,4.094065285850840841e-01,6.383434770233120670e-01,5.743482176522340943e-01,3.253436212866686605e-01,6.328011641089488215e-01,2.332869970226805756e-01,4.202184840980070502e-01,6.482899547641450821e-01,4.472933227144623713e-01,-4.465997691182993501e-01,-2.517645925936795037e-01,9.753490490571892213e-02,1.372562163444580041e-01,5.519169798184838660e-01,5.675642296560651223e-01,-2.295663413864990621e-01,-2.645420303398069439e-01,-1.310013761907135969e-02,7.329358129548937950e-02,-4.910191014189713155e-02,-2.819326807586423900e-02,-1.042674419517012202e-01,-5.192705259985105903e-02,4.176408223845086420e-02,4.347122400922902585e-01,9.395419170271211706e-02,4.149407597693794414e-01,4.019846775022361401e-02,3.350345719055004556e-01,-3.333636449860408191e-01,7.751226522763141058e-02,1.471248526382495647e-01,7.363334850139931220e-02,-4.529692808166753681e-01,2.637706829975894895e-01,-4.725061983881786998e-01,-3.795452168601545773e-01,-4.861118874354270480e-01,-2.598382838138578732e-01,-1.905994360826169520e-01,3.095440914926319564e-01,1.139239195185631492e-01,1.916874145025031506e-01,5.194834350548688945e-02,1.228397469570289280e-01,-3.598658987340985771e-01,-2.121510440966556665e-01,3.507263854337263065e-01,3.160799482562850482e-01,-4.180960777570405518e-01,-2.107134287038340825e-01,2.610770641910544199e-01,4.485173830661253191e-01,-1.876343005456171942e-01,1.626247257421427339e-01,1.478584752411684911e-01,-1.990505152411126133e-01,-2.063376202435182605e-01,2.128096356183422355e-01,-1.724813136185418261e-01,-1.734429616616289249e-01
6.408354762342119981e-01,0.000000000000000000e+00,-4.213931424058574016e-01,-2.458920701837238321e-01,-2.499854790468501037e-02,1.941551192267496756e-02,-4.598204910461221040e-01,-2.607783384939566518e-01,2.703888731364231801e-01,2.228186247040783996e-01,-2.205095086785991421e-01,-2.247045355347243867e-01,-2.805845851190423290e-01,-1.575584280922188718e-01,2.890104824031576314e-01,3.302391715434249697e-02,5.804906599964976266e-01,3.512226669187492045e-01,2.474332093421232892e-01,6.836883294571053371e-01,1.990868344818649480e-02,6.130995795875313764e-02,-5.995292587610627777e-01,-4.675984606790040687e-01,-2.891586034956799556e-01,-1.287632579898470020e-01,-9.516757798280831016e-02,-3.573941162122655779e-01,1.096934487565952993e-01,3.429988885520224295e-01,-1.940266527501494087e-01,-3.681776853541031125e-01,1.869231786659782124e-01,1.606308259165260544e-01,-2.069991251092787310e-01,-6.325898506563513990e-02,1.678607038949596897e-01,2.330998680418116809e-01,-1.543699181432666157e-01,-2.528359676892298277e-03,-2.520636263605377861e-02,5.555767354579430745e-02,-5.283460213021568680e-02,8.645552052678624755e-02,1.081579532630414647e-01,1.122374649144031178e-01,-2.169286775815843504e-01,-2.111463530061959484e-02,-3.761509706967409161e-01,4.797724106910943032e-02,-4.000666110266695163e-01,-2.296546996815496677e-01,-4.607033556783421968e-01,-3.932671462815499203e-02,-2.771938619517868574e-01,3.467033689435513599e-01,8.909502625912850693e-01,9.513742408360397196e-01,4.301345601414666847e-02,6.691532823938509678e-01,3.550080147794900526e-02,2.578184409640528751e-01,7.098217731394732555e-01,6.654196595775794254e-01,-4.266234401470511695e-01,-2.284906404860418891e-02,2.115864114403308849e-01,2.794625004989855777e-01,8.226226035404986536e-01,8.203023387452227366e-01,-3.417575844918664951e-01,-3.525072410893796415e-01,-3.211929026787547214e-01,-1.188547596368478010e-01,-3.429199023925018075e-01,1.185885182726105535e-03,-7.671283831757574889e-02,9.700907001721634226e-02,2.268537820413556449e-01,2.492403632654569268e-01,3.430267117574498648e-01,5.370838706138649776e-01,4.907795684502034433e-02,3.753329606558559739e-01,-5.156993147421031765e-01,-7.399614572194761208e-02,7.711626700311952076e-02,1.812931761063953928e-01,-3.428292825999570415e-01,1.230831340530060963e-01,-5.102918439845317566e-01,-6.221453703805140956e-01,-5.391604615382927790e-01,-2.689395904786391900e-01,-1.803981162003402139e-01,9.841547796210213528e-02,1.925541368592786351e-01,-1.931553879210478469e-02,-2.410653084200183593e-01,-3.119786194164507198e-01,-3.457568658227717084e-01,-2.238077550067406607e-01,3.679383322960966818e-01,2.321187098835823803e-01,-4.307745757837240230e-01,-4.928371316596332208e-01,3.001207553026073449e-01,4.278066393485083774e-01,-3.547798577120175878e-01,-2.538390266526163036e-02,6.036189406858313844e-02,-2.374910609978908294e-01,-2.370962782816181114e-01,2.589086940274308302e-01,-3.477393105488676417e-01,-1.800142485616404997e-01
-3.598199002331350371e-01,-4.213931424058574016e-01,0.000000000000000000e+00,7.471899015839382763e-01,-3.975373053939798007e-01,-3.914234519777878285e-01,5.818766512208168873e-01,4.063375456950525377e-01,-7.088416374859001223e-01,-5.750332720769912864e-01,1.943731747653451303e-01,2.693640747526213075e-01,1.852574997664430678e-01,1.243082831508872943e-01,-4.455742438592334986e-01,-4.711570856095101956e-01,-2.007215555007877128e-01,-1.473876317490598054e-01,-1.697257322030519822e-01,-2.536570728265037378e-01,6.256675839677626472e-02,1.009163942808468661e-01,8.626243934101703870e-01,7.816937688663442296e-01,-4.122005843169328221e-02,-1.628050250233011309e-01,-2.534792803993258237e-01,1.016029576427780190e-01,-3.724751200132148665e-01,-2.747338475476485686e-01,-6.647364719415195826e-04,7.680280835575922782e-02,9.047178309939253593e-02,8.001127936712822131e-02,4.502001217945096334e-01,2.457820160965578649e-01,1.878841648829361888e-01,3.691153464707062903e-02,-4.052887256084516249e-02,-1.576011704849886730e-01,-1.060670036171894870e-01,3.026849765852752169e-03,-1.588366769837442627e-01,-1.848155109035158339e-01,2.152155984859054072e-02,6.216252595814646814e-02,-2.449693535600688116e-02,-9.829917110068267516e-03,1.093947010841933576e-01,-1.118129653090896569e-01,5.441817057977101080e-02,-9.043991004854273763e-02,-1.917876482417114892e-02,2.071359401231568850e-02,-1.957726313182491518e-01,-2.245189603910774101e-01,-2.563394560962082847e-01,-2.924838385326187229e-01,-3.769297801075228715e-01,-6.889459700961451105e-01,-3.838865860051254297e-01,-4.067526883844509444e-01,-5.434517792643795975e-01,-4.230328539803742682e-01,5.251529212315324546e-01,1.524759972747464221e-01,-1.339561349202004481e-01,2.559826562740382533e-02,-2.346803955592227930e-01,-3.234176354962908784e-01,2.583912140811457370e-01,1.202622878416688551e-01,3.723119300053612940e-02,-1.149542615537784279e-01,6.806162836109913572e-02,-9.269299513405646063e-02,1.860546343029559346e-01,3.420672598285099397e-01,-1.752096370605319142e-01,-2.026396795095807279e-01,-2.388199328678123068e-01,-3.068288296341624699e-01,-3.867966968746484602e-01,-4.056593697513089514e-01,-2.661271126134415882e-02,2.156706903468567638e-01,-3.992637487178838929e-01,-2.169796208249159253e-01,-2.052889657617683883e-01,1.360279843003462351e-02,2.543068256938964544e-01,4.078568916653556031e-01,2.192303208886298982e-01,3.132174288643466142e-01,2.250170618570132286e-01,5.869770552023051424e-02,4.209159897729573135e-02,6.864527254866971406e-02,-1.241649646361860510e-01,-1.904623692662479190e-02,-6.709174090467812102e-02,2.850212464138762170e-01,-4.909157796996343470e-01,-9.608883600589651630e-02,1.153057540254276564e-01,4.204576302123580467e-01,-3.484346133345832541e-01,-1.881948822664848420e-01,2.430875945153242179e-01,-5.384346056502018613e-02,6.484289186843711361e-02,-5.278649815674812257e-02,-1.616867544470717288e-01,-7.522779769557280671e-02,1.997314664338786516e-01,1.348229760099599606e-01
-4.022271528567641918e-01,-2.458920701837238321e-01,7.471899015839382763e-01,0.000000000000000000e+00,-4.605282285147404564e-01,-4.395887611817875240e-01,3.306623274708714866e-01,7.816677808192008525e-01,-6.815008251956927721e-01,-7.162295000276721613e-01,2.202381895224746894e-02,6.021026175204202691e-01,5.921666375715560482e-02,4.896505184869305860e-01,-5.896150752639816028e-01,-4.426206261439840639e-01,-2.776041474995154523e-01,1.334420626850820468e-01,-2.486544617943489133e-01,-1.428020073309230198e-01,-1.626159643529863086e-01,4.528642163501182122e-02,7.413305442102282594e-01,8.571411870677502209e-01,-1.742098693076100657e-01,-1.840551367498070578e-01,8.288799883597461338e-02,7.494161596572621042e-02,-5.075529111552411488e-01,-7.439567738535114716e-02,-9.295099876986015475e-02,3.837772133574372802e-02,-1.585370165699898359e-01,-8.952761428771043029e-02,1.722577681600218902e-01,3.473910029709578046e-02,-7.853319874301660508e-02,-2.301109975310776379e-01,-2.921156164511025111e-01,-4.216870251441460771e-01,-1.686777928995486231e-01,-6.502746048520395561e-02,-3.254900554999171081e-02,1.499629311857774393e-02,1.643333280924960393e-01,2.376778715722060453e-01,1.188714365499154157e-01,1.216151390482656247e-01,2.384674688929140640e-01,1.214429488466777646e-01,1.669233286973827168e-01,1.671179947118180825e-02,7.803918280175228817e-02,-2.396095232981234335e-01,-1.384116925306613233e-01,-4.881290891269538523e-01,-2.047697050919424500e-01,-1.113984018560927741e-01,-3.022774425701387213e-01,-4.512630681475654493e-01,-3.496921442830265292e-01,-2.404187748914902445e-01,-4.488473057786898091e-01,-2.326602325459611320e-01,2.873138129630138926e-01,1.465346443876177351e-01,-2.984125665984189713e-01,-1.715209449170191913e-01,-1.767984788620420300e-01,-2.918710521965002802e-01,1.537661657984359387e-01,1.315720834214357052e-02,-8.073729929446409048e-02,-1.509889476769495364e-01,-1.600341306350944737e-01,-1.231813111134777705e-01,1.221859798748811954e-01,3.068693286413325949e-01,-7.148196471602756563e-02,-4.233215882075316294e-01,1.177396076522768537e-01,-2.289712127998616287e-01,-3.805242685672076131e-01,-5.253201782660686936e-01,8.237949581186983228e-02,-1.511096490136317472e-01,-4.522540552829438232e-01,-4.036778613777429747e-01,9.305876052366922335e-02,-2.794431938393791559e-01,3.143115457831797133e-01,4.045601957177930030e-01,3.173519317255119043e-01,3.035909043604060331e-01,5.827142181126233195e-02,-1.046019015830783605e-01,-1.448754547460391062e-01,-2.326917684164871158e-01,-2.039896145986409559e-01,-2.256958022771443917e-01,3.004507851488677148e-02,5.473151876407301997e-02,-4.220850736997081021e-01,-3.971528278119880184e-01,2.753467750057406183e-01,1.090695940846689166e-01,-2.826885084809156456e-01,-3.956518355444694768e-01,1.506731296566367617e-01,-6.745187880501925248e-02,-1.412592966652727877e-01,3.125937756389340211e-02,-3.128152587946889801e-02,-9.889707664348555693e-02,2.538395121595090065e-01,1.991060518643567867e-01
1.361388691497357195e-01,-2.499854790468501037e-02,-3.975373053939798007e-01,-4.605282285147404564e-01,0.000000000000000000e+00,3.164395165519469644e-01,-2.548176110044315101e-01,-1.553130867774593360e-01,6.866429225907677569e-01,4.385294445312896694e-01,3.208897550435769325e-02,-1.389468332192372313e-01,-2.966735763532088455e-02,-1.357369823762393235e-01,5.581808476275907926e-01,3.576797902514926575e-01,2.896509643844901172e-01,1.756507062262910590e-01,8.596143901249272967e-02,-4.627319046817910536e-02,2.576543169943340539e-01,-2.757336202721242732e-02,-3.841176278433380276e-01,-4.870619829590918104e-01,5.548424947521205658e-02,-1.583346512466408673e-01,-9.492063685063438505e-03,-3.952804431008871688e-02,2.525255398287434283e-01,1.639056173851264897e-01,-4.679300471588955512e-02,-4.718516431323958871e-02,-1.661586291275856178e-02,-2.772635763146688581e-02,-1.299484881731076125e-01,-4.729966473942915500e-02,7.796175492350590486e-02,1.276460353825014660e-01,9.324626661041195141e-02,1.772002061709206933e-01,2.251627181446986536e-01,5.291844335996895993e-02,2.044015811544312722e-01,1.521140903611155337e-01,1.477360962883958184e-01,-3.725514548174144874e-02,1.255554194060549099e-02,2.353799913270115257e-02,-3.094445850393186606e-02,-3.835011935588126392e-02,9.486937821423532900e-04,-3.762729522807705534e-02,1.283095850473124078e-01,1.066109356955061496e-02,8.605327255421589550e-02,1.144083226642751278e-01,4.441187515726593982e-02,-5.680925442065126035e-02,1.861234796160103067e-01,1.096670105022033714e-01,4.431085055924897653e-01,3.786125345446912926e-01,3.140697460336221991e-01,1.655641985975033759e-01,-1.064072636582505255e-01,-4.458700387188792996e-02,7.567110881747848850e-02,5.802986084338036810e-02,-7.641137873382150558e-03,1.128037181051881749e-01,-2.516617338081429955e-01,-3.529118409970466441e-01,-1.119988553976660056e-01,-7.036906391511760228e-02,1.800430728135936631e-01,3.183999455759095598e-02,3.219068951454723271e-01,5.496376630588364204e-02,-5.276957665760868832e-02,-1.688602646832609022e-01,2.973642350983307647e-01,2.080324717823878733e-01,2.411214009535604663e-01,3.049295004015176169e-01,2.683652031050967057e-01,-4.998629216172045808e-02,4.147776761591323580e-01,1.216050118400257563e-01,2.199987896810924326e-01,-7.931039970763570368e-02,-1.951332689424522746e-02,-1.014858544585213601e-01,2.935931921169173189e-02,-4.111252491122761865e-02,-8.349326192730634200e-03,-1.758777306653675210e-01,-3.547720430322783697e-02,1.038259259139405061e-01,-7.101071745621249931e-02,-5.284742138010473794e-02,2.027573065405838260e-01,-2.553274441055632463e-02,1.376137264532384108e-01,1.835489352288665124e-02,-2.372133792304889632e-01,-2.472989160383043117e-01,-5.693326938844526369e-02,-1.250039035185868293e-02,-1.164205210765481419e-01,-1.158313979988339071e-01,-1.224522017349168324e-01,-2.820603860728608248e-01,1.976041401287701449e-01,-1.386202249605924530e-01,-2.152047610688691270e-01,-1.112962951578569115e-01
2.546198572444707126e-02,1.941551192267496756e-02,-3.914234519777878285e-01,-4.395887611817875240e-01,3.164395165519469644e-01,0.000000000000000000e+00,-3.985290556733886436e-01,-4.331102404703016662e-01,4.284512803856215801e-01,6.053087009671580532e-01,-9.260892397974990198e-02,-4.113878799916251827e-01,-1.399308737603394970e-01,-3.734987840486089228e-01,5.160817573386309309e-01,4.919934493247259955e-01,5.759569947227628772e-02,-2.824281564864304928e-01,2.107047700505588483e-01,1.950076733579105825e-01,5.142405415738940944e-01,4.427102077546022363e-01,-1.777453282057400163e-01,-2.727411574044774634e-01,5.000368743535584803e-01,6.406704857466128944e-01,2.422181804135582484e-01,4.317725647536390654e-01,1.284930358842961418e-01,-1.214489089911603426e-01,5.796758766402458907e-01,4.216428222069320553e-01,2.338392350438255329e-01,2.708006379059261226e-01,2.262630929174055672e-01,3.071838206403721960e-01,3.418010791463550468e-01,2.743588608696684306e-01,5.192327888677852332e-01,5.980338434821245164e-01,3.734663107496221657e-01,3.052790177803908489e-01,-1.824870465595020419e-01,-2.869460309695398004e-01,-2.809910192392872097e-01,-2.840092998740019192e-01,-4.196981049127523900e-01,-4.019982187288599906e-01,-4.654599833210775750e-01,-3.740813346340545742e-01,-3.325446079567673796e-01,-2.711382964780124083e-01,-1.041010747752707938e-01,-1.557903060687488017e-01,-8.470935710709119604e-02,-1.837451741334851507e-02,4.631540374779303387e-02,5.734567569121074709e-02,-3.736210502165743241e-01,1.225196162076311601e-01,-1.458923518630993177e-01,8.446762143711078474e-02,2.018441525738451092e-01,-1.404013142538998449e-01,6.927835494283338114e-02,3.160550207895498342e-01,2.094351139808160456e-01,2.677234093305332352e-01,1.075321334803299722e-01,2.023157247184721452e-01,3.871037903546546421e-01,3.567184593673424220e-01,3.603614617630042094e-01,3.956295228178747236e-01,1.050743037283358300e-01,-8.504050753531956774e-02,1.872338638467336003e-01,-3.961143241694631278e-02,2.667811055832027267e-01,7.452906430725388109e-02,2.010450174057764813e-02,3.248593341361717679e-02,4.081715581791541814e-01,2.894258932056502087e-01,-8.413718234787750938e-02,-3.159473504416428907e-02,4.134535779323447180e-01,4.087155786478698372e-01,-1.040964647931534419e-02,7.931143616740242430e-02,-1.514825373237465578e-01,-1.204698899659279315e-01,-9.990145346190928977e-02,1.579601434248598113e-01,-8.824149777883065482e-02,5.685721923438817084e-03,1.325747718114151652e-01,1.111866870600297479e-02,-3.523477904887048484e-02,-8.808506078423068708e-02,1.480994075871056026e-01,6.153090498854113521e-02,3.078409188981075517e-01,3.985407536398130612e-02,-2.100042111664520983e-01,-3.335212720839789147e-01,7.422402017608520364e-02,1.433250445465513723e-01,-5.425938319281939370e-02,-1.664088629263894004e-01,1.457348464480229810e-01,-3.724639243499208163e-01,1.245795325090980343e-01,-5.428872833444589041e-01,-4.273742556823386107e-01,-2.533278082574273449e-01
-1.648362962459936354e-01,-4.598204910461221040e-01,5.818766512208168873e-01,3.306623274708714866e-01,-2.548176110044315101e-01,-3.985290556733886436e-01,0.000000000000000000e+00,3.649286306857718043e-01,-3.394505352620207916e-01,-2.156329103200298747e-01,4.855718676427037139e-01,2.052220694509283572e-01,3.974792030276259047e-01,-4.521626081766357691e-02,-2.780619888179088339e-01,-3.739807141793839995e-01,-2.809799960925671858e-01,-1.290820263273773916e-01,2.712776038776911758e-01,-1.581866976776907241e-01,-2.993975435461850854e-01,-1.917346715907354560e-01,5.021239931885361774e-01,2.875541754606011913e-01,-1.114946777229589292e-01,-3.021479649255890410e-01,-4.060769242232917242e-01,-2.042426315269106618e-01,1.432720833107782310e-01,-2.687973188809995584e-01,-1.283873386193668809e-01,-7.130087513975318092e-02,2.312541378459995883e-02,5.823862911847410562e-02,6.822247544868943747e-02,-1.224931041008856109e-01,-7.326356361542087081e-02,-9.436168281656033552e-02,-5.325128962145352779e-02,-1.726772650984281787e-01,-5.989071308614969669e-02,-1.117048365388953607e-01,-1.362615654975991852e-01,-7.427031981650569770e-02,-2.732848529875915311e-01,-2.326973372359274900e-02,-3.876339794160067048e-03,-7.407756263053145995e-02,1.662792154496939290e-01,-7.522729914604371626e-02,2.144027487113309427e-01,6.834174851041013854e-02,2.061964503119921299e-01,2.513775519636559652e-01,5.773508980735900242e-02,-1.652669400888142903e-01,-4.875253561601466945e-01,-5.095228383972436603e-01,1.273486970885701897e-01,-5.224515869727635042e-01,3.216318515617923035e-01,-3.767492098651537002e-02,-5.357193067316298185e-01,-3.442168203195324905e-01,2.224929552168613267e-01,-1.621415943173719065e-01,-2.953562180197827902e-01,-3.913180918078493220e-01,-4.890254979221384524e-01,-4.826141270352546364e-01,5.868339866973433516e-02,1.818360871227112652e-01,2.114404305452628752e-01,-1.092619239297067113e-01,3.902636563521685309e-01,2.215187513263965069e-01,5.386485588670565650e-02,1.236154836434118776e-01,-2.688197781673053455e-01,-3.869670349498224166e-02,-5.423041050672724461e-01,-3.972951127277143946e-01,-1.554286688812862860e-01,-2.061591693868302377e-01,1.126358409576163760e-01,6.457002099893548175e-02,-2.597485267539307863e-01,-2.827668660303608861e-01,-1.936969173122137042e-03,-4.790944889825282660e-02,4.100534800174196470e-01,4.436123773270417292e-01,2.973184855456657005e-01,2.817212002892012235e-01,1.616761799606580008e-01,9.915383105800687491e-02,4.423484978427708048e-02,5.492377622920603664e-02,8.981521955579691019e-02,3.207251174149617912e-01,1.961825493237891460e-01,3.806169935991980391e-01,-2.778650429102744734e-01,9.145298683516579763e-02,1.435168825164720163e-01,4.390445833741674075e-01,-1.669142817211453633e-01,-1.565729665299636364e-01,2.178892634695233921e-01,5.383981821122911515e-02,-3.729116531157995046e-02,6.819069877504652100e-02,1.470016149358158337e-02,1.935085415440816400e-02,2.276804496471217520e-01,1.553967825360815791e-01
-3.886034968712854809e-01,-2.607783384939566518e-01,4.063375456950525377e-01,7.816677808192008525e-01,-1.553130867774593360e-01,-4.331102404703016662e-01,3.649286306857718043e-01,0.000000000000000000e+00,-3.372731689490156559e-01,-4.891142379641780780e-01,2.513406331728259002e-01,7.609597449206053632e-01,1.963487774393279095e-01,6.111310154055251687e-01,-3.837477400962642227e-01,-3.343501547939294327e-01,-3.016997948993910272e-01,2.842723202418873107e-01,-5.067361274522966946e-02,-1.135579594046060292e-01,-4.245086812588700909e-01,-2.012143973220311410e-01,5.000229711706223323e-01,6.106735917427571492e-01,-1.148270603040601190e-01,-2.610229781845614383e-01,6.336746042334048812e-02,-1.366046536007681222e-01,-3.599247019190918162e-01,-4.050574228753578421e-02,-2.688749814306245489e-01,-6.345230553093118842e-02,-2.928555680587939802e-01,-1.208438985697953827e-01,-8.374250793214725597e-02,-1.633201451514897651e-01,-3.757157372299093634e-01,-4.376497053661370651e-01,-3.777907388128360910e-01,-5.402714707640398073e-01,-2.545613758812055871e-01,-3.101059190439400814e-01,8.681640860379738478e-02,2.061590529949949013e-01,6.978190616452302486e-02,2.276406692435877788e-01,1.503226687238650439e-01,4.869626027470897595e-02,3.111424025482625311e-01,1.126413254299319239e-01,3.369439823502232145e-01,7.218323539834434199e-02,3.256709641530046717e-01,-3.670234982587462502e-01,3.142384074084319384e-02,-6.273055368305685553e-01,-3.761377469583249700e-01,-2.375614713888583862e-01,5.384629267838831994e-03,-3.050910971582543318e-01,1.310585355818903452e-01,1.399893219007267431e-01,-3.811610239090344465e-01,-5.451843327720629073e-02,8.750055470881065722e-02,8.611601907639379605e-02,-3.664455415986849762e-01,-3.702316918725215289e-01,-3.429890720421876482e-01,-3.997816157888036681e-01,-2.770089208277152354e-02,-6.226023931698629332e-02,-9.424868401638984705e-02,-1.947832771521458839e-01,-5.841742617138560162e-02,8.085765356038737695e-02,2.103471158200875823e-01,3.115772455317273315e-01,-3.296540134654452753e-02,-4.193315113088381674e-01,2.615124131215552650e-01,-2.165571154889320837e-01,-3.631540925840986422e-01,-4.596907728557573236e-01,2.446974704709541648e-01,-3.572230698106595992e-01,-3.602399676807275242e-01,-5.581004737924977199e-01,4.111312435711058089e-01,-5.187539002002683475e-01,5.320710547525301370e-01,3.717629948959298991e-01,5.224316497701526618e-01,1.753135691529550400e-01,-4.713252913964748742e-02,-2.245852715005831057e-01,-2.734120360147067608e-01,-3.866477669778737303e-01,-1.608290185371789582e-01,-1.745231609987213384e-01,2.941558980822078784e-01,-6.243410671870484180e-02,-3.932723058172247765e-01,-5.309926048997054560e-01,4.152542746758162706e-01,-2.246542360353504658e-02,-1.905598047387681016e-01,-5.398567176949371493e-01,1.133444296888357072e-01,7.034756471278766354e-02,-3.679791131506381374e-01,1.390824250375148619e-01,6.208906477996747192e-02,-1.065791842721346416e-01,2.816526766392003500e-01,3.183682178088347303e-01
3.433208899235519196e-01,2.703888731364231801e-01,-7.088416374859001223e-01,-6.815008251956927721e-01,6.866429225907677569e-01,4.284512803856215801e-01,-3.394505352620207916e-01,-3.372731689490156559e-01,0.000000000000000000e+00,7.991935259188157614e-01,-3.600352248488868784e-02,-3.970752144292611918e-01,-1.461013144253354434e-01,-3.995061620221415088e-01,7.560760458890158908e-01,5.554474722479488813e-01,3.316726929428391313e-01,8.569667162349117739e-02,2.772364129838836844e-01,1.757362556337214721e-01,1.489466796266449011e-01,2.531043517195830442e-02,-5.797999257401266204e-01,-7.423301979569710829e-01,5.674969167079159382e-02,-2.931514395170656262e-02,-1.132596856801924290e-01,-1.432324174465344213e-01,3.148541969097782278e-01,1.259674082071244039e-01,-9.813863065885458647e-02,-7.713835734895525820e-02,1.376456952421061530e-01,1.845200072137891667e-01,-1.052187155600723817e-01,-3.884160218649266010e-03,1.256250672067242558e-01,1.512048087032915045e-01,5.381210163574921823e-02,2.339816477223639890e-01,1.864078863273521958e-01,9.594876547992312044e-02,-2.129352769050743208e-02,-4.707568097397798676e-03,-2.430463431400405605e-01,-2.331418666807213158e-01,-2.616728743794574652e-01,-2.447216796875151812e-01,-3.593510632284008244e-01,-2.373004339123026274e-01,-2.349843696019312256e-01,-1.872862361019372313e-01,-9.799537476268618819e-02,-7.067574228846851270e-02,-3.738897734654114680e-02,1.364750164623848572e-01,1.850954715136371720e-01,1.485619004637631357e-01,1.633884851534858074e-01,3.666280956963442472e-01,4.400860894062596507e-01,5.643730388312894197e-01,4.522755847423537978e-01,3.895873031657487440e-01,-1.116060446914824839e-01,7.093067105462085020e-02,1.525426380237824842e-01,8.747566989333148413e-02,1.175328871776703116e-01,2.662040472543698577e-01,-2.860681854270693547e-01,-1.728142705181070771e-01,-1.980979239147630938e-02,7.312381934687071927e-02,1.305542281616717259e-01,1.662628594278273420e-01,-2.302070757532668002e-02,-1.418584093557075376e-01,-1.038957774848800301e-02,1.901832159057977867e-01,1.650336092690281309e-01,3.232523879947590828e-01,3.400645399133712665e-01,4.771302659162667270e-01,1.048582000891127991e-01,-1.377568358461533395e-02,5.018471681967008324e-01,2.246010378773204696e-01,3.234797138484072493e-02,-1.127203273061487682e-01,-1.873992645872113449e-01,-2.801750029207596970e-01,-1.709764773807877780e-01,-6.164329671390782195e-02,-2.479138709593087520e-01,3.165437742246796082e-02,7.399053542319292132e-02,8.385478835416118604e-02,-2.329426118271526146e-03,8.085302081471318347e-03,8.748223366756384400e-02,-1.066092158673855560e-02,2.943969431991024788e-01,1.253921786260238924e-01,-2.897804204523115601e-01,-3.223977564265228524e-01,2.503737482400670844e-01,2.496596636442944550e-01,-2.748696620847244088e-01,4.513172822431654220e-03,-3.622735721585938068e-02,-2.632498621394914196e-01,5.213349458541603754e-02,-1.376142672552188861e-01,-3.104575708059973405e-01,-1.715870387461361224e-01
3.494747905151422973e-01,2.228186247040783996e-01,-5.750332720769912864e-01,-7.162295000276721613e-01,4.385294445312896694e-01,6.053087009671580532e-01,-2.156329103200298747e-01,-4.891142379641780780e-01,7.991935259188157614e-01,0.000000000000000000e+00,3.516359272455923946e-02,-6.121818453085849931e-01,-1.882462235004377371e-01,-6.697290716515204023e-01,8.503136742317598529e-01,5.729990327619853829e-01,3.090007964277173835e-01,-9.791714547921588629e-02,4.951264434628413480e-01,2.806173476884478157e-01,2.664824893572810272e-01,6.737053473301876649e-02,-4.671858434391691905e-01,-7.270469605495897270e-01,2.274718812103664056e-01,1.548533384521663114e-01,-1.752265703659826590e-01,-7.808647428220001629e-02,3.115612164944741580e-01,-8.769656590681050579e-02,1.122454737076234443e-01,-7.745011597950485563e-03,2.488548148550888406e-01,2.923502912932095521e-01,6.553226319326935223e-02,1.146802847126501407e-01,2.161192907831686050e-01,2.019442467942148822e-01,1.959450526780065760e-01,4.320082345639886245e-01,2.847532420957746280e-01,1.279937828270876488e-01,-2.718460619744741957e-01,-2.505313608463339281e-01,-4.607042524172036968e-01,-3.686418237730222924e-01,-5.081529270615063876e-01,-4.355467010057050836e-01,-5.384604535292120131e-01,-4.400862256009634432e-01,-3.452693611575459176e-01,-2.997326894833453603e-01,-1.483784945222147156e-01,1.238006535849805329e-02,-9.832787654884647677e-02,1.432955402203026363e-01,1.512965751958225691e-01,1.375244197577038807e-01,-1.286653312499385867e-04,3.326481513713776539e-01,2.882255588981990635e-01,4.472744688978466665e-01,3.942773533835057242e-01,2.336904922782613026e-01,-4.871972655383422640e-02,1.657767721906859282e-01,2.253712810170721836e-01,1.526760360620812718e-01,1.313879807100908625e-01,2.889450723627136619e-01,-1.182651886753519621e-01,-8.137150737869778411e-03,1.841544792624876525e-01,1.823979432136026424e-01,1.983050960732473389e-01,1.887419039826073175e-01,2.258560032116433899e-02,-1.013911892143044280e-01,5.723927756711342379e-02,3.310384909702460132e-01,-5.880018409990093314e-02,2.029814886464330892e-01,3.939468193568445575e-01,6.021264404151739358e-01,-1.057714974747902686e-01,7.872090487757538169e-02,5.122046396543015190e-01,4.023766346555580631e-01,-1.247634961323999953e-01,7.696063598692022556e-02,-1.984240790907696173e-01,-2.792044803961785115e-01,-1.888371372065189846e-01,-1.373482891459405254e-02,-6.294573717650762956e-02,4.943376293508635472e-02,2.232768052956207727e-01,1.666666898124707641e-01,2.078853113372829478e-02,1.012391322345864569e-01,4.853440097741979625e-02,1.178689716153458605e-01,3.041956380270202653e-01,2.407033865940374218e-01,-3.616240183944722797e-01,-2.371531558325572220e-01,1.351710547179321986e-01,3.223132717084726262e-01,-2.573700433625587536e-01,-1.824884990953563879e-02,1.043110092382612680e-01,-3.044130154232412844e-01,5.221075734911712063e-02,-3.162751586940713011e-01,-4.484590125912377712e-01,-2.193153232561812493e-01
-1.413840440637054510e-02,-2.205095086785991421e-01,1.943731747653451303e-01,2.202381895224746894e-02,3.208897550435769325e-02,-9.260892397974990198e-02,4.855718676427037139e-01,2.513406331728259002e-01,-3.600352248488868784e-02,3.516359272455923946e-02,0.000000000000000000e+00,2.254284247248482809e-01,8.232573633585200668e-01,1.348735977968403832e-01,1.590176908565640312e-01,-5.320202991652622782e-02,-2.058464347520541082e-01,-1.035199063084268345e-01,4.750473555596005371e-01,1.902258725053047050e-01,-1.922863761026236407e-01,-2.025451801621585557e-01,1.685914719402673567e-01,3.475658085127491387e-02,-5.491522705784521868e-02,-2.324972852731783945e-01,-3.353127341872032541e-01,-3.626919962877282744e-02,6.925941306401997566e-02,-2.957040554053985693e-01,-2.453374124813775536e-01,-1.437945724436132666e-01,-2.367495003409574861e-01,-1.330524505141686131e-01,-1.234908186042519701e-01,-1.847470788500305550e-01,-2.067522293399469413e-01,-2.245645966426337292e-01,-5.148913874599440887e-02,-1.455940536527843276e-01,-9.180816652704400574e-03,-1.972107970621141682e-01,-1.795158773352748260e-01,-1.201428870273963251e-01,-2.870497837581327261e-01,-1.598649541484444270e-01,-1.553445023785686961e-02,-4.976253371506991763e-02,-4.113049269318171802e-02,-1.703479782134640352e-01,3.009749507495370832e-02,-5.979660353758484842e-02,1.097476157931021462e-01,-8.587323723570539080e-02,-2.396787817696540736e-03,-1.433674474543523425e-01,-3.321113443537337395e-01,-3.138027449379076073e-01,1.180087083732776071e-01,-1.347439737444238728e-01,2.681339826968602291e-01,2.212224723931867920e-01,-1.563323332348061923e-01,-1.159450223091438581e-01,-8.755843645145963694e-03,-1.286230355393340186e-01,-3.260068484937155842e-01,-3.424940733366148571e-01,-2.865207581287926297e-01,-2.214389752579192794e-01,-2.033061729582525193e-02,2.622893298550970087e-01,1.959973794376188294e-01,1.869767622824589776e-02,8.373353615653801596e-02,-1.666848185822648182e-02,2.696270984868028298e-01,2.424611238238046085e-01,-1.109796606773889686e-02,1.452953498007608923e-01,-1.937721747369239300e-01,-1.665504282402895941e-01,-3.534584954321784434e-01,-1.510037530578778597e-01,-2.182691236748987296e-01,-1.014526990157888497e-01,-2.022426425491152813e-01,-2.249403341491339470e-01,-3.042144972147892146e-02,-5.945095344429799505e-02,2.894384948476996233e-01,2.626789512400303228e-01,1.894521024647614349e-01,-6.390848864274516206e-02,3.036733273970911376e-02,-7.666346766788181832e-02,-6.966253133181271595e-02,-8.863284041983847394e-02,2.657408166469335531e-01,3.072803169739687923e-01,1.128403225810007959e-01,-8.802870340139197156e-03,-9.668761617540565234e-02,-2.281112310629171414e-02,1.124087374778248993e-01,9.929489323175001714e-02,-5.112273501741485676e-02,-1.760787852168853307e-01,2.868838917993208892e-01,1.072678522803327955e-01,-6.668459397008932865e-02,-2.847641616154909794e-02,1.893029302198392244e-02,-2.358671171569435565e-01,-2.268638917283262446e-02,1.171353037954273174e-01
-2.734424699047898200e-01,-2.247045355347243867e-01,2.693640747526213075e-01,6.021026175204202691e-01,-1.389468332192372313e-01,-4.113878799916251827e-01,2.052220694509283572e-01,7.609597449206053632e-01,-3.970752144292611918e-01,-6.121818453085849931e-01,2.254284247248482809e-01,0.000000000000000000e+00,3.061306151146314103e-01,8.059056818336716166e-01,-5.126150470274321025e-01,-2.573756301117527401e-01,-3.224351031870948403e-01,3.280125932531894883e-01,-1.566556651085471707e-01,-1.246253281284042530e-01,-4.858219003539931413e-01,-1.636133658292505677e-01,3.142127964161059439e-01,5.137049356108013276e-01,-9.472085761491723377e-02,-1.312377420207022638e-01,2.806380332019874357e-01,-1.109242625154910483e-01,-3.133939346083797761e-01,1.790404117140025619e-01,-2.132153241851477143e-01,-7.999807890074488170e-02,-3.520846339065061836e-01,-3.030355241838740277e-01,-2.676689844533354234e-01,-2.668339332833367661e-01,-4.579865153941570788e-01,-4.332956031969290578e-01,-3.204694660772289816e-01,-4.570010629321135665e-01,-3.870795609565126916e-01,-3.190575156433496651e-01,2.320230956151545509e-01,3.794615956850458383e-01,2.966826481309181585e-01,2.837263731347882123e-01,3.647720975670451504e-01,2.078332538022146514e-01,4.638455542206876836e-01,3.106219983975395116e-01,4.261396238100852440e-01,2.726787797513348655e-01,3.464852012140962612e-01,-2.832393545268652169e-01,1.857205644730108296e-01,-4.627214844192816257e-01,-3.164218931919967059e-01,-1.864926003829148193e-01,2.178901985568774402e-01,-1.996778433082559423e-01,1.712561023487625400e-01,9.528943533704860303e-02,-2.491223693811739637e-01,6.516909354719756242e-02,-6.936039900506243971e-02,-3.760666896374369184e-02,-2.701173881329202997e-01,-3.528689715874382404e-01,-3.424269655000798385e-01,-4.103606582919836487e-01,-3.511425507559789300e-02,-1.604994989691299334e-01,-2.574622664990520171e-01,-2.818770313879079281e-01,-1.647337215111941977e-01,8.930975379736527664e-02,6.737053971762721472e-02,1.532038399128811401e-01,1.622978821853887366e-01,-2.744797867550087256e-01,2.382722434370043441e-01,-6.707231704128807648e-02,-3.192438639874973783e-01,-4.491443225245919657e-01,3.154847341857670573e-01,-3.345138310469045750e-01,-2.442947516707505429e-01,-4.152786229764112713e-01,4.168647030209973181e-01,-5.025060276694343075e-01,3.345783101222835065e-01,1.862878955994071717e-01,3.424452729403567042e-01,-1.956321861077046920e-02,-2.551928971880004782e-01,-1.307882893729395979e-01,-3.642698401170528788e-01,-4.069478911115962938e-01,-1.630597174659485504e-01,-2.462765745477459578e-01,2.195997282179795174e-01,-3.014268908364841626e-01,-3.731547335735966864e-01,-5.235910353769144265e-01,3.722188234786331096e-01,-7.350944942920532854e-02,-3.737964217846176385e-02,-4.599235796713573854e-01,1.551553150913877188e-01,1.446637634380771031e-01,-4.416390111654403539e-01,2.445585616863471812e-01,-2.835561401143914251e-02,-2.983581015925329885e-02,4.187177094541990052e-01,1.097355388193750475e-01
-8.714323946883437144e-02,-2.805845851190423290e-01,1.852574997664430678e-01,5.921666375715560482e-02,-2.966735763532088455e-02,-1.399308737603394970e-01,3.974792030276259047e-01,1.963487774393279095e-01,-1.461013144253354434e-01,-1.882462235004377371e-01,8.232573633585200668e-01,3.061306151146314103e-01,0.000000000000000000e+00,3.314291402375968421e-01,-1.039694235580587572e-01,-1.568339888675190641e-01,-1.827772315187450036e-01,-6.289330037564909437e-02,2.110538952383500810e-01,4.210628176090151775e-02,-1.951788791126415068e-01,-1.663476367542145729e-01,1.768787248665067424e-01,1.489634132372621433e-01,-1.466785556217472218e-02,-1.491966582509977879e-01,-2.010468090712176636e-01,8.608902224235918943e-02,2.677901175287504196e-02,-1.332371915043182586e-01,-1.345905205133820226e-01,-6.023889372669603837e-02,-2.776146258753235951e-01,-2.411455039923619814e-01,-2.127872447852536264e-01,-2.284120667384088033e-01,-2.667334982005414856e-01,-2.480082954227457726e-01,-2.589444243587266450e-02,-2.020314294648889175e-01,-5.915053230969059828e-02,-1.606026914301169062e-01,-6.003635810192711753e-02,-3.761993249816857759e-02,-1.253929611432735292e-01,-3.919669205561938929e-02,2.512552455935818108e-01,1.642480098806699262e-01,1.102125087205840098e-01,5.826728052702249971e-02,1.134257974937661895e-01,1.148194841164984631e-01,9.979380628590542313e-02,-6.037281851650914966e-02,5.363632334854535194e-02,-1.075420189951264982e-01,-3.630626294432420242e-01,-3.525372601604753187e-01,1.169734771370667531e-01,-1.931171823859380021e-01,1.223526248078362771e-01,8.515732951380998450e-02,-1.414669207955004115e-01,-1.647560243628460874e-01,-6.033125551648910179e-02,-2.007770269797712059e-01,-2.876137909015268890e-01,-3.016178003476903124e-01,-2.951916618366230427e-01,-2.643323148593234584e-01,1.231017632476673479e-01,3.371658470271238217e-01,2.448472125976676461e-01,1.022688293626923400e-01,3.845142903973613330e-02,-1.892826479745061963e-01,1.390212978264600274e-01,9.649503682477182653e-02,-1.141766457982791930e-02,3.305664763161583058e-02,-9.297376800952571185e-02,-9.512795741278254336e-02,-4.748633433787166069e-01,-3.185839657805702441e-01,-1.438935614374874106e-01,-1.413510194687883081e-01,-3.562304186455278465e-01,-3.701952117760310967e-01,2.047428042251989849e-02,-4.901766681442019241e-02,1.473708987929947256e-01,3.072672283150568728e-01,1.318647460095188628e-01,-1.003963263756685875e-01,5.976494574883409183e-02,1.123801566152393336e-02,-2.117881986826844753e-01,-8.966264938155039943e-02,2.547413811762880287e-01,2.516791180882319012e-01,-4.495850775779892949e-02,-1.372127409736814407e-01,-1.670797812802719551e-01,-1.059626902099062434e-01,2.183031856181070207e-01,1.636590327020950308e-01,-7.428887257416175172e-02,-2.584531953818373640e-01,3.365628153895153796e-01,1.556104532522800954e-01,-7.503996764312929890e-02,2.789844560795935735e-02,-5.706582835095271033e-02,-1.168446707402451823e-01,1.121909893129594132e-01,1.523035014687787181e-01
