0.000000000000000000e+00,5.310228674664638771e-01,-2.647968259364557597e-01,-3.733456543020412521e-01,2.014223246599967931e-01,-4.840951405183274714e-02,-3.513490687222676351e-02,-5.294274744764796564e-02,1.369890504510856144e-01,1.532215056160536049e-01,1.524069484177981992e-01,1.997969365491396587e-01,1.614015813820264267e-01,1.800947917819406552e-01,2.635901566519766592e-01,3.058105467677247336e-01,3.201473199785715429e-01,1.557961071126591213e-01,3.990484935243271414e-01,4.061582332152111063e-01,9.375011503467797769e-02,1.743927885359957131e-01,-2.383414574880356879e-02,-1.751044141231053453e-01,1.365807958832988139e-02,-7.601638867800220023e-02,1.713180950250009771e-01,4.380918806230125750e-01,1.688370749464178922e-01,1.641211302634102143e-01,-1.949733690206847114e-01,-9.233640636213867603e-02,-1.309921855921247769e-01,-2.679567502036614077e-02,-1.534594601509658984e-01,-2.799427249483848468e-01,-2.881542563951855485e-02,-1.358945797462586813e-01,-3.797498018954510723e-02,-6.679094753069428347e-02,-1.017019945180356738e-01,7.428447342519210739e-02,-3.940347431991356175e-01,-4.620027919934935334e-01,-3.649700586125574908e-01,-1.279775928070642221e-01,-1.467574626601997057e-01,-2.328230557751107543e-01,-2.209649029321317237e-01,-1.320028020081581432e-01,-4.017341305019841990e-01,-3.356905296677583084e-01,-3.164948981824217134e-01,-3.339419150284402282e-01,-1.393110279437026477e-01,-1.490805332082393297e-01,3.816522835596588559e-01,4.077676101789769469e-01,-1.400701274426659482e-01,-1.607939503018643856e-01,2.780363292443699137e-03,1.555793662336808492e-01,-1.309399972056334016e-01,1.342682239986650872e-01,-1.514332494456237521e-01,-3.845499796025046019e-02,-4.630684996334298864e-01,-4.463324413840417670e-01,2.732211986177940366e-01,3.149737737954341754e-01,2.022957731258920311e-01,1.027712163035193887e-01,-9.795931082487985275e-02,4.832603144001978990e-02,-9.602785614800300740e-02,4.502719592105105390e-02,1.024557547348616260e-01,1.030916789010773854e-01,4.029595602143587474e-01,1.949952848890654511e-01,2.003961052201117532e-01,6.703402036606227743e-02,2.709527217466322080e-01,2.399362657267211096e-01,-8.810532441317711627e-02,-2.083039312434639134e-01,3.132583928162075426e-01,3.720695930600628754e-01,-1.812831477184093654e-01,-2.192702044776947135e-01,-4.985549855167556443e-02,-2.056547071926702330e-01,-6.284607482800781686e-02,-4.531717427839063866e-03,3.032023643744439778e-01,3.146341484595505111e-01,2.120073226820353707e-01,2.218581298530777901e-01,-5.761135558858956895e-02,-7.595021553399140812e-02,1.840244465464521695e-01,0.000000000000000000e+00,-4.084971105348724624e-02,-5.127879392367013130e-03,-2.803642293515567485e-01,-1.198179810721445027e-01,-3.203708455185302895e-01,-5.507138310242770673e-02,1.895335264263361963e-01,3.039228353401566274e-01,-1.543085835722947941e-01,-2.530090288136607191e-01,9.327937701188888930e-02,6.553775792876333217e-02,-3.496797199168565906e-01,-7.677081368273114270e-02
5.310228674664638771e-01,0.000000000000000000e+00,-4.796699052790813766e-01,-2.627394149759788022e-01,7.042101160422026837e-04,-1.559916547406867970e-01,-4.168454099884029151e-01,-1.120581268553463850e-01,3.574345432204628081e-01,-2.027156187382210886e-02,-1.373929417886547988e-01,5.399192668394640071e-01,-7.159794668704868095e-03,4.248048068357657692e-01,3.228273294874349775e-01,3.310465314847945706e-01,3.143894012770545587e-01,4.203242717132713024e-01,2.810304286285638109e-01,5.663483901371588747e-01,2.885014894017013387e-01,4.325302394563563246e-01,-2.770762394361143133e-01,-4.341923052671665673e-01,-2.619954343942936803e-01,-3.082045668594208809e-01,2.449373103881173283e-02,2.727172549493039333e-01,2.710430571111738240e-01,3.450192316561841999e-01,-1.570650657168266573e-01,-1.511080214189239879e-01,-6.990324924377148974e-02,1.619316893971957660e-01,-2.959916549931846386e-01,-1.923413529657454768e-01,3.468485682844511531e-01,2.549007800699636395e-01,3.235602870648803253e-01,2.416020340155452528e-01,1.768206165185386425e-01,1.474030063341610908e-01,-6.040374458511721389e-01,-5.203584372484124643e-01,-5.240975034581117908e-01,-3.194479973232032255e-01,-1.319915298060191644e-01,-1.394322103166644455e-01,-2.282500459482493527e-01,-1.374236922176285125e-01,-2.485871027388499299e-01,-2.279619138845666027e-01,-2.772419043917957460e-01,-5.102314164030494759e-01,2.665180792153878375e-01,1.373727902398836354e-01,4.607022108318474252e-01,4.797343321448894193e-01,2.544817668291835533e-01,2.835117649183155342e-01,1.728719281500187832e-01,3.310721810204762527e-01,-1.070233401947884161e-01,3.439149396123800662e-01,-2.784821225917253340e-01,-2.767867710674170589e-01,-3.732322361913752995e-01,-2.133622618052727904e-01,1.010873531841699480e-01,1.877925092731754231e-01,6.090922363483892293e-02,-8.859817544427868452e-02,7.495752436678534969e-02,2.884120772021142032e-01,1.140994847321055161e-01,7.583913254436659701e-02,1.739074986079539864e-01,2.794566232400659267e-01,3.189036639565180353e-01,1.096618768150811329e-01,-7.502991758626051388e-02,-2.566090206678932062e-01,3.719529230464466152e-01,2.638368760633419963e-01,-1.895894886105145283e-01,-5.257041070782768610e-01,3.895506348039621813e-01,3.849397152894320495e-01,1.242245385718323269e-01,1.180461529811529381e-01,-3.167943374022258451e-01,-1.117642982968232723e-01,-2.219105588616807623e-01,1.040380040277708584e-01,3.190270858704860046e-01,2.009273900910618360e-01,6.676311496660256029e-02,1.193193317192773745e-01,-1.373519880871389709e-01,-1.573289860324196543e-01,1.075880989668286658e-01,0.000000000000000000e+00,-9.145754142284742705e-02,3.357005998513809542e-01,-2.503207972256374370e-01,-7.286347404097523461e-02,-3.717503592077487373e-01,-1.369872509475869859e-01,1.132367885523914014e-01,3.078166785987731385e-02,-2.429814727808812802e-01,-3.846408515865672451e-01,1.281795622344343299e-01,2.808762938148333041e-02,-2.390397007160239007e-01,-5.274091006929153280e-02
-2.647968259364557597e-01,-4.796699052790813766e-01,0.000000000000000000e+00,5.964945607316111120e-01,7.623364554538161753e-02,1.650259733501411030e-01,7.410982646570716259e-01,4.824302996825837186e-01,-3.329125966450410257e-01,-2.374711485800488631e-01,1.049850037080444082e-01,-3.868584995424523276e-01,-7.973667089204192204e-02,-5.342057830697464205e-01,-2.437612485426917941e-01,-3.575434792906699855e-01,-3.771826879088173157e-01,-3.799067843793068056e-01,-1.378976572921326686e-02,-4.368623961152880986e-01,-1.664407556267269994e-01,-3.166954414474659196e-01,5.774674570265531104e-01,4.973826656208291119e-01,3.530207769291335840e-01,3.356651817842205565e-01,-2.345452552374560351e-01,-2.642097972165775577e-01,-2.769724889839333404e-01,-1.800254116476233957e-01,1.315388278501501140e-01,4.302304373915073754e-02,1.305909494105322588e-01,-6.966356962716935275e-02,3.916987520540303747e-01,2.379838594041999433e-01,-3.241693644735853530e-01,-3.183452815709496564e-01,-4.136022214749054265e-02,-2.178878034038363165e-01,-3.705635691852430247e-01,-4.813933340795314431e-01,1.491835723971591532e-01,8.616946727213633389e-03,1.493568966291847488e-01,-7.366398997810422178e-02,-1.765954046680131284e-01,1.058052824103270818e-02,7.384392129265630877e-02,-1.504504960531793389e-01,3.985764017760065614e-01,7.308885736819238643e-02,4.347480712847177076e-01,3.985320107420300961e-01,-9.975029803470629453e-02,-1.992125503488688110e-01,-7.195409435414845678e-01,-5.285397111445503393e-01,-2.486073370755033096e-01,-3.065287334315794365e-01,-9.401411580278147551e-02,-4.999843017490327446e-01,1.542176651195394377e-01,-5.182834563874660905e-01,5.941786191513309667e-01,2.162142457557220676e-01,3.785491561415072481e-01,2.707716767363626542e-01,-2.407408581292717342e-01,-4.709230402733993737e-01,-3.015899690114176579e-01,-3.119027147433989788e-01,-2.936464265083385539e-01,-3.511430124851815382e-01,-3.354427543703252246e-01,-3.269452808487532391e-01,-4.192363554066199649e-01,-5.776353537268155147e-01,-2.577402771463402908e-01,2.651247640144874240e-01,-1.279709224465553317e-03,1.909106942435777610e-01,-3.910793491895624974e-01,-3.042585056014967537e-01,1.918185802759168335e-01,4.451951013148335856e-01,-3.784015801330319340e-01,-2.996174886603178988e-01,-1.124439530309144647e-01,-2.719062396092798428e-01,1.610248765062230469e-01,-2.222294253412211151e-01,2.228995681452332900e-01,-3.733654480917075191e-01,-7.383936772992809316e-02,2.775620563753817757e-02,-2.047048916097784013e-02,1.040405908928663664e-01,-1.821887055352490806e-02,-2.391933783602610754e-04,-2.403231713383578161e-01,0.000000000000000000e+00,-1.712012925710643951e-01,-2.905688379299388446e-02,1.375441930428230042e-01,-2.445470691763329540e-01,1.763931817620123799e-01,2.860348222625473391e-01,-1.037525592292891929e-01,2.340620405402697723e-01,4.389565263475213031e-01,2.421848107340000555e-01,-9.840643780839070098e-02,-3.198283632808786581e-01,1.350130339135857116e-01,3.129990475262487554e-02
-3.733456543020412521e-01,-2.627394149759788022e-01,5.964945607316111120e-01,0.000000000000000000e+00,-1.192359300452930093e-01,2.272322098222211706e-01,3.879163228244890127e-01,6.149624538145245234e-01,-3.198232894032044804e-01,-3.079034078051918755e-01,-2.081517732712879487e-01,-1.872677954237173537e-01,-2.959139956040245378e-01,3.377104704554798314e-03,-3.497618666524408559e-01,-1.702219905845856751e-01,-3.580669382763045916e-01,-3.924356577882570640e-01,-1.926364722857466794e-01,-4.032197312185177851e-01,-3.383556244995533646e-01,-3.425919489891235958e-01,1.344224971619559228e-01,3.094152988571088336e-01,2.375846968210260698e-03,-4.637690086917130999e-02,-3.609796909476420956e-01,-4.004013196452440582e-01,-3.338921861998325191e-01,-1.757113498129099505e-01,-1.960629096781550951e-01,-3.050405578529492012e-01,2.139103387581796911e-01,1.645010883942670254e-01,2.261081544638026963e-01,2.120027798987650647e-01,-4.473615900516481614e-01,-4.293570319146003400e-01,-2.069593270916391947e-01,-2.925565620439917747e-01,-4.176289060311985102e-01,-4.046921032840937182e-01,1.356606112067320902e-01,9.539151255826715248e-02,-2.508632957371630112e-02,-2.084566468781145349e-02,-3.387848617648355765e-01,-5.848596380759200214e-02,1.571385914528013461e-01,-7.042051174192030284e-03,7.243403695681143173e-01,3.036527596993445210e-01,6.006950220485084424e-01,4.071774548373529590e-01,-1.090176876119881566e-01,-2.753973705223019541e-01,-6.605967327982900095e-01,-4.627884838278980562e-01,-8.166248282863206032e-02,-3.489193331339270066e-03,-1.345902345215592606e-02,-2.666952590651419652e-01,9.128522199444080720e-02,-2.190708465026622864e-01,2.788550391768705450e-01,2.858363986832033743e-01,5.196067476571940569e-01,6.577662032061455388e-01,-3.467370080491112838e-01,-4.555772792920337322e-01,-4.432286295743137483e-01,-5.397663475957227286e-01,-3.570804019560316345e-01,-4.520569579916229319e-01,-4.426770695972834790e-01,-4.506446006315643071e-01,-4.185002953173524443e-01,-5.088010200971261332e-01,-1.896792912050321578e-01,2.717242061385833352e-01,-4.348782745093745378e-02,1.633772214963606917e-01,-5.060410102429684365e-01,-2.456938973333111231e-01,2.551193983503390883e-01,3.717900930556281014e-01,-4.674489391157697349e-01,-4.720924754846914650e-01,-2.476950404012577267e-01,-2.716287846429799036e-01,2.866595435606572595e-02,-2.420494567935922159e-01,-2.682269040479374339e-02,-1.734682667415944901e-01,-1.301417546710537387e-01,4.881567369139264145e-02,-7.776011387375694750e-02,-1.029754385125794536e-01,-1.805802040888004056e-01,-2.807478077702803554e-01,-1.344743741510900648e-01,0.000000000000000000e+00,-2.964976338797796762e-01,-2.377074249203034104e-02,1.177308377300135961e-01,-1.444897686460008823e-01,4.891862525657419969e-01,9.885788154640426373e-02,-3.261336591675451646e-01,-5.186447637124295962e-02,1.205732331248597911e-01,-3.781706481638519128e-03,-2.381649464240730152e-01,-4.585877966180696985e-01,2.040229875052203545e-01,-9.131869786071938888e-02
2.014223246599967931e-01,7.042101160422026837e-04,7.623364554538161753e-02,-1.192359300452930093e-01,0.000000000000000000e+00,4.422106662453894610e-01,3.875399887828300804e-01,2.739778391443083994e-01,1.829137698573790882e-01,5.095971451223006987e-01,1.363101764635373525e-01,-8.805057701476218246e-02,3.274515482125630594e-01,-1.500260135020499708e-01,3.825636255637603067e-02,-1.923184994881529941e-01,-2.556438632757521145e-01,-2.742592014010115098e-01,-3.557950220789261875e-02,-1.099724491553782935e-01,-3.668742762394593959e-01,-5.891794074284445459e-01,7.205617547401711731e-02,1.883933690872127420e-01,3.234643495106880873e-01,1.793036577435022302e-02,3.596069535613822810e-01,-2.114601417215034862e-01,-3.300961150703352054e-01,-4.344215439111016597e-01,-1.433387660174457144e-02,1.129460696838779227e-01,-1.100752435845620270e-01,-1.782490409351512317e-01,4.115728609938611171e-02,-9.765465057717359620e-03,-2.564940509129512991e-01,-8.422831415384483822e-02,-4.376607176387119491e-01,-4.071483893663554454e-01,-7.079571308413094843e-02,-2.566016385568619107e-01,1.111969832378795625e-01,-1.097742376592791835e-01,-5.824958331879181300e-02,-1.695446332127002464e-01,5.283049748981436672e-02,-8.042743038036563250e-03,-1.305466626970587796e-01,-1.240596369471644450e-01,-1.189073107966319848e-01,8.584940422044598160e-03,2.452103203583297086e-01,1.483434200409364245e-01,-2.928775901823368888e-01,-1.446808264554563794e-01,-1.591176254054716202e-02,1.390050286427160220e-01,1.046605251372261930e-01,-3.269706479761994022e-02,2.941491152256293651e-01,3.533387851467747476e-01,-2.357777280742320292e-01,-4.159940820002224759e-01,2.025138509389628749e-01,2.115294795753256130e-01,-2.475175205870533968e-01,-3.069321115782548404e-01,-7.249418019395072188e-02,-8.512051861758834770e-02,2.446147447011525478e-01,1.168680148260806961e-01,-1.504340021551911766e-01,3.391280940242839548e-01,2.544711945168259271e-01,4.369007504342541370e-01,2.771901523388716759e-01,2.790617839780615284e-01,-1.369027791930902127e-01,-1.095755136185160711e-01,-2.514726226546097898e-01,-5.311690339318254211e-02,-2.503588736874335918e-01,-4.789366935003626646e-01,5.706702131942859718e-02,2.291764727866900109e-01,-2.384720176446157025e-01,-2.064808622892152501e-01,-1.527989286001055769e-01,-8.493105632038973341e-02,3.274466165320867317e-01,1.715705285520268963e-01,1.254593015931292910e-01,-1.770421227374773532e-01,-3.171705947505168988e-01,-2.839966834413008567e-01,-2.607328715844871025e-01,-2.808850279222087631e-01,3.044520947141942172e-02,1.543745606554315086e-01,3.079286597829677952e-01,0.000000000000000000e+00,-1.022883703981710829e-01,-3.648726534185966486e-01,8.374786329796680973e-02,1.045652958827010259e-01,2.508800285941025221e-01,3.932233673611705838e-01,-1.693856841238395791e-02,-9.333130784660904899e-02,-1.739446259294988306e-01,2.414673165266066276e-02,-1.377905663356709109e-01,2.432950989351165272e-02,-1.226356175789581199e-01,-7.226312673800701358e-02
-4.840951405183274714e-02,-1.559916547406867970e-01,1.650259733501411030e-01,2.272322098222211706e-01,4.422106662453894610e-01,0.000000000000000000e+00,4.140406763214410923e-01,5.479801036210214527e-01,3.548712919597986626e-01,4.524363197122183156e-01,9.901706738030681410e-02,-2.455857495820530367e-01,2.681319568594832115e-01,-1.957149541256225367e-01,2.326787721873101178e-01,3.397255160422319592e-02,-3.941579794790986413e-01,-3.893682320308768929e-01,-2.965161818656992798e-01,-4.047282719038119425e-01,-3.262320836727682360e-01,-2.548571555922435339e-01,1.721289496743971525e-01,2.665595491623778401e-01,3.524162691936502112e-01,3.298079638415506443e-01,6.812501323208196291e-02,-1.008736051981719700e-01,-2.985624487815009553e-01,-3.080700572990701658e-01,-5.089109291433233789e-02,-1.082078350503054287e-01,-2.730612636281322114e-01,-2.901064729436446665e-01,6.929609799862310703e-03,-1.259972641441163277e-01,-2.730791504013271864e-01,-4.540673852045617465e-01,-1.843234430117059730e-01,-2.736067042565738516e-01,-2.197219511496938393e-01,-2.162162528463624778e-01,-8.261166841485374779e-03,-3.169771716326119093e-01,-2.168800435854335018e-01,-2.823956327367190822e-01,-3.014058362280019332e-01,-3.435259549658680189e-01,4.142074769050006072e-02,-2.039527148311707505e-01,2.741256283168230778e-01,-8.653684767812336309e-03,4.032000966268319830e-01,-1.999355387812858792e-02,-1.028093081298003114e-02,-3.574725943497897851e-01,-3.155753507975952998e-01,-1.388702072479575944e-01,1.482349309619011013e-01,-2.672544668457462261e-02,2.901901101521290327e-01,1.121586942523811747e-01,1.307722586380119512e-01,-3.640193041240369909e-01,3.881759397668398948e-01,4.106236825867346507e-01,1.494073337322926638e-02,1.932232034080622746e-02,-2.563124813959804463e-03,-8.685203083207335140e-02,-8.145287480646418166e-02,-2.700936697338904846e-01,-3.560784808151218894e-01,-1.765314242402135914e-01,-1.700348404470727603e-01,-1.188168062084491855e-01,4.481680208322941922e-02,-9.165971200961400486e-03,-8.504192147962449932e-02,-3.179450928812895261e-01,1.319815290225097859e-01,-1.237607495951140030e-01,-3.260388991379894325e-02,-1.108676959433645276e-01,4.124710707985500546e-01,1.159618942079019277e-01,-9.255158225872717193e-02,-8.839385246441384958e-02,1.882271013281581751e-01,-2.783961824964423792e-01,2.845586663203714672e-01,-1.819981057158238380e-01,-1.221639457798181921e-01,-1.288555082848880651e-01,-1.535685201655305303e-02,1.013504126387337750e-01,1.178023061872829486e-01,-1.450492098727785839e-01,-1.930720942396669249e-01,-2.013246542497414415e-01,1.000366588158202036e-01,0.000000000000000000e+00,-1.192549639552012569e-01,-1.474217724982755939e-01,2.414475380191161841e-02,-7.085051438162293103e-02,3.369970934297330523e-01,3.141862208435192705e-01,-2.458048472806549090e-01,2.569780444864245075e-02,-8.371231983951593625e-02,-1.751695068467271077e-01,-1.169333929273343731e-01,-1.549191375098001311e-01,-9.186395024690614808e-02,-2.610642752091301144e-01
-3.513490687222676351e-02,-4.168454099884029151e-01,7.410982646570716259e-01,3.879163228244890127e-01,3.875399887828300804e-01,4.140406763214410923e-01,0.000000000000000000e+00,6.108284256076770280e-01,-2.088915880716323281e-01,9.722724240551991817e-03,5.070162345830935280e-01,-3.576050298796089044e-01,3.774307371727901317e-01,-5.110928312142816177e-01,-2.070012835812626295e-01,-4.617739082992620703e-01,-5.325689618837595729e-01,-5.643561353178988549e-01,1.341314840345115833e-01,-4.690835101017740705e-01,-3.098340281771406191e-01,-5.252561436603940814e-01,5.872625193595777393e-01,5.590502389446717624e-01,3.000650748562450620e-01,1.107872218663494834e-01,-7.609414753138132870e-02,-3.394813125783758267e-01,-4.202432660965157440e-01,-4.553134341141755193e-01,5.029547742565638330e-02,9.896562171329928437e-02,4.415749829147994077e-02,-2.425845283438730904e-01,3.658216365601603681e-01,1.548720512987957487e-01,-2.988194133189494006e-01,-3.122765272428105754e-01,-1.818859162151000575e-01,-1.731703874802791310e-01,-2.025358806664243339e-01,-1.968663153799348475e-01,2.760697490563331913e-01,-1.302662158539179792e-02,7.120353100079087651e-03,-2.178691758143836421e-01,-1.649245215811263321e-01,-2.104183822185774211e-01,-2.412566823009071326e-01,-4.505107308555784118e-01,1.785417809186418403e-01,-2.325509754578692356e-01,3.583076290187877655e-01,1.384083389119242224e-01,-2.625634346023583698e-01,-4.767048822558848098e-01,-6.978871417887320128e-01,-2.722059602813137191e-01,-3.764377545754302168e-01,-4.383164384038208961e-01,7.338459208085638431e-03,-3.008261606538852884e-01,-3.635487801088426590e-02,-6.993489636118813690e-01,5.944027552931395730e-01,3.548091724992996632e-01,3.054501424683973010e-01,1.273767942254238339e-01,-2.455582316893676065e-01,-2.780970192455088363e-01,-4.469773914877097493e-02,-1.627901866094741135e-01,-3.504509405084424989e-01,-2.843465501616390667e-01,-2.327186763351656584e-01,-6.071164849348208853e-02,-2.057801831971473594e-01,-4.217093164934628269e-01,-2.946328306705788824e-01,1.058404097185452683e-02,1.912089558772704645e-01,1.837342531937915246e-01,-1.722670070021773969e-01,-2.818700802559277463e-01,4.362618377034570005e-01,3.701088289946475873e-01,-2.549224241969915150e-01,-2.315161855153948511e-01,2.603396571107739754e-02,-4.395038810246541527e-01,4.080937120412611585e-01,-1.637868904095407530e-01,9.246660989123198227e-02,-3.864025640505575621e-01,-1.137722217512103368e-01,-1.131035203469668050e-02,4.914132841667462163e-03,3.455977455300546231e-02,-5.533002624416547000e-02,1.098301916619585372e-01,-5.882144818972421391e-02,0.000000000000000000e+00,-1.026792520040209211e-01,7.427738517867223111e-02,1.051077601485545521e-01,-1.514990300866695949e-01,1.488542062076276540e-01,3.521248507141341855e-01,3.546732461000538100e-02,2.676278251346552728e-01,2.387257734372569551e-01,2.176447276906532946e-01,5.663330223908561584e-02,-1.817431767927513153e-01,4.972500211285486166e-02,4.262291816332109545e-02
-5.294274744764796564e-02,-1.120581268553463850e-01,4.824302996825837186e-01,6.149624538145245234e-01,2.739778391443083994e-01,5.479801036210214527e-01,6.108284256076770280e-01,0.000000000000000000e+00,-1.414571094466682000e-01,8.579130833642854836e-02,1.666653564646166166e-02,-1.483480637283358661e-01,7.288121604709862922e-02,-4.725632263993558707e-02,-2.744729828865676291e-01,-2.819165070317530830e-01,-5.051336641921410076e-01,-5.603889801328125753e-01,-2.376319533817413399e-01,-4.537098716896927897e-01,-3.804432689956184777e-01,-4.633618750071087367e-01,2.970174607500449260e-01,5.072349569745880915e-01,9.658659854003541489e-02,-1.138864569826597284e-01,-1.484413303663637829e-01,-3.941273935482996760e-01,-5.729012657337323455e-01,-4.782074355325399151e-01,-1.093392876279487835e-01,-6.910650236691681658e-02,7.902601724259693261e-02,8.133906311070746020e-02,3.356634351830959373e-01,1.806716346056972955e-01,-4.030773179605097734e-01,-4.754972944009160374e-01,-3.080356051827695119e-01,-2.958274842236708890e-01,-3.683986408556218506e-01,-2.315233879018462892e-01,1.594521244430431584e-01,-2.035930131697109013e-01,-1.467180472213462823e-02,-5.050042709705725164e-02,-4.738276472222986979e-01,-3.878949746317034153e-01,7.873751210233234654e-02,-3.890020678185612812e-01,4.523416073380769897e-01,-8.647219190668507804e-02,5.735449906363255801e-01,1.715909076408038414e-01,-2.838332752994702779e-01,-5.897067348201083803e-01,-5.761371595548417934e-01,-3.345320510976978468e-01,-1.909483307514606154e-01,-2.634736614126745313e-01,1.232115021793135784e-01,-1.469043057616631898e-01,-2.309135812314169756e-01,-6.073591582848870685e-01,5.218055016669626012e-01,6.204854140974063181e-01,3.406836273557601880e-01,3.137084220341816998e-01,-2.677331272949766139e-01,-2.617891549917907845e-01,-2.316045495080201466e-01,-3.825113058769203933e-01,-5.178451116292431822e-01,-4.022132300259003701e-01,-4.947537529656786948e-01,-2.581544656781952218e-01,-2.375509708647717544e-01,-4.011992262718621083e-01,-1.020423683703362006e-01,-1.352304433058786406e-02,1.621155502371612878e-01,1.278780242592989225e-01,-3.066804960385904888e-01,-1.613782563805213621e-01,4.658541776751187191e-01,3.865198249028114486e-01,-2.412754532587726986e-01,-2.224812342447329838e-01,-1.078423305520562342e-01,-5.462404696334632881e-01,1.960410036338588735e-01,-4.772863898583741826e-01,-5.623949760017427080e-02,-2.794930380595114228e-01,-1.956738332819342452e-01,6.776198341361824862e-02,3.837014490476235717e-02,-1.868649292834288211e-01,-3.525698025650818024e-01,-3.357162893947107096e-01,-1.154467448534308438e-01,0.000000000000000000e+00,-4.257670800491213936e-01,1.478994648328907542e-02,6.427253916790773292e-02,-1.081585655341287810e-01,3.521560468740297378e-01,3.409968107515506941e-01,-2.188485003982056920e-01,1.173043309065853190e-01,-1.341766955620325892e-02,-1.202900755983982301e-01,-1.747617499305367528e-01,-3.418717413746721889e-01,7.408327200206253627e-02,-3.110848160579718358e-02
1.369890504510856144e-01,3.574345432204628081e-01,-3.329125966450410257e-01,-3.198232894032044804e-01,1.829137698573790882e-01,3.548712919597986626e-01,-2.088915880716323281e-01,-1.414571094466682000e-01,0.000000000000000000e+00,3.725537817856007794e-01,1.730942169630702854e-01,3.577883814560848807e-01,3.844260322184770429e-01,1.211395397637197585e-01,6.441717462123647264e-01,3.327874228368046250e-01,-1.810092287436952108e-01,1.452548972113213432e-01,5.567235996799112935e-02,1.996307088618993753e-01,4.632116869491710309e-01,4.097838226572720899e-01,1.002456716356287664e-01,-1.408757902629642900e-01,1.139243159253512383e-01,3.031578006957476590e-01,2.729893857882670916e-01,2.917189189085354628e-01,2.484066599510105777e-01,9.862536324529103116e-02,4.195119024384350026e-01,2.292641551567593527e-01,-6.106894566478231895e-02,1.322153679368443663e-02,-1.600877211416056878e-01,-1.830222767704489106e-01,5.549921850032649706e-01,1.271518386824858071e-01,4.512595771219710672e-01,3.948193851616006445e-01,3.956207815100790670e-01,1.032818161983098948e-01,-5.243910533575587563e-01,-4.881821829933820078e-01,-4.270455652830626447e-01,-3.439431719703065493e-01,-1.648597257745388900e-01,-3.343258323692395728e-01,-2.563206813030589060e-01,-8.425441938250841090e-02,-2.112174344387261204e-01,-1.343929856347983731e-01,-3.233205689326874022e-01,-5.309564057658013869e-01,2.615358061313641236e-01,1.813783652809757285e-01,2.355468819664854885e-01,1.606235140160266750e-01,4.407784367481525911e-01,2.975518514353009403e-01,2.778265264251856825e-01,3.724040849887590987e-01,9.658564481518968486e-04,2.936981623905762437e-02,-7.981634978536221448e-02,-2.473217075595691705e-01,-2.701672762742131639e-01,-3.326483512596445924e-01,2.383048786914151451e-01,3.709320570781973192e-01,2.144912741949541735e-01,1.091084897891378414e-01,2.758842768807964752e-01,4.350772977395279684e-01,2.281038718608877636e-01,1.312047418576441637e-01,4.459225123486145748e-01,4.345340807218749379e-01,-1.246730207074619665e-02,-4.317622341139648046e-01,3.500999503204570151e-02,-3.880861197206587065e-01,4.998821364130924816e-01,3.498832361327932072e-01,-2.612463744673198737e-02,-5.696530356024637198e-01,5.695787163770439365e-01,5.469749251149278457e-01,2.659699219324624941e-01,1.628463539227189838e-01,-1.834571582267367773e-01,-7.139541923159779813e-02,-4.315395330271866170e-01,2.907741018856089821e-01,2.788862128377431887e-02,-8.511872383563569289e-02,3.910230010965772343e-03,-1.129746617585210694e-01,-2.573834544392181178e-01,-1.470519098726436047e-01,-1.074719879965114755e-01,0.000000000000000000e+00,-1.197524834760396555e-02,8.918188110758619447e-02,-2.258878885004895337e-02,-2.089880738545834837e-01,-3.237548219416659379e-01,-1.892170163496304514e-01,3.105290563622864833e-02,-2.117748577632761475e-01,-3.604163827511250306e-01,-4.541680494195149964e-01,1.332364824953032878e-01,3.665558265088074141e-01,2.167643959433629246e-03,1.001270578230713422e-02
1.532215056160536049e-01,-2.027156187382210886e-02,-2.374711485800488631e-01,-3.079034078051918755e-01,5.095971451223006987e-01,4.524363197122183156e-01,9.722724240551991817e-03,8.579130833642854836e-02,3.725537817856007794e-01,0.000000000000000000e+00,-6.437085174404036381e-02,-2.249700399479447749e-02,1.518819271005027727e-01,-1.159213160269603193e-01,2.614681768084375912e-01,2.783404515743841956e-01,-4.167786789857976654e-02,-2.062993007182875871e-01,-2.622302552314912938e-01,-7.057758769638509955e-02,-1.424725681704910041e-01,-1.892044538976776491e-01,-1.083756975044359444e-01,-4.627332715052111245e-02,3.573512609875637014e-01,1.487240102372382466e-01,3.336514444515064626e-01,2.739302941263725699e-02,-5.953026871999664987e-02,-1.384764030758018349e-01,2.151798913328861231e-03,1.418784280771270001e-01,-3.610151297975657259e-01,-1.875187700523254231e-01,6.447947747875726332e-02,8.134466973771714571e-02,-5.680410145988754045e-02,-2.691366319048166603e-02,-7.308397661520998900e-02,-2.890612442762661161e-01,-4.164045853932950986e-02,-1.986946639957075655e-01,9.419570939000339316e-02,8.569359803412128496e-02,-8.768739721156759703e-02,2.032169463543627430e-02,3.107116889324231246e-01,1.574545111057956137e-01,-7.919503568426178308e-02,3.664407499217105235e-02,-4.195460692633631306e-01,-1.205321064242480394e-01,-1.641845285044774005e-01,-1.005328133417916353e-01,-1.131149939782456482e-01,6.042633685552305928e-02,2.158168344183201692e-01,1.516365509421503388e-01,7.700411891636953221e-02,-9.420942046854477447e-02,-1.650030019012092494e-02,2.319109682531365069e-01,-3.734689305132723458e-01,-2.711338083120679032e-01,-8.030734076102304456e-03,3.322148433134940460e-01,-1.921941199162099101e-01,-2.525467706374399657e-01,7.654350671978002452e-02,8.319883486833312691e-02,3.298412931365177214e-02,1.572036535041181071e-01,-1.593462216511992158e-01,1.077672877858217582e-01,1.066084236813509417e-01,1.928095581076609277e-01,5.568796172310511161e-02,1.276142546129988564e-01,3.230656430684017422e-02,-1.524452032157636028e-01,-1.619512332280525768e-01,-2.133582938012426045e-01,3.961932035472032210e-02,-1.136654517602537218e-01,-1.954597832303541782e-01,3.247593869671638878e-02,-3.297696589169675507e-02,3.513730716031666923e-02,5.088896446529905804e-02,3.606371283373181746e-02,-1.400514632377054640e-02,1.911332248202763373e-01,6.120866820927889015e-04,2.814101627327461053e-01,-1.154717676090939033e-01,-2.548347690330594051e-01,-9.510636255897317315e-02,-1.520169817300428827e-01,2.429387144845735480e-01,3.271358127777244662e-01,2.816873441048837190e-01,0.000000000000000000e+00,-2.419572453152344371e-01,-1.826481515390188659e-01,1.519114754087522723e-01,2.840563439313588123e-01,1.476375619186362856e-02,2.567598171997986234e-01,1.771280380356428930e-01,-1.155230450369240797e-01,1.222263617228541016e-02,1.276344189062139992e-02,-1.783200718735558632e-01,1.239753004659451957e-01,-1.144486161912071503e-01,1.108105595169246033e-01
1.524069484177981992e-01,-1.373929417886547988e-01,1.049850037080444082e-01,-2.081517732712879487e-01,1.363101764635373525e-01,9.901706738030681410e-02,5.070162345830935280e-01,1.666653564646166166e-02,1.730942169630702854e-01,-6.437085174404036381e-02,0.000000000000000000e+00,-6.169110951017355016e-02,8.350950621650697903e-01,-2.890893952303608683e-01,9.770468221423898869e-02,-2.555949421378052588e-01,-3.513309732681399455e-01,-2.246099869277418393e-01,5.119934486800051809e-01,-1.280104109701472870e-01,8.170927692033840006e-02,-8.528390906606544974e-02,5.642479417849755041e-01,3.596508025223646432e-01,1.832704984629093120e-02,-6.614116346792206502e-02,5.604044962005994696e-02,1.237952429657898125e-02,3.275744531093586348e-03,-2.613448472504018016e-01,4.219936587773743808e-01,3.657509719615862909e-01,1.373650336992601750e-01,-2.419828811434819038e-01,9.628491268320804597e-02,-7.206921429685904379e-02,2.367076909242706306e-01,-3.789969604019665511e-02,8.770224552301120191e-02,3.735917885093965052e-01,2.468135927429156995e-01,3.987877508945181226e-01,2.071824575911011129e-02,-4.520012630654680896e-02,-6.556154008362816143e-02,-1.856044958429664826e-01,-1.955558920511774601e-01,-3.630743243964388856e-01,-6.046152007247760363e-01,-5.014185816388017081e-01,-2.798140310888427851e-01,-5.206351874074005570e-01,-3.144326522646145317e-01,-4.099707466562653169e-01,-7.470995328848800687e-02,-2.697234085081829935e-01,-2.737485593273831785e-01,5.362822897855385601e-02,-2.769474113926075898e-01,-2.811432006861143695e-01,-5.095864918905794461e-02,-1.030653202414734820e-01,1.548690257151491036e-02,-3.738472279218222338e-01,2.687385763790809956e-01,-5.285354460899718831e-02,-1.967080772589372556e-02,-2.308522314689958888e-01,1.128528918439593576e-01,3.215798668374906799e-01,4.664373638179079573e-01,2.879839451541629236e-01,2.375420953481897635e-01,5.667058351666309779e-02,2.241483622494721273e-01,2.655401611922211802e-01,3.141609621673814856e-01,8.347228502630114899e-02,-2.244021767802392708e-01,-3.393849523849341576e-01,4.461186698341715329e-01,4.209155530644240195e-02,4.427255226897482965e-01,2.784492695013858210e-01,5.038848228152548181e-01,-1.969601853060061469e-01,3.670429285510682926e-01,3.367454861560345014e-01,2.441276536091721849e-01,-2.589959676015368140e-01,2.185344810959657658e-01,-1.034040779765251911e-01,-2.268885925424850014e-01,-6.763885682521950105e-02,5.966692376258782987e-02,7.608406681095132573e-02,2.160680376346784948e-01,1.818486332367631741e-01,-1.983175924164672643e-01,4.673271772988558254e-02,-2.156260738138102151e-01,0.000000000000000000e+00,2.198341613230394564e-01,1.913113268881236895e-01,-8.285207167163860520e-02,-3.396114850265711249e-01,-2.705449424543659998e-01,5.381125025261172118e-02,1.120120213992119446e-01,2.213646809804367122e-01,-1.102557490596180467e-01,-6.722582332444444753e-02,3.790015379970105291e-01,3.629134133556731201e-01,-5.778134996666772077e-02,4.273773313383249367e-02
1.997969365491396587e-01,5.399192668394640071e-01,-3.868584995424523276e-01,-1.872677954237173537e-01,-8.805057701476218246e-02,-2.455857495820530367e-01,-3.576050298796089044e-01,-1.483480637283358661e-01,3.577883814560848807e-01,-2.249700399479447749e-02,-6.169110951017355016e-02,0.000000000000000000e+00,2.781305116206586950e-02,6.962371331390930784e-01,1.259338277626323721e-01,2.156131853287322486e-01,2.636489179973484087e-01,5.526411210071741076e-01,2.684451863910196079e-01,6.093925703523832560e-01,3.603919945066236252e-01,2.731962895893982890e-01,-2.578435009010435763e-01,-2.433874145343514483e-01,-4.243273160693259993e-01,-2.856409675639591250e-01,-5.585885650475870545e-02,1.193600253850626014e-01,5.199425873799200515e-01,4.076483847210002898e-01,-4.477309794493815331e-02,4.094224095357214960e-02,2.490350878874001972e-01,4.424573873176883554e-01,-4.436467634360783396e-01,-1.751078600976121169e-01,4.706020074029177991e-01,4.584739275105961243e-01,3.971817556040710961e-01,3.882316262849316857e-01,5.154027743532568762e-01,8.029354886666559277e-02,-4.807317067215153283e-01,-3.472277583843484394e-01,-5.509361370333267782e-01,-3.981695928462251621e-01,4.084379686229757528e-02,-1.271737914142779813e-01,-2.374037334718544778e-01,-1.851244714579729223e-01,-1.647401052827612844e-01,-1.796914672482298192e-01,-2.384339164882803563e-01,-2.679456340347561305e-01,5.501886197768985493e-02,2.439710843956930941e-01,2.373462214145223570e-01,1.144443354880369523e-01,3.141793433436841365e-01,3.086216827684214459e-01,3.306393739784975749e-01,5.132940377489494388e-01,-2.184055377086622368e-02,4.598546353213846527e-01,-4.286335521860123454e-01,-2.236664705870881342e-01,-3.469968854008765313e-01,-1.829162853861702465e-01,7.302081470164914490e-02,2.112698012982133500e-01,-1.124298672932754622e-01,-1.226309781673347588e-01,2.951298968401318001e-01,4.339409521310618745e-01,2.430029779469317364e-01,1.455178205612210063e-01,9.587854778018278790e-02,2.670953296205970107e-01,2.312970712850825894e-01,1.798997146090349220e-01,-2.700932145538780804e-01,-1.119189400694858838e-02,2.261417822694821722e-01,2.145014481976016685e-02,-3.768141812633994392e-01,-4.172972664903180084e-01,2.624691748234282973e-01,2.271410235584614690e-01,-2.051551908968800384e-03,2.267095365342845503e-01,-2.414065475470635602e-01,-2.109474712411168670e-02,-8.464122776382082547e-02,2.347790069609605457e-01,-1.333958680772817929e-01,-3.765420580832796182e-01,-4.356308206469154953e-01,-4.100258288420746133e-01,-2.708224952581698708e-01,-1.896147890822690862e-01,-1.525925458406566723e-02,0.000000000000000000e+00,-1.761907621934525603e-01,6.168562380620945529e-02,-1.941739931659229035e-01,-1.658290930186901435e-01,-1.066360232056922513e-01,-1.128483739016983428e-01,1.330534908659756210e-01,-3.775799929153638712e-01,-2.878556600049921310e-01,-3.829020444618047025e-01,1.009863263644340814e-01,2.328473135952792428e-01,6.525159959098733586e-03,1.156043515163732438e-01
1.614015813820264267e-01,-7.159794668704868095e-03,-7.973667089204192204e-02,-2.959139956040245378e-01,3.274515482125630594e-01,2.681319568594832115e-01,3.774307371727901317e-01,7.288121604709862922e-02,3.844260322184770429e-01,1.518819271005027727e-01,8.350950621650697903e-01,2.781305116206586950e-02,0.000000000000000000e+00,-9.819363365288885648e-02,2.746387005525464664e-01,-1.063795487660389172e-02,-3.445093045639282536e-01,-2.256112486684876683e-01,3.160239568268103927e-01,-1.036151431472572548e-01,3.692767370420754064e-02,-7.494430030202318960e-02,4.957002443446764661e-01,3.015685414966918221e-01,5.927443357213335595e-02,-7.238831143501307797e-02,2.426722278654737386e-01,1.241835562053666547e-01,-2.380060727074535462e-02,-2.876627414983780606e-01,3.866578950282757998e-01,4.011603649112707171e-01,6.656759088894631526e-02,-1.721192412807180938e-01,1.447420744662770986e-01,3.673869520724074716e-02,2.354185479501278155e-01,-4.339928101528273824e-02,6.556641467096587308e-03,2.322179291598780171e-01,1.919790601853945400e-01,3.419520003113062367e-01,-5.659308757612763890e-02,-1.518483304010606327e-01,-2.002491306924507330e-01,-2.668202358696457610e-01,-2.773508782726171740e-01,-4.077259641750548003e-01,-6.853111008206222987e-01,-4.882636539379522356e-01,-3.530034702457635620e-01,-5.082814837798272922e-01,-3.058440957192823384e-01,-4.232358189999416709e-01,-1.778056596468928496e-01,-2.685598854734107532e-01,-1.136912922997949382e-01,1.992349855776237022e-01,-1.461825857273863494e-01,-1.875371863717946730e-01,1.100358174309258585e-01,1.117324291023877730e-01,2.880468678197042540e-02,-3.610518971400632493e-01,3.083139272490887373e-01,2.365591853523456994e-02,-1.303968686095193230e-01,-3.378410641248103530e-01,1.309305314002031928e-01,3.287456817793682484e-01,5.839961999983493968e-01,3.442826209241062752e-01,1.344173104841151212e-01,1.281357453453124129e-01,2.392217824264631920e-01,2.681591422781136602e-01,4.095556355205575705e-01,2.231661500499337036e-01,-7.768845658635337159e-02,-3.525529724022476441e-01,4.168486200378944684e-01,-1.623567266282798308e-02,4.420829277514543576e-01,2.634113830423663871e-01,5.156049795854845685e-01,-1.776098368060147759e-01,3.406040135171776173e-01,3.032149586088613846e-01,1.494148712576388871e-01,-2.254356067951108766e-01,2.844122908117922011e-01,-5.968303905005017257e-02,-2.077745152221223968e-01,-9.122524771529089138e-02,-5.434594542463976573e-03,4.964220508967943923e-02,1.298860315816697530e-01,3.938878244246506871e-02,-2.241223680387346984e-01,3.293844871672751973e-03,-2.450378869960777653e-02,0.000000000000000000e+00,1.674978794371552449e-01,6.654414406356377876e-02,-2.138672404046380315e-01,-2.738127613257563264e-01,-1.892257718436167746e-01,1.879452501907696860e-01,9.368799780758098328e-02,1.602977519578482057e-01,-2.878422138536950170e-01,-1.764981373353415595e-01,3.421649239707875156e-01,3.679460985716469512e-01,-1.382678237519144038e-01,-5.986279532965253086e-02
