0.000000000000000000e+00,8.561079250803034224e-01,3.821235789608935507e-01,-3.379566158567574863e-02,3.562078642292244579e-01,4.533349624056293159e-02,3.354189304137323857e-01,2.503150035310142130e-01,1.238393646252500119e-01,2.954365338098535188e-01,5.617184351042626700e-01,2.862267868726255937e-01,5.839504785255318353e-01,1.698188348988630969e-01,1.310854374879150686e-01,-4.437804000425278617e-02,-8.307432936344952279e-02,3.968384834303392839e-01,8.186577140262325525e-01,7.231021879982244549e-01,-2.536988371186789659e-01,-7.047722068751686997e-02,-1.236557044944437550e-01,-1.961077209761504792e-01,1.381748586796139322e-01,-3.502091560094250378e-02,4.495398931385204966e-01,3.438515610094907138e-01,2.011587265382782652e-01,3.262968933033179586e-01,3.668580991777022349e-01,2.660158603122431131e-01,4.824931559943020365e-01,3.875997446101764332e-01,-1.897386195493541983e-01,-2.764930720274626497e-01,-2.583823198460244996e-01,-2.028959821157759746e-01,-1.998351185597057877e-01,-2.090425088434593459e-01,3.746046674025842790e-03,2.897646593800492013e-02,-4.923883435812138609e-01,1.080758391537691016e-01,6.256150945898462934e-02,1.802743117140873930e-01,-4.304365157671891651e-01,-2.051698756463989359e-01,-2.729034834809427879e-01,-3.567957322339922188e-03,-3.540826225493589607e-01,-4.339535495042070035e-01,-5.246868568213415296e-01,-4.094571950791576764e-01,-5.863347844244927165e-01,-4.046588337070148866e-01,8.281304248697042292e-01,8.333085278819726271e-01,2.492106594513248674e-01,1.338796133165481850e-01,6.798696209174067695e-01,6.902089684994326679e-02,3.829775394271400235e-01,4.112783221528789473e-02,8.267439216791548640e-02,-4.134519392312528407e-01,-4.903098106807449730e-01,-5.635174230266699613e-01,7.357495915890579496e-01,6.291507204392751129e-01,1.795531838420798831e-01,-6.512326599733972432e-02,-7.904492542500450580e-02,8.445467640726515846e-02,3.880550969958618951e-02,-4.431810852486001845e-02,1.358683380165061905e-01,7.776762898884122255e-02,2.742891714815320903e-01,2.687611986255751262e-01,3.162887377460148475e-01,9.934089097863160397e-03,-9.646031455560741263e-02,-5.733488751758055585e-02,7.392821925079016976e-02,-5.894323082386880852e-01,8.991285699624274041e-02,2.518018029507537378e-02,-1.714649827035720220e-01,-4.944849759539725054e-01,-2.711200479639211958e-01,-5.273218455439787622e-01,-4.183318746782895281e-01,-2.813190940605694301e-01,-7.969958926554218670e-02,1.313308310690080583e-01,2.278386016013503879e-01,1.773829563130991660e-01,-2.544116185724245027e-01,-1.789405690217631684e-01,3.586184747101225923e-02,-1.681309219731321747e-01,4.136084309448562896e-02,-1.254211662706339880e-01,-4.360990523417392351e-01,-5.949026386708334835e-01,9.951988184432440654e-02,8.251166962328637666e-02,2.296125907274718103e-01,-1.612236432635996419e-01,-1.317137919363920839e-03,1.239530287744832204e-01,-8.403696592511732122e-02,-4.054217144737858047e-02,-3.019275403960794066e-02,-1.883877213412086526e-01
8.561079250803034224e-01,0.000000000000000000e+00,3.522737077509302539e-01,1.353924642418720958e-01,3.749579456133773636e-01,1.533630625901507560e-01,2.416448972011307761e-01,3.852052860084902441e-01,1.117956148714721043e-01,3.830050010500064550e-01,4.811734860341683184e-01,4.423077320363228981e-01,5.176431821915991049e-01,2.903544034668841811e-01,1.627521573128370702e-01,1.345492355560515274e-01,1.503326280719351205e-02,5.874143763148504949e-01,7.777848027170315426e-01,8.110656906713735737e-01,-2.726613237397719769e-01,-2.681131276192916593e-02,-5.754593222682284626e-02,-1.417629540101999043e-03,2.072022841240038216e-01,8.724857685903196491e-02,4.558519543516915129e-01,4.100308515058387338e-01,3.184066194802478988e-01,5.391952430915167849e-01,4.745198494236110842e-01,4.400755265644272218e-01,6.094841570107120132e-01,5.999595324425069931e-01,-2.494477681117044932e-01,-2.211220013899817538e-01,-3.623755521489090969e-01,-3.038407936923817609e-01,-1.644158583704103949e-01,-9.189675841246378041e-02,-2.144832216006497747e-02,5.673704092040245117e-02,-5.421121970061739681e-01,3.961469195776014945e-02,7.898794790864288595e-02,1.509700565492262947e-01,-4.589065452573301562e-01,-2.837170283066609566e-01,-2.826564670402342827e-01,-1.624298833810871312e-01,-4.013627833047226368e-01,-5.196353608722265038e-01,-5.001197799266309252e-01,-5.481779355873359627e-01,-5.815586364826188515e-01,-4.838226311232551868e-01,8.121741163807172370e-01,8.708754741482520600e-01,1.211196288830348466e-01,6.966538540590995476e-02,5.404560508671580887e-01,1.350394576246002204e-02,3.513148720861055674e-01,1.280942060358393197e-01,-1.020177969594964068e-01,-3.975509255391463936e-01,-4.417027516841216528e-01,-4.214447780068963367e-01,7.667525918196091972e-01,6.882398552097968025e-01,1.425317578798560858e-01,-1.620210525654932898e-01,-1.272966262860348967e-02,2.470610284806835921e-01,2.270026480664766588e-01,-4.911894768617831690e-03,1.590511369179317402e-01,1.369351687649418003e-01,4.764766606224919987e-01,5.311837407114758935e-01,5.384739203856289125e-01,2.528682044996846123e-01,3.151678298233789432e-03,7.444944494483678177e-02,1.294631879835088928e-01,-4.397197189332650025e-01,1.221648153876863374e-01,1.673254005371784259e-01,-2.585908359943590584e-01,-5.227890445305959366e-01,-3.339347919088723748e-01,-6.762143984590828216e-01,-4.522058368654210403e-01,-3.824249620180010800e-01,-1.161536127798692697e-01,2.436408220194525021e-01,2.220911598397401765e-01,1.093714841966205165e-01,-3.439495209048291091e-01,-3.285683453998919923e-01,8.114215995031902329e-02,-2.633180787925077371e-01,9.319117940236722186e-02,-1.497016653961735777e-01,-3.478466558405238773e-01,-6.258129205651234983e-01,1.073007679673699810e-01,9.500834349047064531e-02,2.583150610362663357e-01,-2.006120832773064244e-01,-6.964334786331974336e-02,1.157610937060091216e-01,-2.275733238112546963e-01,-6.998243985259505751e-02,3.684588355346426342e-02,-2.461304722504404074e-01
3.821235789608935507e-01,3.522737077509302539e-01,0.000000000000000000e+00,4.657196627420811530e-01,7.020292126228170337e-01,4.254798193873772783e-01,7.538026857319861662e-01,6.043011238000967067e-01,-1.047025989489124703e-01,2.989975285715382736e-01,2.954035090469511043e-02,-2.952559610598733033e-03,6.810804524640649837e-02,-6.077207430833202889e-02,-3.875156468920514796e-01,-3.472360160025091402e-01,-2.915315824346954021e-01,-2.201897966658564795e-03,4.134313504610494516e-01,3.660281074841496007e-01,-3.563192276310591100e-01,-1.849844949083147005e-01,2.815284393744441060e-01,4.897408989248999145e-01,5.495104889849887764e-01,4.333950751110090538e-01,3.503115278789782350e-01,3.759238335339127324e-01,1.360413314090331283e-01,2.521741650221890341e-01,7.088422133055922725e-01,6.450061421921593485e-01,5.317760813141116927e-01,5.370744225552013251e-01,1.787947754409557055e-01,1.914101595960097935e-01,-3.822265557407855674e-01,-4.082617273133160585e-01,-3.392439102506730197e-01,-4.165407943737846619e-01,-2.727517623610687947e-01,-2.599313811792189344e-01,-1.773973231785834492e-01,1.626126723893458748e-01,1.718879550828393554e-01,2.706991390868874747e-01,-1.641318119279381038e-01,-8.341796217127234181e-02,-7.576526176473837026e-02,-3.197303540766533447e-01,-2.738136400990087149e-01,-5.804919516647317757e-01,-1.471683895872110404e-01,-3.856470482485746532e-01,-3.638670755785889943e-01,-4.199074208112023587e-01,1.948979379365828879e-01,2.826746455897774513e-01,-8.382220812803439780e-02,-1.250718964876521844e-01,2.382095763934398425e-01,-3.923349881790937077e-02,4.742006640064814760e-01,1.539043150013984784e-01,2.119500591656288679e-01,-1.004464839367893644e-02,2.172635667719280683e-01,-1.606582685159035906e-02,3.104901834019297424e-01,1.748787057757950625e-01,3.781745773462729665e-01,1.921294792838483256e-01,-4.551681323529468276e-02,1.135621213342550839e-01,5.940241821017929608e-02,-1.633260748542439689e-01,4.944241074607194641e-01,3.173463993574346387e-01,2.977932204915489933e-01,3.733790916556117834e-02,2.460744216007035023e-01,1.583894067369371120e-02,-5.415624232117758341e-01,-3.619995037392084170e-01,4.551738089393852355e-02,-4.534828429619172652e-01,-3.022277397522037945e-01,-2.398724725051603612e-01,-7.067165938205634268e-02,-5.569057895167339733e-01,2.681664238114320753e-01,-1.741880766426650851e-01,1.384625323344427783e-01,-9.653492969134479240e-02,1.438763540304811676e-02,2.883878200800267869e-02,1.325525607718755841e-02,5.946945708291589971e-02,8.341904993158344439e-02,1.038338142895040561e-01,4.866105826771672804e-01,4.269703563952601671e-02,4.494950695493363790e-01,1.615102270925279915e-01,-1.559904302361974637e-01,-5.640650556441245689e-01,2.550632400631362429e-01,2.322653491834847927e-01,9.579645718411775035e-02,-2.821414628480837239e-01,2.557399286446264131e-01,2.854697973372230524e-01,2.008662412322460844e-01,1.338744243439563830e-01,-5.212682552717855938e-02,-2.572171803201567242e-01
-3.379566158567574863e-02,1.353924642418720958e-01,4.657196627420811530e-01,0.000000000000000000e+00,1.416144819225027274e-01,4.422981754997227788e-01,2.932745140486954782e-01,6.360422400544868404e-01,5.653341649142745728e-02,1.650245664606667384e-01,-8.893222766778520472e-02,1.726784596184674780e-01,-1.212586680185341187e-01,4.599566316491591339e-02,-7.869511983124002907e-02,-6.457944706916479705e-02,4.899709754413013318e-02,4.947903321485113554e-02,1.922421206960782114e-01,2.935759631993737351e-01,-2.855969585776582109e-01,-1.893307042625077263e-01,4.483907339798056668e-01,7.837891981146705156e-01,2.880980973676536827e-01,3.926479240339216803e-01,-5.692497818501154189e-02,6.903283924026024088e-02,1.175458563889733438e-01,2.002728592560760745e-01,4.004083892006150558e-01,5.291510628898414836e-01,3.405678590820045426e-01,5.268292629791978543e-01,-1.118455317585895642e-01,9.405134234794056136e-02,-2.273049644589582863e-01,-2.757800756272899556e-01,1.004100485387935358e-02,6.444141347832263444e-03,-3.552549756818003390e-02,-4.291800756450766391e-02,-1.154951482889050862e-02,5.034642173375240837e-02,3.788290559396224610e-01,3.861290175185633777e-01,-2.043107446129501237e-01,-9.857233325238236310e-02,1.270730413655964119e-01,-1.974392231013328003e-01,-2.459826893367724199e-01,-2.896074812871690107e-01,-2.559433339209273295e-01,-3.956488478686759902e-01,-2.379203829475579068e-01,-3.264346845875571446e-01,-3.275046803126605011e-02,2.181395982251013721e-02,-1.467480659571255563e-01,-1.591633177461170556e-01,-6.599051802119293431e-02,1.567153308653278926e-02,1.979398872188785630e-01,2.767172421182273467e-01,-2.163808638553755825e-01,1.864314331408433167e-01,2.868245851206519537e-01,4.046476709869781252e-01,9.248061978446604769e-02,-1.357021718618946736e-02,6.643617655640848829e-02,4.717059650755114214e-02,3.021507541135505792e-01,4.242206139311883173e-01,4.421772822011756365e-01,2.890392433035351982e-01,3.641982737380541901e-01,3.021681928689413099e-01,1.016793015971115682e-01,1.219854510884687548e-01,1.297707339044810448e-01,3.015246361260447983e-01,-8.302568094018102085e-02,1.688332670516074635e-02,-2.246522417833749993e-02,1.154882113233060975e-01,-1.433117253107323019e-01,3.363443670199297436e-02,-3.538289973739298100e-01,-2.882311706669616336e-01,-1.712991895428459810e-01,-3.076835074989074936e-01,-2.545509557950801915e-01,-2.651295744633206941e-01,-1.004845909764715828e-01,8.770771997304874223e-02,-1.484614735880361190e-03,-8.093222218617719677e-02,-2.589898072909652682e-01,-3.030816643298778756e-01,2.316607417985735301e-02,-2.108016833985299765e-01,4.015349925298269257e-02,-1.388839303707431194e-01,-3.742310272021284051e-02,-2.713131352808911267e-01,-8.789135850317782162e-02,-4.870979242767347478e-02,-2.837268364129045262e-01,-2.932618759826892928e-03,-1.077555300162318964e-02,-2.653299378966587074e-01,-1.709068474532168813e-01,-4.801370335197176903e-02,5.738159763402046060e-02,1.134873366294485986e-01
3.562078642292244579e-01,3.749579456133773636e-01,7.020292126228170337e-01,1.416144819225027274e-01,0.000000000000000000e+00,4.503100943731533357e-01,6.707283854676293622e-01,6.206538885032297781e-01,-2.209312779119878556e-01,4.311975018611124422e-01,1.879347837349213401e-01,1.708957395901588294e-01,1.881371001788327002e-01,1.029139130127685736e-01,-6.139699133737971382e-01,-4.399813208072604898e-01,-2.526544567107876227e-01,2.477110235290774440e-02,2.424133584873139069e-01,2.938042845374448375e-01,-4.205123488168179269e-01,-1.817247191429885722e-01,-7.257956395103298819e-02,1.701323818664292331e-01,5.056525357540102572e-01,4.306824010817987824e-01,5.633650598589321490e-01,5.509377925818026434e-01,3.937675093486814881e-01,4.472057362658669599e-01,7.123641442962669323e-01,6.093563210441720335e-01,3.999795716686026514e-01,5.065067538873099240e-01,-4.262307644925934780e-02,1.313592185629105331e-03,-4.944603248240563298e-01,-4.400208010778083323e-01,-4.689208766650997950e-01,-4.486449651590211918e-01,-4.453857599491324870e-01,-3.561604749253057256e-01,-2.524316297864105940e-01,8.076481388218421931e-02,-1.394433588189760709e-01,-2.742800285789650377e-02,-1.416792259212949594e-02,-1.956632563722910390e-01,-1.990828715746751076e-01,-3.783472061961446475e-01,-4.314196596112556542e-02,-4.453754649409666366e-01,-6.899676957688141016e-03,-2.035444857189945556e-01,-1.620359822877822653e-01,-3.287439830897112003e-01,2.360701314560530728e-01,4.146602951640172008e-01,3.259531708023109126e-02,3.667352291140584669e-02,4.081763590530617103e-01,2.148028269425810433e-01,7.244388775599466257e-01,4.590378190833054317e-01,2.004435189401726769e-01,-7.595850651796244926e-03,2.432110889806126525e-02,-1.502996596564678544e-01,3.104210651083275097e-01,3.125180890195834449e-01,4.498718181893421320e-01,2.151505840667817526e-01,-2.435636079326624348e-01,-6.084382746500129752e-02,-1.679713331124458586e-01,-4.397094063066853686e-01,3.302469549046140318e-01,1.880786230882755539e-01,4.842666180816718180e-01,1.342709496820630177e-01,2.388428614338237721e-01,-1.842461308936406694e-01,-7.203175871168346900e-01,-4.926586823802380777e-01,-1.677988090127991161e-01,-5.456869628099856318e-01,-5.684611878405956276e-01,-3.873801063051924842e-01,-1.157484850299378559e-01,-3.873692919195825812e-01,4.176316919074655187e-01,-2.151152390325941632e-02,3.413528593430436575e-01,8.509753159930713573e-02,7.165504228728340752e-02,7.004738597381168774e-02,1.125932475087740581e-01,9.528106638126759842e-02,3.377766421215133708e-01,2.907832422914300441e-01,7.484742759985695271e-01,2.545398811858756161e-01,7.260593176450261810e-01,4.189574869448429717e-01,-1.479526751773764248e-01,-5.286354519121214679e-01,5.005962878731550214e-01,4.907994453608966468e-01,3.103453191606014294e-01,-3.088370574722213435e-01,2.665870137459115385e-01,4.843304938412820171e-01,3.294763336327653502e-01,2.523683095652970443e-01,-7.767782181890089954e-02,-5.389191459897439973e-01
4.533349624056293159e-02,1.533630625901507560e-01,4.254798193873772783e-01,4.422981754997227788e-01,4.503100943731533357e-01,0.000000000000000000e+00,3.189487619009767072e-01,5.542461185881036867e-01,3.807726776904476473e-01,4.819933942821861828e-01,2.177960813311105859e-01,4.256055696994812676e-01,2.434262170091432975e-01,5.025960318831619311e-01,2.241037570941892612e-02,1.596309076575773700e-01,7.660352308463784510e-02,1.139406802996232176e-01,9.750226359705968515e-02,3.798822715538385797e-01,-4.600556587745863735e-01,-9.150443587181023714e-03,4.347778135574551506e-01,5.368412663173429689e-01,6.864682047639517615e-01,7.655807412821790114e-01,2.198138207776600406e-01,4.504626483701237305e-01,4.059493397592389141e-01,4.667656534460658535e-01,5.626967204824283586e-01,6.377755868990853116e-01,4.276476613353445422e-01,6.249627420346642870e-01,-5.901885954728559175e-03,8.609355677881248836e-02,-3.497671522376656350e-01,-2.883002899913817418e-01,-4.237569467715623373e-01,-4.013066990460909533e-01,-2.393401486513232479e-01,-2.221060830712605072e-01,-1.560051117984065927e-01,-1.930161223304197593e-01,3.127933815211171864e-01,1.298528278423872195e-01,-1.288318245459925127e-01,-2.202378225600851169e-01,7.075578013181318959e-02,-3.011695344082588321e-01,-3.055722270133550134e-01,-4.464887540382140307e-01,-2.812021807569593107e-02,-4.034788102733602444e-01,-4.130024597072501358e-01,-5.973610797168636966e-01,8.020500050536218117e-02,1.316173529943299170e-01,-3.032243522186946483e-01,-3.879653946515367879e-01,1.960409387983952367e-02,-1.217676671829277324e-03,3.018086243906293320e-01,2.552556526210326693e-01,-1.899760115375407343e-01,-3.704991419226485311e-02,-8.469432275442134728e-02,-1.490653877372792591e-01,1.521649452523438362e-01,9.448883003766930799e-02,3.415200008156507039e-01,2.652848186981858758e-01,8.248226909140658758e-02,2.080146598978673822e-01,2.839749506525183209e-01,-2.044148093483177941e-01,1.713971415363362838e-01,6.569108803881115732e-02,4.319718518062875545e-01,3.159512503480974011e-02,2.206305635782234709e-01,2.155707865303641280e-01,-2.447305900642842980e-01,-8.961719163304028568e-02,1.693822611878096837e-02,-7.258792242605761891e-02,-2.844744286254141663e-01,-1.789700244032707277e-01,-2.840689791729450464e-01,-4.289012375658359244e-01,1.554798749424798833e-04,-2.624113253927278233e-01,-5.110202974073926006e-03,-3.137547529756554709e-01,1.708258678637622208e-01,6.508696019924309351e-02,-7.556268541094549041e-02,-2.840293199273388747e-01,-2.473839872335776846e-01,-2.381173164429077616e-01,1.785099858644137727e-01,-3.234574365861653256e-01,5.973300798037756154e-02,-2.087819938676654385e-01,3.894957017539935756e-02,-2.683416354871401843e-01,-1.070001611606342107e-01,-2.175519079961610314e-01,-7.795137274307484265e-02,-1.112960955317828377e-01,1.075430226080948022e-02,2.536259993004663996e-02,-5.086256732071417486e-02,1.753548075531874140e-01,4.450308275110929912e-02,-1.750062372763324381e-01
3.354189304137323857e-01,2.416448972011307761e-01,7.538026857319861662e-01,2.932745140486954782e-01,6.707283854676293622e-01,3.189487619009767072e-01,0.000000000000000000e+00,5.773415775091181867e-01,6.344121943860848989e-02,2.732980016209698992e-01,1.829123059104089399e-01,1.590764915777640245e-02,3.047359076505987696e-01,-2.028351256967564700e-02,-4.081376897015163152e-01,-4.539363618461965677e-01,-4.587174859148334671e-01,-2.421635463942316824e-01,3.407907891963402047e-01,2.946857104817973694e-01,-5.484261908863183876e-01,-4.877052749535966680e-01,2.312396598188682095e-01,2.133215920327280468e-01,3.391897269038211538e-01,2.595538340654674481e-01,2.430364620467721504e-01,3.493019167666025493e-01,1.788868960393243460e-02,5.089638396327228476e-02,6.420409754197303753e-01,5.386208105385954514e-01,3.840190608102482250e-01,4.335850385859864042e-01,6.366124116045253356e-02,-2.317062161863326156e-02,-4.904409548060871260e-01,-4.519217465246296861e-01,-4.425910440075250252e-01,-4.071208725207774437e-01,-5.101076792356358247e-01,-4.432653352343279840e-01,-1.082874205136846457e-01,1.460938502520846283e-01,3.707203574989497569e-02,1.837282409597603972e-01,-4.147004659886692479e-02,-1.168057068225055728e-01,5.114417013684879193e-02,-1.528576516124103002e-01,-2.022085558499992744e-04,-2.827967694301062318e-01,-1.018319198404252363e-01,-7.156613734516784064e-02,-2.064470594754097832e-01,-2.609837541599124844e-01,3.892750951534659082e-02,2.005109667065721468e-01,7.260236755484934801e-02,-4.248089765152956651e-03,3.042626934617969070e-01,1.443663622641055133e-01,5.225004883460889760e-01,2.824930673759996069e-01,3.316596663771015363e-01,8.538013707189562665e-03,1.927676568789872813e-01,-1.108495509337655560e-01,1.313263010129550878e-01,3.276253372885001153e-02,3.311339090641012284e-01,2.372795800826421886e-01,-1.157893120320945685e-01,-1.795297846611013104e-02,5.275073667896802015e-02,-2.310338344823909262e-01,3.130303823580103395e-01,1.803908858385409597e-01,1.091482330543910723e-01,-6.518386814638921223e-02,-4.466712045809328319e-02,-2.409649693711185259e-01,-6.175816023882979566e-01,-5.590836700341649257e-01,-1.799043722216492058e-01,-4.712887576479463658e-01,-3.764604833679538465e-01,-3.718555238781104388e-01,-1.287794288378104335e-01,-3.627970035653544367e-01,2.473503636676460948e-01,5.015208118848855229e-02,1.172257640296846953e-01,1.269901586306057539e-01,5.177656018079936084e-02,-2.123793185123997937e-02,-1.453195916873401550e-01,-4.671924669743234004e-03,1.794625274580625152e-01,2.139034688456876443e-01,4.496141118164476147e-01,1.866938665422128996e-01,3.916709880433986712e-01,2.303338780602692815e-01,-1.305812207518139978e-01,-3.474796385360990891e-01,2.561714380721182294e-01,2.921096693380296205e-01,1.696817348171434092e-01,-3.401877014207768668e-01,2.162873964002300087e-01,3.841045042205761262e-01,3.324085986072471965e-01,1.886466678484221282e-01,1.346550100637025349e-01,-1.805797374976194913e-01
2.503150035310142130e-01,3.852052860084902441e-01,6.043011238000967067e-01,6.360422400544868404e-01,6.206538885032297781e-01,5.542461185881036867e-01,5.773415775091181867e-01,0.000000000000000000e+00,-1.850747863288613147e-03,5.553208330789576319e-01,1.046209165463792556e-01,4.491974186415898518e-01,2.164915649891914484e-01,3.189378112477158078e-01,-3.549023272247903149e-01,-1.917072405260057399e-01,-2.767559691720689052e-01,1.423718369373433434e-01,3.642042009178639295e-01,4.162651964790686776e-01,-4.839034608202970045e-01,-2.292646743792889352e-01,2.053108414078337329e-01,5.225880724704807800e-01,3.229995580306418979e-01,3.088282918655025355e-01,4.601953429607326118e-01,5.145267828024734369e-01,1.412902701560364849e-01,4.501913131781860589e-01,5.851399359752410545e-01,6.603265983401800376e-01,3.345290633209046516e-01,6.296914634304584535e-01,-7.043339292738490243e-02,4.942041243087206409e-02,-5.559695216435844856e-01,-5.484662773187278795e-01,-3.305328443228680579e-01,-3.927266325391812751e-01,-3.305639751633518975e-01,-2.872133391734877916e-01,-2.430996735292972610e-01,3.364318199288547639e-02,6.566396821934906980e-02,9.983448255373376934e-02,-2.732932312054539015e-01,-3.682709953578035544e-01,-1.088989454473400509e-01,-2.535304902087439638e-01,-3.370080440627765822e-02,-3.668095039882039443e-01,-3.327754500392021003e-02,-3.170529656495996718e-01,-2.604261100622169423e-01,-5.368061610716641230e-01,8.194290554463394549e-02,3.281244908069903543e-01,-1.351454522056073568e-02,3.271011854422817972e-03,4.129275600746863395e-01,3.260153865656691408e-01,5.989212523245925901e-01,6.189179470470608235e-01,7.421823184595971457e-02,2.087773014135320959e-01,9.846100326157093685e-02,5.869578014116742792e-02,1.966125824852260340e-01,1.173596884810637064e-01,3.370848764405622866e-01,-1.945836538531614188e-02,2.353407985564088395e-02,3.450344556857057321e-01,3.179312585213810993e-01,-2.352694449105060745e-02,4.493925190661178792e-01,3.160789064421156702e-01,3.976976530640182195e-01,1.791613775589855906e-01,2.521511506113039425e-01,7.109657372917438378e-02,-5.204252788552488074e-01,-3.490359608995927121e-01,-7.107884973862790834e-02,-3.278955742971944587e-01,-4.523132548920836271e-01,-2.672056029772926777e-01,-1.475910745407562064e-01,-5.062580829732227228e-01,1.011292573061035455e-01,-3.864186986142127966e-01,1.263252198209626441e-02,-2.384733415666226986e-01,-3.150086499127073558e-02,4.470495843619308636e-03,-6.338743076239745922e-02,-1.944432379907138075e-01,-1.180157600797023254e-01,-1.349404144470039146e-01,5.380672365816606684e-01,-1.594560805668512049e-01,4.394334786337571463e-01,9.911441830053093968e-03,-9.941131038234339579e-02,-5.689903711768792283e-01,3.030734553478494075e-01,2.309090867180116635e-01,6.077306432319592652e-03,-2.991980099439875418e-01,-2.808439578441137771e-02,1.132427656568756741e-01,1.080518715547357650e-01,4.567221726950193572e-02,-8.154325883625068716e-02,-3.022218385711187283e-01
1.238393646252500119e-01,1.117956148714721043e-01,-1.047025989489124703e-01,5.653341649142745728e-02,-2.209312779119878556e-01,3.807726776904476473e-01,6.344121943860848989e-02,-1.850747863288613147e-03,0.000000000000000000e+00,3.734370221211457674e-01,1.606764124757633361e-01,3.204790652931073236e-01,4.443846128439088994e-01,3.644923072760155591e-01,6.795134695831931415e-01,4.587694075277905514e-01,4.194271256814512822e-02,2.408569635035861384e-02,1.965047684636589687e-01,2.739718022740638137e-01,-2.144881186269793905e-01,-5.156003618310665143e-02,2.728621808586035868e-01,2.460179929639607840e-02,1.419277873742271212e-01,1.744231151745808117e-01,1.285390415865970415e-01,2.030519935531856779e-01,-1.364689718029427901e-01,-9.206076343562998032e-02,-7.938541941416051365e-03,-4.808111636062203931e-02,9.643541043664168033e-02,1.476089192660530180e-01,1.792049045730113865e-01,1.599524165006398907e-02,-2.111498423475415692e-02,1.015147972226804335e-01,-7.902175613061693249e-02,-1.988731609931864222e-02,9.040070750377471320e-02,4.135913986766614342e-02,-1.625507162136304029e-01,-2.159575849513551138e-01,7.108837627109688972e-02,-1.264118775720116938e-01,-3.165133417193727872e-01,-1.739544349508164167e-01,-1.322592561064924455e-01,-4.244208578982258673e-02,-2.782189388464664237e-01,-9.776437242206498235e-02,-2.065052581805753018e-01,-1.196260321137121718e-01,-2.752358388386565990e-01,-1.603684777473802503e-01,1.117268622228568820e-01,3.629589960187969144e-02,-2.917482401720711827e-01,-3.305822051254139748e-01,-3.571294222055318435e-02,-6.106377903218968874e-03,-1.890877415505360370e-01,-1.344610207653562373e-01,1.188920564960380954e-01,-7.028970342065836430e-02,-1.869435573825457830e-01,-3.002481606354666654e-01,5.424483880965386487e-03,-9.053893543103570807e-02,5.988127468131601572e-02,1.664297935889449964e-01,9.316259107449946508e-02,1.254645974960208188e-01,2.569522163846875706e-01,9.864475240987594096e-02,-2.672178044209752024e-01,-2.736086534063812414e-01,-1.003065103730411689e-01,-1.027071128204135181e-01,-4.311086296417889624e-02,1.969738663054994288e-01,3.027439038750210920e-01,1.884547531272911525e-01,2.192199123620689749e-01,1.008165953745591564e-01,3.083532311803192649e-01,1.911187550651895217e-01,-8.477057375267171846e-02,-8.240432406889784678e-02,-3.552150772813066348e-01,-1.388333521763851219e-01,-3.542886334582261987e-01,-1.366674493951587632e-01,2.130481716242154655e-01,6.437093653394082397e-03,-8.529261691055352312e-02,-2.336931467886179392e-01,-3.573871467941468483e-01,-2.497463460055500128e-01,-4.130471407792918326e-01,-2.816962659230368704e-01,-4.597307915585460703e-01,-3.567036446105250613e-01,-5.820462873132279530e-02,1.819627350238294250e-01,-4.869517117119566696e-01,-4.294674208778666569e-01,-2.384322952004028495e-01,7.903225339082610434e-02,-7.758792604741605869e-02,-1.958148816778100820e-01,-2.195435662340771976e-01,-1.721697042280288803e-01,8.021465373291346290e-02,9.375331487882435089e-02
2.954365338098535188e-01,3.830050010500064550e-01,2.989975285715382736e-01,1.650245664606667384e-01,4.311975018611124422e-01,4.819933942821861828e-01,2.732980016209698992e-01,5.553208330789576319e-01,3.734370221211457674e-01,0.000000000000000000e+00,2.933054969782583968e-02,4.778484216848886135e-01,2.833409668386693281e-01,4.299952516671327607e-01,3.042859356627592576e-02,9.544750595790808811e-02,-2.100264854934191239e-01,1.407653596566429965e-01,3.448060906780078261e-01,2.768718837718465720e-01,-2.045147087857088208e-01,9.370454611526501595e-03,1.101510146438785739e-02,1.470447866171390172e-01,2.069244340026867024e-01,1.478650721450649186e-01,7.034020301276693310e-01,6.867898433381983692e-01,-1.430702324119992666e-02,1.737847002785342654e-01,3.083249221189879319e-01,2.496900263522946473e-01,2.620265733709099543e-01,3.574525236139491913e-01,1.045364334462176720e-01,9.471002473788969755e-02,-3.523012487605972631e-01,-2.321939697556547888e-01,-2.194461418412753662e-01,-3.913636305077327071e-01,-4.265675092074909525e-02,-5.563581378535160937e-02,-3.615668925271715572e-01,-1.543440255685257501e-01,-1.702914190545032624e-01,-2.455702309514680992e-01,-3.315248606842813306e-01,-5.655535241281623993e-01,-3.608019593653652990e-01,-3.916658443973054515e-01,-1.200317461527341811e-01,-3.636803445528312140e-01,-1.344082093222294036e-02,-1.816671584523754657e-01,-2.968068657713667791e-01,-4.179124560248492215e-01,1.882942816380923368e-01,3.213242356603151495e-01,-1.740901099330211532e-01,-1.694677557385050048e-01,3.091803043215410884e-01,2.181103812168860012e-01,4.008112294919309870e-01,3.064030604081577347e-01,3.634715940257439160e-01,1.593027674913355396e-01,-1.083925184787088020e-01,-2.344740375975617741e-01,2.239387821766054831e-01,1.807780779184833264e-01,4.514750135126037178e-01,1.419692677626981370e-01,-7.654159811975945471e-03,1.396862770889767680e-01,1.558071745683752840e-01,-1.173703929537415758e-01,1.504810684048982772e-01,9.337406090993664864e-02,1.589113138617609111e-01,1.030762205579565383e-01,2.161823033720330633e-01,2.956537079547582464e-02,-2.973789508151153949e-01,-2.200483158367160241e-01,1.590441368866677418e-01,-2.436340426976405238e-01,-1.949594113800432738e-01,-1.201435615037525217e-01,8.609802553563092320e-02,-2.381142995742831225e-01,6.855073601344585654e-02,-2.379002719635266994e-01,4.835950629442760385e-02,3.818967854617788538e-02,-6.104829414063531190e-02,-5.239981056385110275e-02,-2.338209333138920737e-02,-2.257044647072168619e-01,-8.177353390282385281e-02,3.107673579482811768e-02,3.929676997970807939e-01,6.842234364630829513e-02,3.231065310567548532e-01,1.237974995987447674e-01,-1.809105106423157527e-01,-4.060734237589758155e-01,1.980334701742395009e-01,2.690527416656912640e-01,-4.786592534486248246e-02,-2.332730782854539331e-01,-1.657883602811508483e-01,9.528902547456703787e-02,2.065155119004941781e-02,-5.402886326512333637e-02,-2.192180491519020447e-01,-3.094842176463204475e-01
5.617184351042626700e-01,4.811734860341683184e-01,2.954035090469511043e-02,-8.893222766778520472e-02,1.879347837349213401e-01,2.177960813311105859e-01,1.829123059104089399e-01,1.046209165463792556e-01,1.606764124757633361e-01,2.933054969782583968e-02,0.000000000000000000e+00,4.888331290305876764e-01,7.660727990414233357e-01,4.702395068851678017e-01,1.893995028226741761e-01,1.357673667212936086e-01,4.010690439943226937e-01,4.780930979244586432e-01,4.888459113465711825e-01,6.218398509863113377e-01,-2.127575167580097182e-01,1.508297435159506317e-01,-2.076565725470983989e-02,-1.705583815816763271e-01,1.616589014535257662e-01,1.611387594442813542e-01,6.796529353548319552e-02,1.006011338466161753e-01,5.377034715590370828e-01,4.947680223271123667e-01,2.819125071095279211e-01,3.101867550207129676e-01,2.508062276136718283e-01,2.414950286301194293e-01,-4.266196961962963052e-01,-4.688285598798167531e-01,-1.218618390489206310e-01,-1.768220829234183056e-01,-1.096789807921050020e-01,-1.523377493004826055e-01,3.613736063336771276e-02,1.106738124184898225e-01,-3.397667247569280957e-01,-2.629705276852372098e-01,2.390553444828792118e-01,3.411177175822022178e-02,-3.414787146686069086e-01,-3.218012493875593849e-01,1.038884059834977803e-03,-2.809508727304623615e-02,-2.857361841961348348e-01,-2.173067437625732234e-01,-4.435771946483933470e-01,-3.098889179061500299e-01,-5.103748586596682513e-01,-4.003920405777515734e-01,5.438302951631778237e-01,5.432226647294976507e-01,2.106180246051680138e-01,6.747674432870194583e-02,4.593422343896088611e-01,1.208629812230835043e-01,3.350323057567134999e-01,2.106970558090611179e-01,-2.948084633311829350e-01,-5.243762631170357791e-01,-6.333416823380949578e-01,-6.234350752475270596e-01,4.296937472919046264e-01,4.238869550697397237e-01,1.014858702108336480e-01,1.092888682116822524e-01,1.908267206435358687e-01,2.664518155135268684e-01,1.855649433829218570e-02,5.853722283817244104e-02,-5.014419173090185755e-02,7.104289259195606387e-02,2.751338768105536792e-01,2.801268956305454916e-01,1.616360297179695593e-01,7.681313134392521447e-02,1.256204798173402859e-01,1.282580511281335989e-01,-1.606414205750934521e-01,-3.028739883747980088e-01,3.489177831777145328e-02,-4.698969474906020127e-02,-4.421578600820805782e-01,-2.080275134054376251e-01,-5.019444459675218573e-01,-4.031083692029158172e-01,-5.006898249599303075e-01,-3.343161336121283078e-01,-1.981695115267992635e-01,6.469901001682813735e-02,1.317682786750451474e-01,8.045657542931615447e-02,-2.900423231915566502e-01,-3.274146290208107546e-01,-1.953819139660159243e-01,-3.207287475324405723e-01,-1.914457192602899704e-01,-2.884242275133894751e-01,-1.631486476857023360e-01,-2.040303163960966726e-01,-5.104883163861270029e-02,-1.674787941135636726e-01,7.159936600181210364e-02,-1.235930287428440300e-01,-1.284149613995295980e-01,-7.077755266285205848e-02,-1.454119918860803662e-01,6.456367940409864226e-02,2.035619614136756697e-02,-7.835224520775460610e-02
2.862267868726255937e-01,4.423077320363228981e-01,-2.952559610598733033e-03,1.726784596184674780e-01,1.708957395901588294e-01,4.256055696994812676e-01,1.590764915777640245e-02,4.491974186415898518e-01,3.204790652931073236e-01,4.778484216848886135e-01,4.888331290305876764e-01,0.000000000000000000e+00,5.874369724634016521e-01,8.589722463794449148e-01,3.194796266409193897e-01,5.035866268887828623e-01,1.931451258067974075e-01,5.203528138179372986e-01,3.515569006528542206e-01,5.259065365388585489e-01,-8.610613362283447980e-02,2.104518252298147873e-01,8.289441293670309074e-02,1.755402616154501660e-01,1.467542038805718652e-01,1.811679910770250257e-01,2.905864948736498476e-01,3.263535565192825505e-01,3.015674201810832344e-01,5.870641336922772791e-01,1.995715827297664391e-01,2.779363787131488572e-01,2.105623684419993535e-01,3.526025039662933347e-01,-2.224068424510871611e-01,-1.866683087523767215e-01,-1.877222665317002659e-01,-2.097779009393785643e-01,-6.458082991191201050e-02,-1.394266989378444566e-01,2.062422318789019007e-02,1.339646069335969636e-01,-4.025891778179850888e-01,-3.307406304426187549e-01,1.120620753369762496e-01,-8.282365203585967395e-02,-5.042597755964424167e-01,-5.743428470016231913e-01,-6.732306054849669652e-02,-1.718403453414622806e-01,-1.380334314487903780e-01,-2.417201225258275576e-01,-1.005294255478933751e-01,-3.796113110534963808e-01,-3.142903279997896759e-01,-5.256642556002069089e-01,2.259526404486112694e-01,3.682848910119547736e-01,-1.078111372011669178e-01,-9.101312546923416569e-02,3.726152146544231547e-01,1.122105269612968526e-01,3.053392162524253273e-01,4.214679270248091747e-01,-2.117842003543679574e-01,-1.918136021597759422e-01,-3.713064130335321233e-01,-3.397774241809108919e-01,2.016496272134141177e-01,1.790342633798608640e-01,1.191004291251085423e-01,-1.653383444047712147e-01,5.180776307623326249e-02,3.281854403334998338e-01,2.474689337451009552e-01,2.178801176784909144e-01,-5.302875794271430174e-03,3.029087646965812272e-02,2.786278646845330442e-01,2.422918254319832987e-01,4.066872471639329523e-01,3.894765336510505604e-01,1.444035706531948959e-01,1.896704736117135748e-01,1.842224774063795367e-01,9.172651473752797824e-03,7.103615368024841781e-02,1.468894837890794558e-01,-9.478982950635980731e-02,-2.478687593514992960e-01,-4.347260493613621102e-01,-6.275909533780733573e-01,-4.087759447319838646e-01,-5.383474713177216486e-01,-3.085147531235606921e-01,-1.024430326372190170e-01,-1.390929633417455069e-01,-4.119952519492300347e-01,-4.941854693889396466e-01,-5.944138062251804744e-01,9.192078700041921360e-03,-5.184959749335189549e-01,-1.012611511616641341e-01,-4.143461454557555435e-01,-1.912687191249054786e-01,-3.956345657840880103e-01,-6.819403861948999945e-02,-1.534031984364063739e-01,-2.288320414579444739e-01,-2.483424171250078472e-01,-3.499302776386908898e-01,-3.277279809532850363e-01,-3.919215657970993583e-01,-2.324425229454331332e-01,-1.942721083902891610e-01,-2.509274337577899749e-01
5.839504785255318353e-01,5.176431821915991049e-01,6.810804524640649837e-02,-1.212586680185341187e-01,1.881371001788327002e-01,2.434262170091432975e-01,3.047359076505987696e-01,2.164915649891914484e-01,4.443846128439088994e-01,2.833409668386693281e-01,7.660727990414233357e-01,5.874369724634016521e-01,0.000000000000000000e+00,6.327764099423054400e-01,3.447010000776274952e-01,3.125488478366399425e-01,1.918417776416129344e-02,3.173565476450044831e-01,5.320020588124138028e-01,5.516568273207829165e-01,-3.006795655957598123e-01,9.005666756306014709e-02,6.359821697308951083e-02,-2.122339587343299028e-01,1.010688649826713692e-01,2.716142809628580013e-02,2.927619640050836414e-01,2.343217213535358223e-01,1.967163697456012494e-01,3.418353627737117373e-01,1.673118679352390281e-01,1.563058307377290512e-01,1.684545875222871747e-01,1.591791385212760757e-01,-2.088705290432781581e-01,-3.422626888013840518e-01,-3.093941852430633910e-01,-2.624339853673945955e-01,-2.182015930802301273e-01,-2.488913565772302439e-01,-9.286316123573984394e-02,-4.427117538542554680e-03,-5.006881777593714666e-01,-2.918373319504533603e-01,3.994791773170133786e-02,-1.271235047932265105e-01,-4.681676564939925567e-01,-4.036278836080827714e-01,-1.922621371661655532e-01,-1.718314835140856769e-02,-2.265830450729899859e-01,-1.743103737147371768e-01,-2.807848474064404964e-01,-1.776267382504345405e-01,-4.429019137977581733e-01,-3.533285402789084206e-01,4.169975043637789702e-01,5.128409926089180226e-01,7.167628975820768134e-02,2.660875011211095292e-02,5.591442051239510214e-01,2.610274818878724479e-01,2.661557458211107896e-01,1.939591098965683658e-01,6.030275680662051767e-03,-4.138288185633690053e-01,-6.092969704866553204e-01,-6.843020168344555731e-01,2.837558300631100039e-01,2.156259241528461768e-01,1.146543879243021591e-01,6.197734779951663900e-03,4.099251055981980446e-02,2.049009619384604686e-01,1.069096549954950681e-01,5.948064666309006016e-02,-1.510060408039813062e-01,-1.377298982971659480e-01,1.388661655414981655e-01,7.008398622982280057e-02,9.835231421167076049e-02,6.719896196131355803e-02,9.516797302217001875e-02,9.393343516811716865e-02,5.497866928942096026e-02,-2.333256098573157911e-01,1.537340846369165126e-01,7.487489152175663687e-02,-1.492985498041548287e-01,-1.679309268887068385e-01,-4.168695678033509378e-01,-3.854098150829934899e-01,-4.389096789632020990e-01,-3.212723462957203791e-01,-9.438821143328729457e-02,-1.050869442961212610e-02,1.075049048545671966e-02,-9.528312374072434032e-02,-3.245988203113535642e-01,-3.236394005131982832e-01,-1.395080145188057896e-01,-3.477858827146027565e-01,-2.003927922315395793e-01,-3.476491397123737670e-01,-1.983415028090940724e-01,-2.237391949208673292e-01,-1.188310736223202463e-01,-2.212333621846678533e-01,6.195684070060140979e-04,-2.856877552243783369e-01,-4.453961725965294854e-02,-6.689368787412085238e-02,-2.288557770352548648e-01,-1.373882637174557719e-01,5.340229441492729684e-02,-1.694498232532005988e-01
