0.000000000000000000e+00,5.588122309474559124e-01,3.172329737931948168e-01,2.433484687773528402e-02,-3.624821925665986933e-01,-1.930776831349310940e-01,1.649034659328485752e-01,-6.267673289915030865e-02,-1.893552368616757686e-01,-5.838070217629208469e-02,5.195174811691208872e-01,1.218917451095483939e-01,2.895135150692429993e-01,-6.122271883256005104e-02,-1.314193175530403712e-01,-1.613024190306393824e-01,1.559226844065821904e-01,3.501404752141781263e-01,5.873847904958413579e-01,4.161556625781876462e-01,-5.133462052602037751e-02,-3.002005414231276870e-01,-6.041426792731456781e-03,-8.684217156319880282e-02,-2.017938792518112201e-01,-2.794061691624737942e-01,1.453357395028582327e-02,-1.059106714475034211e-01,3.035462189737134220e-01,1.722270445830220986e-01,7.449582969082334249e-02,-1.598108248829592792e-01,-5.423265447468774564e-02,-2.098370672997588726e-01,-3.546798367884936853e-01,-4.466953246286766710e-01,-9.007161534282749626e-02,-1.007987413260172521e-01,-1.189405178828975285e-01,-7.306823157376113320e-02,7.938141345958089554e-03,-4.887803436580363120e-02,-3.921113586600932233e-01,-4.460576229813690841e-01,-4.695414738843583513e-01,-5.143991189402834507e-01,-3.058768996060104994e-01,-4.706133411320479465e-01,-3.453976968636207623e-01,-3.610186879684551542e-01,-3.599167931366719642e-01,-3.606402422860452428e-01,-2.132981883414911128e-01,-2.862157397260819969e-01,-1.752536965958308712e-01,-3.353693768753243099e-01,5.956748704003946848e-01,4.853586643352763019e-01,1.252477563930706472e-01,1.639599753708072538e-01,1.953466165749738748e-01,-2.535130883739789009e-01,2.126347450563446373e-01,2.759840484808779790e-02,-1.326889297548580759e-01,-2.758063445228162158e-01,-3.295114658160619991e-01,-4.954570176907357459e-01,-8.141708946507371369e-02,-1.687508085577175687e-01,1.132806064605135915e-01,4.755610014584345235e-02,6.829794736474603667e-02,2.885863397681956433e-01,8.112425887765623012e-02,2.407645221970463878e-01,2.564668697164736444e-01,3.765829260738924322e-01,2.357712949992684659e-01,-7.619976672762951431e-02,6.583741144442981086e-02,-1.376055691671480286e-01,-1.117691372056896365e-01,-1.126674780950350369e-01,2.697190370132483417e-01,-3.688721886275236339e-01,-6.846941056813854454e-02,-1.462607201536797741e-01,3.409048976358183269e-01,-1.420477086272351475e-01,-1.884783098927885203e-01,8.657041457341321800e-02,-1.744372051842254800e-01,1.609910821484976939e-01,5.139970848118503854e-02,1.282699816651741709e-01,1.407196625799967404e-01,4.629476829150253048e-01,3.024016745237523840e-01,4.843145254904626662e-01,1.845499893429225838e-02,-1.209031926394812662e-01,7.931864745593585064e-02,5.711798088783284072e-02,-2.402421316138566298e-01,-1.280563245299892738e-01,-1.390651624243611217e-01,1.675149106773728414e-01,-2.101744869587182096e-01,-2.425825104081406891e-02,9.853523651338857992e-02,2.749197645485171315e-01,3.432249547432796727e-02,5.332665560280300254e-02,-1.480608356699041062e-01,-1.344642191039011891e-01
5.588122309474559124e-01,0.000000000000000000e+00,-1.501849669211748756e-02,1.025978012002433104e-01,-2.445831832456945854e-01,-1.082050960890897084e-01,5.411584280700357935e-02,6.299817431884473240e-02,-3.639548116646554310e-01,-2.897053295679981599e-01,4.038496590523063534e-01,3.680702591523107858e-01,2.382992616072914047e-03,-1.655969609775182205e-01,-1.139495235897021036e-01,-2.179930815891000517e-01,2.576539855510558419e-01,5.631718386721048519e-01,2.308586630349525881e-01,5.856190026878593802e-01,-3.903418768464805150e-02,-1.695622891087585349e-01,-2.523550600379621534e-01,-9.981398750555957322e-02,-2.630196649121749330e-01,-2.516880253333564701e-02,1.389226911032051537e-01,5.689581498529575759e-02,4.782855836471356370e-01,3.740409429279476505e-01,1.475033584756502980e-01,-9.951300397540764620e-02,2.154066523752202478e-01,4.272927846578220001e-02,-4.183380234813751097e-01,-2.233077637746566091e-01,-2.213892046950890757e-01,-1.551851762678501112e-01,1.718315064711446044e-02,-1.004345008877567252e-01,8.604501422666861873e-04,-1.629591902170350881e-01,-2.664325335270805173e-01,-2.871401327025927541e-01,-3.435230312359257576e-01,-3.520783060837711087e-01,-1.085417110833975102e-01,-3.031722875092028313e-01,-1.382216192529968357e-01,-3.678692725455361967e-01,-1.828360448099990709e-01,-2.216365870559569573e-01,-3.622659414488066387e-02,-6.419408933145108465e-02,8.241490443223242757e-02,5.457140206205718380e-02,6.222399657852965005e-01,7.280793657358479720e-01,-1.181801323040155560e-01,1.442014790150940584e-01,1.485128677033004940e-01,-1.957541755872479194e-01,4.304692176459867792e-01,4.555218263295146564e-01,-3.213113670607365413e-01,-5.327182943116254288e-01,-2.348860969076688177e-01,-2.415316685569252886e-01,-3.153265080475293330e-02,-7.775270748253103326e-02,3.689174728691170246e-01,2.350598501568819387e-01,3.982481740446157104e-01,3.868647733940333566e-01,1.814957487667302055e-02,1.887465808527662853e-02,3.083118083351634731e-01,4.475578951880101464e-01,1.680748566439970448e-01,2.123965963383562527e-01,2.905249732717583577e-01,2.326638204207362171e-01,-8.901297389928358728e-02,-2.179833978058353106e-01,8.795822093580582535e-02,-1.002488344416438554e-01,-8.042426533056039328e-02,-1.035356158636645818e-01,1.620267495396761626e-01,5.597673348459257514e-02,-1.277391510245024508e-01,-1.201057936757894962e-01,-2.132024633054410423e-01,-3.312872599638552185e-01,2.544625163944508883e-01,1.006074904762321170e-01,2.937516950435636320e-01,4.819664776892517710e-01,4.154503037519665098e-01,2.162313586256082998e-01,7.922205424233527693e-02,-2.303589606559263425e-01,3.037713414784274368e-01,-6.110465041288117016e-02,-2.490007551863189506e-01,-2.145907221580017343e-01,-3.574969112217039613e-01,-1.886235795442923330e-02,-1.623545866093717982e-01,4.016072889492480064e-02,3.012855387324115883e-02,1.280301942121927494e-01,3.322411610824401590e-02,1.529853764622813098e-02,-3.953496027150615877e-02,-3.329953979719156298e-01
3.172329737931948168e-01,-1.501849669211748756e-02,0.000000000000000000e+00,1.792647664909389482e-01,-2.623778243436932223e-01,-2.933552407039294319e-01,5.837532207744171586e-01,1.418974806271404709e-01,-7.701078153116333591e-02,-2.264173572965744174e-01,2.000964906013807387e-01,-2.476598984082231392e-01,2.504567816501356847e-01,-1.649606301218192461e-01,-4.107528251765430599e-02,4.073008463662259465e-02,1.882327801571891390e-01,1.233626614745471882e-02,6.122378567211940181e-01,2.318604787745141282e-01,-1.152532827771585167e-01,-1.964724244801350772e-01,5.358735296176504459e-01,4.743318187768105210e-01,-2.253865464164774568e-01,-2.388423911593606785e-01,-6.487251259383280955e-02,-3.827058517908477064e-02,1.689557217992454161e-02,-9.947024188012758283e-02,3.841808382355885731e-01,2.296717154542143868e-01,2.452756126306403772e-01,8.302586700037441203e-02,1.998451046419873756e-01,1.138632536476759556e-02,-1.236467777747724539e-01,-1.040804204985104481e-01,-3.128863682489516074e-01,-1.639569256136170772e-01,-1.599989434292034829e-01,-1.390933596785217698e-02,5.229068481256331918e-02,2.324378989122367900e-02,-3.612700567453249801e-04,-7.550713004346792934e-02,-8.884127134686169158e-02,-5.094218277698878833e-02,-1.523446411818541457e-01,-7.590932634240012827e-03,-1.492990228892933091e-01,-1.015021144714468304e-01,-2.238028556960166837e-01,-6.897711457437344373e-02,-2.755398042532121172e-01,-1.752839500566333863e-01,8.821359414507240482e-02,-7.999900593720495057e-02,-1.434855360321537210e-01,-2.805934178324875905e-01,-1.596000889022294866e-01,-2.161662347491377922e-01,-1.573331944839588825e-01,-2.869618107421070263e-01,2.803076685453845807e-01,-1.091797717704293125e-02,-7.835508156368862012e-03,-2.188029339497887527e-01,4.978584759779255964e-02,-1.473145111176120126e-01,2.222964096240838405e-01,1.234101151604093671e-01,-1.417719110003126410e-03,8.977467289467833123e-02,1.209056056312812211e-01,-1.406000763613641201e-02,3.148953897528891099e-01,6.701911928402932983e-02,1.093326817157959652e-01,2.272920908683007807e-02,-1.117467401475885289e-02,-1.481367677810886407e-01,-1.016536658973697937e-01,-1.369420294382735770e-01,-1.553253981024088626e-02,-3.424548860923326554e-01,-9.443697421491917265e-02,-1.303825126512201948e-01,-1.540280556702026482e-03,-2.861978325704233606e-01,-4.712272991011517975e-01,-2.111943403892754811e-02,-3.625480728699842503e-01,2.610779422874644484e-01,-2.778687130812541525e-02,-5.167870630309146646e-02,-9.214992478046644953e-02,1.561971944902881826e-01,-5.251265951358612127e-02,1.769356566143397702e-01,-4.109225602106890696e-01,-2.702578501235735620e-01,-1.795173270386128950e-01,-1.767196249810221512e-02,-6.372496780854582099e-02,-4.793415465249274005e-02,1.685083320005968388e-01,7.754294482759214666e-03,-1.183905532652081323e-02,-1.325208265720919376e-01,1.309010237653434033e-03,6.173968666140915856e-02,-1.614116145970470595e-01,-1.474712781614457568e-01,-1.408406639615691347e-01,2.514838172361862911e-01
2.433484687773528402e-02,1.025978012002433104e-01,1.792647664909389482e-01,0.000000000000000000e+00,3.718461946229687214e-03,-6.673503588308664358e-02,2.907537117659410586e-01,6.502864532013975518e-01,-1.579435169133236172e-01,-1.263508015606600032e-01,6.498755092315536275e-02,2.179841121609064902e-02,2.429621494048675098e-02,2.214952193746532599e-02,3.643023776623674492e-02,4.328449088008744228e-03,-1.800080424279686953e-01,-8.441800064030517692e-02,-1.398701098431954504e-01,2.632545057988054382e-01,2.511117325396066205e-02,-9.370871899323229837e-03,1.605012885982972093e-01,5.206702052490379540e-01,3.239379863658953945e-02,1.094125062012599459e-01,7.668341521895409574e-02,6.485433701606174717e-02,1.044862882272970112e-01,-1.813624774267545425e-01,1.940679223999886016e-01,2.374722338333974392e-01,2.861491085184101335e-01,3.446174502465025880e-01,9.249571777720740073e-02,2.309518532767923793e-01,-9.454275196405967363e-02,1.334565535768098554e-01,1.797336156007160388e-02,2.558684082970098545e-03,2.451095566484620958e-01,2.326664946907240628e-01,-5.092390132126686231e-01,-4.156338250517604971e-01,-2.637178146042360449e-01,-1.939171537535291645e-01,-5.076004687563163698e-01,-4.799108408630001765e-01,-5.160027097831311194e-01,-3.965428518443819828e-01,-3.567060476007309910e-01,-3.103520583214851580e-01,-4.490600878954968955e-01,-3.792881712933234284e-01,-3.914136113677482154e-01,-4.374109320570115367e-01,-4.627285192039718581e-02,2.270064312349670543e-01,9.804371840111755776e-02,8.865927883583596403e-02,3.012112635042293873e-01,2.958950934751883310e-01,1.725920507093062772e-01,1.420484785063706457e-01,-8.821990291020666286e-02,3.464642467503186163e-01,2.028934044437891715e-01,3.880943227871159196e-01,1.764348424100270485e-01,9.738879581409519426e-02,3.508906010478809456e-01,3.137240382754090673e-01,2.090362221362581652e-01,1.386437185910756320e-01,-1.613842610679556977e-02,-1.690075610345919133e-01,9.092667253728217713e-02,1.179603676159461795e-01,-2.162749888433333212e-01,3.151501897914645543e-03,2.384681280135742543e-01,6.509179892551134050e-02,1.612799818148588915e-01,-3.311085594055588471e-02,-1.196426828365245165e-01,1.588017949577636909e-02,-6.495309152629835658e-02,-8.381680614120291806e-02,3.076280329994935947e-01,6.852299080510844409e-02,-3.386327552299618904e-01,-2.568271599618222045e-01,-5.422247903331581242e-02,6.733284416438750641e-02,-1.757120562452403265e-02,5.595341682222306628e-02,2.477825690556077765e-02,1.705529636901040869e-01,-3.014751528329370212e-01,-1.509119533755833020e-01,1.443502538294296200e-01,-6.395925308437595998e-03,1.313208415728510936e-01,6.951864991171911867e-02,-2.618066621887000234e-01,-2.872144898047411798e-01,-2.981781372827743137e-01,1.005763897379151894e-01,-9.112487965258054753e-03,2.207655376969452216e-02,-7.238243849038712707e-02,-1.429381090495559226e-01,-3.716072289922507377e-01,-4.990200496528468532e-01,-4.368605967657419598e-01,-1.406439793101823266e-01
-3.624821925665986933e-01,-2.445831832456945854e-01,-2.623778243436932223e-01,3.718461946229687214e-03,0.000000000000000000e+00,7.498427523863199218e-01,-3.671091479681315439e-01,-2.908247951465269942e-03,5.544106917523505818e-01,5.565374798577558124e-01,-3.870784606979489895e-01,-1.348252760899386060e-01,-2.170118753498875563e-01,2.232627494647989597e-01,3.617488547424587697e-01,2.096626837720038106e-01,-2.107620307118144021e-01,-3.618094552943549869e-01,-2.607426974276986775e-01,-2.669314088646205230e-01,-4.428877380545235415e-02,2.160295230711009040e-01,1.058689323896151308e-01,8.813191556502884827e-02,7.715462020323509140e-01,7.558062204358756420e-01,1.623174604845632196e-01,2.163268495550937920e-01,-3.914654274057752792e-01,-3.477339447921045656e-01,-1.138145421185749184e-01,5.363619924008036777e-02,2.317734872528152967e-02,6.883225954162780491e-02,1.303421144595273973e-01,1.898227703379491982e-01,-9.993541131247105080e-03,9.830577669027244780e-02,7.415082471235047434e-02,8.709517231837651807e-02,1.713026799111286580e-01,2.035019464995137251e-01,2.384953859945179444e-01,1.639265824949882600e-01,2.440780859258586954e-01,2.167321954054297617e-01,2.282015321127106311e-01,2.148904269018118152e-01,2.141576875893881904e-01,2.130856027343503434e-01,3.260562331049129958e-01,2.975536543672093193e-01,2.504061759137731769e-01,1.364154080227927834e-01,2.838071597919098465e-01,8.244057718396037571e-02,-2.149928045164987422e-01,-2.312473809705720695e-01,1.095449802669038186e-01,2.640353654255948521e-02,-1.736053130409072887e-01,2.140503968821848291e-02,-2.090292164605507819e-01,-1.631585598056501663e-01,-6.000282635859539165e-02,2.803923012036589335e-01,1.387045767706016064e-01,3.621078026487264401e-01,-4.401259110478117353e-02,-9.480766230791103089e-03,-2.795734430837542583e-01,-2.427509262120237377e-01,-1.406762985380149156e-01,-1.542296488409400645e-01,2.848561990472636696e-01,9.969561433139451090e-02,-1.240138983314462290e-01,-1.879102237140015397e-01,-9.361529426595531500e-02,-1.148395907139589944e-01,7.385413344978457306e-02,8.477787916322686301e-02,3.259015082460668955e-01,3.151259487909273682e-01,2.045351710457573302e-01,2.083708782055167519e-01,9.162386834309005357e-02,1.960723755743919716e-01,-4.944297789347040090e-02,1.387521895073551559e-01,1.347035023875596538e-01,-2.056670375431487452e-01,2.506679409893382560e-01,-1.315374151696678262e-01,-1.235210574043353882e-01,-6.015466720099130193e-02,-3.342693953718319649e-02,-2.788311565297851846e-01,-2.471422929316445527e-01,-3.482619728951661386e-01,1.489600511052456555e-01,1.895399537771133482e-03,-2.038402290516621029e-01,-2.851407394267329448e-02,9.631650671002543740e-02,7.474296146990148937e-02,1.934369589602796258e-01,1.082145944846712032e-01,8.705327517779613833e-02,-2.098008772839072417e-02,-2.351248559078868428e-01,-1.769617336859969636e-01,8.870176115590791555e-02,-3.017345831214871335e-02,-5.415507657267522486e-03,1.033631138221211831e-01
-1.930776831349310940e-01,-1.082050960890897084e-01,-2.933552407039294319e-01,-6.673503588308664358e-02,7.498427523863199218e-01,0.000000000000000000e+00,-4.020851022452769374e-01,-2.739192799376881024e-02,3.752851252518838443e-01,5.579158998271499526e-01,-1.542490828688965476e-01,8.488744542213251532e-02,-1.876603031630652840e-01,2.278086361765997436e-01,2.388399456332599147e-01,2.485290132835141774e-01,-9.410592826993316451e-02,-2.646344785857122628e-01,-1.507784346872234338e-01,-2.424284978797665302e-01,-8.492284329993188274e-02,-1.639495560864752677e-01,-5.018812920912490462e-03,-3.744493276333792781e-02,6.865092958061964623e-01,7.861866631643184000e-01,3.439171217476509890e-01,4.854336419564149185e-01,-2.478965580958023829e-01,-3.137855910819831173e-01,-3.832872027267679449e-02,-1.817234854419496129e-02,-6.402755720341833656e-02,-7.467955926919940535e-02,3.212427711171414457e-02,2.116565070298638274e-01,-2.755951877584689735e-01,-1.019562462438444866e-01,-1.090270355486230025e-01,-1.921870492128202601e-01,3.164298742251180907e-01,1.698575928433073701e-01,2.077421444206261347e-01,2.022370628730128239e-01,2.877716602856777994e-01,1.563392842982109232e-01,2.382271286811874222e-01,1.836808016762670470e-01,2.407689974611650352e-01,2.258520891855670676e-01,2.970971559087650093e-01,2.429955901918605388e-01,2.187353630608796229e-01,1.901990301145994600e-01,2.213247131537748047e-01,4.444456754650952940e-02,-7.237118721877894290e-02,-5.270138584061106329e-02,1.990073737099954110e-01,2.148114250120494173e-01,-1.551006217356116212e-01,-5.270969359253572378e-02,-2.743572038749365616e-01,-2.579470337231476451e-01,-1.008999105540648866e-01,2.290500267485249264e-01,1.028744535884376365e-01,2.768409938555148608e-01,-7.846844821731496777e-02,5.755766435982294371e-02,-1.052397920177380874e-01,-1.194725763800395107e-01,5.641281646018698331e-02,-9.469294576843337308e-02,2.383443448277952070e-01,-2.010410072329343704e-03,-4.634832271066803566e-02,-3.609709406911679186e-02,-1.467202135371346514e-02,-1.289426029815426145e-01,4.189847392304858753e-02,7.482345258000312749e-02,1.209592833175320431e-01,1.519717970103821036e-01,6.975106286148050061e-02,1.674001650601916746e-01,-2.974680465066048551e-01,-9.010297163012398469e-02,-1.224221711990094857e-01,5.169349674127517169e-02,3.143658852241840718e-01,-7.500932341685802134e-03,2.241816770394437774e-01,-8.705935238567944628e-03,-1.984998019260228175e-01,2.226706996218024703e-01,4.595951838399537498e-02,-5.624423418116411555e-02,-5.928907606296499044e-02,-2.252284689068568546e-01,3.064483841252114149e-01,1.939494379896093412e-01,-2.435413609858116946e-01,1.167205233618427290e-01,-1.595622248832377632e-01,-1.833297416728497109e-01,9.719272788572749788e-03,1.075451875718053032e-03,1.951922555756339384e-01,6.565863966384810624e-02,-3.619721482022118103e-02,-1.045318507568897687e-01,1.235187587026118361e-01,2.472274993798200329e-02,-1.312852801703839056e-01,-1.822082056340006417e-01
1.649034659328485752e-01,5.411584280700357935e-02,5.837532207744171586e-01,2.907537117659410586e-01,-3.671091479681315439e-01,-4.020851022452769374e-01,0.000000000000000000e+00,4.236789983834712281e-01,-1.071862919407698678e-01,-3.352001395670521355e-01,5.302756794227955206e-01,-2.692269769827624476e-02,5.532029651683768590e-01,-5.919407516440827743e-02,-3.527602975585516359e-02,-2.735007123628244163e-01,3.707397017888065111e-02,-1.423334741869220800e-02,1.021469986400653784e-01,1.451945519911320703e-01,-2.068911606980119444e-01,-3.115182183438042207e-01,1.893682626350602916e-01,2.700052610861728430e-01,-3.305232623642634926e-01,-3.005689756635427368e-01,-8.655439965517440493e-02,-9.883499454808926388e-02,3.597712692322509453e-01,-8.517078585335881302e-02,2.410912596617046100e-01,1.428295741943403641e-01,1.705205621829982976e-01,1.539903133327106821e-01,-1.301519743830173437e-01,-2.312191666282968350e-01,-2.349924312374440938e-01,-2.362551476211321444e-01,-3.510615329030652987e-01,-2.016509418634657991e-01,-2.706049283195565147e-01,-1.145265043888250706e-01,-6.031517055468056665e-02,-1.802905810155915707e-03,2.628115236710244773e-02,5.084609047585945257e-02,-1.109361851550876021e-01,-9.194213342630462582e-02,-1.448455091073538037e-01,7.564400240840950251e-02,-1.038281781900658313e-01,-1.311161649119732715e-03,-1.100334322021673111e-01,-1.672844534690667018e-01,-1.241626014433239028e-01,-3.812297991641322437e-02,-1.499667408312484358e-02,-8.417915712275323564e-03,2.077279825522642398e-01,1.612933537887794103e-02,4.102649808161354938e-01,1.641603984157301854e-01,5.543013392992518495e-02,5.924768771555170843e-02,-1.529442473989084568e-02,1.994887189965835472e-02,1.958066923881060517e-01,7.602256207299185574e-03,2.911800298737938775e-01,2.446067905242598206e-01,2.397074976932579982e-01,2.527029360307370687e-01,1.635578118672054437e-01,-4.141147118054400861e-03,-9.136626706643857787e-02,-1.844373946168293421e-01,1.950787021994218329e-01,3.307922509441482001e-02,3.170385862131479878e-03,-6.474299390430680607e-04,2.668670884009844910e-02,-3.307334586566606366e-02,-2.915319001857394343e-01,-3.951641118667779673e-01,-1.879263838501362138e-01,-3.501813840917620269e-01,-1.218601978685738274e-01,-2.440410541152163160e-01,2.912617962508889380e-01,-1.012006472814222791e-01,-3.191530406450633905e-01,-1.446599664104110915e-02,-4.934986899143354311e-01,1.609098834787418553e-01,2.996350121365548916e-02,-6.699860674806407124e-02,-2.488073209897103955e-01,9.073739955307323635e-02,-2.075805826271551538e-02,1.508082507590643440e-01,-7.082275650512800946e-02,2.177707200930115994e-01,5.744949576433727723e-02,1.658247597184810407e-01,2.468619450768805984e-02,-1.304651086394297693e-02,-4.254808217247752627e-02,8.338981762767248840e-02,-5.859907779600880690e-02,-1.411808137796068119e-01,-9.365542571202251088e-02,-1.540918957100644582e-01,-2.426644487054145094e-01,-1.155183523788179539e-01,-2.805151532717236051e-01,7.096574697063895432e-02
-6.267673289915030865e-02,6.299817431884473240e-02,1.418974806271404709e-01,6.502864532013975518e-01,-2.908247951465269942e-03,-2.739192799376881024e-02,4.236789983834712281e-01,0.000000000000000000e+00,5.666673712606366820e-02,-4.727294478521860098e-03,3.762563431976973516e-01,2.425046466793042699e-01,2.626654680905400885e-01,1.608848827833195549e-01,6.216345540905800909e-02,-1.873989939118655274e-02,-2.036929782620486851e-01,-1.602150639712306979e-01,-1.736787856613004888e-01,1.573318999171479105e-01,-6.210773762974908935e-02,-5.083393982140150744e-03,6.009597814523413156e-02,3.761471664315259589e-01,-2.128019171123496714e-02,4.822172551755318087e-02,2.648550867343233903e-02,-8.843113940069953841e-03,9.813891707658294050e-02,-6.736666037231434090e-02,1.409354367100324745e-01,8.682172507316200660e-02,3.051158091577974574e-01,4.782173687708456411e-01,1.197009950095397762e-01,1.308985305252132747e-01,-2.011784289601095677e-01,-1.207627304282787167e-02,-1.763664011344765470e-01,-7.369317711064671261e-02,-1.371120078897183209e-02,5.395093906218575985e-02,-3.308847444822862749e-01,-3.197387760235078091e-01,-9.007979501466030492e-02,-1.396365676659939159e-01,-3.954506242704717844e-01,-2.997305110190173205e-01,-3.925557167723485730e-01,-2.173992880940923411e-01,-2.859475789490053543e-01,-2.296672863494963190e-01,-2.922699632728075758e-01,-3.465316875594131596e-01,-3.276005118160961738e-01,-3.021769635118460307e-01,-6.228849153763710289e-02,1.253251179720798469e-01,1.866030335026656328e-01,1.685194794704128196e-01,5.268937120025306564e-01,6.357112011278639452e-01,7.602992640915033629e-02,1.455125498860533328e-01,-2.861678691620006196e-02,3.667502667065521971e-01,1.587727904004219148e-01,2.952743311088074640e-01,2.506533776842966854e-01,7.512483703726986761e-02,1.722313604970902856e-01,5.706819851862586501e-02,9.280059324720228361e-03,6.344927294878704993e-02,9.660679878023613332e-02,-8.304093859060664162e-02,3.553416741915688126e-02,9.230128552588631741e-02,-3.672129287741716652e-01,-6.263539070228155148e-02,7.179924043551852431e-02,9.590015525676751085e-02,3.809828248787622967e-02,-1.005094631738043393e-01,-1.031725177710580699e-01,-1.169561894509307531e-01,-2.516405508312283268e-02,-2.132711192644937831e-02,2.574785158101007831e-01,1.022332279422564633e-01,-1.967509472385582936e-01,-2.361908911135985334e-01,-3.439133811568418492e-02,-4.460164484425859638e-02,1.321630745397457951e-01,-1.556818668903483249e-01,-9.270680834885923483e-02,5.222337364140439836e-02,-2.329821749695797639e-01,-6.150387232612260224e-02,1.303931989041818562e-01,7.619322771938552563e-02,1.524973044157757474e-01,1.540939177133885951e-01,-6.120734702070226851e-02,-1.916036970883083501e-01,-1.597396582933264531e-01,1.195016614285309559e-01,-9.675212355495528549e-02,7.313126637460698465e-02,-7.691050559096121453e-02,-3.566940436026099642e-02,-3.402513681746226482e-01,-2.253391098232932488e-01,-2.007711919823634839e-01,-7.540728483107823898e-02
-1.893552368616757686e-01,-3.639548116646554310e-01,-7.701078153116333591e-02,-1.579435169133236172e-01,5.544106917523505818e-01,3.752851252518838443e-01,-1.071862919407698678e-01,5.666673712606366820e-02,0.000000000000000000e+00,6.725675017686061352e-01,-1.452255354923164266e-01,-1.371997873637950671e-01,4.142477184499021581e-02,3.551465850842528416e-01,2.991675983868191113e-01,2.820163844424586896e-01,-1.917031821568668526e-01,-2.671258920361949674e-01,-1.617187820457184899e-01,-3.162854608102141363e-01,-2.329965522555920987e-01,2.476223159260706741e-01,2.765420948468722342e-02,-1.801020020227494384e-02,4.051423205896869661e-01,1.875794091569664701e-01,-9.976588035520216058e-02,-7.310930726857951811e-02,-3.729680428261117897e-01,-2.303279592132484177e-01,-2.042922601981817798e-01,-8.879015581908486499e-02,-2.282822768370727784e-01,-1.661003021944449654e-01,4.278416462647188778e-02,-1.408656819046487929e-01,3.229438391810214304e-01,3.153248879914564151e-01,1.829771944561335226e-02,2.595517733056830756e-01,-2.794748336775745509e-02,1.346007107924045987e-01,1.287100618846925559e-01,6.855581731930991685e-02,1.217515754420517848e-01,1.647318766617036634e-01,7.190560276833110609e-02,1.077690439046577187e-01,7.888422359226147929e-02,2.915300750872350521e-01,2.769124904473159732e-01,3.301343817119745117e-01,1.773706380423551165e-01,2.172356994524436355e-02,2.197600232697482503e-01,8.309692921176614622e-02,-2.617605775490853826e-01,-2.027338989033189709e-01,2.564747060110021959e-01,1.145162918288366721e-01,-4.841895662183681726e-02,-2.855484304604895968e-02,-3.254520902726843468e-01,-2.147204496905536497e-01,-2.876676691701013366e-02,2.353422177433333595e-01,7.270080854528641889e-02,1.423746965615154680e-01,1.774657228851312385e-01,1.012613569248192735e-01,-5.079293863739567927e-01,-3.840279109355477782e-01,-1.883852794131877506e-01,-2.367693021722320490e-01,1.353322314074630051e-01,8.037343217258395567e-02,-1.286761213426365902e-01,-9.975088533377841904e-02,-3.163936906024365503e-01,-4.232103077321823781e-01,-1.554279376782800592e-01,7.355451661374734496e-02,3.240593625723475202e-01,4.331122337021039992e-01,1.909296091109372318e-01,8.642190456041834445e-02,3.603778165516159371e-01,3.117353768736035868e-01,5.465459733876424503e-02,-5.032089355391033275e-02,-3.366911199577586611e-02,-2.794900072704044613e-01,1.045431785659598767e-01,-2.174383573016220456e-02,-1.342904517234686790e-01,-1.670948981734665384e-01,-1.971198864572474563e-01,-2.476864178843262709e-01,-1.563593364033730448e-01,-1.058773774430048775e-01,3.197525125394962836e-02,8.921712278875221225e-02,-8.440895560485016380e-02,1.251556677733783596e-01,2.952028742443729703e-01,2.428661132019684643e-01,2.818216789503986131e-01,1.010034866033769768e-01,1.492052677888340284e-01,1.322176379049390393e-01,-1.777992456503075802e-01,1.869345313387203028e-02,-1.627303139869496276e-02,2.219817077004859404e-02,7.262663539437859764e-03,2.564012484990294549e-01
-5.838070217629208469e-02,-2.897053295679981599e-01,-2.264173572965744174e-01,-1.263508015606600032e-01,5.565374798577558124e-01,5.579158998271499526e-01,-3.352001395670521355e-01,-4.727294478521860098e-03,6.725675017686061352e-01,0.000000000000000000e+00,-1.987261846381451202e-01,-9.312375582573152732e-02,1.651965320765974229e-02,1.409309127142984730e-01,2.910515286095303189e-01,3.183947800652239257e-01,-1.393861583324283449e-01,-1.894765035241685880e-01,-5.898384191986948827e-02,-4.106827564568532041e-01,-1.807185981126691321e-01,1.147876237935147314e-01,-8.476694486654369476e-02,-2.223328769687160644e-02,5.592288632065167686e-01,3.902591430809091988e-01,7.836404978029341828e-02,1.173582133650952763e-01,-3.324456901898903971e-01,-1.855439047018628829e-01,-1.828094262469693865e-01,-1.829966655378348905e-01,-4.252371981579411431e-01,-3.275862853832993138e-01,5.147515991913121508e-02,-3.110519490859226313e-02,2.251066210321250871e-01,2.365810251264509612e-01,-1.687615016176380045e-01,3.137522669856879221e-02,-2.734127421172431044e-02,3.478843427273911604e-02,1.663491031909337670e-01,5.775444344777259237e-02,6.281168876839303417e-02,2.781170385348378377e-02,1.450493394068275432e-01,1.951087735033644466e-01,2.978645883572517139e-02,2.296698578495729171e-01,1.491157472874690137e-01,1.370593025973996792e-01,3.303697545208306857e-02,-1.112821439440636259e-02,2.094970597821394498e-01,-2.471205350105865409e-02,-1.174503747109299084e-01,-1.202986305748348222e-01,1.450900498116726445e-01,2.671022941257759631e-01,-5.133271698535409738e-02,-4.242149996171518285e-03,-3.016065895340857006e-01,-3.553816659054085392e-01,-1.658878115773626538e-01,3.394141589998506126e-01,-1.749054671993709176e-01,2.156845356541262776e-02,-1.282743165984349121e-01,-1.417219789425134824e-01,-3.145624394375566291e-01,-2.150064470510983095e-01,-9.890579829134664436e-02,-6.302083700803623456e-02,1.584964250030222177e-01,2.273595449902456878e-01,-2.611690819958805213e-02,-1.487969644336826699e-02,-1.641909859521243353e-01,-3.397972672222104862e-01,-1.445849170849734799e-02,-2.094177738979044814e-02,1.173088804368141724e-01,2.205476674401469217e-01,1.363948337996803706e-01,8.327415893210140954e-04,8.331118229083632476e-02,9.011565562833756537e-02,1.065760617723976317e-01,2.714582519520879200e-02,2.208014897468603688e-01,-3.470517120654364324e-02,2.215797420636987647e-01,6.337721243949759331e-02,-7.425128568854222344e-02,-1.810537864181090053e-03,2.063619885628209805e-01,-4.085989648872392910e-02,-2.220334703408021089e-03,3.232988868597752585e-02,1.415677268038189329e-01,2.239245379124354396e-01,-1.513525251421663775e-01,2.039228612904093185e-01,1.419549786498523480e-01,5.811713052170029009e-02,2.314859518979013875e-01,7.929564033911679077e-02,1.973127828469833922e-02,1.041513950003680467e-01,6.385007158521131820e-02,9.625117675418216889e-02,2.200314616119345701e-01,1.671641038133617543e-02,1.401415829013799921e-02,1.210359233290834724e-01
5.195174811691208872e-01,4.038496590523063534e-01,2.000964906013807387e-01,6.498755092315536275e-02,-3.870784606979489895e-01,-1.542490828688965476e-01,5.302756794227955206e-01,3.762563431976973516e-01,-1.452255354923164266e-01,-1.987261846381451202e-01,0.000000000000000000e+00,3.558455524788675106e-01,6.368119174261492876e-01,8.294214304030225748e-02,7.493918027880407118e-02,-1.993971676531970383e-01,5.221443967663030178e-02,1.923091846747524425e-01,2.363798502303795235e-01,3.505950749770322949e-01,-3.679536609389703894e-02,-3.198018774379876028e-01,-3.075999241275810363e-03,5.365742616620637964e-03,-2.892330679938450722e-01,-1.880077376387424559e-01,7.178026274834861664e-02,1.057855858172171287e-01,5.170706068112490561e-01,1.566772265998376268e-01,1.537121190278479266e-01,-8.394764499028317672e-02,1.574540258376020962e-01,1.912623791366853121e-01,-2.828078836870437374e-01,-4.706426277853082429e-01,-3.477835096886564559e-01,-2.854219996407652005e-01,-2.641419109396418996e-01,-2.521241560325954145e-01,-7.408124319809326896e-02,-1.354991345142792236e-01,-2.519153665631908567e-01,-1.930830289680853518e-01,-1.829098077319143145e-01,-2.724077673941243116e-01,-2.822051521777896865e-01,-3.263306371517822879e-01,-2.252671091897886779e-01,-1.438148683329852351e-01,-2.313470334265370909e-01,-1.749927432658869020e-01,-1.687672275615799411e-01,-2.495153093533658273e-01,-1.126607420669588355e-01,-1.472421182850354449e-01,2.896672225376954457e-01,3.051808733114313443e-01,1.932690497980452116e-01,6.494410202646234975e-02,5.157669677601692815e-01,1.572930861950683767e-01,1.998978610788404997e-01,2.197119277828751827e-01,-1.565600086567526805e-01,-2.438621254779804459e-01,-1.635004038097785661e-01,-3.087664468022413566e-01,2.446006032473542202e-01,1.828290837817393155e-01,2.872294230897751155e-01,1.152386551429141065e-01,2.147214825027366769e-01,2.541943253587701790e-01,4.763672537494838266e-02,1.515776419751112616e-02,1.912287687978272421e-01,1.591597849507161988e-01,9.396662061671737232e-02,-8.610042532481898547e-02,1.302838856375469478e-01,5.196311999199643150e-02,-2.045292630776886778e-01,-3.208583041694088589e-01,5.365981569218135003e-03,-3.964583815015005896e-01,-1.805846037225095346e-01,-2.635296325761631864e-01,3.471620488103190350e-01,-5.049187634215974302e-02,-2.491140070637643256e-01,-1.855027203397473755e-03,-4.582854406688404159e-01,-3.738763812961699851e-02,1.261867566586603040e-01,7.854870608632723294e-02,-1.283649509498270280e-01,1.889842374179769857e-01,1.333306269386774767e-01,2.438859826597842562e-01,8.354738734064766359e-02,9.955698185045483428e-02,1.072044394051479277e-01,9.148663131684590943e-02,-2.339085589468554160e-01,-2.450004653645153074e-01,-7.334421976251934150e-02,2.368380557684888754e-01,-4.081513042560463295e-02,-3.347385976790448470e-02,-8.350438407490672066e-02,7.400970949801612131e-02,-2.460391252781694571e-01,1.612201973774366470e-01,-1.485903675843377736e-01,-1.728048730703505842e-01
1.218917451095483939e-01,3.680702591523107858e-01,-2.476598984082231392e-01,2.179841121609064902e-02,-1.348252760899386060e-01,8.488744542213251532e-02,-2.692269769827624476e-02,2.425046466793042699e-01,-1.371997873637950671e-01,-9.312375582573152732e-02,3.558455524788675106e-01,0.000000000000000000e+00,1.244805604380697511e-01,4.157386686768995143e-01,6.017644402942895487e-02,1.003037295136509494e-01,-6.556590571203092799e-02,1.362944107454374387e-01,-7.419821921009392418e-02,2.207950837372810449e-01,2.422373446522133877e-01,2.377891643550022333e-02,-2.010783576651800075e-01,-1.469096548541934388e-01,-1.527626246742926353e-01,2.758118490309817775e-02,-7.997603903874552292e-03,-7.400658428428753821e-02,4.053231104826926501e-01,4.984518611670859523e-01,1.847749684353092725e-01,1.092913162080545453e-01,7.034916023755070913e-02,1.391681997851787478e-01,-2.503446219300893838e-01,-2.625693138132087490e-01,-3.173369255974022862e-01,-2.507072071124978874e-01,2.028965803548047741e-03,-2.430302910180544007e-01,1.953774438138491387e-01,-1.153337437672242172e-01,-1.681667221801350365e-01,-1.113282363034961836e-01,8.944915393935332082e-02,1.255876834631340470e-02,-1.059423504961302526e-01,-1.614699877654061366e-01,9.505602122131229237e-02,-7.621977398858732766e-02,-6.509550234500441346e-02,-3.758456912001772315e-02,-4.438467281461918462e-02,-1.016495224034304062e-01,1.779505342435256376e-01,1.307191057760843586e-02,1.818766061128672396e-02,1.053730321344539117e-01,1.205453004599984779e-01,2.290956683741186273e-01,1.153448514907972761e-01,2.665980388865527018e-01,2.804614188426353127e-01,3.093166298771020117e-01,-6.389772328264627446e-03,-1.125823807459322944e-02,8.902706381084632414e-02,5.474989780534755129e-02,-5.606220771823888088e-02,1.452810677639672365e-01,2.201202614728261786e-01,-6.874513341011408152e-02,1.790002781783069374e-01,2.330920254499735944e-01,1.979121742126523642e-01,1.159700890436741322e-02,2.616433191954019577e-01,4.324816951637350804e-01,1.542184919256729680e-02,3.497233925316008823e-02,-1.202809611740590645e-02,7.279289223421472887e-02,-7.538205930360193652e-02,-5.012764215136763374e-02,2.200077025791124519e-01,1.481346474630449994e-01,-9.956564654473243348e-02,5.167407550392020404e-02,3.942657905772390531e-02,2.006996987958182543e-01,1.330942856567384480e-01,-2.181433957965151493e-01,1.154195200470256935e-02,-3.130787685080824168e-01,3.012409895720715713e-01,-2.238685273836779899e-01,-3.834799125891479032e-02,4.445579343041602266e-02,9.551769345632711572e-02,4.930130829613513926e-02,3.194357034092535352e-01,4.279369061415425751e-02,-2.022402588246733843e-02,-1.609227719529901790e-01,-4.090439694625820910e-01,-4.259916521485107577e-01,-4.391225305063330836e-02,1.752061727535929314e-01,-8.539247304520039550e-02,2.132182290938031688e-01,-3.170191486458370234e-01,2.208252533977399235e-01,-1.459599276883291954e-02,3.797513484592436872e-01,1.670842459723022033e-01,-1.982595950878364433e-01
2.895135150692429993e-01,2.382992616072914047e-03,2.504567816501356847e-01,2.429621494048675098e-02,-2.170118753498875563e-01,-1.876603031630652840e-01,5.532029651683768590e-01,2.626654680905400885e-01,4.142477184499021581e-02,1.651965320765974229e-02,6.368119174261492876e-01,1.244805604380697511e-01,0.000000000000000000e+00,4.114935306116868086e-02,3.648483584691106230e-01,-8.412509761254625962e-02,-2.249681044641382577e-01,-8.138867261479267035e-02,1.573133656992145857e-01,6.872029727972656099e-02,-9.028459964160084894e-02,-2.117339938006120581e-01,2.626065939724269716e-01,1.961508818766043438e-01,-2.087698155593803451e-01,-2.261695037894239646e-01,-6.589991277898486766e-02,-1.642029385335615904e-02,2.362314454058760393e-01,2.483817219052393208e-02,-7.200205554834744615e-02,-8.441152094871506861e-02,-2.011698745307472225e-01,-3.153218414988443602e-02,-1.172964768525851381e-01,-4.143276630196939259e-01,-1.317888298152384008e-01,-1.909799305887433241e-01,-2.533017571835273762e-01,-1.845485787228255681e-01,-1.666729343874772951e-01,-3.504494267464159513e-02,-1.551625979048133208e-01,-8.106467360732873273e-02,-1.980783889348642912e-01,-1.993576894192237159e-01,-1.664278596557612622e-01,-1.645833695350139569e-01,-2.157261754538137011e-01,-2.171589132144212397e-02,-1.788406580694130721e-01,-4.968606427967292571e-02,-1.631370478213661213e-01,-2.163725448039448829e-01,4.609615408365577011e-02,-5.812555765073678521e-02,-1.081445886705318243e-01,-1.338658823440841139e-01,6.193690738900475834e-02,-8.865942876425653152e-02,3.034884683224623458e-01,3.731114859039844772e-02,5.832700518162219766e-02,2.647935012339602823e-02,2.378035652395324440e-02,-8.815004052714299487e-02,-2.818228355063976398e-01,-3.823291239801560604e-01,1.764050523402633242e-01,-1.359957998558034356e-02,4.763601524160242240e-02,4.065201317333877462e-02,-5.270117236295978821e-03,5.910628269868666712e-02,-2.113011484110519436e-02,1.176905737295828730e-01,1.405502580745341124e-01,-7.602881094266016049e-02,-8.729653154260139797e-03,-1.755599625663674113e-01,4.148506104199447403e-02,-4.063883879119469661e-02,-1.296525528708871444e-01,-2.762833622744057527e-01,1.636889288972557255e-01,-4.512134299577253982e-01,-1.599984341559093290e-02,-1.128151949234298124e-01,5.023432407222846452e-01,3.929964781008862124e-02,-1.947243178838028166e-01,7.322012618052882449e-02,-3.138002731831611714e-01,1.961573869455899566e-01,1.692849589666670929e-01,-2.945510623976326046e-03,-1.577735859791924433e-01,5.296063942802515384e-02,-7.932736829688465108e-02,1.571170086209188188e-01,4.924882708458282882e-02,2.038483025990194542e-01,6.587393265516172658e-02,1.994045160277014284e-01,-8.870369883160579560e-02,-7.469015580446697333e-02,1.073028256771068334e-01,2.987754899841232881e-01,2.018073412832948887e-01,8.482584997250901260e-02,-8.983402633262435599e-02,-1.544170413448216761e-01,-1.373849683657241139e-01,1.526315734429359305e-01,-4.050444963396757775e-02,4.678980796403166970e-02
