0.000000000000000000e+00,5.471588266704591197e-01,-5.076544710371739405e-02,-1.943704321631538612e-01,-1.581675330869952156e-01,-2.020534563358273583e-01,4.237952895841682333e-01,7.654546672176969213e-02,4.494085386485514172e-02,-1.546892747140152791e-01,6.875625043337471043e-01,3.444552492616732020e-01,5.467966964988377754e-01,1.766621910944171925e-01,-3.718859781992038815e-01,-4.424733633494393192e-01,5.257902511253455258e-02,2.214262568533287012e-01,5.483205953671986821e-01,1.556515051104459257e-01,-3.779764405082881029e-01,-2.681211468958734079e-01,-3.854374559287942481e-01,-3.889125512783472849e-01,-2.790660896126336277e-01,-2.319539989788652057e-01,-1.779158649834667871e-01,-2.990056209952412503e-01,1.497417992456779312e-01,1.467831691723675003e-01,-2.296717032377704887e-02,-7.113896015315759880e-02,-1.112773272310493833e-01,-7.864283933484997324e-02,-2.285207496970227681e-01,-1.859612331054248321e-02,-1.943835379953984810e-01,-3.101011614274611916e-01,-2.345906089480324919e-01,-2.618849233907451501e-01,9.030441612551424677e-03,-1.578195233012357479e-01,-5.818301069843192369e-02,-8.136927711274843933e-02,-2.111124248306029960e-01,-1.652245912874168721e-01,9.464989324397621306e-02,-1.322405519943358754e-01,-2.072322480384855906e-02,1.239950379358733812e-01,1.109236635645531599e-01,-4.616734306448946022e-03,1.235816713364451258e-01,-2.709216511437699884e-02,1.791462579011743605e-01,-6.328317920655926465e-02,4.721631876701961605e-01,3.403238031533867280e-01,4.490686506214708884e-01,4.517106966225628573e-01,5.867228721261948943e-01,2.782192159050391189e-01,2.544981183029224048e-01,2.059743321699319674e-01,-3.227229927368981954e-01,-2.063905664993334055e-01,-4.656460474388554593e-01,-4.828224596651675693e-01,-4.525774414486433833e-02,-4.953535428582928057e-02,-1.802783060026732498e-01,-7.218375573399339606e-02,1.783826301645804469e-01,3.298500034959086363e-02,3.265711998274958283e-01,1.021444120336702094e-01,3.211073434328823861e-01,2.284154338252600558e-01,-1.266881155172892015e-01,-1.632324414671474169e-02,-2.002116567654541740e-02,-7.836436758441055195e-02,-4.086079883860004869e-01,-2.390050114720153052e-01,-5.874533260780882143e-02,-4.486525891907961472e-01,-3.965391566665941725e-01,-3.821616313418113586e-01,-8.647261775370007619e-02,-1.950234188222254583e-01,-1.524725617768533936e-01,-4.254088509060052065e-02,-2.201170555580190813e-01,7.916552852400587925e-02,-3.834036145608655244e-01,-3.594869686312742729e-01,-5.670753018958378522e-02,-1.957615993116498115e-02,4.113165488038186268e-01,1.227994405231936648e-01,4.381475399513550667e-02,2.297673452144198825e-01,-8.233272637837531216e-02,3.278554475191003880e-04,-2.161243581133508174e-01,-1.613131821849218550e-01,-6.790058350238507845e-02,-2.413785685772962264e-02,-2.296758079256398244e-01,-2.505859625969302229e-01,2.276128376905530992e-01,1.844490439750831601e-01,2.306435653064653202e-01,1.182041993162800120e-01,-1.662734428832600142e-01,1.004522163381443012e-01
5.471588266704591197e-01,0.000000000000000000e+00,-1.024107320191151860e-01,-1.041169473990159605e-01,-1.261503488484821967e-01,7.526392728911422692e-02,-4.690573776511624410e-02,1.255078153436290853e-02,-1.743646100394047327e-02,3.021907451255947258e-02,1.945162463420147259e-01,4.631437863104744673e-02,8.465522342487927232e-02,1.447697763968322504e-01,-2.441227651807890697e-01,-1.620927220378737543e-01,2.855805929126412623e-01,4.149874358800964003e-01,4.381231577524594134e-01,1.804401492750415392e-01,-3.616556416072452262e-01,-2.872638334624647016e-01,-3.342738318811227516e-01,-2.359307353882851843e-01,-1.447816300415607216e-01,5.921803772531598377e-03,-6.448095761411067051e-02,-8.693708790600621072e-02,2.152117472670108111e-01,1.497060969953083187e-01,-1.790091247749551334e-02,-7.269011565013219767e-02,-4.038630402233410466e-02,4.991505046171459264e-02,-9.817501072868273226e-02,7.058842494835076975e-02,8.713381285050128544e-03,-1.901053459878848662e-01,-2.448660521510646615e-01,-1.770949125867560814e-01,8.883601335757235207e-02,-2.335361632463040654e-02,-1.025461982027247310e-01,-1.374215139173472211e-01,-6.403259661242124978e-02,-1.079384390910940322e-01,3.667546752323291165e-03,-4.446773880461211970e-02,-1.117019860298378436e-01,-4.449291685519655114e-03,-4.441546457163934869e-02,-7.584269530871839970e-02,-1.019119684623773919e-01,-8.737821889917660179e-02,1.344851449371852609e-02,-7.893086659782304337e-02,7.653384412246143631e-01,7.964019981951407923e-01,2.652509102778340955e-01,2.198395231751043011e-01,2.585609025952071982e-01,2.095952763719602027e-02,6.067165018431239232e-02,-5.083149815822567141e-02,-2.284872443048183432e-01,-1.578118025159351845e-01,-2.281231674662703435e-01,-1.910553298868153116e-01,-1.694988691398437337e-03,4.458398394390166580e-02,-1.350918686414631364e-01,-6.877237429555306536e-02,1.751821021065127493e-01,1.168174712265531434e-01,1.617075752376252729e-01,3.731596533783500258e-02,3.112708760801561891e-01,2.110298087716205584e-01,1.766602158181284077e-01,4.145547798539116202e-02,4.911934824699049768e-02,-3.559516314004860724e-03,-3.890965299320356952e-01,-1.103304456745132778e-01,-1.983636699758678512e-01,-3.409314808389544704e-01,-2.611057003870708160e-01,-1.630367696635156571e-01,-1.914021061751217667e-01,-1.770618936153220691e-01,-1.840237748233027049e-01,-3.526905409382196516e-02,-3.289981683045661298e-01,1.515594709916746018e-02,-1.701936960011318778e-01,-1.222715148142000108e-01,1.948240338024130880e-01,2.345601810673465515e-01,6.915884028572675257e-01,3.534344176567072449e-01,1.293384165542358355e-01,1.133611239267000859e-01,2.078384430208305572e-02,5.813710024464215781e-02,-1.728170251381777600e-01,-1.300024325328209274e-01,9.001889747703957501e-02,1.147790506455418774e-01,-4.301743626836897205e-02,-1.904920849861443388e-01,2.335120727967088528e-01,4.413724558266133302e-01,3.356181203288263193e-01,-5.103472732648423743e-02,-1.204250276072453690e-01,1.256268088231031997e-02
-5.076544710371739405e-02,-1.024107320191151860e-01,0.000000000000000000e+00,8.327549247600136706e-01,2.238938002766298063e-01,3.216592044887057744e-01,4.381381575564164410e-01,3.527503346233477055e-01,3.846029266938775781e-01,3.437022156374818227e-01,5.453943886056945856e-02,1.645746628365211267e-02,5.940367237008462031e-02,-6.637803138237602374e-02,2.377352936651769832e-01,2.546297574932230856e-01,-6.916134077048018136e-02,-1.002954205453203569e-04,2.960763510451375757e-01,4.525371486346448091e-02,1.047263420758693248e-01,-2.789165138609736028e-01,8.234881484246657779e-01,8.108103118775066287e-01,5.753899303193485970e-01,6.015664916133776075e-01,1.822775906618530617e-01,2.373296403865487458e-01,9.601392862499932845e-02,-1.983324195761160952e-02,5.285573307833884016e-01,4.829069633789672689e-01,4.646429536830476437e-01,4.130524177032651179e-01,7.167928635647174973e-01,5.696306497754537457e-01,8.336651156354769887e-02,-2.158610149419568913e-01,-3.040564856437510954e-01,-3.022510549083481379e-01,-1.937821824445889185e-01,-3.937294540414844057e-01,-4.098390818794472867e-01,-4.877907739168642065e-01,-1.908433988594506747e-01,-5.229427706142483201e-01,-2.639531994108664237e-01,-4.647610505234719414e-01,-6.326540469306078940e-01,-5.964559817932699737e-01,-6.355130932400799848e-01,-6.277520803586270626e-01,-5.935701736828715713e-01,-6.419018023990044064e-01,-4.161442989306073370e-01,-1.861232164749156148e-01,-1.105760733649338717e-01,-5.950745594993098880e-02,-2.934028122624613433e-01,-4.755825673103235562e-01,-1.059924194584098284e-01,-2.355686903167147628e-01,2.713754325510877446e-02,-1.074365536470456434e-01,6.784720611172987415e-01,3.713342910899395943e-01,4.538279049829256895e-01,2.540427567033916034e-01,-1.698670030760488225e-01,1.292225519123846034e-01,4.154952056234395563e-01,5.172623488082894738e-01,2.921259875596522448e-01,3.529151337474076833e-01,6.870329095035919778e-03,4.447368213593376196e-01,3.428038857049492405e-01,4.489313924651300858e-01,-2.395232760167864683e-01,1.197516686084591428e-02,-3.285790450554396669e-01,2.083269869650928308e-01,-1.062773259610863691e-01,-1.071359063574160303e-01,3.865789902378579113e-01,7.929319216662539249e-02,1.208752169537954113e-01,2.736061027474591678e-01,-2.997257839842814575e-01,-9.642979110947762222e-02,-1.628058591291234444e-03,4.431172847946763804e-01,4.045989427520245707e-01,4.425358836616965497e-01,2.859446220772755495e-02,1.222862229080208529e-02,8.156679360621418851e-02,2.710935838943638876e-01,-2.122022567421293082e-02,3.722178588584468262e-01,3.631452252933674574e-01,5.444687752887659299e-02,5.023969002007079299e-01,5.049515090789086225e-01,-8.505582488895676793e-03,-1.385294686327653672e-02,4.363127873396310807e-01,4.665552168876652694e-01,2.657886016162300802e-01,1.834772305507635370e-01,9.180456981098907010e-02,-8.462573059788763841e-02,1.023879769808314216e-01,-1.139674948492044480e-04,-4.450450431714616378e-02,1.066415904006050436e-01
-1.943704321631538612e-01,-1.041169473990159605e-01,8.327549247600136706e-01,0.000000000000000000e+00,2.457259051943476713e-01,4.710858100424366590e-01,3.241800915965372121e-01,5.470061402841824849e-01,4.595883624458634853e-01,5.295379762708289917e-01,-5.401996502887224799e-02,7.696926721363006596e-02,-9.866670540081061425e-02,9.222992143159994272e-02,2.081712650155465028e-01,4.029938225704345345e-01,-6.716636309639639757e-02,-2.822016205337958203e-02,1.790524040914699133e-01,1.223610285853101581e-01,1.915931473325393486e-01,-2.727149585788735120e-01,8.712092245018335790e-01,8.818733348398014593e-01,5.060189411366823320e-01,6.118959932860429385e-01,1.782936044471377102e-01,2.424257243887946167e-01,1.234234226950516322e-01,-4.601574568029897366e-02,4.953618770633772539e-01,4.032323682319079450e-01,5.093599282156376917e-01,5.028586505904463211e-01,7.919901031905173250e-01,7.505798886980438178e-01,1.447004155638181577e-01,-8.210121696989587659e-02,-2.666936275116764121e-01,-3.050084713797810987e-01,-1.106416552744646786e-01,-3.495613670957575247e-01,-4.088532657541341653e-01,-4.775270769334605259e-01,-2.111943979092331114e-01,-5.184968353900711868e-01,-3.301216580793293609e-01,-5.062790438403497184e-01,-6.737280982774925819e-01,-6.597978218634525938e-01,-6.629976055199838791e-01,-5.766890788035967663e-01,-6.708629790594726749e-01,-6.021497774554568361e-01,-4.962218779166654992e-01,-2.509147932189794705e-01,-1.302139729977662974e-01,-1.379199352471234541e-02,-2.702849374422912065e-01,-3.576981867226022849e-01,-1.434641961858268699e-01,-3.499383095149699585e-02,6.182701379880079645e-02,4.783521096076259749e-02,6.640555524312341529e-01,5.777201487200687158e-01,5.309269163912192502e-01,4.442724894982909567e-01,-8.137101381371136810e-02,1.918568985954712258e-01,4.527697482182891919e-01,4.106740757135048381e-01,3.207032985022961746e-01,3.430180642812729053e-01,3.288973946311934266e-02,3.690426779028878612e-01,3.119218832318531032e-01,4.638088995779339196e-01,-2.351108405033282001e-01,-4.205472277576688400e-02,-3.331681813498965639e-01,2.320359517198423149e-01,-1.319110795446232776e-01,-1.397786314769080829e-01,2.414930106705382440e-01,4.139654424559998658e-01,3.619444605067526077e-02,2.771981694323909506e-01,-3.711007164713743811e-01,5.550380634615216524e-02,1.918479011303672599e-01,3.945867603599592655e-01,4.934690016248829969e-01,3.580873035961471551e-01,1.249088827938161228e-01,1.185014167065379792e-01,1.496480260451364952e-01,2.988698742689101517e-01,-4.628407290729484591e-02,3.284739390053931785e-01,2.790023148702797662e-01,2.063553524310145562e-02,4.032800135236284111e-01,4.074749568522579857e-01,-5.631710286579692804e-02,5.094508083181104041e-02,3.877694968430757672e-01,4.487215039533596905e-01,2.444336683606020688e-01,1.747405366068043309e-01,1.215073965508808862e-01,-9.414045583397931405e-02,1.904833898797431702e-01,-4.587900211050666838e-02,7.829757116674912476e-03,2.166897435530985849e-02
-1.581675330869952156e-01,-1.261503488484821967e-01,2.238938002766298063e-01,2.457259051943476713e-01,0.000000000000000000e+00,6.710701017947823255e-01,1.959912367132567255e-03,3.197175082537134783e-02,5.680817795760518818e-01,3.251239142358988005e-02,9.938823220876642772e-02,-8.655112633034775516e-02,-2.375118123438022533e-01,-2.549973932036039281e-01,3.736470961269617863e-01,5.031617549794489275e-01,1.182727006424028338e-01,1.287642682190371091e-01,-1.549874822413156161e-01,1.402243132306342510e-01,-1.304478130160129645e-01,-1.604817915716234833e-02,3.223036356405821756e-01,3.022957653510530140e-01,-1.269127430660621225e-01,-8.985657024555675221e-02,7.053984518767681955e-01,1.495539398921627572e-01,4.363061342311522900e-02,5.069474977756776614e-03,-1.509310157465658941e-01,-2.744622373392099357e-01,1.103395206675675394e-01,1.015481867420090362e-01,3.420370543502912475e-02,9.796409732790185843e-02,-2.586016498413603454e-02,-2.165592483077226071e-01,-5.382660000520076218e-03,-7.798436052858340184e-02,2.878715202265888506e-02,1.789907454241448093e-01,-1.549403537464308089e-01,-1.548055185899479269e-01,-2.402775198989225147e-01,-2.650776292777435872e-01,-1.094911491004099263e-01,-1.013855184640115453e-01,-3.153498855354725516e-01,-3.676941907464594816e-01,-2.605883293646304999e-01,-2.793271893357213154e-01,-1.929731153978811731e-01,-1.918516806526844864e-01,8.511291557986139233e-02,1.790848144306265710e-01,1.792719525758232346e-01,1.531166060169665555e-02,3.332647559622310685e-02,1.005996550310011145e-01,-1.364389309044171383e-01,3.916255703265511534e-02,1.554771642498039563e-01,1.671361440264655385e-01,2.211102495283179866e-03,9.896128326521579088e-02,1.477856637710240617e-01,1.899634435525665299e-01,2.193323826858758208e-01,3.908684642408408738e-01,-1.679758204793987686e-01,-3.443938302446638566e-01,9.521611329482716768e-02,1.140743570683017960e-01,1.921940073676708660e-01,1.246189595180265952e-01,2.267683266262261466e-01,2.130137365696168489e-02,6.297338972777344335e-02,-2.211575639502809110e-01,-5.403225048277397052e-02,-1.434798114964694060e-01,3.413814117543584326e-01,-2.670500300120264014e-02,-2.263008609836900664e-01,-1.298365260888008355e-01,5.137824015957833668e-01,2.932250063925707084e-01,1.465142559576000092e-01,-1.409804045319756616e-01,2.057834278454364896e-01,1.770858010124730653e-01,1.876310711370178241e-01,1.015161206060516269e-01,3.067046680011982218e-01,2.890022193746906165e-01,7.681596079404368060e-02,2.647059713976211426e-01,6.098475123312879775e-02,2.712595247402779242e-01,4.103154751669852440e-01,-7.658051302665125348e-02,3.379816227293202524e-01,2.419003519255739365e-01,1.694410037507403100e-01,1.002699843899983456e-01,4.590897985631374190e-01,4.167506085126386761e-01,2.581976502439108367e-01,2.433393259570825265e-02,-1.444354933118240092e-02,3.282596518772809557e-02,1.790014432382024956e-01,-2.700046079985547742e-02,-9.022918485071557138e-02,1.923569055075504686e-01
-2.020534563358273583e-01,7.526392728911422692e-02,3.216592044887057744e-01,4.710858100424366590e-01,6.710701017947823255e-01,0.000000000000000000e+00,-9.437286105699292660e-02,2.537973562511257608e-01,4.644732884193617517e-01,4.146930695781855802e-01,2.951274469576046708e-02,1.071109549233282832e-01,-6.424621615511548478e-02,9.330329834711939552e-02,4.346195922795144662e-01,5.454673999916246352e-01,1.153495157199002225e-01,1.753940937600701744e-01,-1.025696322702947527e-01,2.588632471443365612e-01,-4.665194698474155882e-02,-3.615236653599311623e-02,4.394332290525648221e-01,5.024756676650048437e-01,7.940681224971264662e-02,2.546023256534941659e-01,5.737847448566936182e-01,3.783023574995845739e-01,8.193668619005536891e-02,-4.966718520663594878e-03,1.518451041865567508e-01,8.901144354389030344e-02,2.681191917589802465e-01,2.500303729603192138e-01,2.092707995990135128e-01,3.418059956853739534e-01,2.189174951676723518e-02,-5.337020002474479607e-02,-1.440859201199943540e-01,-2.257900604928117505e-01,2.916387517777772800e-03,8.710180123272190378e-02,-3.581164338268161829e-01,-2.780463310280638645e-01,-3.283783662691099892e-01,-4.822445357336175298e-01,-2.046545935693251383e-01,-3.474136844421133463e-01,-4.808998331471996401e-01,-5.173899642532914234e-01,-4.180143961168431010e-01,-4.309676830285068538e-01,-3.803679580330814880e-01,-3.561238582597288094e-01,-9.458794560613097147e-02,-3.033588103177907880e-03,1.803877038420159118e-01,1.556961736551249753e-01,-2.141972003460814733e-01,-1.004230866181081011e-01,-1.940661273088210015e-01,-1.237888453296199370e-02,9.641123224002164094e-02,7.546318921607117480e-02,4.845678269982841430e-02,9.669430461095496199e-02,6.546723180009092480e-02,1.527531424763135803e-01,1.927895674935899417e-01,3.830231122037082714e-01,9.785364927314652017e-02,-2.921897687586779563e-02,2.813379387025423672e-01,4.249091800842577649e-01,2.461388783099302535e-01,1.819019710345411989e-01,3.391666101143854806e-01,2.178291677481789534e-01,-2.577419290311706510e-02,-2.259432573308443326e-01,-1.658753295723639776e-01,-3.745517643847160599e-02,1.424527724073867685e-01,-3.414072234040194109e-02,-1.004860488938162655e-01,9.884375417748431092e-02,3.323581379468790176e-01,2.874526667225837939e-01,5.793428519383203579e-02,3.634772849604164802e-02,9.444461514595779705e-02,2.207016772535521087e-01,2.357283181326066679e-01,8.962363134572581824e-02,4.086988997613883456e-01,2.637433199201008605e-01,1.665749995331221311e-01,2.976965800433898357e-01,1.465623471893923169e-01,3.835384611909559704e-01,3.741337998319614333e-01,-1.106545715027542898e-01,3.933900035021053454e-01,3.199714041484330029e-01,8.886434939635361185e-02,8.906079271837079314e-02,4.703817690668271601e-01,4.285124446968241463e-01,3.977413367764188190e-01,2.157080824550806353e-01,7.069871059680238323e-02,-2.734291220648862181e-02,2.396361124514662100e-01,-1.619716904527962742e-01,-3.336536752610187034e-02,7.392651599429667097e-02
4.237952895841682333e-01,-4.690573776511624410e-02,4.381381575564164410e-01,3.241800915965372121e-01,1.959912367132567255e-03,-9.437286105699292660e-02,0.000000000000000000e+00,6.252546307521626989e-01,3.577963743100458505e-01,5.982992111586351441e-02,4.912732243539651988e-01,3.553689455757875204e-01,3.946612521837465914e-01,1.806926441320095555e-01,-1.480840614394840216e-01,-1.854444113088158097e-01,-1.834706497830058680e-01,-1.449078529494815804e-01,4.108198704280949798e-01,8.483860181514403303e-04,-2.885930243362306302e-01,-4.334996869484746829e-01,1.829574304124453599e-01,6.710639056495559807e-02,-1.411131822800160973e-01,9.893618855104374318e-03,-1.758904802236217202e-01,-3.413986581273426579e-01,1.841509676026438225e-01,5.010013525691670022e-02,2.569719184898719977e-01,2.391798627822109558e-01,2.628474463559722918e-01,3.617524023269018674e-01,1.145622014771846692e-01,2.404851939910899461e-01,-3.211940766323366225e-01,-3.933343770208077017e-01,-3.653152769559419033e-01,-3.639714610162000374e-01,-1.699287888379377998e-01,-3.906229271798024039e-01,-1.015610878988716520e-01,-8.950850511698872636e-02,3.378000732330525141e-03,-7.015863288763060646e-02,-7.554692490075208544e-02,-2.263626298186559582e-01,-2.170440414509524907e-01,-1.210767858918632145e-01,-2.813425032771859069e-01,-2.556718260580491120e-01,-3.194724530089464443e-01,-2.717761611446958270e-01,-2.953883600036867341e-01,-3.377664898044803188e-01,-9.860270665262933776e-02,-2.097992352331541910e-01,3.198412340193781955e-01,1.434364251439033400e-01,4.877760714990680979e-01,4.415520300474337079e-01,2.693149236758660137e-01,3.879048841630756139e-01,1.511639067668035519e-01,3.556044086592291542e-01,-1.188295720008143361e-02,-6.131179441705859878e-02,-3.443535137296087623e-01,-1.869977146641934596e-01,1.456327191992721759e-01,2.081325637292705533e-01,3.149628893865196733e-01,1.355096544210679654e-01,1.042446483936591839e-01,2.709200265208116520e-01,2.519344693448501843e-02,6.161818762264136690e-02,-4.265709775455672204e-01,-1.727659024779565344e-01,-2.523767807625285076e-01,9.961706291622107398e-03,-3.183432991489980046e-01,-3.041181590384980926e-01,-1.121512051119503833e-01,-6.126861033827744191e-02,-3.111442660031758511e-01,-1.642668327396161199e-01,-2.325845309574660624e-01,-3.068672107770732960e-01,2.564705428658350245e-02,2.158549815230408897e-01,1.133404431453016864e-01,3.834388439151672490e-01,-3.933694164988370545e-01,-3.986512488696287715e-01,-2.707597853575882674e-01,-9.935482482370436297e-02,-3.213352327293422794e-02,1.255720905328927828e-01,4.670634833636507638e-02,2.649716143349137853e-01,-1.066298710982218761e-01,7.741691617491355988e-03,-2.539288149268292827e-01,-1.495945567484670835e-01,4.876803331161911476e-02,1.268280641451839108e-01,-7.992584444652464648e-02,-1.968067908024059842e-01,-5.032483853092374615e-02,1.620416511480173363e-02,1.838099403198849846e-01,1.813155654972632980e-01,-1.787828129790992593e-01,-9.027109315255678335e-02
7.654546672176969213e-02,1.255078153436290853e-02,3.527503346233477055e-01,5.470061402841824849e-01,3.197175082537134783e-02,2.537973562511257608e-01,6.252546307521626989e-01,0.000000000000000000e+00,3.884118864352302247e-01,5.427456952842678595e-01,2.663290430565492528e-01,4.625121862947448315e-01,2.266224877922468350e-01,4.007225139795003166e-01,-3.357045489541383293e-02,7.458962686288966859e-02,-2.264271488025505763e-01,-2.132111303339039587e-01,2.879933587949051743e-01,2.240514519948852423e-01,-9.506839752057916204e-02,-3.049743534011029600e-01,3.278307675985610015e-01,3.069933367239850996e-01,-9.098214801728060630e-02,2.316703846081050455e-01,-3.614545870465497163e-02,-9.610373094279603401e-02,1.565160560266025680e-01,5.024036036571296465e-02,4.320802006040432297e-01,4.032800010803300750e-01,3.141158228938911168e-01,5.175568179792210399e-01,2.314389296662436035e-01,4.857565304198224743e-01,-2.659988270569479951e-01,-2.765655011918102257e-01,-2.909873186496542141e-01,-4.869580679054894001e-01,-2.146973877946337650e-01,-4.462108240915443336e-01,-2.357651710502333964e-01,-1.916122065616268633e-01,-1.717144752732456536e-01,-2.243049215088631920e-01,-2.951946021889023664e-01,-3.156066441463213912e-01,-3.958434875432515487e-01,-3.281588518069343818e-01,-4.408586611109395204e-01,-3.745520245054567710e-01,-4.805227309093452193e-01,-2.818929715235858335e-01,-3.991806950065689419e-01,-4.694145264339261159e-01,-1.297652697982603354e-01,-1.194576464108529495e-01,3.907402886764778371e-02,7.499028715991305771e-02,2.568000427395422669e-01,6.302735757078659073e-01,1.912886246897379516e-01,4.490725696500477149e-01,1.448460384399788137e-01,5.213857194073097112e-01,-2.359185429471682971e-02,6.248884644930102067e-02,-1.291149796243064307e-01,6.013372637418759603e-02,2.772461603065516922e-01,2.632733300185232661e-01,3.539415903570133914e-01,2.990618667830374222e-01,1.770650844779440847e-01,2.765206284636319012e-01,6.962395724448286471e-02,1.538156836506544833e-01,-4.044957508831134030e-01,-3.029088054311399048e-01,-2.806980397822106399e-01,2.373806788478018126e-02,-2.699877967484639596e-01,-2.868376151183055223e-01,-1.613412363028624008e-01,2.409646015237351113e-01,-3.303649988909376778e-01,-4.811487069085031154e-02,-1.890338206638751406e-01,-1.138944067244841568e-01,2.498221815988755645e-01,6.186396713155316307e-02,2.233995999019428025e-01,6.564520852977412391e-02,-6.555071560177259601e-03,-1.194225361455865247e-01,-3.990976287638765829e-02,2.946672420640509844e-03,-3.970885077911794764e-02,8.944878024509225756e-02,7.979406409468677019e-02,5.905646546891493709e-02,-2.538650786630903752e-02,-3.044683200367848813e-02,-2.277035918693443850e-01,-5.111241970668758960e-02,1.713251982222526726e-01,2.174703142948973544e-01,9.677235372660915325e-02,7.551131178230448271e-02,1.113039232641139381e-01,-1.378295474577456714e-01,2.189484381194181650e-01,-2.075850482739665659e-01,-9.489227625461615911e-02,-1.061739869856148238e-01
4.494085386485514172e-02,-1.743646100394047327e-02,3.846029266938775781e-01,4.595883624458634853e-01,5.680817795760518818e-01,4.644732884193617517e-01,3.577963743100458505e-01,3.884118864352302247e-01,0.000000000000000000e+00,4.714755717250750933e-01,2.152328002745832192e-01,2.786303110846198930e-02,9.812100828684508502e-02,1.046892953205322968e-01,2.925831599515688608e-01,2.755528960155840812e-01,-1.211884820807278274e-01,-1.520947586989726263e-01,-2.780085728475342396e-02,4.406269721441463671e-02,-1.600114744711058079e-01,-3.637323042857236732e-01,4.854929093708596488e-01,3.329422879136604840e-01,7.492273548114157522e-02,2.280890243635957104e-01,3.507367525550705856e-01,-1.255281565657538623e-01,1.983395028400381510e-01,9.236606409254929928e-02,1.046657073709432312e-01,-1.122166675370110112e-01,1.906416361357788636e-01,1.606236220196803066e-01,3.200664327739471404e-01,3.370557694211108735e-01,8.140668602910804130e-02,-2.752209538920779575e-01,-3.197886429980074108e-01,-5.316085491576714173e-01,-5.039460962994304211e-02,-1.593352767375475487e-01,-4.605945682909143302e-01,-5.258838031488274334e-01,-4.707651793103415083e-01,-5.402579587077317447e-01,-3.682392366523145055e-01,-4.139547547756952661e-01,-5.630896834830911857e-01,-5.231084803529495453e-01,-3.683448849695958871e-01,-3.901258784045996131e-01,-3.367995147700352798e-01,-3.499935190039566990e-01,-3.254498907197999058e-01,-3.335889780456139930e-01,3.066973517074560174e-02,5.608131431187149060e-03,1.224838461459020894e-01,8.209437568418445630e-02,3.143525454638380623e-01,2.928738416684378287e-01,1.269734086107848214e-01,1.784011155970317286e-01,3.138149960622335088e-01,4.632389413071767437e-01,9.811671878733931040e-02,7.656799257685698024e-02,4.298038911016011793e-02,2.098563391589605698e-01,2.529424420772853899e-01,1.113260426271432124e-01,3.044948555998754913e-01,2.428328494582940866e-01,2.124797310772593914e-02,1.976197770478691218e-01,3.227685884609903799e-01,2.727856528699391103e-01,-1.001398723159625526e-01,-2.887209499027651449e-01,-3.181553849838398840e-01,-1.688885024380625544e-01,-2.103957889752443577e-01,-4.035807640901122317e-01,-4.490104690870166254e-02,-3.624418086858068044e-02,-6.868565269814579620e-03,-1.049783709076599486e-01,-3.929836213884935203e-02,-1.612507922872648825e-01,1.924390894831977672e-01,1.640119099589587293e-01,3.275891172401659279e-01,2.402405696603374941e-01,1.777406588684867783e-01,1.780621252848781921e-01,1.118519581723286804e-01,2.498319601048984984e-01,2.200631502399560263e-02,2.040757617381681044e-01,3.100165170945172743e-01,-5.538529152224659462e-03,2.311031082489518884e-01,1.925762907700359627e-01,-9.866584397230687697e-02,-1.887138922676958111e-02,3.915465351917400416e-01,3.844080108919962213e-01,3.512935984952985091e-01,1.633186519604799269e-01,6.401601708946767777e-02,-7.838028378184723477e-02,5.106024912996679627e-02,-8.416226162273779399e-02,-4.898220694372039385e-02,-4.346090306305618045e-02
-1.546892747140152791e-01,3.021907451255947258e-02,3.437022156374818227e-01,5.295379762708289917e-01,3.251239142358988005e-02,4.146930695781855802e-01,5.982992111586351441e-02,5.427456952842678595e-01,4.714755717250750933e-01,0.000000000000000000e+00,-7.646576372559674151e-02,8.745535493679804095e-02,4.361650461376570531e-02,3.234195750233281874e-01,3.196886524368307558e-01,2.895734568808696618e-01,-1.465165145790845724e-01,-1.728432397911973395e-01,1.216160135566684147e-01,2.353925825834570495e-01,1.922925133540351883e-01,-9.349779108249968440e-02,3.926699144404542374e-01,4.737869993663057500e-01,4.039778485550999942e-01,6.456619509692476111e-01,1.830765934475305778e-01,1.836312863239862037e-01,2.099822088608585269e-01,6.630552214804573408e-02,5.043826375064091039e-01,4.463096256927486793e-01,1.807681076425620981e-01,2.212903564821991909e-01,4.150738899367814039e-01,4.551748147057527727e-01,4.507652461163955820e-02,1.598948164740656153e-01,-2.848111565288862779e-01,-4.636901288089642081e-01,-1.521645674391253478e-01,-3.626591237576967108e-01,-4.458790033684844611e-01,-4.406328279380044011e-01,-3.405434946841238708e-01,-5.272180282579844723e-01,-4.131735535255299796e-01,-4.310224815944475041e-01,-4.811303775031343100e-01,-4.668135425056184618e-01,-3.989514068766424337e-01,-3.965522562459322664e-01,-4.230501553169728757e-01,-3.234618917586488673e-01,-4.635394372587353096e-01,-4.050983263886193120e-01,-1.471691162343020387e-01,7.960116087114867123e-03,-3.787992927742243054e-01,-2.850347894472302079e-01,-1.542539695290372041e-02,1.702242193557824690e-01,-7.018350598827020892e-02,-5.749676166733332788e-02,2.705267044166878021e-01,4.177082627815547622e-01,-3.460791973731699306e-02,-3.665206767955177247e-02,3.658209370375942182e-02,1.708138009399610135e-01,6.455980025616466778e-01,5.630469609552150034e-01,4.420169940769664296e-01,5.705765916274486704e-01,1.822587758049079576e-01,4.257396718663480906e-01,3.521382776529901060e-01,4.843469933588399612e-01,-1.842210593802803276e-01,-1.271298506278264184e-01,-2.431973912981956198e-01,5.211156097568946099e-02,-3.488680252427080464e-01,-2.233603435248157076e-01,4.919047835731804597e-02,2.308771093121994855e-01,-2.962298664963993189e-01,-6.510965195726656218e-02,-4.957020333696833536e-02,1.628648852659654589e-01,5.262855685561843022e-02,-4.728846576724113002e-03,2.537419787149683414e-01,-4.666263818653276774e-02,2.899720689891681080e-01,1.434595297227704291e-01,1.833444593261421840e-01,1.185207530322889002e-01,-7.357068445814018975e-03,1.479869803441888898e-01,2.958285259048416549e-01,-1.871905092050277220e-01,3.699172531217920223e-01,2.333493164090190419e-01,-1.090560755598203035e-01,1.222587328975627448e-02,2.901530063429717532e-01,3.648906782028069062e-01,4.209315518341977813e-01,4.758153163992146495e-01,3.309563615741013543e-01,-3.139751881864192296e-01,-2.259704549574028526e-02,-5.261038425711561661e-01,9.788995945740830429e-02,-1.527748386492502608e-01
6.875625043337471043e-01,1.945162463420147259e-01,5.453943886056945856e-02,-5.401996502887224799e-02,9.938823220876642772e-02,2.951274469576046708e-02,4.912732243539651988e-01,2.663290430565492528e-01,2.152328002745832192e-01,-7.646576372559674151e-02,0.000000000000000000e+00,5.832997461165323472e-01,6.991702406679418669e-01,2.417830716214376119e-01,-1.723436174722393632e-01,-1.376583503272107989e-01,1.389672017061947262e-01,2.657217452322531703e-01,4.240645773282507580e-01,2.795741351720190115e-01,-3.578734042873801813e-01,-2.337137828525442662e-01,-1.451822613460744815e-01,-1.890539617666182060e-01,-3.041350186412608569e-01,-2.854338539544914455e-01,-1.999673019067384813e-03,-2.711041771421397462e-01,3.562626585694763093e-01,2.270617648867959693e-01,-1.522823426538404135e-02,-5.377014761404872584e-02,1.597141389433451575e-01,2.036874421352756759e-01,-1.794709414506060197e-01,1.077474339844791684e-01,-1.474729178611204894e-01,-4.339313930060829105e-01,-2.497974983906026403e-01,-2.247853475013679159e-01,2.247025349589144242e-03,5.767619484200469521e-03,-1.125989145017479154e-01,-1.327871410139433717e-01,-3.551507169645047868e-01,-1.821163804532160979e-01,-8.148558300482999783e-02,-1.981763937045597501e-01,-1.941447667235900731e-01,-8.148084003449641843e-02,-1.686886143328150955e-01,-2.529269370197047562e-01,-8.875581630844357750e-02,-7.634145732919150884e-02,9.666832142184716981e-02,-1.318892123135453343e-01,2.502260422122102312e-01,1.238878933825669632e-01,2.970014751370163575e-01,4.224895612924208232e-01,5.159400620489621447e-01,4.292954542513542360e-01,5.790749810781126161e-01,5.680853242791221724e-01,-3.537488194040919742e-01,-1.153653014654224956e-01,-4.033457907419935595e-01,-3.390638713735629750e-01,1.782308970885223588e-03,1.198485388596706447e-01,-2.133477158307299781e-01,-1.706680582628752052e-01,2.213712530242041288e-01,1.435625455522360205e-01,3.170275743074486563e-01,3.226251018709401786e-01,2.213427881834816591e-01,1.451927883789929652e-01,-1.770819366422531072e-01,-1.241084925628467561e-01,-1.243971684140359607e-02,3.723511413065436898e-02,-2.011710229144838269e-01,-1.295833370474432922e-01,-1.944223987857564562e-01,-2.742137436439161524e-01,-1.640581943605255444e-01,-1.529084421104294211e-01,-3.541480797541093212e-02,-1.667025587230165085e-01,-1.377009210851417587e-01,-1.001025354323726857e-01,-9.102362968443937496e-02,-5.991633902011379159e-02,-1.352978230353587830e-01,-1.139322290291709533e-01,4.171953105884923518e-02,3.672498036853596992e-02,2.697941110727400948e-01,1.631405315909583431e-01,1.138156071788837542e-01,1.204182704729515052e-01,1.716744088450473374e-03,4.715149281839500078e-02,-1.901558713161143055e-01,-1.338135000454894197e-01,1.190883873748874722e-01,1.258417402600857105e-01,-8.850157374994360726e-02,-1.039673462995519132e-01,1.646569161155319871e-01,1.033759485367139463e-01,1.408510491849372659e-01,-8.634491112595318874e-02,-3.790241832860605786e-01,2.345771944418697796e-01
3.444552492616732020e-01,4.631437863104744673e-02,1.645746628365211267e-02,7.696926721363006596e-02,-8.655112633034775516e-02,1.071109549233282832e-01,3.553689455757875204e-01,4.625121862947448315e-01,2.786303110846198930e-02,8.745535493679804095e-02,5.832997461165323472e-01,0.000000000000000000e+00,5.643363406150947448e-01,6.347611629436709091e-01,1.612072819799769893e-02,6.566731516249578460e-02,-1.453010877136311496e-01,-2.749134556686965575e-02,3.437432923694976883e-01,3.301855669970218954e-01,-1.573813931171982317e-01,-1.112823490975079627e-01,-2.064301216827553812e-02,-4.771291510362154348e-02,-3.589821377552617210e-01,-1.979911991905534685e-01,-1.639244386614185089e-01,-3.276059692693932823e-01,3.302975065855376924e-01,3.536558040645561563e-01,2.683529303175856695e-01,2.553150265935016372e-01,1.169045358537854074e-01,1.510442379489980169e-01,-1.507544890207112021e-01,4.704749684958831057e-02,-2.275776524890844588e-01,-4.040410384426269541e-01,-6.830785613657106708e-03,-1.969638955272242087e-01,-2.819930692444327924e-01,-9.244757793770910781e-02,-1.463143097025266723e-02,6.612435580908952726e-02,-1.076603118155281813e-01,-4.589733172515800957e-02,4.150746276329236178e-02,-1.244948469455560642e-03,-1.986806562923664268e-02,7.631388737200639483e-02,-1.321572000729816579e-02,-1.616232229342113094e-02,-1.149562614469118102e-02,1.304432096588225565e-01,1.324197189266197450e-01,9.880471132741090734e-02,-1.623786296186805478e-01,-2.136341447310548813e-01,9.528739007804372385e-02,3.568578331344323118e-01,2.683877558176254174e-01,4.040879763739687602e-01,3.044349126666772709e-01,5.445270003228543931e-01,-3.421854119536927863e-01,-1.297453771196327155e-01,-3.938562496574770644e-01,-2.930128555618056740e-01,-5.168120915727213854e-02,2.688548344942033076e-03,-4.861778059237683962e-03,-5.024988725710250598e-02,3.467284325906965226e-01,2.719264711448661775e-01,3.209342579541443197e-01,2.044692761207829446e-01,1.999952273339124231e-01,2.285981410797161273e-01,-3.074739326852181098e-01,-2.702041955829603270e-01,-1.440198690215664934e-01,4.072923269154490877e-02,-7.722065142223634437e-02,-1.889882471790222118e-01,-2.071269630937615791e-01,-3.551187902213409631e-02,-1.449476059739800704e-01,-2.261816126239721194e-03,4.234206480080509455e-02,1.841515845513550659e-02,-1.091985017043139994e-02,-1.808211783120760446e-02,-3.670684515067212245e-02,-1.205440861437323680e-01,8.036071829126775756e-02,2.903680776751420625e-02,-7.117009403566774972e-02,-1.316905727473677845e-01,-1.549935324583302243e-01,7.005889136776828618e-02,8.387589244113562159e-02,9.764565477932873883e-02,-6.422507007310096494e-02,-8.115457974091942750e-02,-1.116664286395850914e-01,-1.350143830966222813e-01,9.746863503174595100e-02,7.771062891987075283e-02,1.306620371225963861e-01,6.329880223399643457e-02,-1.306759886899067358e-01,-1.271100420208570170e-01,1.965124295017916523e-01,-1.746070145749085700e-01,-1.149308003849285470e-01,2.753839209828264425e-02
5.467966964988377754e-01,8.465522342487927232e-02,5.940367237008462031e-02,-9.866670540081061425e-02,-2.375118123438022533e-01,-6.424621615511548478e-02,3.946612521837465914e-01,2.266224877922468350e-01,9.812100828684508502e-02,4.361650461376570531e-02,6.991702406679418669e-01,5.643363406150947448e-01,0.000000000000000000e+00,5.195512480017410173e-01,9.592711388348640345e-02,-1.228835167781871379e-01,-1.577768037719474159e-01,-3.928327704229723355e-02,2.911681892930625959e-01,1.701125151359789700e-01,-6.655200460786700467e-02,-6.478531359195759121e-02,-1.152202951885219206e-01,-1.952815761216335488e-01,-1.679147800861679196e-01,-1.805201326792476857e-01,-1.811620243852181678e-01,-2.227710943908720320e-01,4.526545755845326480e-02,1.064032020861124667e-01,4.638528044280675056e-02,5.607570423064486831e-02,-9.095764783080913241e-02,-1.543293995629563542e-01,-1.397390520978324391e-01,-4.916684918265628451e-02,-1.461222826892096260e-01,-3.009084457664090717e-01,-1.517203435549643320e-01,-1.232030622640989392e-01,-5.931459484648183428e-02,-1.184890492962409475e-01,-1.065476364710167823e-01,-8.149898623548347543e-02,-3.181967695600888546e-01,-2.330534112334453345e-01,1.295350517289750591e-02,-1.831233379141825601e-01,-5.512362390448617699e-02,4.268257422160353504e-02,7.450284505507413779e-02,-7.367940091789072776e-02,4.062099205487658404e-02,-1.427592759853830995e-03,1.560211159583986262e-01,-7.931326541578778699e-02,-7.913162326624145759e-02,-1.043923068431934775e-01,7.479702748907253451e-02,1.280020600666077202e-01,4.505233603307051138e-01,2.134673289720255829e-01,1.335048870446796931e-01,2.260501100948958675e-01,-1.978467585940269780e-01,-2.371397675187513765e-01,-4.550154855791467279e-01,-5.486435285738345824e-01,-2.293751537717260772e-02,1.054685643996592335e-02,-2.242820310914136681e-02,5.300826936587621496e-02,8.499925988983750291e-02,8.789771494012983688e-02,1.914546535702032759e-01,1.418729788414282711e-01,1.951542400346021333e-01,1.581260009480899287e-01,-2.640920857404528976e-01,-1.474459655181305784e-01,-2.869327148141124217e-01,-1.298911578760010843e-01,-1.257100901677894178e-01,-8.729754146236047563e-02,1.504446919807537475e-01,-2.014889970533048358e-01,-1.736468232694780289e-01,-1.894185301990945203e-01,1.450745741273472278e-01,3.211432292486925133e-02,-2.320288475558655583e-01,-8.774832039762369166e-04,-6.643785377926830771e-02,-2.314860801322254219e-02,-5.821792043495667424e-02,-1.224706936825132458e-01,-6.836016341446576883e-02,-1.091736616430292184e-01,-3.149965614253533858e-02,-3.874037134382412196e-03,-8.422682225075629747e-02,1.120966718229749887e-01,-6.020342451527980338e-02,6.466317876027373110e-03,-1.759502865383461290e-01,-1.858592514508073112e-01,-8.655713888189549288e-02,-7.560827056611134356e-02,5.108697404519023377e-02,1.042708526385847656e-01,3.220991221173769015e-02,-1.248640023035627045e-01,1.324324417690193705e-02,-3.982060543240646677e-02,-2.342724169516780253e-01,2.529388155267383101e-02
