0.000000000000000000e+00,6.534779896685186662e-01,-2.018349403690171406e-02,1.461805255075540426e-02,-1.003863229767544898e-02,2.205896437022522305e-01,2.667359572431093895e-01,3.262454447950510067e-02,1.133952994583153628e-01,-1.082540062898794259e-01,4.742686605489836449e-01,2.246789444739020758e-01,3.350623792109158061e-01,1.560133955884134560e-01,2.864684174998459731e-01,1.027116323791472108e-01,1.925693474455561771e-01,2.549485389591669704e-01,7.051979626755493502e-01,4.736592074054694623e-01,-2.424097961112298416e-01,-2.529812700728517605e-02,-8.106029701167635770e-02,-2.453888015104472853e-01,-8.419597544072504602e-02,2.852722814669489404e-01,1.374606948182663102e-01,8.197312288485626708e-02,4.918212588148519471e-01,2.535179809244844651e-01,2.628449304784385432e-01,1.509724102611484653e-01,3.918682745610405083e-02,4.868249201412255811e-02,-3.646475409205112150e-01,-4.073560312589359356e-01,-3.027367410373328904e-01,-3.532661220364943233e-01,-1.568073385238823170e-01,-2.242419661234645589e-01,-1.003936473602760338e-01,-2.354432414602671553e-01,-3.186007568093275344e-01,-5.043469967915896746e-01,-2.872591530176745178e-01,-3.916352041070121359e-01,-3.359268685024863199e-01,-4.117305615755765813e-01,-3.551357347395218689e-01,-2.797212690118752176e-01,-2.106223932201568005e-01,-1.446967014781759819e-01,-2.109283635673845914e-01,-2.237566409029949077e-01,1.239648325021084361e-03,-7.176893331519529351e-02,4.263339342610337757e-01,4.909239101536906902e-01,7.820930302655439148e-02,7.507927890732823181e-04,2.299423104230622072e-01,5.402711603235353655e-02,1.910044526209616900e-01,3.283322672632889017e-01,-4.711002678076352604e-03,-3.293276095948846627e-02,-2.718671244359682770e-01,-3.374681991538456272e-01,2.526224120693975062e-01,3.211728312081934544e-01,2.393970526219290629e-01,2.320517871543409383e-01,4.899081307074234504e-01,3.186498408789157910e-01,2.000182475570473351e-01,1.807241928113348384e-01,7.516385683640904036e-02,-4.377734319328288604e-02,3.022034819787400850e-01,2.825641468070366757e-01,1.607117949955134961e-01,9.136156593876797183e-02,-2.043791951773773485e-01,-1.438921721977467205e-01,9.858395406311336838e-04,-4.104869487980271070e-01,-2.909359677052858473e-02,1.795564717761683193e-01,-1.578963504576138266e-01,-1.135255604290422438e-01,-1.055564906890851945e-01,2.992308976852828609e-02,2.172564403616626949e-01,1.077783617296761420e-01,1.060483112191855370e-01,9.081765625024350308e-02,2.268066266678661347e-01,2.025990145492823913e-01,3.730457806683477040e-01,1.607417921338814004e-01,2.730315914317831601e-03,0.000000000000000000e+00,2.899109262821445987e-01,1.347260129140517293e-01,-1.256004381523154190e-01,4.267870552152023753e-03,1.458946556580464904e-02,-7.045679677606914160e-02,6.840462137945681198e-02,2.423672347800869820e-01,9.008772243986683248e-02,2.496974731746230136e-01,-1.086731336473342885e-01,2.384823428611102802e-01,-1.863872607019771976e-01,1.173184928205047994e-01
6.534779896685186662e-01,0.000000000000000000e+00,-2.020885524219172280e-01,-1.048142626748688883e-01,-2.039528231877500708e-01,4.724353396913368308e-01,-1.744934783357368624e-02,1.348411432805520227e-01,1.008413531677176955e-01,-1.533686424054994495e-02,2.617248824918079753e-01,4.532778897430255749e-01,2.404127821458778569e-01,4.269270658230380766e-01,7.761201837176132101e-02,8.274638595788447182e-02,4.292520853031880912e-01,1.810843858656046301e-01,3.752753412423723289e-01,2.436948075680900327e-01,-3.632716353107222074e-01,-1.223108732429397105e-01,-7.034201733189653083e-02,-1.853487368060134366e-01,-2.330679325492407972e-01,3.560004446573896697e-01,2.385722117370769890e-01,3.010771638279663431e-01,2.960938536513366692e-01,2.681157349754360597e-01,3.788955519713997910e-01,2.096498980830268088e-01,1.373501835818929095e-01,2.399014754925961890e-01,-2.386126147979396039e-01,-1.991687460011672683e-01,-4.135964653902131638e-01,-4.244980281016671464e-01,-2.754023778045183724e-01,-2.062849550809330301e-01,-3.160958232240955734e-01,-4.334669250113008521e-01,-3.349415346002895255e-01,-4.775696113989991720e-01,-1.586767869133636488e-01,-2.890688170761275266e-01,-3.109264728146226564e-01,-2.306674944879859857e-01,-1.547033165989618597e-01,-1.200728723418180433e-01,-1.536174908976711551e-01,-1.103846693322625833e-01,-6.256239192070665867e-02,8.100697396249785520e-02,-9.527654333540919174e-02,-1.151755782725405637e-02,6.758453592531954435e-01,8.278909018036106904e-01,3.248970849166860630e-01,3.337846106861939721e-01,3.589647690848634665e-01,3.822278767539206701e-01,4.169851463190590302e-01,5.002252281525432220e-01,1.551276135537039691e-01,2.691734460837193477e-01,2.152749360285146144e-02,-4.822873213545033483e-02,1.907223641275635484e-01,3.908496930620525833e-01,7.152646652568324381e-02,1.732576214819145366e-01,3.335227738065767444e-01,2.788345150918166149e-01,2.287883063408880091e-01,1.687750138416642051e-02,-2.855052498229533331e-01,-1.235163488693293149e-01,3.162244731715250778e-01,1.113290462030213784e-01,-9.740715495782444056e-02,-1.371802252673931521e-01,-4.157630617232608849e-01,-3.535257740765623269e-01,-2.304721023549125281e-01,-2.705521685142340815e-01,-1.547631070952198706e-01,1.967261284545931410e-01,-3.210023778667606131e-01,1.523932748124212089e-01,-2.738806265804002993e-01,3.597138921521610133e-02,2.513390709293754632e-01,2.544444906446473031e-01,1.747249767272784082e-01,3.170310916540369228e-01,3.325040446000318561e-01,3.434658197921430789e-01,3.432645649761167927e-01,1.239525924770059490e-01,-2.537537994401604102e-01,0.000000000000000000e+00,4.678123709970535282e-01,1.887291786893635359e-01,-2.810715006792557924e-01,2.602957586980779447e-02,-1.565542850991081536e-01,-2.223344035807195071e-02,1.219852635898981269e-01,3.642924467329292648e-01,3.644609215016684778e-01,2.938308357926573966e-01,-1.663419776616046064e-01,3.899294594545330006e-01,-4.188060610885647184e-01,-3.129948138892753584e-01
-2.018349403690171406e-02,-2.020885524219172280e-01,0.000000000000000000e+00,1.834395158689314520e-01,2.118364617022981955e-01,-1.967597059534608728e-01,7.806471445499054695e-01,-4.628061507053139734e-02,8.763344639050725526e-02,-2.302246207849142079e-01,6.262870347105950475e-02,-3.090916204118884236e-01,2.330149303338956979e-01,-2.273288984328976359e-01,-1.477439687790439438e-01,-3.095053576034522136e-01,-2.080252167994327273e-01,-4.222267239084595003e-01,1.979134527120351150e-01,-1.205333437936031288e-01,-2.054724946961828114e-01,2.331828979606188901e-01,7.204476429298353191e-01,2.765202267293038196e-01,3.071185996681357611e-01,-5.864451436840985299e-02,-2.463580701671457540e-01,-2.739297979548632189e-01,-3.302769128348419514e-01,-2.531254423676956855e-01,7.363332681885019493e-02,2.449188384563995846e-01,2.808687971628223701e-01,1.666373825328052727e-01,3.509109841400472329e-01,-4.597720048024266787e-02,1.303599081093723411e-01,1.238737631840928360e-01,-1.598621557608204402e-01,5.982358387303365888e-02,-2.471883961604229851e-01,1.255184473393443703e-02,3.494309872368874664e-02,1.882392362543459929e-01,2.200800454899459746e-01,1.409014037222622029e-01,2.868091740324391070e-01,4.271271337575911486e-01,9.475296870926724901e-02,3.742195865130007459e-02,6.075979361555577940e-02,-8.338438904405737206e-02,-1.318606905414580477e-01,3.325312112610428472e-01,-2.475329383926148652e-01,-7.642541790291819057e-03,-4.430036576455744640e-02,6.450247307430730104e-02,-1.673777779990592574e-01,-5.429944397692412217e-01,3.665841068977870876e-01,-1.082066081457286333e-01,-4.198252879339696431e-02,-2.525216185481956588e-01,4.906917527770406351e-01,9.583885824177146295e-02,1.574067099616358878e-01,-1.305324927649167410e-01,-1.608832163866440457e-01,1.731603325715875673e-03,1.992008694821159609e-01,1.194065013095254590e-01,3.337693226283711123e-01,1.143631458643477178e-01,2.184504625185373361e-01,2.504127360176037209e-01,2.683651202165065475e-01,-1.393600597857573009e-01,-2.749162447047044933e-01,-2.930855115218836127e-01,-2.204750829708007343e-01,-8.480578740586218467e-02,-1.757978454265646806e-01,-1.915632948469461194e-01,-1.123949562766749927e-01,3.535914933115086312e-01,-4.281378534244140166e-01,-2.221959624000034161e-01,-1.383750025090957070e-01,-3.956485024944379064e-02,-2.218297360246273831e-01,-1.731406358944845014e-01,-2.815635442784965581e-01,-1.631044191534706533e-01,-4.636342751066576118e-01,-3.198644122529445410e-01,-3.759462100317053634e-01,-2.764517266358662018e-01,-3.831980518517749124e-01,-1.850599770371361974e-01,-1.234947507864812138e-01,0.000000000000000000e+00,1.998500685095784823e-01,-2.109378467390037037e-02,-2.250759775168725135e-02,8.024999641940606943e-02,-5.226173622063963464e-02,-1.638358695657191055e-01,1.286880768548552267e-01,-3.045123166587244135e-01,1.569848422125616483e-02,-1.742732629459130544e-01,-2.048737057762545222e-01,5.706327234489261269e-02,-3.003735924491135814e-02,-7.601493638036840861e-02
1.461805255075540426e-02,-1.048142626748688883e-01,1.834395158689314520e-01,0.000000000000000000e+00,2.891772750741135045e-01,-2.566827028437390079e-01,-1.135244663663586839e-01,3.609211090407772327e-01,-2.905558636071043366e-01,-1.476754169094937341e-01,-4.364825844008649036e-01,-1.305635984969474028e-01,-2.673725162270184086e-01,-1.381244778777993287e-01,3.497622848454544631e-01,2.401833646744292172e-01,-5.872891904061060542e-01,2.837239334346915443e-01,4.284859895032780419e-01,5.487324637104348257e-01,4.158167998181023228e-01,1.429029807657224427e-01,2.762334064233992748e-01,3.534832305757694138e-01,4.441393097954585700e-01,3.410853892008342686e-02,-2.907003309177946110e-02,-5.988430243277372694e-02,8.683580555507239285e-02,1.204269603857794930e-03,-3.854399127570650729e-01,-2.157897459837365139e-01,-2.331494654210873596e-01,-3.114986247234144412e-01,-1.601433174774193058e-01,-2.732078686992587824e-01,1.991757090478928349e-01,6.945884321261919236e-02,1.958850276444140115e-01,6.872800559437818035e-02,5.153946188117422000e-01,3.226599544130632213e-01,3.014587229305835669e-01,2.264134433244554823e-01,-7.653176999877169158e-03,1.990906090298287801e-01,-2.924797520645930349e-01,-2.920665323135518965e-01,-6.756511013269268784e-02,-7.941902693746850928e-02,1.422493481686883665e-01,-1.051404076488204470e-01,-2.060655071424799534e-01,-4.082794650261433733e-01,-1.414347650918424890e-02,-5.269336269186990496e-01,-3.266290273212691386e-01,-1.444739547859580364e-01,-5.772997188674677815e-01,-4.810729969155877472e-01,-2.582126851872471596e-01,-2.838280433237330702e-01,-4.603031284345273644e-01,-2.063657373140597162e-01,-1.803634793382839496e-01,-1.035682755947640171e-01,-2.975662194007070993e-01,-2.055012895263173545e-01,3.993845722837298107e-01,2.228355791408359876e-01,-3.440320276186931842e-02,-6.085109974618393980e-02,2.612084199814204699e-01,4.751139976606966187e-01,4.343768952565645047e-02,1.318030190592845707e-01,1.904436664827692804e-01,1.152621887217835789e-01,1.111701232077297596e-01,3.780334751884275035e-01,4.901417358871237862e-01,4.502135210878223104e-01,5.087217817989182489e-01,-1.826490606882230638e-01,5.924904480854956690e-01,9.964525219571615522e-02,1.572799104037790885e-01,-5.236643083716451263e-01,1.589246899705722138e-01,-5.657244098566484025e-01,-6.043614238205899380e-02,-2.217730810233373984e-01,-3.230127184221382453e-01,-2.545566922291381262e-01,-7.889698934966227206e-02,-4.414389312985810832e-01,-1.473940104533698059e-01,-5.664689693824241923e-01,-1.012619843439214046e-01,-1.326396585534182215e-01,3.392408253355869152e-01,0.000000000000000000e+00,-3.596929321408889879e-01,-4.051187748405721822e-01,-8.208327896834134718e-02,-4.270229769476842629e-01,-2.256858128245989858e-01,-3.342949923560606940e-01,-4.276833616579130970e-01,-1.625844320805514553e-01,-4.750746581958000814e-01,-3.364658580760346851e-01,-1.024218650458044028e-01,-3.638388091988058459e-01,1.269158808086193538e-02,2.932094105276918453e-02
-1.003863229767544898e-02,-2.039528231877500708e-01,2.118364617022981955e-01,2.891772750741135045e-01,0.000000000000000000e+00,-2.226749116813828699e-01,6.657182191678592820e-02,7.116050841673166039e-02,3.464159472627511005e-01,7.692838201939848630e-02,-1.026361279382516645e-01,-1.551618906963911360e-01,-1.982494783526388693e-01,-4.515166089062525590e-01,-4.983292755303123100e-02,-1.219602197714768910e-01,-3.592615106725873253e-01,-1.580832913511228677e-01,8.103068657281509157e-02,1.578919200187466343e-01,-2.103871441581180168e-02,7.527382502221531546e-02,4.034829857413273213e-02,-6.560766899368594696e-02,4.445773031806533604e-01,-3.236922640691217157e-01,1.041952001925734901e-02,-7.348838920096845140e-02,-1.860486252872822210e-01,-2.814776394777342983e-01,-4.531246607498115031e-01,-2.060590037009268627e-01,-7.715465280026849448e-02,-1.361116569000805909e-01,-1.722786328753841967e-02,-2.385210680916364512e-01,1.821307530837447675e-01,1.886253706043502232e-01,-5.580042241643663747e-02,-6.914301465327851726e-02,6.871630133266995455e-02,2.242741003687875323e-01,-2.406027724406532842e-03,2.498253251693266508e-01,-5.054262469027376303e-02,1.063386945077483409e-01,1.856741963916633265e-02,1.832658680696055281e-02,-8.235338609850834102e-02,1.915254677962590843e-02,5.588228166649877870e-02,4.484066306270360902e-02,-2.104184939221966782e-02,5.853214232576033071e-02,-1.573576042258000574e-01,-3.225402042479529330e-01,-2.370698241229765857e-01,-3.082178235034259695e-01,-3.110469326305807525e-01,-3.218250597580322725e-01,-1.895111289701636170e-01,-2.615057105296873519e-01,-3.613102394136460949e-01,-3.199903210577527690e-01,-2.216256713421449753e-01,-1.920439667660052419e-01,-2.734333321176276588e-01,-2.540573884594798382e-01,1.457658821654950199e-01,8.177362048281774931e-03,1.356626580490057632e-01,2.955962982921426785e-01,-2.125136193698813625e-01,1.358517533104345587e-01,-1.052598332505545048e-01,9.170783290960951573e-02,2.650289988787622453e-01,1.577784401484442767e-01,-4.117031868767161984e-01,-9.119016682151047382e-02,4.381712905561448157e-03,4.764430745035442422e-02,1.892653027572257229e-01,-1.501975969457588003e-02,1.229290974683535792e-01,2.372001228835515785e-01,-1.253592943966175544e-01,-4.920396134889123418e-01,5.982735449358047436e-02,-1.467955700402915065e-01,1.190633358580288348e-01,9.895442190877212774e-02,-2.894552917436374329e-01,-2.124644350378429927e-02,-3.275949769570178360e-01,-3.950127958100152492e-01,-2.097710208145722177e-01,-2.923434870177289979e-01,-4.023881670742845973e-02,7.504051732727184953e-02,1.537571179712970693e-01,0.000000000000000000e+00,3.923068063202857225e-02,1.361005290898943329e-02,1.066703894474101688e-01,7.733206641419509975e-02,3.394297113175282626e-02,-7.439113655159527994e-02,-1.805031300091125557e-01,-3.887086678644144366e-01,-1.746090445324822438e-01,-5.202376300319287022e-02,2.016522035040295147e-01,1.364959210712361759e-01,5.901949962641838132e-01,2.274906407697731281e-01
2.205896437022522305e-01,4.724353396913368308e-01,-1.967597059534608728e-01,-2.566827028437390079e-01,-2.226749116813828699e-01,0.000000000000000000e+00,-1.088680157837211282e-01,1.936549937520553877e-01,3.152477034681703816e-01,3.648253450353755589e-01,4.403042234536675426e-01,3.297598970788228057e-01,1.006825371336762670e-01,3.683720277368105478e-01,5.279641712961153505e-02,2.980613521836322222e-01,4.798001169307626879e-01,-1.103448927840757349e-01,-1.423469644754727509e-02,4.959429990956515377e-02,-2.226922026617839945e-01,1.964382000584725171e-03,6.827800577531280279e-02,1.745981821301858250e-01,1.082280346542826982e-01,3.994679472071575033e-01,6.691006601577736967e-01,5.174929404397129451e-01,8.677310198163609711e-02,1.968029519251923987e-01,5.106337484921987802e-01,4.274945076830570789e-01,1.339694655658376088e-01,2.547734847342619791e-01,1.729162949946307370e-01,1.338037093818620904e-01,-2.686213618689010652e-01,-2.278606817831479170e-01,-2.737361406448224344e-01,-1.922872673747462458e-01,-4.152765722409877958e-01,-4.287595716410513291e-01,-3.774494831813039464e-01,-5.572000351757872005e-01,-2.083162435269712010e-01,-3.599524272735110109e-01,-3.603020595401793535e-01,-2.959666264064043095e-01,-1.766120853389288314e-01,-3.134532242537242941e-01,-2.980917781487934515e-01,-2.862697246177641208e-01,-9.293077618142862872e-02,8.241296768226809288e-02,-3.963246508867802054e-01,-2.413000704082917947e-01,6.539292537959431328e-01,6.400907306826005838e-01,9.755155735728762711e-02,3.190113608554987490e-01,3.585552985433364537e-01,5.156920687042086948e-01,4.824076170047177925e-01,3.779164630163265315e-01,3.414682705279900032e-01,4.955551500271348497e-01,2.166391864873669637e-01,6.464386777381822546e-02,-1.801087353799380453e-01,3.702803877056228682e-02,2.785701908657852721e-01,2.210597902090151445e-01,4.645961453669182617e-02,2.789507989915747041e-02,-1.102214817210284657e-02,7.023696505926704803e-02,-1.792402577355722282e-01,-1.182662716918626844e-01,2.541847122496411204e-01,-1.223376579467058967e-01,-2.221163131793668088e-01,-3.616919680307754126e-01,-3.417166165279925671e-01,-8.859034875330897008e-02,-4.492856698880156041e-01,-4.056975071389964937e-01,-6.957704003834447315e-02,4.000306004112926250e-01,-4.202603531650210833e-01,2.293670454927503044e-01,-3.324974781792879863e-01,-3.036840302991682949e-01,-3.771805837852974796e-02,-1.365275090961704518e-01,1.223127746742874999e-01,3.939073822435285588e-01,2.308721684846704592e-01,3.046552669284975923e-01,-2.488177492565694232e-02,-3.017428032130285431e-01,-3.975771089686666038e-01,0.000000000000000000e+00,3.238408768582049513e-01,1.195680243691308320e-01,-2.883893987643785795e-01,-2.530059945689146911e-02,-7.138181292150576340e-02,2.250902272346644029e-01,2.487202092658988006e-01,3.024102070478071336e-01,4.697414615729659237e-01,1.912091756302005396e-01,-5.366272319694366244e-01,1.561519381245521365e-01,-4.567867300994701840e-01,-4.198848406544783418e-01
2.667359572431093895e-01,-1.744934783357368624e-02,7.806471445499054695e-01,-1.135244663663586839e-01,6.657182191678592820e-02,-1.088680157837211282e-01,0.000000000000000000e+00,4.996295200809648673e-02,2.329953619277958798e-01,-1.058346039360424096e-01,4.392679757808152230e-01,3.885288795635081019e-03,4.742801949278223073e-01,-7.071239654663275843e-03,-1.147931231946518887e-01,-3.062502051270514780e-01,6.326401529579581129e-02,-4.386737453903085115e-01,2.181816191683857709e-01,-2.078010091652126856e-01,-3.460871396898732577e-01,2.549446737734150648e-01,5.579973501310083739e-01,1.078355348486160492e-01,3.627690903232744929e-02,-1.144963768926151731e-01,-2.802178684319390767e-01,-3.652193907924953242e-01,-1.631991322560611690e-01,-1.107599232609848550e-01,2.596535912408989288e-01,3.214104028092115151e-01,4.384855086759569809e-01,3.325366911939554582e-01,3.021085795499741100e-01,1.600461601900437375e-02,-7.841204544769964438e-03,5.073611213527226549e-02,-2.017285691566081118e-01,2.498354458337527853e-02,-4.858975437836084432e-01,-1.791276999598618302e-01,-3.175103402695925725e-01,-1.599869903514416214e-01,1.784646177190711211e-02,-1.776793963267684351e-01,2.484513507605174421e-01,3.463631033027152473e-01,-1.006657135991347873e-01,-2.237068043943724882e-01,-2.455077178033908125e-01,-2.922480827106874735e-01,-2.606500606613528226e-01,2.205577756318531091e-01,-2.387662242515543320e-01,2.093692666410355285e-01,1.257992074191442433e-01,1.818801206036939344e-01,2.814888284965356632e-02,-3.343033242853095666e-01,5.962532504560856816e-01,1.834472459052212956e-01,2.008841858657294532e-01,-5.364134843543204995e-02,5.717239045612448889e-01,2.131534514013374015e-01,1.080889801359505298e-01,-1.818872650379910194e-01,-3.057051016112981023e-01,-1.440708114294829423e-01,3.624195727797013822e-01,2.856781200544555865e-01,3.653985970140219974e-01,9.085711378429171814e-02,3.383597811231628949e-01,2.598319063390004957e-01,2.839250505649965062e-01,-1.283847502925400119e-01,-2.091759025218357937e-01,-3.468410204045945244e-01,-3.940931877052044618e-01,-2.638601472663498759e-01,-4.142152809997021179e-01,-9.177641029091465619e-02,-3.086409798891009415e-01,1.142670533236267161e-01,-4.292983700047777740e-01,9.103524026620377074e-02,-1.604062779997796062e-01,1.128820987662033093e-01,-9.343985535095405970e-02,-9.396174466430341765e-02,2.710856760032376300e-02,-1.365661887369571115e-01,-3.546656900089342757e-01,-5.422710950365167148e-02,-2.369160361785638547e-01,9.008035327650161517e-02,-1.620700724395287007e-01,-2.147513845054693955e-03,-1.847744075926941454e-01,0.000000000000000000e+00,3.664595423550542352e-01,1.484557437071802877e-01,-7.556671484109754588e-02,3.090891239990069539e-01,1.451739939310900673e-01,-1.416207757840250679e-03,4.160517822565171220e-01,-1.618411212185096593e-01,2.822020426762045231e-01,5.280326472154509010e-02,-1.729429856884666661e-01,2.368136660604864829e-01,-1.287792421018802980e-01,-7.249343707209685017e-02
3.262454447950510067e-02,1.348411432805520227e-01,-4.628061507053139734e-02,3.609211090407772327e-01,7.116050841673166039e-02,1.936549937520553877e-01,4.996295200809648673e-02,0.000000000000000000e+00,-6.484065975751528155e-02,1.385833638526549061e-01,3.340270260588936585e-02,4.986646439672537401e-01,-2.888942025448265061e-01,3.509022807840989633e-01,-1.481076198099111618e-01,-1.699164628603469229e-01,1.151549141704512058e-01,-3.742519455046982007e-03,-1.053875286875589901e-01,1.811158833883318720e-01,-3.507858963160358501e-01,1.529504288093946618e-01,3.426057891297215052e-01,3.862195276885228012e-01,3.235528634017337257e-01,2.276584432689001194e-02,2.078333069833532276e-01,-1.579592606691983953e-02,-4.458040382328779666e-02,6.487354198600561728e-02,2.408309921577063695e-01,2.235669818853989188e-01,3.314614083294111779e-01,4.093351876922891042e-01,2.090815149931349870e-01,2.041222841271786437e-01,-1.186966354947624064e-01,-8.634795541332752900e-02,-2.767350325217207696e-02,7.990223724487209578e-02,-2.951203648057190709e-01,-1.317206412921057834e-01,-2.662342369660930519e-01,-2.115446393586052631e-01,2.761342828025924179e-02,-2.628862553689344239e-02,-1.869921994315053848e-01,-7.367202716055966383e-02,-5.458181600133719252e-02,-2.965871171764921654e-01,-1.823064007758553873e-01,-4.425822540636588642e-01,-2.881215700047641270e-01,-1.838272180557040947e-01,-1.374601661923271489e-01,-8.773722081747545309e-02,2.067549456218315262e-01,1.961442691501568414e-01,-2.545395214736844713e-01,-4.648378836293388591e-03,1.823654515008850951e-01,6.027493280849428592e-01,3.149850474260199040e-01,2.923748116792043716e-01,3.816217709821970866e-02,4.235990277157711814e-01,7.856043999742959305e-02,2.165836010441440640e-01,-1.862828086022819407e-01,-9.421056752925345557e-02,1.759846472742939150e-01,2.195888099286316675e-01,9.561645240915254973e-02,5.419259368931927945e-01,1.847487586023419670e-01,4.381677822026021629e-01,-1.358281523237959421e-01,-4.994050303761089077e-03,1.128804635734715622e-01,-1.359825204190980574e-01,-1.302089519147437147e-01,-2.564308171140602388e-01,-2.547068864925376985e-01,-2.356147565040096481e-01,-2.523447751759114732e-01,-1.646877090242880037e-01,-5.523087825861872774e-02,-9.497055524294628626e-02,-4.456988100517079304e-02,-1.343519958221072591e-02,-1.690504074661678124e-01,-3.108656046810380769e-01,-3.665996453006685474e-02,-1.297045160377919837e-01,-1.599321122631479353e-01,5.097693433979327143e-02,-1.408727319771857778e-01,-9.320136388396879634e-02,-1.171062654637026745e-01,-1.538544517481271190e-01,7.610814857805960065e-02,0.000000000000000000e+00,2.273216280302105541e-01,2.956478959630105645e-03,-3.005311493874421314e-01,-7.153938058045936077e-02,-1.174332572087963822e-01,-5.095430628591150063e-02,2.120844031200454782e-01,-6.894032515519184223e-02,3.124457453685040575e-01,-2.307942043227759199e-02,-1.220243869187905283e-01,2.887190348199943357e-01,-2.748973447640016277e-01,-4.561150814496519601e-01
1.133952994583153628e-01,1.008413531677176955e-01,8.763344639050725526e-02,-2.905558636071043366e-01,3.464159472627511005e-01,3.152477034681703816e-01,2.329953619277958798e-01,-6.484065975751528155e-02,0.000000000000000000e+00,4.675602307138397307e-01,5.703302753721199991e-01,3.755699597748147767e-01,4.848687871288103746e-01,2.638015652982139692e-01,9.856596845956926145e-02,1.540304066392158000e-01,3.162802183181105953e-01,-2.902479506299421863e-01,-1.340056780753173110e-02,-2.300713404712209920e-01,-2.450338540247538888e-01,-3.173016415770234522e-01,-1.017429445887063078e-01,-3.234237955114092067e-01,-5.138445947679966957e-02,-1.212652820615860855e-01,2.018820482900026969e-01,1.705250801370131186e-01,8.418648516100905865e-03,2.167780782175620369e-01,-4.494071085166737034e-02,-1.012425255425219994e-01,-1.319923434498429526e-01,-1.080153169871042179e-01,-3.443152620857692185e-03,-7.104897560371313536e-02,-2.991685900222449401e-01,-2.957247040076649292e-01,-4.536996454449107041e-01,-5.690050722467770994e-01,-3.457410220364059428e-01,-4.904913876610640933e-01,-1.049511588711481841e-01,-1.518470190470346814e-01,-2.091353236211351482e-02,-1.032308635044297540e-01,6.766614663718728551e-02,7.553859446634773878e-02,7.085876007953514910e-02,2.499769767050119204e-02,-6.342496623256407839e-02,-6.317627784129283344e-03,1.856875840521321208e-01,3.004725755783286267e-01,-4.024044775358950887e-01,-2.234691994940555260e-01,1.966630480142596005e-01,7.245997968318712568e-02,1.514337064588079096e-01,2.069238586286989978e-01,1.381317696536267792e-01,1.645664378681976625e-01,2.541549273972024681e-01,3.353345264353971289e-02,2.135901249064260932e-01,2.070789259905309321e-01,2.997856345705281547e-02,-8.499423457716896724e-02,-4.009402368071669082e-02,-3.600589948757446646e-01,-3.809517387360374790e-02,1.345143763961525740e-01,-1.968170424497805993e-01,-2.863923358101983507e-01,-1.444445002832495384e-01,-1.738452277462006201e-01,-5.120813577468851657e-02,-1.592296291241181161e-01,-1.334614579152697822e-01,-2.207642011459402809e-01,-2.687568936621125282e-01,-2.845150079553697697e-01,-3.417884069153936943e-01,-2.829862616709377110e-01,-2.142074542813080518e-01,-2.358022511610317618e-01,-4.504767704821733831e-01,4.258096332747946661e-02,-3.405124498517482778e-01,1.350303049221405760e-01,9.426255079440153117e-02,7.330831095764264727e-02,-1.115306807418538076e-01,1.530087198138683005e-02,1.146845554062327216e-01,3.690893708416680963e-01,2.530042542012566620e-01,3.163102450950295297e-01,2.871920751106524575e-02,-8.256761186228188387e-02,-4.520781447062457437e-01,0.000000000000000000e+00,3.694925428455523297e-01,9.841763151251338437e-02,-9.807304255610031773e-02,1.934254561942100048e-01,-5.631836145914034808e-02,1.099377486155111716e-01,7.337056744904153771e-02,2.661652623964362308e-01,2.809798042859353862e-01,3.596657593954213916e-01,-1.310684945111145749e-01,3.807295993295398695e-01,5.325084341328132492e-02,-1.163456651782308338e-01
-1.082540062898794259e-01,-1.533686424054994495e-02,-2.302246207849142079e-01,-1.476754169094937341e-01,7.692838201939848630e-02,3.648253450353755589e-01,-1.058346039360424096e-01,1.385833638526549061e-01,4.675602307138397307e-01,0.000000000000000000e+00,3.406902299637616927e-01,3.872340635677270493e-01,2.406020185906776743e-01,3.241018970983485792e-01,1.827508746206026602e-01,4.175485866342423247e-01,6.128355038560635848e-02,-1.382554703385451556e-01,-2.463823052921888246e-01,-3.267280033300746789e-01,-1.139104439255210488e-01,-3.613892765068482116e-01,-2.362787547599947691e-01,-2.266158453474416967e-01,-3.616556350625883126e-02,-1.930575042174902155e-03,2.605601163235352624e-01,2.502058864798011872e-01,-2.121859131700482709e-02,1.959660175244498370e-01,-2.458285803849368789e-01,-3.515945082767016339e-01,-2.720636723457439676e-01,-2.109242389124880435e-01,-2.436877626205512237e-01,-1.307272316755044572e-01,-3.037909931132884434e-01,-2.545322218029861250e-01,-3.891953074365663845e-01,-3.803788386941547861e-01,-2.088690486393255663e-01,-3.373532788459832066e-01,-4.142391402043825444e-02,-1.457040752278151163e-01,-8.877778451552327532e-02,-8.212316879993360186e-02,-9.015584491357236940e-02,-8.904009847923161081e-02,8.406665460841075688e-02,1.161889168784715348e-01,1.949145703024522322e-02,1.731475108094257254e-01,2.464152518679675608e-01,2.257708663389321191e-01,-3.122379142823175635e-01,-9.681026110537821472e-02,-7.890942617990161223e-02,-1.144187240552800994e-01,1.700035239764289552e-01,5.066454170290867198e-01,-5.662568497220883679e-02,2.188941942915019201e-01,3.717286475499654436e-02,-1.320293274173927472e-02,-1.934867832028980619e-02,3.061847035292208918e-01,3.811250834318967440e-02,4.816425733770501177e-02,-1.335857509988433722e-01,-5.006771789877266787e-01,-1.587999494458577077e-01,6.199048054097266308e-02,-3.611287963575888216e-01,-3.019226744123839623e-01,-2.874412002608285333e-01,-1.791526696642206928e-01,-2.890532832104233951e-01,-5.717212821276232426e-02,-1.049088304831727603e-01,-7.803635967196115297e-02,-1.832311597252234969e-01,-2.230099799083715695e-01,-1.579334695097348584e-01,-7.714447942080653042e-02,-1.023532493753507439e-01,-6.035239840221168217e-02,-2.919664337389919484e-01,1.736461344570257581e-01,-1.999569398114383334e-01,2.638585598453346281e-01,3.933178924466315673e-01,1.869418522902437374e-01,1.279929538138417922e-01,1.037519621301560141e-02,1.926678589804156905e-01,3.157194136612381241e-01,2.331770944344598029e-01,2.989201847977648874e-01,1.806056673275066859e-01,8.238073345917443224e-02,-7.216620406282217570e-02,0.000000000000000000e+00,1.104154520837631465e-01,-3.281522079145814813e-02,6.669530517765771827e-02,-4.175970761705438683e-02,-3.903590308328897668e-02,3.013112272088406263e-01,-7.555357178304963894e-02,2.597780183999977566e-01,2.287329440200018271e-01,3.184147479252264490e-01,8.112776972973119449e-02,1.273565513188540943e-01,6.829359539130459844e-02,-1.029702798797271779e-01
4.742686605489836449e-01,2.617248824918079753e-01,6.262870347105950475e-02,-4.364825844008649036e-01,-1.026361279382516645e-01,4.403042234536675426e-01,4.392679757808152230e-01,3.340270260588936585e-02,5.703302753721199991e-01,3.406902299637616927e-01,0.000000000000000000e+00,4.449277687596032149e-01,6.684570421605112722e-01,3.496555644635728211e-01,6.155882734505224024e-02,1.760998001184969075e-01,4.716869093494527876e-01,-2.488353544010601937e-01,2.214733238898004553e-01,-1.051672398552864207e-01,-3.641739769845307451e-01,-1.783831943229995387e-01,1.475565750218999633e-02,-2.618332889045678069e-01,-2.377704925311000528e-01,2.876457623125217716e-02,1.085770056329438682e-01,8.419699405720831864e-02,2.132768692977606850e-01,2.713920646185042918e-01,3.352820689332078885e-01,1.892190484305164566e-01,5.892176952220597175e-02,1.156755257305643325e-01,1.607937252861871627e-02,-3.610815373170664583e-04,-3.366833291656585736e-01,-2.675854262368151382e-01,-3.809822720350787284e-01,-3.391065989854168961e-01,-4.450025612236457317e-01,-5.031866569578140602e-01,-3.645050369028112747e-01,-5.233478817450299969e-01,-2.881035781312972222e-01,-4.784511473740966081e-01,-2.443088099512051581e-02,-8.384982772993361533e-02,-2.557414582454910490e-01,-2.192138660214337509e-01,-2.791539102983443543e-01,-1.389893538670515793e-01,-7.630480185119762650e-03,1.867430808345647564e-01,-2.637605720510181051e-01,7.772661162083023545e-02,4.197207723078052455e-01,2.954555779151073480e-01,2.658446612558731381e-01,2.735727339732339503e-01,4.281068562024648028e-01,3.628468181123767344e-01,5.096106219127953807e-01,1.997695897904277484e-01,2.147837063399060387e-01,2.372168249954840491e-01,-8.792772383480271237e-02,-2.501134457982944759e-01,-2.271522675351745624e-01,-2.443942665214862975e-01,2.685337868103638281e-01,3.067996288074194000e-01,2.387590850652697161e-01,-6.933375933012982106e-02,2.257708635560923965e-02,9.679049463661465458e-02,3.178998539341276741e-02,-1.738520142013010861e-01,-1.356746284038805100e-03,-1.909142027972912936e-01,-2.974452715527746705e-01,-3.428123729490908378e-01,-5.168372089316533025e-01,-1.234466087998988409e-01,-3.762799261826220709e-01,-3.200383089409029602e-01,-3.821773525499019275e-01,4.169692658585925638e-01,-3.073158439309358059e-01,3.460103132190360253e-01,9.319264886657750713e-02,-1.274044871463984041e-01,1.412621151623428828e-01,-1.510777847338655722e-01,1.098759329856349720e-01,3.913833605971575591e-01,2.418016375349884839e-01,4.542659273470407988e-01,1.568910547513992504e-01,-2.227993499379846837e-02,-3.218046106296827413e-01,0.000000000000000000e+00,3.913842168833861490e-01,5.508926656898337909e-02,-9.303925312845441609e-02,2.850419809372721214e-01,1.473600795956428178e-01,2.071930910885679267e-01,3.581773531850384051e-01,3.007990986690372015e-01,4.340611147323269470e-01,4.300624050493442874e-01,-2.550630623658041718e-01,3.693467374490976840e-01,-1.419833505331249413e-01,-7.104304000536822150e-02
2.246789444739020758e-01,4.532778897430255749e-01,-3.090916204118884236e-01,-1.305635984969474028e-01,-1.551618906963911360e-01,3.297598970788228057e-01,3.885288795635081019e-03,4.986646439672537401e-01,3.755699597748147767e-01,3.872340635677270493e-01,4.449277687596032149e-01,0.000000000000000000e+00,2.950387968450261522e-01,7.789062777256533510e-01,1.214569561791030844e-01,2.400222374488146515e-01,4.796746777231380432e-01,1.878364406177776835e-01,-5.471834715471870364e-02,-1.022956123717781302e-01,-3.933818069129035311e-01,-3.438393100106555966e-01,-1.389287955125960428e-01,-1.225756115278827107e-01,-8.380037820128752313e-02,2.745471397281203929e-01,2.616323285726661618e-01,3.505857599164973748e-01,2.690804470611694588e-01,5.890401062258281417e-01,2.272135821671136535e-01,-3.661568524653383006e-02,3.902146441815510652e-02,1.570786373519703349e-01,-1.615772745199755556e-01,2.114715589237815829e-02,-5.924776269611081725e-01,-5.310496907028987579e-01,-3.446573917865239922e-01,-4.087765123075305373e-01,-4.029900898667431730e-01,-6.406787987915882887e-01,-1.800481244294147853e-01,-4.226217288034679886e-01,-8.988472352853123237e-02,-1.968830897452188144e-01,-1.023511107551511867e-01,-7.704524505327073336e-02,-9.832149979274920626e-02,-8.642491468098470464e-02,-1.954632568216673749e-01,-1.536843517810791704e-01,6.574157694548395103e-02,1.154763256692406675e-01,-1.034165544448526902e-01,7.169142377404379152e-02,3.245950846576601267e-01,3.282767089018741591e-01,1.415791623096130103e-01,4.840011776105379582e-01,7.951631976604621455e-02,5.168661899095148282e-01,4.897494358552256788e-01,4.842133077575737632e-01,6.941662857468502978e-02,4.337504116603665971e-01,1.152221174466292325e-01,2.048574583227907309e-01,-4.389015434532640009e-02,-3.043247677307270860e-01,-9.506633420276147661e-02,1.054702984367284352e-01,8.330865135567894209e-02,6.293950238168921629e-02,5.726679190337494174e-02,-1.215247129775339080e-01,-3.790517411790289559e-01,-2.335610214148272634e-01,3.075650997546920951e-01,1.104371434059321644e-01,-8.579065046845148201e-02,-1.609960999671050108e-01,-5.564299288274060507e-01,-4.359967209724326942e-01,-2.257553349407598886e-01,-3.153616427690823509e-01,-3.306682212536716792e-01,1.776814979917773762e-01,-2.729975656923549487e-01,3.026136309158762305e-01,1.462915504044540529e-02,9.528072804791640205e-02,2.996706626423464859e-01,2.303141197480700064e-01,4.276208719034407246e-01,6.339769461727303712e-01,4.623745461135316814e-01,4.576684612072381975e-01,2.894053965048916099e-01,7.317283391274871651e-02,-2.214223566290675904e-01,0.000000000000000000e+00,4.598816560809121934e-01,1.621020673847055615e-01,-2.428090143760421871e-01,2.309057671239846121e-01,-1.310053396017705207e-01,1.666795235688522947e-02,1.556987950315436575e-01,5.633839397119189130e-01,3.925953650565133790e-01,4.672274264809706534e-01,-7.500282310442522860e-02,5.502984939233256378e-01,-2.083399451485039577e-01,-3.053586679781421509e-01
3.350623792109158061e-01,2.404127821458778569e-01,2.330149303338956979e-01,-2.673725162270184086e-01,-1.982494783526388693e-01,1.006825371336762670e-01,4.742801949278223073e-01,-2.888942025448265061e-01,4.848687871288103746e-01,2.406020185906776743e-01,6.684570421605112722e-01,2.950387968450261522e-01,0.000000000000000000e+00,3.942698262208635396e-01,1.775600837650185282e-01,1.715963253031680125e-01,2.954691829649395696e-01,-1.566777938199240272e-01,2.878491326964595642e-01,-2.428046178801467059e-01,-2.039415128168223235e-01,-2.555439187579960358e-01,-2.860532780343694181e-02,-3.333816726138602027e-01,-4.686886416387323617e-01,-1.474411715980125659e-02,-2.863381721684776782e-01,-9.110038214799767720e-02,1.314848776615215320e-01,2.532857416588283339e-01,3.660029926484789642e-02,-9.654036351974186470e-02,-9.678302060133155138e-02,-9.578039969206396387e-02,-1.027258113828867780e-01,-1.596516677466268130e-01,-3.088837389911657794e-01,-3.438951358287927751e-01,-4.527616026040612862e-01,-4.027795194398592904e-01,-2.235728672657633920e-01,-4.377015488530935916e-01,1.520129834599260807e-02,-1.987693989546327200e-01,-1.099859896327998743e-01,-3.001595005190327292e-01,1.949275162617694068e-01,1.426323059028228590e-01,-2.419974262962807862e-02,1.180323946441929478e-01,6.476498864894335294e-02,1.721783746049087571e-01,1.638437099006752606e-01,3.575440166544406329e-01,-1.581658707050332957e-01,1.655201924728565421e-01,1.937370715232825946e-01,1.710235186486470660e-01,4.428953226490680573e-01,2.183607366668076366e-01,3.687731685297912509e-01,8.867387949584447371e-02,2.027934393274231362e-01,-2.411512917103323609e-03,2.774131507528145857e-01,9.343883340249678482e-02,-3.086066763479027378e-02,-2.745203785037381161e-01,6.516374769641631801e-03,-1.977153620517218269e-01,4.926005799188567374e-02,-7.460568245768345666e-03,2.187985781555194797e-01,-2.325677357101298415e-01,-1.628526213156378938e-02,-2.466285102794573969e-01,1.260756287761802263e-01,-7.632810398415933173e-02,4.788172767767531757e-02,-6.045490174247501042e-02,-1.051706748934730096e-01,-8.145861658384079274e-02,-3.676076136444495490e-01,-3.169792530278866538e-01,-5.506387107786667179e-02,-9.455026255490096843e-02,-5.197626277878644174e-01,2.146634287728249879e-01,-3.387517957726285389e-01,2.338961692804847337e-01,1.365915851707249495e-01,7.869054140993683721e-02,1.599279990489202719e-01,5.045683950158279252e-02,1.569086298902380161e-01,2.396644210417393228e-01,2.295252272757533907e-01,3.121608389026049868e-01,1.511700016866035223e-01,4.816434544923294675e-02,-3.435788921853359934e-01,0.000000000000000000e+00,3.283768117893713923e-01,-1.088507069604823102e-01,-5.128043062370216815e-02,2.064198121889041504e-01,-1.747254608350963523e-02,-5.265484939878339182e-02,6.456752880879983170e-02,3.161973634593143179e-01,1.790869730738536281e-01,3.125942173639319477e-01,-7.352175709897622313e-02,2.160839554759764192e-01,-1.995139685822032161e-01,-5.340586889463726922e-02
