0.000000000000000000e+00,6.745714673258547123e-01,3.482585786503581415e-01,1.945545289479086726e-01,-2.125493409207129814e-01,-2.245715080355376314e-01,4.322782566339669619e-01,3.409037261517698369e-01,5.322913638629696298e-02,-9.478471305180190265e-02,5.207882570711047654e-01,2.124714295605978909e-01,2.052581032115318449e-01,1.212481713998778965e-01,-4.339637521577546786e-02,-2.295427706870113715e-01,-8.842423318585410086e-02,9.086358432500032944e-02,5.430434052809969270e-01,5.961815362926641271e-01,-2.842727757378766262e-01,-6.894179478192498378e-02,-5.837445275680821360e-02,-1.950206824881643430e-01,-2.404188767992409548e-01,-2.051986977984446014e-01,-2.229471962370129234e-01,-6.746677812853395240e-02,2.440037479608338777e-01,2.161417632716718107e-01,-6.336116797975366310e-02,-7.499650937639568138e-02,4.375455928900365277e-01,3.115774201763193973e-01,-3.256092784521250616e-01,-3.489689855024368237e-01,-5.059886741504550089e-01,-3.809496779216601237e-01,-3.205209558619100951e-01,-4.132069309056992656e-01,-2.195457864044841612e-01,-2.884971432227287358e-01,5.859645374543179241e-02,1.364308414769044020e-01,-1.218454594902777105e-01,1.197489637009800933e-01,2.656410303961206365e-01,1.781118584296333962e-01,4.484766685294867827e-02,2.036352300322430767e-02,1.317994325082790796e-01,6.154692941570084896e-02,2.791923491241379840e-01,-7.955936949305579542e-02,1.835605182697884474e-01,-2.269667231605867752e-01,5.848937262669846593e-01,3.906635261349920007e-01,4.813467272552426901e-01,4.044557136262269537e-01,2.665359193636080426e-01,1.876893571305708330e-01,2.786427610871297089e-01,3.678144345100797241e-01,-3.541227174091587382e-01,-3.203650420113619002e-01,-7.500522937629772180e-02,-1.301276901745392067e-01,6.472467667807763059e-01,4.553124436513400486e-01,-5.220876585995181535e-02,-1.229330802152507202e-01,-2.348319115426984460e-01,-4.234355214608561679e-01,-1.138693639718048739e-01,-1.615995944543426877e-01,2.135801295302759695e-01,1.225675287137889258e-01,2.995086961257988345e-01,-3.658700720632990233e-02,3.235049228192575788e-01,-7.063891757727462639e-02,-6.610283765241709020e-02,-3.638140053760412496e-01,2.294642305429744067e-01,-1.764879323025826396e-01,-2.802768470463287143e-01,-4.527812715459386128e-01,8.580885794646912410e-03,-3.081328598518867645e-01,-1.932710382284020534e-01,-4.175137244820158466e-01,-1.751214592534161216e-02,-3.464649544127139658e-01,-1.758683354229510776e-01,-2.294557694393920544e-01,-2.056955154204674965e-02,-2.759573417801190476e-01,-2.481267533484532994e-01,-2.766566933257124106e-01,4.317241321330498108e-03,-2.191007738211749045e-01,-2.076375628646231208e-01,-8.701098591507203106e-02,-2.554095135711358378e-01,-3.067585765100103723e-01,-2.951061270510515339e-02,-1.666289149350243803e-01,-1.204677654286913646e-01,2.921383832994549692e-02,2.261169015044290076e-01,-2.192698047352843460e-01,-9.234357556951144907e-02,1.389197800264830099e-02,5.518480246245655030e-03,-4.059157717034547197e-01
6.745714673258547123e-01,0.000000000000000000e+00,4.235561067264621005e-01,1.332323644505560845e-01,-1.089125799421851587e-01,-2.186319759341679714e-01,1.078891724492166554e-01,2.808199779737060794e-02,1.787227339803750814e-01,-1.790885864784263759e-01,2.567374779396265905e-01,-1.782546243389078813e-02,-7.782821984010757088e-03,1.409790529038735390e-02,4.122872425763049464e-02,-2.413800117982151383e-01,-7.891592508576793230e-02,6.616478877339819487e-02,3.920254503584337802e-01,5.280539682692498848e-01,5.341391225931399478e-02,8.437967243563548880e-02,1.342770348910264089e-01,3.298630334113374779e-02,-8.851282530287038486e-02,-1.035801168302805525e-01,-5.298439317372569124e-02,1.184893490076417526e-02,8.764739808725979103e-03,4.297481576688949589e-02,6.400459749774015106e-02,-1.979110326626818978e-03,3.563763633573663325e-01,2.438596175898231633e-01,-1.504869932990491807e-02,-1.731416949511311032e-01,-2.860684715426614066e-01,-2.065586802137316935e-01,-1.579649468004590829e-01,-2.135919739620450730e-01,-1.893006225006388654e-01,-1.187608869541270373e-01,1.853625992814068035e-01,2.640056497841272165e-01,1.608069970773213508e-01,2.016190735473972206e-01,3.195931154164201593e-01,2.772458125383136518e-01,1.587797676970841010e-01,1.541020907024312214e-01,2.112926194840886729e-01,1.279872635280582260e-01,3.682064050719246473e-01,1.054520652256332215e-02,2.967059184160780183e-01,-4.129354220245788631e-02,5.325397392616663117e-01,5.829686673543418296e-01,2.576134950057895057e-01,1.499656273546345064e-01,6.926218701938537115e-02,-7.200010813108832786e-02,-9.204918028921538209e-02,-3.089480339017085242e-02,-7.439991655824969297e-02,-1.252480039074889695e-01,-6.816803309061660043e-02,-4.419835008823419509e-02,6.995646546437602753e-01,6.742489639926554368e-01,-2.913246528615762859e-02,-2.615293340662797061e-01,-2.926836188563681218e-01,-5.614995123161633517e-01,-3.243434468897059275e-02,-2.167970156983145269e-01,2.604588272250704661e-01,1.473796728303669035e-01,4.947814373064682997e-02,4.941773938856683368e-02,-3.115516298181869939e-02,-1.868227080172505106e-01,-2.270916934650011113e-02,-1.470063961654650142e-01,-1.536452965996552844e-02,-2.640630182737854215e-01,-5.082170805304946082e-02,-3.504305039008155931e-01,-5.672788922627152591e-02,-2.949091950908129256e-01,-2.397231861690841126e-01,-2.468695937969938581e-01,-3.710874006404756703e-02,-7.481194701793632273e-02,-1.494046380588017475e-01,-2.008583325462987845e-01,-8.425597760845049411e-02,-1.813583028776447892e-01,-2.357032814279061417e-01,-2.708701998537414446e-01,-8.071725171919716391e-02,-2.899668498051274912e-01,-3.077038702181063012e-01,-2.409540637260803586e-01,-1.562346545149789212e-01,-2.021545228524116999e-01,-9.579574938233788306e-02,-1.864704509192178783e-01,-1.824681487020361204e-01,-1.400372643231389824e-01,1.447073285067619619e-01,-1.345475244742675436e-01,2.438874389360158254e-02,7.846984971688356070e-02,1.129404233094903759e-01,-4.101513621140774335e-01
3.482585786503581415e-01,4.235561067264621005e-01,0.000000000000000000e+00,3.620114515745720407e-01,2.144844538447036042e-01,-6.112073062417307939e-02,5.146854995333125515e-01,3.856136677844533289e-01,1.771138506628045783e-01,2.275296244411231100e-02,2.124966710291439631e-01,2.081841165404103300e-01,3.684451000928679609e-01,2.575633472460351903e-01,2.095629302864473742e-01,-2.360386599361171539e-02,-2.836637510198817824e-01,-6.626768916322783864e-02,3.811533464606781663e-01,3.163157805971510972e-01,-1.598598326668851932e-01,-5.758389691147336453e-02,5.194250555781222412e-01,2.737279572918887016e-01,2.094118155568322759e-01,1.064850445288278435e-01,2.577884581938720901e-02,4.515030758206013684e-02,3.355463894761086252e-02,9.283812225319368339e-02,2.676536288950888132e-01,1.492664642998248192e-01,9.613352912909292614e-02,-1.889650577612579999e-02,1.807427908389720728e-02,-1.728258113023245224e-01,-3.186654627920108562e-01,-2.093053111002515787e-01,-1.963918525647168345e-01,-2.731267462248984090e-01,-2.094307617288861667e-01,-2.714367839694296070e-01,-7.935143342807700340e-02,1.231856788342552966e-01,-1.892340440447570216e-01,-2.202678867865132950e-01,-1.836098960411470526e-01,-1.063340067982383175e-01,-1.842500991173864067e-01,-2.532719859794972939e-01,-7.414500714391826508e-02,-1.380793618806067657e-01,1.315650354737546990e-01,-2.187229654990061334e-01,-6.891818651826424336e-02,-2.927886487688703965e-01,9.415725577939192126e-02,5.397254203218110336e-01,1.899104360918793810e-01,3.836372996088870113e-02,4.773117014404837377e-01,1.870440134691458145e-01,-7.727555365301491674e-02,-1.634049829736480830e-02,2.588875714019496233e-01,2.977431963262473086e-02,1.951280905525334952e-01,1.101247133068769812e-01,3.774705913584414652e-01,3.940141118072950643e-01,1.170654715513772953e-01,1.911418366698322269e-01,8.625055643318312038e-02,2.871167751940625901e-02,-7.325822600117731787e-02,3.790723145986032994e-02,1.404742281960003891e-01,6.314760198703824046e-02,-2.317491264472582371e-02,2.100492501570314918e-01,2.121004918143257201e-02,-1.251347833836625734e-01,-6.831636040642220797e-02,-3.489780635830288524e-01,1.139698191173461467e-01,-3.732826416382440393e-01,-7.835005073495894534e-02,-4.256683558502708520e-01,1.012983315942144608e-01,-3.853129448861623008e-01,-1.266877905524964876e-01,3.379133641626555495e-02,-1.063536482262081168e-01,-9.761916873056560029e-02,-3.134173466018760901e-01,-2.734448191338688661e-01,-1.740966666297249499e-01,-3.283621476621150226e-01,-2.957387972010006583e-01,-2.954080956829851501e-01,-2.093167061690452690e-01,-1.372383550646519845e-01,-1.665631473316850908e-01,-8.186813110118690284e-02,-3.066779732188357754e-01,-2.328171159964542714e-01,-1.224895330123123155e-01,-5.373685550294008545e-02,-1.036126788500899842e-01,-2.637775972586440254e-01,1.184487013362525154e-01,-2.243039422783023058e-03,4.920127629560352295e-02,-7.508395429153802425e-02,-1.133033651253223112e-01,-2.569617209565840943e-01
1.945545289479086726e-01,1.332323644505560845e-01,3.620114515745720407e-01,0.000000000000000000e+00,3.089797818090503911e-01,2.709381016117676233e-01,4.011001546531056117e-01,3.928283421725665137e-01,5.175635169812618092e-02,3.053306567735008525e-01,2.568972776474632291e-01,2.541341137107975823e-01,3.118502564487765083e-01,1.725370081180479798e-01,-1.252276430454677403e-01,1.478733951751337872e-01,-1.335755021244205976e-01,-1.901566227416340571e-01,2.180226472453104525e-01,3.216401716869216609e-01,-3.318909891294947734e-01,-1.676527508251954984e-02,3.244955042530437983e-01,3.226256088826201518e-01,2.698583821878057787e-01,3.533148309534471787e-01,1.541130616477025539e-01,1.568872699614684285e-01,1.418482404143846798e-01,1.271857613366243200e-01,3.712724546329049247e-01,3.406722516214791274e-01,2.364773438060676081e-01,2.988813318273350617e-01,3.730992672848194858e-02,1.615549931046534465e-02,-2.199591570935487406e-01,-1.169642258261905793e-01,-2.080609440711297664e-01,-2.341533690676963486e-01,-8.653782169629838095e-02,-1.275677458364029571e-01,-3.033852918156474954e-01,-1.499553546017245720e-01,-5.318057577108876721e-01,-4.134216511351943013e-01,-3.774787428077797657e-01,-2.638843362284886140e-01,-4.385374847021283329e-01,-3.852468091153281038e-01,-3.708976871185012403e-01,-3.707079403202971912e-01,-3.189384890839632725e-01,-7.289574545428752217e-02,-3.306981827962764409e-01,-2.666649356881407029e-01,5.446812170978659884e-02,1.955484716513803956e-01,1.745033617322759578e-02,9.868433641797004496e-02,3.877974008251626747e-01,4.967110463344077131e-01,1.463539569677629326e-01,2.333819592134409593e-01,4.160901519892444902e-03,2.479319456882150552e-01,2.404147522340515652e-01,2.696130977607658630e-01,1.083399346514046929e-01,1.558260671742090209e-01,3.503898848418025569e-01,2.954901406680526810e-01,2.901214527072928373e-01,7.578881096467389444e-02,-6.089714541958873156e-02,2.066246640428761328e-01,1.338965294103600934e-01,8.476583254605034312e-02,-5.199716071092846253e-02,7.414909748787486266e-02,1.203433454923525103e-01,6.242296128468286659e-02,-1.004048014836485953e-01,-2.037960864731210298e-01,5.241021878601598294e-02,-3.502850961051045403e-02,-3.616429763910884443e-01,-3.012848163066647600e-01,-9.355726058645591481e-02,-6.047865401134155244e-02,-8.624008423858742223e-02,3.907463780235746753e-02,2.159855890450608218e-01,-8.599953654755189414e-02,-1.845460283630055709e-01,-7.188374661157119483e-02,-1.154311151554913567e-01,-1.509209117032195013e-01,-2.541917475306089136e-01,-5.195755999327407171e-01,-2.675552113992775149e-01,9.302238804398994809e-02,-2.742593543104531184e-01,-1.218809679766980070e-01,-2.982875995918826684e-01,-4.138227111291035987e-02,2.087505717793286253e-01,3.066024887890128614e-02,-1.594966424174475983e-01,-4.394814250512279474e-01,2.307507871148535561e-01,1.190489871587592334e-02,-4.164775585550432174e-02,-1.902800005130713679e-01,-1.164036009893306828e-01,2.386649869144756922e-02
-2.125493409207129814e-01,-1.089125799421851587e-01,2.144844538447036042e-01,3.089797818090503911e-01,0.000000000000000000e+00,6.560171641366913109e-01,-6.992612798142902597e-02,-1.495223366940574283e-01,3.198779686979246195e-01,4.716696201258745447e-01,-1.445762752167507881e-01,1.033245099780924908e-01,-1.671909781124511496e-02,-1.845012679528636179e-01,1.946438420391194135e-01,3.399596653033031823e-01,2.337780255696050857e-01,3.242560870686662239e-02,7.819512663761701843e-02,-2.391709508309196319e-01,-4.368683598568895779e-03,4.425801035060871998e-04,5.180631372319466355e-01,7.206649376967961818e-01,8.677912127814552123e-01,7.956746489919621634e-01,7.690596993931887448e-01,5.918554184943962682e-01,1.979942236344599260e-01,6.018931394198048790e-02,6.347247157555792052e-01,4.934636192391183562e-01,6.021481094907871201e-02,8.910689545006546253e-03,1.714699630119869422e-01,2.310945906332516064e-01,2.661218862328505463e-01,9.090669155334551998e-02,1.558280391061996895e-01,5.722956958436790920e-02,1.845970127796200677e-01,1.175059379823493455e-01,-1.444963771269198172e-01,-1.683757321114685568e-01,-2.897681819545863680e-01,-4.555272354104508703e-01,-4.148491624061467209e-01,-3.768672672854039285e-01,-4.364748737689456148e-01,-4.383855380409681923e-01,-5.264262325852204771e-01,-3.970651254831089605e-01,-4.417240610324596473e-01,-1.645460851085104037e-01,-3.708737840067387603e-01,-2.221101243452060503e-01,2.572370623183176108e-02,1.451518908092269133e-01,-4.562274602997850037e-01,-4.721100896669560565e-01,-1.213314341751799558e-01,-1.371107694566926216e-01,-2.222323416109611705e-01,-3.972705206841327663e-01,4.677995441721564118e-01,4.086544221786788111e-01,2.174404175275259643e-01,1.857424821160866824e-01,-7.513429179492236987e-02,-2.975506953883184924e-02,2.734126444197490513e-01,3.875825070225090707e-01,5.038732846204978522e-01,2.419212079307471730e-01,4.644467136419417469e-02,1.751327978710361111e-01,5.778870372896902780e-02,-1.207661979147869324e-01,-7.722294456189010559e-02,1.478108728823197826e-01,1.104733806664819074e-02,-1.434004100040315883e-03,-4.679376970663134960e-02,-5.465818928826863404e-02,-3.282571388207311536e-01,-2.170423143466513050e-01,-1.795935882678930118e-01,2.738272901087129320e-03,-1.121409595140310245e-01,-8.493414873371896157e-02,-1.539026422842283137e-01,3.185023235443500411e-01,-1.068276463164327811e-01,4.079002522956944737e-02,1.808598064077486800e-01,1.797903009775692340e-01,1.455919588572490431e-01,1.629676013217765118e-01,-7.528012403913672546e-02,-2.356147773027255088e-01,-3.614118691760264124e-01,2.389772560278542179e-01,8.065265617221661909e-02,1.258035126854618602e-01,-2.186623242454253380e-01,1.063335063645568235e-01,5.513756385076514638e-02,1.299684971219536578e-01,5.737313158957094844e-02,-4.413306482282309262e-01,3.382645922052319315e-02,3.002976175946960868e-01,1.766766125372356278e-01,-4.345412584972938030e-01,-3.140883369064055852e-01,2.062784834578755000e-01
-2.245715080355376314e-01,-2.186319759341679714e-01,-6.112073062417307939e-02,2.709381016117676233e-01,6.560171641366913109e-01,0.000000000000000000e+00,-2.315386733073080128e-01,-1.759820738898658921e-01,3.805553139753556358e-01,5.753297103390774270e-01,-2.311871132099119763e-01,1.249986607213770251e-01,-2.969304924652318434e-01,-3.159749611666020641e-01,2.205637613366542849e-01,3.531856722597235265e-01,1.014751693999719762e-01,4.914859433549703671e-02,-1.986494887047768332e-01,-3.447308621125830808e-01,8.339393325364456711e-02,1.736102960724789646e-01,1.956946045092941844e-01,5.796080777129836159e-01,6.705546028599153052e-01,7.284819144558902781e-01,6.327522127119283857e-01,6.095095342530865157e-01,-3.807212622011567349e-02,-3.890061610878522980e-02,4.304102724222756415e-01,3.533321436866541099e-01,-1.092387750166076837e-01,1.565353299104562182e-02,7.096384672450634090e-02,1.994068356298016320e-01,3.711064255608538254e-01,2.927334189826816813e-01,3.709797918095630309e-01,3.228804004234301361e-01,4.001454270177987604e-01,3.015278119992128580e-01,-2.550823259731050396e-01,-1.937350661991402434e-01,-2.392081605261492661e-01,-3.496588049319251934e-01,-3.421301507531747665e-01,-2.964006177023849053e-01,-3.291767163537922536e-01,-4.043554336729663912e-01,-4.876056742881121342e-01,-4.245508526018975659e-01,-5.214832455552644852e-01,-3.665703273988346611e-01,-1.000219096476169800e-01,-4.562968711893227586e-02,-1.283550828353942352e-01,-5.326978160724156475e-02,-3.181493931691939392e-01,-2.139662170873489755e-01,-1.997913070322088203e-01,-7.574734508729195903e-02,-2.052300986537463900e-01,-2.462700431648957022e-01,1.405484330770101764e-01,2.521242459411306425e-01,2.031693984009559084e-01,2.856510717064077998e-01,-1.545090798691551304e-01,-5.407278455480337559e-02,1.041731793411938972e-01,2.332500237205002713e-01,2.249059138875610930e-01,1.275974347711916757e-01,-7.875505577247822464e-02,1.301113349870985370e-01,-2.109602940542602834e-01,-2.886777707449939001e-01,-1.890795698206373665e-01,-1.877762600316382896e-02,7.693964778216617895e-02,-4.144526524282170915e-02,2.372174177677307261e-01,1.653546582927114261e-01,-1.756270250965651647e-01,-1.793909284951896999e-01,1.084580238192769525e-01,1.704782556524785664e-01,1.183474270631975772e-01,9.122713613222015183e-02,3.232785692798129107e-02,1.519702414423886871e-01,-7.847592449360410449e-02,-1.297843318083385378e-01,1.616125176142655107e-01,3.080900834166197533e-01,1.775468510227465324e-01,2.710624157670473156e-01,1.006740290822010081e-01,-1.357511069292192674e-01,-1.525061673308835963e-01,1.205903195588317739e-01,1.044635226723382854e-01,2.315222155560287820e-01,-4.853319698466664056e-02,2.542688305911264823e-01,2.120663443245991708e-01,3.547707206860077345e-01,1.480923609819896070e-01,-2.963040516637510113e-01,7.783368953876292073e-02,1.414955076584631100e-01,1.047695393391564062e-01,-2.663921618488584442e-01,-3.863556348172094146e-01,2.861285210759492714e-01
4.322782566339669619e-01,1.078891724492166554e-01,5.146854995333125515e-01,4.011001546531056117e-01,-6.992612798142902597e-02,-2.315386733073080128e-01,0.000000000000000000e+00,6.994185158587027384e-01,-3.209090272632642016e-02,-4.423994626575280392e-02,5.076973353367558728e-01,3.276524753522095934e-01,5.459959158587799344e-01,3.230100571267018328e-01,8.629132604767027204e-02,-1.380683210603029232e-01,-3.927450388443704532e-01,-8.006950584270895732e-02,4.356032419299205594e-01,4.268551872496656463e-01,-4.875660312451234879e-01,-2.964131425424111899e-01,8.615715083914611550e-02,-2.129189763221791265e-01,-1.625137714138750189e-01,-2.460942939737099933e-01,-3.273021826106261023e-01,-2.445669306640758101e-01,1.649493340568828348e-01,1.243872076379408664e-01,-1.153996477432969875e-01,-2.093701389532927892e-01,1.572397701747882751e-02,-6.981512737468886787e-02,-4.204284345899788611e-01,-4.162902118031422960e-01,-5.526641653843555879e-01,-5.147531723773680623e-01,-4.819199576635004867e-01,-5.410860849472217682e-01,-4.493148923953295126e-01,-4.459856836325545304e-01,-2.359838630076912247e-01,-8.200249700574679945e-02,-4.561218157641694360e-01,-2.453780656758001166e-01,-7.397723073972330143e-02,-9.759955335000276844e-02,-1.693747828671344213e-01,-2.553887033749894231e-01,1.243630665771357051e-02,-1.250007120817547557e-01,1.550744463252491934e-01,-4.384118017888283952e-02,-1.426536453582842867e-01,-3.268610091630821390e-01,7.830802917646417782e-02,2.774575405349391510e-01,4.168922418300461397e-01,3.838309877283389016e-01,5.820680225333405566e-01,4.370885264471179865e-01,4.074338600098058039e-01,5.168931115247099584e-01,-1.642788845636336537e-01,-2.951550751307094322e-01,-1.460867993305890981e-05,-1.032440175817496836e-01,2.006416438181327366e-01,1.376425324293802932e-01,2.029853631883533349e-01,1.674863128027120618e-01,1.193827088098885769e-01,1.100796792198278085e-01,-1.781588447209313600e-02,2.458373638940028749e-01,3.473589650099996595e-02,-9.964202725316217979e-02,3.695435744378764570e-02,-8.430367629030011134e-02,2.885337040533210717e-01,-2.288349043991104795e-02,-1.615176501883280880e-01,-5.769665638466282553e-01,5.114790144915911663e-01,-2.298460061524350839e-01,-2.351386804918397522e-01,-4.282272319767458924e-01,2.280050065132927795e-01,-3.955956906299805675e-01,1.225108419481153038e-01,-1.595424587513463999e-01,1.405275222846914807e-01,-2.375946924893360401e-01,-3.357839138803911383e-01,-3.703970034733130023e-01,-1.915116355825307592e-01,-4.432866982826797475e-01,-1.507091024367344101e-01,-2.455159079829080937e-01,2.703147250136308730e-02,-1.023049303077343958e-01,4.950655433424798468e-02,1.775989367183641865e-02,-1.010631672189020447e-01,-1.801493470840773159e-01,1.194190060949498755e-01,-2.098083843785773783e-02,-1.799870725875606092e-01,-4.917244180429354572e-02,7.724336411974813688e-02,-2.105588417133056126e-02,1.391571613490308335e-02,-1.161960605714882772e-01,2.499829195388483805e-02,-7.375730630686591974e-03
3.409037261517698369e-01,2.808199779737060794e-02,3.856136677844533289e-01,3.928283421725665137e-01,-1.495223366940574283e-01,-1.759820738898658921e-01,6.994185158587027384e-01,0.000000000000000000e+00,-6.350621449270506258e-02,-1.434233075200420371e-01,4.518691037546965217e-01,3.619784361683001106e-01,5.403625940264576988e-01,4.147727805096323994e-01,-1.342832750384743146e-01,-2.454241518677403866e-01,-2.784651647843764399e-01,4.198903052635792610e-02,2.388888856083681567e-01,3.162419514911937735e-01,-5.319009040238008579e-01,-3.292234359992529669e-01,-2.211127885111836833e-02,-3.654302097732283761e-01,-2.704259706376652694e-01,-2.472584677186974167e-01,-3.835529569299118147e-01,-3.894618155368272938e-01,3.411790839933672714e-01,3.447623590079693656e-01,-1.952785218517978927e-01,-1.049550238379735045e-01,1.015762124755862500e-01,3.347652034178352776e-02,-3.047739173150627034e-01,-3.298236303606043029e-01,-6.278482021063536145e-01,-5.318129704496930010e-01,-5.192797542672947797e-01,-5.526872800689969223e-01,-4.582378001299869386e-01,-5.248640088312578333e-01,-2.057077839944402575e-01,-2.038419469633109549e-01,-3.435270028654138774e-01,-2.153433127821617332e-01,-2.040846312682916275e-01,-2.507164349590114694e-01,-2.227256169553156750e-01,-2.486240733084042753e-01,5.267576376567727897e-02,-2.009910831721685165e-01,7.563189760670956108e-02,-2.011446868780227548e-01,-2.560015848840284103e-01,-4.833944695414340020e-01,5.848797499944054928e-02,5.308154355961998416e-02,3.944501039434888390e-01,4.384022491565392476e-01,6.304927372469671942e-01,6.085141305301040582e-01,4.607652779151411027e-01,6.302780624150821076e-01,-1.766051118269753306e-01,-1.266971730687445619e-01,1.105725108408169566e-01,9.236235758355244851e-02,1.390430020337850014e-01,-8.308724244068831088e-02,2.427420143263796792e-01,1.414858312977915478e-01,2.087736617064249178e-01,9.760545628745996571e-02,7.307272765740896459e-02,1.959177994715035620e-01,1.705337534016665713e-01,3.938111490292760253e-02,3.376843604614369054e-01,1.865779866102721951e-01,4.294134464196842083e-01,2.249973022349547047e-01,-1.594851564180953529e-01,-6.125256027139467374e-01,5.529302899586611142e-01,-3.229838325242593428e-02,-3.716254681831104856e-01,-4.935104466987986216e-01,2.127691814024461892e-01,-4.428869247279608734e-01,2.799136734244679625e-02,-2.765795970513394431e-01,2.926703337841792818e-01,-1.922087319753158496e-01,-4.047907302428884191e-01,-3.342144009030570961e-01,-1.565525843790223637e-01,-4.205101226346854015e-01,-2.396153821181775667e-01,-3.673181265752707980e-01,5.084813262291584812e-02,-7.227346538532498921e-02,-1.147823287587493996e-01,-1.982878749152409692e-01,-1.180967307575056247e-01,-3.500589747188255219e-01,-2.607176245722459679e-02,-2.052467348910352873e-01,-1.737639221785961252e-01,-2.270156532095480087e-02,1.567782485590912267e-01,-1.582139709370407599e-01,-1.546421640850597079e-01,-2.370330908459069089e-02,-1.434626754323295277e-02,-1.859010451752891591e-01
5.322913638629696298e-02,1.787227339803750814e-01,1.771138506628045783e-01,5.175635169812618092e-02,3.198779686979246195e-01,3.805553139753556358e-01,-3.209090272632642016e-02,-6.350621449270506258e-02,0.000000000000000000e+00,4.068587789728838056e-01,-6.558040923699130775e-02,1.964848712888591920e-01,-2.472297892130469188e-01,-3.662646231712697875e-01,6.710639617995636241e-01,2.169278213604534100e-01,-1.274162118561683321e-01,1.372817989275594008e-01,-9.889273882816397576e-02,-2.521170003351865807e-01,-1.880795401548626591e-03,1.140319222991345305e-01,1.523612988646552702e-01,3.032926785959073612e-01,4.535034100902702314e-01,4.228521139205470014e-01,3.243868969690740234e-01,2.944891529737338476e-01,-1.951010448362296493e-02,1.043609726029777196e-01,2.515521398934902897e-01,3.068013098050114684e-01,-6.134007734951654744e-02,-6.148969777624405803e-02,-1.321015825767372642e-01,-6.703210767636494372e-02,5.846512859951431829e-02,-5.966612773664000530e-02,9.667850257770051192e-02,5.714911838766456587e-02,9.861801302395574453e-02,1.099449123299176823e-01,-2.037154345357840013e-01,-2.323511988013775634e-02,-9.365708192919833253e-02,-1.964076944089178378e-01,-1.928223360726686042e-01,-1.717174612158420266e-01,-4.736846179629865261e-02,-2.625015530392633689e-01,-2.632766812437749571e-01,-2.453535541283252963e-01,-1.487592464390686819e-01,-3.464671601583292904e-01,-5.995817396832247431e-02,-1.503868498588358249e-01,-3.829643827473243334e-02,1.058860697529282191e-01,-5.648873495189527666e-02,-1.437125671282723782e-01,-7.994939506801525264e-02,-1.369578994831177343e-01,-1.704035309877699189e-01,-1.335794921802884450e-01,4.954136895435522214e-02,-3.309663815520417357e-02,1.243337819697848401e-01,8.014265488243247498e-03,-8.224141113889278654e-02,-3.746096271507468045e-02,1.938860110488921651e-01,2.471887210221496434e-01,4.621052406621836695e-02,-4.033212918661478047e-02,-1.234016359755452097e-01,-8.946157777345269124e-02,1.124683269396363483e-01,7.619077321546473269e-02,-1.243894418847990707e-01,-2.712089440070972746e-01,7.400759271551961282e-02,-4.079177799756661393e-01,4.305698202075787795e-01,-2.900880728254071061e-01,-7.055439994560218364e-02,-6.821171656467972522e-01,2.675415713136259921e-01,-4.165844284538061659e-02,4.027976321756960298e-01,-3.446858711112361084e-01,1.656165068843281907e-01,1.491336728690522695e-01,-1.885192652929624790e-01,-3.015418465230274569e-01,5.302264581000146887e-02,8.336103738917802208e-02,2.716068110377866107e-01,2.931056705187622957e-01,1.129372731616421072e-01,-3.440389622589103136e-02,7.056666400025335406e-02,8.599750750853684539e-03,4.307085923063259103e-01,4.398159569213115905e-01,1.201161299808707894e-01,2.711617201881082462e-01,4.308460094336397095e-01,5.465418521414397990e-01,-1.863900354270043858e-01,-1.908969287496173339e-01,1.923786974966993843e-02,1.681612486591897715e-01,3.073081351399058470e-01,-2.104531347075035697e-01,-4.419169338650962287e-01,2.263793368858941502e-01
-9.478471305180190265e-02,-1.790885864784263759e-01,2.275296244411231100e-02,3.053306567735008525e-01,4.716696201258745447e-01,5.753297103390774270e-01,-4.423994626575280392e-02,-1.434233075200420371e-01,4.068587789728838056e-01,0.000000000000000000e+00,-4.780445287837862406e-02,1.967011767366957098e-01,2.179000058952368715e-02,-9.169664566560653540e-02,5.040427940922367345e-01,7.463259382060511982e-01,-1.399268895296721660e-01,-3.040454126617222474e-01,1.485864202195162111e-02,-1.152095120523955879e-01,3.028219340030440243e-01,3.074048222607420056e-01,2.325333029400674101e-01,5.477767128412941444e-01,4.636699394056320034e-01,5.054056423820046939e-01,4.092779733999861724e-01,5.252908527990710619e-01,-4.765111509876646112e-02,-1.761577946010739470e-01,2.024673034332927779e-01,1.981173992087662261e-01,-1.796428310740865730e-01,-1.720238496290886487e-01,-8.525738412017133672e-02,-9.961656929606703403e-02,1.852890634659956626e-01,2.423979340104030766e-01,2.076097744359959307e-01,3.223476791690426668e-01,3.974193295898303946e-01,2.934189509570026555e-01,-3.087742986769175246e-01,-1.248338076432132099e-01,-4.235945808838025850e-01,-4.989616252586709377e-01,-4.125992366376208254e-01,-2.120276719824199518e-01,-3.198471967278255224e-01,-3.402121553767044060e-01,-6.071538671609201243e-01,-2.799313260304102102e-01,-6.283274798849577403e-01,-1.726142380160571588e-01,-2.878985580116473209e-01,-5.806751547784547857e-02,-3.066203050623704240e-01,-1.761246307661762656e-01,-2.924192392334548640e-01,-1.744950447252739123e-01,-1.219655515435589671e-01,9.139289784532893257e-02,-1.558188990096522064e-01,-1.602602085287098410e-01,3.728074536931868382e-02,1.377747257679845239e-01,-1.375580559417932669e-01,-2.275276560163268791e-01,-2.681062960244695592e-01,-1.470770570426935264e-01,2.792335789783883734e-02,4.594552704819985789e-01,1.375483825368666591e-01,1.346598342071931853e-01,-1.164033258582241187e-01,-1.015528212982126921e-01,-1.831857245707498860e-01,7.534454405791415899e-02,-2.916187384618459388e-01,-1.087217458062998549e-01,-2.318937677029350719e-01,-1.788126610840681981e-03,2.558256988246032648e-01,1.526397995094495585e-01,-2.589715363831433526e-01,-9.256835705752450294e-02,1.830259190872108865e-01,1.008135574492625836e-01,1.316100469696810868e-02,3.299267693098790755e-01,-1.320347661497527254e-02,4.951460542459900638e-01,-2.102728990369607254e-01,-2.902535128076143625e-02,2.240189718311187128e-01,2.021971956382652980e-01,-8.159062332443236046e-03,1.367794533431622162e-01,-1.196835831037751097e-01,-6.687162238680156856e-02,-3.301623045946993074e-01,1.658926622201231105e-01,3.632955106825946218e-02,4.539853812103336050e-01,-3.081128287316805547e-01,2.173020590061574553e-01,2.990357284017351458e-01,4.687410579408115563e-01,5.339980410014971701e-02,-2.065286415183769375e-01,-1.083059079335371294e-01,3.476457707802263486e-02,1.192784683421218572e-01,-2.573507028453195788e-01,-4.474929740822853330e-01,1.354917124698515052e-01
5.207882570711047654e-01,2.567374779396265905e-01,2.124966710291439631e-01,2.568972776474632291e-01,-1.445762752167507881e-01,-2.311871132099119763e-01,5.076973353367558728e-01,4.518691037546965217e-01,-6.558040923699130775e-02,-4.780445287837862406e-02,0.000000000000000000e+00,1.378194734838788515e-01,5.983486954963348481e-01,3.706883128570185315e-01,1.644121369898134924e-04,-9.769041689966834197e-02,1.226311304567477972e-01,2.160306969282812517e-01,2.735242677459657212e-01,4.177370417433956540e-01,-3.362382472245903364e-01,-2.277619528634077239e-01,-9.727363171398112351e-02,-2.836710323670657008e-01,-2.283221303500654886e-01,-3.217597587930723368e-01,-2.793904345204052397e-01,-1.739024627144151736e-01,4.893752349920114098e-01,3.826744053006225221e-01,-7.860892030475553904e-02,-1.483944134653827907e-01,3.154717792843346191e-01,1.691955473649667807e-01,-3.175959466458598834e-01,-3.264074626681965907e-01,-3.925123408228068378e-01,-3.209331277790213321e-01,-3.840442364865374603e-01,-3.853440400083289474e-01,-2.670958643373499419e-01,-4.474655462967138120e-01,-8.869845063058609536e-02,-8.886956373072979476e-02,-3.278884047672627755e-01,-1.286773471394791757e-01,7.069370643069589066e-03,-5.830274014640000196e-02,-1.331954271339779172e-01,-1.447796534914424782e-01,-3.524071797225559327e-02,-1.421618695594340509e-01,7.344103186530827332e-02,-6.424211571341126303e-02,-3.104380076634625021e-02,-1.960171132390325366e-01,2.311493022486287574e-01,-2.526004908933193044e-02,3.317754640269130473e-01,1.807768598900944268e-01,3.670206991563994547e-01,2.189185681604912115e-01,4.682580225496477677e-01,4.229495144884898861e-01,-1.836757252849865463e-01,-1.578960032783553180e-01,8.399991941347785193e-03,-1.378162498464001740e-01,3.176693799002004992e-01,5.820870837503543810e-02,1.590794318716034772e-01,1.596776266768500374e-01,1.400791408850514397e-01,2.362202775157624599e-02,1.742818359759019109e-01,3.324890943393133402e-01,1.453812858197535973e-01,1.675105317542731065e-01,3.049819465156486387e-01,1.497749549367792254e-01,2.530014321166435542e-01,6.233357997802433520e-02,-3.269382540651665642e-02,-3.230634806712764373e-01,2.495338927492359027e-01,-5.646055417590081782e-02,-3.626171505991884758e-01,-3.266214592595949595e-01,1.062190939227767028e-01,-2.068470046379754512e-01,-4.733502876025381945e-02,-1.396405338062306212e-01,-1.264877733942772198e-01,-2.892821804713423539e-01,-1.336725997746083805e-01,-1.679055047241712340e-01,3.121132435708657768e-02,-1.641636644929035105e-01,-1.551467323141937082e-01,-4.981685610391380081e-02,-1.335160953405361284e-01,8.210519386703352129e-02,-1.342184310868878017e-01,3.204098086627162056e-02,-6.658283891885381778e-02,-1.609456593504599853e-01,1.410298568358163696e-01,1.501793842697065999e-02,-9.323899263035188845e-02,8.021032002884195822e-02,2.511661323945697522e-01,1.683954180126060254e-02,8.990767713671773964e-02,5.989796746363077601e-02,3.630660190766735879e-02,-8.067675539349787595e-02
2.124714295605978909e-01,-1.782546243389078813e-02,2.081841165404103300e-01,2.541341137107975823e-01,1.033245099780924908e-01,1.249986607213770251e-01,3.276524753522095934e-01,3.619784361683001106e-01,1.964848712888591920e-01,1.967011767366957098e-01,1.378194734838788515e-01,0.000000000000000000e+00,1.454373161040461437e-01,4.497625465298195624e-01,2.191474575274761916e-01,1.969943770583148790e-01,-6.227212868235997706e-02,8.752720730244775704e-02,1.581961044460488408e-01,2.365988257671636230e-01,-7.307927698193640575e-02,5.598947543937272259e-02,-1.147701991418418888e-01,6.641283586424462371e-02,-9.374841951006816776e-03,6.316693228053360532e-02,-1.860128347715096497e-01,4.589122692197304676e-02,1.320311722116018494e-01,4.017218294984478133e-01,-3.077832812161221919e-03,-3.135133849903852521e-02,7.520144466909049752e-02,2.695366288850588668e-02,-5.838188870606368930e-01,-5.286035759529550404e-01,-1.903264056445717056e-01,-2.976411776824363642e-01,9.492134914377288457e-02,3.917778443831169966e-03,6.364720687435393431e-02,1.334997995429127171e-01,-3.292281654093282550e-01,-8.769141041955537397e-02,-3.136412982420395124e-01,-7.737637362329377599e-02,-6.570362025498872882e-02,-5.004057708136459143e-02,3.256999441947325963e-02,-7.170532022539163268e-05,1.777423809530221180e-02,1.276791425533180258e-01,-1.426341858207016422e-01,-3.263314079785789579e-01,7.768984313314332424e-03,9.292921749621325944e-02,3.257424282299150459e-02,2.782351113903067715e-03,3.218992159559658228e-01,5.167756733940123137e-01,1.104704009757103839e-01,3.480505648720485512e-01,4.243810428198982465e-01,5.188270531997268842e-01,-3.684963340466775872e-01,-4.184080324737731171e-01,-2.549597021888110882e-01,-2.167025771517620825e-01,-7.437707336081375402e-03,-1.431536440629590234e-01,-2.589847655508095703e-01,-1.060490762294782896e-01,-1.161190649328917579e-01,5.784442796465441572e-02,-1.563812629677096000e-01,-6.065075346164897768e-02,-2.120505927401347412e-01,-2.280548755594347110e-02,1.886184408747222305e-02,-1.686765319259978524e-01,2.093112897813504125e-01,8.230044986714311894e-02,7.822269260016356807e-02,-3.664569627184514067e-01,1.989909139604783272e-01,1.522742813302814741e-03,2.468500299315030955e-02,-3.592567265161075718e-01,3.478824589212257679e-01,-2.356078475840509279e-01,1.331261877426846707e-01,-2.308166066200567912e-01,-5.776780970300054302e-02,-4.727093895918305089e-01,-2.792664664924138784e-01,-1.179562272238468129e-01,-2.091833211145441573e-01,-2.160341681957425597e-01,-8.802559235703698304e-02,-2.148850901599148044e-01,2.398305436429240267e-01,-2.438409097723448840e-02,1.836410236205114066e-01,2.237514050904929053e-01,-5.563917738388030748e-02,-1.178213623865836945e-01,1.501362711411202977e-01,1.186143804309223171e-01,7.809183275956475823e-02,-6.973149295343689102e-02,-2.123755530563392058e-01,-4.119768119936644823e-01,-3.408411988822405286e-02,-2.249841219836668238e-01,-2.772126810879581016e-01,-1.642115571799155349e-01
2.052581032115318449e-01,-7.782821984010757088e-03,3.684451000928679609e-01,3.118502564487765083e-01,-1.671909781124511496e-02,-2.969304924652318434e-01,5.459959158587799344e-01,5.403625940264576988e-01,-2.472297892130469188e-01,2.179000058952368715e-02,5.983486954963348481e-01,1.454373161040461437e-01,0.000000000000000000e+00,5.582543813346275696e-01,-2.539660211170784859e-02,1.057923371948186197e-01,3.914677078050266684e-02,3.262755960841185604e-02,2.454825068265692467e-01,3.395105264346205409e-01,-3.150370810831220059e-01,-1.648807664589740374e-01,2.280982076166700456e-01,-1.181265066559879506e-01,-2.321594329053677241e-01,-3.338003964533798329e-01,-1.694232405874960545e-01,-1.577733609069519594e-01,5.000137599601189864e-01,3.788604017164454163e-01,-7.136287558730333713e-02,-1.091385256225136380e-01,1.616909230502742434e-01,6.406617210286573438e-02,-1.272078034592797058e-01,-2.858919624910751800e-01,-3.603037134490123528e-01,-2.855282582181182804e-01,-4.627916658445537790e-01,-3.997604885407912145e-01,-3.332398031839080565e-01,-4.069045155307378092e-01,-1.598584680231645017e-01,-2.618185465056770411e-01,-3.786547140661012389e-01,-3.022867434963316668e-01,-2.999551711487232208e-01,-2.907993716860458044e-01,-2.742769094656278273e-01,-2.373060128984968153e-01,-1.164938138679180030e-01,-1.265326599091655679e-01,-7.981435413997313433e-02,4.635043828579844642e-03,-2.994272133644166889e-01,-2.912013714737445302e-01,5.787664169583093404e-02,1.743588422116269104e-02,7.028206318049425028e-02,3.382027520193491010e-02,4.568447894463391612e-01,3.985902162710728835e-01,4.382450116083034253e-01,3.612187711453637151e-01,8.108720397417960857e-02,2.281995230409714775e-02,8.081638329520565711e-02,-7.449541272765890232e-02,1.064835035600553981e-01,-6.409654208156556621e-02,4.742489843547203349e-02,2.239698797916680195e-01,2.082163666692213866e-01,2.493627843847363024e-01,7.683093076669170185e-02,2.952378530652979283e-01,1.144093112476364388e-01,2.636797749437448934e-01,2.770071495421732033e-01,3.254484507353654910e-01,1.461223999585230526e-01,3.858710508271075978e-01,-3.040972511387756150e-01,-2.497657140354238581e-01,3.170439253625631504e-01,1.795428709560883407e-01,-4.026175881316706451e-01,-3.072308769293142228e-01,1.192092115101749464e-02,-1.204631301311313851e-01,-1.951131107012198662e-01,7.705104564291168079e-02,8.242885336753369430e-02,-5.436691058568225363e-03,-2.766968816957253718e-01,-3.254560807727104876e-01,-1.843932307927554637e-01,-3.225318983950059559e-01,-3.080857887310485266e-01,-1.742091250522717905e-01,-1.931348943935353724e-01,2.526786020546010203e-01,-1.309753595454966058e-01,-4.821476308260879556e-02,-2.442694330854790485e-01,-2.834399318244985033e-01,-3.888162668700116242e-03,-4.073673176529798989e-02,-1.628237160079918922e-01,-7.417200480966172627e-02,1.296334987940672145e-01,4.534632759455753392e-02,-4.851813681866490313e-02,4.975640741964148378e-02,3.685092009001471498e-03,-2.293273830964892290e-01
