0.000000000000000000e+00,7.631065013567643884e-01,2.511472799710084969e-01,-8.507459781527844378e-03,-2.849268577126038426e-01,-1.966626544089999928e-01,4.150368407680219973e-01,4.095483859138305260e-01,-2.245933441645694972e-02,-1.489068286544418807e-01,4.545621242509957360e-01,3.872962754069371738e-01,3.034791645087213663e-01,2.897016974470572603e-01,-2.142870871383206199e-01,-4.455803842896722267e-01,2.433180601966287715e-01,-1.658791747934593164e-01,1.852592397211710040e-01,3.069484883205475523e-01,-3.393557700800384214e-01,-4.698031617721328268e-01,1.579782425811503480e-02,3.892850144743755653e-02,-3.230908247163789548e-01,-2.746006565477436268e-01,-1.202263796432989501e-01,-3.063685443270262598e-01,5.086976000671660225e-01,3.602576771080633344e-01,2.587744341145439275e-01,2.134119482828319148e-01,4.875676063583121445e-01,4.918117033603453536e-01,2.759127579127995111e-01,9.643596853299213345e-02,-5.168489592275526956e-01,-5.358723890528807043e-01,-3.590829766763807829e-01,-3.615585782563262573e-01,-2.350817489695920803e-01,-2.260494290603457801e-01,-3.257087975504677768e-01,-3.734718323717191035e-01,-5.995950020857949703e-01,-4.792972986915903233e-01,-2.656258330489626521e-02,-1.787391155745010063e-01,-3.607823744936400345e-01,-1.291925363016104000e-01,-2.764199913333882930e-01,-2.884110464478080171e-01,-1.573339230039314807e-01,3.650620283138426153e-02,-2.883054055278029826e-01,-1.277815072102874983e-01,6.018174683960648697e-01,6.012021171146880727e-01,4.756389103867451063e-01,3.081402880851483728e-01,6.792004420882277183e-01,5.388940420889825056e-01,5.910967658173583994e-02,5.986808431968417832e-01,1.483572148343248465e-01,2.887131931131193818e-01,-1.084735470890789942e-02,9.785694301375605364e-02,5.371515131814375010e-01,4.128309813229744663e-01,3.896363514293010311e-01,4.338581473357342455e-01,6.616142015175352498e-01,6.025563846446697625e-01,7.161392419211708160e-02,2.847445731381689771e-01,3.621554942203522032e-01,2.877168602143559406e-01,-1.276871363642829160e-01,-2.005682297002447934e-02,-2.612016550739664766e-01,-2.830761350399750298e-01,-4.453640151302072914e-01,-4.228667672311673398e-01,-2.360204832525744367e-01,-2.524958223434628501e-01,-2.262973495228058907e-01,-2.371599078731918275e-01,1.712538024465956321e-01,1.049872407286848303e-01,-4.039510446096873375e-01,-5.616073586316899791e-02,-2.510110849354744711e-01,-4.886929039204555153e-02,1.857529071861105108e-01,-3.859120779375050936e-01,-5.608351042363535210e-01,-3.304330662212858205e-01,-5.861003798223997086e-01,-3.911016151005339281e-01,4.112796067411954304e-02,2.566569167368268900e-01,6.752931690204928838e-02,3.005743350443702000e-01,-5.048665529291119780e-01,-5.228236577985694300e-01,-1.992944398748214829e-01,-2.062747662232477519e-01,2.146849568776572348e-01,2.430988858436974875e-01,3.611838981258173042e-01,-5.853714778516055928e-01,-3.403263376339613622e-01,2.643369774489207624e-01,-1.430278400332297695e-01,-4.092798268186864652e-01
7.631065013567643884e-01,0.000000000000000000e+00,1.529307951500042118e-01,1.223237795688281448e-01,-3.245327575674196718e-01,-2.155993771022173544e-01,3.148054989784800917e-01,5.475515202498698608e-01,8.531096216493878892e-02,-3.084516980744688580e-02,1.966953738887777248e-01,2.295025087129705099e-01,-5.063180053226788713e-02,1.081278957135099889e-01,-2.451975783979626899e-01,-5.334711173258492867e-01,3.339146384839505877e-01,-8.189140140788490896e-02,2.019374579390316726e-01,4.156579444034452786e-01,-2.849085150681823220e-01,-5.654349230776712920e-01,-7.036621791848241339e-03,1.122473566130256957e-02,-3.022119988974343863e-01,-2.069688918921865350e-01,-1.709382261564203198e-01,-2.805225022135562352e-01,4.343635465793462824e-01,3.687683008882894353e-01,2.595276603043757402e-01,1.706653830928898941e-01,5.548407231557874741e-01,5.516242427353069688e-01,2.056561837582408236e-01,1.530237000077949161e-01,-5.832447280109920307e-01,-5.687369508039984423e-01,-5.614371080842186501e-01,-4.990029200766631368e-01,-3.743071434157517197e-01,-2.414905996656478426e-01,-4.195277123768965111e-01,-4.072476162150550083e-01,-6.660183058461218719e-01,-5.521327269882958522e-01,5.099797828051498561e-02,-1.947615390034632965e-01,-4.816663281585778500e-01,-2.312931592712573481e-01,-2.640366633171196686e-01,-3.821292519558186496e-01,4.031999888772024032e-02,1.866007973987044433e-01,-4.046150139530218515e-01,-1.756236389568180400e-01,7.674140940872324901e-01,7.831601795517459941e-01,4.214648608420780707e-01,2.989780204619385540e-01,6.547714201109358090e-01,5.759078908901829053e-01,3.468748935239829995e-02,6.406244190415788520e-01,1.634058831046385496e-01,3.402699338956682862e-01,-1.393741509174167004e-01,-2.404298829904732288e-02,6.526410682697167953e-01,6.722703444737001544e-01,5.478607980600161964e-01,4.958215835153280127e-01,6.687150212800319071e-01,6.353836933268287579e-01,1.474362278228553147e-01,2.789951601935161118e-01,4.918429611260654033e-01,4.277048222441517389e-01,1.584995592500838546e-01,6.708576146930736450e-02,-1.650016401770212082e-01,-3.868841183966865716e-01,-5.739104681432509736e-01,-5.258286133845171406e-01,-1.672934981301608115e-01,-3.077982920555834001e-01,-2.241863270274177811e-01,-3.438750383809909272e-01,3.477441716910585900e-01,2.158651239789595722e-01,-2.644837220359202989e-01,-1.042861451063756273e-02,-1.881013237418738548e-01,-5.056043821857756498e-02,3.053859923210437421e-01,-5.312714931997459811e-01,-6.067803143699151969e-01,-5.306552116937940378e-01,-5.231244665409026107e-01,-3.089938806866888155e-01,6.460022696335261660e-02,1.885269721889354100e-01,7.607505564627441152e-02,1.565936475152822638e-01,-4.620831446979049573e-01,-5.412702343398690941e-01,-2.777612664745104376e-01,-1.932036146359510931e-01,5.091375832958683345e-01,3.394256247567906670e-01,5.395290317371839173e-01,-5.832562642349795601e-01,-4.296086538751635597e-01,2.599393030254392167e-01,-2.216787069671121435e-01,-6.372606745147348928e-01
2.511472799710084969e-01,1.529307951500042118e-01,0.000000000000000000e+00,3.773775026357324425e-01,2.542876358222199706e-01,1.835524901254987351e-01,5.217897215274754918e-01,1.664269474880062105e-01,3.910541533967790695e-01,9.641866945536761713e-02,1.098907741973048219e-01,3.780199620599017374e-02,1.239069814320248181e-01,1.383820451808617236e-01,2.680733847755783494e-01,-2.314744996450480707e-01,2.068198358613342058e-01,-1.683611708515583838e-01,2.147598969910639588e-01,2.854221252338018933e-01,-1.790895014682706565e-01,-2.700208752226138098e-01,5.885668427757816401e-01,5.528520755532645437e-01,2.345223022121638579e-01,3.105152684103862915e-01,6.750259536816563544e-02,7.939700717917541617e-02,2.987532656040111645e-01,3.788273864970602145e-01,5.494085625988412991e-01,5.208470661472869301e-01,4.787880971442995959e-01,4.338460936569939475e-01,5.478976742009672440e-01,4.252378686052755152e-01,-3.233333959755633202e-01,-3.264292781902684015e-01,-2.171505257619835427e-01,-3.428031425754980988e-01,-1.862478702897244764e-01,-2.120133140957186080e-01,-6.463468093167263895e-01,-5.957574631662985176e-01,-5.143070090680468276e-01,-5.001133179531045414e-01,-1.537976769282683731e-01,-3.948925207944678495e-01,-4.187059446005140240e-01,-4.759119615872309250e-01,-4.417889676909401708e-01,-4.623042475645278704e-01,-2.540575266874336990e-01,-3.373749214569254917e-01,-3.203134865165601641e-01,-3.437191108202081735e-01,1.861608890583767162e-01,1.929943063111397850e-01,-1.295286777669699685e-01,-1.963054582033731399e-01,2.347613896288636148e-01,2.075708816459090333e-01,-2.748838016584599919e-01,-6.353190365705549403e-02,7.130058078322484283e-01,4.282311300215151384e-01,-7.621733449538717342e-03,2.088994631345316919e-02,1.543176920977667455e-01,6.166801869016732413e-02,2.766252801605826317e-01,3.498227503012661943e-01,8.369534386234321610e-02,1.067990481192115232e-01,3.185073545379942667e-02,9.631630670308495568e-02,2.769219773747835234e-01,1.444272393075349825e-01,1.126271985687413713e-01,-1.649678388536461870e-01,-1.176662780715732187e-01,-1.385413341646409557e-01,-2.757698521648304646e-01,-1.967703020932438096e-01,-2.024450775687270665e-01,-2.676280032304708678e-01,-2.328755236250471330e-02,-5.067758069534773063e-02,2.160337242180227213e-01,-2.969729382963689490e-01,-6.530397869316370563e-02,5.686888430197865885e-02,6.260766753311032551e-02,1.707675950915670260e-01,4.428957071446997240e-01,7.510841530071760141e-02,-7.271221039688180454e-02,8.973211814691683941e-02,-2.649536892927788490e-01,-2.893696686484979463e-01,-1.388412752221017572e-02,-7.721140424355107945e-02,3.515760372761321251e-01,2.173119966471820097e-01,-3.630196641641975641e-01,-3.588155251268989598e-01,-1.977460348189472028e-01,-1.001895568951532145e-01,1.275463401736192381e-01,4.047733157930758496e-01,3.929124812194357275e-01,-1.075384356672050984e-01,-5.874172991527135679e-01,2.220665218649653661e-01,9.950660356009814744e-02,-3.615545239865771143e-01
-8.507459781527844378e-03,1.223237795688281448e-01,3.773775026357324425e-01,0.000000000000000000e+00,1.021809984782556247e-01,7.671896327292761220e-02,-7.925194226578972934e-02,3.452364496041944730e-01,2.103861584683757446e-01,2.293713407535079574e-01,-3.875361866253247967e-01,8.154900306894932727e-02,-4.801215841964286968e-01,7.439234901822251722e-02,-1.553245436231447119e-01,-3.709152386004994639e-01,2.642552031180022132e-01,-2.415993663479349685e-01,-7.255567317527245041e-02,1.516006872502460023e-01,-1.982900657228464647e-01,-2.537762380336464063e-01,6.624345360443246733e-01,7.289549057697536361e-01,5.510974906890793168e-01,5.772833416780547289e-01,-3.670902409314899528e-02,-1.099533353950458009e-01,1.560138847109611704e-01,2.269182976528642537e-01,5.652140024326683942e-01,6.634177132955676459e-01,4.312286947324138198e-01,5.485515542640153619e-01,6.338030029387216047e-01,6.733508697272132526e-01,-3.754896690845976881e-01,-4.089702437576839267e-01,-3.976986319450411256e-01,-4.223634859315509305e-01,-6.070030011308188422e-01,-3.724418775177094076e-01,-3.237662762578802922e-01,-2.953102385558116771e-01,-4.866942852696538591e-01,-2.975407072299223188e-01,-2.037617501482477753e-03,-3.273528155020055674e-01,-4.579446387655397022e-01,-3.422651370849014718e-01,-4.587695184408842608e-01,-3.629716233621699262e-01,-4.902386554689278642e-01,-2.108851427774043885e-01,-4.900257828361637702e-01,-5.457616633305908405e-01,1.930947143240930586e-01,3.506634208456628765e-01,-3.341149686977108041e-02,-6.372154873590987756e-02,4.346282001619956176e-02,3.067771819716164083e-01,-4.602180311951332703e-01,-1.814374777203915934e-01,4.005213439451418833e-01,6.446185637014715253e-01,2.376643926052630640e-01,5.017924207408087645e-01,-5.542672096897222761e-02,7.581124780245686312e-02,4.434695746630049062e-01,4.910267234209854115e-01,2.599331311197436434e-01,1.188519639499579644e-01,1.880061880085258930e-01,3.028499642660231195e-01,3.509692108388974274e-01,3.722005661042299129e-01,2.120071841143829350e-01,-3.687204109792344142e-02,-2.426045886142373098e-01,-2.239121162172079960e-01,-5.775156869347891631e-01,-3.130990643408554930e-01,-5.578434695249097075e-01,-2.399755889863893488e-01,-2.013824861614433304e-01,1.780237460829451335e-01,-9.496384718772790667e-02,6.308815566589479062e-02,-6.377203432374380088e-02,-3.603146519782962631e-02,3.368879391367531895e-01,1.441539023755318283e-01,4.090930239067343543e-01,1.582418540395883269e-02,-1.060618157287383095e-01,-3.690713526067589817e-02,-3.382521158173217302e-01,-5.540773747712108843e-01,-6.977657990535088284e-02,-9.529451893271113916e-02,1.540070580935894440e-01,1.555967531661511249e-01,-2.454867530262722086e-01,-3.117603369275440128e-01,-3.130507680858514163e-01,2.154478646901444583e-01,1.653120933038358942e-01,3.125529029349587984e-01,4.359887829495646128e-01,-2.247051214699858912e-01,-3.832187371783228325e-01,3.338684246129851596e-01,2.714914012775808128e-01,-3.534189220625621464e-01
-2.849268577126038426e-01,-3.245327575674196718e-01,2.542876358222199706e-01,1.021809984782556247e-01,0.000000000000000000e+00,7.704313399457317635e-01,-9.474113091766010741e-02,-3.719546737926152646e-01,6.758493739992234017e-01,6.285673083158637153e-01,-3.948866894383443182e-02,-4.272920799765999450e-02,-3.096486322687095824e-02,2.213799395264988770e-02,6.376995082417428184e-01,5.250303520017126635e-01,3.604781732507562897e-02,2.288127935541767466e-01,-3.430555472145599971e-01,-4.373690878448301955e-01,2.489816392135804357e-01,2.393546116609943097e-01,1.680296406643150831e-01,1.198456796896198856e-01,6.265210568755941178e-01,6.666465444264100260e-01,6.546847560917086195e-01,6.581046303403533804e-01,-1.760832750443126760e-02,3.406520672877940553e-02,1.286591297272552115e-01,1.117167855069166882e-01,-1.556398003142967501e-01,-1.988496396509569775e-01,2.285491129449139167e-02,1.023130420005085028e-01,5.387979671019146183e-02,7.348282846832875081e-02,1.705119728834073312e-01,1.171349929356190200e-01,1.402396624895241306e-01,2.264679121594902200e-02,-2.356910471533437690e-01,-1.866646142720985169e-01,4.721501703732029070e-02,-6.378179722460107504e-02,-3.774228655233069496e-01,-4.681527698737897314e-01,-2.253077819977195861e-01,-3.758850235465435174e-01,-2.482989283919873058e-01,-2.532561962331235650e-01,-1.894769141236224974e-01,-6.584642452148360414e-01,-9.344682234996298797e-02,-2.742266276685030868e-01,-7.761318376743039926e-02,-9.570977815121074761e-02,-1.965644736023293149e-01,-8.694702403685908298e-02,-2.139959866692259238e-01,-2.591777810740588661e-01,4.140725685743687490e-02,-3.195305888716592491e-01,2.325309636928645507e-01,5.832250624356757202e-02,6.770671982439382952e-02,6.914938842624616597e-03,-1.134385452776218162e-01,1.213306428255753709e-03,1.716759703944919224e-01,7.883369925678015977e-02,-2.130602637799371146e-01,-1.795411509666708927e-01,1.850150129636201068e-01,8.464328928662556706e-02,-1.268834600907673138e-01,-1.297903866572764353e-01,7.167507173856024760e-02,7.923343212852609896e-02,1.543724761425881165e-01,3.873553464225016896e-01,1.947772649796977451e-01,3.050714207961385260e-01,1.364175181514566682e-01,1.002098085904431363e-02,5.559210187978903539e-01,5.438912347035257389e-01,-6.150831488944132758e-02,-1.746338029960594340e-01,3.919666271625892040e-02,3.563202987878590772e-02,1.711769112396735737e-01,6.876294203600734345e-02,2.228895993797479561e-02,3.198150064934601189e-01,3.492092221024243881e-01,3.150527068695507249e-01,1.665311360671450358e-01,-1.084268171610327514e-01,-4.736836660524621628e-02,-1.553986240582227729e-01,1.277906776211175932e-01,1.897460758943088632e-01,1.745519780429883455e-02,1.455008067933532823e-01,-3.593230643201698708e-03,3.596471951086765984e-02,-1.248844286276773463e-01,8.924029159530173783e-02,-1.180579922892800032e-01,2.056558381839207385e-03,-7.248204376869434029e-02,-7.581219433305981525e-02,1.665283992324604612e-01,3.082561046707406605e-01
-1.966626544089999928e-01,-2.155993771022173544e-01,1.835524901254987351e-01,7.671896327292761220e-02,7.704313399457317635e-01,0.000000000000000000e+00,-1.109196596844308491e-01,-2.209239042291213095e-01,7.418638038533237333e-01,7.871421853466860075e-01,-6.599738983881278664e-02,6.146596955404348001e-02,-5.513564216691980990e-02,-2.356480972985992503e-02,5.857501532314016712e-01,4.193931869818776637e-01,-4.266000042832052142e-02,1.666357865092770590e-02,-3.639841542906015470e-01,-2.979840114412092289e-01,5.402311752975826747e-02,2.415253066857610542e-01,1.020275195777207849e-01,4.044358380173002088e-02,5.781262606811407023e-01,5.931132661199741696e-01,6.890193732328969700e-01,6.349921209105984232e-01,-9.277562097702082844e-02,6.086918188151128201e-02,1.560274821423102976e-01,5.294625122575297854e-02,-1.630018585968414854e-02,-6.588499649979492889e-02,7.423283641760389240e-02,1.133320317941489824e-01,-1.548942716482680677e-02,-1.963716693397124860e-02,1.968385572211899248e-01,1.096492104259181588e-01,1.449475438652980674e-01,1.080335515296282217e-01,-3.568738806662293817e-01,-3.146676576016209093e-01,-3.005828117849865602e-02,-1.267871440297135555e-01,-2.227375603899471868e-01,-4.900728914347351473e-01,-1.610466725415869160e-01,-3.592306554898190840e-01,-1.869183948070858303e-01,-3.009159702097559119e-01,-5.392877961732837899e-02,-6.330893123901695230e-01,-1.122924785590321065e-02,-2.703294941090461090e-01,-4.076838804184466231e-02,2.711081327330476520e-02,-9.183408673748223727e-02,-5.736808085143182273e-02,-3.179937611677306764e-03,-4.511544438814912850e-02,-1.942899378980205913e-02,-1.475486733211618107e-01,2.299912422590691952e-01,1.745736725453459759e-01,5.722231569293067914e-03,-2.227047319919711957e-02,6.613454858980840614e-04,8.224823355160193472e-02,2.428751181863094410e-01,7.432208685877958465e-02,-2.293533106443875202e-01,-1.200143543153851799e-01,1.147231908465831396e-01,1.896408636900115408e-01,-8.857588467777458008e-02,-8.536279947843150237e-03,5.452876416260483972e-02,-1.199418518254272703e-01,1.063507931539286605e-01,1.605716085801638937e-01,1.301580444386418178e-01,1.849223856772038432e-01,9.776229929889097836e-02,-9.815546261287862173e-02,5.845879685914134871e-01,4.118741585399965377e-01,1.424758695589629920e-01,-1.815844584185701549e-01,7.721666581806886642e-02,-1.107054052694489421e-01,1.109021240971220235e-01,1.210540654927247731e-02,7.002094544906820039e-02,2.525980040624185574e-01,3.091383837355566322e-01,2.846539189204317921e-01,1.091212708310872470e-01,-1.794492823276731264e-01,3.236921586047224880e-02,-1.611072291660417266e-01,1.248694034345471382e-01,1.391358686969988538e-02,1.718758040990757754e-02,1.556642484257527402e-02,-1.244856564766048945e-01,-1.886602283121649182e-01,-1.501705058564500594e-01,1.865618724286772778e-01,1.242696146835609722e-02,4.837838292681743285e-02,-1.529613993740307487e-01,1.816128664197448617e-02,3.619087200650943775e-02,1.643521226178594752e-01
4.150368407680219973e-01,3.148054989784800917e-01,5.217897215274754918e-01,-7.925194226578972934e-02,-9.474113091766010741e-02,-1.109196596844308491e-01,0.000000000000000000e+00,4.583874735290485170e-01,1.246450880365831404e-01,-1.071890045153025273e-01,5.782563186511904263e-01,4.214112305996088326e-01,4.689581339962768380e-01,3.853753021574130577e-01,4.002264857690156219e-02,-2.732948204551740590e-01,3.000946711359570584e-01,-8.296827446137346185e-02,3.608779909467176306e-01,3.727424708100300910e-01,-3.892632790645328411e-01,-4.444761342868023268e-01,7.839372495440291577e-02,3.593263921982362691e-02,-3.628211213409767710e-01,-2.258171096600216088e-01,-2.838207807608018607e-01,-2.249063070533281472e-01,4.678447808648131812e-01,4.585582431333262154e-01,3.049892630705184904e-01,2.162876005891065656e-01,4.391913105659797090e-01,3.750871672555011749e-01,1.647510836196318662e-01,-3.400792445260175656e-02,-3.664319248843001531e-01,-3.629049911073536361e-01,-1.519575128792027829e-01,-2.595109972313815461e-01,-1.419765973775605761e-01,-2.683735174389372258e-01,-3.592895058908697759e-01,-2.707120704844927506e-01,-3.750998868295858379e-01,-2.134971046681716500e-01,-1.087720842957466960e-01,-8.334278400730844860e-02,-2.953216078154708435e-01,-2.017572669996985091e-01,-4.214651648900029079e-01,-2.928520140414078154e-01,-2.861859749390169849e-01,-6.391122777184689296e-02,-2.208280324161231989e-01,-9.358389010920344087e-02,1.287815762256706298e-01,3.134530642863250782e-02,-8.268418607038111046e-02,-1.932079546060691821e-01,4.322619015608363813e-01,3.927502388164094138e-01,-1.233146278111441341e-01,2.532159263916934355e-01,4.592934693399512436e-01,2.227759211520476956e-01,-2.191639136096098783e-01,-1.360710031575218526e-01,3.996934311224289299e-02,-5.559063908752300692e-02,1.355944304780847508e-02,1.724463887954007790e-01,1.452820107932780436e-01,1.073123557237759679e-01,-1.303129891766008075e-01,-5.045108976726560279e-02,3.310528778127216909e-02,-9.108227344099086020e-02,-8.509591876771707697e-02,-4.101279934008960487e-02,-1.135956392401808179e-01,-1.242001310627508480e-02,-2.458297855242164154e-01,-3.175609686999892878e-01,-1.585556359509247282e-01,-1.087983977302259542e-01,-2.252072356753037352e-01,-3.312765634168289841e-01,4.795757639376796444e-02,-2.707697428936331474e-01,-2.266686043492796288e-01,-9.384988416941343614e-02,-1.693286083728778035e-01,5.345261071537450032e-03,2.773325042338150026e-01,-1.593842410503491513e-01,-2.149713709473206613e-01,1.691286574440261509e-02,-1.956016210791788057e-01,-1.553129080386080225e-02,-6.529988573114102468e-02,1.365631969425153691e-01,6.522274922075266268e-02,1.973713070150597826e-01,-4.003807115907654368e-01,-3.712713666882118679e-01,-5.465934226169796850e-02,-2.103731549080991858e-01,-3.696655770069744856e-02,2.587854119873929104e-01,2.483033020890865472e-01,-3.681594195481421167e-02,-3.910282808687484679e-01,1.580869363171964470e-01,3.681377012317654795e-02,-2.489866078353805967e-01
4.095483859138305260e-01,5.475515202498698608e-01,1.664269474880062105e-01,3.452364496041944730e-01,-3.719546737926152646e-01,-2.209239042291213095e-01,4.583874735290485170e-01,0.000000000000000000e+00,1.863019287844985480e-02,2.191907066799381881e-02,1.778719133213698123e-01,4.935060112112585884e-01,1.873981618973134811e-02,3.261533790366279439e-01,-2.958943500377775315e-01,-4.629450280145361862e-01,3.037339704348834823e-01,-3.268618331414290673e-02,1.419210958990802240e-01,4.639447221897518570e-01,-5.155737145039073210e-01,-5.584702239406368340e-01,4.023690887548149464e-02,1.123532678451439476e-01,-2.508951079965069386e-01,-2.278868932435034744e-01,-3.426380411041556329e-01,-4.330908640544327004e-01,3.205151864603509315e-01,3.802262053529346097e-01,1.743535025812592287e-01,1.035338729437098176e-01,3.649942984115674416e-01,4.333398054243852160e-01,1.624949126153454604e-01,9.193559442432611140e-02,-5.115858844123969407e-01,-5.662023591871666595e-01,-3.875626759446851310e-01,-4.415935962099877266e-01,-3.740581662812350605e-01,-2.888906370660838663e-01,-2.600715120179381556e-01,-2.848233135432335916e-01,-5.053369735100496918e-01,-3.257062337269282515e-01,-9.045749822225723769e-02,-2.635911818563651532e-01,-3.344942359426814615e-01,-2.005083785326315371e-01,-2.912985204575982978e-01,-3.027415760996350902e-01,-2.487083190038896774e-01,2.598014248168940832e-02,-4.212384341733233506e-01,-3.732259234320079999e-01,3.451251296027830207e-01,4.206909402278337651e-01,1.830922593558891864e-01,1.301900654881874841e-01,6.107999747242277566e-01,6.168112271395607138e-01,-5.828174145518006527e-02,4.208234955750958517e-01,3.235306705033202390e-01,5.151178656311402593e-01,-9.166723646385395441e-02,1.909265690708074337e-01,1.711599122359195313e-01,2.450534802537195633e-01,1.931937221258909487e-01,1.817087610111238205e-01,2.440616956289398953e-01,2.428494214656046757e-01,-7.669966385839621648e-02,1.251066509202400923e-01,9.306263161294435482e-02,5.593184607204639176e-03,1.067719270632236650e-01,7.469122221741966716e-02,-1.334922450813000594e-01,-2.057351556725496577e-01,-4.766531705078307923e-01,-4.845600749896432080e-01,-2.919734816635897734e-01,-1.814639272319203134e-01,-3.172543076311012955e-01,-3.025273398307313233e-01,-8.360904377639611154e-03,-9.727249683821734272e-02,-1.596718997038369392e-01,-1.550093810016323626e-01,2.425015121327204343e-02,3.937373614979586441e-03,9.412515627374984373e-02,-3.643571452677846767e-01,-3.766243717140834724e-01,-3.500996061199286857e-01,-4.437526080747391521e-01,-3.316263777927968559e-01,1.787516641696675346e-01,1.460396980938440392e-01,-4.250442100314159866e-02,-1.092280596818982069e-01,-2.700488085412158235e-01,-3.502516491412251964e-01,-1.464213698387518969e-01,-9.153507729947600591e-02,1.705947822478007525e-01,2.457850580165502619e-01,3.215538070997979170e-01,-3.392638686771531908e-01,-2.585349110694528108e-01,1.910058415331031614e-02,-6.891454027882237821e-02,-4.413688239369829014e-01
-2.245933441645694972e-02,8.531096216493878892e-02,3.910541533967790695e-01,2.103861584683757446e-01,6.758493739992234017e-01,7.418638038533237333e-01,1.246450880365831404e-01,1.863019287844985480e-02,0.000000000000000000e+00,7.994971313570118365e-01,7.321142952248205216e-02,2.023070389892337173e-01,-3.457159392109927093e-02,5.141448961506590171e-02,5.971373925852138109e-01,2.202590916837792456e-01,2.310088574190942434e-01,1.195006679223795942e-01,-2.477269355292381903e-01,-1.392473906513725102e-01,-1.158561787933252846e-01,6.107776200909553407e-03,1.523159904041177515e-01,6.395406507870723956e-02,4.751833283319538692e-01,5.217320402306467875e-01,4.921649511324817095e-01,5.029101858946327663e-01,1.394694026644461293e-01,3.584061883039795782e-01,3.043234607323861418e-01,1.999739342012230026e-01,1.783849639191957548e-01,1.434402817525761153e-01,1.294678191495050035e-01,1.204657325583291527e-01,-2.989221647574296092e-01,-3.304938556505696567e-01,-4.630546649591856141e-03,-1.786886931251686350e-01,-9.949126690256339042e-03,-1.260520685515276185e-02,-5.336263554493086980e-01,-4.778685730461851855e-01,-3.471097486122766140e-01,-3.183913348348398342e-01,-3.216692178351556186e-01,-5.820489914531952191e-01,-4.579466000978096862e-01,-4.749923663562829468e-01,-3.362086689110315163e-01,-4.449672089873508152e-01,-1.658115925479963226e-01,-5.699515515367187257e-01,-2.313961618168302314e-01,-4.258520434705611035e-01,2.436004997279939688e-01,2.606070176558241136e-01,-1.239284400778570550e-01,-5.817579537418104269e-02,2.408819135630858310e-01,1.685046354597404261e-01,-4.604335312898962668e-02,-1.357953697721408885e-02,4.540236527223662222e-01,3.616121409810753029e-01,-1.798910078331536766e-01,-1.144884805728491051e-01,1.246294942067947970e-01,2.357310110224760669e-01,4.245798496475848283e-01,2.091995843236203745e-01,-1.349121721227239043e-02,3.667004659253703808e-02,3.191079584109109968e-01,2.375521635500330297e-01,5.974502558915574524e-02,1.537407373008520539e-01,2.279927213437638878e-01,6.987068262931755980e-02,1.926099855406995243e-01,8.465563430715607185e-02,-1.380144403107227968e-01,-2.397400167178277350e-02,3.875882850361137000e-02,-1.906292874657806169e-01,4.565116419357888589e-01,2.728714124062766033e-01,3.373495695748197631e-01,-2.122168916855455001e-01,-5.110564039150315707e-02,-1.404690986132816899e-01,6.832825296632534517e-02,6.700313060085763550e-02,2.723451496994770960e-01,1.315163667704780381e-01,9.790658147087408225e-02,9.781168951130578271e-02,-1.571674652530541949e-01,-2.650679306167050275e-01,-5.951826982138595790e-02,-1.485353286400341588e-01,-1.104724728534201353e-03,-1.679156489061963548e-02,-2.252716781543726565e-01,-2.318048096434084104e-01,-2.805096277768241997e-01,-2.913577945066775921e-01,3.960782901612523721e-02,3.700765162627397964e-01,2.297896466544128435e-01,-1.628912878050738644e-01,-3.121014730608006604e-01,7.888954028104518124e-02,1.469231247981314832e-02,-9.387190552615788663e-02
-1.489068286544418807e-01,-3.084516980744688580e-02,9.641866945536761713e-02,2.293713407535079574e-01,6.285673083158637153e-01,7.871421853466860075e-01,-1.071890045153025273e-01,2.191907066799381881e-02,7.994971313570118365e-01,0.000000000000000000e+00,-1.426876467061517773e-02,1.868910143346095565e-01,-1.763252050722768083e-01,1.728443375634583154e-02,4.787691613746835051e-01,3.842197613287027802e-01,1.229934142899296173e-01,4.288878734107986340e-02,-3.552179549155989879e-01,-2.395187747454974869e-01,-2.875772932398573244e-03,9.366584758471976913e-02,7.356657584851547527e-02,-2.993732331731307345e-02,5.357743270381470913e-01,5.678342491453901575e-01,5.587721771090148337e-01,5.399063525269742758e-01,-2.364766306973304505e-02,1.269877221497052178e-01,1.590153950581423836e-01,4.368622928618692836e-02,2.007830284391645681e-02,9.206866597649049355e-03,2.539820263507975087e-02,6.522165867507920267e-02,-2.104155213392607526e-01,-2.265620496902437386e-01,-5.821319932222492055e-02,-7.514138707334409861e-02,-4.663069537082123461e-02,7.109960784183115556e-02,-2.712576571167803485e-01,-2.613808308977419448e-01,-1.357788490435647699e-01,-1.097603092006448899e-01,-2.302047682764190306e-01,-4.803401076493228894e-01,-2.987089404057352016e-01,-3.479444598919151921e-01,-1.825016981621609968e-01,-3.139007908908294509e-01,-1.623761118763493161e-01,-5.248298727330750202e-01,-2.168799850706899512e-01,-3.595207868929444217e-01,1.836747898484071273e-01,2.235300468402633689e-01,-4.233642918852098536e-02,9.498045445206958204e-02,1.322912287475836168e-01,1.133543170002328793e-01,-6.236034791806123467e-02,-1.282726756352244868e-01,2.153954173074759115e-01,2.561759425831528492e-01,-1.347913463987347737e-01,-2.684726021048493977e-02,2.534338274805764471e-02,1.935497302206681536e-01,4.216755170122019059e-01,1.480898085994879487e-01,-7.162381461032925334e-02,-2.675566199981789517e-02,2.228598627128755283e-01,3.687338822968693197e-01,-3.221969654053355447e-02,5.532740680009388262e-02,2.545883399266639646e-01,4.639277939054643751e-02,1.641338676297309229e-01,1.229432816224299424e-01,-1.033302292246074533e-01,8.342683567950424928e-02,2.914786380761936330e-02,-1.008936590856717719e-01,5.042331643973719801e-01,4.685377906316934848e-01,1.041056755135277151e-01,-3.381564061252533004e-02,1.186298853162006534e-02,-1.012745130988652320e-01,1.672273370519626323e-01,-2.067294381391616281e-02,5.789351451087350331e-02,1.675240101970971096e-03,4.367237975186726712e-02,-6.257710105113198189e-03,-7.665210014009588013e-02,-2.532567232972706139e-01,-3.898579843816000253e-03,-1.673335105392829425e-01,-1.753783333025610292e-01,-7.979877880788492639e-02,-1.634161097631467094e-02,-2.462456934364323086e-02,-1.180319325077009568e-01,-7.630318875395193656e-02,9.097443126753530784e-02,2.481219697008530400e-01,1.154121870341610345e-01,-2.135563879778751284e-01,-1.037684514296393357e-01,-5.597484734845062371e-02,-3.741563544920606388e-02,-6.792473864256116933e-02
4.545621242509957360e-01,1.966953738887777248e-01,1.098907741973048219e-01,-3.875361866253247967e-01,-3.948866894383443182e-02,-6.599738983881278664e-02,5.782563186511904263e-01,1.778719133213698123e-01,7.321142952248205216e-02,-1.426876467061517773e-02,0.000000000000000000e+00,6.046488459051950759e-01,7.676322863614424286e-01,5.251282156831106329e-01,1.341740048374251981e-01,1.416196960094186219e-01,2.130476520679537022e-01,7.495472180504705872e-02,1.920992616682010712e-01,1.138977222751922508e-01,-1.469820137718179931e-01,-2.423546877775761832e-01,-1.425133034955067546e-01,-2.152496959434549439e-01,-3.222219534134474483e-01,-3.247712313135601714e-01,-1.387765265155809780e-01,-4.335427689272554341e-02,4.365401320173112887e-01,2.790683702695397339e-01,-8.827797563293878630e-03,-1.405054008317719039e-01,1.099975747545420546e-01,5.579138326325749908e-02,-2.210944170030800654e-02,-2.532453617540727508e-01,-2.372620345989316371e-01,-2.782816449252986657e-01,-4.542190770748287532e-02,-5.625798089447921202e-02,1.351266444851632886e-01,-5.309602453945780343e-02,-1.022734759052127268e-01,-1.090532073330855722e-01,-1.989825542679584114e-01,-1.100162217879264298e-01,-2.405610346060452209e-01,-1.163951652203270432e-01,-1.394515469578875844e-01,9.920432126794718683e-04,-1.945312276852166067e-01,-9.698537768347796628e-02,-2.445541891281424185e-01,-6.242506200111254400e-02,-1.774276921610236368e-01,5.419019964067904593e-02,4.385841175769647493e-02,-6.451805206006787363e-02,6.013027372113042418e-02,7.221918945561529857e-02,4.790325016037524919e-01,3.146678248549649726e-01,1.207750884057012808e-01,2.729610822715134999e-01,1.685550080628596126e-01,1.552879702605012013e-01,-2.961921781707037571e-01,-2.242507083782004362e-01,3.472022890647354088e-02,-7.675041118667422224e-02,-1.043707270034288231e-01,-4.722530954540797576e-02,2.020571843260278166e-01,1.615756925795859278e-01,-2.144277216280641996e-01,3.443090351359077029e-03,-2.169551531896129204e-01,-2.151742364258966700e-01,-1.806712509601000327e-01,8.890819601685086282e-02,-7.232922694958922316e-02,1.243280930920791366e-01,-2.174494459902211532e-02,-4.496454833110531679e-02,1.323089229186814007e-02,1.441003891711754858e-01,-1.198225773518716564e-01,-5.187621836833652966e-02,1.977118414737191049e-02,8.434416884771421541e-02,-2.515269939976598201e-01,-1.598922708989604924e-01,-2.103184797620412938e-01,-9.192930547832010857e-02,-9.675229413869376738e-02,-1.235408767199703411e-01,-2.155769545125565401e-01,-4.696877312118830777e-02,-2.243001102327517315e-01,5.256674768162129634e-03,-7.208596038516375260e-02,2.294716488879644523e-01,-1.956663485247269463e-01,1.513094558646908561e-01,-3.726488586823731297e-01,-2.300146273398855912e-01,3.023563506425438335e-02,-2.001148179149973283e-01,-2.071194749827602877e-01,3.005023566636676538e-02,-6.947772359466866665e-02,-2.279464019948235221e-01,-1.409150599159541585e-02,-6.397569464715292809e-02,-8.143833742001000200e-03,9.481823661440537399e-02
3.872962754069371738e-01,2.295025087129705099e-01,3.780199620599017374e-02,8.154900306894932727e-02,-4.272920799765999450e-02,6.146596955404348001e-02,4.214112305996088326e-01,4.935060112112585884e-01,2.023070389892337173e-01,1.868910143346095565e-01,6.046488459051950759e-01,0.000000000000000000e+00,5.483395030902974421e-01,7.750771837563659172e-01,2.829165269251062223e-03,-1.851594425626604257e-02,4.047083317264995039e-01,9.301913303462198968e-02,-8.293172254365470397e-02,5.573420537764323113e-02,-5.648376886834653998e-01,-3.718202827088643025e-01,3.851665028247396039e-02,7.141214826712359576e-02,-3.742588972546466441e-02,-7.557205457280007088e-02,-2.420305722776885382e-01,-2.342088678897012721e-01,4.536747983797342343e-01,4.542250607585309186e-01,1.947588199120757202e-01,1.398935682926449320e-01,2.461104059160631463e-01,3.082109842431600688e-01,2.006521818325658624e-01,-1.208665245364337788e-02,-4.230537289953868463e-01,-4.938541656948566283e-01,-3.298927367275342887e-02,-1.767128875162013446e-01,-1.378379774933638502e-01,-2.299498418640209818e-01,-2.229601275105299041e-01,-2.291065770891136943e-01,-4.726586699603779751e-01,-2.115394169479845876e-01,-2.021012231858074493e-01,-3.657382290493337851e-01,-4.107913778699019414e-01,-2.091044631751730054e-01,-4.683458194214120129e-01,-3.345606791410120073e-01,-4.589881466485505324e-01,-2.740574750972576967e-01,-2.132181265035946183e-01,-2.650412867946154161e-01,1.379856744980041683e-01,1.406074765307898933e-01,1.184295700367628268e-01,9.858833087673510298e-02,5.365583450237454421e-01,5.770828710282818186e-01,-6.078863102249357220e-02,2.767652914723013335e-01,1.432175286567267669e-01,5.593338821807997130e-01,-2.756358518067932861e-01,8.611513916678152636e-02,-6.860048416605997457e-02,-7.014676927765749193e-02,-3.339064450658468797e-02,9.381161404460755526e-02,8.223718401639501518e-02,1.966345933604884619e-02,-3.694336890916190969e-02,1.321094061101260042e-01,-2.035828977050575250e-01,-6.305384791020467172e-02,-1.948879424076262468e-01,6.435824705780207600e-02,-2.611847953535422207e-01,7.663123045374915787e-02,-2.612451350660058291e-01,-2.000487862262969874e-01,-4.183428759166556432e-01,-3.342511921466626706e-02,-1.915604568356013004e-01,1.374417353470820669e-01,-7.301334697750336278e-02,6.741170774589744230e-02,-2.215672937673648368e-01,-3.383576991733847072e-01,3.903144465152693157e-03,-7.441244974707725279e-02,1.337087561474580022e-01,5.978319425478575977e-02,-5.198669436011223166e-02,1.479745058741587516e-01,-2.700558889805044771e-01,-2.635741319274295114e-01,1.399123619475600537e-02,1.592887540312622474e-01,-9.428036378610114843e-02,2.072761086981853018e-01,-3.973175646094210811e-01,-3.581376053103538792e-01,-1.981679586225761347e-01,-1.513408434453673290e-01,-3.839136266043831069e-01,1.845720108349893085e-01,1.084603943566824630e-01,-1.349017644484122869e-01,-2.207491120013205521e-01,1.315814909549295197e-01,3.042205297381077589e-01,6.371895711623795644e-02
3.034791645087213663e-01,-5.063180053226788713e-02,1.239069814320248181e-01,-4.801215841964286968e-01,-3.096486322687095824e-02,-5.513564216691980990e-02,4.689581339962768380e-01,1.873981618973134811e-02,-3.457159392109927093e-02,-1.763252050722768083e-01,7.676322863614424286e-01,5.483395030902974421e-01,0.000000000000000000e+00,6.231683045645098895e-01,2.097101989095891683e-01,1.771035205421921110e-01,2.142980797394773151e-01,2.947980834666826810e-01,1.973608143173687657e-01,1.001640074948251524e-01,-2.597675548296509151e-01,-1.575518817736056565e-01,-7.154912169228778984e-02,-1.144538728500578278e-01,-2.468469157834822791e-01,-3.015732304231703576e-01,-1.934801895864778354e-01,-1.187440093940731745e-01,3.506474499482026275e-01,2.514974637532560453e-01,-6.684194179610132569e-02,-1.273972627273883829e-01,-1.280212718112569599e-02,-5.494369426226017317e-02,-1.199244855547171307e-01,-3.607615077058923259e-01,-8.017261331150045411e-02,-1.150971371256492987e-01,1.922591274398310346e-01,1.217852307356019070e-01,3.237420322928141192e-01,1.509939380234491361e-02,1.973460542915702470e-02,-3.201788143838599221e-02,-4.160902031511080901e-02,3.591785432222305285e-02,-1.786751400010828383e-01,-5.109253383346613886e-02,-8.479238818899675553e-03,2.157744808013390206e-02,-9.540731151303880053e-02,3.499594685685167988e-02,-1.836432419914998670e-01,-1.430945677335522803e-01,7.622687401154244757e-02,1.256777648064706376e-01,-2.163547071857240545e-01,-3.373383793188448054e-01,-7.806718171408878748e-02,-7.924076728583429041e-02,1.670739626045160409e-01,4.308807496746445975e-02,2.158742681711916522e-01,1.386098680893231572e-01,1.280694309402752029e-01,-1.095391619511378208e-02,-2.763198314849725779e-01,-2.202495548813446224e-01,-6.239616027795114733e-02,-2.483096630826728823e-01,-3.268310035017724657e-01,-2.362701875753523695e-01,-6.705594179184812265e-02,-4.933814205104400386e-02,-1.612112412739832856e-01,-1.224470093505752033e-01,-3.989275304862456295e-01,-3.410597322957806266e-01,-2.211649460490936470e-01,1.492444919384124102e-01,-5.413346206556788470e-03,3.341891689337379567e-01,2.177052919885999471e-01,9.837142989112448999e-02,1.039453843063600919e-01,2.642196978390627948e-01,-1.306653873900943674e-01,-6.957020911731050250e-02,1.361730738584330212e-02,-3.845641577936636385e-02,-2.516481809716317741e-01,-3.276775901221334886e-01,-3.384851184599605434e-01,-2.324133500565561394e-01,-1.760011044351240950e-01,5.681389283860692474e-02,-6.123845093388442795e-02,1.202303658405362852e-01,-1.814220444232052531e-01,-3.335972892347019436e-02,-1.432799341246230873e-01,-3.200569670215518830e-02,-1.512075333396616095e-01,-4.359027162953425100e-02,-1.416629233915623620e-01,7.718105325808882755e-03,1.060713659019478367e-01,-1.253189038158060431e-01,-4.011612666119523940e-01,-3.748651953674015519e-02,-1.994858014057319662e-01,3.562324514470278231e-02,-2.445722603618246185e-02,-1.086719977703943241e-01,6.933711465569747379e-02,2.910020011108021554e-01
