0.000000000000000000e+00,8.413333677864739402e-01,5.081118236330339766e-01,4.233515003937605992e-02,-1.143193389166337059e-01,-1.545545630740633170e-01,2.769783517212665025e-01,-9.613032766380401328e-02,-2.902217624310700628e-01,-3.028215694212795239e-01,7.280805950768564072e-01,7.979494608830701302e-03,2.957294029012360048e-01,-1.867056608429988884e-01,1.903527019139062415e-01,5.915188835029126790e-02,1.957723875744271369e-01,3.599088759706688956e-01,7.595859002996980802e-01,6.936022952467063574e-01,-2.444094109849070384e-01,-1.180141514280588638e-01,2.327262451644549479e-01,2.093567151442067009e-01,-1.115609519196673199e-01,-1.384917397883442258e-01,-6.351687193056756997e-02,-2.157507008805347598e-02,1.057209432008117816e-01,1.769238804228867937e-02,-2.650662781371251331e-01,-3.117614625374755255e-02,4.953621528435830923e-01,6.733958657759958610e-02,1.969855056052992603e-01,1.480654786139009617e-02,1.946575827347313964e-02,2.457209631937777861e-01,-2.168506595520666436e-01,-1.477561172065973427e-01,3.205111415754956505e-01,3.600861773647887065e-01,-1.926434366739356585e-01,-9.739892974804596759e-02,3.781787090350409164e-01,1.420969786130528989e-01,-1.477748253747728224e-01,-3.691337334316930341e-01,3.031523326533512933e-02,-6.536784405267409559e-02,-2.823244428021636221e-01,-2.184462220213130856e-01,-4.559373778601272242e-01,-4.025272289598856856e-01,-2.969455545295948129e-01,-5.363893685264597977e-01,8.825064065787294743e-01,8.199560850049697480e-01,7.090919908057120580e-01,4.745937054759503115e-01,4.953333546356458728e-01,-1.532093346297675601e-02,1.359060737078245096e-01,1.596377942549665196e-01,1.300137795978727473e-01,-1.885347161058256449e-01,4.424876853484102091e-01,3.090015429187730756e-01,7.844152832741612125e-01,8.452888953656485516e-01,-1.130243617403847538e-02,-1.098098186351207234e-01,-1.954852883506007499e-01,-3.304617695435331792e-01,-9.040299620121074187e-02,-3.002833330205667006e-01,-1.036628326355697460e-01,2.351348525912129450e-02,-4.584807582371518975e-01,-4.686738175017375885e-01,-1.718645234065789840e-01,-7.978982772792345135e-02,6.279060284743218957e-03,1.321576024449987452e-01,5.331259020697682871e-01,-3.032400097165393049e-01,3.506097639063453508e-01,2.284129822537636356e-01,-7.783351210183513114e-02,-2.766767855274556154e-01,-6.959644500625220553e-01,-6.593203689608634344e-01,-6.561224558094970183e-01,-5.278176482063841046e-01,-3.551728728191614892e-01,-1.538576184923713674e-01,-2.708284463263196939e-01,-6.004748418369254548e-01,-5.909624500141743564e-01,-6.059383631974776252e-01,-6.349973732066259702e-01,-5.027669478585542473e-01,-4.887069200927310342e-01,-5.308117886431755750e-01,-3.057117000250978434e-01,-2.623078720870857250e-01,-6.937044025341744524e-02,-1.875244326931277405e-01,1.126270769228866764e-01,-1.556765408119759886e-01,-2.961297418227257783e-01,-4.615555866005041641e-01,-5.401108086162430544e-01,-4.920106441956072496e-01,-2.645114574434905830e-01,-6.996752378235640557e-02
8.413333677864739402e-01,0.000000000000000000e+00,4.420426827865238106e-01,2.584713687377075964e-01,-5.842147425200518857e-02,2.856417144922924686e-02,-2.555122739147042826e-02,-1.308637719441678726e-01,-4.698524299595336906e-01,-2.280726536791527759e-01,4.313971623703779512e-01,1.435730703481016557e-01,-7.290091699921157076e-02,-1.844201398007271619e-01,-3.800779447288775426e-02,1.357420667897460687e-01,2.712015122733168471e-01,5.784321770883071867e-01,6.585030224312291569e-01,7.672335570732456977e-01,-1.853670529393288968e-01,7.706861051679257842e-03,3.066877410644192059e-01,3.756517717667712808e-01,-3.060016280222295840e-02,1.221391196539593944e-02,1.593444040473103451e-02,1.108408649816575164e-01,1.104129614822294964e-01,1.106841165896082779e-01,-1.958976311601623166e-01,1.121069664425671103e-01,4.345631696321592408e-01,1.518485506054504941e-01,1.451244738619680286e-01,-9.831507260930625811e-03,8.142923664007905779e-03,3.149827277050491481e-01,-1.497681220670046831e-01,-7.426099578318781647e-02,4.528992861933417435e-01,4.860506090195422790e-01,-1.577791867972351547e-01,-3.147627014579088001e-03,4.104434098396987363e-01,1.370343666240957659e-01,-2.095117352385720555e-01,-3.368044544383421712e-01,2.934340081273151962e-02,-1.370483678266498917e-01,-3.979144175169207487e-01,-2.489684855205867575e-01,-3.755453806935755146e-01,-2.890443209581478046e-01,-3.589163612944993864e-01,-4.052571648852276165e-01,8.347629622293848417e-01,9.192800466608277432e-01,5.472606241244565295e-01,3.941534059550695912e-01,1.127105062258320634e-01,-1.069361499003496779e-01,3.160142228980643286e-02,2.715057405958575809e-01,-4.505366150850093065e-02,-2.457040337703575716e-01,3.210442455071358947e-01,2.824699923910338195e-01,8.049711608503389293e-01,8.778341830707012683e-01,-5.521760401355261388e-02,-1.067836157014071669e-01,-2.492250211009658378e-01,-2.393904473544362921e-01,-2.287553657142724906e-01,-3.257129281273732913e-01,-3.119641632584745361e-01,-9.424029847315035235e-02,-5.169115405058160029e-01,-4.087530734446676584e-01,-1.198233799550143253e-01,8.757772471813447812e-02,8.609296124160728536e-02,1.940659490182126690e-01,4.256015712614562019e-01,-1.120750662937822634e-01,3.880932714398089844e-01,3.339522841339527259e-01,-3.223539202204296350e-01,-1.621636678092502615e-01,-6.994398842706684993e-01,-6.452140634004051023e-01,-6.818268992200120504e-01,-5.721254827696097278e-01,-3.120208735906344066e-01,-3.520800358910386452e-02,-1.990968382974151463e-01,-4.549835034999675787e-01,-6.201786705519897192e-01,-5.921690253197032794e-01,-6.488373765580414121e-01,-6.049169164453536141e-01,-4.851335700692819830e-01,-5.667167143811451258e-01,-2.633585622440388629e-01,-2.001753740504557677e-01,-7.512511671852697970e-02,-1.007280606781744137e-01,1.918024848366797486e-01,-1.313747537366211637e-01,-4.065049646132086192e-01,-3.926672259593336212e-01,-5.078592555182872559e-01,-4.493453923458565202e-01,-2.105055662204674827e-01,4.585231210661192686e-02
5.081118236330339766e-01,4.420426827865238106e-01,0.000000000000000000e+00,6.035403626665007959e-01,1.408769757010195633e-01,1.193828909488551387e-02,5.546323089219206137e-01,-6.405062863965216638e-03,-9.354652460411894133e-02,-6.437709782525180557e-02,3.737079802647405580e-01,4.527496752127893598e-02,3.588659613196573672e-01,4.664598001476126521e-02,3.496958255241134350e-01,-5.953388282046934155e-02,-1.624300417556681642e-01,-1.289036479550467610e-03,5.657052357158929290e-01,3.381969767034317398e-01,-1.012373790766449844e-01,6.517608973550630125e-02,7.769395190484189584e-01,6.518397799371172807e-01,1.593654902735233136e-01,1.099053752971747983e-01,1.120884249588808695e-01,1.813289773446693232e-01,-2.683839100040000258e-01,-1.548910105577528673e-01,-6.237745962556379836e-02,2.117791231360425797e-01,4.077680880600415558e-01,-6.185366020776744689e-02,4.690901498215329646e-01,1.839804134748475040e-01,9.278884317507132828e-02,2.365967021919624935e-01,-2.936031294950441350e-01,-1.884630112400390578e-01,3.892023822298975033e-01,1.896200894725554309e-01,-1.388541663117018599e-01,1.094024921397638087e-02,2.204636164738250637e-01,-5.055411642847413428e-02,-2.091805992172000861e-01,-2.762034009704400495e-01,-1.315399437054489418e-01,-1.494214664063510112e-01,-1.900429416310771280e-01,-2.029807689261752257e-01,-3.898073896781782954e-01,-4.125067925723347462e-01,-4.260131491962427797e-01,-3.789645705196483805e-01,3.984888173369011133e-01,3.955826275559043981e-01,3.001520368100200620e-01,7.493552234302415516e-02,2.989609450924389789e-01,-1.112813427627506457e-01,-3.690587332082760907e-01,-2.091236070763566324e-01,4.300821858776408546e-01,-8.183974653423130297e-02,4.632831081966468090e-01,1.884002797970415199e-01,3.130472610149437340e-01,3.786836710829039609e-01,2.866099199626467864e-01,1.365367527284453153e-01,4.751162021904929006e-02,-3.457766541707355673e-02,-1.220688673768279969e-01,-1.475147590725814917e-01,-8.678169760509157893e-02,-7.101437584305893280e-02,-4.449781672190395443e-01,-3.234240584433057397e-01,-3.725893151723140284e-01,-2.148394213161880506e-01,2.897503323254330132e-02,-8.531314662731535881e-02,4.515994397857874820e-01,-3.663090124066414321e-01,4.193218338030140768e-01,2.674695150930122556e-01,6.816244080410382988e-02,-2.813011655971369152e-01,-5.361667658072278853e-01,-3.913065712898066151e-01,-5.512192369040517237e-01,-1.323770652448939544e-01,-3.557950998037897605e-01,-3.539113133028359837e-01,-3.071945906026395945e-01,-4.410911869220622283e-01,-4.284465147712756550e-01,-3.539022172337594752e-01,-4.972284896221051409e-01,-2.796383206641824271e-01,-3.677175180369029461e-01,-3.194438931839334028e-01,-2.474415167079066780e-01,-1.032655825014979489e-01,-1.007933612141871382e-01,6.998549132955262861e-03,1.729701185536162977e-01,-2.400672911425074663e-01,-2.722585400744148010e-01,-3.779449191922273910e-01,-4.385900881845971599e-01,-3.984052773738750997e-01,-1.447372732252494298e-01,-1.224415520353905745e-01
4.233515003937605992e-02,2.584713687377075964e-01,6.035403626665007959e-01,0.000000000000000000e+00,3.570866923943722959e-01,3.677689819908693813e-01,2.003188599056942021e-01,2.985525382529141680e-01,-9.994337310069233149e-03,3.155749862260968097e-01,-1.258857608768691461e-01,3.474514175300221219e-01,-1.599178454071452926e-01,1.814226205942648940e-01,3.251669698070515369e-02,1.491986524873120945e-01,1.146247420268280484e-02,2.416807740485076017e-01,1.723481816972702585e-01,2.773881844446621781e-01,-8.495125131411157549e-02,1.326991501945934404e-01,6.395363542873251372e-01,7.441462664248853498e-01,3.153128697686019555e-01,3.885431497227972431e-01,2.273114574518985687e-01,3.822899736130949133e-01,-1.247542435037912317e-01,-7.415561643735410491e-02,2.517395807178109957e-01,5.421753058998942665e-01,1.243033379045779263e-01,1.506166894179809812e-01,1.904523739655741010e-01,9.847897150744651384e-02,-5.128410527365952210e-02,1.565206233225504284e-01,-2.143120578011182553e-01,-1.682380245809314001e-01,2.990438383054783711e-01,1.644513505138783527e-01,-5.400654622977032332e-02,1.669962092828050360e-01,5.431884143128810905e-02,-1.353672151008328273e-01,-1.747017583678766584e-01,-2.108845238226142449e-01,-1.422959832074342790e-01,-2.666850847076300823e-01,-2.797053728397976835e-01,-2.417412043326533921e-01,-1.618371391263905279e-01,-1.582674470702501446e-01,-4.281164165829450807e-01,-1.793951112754280652e-01,1.076526000883308437e-01,1.637009541706490878e-01,-5.077191766774682979e-02,-9.692518929530921645e-02,-1.076968471020112450e-01,1.423167395396591865e-02,-1.760623826188639773e-01,1.719724597475646988e-01,1.015470260424192472e-01,3.050304701985958114e-02,1.342579946025145854e-01,1.878143673776900835e-01,1.255841573460086125e-01,1.363130425533567724e-01,2.792052359666193362e-01,2.253278112159128599e-01,6.898879265262249094e-02,2.465605134418754896e-01,-4.778159593554793388e-02,-8.685485905549060817e-03,-2.130380240967220673e-01,-1.226557767634006008e-01,-2.323613798098132788e-01,-1.111375327270151536e-01,-1.912538546592644773e-01,-1.752950790709292481e-02,4.644286772989610762e-02,-3.994843214082335198e-02,-5.692487008802032261e-02,-9.773667386970091853e-02,3.769013403523200911e-01,2.590399092082243393e-01,-2.752748322001025150e-01,-2.535865820432820980e-02,-1.983040488671394819e-01,-2.131053674837598000e-01,-3.146879764347859654e-01,-1.477686631090840697e-01,-2.550129556927490659e-01,-2.167918966249965107e-01,-2.046404859282048294e-01,-6.741154491126974402e-02,-1.511886002427340614e-01,-1.170992783992206715e-01,-1.911841039560525646e-01,-2.747530850645030776e-01,-1.083615642939483453e-01,-2.199247561958100894e-01,-8.724692699067276846e-02,4.490287020076119684e-02,-9.701178052788458905e-02,1.662786109926771005e-01,8.410850892836503612e-02,-2.306662167003954156e-01,-2.655824027908494367e-01,-6.760146313896461812e-02,-1.313939695192552770e-01,-1.083765615453407272e-01,-9.882998075271820504e-02,-8.844549137859458385e-03
-1.143193389166337059e-01,-5.842147425200518857e-02,1.408769757010195633e-01,3.570866923943722959e-01,0.000000000000000000e+00,9.004585398483334613e-01,1.531669481760885021e-01,1.702764322648903372e-01,3.509835149921166630e-01,8.471972171151115338e-01,-5.513735328204377728e-02,3.802950511288820667e-01,5.242168141047469365e-02,4.418919456133498791e-01,-7.082187352246510637e-02,4.979861292708347986e-01,1.082948912467789071e-01,-5.042800364648938882e-02,-2.263587318001449022e-02,-1.296609014656522063e-01,1.807689625589714577e-01,4.202451797212756746e-01,3.572301861944653378e-01,4.782893500270640197e-01,9.014512573531430206e-01,8.864375221082294587e-01,8.321538262551646525e-01,8.537512576196077951e-01,1.522609882141498228e-01,3.302618638464624445e-01,7.640266184657951154e-01,6.939374768706371155e-01,1.508369612855015029e-01,1.091948226120949272e-01,9.727969626774682355e-02,6.405494046271918707e-02,-2.811983147469870881e-01,-2.230279364482662119e-01,2.633173824996217632e-02,-4.030523274974948111e-02,1.232644576917847484e-01,8.172208830461026585e-02,2.795361646952168599e-02,1.092106991218508433e-01,-2.891226433920230862e-02,-1.575930852904027790e-01,-3.546288685075810188e-02,-8.177627774540655037e-02,-1.094458765955905327e-01,-2.934549186233429419e-01,-1.125712689694743363e-01,-5.044331291956247187e-02,-1.659795647828422593e-01,5.616871591682106798e-03,-2.912176630336322791e-01,-8.188942796822559766e-02,-1.125470571345043441e-01,-3.224645964972615297e-02,-1.659106068180245599e-02,3.732498035134863834e-02,-1.075143687714761459e-01,2.033381435205315613e-01,9.916408188190237172e-02,1.673527177672134159e-01,-4.782236778675592881e-02,2.330602791943550689e-01,1.409403508043058917e-01,2.383769398232739867e-01,-2.095968263852753810e-01,-1.441660819497459223e-01,3.612737550172733791e-01,2.559826473508605704e-01,-1.689393024673804256e-01,2.485974114333535656e-01,-9.116973427859896562e-02,-1.707696967717799996e-01,-4.381585581686038289e-01,-3.694104314257740662e-01,-4.503245582271593259e-03,1.501263997011427764e-01,-3.801926564580081214e-02,5.120306604182881666e-02,2.405591067519790016e-01,2.206136617503737241e-02,-1.363572342581945429e-01,1.060811119771457034e-01,3.196489950801774116e-01,1.282553422031517121e-01,-1.242382697325066648e-01,1.613553051887605116e-01,-1.733066350892919216e-01,-1.745431320409480402e-01,-2.204212519133097736e-01,-1.662064102158312684e-01,-2.979784733086899839e-01,-2.532934061461051267e-01,-3.072766556683391714e-01,-1.439037175678278546e-01,-2.678145756664803701e-01,-3.055506588838007853e-01,-2.460137026509175984e-01,-1.081851491480577548e-01,-1.838298213987377694e-01,-1.742799772557712956e-01,-4.065448461322683227e-01,-2.682959235305417134e-01,-2.802635004669261076e-01,-3.491767017666563833e-01,-2.020237871807147034e-01,-4.069281182562822230e-01,-4.574947036091333574e-01,-2.758178661644226093e-01,-2.288417944314874164e-01,-2.577081432198936595e-01,5.418677276006756555e-02,-2.276786385171268301e-01
-1.545545630740633170e-01,2.856417144922924686e-02,1.193828909488551387e-02,3.677689819908693813e-01,9.004585398483334613e-01,0.000000000000000000e+00,-1.083706376515049391e-01,3.987001457759898476e-02,1.566529908627263823e-01,8.385289696781466073e-01,-1.803010264656905171e-01,4.514564547268034023e-01,-1.943457730979398224e-01,3.765598989254899109e-01,-2.114190170930942969e-01,5.327375081616669839e-01,1.444412073812079145e-01,1.934487063799003037e-01,-1.430529472654852585e-01,-1.012478104025349018e-01,1.753547327739993222e-01,3.891352085151058016e-01,2.660160340256246814e-01,4.773985942804508387e-01,8.918152998140591592e-01,9.273490702944384712e-01,8.168904354003980739e-01,8.692175770544861013e-01,1.087224125919711432e-01,4.075430909730404783e-01,7.544939865057853634e-01,7.073809407600425425e-01,1.039661817237175212e-02,4.218769288428853015e-02,-6.235888444182335205e-02,-2.691506243643238677e-02,-2.290903218386723950e-01,-1.127159258873801917e-01,9.744587165410908969e-02,6.555048441124582126e-02,1.630013145338517211e-01,1.269679973717966759e-01,-5.132404309625310246e-02,1.134330309689809552e-01,-4.751099741392575404e-02,-1.049568677234205549e-01,-1.035071333040404468e-01,-4.757735381979916189e-02,-8.970660269920689711e-02,-2.125718418538248555e-01,-9.559231043953578255e-02,1.795537014286886085e-02,-8.897178087298512547e-03,1.640729458428441812e-01,-2.274073298948790511e-01,2.688817801189767251e-02,-1.192435594359498169e-01,6.664564067102229927e-02,-3.034749025356470176e-02,1.117219242007173735e-01,-3.306096131323701393e-01,3.924979905774621941e-02,8.680328095861590543e-02,2.274361226709811501e-01,-2.463325347500337770e-01,8.469624903180242304e-02,-1.409873024690417795e-02,1.487420115430693468e-01,-2.299831937262932502e-01,-1.311960132983383542e-01,3.005217703493560100e-01,1.740503248993167940e-01,-2.674777402476249399e-01,2.305919132264879212e-01,-1.626406054089852005e-01,-2.649228154171807681e-01,-5.325521809237162563e-01,-4.520934904733383553e-01,-3.316371524121358022e-02,1.745409684475548173e-01,6.813459545580419219e-02,1.650966226381598290e-01,3.106713858635818393e-01,1.391822805257681150e-01,-1.375785464674781078e-01,2.232759817187678908e-01,3.928142258581441837e-01,2.582438586415191084e-01,-2.030611288585136565e-01,3.353379880205173413e-01,-1.186382862388405957e-01,-1.560902756135074398e-01,-2.083037419925616307e-01,-2.182527098475153804e-01,-2.943196572872195382e-01,-1.633064239354127811e-01,-3.590186987643559924e-01,-1.507657105762704175e-01,-2.623498509604239581e-01,-3.039044986752859057e-01,-2.027929713304956194e-01,-2.064740320345562485e-01,-1.034934759738977555e-01,-1.418772234029688495e-01,-4.242575650477038440e-01,-2.923637658377627457e-01,-2.597759496383119093e-01,-2.889408661311181348e-01,-2.475618177889429838e-01,-3.646651088084493786e-01,-4.765593413035153492e-01,-2.087109838343670365e-01,-1.707571201069091882e-01,-2.138964547958761842e-01,-1.286943388969725988e-02,-1.857993619133462559e-01
2.769783517212665025e-01,-2.555122739147042826e-02,5.546323089219206137e-01,2.003188599056942021e-01,1.531669481760885021e-01,-1.083706376515049391e-01,0.000000000000000000e+00,5.136078149181140251e-01,3.743716675089534540e-01,9.304830177947991110e-02,5.441500521761916120e-01,1.224975762089350051e-01,6.618140065700619523e-01,2.344764049808402417e-01,1.880072527699988005e-01,-5.348490485218783397e-02,-1.386249878916445410e-01,-4.141701117177696290e-01,4.399458087387699279e-01,5.516951949545680772e-02,-2.827460992913142235e-01,-1.526264324545982265e-01,3.230666391422862271e-01,1.429522875119705327e-01,2.241412091028334788e-02,-6.415150404881250767e-02,-1.563841663399860582e-02,-4.241832089751426671e-02,-2.558510772098643998e-02,-1.790493164816877314e-01,-1.776504814252181583e-02,-2.170710264694041599e-03,2.530243935323868154e-01,1.095377097097107455e-01,2.738920023130792525e-01,1.468963364599659427e-01,-2.466453414299525082e-01,-3.029075556517853429e-01,-3.765737627560437062e-01,-3.878975832626355147e-01,-1.815923231169738195e-01,-1.993512369770361892e-01,9.215091811802474109e-02,3.339190650198370358e-02,2.782458132144779647e-02,-1.989924262359672180e-01,5.647937079503284608e-02,-1.563249441699558762e-01,-6.337973213670003783e-03,3.626269153689189954e-03,4.442099595658571126e-02,1.713783675466434148e-02,-3.022773906496935559e-01,-3.620197204226770493e-01,-1.008822569003760689e-01,-1.875575398066567090e-01,6.538985687277509840e-02,-6.490726824337708645e-02,1.469125788458848780e-01,-6.580619534188619779e-02,6.778200752802810980e-01,4.465475269438373140e-01,2.587937745063740094e-02,4.466899320898650577e-02,4.607727971161472147e-01,3.294346356474889825e-01,2.622960380375656819e-01,8.421075451593529326e-02,-4.375424244889626613e-02,1.993180343181618491e-02,2.717288524622998303e-01,2.466336492707112693e-01,2.655773536918160094e-01,2.252264569063012478e-01,1.329975231466069274e-01,1.688764908181418500e-01,1.558730558625991136e-01,2.215845421640826318e-01,2.599412097692671911e-02,-1.596183511233004726e-01,-2.048951908595840199e-01,-2.054824391138133366e-01,-3.433918240709250003e-01,-4.264682487085830198e-01,1.974700205444287204e-01,-1.881814453163349610e-01,-1.022338859298873859e-01,-2.110089453918914670e-01,1.155475737442912126e-01,-3.746185542838790794e-01,-1.706181601047289387e-01,-1.439621327656561978e-01,-1.821028053238357702e-02,1.121390624518999041e-01,-1.956918422725582307e-01,-3.522181472268534619e-01,-1.454485176432674665e-01,-1.838447147225822365e-01,5.060584352705383912e-03,-6.147157720189909413e-02,-1.812041021421627041e-01,1.773893025618840380e-01,-2.968374761971381282e-01,-1.134922007713156655e-01,-1.752966378683167570e-01,-1.056822765092466782e-01,1.523382169437496048e-01,-2.304179262388451332e-01,1.749887766006764656e-01,-2.116471225629520114e-01,-4.789345519698862130e-02,-1.989151039123619180e-01,-1.070977643819645553e-01,-4.020678716894059840e-02,3.922544961361897758e-02,-4.382067006815166255e-01
-9.613032766380401328e-02,-1.308637719441678726e-01,-6.405062863965216638e-03,2.985525382529141680e-01,1.702764322648903372e-01,3.987001457759898476e-02,5.136078149181140251e-01,0.000000000000000000e+00,5.267201363569374850e-01,3.879511703101753417e-01,1.418096481923897811e-01,5.513943824106872782e-01,2.804463707182039411e-01,4.981425011032302175e-01,-1.301297980784348052e-01,2.499494668952829679e-01,-7.265997440878520924e-03,-1.272307405714081519e-01,9.515820499797937593e-02,5.260101460316946032e-02,-3.639437429838923710e-01,-1.688891306780793133e-01,1.484517968917454037e-02,-4.494475265640483080e-03,-2.633877870897393184e-02,-1.195910425067904688e-02,-1.321350653565794842e-01,-3.431059847906207244e-02,1.894258700547172825e-01,-5.360531077973393344e-02,1.337728755122170321e-01,1.471678194971419162e-01,3.467399342811940122e-02,3.647435329386941039e-01,-1.045451789917212077e-01,-1.226415501509626887e-01,-4.421770353111048046e-01,-3.928025561816639866e-01,-4.095714693641232529e-01,-3.835056906689346401e-01,-3.002144776116998925e-01,-1.230272572281738974e-01,1.353622086817499737e-01,3.664334193610457868e-02,-1.885276292611289817e-01,-3.781086431314314988e-01,4.388456513070771586e-02,-1.697813256768986034e-01,-2.738317787379544732e-02,-2.109166938263115978e-02,-8.052108444558957190e-02,1.062269077196159733e-01,-1.714220120263363623e-01,-2.094451260617208044e-01,-1.306955473908722742e-01,1.540325058080967320e-02,-1.804095176665090616e-01,-2.545365563299429867e-01,-2.139531764450091078e-01,-1.313846884893279388e-01,3.928094573290746849e-01,8.000126260176033677e-01,2.194152050699676726e-01,5.374188320464188262e-01,1.526483535731390229e-01,6.066966757061762472e-01,-2.300228493137196073e-01,-4.835123825259487335e-02,-1.678058442828444241e-01,-1.855494875681590328e-01,2.112951430286531540e-01,3.129436421031403515e-01,3.920875447184508644e-01,5.328391443060128685e-01,2.271704223882990981e-01,2.958223683399681114e-01,7.093387243195191372e-02,2.422167947509922259e-01,3.272128085889099425e-01,8.545380293033118593e-03,5.775283874229782122e-02,1.489636428188561013e-01,-4.742979648340232557e-01,-3.569254199339467193e-01,-1.746681961753412948e-01,2.233512848252131311e-01,-2.646857436719390888e-01,-3.671701141728433981e-01,-1.380596831548420445e-01,-1.790436852998746053e-01,9.496985031452497006e-02,-6.335181769498333948e-02,2.647537881756597544e-01,7.618582732256456991e-02,-1.637831042462346842e-01,-1.843720054555242072e-01,-7.243853251098625323e-02,1.190503870466482483e-01,2.746838736180525209e-01,7.546929148349873495e-02,1.531394552820457000e-01,2.001751258170251513e-01,-5.499354557507896840e-02,-3.427231893277412483e-02,6.867030382158127721e-02,6.569994742005168253e-02,1.633470490175722711e-01,1.843342939118320853e-02,8.440192813015666429e-02,-1.681103127405762232e-01,-3.315849350791077316e-02,6.639186407395256118e-02,1.343601159668093847e-01,2.425177454110587216e-01,2.174410288330400620e-01,-2.351445344337537435e-01
-2.902217624310700628e-01,-4.698524299595336906e-01,-9.354652460411894133e-02,-9.994337310069233149e-03,3.509835149921166630e-01,1.566529908627263823e-01,3.743716675089534540e-01,5.267201363569374850e-01,0.000000000000000000e+00,5.110742916738753028e-01,-5.285813144505741024e-03,1.575128001874866734e-01,4.518752513533264570e-01,4.810007256323980407e-01,1.870704396637954681e-01,2.636683164917263955e-01,-7.878466854182278323e-02,-3.499924313653614005e-01,-9.791439424627391974e-02,-3.365500542647003601e-01,4.230583621713528836e-02,6.981464193999548096e-02,-6.684307512825647668e-02,-8.231746632788328188e-02,1.952344457717146431e-01,1.623924240407230435e-01,1.126061364827491418e-01,1.270965253076479784e-01,1.378826489130632327e-01,8.617051669100984912e-02,1.659139528898388449e-01,3.991993027242005804e-02,-1.060700928212252314e-01,-8.431188390863252058e-02,3.050656729928465788e-02,-3.022913882261000357e-02,-1.404517230657412463e-01,-2.455390271736020980e-01,-2.673386376376940543e-01,1.127466271754024203e-02,-1.401387744847623351e-01,-2.868507251317661266e-01,-8.218175260747575747e-03,-1.913264717378193591e-01,-2.033915672542844777e-01,-3.638892762770830069e-01,-5.402603046825225214e-02,-9.330923264569951359e-02,-2.307906960429469689e-01,-2.700005258924678686e-01,-1.775985097079767761e-01,-1.516870608512795038e-01,-2.176679260665025650e-01,-1.993138820204964357e-01,-2.244346055689717401e-01,-1.753877612439640188e-01,-3.255435789146733372e-01,-4.171728837848719396e-01,-3.635915913052898407e-01,-2.187176909437330008e-01,2.596018396671779249e-01,5.285296330226741945e-01,1.353298619840470896e-01,5.259557853868165184e-02,2.778158262567231307e-01,5.404039206132128514e-01,-9.689827684471823133e-02,-8.211905985737788516e-02,-3.263946347316139529e-01,-3.640456976094482155e-01,2.138591931005584812e-01,3.458523025981831700e-01,2.528923651503768300e-01,4.705646589888342612e-01,8.955458651916566037e-02,1.045051464848302941e-01,1.839375330492754590e-01,9.433184102178104879e-02,4.325772460973954514e-01,3.748225989908711142e-01,2.210947801871508689e-01,1.978427363695431929e-01,-1.323444977738598149e-01,-5.660039496779989410e-02,-3.489271874018757408e-02,-1.534492606669422658e-02,-1.767983052796720522e-01,-1.755638822719574332e-01,2.779664478541667982e-01,-1.443689384177068713e-01,2.736881519269947494e-01,2.589930321068173447e-01,3.260764353536986793e-01,4.480120021730168434e-01,-1.417707465289452448e-02,-2.314322963060517768e-01,-9.634988213363616938e-02,1.213312319645875048e-01,2.403102481307905214e-01,2.072910029330656267e-01,3.066694434266895586e-01,5.182528012773156556e-01,2.567231190371694893e-01,2.904418411119915056e-01,-5.079246830656792416e-02,-8.246155502094516809e-02,-7.720795652546197374e-02,-1.288724809196382104e-01,-1.277209834814046763e-01,-1.074235519749775769e-01,1.334202285055410275e-01,1.037643573559996757e-01,8.954464231791411238e-03,1.565604138556501712e-01,1.401458834499834938e-01,-2.392827021148044853e-01
-3.028215694212795239e-01,-2.280726536791527759e-01,-6.437709782525180557e-02,3.155749862260968097e-01,8.471972171151115338e-01,8.385289696781466073e-01,9.304830177947991110e-02,3.879511703101753417e-01,5.110742916738753028e-01,0.000000000000000000e+00,-1.466182901129292893e-01,4.365033983885556190e-01,2.282177861124877125e-02,5.457061956415774073e-01,-1.387204358118273306e-01,5.368590936804468194e-01,8.385536282343272751e-02,-8.345972623874478580e-02,-1.724285910142240308e-01,-2.478713700990304858e-01,5.271500193653427119e-02,2.508962769069577603e-01,1.063076617376366440e-01,2.487697949992446200e-01,7.247000613008122150e-01,7.767831662882704880e-01,6.115254075079257223e-01,6.866207607115938361e-01,1.567558479474520094e-01,3.004286279661047554e-01,6.855363322531052850e-01,5.702137644335339983e-01,-4.719371275058415610e-02,9.427214129674327259e-02,-1.324275118037643861e-01,-1.054830280937289755e-01,-3.514121360118117043e-01,-2.628107124399599592e-01,-1.127158953407852576e-01,-5.278511236630276798e-02,-3.393955450418859043e-02,-5.095192494720479116e-03,-6.505837831077223091e-03,4.894773591120423623e-02,-2.064250264248125855e-01,-2.963107675784195649e-01,-7.270239614764571756e-02,-3.932845449194806442e-02,-1.142412352562713063e-01,-2.047796301149115428e-01,-4.755368639329516506e-02,4.900704420182590282e-02,-1.980246231320064929e-02,8.318547812684709553e-02,-1.932929279423573898e-01,6.501915859560591926e-02,-2.915044847518880045e-01,-2.116521688814325952e-01,-2.563884251642082335e-01,-6.297095085473945753e-02,-1.430634430639105281e-01,3.509577197543920501e-01,1.607163796243135656e-01,2.409827337071852038e-01,-1.529964963330783245e-01,3.203039423494887794e-01,-1.952888563563814350e-01,-5.686955393499458326e-03,-3.749399252402082494e-01,-3.430606664672454231e-01,3.784747464271180917e-01,3.274312440528602264e-01,1.437765569476190733e-03,4.400841788784642383e-01,-3.891784395392736823e-02,-1.184384969282207128e-01,-3.048964756224720740e-01,-2.513654029672621193e-01,2.292610630239896863e-01,3.352455247565179763e-01,1.889352852149917550e-01,2.745484905722863633e-01,3.244724128263165586e-02,-8.254831723069111504e-02,-2.168924975443086156e-01,2.041891776903772826e-01,1.292503275886437430e-01,-5.964222360321053129e-02,-4.767857913073857840e-02,2.212201028467951636e-01,8.604379760594825510e-02,-2.675083887613159336e-02,4.293781281135684857e-02,-1.142048028695387928e-02,-2.433787461231250449e-01,-2.920085953684473656e-01,-2.648834396857850382e-01,-5.049383413628340256e-02,2.727918289415564093e-02,-9.193131570898144256e-02,5.315737989525864265e-02,2.604973945719248757e-02,7.604166919290762661e-02,7.404337559273477774e-03,-2.403999878840046012e-01,-2.130706787587024753e-01,-1.881458649099085056e-01,-1.608507340722649670e-01,-2.333533273636893002e-01,-2.996346067466881258e-01,-2.194167814988720322e-01,-4.710032917558269056e-02,-1.218698245183598428e-01,-3.883963587240639448e-02,1.415590747553758799e-01,-1.502323359786251478e-01
7.280805950768564072e-01,4.313971623703779512e-01,3.737079802647405580e-01,-1.258857608768691461e-01,-5.513735328204377728e-02,-1.803010264656905171e-01,5.441500521761916120e-01,1.418096481923897811e-01,-5.285813144505741024e-03,-1.466182901129292893e-01,0.000000000000000000e+00,1.788313779647384971e-01,6.866085648897688465e-01,1.493872234806684907e-01,2.352318367854271119e-01,1.402186022162543733e-01,2.338672139032917097e-01,6.544608371761295729e-03,6.732918532946008394e-01,3.955025745444010754e-01,-3.152272715236761891e-01,-2.395095384860791710e-01,2.335708539848035947e-01,9.246021502574768014e-02,-3.583281022329373733e-02,-1.077651794790145945e-01,-4.792194986421629416e-02,-7.938790240461716941e-02,2.446904167139324071e-01,4.963045240910970296e-02,-1.656449980870525751e-01,-3.335583433378643686e-02,4.784966062084626826e-01,9.196077392266710504e-02,1.984337333108635582e-01,3.051217656356828428e-02,-1.710193741033798343e-01,-6.127935079577503247e-02,-2.678302275250844522e-01,-3.288946323047440279e-01,-3.322186811024423203e-02,1.842177873557209744e-01,2.803363101862886911e-02,-4.043419487397689055e-02,1.747406050037467740e-01,-1.037275284590463420e-01,-7.260110413526585371e-02,-3.670536159276148180e-01,1.492144805680981900e-01,2.759634868761959986e-02,-8.567881857325472528e-02,-7.524093778021374856e-02,-3.456966625277624883e-01,-4.288861822383768785e-01,-1.400340361771411912e-01,-3.213304133510099247e-01,4.736259552476327350e-01,3.513218101429945728e-01,3.894462130791644383e-01,1.173772825655377133e-01,5.782803120448313239e-01,1.858958522605762276e-01,2.439603002427354339e-01,1.396962913495771244e-02,2.540949201658866397e-01,5.530900733482629200e-02,2.104657257504320422e-01,6.392354534779989828e-02,3.604606885252986670e-01,4.123342671500983547e-01,1.579549941353343978e-01,1.679354317089999105e-01,2.882570810874357167e-02,-9.497416943917445786e-02,1.361189549588291692e-01,-1.582500164368175893e-02,1.349325121540124461e-01,2.803083124306469109e-01,-1.583149168490521896e-02,-2.046945835308840167e-01,-3.201144937170247867e-02,-1.480518033059205225e-03,-1.640097859195344676e-01,-8.550057082407287734e-02,4.995013811980684171e-01,-1.853468778802532801e-01,3.314741853051667020e-02,-1.100717731389322107e-01,-9.363652923658435934e-02,-4.665090154287586111e-01,-4.792099896431312733e-01,-5.146712857618213066e-01,-2.585594394160202203e-01,-2.560076971049911054e-01,-3.662729798032381412e-01,-2.315284084882660576e-01,-1.967360113525987719e-01,-4.117214107424314595e-01,-3.010956494006535866e-01,-4.515458929637730101e-01,-5.222909682019201139e-01,-1.579842948592054264e-01,-5.505467417839946531e-01,-4.626327467304633956e-01,-1.585298828669856608e-01,-1.635393662259622682e-01,2.243675923721389631e-01,-1.474293215069016616e-01,1.600841970204264914e-02,-2.798066639981539594e-01,-9.084892596064811365e-02,-4.010170040193205554e-01,-3.324327073693840173e-01,-3.121174118947330767e-01,-8.323853007300334450e-02,-2.327797855332647547e-01
7.979494608830701302e-03,1.435730703481016557e-01,4.527496752127893598e-02,3.474514175300221219e-01,3.802950511288820667e-01,4.514564547268034023e-01,1.224975762089350051e-01,5.513943824106872782e-01,1.575128001874866734e-01,4.365033983885556190e-01,1.788313779647384971e-01,0.000000000000000000e+00,1.518004470304015197e-01,6.660362083591415683e-01,4.880798255776644216e-03,6.215139861533796051e-01,9.170836988103515941e-02,2.321685883885589996e-01,7.124925554001269867e-02,1.387084767354481440e-01,-1.938574800872087667e-01,9.337337114571063468e-02,3.651926161867835585e-01,4.215914978547606884e-01,4.141799459910293635e-01,4.363607512203434013e-01,3.003927421480790394e-01,3.737515518984558249e-01,1.894943264899306701e-01,2.888560010770089836e-01,4.310569435195190091e-01,5.395765582662799265e-01,7.696583645341475988e-02,2.276493577168225979e-01,2.901298322263450372e-03,-3.032517801013049144e-02,-3.772418933575075739e-01,-3.267251706715703641e-01,-1.477423576709298025e-01,-3.286772619438914078e-01,1.457889763596761229e-02,2.025273551296974672e-01,1.024229935660248558e-01,1.460237761322031314e-01,-9.148029467284621297e-02,-3.021710790979448280e-01,-9.842210953839193588e-02,-2.168213272013105319e-01,1.708954287185394938e-02,-2.187589991444220758e-03,-1.405471461744751405e-01,1.354193392796911311e-01,-1.216274516875805595e-01,-1.540858227310300810e-01,-2.464824338488840194e-01,3.110774948699770656e-02,-1.630230639601183418e-01,-5.172595812809901994e-02,-1.769394617126838209e-01,-1.062884469263784409e-01,-4.164079311369035807e-02,4.141114175695949084e-01,1.153059181556043145e-01,4.037088293352347201e-01,9.100800004134605714e-02,4.307113147164802758e-01,-2.149106800054553512e-01,-4.893452975630586954e-02,-1.934286507689684242e-01,-1.143465851140574446e-01,2.764825076509122570e-01,2.952905916585294444e-01,2.150291409809793886e-01,4.211676853796808007e-01,3.322190900124846746e-02,6.218125549095997878e-02,-1.258990387372894704e-01,1.393432216156965942e-02,2.721936707265004696e-01,3.562245394500694606e-02,1.020673035256736416e-01,2.740459291888510118e-01,9.168140314465006088e-03,3.590213874718353737e-02,9.164440189697573014e-02,4.602940757163136998e-01,1.378171974122309462e-01,5.570382038599948349e-02,-4.276716062559779430e-01,-4.083090987380674081e-02,-1.649014088440399761e-01,-2.682532445533578058e-01,1.352522217068262769e-02,-1.133913473231121655e-01,-3.358001113276964933e-01,-8.615168154432724379e-02,-2.777735314933901800e-01,-1.520347447454986275e-02,-6.058381586867701840e-02,-3.046395538944602910e-01,-2.144347976568786174e-01,-7.148860483755908879e-02,-3.338540832835044103e-01,-3.006811936871853774e-01,-2.763803493119800225e-01,-1.787619156571411960e-01,1.279048311774149543e-02,-7.019650473453029060e-02,-3.580071665638525844e-03,-3.794785505167542761e-01,-4.248638095948172877e-01,-1.450216688290394129e-01,7.078657068892457715e-02,-4.091063982101515034e-02,2.215878426772914800e-01,-3.136720096951831072e-01
2.957294029012360048e-01,-7.290091699921157076e-02,3.588659613196573672e-01,-1.599178454071452926e-01,5.242168141047469365e-02,-1.943457730979398224e-01,6.618140065700619523e-01,2.804463707182039411e-01,4.518752513533264570e-01,2.282177861124877125e-02,6.866085648897688465e-01,1.518004470304015197e-01,0.000000000000000000e+00,4.410231716778357791e-01,3.881269278648768473e-01,9.693865877151536248e-02,-5.028044175943346961e-02,-4.055736926671271725e-01,4.375033998139557512e-01,-1.027351510786551347e-01,-2.368711633134223393e-01,-1.913473887086225844e-01,3.204145504843496917e-01,5.046501111232343240e-02,7.117222062315423092e-02,-5.950039582237649088e-02,-4.390102936222957386e-02,-5.848476573529318850e-02,3.281026819196382338e-02,-6.713265277852618028e-03,-3.749801070134192726e-02,-7.398268582623743206e-02,3.620166123880371178e-01,-7.658880807538813451e-02,4.554134258253070833e-01,2.157915176200367879e-01,-1.158883012573723031e-01,-1.517705859792761736e-01,-3.690661995209498225e-01,-2.972659088423472706e-01,-1.622897492956519028e-01,-8.384736788084508341e-02,3.278896207013985709e-02,-1.679595566694760400e-01,-8.021762347830806161e-02,-3.096352699299589339e-01,-1.317954172188050832e-01,-2.349652191000221046e-01,-1.227351704701161172e-01,-1.129526254013595715e-01,-9.609449568835227995e-02,-1.174244751494709915e-01,-3.177332510970798385e-01,-3.501940838096390674e-01,-2.297252048571762073e-01,-2.395548582643383939e-01,1.989258565886970517e-04,-9.442893342861399808e-02,-3.568112894373760141e-02,-1.807757261550183847e-01,6.132752435390458334e-01,4.107800356238122674e-01,-1.563020121567511994e-02,-2.504526138083487119e-01,6.182725052910805763e-01,4.415609770279483870e-01,2.410664681253507635e-01,-3.372140679128045326e-02,-5.541836219837736194e-02,-5.730923596473559006e-02,2.787189412834277791e-01,2.881170865306515450e-01,2.346498213422584522e-01,7.820265462001885215e-02,1.521896163205015695e-01,1.008326898482140854e-01,3.690012681940337824e-01,3.677936833284234930e-01,2.325779097751232427e-01,1.368052128534588130e-01,-1.979934465698051857e-02,5.717203154493490785e-02,-2.903776447978490549e-01,-2.397462528682346716e-01,4.737924613614508118e-01,-1.695207584223224762e-01,-1.795370443465522103e-01,-2.916671016556078855e-01,2.668521496653140090e-01,-3.933054147480980478e-01,-9.709199598344178672e-02,-3.937405562651559443e-02,1.176488995417922373e-01,3.181157286711612797e-01,-2.063148665923949798e-01,-3.418307646836493130e-01,-1.486278614786405439e-01,-1.558067288179290355e-01,1.378329044832501092e-02,-9.986187839344728978e-02,-1.255448024295221510e-01,3.717763842164759636e-01,-2.272324082118877542e-01,1.087922252822920216e-03,-9.262442649232280334e-02,-7.071602308517051239e-02,1.384190341638418809e-01,-8.810890773859178515e-02,2.175472305786704894e-03,-1.614144063594403766e-01,6.811846203007489164e-02,-1.667664613093731707e-01,-1.596245090394393384e-01,-1.039365014925684588e-01,1.332879621105545198e-01,-3.599990362997440019e-01
