0.000000000000000000e+00,5.107479349573181837e-01,1.634162899285678816e-01,7.490616184742389383e-02,4.198859340518206612e-02,-1.484134231986554142e-01,1.679606728681228567e-01,1.764917194604651574e-01,-2.484764370844821657e-01,1.619358809722572234e-01,5.828072198446432317e-01,4.684373156621518541e-01,3.208268929638664058e-01,4.518520162519555905e-01,-2.104661388892250518e-01,3.179145455473898763e-02,2.313921694744934809e-01,8.087676300804025331e-02,3.759715476336449869e-01,4.832252200991496993e-01,-4.284716732129351668e-01,-2.958569153660102202e-01,-6.340248280554489080e-02,7.288479071703387636e-03,-1.794985492596601340e-01,-2.500347264193364949e-01,-2.287651016908139393e-02,-2.978918681346024999e-01,1.337823617355818340e-01,-1.410690074511264380e-01,-1.668634040474433200e-01,-1.182442385765873627e-01,7.570687285838022251e-02,9.285963433992877603e-02,-2.599448145614235428e-01,4.395924487541641446e-02,-1.197248294705378080e-01,3.440413700340681780e-02,-1.798946774767653800e-01,4.128831313264216124e-02,2.916355847531415524e-01,2.745210818631133465e-03,-4.465115948744495800e-01,-3.279175065541092837e-01,-4.406823021101871074e-01,-2.912578766600424918e-01,-3.526320303080680008e-01,-4.598501354352840798e-01,-3.360879783348184602e-01,-1.571954484642790195e-01,-5.285337570677409169e-02,3.060627386685251250e-01,1.057646188745787058e-01,1.122564820012158793e-01,-1.524746436682160831e-02,-1.292583759544121969e-02,5.220639317658485323e-01,2.036515154700699604e-01,4.401177922704636036e-01,3.615636643129710448e-01,4.642208221343324115e-01,4.419572353051238744e-01,2.597192390310448240e-01,1.525407232898184084e-01,-4.037093316264701581e-01,1.587469885713712614e-01,-1.633691436233784822e-01,9.646216187505779471e-02,4.338155826540261439e-01,2.822083575285383450e-01,5.093036927296771266e-01,5.154903169428465270e-01,5.113821575905083128e-01,6.051105311173419210e-01,1.661286923219928713e-01,2.864882046363819157e-01,2.108286914174929416e-01,3.303577467443759019e-01,1.446252911838802058e-01,1.611002376848558182e-01,1.310287469837131125e-01,6.609182071764923769e-03,-2.326638623585395860e-01,-9.959484892940251299e-02,-1.815381640361982407e-01,-3.254761817273336272e-02,-1.532991088106063216e-01,-4.117796335420097903e-02,5.404140193316925300e-02,5.111245025192201474e-02,-4.642751932241470092e-01,-4.851153571166679779e-01,-2.294914854143409177e-01,-2.967250423973938345e-01,-2.809747977333518776e-01,-1.991467843945918248e-01,-1.438100156677246666e-01,-5.835073102752572766e-02,-2.473957524591624824e-01,-2.654376272412326543e-01,1.634938680615422579e-01,-2.321703173410544219e-01,1.279514131244810227e-01,1.707182017229650836e-02,-8.877707358746182720e-02,-1.128510421930247476e-01,1.403585304585364679e-01,3.247072567301599322e-01,-1.034227493795044500e-01,-3.541945198518803989e-02,-2.317829257565144074e-01,-3.065438776057092807e-01,-2.838362558675983638e-01,-1.418782862689912938e-01,-2.590735115642186365e-02,-9.542740626592259578e-02
5.107479349573181837e-01,0.000000000000000000e+00,-1.717204004021750940e-01,-4.990703202364106528e-02,2.059772649839541891e-01,-1.221917671885117407e-01,-2.723087958734380920e-01,1.299452328809388157e-01,-3.850412267070547900e-02,-4.438833573322634174e-02,3.388063990377968709e-02,4.520633415779058417e-01,-3.645194027256424274e-01,4.987772262047798222e-01,-3.701232287467813853e-01,-2.490049765463267506e-01,3.821236658651734897e-01,1.706169252956838134e-01,1.344145628981431584e-01,4.504311083095358659e-01,-1.214103114749541662e-01,-1.772909909304447862e-01,-5.124476696316203617e-01,-2.437836273079550531e-01,-1.667330246355889223e-01,-2.400550666294133939e-01,2.601997312595356274e-03,-3.390064436705609308e-01,2.431100713364176547e-01,7.880435536415475450e-02,-2.114898865115650006e-01,-1.469728694824545823e-01,-5.731446556440639509e-03,8.756224304784315793e-02,-5.137143617320414357e-01,-1.736435737299185933e-01,3.435678411597355153e-02,2.987061446785195806e-01,2.464950723600235760e-02,3.255853399145186011e-01,3.902773560853668444e-01,2.246964534734239849e-01,-2.324431340897474552e-01,-1.627557305272050725e-01,-1.211825284566420136e-01,-1.192214904763677086e-01,-1.129660225790852929e-01,-1.559349008086189647e-01,-8.391105207565686952e-02,8.438329216627307727e-02,1.117046193984220642e-01,2.810526399116784479e-01,7.845804974602156590e-02,1.233789137789466223e-01,1.352784526664344011e-01,3.122648501242687447e-01,6.422034130851558276e-01,7.323957707274930673e-01,4.311667651243726307e-01,4.806459366794248456e-01,5.349106036349455806e-01,3.712184879454308306e-01,4.879963878654617893e-01,4.281371679750904380e-01,-5.000246757576110035e-01,-2.931752937363520939e-01,-2.017468823190759764e-01,-8.811853423523414996e-02,4.918152102032969930e-01,4.962804382313915075e-01,8.409031951414876194e-02,1.404013530354727979e-01,2.085857906959475150e-01,3.398033488149866943e-01,-8.469739028738708375e-02,2.592613828632879813e-01,-6.906363550587371614e-02,2.921814381031105981e-02,2.635728833766907142e-01,1.587612403052067467e-01,2.817885889490782669e-01,1.550237745547148327e-01,-2.559734476578277573e-01,4.569769451553998968e-02,-2.322363110505997752e-01,-7.942636901635820312e-02,-2.811412839447778311e-01,1.149678066350498518e-01,1.709636657595342835e-01,2.507182516038779507e-01,-3.905796167550089626e-01,-3.381350103311653310e-01,-2.125993611153384477e-01,-2.522422029097772800e-01,-1.898392268282381445e-01,1.723250349304695228e-01,9.579573527136432676e-02,1.696903215750117933e-01,-4.302139460353359562e-02,-1.454212356901374015e-01,1.592921724766915847e-01,-1.461936617331414945e-01,2.639435348176150109e-02,1.175358842237825135e-01,-1.731376495319767450e-01,-2.312647550984945066e-01,4.091286236720319269e-02,1.082579585813800288e-01,3.710896985648112073e-02,1.882217470967976342e-02,-9.553598203365960828e-02,3.404787895383230151e-02,-8.833964114899109377e-02,5.673396051192559908e-02,-1.316142717725422018e-01,1.194330180742233100e-01
1.634162899285678816e-01,-1.717204004021750940e-01,0.000000000000000000e+00,4.826924620362720297e-01,7.715393102827403093e-02,1.855796994444907158e-02,7.776420838201782981e-01,2.260551526279720169e-01,-2.666986500238318070e-01,8.767960972674945785e-03,3.825022730154590267e-01,9.672384385791714390e-02,4.982305743863404413e-01,-5.170984167707692175e-02,3.123614943833168400e-01,3.021261536975451412e-01,-1.542631939306151889e-01,1.223051342712665884e-01,4.064686310281594994e-01,1.041560053333141639e-01,-1.456777021660922156e-01,-2.048657651835563698e-01,6.003331255103974140e-01,5.012871217929283363e-01,1.873302571628692459e-01,3.390732913887457012e-01,-7.732837622842106406e-02,-5.938341220072330257e-02,-5.646838178988735669e-03,4.645989558639401773e-03,4.833529187030485286e-01,5.355532295651130870e-01,3.932897636347679748e-01,3.049404679316058964e-01,4.575041526031704553e-01,4.209713680543192282e-01,3.690000231533952738e-03,-1.548436682030445710e-01,4.157745200712313627e-02,-2.684078494409377069e-01,-5.930009524295083018e-03,-1.659470054688085283e-01,-2.266149596922875098e-01,-2.681511024697167400e-01,-2.528034831685734840e-01,-2.707793302838364391e-01,-1.930722618352401498e-01,-1.579829394817073296e-01,-3.811042695608832243e-01,-4.479481480995583520e-01,-4.804674722261114694e-01,-3.026166473429345860e-01,-3.898369067798257981e-01,-2.779839192452538965e-01,-2.605791875836870886e-01,-2.572196833935463944e-01,-1.007837864099978414e-01,-2.738747991544926430e-01,-2.708207632706440826e-01,-3.843193958050626913e-01,-9.923592784384149823e-02,-9.130121961281055520e-02,5.919551625769767927e-02,7.010517738358468254e-02,3.293171871447018173e-01,2.154042939734270024e-01,4.408604622480003510e-01,1.811381961765994586e-01,1.524671285523272746e-01,2.038419318834892580e-01,1.305372497745775628e-01,2.542374386558838850e-01,2.649721118346163862e-01,1.006457330293172997e-01,1.327567590566525700e-02,1.003759814429296682e-01,3.974842197383153808e-01,2.822792569951070307e-01,-9.408457211740654802e-02,1.991537046750883055e-01,-2.031561682031080285e-01,1.525324014646528559e-01,1.817436626857035220e-01,1.493003737848549728e-01,-4.384078304073430604e-02,8.249913344906766033e-02,1.580916239529305267e-01,-1.104059858213271572e-01,-3.185896981412247309e-01,-2.509329110502661608e-01,-1.000588725133875201e-01,8.709718803160229617e-02,7.108798053478822265e-02,3.236313982445746668e-02,-1.203133454910858130e-01,-5.400047415956512609e-01,6.541661831606408739e-02,-6.839119571188621849e-02,-8.657894489153220019e-02,2.090052667645578566e-01,-2.154522713492409425e-01,2.526929466793484316e-03,1.169407731911461384e-01,1.064782538379721866e-01,-4.353073640657634420e-03,3.189932106431803693e-01,-6.226378424344573836e-02,5.741059142773522611e-02,-2.092948945776047787e-01,-1.514048490045212803e-01,1.136978214230001671e-01,-3.124539729925820269e-02,-2.172405893225551332e-01,-3.384181371888617812e-02,9.797790644894345188e-03,-3.061206809864097655e-01
7.490616184742389383e-02,-4.990703202364106528e-02,4.826924620362720297e-01,0.000000000000000000e+00,2.015586475547729017e-01,3.033706735698954438e-01,4.877522365336843246e-01,6.083306145561829803e-01,-1.917316867484531451e-01,2.688947276206739012e-01,2.832444144379432371e-01,2.815470421501050646e-01,2.286444598562941410e-01,8.933897496582432485e-02,8.309405216956282370e-02,3.922315059158742456e-01,-1.274640080268583942e-01,-1.394756786372180479e-01,4.092109112499765500e-01,3.003107392454715807e-01,-2.532349473516473659e-01,-3.022948761657611172e-01,5.266834123786932054e-01,6.421191475393557280e-01,2.032859102450771116e-01,4.642888344988870264e-01,2.273171000338110662e-02,7.270691081328949090e-02,1.382335391210109121e-01,-1.828474069846396377e-01,3.783297352007720660e-01,5.222745345424046892e-01,4.613060449863984891e-01,5.390551351148894499e-01,4.118034018392833784e-01,4.396536367832385994e-01,-2.139971741994304288e-01,-7.296430869079095771e-02,-5.479640456845867591e-02,-1.032249743984408052e-01,-1.528653824339111858e-02,-3.780807148786982652e-01,-1.753250605496773640e-01,-2.409678056726687612e-01,-1.314527838013248850e-01,-1.723709007164348980e-02,-8.339119163392669232e-02,-7.011937010686059013e-02,-3.127419208551602825e-01,-3.341047654148049384e-01,-5.905616085331170106e-01,-3.313578041551301645e-01,-5.936029092898124082e-01,-2.645152860003658346e-01,-4.365699929208195496e-01,-2.437513389321069868e-01,3.249076256923821848e-02,-1.090376663815121050e-01,-2.593794274847081582e-01,-2.060482550502482635e-01,-2.318304917144212163e-01,5.574180629934651771e-02,1.443903545698769228e-03,1.423550179281933559e-01,5.374364883032579920e-02,4.621147537410811301e-01,4.834074861121463451e-01,5.221878167934794757e-01,3.535379317853399872e-01,4.001497935997252453e-01,2.337193185441258092e-01,2.786219935843734508e-01,3.982221942372052848e-01,1.546015518144078782e-01,1.230867005965363276e-01,1.551270612103262669e-01,3.357636244262748315e-01,1.214817137793486324e-01,-1.421824693397351069e-01,1.433621187919265072e-01,-2.300292468606999763e-01,2.191214738952910190e-01,-1.082042574974595717e-01,1.462833805004469523e-01,-3.179802089097730211e-01,5.789009106928335591e-01,-5.713826361184703301e-02,9.804374983100311303e-02,-5.129712137677157058e-01,1.009675452070716295e-01,-3.664846979394226906e-02,-1.871744185145162234e-02,-6.728244774339152412e-02,6.097198259845730550e-02,-1.476252301070654360e-01,-1.605668781857554073e-01,-1.054684582908640977e-01,-1.414553075902720281e-01,-1.721374331265590196e-01,-9.175636553356014691e-02,-4.142626755841688491e-01,-2.896923989635855068e-02,-1.303142812109836859e-02,2.592648389743851256e-01,-1.211548862587930459e-01,3.017179431342539297e-01,-5.482572078183740871e-02,1.101562771839602189e-01,-6.011565446834048199e-02,-2.334900008792314685e-01,4.926238608303915023e-02,-1.985199750127746854e-01,-2.850056574177977642e-01,-7.672585970546781653e-02,-3.647308662174749555e-02,-6.263589622187468176e-02
4.198859340518206612e-02,2.059772649839541891e-01,7.715393102827403093e-02,2.015586475547729017e-01,0.000000000000000000e+00,5.337061723262134239e-01,2.127827413481609697e-01,3.414870698658513670e-01,5.030577291628220982e-01,5.063813952770347404e-01,6.203703901125488113e-02,7.816570140094875052e-02,-3.268817669934706571e-02,1.911221996106276799e-01,1.146515564897323813e-01,2.533282443052479738e-01,-5.839683158950677994e-02,6.789473161129426504e-02,-7.231592517871231196e-02,7.036551696450489557e-02,1.060058889969911072e-01,-2.834534250496576965e-02,-2.884662024458426594e-02,1.610521476151511033e-01,3.936579993738710814e-01,4.231468642597696062e-01,4.918960181420344302e-01,3.164994040878498227e-01,2.870803341496195316e-01,2.087415990236122509e-01,6.456850253869936274e-02,2.373310177130196763e-01,6.473870055715365279e-02,1.506401329144212708e-01,7.647537491957080095e-05,1.786841853979017625e-01,-1.335905667648000505e-01,-1.108378930827255138e-01,2.685965094499475070e-01,2.726173328599540424e-01,-1.806191193625791003e-01,1.633529006010415174e-01,-1.533270965220928650e-01,-2.531440807790206193e-01,-5.703799145393902148e-02,-8.229911554896378323e-02,-1.275509751412724213e-01,-1.346606487783092998e-01,-8.562467987333512165e-02,-1.080451512124971508e-01,-6.943004514365797020e-02,-5.303140763683349135e-02,-8.041022964623024960e-02,-2.357354331534079472e-01,2.526461253815395214e-01,1.599293536080302891e-01,6.136485522289603090e-02,7.264883848167186242e-02,2.237115749926590902e-02,-6.056322539119875226e-02,7.585802009845063129e-03,-2.524006163438655484e-03,1.199841714734384557e-01,1.724615520042012962e-01,-1.333679185553444946e-01,1.387383135325226946e-01,8.442269650453251839e-02,2.790758841397858458e-01,4.840121017080215027e-02,1.125239924769234345e-01,1.017861189555650109e-01,-3.153312803542105552e-02,-2.274628904942192255e-03,-1.764731744808321640e-03,2.820289646565498631e-01,7.813335066399279549e-02,9.241635477971017754e-02,-3.259346256425301736e-01,1.392031583991008292e-01,4.349746310505569341e-02,1.264966119477894391e-01,1.872716635359155113e-01,2.190351756205687062e-01,4.052313218545851303e-02,2.844182958534338928e-03,6.709356309728675694e-02,3.462734028585311985e-01,2.410584702422854386e-01,2.500982926071101953e-01,-1.225978782201435878e-02,3.022113446138069079e-02,-2.508285286790409851e-01,-2.055680995600013272e-01,-3.498799910244240752e-01,2.339063282760036055e-01,1.726150792417891211e-01,1.818877924629307974e-01,7.946298507080155893e-02,5.823399007696693219e-02,-5.248784526576902310e-02,-1.583135711946889387e-02,-3.527721618131484105e-01,1.685339237557764436e-01,-4.814726364108132955e-02,1.627459091888204257e-01,-1.733146202819870474e-01,7.854949975003583384e-02,-9.663895054222382264e-02,1.679565164964772206e-01,2.582124757447653018e-01,8.753052778682864077e-02,-1.720571379677764412e-01,-1.524310172873607205e-01,-1.327091163627029113e-01,-2.948013537267007295e-02,1.226837759075313644e-01
-1.484134231986554142e-01,-1.221917671885117407e-01,1.855796994444907158e-02,3.033706735698954438e-01,5.337061723262134239e-01,0.000000000000000000e+00,1.760366241203598914e-01,4.083580872358508751e-01,4.384791044774066782e-01,4.736376293126406956e-01,-1.070001030249498886e-01,-2.142439260132097956e-02,-5.491954892209385819e-02,3.701776367067120127e-03,1.980489306535662408e-01,3.497263380711502223e-01,-1.107720600264471694e-01,-1.765630676571301738e-01,-6.935072021644847484e-02,4.950393239309082427e-02,1.294353729144034904e-01,3.036834621306131257e-02,1.967528225301651279e-01,3.256552973739237911e-01,4.332357555584636644e-01,7.373616651650712894e-01,5.254082867230488452e-01,6.060189168630590872e-01,2.551304920966110390e-01,7.392626559004127074e-02,3.143182324771336411e-01,3.823094980595521664e-01,1.527442164284349424e-01,1.885655167312500213e-01,5.780961226179334028e-02,1.438613395333221134e-01,-2.742666865966704726e-01,-2.862644031645443232e-01,6.368421564946144531e-03,1.132894666487329061e-01,-3.247256275801795322e-01,-1.994289857300286795e-01,1.516720674623339149e-01,4.188826753884423298e-02,1.147966301364541364e-01,2.098044076655003753e-01,8.035462134921803057e-02,1.650455173286916322e-01,2.042107120993081892e-01,1.005123807074292941e-01,-8.356521366619017177e-02,-2.990785413287631034e-01,-2.068773880781229479e-01,-3.326487070724851725e-01,-1.654918060565414850e-02,-1.769061109829946077e-02,-1.744140515074923958e-01,-2.156040294759031528e-01,-1.830381750002086361e-01,-1.459392675034883735e-01,-2.751474060403578115e-01,-4.072483389228815504e-02,-1.906570589455361397e-02,3.599602584669204380e-02,-8.908783042636291005e-02,2.326347455458381008e-01,-2.922521071622325578e-02,1.242489308420817867e-01,-1.895560071774550492e-01,-8.070076584012036980e-02,-9.877219333272022062e-02,-1.814774454161645068e-01,-1.428798967529961161e-01,-1.590749224993003863e-01,2.062387534889461305e-01,-1.701596946318638115e-01,-6.826853866960626294e-02,-3.739719984220792881e-01,-4.866067040528649496e-02,-6.217460920420170983e-02,-3.631149943253889067e-02,1.699514310768514003e-01,1.423993158917115642e-01,6.277310251447654199e-02,3.283597211407838362e-02,3.162332101480734292e-01,4.469420464156911299e-01,2.949350927327317740e-01,1.424694599224231306e-02,1.021448658725222607e-02,1.529100852071109684e-01,-5.494082754967349880e-02,-9.621562732292904263e-02,-7.789318153805420419e-02,2.508988006991464403e-01,-4.792941194437750491e-02,-1.109541905145536300e-01,-6.413640621947775365e-03,6.630838423477161767e-04,-1.521273878292100090e-01,-2.533697452825393603e-01,-1.643419210455709656e-01,-9.550421538834252821e-02,-1.247125514328498302e-01,-6.787111542695012378e-02,-1.711427350670070013e-01,-2.050034484243135752e-02,-1.403415469637382118e-01,1.309221456466617695e-01,2.853681012188570287e-01,-2.335664758615706160e-02,-3.164413035787426165e-01,-1.993006559107549924e-01,-2.555726257736138929e-01,7.292756745714081001e-02,1.107949405050842051e-01
1.679606728681228567e-01,-2.723087958734380920e-01,7.776420838201782981e-01,4.877522365336843246e-01,2.127827413481609697e-01,1.760366241203598914e-01,0.000000000000000000e+00,5.103016245239204718e-01,-6.182763321516514948e-02,1.491419329013475292e-01,3.437660798832367637e-01,1.492795777516467137e-01,4.683667603753345343e-01,-1.806267683137943378e-02,1.601544444789781418e-01,2.428452528725823234e-01,-2.784484700135172464e-01,-1.236030481502935034e-02,3.288049342810051567e-01,7.486616861910451448e-02,-2.036155370927401065e-01,-2.425329669209402572e-01,5.736656594057962799e-01,4.885457278101507650e-01,2.540587267250421499e-01,4.512364946820949796e-01,8.100599969897752384e-02,4.200485270266119536e-02,-5.821984957184641110e-03,1.957774637577764862e-02,3.967639883561442926e-01,4.920580270582446958e-01,2.940639291690071988e-01,2.712827226496993260e-01,3.872397334702986083e-01,2.700428554814286453e-01,-2.545346231279500548e-01,-2.933670089059572939e-01,-1.041218140744819415e-01,-2.613984836544222534e-01,-1.334709168490215148e-01,-2.085331299353536394e-01,-3.294523272575884398e-01,-3.357668594165051923e-01,-2.748594940764306216e-01,-1.619193793974311735e-01,-2.396781743267459575e-01,-1.789642508972547896e-01,-2.825623611666117641e-01,-3.815454982631008019e-01,-4.330480596925909142e-01,-2.882168311783659953e-01,-3.503396891910420807e-01,-2.815899567202314602e-01,-2.553213240460607270e-01,-2.618522693409355284e-01,-2.200582538822545287e-01,-4.267462123384218597e-01,-2.657725101769651266e-01,-3.793196763380954351e-01,-8.106318380965933657e-02,-9.200525433472873937e-02,-5.967041805807124337e-03,3.067806347662008302e-03,3.448755215305717714e-01,4.647291463895300567e-01,3.329384410285751716e-01,2.254766340368183075e-01,-6.417637650065016741e-02,-1.583474033984919732e-02,2.659730366636177679e-01,3.409052083447843273e-01,3.454895169901768814e-01,1.216375599977125715e-01,1.828047237212085119e-01,4.729695774399687164e-02,3.788258731550212532e-01,1.278076505944696906e-01,-1.038018502584458630e-01,7.867427828425152536e-02,-2.298026958698055067e-01,1.287529901919976516e-01,1.088226717517412762e-01,6.992725038241971725e-02,-1.191992643695390965e-02,2.341891708338723899e-01,1.798206634983025021e-01,-9.673280402360338870e-03,-2.440067494392373082e-01,-1.765892091883435044e-01,-3.780049761818483033e-03,4.739457683873584543e-02,1.988598435118428542e-02,-1.571175283646276608e-02,-1.305265485457846875e-01,-4.323411170583856267e-01,-7.189577002583476262e-02,-1.963237558099250046e-01,-8.920421795077214389e-02,1.306855753742863502e-01,-3.012889131577480284e-01,-2.757266962942642174e-02,1.047205553337149792e-01,8.015086186157853454e-02,-2.319714134556129757e-03,2.142688189927518805e-01,-1.269039460491778668e-02,5.558319843382471953e-02,-1.426802602483069893e-01,-8.416399960166094651e-02,4.125954783646199053e-02,-2.238557515999033132e-01,-1.128769622227341479e-01,-1.515439724911090691e-01,2.136127791039485815e-02,-2.299735144880832860e-01
1.764917194604651574e-01,1.299452328809388157e-01,2.260551526279720169e-01,6.083306145561829803e-01,3.414870698658513670e-01,4.083580872358508751e-01,5.103016245239204718e-01,0.000000000000000000e+00,6.206342484190858523e-03,2.928816585445588871e-01,1.059754095379839417e-01,5.065824079877815356e-01,4.076077674571830511e-02,2.582981724331929740e-01,-5.854300311964233394e-02,1.583337806317571816e-01,-4.096843684404506344e-03,-3.561747101611113797e-02,1.743060361193597141e-01,3.565633698119051731e-01,-3.172599616852879723e-01,-3.654648512019281204e-01,1.792597702769162527e-01,3.784173643497265593e-01,5.601592531071944436e-02,3.362859743171892624e-01,1.260421253103570782e-01,5.214190241915233476e-02,2.277056497306898797e-01,8.763686282267797723e-02,1.778400174888785934e-01,4.799790037663568820e-01,2.290931506272869955e-01,4.900585164618730949e-01,8.603401163854820788e-02,1.073680602183477995e-01,-4.704214959590743428e-01,-1.809567830661665544e-01,-2.290767624568981475e-01,-9.347073167235429858e-02,-1.826152568752311689e-01,-2.362369167336737519e-01,-1.887194791357536816e-01,-1.579498470357335871e-01,-6.126649260599303926e-02,1.183839076773453985e-01,-2.116848603325173842e-02,-4.663646205240640219e-02,-6.962014080622262735e-02,-1.366157986158721138e-01,-3.121609336365075982e-01,-2.132384204210011347e-01,-3.321237676225366475e-01,-2.421220705527130923e-01,-2.261162703364671678e-01,-1.272222957946720634e-01,3.231094301720786877e-02,-1.697363795329303870e-01,-1.351750383807528433e-01,-6.681095633117767330e-02,-9.547319890386119293e-03,1.583217582492412456e-01,1.017566614313844126e-01,2.099728089323090185e-01,-2.139081994391922870e-01,6.083818752592959900e-01,1.136667683741790363e-01,3.290672412951151093e-01,1.096470826911756097e-01,1.320382061195770340e-01,2.818006011631395968e-01,2.648355197037886577e-01,3.241886013847142811e-01,2.676423140156641289e-01,-9.857868315360544201e-04,1.441521476611342667e-01,1.106594438070894193e-01,-1.688586486426433830e-01,5.867028485565598667e-02,1.033336944097586196e-01,-7.932216596344482396e-02,2.324140822736917023e-01,-1.918564848271928913e-01,6.638642182188278507e-02,-2.050182618235060206e-01,3.593453512574898978e-01,-1.122948052996990270e-01,1.766247012649141135e-01,-2.285799598795273668e-01,1.020531452470891109e-01,1.310598852826103666e-01,-1.832444300353857636e-01,3.643926720434530198e-02,-1.233912837654515815e-01,-4.434422938935455444e-02,3.386605864916100717e-02,-1.494000395966213202e-01,-2.412764940095751820e-01,-1.412806125831274698e-02,-2.526239783393394722e-01,-1.472335119795730451e-01,-1.444658647829760445e-01,-2.429174947341290400e-02,-5.416706222225186468e-03,-1.153828523293133346e-01,-1.358322748170516514e-01,-2.278250478917170571e-02,-6.112827401477000794e-02,7.525883133211720699e-02,-2.997820472732065644e-02,-9.697671230273550991e-02,-2.713923148520226425e-01,-9.709284660329195460e-02,-3.037751418063880382e-01,-7.645638651728256519e-02,8.445858910867369562e-02
-2.484764370844821657e-01,-3.850412267070547900e-02,-2.666986500238318070e-01,-1.917316867484531451e-01,5.030577291628220982e-01,4.384791044774066782e-01,-6.182763321516514948e-02,6.206342484190858523e-03,0.000000000000000000e+00,2.696232917724081246e-01,-1.559932660162062223e-01,-1.986199605567275372e-01,-2.205736399636721023e-01,-5.807335065221740783e-02,2.363509732093583005e-01,2.121434214368204604e-02,-2.642992992957655593e-02,-1.334443838222113855e-02,-2.586303671548543237e-01,-1.960021116951337627e-01,1.996568388866286070e-01,4.641336158715494986e-02,-3.525208822058457925e-02,1.175083731071367849e-01,4.566510473610250198e-01,3.493288109847282330e-01,4.200776872581098442e-01,1.988017304968052457e-01,1.311286748349175801e-01,8.779170388275031600e-02,1.792557208920302070e-02,5.195877600060409829e-02,6.559248338349495111e-02,2.222596262102927850e-02,5.478575585437881618e-02,-1.493334555638921035e-01,-9.949620970240564966e-02,-8.793136872795610792e-02,1.590354293845053502e-01,1.335771991993505992e-01,-6.094212589056716145e-02,2.150085085923206241e-01,2.153014743784405494e-01,1.155092113836347079e-01,3.179001996973491173e-01,2.166026741988427984e-01,1.206271234256878766e-01,1.199934611073496388e-01,2.882123274419913783e-01,1.821350318067316842e-01,1.244228242809031354e-01,-9.703714363354364048e-02,5.517514797251719776e-03,-2.200247043584893925e-01,1.537595226814399141e-01,2.593786419786872199e-03,-2.553548735049365748e-02,3.386542284651599538e-02,-1.685322347342026461e-01,-1.677362284444282592e-01,-1.075277709699672402e-01,-2.867017187291711622e-01,-6.970692538370676372e-02,-2.718570732848455407e-01,-2.252657353940668364e-02,7.620607687979697245e-03,-3.601225734146445284e-02,-2.015627008245342300e-02,-3.651105967744857628e-01,-2.721098458529425668e-01,1.465527443107931052e-02,-6.408290142605314876e-02,-1.273723740305420793e-01,-7.679993988011205031e-02,2.216251354484546632e-01,-9.283105347185954814e-02,-1.610642270533198528e-01,-2.452413013569866018e-01,3.321394053104330391e-02,-1.723709828833001334e-01,1.424574979023844057e-01,6.642986780744099262e-02,3.587826443355792150e-01,-1.023087328482337049e-01,3.302436191399948373e-01,-6.309568520884235865e-02,3.985416334402346883e-01,1.060118957831431147e-01,2.021040307541440151e-01,-1.455433518880168697e-01,-8.075666982277369954e-02,2.704869878246806813e-03,-1.351982961994761812e-01,-1.132358482071014055e-01,2.802486867628065093e-01,1.355649500631231630e-01,2.128574461699334064e-02,1.847997443263748318e-01,-4.703109851568282318e-02,4.135345983688345529e-03,-2.437670396945851026e-01,-1.610308461552093784e-01,-6.600767716749196545e-02,-3.050853575649341565e-01,2.144858584014580280e-02,-3.147961510232873961e-01,-4.165757119000446096e-02,-3.428624253520658471e-01,1.516976197090872114e-01,2.898741676969882608e-01,-3.609050485351459475e-02,-9.204382705879338156e-02,1.089545950378933287e-01,-8.084086721902709882e-02,6.728870353618510158e-02,1.594330984001424700e-01
1.619358809722572234e-01,-4.438833573322634174e-02,8.767960972674945785e-03,2.688947276206739012e-01,5.063813952770347404e-01,4.736376293126406956e-01,1.491419329013475292e-01,2.928816585445588871e-01,2.696232917724081246e-01,0.000000000000000000e+00,1.934827996668247452e-01,2.249058801433870269e-01,3.398128167988834214e-01,4.096495172314844613e-01,1.958607567992972087e-01,6.845831804792289477e-01,-4.233926973856638742e-01,-4.540787508359506175e-01,-1.110311007281161028e-01,-2.249044808997262557e-01,5.367183096532082004e-02,1.968568132279483462e-01,6.446694093668346726e-02,2.846617542028843650e-01,2.005710867161881183e-01,3.338322736532277624e-01,5.702824927651450881e-01,3.754272008628783963e-01,-1.253285781059927939e-01,-2.925218622048763040e-01,-5.212424474868915247e-02,-2.401616892161472644e-02,-2.003172870720495158e-01,-1.612959999375168374e-01,1.863622084713338345e-01,2.150639951544593975e-01,-2.239521805018394318e-01,-1.027622526329745323e-01,-7.765854505504822536e-02,1.306026133358730579e-01,-2.537117334962134541e-01,-2.879387941832886599e-01,-4.132619246525114920e-01,-2.618156837973865669e-01,-4.457270709343422732e-01,-3.424540476142179934e-01,-4.201765993081254535e-01,-3.064635431249718711e-01,-3.649312277136293470e-01,-2.329869189620738246e-01,-8.901197862716769826e-02,2.805715507125540742e-01,-2.302049541748070818e-02,1.421336229714004473e-01,-4.665272080714095992e-02,2.586077809466938091e-02,-2.301190229062790027e-01,-6.830946730232258235e-02,1.210345830700820802e-01,2.814208288774157074e-01,-1.947363636604507175e-01,4.654534035236541079e-01,-4.584765780441236727e-01,-2.371528157816777949e-01,5.408632787956658278e-02,5.531998068557382187e-01,1.310439372112627010e-01,4.776138088784179225e-01,7.940830987583721856e-02,5.792159244886888741e-02,1.944512974389457083e-01,8.330051964601258019e-02,-1.638287529609882762e-02,-6.278537734680821221e-03,1.572660379094431571e-01,-7.220506372390259053e-02,7.663209290173016164e-02,3.870703299948613507e-02,-2.382970538485639778e-01,-2.509599484633255884e-01,-2.411937485694907179e-01,-1.801935187296439811e-01,-1.223810703596456551e-01,8.664256277912167625e-02,-7.040196815416337184e-02,3.143801927389066053e-01,1.507647584433980670e-01,1.928332675466223611e-01,-4.290224663036556335e-02,2.535482623642949518e-01,1.464390427714565013e-01,-1.657217159034950760e-01,-1.117363596120732883e-01,-1.507741184206536633e-01,1.541202957896237180e-01,-8.329937787406942185e-02,-2.276558101304988410e-02,-1.629012458004661379e-01,-1.144340847003799157e-02,1.001014846456181190e-01,1.425112876363320846e-01,-1.717338348756729527e-01,2.043766882787294639e-02,1.384688595677401324e-01,2.117326553971334013e-01,1.018014824042854233e-01,3.885954772048214600e-01,2.142691887365611170e-01,1.749700535897230347e-01,2.005158771549503671e-01,2.111183591019559214e-01,-6.782711778062454344e-02,-1.507822560211713181e-01,6.144541929054167517e-02,3.111931123433883672e-01,-3.343086067681715068e-02
5.828072198446432317e-01,3.388063990377968709e-02,3.825022730154590267e-01,2.832444144379432371e-01,6.203703901125488113e-02,-1.070001030249498886e-01,3.437660798832367637e-01,1.059754095379839417e-01,-1.559932660162062223e-01,1.934827996668247452e-01,0.000000000000000000e+00,2.924186087367686704e-01,6.217140266486105293e-01,2.549248358231409606e-01,1.881773759997296402e-01,3.267125821636240879e-01,4.176558391860359098e-02,2.348625730023893785e-02,3.361207955745192377e-01,1.394028792777732007e-01,-3.059032733639891477e-01,-2.221791268706856393e-01,3.926548249465011131e-01,3.509537778945088782e-01,1.335250032684493215e-01,4.117564123458420516e-02,-6.672083625006690333e-02,-1.267571565981973347e-01,1.697148316921876787e-01,-1.259458311544335851e-01,5.763633330554239487e-02,4.525276570704201556e-02,2.626719471807603679e-01,1.472329445796815850e-01,1.657677559159645153e-01,3.145807094314546082e-01,-2.937965359247638256e-02,3.488963626767400961e-02,-4.294511960753327751e-02,-1.523771245893163762e-01,2.171442190589097376e-01,-4.592610253712668678e-02,-3.455191014687313267e-01,-4.436859977203109207e-01,-3.386358852934441832e-01,-3.164059859396562424e-01,-3.074440527388382360e-01,-4.617378814275247545e-01,-4.010107353332398317e-01,-3.574367269110260703e-01,-2.148262390681040801e-01,9.705148832396100211e-02,-7.084060095118023537e-02,-5.564111309242501802e-02,-1.443031257367323184e-01,-2.630323860998547980e-01,1.101259007955987801e-01,-6.709735814567342749e-02,2.719351911959552379e-02,-4.861409595151245516e-02,2.354928079863740850e-02,1.668306374476472564e-01,-2.412505514691931988e-02,-7.083563034563014615e-02,-4.858157034742843078e-02,2.679640613697972240e-01,7.755357556967186483e-02,1.299256118884662137e-01,2.967879186474538522e-01,2.122685553196306807e-01,4.971075737922482918e-01,5.300791726949498628e-01,5.026478825160658470e-01,5.151895922453861854e-01,3.402918713132614403e-01,4.345305436563131618e-01,3.961920061118285874e-01,3.542882425366020716e-01,4.511134149407649424e-02,2.684838668123465388e-01,-5.685500360130802365e-04,9.351101187343142940e-02,1.949958728501121740e-03,-4.715529004802618794e-03,-7.124188935729885985e-02,1.516177285083266379e-01,-2.129712355746688369e-03,-8.820311974346309314e-02,-3.144889136297104870e-01,-1.078524412205160155e-01,-2.798279794529990316e-01,-2.577821939001760376e-01,-1.127759435533192689e-01,-1.536875392626079195e-01,-1.970462968350338850e-01,-2.548220906197614100e-01,-6.605595076454919001e-02,-2.391187081579554397e-02,-3.586531339590042222e-01,-2.710590194007805875e-01,-4.723884045623347682e-04,-1.881154714483033730e-01,1.038428812651619876e-01,1.183211278339771876e-02,3.246176051682247293e-02,1.981367337510819004e-01,-2.676389924214702190e-02,1.335010672789598007e-01,-2.204463633834202740e-01,-1.304775459436526008e-01,-7.990877127467210794e-02,-4.094685113813243404e-01,-2.290348131119429309e-01,-7.127238038354224980e-02,1.393241572995092270e-01,-2.248192473890887888e-01
4.684373156621518541e-01,4.520633415779058417e-01,9.672384385791714390e-02,2.815470421501050646e-01,7.816570140094875052e-02,-2.142439260132097956e-02,1.492795777516467137e-01,5.065824079877815356e-01,-1.986199605567275372e-01,2.249058801433870269e-01,2.924186087367686704e-01,0.000000000000000000e+00,1.369224206970137969e-01,7.213515978569496889e-01,-9.403249873867254582e-02,2.031410501789676637e-01,1.409079415638239130e-01,6.093453967059404321e-03,2.085578379615799505e-01,2.776717213471500689e-01,-2.798338341356585990e-01,-2.369185155924208031e-01,-1.673426538778343894e-02,2.541694255092425969e-01,-1.171913546252411342e-01,-1.114738005500096052e-02,-5.577459159531112515e-02,-1.838518545801434145e-01,1.272504554338151905e-01,-3.422103310414918720e-02,1.512312750128404736e-03,1.664413824221475657e-01,6.887602118962313225e-02,2.016032399978998912e-01,-9.068942745602744104e-02,1.341425057617240124e-01,-3.250710319948297428e-02,1.583489073775448119e-01,-3.859331382200786777e-03,4.396991096042681541e-02,1.970682066730319038e-01,-9.968100546429173314e-02,-3.980438927907488655e-01,-2.773338971295194466e-01,-3.900359973293688332e-01,-3.236080141427418733e-01,-3.317364483538422504e-01,-3.748817548837596880e-01,-4.356714442449377001e-01,-2.979310383984508093e-01,-2.989114891580826883e-01,7.628182732400783095e-02,-1.787026221060445397e-01,6.992795959903429226e-02,-3.779779615982446495e-01,-1.053147341292691164e-01,2.073771572092605875e-01,2.484408682403677904e-01,8.671608085372514707e-02,2.308920209455861960e-01,1.815339056108382643e-01,5.796120771804341709e-01,1.359329383447680228e-01,1.364352555012606494e-01,-1.767840593803323979e-01,2.320444193683072476e-01,-5.219045990668305657e-02,4.557231647512986761e-02,4.693501061851839684e-01,4.139811374042720593e-01,2.575376023428685990e-01,3.987945088300688945e-01,3.808452645090912858e-01,3.671825744759987797e-01,9.899176486383100271e-02,2.814964307830889467e-01,1.845841600124293602e-01,3.096676859453854624e-01,1.757332481231710375e-02,2.063052883970214468e-01,-8.164116725549323828e-02,1.947790563996767699e-01,-2.425247172939052898e-01,1.686123246905087414e-01,-2.545339082957860377e-01,2.954803986003635696e-01,-2.622406086122386903e-01,9.408235599836821395e-02,-2.201141655660728280e-01,2.535363874485961344e-01,-1.436816650785773530e-01,-1.189648918988248927e-01,-3.459724866574047375e-02,-6.405069201437423032e-02,-8.902444129810715978e-02,7.378429886400882098e-02,5.770172252460908924e-02,-2.635243638334933136e-02,-5.318470843983390262e-02,-1.231501906397540133e-02,8.581619266848179717e-02,-5.572701687083506800e-02,-2.924530808597779544e-02,1.661080293378129624e-01,-1.977516298353496627e-01,-2.416866716392678839e-03,1.559007086366597135e-02,1.371613051095148528e-01,5.438646307218612808e-02,4.232108871859704274e-02,9.313743178582850613e-02,-2.888849130667801857e-02,-7.979493920994092104e-02,5.789646430027302337e-02,3.944151226723096454e-02,-5.074278526338313333e-02
3.208268929638664058e-01,-3.645194027256424274e-01,4.982305743863404413e-01,2.286444598562941410e-01,-3.268817669934706571e-02,-5.491954892209385819e-02,4.683667603753345343e-01,4.076077674571830511e-02,-2.205736399636721023e-01,3.398128167988834214e-01,6.217140266486105293e-01,1.369224206970137969e-01,0.000000000000000000e+00,6.207491562873192897e-02,5.185907337067332534e-01,4.693506662490137260e-01,-3.287960348191387161e-01,-1.378498200244877014e-01,3.290969906598633643e-01,-1.103833327789436602e-01,-9.833678114418187288e-02,5.799371647501980892e-02,5.370000878978054004e-01,4.086876445894779830e-01,9.544042279529428574e-02,8.641364005268778459e-02,1.297309641858524765e-01,1.403951844441518326e-01,-1.995748080632522847e-01,-2.264839234458587980e-01,8.471818860407405449e-02,7.819174782495746934e-02,9.001090799637016804e-02,-1.012268306300564413e-01,3.862416572716263485e-01,3.552937389089875220e-01,1.318325221492622490e-01,-7.359153684084458746e-02,-2.932360669218762178e-02,-3.233525343391630003e-01,-4.401419467053998939e-03,-1.907391725458573994e-01,-2.779370467962817837e-01,-3.265107582247801510e-01,-4.117932056503179616e-01,-4.288321653268100664e-01,-3.044949841163557269e-01,-3.869122667921021108e-01,-4.772071434375892429e-01,-4.309421837431823277e-01,-3.759878373379513805e-01,-1.642648894097018322e-02,-1.135012166981961695e-01,-3.511638497175863238e-02,-2.645048726662716509e-01,-3.902751739094277306e-01,-2.383463209717687215e-01,-3.670067829218361388e-01,-1.743766583257418401e-01,-1.306864007312773801e-01,-1.558322972953415930e-01,1.306667233974177500e-01,-3.092370228540368693e-01,-4.108270834089279289e-01,2.217008869849805552e-01,4.108770968220302744e-01,1.434270886023227831e-01,1.633671771766162517e-01,4.917455511149536329e-02,-7.520459057095169042e-02,3.322932011151108478e-01,2.949477350313778889e-01,2.542971830238093811e-01,1.742653932771949243e-01,2.235933326432597290e-01,1.990695915409964808e-02,3.437968430854977386e-01,3.185525751823085061e-01,-2.445934469661980304e-01,4.406764387363314855e-02,-2.170017175013477517e-01,-1.221541382544225618e-01,1.281720841537944966e-01,8.649581756093167872e-02,8.316148381478268015e-03,6.980395594022341388e-02,1.243190032147142299e-01,-1.954934529238489260e-01,-2.788192861697455505e-01,-2.236329652761704367e-01,4.013538829499574412e-02,-3.088756225154188489e-02,-2.277796065459182159e-02,-1.193321895367381591e-02,4.546843510476960420e-02,-3.606718759929551932e-01,-1.647703674902350687e-02,-1.022031999043432615e-01,-1.622427058584016701e-01,3.426876933935261993e-02,-4.292854835264458407e-02,-7.819493005666471042e-02,1.471155320051934501e-01,2.951523372919054406e-05,2.262152154013210015e-01,3.468423721083005451e-01,6.019795419349542598e-02,2.419268040899342220e-01,-2.220285702763435676e-01,5.591619834424416124e-02,1.330449173628989457e-01,-2.435322843961597594e-01,-2.122874618625617826e-01,-3.054674872808266217e-02,2.343872478815682281e-01,-3.009063284300707575e-01
