0.000000000000000000e+00,7.112903657012442649e-01,2.981401246517336179e-01,3.306289076343053024e-01,-9.872431411661018730e-02,-1.512849697283998388e-02,1.586598010776526790e-01,3.602843736280205156e-01,-1.984733259212027590e-01,6.992867481687881082e-02,3.835362669959553883e-01,3.505890130927677983e-01,3.407906949856526202e-01,3.343835370755423031e-01,6.179885234509509967e-02,3.187943096989769021e-02,2.888204273263313415e-01,1.620525418701342091e-01,6.316384061660984539e-01,7.389071549114069049e-01,7.489962606531908040e-02,-3.511921552210278685e-02,3.809268649286302877e-02,9.076219309769682775e-02,-8.900212234446641668e-02,-5.879583344042953880e-02,1.559449537547988145e-02,3.456498575100630521e-02,2.035448616673686539e-01,8.120529080562499669e-02,1.193666505919845078e-01,1.726349204639529566e-01,-5.753996167682886437e-02,-7.106732277931208930e-02,-5.005980395201942157e-01,-5.752900771017376291e-01,-1.179186875219540021e-01,1.126030697175529338e-01,-1.623753547907041128e-01,-4.336536261288540667e-02,-7.854430914658382112e-02,3.536299436223756115e-02,-2.990858086752742895e-01,-2.948778117431003487e-01,-3.053626489619787332e-01,-3.809128699837239784e-01,-2.100470410086145434e-01,-2.474378610508199128e-01,-2.345593178147571678e-01,-2.458612347259516717e-01,6.936778752705823059e-02,7.518249133147658636e-02,-2.628865129920736066e-01,-1.333124602206813558e-01,-1.039919448046509459e-01,1.743613953794037053e-01,4.789507343716795096e-01,4.917680337821058179e-01,4.961470403510125082e-02,1.095288897217675389e-01,1.588958323037687748e-01,2.292948126659886121e-01,5.969696061907557860e-01,1.605218738612946006e-01,-3.150448831708073105e-01,-3.429961829380565597e-01,-5.301427982032492769e-01,-5.202491162086454457e-01,6.576450750797075973e-01,5.057065178659240212e-01,3.332679754568675934e-01,3.536663457201646432e-01,4.595285452572437368e-01,4.219883616967193829e-01,2.224125865694581150e-01,1.064308461053457694e-01,1.096135814083259580e-01,1.328593227597191229e-01,1.025205039019240899e-01,1.923231906481150666e-01,2.713737251570460529e-01,3.081774689947175960e-01,-6.083264139545163304e-03,-1.795881631337781226e-02,1.083470256065894588e-01,-2.891476846361713815e-02,-1.794134044991514410e-01,-1.030607138837475040e-01,-3.575831445687688293e-01,-4.962198890048660077e-02,-3.215023614009066000e-01,-1.394982009175338988e-01,-1.262024174106473051e-01,-3.921615519614554679e-02,1.696106388097446890e-02,-1.352112244083059356e-01,-1.477646941049767237e-01,1.149981492962255381e-01,-1.894942895899867086e-01,-6.244126038560566389e-02,2.887704896330309592e-02,2.161303807729035853e-01,-8.103014255990217962e-02,-1.330656151098427546e-02,-2.773294854416783473e-01,-1.829636394864387616e-01,-1.510079691130585267e-01,3.800636631823663125e-02,-3.143183503218120733e-02,9.455090872998805906e-02,-1.936560861984821802e-01,-1.294708173566240794e-01,7.163332041870079658e-02,1.116724197310691308e-01,-2.269989336197810736e-01,5.692948550327651264e-02
7.112903657012442649e-01,0.000000000000000000e+00,-1.166135541595691438e-01,4.135866564894647573e-02,-2.699010180156689032e-01,-1.193829594875533695e-01,-3.381677059486800085e-01,-1.110505952030553523e-01,-2.795165754397255786e-01,-7.781665981363976303e-02,-3.448841152325647554e-03,2.087959597444478260e-02,-6.445964597986957034e-02,1.808766699714737247e-01,-1.323845481686233283e-01,-1.059640432199065868e-01,4.207283911905820295e-01,2.900087579367187640e-01,2.864614687376703661e-01,5.553073134422508161e-01,-9.226078457052921305e-04,-1.837146564444924468e-01,-1.192469088657341220e-01,-1.195617912422155676e-01,-1.877982936449180129e-01,-1.262825993867162933e-01,-4.594210412964472995e-02,-3.116868584780688352e-03,1.835354728668272262e-01,-4.501363125846426227e-02,5.020913321523800404e-02,6.281636721701230885e-02,-1.049162680904856537e-01,-5.008357720256440687e-02,-5.832328282439109834e-01,-5.691832018127286341e-01,1.010573680896552917e-01,2.675243242544659283e-01,4.276487906166447084e-02,1.904927851438321107e-01,1.056213746127609987e-01,6.640895292773901781e-02,1.664206282989984589e-02,4.626525593924417368e-02,5.174145390984576966e-03,1.276415615742647336e-02,3.590139379334451875e-02,1.547430323651115616e-02,1.502361039900113916e-02,3.087355076904019224e-02,1.424144468311475120e-01,1.541349342199493655e-01,-7.885942839501576540e-02,-2.808967527564788791e-02,-9.867049054361205773e-03,2.749701432573395388e-01,7.575695660775165763e-01,7.604473957553181673e-01,-8.373480029700511307e-02,1.385989653686915124e-01,-1.700106834758862984e-01,1.884532632588044668e-02,4.296398417177942908e-01,-1.138665498380480312e-01,-5.369557510941135314e-01,-4.263143586441291433e-01,-5.761083736086548557e-01,-4.148263086525526555e-01,6.458540897717541807e-01,5.417169910422868773e-01,-7.176176414635133949e-02,-8.815235991493661216e-02,1.796687955840593418e-02,1.084608468086850352e-01,-2.422753095127722078e-02,-2.034160367570341660e-02,-1.858443241519138756e-01,-1.258760312649166990e-01,1.778975315299297644e-01,1.793886355759846396e-01,3.482200019145930137e-01,4.797698999189117797e-01,2.524931040150226735e-01,7.770927081503170575e-02,1.982940838831377672e-01,1.193933899485484090e-01,-2.722026037128283393e-02,-7.050830669783066107e-02,-3.026101708119670053e-01,1.027823041280273020e-01,-2.870053021123606385e-01,-8.640878809820855266e-02,-1.092326355467198168e-01,-1.808539721225927571e-02,5.129147931612047101e-02,4.877481745934116736e-02,-8.744419557381223618e-02,1.693640085812184171e-01,-2.224007572659469079e-01,-2.005395831825144692e-01,9.599359935176436653e-02,1.319474855056224638e-01,-1.131231074072832771e-01,3.411173194144565685e-02,-2.327271946982955864e-01,-2.109331752298229112e-01,2.586673174352250790e-02,1.548784540568500789e-01,-6.041747818355046318e-02,1.110957497274025069e-01,-2.012367148830640495e-01,-1.760957082409941310e-01,1.706956297505050901e-01,2.002057608412065870e-01,-1.269537626108152573e-01,1.459807724865919976e-01
2.981401246517336179e-01,-1.166135541595691438e-01,0.000000000000000000e+00,6.111982799709575476e-01,4.008578930347843627e-01,3.824786677414466207e-01,6.768077260057870914e-01,5.740650164205005623e-01,3.428039602364466587e-01,4.297717581045197299e-01,4.984221727378019273e-01,4.812701866723969046e-01,6.417466513726107769e-01,1.642673355791520184e-01,6.001411159081233571e-01,2.938010743124963020e-01,-1.120648032715368947e-01,-8.842951630811179964e-02,5.140849032594961843e-01,3.367634329383751290e-01,2.317288499291687009e-01,3.946479471241537418e-01,6.591173200835682700e-01,7.751812418545399597e-01,5.001969901752008063e-01,4.223207930027269019e-01,3.800038420204284728e-01,3.220373478393148137e-01,1.744316453395255428e-01,1.560428385242347837e-01,4.035785853674467849e-01,4.426984268739163064e-01,2.701565521477647946e-01,1.491572263263127029e-01,2.300365437638767496e-01,-5.016398180603188345e-02,-1.904086950229326447e-01,-2.595143021274216033e-01,-4.256939431109243999e-02,-1.386726483881083882e-01,-1.372688026714419252e-01,-1.024958156672816367e-01,-5.057838156124996321e-01,-5.300100328976972142e-01,-3.078521585405374905e-01,-5.096337401760820951e-01,-5.276088822022177993e-01,-4.514951318460035945e-01,-4.712924790175277434e-01,-5.316376347453783957e-01,-3.507791355289220925e-01,-3.170347281278538265e-01,-5.832486004385640799e-01,-4.966550225730758106e-01,-2.560468830883450564e-01,-7.738870249965794368e-02,-3.203337002831170288e-01,-3.075704315385501819e-01,-3.646355699798489725e-01,-3.638241685849553098e-01,1.291806980624579104e-01,2.976432674483006080e-01,1.049255691469189872e-01,2.730373126504543890e-01,4.811667937389091931e-01,2.346978249529347027e-01,-9.831005009004818718e-02,-3.141404490802522376e-01,-1.138920537226468521e-01,-1.853206628777722687e-01,3.694879942893848912e-01,4.467589251299363684e-01,5.035614576869308356e-01,3.432230133161217611e-01,3.851238254708976294e-01,4.297237201430232356e-01,5.117071681227841617e-01,5.103302911649132412e-01,1.559454709520897708e-01,2.686295353591012236e-01,-1.084392464532354800e-01,-1.321384378503075337e-03,-2.081276208563569707e-01,1.517401424563019352e-01,-8.409340826185425499e-02,-2.381216930010736366e-01,1.221360791283890579e-01,1.978104138162119774e-01,-1.550712458511017411e-01,-4.464075507512498819e-01,3.809843200771362987e-02,-1.887321656129823111e-01,2.088581159653102037e-01,5.545484358761212235e-02,2.174065571477621084e-01,-8.535312214215437510e-02,1.275982324629998665e-01,1.371760547392346652e-01,2.100406332060725939e-02,2.367279053434600822e-01,8.758864112237858823e-02,1.823650363994110124e-01,3.409281548129759754e-02,-4.982009368220959716e-02,-2.506004939905260298e-01,-2.226291753673123042e-01,7.609274683450892307e-02,1.488551023447893251e-01,1.440594782186339629e-01,1.799031894970397061e-01,2.396357540990779258e-02,6.064455242611605651e-02,-9.979854882553643169e-02,2.526089603191679633e-01,1.068484986587920141e-02,5.791096596660870455e-02
3.306289076343053024e-01,4.135866564894647573e-02,6.111982799709575476e-01,0.000000000000000000e+00,1.269134654275786422e-01,4.372607481408867236e-01,4.157315532911963762e-01,6.394519763486908870e-01,2.368802244774901034e-01,5.580069175196668008e-01,1.859245215851061950e-01,4.890811362220549019e-01,3.559727970640110262e-01,2.099947930773067850e-01,2.427663952834502870e-01,2.038709826255225288e-01,-7.931704513188425620e-02,-1.374834662220905668e-01,4.349721586835767484e-01,3.234962981786629888e-01,5.391064689694684969e-02,3.661071300907062787e-01,4.936956747840414161e-01,5.257089117405256973e-01,3.098132874894961031e-01,1.900554372454403840e-01,3.103890649381620404e-01,3.735281937035592192e-01,-4.021387127066142209e-02,2.478912415442173500e-02,3.804627538514833707e-01,3.456957410627712335e-01,2.526242362589578017e-01,2.738398809323953076e-01,1.030091197266661124e-01,-4.992900531471580056e-02,-3.388313380986572310e-01,-3.334858591741479694e-01,-2.051843536476412877e-01,-3.559986297905834429e-01,-3.560910745546032041e-01,-1.883389657975408082e-01,-2.008752348094052509e-01,-2.523304955276113870e-01,-9.136894164102506155e-02,-2.373516852871369875e-01,-2.652039603099505816e-01,-2.163474150174105048e-01,-2.194446530077636404e-01,-2.876128387887599280e-01,-1.478104272368734318e-01,-2.339100212589791394e-01,-4.172603834787088073e-01,-3.685138686421853271e-01,-3.506327204259132024e-01,-2.111123997663325313e-01,-1.202232397265272229e-01,-9.647041833836900171e-02,-3.248993911052949213e-01,-1.476464452643419523e-01,7.907516179493544184e-02,4.038520872131916017e-01,1.994359536986592130e-01,3.062479598616313914e-01,2.315403542986551877e-01,2.077578962553041919e-01,-1.587336948090688482e-01,-2.364475317565119250e-01,-1.333469865237837048e-04,-1.568040173860658082e-01,5.947150402084072640e-01,6.073760746125123067e-01,5.138047367438655089e-01,4.481012128708976028e-01,2.943822572027565698e-01,2.872579127739899318e-01,4.543735061126323305e-01,4.948969123823682703e-01,2.606343218189625111e-01,2.835074555417630982e-01,3.117780990821708564e-02,7.819284978507430595e-02,-3.703218420610495665e-01,-6.198526067002015257e-03,6.917269195231780243e-02,8.037354976223425040e-02,-4.785326138017508002e-02,1.678241900932983255e-01,-2.663083907429985020e-01,-4.931937615473520053e-01,-2.886279411378429027e-01,-5.583048731318929203e-01,-1.112480215170459502e-01,-2.995111437343062066e-01,-5.466511979681695083e-02,-3.716506364195291678e-01,-8.768827096906343932e-02,-1.505105974190808771e-01,-1.630814279287815249e-01,-1.708666950114597627e-01,-4.862044749648886111e-02,-2.431371070813108659e-01,-2.530647032945070873e-01,-3.664944156165113043e-01,-1.740174370247097868e-01,-5.700512329189582478e-02,-2.214577958881487618e-01,-1.352569139512891649e-01,2.370756787309694635e-01,-1.314953092668680601e-01,1.130660949998299122e-03,-5.706055872863127765e-02,-1.389365668908023321e-01,2.431529230441258904e-01,1.205287544262525212e-01,-8.356878512464882558e-02
-9.872431411661018730e-02,-2.699010180156689032e-01,4.008578930347843627e-01,1.269134654275786422e-01,0.000000000000000000e+00,5.806244312628265902e-01,3.840583270849357023e-01,1.983615205773059109e-01,4.627750865418367443e-01,3.897708196743295828e-01,1.766478852612029249e-01,6.143051163427769995e-02,2.174998337215440503e-01,2.746031520170466242e-02,4.848083487605697739e-01,3.644209355645445791e-01,-9.370508224781852469e-02,6.161169066643266967e-02,1.053496656615101473e-01,4.530909360647152051e-02,3.180774917267381041e-01,3.138687706303128766e-01,4.566127800022126010e-02,2.188357223046543398e-01,2.900653949982092139e-01,3.271322648408488964e-01,5.366167716966617762e-01,1.627909736107868433e-01,6.127219582194225883e-02,1.513878462902351618e-01,-7.469668475226549920e-02,4.732269265058084741e-03,-3.661821657973369365e-02,-4.836402984973221797e-02,1.941217258387163136e-01,1.013290999067671949e-01,-8.643317597033202404e-02,-1.555290486057679944e-01,-2.762014840283647313e-02,3.985202159446487452e-02,4.561157245249154030e-02,-1.926539155146627658e-01,-4.314962091684431122e-01,-3.870330003475920821e-01,-2.346385581625069217e-01,-2.713075351328407270e-01,-4.628757434624909406e-01,-3.847704509638175119e-01,-3.019152814225398718e-01,-3.034484214497049082e-01,-2.156700186805257102e-01,-1.475039276084258999e-01,-3.239137353224819660e-01,-2.412413276953972452e-01,-2.050888376145728886e-01,-1.080724088732922250e-01,-2.623473160616229261e-01,-2.931881252831279872e-01,-6.711180465052961341e-02,-1.303886057031026502e-01,-4.378166184337551475e-03,7.319122445957578112e-03,-3.286128020820987261e-02,-2.035272080883376682e-03,3.074086195208037831e-01,1.244176704825033369e-01,1.665504344674654802e-01,5.670711278350892143e-02,-2.221136136541540518e-01,-1.981829906040849798e-01,9.538779946180452052e-02,8.011991689623156054e-02,1.436917597950170822e-01,1.973057271819583444e-02,2.070352022730113928e-01,8.189686216871178148e-02,2.635640539796200166e-01,1.920192778306366033e-01,-1.121589405701863967e-01,1.994625910686535497e-01,-2.165378893861332199e-01,-1.293285448432504869e-01,8.851713455473816938e-02,1.617061335008392331e-01,-2.767561726983202575e-01,-2.970592669434631850e-01,8.251845978689822947e-02,2.050335571928779133e-01,-1.255713385450401287e-01,-1.641867007363189968e-01,2.464329974970790038e-01,1.761033106563841821e-01,2.737114361785066841e-01,2.181603787136042194e-01,2.092668771846795117e-01,2.238520706237130398e-01,8.151289163282639250e-02,-5.467971572862971585e-02,1.549846963779819564e-01,3.455061622855622461e-01,-1.462103579244204005e-02,2.064675369074021327e-01,2.500787148188860498e-01,6.959497454920941795e-02,1.489872219493806049e-01,7.591613434170561836e-02,2.368265650731871397e-01,1.205135903551598220e-01,1.819748501795643014e-01,2.951303053236502549e-01,-1.804923253775637948e-01,-1.227678978731948888e-02,-1.174085608720624035e-01,-1.488720698699075584e-01,-1.373830012267741874e-01,1.839921306926768640e-02
-1.512849697283998388e-02,-1.193829594875533695e-01,3.824786677414466207e-01,4.372607481408867236e-01,5.806244312628265902e-01,0.000000000000000000e+00,3.379730297705978992e-01,3.377169236753413406e-01,6.831989825151196793e-01,8.200885711683930657e-01,2.421730420630558989e-01,2.115405962608420121e-01,2.279248077913447745e-01,1.730821247522906503e-01,3.752812505850144920e-01,5.470684112350420181e-01,-4.788910123598193701e-03,3.866409573612544087e-02,1.761810952607884562e-01,2.208242273757545296e-02,1.443729267393370208e-01,4.693481875915008761e-01,7.573656328885386424e-02,1.568242749476383424e-01,2.584422214188284439e-01,2.069546806387831672e-01,4.953312755045831683e-01,4.300392532180342120e-01,-7.219823520656157290e-02,6.351987860318754515e-03,1.093292442032597345e-01,9.471848466195391392e-02,1.976646168111647131e-02,9.218139814609056792e-02,5.712351425926374959e-02,3.886793938665954878e-02,-3.498305825687528237e-01,-3.617461037065740626e-01,-2.459716800372838963e-01,-3.014615225152204037e-01,-2.728455695757998622e-01,-4.404433007561436852e-01,-2.872601483334358830e-01,-2.521177634731615047e-01,-8.250006396709289036e-02,-1.610875366539104014e-01,-4.258409742937894205e-01,-3.269015391518734215e-01,-2.320164715529134114e-01,-2.962788359899036772e-01,-2.889666615820619122e-01,-2.320003660307040083e-01,-3.169817086009760754e-01,-2.499612338476809581e-01,-4.648741334995609709e-01,-3.447043743175745578e-01,-1.085659131173472708e-01,-5.447057262466654948e-02,-9.787456762517979247e-02,1.128590302094202233e-02,1.853309251816660785e-01,2.727177468841260333e-01,1.508960384826035957e-02,8.540057249075806711e-02,7.641094543824415719e-02,-2.400786416275110108e-03,-4.939282468820158783e-02,-1.049609945529623029e-01,-1.958610682536040259e-01,-2.380872281057280493e-01,3.636307206023458583e-01,3.997815410089386456e-01,2.833442560285486800e-01,2.322582865538066477e-01,3.882502611318826569e-01,7.690461122805154759e-02,4.530461842784148097e-01,3.681959968006714434e-01,1.054384778241548443e-01,3.582710319903633645e-01,-1.197540585725148238e-01,-8.404346279756570726e-02,-1.494649726445871629e-01,1.979064558153451059e-01,-3.471283098539481027e-01,-1.930193012050792634e-01,-5.857055557434780180e-02,2.971866184754237139e-01,-3.349651477520288467e-01,-3.655054633707408018e-01,5.619363286697361820e-02,-2.037953968558674500e-01,1.447954446487884628e-01,-4.144156989360871929e-02,2.171089376034411036e-04,-1.463191651256844361e-01,-2.852310365711159881e-02,-2.617395052565398283e-01,-4.544529644969249466e-02,6.896945917253757830e-02,-1.303892219712962097e-01,-2.455564544643240241e-02,-5.955523274588227917e-02,-2.329411966604468254e-01,5.600070239217815743e-02,6.458071414118489451e-02,1.081653583508542515e-01,1.798305199190700435e-02,1.968999734245779065e-01,1.168786857877297247e-01,-2.109679687319702679e-01,-1.283957273635106533e-01,-1.830936393880736035e-01,-5.822314452773735133e-02,3.939570906634901060e-02,-3.807581047468750618e-02
1.586598010776526790e-01,-3.381677059486800085e-01,6.768077260057870914e-01,4.157315532911963762e-01,3.840583270849357023e-01,3.379730297705978992e-01,0.000000000000000000e+00,5.970908929174530977e-01,5.192008861933036235e-01,4.211817445615966826e-01,5.244348602266158954e-01,3.676745238450969677e-01,6.787310035819623666e-01,8.408547168967736574e-02,5.121347278966842387e-01,2.588466134397836571e-01,-2.442405515071476019e-01,-1.842153790576058214e-01,3.923979112224433297e-01,1.199296259046065405e-01,-2.553501952790077772e-02,2.378239775785017940e-01,2.887740813246931770e-01,3.522338734104636937e-01,3.767086385285287053e-01,3.337340719620432439e-01,5.983516394079211459e-02,6.749248271803161281e-02,9.850468234152937042e-02,2.007673859938400585e-01,2.358667461041208668e-01,2.579616786290946373e-01,2.292014771697489517e-01,1.179633725441061459e-01,4.274111140511708262e-01,2.274748742844264759e-01,-3.422008725290865971e-01,-3.848220412683693303e-01,-2.731251140315460457e-01,-3.983082615610985533e-01,-3.188442649756615954e-01,-2.417617768874980588e-01,-4.775751197248828683e-01,-5.243633955473114838e-01,-2.531448432929619408e-01,-4.992621066114614203e-01,-5.128177980222606847e-01,-4.830334181082399647e-01,-4.630845246963236628e-01,-6.286914468730282479e-01,-4.729988885666361331e-01,-5.228930829568539940e-01,-4.106900504918049588e-01,-3.103606455643578288e-01,-3.127321765322905178e-01,-2.493500922996622349e-01,-5.691795670449321110e-01,-5.788659023164721695e-01,-7.939307368183257108e-02,-4.180696082681298331e-01,3.243794289459808189e-01,9.980542399199948678e-02,-2.616852152726834371e-02,1.869451038205871551e-01,5.116162816253893020e-01,6.519669077237875976e-02,1.204851036859027613e-01,-2.288283251389666151e-01,-1.784462971743819570e-01,-1.898800664581774822e-01,2.647681832847816330e-01,4.035699911695136977e-01,5.397982656087754183e-01,3.771209703855313289e-01,3.577764726927052386e-01,3.430164291554348988e-01,4.275128978606827501e-01,3.588412960134532148e-01,8.303370669793316838e-02,1.251810097321613413e-01,-1.950776011675580957e-01,-2.614417817835267277e-01,-4.167930808308474289e-01,9.951284327722566270e-02,-1.512049120176233441e-01,-4.019924149627757126e-01,-3.404255974550853825e-01,-1.776285142946227302e-01,1.015972815165657739e-01,-4.348172625649603940e-01,1.077497251502278347e-01,-1.175662440148874527e-01,1.507336472450720999e-01,-1.366641952106881774e-01,2.190934528339634757e-01,-7.919409287625349403e-02,2.950175848551444546e-01,2.595750962973931153e-01,2.416986329842202574e-01,4.396827514053275321e-01,-1.224562636031430868e-01,2.481070923695823105e-01,1.415266343664576274e-03,6.569197679124528025e-03,-1.203023840585929621e-02,3.756772706990574306e-02,-1.281245226212853472e-01,-2.972453291752667065e-02,1.604431601001416463e-01,1.728839566668947114e-01,3.491383359527544528e-01,3.929820137454526630e-01,-2.139236670656618766e-01,9.963129569939709052e-02,1.509638181414077740e-01,3.023175786166091075e-02
3.602843736280205156e-01,-1.110505952030553523e-01,5.740650164205005623e-01,6.394519763486908870e-01,1.983615205773059109e-01,3.377169236753413406e-01,5.970908929174530977e-01,0.000000000000000000e+00,2.496944066279151442e-01,4.932965941280810229e-01,6.449966820862819139e-01,7.582679829026751639e-01,6.662570210199337817e-01,4.973582258678030388e-01,4.741610949345777537e-01,3.464133855393130013e-01,-2.085389368655203579e-01,-1.770474962211636416e-01,5.597553768057982326e-01,4.436010783552303827e-01,1.548874713691466565e-01,1.759463831824958080e-01,2.594480540709843686e-01,4.216697948976737553e-01,1.471694939299497962e-01,1.309606355567184965e-01,1.638268332120932647e-01,2.916304702782799435e-02,1.797632973426601666e-01,2.408590925191727294e-01,2.279799618157847818e-01,2.967286291188863112e-01,1.301788522813114579e-01,1.136699324800149458e-01,1.051396887432939492e-01,9.129580231920160797e-04,-2.543793091069571632e-01,-2.306234062082168912e-01,-3.949296207709803164e-01,-3.027525055105864116e-01,-2.582758436743655128e-01,2.290834674023891487e-02,-4.222373490977694432e-01,-4.569466978018086323e-01,-3.511943676307643369e-01,-5.185789503155162627e-01,-4.039218485699380135e-01,-4.749001320428284378e-01,-3.405901035845591007e-01,-3.833337909896462059e-01,-2.736196414727305043e-02,-4.065401290861080791e-02,-2.669738185786009188e-01,-3.575569119627363124e-01,-2.081179959574004923e-01,-1.605663499490669888e-01,-4.156583728741960471e-01,-3.310080639661301394e-01,-1.296588592405669982e-01,-3.782070221837703639e-02,4.836873598924818496e-01,5.789458349993658048e-01,1.558809865096185410e-01,4.308104601292589431e-01,2.490063530296829641e-01,1.676040125313590368e-01,-5.973210755585024040e-02,-1.490692933325217517e-01,-1.177592380741610267e-01,-2.473869220435378213e-01,5.971087960882042189e-01,6.326045722552495754e-01,5.792084539484095851e-01,4.114406465368086185e-01,3.734384908752405585e-01,3.650163679523186766e-01,6.170963982137823711e-01,6.316510239603804200e-01,-5.622982732982024362e-02,1.498684514207907215e-01,-1.257602977967850755e-01,-2.467928654238358277e-01,-3.224648971046432666e-01,-1.864315002305907409e-01,-1.515086388101513082e-01,-1.874092658142578749e-01,-2.754605761215031534e-01,-1.703596216046585343e-01,-1.544388385491199389e-01,-3.250282463046437753e-01,-1.999979569122322109e-01,-4.066557815687340538e-01,-1.636577224466904124e-01,-2.916533520172391314e-01,-1.548504239904334723e-01,-2.343128801275780881e-01,-1.266465386803125037e-01,-6.560397033429250790e-02,-3.035294144906713204e-02,4.807548717456350956e-02,-4.168290168536609164e-02,-3.240480983925582426e-02,-3.522344194214360041e-02,-2.470326023813942951e-01,-2.650209223276709779e-03,1.248805340450619555e-01,-6.043272916590639032e-02,3.620326013647508223e-02,5.160629698797208897e-02,9.864574976202166931e-03,1.790965262751192250e-02,-2.283455473574465960e-02,-1.500025193928209155e-01,1.689104339212978700e-01,1.911495908776392281e-03,3.137375190219199306e-03
-1.984733259212027590e-01,-2.795165754397255786e-01,3.428039602364466587e-01,2.368802244774901034e-01,4.627750865418367443e-01,6.831989825151196793e-01,5.192008861933036235e-01,2.496944066279151442e-01,0.000000000000000000e+00,7.321878069570091352e-01,2.618953101332504030e-01,1.161493954420165231e-01,3.476225215872403296e-01,1.079473597302471610e-01,5.111071361283667791e-01,4.482640951020091524e-01,-2.944964941910195311e-01,-1.841592149944858980e-01,4.059689594562018028e-02,-1.432951533129571964e-01,-1.652299380899615033e-01,1.957069201837325079e-01,5.459181113866398705e-02,1.137296201606534107e-01,2.748037398189521752e-01,1.769241340711121269e-01,2.183309075703865343e-01,1.619080621938457365e-01,-1.738103070789053517e-01,-2.432801334428257370e-02,1.849565174634088330e-02,1.437350772814334661e-02,2.991619908809635756e-02,1.984488398326021349e-02,3.280155563044468980e-01,2.409396048199101137e-01,-2.426504352128566744e-01,-4.290708916300206566e-01,-2.490670678073315658e-01,-4.248103499800313099e-01,-3.927532001184725341e-01,-4.770442507549781386e-01,-3.232234811315968237e-01,-3.380697700124367655e-01,-1.470790597370192632e-01,-2.657829142895634100e-01,-4.743580370608308505e-01,-3.711784504770653803e-01,-3.653828450389876026e-01,-4.542624374874065785e-01,-4.629009679710481828e-01,-4.438399673390230338e-01,-1.988918261813604205e-01,-2.005958653961440741e-01,-4.049733983658414527e-01,-3.884926916315686318e-01,-4.428155809359224926e-01,-4.116601240018565866e-01,4.554795890313679922e-03,-3.241958984594253690e-01,2.915011496004041858e-01,3.571035453719237363e-02,-2.235679709005701510e-01,-3.351095344580957286e-02,3.214681220545079210e-01,2.779094457112854868e-02,8.060243949903166463e-03,-2.195776099483975619e-01,-3.101100142270746818e-01,-2.400762014678215206e-01,1.002593464569876136e-01,1.768357200842997079e-01,1.568170777977740959e-01,1.132860549711758036e-01,1.611000633117317671e-01,7.903259727056723138e-02,2.908917570112370954e-01,2.066942151003887673e-01,-2.619981330309304954e-02,9.695863279286860703e-02,-2.565831081527624180e-01,-2.057805542712520808e-01,-2.051531145345407148e-01,2.274449410525876958e-01,-1.528464984921848180e-01,-1.230366281848645493e-01,-7.844001682865819891e-02,1.783585228455698557e-01,1.423079450047204653e-01,-3.047051441407244710e-01,1.639278983954132740e-01,-1.369632863822249358e-01,1.250549941447748059e-01,-1.760431533975520269e-01,5.043930629619743783e-02,-1.104590997859064005e-01,2.065056539999768626e-01,-4.961543974720801498e-02,1.784201009665531135e-01,3.212261321520512580e-01,-2.445140856504230964e-01,9.391781696861337125e-02,-8.207726992697114698e-02,-5.975853358585037078e-02,1.185847644634132614e-01,1.334048866365689090e-01,-5.357915308864001636e-02,-8.486888311909739080e-02,5.625727254256450427e-02,1.606419561227219461e-01,2.165530629198967050e-01,2.687173975079853450e-01,-3.151455894961409099e-01,-1.010003625463791327e-01,3.106839452812190094e-01,7.120350830278546206e-02
6.992867481687881082e-02,-7.781665981363976303e-02,4.297717581045197299e-01,5.580069175196668008e-01,3.897708196743295828e-01,8.200885711683930657e-01,4.211817445615966826e-01,4.932965941280810229e-01,7.321878069570091352e-01,0.000000000000000000e+00,4.083960403564019237e-01,4.617386231770910787e-01,4.177651177077909561e-01,4.550538881681017722e-01,4.964428273213621345e-01,6.370942213210130101e-01,-4.927994267617471363e-02,8.392023128124715889e-03,2.882660334056926232e-01,9.133956588012175082e-02,-8.379493241938501535e-02,2.741925886250313749e-01,2.193177050650801096e-01,2.347742736321573598e-01,2.971586179656235394e-01,4.923235528322241622e-02,3.760702669589325864e-01,4.126243119394469305e-01,-7.317592325625202343e-02,4.496998377581658962e-02,9.121790804135189445e-02,1.130710952005861136e-01,1.027455025256824861e-01,1.167486658408463385e-01,8.004514416184720094e-02,-2.907985985972523502e-02,-4.683543383345714073e-01,-5.401986405584500162e-01,-3.857640790906806116e-01,-4.555892249113178694e-01,-4.059775665598607808e-01,-4.651373019017507882e-01,-4.383302477349597659e-01,-4.587348681054690958e-01,-2.652465639964872723e-01,-3.812549211378627456e-01,-5.513221411259218163e-01,-4.711464985986330567e-01,-3.877329909096948746e-01,-4.273783357683141881e-01,-2.452208588208286411e-01,-2.223833657707786349e-01,-2.894679513027638706e-01,-2.952172048378499669e-01,-5.777538110862757703e-01,-4.090083038027116924e-01,-2.357037523295431591e-01,-1.855429676235370584e-01,-2.200542919659839725e-01,-1.570202583597545831e-01,2.825251262275330078e-01,4.411185831994070550e-01,3.611043476215160253e-02,2.199697360981968663e-01,2.274992385722536259e-01,1.291251541668318459e-01,-2.453042212059899918e-01,-3.275182423320502911e-01,-1.741009457340891853e-01,-2.812817142254424030e-01,4.671399970027240722e-01,4.353067420957299483e-01,3.568282197881971762e-01,3.085273298258672803e-01,3.354821036510405863e-01,5.847245457613211433e-02,5.646229259778932086e-01,5.336628649079668829e-01,2.298896883437155370e-01,4.509963098228082501e-01,1.367994489193290544e-02,4.435368336495635472e-02,-2.595543176961564447e-01,1.754761853403671579e-01,-8.595260455078966577e-02,7.137308258618493134e-03,-1.005313621904477123e-01,1.939284158613592823e-01,-1.972949214368291682e-01,-4.334233643362760402e-01,-9.646114104808499456e-02,-4.295084379538163799e-01,4.153152847043330154e-02,-2.261478499646858986e-01,-1.575248362678567104e-01,-3.175036508240237643e-01,-7.521263848000528385e-02,-2.350121838176549849e-01,-1.625284929482976037e-01,-4.066184341705898764e-02,-1.832727479767227996e-01,-1.200157567610786319e-01,-2.998617390068913924e-01,-3.535833401801523057e-01,-6.817505628126109551e-02,2.221217471970459226e-02,-9.825940872921697100e-02,-8.600506673038675609e-02,1.979049923887221674e-02,-9.657542008698713921e-04,-8.138513794943742774e-02,-5.291319587063531005e-02,-1.072210845859029871e-01,7.505473757999767473e-03,1.534565763424887708e-01,1.635970433066092841e-02
3.835362669959553883e-01,-3.448841152325647554e-03,4.984221727378019273e-01,1.859245215851061950e-01,1.766478852612029249e-01,2.421730420630558989e-01,5.244348602266158954e-01,6.449966820862819139e-01,2.618953101332504030e-01,4.083960403564019237e-01,0.000000000000000000e+00,7.542395052654353726e-01,8.172855802347694931e-01,4.577925608401682278e-01,5.779908170339144169e-01,3.389083615313415732e-01,-7.384515503836408534e-02,-4.227906517083367469e-03,6.532892897383303366e-01,4.265147962074936072e-01,8.584074346023252977e-02,8.708721693195320412e-02,2.046546794279545944e-01,3.377559571111535819e-01,2.046571919534076467e-01,5.576066166925822826e-02,3.813420183690954118e-02,-1.008113766465576142e-02,3.853133407908230224e-01,2.633518510492872111e-01,2.051251489622119284e-01,2.946205082811907960e-01,1.415205194023275714e-01,-3.170481290792852985e-02,2.551043736440044424e-02,-1.088775823691588429e-01,-2.254986383608513500e-01,-2.249415232933863751e-01,-3.959612617159876669e-01,-2.242623142418141979e-01,-2.533965106952605351e-01,1.800366315146276555e-02,-5.209320107393187183e-01,-5.577413666244234181e-01,-3.380863405325799653e-01,-5.589360911955160161e-01,-5.896274988622222102e-01,-5.791996971110021653e-01,-4.569012541223047008e-01,-5.369617475776166104e-01,-2.583846601046142499e-01,-2.015144067662546501e-01,-2.666645067142989212e-01,-3.580219263193643586e-01,-2.657714643617059558e-01,-2.026655037781802393e-01,-2.819829738730679769e-01,-2.716086353006507692e-01,-1.695002594737243795e-01,-1.766524248422819965e-01,6.225528527590746819e-01,4.959340950377105206e-01,1.695989384479372752e-01,4.032489678296582447e-01,2.095917316136161612e-01,1.041605519044170314e-01,-1.301325496840955998e-01,-3.242286007888803834e-01,6.496772272983526719e-02,-5.581441708712982924e-02,3.801401970785550644e-01,4.203229349894208045e-01,5.420792498248964142e-01,4.029179992764619911e-01,3.716749778459088049e-01,3.963956362242541664e-01,5.556537842065164545e-01,5.726562118452784844e-01,-1.339840760690389973e-02,2.793713244878647806e-01,1.185467826945585668e-01,-3.016633105965869227e-02,-1.182318052105910400e-01,-2.810173885740203242e-02,-1.042556511581597678e-01,-2.700715767558248270e-01,-2.019670022892467165e-01,-2.732787203036758372e-01,2.751442326606635264e-02,-2.119049483611286921e-01,-7.374921129578401735e-02,-1.634745262319817205e-01,3.979675929012300994e-02,-1.579905943568280513e-01,-9.045658708051408647e-02,-1.038286607118284188e-01,-8.456607326091077070e-02,1.943203207615647188e-01,-1.724548329452591233e-01,1.267447270337656029e-01,2.580889311133293187e-02,2.352603765966746474e-01,-4.521500585986062276e-02,6.199227710903783620e-03,-4.457774561687275622e-02,-2.428426494366899696e-02,7.665259729156938262e-02,2.244109451364101615e-01,-2.262916525076586194e-01,2.651958392153735411e-01,1.025682297935900933e-01,-1.402075005680695173e-02,-1.083341014382178946e-01,8.774693080794954136e-02,-1.669490890487934989e-02,2.584733185717896231e-01
3.505890130927677983e-01,2.087959597444478260e-02,4.812701866723969046e-01,4.890811362220549019e-01,6.143051163427769995e-02,2.115405962608420121e-01,3.676745238450969677e-01,7.582679829026751639e-01,1.161493954420165231e-01,4.617386231770910787e-01,7.542395052654353726e-01,0.000000000000000000e+00,7.393288081504332254e-01,5.272571090484807765e-01,5.102675814200374749e-01,2.047376761425628855e-01,-5.767088846283462827e-02,1.699394266668307132e-02,6.128945458005402580e-01,4.249707665349691244e-01,3.764904844784848492e-02,5.768882905457247551e-02,4.425270239266126393e-01,4.996965390605447865e-01,2.121838762897068353e-01,-5.531803301370109144e-02,3.401502779813206367e-02,1.131303745412853418e-01,2.720567294801057856e-01,2.134288280227334134e-01,2.636810484058817461e-01,3.290165388105958932e-01,2.459324867546019422e-01,1.517388897659765479e-01,1.032858083117228765e-01,-3.685450958389169251e-02,-2.475137918571788664e-01,-2.296478608880999361e-01,-4.665071691534264375e-01,-3.653082036454786130e-01,-2.946533625686012514e-01,7.813231252206520594e-02,-5.244200039767679122e-01,-5.360088041087306410e-01,-3.039066309005443167e-01,-4.581820425006423725e-01,-5.236881249055196363e-01,-5.277336610683149853e-01,-3.216692457430465057e-01,-3.010691367693794085e-01,-5.686865136726669545e-02,-2.420076177641552681e-02,-3.115412566344590295e-01,-4.247962543566401461e-01,-3.561195789359057340e-01,-2.831528200853234978e-01,-2.843238642654782322e-01,-2.613186259504191589e-01,-2.764159846956596445e-01,-6.279997738166502586e-02,4.588753175776220661e-01,6.870339173769947072e-01,1.883573963093091719e-01,5.458478622605308361e-01,2.419627890315756147e-01,2.889244410356686110e-01,-1.809439210663688069e-01,-2.726666831020801984e-01,-1.013365693252016829e-02,-1.952160864291702380e-01,5.261586025538672606e-01,5.264881453573274639e-01,5.539712906216301969e-01,4.548806240090048636e-01,2.178394106855732482e-01,3.232482648494074962e-01,6.512212290813050863e-01,7.191244924276514183e-01,1.372487847128108784e-01,3.000330989190472808e-01,1.618576357066078830e-01,3.257170830125440814e-02,-2.439384328374525901e-01,-2.199810348794832282e-01,-2.739837257629721985e-03,-3.321619135186851257e-02,-1.476287990982242393e-01,-2.538548429031292630e-01,-1.709547138962938528e-01,-2.650040180536086809e-01,-3.121482089328601051e-01,-4.258065577458841067e-01,-1.293185530049908161e-01,-2.326177279362185435e-01,-2.213617446269604827e-01,-2.642150074620814304e-01,-2.826238933926277230e-01,-4.359198745627226174e-02,-3.010445424523777169e-01,-1.358777564620273215e-01,1.958733047139074243e-02,-4.610303275696582548e-02,-1.250277883538450374e-01,-1.496631672253926904e-01,-1.356591014136478424e-01,-7.543507116980786853e-02,3.767077417494607561e-02,1.623131038003534921e-01,-1.591095924371284942e-01,-6.407370972508431850e-02,-7.426928632369124428e-02,-1.973055635243215200e-01,-3.764486651725437553e-03,1.230339400701022795e-01,1.256136073084307197e-03,1.042766857072881942e-01
3.407906949856526202e-01,-6.445964597986957034e-02,6.417466513726107769e-01,3.559727970640110262e-01,2.174998337215440503e-01,2.279248077913447745e-01,6.787310035819623666e-01,6.662570210199337817e-01,3.476225215872403296e-01,4.177651177077909561e-01,8.172855802347694931e-01,7.393288081504332254e-01,0.000000000000000000e+00,4.784879101635087784e-01,6.734293180410595436e-01,3.970328243638945875e-01,-1.929092003140217004e-01,-9.202104966105746631e-02,6.577536732441735534e-01,4.071872109023876307e-01,2.865271468330030796e-02,1.438012110290628753e-01,4.158885419885485768e-01,5.074600695395115046e-01,2.564644452744654912e-01,8.178334434023432076e-02,-5.023641678426840618e-02,-9.850090988068078979e-02,2.644959129008102594e-01,2.519284737923210282e-01,2.238348053418808548e-01,2.926039308058658306e-01,2.811013067651852437e-01,1.006997018432583268e-01,2.566231565688763538e-01,7.109217089572479609e-02,-1.456828114706084087e-01,-1.846728517852771756e-01,-3.699129128297157787e-01,-3.457040123250530450e-01,-2.830840428726600355e-01,-1.348217134535031848e-03,-5.706192572789695605e-01,-5.736873830565004662e-01,-3.985747936976230532e-01,-5.827547249181158628e-01,-6.680352596375214169e-01,-6.804875618073306098e-01,-6.127889956791217063e-01,-6.737998723605475027e-01,-4.557586777228389563e-01,-4.540658984338106219e-01,-3.957592137959533574e-01,-4.292503130072173323e-01,-4.602993442409506475e-01,-4.051647948469189742e-01,-4.337151860442299278e-01,-4.440343662966637073e-01,-2.217733154859514444e-01,-3.702566305856951345e-01,4.947624202833585394e-01,4.029613297080649192e-01,3.840501492144825918e-02,3.311688625088975435e-01,3.677647047870218899e-01,1.762659274726233460e-01,-5.944613643076540610e-02,-3.275641548020792881e-01,-6.149312660195464103e-02,-1.390613093312587090e-01,3.411692866877101826e-01,3.945237221335502475e-01,5.591438977304042934e-01,4.070201245078016172e-01,3.231823277727361998e-01,4.115924813395852033e-01,5.583396154182697080e-01,5.441696288581953089e-01,5.184600186478336564e-02,1.889498108937971432e-01,-1.488345655122611487e-02,2.414609150903405943e-03,-1.816095292481430257e-01,-2.377197980912209782e-02,2.444542815384849813e-02,-2.384991609568247184e-01,-2.304221258031501907e-01,-2.229919711697506135e-01,9.053616784692012113e-04,-3.457415525776871834e-01,2.263899466183182541e-03,-1.327905496743027602e-01,1.685960140555678721e-01,-6.782463184255431432e-02,9.950030550520707479e-03,-5.661840554708210370e-03,3.033070902630224247e-02,1.743753071536765786e-01,-1.396457520787660611e-01,1.691625366964030763e-01,7.208477461167361877e-02,2.664942309895635408e-01,-1.205710525260493896e-02,4.804045400772888677e-03,-1.080322137097586843e-01,-9.179012015075965758e-02,-2.102770619393407384e-02,1.348323283308647536e-01,-8.770635892595314564e-02,2.006697209821884653e-01,1.376515108774793439e-01,3.753160872090670341e-02,-9.118967097901585495e-02,9.101540967571547514e-02,-4.852228593040440463e-02,1.325201964398509125e-01
