0.000000000000000000e+00,6.211636078392881455e-01,-2.282748375442902877e-02,-2.864056449002599231e-03,-3.204781178784458784e-01,-1.420682215501337942e-01,2.968165943001591089e-01,1.637010294599783589e-01,-3.548644051299479352e-02,-1.243559517525851810e-01,5.275754356018530489e-01,4.217006194801485308e-01,1.063183839299607358e-01,2.194543759474353595e-01,-1.643185031187653633e-01,4.678351674184695608e-02,3.963115307219833849e-01,3.201622908771608600e-01,4.815535476168175677e-01,5.626048152255678225e-01,-3.258143479566244505e-01,-4.601183337832170234e-02,-2.212399027187344214e-01,-2.082819279380603572e-01,-3.496384122341490985e-01,-3.347799644560221499e-01,-3.413687662816653479e-01,-1.929942802619259157e-01,3.850438637526488184e-01,1.796177079821650868e-01,5.272545583823555482e-02,-5.696814076486555502e-03,3.797970885043978617e-01,3.692068769645814319e-01,-2.850654119327036828e-01,-1.960185584262860436e-01,-3.797214776356016563e-01,-4.593650716868506456e-01,-1.127933669616611526e-02,-9.086508780392429929e-02,-3.567941298873841729e-03,-1.686113227824070082e-01,-1.123153538372433646e-01,3.687125037181717691e-01,-4.455103841120804098e-02,2.834458670034546435e-01,-3.175482688492542449e-01,-8.795114758890242024e-02,9.776453695531806681e-04,2.133550863136262632e-01,-1.404895639950538289e-01,1.262009201091542632e-01,-1.260586956015704307e-01,-1.302873382544072201e-01,-7.542337591552716880e-02,1.464527816910808286e-02,6.919399305928147781e-01,5.713592468416683889e-01,1.293986794261178797e-01,2.377778369571265926e-01,2.723251937271085055e-01,3.594524373241748672e-01,4.295961260102281742e-01,5.044202616917481397e-01,-3.956070473205013371e-01,-1.640039905327561331e-01,-2.866577582994558338e-01,-3.244203458079563535e-02,5.442517628720855427e-01,5.502538155398569719e-01,1.302509973770200613e-01,-5.540599737315457518e-02,1.325013087730202710e-01,7.324428507947824962e-02,5.774640251683119119e-02,1.618604905633213298e-01,8.849561450755416558e-02,6.624012372679051464e-02,1.139791016233119153e-01,7.252384855703297717e-02,1.102530227427269000e-01,1.861482212313846363e-01,-4.364004699119136688e-01,-2.016051023068704540e-01,-2.237058904078308430e-01,5.970040166464730264e-02,-3.695739751253000471e-01,-8.012839512490760319e-02,-3.753615506029464588e-01,-1.026897177067239431e-01,-5.063801442188621271e-01,-4.186915325943815769e-01,-4.301720857073568216e-01,-3.612148797943919298e-01,1.116047921464129039e-01,3.442619253739635787e-02,-4.122392009693847531e-02,7.656212255385082266e-02,-1.184706722979867732e-01,-1.868992585270084217e-01,-1.354642702811489074e-01,1.999159616029991260e-01,-1.119031226320656679e-02,7.609627560931052359e-02,-2.414325251026691599e-01,-3.364603722358816551e-01,-2.143496623757294717e-01,-1.586299653434101453e-01,2.592477555086662999e-01,1.068815257552496040e-01,-1.221765171660597615e-01,-2.045629825210336650e-01,-2.788828666267505474e-01,2.322816687800132729e-01,1.779630324048661061e-01,-1.049975557504467111e-01
6.211636078392881455e-01,0.000000000000000000e+00,-2.582657871432640917e-01,-4.063564888475228870e-02,-2.202582838296531786e-01,1.166559488129345068e-01,-1.699440792201585212e-02,9.509839720749035941e-02,1.114366153802531650e-01,-2.248240466546719621e-02,3.603206761670916247e-01,3.065994300606464384e-01,-5.189612894429999207e-02,-9.565588550672816243e-03,-6.658615880650680524e-03,1.851780477141822534e-01,3.577044135663300928e-01,5.405064427415877670e-01,2.843789772326765219e-01,4.560821766367394448e-01,-1.358283492250363655e-01,-1.056024462920423096e-01,-1.783788077955295592e-01,-2.442246384548685534e-01,-1.889131837534105407e-01,-1.171769991978810488e-01,-1.197989398995125132e-01,2.378591177468174483e-03,3.081155008567859066e-01,9.405925525326570835e-02,1.421422724514067593e-01,2.727899311319913547e-02,4.466988606112338167e-01,4.702455665087698633e-01,-1.117309477999210987e-01,-2.604128789707987890e-02,-3.780331253208809583e-01,-3.806213908260022705e-01,-1.560066987023142893e-01,-2.064349561429809909e-01,-1.816895776584481481e-01,-2.053160760059475898e-01,-7.858725722356643684e-02,3.318291265602763551e-01,4.647844366046964548e-02,4.145051341282229296e-01,-3.936185524621467757e-01,1.922869144583846251e-02,7.559224156180453791e-02,2.905527597176402743e-01,-9.863480617135997330e-02,1.118358848527182259e-01,-2.748020727755679307e-02,-8.026623467012343471e-02,-1.869009394181338768e-01,-1.196739365247538461e-01,8.088693110823252930e-01,8.720335852085265849e-01,-4.963055932794922104e-02,3.123482334629350543e-01,1.353442070879663506e-01,5.418697293435680296e-01,4.520806836313856492e-01,5.441352061221996772e-01,-1.329535348357034907e-01,3.628442396042044077e-02,-8.402353190413411332e-02,2.057562973269055628e-01,6.160861746882846379e-01,7.567096445171380692e-01,3.544983713734780606e-01,-6.986294685177091290e-02,1.676155620504239663e-01,5.910449276758417830e-02,1.596935161782377932e-01,1.164726337868169787e-01,3.428828903557457064e-01,4.277164816991151919e-01,1.184278090365940561e-01,1.091053749299554648e-01,2.862511772464741977e-01,3.655457797233542805e-01,-3.328621132418986828e-01,-1.184201258855424425e-02,-1.283760524381420132e-01,3.569819408061915278e-02,-3.326116551838395607e-01,-7.686930316596748969e-02,-4.246607590905699392e-01,-2.467102096853104887e-01,-4.814508749696771450e-01,-4.695936164658938705e-01,-5.188795379625208426e-01,-5.868620918300682110e-01,1.185027299108160938e-02,-2.655290726589068506e-02,-2.334623764458162998e-01,-4.687779396074260446e-02,-1.964632852459240533e-02,-2.231624113545211952e-01,6.269384287139102840e-02,4.839816899364833558e-02,3.345492734034319904e-01,5.982332755735899482e-02,-1.818680640517424119e-01,-3.770110390820208823e-01,-7.014290764132205536e-02,6.609284751642725830e-02,1.819902086365978167e-01,1.618033019388995797e-01,-9.294159114995967363e-02,-3.339200213702164244e-01,-2.938664597578180548e-01,1.556012292542248432e-01,1.148444563309810873e-01,-2.106478937109542704e-01
-2.282748375442902877e-02,-2.582657871432640917e-01,0.000000000000000000e+00,5.890306649119366744e-01,3.542644046908137168e-01,-9.853858032410413303e-02,7.407504095450332393e-01,2.757066893100125204e-01,2.419542150955580340e-01,-1.509824607749596370e-01,-2.083341606468648577e-02,-1.005974829421498601e-01,3.909802575414657033e-01,3.047108378186014765e-01,2.905316869387732925e-01,-8.965730544009313518e-02,-3.194485008127237458e-01,-1.670697673475669276e-01,4.539664022826926937e-01,3.253214116912797049e-01,5.946400089434607933e-02,1.416926130310209031e-01,7.842405828334234608e-01,7.249372511117988527e-01,4.348235534014210368e-01,4.749301766581286999e-01,5.680427265031830208e-02,5.453047190500787123e-02,-1.762926220620705808e-01,-2.105484714823716019e-01,5.919619042181472057e-01,6.127920013109324771e-01,3.081810938122114818e-01,2.454122359989020230e-01,3.491930884619465214e-01,8.444056280258482872e-02,-2.202497343317930123e-01,-7.854629466303843233e-02,-6.735428820763737778e-02,-1.555485932287981564e-02,4.824278866059638488e-02,-2.696405256060012412e-02,1.236520134457364528e-01,2.128565842837576161e-01,3.243576972490942456e-01,9.079309712462527160e-02,1.235713743621360411e-01,-3.685911522764118708e-01,-2.068005465310964741e-01,-3.079835727323821382e-01,-1.246309173452596203e-01,-2.849033896761311579e-01,-3.981758809533122445e-01,-3.775899243048190246e-01,-3.312867995474543803e-01,-4.088543250746837221e-01,-1.470782305118336353e-01,-3.298059537422657339e-01,-3.484451322537546192e-01,-6.557479338124870827e-01,-5.927088282358340676e-02,-4.765427752588131116e-01,-3.529468888571262730e-01,-4.736150853176609998e-01,4.623320907581969230e-01,2.045163172922847827e-01,4.286588728047175390e-01,8.287513829409000332e-02,-1.258822070451406649e-01,-4.085384565827593906e-01,3.330059678970211934e-01,4.498393989107737356e-01,2.856415137888441147e-01,3.936834107896824420e-01,1.909695296713814078e-02,2.876380209197999527e-01,2.924553693564257983e-01,1.970186279513510066e-02,-2.353916182776835397e-01,-4.460395832718039993e-02,-4.077529491700035424e-01,-3.408076473581977961e-01,-8.310740846099913537e-02,-3.717163437263713011e-01,-4.560118430006109870e-03,-3.252623627570019882e-01,-5.380652743655371315e-03,-9.677425311296511401e-02,4.045561828350269229e-02,-4.678704082125728081e-01,-3.250464686235534639e-01,-2.358744665483694658e-01,-1.038915311331139457e-01,4.258515020420645947e-02,-1.497047806232686962e-01,-3.961481746124829728e-01,-9.231675015366082315e-02,-2.688720863960832319e-01,-4.996518929878195903e-01,-2.714708489427983817e-01,-4.628137588554274151e-01,-9.644319033315994216e-02,-3.770534282412765781e-01,-3.751549972249454967e-01,-6.918839950515155712e-02,-3.250103661170623826e-02,-3.234068845995092256e-01,-2.274917076033578511e-01,-5.125815226556171972e-02,3.652088635739900169e-02,-1.299621853839168749e-02,-2.671786390858761351e-01,-2.664351378518307611e-01,-1.068663723210401817e-01,-1.063123545396366110e-01,-1.886573315309305054e-01
-2.864056449002599231e-03,-4.063564888475228870e-02,5.890306649119366744e-01,0.000000000000000000e+00,3.273295417171075972e-01,-4.848882817602827994e-02,3.546871478457783722e-01,6.060982998609132366e-01,-3.000471876406671581e-02,-4.626992507561569073e-02,-3.037369548869700564e-01,1.612717043854870747e-01,-8.272392782348877982e-02,3.764568854276448828e-01,-2.199712663721238234e-02,-1.344366167845086057e-02,-1.348202827914158353e-01,-1.767308941857531346e-01,5.647371982655671196e-01,5.237114661693661466e-01,-1.346645435881303476e-01,1.577422532030264279e-01,6.095108530205491926e-01,7.102764342274516807e-01,1.562231918982398826e-01,4.332924669067207968e-01,5.172558311638864731e-02,1.541966282625129026e-01,-1.777070640500488241e-01,-8.385132601931867546e-02,5.526228942935020871e-01,7.091069413161379398e-01,4.570015774703928280e-01,4.997723214656160096e-01,9.635792730306115550e-02,-5.442588585411262114e-02,-3.858383107896895536e-01,-1.844029836172094983e-01,-5.977054012021405099e-02,-1.103492916219139669e-01,-9.623999206323322064e-02,-4.948603403727971917e-02,-1.465871894024328437e-01,6.914860273998618689e-02,2.111549556512850589e-01,1.675624464120916979e-01,-7.104214318218515789e-02,-3.486823969283678326e-01,-2.129958702013186878e-01,-1.704796963805141896e-01,-2.129305425862149104e-01,-5.651512204289711044e-02,-3.677476241778643296e-01,-3.561400392710080132e-01,-3.336431537231069333e-01,-2.503690631442740400e-01,-2.593891986528492483e-02,-1.852723266594016593e-01,-1.892961215089347948e-01,-2.144261571063919847e-01,-1.992121757568915130e-01,-7.044251862487461990e-02,-3.041369850779463979e-01,-2.342284013115501773e-01,3.895777066907481490e-01,3.437136162138890727e-01,3.070458421035132668e-01,3.899998466555840704e-01,1.202185693483308060e-01,1.266651112594487441e-02,1.773900860975787808e-01,3.947243574288591406e-01,-7.644237734552232488e-02,2.823702405585541975e-01,-1.023802544158931016e-01,2.724852888260285710e-01,1.502819059299055071e-01,1.031354772007112702e-03,-1.212005639718408412e-01,-1.803294239533668464e-01,-3.669842835156754135e-01,-1.907940129240644211e-01,-1.842411210183256265e-01,-1.717835026562982426e-01,-9.053799822612321191e-02,-2.307373582576289703e-02,-8.415822405608094914e-02,5.279514183486373746e-02,-1.695392059862187717e-01,-3.131852004107850695e-01,-3.702345965813227391e-01,-2.727847586317996842e-01,-2.591093657472283152e-01,-1.887110172740722736e-01,-1.190496751624061100e-01,-1.988762512472039001e-01,-3.144588805787569552e-02,-1.214267496824216336e-01,-2.879177916428867223e-01,-1.493739916345990237e-01,-3.713041595089911495e-01,-1.798577138382120577e-01,-2.457308608437309971e-01,-1.791791382588583947e-01,-4.004391648484117300e-02,-8.095727585922715686e-02,-2.661980979545699455e-01,-1.096718141631758958e-01,7.199084060806450192e-02,3.307646676596891211e-02,-1.028341473840495152e-01,-2.613659002526807495e-01,-2.992158927047687267e-01,2.483357107331144939e-02,-7.010759181158483788e-02,-9.425442165513883697e-02
-3.204781178784458784e-01,-2.202582838296531786e-01,3.542644046908137168e-01,3.273295417171075972e-01,0.000000000000000000e+00,4.447244804587186517e-01,1.321455800664271818e-01,1.314505484052158057e-01,3.669368838425041690e-01,6.790650622203298070e-01,-2.631422783396393794e-01,-9.243607788515047219e-02,2.378853735353408244e-02,8.724906855567385322e-02,6.128502024848826446e-01,5.232711711171746938e-01,-1.858021232840794956e-01,-1.778628498171284655e-01,9.061202722801973974e-02,-6.055909688854643758e-02,1.334137668384940689e-01,3.499547634798349516e-01,3.241855378887832373e-01,3.349363086959812330e-01,3.737759091701049474e-01,4.747779756665387874e-01,5.148501024225704548e-01,5.391837566057456899e-01,-1.536249035450796552e-01,-3.424067063807067351e-02,2.196512331829809372e-01,2.680719131574735292e-01,-1.085610915560402262e-01,-6.369753634502076101e-02,1.403091873994931071e-01,-4.924461999275466656e-02,-2.663235130516199978e-01,-2.850820921561349544e-02,-1.288777744682239601e-01,-6.546936386592946966e-02,-5.827395461176742425e-02,-8.607311977717425899e-02,-7.922234243676767873e-02,-2.559037585342854304e-01,-3.751676100278482796e-03,-1.809042638089317367e-01,-1.787048089256401129e-01,-4.236198541402941831e-01,-1.189907900457205930e-01,-2.104512890599869179e-01,-2.857237052798614063e-01,-3.337259446067882829e-01,-3.639150273600063601e-01,-3.434094047220573875e-01,-2.752455317963372061e-01,-2.039194551688793544e-01,-1.902660726280308301e-01,-1.901571575957586857e-01,-2.134257052926132880e-01,-2.825271132942259178e-01,-2.596681385687024113e-01,-1.909428086853323658e-01,-4.286935679133302424e-01,-3.953654947008181098e-01,2.814341898082627358e-01,1.943956039892940912e-01,2.158148228641776911e-01,-2.883691835519207325e-02,8.179812137499142821e-02,-1.876279902360809548e-01,1.940088066118560162e-01,3.082559320773544109e-01,1.769492790900436818e-01,2.064735840333470074e-01,1.159614538237686704e-01,1.903950536876287403e-01,-4.356582957528945532e-02,-1.587831641589873000e-01,-2.005408462205714171e-02,-7.615373131114322458e-02,-1.928320306721398869e-01,-2.707298785563920784e-01,4.088221959063483846e-01,1.724807278254301968e-01,2.307435898645254502e-01,-2.482237847287465660e-01,3.353469720320800262e-01,3.894780473472826410e-01,1.462224297194252565e-01,-3.493845038495015376e-01,-8.811442300193808239e-03,-7.379161596693856184e-03,-1.743382138454301344e-01,7.983735406903330958e-03,-5.144998539969954793e-02,3.071292982073562522e-02,-5.707671482682251905e-03,-1.423221641795038156e-02,2.127159330960513156e-02,1.039687184301310019e-01,-9.237999967535107104e-02,-2.543526051935491861e-01,1.407369964168503629e-01,2.309628638064067496e-03,-1.867548042610359116e-02,-1.260786779995348716e-02,4.779209593485008595e-02,3.088067036591654602e-01,-2.102533579021938770e-01,-4.989119964732121465e-02,3.817542085034433125e-02,-3.948682797291636071e-02,-2.232801528360739973e-01,-1.003515095574829818e-01,-1.279798072345924576e-01,-4.093510715589140925e-02
-1.420682215501337942e-01,1.166559488129345068e-01,-9.853858032410413303e-02,-4.848882817602827994e-02,4.447244804587186517e-01,0.000000000000000000e+00,-9.247961906532779774e-02,1.032871380436362202e-01,6.129952553017863348e-01,5.389307321720355759e-01,-2.494550091048035600e-01,1.931911140936725391e-01,-1.513003615742809227e-01,9.501264529909629608e-02,5.202798400218145991e-01,6.200731231950711297e-01,-6.271765813376059540e-02,1.453433214643383986e-01,-8.297314418495245480e-02,-1.288781787277694380e-01,4.179670500759881668e-01,8.140185420769883648e-03,-9.418280597106169771e-02,2.268138285222505175e-03,2.339637831526512057e-01,2.847082796898161017e-01,2.358489783635535908e-01,2.806314473454905034e-01,9.753679355866813616e-02,1.081270481418882545e-01,1.518035441208616734e-02,1.649392641909618734e-02,-1.263221386160885695e-01,-4.207902360255821178e-03,6.420176268295785249e-02,-5.291112329335132675e-02,-6.186995815534335891e-02,-1.875268078928009688e-02,-7.434102132180796241e-02,2.088348739111275387e-01,4.892165748474249648e-02,4.326618983488734332e-02,4.866090734878968094e-02,-9.898245305477776368e-02,-1.404810286777289363e-01,-1.876200883531584651e-01,-2.968006311627375826e-01,-2.282492342907942451e-01,-2.576440379959195615e-01,-2.126163809676640537e-01,-2.372814318158686653e-01,-7.893206524486963416e-02,-1.990141704477074169e-01,-1.248738695151116740e-01,-1.387770237663791262e-01,-2.118435163723637604e-01,2.080859163667709774e-02,1.717228016010576841e-01,-1.693000004323913232e-01,4.918964766809874600e-02,-1.313868460347673017e-01,2.157846243893744020e-01,-4.368276208102836455e-02,3.003533980441991033e-02,-2.881210965081407172e-02,2.190829177897446467e-01,8.647365163442843894e-02,1.454242520356167911e-01,1.353562423736009435e-01,9.676235336906943707e-02,2.369661062224077130e-01,2.065598134712358369e-01,2.593732701842848543e-01,1.003992508432711012e-01,7.747899325533667836e-02,1.086664333822534717e-01,3.328164920897987850e-02,6.853407762069567422e-02,2.175056213002219130e-01,2.377504868419923201e-01,2.034172551214177282e-01,-1.048619339786842179e-02,2.407139865351379526e-01,2.147777613455489898e-01,-1.260337988203397985e-01,1.091445244327776398e-01,-3.916711387916686077e-02,2.119172257601952269e-01,-2.100790319262222372e-01,-1.069367082961287796e-01,1.830527507329396397e-02,-1.406507895116987372e-01,1.327362200288250381e-02,-1.357653486811515320e-01,3.415353342909121116e-03,8.928589099215374081e-02,-5.019522096083591650e-02,2.013762335417526861e-01,1.241645745667686006e-02,-9.233373116389911872e-02,2.157346514753695488e-01,1.025018366078626064e-01,2.946019930518847807e-01,2.162870812371477380e-01,1.839379171395893742e-01,-8.724041722832776014e-02,9.582930132031280968e-02,3.417976594126161394e-01,-4.721799218772834150e-01,-6.354429869877988024e-02,2.122951564650391310e-01,-9.842222757538880706e-02,-2.305721519361120242e-01,-1.021394660094176038e-01,9.374597892413345790e-02,-1.960638954143108237e-01
2.968165943001591089e-01,-1.699440792201585212e-02,7.407504095450332393e-01,3.546871478457783722e-01,1.321455800664271818e-01,-9.247961906532779774e-02,0.000000000000000000e+00,4.379298403497631775e-01,2.833508973102367157e-01,-1.895488362454101072e-01,1.688379812858355755e-01,1.374614801794385166e-01,5.474234254692598167e-01,3.529371482772150626e-01,2.475479495606817959e-01,-8.328929011705660246e-02,-1.952767751188063117e-01,-9.827818585174824539e-02,2.852440940249182377e-01,2.580837060196085608e-01,-6.504515790339998604e-02,-1.343828798084309717e-01,5.066502276741307043e-01,4.335733933790573147e-01,3.271668809377611398e-01,2.844620835778999268e-01,-9.193801399665163521e-02,-1.262972311439497231e-01,2.269439838883218277e-02,-1.229879224627458828e-01,4.254821613005684289e-01,3.878443415962101737e-01,2.983589613355381309e-01,2.105721632933044984e-01,2.869331275780065416e-01,5.715311936093187689e-02,-2.900566192083740558e-01,-3.109030303503648729e-01,-1.453151719562086608e-01,3.440456553332307821e-02,2.002156116276599188e-02,-1.396724852848130194e-01,1.068776682591711519e-01,3.622448088190649007e-01,3.087795063429267794e-01,1.364771831093498922e-01,-8.457276307494297762e-02,-3.391533579599198545e-01,-1.522971749339025460e-01,-1.877404251456364359e-01,-8.012198252711516533e-02,-1.206067493870024016e-01,-5.164080714645388204e-01,-4.734764028878218900e-01,-3.627964483491436520e-01,-4.003089328814981029e-01,-4.181381003532264745e-02,-1.336799876384269781e-01,-1.622191447263961195e-01,-3.362956321592110442e-01,3.310160840227792667e-01,-7.124040445424342782e-02,-2.593842290562901054e-01,-2.980171509338150337e-01,3.429908839364051443e-01,3.034333096890074466e-01,3.963858640357134089e-01,1.884550404548562541e-01,-1.394387678914980021e-02,-2.262141269685102041e-01,2.822999139292614035e-01,2.531160190921490361e-01,3.059092944941301795e-01,2.560642823748833785e-01,8.126578152262518839e-02,1.738334357450281309e-01,3.581576362084381016e-01,1.318459501829036540e-01,-1.242696375133031522e-01,6.782558983506280226e-02,-2.908072169005282981e-01,-3.061275182253754279e-01,-2.641610941999342210e-01,-4.742220758433272065e-01,-1.421755901412324330e-01,-2.662247112560787721e-01,-1.891747026917780239e-01,-1.496965177707763883e-01,1.739725409611834681e-02,-3.969807085283882375e-01,-3.766053033659170768e-01,-3.232729222910218358e-01,-1.781434932628009615e-01,-4.350355486566925139e-02,-4.720587800728349125e-03,-2.862937685552129907e-01,-6.659081197691518739e-02,-1.383438401175779708e-01,-5.267822526920256099e-01,-3.801908457525303708e-01,-3.930316824492050554e-01,-7.604029926729721604e-03,-3.203611694409947419e-01,-3.886290919907665065e-01,-6.461342921344954970e-02,-1.086372473678701572e-01,-3.419314246797114376e-01,-3.148966536589135057e-01,-1.995253442605756516e-02,4.733960707238874660e-02,-6.946410211584436167e-02,-3.785774248353806493e-01,-3.819401914009429855e-01,-1.432665478623684485e-01,-6.188501080383880526e-02,-2.709327154476413035e-01
1.637010294599783589e-01,9.509839720749035941e-02,2.757066893100125204e-01,6.060982998609132366e-01,1.314505484052158057e-01,1.032871380436362202e-01,4.379298403497631775e-01,0.000000000000000000e+00,1.581821702013709715e-03,-8.144134857807194816e-02,-1.411354335388067260e-01,5.208139644430465065e-01,7.698381479969983177e-02,5.531521842162877567e-01,-7.082844375723648667e-02,3.102004199822586215e-03,-1.087031953656482225e-01,-1.302445790092560396e-01,2.812791056075180651e-01,3.535921154455908266e-01,-2.800381068533397966e-01,-1.351105215546192229e-01,2.132268309569576858e-01,3.829257110777948281e-01,-4.923647474631666354e-02,1.203635610902596825e-01,-2.407318538831195454e-01,-1.760506447374065864e-01,1.858990280960041291e-02,2.267523118581298361e-02,2.606405708899893203e-01,3.969339610376588778e-01,3.311710122578576110e-01,4.660394712389933081e-01,-1.397139398669181194e-02,-8.036393462531578324e-02,-5.478865764531046789e-01,-4.368667897018655988e-01,-2.919427349286232709e-01,-2.362474039335210607e-02,-2.487220522021280356e-01,-2.806871216856191009e-01,-1.835450920722595317e-02,2.152581688198526577e-01,2.045350972862035599e-01,2.146678085446311335e-01,-2.094964911746670932e-01,-3.185983154958427210e-01,-9.829334459565201854e-02,3.088573772045195495e-02,-6.817090269765832544e-03,1.889052706952966121e-01,-2.675470923422865188e-01,-3.933636530542499732e-01,-3.017153838667162025e-01,-3.319093364522959777e-01,-1.420027817558715266e-02,-5.269875328517270585e-02,6.762001282416278680e-02,2.208994607734551252e-01,3.124510671928199534e-01,4.447556853681070010e-01,-1.420811869833091268e-01,2.565631005260082462e-02,1.241504652210189824e-01,3.467937953144100138e-01,1.565104364262276393e-01,4.466851410289332525e-01,9.767541303545630715e-03,6.124079678627908363e-02,1.334363677610655163e-01,3.061808898020851877e-01,-3.281451614762039004e-02,2.015758387757786152e-01,4.833910548796445383e-02,2.189125161796217633e-01,7.187134312983706197e-02,2.313865646543850161e-03,5.636155473358402807e-02,-1.694877424849064451e-02,-1.545276869183963009e-01,-2.239672880053540927e-01,-2.634930677947318611e-01,-3.614749197531881286e-01,-1.422602583534814669e-01,-4.152505470102763746e-02,-2.322027108739291856e-01,-2.151277345746600289e-01,-9.751289160296953973e-02,-2.674268590138041968e-01,-3.158471450831898397e-01,-3.298413849573900714e-01,-9.398479988898006399e-02,-2.655191303773678513e-01,-2.470359936966840322e-02,-1.277880438266092433e-01,-1.724487790730979964e-01,-7.051321508489583056e-02,-3.187719688718007593e-01,-2.209268696972357393e-01,-7.385548844825669257e-02,-2.787423143291490463e-02,-1.075895684089574478e-01,-1.109510448178044895e-01,-5.026200417257128961e-02,-2.646421842316806772e-01,-4.090386817972184175e-01,-2.325051826862427895e-01,-5.680443277129468282e-02,8.301405303347800246e-02,-7.469375628155483504e-02,-3.872691699324088410e-01,-4.273133661461681054e-01,-1.521401592211800158e-01,-1.876937004090917932e-02,-3.021383746575640461e-01
-3.548644051299479352e-02,1.114366153802531650e-01,2.419542150955580340e-01,-3.000471876406671581e-02,3.669368838425041690e-01,6.129952553017863348e-01,2.833508973102367157e-01,1.581821702013709715e-03,0.000000000000000000e+00,3.703651834134575882e-01,-3.196269613601145088e-02,8.184274606623480330e-02,1.429011495298751766e-01,1.899810596518036743e-01,7.205905384320142604e-01,5.842372745221618979e-01,2.851172881004222434e-02,2.813805876812511264e-01,1.541196297812810756e-01,1.050452205698221564e-01,1.854556471629540682e-01,5.453370391707131754e-02,2.331209548353797012e-01,2.200879849005143996e-01,4.758827567963511140e-01,4.595545436160755615e-01,1.706751038093143602e-01,2.948704977520364978e-01,1.680860157650188313e-01,9.220413019592266224e-02,3.326000195554313366e-01,2.533485255903164535e-01,5.117968709289739959e-02,6.853509652568856581e-02,1.510019894885150926e-01,-6.100861724040586992e-02,-6.290403732455421282e-02,-9.932386998716399851e-02,3.148130875104592635e-02,1.928437557734034025e-01,9.216080995900007011e-02,5.553592138210734080e-02,4.043020103694668771e-02,1.763910685101043874e-01,3.017815892356554702e-02,-9.797745125996895621e-02,-2.916021104412430676e-01,-3.302936065740377791e-01,-2.087458209309585033e-01,-2.634029463671769267e-01,-2.905876997722765531e-01,-2.984567254794273650e-01,-4.659397642338644618e-01,-3.923990985678670884e-01,-2.158719727260200727e-01,-3.525220674033046064e-01,9.405032434324130108e-02,9.489869491300807758e-02,-3.935935563040967033e-01,-2.730571309039341310e-01,-1.023677119902830918e-01,-3.009813593922515754e-02,-1.768705569883486928e-01,-2.281928521650662400e-01,1.197934419831014063e-01,1.876284304240474488e-01,1.828845573357386345e-01,-2.141100932741325791e-02,2.985974643010830265e-02,-1.195892696090180840e-01,4.056586720332376328e-01,3.741820970671837499e-01,4.462642647484942882e-01,2.950476864810001043e-01,1.458857681293091180e-01,2.824110838532639667e-01,3.105057577097369292e-01,1.640775246474964200e-01,1.373746251158248499e-01,2.443554208865354738e-01,6.970132772180620551e-02,-3.870762094084199967e-02,-9.001282116314088255e-02,-2.144813976593921631e-02,-1.878048859598050457e-01,-1.820530648207752955e-01,-1.704562102115912137e-01,1.807541732201297935e-01,-2.111717562621462652e-01,-3.468238917439302460e-01,-1.560017257446904559e-01,-2.885909533533093096e-01,-1.342867419939417217e-01,-1.692112899325930730e-01,1.108421049384217816e-01,-7.800400846601898697e-02,-1.288030241327520892e-02,4.757664084696108103e-02,-1.163164235907184346e-01,-1.184104726205080782e-01,5.117234152166628275e-02,6.430841105286497217e-02,3.116748563388820892e-01,7.012672804059491560e-02,-1.843004695764122181e-02,-1.580682614832123190e-01,-8.224684940069866557e-02,1.513117308344464063e-01,-1.756114574225551839e-01,-6.877044910145020673e-02,1.693774442882712561e-01,-8.346725406362144606e-02,-2.656106924275992154e-01,5.362549720965237299e-02,1.839658951274113496e-01,-2.122324552359117489e-01
-1.243559517525851810e-01,-2.248240466546719621e-02,-1.509824607749596370e-01,-4.626992507561569073e-02,6.790650622203298070e-01,5.389307321720355759e-01,-1.895488362454101072e-01,-8.144134857807194816e-02,3.703651834134575882e-01,0.000000000000000000e+00,-2.388195298796176591e-01,4.094354828382471695e-02,-2.206095680292731454e-01,2.605992518978751324e-02,5.422313486714616104e-01,8.126036507907874462e-01,1.125777592338418898e-01,-2.695698580031803335e-02,-1.105341323507586376e-01,-2.174556722937614484e-01,1.855206546824812383e-02,2.311014882097493506e-01,-1.149016763340504343e-01,-8.414202632589216913e-02,1.702786729558990741e-01,1.866880884553207276e-01,5.021215107124321619e-01,5.906233752204951282e-01,8.472613745359786411e-03,1.383132450699606775e-01,-1.252908109019325589e-01,-1.117509241678931731e-01,-3.289846435762242560e-01,-2.790442501124514862e-01,-7.060928571363965858e-03,-5.452776742148092437e-02,-1.686172690868131263e-01,-6.464136976536750956e-02,-4.966935254885383039e-02,-1.405920827919026617e-01,-1.894625173137291230e-01,-2.023783941577412260e-01,-1.765829234128032943e-01,-3.364947717316151277e-01,-3.199381254339930813e-01,-3.206605174943771286e-01,-3.369905039949482317e-01,-1.772705750663987612e-01,-9.806335985723248216e-02,-9.134973280499822379e-02,-3.720306041794820828e-01,-1.890582434491936137e-01,-2.881221378521212628e-01,-4.014885306324154912e-02,-2.497048180434009168e-01,8.116779990449898841e-02,-1.766796001884900214e-02,3.898098874620654214e-02,-7.270627183272181104e-02,-4.023488518128275396e-04,-3.585948296993493045e-01,8.145850100696143750e-03,-2.730699941397971564e-01,-1.512809008356486018e-01,-2.650480233591366933e-02,9.705182455758676330e-02,2.487852910539184101e-02,-7.435044133088898610e-02,2.759086043933794419e-01,8.962008281894667805e-02,5.825232497128674664e-02,1.167003250581485213e-01,5.296622268495210228e-02,-3.607895624833597908e-02,7.641135399322883381e-02,5.648822897380575275e-02,-1.821134518679924652e-01,-1.085733217830939651e-01,1.206865047421289694e-01,3.657824277465322477e-03,-1.571539637870264169e-02,2.303344601499927174e-02,2.840334098080904424e-01,4.222715041449671691e-01,-7.496077634062081607e-02,5.950197625790380057e-02,1.325856790859793743e-01,5.630742233318778434e-01,-2.353366740218834074e-01,8.620290828439222675e-02,1.914763265105334511e-01,1.648437642055186336e-01,-1.683483523937584769e-01,1.247042018724064116e-01,3.661383066642934919e-02,3.049246657633073454e-01,-2.898401055165503518e-02,1.566107264917651065e-01,3.824454954625423064e-01,2.577441297617105165e-01,6.600881352970409954e-02,-3.836158598580751561e-02,2.572132107902139198e-01,3.639376600070926560e-01,-3.082644196509554471e-02,3.544999481536330321e-02,3.098869521061126675e-01,5.321589770274128828e-01,-1.215393601124927225e-01,-8.847744506325390390e-02,2.592698862072857768e-02,1.729822497202203047e-01,-2.459880408740640345e-02,1.266995235019613697e-01,3.050857896655484111e-02,1.819149713039470151e-01
5.275754356018530489e-01,3.603206761670916247e-01,-2.083341606468648577e-02,-3.037369548869700564e-01,-2.631422783396393794e-01,-2.494550091048035600e-01,1.688379812858355755e-01,-1.411354335388067260e-01,-3.196269613601145088e-02,-2.388195298796176591e-01,0.000000000000000000e+00,1.913963739539674414e-01,5.696720577143381536e-01,1.525414407701231323e-01,-5.236574284478843350e-02,-1.435690693991377997e-01,3.562778042246721455e-01,4.532042240934195942e-01,3.084764151742054317e-01,3.201120384077832948e-01,-1.838552737032554951e-01,-1.158261843496120741e-01,-6.979018058399340252e-02,-1.497634207532790307e-01,-2.900082113805804718e-01,-3.728114854925564936e-01,-3.371320050729370021e-01,-3.456859156571308045e-01,3.733275141938571795e-01,9.254414622747901553e-02,8.451835031961753286e-02,-5.340797438542600750e-02,2.714877898845050042e-01,1.986145007034980370e-01,-2.774114708613581448e-01,-2.385116730024249565e-01,-1.600639681322749974e-01,-2.748221665716706341e-01,-5.655649574824719167e-02,-1.192032318112411782e-01,4.316772779890990647e-02,-8.202068503157161627e-02,-4.623975660273531990e-02,2.464813857375435235e-01,-1.186597424252642391e-01,1.945730962163888245e-01,-1.248073397032095806e-02,-2.953727203471739199e-03,7.641518438363940902e-02,1.770863366796532612e-01,7.135263840617810105e-02,-6.477579522831035386e-02,1.385568758065324479e-01,8.831001142989807276e-03,-5.204825874311229048e-03,-5.711154519486260489e-02,5.236848327265701819e-01,3.709262013838710570e-01,-2.029388777797898336e-02,-4.826850135183324148e-02,3.390146199764133561e-01,3.672762106394090315e-02,5.868460925533506289e-01,4.306393506897658874e-01,-3.069011651884644976e-01,-3.592185602382806930e-01,-4.155081276677018987e-01,-4.025645379510181532e-01,1.093980864831152200e-01,1.263280683628869305e-01,1.786474967035940609e-01,1.218056281782992772e-02,2.737982126591905208e-01,1.447474401815148914e-01,2.380169474575085931e-01,1.854500935584047216e-01,1.458717529930803336e-01,1.022206408591006151e-02,5.799467915520173378e-02,1.526346257351697266e-01,2.282503881743966345e-01,2.190174376434797510e-01,-2.126668093066216569e-01,-2.654766794690402443e-01,1.182839558985758349e-01,-1.438859197188478989e-01,-6.961886953690429175e-03,-1.793684875488766595e-01,3.934746504827156544e-02,-1.286552713771508816e-01,-2.621355792490891456e-01,-1.656937278499321653e-01,-1.031494828099528693e-01,-1.806299150416078303e-01,1.135829391696232676e-01,-8.533626638246263885e-02,-5.076467834096450721e-02,-1.962238732773164129e-01,-8.287296718330022793e-02,-7.052462819900318092e-02,-3.812360274585528674e-03,2.963722648917482133e-02,-1.833920696294225397e-02,-4.189315238383737455e-02,-4.152106628113481079e-01,-4.254740446977399726e-01,-2.287518737263157242e-01,-3.727611542085271790e-01,2.200994964296872636e-01,2.082591461538192412e-01,-9.129684663050387228e-02,-8.996070630708852267e-02,-2.979936740956102420e-02,-1.772508124766750820e-02,-4.520826189709165402e-03,-4.742652035825223322e-02
4.217006194801485308e-01,3.065994300606464384e-01,-1.005974829421498601e-01,1.612717043854870747e-01,-9.243607788515047219e-02,1.931911140936725391e-01,1.374614801794385166e-01,5.208139644430465065e-01,8.184274606623480330e-02,4.094354828382471695e-02,1.913963739539674414e-01,0.000000000000000000e+00,1.049938450733272216e-01,7.351179719883986774e-01,7.063122237814610516e-02,2.266676561970522308e-01,3.069426324334293965e-01,3.081666957974812382e-01,2.509546166585970295e-01,3.097950195632530601e-01,-2.026982673055383599e-01,-2.263263234298421578e-01,-1.186125018758195926e-01,5.452783907766041438e-02,-3.418792004919672944e-01,-1.604678255740638881e-01,-3.536759137617489501e-01,-2.339213844275218335e-01,4.343159760172495831e-01,3.788781194903563798e-01,1.308837313366400246e-01,1.549163494537574293e-01,1.341597312629161931e-01,2.374848566912093617e-01,-4.549541583461531591e-01,-4.429722667349907939e-01,-4.699227685731459658e-01,-5.350551780954327930e-01,-6.137692472220793172e-02,1.954572813452931102e-01,-1.029905728216141264e-01,-1.859724805040279538e-01,-1.538509854784168573e-01,2.810740622159201285e-01,-1.803778031594022724e-01,1.300897932025645853e-01,-4.177400490828770963e-01,-2.398661994915586293e-01,1.408537282748112754e-02,1.464340268327063987e-01,4.120719367231774621e-02,4.249884401414609769e-01,-1.697453334019388138e-01,-1.675173472349737736e-01,-1.131988434673484450e-01,-5.279924677726287492e-03,1.774624652326616814e-01,1.881821834141374772e-01,1.332364772454765200e-01,3.668385471173855050e-01,2.091096629110346938e-01,4.353998035639011221e-01,2.228011418196224613e-01,3.613527453519416732e-01,-1.415339995551960772e-01,1.631094372462639497e-01,-2.407186552879536645e-01,1.829236557213581027e-01,1.032619896889539063e-01,2.120904499551036493e-01,4.525396448069354816e-02,1.513436436110777439e-01,3.921411974118513971e-02,1.438380435214433595e-01,8.178965873570759326e-02,3.347417768435474450e-01,1.849368291065585021e-02,-1.238161496643350699e-02,3.920047825917246653e-01,3.377913391310861102e-01,2.092095813612136201e-01,1.244716906022357433e-01,-2.970952076728234914e-01,-2.245698654811494610e-01,-1.722108607352082488e-01,3.657688437869662246e-01,-1.921982278484151152e-01,1.954945198556704152e-04,-3.860291233940514322e-01,7.790978663467390541e-02,-4.129712668272377263e-01,-3.734275034963547291e-01,-1.783588859646596247e-01,-2.422872550648752510e-01,2.724981549123307034e-01,1.856243824420790722e-01,-8.238841898803901664e-02,1.748330663405302521e-01,-1.673002429763419396e-01,-1.853791098876806653e-01,9.586900654354098272e-02,1.679212173535840624e-01,-2.609686912828688629e-02,2.524175695054082791e-01,-2.589262609977500684e-01,-4.295184970457369689e-01,-3.512446405859381837e-01,-1.675022872683128716e-01,-4.241304144470846998e-02,2.288450657703184898e-01,-2.144422257218508293e-02,-2.533312865096606914e-01,-2.740982297626704534e-01,8.575534985694671652e-02,2.861528193291452138e-01,-1.705668466482074264e-01
1.063183839299607358e-01,-5.189612894429999207e-02,3.909802575414657033e-01,-8.272392782348877982e-02,2.378853735353408244e-02,-1.513003615742809227e-01,5.474234254692598167e-01,7.698381479969983177e-02,1.429011495298751766e-01,-2.206095680292731454e-01,5.696720577143381536e-01,1.049938450733272216e-01,0.000000000000000000e+00,3.446325108514894930e-01,1.995945358926724256e-01,-1.663503547306073860e-01,-4.780999749108192504e-02,8.964594974788077375e-02,4.999311463748036533e-02,9.813008483044519115e-03,-1.780761443528567842e-02,-2.145922667553842589e-01,3.699785810804775421e-01,2.360983091706818915e-01,2.442820883017951250e-01,1.401010690983071350e-01,-8.698532781675959169e-02,-1.928668149058827830e-01,1.303750583452029099e-01,-3.645384405449589305e-02,2.819953351751056103e-01,1.617627010782549668e-01,6.213669016400123757e-02,-4.476114980055179160e-02,1.459160627822656542e-01,-5.175244149504869273e-02,-6.988708264168948248e-02,-1.933129972028042043e-01,-2.377319117432047380e-01,-1.731598697206920140e-02,9.038693263743201312e-02,-1.167959015740853840e-01,1.184898603204821710e-01,2.436876206773446463e-01,1.215260962654983873e-01,9.012733325342411894e-02,-4.112253389571593476e-03,-1.471595568119733743e-01,-6.853394691930135563e-02,2.184502086335064763e-02,2.898822689676261444e-01,1.338968540456505173e-02,-6.690083350055567313e-02,-1.836508894486532928e-01,-8.613144193685702554e-02,-2.081684046587769787e-01,-1.557986135206317242e-02,-1.387301357379897293e-01,-1.580919902409891609e-01,-3.202784007381357378e-01,4.109309858699024542e-01,-2.241667117903545503e-01,3.481852481118243720e-02,-1.909879493886550705e-01,2.350942288875240704e-01,9.926310870272257725e-02,1.322214670933490044e-01,-1.962211611094715202e-01,-2.634690877185710822e-01,-3.574591246241531350e-01,2.205755576157331921e-01,1.537751463112093930e-01,2.580253702590334375e-01,9.765242638403229258e-02,2.185448760018069980e-01,1.175462914737764597e-01,2.725250674398987383e-01,-2.744251899142433320e-03,-1.268303119200643592e-02,1.508855170379775068e-01,-5.754501272686408236e-02,-2.715879601235889895e-01,-1.383427172755314905e-01,-4.115536118217869022e-01,1.094283961632906560e-01,-2.984233927355717242e-01,1.229603594495007474e-01,-1.952914948881082635e-01,3.490094845074331320e-01,-2.543599652328807359e-01,-1.942376128997629625e-01,-1.167938462948446554e-01,3.965574340190100577e-02,4.762371150574878920e-02,1.120328710106708314e-01,-1.786456054850391051e-01,-8.976791032836473061e-02,-2.480790043540015144e-01,-3.713221053918921988e-01,-2.328373130340861685e-01,-8.520995830212518829e-02,-1.435543207760873741e-01,-2.072843697883074154e-01,-3.531644911833333733e-01,-3.145693278320999542e-01,-2.587369832713088957e-01,-3.207701321048456733e-01,-3.685616133425373420e-01,-1.584080989594114199e-03,1.479869875941439428e-01,-1.298784101072993913e-01,-2.676774965295143360e-01,-2.349316534623981934e-01,-2.115632950411308610e-01,-9.536563172153218748e-02,-1.411100839852110489e-01
