0.000000000000000000e+00,6.274768409802793379e-01,2.567420432953271825e-01,-8.920982643625628705e-02,-1.767044018005597683e-01,-1.246999333643994540e-01,2.128097713011664061e-01,-1.774366872159501007e-01,-3.239494197188288460e-01,-2.131567510723356429e-01,4.351001876785590139e-01,2.355161767211927104e-01,3.716408290910813150e-01,6.842908188346687182e-02,4.081225031367646805e-02,-2.356194685192217197e-01,1.444171142990822998e-01,3.041126140443140002e-01,4.448082274976765116e-01,7.029223768260183247e-01,-7.190131027418165954e-02,-1.661387499344861851e-01,-7.405276787313688769e-02,-1.426400427402483573e-01,-2.216222485371800166e-01,-3.063858852478739681e-01,-3.203820374472456378e-01,-2.199157862847489486e-01,4.167448136968519012e-01,2.560254671706352347e-01,8.740167200619931853e-02,9.473102091181312412e-02,2.136074475923837312e-01,1.953259121664372433e-01,-2.602536470653261658e-01,-1.291661776814134188e-01,-2.857223796610097732e-01,-2.091797387536124542e-01,-1.691205083086641248e-01,7.011469191407970758e-02,-2.724475466752472319e-01,4.257668724442287278e-02,3.991176692614675087e-02,2.450612571323717570e-01,-2.531452391085516340e-01,-1.531101438805435588e-01,3.490401087457053325e-02,1.044541417879387042e-02,7.765790863514140940e-02,1.698305477243726713e-01,5.021484687330335372e-02,2.939937779408494014e-03,1.084411905129981264e-02,-3.337299790338963956e-01,3.594385280616786416e-01,4.619288267312282592e-02,6.256927555191420520e-01,6.797604857818596580e-01,5.661834331682491506e-01,2.520595688951122737e-01,3.238181725601200767e-01,-7.596676316993808409e-02,2.410134564271515512e-01,5.025534170196310768e-01,-3.932649746190300388e-01,-5.630415462045819108e-01,-2.056685978678758353e-01,-2.789491709596062519e-01,5.478131662420022696e-01,4.121203856295759249e-01,1.978093760401049006e-01,-3.519011055527959120e-01,1.786843263911421509e-01,4.295490745331707050e-01,3.723603798421032396e-01,3.658490915372573649e-01,3.766877846736595981e-01,3.968170344804695104e-01,-1.337239035487698402e-01,-2.765592445808571775e-01,5.189338508935738975e-02,-3.539414097289704242e-01,-1.373950734004348792e-02,-5.496005838757202916e-02,-2.107163398017528610e-01,-5.622427048734217614e-01,8.612722072383519056e-02,2.284539659609955125e-03,1.739126072553290603e-01,-4.077361919361167653e-01,9.175138766511270472e-02,-4.177392494433786463e-01,-1.012676845335656883e-01,-3.619384208280622128e-01,-1.616230282725711620e-01,8.282079112687074432e-03,3.264106796777905828e-01,4.267739763177751389e-01,3.869567797625920180e-01,4.362232737917684511e-01,4.109575203370083307e-01,-9.034550472340700800e-02,1.966155336524555430e-01,-1.138781745702982934e-01,-7.648762788779270294e-02,-1.404400736945963027e-02,1.114383284715421973e-01,1.294292453443902091e-01,-2.600415137086091732e-01,2.907243878392822278e-01,-7.090848317661331557e-02,3.487376045466727970e-01,2.483652472242090792e-01,3.850950048690423011e-01,3.141657593909551877e-02,1.637369878631371178e-01
6.274768409802793379e-01,0.000000000000000000e+00,-2.450201815751546636e-02,-2.817433660939973605e-01,-1.510253918757270275e-01,-1.545619051511204767e-01,-1.357237912509931810e-01,-3.777352826455404045e-01,-2.151782602256720744e-01,-1.731843595055382046e-01,2.317049553520689475e-01,2.228304604447957082e-01,-1.100510215795870578e-01,1.636191832981511995e-01,3.259695881635524956e-02,-1.977034539406633817e-01,1.407685872933645554e-01,2.541588014425343878e-01,2.920794649411194155e-01,4.869053205660312522e-01,-1.381000140541003840e-01,-5.552706225037053883e-02,-2.226971871845462581e-01,-2.585361768462725585e-01,-2.589544542090631563e-01,-2.122681863426273963e-01,-3.345721806649992192e-01,-1.347995565408230123e-01,3.742594166674804157e-01,1.836970381433890576e-01,1.363521149364292084e-01,1.149519461862815450e-01,1.123910570217695054e-01,1.539171764168998091e-01,-3.205088681184620758e-01,-1.723376577585593872e-01,-1.882336921663609053e-01,-1.712822035433776979e-01,-6.658855400851980411e-02,3.032032104167989642e-02,-1.772140819570831860e-01,2.563473270442435600e-02,1.388093074357294177e-01,3.636915353011143659e-01,-1.084751041823440593e-01,2.016467447580345702e-03,1.259527915343829907e-01,1.918967274119199595e-01,1.521788210592819046e-01,2.664450317880337482e-01,9.414436394373060235e-03,7.310561352567948590e-02,2.403150695048597227e-02,-1.990533385152567503e-01,2.966309531886164308e-01,1.732268503998514730e-01,6.233032543073260268e-01,5.953313699138954584e-01,4.099754683771336117e-01,3.162824829430524454e-01,1.749349334514261819e-02,-2.303424512192685514e-01,3.064914451812108531e-01,5.252396852906976443e-01,-6.476532614180265934e-01,-6.901038220845606697e-01,-2.646455974421461632e-01,-2.989023085254042256e-01,5.533011614990038796e-01,3.523451102400123602e-01,1.117050636151300236e-01,-2.353814637553133249e-01,2.127270313167776150e-01,2.469688944978579159e-01,1.384548522538905369e-01,3.187431714478634603e-01,2.910186100968157885e-01,2.768779312387708025e-01,1.393771842516261170e-02,-1.430321730081137444e-01,1.524370532780570386e-01,-1.622062203627899768e-01,-5.280808092772622947e-02,2.458801945188490712e-01,-3.633377362426339352e-01,-4.117077273995298770e-01,-3.268776844341954313e-02,1.135241680145492732e-01,1.862428549602288541e-01,-1.435827877960506593e-01,3.660150842479137356e-02,-2.665372429037972113e-01,-1.468928788242559180e-01,-1.682160946192571838e-01,-9.843309144016559875e-02,-4.286835581865704181e-02,3.425169892874215805e-01,3.841339281249098181e-01,3.990328914237764035e-01,4.131227777244092514e-01,1.537898307111132956e-01,6.032217482556236771e-02,2.136249680008955043e-01,8.120254310880697934e-02,2.577007599505891366e-02,8.771849752718607895e-02,4.376825234513421342e-02,1.873235367908551163e-01,-1.936699400649864733e-01,1.710653569222588544e-01,2.034681446954448580e-01,3.449366215184604401e-01,2.537344238252318140e-01,3.956595591713747417e-01,8.396004274483702401e-02,1.061076922231133229e-01
2.567420432953271825e-01,-2.450201815751546636e-02,0.000000000000000000e+00,5.119018346512412831e-01,2.174078677245530056e-01,5.231518470774309398e-02,6.322221999697308359e-01,2.656900346347634279e-01,4.748504700335248740e-02,4.849597921231858788e-02,1.713005246091519607e-01,-2.656787343523607792e-01,4.540455640148586269e-01,-4.178967168338282301e-02,3.487914883284721212e-01,1.770494651197608571e-01,-9.704940926747662733e-02,-2.842479933551291249e-01,4.462805970979469294e-01,3.191292372769601315e-01,2.129115771364895882e-01,3.791632818461231069e-02,5.776896193479581498e-01,6.505470227190961463e-01,3.050215611674080285e-01,1.233831862737784363e-01,8.766069057299841205e-02,-6.601303802949097521e-02,1.502002567951785383e-01,-2.827535842750837636e-02,2.946594964587789245e-01,2.667173371157376405e-01,2.280247524621182298e-01,1.137200212359893575e-01,2.724903675034578421e-01,2.804076387263651493e-01,-3.337127561359289757e-02,-1.017268211621501356e-01,1.196428162671625967e-01,8.373972899743228893e-02,-7.270906278596502015e-02,1.549113012153885416e-01,-3.760038080271448924e-01,-2.431988509782981034e-01,-2.989183722982122204e-01,-3.804124231466587402e-01,-3.503747811047580041e-01,-4.467038592796593877e-01,-4.335832811404591869e-01,-5.174026922999801492e-01,-3.752002540407924358e-01,-4.980680018575370238e-01,-2.427838890154906393e-01,-3.783939224301954285e-01,1.180299772172950373e-01,-6.969531996129281481e-02,-9.759854983621940941e-03,-4.829809872993557490e-02,5.823215620290849576e-02,-3.031303386095917651e-01,3.402125804977317869e-01,6.059184198796133125e-02,-5.634429094692313539e-02,-4.895708296045406943e-02,4.542553543735302068e-01,2.650709790561948109e-01,2.634871265172595844e-01,1.869437514963949720e-01,2.841532119532882428e-01,2.989705016430665441e-01,1.923056080489554953e-01,-9.114748923308724216e-02,-1.176607816962820796e-01,1.928193265732405098e-02,2.163482821319971383e-01,4.188284621286760684e-02,6.170798636404669496e-02,2.156701868373837594e-01,-4.673254951646366728e-01,-2.539405003566609920e-01,-3.396252408404389356e-01,-1.984570184431125317e-01,-2.047668638925309245e-03,-2.945907828711673004e-01,1.207903146380652076e-01,-2.393797151427553005e-01,1.960028511136197860e-01,2.667936738119859874e-01,1.484869222832634894e-01,-3.340350116240606293e-01,5.921257157104617419e-02,-2.646337935986982082e-01,4.662771829262429141e-02,-2.151896346846156050e-01,-8.323456959741585811e-04,-1.316532757149457659e-02,1.332066673991582073e-01,9.862120630115500663e-02,-1.475918403537390677e-01,1.172631475975381194e-04,9.851626316641451386e-02,-2.495207469998757532e-01,1.324641789982157480e-01,4.524448152132659606e-02,8.092706895066766049e-02,2.226012432257636620e-01,1.109274201730875709e-01,2.898003278668203619e-01,-1.860788142268762213e-01,2.926635627803958473e-01,-2.840208545124977002e-01,-1.538799825465087256e-01,-1.557934272905466266e-01,-1.446438929763489700e-03,6.091147545377872952e-02,1.260435706626082397e-01
-8.920982643625628705e-02,-2.817433660939973605e-01,5.119018346512412831e-01,0.000000000000000000e+00,4.420188995366965967e-01,5.396951434142651660e-01,5.122429767463912986e-01,6.794518163210739869e-01,3.098829711734953363e-01,3.412162994395648852e-01,-1.736400460102774934e-01,-2.113345069346470873e-01,1.725894331420829014e-02,-2.274298709700636190e-01,2.947437672999215774e-01,2.217452719359243318e-01,-3.877434065295152776e-01,-6.381501272552753123e-01,2.238713879425750231e-01,1.179922033600289272e-01,1.028845491657778832e-01,-6.217286436976105640e-02,4.522495072564802765e-01,6.673205633474342813e-01,3.195769759470649118e-01,4.478222408876434413e-01,2.312894538811491318e-01,1.123697116461118556e-01,4.114714560733915422e-02,-4.560095511952942937e-01,1.519982017356394655e-01,-1.145726773217995292e-01,2.160450152537339574e-01,-3.660480823883080492e-02,2.274404548289250261e-01,3.213174158971489613e-01,-3.497781308181606708e-01,-2.895625075598339815e-01,-1.223384741152670242e-02,-8.218491911210588918e-02,-2.128020472825513099e-01,-9.100986522592291461e-02,-6.859684708377701279e-01,-6.170962989360698758e-01,-4.916781809037458761e-01,-4.700314425681778596e-01,-6.690508775760971583e-01,-6.163864891524472034e-01,-4.722560446027732062e-01,-4.135805856123309643e-01,-4.558379316301085504e-01,-2.614477300482651034e-01,-3.974349315915136627e-01,-4.787436314350121402e-02,-2.144715736936174399e-01,-1.902321532152082828e-01,-4.314048499490840127e-01,-4.700482971453148751e-02,-1.494097257243036381e-01,3.169666007776761329e-02,-5.421290773349854430e-02,3.718613209993162916e-01,-5.685371354565800228e-01,-3.617092282942701020e-01,4.376833547748865128e-01,5.695561125642855105e-01,2.198966096063481035e-01,3.260133363295945608e-01,1.182992819044403031e-02,4.615471313101538603e-02,1.545934987320103371e-01,8.293321028235567383e-02,-4.632292631467600091e-02,-1.078338485896090243e-01,9.865844546625769651e-02,6.998793763089554421e-02,-1.812535668348689843e-01,-4.896509473847367871e-02,-7.422447100827986866e-01,-4.042530150479966555e-01,-7.222890396897451160e-01,-1.916883438774620030e-01,-4.202641015514479439e-01,-5.137436741030105836e-01,-1.936213678300698626e-01,1.980759887047028323e-01,-1.980633069633938315e-01,1.974272390071085681e-01,-4.098581838638780117e-01,2.246571239546110432e-01,1.249104504301127953e-02,1.415642894311226752e-01,1.108981100342331383e-01,1.417191062266418278e-01,-8.614346001582919021e-02,-4.572007356660327468e-03,9.925573707396030676e-02,2.898741994077896345e-01,-7.171541978518246319e-02,2.285172157275806165e-02,1.742269010500531179e-01,1.921826366343376002e-01,3.213306035828493168e-01,4.787385683844244122e-01,3.527983457046415250e-01,5.398596045470123173e-01,3.048035902896565896e-01,4.904148866601136247e-01,-2.123946953266047100e-01,5.000358876303131472e-01,-4.047025317167488589e-01,-1.935449686502446198e-01,-1.230316261593702581e-01,-2.115269678102392817e-02,2.547394865578544443e-01,2.460261182666773627e-01
-1.767044018005597683e-01,-1.510253918757270275e-01,2.174078677245530056e-01,4.420188995366965967e-01,0.000000000000000000e+00,6.934506392938545316e-01,1.366417212014478244e-01,2.453602199577238629e-01,5.038563148264439961e-01,6.229728850140795471e-01,-1.472763594556873445e-01,6.768852336591259233e-02,-9.826428010803973934e-03,-7.678499263606303193e-02,4.854345418717306293e-01,1.106122875499249425e-01,-2.119390409094669692e-01,-3.620265550585431424e-01,-5.549420615381239069e-02,-9.230678371078891720e-02,2.464896290498853615e-01,2.493229047943307519e-01,2.622219227798430752e-01,3.196868052369136737e-01,5.176674720566398769e-01,6.644646275358134790e-01,5.903766061021747946e-01,4.531825858941155860e-01,9.484817444931026298e-02,-2.092834435056366849e-01,4.320298620723504457e-01,1.179393171315897410e-01,6.182250562305761227e-02,-9.332126628206334484e-02,1.913116731981205076e-01,1.055194783696378757e-01,1.546660030336493019e-01,1.230275580475070352e-01,3.555967551357613332e-01,-1.919540937993936824e-01,4.201716851692822996e-02,1.082548864689562990e-01,-4.465443172737147970e-01,-2.618891714168299911e-01,-7.303263911095982108e-02,-6.394640220097395911e-02,-5.215639799955221756e-01,-3.121961628902185648e-01,-2.201853382252075830e-01,-1.703943752108429133e-01,-3.117248862364947470e-01,-1.926281007858720584e-01,-4.786558920619815582e-01,-1.045532158708233905e-01,-2.349790499320135173e-01,-8.972538103031463264e-02,-2.818819868340805557e-01,-1.199837543624705932e-01,-1.252002827864965584e-01,-2.256412378553642253e-02,-6.032956828205150029e-02,1.189760006778299989e-01,-3.254687374598534411e-01,-2.506466831126317185e-01,3.092794644065948728e-01,3.452858986366934002e-01,1.850356936841951183e-01,2.874877188885672785e-01,-1.410790130596752123e-01,-1.460566936870866805e-01,1.431376843865455051e-01,3.258894023239859439e-01,-4.435971519542643293e-02,-2.289430179940631360e-01,-8.596926231711897459e-02,-1.782980728178668040e-01,-1.733710554868235498e-01,2.933830855533479942e-02,-3.871659250712539135e-01,-9.474627938261363791e-02,-5.095311488946524525e-01,-1.034495932885702019e-01,-1.821959629644566703e-01,-3.134618778898695668e-01,-3.469521179909413333e-01,2.916528604014558684e-02,-2.409504272078711040e-01,-1.632119374893184482e-01,-1.942392821091597221e-01,1.238306757091561794e-01,-2.079355128693900490e-01,1.318544373770341172e-01,4.703755278494861636e-02,1.736350024614796428e-01,1.592493143339989217e-02,4.117843935475007378e-02,2.233757473994166590e-02,2.445925459855012862e-01,-7.040055663158335808e-02,-1.681738398181856567e-02,8.096506654641666412e-02,3.523512523278681807e-01,3.665558555824568465e-01,5.759184557214138689e-01,2.559793287815998464e-01,3.852401024867526114e-01,1.980256508912576485e-01,2.873912689825250943e-01,-7.708234936759070233e-02,2.685708106597382572e-01,2.013372818785438140e-02,-2.604789176840741072e-01,-9.936390104625786313e-02,-1.431838571711963048e-01,2.781607890122363425e-01,1.681043838186888906e-01
-1.246999333643994540e-01,-1.545619051511204767e-01,5.231518470774309398e-02,5.396951434142651660e-01,6.934506392938545316e-01,0.000000000000000000e+00,6.704733529457655716e-02,4.453530301119002499e-01,6.720599565298228661e-01,7.448400084783277642e-01,-2.551840270423499368e-01,7.085198456332576777e-02,-1.202530249647686261e-01,-1.742425350158398889e-01,4.110152256993221953e-01,1.860528658255657108e-01,-3.209034696191900848e-01,-3.719246128038278254e-01,-6.918297124204479676e-02,5.179815283273987020e-02,8.435238429504729463e-02,4.422265327049899192e-03,1.557191291786638454e-01,2.450365498904544803e-01,3.993461794953525046e-01,6.245391447316972489e-01,4.931074210166541127e-01,4.610432094477165399e-01,-2.299050513231989251e-02,-2.132315790264558975e-01,2.474166343205339846e-01,-1.041691457696863748e-01,1.963071081032994117e-02,-9.997610549265145696e-02,2.861955565151394834e-02,9.014246738694517425e-02,-1.346492634994536086e-01,-1.022253309740715488e-01,1.171945703451241459e-02,-2.690922504746646182e-01,-1.367181080681817706e-01,-1.139877461452616925e-01,-5.626636060988315924e-01,-4.571948899989893844e-01,-2.521997188553256608e-01,-1.964213310264389389e-01,-4.701143258933948021e-01,-4.397313010746569661e-01,-2.541223315296822216e-01,-1.732976526803296502e-01,-1.933826366283482034e-01,-8.871194859917903852e-02,-2.236266740593173818e-01,4.727319268518418577e-02,-2.464867468110586435e-01,-2.048106592285265370e-01,-2.666587596078537903e-01,-1.367599866976151046e-01,-7.350847126271423115e-02,1.257347750068910919e-01,-1.459377621423571803e-01,2.239631751960177719e-01,-5.439186978661781913e-01,-3.446494538240343353e-01,1.590782926825997645e-01,3.257178320774867242e-01,-1.237603336125289895e-02,1.322882903804606103e-01,-5.436857510951860484e-02,-5.328755889334228779e-02,6.054867743774870054e-02,1.504690694199827539e-01,-1.958767317774660205e-02,-1.180604553834139342e-01,-1.016749370962988508e-01,-1.412292920898330743e-02,-2.197348531945886030e-01,-8.012423872412874348e-02,-3.517862799679736252e-01,-8.392570196446390296e-02,-4.254863891303147239e-01,-7.989415808985964040e-02,-3.327044880057066778e-01,-4.704476596421655055e-01,-3.709960236097157305e-01,1.326127088301809649e-02,-3.695939760427867093e-01,-1.558369840136191176e-01,-2.486813638572114571e-01,2.396663439375962823e-01,1.766039621948500560e-01,2.535283383319758554e-01,2.558262947852932845e-01,2.889173951874501878e-01,-1.175190850722339919e-01,5.717028508146485694e-02,2.043492336883698246e-02,1.925365529800867614e-01,-6.913172547473654672e-02,-1.133534270130850605e-02,2.224312871304484351e-01,3.146558866598284654e-01,3.395264132310387151e-01,5.339014737401637234e-01,2.438312885835458022e-01,3.594234277662357036e-01,2.049894267450030894e-01,2.684177150315430471e-01,-1.075809228267445294e-01,3.696777721343493250e-01,-1.918142730916476968e-01,-1.530727805687078502e-01,-6.742138559552647570e-02,-7.193691851400947634e-02,3.263587472480103946e-01,9.344939199095909921e-02
2.128097713011664061e-01,-1.357237912509931810e-01,6.322221999697308359e-01,5.122429767463912986e-01,1.366417212014478244e-01,6.704733529457655716e-02,0.000000000000000000e+00,6.094034347021215492e-01,-5.510969310063069254e-02,-2.726017453492239270e-02,1.412816043840790237e-01,-1.223674260872133768e-01,5.233979172515068612e-01,2.488119236516234123e-02,2.989650683911218021e-01,1.761994764993050078e-01,-3.613768164257918220e-02,-2.962237588833012691e-01,5.117941054351431429e-01,1.897057537353478152e-01,4.012104338492202688e-02,-1.689190593566904652e-01,5.993057494688949216e-01,5.380317755911105948e-01,-2.640639856015709191e-02,-1.503349591481863146e-01,-2.062137018779718334e-01,-2.375005576308267530e-01,1.345350749897507303e-01,-5.698078060425793706e-02,1.969581336209948186e-01,1.328861407772768261e-02,2.515339504508686264e-01,-7.703358335169201154e-02,3.230504204428220200e-02,4.191644249902800289e-03,-2.076493555146864400e-01,-2.633289238206303895e-01,7.793547810949645605e-02,4.599207042176309962e-02,-1.348797237607687605e-01,-1.428527964216603774e-01,-3.235459884099003980e-01,-2.839396944185310079e-01,-4.336104219825600015e-01,-5.238006783988259363e-01,-3.581415227203136875e-01,-5.579344272069098887e-01,-4.379698181149173086e-01,-3.771040672528350735e-01,-3.595393945815462122e-01,-4.328810374512447323e-01,-1.187057293674988051e-01,-1.070029807933009225e-01,-1.501873317982929668e-01,-2.639788608050815943e-01,-3.153550796247247406e-02,-6.482197515927660969e-02,-5.548740847675143889e-02,-2.900116434558149825e-01,3.407081758835791563e-01,3.937065743448148192e-01,-5.714584104426091021e-02,-6.703235151118273893e-02,3.668191373000079802e-01,2.454214155887130544e-01,6.025902679124347378e-02,-1.051796163968807540e-01,7.212777944585946344e-02,2.008928272600554732e-02,1.800330705800795572e-01,-5.529456169341091798e-02,-1.781438116170117048e-01,-1.705427666385083973e-01,1.954095514537378675e-01,-8.266200181319639795e-02,-1.704505312057086053e-01,-1.360286330728603665e-01,-3.813562265421774899e-01,-2.224710106608154547e-01,-3.926392526002098760e-01,-2.970684777690442147e-01,-2.269372760812472453e-02,-3.735624136975113085e-01,1.456410524104796711e-01,-2.916614724151233573e-01,1.733838032977790822e-01,1.119725050423166224e-01,3.967840487875122502e-03,-2.887324720018478730e-01,1.296979670244865490e-01,1.235315501893704745e-02,4.489077096336756452e-03,-8.042791784687451651e-02,-7.759560583529769018e-02,-1.569084784685403910e-01,-6.901432364660690932e-02,-8.347778647509505878e-02,-3.252214433827848444e-02,8.148158516796301029e-03,1.482876565782130784e-01,-1.579079726297125119e-01,-8.945371241753848068e-02,-7.127927653082576087e-02,2.345168322290503218e-02,1.462599116259093168e-01,6.233629116529181696e-02,2.024495130735787241e-01,-2.138931792627833395e-01,2.129448325854510771e-01,-2.188765219167285447e-01,-8.244214795912167479e-03,-1.799659701997167183e-01,-1.034760994165739162e-02,1.683197578594136656e-01,3.223400376326165939e-02
-1.774366872159501007e-01,-3.777352826455404045e-01,2.656900346347634279e-01,6.794518163210739869e-01,2.453602199577238629e-01,4.453530301119002499e-01,6.094034347021215492e-01,0.000000000000000000e+00,3.477726140082401662e-01,3.121777796571215680e-01,-2.284695029551210566e-01,-4.888784671483910327e-02,1.157912004336063422e-01,2.100619246970158310e-02,2.266434099314421635e-01,1.889019765715725108e-01,-4.606553053748468352e-01,-5.128682468594571997e-01,1.837295213953690776e-01,1.029589752319277213e-02,-1.777028998037342988e-01,-1.865347866655281406e-01,2.898184619068925882e-01,4.359222613941146074e-01,5.761922710805512937e-02,1.057034939573594512e-01,-1.663516460956231818e-02,-8.251126744379678676e-03,-1.103327340025461456e-01,-3.053028571424108439e-01,-1.070693829497311456e-01,-2.973927311467279844e-01,9.020076310736360736e-02,-1.136740511498060408e-01,6.791419329447906383e-02,1.380281429489211564e-01,-3.778055280696547280e-01,-4.488185907510518491e-01,-1.046930809310023247e-01,-2.412053055431492010e-01,-3.100049699473607090e-01,-3.161540240698198501e-01,-4.789177652894981985e-01,-5.705299836013093540e-01,-4.917404549375002931e-01,-5.214739658898209784e-01,-4.674245706492539676e-01,-6.183319023362092715e-01,-3.784058315549786999e-01,-3.213769882627517394e-01,-1.575847735458542620e-01,-2.299868773650340648e-01,4.899247337525535623e-02,7.354192511869143967e-02,-3.475671626714555429e-01,-5.056702101332924970e-01,-3.972324139268214593e-01,-2.897926769865805663e-01,-1.218288809692130714e-02,4.815909579379180905e-02,2.645694322011071797e-01,7.369938359099037495e-01,-4.765694364165850572e-01,-2.604246794311394497e-01,4.096855757365278627e-01,5.413642511723221196e-01,8.409877355096587181e-02,9.969711074083403846e-02,-1.382813903961250257e-01,-1.576429200694818289e-01,2.019494773104577312e-01,1.124828490337522469e-01,-1.491403623355167241e-01,-1.609104188323501605e-01,1.979246785454492341e-01,-1.080498772185685408e-01,-2.640714462409250451e-01,-2.966358458629967387e-01,-5.094758299851707140e-01,-2.215271038566738182e-01,-5.055694524504760201e-01,-3.381140755023682720e-01,-3.680779429405603986e-01,-5.887897378375026580e-01,7.196550046323571537e-02,-7.996890815090074156e-02,-1.833688567495714294e-01,-1.374899477167252637e-01,-1.542340019103057014e-01,-8.902100874040681441e-04,2.967706431790462229e-01,1.403336430083775566e-01,2.101684158452648277e-01,5.024096645213541740e-02,-2.583309565842208388e-01,-8.233731247515645169e-02,-1.186165442620449317e-01,-8.415009602923884113e-02,-2.300662509497384545e-01,-2.741129243411407623e-01,2.838980478925289264e-01,-6.662648303522390736e-02,1.226282310405150087e-02,8.046395678536681639e-02,1.949511267906685330e-01,2.232238942296339568e-01,5.064770672104787486e-02,1.561554830197720289e-01,-2.140913278566230760e-01,2.256350353004449583e-01,-3.961996517928393913e-01,-1.761650579983228271e-01,-3.193474442631165644e-01,-2.303860536058658370e-01,1.724055362403812131e-01,2.276741526618493786e-02
-3.239494197188288460e-01,-2.151782602256720744e-01,4.748504700335248740e-02,3.098829711734953363e-01,5.038563148264439961e-01,6.720599565298228661e-01,-5.510969310063069254e-02,3.477726140082401662e-01,0.000000000000000000e+00,6.139481104847556159e-01,-3.277052617310790561e-01,7.816309398850683487e-02,-1.481393879785355971e-01,-8.249312316196698303e-02,3.018561173614512372e-01,1.550923248927222470e-02,-3.042818974204662408e-01,-2.758338280294808653e-01,-1.879541088454868836e-01,-7.788139699189680631e-02,5.617481700241720027e-02,2.082095673311714079e-01,1.459927274343427728e-01,1.528890863931083588e-01,3.509822776115401610e-01,4.115688197992508068e-01,3.798044792933334413e-01,4.694529891572733482e-01,-1.071413060103220405e-01,-8.857269228016453888e-02,1.883947554664833213e-01,6.084729805045703543e-02,6.905032610341849120e-02,9.126616951873604833e-02,5.399318859926193620e-02,1.026368818054264054e-01,-3.028854129232122494e-02,-3.139012949275556824e-02,2.230166289468763635e-02,-2.442067642004811800e-01,-3.758520840217243614e-02,-5.655885966662133751e-02,-3.218223937861444672e-01,-3.649307725794797563e-01,1.449543595607096294e-02,4.345539693752534932e-02,-3.366324859549036375e-01,-3.810709771086001618e-01,2.322768577086409270e-02,-4.688208492160582386e-02,1.134495126409999499e-01,-8.612365431866277413e-03,-1.957123902790748951e-02,-2.547135491879174568e-02,-1.196288188662626428e-01,-1.513190321894308521e-01,-2.882975979610843953e-01,-4.189241004318897121e-01,2.901581720332654241e-02,4.345828171225605413e-02,9.908829326007409510e-02,2.143305078058860835e-01,-3.249846369781354549e-01,-1.739604708201570871e-01,1.535407861848312183e-01,3.542261076848474688e-01,8.525447521503887183e-03,2.027396186785299925e-01,-1.125849517972151853e-01,-1.790448799844254757e-01,1.756298342150507674e-01,1.765514079897625710e-01,1.684421984031290176e-01,-9.901637817614797332e-02,-1.123776282561364387e-01,-1.515616128931126794e-01,-1.770641535498297947e-01,-3.493876073555708672e-02,-2.836004813191901341e-01,-7.087019120885811041e-02,-2.362499775581310135e-01,-7.888108058301075698e-02,-2.168338869158246973e-01,-3.170358479078477787e-01,-2.080161542107306916e-01,-9.590544009962201355e-02,-3.216316931132628398e-01,-1.436992577383852387e-01,-8.082068083988654117e-02,7.971153219712789548e-03,1.768513763958456941e-01,3.246899395079579781e-02,3.088098453167625324e-01,1.022788049585661441e-01,-1.450024633353365622e-01,-1.151222592085465214e-02,-8.672143960697691056e-02,-1.029268258165612349e-01,-3.429574403102460534e-01,-3.080467090209335068e-01,1.887620155310061054e-01,4.211431657391170175e-02,1.502360957648964934e-01,1.843233951605480481e-01,1.915581942668911630e-01,1.964143730488102368e-01,-1.962805100749510229e-02,9.429145743045372341e-02,-6.200933734256448143e-02,-2.103953024372432271e-02,-2.604268013026094786e-01,-3.300594021458795879e-01,-2.368215528013794813e-01,-1.639186479446601841e-01,1.486146245495848506e-01,-3.996586554354604470e-02
-2.131567510723356429e-01,-1.731843595055382046e-01,4.849597921231858788e-02,3.412162994395648852e-01,6.229728850140795471e-01,7.448400084783277642e-01,-2.726017453492239270e-02,3.121777796571215680e-01,6.139481104847556159e-01,0.000000000000000000e+00,-8.586572191090507955e-02,3.161328073857606613e-01,-5.708145022134911845e-02,1.794568189075246845e-01,4.302479726449313091e-01,3.673244924590686189e-01,-1.285422955050912752e-01,-1.965040934396891092e-01,-7.669289686461117084e-02,-9.029560898510979872e-02,2.809155021347681802e-01,2.050929012983667699e-01,3.036644692259931125e-02,1.774341173102651770e-01,3.295429399067595910e-01,5.710982641312164487e-01,5.668935267860090166e-01,6.100206913313783730e-01,6.112536224774248877e-02,-5.507456972456412254e-03,4.081028164671274827e-01,1.887988999926902556e-01,-7.110492732587631037e-02,-1.792120890627301941e-02,-1.133186449166117410e-01,-1.609788285922520990e-01,5.149856965481895699e-02,8.481755537292332003e-02,1.173935078475085159e-01,-1.572113369972970021e-01,1.195693758461894912e-03,2.860337534125254044e-02,-4.562087978099101382e-01,-2.789379886947866427e-01,-6.748502763085079126e-02,-6.759881939889189617e-03,-3.518983067620901073e-01,-3.886345630174916077e-01,-1.442157156163828280e-01,-1.081150059810625230e-01,-1.587132648145856417e-01,-2.447580979033289056e-02,-2.541458733972920547e-01,-9.631873972366773728e-02,-1.987009088087317576e-01,-1.862685775770397678e-01,-3.815216762100430148e-01,-2.298380791791951039e-01,-1.183631181227165347e-01,4.017611758114480319e-02,-5.301065147417327594e-02,2.796052923862047401e-01,-2.389100301604940579e-01,-5.274148628235403313e-02,7.790787384782214831e-02,2.435857971935081745e-01,-1.218606974125098358e-01,5.513133068594010949e-02,-2.981981251248101983e-01,-2.017399388529750037e-01,2.862502994937979675e-02,2.908591327648044067e-01,-7.364021435211938471e-02,-1.271757748132956167e-01,-1.765812564044526578e-01,5.250093414431312999e-03,-3.043271902503109083e-01,-7.824756277157760009e-02,-1.531224581099001614e-01,-2.850329464286052022e-02,-2.380903037458822202e-01,-4.303007010245460395e-02,-4.882487341340817355e-02,-2.508891665514221270e-01,-2.696008041330548166e-01,4.478432615270562522e-02,-2.589473478050366428e-01,-1.164209755164217347e-01,-1.316431497729032563e-01,1.488735113295127643e-01,-2.666099476957229861e-02,1.244602853760728156e-01,5.118093984116967726e-02,1.437106353927757874e-01,5.594195723604054177e-02,1.904610729232584510e-01,1.981740635175546425e-02,1.440385381727163072e-01,-1.559024131749799924e-01,-4.719929449643413266e-02,1.927703627933107233e-01,2.261164109263794075e-01,2.786818380170945075e-01,3.649636704006363197e-01,2.177998004769168550e-01,2.637807578744678638e-01,1.816295336382547088e-01,1.616269882854276252e-01,2.969859438645472069e-02,1.084388061113098767e-01,-2.086139079544538921e-01,-1.803059907326114986e-01,-7.458428786849401193e-02,-1.982619587319464638e-01,2.330377931769655464e-01,2.020047028920667898e-01
4.351001876785590139e-01,2.317049553520689475e-01,1.713005246091519607e-01,-1.736400460102774934e-01,-1.472763594556873445e-01,-2.551840270423499368e-01,1.412816043840790237e-01,-2.284695029551210566e-01,-3.277052617310790561e-01,-8.586572191090507955e-02,0.000000000000000000e+00,2.165121282516392354e-01,5.176511251429953830e-01,1.950228138412091750e-01,3.690201543986344479e-01,2.696069159809036941e-01,4.716069010369263181e-01,3.645965651168522337e-01,3.546293159873660783e-01,3.521660386557072531e-02,3.576988401054275180e-01,7.753239681563964258e-02,4.412695193783391923e-02,-1.886179963232314030e-02,-2.662271990781790998e-01,-2.199255832828833357e-01,-2.182218901208138884e-01,-2.156429182185020110e-01,4.640254601525825029e-01,5.166893135717341989e-01,3.529575074749639052e-01,3.433947997335047853e-01,-6.892106267605327061e-03,-5.559457528374506241e-02,-3.128666574377768628e-01,-4.797619291994500434e-01,1.795864871270844987e-01,1.925131972180665063e-01,1.839237567143301721e-01,2.362425882445210734e-01,2.567572410105448122e-01,2.416277351941705231e-01,-2.918949330698295333e-02,2.702741758511001402e-01,-1.620170586920213207e-01,4.073818835043101216e-02,3.717172628212203969e-03,-7.718655146398037403e-02,-2.333925338481584455e-01,-1.473846770936312889e-01,-2.352493488846368608e-01,-2.914664860868498852e-01,-2.290859561055733906e-01,-3.537007843684769615e-01,1.293658792402614388e-01,7.153322848051402172e-02,2.146363511502184795e-01,2.479498235109580118e-01,-7.091182999161477207e-03,-1.750828451976061684e-01,1.837286760938941499e-01,4.509328617029848690e-02,5.381707278457513732e-01,3.996581587305212957e-01,-1.963057682681767224e-01,-3.454785432420289237e-01,-3.125411706990487981e-01,-4.062800933333873266e-01,-8.150789888637656466e-02,-7.776925541010473730e-02,-4.682405444660146104e-03,-3.339315253551837503e-02,1.227858300421884458e-01,1.100112174092746087e-01,7.314914886483356304e-02,3.096103397698868331e-01,1.349030831120074936e-01,1.164545949768993616e-01,2.148941580464037160e-01,8.273482741043360067e-02,2.800878583274910572e-01,-4.341258605018035593e-02,5.306613809407334514e-01,2.368893344560016601e-01,1.272882222064874447e-01,-2.838833338014079000e-01,4.278675941049820963e-01,4.607933305882379316e-02,2.590666294824924276e-01,-2.611797402273567936e-01,-1.631520044639581946e-01,-8.515770299088541717e-02,-3.077770159081197887e-01,-2.083120202239928387e-01,3.252033079293796813e-01,3.593338357459486820e-01,1.927789992469692015e-01,2.316533448708011089e-01,2.202765745471654268e-01,4.435174562879414251e-01,6.812155282073112383e-02,-6.636362764817678450e-02,1.426507121794915733e-01,-1.209988508327290574e-01,2.685154965182625850e-02,-5.812903883531109726e-03,2.670541107777727463e-01,2.516846548501438380e-02,2.905187003841409599e-01,-3.602494639125777137e-02,2.086737950630672064e-02,9.597740498249414387e-02,3.773933540502807937e-02,-2.354277820673116722e-02,-2.246636494648588112e-01,3.247030958032839365e-01
2.355161767211927104e-01,2.228304604447957082e-01,-2.656787343523607792e-01,-2.113345069346470873e-01,6.768852336591259233e-02,7.085198456332576777e-02,-1.223674260872133768e-01,-4.888784671483910327e-02,7.816309398850683487e-02,3.161328073857606613e-01,2.165121282516392354e-01,0.000000000000000000e+00,2.279855410508451197e-01,4.802430213404492720e-01,9.748707254759574059e-02,-6.881689848634797713e-02,2.959275363904171341e-01,4.157941529202321407e-01,-1.487551151684501360e-01,1.743105762657717883e-01,9.440333453426362487e-02,1.295298674635339820e-01,-4.518653448466478095e-01,-4.811599690397608819e-01,-1.424019110142988875e-01,-2.373887241869768183e-02,1.218185042826004649e-01,1.949188371166656886e-01,2.408499387516847556e-01,3.855745576503191163e-01,9.880487277172350646e-02,1.901195536860373139e-02,-6.410258394526818782e-02,5.404973514351454206e-02,-3.631034688526387777e-01,-3.974803970107192441e-01,1.264782816846525548e-01,2.295740454312400480e-01,1.209091114892584667e-01,1.752695246663957540e-01,1.193236836469355050e-01,2.734308635540881882e-01,-5.687693423368627224e-03,3.292916132721597222e-01,4.556725512158794206e-02,1.572663554632892924e-01,1.466524054464546194e-02,1.691336004086925748e-01,2.043661371618857581e-01,3.394059495017890393e-01,1.839228103029328099e-01,2.364711936313240170e-01,-1.112920775528514067e-01,-2.934768187005229456e-01,2.047614795515900199e-01,9.415500510072918883e-02,3.873334851337656426e-02,3.389131297836315282e-01,4.312435364676683314e-01,4.847553725997720275e-01,3.221584025238445337e-01,2.739630311953769048e-01,2.920650613497177694e-01,6.045880068990170386e-01,-5.088068882046957730e-01,-2.560665040654042102e-01,-3.307822721282218659e-01,-9.745038092878502423e-02,-3.081273135724288403e-01,-4.172250996051447558e-01,1.023657407800509789e-01,-7.900589812743016860e-02,5.104860329213358611e-02,7.606732476283929734e-02,2.375998836679688864e-01,2.969871620509011156e-02,-1.763640828378634784e-02,6.587395890601228932e-02,6.147725343552692262e-02,-6.429545950342241412e-02,8.387425810880365373e-02,-2.503508296784245912e-01,1.114740565418148449e-01,9.414809813389446447e-02,-3.712718987332362386e-01,-2.909628562561666354e-01,-3.125428184681248306e-02,-2.343254338543390991e-01,1.521540833182040142e-01,-5.593526309585851453e-03,-1.152531600493928166e-01,-2.076817740681746738e-01,-3.036022243489047145e-01,-2.664253223670539072e-01,1.909738704005123078e-01,2.201012261688577998e-01,-1.611078075367270226e-02,2.436031043800925555e-01,8.961942977087929141e-02,9.140368213889721316e-02,4.823295459643026639e-01,1.316369723734457653e-01,2.509992030653235284e-01,2.213693894159733319e-03,1.421450900585314592e-01,6.958231758674683631e-02,1.637125288292720082e-01,6.581293886855710262e-02,2.166069078022959948e-01,-1.217803369011978692e-01,-1.824495047348719534e-01,-6.207041945883474271e-02,-1.035483937973477736e-01,-4.755292498678469204e-02,-9.964671330086109780e-02,2.940356842506071655e-01
3.716408290910813150e-01,-1.100510215795870578e-01,4.540455640148586269e-01,1.725894331420829014e-02,-9.826428010803973934e-03,-1.202530249647686261e-01,5.233979172515068612e-01,1.157912004336063422e-01,-1.481393879785355971e-01,-5.708145022134911845e-02,5.176511251429953830e-01,2.279855410508451197e-01,0.000000000000000000e+00,2.443987133724510041e-01,3.380403123840769464e-01,1.456341720423936226e-01,3.825086565313458586e-01,2.764087377852766925e-01,1.922680242512993520e-01,1.036444484747310879e-01,1.867969064636963439e-01,-3.252170649223741494e-02,3.271202007994252758e-01,1.930884219188057915e-01,-4.185841533454077307e-02,-2.282950522925999426e-01,-1.213544672446777023e-01,-2.038206308548767554e-01,3.065196956076117751e-01,4.909779516618519857e-01,1.928437171419263851e-01,2.172188786297485907e-01,1.444414303574725056e-01,8.087150014281146992e-03,-9.692042396462237711e-03,-2.074092120224939884e-01,9.812633205460957742e-02,1.155481072054098807e-01,6.247011491355309448e-02,2.176568854343607917e-01,2.034932846866213674e-01,1.229327182661213019e-01,6.097673556136956607e-02,1.932773357443901274e-01,-7.146795999491345475e-02,-1.519578895768326221e-01,-3.487261403440749391e-02,-2.108004005205062203e-01,-2.102041245901864197e-01,-2.803424550559626693e-01,-1.162688389894494245e-01,-3.951358146659753601e-01,-5.742540592962272483e-02,-3.592071807358855895e-01,1.186428725537441026e-01,-1.274356662980176136e-01,1.494539337064936801e-01,5.106035038891106742e-02,1.442395225736709807e-01,-2.086881285873516678e-01,5.628215292611572496e-01,1.099656764800357039e-01,3.778893138331892998e-01,2.463572954108289859e-01,1.813763451824758899e-01,-3.070077196849230541e-02,2.551634969218366869e-02,-1.125176140885227327e-01,-1.010640156961997854e-01,-8.656001050715653178e-02,2.517848201907220765e-02,-1.460518594253129854e-01,-5.516152664898865687e-02,1.002893657320606466e-02,1.652491540597108288e-01,3.149610593659523533e-02,-4.435578432275007893e-02,5.795571016836241485e-02,1.543661800640295720e-02,8.549046755455096125e-02,1.139677239171931478e-01,-9.467614925225138756e-02,3.344794003895886214e-01,-1.117849306345311128e-01,2.130275096601758067e-01,-3.681142112045626136e-01,3.367869913743898880e-01,-4.098226029806371212e-02,2.642686770834923315e-01,-5.572731958482174397e-01,-2.693269595500217065e-02,-2.890091488073204262e-01,-1.850323456534999078e-01,-4.345630948626366674e-01,1.992337562856677791e-01,1.736222645311049639e-01,-6.233346056205158608e-02,-1.898552902953959745e-02,-1.667629385418988308e-01,3.500780589485822519e-02,2.459161160956112313e-01,-2.162814265121071056e-01,-4.116564227323709496e-02,-3.150874325783521446e-01,-9.984372224890869507e-02,-1.152772236742890533e-01,8.146589010494738325e-02,-9.765992170004578199e-02,1.756400959735988643e-01,-2.624983809892444606e-02,-2.796176229752988518e-01,-1.665243705008025987e-01,-1.664044022659338651e-01,-7.819505980472332696e-02,-5.957576276693439532e-02,1.766418215681483939e-01
