0.000000000000000000e+00,7.757007933113551079e-01,5.557307030255207447e-01,1.892831992289805143e-01,1.733888946071314163e-01,2.235730305923125938e-01,2.638160772927302111e-01,-2.421377721002457017e-01,2.339067309176176279e-01,-7.934545095260296665e-02,4.803697853026199227e-01,5.442823159597439675e-01,2.611225947597677344e-01,1.003353859777961210e-01,1.940006798403154376e-01,1.477756708168722899e-01,1.740005973793653793e-01,1.675767732900366180e-01,6.027603609671136065e-01,5.773747083164980642e-01,9.657901745205959426e-03,2.186997737223640020e-02,3.305390669707736900e-02,-2.422951425173168472e-02,2.673219559963354586e-01,1.460367058895612746e-01,3.681140247299667934e-01,3.790186755165814714e-01,2.205383974101413069e-02,1.758629273559801087e-01,7.177026784295351125e-02,1.011960569562074877e-02,-1.267911486299737600e-01,-1.549570268544191165e-01,-3.461520268790501675e-01,-5.008552279248562611e-01,-2.634840822461814724e-02,-3.138197469065586581e-02,-1.153062199633277628e-02,-1.021475867249349362e-03,-1.399888093179926102e-02,-1.393493187747554263e-01,-4.371494042122864299e-01,-5.596076836362626761e-01,-4.817173892052595829e-01,-4.722524887757725831e-01,-3.076808582079366139e-01,-4.145326000723169591e-01,-4.130014855906378179e-01,-4.879025161698109514e-01,-4.041049614042870886e-01,-3.742714576804870852e-01,-3.265632469355816414e-01,-2.164289639412131372e-01,-1.919415488379489221e-01,-1.566555890419575603e-01,7.954241891171953682e-01,7.073498709482982649e-01,1.342337534542602240e-01,1.033802178173167247e-01,1.906352776696090545e-01,-6.255604962038491257e-02,4.453641463781884413e-01,4.220028179342350527e-01,9.438420030066698579e-03,-3.076882865341206141e-01,-1.972732504478842130e-01,-4.385199102761673240e-01,5.029822406874517871e-01,4.660911219434584751e-01,3.722890267565717032e-02,-3.987389703877229630e-02,-2.791998766432330359e-01,-2.576360892116974499e-01,-1.998888253471558518e-01,-3.075927448601364564e-02,1.048908620990173825e-02,-1.254162612353023065e-01,5.648453123092767730e-02,1.210287885186436541e-01,2.813753094228741980e-01,4.572853472183696644e-01,1.288837137328743832e-01,2.978765497371504423e-01,2.251853565254058609e-01,9.095174762746054131e-02,2.069674905322509417e-01,1.505249456999178947e-01,-1.554028933841603878e-02,-6.201535671528929372e-02,-3.397308008071954766e-01,-3.561833900026925015e-01,-3.649294562373823769e-01,-2.245934995643575627e-01,-2.434987412349378932e-01,-2.507927661047548717e-01,-1.865336980116370502e-01,-1.761258343566401985e-01,-1.587483068376759066e-02,-5.287008254943059010e-02,2.363035123255840392e-02,2.185184117846923971e-02,-3.678563452297509834e-02,-7.114294922427429058e-02,4.281745627151765932e-02,2.684853257048640252e-02,1.208754937158704190e-01,-5.872378087219302240e-02,-1.690207168897882306e-01,-1.902994924131224119e-01,-3.166340060780264976e-01,-1.967106949785276948e-01,-1.359836421504924675e-01,-3.145218293996676073e-01,-1.540708598130623164e-01,-3.519537237274834029e-01
7.757007933113551079e-01,0.000000000000000000e+00,4.401258553008642882e-01,2.403338119622520086e-01,1.229425970572896598e-01,2.430774908860215133e-01,2.454288148651803392e-01,4.511328585941919850e-02,2.017962964549535609e-01,-1.904215482435593632e-01,1.245118067029325898e-01,5.765684457116934114e-01,4.294728866105507886e-02,-1.502730349627046796e-02,8.019550781187581578e-02,-3.847698229653747498e-02,1.056303278807983748e-01,3.218974856285783948e-01,5.980996432992484735e-01,6.556671311977458894e-01,-1.212491088004746809e-01,-2.906923122200463436e-02,-2.653393658099150246e-02,-1.127645328986784032e-02,2.758293732782785557e-01,1.753631596599538045e-01,3.415732396973000795e-01,3.165547322596371504e-01,4.662097629103022223e-02,2.122302930278250066e-01,1.211989821724342720e-01,4.667093320699258752e-02,-7.421961760005248154e-02,-1.198098391540115409e-01,-4.290081143651091056e-01,-4.962683055301519430e-01,-8.356901497613167598e-03,2.173160383795004133e-02,-9.864511156123030589e-02,-7.503541810008086677e-02,-1.220803039787156652e-01,6.555796478767797475e-02,-3.061009310327829636e-01,-2.990448824972157804e-01,-2.198689765495628334e-01,-1.322624787821876091e-01,-1.742981561226982778e-01,-2.289263579303223994e-01,-7.209909340860130855e-02,-3.049348513234073077e-01,-2.752602712264537455e-01,-3.061626366123176846e-01,-2.226780711383378741e-01,-2.170432418053250545e-01,-2.830647651544052068e-01,-2.697307296873512339e-01,8.197629248357529708e-01,8.915130453279731526e-01,-1.316981133754576150e-01,7.147139811739360027e-02,-5.518078930678430201e-03,-8.462244612715019709e-02,3.837707906611556585e-01,5.210752767818249698e-01,-2.421385916301430907e-01,-3.598101151881703541e-01,-4.273822279052405526e-01,-4.621602609106312820e-01,5.494773106300647747e-01,4.849334334495634113e-01,-7.891320324601051872e-02,-1.015239112413746786e-01,-3.575987070179968974e-01,-2.563731719876055637e-01,-2.493043154073557588e-01,-3.105352532488962411e-02,-1.861728891287652010e-01,-2.513478225717107883e-01,4.736172347776124170e-02,1.274119326133759111e-01,2.433437109123629816e-01,4.503276668460748366e-01,1.862079745388240670e-01,1.453385338619822831e-01,5.720882112049485019e-02,-1.214306739439236921e-01,1.817449946583576115e-01,2.105099709384959661e-02,-7.772376990197669977e-02,-1.480606259527945945e-01,-2.327899635485087826e-01,-3.771816643374114597e-01,-8.456121178556480489e-02,-2.936905762405808695e-01,-2.595837283999423706e-01,-2.584910901847362052e-01,-1.615398618118163154e-01,-2.652267437715237208e-01,2.827551473964347653e-02,-9.341591810954250064e-02,-9.950312093156822579e-02,-1.425672509367983676e-01,-1.724557698570189646e-01,-2.406550679070578180e-01,-8.383508593730004677e-02,-1.119470098930752389e-01,-7.189681437451989066e-02,-2.633168576502784020e-01,-2.090921759481387254e-01,-1.710368156355801250e-01,-2.956917795500032531e-01,-1.817406225013043219e-01,-1.921744146213919258e-01,-3.464455721398004284e-01,-2.095020850466072782e-01,-2.655448947059628195e-01
5.557307030255207447e-01,4.401258553008642882e-01,0.000000000000000000e+00,2.441540888402249920e-01,1.088847210282028188e-01,2.555976220370567709e-02,3.116289250666398614e-01,-2.875469456769059184e-01,3.988543121615096831e-01,-2.109813302809747035e-02,2.155051669512930423e-01,2.909789282865421489e-01,2.635532635746478669e-01,-5.894550108960317641e-02,5.043150271157222919e-01,3.071296719817228627e-01,2.095748610168016168e-01,2.557974137595909747e-01,3.951709421559513324e-01,3.747191282478760099e-01,-5.024006074908742014e-02,1.219088576245400471e-02,1.683774989527441202e-01,3.042873551653563213e-01,1.816670753451209708e-01,5.799526313565074587e-02,2.965737600359478199e-01,3.729540754211470022e-01,2.153722245818161796e-01,8.301502020291465223e-02,-1.948644638075987257e-01,-1.174793018447285869e-01,-2.201750976663849613e-01,-1.763694590012072072e-01,-9.761579913125786878e-02,-2.330240884368623977e-01,-7.510559496472341001e-02,5.169092260190814164e-02,-7.752021461224331556e-02,-8.478139468201759121e-02,-9.840947142144525206e-02,-2.263037965501101811e-01,-4.841206192335229530e-01,-5.966206732098202625e-01,-4.144223888094259456e-01,-5.056079727412455815e-01,-4.138791097570617694e-01,-5.072499171440825183e-01,-4.199010627198702106e-01,-5.129475991663732248e-01,-5.006858757117728098e-01,-5.941659595303051544e-01,-4.093884905286557241e-01,-4.666590940603471127e-01,-1.583148273252386606e-01,-2.433762951196483393e-01,3.208515612438389009e-01,4.229179861409069763e-01,1.846242267572608953e-01,2.142421801766483946e-01,1.356857519041744509e-01,-1.000932239988380074e-01,1.992296931285544581e-01,1.242187070449611852e-01,1.604884413250115549e-01,-2.455427983601749797e-01,6.201964378196397898e-02,-2.015781983558208867e-01,1.310815921093279324e-01,5.185449862252394099e-02,2.907831290086972387e-01,2.053488890101013986e-01,-1.382095570131733342e-01,-9.244929751789957018e-02,-2.594081138268096165e-01,1.010279967950290445e-03,-3.084645581097949368e-02,-1.431152763669591155e-01,1.710653845360257386e-01,-1.031488475781672243e-01,8.565358016924411177e-02,6.903358768458175976e-02,2.028363229602770101e-01,2.762330881372297986e-01,2.978985273454161087e-01,-1.310858254766337772e-01,4.837164485428062655e-01,4.134039739108741895e-01,4.678496623958867257e-02,-3.665454322987337088e-01,9.620059211817780231e-02,-3.318664778114773228e-01,-2.690499652764190563e-01,-8.556569110508151221e-02,2.138457128899207138e-01,2.658474602497198913e-01,-7.682135647244074661e-02,-9.698546640994842871e-02,1.341365915080976363e-02,-3.190535065372838205e-03,1.758778671938318050e-01,1.817926055090148263e-01,2.297421418028041673e-01,1.449279977614360004e-01,-3.086469963609850611e-02,-1.794563064106239891e-01,2.940756421186508374e-01,2.064538698093242586e-01,9.117460349447281676e-02,1.480397231066981345e-01,-4.084541853524958910e-01,-2.407363737872573739e-01,-3.815091379301335239e-01,-3.770286127773200824e-01,-2.683737031625992864e-01,6.822419303256452294e-02
1.892831992289805143e-01,2.403338119622520086e-01,2.441540888402249920e-01,0.000000000000000000e+00,4.913525699052599394e-01,4.458219840295125636e-01,3.567721951296145000e-01,4.066977876381565049e-01,2.725497493541469973e-01,4.944559457768004651e-01,8.271474570777749558e-02,-2.519702927066558990e-02,6.749641845374766691e-02,-6.565205485803525531e-02,5.706243285704504231e-02,1.871861595694966629e-01,-1.682698876394574106e-02,-1.157760741612474248e-01,4.839324308661115959e-01,4.227575717576776415e-01,-8.812228184007574183e-02,-8.132055901453605351e-02,4.894493415706921424e-01,4.564518781609069320e-01,4.718147831371353740e-01,4.628931918640799004e-01,2.505873845023794955e-01,1.459663403334332810e-01,1.869511670936932490e-01,6.402508500385419021e-02,2.106164859601966366e-01,2.086954612734603920e-01,4.695454586443052469e-01,5.326012006311785507e-01,2.386495489351164179e-01,2.797675478543374394e-01,-1.594788530421098749e-01,-2.115963606362958604e-01,-2.742877455522565455e-01,-9.309277644013147501e-02,-2.324702326309937839e-01,-6.876548940857253600e-02,1.051995671202445581e-01,8.397835779359306974e-02,4.695634848438044739e-02,1.619267839594752956e-01,-6.818877416203736330e-02,-3.848173359754239464e-02,7.267223015884222148e-02,1.100351909869316663e-01,-2.371693034103161402e-01,4.002364543537319762e-03,-2.513292524713172105e-01,-2.068937933185363912e-02,-4.844411207755229820e-01,-5.166193992989539518e-01,1.222036555707546324e-01,5.715123555496776087e-02,-2.821704692070710618e-01,-1.637887024907686007e-01,-1.582990836413970814e-01,1.022652764498352684e-01,-2.598911895471336941e-02,-7.261896547286438020e-02,1.560252279810376286e-01,3.482151501874632404e-01,1.828889621175025515e-01,3.318977087402149029e-01,2.238880842732615950e-01,1.417392585001756578e-01,1.115607347149825818e-01,9.900634053936294143e-02,1.078937158539320929e-01,-5.853630360918441605e-02,-5.679948051577467238e-02,-9.882275821467147170e-02,-3.418481507369149075e-02,-1.648240860997062310e-02,1.039144596899340967e-01,3.122633120489983205e-01,6.441604543125086868e-04,5.992833620380641317e-03,-2.108924722821013953e-01,-1.437204245874783570e-01,-1.334078101153555185e-01,2.397730700107316981e-01,-3.104714668037508174e-01,-1.695712025616814000e-01,-4.266956040486895030e-01,5.908102889157630655e-02,-2.474511192729887121e-01,5.721166353320027154e-02,-6.126697617958740127e-03,-3.061516794143871040e-02,-2.436066907604360066e-01,-2.596877964202173872e-01,-3.405295638325547269e-01,-3.150956128918664945e-01,-2.707753451308106407e-01,-3.888042984171756755e-01,-3.774311398802658868e-01,-1.787318386474774645e-01,-3.945912847359251963e-01,-3.478469612499642816e-01,-3.788003737521963288e-01,-1.705582992798725106e-01,-2.228618022386732178e-01,-2.957695705859649249e-01,-5.200628662845552946e-02,-8.045259670995978662e-02,-7.326257615113747346e-02,-2.475561124605077101e-01,-2.114048099780340417e-01,1.079138888512106986e-01,4.780773937686146058e-02,-2.797320524171260092e-01
1.733888946071314163e-01,1.229425970572896598e-01,1.088847210282028188e-01,4.913525699052599394e-01,0.000000000000000000e+00,7.175973134187184632e-01,2.349446322073694138e-01,2.225102222577799160e-01,6.665338258537837346e-01,6.082343585829833588e-01,1.935037730737419748e-01,1.079215870879178946e-01,4.798373621703812958e-02,-7.533229511770828113e-02,1.048111394544056080e-01,2.718299126740756910e-01,4.226552626571770770e-03,-2.425998431130353128e-01,2.961724439321817837e-01,1.980359591759798810e-01,-5.427889087622307651e-02,-8.351588866666012634e-02,7.381732269443443128e-02,1.533567999569986073e-01,7.517322004550299752e-01,6.334506764354526087e-01,4.958544946197198100e-01,3.425683727072551532e-01,2.275574055457702249e-01,2.848089713447873317e-01,4.418200789112888827e-02,5.375765854312606479e-02,2.532355637963192851e-01,3.682260166981433658e-01,3.518125678710355697e-02,1.213145530352465473e-01,-1.724688121233588500e-01,-1.175939368029974980e-01,-2.673395837086112725e-01,-1.532920871584669484e-02,-1.726108003984924422e-01,-7.172068338394767262e-02,1.832424815193939571e-01,1.527106723256498044e-01,6.315017315493265393e-02,1.863062368096385368e-01,1.607395924630633799e-01,2.183061310005263989e-01,2.763498794124480962e-01,2.565436923363400012e-01,3.725465042453144499e-02,2.099545273631322484e-01,-2.004951185613221276e-01,1.169933631437693328e-01,-3.097094697327123503e-01,-4.009383680044348863e-01,7.168300738174455955e-02,-2.460734490306689531e-02,-8.241100804794818102e-02,-1.998942599266087528e-01,-1.297968684926693317e-01,-6.926297071840986641e-02,5.383824058536061663e-02,-1.347145873747909173e-01,7.807550244735789180e-02,1.180710782991842428e-01,-5.225490882004867749e-02,4.051045080103807781e-03,1.943529143535304426e-01,2.444535681214549394e-01,-1.081642341401351515e-01,1.121738790959208795e-02,-2.414823866567259239e-02,-2.655942227605223027e-01,-6.785331828256800646e-02,-2.615874804464125014e-01,-3.482696381018465792e-01,-2.122733836091333925e-01,1.437704201682930283e-01,4.729252430002323648e-01,-2.848937463045828414e-02,4.843643819536529171e-02,-2.048979001590652826e-01,8.112238079588673934e-02,-2.033816898673903306e-01,2.828150984922795930e-01,-3.869404742313612422e-01,-3.069161925277676395e-01,-4.145230903961478197e-01,1.583887793524662857e-01,-4.122789534189983396e-01,4.467717623200331833e-02,-3.359649156599490982e-02,-4.282649266231671609e-02,-8.408268317101802447e-02,-8.824534978844257582e-02,-1.637888428580200340e-01,-1.611160937158032658e-01,-3.029660143200821887e-01,-3.234592373619611383e-01,-4.514333025916333342e-01,-3.347463879619750338e-01,-4.647459030837310934e-01,-4.101477810677977009e-01,-2.641969410377076333e-01,-9.184383242534531477e-02,-3.278165251696807392e-01,-1.260565627000752587e-01,-2.807351766577750318e-01,-3.644036110668624762e-02,-1.786141410408102481e-01,-1.988755655662974853e-01,5.878928036494349835e-02,2.976120655823019656e-01,2.382960761474809119e-01,-3.465534192421912962e-01
2.235730305923125938e-01,2.430774908860215133e-01,2.555976220370567709e-02,4.458219840295125636e-01,7.175973134187184632e-01,0.000000000000000000e+00,4.346178085593122020e-01,4.117439380357320600e-01,5.604359866253755262e-01,6.340729118743767545e-01,6.598533724047347948e-02,1.172882949190404422e-01,-5.543014228263384857e-02,-2.991425795253753739e-01,-2.106036797805208721e-02,2.281195149155937352e-01,-1.586877254273548477e-01,-3.303845334975747394e-01,2.722832330208834195e-01,1.863443550762776957e-01,3.953390708569994721e-02,5.384062885357745326e-02,1.017640718462189953e-01,2.191274058020691307e-01,6.759368966360957964e-01,7.152859624136462813e-01,4.893602362510466319e-01,5.823044784622268821e-01,6.277521303777339190e-02,1.963577356578664890e-01,2.929207126381390691e-01,1.851393556628047332e-01,2.969343345712548987e-01,4.794595307583277566e-01,-1.066398346675151015e-01,1.781913937996074679e-03,-2.691502342729505393e-01,3.084450260495039901e-03,-1.669456222469621609e-01,1.135371993428312687e-01,-1.482607896524127666e-01,2.156365557620069373e-01,6.638630933053712990e-02,1.213306273924039114e-01,3.879968472148741243e-02,2.405875154945715244e-01,7.943093021268614329e-02,1.637050259031677946e-01,3.037094308322617620e-01,2.871951130579212252e-01,-1.146447370211586304e-02,1.795243196279832087e-01,-2.545956067280901181e-01,1.996243547345185818e-02,-3.874304073839845430e-01,-4.393573683317281708e-01,2.090247941325635295e-01,1.059965534738907533e-01,-7.759925097066980304e-02,-6.463690317108546080e-02,-2.500308610533249001e-02,1.973115120385145194e-01,-9.985517135966835711e-02,-8.415474731030338218e-02,-5.223143284853570129e-02,1.427495616771837506e-01,-1.876591937113108732e-01,-7.198446526832037728e-02,1.066483654446280793e-01,9.623122104045334080e-02,4.105253742000831985e-02,1.280739891340874625e-01,-7.198159066896400726e-02,-2.166059998534121400e-01,-8.979746590071994994e-02,-1.821476546222919324e-01,-3.041844371024222671e-01,-1.890372737053979124e-01,-4.457223845634217252e-02,3.107322609890645904e-01,-1.474045170002279415e-01,-1.208592924199344970e-01,-1.608957666154712807e-01,8.716857713017833742e-02,-3.399583757681611251e-01,1.675046714650646751e-01,-3.159300618179862741e-01,-3.188380955257344995e-01,-4.292716355423725205e-01,2.232508206663502137e-01,-3.830508459991029957e-01,-6.517189985422788996e-03,-9.467552024975976754e-02,5.112758279428866737e-02,-1.732026511041493411e-01,-1.492117691561633819e-01,-1.037426160265860209e-01,-1.916370992955384600e-01,-2.482391287938220947e-01,-2.133363439153743157e-01,-4.663804712975418987e-01,-2.053473128863467223e-01,-4.393598464809327364e-01,-3.034825275303515979e-01,-5.174574947489316012e-02,1.164881050620323044e-01,-3.699155267845902206e-01,3.991983848711509741e-02,-3.874604404958406634e-01,-1.685028643314571972e-01,-2.040869199148078461e-01,-1.479767461542511597e-01,-8.842680165989946772e-02,5.072681901559006334e-02,6.904974554729803593e-02,-3.266576608916776925e-01
2.638160772927302111e-01,2.454288148651803392e-01,3.116289250666398614e-01,3.567721951296145000e-01,2.349446322073694138e-01,4.346178085593122020e-01,0.000000000000000000e+00,2.534991572730850851e-01,4.478645697468912057e-01,3.786267167075936801e-01,3.904961102537760076e-02,1.638964652007128819e-01,2.462298225473732172e-01,-2.482577248414751248e-01,-1.899235201491726241e-02,2.345406622916151873e-01,-1.864051733246565035e-01,-4.632087479513922745e-01,3.823435195028409561e-01,2.147123232389350767e-01,-1.124021056675985897e-01,-1.980247862652038116e-01,2.686840774508403862e-01,2.177493028441822021e-01,2.491170348344664276e-01,3.817765497896011273e-01,2.079295357870855898e-01,4.370326833810705969e-01,-5.822534027955522662e-02,-1.352963085587400027e-01,2.725661294178985394e-01,1.350127488172606638e-01,3.361758985977991721e-01,4.960914820146944404e-01,9.789653644331823557e-02,-1.062084983805883752e-02,-3.810571568945960164e-01,3.006282363181814743e-01,-2.448621187271822763e-01,1.504389738522960429e-01,-3.046133396853430986e-01,1.496270737537210294e-01,-1.667672419636131997e-01,-2.740739577904535706e-02,-1.070444876084427066e-01,7.813820501487306336e-02,-3.289672695361817722e-01,-2.036126424409501479e-01,4.769131621325154585e-02,1.901434790837064626e-01,-2.898197633902565018e-01,1.085292658214508238e-01,-5.141097212364499347e-01,2.968856399909804156e-02,-5.612841732697069208e-01,-2.222872781604083026e-01,2.348520592179158817e-01,1.021076051877802260e-01,2.353385430138135725e-01,2.213229478192628719e-01,3.484642838720918845e-01,4.489239387219490229e-01,9.986451631699184983e-02,1.626475209730537247e-02,5.725068671220520655e-02,2.966119852355496578e-01,-2.790593935797880398e-02,-4.828269566101226623e-02,-7.391265400510654837e-02,-7.599601901844592333e-02,1.297713087281840427e-01,3.701501622823326065e-01,9.436624075441836512e-02,-7.717705652602883937e-02,-2.003001107036003481e-01,1.963441789021801442e-01,-7.797717353036603960e-02,1.172034271655660598e-01,-2.991855059296343877e-01,8.421294960069965196e-02,-4.732555599363335030e-01,-2.207353640032796716e-01,-1.121408910062801217e-01,1.706338504816449497e-01,-3.746405926520764984e-01,2.923165882841970986e-01,-2.292218378600117956e-01,4.487997794872920602e-03,-5.420543655641634206e-01,4.580389337646098014e-01,-3.497315634529956641e-01,2.505109928331855640e-01,-2.567585629124526370e-01,2.358074874339247951e-01,-1.936222855966542866e-01,-1.497285199036923753e-01,-2.226385250697638374e-01,-1.833825658665614866e-01,-2.814649847244808933e-01,-1.350619617186949242e-02,-4.758450657690755925e-01,1.265181571456347187e-01,-3.745420157473124956e-01,-6.079445687107147556e-02,-9.688290448497793861e-02,2.090399453480378533e-01,-3.328642158966715892e-01,1.418775704353934519e-01,-2.621730183706551531e-01,-1.629231291979711393e-01,-2.862204304057815452e-01,-2.417293000727639418e-01,-1.811138975193843093e-01,-2.016982858694848502e-01,-1.338125386959748177e-02,-1.873295957500588707e-02
-2.421377721002457017e-01,4.511328585941919850e-02,-2.875469456769059184e-01,4.066977876381565049e-01,2.225102222577799160e-01,4.117439380357320600e-01,2.534991572730850851e-01,0.000000000000000000e+00,1.871357207880199325e-01,3.747086728017886559e-01,-3.423905609287383744e-01,-7.593922530857540043e-02,-6.924156352097450909e-03,9.370604976523298768e-02,-3.288282141653951496e-01,-3.487065098720776302e-01,-4.480292705939739606e-01,-4.165369823885987227e-02,-6.963383730140355367e-03,-8.334427530248349203e-02,-3.062390315797530183e-01,-2.498590173960764382e-01,2.530313330280452577e-01,2.205054583068471463e-01,1.772754216191388676e-01,3.422529293188130706e-01,6.876023412527653735e-03,-1.073970478017952784e-02,-1.771034343182008863e-01,-1.364592413528668280e-01,2.737143113074781975e-01,2.723155183285159708e-01,4.635537212155800835e-01,4.708585949218296318e-01,1.755700116826094392e-01,2.750982467145939858e-01,-1.768503178554720057e-02,-1.423473375555358300e-01,-2.634228845583660994e-01,-2.185159825300290737e-01,-3.051280208364746671e-01,1.295332542159843836e-01,5.731277903222464776e-01,5.934444739410098535e-01,5.295985143850758803e-01,6.002067701974548308e-01,3.725097780473517473e-01,3.217664968816309479e-01,5.343551296111123117e-01,5.366227202468788482e-01,2.711887476077400327e-01,3.388583287568424085e-01,2.475808375767869218e-01,1.783746919746387882e-01,-1.665290902751661861e-01,-3.772995208460644956e-01,-1.307823135903513068e-01,-6.862913017445611275e-02,-5.296867298469536411e-01,-3.000072749487831536e-01,-2.525258675005861986e-01,1.880969901964863258e-02,-4.026694889541828637e-01,-1.730089215877819442e-01,-1.015412945377096865e-01,3.513821894464533857e-01,1.254228773591139524e-03,2.612882206851968037e-01,-2.445011623394665809e-02,-1.543730702375677721e-01,-6.019539266023080787e-02,-5.488812723971907975e-02,1.940180456681498550e-02,-1.829805695926054465e-01,2.229931855953098258e-02,-1.124629238246827034e-01,-2.806808294973903717e-01,-2.769534595763611384e-01,-1.916653405153817546e-01,1.546269272665824202e-01,-1.909633046267786849e-01,-1.890287008244200262e-01,-3.192627635608524805e-01,-5.473274154613498865e-01,-1.786365683607024912e-01,-1.986683341738304867e-02,-3.884155834089047521e-01,-5.274246919058156458e-01,-1.731847289041521243e-01,3.868240876961064056e-02,-1.923502399878652264e-02,5.612592598122261717e-02,4.027510493158123484e-01,-1.277777281964857792e-01,-2.308374330475916891e-01,-2.301129549462329338e-01,-1.487799243991556608e-01,-1.611427029175944159e-01,-2.388820585074802605e-01,-3.988774842680128940e-01,-3.711907049058953412e-01,-5.017862254478659967e-01,-4.720203079203311725e-01,-5.317966333533064027e-01,-1.488292745097400671e-01,-5.997074406347294856e-02,-4.512315368112619351e-01,-4.063078043083402924e-01,-9.953147022966522817e-02,-2.172408294399099521e-02,-5.741665349135457314e-02,-1.057693006733623764e-01,-1.594148368707200836e-01,2.028963591742782291e-01,2.409325926456731271e-01,6.048037112794200226e-02
2.339067309176176279e-01,2.017962964549535609e-01,3.988543121615096831e-01,2.725497493541469973e-01,6.665338258537837346e-01,5.604359866253755262e-01,4.478645697468912057e-01,1.871357207880199325e-01,0.000000000000000000e+00,5.163861921563458468e-01,9.137855658139061588e-02,2.916745938716324149e-01,2.549239465814932548e-01,-4.551354175879578773e-02,4.427791721618267728e-01,2.888280074176398649e-01,-1.165546846185158275e-01,-5.053611972927665036e-02,2.600564962897196630e-01,1.025567417519759883e-01,-4.847731738731757972e-02,-1.701122987989718560e-02,2.156434544746606563e-01,2.227387842554552633e-01,7.143836693685732264e-01,5.949366411944362332e-01,6.402794947202363751e-01,5.331803791989125907e-01,1.976545287347935762e-02,2.743217253801295552e-01,3.092425995439565187e-02,1.499840430468575569e-01,1.667420548619938381e-01,2.952439554707284031e-01,1.457630366192836924e-01,1.094311831237553267e-01,-2.879115894830329148e-01,-1.208807006706658256e-02,-2.599175475648559663e-01,-1.519640640868621384e-01,-1.302029823460168767e-01,-1.137379782118990712e-01,-8.275007969407688346e-02,-9.108648235403293825e-02,-3.641986884767567378e-02,3.346656907465263286e-02,-9.233457180788393059e-02,-2.711050632637606109e-02,1.608410820417879583e-01,1.347376967390179758e-01,-1.475439189604033086e-01,-9.698147290069589199e-02,-3.617667834474621036e-01,-2.281961013117323744e-01,-2.963846305280177784e-01,-4.051031642556928714e-01,6.064453627201774749e-02,1.411084445046411340e-01,1.300653391582020368e-01,1.438612184854209664e-01,1.595282603170915803e-01,8.845090033472970126e-02,6.206801304502358035e-02,3.938936222701783230e-02,5.547643071696730516e-02,6.156226290761455250e-02,-2.565308959883120556e-03,-1.234172512874689154e-01,-4.851660282307780625e-02,-6.461022013867298228e-03,2.535288420157856826e-01,2.780701578952318731e-01,4.249869329536960089e-02,-1.408305240737609820e-01,-1.192879938697478381e-01,-8.462525340202463331e-02,-1.393161038238205363e-01,-3.961757048964922173e-02,1.439980182207393211e-01,1.726447222396137737e-01,-2.020946721108597133e-01,-1.503911688587910578e-01,-7.674747829894661144e-02,9.872557531637572714e-02,-1.124489028647345373e-01,-9.265937390521422623e-02,-1.331772935265634894e-01,-1.705634044092609602e-01,-2.059665682475954052e-01,-4.660250208888461892e-02,-2.328739522041513299e-01,-1.910435496753141726e-01,-7.762851442929796786e-02,-1.723783196538901108e-01,2.656895830971930245e-02,4.849355649137630786e-02,-6.814231273609480666e-02,-1.964439396114829595e-01,-2.215854193168948216e-01,-2.260703656816528961e-01,-2.717362664860979438e-01,-2.851385625307151783e-01,-2.225439570664632660e-01,-1.899508725023817679e-01,-1.704405704449915848e-01,-1.201940333219800872e-01,-1.466366242669140396e-01,3.482359410329381733e-02,-2.064195575621231293e-01,9.238838142773890538e-02,-3.074468875828025860e-01,-3.354301711904166261e-01,-8.321134565107803083e-02,3.327786353509482758e-04,4.210761297177219309e-02,7.018591048226624496e-02
-7.934545095260296665e-02,-1.904215482435593632e-01,-2.109813302809747035e-02,4.944559457768004651e-01,6.082343585829833588e-01,6.340729118743767545e-01,3.786267167075936801e-01,3.747086728017886559e-01,5.163861921563458468e-01,0.000000000000000000e+00,-4.328646323350746755e-02,-1.591019559789643156e-01,-1.646403356244045824e-02,-1.738634203711350579e-01,7.825113822550758269e-02,4.048625219700616729e-01,-2.752966430369826467e-01,-4.967594265065548020e-01,1.009931291132559333e-01,-1.843407685700727827e-02,-9.006561191210726847e-02,2.854816277920945236e-02,3.797379101064095597e-01,4.486327638733079715e-01,4.804435452046246224e-01,5.487631737545122235e-01,2.968062518303073993e-01,3.398232393891724157e-01,-2.851712609334567522e-02,-8.922119630384434813e-03,2.439910552441257319e-01,1.975830910992424083e-01,3.409942421144284141e-01,6.384868270664592060e-01,2.646886147590724603e-01,2.736174970690982144e-01,-2.780100042592554832e-01,1.015496232160945228e-01,-2.203379305305781799e-01,2.199236014209344781e-01,-1.550429674917534750e-01,1.539919762492480138e-01,1.675958804454499296e-01,2.397906821814189682e-01,1.283451068456753774e-01,2.159062484455805675e-01,7.529579437990659152e-02,9.296083902371134189e-02,1.848206769913395553e-01,2.347063049883385266e-01,-1.924625639497554441e-01,9.282536426371314209e-02,-3.573248112283465283e-01,-2.620619455578250545e-02,-2.726471313653847650e-01,-3.324778483352938130e-01,-2.601120008424466779e-01,-3.441013245922224795e-01,-2.404334654120698737e-03,-8.273239238671663276e-02,-4.549715693051328141e-02,2.055932456447843726e-01,-3.214434671484169836e-01,-3.251909160280664346e-01,1.093638673859280985e-01,3.711846395206246374e-01,8.304227716505699353e-02,2.063077149056852244e-01,-1.960220997203707960e-01,-1.799823495785797811e-01,1.683254378404081542e-01,2.774689185724994456e-01,2.020257325128606563e-01,-8.854958503898894412e-03,1.412528500020443223e-01,-4.045889232265903468e-02,-4.830880620978372786e-02,4.058134311575217756e-02,-1.588019395052466531e-01,2.766703095950374669e-01,-3.665896599272560619e-01,-3.361477486593897890e-01,-3.031464284956820743e-01,-3.301012065292698722e-02,-2.965732625366719888e-01,2.209917346737249322e-01,-2.568042236295429159e-01,-1.775495285842826620e-01,-3.711355340231263233e-01,2.444641726679505911e-01,-2.585495771542329901e-01,6.143752147207438147e-02,-1.897106018440883335e-01,8.707454378150696062e-02,-6.755649244475034343e-02,2.044951017805859972e-02,-1.980427206456160383e-01,-8.137351769608125451e-02,-2.204229967315577410e-01,-1.494641805226296360e-01,-3.301837609521711125e-01,-8.424664836215725247e-03,-2.024997836546586494e-01,-7.109044075515620620e-02,-7.733117980966534855e-02,4.355683012655179459e-02,-2.941682000217498705e-01,1.640639742512746690e-01,-9.564577314288853771e-02,5.468964963306083282e-02,-2.384900185382265170e-01,-1.428194294314470980e-01,-2.540861749188226201e-02,1.828543865989191164e-01,8.728634879543152592e-02,-1.413497057564943316e-01
4.803697853026199227e-01,1.245118067029325898e-01,2.155051669512930423e-01,8.271474570777749558e-02,1.935037730737419748e-01,6.598533724047347948e-02,3.904961102537760076e-02,-3.423905609287383744e-01,9.137855658139061588e-02,-4.328646323350746755e-02,0.000000000000000000e+00,3.258556626961947589e-01,4.281701636726519822e-01,1.535992911930535998e-01,1.596025405134064157e-01,1.654743280291360030e-01,3.118194075185863334e-01,-1.237932988510830196e-01,2.319994651544259046e-01,1.596733876819785847e-01,2.831296163585435011e-01,9.804894610284020651e-02,-8.925807412387104511e-02,-3.779990389064065426e-02,2.041011240570427265e-01,1.563372217271994935e-01,1.812506099078731170e-01,1.893320389615756882e-01,2.706038519242213169e-01,1.309547022563446461e-01,1.008167283042962900e-03,-6.419599170116087328e-02,-6.389191265497143335e-02,-1.526981292182474914e-01,-1.758776969188131645e-01,-1.576397634938004055e-01,-8.815350963189445832e-02,-1.464623751142721808e-01,-3.657126791853838182e-02,-5.031934616470680466e-02,7.870514903556480313e-02,-3.612452987927012860e-01,-2.869843700946195231e-01,-2.731973859430533169e-01,-4.018382285295639678e-01,-3.095595633018042303e-01,-2.152277244963453073e-01,-5.792787150487913039e-02,-3.578422672735663279e-01,-2.194516624319864384e-01,-1.940865068669156979e-01,-6.327274762128275165e-02,-2.102617673037029677e-01,8.434953228277061732e-02,-7.240651038074535917e-02,1.472674963541736604e-01,2.826557123097513946e-01,1.555140120811698556e-01,2.852122631059370028e-01,1.439489988175438884e-01,3.577713347650862685e-01,2.305454464389092573e-01,5.396831157038388671e-01,2.852538125950628833e-01,1.389630182417466442e-01,-5.768321630088724117e-02,3.302707693371527940e-03,-5.968194374745679903e-02,1.206995164795224423e-01,1.923976557269218846e-01,1.168096288481864226e-01,9.089190267106095344e-02,-3.813294845703005254e-02,-2.012732945760594694e-01,3.141856957978793330e-02,4.426637809756391734e-02,7.303136745010854747e-02,1.362165993315604118e-01,1.527394767735750780e-01,2.771742357315555225e-02,1.344281989461445781e-01,1.918052894984236256e-01,-1.378273808678358026e-01,2.080820116741403936e-01,1.773368272236651444e-01,2.526801489495766884e-01,-1.213668808109032576e-01,9.089240679234175668e-02,-9.978823932436453603e-02,1.259920742709080832e-01,-3.681839941655734583e-01,5.558691691202868879e-02,-4.125314865920706175e-01,1.312129500497831169e-01,-6.826953451110338855e-02,-1.894515006498302956e-01,-4.545575756001649093e-02,2.371857594592172852e-02,5.133526037085790750e-02,1.534313583070969211e-01,-2.452305138682561031e-02,1.822980296018833768e-01,3.160064519907076347e-03,2.031740272025164551e-01,-1.048411352782689793e-01,7.256849921348611232e-02,1.245616818026226008e-01,6.477297219844291298e-02,1.401765000646029435e-01,3.336283442376088149e-02,3.755105607817004615e-02,-2.651343519847308445e-03,1.812878042783987176e-01,-5.339225192364174810e-02,-2.016179031951110812e-01,-2.749905276018029254e-01
5.442823159597439675e-01,5.765684457116934114e-01,2.909789282865421489e-01,-2.519702927066558990e-02,1.079215870879178946e-01,1.172882949190404422e-01,1.638964652007128819e-01,-7.593922530857540043e-02,2.916745938716324149e-01,-1.591019559789643156e-01,3.258556626961947589e-01,0.000000000000000000e+00,3.044862764288510104e-01,3.329501574082866511e-01,2.356122694519873217e-01,1.282130469685973384e-01,1.097673874948214001e-01,1.144123608499065109e-01,3.720983823746621399e-01,3.980365569737682740e-01,-1.202448656574218663e-02,-1.005743528242369761e-01,-1.129002935168214455e-01,-4.516154334975670814e-02,1.958484444412141867e-01,9.112562267592105858e-02,2.364642769557896707e-01,1.642309567629789968e-01,3.412211739195147864e-02,3.343145409985564531e-01,6.286508347239113011e-03,-2.038001609352308244e-02,-2.080321490756824321e-01,-1.717704921966970444e-01,-3.247424585535666486e-01,-4.572591829064028279e-01,-2.271310173942705790e-01,-4.680489988102543714e-02,-3.942691487359429453e-02,-1.000584403029864539e-01,-9.862584550698134944e-02,-1.166436364857515728e-01,-2.142266785561123821e-01,-1.802228962913220156e-01,-2.800617563993320069e-01,-2.259540631179811632e-01,-1.811088507930628533e-01,-1.299392843561601729e-01,-5.933160980775581406e-02,-1.123328942528665358e-01,-9.694415552388012391e-02,-1.383033306143955921e-01,-1.607710782480586131e-01,-8.487281826645563798e-02,-1.128045818655581817e-01,-4.435201086316615388e-02,4.575405359397369254e-01,4.713698188470649697e-01,1.237173737893947356e-01,3.021921211763223813e-01,2.641063683251737015e-01,1.424654401007397209e-01,4.907116458224786704e-01,5.699248991412906307e-01,-1.961676887155666960e-01,-2.282692676980834223e-01,-4.280033627126518803e-01,-5.184160783457152366e-01,2.772987385598948973e-01,2.539402912554910574e-01,-2.198821202334052052e-02,-3.794165285518599166e-03,-2.100142418182201487e-01,-2.139486515724443316e-01,7.353169773816173142e-03,1.108340295563783051e-01,4.090730018171275894e-04,-2.795032010310454645e-02,-2.135579264306237610e-02,1.250327394062952235e-01,1.435613545871097518e-01,2.921532308932489053e-01,1.288841499773030475e-01,1.435617235747312925e-01,1.063189167647419775e-01,7.501752943265323041e-03,4.138671976281491083e-02,-1.150955579591587084e-02,-5.221730641511696663e-02,-3.252932751280401130e-02,-9.733653757277627161e-02,-1.893815426862033580e-01,-7.334124562748851883e-02,-2.091329372854943414e-01,-2.800039765899879976e-02,-1.439325278623189951e-02,-2.678259838165530579e-02,-4.188618699765667835e-02,4.713396578503905449e-02,-6.034117251963455608e-02,-1.619825665673359574e-02,-4.817059102638305418e-02,-4.926849869676511173e-02,-1.342573057626890165e-01,-4.627668371071033682e-02,-5.379849376669933181e-02,-1.772566432211966289e-02,-1.278400435626669829e-01,-4.249971295884232003e-02,4.241263480999125945e-04,-1.444848664082740708e-01,-2.144140673100563554e-01,-6.939195670755282652e-02,-1.963391534328371157e-01,-1.550649001041796149e-01,-3.298707232271947953e-01
2.611225947597677344e-01,4.294728866105507886e-02,2.635532635746478669e-01,6.749641845374766691e-02,4.798373621703812958e-02,-5.543014228263384857e-02,2.462298225473732172e-01,-6.924156352097450909e-03,2.549239465814932548e-01,-1.646403356244045824e-02,4.281701636726519822e-01,3.044862764288510104e-01,0.000000000000000000e+00,5.231820176340407080e-01,3.349920917884471327e-01,2.020903446025372197e-01,-1.362518659205634863e-01,-1.074951138051234018e-02,1.462060891471908541e-01,-4.087414917695664229e-02,-1.292688196487503660e-01,-3.475170127134356579e-01,9.807493948503126502e-02,2.627081804440027299e-02,-1.593509107191695348e-02,-3.153383557321633168e-02,1.263006287263473693e-01,9.532937070084127745e-03,1.419436847386190172e-02,2.903020410264087539e-02,-3.259398296193283251e-01,-3.146707984411251102e-01,-5.939660277183591436e-02,-1.783427733308291518e-01,1.363220374789326783e-01,-6.763142065780504419e-02,-3.393863486960594367e-01,-1.798867944047758682e-01,-2.110222960919206081e-01,-1.370521707354117880e-01,-3.414848092372402277e-01,-4.020686903967281567e-01,-8.085595910455047400e-03,-1.031127571138946847e-01,-2.972637482194334102e-01,-2.368056709225127843e-01,-2.106991263422611504e-01,-2.082873016149525414e-01,-1.213882942515737140e-01,1.106438574372486799e-01,9.309536305605724260e-02,1.917180611974128868e-01,-1.764625372115997005e-03,2.871421641914866374e-01,-9.424891690689682355e-02,6.774121866527303693e-02,1.146720113176205036e-01,3.291781683734577857e-02,6.095314621111422998e-02,7.824781125328034680e-04,4.526856660647577413e-01,7.248787557578932617e-02,3.089661611373608063e-01,1.336304417865481486e-01,2.399048729601602203e-01,1.751703366806210693e-01,9.417823428677603304e-02,-1.087382804970769556e-01,-9.096306935561665474e-02,-1.508208953208974856e-01,7.204936007387881258e-02,-6.144624502712469315e-03,-1.839985202864748981e-01,-3.419272458322396013e-01,-2.375225901536178602e-02,-5.466215185277572414e-02,-5.645880576144376994e-02,-5.705442868348402363e-02,-6.560022129171805272e-02,8.026327145575265498e-02,-2.091642220573304914e-02,1.211787736066073928e-01,1.643279755707465484e-01,1.361658091962939521e-01,3.396298011057833910e-01,2.940030834524096082e-01,-5.928834761951724125e-02,1.171011514764979944e-01,-5.956962909282049329e-02,1.729697850444679164e-01,-2.078039105169318113e-01,1.503581844635356601e-01,1.544795811246472972e-02,1.270262088293300229e-01,1.277832391608375029e-01,-1.628428463348546018e-01,1.001268902127923008e-02,-2.856491283848666685e-01,-2.899806579665770712e-01,-2.585611947490302764e-01,-2.611032432181604745e-01,-9.276592127872924920e-02,-2.305825430758873251e-01,-1.565214791842648168e-01,-2.389041865306906764e-01,-7.038636016383702232e-02,-2.448444127606996257e-01,4.074041789808741793e-02,-2.540458756228771153e-01,8.375892466278569981e-02,-1.972887096244140270e-01,-2.498371691215442170e-01,-7.288971115746561980e-02,-7.267016909854030760e-02,7.655499581335901971e-02,-1.908267211883020453e-02
