0.000000000000000000e+00,6.766208916871055967e-01,4.882483998353125410e-01,3.578246264533154752e-01,1.085633603434102284e-01,2.656216520567454553e-02,7.963393483717661203e-01,4.823405551440785866e-01,-2.136419138459745570e-01,-1.973132951583831951e-01,2.964844857088139163e-01,3.695476990007794948e-01,3.891984478161888417e-01,3.932240829282100947e-01,-4.221236590885872331e-01,-1.172438234162169746e-01,-5.395663846323070501e-02,3.360576395702334351e-01,6.631220426375386001e-01,6.297199336060812502e-01,-4.966857521434991929e-01,-3.710917005548881598e-01,5.216583244064737501e-01,2.492310613309705325e-01,2.462187871070305734e-01,2.764383623111063559e-01,-2.221326397690975007e-01,6.083467277480645446e-02,-1.725974981364321870e-01,-1.057190279735100019e-01,2.778831979670284835e-01,2.990026446361256363e-01,8.206124439227109324e-01,7.572184876578922363e-01,2.721804804011329626e-01,2.934393625377259510e-03,-1.470789586995844556e-01,-5.007568993834283777e-01,-4.920720873089653447e-01,-3.079059671907108386e-01,-1.605811090694161114e-01,2.406291449440675634e-01,-5.271121942959626772e-01,-4.879749474039694057e-01,-1.969248107835060990e-01,-2.077218967677993966e-01,-5.425061020896523312e-01,-3.680052121164982815e-01,-2.935765275810381936e-01,-2.397441605905307749e-01,-3.949772586983843481e-01,-2.285224516942719053e-01,-3.186461063539974825e-01,-3.126310428104667194e-01,-4.514805474258854479e-01,-3.396906148630919331e-01,8.117930854320735135e-01,7.415571821075541692e-01,3.868128509832124973e-01,4.009424927173447784e-01,2.643703439024454038e-01,2.182094966143865722e-01,-3.048096894197653778e-04,2.960940470355204468e-01,-6.914390919805966061e-03,2.560213229531798085e-01,5.555940891692454642e-01,5.923082912964140467e-01,8.336985247146910805e-01,8.211715837095913129e-01,-3.184862985529867685e-01,-2.176546724512723185e-01,1.461386763926731669e-01,3.453302279108019096e-02,-2.374130902320970016e-01,2.024635900709193526e-01,-1.576929461535706567e-01,1.042370046940213797e-02,1.282886686769136309e-01,4.102851973958994702e-01,-3.650025669973569475e-01,1.667427459576428239e-01,-3.935942396322158476e-01,-1.619299271113383565e-01,-5.122206284458871162e-01,-2.723249338648263684e-01,-2.380608939432453386e-01,-1.673818218999810203e-01,-5.517561523797438472e-01,-1.089320540534819554e-01,-9.113803193155424476e-02,-6.046489449802259358e-02,-2.795761656244052581e-02,-1.333126741297168683e-01,-2.309901341027889854e-01,-3.030707760923184724e-01,-5.636836686683742714e-01,-5.852443714963758703e-01,-4.882954250182463540e-01,-4.712900622742751677e-01,-3.515675578066520535e-01,-3.804871815006255487e-01,-3.833753268001685033e-01,-2.269839070435323014e-01,-3.672796809297469434e-01,-3.571316543009651068e-01,-3.129513087372611801e-01,-3.445919793897043171e-01,-6.466175651051468687e-02,-2.795791637713800348e-01,-5.634234868627008286e-01,-3.918282447843124960e-01,-2.892329110961321947e-01,-3.250538157120100302e-01,-2.159338467419617269e-01,1.068849824805907928e-01
6.766208916871055967e-01,0.000000000000000000e+00,5.996017465913298095e-01,6.556686663706158269e-01,1.587233594048160501e-01,2.422901125070615544e-02,5.502292592110059610e-01,7.755882671439723319e-01,-2.912349710414275372e-01,6.410150810816256373e-02,-1.675366157691851043e-01,5.995518648838119580e-01,-2.004178574336612506e-02,6.380662332199638076e-01,-4.397406292311925036e-01,-2.058159278539349255e-02,-1.843534453659116390e-01,3.285653516566736654e-01,6.799075584015757956e-01,8.329913781714084475e-01,-4.418536930913680161e-01,-1.429956589660865973e-01,5.721984293682397249e-01,5.366586663155007431e-01,6.974369928233863092e-02,1.955419817958695405e-01,-1.591616141726404643e-01,2.745946385946802515e-01,-3.360146510336947667e-01,-1.724349703048523863e-01,2.506155495169797853e-01,3.466918037965796562e-01,6.631995588693990751e-01,6.908011399830963351e-01,9.172829077751687432e-03,-1.564037787419764181e-01,-1.327116436047819648e-01,-5.035672508807749193e-01,-4.159094630125463321e-01,-2.566276436627888402e-01,-2.242549684973011992e-01,1.750914405159637033e-01,-6.810793243856280155e-01,-5.678668986949482189e-01,-5.281647093871956189e-01,-4.627515244502236613e-01,-6.462191589942839487e-01,-4.534003975601466618e-01,-5.096539223795691909e-01,-3.704860308286469506e-01,-4.441321897560380760e-01,-2.366174140392494907e-01,-2.613550708319441473e-01,-3.115281425672526416e-01,-2.741162646465941100e-01,-2.702820039177600275e-01,6.042874334359646937e-01,8.834541783585061481e-01,9.094696972574931038e-02,3.739904955386038066e-01,-1.685894743074249080e-01,2.452436838926462248e-01,-2.745071707374671099e-01,4.438889459397165060e-01,-3.455553856959602266e-01,1.989946219536168348e-01,2.390790507092850070e-01,3.503181438824767846e-01,7.858882926877744923e-01,8.020294929685927166e-01,-4.637408981140683228e-01,1.038510599727492448e-02,-1.991362757086831761e-02,-9.118639018853505473e-02,-2.295971676969960629e-01,1.884789886852698548e-01,-1.791451163103326971e-01,-1.301671630091739452e-02,2.944327168683121276e-01,4.171065562241285662e-01,-4.032110633136286038e-01,2.004095070009803414e-01,-3.558374691224705511e-01,-2.460166887519342205e-01,-4.921774137232544089e-01,-3.719656784111405323e-02,-8.469904746339151913e-02,4.291142728686120345e-02,-4.091548722383800962e-01,9.771315365409280473e-02,3.394507807644588787e-02,-2.489875228088919701e-02,9.567502756765718097e-02,7.397241728408249228e-02,2.319460958707722162e-02,-1.522459026912036939e-01,-2.892280085327731953e-01,-3.224643887688873889e-01,-3.253302055989622521e-01,-3.915085311364508991e-01,-8.099930969038324213e-02,-2.022189568941108184e-01,-1.282316497467417271e-01,1.058193238736605396e-01,-1.050654309248390782e-02,-1.096148047326825914e-01,-9.686312379921960258e-02,-8.605857122422039263e-03,-7.289533415451285303e-02,-2.397188640899191869e-01,-4.484718230901655889e-01,-3.144245591353421188e-01,-2.182340730431926723e-01,-7.354042737078800296e-02,6.525710273654264371e-02,3.201067254603799372e-01
4.882483998353125410e-01,5.996017465913298095e-01,0.000000000000000000e+00,8.794097901798271222e-01,-4.333315883539452795e-02,-2.190652230134680911e-01,7.704659579014834225e-01,7.328541461752154929e-01,-2.442265125394020020e-01,-4.746088356946351686e-03,-3.524867095823866481e-01,1.716276602541112195e-01,-2.505932217293350694e-01,2.673648127919184270e-01,-4.658804325395675128e-01,-2.120571025279021637e-01,-4.968695672929214768e-01,-1.815018281945902923e-01,8.470776276900220392e-01,8.488170063724926884e-01,-1.034785525583066107e-01,-9.943390020762137016e-02,9.455413510538503985e-01,8.290091431934116795e-01,-2.666191834710641695e-01,-2.427646377354293339e-01,-2.603502718186650466e-01,-7.986564568933092467e-02,-5.955467449107288980e-01,-4.049621293392367538e-01,6.237568684479587455e-01,5.461637277562126913e-01,5.144266842998346245e-01,6.034339267099364523e-01,-1.055361252358060775e-01,-2.504897071050736224e-01,-3.192628038389218048e-01,-5.234887849237366275e-01,-2.390168463062519177e-01,-3.475574844539244812e-01,-1.665909780738266122e-01,-7.143981445983001166e-02,-3.384168399171691988e-01,-4.195737165621842291e-01,-4.651469311529854433e-01,-4.764798638949075404e-01,-3.444437412989546088e-01,-1.892336836412877865e-01,-4.661006666210462113e-01,-5.185773352010644155e-01,-3.885250499796126245e-01,-4.322830041158565728e-01,4.265135826461947943e-02,-1.293988044614865218e-01,-4.605219706744938420e-03,-2.413822019967262478e-01,1.050826510371075106e-01,3.819862722038016578e-01,-1.740242117587118831e-01,-6.270765800144749436e-02,-3.175488373176653667e-01,-4.522167133478444123e-02,-4.985349112049381470e-01,-6.362718544015323607e-02,-2.656867467884943546e-01,-6.016514465247241317e-02,-4.961376125433948625e-02,2.812098574920120914e-03,5.384545312404790396e-01,4.700858364170940606e-01,-3.980761585430260263e-01,-1.064056321147840850e-01,-1.938710149343078060e-01,-2.148961448804498908e-01,-4.045962051389977998e-01,-9.841587073739550828e-02,-3.027528940920051759e-01,-1.706661003142913857e-01,-2.270050176536081432e-02,-4.815338043888350156e-02,-5.405266683574388997e-01,-3.638366453989722582e-01,-5.471621092194249858e-01,-4.618802460588637415e-01,-4.391012288879405090e-01,-4.267164757465697345e-01,-1.967705897823724959e-01,-1.614186286019541339e-01,-1.536200506275783306e-01,-3.437754185429991310e-02,1.496597463036519748e-01,2.290916666136701973e-01,2.848853287241800980e-01,2.167874859871872228e-01,1.461658341470848665e-01,-2.942791714888480601e-03,-1.724691815858002963e-01,-2.193103095754713183e-01,-1.179746889443218233e-01,-1.875022002961810041e-01,2.051458292728322308e-01,3.909111108253350564e-02,1.032551572221520886e-01,2.686699103669686894e-01,2.086196729567295904e-01,9.824751127843853182e-02,1.849931808322908544e-01,2.183497772090700062e-01,-1.044852408597527343e-01,-2.490235509665278957e-01,-3.697288825007262747e-01,2.695241971224290531e-02,6.699353526209218812e-02,8.807761063200375551e-02,1.321722039082537103e-01,2.335121348611287340e-01
3.578246264533154752e-01,6.556686663706158269e-01,8.794097901798271222e-01,0.000000000000000000e+00,-3.161030574132567272e-02,-1.563245161332332822e-01,5.743596495693353843e-01,8.163285654755112475e-01,-2.363254604361127720e-01,1.731153865085214572e-01,-4.566577174070970413e-01,2.642123128027640822e-01,-3.452193729972352632e-01,3.479021207424535800e-01,-4.555131846283685948e-01,-1.217847071001416787e-01,-4.944630655065954672e-01,-1.366160106270841168e-01,7.314475569887206596e-01,8.086808640767041423e-01,-5.535226496619666953e-02,6.453458381967774882e-02,8.650895601244878996e-01,9.210865791722439022e-01,-2.827903698540745747e-01,-2.132622686734558237e-01,-1.721897050060917644e-01,3.655128398727197636e-02,-6.364198629729190815e-01,-3.635408016533362430e-01,4.550764920010875181e-01,4.048410577648749453e-01,3.773711641764839753e-01,4.804451872687331426e-01,-1.418421711693647891e-01,-1.782925659299968435e-01,-3.017272500993820605e-01,-5.017302929405766942e-01,-1.953466291274599254e-01,-2.343733860334878960e-01,-2.628376760664238310e-01,-8.002980246481482263e-02,-2.999897449688302964e-01,-3.702899966089300277e-01,-5.168592884207622307e-01,-4.886570856748056468e-01,-3.542390428535883706e-01,-1.824696750682545665e-01,-5.397891651160954263e-01,-5.006870961168624623e-01,-4.008670502844886019e-01,-4.404724471062149149e-01,4.214874295010469923e-02,-5.242610871391903404e-02,5.460752645082767726e-02,-7.661293780928866981e-02,2.028046612828822773e-02,3.896206090922156862e-01,-2.822175270720283513e-01,-5.818437656555144888e-02,-4.312790621389169798e-01,5.872323603103584561e-02,-5.552088400325877471e-01,2.379831407990727621e-02,-3.971272614245888732e-01,-2.262661887840389588e-02,-1.380484144777654187e-01,-5.903195344499045927e-02,4.435325302041094875e-01,4.010793350160240522e-01,-3.612180490031143831e-01,-5.626782411570432213e-02,-2.783454935146700282e-01,-2.614719077738967834e-01,-3.829847195731541643e-01,-1.128328304796236969e-01,-2.843801328104225701e-01,-1.548631393811650825e-01,-1.456069333449322087e-02,1.762786457933439646e-02,-5.658258598078517165e-01,-3.620231613782189939e-01,-5.413469053526757113e-01,-4.929773342097114042e-01,-4.431909197391938338e-01,-2.866090995848253331e-01,-1.159710575319630316e-01,1.308909456360200958e-02,-1.312682429280796759e-01,1.128237659396232884e-01,2.470110077808367888e-01,2.554308206895649080e-01,4.009173616434015264e-01,3.275912298375604492e-01,2.314673599191604814e-01,1.142427196006810530e-01,-8.214834390093331273e-02,-1.375334704246856388e-01,-4.916498843777961092e-02,-1.570124924175124725e-01,2.815030420145100964e-01,1.414313203626667015e-01,1.371945016139813622e-01,3.228325488201554405e-01,3.025161176056015422e-01,1.536132569692600092e-01,2.423706161090310729e-01,3.058829305318701564e-01,-1.262073308676925631e-01,-2.154369757373559013e-01,-3.202511536075438037e-01,1.006479395582530675e-02,9.573801610395590855e-02,1.830023215089662814e-01,2.087578055004419009e-01,3.657845945507391949e-01
1.085633603434102284e-01,1.587233594048160501e-01,-4.333315883539452795e-02,-3.161030574132567272e-02,0.000000000000000000e+00,4.347260221447855622e-01,1.232090963481353163e-01,8.778281839026151612e-02,6.653655616112423843e-01,5.395807359029887174e-01,4.122759889843362058e-01,2.941354446771436981e-01,4.522336517532070665e-01,3.352725777817189834e-01,5.001155243551700380e-01,5.651822196353909478e-01,3.803478274329134545e-01,3.135705101311093701e-01,-3.110817753113954628e-02,-1.531976745504893753e-02,5.948156872551066399e-02,6.974912520094456170e-02,2.015053183650781371e-02,4.105184063017849883e-02,5.042412198511067034e-01,4.611452839381388058e-01,4.073121702263552413e-01,4.930904471170123871e-01,4.295163854124599556e-01,2.890775027675592246e-01,2.455751847781123820e-01,2.464223188634799000e-01,1.341284430543198125e-01,2.917741315812804048e-01,3.655058155409673937e-01,2.769893711968964833e-01,1.745881781618653650e-01,-3.047129677270897161e-02,1.358309830695753617e-01,2.480264510376520015e-01,1.456092136397823811e-01,3.110697573388873649e-01,-1.182253215437170379e-01,-4.765449354182992037e-02,-2.101093290749089237e-01,-8.213801696812181308e-02,-5.586495712593706614e-02,-2.020343471616853903e-01,-1.233620159475796174e-01,-1.919579410178321732e-01,-1.048173306656589449e-01,-7.478118623907274720e-02,-1.515115624529234928e-01,-6.653259415837756152e-02,-1.843262601365845410e-01,4.789083394308565195e-02,2.214779768334860788e-01,1.177914835499384860e-01,-2.037805275420822571e-01,-2.094558878041839212e-01,1.414234998973327127e-03,-9.070314146196906124e-02,2.853345252236770824e-01,8.577049732075378574e-02,7.462875151383129013e-02,-2.592133712725978867e-03,2.184963243771978134e-03,-6.970453438700648877e-04,9.379770296927535111e-02,6.823483919976829071e-02,3.590020219077766361e-01,5.341025328869197786e-01,2.510833835921854051e-01,3.534140746671763922e-01,2.461057743881776838e-01,1.272967091294923692e-01,3.604571709255177669e-01,2.963795705059313890e-01,1.555124987802956049e-01,3.240487697210043816e-01,2.965820568590584738e-01,3.079478128448557839e-01,3.992433391392060105e-01,1.277136601426103191e-01,9.433806446335449292e-02,3.737488563309026013e-01,-2.605041874732490562e-02,2.397342633750226826e-01,-4.929342370372331167e-02,2.835465578640977147e-01,9.223751089828985394e-02,1.318435228010290082e-02,6.800017825127641080e-02,7.690399339704015458e-02,-1.180199628056300409e-01,-7.652414108362257106e-02,1.237417368238230390e-02,3.718231314963497264e-02,6.200213476657625428e-02,-7.007457895501309486e-02,-1.254085808584843309e-01,3.308892957570521050e-03,-2.317855993558142480e-01,-1.246866559541415231e-01,-1.570425215866148028e-01,-2.326414884611511524e-01,-1.047004940280946324e-02,-1.366700458169375632e-01,-9.565740028400138151e-02,-1.610436077431603996e-01,9.959141083834853470e-02,-1.226760073691423036e-01,4.351911913686257183e-02,-1.327028830497045675e-01,1.633894737092906127e-02,-1.201290771190554885e-01
2.656216520567454553e-02,2.422901125070615544e-02,-2.190652230134680911e-01,-1.563245161332332822e-01,4.347260221447855622e-01,0.000000000000000000e+00,-1.786996724846435236e-01,-1.685773587226187600e-02,5.009982793711001969e-01,5.663186271153304308e-01,7.369110039210505225e-02,-8.798844186875671991e-02,3.558376417476060479e-03,1.164724551453034940e-01,4.612966160026869544e-01,5.361511462802113215e-01,-1.683659761375450384e-02,3.264251625069228835e-01,-1.345419482545335832e-01,-9.261811264307705238e-02,9.186189670796823803e-02,2.491257983731198500e-01,-1.388342473910154917e-01,-1.679086454815450768e-01,6.606140283979679007e-01,7.370990838731882322e-01,7.682156755776903267e-01,8.183975361136390791e-01,1.244441370056053042e-01,1.614271825237588720e-01,-1.539659751375216656e-01,-2.719586648147269414e-02,-6.435726695929935848e-02,3.546296449453308075e-02,1.611095995373694745e-01,5.391019396636127087e-02,-8.590267729620591763e-02,-2.960300831788476982e-03,-1.010441126889208112e-02,2.744956894392424074e-01,-2.537395643359888209e-02,5.546586085530053750e-02,-1.978448657405280364e-01,-1.085944477436400907e-01,-1.976448247216084364e-01,-2.311211336902549152e-01,-1.228370354224760652e-01,-2.273630555099031281e-01,-1.718187227578135134e-01,-4.298101767804964057e-02,-1.044455731239816443e-01,-1.380633907942336626e-02,-2.774469016292953061e-01,7.852992007316844658e-02,-2.223755337521610420e-01,8.411847242230453825e-02,1.049571884671440247e-01,1.151131678251148399e-01,7.673324768284499331e-02,4.691335888790308661e-02,-3.552597141722751289e-02,-5.025523271504134248e-02,1.892749950965518305e-02,4.604275263004851959e-02,3.185300500736779061e-02,2.859569653956887253e-02,1.005715021920376012e-01,1.321718744759230457e-01,6.935618623419285327e-04,1.560538618596133964e-01,2.225487741503536510e-01,3.776527700536412846e-01,2.374564267997721426e-02,6.981705408341817853e-02,1.113322536280323023e-02,-2.049304559495630437e-02,7.723189086131392045e-02,6.904469401598398171e-02,-1.642334469375651695e-01,1.484739499691881126e-01,1.007023162632908345e-03,1.465575809541811436e-01,1.598525917795694251e-01,1.663408047755955133e-01,-6.191501387332380008e-02,2.374801172230905089e-01,1.172155466959038106e-01,1.521919025270901393e-01,-4.197166956554117256e-02,2.212944455037005320e-01,8.347822558206623167e-02,4.130608827142093209e-02,-1.402312968009854222e-01,9.617530580733144041e-02,-3.454934253832624147e-02,5.903843137331197394e-02,-8.787543280277319846e-02,-7.273285273487054003e-02,-3.784624411199891819e-02,-1.075042190255701552e-01,-2.787524893682710725e-02,8.833073622509247935e-02,-1.306204619773103648e-01,-2.417837260794010457e-01,-8.108405482919769924e-02,-4.488073968608084080e-02,-1.173573275030567326e-01,-2.340102407791637695e-01,-3.437909111754802304e-03,-1.022722344812618811e-01,-8.993025871251690562e-02,-5.546659882496492860e-02,-4.272825657002826683e-02,-1.705565444792542518e-01,-8.722528511690716413e-02,-1.315980584468766368e-01
7.963393483717661203e-01,5.502292592110059610e-01,7.704659579014834225e-01,5.743596495693353843e-01,1.232090963481353163e-01,-1.786996724846435236e-01,0.000000000000000000e+00,6.078335279045843365e-01,-1.858927329087565194e-01,-1.678663207210196739e-01,1.542024860853381807e-01,3.693324193786161058e-01,2.872795348171026109e-01,4.205320884345607468e-01,-4.656999935935018931e-01,-9.621267429007476779e-02,-1.971098760094023017e-01,1.033998631222732834e-01,7.408402729202936410e-01,6.579066188382389768e-01,-3.691099961750732295e-01,-4.445019785895711339e-01,8.128792510984182984e-01,5.310979388014945846e-01,8.360301935417727148e-02,2.601390575447074319e-02,-3.218405714559194886e-01,-1.792393240541955701e-01,-3.173644400143569855e-01,-1.341877200248708379e-01,6.723635248289944188e-01,5.975999597550784026e-01,7.788622128645111831e-01,7.709666352659896305e-01,2.591667823620284472e-01,-2.098916063099328516e-02,-1.604436104747796188e-01,-5.296220206152688625e-01,-4.237286165047597364e-01,-3.636177912167404269e-01,-1.789602652407519812e-01,2.173245836452390722e-01,-3.693053773160916986e-01,-4.210077779355105299e-01,-2.406982170743659222e-01,-2.636583990231614050e-01,-3.838104268031739541e-01,-2.105895370207415407e-01,-3.708125370061315929e-01,-3.480620345789488534e-01,-4.275446411943505387e-01,-3.524359131430670478e-01,-1.767889559635505148e-01,-2.985257445054597669e-01,-3.070410516153882496e-01,-3.135590112506898008e-01,4.614984609323946052e-01,4.934070345218143916e-01,1.622191116062376426e-01,1.407811138821871977e-01,1.269284937509701228e-01,1.011752662061518315e-01,-2.388473531639389857e-01,1.210894694198750843e-01,1.819937491841979891e-03,1.913683396955183635e-01,4.007206015982666125e-01,3.550879338552566100e-01,6.705403539029619608e-01,6.026591929670804815e-01,-2.774092207852251191e-01,-1.385877264822769628e-01,6.795775579299170865e-02,5.914638316220216518e-02,-3.156701396956007044e-01,1.718074195967374818e-01,-1.917011542059908757e-01,-3.767562933777572533e-03,5.200654121470862923e-02,2.734772617787096793e-01,-4.926084601821201781e-01,-2.450641846758268294e-02,-4.675122295050634924e-01,-2.360046966158585724e-01,-4.966863037917829682e-01,-3.785013655980015712e-01,-2.918947992917507173e-01,-2.413239225171672497e-01,-4.291586841689185583e-01,-9.716437000989200379e-02,-1.808476218710942246e-02,-6.873578944298954115e-03,8.947223606283576103e-02,-1.424484606895044803e-01,-1.780554955729305444e-01,-2.327503901548750032e-01,-5.170390509380667909e-01,-5.288951907355309290e-01,-3.871208042554852846e-01,-4.157332035579520690e-01,-2.276952762514529993e-01,-3.285733199510008085e-01,-2.617905420338797473e-01,-1.125470849027151443e-01,-2.854996733953053534e-01,-3.344271669990854789e-01,-2.226937267335932780e-01,-2.136880150451184734e-01,-1.231358461245291858e-01,-2.861549043314020047e-01,-5.457755841563279864e-01,-2.799442421891424337e-01,-1.905940863968099974e-01,-2.738148988484591650e-01,-1.739663217500430070e-01,5.977302106156730938e-02
4.823405551440785866e-01,7.755882671439723319e-01,7.328541461752154929e-01,8.163285654755112475e-01,8.778281839026151612e-02,-1.685773587226187600e-02,6.078335279045843365e-01,0.000000000000000000e+00,-3.447906272194963817e-01,1.419971573743559756e-01,-2.652202858313444378e-01,5.761714872281873401e-01,-1.607425537439656493e-01,7.047476525722951024e-01,-4.491720550855718419e-01,5.934507831581489756e-02,-3.956374701071856403e-01,6.589130674759675899e-02,6.453964269380894070e-01,7.647462933077904257e-01,-2.579273409237370362e-01,-9.822292260846578194e-02,7.348260439944063194e-01,7.766363574801730119e-01,3.753565003821752858e-04,8.429959565925652931e-02,-1.842109197817031474e-01,1.435323785023907284e-01,-5.274712668750470845e-01,-1.968985559861533841e-01,3.764581355159299925e-01,5.211140431500871362e-01,4.943092614977590560e-01,6.225569707646361195e-01,-3.680928578169206239e-02,-1.227276408516070338e-01,-2.487483473702589987e-01,-5.290337663827220371e-01,-3.973910405001312984e-01,-3.377662743243563526e-01,-2.933722789088602512e-01,3.743972076027702461e-02,-4.734769915801221307e-01,-4.590744003388295691e-01,-5.650824581781438427e-01,-4.755850028861418055e-01,-5.423729119854063807e-01,-3.182187880065027730e-01,-6.063304274286124285e-01,-4.682916277670177152e-01,-5.283280282975509889e-01,-3.956616031609032080e-01,-2.071999517289737636e-01,-1.983023595106364889e-01,-2.614400085879534097e-01,-1.798747228758341421e-01,2.509070496250982996e-01,5.645926010933223216e-01,-9.663756787582658547e-02,1.962727452076186707e-01,-2.686153945536800536e-01,3.231298276504590006e-01,-4.977137790127036943e-01,3.807812406776801550e-01,-3.262409301443960352e-01,2.566299554133773531e-01,1.072098734740840192e-01,2.096304281443338025e-01,5.844106558678856533e-01,5.777068374337133161e-01,-5.424249424878828663e-01,-2.326328246887411633e-02,-2.101512115215134480e-01,-2.878866513318335540e-01,-3.623867373666203595e-01,8.115335204674828384e-02,-3.943917083915530197e-01,-2.130660683130076449e-01,1.300418116306419902e-01,2.069002907797490021e-01,-5.934783208740961324e-01,-3.540934218505790293e-02,-4.760641879262863529e-01,-3.178113400452197146e-01,-5.960431134335590908e-01,-1.153079450102034581e-01,-1.681605232150258922e-01,1.261359495039249094e-02,-3.985987204605564993e-01,6.920049377616088737e-02,2.094546666485745945e-01,8.079114553019102474e-02,2.014144403758244828e-01,1.332370142055233631e-01,3.113006904931350793e-02,-4.315187756273272668e-02,-3.334181485726504524e-01,-3.398232420728091729e-01,-2.755032740452622031e-01,-3.768162646534779503e-01,9.287301635845794656e-02,-1.249834500301090362e-01,-7.124909551917552042e-02,1.173890399988359312e-01,4.223369990100735161e-02,-7.483714074025582530e-02,-6.590245496760407939e-02,2.200607562137550655e-02,-9.465713013800669540e-02,-2.897354019964917815e-01,-4.402947358189027161e-01,-2.320412811281593324e-01,-9.232398008214991181e-02,-9.223826532919399135e-02,3.466631214692420925e-03,3.806426919610791937e-01
-2.136419138459745570e-01,-2.912349710414275372e-01,-2.442265125394020020e-01,-2.363254604361127720e-01,6.653655616112423843e-01,5.009982793711001969e-01,-1.858927329087565194e-01,-3.447906272194963817e-01,0.000000000000000000e+00,6.962722897306590220e-01,2.945483535767480787e-01,-2.298195340561100808e-01,2.424938911909629291e-01,-1.885679581457066212e-01,7.954727281935676242e-01,5.367837213242522276e-01,2.778143521771592739e-01,2.320715177098990334e-01,-2.437333326860060267e-01,-3.092861188098658953e-01,4.618791408364678053e-01,3.691669367089028264e-01,-2.006766185034578875e-01,-1.256202280949182681e-01,2.327773938913532403e-01,1.723070349636840193e-01,6.014895624116912698e-01,4.023327986092750663e-01,4.452890321001539697e-01,2.398857220665527867e-01,1.312655910188832431e-01,6.054400895333362370e-02,-1.631596980927554896e-01,-4.043182407097064418e-02,2.679768986133498898e-01,2.704082337466557906e-01,1.147154607666323184e-01,1.704499988906849894e-01,3.599742224894802445e-01,4.310826497646643718e-01,2.076447256806669417e-01,8.798187039525082187e-02,2.393892546929870524e-01,1.702360389530510609e-01,-9.446851737244667258e-03,3.442789532326603896e-02,3.021153454068771782e-01,8.540117546513288638e-02,-2.137960784926195776e-02,-1.482460477702923218e-01,-3.345496715801790644e-02,-1.894712865013827852e-01,1.330613454436714305e-01,1.825527653293045616e-01,1.788074999425294798e-01,2.007772776616690846e-01,-9.431028637280861049e-02,-2.576386462552900936e-01,-3.347168035193040514e-01,-4.365241064345307676e-01,3.876859883484913560e-02,-1.604008558649627214e-01,3.065369353412524811e-01,-2.187111296360492452e-01,5.288020248961859682e-02,-2.070098854515137199e-01,-2.126698595493847765e-01,-2.257361463466202867e-01,-2.771731633026326969e-01,-2.821152690490068005e-01,6.951571688439378560e-01,5.907784310514071491e-01,2.279022041907866891e-01,2.877918370644012014e-01,3.643194795656456431e-01,-6.147754911561575247e-02,5.220309081162851639e-01,3.836842299037090953e-01,-1.187663028705379792e-01,7.512780513337569133e-02,4.293756060195644264e-01,4.252129792904025206e-04,4.064260834366164032e-01,1.410407793294623235e-01,3.147796263372839021e-01,2.133219087932083369e-01,1.758366254197411549e-01,1.890248709416744721e-01,3.312699166664526129e-01,3.035572041135423116e-01,1.184444638369473307e-01,1.091322558659484632e-01,1.464336237298927701e-01,1.249374933334731208e-01,5.935899061807134447e-02,1.611378989463344291e-01,1.918488692886965441e-01,2.431394812106884018e-01,2.739667501078934531e-01,2.031784462943820035e-01,1.005206338889320754e-02,2.848105229979064901e-01,-4.274203704286101690e-02,-6.150288454755270529e-02,4.373935920902394942e-02,-4.934087161763622831e-02,2.056939530703500996e-01,-2.994616799026824858e-02,2.171703157125675146e-02,5.302628808399952043e-02,2.255204471476235928e-01,1.799628333942970004e-01,1.847459706241246780e-01,1.124438825983572199e-01,1.973343480383570395e-02,-1.951376602028680463e-01
-1.973132951583831951e-01,6.410150810816256373e-02,-4.746088356946351686e-03,1.731153865085214572e-01,5.395807359029887174e-01,5.663186271153304308e-01,-1.678663207210196739e-01,1.419971573743559756e-01,6.962722897306590220e-01,0.000000000000000000e+00,-6.613273411534220658e-02,1.105523687108920725e-02,-9.903116066755524027e-02,1.763314715514413822e-01,6.074291868123641303e-01,7.413085007472964838e-01,1.202071129181403811e-02,2.584518516461796200e-01,-8.376690417593433968e-02,2.050259159692826433e-02,4.174437712928772970e-01,5.486495847364118994e-01,1.187483717089680112e-02,2.935287313913930163e-01,1.215832099901110325e-01,2.146940861252438770e-01,6.538614817405674629e-01,6.531317536655955047e-01,1.182569243612016235e-01,1.242492349909993798e-01,1.032154468905898820e-01,1.684345310148462338e-01,-1.199903271474754007e-01,5.311064836002646339e-02,1.133049553833419681e-01,1.585249533217194251e-01,-1.496689114900262019e-01,3.932793381905920482e-02,1.295302663971364399e-01,4.142031949780212163e-01,-4.214570356113390981e-02,-1.140284402870429814e-01,-3.440169344596618792e-04,1.910903994061363687e-02,-2.450027213206709131e-01,-1.630309023702598281e-01,1.877327288286532309e-02,-1.263461752585697817e-01,-2.684256958688621131e-01,-2.214035628072993644e-01,-1.871983573423241787e-01,-2.444629019341318932e-01,-3.699648453802210479e-03,1.880549993364041550e-01,4.040361920076446234e-02,2.569585556170611018e-01,-1.263439629995386781e-01,-4.740317768963834416e-02,-3.735367396249383298e-01,-2.832142397839652603e-01,-1.579133763599121776e-01,1.386152244768152353e-01,-6.242661244391913000e-02,9.419832855639831415e-02,-1.021062850543231482e-01,7.426819703958734142e-02,-2.069758106557444410e-01,-1.717669381123629324e-01,-1.674619247351372131e-01,-1.334499700687697687e-01,3.461235645670434069e-01,6.198904341631080728e-01,3.967817139492027523e-02,-2.615743502580044136e-02,2.230547211757438475e-01,-9.092491656742332506e-02,2.536335711464960396e-01,2.021411088644869403e-01,-1.474035011211949076e-01,1.470842284218498441e-01,9.783292718545570643e-02,2.642527933492462219e-02,9.136201641150314134e-02,-1.284765837207415932e-02,7.683196243383895452e-02,3.856313609155183064e-01,4.319149623776931401e-02,3.734716319455618772e-01,1.596889529999835355e-01,4.558508194818342019e-01,3.657550134556883936e-01,2.069438772289190764e-01,2.721864931291371192e-01,3.689731600517951460e-01,1.013216578381938571e-01,3.150185177546314108e-01,1.284519948355229146e-01,2.062415849161181869e-01,2.764603632373647257e-01,9.677874069861011619e-02,2.644891201215443521e-01,4.593419108049165978e-01,4.499401897086890284e-02,1.211972804063851245e-01,2.599644972268657650e-01,9.471827457235984515e-02,1.897138013295481818e-01,1.035411540984584461e-01,-1.223436603170314912e-01,-5.994964748169483854e-02,3.322508040640165250e-02,1.747105729907573457e-01,2.688152989983879082e-01,1.097578657332785590e-01,8.884650832772969520e-02,1.761479163357511368e-03
2.964844857088139163e-01,-1.675366157691851043e-01,-3.524867095823866481e-01,-4.566577174070970413e-01,4.122759889843362058e-01,7.369110039210505225e-02,1.542024860853381807e-01,-2.652202858313444378e-01,2.945483535767480787e-01,-6.613273411534220658e-02,0.000000000000000000e+00,1.995896773961616522e-01,9.124700842858114447e-01,1.385823146364173475e-01,2.825311900196017523e-01,1.857657330673598839e-01,6.986763717052645317e-01,2.745647560703146084e-01,-2.623573907227600421e-01,-3.509301360199044706e-01,-1.776317186843453244e-01,-2.602784207960965324e-01,-2.418315336550290184e-01,-3.940729637835261867e-01,4.211320666936800849e-01,2.729075034541507128e-01,-6.586814371212054015e-03,-5.203409825907621272e-02,6.691547686926575533e-01,3.161731627978105474e-01,-1.144883102739129715e-02,1.925024014468232347e-02,1.805438305988092962e-01,6.438940003050215577e-02,5.127444429067382625e-01,4.120296479280517454e-01,1.665095600639030504e-01,9.613799786707788453e-02,-6.620690156051327324e-02,2.368920846027985916e-02,2.094397203299106780e-01,2.546455675276945163e-01,6.108204474759006825e-02,1.457146052260292202e-01,3.172749680595696176e-01,3.119647678155201276e-01,-8.924807992373866988e-03,-7.020193053870958655e-02,2.466798430872447767e-01,2.073181146145957332e-01,1.310968019212506996e-01,1.731006303051572104e-01,-2.333962636825605008e-01,-1.479461625872199315e-01,-3.520336679878281472e-01,-4.913872293591596552e-02,4.776873462688251415e-01,1.438979461909543379e-02,1.589629960192810165e-01,-2.215769337171378389e-02,5.693355505490487189e-01,1.106900507824431501e-01,6.677007027264063588e-01,1.525689208977248912e-01,5.011525889101342557e-01,2.610696033359756751e-01,2.941115912410418032e-01,2.294842912823490122e-01,6.159573072993344139e-02,-3.375224578354393042e-03,1.719792491952118196e-01,4.479598762810145518e-02,5.173026768491389982e-01,3.670977792242066662e-01,3.732257998037200597e-01,2.016912539440808561e-01,2.518541133262933163e-01,1.994930652077583910e-01,2.717972089250155210e-01,3.419295689824461970e-01,4.100707162979517761e-01,3.586224332214519861e-01,3.651093151555015459e-01,2.408592099851882273e-01,1.725373037081237848e-01,1.554595496807539834e-01,-1.264340166806001420e-01,1.507068444990180001e-01,-3.081807204933950661e-01,-2.970269430884946854e-02,-2.195740155170902708e-01,-2.475513016487164986e-01,-2.958180265953072041e-01,-3.480489080256484735e-01,-3.024326269572192860e-01,-2.383333152484609918e-01,-1.559701032203332227e-01,-1.301308237148232627e-01,-1.367994828650421490e-01,-1.194929611491660354e-01,-4.790477066466849454e-01,-3.621831488047315695e-01,-4.794465584091098243e-01,-4.952794797332079058e-01,-5.109440340788268253e-01,-4.499952505706897310e-01,-3.328742684434653487e-01,-4.362302845003475649e-01,-1.133550292383798952e-01,-3.087756468565511225e-02,5.706381603403037905e-02,-1.932562615555095953e-01,-2.286047529421408320e-01,-4.549133414712983603e-01,-3.206145239867390084e-01,-2.406748773288915066e-01
3.695476990007794948e-01,5.995518648838119580e-01,1.716276602541112195e-01,2.642123128027640822e-01,2.941354446771436981e-01,-8.798844186875671991e-02,3.693324193786161058e-01,5.761714872281873401e-01,-2.298195340561100808e-01,1.105523687108920725e-02,1.995896773961616522e-01,0.000000000000000000e+00,3.810909352614485490e-01,8.715083417432488710e-01,-2.852633049191543591e-01,2.742244949498040540e-01,1.505164722858412241e-01,4.356326995970462024e-01,2.011072061918166842e-01,2.893111181915307695e-01,-4.786386074370975741e-01,-4.138252031234820327e-01,2.325690765901560209e-01,2.579031197990305224e-01,2.604480512533172143e-01,2.910411452022598211e-01,-2.804440295019029472e-01,3.534296605141964975e-02,1.142261832683641974e-02,3.734519176429089704e-01,3.170736121244247530e-01,4.176028889764681340e-01,5.054385735495078302e-01,4.761854017951738238e-01,1.622457715946121481e-01,7.127318373441865473e-02,1.565413330368721490e-01,-2.867233080979764703e-01,-4.133203020726854970e-01,-1.871412843251589186e-01,-1.288831441701171754e-01,4.424136874984310741e-01,-4.356639434876830030e-01,-3.838274414653446431e-01,-3.043044500520751816e-01,-2.249775250321660591e-01,-4.444228039175487366e-01,-2.968043379508943924e-01,-4.319791354003251760e-01,-1.942917676938898108e-01,-4.548236946190069574e-01,-1.453652043752548528e-01,-3.865341161848399598e-01,-3.737005131003067748e-01,-4.353764354913234880e-01,-2.156904841328170785e-01,4.686750680045074224e-01,5.845565439484363690e-01,7.080806181614530959e-02,3.511661244667027559e-01,7.503844244457993917e-02,4.642050287681205867e-01,-3.929060119962154984e-02,6.862457471410983167e-01,-1.707073039515103474e-01,3.877765889911174435e-01,2.850520240112956460e-01,3.275584759316376715e-01,4.024465191607531911e-01,4.377059649577065836e-01,-2.985307976423668963e-01,6.628799650034286617e-02,1.239555372366509117e-01,1.771252213473073212e-01,5.494983243082565694e-02,4.735892458469450061e-01,-1.440038182650001386e-01,3.978140651825368829e-02,3.985485306232495750e-01,5.953214491389485774e-01,-1.993921146223001928e-01,5.705312241443918353e-01,-3.578066640422974953e-02,2.435142303038295708e-02,-3.263768798138142468e-01,2.468195627731771813e-01,-1.800806823951003610e-01,7.806097632785907736e-02,-4.379991582215360113e-01,8.529061945323006266e-02,-3.231299524930866807e-02,-2.039695868166481185e-01,-6.500079200242527000e-02,-2.386758799541690013e-01,-1.041055044369713217e-01,-1.223080064996932281e-01,-2.651388115789329314e-01,-2.525723284038795535e-01,-3.165339951427557086e-01,-3.689193260664806462e-01,-3.925544808529088936e-01,-4.199798070965081731e-01,-3.570495491396109000e-01,-2.020790310755359309e-01,-3.164962093518062791e-01,-3.884432668047065884e-01,-3.005684795741861981e-01,-2.124396729810736351e-01,-3.559844849796887228e-02,-7.193196223308258308e-02,-2.862920399255375892e-01,-4.494099959758502405e-01,-3.114344950774710630e-01,-3.319816215504583501e-01,-1.520558692047622729e-01,2.232173120222446794e-01
3.891984478161888417e-01,-2.004178574336612506e-02,-2.505932217293350694e-01,-3.452193729972352632e-01,4.522336517532070665e-01,3.558376417476060479e-03,2.872795348171026109e-01,-1.607425537439656493e-01,2.424938911909629291e-01,-9.903116066755524027e-02,9.124700842858114447e-01,3.810909352614485490e-01,0.000000000000000000e+00,2.983361504099847905e-01,1.468916892953956721e-01,2.039961129974240117e-01,6.415234616019410696e-01,3.321198867729632798e-01,-1.611507196320716151e-01,-2.457737820386761696e-01,-2.632973739494380294e-01,-3.867149173858911992e-01,-1.277366003268265993e-01,-3.002621863061620266e-01,4.770909728064830491e-01,3.439663776275019846e-01,-1.262373132487097649e-01,-6.611326680437394632e-02,5.800165276363226097e-01,3.556296447446710696e-01,1.276954745691897541e-01,1.090412834065179748e-01,2.941018874882180834e-01,1.762389192405083016e-01,5.218600504967390030e-01,4.293785421089952870e-01,2.380130281409476023e-01,9.816203425996461104e-03,-1.520952855617142829e-01,-1.502565333783489887e-02,1.789786835184252189e-01,4.114174882142332401e-01,-1.694374236096635525e-02,8.452597308272655208e-02,2.604761489707688726e-01,2.522070950809739420e-01,-7.633517751118240602e-02,-1.076592407640354285e-02,1.314254985734786829e-01,1.442191845082056723e-01,4.459067150636675594e-03,1.397086355132621804e-01,-2.694145652755501885e-01,-1.575392353286328428e-01,-3.673635909312850667e-01,-6.374564330864823658e-02,5.415156694830979278e-01,1.064395767047785490e-01,1.715747145415677521e-01,1.614628634536562427e-02,5.527354512386182250e-01,1.234686905088113879e-01,5.866519080376824125e-01,1.908855513097692802e-01,3.872547911222373740e-01,2.528754875750773290e-01,3.717656897734503696e-01,2.931519523728086107e-01,1.694139560468555794e-01,9.292720887668785845e-02,1.487380603333730289e-01,4.787637524954078960e-02,4.587013925981875406e-01,4.263036574934937484e-01,3.495704975435768302e-01,2.958574075208509901e-01,2.462906922894369244e-01,2.461815158927019298e-01,2.860430732861324876e-01,4.566382217811734145e-01,2.881481923803474454e-01,4.091259813550667812e-01,2.498663188212501829e-01,1.645995748514887391e-01,5.417812627246693102e-02,1.529186752562905205e-01,-1.758591808542541990e-01,9.383956635579186745e-02,-3.602373992222886456e-01,2.841698541833113240e-02,-2.899295166073777019e-01,-2.654293781372510375e-01,-2.775686736570017188e-01,-4.085996964362729744e-01,-3.402207974807047175e-01,-3.269905149699595670e-01,-2.674521804788250745e-01,-2.553147411190347382e-01,-2.527080471384948734e-01,-2.171762562077248215e-01,-5.854988528607303344e-01,-4.381688110364136413e-01,-5.453362779870652988e-01,-4.756260790430729135e-01,-5.585543672435557827e-01,-5.546124560486334065e-01,-3.628239501375719045e-01,-5.107305861347418707e-01,-1.056145437172680140e-01,-3.409597469094199224e-02,-9.299883839616847336e-02,-3.009418382063378528e-01,-2.927953685585272248e-01,-4.506541719484594699e-01,-3.650197549800634489e-01,-1.772168580580999186e-01
