0.000000000000000000e+00,5.515950319924202150e-01,5.140476081311805556e-01,3.415961787470260247e-01,-6.974169138130494050e-02,-7.308259688545078181e-02,4.582860200290797548e-01,3.228984595321028328e-01,-7.369197975618073382e-02,-2.798941456608895484e-01,3.504898486294255044e-01,3.540249227779141972e-01,2.530065365227087693e-01,2.038742663849857362e-02,-1.970117476612582852e-01,-2.388411845721539195e-01,3.121314123259281148e-01,-6.772214389018794099e-03,6.076839881203820459e-01,7.733122756002792642e-01,-9.558374533543356755e-02,-2.034555144077415390e-01,3.720545167719464530e-01,3.469978210369283333e-01,7.091376445043338916e-02,-3.643605966043288874e-02,-1.128825005562466427e-01,-1.233367905868512221e-01,2.441030955532508262e-01,3.092900544191203027e-02,1.314427986411088600e-01,1.472743702789980347e-01,4.287517813496117269e-01,4.737186216573313624e-01,-6.678975723497650174e-02,2.479537909359971759e-01,2.387726748460090309e-01,5.461350986399990393e-02,-3.730478773358097966e-01,-2.813892339792613551e-01,1.945994475447212491e-01,1.081822311036726575e-01,-3.020619769524732212e-02,-1.470770774082082177e-01,3.943295662286699921e-02,-1.523101038556578801e-01,1.577758687605213539e-01,9.880895496013317181e-02,2.717794123334117684e-02,-2.721366156724818741e-01,-8.359933780139557069e-02,-8.445481273768414010e-02,-1.714883926677300274e-01,-3.638764293356025470e-01,-1.424767774377797280e-01,-1.414922071738642095e-01,8.527855262357226795e-01,5.217093613209388137e-01,5.369585809640897711e-01,2.149632237505754995e-01,2.974786440148492472e-01,2.120480852404684757e-01,5.317828163192814817e-01,4.027969474404696215e-01,-2.093184550421013645e-01,-1.749846776054798936e-01,3.097072074641913919e-01,3.499897946488190748e-01,5.848508854100488152e-01,3.791680056907101859e-01,-2.381105639641193650e-01,-2.903046322175694693e-01,-5.873016176204848282e-02,-2.382905051034559796e-01,-2.004694665869177078e-02,-3.934001398054222387e-02,1.981299407680426894e-01,1.004336168521965666e-01,8.618565050572937758e-02,-7.704783891462585466e-02,-4.159755465985822201e-03,-1.715129842032150631e-01,-1.014311423281399405e-04,2.906219109382270419e-02,-3.704398913653213499e-01,-1.029775054420702524e-01,-3.675331932893215470e-01,-3.184682350985530430e-01,-2.064972285443882061e-01,-1.290935039763518033e-01,2.573479774413909293e-01,1.240877860333432503e-01,4.887020914877064359e-01,1.135899225958961478e-01,-2.218014740765723025e-01,-1.325378770865723310e-01,-3.535342814996649680e-02,1.859877360001358226e-01,-1.577649843100457916e-02,9.283200251126143276e-02,1.823616916797864973e-01,1.383582404130749288e-01,1.164878008394073239e-01,2.868173423014792611e-01,-2.048490412503957414e-01,-2.247307908460286288e-02,-3.256359956557337149e-02,2.194362948385285284e-01,1.757334167422671678e-01,7.287966664834091834e-02,-1.503558474742970885e-01,1.914821278800005189e-01,2.962810915800513645e-02,-1.769429831321918389e-01,3.508757155937064498e-02,3.047402394602629627e-01
5.515950319924202150e-01,0.000000000000000000e+00,1.310816432955238045e-02,1.777951801333660653e-01,-1.069053003224755410e-01,9.345461340180459542e-02,9.950818942615827223e-02,6.634966624595278750e-01,2.215105280723388484e-02,-2.005855719405898463e-01,4.649569087072892848e-01,7.496648090565792844e-01,2.218278687435701613e-01,6.333257160652294715e-01,-1.691490788300165637e-01,-2.047051045486629750e-01,-2.520710918816936874e-01,1.923537077150506702e-01,1.545993126558722897e-01,6.467097116534050727e-01,-1.508561608389674402e-01,-1.045484090576102171e-01,1.671855270313815367e-01,8.996837652366375393e-02,8.674034918904542646e-02,1.392422064834323292e-01,7.040412626086963756e-03,-1.307043354857154172e-01,-1.118442164669088690e-01,1.437848465344776783e-01,3.232177723468709352e-01,3.020664927591346638e-01,2.864749845448993359e-01,5.703127889735545297e-01,-5.124005064124727005e-01,-1.618750680099318578e-02,1.259872950885510684e-02,-4.681294559164071445e-01,-1.826922941350729301e-01,-3.314790594893172737e-01,1.458775911862068564e-01,1.650872723116448559e-01,-2.956355092728404563e-02,-5.480224839040865464e-02,9.672565018083566224e-02,2.126836914311287796e-02,2.030800517107665126e-01,2.225459040470453148e-02,3.584001916503050666e-01,5.381011798684806613e-02,3.942826837260625106e-01,-4.185043007645537771e-02,4.245289719081526414e-01,-3.487779210187788026e-01,-1.506531618683257592e-02,-5.637740210600867830e-01,4.024983634291164902e-01,7.608263182632364341e-01,2.609358984703836759e-01,3.084491645930423354e-01,2.325479512953490258e-01,4.203789973596143148e-01,3.227911869235182141e-01,5.680497295171771377e-01,-5.438111535808081154e-01,-3.875881073923454490e-01,-3.379107071972480836e-01,-2.625104273477956718e-01,4.452625126998943639e-01,2.892229042632846192e-01,1.021322550270745977e-01,-2.095953419745799351e-01,-1.569433921577939595e-01,1.650622734539569925e-01,2.895858729086375760e-01,7.135147766442712092e-02,-5.957999200253879385e-02,-1.512703149190011420e-01,3.553626942210552642e-01,-1.975179127035804894e-01,2.934565216125211151e-01,-2.869797678409211072e-01,7.279362539484171557e-02,-4.994687260960863767e-02,-2.880225132945964453e-02,-4.550184081883877907e-01,-3.645710874533112933e-01,-6.062957946591812641e-01,1.444556869405656113e-02,-6.330809641541470523e-01,6.110517499819799747e-01,-1.892329919027951612e-01,6.485954367243985663e-01,1.402091026978474209e-01,-5.118933207935415508e-01,-4.834714580352375002e-01,-1.922377877191437101e-01,-3.579726597180293290e-01,7.583641475120685149e-02,-3.463770538468081694e-01,-1.136565783766883275e-01,1.756587723150112301e-01,3.887684177152279236e-02,2.176598093828227901e-02,1.302645391883270887e-01,-3.880413362350724760e-01,2.610269922692153716e-03,-3.199150560192374204e-01,-2.974102983133916078e-01,-1.903652365784651856e-01,-3.166394515051147440e-01,-2.190106784575832077e-01,8.118389353297186806e-02,-8.204795635836256706e-02,-2.066700564155050657e-01,-2.868392209838401818e-01
5.140476081311805556e-01,1.310816432955238045e-02,0.000000000000000000e+00,4.549528891722350310e-01,1.234644234309941052e-01,-5.480110379219527150e-02,7.235026613150025154e-01,1.387393031665973830e-01,2.812348005149875041e-01,2.413997931085898330e-02,7.561440544591219171e-02,-3.894806831755630999e-02,4.258717223629149840e-01,-1.680811589754290236e-01,2.081180682505364143e-01,-2.802443833632636133e-02,2.497243274300934290e-01,-1.369937013690996908e-01,5.271459233904995934e-01,3.939720035956031929e-01,6.231062150048433806e-02,-1.745291097013170617e-02,6.627401704834041674e-01,7.050884873402347708e-01,2.452502580417407207e-01,1.015000316082591419e-01,-3.345800861603744070e-02,-6.690017005624261659e-02,1.261306295912131004e-01,-2.471308676054593048e-02,1.771126651520187611e-01,1.982014845472017950e-01,1.785979708093422269e-01,1.209430731955856153e-01,2.240755489984469495e-01,1.943372416690327398e-01,2.122370767921347157e-01,-6.045783202889469000e-03,-1.818987858040293226e-01,-9.062843382259806735e-02,2.232925586755111005e-02,1.911219722194308288e-02,-2.803799158774238909e-01,-3.533537336581012989e-01,-1.289789533973122737e-01,-2.834729871808824853e-01,-2.654556527502436800e-02,-1.979525604546452169e-02,-1.845317703186488967e-01,-3.736208788854400997e-01,-2.597121742961714386e-01,-1.649709708630293648e-01,-3.975169693472741517e-01,-3.023815654382977502e-01,-1.611214494423247323e-01,-9.297115767739583259e-02,4.037133994534158332e-01,1.539948491280165033e-01,2.591823217456377115e-01,-2.490455246588640092e-01,-9.179766686656577745e-02,-3.454152875354125074e-01,-8.107576040498749859e-02,-2.820453388264763661e-01,3.102411790513507350e-01,1.506258615043074185e-02,4.762401975420993971e-01,2.311181673146908699e-01,4.146736859468919678e-01,2.323514675478712821e-01,-2.054430717384800875e-01,-4.607847985931787932e-02,-1.290087380932772587e-01,-3.893790822182260913e-01,-1.292711441594339705e-01,6.935188129787392408e-02,-2.333707190786018897e-03,8.689204706599860939e-02,-2.452595413505533617e-01,-1.291733726780673608e-01,-2.596728929762684990e-01,-3.249270990837581641e-01,4.002928398158690781e-02,-3.208466141380521969e-03,-2.049631409737018295e-01,-8.829281345797976646e-03,-6.724053074612436343e-02,-1.215932995141553660e-02,-1.422776791962461762e-01,2.716958301808269135e-03,4.323168356542121671e-02,2.588031911954259967e-01,2.397553282512792094e-01,2.437820925347320977e-01,-2.009035429606498974e-02,-8.438552308862634632e-02,-3.475965323599881918e-02,1.198441584501434287e-01,-2.190111884602816694e-01,7.162342822167655498e-02,6.993646564614526551e-02,3.390515377532065666e-01,1.750109380297929229e-01,4.463772375778528034e-01,-3.006908788161232748e-01,1.282621270758098064e-01,-1.818834826704102126e-02,2.699459293136406424e-01,1.845751140861638662e-01,1.263462090175119790e-01,-1.761046081200871860e-01,7.868853108951653907e-02,4.618044712727693672e-03,-1.425562709450436949e-01,-1.441739538070794385e-02,2.751184685984374156e-01
3.415961787470260247e-01,1.777951801333660653e-01,4.549528891722350310e-01,0.000000000000000000e+00,-1.731823159892697528e-01,2.281232307728176673e-02,7.215257703000829137e-01,5.408292483491052849e-01,4.115978158935759135e-01,-2.772007492812308405e-01,9.364341108978350980e-02,1.425995891287387685e-01,5.683842122143782927e-01,2.016328247198555523e-01,-4.831451077009380479e-01,-4.962251303098089150e-01,1.022412268249620337e-01,-2.475561925271403951e-01,4.168138264125102466e-01,3.780681003774772342e-01,-3.313389726864156559e-01,-2.923887992260514879e-01,8.324592613641564887e-01,6.379135233612776013e-01,1.845601750683994735e-01,3.285438798572101193e-01,-3.340275170053667031e-01,-1.809737676091293657e-01,8.032521556367924753e-02,6.601001576909477919e-02,3.513783029848606132e-01,4.983139893219615812e-01,4.238645348030449234e-01,4.520327061131095836e-01,4.551343567402939966e-02,1.209675215372478796e-01,-2.907444490589348174e-01,-2.349032898960087268e-01,-6.825083329126554466e-01,-5.251487586177647771e-01,-1.707619384900972981e-01,-8.046248064126913790e-02,1.123069530873178207e-01,8.898855808595243500e-03,2.001938984083916073e-01,1.019419191484895321e-01,-1.033744688620548829e-01,-3.095235509071912056e-02,2.546748442775695342e-01,2.713456112450724281e-02,7.186111034222839034e-02,1.675001697998400596e-01,-1.484071271472421072e-01,5.821523922038044502e-02,-5.692292099720632770e-01,-3.284894788128737697e-01,2.500818997724828519e-01,1.032551910025399783e-01,2.383747137699222529e-01,-1.239240396928469462e-01,2.254126943802508276e-01,1.510001144428863018e-01,9.519057946318190688e-02,-1.701032403874620513e-01,3.035178666763666544e-01,3.628567030949395589e-01,3.164538298449089404e-01,2.546128890706947367e-01,3.210737420427280941e-01,-1.397535545078033015e-01,-3.246204536190301360e-01,9.048110732622051400e-03,-1.925553662536020061e-01,-3.683944853702953437e-01,-3.805921844156233691e-01,5.902996429762656649e-02,-2.434771840516307961e-01,-2.648241204105515334e-01,-1.094925118431264027e-01,-2.733994182833650033e-01,-3.279833125839717312e-01,-4.899512573477451394e-01,-5.893689683023414227e-01,-5.276429824319854855e-01,-4.000705425181765307e-01,7.923136781941764184e-02,-6.788252940711633210e-01,-4.671433005263477267e-01,-4.510799362967394810e-01,-1.492299990013186695e-01,-3.337394791193457749e-02,2.985446171203780530e-01,4.623255817424242742e-01,4.686371252639601193e-01,-3.546813762016924887e-01,-1.695906373522542421e-01,-1.968370607943207840e-01,-1.369370594801567476e-01,-4.477224501875689544e-01,-1.528646794751030435e-01,-1.478535146045720748e-02,4.589237894487794844e-01,-1.839218411859419866e-01,2.530632446204664210e-01,-3.109825336500983139e-01,7.833376268715266932e-02,-3.360768285629480712e-01,3.249513497949395313e-02,-5.175603197541562422e-02,-1.418033142579249173e-01,-2.272739744788900285e-01,2.437419993023214396e-02,-1.378160012001665713e-01,-1.674646463718588163e-01,-4.249365755491241875e-02,2.217868128258635718e-01
-6.974169138130494050e-02,-1.069053003224755410e-01,1.234644234309941052e-01,-1.731823159892697528e-01,0.000000000000000000e+00,6.255183520180643830e-01,-2.133842916064251916e-01,-1.161123767040163207e-01,3.648581360485222969e-01,5.571383693975131557e-01,-2.211079781557666601e-01,1.434887242344496938e-01,-3.378929323905381366e-01,-3.509178203721640549e-02,5.115926474260957812e-01,3.918394650204021223e-01,-6.500061774859797192e-02,1.979028608581140207e-03,-1.778631005343956906e-01,-2.701019181936560876e-01,5.750939433449546723e-01,6.296334650345211115e-01,1.212637661672728434e-01,1.880451653204546769e-01,7.726474352988690342e-01,6.310602604841327734e-01,6.318011583970686296e-01,4.888556127707756049e-01,1.570750681912579938e-01,2.098206091339264168e-01,4.774045640125270107e-01,3.325800028400864305e-01,-3.894376182659272656e-01,-3.036476124785725816e-01,-4.542716929493043759e-02,1.335284265740040686e-02,-8.247236443592793897e-02,2.273293603514921560e-02,2.592504082693035117e-01,2.323903495310662703e-01,6.561175755126326392e-02,-1.427477776639608509e-01,-4.169230848151064261e-01,-3.695856621529025610e-01,-3.623836510851295989e-01,-2.888407654451902729e-01,-3.699611258863602647e-01,-3.123937454562208949e-01,-4.175865386054357087e-01,-4.131718133189579145e-01,-4.243276027708335896e-01,-3.945552266214431558e-01,-2.834986150517243009e-01,-2.750441991107849815e-01,1.073911604125458163e-01,1.639716882745494986e-01,-4.273092479322810472e-02,4.566976670149219819e-02,-2.389995141032394410e-02,8.073851646046538433e-02,-2.215919485314924720e-01,-1.315448014363961859e-01,-1.572997012683219342e-01,-7.492930036457476350e-02,-1.821346193774680058e-02,-2.591605981558744998e-01,-1.164693322099362716e-01,-1.024237864801616216e-01,-2.803918359742149091e-01,1.708068403889042783e-02,4.814647396929206957e-01,6.610584494984850235e-01,4.634076021616125307e-01,3.278366569626248728e-01,2.838966180743152101e-01,3.883562907306803980e-01,1.361950535619528835e-01,3.237024863954036102e-01,-1.446373272421964395e-01,1.122141040306279085e-02,-7.016290099670905757e-03,-8.132726827526455537e-02,2.755752396852105268e-01,2.696882255959314190e-01,8.201348308308695212e-02,-9.216112615193432223e-02,4.116315105767208160e-01,4.412296097137222151e-01,6.656593074733276050e-02,9.968478147839139603e-02,-2.457050566141355252e-01,-1.180084879378044543e-01,-2.391806753322725243e-01,-5.429741365594431546e-02,1.589777395965964735e-01,1.523518172070433274e-01,-1.355536638672996674e-01,-3.922102493376927040e-02,-1.460300814893345789e-01,-1.413664139068908920e-01,1.153631481714807172e-01,2.705109267794746433e-02,2.303395134718916326e-01,2.460658095535048218e-01,-1.335296382997880615e-01,-1.493661349570001851e-01,3.885758240406579633e-02,2.476920000257018251e-01,2.011146264590839561e-01,-1.204483810728177035e-01,-2.500701421422430459e-01,-1.761331104558693794e-01,-1.723313159309732279e-01,-2.428263642287096513e-01,-2.366353531485603789e-01,9.399645883194009122e-02
-7.308259688545078181e-02,9.345461340180459542e-02,-5.480110379219527150e-02,2.281232307728176673e-02,6.255183520180643830e-01,0.000000000000000000e+00,-1.366686950236438713e-01,1.964693319761072754e-01,4.132192679928548551e-01,6.622017000499457184e-01,-3.389667566051896702e-02,3.452757403254931856e-01,-7.945307290668056008e-03,2.603199643245791006e-01,3.686115278507819393e-01,4.738983464098358578e-01,-2.108007797572321040e-01,-6.730228114332820200e-02,-2.122543309119711286e-01,-1.913701201487624237e-01,2.027381065211482092e-01,5.644637128836449413e-01,1.086878184236692024e-01,4.071441235087480126e-01,7.113062619142682674e-01,7.761049732075644414e-01,7.994613082388153380e-01,7.439946506804364645e-01,-8.326090618689162282e-02,1.028268354507818338e-01,4.838934390838022237e-01,6.499823000090428904e-01,-2.662054322756692293e-01,1.046113985577894478e-01,-1.560863991365158687e-01,-4.582379058970918045e-02,-1.732540908240839395e-01,-2.684374776753326031e-01,9.385115996862547494e-02,8.856426661775945730e-02,9.926889987235844315e-02,-1.774259112811151229e-01,-3.751217657989022736e-01,-3.161407889397293558e-01,-3.077009226973578260e-01,-2.532909564364765886e-01,-4.187194042555492657e-01,-4.537502978147746613e-01,-1.620672490805514510e-01,-1.911243690634996106e-01,-2.152568205660236877e-01,-2.601951906954628191e-01,-1.172995520252528706e-01,-2.234046101298815257e-01,-1.712487673596175819e-01,-2.727688542287946549e-01,-8.873813540838898506e-02,1.263611882634304850e-01,-2.369863105566845651e-01,-1.657593979379892724e-02,-2.507169664459220071e-01,3.281635916429567409e-03,-1.360022822064614056e-01,-8.837425607019432083e-02,2.667541975849663499e-03,-9.625536951718879908e-02,-2.349827609183446631e-01,-1.158028937712920758e-01,-1.847927020928024910e-01,-8.528900697834176925e-02,5.281484730065402200e-01,5.302442464865366745e-01,1.434414169613772716e-01,1.936476072012718597e-01,3.179592054942152468e-01,2.019804096031117546e-01,-1.792210027093900093e-01,-9.414924587115414134e-02,-4.767073129591679545e-03,-1.428704622547968539e-01,-1.039004798570995237e-02,-4.242489922218982135e-01,1.316803439316608093e-01,6.433021614995647862e-03,-1.065437681722240749e-03,-2.046163882272235002e-01,1.956039784560985040e-01,2.011106795849032791e-01,-6.028767598965987379e-02,-2.956662079900815310e-01,-1.173605261540592443e-01,-1.545227591215403984e-01,-4.445238417103428846e-02,1.687150128077090083e-01,-2.363524469628778824e-01,-1.753225620345392755e-01,-4.621559268635112572e-01,-4.524995576661673402e-01,-4.103653673979624217e-01,-4.258548541217220262e-01,-8.226993300127119491e-02,2.499873941596232607e-01,5.606973103793804619e-03,2.050265721024827070e-01,-1.403941784693871209e-01,-4.199378096428750262e-01,-2.883884497747331646e-02,6.286518971575088231e-03,6.671935896747312189e-02,-4.067199551717197714e-01,-5.353719042547915308e-01,-4.113200279039948004e-01,-2.110749538574360207e-01,-3.807063484177237167e-01,-3.958810307134074669e-01,-1.045578200743094155e-01
4.582860200290797548e-01,9.950818942615827223e-02,7.235026613150025154e-01,7.215257703000829137e-01,-2.133842916064251916e-01,-1.366686950236438713e-01,0.000000000000000000e+00,3.649773814464690180e-01,2.896296031295030882e-01,-2.330576675806192433e-01,1.431573157298297594e-01,-4.028951872914367108e-05,5.989654748706472187e-01,-3.609666097969072007e-02,-1.815804233612933472e-01,-2.926967336357335636e-01,2.587430599246579588e-01,-2.019723898672229623e-01,5.990035870999476098e-01,4.554386097010261203e-01,-2.030765286158311145e-01,-2.945871271075662934e-01,7.004538952996802736e-01,5.893254871974669129e-01,1.377744601957379619e-02,1.415715486857773049e-02,-2.546913863160005231e-01,-2.263314333708716097e-01,4.216861370806485737e-02,-7.273016114265190568e-02,7.228905355313534897e-02,1.968375464905161576e-01,3.502305517017921810e-01,3.187596380284338227e-01,2.249302607971203349e-01,1.947207663871101391e-01,-4.781447864355869298e-02,-1.221016501040537994e-01,-3.853916281379737296e-01,-2.898717494286329188e-01,-3.211229854206448797e-02,2.090846001777785582e-02,-4.328862631725741324e-03,-6.716622493617281642e-02,7.749909011939495884e-02,-6.016427526898279060e-02,5.102438511849014674e-02,1.030969065142890578e-01,4.531606842648452232e-02,-8.513916860502930561e-02,-3.018392542341439763e-02,1.047732130896479180e-01,-2.335811512750432806e-01,-9.670544101494099598e-02,-3.571636801322533583e-01,-2.780497156933621761e-01,3.477082816392141895e-01,7.841994035053562184e-02,1.734699724893821182e-01,-2.974193030756705491e-01,5.130814579506497858e-02,-5.456917337371067211e-02,7.737597818248524717e-02,-2.116389856833143235e-01,4.274013362700780916e-01,3.365029856981017198e-01,4.436567587712872407e-01,2.765050912374443781e-01,4.536030650301073885e-01,9.300786638527359929e-02,-3.984890067677012704e-01,-1.862836717334845349e-01,-2.473940477512161507e-01,-4.572921615798382633e-01,-2.360605254012182463e-01,1.381205320508418766e-01,-1.859880283606642759e-01,-2.365931801574445992e-01,-1.288859046872267156e-01,-8.881560290266764246e-02,-3.869247543283426682e-01,-3.863581896922982928e-01,-3.248088711841310428e-01,-3.216955608881679196e-01,-2.845975117910499730e-01,8.307809495974613490e-02,-3.982727026249174296e-01,-3.057517479798204652e-01,-3.442362790414188467e-01,-1.248360113512186481e-01,1.361165406700561853e-01,3.465225773800026388e-01,4.221674215060007285e-01,3.900778754994310149e-01,-1.397128090551502111e-01,-1.546226713882099812e-01,-3.404266400521069325e-02,4.359486533544142117e-02,-2.849535822158039133e-01,9.402961897837495975e-02,-4.830410117955279831e-02,4.588897274229750134e-01,-5.468126290922778465e-02,3.305882996966091336e-01,-3.698973118551317496e-01,1.268780524164528356e-01,-2.193185894562409699e-01,6.877974546272372369e-02,6.327804573824892531e-02,7.788651462650300616e-02,-1.536310107839689298e-01,4.438434213313833393e-02,-1.075510002786203567e-01,-1.186078578824255880e-01,5.123266023157409949e-02,2.114349169745761148e-01
3.228984595321028328e-01,6.634966624595278750e-01,1.387393031665973830e-01,5.408292483491052849e-01,-1.161123767040163207e-01,1.964693319761072754e-01,3.649773814464690180e-01,0.000000000000000000e+00,2.359997093481947805e-01,-5.964375784021043458e-02,2.806401801308907040e-01,6.857293556725330141e-01,3.063534012006293716e-01,7.632892191618915190e-01,-2.447735593890441042e-01,-2.804359731869033312e-01,-4.715076189135689044e-01,1.176802246958458809e-01,2.208225459874565699e-01,5.339528663774478767e-01,-3.004824773318600650e-01,-9.463283352965488893e-02,3.819732011319380560e-01,3.186522945918530692e-01,1.828987187516711299e-01,3.438752562385482547e-01,-1.064094949903750392e-01,-2.030425015410602108e-01,-2.499672497124473536e-01,3.060958324238340911e-01,4.451235068772302350e-01,5.634008541775294976e-01,4.755493792211835657e-01,7.776852058240507626e-01,-3.653105013384053690e-01,1.439368071421955886e-01,-2.141060331379349979e-01,-6.106564326432167844e-01,-3.034272286367518667e-01,-4.688719691857041183e-01,-1.945262408559063905e-01,7.505533952589257818e-02,-7.750416751606390396e-03,-5.260993324323470777e-02,9.389642018917534333e-03,-7.417896041655752670e-02,-9.096520106050205376e-03,-1.667717513886415037e-01,3.556568923941959559e-01,7.702691997956100101e-02,4.613761812422494946e-01,-9.135080479089990879e-02,4.706115664274628796e-01,-3.409765999945935100e-01,-2.211107525525686512e-01,-7.623327939029134193e-01,1.791289150809057262e-01,4.185212346554967877e-01,9.266277261272494459e-02,-6.595370479573978151e-02,2.182923090370028352e-01,4.321910968120905583e-01,1.036015699815074631e-01,2.492056378700436281e-01,-1.750401227322953834e-01,-3.923363198100401211e-02,-2.754851141165835515e-01,-1.573638736283367034e-01,4.745353058345495034e-01,-1.876168207591418641e-02,2.051194891840583956e-01,-6.628064854598238187e-02,-2.163273135927238355e-01,1.674120329940628205e-01,1.290545247778758786e-01,1.428829198569753212e-01,-1.047316287071167612e-01,-3.609612304338410960e-01,4.002794679430817237e-01,-3.546957931920323159e-01,1.678669271193006518e-01,-5.944082911762677002e-01,-3.168251592447891563e-01,-4.408938662501737937e-01,6.382747853987218167e-02,-5.177996467523729995e-01,-5.343775362325320355e-01,-6.971915265414729834e-01,-3.667502962489304838e-03,-7.702438229617624144e-01,6.264287271261528289e-01,-2.441645757690246998e-01,7.427174253432108353e-01,1.767143488072730195e-01,-6.942639581600030807e-01,-4.190385883474314621e-01,-2.492068718641052283e-01,-5.229328055193471769e-01,-1.803554546116559187e-01,-4.650128078766900264e-01,-2.141598027164317575e-01,2.939237914097471704e-01,-1.179467794580904838e-01,-4.180099135482535921e-02,1.137334099786194326e-02,-5.089898645826999024e-01,-4.785230398522994505e-02,-4.676613502176816817e-01,-3.497079645496443123e-01,-3.594612257522781240e-01,-3.741495841407979084e-01,-2.302465574419963468e-01,4.141493374349670270e-02,-3.932203983090239163e-02,-2.026311124771300598e-01,-2.731901343304868890e-01
-7.369197975618073382e-02,2.215105280723388484e-02,2.812348005149875041e-01,4.115978158935759135e-01,3.648581360485222969e-01,4.132192679928548551e-01,2.896296031295030882e-01,2.359997093481947805e-01,0.000000000000000000e+00,3.003661737590221370e-01,1.209356735646976988e-01,2.808436276651404273e-01,3.598128717327683246e-01,2.420623219274606053e-01,1.504858403989453586e-01,9.388257321815035583e-02,8.506059716390396500e-03,-2.778322120794590178e-01,-1.168172235745004034e-01,-9.845590449819291434e-02,1.580085815451227338e-01,3.427506957210045280e-01,4.210059154881881094e-01,4.419610691525549528e-01,4.728472579363032779e-01,5.512152720299385855e-01,2.618778754102737416e-01,2.503916479911522108e-01,9.450836907793495889e-02,2.203204620780560841e-01,4.925580871743136524e-01,5.439068092332868254e-01,-7.992352021196404144e-02,5.769936430680742273e-02,-3.084157640556915367e-02,-1.346372045216999713e-01,-2.938245375356415279e-01,-3.659799611543879672e-01,-5.382968611497722378e-02,-6.034588002142093205e-02,-1.577385384971177473e-01,-2.987394816029433908e-01,-3.558177151682780370e-01,-3.589225805265859881e-01,-1.295187715803365891e-01,-1.496148261538487734e-01,-5.823444963860672230e-01,-4.742250813043804580e-01,-1.758261930860802180e-01,-2.064738777772595901e-01,-3.000369210494485683e-01,-1.827848300598074460e-01,-3.731221013058844127e-01,-1.061385918136320133e-01,-3.407794135303709449e-01,-2.386190492838030641e-01,-2.210899352138591956e-01,-9.686200349740155258e-02,-9.027464033375920405e-02,-4.322937083100605177e-02,-4.010196469880547565e-02,5.802406600940494819e-02,-2.423394842522735015e-01,-3.330785299060642912e-01,2.543167574417021237e-01,1.745519726147481410e-01,2.388716968810621760e-02,-6.237337579891841927e-02,-1.390532474748188974e-01,-1.201201768378312162e-01,1.360501565250058498e-01,4.599164604436954407e-01,4.613701157459838137e-02,-8.542513637900038537e-02,-4.619414848598218243e-02,2.936062756719962086e-01,-2.533734868122785033e-01,-8.119131251713763986e-02,-2.472321082178091933e-01,-1.431844294109866633e-01,-4.045716462411581560e-01,-4.512252487631149833e-01,-1.408141308023960481e-01,-1.966532515505544088e-01,-2.006636484615427762e-01,-6.571607206451689220e-02,-4.886881622017708732e-02,-4.615521539640721899e-03,-2.178916079295509789e-01,-1.601938055012295248e-01,-3.368290214028097362e-01,9.459947889879750937e-02,-1.048992941712637537e-02,4.144838806076577287e-01,-1.963032694262309141e-01,-2.376926758302300158e-01,-5.506755634953927059e-01,-3.851594227760260503e-01,-5.842444320691783100e-01,-3.112666100378406187e-01,4.736563077809615580e-02,4.579646145311133121e-01,9.261051018274324420e-02,4.297715801929169466e-01,-5.103882333378976233e-01,-2.057262054972341381e-01,-1.641656209208111061e-01,1.892958290259113274e-01,-3.424844200799486565e-02,-3.708632606268172927e-01,-6.273977804510031397e-01,-3.729065798789696351e-01,-2.131312748440625932e-02,-5.690854606475950206e-01,-5.615760870344109756e-01,-5.616762483085652874e-02
-2.798941456608895484e-01,-2.005855719405898463e-01,2.413997931085898330e-02,-2.772007492812308405e-01,5.571383693975131557e-01,6.622017000499457184e-01,-2.330576675806192433e-01,-5.964375784021043458e-02,3.003661737590221370e-01,0.000000000000000000e+00,-2.492842681470889554e-01,5.786272104240618858e-02,-2.035894344973741832e-01,5.385984068704054509e-03,5.649553308710502098e-01,6.520298813781213454e-01,-2.586573473025092218e-01,-2.045012625196411526e-01,-2.021548033890744334e-01,-3.447001623546400162e-01,3.208003914332781537e-01,5.783415260436104433e-01,-1.157514154155884073e-01,3.094468380547532593e-01,4.340508356430798353e-01,3.618292998342939604e-01,6.748204182371322357e-01,4.331703593052594337e-01,-2.437911468185695318e-01,-6.206073990887634589e-02,1.846960004890832174e-01,3.689813747340610073e-01,-4.626337805785352142e-01,-9.182896638169661674e-02,1.004894648136019433e-02,1.426048717628405210e-02,-1.012557968444814244e-01,-1.693264633377027095e-01,2.545872873980689621e-01,2.320576641836226139e-01,-1.226573936621664779e-01,-2.879396791097321162e-01,-2.979846088993676756e-01,-2.310090256055840896e-01,-2.280151305974986164e-01,-1.822775925957559051e-01,-2.381771606523723495e-01,-3.077586673599597145e-01,-1.647839830405062878e-01,-7.318113292907540979e-02,-1.418212194894073463e-01,-1.590402684128125466e-01,-6.142614623810212227e-02,-1.153237337085827319e-01,-5.738854634668158483e-02,-1.172084474046512087e-01,-2.709960402192915230e-01,-9.307332277558215405e-02,-3.756660785010463854e-01,-2.707903783191600300e-01,-5.275431276965991678e-01,-3.235611515881684497e-01,-4.331352943123124022e-01,-3.860296534368900523e-01,1.947467532638936794e-01,-8.763660521335582543e-02,-2.282766519990295506e-01,-1.704224137070869949e-01,-2.241736193472773087e-01,-6.529936681360613837e-02,5.041570669615843547e-01,4.110463816015021421e-01,-4.763046012327186440e-02,1.249014221925378171e-01,2.144154173267293906e-01,5.687479282334715475e-02,-1.883562258459646754e-01,-1.376267831889921578e-01,-1.102885313123426886e-01,-4.926070758522022724e-02,-7.480243325384722253e-02,-3.222456502875027939e-01,2.106362374474570753e-01,9.370869998242264964e-02,1.525241059771605123e-01,-1.700287363998754797e-01,3.460084415759200893e-01,3.445965337978026399e-01,2.798744850525012109e-02,-1.688148899297266248e-01,-1.872503295540938195e-01,-1.596758363506823319e-01,-2.167379479909062878e-01,7.339903470495579181e-03,-3.534164959625003127e-02,-3.941974059641331629e-02,-2.282306041330649238e-01,-3.131034774594723125e-01,-2.418364160102102201e-01,-1.834568360486364125e-01,-1.344094173131942238e-01,8.648376715065299314e-02,-4.155399924817290702e-02,6.034902463280396312e-02,-2.278697169704854975e-01,-2.926421007314991551e-01,-1.531225561856046011e-02,-3.514600698969529841e-02,2.226599900279702116e-01,-1.494766287083048595e-01,-2.154332060822790884e-01,-2.225745356267312125e-01,-8.094013538058125734e-02,-1.390154431069145213e-01,-2.440768847432883137e-01,1.366400532756883307e-02
3.504898486294255044e-01,4.649569087072892848e-01,7.561440544591219171e-02,9.364341108978350980e-02,-2.211079781557666601e-01,-3.389667566051896702e-02,1.431573157298297594e-01,2.806401801308907040e-01,1.209356735646976988e-01,-2.492842681470889554e-01,0.000000000000000000e+00,4.849113609639665867e-01,5.941611181864885349e-01,4.474634335187891998e-01,-6.237201691193015179e-02,-1.865808532755512394e-01,4.627428774188697969e-02,5.605183281181981558e-02,-6.914341424208819697e-02,2.450739207400522701e-01,-1.960519308556229467e-01,-1.429754217959141628e-02,1.153489815896092119e-01,7.143349263831816343e-02,9.680642926719487673e-02,1.189384162063555073e-01,-8.513987228619442071e-02,-3.365001961435046957e-02,3.153648179007530472e-01,1.465800643216002563e-01,1.423926637277793672e-01,1.412745048474512710e-01,2.597699202696401172e-02,2.003338916351279086e-01,-2.794376412375274010e-01,-1.584990776011995506e-01,2.232837520028603182e-02,-3.932489771750787844e-01,-7.914933136652184398e-02,-1.162760530883312077e-01,-8.710399202571271482e-02,-5.912996090448342096e-02,1.439288723523265701e-01,1.203220121208338628e-01,2.112903741209264108e-01,7.744719251979155505e-02,5.409176730020865548e-02,-3.281349874723281379e-02,3.227259191606596800e-01,1.401402131962855291e-01,2.471844604317113836e-01,1.294277010296122632e-01,1.281040813595054062e-01,5.163750920718085261e-04,-6.333402344768171432e-02,-3.920884146269964510e-01,1.985289495078552957e-01,2.054822754024524800e-01,2.509375596642449691e-01,2.756194868678963142e-02,3.954849972011524883e-01,1.085080610077723967e-01,5.232614395867655199e-01,2.600494876802890709e-01,-3.988977216253646874e-01,-3.696062601804024905e-01,-1.992541169265664991e-01,-2.446322073904699246e-01,2.421901463703901303e-01,5.520139942628993213e-02,5.840219571930108100e-03,-8.330335818514858492e-02,-9.928817422482989763e-02,-9.475232008635411929e-02,2.103141672592139747e-03,1.864474220198887588e-01,-4.950540517717372940e-02,3.151137394908587464e-02,8.210994761532815212e-02,-1.208337301146969467e-01,-5.214402774472906739e-03,-2.559716109565581266e-01,4.350849015193108439e-03,-1.257230455049826168e-01,-1.919620641324830679e-01,-1.247232072693051641e-01,-2.947216210737840791e-01,-4.004712998539534108e-01,-7.711170737408948317e-02,-3.304308651675985087e-01,2.510116457039101023e-01,1.344820367449074960e-01,3.913484650128487563e-01,4.046398344231611488e-01,-3.775076899371806460e-01,-2.787373452775805949e-01,-3.451784234438020627e-01,-2.388271215868539021e-01,1.704312355909423995e-02,-1.125938818402478642e-01,-1.262306446739845933e-01,2.662343824459423858e-01,-1.321448267964948631e-01,1.549288139391311325e-01,-1.786442539472390678e-01,-1.619577531473252174e-01,-1.752656809126789117e-01,-1.338222965333483727e-01,-6.447647908009358775e-02,-3.442352501281815691e-01,-3.255154282370693042e-01,-2.530965944880530505e-01,1.699829434103904136e-01,-9.233483577384946073e-02,-1.751733109417488166e-01,-2.691829520818432298e-01
3.540249227779141972e-01,7.496648090565792844e-01,-3.894806831755630999e-02,1.425995891287387685e-01,1.434887242344496938e-01,3.452757403254931856e-01,-4.028951872914367108e-05,6.857293556725330141e-01,2.808436276651404273e-01,5.786272104240618858e-02,4.849113609639665867e-01,0.000000000000000000e+00,1.816218983616307847e-01,7.089524865881994264e-01,-1.658990025109851468e-02,7.021911847149031605e-02,-3.098706207058498641e-01,1.555028694618291324e-02,9.754133608188224336e-02,4.174858889829040076e-01,-2.123453521923724177e-02,2.114830418152263691e-01,1.249569996844449027e-01,1.047894937410275285e-01,2.376633408938229330e-01,3.714180721502131077e-01,1.777397691256196177e-01,1.140836850892290311e-01,-1.115023203731148847e-02,2.266799231484707688e-01,5.026078732444008157e-01,5.020313395856886851e-01,1.833722780560484988e-01,5.043036054330269913e-01,-5.595075091891750230e-01,-1.375618498520085053e-01,-7.562901112154651884e-02,-4.844282358147757317e-01,-7.071569799715590743e-02,-1.526125689605662972e-01,-2.808515519723388601e-02,8.207262397950423893e-02,-1.811235972111009396e-01,-1.190628204200152029e-01,-3.949889499907566909e-02,-1.262009789894781853e-01,-1.390038567723653473e-01,-1.862605671446408706e-01,1.870155760124067035e-01,-7.016428770028058579e-03,1.597464350530533039e-01,-1.337669514831201778e-01,2.018556207131677882e-01,-3.686886840042125635e-01,-2.037660651297399927e-01,-4.644903690609581970e-01,1.504225009117665934e-01,4.920448250866222839e-01,1.494991365924297488e-01,3.072839373431903720e-01,1.421702857181145474e-01,5.140318928620797312e-01,2.376214526240895963e-01,4.163402657619478253e-01,-5.111608746045014362e-01,-2.880143313829749419e-01,-4.414933550018907971e-01,-2.594904330818934568e-01,2.627955375360890855e-01,7.057501366331279946e-02,2.763859689083847382e-01,1.295122342573998275e-01,5.505437134109745362e-02,2.458070932406739850e-01,2.702082229895406695e-01,2.708187355110744932e-01,-2.109982846238744880e-02,-4.932911717158451614e-02,1.884498293061206697e-01,-3.176686692076998164e-01,8.774093956121305216e-02,-3.973512472280675278e-01,1.827200425580341459e-02,-6.321475995482934984e-02,-1.930125403923162453e-01,-3.383401212079369391e-01,-2.467392106212007441e-01,-3.895190824391038253e-01,-1.118325030741046111e-01,-5.452754635071417333e-01,4.368647237082578516e-01,-1.103194230914639196e-01,5.837207150111014542e-01,2.014164549419686090e-01,-5.803249653404368713e-01,-4.122710849935927735e-01,-4.759827905316209584e-01,-4.409374422100761914e-01,-7.387901334959891264e-02,-3.391461696208223353e-01,-8.616121271804609572e-02,2.163119094079394844e-01,3.302549164925031033e-02,1.388513876551578097e-01,-9.604780538598120532e-02,-4.490522526526016800e-01,-3.671201402672384650e-02,-1.438999959297180831e-01,-2.179652103673238861e-01,-4.271943861494551520e-01,-5.072663123293350562e-01,-3.265629313310305926e-01,3.186178063560316312e-03,-2.610073137999108228e-01,-3.646463172885250348e-01,-2.296042317928584375e-01
2.530065365227087693e-01,2.218278687435701613e-01,4.258717223629149840e-01,5.683842122143782927e-01,-3.378929323905381366e-01,-7.945307290668056008e-03,5.989654748706472187e-01,3.063534012006293716e-01,3.598128717327683246e-01,-2.035894344973741832e-01,5.941611181864885349e-01,1.816218983616307847e-01,0.000000000000000000e+00,3.434185623564788292e-01,-1.407588436760656148e-01,-2.107520589308084502e-01,4.544243256246314339e-02,-1.277311946601244752e-01,1.672101205775704813e-01,2.137669008391342718e-01,-4.123730441048664708e-01,-1.067835841429605886e-01,5.714712579817534666e-01,4.704033043090054544e-01,7.796582377248419127e-02,2.181554063369307572e-01,-1.984496353664525481e-01,-3.411891079441926357e-03,8.895986707083110290e-02,1.335785718111563887e-02,2.520380032466443820e-01,3.659919284375752757e-01,2.554359276767078635e-01,3.118639464000072525e-01,2.683513584885148517e-02,-1.036091089280926358e-01,8.592995881173440265e-02,-3.422352184938465269e-01,-2.980117079337196162e-01,-2.040870808956727345e-01,-9.881184295515500760e-02,-7.988656746397522490e-02,-2.644164570758452196e-02,-4.495738576703198208e-02,1.707973278846783016e-01,1.021984205429681859e-02,-1.485934901295117572e-01,-1.544708819569010627e-01,2.446831227394472841e-01,2.689140648219915872e-02,7.170328206579838770e-02,1.302835806060214652e-01,-1.657023644160249831e-01,5.497094729243318101e-02,-4.128888923471827899e-01,-4.406531697602500408e-01,1.703486112018728071e-01,1.696781036312091373e-01,2.005147956936948750e-01,-1.471269429185032285e-01,2.691870834818164138e-01,-3.221010816201928112e-02,1.418882073766740137e-01,-1.491894213742510356e-01,1.415087891598676151e-01,1.174307786144647703e-01,2.409307175598991158e-01,6.475169219865360530e-03,3.319628227668831033e-01,2.556152095134238064e-02,-1.886031351874530859e-01,6.660716258784983470e-05,-3.070804591692236629e-01,-3.578040504798566945e-01,-1.986239183102405381e-01,6.199307791587512634e-02,-2.977420803154357531e-01,-1.931327760702246377e-01,-2.549638116037991620e-01,-2.693368851282675891e-01,-3.133426797931508911e-01,-4.937110130325236268e-01,-2.257290385225037277e-01,-2.810937714891800776e-01,-3.336221034863944279e-01,-1.136020252971064147e-02,-3.773799178850654190e-01,-3.601145343795740805e-01,-3.240190739155230926e-01,-2.676354902597438135e-01,5.367293750908844197e-02,3.589089540402730094e-01,3.723131036896869528e-01,6.058709165878024550e-01,-2.902477498134037881e-01,-3.124108270280301913e-01,-4.117545875693802704e-01,-3.304066522502947523e-01,-3.496201621796301562e-01,-1.681641100318402859e-01,-7.395608006530547673e-02,5.482791670283332364e-01,-9.522660649420519596e-02,3.115335467363543609e-01,-2.672618447036907430e-01,-3.228049853508584838e-02,-2.366124838389179197e-01,-8.678347378691997349e-03,-5.704629959572433962e-02,-2.572363221239818976e-01,-4.046670813509585796e-01,-2.875163736849875029e-01,3.353256469727614736e-02,-2.231452738282217185e-01,-2.030036148232820803e-01,-1.147312813219702743e-01
