0.000000000000000000e+00,1.562956982215134016e-01,2.631039307339974043e-01,-5.526680206184943212e-02,-3.018800121904566813e-01,-4.379675199199349334e-01,4.452212112046907699e-01,-1.962219308426595699e-01,-1.383755570790344280e-01,-3.676226983304196061e-01,7.725378608653958590e-02,-2.100035954540964145e-01,3.410572520377210676e-02,-2.246240274026410633e-01,5.485637421731291014e-02,-1.094938460954097414e-01,-2.810902623302686046e-02,-1.622158518897406088e-01,5.255690986947177956e-01,3.102815657346456590e-01,1.722508076019169110e-01,3.037186731342591400e-03,1.280358683255038155e-01,-1.225255839616004594e-01,-1.993780861336917620e-01,-3.148042613355137020e-01,-2.847268783996637076e-01,-4.135783329400751634e-02,-3.798640873558446068e-02,-2.483974897041211494e-01,-2.531974498749741675e-01,-1.420554081393576307e-01,2.565628610884825300e-01,6.720521245463426108e-02,1.614500644681351738e-01,-1.186780652910741918e-01,9.222097379218904822e-02,-1.010169151438868596e-01,-9.899715758844590541e-02,1.159940596769933399e-02,-1.441225633997985089e-01,-1.216007960950143407e-01,2.320754780620427060e-01,1.026069573937870155e-01,3.306305329759409717e-02,-9.731640507152061748e-02,1.621687987318756741e-01,-3.150421507792697945e-02,-6.648694189088191764e-02,2.079062517841361729e-02,1.599977754684052400e-01,1.102288969914869549e-01,9.559360651683419807e-02,5.402677514495572014e-02,1.436131576312888458e-01,-1.042326552857587157e-01,2.580409869613047857e-01,4.421783547156975941e-02,1.808802143539978702e-01,-1.886007085013044482e-02,3.133389890093611352e-01,-3.805037349467216973e-02,1.434655688693633677e-02,-3.792026948164652772e-02,8.419987512777865613e-02,-1.959230276172888863e-01,2.399942320327439482e-01,1.235366340338019814e-01,3.080103098188556876e-01,1.521395502162379842e-01,-1.538935259479408402e-01,-2.484136975349395815e-01,3.191724320370005197e-01,-2.097777958156147038e-01,1.429421305386950336e-01,-1.768933203308200586e-01,1.544634419293858529e-01,3.536694644038129026e-02,-2.311492864203386899e-01,-2.086771338788210098e-02,-3.994821677032067697e-02,-3.352510982632304071e-01,8.291922231221320050e-02,-1.686037628032487634e-01,7.701703497518620767e-02,2.821911356108647642e-02,9.464919685846756581e-02,-6.886030030045288408e-02,-6.124827308197670905e-02,3.550583566775259922e-03,-2.594260548329034854e-01,-1.694459571161890249e-02,-3.458491590841695218e-01,-1.628015608877659837e-01,7.092083309657852552e-02,-1.728840831406152634e-01,1.118300611890440110e-01,1.024248944781782494e-01,-1.157788796545428794e-02,-4.736676145558894185e-02,-1.709107731746749570e-01,-5.378623747755361013e-03,-1.441046972106956592e-01,5.661381567971262435e-02,-2.336946591844471233e-01,1.795396716460664205e-02,-1.546551195845808080e-01,-1.894553721095870724e-01,-9.391142606084720498e-03,1.199284409146130354e-01,-5.110984908725391823e-02,2.692210976059465979e-02,-5.147881121846315661e-02,1.836797328853215505e-01,7.076467736553898602e-02,-1.513712713855482894e-01
1.562956982215134016e-01,0.000000000000000000e+00,-2.801811362412295892e-01,-3.322115879394194060e-01,-4.978124994231119538e-01,-5.827478310945003459e-01,-3.401114178713074421e-01,-3.124140319685685396e-01,-2.460616569558163325e-01,-5.299042056929296196e-01,2.884590488448749990e-01,2.013842142794326218e-01,-1.555560491829370007e-01,-2.497925916067336993e-01,5.241665011032250326e-02,5.297670263063289364e-02,2.820943664139628493e-01,5.690621275852649763e-01,3.585849233785499135e-01,6.499016712450640387e-01,-8.405379253055307587e-02,-2.995199706008128127e-01,-3.260252279143349141e-01,-5.347595935024366254e-01,-2.227450835839067389e-01,-4.227907303912112336e-01,-1.868824614535225803e-01,1.681631676739533954e-01,1.959087984561853346e-01,2.439198020399500205e-02,-3.141886158819069963e-01,-3.648047129777638453e-01,4.879091288911900914e-01,5.128883104956809547e-01,1.133111016487171052e-01,9.034090428836273612e-02,4.745413126065840120e-02,1.965053441265242617e-01,-5.081742611432186196e-01,-3.774986492775354585e-01,-8.366914295818703162e-02,-1.289727747079240094e-01,2.383470155975678587e-02,2.049263226199849602e-02,-2.839823453664821473e-01,-2.467453719805854651e-01,2.392471406911840792e-01,9.750059341661401757e-02,-3.178195727114296321e-01,-3.133659737449345783e-01,-1.911275822817471437e-01,-3.585688919592763813e-01,-1.051521271581857125e-01,-2.989588730747569367e-01,-3.030400175189555956e-01,-4.721530973799614173e-01,6.932517491123233455e-01,7.681729961122261141e-01,2.032235290064242916e-01,4.440157990429985380e-01,4.936477267531353963e-01,5.861944109568046901e-01,4.488666975483999733e-01,4.731396921350558005e-01,2.523469420087628978e-01,3.488556002845320525e-01,9.242521567407027683e-02,3.262922006879004910e-01,3.965228894205696242e-01,4.262364896924233926e-01,1.110225758836466958e-01,-4.360609090071617365e-03,1.133103063319134546e-01,6.360896619716669038e-03,1.661413923064719578e-02,8.928828984442876981e-02,3.255858549977816985e-01,2.719315398313637000e-01,3.140319049959177655e-01,1.509445981753091970e-01,-6.564688848046654548e-03,4.012056804299803936e-01,-4.288192335877072381e-01,-2.042721386858345756e-01,-1.522195642140964089e-01,-2.502176986984844809e-01,-4.208823168302407991e-01,-2.995079686275163300e-01,-2.384893059148003314e-01,-3.631845031860895245e-01,1.212314336176544272e-01,1.391973880821754106e-01,-6.715899687862550427e-02,1.187797188953542554e-01,1.727101460503125407e-01,-2.649816244849502733e-01,3.239880960909402932e-03,1.942825186210064004e-01,4.166211030828809725e-01,4.834396354075927715e-01,-8.041741243058848909e-03,1.070426563197080932e-01,4.344453634952456095e-02,1.468680874130048053e-01,-2.369956323524492758e-01,-3.161665506760419908e-01,-4.462507938877661312e-02,7.494612928839039512e-02,-5.128183472528771020e-02,-1.388575190423079753e-01,-1.085515561933931838e-01,-6.288982602308272607e-02,1.128519542079840926e-01,1.965864797326021679e-02,-2.856353489849857707e-01,-5.307191592514794998e-01
2.631039307339974043e-01,-2.801811362412295892e-01,0.000000000000000000e+00,7.426454064185261661e-02,3.253023384041394128e-01,-1.234304791397573819e-01,6.109193195967039802e-01,-3.221500102410094768e-01,3.603063587917005317e-01,-2.858619952967842992e-01,-1.843443748953452199e-01,-6.733811894156926936e-01,1.530252765623802136e-01,-5.660574817873256226e-01,-1.494597722438358034e-01,-4.084683960399139724e-01,-4.635413704816461200e-01,-4.165543756496325467e-01,8.981805552852639707e-02,-1.848970704746555616e-01,-1.627044454114888461e-01,-4.906446274355949488e-02,5.717035976649281759e-01,1.711989813194996490e-01,4.925003912723940891e-01,2.608889887838497512e-01,-2.456490301556699118e-01,-2.088199070819904690e-01,-5.065806264963798045e-01,-6.026730574888267133e-01,1.178902802892026064e-01,-1.556211585014046495e-01,-3.818654054094396816e-02,-3.482559667935157255e-01,7.177288121337134508e-02,-2.241090754626126891e-01,5.311456898400943039e-02,-8.646635107085504091e-02,6.990562842155417789e-02,8.100311897041476139e-02,-6.528564531607818078e-02,-1.465121732307614888e-01,1.641077199556496835e-01,-1.157499784576601770e-01,1.362181061031502403e-02,-2.596615585847980023e-01,-4.644434979929590313e-02,-1.053497217690236437e-01,-1.113459729738380116e-01,2.464254790087001823e-01,3.088964773406845388e-01,4.670772213680107754e-01,5.352787729463813760e-01,6.742509113969705759e-01,1.598161359061034126e-01,2.327579457979858657e-01,-3.191844847069392199e-01,-3.703870813990806088e-01,-2.254102236340331522e-01,-6.305639275369966379e-01,2.876425002837919992e-02,-6.255742044275880431e-01,-4.755634983891540712e-01,-1.554140384960620846e-01,3.557877896735104906e-01,-2.116399343937849509e-01,1.910548438302985264e-01,-2.954334242611685868e-01,-1.059422608366405172e-01,-1.615008022391971887e-01,-1.072613514092968928e-01,-2.000647931550613157e-01,1.818585371575775489e-01,9.314061164066284038e-02,-5.282115159837879464e-02,-4.975867807157831058e-01,-7.878800567966252888e-02,-6.771473060168192726e-02,-8.619465767024986347e-02,-3.141572619003488165e-01,-1.660941290012081795e-01,-2.367615189230372619e-01,1.051246204456113276e-01,-1.423334643076075434e-01,3.314722845813539709e-01,1.687414128224392074e-01,1.351337709209008420e-01,1.065222375707920166e-01,3.294985541426868614e-01,3.079842738502218680e-01,2.673742001991605277e-01,4.239194895142352482e-01,2.329454460138261906e-01,-3.803451062480232153e-03,-1.777853184407305123e-02,-9.974537156840591889e-02,1.376826220101921572e-01,1.701425783204346398e-01,-1.277246923255584421e-01,8.104041044984736097e-02,-2.458222144585261448e-01,-3.850404962546327692e-02,-2.359532973712272219e-01,-6.294301291785144026e-02,2.730392740524614781e-01,2.304939745146274699e-01,-3.007752716240074120e-01,-2.202395291544416711e-01,9.120826995253361602e-02,6.927876819655558183e-02,1.426367546548236165e-01,1.319592967599270139e-01,7.476480502368273995e-02,-4.509668923859195405e-02,3.055905146979984721e-01,6.006333887136695859e-02
-5.526680206184943212e-02,-3.322115879394194060e-01,7.426454064185261661e-02,0.000000000000000000e+00,9.537081734440178149e-02,6.063901587816215022e-01,2.003487002784858084e-01,8.350331075320543972e-01,8.824839401969644670e-02,5.524167875616702306e-01,-1.055547899368848019e-01,2.236754783505114086e-01,-8.407805571149713775e-02,3.502962316141678412e-01,-1.493847416650235793e-01,-2.190619006222888077e-01,-1.708623557950797109e-02,-1.675885230458983577e-01,-1.582630364486661556e-01,-2.503102863100669651e-01,-2.095510057167158657e-01,-1.559004519164500502e-01,4.892024223360905144e-01,7.545740585840321479e-01,-4.643341031386868240e-02,5.402210914470449016e-02,-6.199915455658955993e-02,-1.086155879460351248e-01,2.854149172226189482e-02,3.550410183423561294e-01,2.546966770532215207e-01,2.929851171924613973e-01,7.356027572270805448e-02,1.739773100310231801e-01,3.317430623501527731e-01,3.517778212429745199e-01,-3.293997169781291423e-01,-2.608500196123473280e-01,1.267139706069771998e-01,-9.199420000437558143e-02,-1.538458346225668461e-01,1.009459571809521450e-01,-1.476749345872428731e-02,-9.924807030537409480e-02,7.280832022583021146e-02,7.204695252781286030e-02,-1.433853864468920269e-01,1.203208315843030812e-01,3.681424535592465186e-01,2.353430724592008028e-01,1.746636464785928933e-01,1.665474138440299068e-01,1.569521526399385580e-01,-2.327521758240541291e-02,8.138340171643204668e-02,-2.251501524612398164e-01,-2.634809454889290858e-01,-4.120007612946441911e-01,-2.512761508780168018e-01,-1.251710167938377971e-01,-8.454613091267428049e-02,-1.044172830854643574e-01,4.468321220201221244e-02,-2.791843604793124434e-01,-4.039744249890126482e-01,-1.225127744836728289e-01,-2.091939915072220657e-01,-1.808616987980061000e-02,-2.643679849891735767e-01,-2.514774474974866281e-01,1.115880969719222349e-01,-3.101845073364619676e-01,-1.624800004285989752e-01,4.203462472628087809e-01,-4.010992165025214357e-02,1.097494712874642064e-01,-4.003201872673241984e-02,-9.309441237973876959e-02,2.860590951842296725e-01,-3.486130680324480147e-01,4.753498766248985541e-02,-2.524230836064533245e-01,-8.172315182884644369e-03,-2.835879047893616334e-01,-9.101294748544686009e-02,-4.183723199017345129e-01,3.536898464880768034e-02,-3.050214827967567821e-01,5.734862840706451970e-02,-4.089280982772732220e-01,-8.177764815597157733e-02,-3.870083795546762073e-01,-1.297560509496074321e-01,-2.423527241952228573e-01,-2.293867620941062724e-01,-3.148086825283810120e-01,-7.402045125058066832e-02,-2.255780788838691320e-01,-2.824997269975437209e-01,-4.973501254724658760e-01,-1.139544433224688041e-01,-2.863592573951762033e-01,-6.069987418843443561e-02,-2.314108659479814090e-01,3.075718622766592802e-01,7.852449414104487047e-02,-1.786160266517923256e-01,-1.878253208582931488e-01,5.050170791216401084e-02,-1.150228015836253781e-01,3.615649340932923783e-01,2.008093946971091243e-03,-1.954468918063676508e-01,-1.338450210410309094e-01,3.070388628807438902e-01,6.142961158778018765e-02
-3.018800121904566813e-01,-4.978124994231119538e-01,3.253023384041394128e-01,9.537081734440178149e-02,0.000000000000000000e+00,3.999978805733420684e-01,9.175145759814672120e-02,-5.174338137197939669e-02,5.856254134364559105e-01,2.494127811338991418e-01,-5.134623220292196949e-02,-2.558070082769216547e-01,3.356251872211320486e-01,9.519895213276841073e-02,5.469407944893793505e-02,9.164500565626666762e-02,-4.255459932146831714e-01,-5.805041738007744589e-01,-3.796864072773391552e-01,-5.607044170115155213e-01,9.431609932973517019e-02,1.473497085720854027e-01,2.184714400715105365e-01,3.279506327855871151e-01,7.882473916600691854e-01,7.037999029685472197e-01,5.107947992740590193e-01,2.884397148179869141e-01,-2.627812858678655328e-01,-2.372990694913622578e-01,3.049598575412180157e-01,1.121913791713762126e-01,-5.287363308797448092e-01,-4.479634235000672371e-01,-1.032971040694397047e-01,-1.117841874519649170e-01,-2.687421799478919571e-01,-1.562389852741579432e-01,5.901219215409371222e-01,5.136231946533295067e-01,1.249149552685278608e-01,5.729257885314247706e-02,-7.162058719193462042e-02,-1.205412201908887260e-01,5.299663147680652026e-02,1.074435949990859562e-01,-7.993939491978097056e-02,2.301605184784707991e-02,2.490047096024960160e-01,4.348781500752491036e-01,3.765188098019300877e-01,3.600445696271479257e-01,4.741787816564534408e-01,4.031901290133794169e-01,4.450508726312223384e-01,4.143437783150453191e-01,-6.084001461287523727e-01,-5.378417559568292594e-01,-1.759506680738592288e-01,-2.650053761919644590e-01,-2.999535648230610696e-01,-4.957076894095377995e-01,-4.448689523960721592e-01,-4.010715805562966585e-01,3.060670706949854920e-04,-2.006563853231822514e-01,-1.840652758453838744e-01,-5.085227206917198872e-01,-4.213941038737625266e-01,-4.045437991066815897e-01,6.402797488255090874e-02,9.861522493768587472e-02,2.708648822754042979e-03,1.154355338764779665e-01,2.590815967662873920e-01,7.070753819051538158e-02,-1.632121042140303180e-01,-2.194893962089629336e-01,-2.836783179990113313e-01,-2.432698654661875626e-01,-1.564291683689000151e-02,-2.802731703852143208e-01,2.879007464476298073e-01,3.917284036727582408e-01,4.895276267003304538e-01,2.955671616394361934e-01,4.466607909393167097e-01,4.380994681512209721e-01,6.547330505035231507e-01,3.852799566744415372e-01,3.801211645435638165e-01,1.057310016490249777e-01,5.127177620354255172e-01,-1.031434245676468020e-01,-1.093452637670983690e-01,2.144273093096926708e-01,-2.191904628125153076e-01,-4.037851883803184605e-01,-4.121262326278120058e-01,-3.976231490530911517e-01,-1.259180460822064695e-01,-5.376745702125897836e-02,-3.882069422900558675e-01,-9.613258997655062255e-02,4.357621106933408095e-01,2.535987453064303399e-01,-3.099662356470413993e-01,-2.399381375705538777e-01,2.227218120186896244e-01,-1.060422387045824658e-02,-1.457838552926252716e-02,-9.199013694369256866e-02,-1.721233570000152702e-01,-3.309540732797956464e-01,1.009564835435113050e-01,3.641680071383230355e-01
-4.379675199199349334e-01,-5.827478310945003459e-01,-1.234304791397573819e-01,6.063901587816215022e-01,3.999978805733420684e-01,0.000000000000000000e+00,-9.571607320494633642e-02,6.461754284353636857e-01,1.386741960847535649e-01,8.941404880079466544e-01,-1.941661176064355676e-01,1.609963380593530669e-01,-3.101247085498884393e-02,4.579488740243308209e-01,-1.715311333947323880e-01,-1.344442500311806010e-01,-1.281447277114514949e-01,-2.949102848178051794e-01,-5.433431161167815437e-01,-5.391550330697254534e-01,-9.705874261417588023e-02,6.389935508759397864e-02,1.972862092132447731e-01,6.699910954202783486e-01,2.330872453068778549e-01,4.764691547369583335e-01,2.432007131243279219e-01,1.231670959533834875e-01,-1.049001845269860178e-01,1.765519960692541468e-01,2.646642478836800372e-01,1.797593288699412539e-01,-3.933973228460481697e-01,-1.773360007553506368e-01,6.695089364996546430e-03,3.380616744077776237e-01,-2.588332234470664961e-01,-2.036280167810614050e-01,3.830043138646251899e-01,3.084978517393796582e-01,-8.129806398924036004e-02,1.062162651970255112e-01,-6.215117511500618114e-02,-2.909540276742316953e-02,1.029376947054329305e-01,2.281819964191625638e-01,-1.400862606883618577e-01,1.256816630453941319e-01,4.127231553805661424e-01,3.247541087486749412e-01,1.344338147593172605e-01,1.945560326791984374e-01,1.138656971890573411e-01,1.019698256555911092e-01,2.534918920622086791e-01,2.502418923160870112e-01,-4.820544157148782816e-01,-4.570593102792955831e-01,-1.598728499923512958e-01,-1.059825724050240114e-01,-4.027449132640265606e-01,-2.107518218700195345e-01,-1.582202452807897619e-01,-2.605901128041152592e-01,-4.453214422647224779e-01,-2.261038029744597277e-01,-3.390539276638160904e-01,-3.192596658413397459e-01,-3.658504776902570810e-01,-2.579568024839198337e-01,3.894293855496142043e-02,-1.452034461771176677e-01,-3.516989626390171209e-01,2.980359518002675401e-01,-9.469924303219320535e-03,2.771679298689539439e-01,-2.337096083479351105e-01,-2.723709597886456169e-01,6.439103622281756867e-02,-2.563051988810387538e-01,-8.263924888331916629e-02,-2.409824726075134871e-01,1.049295246501846662e-01,4.649845182022995654e-02,-3.872704445955360564e-02,-4.657151963576896397e-02,2.548905066689662324e-01,1.370454944815931997e-01,2.878362777070944123e-01,6.039237452828823127e-02,5.267842360079250108e-02,-3.301434307614317110e-01,1.029906168031377578e-01,1.143994266161683648e-01,-1.443912612851375454e-01,1.761214804360203973e-03,-1.138356802332719103e-01,-3.438533442710808852e-01,-2.542830419755066629e-01,-4.836993660502275083e-01,-6.761188181618167647e-02,-1.219212941235705977e-01,-8.514333091309023160e-02,3.556224001534201776e-03,4.474072210916459347e-01,1.969831806076514369e-01,-1.210828815765633976e-01,-4.338998429264181306e-02,1.134745370239190199e-01,-1.374926810631527108e-01,3.852647878010838634e-01,-1.973846356500080996e-04,-3.275520250580687270e-02,-9.544607579141381470e-02,2.549156219360962372e-01,3.061749569703895446e-01
4.452212112046907699e-01,-3.401114178713074421e-01,6.109193195967039802e-01,2.003487002784858084e-01,9.175145759814672120e-02,-9.571607320494633642e-02,0.000000000000000000e+00,-1.436768209726794164e-02,1.255282518411071080e-01,-1.132980745945851436e-01,1.282543014872651321e-01,-4.297789556740561623e-01,1.906666834133092514e-01,-3.211312205065083858e-01,-3.697905745079215767e-01,-4.903651899663898917e-01,-2.698222296755832250e-01,-3.821117311474558353e-01,1.286434389246576271e-01,-2.316737732702278119e-01,9.248177889310985056e-02,6.757813968467289711e-02,5.614466022753464847e-01,3.350876130155555077e-01,5.354674768898710219e-02,-5.465329091660906663e-02,-3.574768867336580724e-01,-3.426671404257555231e-01,-1.704791666670119055e-01,-3.782359307776973489e-01,9.785837977839612067e-02,2.405039737005179590e-01,-5.874257385951691529e-02,-2.679042179340443974e-01,4.820738187157450061e-02,-1.912819967168772617e-01,1.186058751083336193e-01,-1.197103100310054208e-01,1.291806293940301817e-02,-1.000723068173703378e-01,6.938308162329433204e-02,-4.055517766434400123e-02,3.241936566791113195e-01,2.280259814285592879e-01,2.749686044033873844e-01,1.469688440243034633e-01,2.392277139350210968e-01,2.079485383406813603e-01,2.332548382024294820e-01,4.061211554341684904e-01,4.451490084440826167e-01,4.774878690743158960e-01,2.816339507545722043e-01,3.391996639834774507e-01,2.646050448221856088e-01,3.068373221355642777e-02,-3.598890324352900794e-01,-4.837736279691587371e-01,-2.299356475109424203e-01,-5.454517744125287892e-01,3.325919037948124601e-02,-3.996199828047929947e-01,-3.174932297379175483e-01,-4.109472797312679337e-01,1.484192493263646606e-01,-3.070590845932456014e-01,4.907996208807940963e-03,-2.855722876016923428e-01,-3.112053383541006912e-01,-3.808949668966002400e-01,-1.095075044601906411e-02,-1.038098866515596158e-01,4.514167194611513056e-01,-5.883498694884273933e-02,3.368845034094170715e-02,-3.393848499894252524e-01,1.119159393187175479e-02,-3.521681982153471169e-02,-2.025876766697330411e-01,-1.032838932929335263e-01,-1.253768278936527869e-01,-3.596865799101515715e-01,4.379697712998387171e-02,-2.219508482196396737e-01,2.027830005751071474e-01,-8.315361042459762375e-02,8.626411496242948618e-02,-5.303714974929709530e-02,1.066263242806728129e-01,7.075480816675659701e-02,5.434525833069844131e-02,1.484044895744184023e-01,-3.978762005196459506e-02,-7.664585733984222160e-02,-9.696001750562673049e-02,-8.113211921189716902e-02,1.095966616681080669e-01,-3.757323461037604534e-02,2.695624547223168799e-02,-4.492833909932879982e-02,-9.233476311832687633e-02,-3.622195545585918386e-03,-1.942760524206875172e-01,-7.127548384935493420e-02,1.356664195025827080e-01,1.387295941450600589e-01,-1.574024221350693031e-01,-2.870821695462216772e-01,-2.705470004917294446e-02,1.677168100082871427e-01,1.393493592886837495e-01,2.675042868179815514e-01,7.173462958207983686e-02,1.015804130622699891e-01,2.190107136493194551e-01,6.741794168469342208e-02
-1.962219308426595699e-01,-3.124140319685685396e-01,-3.221500102410094768e-01,8.350331075320543972e-01,-5.174338137197939669e-02,6.461754284353636857e-01,-1.436768209726794164e-02,0.000000000000000000e+00,-7.829909592632089410e-02,7.315062118052337858e-01,-3.678551993956755833e-02,4.929175351998981713e-01,-2.826504728505690456e-01,4.969341353064396505e-01,-1.663292624408438947e-01,-5.081290358345002395e-02,1.484594144922670167e-01,-6.040812240037926606e-02,-1.552147139748268900e-01,-2.394597931282258230e-01,-1.274085718879239826e-01,-1.033879144395312422e-01,1.210186924792736596e-01,5.991113171204406340e-01,-3.278366302675140287e-01,-1.093883091513532385e-01,3.948687929004964653e-02,-1.378402125312128967e-01,2.636072754303167009e-01,5.815900587756629436e-01,1.140210752559137758e-01,3.293972189025449748e-01,8.876830014404127681e-03,1.751844492830121613e-01,1.102736960561463142e-01,2.838659392585642927e-01,-3.273746051525294742e-01,-2.038486478613784625e-01,1.657149938137328637e-01,-1.376753773024322614e-01,-4.770728540511224441e-02,1.384133983163320925e-01,-1.146645349428526695e-01,-1.075756643035810471e-02,-2.617792000697555591e-02,1.421272173720490861e-01,-1.235601387109547533e-01,1.384240640276750700e-01,3.402346517733375042e-01,5.674371980697895390e-02,2.449108293904616110e-02,-7.829565877029236176e-02,-6.481912362976159636e-02,-3.228088287245604593e-01,4.771876629005634279e-02,-2.484455296848614991e-01,-2.419239434554629198e-01,-3.865391313246454019e-01,-8.697293776153944278e-02,1.379362756746581875e-01,-1.085809374856269161e-01,1.673996113830963917e-01,1.807615360883111921e-01,-2.632526374583296636e-01,-5.312415511073560470e-01,-6.399000996868813018e-02,-3.874126626797196327e-01,2.298514185040384517e-02,-3.271005413843819376e-01,-3.475024208272874393e-01,1.156154767594816807e-01,-1.820906485370371863e-01,-2.440976413516300902e-01,4.290074800865473215e-01,-9.254077478109312693e-02,1.767966964269930830e-01,-6.845832290634647210e-02,-1.338562740410746132e-01,3.230090218582866157e-01,-1.990297140719972935e-01,2.796463895400985375e-02,-2.092636807131801890e-01,-2.960292603869866743e-02,-1.495726480885385401e-01,-2.582967758723999085e-01,-4.087944630354921061e-01,-1.031462201527216967e-02,-2.252061631411079734e-01,-5.495575479708054989e-02,-3.803060892689892891e-01,-2.072552677647731267e-01,-5.862402066684414548e-01,-2.245847227365571630e-01,-1.426044194743215643e-01,-1.172165922744141525e-01,-2.074267595921606422e-01,-1.800374072047122159e-02,-2.340017919158638715e-01,-1.962110669176255207e-01,-4.672348255610403456e-01,1.623261162080759379e-01,-3.799244327501963836e-01,1.547544620358273226e-01,-2.212753386487599783e-01,6.535419712884535381e-02,-2.013475545831438784e-01,1.381036160835088789e-01,5.127707769561918455e-02,2.822444511106226780e-02,2.944842528217784736e-02,2.930548684438794016e-01,-6.527604071277232078e-02,-2.177845116393776204e-01,2.875346829012535854e-02,1.371350193577708376e-01,-1.845460508955703086e-02
-1.383755570790344280e-01,-2.460616569558163325e-01,3.603063587917005317e-01,8.824839401969644670e-02,5.856254134364559105e-01,1.386741960847535649e-01,1.255282518411071080e-01,-7.829909592632089410e-02,0.000000000000000000e+00,7.654087442632005744e-02,-8.611278440299817427e-02,-1.870498813954737660e-01,-6.821084586541829864e-02,-1.928445424941769570e-01,2.630056034720911207e-01,-3.391944056199818758e-01,-2.784563859541204778e-01,-3.256323316683408242e-01,-3.660127237831796165e-01,-2.330140422089631846e-01,-1.915795924499035796e-01,-1.762190181409364897e-01,2.032550069485396793e-01,1.858396443951914889e-01,5.131645877648307597e-01,3.603370503083850873e-01,1.712116198643983192e-02,1.172685609957609537e-01,-2.001532590849515181e-01,-2.573368093831007730e-01,1.363762302005404603e-01,2.423129742825430588e-02,-2.065288154809351295e-01,-1.727740861723950638e-01,-9.813984969458587615e-02,-2.871312214041499278e-01,-2.350628924622940041e-01,-2.544196091079713451e-01,2.897512308242275458e-01,2.604929165181412154e-01,-5.787097330171782350e-02,-2.689624917174440744e-01,2.596998783802774158e-01,6.391899144697825441e-02,2.149645652661942574e-01,2.118741288843996040e-01,-2.304179223604248955e-02,1.225581886704926460e-01,3.877583882808677829e-01,5.528145900242609212e-01,4.877582413869760991e-01,5.078948133641442153e-01,4.498840118168812019e-01,5.182956856360282361e-01,1.657933925856738544e-01,2.112533221197791522e-01,-2.149023848279113524e-01,-2.775980880534894557e-01,1.770649243562557318e-01,-1.992178635747636761e-01,-1.926674945198059430e-01,-3.536790277515064473e-01,-1.977768034333249048e-01,-1.189807085474484626e-02,-1.193502024341438622e-01,-1.634319766416425235e-01,1.377463690606648694e-01,-2.273278299416665593e-01,-2.266218302698695675e-01,-3.818907814089668173e-01,-1.736142735651916291e-01,-1.604456033719482422e-01,-1.124247582217723362e-01,2.010204452947390863e-01,-8.149316186167258891e-02,-1.283940771351593513e-01,-3.637430609799248704e-01,-3.206650006653865015e-01,-5.204398616947571166e-02,-3.265865266981247683e-01,-3.058753955561362425e-01,-8.344804345648403066e-02,3.851017836070798617e-01,5.393584712574026746e-02,1.064228929101244253e-01,3.864422984962136431e-01,3.963122539604671535e-01,3.776953375760815357e-01,1.971615885666493373e-01,2.611248165728161652e-01,3.042779849337793885e-01,2.617040269596088709e-01,4.552834985282110947e-01,-1.153188486489710035e-01,1.727019589940289868e-01,1.110951420553101809e-01,1.565835184165247432e-02,1.229823102282988634e-01,-2.495167337403086938e-01,-2.959687207494815508e-01,-3.049945844085613089e-01,9.128438732621527163e-02,-5.183353817356207704e-01,5.514445856307568367e-02,4.127236802428559947e-01,3.628180180938579413e-01,-5.269697656613897552e-01,-2.734002325371597264e-01,4.290925909443531472e-01,1.569964095255954872e-01,1.410745144405590734e-01,2.578862914274934193e-01,-1.150465242817809569e-01,-5.575737400858007398e-01,3.330722552162961869e-01,1.201520637630691113e-01
-3.676226983304196061e-01,-5.299042056929296196e-01,-2.858619952967842992e-01,5.524167875616702306e-01,2.494127811338991418e-01,8.941404880079466544e-01,-1.132980745945851436e-01,7.315062118052337858e-01,7.654087442632005744e-02,0.000000000000000000e+00,-1.114118928195527297e-01,3.084373818682210611e-01,-6.074753806422644037e-02,6.109905353437872222e-01,-1.533373283160167078e-01,-4.510390454458328147e-02,-5.252676172616733974e-02,-1.779778441774816922e-01,-3.894113981301247640e-01,-4.321103568455638144e-01,-8.559890610595642657e-02,4.964663162678122944e-03,5.853349097785458949e-02,6.040307809605003353e-01,-6.151822164841405649e-02,1.722185376969734283e-01,2.195520133787635941e-01,9.150008745249324504e-02,3.820722114939771596e-02,3.065035506114086039e-01,4.068844681059013979e-02,2.046264476924809228e-01,-3.797271234132970075e-01,-1.590791910320983327e-01,-9.067948417930844773e-02,1.507515042631659419e-01,-4.216899452311494434e-01,-3.491271154852949588e-01,3.445384396752628198e-01,2.185413345724061263e-01,-1.561585439175488532e-01,1.604744222527315547e-03,-5.719189744842443496e-02,8.552674421833744711e-02,1.265065943874016940e-01,3.100117113235895672e-01,-1.475063992042312533e-01,1.498202546535446211e-01,3.940303481385055151e-01,2.194733144833623251e-01,-8.053960683754362790e-04,3.262915372749746606e-02,1.887524387047554916e-02,-8.077393029933452318e-02,1.170397927731830351e-01,9.867557304907757787e-02,-4.258193847091335527e-01,-4.097020006168279882e-01,-1.188113706206914838e-01,-4.658039813419590468e-03,-3.734314018454562012e-01,-4.572678807274098423e-02,-5.142923283622907044e-02,-1.855238401870107079e-01,-4.909142168698769071e-01,-9.130923079775174478e-02,-3.027351697944277165e-01,-2.207927763869133031e-01,-3.238626043366740759e-01,-3.421692218309801969e-01,-3.970280009445827790e-02,-1.097377910501953074e-01,-3.530995940804804722e-01,2.759962406753668218e-01,-6.789481057588302171e-02,2.651688040459399542e-01,-2.917908410410021691e-01,-3.019173964353339956e-01,4.473208273444575361e-02,-1.200429592232272885e-01,7.910294694167870760e-03,-2.025066179707706304e-01,1.156545174350303157e-01,9.748562705524639604e-02,-4.443611015643967460e-02,-1.687786959982448889e-02,1.863983900639350211e-01,8.860100763607296759e-02,2.051268694223050970e-01,-1.520164515263144715e-02,-7.263621730528956044e-02,-4.754065992339357449e-01,-3.631769934076516798e-02,5.229554574470456768e-02,6.773100978223253917e-03,1.468968379013139702e-01,8.261476547945134641e-02,-2.515649987052122616e-01,-2.765670324456707685e-01,-5.563463252409338589e-01,-2.584330664305679176e-03,-2.717335538989844590e-01,-8.545785237855717253e-02,-2.994961470714764887e-02,2.212186209334371656e-01,-4.487210790671383037e-02,-1.076704338936765593e-01,4.414624803492180061e-02,2.045107290891056695e-01,1.199615977397717470e-01,3.329586674279949032e-01,5.984759110671974969e-02,-1.704632613963441568e-01,5.850087947253281365e-03,2.127769794429503203e-01,1.493391048630034190e-01
7.725378608653958590e-02,2.884590488448749990e-01,-1.843443748953452199e-01,-1.055547899368848019e-01,-5.134623220292196949e-02,-1.941661176064355676e-01,1.282543014872651321e-01,-3.678551993956755833e-02,-8.611278440299817427e-02,-1.114118928195527297e-01,0.000000000000000000e+00,3.527424862839399489e-01,3.852628670310905834e-01,5.206924017081080575e-02,-3.504724635668798327e-01,-3.092313543928805822e-03,1.515211229945572294e-02,1.823139812107342217e-01,4.481099813986926250e-01,2.949601453373363880e-01,-2.776071341428869993e-02,-3.177571453646454991e-01,3.438259752665567132e-02,3.984718799365902404e-03,-8.577995487352169102e-02,-1.947173558862987930e-01,-6.385218324714478366e-02,-1.651649045782691283e-01,4.413363963597460859e-01,7.052261759501592120e-02,9.267250667376554507e-02,1.759850412719220769e-01,1.345162770982187839e-01,7.534525902608574244e-02,-9.598985303312874973e-02,-1.183407036007359525e-01,-4.548729383308602187e-02,4.367749127981623847e-02,-2.749166089004336788e-01,-2.675241024093427677e-01,2.497517995067628227e-01,-1.084157227088463765e-01,6.414504566627696192e-02,1.316996880554216487e-01,-2.430298011711221617e-01,-1.492410385227069432e-02,3.459486292201939261e-01,3.452301953905886345e-01,-2.247759792439635654e-02,6.537642656936662466e-02,-2.073876472486166356e-02,-1.610480021827985220e-01,-2.651993650960795396e-02,-1.667328136487526424e-01,-1.368792560654156186e-02,-3.308330305475132294e-01,-2.827039553051167650e-02,1.906431818660254685e-01,-6.930127434951727228e-02,2.350720190644372543e-01,3.881576019743569472e-01,4.123823560371165931e-01,1.160296954069596487e-01,-1.150440147456044220e-02,2.266472255053973706e-01,1.200173461758300558e-01,-3.085816471891215662e-01,-1.790728478620857989e-01,-3.396514262994544398e-01,-8.312607911676685168e-02,4.313283867768474833e-01,3.758423074166873934e-01,4.443537255693478238e-01,2.239415411977712100e-01,1.027982332475116112e-01,6.856842025236640180e-03,3.715941801635851416e-01,2.900106325380074068e-01,1.615466582878424262e-01,5.595132525315064109e-01,-1.609664171260852955e-02,9.953996307639574603e-02,-5.569290409097635841e-01,-1.785372443160279099e-01,1.900800064209502149e-01,-2.472492527879623370e-01,-3.186782167348259920e-01,-2.844335519230901110e-01,4.615805281771293012e-02,-2.431347869224366742e-01,1.074975489858262939e-01,1.806186378155485162e-01,1.267431758770845573e-01,1.714278211736453283e-01,-1.682094897670849687e-01,-3.606038720106683471e-01,-1.509829387707129766e-01,-3.099564891680666734e-01,5.098296806362902917e-02,1.326196635410750724e-01,7.287674795882002898e-02,-8.882163192688878953e-03,-2.453357058769271219e-04,1.782061655338991746e-01,-2.384588439923146508e-02,-1.959890912018738274e-01,-5.193733377817863484e-02,2.512094393797938488e-02,-1.572691524707040822e-01,-1.116822491957593366e-01,-9.601462656696323206e-02,-2.240239621231457090e-01,-7.743496168559020620e-02,9.776208704173464104e-02,-1.776474808197213984e-01,-3.788379574754988655e-01
-2.100035954540964145e-01,2.013842142794326218e-01,-6.733811894156926936e-01,2.236754783505114086e-01,-2.558070082769216547e-01,1.609963380593530669e-01,-4.297789556740561623e-01,4.929175351998981713e-01,-1.870498813954737660e-01,3.084373818682210611e-01,3.527424862839399489e-01,0.000000000000000000e+00,-2.164039495804266980e-02,5.298519759983292277e-01,-7.283375549396706172e-02,2.544817518581632410e-01,4.096047857272593351e-01,4.693414174335261424e-01,8.322305236621899138e-02,2.187719114944753074e-01,-1.758451846506066396e-01,-3.443172787150509673e-01,-1.839673410871459358e-01,1.501038192018317452e-01,-4.275236651831091361e-01,-2.755879182759169987e-01,-3.410952314865999674e-03,-2.883735356143131423e-02,6.933192794646231283e-01,7.431390519541597461e-01,1.089624302178629350e-01,2.917818586795186686e-01,3.191471718753280951e-01,5.192578415496200694e-01,1.712276853260364523e-02,1.013166062997271216e-01,-1.992992990918559526e-01,3.070686464694751677e-02,-2.490473176166205227e-01,-3.001965369468471145e-01,5.390473334383569931e-02,6.809387711122842635e-02,-8.916334024493297039e-02,3.126895668372453824e-04,-2.192636204180626325e-01,1.436638303378580915e-02,1.301498048407125855e-03,2.217800566539129270e-01,6.165739379735039882e-02,-1.735859134849237484e-01,-2.880933941085528360e-01,-4.051874402877355119e-01,-3.600376667862297264e-01,-5.077473934804221933e-01,-3.663124362551605229e-01,-5.467701809229481569e-01,1.843403559655963364e-01,2.314657625326250745e-01,3.977602623927992131e-02,4.682580716771715390e-01,1.366637332639377700e-01,6.691455814968844118e-01,5.629801920536787740e-01,3.223059245949395635e-01,-3.104422477719407381e-01,2.634445643688725358e-01,-3.303573961777321877e-01,1.514204093122329675e-01,-8.699729856768421629e-03,3.656249194326948587e-02,2.624799614865989117e-01,2.795547025133228169e-01,-6.362655478659076658e-02,1.738848166646619897e-01,-2.082471491878261916e-01,2.506803864644587820e-01,1.334990659706551397e-01,1.592042316466046326e-01,4.398368054142595684e-01,3.261743804609227304e-01,3.035431263844158845e-01,3.773967738762816770e-01,-3.462570661130191518e-01,-7.148511751832277439e-02,-3.333054180210646145e-01,-2.495359406963146287e-01,-3.995935410946487298e-01,-3.718825465867552915e-01,-3.465331316093400726e-01,-5.092480108626038504e-01,-1.992836386285455896e-01,-3.213733285824334485e-01,-1.521450164569516927e-01,-2.304922165290996736e-02,-1.474117013481315505e-02,-1.562327380118955500e-01,1.284757188296651578e-03,2.876170228294080197e-03,5.792308281142599657e-02,-1.115696088540037989e-01,1.103531503592170837e-01,-8.693765047599157081e-02,1.936299761101629990e-01,-8.066165995834051472e-02,-3.946379239207260109e-02,-2.217789287852698354e-01,1.786601872816131753e-01,2.090063368393267618e-01,1.771240236923831216e-02,2.835216115558822358e-02,7.329100773647455325e-02,-1.303639393364726395e-01,-1.667175265948065421e-01,4.253005164335307148e-02,-9.781841380163197597e-02,-2.294513948277513149e-01
3.410572520377210676e-02,-1.555560491829370007e-01,1.530252765623802136e-01,-8.407805571149713775e-02,3.356251872211320486e-01,-3.101247085498884393e-02,1.906666834133092514e-01,-2.826504728505690456e-01,-6.821084586541829864e-02,-6.074753806422644037e-02,3.852628670310905834e-01,-2.164039495804266980e-02,0.000000000000000000e+00,2.903129578729844451e-01,-4.518019909542561607e-02,2.634807419606088330e-01,-3.288236894277477007e-01,-8.930016723704632675e-02,9.257475740243850670e-02,-6.010274822652935528e-02,2.556920949495187778e-01,6.924985230986026308e-02,3.852754173693042627e-01,2.309727830371450519e-01,2.320136624203801567e-01,2.063385744281317491e-01,1.987886380918028051e-01,1.233430630980275194e-01,3.057983120334277841e-02,-1.352494512020108453e-01,2.184869711362933675e-01,2.349715151790697232e-01,-8.068143006967008757e-02,-1.550571013866341996e-01,1.465762898274380888e-01,3.726306662274454784e-02,3.883545018110325792e-02,-1.108331124494999452e-02,1.262063134911765028e-01,1.602480419573152348e-01,2.736449596865599410e-01,1.193992951222826449e-01,-7.167520882655410708e-02,-1.423250509287812549e-01,2.797738904173341715e-02,-7.777044011219082231e-02,2.774517377279817412e-02,-9.941245472875294420e-02,-8.438325138518514013e-02,4.449336545990138087e-02,-8.486081623522254147e-02,-2.664876993951693224e-02,2.512944002283037936e-02,1.926551833578667161e-02,1.014233149142617502e-01,-7.919401442334352004e-02,-3.439020397892232350e-01,5.332632252401962869e-02,-4.505719333314076591e-01,-1.213136818919607757e-01,4.190303404883308214e-02,-2.055701322467488878e-01,-3.104255257930097489e-01,-8.370835244859735347e-02,2.792206400877299544e-01,-1.143463829767153370e-02,4.457621791151052115e-02,-2.416171437367460595e-01,-5.655081097975155069e-03,2.265633220311494833e-01,2.639229849984501830e-01,4.370652960445436941e-01,5.311859777012586381e-01,-1.758333540343038348e-01,2.228915290053233023e-01,3.752490937821593986e-02,2.850187469998693990e-01,3.921134003499429643e-01,-2.291850865434810203e-01,4.181700711830672601e-01,3.891202790508631049e-01,8.643390809298541477e-02,-1.350120209396712956e-01,5.631531168189959913e-02,6.186634481940390673e-01,-8.948365579343541681e-03,4.567459367908564827e-02,-1.946006977129360049e-01,2.846870114467371371e-01,-1.168476556316537240e-01,1.722597267014167391e-02,1.345561787012247434e-01,7.052113007335793909e-03,-1.604448808889613609e-01,-3.723434679968574135e-01,-5.995349065286200568e-02,-1.691533255999249086e-01,-3.548728142841148792e-01,-2.539001991626335664e-01,-1.020926695238161541e-01,-1.347204291082403638e-01,1.127625489138445597e-01,-1.509140881579021376e-01,-1.560082298462218409e-01,1.495755803483378166e-01,2.011072565961414538e-01,-1.629147568235301824e-01,-2.523384121774146505e-01,-1.907454897311703923e-01,-1.788902869524909289e-01,-1.663992468566311278e-01,-1.768476988126608807e-01,-7.834763465716383657e-02,5.275946250912279256e-02,9.331173185199460873e-02,2.214302989658535614e-01
