0.000000000000000000e+00,6.167867342877880743e-01,4.763224148094740706e-01,3.669500914091234911e-01,-1.360074083800151719e-02,-3.516750700080412129e-01,4.237907878716607457e-01,2.578245759542898696e-01,8.876206996897240088e-04,-3.749230020509474737e-01,4.729617752135193975e-01,-1.135528393160232033e-03,1.504673122193712353e-01,1.903455053126589802e-01,-2.283233828279415401e-01,-2.421389782226019971e-01,-2.471580769117646126e-01,-1.353933960578968809e-01,5.443029841327644558e-01,3.383948174677031129e-01,2.916873821685652679e-01,2.113572920480384920e-01,2.938611253214665764e-01,1.747448665654945388e-01,-1.586625389568827871e-01,-2.644158703784343367e-01,-1.234951345321231297e-01,-6.531006281705172001e-02,-2.939204350086972450e-01,-3.031201753850241154e-01,-1.925801193575613357e-01,-2.392198784316133808e-01,4.247860212695500071e-01,3.239466438248906344e-01,-1.250347628418346235e-01,-2.094290794628426711e-01,2.598262242544937539e-01,-2.598850702247000339e-03,3.417711401340620819e-02,-3.950525795374107418e-02,3.067598210868480724e-01,2.300837636726331958e-01,-6.237673982716952954e-03,7.290235598018983409e-02,-1.742385276746396816e-01,-1.046804120199268662e-01,-7.898834710929877878e-02,4.330256717374660752e-02,-1.390277880249112807e-01,-3.503139992563023691e-02,1.272738807109412285e-01,7.856712403726491545e-02,2.778096250968363767e-01,1.315227019249953500e-01,-8.653747027932652547e-02,-1.819443759788648418e-01,4.875374560140274260e-01,5.471220847913510488e-01,4.111924448815083566e-01,3.748130559044674515e-01,4.934808196719632778e-01,4.902329978343304695e-02,-5.858096105190306602e-02,-1.734732212373345586e-02,1.825218905196545616e-01,-9.764373317021660115e-02,-2.650870455762823277e-02,3.095980890149406875e-02,4.308431662353013891e-01,9.102891961418814459e-02,8.207719034456011087e-02,4.810692636695871466e-02,1.926009205427818283e-01,-1.125103907049263413e-01,-1.926989348583878214e-01,-3.638008938756185934e-03,7.813253892050753269e-02,8.077884972715419776e-02,-2.425025639572005176e-01,-1.865620836583194997e-01,-3.477706742427497666e-01,-1.250378875856334171e-01,-1.541973899480832411e-01,1.051578215320949222e-01,1.719008267737439921e-01,7.932327612471989919e-02,1.086018063073187073e-01,-8.862776063277226501e-02,1.969610931634288020e-01,-7.467023586437662730e-02,-3.821350029880180021e-02,9.298818818098707195e-03,-1.314269708432395101e-01,-5.868401235217048789e-02,-2.146007446097825955e-01,1.714404877343968236e-01,-3.234494196351216377e-01,3.535855818650495558e-02,-7.655709538537631975e-02,7.711090789384268673e-02,-2.692043511173685122e-01,6.590376683566014082e-02,-1.679726779865796937e-01,-1.661936927591319280e-01,-1.923901556143314817e-01,-2.945128191794675887e-01,-7.760247307843441689e-02,1.537337595158829173e-01,-1.046674911636367306e-01,1.904274778946927760e-01,-2.620649464241934234e-01,-5.693801253555774017e-02,4.387838487092646234e-02,-1.676899804941875682e-01,-5.179852741542406713e-02,1.184718134090393272e-03
6.167867342877880743e-01,0.000000000000000000e+00,3.208522832027811411e-01,2.525779630150327137e-01,2.836728857898295972e-02,-3.094367489250016701e-01,1.007917289928682847e-01,3.999434490305055906e-02,-1.510116260837905677e-01,-2.585523136076371964e-01,1.854939749222519196e-01,-1.464708998539859808e-01,-1.672232584821351647e-02,5.872609347837097482e-02,-2.284415164665516140e-01,-1.374431424339966901e-01,-1.831193167302144764e-01,-1.321123259907425740e-01,4.925919797596119976e-01,5.579253278056454102e-01,2.367895978473245622e-01,1.283574700731111018e-01,1.585274697760016838e-01,1.119884761881614621e-01,-3.418323013981309222e-01,-2.046229923723609512e-01,-1.853880640857055381e-02,-6.203355868134580869e-02,-2.334029051838092117e-01,-2.607725439583502003e-01,-1.764523932463983869e-01,-6.482762415282088131e-02,2.991987756833855983e-01,3.173657464169001297e-01,-1.474745171245704090e-01,-2.389890806720959271e-01,1.059622901283242824e-01,2.645592303047270000e-01,2.136714129059194278e-01,2.532291136658384456e-01,3.183393189785176935e-01,1.877423112840759523e-01,-2.241743136800780911e-01,-8.423892887811754160e-02,-3.533897381382949399e-01,-2.119877090037363132e-01,-1.494914740734783198e-01,-4.259449226755673834e-02,-2.703746789337579393e-01,-1.179819288696755258e-01,-2.647401520388877882e-01,-1.740043121607822152e-01,2.506424424814373553e-01,-2.945654853777231533e-02,2.715846007113619787e-01,4.686963767022259142e-02,6.325655704275985336e-01,7.444834042328710710e-01,2.455090351214386235e-01,3.659566313513173963e-01,1.954843969788681024e-01,-8.041246117489757317e-02,-1.994093011712210484e-01,-1.517373209019783897e-01,-1.457897431654990861e-01,-3.361201446914812152e-01,-1.210731411414145142e-01,-9.885272015228006859e-02,5.926482088596175535e-01,3.258156524054264813e-01,6.577183962292862916e-03,6.138907650794199478e-02,1.713536615746879266e-01,5.869365116206125277e-02,8.833499915539404224e-02,1.390133327773563632e-01,-2.205779868575874214e-01,-1.892056316141680072e-01,-1.881045349117576038e-01,-1.461919141877555117e-01,-2.182867989104331219e-01,-3.292118553292145977e-01,1.702893784593406123e-01,5.530993271714857579e-02,-3.129956277961255806e-02,-2.876189789027090993e-01,1.861618253922198707e-01,-1.658144085713476532e-02,1.028712399549732287e-01,-1.692603211109625361e-01,-2.028542512484029503e-01,-1.102928525707170121e-01,-2.994949599319806643e-01,-1.661359862851403413e-01,-1.704651182874745152e-01,2.196241362113388884e-01,1.614281802502922358e-01,1.100032961512054236e-01,-3.353138507766773024e-02,-8.956435159006687075e-02,-1.768295937852483735e-01,-3.137362745812960485e-02,6.039066304685057618e-02,-1.362506322343607912e-01,2.318771534361159514e-02,3.742837816596400469e-02,9.246114993153453643e-02,-5.633934663207099819e-02,-5.746569349404631599e-02,-4.550975930516894079e-03,-1.167031877509008692e-01,-1.560996626589517822e-01,-1.355113633095549330e-01,-1.668517120199100590e-01,-2.447746050388862060e-01,-8.167238500928780676e-02
4.763224148094740706e-01,3.208522832027811411e-01,0.000000000000000000e+00,6.321396882166623321e-01,9.541077404389008976e-02,-7.901188358649892385e-02,7.145014554503783533e-01,1.720019689180506961e-01,5.631499867693754574e-02,-1.705657579889726105e-01,1.481208548840199091e-01,-1.557653037125884821e-01,1.818403734684507778e-01,-3.082996679772196606e-03,-1.405042653669316965e-01,-2.174861320812914167e-01,-2.975492522825155528e-01,-1.947302919340698490e-01,3.525859495227927631e-01,1.919000295062872341e-01,1.908370448214152248e-01,4.680016414918213713e-02,5.797345713797913414e-01,5.473850265507499424e-01,1.283352081870941241e-01,1.148666015573210526e-02,-4.153129639545512231e-02,3.193814522940779943e-02,-2.466915698342903029e-01,-3.188596305433142875e-01,2.644095086999453947e-02,-2.280876023467588026e-02,3.732185684382524626e-01,1.482737698611525101e-01,1.039499959341329410e-01,-3.596144183996849431e-02,9.172645405933664564e-02,6.330110868958619373e-03,4.182452776708658199e-02,4.857888254938624861e-02,2.026361787927111191e-01,1.105762112815357745e-01,-3.234820892967901068e-02,9.965470350983818282e-02,-1.423819796862898501e-01,-2.066335519939046239e-01,3.024533101584600796e-03,1.843781885465101411e-01,-1.463953252558936324e-01,-1.721842894495561882e-01,2.523308857180333459e-02,-1.915211104692986499e-01,1.123064722789870740e-01,-2.223906530097324030e-01,7.382036185536629269e-03,-2.059023492274386358e-01,1.845392645702108592e-01,2.204524483675480151e-01,2.833930666756599992e-01,6.580399012173105203e-03,3.984184961411932901e-01,-2.188105682023648857e-01,-2.808439807861020654e-01,-3.856868638504358238e-01,3.288246267533461720e-01,9.917444896304231441e-03,1.712315639091309960e-01,5.681025732119806410e-02,4.155248215317332572e-01,1.065873273843728208e-01,2.555145604149958727e-01,2.636095386359172399e-01,1.655860522721376293e-01,-1.272689303927640458e-01,-5.295453740156567425e-03,1.493794501099718619e-01,2.762262999294770593e-01,1.435389737249135600e-01,-2.851500324778036277e-01,-1.172929704337323659e-01,-4.463636113762697311e-01,-3.533288790848366778e-01,-1.448104255042695077e-01,-1.706835498092578451e-01,-3.818228928590414184e-02,-1.603795419955482415e-01,2.020757792970169220e-01,7.827019869011656028e-02,1.251235918956173643e-01,-1.524293862621381723e-01,-1.176470246008699122e-01,1.419809632241135211e-01,-1.442518024789659625e-01,2.797527731789577476e-01,-1.478278871227425295e-01,1.056642369063029441e-01,-9.941765549377870603e-02,3.251148845587635561e-02,-1.683741674646091480e-01,-5.803382939136522180e-03,-3.224628548417050045e-01,1.456906728885243307e-01,-2.440147816478046017e-01,-1.532879431675984554e-02,-1.687879532767376789e-01,-1.064032351565848411e-01,-2.330074812724316786e-03,4.658418859599752770e-02,2.431079418692559668e-02,8.184904137074604236e-02,-2.101502095402791800e-02,-3.301374466551691006e-02,2.956904913359362924e-02,-4.466464816471313326e-02,-2.794985684846169535e-02,-1.169598732826906129e-01
3.669500914091234911e-01,2.525779630150327137e-01,6.321396882166623321e-01,0.000000000000000000e+00,2.535656091306223714e-01,1.674273552537996756e-01,5.956467263522083888e-01,4.003619543096312849e-01,-2.734628587759849530e-02,7.806702427332923300e-02,-1.124511570149263895e-01,-1.988029637613275835e-01,-1.937859267788998030e-01,-1.813230739708022454e-01,-2.155948376115896237e-01,-1.754657155001715096e-01,-2.763245769395737406e-01,-3.195756480342004102e-01,3.972458104576044313e-01,2.462168146422088200e-01,1.641093180192520207e-01,-1.523705596772720883e-01,5.598627698277999221e-01,5.048461074839516449e-01,1.273696251289881121e-01,7.099740764544890115e-02,1.994626762194811609e-01,1.616544693500608643e-01,-2.984474590224478474e-01,-2.851867461230451761e-01,-9.592498403798588313e-02,-1.348919985852231607e-01,4.515023790527456504e-01,1.918159529065514568e-01,1.167828088924501573e-01,1.587565641815567039e-03,6.597580388635580773e-02,1.597629518106819966e-03,-1.899496850299857084e-02,-7.923969021604807678e-03,7.759334327117947683e-02,-7.619567028116389085e-02,-1.480420549020761423e-01,-5.292800080236269300e-02,-1.437410642971522767e-01,-9.287128643532775729e-02,-2.029655360153782839e-01,-1.840047384092169738e-02,-1.935595055463937286e-01,-1.787662006235419265e-01,6.073346224918537220e-03,-1.417698140218612290e-01,-3.950851762640298498e-02,-1.801199629690610482e-01,-6.648665194104441678e-02,-3.308163853728642023e-02,1.014894280521524417e-01,1.328495464011676397e-01,3.224721815498066690e-01,7.198446323103008249e-02,4.026144854703957443e-01,8.382757196675112710e-02,-1.300686303676723277e-01,-2.223787271395306908e-01,2.038918242519842661e-01,1.830332903601740446e-01,2.650203626739393026e-01,2.593655871868730256e-01,2.843608561522686373e-01,1.564172078349340689e-01,1.486143567708452795e-01,1.035083044480881453e-01,1.719950819364709227e-01,-8.770897294715122861e-02,8.279154185086166906e-02,1.108868536007123623e-01,8.474218895018720277e-02,1.492682281946001444e-01,-1.522959059058003051e-01,-1.565594381702091822e-02,-2.578375663167564169e-01,-1.727386800300705905e-01,-9.882154110080369758e-02,-2.403435268250900259e-01,-4.737914122679177248e-02,9.162049712457800976e-02,1.618135897864016737e-01,8.749229260181368151e-02,8.241832955116126791e-02,-4.054015176622073613e-02,-1.517212990404235295e-01,-4.426672368556720111e-02,-1.839298701828115390e-01,1.397838345719128461e-01,-2.778183141770384501e-01,7.070255790990702741e-03,-1.912590821975614641e-01,-1.346973786633693659e-01,-2.046140524502606528e-01,-2.148669877863405506e-02,-2.894396930571923043e-01,9.113503930656444152e-02,-2.940812627455712813e-01,-1.109125202003492516e-01,-1.470042429158058550e-01,-3.393575572566517179e-02,3.336511617473825186e-02,-7.365896441952930751e-02,7.424674081905809075e-02,-7.390048759329867489e-02,2.151593665640900641e-02,-1.492995735426222992e-01,-9.108656243133049502e-02,-1.522503141854322228e-01,-9.027013431076771899e-02,-2.413885086140125924e-02
-1.360074083800151719e-02,2.836728857898295972e-02,9.541077404389008976e-02,2.535656091306223714e-01,0.000000000000000000e+00,4.728872482477375350e-01,-7.894961004550959949e-02,-1.850792837680431679e-01,5.257509814816667681e-01,5.330063608213874149e-01,-2.511700818872738550e-01,-1.961466624457654517e-01,-2.892822349545293159e-01,-1.538907321647959292e-01,3.659723032492572803e-01,1.723943663497775336e-01,-2.991085729226774029e-02,-6.294006480258067249e-02,2.040006868629513359e-01,1.808496972973842043e-01,3.938114948812924676e-01,-4.319201173380496535e-03,-3.358401248657198052e-02,3.154301646774830548e-02,5.701642164707370064e-01,3.095086017833710845e-01,7.519544778351325842e-01,6.827129258267934375e-01,8.321024563611559288e-02,2.005734512421231408e-01,2.354487592591118089e-02,-6.560419193102003110e-02,1.604657641806967461e-01,-7.729293284940685904e-02,-1.031030084925649570e-01,-3.381631776712319959e-01,3.378817549745080639e-01,-3.465585748695867302e-02,-7.457332180904839569e-02,-4.822895780849918018e-02,2.140070760495138835e-01,-8.098620256881589041e-02,1.041593181901644682e-01,1.854306675227740675e-01,-1.065590259681537949e-01,-2.674239209317105237e-01,-9.487567314187295153e-02,5.463039178413190561e-02,-2.129581372727746558e-01,-1.474015497092882598e-01,5.722190849213902586e-02,-6.381508243995670515e-02,-2.676192855289091441e-02,-1.101755581350239849e-01,4.261100040750591400e-02,-2.254611234547533247e-02,-2.943966713025619741e-02,-2.121238092955152752e-04,-6.185953886799327311e-02,-1.561593887577949757e-01,-3.806466913900057730e-02,-3.279945472735246170e-01,-3.626012830631509254e-01,-2.084336104606749340e-01,-3.753962255093269695e-02,-2.059436797765845928e-01,2.309520275699150638e-02,-1.961843040958567153e-01,1.579852322054534353e-01,9.400956083183846512e-02,2.818338713642249971e-01,1.761112176993616107e-01,2.192430109672207916e-01,1.976860904985415501e-02,3.274679148991302968e-01,8.370899534639469897e-02,-1.735709606243708569e-01,-7.360658738201607265e-02,3.051925162722355922e-01,1.670863083862222376e-01,1.286827237012815317e-01,-2.049985744642625063e-01,-1.609727746536856186e-01,5.151096128260051338e-02,8.393237664665538500e-02,1.186573173730288006e-01,3.126273293816499155e-02,-2.452871977976056050e-01,-1.045732127198784750e-02,-2.051571903089967064e-01,-1.508892745944019620e-01,-3.683321308507735842e-02,-2.406738086618163963e-01,-3.711195836064033748e-02,3.256656599811336150e-02,2.003022337088724569e-01,-3.766687484815987169e-02,-1.427630058538982005e-01,-7.939115078962490080e-02,9.356843491257310630e-02,-2.697928273339488814e-01,3.170648533023428649e-03,-8.067859960083603732e-02,-1.409906854357113049e-01,-3.585740281707043842e-01,-2.019838351298278156e-01,-2.148632959727933001e-01,7.252735771536938936e-02,1.566678246820837062e-01,-5.700771921325558517e-02,-1.809884170907417600e-01,-7.083004049876592823e-02,-1.394129930314636778e-01,-1.934382147894026238e-01,7.200063511734236532e-02,8.257299762472897209e-02
-3.516750700080412129e-01,-3.094367489250016701e-01,-7.901188358649892385e-02,1.674273552537996756e-01,4.728872482477375350e-01,0.000000000000000000e+00,-8.891969314731347496e-02,-1.201665205846186996e-01,3.825371889387551017e-01,7.462396562594505456e-01,-3.518231935318545944e-01,-1.704072719534298064e-01,-2.066096765518548040e-01,-2.602409353371534229e-01,3.723197638941109777e-01,3.228410628887000144e-01,-6.910389282608420114e-02,-9.320756772664773315e-02,3.134318509404227654e-02,-9.171491473418569296e-02,1.719826748791802307e-01,-1.750958625715475503e-01,5.255190115400868583e-02,8.478457146801206268e-02,3.230756040037695009e-01,2.768231306403302616e-01,5.079148688993057048e-01,5.914025777605161904e-01,-7.830677746066815395e-03,1.431788461266612633e-01,2.342038982982936890e-01,1.084343362848783077e-01,-5.040714953945508309e-02,-1.336926579250582170e-01,9.344621241052471217e-02,-8.547118551070272130e-02,-2.023494326922468597e-02,4.609145021704872530e-02,-2.051720900862081254e-01,2.167582781575516648e-02,-9.550940551319665739e-02,-1.327702954076828423e-01,7.750560921613815733e-03,-1.031650273744915552e-01,-2.335838771011743975e-01,-2.388945150600752521e-01,-1.009596001388178010e-01,-1.545901405769006809e-01,-1.516867469001753621e-01,-3.141892646137615652e-01,-1.630132961572944295e-01,-2.998624493370601329e-01,-3.753699368382480417e-01,-4.002246381151451371e-01,-9.866399474033245298e-02,-4.102359003410198379e-02,-1.368999224215343702e-01,-3.515624416961545262e-01,-1.946201018591818266e-01,-2.957930910818403758e-01,-5.715139508875251295e-02,-2.012901925359296407e-01,-1.759928901909484089e-01,-2.760565143872135141e-01,-1.291008041290767246e-02,-8.790954085428462350e-02,6.456180954153863116e-02,-1.458757054008521237e-01,-1.034915092524665292e-01,-6.706503722870431339e-02,4.242964497028698934e-01,1.996252501217646858e-01,1.897121934757334261e-01,2.876730998345113921e-01,2.750408370596573726e-01,1.007882880099533925e-02,2.246297501759317305e-02,1.343515910704970728e-01,1.662974735579562657e-01,3.425039254891160123e-01,7.714064961634999051e-02,-9.585482110907064812e-02,-4.933010740180139575e-02,-1.425705338118265775e-01,3.590932563852632098e-02,1.689192900175526951e-02,-2.336723622901999697e-01,-6.379970565671819194e-02,-1.226172003639080937e-01,-3.338830235926875112e-01,-7.613222776888931009e-02,-5.438599804190089732e-02,-1.505101141027502532e-01,-1.108117261505370786e-02,4.196271822602890000e-02,8.149298608986854653e-02,4.715144562603055395e-02,-3.570688698192716060e-01,-5.777055356014181020e-02,3.779391485591911126e-02,-1.160584092315470467e-01,-5.472151588269735106e-02,1.978441859920687315e-02,4.827468952364606658e-02,-1.125522705700987003e-01,9.933073178169199435e-02,-4.037781653068022586e-02,-3.782780102589398258e-02,2.801110150836677581e-01,-1.422982986197098287e-01,1.481969249805253908e-01,-4.859781896212868324e-02,3.402792182670143911e-02,7.394441511101694509e-02,1.211161968207246642e-01,3.264969900149679999e-02
4.237907878716607457e-01,1.007917289928682847e-01,7.145014554503783533e-01,5.956467263522083888e-01,-7.894961004550959949e-02,-8.891969314731347496e-02,0.000000000000000000e+00,4.324144208370244713e-01,4.296754097460674798e-02,-1.861611889460166314e-01,3.177139389107465628e-01,-4.309410030992470719e-02,2.559898214079529555e-01,-1.070596585090863133e-02,-3.118679361749049916e-01,-2.842100887519787289e-01,-3.640394755662293425e-01,-2.605224215841809299e-01,1.432791934229648290e-01,-1.105143271322619331e-01,2.475055335973328635e-02,9.334967579096251078e-02,6.340281076391837134e-01,3.772772068015213809e-01,4.354507796514341805e-02,-1.164823882027739010e-01,-8.266400402326963548e-02,-5.968841073094973554e-02,-3.857332472539320434e-01,-4.269886171938015451e-01,3.532845530585726566e-03,-7.982965528520694076e-02,4.555253464866972357e-01,2.473117014000109082e-01,2.506397785236436082e-01,9.719502555610491645e-02,2.301102515866740306e-02,-4.568687094632834650e-02,6.040727693935376424e-02,3.593581192967757604e-02,1.169198532899898973e-02,1.928579352336773078e-01,-1.884174144864596279e-02,-3.943162591208727863e-02,-1.178389853970800843e-02,-4.018430807262367982e-03,-8.073116951955373877e-02,7.462553899409191116e-02,7.505559327324183572e-02,5.040877960042545493e-03,2.291002381982883696e-01,4.399977996827331844e-02,8.815064144492359977e-02,-2.257646754328063513e-02,-1.718917058529929043e-01,-1.385704038671626281e-01,-3.481423260852020414e-04,8.385918713228952825e-02,3.411929445042297115e-01,1.022138850415258149e-01,6.127434273003989906e-01,1.187634392483142842e-01,9.810350633672727805e-03,-1.111499135488994844e-01,5.077514270747299774e-01,2.122094349591097939e-01,3.232031835702218192e-01,2.601074926778151331e-01,7.115504424445344422e-02,-1.065020646112923436e-01,1.463988507971266395e-01,1.117628346395840716e-01,4.501868699034197729e-02,-1.693944516689939450e-01,-2.670507807764870845e-01,2.298225086089490318e-02,3.965628468524838302e-01,3.118045626971055473e-01,-4.385298634406045726e-01,-2.291606484358088003e-01,-5.333911038006297067e-01,-3.113348919662224379e-01,-1.628276172554168899e-01,-4.530144290359365555e-02,-1.063833076209123570e-03,-9.549302747766174465e-03,1.033429687149819975e-01,1.609214535061207207e-01,1.937586090112057013e-01,4.289797307704484169e-02,9.225015406971716347e-02,2.957427103310819039e-01,6.841817703178487697e-02,3.842897463211917275e-01,-1.864766684913232442e-01,-4.878383987145167716e-02,-3.040313075406424481e-01,2.256973791895219850e-02,-4.643001647612075150e-02,1.274681212533899100e-01,-2.374399951057040714e-01,1.783458137090142837e-01,-3.256645673052876444e-01,-7.527866721202319811e-02,-1.533360507836027953e-01,-1.704544068397768897e-01,9.038047055996137336e-02,6.648812401072454192e-02,-1.573431149759934033e-01,9.947273465842566831e-02,4.880601022980231470e-03,-7.766230635029219842e-02,5.019590672949243715e-02,-9.923339007664729039e-02,-1.034167180810218606e-01,-2.334720769659860140e-01
2.578245759542898696e-01,3.999434490305055906e-02,1.720019689180506961e-01,4.003619543096312849e-01,-1.850792837680431679e-01,-1.201665205846186996e-01,4.324144208370244713e-01,0.000000000000000000e+00,-1.453221588739753434e-01,-3.868913961374060434e-02,2.102398706557057628e-01,1.891878280345094809e-01,5.088714072648790193e-02,2.149637325891578521e-01,-3.373419860742736809e-01,-1.488778468457067072e-01,-3.172671304757196387e-01,-3.771492014551983130e-01,-8.854422717927042108e-02,3.707757439904493107e-02,-1.154409496642795213e-01,8.232370867172447704e-02,1.833196837664421430e-01,4.274676923834651032e-01,-3.686208996393127713e-01,-2.576785334150237250e-01,-5.387807859583731984e-02,-1.924919599568170048e-01,-3.325486795545572472e-01,-3.633158740480647575e-01,-4.153203973260765625e-01,-2.546291689764961785e-01,1.801563717865262426e-01,3.660382374202866829e-01,1.727950719430965398e-01,2.320240118893935888e-01,6.199218641428032306e-02,-2.860704764082448032e-02,1.084407999884847568e-01,6.271650755443951286e-02,1.094950867530938843e-02,1.600474778331708037e-01,-2.712648137832108786e-01,-2.853276133110002610e-01,-1.973229200688946805e-01,-6.567843356732103177e-02,-3.313333248210352244e-01,-3.081452772004863450e-01,-1.399011093407774020e-01,2.543739320642459181e-02,1.092816616549319858e-01,7.373086720017095474e-02,1.140385693623177377e-01,5.366039031767789319e-02,-7.362814487986431289e-02,1.127125823709580615e-01,-1.545395372936904932e-01,6.610783449494788896e-03,1.525338758220414204e-01,1.075368664038738459e-01,4.637938495657491500e-01,5.738899451126395768e-01,1.689925677891553346e-01,9.008204162906749413e-02,3.111788721046322426e-01,4.398184201362665968e-01,4.506492516612850552e-02,2.718873450755627252e-01,-1.517024669207425458e-01,-5.909236144113684530e-02,-2.581733541167212098e-01,-8.564829604362622639e-02,5.512267568907419646e-02,-1.393002640042138862e-01,-3.095585062639142904e-01,-2.109377254864724330e-03,2.411773103176566846e-01,3.072950634603257014e-01,-3.403593608088762434e-01,-3.213274616397308603e-01,-1.913761426248056507e-01,-2.444609398665386138e-02,9.270961106874883728e-02,6.671824709780535545e-02,2.010888800333091031e-01,3.696746139679799037e-01,2.285890532542009523e-01,2.349670135380844405e-01,4.177781939219425977e-01,1.906047447906108194e-01,2.398174240023987283e-02,-2.843952649506568172e-03,1.900366706393311900e-01,9.893217369497894764e-02,-3.742535367637725430e-01,-1.968723306136930529e-01,-3.352351747132314985e-01,8.712291261653404284e-02,-1.046230734547347330e-01,5.823584483509644527e-02,-1.381097966209157875e-02,1.201200489397475507e-01,-2.482675371535866815e-01,-1.099601065042165177e-01,-3.328775293061080748e-02,-1.296357945575725146e-01,1.237319690745930650e-01,-9.840954610268340397e-02,-2.124698758401828980e-01,8.046787205861745396e-02,-7.528539718880115916e-02,-3.791318700149538812e-02,-2.270424090256589061e-02,7.732257651211760230e-02,-1.044000666982577430e-01,-1.891323383586132889e-01
8.876206996897240088e-04,-1.510116260837905677e-01,5.631499867693754574e-02,-2.734628587759849530e-02,5.257509814816667681e-01,3.825371889387551017e-01,4.296754097460674798e-02,-1.453221588739753434e-01,0.000000000000000000e+00,4.903009485789168176e-01,9.152081514017286479e-02,1.435582263885547272e-01,2.048090145950039742e-01,4.203024200387696363e-02,5.836024236366629259e-01,3.055188307885174370e-01,5.888645206755074857e-02,3.987652111205316346e-02,8.392059042398354596e-02,-4.624871309833330363e-02,6.475762989752940901e-02,3.046774946639864770e-02,-1.114723873348647532e-01,-3.782597917996643327e-02,3.241723389125383825e-01,2.402519881650332645e-01,2.579700240029628722e-01,3.042604984608469065e-01,1.935681957870007130e-01,2.216422326270616749e-01,1.894338006444430955e-01,1.681288033838781726e-01,-7.859918734972952403e-02,-5.200025407082760343e-02,-1.512062568639575000e-01,-1.786497512671759436e-01,9.218959701051561428e-02,-2.759327625723093091e-01,2.405477285252493116e-02,-4.203873953520916029e-02,-1.537315236815957054e-01,-2.022189048933906164e-03,1.703636170318321985e-01,2.695414214028295230e-02,-9.357628832173609315e-03,-1.534041314064814865e-01,-3.036509483380127328e-02,-4.413385241696034939e-02,7.085344812080204835e-02,-2.056019422317605441e-02,1.073382494712910445e-01,7.848790596030549849e-02,-1.391138187727136710e-01,2.121561869485408258e-03,-1.278574911112760337e-01,-3.021649708153829050e-01,-5.011322641155842306e-02,-1.762071504842659952e-01,-5.091352706116116650e-02,-9.206078681646152895e-02,-3.913538717185846560e-02,-2.492853753825471363e-01,-1.678009387570305322e-01,-9.609056253175532469e-02,1.304058525780352751e-01,-3.530794502314688055e-02,-2.996568246696252116e-02,-1.900586472064058619e-01,-5.525387065395327008e-02,-2.128682647765635372e-02,2.640039657821802166e-01,2.235961306784635949e-01,-4.907945514447134561e-02,-9.027257009113089092e-02,6.173142727672419061e-02,-2.305679612769057640e-01,5.618861606484205212e-02,-5.304123695002728109e-03,1.456505747556149366e-01,1.784755637006322504e-01,-4.555356710146032245e-02,-3.462732370210961502e-02,-2.502130638031213050e-01,1.725902629528625332e-01,5.132680797518344995e-02,4.921293297019097013e-02,-2.439982571235117803e-01,-1.884519587649439998e-01,-1.624186371578706656e-01,-4.035160242094336380e-02,1.362919706072362735e-01,2.563422597877018094e-01,1.692423458255385427e-01,-3.815160850450709240e-02,1.461513857439054043e-01,9.369749222021267476e-02,-1.469856825715012139e-01,2.367218812868513572e-02,1.172698495473302738e-01,1.713657364958812435e-01,6.520736230230969599e-02,2.260767848134732222e-02,1.370390320593711242e-01,-4.766104139784582000e-02,-2.414771709590052828e-01,-2.718585200601746354e-01,-2.924029970136125534e-01,3.294251574385429482e-01,-8.512825038041116343e-02,1.227751660440688924e-01,-1.752345002392005913e-01,1.698806098784618746e-01,-7.353417182835889077e-02,-8.768821887405830670e-03,7.505150749668608456e-02,-1.416782766667586957e-01
-3.749230020509474737e-01,-2.585523136076371964e-01,-1.705657579889726105e-01,7.806702427332923300e-02,5.330063608213874149e-01,7.462396562594505456e-01,-1.861611889460166314e-01,-3.868913961374060434e-02,4.903009485789168176e-01,0.000000000000000000e+00,-3.027967075142962150e-01,-3.343299212393442688e-02,-5.776199696005554496e-02,-6.124225211114701223e-02,5.204484801966893226e-01,3.728701464439853064e-01,1.312280932315198004e-02,-7.696505753744782574e-02,-6.329438513856373849e-02,1.295081148210217980e-03,4.654865590319217511e-02,-2.518961805594318037e-01,-2.005917195835800193e-01,1.176886292856873101e-01,2.521848498875475242e-01,3.407617171935941602e-01,6.400472043807854394e-01,5.402086295383381476e-01,1.439767555279045652e-01,2.031887759556299244e-01,1.918758360147949371e-01,2.063840750318604589e-01,-2.384487122632761580e-01,-1.748793551295250159e-01,6.435211341832544618e-02,-4.537145740517727066e-02,-6.013661793355141311e-02,-1.258550456671659601e-01,-1.906417376391602581e-01,-6.705513740105027709e-02,-8.818431315921862468e-02,-2.508505786296035267e-01,6.509615676058201628e-02,2.935398183358160773e-02,-1.670280875537668297e-01,-1.852228826580021304e-01,-9.795549990978881516e-02,-1.076747299173395206e-01,-1.160058814855727816e-01,-3.190326759763573716e-01,-2.231339325742737190e-01,-2.250048251132556743e-01,-3.252290773080492858e-01,-3.398709814995568568e-01,-4.501622090410764554e-02,1.383728004485749530e-03,-1.770940174311297077e-01,-4.203300672567225615e-01,-1.909482653344942715e-01,-2.713212281031067152e-01,-1.764171035509841667e-01,-1.581516254207468164e-01,-2.241495121421607228e-01,-2.648785549050222676e-01,-1.083528366122002151e-01,-3.984669174712664186e-02,-7.218895585883787491e-02,-2.217155815032859911e-01,-1.355710286451630442e-01,1.030982882611541224e-02,3.049166918393207970e-01,3.057854689694384787e-01,1.922875387424088089e-01,2.774465021120817165e-01,3.408684357146982702e-01,1.186889305255677853e-02,-2.435198235756436125e-02,1.490584220406507010e-01,2.321852594535472325e-01,3.206699710645954937e-01,1.291111239692740997e-01,-1.068978159294939195e-01,-7.150449171702326356e-02,-1.726296205872567546e-01,-1.360024563609580905e-01,8.179737502204825761e-02,-2.680561385466911362e-01,-9.703691464388065901e-02,-2.356024146347385773e-01,-1.486670685974345041e-01,-1.113606846813348233e-02,-7.652850310818081446e-03,-4.464105639707863921e-02,3.731908381017116222e-02,9.851696429356467111e-02,1.866509789974631767e-02,1.282908640566771397e-01,-1.946229678063170487e-01,6.464357806883189173e-02,6.451617790068801817e-02,2.764367494980132095e-02,-6.031042924054501320e-02,1.003591762223833977e-01,5.866376772393894212e-02,-6.369218920462550726e-02,9.327350205845107156e-02,-1.209231869285564975e-01,-1.135342462498798999e-01,2.654695265198901977e-01,-2.179846703301557553e-01,1.464083524640787115e-01,3.293633544648290334e-02,-1.389494980438861493e-01,1.215321711312655623e-01,2.788752544233809028e-01,9.795471672076554170e-02
4.729617752135193975e-01,1.854939749222519196e-01,1.481208548840199091e-01,-1.124511570149263895e-01,-2.511700818872738550e-01,-3.518231935318545944e-01,3.177139389107465628e-01,2.102398706557057628e-01,9.152081514017286479e-02,-3.027967075142962150e-01,0.000000000000000000e+00,4.326572308813981804e-01,5.507211107776370795e-01,4.996250229247581887e-01,-1.194116141901588046e-01,-2.453943048272523297e-01,1.537821264801985874e-02,9.930471492519585275e-02,9.936969340915674520e-02,1.361968634056919078e-04,-6.142499662471750249e-02,1.799549926623563445e-01,4.060312553874215191e-02,-7.074941666426350084e-02,-1.881450262426143383e-01,-2.505826885577093766e-01,-2.418197844653331985e-01,-2.084906239136936623e-01,-6.397492940902477221e-02,-2.069308719593189461e-01,-1.110186046255504100e-01,-8.151466454766420622e-02,6.313469246221597997e-02,2.386588041359940515e-01,9.687439955736171227e-02,-1.962822055833315699e-04,3.355860993249696472e-02,-7.674915682142448292e-02,3.459517390214381094e-02,1.521726720158247427e-02,5.182782287151528611e-02,4.361900439820057818e-01,6.154680601990904915e-02,2.318684871876382572e-02,-5.979070430305270106e-04,1.104712100797372448e-01,1.070632558811226570e-01,4.728656679587250888e-02,2.528430277059037085e-02,2.261226895215570631e-01,3.483674707306967377e-01,4.341090905974951397e-01,1.137464976911529702e-01,3.147646591914699532e-01,-2.514406038280244671e-01,-3.317320007119107378e-02,3.098341560990248295e-02,3.297238464163014804e-01,9.956521833035335278e-02,1.596218417926211774e-01,2.798008597180123291e-01,5.219939507415151392e-02,2.811966926020134094e-01,2.863211797456323704e-01,4.671525861076238351e-01,1.191992130262182481e-01,-1.034467572570772209e-01,6.393959962816739284e-02,7.838518930466496781e-02,-1.910395595882630193e-02,4.341053984162042412e-02,-2.080458113057925829e-02,5.371594694771868184e-02,-1.990013855836761103e-01,-2.732217803553160795e-01,-1.149003250499183865e-01,3.822951951432805862e-01,1.516741722710973350e-01,-2.615409928621147406e-01,-2.549951859631773843e-01,-2.456341378079597015e-01,-4.054188538860500207e-02,-8.528526337389508161e-02,2.979130949551270224e-01,2.281513569784332784e-01,6.408775210137115930e-02,2.434236596172566561e-02,1.572179585839115698e-02,2.606717529013310441e-01,1.536061050978813347e-01,2.328923533810929314e-01,2.683103639030687826e-01,1.647466770057221808e-01,1.637867423498159114e-01,-9.913944528554594071e-02,-6.443082155903555319e-02,-3.520942838405437536e-01,2.405736495196124647e-01,9.643543875881867289e-02,2.011525619917438057e-01,-2.783318462276185845e-01,-1.534116989354878668e-01,-2.973540745552776254e-01,-3.293886087878331037e-01,-1.240781688571082064e-01,-3.603852456921423641e-01,2.296648411223896694e-02,1.422652729416365447e-01,-3.104312713567513593e-01,1.800018037378866564e-01,-8.966658987618289500e-02,-2.114116369420426800e-02,1.206910612544214410e-02,-2.158620334905927418e-01,-1.146277603418418001e-01,-2.599075778729846298e-01
-1.135528393160232033e-03,-1.464708998539859808e-01,-1.557653037125884821e-01,-1.988029637613275835e-01,-1.961466624457654517e-01,-1.704072719534298064e-01,-4.309410030992470719e-02,1.891878280345094809e-01,1.435582263885547272e-01,-3.343299212393442688e-02,4.326572308813981804e-01,0.000000000000000000e+00,5.901750868465854838e-01,7.577455473807210851e-01,1.659702722438422817e-01,-1.705958669657124394e-01,4.974632295110243407e-01,4.449878549871068567e-01,-1.190850197175872677e-01,-2.496979843796593573e-02,-3.183237593385638275e-01,-2.300281676190365707e-02,-1.009149010103090743e-01,8.647982500066932199e-02,-1.225911348605087346e-02,3.991473904022219132e-02,-1.593317757881268504e-01,-5.138316385048277007e-02,3.492712668223398875e-01,2.137146505094459359e-01,7.555167633424421381e-02,2.129997836249469811e-01,-2.901575009000267880e-01,1.383511167700673672e-01,2.687960665641535643e-02,1.373666311399632523e-01,-2.821099021660785633e-01,-5.563361575459890851e-01,-9.319544161451917552e-02,-2.203238794010123625e-01,-3.378873776991976885e-01,1.948673228709378938e-02,2.354097110965815975e-01,1.437380620549848047e-02,3.671535837874180808e-01,3.719529989993039520e-01,2.163882104997766898e-01,3.526649464058245753e-02,3.108664599477884982e-01,3.522223425353973036e-01,1.486821228621680313e-01,3.571868710268668035e-01,-3.404280914556159776e-01,2.761257758790566230e-01,-5.615572877869734469e-01,-1.614570638043913986e-01,-2.058996210276111405e-01,-5.578300081796742221e-02,-1.853560620807815640e-01,-1.188910938369555637e-01,-2.198444819480034895e-01,8.612191826745914380e-02,5.055142760557504999e-01,5.637726474571714830e-01,2.816912235848172408e-01,2.570443695081059965e-01,-1.337670287911805478e-01,9.394730520614157088e-02,-1.399445707642719139e-01,1.557236974063125334e-02,1.106947995915504579e-01,1.849472908812346827e-01,2.764970821141998214e-01,2.399048213282164999e-02,1.228744202289415721e-01,9.968543836995054364e-02,2.433985240175398357e-01,9.298566881884308410e-02,1.096965081453982610e-01,1.323810628808745060e-01,2.684684688655359155e-02,2.852109065516335029e-01,-3.688092442747936683e-01,1.458788582839031511e-01,-1.252810819920054664e-01,-9.288342753719838751e-02,-9.299887928636249579e-02,-2.451433387101243505e-02,-8.497919863877807789e-02,2.058827536770099220e-01,1.091319760003480188e-01,3.364023968392518965e-02,2.585158336323462591e-01,-4.865482998444194823e-02,9.038567889747549378e-02,-1.870300629584039087e-01,-3.784942433861481215e-01,1.005523918495690727e-01,-6.841969709943113154e-02,-3.592797924772144630e-02,-3.607025482836554581e-02,-2.724886824874049873e-01,-2.732555682010032183e-01,-4.515431288236008700e-01,-1.811197388530691177e-01,-5.120506236499555719e-01,-2.255500585921383638e-01,1.575678600096851179e-01,-1.889581312358821485e-01,2.450996225817417551e-01,-2.003957100227213642e-02,-7.896386085841783364e-03,-2.880778820147243957e-01,-3.072335649290868775e-01,-9.822914263176182881e-02,-2.352758084861975296e-01
1.504673122193712353e-01,-1.672232584821351647e-02,1.818403734684507778e-01,-1.937859267788998030e-01,-2.892822349545293159e-01,-2.066096765518548040e-01,2.559898214079529555e-01,5.088714072648790193e-02,2.048090145950039742e-01,-5.776199696005554496e-02,5.507211107776370795e-01,5.901750868465854838e-01,0.000000000000000000e+00,6.044152798705415552e-01,1.659465650942966997e-01,-7.656655853037570847e-02,3.298727750010624904e-01,3.393324001636771614e-01,-1.565047606423899396e-01,-8.353244633765405380e-02,-4.224888136244980830e-01,-6.547201032819666144e-02,-6.065323520276936359e-02,9.842410428965776836e-02,-1.392772523686692521e-01,5.548545181419987926e-02,-2.479099717305343897e-01,-1.893489950423170864e-01,2.711871448649051941e-01,3.635347195328715586e-02,2.763058593886278946e-01,3.279262443527548032e-01,-3.302415466155157464e-01,6.457788150246476788e-02,1.674027493317565840e-01,1.999909661441465203e-01,-3.791160920041609650e-01,-4.212287691525418154e-01,-1.784993443286355397e-01,-2.274800033220192585e-01,-3.101034472850893176e-01,1.170786051159790481e-01,2.144158446295684750e-01,4.527030436015375137e-02,1.798463345695165416e-01,1.857279852699378619e-01,3.583280824416919530e-01,1.863874749099094785e-01,2.591282097811002383e-01,3.126076123317479416e-01,1.973528129696042743e-01,2.973024021823331697e-01,3.263005751236052604e-02,1.241626755486349432e-01,-3.195008943490482700e-01,-2.585152525001734869e-01,-3.105297168498572999e-02,-1.330145181478967729e-02,-4.720222584133640376e-02,-4.416971267014888763e-02,-4.068009205220130681e-02,-2.211823031257244276e-02,2.801944225024782797e-01,2.261410752065891594e-01,2.601839178782262008e-01,9.666829746868497997e-02,-2.049724397820542887e-01,-6.532620366277136492e-02,-8.858046556978547981e-02,-4.975199130561218375e-02,2.355660579879396144e-01,3.457581065791826003e-01,1.285581212242573323e-01,4.999900937394921932e-03,1.047461755137516284e-02,-5.297789040190750698e-02,4.880222560817496502e-01,1.774300372469874432e-01,-4.273138799228844154e-02,1.042790216593895286e-01,-1.348441135691932635e-01,8.394119943240731241e-02,-3.048820281325116399e-01,-1.863956144174406301e-03,-1.865769982736505128e-01,-2.377815043520082328e-01,-2.216302253384589693e-01,-1.515776611690309306e-01,-1.916163985202357090e-01,8.539058323827795893e-02,1.586191789073203295e-01,2.324079417702759609e-01,1.917803382313859606e-01,2.185833120163112320e-01,4.365044247561835483e-02,-1.427331650823059628e-01,-1.077099109884871453e-01,1.487319960851848921e-01,1.266287131273157729e-01,5.619897997832699194e-02,-1.343865268653070821e-01,-1.458852726159043378e-01,-9.185288025414362068e-02,-1.045615126469298939e-01,4.444324601585111084e-03,-1.910041541536048049e-01,-1.788841216410859136e-01,2.397481870548257704e-02,-5.048701744137621544e-02,1.538135823068104147e-01,1.638044984479120614e-01,1.989351505171231271e-01,-1.719106796576331808e-01,1.124039611251957844e-02,1.409325277851385949e-01,-2.980278608405655394e-01
