0.000000000000000000e+00,4.427496554041164267e-01,5.325349309505532647e-01,1.660322966251851495e-01,-1.455906532392169661e-01,-2.930526893358921803e-01,5.605146057263246107e-01,2.038252118625853426e-01,-1.975454407788399813e-01,-3.146071012206765882e-01,2.572852721662766129e-01,1.340014710618426044e-02,2.419131857101628758e-01,4.887506052533098500e-02,-1.535197951715435716e-01,-2.530193262227894424e-01,-2.276841010356460970e-01,-2.453896190554709922e-01,6.531067797991071400e-01,5.521502007132779166e-01,-3.433588858957528633e-01,-2.046737286753101126e-01,3.850052748674070990e-01,2.902150699058350658e-01,-1.005420828010153422e-01,-1.500424372112764138e-01,-1.348068904378027788e-01,-1.070416570743014384e-01,-2.423846240836721455e-01,-4.552783384684311874e-01,1.574107452161384313e-01,1.347789305546687744e-01,5.353482528179669409e-01,3.962243828256933886e-01,5.782797180611343874e-02,-1.009938217120016357e-01,-3.658415846742677502e-01,-4.548441828604301573e-01,3.825104361955899979e-02,-7.803349302572183677e-02,-1.787900422775869635e-01,-3.771179092456656279e-01,-1.728563444180151731e-01,-1.913713624859945395e-01,-6.566468247944848291e-02,-7.024777970946095851e-02,-1.771852809957062957e-01,-2.325155353825547611e-01,-1.062153328888650189e-01,-1.690186333874916513e-01,4.746745803799504171e-02,-1.267194743006950508e-01,1.032743017324931345e-01,4.909137426289017503e-02,2.142160466979055322e-02,-2.490976389552541637e-01,7.127070839601050700e-01,4.618664828007745249e-01,3.230654322754525909e-01,2.629789581435564849e-01,4.050612437014466938e-01,7.512920636017825227e-02,9.036620652882554339e-02,-2.007361012654937660e-01,-2.560116923459998181e-02,-3.528546019051662097e-01,2.060099929874462943e-01,5.111046251505676347e-02,6.822989613910240836e-01,6.511308891470160010e-01,-1.849449634201117895e-02,-5.951710348041084481e-02,-1.409971917474071579e-01,-3.254222765877629042e-01,-1.061303271604346066e-01,-3.196244645547379748e-01,-1.957813088719650152e-01,-4.159668490395043161e-01,-1.065705647261186717e-01,-1.453887103582451878e-01,-8.555668282193983065e-02,-3.875535963166029663e-01,-2.395146210067468640e-01,-3.046329955871643347e-01,-1.379120258892513606e-01,-1.936544755020745967e-01,-2.979997108802640363e-02,-8.045116487990769394e-02,1.664191876181487229e-01,1.310958574945756371e-02,-4.349085135300413407e-01,-2.943116865252853875e-01,-3.573680791518602518e-01,-4.734750769403339721e-01,-3.214320664503030889e-01,-3.583488483056810336e-01,-3.870590603717148914e-01,-3.826456328998742440e-01,-4.442303296347025476e-01,-3.405415477480706055e-01,-7.895061466203839862e-02,-1.178811087866621643e-01,-1.348265017956134793e-01,-1.524914814902501026e-01,-1.133373914239462210e-01,-2.212628776525336627e-01,-1.134351431755851493e-02,1.511830768091368404e-02,-8.194928844113866240e-02,-2.904675738608690772e-01,-1.450377758163229613e-01,-2.944147122972513020e-01,-3.130183583942768855e-01,-1.638584040916489237e-01,-3.590999128489345549e-01,-3.941133046244469917e-01
4.427496554041164267e-01,0.000000000000000000e+00,3.987809746462113725e-01,6.350311730161870560e-01,-9.166214229796744439e-02,-1.140579626359948945e-01,3.228199951443903593e-01,6.317513562585809206e-01,-2.124403785427889380e-01,-2.261860272295317387e-01,-7.241043945642909596e-02,5.792140580130135108e-01,-2.148989629129382517e-01,3.114423701384082532e-01,-3.390889590577688129e-01,-3.374964891694598457e-01,-2.682417438166315171e-01,1.469294581229127206e-01,5.463795374166177110e-01,6.984291389935116667e-01,-2.180080453739245416e-01,-2.679297843802951329e-01,4.201445926916065887e-01,4.785847080261045328e-01,1.151562254179165634e-01,-1.790864707959588520e-02,-1.100009822773161811e-01,-1.326980676528700109e-01,-2.779424740244194614e-01,-2.407765490892465610e-01,3.325834734831392692e-01,3.122001666065540859e-01,3.778055075135980378e-01,5.637282514963095625e-01,-1.124267041043137128e-01,-2.052496431700849555e-01,-3.902176533859109675e-01,-4.889206464448662137e-01,-2.706083152711806217e-01,2.379592577855393909e-02,4.026741607357766316e-04,-3.106114328296197269e-01,-3.762799273509607745e-01,-4.016990470314573125e-01,-2.679004702967051066e-01,-2.337710272339479367e-01,-2.926734540903812021e-01,-4.037673752210018674e-01,-1.700844556878052805e-01,-1.968201646804588201e-01,-4.011760404229804122e-02,-1.585579172320719932e-01,7.808768376444086279e-02,1.250048028485128138e-01,-2.213172112518879686e-01,-2.646678642246136359e-01,2.774873751621158569e-01,7.589622102522195490e-01,-2.756788583243753588e-02,3.291329351661310132e-01,-9.082150017326813540e-02,8.798417133866898165e-02,-2.973181636779864689e-01,1.856227558673818057e-01,-1.753144549090973892e-01,-9.603100668909880788e-02,2.174558807120083662e-02,4.822178290730039230e-02,5.514519921401297431e-01,5.844828278158609169e-01,-6.245260020363457322e-04,2.723373092822267694e-02,-2.648571216883585100e-01,-2.623862945033254013e-01,-1.817876655436495292e-01,-4.031175746922495140e-01,-2.798619371473691775e-01,-2.150511606639207429e-01,-3.686090138458106846e-01,-2.167994407887504915e-01,-4.257798573111312157e-01,-2.137059679782750687e-01,-3.150368418784207925e-01,-4.472927143885991885e-01,-3.131843259633039778e-01,-1.619298572318774443e-01,-1.953391462634392617e-01,-2.698361645098901196e-01,-7.619250890810669308e-02,-1.044655459473960990e-01,-3.200281551791392398e-01,-4.925784683092718774e-01,-2.470015268443281065e-01,-4.228372938271744985e-01,-4.535698192117481597e-01,-1.336836496549534958e-01,-4.704510550211188358e-01,-5.086968617124832948e-01,-4.003653108218793721e-01,-5.624665688278780440e-01,-1.931630120163733144e-01,-2.798531118933325623e-01,-5.886400323846770199e-02,-1.310368397574430965e-01,-1.305275542082091345e-01,-2.252765594206136701e-01,-3.594182147460784488e-02,-1.420123000252441481e-01,-1.825372597488763571e-01,-3.791588797649912412e-01,-4.957748775121087470e-01,-5.250529069823159922e-01,-4.458037661888766823e-01,-3.241500432322642067e-01,-5.104980888514805137e-01,-1.073538706064386117e-01
5.325349309505532647e-01,3.987809746462113725e-01,0.000000000000000000e+00,6.335390600341347378e-01,2.446583929921093692e-01,1.101594379655155276e-01,8.808470991702892494e-01,5.685700270728484274e-01,1.298485903678188169e-01,6.767566716749220945e-02,2.104807486568842090e-01,2.333920135798137896e-01,2.739931288655223507e-01,3.173388237156231639e-01,5.769210791186312609e-02,-6.307820488823179424e-03,-4.364022232635227372e-01,-1.538762199790711105e-01,7.986429203459535220e-01,6.116412088591811624e-01,-2.679396098188131514e-01,-1.336764272669786202e-01,8.974773199169876481e-01,7.778752607533314656e-01,2.000026466065766839e-01,1.171245903718423909e-01,1.122498984117736714e-01,1.387313755944040716e-01,-2.446305633200629992e-01,-2.893834964329236592e-01,5.852889367541437293e-01,5.186489154687013992e-01,2.388415570166317059e-01,3.044524800039504764e-01,-1.861313431569961430e-01,-3.667635899876707239e-01,-3.177424870996666817e-01,-5.250082934113838862e-01,-5.032991610291594198e-02,-7.003333371913468379e-03,-3.701725723194900786e-01,-3.218980992215943471e-01,-3.429707701906907769e-01,-3.463605141589640724e-01,-3.234891101660832824e-01,-3.776624565733939787e-01,-3.690870590150913677e-01,-3.538614113573608222e-01,-2.458825918638375407e-01,-3.298809321525875693e-01,-1.791168719411916910e-01,-1.824835455266866913e-01,4.182198989331913780e-02,1.591717781122552189e-02,-2.068507381055132224e-02,-2.250552257642963461e-01,1.549641067574270836e-01,2.251324038453950682e-01,-2.759155290002805461e-01,-1.659675565934468078e-01,-1.884891311818607806e-01,-3.087639786991286939e-01,-2.395784638822035795e-01,-3.351083494527985485e-01,-3.876150542558196577e-01,-5.067143978192538700e-01,-1.928400604360090975e-01,-3.321921443056288781e-01,2.217784841556490749e-01,3.492161399791764431e-01,-8.465822463711494134e-03,5.371127161395235217e-02,-1.385541084385781829e-01,-1.439768556351187223e-01,-1.774113578604516461e-01,-3.023925209451841511e-01,-4.326261398076154951e-01,-4.792779766120910390e-01,-1.158154787385204110e-01,-1.628268376051415778e-01,-3.134459539262912098e-01,-3.835613734811393338e-01,-3.782915601260549154e-01,-2.910797344284087873e-01,-3.002871708311604659e-01,-2.724165102424084828e-01,-9.957770711717292555e-02,-8.154459451191425901e-02,-1.027163722588090048e-03,5.976376840153001246e-02,-2.602372330930664002e-01,-2.035940063942812683e-01,-2.158945235207408164e-01,-4.130409410072285459e-01,-5.031696438818398232e-01,-3.744845176319326341e-01,-5.087512854135844975e-01,-5.232354025105381279e-01,-3.499866408093257331e-01,-4.314791424039743917e-01,-1.786013676156082697e-01,-4.473876116164359623e-02,-2.471034222781663681e-01,-2.399962495872423884e-01,-8.867410454241335394e-02,-2.183740753509893218e-01,7.436853784882550833e-02,-6.630738868290642074e-02,-1.654606713344465227e-02,-4.129228694168151081e-01,-1.702974176681074092e-01,-3.330530674768115706e-01,-3.993798968171579089e-01,-3.066546249383980682e-01,-4.554808040915029332e-01,-3.096803834084775331e-01
1.660322966251851495e-01,6.350311730161870560e-01,6.335390600341347378e-01,0.000000000000000000e+00,3.265381187470149573e-03,1.109811140261142415e-01,4.595410700945553595e-01,8.823790911229209000e-01,-6.771201281184399678e-02,4.901231618441048016e-02,-2.597106215716644961e-02,4.413330007649995945e-01,-1.412837264196563081e-01,2.872112969110620639e-01,-1.297167970888874200e-01,-1.093373675445378501e-01,-3.580489976394621299e-01,-2.260288223047786718e-02,5.842804621405671694e-01,7.159765910957818225e-01,-1.029166291737957650e-01,-1.468433906727799609e-01,6.962578626493886036e-01,8.582493029042722599e-01,1.608623326487489402e-01,7.211046816449653840e-02,-1.076192913263527146e-01,-1.087430525765609030e-01,-2.499560396288872388e-01,-1.731516185505961869e-01,4.855073283868410750e-01,5.987375309710418758e-01,5.948478276018564354e-02,3.834678671554370699e-01,-4.435120452261492874e-01,-5.086915047098621301e-01,-1.724843996752820074e-01,-2.802656642578804091e-01,3.599071179131310694e-02,1.779495756809647278e-01,-2.254339032861213052e-02,-9.967666217953116692e-02,-4.561242577976187818e-01,-5.902355333034867702e-01,-5.367323297601260812e-01,-5.027181214851844659e-01,-4.456192218132563609e-01,-5.852689637845249759e-01,-4.174933270626169923e-01,-4.928768556845019577e-01,-3.123754264803597636e-01,-4.031552142889967549e-01,5.039580351017553667e-02,-1.890796145322510002e-01,-8.995432283151820474e-02,-2.952243295257642730e-01,-1.675263517251293632e-01,1.844630248747248513e-01,-5.637603652573023316e-01,-1.658251962978261329e-01,-4.681650353899232675e-01,-1.643189776554738468e-01,-3.978668918427321621e-01,5.860252432833041800e-03,-3.925720395302475518e-01,-1.297786419062564867e-01,-4.811480642552596332e-01,-4.412945100068355053e-01,1.880346669811878701e-01,1.774963366982748869e-01,2.994803943228446785e-02,3.245128079314955200e-02,-2.352266113749093279e-01,-2.481399456020746686e-01,-8.944530561502274379e-02,-3.626817380562212811e-01,-3.599996155619176741e-01,-3.206770377626222968e-01,-2.377870731672961924e-01,-2.516906886973053203e-01,-4.096330011475000088e-01,-2.596530262241590337e-01,-3.032133197719494855e-01,-2.362797118610729941e-01,-2.794792202756806176e-01,-2.796002687808005205e-01,-6.082889496767517057e-02,-1.321458461051381594e-01,9.202058054793486874e-02,-9.892661036109848260e-02,-7.294956026972808372e-02,-2.600202660366655039e-01,-5.232597400754823019e-02,-3.214989211429162830e-01,-3.348196891045690515e-01,1.556169841343608799e-02,-3.372363653107769976e-01,-4.732321578704459797e-01,-3.674609117960724314e-01,-4.824143152597545892e-01,-2.393794990989480120e-01,-1.501270999448683641e-01,-2.660653931155664287e-01,-2.435946451016598457e-01,-1.743351781571719425e-02,-1.072197204984024904e-01,7.187333797145369074e-02,-1.003614346779480304e-01,-6.947912087373045442e-02,-3.239144476444412168e-01,-5.895613768853774639e-01,-4.067537293040348612e-01,-3.834875817955832877e-01,-3.592907127463639827e-01,-3.403871404764755582e-01,6.398438467088014836e-02
-1.455906532392169661e-01,-9.166214229796744439e-02,2.446583929921093692e-01,3.265381187470149573e-03,0.000000000000000000e+00,7.110930203968099939e-01,3.026760900875429816e-01,5.786383393260555869e-02,8.316083578256709963e-01,7.709982424534360668e-01,3.790868875675817984e-01,3.475440451041231782e-01,3.459056442120282404e-01,4.833467794365850501e-01,7.090467768137856952e-01,6.095129589748519150e-01,4.132123187712552492e-02,2.222822863044373876e-01,2.493463776190556550e-02,-1.460716677614193604e-01,1.953673933983079980e-01,2.844987849447738748e-01,3.147789386069458906e-01,1.540345113762307538e-01,5.780874474862518486e-01,5.937914467596172585e-01,7.141010611368990846e-01,7.370288120384683728e-01,2.101731581192176901e-01,3.826357163691073704e-01,5.182771353655760693e-01,3.976422068488615902e-01,-4.456841548732661668e-02,-7.654493725134931328e-03,-2.233257321023256470e-01,-1.601893551237298652e-01,-2.987120311742166301e-01,-4.384605729792447060e-02,-2.266840189160795882e-01,-2.280797719480847086e-01,-9.173610798520222265e-02,-1.011865280472342005e-01,-3.027557314827851176e-01,-1.573562572330584053e-01,-3.105628605147083832e-01,-3.284758757290541786e-01,-3.128987263598475566e-01,-1.696498077262795223e-01,-2.480794842416587098e-01,-1.379543429100109353e-01,-3.093516337212244283e-01,-1.216212611825027434e-01,-3.017711784173411349e-01,-9.320401182215898306e-02,-2.162527642052583521e-01,-2.144597529500429645e-01,-1.615739913344307888e-01,-1.165272229602978687e-01,-4.048365137772109712e-01,-3.164781953256852187e-01,-2.687886280855857346e-01,-3.387844759142905615e-01,2.318196055054431992e-02,1.890479039752353957e-02,-5.183353447646729117e-01,-1.742522396959143571e-01,-2.999972497774008873e-01,-2.343756363496788675e-01,-2.870123186080877353e-01,-1.655636944746549932e-01,5.004043895771737027e-01,4.342091192785175746e-01,3.582109843902523405e-01,3.886363888384686827e-01,1.467030505301805399e-01,2.114748832473503926e-01,-1.107892842821558976e-01,-4.423628215975729944e-02,-1.713048782639457202e-01,-7.194253715928559945e-02,-5.956408987058685323e-02,8.055513075674261558e-02,-1.664708644279671856e-01,4.583889425936972517e-02,-1.730795126607813650e-01,-1.639830119765719740e-01,-1.695867163479705120e-01,-6.807025656969670213e-02,-8.376983107693940223e-02,-1.389875233563322432e-01,-1.406369665832836180e-01,-8.668548187111219105e-02,9.231892137046109059e-04,1.389346927944106747e-01,-1.974712319978685904e-01,-7.441536970401116391e-02,-1.408268224269063063e-01,6.113775568650760273e-03,1.146074969363036905e-01,-5.121512516100674289e-02,-1.609119883530839845e-01,4.251249858960952366e-02,-1.561291264296010284e-01,-1.127303560845747121e-01,-1.306547296000881708e-03,3.146321306491797754e-02,-7.858980950774588359e-02,-1.639662741638199805e-01,-3.158237360076173172e-01,-1.331831136360175638e-01,1.327559285874208850e-01,-2.685085771624491982e-02,-2.506221991642303415e-01,-1.470852024573019445e-01,-7.572207817742054696e-03,7.178693091210153199e-02
-2.930526893358921803e-01,-1.140579626359948945e-01,1.101594379655155276e-01,1.109811140261142415e-01,7.110930203968099939e-01,0.000000000000000000e+00,2.194211084181645344e-01,2.637396732330409832e-01,6.676495658756218532e-01,6.250051908131589729e-01,1.710454886640773442e-01,3.531707958971287975e-01,3.025048669422802927e-01,5.495317752358633845e-01,5.733241473588162052e-01,5.758196597221918456e-01,2.313444395286849004e-02,3.147416770867004776e-01,-3.120110384526355793e-02,-1.370579318661004353e-01,3.308541036905187083e-01,6.397541015092257366e-01,2.691593482605448284e-01,2.365239000454066043e-01,7.181795539884904267e-01,8.066840106058910109e-01,5.994965556999028999e-01,7.099239949247466708e-01,2.455233796271611979e-01,4.903912197017642471e-01,5.373153702636445095e-01,5.024237474595752984e-01,-2.066969500285871855e-02,6.728847440295310234e-02,-2.867289343648389277e-01,-1.722082926360246902e-01,-2.219253565149164886e-01,5.302966239316939806e-02,-1.469071454754804495e-01,-1.610075722659252140e-01,-5.141170259828216349e-02,4.638521509578123064e-02,-3.158894779312781953e-01,-2.185950943338130503e-01,-3.814058182846652434e-01,-3.287379749719774868e-01,-2.989339209087364946e-01,-2.183511185207240857e-01,-3.377566461514642238e-01,-2.339588286327831113e-01,-4.197126883827261290e-01,-2.693383229708791737e-01,-3.923004515473152432e-01,-2.688543400404679873e-01,-2.891723736680498202e-01,-2.222663380278507572e-01,-3.007689873101346278e-01,-2.547900501129269357e-01,-4.442546706522207955e-01,-3.273055234012012260e-01,-3.844832002831664597e-01,-2.068740487176488341e-01,-4.124160330555882992e-02,1.358754766511304779e-01,-5.555323452088422043e-01,-1.030427929884309007e-01,-3.601153444883385402e-01,-2.682646244320457951e-01,-2.744282610883563844e-01,-3.003012151001425156e-01,5.607894021123532857e-01,5.499282276975717698e-01,3.682623771197733875e-01,5.792643606390858180e-01,2.181235032568702437e-01,2.520421379245776361e-01,2.205523465857383431e-02,1.371246145089260460e-01,-4.680612446516573683e-02,-1.611394517943385077e-02,-8.199101904617363268e-02,1.841517198846522319e-01,-1.409746715736664713e-01,2.555378754191633406e-01,-3.475240712755721106e-01,-1.309081107642708630e-01,-1.207985975837124332e-01,-2.534823677560929175e-02,-2.454651254008697880e-01,-1.489938064263172102e-01,-3.140284294356654460e-02,-6.324976604299546723e-02,3.760547834805361600e-04,1.526220032157825091e-01,-8.121050522894661394e-02,1.172242404414818029e-01,-1.176749865349005497e-02,1.043468986761465073e-01,2.718609430711192015e-02,-3.208148769201039224e-02,-1.162466278636099803e-01,-8.137860209547852219e-02,-1.533815794023057344e-01,-1.830691336507131450e-01,-2.849467111240457876e-03,-1.876203628252562372e-02,-9.732320241444546161e-02,-1.512935859587365706e-01,-2.265888259689462780e-01,2.842903356209701762e-02,3.461289559373424002e-02,-1.373920270000854871e-01,-3.019885193697728343e-01,-1.469616575972933492e-01,3.486066109410576597e-02,1.877551662142619704e-01
5.605146057263246107e-01,3.228199951443903593e-01,8.808470991702892494e-01,4.595410700945553595e-01,3.026760900875429816e-01,2.194211084181645344e-01,0.000000000000000000e+00,5.734437707534556505e-01,2.681121789048623305e-01,1.348156723167537874e-01,3.254160279871889938e-01,2.576522377599524405e-01,5.315495809196183474e-01,4.742596140688085105e-01,2.660526948409340786e-01,1.665463261952305762e-01,-3.616625627802794729e-01,-9.597343987140566357e-02,7.074667593516612563e-01,4.717715629302383085e-01,-2.311570625229428799e-01,-1.905501088287931896e-02,8.658553815195462189e-01,6.977842386932107122e-01,3.125886114284973649e-01,2.520964201875094957e-01,1.400782713018228209e-01,1.682225451810842876e-01,-1.564373300338924022e-01,-1.436278555308143356e-01,6.618215057578706872e-01,6.039174454465277009e-01,3.697888625289175724e-01,3.453564396254303892e-01,-1.439201394077615215e-01,-2.527785338455338926e-01,-4.614736978735179962e-01,-5.283459250031272703e-01,-8.021567649276435674e-02,-1.576299637250156149e-01,-3.784512006378117910e-01,-3.315550792762700927e-01,-3.336765756225357760e-01,-3.005011130089415561e-01,-3.419884028093031492e-01,-3.862447663266820319e-01,-4.269814408682551798e-01,-3.304571066750308095e-01,-3.099983729566999080e-01,-3.789989664672374081e-01,-3.266483226552640007e-01,-3.211421205931815348e-01,-2.076831876178898972e-01,-8.669157025931055471e-02,-1.955156238475463659e-01,-3.933341246441319217e-01,2.348958713125249842e-01,1.844805613854405835e-01,-1.979664675821245778e-01,-1.852218267136595264e-01,-7.028583443704232436e-02,-3.383826144455647777e-01,-1.198602945056403968e-01,-2.855741933013208333e-01,-4.283902579528944821e-01,-4.947396314521990690e-01,-1.044602482776765956e-01,-2.076640362415367314e-01,1.904902403685010959e-01,2.679295464784961500e-01,1.816754030533247466e-01,1.776422099415697620e-01,-1.401552936659580329e-03,3.752889554035235969e-02,-3.046079920989272841e-02,-2.005760275365393031e-01,-2.457602603116166295e-01,-4.011971054121188929e-01,-6.402469021078836808e-02,-1.182577715774452143e-01,-2.481344696745795830e-01,-3.539704447828333489e-01,-3.298295214145682830e-01,-2.054033909939657343e-01,-3.273713744666322811e-01,-4.102689280952671047e-01,-1.106395665381671584e-01,-9.632698360864755394e-02,-5.899726210338690491e-02,-1.399407982633203706e-01,-3.619286064133026559e-01,-2.734805319043776550e-01,-2.898967299417893884e-01,-3.848181850058003950e-01,-5.507990942097709119e-01,-4.364995141080500463e-01,-5.019662853377229172e-01,-5.054030360194577964e-01,-3.813824380272316517e-01,-4.501274495619331240e-01,-2.890559463177508892e-01,-1.048838747316435255e-01,-4.008429095078395177e-01,-3.806421228551109537e-01,-2.293556877141758599e-01,-3.687724072084068716e-01,-5.543720463025118145e-02,-1.805877367439186476e-01,-9.554934937038843390e-02,-4.218282530677361364e-01,-3.275640871325059822e-02,-3.653927272320773301e-01,-4.926355092386994206e-01,-2.579540708647918845e-01,-4.471124132309728383e-01,-3.745180444516650331e-01
2.038252118625853426e-01,6.317513562585809206e-01,5.685700270728484274e-01,8.823790911229209000e-01,5.786383393260555869e-02,2.637396732330409832e-01,5.734437707534556505e-01,0.000000000000000000e+00,5.200515672077778151e-02,1.194893134696504017e-01,5.808482205474103238e-02,5.855394181101599704e-01,7.565604808923176439e-02,5.814059226510840395e-01,2.675233675047859749e-02,3.090475509087832126e-02,-3.396825758372136184e-01,8.450306257855205727e-02,5.332937673254939392e-01,6.280852168958306336e-01,-5.956291956810726845e-02,-3.333657227566211301e-02,7.116765077032731757e-01,8.528777260900586299e-01,3.657758132958583430e-01,2.765396225938616670e-01,-1.331642900136256191e-01,-9.006559497446012252e-02,-1.833917947721090125e-01,-8.028916987592041657e-03,6.592538544592871919e-01,7.688691244840983874e-01,2.551275398356786517e-01,4.939423186642332708e-01,-3.924590986281953353e-01,-3.920101830931052023e-01,-3.848224756722634643e-01,-2.955081913241090485e-01,-5.495810923779854279e-02,3.216288122732737648e-02,1.075743526486509088e-02,-1.038444446578298680e-01,-5.148764084465994317e-01,-6.077969237959726101e-01,-5.726257822093036021e-01,-5.278241390361684271e-01,-5.435226577404744797e-01,-6.203688133656815040e-01,-4.912424568333791930e-01,-5.286995577165333193e-01,-4.614746791537242543e-01,-5.295757091053642229e-01,-1.500155358798273553e-01,-2.726185071777434410e-01,-2.689449433229540443e-01,-4.601910544180733420e-01,-1.340406431986671809e-01,2.285148435363058006e-01,-4.926938580035136739e-01,-9.375819224958202580e-02,-3.912223031919971894e-01,-7.295509242407781370e-02,-3.537223911321900616e-01,1.526578512630153150e-01,-4.727832724664778330e-01,-8.345116788473627700e-02,-3.852237018516936340e-01,-3.262674893856278291e-01,2.484590029531807964e-01,1.651060598386402678e-01,2.707889705737127062e-01,2.731622892645436118e-01,-6.311069359652005106e-02,-1.969815354252647463e-02,-1.277524041364517735e-02,-2.840295231354710292e-01,-1.762994167432441472e-01,-2.249327529213027421e-01,-2.872818986132334995e-01,-1.980984759005583462e-01,-4.246449113665726194e-01,-1.948463154676099984e-01,-3.160793472074774901e-01,-1.616743519869830448e-01,-4.102709220575221916e-01,-3.978446831099821113e-01,-1.155338805012526560e-01,-2.023695262314253451e-01,2.546894841883974928e-02,-2.647705312052523463e-01,-2.134620470518083235e-01,-4.088279863375244849e-01,-1.832257238029315893e-01,-3.821487928709670356e-01,-4.988142471380541676e-01,-9.622053229758109616e-02,-4.429227745273544015e-01,-5.249499043640876161e-01,-4.934408404008340798e-01,-5.633889339664134299e-01,-3.128668463230768748e-01,-2.661935761662519995e-01,-3.602101856430503513e-01,-3.653708000178514936e-01,-2.039320877314141911e-01,-3.045777106675913726e-01,-6.854108336441627758e-02,-2.005684458170219342e-01,-1.548500797879339974e-01,-3.808021388524189255e-01,-5.594596733845137448e-01,-5.599305012991463437e-01,-5.487234660976998413e-01,-3.845819078325913853e-01,-4.047203901272528048e-01,-1.124294588735233295e-02
-1.975454407788399813e-01,-2.124403785427889380e-01,1.298485903678188169e-01,-6.771201281184399678e-02,8.316083578256709963e-01,6.676495658756218532e-01,2.681121789048623305e-01,5.200515672077778151e-02,0.000000000000000000e+00,8.542984471865860963e-01,5.421338040756404908e-01,2.717487122679533296e-01,4.186249386285724183e-01,4.322104956524751018e-01,8.328657028305079812e-01,6.969469196793988131e-01,1.180216327031188700e-01,2.378160667882608104e-01,-3.763257751116276528e-02,-2.474901984825744750e-01,2.193505364121935142e-01,4.065015218191075919e-01,2.696324847855466333e-01,1.438246368382180840e-01,5.002808797121973683e-01,5.099472770653062925e-01,6.762341340523952971e-01,5.679439128446414076e-01,3.239292990159131636e-01,4.582977843894390779e-01,3.659242196861028917e-01,3.701174958478102850e-01,-1.604008430927666706e-01,-9.898232809149852540e-02,-3.119693516328281846e-01,-2.474328008146127189e-01,-1.654439295687375466e-01,-8.872239105425408501e-03,-1.871228472580194757e-01,-1.891524173237837114e-01,-1.389586780312152270e-01,3.132759372294902783e-02,-2.615611356211234306e-01,-8.651293352079432453e-02,-2.808351233671410596e-01,-2.876816273294925952e-01,-2.497648445978159493e-01,-8.413770754039617827e-02,-2.177546473497138091e-01,-5.254936288512827153e-02,-3.106859202677218490e-01,-5.898275852830719979e-02,-3.047026849089680134e-01,-1.688475523618029883e-01,-1.443742174868389017e-01,-8.581273472710772288e-02,-1.884901397410483348e-01,-2.944001707934440493e-01,-4.330917243720318610e-01,-4.923970627291311963e-01,-3.350569070796092785e-01,-4.062448260302568004e-01,3.040277841589138219e-02,3.414455050714428064e-02,-5.524646344806835030e-01,-2.746669413174858687e-01,-4.134804560646142546e-01,-3.293961199368690140e-01,-3.834568779455241883e-01,-3.054439925336435158e-01,5.156262367939706825e-01,4.771177892309491630e-01,4.564892186639341598e-01,4.863212120630999169e-01,2.372352802979688924e-01,3.206764141732016404e-01,-1.375264069074816353e-03,9.617550064889758554e-02,-1.159367391202024006e-01,-7.257017629345187404e-02,2.050351847073907455e-02,4.420956473582325630e-02,-2.640249745644964938e-02,2.119705393648832759e-01,-1.175936043200464104e-01,-2.800254005777850774e-01,-1.652821028565647915e-02,-6.189952102740614581e-02,-1.127787158670772727e-01,-2.370387610683022672e-01,-1.815965261495132710e-01,-8.184264501140954551e-02,-8.351377523760623867e-02,2.126065828485211862e-01,-1.366979871763727428e-01,-7.853530927823709762e-02,-8.201991080565437797e-02,1.004041698626923634e-01,9.423542754326567905e-02,-5.132285682153289903e-03,-3.004052754619351284e-01,6.564756400727826680e-02,-3.395581390584100911e-01,-2.117258999691345733e-01,-7.614548812226278052e-02,4.086796185114181107e-02,-1.335866522461463812e-01,-2.159558757009228669e-01,-3.401757256392137219e-01,-9.906267573163859974e-02,1.581062078008445559e-01,6.233738282581330684e-03,-2.284692165109148132e-01,-2.074458318702621373e-01,8.924418452355649400e-02,9.789473085226403637e-02
-3.146071012206765882e-01,-2.261860272295317387e-01,6.767566716749220945e-02,4.901231618441048016e-02,7.709982424534360668e-01,6.250051908131589729e-01,1.348156723167537874e-01,1.194893134696504017e-01,8.542984471865860963e-01,0.000000000000000000e+00,4.368768953821124956e-01,3.362231312002091355e-01,2.218129218255149582e-01,4.301123773429697539e-01,7.356728309521233244e-01,7.371697945016024711e-01,7.097209676859800309e-02,2.287988067416294180e-01,-1.256641505167190309e-01,-2.789057161357310077e-01,1.518711315382142157e-01,2.729395937970169883e-01,2.195592349658499753e-01,1.850513955382550868e-01,4.344379909585351918e-01,4.468782906714303671e-01,5.564866188629059574e-01,4.898466166726112014e-01,2.616979399915895232e-01,5.057590040328325820e-01,3.808322920844237069e-01,3.448918609146047198e-01,-1.688155950971368668e-01,-3.828323148774119555e-02,-3.102147843011623940e-01,-2.706161959495655411e-01,-1.690851090892367958e-01,1.098798653128644220e-01,-1.553358606221149074e-01,-5.476876683714385768e-02,-7.416495813886808675e-02,1.091653429306832235e-01,-2.529654047476961876e-01,-1.334510538877613506e-01,-2.924085853868144125e-01,-2.995401309557615410e-01,-2.936142965061955268e-01,-1.243912197067668785e-01,-2.701967275325177775e-01,-8.383179073554843097e-02,-3.850139257206944832e-01,-9.334686397156626014e-02,-2.890182302352107824e-01,-2.334448567557768084e-01,-2.125403927000745485e-01,-8.543248514240019131e-02,-3.485720291514893265e-01,-2.925143552890011600e-01,-5.072680326802396777e-01,-4.297112619966842462e-01,-3.073806781503696239e-01,-2.225551986427442008e-01,1.411685531401769660e-02,1.471948837353264927e-01,-4.883110556422373127e-01,2.327400638616597753e-02,-4.184660646184330535e-01,-2.843462315539764251e-01,-4.230632777278065526e-01,-2.838593616793701480e-01,4.716226680864446519e-01,3.885362836182925106e-01,3.993386007069003596e-01,4.139224077984330896e-01,1.999876255882774567e-01,3.288021055350598965e-01,-5.487851284827618970e-02,6.518693923061549822e-02,-2.305407945941145564e-01,-2.411642070658863782e-02,-8.089099062910280746e-02,1.181664081895881235e-01,-3.381571474648985363e-03,2.228732675232827642e-01,-1.594574261228086931e-01,-3.027471298503758290e-01,-6.106410788180719612e-02,-3.496755934857775222e-02,-7.512226951532734176e-02,-3.058367676637071542e-01,-1.000644651490993770e-01,-3.144933349564529163e-02,1.273534482571342212e-02,2.450914865271186238e-01,-7.320604382756586148e-02,2.076827385904820786e-02,-4.883849557497413341e-02,1.192017668362307103e-01,5.927041690940160201e-02,-4.914599713136814756e-03,-3.481913570742523611e-01,1.796279886738669507e-01,-3.966072291282503604e-01,-1.767398777472768967e-01,-5.740848411793745415e-02,6.404664249528568831e-02,-7.516735285118174292e-02,-1.197158362452318270e-01,-3.691020492905310313e-01,-7.717792304166298800e-02,4.782208112016598373e-02,-1.750871678026672679e-02,-2.114104515239924043e-01,-1.654277664036698792e-01,1.076010456531820703e-01,1.237685034400155260e-01
2.572852721662766129e-01,-7.241043945642909596e-02,2.104807486568842090e-01,-2.597106215716644961e-02,3.790868875675817984e-01,1.710454886640773442e-01,3.254160279871889938e-01,5.808482205474103238e-02,5.421338040756404908e-01,4.368768953821124956e-01,0.000000000000000000e+00,2.196193553149366762e-01,4.676394232486992264e-01,3.099847587357204559e-01,5.084506392550246501e-01,2.882843860408615400e-01,4.234382108105148590e-01,1.953416095027074029e-01,1.216986129389802662e-01,-8.983106324708393930e-02,1.307730529808816267e-01,1.192621356231884783e-01,2.749808165544137539e-01,1.966320358466463747e-01,1.724306707387700810e-01,1.415430741183999752e-01,2.172017712922225396e-01,7.796647546010083973e-02,4.620426396478405362e-01,2.519351943400326421e-01,2.580087303729627912e-01,2.820911262623829185e-01,1.778401168589984482e-01,1.991170715768713628e-01,-7.773546821382909533e-02,-1.120994601599785562e-01,-8.949678698362618923e-02,-1.850234999538419578e-01,-1.297523541080579101e-01,-7.011476298832278187e-02,-7.558675927623073609e-02,1.215725263926197702e-01,-1.423119172316616166e-01,-3.461402380783403648e-02,-1.513365051146042528e-01,-1.788990320159653535e-01,-1.287265059452682159e-01,-9.310896675542461309e-02,-1.098276832352235027e-01,-8.508512745115444365e-02,-1.046108362037820178e-01,-6.200812422801867119e-02,-4.332430420302250951e-02,-1.168135466864197169e-01,1.936377474594608988e-02,-1.510575474182042910e-01,2.979149938704417355e-01,-1.312665279165929899e-01,-1.450767529400839306e-01,-3.587948792620643812e-01,-4.556750086606214944e-02,-2.598606072026769520e-01,2.917579834406746064e-01,4.483458815959298627e-02,-2.640356770106698781e-01,-2.610374268944420928e-01,-1.835674490952807769e-01,-1.623122688682059889e-01,-1.301253985580441142e-01,-3.567525716558150872e-02,1.807855816255944659e-01,1.306675968308714242e-01,3.932190829358845896e-01,1.925697998393645083e-01,2.714893229190715740e-01,1.611663875896051368e-01,-6.241847286483886981e-02,-8.871226941180983261e-02,-5.184018523630228720e-02,-1.106726098693701921e-01,6.837301685377344951e-02,-2.411084068773789446e-01,6.636720430794729175e-02,9.119178710325194503e-02,-1.099379729669790473e-01,-4.219498497420042793e-01,1.032314828454542754e-01,-2.363492499617787790e-02,-9.191968285701966612e-02,-2.091354518188766054e-01,-3.335910029263444709e-01,-2.908985272050790272e-01,-3.329775408010957061e-01,-1.824908974415062057e-01,-2.161280760474741103e-01,-1.385702248347369658e-01,-2.005126041771000678e-01,5.204422863274727742e-04,-8.513323569989357520e-02,-2.226519220196774562e-01,-3.309163641425444391e-01,-5.453298281705627748e-02,-3.557806917484580000e-01,-3.188746406923560484e-01,-1.022303343877506432e-01,-8.490558031491274305e-02,-1.049629964215136220e-02,-2.176489236896154630e-02,-2.447659478541549249e-01,-1.801244855642558373e-01,9.171983785318750526e-02,-1.804866606678468266e-01,-3.585722199563448065e-01,-3.443032803810407994e-01,-1.222118073322100845e-01,-1.884742552643015323e-01
1.340014710618426044e-02,5.792140580130135108e-01,2.333920135798137896e-01,4.413330007649995945e-01,3.475440451041231782e-01,3.531707958971287975e-01,2.576522377599524405e-01,5.855394181101599704e-01,2.717487122679533296e-01,3.362231312002091355e-01,2.196193553149366762e-01,0.000000000000000000e+00,-1.386904842074728750e-01,6.819285981047005230e-01,1.749039137451732506e-01,3.642385391089277696e-02,1.180325739346553271e-01,5.784426827498683199e-01,2.443803405244672766e-01,2.704439897568396423e-01,1.540645064403974585e-01,-2.411623913691592817e-05,3.948932752710408445e-01,4.535631123341175575e-01,5.695812889272121593e-01,3.461957875019973097e-01,7.189813663157407220e-02,8.851859365817735248e-02,2.269340268817983675e-01,4.204319869915807417e-01,6.517899035208480907e-01,5.080792205894241187e-01,3.545747280869208096e-01,5.349825816932379796e-01,-6.419357914583478930e-02,-1.569426344520560151e-02,-5.302757420145621792e-01,-1.599261800407239809e-01,-5.041262002696128564e-01,-1.580977586190797021e-02,1.874098463359461508e-01,-2.339747945852036978e-02,-4.609263668828308402e-01,-3.721243427133698045e-01,-3.932051411418513998e-01,-3.194146862780082308e-01,-4.109642193427352486e-01,-4.360940465950168266e-01,-3.187958241156992334e-01,-2.384855900154465858e-01,-3.303678358858612718e-01,-2.906217165334172292e-01,-2.404017914919563126e-01,-1.222132032252550432e-01,-4.366687377221048494e-01,-3.604925955864023424e-01,3.121607712524390385e-02,3.793800978364357812e-01,-2.923430943956008554e-01,-4.746918971095415857e-02,-2.676628323856198310e-01,-1.729763135139066044e-02,-1.257841131058551054e-01,5.775484809031262712e-01,-4.347106059542582557e-01,1.229113387703103660e-01,-1.364982588983607303e-01,2.063755241793961692e-02,2.093786485915471729e-01,1.972402920268760962e-01,3.316509650408860366e-01,2.855824788683322679e-01,2.016484175308842774e-01,2.265553396768893446e-01,-2.489631359653571990e-02,1.951449323907143707e-02,1.188611693536419274e-02,9.882806012196906909e-02,-5.617279098776463142e-01,-2.070763412730402264e-01,-3.801012212031117943e-01,4.842188302873625533e-02,-2.102841978520703647e-01,-9.335634342981100064e-02,-5.490272917922407458e-01,-2.464969784455765811e-01,-1.700250205031350326e-01,-3.068003992450177853e-01,-2.497504645460584538e-01,-4.009878623267763564e-01,-3.995362004659051558e-01,-6.751646538401299136e-01,-3.263431069306952370e-01,-1.565785641860335531e-01,-4.817631326117312041e-01,1.156410975687723400e-02,-4.573499973690764997e-01,-1.862856928950349655e-01,-2.354725126145781056e-01,-5.145820306909141273e-01,-4.175069363137697276e-01,-3.727455509301099146e-01,-1.928351002403003445e-01,-3.044575825814666570e-01,-2.754139256547055714e-01,-2.230382915722290693e-01,-3.042047637165503082e-01,-3.304093045027949316e-01,-3.482172275204497569e-01,-3.425998305371509844e-01,-4.154533097546347364e-01,-5.443696624691622965e-01,-6.530419767160164923e-01,-4.978406338145535126e-01,-4.111588427556155390e-01,-8.957354581630712353e-02
2.419131857101628758e-01,-2.148989629129382517e-01,2.739931288655223507e-01,-1.412837264196563081e-01,3.459056442120282404e-01,3.025048669422802927e-01,5.315495809196183474e-01,7.565604808923176439e-02,4.186249386285724183e-01,2.218129218255149582e-01,4.676394232486992264e-01,-1.386904842074728750e-01,0.000000000000000000e+00,3.931315097948602233e-01,5.114882629867431030e-01,4.153689731970970356e-01,-5.077473795555423330e-02,-8.256137698513046908e-02,7.970564104369559644e-02,-1.367933347939625233e-01,-1.447660447804084705e-01,2.067122738531027570e-01,3.139637460464511087e-01,1.316500530174607719e-01,2.296060620515320005e-01,4.137047639088092810e-01,1.871545333057610672e-01,3.341337436536621630e-01,1.686043663170938220e-02,4.343801724996738944e-02,3.218444929435662072e-01,3.348435991327196048e-01,1.035598928183997930e-01,-8.004307992060519239e-02,-6.528186324916120109e-02,-7.321257623578135421e-02,-1.174828349816657014e-01,-1.003697373761755496e-01,2.949046494349050751e-01,-2.979858412167965542e-01,-1.285109705751828757e-01,-7.225086835073803171e-02,-2.248124702783612650e-01,-1.072722977283626089e-01,-2.267015327001983549e-01,-3.181114829291778467e-01,-3.130400857937091774e-01,-4.097492408976219358e-02,-2.306882158552150675e-01,-2.014065134076311880e-01,-3.254561451844138475e-01,-1.847341588859049144e-01,-3.558983828877401168e-01,-1.353567961775030692e-01,-7.012107608467905984e-02,-2.980873504883993497e-01,6.167802652706266126e-02,-1.084498550745502665e-01,-1.376403039048507138e-01,-1.670232399739334239e-01,3.529159667345656282e-02,-3.008494243430305248e-01,2.278054805759956447e-01,-3.587358669272573408e-01,-2.943054619725266052e-01,-3.137531266226868953e-01,-1.203615093523059121e-01,-2.105399863863620658e-01,-1.189800752156294911e-01,-1.409133553047491605e-01,3.669001990879148245e-01,3.227555393758491098e-01,1.535085962137885673e-01,2.296948846481730588e-01,3.630992757355858136e-01,1.799094206849183308e-01,5.393936105904150596e-02,-1.817096346793909134e-01,3.669629744485388145e-01,1.476851355162208390e-01,1.137867079828632777e-01,-1.185808911076874778e-01,-9.256414421960417263e-03,1.917746947417657832e-01,-1.518272305465093522e-02,-3.177836429660733653e-01,1.215514458504327322e-01,3.205035824103156239e-01,8.293167395193799807e-02,1.223472025274377206e-01,-2.268224188496539839e-01,1.522593999210703763e-01,-1.733739215021513347e-01,-3.090621957074911053e-01,-1.156099655269825638e-01,-3.534666476014279857e-01,-5.330446038405722148e-02,-2.042886832367915295e-01,-2.244425452691045375e-01,-7.730814766904692270e-02,-1.022231426794753262e-01,3.406127998224071224e-02,-3.264265205430543770e-01,-2.551062727861878043e-01,-1.260005672716024427e-01,-3.241773293619035212e-01,1.628073004025497872e-01,3.017291503921845294e-03,-9.349231146316548668e-03,-4.805121059978290088e-02,3.165127959802510604e-01,-1.539845919267611440e-01,-2.838171833249070741e-01,-4.516359681423656736e-02,-1.907959190458677623e-01,-9.268163947986096662e-02
