0.000000000000000000e+00,6.852159313665511231e-01,2.936760116460670686e-02,6.967458576346273469e-02,-2.298635338091197522e-01,-1.309445345030902375e-01,-1.709954572487185987e-03,5.659939508458732699e-03,-1.805089405973971384e-01,-2.469321489838210704e-01,3.023677183152359005e-01,2.000817025741363775e-01,6.762305895172102815e-03,-1.357111219300014548e-01,-1.895830249113280574e-01,-5.031889790858077305e-01,-2.454650626423681703e-01,7.203625561404555788e-02,4.380639823402667221e-01,5.259592980639804516e-01,-2.569528339778085271e-02,-2.141505963732925621e-01,2.998068814157324805e-02,1.105856321273551192e-02,-1.555948684490456035e-01,1.358763315370818403e-01,-9.607258257259895795e-02,5.353862292910044340e-02,-2.440186883372295334e-01,-1.173623434771750851e-01,9.568501590141333113e-02,4.892148754759115259e-02,1.866052942213023425e-01,1.171911803962427945e-01,-6.753799744811773975e-02,-1.279793452689992617e-01,1.402337487547397343e-01,-2.006297757884478450e-01,-1.750736123419870116e-02,3.355951042337855794e-01,-1.572824323583861816e-01,3.603990116979607916e-02,8.585153760546705703e-02,-2.607467336474504280e-02,2.282319647508502247e-01,6.782353974405104513e-02,1.545962722450786864e-01,1.473955047969531251e-01,3.896478263727681801e-02,4.458872793109905364e-02,3.785328951857944157e-02,1.680613130624708240e-01,-5.198641817057655240e-02,-1.689820594266541187e-01,8.698981602223518350e-02,1.721986354532460128e-01,5.143271627308805272e-01,5.465170442501748882e-01,2.434489888296111904e-01,2.818326903665678285e-01,4.914492430082251923e-02,-9.470340319855431732e-02,1.644014448004273432e-01,1.762265579847547281e-01,-4.108824162905352351e-01,-2.000262158851719152e-01,-9.077996432957547920e-03,-6.664377141365231128e-03,7.028282008186542695e-01,6.194450988002944136e-01,-8.545742761762982823e-03,9.568035776660195613e-02,2.548040991986720225e-02,8.145804177884385933e-02,9.484395454502921041e-02,1.327826014679019950e-01,2.729429433730490295e-01,1.644009956289188279e-01,-4.269420326743530447e-01,-9.300843686644316710e-02,-1.682508479468945162e-01,-1.226584448250734038e-01,-1.189321764768903888e-01,-4.250282418959810959e-01,-4.401287549748430505e-01,-4.190186068009058018e-01,1.164970663183433758e-02,1.000005594759035138e-01,-2.257362809544814219e-01,-2.870296277226689341e-01,-3.254987407315464432e-01,-5.333687596632329386e-01,-1.597918991550324741e-01,-3.354288591759602700e-01,2.208990954041374910e-01,-1.413120224714995432e-01,3.349996543679589212e-01,3.832754206279662679e-01,2.786178889680218651e-01,2.882942840164093856e-01,3.407111074879291546e-01,2.423947750295088743e-01,1.591939620739534489e-01,1.448519761377735637e-01,-5.807644459402985793e-02,-1.646591303363478115e-02,8.323514859102716656e-02,-3.999363543975385793e-02,-6.335620778932243846e-02,-1.251866565123779251e-01,4.897742181365047354e-02,-1.364326120550704291e-01,1.736904837028883375e-01,5.314574255362032595e-02,-3.706812251575287293e-02,-5.746889535434435148e-02
6.852159313665511231e-01,0.000000000000000000e+00,-1.453717955122072747e-01,-1.667278048930931622e-01,3.435989601109803310e-02,-6.786474489810200017e-03,-4.206261135814782226e-01,-2.282698135107143200e-01,-3.877839336432663542e-01,-4.565228864939733788e-01,3.556960043072309174e-01,2.198706124356155089e-01,-2.593216855366020646e-01,-9.087068576268744757e-02,-1.536741944175387953e-01,-4.343002788380264656e-01,8.731896276754404218e-02,3.413725451578046299e-01,1.703922615122531181e-01,5.787930141980414112e-01,1.031117421312360699e-01,-1.329465240179850127e-01,8.505701494725820266e-02,2.586466496612690319e-02,3.640595282979119940e-02,3.049039577415931235e-01,-3.231830411153538418e-02,1.530683296657820713e-01,-5.796828033771789929e-02,4.010828208723966892e-02,4.063552427606713091e-01,2.386777898548478882e-01,2.358237338318269760e-01,2.464109194053612506e-01,-1.673869046148217243e-01,-1.771210751977137787e-01,-7.295342607285763836e-02,-2.392131725464552161e-01,-7.362488273892896229e-02,1.779769928500722354e-01,-1.058724980563360007e-01,2.337561291156749765e-01,2.160724778786419220e-01,3.656771218274727352e-03,2.936104654620876886e-01,1.250255638946737302e-01,1.992979026971349321e-01,1.616284068537215957e-01,-6.257675144300212100e-02,-9.762350297157072754e-02,4.045346709404191998e-02,8.435085625926680430e-02,-3.340578605320847216e-02,-2.940673839049405824e-01,4.165788903718226771e-02,1.097944916532102300e-01,7.746887524332825015e-01,9.053754875175350492e-01,7.402242571182859887e-02,5.499653894880038307e-02,3.172577119709880239e-03,2.885432728345459913e-02,3.126836428827343140e-01,5.207095267089680846e-01,-3.794871513640237226e-01,-4.027753672213214009e-01,-5.658249437382534275e-02,-1.446630065761890793e-01,6.519715862162233089e-01,6.095694416521729719e-01,1.887464376417115341e-02,8.576121826943086668e-02,2.650960494060786155e-02,2.468328525989008648e-01,3.271631657185469222e-01,2.561676047420646252e-01,4.179785027874326486e-01,3.331719321338380557e-01,-4.219396070428654832e-01,2.355087159029881430e-02,-4.795752262572988006e-02,7.820768718030596256e-02,-1.877533824620169212e-01,-3.846046293768840552e-01,-5.176174773607769009e-01,-5.713024172010153778e-01,-7.784776884778972506e-02,2.538922479655662465e-02,-4.797231634765913300e-01,-5.161742709488312819e-01,-4.084388467303457504e-01,-5.079659731835958203e-01,-9.687676108997660129e-02,-3.400804588361273639e-01,1.482319666613152731e-01,-1.759718110933220780e-01,4.035303234538324402e-01,4.691232615952462548e-01,3.595950492882298843e-01,1.981046013300536424e-01,4.599696258677415384e-01,1.847530590857291433e-01,2.438074517358021776e-01,9.847517673681381589e-02,1.073683536520853542e-02,2.514530376666075130e-03,2.002899834542751136e-03,2.247317876806375903e-01,6.314575138344211136e-02,3.295197008457369237e-02,1.534176278382190228e-01,-2.997529591767874452e-02,-7.282440178053303792e-02,-2.399288943101751947e-01,8.536362072768834131e-02,1.941728166776294784e-01
2.936760116460670686e-02,-1.453717955122072747e-01,0.000000000000000000e+00,5.843628763330296350e-01,3.902323470582026999e-01,2.337221772637114448e-01,6.496465415616191619e-01,4.774509816275728132e-03,4.487585627234212393e-01,4.045695452011772719e-01,3.316054582902147607e-02,-7.510692379628204629e-02,5.806258026130497463e-01,2.373385195037367723e-01,2.012991222154799087e-01,2.517216532659818928e-01,-2.288620739883475697e-01,-1.484189224036880361e-01,4.325709227793271827e-01,8.788255280697003513e-02,2.122749340627416159e-01,4.478544219735125509e-02,7.587737335744424438e-01,7.420140265413891489e-01,3.810643556919152131e-01,2.499795524408155722e-01,1.989806628117146425e-01,9.307563048396426397e-02,-2.284706828493181241e-01,-1.615678576814114920e-01,9.400340205692003792e-02,3.723486040127265140e-01,2.409991715006562854e-02,-5.711068925871125995e-02,6.857701802509251765e-01,5.079082894236465195e-01,-1.032501149666133072e-01,-1.911317202885748356e-01,-1.457272060399883162e-01,-2.544666273107671350e-01,7.538830133160705216e-02,-1.070394875946769631e-01,-3.926476207684545527e-01,-4.259543752428083252e-01,-4.072208058134436648e-01,-5.630329926540439400e-01,-3.862976377848867937e-01,-3.746218825300756117e-01,-5.018754024403647707e-01,-5.427803875908915332e-01,-5.525783080692764360e-01,-5.304766980397233045e-01,-4.108808699083016935e-01,-3.396871822020137155e-01,-3.979501594680860954e-01,-4.750837708548997229e-01,-8.117700877745688548e-02,-1.454522033025800465e-01,-3.278475071017305509e-01,-4.464363659101274751e-01,-3.695621493306577854e-01,-1.475057409545260934e-01,-4.073990974639232210e-01,-3.870071285166656327e-01,3.951984415106631343e-01,2.698892480769580771e-01,5.623129095759563656e-01,1.610994481044068227e-01,2.647462570460504816e-01,8.842201539621682982e-02,3.028880119560170558e-01,4.817559636643744536e-01,3.694778189324610662e-01,7.162359421214695154e-02,-1.218796253623450343e-01,-2.519098487444214052e-01,1.304311322523124539e-01,3.700406535300209548e-02,7.958564589660913416e-03,-7.917495621307278630e-02,-2.845417563661745142e-01,-1.147358902470619613e-01,-2.506560050092847547e-01,-2.080372813244817098e-01,1.653469247831709787e-01,1.956915909859412439e-01,1.033292000713604553e-01,3.871950851341288691e-01,4.096053580742956002e-02,1.202354536953628983e-01,-1.583474409304061747e-01,5.071252219587993881e-01,-3.074329918843154985e-01,3.494259055392544555e-01,-1.187815577529337530e-01,-9.006154911234694194e-02,9.766924096499662866e-02,9.239753367403882867e-02,-3.487642086578479073e-01,-2.746298658705718099e-01,-2.967854812619938887e-01,2.160882414535995888e-01,-3.772975410238280092e-01,-2.739021552409845461e-01,-2.464644512320797731e-01,-2.534999728130476471e-01,-8.649838448450709871e-02,7.314510097514756448e-02,-7.656173988426057120e-02,2.610448313345433147e-01,3.780200690683427345e-01,1.192268908013390666e-01,4.600945610432456701e-03,2.682100923494469269e-01,1.536373934333538083e-01,6.705124455655080140e-02
6.967458576346273469e-02,-1.667278048930931622e-01,5.843628763330296350e-01,0.000000000000000000e+00,-1.391012772914621831e-01,3.072819702436779266e-01,6.279464512381943697e-01,6.400187809388169224e-01,4.729395201875027932e-01,5.018220783165482368e-01,-2.067509004708347475e-01,4.957101675610817160e-02,3.464446998024786617e-01,3.607356590715883327e-01,-2.858078385244277892e-03,1.590413858942960335e-01,-4.197990186063005336e-01,-3.042711430681189211e-01,4.743931461214384027e-01,4.108494062838378702e-01,-1.204484299187548318e-01,-1.625375621923838276e-01,2.663679826082813729e-01,3.861085077449473157e-01,-1.099219314617764925e-01,-1.290278649298592650e-01,-1.500598602681296190e-01,-1.378892072723758577e-02,-4.621988648484203765e-01,-2.518491069368076762e-01,-3.275002970809873237e-01,-2.752818211647849178e-03,1.278837511731666619e-02,-1.455802164607126678e-02,5.594186076951871422e-01,4.970181281446073296e-01,-3.080483059569463777e-01,-3.875573990607488750e-01,-1.962959946279299317e-01,-1.641844337512400054e-01,-1.810278113560150337e-01,-1.893294577602646078e-01,-2.353687739566765191e-01,-2.855088207640960607e-01,-2.853711242985905172e-01,-2.485140120154001597e-01,-2.727092834397977783e-01,-2.093503038721220566e-01,-1.287884273493345999e-01,-1.420476787229754123e-01,-1.500551258709379443e-01,-2.424006320160606021e-01,2.913775947999440799e-02,-1.644297513480707518e-01,-2.376315136254133209e-01,-2.922610572845156796e-01,-3.123835814136236011e-01,-3.039744103802247688e-01,7.960904400317460328e-02,7.349281285853277723e-02,-5.467189245783269508e-03,2.211102871766023326e-01,-2.615229484189020015e-01,-4.004299022346846093e-01,2.745296886345646725e-01,3.410107272082644192e-01,2.546289987738056260e-01,2.399862981115447325e-01,3.537494703237444860e-01,1.949034632987171611e-01,-1.438913805305448157e-01,1.111094263683468641e-01,-7.801526381435684721e-02,2.319912672488114169e-02,-2.279795980441379488e-01,-1.378960670748711204e-01,-1.031361229135674684e-01,-8.014636747639505843e-02,-1.966900123619507168e-01,-1.148394610560452694e-01,-2.914237272456482453e-01,-1.781389093641748411e-01,-1.689680176552354196e-01,-2.470708472036837466e-01,1.621021019498299909e-01,3.216399471251231157e-01,-5.718299248630064752e-02,8.741349036953849350e-02,1.688189411317094490e-01,3.232065688806708414e-01,1.965846699335566106e-01,4.554980388470532549e-01,9.366748271628010103e-02,2.788016036427547473e-01,-1.087341445745888951e-01,-8.266901690825625981e-02,-1.546056213108983890e-01,-2.156841754758689611e-01,-3.270693224249264786e-01,-4.638286222107140810e-01,-2.275873013685101587e-01,3.168469230934820025e-02,-2.781982706147928530e-01,-2.312325315815072779e-01,-1.390333601800972096e-01,-1.656376101556586156e-01,-2.017618353454087715e-02,-1.779166059341700731e-02,-9.658971419619108434e-02,2.988909205221949514e-02,2.218234627810213022e-01,-6.166636348477823326e-02,1.078382614885402407e-01,2.382803447695661936e-01,2.528219587021872106e-01,2.482048968370178729e-02
-2.298635338091197522e-01,3.435989601109803310e-02,3.902323470582026999e-01,-1.391012772914621831e-01,0.000000000000000000e+00,3.924536429998829457e-01,-8.467762184774874079e-02,-4.404823997103486377e-01,2.698223534042684113e-01,1.212479433358626957e-01,4.866741452701826495e-03,-2.077771368777349970e-01,1.558881448405087800e-01,2.013408269394132907e-02,4.868517113732671597e-01,3.687383317994880616e-01,4.021012604398198076e-01,3.785318052303524583e-01,-1.828818379307307618e-01,-1.385681523113666547e-01,1.299570882727679455e-01,7.488080283285222793e-02,6.097404355958661037e-01,4.133557800253847558e-01,7.280029370898758456e-01,6.266320454744725987e-01,5.267732697137188502e-01,2.716118996482244641e-01,2.938147276692215648e-01,2.904532442751672772e-01,5.781926863713321429e-01,5.542183684748409611e-01,3.060426954372768571e-01,3.388013801626115207e-01,2.815559193169387409e-01,6.520586781508054541e-02,-6.528384494540120930e-02,7.084473721631633081e-02,-1.147838117629025323e-01,-4.269090329877458512e-01,-1.426754086648467923e-01,7.846380700836348698e-02,-2.287272390692656199e-01,-3.172626734886325184e-01,-3.361446374287522798e-01,-2.975247005520893495e-01,-2.362516437304496841e-01,-2.152779212543962650e-01,-4.630834769353448510e-01,-4.963306763669931843e-01,-3.274802572668361611e-01,-4.078291825607363030e-01,-3.038655748551549185e-01,-2.007015403289142130e-01,-2.671537233575324577e-01,-3.282770581584924519e-01,1.890057910735386260e-01,1.076189772363780467e-01,-6.567550338043212088e-01,-6.103758545284967418e-01,-3.386096360689827556e-01,-3.430417206018734205e-02,-1.981452872247556340e-02,9.208695758069208870e-02,3.264416742182544851e-01,-5.279278808117018190e-02,1.682782396706566930e-01,-7.052116276376879656e-02,-5.627094209155582283e-02,-1.176550442282209008e-01,5.226999293869351026e-01,2.174082112916292941e-01,2.995198477156104100e-01,1.751543673509087518e-01,3.236765144710330722e-01,-7.702223555870263416e-02,2.551095377800501884e-01,1.076612891780856923e-01,1.808323103430696799e-01,2.789485956783391285e-01,1.923168604561359407e-02,2.133602369246456743e-01,-1.818747859827135049e-01,-1.445883658615452205e-01,2.245660127501031555e-01,-9.138459317688313321e-02,-4.495131114482002477e-02,1.385978864534890276e-01,-2.135463957284022274e-01,-2.479405884371832236e-01,-2.546551887180374951e-01,2.253185006175258964e-01,-1.345609223111510488e-01,1.296334397465248589e-01,6.000023349218642360e-02,2.526347560086369959e-01,-1.497863393715972817e-02,9.113562718388894257e-02,-2.378826482362204342e-01,-7.953831357453637618e-02,-3.132487528100651453e-01,-3.204751188979652887e-02,-2.156087270381081278e-01,-1.563790150391311806e-01,-1.035777238937451022e-01,-1.423108261705840205e-01,-4.424634316955150526e-01,2.765434551442986777e-01,3.909267118446838607e-01,5.117828692914739852e-01,2.365694148800279728e-01,1.356693581597435139e-01,-4.023918867658906606e-01,-1.195448234311098368e-01,1.243602620378723121e-02,1.911391092921668478e-01
-1.309445345030902375e-01,-6.786474489810200017e-03,2.337221772637114448e-01,3.072819702436779266e-01,3.924536429998829457e-01,0.000000000000000000e+00,1.566284119919955364e-01,2.909425457335264587e-01,5.418632015297232263e-01,5.786517260764745263e-01,-1.067438342640081445e-01,8.248320939598126345e-02,1.637712808813219789e-01,3.752822999096694923e-01,1.026090059700659474e-01,2.674366874585201725e-01,-1.569327190410719497e-01,-1.124868770338581167e-02,1.298319529422250762e-01,3.091712580324552095e-01,-7.986899146245650394e-02,-1.213917843825930293e-01,2.984006855355217924e-01,2.118425311954417745e-01,1.363849864454446115e-01,1.895702520824587012e-01,9.668792750556226556e-02,1.891341368978734228e-01,-2.508597501461102275e-01,-1.149784037518607471e-01,2.409650096970059330e-01,2.876600896926282958e-01,4.146315747647820737e-01,4.141723243350720618e-01,3.286160956821314039e-01,1.239111924922847163e-01,-2.136742869563491576e-01,-2.183807163640070215e-01,-2.973534224696017941e-02,-8.017400478328029489e-02,-1.532913262460884052e-01,2.247816342084232172e-02,-4.055635643033306259e-01,-4.442494466281878829e-01,-3.008516110754561046e-01,-1.992822036096477123e-01,-3.425067683776600314e-01,-2.175300684077832725e-01,-2.603345861971766428e-01,-2.622218671548107727e-01,-1.657929607460937038e-01,-2.452823377514776748e-01,-1.151825198919996344e-02,-1.126833633955227985e-03,-2.118843614708657841e-01,-2.514599223479289658e-01,-1.152614375148827142e-01,-1.302689792410482716e-01,-1.294954986321779355e-01,5.168421200430478590e-02,3.146345210400244147e-02,4.775248464671797977e-01,-1.561371019226048262e-01,-5.527210331326899706e-02,1.039649320273507010e-01,5.079352172992411714e-03,9.362367480438711295e-03,-9.147447788406247796e-03,8.644862347301444927e-02,-4.038791080792430294e-02,1.139243592233774860e-01,-9.419837960348691544e-03,-3.884146566573361270e-02,1.214592776339993296e-01,4.597856253979086018e-03,-6.850829675453064260e-02,-9.041693348797408269e-02,-5.352591490728195872e-02,-3.930038630164491703e-02,7.142994763561830163e-02,-7.244728278867078319e-02,1.110883839612168966e-01,1.021567442559585814e-02,-2.257845604332263389e-02,2.335616215590212708e-01,1.700053040357011602e-01,2.031479904869976094e-02,-1.376848901874997214e-02,-1.574712286852224946e-02,1.073927362728060719e-01,-4.147277985164694869e-02,3.895061611605106222e-01,8.676592184394169016e-02,1.867026492838705087e-01,-4.263762063846197881e-02,3.454255272987059172e-02,-1.543727895739085143e-01,-1.196661274401379926e-01,-5.147686044780144243e-01,-4.569632760569794505e-01,-4.017846386987199425e-01,-2.304943229274622474e-01,-3.781130655725631895e-01,-3.780865072627016543e-01,-1.437472680988755580e-01,-2.798742818295081869e-01,-1.600404842644168324e-01,2.301440735863512499e-01,9.408915443703237680e-02,1.089785459244152349e-01,2.781255718830470680e-02,-2.175426426557868220e-01,-3.899406614009753858e-01,-1.504766132586399241e-01,2.917295767625216474e-01,3.587751585961684864e-01
-1.709954572487185987e-03,-4.206261135814782226e-01,6.496465415616191619e-01,6.279464512381943697e-01,-8.467762184774874079e-02,1.566284119919955364e-01,0.000000000000000000e+00,5.166793530769806519e-01,4.663641948189241049e-01,5.699678367951247493e-01,1.049843050571854786e-01,1.175152817136613376e-01,7.226943149649930342e-01,1.809918379028547242e-01,4.277690544369473075e-02,1.839897205686822357e-01,-4.380189166551880509e-01,-4.162773177666355129e-01,6.096443303420556736e-01,7.811347725334009950e-02,8.289727892596497616e-02,-1.470145058665533978e-03,1.442958797384991665e-01,1.379974973057286058e-01,-1.902272399323259588e-01,-2.998207311700024080e-01,-3.691525595011291988e-02,-4.742656046189971941e-02,-3.346359614601696064e-01,-2.505568560195308159e-01,-3.404847810805082253e-01,-6.326204936780643884e-02,-1.289418559656903274e-01,-2.089392871472145197e-01,4.507366357670247181e-01,2.365408757411502361e-01,1.329252689455055203e-01,-6.819479259873913179e-02,8.392195274305433439e-02,1.113006383852137571e-01,-7.937429453024724257e-04,-1.966995897148396677e-01,-4.988882098880723648e-01,-3.332275852411148986e-01,-4.614106135595679170e-01,-5.139351930567149784e-01,-3.854339477470880015e-01,-3.287500285216860552e-01,-2.937468755980149338e-01,-2.997162283431673568e-01,-4.608206851760487388e-01,-3.829612008258896361e-01,-2.569560122707373329e-01,-8.720339325774274786e-02,-2.991141058250874618e-01,-4.496328254636737798e-01,-4.579869012726994204e-01,-4.436605670510700983e-01,-2.283890732410461671e-02,1.711790595792745881e-02,-1.490594341978336047e-02,-8.735885818034104522e-02,-3.938498290017263814e-01,-6.462443310684311548e-01,2.523029812373023262e-01,2.051485695072647331e-01,1.009111587888329997e-01,-7.151335839864567112e-02,1.847688370500668101e-02,-1.954213258913903017e-01,6.854428869508717714e-03,2.719769613716531698e-01,1.218978685659379696e-01,2.274958237199176461e-02,-2.514167037038919639e-01,-2.140403082179155592e-01,-1.833422576025498241e-01,-2.240935496854193631e-01,1.860417781356069056e-02,-2.108950757880675431e-01,-1.961743951310462308e-01,-2.425836972411266890e-01,6.537873030709041855e-02,3.426621691214238978e-03,2.436745380773434611e-01,3.222243802676086344e-01,6.721535644446066660e-02,1.045956955935863214e-01,3.264264588375699883e-01,5.256108488250796906e-01,1.324386016331166871e-01,4.219404121649539263e-01,-2.416021112968899098e-01,3.758434802720285184e-01,-1.019278205517689384e-01,-1.547904920953582508e-01,-1.732831998682297092e-01,-2.664536975137332675e-01,-3.778990063772670327e-01,-2.318646008228583688e-01,-3.954168578541710222e-01,2.212787156282586265e-01,-3.643377089603970775e-01,-1.915644398841086782e-01,-1.709384660706628478e-01,-1.267179364910601957e-01,1.098592943604247557e-01,-3.037334806379525798e-01,-2.020692049790968614e-01,-2.011148136717610391e-01,-8.248940261014933717e-02,-2.310899056943739038e-01,1.751269486542950671e-01,3.122963657116239466e-01,7.382765940269643556e-02,-1.896367561936677659e-01
5.659939508458732699e-03,-2.282698135107143200e-01,4.774509816275728132e-03,6.400187809388169224e-01,-4.404823997103486377e-01,2.909425457335264587e-01,5.166793530769806519e-01,0.000000000000000000e+00,2.261309067186936250e-01,3.474396217037230006e-01,-4.162988771375763369e-02,3.831710663018651486e-01,2.891059640091689364e-01,4.394347307608386100e-01,-2.145536816807744052e-01,-6.714944833082801823e-02,-3.892061298180637952e-01,-2.843221429690452884e-01,3.632600573044099668e-01,4.142486812306609978e-01,-3.311606192430126550e-01,-2.699185088735120974e-01,-3.808153702545448160e-01,-3.121095700586348221e-01,-6.042119480006823418e-01,-4.859371027571808832e-01,-5.178046632467606658e-01,-2.775458532192838779e-01,-4.105009508351356029e-01,-2.252531765346505177e-01,-4.203037551038071862e-01,-2.357006324526802754e-01,3.932817880471093513e-02,6.713793761861371057e-02,1.870952899029989722e-02,-7.688648240966905467e-03,-4.996539258813193635e-02,-1.020405826285983031e-01,-1.938046794104862636e-02,1.183852553653099299e-01,-3.228078490329089889e-01,-1.371441240721587573e-01,-2.157312665906437610e-01,-8.745421230978092653e-02,-7.378943437641541370e-02,6.781967276527019195e-02,-9.258120471092090575e-02,-8.639774283479050021e-02,2.244502549617670706e-01,2.393916013112079022e-01,2.364341228667407868e-01,7.406382802658663389e-02,3.927757308565253958e-01,2.130846116700529369e-01,7.319937177712136124e-03,-1.184547061555465686e-01,-4.792151998898355192e-01,-3.868169723935776516e-01,2.414343342357484212e-01,5.143745257643393964e-01,2.770608900865411672e-01,4.340267411326109159e-01,-5.223864053292410353e-02,-2.098941941442518666e-01,-8.370408522489308778e-02,9.263442777958510316e-03,-3.237498540255341339e-01,-5.943368587754906812e-02,5.205406367431880676e-02,5.832923333432226548e-03,-3.251983091115048241e-01,-1.932132350876251126e-01,-2.829682315085658706e-01,2.544490799248379231e-02,-2.531593365528775896e-01,-3.710642711146316247e-02,-3.074295578359927950e-01,-1.903796600577709608e-01,-2.719141280272707184e-01,-2.271501816442002553e-01,-8.704228117058419867e-02,-4.612029248288696676e-02,-3.401968455019059590e-02,-7.357855929503741288e-02,1.764904777941826430e-01,2.559114619014263292e-01,-1.739108225172497635e-01,-2.917482922213345264e-01,2.764713642605330368e-01,3.336659205276171769e-01,2.915217544856896770e-01,1.632524655147419013e-01,2.819602551086375919e-01,3.973790204259904091e-02,-1.051290519855912521e-02,-1.191715639226299805e-01,-2.872647637912000285e-01,-3.912410235743633002e-01,-3.091698196425468059e-01,-3.615876109546275474e-01,-2.341001617821735215e-01,-1.648983189467951027e-01,-1.777418835641585426e-01,-1.934688213175184412e-01,-6.316592629527739700e-02,-1.262684678795937543e-01,-2.096989505209946418e-03,-3.007812565484515033e-01,-1.210951799272375236e-02,-1.833941395189230550e-01,-1.762654665600507931e-01,-3.948895315321785948e-01,3.308367780668193536e-02,-1.788145083241148708e-02,1.123407680150868143e-01,-1.289085508565173677e-01
-1.805089405973971384e-01,-3.877839336432663542e-01,4.487585627234212393e-01,4.729395201875027932e-01,2.698223534042684113e-01,5.418632015297232263e-01,4.663641948189241049e-01,2.261309067186936250e-01,0.000000000000000000e+00,8.531698310034185884e-01,-2.705791936290382060e-01,-3.469987449781000155e-01,2.630382814410385239e-01,1.096896303252646032e-01,3.846483759236953293e-01,4.971414907812294337e-01,-3.098172145137135236e-01,-2.836385378205306118e-01,4.190689712019645546e-02,-1.347859694040266509e-01,-1.283141442663947827e-02,-7.197888593460925744e-02,3.252153106286522211e-01,3.309217911982924587e-01,2.041346522947701803e-01,1.253773422847224150e-01,3.581146897938768392e-01,2.133637594089218548e-01,-1.944400150151992801e-01,-1.106239508691431450e-01,-1.337218003445494463e-01,-8.219446040753182123e-03,1.259355887525178963e-01,9.084347836025169487e-02,4.761725627095455549e-01,3.021667031710106310e-01,-1.145238244130249855e-01,-2.818877817399274566e-01,1.797919710281363492e-01,-7.472533648505945425e-02,-5.370386756189356181e-02,-1.651818316060681691e-01,-4.243020428346941930e-01,-3.542245180139300120e-01,-6.071514966220095122e-01,-4.087028116844454995e-01,-3.697744622952254812e-01,-2.718793637039664812e-01,-3.590324117292616468e-01,-3.156104684082797207e-01,-3.374498105645574175e-01,-3.645617904365577311e-01,-1.514340128231742022e-01,-1.501885090216693308e-01,-2.838733669818435112e-01,-2.707581167514991338e-01,-3.437424574687543699e-01,-4.445972192011654056e-01,-1.604651659017074794e-01,-1.126383091308825676e-02,1.922583582564557983e-02,2.278721289198307742e-01,-3.921196584113887940e-01,-5.019360716774684539e-01,2.846687704755654913e-01,4.769537754042654787e-01,1.557288841029415005e-01,1.953456119679493064e-01,-6.018971170361125944e-02,-3.034654642700495564e-01,1.378218532127812104e-02,-9.850815945750625302e-02,-1.062264812972509992e-01,-7.295610484196861367e-02,-1.882438709782776609e-01,-1.204186380976013104e-01,-3.022037414788014686e-01,-3.440044282508508133e-01,2.169201082478542097e-01,1.037197530214847008e-01,-2.223289441767775654e-01,-1.762604627895671128e-01,1.728741665602533395e-01,-2.775374236187896915e-02,3.348782965634358177e-01,3.357267098575389408e-01,2.840862280976705345e-01,1.532419501245288196e-01,3.575124010004584463e-01,3.277634510916243027e-01,2.417921074209935794e-01,5.986668688537006844e-01,1.664461216696723755e-01,4.471588281703754997e-01,-6.612428410207350782e-02,1.371888913966335666e-01,-2.358426073106220100e-01,-1.720093619075742930e-01,-5.641507040405416840e-01,-3.336619349885521779e-01,-3.899129086272321021e-01,-1.407516645089542662e-01,-3.827923925613510581e-01,-3.466363599028010056e-01,-9.607053614349094980e-03,-1.344988672953388587e-01,-1.490812689603569774e-01,1.976752394989917394e-01,7.648431286226306525e-02,1.348278011013809112e-02,-2.712870301284409785e-02,-1.056292329916779515e-01,-1.527333436817197299e-01,2.138155303116129613e-01,3.496191356161735819e-01,1.596795039739975497e-01
-2.469321489838210704e-01,-4.565228864939733788e-01,4.045695452011772719e-01,5.018220783165482368e-01,1.212479433358626957e-01,5.786517260764745263e-01,5.699678367951247493e-01,3.474396217037230006e-01,8.531698310034185884e-01,0.000000000000000000e+00,-2.466986816237849156e-01,-2.250028096808089073e-01,3.640428199429562306e-01,1.953863245396258441e-01,1.659968421911869607e-01,4.765685608914116966e-01,-3.479764253932542961e-01,-4.007600656409570639e-01,2.002187883936192569e-01,-6.964630011684182220e-02,-4.662857235264103450e-02,2.536463220767317187e-02,2.247928433474646326e-01,2.503539642432128232e-01,-4.623914242665245339e-03,-1.301235776692592216e-01,2.118295561785483727e-01,1.358998632465924783e-01,-3.155500516899846786e-01,-2.496522149094989873e-01,-2.879593341050729061e-01,-6.032788065619321127e-02,-1.548246930491614659e-02,-2.233904005570730780e-02,5.262014747462638864e-01,3.033910989972706806e-01,-1.499144448801340290e-01,-2.415673861037243297e-01,1.186632858923241662e-01,-1.962761708752610787e-02,3.975545897941477197e-02,-2.047102148519533982e-01,-4.163187775460051587e-01,-3.063308990844138546e-01,-5.694621405829576322e-01,-4.411877279899761306e-01,-4.518053668592509897e-01,-2.996572084063420238e-01,-3.367403595932401683e-01,-3.247146524755016861e-01,-3.730013936037526179e-01,-3.977018067379181621e-01,-1.938796564099050379e-01,-5.585968206390583279e-02,-3.323095456880966747e-01,-3.475713013534447171e-01,-4.827056191200214119e-01,-4.988013189082309284e-01,-1.141850365689744545e-01,2.410810904431669524e-02,3.949654418280774265e-02,1.044919306424480498e-01,-5.430202724005356307e-01,-6.350407802068407381e-01,2.180447788992535274e-01,2.888079214676738116e-01,4.195028332748517580e-02,7.659922344727780608e-02,-1.545015139308579810e-01,-4.022904608841662011e-01,-2.375779944275652547e-02,5.375903626424182596e-02,-6.250758781517870566e-02,-1.208367857724928530e-03,-2.661809847910260873e-01,-1.326751238282057321e-01,-3.428568476554225697e-01,-2.786340467162116696e-01,2.817533137259698450e-01,-3.467833379761428581e-02,-1.216593704082062771e-01,-1.699710161426972177e-01,2.436515849475772155e-01,8.694823647005234246e-02,3.261486309678125473e-01,4.535842829254850828e-01,1.827861858206005219e-01,1.282091466877439412e-01,3.752689012412888103e-01,5.166830521784930852e-01,3.219649387984186983e-01,5.846591098601838787e-01,5.999766057023693533e-02,4.850284300685203109e-01,-2.441784885388213755e-01,1.014142734431743714e-02,-3.280057599291338888e-01,-3.516053450756875254e-01,-5.768509360887131843e-01,-4.130848396159176872e-01,-5.010710104117885866e-01,-1.229536983222389995e-01,-4.686509923219071005e-01,-3.686641121326675874e-01,1.060130960054969824e-02,-9.080666449098229176e-02,4.616055314869404319e-02,6.489516545466565700e-02,-1.603680790640951148e-01,-1.538151614829813829e-01,-1.567665003411144453e-01,-1.130154227394206540e-01,-2.290518733936442938e-02,3.201617657036788245e-01,2.999280659293960816e-01,6.210227614127208917e-02
3.023677183152359005e-01,3.556960043072309174e-01,3.316054582902147607e-02,-2.067509004708347475e-01,4.866741452701826495e-03,-1.067438342640081445e-01,1.049843050571854786e-01,-4.162988771375763369e-02,-2.705791936290382060e-01,-2.466986816237849156e-01,0.000000000000000000e+00,4.987558205208226791e-01,4.733312398102260676e-01,2.356552058855629073e-01,1.535742924814990362e-01,-1.140975960102927483e-01,2.136252507839862258e-01,1.384877023900899506e-01,4.128053864916791382e-01,2.866794939552598787e-01,3.818608784598204187e-01,6.005146711279241503e-03,9.126175569631173046e-02,-5.788554957883889490e-02,4.396083344548998295e-02,1.733791052987645465e-01,-1.406717695582638816e-01,-9.326022659578454832e-02,2.968531761233609290e-01,1.802194993626658193e-01,4.869744336289427156e-01,4.043832219456301447e-01,1.701068685291340643e-01,2.353804140996592076e-01,-2.069048622971456364e-01,-3.005541429949201704e-01,4.439283168343640673e-01,1.251114371962039895e-01,1.932100118827126400e-01,2.636721441246936970e-01,8.453649551234475312e-03,8.261716227257330514e-02,-1.304846418754731230e-01,-9.676274587801375615e-02,-5.719270957918764359e-02,-1.673273494635040826e-01,4.205019765067311704e-02,-2.492602219372461181e-02,-2.345133907982869526e-01,-2.747620150962568064e-01,-1.675867803756597996e-01,-2.228915451422620320e-01,-1.052061417594545717e-01,-2.294088214166309925e-01,-3.193548338221282035e-01,-3.111963054455166855e-01,2.943982483733970645e-01,4.226198606928129875e-01,-2.092298436871690148e-01,-1.319407196064967258e-01,3.613263011799527913e-01,1.040333068108722919e-01,2.084535023686990007e-01,1.924128935532495865e-01,-7.879266520762494286e-02,-3.945544664894718445e-01,-1.952349345117482815e-01,-3.438330327906831685e-01,1.069597592914016959e-01,1.033253838433792829e-02,-3.034863917030070773e-02,3.168813478521534943e-01,2.096521456168343456e-01,2.901428685990603551e-01,2.074879608644110696e-01,1.885652740756802448e-01,1.130324051728348045e-01,8.420823026837785663e-02,-2.276311958514359579e-01,-1.120349230178037669e-01,6.931465804105195472e-02,7.336570127169041167e-02,-6.287366168331033622e-02,-7.346787303421779824e-02,-1.766541807926532703e-01,-2.989577598938234493e-01,-1.867929355287532289e-01,-2.252992306282368684e-01,-3.228354154749367155e-01,-2.189074883472426625e-01,-4.012905279173571427e-01,-2.174560582476563475e-01,-2.406533158377862081e-01,-2.280382071566256774e-01,2.651898185162742116e-01,-3.288277144542016694e-01,4.553765356667287545e-01,3.582556950495073833e-01,-5.110211135514607789e-02,9.293343327903010043e-02,2.244973126257970505e-02,1.461571925012198903e-01,-7.973590239496662624e-02,-9.917040852655578664e-02,-3.260051815990005486e-01,-2.655717822098662140e-01,6.594088002899275991e-02,-1.389656470382916176e-01,6.878856638638929100e-02,-1.021564796524619401e-01,-7.224270437835943193e-02,-3.511722911953653603e-01,-3.723856500138144621e-01,-3.906541133968781665e-01,-1.063460324381094863e-01,-1.116031367501316290e-01
2.000817025741363775e-01,2.198706124356155089e-01,-7.510692379628204629e-02,4.957101675610817160e-02,-2.077771368777349970e-01,8.248320939598126345e-02,1.175152817136613376e-01,3.831710663018651486e-01,-3.469987449781000155e-01,-2.250028096808089073e-01,4.987558205208226791e-01,0.000000000000000000e+00,3.267263041286407321e-01,4.596725790523706334e-01,-1.145431936038229931e-01,-2.472305805055024785e-01,-3.002657220722561651e-02,1.746329759229936773e-01,4.184086132303272976e-01,5.105390988709395117e-01,-1.313383601342122016e-02,-1.169071147682807232e-01,-1.776168716527342928e-01,-2.193502979019803512e-01,-2.041231578280766901e-01,-5.789100770421282821e-02,-5.448150360041366103e-01,-3.615888183627188890e-01,4.471797561070600668e-02,1.854272880217323061e-01,1.593115613299464495e-01,1.387617071619066944e-01,9.711382685635475132e-02,1.678209529221422192e-01,-1.459713445563386724e-01,-1.511394746052640015e-01,9.159945808155120495e-02,-1.513796867501368375e-02,-2.916885668154771127e-01,1.544964265521738822e-01,-3.485131941496367736e-01,6.836375499852608006e-02,-1.511219119143173695e-01,-1.458445580730192703e-01,2.216520783549213447e-01,2.369579996561113067e-01,2.069773090446868080e-01,2.539434163034843817e-01,2.569785276376031491e-01,2.133011394443695141e-01,1.899436984431109032e-01,2.180884932740149162e-01,1.733321791791431477e-01,2.940489787667676103e-01,9.119973693847813201e-02,4.977567019752953542e-02,-1.325670597657488403e-01,1.067339791721798048e-01,9.857324064485623039e-02,3.147095332745299956e-01,3.113075612552692606e-01,2.892978334999420920e-01,2.652611958040495543e-01,3.274448577294894469e-01,-1.622084023514806239e-01,-3.485582493866415388e-01,-2.818067111419746418e-01,-2.251913016167740034e-01,8.838353229944738432e-02,1.146728439190476262e-01,-3.779727429656285637e-02,9.909949966651332431e-02,-9.088764268157982495e-02,1.095984226187575877e-01,-9.096721587085004890e-02,-1.765985804580299245e-01,-1.215581560855742288e-01,-4.175430143183564424e-02,-5.667734926007007568e-01,-1.476867761248347732e-01,-2.378237840125314861e-01,-5.074019491833026835e-02,-2.620402255982607898e-01,-2.389108065200955533e-01,-2.798873728363877600e-01,2.630065635421192233e-03,-3.408469332324260970e-01,-1.724967934921010915e-01,-1.881015828266222878e-01,7.740897980226561781e-02,-1.896997129045761843e-01,-2.851244005096152945e-01,-1.154496550134184590e-01,-2.353339494235037743e-01,2.110681829298489409e-01,-2.561428968896124481e-01,9.406456009788982664e-02,4.639413110963679782e-02,-1.811320973062109652e-02,-7.694648946324708638e-02,1.056237599346167982e-01,3.654008585297722003e-03,8.913563748222594341e-02,4.202415259729664482e-02,-2.422791246184654579e-01,-1.974827578128084127e-01,5.309755792758485277e-02,-2.963488016418162618e-01,-1.082488806826330426e-02,-4.347598916414975589e-02,-5.402125926252479039e-03,-4.596770850168251377e-01,-3.684355272144421850e-02,-3.006224757766494671e-01,-1.707015399850256021e-01,-8.970990448416922558e-02
6.762305895172102815e-03,-2.593216855366020646e-01,5.806258026130497463e-01,3.464446998024786617e-01,1.558881448405087800e-01,1.637712808813219789e-01,7.226943149649930342e-01,2.891059640091689364e-01,2.630382814410385239e-01,3.640428199429562306e-01,4.733312398102260676e-01,3.267263041286407321e-01,0.000000000000000000e+00,4.534660000699197724e-01,2.660878623763727746e-01,2.748347705326250612e-01,-6.706480496515375422e-02,-8.558122043264108914e-02,6.580116726412371664e-01,1.800645857208516554e-01,1.984977900157528508e-01,-1.184289738847139201e-02,3.994890172092294689e-01,2.535024058542453274e-01,1.289806868102055248e-01,6.348980342764248830e-02,-8.698872510626307064e-02,-1.525982457493955946e-01,1.335021433256014111e-04,5.704296316351944313e-02,1.523478301513976341e-01,3.435256995111746203e-01,1.718288861356879471e-01,1.980183274173342722e-01,3.738137498699171668e-01,1.359894281203914701e-01,1.376124946347087874e-01,-1.907859783069477261e-02,3.695057830046905717e-02,-4.074680591895475656e-02,-7.719996409380082414e-02,-1.115201094010540295e-01,-5.501011276910028336e-01,-3.824470606874559864e-01,-4.001581957104710097e-01,-4.563674396410378753e-01,-3.232405723481446835e-01,-2.881256495161004794e-01,-3.553725950973521952e-01,-3.816384503621224611e-01,-3.545952141678699876e-01,-4.132086189309562285e-01,-1.901449571963853002e-01,-1.339489760362052306e-01,-4.777036388750505735e-01,-5.425721519242522328e-01,-2.396423016287068386e-01,-2.054795277067383297e-01,-3.430635450497108718e-01,-2.226977914199038955e-01,5.344279953884120693e-02,4.201092644583037661e-02,-1.593961035333400500e-01,-3.247041253478223366e-01,3.421459779266092238e-01,-5.711019435535969824e-04,8.217142655424651554e-02,-1.755727341263311203e-01,-3.094542724849109333e-02,-1.580961873035010290e-01,1.740150920871052498e-01,3.646212394992040529e-01,2.557038302106310890e-01,1.223546266647699970e-01,-2.454657420973893958e-02,-6.721922772529052847e-02,-1.183201818897017428e-02,-4.122751924563956144e-02,-3.466119317052913928e-02,-5.131462772193005895e-02,-6.719272838225644195e-02,3.154827298903612603e-02,-1.061158762173818326e-01,-1.491567390751639662e-03,2.354192271848972173e-01,1.567417484278092188e-01,-8.411107757378742666e-02,-4.673402966487161941e-02,-7.868212845069642164e-03,2.028400517002930947e-01,-2.206098623076536147e-01,3.149198897748042847e-01,-2.647219545382650252e-01,2.300375638740471962e-01,6.698951174449740975e-02,-1.560319805451793329e-01,4.762792269185313343e-02,-4.490710508696073300e-02,-4.920446190197541037e-01,-2.397679466527329883e-01,-4.749274226798250176e-01,5.303685017131920532e-02,-5.023754191473399633e-01,-3.861850088337936415e-01,-4.270482264579881226e-01,-4.356567400377745480e-01,-2.516792113484810078e-02,-2.745275472293849384e-01,8.715434233116130247e-02,5.705734516306488341e-02,1.672780933451914476e-02,-2.402640196113094428e-01,-2.069163977652693498e-01,-9.510317383283469969e-03,-4.324947629297639512e-02,-1.824954270054926220e-01
