0.000000000000000000e+00,7.520162954241049746e-01,2.828488443998544710e-01,1.645956636398623607e-01,3.425371242113977449e-02,-7.217295873565346409e-02,2.617619784645383030e-01,4.105766106761993273e-02,5.660227471769269797e-02,-2.407114474785442340e-02,6.029952355415629794e-01,3.049780454835400723e-01,2.480802945227195133e-01,-7.199832643344779293e-02,-5.835963861483276643e-02,-2.679410471039756977e-02,-1.023950750274992133e-01,-7.806856638130854620e-02,6.839128274338204250e-01,6.076055508218871637e-01,-1.254572801165761697e-01,-2.392724760024837749e-01,9.570919689402809793e-03,1.200827178468671375e-01,-1.399577030898865593e-01,-3.690125442470847394e-01,-6.027676269463817793e-02,-1.162672831732405876e-01,9.988888938325956451e-03,9.967008728915342439e-03,-2.745213204307357935e-01,-2.915087373745847699e-01,5.832457954162539177e-02,-9.407669006497053343e-02,-2.725734274270801352e-02,-5.648078331075335329e-02,-3.836847352213542117e-01,-2.565930659595835883e-01,-2.047671508143485142e-01,-3.172973048170076305e-01,-2.511290311513345030e-01,-2.585012588341827899e-01,-2.665021955477993587e-01,6.621003443553943879e-02,-2.995300861630125211e-01,-1.359418019901826591e-01,-9.651893017057591728e-02,1.756653553239565652e-02,-3.950175564539931683e-01,-1.504573160725513614e-01,-3.459840398640064429e-01,-3.168172315569635078e-01,-1.626495647236983755e-01,-2.877133384970709806e-01,-1.737425495754233926e-02,2.932096958042594917e-02,7.088988131915197055e-01,7.262637333507061532e-01,6.903175900545754917e-01,6.734532951952378887e-01,6.052684285714122758e-01,3.145171807126871943e-01,3.667349581662792679e-01,3.098020194810189865e-01,3.454063122677320657e-02,-2.957202530332506130e-01,-5.406030658311164472e-02,-1.565309036506933871e-01,3.629370959902830651e-01,8.221804966130930037e-02,-1.597017421682633553e-01,-1.311158264440887289e-01,-3.051540800190176428e-02,2.251970907366709351e-01,-9.100867236051838130e-03,-1.712783456447372343e-01,6.600187040217526946e-02,2.906018297589128829e-02,-1.504950103853363308e-01,-5.271750370058302104e-02,-3.816739238975994097e-01,-4.015577050594159036e-01,-1.588311482188301815e-01,-3.832932525549311298e-01,-2.077574863043949172e-01,-5.615032506877659646e-01,-1.571880329440350221e-01,-4.696944696550972576e-01,4.193592808482832224e-02,-2.199257155293410371e-01,-1.121264547143830531e-01,-2.064901671053924470e-01,-1.294142551010565856e-01,-7.557138921506935565e-03,-1.776857462473092550e-02,-5.093846339680675912e-03,7.089625669941360120e-02,1.173696050886138542e-01,1.009793593423406050e-01,2.172706341200617564e-01,9.494259394499884874e-02,1.423481570841414190e-01,-5.535672145980648738e-03,2.419581557068523070e-02,3.382281815426285698e-02,-8.603411337590008423e-02,5.335680556194236264e-03,5.438260230601823543e-03,5.556224232618917069e-02,8.052286546573428350e-02,8.136618635717175751e-02,5.930250727070904282e-02,1.316186787191266361e-01,-2.549427309569412756e-02,-1.705339109597967806e-01,-9.564344579914731484e-03
7.520162954241049746e-01,0.000000000000000000e+00,4.953364907641072401e-01,3.696063278414131181e-01,2.810438986300465847e-01,1.678100129004812813e-01,3.344044435067453636e-01,-1.615378174690826063e-01,2.688083309187776493e-01,1.109214320306223245e-01,4.507870941414610089e-01,1.248633274196680881e-01,-1.006431528892020311e-01,-2.920767439865836201e-01,4.207047838986343463e-02,1.059260781494906697e-02,1.139917240785719710e-01,9.424159504137391563e-02,7.950033294555444163e-01,7.860361316942852117e-01,-7.994692144213946805e-02,-2.239798431265961620e-01,4.448124054117072457e-02,2.341436917643110183e-01,9.741841777665780078e-03,-1.897578507044353491e-01,1.421299110720455616e-01,1.622818111205996949e-01,4.310272228242701537e-02,5.648969661143756621e-02,-3.344377511295137384e-01,-4.336976103455435494e-01,1.694999208810519797e-01,-2.412617481978272527e-01,-5.379947869680094807e-02,-3.974134668903963469e-02,-6.781350293285089148e-02,-9.352236798483400809e-03,1.095021175707352329e-01,-3.136638594270501068e-01,-3.987346394412677464e-02,-1.035128152801154111e-01,-1.398071374787748233e-01,8.243539190797266603e-02,-3.394605316596142064e-01,-3.254155224309592809e-01,1.445808177341546472e-02,3.607124869301166215e-02,-5.716771536185742963e-01,-4.093145779010732288e-01,-5.370537556383447875e-01,-4.452196026751470970e-01,-2.785784571259423137e-01,-5.061654746070752831e-01,2.418942855460254060e-01,8.275181633787247193e-02,7.770411787293304284e-01,8.183412520091392084e-01,4.969538009375385479e-01,4.968869433425428528e-01,2.466965945200786103e-01,-1.222211273397306140e-02,3.232629410606104314e-01,3.516540390588787091e-01,-4.097681533116983438e-02,-3.405014733344785549e-01,8.130904349530648778e-02,-3.783677902492971201e-02,5.275952770986959139e-01,2.576575307503375378e-01,-2.800425527047085139e-01,-2.641063072564241998e-01,1.889172230705879474e-01,2.979029587111549637e-01,-8.000593441555572949e-02,-1.283023420785582291e-01,2.622241842798667122e-01,2.521230761420557576e-01,-5.846079651629049190e-02,-2.970732270196351985e-02,-2.399358414847624632e-01,-7.708055114053921630e-02,1.799832571685256732e-01,3.641577374694382301e-03,-1.455294085305350038e-01,-4.201428151939988753e-01,1.432708330634098470e-01,-8.283841010773053404e-02,-1.548379943733337316e-01,-4.033649111972759105e-01,8.266046786951544711e-02,-6.031797878948320230e-02,-3.096682426485604656e-01,-2.843140898483602075e-01,8.562700572871392857e-02,8.179472951361864419e-02,2.629800705987867526e-01,3.702871479089224760e-01,4.474933323963680154e-01,5.374430235128474509e-01,3.926305031903520870e-01,3.415259339555102858e-01,3.604518314699313719e-01,2.898166001587296203e-01,1.398382209126462494e-01,1.321825562969519974e-01,1.415327519583793880e-01,2.256762129203823408e-01,1.282367108481524964e-01,-3.309060929411974245e-02,4.957171224347566019e-02,2.529485857137203086e-01,3.552769112442102917e-01,4.659116220439200179e-02,-2.264907669864228701e-01,7.972360487432822440e-02
2.828488443998544710e-01,4.953364907641072401e-01,0.000000000000000000e+00,5.471973213893870369e-01,7.842164019891263438e-01,6.145155846942496058e-01,8.639027002854250403e-01,-2.342992602854100659e-01,7.679003114436766531e-01,6.684224634311691782e-01,1.226603801184039111e-01,-2.471641842255444255e-01,-3.436503040751853755e-01,-3.776829275620398607e-01,4.976085833670464420e-01,3.260188928027779043e-01,8.394763751513625860e-02,9.677171115405890089e-02,6.016294913733900573e-01,5.758248098619095368e-01,-6.581946086304646393e-02,-1.501289090509725088e-01,5.897973408032742837e-01,5.515723632956307521e-01,5.996370254001262001e-01,3.549854277153498550e-01,4.971728102107827452e-01,6.557939736963049882e-01,-1.742325955844668262e-01,-3.493888503219909868e-03,-3.412670259757047964e-01,-3.576110899079689709e-01,3.084118222723521430e-01,-1.818318561990810434e-01,5.335005870357720226e-02,-1.548462356289784410e-02,1.931339512102562272e-01,1.419528904539892056e-01,1.809270216529249020e-01,-1.392659490899737507e-01,1.316505144330925303e-01,-9.651380689881590424e-02,-4.508808957587823740e-01,-1.686420757920534808e-01,-3.862809698579921514e-01,-4.667108877709261194e-01,-3.055861560522992182e-01,-3.421599073430256488e-01,-6.483204427683704196e-01,-6.835025523078007703e-01,-5.954526625258881323e-01,-6.985057198167217152e-01,-4.552142642795845573e-01,-5.587996475046107525e-01,-7.764483407297796680e-02,-2.120982101382007379e-01,2.283629999960404278e-01,3.099073356881817953e-01,1.668141093272244857e-01,-2.388908826586253614e-02,-1.046671542598429788e-01,-3.477423086499745741e-01,-2.652541346190646215e-02,-3.078812156033717412e-02,1.055720214628114717e-01,-3.049838917945036365e-01,2.584946770600000110e-01,2.439080936183289985e-02,5.333124677271841030e-01,5.176591332903216491e-01,-2.101173803870530765e-01,-2.417431985509076176e-01,1.523007092305279642e-01,3.197321506896924626e-01,-1.712958061256557220e-03,7.166802733697565098e-02,2.833626629716786138e-01,3.299410850694450281e-01,-6.246315380624522379e-02,-1.227215552074523985e-01,-2.282208945003963707e-01,-1.048221717330843905e-01,3.581466665479569045e-01,1.825778474063401435e-01,-4.398234317593152642e-02,-4.929124082419103492e-01,4.662697818558119711e-01,-6.880554507511740803e-02,-7.920848083659526306e-02,-2.261027201752365823e-01,2.703902095990478593e-01,-2.082407610292553134e-03,-4.294570689893292270e-01,-4.152784280042151055e-01,1.773010444720813372e-01,1.686073413463340664e-01,2.179878288220226945e-01,3.228233272669639442e-01,2.917869051831417093e-01,3.194608391814144355e-01,4.439239126092913157e-01,3.047752686599565219e-01,5.788746377097294671e-01,4.547250928594575026e-01,1.954503948577515082e-01,4.012107961366343512e-01,5.274350557842933940e-01,4.591989678336432790e-01,7.491587511575240055e-02,-1.568533644430886512e-02,-1.614878576795130416e-01,1.523979216668733434e-02,3.025218923589085840e-01,9.259436864455927729e-02,-2.223659416236432873e-01,1.673526541663609701e-01
1.645956636398623607e-01,3.696063278414131181e-01,5.471973213893870369e-01,0.000000000000000000e+00,1.534943267327607275e-01,3.886092435017249880e-01,4.714893814962137775e-01,2.546483681007701838e-01,1.564535518575890238e-01,4.008130946978153974e-01,1.291611876895455147e-01,7.477679182944503566e-02,-1.264551589228143369e-01,1.855620246137222248e-02,3.164084662372025347e-01,3.490338512416856775e-01,-5.930247545339275422e-02,1.696225931144607901e-01,3.586720115777319862e-01,3.132804968353371522e-01,9.794554263966077923e-02,5.130380464247148026e-03,1.365508484234841391e-01,6.972974674347769408e-01,1.020790026795192519e-02,7.633847349708824948e-02,2.578881003132154071e-01,2.773399772501057847e-01,-4.198774347872544221e-02,2.281830113721954045e-01,-4.738951707638041494e-02,-6.659565714018778060e-02,1.583654013622965706e-01,-1.163685659686726076e-01,-6.523660878150105980e-02,-1.007583308304454833e-01,2.681481753601253418e-02,7.104991232942911572e-02,1.684774329338400434e-01,-8.910446216612903647e-03,-1.628222113074659916e-01,-1.221976798677522624e-01,-5.209203179667728500e-01,-4.141630669393102093e-01,-5.522985083974891740e-01,-5.834416080725900455e-01,-2.205338826092594906e-01,-3.455036128296644637e-01,-7.161940587628148336e-01,-6.964108071190652227e-01,-7.210170185326694181e-01,-6.502817389585312524e-01,-4.461684283904995274e-01,-6.198059609387934765e-01,8.939665434808456712e-02,-3.049529349306577541e-02,1.338011933134500842e-01,3.230852375303300272e-01,9.385672803697027444e-02,8.590071207237209849e-02,-7.239271114299372645e-02,-4.490257302024673602e-02,-4.681757147680531278e-02,2.127359858924871838e-01,-7.161662337451021876e-02,-7.365574549872780374e-02,4.086067824208361454e-02,6.367228764107021530e-03,3.713106024382147319e-01,3.581728085832383002e-01,3.799298657442428534e-02,7.312557022111779159e-02,-6.953789163034675147e-02,1.987308331432671438e-01,7.484024826725492463e-02,7.753684439764237102e-02,7.507826750475868338e-02,1.342525851177231444e-01,-1.746280158136723562e-02,6.350844196485712356e-02,-2.050121597610165824e-01,1.184688393227628506e-01,1.655507643018877817e-01,2.036076909577471672e-01,-5.262366311726630191e-02,-6.837892919588051122e-02,3.446712494501475987e-01,1.795098569981293801e-01,6.034814567294883442e-02,1.622441343184060358e-01,1.674766045012171245e-01,-5.261254259444495332e-03,-2.756359359091479222e-01,-2.905903536042814261e-01,1.819521994672045895e-01,1.468416834751574418e-01,1.572050046006453483e-01,3.676525438887199848e-01,2.038317456605566180e-01,3.533898695190699213e-01,3.914173896426584864e-01,4.146925532869989994e-01,4.390115718722838456e-01,4.451551296025398341e-01,3.122909126790941389e-02,3.049549480626293496e-01,4.552381239955945458e-01,4.673294480962079112e-01,8.675240232159739384e-02,1.190514090877157899e-01,-1.246830238824634535e-01,1.072266125408276177e-01,1.733751462084706096e-01,-1.337435232978942401e-01,-4.727213805311372696e-01,1.054814037366827023e-01
3.425371242113977449e-02,2.810438986300465847e-01,7.842164019891263438e-01,1.534943267327607275e-01,0.000000000000000000e+00,6.506716311121003571e-01,6.885104327233902977e-01,-3.955977373642698414e-01,9.620602380668158427e-01,6.960616063997654424e-01,1.543420237248908607e-04,-4.540069267832995137e-01,-3.827927160292891595e-01,-5.306832642016371393e-01,4.222381789601570845e-01,2.162011133837241084e-01,1.952919791644886494e-01,2.721481892360220686e-02,3.783981510467803733e-01,4.270675055711645740e-01,-5.303724911889710208e-02,-1.565839057837063453e-01,6.448565206361014379e-01,3.399695364609079395e-01,8.386007617820268045e-01,5.390730390393833060e-01,5.241876347374455625e-01,7.672871084597687741e-01,-2.852371199230843701e-01,-1.976385498776464245e-01,-3.486875798306662833e-01,-4.137130885692376081e-01,3.792292997672380706e-01,-1.946029343432634923e-02,1.286727955437242110e-01,1.612816914173879901e-01,3.653060431659821972e-01,1.172204772162894065e-01,1.063613188513833213e-01,-9.494909479859159340e-02,2.826401442072282166e-01,-6.310143842807079684e-02,-1.274273113342522523e-01,-4.114213733887670671e-02,-4.400972755905974143e-02,-2.090845405167498228e-01,-1.119844776997538510e-01,-1.949233988383961835e-01,-2.545180425911039435e-01,-3.155729322684673877e-01,-2.456735564008033779e-01,-2.892410639521877380e-01,-1.888753637486911274e-01,-1.414274543980665044e-01,-2.120964438155039100e-01,-2.446788035410826234e-01,1.320613773960499504e-01,-2.827888045532106834e-02,-5.800329191831305603e-02,-2.146417421119416469e-01,-3.046231787007375735e-01,-4.301592870381640843e-01,-1.924523575223401617e-01,-2.818969552829469483e-01,9.419571263889973955e-02,-1.173234103508698917e-01,3.527661853520480673e-01,1.993293614293974447e-01,5.204429394950861321e-01,5.146352041547622713e-01,-2.959070628237785439e-01,-4.073661983888385296e-01,2.658804551832858465e-01,2.605703684517144403e-01,-2.121080551444831305e-02,8.798693590912440299e-02,3.196813360758073430e-01,3.411990272248460743e-01,-1.709967545814063128e-01,-2.188010656314504088e-01,-1.563929395989286097e-01,-1.458679900094788928e-01,4.789698595832815320e-01,1.779328727582362435e-01,-1.715231103066180707e-01,-3.110624388285315733e-01,4.670616265956291646e-01,1.184037850826372487e-02,-3.785089108740254393e-01,-2.437050839540273184e-01,1.840114179020272134e-01,7.336057364602438513e-02,-4.049950370069320682e-01,-4.219854430322291794e-01,-5.489673725841934552e-04,-4.705419346128772440e-02,5.171209590819850210e-02,8.569001959081051778e-02,2.215965654814597563e-01,1.356314362616422020e-01,2.147192468132635701e-01,3.180805927745276179e-02,3.732539105059043960e-01,1.891647066802595034e-01,8.109530352160483624e-02,1.938408520445612515e-01,2.713532143077906911e-01,2.472177640659191933e-01,-1.716109726379893424e-02,-6.048415455533193846e-02,-8.334705572466280521e-02,-2.846885016012554409e-04,1.380606950643490094e-01,6.034354710280526862e-02,1.132175643483487176e-02,1.586125694533754849e-01
-7.217295873565346409e-02,1.678100129004812813e-01,6.145155846942496058e-01,3.886092435017249880e-01,6.506716311121003571e-01,0.000000000000000000e+00,5.102045325746985549e-01,-1.788721979481453783e-01,6.073039798169189707e-01,7.996289426196419026e-01,2.137903970423747635e-02,-2.540370189509416621e-01,-2.830661633925645737e-01,-3.201025844231336071e-01,5.740110254131265410e-01,4.710681267277807560e-01,1.658280624935965231e-01,1.418948110866483647e-01,2.856078880631479633e-01,1.806164412130609187e-01,1.275966457774806995e-01,5.874265829649247955e-02,3.716203411988986405e-01,3.796137267635723012e-01,6.096920890923117620e-01,6.406742357080661421e-01,5.053223631102935487e-01,7.819768628483484418e-01,-5.302185131258461970e-02,1.406710960900181030e-02,-2.321059170851570985e-01,-1.812302578032571609e-01,1.986632081187062471e-01,-8.436226705508720791e-05,7.831216026408779896e-02,4.474411145176131893e-02,3.359194528812080027e-01,3.284840633097940721e-01,2.521901797049062588e-01,5.344519810276641969e-02,1.524239866509645158e-01,7.671132934422404681e-02,-2.271940221612623045e-01,-1.706650567359796478e-01,-1.019486865172779810e-01,-3.335833243566596606e-01,-2.614698584231659462e-01,-3.242281424971160675e-01,-3.830804511529183887e-01,-4.545499212720689464e-01,-4.616244334033721142e-01,-4.135507985454969782e-01,-2.957494828681161980e-01,-3.787765785826953113e-01,-6.208820403531098431e-02,-2.080664028324459847e-01,-4.280562589702225328e-03,7.411486601259927032e-02,-6.621520501536527770e-02,-2.113556483210390913e-01,-2.752212938671985132e-01,-2.329780987684930693e-01,-6.545708214522814872e-02,-6.406842544204487122e-02,-2.649155206185394365e-02,-1.345189578537656916e-01,3.021077479902205543e-01,2.070817302443640484e-01,3.137687763621356263e-01,4.815830794168144413e-01,3.184915297382368699e-02,-2.694489961380410262e-02,2.242187847175733106e-01,3.085863231961205044e-01,7.503506552869275599e-03,2.505643267216247638e-01,2.749278551816494165e-01,3.252403462451657346e-01,-9.953573563532710361e-03,2.226565811840851630e-02,-3.025900495777117047e-02,-1.064387528812112300e-02,4.695175176858052968e-01,3.002564508944723376e-01,1.576975882293208189e-02,-2.089176725426367676e-01,5.282968097870820445e-01,2.268945793708530834e-01,-2.354608572852741333e-02,1.287636496334025257e-02,2.185106081464624206e-01,9.039936835247069577e-03,-2.768831444038711842e-01,-3.636943208431125951e-01,2.862051248588260988e-01,2.249946293150965893e-01,1.800849574687933552e-01,2.030149964225153314e-01,1.352373728090374705e-01,8.820658605600875668e-02,3.203724384176682149e-01,1.926779989581396679e-01,4.118118620603870017e-01,3.346485940593391661e-01,-2.016063950853496378e-01,1.741077266588839934e-01,3.104253188213376702e-01,4.027192480453302137e-01,4.749516982732466391e-02,-5.320243264230772179e-02,-3.010449855439978339e-01,-8.456341221088144178e-02,1.868293102146645623e-01,2.239188211069402870e-02,-3.496585731355256188e-01,-4.236379356316867691e-03
2.617619784645383030e-01,3.344044435067453636e-01,8.639027002854250403e-01,4.714893814962137775e-01,6.885104327233902977e-01,5.102045325746985549e-01,0.000000000000000000e+00,1.772087687319221297e-02,6.831567012424187846e-01,6.592490529089337636e-01,6.044960017755941079e-02,-8.294088484220929480e-02,-1.235679167409668988e-01,-1.351415355157064013e-01,5.047960970527988200e-01,3.720932109385117759e-01,1.414780302403461330e-02,7.053675271301457217e-02,5.367608774668233274e-01,4.586137491416464873e-01,-6.957311549171912857e-02,-1.436227688704385108e-01,6.693048328118506030e-01,5.286243822808630588e-01,6.000044469261358593e-01,3.518838717322006482e-01,3.472087118998719579e-01,5.086116729673832992e-01,-2.456482392942093695e-01,-4.258361954207318112e-02,-2.806832593645158247e-01,-2.299119580804386276e-01,3.988936528059154885e-01,-4.572844377995899726e-03,6.916044484049664598e-02,-9.062409770163563916e-02,-3.906585900075192769e-02,-4.551850247657390075e-02,-1.117011227477245211e-01,-2.051342264919523428e-01,2.546618741242158077e-02,-2.012836954735447992e-01,-5.134708184951992660e-01,-2.092542588869260312e-01,-2.462831785867885259e-01,-3.317849274289875749e-01,-4.402709404763289203e-01,-4.480453670919362086e-01,-4.332562344927209930e-01,-4.472890727117442844e-01,-3.562203569555763005e-01,-5.103909573513378817e-01,-3.939374694363727003e-01,-3.069971058773815487e-01,-3.727430777978313348e-01,-3.936626155473328947e-01,1.942858927190098117e-01,2.212192264891776894e-01,1.149194051856997634e-01,-8.845813405075675373e-02,4.509042140740324861e-02,-2.512487205040188631e-01,1.072074872812993629e-01,-8.710410915189793768e-02,1.781049903239260712e-01,-3.426856690727483890e-01,1.576710064949572998e-01,-1.181704799727043148e-01,4.136276561127139595e-01,4.189589662124286185e-01,-1.697026010482091951e-01,-2.447121706948824360e-01,2.793279309199749733e-02,2.543024581647888582e-01,-1.028832260547889454e-01,1.093869070713814201e-01,9.670999118162425245e-02,1.180900196366160837e-01,-1.290497902985615619e-01,-1.829763633137447276e-01,-3.053250443285469573e-01,-2.377360075416758978e-01,1.223781789662735653e-01,4.094506562348851353e-02,-5.035163360909837571e-02,-4.501014481313491689e-01,1.950071832471987343e-01,-2.369749503068313001e-01,-8.823335385702643641e-02,-2.051856975160482877e-01,1.993710113832929953e-01,1.304724714705788463e-02,-3.048386757952613602e-01,-2.834971155254740749e-01,1.354372931479758402e-01,6.063260263295776331e-02,1.148084533541246094e-01,7.952364932929641139e-02,1.393996778857807262e-01,1.140076238223166616e-01,1.561997658869211103e-01,5.036693710874209917e-02,2.870425665747750599e-01,1.470986719929834874e-01,9.398889122910175642e-02,1.444596561807417190e-01,3.946911642551803601e-01,2.706444373811255910e-01,-3.778750755847693626e-02,4.634923751519152285e-02,-2.214199415418640904e-01,-1.055308562316731869e-01,1.982290329002748541e-01,1.809909072065938110e-02,-2.542956344663417356e-01,9.120084971257910733e-02
4.105766106761993273e-02,-1.615378174690826063e-01,-2.342992602854100659e-01,2.546483681007701838e-01,-3.955977373642698414e-01,-1.788721979481453783e-01,1.772087687319221297e-02,0.000000000000000000e+00,-3.501676697169466834e-01,-4.357835806540872464e-02,1.967597695668918123e-01,6.883282899738434324e-01,3.386052667800212301e-01,7.791372247560843789e-01,1.596585514723682098e-02,1.901375968499694202e-01,-1.765838216237321234e-01,7.474968380111210453e-02,1.737805400290772656e-02,-1.064406697303671573e-01,-2.042610025796108564e-02,-6.315639512735522765e-02,-3.347420974343426336e-01,-1.234873398886887283e-02,-4.179559720516873855e-01,-1.814316526990153444e-01,-3.879335514602529345e-01,-4.167548137537546715e-01,-7.388864090639761517e-03,1.442317799863542249e-01,8.653789251664294191e-02,3.191303975840006912e-01,5.679556456943574139e-02,4.642604208354214057e-01,-1.838268989161279399e-01,-2.080509533342787265e-01,-4.370672935786882318e-01,-3.303727086256695866e-01,-3.494096162357274160e-01,-2.957877376419573712e-02,-2.518318688301444119e-01,-2.136187017870616878e-01,-3.362835437521432547e-01,-1.159505451321501956e-01,-7.855344289145228809e-02,2.233899175225009803e-02,-2.753482584964787039e-01,-2.507920933996041213e-01,8.942545421904590786e-02,1.496673123114230786e-01,1.606312827958562561e-01,1.483729056802579882e-01,-8.543216311504700511e-02,-5.706862115902124055e-02,-2.188427150892608419e-01,-1.176222689782382286e-01,-1.602405645414614888e-01,-5.256416139415636540e-02,1.278445912172170018e-01,2.684559239092265681e-01,3.320157930527838364e-01,6.003198412066638179e-01,2.684595838443590843e-01,3.976466595647784041e-01,-3.013667524487054772e-01,-3.318521111812119950e-02,-3.158499515286173898e-01,-1.391252258284794430e-01,-2.552717980250673868e-01,-1.353001674809843347e-01,2.664043738630181846e-01,2.872682085941521413e-01,-2.021159582740785221e-01,6.542703273484852360e-03,-2.625350933482244881e-02,1.541031404192362564e-01,-2.366501607644147520e-01,-2.653678245694645610e-01,-4.500919645218135791e-03,6.754320709603131578e-02,-4.055309402494673005e-02,1.079859402169007221e-01,-4.023735517683256768e-01,-2.344437481949231961e-01,3.077351473863654957e-02,9.900854825172754337e-02,-3.639482025705416124e-01,-2.401698106137393207e-01,1.404028596341702906e-01,2.471884911660442510e-02,-7.463836507642673812e-02,-2.020183001991909533e-01,2.141961236044424843e-01,-4.143560689155358773e-02,-8.730916197605806395e-02,-1.182151358090619275e-01,-1.499310148236611684e-01,-2.434517715563276896e-01,-2.458944216899104085e-01,-2.100608997041760739e-01,-7.939605230024700255e-02,-1.026002501802351363e-01,-1.989358359228137751e-01,-1.465904601287467135e-01,-1.916965098321033456e-01,-2.066187015241694458e-01,-9.227345698725945844e-02,-8.708887755133534747e-02,-1.276672942677070655e-01,3.663338856603327170e-02,-7.269653424864504221e-02,-1.897013132497868126e-01,-1.371164657215569183e-01,-1.794837384034074224e-01,-2.580902958373336165e-01,-1.186984934569466771e-01
5.660227471769269797e-02,2.688083309187776493e-01,7.679003114436766531e-01,1.564535518575890238e-01,9.620602380668158427e-01,6.073039798169189707e-01,6.831567012424187846e-01,-3.501676697169466834e-01,0.000000000000000000e+00,7.134208716867322941e-01,3.655371655621190985e-02,-4.217179886734481742e-01,-3.352828783273837376e-01,-4.687540629167443740e-01,4.392268481359497545e-01,3.078807450248526312e-01,2.842219573295899915e-01,1.054553799014942561e-01,3.759046566412991841e-01,4.272613157143443363e-01,2.659537115923769619e-04,-1.011248173391931376e-01,6.716833681693564762e-01,4.107962635036052634e-01,8.246608100761609883e-01,5.127814912662327362e-01,5.541198534179943014e-01,7.450399100575374467e-01,-2.314374919352220061e-01,-1.541492296226269487e-01,-3.387977180489306628e-01,-3.901789639283893552e-01,3.952554784565880386e-01,3.721684852329602833e-02,1.835949210685560995e-01,2.208302826067897184e-01,2.952747824175111502e-01,-1.356678026741347035e-03,4.266866644201742359e-02,-7.072857367550212937e-02,2.246023846759030718e-01,-9.634302115617522644e-02,-1.890581854891714986e-01,-5.589291729875370263e-02,-2.077124415028473031e-02,-1.898230456908476249e-01,-1.375168014458676702e-01,-1.885917538088114354e-01,-2.229846213057062598e-01,-2.890035556922801452e-01,-2.232211471448357354e-01,-2.666118498110097712e-01,-1.456666560529701338e-01,-1.325616884756855296e-01,-2.497466154224519952e-01,-2.756396233671427054e-01,1.643805254378532810e-01,-4.484612826713241240e-02,-6.002141141190159290e-02,-2.010071600310780193e-01,-2.769902327292064204e-01,-4.015341048794885404e-01,-1.760046448788053775e-01,-2.783852476273692145e-01,1.639025424023443367e-01,-1.098580307596340039e-01,3.652431574394908731e-01,1.933282859370098750e-01,5.455154029371082069e-01,4.630661737062026773e-01,-2.917902322555828154e-01,-3.335707174156143373e-01,3.030994806915903172e-01,3.346626174720641611e-01,5.441032365599889065e-02,8.336621164767842040e-02,3.078711088342903079e-01,3.140171892995289316e-01,-1.984738443485538628e-01,-1.214079459563661423e-01,-1.927348448776650403e-01,-1.841884170228081097e-01,4.400289334474900560e-01,1.883969337020433288e-01,-2.306515479199033880e-01,-3.237536146689449779e-01,4.543503353410222600e-01,-2.458150407428005488e-02,-4.486874782924186178e-01,-2.479216893302176594e-01,5.743783918046493214e-02,-3.774458687136639928e-02,-4.941903262190864288e-01,-4.826014615047422018e-01,-2.687184110128927952e-02,-6.847753303845735551e-02,1.396228113693996284e-02,5.897664569580678834e-02,1.170892040455270983e-01,8.928425988016824855e-02,1.335844867966362592e-01,-6.980168589849157501e-02,3.000424299841587539e-01,1.309342534762309718e-01,4.169029554603765481e-02,1.203164483568133908e-01,2.297958979466187546e-01,1.860847723602134518e-01,5.925123878703437985e-02,-1.019748447875005182e-01,-1.591107723621246473e-01,-7.610397821138835395e-02,4.493569932207627793e-02,7.075901872239888715e-03,2.447269895524135930e-02,8.961918955337620785e-02
-2.407114474785442340e-02,1.109214320306223245e-01,6.684224634311691782e-01,4.008130946978153974e-01,6.960616063997654424e-01,7.996289426196419026e-01,6.592490529089337636e-01,-4.357835806540872464e-02,7.134208716867322941e-01,0.000000000000000000e+00,9.978043576969936046e-02,-2.101719555944281670e-01,-1.342615896478797366e-01,-2.032795668674676204e-01,4.255325591877968106e-01,4.221570334206843911e-01,2.294610913963584520e-01,1.209307340204976294e-01,2.556609970470973270e-01,1.856331416096265452e-01,6.988691345690688228e-02,6.078855283883905641e-02,5.390867818814810697e-01,4.915315575102064960e-01,7.115727422289747084e-01,6.229724202293650537e-01,4.778342633588086863e-01,6.283453454892721224e-01,-2.165112052104337104e-01,-1.429961649414167313e-01,-2.845883637517465092e-01,-2.649416739598821069e-01,2.982221239307376037e-01,5.005725887685040509e-02,6.741482680282018247e-02,7.710767422408584815e-02,1.821401331295323389e-01,7.141244404843212273e-04,3.696114098457368990e-02,6.066557575147658865e-03,1.122007261856134142e-01,-1.444540867832046042e-02,-3.714677640170066519e-01,-2.804719470031938333e-01,-1.273850478049937673e-01,-3.136528101465276275e-01,-3.290434264846557322e-01,-3.522635644641304298e-01,-2.983130147668476284e-01,-3.835353983950184897e-01,-3.829391615234898905e-01,-3.429370351465049760e-01,-2.016359737601150781e-01,-2.018187826935722851e-01,-2.874503724344964484e-01,-3.028739269392649591e-01,1.738549754864285313e-02,-1.169296680819265424e-02,-1.192243428766969621e-01,-2.665176005673397519e-01,-2.260998856169084970e-01,-2.679045825121131874e-01,-9.022055044129967394e-02,-1.632187020041949432e-01,5.641242618649178892e-02,-1.463156027542616144e-01,1.859567668337909763e-01,6.602355791511457794e-02,3.474547866223101633e-01,4.147293577296030098e-01,-1.359640963834153615e-01,-8.323623488719285313e-02,1.647776157266143127e-01,3.174370403505831217e-01,4.125640800466675445e-02,2.479723602953314843e-01,1.332509133141619451e-01,2.313724391729068686e-01,-1.881664517844764406e-01,-4.275798185564339687e-02,-1.735848752194888434e-01,-1.363017685033901250e-01,2.559359499245555392e-01,1.946253623630229412e-01,-2.430201913242490686e-01,-2.777897894308745119e-01,3.354874583320330284e-01,-4.802491014374941219e-02,-1.637503479789895744e-01,2.109573592821511676e-02,8.384619427825916460e-02,9.085311758418393446e-02,-4.146443552600712623e-01,-3.200221741778580542e-01,7.930874055732797800e-02,4.186659983026526193e-03,2.312944038092169547e-03,1.498466682677923600e-01,-1.149109581731126359e-02,9.156585312377930885e-02,1.221624199993486259e-01,1.481915335168852432e-01,2.876778181276638535e-01,2.588527699926987946e-01,-6.809342392065666216e-02,1.775032650590213923e-01,2.803945095417662015e-01,3.397032113389005792e-01,1.328987947862864116e-01,-1.222748433418924113e-01,-2.929910245308208760e-01,-5.945975920694846623e-02,7.900402514835658252e-02,-5.983729021059235043e-02,-1.951685583616784292e-01,7.074356564957773319e-02
6.029952355415629794e-01,4.507870941414610089e-01,1.226603801184039111e-01,1.291611876895455147e-01,1.543420237248908607e-04,2.137903970423747635e-02,6.044960017755941079e-02,1.967597695668918123e-01,3.655371655621190985e-02,9.978043576969936046e-02,0.000000000000000000e+00,3.162182054506144646e-01,3.844489837848656943e-01,-4.899796186144024512e-02,-1.987760343828900295e-02,1.538754511019805038e-01,3.639479638607335255e-01,2.576606489536997224e-01,3.654370391234968429e-01,4.283060836036916563e-01,-1.440102028924820574e-02,-5.584106214615892211e-02,-3.894420078479740033e-01,-7.256306378090454645e-02,-2.353972402029065880e-01,-4.240417189621438765e-01,4.522489714503343666e-02,-1.676000253159697084e-01,4.561327486113557206e-01,3.626721984834199719e-01,-5.309115442277740904e-01,-5.191961530053131879e-01,1.991112700562051516e-02,1.111362831668623041e-01,-1.286095039604185086e-01,1.322307418989636905e-02,-1.567431716003769848e-01,-3.534390550248098228e-01,-1.278159128682199164e-01,-1.990493760801061440e-01,-1.669595236074759848e-01,-1.516120277653559834e-01,-7.591691240475743896e-02,1.748572930198097897e-01,-2.794177929249555548e-01,-2.149118915732138868e-01,2.498673376443777405e-01,1.213074694634487666e-01,-3.439965236071387267e-01,-1.714770800210958512e-01,-3.275522665413379553e-01,-1.833141872144711249e-01,-1.103929483332186517e-01,-3.054127682906597196e-01,3.538602442882751026e-02,1.174370333799090900e-02,4.961144846236054118e-01,4.049770178547758559e-01,5.843848862768498131e-01,5.221364397058478879e-01,4.696587486342518880e-01,3.632079995978067521e-01,4.401142568378910158e-01,5.305309196880818590e-01,-3.419593108308164875e-01,-1.991735809933361245e-01,3.404132145758027167e-02,1.594956409984691487e-02,2.131341671347525835e-01,1.100411321923846775e-01,-3.124294660571867444e-01,-7.107770918225302104e-02,1.649434188360857090e-01,4.329476636308527970e-01,1.903799071343510174e-01,-7.450801623307114208e-02,3.074557347957622075e-02,1.010025155460577001e-01,6.899148800703215623e-02,2.803565310619609563e-01,-1.654379796670416014e-01,-6.808104031067659101e-02,-8.768846464575290323e-02,-7.916380611512290055e-02,-3.698604911365485082e-01,-4.396986120722629066e-01,-1.021812280018644103e-01,-3.253432440064623066e-01,-1.709641558926260352e-01,-2.381639655136962019e-01,-5.711019860482409449e-02,-2.997405355914265490e-01,-1.798452903344238962e-01,-2.914810177895482690e-01,1.259932813190549894e-01,1.459874302858316653e-01,2.567053865842781613e-01,3.703792005341366433e-01,1.388542959596343052e-01,2.360640009474446466e-01,3.013833643257023964e-01,2.703319316736091382e-01,1.913274495968171340e-01,2.197013965042663441e-01,1.437054295887896238e-02,-3.283095099067219469e-02,1.800806442645119451e-02,1.876258827039733179e-01,2.445213399358460438e-01,5.477716796098545254e-02,1.015105626384791848e-01,7.318049176066336592e-02,1.375004027005823637e-01,-5.827122528740720508e-02,-1.246032867413900541e-01,6.245955983351578200e-02
3.049780454835400723e-01,1.248633274196680881e-01,-2.471641842255444255e-01,7.477679182944503566e-02,-4.540069267832995137e-01,-2.540370189509416621e-01,-8.294088484220929480e-02,6.883282899738434324e-01,-4.217179886734481742e-01,-2.101719555944281670e-01,3.162182054506144646e-01,0.000000000000000000e+00,4.431097270836709123e-01,7.445213991244404861e-01,3.951494912122392039e-02,1.650669665455726798e-01,-5.867900562197888442e-02,3.189962616983673116e-01,2.679790086213238998e-01,6.595626766099033089e-02,1.339010997711246598e-01,1.166416032813671344e-01,-3.781228399486583069e-01,-1.447638389206372111e-01,-5.331415416529113882e-01,-2.908332391932538785e-01,-2.984171350805845946e-01,-4.067979020172601823e-01,2.192732375287908542e-01,2.793194303982269311e-01,1.349577005474235716e-02,1.936173500532209213e-01,-1.376468026281731268e-02,1.978885287862935105e-01,-1.865754173201430444e-01,-3.309714719502532820e-01,-3.700918453061481372e-01,-2.151722263351132092e-01,-4.109764662470947738e-01,-1.861041072211066238e-01,-3.208334480651292564e-01,-9.599205213622925836e-02,-1.810253599540296299e-01,1.230182784681688873e-01,-1.217233689174593292e-01,-3.664629120778465504e-02,-2.266568341585518953e-01,-1.275131346655057896e-01,-5.547133877742672046e-03,1.583213867436095157e-01,1.622157139127239356e-01,1.576143822495525426e-01,-5.653660438529127530e-02,-1.207075417116836719e-01,-9.355578238491789322e-02,-8.907368961593199741e-02,1.263325218766962743e-01,3.069791988420007001e-01,3.249927650832200587e-01,4.773690863574804877e-01,4.648660201671342973e-01,5.513882281811556263e-01,4.535684220202861883e-01,5.255464586977977026e-01,-2.711745512767470556e-01,-2.587576320654967343e-01,-4.224067682920952249e-01,-3.229469694969208660e-01,-3.709819702115178530e-01,-3.784161234769909954e-01,2.457809279541271208e-01,3.734764182952490796e-01,-1.471147891670023800e-01,4.193755429784921246e-02,-6.649974069190135728e-02,1.105583582875888926e-01,-2.543113918409414809e-01,-3.092718093064849016e-01,1.696142077942034213e-03,2.006572389456858230e-01,-1.037101841428354626e-01,1.624820958622994749e-01,-5.672236543068389647e-01,-1.583498822972686237e-01,2.822019641352437047e-02,-4.535579351815318544e-02,-5.396905191837292337e-01,-2.413941635176694855e-01,1.481506621885176900e-01,-1.068922691258410718e-01,-5.273868957450197903e-02,-6.979763534823890669e-02,1.839071472273175745e-01,8.474286897316497813e-02,-8.317587669227323932e-04,-1.696894825940634122e-01,-7.640684942358545728e-02,-1.115581994466841448e-01,-4.313698775407066172e-02,7.154694495882353567e-02,1.198018721793734503e-02,-2.014026184846682763e-02,-2.052667325920577435e-01,-6.708486917293395024e-02,-2.004965040422562739e-01,-2.793010543754732566e-01,-2.327162151750817864e-01,-7.553882914857082409e-02,2.859369725145212079e-02,2.306202581645075966e-01,5.284411005990519855e-02,-8.784038881472151783e-02,6.458321448241360896e-02,-5.855046961670698491e-02,-2.837297007932673143e-01,-1.406394299504120371e-01
2.480802945227195133e-01,-1.006431528892020311e-01,-3.436503040751853755e-01,-1.264551589228143369e-01,-3.827927160292891595e-01,-2.830661633925645737e-01,-1.235679167409668988e-01,3.386052667800212301e-01,-3.352828783273837376e-01,-1.342615896478797366e-01,3.844489837848656943e-01,4.431097270836709123e-01,0.000000000000000000e+00,4.030136564919502007e-01,-1.006590393594252175e-01,-1.515426467954545872e-02,-1.305726315674489713e-01,-6.403191267717650570e-02,-6.551081360638180695e-02,-2.475074557578113010e-01,1.802186946032783565e-01,2.076431090727355044e-01,-1.220056186340956333e-01,-1.629731675481509434e-01,-3.140625659903087952e-01,-2.679142711213730599e-01,-2.063772999441123857e-01,-3.989652563372608762e-01,1.326936574679825620e-01,7.678375098542071509e-02,1.173006635871828018e-01,1.554644522493293657e-01,9.911862736552724817e-02,1.732570449874749063e-01,1.300912048974161017e-01,1.509594118698477476e-02,-2.636653430841361945e-01,-3.953592971135995726e-01,-4.338624884914730195e-01,-1.511103566589360458e-01,-2.663087644644729357e-01,-1.236347917083337189e-02,2.387184780731182315e-02,1.110985842818884711e-01,1.679546049840213717e-01,2.050086243720356249e-01,4.856373674662407824e-02,6.151750189391343160e-02,2.351571399109092519e-01,3.576186295282226535e-01,2.635841741549883599e-01,2.833695072998618225e-01,1.192705789523752780e-01,2.781658888968695509e-01,-3.183531442001276135e-01,-1.828503545688481557e-01,3.907617842098613445e-03,2.213184700493566609e-02,1.712684675946603008e-01,1.588175451662981463e-01,5.076586053157470246e-01,3.154205023119762696e-01,1.143584299433527407e-01,-1.952053782184660913e-02,7.759763031738037276e-02,5.632683078043847517e-04,-1.017677811048883219e-01,-2.351921667674123362e-01,-2.975822392255765836e-01,-3.300315643293161294e-01,1.804089462852630776e-01,2.907959709691556038e-01,-1.465317068917152965e-01,-1.050638902190465136e-02,1.310743606296816410e-01,-4.080875589450184970e-02,-1.622294779817118060e-01,-2.075545003947938116e-01,-1.090777904383612024e-01,3.460507748687743218e-02,-2.357083108843871511e-01,-3.063564149013724425e-01,-5.874072362974405159e-01,-3.182044336918230520e-01,-5.634228791020838567e-02,-1.280283894992634841e-01,-4.857898159090790480e-01,-3.169832960432338309e-01,2.965061030827349786e-02,4.352580132679798042e-02,-3.093540526209340724e-01,-2.675961828405692966e-02,1.021561054704068078e-01,2.293910045053712821e-01,-1.634477206637951763e-01,-2.030302793686963869e-01,-2.402437310153802685e-01,-2.826349483827312326e-01,-2.933994750439177790e-01,-2.904742178555062559e-01,-3.372308726179172322e-01,-2.935808661311199996e-01,-4.972570337580694000e-01,-4.278895394820415032e-01,-2.202987753021079798e-01,-5.516937726239016238e-01,-4.649136296416501168e-01,-2.653940070696317877e-01,-4.835267032197772263e-02,2.022813290514208773e-01,1.157351574183014264e-01,-7.128850556907709302e-02,-1.721684980280583088e-01,-2.104995001929332171e-02,-3.319703003536521313e-02,6.792096238697789556e-02
