0.000000000000000000e+00,4.990811916364654710e-01,-1.484535348887904282e-01,-2.854586788282637566e-01,2.470354302357559428e-02,-3.840114699880409765e-01,2.058690549346447463e-01,-7.881648620107607750e-02,-7.021589682528258693e-03,-2.271107725900136654e-01,6.326656303074288390e-01,5.125995692013746163e-01,3.192505672979355502e-01,-7.255614663860770683e-03,-1.356720643599139409e-01,-4.685689412717542468e-01,3.848580487951265283e-01,4.356987285638020402e-01,3.822293830868258580e-01,5.260411788222038032e-01,-1.620819177329813621e-01,-1.271435004982857941e-01,-3.139078510097775276e-01,-4.498947941146271834e-01,-1.854421475073066150e-01,-2.298366168197142623e-01,-6.200541945931353077e-02,-3.672364569031422166e-02,5.178363995111190388e-01,2.806742411150210947e-01,1.220851686291730548e-01,-5.106026499018592041e-02,-6.472514260858132362e-03,-1.236008023022793917e-01,-4.585812446199733494e-01,-5.637277680208038211e-01,1.690930122366720439e-02,4.329873513484142067e-02,-7.243873632174727129e-02,-1.022825374575205420e-01,7.089389070237853141e-02,7.453603681147358273e-02,-2.073141197027181803e-01,-2.035464831940954900e-01,-3.032792640004406109e-03,1.636809158544423951e-02,-1.613376905354240165e-01,8.438985887292389798e-02,1.860634588244524379e-01,2.435999428161038372e-01,2.828293204186008714e-01,2.229478513505858128e-01,1.008470887232578578e-01,-9.680205913077222224e-02,-2.664824591972014128e-02,4.568518823568471811e-03,4.890548248350478078e-01,5.381059293057719461e-01,6.054116585195279399e-01,6.104181260623593452e-01,6.868101832796097428e-01,3.993934306551104596e-01,4.890218004660736861e-01,5.308516922449486586e-01,-3.947853877524342137e-01,-4.966766310638520143e-01,-2.924467381803694255e-01,-3.589115990643261811e-01,1.819078861290219229e-01,2.113743088326227315e-01,3.528352527618967560e-01,2.156791264828714638e-01,1.353109627415226557e-01,2.177450690617381002e-01,-7.293901450235434902e-02,-2.086932271935081074e-02,-2.918561017719579209e-01,-3.103194562163296144e-01,2.512611509274736421e-01,2.283713074124719966e-01,2.697711592152096105e-01,4.644313300542085576e-01,-2.410784731713526974e-01,5.489418381365133992e-02,-5.940255571687707431e-02,2.772112657386431242e-02,-6.969727057488203648e-02,-1.153702306758348228e-01,-2.877673340811537014e-02,-9.173358901946380983e-02,-6.116639241178343234e-01,-2.655478966517564876e-01,-5.494754452166736858e-01,-2.054799152603744572e-01,-1.592609664820935911e-01,-2.540780703944451879e-01,-2.885823396884838465e-01,-2.515417283297046169e-01,-2.301397563124260304e-01,-2.385693713371474511e-01,-5.277668316646041274e-02,1.607898332994131818e-01,-9.999290582928033189e-02,2.930141633023258807e-02,-2.022843574707458014e-01,-2.965447407619457576e-01,-1.041598834609377133e-01,-1.271647760105149060e-03,-2.142595369064680955e-01,-2.484320551330940763e-01,-5.156251850726417674e-01,-5.112109670574660480e-01,-4.058294482377043932e-01,-1.029247391882311402e-01,-3.082878680525775739e-01,-2.346250962991095756e-01
4.990811916364654710e-01,0.000000000000000000e+00,-3.314643697060390970e-01,-4.124122440957116442e-01,-7.285794705597874177e-02,-4.505179106360609476e-01,-4.116360442813992715e-01,-5.512034157822661706e-01,-8.705876327583714214e-02,-4.075738197555403564e-01,-6.957953966428043202e-02,-2.001608792397934281e-02,-2.216475798681670772e-01,-6.583667027439368824e-02,-2.267901209276592944e-01,-4.192796971842486786e-01,8.212131199638525447e-02,3.932211892336912040e-01,1.195949735546598114e-01,3.128619574184579588e-01,-6.222646827013043891e-02,-1.108645826168457721e-01,-2.737542478059044604e-01,-2.973403311880966071e-01,1.375147913213792539e-01,-4.080343984175014566e-02,1.839504647057060294e-01,2.615798256511737141e-01,-1.568441086053238565e-01,-1.565174122147592606e-01,-7.288079950163156573e-02,-1.495943553439511575e-01,1.641998750113397507e-02,-1.066086662435825200e-01,-4.786751973290129941e-02,-1.290641067689894950e-01,1.777501019767075696e-01,2.804893522219571445e-01,-8.804811574888316006e-02,-9.711237747306668278e-02,1.158671061306787015e-01,6.624175049792756231e-02,1.481910035330756548e-01,5.613475062904933061e-02,4.916578650881414103e-01,3.451684293286157446e-01,2.775360126667369282e-02,2.753152903260872586e-01,4.341298664400854435e-01,4.061754161943431640e-01,5.140960657383341070e-01,4.276124887172684796e-01,5.362695537435553383e-01,3.960184444813533711e-01,-3.021374026411632278e-03,2.753637572034093317e-01,8.263656018549421223e-01,9.060609705395270552e-01,3.912798808177306298e-01,4.911633218919921884e-01,1.835037307079734614e-01,-1.274492200355827054e-01,-2.245488955604191539e-01,-7.653845721555106729e-02,-6.469515034725546732e-02,-1.520267866220263997e-01,1.060176078139150740e-01,-4.405623142617031036e-03,7.572155822493576993e-01,7.631317980359331177e-01,1.180194401597729065e-01,-9.439120679632227728e-02,-2.826594703876041947e-01,-8.404436691424597983e-02,-3.696726458620260836e-01,-5.370769340301615596e-02,-4.710695994974021805e-01,-4.607708124990186338e-01,7.576711989722767493e-02,2.542882677606115860e-01,5.312097511117404476e-03,5.027681818029845484e-01,-2.635802788351430670e-01,-7.930953849312903647e-02,3.626686321322887818e-01,4.551622251883934434e-01,-2.207986460979664556e-01,-1.488895079562440604e-01,5.071722317733620006e-02,-6.434802941692031875e-02,-4.354497483497764554e-01,-2.000884639956476141e-01,-2.708837367781020689e-01,-5.004446180340013095e-01,-2.812036417526040388e-01,-6.040956738403162607e-01,-3.384217123220179535e-01,-5.958345646742174706e-01,-6.303293293002903974e-01,-6.786504961530005486e-01,-1.001220843193385696e-01,-2.331378246475059868e-01,-3.773394559012818172e-01,-4.770922957315174018e-01,-2.141776767103075740e-01,-2.429696455375645048e-01,-3.190448941165313634e-01,-3.902608403074809273e-01,-4.564593629155737631e-01,-3.277923478652504108e-01,-3.862760689322578544e-01,-6.856636514403677829e-01,-4.149382077084011189e-01,-6.871574422595604081e-02,-2.905462812550930751e-01,-4.355139761748147431e-01
-1.484535348887904282e-01,-3.314643697060390970e-01,0.000000000000000000e+00,8.118903937480286270e-01,-3.308352384719115413e-02,5.258319298587400548e-01,5.314941241307513664e-01,6.298036350534049754e-01,-1.106528099916174457e-01,2.651409363350900050e-01,-9.311332226389562594e-02,-2.477964752510558588e-02,2.067233603148576904e-01,3.493706960751380430e-01,7.500734631830207055e-01,4.090011395322383780e-01,-2.634292725349395292e-01,-5.414587553775542655e-02,1.456871894816365587e-01,-2.583429073736748238e-02,1.589724368696524351e-02,7.964039137210138231e-02,8.009406548270490145e-01,7.149547165902984114e-01,1.996487795493998019e-01,8.863018742488452950e-02,1.604243380934671781e-01,-2.084342045214975792e-01,-1.621145241546913529e-01,9.102466839757265837e-02,-3.705877557349490994e-03,2.661242729104653093e-01,4.989286601395929305e-02,2.414533056171096759e-01,1.826894936953608328e-01,2.491849988480908662e-01,-2.052020303377139199e-01,8.187835118537872825e-02,-4.453954229396256403e-02,-3.696034367812663785e-02,-3.610944587871463274e-02,-1.192361377312702725e-01,-2.597400314580944891e-01,-3.574874379974473659e-01,-5.219777845352243650e-01,-5.503189283803601173e-01,-1.264859553922546287e-01,-4.981332182167197975e-01,-7.049357265225353331e-01,-6.810756311816293929e-01,-5.779976010784586560e-01,-6.843389171431718543e-01,-5.938085553258604099e-01,-6.812212690706838103e-01,1.903128385447739046e-01,-4.192981265887759101e-01,-3.960849511366534292e-01,-3.123496754381396845e-01,-1.454357409325348072e-01,-1.195104445938384163e-01,-1.177098142693574073e-01,-7.590499391214571012e-02,-1.846371530796288643e-02,4.980858996883461010e-02,2.437336430817507726e-01,1.976287284476507256e-01,3.323589093540420536e-01,3.694615695021113422e-01,-1.512251776235263856e-01,-2.302774842559111579e-01,3.093196298387835275e-01,2.514314737991057980e-01,2.608772456084215152e-01,2.462418767906121297e-01,2.651904347642594084e-01,-3.648365799100253271e-02,7.445387100282678805e-01,6.351193216772373917e-01,-3.541257348278602501e-01,-4.342796534616363280e-01,-1.900302919533764512e-01,-3.094631320560670695e-01,-2.519682400825048671e-02,-1.325271445869523612e-01,-1.168052164114322666e-01,-4.028768685543016037e-01,5.867981066713372496e-01,3.561486453735663860e-01,1.115006877974970279e-01,-3.801730578524833426e-01,2.872705883273259930e-01,-5.959811913221100266e-01,2.058790527558909678e-01,-1.007774607436505432e-01,8.863574313847399910e-02,1.710814150818326385e-01,-1.095621960962392949e-01,2.998073862891371122e-01,3.137358648918443516e-01,3.875461022529411714e-01,3.992407493237000726e-01,-1.640411428131684779e-01,4.770639812914518330e-01,4.246979373104885491e-01,1.495946293240817127e-01,-5.604408603968340230e-02,5.896998673167490601e-01,6.853207563128291824e-01,-1.018984670332492709e-01,1.643917117740322509e-01,1.240842760671219958e-01,1.477991079188233359e-01,1.636408789673654829e-01,-1.411916041913371112e-01,-2.594312669877158178e-03,8.050935419999007137e-02
-2.854586788282637566e-01,-4.124122440957116442e-01,8.118903937480286270e-01,0.000000000000000000e+00,-9.118910318878384325e-02,7.067238335021662765e-01,3.616094660812498307e-01,6.552585637341635794e-01,-1.939801428957243223e-01,2.814918273133857340e-01,-1.910301531079093007e-01,-5.860100572115734680e-02,1.982207042821235513e-02,2.056245983548037615e-01,6.373714855548746616e-01,4.082711690343180377e-01,-2.066093950931369716e-01,-1.397058529845663921e-01,-4.721745619242487951e-02,-1.544211761954522033e-01,8.099409254594550078e-02,1.532925079649956890e-01,7.232767211294589549e-01,8.045858872643426585e-01,9.388870602395216203e-02,8.791741734018138077e-02,8.325992193848835710e-02,-2.013668260460286241e-01,-1.713570900100024053e-01,-2.364740419121742765e-02,-5.635259728855752243e-02,1.647980578503615290e-01,-1.179696719848300490e-01,5.203469337455124410e-02,8.198632067306309279e-02,2.332455879198488957e-01,-1.676247873577118574e-01,8.725002310873416350e-03,-1.233158772257611224e-01,-6.069392364397608458e-02,1.025772505667476853e-01,-1.314563872109755227e-01,-3.280490360148820561e-01,-3.397882684516664864e-01,-5.704992134424060612e-01,-5.618411244671940308e-01,-1.743437932642015742e-01,-3.300564726787947323e-01,-7.381506617196649245e-01,-5.854261930318082063e-01,-5.796963270646061650e-01,-5.379003867748695100e-01,-5.950567809889500959e-01,-4.345785053068610404e-01,1.348881774298067160e-01,-2.162419646868233569e-01,-4.064524769708222629e-01,-3.113861022169885917e-01,-2.363356571108456428e-01,-2.053468297347966209e-01,-1.785541432755520241e-01,-1.058029191272852609e-01,-9.088626988594163819e-03,7.130955033855627956e-02,1.114180773731965335e-01,2.017563811193464618e-01,2.373178522915540545e-01,2.907374378301815776e-01,-1.472170989167387034e-01,-2.569908546682629913e-01,1.660022772621815579e-01,9.930478988131224982e-02,1.749605401736455956e-01,8.572397537893891584e-02,1.883934834845401307e-01,-3.576761805775294234e-02,6.129164005079298372e-01,5.934564444733071431e-01,-3.279219497588388155e-01,-3.192137972641995169e-01,-1.179538190073919912e-01,-2.446891927491324781e-01,1.774945570257545346e-01,-6.241826724348471800e-02,-2.407134406563441187e-01,-2.684400082985077818e-01,5.206100019044284100e-01,4.132741707650418039e-01,-3.969797361522672818e-02,-8.042536362111200876e-02,3.073418477730329723e-01,-3.430485628581921853e-01,1.955575995171336956e-01,1.223558135389241214e-01,1.765832276234536036e-01,3.635557031886108570e-01,8.158258697315684538e-02,4.662077179486197043e-01,3.804559520726134569e-01,3.772822916564960161e-01,1.835221515657022850e-01,-4.758058542162964949e-02,5.009237582735762695e-01,3.706655416578658047e-01,9.514921234677642392e-02,1.466655013343443614e-01,5.874731144190032950e-01,5.988619199853946196e-01,-7.392643196955395180e-02,2.508259533516860040e-01,2.413760822164586484e-01,3.330790820340641112e-01,1.646861804786374783e-01,-1.989290263518759400e-02,1.321847722022524985e-01,3.825143383681464115e-01
2.470354302357559428e-02,-7.285794705597874177e-02,-3.308352384719115413e-02,-9.118910318878384325e-02,0.000000000000000000e+00,6.260183456235952904e-02,-1.507599246742189446e-02,-1.358456297694412840e-01,6.806970458642609412e-01,3.620536060718037574e-01,3.555608487640697646e-02,-1.429111433073751956e-02,1.027137812175527194e-02,5.415800198803263910e-02,-1.475011552660370796e-02,1.752107692627327129e-01,1.209353784793273656e-01,4.654977366253654214e-02,7.137020802467017311e-02,-2.590225946442979363e-02,1.608007726026759177e-01,2.735122337100349132e-01,1.367777158112068181e-01,1.794971918498260155e-02,4.420955787360494327e-01,5.417480561112910653e-01,3.299698071427302759e-01,3.752092758674241968e-01,8.967088481478502349e-02,4.434533162564052722e-02,5.578018270442489657e-01,3.971657633879944194e-01,2.677038542118974629e-01,3.739583422180433048e-01,2.508600205497364954e-01,1.122263976678923580e-01,1.980786132650691825e-02,-2.244305069958376642e-01,2.465583649990567838e-01,1.997851386808681684e-01,-9.766022051934548920e-02,-1.047180306027123836e-01,5.485078977724792276e-02,4.588447057929279267e-03,7.046712680932870621e-02,9.313112027679384952e-02,2.270251806830451968e-02,-6.834045356639101287e-02,-7.950085065540477003e-02,-1.345475518744088383e-01,-2.432374163543198631e-01,-1.702483882099544432e-01,-3.147910358258645402e-01,-2.105995522695964899e-03,5.802549902235052542e-02,1.015040269855689917e-02,8.756425859838437575e-02,-2.721688613764490505e-02,1.047431020601316959e-01,2.621959663155781425e-02,-3.168050520328626052e-02,-2.744822259577631152e-02,1.021738814137878731e-01,2.250555086672188787e-02,8.128937561335136675e-02,7.831595410838243509e-02,2.063470742967023486e-01,1.017519390691478953e-01,-1.242969790466596919e-01,-5.983142774465436547e-02,1.942038928520211372e-01,2.331840613747954982e-01,-2.743663675233998234e-02,-2.314115613568138927e-02,-2.204094868844904687e-01,-1.176635983126658458e-01,-1.600449686715739728e-01,-9.810719428586224533e-02,1.998670463785894372e-02,1.253634577754805246e-01,-1.734151156285117235e-01,1.093642448962909436e-01,1.198556400573131953e-01,1.709503799770550198e-02,6.604638322215222734e-02,2.117046734768643634e-01,2.838036707462755492e-01,3.293814919405292918e-01,-1.975919034075281910e-01,2.043583967750909336e-01,-2.619899538809203343e-01,-8.983308096620486530e-03,-2.699907103995730639e-01,-1.127730934710764882e-01,-1.554043384091489677e-01,-1.185566807777873599e-01,-1.188462957159690386e-01,-1.687719424987707273e-01,-7.775404361954559029e-02,-1.352218807883941443e-01,-2.476217686938489149e-01,9.475331707482126387e-02,-1.538075553375125026e-01,1.151715015453601415e-01,-4.317901843750773239e-01,2.427095512046909681e-02,-1.952808518842893415e-01,3.593408239880973437e-02,-5.191164699118177260e-03,-3.383233015925036224e-01,2.987001437661930114e-04,-8.339610808309312617e-02,-1.470904644696975150e-03,-1.826979901680168272e-01,-2.810825121463579324e-01,-1.838517064353341335e-01
-3.840114699880409765e-01,-4.505179106360609476e-01,5.258319298587400548e-01,7.067238335021662765e-01,6.260183456235952904e-02,0.000000000000000000e+00,3.052647341859956454e-01,5.112203055427220200e-01,-9.815791201496436302e-02,3.732592411521669096e-01,-8.818141361310127824e-02,2.073107198524870576e-02,7.280697923949898398e-02,3.209406411787268376e-01,4.233127596903349943e-01,4.395913621189397325e-01,-1.538812352063093358e-01,-1.746755283108757939e-01,-2.257361062835769872e-01,-3.285413836833178114e-01,1.126078557853067014e-01,1.083874084494015066e-01,6.174863953642329983e-01,6.711998989786680525e-01,1.093992030145710462e-02,8.215327966487548372e-02,-2.538767895499417174e-03,-1.678450954905277015e-01,-2.156506388899454840e-01,-7.379835708580144427e-02,-1.152251704299004087e-01,1.348330006840119111e-01,-1.489114468685965587e-01,-3.496494616681031600e-04,1.014387578232938958e-01,2.030035360741869743e-01,-6.484962889513776196e-02,-1.919624930669787096e-03,5.348862783482223604e-02,1.855465240356841961e-01,8.125795540846281195e-02,-9.635016050686283362e-02,-1.959691648191100033e-01,-2.234348387818568260e-01,-2.948584242397748190e-01,-3.753396840212743779e-01,-1.520307005656141575e-01,-3.970786963090117139e-02,-4.949762077602471999e-01,-3.958379023244095740e-01,-4.684099408033393086e-01,-3.298227883781696956e-01,-3.954825934118925690e-01,-2.338569793150345189e-01,-4.956607887366864910e-03,8.165184229564591278e-02,-3.917124649526287361e-01,-3.124934928420406988e-01,-2.518252594592600424e-01,-2.694370451345716733e-01,-1.663078338634637332e-01,-1.627323136790943814e-01,3.537917851465904873e-02,5.395983204223248758e-02,2.196956598043662001e-01,1.869012376966599775e-01,1.026927601610468921e-01,1.036080801444833749e-01,-1.803777373219536961e-01,-1.142086927033625771e-01,7.685038030981641843e-02,1.741798124743256238e-01,2.368168967882006704e-01,1.197907978831599524e-01,1.133622196927190628e-01,-9.401580673676626643e-02,4.670030769147569538e-01,5.040048842301063647e-01,-3.067095993181895852e-01,-2.886485615051981868e-01,-2.494182143113040095e-01,-1.442691308835048480e-01,2.198655616680010305e-01,-5.792936668179434617e-02,-1.129375617329391734e-01,-6.355460023555549454e-02,4.431680986552002377e-01,4.383866104496507154e-01,-8.716769232160835601e-02,8.791247186271114455e-02,2.161320511930806543e-01,-1.370345799392995445e-01,1.476078045967758601e-01,1.424132109688883430e-01,2.123501044184856329e-02,2.552853282765679133e-01,-2.012308304573557499e-02,3.135522241535138033e-01,2.673611308350468119e-01,3.499611930297702456e-01,-1.037847911194983777e-02,-6.468013224248690685e-02,1.897699049164993379e-01,1.741180274293428476e-01,-5.232551544084457912e-02,1.290024499484698772e-01,3.186792632732766140e-01,4.727476341217047850e-01,-1.391340218698005893e-01,-5.736036474632245225e-02,2.232956666994739270e-01,2.622221878863393307e-01,2.860702992383442056e-01,-5.783689178330388841e-02,-5.198722988436434503e-03,2.268985990995424362e-01
2.058690549346447463e-01,-4.116360442813992715e-01,5.314941241307513664e-01,3.616094660812498307e-01,-1.507599246742189446e-02,3.052647341859956454e-01,0.000000000000000000e+00,6.575535231797898783e-01,-2.624194566385672570e-02,3.793197552800726124e-01,4.415090716916642566e-01,1.991404187196126885e-01,6.448857973349625405e-01,2.124494758069280509e-01,5.030302893798447306e-01,2.943680808020972539e-01,9.299140772053220150e-02,1.193005495682646425e-02,2.656106314842847094e-01,-5.405540503493005272e-02,-7.341777240055520626e-02,-5.033698881182491203e-02,3.762937787445364557e-01,1.077346986593847727e-01,-1.767895519204108201e-01,-2.302843035106422742e-01,-2.489461736185665658e-02,-2.024523829129993013e-01,2.796939622015270355e-01,7.831773063047059447e-02,-9.556259398136264516e-02,3.504520056783222426e-02,-6.522699975202167488e-02,5.762663499071573464e-02,-2.585893544454219151e-01,-3.011167549317450565e-01,-1.412469541483473423e-01,-5.475868235859549654e-02,1.240547631331979234e-01,9.331580913964622470e-02,-1.544951416923988907e-01,-7.478045063493794775e-02,-4.006456792416625556e-01,-3.788005997890792620e-01,-5.114862431104504337e-01,-4.043739254594407306e-01,-1.661020469827940993e-01,-2.808048195807856806e-01,-4.243118950708022474e-01,-3.643556155887060499e-01,-3.942202198038199934e-01,-3.303398641670173830e-01,-4.587197239087512646e-01,-5.001200014832883900e-01,-2.335566820436758839e-02,-2.635183102669603761e-01,-2.794597236464395063e-01,-2.615233271003930549e-01,3.768581919584712558e-02,7.449410394149992218e-03,4.998210751663012541e-01,4.959650959462493236e-01,3.535899475242978984e-01,2.945450816320454579e-01,7.046571701773349239e-02,-9.665565711778315028e-02,-1.916168129693042455e-01,-1.733829660164353526e-01,-4.238947912572289534e-01,-3.746034696984809620e-01,2.631217954352841337e-01,3.164242314834525005e-01,3.367094850937600303e-01,2.943376645844787420e-01,2.468460132157995479e-01,1.017512457992691098e-02,5.279154200792374185e-01,3.991251608240256599e-01,8.283245474333818248e-02,-1.141676988786811536e-01,1.488232274506055830e-01,-1.639200641251412419e-02,7.330115965291292973e-03,1.716476922263908689e-01,-1.685963809869152896e-01,-3.826875873099740422e-01,3.804816879487521453e-01,2.764339371211974039e-01,3.741280735975373306e-02,-8.596556515160101719e-02,-1.414338205895616374e-01,-2.323097982549785501e-01,-1.939768715134211341e-01,2.408657832475956939e-01,-1.598973613951748182e-02,1.473885808131536468e-01,-1.707010528819045414e-01,1.377064780607253902e-01,1.548700636404432840e-01,2.651293265262684162e-01,1.241921834696985000e-01,2.804962301584008055e-01,2.761471686639077605e-01,4.207733436582918318e-01,-8.309120976689879368e-02,-1.590207251239139641e-01,2.535171095714526257e-01,4.757935585061979777e-01,1.382778090432636720e-01,-5.527340788746037265e-02,-1.829980944549605970e-01,-4.671011909985902516e-02,1.180848206411389822e-01,-2.412951630152399829e-01,-1.547614020764082887e-01,-3.179585914663091151e-02
-7.881648620107607750e-02,-5.512034157822661706e-01,6.298036350534049754e-01,6.552585637341635794e-01,-1.358456297694412840e-01,5.112203055427220200e-01,6.575535231797898783e-01,0.000000000000000000e+00,-1.100577988497945942e-01,2.522225897596144240e-01,1.984946226707017536e-01,3.786412277109674207e-01,2.757821545495874882e-01,3.445812867888365383e-01,5.417136205837131957e-01,3.623498540973976723e-01,-2.731409690755967623e-01,-1.119555900073980342e-01,5.649088319147550774e-02,-4.614589539129942269e-02,-1.526652641216096340e-01,-1.288676746230274679e-02,3.629564413281067825e-01,4.203599056676677326e-01,-3.526344773182873982e-01,-2.383649510880711253e-01,-2.297099138078287361e-01,-4.841225557832294357e-01,1.186985590656710471e-01,3.096026871215705190e-01,-1.567365938098306821e-01,8.815339620096156181e-02,-9.729787996283560669e-02,1.497272570462401808e-01,-2.790239573179788546e-01,-1.297861107916954138e-01,-3.550127269115060380e-01,-2.105189698691619649e-01,5.451463641130786103e-02,3.355853098036785248e-02,-8.876857751878527991e-02,-1.031197614522534473e-01,-3.481150882461362395e-01,-2.827147194437067967e-01,-6.388674699370751053e-01,-4.945375341534768432e-01,7.613467873945411329e-03,-2.546046293744166356e-01,-5.522983077312727529e-01,-4.000426140328185998e-01,-3.737084332349622229e-01,-4.081667467944434247e-01,-3.916204406720277253e-01,-5.325969830421817264e-01,3.296719972541028443e-01,-3.157050169810089457e-01,-6.335258426474413840e-01,-4.590434727722859654e-01,-6.005749897833213141e-02,-1.780254352207897781e-02,2.105689256446468816e-01,4.916640648019516280e-01,3.391223699476083597e-01,4.102288367059113705e-01,-1.066384164018796127e-01,9.673808799394983948e-02,-1.929045948929093701e-01,-5.492277752310768119e-02,-4.658481517652553472e-01,-5.746454632708415389e-01,2.106177606862017215e-01,7.365280163117896017e-02,3.661536256136712630e-01,2.810174799830186809e-01,3.815902161631909983e-01,1.725035460785479535e-01,5.753728339990802354e-01,4.715429038864932809e-01,-8.263089748467229712e-02,-3.683204414587089026e-01,6.313844006787172614e-02,-3.365875844153719543e-01,4.947544173623692060e-02,-4.670798621022411584e-02,-3.367718518144935391e-01,-5.286624385775501311e-01,3.952404719080626627e-01,1.251362022451736333e-01,2.938748641100931147e-01,-2.273093921791047300e-01,2.877714944321739798e-01,-3.071910367046389312e-01,1.691098179418583924e-01,1.360765025952086482e-01,2.571395685620329608e-01,4.948874992229773118e-01,1.180453301463041532e-01,4.806178187354443465e-01,5.622686619561861887e-01,6.041244245693313530e-01,3.293923999904160849e-01,-1.957803294727581030e-03,4.048472641729090604e-01,3.662633286747880024e-01,2.874484441017718939e-01,-1.498112777493570968e-02,4.106900370568969949e-01,4.452967855213619264e-01,1.989625576688115183e-01,1.889441611210335992e-01,2.442979563845545654e-01,2.458333391271252943e-01,5.867608235497039082e-02,-7.102310168652391231e-02,1.446500670141275813e-01,1.475332971093313017e-01
-7.021589682528258693e-03,-8.705876327583714214e-02,-1.106528099916174457e-01,-1.939801428957243223e-01,6.806970458642609412e-01,-9.815791201496436302e-02,-2.624194566385672570e-02,-1.100577988497945942e-01,0.000000000000000000e+00,5.028018048971933940e-01,5.372736221686850999e-02,-1.694875297068338948e-01,-6.846798351823524253e-02,-1.675393386484595459e-01,-1.006986255790214523e-02,3.141452089484939036e-01,3.804152080794007129e-02,-9.647840640292534853e-02,1.975258449436333719e-01,1.033924182858623336e-02,1.913312018554849392e-01,3.473227104208243543e-01,-1.917954224285968630e-03,-7.243302220222638810e-02,2.751142926838507363e-01,4.348288191148349524e-01,2.429977154084231872e-01,3.825886291572416775e-01,4.389296638314502119e-02,-2.619768973509849306e-03,4.553998949368362470e-01,2.002424321321706058e-01,3.334967015001669144e-01,3.711899536533876387e-01,1.330063239396924168e-01,7.078987522451996028e-02,8.951951289800939848e-02,-7.251327250561528937e-02,2.914579083329981724e-01,3.109133049759507661e-01,-1.496969867991486229e-02,-6.348204308058681689e-02,1.125720924362820091e-01,7.240614417242721701e-02,2.052874697900288967e-02,5.732643358071124601e-02,6.369095642041637528e-02,5.144875366141708241e-03,-4.288577789904188253e-02,-1.018023906292249564e-01,-1.170170059292204162e-01,-1.698726019443692614e-01,-2.009821108006339674e-01,-4.844215736248253662e-02,7.124762887597595185e-02,9.881957005133945593e-03,2.128600165227974989e-03,-6.739656019436904288e-02,1.199227624689993936e-03,-6.826572026498087253e-02,5.293829556294238348e-02,9.286665773736464680e-02,-4.856640146564607241e-02,-9.736079417713627837e-02,7.378273518396824548e-02,1.596059139380889835e-01,5.465599082515750634e-02,2.758234623001722813e-02,-1.672401978345365581e-01,-1.538443249899227872e-01,1.426742682194424017e-01,2.144138314034081116e-01,-1.095508749790689296e-01,-1.228377889497659220e-01,-8.076442204339721875e-02,-3.565694862108914620e-02,-2.835266292149827283e-01,-2.194088867485177452e-01,7.248428283710352249e-02,2.159129242060183751e-01,-1.049970112391298283e-01,7.977031277238427753e-02,6.033177046219524026e-02,1.144837044968808615e-01,-1.056021333428956988e-01,1.073366204416859315e-01,1.098843288119821654e-01,2.390779494580362041e-01,-1.235908435846975184e-01,1.894168355718631458e-01,-1.420307076863416840e-01,7.879190438150783515e-02,-1.078173043308633811e-01,-3.158132235724697007e-02,1.038493146544097606e-01,-4.404040654512054488e-03,-3.769500934252980467e-02,-7.366060636606491796e-02,-5.324659142135206025e-02,-1.116374432327700839e-01,-2.751157845310088779e-01,1.220355100632544432e-01,-2.597262993523385965e-01,5.733481712170501038e-02,-2.613704455382224179e-01,8.330707758737086743e-02,-2.341528549622896305e-01,-7.195148085482119815e-02,9.543318331395275744e-02,-2.306639734224644744e-01,-9.128272988613123085e-02,-1.020219102264161154e-01,3.325844374306431012e-02,-7.773933887646557184e-02,-1.889202500281267905e-01,-2.095920884884641955e-01
-2.271107725900136654e-01,-4.075738197555403564e-01,2.651409363350900050e-01,2.814918273133857340e-01,3.620536060718037574e-01,3.732592411521669096e-01,3.793197552800726124e-01,2.522225897596144240e-01,5.028018048971933940e-01,0.000000000000000000e+00,-8.677571264093433823e-02,-2.348790389564999193e-01,1.166817708635771791e-02,-1.376657050764222290e-01,2.159594830715151625e-01,4.369033485683233020e-01,-1.202394856041472115e-02,-2.783967553026978625e-01,-6.096437704188761159e-02,-2.119676800528876859e-01,2.084723871786588745e-01,1.920796143361012953e-01,2.862480726926456276e-01,1.552611002671407392e-01,2.674342739229136900e-01,3.911408227566813833e-01,3.703213674627031105e-01,3.816673013732193032e-01,-6.866130334308154226e-02,-2.032257753437243797e-01,2.491441348881832940e-01,9.676233348220714126e-02,1.354904352214156560e-01,2.906416686772619329e-01,1.202988608106820290e-01,1.484810416573114633e-01,-5.696928316788670704e-02,-3.027877769418193740e-02,1.600018797669536252e-01,3.013835774313953220e-01,-3.712471219315321286e-02,-2.391452303947463331e-01,-4.151686237113926675e-02,1.918903785621665827e-03,-1.582539889233815222e-01,-1.106462359257428391e-01,-1.655161921491142118e-03,9.636427590486982588e-04,-2.902487722015167360e-01,-1.571558686495179158e-01,-2.850153557662182258e-01,-1.387001147477973095e-01,-4.065535310036588745e-01,-1.753177413170984578e-01,-2.447767421737382862e-02,1.151472731123268228e-01,-2.016059681435142803e-01,-2.531168410037805128e-01,3.383935925715090415e-02,-9.537998460020317981e-02,9.316763148002504824e-02,1.069740622293115784e-01,-1.190925260056473894e-02,-6.956848782684231514e-02,1.136542694387657759e-01,5.824149951243982881e-02,9.881798940069874693e-02,9.596447041558638091e-02,-4.232018788610836246e-01,-3.121987044040256398e-01,3.906010370367184181e-02,2.099917829711007433e-01,-1.571527061525081481e-01,-2.075942835611741255e-01,4.698964143205611177e-02,-1.678219735164301341e-01,1.144173672652882695e-01,1.184837221857948375e-01,-2.828609289268274596e-01,6.409382310557908136e-02,-1.988389378090870963e-01,-4.379733353163921955e-02,1.858302472447120601e-01,2.106973482604169445e-01,-2.653479184552076098e-01,4.533983240085637245e-03,1.995798890271496817e-01,4.678372618016397033e-01,-2.616259972762319252e-01,2.699120214831076114e-01,-3.256963414079194069e-02,1.503662351527626333e-02,-1.112737642311556335e-01,1.615425345628616893e-01,3.817631719535590634e-02,8.977201850441271502e-02,3.087444800877577750e-02,9.091721351733600409e-02,1.531106463951326380e-01,5.247256202507418615e-02,-2.192382054815936732e-01,1.262408427894680940e-01,3.792253184307189245e-02,2.303271149500624726e-01,-2.293089255397388060e-01,5.919120424187530177e-02,1.498834347737610859e-02,2.209010552325861021e-01,3.895583357948546877e-02,-2.933904008920363432e-02,-8.594494682393784279e-02,1.128956581934035253e-01,9.616626103794341518e-02,-4.578502405934785358e-02,-1.223367716428176294e-01,3.295850845537798279e-02
6.326656303074288390e-01,-6.957953966428043202e-02,-9.311332226389562594e-02,-1.910301531079093007e-01,3.555608487640697646e-02,-8.818141361310127824e-02,4.415090716916642566e-01,1.984946226707017536e-01,5.372736221686850999e-02,-8.677571264093433823e-02,0.000000000000000000e+00,5.986554668500527754e-01,7.104960749672095677e-01,1.506621978538725537e-01,-3.545350247789344489e-02,-5.344907568783614782e-02,5.197689731773899036e-01,3.628827588974226637e-01,4.921320953408974130e-01,3.436783177541742895e-01,-8.598541091979092221e-02,-3.568060409230570246e-02,-1.990409755982772977e-01,-3.856908342922930055e-01,-4.425432065530968684e-01,-4.579979926740238017e-01,-4.088866819244533768e-01,-3.479614806953502115e-01,7.491229492398628897e-01,4.624241877241671572e-01,1.593314915307471324e-01,-1.104241274468935607e-01,-1.308923693741303462e-01,-2.490573567630267882e-01,-5.888040979878931269e-01,-7.103133751945248653e-01,5.535442746715105167e-02,-2.467314932215923795e-01,2.213410211185617288e-02,3.097334474636045595e-02,8.989782184103813772e-03,6.250829047366068814e-02,-2.680019667491276292e-01,-2.547356988360908736e-01,-2.491048439600286601e-01,-1.711109301957865203e-01,-8.787080954725508264e-02,6.709931836003410477e-02,5.100448032942902360e-02,1.985773243297893906e-04,5.231769598544312033e-02,2.577524628118649588e-02,-4.469795919182003446e-04,-1.386318538545304457e-01,-6.916283623468577613e-02,-8.564940285479211157e-02,9.303478993488467283e-03,-5.277858579809782723e-04,2.384688239833803181e-01,2.023604750670970898e-01,4.947071376189878800e-01,4.854365708748472619e-01,7.167335338358434838e-01,5.973982735078998685e-01,-4.771558983895371475e-01,-5.177119232229030477e-01,-6.373168086593014037e-01,-6.297731930779664200e-01,-2.851241305948551408e-01,-2.559599360142912894e-01,3.299523703724432377e-01,3.767051426759057686e-01,5.389712704033078339e-01,4.671370688029397034e-01,2.209505478121021604e-01,2.162098580970099326e-01,-7.619259868176722628e-02,-9.857055128278752187e-02,3.813650764599179621e-01,2.809243742305667646e-01,4.141079266744267517e-01,3.150020077416293973e-01,-2.713670610928022378e-02,2.345072038330142106e-01,-2.171035167585954606e-01,-2.112266360132933618e-01,7.094125894070782423e-03,-1.128701262076452494e-01,-4.136806246121199626e-02,3.572521334512254731e-02,-3.910052313281021097e-01,5.177615530192890975e-02,-3.933469071222572278e-01,2.340527384193322735e-01,1.062865161540926945e-01,1.367194099331788260e-01,-9.438982540882809302e-02,9.721312213029781324e-02,9.883823753917667099e-02,1.509310249001445114e-01,-6.568685438423955969e-02,3.835036268325081599e-01,-5.502718745636826086e-02,1.866563138938881761e-01,-8.863816659840735579e-02,-2.281638547811880302e-01,-6.437854573745721565e-02,1.054038428101395364e-01,1.392653440802408826e-01,-8.381258852412198923e-02,-2.868851902254921371e-01,-9.444303253276671584e-02,-1.105682495201499860e-01,-1.174785664560394072e-01,-9.446083915520546437e-02,-7.890914576126430158e-02
5.125995692013746163e-01,-2.001608792397934281e-02,-2.477964752510558588e-02,-5.860100572115734680e-02,-1.429111433073751956e-02,2.073107198524870576e-02,1.991404187196126885e-01,3.786412277109674207e-01,-1.694875297068338948e-01,-2.348790389564999193e-01,5.986554668500527754e-01,0.000000000000000000e+00,3.066234017317492344e-01,3.833740090112814913e-01,7.763022079954108937e-03,-3.060733703660390992e-01,9.726521873892715608e-02,3.911772684140656375e-01,6.293749346401367184e-02,3.981494636829768785e-01,-2.468402761893326580e-01,-2.118376618244695031e-01,-2.897216802775754996e-01,-2.484201782921608148e-01,-5.136658525675271703e-01,-4.344804644971335117e-01,-4.205085335158590953e-01,-5.597805738410299714e-01,4.967558761112678689e-01,6.712117990060165740e-01,-8.177951132590653704e-02,-6.600254991289560003e-02,-6.775822868465357363e-02,-7.279237792222130465e-02,-5.716515632305408934e-01,-5.140423904449988868e-01,-2.837735252171597611e-01,-2.967551122926996299e-01,-6.767684046520151819e-02,-6.153334970883916205e-02,4.461570015787646309e-02,-3.508777295668590729e-02,-2.470180551208900344e-01,-1.291306941483303383e-01,-2.056337311393528766e-01,-2.351844699869547889e-02,2.518319954867949753e-02,1.439010417479282267e-01,7.499471557212791795e-02,1.879647016492370371e-01,1.890300366657051701e-01,1.187696791361677745e-01,7.003231633884700325e-02,-2.355570150873638469e-01,2.842664239250972669e-01,-1.133938990937136682e-01,-2.154593286490759652e-01,-2.471519197753574773e-02,4.394801832010565845e-01,5.203311549172505712e-01,4.171519457031312994e-01,5.042903284671279573e-01,7.516950316418351541e-01,8.698622572061941449e-01,-5.941627183471610563e-01,-5.463313263374280915e-01,-4.159581725669740937e-01,-3.671407133155529801e-01,-2.187892147630701167e-01,-2.813959959004216915e-01,2.625084028745266473e-01,5.700121200590708981e-02,4.683312385580357673e-01,5.313837787631876530e-01,3.650276263426683876e-01,3.280554850625135299e-01,8.479740987675384034e-02,3.598467747415368817e-02,2.661231662055759672e-01,1.047660974384579530e-02,2.394363206808113043e-01,4.438806869393437105e-02,-2.897721816407754138e-03,-1.373325174894337100e-02,-2.026462866088358517e-01,-3.654332146905147072e-01,5.832713474948598986e-02,-2.296684942527643103e-01,3.388925808695329445e-01,-3.080003303696428607e-01,-1.312213063099089694e-01,-2.852930242856112075e-01,-2.272146695876165190e-01,-1.337891800017643185e-01,-3.045115437422680690e-02,1.012940878701701075e-01,1.258072606331233148e-02,1.663264932749315417e-01,3.763621993115226494e-01,3.713092614671651970e-01,2.675978990228193855e-01,-3.762716915855718325e-02,1.629493803698953136e-01,1.333652653727625259e-01,2.103855414123746159e-01,-1.349418158794623290e-01,1.330090540331164695e-01,7.339097880668585261e-02,2.950667740009881197e-03,-6.973865994330802343e-02,9.066105957315548358e-02,-5.042969027717896652e-02,-3.271448608719486617e-01,1.030185413397270433e-01,1.378264495986185612e-01,-8.803510773939247913e-02
3.192505672979355502e-01,-2.216475798681670772e-01,2.067233603148576904e-01,1.982207042821235513e-02,1.027137812175527194e-02,7.280697923949898398e-02,6.448857973349625405e-01,2.757821545495874882e-01,-6.846798351823524253e-02,1.166817708635771791e-02,7.104960749672095677e-01,3.066234017317492344e-01,0.000000000000000000e+00,4.222031938942100715e-01,3.391564370169894982e-01,2.192356894297622649e-01,2.299103792900608900e-01,2.732239533253664754e-01,3.323643602377581718e-01,6.296560863358184601e-02,-1.211463903579288043e-01,-3.660916348419895189e-02,2.170531492484903402e-01,-9.920387302665817364e-02,-2.567569054286086283e-01,-4.555465673343250810e-01,-2.523271970742800852e-01,-3.489372533569961021e-01,4.669205644560709967e-01,2.635145769898142309e-01,1.067375731293335878e-01,4.544929795943865314e-02,-9.154953415534686223e-02,-1.730111801602066679e-01,-2.785501379422952173e-01,-5.019570639461735650e-01,-1.823205200716281754e-02,-1.686847986750844020e-01,3.937674505401643488e-02,9.413595112619017879e-02,1.688633219493138049e-02,-8.412492904419700823e-02,-2.778855828454557253e-01,-2.709973028897317837e-01,-3.024656768229016524e-01,-3.106050447913043522e-01,-1.773117666908727019e-01,-1.916650755041445775e-01,-1.902023668537380363e-01,-2.763242303714529280e-01,-1.830984545759631599e-01,-2.414012630364409662e-01,-1.878947718934293465e-01,-2.451255410509826926e-01,-1.765591888867207027e-01,-2.025955013110562197e-01,-8.164883463400622599e-02,-1.327076039151208753e-01,5.353065208463392982e-02,-3.001011224574590477e-02,3.313776924837748550e-01,3.039537900857964825e-01,4.548051927004414519e-01,3.097973394808167247e-01,-4.996685461614065737e-02,-3.086241194644953056e-01,-3.607349142941731479e-01,-4.479915375940354272e-01,-3.275741591229182070e-01,-2.668660756716289550e-01,3.359005099511851999e-01,2.659980744454715218e-01,4.147131861375943918e-01,3.340369936689168151e-01,2.459372178835327050e-01,1.501534758565293941e-02,1.953998534730418957e-01,6.136657948082110264e-02,2.555590937230990400e-01,7.246456968412814947e-02,3.151333779393775680e-01,1.824077338108503754e-01,1.242642054427312015e-01,2.181808477301531990e-01,1.235516935694158797e-01,-1.889450316376891925e-01,2.168580871902351936e-01,1.149874933260910115e-01,1.193595115302375914e-01,-5.577356530400177925e-02,-2.738231220671218380e-01,-2.328316436663647668e-02,-2.475087253585477043e-01,3.185257923899007526e-01,-7.236591161625079149e-02,1.077499892723271374e-01,-1.572989204892891457e-01,2.152218937397904625e-02,-4.531574529930348233e-02,1.544461331140786486e-01,1.085545150538351350e-01,2.036964995826397173e-01,-4.964443546259599688e-02,1.388207079177609382e-01,-1.193868854628644116e-01,-1.709312341514050704e-01,2.727668233438496070e-02,1.464107850887405859e-01,1.943570194698148734e-01,-1.962905791281598436e-02,-1.951339270976152340e-01,-4.212700536276043489e-02,-3.559292169214241935e-02,-3.670724451711818159e-02,-2.469658196336988604e-02,-1.000946714040178570e-01
