0.000000000000000000e+00,2.764747691952305075e-01,3.123577363968358944e-01,6.864406700905635594e-02,-9.518547554604983932e-03,1.326532779808573814e-01,4.854580097201420252e-01,1.659449886620991133e-01,1.690154498913580827e-01,2.040415572092294516e-01,5.009043934924476416e-01,3.606703929433737604e-02,3.223991989284307191e-01,1.617816407129794853e-02,9.885926498308632293e-02,-2.988981635122375802e-01,-1.161103820126619252e-01,-3.651304273720870630e-01,4.720971419421704507e-01,2.402989134655910131e-01,-3.373400380639883789e-01,-1.266323106886734773e-01,6.052035668063358853e-02,-2.013595059681516641e-02,5.637009808022378637e-02,8.084974218929005113e-03,-1.828702906831125921e-02,-2.400378213633084720e-02,-9.954078913228187053e-02,-4.126675001387924979e-01,-1.772647707116380977e-01,-1.696497657449624885e-01,2.157804227867572144e-01,7.417340424260866760e-02,-5.718595401356855014e-04,-3.733046657458996553e-02,-2.522216312432435936e-01,-4.248789049687454744e-01,-3.937197192795872658e-01,-3.112369224045286598e-01,-1.820178690648520115e-01,-4.916835983440114299e-01,1.735678259356790154e-01,-1.347640832004461976e-02,2.457040897368929222e-01,-5.411461481096844356e-02,-1.513479651549276897e-02,-6.061305299371266830e-03,-3.040059779339164547e-02,-1.374518826154069451e-01,-1.102710946561977212e-01,-2.329669542185761055e-01,9.381364782665678470e-03,-9.382171245689138739e-02,-1.171906289297660192e-01,-6.055844333064134416e-02,5.952520185522415241e-01,8.008162070784420605e-02,1.993016914979394705e-01,-7.939134015431194291e-02,3.723169771140256712e-01,-1.099016459789136368e-01,9.358728479776587394e-02,-8.389630898040521811e-02,1.036776599152684913e-01,-3.721518108149807214e-01,3.199638496981758572e-03,-9.520425307674967863e-02,3.820329903448019815e-01,6.996730042611237765e-02,2.607126481674097440e-01,5.586420576351450867e-02,2.346294897307997784e-01,2.388691871757473439e-01,1.403010165053816538e-01,2.296890113348043147e-02,1.080780187461960057e-01,-1.379398208589223060e-02,-1.275299662399931311e-02,-4.143685874492187837e-01,-2.153478795315533767e-01,-6.170699003573024699e-01,-3.728548822255820516e-01,-5.719661829503417394e-01,-1.084839752386136530e-01,-2.200216079202079456e-01,-1.752809868246508473e-01,-2.286610516721040987e-01,-1.713122598462930510e-02,4.765560653439746691e-02,8.121658237405514347e-02,-7.944696391687015857e-02,-6.040216264358302251e-02,-1.258772841820433343e-02,-2.647238888298469872e-01,-1.548593753569498521e-01,5.221243306110849580e-02,8.622077132661495891e-02,3.660762423277561656e-02,7.908110737622103814e-02,6.904309820763400440e-02,-3.423669668351833617e-02,-1.452315577477517397e-02,-4.859894808508256892e-02,-1.650635906493188865e-01,-2.412741941440621207e-01,-2.559400433252670415e-02,-1.322593926894454208e-01,1.170629438233824759e-01,1.621963478414758519e-01,2.085853728410797803e-01,-2.039621786521910937e-02,-3.007281032732150167e-02,1.250734225894065696e-03,-1.801995064830367588e-01,-2.289698899072916127e-01
2.764747691952305075e-01,0.000000000000000000e+00,-3.361677466768874245e-01,-1.244865705075693524e-01,-5.831877860361064231e-02,-3.366492339371792153e-01,-4.634720363996882031e-01,-9.703455517937964458e-02,-1.632424325076939631e-01,-2.998122203355947368e-01,2.724412960903328101e-02,2.456072729569124813e-01,-2.665789554086741009e-01,3.257714161066564418e-01,-7.619686939135204146e-03,-2.236581512973210562e-01,-2.354154317180561506e-01,3.805675201907510741e-01,-6.732628844254595624e-02,3.874540486997483102e-01,2.024037332823929586e-02,7.059281823382516918e-02,-3.610944001824110683e-01,-4.777049825564351759e-01,-2.803757720643428875e-01,-4.366047296490827012e-01,5.212622321506759498e-02,-3.000103073307887058e-01,-1.362419223792717959e-01,1.967877819292633557e-01,3.159597828519480900e-02,-1.402590864583734553e-01,-2.260515358074445535e-01,-1.292359588490286926e-01,-4.598359090089418344e-01,-3.376658058396757589e-01,-1.335690069475026220e-01,9.409886940035236402e-02,-2.324028341807734266e-01,-2.229294559441300505e-01,1.937959628630328834e-01,2.892983378976362457e-02,9.854437570470062427e-03,2.153264529975677799e-01,2.049940592631680214e-01,1.229190401394657378e-01,1.927425586544630476e-01,3.191626807671566479e-01,1.534751993434932960e-01,3.464374090413139262e-01,1.248979211158316033e-01,1.250779852876413023e-01,1.972238179965200844e-01,-2.757155644016604304e-02,2.002696404635619931e-01,3.375557694331752234e-01,4.829585494127127121e-01,8.178173232616121613e-01,5.038067089449933117e-02,3.437785887709960408e-01,-1.991170884388096529e-02,1.658108053359912959e-01,2.779325085746295332e-02,5.535651452773577841e-01,-7.037933722162226235e-01,-3.724054713594796007e-01,-4.905265935978400660e-01,-4.975324533147958417e-01,2.221356144767196727e-01,2.822253944829321570e-01,-4.808347675209617700e-02,-9.312711549005445177e-02,-2.045997856873242871e-01,-5.131247517186508789e-02,8.416511059003659034e-02,1.928238789816340282e-02,-4.282800886513842831e-01,-4.749453657467572754e-01,-5.524858775386894127e-03,-1.070585583033451527e-01,-4.273380481281933291e-02,3.472625228460680946e-02,4.752114639426693876e-03,1.010201753466445362e-01,-8.525245583458367082e-02,1.433844271612701518e-02,3.202824688677436415e-01,-1.209985373961125661e-02,2.505925729624163267e-01,-1.084275270179325817e-01,-2.336481140978088067e-01,-3.826686070648295246e-01,-2.207431683352030494e-01,-4.042257035592573544e-01,-3.166354544558738771e-01,-2.063511002972993613e-01,2.060006899875114483e-01,-7.168601299345264688e-02,-1.883377434230316394e-01,-2.606217769376860394e-02,2.629651006833182980e-01,-3.205611661193008555e-01,2.175111666630293594e-01,-3.062545745997508062e-01,-9.220952923634405385e-02,-2.318338261257350819e-01,6.773448904721438013e-02,-3.822478853940495386e-02,7.961727887546571347e-02,2.025985802418346915e-01,1.921313294979938024e-01,-1.257652634199180330e-01,-2.577236355337257367e-01,-3.896757216119653422e-01,-3.729654097683679503e-01,-1.244138709649156155e-01
3.123577363968358944e-01,-3.361677466768874245e-01,0.000000000000000000e+00,4.599435636165365993e-01,-2.272813049329923049e-02,2.858836690224949573e-01,6.665299480289019751e-01,5.464323398568543544e-01,3.631556299623983075e-01,2.301362229269158233e-01,1.799102181182291949e-03,-6.214093028503395177e-02,-1.811846124935265895e-02,1.488169385449173154e-01,1.048248086614399638e-01,-1.652831373533264758e-01,-2.396099375695878997e-01,-3.322383450397754512e-01,4.509460591722387335e-01,2.219665793315747371e-01,-2.522008335352786679e-01,-1.664574641714028080e-01,5.849606810970464643e-01,3.799312872071164970e-01,4.077802097350679417e-02,1.737112022374134312e-01,-2.680864984613867685e-01,-9.509201939508261925e-02,-2.777647795518046192e-01,-3.559999104712217588e-01,-7.786168592689524104e-02,6.775887133513146254e-02,1.961166662384510317e-01,1.301298070250960781e-01,3.108761639487796491e-01,2.765741281867113988e-01,-1.513064960427880357e-01,-1.897006474016359745e-01,2.695176710101679363e-02,-2.356714423612122078e-01,-3.275606676053068878e-01,-2.821354358210830249e-01,1.206518889956265245e-01,-2.327934626592046141e-01,-5.838496035899845560e-02,-3.744538500788797131e-01,1.517533495510523245e-01,-2.969940697290780474e-01,2.883968068137679128e-02,-4.009362660212424934e-01,5.332905114343475944e-02,-4.565573156142667122e-01,1.245788513842665257e-01,-2.360253700787040554e-01,6.285288154672448446e-02,-4.705049898213711779e-01,-1.036004402564033033e-01,-3.738812048316110803e-01,1.740164896687323992e-01,-8.400022839732317059e-02,2.139195578030982092e-01,-2.644553551130474633e-01,-3.310865567136857535e-01,-2.935530728004119294e-01,4.413360875949721707e-01,-2.011316289052724748e-01,4.202626728028993619e-01,2.759478732147194746e-01,3.122459196360815592e-01,2.137896052158710647e-01,4.801816267818130868e-01,7.254547160208206502e-02,1.124378535560579817e-01,1.843908843378137541e-01,-6.408559694793571071e-02,1.139216389923473904e-01,4.458913589888461870e-01,2.204571047759477653e-01,3.113370123022257685e-01,-3.646343565858056190e-01,-2.797113093737060505e-02,-5.192109592315923283e-01,-1.497996066864736575e-01,-3.996900097693894538e-01,3.214442041565618857e-01,-4.574359064275237974e-01,-1.630850654566262312e-02,-3.697191184902808292e-01,1.828385537537648986e-01,-2.965425702678176623e-01,5.026148133208947488e-01,-1.825742502848939127e-03,3.813491112795506788e-01,-6.851759471267263035e-02,-4.060379959760993668e-02,-8.274212559654216259e-02,3.157321636539874021e-02,-1.695986977828392306e-01,9.699858309183262417e-02,-1.341732383188597721e-01,1.557826269684058074e-01,-1.475322955184776297e-01,1.932732550858062004e-01,-1.045134939264359686e-01,2.950505611813476758e-02,-2.691069688898052870e-01,1.798345904393038874e-01,-3.769110360147071015e-01,1.584423336803205962e-01,3.586969519765560201e-03,3.810538073289498635e-03,-1.530736199021679178e-01,-1.447642902097155682e-01,6.327956766164383184e-02,-7.523270941600562756e-02,-1.692906062353329855e-01
6.864406700905635594e-02,-1.244865705075693524e-01,4.599435636165365993e-01,0.000000000000000000e+00,2.624318406011117988e-01,2.513360878721626057e-01,3.700141266790968331e-01,5.401253053732077980e-01,3.139422176716105684e-01,2.393462811285247682e-01,-2.034523744214023488e-01,-1.087393271496833874e-01,-1.723335729640717573e-01,1.483697270408185220e-01,-4.468284562511930236e-02,-3.027057012532577973e-01,-3.568720564621300495e-01,-3.433470201250927167e-01,2.658098298289583994e-01,6.419518476743327207e-02,-2.639715960664880678e-01,-2.648477069504982517e-01,7.152062154129170679e-01,5.969623178772323069e-01,3.515489933760375663e-01,4.463585087137437735e-01,-3.857564384724320589e-02,2.666400724736909741e-02,-4.132056705428532872e-01,-2.096062408930680632e-01,1.487178979486079855e-01,2.998927271884890278e-01,1.636485070968977107e-01,1.602326599983310840e-01,3.517210715934614429e-01,4.152775904515936256e-01,-2.424809308480893877e-01,-9.994516510646417329e-02,-2.317032157211927346e-01,-2.919526944701133497e-01,-4.281630081239720109e-01,-1.324715347184768077e-01,-5.026530984024508986e-02,-3.373094224168918798e-01,6.706975262753311906e-02,-1.088990050237520074e-01,-1.605514778951084298e-01,-3.254189218958444263e-01,-1.082698109948771054e-01,-2.542073267969782724e-01,-1.487016040748541101e-01,-3.162923230274244935e-01,2.417072466262378677e-02,-9.122566440550149147e-02,-2.385478983936010766e-01,-4.056385001520316780e-01,-2.832307227518688908e-01,-6.975652481682405315e-02,-2.170275043626331002e-02,1.427583193409238949e-01,1.079639820737252343e-01,1.215582366239255085e-01,-4.198840566836530841e-01,-2.649460358836707163e-01,3.434579934322293249e-01,2.363208361206425578e-01,3.983344253587873807e-01,3.990932199175790673e-01,5.424918899328405944e-03,-7.759459991141103019e-02,2.928423173541275237e-01,1.751338245740165223e-01,-2.365753314193637033e-02,1.646727397192012110e-01,-1.947224797959838660e-01,4.440059371619874823e-02,3.238973830557608236e-01,1.714173093944396653e-01,4.934614369793392796e-02,-1.769082355073445523e-01,-1.009695590012046340e-01,-3.102642400040941384e-01,-4.359866651539123228e-01,-2.350686852753544054e-01,1.246236838413668779e-01,-1.327577361709701975e-01,-2.172179106429039108e-01,-2.677283004978899261e-01,1.489849863835485469e-02,-5.461381413423342657e-02,2.261740752540158383e-01,1.459550530395479218e-01,2.825500806810038457e-01,1.459067808091111043e-02,-1.863073565623912242e-01,-1.728916611810663861e-01,-2.000457311619531220e-01,-1.939320621682112666e-01,-1.235150629620389157e-01,2.164220388491485628e-03,4.280799027174286148e-02,-1.255997411930642738e-01,8.327921029614680781e-02,-1.181932522742508568e-01,5.656190566324208191e-02,-8.533250540579163934e-02,-2.214941140170721134e-01,-2.323237291560958373e-01,2.185610248457582894e-01,6.945699252802524370e-02,2.453550704655106940e-01,-9.373174424602626065e-02,8.914101757422318584e-02,1.849242439816386752e-01,2.406356647859575482e-01,8.151156548004079294e-02
-9.518547554604983932e-03,-5.831877860361064231e-02,-2.272813049329923049e-02,2.624318406011117988e-01,0.000000000000000000e+00,3.960942051158978794e-01,2.692593455383881021e-02,-4.242825972592304679e-02,6.667273598411178614e-01,5.081175367747906568e-01,2.052691037605978985e-01,1.890384162014072666e-01,-2.774192296417256690e-02,-6.661768590836705806e-02,2.639973860522069615e-01,2.328104029299871147e-02,-2.115716052032692585e-01,-3.112084609369147881e-01,6.206443830905351150e-02,-1.697873970702321600e-01,7.185945913393675111e-02,1.367875239131710087e-02,3.667719011083208636e-01,3.050867102450274815e-01,7.868393623737907072e-01,6.415793698242439058e-01,5.198365909096549498e-01,4.650071236973554178e-01,-1.823241755463043678e-01,-7.193320488658315470e-02,4.679122437354551467e-01,3.760867421717565828e-01,1.384536807435111927e-01,1.055458549683950392e-01,3.622515722997926568e-01,1.908987062367767107e-01,-5.160069582432334073e-02,-1.113604016358134552e-01,-3.308136254650629327e-01,-2.590524369464454746e-01,-1.706714829059697569e-01,-2.450793496531191995e-01,1.018762902718938108e-02,-1.166504324274824506e-01,-1.124593804165194451e-02,-5.383260017845607759e-02,-6.478623035192621060e-02,-1.591132664389814100e-01,-2.680124463942504254e-01,-6.528971614013148739e-02,-1.799395604283691164e-01,1.157032174121528853e-02,2.508807781880752208e-02,2.079925536182588297e-01,-2.036163997318679031e-01,-1.200451228794912617e-01,-3.078345389090478279e-01,-3.174508313350974525e-02,-1.373239154435527132e-01,-1.862333296252919879e-01,-4.250471387403079171e-02,-8.661493871026333669e-02,-3.901977333611066912e-01,-3.912649261452096905e-01,1.401606138940825752e-01,8.767227110546702007e-02,8.021680774024762817e-02,-2.220766800875246388e-02,-4.341270286578430837e-01,-4.328055790611822218e-01,1.430055090529291084e-01,2.799148575551487217e-01,-1.678678544686594276e-01,-1.425613454010130621e-01,-3.885144835873299285e-01,-1.540511868398790618e-01,1.409602148443700464e-01,1.450182767941961826e-01,-2.329362515630850894e-01,-1.620759047158981322e-02,-4.057858700047746181e-01,-2.068752856398804185e-01,-3.721427530027687225e-01,-1.273694020860487996e-01,-1.035076766268490656e-01,3.705791314796318819e-02,-3.001474169831456207e-01,1.270630422598977294e-01,-1.225495592919566279e-01,1.840087597882972270e-01,-4.331823679541632610e-02,3.067753701349687501e-01,4.322247445353410988e-02,2.591528212095592365e-01,-3.027088785668088367e-01,-2.257749096445824943e-01,-2.981885251621488320e-01,-1.585569347259281614e-01,-2.717773746871199880e-01,9.703038812635667032e-02,-1.240149204503790126e-01,1.623005732243069654e-01,-2.496325853866553368e-01,3.730836690533218675e-02,-8.971466527269122970e-02,1.341586633042848309e-01,-3.203752605818300236e-01,-1.250679661246927310e-01,-2.231524565341143351e-02,3.054267636548698150e-01,2.763830908496477390e-01,-6.420289506510740152e-02,-7.368892606825300229e-02,-6.180805636855998125e-02,1.959092586143267589e-01,-9.004270611370400468e-02
1.326532779808573814e-01,-3.366492339371792153e-01,2.858836690224949573e-01,2.513360878721626057e-01,3.960942051158978794e-01,0.000000000000000000e+00,5.137917199318434713e-01,2.050636490252250865e-01,5.600029079568429324e-01,8.626837388110225602e-01,3.398232774613419993e-01,3.244154357946303358e-01,3.713005633816106044e-01,-3.581363731045466570e-01,5.119659721855200976e-03,4.373502084608290597e-01,1.873959749778436046e-01,-3.627881852473034963e-01,3.015750834058184560e-01,-5.273139546571826985e-02,-1.068118530557023715e-01,-1.328214247406898363e-01,4.236123058954565646e-01,5.674454907993663477e-01,6.671495544778545117e-01,7.653388317645348771e-01,2.375815543256923068e-01,4.464763046111119849e-01,1.326178174274521837e-01,-2.014411236457635257e-01,1.233532713649627133e-01,3.524088922211476849e-01,3.734490455710375301e-01,3.203059896825989350e-01,3.366442947922496653e-01,2.274236013375486309e-01,-3.176792671826307868e-01,-5.176798494091509051e-01,-3.041659022099086895e-01,-1.906616072254022354e-01,-4.794503110790259703e-01,-3.002822712051815279e-01,7.414007989141876975e-02,2.731525216222536676e-02,-2.696459909685116618e-01,-1.021099965454744657e-01,-1.360144946503751284e-01,-7.801498281153544656e-02,-4.535631348005133012e-01,-3.725517733024373279e-01,-4.118384861228196470e-01,-8.675595153961569717e-02,-2.696122396277480515e-01,4.694899873204236296e-01,-4.657818088447707727e-01,-2.572370232937035150e-01,-2.368965805692526128e-01,-5.155453790944490855e-01,-1.622273275795762248e-01,-4.216666924225662694e-01,1.049093517732995612e-02,5.869667473616094894e-02,-2.046418029468608790e-01,-5.864839810753749161e-01,5.021639012073442210e-01,3.940306962657241785e-01,2.454100936852210701e-01,3.501928206329222304e-01,-1.810881612323602119e-01,-1.680340166597831530e-01,8.608572854807063079e-02,5.218968843732998408e-01,3.603063083163078884e-01,2.896847258691950255e-01,-3.208810728072397644e-01,4.973210676633574301e-02,5.558600160557022329e-01,5.920228475485290742e-01,-7.262603436873985019e-02,1.716179779470851929e-01,-3.926752067168214899e-01,-2.230420454495093130e-01,-6.354619091192357239e-01,-5.919050405857141373e-01,-3.415554371555675761e-01,2.011160369774704360e-01,-6.455104557227188122e-01,-2.671193758767200291e-02,-4.521754971588931027e-01,3.933093460748359749e-01,-9.807885887205955444e-02,6.697161967624951640e-01,-5.778526164333024767e-02,6.051491287450588841e-01,-1.487116592840222462e-01,-2.951400359837718090e-01,-5.943823795441838254e-01,-1.580148721029331071e-01,-2.979388497383998469e-01,-6.408969317042575997e-02,-4.596020619241321103e-01,4.702310176636223527e-01,-5.967381700077419859e-01,2.455990532474313370e-01,-4.509203725235468307e-01,2.318508504358936517e-01,-5.564811414190136141e-01,2.178150033633613480e-02,-1.442745277912788338e-01,-6.155470941976428495e-02,1.751682940893786178e-01,-1.896524293751671308e-01,-1.190445931090500092e-01,1.413571179938036826e-01,3.970920617991384738e-01,-1.429281137530441503e-01
4.854580097201420252e-01,-4.634720363996882031e-01,6.665299480289019751e-01,3.700141266790968331e-01,2.692593455383881021e-02,5.137917199318434713e-01,0.000000000000000000e+00,5.260945383595397873e-01,4.681392134553557516e-01,4.791688961321056150e-01,3.051231181679290305e-01,3.594910619361671444e-02,3.955853305779804541e-01,-1.867254706980729650e-01,2.496888613376017918e-02,2.685877309089348269e-02,1.295111562335519344e-04,-5.697719943006285259e-01,5.340897738992445021e-01,1.276110645031674207e-01,-3.051781613758015599e-01,-2.433601924444561138e-01,4.632959680938227298e-01,4.997691517899567337e-01,1.621534001872889930e-01,3.270795717414851089e-01,-1.979124476698504720e-01,7.564864357675651907e-02,-1.673493060695714352e-01,-4.729462318895918393e-01,-1.131733672555059189e-01,1.279312848262625091e-01,4.443706541064949000e-01,2.899924390361878768e-01,3.090669442581761017e-01,3.430018531916832480e-01,-1.876793462342644658e-01,-4.622364366023688498e-01,1.139253806281065838e-02,-1.487869707914400152e-01,-5.213842724457267153e-01,-4.143762602862325339e-01,5.532212228971708501e-02,-1.713490553929275240e-01,-1.145608062668620336e-01,-2.171115838743112314e-01,-1.365671288462182165e-01,-2.700588474671236083e-01,-2.489107361550654263e-01,-5.131769963491344955e-01,-3.189538546089445981e-01,-4.403384667242209449e-01,-2.487040316610737711e-01,-1.237038709919641710e-01,-2.844975860190175898e-01,-4.384333276758159981e-01,-6.061506397262162588e-02,-6.225598175187584404e-01,-5.609204359011071839e-02,-2.477338533680576160e-01,2.668374002675858447e-01,7.306044821817897494e-02,-1.455721572622013793e-01,-4.407714614256422192e-01,7.011736904667346115e-01,1.559181857487174916e-01,3.206712443774689114e-01,3.909022612604263203e-01,1.084349463699317007e-01,-1.379940481376663031e-01,3.439777789359397819e-01,2.291226731642730940e-01,4.441352818266303126e-01,4.591336536825157411e-01,5.028330414563023099e-02,2.083210689949162031e-01,5.938955767639273464e-01,4.716436505070434326e-01,8.220358207648503779e-02,-3.232214149102978218e-01,-2.177759889732319432e-01,-5.232269494838455159e-01,-3.529948916309601503e-01,-6.736611203622755450e-01,-3.699553004672245793e-02,-1.658468387634410846e-01,-3.511230917204731239e-01,-2.941511327908597484e-01,-2.043040430635141014e-01,4.866367596651807043e-02,3.813466893028829574e-01,3.109839174748358914e-01,2.913136913180989218e-01,3.117849115404986438e-01,7.047337949481861930e-02,4.503801960849827812e-02,-1.494809630592424943e-01,1.129053428035899503e-01,2.701083738492817687e-01,1.641619608922385565e-01,-8.354139781128344655e-02,2.064781163520406915e-01,-6.999637529924954138e-02,1.779082283720143931e-01,-9.605272847415742554e-02,-1.253024863753243734e-01,-4.455733463774881609e-02,-1.250717623437205273e-01,1.722496430747055135e-02,-1.373504883336439941e-01,2.883054290088168936e-02,4.352631495132188583e-02,1.556043897237303630e-01,4.507507576072902755e-01,1.913100357854372047e-01,-1.360595847921538259e-01
1.659449886620991133e-01,-9.703455517937964458e-02,5.464323398568543544e-01,5.401253053732077980e-01,-4.242825972592304679e-02,2.050636490252250865e-01,5.260945383595397873e-01,0.000000000000000000e+00,3.751606608219371086e-01,3.489777337955637937e-02,-1.388421629354200104e-01,2.171775997718861650e-01,-2.495522086626401903e-01,5.510607979507743392e-01,-1.510075317335861922e-01,-4.346040297851903045e-01,-4.506103056963177145e-01,-1.368832606108516536e-01,1.558125243370119817e-01,2.152413346978327979e-01,-4.018232815333118157e-01,-3.944754956120432032e-01,4.010312687420953259e-01,1.335437915560492017e-01,-7.373319774289896489e-02,9.715892078888634098e-02,-4.352928619170233215e-01,-4.574389171681466082e-01,-5.797656843729230847e-01,-1.724736146128373060e-01,-3.515071808164064726e-01,-1.309766485834913397e-01,1.519988305078363855e-01,2.063678626958242723e-01,2.133034122492049878e-01,4.575612768637619676e-01,-4.206246075913573357e-01,-1.606365257568904692e-01,-5.708486626419582988e-02,-5.993204446493737292e-01,-6.181519058105877651e-01,-3.696014732258332547e-01,1.203266187936528758e-01,-2.409687662464560787e-01,1.153976787792162229e-01,-3.351350623967140896e-01,3.760738085800178765e-01,-3.593917358900069470e-01,2.675623012730570238e-01,-3.935085305456489380e-01,2.842944792188928926e-01,-6.095393641706219334e-01,4.035867162097296346e-01,-4.835517226213301711e-01,2.881705668532626996e-01,-6.425948771826792694e-01,-1.961497287459180450e-01,-2.367027104727846276e-01,1.707415497753095868e-01,1.810311905791113507e-01,5.115667583851196687e-01,3.500789880310611335e-01,-3.394899356527298906e-01,7.959663170553868405e-02,3.251941478753389569e-01,5.609984220029554103e-02,2.020476207572081961e-01,2.978174915903535891e-01,-1.197044822122015212e-01,-1.622931075920759081e-01,4.483833680509431985e-01,-1.529677354263456190e-01,-3.593532267169299854e-02,1.788135105084453780e-01,1.971326299829156414e-01,2.205021302682671769e-01,4.193302921544916906e-01,1.016289178379452818e-01,3.826216165710481509e-01,-5.334389170126878632e-01,8.029832031319432406e-02,-4.156434733712278673e-01,-1.630505894734420314e-01,-4.148384228807048268e-01,4.242879129056035814e-01,-5.317602294139164298e-01,1.442491358501358789e-01,-6.868113982398214024e-01,4.459628922582207777e-01,-5.297068007981373672e-01,6.592995831641824678e-01,-2.086689601201635880e-01,7.271530973941374709e-01,-3.477717430963416789e-01,-1.428279274011499123e-01,-2.628298908896462560e-01,1.751239328695294167e-02,-2.840267917128035391e-01,3.473773781225164003e-01,6.619067457998280279e-02,4.880640339465590061e-01,-4.498311231681376143e-01,4.660141099058280334e-01,-3.569176922917152162e-01,2.751869587070208123e-01,-4.300204505473040895e-01,2.060242357495191690e-01,-5.431321890858579193e-01,2.976190183662636921e-02,-3.719486960943156617e-02,9.092341666547680556e-02,-2.004715968023354500e-01,-8.028454661213314802e-02,2.767152262970008492e-01,-1.399627936612935983e-02,-1.898134076105776891e-01
1.690154498913580827e-01,-1.632424325076939631e-01,3.631556299623983075e-01,3.139422176716105684e-01,6.667273598411178614e-01,5.600029079568429324e-01,4.681392134553557516e-01,3.751606608219371086e-01,0.000000000000000000e+00,4.986282424976469230e-01,3.779289711669157059e-01,1.842918789393042378e-01,1.069705342562378980e-01,1.387745514648283940e-01,3.522572323788170090e-01,3.507840184487290985e-02,-2.451780602839453982e-01,-2.084257652580892572e-01,2.951497626926737339e-01,1.123586515661429835e-01,-1.678875672271752661e-01,-3.390814495836130815e-01,4.994294947063714907e-01,3.627618870940679807e-01,5.662213473293079558e-01,5.559262332318902766e-01,8.701511726096393395e-02,1.296858894565943721e-01,-3.281307495891475079e-01,-1.526037488811501086e-01,2.986218660898908861e-01,3.172499692232651491e-01,4.504142978287105081e-01,2.738488676774041841e-01,3.547098542952090705e-01,3.322865418789770486e-01,-1.699988239648010657e-01,-2.431704740802363707e-01,-3.016213907201067967e-01,-4.675107484162763782e-01,-4.874573004711931778e-01,-3.140430285776995567e-01,7.711025015048050824e-02,-1.587503828836146214e-01,-1.250031081058859163e-02,-2.075544509565650231e-01,1.081407208051293339e-01,-3.380616826960632371e-01,-6.639504960134952338e-02,-2.497146144681139102e-01,-5.015509353121065661e-02,-2.950060305626658885e-01,8.348198856389980882e-02,-6.495922858800028121e-02,-1.345431045711082130e-01,-5.319636923913343418e-01,-2.223765264134488495e-01,-2.553881214654826759e-01,-1.093856411594012479e-01,-2.016166836309230825e-01,2.365927827621629453e-01,5.082469366943492828e-02,-4.442116218922842474e-01,-3.406754601982421304e-01,4.190211455025646403e-01,9.766069492681209163e-02,1.514464398857014726e-01,7.450141740122988299e-02,-3.913916983173656439e-01,-4.620181990506903036e-01,2.898440180133348698e-01,2.129104330711114046e-01,5.899516697133006665e-02,9.556427318115734426e-02,-1.853414529101067854e-01,1.816674094137863127e-01,3.855701721583162378e-01,1.687369298712659282e-01,1.396467228406467476e-01,-1.519818350742533630e-01,-1.908300358287529641e-01,-2.696738356592786046e-01,-3.460342797262248582e-01,-3.743867203625129703e-01,1.940092947375404164e-01,-1.952456865550208365e-01,-2.012752432495648613e-01,-2.679197114166543270e-01,5.347653682093548438e-02,-1.502558345353733893e-01,2.246658150301541756e-01,2.612774868536877348e-01,3.222617557874805083e-01,1.396125064722639475e-01,-2.489081190995516002e-01,-3.623568079757917837e-01,-3.560463760605158678e-01,-2.452373414706833510e-01,-4.015127797333511300e-02,8.551238770512778475e-02,2.789966451824554133e-02,-6.156070808626094154e-02,-9.863069877897678861e-02,-2.210290914939631868e-01,-1.081845891193881776e-01,-7.371775037975826506e-02,-2.482219416678101143e-01,-2.666241959165439601e-01,-9.338836882304087095e-02,-1.667629357534972448e-02,1.679322344505626563e-01,-1.993751411536687224e-01,-1.540560605652006865e-01,8.522583827293002401e-02,2.673842319553127456e-01,-3.072977030314525404e-01
2.040415572092294516e-01,-2.998122203355947368e-01,2.301362229269158233e-01,2.393462811285247682e-01,5.081175367747906568e-01,8.626837388110225602e-01,4.791688961321056150e-01,3.489777337955637937e-02,4.986282424976469230e-01,0.000000000000000000e+00,3.755120313771246887e-01,3.076167791073514679e-01,3.703727393529624434e-01,-4.608798168932029538e-01,-2.015073064074409878e-02,4.577604918599483819e-01,2.080332425625487369e-01,-4.417384214601371983e-01,3.030445211114976556e-01,-8.689952534941448870e-02,-9.540164673613962809e-02,-3.259477123136705207e-02,4.067712234316571696e-01,5.852132801488402203e-01,7.291723414891310151e-01,7.811266454606000664e-01,3.340833684908487977e-01,5.407417282841558981e-01,9.840713945804333007e-02,-2.288751476386936268e-01,1.759573485423957251e-01,3.537378888251245801e-01,3.192052873035762794e-01,3.034359503212598064e-01,2.849489060720746259e-01,1.413059780028452506e-01,-2.988063573087101910e-01,-5.642397052305155869e-01,-2.973971765948434376e-01,-5.663197009793966008e-02,-4.580990009113011241e-01,-3.360853676327662520e-01,5.005262797972573341e-02,3.155066461776535880e-02,-2.828818670592569418e-01,-1.595854285573948886e-02,-2.853741515860379052e-01,-2.257230088818255875e-02,-5.665135368534308657e-01,-2.233699929465332856e-01,-5.521141826716046141e-01,3.100748504670267428e-02,-3.985140384114252976e-01,4.928439123029272340e-01,-5.918521252793773613e-01,-9.736940445195199634e-02,-2.433917185271096961e-01,-4.345998841020172199e-01,-1.798625858171926106e-01,-3.957572456990442467e-01,-1.108268973590653128e-01,-9.547166328224504159e-03,-2.454295276871774623e-01,-6.549758289793872201e-01,4.881886963134861590e-01,3.190588832224793281e-01,1.428440340498191297e-01,2.447551104635597996e-01,-1.518763274005922315e-01,-1.479183838204482515e-01,-7.296011307618764478e-03,5.296118940636227457e-01,2.640071195325663922e-01,2.612317248209908849e-01,-4.197931106810449120e-01,-1.471320022659921081e-02,4.306191414757143399e-01,5.148005540063984586e-01,-1.545529501203140865e-01,2.227247879435664268e-01,-4.915479799482771472e-01,-2.010122149773097278e-01,-6.556059916005579913e-01,-4.585005415919977123e-01,-4.672364434704532887e-01,2.521595051019857592e-01,-6.799508098402630152e-01,2.377447991738151911e-01,-5.672768141661359564e-01,5.111942491768194374e-01,-1.340531751797603699e-01,6.963485080488441836e-01,-2.123671600094403922e-01,6.614996811939826138e-01,-2.575914936376623721e-01,-1.652669877386072073e-01,-5.703416151927852562e-01,-4.793300822504542244e-03,-3.287282016946018737e-01,1.210009595766801255e-01,-4.537211701823044008e-01,5.925054743730263640e-01,-5.526756739664536733e-01,3.698848798760089873e-01,-4.388436956846892834e-01,3.089759235984698149e-01,-5.752967989013911820e-01,2.426380898750936030e-02,-4.838064251110058001e-02,-8.312100859531917213e-03,2.142084856984091679e-01,8.152858089634751684e-03,6.691869289386291608e-02,2.283577037016821243e-01,4.308593302922120172e-01,-9.165488519588789462e-02
5.009043934924476416e-01,2.724412960903328101e-02,1.799102181182291949e-03,-2.034523744214023488e-01,2.052691037605978985e-01,3.398232774613419993e-01,3.051231181679290305e-01,-1.388421629354200104e-01,3.779289711669157059e-01,3.755120313771246887e-01,0.000000000000000000e+00,3.941096573666740821e-01,7.090009046133026738e-01,-1.313929404787139432e-01,3.401047188363371943e-01,3.275290926206840814e-01,1.596503123309881700e-01,-2.362366652419445878e-01,1.902049066895319385e-01,1.871740542110081340e-02,-2.190385808885503827e-01,-1.625134780174664062e-01,1.203368652489424616e-02,9.842418589622535519e-02,3.491404670686845124e-01,2.861094012245740115e-01,4.303812137614019401e-02,2.353516655337175023e-01,2.578102121509459610e-01,-1.515861326752603877e-01,1.828110858759114943e-01,4.963102227272216810e-02,4.057653397575946008e-01,1.573553216222964013e-01,1.100143885568870966e-01,-1.380623457688344713e-01,-1.573002899291069678e-01,-4.936529515900497933e-01,-5.046457791812342109e-01,-1.799289381312475233e-01,-8.128356064566248651e-02,-4.217174963493707796e-01,-8.419944659048339552e-02,-4.872026962061695027e-02,1.955579526501436891e-02,-1.118848565124656719e-01,-2.475194343075509951e-01,-1.628712599676825912e-01,-2.553984521658510531e-01,-2.219059140247423290e-01,-2.650438717316316861e-01,-6.795803686286465417e-02,-2.480465767043654457e-01,1.953697933062090719e-01,-2.767858133399939136e-01,-6.677785739481393104e-03,3.786869613991332706e-01,-8.073257360019039930e-02,-1.055181863189987579e-01,-4.305960960326764564e-01,2.179293193432171316e-01,5.933423273089134808e-02,2.223265527229923155e-01,-1.912136749392685520e-01,2.144573590867003832e-01,-3.673666013179986006e-02,-3.977954109270447416e-03,-1.090829533536517293e-01,-2.079531889588645543e-02,-2.716046792001195476e-01,1.222757893453236266e-01,2.284202867971616424e-01,2.018827222731133242e-01,-3.825058551529206263e-02,-1.608368862540402247e-02,-1.287996153640786623e-01,4.826202067350127134e-02,1.396793073061584900e-01,-1.014461498227060415e-01,8.456952731475560203e-02,-3.051895264352092463e-01,-2.726997318428113215e-01,-4.300079237578130487e-01,-3.744197043826560933e-01,-1.866761881993899974e-01,1.609690670284993630e-01,-3.903169504571487036e-01,3.159801915702607766e-02,-2.625379074571679294e-01,2.554982711632023951e-01,-2.585631540824285257e-01,2.052266119506169495e-01,-2.108422336343032388e-01,3.156662633227575454e-01,-1.346376533744588766e-01,-1.176935262726278436e-01,-1.034480535555693942e-01,7.081942504469668220e-02,-2.434833404835850257e-01,-8.544048747815674583e-02,-2.714838591334934326e-01,1.689679765562126235e-01,-4.391844776823837226e-01,-8.546002875656225073e-02,-4.052596939928412856e-01,-3.021576100809812704e-02,-3.386630062740015878e-01,1.658565116272389950e-01,-5.972953437593282039e-02,1.380233261549298485e-01,1.674953163668784772e-01,-1.950696308143605728e-01,1.251261463537938542e-03,-1.906286872959627732e-01,-3.840462447923104899e-02,-1.757064133184577936e-01
3.606703929433737604e-02,2.456072729569124813e-01,-6.214093028503395177e-02,-1.087393271496833874e-01,1.890384162014072666e-01,3.244154357946303358e-01,3.594910619361671444e-02,2.171775997718861650e-01,1.842918789393042378e-01,3.076167791073514679e-01,3.941096573666740821e-01,0.000000000000000000e+00,1.304149635234815308e-01,2.185696531585418212e-01,-1.025367886553966712e-01,3.675575129435885713e-01,4.081118863098132099e-02,6.014319171724985535e-02,-1.054625417409591481e-01,1.494990466746095314e-01,-2.070562407199840471e-01,-1.785159083460570728e-01,-9.044106081054534285e-02,-1.118273602321614123e-02,1.169422748681662599e-01,1.196743865166003812e-01,-5.085305057462334404e-03,4.402790108475476694e-02,4.181709640557053353e-02,2.267983103044551862e-01,1.019990564598449940e-03,-5.962257480956494569e-03,1.670978133163065482e-01,2.612407064046262661e-01,-2.869410211710769071e-02,-3.118933058488970039e-02,-4.535541362638186302e-01,-3.579420952324354754e-01,-2.435744152402099794e-01,-3.215565474101244048e-01,-2.510849555421108548e-01,-4.148508603812202100e-01,-1.360008756582386236e-01,4.890269607207597957e-02,-1.945979784898537457e-01,-1.825416587503295995e-01,1.137146561207522943e-01,-1.548969123081235175e-02,-1.764090479836707692e-01,-2.264411077381888737e-01,-1.491297851953488351e-01,-1.551548675816049327e-01,-5.827095097927127015e-02,1.007666087652884235e-01,1.057291911226144326e-02,-2.755078769212349760e-02,2.978692143621578317e-02,1.418269143510870328e-02,-6.263642698101511141e-02,-1.428898863764644367e-01,1.280198296515374923e-01,4.665625267155018019e-01,7.219345511487537670e-02,1.508800767101183549e-01,-1.108496592713929113e-01,6.008615456593042331e-02,-2.329911098802931180e-01,-5.673705037137751622e-02,-1.658626501847373924e-01,-1.143179360593537947e-01,1.401544109266995852e-01,1.162204809470838707e-01,1.335337086276958997e-02,-5.061514905718401784e-03,2.561889013912131002e-02,-4.203607144540286167e-02,5.870289761539683460e-02,1.271488071867439840e-01,5.157638686741029127e-02,-3.180951017296008293e-02,-2.491416288696233772e-01,-6.582248147911609615e-02,-3.156406959742590335e-01,-1.715700186750589995e-01,-2.368347897956983861e-01,7.851944154902001927e-02,-1.894738495260082090e-01,-2.462643493696444873e-03,-7.525261839554950316e-02,6.631954232183695508e-02,3.409323897409901726e-03,7.092354684630036710e-02,1.126641107921169949e-01,1.000888024666626852e-01,-1.785428218907238740e-01,-1.847582932103146169e-01,-1.210068427867211915e-01,-1.245805271138347298e-01,-1.043479680885330274e-01,-1.810977537904204238e-02,7.001802391403130765e-02,1.114706741095998349e-01,-8.271970205154396960e-02,5.222843264333788121e-02,-2.071142941962238471e-01,-5.714549419315711337e-02,-1.141345620236335900e-01,-4.867610895534914967e-02,-8.100830333884413703e-02,8.938130263899335404e-02,1.149646271115766644e-01,-2.385804478676168683e-01,-1.032165367022483127e-01,-2.319956582380680934e-02,-8.636549314916858178e-02,-2.003357289316909651e-01
3.223991989284307191e-01,-2.665789554086741009e-01,-1.811846124935265895e-02,-1.723335729640717573e-01,-2.774192296417256690e-02,3.713005633816106044e-01,3.955853305779804541e-01,-2.495522086626401903e-01,1.069705342562378980e-01,3.703727393529624434e-01,7.090009046133026738e-01,1.304149635234815308e-01,0.000000000000000000e+00,-3.851881401528783888e-01,1.099225872916339969e-01,4.942791786917777874e-01,4.046020559210117828e-01,-3.378306381452164664e-01,1.901610969185600908e-01,-1.329239438337980195e-01,-1.829929623727311605e-01,-1.580019484001536356e-01,-6.533439267458807098e-03,3.039468374814479623e-01,2.665535473650257337e-01,3.056020070691247703e-01,5.696964724698404259e-02,3.222943608947718697e-01,4.585300735193154620e-01,-2.641527919998820084e-01,2.006754552848230011e-01,2.182995100030650781e-01,3.104301265335904225e-01,4.190451444034336281e-02,-1.145703393031385908e-02,-2.353966948494456146e-01,6.489869289424954335e-02,-3.626526276086205480e-01,-2.473065303541955307e-01,1.730561572923342561e-01,2.386326365170027275e-02,-1.686159114399593262e-01,-2.380260736637344055e-01,-5.141262092484580326e-02,-2.273746229838519706e-01,-1.691300065692522697e-02,-5.258406539081512676e-01,-4.041136210023087844e-02,-3.601446007834945284e-01,-1.946710908374610360e-01,-4.164695678244963450e-01,1.638841854469285098e-01,-5.340438408968625206e-01,3.869455940681477135e-01,-4.790529950498225165e-01,8.547148774703233753e-02,2.352922274347090947e-01,-3.007471204369175366e-01,-1.330079182679590188e-01,-4.036631853426944083e-01,6.994049298217873412e-02,8.895033980614147628e-02,3.849237592292339416e-01,-3.521712545421232243e-01,3.571811115808523063e-01,2.044530988427988860e-01,6.776643415869482157e-02,6.962296927951189393e-04,4.018249191343829796e-02,-1.240429510736528462e-01,-9.657369368355583905e-02,3.759231647027671541e-01,3.902869868037130430e-01,9.351100188379624090e-02,-8.385253738798413570e-02,-9.287461357410206619e-02,1.869411948036073801e-01,3.585148879431219182e-01,-2.530256321979074685e-01,2.203987194172107034e-01,-2.314264088477379910e-01,-7.577056513609618793e-02,-3.989116191133921241e-01,-3.075386971743895304e-01,-3.736089233946247590e-01,4.474328218685567626e-01,-5.668204835686876386e-01,1.810973614626133765e-01,-6.040620817235491380e-01,5.520023502931677983e-01,-3.470810509896087304e-01,4.515647130740232384e-01,-3.258908858881298665e-01,5.999093012957988913e-01,2.152182672706371980e-01,1.454070863761955656e-01,-1.404299773573003951e-01,2.488019023575280264e-01,-1.347129633854022290e-01,-4.673810830962035062e-02,-5.450578780852791683e-01,4.467266441422961809e-01,-6.094198990425570006e-01,1.731904084915691089e-01,-4.192394704081466861e-01,1.189102785905311183e-01,-3.844808049960173335e-01,4.431385504654031804e-01,-5.665222613010804584e-05,2.809370931663847729e-02,7.967474139974348168e-02,7.666671973889016556e-02,1.673913705225679449e-01,1.728513781884597617e-02,1.869495146171896716e-01,2.697329731117023913e-02
