0.000000000000000000e+00,8.064217370962299958e-01,5.289317531814329287e-01,2.481560522362973586e-01,-3.366981782103614738e-03,7.428449826497206775e-03,3.800548357373752517e-01,-1.267614362321336230e-01,-3.600552919735069413e-01,-3.189460410605161611e-01,3.265650712229568042e-01,1.390765002916642679e-01,1.861710698365572902e-01,-8.955028226397995783e-02,-4.680496933731771447e-01,-2.156665409808848910e-01,5.896684671891038176e-01,2.320610732007697963e-01,6.931459538405262411e-01,8.221488443858381290e-01,-3.263540217506230023e-01,-4.630720301156736052e-01,3.719266567847739902e-02,1.172409254925802086e-01,-3.269892766079327551e-01,-2.563997365571840104e-01,1.865695050685877154e-01,-7.489376121996400848e-02,1.116766596732653993e-01,-1.978448815870652577e-01,-6.699094303637902204e-02,-1.914127237335847276e-01,4.165324243832025930e-01,4.913058374911483672e-01,-9.139148720107978519e-02,-2.218747846284153599e-02,-3.582465805541387716e-01,-3.012396985975897556e-01,-2.906796574475261075e-01,-1.896373163342700563e-01,3.645332841881332997e-01,1.579939483955900836e-01,-3.516644778250435088e-01,-1.385125130967725660e-01,3.501208622589737640e-01,3.157749435232379831e-01,9.777449233773199966e-02,-1.569148455276519749e-01,-1.530208993945731122e-01,-1.839718787918988019e-01,-1.608175741416103255e-01,-1.323820942500578690e-01,-3.702370982162054847e-01,-2.422051058923021735e-02,-7.773268356788784472e-02,1.339272247459944443e-01,7.570324989381451708e-01,6.861129323129017132e-01,6.110317631222423884e-01,6.160525799351476151e-01,4.801781336897374963e-01,3.435397580551854402e-01,6.021209795061607251e-01,5.112906800446481714e-01,-1.685323782421111194e-01,-1.504066614588733530e-01,5.385209251667888442e-01,5.759247942014399380e-01,6.775729886668901969e-01,7.173144547004556282e-01,1.455649652094034852e-01,2.433059697714353431e-01,4.667156747081490642e-01,1.229661239509952930e-01,-9.645348740942546670e-03,-2.874790904438649375e-01,1.550935521982324261e-01,3.020218763251561467e-01,3.227622399150237853e-01,4.399189221788855075e-01,6.906617497605009592e-02,4.442325394862873256e-01,-1.574818015049918862e-01,2.156165310820352121e-01,-1.653049997833564155e-01,4.109136132941860753e-01,-3.341649372414201014e-01,-2.761816299104210559e-01,-4.023902589349945269e-01,8.535729603514446984e-02,-4.775723984283720136e-01,-2.322751042783519071e-01,-4.372199968982626306e-01,-2.384898468394003046e-01,1.279688037871289097e-01,-1.468220295575682621e-01,-1.421567126215430299e-01,-8.160582633106672201e-02,-1.712402883746945714e-01,-2.776416162031558610e-01,-3.073862812359831956e-02,1.843569330411217733e-01,-1.154828381685174821e-01,4.638841059595719130e-02,2.439991692460094508e-01,3.937716099312401075e-01,-3.170929870122898286e-01,9.916854995603591183e-02,-4.180491645261976696e-01,1.622007580898432166e-01,3.282464595426073939e-01,2.196040713365345620e-01,-1.049079580560972752e-01,-2.872645461301895353e-01,-2.384772541844544791e-01,2.420756957769629736e-01
8.064217370962299958e-01,0.000000000000000000e+00,4.993032537572260621e-01,1.821194825565370934e-01,-1.994418809827457062e-01,-1.885102369545759160e-01,1.568325857266037182e-01,-2.692321889984472527e-01,-4.454116659019229374e-01,-3.936467192821629935e-01,2.568302756018694399e-01,3.504716828509191889e-02,1.249085456360406465e-01,-2.025700008582116962e-01,-4.212323981084110103e-01,-2.522670783542627637e-01,4.934817263687835132e-01,4.651582301461849034e-01,5.555975309870291312e-01,7.663558174886347940e-01,-1.693107283245783856e-01,-3.007192814330912345e-01,1.350956780773419352e-01,1.541171228260085901e-01,-3.174396067594712489e-01,-3.431290154054953412e-01,3.163254234259670755e-02,-1.651850506126118223e-01,1.095423093770984818e-01,-3.180736673398595893e-02,1.966391135926144271e-02,-1.040059869706813633e-01,2.892133986376437260e-01,3.304039148500484968e-01,-2.951297167463535348e-02,-4.884056263062572234e-02,-1.747178122102822084e-01,1.247960662458585598e-02,-2.363925812905671442e-01,-1.209708253972636288e-01,3.481330386069672600e-01,3.553834575808541008e-01,-4.189215714512127819e-01,-1.967663724904072375e-01,4.347239321973676018e-01,2.000107891991242115e-01,1.384815153625658102e-01,-6.418804106420711308e-02,-2.248578500890290599e-01,-1.699463897351238817e-01,-2.066687672378484386e-01,-1.675179460685568000e-01,-4.258148114350721603e-01,-2.167713182879712763e-01,3.450035221432231486e-02,4.287652685819556136e-02,8.786600291277406605e-01,9.029188927457229008e-01,5.154057147355772805e-01,6.493878185054910990e-01,3.470524558200289156e-01,1.874345695802314415e-01,5.971620935387864648e-01,5.621554516865173712e-01,-2.292169389789879830e-01,-2.376111402653517946e-01,5.189275517438549645e-01,5.570793048817697102e-01,7.699367923729986130e-01,8.595538806608998827e-01,2.210974612543027129e-01,1.321456689472968460e-01,3.641510680864373795e-01,1.216363646716386027e-01,-9.688992197271234508e-02,-3.128847939010431789e-01,1.486113749452994959e-01,3.105121931636917187e-01,3.458997001262651971e-01,5.466220293486844239e-01,3.164823463359425215e-01,5.519681756568710629e-01,-1.562419361725290445e-01,1.233979950687939531e-01,-9.705073643775766895e-03,2.498013816525741504e-01,-2.886855461012120538e-01,-1.866124779697097003e-01,-2.299398448529886563e-01,2.633692119098360665e-02,-4.517729667247619152e-01,-4.396345158047625934e-01,-4.344409142431093218e-01,-3.423035914604576901e-01,-1.653616660297227772e-02,-1.151196241243478968e-01,-9.474870805987867239e-02,-6.455361225526792812e-02,-1.749888194791211771e-01,-3.994306594001728050e-01,1.151642477307144724e-01,1.299691245181122112e-01,1.308463997462852579e-02,7.637023971703556235e-02,9.573578261088248886e-02,2.103816429317129644e-01,-2.583895962967786564e-01,2.397650490916773403e-01,-3.081871792366358553e-01,-3.438451583108463605e-02,1.439467114665402836e-01,6.677215666134925232e-02,-2.276089281791847663e-01,-4.038372299626238338e-01,-3.347591076769589891e-01,9.376650879783274273e-02
5.289317531814329287e-01,4.993032537572260621e-01,0.000000000000000000e+00,5.911142102681031796e-01,4.542523595677654819e-02,4.746616365977849444e-02,4.697324412166494212e-01,-1.760643714312369046e-01,-2.401693295685238261e-01,-2.843575633245479239e-01,9.367019994765748980e-02,-5.987302362595814387e-02,3.316281759944119667e-01,-6.145311778378805684e-02,-4.028929546158858122e-01,-2.046799084480636077e-01,2.311428510516145562e-01,1.757068801009173953e-01,6.105803710664954309e-01,5.880067883242630078e-01,-3.088856466250203825e-01,-4.442240910786389163e-01,5.372308722533043479e-01,5.273096808832962168e-01,-9.060425662528115431e-02,-1.632742937816748785e-01,2.164307339869585983e-02,-5.671017130085434510e-02,1.856333828475469766e-02,-3.010335472900539378e-01,2.061098812031885441e-01,1.585883851830057201e-01,3.988600420100589794e-01,4.819020793540120806e-01,2.264917154564399238e-01,1.626286054094429889e-01,-3.864587086281457418e-01,-2.496709948448669059e-01,-4.503092866254193583e-01,-3.858832528049151445e-01,1.864121493756185077e-01,-2.284826017458068195e-02,-1.550308003686858838e-01,2.423090285800702862e-02,3.025337771100276019e-01,2.338691094892097200e-01,2.191946036884321047e-01,-1.738531505910385078e-01,-1.147535239652669181e-01,-1.517531911229453578e-01,-2.563432774354962862e-01,-2.303472972543810227e-01,-2.884549018868606263e-01,-7.846806656928705104e-02,-3.397340415231436817e-01,-2.379161025371147042e-01,5.873186399415977199e-01,5.939715745164669825e-01,4.758352967284547042e-01,4.595675287260390651e-01,4.384500663340038518e-01,2.316217207272691092e-01,2.464030305916104502e-01,2.509164097331619270e-01,1.857517407691731681e-01,2.826935829645641288e-02,5.147239881379902515e-01,3.917565803496347865e-01,5.144123352937115534e-01,5.437368859196640702e-01,1.349787036474854873e-01,1.961911052670709810e-01,1.739648308196214133e-01,4.621771696699002868e-02,1.353737766820845567e-01,-7.133708507668905241e-02,-1.204289760258284506e-02,6.252792290702273437e-02,2.467339454083258485e-02,2.803854900315167487e-01,-1.187361252358570818e-01,2.171529583247323036e-01,-3.853424519371989043e-01,1.851558751220832438e-02,-1.121552391226997986e-01,-1.850181708901764074e-02,-2.004852253611041080e-01,-9.817944324687728763e-02,-2.058601331051652661e-01,1.676339192745881501e-01,-3.803175441289362024e-01,-4.746620133937488190e-02,-2.747173867513899026e-01,-2.033743320716835737e-02,-5.375234184244892521e-02,-3.293498483030828927e-01,-1.710854791782464579e-01,-1.969634455168054188e-01,-1.386118780263289607e-01,-3.554121403629856291e-01,-3.453167365902497926e-02,1.123470277735587886e-01,-1.480524388111554290e-01,-2.251042528289331490e-01,1.838861687896754804e-01,3.447952846174648922e-01,-4.917258631863181129e-01,7.470313957467378252e-02,-3.788700537020501247e-01,-5.490319829313886242e-03,1.511920946811368405e-01,3.720125064159668371e-01,1.568204348228190506e-02,-1.554999703748550788e-01,-1.282813873459225373e-01,1.366264495141980562e-01
2.481560522362973586e-01,1.821194825565370934e-01,5.911142102681031796e-01,0.000000000000000000e+00,-4.357123065048386368e-02,1.311380063203816670e-01,4.114010961287591361e-01,2.234950923529220590e-01,-1.954920885064292679e-01,-1.070174915267918248e-01,3.107057345670794501e-01,-8.188393751692658873e-02,1.771782877407567514e-01,5.002466002890347541e-02,-1.844312949047417494e-01,3.613335112199522747e-02,8.428877515909480311e-02,1.693433545169032994e-01,4.593391676900122622e-01,3.340681070801099217e-01,-2.124604734437422759e-01,-1.382220557841138675e-01,6.122342000989637878e-01,7.012461811208767770e-01,3.184288259189153175e-02,3.198809617252590344e-04,-2.759857024454153221e-02,2.364249003628627055e-01,-1.898709603263436796e-01,-2.344746481399844762e-01,1.243459944933312383e-01,2.702957043614027666e-01,3.883365659714314022e-01,3.328726376459222869e-01,2.083170005590430363e-01,1.271615611712949845e-01,-2.237295793274234612e-01,-1.717711216759468529e-01,-3.998515935809616173e-01,-3.136395766195737567e-01,1.342246618905670041e-01,-1.334782353745325549e-02,-3.629471334839858843e-01,-2.418222759965788782e-01,1.023516396202631962e-01,-1.060871256259820761e-01,-1.408352450773296682e-01,-4.514590302234278152e-01,-2.780411521168094646e-01,-2.878031167327065321e-01,-2.748132599355477823e-01,-2.152481752500783885e-01,-3.337436801098598860e-01,-3.448785205219072336e-02,-4.262032276520554830e-01,-4.289862262866879217e-01,2.723993797558410535e-01,3.620316934790441810e-01,3.618450482790192685e-02,1.462294342276957981e-01,2.139711312527254050e-01,2.803079320907849725e-01,-7.719590202397214052e-02,4.482883970357950248e-02,4.877678232125015612e-01,5.569545875501199506e-01,2.644766698093129476e-01,1.503904042911351768e-01,8.370159892967474202e-02,1.115249659869253507e-01,1.775868014012492169e-01,1.545123025788531224e-01,-8.149341153528501247e-02,-1.169256358043831573e-01,1.535819990895906928e-01,-2.251371948795588551e-02,-3.254835385422746308e-01,-2.196810833123220563e-01,1.614361175536657700e-02,2.541644737787157049e-01,-2.858475874350746571e-01,1.026585014077203567e-01,-3.564802316490142675e-01,-1.870071511973730727e-01,-4.054606816043129780e-02,-3.028972183253587913e-02,-2.951521470989731250e-02,1.912748837935567825e-01,-2.544724701240192941e-02,4.026831880783302009e-01,9.994950513167154271e-02,5.199244254745180593e-02,1.215053623005646899e-01,7.330822866818603734e-02,-1.808377500428232643e-01,-4.195610375119548374e-01,-1.932048761115866264e-01,-2.693732368460493576e-01,2.053625825077011816e-02,-2.316435526553195234e-01,1.715480547258834082e-03,1.003252082992928951e-01,7.302252448014423525e-02,-2.003093318033243586e-01,1.214056956265568282e-01,3.845403676082601585e-01,-4.342900501888410925e-01,-5.436012968212288604e-02,-1.995688640424000682e-01,-8.993975679537989654e-02,1.101994064083986619e-02,2.144518049744766619e-01,1.492955939446959368e-01,-1.122842074883089042e-01,-1.138183989178455785e-01,-7.071226655649090476e-02
-3.366981782103614738e-03,-1.994418809827457062e-01,4.542523595677654819e-02,-4.357123065048386368e-02,0.000000000000000000e+00,8.003950089370654997e-01,3.304937733771134978e-01,2.319063808436426510e-01,7.961162246070185855e-01,7.044981603872184639e-01,-2.887953899690524628e-01,-2.732898983935714843e-01,-1.292154560819751101e-02,-1.702114960535654545e-02,1.085792083059275853e-01,3.487883967330746571e-01,1.618664136711585877e-01,-5.187301700987494435e-01,1.016362728532293341e-01,3.615822104256748853e-02,-3.233522443213928121e-01,-2.422313130173270879e-01,-5.684702403800227788e-02,4.566302387615010089e-02,5.302570471897594118e-01,7.995721100774866308e-01,7.850683358444362492e-01,5.421558252244439435e-01,-6.930612848015343941e-02,-3.861263738098382192e-01,4.063942870549517861e-01,2.792764759524774543e-01,5.055242024754848934e-02,2.373953947080199578e-01,-2.225780764663319242e-02,1.516193291363356066e-01,-3.842034530372410162e-01,-4.749960160307389878e-01,-1.156899306757629559e-01,-5.115456174866025996e-02,-1.627391671993395350e-01,-1.603493592615246044e-01,7.736448748651625872e-03,-9.501608018884347140e-02,-2.577954961990147065e-01,1.031545262337873192e-01,-1.823127683971177138e-01,-3.165233578261172909e-01,1.698267481229291387e-01,1.605637951179129941e-01,-5.111037992491578724e-02,-1.551549349837709202e-01,8.944730950746104803e-03,-1.253216545163088683e-02,-2.032631248015229763e-01,6.167313943507549828e-02,-1.635872290944797025e-01,-1.876993702547852527e-01,2.774197478501442826e-01,1.254822598136011991e-01,2.442314772478011431e-01,2.972068061790314464e-01,-1.042207930145681721e-01,-1.296667233053964419e-01,1.386556364658484974e-01,1.323546335732848078e-01,7.368063692269588225e-03,-8.041956527115338635e-03,-2.344564288370730790e-02,-1.060252919913880071e-01,8.670426744283703246e-02,1.961185602339734213e-01,1.387425858252151582e-02,3.058691749087745215e-01,5.155687114228831719e-02,3.879404000545638026e-02,1.938707886569214847e-02,-2.819170731048668832e-02,-6.845163898533601632e-02,-1.239580229047061999e-01,-3.741569117874128936e-01,-3.716146679030961075e-01,2.851398394176118400e-01,5.376997968621024526e-01,-5.425742565361451469e-02,-1.738558727079662081e-01,5.983548111803118630e-01,1.328378904427860718e-01,-5.196041829947914414e-02,-1.084708442096760095e-01,-2.592702594637336655e-01,-1.440052053028137956e-02,-6.379985007666048868e-02,1.126815010544531953e-01,3.111288643196585824e-01,-1.250491956396639626e-01,-4.036240641027088460e-01,-5.916023487181815144e-01,-3.045547967327671413e-01,-9.868556670457934166e-02,-7.510359282666298486e-02,1.134084686339624677e-02,-1.205823632925107913e-01,-1.702690653098038256e-02,5.218581226443630428e-01,4.886057556338505581e-01,-1.242248065633759328e-02,2.732484951030931253e-01,-5.678351128048261254e-01,4.212682334409647567e-01,1.069934139632079950e-01,-1.351458942188149808e-03,5.399164376840671214e-02,7.032541763654806544e-02,1.222791901925024544e-01,6.431659846995775309e-01
7.428449826497206775e-03,-1.885102369545759160e-01,4.746616365977849444e-02,1.311380063203816670e-01,8.003950089370654997e-01,0.000000000000000000e+00,2.121502090014560638e-01,2.858796378901217738e-01,7.412392223513918355e-01,7.239440248931398036e-01,2.102409604259725812e-02,-2.135567815715533058e-01,4.391562569143305644e-02,-5.823066064474936160e-02,-3.984955161954740338e-02,3.610446239008985314e-01,-1.841078031859124525e-02,-1.806946811220791482e-01,2.370273701302629543e-01,8.666207042772171298e-02,-3.422591545273038216e-01,-7.352827111079301980e-02,8.159364920560521761e-02,1.277185913304535736e-01,6.916985472555313708e-01,8.043031092909751489e-01,4.682033224086759038e-01,8.092982799188105369e-01,-6.022843594358518599e-02,-1.745616648984857910e-01,5.085527562036302740e-01,5.011234080077097142e-01,2.938069608839726787e-01,4.292223243695062473e-01,-2.485435884867658041e-01,-1.334842176315811368e-01,-5.318115930548994452e-01,-6.233069283811558670e-01,-4.107880053968838152e-01,-3.422959748759092924e-01,-1.780669160000592222e-01,-1.188803631082910872e-01,-5.959220920465799209e-02,1.633632563725818596e-02,-9.725208788124568848e-02,1.995932031811129548e-01,-2.155445502122946833e-01,-3.372354993797755385e-01,2.404297521416292605e-01,2.068379594151928402e-01,4.707249631790853817e-02,-7.632056921471062905e-02,7.627524235494627380e-02,7.337834181284769164e-02,-3.398411435439026018e-01,-1.914601084564563072e-01,-1.225777222428571095e-01,-1.296916393273707113e-01,1.333063489860854822e-01,6.480070675481806874e-02,3.265707266999844371e-01,4.542673813097111712e-01,-7.602946268858706835e-02,2.853710567664000455e-02,1.720539779739862496e-01,2.438124562724573730e-01,-1.947941184195219888e-01,-8.646304186213547849e-02,-1.552315263119061484e-01,-1.411097737600873203e-01,3.300396436624482011e-01,3.156443580651291381e-01,4.842186139281715734e-02,3.420363152640981119e-01,1.784060074702990828e-01,1.314437711741052728e-01,-1.727680196601289464e-01,-2.239270757787536203e-01,-1.936520099023948116e-01,1.192934865146509926e-01,-3.551108515523528908e-01,-2.594340139479057727e-01,-6.306641765888501561e-02,1.218500975725113761e-01,6.590625584892396797e-03,-1.928134926223695755e-01,4.863676411016576440e-01,2.023249983069442537e-01,-5.374560535694686107e-03,-2.707473433155006826e-02,-1.665962752888485165e-01,-1.313070500523051964e-01,-1.088597973089684701e-01,-8.171163156281863182e-02,-1.672678369956843158e-01,-4.412978177110427613e-01,-1.854300625428985383e-01,-4.969594760643001874e-01,-1.291377966900438545e-01,-1.547952007514598327e-01,4.304871071130993848e-02,-1.891368292695872269e-02,-8.880284740502514262e-02,-2.085253182639567882e-01,4.305552062754743337e-01,5.250615467862960184e-01,-3.384301092881638051e-01,1.682633215652542535e-01,-5.081777712859384399e-01,9.220030440898595303e-02,1.793329040557742685e-02,5.711720759044168483e-02,1.071068808076898471e-01,-4.565150246507957560e-02,-2.041161220579019442e-01,3.301913483177190134e-01
3.800548357373752517e-01,1.568325857266037182e-01,4.697324412166494212e-01,4.114010961287591361e-01,3.304937733771134978e-01,2.121502090014560638e-01,0.000000000000000000e+00,4.484758233272567174e-01,1.274369425053133165e-01,1.279259805290759722e-01,1.886127924554625024e-01,9.046325418121212159e-02,2.608237713860691032e-01,3.676526216948916570e-02,-2.741788237650706339e-01,-8.964321566244662365e-02,3.921782654162692117e-01,-2.498350597018604846e-01,4.713637393124568420e-01,4.500812890498342433e-01,-4.308190278592450295e-01,-4.611568382679143152e-01,4.768882914490352870e-02,6.217213022278932771e-02,-2.016792079728709219e-01,6.747872118816208853e-02,3.475105368395687289e-01,-1.019904886361934493e-02,-6.184762680988401679e-02,-3.475712413175315318e-01,1.280383894629812808e-02,-1.049243258699681658e-01,1.400588180327990984e-01,2.384389420145393013e-01,-9.752280388571631098e-02,2.610767793457578669e-03,-3.208050040966467509e-01,-3.472670548449275918e-01,-2.749161772290524830e-01,-1.256710388773649989e-01,1.382358240305843998e-02,-2.490454388701692223e-01,-1.869945340201838169e-01,-2.390275509167965884e-01,-3.658916946682023996e-02,1.123769338808465745e-01,1.182348226155822274e-01,-2.316567357609874978e-01,-6.746922088442314225e-02,-7.798936534740445736e-02,-4.310854448471621581e-01,-3.659940638396775303e-01,-3.800115300352641112e-01,-2.150680681440737818e-01,-2.896639944681442258e-01,3.039717349154122394e-02,1.752242064804875321e-01,1.672511024822652681e-01,4.018311435072797755e-01,4.932427014225252981e-01,4.816248349090057612e-01,5.152380561935883119e-01,2.290384231662568881e-01,2.107481814645366103e-01,-4.850956980036193189e-02,1.022928953480591180e-01,1.555541863016168258e-01,7.788087041825497714e-02,1.779977963875364888e-01,2.105796106612001228e-01,-4.215214836317743990e-02,1.910110149982026939e-01,-1.603843987803284590e-02,1.255578733836713590e-01,-3.969704801590508841e-02,-6.822995450489531544e-02,-5.264359837615279619e-02,-1.469786214180837138e-02,6.619222529232186847e-02,5.916763722545095860e-02,-2.771612496869609865e-01,4.970782909870802985e-02,-9.690114019861696681e-02,3.035525632033553856e-01,-2.922033081654038522e-01,-5.512764007558366292e-02,-1.183063342461525697e-01,-2.821745797533092848e-01,-3.609832082851689439e-01,1.229530238424563354e-01,-2.893694355632422249e-02,1.820160998109821571e-01,-1.007347195432079998e-02,2.486253888318505079e-01,2.764331758209823686e-01,-1.726470981106881519e-01,-4.112959771680776977e-01,-3.688052782235594074e-01,4.523792949132083435e-02,4.823562590997076266e-02,3.665029227500204295e-02,3.802688171131856087e-01,3.959491507037163349e-02,2.314153180792738462e-01,3.065694519760273629e-01,4.458980858182856055e-01,-1.179812423355122569e-01,1.777084977656971307e-02,-3.756516901717184553e-01,2.736227352684873493e-01,2.725554034752382115e-01,1.993800167450989480e-01,-8.083383340508840109e-02,-3.508369057530440205e-02,1.116295205651827299e-01,4.336157642420798708e-01
-1.267614362321336230e-01,-2.692321889984472527e-01,-1.760643714312369046e-01,2.234950923529220590e-01,2.319063808436426510e-01,2.858796378901217738e-01,4.484758233272567174e-01,0.000000000000000000e+00,3.184482961098465958e-01,3.741820052264450691e-01,3.617137145478721560e-01,3.143137482140720418e-01,1.725670367292522489e-01,2.334100111527032395e-01,4.167151906030416852e-02,2.973999357427022788e-02,-5.188707428562166352e-02,-1.397701202329642567e-01,1.349614371540379942e-01,6.381216086281847610e-02,-2.973674662550728764e-01,-6.016730892953740112e-02,-1.756307404732717625e-01,-1.554938391857220714e-01,-9.771949423485273845e-02,1.219742567260432425e-01,1.655318417032815292e-01,1.976206276811435514e-01,-1.241053208975003569e-01,-4.677076642414737528e-02,-3.104136743132965975e-02,7.080502813329569989e-02,7.842641881777649704e-02,1.225803853449066727e-01,-2.504353368899461807e-01,-1.280176988786250747e-01,-2.756425892772739750e-01,-3.279815639318672815e-01,-1.924496524441862699e-01,-1.642091102085435073e-01,-7.793402125571145811e-02,-2.886760327282171246e-01,-2.453522079261637734e-01,-3.032970409037130111e-01,-3.173340245500623769e-01,-1.131462107891259838e-01,-1.941385191424618295e-01,-3.963449843153842855e-01,8.311374955586877484e-04,1.431099741142825843e-01,-1.352074557827430412e-01,-2.295145637971931774e-01,-2.709851947141664330e-02,-2.448463147044268318e-01,-8.699835743812456279e-02,-2.733390351428807707e-01,-3.242469837037468827e-01,-2.436550460027077925e-01,-3.056710456658539351e-03,1.335027096945037017e-01,4.137883147452954269e-01,5.826215611802718630e-01,-2.366335532584286014e-02,4.773109635505253662e-02,-6.243109834772289646e-02,2.988166299646464186e-01,-3.939180718335852371e-01,-3.182723065448695432e-01,-3.643750664099695835e-01,-2.728633700112095273e-01,2.413379828528275928e-01,1.759666285163732913e-01,-1.396344177914927431e-01,1.445208150667882663e-01,-5.779806798777491206e-02,1.006309128355888788e-01,-1.065839368430353817e-01,-1.356290928653352268e-01,1.013413858604624539e-02,-3.740225848480806248e-02,-2.231758783609057439e-01,-2.401621925030468507e-01,-2.102271171594197463e-01,-1.572176776258617514e-01,1.192010958247568392e-01,-2.513237242353782430e-01,1.571594040603378206e-01,-2.857350687219205043e-01,1.957557616945143075e-01,-2.407152541717862415e-01,3.344103965308538595e-01,-3.789538756948258869e-02,2.781480662626110711e-01,4.900906052752259821e-04,-1.460565183323338755e-02,-2.756911366985452805e-01,-2.233774882026607067e-01,-3.823714029282026527e-01,1.787421910911113632e-01,9.608364266075694604e-02,2.082059311519477429e-01,6.899569308898693965e-02,1.843385667655709215e-01,-2.791670119786842513e-02,1.954259323258400183e-01,1.359403393637126645e-01,-3.155148012954869102e-02,-1.154235824514796144e-01,-2.144311908305452374e-01,3.520217238203838389e-02,-9.011723205366875544e-03,-4.118341557190006996e-02,3.998916997821992669e-02,6.548347851649148621e-02,1.089871365826428490e-01,8.635203629540220971e-02
-3.600552919735069413e-01,-4.454116659019229374e-01,-2.401693295685238261e-01,-1.954920885064292679e-01,7.961162246070185855e-01,7.412392223513918355e-01,1.274369425053133165e-01,3.184482961098465958e-01,0.000000000000000000e+00,8.979748621389218588e-01,-1.519651341354432139e-01,-1.851396362109070104e-01,2.152124935887427329e-02,5.384950365972170777e-02,3.811460155333702415e-01,4.811381538213163611e-01,-1.870871871382109863e-01,-4.194390133744702043e-01,-1.763074427799700694e-01,-3.119675973489440812e-01,-3.325890342576871134e-02,1.463538239989461698e-01,-1.174428757405320337e-02,-4.877603147646934756e-02,6.962293235376542100e-01,8.543758393151164032e-01,4.746094071948838700e-01,5.407537648056327528e-01,-1.059914395280323191e-01,-9.606373696567131748e-02,4.471315575368349782e-01,3.510986671732349018e-01,-1.326752781517921975e-01,-2.083411975696444762e-02,-1.420096729881649422e-01,-4.936409250112831770e-02,-1.211418360379523523e-01,-2.308420004489893096e-01,-1.082290646443605318e-03,-1.338752884018573966e-02,-2.440738373530871030e-01,-4.615657499304877398e-02,6.249234709974955254e-02,-2.487926576553201388e-02,-3.807057561298556325e-01,-7.619883159670637340e-02,-2.008700003054651739e-01,-1.979357071198854512e-01,1.194289736843709426e-01,1.282893823156043001e-01,-1.135579160458144096e-02,-1.610165725177225005e-01,7.717063110646789348e-02,-1.430137631579158630e-01,-5.596868557034246489e-02,-1.288677879693522765e-01,-4.076189582545237111e-01,-3.880043139900563598e-01,4.218722808594017881e-02,-8.720768255157396176e-02,1.499993027943135604e-01,1.988811312373405249e-01,-2.777317325766876510e-01,-2.681512795775940483e-01,3.340993778018945537e-02,1.046762393364703836e-01,-3.245210858511415331e-01,-2.821757932546691827e-01,-3.050945562188502880e-01,-3.641754970174674866e-01,1.518517091729763846e-01,6.678090451584524356e-02,-1.501951670035223674e-01,3.148932311264250328e-01,5.536364717663708190e-02,1.864978145523391861e-01,-8.453433306462308783e-02,-1.712142989631350587e-01,-2.628135885585326514e-01,-3.278109288623347051e-01,-2.493725011938262848e-01,-5.157837206737339031e-01,2.229624256962984830e-01,1.983657626666172069e-01,1.210319464264679873e-01,-3.958093481762411381e-01,6.388739137035297500e-01,2.558344687841869747e-01,2.268203000297963068e-01,-2.109557552932932734e-01,-4.591474924540779774e-03,-6.606413000333676011e-02,8.472435367193210942e-02,9.200402943955730828e-02,3.315143027900057521e-02,-1.059541071382690131e-01,-2.431451688797546251e-01,-5.300917435279104417e-01,-1.219339134511891881e-01,4.252492934022038262e-02,6.113180752521087113e-02,1.422543585548766490e-02,8.373914804280571667e-02,1.078651902599359891e-01,2.114801266180904582e-01,1.866291424639280605e-01,9.740770462521516904e-02,2.897451691150605968e-01,-2.710122764386985184e-01,8.683388762315845388e-02,-1.786570882412669148e-01,-2.351411681306100343e-01,-2.473882938770080066e-03,3.197440637408684866e-02,-3.447547996146615307e-02,3.328970744760396672e-01
-3.189460410605161611e-01,-3.936467192821629935e-01,-2.843575633245479239e-01,-1.070174915267918248e-01,7.044981603872184639e-01,7.239440248931398036e-01,1.279259805290759722e-01,3.741820052264450691e-01,8.979748621389218588e-01,0.000000000000000000e+00,-2.501541224444155803e-02,-1.706386579596111397e-01,-9.398242514962108773e-02,1.818436010794019508e-02,3.136226620353121386e-01,5.553321992945261520e-01,-9.370711460389717640e-02,-3.455764742142493628e-01,-6.788043295811888034e-02,-2.358691823124707543e-01,-1.095239431589039442e-01,1.891286015865056847e-01,1.936299652368677487e-02,-5.134501894443878334e-02,5.942511878180078977e-01,8.424397719161433873e-01,5.254808625892961604e-01,6.112390808887754323e-01,-1.320349180075186535e-01,-3.595289226858047749e-02,4.246178433208157021e-01,3.786286028346727006e-01,-6.701059218996384403e-02,1.201085771206002357e-02,-1.186966952027431327e-01,-7.922503797663674185e-02,-1.181297662262807274e-01,-1.908455780507602173e-01,-1.494239850254381295e-02,4.959437261236072925e-02,-1.211372712467911478e-01,-5.650531924631680553e-03,-1.093147286390701162e-01,-2.022046527191070087e-01,-3.939871119605545813e-01,-2.228012695564942636e-01,-3.365339288282829799e-01,-3.271220256110356495e-01,-8.887988218859664558e-02,-5.023680343861369919e-03,-1.341629490225511312e-01,-2.933606660218596729e-01,-1.064072671767219563e-01,-2.412056990643551557e-01,-8.112651971729074873e-02,-2.152236513779104687e-01,-4.150868810455150548e-01,-3.094336489471963270e-01,-1.207661411743206487e-01,-1.301955204944780231e-01,9.269557643887800513e-02,2.324032874383410718e-01,-1.987492952078455943e-01,-1.217722206666190660e-01,1.310523553950445341e-01,1.954002612196387156e-01,-3.970975798994357819e-01,-3.763240350338949991e-01,-3.779282288284354641e-01,-3.568774248564537954e-01,2.821378943813362961e-01,1.741750932338493318e-01,-1.144479638452026160e-01,4.355006666493378420e-01,-3.887971102544209609e-04,9.585134409610879258e-02,-1.002984522947684559e-01,-1.875702965353084062e-01,-1.328258588663500661e-01,-2.093849359322695336e-01,-2.251724043572343736e-01,-4.378159666006470885e-01,1.909108373199311370e-01,1.652307035657425427e-01,1.567698923926999499e-01,-3.823008499267961935e-01,5.116712824666551640e-01,3.441467285958468847e-01,2.188906877173185106e-01,-1.337649985276792852e-01,1.550825178669198445e-01,-7.911094804578103212e-02,2.818789376129200441e-01,1.184191628175944866e-01,5.116720913452997566e-02,-1.427961517326621077e-01,-2.306900593045906334e-01,-5.668746588364124150e-01,8.402363528950376748e-02,1.439937140674442950e-01,2.484047395492935961e-01,1.413521048814432579e-01,2.215365483402911284e-01,1.962096665344252866e-01,2.142247546180336415e-01,1.987385466122316424e-01,5.661538358134560189e-02,2.629769835649556908e-01,-2.706707594802862382e-01,1.177490433950555970e-01,-8.444240499374994213e-02,-1.830106575439316985e-01,1.065729488050836254e-01,9.240195927139038812e-02,-5.173927854831131962e-02,3.238345150538683992e-01
3.265650712229568042e-01,2.568302756018694399e-01,9.367019994765748980e-02,3.107057345670794501e-01,-2.887953899690524628e-01,2.102409604259725812e-02,1.886127924554625024e-01,3.617137145478721560e-01,-1.519651341354432139e-01,-2.501541224444155803e-02,0.000000000000000000e+00,4.905494562199396724e-01,5.609108359094300278e-01,1.725010520050014873e-01,2.442135083172715035e-02,-3.265792386839434791e-02,8.368217300479111054e-02,4.113473193174956299e-01,3.459203366824212811e-01,2.636460723790916005e-01,3.983747132715048656e-02,2.141997107602087169e-01,9.102792190032917008e-02,-6.346257363167314910e-03,-9.799126508998007301e-02,-2.113027651096056614e-01,-3.477348790935891887e-01,1.178035237533090335e-01,2.753494644184303897e-01,3.443006256303397516e-01,9.321266190830870824e-02,8.020112155687124378e-02,1.810162400639834523e-01,1.395547307794782477e-01,-5.132802398295456259e-01,-5.366157797457472567e-01,-1.310009132292475620e-01,-1.677613002839384304e-01,-2.370517420999205260e-01,-2.241544388650002773e-01,1.458232442045930555e-01,5.567656678642982776e-02,-2.798449696809047205e-01,-9.701811885052438744e-02,2.494544455813525186e-01,6.076446570663168734e-02,-5.687923639872567022e-02,-1.401970789982090737e-01,-1.358205339693853986e-01,-1.407069186307721986e-01,-1.638118401942735836e-01,-2.099754268573476579e-01,-2.120506045822509456e-01,-2.571624815641275763e-01,-3.254702529487015633e-02,-3.613611885090595721e-01,1.896640985650682176e-01,2.194063798953145017e-01,4.553292558501597503e-02,2.370395634524977702e-01,2.820016341209396482e-01,3.952624430993176841e-01,4.008849957594854962e-01,4.158090149175336925e-01,-1.736791946000282860e-01,4.716772277680738451e-02,-2.539528594830943731e-01,-2.797123517421226842e-03,-7.392414171416039625e-02,1.320582927637273807e-01,3.014640972167651478e-01,1.146293984025938684e-01,2.857725997492742143e-01,1.228462983977409162e-01,1.674831805073773439e-01,6.373300932503804528e-02,-1.014672211464825863e-01,-1.421358684680794071e-01,2.136428234343971944e-01,2.168991891904408775e-01,1.972147009328225897e-01,2.781478856109732556e-01,-3.483649103373215872e-01,-4.491724431062154577e-01,1.169003419002748873e-01,7.447324233330525345e-02,-2.652785294667361349e-01,-1.103034022612617571e-01,4.003273497707066086e-02,-3.383170948940728701e-02,1.390610630417661309e-01,-2.967956757985811822e-01,-3.551055114445305499e-02,-2.804321523684786821e-01,-3.876884389324299351e-01,-2.984420685068763790e-01,-2.056080402797974202e-02,-8.362705066523866068e-03,2.484492482365152910e-01,7.537230783777864457e-03,1.799475709552920133e-01,8.519917211422808889e-02,1.332469962800789109e-01,1.234845474747348938e-02,-2.627605292305872364e-01,-1.090093294491565890e-01,-2.202995800250984182e-01,-1.900984405120139109e-01,6.698559218441341168e-02,-4.519267994617513495e-01,-1.423689823355400730e-01,-9.888729373622336116e-02,-2.012451034746083334e-01,-3.667771079174783622e-01,-4.423910562077428832e-01,-3.860388213875824981e-01
1.390765002916642679e-01,3.504716828509191889e-02,-5.987302362595814387e-02,-8.188393751692658873e-02,-2.732898983935714843e-01,-2.135567815715533058e-01,9.046325418121212159e-02,3.143137482140720418e-01,-1.851396362109070104e-01,-1.706386579596111397e-01,4.905494562199396724e-01,0.000000000000000000e+00,4.317113474125520156e-01,7.112869022055181567e-01,2.586749693489191412e-02,-1.965224830545413415e-01,2.029453050520882429e-02,2.450023671852480378e-01,1.404666937532813298e-01,2.125369563877447243e-01,-3.309249503110785022e-03,-2.883543237932041647e-02,-1.888032821163664610e-01,-2.555784031310253668e-01,-3.525628155521861040e-01,-4.062385613038359544e-01,-3.007863276478797143e-01,-1.730086130380821541e-01,5.086213436097095641e-01,4.353164938637602011e-01,-1.998140656065791054e-01,-1.889370700918878432e-01,1.548250449837552112e-01,1.145525508269155113e-01,-4.395887322613777348e-01,-3.129494675561986794e-01,-5.197937125400560465e-02,-1.174175849330919702e-01,-6.657053513089854213e-02,-1.239922291557259276e-01,1.168745890665031373e-01,-1.808003364051819981e-02,1.005678556199170876e-01,1.858041795980296396e-01,1.249375843825205612e-01,1.309388424679316099e-01,2.775115918928985348e-01,2.491843222412817860e-01,1.096855819356955392e-01,1.239948049205807645e-01,-2.869881383640214556e-02,5.085795311173652022e-02,-2.742627032942278331e-02,-1.854055341236523491e-01,6.839103461480218471e-02,2.460481388665774344e-02,-1.207719962910344669e-01,-1.680258091385838370e-01,5.689781430658308325e-02,1.137073013341974581e-01,1.236855976961577092e-01,2.457183508155099672e-01,3.976977721392871423e-01,3.880135894811062580e-01,-4.289971107658527294e-01,-1.277968302486674201e-01,-1.566067906246836616e-01,1.336124767826524055e-02,-1.847678009553754830e-01,-1.318578462114004812e-01,1.178884952845830059e-01,1.793291560550953623e-01,2.292671086256858060e-01,2.490719621782854498e-01,6.860674451944299458e-03,1.877654834590389565e-01,1.527389998997579490e-01,7.682434093498279049e-02,1.553338952979562149e-01,3.034147947594141581e-02,2.600995293491246141e-01,2.160903436186403515e-01,-1.907225745939015726e-01,-3.288865267686399418e-01,2.232081507415871122e-02,2.824677340598550912e-01,-3.234474649536325241e-01,-3.801642636745580228e-01,-2.614737162370754375e-01,-3.661289713263725099e-01,-7.825416299812380794e-02,-2.845176680026294536e-01,-1.103413543149286136e-01,-4.036273031353119212e-01,-1.748448527039622447e-01,-1.432219194593755546e-02,6.497673601219375317e-03,1.593177243375608898e-01,2.311174809390904306e-01,1.533800117311477640e-01,-7.382983560484160379e-02,-7.626776015197242464e-02,-7.829446559961915353e-02,3.150921602896458035e-02,-3.218872700527397046e-01,-3.057867304429875976e-01,-2.875126683356350396e-02,-2.670025470606256501e-01,4.589567148692023923e-02,-2.610220853058540791e-01,-1.256478686792916188e-01,-1.073303575003843741e-01,-1.335424833546640100e-01,-8.078178586137610417e-02,-1.239727581767195302e-01,-2.671313662767362263e-01
1.861710698365572902e-01,1.249085456360406465e-01,3.316281759944119667e-01,1.771782877407567514e-01,-1.292154560819751101e-02,4.391562569143305644e-02,2.608237713860691032e-01,1.725670367292522489e-01,2.152124935887427329e-02,-9.398242514962108773e-02,5.609108359094300278e-01,4.317113474125520156e-01,0.000000000000000000e+00,3.583800528281562148e-01,2.033851905566310680e-01,-8.740513251702279607e-02,8.134623221390245573e-02,2.519891333970822878e-01,2.060357112364932797e-01,1.633792423387900872e-01,2.066324519636598273e-02,-8.342503946485571586e-02,1.215579303164145281e-01,5.334606587936627231e-02,4.478071834505454457e-02,-1.506379985072190397e-01,-2.962642371092947258e-01,-2.910539285449871907e-02,4.231152042088157095e-01,1.056295132979274132e-01,1.410780245459333782e-01,7.057457829851551678e-02,9.827611513545689292e-02,1.592382974687620578e-01,-2.922822991323574260e-01,-2.942843094268549620e-01,-2.109590273778077507e-01,-2.041441965004696102e-01,-3.498861406180218681e-01,-3.956255336666485989e-01,3.639827998498900569e-02,-5.398055919040274653e-02,9.516895121615039088e-02,1.670576928864316857e-01,1.957839266558584201e-01,1.224564030838934808e-01,3.334901594232959621e-01,4.786804244488813281e-02,1.130291889438689579e-01,-3.819439381239500466e-03,-1.494275336281054301e-01,-1.486634431412008628e-01,-1.940903974944997723e-02,-2.147628225327656570e-01,-1.491847268307831265e-01,-2.072748530627357144e-01,1.275587163789153045e-01,9.897402136813127083e-02,2.905925659439534403e-01,4.092691351963005930e-01,2.188069685353934701e-01,3.145655543448414027e-01,2.289344476093401748e-01,1.695190161659160810e-01,-3.970027324311599382e-02,-3.740711644750738252e-02,-4.343937269046968530e-02,9.840927355829029444e-02,4.129293879873918716e-02,9.506907187628833855e-02,-4.806858658038990623e-02,-1.708915379083914554e-01,3.320090978401439574e-02,5.300941611139412500e-03,2.908912333973280862e-01,9.095935902386152738e-02,2.042588929197491562e-02,-3.251092528260100811e-02,8.801682171283825573e-02,8.307945810760701544e-02,2.944608643676037071e-02,1.338259766389262584e-01,-2.233466711058779697e-01,-2.963045935295804401e-01,1.213997763748939224e-01,-7.309967837709424078e-03,1.394882899971373047e-01,-9.699501850442505957e-02,-5.524257893381299966e-02,-9.193942781858413515e-02,-2.456261246153114142e-01,-2.681896547774298978e-01,-3.777140007426039170e-01,-2.624498296108722095e-01,-1.838271513616261121e-01,-2.019170648004380286e-01,-1.142288138733452696e-01,-7.884953764759058958e-02,-4.969429804083667218e-02,-2.113979823625516952e-01,-2.001868797083341811e-01,-1.430386486142743996e-01,-9.561408776973905760e-03,-1.661805075527048037e-01,-2.040529941031052619e-01,-9.351287683232295533e-02,-1.371607013170083322e-01,-2.334113616984881956e-01,-9.738101324693607119e-02,-3.934877852098211948e-01,-2.151926651524442846e-01,-4.764948136051925381e-02,-1.876246543934070310e-01,-3.157028317273450346e-01,-3.559505742871624245e-01,-2.457998457073415077e-01
