0.000000000000000000e+00,7.521427751564396802e-01,7.377950174472468203e-02,-2.046904947474320335e-01,-9.540305199609941389e-02,-4.232795499799435479e-01,-5.136046349871237898e-02,-3.184985753290003330e-01,-1.543300366544613222e-01,-2.125593339535055137e-01,5.183904717074757640e-01,1.668211903376253802e-01,3.114029008239775353e-01,-2.314664463589041765e-02,-1.292507226649192431e-01,-2.678655184654187282e-01,2.971306392617686365e-01,2.481542339498277461e-01,6.364883459761818685e-01,4.346470219317348782e-01,9.812775879698917153e-03,-7.846313761670782594e-02,-2.734048649611847126e-01,-2.869377008631787684e-01,-3.630346721950205024e-01,-4.473058669862098324e-01,-2.230486726186997615e-01,-2.360501051875161793e-01,-1.411195241314324444e-01,-1.380749372249245321e-01,-3.522131149924009330e-01,-2.703374658476108694e-01,9.643195622830540419e-04,-2.367107160732207644e-02,-2.080201032523263660e-01,-8.674884101995637697e-02,-1.718039352661641095e-01,-2.477051662108169933e-02,-8.023234593605375886e-02,-9.740484599405994925e-02,-1.426964684831960248e-02,9.468909782968200350e-02,7.766099081787721826e-03,4.541268462772021786e-02,-2.097175512318985302e-01,4.453839835149633192e-02,-2.304236717099848730e-01,-9.992873901607371434e-02,-2.153744620402983923e-01,-9.457463293689352679e-02,1.925071333122400086e-01,1.957151274826987031e-01,1.959794687920344003e-01,6.256048424195892466e-02,7.964435215525535183e-02,6.716186714879521236e-02,6.769640631035974687e-01,6.350501140532118782e-01,3.012070959583613705e-01,1.229069987832565464e-01,4.644274174351289419e-01,-2.158608610651750748e-01,3.274169481763856693e-01,6.570405180427148217e-02,-3.333321284761598946e-01,-4.686171363724061512e-01,-1.714094500809071608e-01,-1.971143418345448484e-01,3.130723231863962730e-01,1.931408862513779023e-01,-3.541506896245465164e-02,3.274068289583512842e-02,-3.503860897177343142e-02,1.025379786094075957e-01,1.063150556510679273e-01,7.556789908055350224e-02,-1.739621253366479062e-02,-6.705690371036920894e-02,9.746183911050984583e-02,1.954637577003456861e-01,3.633586227002130742e-01,3.392457203770224972e-01,-3.537984417048701223e-03,4.415951506527049895e-03,1.524616998372785581e-01,-1.095416570670492973e-01,-2.756847112860566495e-01,-2.909188943999933552e-01,1.219616331720047020e-01,-2.066244897560541027e-01,5.366386529191864707e-02,1.642153147743320440e-01,-9.145297233521232361e-02,-1.030223391868683863e-01,6.310388475472181180e-02,-1.287243660155736602e-01,-3.929433584158073534e-02,1.428997515737097102e-01,1.616382372872478823e-01,2.479437654367156740e-01,4.092711455605958955e-03,2.500669580415440518e-01,-1.976441253854499258e-01,-1.137853794477906022e-01,-3.751465616462061892e-01,-2.624779869121509623e-01,-2.796197726276926643e-01,-2.139460466400466276e-01,4.861468038110015877e-02,-1.380010971508729145e-01,-1.495761373382895054e-01,2.205268219123476814e-01,2.230105221741962296e-01,2.641003401413061225e-02,1.088103509214184694e-02,-7.718968662780932577e-02
7.521427751564396802e-01,0.000000000000000000e+00,-7.584358949881571388e-02,-3.855387278749031199e-01,-5.383193316425316510e-02,-2.218673694036017163e-01,-3.089279650701983737e-01,-3.952000285989174522e-01,-3.388519439372416064e-01,-2.780362245698608237e-01,3.339064682386925220e-01,3.528586540951529626e-02,1.620861083730943120e-01,-1.593003200985941004e-01,-2.938957119524344616e-02,-2.402258817422352755e-01,3.125555917446870002e-01,3.857450573739572564e-01,4.577626499436523999e-01,4.315392823279602386e-01,2.422673426020802157e-01,6.471329253446943264e-02,-3.090847153860777907e-01,-3.583426808942557495e-01,-2.032940604970580600e-01,-2.719918115141661263e-01,-2.842050790218726870e-03,-1.381485880559787938e-01,-1.152738628798743170e-01,-1.653529604603003467e-01,-3.386239046559818000e-01,-4.086497947424347355e-01,-1.464527157942618618e-01,-1.230969034669895656e-01,-1.677120993016853467e-01,-5.727158377221094887e-02,-3.680100223128194431e-02,6.531593075260705254e-03,-4.690875268276909621e-02,-1.599846326347190151e-01,3.002298063153684485e-02,6.023604284824991134e-02,-7.030307398543811370e-02,6.568601415125552290e-02,4.580562696526110380e-04,2.531649333095076226e-02,-1.615111195417026080e-01,-6.918460737157648699e-02,-1.633654994470340183e-01,-1.035593075463191182e-01,3.787738671015510039e-02,7.824271903512659485e-03,1.217395169507472924e-01,-1.505899276444689350e-01,1.097595841821436963e-01,2.847883239083435613e-03,7.257635918005621578e-01,7.480844021567231161e-01,3.087337420815437494e-01,6.976489726962308013e-02,2.438112202348272362e-01,-3.583641882282261326e-01,2.501353825362122585e-01,-2.619853098010571299e-02,-2.155109688629035514e-01,-4.108430739160744971e-01,-1.737790205878896876e-01,-2.682067483894676752e-01,4.144773451039136525e-01,2.544741302520294179e-01,8.774005825040917181e-03,8.172464051278541253e-02,6.783627924095322892e-02,2.321356922229869391e-01,-1.746993941831022096e-03,4.649164698003091512e-02,-2.060625618686877381e-01,-2.568570373163296394e-01,2.358881304352827557e-01,2.405453109355808750e-01,4.114363284280175836e-01,3.228854975155869833e-01,2.750725029212417252e-02,-8.276108308516556822e-02,2.250108059634599589e-01,-1.648222769334511117e-01,-1.033434208055659664e-01,-1.907727465117016463e-01,2.346144657412542467e-01,-2.733150678946538181e-01,-9.582902445205611353e-02,-8.567117764671739952e-03,1.246121483554365680e-02,-1.821899123678928922e-01,3.773160638589387328e-02,-9.049502524028131545e-02,3.251115978713203791e-02,1.113535451966924245e-01,1.959043108965378699e-01,1.470493959666574202e-01,1.895794535362730140e-02,7.453334624189415780e-02,-1.647055423088736870e-01,-2.654335089532774972e-01,-3.816438515626201511e-01,-2.191199201904072968e-01,-1.513436569018311029e-01,-2.026428926133608255e-01,-4.765414125156736819e-02,-4.712184746645984960e-03,-1.315161890875348183e-01,3.815320157673635082e-01,1.220989096836293530e-01,-8.442516288099496252e-03,5.111800455779155761e-02,5.334029282006523542e-02
7.377950174472468203e-02,-7.584358949881571388e-02,0.000000000000000000e+00,1.766617881953683467e-01,-1.487370149024379307e-01,-1.455147102100501355e-01,3.969697102707848146e-01,-3.365952742727845171e-01,6.553221839576503505e-02,-3.886346689153191147e-01,1.057825810638584885e-01,-1.108755709684234453e-01,3.256257966379498270e-01,-7.776070591854297720e-02,4.588741320503670340e-01,1.004228537166122898e-01,1.329934159220048651e-01,2.610315131379983833e-01,1.095496381523312635e-01,5.278147312908815225e-02,5.679875700959997192e-02,9.401319519069863129e-02,6.749738013429320560e-01,4.190020560389049464e-01,1.121346400299850637e-01,-1.810649404960553710e-01,-4.316933897251420266e-02,-2.447992670510838187e-01,8.146733046829646163e-02,9.304969109088970236e-02,1.825799577427925646e-01,1.587347078935921196e-01,2.336105029244447406e-01,-6.213961469864696247e-02,5.845989047526546634e-02,-1.260798711681286044e-01,9.328138319922667232e-02,5.785958618768848732e-02,1.616241264359671026e-01,-4.840056106340289571e-02,-1.099240591158198721e-01,-3.366463539580026587e-02,-1.666027866187813899e-01,-2.489053226055886192e-01,9.036443855904453121e-04,-1.823645091711796895e-01,-2.171321257535906990e-01,-2.192679286779159742e-01,6.474705339443892482e-02,-4.131742351470316099e-02,-3.884426540476880463e-02,-9.534577770736059332e-02,-7.718173999885824532e-02,-2.010600592552284349e-01,3.906577366527676509e-01,7.790097146032319564e-02,7.470777895417027303e-02,-8.273662277679648402e-02,-1.459509046368895335e-01,-3.115459545842555467e-01,-1.646034249480976541e-01,-3.917168517192926580e-01,-1.686962378652958824e-02,-5.748136426365267788e-03,2.047565720556649427e-01,-1.134253667435556057e-01,7.691294715753813072e-02,-2.482105692002175568e-01,1.461860906048531306e-01,1.968652003461643651e-01,1.372563137149206969e-01,-1.885474452989719663e-01,-6.073490023446497660e-02,-3.800230885615996698e-03,-2.940096460033574458e-02,-8.124262994782907588e-02,2.562237201779655749e-01,-5.668189334916806654e-02,8.134595037095646020e-02,1.668204380095905381e-01,2.153362670244664268e-01,1.424930171554961711e-01,4.318206718045208281e-01,2.378183839130993682e-01,2.544772176475206815e-01,-2.779095121513586175e-01,9.424247073710054212e-02,1.656965782794941333e-01,1.828329270228105097e-01,-4.206909563342555725e-01,-9.843536175871915594e-02,-1.300943896560614876e-01,8.029476409166753925e-02,-1.021557564004000607e-01,1.628213633244755265e-01,1.504240510127917430e-01,2.017281686044234135e-01,1.479462148976861124e-01,-6.142900976447151183e-03,-1.327710809045741791e-01,1.525322591558536112e-01,-3.090984354161129335e-02,1.174703803764707566e-01,-8.420945922615118151e-02,4.842397095415722913e-02,4.513328026320731490e-02,-2.574437541516914484e-04,1.602668655054717561e-02,-6.754881491431612150e-02,2.119524901917522741e-01,8.649594733680862624e-02,-1.793541249274716032e-01,-1.208674019233145769e-01,-8.439298662566709075e-02,-1.249128598964905218e-01,-1.029450945443360355e-01
-2.046904947474320335e-01,-3.855387278749031199e-01,1.766617881953683467e-01,0.000000000000000000e+00,-2.234810043916498346e-01,2.867852825050058382e-02,4.323465215438468956e-01,6.972497022522783361e-01,1.673815960729942154e-01,-1.974304548612085958e-03,-1.487198464081959937e-01,2.933108452705087688e-01,-9.817771614709919215e-02,2.668847584426667363e-01,-2.575547767993693893e-01,4.063302279449698684e-02,-4.206658238942054262e-01,-2.963869550340960113e-01,-4.833996760560067829e-02,-4.044219808992915999e-02,-4.036203492114738278e-01,-3.991030992141290645e-01,1.265259075225635133e-01,5.475806311125827053e-01,-1.056651181808604817e-01,-1.465224246154131771e-01,-1.671806832975143153e-01,-2.981827717348790041e-01,-7.728418130808401010e-02,1.537396102703321721e-01,-7.480632064228542877e-02,2.428867655298694861e-01,-6.007237600062146493e-02,1.148552410670131141e-01,-6.403229905047527759e-02,-5.726760131002279347e-02,-2.091498081377653750e-01,-1.617328555831197279e-01,-1.246437366425729026e-01,1.326623572065681322e-02,-1.031164877831876742e-01,9.110232371877328983e-02,2.073246407660911672e-01,-6.439332314735164015e-03,-6.057879170590921292e-02,-2.051177326912037233e-02,1.543889721426468797e-01,-3.135026018066277599e-03,-5.305216559070477511e-02,-2.025594831151164010e-01,9.279450307644575291e-02,2.965658552630354855e-02,1.379854212958507298e-01,2.378074375296146681e-01,3.273967735526980144e-02,2.772919596565434977e-02,-4.217517450220683584e-01,-3.838377868942162152e-01,-2.152727936874435921e-01,7.021389833892411128e-03,9.643967481132274810e-02,5.051584842667244946e-01,-1.812756104207375457e-02,3.098244715865400845e-01,-4.812215626505550459e-02,1.656963702137699002e-01,-5.666108329358440082e-02,1.222754494407701509e-01,-3.258769498223400563e-01,-3.585065080247133440e-01,-2.602512234824446158e-01,-2.409254104650740136e-01,-1.019145809814002435e-01,-2.351152545068377342e-01,2.512982702097017046e-02,-4.263249372499290646e-02,-2.589180496630048671e-03,1.909892601130354917e-01,-3.309853119185088288e-01,-2.576413593055412177e-01,-4.063439515945356240e-01,-2.311203109541024592e-01,-2.783046440102129870e-01,-1.159844026978848336e-01,-2.393071017016533686e-01,2.127401873695470291e-01,-4.955402896982691874e-01,-1.601098627809956487e-01,-1.154504754495794538e-01,1.721964788209998098e-01,3.259299997152834139e-01,7.989276726073146762e-02,6.685018602622438966e-02,-7.917442777877059870e-03,-3.812762162633179241e-01,-1.777527124515997092e-01,-3.291477819988893883e-01,-2.299783947473948986e-01,-1.128383013400237750e-01,-2.117866753410724834e-01,-2.434975252967862963e-02,5.714809964502938835e-03,-1.413430921711995684e-02,-3.827529204057714129e-02,3.892173574736926094e-03,-8.668709101531418826e-02,9.513429289210616202e-02,-1.081134488941002253e-01,-2.593733075369935026e-01,-1.482651816496646791e-01,-1.972133740783168776e-01,-1.670083596416465088e-01,7.618664223020661652e-02,1.574583881468981372e-01,-4.839630888609995629e-02,-8.504458903676331838e-02
-9.540305199609941389e-02,-5.383193316425316510e-02,-1.487370149024379307e-01,-2.234810043916498346e-01,0.000000000000000000e+00,4.197844109767056575e-01,-1.309805172956122164e-02,5.398805845575394002e-03,5.687535744176670516e-01,5.230871233009938281e-01,9.232489869216692346e-02,-6.021970023794151472e-02,-3.232454683827556269e-03,2.688694707943132395e-02,1.601716895494993687e-01,4.855782669278229657e-01,-7.621480788751749946e-02,-1.537947536883389754e-01,-1.310559648578111802e-01,-7.536193963249795957e-02,4.353820085611417173e-02,2.182998291650732961e-02,1.302120541845565027e-01,3.609551791078077082e-02,2.295719417142996210e-01,3.399844250710533644e-01,2.738610520172639617e-01,5.405985855255830419e-01,1.160369568544204338e-01,-7.397241970462394012e-02,1.595863249818209040e-01,9.783106941582112026e-02,1.565206979726287140e-01,1.375783633389520734e-02,1.301924273572253599e-01,1.532065138694044815e-01,3.753454612972122184e-02,3.274631154391643983e-02,4.938268302712672808e-02,-5.242034970724746695e-03,2.952328430860943695e-02,-2.377200755710881241e-01,-1.930990880723622016e-01,-1.921498285055714128e-01,5.969038116068795669e-02,-1.068867376734847913e-01,-3.154890287481793010e-02,-1.453344091726836984e-01,7.196467765896565061e-02,1.239058999571091557e-01,-4.905179542977947810e-02,-1.198758042002171231e-01,-6.431754340169294759e-02,-1.121097315528639810e-01,-4.324211290839412303e-02,-1.714275310527428320e-01,-1.106427153227913379e-01,3.335961516090589496e-02,2.132602992039741296e-01,1.754174985331376571e-02,-5.993722370278089379e-02,1.980371560927867147e-01,-2.477872821208131626e-01,-9.519509983509628903e-02,1.215242924816938574e-01,5.102124216814118290e-02,1.116130380019956375e-01,6.754887506013047827e-02,4.434017529867239488e-02,9.551488650172595962e-02,3.599710031925149045e-02,2.217744522525104400e-01,-1.902357968517717213e-01,-2.767102116417354679e-02,-2.823640775776792289e-01,-1.737784806401339033e-01,-3.298755727041488006e-01,-1.675782367377577353e-01,-2.888443800743228929e-01,-2.681401345259962210e-01,-3.567865622311844898e-01,-2.879505092959665502e-01,7.134138609436464773e-02,-2.017546340007060068e-01,9.701535336830016676e-02,-4.633531407502564786e-02,3.435995379942827777e-01,3.166974566672652314e-01,1.298304484598019615e-01,1.723058394907145963e-01,-2.826767538703834348e-01,-3.120078518257639044e-01,-1.299676996445436605e-01,-5.192352381262867536e-03,-1.514930676681663924e-01,7.866455004617394636e-03,-1.945866489188930182e-01,-1.458199093069742491e-01,-1.076655525900351573e-01,-1.575118001301587523e-01,-2.971300481630623769e-01,-2.692121625395759721e-01,-1.783922610620693183e-01,-9.995300217742884852e-02,1.284693133526979558e-01,2.292018239179383354e-01,2.439001157974660106e-01,4.409801468234121613e-02,-1.089521292089780553e-02,3.344983985255692988e-02,-4.796950713591160292e-02,-1.073055573917908040e-01,-1.203489707878081655e-01,-1.115279286657209906e-01,-1.779331661268128972e-01,-1.440438699416373980e-01
-4.232795499799435479e-01,-2.218673694036017163e-01,-1.455147102100501355e-01,2.867852825050058382e-02,4.197844109767056575e-01,0.000000000000000000e+00,1.776407704847259017e-01,4.070989042410670389e-01,-5.543676684372852298e-02,4.571968452956840512e-01,-2.122850704696671309e-01,-1.892072640580003684e-01,-8.028961044036879435e-02,-5.978360130240969322e-02,2.579857598693964249e-01,3.633280473756014817e-01,-4.227937547748022995e-01,-4.166003563061035364e-01,-4.163559471754966768e-01,-4.551207259925055260e-01,2.749498418020384083e-01,-5.141521906363795413e-02,1.598737794977483084e-01,1.731136420399793929e-01,6.674568255697662655e-01,7.648780228495917211e-01,6.444630501746845264e-01,5.113320031751504846e-01,1.525986653202714982e-01,-4.369605917357336639e-02,3.509967588002549932e-01,3.586030647804493987e-01,1.002354149759593915e-01,1.244764920122834045e-01,3.490052878556730853e-01,3.059954649906089785e-01,3.717608569087759718e-01,1.981620798602651834e-01,2.667945738373708187e-01,2.019196238960090928e-01,-1.479635819856818246e-01,-2.368047860761111900e-01,-2.885597266747547129e-01,-4.083512401158083116e-01,2.528107114421043744e-01,-2.303002210720042908e-01,-6.166456184286497194e-02,-3.412455825788167640e-01,1.248712369521720210e-03,-3.583098959005300010e-02,-1.588051195225699819e-01,-3.596131576793033524e-01,-2.202162041422448813e-01,-2.396639789923523389e-01,-1.336226559392504065e-01,-3.341789189994786580e-01,-2.169475761123831059e-01,-1.993738028504637438e-01,7.949091325239834860e-02,-1.181531084337640453e-01,-8.247750039970696764e-03,3.437374839306596153e-01,-4.559846645354320716e-01,-2.759149636621909263e-01,3.832919017996412325e-01,4.207656309606980227e-01,2.968470368140347371e-01,2.708691260005615109e-01,-8.055047821022041921e-02,-1.687185634558058811e-01,2.978771348725247625e-01,3.467833112849162958e-01,2.498507552920641028e-01,1.538957064162303767e-01,2.840430371373256057e-03,-5.560556077618387938e-02,-2.013606990991720636e-01,-1.367068796031459255e-01,-1.960808618480756327e-01,-4.630135472637039173e-01,-5.158414821817173257e-01,-5.378774560490982015e-01,-1.303506954354215763e-01,-3.173374518122930588e-01,1.208551138082199078e-01,1.777290516166812051e-01,1.825991952836907017e-01,1.713883605556032197e-01,-1.922904504882934351e-01,1.700558870717704119e-01,-4.557549755682822057e-01,-3.133482179678862001e-01,-3.825407334921157587e-01,-1.880192952646912441e-01,-2.152232378648895050e-01,-1.841320027682807198e-02,-5.109223606262426609e-02,-2.405442989818433464e-01,-2.779043065615608432e-01,-1.999409407501618607e-01,-2.953791315757987035e-01,-3.862950568865193834e-01,-1.194866105584132393e-02,-1.337326795334949914e-01,3.810510930398366414e-01,4.006064198056452641e-01,4.933467930619710451e-01,1.953685264690974699e-01,-2.382914426887248194e-01,-2.381216008150880206e-02,-9.295418468235902565e-02,-1.414592950281699235e-01,-4.472255880376503900e-01,-1.042547789362421595e-01,2.975491507864095886e-01,2.065428024044236033e-01
-5.136046349871237898e-02,-3.089279650701983737e-01,3.969697102707848146e-01,4.323465215438468956e-01,-1.309805172956122164e-02,1.776407704847259017e-01,0.000000000000000000e+00,4.064110654505354026e-01,1.196603229139999586e-01,1.824015431442123358e-01,8.345444391966644337e-02,-1.149869286889425579e-01,4.613215391588088576e-01,4.297474209400312106e-03,1.547122398090519380e-01,8.787654016264738466e-02,-4.563307737738784287e-01,-3.975386305576841250e-01,-2.397537260169066708e-01,-4.200300332207749232e-01,2.897301113500152115e-03,-1.511634908793796084e-01,4.871665923076598514e-01,3.152054111574186801e-01,3.287925420377450503e-01,1.874709674644919055e-01,2.976184966872076343e-01,-9.085206758521396919e-03,-1.221099729474733608e-01,-2.275017371081200779e-01,-5.370416132389183722e-02,2.784030071031480258e-01,2.793675476378563727e-01,5.631222180479383138e-02,4.097852183498238987e-01,2.254195842543237349e-01,1.929252117782776221e-01,1.197835612885124607e-01,2.938341798928509885e-01,3.488544248760549471e-01,-1.394194147779893866e-01,-1.795405695696823956e-01,-4.292460680202561663e-02,-4.094366763164668521e-01,9.418723957772123789e-02,-2.904879728289569973e-01,-2.996493476082167096e-01,-5.538409074636519991e-01,-2.754979296503249908e-01,-2.946517544841129044e-01,-7.369005992331359445e-02,-3.167456945223749987e-01,-2.894244882068493507e-01,-1.756012682685817172e-01,-1.672865566453577979e-01,-2.742351926048043342e-01,-1.487626759225429696e-01,-2.836217135039065251e-01,2.573939005672440730e-02,-1.556901851402680281e-01,4.278087924155073440e-01,3.092474739097852976e-01,-3.487253026319971916e-01,-2.248597119172215109e-01,4.491369598431879662e-01,3.586854164637522935e-01,4.246203916395208666e-01,2.535585825104084146e-01,-1.210670497854197530e-01,-1.513810738863532457e-01,1.221551077037205391e-01,1.006122149188151266e-01,2.025216266481184510e-02,4.616257990188900838e-03,-2.410931233015467870e-02,-4.622191239898001958e-02,-2.588451499845028855e-02,5.801044341731988185e-02,-3.680423627975336620e-01,-2.729653280557768347e-01,-3.364312860973493469e-01,-2.655973100035227130e-01,1.308672262920025364e-01,-1.635015031503262318e-03,1.810976009795134400e-01,1.449304969580944846e-01,-2.264251492500966578e-01,9.611458531761780943e-02,-8.953633575757119489e-02,-4.708873604305256581e-03,-1.829822714500868031e-01,5.990339437838365644e-02,-2.758739992969533317e-01,-5.802735423195424375e-02,-8.403998273132264052e-02,-2.579577529539017408e-02,-1.096145213546445979e-01,-7.251846114046521519e-02,-3.094572692473805398e-01,4.447800342845183857e-02,-2.500961991336308476e-01,-4.988907744609572675e-02,-1.941048418896023642e-01,-4.957265202985071395e-02,5.264049855832239611e-02,1.502670017369145961e-01,-3.867516560836677109e-02,2.743225685301108330e-01,-4.563535519524219430e-01,-2.696602280388108452e-01,-9.712675681515120507e-02,-1.912762553764540963e-01,-1.007892758114131981e-01,1.142829700411589072e-01,-1.920894157288412143e-03,-3.137878775287748258e-03
-3.184985753290003330e-01,-3.952000285989174522e-01,-3.365952742727845171e-01,6.972497022522783361e-01,5.398805845575394002e-03,4.070989042410670389e-01,4.064110654505354026e-01,0.000000000000000000e+00,5.241330775104322687e-02,4.059566010124932567e-01,-2.057490715790348534e-01,1.601683822209391539e-01,-1.847342589117939582e-01,1.730405367898519564e-01,-3.006017629448869410e-01,1.223096502604858610e-01,-6.476334571851151134e-01,-6.423548887554705322e-01,-3.422918848765201805e-01,-3.698979393863176535e-01,-2.383924427125049539e-01,-3.959244715059533903e-01,-1.515622774013089258e-01,2.556375250284073086e-01,1.382837250211538527e-01,2.553203311399266928e-01,1.425261783668844429e-01,7.141120306389354966e-02,-1.090897750549424394e-01,-4.071098292480540559e-02,-1.110465571634937920e-01,2.875966353327687464e-01,-9.897795797172087573e-02,1.114854793056281185e-01,1.499963043726690037e-01,2.085251571214232491e-01,-1.317255776881870802e-02,2.141671726773900636e-02,4.910447937427275811e-02,2.335228691300810233e-01,-4.231995562000864797e-02,5.448670353241884604e-03,2.038115076589121499e-01,-5.238758719515421852e-02,1.052485862808975603e-01,2.143827127690389744e-02,1.493611764951334187e-01,-1.507812386155153450e-01,-5.405741340361887304e-02,-1.165162946682499895e-01,1.481470918550070459e-01,-4.013841101501394726e-02,5.087674989819587767e-02,1.432497351172389854e-01,-2.448132312676007671e-01,-1.958383346702085026e-01,-5.114145562395517874e-01,-4.057502842978397140e-01,-8.447780382466446580e-02,1.160064615980546943e-01,3.033217004606945655e-01,8.109856050192061350e-01,-2.211120447369139819e-01,7.607165884773667286e-02,9.151822470206538718e-02,4.622129750469795573e-01,1.386902269777947061e-01,4.014208147110533975e-01,-3.899530702026967610e-01,-4.585283098243184141e-01,-3.660367983301003603e-02,1.858452893406292994e-01,8.679338751594709023e-02,-9.094864602026700440e-02,1.606890636735222311e-01,-4.273114973920372206e-02,-2.212367352930178221e-01,1.160374050573695359e-01,-4.814169615699134264e-01,-5.182775837759393545e-01,-6.736849096789997438e-01,-5.391743845390875034e-01,-4.412092949004648434e-01,-3.269603799680818046e-01,-2.003982534733639020e-01,3.492936142779931030e-01,-3.726487189830324787e-01,-1.580443602516547474e-01,-2.994778852697150828e-01,3.291141912503452449e-01,7.295251832504048850e-02,1.424190125644585539e-02,-2.336052007918856810e-01,-7.037935216143578754e-02,-4.403109829040818823e-01,-1.998585022888618168e-01,-3.956501323845926232e-01,-3.459308216063514130e-01,-1.478916540605239860e-01,-3.852724641104546960e-02,-2.216169475243772169e-01,-1.243667519696088630e-01,-1.076110347523284855e-01,-5.776379771451497364e-02,1.225602662870206166e-01,4.009471268756290008e-02,2.123485341032349261e-01,6.664474553037055826e-02,-2.787908519589764600e-01,-2.698807286294902519e-01,-2.061948602379692908e-01,-1.317560009092763051e-01,-5.175523435351810086e-02,2.005014499804184114e-01,1.384994220463917625e-01,3.971085634350848825e-02
-1.543300366544613222e-01,-3.388519439372416064e-01,6.553221839576503505e-02,1.673815960729942154e-01,5.687535744176670516e-01,-5.543676684372852298e-02,1.196603229139999586e-01,5.241330775104322687e-02,0.000000000000000000e+00,4.396078631440072382e-01,1.532322656127588778e-01,2.940450794201331375e-01,4.846621382791926891e-02,3.514801721024378711e-01,1.247338423734613150e-01,5.763267422388906880e-01,7.536341791576350868e-02,4.699258323400068438e-02,8.649725703696518886e-02,1.491253379804423906e-01,-3.578560447669759670e-01,-1.294636309330455745e-02,2.478409339434340386e-01,2.047780150450767001e-01,-2.260210053938729591e-01,-1.490189124729014158e-01,-2.552900623652361034e-01,1.903522284057841962e-01,3.074117846170696944e-01,2.242391220816483122e-01,-3.041072210735945320e-03,-2.613270873884145085e-02,5.187017320708831036e-02,-6.436091681717827362e-02,-2.129251657054905267e-01,-2.426513497182595513e-01,-2.122871768118551328e-01,-1.802589987381931769e-01,-2.188381823119003866e-01,-1.545425718814574800e-01,1.740758373962109640e-01,-2.264878453619927068e-02,2.072828597369205314e-02,7.719506292666701575e-02,-9.064603325453203519e-02,5.641954533817086087e-02,-2.217624670670572187e-02,1.256208475555602513e-02,2.150584631722898543e-01,1.438096188341009829e-01,1.826653261119877761e-02,1.302416854394254642e-01,9.644278562157992951e-02,2.048984677804086829e-01,-7.269905831295093990e-02,9.443984709327778171e-02,-3.328602488794425440e-01,-3.343655595330812802e-01,-2.309299991288090714e-01,-1.569092233803631720e-01,-1.767751648920782570e-01,1.948867549769624508e-01,4.587569167946378007e-02,2.309760811552288018e-01,-2.015363297015641819e-01,-1.025903735009075918e-01,-2.961958788076028415e-01,-1.997853899068217920e-01,-3.170965362529968301e-01,-1.285422088078431446e-01,-6.819035810758480864e-02,8.270682330751509201e-03,-1.233336227966478904e-01,8.760506098103020001e-03,-2.521041891915618560e-01,-1.080833968972181175e-01,-2.852563925470725723e-02,3.576523444840251642e-02,-1.744017786477853882e-01,6.469511788578641287e-02,-1.899325413804457130e-01,-1.901259836515924173e-02,8.569246510872841061e-02,2.147798315731560270e-01,-2.067073376831781439e-01,-1.739324432468887169e-02,7.530971521379409284e-02,1.448077729579502204e-01,-8.784584605323245143e-02,1.178853840475433123e-01,1.502072180097180354e-01,-1.101402213317067419e-01,-5.543820358431453656e-04,5.050046346050423435e-02,-6.441028142163890413e-02,7.029976587253443376e-02,-3.529586336551188142e-01,-1.366660790597480357e-01,9.414384159751462700e-02,-1.163420167673315936e-01,-5.434344923118181181e-02,4.491975239440172685e-02,-1.730832575869414025e-01,-2.920755209774316893e-02,-1.133517430134038662e-01,-2.119494737461664335e-01,-2.704849741691386575e-02,-4.069675673792997987e-03,1.155755679671792435e-01,1.190291592613333532e-01,-1.733319275006174054e-01,-2.487722242400333683e-01,1.290943440935865549e-01,1.192591196483481358e-01,-3.469306819164358346e-01,-4.889258562866551916e-01
-2.125593339535055137e-01,-2.780362245698608237e-01,-3.886346689153191147e-01,-1.974304548612085958e-03,5.230871233009938281e-01,4.571968452956840512e-01,1.824015431442123358e-01,4.059566010124932567e-01,4.396078631440072382e-01,0.000000000000000000e+00,8.520312965608109468e-02,-1.124524235284750547e-02,5.354023647275750648e-03,2.015773070495286423e-01,-8.479498746018111766e-02,5.496863882676115143e-01,-1.972552355247494116e-01,-3.521676098738068528e-01,-1.574423941389052062e-01,-1.636856675309893983e-01,-8.291931716993815316e-02,-2.164253305952483931e-03,1.625297455026688057e-02,2.431551610592084817e-03,2.287207544264603654e-01,4.246022155467523151e-01,2.490309206607459747e-01,5.668224380174745614e-01,1.095398480864738094e-01,-8.170567067570802533e-02,8.002223629483296019e-02,2.038894076001897815e-01,5.251785892734548572e-02,4.740683347689080701e-02,1.334591008936145962e-01,8.488134025024617058e-02,-8.371253023201273569e-02,-1.537943064583118524e-01,-1.284063841849753251e-01,-2.354717317543849817e-02,-3.880473317083418805e-02,-1.650926524125869155e-01,-7.208412567332235510e-02,-1.141470967044393575e-01,9.370167132318796277e-02,-1.025442773507827393e-01,-1.596311730372136362e-01,-3.184826945901109707e-01,2.241460208320896971e-02,1.245155975381356805e-02,-2.345383929607423867e-02,-1.729260007911057051e-01,-1.732103211566108636e-01,3.754303887688438535e-02,-5.916089921043552469e-01,-3.600885972116364964e-01,-2.393914392021926352e-01,-2.033853544747041830e-01,5.821463977097808551e-02,-1.407301763562183727e-01,6.086573490162072025e-02,4.930238420030346180e-01,-2.855162441090087766e-01,-1.560313417192147056e-01,1.063798246693753169e-01,3.000248743930341577e-01,5.820736731590474972e-02,1.453167192038352928e-01,-1.756590748695666115e-01,-1.467653308964131931e-01,1.297676983157047825e-01,3.645368565495973878e-01,7.486724134273659015e-02,5.128693639796629879e-03,-1.057834291305090463e-01,-1.855378921591700481e-01,-1.907727566194437896e-01,-8.210688088152327813e-02,-2.782247934899809705e-01,-2.526814789441791942e-01,-4.676480156039428127e-01,-2.931519639153412626e-01,-2.465859630355328180e-01,-1.220903207332303952e-01,-1.040516346563520184e-01,2.642409736293478972e-01,7.966573361784717866e-02,1.482978944674380184e-01,-2.571153969452940613e-01,3.064538615101033980e-01,-1.467119226383292174e-01,8.777185311600332884e-02,-3.473774762052237453e-01,1.606097334365120810e-01,-3.243709473775874957e-02,1.282167842431424648e-02,-3.563670745328705314e-01,-3.091960967963297002e-01,-1.783863987603566958e-01,2.178441432432183902e-04,-3.308565734288336224e-01,5.958419828714227318e-02,-2.839931364987692830e-01,6.299702711453757098e-02,4.824362793126091981e-02,-7.303135150384413785e-04,9.735784752841117329e-02,1.566755952461980905e-01,-4.257769074043182139e-02,-1.599984432550985436e-01,-1.221765411915328725e-01,-1.877088023469327960e-01,-5.877526355618183096e-02,1.016594046862711181e-01,6.182472827931954212e-02,-2.104110453315130302e-01
5.183904717074757640e-01,3.339064682386925220e-01,1.057825810638584885e-01,-1.487198464081959937e-01,9.232489869216692346e-02,-2.122850704696671309e-01,8.345444391966644337e-02,-2.057490715790348534e-01,1.532322656127588778e-01,8.520312965608109468e-02,0.000000000000000000e+00,4.854340450543521701e-01,7.192402417569687678e-01,4.372167724617069817e-01,2.304970322957401452e-01,2.076941775171238236e-01,3.895180686260792946e-01,3.855944641057195144e-01,4.607430925288796275e-01,5.323159554923253545e-01,1.802911655113820580e-02,1.500857417119591530e-01,8.769976305471541278e-02,-4.484355199187613217e-02,-3.577531396784543460e-01,-3.476161028255534968e-01,-2.189485158068313897e-01,-1.633620577825738440e-01,2.792799007582689175e-01,3.002417956631757145e-01,-8.819193810325365313e-02,-1.619993582640902596e-01,-3.038503362274265832e-02,-1.573143885312642820e-01,-3.666420355229205175e-01,-4.858606482472835331e-01,-3.002125859143644493e-01,-2.113801390096398392e-01,-3.736272956417303059e-01,-4.261922710986583707e-01,-3.951665349261931220e-02,1.345264747910891179e-01,-1.173688236429567544e-01,3.309039201763079585e-02,3.144594818763526284e-02,1.142869013021852870e-01,-4.715726153975924873e-01,-3.289100328411728724e-01,1.494522197475598724e-01,1.641372492109420267e-01,1.011619773927734250e-01,6.429493251372982165e-02,1.895799712377761043e-02,-1.061180848811396071e-01,-1.075926381593098474e-01,-2.847323745893532224e-02,2.511551539326919436e-01,1.244790053095373439e-01,1.346307667871233793e-01,2.022268055022626021e-02,3.598490710314203311e-01,-1.103392514719153672e-01,5.241276596435046065e-01,3.759579213648055473e-01,-2.777105930884077312e-01,-5.074530342336474042e-01,-4.186645404012010463e-01,-5.570363652674937827e-01,3.165317179349834854e-03,3.634206714205388128e-02,-7.211812553978780987e-03,-3.946607235783262946e-02,-1.445109674353476509e-02,1.550994852175874017e-01,-1.858578381237165761e-02,3.936176520178544247e-02,2.498603657546335025e-02,-1.399161896786234871e-01,2.319705970347947233e-01,3.457147351403575541e-01,4.628552628501257371e-01,4.901317384853740022e-01,1.956345403304500241e-01,3.130978337307928627e-01,1.590493581413807422e-01,-1.956685477098417114e-01,-6.542055454881332867e-03,5.510478462730759169e-03,8.992643640048260389e-02,-3.774592499621994834e-01,8.728054368188999101e-02,-1.221151251302861340e-01,-1.857153472833059787e-02,-2.261550044063140308e-01,-1.734046720367450958e-02,-1.330168473191522260e-01,-3.505726082152233469e-01,-1.928217966724505017e-01,3.302669016888154507e-02,1.712681333057642363e-01,2.262008038348436167e-01,6.337442924018960033e-02,-6.950321138100852558e-02,-3.813168365969316076e-01,-3.248128506997178255e-01,-4.480982717835907958e-01,-1.804601543095718796e-01,-5.762511143149022519e-02,9.877023788768798940e-03,-2.903616473230982153e-01,-4.281624057018611484e-01,-2.622015810285717730e-01,9.381932720141238080e-02,-2.480938587424568742e-01,-2.331292939881562387e-01,-3.419267022445316995e-01
1.668211903376253802e-01,3.528586540951529626e-02,-1.108755709684234453e-01,2.933108452705087688e-01,-6.021970023794151472e-02,-1.892072640580003684e-01,-1.149869286889425579e-01,1.601683822209391539e-01,2.940450794201331375e-01,-1.124524235284750547e-02,4.854340450543521701e-01,0.000000000000000000e+00,1.670024627030254616e-01,7.093673708449301785e-01,-3.600431743545409735e-02,2.068677084285505119e-01,3.208122290910250807e-01,4.449748521836535686e-01,3.807577648409337101e-01,5.589811939386740702e-01,-2.925257508967665232e-01,-1.554273108162572969e-01,-2.297145915881517175e-01,3.705498597101561375e-02,-7.052194625411861706e-01,-5.779647436529938842e-01,-5.853263293103734277e-01,-4.380254180271792031e-01,4.669304741839366280e-01,7.434387919431629799e-01,-1.042245130553705046e-01,-1.917070487587719529e-01,-4.152005285892642061e-01,-6.673405428941607542e-02,-7.587827312676863611e-01,-7.099804261607377542e-01,-4.693086097299472570e-01,-3.263546814571265942e-01,-4.502751475908445267e-01,-5.394562252635394239e-01,-1.089378789977399065e-01,2.766555772928278589e-01,2.000630559474217418e-01,4.150062102222428218e-01,3.664308462752952078e-02,4.921750455233995791e-01,3.437278901726039532e-02,1.925804394598962799e-01,3.377801297290963789e-01,2.514704371510001479e-01,7.355917030169899229e-02,2.982443906288799740e-01,3.374504883075198913e-01,2.485762111406377983e-01,9.350536801565370593e-02,3.037418675234096477e-01,-2.743863279189338589e-01,-2.705106671782574468e-01,-2.602593039860899293e-01,1.764216800751939873e-01,1.442936402697951592e-01,2.765647160027781548e-01,7.173527988213689310e-01,8.562535307717245026e-01,-6.940160971394347955e-01,-5.140266051403532543e-01,-7.182794831037121464e-01,-4.840019414767468553e-01,-4.550077521559752758e-01,-4.393904243633011686e-01,-2.301385695276255416e-01,-2.540997654552893392e-01,-2.655426645421262236e-02,1.333296836757197901e-01,1.787932986296504601e-01,1.906603073694054518e-01,1.344699799160704035e-01,9.893382551593216112e-02,2.294105559572305886e-01,3.065014796404166297e-01,1.790472778117222219e-01,3.644314791089793837e-01,-1.020602833495761093e-02,3.491192817728320241e-01,-3.628736936674203939e-01,-8.506797225872797519e-02,-3.422565329516482069e-01,-3.176764571277282956e-01,-1.685698825615512819e-01,-1.937974181900270210e-01,3.704503961346434782e-01,-2.062188667953679111e-01,2.365281967256124274e-01,-2.624956084737800621e-01,-1.820060502729260454e-01,-2.305297239800572356e-02,-4.058406707938584379e-01,-3.152642227356106108e-01,3.215033111750145167e-01,7.101410610892382180e-02,3.601667373728504318e-01,-4.594921540859475684e-02,1.842658868649523982e-02,-3.780119484305715094e-01,-2.595041678455893286e-01,-5.818724248299221857e-01,5.350941682603477245e-02,-5.525698100318749556e-02,-3.857115442827670909e-02,-1.155867308406746535e-01,-5.496210260150650173e-01,-3.247907284398420802e-01,6.538469588465410653e-02,-9.915381162443934193e-02,-1.736596242963566183e-01,-1.559879675563085877e-01
3.114029008239775353e-01,1.620861083730943120e-01,3.256257966379498270e-01,-9.817771614709919215e-02,-3.232454683827556269e-03,-8.028961044036879435e-02,4.613215391588088576e-01,-1.847342589117939582e-01,4.846621382791926891e-02,5.354023647275750648e-03,7.192402417569687678e-01,1.670024627030254616e-01,0.000000000000000000e+00,3.715329293957219114e-01,5.747578491568391401e-01,2.301346044964009130e-01,9.652891196409119079e-02,1.498399672754027190e-01,1.749132881239080783e-01,1.479779483697050146e-01,3.026974335536171679e-01,2.331771454086431217e-01,4.853547802119774213e-01,1.685751186981665206e-01,2.269296307988360670e-02,-1.286557269797806435e-01,9.045567308389916572e-02,-2.235919629285724741e-01,2.069902816850109073e-01,5.837174550649575078e-02,7.136617754471077935e-02,4.680414087988567923e-02,1.522735049456965528e-01,-1.907848318924396103e-01,4.254582455551011999e-02,-2.705988070569717574e-01,3.054959186341057661e-02,3.528182657853778242e-02,-1.005228443492340445e-01,-8.488540172263620009e-02,-6.540737616501005047e-02,1.028472077484677699e-01,-2.236707569295303399e-01,-3.055717980074626472e-01,1.079355596028907238e-01,-7.654096551755956712e-02,-5.026145191540758450e-01,-5.693694891686389425e-01,5.537087781592872626e-02,4.720134329953405011e-02,7.876203177820048640e-02,-1.372487709092755637e-01,-1.372515780832836152e-01,-2.771175072259568495e-01,2.343381657996086373e-02,-7.751999998528445734e-02,1.401691451908795572e-01,-1.076675716374844438e-01,1.609874050720562499e-02,-2.525138995908104422e-01,3.585299413735872354e-01,-2.268404050007379880e-01,1.205843509075304187e-01,-9.087750979972062174e-03,1.565159266138895777e-01,-1.887810626513517498e-01,-7.948100067553516557e-02,-3.922733327772888745e-01,2.522033543273971556e-02,6.268390524486112947e-02,2.644287172811215503e-01,6.640743535108907525e-02,1.545627228790953100e-01,2.527390123444931413e-01,6.708869244197636361e-02,1.665680542737790759e-01,4.758909963790321912e-02,-1.871265463023926989e-01,1.852803015598927516e-01,1.265267686538210090e-01,2.635841343897220024e-01,1.995252154583552484e-01,3.708626142613108412e-01,2.888080668304924825e-01,3.927680391072653765e-01,-2.628143381333961082e-01,9.433340528591720175e-02,2.036697457933820676e-01,6.990893108554993574e-02,-4.231299762202894166e-01,-1.512288650696054781e-01,-1.360706449372871274e-01,-1.630088800993186871e-01,-2.905278604066439119e-01,9.272665335580397572e-02,-1.163716011893497077e-01,-2.114364881251401540e-01,-1.332528108373371156e-01,-1.394995588543102016e-01,1.328628969669658488e-01,1.515897030287893625e-02,-1.686994951115894648e-01,-5.238583831358549492e-02,-3.797409198464176128e-01,-1.102561282134657955e-01,-9.388394219803439245e-02,-3.162585254567733956e-02,-6.812165284336476473e-03,-1.653804430723018193e-01,-2.331140699535052541e-01,-3.391361274376630264e-01,-3.295766350095067909e-01,-7.569071731768578504e-02,-1.204316689977723009e-01,-1.150533976320772117e-01,-2.603224711630174326e-01
