0.000000000000000000e+00,2.384994514455662795e-01,1.143848785697864912e-01,-1.650646146413992099e-01,-2.550560247787354504e-02,-3.457742445529021769e-02,2.425734181847781779e-01,-4.024294913028936271e-01,-7.115787630758382831e-02,-2.820611369326761226e-03,3.084296243832694295e-01,-1.022593429126691239e-01,7.777524254909261303e-02,-1.922883030746498356e-01,3.272941930382186615e-02,-1.588421577697983825e-02,4.443421012078476173e-01,1.785182425499518555e-01,4.585499202159069032e-01,3.634999799753240168e-01,-4.923140949858010457e-02,-1.843494855576092994e-01,-6.796789031007827164e-02,-1.255707211724730044e-01,1.360087556136639342e-01,4.193137452720235858e-02,1.719887368761033597e-01,1.532894640596471902e-01,8.568646523367466628e-02,-1.290581592786721465e-01,-8.609211019028241429e-02,-1.131931943521881367e-01,-4.560920970277624470e-02,-1.319836899179282763e-01,-2.617147608679715534e-02,-1.285366025927959788e-01,-7.038464767890137419e-02,-9.999525491866213811e-02,-2.050519741674614038e-01,6.039392106765908291e-02,-4.889400230344742755e-03,5.487670645825452886e-02,6.753690966039213595e-02,-1.778726778939391032e-02,1.181736695234134604e-01,-9.961864026859687526e-02,2.127424168233861546e-01,1.096732551540155615e-01,1.079013512531100255e-01,-2.339041780080241828e-01,9.951078579564632751e-03,-4.463088850045950351e-01,-1.578181927527628481e-01,-3.833089472710969892e-01,-2.166099501214492073e-01,-1.809569899906642576e-01,6.467960098127397695e-01,1.684786862657045581e-01,4.230970024760509207e-01,-8.940062495215993221e-02,5.493848974101583904e-02,-8.025860375274578018e-03,-1.172843978930371463e-02,-2.958159758193351641e-01,2.754164993858327359e-01,-1.813359196642059523e-01,3.304188959708606599e-01,1.968929664229945586e-01,3.241815816139453355e-01,2.529327169369696704e-01,6.169358523223337359e-02,3.482464772440408557e-02,1.518957712836953855e-01,-3.940018902602582251e-02,-2.145434075444097727e-02,-9.213079997590876979e-02,1.534145036666484212e-02,2.114895884778443536e-02,2.190194254267475993e-01,2.256282420641774755e-01,3.237972250544921549e-01,8.362017898867375731e-02,4.143780441505268142e-02,1.517213141347759087e-02,2.698342656052932220e-01,-2.746739459514169202e-01,6.884749729689827735e-02,7.153457183792641394e-02,-3.055410642988769521e-01,-3.164596215784238886e-01,-3.137989801662012801e-01,-2.953627427494216473e-01,-3.271366681395151410e-01,-2.795250087828788921e-01,3.018053265520059258e-01,1.165427092195757547e-01,2.799140369487629898e-01,1.821681947738107155e-01,9.845401375915470779e-03,-1.493895698503900638e-01,-1.302801141964872733e-01,-1.033616702016276617e-01,-1.510075906376542876e-01,-1.451422457158320911e-01,-8.808816865531213236e-02,4.448929302257039614e-02,1.641297752574027713e-01,-1.469601237317854081e-01,-1.690826287760308078e-01,2.014512708199182323e-01,1.969483824890863044e-01,-1.255967106119308951e-01,-3.530947334434587082e-01,2.133114433457498071e-01,-1.279794502762374997e-01,-9.429250710687682446e-02
2.384994514455662795e-01,0.000000000000000000e+00,-3.821795038107475007e-01,-2.804246852389887246e-01,9.946403157776258219e-02,1.661966873412762738e-02,-3.918247185650252651e-01,6.918535317026686116e-02,-4.496251707755881122e-01,-2.193395293716778882e-01,-3.191991955177064244e-01,3.035084970066720400e-01,-4.358891623243938418e-01,1.120313471687790080e-01,-2.849029616299441625e-01,-4.063832277579020047e-02,2.803375773592217124e-01,5.809476911208169003e-01,4.552664345661957546e-01,6.732555334509041645e-01,-1.886280311292961587e-01,-2.354747977203024700e-01,-1.456475852970490481e-01,-6.976149098210408794e-02,4.232437652951720475e-02,-4.340013578371773595e-02,8.441694334982680070e-02,-8.400246147299197247e-03,1.378300224643074293e-02,3.520638898548488216e-01,-1.735508332125434150e-01,-8.681520281389085159e-02,-9.034984527906196605e-02,1.010179104520188276e-01,-4.587718172664491667e-01,-3.057707256070477109e-01,-7.473417594932350860e-02,2.398747393156371310e-01,-6.190824225050599316e-02,2.658493170509919068e-01,4.982792651724674005e-02,4.681341714751924288e-01,3.747361344297314018e-02,3.047958215486563649e-01,1.925305901423169930e-01,1.464021027329384383e-01,2.724523465071288508e-01,2.720361239847385315e-01,1.756053595656862504e-02,7.486461271440446319e-02,-2.251754223782970743e-01,-1.283363020558090650e-01,-1.497108535357760117e-01,-4.132831869497342603e-01,-1.820727449798438258e-01,2.536552996325759368e-01,4.614000669244527897e-01,7.942648646327656881e-01,-4.582267832395081793e-03,2.873189862277771289e-01,-5.864467321556056101e-01,-1.607334492643152091e-01,-9.604415830255959297e-02,2.353955306521735846e-01,-3.208005282417984438e-01,-2.440430074064177113e-01,-1.321227980891294673e-01,-2.844356256716799522e-02,6.959164176364848187e-01,5.846695643069591553e-01,-2.125181292687148560e-01,-1.202929424914613299e-01,-3.563108374559855601e-02,-2.172759692276835242e-01,-4.750542671632156794e-02,-8.731234160220445462e-02,-1.770289224095310809e-01,-1.888507985815050111e-02,-5.628179113623656832e-02,8.422808698033074082e-02,-1.973860346513608283e-02,4.626646979059595433e-01,4.179335253113114490e-01,5.557365061306209775e-01,-3.401737929233480950e-01,-7.411161159540925920e-03,1.498420155995050518e-01,1.505672114334718759e-01,-3.292901380297608149e-01,5.499371178713165220e-02,-2.265863390396896382e-01,-4.620694165355340166e-01,-3.047353724807183029e-01,-5.523281691833293872e-01,1.888639647378029807e-01,2.829907915862284185e-01,3.452156891632646857e-02,2.654374357801038697e-01,-1.934193433396560746e-01,-1.801815965229980332e-01,-2.549217359541068872e-01,6.355712560205449557e-02,-7.190853069864434899e-02,3.243167398374183219e-01,-4.081152647475100662e-03,2.908416537423903492e-01,-5.993327957029435937e-02,2.266374748271372808e-02,-1.188875663629549578e-01,-1.187388628430887799e-01,-1.095836040036662629e-01,-1.731880926181054645e-02,-1.543715198891248419e-01,-2.429843299281542190e-01,-5.681385286192961598e-02,3.225877877225347690e-01
1.143848785697864912e-01,-3.821795038107475007e-01,0.000000000000000000e+00,5.612894418027820631e-01,-1.286654711624836134e-01,9.133254214919069025e-02,8.033861140415722302e-01,2.347513129348327843e-01,1.699131722263601263e-01,1.095561909101877840e-01,3.777696598827585128e-01,-2.109048523212182225e-01,4.285630384413977589e-01,3.085705289402129042e-02,2.516785959142652240e-01,-9.886325206369681040e-02,-1.103082258548473971e-02,-3.009156315374111879e-01,1.006955597908413963e-01,-1.995564230301455633e-01,1.657203441601286676e-03,-1.274665046194738416e-01,6.125725398260317700e-01,5.710970934986872027e-01,2.339227403137222605e-01,2.136388876084360788e-01,-1.414361125950306386e-01,-1.299280422523239054e-01,3.045888745398965813e-01,-3.607499810870088558e-02,2.560932764686329466e-01,3.035503532167272422e-01,2.005282454717322305e-01,-3.184152777001138766e-03,1.897634453700716428e-01,2.715179341034602498e-02,2.766844723593117270e-02,-1.041988730191006213e-01,-3.013165343538158347e-01,-6.668102701460842940e-02,3.387695868483908690e-02,-2.003466362376409016e-01,-1.885542110152188533e-01,-1.330636642788110280e-01,-2.730094097848044243e-01,-2.923559467654375799e-01,-2.747780714109398503e-01,-3.024261868311058921e-01,-1.078779681924338929e-01,-2.909989017389210120e-01,1.969117181011469098e-02,-2.176688102446592277e-01,8.529372828367563037e-04,1.994913679365829251e-01,-2.268395629126713220e-01,-2.427007260732890470e-01,-2.458826951701480190e-01,-5.040804743566288382e-01,-1.433908884606652501e-01,-4.633152876938167464e-01,8.086191461310027195e-02,-2.075028659105696838e-01,-9.792849851667619065e-02,-4.953600554956887336e-01,4.137123787191598345e-01,-3.753178971465129937e-02,4.169625733823855568e-02,-2.363525057569731136e-01,-3.076346623003720637e-01,-2.733947811792765692e-01,3.441062162491387855e-01,3.705979520449316222e-01,2.597514198597967727e-01,6.287826211208484561e-02,8.235174833663359839e-02,1.660026346332926783e-01,9.936152428182511154e-02,1.002228478218273322e-01,2.654043120993166416e-01,9.864420205589223556e-02,1.331244144444903854e-01,-3.008278644650969058e-01,-1.691326189099747745e-01,-1.299761479132959807e-01,3.360709379769319938e-01,-1.524890037352174266e-01,-4.361890698497478680e-01,-2.967356901480757703e-01,-5.972540308872573145e-02,-2.194331041149769068e-01,2.679227350016248621e-02,-3.542384854601094563e-02,2.089581548010722989e-01,4.515386871914083694e-02,7.458027630354197024e-02,2.202275973457710687e-02,9.751628175008937062e-04,-7.146727984358010322e-02,-3.601146377203685578e-01,-8.793441483035854822e-02,-2.286088749003954423e-01,-1.232145918129174261e-01,-2.729913995725010145e-01,-3.363096121053145704e-01,-3.994998381858579362e-01,-3.137184172746154132e-01,-1.277958536582813054e-01,-1.595002988122569965e-01,-1.437396585292993190e-01,5.293485461666358471e-02,-8.172660655406606411e-02,-4.097421372144259277e-01,-1.356763339592420570e-01,3.672777801730987557e-01,-1.113950597332803438e-01,-2.814653213886799121e-01
-1.650646146413992099e-01,-2.804246852389887246e-01,5.612894418027820631e-01,0.000000000000000000e+00,-2.646810883104721568e-01,8.828227010410613640e-02,4.484552971168472291e-01,5.900096030062010888e-01,2.468801311238315310e-02,1.285426971123302675e-01,-5.016084241806019473e-02,-2.068494995135933823e-01,4.966437995287930479e-02,-4.576934379841544019e-03,-1.690179297239025741e-02,4.057371592995789866e-02,-2.482052640876935279e-01,-4.485318352565216271e-01,2.331688385050560697e-02,-1.739746840830579677e-01,7.228082931455837024e-02,-2.436426423227166516e-01,4.118915965875419860e-01,4.652643941717443665e-01,9.810760471654159098e-02,1.653593015795937760e-01,-2.002936813533338911e-01,-1.052997742921291946e-01,4.306890108729648919e-02,-1.156225117474198455e-01,8.128836503997102780e-02,1.365798002915404874e-01,7.250056723818686100e-02,7.313426910038556272e-02,1.316787370638691224e-01,5.116965512967187185e-02,-1.197058525142847552e-01,-3.708085843982423246e-01,-3.187365729703267592e-01,-3.453778294143144967e-01,-2.674541610275470438e-01,-4.222515055675806761e-01,-1.858779795770373888e-01,-8.557059140070265302e-02,-1.763222995594900255e-01,-1.986038738463802300e-02,-1.685977292297977381e-01,-2.570790696950747134e-01,1.088375554243456861e-01,2.245164460568472783e-02,1.849410164795488865e-01,1.794901615498577241e-02,2.759691689496332478e-01,2.737740833994638523e-01,-3.038727263677173940e-01,-4.040245561094557014e-01,-3.632575307020968758e-01,-3.505386378954711279e-01,-7.307046265755783032e-03,-6.885818468390544900e-02,-5.321097323590594230e-02,1.183184461812767097e-01,-3.801806993923420586e-01,-4.526248331544457382e-01,1.653912561290697969e-01,2.469576828638562205e-01,1.000280842320703106e-01,-6.166394423622830606e-02,-2.615218609431129160e-01,-1.595886939870707066e-01,2.075659447864633966e-01,3.247216716123959013e-01,1.503969183729131631e-01,6.747456351885641745e-02,9.166715920197061884e-02,1.736205794638486510e-01,-1.781106273612042060e-02,1.066440779174449988e-01,1.957981149440895519e-01,8.938752932568815035e-02,-1.833555904162365857e-01,-4.535065258624549345e-01,-3.044681296662043457e-01,-1.447951574530424168e-01,-2.434721560656013628e-04,-3.221563671161661174e-02,-3.831476599679936590e-01,-2.050590049346830146e-01,1.947381448072605173e-02,-1.709473456711763373e-01,1.297943479303227121e-01,1.305319212717344912e-01,1.752707782452619656e-01,2.016064772413683481e-01,-1.515837218458356561e-01,-9.823486018726204638e-02,-2.878466322542473921e-01,-2.782790396573963654e-01,-2.955079018204874175e-01,-1.693260587257578997e-01,-2.569723782953574343e-02,-3.131960753724297164e-02,-1.487884652559624266e-01,-2.402990494353877682e-01,-1.558870636253528730e-01,-1.188841022786241569e-01,-8.774252486187746058e-02,-1.473120120591607796e-01,-1.380203572957243441e-01,-2.260809825791766092e-01,-2.568462036588977648e-01,-3.498042445114761256e-01,-1.697345524345839352e-01,2.608376799886152897e-01,-1.137937890201820741e-02,-2.609477118178840094e-01
-2.550560247787354504e-02,9.946403157776258219e-02,-1.286654711624836134e-01,-2.646810883104721568e-01,0.000000000000000000e+00,5.583000900894738994e-01,-2.436886427726181192e-01,-2.724406177236441962e-01,6.343402729105240834e-01,3.880361392876320870e-01,-6.561734711956157540e-02,4.279785599130808693e-02,-3.104369493372467065e-02,2.345719809702528219e-02,2.347207700660338958e-01,5.792495795386522900e-02,1.201560209526251893e-01,2.331143375645764182e-01,7.607482963526514264e-02,1.563466735641243222e-01,1.861605596836352905e-01,1.888147225854638067e-01,9.367364082900196676e-03,-3.558134393581685595e-02,4.201519341152113451e-01,3.718287137713464641e-01,4.875792915896101087e-01,3.768413644469986168e-01,2.812565251737382532e-02,1.409419084704738589e-01,2.952229347317040786e-01,1.280225112366919216e-01,-8.701619114584598080e-02,-7.201813423055021535e-02,-2.340007945373989984e-01,-8.497624691344000947e-02,1.685222986485638563e-01,2.186679416517563757e-01,2.964505710648172587e-01,3.330949748272676869e-01,2.510747992119686245e-01,3.307236218631213198e-01,-6.530711224539040294e-02,4.912765080112958122e-02,-8.176730611816870886e-02,-8.013492920318419921e-02,-2.564787499531076889e-03,1.553123894993440612e-01,-2.272428278688556069e-01,-1.605540923475409498e-01,-2.966154769828927007e-01,-1.074628698466279786e-01,-1.431867634778726528e-01,-1.882101127824101494e-01,-4.719259336640173330e-02,6.081448335036140213e-02,2.804921511669611345e-01,1.786432750885172671e-01,-1.610481793201207767e-01,-1.322962900474795034e-01,-2.113023404131121330e-01,-2.253602577450457556e-01,1.527114614449139596e-01,2.741643707643695582e-01,-2.669417815359939605e-01,1.679496665602413837e-03,-2.302616180458114115e-01,-1.713707235473239943e-01,1.457710798063414359e-01,3.439600815691694347e-02,-8.232413941368373067e-02,-1.006045141870015314e-01,-2.252569838702034866e-01,-1.484974155724360922e-01,2.145411312013969785e-01,-1.384224546016211699e-01,-1.913633797561777594e-01,-1.958121652555593895e-01,-1.481697252841019663e-01,3.803015727006724828e-02,4.087062672889849556e-03,2.935862793819259409e-01,2.836495832484312030e-01,4.359869039024019677e-01,-1.591084409958402335e-01,5.718629298373770209e-02,2.876273467852013543e-01,4.021402012799730197e-01,-2.302363533746959456e-01,1.607239886668345719e-01,-3.034738306991593970e-01,-2.725620858092115961e-01,-2.736207212850199633e-01,-2.301484053581026867e-01,1.558099500542582394e-01,1.167793874134279847e-01,1.330510496017355271e-01,1.120461823007144198e-01,-1.017064873269911407e-01,-1.920952161031095895e-01,-5.402751785440614712e-02,1.456844885994670880e-01,-3.680237539901409782e-02,1.450686972376660500e-01,1.189608796033785332e-01,2.324398519369161031e-01,-5.145930100253209849e-02,1.304911187835512409e-01,-2.672741699154738190e-03,3.757218458158247121e-02,1.401563827716009736e-01,8.397909947750976933e-02,5.009626442806734692e-02,-1.266309574214616596e-01,1.181937958457585647e-01,1.618829235674084099e-01
-3.457742445529021769e-02,1.661966873412762738e-02,9.133254214919069025e-02,8.828227010410613640e-02,5.583000900894738994e-01,0.000000000000000000e+00,-1.577773198676067634e-01,-1.414785613598379677e-01,4.954385569524997757e-01,7.258725131100187689e-01,-2.229119002497572666e-01,-1.656830399462114189e-01,-2.146521095222129472e-01,-1.083932085899399350e-01,4.755412268831303232e-03,2.086389696963892315e-01,-1.833244306210711841e-02,-1.740060704247244350e-01,-4.202892376722494605e-02,-7.809707050189300392e-02,1.997986286729091510e-01,-1.845183107487503860e-02,-1.631370260026346886e-01,-8.725711125774353316e-02,3.150114495200053710e-01,4.464449048042625767e-01,4.156807250131741571e-01,5.286330765429827494e-01,-1.140967819847970161e-01,1.664734972388365666e-02,2.150702320590442140e-01,-3.156465792404997833e-02,-1.749294905358302343e-01,-2.002875040391338402e-01,-3.380139647890871846e-01,4.845653868972985695e-02,2.436167368709055980e-01,-2.487863713320757203e-02,1.407628307745553975e-01,2.631816898628063783e-01,1.387878228402128766e-01,4.396836540319377928e-02,-1.141703618700038586e-02,1.718572006660940357e-02,-1.322303392781638276e-01,-5.390651133132749739e-02,7.117528010272457240e-02,1.048261389825304174e-01,-7.416204172428565722e-02,-5.382911411238974764e-02,-1.937504652280178652e-01,-1.539087873115976834e-01,-7.645785546587982595e-02,3.516166028769236729e-02,3.271728333543950928e-02,3.065491957388342265e-02,2.380993902101639081e-01,1.037091196537168053e-01,9.519470785123274048e-02,4.046775555015808684e-02,-2.608880163010693920e-01,-3.268894044542990374e-01,3.406725426703445525e-02,2.474358608612451521e-02,-3.450160224717638835e-01,-2.912173448945831744e-01,-1.265886949822218055e-01,-7.404511086791808194e-02,2.022569911145398192e-01,1.783809762488161865e-01,-1.398007261732177042e-01,1.079674557248178936e-02,-3.422345948078070466e-01,-2.223877622647744690e-01,2.255748172415366834e-02,-1.603059507964371966e-01,-3.567490345341482461e-01,-3.672889611601654059e-01,3.798224505521789751e-02,2.038667456658904142e-01,-1.096014469205354447e-02,7.855254588097844437e-02,1.290909539632383030e-01,2.426645036157858981e-01,-1.927238638036451734e-01,1.453075599991421052e-01,3.171283334830934941e-01,3.552965077009739292e-01,2.028139932000423001e-02,2.766410887738584012e-01,-2.815174975790474265e-01,-2.095548415843788148e-01,-2.768596278210360140e-01,-1.641931263917109918e-01,2.755637561731649754e-02,-2.722451081162607922e-02,-2.614550253433213164e-02,2.083245178088297817e-02,-1.070913341154893297e-02,-1.279106416957119519e-01,1.179496963133589427e-01,2.466570304089440724e-01,1.593784293834994148e-01,2.257643336925697908e-01,2.295368812580628470e-01,1.826913467820437953e-01,2.077360035597810295e-01,2.316669953438481588e-01,4.355257386195595520e-02,-1.011469553995715254e-01,1.552389259958655288e-01,-1.692424340846510333e-01,-2.368848064397143238e-01,7.491312677464238325e-03,1.668720873092078560e-01,7.616575557700684673e-02
2.425734181847781779e-01,-3.918247185650252651e-01,8.033861140415722302e-01,4.484552971168472291e-01,-2.436886427726181192e-01,-1.577773198676067634e-01,0.000000000000000000e+00,2.430128856690252914e-01,1.108553908390906145e-01,1.425457664141044356e-01,4.501041173352871572e-01,-5.199681356000480231e-02,6.116310362795033262e-01,1.337079354200412518e-01,2.749375879062945227e-01,2.993553630095276141e-02,-7.569635114065383086e-02,-3.278382006426366346e-01,1.659063520170206141e-01,-6.802881490759694894e-02,-1.078034799104222868e-01,-2.088104412645747365e-01,4.449841078220539425e-01,3.436523297404884825e-01,-5.008319788579349702e-02,-6.313684795524088234e-02,-2.315963462929728767e-01,-2.945710011634967707e-01,1.854193965587268011e-01,-2.121408847980915391e-01,-2.755146448492512209e-02,6.845116029587662576e-02,1.504111512488657265e-01,-6.980299368024590542e-03,2.622413646650471608e-01,1.060450523427678704e-01,-1.846880302152643094e-01,-2.717957640111512974e-01,-2.878270959371528326e-01,-2.102295486662877355e-01,-1.814490967474864380e-01,-4.054719731185868481e-01,-8.816852545555380061e-02,-2.106171588708807829e-01,-2.523978103619982094e-01,-2.603395568375012070e-01,-1.614193767565446080e-01,-2.943101924384187718e-01,-4.095416869060405224e-02,-1.672907802459031590e-01,8.427154012219921497e-02,-2.643695372583109576e-02,1.691903929758291694e-02,1.810196313965556081e-01,-1.238243519244216495e-01,-2.255711395200488689e-01,-3.358023397835417367e-01,-5.637691526895104444e-01,-7.889622585397710122e-03,-3.476934126827148641e-01,3.004001743764255772e-01,1.034547256542741184e-01,-6.742318728550286688e-02,-3.993764049738485755e-01,5.685907955539426517e-01,1.549424353243716579e-01,1.161534503207655028e-01,-1.072343724280255539e-01,-3.532717604145524382e-01,-3.609558468258199926e-01,3.553797366527828849e-01,2.545796531916806882e-01,2.009865038608592558e-01,6.001003294181880832e-02,6.353263634917502567e-02,9.679361363607494328e-02,7.578785309558033756e-02,1.511456950996937776e-01,1.763792034136328069e-01,2.569651332127775856e-02,8.037161680289792165e-02,-3.136462867779647445e-01,-2.879016134960128981e-01,-2.351430905456241283e-01,2.813287286761554928e-01,-5.692539540146983323e-02,-3.733092379704773256e-01,-1.508305610776764782e-01,3.567693054114445123e-02,-1.557241314486584594e-01,2.752138993745498197e-02,7.862708079615592094e-02,2.582324860990485305e-01,1.916147686210520062e-01,-5.396397778458378314e-02,-7.258025844345870892e-02,-5.987355868591697633e-02,-1.283445356479036292e-01,-5.138249540843867896e-02,4.908044882115730062e-02,-9.667394025552462911e-02,-2.183239223244158311e-01,-1.401541522693310338e-01,-4.195357063674662323e-01,-3.782873371341343161e-01,-3.460658580600195489e-01,-6.150459591059363046e-02,-1.932871422953680585e-01,-1.748674109344676431e-01,-9.238164846248934914e-02,-5.909377600678924342e-02,-2.668292294473351145e-01,-1.335185221423920710e-01,2.886373211750071777e-01,-7.995746848040594101e-02,-4.106025460973062868e-01
-4.024294913028936271e-01,6.918535317026686116e-02,2.347513129348327843e-01,5.900096030062010888e-01,-2.724406177236441962e-01,-1.414785613598379677e-01,2.430128856690252914e-01,0.000000000000000000e+00,-9.125952105185504426e-02,-3.665882008095710382e-03,-1.482065352419591475e-01,3.135176063127659840e-01,1.435977198553757272e-01,4.252805584562783237e-01,4.061940095136633289e-02,1.391582800283482253e-02,-2.709069388244429444e-01,-6.057075607634235248e-02,-7.053082310392205789e-02,-3.497933560358693073e-02,-1.467005910154762782e-01,-2.126626822678509832e-01,1.966603995955755746e-01,3.726481393463634828e-01,-1.795551606351874774e-01,-1.040051169249574387e-01,-3.999529796838613982e-01,-4.932925456452337265e-01,5.798956529951170696e-02,2.218882971098449786e-01,-1.162892353233153236e-01,1.410306244515907581e-01,-1.218695774418655092e-02,3.404592855662839646e-01,3.670150936080635029e-02,-2.932655253609398049e-02,-3.753578317484694837e-01,-2.391009462288150589e-01,-1.291226715245242795e-01,-3.602142774392155800e-01,-1.529966965913006349e-01,-2.031235606555590323e-01,-1.349519419597076664e-01,1.754241997312270748e-02,-2.262359196881329748e-01,6.875202325918337853e-02,-1.530094077455768364e-01,-1.449018088638586721e-01,-4.918039553590406940e-03,2.208398569020557090e-01,2.377138530710464978e-02,2.535062847925101948e-01,2.131930343597560618e-01,2.668782223380892216e-01,-6.799725605863815581e-02,-1.666966068938649514e-02,-5.219219359696141147e-01,-7.906210630664532724e-02,-1.803494895976043844e-01,1.398065622888231552e-01,-1.250200980214064006e-01,2.574258250502894918e-01,-3.389470199902497871e-01,-8.118010296759046313e-03,3.976514151159606970e-03,2.303358514382996547e-01,-1.785005834727201590e-01,-1.626669355126796057e-01,-1.563439528594372518e-01,-9.820662073223597466e-02,6.046855584722286847e-02,1.965514906623091196e-01,5.574176651755823053e-02,6.251812574662772570e-02,5.628709654420462061e-02,2.187922600520814942e-01,-1.260462064352205203e-01,9.325869583801026097e-02,-2.928814050105877503e-02,-1.477002157028912688e-01,-2.661759832858119901e-01,-2.363606887265158052e-01,-1.836926853849339125e-01,-1.137539571894706086e-01,-2.696374569825037981e-01,-1.261588129509388645e-01,-3.943663974738376710e-01,-3.523874222166782921e-01,1.796285586874081242e-01,-1.081489673573450688e-01,2.788932714783600719e-01,2.211427020459838244e-01,2.655095589912707110e-01,2.203566626731761346e-01,-1.650690026660064924e-01,3.771433871746433797e-02,-1.908885031108517316e-01,-1.677424102733144906e-01,-1.368479143215621252e-01,1.225195708763937713e-01,-2.398820550181760686e-02,-2.262403087756586356e-02,-1.355880649002450845e-02,-6.882762307606020424e-02,-2.173992375968964441e-01,-2.101262070337609755e-01,-7.416446285128586169e-02,-4.723033473173518342e-03,-2.348286127644353891e-02,-2.385634109032390426e-01,-2.592644142241566363e-01,-2.444767457455364335e-02,4.666572526729723808e-02,-1.365327585880541858e-02,-5.965402838235333433e-02,-2.599139872196832290e-01
-7.115787630758382831e-02,-4.496251707755881122e-01,1.699131722263601263e-01,2.468801311238315310e-02,6.343402729105240834e-01,4.954385569524997757e-01,1.108553908390906145e-01,-9.125952105185504426e-02,0.000000000000000000e+00,5.702461784315707716e-01,2.649228211896868523e-01,-2.917455754921974634e-02,3.541937040316720520e-01,1.322952956729149809e-01,4.620003920112845663e-01,1.027024474563110606e-01,-9.928828297669016825e-03,-1.077976127111026500e-01,-1.788605294225991404e-01,-2.111837707509603979e-01,1.944660061166677834e-01,1.154326520074512447e-01,5.901936383362618721e-02,4.657919950823404681e-02,3.422186595319258173e-01,3.802570668011996946e-01,2.839230646621165310e-01,2.088720535482052609e-01,7.158195180791167289e-02,3.165633972359333664e-02,3.325138244000747090e-01,1.869636575796871092e-01,7.813953880121737861e-02,1.223506851663982709e-01,9.004266958835284440e-02,1.427686043203346966e-01,1.179978222748503391e-01,-9.239911408892712008e-02,1.198595710453895236e-01,1.134925154203836328e-02,5.345086093469200716e-02,-6.642486872372165008e-02,-1.567277642848376451e-01,-2.026190158694255172e-01,-3.335176921350426205e-01,-2.248230874125151935e-01,-1.821666402244010718e-01,-1.746881134525339954e-02,-2.057019663116377572e-01,-2.658241130986799816e-01,-1.263679611768202260e-01,-7.141686570785274468e-02,4.624752362570357100e-02,1.749760291955954894e-01,1.186827418205309639e-02,-2.124060828640879084e-01,-4.216909913872666366e-02,-3.380405662464024408e-01,-1.528177498227376030e-01,-3.512130230251147012e-01,2.628348010059580742e-01,1.044124607696348371e-02,2.849801890542021376e-01,1.464912456310100974e-01,-1.998779140411650196e-02,1.308039851819026433e-01,-1.235953025777010855e-01,-9.496168659544865220e-02,-3.040462107781642387e-01,-3.770636586762887710e-01,1.691604407867476900e-01,9.052789429542422439e-02,-6.810700540263824043e-02,1.398830736911328698e-01,2.882619550578201517e-01,3.111001903298527688e-02,1.998480071968493713e-02,1.094542613189005906e-02,4.705306346862432598e-02,1.136524169922954047e-01,1.044212594158697577e-01,-4.843768276348743573e-02,-4.487978959090142828e-02,-6.858320623753401402e-02,4.628239003693710406e-03,-3.022766742210612409e-02,2.791027424145920907e-02,8.290489457560812347e-02,4.408502695499232071e-02,-4.922260924427927786e-02,-6.501866701865695319e-02,7.176710491207100029e-02,-2.915038947655735832e-02,1.965529501794336387e-01,6.734502203156991773e-02,-4.959797559651579063e-02,6.892507206262223074e-02,-6.987947444212712356e-02,3.697708746120759171e-02,-4.542576522523585070e-02,1.907833920894537738e-01,8.881216746244188776e-02,-8.315085337546464575e-03,-1.256075706388830038e-01,1.005080228486633503e-01,5.399161876502119560e-03,7.640539145559099854e-02,4.903364842079718788e-02,-4.109046677583748364e-02,8.029644374789732253e-02,1.264415266856765974e-01,4.497134315497873513e-02,-2.405067408437660051e-02,1.799686747435081946e-01,1.946094384006359923e-01,-1.503573261061222077e-01
-2.820611369326761226e-03,-2.193395293716778882e-01,1.095561909101877840e-01,1.285426971123302675e-01,3.880361392876320870e-01,7.258725131100187689e-01,1.425457664141044356e-01,-3.665882008095710382e-03,5.702461784315707716e-01,0.000000000000000000e+00,-1.538310312545218272e-01,-2.188892777247975624e-02,5.088463909882202235e-02,-2.548274277156047790e-03,2.171727616199478905e-01,3.737697741591463618e-01,-2.506071254796984893e-01,-4.175166045403421733e-01,-1.511181052986134143e-01,-1.872059960966728775e-01,2.359192742385358421e-01,-4.546094856831039976e-02,-2.665784032174298712e-01,-1.771603471197686908e-01,-6.417617009976527877e-03,2.073670843350770565e-01,2.246007437504370097e-01,3.263648440352755475e-01,-2.912529620657444696e-01,-2.652014318081616917e-01,3.660371119090980591e-02,-1.206617001495804281e-01,-2.309306057282994595e-01,-1.259545037258918976e-01,-1.217838333613022878e-01,1.585329375000242014e-01,8.688316357102229825e-02,-2.144228633541951368e-01,-4.084004569352871206e-02,8.684185155705657910e-02,5.659472558515694918e-02,-2.329344981352408916e-01,-7.663696435813734109e-02,-1.998818529963225232e-01,-2.572941131317991736e-01,-1.512559438223910202e-01,1.382703906295455060e-02,-3.988833650200938885e-02,-1.088810622179935544e-01,-6.059753222563146746e-02,-1.042569811379593231e-01,-2.095423964674609368e-02,8.249141235963016253e-03,7.565689584572028725e-02,1.236922670292165127e-01,-1.023259990498180949e-01,-5.523771903766216962e-02,-2.320920171918000041e-01,2.062122107785128722e-01,6.365043513091332705e-02,1.206946520191990307e-01,4.095636117842121893e-02,-2.756493949241851926e-02,-5.805995665438712372e-02,-7.095358592686686061e-02,-4.361791831050725737e-02,-1.531190656362331828e-02,2.572812278959570390e-02,-4.321788377041589635e-02,-1.003160167772123579e-01,-6.832301084348053888e-02,-5.603080984933955441e-03,-3.132984431495841049e-01,-7.577009866468556454e-02,2.892322833457054362e-02,2.000551269293889857e-03,-3.347781477407046347e-01,-2.981653473775620067e-01,-6.764861791142288971e-02,7.326826206460326785e-02,-8.640218058531703993e-02,-1.727794931739444761e-01,-1.437443023972876932e-01,6.607994987415249238e-03,-1.838563139943179547e-01,9.652261494076554149e-02,2.716530494765560522e-01,3.703211680405517625e-01,2.949251262695398168e-01,2.453784810243545278e-01,-1.239262058197198035e-01,3.952947272504006571e-02,-3.403831009765941051e-02,1.374515955971845615e-01,-4.683844668736784206e-02,-2.400261095302250181e-01,-1.290330516148027462e-01,-1.932884133355352030e-01,2.780554089138737583e-01,4.345456136339074377e-02,3.309913067725823721e-01,2.533706505060306369e-01,3.811211178429466662e-01,1.710057943099060340e-01,2.870844859880975486e-01,1.662694521741829856e-01,2.727259439498511684e-01,5.785926808774055630e-02,-2.106053642444269403e-01,-2.143226358149196153e-01,1.425865344868566253e-01,-1.507476066846309970e-01,-2.396219928746273486e-01,1.045747335544742473e-01,1.072414260009074555e-01,-1.169772301066064613e-01
3.084296243832694295e-01,-3.191991955177064244e-01,3.777696598827585128e-01,-5.016084241806019473e-02,-6.561734711956157540e-02,-2.229119002497572666e-01,4.501041173352871572e-01,-1.482065352419591475e-01,2.649228211896868523e-01,-1.538310312545218272e-01,0.000000000000000000e+00,1.367762707012979417e-01,7.335650450714107373e-01,2.870280872985545573e-01,5.251905402308577608e-01,5.939526116901336361e-02,3.571961049747332528e-01,7.647270075590689720e-02,1.476861068124010745e-01,-3.195287715049075633e-02,-1.308708150135116759e-02,7.151878080135666560e-02,3.950781928472820170e-01,2.749183450408326235e-01,2.537788167498633007e-01,9.360063904698652515e-02,3.272696154974710780e-02,-1.469532678221457667e-01,5.180204870549545149e-01,1.517766837701121363e-01,1.935398197021032107e-01,2.828978457565920479e-01,2.000716963353792455e-01,-7.028662080533779055e-02,1.786650055895142863e-01,-1.495415536302842005e-02,1.188055698361545690e-02,6.681657344288323419e-02,8.464123181153937470e-02,-5.250625879146847419e-02,-4.476146540979703686e-02,-4.127161460284437672e-02,-1.762662400669008922e-01,-1.689748680975636796e-01,-3.191411508380306294e-01,-3.374066174356819547e-01,-3.732278447096412100e-01,-1.694390918622480646e-01,-2.138593571632449175e-01,-4.401378691578017310e-01,-4.096335790763654811e-02,-2.185223647927007351e-01,-1.906745360398658662e-01,4.455863626842374026e-03,-3.662884371122793192e-01,-2.849104089002766904e-01,-6.190667813783538170e-02,-3.901982406430878902e-01,-2.499024010401753593e-01,-6.213158490674089984e-01,2.566602923594281660e-01,-1.017831399697513156e-01,2.154154302730987569e-01,-1.438395048460579251e-01,3.300909949370158247e-01,-2.669649085780220407e-02,-1.226998879874149767e-01,-2.956222247516916424e-01,-3.173020672140990373e-01,-3.855913809834328188e-01,4.332608047396460105e-01,2.816688455104935374e-01,4.362409537241555002e-01,3.858474474180837444e-01,1.090160153850565083e-01,2.329574198099809978e-01,4.997550270514236059e-01,4.484484111488271085e-01,2.790069799764146041e-01,2.998956701315204643e-01,3.309815700953207540e-01,-3.858976149580017889e-02,-1.022442881255444108e-01,-1.751289545888306820e-01,2.223806750610406169e-01,-1.717473925462873752e-01,-1.889490020928085157e-01,-1.171568954826818915e-01,-2.980650836839671691e-01,-2.877263062391374193e-01,-2.675692940047862383e-03,-9.918638399445121878e-02,-6.374428761674343080e-03,-6.249607923673018706e-02,4.951345523028991696e-02,1.795223724581892361e-02,1.373630117162085995e-01,1.297534683391523003e-01,-2.421613930692526617e-01,-6.280801300731112674e-03,-2.569513712797070748e-01,-2.320385745633285479e-01,-4.513734049420523586e-01,-4.252160548099641613e-01,-3.243618946711817053e-01,-2.495890484392422892e-01,-1.980300268610483139e-01,-1.834762677435048117e-01,-1.666864393310487497e-02,2.644493424956737004e-01,1.232643821722691768e-01,4.955231998433901053e-02,6.657977863763725468e-02,3.636951993116732118e-01,-9.297399802519827616e-02,-4.007244468330566911e-01
-1.022593429126691239e-01,3.035084970066720400e-01,-2.109048523212182225e-01,-2.068494995135933823e-01,4.279785599130808693e-02,-1.656830399462114189e-01,-5.199681356000480231e-02,3.135176063127659840e-01,-2.917455754921974634e-02,-2.188892777247975624e-02,1.367762707012979417e-01,0.000000000000000000e+00,2.978986131390806702e-01,7.465922230906587576e-01,1.443812152298540319e-01,1.850828660432053130e-01,-2.786772775558246304e-02,4.470091805488084491e-01,2.821345798356038048e-01,3.862516400662378557e-01,-1.720246318819428355e-01,1.657444033427172281e-01,1.237601179487936992e-01,2.384172489200348521e-01,6.758521169747525037e-03,4.159730003709451868e-02,-6.110547483650152073e-03,-2.423311990303683994e-01,1.206180902804286081e-01,2.772211452817719968e-01,7.389676769237675524e-02,2.246646245654415619e-01,5.469603964525408812e-02,2.764749780381915434e-01,3.485394509832465126e-02,4.183223441410786198e-02,-3.455692760314896805e-01,8.610660782002203806e-02,2.543609085825888072e-01,-1.223537477949194902e-01,6.335878492557518726e-02,1.866296186455555783e-01,-2.500044033299278490e-01,-1.010748916715856205e-01,-2.885081478849217951e-01,-2.071663288929049551e-01,-2.211443724357144980e-01,-1.681219173213452101e-01,-4.012081422764776639e-01,-9.383403645776471069e-02,-4.099322378021866831e-01,1.769233516490145708e-02,-3.048818268606803272e-01,-2.012809489255437956e-01,-1.115244365416662442e-01,2.161899125531208110e-01,-1.866828832896891277e-01,1.939760571105030307e-01,-2.168752418743159771e-01,5.980884035192182702e-02,-1.192733940211426480e-01,1.345239168641898519e-01,-7.558693265374860637e-02,3.919340566059391628e-01,-1.010881328025488163e-01,6.902718201882328264e-02,-2.164980911599258540e-01,-1.660651702862410706e-01,1.372937611705371819e-01,1.080505036247025458e-01,1.149742902261446653e-01,1.657262913064217191e-01,1.345187337597409105e-01,1.727975675283974499e-01,6.641301551599153308e-02,7.601368971896552140e-02,4.622093437061088744e-02,2.153177918056875528e-01,-2.861780208761638966e-01,-7.147647181392214645e-03,-1.849023432923992682e-01,3.071295651774124669e-01,1.384600943889529104e-02,6.120422664351352765e-02,-4.195900104709213152e-01,-4.794279869548492140e-02,-1.123279844831052109e-02,1.738624558385834240e-01,-7.701368350644201277e-02,9.487042427268972677e-02,1.385540499373698331e-01,-1.175345636824680490e-01,3.127926001846464271e-02,-1.324780733271044564e-01,-2.263944037259543740e-01,-1.073825533981827840e-01,-2.271122235362122710e-01,-3.376240094714774709e-02,-2.366850551114508400e-02,3.384028049846903308e-01,-5.922048435420712575e-02,1.051104347937699690e-01,8.397003565161353803e-04,2.374930044906454762e-01,6.855598005993666921e-02,1.033740846619605469e-01,-9.003799168960532895e-02,2.598242904255107510e-01,7.485573982648639768e-02,-1.833656772056280193e-01,-4.151019037541726214e-02,2.553536541003901816e-01,1.872885824683364897e-01,-1.223649750420501003e-01,6.514345237686339218e-02,-8.996168216234774750e-02
7.777524254909261303e-02,-4.358891623243938418e-01,4.285630384413977589e-01,4.966437995287930479e-02,-3.104369493372467065e-02,-2.146521095222129472e-01,6.116310362795033262e-01,1.435977198553757272e-01,3.541937040316720520e-01,5.088463909882202235e-02,7.335650450714107373e-01,2.978986131390806702e-01,0.000000000000000000e+00,5.027340851125066123e-01,5.069587266249266921e-01,2.963878634331355497e-02,4.734471389942101344e-02,2.283175326827719884e-02,2.887683290491539767e-02,-9.793043726745015443e-02,-9.477664734707763605e-02,3.422330259083081888e-02,3.211119813739323758e-01,2.244608727841376494e-01,-1.448238359514029266e-02,-8.041755697651374601e-02,-1.587040133928879215e-01,-3.807484808676288579e-01,4.333412481856495635e-01,6.889939450671954402e-02,3.423197859743576377e-02,2.129199875537138575e-01,9.513830521152429054e-02,7.271498563137981930e-03,2.387483261010429070e-01,1.669471530297382822e-01,-2.012143348930433007e-01,-1.258120825625627104e-01,7.519416956903533789e-02,-3.312488902378074029e-01,-1.874601635380770959e-01,-2.606447172092148934e-01,-1.553436143663717295e-01,-3.305652127383271188e-01,-4.378515808761649919e-01,-4.247258994408559252e-01,-3.142434264633989782e-01,-2.011929799004089081e-01,-2.372494115447116303e-01,-2.708338439094815642e-01,-1.262539254259973688e-02,-8.509922597871673322e-02,-9.805480748973818828e-02,7.035140033591739950e-02,-1.092830395963409196e-01,-1.328954767299596884e-01,-3.065147161941463860e-01,-4.705020230015503624e-01,-1.210730738124617401e-01,-4.051190813271460245e-01,5.166977204691304282e-01,1.031844140087593564e-01,2.270138224046714670e-01,-9.388478812082430569e-02,4.698786296920322014e-01,7.868911619464465101e-02,-7.930205991184149927e-02,-1.656258468947982010e-01,-5.072476990602186042e-01,-4.555259676268760272e-01,3.227239839004383826e-01,2.033177254659307154e-01,2.073569834149726898e-01,1.675543023682304900e-01,5.451220313467802087e-02,7.813118830140673710e-02,2.324189308893295225e-01,2.502791995523442337e-01,1.068955731030288153e-01,-7.806161601190708677e-02,1.259966242578956785e-01,-2.321675763784850355e-01,-2.372340295681988620e-01,-3.282899063487113578e-01,1.899501090716834151e-01,-2.470452643435875340e-01,-3.364722668573880693e-01,-1.734431862747835840e-01,-2.910384522293470166e-02,-2.136768661803274683e-01,2.906822742475295152e-01,1.069117689193405663e-01,3.308470063067436295e-01,1.799197957895428690e-01,-1.785052332246769569e-01,-5.679596509917162611e-02,6.963517008808266240e-02,1.088709870108540284e-01,-2.618068508338408651e-02,2.190060597889280092e-01,-1.864110770270568096e-01,-2.247473303800807676e-01,-2.839706035899454140e-01,-3.967751902552101861e-01,-3.560849278294496156e-01,-4.247778026277453378e-01,-1.604057484164616021e-01,-2.269109797491464242e-01,9.675258011519340118e-03,7.599621615116887441e-02,1.556841604963778158e-01,1.987636700475481355e-01,1.574225427031455959e-01,2.603414071868428992e-01,-5.858326484815055968e-02,-4.766703253614758551e-01
