0.000000000000000000e+00,4.588574568287154265e-01,-1.019239884081001440e-01,-2.691777771190426161e-01,-3.554341613751919871e-02,-3.023507194014539157e-01,1.756496469032609378e-02,-2.727228142385711984e-01,-1.288009513008185059e-01,-2.277876274912251642e-01,6.721156894440989404e-01,4.304024274074217948e-01,4.431489837643964869e-01,2.514035826009716756e-01,3.855699160473365084e-02,2.945822266030740932e-01,2.760666081281005768e-01,4.253827401375596118e-01,5.716579385946300995e-01,4.951215723664771362e-01,-2.202285048567010350e-01,-1.699469103347416854e-01,1.267648050637077140e-01,-1.417711488071156552e-02,-1.560548323528354875e-01,-2.567580048488854461e-01,-2.752204565849523665e-01,-2.684305373512173576e-01,4.625108981015760290e-01,1.677521590394882856e-01,5.417205897730406616e-02,2.240354033242275208e-02,-1.848794048627794562e-01,-4.448870624513631689e-02,-2.828652160902450641e-01,-3.978950487341867959e-01,-6.359352239130405815e-02,-1.231883702987390944e-01,-7.092526961167298569e-03,-1.051317123863331066e-01,8.387797730133856808e-03,7.335787511617569701e-02,8.952371175838866324e-02,1.634731154729955893e-01,-1.412673683224905108e-01,1.856488321446402856e-01,2.854329522812286690e-01,1.371711016251712378e-01,5.679185154945345926e-02,2.741035327134501431e-02,-3.200524408908810847e-01,-2.077998312900200817e-01,-2.293099470945134666e-01,-2.274939868722513359e-01,1.855566966760482245e-02,-1.004082656176611688e-01,4.702348677570888369e-01,3.959789741030403931e-01,2.849223666563445168e-01,1.371305470834172646e-01,2.443075527526141627e-02,-9.114361194825816581e-02,5.438277448937051117e-01,3.086814773224718089e-01,-1.830873164882485526e-01,-3.881286122839610053e-01,-5.044743082272411527e-01,-5.027286330060786179e-01,4.797935595560443023e-01,3.607535928189021801e-01,5.274884390708915044e-02,1.843668214670037830e-01,3.798527436974682425e-01,1.935965150909544907e-01,1.149089477922682345e-01,2.905381546132235204e-01,2.029618786308665657e-01,2.342998933859304633e-01,2.342235804910706709e-01,1.461303888303104592e-01,5.292325266421102348e-02,1.311447513042877100e-01,6.402447867974691599e-03,-3.173476975737533207e-02,1.368514091865967730e-01,-7.475717986994274977e-02,8.513217799390038198e-02,-2.569797710304237703e-02,1.153593648667381594e-01,-1.659470210301045856e-01,-4.609310020987405498e-01,-2.398712502883285358e-01,-3.019992494294224117e-01,-1.660032925713525453e-01,2.445763906752606090e-02,-2.574721690193298995e-01,1.671100778826155320e-01,-7.767069964769574009e-02,2.691927477234870025e-01,2.811930919690586728e-01,-7.695489394684223994e-02,-2.894252931492037259e-02,2.281994316345044641e-02,2.063764999281057499e-01,-1.311781542733087558e-01,7.376323412631433096e-02,-2.202023405096577291e-01,9.298289151389781126e-02,-5.551049835437624203e-02,-2.383450607332085469e-02,1.990617195579364451e-01,2.188871129872951016e-01,-1.270889772989951816e-01,1.303842933628785172e-01,-1.063480804906564298e-01,1.060510567449989144e-01
4.588574568287154265e-01,0.000000000000000000e+00,-6.823882799035627111e-02,7.250218766125325620e-02,-8.697229613714016483e-02,6.879193484210877584e-03,-1.619164181353333898e-01,-4.193562882408494175e-02,7.238830359272556414e-02,-2.121082552144539501e-01,1.098761008004333212e-01,1.581532118452135538e-01,-9.622862214725781682e-02,-1.667731373446158238e-01,-1.556489890502632534e-01,1.208489471368852791e-01,3.984558822736649630e-01,2.783230698598249675e-01,5.284211030683717836e-02,1.683637516411652102e-01,-5.117051660859568696e-02,-2.174864897136810638e-01,7.588284472292820826e-02,7.499151013471815064e-02,1.303218507225448707e-02,-8.843742659706065046e-02,-7.329756482050052424e-02,-1.080801343472865272e-01,2.708817678481391100e-01,1.095392922312579814e-01,-3.491276394340069034e-02,-5.881548495619904823e-03,-1.432729125357977973e-01,-1.178585185571889432e-01,-2.344325682153151069e-01,-1.434869792937747135e-01,-4.085112911437864536e-02,-7.461221585526719643e-03,2.972385081009701335e-01,2.096741520617342314e-01,1.297484265519236735e-01,9.917741321911198449e-02,-2.121241329879096638e-01,-1.206076039680110124e-01,-1.448292711889970497e-01,1.719241100511228471e-01,1.530531872035205132e-01,1.441074290241599609e-01,1.587736587437144631e-01,4.947697129867505150e-02,-1.488255364639848310e-01,-5.237714442668469500e-02,1.127068666360721422e-01,4.756376562506011048e-03,2.425686366041895914e-01,8.337377619564897979e-02,7.276874663263533938e-01,6.724595306504931314e-01,-1.085378958886852319e-01,1.041266669961726961e-02,-4.485226782279206487e-02,-1.032426088406970810e-01,2.622881482664354280e-01,2.112885130434956349e-01,-1.565747839140894382e-01,-2.194096628148467509e-01,-4.216646909453041214e-01,-4.417538304472987121e-01,5.339331429476684709e-01,2.983850805719341914e-01,-1.136819351432463154e-01,-3.255307250645942396e-01,6.480679852128601315e-02,-4.871299024979202502e-02,1.754589600725703080e-01,1.139808736057611044e-01,1.084331616492748424e-01,4.687773657131153598e-02,1.764889996941906847e-01,1.274815726832252416e-01,-2.193081144660763426e-01,1.327224506786496006e-01,-1.888644279682539229e-01,-9.946315288953617995e-02,-1.667682276537585662e-01,-1.743988430346319063e-01,1.562581593199161567e-01,-3.043445605664833395e-02,4.496024790479127842e-01,-3.561642725074792154e-02,-1.871181782836021934e-01,-5.945806375120450682e-02,-1.558570682932532425e-01,1.102594416263205229e-01,-2.200554729133676335e-01,-3.608857626832976395e-01,-1.918051685893767677e-01,-2.005841497444715571e-01,2.859448874146244268e-01,3.404603179830737944e-03,-2.742910789901260166e-03,1.170394106198400647e-01,2.035561237906889642e-02,-7.341560938635893763e-02,-1.104152891546232307e-01,1.021291956145379126e-01,2.388607916859324110e-02,7.325752399064670850e-02,-1.039619682759447827e-01,-2.684520981240877124e-01,2.678893952717435398e-02,1.648721928939173714e-02,-7.111646852940396724e-02,-7.274370615223792191e-02,-2.103650403749299791e-01,-1.483646566232212638e-01
-1.019239884081001440e-01,-6.823882799035627111e-02,0.000000000000000000e+00,1.929403067361511181e-01,4.442532445612994985e-01,4.426299231659410749e-01,6.799356176479018909e-01,-1.721091433527178194e-01,3.012995687859977845e-01,-3.005770632189699518e-02,3.472746847264508024e-02,-3.562577359853979497e-01,6.154145705929945503e-02,-3.670811309292252300e-01,3.713306797803678228e-01,-2.429966015626147322e-02,-1.355658290231795231e-02,-1.954333186355752261e-01,1.604771269454428884e-01,7.034959557316844934e-03,-9.715931346656618561e-02,-1.801668364036158598e-01,5.279108819683133724e-01,6.201347052501336998e-01,5.545129067231632236e-01,4.868202746571941297e-01,4.584756675324755948e-01,2.847402710064169673e-01,-2.795689468204088923e-01,-6.249863594722756543e-01,8.930131715241286516e-02,5.129413498899414864e-02,8.869708352089653025e-02,-6.613994994568894725e-02,6.546449913485793415e-01,4.927267657715866944e-01,-1.564501009740582593e-01,-5.570819828028302639e-02,-7.426797997034915999e-02,-5.583458495557201001e-02,-3.700787243930139248e-01,-7.994509917996511783e-02,-2.246419174337800917e-01,-2.601712212622387388e-01,-2.666713508012566458e-01,-5.247412696785636044e-01,-1.351018698564898091e-01,-2.747673635168579320e-01,-4.958589578288137290e-01,-3.739054252522474031e-01,-3.185275265876190698e-01,-3.895616213566559516e-01,-1.465606949130515146e-01,-1.572314468409056476e-01,4.470673017498851681e-02,1.016720215034038338e-01,-1.144406891426439643e-01,-1.451123954362120716e-01,8.230204998204469031e-04,-1.637878330143802963e-01,1.992460785119388456e-01,-3.032970388412222218e-01,-3.770621079133386622e-01,-6.210475318279182755e-01,7.888487652955797902e-01,4.373174282650950095e-01,5.117937317136026509e-01,1.592932514909796149e-01,-1.116713982991221765e-01,-1.792731104142187004e-01,2.100171120249014756e-01,2.476011772457004934e-01,1.935811741309203249e-01,1.037688930683282884e-01,2.026531830229509612e-01,2.311831117479103415e-01,5.104967408981620630e-02,-6.812195925552337605e-02,9.316970386300874041e-02,8.984000326844529538e-02,-2.464993726762079174e-01,-2.654665601562598565e-01,-2.235632501431160934e-01,-1.355797018769062667e-01,1.001900759534198604e-01,-3.338443050859759009e-01,2.730981855456383056e-01,4.169194902668340030e-01,2.298630069673546772e-01,-5.130861400298963870e-02,-1.584128594218980335e-01,7.281935143475121164e-02,-1.298225271079694043e-01,1.193802712722294712e-01,3.297426105947044977e-03,1.374072936744962781e-01,-3.310626234233564613e-01,-7.889597878709882217e-02,-2.236529683560707915e-01,5.092479240287189901e-02,1.100260228136589608e-01,9.603409827655104425e-02,3.077598147334956735e-01,1.824970735527314813e-01,3.313715524005824697e-01,4.981596058648775083e-01,9.436042975571808100e-02,3.258753542080142229e-01,2.062566051669285638e-01,-2.182327460421182308e-01,-4.203295447718585764e-01,-3.046045258387040100e-01,-1.362729182489550162e-01,-1.194470949869670534e-01,1.151461745677081483e-01,4.145667859994547205e-02
-2.691777771190426161e-01,7.250218766125325620e-02,1.929403067361511181e-01,0.000000000000000000e+00,-4.421318241190101000e-02,1.806836626994581529e-01,1.538540429439197721e-01,5.470286836113245066e-01,3.533302315082059719e-02,2.265279494250681536e-01,-2.847159752235762231e-01,-2.200721049983720909e-02,-2.903074496073101418e-01,6.030893227758787369e-03,-7.053342431926822031e-02,1.666657576976799393e-01,1.407229344876082255e-01,-1.958172945541343246e-01,-1.097365975347980305e-01,1.677919353127860225e-01,-1.216849160411056369e-01,-3.507846245032772425e-01,8.105891762373235165e-02,3.934992189188461498e-01,-5.205957292587335555e-02,1.229597946104497852e-01,-5.334014545220245457e-02,-9.810032142396736543e-03,-2.237787583241903910e-01,-1.066186367049217903e-01,-3.058325137495278567e-01,-1.271592437933718490e-02,4.126458540276976839e-02,3.926794044980859433e-02,2.537180903403146379e-02,1.359222878847641813e-01,-2.958593229812669922e-01,-2.026067416899144658e-01,-3.043011676430856446e-02,1.108243051321632922e-01,-2.133162682703752810e-01,-8.531635888432441417e-02,-1.108509477492103656e-01,-6.036363625890883017e-02,-2.409590927306692609e-01,-1.674453897393748114e-01,1.077403808952585168e-01,3.657058061043481217e-02,7.025885008279045274e-02,1.006044181773693529e-02,1.174121265160893435e-01,1.614197649633366816e-01,1.125044166710440219e-01,1.004065996095954705e-01,-3.921600924409530953e-02,1.718322284748507456e-01,-4.176302776102756159e-02,-2.844343286275712382e-02,-3.918924949018714465e-01,-3.563450237829685063e-02,-2.661711428646057476e-01,1.335202579239898879e-01,-2.079540092595490164e-01,7.227114870851640560e-02,1.796056324964738771e-01,5.044832703141057806e-01,3.615488272676776332e-02,3.146093165242159345e-02,9.439436289834568505e-02,4.324342062157336686e-02,-6.335833803591588154e-02,-1.217939664105823078e-01,-2.021694609023823308e-01,-1.368352802356758158e-01,-5.129645330573225775e-02,-1.805196498329476179e-02,-1.922119181999768223e-01,-2.780234567257641176e-01,-1.932713477034890201e-02,1.275854293053849675e-01,1.561144819793576152e-02,-3.899741219281530752e-02,-1.517040400183493620e-01,-1.793855744211890757e-01,-6.057532840878251251e-02,1.998963081377475859e-01,-1.454494888840882905e-01,8.590784235476059405e-02,-1.644181727971245621e-01,1.234385681911779609e-01,1.061356759076669681e-01,-2.821229647162259643e-02,8.011156911264286085e-02,-5.822813842945249313e-02,-7.621224799099974787e-03,-6.658873996392745964e-02,-1.731416182820540439e-01,-4.207296680417876161e-02,-4.257746998656351117e-02,2.567201576917728031e-02,-2.101571429675445080e-01,9.015999815805540718e-02,1.540720827718866127e-02,-7.912540403319370808e-02,9.460672169007573740e-02,1.863570810396051602e-01,-8.518286773202070339e-02,1.696014316766922270e-01,2.704768826162490605e-02,-1.419091689067128736e-01,-3.231186216970996505e-02,5.894991359054591734e-02,9.099971976048554234e-02,8.733096358891920263e-02,3.037220481657408322e-01,-2.439794283082503956e-01
-3.554341613751919871e-02,-8.697229613714016483e-02,4.442532445612994985e-01,-4.421318241190101000e-02,0.000000000000000000e+00,6.481176572012951054e-01,5.222684956777712273e-01,-1.191422332049976440e-01,4.822150383537642249e-01,3.064351427300434638e-01,-7.563909872025054160e-02,-3.010885231399833550e-01,1.265816379115383972e-01,-2.749159778138612897e-01,4.882464105814816602e-01,1.093856089776833185e-01,-2.656249178015153145e-01,-2.962848025443654554e-01,1.212909691180518307e-01,-6.458335911020625375e-02,-2.155977534136465645e-01,-2.166150670960340363e-01,5.776080309997693174e-01,4.632234478573123426e-01,6.209806352103108829e-01,4.666540394545306003e-01,6.798597706731330792e-01,4.112336284418988686e-01,-3.406871142623622561e-01,-2.288718903390250248e-01,2.031076425335856528e-01,1.892308223806108691e-01,1.626811815935281513e-01,-8.876311411253691441e-02,4.933129082441665703e-01,2.960490912379373230e-01,-3.791736454693518058e-04,7.868969733600925109e-02,-6.129907507391794963e-02,-9.181445881709082713e-02,-2.370805812520351830e-01,-1.062492793772775029e-01,-3.335573402886791161e-01,-3.555046749382174687e-01,-1.111636805224866104e-01,-3.060078086053094615e-01,3.123305255624428400e-02,-2.989995863594115955e-01,-2.628973055161594186e-01,-2.657625881875524954e-01,-4.045788523198133868e-01,-4.663806470594026310e-01,-1.773540281194766199e-01,-4.137385158178217837e-01,-2.090796034810420423e-01,-2.264643196277926485e-01,-2.381532133446302990e-01,-2.404706578253794635e-01,3.068535404729877056e-02,-9.141648331512458592e-02,1.809040153790883731e-01,-2.086923038659283247e-01,-3.716920243820536207e-01,-4.726498937253283406e-01,4.727073344738338401e-01,1.669728237094956214e-01,3.537309672112011194e-01,6.687053186420084672e-02,1.332885615447481908e-01,2.596698351598670726e-02,1.492778152032362693e-01,2.138253809977444242e-01,1.728710553436843197e-02,3.497568073857713206e-02,2.838081656710632061e-01,1.059962857415540638e-01,-1.182198304004524470e-01,-1.615769019300546949e-01,-1.687397410941804121e-01,-8.182182049009380231e-02,-3.149056876128730753e-01,-2.098585003756815170e-01,1.566422378706737173e-01,2.574573957087339382e-02,1.102075714122162375e-01,-4.032601867809235130e-01,2.484915614998918221e-01,3.235272149125923424e-01,1.510221128969537474e-01,-1.663329495307108163e-01,-9.062027065080074939e-02,-2.281938761601452759e-01,-2.673608827466850829e-02,-1.578687065080676688e-01,4.953151157404368093e-02,-7.219813635679452057e-02,-2.959062763416423492e-01,4.494390332333162569e-02,-4.769321321783097367e-02,1.436175457404543498e-01,2.543921225534111485e-01,-3.597144466167755128e-02,3.826638485045630311e-01,2.205780764511392211e-01,4.852373388018496048e-01,4.072198484332217872e-01,1.460782749119529100e-01,2.664884966805780575e-01,3.296720474877235518e-01,-5.485205614198584295e-02,-3.045803592808092874e-01,-2.234769099298761497e-01,-1.962085725624347632e-01,9.131349641032633635e-02,1.093033757848883986e-01,8.269475665715388113e-02
-3.023507194014539157e-01,6.879193484210877584e-03,4.426299231659410749e-01,1.806836626994581529e-01,6.481176572012951054e-01,0.000000000000000000e+00,3.832014388373305991e-01,5.206153102836253571e-02,5.381791850374108011e-01,5.821381524777869965e-01,-2.449013189401904600e-01,-3.233028178746701897e-01,-1.544049095861645127e-01,-1.524478557371474197e-01,3.332481496300419010e-01,8.404997553644003028e-02,-2.029802589059239437e-01,-4.686059491626997087e-01,-3.721607451565769886e-02,-1.096035324495374108e-01,1.403749542840291298e-01,5.326825773864773961e-02,5.376704814798238807e-01,4.806476700397610546e-01,5.903491573770033307e-01,4.062351715372562455e-01,7.203431307627945479e-01,6.356655257130777725e-01,-4.056750607664645902e-01,-4.398951005880907816e-01,2.490516501468586774e-01,7.388453127112021290e-02,1.921883497716884714e-01,1.434210384236813199e-02,4.782812591085870424e-01,4.354042694327648344e-01,-1.573506007723936562e-01,-1.037487326088977618e-01,4.553198021401102732e-03,5.358143809313885286e-02,-1.967702840014987908e-01,-1.953659547519090434e-01,-4.157238273934580342e-01,-3.648980275156695208e-01,-1.719988756404510488e-01,-3.322594839315958226e-01,-1.130983366051696165e-01,-3.063651504842987428e-01,-2.663906823321983697e-01,-2.515175203645236279e-01,-3.106868805540923262e-01,-3.351455629937947212e-01,-6.907730340361099841e-02,-2.638763215736252277e-01,9.241761786623267638e-02,1.021928930608904801e-01,-2.666222508139289848e-01,-1.645898058696722843e-01,-1.526062396069612359e-01,-1.541014899799768856e-01,2.548239194214400524e-02,-4.467998662742932170e-02,-4.557620027988652511e-01,-4.451267313194810504e-01,3.369441124873352456e-01,3.136397139226613229e-01,2.863302754865745814e-01,1.534043008550747128e-02,-7.225314495764720291e-02,-3.720723594003640805e-02,3.184995769310903779e-01,1.390373785183767474e-01,1.620544315135291069e-01,2.629070338459804645e-01,2.040570374512890861e-01,1.226160293407759921e-01,3.802964442205871570e-02,-5.139430703987345889e-02,-1.086508169894051246e-01,-1.173130024247488884e-01,-3.599163091933246794e-01,-1.810327800693228295e-01,-8.106842383738002700e-02,-6.684515364132340154e-02,-1.776217549818425168e-01,-3.283317285880537062e-01,2.645004068153067878e-01,3.038680260168206693e-01,2.191235223147773581e-01,2.998214448366036747e-02,1.023073644934550525e-01,-2.305554610839205543e-01,1.394506361895924973e-01,-1.324085034568091013e-01,-8.595828374770610181e-02,1.424967632476964730e-01,-4.776930864760055573e-01,-3.924574556395590136e-02,-1.993862862509056255e-01,-2.581565798484079521e-01,1.157460113312876182e-01,-1.276465106463617050e-01,2.297298325540525488e-01,6.642662239081856268e-02,4.428850375012326479e-01,4.383367750216950465e-01,2.496144636372000236e-01,2.522802280884886561e-01,2.510242776129099074e-01,-4.181821374491901944e-01,-5.045100773633743874e-01,-4.895167659054427411e-01,-2.736448908325868068e-01,-2.804336786489393732e-02,1.249641199046802459e-01,-1.481435957575384377e-01
1.756496469032609378e-02,-1.619164181353333898e-01,6.799356176479018909e-01,1.538540429439197721e-01,5.222684956777712273e-01,3.832014388373305991e-01,0.000000000000000000e+00,1.558485595215269026e-01,4.196967022784202639e-01,2.857334493810904583e-02,5.525665275118674807e-02,-1.332501261801237180e-01,2.476292621864842614e-01,-1.177079303294159690e-01,5.798630350210021156e-01,1.610556531644768141e-01,-1.260080202990140896e-01,-2.784661650980299608e-01,2.732892958527795568e-01,2.299678191400259530e-01,-2.511690058826664962e-01,-3.618635157284741943e-01,5.063349823556363427e-01,3.966923177120784683e-01,3.742682892393888738e-01,1.590286147455771404e-01,3.817040724662161266e-01,1.165590132948023661e-01,-8.886252855168755294e-02,-3.195778878103265885e-01,2.522611500529751017e-03,6.012194380284242162e-02,1.373946823340713164e-01,5.276175299854891703e-04,3.864718404038130495e-01,1.789609827133978315e-01,-2.743928065909284619e-01,-1.902174188804366950e-01,-2.846909395207816162e-01,-2.076811172415810314e-01,-5.001962189214408383e-01,-2.152912004663139756e-01,-2.194272145894332060e-01,-1.972072339345071479e-01,-3.308700737995438068e-01,-3.835603035070664912e-01,1.709842199410677166e-01,-1.608788520280078072e-01,-3.882632969068832152e-01,-2.740850096109693212e-01,-2.658975849812912351e-01,-3.415178791887077958e-01,-2.246048799166572574e-01,-2.935742141842586084e-01,-2.941983451466995692e-01,-2.640700804456110884e-01,-1.781985764408347828e-01,-1.675949668773590862e-01,1.047875377493536625e-02,-4.763313228337175825e-02,3.323222999149281209e-01,-6.590641864868453104e-02,-2.014449666420196905e-01,-3.329694492178959520e-01,6.069422441978283844e-01,2.708236897168810886e-01,3.333529589405502258e-01,1.557417319522498046e-02,-5.125193688798814103e-03,-1.326750998554186989e-01,1.890708860035227867e-01,2.609811857985170902e-01,1.297675608200109243e-01,-1.966903477344696116e-02,2.752883548949116022e-01,2.859684030854924286e-01,1.247322267635331966e-02,-1.634480990172294257e-01,-1.159928480129744366e-01,4.261481640269409316e-02,-2.763762768251923907e-01,-1.719507481707326646e-01,-5.642528468137149311e-02,-3.203655013697210285e-01,2.036728956321967599e-01,-4.048996571916899101e-01,1.383922038493307083e-01,1.015856627230909276e-01,1.074390342714787866e-01,-4.406800731014731687e-01,-1.160097999667948493e-01,-4.763946055681040487e-02,-5.544636202251872203e-02,1.833171880652605806e-02,-1.184435809331178856e-03,-8.439553752952998200e-02,-3.152032072292073051e-01,-7.673753207996325543e-02,-1.432857763393606820e-01,1.813563614527690659e-01,4.637486075464680030e-02,1.258638204082486445e-01,2.349476756061369132e-01,1.045012223613841357e-01,2.987563758638822065e-01,3.631210085497165729e-01,4.368984093525998813e-02,3.018625736961786377e-01,2.355651266811751299e-01,-9.140331359451059345e-02,-2.636387400962831307e-01,-9.797610026031573771e-02,2.836761346511332271e-02,4.587429760901869796e-02,2.828297324858731754e-01,6.832326201034467916e-02
-2.727228142385711984e-01,-4.193562882408494175e-02,-1.721091433527178194e-01,5.470286836113245066e-01,-1.191422332049976440e-01,5.206153102836253571e-02,1.558485595215269026e-01,0.000000000000000000e+00,2.714668753317944078e-02,1.738738528825685692e-01,-2.147559451012623077e-01,2.181598405226031490e-01,-1.137077908579007257e-01,3.123083126254746489e-01,-1.124720170909544736e-01,1.327611524531773120e-02,1.279360690208529439e-02,-3.006662550547842261e-01,-1.904148724324566944e-01,1.539215215239173318e-01,3.769861207459364316e-02,-1.726984381332083984e-01,-2.251482025028342382e-01,-1.064916444836902787e-01,-2.816625720694981849e-01,-2.379140778213224838e-01,-2.176548191940592125e-01,-2.156802823025442128e-01,-5.378957407333926494e-02,3.668859186610044093e-02,-2.092404636244306060e-01,1.077552017186116512e-01,2.049798146516499109e-01,3.313200525330984303e-01,-5.172359332818191047e-03,7.326732863394914974e-02,-4.528496007257148959e-01,-4.237357219284839660e-01,-2.903017066673255209e-01,-2.857096543391250409e-01,-2.414343449885939796e-01,-3.224706256054444276e-01,-2.711663365866490844e-02,-7.529110358153136284e-02,-1.693238155760950214e-01,2.060714647228919713e-02,-5.531591699022938430e-02,-1.291790472979119642e-01,1.206554569535615434e-01,3.710533170696347222e-02,2.496802063162577578e-01,1.987786560227831345e-01,7.689494066051814902e-02,1.255031022315552525e-01,-1.728974800756851449e-01,-2.338530089624755171e-01,1.582270384441138503e-02,1.544657040335166778e-02,-2.157604377125577066e-01,1.280196781444048471e-01,1.433105599734122992e-01,6.934077287175466342e-01,-8.774086298336805298e-03,2.297313068876931097e-01,-1.835896326321495575e-01,3.264346919397138613e-01,1.126069594963238635e-01,2.839322867261410144e-01,6.913048855476514043e-02,-5.700781955831286246e-02,-2.170453863469112288e-01,-2.389328640707547025e-01,-3.511555925980908155e-01,-1.669410547402402356e-01,-3.363133653096523831e-03,1.148600567935658540e-01,-1.156686278268045098e-01,-2.049063301330734388e-01,-7.835355343746924772e-02,-7.319982925164081333e-02,1.286449608412754686e-01,5.353768871167777915e-02,-2.384880969539802942e-01,-3.173986432163241056e-01,-1.333396372564740751e-01,1.538147939674500012e-03,-5.518962537763340004e-01,-4.767581089942203310e-01,-2.651953976604802810e-01,-2.338571883241658544e-01,3.423340201218023071e-01,3.613002723610715672e-02,2.301410181526257481e-01,3.717161004016249909e-02,-2.385080257840422879e-01,-1.355895401412754164e-01,-1.825581655293172234e-01,-2.076504303366905058e-01,-8.823936890297713262e-03,-1.717512789150885677e-01,-1.342671950836795136e-01,8.038719295247187535e-02,-3.102697930943058569e-01,-3.651444368801564089e-01,-1.459386975771626016e-01,-4.987514689338856666e-02,-2.716653910258119420e-01,-1.863954269059192315e-01,-7.557821435826189704e-02,-1.831845125624357029e-01,-4.447353350895781599e-02,6.659598702241145956e-04,2.510261460788748566e-01,-1.477550088655326570e-03,1.867719681587050873e-01,-3.699963319026705055e-01
-1.288009513008185059e-01,7.238830359272556414e-02,3.012995687859977845e-01,3.533302315082059719e-02,4.822150383537642249e-01,5.381791850374108011e-01,4.196967022784202639e-01,2.714668753317944078e-02,0.000000000000000000e+00,4.350943053137518723e-01,-9.254652117235327713e-02,1.305564195202850615e-02,1.701792149301221413e-01,-3.558604992362707220e-02,3.117777661133157019e-01,-1.634883582937033120e-01,-3.031765539819089583e-01,-3.574919807780790881e-01,-1.851042525911051062e-01,-3.200096500851078440e-01,-3.178196875919407638e-02,-2.320821507268648956e-02,1.775634384805010180e-01,1.256173821822014480e-01,2.132925979462457766e-01,-4.966657764404564662e-02,5.206114099090703995e-01,4.181030543084082174e-01,-3.395449586657011687e-01,-3.114658662762595509e-01,-1.508245201321404549e-01,-2.980312467756411898e-01,-1.884038712184064879e-01,-3.129773577214153280e-01,1.822535097423482742e-01,1.625496478872154871e-01,-2.032719773808610575e-01,-1.865003582010876515e-01,-2.442291963922540443e-01,-2.392023573326023111e-01,-2.745435690806091733e-01,-2.644517325091329529e-01,-3.476169436386281619e-01,-4.061713205074813926e-01,-2.420513638433272885e-01,-2.707013444068719354e-01,-1.099806222962050467e-01,-2.126860274311483112e-01,-2.292314299265546529e-01,3.109223148253891650e-02,5.158264320151183940e-02,-5.673317093682584550e-02,1.955522155255095262e-01,-9.201600387477429366e-02,-3.894059170757319110e-02,-1.178622906641604157e-01,-2.052782746495605548e-01,-1.340848024598917942e-01,6.302497512003946145e-02,4.619081514654864440e-02,4.078106187169486807e-01,2.180649793503867256e-02,-3.147665014722269561e-01,-4.159732182912390663e-01,4.148895462353671681e-01,3.406036246942519274e-01,1.066589600320303893e-01,-3.845694820211598836e-02,1.699102676464974981e-01,-2.823582896506307907e-02,9.769222053976397979e-02,-2.670104239810688548e-02,9.156644049015318088e-02,7.131332573183202239e-02,3.196728522786304594e-01,2.011482668239256422e-01,-1.382759681751982717e-02,-7.750338496185538162e-02,4.443767622015146190e-02,-1.452499836427030011e-01,-4.981996846825038072e-01,-3.431257714088992161e-01,-1.596052928689957462e-01,-3.461506193908894802e-01,-1.196906009018095934e-01,-3.899814202494765736e-01,2.848604112629064475e-02,-1.632117308407154965e-01,3.214673876533600261e-01,-1.066774748437388926e-01,1.282422920302369040e-01,-1.702943428993572428e-01,2.837433027143130837e-01,-7.431938112716370871e-03,-1.549509970991541641e-01,-8.242445375007205477e-02,-2.494810072309793791e-01,-4.972126071132187269e-02,-7.449324670039429719e-02,-1.270031465495406187e-01,4.836137059989455145e-02,9.423860923014114321e-02,-3.412133190606697446e-03,-2.567726653894794042e-01,1.780262542364914879e-01,2.760595511139053437e-01,5.151518590455331226e-02,9.012272267143175974e-02,1.453457400874323957e-01,-2.200755302196136798e-01,-2.518917977692734511e-01,-2.332952507456573232e-01,-4.577255028942434772e-02,-2.369451811661901219e-01,1.253252345819322600e-01,-1.927373573122083406e-01
-2.277876274912251642e-01,-2.121082552144539501e-01,-3.005770632189699518e-02,2.265279494250681536e-01,3.064351427300434638e-01,5.821381524777869965e-01,2.857334493810904583e-02,1.738738528825685692e-01,4.350943053137518723e-01,0.000000000000000000e+00,-1.567678521261519353e-01,7.025906536534914926e-02,5.021615009274958685e-02,3.194389632414685876e-01,2.531815830392394884e-01,1.279702707830386588e-01,-3.043252243328552487e-01,-2.504485159075169887e-01,-1.335308766881684872e-01,-1.446206168343412146e-01,2.844156730600232441e-01,3.732682352075384902e-01,1.064141739770512740e-01,1.910648100223791279e-01,1.095927723238695854e-02,-4.164424581642290658e-03,4.354106914573824261e-01,4.501323522912040187e-01,-3.172712574162854238e-01,-9.616691431862278705e-02,-8.030763600633736288e-02,-1.328608759312216170e-01,-1.696107321962518344e-01,-1.426312225838905490e-01,1.582978465305231452e-01,1.267010072906580298e-01,-1.407626379997972965e-01,-1.634427215806596168e-01,-1.811371082279880640e-01,-6.824698170082814375e-02,-4.094552702658623561e-02,-1.032144568382457328e-01,-3.698991621529413298e-01,-3.218261453405808492e-01,-2.216940990143430323e-01,-3.020610298555474471e-01,-2.510618028845754135e-01,-2.285955200694673450e-01,-1.330146433398163852e-01,-8.597846117264446031e-02,-1.478665050146656390e-01,-9.287332696086017525e-02,-1.174059356172908464e-01,-1.917143859326702338e-01,-1.157354069121804968e-01,5.531898862421408269e-02,-5.081372575879063991e-01,-2.008372012698127762e-01,-8.553874364738339731e-02,2.275540965988169240e-01,-1.099489517365004609e-01,3.178684285372919693e-01,-2.581328567801384199e-01,-1.241014139244836917e-01,7.188870190225674084e-02,4.070228769569331218e-01,-4.140305269779504665e-02,-1.217950169795317976e-03,-2.742893123805781319e-02,1.637455817485065357e-01,2.005309646448242833e-01,1.050485562893453684e-01,1.097062687048492857e-01,3.519743742768564609e-01,-1.732453554872076182e-02,5.530542716230491679e-02,-8.054422835179955720e-02,2.344607347429480005e-03,-8.914954903908325901e-02,-1.173042583333845645e-01,-8.758064656006335491e-02,-1.072338246512015286e-01,6.209686484790834932e-02,4.058304782611675543e-02,-1.472111619150578421e-01,-8.841531342772193658e-02,6.192194902829636222e-02,9.586626668770266424e-02,-1.159763548360422530e-01,2.142885396180286006e-01,1.572482268639688041e-01,-3.274283367211330842e-01,2.761094970882130850e-01,-3.058380507084132449e-01,8.937489355205928757e-03,1.090887407094421613e-01,-1.091156530345253339e-01,2.695353260359585959e-02,-1.334219806378001971e-01,-1.736944756865388684e-01,-3.824723319463772808e-02,-2.365622886861729890e-01,6.801749882588327412e-02,9.155854360897076882e-02,1.452015584188501851e-01,2.412687259311378229e-01,1.262775605049402117e-01,2.820231737604703692e-01,1.987156015856139379e-01,-2.051166781819502294e-01,-2.054980868856797760e-01,-3.346007021680665328e-01,-2.508823788025975055e-01,-1.283729389362594370e-02,1.062643479636802279e-01,-2.002755565821881800e-01
6.721156894440989404e-01,1.098761008004333212e-01,3.472746847264508024e-02,-2.847159752235762231e-01,-7.563909872025054160e-02,-2.449013189401904600e-01,5.525665275118674807e-02,-2.147559451012623077e-01,-9.254652117235327713e-02,-1.567678521261519353e-01,0.000000000000000000e+00,4.494888825983066050e-01,5.807998519049614172e-01,2.694984788402633447e-01,6.789484706723689089e-02,-6.541379784087679450e-02,1.034074430522720182e-02,1.667254576018061540e-01,5.151545550826795994e-01,2.308522111429193169e-01,-7.920018060883668443e-02,-1.506511966577980290e-04,2.735350522195710218e-02,-1.460546143883109382e-01,-1.521554309905928382e-01,-2.419038078722985929e-01,-2.823441087228600876e-01,-3.070897175356095410e-01,2.775024860349593059e-01,-1.583180424369729777e-01,4.432796243771392614e-02,-4.210178190288223904e-02,-1.853218167086444490e-01,-3.107547657562455962e-02,-1.581687816162198612e-01,-2.439952817915582162e-01,-8.801423527687322890e-02,-1.568233451999974382e-01,-1.026238748301899067e-01,-2.468504588796583687e-01,-1.163656644176988969e-01,-6.855684634387249066e-02,3.217889275941056976e-02,3.151745942964469249e-02,-3.082997348745072919e-01,-1.677920389382852318e-01,-7.359768377381005824e-03,-6.342175411930402185e-02,-2.215842917454924621e-01,-7.037745130190727061e-02,-2.071968627851575595e-01,-2.265756649873700845e-01,-1.481429205629834767e-01,-8.348994995874849112e-02,1.786187796323109381e-02,-1.290597263666201644e-01,2.614120043522565884e-01,9.448023110747862108e-02,4.168661409224659886e-01,1.195327956860137708e-01,3.085328633011442667e-01,7.300867113859738078e-02,4.919374658191513205e-01,1.713884430783861879e-01,8.105675211020820295e-03,-1.322736037448470625e-01,-4.256167786614326598e-01,-3.829420961643778543e-01,7.921832506719972411e-02,1.177652911891440999e-03,2.462444670557945581e-01,3.405741075205893642e-01,4.704105183389102884e-01,2.218087734649430987e-01,1.274059292501994456e-01,3.130096851661099411e-01,2.701957412445846196e-01,4.586605768395969340e-01,1.023969320873224786e-01,-6.314620801923391535e-02,-1.852363505136098848e-02,-1.454324607253706381e-01,-1.168994660682722286e-01,-1.295964473294485830e-01,1.903783292156336349e-01,-1.555699888717393953e-01,4.021874827042192478e-03,-9.655140945254714335e-02,1.080369932483458001e-01,-1.294423806646582409e-01,-3.207801090320923643e-01,2.015843240705330469e-02,-2.304930591855204602e-01,1.285233469544131910e-02,-6.099138660216994745e-02,-1.270942896486592366e-01,2.385626855599851659e-01,-1.511268114238024374e-01,1.842855518327345121e-01,3.643585013883666734e-01,4.615127868283337015e-02,2.357685776176162706e-01,-4.543848012351814347e-02,1.575201378102557559e-01,-2.109674001583618785e-01,1.429156467914088346e-01,-3.088317966322367547e-01,-9.996998279418263522e-02,-1.570540895249491475e-01,-2.622231675061684197e-02,1.928602706711465553e-01,1.377941630110754712e-01,-3.572968143031101523e-02,8.123209119671453982e-02,-8.457952898156800847e-02,1.009016240912865708e-01
4.304024274074217948e-01,1.581532118452135538e-01,-3.562577359853979497e-01,-2.200721049983720909e-02,-3.010885231399833550e-01,-3.233028178746701897e-01,-1.332501261801237180e-01,2.181598405226031490e-01,1.305564195202850615e-02,7.025906536534914926e-02,4.494888825983066050e-01,0.000000000000000000e+00,5.417898501103779463e-01,7.677185040515688286e-01,1.078385845787141334e-01,1.557137694092066982e-01,2.223979469912829715e-02,3.730120606024451418e-02,1.593458367446811963e-01,1.857602089376989563e-01,-3.370758593358789273e-02,-7.071514001299601671e-02,-1.903110635635013870e-01,-2.102267906366914740e-01,-4.068904016263319434e-01,-4.330987840257121690e-01,-4.201739972301850590e-01,-3.446309673828451547e-01,3.028727194951144619e-01,1.939679297100061206e-01,-1.217954957578954722e-01,8.433930633031489280e-03,-2.363130051698098533e-01,-4.794072293636336690e-02,-4.590240982624488320e-01,-4.273698124169512669e-01,-2.115422599012135585e-01,-2.868309567839997243e-01,-1.861705855882228311e-01,-2.412657538262912849e-01,-2.422942585920511913e-02,-1.199897122000091049e-01,-1.407801380749881814e-01,-8.709565655351092506e-02,-4.290607943586339235e-01,-3.419348445013344756e-02,-5.493117080995642276e-02,-6.433457830850623782e-02,-8.125459225474813973e-02,-3.276147651429497237e-02,-6.910677217704878049e-03,8.332959664785090717e-03,-1.562624702749467187e-01,-1.428776027001451010e-01,-1.390293789819765646e-01,-1.977624333673150825e-01,1.552242275861700216e-01,7.553889090641649484e-02,2.146644037667063687e-01,2.313075982449452339e-01,1.373014980989657741e-01,3.359500869688605840e-01,4.798727465373631706e-01,4.743008527750963710e-01,-3.508230363838815147e-01,-8.777795498640890426e-02,-5.105555812570287122e-01,-1.707547838064990553e-01,2.282518657395642414e-01,1.082845667912319884e-02,1.830502382915239201e-01,1.957869505179569425e-01,1.714788320532621702e-01,2.294407860248619258e-01,9.004431064389167849e-02,1.599429348212006441e-01,1.937924703291114825e-01,3.521145562393941941e-01,1.576012890623285367e-01,-1.665431686797589350e-01,2.467609618700699892e-01,2.667921761239124834e-01,-2.086199223155471225e-02,-8.110539519086652771e-02,2.180861275117761955e-01,9.865489804754275227e-02,-1.911164613321787442e-01,-3.516590000091726620e-01,-3.463342202162026512e-02,-2.447104429994235164e-01,-1.458158658587754286e-01,-1.590005836410016415e-01,-3.777796887575578938e-02,-9.783830628351353198e-02,-1.425619162886167246e-01,-1.701882326616079022e-01,9.189330440699740310e-02,-3.913815431611726570e-02,2.455716127435478568e-01,1.561471272485952799e-01,-1.069637083946296807e-01,9.973102701150736438e-02,-2.821915677104815390e-01,-1.250184353170894491e-01,-3.119825298421882720e-01,-1.225628474972167287e-01,-1.914448075254459036e-01,-6.625593173649386991e-02,-4.370046663779932061e-02,7.123464151136829625e-02,2.898693248805901401e-01,1.231931853962629497e-01,1.765134517134838224e-02,-3.481290113687996596e-02,1.727329461505856256e-01,-9.039619164263280882e-02
4.431489837643964869e-01,-9.622862214725781682e-02,6.154145705929945503e-02,-2.903074496073101418e-01,1.265816379115383972e-01,-1.544049095861645127e-01,2.476292621864842614e-01,-1.137077908579007257e-01,1.701792149301221413e-01,5.021615009274958685e-02,5.807998519049614172e-01,5.417898501103779463e-01,0.000000000000000000e+00,4.939373587432903112e-01,4.926444115045934269e-01,7.012575036428561615e-02,-3.663873700643413001e-01,-8.314434882351912082e-02,5.102320873255228317e-01,2.584636472141516594e-01,-1.623676369534050867e-01,-5.609727672715272839e-02,1.495945776630543955e-01,6.385543766046340546e-03,-1.020431807527896334e-01,-2.076685468662076151e-01,-6.021221900036032026e-02,-1.898612935630509535e-01,3.430680526934919844e-02,-1.077943172806287569e-01,-1.728784365695298572e-02,1.153733589532993618e-02,-3.182361829574815726e-01,-2.276177578982959415e-01,-1.253648136051629391e-01,-2.942690595831746747e-01,-1.295267277502726855e-01,-1.525001604887271933e-01,-3.359730167730974326e-01,-3.084116401292190668e-01,-2.606185605779711145e-01,-1.279137520134113470e-01,-7.597621318844369198e-02,-6.341637298109342735e-02,-3.862357869532676569e-01,-2.243309542388999545e-01,5.731847882606867089e-02,-1.010638428531485805e-01,-2.760901940078741013e-01,-7.228238611938324343e-02,-1.215656147467899934e-01,-1.023007258050402241e-01,-2.435498215396615651e-01,-1.845686297412888754e-01,-2.289781509225682077e-01,-1.955626575512193766e-01,-1.310959587778841862e-01,-8.134177633049315126e-02,5.207778652827476096e-01,2.346758659680395764e-01,3.797395566672179812e-01,6.561233390089250828e-02,2.671380793381712970e-01,-5.500412356106865013e-03,1.089776036730273623e-01,-1.543089984880042786e-01,-2.367500393886038945e-01,-1.734457331547408498e-01,-2.976428707855623482e-02,-1.068039733829510146e-01,2.863835958073025489e-01,5.365284631750611988e-01,2.663942232230924745e-01,2.912737027529535561e-01,4.205706804944707167e-01,4.150062387391345031e-01,2.120862885745907200e-01,3.647104822194121021e-01,-1.695867069775205682e-01,-1.016926218142452099e-01,-7.357824684099313617e-02,-1.232771949733305894e-01,5.415117799663807241e-02,6.027242642114202104e-02,3.637912267399574517e-01,-1.090626150696935581e-01,3.902742487949276140e-02,-3.255610830705645258e-03,-7.728851509721997026e-02,-2.554417887809021237e-01,-2.546793611644968536e-01,-2.314817796105374248e-01,-1.177310817430244905e-01,-3.001662055292114162e-01,-1.051405091855297028e-02,-1.613454984963419436e-01,7.842211380402837242e-04,-4.419887751461484826e-02,-2.540245874966371234e-02,3.395248217282941239e-01,3.091935505826352154e-02,6.814725157890949223e-03,-8.793697939016882625e-02,2.501688241298815618e-01,-1.265164751189486181e-01,1.860333329992255869e-02,-1.870835740110830536e-01,2.080232918314584012e-02,4.174011537788597376e-02,1.132352248336923883e-01,-1.704726565441277292e-02,-1.796160352459658799e-02,-1.208496277944678121e-01,-2.844367248926720979e-02,1.938069007543389288e-01,1.271438892517140207e-01
