0.000000000000000000e+00,8.159576166643141004e-01,-4.516331675734432810e-02,-1.105517898174828706e-01,-1.436930009921163487e-01,-2.215468522969192833e-01,-3.219614010437187313e-01,-5.070286666179842916e-01,-4.393330751711098658e-01,-3.060730652768850479e-01,-6.336753801777743333e-02,-3.818225126444311779e-01,-2.593010914280911572e-01,-2.344432711348475029e-01,-3.326564826952735920e-01,-4.762284334029044386e-01,4.914975004097864031e-01,1.155259531070167850e-01,4.921267946898262857e-01,6.186976886340392889e-01,-2.543808872762819834e-02,3.205566471299194781e-02,-2.990933112880990730e-01,-3.983952014292691524e-01,-3.947932141565536623e-01,-1.412910514938644224e-01,3.408012962709547344e-01,2.264895856582521405e-01,-1.363323029795964272e-02,-7.069371223423208395e-02,1.586941575136598809e-02,-5.537481328148006338e-02,1.103879295536878968e-01,-2.897107064500643175e-02,-2.491002679272212861e-01,-4.306295722261716530e-01,1.731204852163683028e-01,4.817897103136663250e-02,2.697060324676038290e-01,2.075390473816528525e-01,4.577013263286015543e-01,3.428146998054287242e-01,-1.602592544288488630e-01,-4.875267673461253920e-02,2.815218756257273358e-01,5.214642532574554901e-01,-6.746459491991507740e-02,-1.253491088644614337e-01,5.209616590883944243e-01,5.325228537555446451e-01,3.375382322287003856e-01,2.334690399752142043e-01,1.782718709939205490e-02,-2.346222880076092032e-01,3.413774820289468548e-01,3.030850689545049326e-01,9.098910450915077552e-01,7.687312365055549712e-01,7.666274379934741035e-01,4.132938360001494615e-01,2.295010779453144356e-01,-2.434473979027226564e-01,-9.602407281165536990e-02,-4.891442406087941897e-01,-4.542457864006124724e-01,-4.531005479159703198e-01,5.786090620023421477e-02,1.597892410197837842e-01,8.330006478164289074e-01,7.870326366785637129e-01,-3.462445242323009542e-01,-2.806445824126129196e-01,-2.253220028814321707e-01,6.176707656494569154e-02,-2.919464600276902577e-01,6.890078069671980165e-02,-5.665415220925417161e-01,-6.040525276304651303e-01,2.938082938671988109e-01,-1.007287634343673466e-01,4.056844233164590974e-01,-5.074680879740371686e-02,1.098342294247311446e-01,-6.792485045275284405e-02,-4.611973895420682507e-02,-4.187223426821528038e-01,2.215902411309316478e-01,5.910657871302705396e-02,2.481325354772957181e-01,-1.662927876377410033e-02,-5.078113270591302353e-01,-4.833070426715088130e-01,-4.545781412213533712e-01,-3.434610070874911103e-01,2.025028372283293465e-01,1.159623430249622639e-01,-1.921474293180618423e-02,3.483210916812692348e-01,-4.401477384857442887e-01,-2.579851800572058873e-01,2.449061721669310021e-02,-3.978193522298251877e-02,1.595624679682259017e-01,2.888687182729206271e-02,-1.142553721093544777e-01,2.039913498227257857e-02,1.091215232797858176e-01,2.408791907108331631e-01,1.614307581670175185e-01,2.593418446482683715e-01,-2.225241898834940946e-01,-9.210065125605680636e-02,-1.180510657880491088e-01,2.130004808363349100e-02,-2.294777899196802362e-01,-1.255915566444083531e-01
8.159576166643141004e-01,0.000000000000000000e+00,-7.131503588119622594e-02,-6.809610566583881863e-02,-6.492988450991886429e-02,-2.435003676914853366e-01,-4.552736510391938718e-01,-3.065209916040070870e-01,-3.796995501443459209e-01,-2.113361235532623672e-01,-1.852540783217217490e-01,-2.029963393107719061e-01,-4.480382128435296818e-01,-6.451529385159295027e-02,-4.176162829655925557e-01,-4.589507051385546821e-01,3.652838934955425221e-01,2.608797340992742297e-01,1.723875645083215169e-01,5.843488747804823635e-01,-8.732231138203240539e-02,1.396678572493658017e-02,-3.711250163100913158e-01,-4.056044879352528332e-01,-4.368524123344401655e-01,-2.876601926136718168e-01,2.123103123365266409e-01,1.643555495098873720e-01,-1.312759332577587423e-01,3.426432545175349398e-02,-1.290774014984345519e-01,-1.242995013173282121e-01,-4.153405721339099334e-03,-7.040083301065223897e-02,-3.097335364112915879e-01,-3.688304288182744362e-01,2.227253515159760833e-01,6.887205723984543559e-02,1.374514896376337336e-01,2.652800703722327791e-01,3.777167279494513807e-01,4.085319574023170142e-01,-3.148343125941152065e-01,-1.881748927062402155e-01,1.334449986504604169e-01,4.270378789284238197e-01,-1.938008014971056431e-02,-2.648295267414380039e-01,5.342898941131082324e-01,5.470424921982169897e-01,4.700043938858559645e-01,3.169407958298013361e-01,8.209416066427897840e-02,-3.030946573568099045e-01,3.833499804106313413e-01,1.321253198613086821e-01,8.098762555808526331e-01,8.912872668897676709e-01,6.228985489903433592e-01,5.320763912673114326e-01,1.985775005216000588e-01,-8.693411127186907728e-02,-2.168579427147398486e-01,-2.548208193026217372e-01,-4.475295187888816417e-01,-4.059472529084722781e-01,-7.274202311535182819e-02,7.846169027802298024e-02,7.939389184561485013e-01,7.452859362037957958e-01,-2.391253268496483786e-01,-2.575207940545591878e-01,-1.026077606386740504e-01,1.617921549703577044e-01,-3.752677425967894664e-01,-4.620452037872353063e-02,-5.461513932978295793e-01,-6.091282697343646246e-01,2.816403869062482079e-01,-1.992654579628495015e-01,3.689173747263864711e-01,-1.097539330472078849e-02,1.844244699674556509e-01,-1.982570943448641876e-01,-6.569023426556673019e-03,-4.379839679974392164e-01,2.341861194022089587e-01,-6.506905899927875603e-02,3.784837204451874104e-01,-2.598358967707867229e-01,-3.265812893523563631e-01,-5.422397733697251754e-01,-2.564210152971446721e-01,-4.530511306046852704e-01,1.393294793912931706e-01,2.575232493978698023e-01,7.937859413514934681e-02,3.659786575960581878e-01,-1.881964517330949604e-01,-1.400831303235315628e-01,2.812779383915868237e-01,-1.980263580021322245e-01,2.345810690836837853e-01,-1.551640577737458011e-02,-3.925825098473814147e-03,-6.616328273357077738e-02,-1.350512824721344755e-02,-2.368209017217636977e-02,-4.194584881958879526e-03,1.643909657327448648e-01,-1.274924676539475887e-01,8.599870977218197765e-02,-1.672075685923360977e-01,3.704629202160744650e-02,-7.469351747311657463e-02,5.764604354289054600e-02
-4.516331675734432810e-02,-7.131503588119622594e-02,0.000000000000000000e+00,7.775229708724663569e-01,3.463447541898575510e-01,-2.243357250264893799e-01,4.952166798862561170e-01,1.285053105431241405e-01,-1.345899173706746332e-01,-4.388273286872708123e-01,-4.480942732680848195e-01,-3.230570158693453764e-01,-1.864804523633524780e-01,-1.500818680390098858e-01,-1.568069490760240214e-01,-3.552230142098375398e-01,-3.832130330896623138e-01,-3.552643730443792447e-01,-1.585731182770708930e-02,3.263426116597978321e-02,-1.355676364918131649e-01,4.594778026378760344e-02,8.422639317070524934e-01,7.884301858968286725e-01,4.577073595031330155e-01,2.616520255047499188e-01,1.707850259568882423e-01,3.733209873561767547e-03,-5.440143056554682666e-01,-4.433375884124269861e-01,2.035099552472482420e-01,2.384080968023458147e-01,3.646181746532599632e-01,2.046991803111850305e-01,3.641229435114251567e-01,1.323917843802080163e-01,6.225539447322085695e-02,-1.188534055217299601e-02,-3.533867685553784832e-02,8.075978184407010818e-02,1.073193493109551450e-01,7.348149168895019845e-02,-2.308116188319234707e-01,-1.782166182926609166e-01,-3.993096135715644424e-02,-2.397381745366342076e-01,-3.445379608002231420e-01,-3.695238179370429199e-01,-1.315942194165303503e-01,-3.663538455349035217e-01,-3.858659566262139795e-01,-4.813807900297603637e-01,-3.789041358962859651e-01,-2.324437146139923804e-01,-2.954737101717068715e-01,-4.684311829757998313e-01,-9.279325804970563196e-02,-1.844566750441989089e-01,-2.015761297312674005e-01,-2.064880238708444726e-01,-2.619718391532470103e-01,4.259285365388418287e-02,-4.362212409487780107e-01,-1.490992571570754488e-01,5.852129920429713916e-01,4.440588204841746101e-01,3.612851014273050776e-01,-8.610444234259907736e-02,1.201525498625842236e-01,1.261172445695321609e-01,9.629991608688390214e-02,1.935045475796750292e-01,-1.115307427972669907e-01,-5.749122271623367114e-02,-3.536774547221255838e-01,-1.553805816790563010e-01,-5.677350936708346757e-02,-1.583070754479083686e-01,-2.916936959914044336e-01,-2.391018645046539270e-01,-3.310471880278927914e-01,-1.590957946473600393e-01,-1.969640822024333951e-02,-1.350938394226209593e-01,4.186349242119493108e-01,2.659268120667184765e-01,7.206404516081922618e-02,1.118017022829562029e-01,6.382803668370737316e-02,-6.639693748176767052e-02,7.794868573572087678e-02,2.866701206005627944e-01,8.902077559541170249e-02,4.550478618579630319e-01,5.942940761792879500e-02,-5.376343261216808000e-02,1.544169093182331254e-01,-7.579815378438812569e-03,1.044279148788910053e-02,2.454906960560311255e-02,-6.300185613085414194e-02,-1.867073571982567903e-01,-1.492659607061286309e-01,-1.448714662647462847e-01,5.801469218961879948e-02,5.766156317269707787e-02,6.867829644780537590e-02,1.540600916684120407e-02,-6.326859917094903273e-03,4.442634152340971948e-02,6.161824536441731781e-02,4.201142571191921610e-02,7.618875867277587199e-02,3.245418042511456075e-02,-1.934765785905469548e-01,3.896021667112038733e-02
-1.105517898174828706e-01,-6.809610566583881863e-02,7.775229708724663569e-01,0.000000000000000000e+00,3.773062300620813603e-01,-1.479113911882632970e-01,5.137294140329244918e-01,4.922090887817155425e-01,7.783840705902228541e-02,-2.990378542928444627e-01,-2.846807164417445857e-01,5.520464564585931405e-02,-6.753021556173129103e-02,1.845267143584059522e-01,-2.592771386790378441e-01,-2.523930055969842989e-01,-3.349339437058505009e-01,-2.629429090425877136e-01,-1.102027964631586282e-01,5.446583675234815958e-02,-1.575472273796839628e-01,7.080890755764454592e-02,7.208480681785610633e-01,7.503107923598599793e-01,2.812114283504659196e-01,1.390298855455852911e-01,7.043632267377089584e-02,-3.254023837652306184e-02,-4.332518645227479981e-01,-2.866031691989370245e-01,2.258303811369463676e-01,3.168044577576696885e-01,3.616196387421655722e-01,3.408063651955237083e-01,8.583255711376967800e-02,2.285446074274639569e-02,-1.187170794411092356e-01,-1.905493066627998444e-01,-1.735697728815943364e-01,2.279732019033513246e-02,1.858346985884936145e-02,9.103925208922021561e-02,-1.049376244106409450e-01,-3.645176370981492719e-02,-1.747306783589589185e-01,-2.252431646099785356e-01,-1.999029425243635250e-01,-2.765831748159461312e-01,-1.384693144576133461e-01,-3.336266790066063637e-01,-3.225499841273877788e-01,-3.727997642182951377e-01,-3.522911447653514494e-01,-1.922178019000818638e-01,-2.901428800052291423e-01,-3.910888292099355956e-01,-1.831209630014373757e-01,-1.712076563610640256e-01,-2.035229279963366167e-01,-1.185204605487237273e-01,-1.185306686155979672e-01,2.716880825660942245e-01,-3.592286571582462562e-01,1.754948061474347898e-01,3.347148197465229513e-01,4.492757155919439027e-01,1.487103551647080968e-01,-3.316079133578185567e-02,-5.637704687087102817e-02,-1.657879111173524156e-02,5.201020793274370446e-02,1.489944613902078052e-01,-2.039236339990259106e-01,-4.510826227395097615e-02,-2.177872900875513773e-01,3.098243322723179954e-02,-4.076178819243335243e-03,-8.062985037997684457e-02,-2.594936374420761527e-01,-1.488296011886486858e-01,-3.875784492893085131e-01,-9.010049906698459898e-02,-8.821745753840012916e-02,-1.968177521624709658e-01,1.670049187257252044e-01,2.777475434904449481e-01,-1.239602182376777634e-01,3.993446322290274825e-02,-1.284876613263649485e-02,2.399549320050369319e-02,9.337003179143359144e-02,1.619083712230326433e-01,7.288320989197341615e-02,3.042836584353082463e-01,2.200822200667556031e-02,-9.731745691334109383e-02,7.398446917724678384e-02,-3.148897905029354044e-02,5.718706240348114811e-02,-4.320067621919301826e-02,-2.423857659017005298e-02,-1.425041846129403156e-01,-2.423140555437467147e-01,-1.470678263772373928e-01,-9.538637190839753532e-02,-8.580638156363654123e-02,5.293910100460021140e-03,-2.036285518155511454e-01,1.115734958908963931e-01,1.085529109560972177e-01,4.569387932553938686e-02,-2.123342651045079590e-02,-1.393763413077849789e-01,-9.949806550325349108e-02,-3.075036873541653337e-01,6.462648404734465390e-02
-1.436930009921163487e-01,-6.492988450991886429e-02,3.463447541898575510e-01,3.773062300620813603e-01,0.000000000000000000e+00,4.222781172380798420e-01,6.724506157549636765e-02,2.552502371030215475e-02,2.440094116114784606e-01,1.027657668995758666e-01,-1.498287962266592888e-01,-8.508245203246582759e-04,-8.485192965653388930e-02,-3.520850149474046703e-02,3.227570059161475879e-01,-2.899994504732775896e-02,-1.942363608806644826e-01,-9.189073634989441963e-02,-2.113660813996116328e-01,-7.409041183305403733e-02,2.640054006508134599e-01,3.461260192321791163e-01,2.928243363971443913e-01,3.302740874307036334e-01,5.850929148637319388e-01,4.020356431904473782e-01,4.940126589174441141e-01,3.923432297355649023e-01,-1.653348178756092746e-01,-1.135080246831843692e-01,2.843319021020732085e-01,2.755788783011027254e-01,2.025879561190719602e-01,2.371553781089436597e-01,1.025933618867122532e-01,-4.381729473902031685e-02,1.260556849513844169e-01,-1.854098635995428679e-01,1.050465142604952440e-01,1.526751916954139643e-01,-2.820339726610898365e-02,2.307430274333227213e-03,-1.753051638701690063e-01,-1.150253061114221154e-01,-1.195806143188219844e-01,-1.592991864275417613e-01,2.434614878665477058e-02,-1.282321357584932653e-01,-1.368127631982702097e-01,-1.277884220611789634e-01,-2.264135540291455362e-01,-3.765320316633718467e-01,-3.141650184791498490e-01,-4.394215976829285442e-01,6.493042261641107649e-02,-1.881230653993742896e-01,-1.370669172304408434e-01,-2.116666899121633916e-01,-1.821753293610736679e-01,-1.839159664837959896e-01,-2.959228364231014652e-01,1.334314634427153506e-02,-4.884669302913607347e-01,-4.858681555123090662e-02,2.167642700061179761e-01,1.683006649740453886e-01,1.503665549107697195e-02,-1.107924330867469248e-01,-3.054145693850748508e-02,9.082459123225054831e-02,2.417444184960812759e-01,1.588877599835936960e-01,-8.702323347023377398e-02,-9.179769558270110819e-02,1.276081557535848621e-01,-1.830100587218613101e-02,-8.626773204426646524e-02,-5.848127391047078238e-02,-9.169142387393744431e-02,5.068519675821239745e-02,-2.026451212480550601e-01,-3.920797966903849692e-03,1.304233342229186021e-01,7.904265177189673253e-02,1.552721595049153802e-01,2.384016905259380148e-01,4.009127469884185557e-01,4.623990276725040705e-01,5.797279075991011027e-02,-1.563764483816221795e-01,-3.171444678796589423e-02,-3.629974391328662925e-02,-9.813519653563533562e-02,1.089791361277441251e-01,6.482154582946712124e-03,9.050382164266037449e-03,1.283456703981170621e-01,3.086018965877283457e-02,-1.547770870358977924e-01,-1.195882773051355902e-01,1.505367491633424204e-01,-2.102550628881976191e-01,1.794331523259990735e-01,9.557201901511315489e-02,3.246498168688686237e-01,2.482638084350895225e-02,-2.566587613554142111e-01,-1.452720500149295435e-01,-1.447144009555022259e-01,-2.182871578358187500e-02,-5.587850769422437330e-02,5.863352126505750467e-02,-5.925778994069413885e-02,-1.853976227796774179e-01,-4.681049413216739619e-02,1.926854872202118651e-01
-2.215468522969192833e-01,-2.435003676914853366e-01,-2.243357250264893799e-01,-1.479113911882632970e-01,4.222781172380798420e-01,0.000000000000000000e+00,-4.833882735767119909e-02,-3.592506567067791246e-03,3.908425031635167080e-01,6.998536787279929783e-01,2.939553000977069841e-01,4.580248733749452128e-02,3.776193212982038583e-01,1.853634667310764816e-02,5.138355527810521961e-01,5.136674839008089632e-01,1.262098558647582747e-01,2.588455355793480295e-01,-7.596098171683826616e-02,-8.475348947836400249e-02,4.296112690104560428e-01,1.901239689214320461e-01,-1.612414168294451153e-02,9.458834393356341588e-03,4.523206242397876387e-01,6.290367351832782949e-01,3.500003888604503177e-01,5.236075207190664660e-01,3.170230452608073235e-01,1.740261604818564289e-01,5.610704595901423453e-01,5.005905218543658108e-01,9.018744827998255442e-02,1.654933177113611098e-01,5.550868844168359989e-02,-4.777592476649718256e-02,-1.847609441065088953e-01,-1.359764675948806067e-01,3.229542322219443318e-02,-1.211157567868143964e-01,-1.048057549955462298e-01,-3.238400660207597093e-01,2.066666025861215450e-01,1.517463575908973294e-01,1.002444213835717857e-01,9.622577506466176156e-02,2.208163359115675184e-01,1.376059180136741666e-01,9.034566765309363923e-02,-9.035351762138522924e-02,-2.801381273516844739e-01,-3.243619273970526073e-01,-2.252125762917519258e-01,-1.569703017113830423e-01,-1.213795498344687057e-01,2.660120703249723925e-02,-1.702772175145310651e-01,-3.358031309470397296e-01,-2.390204340265685012e-01,-2.886015514788309311e-01,-4.760739764381912154e-01,-2.485977808866482452e-01,5.308694649526162629e-02,-9.569952662187582171e-02,-1.085327543063780986e-01,-1.564716135172992129e-01,-1.598505918158813488e-01,-1.592599472227062551e-01,-2.825302594315356464e-01,-1.734935190973067864e-01,2.801732083291428310e-01,2.697238648202008870e-01,2.699187577619526213e-01,1.013443117767752477e-01,4.044790781390530388e-01,2.422246353986214351e-01,-4.436852307824899061e-02,3.739868114367757984e-02,4.400744934471588488e-02,3.348767125000193245e-01,-2.713826540528023121e-02,2.287122906757689533e-01,-3.033561473109036566e-02,2.740267134494547285e-01,-8.166779467419046923e-02,4.167187176474039523e-02,2.042507794872518989e-01,1.672751242161041318e-01,-3.472554641789960539e-01,-1.278997989230182541e-01,-1.639353651711594750e-01,-2.588319459232777398e-01,-2.079326349292405229e-01,-1.958709170852671599e-01,-1.393864416802280404e-01,-9.179507293594509065e-02,-1.678708654813684253e-01,-2.350808326286874667e-02,-1.591476649461677217e-01,-2.305584900313145114e-01,-4.478856728392337921e-02,5.023638064339657622e-02,3.235820253942755520e-01,3.047438436721451871e-01,2.537514701258757333e-01,2.658480481836643025e-02,-2.942646617248858079e-02,1.989110032469128264e-01,6.341829249314320793e-02,-1.846949604840908699e-01,-1.904903333117341502e-01,-1.576129569450174794e-01,-9.168958023235120047e-02,-2.273613826618647860e-01,-5.468040355302282787e-03,-8.323405274018820521e-03
-3.219614010437187313e-01,-4.552736510391938718e-01,4.952166798862561170e-01,5.137294140329244918e-01,6.724506157549636765e-02,-4.833882735767119909e-02,0.000000000000000000e+00,5.689099909877426420e-01,2.723288537817245003e-01,-8.218525390214120874e-02,2.373840127954566226e-01,1.385361350715015039e-01,5.579565663413843524e-01,1.588122484751762209e-01,1.735949660407574147e-01,2.097087937878939767e-01,-4.240735019673848027e-01,-4.701958182607552383e-01,1.925446162799346606e-01,-4.312018824560456820e-02,-2.043104730060776308e-01,-1.965241275802955545e-01,6.149128582781552277e-01,4.674662468499317658e-01,1.431534557881767589e-01,2.384355413903570253e-02,-3.032023672066842535e-01,-3.406598670334771151e-01,-1.471194300212053940e-01,-2.807052386618096862e-01,2.858216280213506932e-01,2.712200192708940083e-01,2.528895759934369214e-01,2.585161561330307500e-01,-1.318037432875363360e-02,3.665623612292867595e-02,-3.370424658208254765e-01,-1.179388379412568688e-01,-2.469369892822093071e-01,-1.449681726346632449e-01,-2.237515981279617483e-01,-2.888865640151890291e-01,-9.405900358037663778e-02,-1.083932726376238831e-01,-2.476745687658149508e-01,-4.056000735407438995e-01,-4.017644741476798509e-01,-2.668082991871582044e-01,-3.556067956673100161e-01,-5.716499420372475049e-01,-5.409875834232741321e-01,-4.062320619259993104e-01,-4.040303788023550946e-01,5.334181313403383445e-02,-5.198598951338548879e-01,-2.393750169769363889e-01,-3.641589099600137658e-01,-4.659111767668302484e-01,-2.350824836523256189e-01,-2.555963541522974225e-01,4.867402319561335566e-02,1.534677096610737312e-01,2.823490765751464626e-01,2.496058177996564043e-01,3.741400784399622204e-01,3.401843111105556372e-01,1.025415556443223658e-01,-7.398247422381419580e-02,-3.544115555768746484e-01,-3.892957022662689726e-01,1.761929243161970138e-01,9.183294798504804124e-02,-5.068291081840251011e-02,-3.506872790489703462e-01,-8.131037991711143054e-02,2.625706287983833528e-02,1.733782955046348495e-01,1.625265123961748270e-01,-4.455867927950364904e-01,-1.438510515826030012e-01,-5.040742441190568801e-01,-9.521279852497557816e-02,-2.641639625513526601e-01,1.183733458821316781e-01,1.515571821555618086e-02,3.716400328880732906e-01,-3.191080891750898152e-01,-3.279159555815586158e-02,-3.551652739212809995e-01,2.409952701291460664e-01,1.981400842653914807e-01,4.514342319377497303e-01,1.312848108848325701e-01,5.569594602261316307e-01,8.925774450614563926e-02,-1.709434462478388594e-01,-1.585993104487452149e-02,-7.539043671195957974e-02,9.200996699714580895e-02,1.063949679235030726e-01,-3.067613518490718283e-01,1.983216180010935747e-01,-3.080145391194794025e-01,4.675252131260779903e-02,-2.594089955657702048e-02,4.338562766611186311e-02,2.230436775979017239e-01,9.830674082432414029e-02,2.138235448471272337e-01,-2.362291198965764047e-02,4.228460399780583495e-02,-1.636042118166327608e-01,9.512795934541701248e-02,-3.223250107189461894e-02,-4.538865076692261830e-02,8.464354685180029703e-02
-5.070286666179842916e-01,-3.065209916040070870e-01,1.285053105431241405e-01,4.922090887817155425e-01,2.552502371030215475e-02,-3.592506567067791246e-03,5.689099909877426420e-01,0.000000000000000000e+00,5.583110118176275449e-01,2.385908089105632235e-01,3.306998599353901946e-01,6.787277627018259984e-01,4.388623615305305981e-01,7.258423460951901607e-01,6.367720739717018519e-02,3.512520858529987744e-01,-4.523858192715807247e-01,-1.814750095810379604e-01,-3.007167075321872662e-01,-1.564446414299838495e-01,-1.993732495089844958e-01,-1.522654941038169563e-01,2.777797863181748483e-01,3.039228588601506909e-01,-1.260686254246164428e-01,-2.810549529073229635e-01,-5.256835815857588967e-01,-3.592852255837906128e-01,-1.033980813091974621e-01,-3.162896824826512410e-02,2.450940267406359965e-02,1.580094864102639940e-01,-9.879169255626868429e-02,1.253231896868923501e-01,-3.479843855186727786e-01,-1.056398771212580107e-01,-3.475421442954776952e-01,-1.305564305694243976e-01,-4.938543984758138605e-01,-1.745862361338588187e-01,-3.505965244862830343e-01,-2.032546664154374072e-01,-4.871650630629591194e-02,-1.333404413624553753e-01,-4.624682238203979834e-01,-4.017447958629338234e-01,-2.075049443204771138e-01,-3.047983941800793128e-01,-2.641792028388104119e-01,-3.164980742588550111e-01,-1.704223319439360507e-01,5.973061695301350345e-03,-7.598627826328060997e-02,1.908342902848397249e-01,-4.237318978193858610e-01,-2.598416424287898208e-01,-5.184876944286280764e-01,-2.681596351876696649e-01,-3.265008093404093703e-01,3.361113145013242681e-02,2.404857616559893108e-01,5.862779348059854456e-01,2.816980388530446744e-01,7.104120825031613462e-01,1.148559985788522031e-01,3.714872576713654784e-01,-3.299090891354559685e-01,-2.122224717814403250e-01,-5.399781713075660905e-01,-5.590453626166773660e-01,2.279525116845506350e-01,1.345118517493957000e-01,2.629108843354355241e-02,-8.528532485484942305e-03,4.477905813244983935e-02,1.140967048571874393e-01,2.322104891028773099e-01,2.581757116746609126e-01,-3.444856716882065961e-01,-7.006600480774330397e-02,-5.408474887220235949e-01,-8.313569570681882126e-02,-2.409183297264228529e-01,-2.129709447297217784e-01,-1.819764666646047080e-01,1.838421379743971351e-01,-4.105267255338224119e-01,-2.584211733907700315e-01,-1.424747065191234174e-01,1.283159724593151974e-01,4.310920439090725198e-01,2.255234059690482684e-01,3.443513793889413366e-01,1.797631240002723063e-01,-1.957387352094680788e-01,-1.549874385151323308e-01,-1.611387950715646167e-01,-2.783293060792805806e-01,3.948762319475115357e-01,1.385142842503952199e-01,-2.902341649402320756e-02,1.172414902965511346e-01,-3.378051616478650598e-01,-6.774144759827400997e-02,-9.389412643674287240e-02,-2.456440127364162007e-01,-4.384811015764350506e-02,-2.268767519635977448e-01,3.234128151693427093e-03,-2.260446278068765080e-01,-4.322728677113114176e-02,-1.181330615550623131e-01,-1.989954544473405695e-01,-1.772772878046429967e-01,-5.772678319398903864e-03,2.422384466151653315e-01
-4.393330751711098658e-01,-3.796995501443459209e-01,-1.345899173706746332e-01,7.783840705902228541e-02,2.440094116114784606e-01,3.908425031635167080e-01,2.723288537817245003e-01,5.583110118176275449e-01,0.000000000000000000e+00,7.198969916733083396e-01,5.284158495867390393e-01,4.958201776126707205e-01,4.955399713631831737e-01,5.821785337864079368e-01,5.253127440756160116e-01,6.169042835545420767e-01,-5.091716710265496992e-01,-1.956428050124278950e-01,-3.546463439556914454e-01,-3.124311139596606668e-01,1.827452503528781136e-01,5.373061349669677050e-02,5.529352931102275021e-02,6.190918206026026910e-02,1.503775287841813135e-01,-4.734090719959140048e-02,-3.783510483065745666e-01,-1.016763150304471619e-01,1.961219185442145477e-02,-4.068071556546504208e-02,-1.086098497170973412e-02,6.072998741554217622e-02,-3.785885950140651102e-01,-2.129390757476836704e-01,-3.194586162739830870e-01,-1.475425492519177040e-01,-1.231467603401797395e-01,-4.363374509258791112e-02,-2.776546796404310569e-01,-9.420414345213877494e-02,-1.011760260712779996e-01,-3.087876109608772568e-01,-1.274959787703159320e-01,-1.937529884661510493e-01,-4.859641887574554509e-01,-4.059741903523875761e-01,-1.190340800644214408e-01,-1.793775064282951692e-01,-2.704185769350546109e-01,-4.899319554147953809e-02,-1.771232399055436973e-02,1.344515324585273675e-01,8.423723062861035449e-02,1.975570321260268214e-01,-2.149731428683548662e-01,-1.357599800430532577e-01,-5.421932100829345291e-01,-2.937157873219057858e-01,-3.120923466422563242e-01,3.028341961604739951e-02,2.346950575493896018e-01,4.252825564288499893e-01,1.542655231885202149e-01,3.223061844532500997e-01,3.422863417610229331e-02,2.244849434432975854e-01,-5.005643228785556786e-01,-4.005213220564654564e-01,-4.609540154027058079e-01,-5.042970982368564226e-01,5.436415272374294227e-01,4.237170721704978105e-01,2.107179148980593553e-01,2.248491960118129684e-01,2.231139391453234033e-01,1.805514928123255480e-01,1.603321108104160675e-01,1.755845418135266456e-01,-3.072934493283158708e-01,-3.485177215675573648e-02,-5.696175632036131198e-01,-3.658598663078277413e-01,-1.541734695221999851e-01,-1.100996808930211346e-01,-1.934884256274269354e-01,-1.321645655503472516e-01,-1.843384730340951738e-01,-2.257232470315342632e-01,-5.717832020098145146e-02,-1.098120931571931191e-01,4.067745846539169152e-01,6.802930559154468648e-02,3.059556724598235244e-01,5.707330242417543720e-02,-1.188262817769416974e-01,-1.415032064134680301e-01,5.839227094639500883e-03,-2.010645191350611816e-01,3.219555373054062142e-01,9.521671924436819756e-02,-1.783899367738243646e-01,-5.263327542953531724e-02,-2.234960568677042680e-01,-1.272192018638980127e-01,1.264119773940025337e-01,-1.460250468649870459e-01,-6.648844165449162291e-02,-2.743878128890059678e-02,-3.018008093788721730e-02,-1.604970945992644782e-01,-6.565855040471610393e-02,-2.024612591843918952e-01,-6.162469155673363369e-02,-3.826689035667587002e-01,7.993051012595578375e-02,2.007306828626952144e-01
-3.060730652768850479e-01,-2.113361235532623672e-01,-4.388273286872708123e-01,-2.990378542928444627e-01,1.027657668995758666e-01,6.998536787279929783e-01,-8.218525390214120874e-02,2.385908089105632235e-01,7.198969916733083396e-01,0.000000000000000000e+00,4.407134279347713623e-01,2.663250827540465937e-01,3.605223384508423057e-01,3.802799913495950590e-01,4.738169828666512484e-01,6.640366295448970613e-01,-1.889130441887536538e-01,1.667633744375431049e-01,-3.085793260225620505e-01,-2.109742444158354269e-01,3.229182150162077658e-01,6.962238802885663269e-02,-1.811836303721545138e-01,-1.449082533253177596e-01,1.688517856060967881e-01,2.245964617829121213e-01,-1.695812847185606265e-01,1.312932390688914541e-01,2.266886285780159438e-01,1.852147289281005638e-01,1.645341879080713665e-01,1.687285821237078931e-01,-4.460169544056092339e-01,-2.938782344885492726e-01,-2.957928078455913656e-01,-1.556605630132575080e-01,-1.180287796650079241e-01,7.438196224656516697e-02,-1.404792645850847788e-01,-9.889458428402796153e-02,-2.830849366608835863e-02,-2.397168531141636305e-01,-4.520008648000947010e-02,-1.494517948815366482e-01,-2.174280004327908411e-01,-1.172927468285835662e-01,4.188279270043629432e-02,-5.841020867378280551e-02,3.808959209187134931e-02,5.298999187119137616e-02,5.460425556259972807e-02,9.752685946402611661e-02,9.564187480028273070e-02,1.055960722867049090e-01,-1.334249888226768377e-01,-6.940183077832090541e-02,-3.125634053171564841e-01,-1.940993232154546722e-01,-2.484932640573898066e-01,-1.733111711868178667e-02,-1.145475842397022381e-01,6.640009757482324970e-02,1.753984301950202995e-01,2.891177160719524478e-02,-2.102863054347305360e-01,-1.144889332565460077e-01,-5.368812368131726798e-01,-4.075528221496314552e-01,-3.070688063658608691e-01,-3.161552849069896864e-01,5.287641284806965380e-01,4.243237630175144548e-01,3.600357369924646056e-01,3.636868859467646820e-01,2.858514487553989181e-01,2.332193052151748658e-01,-1.946678783653598560e-02,6.991077185583438602e-02,-5.126486223120208657e-02,1.345223876338636493e-01,-1.767402275612259821e-01,-5.952685098086626936e-02,-6.356334354071128956e-02,2.075550364732482722e-02,-1.485714633901981108e-01,-2.515807508755965038e-01,-4.302789560267149954e-02,-2.719814402500014272e-01,-1.258087071538525337e-01,-3.397126621337873686e-01,1.830847218107937990e-01,-1.896401586063122813e-01,2.007483518173135972e-01,-2.372880230233349597e-01,-2.262567034834488955e-01,-1.887345278211257499e-02,-1.417511935224772535e-01,-7.325664025985491323e-02,1.750045972225744983e-01,1.660023743520546921e-02,-1.953579612862826539e-02,-8.410915030330443076e-02,1.344219156084194011e-01,1.000904787856180533e-01,2.356211450256235351e-01,-9.716313086198206939e-02,-5.776981852257817573e-02,2.430846784766279092e-02,-3.182579658832947189e-02,-2.477170026167675454e-01,-1.192630662715078310e-01,-1.462310736096402997e-01,1.623846167800877330e-02,-2.620657254104662437e-01,1.710983110841872989e-01,1.634579099194383156e-01
-6.336753801777743333e-02,-1.852540783217217490e-01,-4.480942732680848195e-01,-2.846807164417445857e-01,-1.498287962266592888e-01,2.939553000977069841e-01,2.373840127954566226e-01,3.306998599353901946e-01,5.284158495867390393e-01,4.407134279347713623e-01,0.000000000000000000e+00,5.328978419317307313e-01,8.341920698613483065e-01,4.369424590749734771e-01,4.077685862679965578e-01,5.806189219357968945e-01,6.832258304940418137e-02,3.971788207784498342e-02,2.347530468398249248e-01,5.395467381786940748e-03,1.755966111990811818e-01,-3.671014388226605946e-02,-2.596210096343840035e-01,-4.291662928810295319e-01,-1.708508581573095764e-01,-1.375526063216817585e-01,-3.551679953826943903e-01,-1.613958769355491873e-02,4.291142341907935309e-01,8.600241706361744232e-02,1.930827033218232847e-01,1.530235060619602183e-01,-2.076498688273002158e-01,-3.117476907020873614e-02,-5.002504138040759774e-01,-3.058975697733489207e-01,-3.744585652010402610e-01,-5.470027936316045059e-02,-3.356920270123520678e-01,-1.918861274868617905e-01,-1.482461507746613283e-01,-3.462314163749894425e-01,2.546042330811645882e-01,1.413390193877399059e-01,-1.004880882464600084e-01,1.181141557622797794e-01,1.172832627509803743e-01,4.305013431025220966e-02,1.488263603601081009e-01,1.583272307297090287e-01,1.146641570092164081e-01,2.616643431785646845e-01,2.413987295248844200e-01,3.817313059794502639e-01,-2.972201690578937794e-01,2.160096351546296478e-01,-1.835412548000759647e-01,-1.324625675199544439e-01,1.399638012163193779e-01,5.541444003257300910e-02,3.593741718892959902e-01,2.523455100639102056e-02,6.163414267242639522e-01,1.833078597887035643e-01,-3.609218668562383381e-01,-2.548157044854662545e-01,-4.415652292135363588e-01,-1.685990484896166264e-01,-3.730844670796030771e-01,-4.296946668753016674e-01,1.727472291916948843e-01,6.967786475934829860e-02,2.567551585226956479e-01,7.456944474783783194e-02,2.994311292929313639e-01,3.555923570440512882e-01,1.343644492772802512e-01,2.083627147927075429e-01,-1.609299986428313345e-01,8.226557050201381560e-02,-3.085334067619552867e-01,-1.601733973823292467e-01,-2.214984209483203403e-01,1.420995322209467858e-02,-4.764725793788034403e-01,-2.079636109574653502e-01,-3.337809599741946021e-01,-2.297210798777961083e-01,-3.939415089545748039e-01,2.348133266759585835e-01,-8.500225129153235470e-02,-1.832047727677412197e-01,-9.164285794420379272e-02,-1.330714699276674406e-01,-2.641933946160716640e-01,-1.170845662861593889e-01,-3.831833966119073676e-01,-2.034028636126448408e-01,3.604981086144044139e-02,-1.889080806200545137e-01,-4.232531106362235063e-01,4.092229212532920712e-01,-2.568704842371560271e-01,1.873888436899412702e-01,-1.271804857131421940e-01,-1.023722882320737826e-01,3.391880880896439888e-03,1.661203978828622030e-01,1.629048509606706094e-02,-2.624919673223167771e-01,-3.582813021229095396e-01,-4.461418369011524443e-01,-2.171776645864613164e-01,-3.987664583582565259e-01,6.803017475638897804e-02,3.489422039985628360e-02
-3.818225126444311779e-01,-2.029963393107719061e-01,-3.230570158693453764e-01,5.520464564585931405e-02,-8.508245203246582759e-04,4.580248733749452128e-02,1.385361350715015039e-01,6.787277627018259984e-01,4.958201776126707205e-01,2.663250827540465937e-01,5.328978419317307313e-01,0.000000000000000000e+00,4.679708772592104937e-01,8.176904110738090203e-01,2.459876522637744756e-01,4.442665060801037069e-01,-1.323475871376330326e-01,1.663460399911161347e-01,-1.825412385329143738e-01,-6.807939487311973070e-02,1.543674642404860645e-02,-5.032980857411648024e-02,-1.874025236980160769e-01,-1.392359797568327728e-01,-2.387180635734393042e-01,-3.409622103079030242e-01,-4.526773248635767022e-01,-2.122347560901750863e-01,2.951259188329334315e-01,3.129618848557256805e-01,-4.419256268864674847e-02,7.828359147840946441e-02,-2.635260819706696234e-01,7.889658420677302109e-02,-4.570040491620768752e-01,-2.308522039090933897e-01,-3.127994369021404042e-01,-1.494804050058708145e-01,-5.236649966241818666e-01,-1.556391057648655873e-01,-3.633759289672919279e-01,-1.276403511931070156e-01,2.032023210730433127e-01,1.032026920295345679e-01,-4.124480364177169345e-01,-1.310206751576667161e-01,1.791091836364095413e-01,9.540307308412100673e-02,-1.850023652000610253e-01,1.505277372494679966e-01,2.313791332849172155e-01,4.083335032167061396e-01,3.365654523492697670e-01,3.844765284834439911e-01,-1.079142624877023893e-01,1.836921842293999518e-01,-4.910839517042613345e-01,-1.179096012167345914e-01,-1.325144862915747235e-01,1.855125058204503130e-01,3.614346671692549307e-01,4.481616758292312763e-01,3.416396152581235857e-01,6.764290171734341772e-01,-2.759985420925726851e-01,-1.539892135308181323e-02,-6.127225235048263663e-01,-3.102324313734807215e-01,-5.577761351367542808e-01,-6.039167873754851534e-01,1.757862345976494711e-01,9.015673873434808250e-02,2.025508261091607809e-01,1.360828789556066398e-01,3.217637012507885141e-01,2.172669428130336589e-01,3.767939521200864839e-01,4.401435184216531127e-01,-1.367239886594541487e-01,1.436034301579004191e-01,-4.420473823387709444e-01,-2.462657902772715235e-01,-1.896130538008052591e-01,-1.919779946544781513e-01,-5.393290334930481711e-01,-7.347127208267993648e-02,-3.887941253112228157e-01,-1.767057843581983922e-01,-1.277312431963624206e-01,1.992483522182302846e-01,3.691316949747118215e-01,3.737189727330825911e-02,2.060467204977833033e-01,-6.836428703031167953e-02,-3.223355366003588518e-01,-7.548468957485557351e-02,-1.785595681698481096e-01,-2.805496940264193273e-01,3.926945945754419243e-01,1.252306822686031496e-01,2.179497376307749576e-02,2.818574776062394149e-01,-2.877101410005323823e-01,-2.705716062520822224e-02,-2.482129750713697736e-01,-3.905644491348450598e-01,-2.732423378723132235e-01,-3.158116939822624425e-01,-1.420939323172925595e-01,-2.197075360879855166e-01,-7.616820193096304759e-02,-1.679964522780175995e-01,-2.639892526468920475e-01,-3.087294969202815098e-01,5.846459666007678552e-02,1.352500387831186979e-01
-2.593010914280911572e-01,-4.480382128435296818e-01,-1.864804523633524780e-01,-6.753021556173129103e-02,-8.485192965653388930e-02,3.776193212982038583e-01,5.579565663413843524e-01,4.388623615305305981e-01,4.955399713631831737e-01,3.605223384508423057e-01,8.341920698613483065e-01,4.679708772592104937e-01,0.000000000000000000e+00,3.454840348069226907e-01,5.205426315453960395e-01,6.407396512646232889e-01,1.634379002828870425e-03,-4.454761359435229634e-02,2.363676506768197239e-01,-7.960837292730779668e-02,1.902156812665390384e-01,-7.485199597587338660e-02,4.647637614816688134e-02,-1.079905460935762507e-01,5.906915655901130713e-02,9.979947175497652645e-02,-3.242798080776784775e-01,-8.689621545676173842e-02,4.392604015349774738e-01,9.242594937741874239e-02,4.216321693673968918e-01,3.496899178368585437e-01,-6.130141884877986615e-04,1.643542244733784408e-01,-2.687090655086922797e-01,-1.254267094137284932e-01,-5.020690185789953297e-01,-1.312872097805118377e-01,-3.356371712723504874e-01,-2.897933121309414495e-01,-2.684560916253164731e-01,-4.663885633941315945e-01,2.890093186850658524e-01,1.611255175475977408e-01,-1.167549912510806170e-01,-4.630872634332332954e-02,9.094950664979063217e-04,3.773180749076691931e-02,-5.844575948131795762e-02,-1.568968282828512861e-01,-2.501542504967613767e-01,-5.445493767466694224e-02,-4.981005428630375792e-02,3.666533878621414111e-01,-5.176333917185329536e-01,1.176700826787397541e-01,-3.561118935338274394e-01,-4.171958027510351275e-01,-9.771699360116603561e-02,-2.014923637671660051e-01,8.325303126669431064e-02,-4.375847750481009352e-02,7.055496362035831304e-01,2.417790701145481891e-01,-1.255053532478163647e-01,-1.133811001042536043e-01,-2.684540849287270214e-01,-1.559115944718962032e-01,-5.075988878874453381e-01,-5.520566531502877350e-01,2.354358908273682105e-01,1.624979222919519517e-01,2.387614853161239004e-01,-8.902322985483306084e-02,2.932158470646467063e-01,3.228107104030829566e-01,2.454719331609708233e-01,2.895240784844435589e-01,-2.248059635239436083e-01,1.537097954549299095e-01,-3.350735837724611588e-01,-4.208620237889231647e-02,-2.489547792695190054e-01,2.212639903924976115e-01,-3.080591930638167386e-01,6.431955985141403487e-02,-3.279962654175780923e-01,-1.074100166292644432e-01,-5.166630910374695462e-01,3.500955514557208548e-01,-4.246414412675453276e-02,1.614249274827564765e-02,-1.028608610084413288e-01,1.113667074705347315e-01,-1.747565792048251798e-01,-1.743858854711207163e-01,-3.022823975392531226e-01,-1.922930082804194529e-01,3.050983998452996143e-02,-1.340269640568687304e-01,-4.750723621908053418e-01,4.576500743895967060e-01,-3.170913123372848808e-01,1.796599147268333196e-01,-1.631378313713922890e-01,-1.208092828491264398e-01,9.546058217972520910e-02,2.300901523166462292e-01,1.516018567547953166e-01,-2.369669812140001441e-01,-2.112571740571620171e-01,-4.122814192199202865e-01,-1.688980803600297342e-01,-3.315738106888777570e-01,1.564629479515906862e-02,3.248275878000441569e-02
