0.000000000000000000e+00,8.023357360294591789e-01,3.224304395570058435e-01,-7.659502677637296530e-01,-1.273847462725845592e-01,-4.821840783642095674e-01,1.258697026552181228e-02,-7.608913463107590536e-01,-6.517347452155490550e-02,-5.768350319912491919e-01,9.799459942409563529e-04,-3.954804468946723772e-01,2.723264422787771699e-01,-7.410358376915779921e-01,6.218454951246881607e-02,-6.945156360920063943e-01,2.432507791412167886e-01,4.411271132697674457e-01,5.977935206757626352e-01,2.025983412286380125e-01,-1.949678396702007183e-02,-5.128894771935219900e-03,6.567524563385901404e-02,-5.807732636268472248e-01,1.542442595319954424e-01,-3.080614310509169895e-01,-1.486084282499012532e-01,-4.086991362405588690e-01,1.974776803779078327e-01,-1.641133022653602086e-02,-2.360365225923860832e-01,-2.298880497707347093e-01,-3.933853798285251724e-01,-5.094076605041921724e-01,1.346891775745078824e-02,-2.337752284272842651e-01,9.744549820576797750e-02,7.170288987882963982e-02,-2.894339586776643880e-02,9.446204375742384141e-02,4.285897555174154189e-02,-2.460225409982759806e-02,-2.987959604568629080e-01,-2.269794551113901715e-01,6.870816791977367444e-02,-1.184411912486981883e-01,-7.437579698239103754e-02,7.321335842678444727e-02,-2.454201691833193116e-02,3.903163085720403602e-01,3.747800044956720589e-01,4.224630192558992969e-01,4.246972873378180302e-01,6.758599570164499637e-01,3.047725684617851316e-01,4.479130076616639200e-01,7.407390281197981929e-01,7.506313027120954384e-01,8.763353773919298206e-02,2.820425516255439247e-01,-2.065504203959627472e-01,-6.414291944055164896e-01,4.131410660429070680e-01,-1.021427489422134099e-01,1.520981995015992239e-01,-5.299533449951070452e-01,-1.837669861660835291e-01,-4.643996575641727853e-01,6.212207180574802479e-01,6.346187363040378671e-01,-2.426633051312577227e-01,-4.456507216666750343e-02,-1.221135887647883667e-01,-1.080443459665140354e-01,-2.758843690432699058e-01,-4.336250432543888866e-01,-1.750800070759658822e-01,-2.718909838446866289e-01,-9.609580762880849669e-02,1.199483199137105632e-01,1.721275830752841962e-01,1.474597954528661936e-01,2.261949097308131318e-01,-1.673165164334187160e-01,3.105698357509769081e-01,-5.297198352513390329e-01,-7.582792124252066279e-02,-1.112012520788688424e-01,1.333978878809576885e-01,-3.465148104939559937e-01,-6.948424749646318066e-01,1.821189348419394172e-01,-5.727174885353577549e-01,1.596036494849409348e-01,-2.664951783961601040e-01,-1.722637770350605169e-01,1.279132829369438451e-01,3.430801158539006912e-01,-4.270026212665319065e-02,1.997593612295072429e-01,-2.058196521774507959e-01,1.537563911526215188e-01,-3.367660170414087384e-01,-2.018053260823439721e-01,-1.679388338247551071e-01,-2.573717576948310048e-01,-5.734911835190255325e-02,-2.968945957079613049e-02,-1.553745037231158144e-01,-1.595302779982884778e-01,1.286383305527202536e-01,4.600480232162600380e-01,2.913702078408824791e-03,-4.571249853621446868e-01,-5.513840045732685408e-02,-3.385276764735253852e-02
8.023357360294591789e-01,0.000000000000000000e+00,1.744335679398120453e-01,-5.990874796367056110e-01,6.801315336110418108e-02,-2.867613188832071058e-01,-2.355305485144514321e-01,-7.042644645321430863e-01,-3.093744490166431757e-02,-4.625193362927472740e-01,-2.078271471103086687e-01,-4.214576446730499137e-01,-6.462704075023754935e-02,-6.823698275604470620e-01,-1.185852623074209605e-01,-6.232270471024040637e-01,4.568009028299176433e-01,6.382629097717724687e-01,3.085133837323161821e-01,1.624034367777551502e-01,3.788906655773857657e-02,6.756334435589260445e-02,9.616524485425187452e-02,-4.133435749680001159e-01,3.552910946873488740e-01,-2.210942569061167054e-02,-1.122379357018830209e-01,-2.440230797043050348e-01,8.409028150597933071e-02,2.690138949400329438e-02,-2.967087590492960003e-01,-8.673051748491655832e-02,-3.184877276718093841e-01,-4.578162684078035949e-01,1.983559845177871594e-01,-5.954869035388084958e-02,3.005607076474889894e-01,2.236405166112495901e-01,9.546467205917849586e-02,2.359642151657103115e-01,1.478140058153699088e-01,2.201256073522409734e-02,-5.769210086482856603e-01,-5.196055592611498186e-01,4.047893080495897772e-02,-2.233185492060532074e-01,-2.772512834385892355e-01,-1.329511994691572607e-01,-9.694512904232149841e-02,2.983592050328174317e-01,3.621376809095602223e-01,3.973917156183663923e-01,4.760003236862127562e-01,7.274231700211515328e-01,2.750547119424759379e-01,3.445528013819032509e-01,9.005160616657144068e-01,9.255413020770927313e-01,-8.265202853044803510e-02,3.418930590189679930e-01,-2.503960178055781305e-01,-6.079552880332474984e-01,2.733641168537795374e-01,-1.939311413414983032e-01,2.755941680923687520e-01,-3.341761964025524723e-01,-5.879609766755081873e-02,-4.027312741453978329e-01,8.011423892940418012e-01,7.697254212195774326e-01,-2.915294256650742821e-01,-7.374556448925800867e-02,-1.616441610136772622e-01,-2.834734227089536623e-02,-4.305289415556278754e-01,-4.828003842585614769e-01,-2.410664169706260018e-01,-2.533952050551360191e-01,1.805147405830382634e-01,8.976274964882462182e-02,2.816502201624744850e-01,3.141785714763690174e-01,2.505587597376602860e-01,-9.876727266226106861e-02,2.933037056081652660e-01,-3.178401434531065162e-01,6.486685491480492782e-02,-2.154945817850103520e-04,2.708231304181647481e-01,-2.880579823769753300e-01,-7.326342078771392874e-01,-4.869131664164344508e-02,-5.149337068410274609e-01,2.676315983017247060e-02,-1.600791582659858159e-01,-1.281263380145477859e-01,2.260389826890121523e-01,4.490457148263749532e-01,-9.198206558071403416e-02,-2.902203187523094349e-02,-1.591414347395768147e-01,-5.892231171333796487e-04,-3.302386238805035124e-01,-2.120600581731983125e-01,-2.012937047815407388e-01,-2.272441176006038954e-01,7.123930376379421225e-02,-3.008142820290670913e-02,-1.214761109542888823e-01,-1.308497519190719161e-01,8.357298658699134630e-02,3.780737388668275467e-01,-8.472242171942366562e-02,-5.568247383686087959e-01,-1.468508760486639808e-01,5.167597498869366292e-03
3.224304395570058435e-01,1.744335679398120453e-01,0.000000000000000000e+00,-3.999386062452716661e-01,8.001961087957351615e-02,-2.777658862832748654e-01,6.288789733684611027e-01,-3.368239708963323698e-01,3.060929608945033853e-01,-3.525170953482062441e-01,1.475269895951014931e-01,-3.388105215332353759e-01,6.518868446606882472e-01,-2.748548405281925344e-01,3.793484035221096340e-01,-2.186690331870103643e-01,-1.704030399026389697e-01,-1.534801135376621939e-01,4.413331677712823420e-01,1.204543385923027704e-01,5.538429910737199813e-02,-1.948247526583976943e-02,5.473923151471509208e-01,-2.179610352104384419e-01,1.718432223786759416e-01,-2.781128833303155856e-01,-1.318542530451736750e-01,-1.406907932259933158e-01,1.271176135633326487e-01,-3.159487650038748652e-01,2.201659304656482241e-01,-3.179899966619356144e-01,-2.718734093224114967e-01,-4.830950242180238052e-01,-2.124395485638175263e-01,-3.303758017183991980e-01,-1.621572052056939051e-01,-9.359820727293000076e-02,-1.032634467177467597e-01,-7.651246922874298251e-02,-3.087054179003289600e-01,-3.560461205410846985e-01,-1.306948138361880250e-02,-1.849819880857175858e-02,-4.378425504193132478e-01,-4.227980145042952720e-01,-5.641423626560232440e-02,-6.253173637854519962e-02,-2.935139491527180011e-01,-6.241832728681276365e-02,-2.181938814972147478e-01,-1.135940668572238132e-01,4.458567203893387676e-02,1.427675093011304686e-01,-1.754307043546116801e-02,1.594444044657451764e-01,5.039734721932061234e-02,9.424322189871225941e-02,1.467065430934574866e-01,-3.390422342843450454e-01,2.273637101293080887e-01,-3.421155611613914682e-01,-4.782693593113079150e-02,-2.717535204741139410e-01,1.771043282962613818e-01,-4.960772516969883528e-01,-3.305752681393441250e-01,-5.725251278426519708e-01,2.381824169867497454e-01,3.202810564711630059e-01,1.913575108571949068e-01,2.323370067006650663e-01,2.974630562602874062e-01,1.691669369252183364e-01,1.305622731349818377e-01,2.357111805294744358e-02,2.811696690375662389e-01,2.971571288770143843e-02,-2.772333482694729345e-01,-1.632969328971030643e-01,-2.798696576183891671e-01,-2.504608533576245244e-01,-2.816144743998593158e-01,-3.785009351812580469e-01,2.183821136349474723e-01,-5.491545665686359268e-01,-2.818059246491279590e-01,-2.174634538736224532e-01,1.271576371413812856e-01,-2.741703203987430615e-01,-6.857904150355205453e-02,6.984768180719984620e-01,-8.772900895050876613e-02,4.793718595368687829e-01,-1.872843030659415361e-02,-4.741469963127914466e-02,1.407581760779785807e-01,2.135043348527525531e-01,1.052921017556320005e-01,5.663360791351430557e-01,1.356184685318996830e-01,8.164960845144925150e-02,5.338727955289759158e-02,4.372136911014053162e-02,-1.365837775929560835e-02,1.295383408992088758e-01,-2.353501580043336761e-01,1.264883586366527257e-01,1.935455291582538484e-01,4.250998967060557604e-02,1.831254849657824868e-01,1.474823947276386882e-01,-4.718118889511224712e-02,-2.965288631906671732e-02,-2.298200733501037062e-03,2.643326683346495232e-01
-7.659502677637296530e-01,-5.990874796367056110e-01,-3.999386062452716661e-01,0.000000000000000000e+00,-9.993301480745669929e-02,4.347355513115233050e-01,-6.447007898811278614e-02,8.651816527334931228e-01,-8.839514508721196817e-02,5.707053172691672893e-01,-6.583779738038897378e-02,3.567501116309995668e-01,-3.604832918718320900e-01,6.635983990289993084e-01,-2.381517338332123368e-01,5.274151160361675306e-01,-2.705111128611885629e-01,-4.541089001376724665e-01,-5.799388677277862447e-01,-1.331250174620742521e-01,-1.587720201435696699e-01,-1.340076757729523615e-01,-9.416672511335767715e-02,6.569862307114984201e-01,-2.131086119347876118e-01,2.159234971582459084e-01,-8.190781405367962564e-02,2.119488183649066992e-01,-3.933866687913186166e-01,-1.114504800345794550e-01,-1.035414087743597167e-01,2.143639868060126519e-01,2.989118707654319085e-01,5.234108184189861790e-01,1.242128049939986434e-01,3.876504712461960045e-01,-1.039571256535253008e-01,-1.364129903543398747e-01,3.853488875554735016e-02,-8.327188832729702506e-02,-5.480946183689058143e-02,8.479921765198362993e-02,1.031774678780826016e-01,4.807091875959779853e-02,-1.208837307643692155e-01,9.194396730112862348e-02,-1.703552609746624147e-01,-1.814338647713587549e-01,-3.367076389399169256e-02,-3.957221903007828168e-01,-3.599177211510521945e-01,-3.743522120071801629e-01,-2.551267150886307178e-01,-5.329196136461805677e-01,-4.187819650890211576e-01,-4.994588671453417117e-01,-5.849236632487987420e-01,-5.766216716094699768e-01,-1.624144360582594274e-02,-1.201231923613683417e-01,2.957006257039082042e-01,7.362182562810447584e-01,-5.509126429040226425e-01,2.529342651288701534e-04,1.109589892815718293e-01,8.189593749277738199e-01,2.642325105555538012e-01,4.853127252541334924e-01,-5.131373495557484121e-01,-6.074716827518626960e-01,-7.637517968050491768e-02,-1.899941938142873932e-01,-1.063940529719556161e-01,-1.081139764055132346e-01,4.608697600047848703e-02,9.993866896266308253e-02,-2.091922446261378632e-01,2.835392989964076113e-02,5.800107716816001180e-02,-1.781669303663324377e-01,-2.770453368465231603e-01,-2.390138535928614527e-01,-2.557130733711235893e-01,1.527433146817752385e-01,-2.987202928934054591e-01,6.136486284435429539e-01,7.708855057287693213e-02,4.081971987531231305e-02,-8.015659897980698112e-02,4.232676743205378567e-01,6.990331390717046123e-01,-3.188476494634152614e-01,5.951793870790914598e-01,-1.488351662719927804e-01,1.022337399214474501e-01,4.413486919188783220e-02,-1.579381819172360479e-01,-3.427958894534690049e-01,-2.117029826917747951e-02,-2.502716020143799236e-01,8.785155718521758805e-02,-2.050319077394528733e-01,2.214723711520968641e-01,9.184684786094488018e-02,4.448633655956729660e-02,-1.871947733798470445e-02,1.824153300786862386e-01,-4.066321164548324790e-02,3.194660596357541682e-02,1.397568303232681608e-01,-1.713092085537671894e-01,-4.076708697832545081e-01,-1.419612625341930556e-01,4.500859623583251534e-01,1.210341106159617264e-01,-1.345911043796713946e-01
-1.273847462725845592e-01,6.801315336110418108e-02,8.001961087957351615e-02,-9.993301480745669929e-02,0.000000000000000000e+00,3.910076218694159000e-01,3.667243454655387536e-02,-6.573372122950658925e-02,5.998360337923683838e-01,1.215808043728805604e-01,-1.750053564949166085e-01,-2.199110197509094033e-01,-7.968272196381563643e-02,-3.619087327971601958e-02,6.086790300778024271e-02,1.267872147002398198e-01,9.507181566896152902e-02,-3.156225275684486353e-02,-7.758550627177432379e-02,-2.533117078231479635e-02,4.101595106379472000e-01,3.043123076499973934e-01,1.111664400098327787e-01,-5.976292465995973469e-02,4.915742225458797354e-01,5.774897370276517172e-01,5.829616370559292937e-01,4.745906957224690359e-01,2.688110160716172120e-02,-1.162308350665846625e-02,1.850731386890435703e-01,2.964079053366637240e-01,5.735092879071345545e-02,2.369569558340584373e-02,1.883149385427050973e-02,-4.871443285762217662e-02,1.196444655183379613e-01,2.056399372009566073e-01,1.031748157475172456e-01,1.260395942276786863e-01,6.110618311257965535e-02,-8.927827229468882075e-02,-7.991773057861299712e-02,-5.669382929428361945e-02,-7.317747740627500441e-02,-1.820548621177678073e-01,-2.759430102686764516e-02,-6.247484296138022808e-02,-1.602996925159362873e-01,-5.518594268783708762e-02,-3.091336591008141121e-02,-1.276090289282180990e-01,-9.455033271401783179e-02,-9.353017559048564314e-03,1.706582500989680951e-01,2.974696181044050869e-02,1.010936331873804467e-01,1.904445614625860719e-02,-1.542557714585094664e-01,-2.924477450886437957e-01,-4.241550261063680577e-02,-2.463032718505879515e-01,-1.205068821448261607e-02,-1.503320782033655267e-01,3.532182161076877994e-03,-1.516115238781447216e-01,-3.053311400772891829e-02,-1.156965144914705174e-01,1.757174673275454790e-01,2.158201934168669234e-01,4.572335492469717377e-01,2.933803827394961261e-01,2.255204954094902625e-01,1.746546802105416740e-01,9.442338802221671157e-02,1.830545565993897672e-01,1.579244957827762308e-01,8.813261194243336705e-02,7.480520640546774180e-02,-1.923306740284159988e-01,2.011930126527398388e-01,2.117992618389263615e-01,-4.942227888367967115e-02,-2.218478059890511556e-01,8.437353680437063852e-02,-1.143916979724157457e-01,9.837013824710354182e-02,-4.280034068439086264e-03,-1.959150844704831210e-02,-2.397916309259250089e-01,-2.856735341180480919e-02,1.944807388314417629e-01,2.159913475134965233e-01,4.953456025310309582e-03,1.717894978011924589e-01,-7.525182987663055212e-02,1.866973339077768745e-01,1.225136408726773818e-01,2.937425738705391476e-01,1.288348344146645341e-01,1.186346901100819445e-01,1.016778285080425885e-02,7.073213833423440400e-02,-9.600640231266731328e-02,-1.349114164951113748e-01,-1.350271776800935908e-01,1.165097678616909549e-01,7.194531976857104771e-02,2.977165015955622607e-02,9.127700799791657257e-03,1.579587532223064028e-01,9.307236239660857113e-02,2.111276199133288733e-01,3.848197205419832262e-02,-8.903067439562580010e-02,-2.462285717012767938e-01
-4.821840783642095674e-01,-2.867613188832071058e-01,-2.777658862832748654e-01,4.347355513115233050e-01,3.910076218694159000e-01,0.000000000000000000e+00,3.206120060500247670e-02,4.024420023839899718e-01,3.242514877467264633e-01,5.668492678387477834e-01,1.211019803598910316e-01,2.924165217451513143e-01,-1.139586049984940425e-01,4.690982353864104892e-01,8.382594266599549537e-02,5.758135807566081565e-01,1.058829615890747727e-01,-1.343130011806632496e-01,-2.085375575922254476e-01,1.062685441540492243e-01,-1.660342755569338413e-02,-7.248300751915476119e-03,-1.959287360118355525e-01,2.401140673011783744e-01,-8.894361090332250641e-02,3.297348287259530553e-01,1.891385177714971777e-01,4.407815188649110705e-01,1.417368948238570056e-02,1.339811912967961149e-01,6.516600875298145246e-02,1.491696180893475332e-01,3.222228718430749095e-01,3.788084914580271412e-01,-3.994635676603588981e-02,4.702706872972865076e-02,-1.301731222813364286e-01,-4.171122837569731651e-02,1.134168488465570890e-01,-1.123937893401221189e-01,-2.432924883153405465e-02,-3.507301873610742769e-03,-6.982802399731118104e-02,-1.859440609262153973e-02,-1.831109233706143535e-01,1.471581405773500321e-02,-1.752125724004757468e-01,-1.932081545243842513e-01,-7.121257490722414374e-02,-2.274841102946628668e-01,-2.384011829816904127e-01,-2.889438879366827972e-01,-3.727331689788719871e-01,-3.745185008349514177e-01,-1.268138270696626824e-01,-3.464143559299259212e-01,-2.878681324107824069e-01,-3.541081499318740611e-01,7.648972871179801625e-02,-1.572505832088788025e-01,3.304102463211426866e-01,3.480933770718662168e-01,-9.022236651385635853e-02,1.739700675742660574e-01,-1.316403217324199904e-01,2.484302223733426129e-01,-6.873106236414070966e-03,1.643418983000317635e-01,-2.748298505425600946e-01,-3.008537982312832759e-01,2.316420384067332805e-01,1.218762540114696202e-01,3.531438740726168535e-02,4.447502581825285572e-02,2.601620600858313703e-01,2.041381910266270860e-01,2.947354703724848826e-02,8.279421705082198879e-02,1.943625451736317733e-01,4.780519278370083669e-02,4.409338200225756260e-02,-1.033361363186493936e-01,2.406999108350128119e-02,3.175082140714659273e-02,-2.107171729872306387e-01,1.441651612237059010e-01,6.957596712185586119e-02,2.320815803654515536e-02,-8.670858212025563116e-02,-1.046647062847530854e-02,2.754367498755657118e-01,-1.407901314197096410e-01,3.580117929768220630e-01,-1.140501644214366450e-01,2.711655523412571656e-01,8.460975091857655950e-02,4.710170579019607590e-02,-1.415910659370786528e-01,2.367220983087482133e-01,4.608715809154124987e-03,2.461875658144423440e-01,3.165252631987240661e-02,2.900248972831717675e-01,1.906524778644419493e-01,2.009922170440875122e-01,1.244575966777437120e-01,1.437171342043158662e-01,-1.624959149866369024e-01,-4.727266005744529785e-03,9.396992135800814883e-02,-1.068265484529978548e-01,-1.919629908322912359e-01,1.138417750327880423e-01,2.788021190970412788e-01,1.242739477596505465e-01,-5.128293812493191217e-02
1.258697026552181228e-02,-2.355305485144514321e-01,6.288789733684611027e-01,-6.447007898811278614e-02,3.667243454655387536e-02,3.206120060500247670e-02,0.000000000000000000e+00,2.290685417156678449e-01,3.265363112664805278e-01,8.809140793349624909e-02,5.115121693688035043e-01,1.808302415197689805e-01,7.305020921180708227e-01,1.186702864996481976e-01,4.414527706727761625e-01,1.919913521858077343e-01,-3.137348071594402987e-01,-4.185832887341062736e-01,6.103227343155263052e-01,3.570703219634849268e-01,-4.436369517751063279e-02,-2.079005262591152314e-01,-4.857417447171504671e-02,-3.360710025601189588e-01,-2.796962029476222633e-01,-3.498755011628483236e-01,4.672045972620397086e-02,1.334633804273828162e-01,2.642989345863057671e-01,7.993030155123806088e-03,3.057119342804996420e-01,-3.978333253514474421e-01,-4.999532669243145211e-02,-1.482295601733767398e-01,-5.724550139337459820e-01,-5.131672191316062337e-01,-5.820467710136113526e-01,-4.482190767136281506e-01,-2.640802603767505308e-01,-3.247411520446479294e-01,-4.826090624757491399e-01,-4.437050379779731157e-01,3.123380129439990438e-01,3.587885439845012181e-01,-3.334210774336804906e-01,-1.454633368850256903e-01,6.228288239992868514e-02,1.234534078263320872e-01,-1.065894911414903834e-01,-1.443829826806687366e-01,-5.046494075289333914e-01,-3.528989394114284694e-01,-2.563140518976973481e-01,-2.848595547600295541e-01,-1.846987114764431781e-01,-5.606430158295101773e-03,-4.071145245688833625e-01,-3.847902779614030266e-01,3.500192989318063885e-01,-3.377529464062513087e-01,4.433775586341975328e-01,1.798121231160101641e-01,3.899355076936534409e-02,9.545861514964520955e-02,-2.821833754200286926e-01,-3.726374313908729086e-01,-5.384984188254596793e-01,-4.533555431660016843e-01,-2.430813126115369260e-01,-1.274688696116851039e-01,4.857859140303871781e-01,3.319683307565820529e-01,3.498430886681198615e-01,1.850010117995293801e-01,3.773165021334236591e-01,1.351011059688037863e-01,3.073570161896157504e-01,1.831341446603970136e-01,-3.695369713754776964e-01,-1.160729334622637721e-01,-3.778141448612495901e-01,-4.731133318826217793e-01,-2.322089220737963700e-01,-2.176250011539432594e-01,-1.188555182943603766e-01,-5.660704591241523254e-01,-4.064594746702519523e-01,-3.970856131250259380e-01,-1.421279383209358427e-01,-1.458914125387630323e-01,3.041136465397000221e-01,5.875660988471119728e-01,2.150848058096151982e-01,4.883312652679315247e-01,1.016175421195612480e-02,-9.138007501182704440e-02,6.458932823493193642e-02,-7.626553344234784926e-02,3.946440585463763528e-01,6.412838640841678206e-01,2.431834387504841488e-01,3.325251559600807538e-01,1.530427766883374618e-01,2.241543737675065207e-01,1.958056777154280059e-01,1.117466163607440388e-01,-1.410570564628059742e-01,9.952211565853665010e-02,9.693079926987535622e-02,1.233677785014302281e-01,2.208928286554866227e-01,1.400093961079580951e-01,2.257751976462876384e-02,1.297733968049378239e-01,1.514391203778832629e-01,1.525658013706309157e-01
-7.608913463107590536e-01,-7.042644645321430863e-01,-3.368239708963323698e-01,8.651816527334931228e-01,-6.573372122950658925e-02,4.024420023839899718e-01,2.290685417156678449e-01,0.000000000000000000e+00,-4.275140869277871229e-03,5.883264920922469665e-01,1.492955687769862150e-01,5.547955375341222517e-01,-1.254386590683585490e-01,7.796845029846095620e-01,-1.292002776624694149e-01,5.773613432424846703e-01,-3.332188853833870090e-01,-5.330532035042477856e-01,-3.378754300871902871e-01,-3.758188143251498317e-03,-1.313401981920357953e-01,-2.186881969656848945e-01,-2.606551924538572096e-01,4.262246817121949083e-01,-3.205930806634556540e-01,1.430279569314436283e-01,-2.438076232868405940e-02,2.446489836931115547e-01,-1.620234412720629458e-01,4.414346782276797054e-02,1.634399014662665517e-01,1.749126735648774689e-01,2.924573782776118125e-01,5.165613911697677363e-01,-1.678614578693798098e-01,1.276489710706953662e-01,-3.397389513466068101e-01,-2.919804067952431192e-01,-1.400419021447455725e-01,-2.447910660221022106e-01,-2.587423859842303830e-01,-1.387562009102452643e-01,3.205590918205626916e-01,2.803221516126088164e-01,-8.932538322960416333e-02,1.537010740260492947e-01,-6.225241050672718907e-02,-8.836939652533755407e-02,5.841447245357633128e-02,-3.741671032827187382e-01,-5.168527573376143769e-01,-4.998951714278964675e-01,-3.157526342803739783e-01,-6.760783726664932880e-01,-4.817540063803597006e-01,-5.456677091466993756e-01,-7.428580669715373341e-01,-7.467304001127270663e-01,4.134879573470841285e-02,-2.145052977166372610e-01,3.731234708849143766e-01,8.447609373525946097e-01,-4.356183816981020751e-01,1.418862981171379323e-01,-1.641499316138037012e-01,6.194486914518283482e-01,-6.302150026085108969e-04,3.303922794218162595e-01,-6.662895762597654814e-01,-6.972360308422804742e-01,2.258922418556797707e-01,7.312446125540382480e-02,1.333785427138756141e-01,5.973071109303742382e-02,2.125474853753646642e-01,2.663334280389128006e-01,-7.944477787565054627e-02,1.226072255954829826e-01,-2.256045083855892641e-02,-1.481806499231974605e-01,-2.933711958301742917e-01,-3.038050000095258163e-01,-3.361751486826817792e-01,2.349648729159704852e-02,-4.091307766940158186e-01,3.912378896403755912e-01,-1.327855426308237330e-01,-1.898179564803590402e-01,-2.288418765933399324e-01,3.321519228842195748e-01,8.192603045157037522e-01,-1.257427179417615892e-01,6.948486233887752883e-01,2.138187012906904438e-02,4.391490778063020933e-02,-3.214705087838567576e-03,-2.265672758443312007e-01,-4.468679338605002216e-01,1.876705798278527626e-01,-7.619041864278854048e-02,2.232769370722264834e-01,2.291694203641362823e-02,3.128000208426640061e-01,2.261408869176286529e-01,2.109403289013435101e-01,9.267402445386554999e-02,1.690029211224204631e-01,-2.000320683685127138e-02,5.210536975728919523e-02,1.228515430895294053e-01,-1.831157925433983813e-01,-3.246234250655503639e-01,-1.101093085200926802e-01,4.915182155818696441e-01,2.394749515457270383e-01,-6.184553818399392972e-02
-6.517347452155490550e-02,-3.093744490166431757e-02,3.060929608945033853e-01,-8.839514508721196817e-02,5.998360337923683838e-01,3.242514877467264633e-01,3.265363112664805278e-01,-4.275140869277871229e-03,0.000000000000000000e+00,4.034346707268672838e-01,2.667015504302746032e-01,3.496617988849197445e-02,3.755218933154453320e-01,1.925880415298641679e-01,4.791918935197034268e-01,3.273947615836886316e-01,-5.460521250140839417e-02,-1.701111115946470909e-01,2.818641940575309854e-02,3.955539740047696188e-04,1.381038665304972768e-01,1.637337163840130172e-02,5.536982871584708588e-02,-1.334762714241507775e-01,-8.059104010005167795e-03,-1.992613247658192935e-02,4.463332819721413380e-01,4.261287725206162058e-01,1.493924826608405421e-01,3.411459259686803677e-03,6.101910358791076683e-02,-1.249043863382733738e-01,-1.455569145901615957e-01,-1.947477500869986555e-01,-4.158513272131771354e-01,-4.336563306638962501e-01,-3.563066110824188448e-01,-3.230633715989121302e-01,-2.141993415696086256e-01,-3.593926069545186897e-01,-8.624279039611887354e-02,-2.434331168701645010e-01,-4.089468106814909271e-02,2.030139977598785853e-02,-2.749740746604425468e-01,-2.067601786691592447e-01,-3.150235187071378931e-04,5.806874470323879905e-02,-4.215039593682276542e-02,3.209481634440419784e-02,-6.791989865406096449e-02,-1.831207330374398923e-01,-2.442639976512656630e-01,-8.953696399036273346e-02,-1.006300056216917066e-01,-1.727571529743927026e-01,-1.055988995584892232e-01,-1.424038365413929086e-01,2.155641404791406868e-01,-2.753433301498976471e-01,4.860786309885825052e-01,-4.723738020981654157e-02,1.104544969377339175e-01,-2.191040548548678357e-02,-1.582738113006848246e-01,-2.813279924131974474e-01,-4.635385454423180951e-01,-5.071428360873473373e-01,6.519933020720018735e-02,1.502257394308967042e-01,3.231897408223915469e-01,1.956584537243031274e-01,1.906667080916748802e-01,1.206078352956983790e-01,2.321797687706568525e-01,1.047664154831870753e-01,1.522453094629322989e-01,1.324221292764268254e-01,-1.481572200646525672e-01,-1.908919043291710527e-01,-4.104612360516476238e-02,5.392691357940025687e-02,-8.984627132892133994e-02,-1.164786597919653111e-01,9.602093070387723861e-02,-2.139836209889857677e-01,-5.128067044459871243e-02,-6.701659485578272124e-02,4.239690626199478507e-02,-3.436140511678635323e-01,-3.432064085511804096e-03,4.684325029440053467e-01,2.333054856449273406e-01,2.509788711358397761e-01,-2.047904997882757372e-02,-1.665017547344230520e-01,-3.980433561505473256e-02,-1.602252250520064814e-01,1.617360683709542779e-01,2.895453546812815637e-01,9.193058728098193327e-03,-1.321627316910080063e-01,-1.150883835911704622e-01,-2.219014654229619909e-01,-1.204017417602521040e-01,-1.258620058967469257e-01,6.016734129234068036e-03,-2.003593243566066315e-02,-2.502179805335116511e-02,-9.908741165439206855e-02,6.135082163460179455e-02,1.521403682567859690e-02,1.317044267879360353e-01,-3.973818728483991675e-02,-5.686920248008415710e-03,-4.114165042912914377e-02
-5.768350319912491919e-01,-4.625193362927472740e-01,-3.525170953482062441e-01,5.707053172691672893e-01,1.215808043728805604e-01,5.668492678387477834e-01,8.809140793349624909e-02,5.883264920922469665e-01,4.034346707268672838e-01,0.000000000000000000e+00,2.264131357309128734e-01,4.552395670080557899e-01,-7.141172969525932945e-02,6.110283995662356693e-01,2.531190719196671490e-01,8.175073027066979137e-01,-2.758023859789210386e-01,-3.649098364163374519e-01,-3.006436111473578254e-01,-1.268564948093778288e-02,1.933583437747090489e-02,-5.978110839656251146e-02,-3.372694068327499739e-01,2.726626340563066409e-01,-3.320948676434356539e-01,4.728054150227376656e-02,3.258160170564624591e-01,4.666577937546633748e-01,-2.219091553726616761e-01,6.194118859857995762e-02,-1.597939959830938783e-01,-3.915022616465846372e-02,8.041608800681042390e-02,2.182218668778005966e-01,-2.390059858277043814e-01,-6.005735516666053236e-02,-3.886261126225992735e-01,-3.690404551550123258e-01,-7.511007920759145418e-02,-2.839420053221482498e-01,-7.285688905951406835e-02,-3.605602098247107090e-02,1.605905695581372472e-01,1.944278290416328048e-01,1.402142510318587837e-03,2.751218361628750553e-01,1.188471862831139841e-02,6.491485224942183940e-02,2.391620829091588019e-01,-3.482948461903485199e-02,-1.639673895698748884e-01,-1.610723810462601768e-01,-5.067603721760858271e-01,-4.752730289702306044e-01,-3.255092584618566875e-01,-3.624021837107618271e-01,-5.729786390079333325e-01,-5.184380594253914509e-01,1.053107050079171852e-01,-3.654011008448834752e-02,3.399467048006413750e-01,4.483358509544242976e-01,-2.224909237228001879e-01,5.421438591040093208e-02,-2.552398681129204316e-01,3.168702464617835779e-01,-1.492107032285974744e-01,1.071110033864825922e-01,-4.330301688321940290e-01,-3.551026296305794250e-01,9.521352109128924934e-02,-9.608974422680251204e-02,-1.022047941505536545e-01,-1.373699301445464871e-01,2.349137405299890624e-01,7.040657467685580706e-02,3.796951766762206998e-02,1.878930938813553053e-01,-1.750427428648159700e-01,-1.169806999862760127e-01,-2.305316957471186257e-01,-1.238676645090134587e-01,-3.771021182436715136e-02,3.041137651822013455e-01,-2.453334205840091431e-01,3.336335411530662598e-01,1.509233602108979166e-01,1.209469487086902023e-01,-7.342669638907864393e-02,1.899000256700508205e-01,4.324798909319482187e-01,-6.087167169099211989e-02,4.255329187329752738e-01,1.433449400947986105e-02,-9.670615232693970109e-02,-1.581809771801906683e-01,-9.363412755234302998e-02,-3.890089811431815536e-01,-2.842312111737337749e-02,-5.423529194172731216e-02,-9.874397129290464481e-02,-2.059565447653819714e-01,-3.602514120602881564e-02,-6.729447565317049629e-02,7.386626770898879757e-03,-1.040194947722930252e-01,4.399813591797416268e-02,-1.316782132311422049e-01,-1.076032594559787892e-01,-4.329778234573217199e-02,-1.093431513213603407e-01,-3.593942577054102805e-01,-8.108560623086658037e-02,2.334723046151020442e-01,7.556158638331901545e-02,-1.194200048034464584e-01
9.799459942409563529e-04,-2.078271471103086687e-01,1.475269895951014931e-01,-6.583779738038897378e-02,-1.750053564949166085e-01,1.211019803598910316e-01,5.115121693688035043e-01,1.492955687769862150e-01,2.667015504302746032e-01,2.264131357309128734e-01,0.000000000000000000e+00,5.951298538314359066e-01,5.299351932749418737e-01,3.285766898695279270e-01,3.009893049236378459e-01,3.144642103295049451e-01,1.056893931752791033e-01,-1.300965272602138956e-01,3.779266136820453315e-01,4.804192367600072511e-01,-2.605750740550176192e-01,-4.110962150926880110e-01,-2.742631204598371952e-01,-3.073883816768693822e-01,-5.257431862189767546e-01,-4.972842086696680486e-01,6.206655002440350510e-02,1.779425714341257569e-01,5.491436667267727278e-01,3.787927025576780515e-01,2.661714377254265074e-01,-3.628961103572611036e-01,2.105452905000893271e-01,4.373683913841133059e-02,-6.577477797218689304e-01,-5.925443523903861642e-01,-7.160876936473097309e-01,-6.502385849093974546e-01,-6.230430658998583615e-01,-6.937432784974493227e-01,-2.723993102046701198e-01,-3.616519349403419792e-01,3.770238883017828502e-01,4.493215196144165757e-01,-1.047023407324051136e-01,1.361857604988476744e-01,2.398168006351324433e-01,2.457800253914585731e-01,2.762691270811161171e-01,-3.070102991256176347e-02,-2.542512240582456284e-01,-3.439773048002148226e-01,-4.203478587353969287e-01,-5.008072014897487767e-01,-4.766407766133537449e-01,-1.895244654769479287e-01,-3.298589597446940913e-01,-4.159405559328488988e-01,3.429213384665879549e-01,-1.173766845446893997e-01,4.171369546049669697e-01,3.212519668655438032e-01,4.628967737775062652e-01,6.014684148507868366e-01,-6.411979163923156033e-01,-3.775140558209466590e-01,-5.524461865093431845e-01,-3.096600472508046487e-01,-4.230420755267984556e-01,-2.765838710637438247e-01,1.655232233146437804e-01,3.017807709345318723e-02,2.024639289319167257e-01,2.469453764016197594e-01,3.264128203558078201e-01,1.431230016234514846e-01,2.681582009876273820e-01,3.367649940610863424e-01,-1.160630417639775015e-02,1.968642953817832386e-01,-1.137273478489008310e-01,-1.694865381716736674e-01,3.462184352219464106e-02,-6.629754637531894146e-02,-4.001562976119747428e-01,-3.971999945534318566e-01,-4.826838618987306928e-01,-4.151386874837424412e-01,-3.332718151360499204e-01,-1.287031172573683824e-01,1.540874616118894369e-01,3.739443858146635491e-01,1.486725926560723832e-01,3.896339912681751061e-01,9.961813117922548033e-02,7.497552698161429052e-02,-2.227084889115600874e-01,-3.030955752502278444e-01,2.057575634365857442e-01,4.271042909198187187e-01,3.903719552762098810e-01,3.865702712523440554e-01,2.306409385397470979e-01,3.347810862171824442e-01,1.975025944731547967e-01,1.221666365983020558e-01,6.289356685696684268e-02,6.638654845612224076e-02,1.932504264084584089e-01,4.644546572580070948e-02,-6.440137189688908970e-02,-3.831392805847156236e-03,5.622599383549260754e-02,7.483992209656112338e-02,1.422190080325432980e-03,-4.472679344006958574e-02
-3.954804468946723772e-01,-4.214576446730499137e-01,-3.388105215332353759e-01,3.567501116309995668e-01,-2.199110197509094033e-01,2.924165217451513143e-01,1.808302415197689805e-01,5.547955375341222517e-01,3.496617988849197445e-02,4.552395670080557899e-01,5.951298538314359066e-01,0.000000000000000000e+00,3.957706332142751221e-02,6.929930857424421164e-01,-7.161775289242189313e-02,5.297549649204646993e-01,-4.484461157822641070e-02,-1.519029041865610219e-01,-6.657966402629957037e-02,2.751085600967537181e-01,-1.895739973184116522e-01,-2.651029811631698818e-01,-5.227128305919790385e-01,5.892143533228451358e-02,-5.115103132344904768e-01,-1.674322558242291592e-01,1.636310621166361598e-02,2.239220437521617368e-01,3.107966796416134492e-01,4.159383056644254117e-01,2.337435357476636832e-01,-7.003952472765531678e-02,2.173738322567766446e-01,3.539461334281918115e-01,-5.196606845604218039e-01,-3.204141175991301882e-01,-4.796352959238131541e-01,-4.543844607102663913e-01,-4.051715562616967081e-01,-5.244045131798090731e-01,-1.590651164522469477e-02,-1.563755430626054821e-01,3.517920674328197106e-01,4.009032905599405061e-01,5.827492187535481677e-02,2.822832149060829909e-01,8.379769794867715504e-02,6.219636566680326190e-02,2.851763964871764645e-01,-9.284469137548941042e-02,-2.628403360287001056e-01,-3.574805636949975329e-01,-4.529978016035576815e-01,-6.409482356616558185e-01,-5.607304853053761695e-01,-5.304711130128363372e-01,-5.417354748571029388e-01,-5.830971819632386755e-01,3.277560453495570458e-01,2.819371656379744337e-02,3.483307928724233560e-01,7.150513519041523658e-01,2.417006564799347723e-01,6.945211321756600276e-01,-6.135785087132771265e-01,6.288126239975913578e-02,-3.415871750810590690e-01,3.697481481790008268e-02,-6.301773736939718651e-01,-5.730657167920455430e-01,1.401998137751899742e-01,3.688293052801494554e-02,2.370272660597843306e-01,2.150132278266212449e-01,3.289427909598101607e-01,2.413671180968108843e-01,8.040465204663703458e-02,1.999782924878428791e-01,2.195824157045156086e-02,1.568328156596842382e-01,-2.212044102931941258e-01,-7.561220237800372890e-02,-1.392242440667390514e-03,9.387181810409607474e-02,-5.297918328750050865e-01,1.406071800421433149e-01,-3.128424413466653897e-01,-2.902846949583601788e-01,-3.035825788876883591e-01,1.543312582183226922e-01,4.113466475988629689e-01,-5.185190932669004465e-02,2.272325888573908381e-01,-3.396792841986624560e-03,2.012462511383176014e-02,1.157409002260544745e-02,-3.280651916151471892e-01,-5.087781099667930684e-01,1.923554553037923331e-01,5.173368323757147891e-02,2.664679021988449192e-01,1.967479550586562764e-01,2.723445108067306109e-01,2.990868639106313842e-01,2.068835544448534847e-01,1.233766885983576117e-01,2.870352980444558152e-02,9.709562489466548596e-02,8.075449192160220890e-02,-1.276457018909887831e-02,-2.553743162006582024e-01,-2.923295240153570562e-01,2.997249152306493553e-02,1.562803716950361410e-01,-6.785447877054509580e-02,-7.483791105792661144e-03
2.723264422787771699e-01,-6.462704075023754935e-02,6.518868446606882472e-01,-3.604832918718320900e-01,-7.968272196381563643e-02,-1.139586049984940425e-01,7.305020921180708227e-01,-1.254386590683585490e-01,3.755218933154453320e-01,-7.141172969525932945e-02,5.299351932749418737e-01,3.957706332142751221e-02,0.000000000000000000e+00,3.450801853948659570e-02,7.223980633935780382e-01,1.671539913552180789e-02,-3.138717435215948592e-01,-2.669904106314063275e-01,6.437488095963703749e-01,2.436244121730881951e-01,-2.938297044313093603e-02,-1.551514179082665035e-01,8.800168652417868220e-02,-3.821970869476801203e-01,-3.182352024648551492e-01,-5.276341402604106667e-01,-6.829051819598652706e-02,-9.558780940979327845e-02,2.769403259769652181e-01,-6.935626697827626530e-02,1.336914735554596001e-01,-4.685957663473154233e-01,-3.074330707810705721e-01,-4.324718034475166784e-01,-4.875483250253822010e-01,-5.403885286688374645e-01,-4.616778519672251613e-01,-3.031566374028637489e-01,-2.738629745982755770e-01,-4.285524252767424769e-01,-3.985882912003256284e-01,-4.501913876820868299e-01,2.254523509868922859e-01,2.722868499066773418e-01,-2.436607550200511896e-01,-1.923068967871060797e-01,4.537487655337558295e-02,1.357746710200524454e-01,-1.081208290499241081e-01,-2.296455677727538003e-02,-3.002389526757767713e-01,-2.431933675576794240e-01,-1.192163277247400982e-01,-1.070481834336804994e-01,-1.532349936098967302e-01,-4.496209214645985157e-03,-2.193504519834603428e-01,-1.951380952467817453e-01,2.850397702253811838e-01,-2.454746179817294260e-01,3.212921239561138953e-01,-1.044358644392965746e-01,1.168640073904835402e-01,-8.201970986685631904e-03,-1.430078147141040368e-01,-4.843465771891855010e-01,-5.145045775161910528e-01,-5.425261467370899870e-01,-8.887949016963302140e-02,1.698498949663395513e-02,3.236725037617912970e-01,2.397756666535326431e-01,2.597345794909057815e-01,1.066153152423237743e-01,3.270381850829713888e-01,4.755583759836964214e-02,2.461766077196011482e-01,4.565479732844576755e-02,-4.183240273054743552e-01,5.900250149563418187e-04,-1.919041990558509048e-01,-2.772895494586155585e-01,-1.264455059100833556e-01,-2.856386673908753449e-01,2.644999533286500615e-01,-5.229417055572329609e-01,-3.019963143010329087e-01,-3.566096492655376760e-01,-6.930329983336702693e-02,-3.670957311840022941e-01,6.380468525898295995e-02,6.627757304117192216e-01,1.125173007878583487e-01,5.103748862837964584e-01,-1.264731509719401459e-01,-1.887942287933858099e-01,8.333769912211598518e-02,-2.782030081937961630e-03,1.557927112914015699e-01,5.498212017008289321e-01,1.225268121886565198e-01,2.768345295797505212e-01,3.266635929918360742e-02,1.048464211477692504e-01,1.139416002492072283e-01,2.209844289324142119e-02,-1.804631546018584110e-01,-1.182056991333034351e-01,-5.964074250249396664e-02,-8.431091430367784745e-03,2.772164264522287147e-01,2.257621131561934613e-01,2.958676873866459764e-02,1.315703131442378659e-01,2.471088294234493887e-01,1.958699945109724783e-01
