0.000000000000000000e+00,4.349168589439438848e-01,4.939600345696809613e-01,2.647441240795310180e-01,2.736254538898539868e-01,1.959622238448569531e-01,5.246905649903355062e-01,4.533117206753389250e-01,2.041806039797532946e-01,3.335092056743730327e-01,2.911014292622344235e-01,-1.574162092443822658e-01,3.143180811927746010e-01,2.938052417503687064e-01,1.130143741198174484e-01,3.753826228934695197e-01,-2.643501332324473818e-01,-2.649478583154752931e-01,5.150775496215287408e-01,5.229786088119866561e-01,-2.741353592101951342e-02,-9.457810625623987166e-02,1.935508742016084083e-01,2.527338775181215969e-01,-8.844203855024383720e-02,4.538421964153144944e-02,2.184521911976881337e-01,-1.141672387915320663e-01,-1.642394803560698613e-01,-1.863674820949640099e-01,-1.242141202538204897e-01,1.552342536048560984e-01,1.651878073929766433e-01,1.792996815275447187e-01,-2.110661764837799548e-01,-2.452062197051799730e-01,-1.603283117410398140e-01,-1.629617126930792970e-01,-2.392952504968536842e-01,1.440498125082642113e-02,-2.046830939381045766e-01,-1.465119254205384247e-01,-4.834868624905642176e-01,-3.313743546392158845e-01,-3.832060710994241726e-01,-4.059923885504591046e-01,-3.258539169716420658e-01,-4.603734270806573714e-01,-3.010783423829450633e-01,-2.574250990873636624e-01,-9.952939484176183405e-02,-2.635711068727141781e-01,-4.381550498557885143e-01,-5.234845054840392420e-01,-4.698017004726108281e-01,-4.628397362540971893e-01,2.761914288258899286e-01,2.379636778676550157e-01,4.113372050970941496e-01,4.118449626136430619e-01,5.191973654976470565e-01,3.682587747083497232e-01,9.895100406081561162e-03,-4.681972119344432470e-02,-5.441892397958616318e-02,1.239389675433009014e-01,6.929593512258837296e-02,5.290671391055033063e-02,1.776567618350137767e-01,3.774889689308717072e-02,-4.246134588080055505e-02,1.569405801114771570e-01,-5.743333299254661795e-02,1.070121564968340294e-01,7.750992993848482282e-02,-4.114579319439221061e-02,-1.694608990575615370e-01,-8.410029595802666347e-02,-2.268349494203934502e-01,-1.624014276712185678e-01,-1.493355905166135755e-01,-2.755907019198275409e-01,-2.336323196195691787e-01,-2.233201600443571744e-01,-1.012276225783074329e-01,-3.211261154906940862e-01,4.179921311120120275e-02,1.111116445149317455e-01,-2.790852545540099122e-02,4.432007796845831987e-02,-8.832030562157279496e-02,-2.201410981549881130e-01,-1.121643462733513535e-01,-1.331767653780522864e-01,-2.174450675822066636e-01,-4.688849590435331116e-01,-2.861865011332751507e-01,-4.355444977888086044e-01,-2.107524034027537935e-02,-1.530678256548145821e-01,-8.045903185868795437e-02,1.347348447499301452e-02,-2.595438497410613166e-01,-1.309157729424320349e-01,-4.224749573710561146e-01,-1.031287385158199538e-01,-1.574893136919812975e-01,-1.963756250104011780e-01,-1.434515731949665973e-01,-3.167489033203655380e-01,-2.102411189891994214e-01,-6.249873705968482518e-02,-2.669659678591378427e-01,-2.396024104552350320e-01,5.215862575812465346e-02,-3.788565532372251132e-02
4.349168589439438848e-01,0.000000000000000000e+00,-5.043872616537552894e-02,5.877687481155823707e-02,1.786924082123047819e-01,1.732615419658639078e-01,2.590907200580647510e-02,7.409854806552687578e-02,-1.493976727199973209e-01,9.307468422800808938e-02,2.021316030542074371e-01,1.457926667194241188e-01,-1.584870978541439990e-01,4.129634644329353843e-02,-1.927402864448843900e-01,-3.435494983970176219e-02,1.567224512256940872e-01,2.386160041582174873e-01,6.329035754831178195e-01,6.500309743882832780e-01,-3.421496906192604825e-01,-2.198160979318501962e-01,-8.845579958668844944e-02,3.351242434533174136e-02,-2.309889579795253167e-01,-1.485546946352109265e-01,1.751725064246653085e-01,-2.079899752620134601e-02,1.516463709626448830e-01,-1.591815546460073963e-02,-2.026501603512459171e-01,-1.557090011000946961e-01,2.586356132449600942e-01,2.313556523571050350e-01,-2.029884896601396593e-01,-1.526973808044646275e-01,-3.431963476456376672e-01,-5.993411717381597059e-02,-1.867004419360101530e-01,-1.100878997779298207e-01,-8.158992582268279059e-02,-1.077863983397672927e-02,-3.566522240258011567e-01,-2.169338375055901713e-01,-2.205038529536183789e-01,-3.088205336435460857e-02,-2.152219156229802643e-01,-3.074456739058407662e-01,-1.513960962676326460e-01,-1.476695986493532509e-01,-3.762212210666393553e-01,-4.266192443474605689e-01,-2.796363638284449782e-01,-4.114063040766357537e-01,-5.768437897876133730e-02,-1.647399554557619217e-01,6.576587775893617538e-01,8.060373500152615556e-01,1.623085712667237390e-01,3.075058667702382786e-01,2.624291192485752044e-01,1.212525019600977083e-01,3.638720775466853796e-01,3.831122937580099808e-01,-4.768082510046343925e-02,-4.902442460292494308e-02,-1.303516839185536458e-01,-5.201291956490154689e-02,4.300803535446898751e-01,1.389863927020621170e-01,-2.011854949419793204e-01,-1.209427579815144371e-01,1.364576624278311112e-01,1.527163109368270266e-01,1.728380122106716876e-01,2.823125974145750949e-01,1.533077145725273982e-01,3.205472011880307615e-01,1.430073422570962982e-01,1.868754327840510543e-01,1.412129563750975370e-01,6.187126343547464519e-02,-1.556423679291969453e-01,-1.354214425960685864e-01,-1.840142174502785166e-01,-2.801120515325847826e-01,1.064006737805675978e-01,4.347915482388921282e-02,2.672136210961059133e-01,6.349215764580708188e-02,-3.712739646861804715e-02,-3.051644849129794834e-01,1.286316164770446961e-02,-1.995404616418619548e-01,-1.539675166598377942e-01,-2.207764432700767832e-01,5.173350777680494478e-02,3.030810923620402136e-02,4.803793020805027236e-01,2.321630832425126689e-01,3.868334648602531622e-01,2.004287228616689065e-01,1.477174010357537315e-01,2.004312239870947587e-01,-1.453006251635678980e-01,-1.827257134487722812e-01,-1.393833640373673965e-01,1.692685200341106644e-01,-1.381839586848835899e-01,-2.056877756920223177e-01,2.064216297054756177e-01,1.928993232625101362e-01,8.151660117833453567e-02,-2.035803685482101000e-01,-2.674491724347103916e-01,-8.838669750657313084e-02
4.939600345696809613e-01,-5.043872616537552894e-02,0.000000000000000000e+00,3.279372266643026945e-01,4.078091049341246999e-01,1.256272843257837113e-01,8.656748611492537382e-01,4.007509132548969233e-01,2.344726887031759466e-01,2.899754277377277756e-01,-7.105487167352025901e-02,-2.607834261914718788e-01,2.841191181177177283e-01,3.717495025020695759e-02,2.002844433825578807e-01,2.182060591492045176e-01,-4.312237097793176765e-01,-3.642895079918250789e-01,3.387258975301761788e-01,2.590600123125048615e-01,-1.500252212047424039e-01,-1.505807904972809863e-01,6.157746768289917849e-01,5.141751996670395064e-01,3.511529273543444463e-01,1.769291439158634793e-01,1.099454060503914921e-01,-8.510517167987280418e-02,-2.174956690591171304e-01,-8.863881368598013066e-02,7.223054452044835871e-02,4.629657362172506785e-01,2.596502370180924779e-01,2.179632458133950734e-01,3.536474455998369071e-01,1.303533980309916872e-02,-6.561018029205406554e-02,-2.591082952922723615e-01,-3.231632650175323418e-01,5.215076892460936142e-02,-3.318253227162735186e-01,-2.951986831292746083e-01,-2.938691897130996100e-01,-4.469841190826448485e-01,-1.206707949685608960e-01,-4.469944609916890466e-01,-3.596819255002836058e-01,-3.304851409589534272e-01,-2.753428657526273970e-01,-3.475969547004402749e-01,-1.287968599145496509e-02,-1.930064565146379363e-01,-3.685442401814248981e-01,-3.099074752968607460e-01,-4.551712320013305835e-01,-5.516022716615442967e-01,-2.636758195613865263e-01,-1.400846443290280352e-01,3.738556108015905766e-03,-1.847413521769973033e-01,2.979845390997759025e-01,1.055371300366571008e-01,-3.252850306528392021e-01,-3.836447282665025882e-01,4.045187523586531997e-01,2.810419310236423884e-01,5.235126966387085856e-01,1.306086950832905103e-01,-2.134534735340466727e-01,-2.700211927206535578e-01,6.552559164337057318e-02,3.268298669551994995e-01,-7.938083689125595421e-02,-3.687364922956760938e-02,-2.210732141383903171e-02,-2.414377551073835504e-01,2.959559234693756591e-02,-5.877558866101693230e-02,-4.310405660515138071e-01,-3.559101100598223710e-01,-5.607325961554102678e-01,-5.849253519836447035e-01,-2.108085608313196857e-01,-2.028768192669510584e-01,1.247939425287279691e-01,-2.302749035779329267e-01,2.384140355432334268e-01,2.075009191902484895e-01,3.966417920549703685e-02,-1.674265619093885313e-02,-1.077879774078130681e-01,1.258634248974293546e-01,-2.275931130552258375e-01,7.643212414154799961e-02,-3.309401645563229133e-01,-2.941944092504040764e-01,-4.481150431717163540e-01,-4.948302563068086579e-01,-2.248413899639398195e-01,-2.588667255587354665e-01,-4.398109191088937497e-01,-1.997812452278256712e-01,-4.808280386491951552e-01,-3.795397895325521298e-01,-4.530803704184594993e-01,-1.891946764313045537e-01,1.026259931910469686e-01,-3.331768991856916551e-01,-1.892595905860020022e-02,-1.566589919377086304e-01,-2.061918446724568810e-01,-5.066728407183851424e-02,-4.067995221571517050e-01,-2.334318339647774021e-01,1.173645389779427728e-01,5.161045948529210253e-02
2.647441240795310180e-01,5.877687481155823707e-02,3.279372266643026945e-01,0.000000000000000000e+00,2.394917188720967482e-01,1.807430199537597149e-01,4.114321523595525498e-01,7.595271115018672470e-01,-1.676313896567380446e-01,3.074244112435688403e-01,-4.135177524663414261e-01,-2.291190457445658191e-01,-2.965979817346920400e-01,-5.814874781442319097e-03,-1.498149481612139067e-01,2.323936664091456605e-01,-3.656683389187486699e-01,-4.114872828121975412e-01,-9.438043982437201163e-03,1.214963393798851737e-01,-2.759156957258347975e-01,-3.441200406436145109e-01,7.831961544406010334e-02,4.569503101435836712e-01,7.188872552194951193e-02,2.671454095406261553e-01,1.266686966720760588e-01,1.845917211611396436e-01,-2.522779737957687729e-01,-4.146624257749150777e-01,-2.370623981849264428e-01,2.942212538863961391e-01,-1.804872546729059668e-01,-4.251032090550099091e-02,-3.297372289831163733e-02,2.538880643026217854e-01,-4.619968662949109142e-03,-5.168005260824188457e-02,7.640579045443962602e-02,5.304390843883263068e-02,-1.380419922610859329e-01,-1.540512462830455342e-01,-2.778937300196898108e-01,-4.691730680464502590e-01,-4.299605489602585373e-01,-3.245509828739591707e-01,-3.912774982858081008e-01,-1.595237449862337287e-01,-4.278431962445838899e-01,-3.447460273614336712e-01,-1.526244623419604485e-01,-1.078715691238769508e-01,-5.944015422054306219e-01,-5.195954778959694931e-01,-4.544685498701702131e-01,-5.004317867505161388e-01,-2.905611798082808894e-01,-1.359590198841517661e-01,2.883906806076184659e-01,4.034476452407936287e-01,6.275445272235843919e-02,4.739945987883379397e-01,-3.211692444538242208e-01,-9.834958447573345641e-02,4.997367213854518320e-01,8.020070267869321423e-01,4.225541931493285164e-01,7.704350929133335635e-01,9.981202910720056443e-02,8.517198707225313858e-02,4.411015580137558900e-02,8.900399015481738618e-02,-6.738633204134653054e-02,-1.110386367028295268e-01,2.468623844623192565e-02,-2.042985775957515127e-01,-2.327119492458063765e-01,1.047725573420322520e-01,-2.373081922428070534e-01,-4.136310035549112807e-01,-4.032195399525588253e-01,-4.090172294020787969e-01,-4.560897043641966020e-01,-2.543224215207422478e-01,-4.022715068101444247e-02,-9.742861808630189080e-03,-2.258704440501953792e-01,1.036115541276104619e-02,-3.624423045833460172e-02,-2.155851194692383344e-01,2.776137850365337778e-01,-9.957674785281853125e-02,2.509756702767484970e-01,-1.776782943257531888e-01,-1.455723479443222501e-01,-6.590071538980038848e-03,-3.349774230963980387e-02,-4.847561442889934680e-02,-1.834061853505420947e-01,-3.122360499140732770e-01,-1.967573243835520902e-01,-3.167222884698518426e-01,-3.031925045574097588e-01,-2.786533826149085180e-01,-1.540199426495025004e-01,-1.041533286959088304e-02,1.754956128789233460e-01,5.935857302138008995e-02,7.806393785864022827e-02,1.547560590116322798e-01,9.975078079604028647e-02,-1.374725492975701624e-01,-3.557828776406026794e-01,-1.601201120912074116e-01,-7.481389345623679077e-02,3.014697968120640115e-02
2.736254538898539868e-01,1.786924082123047819e-01,4.078091049341246999e-01,2.394917188720967482e-01,0.000000000000000000e+00,5.501549821961146947e-01,3.541675199475919356e-01,2.784000696281969112e-01,3.484509627628751827e-01,3.984117973366022580e-01,-5.516573684825867852e-02,-1.240301870217271930e-02,7.183613829989929367e-02,-2.957776212702681665e-02,1.129796717355481123e-01,1.464544127692758158e-01,-7.564978288829106445e-02,-9.544455321028956496e-02,3.094835674632568367e-01,3.121173045513910838e-01,6.969763898466452279e-02,9.938235658589707200e-03,1.735519911019066386e-01,1.388487710136337427e-01,3.838729788368165363e-01,3.042835101086218685e-01,2.444985789526021303e-01,3.543915393600389208e-01,2.881298534026491449e-04,2.025286284227683364e-01,6.114050242789060424e-02,2.696628829814079475e-01,1.907084409857389418e-01,1.464147389390601517e-01,-3.025177694951905125e-02,1.086760597185683630e-01,-3.192919100156655365e-01,-1.799756700255168151e-01,-1.251291828257764804e-01,7.821075421517742488e-02,-2.256448998565312725e-01,-1.403199060016855348e-01,-7.099782311054282646e-02,-1.939015723481745390e-01,-9.875959435662197416e-03,-3.387352052059904861e-01,-1.644217200190218886e-01,-6.358088999527680696e-02,-4.251987424591444076e-01,-4.127958093180785215e-01,-1.665194446112016613e-01,-4.088362577389192953e-01,-3.990221514018990057e-01,-3.009943703369851176e-01,-2.953211190703374789e-01,-3.615369163659906127e-01,6.944805773270679335e-03,-2.999345892256366497e-03,-3.124288347296909352e-02,-1.187550352063420078e-01,1.347234234355766669e-01,-6.140455687354694214e-02,-1.699233769832664553e-01,-1.660386201657621519e-01,1.411682665597235355e-02,4.625328179215222255e-03,9.435592960370052518e-02,-1.194763732825655789e-02,-4.911258570351322017e-02,-1.000807298332151568e-01,3.445176005200412811e-02,2.315893226685214745e-01,1.089091666515250301e-01,5.712660288194140040e-02,2.574105876745685917e-01,8.737433097608625354e-02,2.539049316256661859e-01,2.617063068182837182e-01,1.106166840351369696e-01,-1.085826454522854784e-01,-1.553327757478685234e-01,-2.687931503253161436e-01,9.445290996454293320e-02,-1.543777305020596902e-01,-2.572099128691135439e-01,-5.915396371115966279e-01,2.615744486511381028e-01,-1.050467524146377341e-01,2.611053493158359551e-01,-2.869232799362422814e-01,-1.045237560858473663e-01,-1.155105054273696669e-01,-1.364174781950529269e-01,-1.216878645792807273e-01,-2.238523219568980815e-01,-1.577303536382067828e-01,-1.429875794496350550e-01,-1.312764839011562878e-01,1.358528945615412042e-01,-1.473329478186462815e-01,-2.283520749427211394e-01,-1.257226884687902002e-01,-1.073690103622249870e-01,-2.851282813203089295e-01,-1.536723278055557307e-01,-4.293985053827276133e-02,8.293659817128884448e-02,-2.899453939739625175e-01,2.693428248458260565e-01,-1.169481266750234255e-01,1.007167574799485397e-02,2.386218787475293257e-01,-7.589656768600842873e-02,-2.116537150965319414e-01,2.399461615391008384e-01,1.218474082527178093e-01
1.959622238448569531e-01,1.732615419658639078e-01,1.256272843257837113e-01,1.807430199537597149e-01,5.501549821961146947e-01,0.000000000000000000e+00,1.156724249570326851e-01,2.468342809078841738e-01,1.943055832894661494e-01,4.556553390046582108e-01,-6.133977202457900624e-02,-5.385615420273075216e-02,-2.522308410576556970e-01,-7.555715937986774711e-02,-3.109635478739245507e-01,1.469682399475675805e-01,1.171238812218104858e-01,-8.718029453434324172e-02,2.115437884360385212e-01,2.644809183495907545e-01,1.526191530504092952e-01,5.705049776567208686e-02,-1.221754957970339894e-01,-1.243548261966700985e-01,1.321095138325356355e-01,2.380070080922607190e-01,5.556574069078430711e-02,5.014655488904873337e-01,4.014270703824782821e-02,1.000583937819344155e-01,1.862092461285562994e-01,3.619349548128598659e-01,1.183303036841703015e-01,8.067709423965835347e-02,-3.422474529555138978e-01,4.072850194486283409e-02,-2.849881584128343137e-01,-1.396766707064698021e-01,-1.226177811952377204e-02,2.286828328796297327e-01,-4.001184252958698839e-01,-7.364584738670972019e-02,-4.080790856864154048e-02,-1.273694178513786190e-01,-1.115683396619841505e-01,-1.535234197409563739e-01,-2.893234902682287335e-01,-4.840538325574040429e-02,-3.274654774117928269e-01,-2.746676717313249472e-01,-3.254156507561396516e-01,-2.578518836924993396e-01,-3.117341452565691173e-01,-2.621806861441692837e-01,-1.998638456237631922e-01,-3.698985850634439743e-02,7.200731579892302725e-02,1.729403305053291984e-01,2.489472311417302297e-01,2.447386219752060998e-01,2.104857042936194786e-02,8.662129156638896654e-02,1.243686788550202871e-01,1.904389115090353857e-01,-1.541675396754199623e-01,-1.373361034370740308e-02,-1.990729956160971481e-01,-1.404622297183109186e-02,1.014957427846239005e-02,-2.941712622506227615e-02,-2.255678232205947931e-01,1.444351733780878111e-01,-4.514714968151437718e-02,1.568073246919142738e-01,-3.704758451335484620e-02,2.532815299312662916e-01,5.540659909358953278e-02,1.558063149383088763e-01,9.360378910980980682e-02,7.006853477805674753e-03,-8.814412734892702883e-02,-1.340201463471193399e-01,-1.255886729747921482e-01,1.355138491249175715e-02,-6.507027537112046733e-01,-3.331108769062166575e-01,9.479073911342084102e-02,2.672188883904322299e-01,1.253047876818266237e-01,-1.677492905647882393e-01,1.244088192940892568e-01,-1.741463902352893556e-01,1.291577935195807880e-01,4.179800255409625576e-02,-1.052646344716470089e-01,-6.289668500307531510e-03,-2.460859294805503861e-01,-2.105692906734123460e-01,1.313565601626326129e-01,6.713815275880338773e-02,7.444829721680469581e-02,1.636767167848167948e-01,1.226035720209928404e-01,6.026034507682843933e-02,8.759393286384166422e-02,1.785115874723025020e-01,1.337049452837122676e-01,1.822532504501345185e-01,3.354745135684895074e-01,-1.763216745770505856e-01,-1.216041718467473498e-01,3.432650711476098460e-02,2.082818357837832798e-02,-3.630025101697832990e-01,-9.446544076030308212e-02,2.770478415137786476e-01
5.246905649903355062e-01,2.590907200580647510e-02,8.656748611492537382e-01,4.114321523595525498e-01,3.541675199475919356e-01,1.156724249570326851e-01,0.000000000000000000e+00,6.405902031776267158e-01,1.407823711764918939e-01,2.725050133296975097e-01,-6.714537999436379079e-02,-2.284332126944854657e-01,2.918995405473893689e-01,4.100581543038929466e-02,1.437062488404983185e-01,2.505391584544769956e-01,-4.070862546039324403e-01,-4.231901710233324510e-01,2.803642255252461468e-01,2.550458995029547538e-01,-1.991526908543254648e-01,-1.940113353411070385e-01,4.760668984628147471e-01,4.289230814048065610e-01,2.550688716369156617e-01,2.896706674089621902e-01,1.282821908822691925e-01,-1.070058083130178556e-01,-2.533441888628743532e-01,-1.864945176855497821e-01,-1.803079718602443315e-02,3.737049507706110552e-01,1.409250700175496140e-01,6.565640017042750909e-02,1.028822206399320344e-01,-9.163567681757824046e-02,-1.516105322824171930e-01,-4.000177587795001322e-01,-3.093338723217548547e-01,2.867897110000050542e-02,-5.010131219387240487e-01,-4.336990139819438261e-01,-3.025560886791344717e-01,-4.359116156189694058e-01,-1.787651770697324671e-01,-5.367127876345635373e-01,-3.806270346112642922e-01,-2.538182566721535194e-01,-4.808150867008074147e-01,-4.368211669773959804e-01,-1.634759799044706308e-01,-3.145830913668044015e-01,-4.271002058661259593e-01,-3.416192003595628912e-01,-5.096312695371503221e-01,-5.085568790793411065e-01,-3.095872038381458635e-01,-1.732318673679267285e-01,8.495304908129466814e-02,3.532870504810252388e-02,3.758585881107524007e-01,3.617182815328564560e-01,-2.086493752357891085e-01,-2.487200183875064863e-01,4.671322984263728828e-01,4.175792691362052445e-01,4.812423422969561715e-01,2.485256174445262534e-01,-1.540087683523897466e-01,-2.168493074690783784e-01,-5.689084805205452816e-02,1.715616408799797155e-01,-1.912937432716182995e-01,-6.121788605247854842e-02,-1.233807184972593278e-02,-2.991961838652233974e-01,-1.295276334045296525e-02,-4.303229871934956957e-02,-4.175017012400998873e-01,-3.400603075851920121e-01,-4.461641051113592327e-01,-4.549865143223089103e-01,-3.329775585343991984e-01,-2.644348460893689579e-01,6.211525160972146409e-02,-1.833022472779214096e-01,1.456662258593502401e-02,1.321482424313439874e-01,-6.706313066639241205e-02,-3.663724120085392472e-02,4.708357814006194214e-02,1.161869425328104916e-01,-2.528376763219295290e-02,3.967091438826670508e-02,-3.406575977102998531e-01,-3.229972367669563527e-01,-3.406024991631356191e-01,-5.145234783244534427e-01,-2.575279402618365632e-01,-2.863266820968490278e-01,-3.618501107060508315e-01,-2.443532080575472332e-01,-4.789403845458624076e-01,-3.740988762850198102e-01,-5.125998733723000633e-01,-1.558714834562952289e-01,5.550942244054701824e-02,-3.437646472247534724e-01,-5.978487359953160718e-02,-1.724763692447547070e-01,-1.662697410855153712e-01,-1.785509201241852403e-02,-3.842440863244986349e-01,-2.731877232619557283e-01,1.230951270974957740e-01,-2.652564703320345676e-02
4.533117206753389250e-01,7.409854806552687578e-02,4.007509132548969233e-01,7.595271115018672470e-01,2.784000696281969112e-01,2.468342809078841738e-01,6.405902031776267158e-01,0.000000000000000000e+00,7.843591853027895300e-03,4.121438569840160104e-01,-1.658068375265625838e-01,-3.387766132966311267e-02,8.373699609701749924e-02,2.812265636666111401e-01,4.591489706331654957e-02,4.465928373646571581e-01,-3.931932244215864403e-01,-4.933088404164638341e-01,8.872340854367617713e-02,1.369996614337417318e-01,-1.676796485240086287e-01,-2.246674452484484497e-01,1.745160504251517530e-01,3.590277099943564032e-01,4.304149785063384262e-03,3.304450744549931596e-01,1.207762273212389520e-01,7.479174903013019460e-02,-2.759958946777497091e-01,-2.934455150298280746e-01,-1.530381417649313014e-01,3.350835518447148331e-01,-1.411740499195063558e-01,-6.362998855400299469e-02,-2.509689466776858779e-01,-5.291255003822297603e-02,-2.171111134935740372e-01,-2.744351765819568745e-01,-1.258690329490578519e-01,1.135148869670759945e-02,-4.190367457969854659e-01,-2.861300319401264836e-01,-2.990143779996536355e-01,-3.590416253774955657e-01,-3.529848322549282158e-01,-4.964513645824487065e-01,-4.102377713725924857e-01,-2.048283058352101393e-01,-5.388763206742482881e-01,-4.856399600661022720e-01,-1.942821171233958810e-01,-2.632831326432672481e-01,-5.344864300048812744e-01,-4.611359942446662252e-01,-5.397332483505371536e-01,-5.362100163753757975e-01,-3.252837057968220869e-01,-2.159191248364671079e-01,2.945926401584186283e-01,4.591586303807159708e-01,3.441737632788781642e-01,6.642827011395324721e-01,-2.300727596448945977e-01,-8.092004842688156618e-02,3.228711733980590970e-01,6.714677978934789904e-01,1.742862214411278754e-01,4.635138441509272234e-01,-1.161629587107941425e-01,-9.401729050972186530e-02,-1.183249585109233670e-01,5.661641940304975446e-02,-2.143427134597337413e-01,-6.520181507256844755e-02,-1.067489385008810188e-02,-1.692399692734707639e-01,-1.419513368533241726e-01,1.451599966659094555e-02,-3.701902054125605912e-01,-3.657201565202675142e-01,-3.776348213405701371e-01,-3.949725992306231115e-01,-4.281845320229603069e-01,-4.095224967417687156e-01,-1.241223147613203515e-01,-1.449928613755602225e-01,-2.362874662134310244e-01,-6.173479161127813641e-02,-5.232529802531876717e-02,-2.033133957249362300e-01,3.189322392697151454e-01,-1.497892516923138295e-01,2.994858088764975612e-01,-1.730389068161344579e-01,-2.789959904579639716e-01,-2.399009294599632469e-01,-2.678512180516307017e-01,-3.556729967728340380e-01,-3.421519093186176086e-01,-4.277932983364503006e-01,-2.565492568462643397e-01,-2.706165310060445472e-01,-4.262265626832899001e-01,-4.068169861723456848e-01,-2.819951838351912321e-01,-1.378289631249469682e-01,5.729466385455998095e-02,-6.350718669348720535e-02,5.683792098929655277e-03,-6.497598412710571536e-02,-1.289191967263915162e-01,-1.386612662141937791e-01,-3.865667425796084355e-01,-2.840474648800469515e-01,3.178603919456356175e-02,-1.576494699115209633e-02
2.041806039797532946e-01,-1.493976727199973209e-01,2.344726887031759466e-01,-1.676313896567380446e-01,3.484509627628751827e-01,1.943055832894661494e-01,1.407823711764918939e-01,7.843591853027895300e-03,0.000000000000000000e+00,5.605347703949548066e-01,-6.169531463051574488e-02,-9.124065331685371483e-02,4.898130030812416491e-01,1.948809478272338636e-01,5.312114041047442115e-01,3.901476559764944230e-01,-2.781866728661485655e-01,-2.605813077693241442e-01,-5.360127176979338423e-03,4.184265440527523694e-03,2.432031327110336649e-01,3.180050785450933559e-01,2.875532946217564390e-01,5.284008326043924952e-02,6.256975485991046748e-02,6.060118543560814169e-02,2.367769190951446445e-01,2.345604486413589984e-01,-3.748848813349968667e-01,2.680723343324774993e-02,1.111333071333992922e-01,1.416395619394699990e-01,1.393558128206947855e-01,1.496150169984543643e-01,2.118201918669343209e-01,6.390438675314995265e-02,-1.243423040140167746e-01,-1.233710453380734012e-02,-2.501593607875069458e-01,-7.148562716393555561e-02,-1.400126292896337332e-01,-6.493188642847345232e-03,4.852179525742417870e-02,2.230705320050592744e-01,1.141363620633678022e-01,-1.092721726092218959e-02,1.697633643700969044e-02,5.124573706262291334e-02,1.096804679651488534e-01,2.422194740166581373e-01,2.767067839811689356e-01,2.469459192957515759e-01,-8.697688110504206774e-03,1.178928049556354357e-01,-2.356394398971186910e-01,1.190174931750171729e-02,-1.474061988247021837e-01,-1.309029050508025704e-01,-1.404601374211406628e-01,-1.800467032516521182e-01,1.976816301869671610e-01,5.022069891019639160e-02,-3.002500003062488765e-01,-3.609855366059952497e-01,4.460981081959011080e-02,-7.423013719034293745e-02,-5.720802589273534661e-02,-3.094266298615142574e-01,-2.245623119929434086e-01,-2.150751191728044465e-01,9.692435841582668077e-02,2.725457962776552945e-01,-9.091808261427333782e-02,-2.447424679414965387e-03,-2.512128976256633450e-02,3.417902315953855880e-02,1.329066465871114600e-01,-3.305521578187294029e-02,-2.598363275184785715e-01,-7.724784721194800918e-02,-1.343035116158772246e-01,-1.808870461651748418e-01,6.993744661913024740e-02,-1.474861179645267084e-01,1.515513801964685214e-01,-1.864967543143620510e-01,7.437766861797995288e-02,-1.299633144604281643e-01,-1.490539115923246727e-01,6.341656151435387870e-03,-2.849206503999180407e-01,1.800298484454327386e-01,-1.578360280781766767e-01,1.355921090196398338e-01,-1.885490877590643433e-01,-2.786800854903699332e-01,-3.167519060517810514e-01,-2.883412791332187752e-01,-3.006389522871142916e-01,-2.586668049538929370e-01,-4.787895151062532273e-01,-1.149616579145776307e-01,-1.689342520657678981e-01,-1.802504429262080654e-01,-1.693273760259869365e-01,-6.258394138169867671e-02,-2.260466762853037825e-01,-3.589246176794667620e-01,1.024614480058076982e-01,-2.030294168771538607e-02,-1.342944249212459640e-01,-5.396577488366292863e-02,-8.512768678439200376e-02,2.276905817339792276e-02,1.452711787618392592e-01,2.202540507526472638e-02
3.335092056743730327e-01,9.307468422800808938e-02,2.899754277377277756e-01,3.074244112435688403e-01,3.984117973366022580e-01,4.556553390046582108e-01,2.725050133296975097e-01,4.121438569840160104e-01,5.605347703949548066e-01,0.000000000000000000e+00,-1.640787654276318619e-01,-1.874751974240840974e-02,8.348995575773748845e-02,2.273036607285829624e-01,2.652971181445865079e-01,6.005283907932379428e-01,-4.821359200421972413e-01,-4.667260737477486598e-01,2.205481465772201055e-01,1.718527888717092111e-01,1.262928605325979448e-01,1.041985711542911114e-01,3.498182179955968696e-01,2.893798753231524024e-01,2.707784397822667888e-01,3.757216183831627587e-01,3.874221985683538594e-01,3.064977008177914297e-01,-2.398310609593113651e-01,-4.289480287913498280e-02,8.756139712233144967e-02,3.563542415853563905e-01,6.524805137865385962e-02,8.190948153685001509e-02,5.033279333069288347e-02,1.943281032040183876e-02,-1.822254488097820868e-01,4.832629246083292723e-02,-1.978894959986934876e-01,1.704890206131263464e-01,-3.206747641576004337e-01,4.033408055487869986e-03,-1.507145817769290075e-01,-1.232027693370975341e-02,-2.290277692128409870e-01,-2.135098498579654225e-01,-3.541472225582877331e-01,-1.031845995418227413e-01,-3.192714928274312247e-01,-2.138905604315588516e-01,-6.757385291619498469e-02,-1.501464106521768066e-02,-4.657042560153885624e-01,-2.279468305447392151e-01,-5.205013544152484739e-01,-2.851197225223317533e-01,-6.023620602388100181e-02,2.547777221675356224e-02,1.490230722117366069e-01,1.612408885230102173e-01,1.916250316542284782e-01,2.857587607884284342e-01,-2.796894665977803229e-01,-2.275416317763127860e-01,1.575250231813714874e-01,2.801647153059610429e-01,5.270867189455961943e-02,9.019078760819608520e-02,-9.493043440233767116e-02,-1.516879719490788619e-02,1.327330196740703627e-01,3.738227777928264661e-01,7.956129957198777858e-02,2.322716042154070182e-01,4.032242686921417435e-02,2.516051300288921211e-01,1.175750032908658288e-01,1.661920821809278193e-01,-3.878160069001490018e-01,-3.009831542337175758e-01,-2.842360089217165764e-01,-2.556475887075986275e-01,-1.964447413121832575e-01,-2.570866560114066224e-01,-9.976106993464098349e-02,-8.219516349795899512e-02,7.317733541303224343e-03,1.447919685311800098e-01,-1.396061572780309679e-01,-8.437288986619590966e-03,-7.167308168816323433e-02,-2.507590582094723630e-02,1.254686794773367531e-01,5.457719750155726884e-02,-3.244995880269497812e-01,-1.346876685047920519e-01,-4.005117270541029839e-01,-1.529283009159813078e-01,-3.186756813309308822e-01,-1.641063632118772431e-01,-2.260426226889197254e-01,-1.091873796232215171e-01,-3.153798652633069133e-01,-2.533476153417740240e-01,-3.636143904213634537e-01,-2.477197625311957641e-01,-2.982200502676175535e-01,1.822376060830782629e-02,2.354174264459046317e-01,1.499593183792631568e-01,-1.323917343863087182e-01,-1.510098332378150554e-01,-3.248991402969455544e-01,-1.417895182242913388e-01,6.443030253193821055e-02,-1.989676080016263560e-01
2.911014292622344235e-01,2.021316030542074371e-01,-7.105487167352025901e-02,-4.135177524663414261e-01,-5.516573684825867852e-02,-6.133977202457900624e-02,-6.714537999436379079e-02,-1.658068375265625838e-01,-6.169531463051574488e-02,-1.640787654276318619e-01,0.000000000000000000e+00,4.411848180396811814e-01,5.028748211000944046e-01,4.173095461982874732e-01,8.781738438649511203e-02,-1.018107457186864025e-04,4.330923230432118243e-01,3.801236800694847706e-01,3.492790629364662669e-01,1.994634546823627064e-01,-5.172571273330840019e-02,-1.228988306718476475e-01,-6.099563841429203603e-02,-1.323290541363406347e-01,-6.811910186909737874e-02,-2.392840383599563464e-05,8.910434928485627681e-02,-3.238492905569960167e-01,4.703163102117596250e-01,2.620658885725148934e-01,2.580488511006950314e-01,-3.527779688949794767e-02,1.418689513223947707e-01,2.075031409801274540e-01,-3.050758409815423344e-01,-5.327831553866255732e-01,-2.918433837304718059e-01,-1.582265457508269801e-01,-5.784249138983187793e-02,3.441539803132318692e-02,7.633905216039515995e-02,8.755012490634024591e-02,-6.895448474900689462e-02,1.374632840221534646e-01,3.826040943524693094e-02,5.615209706679418628e-02,-4.270182072693094570e-03,-3.927750859257014282e-01,1.297118708347510529e-01,-3.374470169929660868e-02,-1.487726200085138020e-02,-1.788446754643951420e-01,6.899873265106776232e-02,-1.240908392626229872e-01,8.916196381642892133e-02,1.290827201892204568e-01,4.895672185212022742e-01,2.626271410512297511e-01,2.329667519092629979e-01,1.644991918923862373e-01,4.383771687605995115e-01,5.765531899777576186e-02,6.133294894154573962e-01,4.532689783638323422e-01,-4.288709702564903470e-01,-4.205786287040607085e-01,-3.809146106221307226e-01,-3.583587062697925485e-01,1.679424218570940985e-01,1.058335401541684040e-01,-1.024623151693469653e-01,-7.887018671668495629e-02,2.621273667862848988e-01,3.073114377466723557e-01,-2.732651637899180183e-02,2.664381521120148810e-01,9.512489557275804336e-03,-5.954319469451183761e-02,3.192051192114546687e-01,3.122823574637783595e-01,4.871343643453280303e-01,3.318477648655336343e-01,2.943154007024557650e-01,1.389887003092405982e-01,-1.191208421662335593e-01,-1.088356897702870835e-01,1.331743478148799675e-01,1.545929853189270675e-01,-3.147144425394317042e-04,4.441017407503201897e-02,-2.869892533689096803e-01,-2.511937586909461784e-01,-1.602539799016825250e-01,-1.306137472568232316e-01,1.116099194157725849e-01,-2.080622932141646675e-01,-2.790532116894341441e-01,-2.294574299195242528e-01,1.370077118391956582e-02,1.328027927374416384e-01,3.015912321926908501e-01,2.885571567990311004e-01,1.519254600509010456e-01,1.419036760154340215e-01,-1.568393153426994868e-01,-7.128447853239781862e-02,-3.649039604505893153e-01,-8.424849576574526544e-02,-1.295787065630559232e-01,-4.893127956475361584e-01,-3.624780208171378137e-01,-1.781829384298847518e-01,9.927704345919576012e-02,-9.028633228627096219e-02,4.022383136899611994e-02,-2.718301436809104077e-01
-1.574162092443822658e-01,1.457926667194241188e-01,-2.607834261914718788e-01,-2.291190457445658191e-01,-1.240301870217271930e-02,-5.385615420273075216e-02,-2.284332126944854657e-01,-3.387766132966311267e-02,-9.124065331685371483e-02,-1.874751974240840974e-02,4.411848180396811814e-01,0.000000000000000000e+00,2.261901167958121905e-01,4.649969302403511584e-01,4.128356703221136570e-01,3.296203806186033813e-01,3.434560175649669644e-01,3.950960228008964514e-01,2.693765557910849928e-01,5.381053711295411685e-02,-2.934308497232503143e-02,-5.426503207890504693e-02,2.206234544881679749e-01,1.916832802125230939e-01,1.703590912633627386e-01,2.042280816916734743e-01,5.000993961893527434e-02,2.834025692493685744e-02,5.878257454479465238e-01,5.373411341885336867e-01,4.053954764804350019e-01,1.190752016057056439e-01,9.956544325736876866e-02,1.669476542256006779e-01,-1.184855978732734377e-01,-3.458766235796532640e-01,-4.135874179616053636e-01,-1.153627058297858610e-01,-2.387647793953344422e-01,-2.077907244413297258e-02,5.545414421734067706e-02,3.204135456340304611e-01,-2.224106724525527212e-01,4.864838966372029422e-02,1.027835551072655007e-01,-5.309417611938233722e-02,-1.669570181983514590e-01,-2.043261532399736069e-01,-4.366387431406763137e-02,-1.713518357195462916e-01,-3.658269367092836233e-01,-3.902293020848582872e-01,5.166975977918283197e-02,-8.774176723961454871e-03,6.032177178036233350e-02,1.288013587561748496e-01,1.655681749528374880e-01,8.142038428778584566e-03,-3.046410945415690685e-01,-1.885103434821271406e-01,3.667192753450636278e-02,2.036498631979603152e-02,4.648622740113343976e-01,4.410281060552657673e-01,-2.999472780150683887e-02,-1.881835198257856001e-01,-5.048306942716815904e-01,-4.230498684698134615e-01,-1.540973010810962190e-02,-8.192355569785927938e-02,-1.034296917534004434e-01,-2.279092481982853413e-01,3.290570313688185311e-01,3.325578871716893259e-01,1.407045570825389384e-02,2.784585476460751385e-01,2.714363758599724896e-01,2.093655918597005505e-01,2.723195198447442844e-01,2.761402240203865710e-01,3.629395609539726730e-01,3.467309182513211296e-01,3.560396106451693132e-01,1.676207889943534752e-03,9.618944674168124903e-03,6.040731081878534386e-02,1.495970521993160995e-01,-4.867266286986149382e-02,-3.221806684779586483e-02,-1.150495477960939567e-01,-1.015785422445219383e-02,-1.899966156883425294e-01,1.389936718948422967e-01,3.951184324814747961e-02,-4.578401559721598929e-02,4.813574244161841070e-02,-1.666205722297541547e-01,1.178303742371394347e-01,1.794896565566161950e-02,1.359333588709291385e-01,2.251144025646159286e-01,1.783660944157880734e-01,1.295639812221399123e-01,4.233092972089737976e-02,8.591967380025994361e-02,-1.774582601311937569e-01,-1.791418934784534123e-01,7.627674939417591893e-02,-1.763183949608972123e-02,8.128539243720500976e-03,-2.754434410241144437e-01,-2.604307760171669164e-02,1.358119580973902660e-02,-1.940440975286295000e-02,-4.042636908277230656e-02,-1.583072031132597424e-01
3.143180811927746010e-01,-1.584870978541439990e-01,2.841191181177177283e-01,-2.965979817346920400e-01,7.183613829989929367e-02,-2.522308410576556970e-01,2.918995405473893689e-01,8.373699609701749924e-02,4.898130030812416491e-01,8.348995575773748845e-02,5.028748211000944046e-01,2.261901167958121905e-01,0.000000000000000000e+00,5.474973645313033765e-01,6.092276142035105702e-01,3.254781690311076559e-01,-9.457126324620829250e-02,-8.592368695298337189e-02,2.394179100074771832e-02,-1.254089074760575129e-01,2.363934767851395141e-02,8.110021630018249272e-02,3.155828721064087850e-01,9.987323992062724365e-02,2.903523177192241650e-02,9.478294856045403616e-02,1.059413752456360991e-01,-2.512152053846209987e-01,2.075660627230813474e-02,1.966035827845084849e-01,1.900030801150633941e-01,4.159962134179146648e-02,2.121833284973246564e-06,3.544197951655193163e-02,3.788117235838984326e-02,-3.137319746881535587e-01,-2.609669999132956386e-01,-3.143883223470496646e-01,-1.353224641829091912e-01,6.281662852806572939e-02,-6.580434820322442202e-02,-8.651457132875121914e-02,-3.577792116292528163e-02,1.429454801917533213e-01,9.694598298834240790e-02,-1.276093152711310630e-01,-2.357012822680314840e-02,-2.487092911688785490e-01,8.353426166944809272e-02,2.472647153759145299e-03,3.038107928511702416e-01,8.530270141779233706e-02,4.077415395169547291e-02,7.639528900496757313e-02,-7.320275475004128785e-02,-8.587498890379449690e-02,-1.350454569995745424e-01,-2.246797020139811862e-01,-9.019518254137037783e-02,-1.622994279232890802e-01,4.788608970883195814e-01,1.018869894571128865e-01,-4.056676186928349220e-02,-1.880852532909187413e-01,-9.957657325993303499e-02,-1.786859197358000306e-01,-1.049872540921509695e-01,-3.862577628588822476e-01,-3.283833262287762511e-01,-3.236427476140189552e-01,-6.133908187211756236e-02,-9.395586677682999169e-03,-7.236044339356721700e-02,-5.172683988814642808e-02,-5.915065329910212943e-02,-6.714252585632721204e-02,7.651060848423366090e-02,-2.372004583241222042e-01,-1.331511763215120769e-01,-3.881485499584932507e-03,-3.109888071188314854e-02,-1.073786271027649536e-01,2.514038605019165429e-01,-6.252472711762381563e-02,2.653785764909191713e-01,-1.294860846360069984e-01,9.598201109802206865e-02,-1.815797410569904846e-01,-7.833425144359447423e-02,-2.499568813040878301e-02,-3.446325380862692023e-01,1.041751271523053135e-02,-1.487497021710462164e-01,1.180007721368448587e-01,-4.738294654122274241e-02,-1.867243197945541167e-01,-2.925015449943159096e-01,-4.078899380947056952e-01,-3.185074041682391943e-01,-1.986080724810787568e-01,-2.001448369898535251e-01,-7.252401198526488291e-02,-1.654955339366916689e-01,-2.814857199949819533e-01,-2.794653866887980564e-01,-1.343135245201535211e-01,-2.466130059309842859e-01,-3.831672805420232031e-01,-2.944876790518691570e-02,-3.173378173778234612e-01,-4.204311065652604484e-01,-8.509848873957374937e-02,-1.085943034596145579e-01,9.588111398254220430e-02,2.361736733960892454e-01,-1.045834943639549763e-01
