0.000000000000000000e+00,7.330897209632538658e-01,2.204146387158527620e-01,9.234499525075867687e-02,4.133577187137988523e-02,-1.246087914646730327e-01,-1.184112765379974064e-01,-2.135483473174088209e-01,-1.346407698980105205e-01,-1.403659445138189243e-01,8.103173962311831235e-02,5.342477503031869412e-01,2.446470293547793606e-01,3.964306612560614118e-01,-2.650243777365030029e-01,3.414011821932869117e-01,-1.885976177549996205e-02,3.465200790563314759e-01,6.860478464878306815e-01,6.002170674432717457e-01,-1.681207568334530389e-01,2.337297354103408387e-01,6.447511452080063876e-02,2.798007538210855460e-01,1.308047805043115186e-01,2.524709804113129397e-01,3.058372440332243203e-01,2.671553519495220019e-01,-1.598894694241639186e-02,-8.045832283217416170e-02,4.159303374148440868e-01,2.853402515030114550e-01,3.825945733277928973e-01,3.436296024145036321e-01,3.364448712796576368e-02,1.554336950151313235e-01,-1.327322632565664240e-01,1.513684005141325284e-01,-1.389251479631874453e-01,1.523817989457926514e-01,7.638937021306750619e-02,7.909392934204084735e-02,-1.048889136461814836e-01,3.417300841979999393e-01,-2.903278025287502895e-01,-1.458214061170869102e-01,2.727397070599868120e-02,1.266925430959053578e-01,-2.544539052567829085e-01,-2.805940478261285675e-01,-4.064670199648429683e-01,-3.041058306292771518e-01,-3.338656084508178634e-01,-6.096653316862071098e-02,2.328869991657246397e-01,4.408231037616066605e-01,8.082707563587402388e-01,7.096040336694775519e-01,3.780506943012452714e-01,2.238308006976514608e-01,2.258787839310148482e-01,1.672538005663361527e-01,2.461345713704679306e-01,4.368483148033083241e-01,8.429425362825329615e-02,1.096169196580203398e-01,1.989807446214971465e-01,2.493035065996928590e-01,4.582849020761722847e-01,4.973207318760024531e-01,2.005559922767154724e-01,4.714909381784695985e-01,-3.176162663375595857e-02,1.176820192852089109e-01,-1.963838541603356649e-02,8.704358544653102714e-02,-2.011361975502075627e-01,5.844418392720439337e-02,-5.007582484380167509e-01,8.485824925258902973e-02,-5.839692841552614200e-02,2.146889731150236624e-01,-1.188938850956207521e-01,1.237421886892574596e-01,-2.546612175406768319e-01,2.765590263985189257e-01,-1.117290882488755216e-01,1.516647020223165776e-01,-3.269418456101758630e-01,1.223521302227680574e-01,-3.717378776545623431e-01,-9.924943132890484687e-02,-2.779419095396958306e-01,-3.107831307108910868e-01,4.612811813013690393e-02,-3.131737569467976101e-01,-3.219253156568440133e-01,-1.200666638783784088e-02,-1.380385498652147436e-01,8.453447108907241603e-02,2.357339385623459793e-01,-2.272954731917481430e-02,2.503315401340246993e-01,5.212037103533379012e-01,-3.276771650798454005e-01,-1.435842483462286545e-01,5.210344174663913974e-02,1.945849373629039702e-01,1.015343904340287873e-01,-1.234088881267036281e-01,-2.409171983046122512e-02,-1.389925085211164979e-01,-3.131424632754929993e-01,-1.357229083186576313e-01,-1.395619409231875774e-01,-9.026799630659279594e-02
7.330897209632538658e-01,0.000000000000000000e+00,3.545019138245920631e-01,3.818334411344287971e-01,-1.352662394552162778e-02,-2.002844593473534496e-01,-1.272638341426854391e-01,-8.261648652337324691e-03,-3.098593611258917968e-01,-2.391666578124568288e-01,-2.006581244374105177e-01,6.116116708860054318e-01,-2.315006408633650883e-03,4.708383679782796039e-01,-3.501569086952470156e-01,5.125232231301843910e-01,-1.281684298906485553e-01,4.967280853369922533e-01,6.831284350973868547e-01,7.026635679364678921e-01,-1.002974535888335045e-01,3.064641514571956882e-01,2.151615765782629031e-01,5.080280380495180159e-01,7.037223844552420449e-02,1.103357453484645756e-01,1.219963938725351499e-01,2.284221355990544711e-01,-2.023308839988712249e-01,-3.248844783190098229e-02,3.765868869157211196e-01,4.102165966002776498e-01,2.358817363529004396e-01,2.246198928856940613e-01,-1.330512981622850033e-01,1.059223077215393910e-01,-2.607875915222360730e-01,2.165650646515383526e-01,-2.705035508608478745e-01,8.365354727804427681e-02,-2.810971400733328768e-02,1.854836123858479846e-01,-1.820151612654620776e-01,1.506353299302816695e-01,-5.856364613130985441e-01,-4.777846874767648910e-01,-7.644923582220572444e-02,-2.312980308673835347e-02,-4.953224979909105485e-01,-5.099598101235950365e-01,-4.288448514757664531e-01,-5.041884574870418856e-01,-2.773279494856422667e-01,-1.315764015722352409e-01,1.654155623550686294e-01,2.887380023561088582e-01,6.539495045552122798e-01,8.569815504736544298e-01,1.901940751431878962e-01,2.146869848499318445e-01,-1.985509433157806591e-01,6.861448016073325162e-02,5.380995729945894229e-02,4.085752057780859814e-01,-1.893356821729365591e-01,-1.663920219741508444e-01,1.713280972807627034e-01,2.433283543321291542e-01,6.052717223580691419e-01,7.082435775573946435e-01,5.072437370232362602e-02,3.327705151457352462e-01,-1.590295019519989694e-01,2.798673494946008269e-02,-1.320795863551531002e-01,-1.111295636062964443e-01,-3.384264705755864466e-01,-8.264125758595482207e-02,-5.167753903683800498e-01,2.172767723467566858e-01,-9.402498871289237392e-02,4.738801622622050291e-01,-1.254101439165110632e-01,3.826220638211047520e-01,-2.803360410809102587e-01,2.766060220217992360e-01,-1.467801837126668507e-01,2.294617151926579279e-01,-2.055215606516143378e-01,1.961946568169714300e-01,-2.327600394600130296e-01,-1.507938015325848702e-01,-1.531665657784002099e-01,-2.142884933358266963e-01,-1.276467702661432668e-01,-2.730747682109487817e-01,-3.451574457564261511e-01,1.818828126687809313e-02,-2.024122762716992763e-01,1.006720874222721308e-02,2.790105136771062755e-01,1.459137899019274653e-01,3.002558011966683926e-01,5.950214049416470141e-01,-1.433753273653323168e-01,-3.824910450136972256e-02,1.543669757834442990e-01,3.155769884156275351e-01,8.439764666483973166e-02,-1.058778507868437246e-01,-4.186395787240472510e-02,-2.029787506441095013e-01,-3.284007983300321065e-01,-2.171623663311173513e-01,-3.131731132183817601e-01,-1.708246993465049324e-01
2.204146387158527620e-01,3.545019138245920631e-01,0.000000000000000000e+00,7.442640019173794030e-01,-2.655842850281065481e-01,-3.253753551162658075e-01,6.069442579175100549e-01,7.523595513852969763e-01,-4.555751243000848438e-01,-2.786380448555698108e-01,-1.088126167701138347e-01,4.412995883602683911e-01,1.464172896103282384e-01,6.943998379237729113e-01,-5.519035081024652456e-01,-1.224321246821638010e-01,-1.516401901209453729e-01,2.184428697984713286e-01,7.018073778659277007e-02,1.048380662467750940e-01,-2.464167672088888872e-01,2.431634461866062288e-02,6.636680919813021662e-01,5.945616591412783425e-01,-2.411286855299165366e-01,-1.509817501455479605e-01,-2.924640350407614053e-01,-2.940998211177253130e-01,-3.091888368889890160e-01,-2.325720665467614079e-01,-1.304609332536675326e-01,6.693404003488374887e-02,6.194741092746759714e-02,-1.648908164709600721e-01,-1.886099011582191842e-01,-5.712353616600526762e-02,-8.059298915389333240e-02,-2.610218559111339778e-02,-2.312631590315854524e-01,-2.415620368090983239e-01,3.312780481039614977e-02,2.201647025794110091e-01,-1.066618654382349013e-01,4.066114972999152616e-02,-1.219205109731347908e-01,-4.417440007355645515e-02,-1.456531942208116881e-01,8.410869809693893862e-02,2.199580763877880679e-02,-1.679017071813515005e-01,2.562260606618823044e-01,1.399669434181106398e-01,1.153627862670588977e-01,2.906713612188952522e-01,-1.845853828670985797e-01,-1.749953555509140279e-01,1.885395699522809665e-01,3.573649263366020512e-01,-2.300697736280822234e-02,-1.227088587530037050e-01,2.286224445756534010e-02,7.253746474340480588e-02,-2.697416982774631933e-01,-1.803542881368272732e-01,-4.925731128922345575e-02,-6.355185352119386774e-03,7.547095850540229411e-02,1.016170924855928914e-01,1.058664971878375133e-01,-1.577175141933984115e-02,-2.164821341627322093e-01,9.097371009993926450e-02,-2.615348643800373685e-01,-1.978764072059671364e-01,-3.706129428896811073e-01,-2.739182388731757900e-01,-3.667042985243750275e-01,-1.333537099722870434e-01,-5.052563195685724207e-01,-9.906713983902722120e-02,-1.479675340367842262e-01,1.346413170144818428e-01,-2.429759583542976664e-01,1.201144722592108471e-01,-4.469798076229597461e-01,1.429401806261247458e-02,-5.012206660918464562e-01,-2.224733993028606416e-01,-5.880513882699339723e-01,-2.914274933006635315e-01,2.020563619954079404e-01,1.766012474521459763e-01,4.191134266292893540e-01,1.277569881475561775e-01,-5.313348643455406695e-01,-3.696474221182220465e-01,-5.521876731305621622e-01,-2.232893024621018241e-01,-3.402771172241124131e-01,-2.480553073235027273e-01,-1.583193918773410369e-01,-1.723301422786861214e-01,-3.585140757529291511e-01,-1.379066968173472685e-01,-1.234337153589748493e-01,4.488788565348301313e-02,-1.926452853175288915e-01,-5.190171670641133828e-01,-2.029252040159614523e-01,-1.992707174110771029e-01,-1.866221406316864728e-01,-3.415030962020972338e-01,-4.300257249876133225e-01,-3.648925114637184275e-01,2.527033848361655982e-02,-3.134317155589892434e-01
9.234499525075867687e-02,3.818334411344287971e-01,7.442640019173794030e-01,0.000000000000000000e+00,-4.026126770637252217e-01,-5.035950978071619399e-01,4.402162902789796828e-01,8.166460014306634596e-01,-4.837893851883581231e-01,-3.125905263629387698e-01,-2.914597895644638337e-01,3.484015856232300923e-01,-6.384094212399972490e-02,6.310191797643656120e-01,-4.649060061628690899e-01,-1.097677087333979312e-01,-2.117812475844763620e-01,-6.625556486401895651e-02,-6.309954220882138531e-02,8.836663628136887105e-02,-4.882098972831001582e-01,-2.796017867626356401e-01,5.507489519583700366e-01,6.508941135099188813e-01,-4.081992421218073042e-01,-4.322141710621494881e-01,-3.814811278310146214e-01,-3.418716064937065702e-01,-4.011229851569380056e-01,-2.234431422085580154e-01,-2.815362391242268725e-01,9.837472912972008987e-02,-3.191073023466891034e-01,-3.416342663792177881e-01,-3.516601964550101211e-01,-1.435403226380713160e-01,-3.831193492055854355e-01,-1.685790680653363183e-01,-5.574005639486666608e-01,-4.996803023985604830e-01,-1.660737822722485324e-01,2.935661982457512392e-02,-3.424696601151343278e-02,-3.925759003215870818e-02,-2.467727760633395273e-01,-1.393578109068071003e-01,1.099933497025532142e-01,1.526833787259964936e-01,-1.262741384385746013e-01,-1.284481564019544497e-01,2.913108600818793414e-01,1.447432942332494907e-02,2.584234881639053127e-01,2.483949627969614382e-01,-8.493360267640356898e-02,-1.578779029231116571e-01,-5.876071716859399691e-02,2.531309432782738456e-01,8.829019369686979396e-03,3.848171950879384490e-02,-1.894131513925978449e-01,-1.179894932464765206e-02,-3.642870916445660190e-01,-2.749887035241891375e-01,-1.579321739699280358e-01,-1.782774917054942010e-01,-4.472874554536675207e-02,4.596601246634154925e-02,-1.063914437874190731e-02,5.265199199077189030e-02,-3.240205667397182410e-01,-2.165622292862100576e-02,-4.225810406369210903e-01,-3.073216066295028082e-01,-5.214315275104521863e-01,-4.290369773155662814e-01,-5.026695676604936436e-01,-3.455363714163530720e-01,-3.777574240327345456e-01,-2.619499651429755271e-01,-3.813721835087717227e-01,4.910425563989449099e-02,-4.858579313980677661e-01,-9.441410616013412582e-02,-4.996255701077695899e-01,-1.230747902286731532e-01,-5.496970726087359038e-01,-2.189089915593558366e-01,-3.314526815200911636e-01,-1.789230195591873795e-01,1.346897979222349273e-01,1.236178434117736757e-01,5.190634928946705751e-01,1.758154521563013717e-01,-5.998007635898191525e-01,-3.969671969397414735e-01,-6.321968267066698788e-01,-4.413301698183376143e-01,-3.571760854710357425e-01,-3.876176520656610114e-01,-6.948533440256526861e-02,1.410785061806440199e-01,-1.680694260559313369e-01,-1.932832851540008945e-01,-6.678556556674941636e-02,6.033300732617447037e-02,-2.674653868043667670e-01,-3.315439378056397879e-01,-5.479383110886735381e-02,-3.021762516301826906e-01,-3.125960427652370033e-01,-4.495203125406237454e-01,-3.053663919548028072e-01,-4.411150084337086552e-01,-2.504805057606231955e-01,-2.197057789375876091e-01
4.133577187137988523e-02,-1.352662394552162778e-02,-2.655842850281065481e-01,-4.026126770637252217e-01,0.000000000000000000e+00,7.387450952292302642e-01,-2.148211848767851428e-01,-3.564289753840285124e-01,6.131397506965866606e-01,4.527062677181706296e-01,3.110126253909583846e-02,1.942792647401058170e-01,1.112893027881659697e-01,-2.821193716610616020e-01,3.826924593911319450e-01,2.369422817957241578e-01,-3.443117934197118674e-02,3.350410804448986091e-01,1.833117481371383528e-01,4.841462545143612739e-02,4.265462474494015055e-01,5.412213405698783619e-01,-3.425510698017786293e-02,-2.285876590598152555e-02,8.514019532827555858e-01,6.957587124865999284e-01,3.398225826661011584e-01,7.036186635485994767e-01,2.254448093251886220e-01,3.669826967718627930e-01,5.485900253167750318e-01,4.371445228827684493e-01,5.122196299731657243e-01,6.170830346828403146e-01,1.148979927654024819e-01,9.048466073637329021e-02,1.561173978725639289e-01,4.533733490989237842e-03,5.447568084516253295e-01,4.953863958947907209e-01,8.226666498351169199e-02,1.192802889076408912e-01,8.219690733296852736e-02,1.868946619445558122e-01,2.377196354065496797e-03,-1.042432529180479378e-01,-1.115494068789836257e-01,-7.631324241327971936e-02,-9.800117971386917981e-02,-1.577136517074256283e-01,-3.606823681973043150e-01,-2.660864074532763301e-01,-3.093105676141720273e-01,-3.218856671788563051e-01,2.375447243606432501e-01,4.436510403698606941e-01,-8.313741856161331600e-02,-1.565012303758676893e-01,-2.802109166499144877e-01,-2.362573829751525856e-01,-1.449904430982543180e-01,1.892849337681447031e-01,8.740908032232118374e-02,3.789227312863301944e-01,-1.715489084565845479e-01,-2.153520774704487939e-01,3.556963609586655251e-02,-1.469336797020353441e-02,1.436179525189183181e-01,3.358037703830593634e-02,4.786515013983302924e-01,3.592520915905152989e-01,2.979976327237847111e-01,4.949121892183982463e-01,6.691908519293450208e-01,6.503185854896218476e-01,6.463929886266907010e-01,6.683747670808598551e-01,1.112079675734128081e-01,4.224411249673832858e-01,3.273825692156509537e-01,-2.539319251403525726e-02,3.572259396908887275e-01,2.556327766919155864e-01,2.979443161057760414e-01,-6.740157012555650362e-02,3.654940404503932982e-01,4.319621231122552363e-01,3.056105139267835669e-01,1.156492266622573262e-01,-2.656449055472618337e-01,-2.261010218968015351e-01,-4.676890207123100551e-01,-1.902820875423695268e-01,3.492670960236319844e-01,2.405407614971213637e-01,4.221627691628328516e-01,6.079079547820679386e-01,3.654114583692654183e-01,5.602027486992589012e-01,2.521685398117372578e-01,-1.858130460117733695e-01,2.563470101977503579e-01,3.932971983688552386e-01,1.662493490598918391e-02,-3.232926589189907274e-01,2.119198875016765349e-01,1.500930662259643278e-01,9.592859617378154957e-02,2.756867379685686847e-01,5.052045810376402102e-01,3.853171513566532869e-01,1.138155072611844731e-01,4.840539188589614850e-01,1.625406301859084746e-01,-7.643756575644809759e-02
-1.246087914646730327e-01,-2.002844593473534496e-01,-3.253753551162658075e-01,-5.035950978071619399e-01,7.387450952292302642e-01,0.000000000000000000e+00,-6.468557576062104048e-04,-3.048433531244020278e-01,7.260842223006472862e-01,7.597239945634889358e-01,1.458176874185759253e-01,-9.950027870033127664e-02,1.296614366665340412e-01,-3.638566781061201572e-01,4.317354348633867245e-01,1.072037438920884073e-01,-2.632436906573857316e-01,7.368830259307070085e-02,-1.320752041722041657e-02,-6.490055330608034134e-02,2.750338152817549120e-01,2.432429335197474618e-01,3.089432621775677762e-02,-2.070245091645337987e-01,6.136254237845721882e-01,7.032646902538884914e-01,1.927252099504828953e-01,4.080695751519032299e-01,8.025657145316550389e-02,1.768415276218883725e-01,2.772302440640648791e-01,2.219200224901261009e-01,2.896216843494951454e-01,4.532813371246975920e-01,6.491619455533347016e-02,-8.180221607707564846e-02,1.278290915291375174e-01,1.955321355630970301e-02,4.733493022566270803e-01,4.873480228501813061e-01,-4.902099699568200630e-02,-6.568460809751933832e-03,2.269506646882049339e-01,1.291749646547165897e-01,2.867656004662489932e-01,1.104704830155092410e-01,3.451826647282589533e-02,-6.877172509645915199e-02,2.593269534335549409e-01,6.634613334093024395e-02,-1.112125915091080192e-01,-4.034679923444430688e-02,-1.811340645299432117e-01,-2.318533939252372944e-01,9.535938473492103218e-02,1.627987366137431391e-01,-1.774527665108583674e-01,-2.612368388517924411e-01,-2.744891930696498616e-01,-2.055170236784123750e-01,-6.559132401467504536e-02,3.267741544270450493e-01,-1.733888688825418467e-01,1.280572155909751597e-01,-1.502403872952658426e-01,-6.383944779947081649e-02,-5.720873091868829141e-02,-1.014019309653475809e-01,-4.909876052615087805e-02,-1.821367507016428966e-01,2.646902660015877928e-01,5.238849513332318603e-02,2.851248795327028240e-01,3.277510347997622531e-01,4.448517715505961312e-01,3.626537191591062692e-01,5.379497016648029373e-01,4.263262788003750470e-01,1.428894125429161499e-02,2.200774489824239288e-01,8.570297041308282127e-02,-2.355855677037712315e-01,2.537108223226562376e-01,-3.027335467538637501e-03,2.988885321550133756e-01,-1.201151070685446687e-01,3.506022178439675563e-01,2.695857711052682681e-01,2.360927792081270460e-01,2.876020936447043139e-02,-3.622241159453983006e-02,-6.649289732203393644e-02,-2.471872439754384809e-01,7.530761484296572862e-03,3.847509300312362823e-01,3.067586735202144643e-01,4.566111515480746896e-01,4.293867175481096976e-01,3.753588465770998361e-01,4.200853157339098920e-01,6.209897809618093040e-02,-2.903736135240438387e-01,1.855182936666031901e-02,7.329455694968273205e-02,1.855697367340702897e-01,-9.255679516594718381e-02,1.369862075215829977e-01,9.031315661413649720e-02,-2.757168073728017560e-02,3.180346419406057112e-01,4.108300146411791864e-01,4.622483576102517921e-01,3.707751611372397393e-01,5.833155060228242261e-01,4.808419394184712536e-01,1.307079788750309390e-01
-1.184112765379974064e-01,-1.272638341426854391e-01,6.069442579175100549e-01,4.402162902789796828e-01,-2.148211848767851428e-01,-6.468557576062104048e-04,0.000000000000000000e+00,7.370875587093450587e-01,-1.330941176833219386e-01,6.043921402873465853e-02,2.268031683983647018e-01,1.064860309162168062e-01,2.270302998310439746e-01,3.271031618610202307e-01,-3.836969611212865949e-01,-4.108119299451369888e-01,-6.162915046471997144e-02,-3.787860688047824803e-02,-1.191789093063777144e-01,-1.930761075954680328e-01,-3.109061280061340971e-01,-3.440303054214091660e-01,7.104515283698582540e-01,2.995369741502497685e-01,-2.794835850905834640e-01,-7.345057474818873777e-02,-3.756743614954737298e-01,-4.229900052968993962e-01,-1.821358966251776235e-01,-1.288819655904243078e-01,-2.296735606130845819e-01,-9.829520216810948979e-03,-3.421530242186038989e-02,-8.632151939569267241e-02,-1.192035623008874251e-01,-2.370694900689807039e-01,-3.106778300151862293e-01,-2.415659554336410664e-01,-2.346532405620698758e-01,-3.633248395357141503e-01,-2.012625234544614672e-01,-1.839192499354160015e-01,3.720164375056847494e-02,-1.144272524402167313e-01,2.144452866271688019e-01,1.345276712795145935e-01,-5.688411854370029053e-02,-3.033294315566492649e-02,2.571943851098886791e-01,5.756324374006226846e-02,4.267255390259644954e-01,2.464241278846938943e-01,1.445222522032741652e-01,2.689136878955053489e-01,-2.994341669529451133e-01,-3.855487408475818945e-01,-2.108229197912352137e-01,-9.330185755905030798e-02,-1.717728444623718986e-01,-2.093879134306621537e-01,1.544183832269485079e-01,3.183914742025644173e-01,-2.810349114264346082e-01,-3.717173575032597377e-01,6.726090926700724337e-02,1.029170035540386968e-01,8.512937012730246999e-02,2.411830704238964243e-02,-9.501173759468915792e-02,-3.423057177070948365e-01,-1.677762131079330032e-01,-8.733369497693052597e-02,-6.705004456126141543e-02,-1.485897605914943687e-01,-2.670342789435137809e-01,-2.365303732952100113e-01,-7.568865881776831728e-02,-1.466914401278767571e-02,-1.835540770829469370e-01,-1.693379501203852167e-01,-1.973258972232458941e-01,-1.668232394921372874e-01,-4.352911134786743852e-01,-3.032979776594925680e-01,-3.729045480995565875e-01,-2.647582109197198497e-01,-5.253231796979085377e-01,-4.902665632620022973e-01,-3.862694630856842726e-01,-3.687505856790936898e-01,1.121294631869654418e-01,2.860498203217852198e-01,4.221341924110115773e-01,3.652263134883403928e-01,-4.715450685546498932e-01,-2.110759910360592850e-01,-3.421152497579613705e-01,-2.597926757548486565e-01,-2.146421781844209120e-01,-2.077488133078290444e-01,-2.408978940909636546e-01,-1.146116135350925963e-01,-4.950629605046030779e-01,-4.599451729377773690e-01,-9.706591409110645885e-02,5.767024618778716916e-02,-4.151732373359699468e-01,-5.632156539761103975e-01,-3.686061026910590344e-01,-2.285530870429228478e-01,-9.820221365006819025e-02,-1.761635793584311327e-01,-3.486436697670892981e-02,-1.613144667270371146e-01,1.725891707090294602e-01,-1.624977886185770826e-01
-2.135483473174088209e-01,-8.261648652337324691e-03,7.523595513852969763e-01,8.166460014306634596e-01,-3.564289753840285124e-01,-3.048433531244020278e-01,7.370875587093450587e-01,0.000000000000000000e+00,-3.241942237408613758e-01,-1.638305500674751558e-01,-9.692318143836511912e-02,1.018954373141334885e-01,-1.151398466460292445e-02,4.888006512916611701e-01,-4.640860846247974458e-01,-4.581065257449409289e-01,-1.590860908065156731e-01,-1.576404270120457807e-01,-3.132789319609614598e-01,-1.653488881974946867e-01,-4.756721807133524882e-01,-4.094343685616047002e-01,6.273782188544974048e-01,4.099978711647833118e-01,-4.219266333439795069e-01,-3.536382070487567586e-01,-5.608130113960769769e-01,-5.068729327205716562e-01,-3.406560994531850350e-01,-2.116484496261539228e-01,-4.741718384099065653e-01,-1.354346244300130286e-01,-3.518743625723061430e-01,-4.128439763215753233e-01,-3.705454401384927210e-01,-3.041247563244463548e-01,-2.388894288930890619e-01,-2.170258551833531280e-01,-3.742324684985429140e-01,-4.812553184321693434e-01,-1.769725803817716048e-01,-5.536716510486693749e-02,7.888934826413457335e-02,-1.253600866647761602e-01,1.230540115737344398e-01,1.451912635132342755e-01,9.429099432846790863e-02,1.338715423548453021e-01,2.180492438147658696e-01,1.135332728119672896e-01,6.000168727779847666e-01,3.217099533793937871e-01,4.417604875396806685e-01,3.489661025108694581e-01,-2.130277480852131033e-01,-4.002944759273177056e-01,-2.882138719372204227e-01,-6.538757588570423551e-02,-6.949964497280697318e-02,-6.916987387856618485e-02,-3.654947549975596371e-02,8.712555071654674854e-02,-4.016797542924807618e-01,-4.665150932093358738e-01,-1.557178500938638244e-01,-8.699775374810408968e-02,-9.327233503338967779e-02,-3.220809684911282895e-03,-1.740092576904055111e-01,-2.663366272225607956e-01,-3.713808956916312964e-01,-2.022488956221095424e-01,-3.049210882960508018e-01,-3.341412154018117420e-01,-4.451590772628722936e-01,-4.016657551558811545e-01,-3.324521088700098104e-01,-2.621487956436840960e-01,-2.048678630072191531e-01,-3.447434077668961594e-01,-2.709107748101283741e-01,-1.349357485499586562e-01,-4.470895559233579175e-01,-2.449350529774974305e-01,-4.020278469579485758e-01,-3.182947859807034319e-01,-5.706460486685002165e-01,-4.452885342309420014e-01,-2.691795812821924372e-01,-3.936044796501196319e-01,2.354836671186163743e-01,1.482042489100287574e-01,5.924749137457754333e-01,3.479898341492065894e-01,-5.988724291543909839e-01,-2.886227255040406114e-01,-4.794794666165555497e-01,-4.294888095950731288e-01,-2.917645453666138922e-01,-4.174364489349599028e-01,-2.525055071780017979e-01,-4.634472079111119636e-02,-4.596714066616356953e-01,-5.235391143797122337e-01,2.584885129336797222e-03,1.020112275438010870e-02,-3.665593077714995318e-01,-5.550969575213571261e-01,-2.249084717543093359e-01,-2.423219371648343556e-01,-2.267491388317917356e-01,-3.496973676375513818e-01,-1.513173122600652842e-01,-3.508378413688588160e-01,-3.103987924962618022e-02,-1.618488928371777102e-01
-1.346407698980105205e-01,-3.098593611258917968e-01,-4.555751243000848438e-01,-4.837893851883581231e-01,6.131397506965866606e-01,7.260842223006472862e-01,-1.330941176833219386e-01,-3.241942237408613758e-01,0.000000000000000000e+00,7.826214960236479445e-01,1.624222901933885244e-01,-2.018197606102948849e-01,2.456085846716306587e-01,-3.481133863299537001e-01,7.412440545268924597e-01,4.367267828062314228e-02,-1.307695438380982456e-01,-1.729794148247610908e-01,-2.320035867787299255e-01,-2.244307334229449502e-01,3.181395722865041908e-01,1.705026431517144558e-01,-1.738557171721378525e-01,-2.456207088025176011e-01,4.217633881288043729e-01,4.386275909545203078e-01,1.718441958103849310e-01,2.586027070056928223e-01,1.820674948811577265e-01,1.436687368043298996e-01,1.186461789876488010e-01,7.674116202134508014e-02,4.085227410921459662e-02,2.173124220051882161e-01,3.031976509370186770e-02,-1.335752325515984773e-01,5.768706408806350411e-02,-2.914953875819890627e-01,3.239364846658751018e-01,2.468364279129666439e-01,2.844646694772811485e-02,2.155274381928579813e-02,1.786576079602356440e-02,-3.594777155696530363e-02,2.530200792818633748e-01,1.515704514447439866e-01,-1.331229846133560706e-02,-1.313181894491658175e-01,2.849227753010268871e-01,1.612786343045594373e-01,-7.476525104317711945e-02,4.208705010905987027e-04,-5.553009434858904164e-02,-3.383986388269843437e-01,8.021800866827644150e-02,2.959640572635848996e-02,-2.133906939518814827e-01,-4.547007272206520234e-01,-2.812061691608880309e-01,-3.008811227051000348e-01,3.252507356925737891e-02,1.762028251547782254e-01,-1.733120965765858890e-01,-1.808524453655409661e-02,-6.961424133005373119e-03,1.581939726898919096e-02,-2.620069518108513185e-01,-2.986656510186928015e-01,-2.821459726558755432e-01,-2.841169539194155491e-01,2.957878570871954049e-01,2.296532301527567585e-02,3.369052960302726385e-01,3.017384804919995833e-01,4.788672825151037427e-01,3.828905171856856748e-01,4.672287871067949960e-01,2.971194255385125604e-01,1.269243058458308093e-01,6.227681833286560081e-02,1.142515096803290303e-01,-3.480789526730133088e-01,2.782892678868743030e-01,-1.521688938792220558e-01,4.388150167355044928e-01,-2.803526297639646336e-01,4.895209563548082454e-01,2.696149780779263927e-01,5.083932480304884649e-01,-1.772704218040279389e-01,-5.829857826956324346e-02,-2.286240654223725133e-01,-3.156478671002673209e-01,-2.353223751481632875e-01,2.592550366128950068e-01,2.975791675606998532e-01,3.281104352656843415e-01,1.865112987873227546e-01,2.644346193078555007e-01,1.672775260726229174e-01,5.893890807257234216e-02,-3.099322519356958461e-01,1.175878807040933310e-01,-1.192663930312958115e-01,8.399212344715807632e-02,-2.233390420377544539e-01,1.080906625561384726e-01,9.982619848922859307e-02,-2.584859706338401772e-02,1.063294545849901573e-01,1.148256450919486610e-01,3.135979466332350363e-01,2.423709058319165055e-01,3.872464232567714992e-01,3.504182476704946203e-01,2.532301437095254570e-01
-1.403659445138189243e-01,-2.391666578124568288e-01,-2.786380448555698108e-01,-3.125905263629387698e-01,4.527062677181706296e-01,7.597239945634889358e-01,6.043921402873465853e-02,-1.638305500674751558e-01,7.826214960236479445e-01,0.000000000000000000e+00,2.585820144509268226e-01,-1.192014543003083044e-01,2.359669874119992017e-01,-1.255184226793572555e-01,5.565890124409127449e-01,2.052421031023798914e-01,-3.081861878029948931e-01,-2.886015599825142997e-01,-2.585552227179578888e-01,-2.141063618762455434e-01,1.563602038880128053e-01,9.174543870067156104e-02,-5.657224269991739229e-04,-1.915307978445169312e-01,2.723919991367315663e-01,4.037246930261182420e-01,9.544215746407251622e-02,6.883247220502261565e-02,3.397158561598383197e-02,2.013663225630442366e-02,-8.707470859526399848e-03,5.903392947244423539e-02,-1.058350008699100037e-01,6.459763252138123191e-02,-8.069798733267619095e-02,-1.807680698923292417e-01,-2.596800474267318363e-03,-1.544646584146488755e-01,1.528651257109431838e-01,1.919891725761970758e-01,-4.767502260706082962e-02,1.388257069645329814e-02,1.694102536140152659e-01,3.546603805451990082e-02,2.627252292533313049e-01,1.261625000378145400e-01,1.164370635106599244e-01,-4.708262492431431606e-02,3.694327608623875769e-01,1.963639162941232252e-01,4.634415557085429932e-02,7.170791445919746931e-02,8.497827871871482461e-03,-6.881816164509822753e-02,-4.347507608378665955e-02,3.540477602690777353e-02,-2.632289596130344966e-01,-2.750768215045595877e-01,-2.823191272707750166e-01,-2.254776648914671167e-01,-9.269979601997539731e-02,2.784730714518353079e-01,-4.038498580923715608e-01,-1.188367885901939480e-01,-1.284921991442210254e-01,-1.218475291957756002e-02,-3.630548313154254303e-01,-3.206027398600548861e-01,-3.158813012833446288e-01,-2.753963898878580285e-01,-2.490348754353202384e-04,-7.037060213989440594e-02,1.437369670838076208e-01,9.497642967323127738e-02,1.413539299198280363e-01,1.496773643392819708e-01,1.929531987036191831e-01,1.193213680883727923e-01,-1.202862177388302756e-01,3.223063963935691306e-02,-1.859823403587007318e-01,-2.013442016837955484e-01,1.091089647915362837e-01,-8.328656684742469229e-02,1.861611027447655220e-01,-6.536708242404394575e-02,1.614576675258389271e-01,2.303695790680081179e-01,1.572930816259146547e-01,-7.390924121450582335e-03,1.327398218887577419e-01,8.449142656886483860e-02,3.216502911881102822e-02,7.222336515160031334e-02,1.387085358524014767e-01,1.849002174842775958e-01,1.390421226812907085e-01,5.729506884421693702e-02,1.529396221455307792e-01,1.124438674546361927e-01,-6.694417775261848891e-02,-2.203793249812787403e-01,-1.042176427238213493e-01,-1.732876375758636567e-01,1.367349205078478291e-01,4.155184851866845774e-02,-6.984800017031381723e-03,-3.751066321568571893e-02,-1.013361323258510499e-01,1.048396760495931695e-01,-2.650653929402454296e-04,1.986181698224030456e-01,2.621686544901467575e-01,3.303658908116700044e-01,4.591217421024174627e-01,1.544731503282133211e-01
8.103173962311831235e-02,-2.006581244374105177e-01,-1.088126167701138347e-01,-2.914597895644638337e-01,3.110126253909583846e-02,1.458176874185759253e-01,2.268031683983647018e-01,-9.692318143836511912e-02,1.624222901933885244e-01,2.585820144509268226e-01,0.000000000000000000e+00,1.007105010734779121e-01,6.752339614316749117e-01,1.440821102877245241e-01,1.888054413364321504e-01,1.012396095211545999e-01,4.559293319817521728e-01,-1.010550433747269862e-02,7.669192809990485471e-02,-1.831200355134085800e-01,2.399654922833318813e-02,-2.771783489879363631e-04,2.080486010247484807e-01,-1.493256660846315753e-01,-4.201242810105539766e-02,2.007637167279650581e-01,4.615487597749174525e-02,-6.226868791880757481e-02,6.051229878198285395e-01,5.009284424048298101e-01,2.268792605970379461e-01,1.650323661555296584e-01,1.529293499739145176e-02,6.574712840757099275e-02,-4.536744530764265371e-02,-1.159826465016732810e-01,1.097354423033353003e-02,-1.347679406161892690e-01,-7.356675419829868112e-02,-2.019963906847103974e-01,2.049297545452176961e-01,-1.552079144261084842e-01,-1.477026791832884434e-01,-6.684750781466189395e-02,3.053288547299027808e-02,9.537210206093252318e-02,-2.061138387839964170e-02,-1.352627568346025100e-01,7.624011763626856175e-02,1.571705847629886466e-01,-8.577264555275661284e-02,7.609167818712772591e-02,-1.550760426127679448e-01,-8.257325082966865404e-02,-1.180855533913010430e-01,-1.887299957069677181e-01,2.299861349380049810e-02,-1.388898512841365840e-01,-2.795622280016720196e-01,-2.153070685138389062e-01,6.552619565013881320e-02,-3.594067667842634761e-02,3.107808586758565306e-01,2.028663788385869915e-01,1.128553617711720441e-01,3.375354700556594534e-02,-3.466392035635429414e-01,-2.400521792524767106e-01,-2.676394388559322213e-01,-1.180416158530163406e-01,1.170953982009852595e-01,1.507781183846662321e-01,3.955850201290027068e-01,2.372739562472768737e-01,6.831914868738447888e-02,1.485118649276190028e-01,1.000410949342847577e-01,5.571393304549406011e-02,2.669826930849403777e-03,1.029537781244455052e-01,-9.878079044648775675e-02,1.196739024457968426e-01,-2.146935336076267326e-02,-1.015760642834377808e-01,-5.776263527743685094e-02,1.265775557747519098e-01,-1.433116369284165581e-01,-1.776945919195913881e-01,-2.499162643604873613e-01,-2.103888419238970353e-01,-1.534379034372835016e-01,-3.319925635403411096e-02,-2.608802132221544334e-01,-2.000683092778757777e-01,2.337282195557521258e-01,-6.326218598116550851e-02,8.517638638936422119e-03,-1.791712596199707408e-01,-1.303551595371825744e-01,-1.244692611271725757e-01,-1.371200947692066685e-01,-8.934084604949053821e-02,-2.196435730003262060e-02,-4.408367365151393685e-02,-1.703096700797624430e-01,1.935673099940734459e-03,-3.274177133367778270e-03,5.989672497568259736e-03,-8.751585095053275587e-02,-2.278395355099786454e-02,-1.001789026675566907e-01,-1.542171801648693774e-01,-1.770967395110584208e-02,-4.541950350264294806e-02,6.485014397077587534e-02,1.594405967589744844e-01
5.342477503031869412e-01,6.116116708860054318e-01,4.412995883602683911e-01,3.484015856232300923e-01,1.942792647401058170e-01,-9.950027870033127664e-02,1.064860309162168062e-01,1.018954373141334885e-01,-2.018197606102948849e-01,-1.192014543003083044e-01,1.007105010734779121e-01,0.000000000000000000e+00,2.417429169034789882e-01,6.661146700670020904e-01,-2.458045862897556277e-01,4.144314627191560962e-01,2.902106608351933889e-02,5.536258036963386253e-01,4.149824015308226643e-01,2.792736042579287425e-01,1.350949070761809923e-01,4.476277706321804550e-01,3.559306268590940459e-01,6.418469927807207709e-01,2.267894684846206987e-01,2.040103554037041023e-01,1.597448151783232850e-01,2.443737426670837820e-01,5.343269269252028109e-02,2.489632298824474843e-01,5.019153097215321990e-01,4.813458364432947056e-01,4.120587315957291441e-01,2.480279653299197473e-01,5.930194414614568810e-02,2.404540016774896483e-01,-3.541736493176546319e-02,7.441062036611041652e-02,-4.363134370903997555e-02,5.299987991001405691e-02,2.776343108672553739e-01,2.749522457694294486e-01,-3.634570028112775741e-01,1.807831499455046786e-01,-5.426892287769931045e-01,-3.923088976261326355e-01,-2.571619925135871232e-01,-5.841918279251873819e-02,-4.488665990058339217e-01,-3.769690713594214260e-01,-2.612648121317396321e-01,-3.863506621591099588e-01,-2.026531278084052756e-01,-9.479760078886102781e-02,1.042985388123880836e-01,3.167920915255023062e-01,3.076481867592142927e-01,5.281336478667260081e-01,-6.566775563422114215e-02,-1.517723927646942583e-01,-1.263105760507183054e-02,6.541309354564449341e-02,2.173715663574540546e-01,5.063271099783915874e-01,-5.612924700129297284e-02,-2.242156360859722808e-01,1.145135873197520998e-01,8.861339664208510436e-02,2.958618655565079525e-01,3.508750381475466695e-01,2.649000487604334375e-01,4.700562774655198672e-01,1.511399341918767125e-01,3.336743709479014774e-01,8.236217815010073162e-02,2.184083033284746622e-01,-1.036468746330116986e-01,2.109087335272096242e-01,-4.738295549583217414e-01,3.646812520923061185e-01,1.225534978243079665e-01,4.636629919500177555e-01,9.745531150742343940e-02,4.872857404628800904e-01,-2.100381355164569475e-01,3.048419218543305109e-01,-1.959366593220262243e-01,1.418243577719460746e-01,-3.841162685509937336e-01,-1.934076902575752877e-02,-1.384209081539067299e-01,-9.931476953472861968e-02,-1.834446825512029977e-01,-2.780333121027486754e-01,-8.442250927746845768e-02,-2.476019325973723428e-01,-2.725646061906072948e-01,1.084443610833280142e-01,-1.612010586431954495e-01,1.198405289390982037e-01,1.840509077008150862e-01,-5.269266850789689621e-02,1.265999573304156800e-01,4.577278962946596530e-01,-3.019865966900662224e-01,-1.932536340695553689e-01,-1.263892273562647545e-03,1.626675903898041828e-02,3.275267660651991902e-02,-2.868023577294743359e-02,-8.880586993400320373e-02,-1.956009287316428091e-01,-4.970518640587555104e-01,-2.255977488283861243e-01,-1.830689764806375519e-01,-3.175070313113056431e-01
2.446470293547793606e-01,-2.315006408633650883e-03,1.464172896103282384e-01,-6.384094212399972490e-02,1.112893027881659697e-01,1.296614366665340412e-01,2.270302998310439746e-01,-1.151398466460292445e-02,2.456085846716306587e-01,2.359669874119992017e-01,6.752339614316749117e-01,2.417429169034789882e-01,0.000000000000000000e+00,3.628919037343772414e-01,2.536237606113839194e-01,2.088545221309059119e-01,2.151089787174396417e-01,3.868550463980650195e-02,1.171001552194531892e-01,-8.508732287097528491e-02,1.093740945929294467e-01,1.684838251219708261e-01,3.264011858633661389e-01,1.462622616160113853e-01,1.005846358738076013e-01,2.483094594987082238e-01,1.480351405356507832e-01,1.006431425558778348e-01,2.875982380777207248e-01,3.457805730864107474e-01,3.145196102507229474e-01,3.541964402945799173e-01,1.065041319008698945e-01,2.083799909354240865e-01,-3.420546000184943730e-02,-5.690040997521540050e-02,-3.202956035640763116e-02,-2.234202180677248017e-01,-3.356484542429132023e-02,-1.438772567183362883e-01,2.747161530594368628e-01,1.017482084267333498e-01,-1.596522217306881319e-01,7.820082598044696132e-02,-2.513255110538188675e-02,1.351637538683607698e-01,3.179619430718924611e-02,-6.057840366196753576e-03,9.538770836939866604e-03,6.600604638034278382e-02,-1.555312718899203861e-01,2.661771250528404548e-02,-1.764667592186341116e-01,-7.577670504067614277e-02,-1.575524131026003957e-02,-6.259674094844813741e-02,1.047763559093114888e-01,-9.988440718991060951e-02,-3.482576198531079359e-01,-2.570616560545259111e-01,8.423395993388184400e-02,1.256570247878763813e-01,7.291791490997005798e-02,1.100382836289121868e-01,1.155663569666045415e-01,6.638922404491147400e-02,-2.348175483215181047e-01,-6.398489773291365923e-02,-2.952139549166771793e-01,-9.766626891515300946e-02,3.151325966646717491e-01,3.161149308697337457e-01,2.696903700951235328e-01,3.951835107901201516e-01,9.901716722143888427e-02,2.612576367013779155e-01,7.295933074972446586e-02,6.385696823154450585e-02,-1.524683254417157074e-01,4.096655451173427526e-02,-1.220853539942366450e-01,6.364957857913725037e-02,4.423745388620153873e-02,-6.831500843148041735e-02,-8.104167984306492878e-02,7.676582638684217863e-02,-2.969704878069537660e-02,4.677982490627279055e-02,-3.190185329759218646e-01,-2.594877877119915466e-01,-1.006225071868543097e-01,4.582718918043342943e-02,-3.003127969507986550e-01,-3.446201997432784547e-01,1.240733606378685849e-01,-1.801262817165815711e-01,-2.296109550716278203e-01,-2.724367588521888761e-01,-2.507886494024351154e-01,-2.116805795618308395e-01,-6.629742977813830873e-02,-1.993124731268895167e-01,4.655538396322989048e-03,-1.694240437202646291e-02,-2.669638887100880265e-01,-7.498235228527658225e-02,1.173323011550037043e-01,-2.127356537480481341e-02,-1.260014207140514875e-01,-2.948167388512288878e-01,-1.701197480735081868e-01,-3.086561713714217059e-01,-2.469643346944921936e-01,-5.826225137166871765e-02,8.974323893428305665e-02,7.759763683134029977e-02
