0.000000000000000000e+00,5.788364920955648696e-01,5.306183553391760066e-01,2.355493043767181993e-01,2.214089066662304484e-01,1.372719245008586497e-01,4.073141546699826088e-01,6.355897340946857488e-02,2.580966867468724724e-01,6.781162021040222643e-02,2.623284465171326629e-01,3.675740051743249248e-01,1.690571380985366190e-01,-1.668638119547175835e-01,3.178020170816999723e-01,-3.520744909317350541e-02,-2.762785682149881961e-02,3.453161733240244780e-01,6.974145746213480379e-01,5.314088631981516153e-01,6.491289159948696041e-02,1.573726620269238763e-01,2.964356182566480480e-01,3.631224551890264163e-01,-5.057984489951824342e-02,-1.965830812614542955e-01,3.592235760801400224e-02,-4.541521875337205250e-02,1.948237910838884757e-01,2.188583509363952184e-01,3.804030661671925495e-01,3.193880621179433499e-01,2.185787616915922105e-01,1.527021494154267578e-01,-8.273231313537264542e-02,-2.099819122968755725e-01,-1.080793570035587237e-01,-1.921459531708342161e-01,3.633849810227301330e-02,-1.599776045760513132e-01,2.029261723367335180e-01,-1.864180867203325820e-02,-4.811205369299334511e-01,-5.163092738871047915e-01,-6.117691448283839595e-01,-4.905332757115308251e-01,-2.375403801639786316e-01,-3.929611065249344337e-01,-5.219519823267847469e-01,-5.152742472414827413e-01,-3.480563198791800095e-01,-5.547668832045232756e-01,-1.568964966045489073e-01,-4.317757195542997750e-01,1.526523547322047591e-01,-4.531797724400027927e-01,4.021051700463567635e-01,4.526847923596362122e-01,1.532619492932776883e-01,-1.509269867490195260e-01,4.600543103967148495e-01,9.080802951399281897e-02,1.087935237136833204e-02,1.685051985187667120e-02,-7.213081639439500314e-02,-6.413672407033411960e-02,-1.156849775927168700e-01,-2.264741107248474938e-01,5.034673063157829587e-01,3.368775218640692182e-01,2.984665505870817692e-01,-4.862926724708758336e-02,9.426068174470821071e-02,2.199363508698304881e-01,2.580590767894380688e-01,9.032645452004021969e-02,1.953887909096009290e-01,-3.898932871207113487e-02,1.792656830939099721e-01,-1.561872889189393487e-01,6.646536777846337452e-02,-1.855609501867171995e-01,3.076268285127854996e-01,-1.596303580231692165e-01,3.104192680907710833e-01,-3.497654918297071203e-01,2.600465654940142812e-01,-4.873631415560224223e-02,3.632343680866084723e-01,-4.244270829090420749e-01,-1.193959297067703762e-01,-2.764410604055601017e-01,-9.653703604267922789e-02,-2.536230035061792232e-01,5.133223392097460529e-03,4.036030558105394572e-01,1.595387384911490514e-01,-7.800119715629530437e-02,1.268422711196937891e-01,9.368967809190058282e-02,4.674665892806961209e-01,-4.144149226599314756e-02,4.732665992701089452e-01,3.181134709546581951e-01,1.467935432916750715e-01,-2.145527183355510348e-01,5.042848783525500922e-01,-1.251154358037505632e-01,3.600730979107952257e-01,-1.656336761279388892e-01,-2.123373879659972430e-01,-1.279494522485468411e-01,-1.785148101790631214e-01,-1.406544720720815517e-02,-2.856698183752719999e-01,9.605936254081752501e-02
5.788364920955648696e-01,0.000000000000000000e+00,5.930803349327162799e-01,5.135350545646168163e-02,1.470832544050842128e-01,-7.590095835394601587e-02,3.057781010120667886e-02,-1.475318829877408922e-01,-2.046205006964691223e-02,-1.890763031889221846e-01,-3.909114164408211689e-02,1.003705789745246435e-01,-5.857448343304801075e-02,-2.712638033431955531e-01,2.189106285929259266e-01,-3.030357382876635447e-02,2.303678673381997777e-01,6.967341825825946744e-01,7.405307284265041368e-01,7.900792198514623443e-01,1.527412287547789405e-01,2.901359743995712837e-01,3.637993991726954368e-01,4.436898603316119516e-01,1.250873818671934534e-01,-9.901381788348878610e-02,3.277229190893986982e-02,-1.078062150385175194e-01,1.627650050112325331e-01,4.988268835428111836e-01,4.777871784475490879e-01,3.872352324019916470e-01,3.383334564217737039e-01,3.366676064842129557e-01,-1.655889208114671163e-01,-1.599501090280030791e-01,5.801637950231429419e-02,6.902110547886598779e-02,1.369583433343183332e-01,-1.313129498591862343e-01,2.750650294502563487e-01,3.697060510526158361e-01,-2.596083774592372606e-01,-2.798289236771112631e-01,-3.490605078630550362e-01,-1.524346471561015826e-01,-1.325955242221422414e-01,-2.238672274978058263e-01,-4.319208867948625685e-01,-4.242875281770705498e-01,-4.752983126275482917e-01,-5.793924508684012986e-01,-2.030037579196433961e-01,-5.790954888190269489e-01,2.041456346875792915e-01,-3.316004218723054842e-01,5.537718736871157788e-01,8.014587696247430504e-01,-2.691614145571235017e-01,-2.357805032544215140e-01,-2.299756532810190435e-02,-1.569632756291537146e-01,-2.742330776369546544e-02,2.572925044752187307e-01,-1.747506447620875425e-01,-3.250924129603212087e-01,-8.224454649521185934e-02,4.871965915045876200e-02,6.376483785795127313e-01,5.147777869056636701e-01,4.648963166827145277e-01,3.942744085470999832e-02,2.076385018923836978e-01,3.962304796307772881e-01,3.329837757367158368e-01,1.565246346061462124e-01,5.025225267416244535e-01,2.740754142637133461e-01,3.410976098800129752e-01,-8.022708548350597491e-02,3.066983800338633492e-01,-5.613848821957710677e-02,3.889954449264659275e-01,-1.191065317162046250e-01,2.728481704519692963e-01,-4.045559079115892964e-01,3.145169532568083404e-01,-1.476739108145370405e-01,3.210561166526071930e-01,-5.865629129174873002e-01,-3.036635229422237625e-01,-4.903825820651659950e-01,-3.099276593152389125e-01,-4.951757892051290577e-01,8.644107406869980248e-02,3.379308470636834816e-01,2.933496838564095821e-01,-1.745462386351095685e-01,-7.793895188108408700e-02,-1.483757491378064897e-01,5.711416782868310449e-01,-2.630378666497651396e-01,5.876151624168635124e-01,2.734322102667713916e-01,4.348583713759325842e-01,-5.114529173860987016e-02,5.258119697032069828e-01,-8.542384294481436546e-02,3.502763923388882983e-01,1.387804612186495368e-03,7.149294150155779785e-03,-6.913065002146639992e-02,-3.427332419421132426e-01,-2.604872311504929927e-01,-3.750815749244446051e-01,1.038677731618659894e-01
5.306183553391760066e-01,5.930803349327162799e-01,0.000000000000000000e+00,3.210414221232558152e-01,5.112478846388177622e-01,2.550616544753026571e-01,4.486087252766051137e-01,3.705147951084195729e-02,5.459584856879695636e-01,2.835277501857249582e-01,-1.012785896729983398e-02,2.864867461430103401e-01,9.362256434183886811e-02,-1.509211863589363378e-01,6.875913285024231048e-01,2.643076264662829189e-01,-2.158677595791783921e-01,5.670215559543920758e-01,4.554435644571404040e-01,4.295758228258650946e-01,5.128579878924701685e-01,5.734087762338452299e-01,7.608670386296103594e-01,7.023727133992214711e-01,3.401217664537367069e-01,-4.720659074804409855e-02,2.738018615021974300e-01,8.216078961797530431e-03,-2.007977439563725375e-01,2.453050236550164687e-01,5.779045915595907301e-01,4.626775929820080013e-01,7.296899529039109489e-02,-3.824354547870138440e-03,-1.260297208509248146e-01,-2.362070616645776389e-01,2.631128323319367190e-01,1.405692073993379532e-01,4.231065798788022359e-01,7.438622749484499405e-03,4.757965377220449987e-01,3.246146465167109030e-01,-5.753825907306033827e-01,-6.029121803932584456e-01,-4.823459403756422681e-01,-4.244446526129906361e-01,-2.950814729734911879e-01,-5.012345178500214882e-01,-5.146040723014474461e-01,-6.169150648111353386e-01,-6.220497912253419859e-01,-8.089491862330497884e-01,-2.687478861124977247e-01,-8.956632399197493877e-01,4.700209036795489070e-01,-5.388070008035307223e-01,9.214522661254695435e-02,4.292664095480430153e-01,-5.512130598814247821e-03,-4.025595124475065956e-01,2.253815408361602990e-01,-1.556395601780627413e-01,-2.148297039794049290e-01,-6.944505286030529245e-02,2.147216706091324978e-01,-7.570239755724496311e-02,-5.638322938812107693e-02,-1.536904579802987336e-01,3.009716793317344652e-01,2.702156903549258193e-01,6.855371639682031892e-01,4.220842147575805392e-02,3.207027428280256193e-02,3.400995532074711503e-01,3.749412397951920606e-01,1.712807780456480911e-02,4.026781010044434561e-01,1.016396401073877409e-01,2.413480368261412545e-01,-3.358738889947068262e-01,2.008559150282056560e-01,-2.982747209340477768e-01,7.436638231312846514e-01,1.654688125017103328e-01,5.474290365808264225e-01,-4.479223987041153210e-01,7.555245798073997321e-01,2.420034941547661023e-01,6.909789492929920840e-01,-6.731817370298741610e-01,-6.777235541499294913e-02,-5.771802983106657514e-01,-3.512593280999898315e-01,-5.088769776371591114e-01,1.489556544150433259e-01,3.951329519513348543e-01,2.025163433499564403e-01,-3.506494902035438566e-01,-1.678852768164029174e-01,-2.790641809141423124e-01,6.337776448633930526e-01,-5.206238887871804666e-01,6.883521780090137154e-01,1.430741023310605209e-01,5.236592020979016215e-01,-3.686003475344943325e-01,6.802672537415774823e-01,-8.890573567795892473e-02,3.207661726903557886e-01,1.389862209716500596e-01,-3.391391684715828192e-01,-3.425492479779247423e-01,-5.475456493440897798e-01,-4.695236724419835639e-01,-6.179270480791597686e-01,2.081885555126090082e-01
2.355493043767181993e-01,5.135350545646168163e-02,3.210414221232558152e-01,0.000000000000000000e+00,1.151818139477024244e-01,5.051037840119805278e-01,1.771569318818224659e-01,6.450545092238685330e-01,4.044907447563290681e-01,6.082636354433609283e-01,-1.371865810719178069e-01,7.765042327688487234e-01,-3.431894819394676888e-01,1.461586358072362590e-01,5.815977922581231502e-02,2.587920177848042069e-01,4.049014256999700773e-02,1.021119436658234347e-01,2.531877092302324828e-01,1.878515281674861537e-01,1.087337796337799062e-01,5.068012910771595159e-02,1.657993713656049362e-01,5.369049352204456893e-01,6.159982353981044434e-02,2.170252034754815429e-01,2.382220861035916626e-01,3.622700675699624950e-01,9.069512564140981559e-02,2.215976649520966235e-01,3.059215094032771698e-01,4.961411053917467728e-01,2.868180721693718294e-01,3.695478546673008347e-01,2.558976617040978341e-01,2.564583797027419898e-01,-5.244123999164700817e-02,-9.599297689831443048e-02,6.465041384498003418e-02,5.394113088061517486e-02,9.159141236612001677e-03,-1.852831998895848042e-01,-3.993095723188595514e-01,-2.947137709215596479e-01,-4.594480818964439273e-01,-3.366723328795561132e-01,-2.920003410367911223e-01,-4.443474256766363206e-01,-5.493391865390274686e-01,-4.659735636748060239e-01,-4.428273855584600183e-01,-3.697396178831547919e-01,-4.693951540781169940e-01,-2.796007351819473907e-01,-1.151378599509754741e-01,-3.492984240601854085e-01,-1.679955654941351906e-01,-3.075086623120895906e-03,7.872193224051107774e-02,1.312156459010984932e-01,2.010442364866401876e-01,6.571301093093107060e-01,2.010356880321995943e-01,2.831991235580626487e-01,9.903286536403368978e-02,6.342193235666471196e-01,-5.551908437294160448e-02,1.906165221868696691e-01,1.595645275488015158e-01,5.220860716680991720e-02,2.904415384041286186e-01,1.479562721211865051e-01,1.984269100078621395e-01,1.880400185862549645e-01,1.624534631927909700e-01,1.865058537622065471e-01,-9.311971441306886310e-02,1.329320941604345552e-01,1.649842195447051851e-01,2.916166849372623868e-02,-2.655542232694727001e-02,1.351125568543038412e-02,-8.422009369703462034e-02,7.937919854933282726e-02,-1.483247251951176626e-01,9.670553556236280435e-02,1.806403595496232084e-01,1.157604986959340776e-01,7.916446877778009206e-02,1.148501346205314799e-02,-1.547142614803707628e-01,-3.513585422944638381e-01,-2.096617418668595134e-01,-4.260976428538275074e-01,2.639931288201616266e-01,2.124103079606328437e-01,1.055629626142606803e-01,-4.375019931184495614e-02,1.584150283999593567e-01,-2.811502465837280029e-01,8.903498953110286496e-02,-2.950089253636662967e-01,1.878332712097261770e-01,1.573204083948597509e-01,-2.002872738229699578e-02,-2.180080962171540571e-01,1.449851037887771033e-01,3.943832934340406327e-02,2.159431723084659083e-01,5.959347278611892146e-02,-1.556993339276880606e-01,-3.563290039255511132e-01,-4.142384189427437691e-01,-2.411194507060600567e-01,-3.022182805259763239e-01,-2.166068740254909961e-02
2.214089066662304484e-01,1.470832544050842128e-01,5.112478846388177622e-01,1.151818139477024244e-01,0.000000000000000000e+00,6.426558291758999175e-01,1.140011361980389770e-01,5.312750142188417055e-03,6.085153932616598205e-01,4.329196468547487076e-01,1.250833137063989131e-01,2.020589296620927955e-01,3.053978842743826916e-01,7.811207882678646020e-02,7.365904184648504049e-01,2.948864109830764413e-01,-1.033579941536586777e-01,3.359130831254899530e-01,7.675302491082496015e-02,-3.743795148381220267e-02,4.539307402474712094e-01,7.192394167911566605e-01,5.696575448246866680e-01,4.381615154465542950e-01,6.396675106115542464e-01,3.386797056840300524e-01,6.846289912131171551e-01,4.710415784610759715e-01,-2.821305085250820355e-01,1.870542868776589318e-01,5.594924275595946073e-01,2.836909331339735330e-01,-7.984769018228722592e-02,-2.318411882780624100e-01,-3.270885150828692911e-01,-3.175775709008627490e-01,3.040285967573896214e-03,1.518020715404984171e-02,2.679001768787457882e-01,3.336346114334815677e-02,3.476391749817086541e-01,2.384750010286210975e-01,-5.918353395736131173e-01,-6.061097387445195661e-01,-4.178329764728197504e-01,-4.742578543626638776e-01,-4.818071638886155528e-01,-5.966093258013575040e-01,-3.768545185162660016e-01,-3.938990754426750507e-01,-3.132032393267134007e-01,-5.854434821929629384e-01,-1.437269324420523409e-01,-5.437614862576258812e-01,1.688781193199109243e-01,-5.898978427153355186e-01,1.763944565397194131e-01,1.969562992052889538e-01,-2.730249311666021680e-02,-4.040032936927639984e-01,2.109449549129726598e-01,-1.969809164025728143e-01,-2.233858473060039516e-03,-4.549702038346774280e-02,3.647100483432339502e-01,4.432494491401115476e-03,-1.955365329679885911e-01,-2.490017768788802266e-01,-6.719034122034726886e-02,-1.868909500760821685e-01,5.025436426181445482e-01,-2.072048102133608183e-01,-9.546036776088488718e-02,1.423277064699488004e-01,1.479027105802334929e-01,-8.772834531120494777e-04,4.361977546299177777e-01,4.312059366113036446e-02,1.225127809800433398e-01,-4.023061248941279811e-01,2.820634361178249727e-01,-2.721094226608733457e-01,5.977247792957041117e-01,3.148613742608097343e-02,5.441884949052072651e-01,-3.213884834202363483e-01,7.477727873487590715e-01,2.532745127506687566e-01,5.757835409957462458e-01,-4.353887873387758956e-01,2.027033966729291370e-01,-3.891277690955003976e-01,-6.552317531714052339e-03,-3.024405977715454164e-01,8.240976846599034483e-03,1.327148933074879522e-01,6.747232640949601956e-02,1.198767091279105169e-02,-1.552721577692591226e-01,-2.967959739461270008e-01,4.259882780500471311e-01,-3.067752394735920873e-01,3.839100105826355747e-01,-2.870379116958626797e-02,3.758039967773042500e-01,-1.875421662334503248e-01,2.786200480690905756e-01,-2.073540911780244744e-01,-9.951053328325172240e-03,1.669876438232874016e-01,-4.222049892049803410e-01,-1.534340870346780350e-01,-2.395934717127020108e-01,-2.994674082700828910e-01,-4.206096485247427519e-01,1.482998088318362162e-01
1.372719245008586497e-01,-7.590095835394601587e-02,2.550616544753026571e-01,5.051037840119805278e-01,6.426558291758999175e-01,0.000000000000000000e+00,-2.354130382676116254e-02,3.417725924277235094e-01,6.642738084127040032e-01,7.138043902356034920e-01,-4.923527844058643577e-02,4.288530144619811524e-01,-1.879225083275757116e-02,1.360015614680909202e-01,3.416943970579395806e-01,3.397159661591280244e-01,1.524788483150658625e-01,2.004020444643477283e-01,-5.661509542011990137e-02,-1.188823300588143367e-01,1.568145552128805686e-01,3.417098734013368500e-01,2.776918660278868689e-01,4.568168869967719203e-01,5.928926780540670904e-01,6.074196016777865248e-01,7.080497752364329767e-01,7.522567723634790982e-01,-3.380789244684078571e-02,2.648377402356871801e-01,4.091053269221683331e-01,3.738903978233146796e-01,-6.650470599933260528e-03,-3.975717795806114202e-02,-1.395850608842664209e-01,-5.285620205111213332e-02,-7.857654821727703964e-02,-3.411358682466985454e-02,6.757241107585868801e-03,-2.478884321474190359e-03,9.059847605240831103e-02,-2.016963869406773659e-03,-5.340133978096951450e-01,-4.940249707045605287e-01,-4.753052681788698663e-01,-4.496049608418788424e-01,-6.177100151829370001e-01,-7.167816828405083607e-01,-5.016917570677844607e-01,-4.011777814306225487e-01,-2.381694291315756828e-01,-3.588310347770075626e-01,-2.587537299410082592e-01,-2.412203373164348574e-01,-2.634488202062876816e-01,-5.596675093943175305e-01,9.863260639540744057e-02,7.061108193148428469e-02,-1.156384738961629410e-01,-1.265801482102899000e-01,9.638794728670024847e-02,2.575594967108122413e-01,2.446499350461038003e-01,8.352597700410636927e-02,4.245526322997263402e-01,4.790490132604131590e-01,-1.207893541305406770e-01,8.144592124038726316e-03,-6.547636136186231470e-02,-2.609000917250408058e-01,3.724558122157829998e-01,3.230284394951583177e-02,2.744958778212293060e-01,2.456456265664356542e-01,1.141417043400326931e-01,1.451457520431305090e-02,1.945599589347668523e-01,5.668214528107454186e-02,3.234100774577960968e-01,-9.622456319157743354e-02,3.604519782021952112e-01,1.498146873393678413e-01,7.607112559182611922e-02,-1.735335185196635460e-02,2.724248474496671624e-01,1.396068909849420003e-01,4.178040142998369344e-01,1.708889046540783552e-01,2.603131865989693483e-01,-9.487282426318516260e-02,6.712784347920951189e-02,-2.568612436345625860e-01,5.019024709035110887e-02,-2.585187474843040900e-01,2.947740116861437536e-03,-3.447982561253472300e-02,3.028540546830117350e-02,2.103331348923765942e-01,-1.012011219355608976e-01,-3.985551119222360827e-01,3.411624361817124085e-02,-2.708558547721249821e-01,1.489066018667753455e-02,-1.718056219072179314e-01,1.462143195159533449e-01,-1.112311565895496290e-01,-4.949204538038938506e-02,-2.307600034552389490e-01,-1.937108014744751139e-01,6.957456906906932248e-02,-2.426583036677936178e-01,-8.162441595041459996e-02,-3.308395965653961324e-01,-2.970475158250848735e-01,-1.334701278744634123e-01,8.945178093929423424e-02
4.073141546699826088e-01,3.057781010120667886e-02,4.486087252766051137e-01,1.771569318818224659e-01,1.140011361980389770e-01,-2.354130382676116254e-02,0.000000000000000000e+00,1.070594888473585110e-01,4.230153216802144400e-01,1.112743149759375383e-01,2.493596392372304238e-01,2.623583970452075809e-01,4.072041258779611761e-01,-2.232583672482190140e-01,3.488228384600769449e-01,-2.049249134866978905e-02,-4.491604853300841804e-01,-4.141802212937675115e-02,1.678754995373458736e-01,7.845349615837460266e-02,4.208151121676079187e-02,3.507848278526072908e-03,3.585181505859115769e-01,1.547772667820775383e-01,-3.052917575792111204e-01,-5.087964868345381531e-01,-3.169181360572869144e-01,-3.524565639390043748e-01,-5.075876517665240534e-02,-1.284950580708392742e-01,9.458234623189459844e-02,5.747315719961536284e-02,-6.731283093393766737e-02,-1.582201822850692607e-01,1.719452398668907533e-01,-2.363127639501884092e-01,-1.262435629257157577e-01,-3.207060351675495302e-01,-7.909541199244439491e-02,-2.134309382865833549e-01,2.746819953047521714e-03,-2.714600703397516690e-01,-2.493147839106050756e-01,-3.211471509587915940e-01,-3.268410746418988766e-01,-2.963980943171471427e-01,2.563516930596608165e-02,-1.106810241374976828e-01,-1.741864191200581946e-01,-3.120722564192974224e-01,-2.046230095000115268e-01,-3.383849562464052996e-01,7.927461835223230391e-02,-2.702203322631544502e-01,1.601779458046434235e-01,-2.372528716660425863e-01,-3.016382966443427738e-01,-1.322235669706378625e-01,3.885093894562745565e-01,-6.181033914768568199e-02,6.315473459681728574e-01,8.399255356771559433e-02,-2.235639499380390471e-01,-3.021661210831600441e-01,1.753939176669483124e-01,-1.040297583840379125e-01,5.708934255135673930e-02,-4.494873390934610580e-01,1.543206560112959230e-02,5.045769433367078283e-02,8.210201307412492988e-02,-8.070187572047868296e-02,-1.938919330935998386e-01,-4.300069439579126684e-02,1.322815665075242064e-01,2.184619439238551231e-02,-1.927112089039349774e-01,-4.269511121648817409e-01,-1.430593708372038808e-01,-1.096001955602743522e-01,-4.137519184608560163e-01,-3.885772122722083721e-01,2.039958787392479322e-01,-3.761132762920844225e-02,2.440739209505546903e-01,-3.648095395087762038e-01,1.745101433293902715e-01,-3.784767531161355864e-02,2.048474392922101095e-01,-2.550892777745896733e-01,3.941892906557322579e-02,3.108344659847757374e-02,-1.449575158823104004e-01,8.581077680486276504e-02,-8.467531136589473428e-02,2.826927671656478402e-01,-1.814396252473756688e-01,-3.827145904114270247e-01,6.028714818716661428e-02,2.942292166361583083e-01,2.187161844755562690e-01,4.578979942120022656e-02,3.584719519337997151e-01,3.010075598547069520e-01,2.830023802033827113e-02,-2.178443484480150627e-01,4.397573837723975920e-01,6.944308689986983252e-02,4.200847640774927894e-01,-1.221395545852390074e-01,-3.624649541750092352e-01,-3.601385286128699903e-01,-1.415372411908850381e-01,6.280914529472808594e-02,-2.113200960486378011e-01,1.933651116332309461e-01
6.355897340946857488e-02,-1.475318829877408922e-01,3.705147951084195729e-02,6.450545092238685330e-01,5.312750142188417055e-03,3.417725924277235094e-01,1.070594888473585110e-01,0.000000000000000000e+00,3.047731293616929293e-01,5.541922723965401198e-01,-2.789234424012104196e-01,7.104391175111018919e-01,-3.813546381249014461e-01,1.338964758110262054e-01,-1.629678300585029049e-01,-2.079469773643916608e-01,-8.050437053309272839e-02,-2.589887626345967306e-04,-8.564319177131785032e-02,3.183182207593384522e-02,-3.563300894062547131e-01,-2.924901504700071486e-01,-5.825026493430048025e-02,1.940480739577334912e-01,3.003990313897421383e-02,1.168860579749911588e-01,2.785076513109073851e-02,1.813182261060031497e-01,1.004905848893549170e-01,2.676552194245402916e-01,1.672647752347331818e-01,4.362181206284245216e-01,2.317033067696284143e-01,3.863179336893980409e-01,2.725362103942638448e-01,3.837534851066449759e-01,-3.901921984900428853e-01,-3.837659312924945332e-01,-3.003660029419598643e-01,-4.321947983733359644e-01,-3.393848756692916524e-01,-3.290149412478468038e-01,-1.123631670539004396e-01,-1.655718623149962654e-01,-2.483643946156046944e-01,-1.465706374463738582e-01,-6.217005241600410959e-02,-2.004645129913334156e-01,-2.002229093053561337e-01,-1.569420037692499104e-01,9.870096488198910889e-02,-1.101889454819894587e-01,1.194143302591634398e-01,-1.607528434651446236e-01,-1.161670778354888245e-01,-3.819384961609183504e-01,-2.582426452822272345e-01,-1.441584455994309732e-01,8.042665394124315359e-02,2.410397000555052349e-01,1.963109728087772954e-01,6.022719291116879203e-01,-4.669090033274471592e-03,2.901239676276123891e-01,1.263666466504247410e-01,7.174644073819526069e-01,7.938435690254659616e-02,3.193799421450450038e-01,-3.696294462075386950e-02,-1.672601927079493400e-01,2.374340833201142031e-01,-1.240023879997017714e-01,9.283868473710470137e-02,5.965017939798518409e-02,1.547111518785255491e-01,-2.608521240795379226e-02,-2.773133836009021858e-01,-2.540177982557149661e-01,2.057181439118972166e-01,-1.216054030646841200e-01,1.054365124750378593e-02,-1.964363646406478148e-01,-2.959101161600590224e-01,-4.120650251836755484e-01,1.163225836963696115e-02,-1.129530012649888338e-01,-7.875387527392506415e-02,-3.805553371260277928e-01,1.204405526765050943e-01,-1.857846503830769547e-01,3.151284468345959544e-01,-2.354877473326732196e-01,1.865258600620061935e-01,-2.980574576613945759e-01,-1.254922810719832360e-01,3.877384386124062970e-02,3.465624960292658374e-02,-6.982440024497356401e-02,1.571515672664533514e-01,-3.426962534373048652e-01,5.543313189975639099e-02,-4.191504295296951677e-01,1.633362691298461886e-02,-3.831800237592254965e-01,4.432106334295927985e-02,-3.045373310070225714e-01,1.825760830181564487e-01,-4.239337073708434600e-01,1.081418194921126980e-01,-1.672879678029491612e-01,-1.672634286373498314e-01,-2.764805227846783287e-01,4.317154066362362957e-02,6.319383836185385461e-02,1.591676239216841676e-02,-1.653225425319721775e-01
2.580966867468724724e-01,-2.046205006964691223e-02,5.459584856879695636e-01,4.044907447563290681e-01,6.085153932616598205e-01,6.642738084127040032e-01,4.230153216802144400e-01,3.047731293616929293e-01,0.000000000000000000e+00,7.685444570784801810e-01,6.768813206044357877e-02,4.000651021451547829e-01,2.361684644241348607e-01,3.468275496983857370e-02,5.890419234542781934e-01,2.939772968678590614e-01,-1.280726850174462861e-01,2.400064384901328951e-01,-3.736534802708598065e-03,-2.659759696020220013e-02,2.749084815386828029e-01,3.082535996566665992e-01,4.132855948986470795e-01,4.405438277975895489e-01,3.465380348058870186e-01,2.641508938531489381e-01,4.453473739149841903e-01,4.463451810081362492e-01,-1.315097618467937490e-01,1.577184021034194195e-01,3.819967576015094179e-01,3.471224727129310628e-01,-1.743745986815433413e-01,-1.964005856077642165e-01,-2.403427357782937923e-01,-2.237038140993809765e-01,4.326948099547244658e-02,-6.040296121175402905e-02,8.495201738278207459e-02,-7.664899386933203551e-02,2.319748716199071525e-01,-7.518875337993632946e-02,-6.385205968822205147e-01,-6.098888932154901132e-01,-4.649974113276573728e-01,-4.542688893795051031e-01,-5.165279919777674422e-01,-6.834904024007980583e-01,-4.373952971450134064e-01,-4.493327606307663258e-01,-2.919791068293986491e-01,-5.033118288790098260e-01,-1.107740967088801376e-01,-4.961124707818834190e-01,2.516352876172031627e-02,-6.000078556186122514e-01,-9.717841214083858259e-02,6.884783868131882922e-02,9.862990594319441529e-02,-1.840159882997592644e-01,3.554711735514942683e-01,1.598702125326759427e-01,5.146941955725508645e-03,-5.696920975180184282e-02,4.000607096611963898e-01,2.593865265735895709e-01,-2.013562072045401441e-01,-2.634505563816821883e-01,-4.316971362329414391e-02,-1.607485046833270481e-01,3.686330834343864438e-01,-8.500338798537378227e-03,7.186790095164453940e-02,1.651064497409427123e-01,2.399305175236056409e-01,9.892384773429675759e-02,7.970472526233995936e-02,-1.425295441455421142e-01,2.009476703208973036e-01,-1.290015623309782311e-01,1.799049203179109158e-01,-3.103096370438143334e-02,3.352759592722460713e-01,1.007294911115295954e-01,4.519607434939095225e-01,-1.707875912618405934e-01,5.502495746183186931e-01,1.380194066590980095e-01,4.323640870104663581e-01,-3.000079847431887936e-01,2.222895452609772449e-01,-2.458303629690525849e-01,-2.920919659716586861e-02,-1.251608502827456226e-01,6.077475917070500333e-02,1.638307746691965439e-01,-4.532606518735242916e-03,-5.133741559002295146e-02,-1.650498369028191026e-01,-2.903234664610614968e-01,2.036956677598310561e-01,-2.581848301642828969e-01,2.225475275232250416e-01,-8.142493689604694829e-02,2.090767303310396286e-01,-2.503623630148520407e-01,2.750510175548050440e-01,-2.469435221352677678e-01,-8.019195611528212586e-02,2.427115251944621938e-02,-5.020962757023725853e-01,-2.477398648455965136e-01,-4.109956245325253055e-01,-4.447533255749666070e-01,-2.791704342109838644e-01,1.199783927001810413e-01
6.781162021040222643e-02,-1.890763031889221846e-01,2.835277501857249582e-01,6.082636354433609283e-01,4.329196468547487076e-01,7.138043902356034920e-01,1.112743149759375383e-01,5.541922723965401198e-01,7.685444570784801810e-01,0.000000000000000000e+00,-5.766264670919350743e-02,5.407576055988789765e-01,-3.059510011323277046e-02,2.293152530575203185e-01,3.446673447522081712e-01,3.677098158323636734e-01,-1.995837505383726493e-02,4.718897818530520122e-02,-1.304588193545784813e-01,-1.700392511258256856e-01,1.649953931811814767e-01,1.627144819755885763e-01,2.440170742927043057e-01,4.158557019952528466e-01,3.371750133013609596e-01,4.511728289775790435e-01,4.234473411769621998e-01,5.259503112801651170e-01,-9.733235083419752853e-02,8.016725582307066000e-02,2.276236817945401780e-01,3.547385619984544380e-01,-1.536253678191869532e-01,-5.992294955139859658e-02,-1.971815546587347145e-01,-7.850729131062642030e-02,-2.439657741431331545e-02,-4.168745998032132721e-02,3.361692652276541265e-02,1.280089404509073166e-02,2.001374811335311990e-02,-1.841404266316165605e-01,-5.659617687636099292e-01,-4.469234105311150618e-01,-4.210512262664711791e-01,-3.828289035169874510e-01,-5.831627628394334684e-01,-6.906216310628834343e-01,-4.389145672303330081e-01,-3.322879300296333049e-01,-2.572643573775413861e-01,-3.053661290278965046e-01,-3.111646888368395092e-01,-2.556728848375487972e-01,-2.194119058063787042e-01,-5.381393835114370860e-01,-1.338238994491704748e-01,-6.124958521994417621e-02,-5.081526397313977997e-03,-1.592277608916302378e-02,1.775293865242344726e-01,4.421804778355641341e-01,1.287803780573565371e-01,4.703297841367127391e-02,3.954918601821816315e-01,5.927887335479593567e-01,-2.540258145659871070e-01,-5.504181621548302761e-02,-1.744405088471079890e-01,-2.247857147652524701e-01,2.975144682570760035e-01,1.489232657756384415e-01,1.608081019955312774e-01,1.259126123837996936e-01,1.527455492941170445e-01,9.145064234882299692e-02,-5.476798226087246924e-02,-5.830540800513445837e-02,1.940389495093490235e-01,-1.120302054987875641e-02,1.357264822860602960e-01,1.459462716311249741e-01,8.766303434516714566e-02,1.419624263264564756e-01,1.947845604702109490e-01,1.546643124746603370e-01,3.391492395689598705e-01,2.061505766889395186e-01,1.817679117318482529e-01,-1.899599469413821781e-02,2.141904985622739288e-01,-1.571412528236718897e-01,4.049450048831806231e-02,-1.572512204632941224e-01,1.691799734284551646e-02,-3.241676532808367150e-02,-1.108012563221162650e-01,1.365724752822914008e-02,-1.583663790980637531e-01,-4.121967883608131378e-01,-6.403394874034172568e-02,-2.555643363791222922e-01,-8.406435235756876123e-02,-2.179686657507735048e-01,2.374028331866817609e-02,-1.411255630081624246e-01,3.226919281374061171e-02,-1.632684444810290625e-01,-2.366095815945002678e-01,-1.707254124587970906e-02,-4.666334234704949679e-01,-2.226327459540702047e-01,-2.918001029094338117e-01,-4.385968289132408104e-01,-1.337961713814835307e-01,1.184864426309201191e-02
2.623284465171326629e-01,-3.909114164408211689e-02,-1.012785896729983398e-02,-1.371865810719178069e-01,1.250833137063989131e-01,-4.923527844058643577e-02,2.493596392372304238e-01,-2.789234424012104196e-01,6.768813206044357877e-02,-5.766264670919350743e-02,0.000000000000000000e+00,1.204596600519982769e-01,7.720443449688034754e-01,3.529126604053490213e-01,1.511731295592305957e-01,1.725884407884483718e-01,2.177199453704105614e-01,2.315212762937750302e-02,1.915999892242337410e-01,-1.536466943770987692e-01,1.314618409217825079e-01,1.433644708910464804e-01,-5.753458964973835743e-02,-1.287007706830050058e-01,-2.320435907778631845e-01,-1.610593580348336495e-01,-9.504089193351711318e-02,-5.819459452684919154e-02,2.186756641403523327e-01,-4.694710558879736095e-02,-9.395840703995535226e-02,-2.248576429133330723e-01,-2.190690045516991424e-01,-3.109732363417657131e-01,-3.336899761387376318e-01,-5.088544709222390106e-01,1.485198438880710736e-01,1.014887719550370965e-01,1.053854115826266952e-01,1.477783362772883413e-01,2.881858047925919264e-01,1.800064910124876960e-01,-3.320740464831331007e-01,-3.736476774818799917e-01,-2.139208430024157059e-01,-4.725027670660496004e-01,-3.343985865872600716e-01,-2.934380325248783228e-01,-1.466768285711050057e-01,-2.383206687230765286e-01,-8.286764713876741684e-02,-1.515889716028628320e-01,-1.509248091839929251e-01,8.400753749504781542e-02,1.640473603700234526e-02,-1.441078476314538170e-01,1.880807382419800444e-01,-8.554586057762135487e-02,2.521863889046623841e-01,-3.396447955106812744e-01,3.939765454675679401e-01,-1.179472597728234290e-01,4.306292610897675122e-01,-4.008023822978723505e-02,-1.383986594600305764e-01,-3.781809597908069032e-01,-4.822822555397552335e-01,-7.229342410618251336e-01,-7.116178337286116484e-02,-5.583872278147321289e-02,-2.167351104814685125e-01,2.999418418987951501e-02,1.593635040121863800e-01,1.109522573537215090e-01,1.893430970343202291e-01,3.513696172476702961e-01,2.639014334881964463e-01,9.108259803949993183e-02,-2.174476333200367484e-01,3.688112255445393037e-03,6.121956456830440069e-02,7.572166409422978472e-02,1.034524648141187247e-01,2.278438358188014101e-01,3.350756295353278513e-02,-4.485006845801178116e-02,-1.062754420908946194e-02,1.475701645873479517e-01,5.379518012110248715e-02,7.960706107785932295e-02,2.198923995551045618e-02,9.286190941361019413e-02,2.276868517515766577e-01,1.160703855290376590e-01,-4.200528585534889225e-02,-1.810551069157848580e-01,6.721392397086796422e-02,2.896724934336867840e-01,2.379847966872733200e-01,3.425000931004192894e-01,1.452176996564648881e-01,4.094422615027874524e-01,-2.097071651245165438e-02,1.915671971328943290e-01,-4.199385021935271578e-02,-3.758331327225156865e-02,-1.042538704898954005e-01,-5.282473932161316915e-02,-4.932120484274420819e-02,1.453494685395554098e-01,-9.724551829979910522e-02,2.763536180256800368e-01,8.304352913843521256e-02,5.246378459128642896e-02,-1.182644516087879294e-01,-7.856021471112796528e-02
3.675740051743249248e-01,1.003705789745246435e-01,2.864867461430103401e-01,7.765042327688487234e-01,2.020589296620927955e-01,4.288530144619811524e-01,2.623583970452075809e-01,7.104391175111018919e-01,4.000651021451547829e-01,5.407576055988789765e-01,1.204596600519982769e-01,0.000000000000000000e+00,-1.285204999075814092e-01,1.740572842167379952e-01,1.004533784018184078e-01,4.223163773320584569e-02,3.038856097031992012e-02,2.386608880055618442e-01,2.505216622075578381e-01,1.424793039982550635e-01,-1.392342994725324357e-01,6.653849325315876542e-03,5.803278382795011570e-02,3.527835858378434719e-01,-4.938127516700777098e-02,5.583055499768460606e-02,1.173272893196763006e-01,2.274366712079635144e-01,1.864378856537972640e-01,3.799576495268615628e-01,3.136845123426546533e-01,5.337254680599986534e-01,2.699708292165406975e-01,3.487402207403534904e-01,1.164053829647151844e-01,1.149715227168971038e-01,-3.030396212902314312e-01,-2.866011856195920804e-01,-6.409768995105398492e-02,-2.364576587401415741e-01,-1.181227580611048933e-01,-2.107299513110207079e-01,-3.923673799701526410e-01,-3.895269304987359349e-01,-5.363115132784765926e-01,-4.317971599447120723e-01,-2.631972494651397820e-01,-4.527595429202708743e-01,-5.722928726472072958e-01,-4.922000704925552084e-01,-3.603595237302560372e-01,-4.822120712125134712e-01,-2.872582957675797188e-01,-3.602441591436866819e-01,-7.363204485516882704e-03,-4.489249461434077770e-01,-1.096258347630943708e-01,3.582326046650713414e-02,2.086583233609974886e-01,7.630435287018194623e-02,4.699499364221667586e-01,6.459167993245961137e-01,2.277775985666874170e-01,3.801871536482082092e-01,8.990163671268684709e-02,5.134292593662964643e-01,-8.767981375118300003e-02,6.514401301209495065e-02,4.419558884529307258e-02,-9.153044700715588788e-02,3.562007353077497052e-01,3.976562785474469647e-02,1.753139677458208645e-01,2.093865114939250927e-01,3.384540492438515291e-01,3.427027202156074370e-01,-5.391903154886802663e-02,-1.637348631052368275e-02,1.330982903673447459e-01,-1.276634763755694346e-01,1.114248668422640823e-02,-9.436751639964206795e-02,-1.044569007005231448e-01,-1.492620535912024538e-01,3.031234128616007439e-02,-1.627363980574855207e-01,1.976942366224895276e-01,-9.309146781245340729e-02,2.353035882445911886e-01,-2.071566546600131786e-01,-3.825171347208052713e-02,-4.733571037525026171e-01,-1.023805067423668724e-01,-5.307365600056063171e-01,-2.330985774138181338e-02,1.821193588821156673e-01,2.488083198969340548e-01,7.159155716013083925e-02,3.487901513254281771e-01,-2.038653369765570655e-01,3.294407762942463958e-01,-2.727815432289100173e-01,3.144278645234049319e-01,4.752127585208573007e-02,1.586843580813434296e-01,-2.606697728120248025e-01,2.859420707824920083e-01,-2.865491016772309663e-01,2.008093607704377337e-01,5.908818662174870895e-02,-3.142464318271792623e-01,-2.056555129912724378e-01,-2.018998878501877259e-01,-1.617187860111213571e-01,-3.833932708726860428e-01,-5.781727277876046178e-02
1.690571380985366190e-01,-5.857448343304801075e-02,9.362256434183886811e-02,-3.431894819394676888e-01,3.053978842743826916e-01,-1.879225083275757116e-02,4.072041258779611761e-01,-3.813546381249014461e-01,2.361684644241348607e-01,-3.059510011323277046e-02,7.720443449688034754e-01,-1.285204999075814092e-01,0.000000000000000000e+00,2.694152524327253495e-01,4.023686693527920855e-01,1.313185008138191556e-01,-8.255262658696374545e-02,-5.422347030296031239e-02,-1.975042387966413279e-02,-2.460789429019017427e-01,1.442889463949978690e-01,1.356741703323552373e-01,2.105413172505629371e-01,-1.056700982802496330e-01,-1.380566536749856799e-01,-2.827839022272873870e-01,-1.320685286723601859e-01,-1.937975692125454286e-01,-1.156055687866663628e-01,-1.794391928633793654e-01,-1.288690040904538203e-01,-3.607116489187892627e-01,-4.216521177518212093e-01,-5.342438797818581664e-01,-4.007394356711602712e-01,-6.630252462676419212e-01,9.297488851273641441e-02,-1.776943750332653921e-02,1.298527193319746337e-02,-4.857613013120676976e-02,2.221981193893333983e-01,7.614728052704347605e-02,-2.538533552649599456e-01,-3.141034590950373961e-01,-3.819849336006703872e-02,-2.526464465349120836e-01,-1.929617679219222393e-01,-1.898977461995841054e-01,8.311510211006424564e-02,-2.452580941390220676e-02,1.040715038553565591e-02,-1.155117888536580373e-01,1.115191931005294346e-01,-1.018590269392419603e-03,8.637753220062019399e-02,-1.626358627617169594e-01,8.806233238155541931e-02,-1.205799565727490724e-01,2.743996438179138186e-01,-2.282984838236894742e-01,3.199427051117345044e-01,-3.574831983358541798e-01,6.521946942962594806e-02,-2.190811812132422154e-01,-1.397659226666723466e-02,-5.386248318180624217e-01,-4.027522397895155759e-01,-8.172672809610249667e-01,-1.878185703753659508e-01,-8.750337009605141381e-02,-1.658350524923932201e-01,-1.932782519386805620e-01,-1.348552097902490088e-01,-8.679879249650591932e-02,-1.554335943508233613e-02,1.062687887546771015e-01,1.937812475155998027e-01,-1.868391785725503629e-01,-2.254994930726491598e-01,-1.386874724277800675e-01,6.548337637658742383e-02,-7.820872771527530298e-02,2.800756369769463183e-01,1.692433629039308274e-01,3.732579390847716727e-01,-1.784195413634254435e-01,1.738172491593134306e-01,9.548567461016752023e-02,2.241768026307841555e-01,-1.019199034828228434e-01,1.219494317367274816e-01,1.501116025161795819e-01,2.672838722493194319e-01,2.511125865551014913e-01,-1.712550954157098237e-01,-2.245057513896657198e-01,-1.845207433342650194e-01,-2.581715466073928461e-02,-7.944822942034657220e-02,2.781419062443273860e-01,1.781151087421363188e-01,3.389565489946464449e-01,6.381349830411665869e-02,1.222711230978998365e-01,5.029850295356296658e-02,-5.090979240043581877e-02,-4.229281043986788703e-04,-3.063657257313060628e-02,-3.751851569688813975e-02,7.620860544261039149e-02,-2.197805117211195369e-01,7.919121430993565636e-02,6.812762097331684363e-02,9.866001657938204550e-02,-8.459450856533250185e-02,4.358457260299387903e-02
