0.000000000000000000e+00,8.495940094277234511e-01,-2.487512890874482019e-01,-7.568440092653554163e-02,-2.632011374563711370e-01,-3.146666033085569469e-01,-4.821070826073797222e-01,-3.349762266711780456e-01,-6.094496762414071123e-01,-3.440580202987746361e-01,5.823247303282167442e-01,5.901674348313231677e-01,-5.319672661330993035e-01,-3.255627554954488856e-01,-3.121121026456098457e-01,-1.377812848832620229e-01,4.448982387911651348e-01,4.307403025312490086e-01,9.211937910191243528e-01,8.814334259202831756e-01,-1.233938178068602898e-01,-2.279017281348457713e-01,-2.278639980611133764e-01,-2.665849549063646906e-01,-1.427379423767203281e-01,-1.622041312798905843e-01,-2.938582780513543467e-03,5.603409445068553013e-02,1.330494016676430358e-01,1.601215175348766617e-01,5.734893387094423811e-02,-1.104041663725382483e-01,6.773881119730514877e-01,6.661551628245920842e-01,1.160252740310956515e-01,3.890656922573075549e-02,-2.509381186477705264e-02,3.385702374805195543e-03,-1.070220813063531146e-01,-8.018041086071303614e-02,2.571572304761091665e-01,1.511152556955743798e-01,2.474163644930484074e-02,-2.197100758383860042e-01,-2.552261847407591433e-01,-2.315511141984314958e-01,3.198158350613977130e-01,-9.693172842497123354e-02,-1.449784984226598628e-01,-1.631218901279049560e-01,-3.475958431491960043e-01,-3.719143905170061992e-01,-5.020268751975605070e-01,-4.068011383661584435e-01,4.168819758426501876e-01,4.882694927465253687e-01,6.427550541598712197e-01,5.266882548253511986e-01,4.006662633595545198e-01,5.624472059393781365e-01,5.408259895341647194e-01,3.585550511794255990e-01,8.275976415749849435e-01,5.952703271000031604e-01,2.085117154874745471e-01,-2.015392865688353519e-01,5.292628409048806271e-01,5.035822945659776950e-01,8.044092992179986412e-01,7.991483392403907482e-01,-3.342104397022682000e-02,-1.232220525591467969e-01,1.939745585100935976e-01,1.270613734192179711e-01,2.673983265666338149e-01,2.112293067271236169e-01,3.812693745039683058e-01,4.644037225073744946e-01,1.158371695927819384e-01,2.626402419374079464e-02,4.664414775450664297e-01,4.411547266474517559e-01,4.050717398857871521e-01,3.072197035633070228e-01,2.091954394012875140e-01,6.126805910223149382e-02,3.095568076266688728e-01,2.120806709416410973e-01,2.975170486611432297e-02,-7.445948627392375008e-02,-5.274147723326141901e-02,-2.642586061368210060e-01,-3.043191152562389479e-01,-7.452009824942940064e-02,2.903208564162761823e-02,1.656052731064540096e-01,3.525703296573486356e-01,3.371372558592083957e-01,3.568449747965617980e-01,1.308761394279729096e-01,1.029882879202626972e-01,1.952713013091033067e-01,5.150847757050706077e-01,5.078488401065934799e-01,-1.686401416375389040e-01,-3.047719842696356429e-01,4.653569915943625013e-01,4.513735735428374141e-01,-1.809951493175803727e-01,2.173533842543547145e-01,1.730347970677558744e-01,-3.847722843039680374e-01,-3.429145236166906141e-01,1.576493620649904379e-02,-4.332502658189307243e-01,-2.431417684633607468e-01
8.495940094277234511e-01,0.000000000000000000e+00,-3.815762278285114717e-01,-1.313227915932082546e-01,-3.096341745564292203e-01,-3.476347656033350608e-01,-5.241311618848439879e-01,-1.775855105151030455e-01,-6.081277015286813414e-01,-3.854133433964863631e-01,5.920691257023134035e-01,7.291005226457252242e-01,-6.409845506665320380e-01,2.365448546368078761e-02,-3.203797461317036133e-01,-1.059307369172469010e-01,4.950320687446763124e-01,5.308222029795596209e-01,7.409733738638196732e-01,8.767847311723875325e-01,-2.802564022034643720e-01,-2.326339528056627359e-01,-4.130918476038244469e-01,-4.419854668994257496e-01,-2.349655637570089717e-01,-2.454774101075498927e-01,-9.569241730553353087e-03,-6.667048193206388459e-03,6.219722186721826640e-02,2.051199695869767303e-01,-1.753083823381972606e-01,-2.570150425939683458e-01,5.946177148830170678e-01,6.611106483172216608e-01,-3.525290013308596954e-02,-9.377999822276462949e-02,-1.459202435272104192e-01,-2.026670114650996890e-01,-1.924282089341185775e-01,-2.146236729643847263e-01,1.789734164765039159e-01,-8.765276739599238420e-03,8.834778443768514719e-03,-1.683453795638245876e-01,-1.204182356495218376e-01,-4.455915177152352212e-03,2.632875100796074341e-01,-1.614780946617066226e-01,8.948766883139318284e-02,6.025224172492507635e-02,-1.700924551605207946e-01,-2.252574298265115071e-01,-3.220931953775601486e-01,-3.660643841819423705e-01,1.728642957767694555e-01,2.193162591689871155e-01,7.918608572905224685e-01,8.107727012782550702e-01,4.924365993711548040e-01,7.484367554166651004e-01,6.449185677242450510e-01,6.380605575786316708e-01,8.200584357191962326e-01,7.828023227544664842e-01,1.796541789256179134e-01,-5.206080661035115270e-02,4.385114046304565139e-01,4.726230557015466127e-01,7.496390299630302234e-01,8.283590782823231358e-01,-3.219946063494053684e-02,-1.892342591632400484e-01,1.786350616725655427e-01,2.000487482602375522e-01,2.094794670162784256e-01,2.150928141495924983e-01,1.374105410495831681e-01,2.370517613715592553e-01,2.461336564198704502e-01,-9.666518210867395405e-03,5.561101310219570548e-01,5.643090333437029704e-01,2.649606378356338943e-01,3.633977838061883125e-01,4.177138300807672344e-01,2.140508679827108074e-01,2.668284282142759367e-01,1.190572022968970911e-01,3.556205454998464383e-02,-1.629850616803095731e-01,-1.381829272014459785e-02,-2.787529333636404316e-01,-1.674005380129682530e-01,-1.728058455434689222e-01,1.563100441818040531e-01,1.981606606163938966e-01,3.169065160328939368e-01,2.080325898096680726e-01,1.288581625466934666e-01,-4.185518593374855378e-02,7.776457001617961828e-02,3.131983246077841426e-02,3.104239887806810039e-01,2.638062245315498933e-01,-2.570373115464157920e-01,-3.960591230251688244e-01,2.358011642468222924e-01,1.407501219941263704e-01,-1.241578902866875660e-02,2.659314339605627353e-01,-1.600593539439972360e-02,-4.460693953671902023e-01,-2.982229076780215649e-01,-1.181636297587083106e-01,-4.924226145476001126e-01,-2.303886165552044840e-01
-2.487512890874482019e-01,-3.815762278285114717e-01,0.000000000000000000e+00,7.675138084038936048e-01,7.060964079871347998e-01,7.466730355587529733e-01,8.533020958398273015e-01,6.193700986415660026e-01,5.943312756517828976e-01,7.280281416979073050e-01,-4.083623082812157246e-01,-4.927532927040542687e-01,2.957778050087978006e-01,-3.617010053505012590e-01,3.136840730889683265e-02,-1.238173915335729347e-01,-3.115172853684762266e-01,-3.169176697844367507e-01,-9.164876871369707911e-02,-2.714331789367582237e-01,1.759337723196430225e-01,1.778222021003076359e-01,8.550612172040652492e-01,7.904124746088020403e-01,7.097199235165867481e-01,6.678064366998015533e-01,-6.482251793379190108e-03,2.417996920283017048e-01,-1.014223446000991624e-01,-2.388621488617788391e-01,4.622696873179966137e-01,4.063234671458685839e-04,-1.542656578093658526e-01,-3.034790972134023823e-01,1.634545778990342257e-01,1.022804073138873088e-01,6.502684264544868545e-03,1.345441681268307564e-02,1.767193611052319535e-01,6.739517483058975189e-03,-6.664569466418202026e-02,9.156391759630838623e-02,-3.217846932509125235e-01,-6.400497051414852923e-01,-2.380031018860413183e-01,-6.214047716717485681e-01,-4.186472160569332801e-01,-3.791797406493864764e-01,-4.105836367395940822e-01,-5.116591032256586624e-01,-3.702510358936941803e-01,-3.992945753323919877e-01,-2.418977663255633126e-01,-2.072288842398131714e-01,7.458404710894472878e-02,-1.313724443270452430e-02,-4.608613932013275183e-01,-4.979616042816674693e-01,-4.145009865693283779e-01,-3.886232893146945311e-01,-5.584249104872117675e-01,-5.752740234882511849e-01,-4.145432968233359050e-01,-5.545101892292980672e-01,-6.222803741704475283e-02,-3.438276571985034447e-01,-4.918404712569256210e-02,-6.576677807345608640e-02,-1.146725436764095551e-01,-1.641976172389386368e-01,3.813079649433366303e-01,1.866204509782416754e-01,-1.845432522616533288e-01,-4.134599843622212556e-01,-2.830626373609020363e-01,-4.642448433194760748e-01,1.539803007745980112e-01,-1.175306973836199708e-03,-1.826060118075888139e-01,-7.080198576218232898e-02,-3.512150634024164275e-01,-5.198057137391022264e-01,-1.871383376195850656e-01,-4.273672887389163844e-01,-3.246720905410224178e-01,-4.644430093696875761e-01,-2.981211245705722157e-01,-1.694072101158030641e-01,3.960172294635979501e-02,-1.062808270086359613e-01,1.620897039437307896e-02,-6.689467096733878182e-02,-2.858929838319365993e-02,7.022887043989084477e-02,-1.191781970515096295e-01,-2.078856663055959897e-01,-2.422968893919816569e-01,-1.545868592890535520e-01,-4.729923910503217033e-02,-1.577927485930764873e-02,-3.000300132012152093e-02,-5.618976483863063337e-02,1.808799206412171900e-01,1.359980863735461010e-01,-4.446347694461974531e-02,-6.691102829579023692e-02,2.333448371848571568e-01,2.043977177404994183e-01,-4.867126769341310194e-02,-2.144598651318576354e-01,-2.686200775400878968e-02,1.876238526514801760e-02,3.272265928666376333e-02,4.682779577967256801e-02,-1.624176822699254785e-01,1.718553102813857869e-02
-7.568440092653554163e-02,-1.313227915932082546e-01,7.675138084038936048e-01,0.000000000000000000e+00,6.653284071425803470e-01,7.504398554457918369e-01,6.669989304591407153e-01,6.558950653275906761e-01,4.244784781579390431e-01,7.457529642024193217e-01,-3.732320144053982158e-01,-2.368428518004737915e-01,2.700853706760218687e-02,-3.180062226264558367e-01,-6.241890152471205738e-02,-8.089190427394183855e-03,-2.961803726394117708e-01,-3.041604424589223754e-01,6.519761573105831154e-02,3.130153588075346160e-02,6.494981978966843372e-02,4.281325321155372149e-02,7.739726520113213715e-01,7.760612505007699058e-01,7.279619699094244112e-01,7.369123107070177925e-01,5.886618348987287391e-02,2.852949628633677515e-01,-1.438079602304915237e-02,-1.291607067657617181e-01,2.984164542956473931e-01,-1.113299860728413915e-01,-2.410033853162693307e-01,-3.204379177761206288e-01,-1.124165164380386273e-01,-1.717801649474015591e-01,-2.839111711107560887e-01,-1.253569081482921455e-01,-1.296699713064519525e-02,-6.545362394451927079e-02,-1.662858468839157611e-01,9.163269195789174731e-03,-4.388615027716937789e-01,-7.423617251711247533e-01,-3.184323862210109435e-01,-4.833549787458180091e-01,-4.640922855759291310e-01,-4.335462962720690316e-01,-2.877439141160246239e-01,-3.016534828503840138e-01,-3.236241614704243874e-01,-2.537604292382685256e-01,-3.369596520146370122e-01,-1.064021287673442562e-01,-1.844388338106308922e-01,-1.426234416687879314e-01,-3.153041119983402973e-01,-3.049023022326382004e-01,-3.653780336744871793e-01,-1.818463895303933098e-01,-5.098096214033704943e-01,-3.392902249185847374e-01,-2.349465991223383399e-01,-2.224664672180950709e-01,-6.951803884028652514e-02,-2.873715853073789406e-01,-2.128142691126859443e-01,-1.650027644239225322e-01,4.315191346808836675e-02,7.570809083635965386e-02,3.613590121098209651e-01,3.114959031273834000e-01,-1.775208460520535658e-01,-3.975728339793165311e-01,-4.752486377436077603e-01,-5.217983656703646389e-01,-1.342763894117378620e-01,-1.916232286648876237e-01,-1.417305141862486850e-01,8.701300698785591203e-02,-3.706088690878521219e-01,-2.856222255862638781e-01,-3.675742647429197096e-01,-3.333332195828168643e-01,-4.015216993245648291e-01,-1.587533605464470365e-01,-5.512592373220914777e-01,-1.934874992017064643e-01,-2.219252880345394530e-01,1.038139571840790004e-01,-9.204143066863781919e-02,9.625372311082192045e-02,8.693351574346376434e-04,2.570545852202810178e-01,-7.328041323678857570e-03,-1.079241325035586313e-01,-1.968193013064014618e-01,-1.185258572083518619e-01,-2.096916964045090204e-01,-1.555221611857177388e-01,-2.242160178660610181e-01,2.290674250326857897e-01,7.014320903678390728e-02,1.458797549845927688e-01,-1.706556175037060585e-01,-3.271082631632889898e-02,1.047349840823344758e-01,1.203950733543120571e-01,5.839020429836440373e-02,-1.708152231122034292e-01,-1.737656621856065176e-01,-1.374284921843668406e-01,-1.494224543214377199e-01,-8.807812112212827504e-02,-1.299534263589180727e-01,-2.923943429299637187e-02
-2.632011374563711370e-01,-3.096341745564292203e-01,7.060964079871347998e-01,6.653284071425803470e-01,0.000000000000000000e+00,9.562286236932187045e-01,7.572464466766722913e-01,4.923868294338395457e-01,8.278229561891669031e-01,9.184529564805523627e-01,-3.003738138827746207e-01,-3.933309157233103592e-01,2.903260921616092061e-01,-2.077737469378172219e-01,4.290686124041164229e-01,7.399434544766721189e-02,-2.801202622877548842e-01,-2.348120955129463228e-01,-2.016716874457275543e-01,-1.584962296175815855e-01,2.078512039461868910e-01,3.420290516670909109e-01,5.052052715391739390e-01,6.143106832500777603e-01,9.158031594404864029e-01,9.100652121549764884e-01,2.718296935739394904e-01,5.127751913248601578e-01,1.161783092856650129e-01,-1.660761963148612852e-01,4.464156733042257685e-01,4.696069193487686921e-02,-4.079613153888885790e-01,-4.415321524381266571e-01,-1.993447187996076619e-01,-2.336042435604381573e-01,-1.804863351544226668e-01,-9.742464190825736448e-02,2.377824850803173795e-01,7.980009684085993815e-02,-1.187348348777923501e-01,-2.338135577333476378e-02,-6.467262145360018755e-01,-6.082513692665078020e-01,-3.225025821635812417e-01,-4.218597046413930518e-01,-5.858596726300782098e-01,-6.536319032841743093e-01,-3.881633600762910974e-01,-4.152221306196886008e-01,-4.685757795497831890e-01,-4.885859935604039972e-01,-4.391089133487311447e-01,-4.572312583917806372e-01,-1.842688675869605663e-01,-2.382598697360699402e-01,-3.642967918070459388e-01,-2.829890686578530046e-01,-2.391972052522206849e-01,-1.565565847440658631e-01,-3.945048050615985735e-01,-4.027216064863579637e-01,-2.444601211230804094e-01,-2.866619738833405262e-01,-2.867238873664900711e-01,-5.148063397628567239e-01,-2.602446311528993084e-01,-1.522630435694216910e-01,3.637125842792161834e-02,5.850242300421004335e-03,6.035657087711815416e-01,3.771887416251146208e-01,1.097424089527036933e-01,-1.876110878302224005e-01,-1.785099987899826379e-01,-2.913542273772973257e-01,-8.535693059743212907e-02,-1.674759076339810415e-01,-1.569130105721397717e-01,-1.605402245917109394e-01,-2.758300203959492825e-01,-3.842250938644940494e-01,-3.669728415556681722e-01,-3.136698429601307292e-01,-2.988852138555346261e-01,-4.413331276774978829e-01,-1.817052776775736900e-01,4.714198761802615434e-02,-1.057180189677880272e-01,-1.697746581338103744e-01,-1.997734602861363229e-01,-2.673196136967778691e-01,-2.505973609913464406e-01,-8.717933267370411854e-02,-1.005641407575212226e-01,-1.097945630153056296e-01,-1.845306736089800115e-01,-9.573488799908944080e-02,-2.372036228154521531e-01,-1.796475473204302564e-01,-5.236507572902626695e-02,2.976179946490084202e-02,2.742081113792648184e-01,2.362059817642065407e-01,-1.435947598445194429e-01,-2.894829494730387642e-01,2.418739115069215850e-01,2.157387289172561229e-01,-1.081214926569396412e-01,-1.637807912084297546e-01,-1.212656875414988428e-01,-3.127096976274474360e-01,-3.189452916975242247e-01,-2.764719734345309488e-01,-2.451014495799111736e-01,-3.370739051934469321e-01
-3.146666033085569469e-01,-3.476347656033350608e-01,7.466730355587529733e-01,7.504398554457918369e-01,9.562286236932187045e-01,0.000000000000000000e+00,8.051268440783730940e-01,5.976560726817075064e-01,8.010028383583516209e-01,9.689187744312746098e-01,-3.253180633453637283e-01,-3.932052275260451424e-01,2.712760547760771357e-01,-1.926771058309699192e-01,3.484253682134669239e-01,1.458089795701489888e-01,-2.414846040665341864e-01,-2.953380575121744012e-01,-2.439750103298529427e-01,-1.928833875636084827e-01,2.056183129150614131e-01,2.799556673152407971e-01,5.790088806435702562e-01,6.909229682499251624e-01,8.956914342004090868e-01,9.104639757578426584e-01,2.204816126957341860e-01,4.419087724647089988e-01,1.367850397397173123e-01,-1.567142174828639600e-01,3.826330658995900635e-01,-2.913318930286570851e-02,-4.720636228812777890e-01,-5.188037538256818904e-01,-2.407804760231815056e-01,-2.426428716770171745e-01,-2.315309159925874605e-01,-1.303203181669472521e-01,1.367480141050587961e-01,4.237841986059218830e-02,-1.445361301646296281e-01,-7.961704846661529777e-02,-6.363857947792042058e-01,-6.138426965667965751e-01,-3.140766349841657146e-01,-4.392704007310216929e-01,-6.204913895438046723e-01,-6.339319421121265563e-01,-3.953142226424168348e-01,-4.296434336821906008e-01,-4.576386770284185390e-01,-4.349820398082227535e-01,-4.141721477402398599e-01,-3.702980528113544723e-01,-2.920712680270085571e-01,-3.201693381841218544e-01,-3.904205358771907219e-01,-3.176509628329316492e-01,-3.399850963058937969e-01,-2.273695650290069314e-01,-4.924101091629271010e-01,-4.103049246184288790e-01,-2.846519015043504908e-01,-2.991738740509292671e-01,-3.191713605967723133e-01,-4.770846427408473867e-01,-3.442556747838555475e-01,-2.445185580154250748e-01,-1.877349804689022739e-02,-2.948259571904864734e-02,5.270766848748321687e-01,3.690755248153063106e-01,2.205029176144899031e-02,-2.791856725056026112e-01,-3.407614347109079178e-01,-3.563516495454013278e-01,-1.524767812605284101e-01,-2.391878026361831389e-01,-1.613634229801818032e-01,-5.053988557733084946e-02,-3.271424470826825304e-01,-3.492723133870087593e-01,-4.146785336592497817e-01,-3.047190244416515537e-01,-3.795275916694607621e-01,-3.766647365425457306e-01,-3.049118020325398137e-01,-5.962174921546169008e-03,-2.046690918943267212e-01,-1.003990186955222574e-01,-2.916433125338743770e-01,-1.993494397862266010e-01,-2.419109629628516944e-01,-5.016445953836347338e-02,-6.713954110101327810e-02,-8.558820645461220900e-02,-2.436157401318518878e-01,-1.319916971754012125e-01,-3.014978941712299076e-01,-2.243720206635199110e-01,-1.461172762182622598e-01,2.254419782144439360e-02,1.543294118431372541e-01,1.442097860500492490e-01,-1.473372545552492641e-01,-2.018949498234805240e-01,1.186780472457455715e-01,1.489381664492440138e-01,-4.903314681350521426e-02,-1.754976586095786384e-01,-1.765622633477436643e-01,-2.743671310584701595e-01,-2.610190066867862368e-01,-2.623819388890528126e-01,-2.024466170396233278e-01,-2.836452679606030203e-01
-4.821070826073797222e-01,-5.241311618848439879e-01,8.533020958398273015e-01,6.669989304591407153e-01,7.572464466766722913e-01,8.051268440783730940e-01,0.000000000000000000e+00,6.723130483026513726e-01,7.790891016371814803e-01,8.259630814119124365e-01,-4.022345454070704873e-01,-5.823970056754617097e-01,5.250569139711989131e-01,-1.552258918098594620e-01,1.026235531346052499e-01,1.506120333490266160e-02,-3.121116239533678338e-01,-4.850997454054588598e-01,-4.223868050757085268e-01,-4.822449409351634575e-01,6.001854250688092030e-02,1.967883196190723105e-01,6.517697433829844345e-01,6.148887203723193418e-01,6.466500597439196474e-01,6.181531496183721996e-01,-1.044630815798931467e-01,7.524971034276604909e-02,-3.854306677475544118e-02,-3.623611875397772519e-01,2.055070957311467827e-01,-1.348397277963163943e-01,-4.105850835351900208e-01,-4.433875408636100968e-01,7.282339247647594271e-02,-2.339605695612016756e-02,-1.227153534021375864e-01,-1.334339237185433458e-01,1.143229885429316584e-01,1.015124364284359787e-01,-2.137722361092140866e-01,-1.143885227775443686e-01,-3.081042728239726802e-01,-4.596036619691996616e-01,-1.318331197326170490e-01,-4.100887400945184558e-01,-5.354687086536733531e-01,-4.246610475088781755e-01,-3.025514220845171298e-01,-3.309766189215482823e-01,-2.578491634545728717e-01,-1.814866109158859153e-01,-1.099730959891264404e-01,-2.200831529612952073e-02,-2.589052068782448646e-01,-3.257175181009954179e-01,-4.735830592773290215e-01,-5.078258564204027881e-01,-3.695784841904892204e-01,-4.099649350150616489e-01,-5.156370676594976832e-01,-5.035225367974691668e-01,-5.548339454790994774e-01,-5.554978109743160530e-01,-2.334510997668491072e-01,-1.708753323608840080e-01,-2.404017524477318202e-01,-2.290461463382526819e-01,-3.462699166748088309e-01,-3.298031473379362533e-01,3.028321456341345752e-01,2.639010063201825962e-01,-1.228608920184245945e-01,-4.331756027606269988e-01,-3.768785669546818040e-01,-3.164664555354869124e-01,-1.180378068147676790e-01,-2.240901707304420731e-01,-1.118828001794253124e-01,-4.246123303166681948e-03,-4.437064118515731681e-01,-4.905863262833704552e-01,-4.135026565713300073e-01,-3.756912006827030637e-01,-4.105605566041035104e-01,-2.939038303630469029e-01,-3.900716777611870079e-01,-1.502965619958234189e-01,-1.216814116513189464e-01,2.418297835291460460e-02,-1.865379262603254484e-01,-2.853259151231563539e-04,-3.120193212218352885e-02,1.004886939570823617e-01,-1.296215202605878747e-01,-3.224839611591160948e-01,-3.981967505666650364e-01,-3.276042136262584670e-01,-3.201976321501138756e-01,-2.341002531310594770e-01,-2.135802727769043063e-01,4.853628585852011457e-02,-1.141352643870901656e-01,-1.150858244949096720e-01,-1.292923396723839879e-01,4.157897035340715752e-02,-6.623605583286663878e-02,-8.118877881167434196e-02,1.052943394678728349e-02,-2.282216528496811003e-01,-1.714581939234481600e-01,-2.650302991663079297e-02,-6.239068252759709388e-02,-1.718456386408901138e-01,-6.136562295516838350e-03,-2.606086886762805019e-02
-3.349762266711780456e-01,-1.775855105151030455e-01,6.193700986415660026e-01,6.558950653275906761e-01,4.923868294338395457e-01,5.976560726817075064e-01,6.723130483026513726e-01,0.000000000000000000e+00,4.933909869244254565e-01,6.454119736587762279e-01,-2.828709332174881852e-01,-6.678608672132069213e-02,2.351394990510000116e-01,2.526335348524858526e-01,6.236553512738304134e-02,-1.158610547762383841e-01,-1.890145211376793866e-01,-1.681016354132466306e-01,-2.379752433249969490e-01,-1.720009004787910745e-01,-8.798951031270643708e-02,-3.905419788279016619e-02,4.268661985963752570e-01,4.650093947876330347e-01,4.270919609536399375e-01,4.010908105426516101e-01,-1.441076227084165107e-01,1.416605895719730279e-02,-9.947206584260870343e-02,-7.307029741478719698e-02,4.456874544451615294e-02,-2.215815959963331472e-01,-3.278969576912696970e-01,-3.000487071527845884e-01,-1.428083420262906411e-01,-1.116338994717578081e-01,-2.696580542420554116e-01,-3.147702980124990613e-01,-5.707668538721932111e-02,-2.572297117406219247e-01,-2.151181683660743360e-01,-1.306771284119798981e-01,-1.950063865229566262e-01,-3.681383122776904493e-01,-3.271730969899766528e-02,-1.908817417618015599e-01,-2.782118618041241609e-01,-2.596883902999501670e-01,5.883891589747632100e-02,-1.286720160551236836e-01,4.535326721960142998e-02,-8.426335435005252728e-02,1.449108510284760065e-01,-6.276404156755902020e-02,-2.172163963763042438e-01,-4.177876554571773871e-01,-2.992344621441733188e-01,-1.773366398542141620e-01,-2.707547130423475501e-01,-1.212877799028044823e-01,-3.786830766275257609e-01,-3.987059017432375424e-02,-3.199019287119678756e-01,-1.359334476308295958e-01,-1.683912048631037439e-01,-1.037325563744581347e-01,-2.860236815275901678e-01,-1.723582928518227753e-01,-2.003369744150471643e-01,-1.937746792015518360e-01,2.541895272681141682e-01,-6.083601516288383859e-02,-1.853592308451924853e-01,-2.118945854805337758e-01,-3.213419098962706499e-01,-4.867213939944453616e-01,-1.923864646311549131e-01,-3.308165134806492214e-01,1.060243243124677284e-02,-1.494492662808310224e-01,-2.404317050918734211e-01,-3.495433823432127496e-01,-3.240086278792610464e-01,-3.330036082791115182e-01,-4.363646837714731802e-02,-2.811136348068427049e-01,-3.968785738973940602e-01,-3.867346136764620579e-01,7.834552337242674247e-02,-2.749097305369127553e-01,6.448868643619894148e-02,-6.849063249148590327e-02,1.754444314527281168e-01,-1.078783280739611522e-01,-9.481378778928852349e-03,-2.703385067790997631e-01,-2.594201221856187733e-01,-3.827574037756911740e-01,-2.762544676473239758e-01,-2.135125565280777127e-01,-4.558886521394648478e-02,-2.257819355611778434e-01,-1.458437347238355497e-01,-2.255884494642325100e-01,-2.862732452604726044e-02,-1.244257529495641085e-01,-1.195690554746629691e-01,-2.555308436727480870e-01,1.282555744288454702e-01,-1.335076013337567480e-01,-2.076660264317216620e-01,-9.713338689327168096e-02,8.402124771901874067e-02,-6.788865795273139880e-02,-2.021402049431384462e-01,1.234584684299337883e-02
-6.094496762414071123e-01,-6.081277015286813414e-01,5.943312756517828976e-01,4.244784781579390431e-01,8.278229561891669031e-01,8.010028383583516209e-01,7.790891016371814803e-01,4.933909869244254565e-01,0.000000000000000000e+00,8.069119905061065134e-01,-3.864551454700917987e-01,-5.264525833566808810e-01,5.270409253353117718e-01,6.334693817600116350e-02,5.796040282308042579e-01,1.229091666138783512e-01,-3.370974275942844600e-01,-3.995548206468939600e-01,-5.749554451776971442e-01,-5.126883700702418167e-01,2.137083738004435240e-01,3.628022224453536504e-01,3.872133663625056399e-01,4.890673067450016509e-01,6.553005662671917975e-01,6.517635039136665531e-01,2.053568269892123432e-01,2.862512896617349645e-01,7.327120340794812670e-02,-2.315943284411286496e-01,2.822247589588544048e-01,1.081755555792943135e-01,-5.397148620715659373e-01,-5.566031855654937077e-01,-1.790864282951088182e-01,-2.247478620340375988e-01,-9.822386054379360354e-02,-1.210715516257157981e-01,2.302455407068972337e-01,1.163221179965650415e-01,-2.172037512741446796e-01,-1.263276964539613578e-01,-5.042284566415846658e-01,-3.125326419490729868e-01,-1.612550462464729384e-01,-2.834152426454695783e-01,-6.155899575802945556e-01,-4.465491984338091913e-01,-3.148609110581485071e-01,-3.134006206748448653e-01,-2.556612330087779106e-01,-2.370018278270141776e-01,-1.037681850142616463e-01,-1.872356972025240041e-01,-3.115989748175831964e-01,-4.055639387657404837e-01,-5.106828899990190074e-01,-4.417727814299005629e-01,-3.477443988053354751e-01,-3.718464846117216505e-01,-4.749059346956874816e-01,-4.485415365932087783e-01,-5.034464497169155450e-01,-4.774464257233525522e-01,-3.305747315293935396e-01,-3.317501720557138323e-01,-4.416917291723052030e-01,-3.866622399301359869e-01,-3.527020551311720320e-01,-4.291639831533818339e-01,4.513130282824973638e-01,3.816686239112367929e-01,7.820145680626772178e-02,-1.571302446401307285e-01,-1.954330185994000435e-01,-2.107937647918781132e-01,-2.060098251102562006e-01,-3.157080825727756612e-01,-1.112016001677239990e-01,-1.452779162480659636e-01,-3.751678819586839464e-01,-4.931565277354988952e-01,-4.053777422548630605e-01,-3.368737283994281406e-01,-3.084711361133153917e-01,-3.822314551997135768e-01,-2.337581633918106028e-01,-3.269528995838092561e-02,-8.345081593640479856e-02,-1.528716943489324687e-01,-1.445515201882741907e-01,-2.057971768999681261e-01,-1.498533791367920032e-01,-1.693253913172008962e-01,-1.382751930974699950e-01,-3.209639743565925740e-01,-3.764443587788353640e-01,-3.117272888852837265e-01,-3.381024910113242798e-01,-2.043254580083500027e-01,-7.112293883438991493e-02,-1.476450726123188228e-01,-3.210951794562536682e-02,-5.244588915233388410e-02,-9.126566505442633079e-03,-3.968639608520045658e-02,-4.098096816597728703e-02,-4.260349134621351647e-02,3.158125967511458965e-02,-1.777410997155444428e-01,-1.180571179278383925e-01,-1.017937144159891394e-01,-1.152254506159363506e-01,-2.409942037398023207e-01,-2.294873829307708321e-02,-1.263970022129495274e-01
-3.440580202987746361e-01,-3.854133433964863631e-01,7.280281416979073050e-01,7.457529642024193217e-01,9.184529564805523627e-01,9.689187744312746098e-01,8.259630814119124365e-01,6.454119736587762279e-01,8.069119905061065134e-01,0.000000000000000000e+00,-3.747190507774277313e-01,-3.892419677416122936e-01,3.017215021963290944e-01,-1.650853552990229345e-01,3.186590873945553959e-01,1.284917550193394042e-01,-2.343317276872988741e-01,-2.850049937564808622e-01,-2.706808268286541863e-01,-2.181872605809867249e-01,2.188519467134644458e-01,2.469632616581835527e-01,5.723275662857524315e-01,6.765150162418319679e-01,8.442785709760481927e-01,8.493317758850822408e-01,1.083901205700396886e-01,3.572015683996441759e-01,1.243068046256292219e-01,-1.249792339624992421e-01,3.452645513477518024e-01,-4.871820989587774542e-02,-4.800988635722723830e-01,-5.268380536012895465e-01,-2.044937894006296220e-01,-2.407605805197082227e-01,-2.049870498106795558e-01,-7.013253042775090262e-02,1.453090096087812921e-01,7.289462475534312647e-02,-1.538018474919682632e-01,-3.616859626436163405e-02,-5.808132899162616880e-01,-5.614212637044435628e-01,-2.485334111240209698e-01,-3.943643329013987175e-01,-5.895576616590296748e-01,-5.466733626867511520e-01,-3.463707965316565884e-01,-3.783565384285790256e-01,-4.133926113548946901e-01,-3.594492687805477815e-01,-3.494177809913318611e-01,-2.797699723879472078e-01,-2.977012237256133620e-01,-3.234037040359382109e-01,-4.262287825886337811e-01,-3.554718443820249485e-01,-3.802499336566649291e-01,-2.779322561889768783e-01,-5.312984367802539021e-01,-4.251769442918831299e-01,-3.021461728138796210e-01,-2.856190058733039105e-01,-3.193429988144853571e-01,-4.370774542276164576e-01,-3.822697676299032787e-01,-2.869827591034861403e-01,-1.032218836492489467e-01,-8.710087494357411642e-02,4.665734835569222416e-01,3.656713853400190284e-01,-3.932548125366760322e-02,-2.928220973154415652e-01,-3.907562301522255477e-01,-3.655184603857093983e-01,-1.743634312424401367e-01,-2.426496888303440180e-01,-1.833347781640138618e-01,-4.701746237884355667e-02,-3.953159152875265203e-01,-3.287001971044770099e-01,-4.000061882944883074e-01,-2.777659575171365636e-01,-4.355640664036367626e-01,-3.379500414790211349e-01,-3.323363786534573872e-01,6.712038611970634790e-03,-2.397482869965442964e-01,-5.015898245948227641e-02,-2.766953857491806223e-01,-1.508271476225241658e-01,-2.273529242803654093e-01,-1.726379933222081664e-02,-4.717677253327077352e-02,-1.693142448447043091e-01,-2.250707804937220891e-01,-1.820889592745689456e-01,-2.836194956646889143e-01,-2.036440452312474059e-01,-1.489027474993037392e-01,9.091887283219236837e-02,1.037193199990782966e-01,1.341771261436663920e-01,-1.392979024922813558e-01,-1.413514824026212424e-01,9.452348334909804750e-02,1.362915159894504125e-01,-1.260352115161611497e-02,-1.322191370111011621e-01,-1.311622912721377709e-01,-2.268812336006203745e-01,-2.334021604138823425e-01,-2.055075112792949521e-01,-1.571071156194121521e-01,-2.561806350175591107e-01
5.823247303282167442e-01,5.920691257023134035e-01,-4.083623082812157246e-01,-3.732320144053982158e-01,-3.003738138827746207e-01,-3.253180633453637283e-01,-4.022345454070704873e-01,-2.828709332174881852e-01,-3.864551454700917987e-01,-3.747190507774277313e-01,0.000000000000000000e+00,6.296346685033720192e-01,-1.102332430112624995e-01,1.263149422402768673e-01,-2.504859824329771709e-02,1.699998994735102409e-02,5.598450219948942763e-01,2.310947641631755922e-01,5.207806773447242188e-01,5.906806078293335149e-01,-2.103445460982313053e-01,-2.244926063919391035e-01,-4.654631857390025829e-01,-4.510438274751706333e-01,-3.042942833138601588e-01,-3.027319741347394011e-01,4.847147098423391920e-02,-3.560413772380004171e-02,2.136199661032234520e-01,1.763541780528609659e-01,-6.925698662270270145e-02,-1.032572827110761760e-01,4.249332199786374220e-01,4.465217778985670072e-01,-8.566455259342416195e-02,-1.741671332879173029e-01,2.257202458071979039e-03,-1.760327703626910212e-01,-1.872415607098978363e-01,-1.350559733535046658e-01,2.104571313591917514e-01,-7.198661567601651046e-02,2.562697933817775775e-02,6.908797473921234056e-02,-2.797542062091973314e-01,-1.167157813646073211e-01,2.236288594620620129e-01,-6.269880570227365224e-02,-1.171264114490303127e-01,-1.101245025744495010e-01,-2.036368077707468027e-01,-2.081152637406354644e-01,-2.225405387214350605e-01,-2.924204257298209098e-01,1.888434806287755674e-01,1.386598023401697799e-01,4.887136236760905028e-01,4.192053200624525355e-01,2.534394879985356619e-01,4.389487587594642637e-01,4.807602663440359025e-01,4.152673758729709119e-01,6.453748105759923304e-01,5.426254088857966895e-01,-1.712099720665499480e-01,-1.421606129516773953e-01,1.790989141475063384e-01,1.050557090584364334e-01,4.750665080446288546e-01,4.510901220716737603e-01,-2.276098716068004207e-02,-2.298891642997507034e-01,2.827867741729519491e-01,3.220399386856582780e-01,3.340396169030361295e-01,3.939339803307279619e-01,1.872119062648000820e-01,2.113019496244809559e-01,2.753772030021602868e-01,-1.060161231017873185e-01,6.061158074272443574e-01,2.901575381372994977e-01,2.273076012156723114e-01,3.617318542834382922e-01,3.072571942209410545e-01,1.055803445168932986e-01,3.433078083715931372e-01,1.837279992141358231e-01,8.421990005478018071e-02,-1.102224472390926635e-01,-1.352247200266351035e-01,-2.736048697122186457e-01,-3.111435817974385065e-01,-2.311337951608894992e-01,1.323830516528698709e-01,3.492111011263843712e-01,1.573294466183722262e-01,2.239387081735446650e-01,1.340939307559535776e-01,-5.644745464892100134e-02,1.232394003982733993e-01,-5.533977799161252098e-02,2.231709441511623704e-01,1.814464256608125103e-01,6.615621536560960247e-02,-1.365839405724175726e-01,1.337631327267159997e-01,1.093699590489026624e-01,-7.028997652333500434e-02,1.464393694255667344e-01,-5.478820731230188423e-02,-3.409808440906293425e-01,-1.396413080560462983e-01,-2.659042317558048263e-02,-2.499677891550424191e-01,-1.991746509007786825e-01
5.901674348313231677e-01,7.291005226457252242e-01,-4.927532927040542687e-01,-2.368428518004737915e-01,-3.933309157233103592e-01,-3.932052275260451424e-01,-5.823970056754617097e-01,-6.678608672132069213e-02,-5.264525833566808810e-01,-3.892419677416122936e-01,6.296346685033720192e-01,0.000000000000000000e+00,-3.694285344194897514e-01,2.843007492971358352e-01,-1.212309259201420630e-01,-1.643310982678007903e-01,4.885680331948809574e-01,5.277551134512140640e-01,5.597205320816216467e-01,7.151139602695352204e-01,-1.298710657184866391e-01,-3.495541027386964705e-01,-5.262400290993616281e-01,-3.933738983909760289e-01,-2.807222868075381350e-01,-2.837032264777833990e-01,-1.119945270300186785e-01,-8.047588659594831495e-02,2.263899964639639883e-01,5.409999517193377905e-01,-1.753504046752143997e-01,-1.724463087488428137e-01,3.539888807631380030e-01,3.693052255582166543e-01,-2.219184967198557235e-01,-2.100891227060845134e-01,1.528822164239500639e-02,-2.893754534791503907e-02,-1.514674420329700233e-01,-2.904162578472433420e-01,3.547154119419683727e-01,1.822389473338188182e-01,3.976241314377861047e-02,7.484991771081782319e-02,-1.498129872506095694e-01,1.145490785062609068e-01,3.030589734246478817e-01,1.061951054173789905e-01,2.033562497470391139e-01,1.910903615259105515e-01,8.569996459079648465e-02,1.324828225237076676e-02,-4.162859551282632048e-02,-2.171656398776039276e-01,2.608666078289067491e-01,1.523266858881940355e-01,3.977988213613827262e-01,4.940475410675362333e-01,2.880396037472488513e-01,5.989853603322349285e-01,4.030163532090242917e-01,5.528366268813645901e-01,6.981442615173720778e-01,8.039048110521703761e-01,-1.060839875164446416e-01,-1.282453072869025046e-01,9.392520870939570499e-02,1.512564769250742958e-01,4.685728835843941398e-01,4.520304722582947354e-01,-2.414106967725759487e-02,-3.567794918229101331e-01,1.931241034673670809e-01,4.501940336421643152e-01,1.957829031139368403e-01,9.280657329991252869e-02,9.665470322719887930e-02,1.547387316258492240e-01,3.153646540740761006e-01,-9.984841951254910808e-02,4.409455534960171619e-01,3.834824768895567781e-01,1.838714512807718138e-01,2.866695307631142997e-01,4.173971403060141583e-01,1.216179321044580791e-01,1.442663350145491630e-01,-4.320073317447948452e-02,1.762121031500141488e-01,-2.555843585943559093e-01,1.867280419939560399e-01,-1.346889143300027680e-01,-6.434850716149002892e-02,-2.174741878197231915e-01,3.447514285391471422e-01,2.016060519129265205e-01,4.170789956185649849e-01,2.598357700442068263e-01,2.827418190425000089e-01,1.589031329289915251e-01,3.493601951770537450e-01,-3.289996072798254123e-02,2.789670451842928833e-01,2.383473501515345760e-01,9.748707000598702543e-02,-2.172884936416841217e-01,1.905207105436159953e-01,1.111569436248152354e-01,1.316995934438944804e-01,4.220340652336314058e-01,1.453016404273659579e-01,-2.372867283361924651e-01,4.402750806492849306e-02,1.887716472598496564e-01,-2.363209119427016336e-01,-7.864978386012340394e-02
-5.319672661330993035e-01,-6.409845506665320380e-01,2.957778050087978006e-01,2.700853706760218687e-02,2.903260921616092061e-01,2.712760547760771357e-01,5.250569139711989131e-01,2.351394990510000116e-01,5.270409253353117718e-01,3.017215021963290944e-01,-1.102332430112624995e-01,-3.694285344194897514e-01,0.000000000000000000e+00,2.392582163751237612e-01,3.321286719927911690e-01,-2.608515713599412339e-02,-2.114152006544486873e-01,-3.562728589839372351e-01,-5.115311518141667513e-01,-5.821117425006842039e-01,1.671380613000150450e-01,6.404951949888472440e-02,1.681473319656790755e-01,1.901117746136390951e-01,1.559279859383124189e-01,1.328486190532272015e-01,3.341855352369721855e-03,-5.752980388502493270e-02,-6.476605741166015229e-02,-1.327178523723512582e-01,1.654890715419230773e-01,8.583357258148595348e-02,-3.472083554959989882e-01,-3.889186337836023633e-01,5.552113563580102912e-02,-1.303917179249482715e-02,-3.125808697973222333e-02,-3.458705183311180237e-02,1.058333584466748800e-01,4.621907858760428145e-02,-1.103874480767868538e-01,1.550176379243585435e-03,9.301626779403872336e-02,1.464002262649053421e-01,1.277544697155691966e-01,6.070742437596878677e-02,-1.546317276393735229e-01,2.141369009929210490e-02,5.710670444589284467e-02,5.456725842407249977e-02,1.726091839454045318e-01,1.459628871526149341e-01,2.955635329152829227e-01,1.588731925308693171e-01,-6.421428440971060914e-02,-2.934799484483768817e-01,-4.499939616724527580e-01,-5.426981583794695529e-01,-1.313177993503570895e-01,-4.454207534148402758e-01,-2.467461566703342546e-01,-4.280847652966734418e-01,-5.162582071675553275e-01,-5.116359149068631096e-01,-2.575472376730767454e-01,-3.225512798754021082e-02,-1.909320398613820469e-01,-2.772100113113393216e-01,-5.316027648405178274e-01,-5.698077047125875705e-01,1.419748751961831257e-01,3.031940082784620114e-02,8.045902875992534675e-02,2.422514972451350265e-02,-1.244337176982269512e-02,-1.160249874386346386e-01,2.380233712940642982e-02,-6.336494082218480095e-02,-5.080186661740270643e-02,-2.427776867435134101e-01,-1.951809080380045303e-01,-5.039592438867087631e-01,-1.838271669506188477e-01,-2.897187881211893967e-01,-2.241565359097673904e-01,-2.691059303045371109e-01,-1.681897875321642921e-01,-1.368508940399542073e-01,1.129113843847526777e-01,-7.612970552267132873e-02,-6.766765302422221573e-02,1.320246066153234546e-02,7.299529655266315947e-03,3.031413221061436680e-03,-2.357649828672321035e-01,-3.494462333771847784e-01,-3.199184945772362565e-01,-3.064353875227351365e-01,-1.847266811054640856e-01,-1.247658081637028488e-01,-1.355952910463109895e-01,-7.771076393936741933e-02,-2.821615612950478247e-01,-2.944312419846769058e-01,1.012567841749185266e-01,1.952437651844454725e-01,-1.904181871108363566e-01,-2.042237811353985466e-01,-7.286074597677609510e-02,-1.942521171654155443e-01,-1.308230521715923571e-02,1.298208385406436627e-01,7.728092977898227967e-02,6.874207480823418424e-04,2.935081715048397100e-01,4.226793411873935868e-02
