0.000000000000000000e+00,5.257255829087549293e-01,-1.092766219494484131e-01,-1.173777845912943318e-02,-1.022613397660044054e-01,2.682996925634935359e-02,-4.294958970158471549e-03,4.539149888459707155e-02,-5.022991689408912858e-02,-3.096460659180701527e-02,4.423820547560551319e-01,4.087647137386054008e-01,4.803768958241805276e-01,4.527451303109952807e-01,1.964206521046796550e-01,2.084061119096168313e-01,3.663397339880057890e-01,3.081269254494885534e-01,4.570366326506879462e-01,4.868084981228685826e-01,-2.235942502675846155e-01,-1.402256227987759840e-01,-2.439671869673449844e-01,-2.441737760023545423e-01,-4.818699942336283626e-01,-4.350669962045820016e-01,-1.553308254739613758e-01,-1.334644233012471926e-01,2.282889467829256336e-01,3.029890555665424312e-01,-9.251508881399791995e-02,-1.945674241802701487e-01,-6.048862567967185772e-02,2.468683546164895243e-02,-3.904497731125224358e-01,-3.481065042300308665e-01,-3.736333701034489363e-01,-4.273857594125615167e-01,-3.670921126557509795e-01,-2.978663267905293233e-01,-1.174956352358115658e-01,-2.178891704265789875e-01,-1.695610483656937728e-01,-1.254411559506137253e-01,-3.644521325997384514e-02,1.454855683711503075e-02,-1.675717748122704520e-01,-1.948296726393066725e-01,-5.191932724413245853e-02,-5.387754773829726146e-02,-1.379564613063259115e-01,-1.484901778390400329e-01,-1.555879772107942594e-01,-1.954577982140547066e-01,-1.268291635263342765e-01,-7.626418860244350839e-02,5.582691810024233980e-01,4.913713894652749214e-01,3.026482133212194392e-01,2.828502992175594977e-01,2.898444002944027265e-01,-6.797422071101537865e-03,3.485935552214096678e-01,2.972932502002340605e-01,-2.373222107050192986e-01,-1.580783027739200430e-01,-3.779684210849725834e-01,-3.712811476498488750e-01,4.700927385888731269e-01,1.100573204224336993e-01,2.713867697588295269e-01,9.811877954100650667e-02,2.574917483626284476e-01,3.029313429447055284e-01,-7.009538178408281084e-02,7.364980767984588561e-02,6.298440566124823004e-02,1.001423725182629208e-03,2.279001772256731562e-01,1.557567427123609516e-01,2.366850875742373683e-01,3.056355606112449719e-01,-3.692969470333185011e-02,2.566208987436919275e-01,1.869093607772951415e-01,1.578055051422205535e-01,-1.609141595419570636e-01,-2.796598571923405996e-02,-6.143530994158685060e-02,-4.967451915039046428e-02,-1.539363615297956733e-01,-8.285355677088854232e-02,1.661827193370458630e-02,9.835939308973425110e-02,-1.514235766769911617e-01,-7.306466469123454321e-02,-1.274138663371987834e-01,1.753048665698822214e-02,2.022291585947353088e-01,3.522726082149238436e-01,3.106439095817027998e-02,2.551414004656936685e-01,7.603883235542612841e-03,6.928683910199265328e-02,-6.530121173728581363e-02,-1.382167315564541421e-01,3.920411096431183906e-02,6.764761146925990683e-03,4.231320302511179521e-02,5.503634731680277087e-02,-3.401611665535037021e-02,1.121387516069181911e-01,-1.460741957235917564e-02,-1.938164844631739755e-02,-7.827414109575447920e-02,-4.408219172974110756e-02
5.257255829087549293e-01,0.000000000000000000e+00,-2.356763108927376060e-01,-4.022711637391964135e-01,-1.301420460145457925e-01,-9.059258852901325154e-02,-1.832281412701236567e-01,-2.855925530630304410e-01,-1.717480822589346201e-01,-3.171869468601108411e-01,4.907758797836893061e-01,4.097216798045541508e-01,2.819255919312343428e-01,2.442735500312346875e-01,1.367623686692548690e-01,-1.421765464428300374e-01,6.696702290084449727e-01,7.622423871520731531e-01,3.672753975893064959e-01,5.376822177642005540e-01,1.868693280783418342e-01,-9.636668674685476554e-02,-2.166903589918125206e-01,-3.889402085204504700e-01,-3.454487513157173950e-01,-3.202733540379690824e-01,-1.473655041058035131e-01,-1.807713695140357180e-01,4.289440877558754472e-01,5.638106880618344308e-01,1.241365078933866772e-01,-5.768649911373336520e-02,2.293193190359929801e-01,2.136435389019924469e-01,-4.046106288226553604e-01,-2.685245418061832368e-01,-3.339532199495180986e-01,-3.585910555059499405e-01,-3.817091253614368629e-01,-4.053059015403862042e-01,1.320950838883115930e-01,1.476447424564153177e-01,1.146016536809411901e-01,1.325519700742348039e-01,2.882463726765167600e-01,2.962124908060949635e-01,1.193651888435556252e-01,7.714394038851050961e-02,2.120191136134292054e-01,1.927440595150626823e-01,1.137815393031396116e-01,5.459889408631176527e-02,9.830402319616160511e-02,-1.013205135826694275e-01,1.786060411652844460e-01,1.115709572471715871e-01,7.876435697676104075e-01,7.481715312349378477e-01,2.720798966264330598e-01,3.188707357062481318e-01,-9.881151723191484992e-02,-3.149662351825094353e-01,4.362985226332548039e-01,5.422729297776480717e-01,-4.706628164830777283e-01,-4.620902156937604643e-01,-3.975460742223224098e-01,-4.321559581700368802e-01,4.383488466229846225e-01,1.546217302994284080e-02,9.101076543506865513e-02,-4.593700670113119722e-02,3.783742866614878131e-01,4.501769571727087249e-01,1.957072807796083613e-01,1.544279652181386187e-01,-1.399663329477162377e-01,-3.141996308650223946e-01,1.862493928106676022e-01,2.042978442829848362e-01,3.839794376790826025e-01,3.613194419138082703e-01,1.915591164550224934e-01,2.897218741236716189e-01,3.587314076536824575e-02,1.206048196009623930e-01,-1.239919078290668136e-01,-2.624194105034760582e-01,-2.046795452517122527e-01,-2.811776875956890631e-01,-3.747623137292490636e-01,-3.428049412316437339e-01,-1.669486199359794809e-01,-2.521206037032860392e-01,-4.182318438015702466e-01,-2.155603566503782875e-01,-9.381377171777059709e-02,-7.626483464043537497e-02,1.574516431624256863e-01,6.923447505850748550e-03,2.866722990724372977e-01,6.911761740447143476e-02,6.791674686069412714e-02,-2.184010254620547681e-02,-3.259447070640895672e-01,-3.147994316952667515e-01,5.579332798783649683e-02,1.858058743446333039e-01,-2.936206989375113596e-01,-2.960580330589245301e-01,-5.287212903216483711e-02,1.459758935771475197e-01,1.788880987287212454e-01,2.125981352115746958e-01,1.122986283584719025e-01,-4.042458336724063378e-02
-1.092766219494484131e-01,-2.356763108927376060e-01,0.000000000000000000e+00,5.538034623609753293e-01,3.683605825873307316e-01,2.435727559707847878e-01,7.324329036087002809e-01,1.074083656365739381e-01,5.673688548362785244e-01,3.888413164633316432e-01,-5.002475321321330215e-01,-6.509655425706020182e-01,-2.282162520313426868e-01,-5.644018440701814576e-01,2.832374416430563091e-01,-8.509073957227239124e-03,-6.592517028617694841e-01,-5.108312023677411551e-01,2.133801906216318822e-01,-2.383133263099781185e-01,-6.300351887128054218e-02,1.703181665636641917e-01,8.161288994276043596e-01,6.742080114480031305e-01,5.278010114965925315e-01,4.860052710894215422e-01,3.874284313964701520e-01,2.844606766685572885e-01,-5.080614798111083852e-01,-6.300742085144919180e-01,4.379516568030472623e-01,5.540586364784380047e-01,4.479829550782125080e-01,1.835710908732842706e-01,5.815374119045586543e-01,1.596074856481870807e-01,2.330841492519395430e-01,3.237264002437544863e-01,3.983258386956876618e-01,3.047005612251088014e-01,-3.406774004940991973e-02,-8.823343202180365663e-02,-3.096848371625173790e-01,-3.172393189657749524e-01,-3.009001118276737330e-01,-3.918383030293028924e-01,-3.815239977666696758e-01,-3.755560751139443432e-01,-3.153596738807716848e-01,-1.893518685914848398e-01,-3.236696873661500384e-01,-1.277214299230534367e-01,-3.479810720894764287e-01,-1.754597327904313109e-01,-2.752821691256083225e-01,-2.382044084418630248e-01,-3.696327158089869891e-01,-4.124979327171767185e-01,-5.660873566507467203e-01,-4.365748216136575155e-01,-1.369444919351221757e-01,2.030598250619693734e-01,-5.362905856692395945e-01,-6.142490892662604285e-01,8.146716740367447862e-01,4.697534942216196607e-01,3.178580611529067124e-01,1.398589644066380033e-01,6.197229987343656071e-02,-8.523570090161565471e-02,2.164577431406844721e-01,1.512043586716090016e-01,-3.356513693115927288e-01,-5.081046620402295266e-01,2.034966691712412623e-01,1.854468579207614320e-01,2.525968047382908255e-01,1.487477334828788966e-01,-4.410756617938373925e-01,-3.779946630102684613e-01,-5.833332932864205844e-01,-4.575806453331494605e-01,-1.627972544637536212e-02,-3.750472961317157794e-01,-6.744377326659187211e-02,-3.805152544732594566e-01,5.002434124050988418e-01,1.728038643504698213e-01,1.205095381350474310e-01,-2.765123766293356988e-01,2.006308425473776191e-01,4.889481607820849729e-01,-1.841398110398679844e-01,4.405491890258641519e-01,3.648958180306113297e-01,2.092234384000125902e-01,1.632011928537404569e-03,1.632562948198114927e-01,-1.745651136542728521e-01,3.343860282169897058e-01,-3.094688089758211302e-01,-1.790853721610997096e-01,2.284446228499247694e-02,-1.398014811011256409e-01,1.236456019904003251e-01,2.252079994736242430e-01,1.633305927649100486e-01,-1.384075648223812571e-01,2.813639206874140042e-01,1.487008960025658078e-01,-3.524553105335250791e-01,-3.929810748312076440e-01,-3.009505582565598636e-01,2.075963016911900119e-02,9.215094855692056164e-02,5.036259942361033526e-02
-1.173777845912943318e-02,-4.022711637391964135e-01,5.538034623609753293e-01,0.000000000000000000e+00,3.169241788010238037e-01,5.207693145415058789e-01,7.844407189746842590e-01,7.833720410029548775e-01,5.611617108221667038e-01,7.115351366966883306e-01,-2.672723284789934595e-01,-2.146383835189238087e-01,-3.404301909359604417e-01,-1.185972722852178113e-01,-1.532096970752401532e-01,3.646986462907783610e-01,-4.555044660016413505e-01,-5.407188688194427550e-01,5.702986468872803250e-02,-8.113247638275138118e-02,-1.749026178899898420e-01,2.084079682488348406e-01,2.256202655169801952e-01,6.619501613861589195e-01,3.070123247902249997e-01,4.018260047576955318e-01,3.677916405119478482e-01,3.743287824381908435e-01,-4.077407424960547977e-01,-5.352615090357006888e-01,1.385538626575076593e-01,5.162546844638834509e-01,1.186084572711469387e-01,3.113824154706831271e-01,5.143518484732232388e-01,3.669734940724324601e-01,9.208854186990768353e-02,3.068932504859961385e-01,4.193011674601000993e-01,4.407187530561865740e-01,-2.099654103479060285e-01,-2.278101683870636107e-01,-6.397405110933774841e-01,-6.496105842868407088e-01,-6.852301002212284331e-01,-6.861098260858803366e-01,-7.079624575026516320e-01,-6.815058681280781183e-01,-7.088801331027376751e-01,-5.878807451552828800e-01,-6.723799615644017180e-01,-4.698736945529550235e-01,-6.351293718118821152e-01,-4.162111603232697132e-01,-6.055056271480677710e-01,-6.200010944605289787e-01,-2.440668346640924025e-01,-2.757208292347113066e-01,-4.064561466098363662e-01,-4.660423277251175556e-01,3.091469477761742413e-01,7.517321838335488948e-01,-5.099599506791855363e-01,-3.500123446257960014e-01,4.308819335076262136e-01,8.349189061434920678e-01,3.869366914212679087e-01,4.738686927873469457e-01,-8.430363503721555185e-02,5.138666360438413211e-02,2.726543069004028208e-01,3.185767653818050715e-01,-2.256467661178426509e-01,-3.065931366862121865e-01,-9.900504880188805423e-02,2.512723014918176734e-01,6.624001797363766875e-02,3.472222041222391975e-01,-5.100241750247529876e-02,-1.981179061641515082e-01,-3.920336142611164920e-01,-3.318560648707101768e-01,-4.654928713114708239e-01,-3.033910809109494622e-01,-2.770070792367692603e-01,-1.034750906771332024e-01,6.323122528398761322e-02,2.638641106422229266e-01,2.523452282928068460e-02,5.865492885621390387e-03,5.381781363288501430e-01,5.201265458051672619e-01,3.134608959353668567e-01,4.151079719733427043e-01,2.577768541830112725e-01,1.677986560798851445e-01,1.025846808936932766e-02,1.228751776793534922e-01,-2.576508889212241263e-02,1.197708280866320724e-01,-5.317122066796211577e-01,-1.163883390921060731e-02,-2.413522675331271072e-01,-1.919383760002174033e-01,9.394543191132039006e-02,1.525886468891513581e-01,1.323284642343726114e-01,-1.761948529670088470e-01,3.147261116280527515e-01,8.580325336255767432e-02,-1.335185493690094483e-01,-4.776903266464921916e-01,-6.001065975956695331e-01,-4.856247574302185455e-01,-1.645957119615935882e-01,8.087034247290139644e-02
-1.022613397660044054e-01,-1.301420460145457925e-01,3.683605825873307316e-01,3.169241788010238037e-01,0.000000000000000000e+00,4.498990685020162195e-01,5.183844679557297885e-01,2.539585187398875066e-01,6.643088738969242790e-01,4.693618299844134478e-01,-2.129226008106737122e-01,-3.648393866771569849e-01,-3.085025366985342798e-01,-3.150017904611203678e-01,1.491623920691843679e-02,8.306522221862182309e-02,-1.154769730344776812e-01,-9.314223715963353134e-02,1.996826452229313181e-02,-7.639565072443020577e-02,2.908670846741271410e-01,1.006218091485504562e-01,2.300597235379363836e-01,1.942129134299176718e-01,5.911938444207567311e-01,6.473251111274319625e-01,3.132534086114954763e-01,1.895261949024720505e-01,-9.022543763676124651e-02,-1.820769327163191120e-01,6.635407569742012290e-01,6.004914894336104147e-01,3.196301942902503579e-01,2.872805439695091390e-01,2.174875158081701898e-01,-1.138010698058746356e-01,2.566653720657545712e-01,2.558790679862695816e-01,2.530157528998035477e-01,2.418996167477696912e-01,6.221629710936872615e-02,-3.318953788960912060e-02,-4.289515799290266052e-01,-4.363803852335967348e-01,-4.085720900538767908e-01,-4.560480533605698050e-01,-3.662721605582544560e-01,-4.117841426159374318e-01,-4.439107270041047770e-01,-3.732455364982429913e-01,-3.930038816341541175e-01,-3.287974434742959584e-01,-4.014348117690339501e-01,-3.535170853095569443e-01,-3.253230095360884477e-01,-4.452443130189897569e-01,-8.279251625912309454e-02,-1.237045171323440662e-01,-1.750922802912447118e-01,-2.054688512996283023e-01,5.914579003271855373e-02,2.539551574508601139e-01,-4.310441100788758861e-01,-3.004771856210939340e-01,2.269790778738563775e-01,4.626819322065264806e-01,3.565118512553231978e-01,2.728932795795270261e-01,1.176080151486563613e-01,2.885341782286671153e-01,5.682100340996792953e-01,4.927791575736503726e-01,-1.631222501408819692e-01,-1.449681007545963740e-01,9.085830575882918037e-02,4.602338853892318921e-02,1.809945815711909989e-01,1.808444326842418015e-01,1.681762663490298515e-01,-5.222436608615383356e-03,-5.722660721424335795e-02,-1.825080037593772853e-01,-1.418294553200181440e-01,-1.253417706915075924e-01,-1.595940370947940279e-01,-4.166675802096266867e-01,1.865662828988767230e-01,-4.724609828918596016e-02,3.216831311459151244e-01,-1.042467146707252851e-01,8.201150193855323567e-02,2.649235096117183996e-01,1.162314387982874703e-01,1.704891789280089109e-01,5.784541534851293104e-02,-3.383990966134385082e-03,-3.978693182246801491e-02,-2.754962814212685296e-01,-2.636054199155782318e-01,-1.630391069688406358e-01,-1.990934654653360725e-01,-2.094691967180630776e-01,-1.584648934691867128e-01,-3.771685909632691569e-01,-8.328205102723706954e-02,-2.696613528487455946e-01,1.655250535533087930e-01,-8.970329459474643552e-02,2.686976289361716064e-01,1.658570171144001792e-01,-1.754342571675034101e-01,-2.460247326916158994e-01,-3.474374193560887947e-01,-4.001104792065797722e-01,-3.365843521760616963e-01,1.671488508183123223e-01
2.682996925634935359e-02,-9.059258852901325154e-02,2.435727559707847878e-01,5.207693145415058789e-01,4.498990685020162195e-01,0.000000000000000000e+00,3.735365818263512994e-01,4.335165426592582083e-01,6.013160920601468007e-01,8.054350017341148638e-01,-1.181503867853987526e-02,-1.358825337568911606e-01,-4.320667208111417940e-02,6.857947659223988419e-03,7.999115202255153989e-02,5.419978641256958385e-01,-4.442089834002126841e-02,-1.697490115157131441e-01,-6.635933380054269415e-02,-5.358154917126296823e-02,-1.879647830354586602e-01,2.688919902763634573e-01,-8.902748139369394409e-02,1.633799715524081875e-01,2.423144544528464395e-01,4.361180543091965900e-01,3.242917698517661651e-01,4.392755730895682720e-01,6.314583889725187971e-02,-6.925440743656845199e-02,1.361504445047299616e-01,3.680143340723986412e-01,-3.491270717006341590e-02,2.068465724503462388e-01,3.676882850830799909e-01,2.803721467086980890e-01,7.124166840603377016e-02,2.025792602771352702e-01,2.189112699989528565e-01,1.550567688872357686e-01,1.027940747274000248e-02,-1.559036833007660661e-01,-4.359102925488937408e-01,-4.525505476670336202e-01,-4.799200197351492503e-01,-4.869799121967966493e-01,-4.227893911291104034e-01,-4.804417377471689732e-01,-4.968159600329082326e-01,-4.490669349749101258e-01,-4.769076474103819963e-01,-3.955316856041434792e-01,-4.013382139366887258e-01,-3.617540027107956080e-01,-3.864448451397866635e-01,-4.582733240883076764e-01,7.430785718820415164e-02,2.990932155784017596e-02,-2.071143459555805644e-01,-2.957352172470826268e-01,3.560836016519453584e-01,5.254791442276449676e-01,-3.234250084842839601e-01,-9.467423164318934659e-02,1.669568900360563490e-01,4.965846708996264902e-01,1.668756563221730771e-01,2.179296846362378248e-01,1.063390766939498328e-01,3.102559755625970972e-01,2.709236720429009648e-01,2.226075606185865807e-01,9.991173392283727098e-03,-3.812249530606719866e-02,-1.679157357351061461e-02,9.272894401797468489e-02,4.641280310648022295e-02,2.216306254092872130e-01,1.908481746758755870e-01,-1.036274654852793048e-01,-7.783822511719859505e-02,-1.859821434967464937e-01,-1.994072483091368364e-01,-2.935029840207483039e-03,-1.796127164100552731e-01,1.189942754421344402e-02,-7.588171306877980471e-02,1.767001459802042818e-01,2.876686085846767715e-02,4.712149239747413787e-02,2.965286384607397352e-01,2.125303320350354075e-01,2.743434017227774357e-01,2.345237150188131670e-01,2.381709830652657955e-01,2.038934230560014715e-01,1.861149240089750578e-01,-1.747054621626319831e-02,8.313625345752050089e-02,3.132012243831169135e-02,-2.320959747436734943e-01,-4.760674397329798385e-02,-2.076049070813971165e-01,-1.793380959528591279e-01,1.822954518593756373e-02,1.567823427169768302e-01,1.413053288340505587e-01,2.644854453999294711e-02,7.834181254208852363e-02,1.866104956317529151e-01,-2.999202888233972256e-02,-6.644325216064442263e-02,-3.682913422567181683e-01,-3.887671005473760655e-01,2.166048485977650762e-02,-1.014060203923952824e-01
-4.294958970158471549e-03,-1.832281412701236567e-01,7.324329036087002809e-01,7.844407189746842590e-01,5.183844679557297885e-01,3.735365818263512994e-01,0.000000000000000000e+00,5.994312758452372547e-01,6.828257375843065358e-01,5.280872213366651913e-01,-3.131016081396236217e-01,-3.596708714611383528e-01,-3.186969387916146479e-01,-3.464162003085141661e-01,-1.359115608254641194e-04,7.537245159892846935e-02,-3.961780689263662003e-01,-3.495988586502683515e-01,1.971019608687690494e-01,1.306686140100835709e-03,1.749226166598915819e-02,5.445487379721614812e-02,3.915751634816900251e-01,5.757580202254086732e-01,3.744857620809783905e-01,4.672043668414956330e-01,2.896930918701483559e-01,1.808124698283224419e-01,-3.135279816399959008e-01,-4.145438541670188881e-01,5.198840109599244252e-01,6.913152638827873009e-01,4.677628603054222456e-01,4.711829791681055868e-01,4.669349224052308234e-01,2.141847128325213290e-01,9.803151972946856640e-02,2.055412452945996893e-01,3.165766481475765226e-01,2.731079757695034083e-01,-2.088115567077302726e-01,-2.010802858843106222e-01,-5.516971240181663960e-01,-5.614043816429267197e-01,-4.625056918464000577e-01,-5.719533803649774484e-01,-6.570099378183920091e-01,-6.520664431079633561e-01,-6.370203292912463011e-01,-5.126023720810862772e-01,-6.745934492670853100e-01,-4.704065989755784605e-01,-7.019285758842128686e-01,-4.434017064252932516e-01,-6.045108822700562268e-01,-6.043023353422994903e-01,-1.419852240912983232e-01,-2.154381089456806064e-01,-4.942343268980162740e-01,-5.142491714880378373e-01,1.610799261014258521e-01,5.792414377342023357e-01,-5.297803959847334765e-01,-3.661563554519891017e-01,4.941336317400342182e-01,7.301429257504333803e-01,4.559632212453933464e-01,3.827111477216101898e-01,2.733504624143683406e-02,-2.808186898365444203e-02,4.348949997283154678e-01,4.433374456488703985e-01,-2.125855685866631095e-01,-2.442065993032448701e-01,8.760933484271631044e-02,2.366557465436791852e-01,8.935438004778897825e-02,1.584753304215235081e-01,-1.398121957251061975e-01,-1.548091340876707467e-01,-4.111508614520588134e-01,-3.035679885692759705e-01,-3.473862642298417569e-01,-3.939712743973834974e-01,-3.073225051612658021e-01,-2.823064960435944237e-01,1.449104496522569951e-01,-3.085562944162071469e-02,3.767360623196701341e-02,-2.148792970952130010e-01,2.430844464717339670e-01,4.618949015394679392e-01,9.067063488728609871e-03,3.541193714597407616e-01,1.108641199744419825e-01,1.215048692474546416e-01,-1.172173336419919110e-01,3.021834605585134448e-02,-1.363167975503181140e-01,1.265420844200885186e-01,-4.989165633876279649e-01,-3.963015622848194836e-02,-1.931759188752536771e-01,-2.259808260965792681e-01,5.079661969142817979e-02,5.029173734325252665e-02,2.553785910342518117e-01,-1.601267943840924135e-01,2.338167791527623329e-01,-3.571146949228651973e-02,-2.903040809693589464e-01,-5.536948314176299846e-01,-6.054633669442897048e-01,-4.434649697163485227e-01,-1.541447759495004066e-01,2.206856512561753969e-01
4.539149888459707155e-02,-2.855925530630304410e-01,1.074083656365739381e-01,7.833720410029548775e-01,2.539585187398875066e-01,4.335165426592582083e-01,5.994312758452372547e-01,0.000000000000000000e+00,4.081488279717816470e-01,6.105825807409318573e-01,-8.566487153946794608e-02,1.307454984947006016e-01,-3.379716274608004500e-01,2.931585385049487527e-02,-4.593079134142189490e-01,2.919807134638873758e-01,-1.356074863469501623e-01,-3.117527136565757528e-01,-1.208818952912356359e-01,-6.908249322645520531e-03,-3.973284480019752263e-02,1.716288452353608926e-02,-2.120634341834361225e-01,2.562239883498806381e-01,6.204584248440055821e-02,2.855334704863580764e-01,1.694837915236358517e-01,1.698277098865215440e-01,-1.958302722626240888e-01,-2.142450557089663477e-01,7.914403134824883612e-02,3.646942664256301869e-01,-3.919369618976609355e-03,3.831333786794620111e-01,2.270338273584263655e-01,2.090477166342752380e-01,-1.200335904842894132e-02,1.708757903746208340e-01,2.895774359192204161e-01,3.979340792696776097e-01,-4.009996025669456676e-01,-3.552409589614202723e-01,-6.151152578160857809e-01,-6.484657908161998163e-01,-6.395350894944792364e-01,-6.255845002808809729e-01,-6.864649299683168726e-01,-6.442114624126126232e-01,-7.340992314940745223e-01,-6.723904185802118683e-01,-7.103561143581276216e-01,-5.864217594875986705e-01,-6.783426991400400841e-01,-4.270661575954947109e-01,-6.338270179459347675e-01,-6.696877840840403939e-01,-4.918879729846399596e-02,-5.483512584270604229e-02,-1.490100988690350459e-01,-2.892938486560681643e-01,4.918424017921592117e-01,8.614517912914377851e-01,-4.034712015061475698e-01,-1.309331679372483792e-01,-1.677651211753342780e-02,7.363855304165697335e-01,4.146534859895106839e-01,5.442951199615511104e-01,5.780200994112180690e-02,2.904031363454547821e-01,1.558029459726925636e-01,2.648962509995550496e-01,-2.473479238265651747e-01,-1.068301313120273016e-01,-3.089446483540880806e-01,1.586868526792503675e-01,-1.496525091595636014e-01,2.170388832291509917e-01,1.488909761351813743e-01,-7.238382257133341331e-03,-1.428036491018480347e-01,-2.244972101365979300e-01,-6.295181258187231288e-01,-3.105456699431988210e-01,-4.833690386784090243e-01,-1.222159084926557199e-01,-3.161009935750541122e-01,-7.364227637085962730e-02,1.848457095931263158e-02,1.721588840685477628e-01,4.545268752948648516e-01,3.858099477157574952e-01,2.989328214758897317e-01,2.762453303533998761e-01,1.544937252224733680e-02,7.752710157500018739e-02,5.392049001004360631e-02,6.994390376618299376e-02,6.979648399902886602e-02,-6.703977613658673729e-02,-4.456535202046185140e-01,1.517560653206529164e-01,-3.197259669060624754e-01,-1.906831727332640447e-01,2.598945681891089848e-02,1.506389002912500268e-02,7.671181743358515548e-02,-9.138038133259816787e-02,1.660569512234638945e-01,-4.972622045974524341e-02,6.544735255734826507e-02,-2.662637369618952587e-01,-5.799957042604102497e-01,-6.632979327531904890e-01,-2.944897226813461000e-01,9.415949389721268992e-02
-5.022991689408912858e-02,-1.717480822589346201e-01,5.673688548362785244e-01,5.611617108221667038e-01,6.643088738969242790e-01,6.013160920601468007e-01,6.828257375843065358e-01,4.081488279717816470e-01,0.000000000000000000e+00,7.354234956650275157e-01,-2.603644050535900423e-01,-4.090934640665226385e-01,-2.217560716198874460e-01,-4.613069101285918183e-01,2.301520657667642522e-01,2.906818761504121329e-01,-3.561499543335650553e-01,-2.783633256371804698e-01,1.162597886992984136e-01,-8.890916444153001974e-02,-1.350986122181899000e-02,7.998156508473767967e-02,3.667211287185531132e-01,4.305867662973436039e-01,4.524501621247375982e-01,5.768410711584982531e-01,4.233074570191234787e-01,3.118302009796619090e-01,-3.143853276182659306e-01,-3.456158884868890113e-01,3.780113409099162824e-01,5.793771022792649772e-01,9.449508494837681460e-02,1.001129095444214107e-01,4.229402116888212326e-01,1.883055372100701230e-01,1.200591131144666673e-01,9.416210765936915139e-02,3.112137121319911159e-01,1.978994601546529841e-01,-1.960457954494555788e-01,-3.317716343476069252e-01,-3.646140254923925239e-01,-3.820790176188563758e-01,-4.276166206677534110e-01,-4.772114367165374293e-01,-3.711743651664113908e-01,-4.180818575844081342e-01,-4.682795664802107405e-01,-3.399009202669953100e-01,-4.766087837999746779e-01,-3.096995279085008601e-01,-3.670051201056299117e-01,-2.422493735004614956e-01,-2.324815687576747281e-01,-3.742149202468970093e-01,-1.446884745618612633e-01,-2.535065309156723234e-01,-4.897122845420761039e-01,-5.552394258913099234e-01,1.009928229188874621e-01,4.347941229352179637e-01,-6.451689413097705383e-01,-4.462098500520834676e-01,4.345492882132695467e-01,5.587693884582709547e-01,2.366630466620596729e-01,1.599465996856548333e-01,2.413248777363716582e-02,1.356302364908063690e-02,3.813528404342090838e-01,2.674888139626629413e-01,-2.234481914112651235e-01,-2.331038078739886832e-01,2.100193092634409509e-01,1.860214161474796346e-01,2.119353026673308216e-01,2.791486479391122599e-01,-1.369463055525952655e-01,-2.386541258028438972e-01,-5.159190582057222585e-01,-5.682528601229117626e-01,-2.790379054922135782e-01,-4.390507124066195810e-01,-3.468110786646899091e-01,-4.149405516394575333e-01,1.407478103989220353e-01,-1.482174911214106661e-01,2.837692092592412618e-01,-1.334214718066782657e-01,4.143287485193846154e-01,3.778955608704347990e-01,1.866307196796076762e-01,3.036032861227470070e-01,1.927425941983026414e-01,2.553111677100602384e-01,-1.998094763009553932e-04,-2.077264304091928637e-01,7.419332916717742699e-02,1.198417188043549020e-01,-2.368097985003467798e-01,-9.350319145820097655e-02,-5.802919158149430490e-02,-3.340591738179023995e-01,1.299027878918074530e-01,9.456391547439003606e-03,2.349360728239570650e-01,-7.652471377049488432e-02,1.847866177636908469e-01,7.683124288165789351e-02,-2.408832752606879235e-01,-3.292089570876821636e-01,-3.546045286374180927e-01,-3.513214868587012374e-01,-4.184243804787022430e-02,2.879450519441232315e-01
-3.096460659180701527e-02,-3.171869468601108411e-01,3.888413164633316432e-01,7.115351366966883306e-01,4.693618299844134478e-01,8.054350017341148638e-01,5.280872213366651913e-01,6.105825807409318573e-01,7.354234956650275157e-01,0.000000000000000000e+00,-1.289972710054886895e-01,-2.322455660520304221e-01,-1.530040882837423455e-01,-1.648697781490711389e-01,1.796197123951122701e-02,6.443219629960869055e-01,-3.210317887997519160e-01,-4.024353076238764149e-01,-6.702129093401378024e-02,-1.882660970411884904e-01,-1.140342043711896486e-01,3.599973290071078469e-01,1.047787088723143023e-01,3.916708213690158757e-01,3.525538832322570593e-01,5.403552657456180963e-01,4.327420150010811706e-01,4.317317625799269587e-01,-2.472411387127876892e-01,-3.130786437113162179e-01,1.106004977495816943e-01,4.315168297773939177e-01,-6.334307753125599516e-02,1.431809460631703335e-01,4.536285084587803329e-01,3.262060397343299334e-01,1.205577784372067057e-01,2.844919253449559315e-01,3.279686389689582815e-01,3.573534112457049661e-01,-1.189646143221725905e-01,-1.999019894128893637e-01,-4.891394732986831806e-01,-5.042953825540938961e-01,-6.192767401250450776e-01,-5.820255570993599914e-01,-4.973968908424295510e-01,-5.531820157927904713e-01,-5.406513811125840396e-01,-4.410852111080704741e-01,-4.825058606463372701e-01,-3.823346314514079469e-01,-4.138412261704839668e-01,-3.145383831331940994e-01,-3.590509807245515495e-01,-4.709545340862724694e-01,-2.160568708921740966e-01,-2.099017792587545284e-01,-3.188507353992636184e-01,-4.039998525090974790e-01,3.382241320439275944e-01,6.474960620660624722e-01,-5.578339674706750406e-01,-3.487542094971485263e-01,2.879453478736530569e-01,6.314041513594241817e-01,2.002836514155190151e-01,2.327697631579749848e-01,-2.814229666665351778e-02,2.080133502765567632e-01,2.173215954552858153e-01,1.407468915231065987e-01,-2.065539941335281515e-01,-2.275838695441019244e-01,-5.787945741162478508e-02,2.371981413215155376e-01,1.080259366544028821e-01,2.734373217088916230e-01,4.920296603876100905e-02,-2.266778931658419705e-01,-3.279011259800281852e-01,-4.655380856378918963e-01,-3.764044133573010154e-01,-2.417630913517977709e-01,-3.369711173961936201e-01,-2.457876298180110552e-01,5.500390361439332770e-02,2.010318455955408257e-01,2.539831246124756858e-01,8.421822713568810626e-02,5.420753239864224415e-01,3.866236713075328901e-01,3.387980771420317505e-01,3.515934423336316006e-01,2.705069395690489764e-01,2.175805797461032864e-01,1.142360157546529614e-01,-3.539669694896698665e-02,5.979006045267849789e-02,5.802031668314951846e-02,-3.832277914302461008e-01,-9.968222804675827553e-02,-2.857677291885687976e-01,-2.963038160683391653e-01,3.172728588524145049e-02,1.001054059771469690e-01,2.211798190647139284e-01,-1.299583127000782101e-01,1.393901720040617853e-01,1.285520206263423282e-01,-1.144602367250339425e-01,-1.591180258019185001e-01,-3.919184676777782705e-01,-4.553695895160436158e-01,-2.952584139267386623e-02,4.820753130386896262e-03
4.423820547560551319e-01,4.907758797836893061e-01,-5.002475321321330215e-01,-2.672723284789934595e-01,-2.129226008106737122e-01,-1.181503867853987526e-02,-3.131016081396236217e-01,-8.566487153946794608e-02,-2.603644050535900423e-01,-1.289972710054886895e-01,0.000000000000000000e+00,7.903387167341170416e-01,5.822588682764547885e-01,6.071150065163408716e-01,8.077942219400428836e-02,1.726750709521195637e-01,7.619085820306874535e-01,6.451698946504085264e-01,1.238942715994270083e-01,5.265142432654542626e-01,-1.311421762682278558e-01,-1.371600351099086512e-01,-5.712413327112533246e-01,-4.644274438146048234e-01,-6.075058912787679732e-01,-4.783242972149781558e-01,-2.415944846493406073e-01,-2.789591847833482463e-01,6.690796275486653455e-01,6.802251147958205957e-01,-2.039142800522798504e-01,-2.183813100346932434e-01,-2.331499780734260230e-01,1.727007436628481482e-02,-5.389787924838265187e-01,-8.167106498243427437e-02,-6.297928790591179604e-01,-5.940146561436000505e-01,-5.836563698802326172e-01,-5.430201360406229361e-01,1.192039841430856673e-01,9.186640374152078847e-02,-3.095410423065637212e-02,6.139774888205541681e-02,1.151547061556340568e-01,1.906070327158720934e-01,8.007637696857192178e-02,-6.228412976667542641e-04,1.250285697239535698e-01,8.870399344334022051e-02,2.143317284161604455e-02,-4.116758631757565928e-02,1.054649511343176971e-01,3.783344830223431265e-02,-1.057692577201565370e-02,5.673724269999227965e-02,6.735800732633322463e-01,6.871409066622937711e-01,5.172442927990478223e-01,4.915830637662927383e-01,4.396921075308193871e-01,-7.104107663876237100e-02,7.072962498900837724e-01,7.440631912320424535e-01,-6.291565618544189276e-01,-4.221772062486505717e-01,-6.292710094590031611e-01,-4.511304349073647635e-01,8.993364911494404479e-02,1.631961314632013049e-01,-2.536654019823125078e-02,-1.719825437775597543e-01,4.349541661412142379e-01,5.816199890824034213e-01,-1.871279092128735055e-01,1.319509409930516852e-01,-3.256971071624881198e-01,-2.703211678471492130e-01,4.507723036806973727e-01,3.243610193639436812e-01,4.747425315357278186e-01,4.713598579023445256e-01,-1.665531328051405857e-01,2.562275999037039731e-01,9.420236053470108784e-02,4.013186239476242978e-01,-3.715128574404190642e-01,-1.294119444988122425e-01,-5.150321955268755830e-02,2.383708773323340580e-01,-2.159226159206753537e-01,-3.380120111300063401e-01,1.004756981887673373e-01,-6.038550122864731751e-02,-4.020486991916346065e-01,-3.967061910257564383e-01,-1.801091122380767684e-01,-2.511321633239319562e-01,2.066708778341712627e-01,3.512701339676933820e-02,3.500711608632220972e-01,4.248783193058490726e-01,-1.234785346642606075e-03,9.306431662386625836e-02,-4.555620617513652659e-01,-3.333790931196651264e-01,5.157544709175487102e-02,1.430086900465994161e-02,-2.155617914991880824e-01,-1.700933674065806533e-01,1.544240429531713865e-01,2.039087525371104104e-01,1.802786436778557044e-01,-2.828053861034736036e-02,-2.059106937669235582e-01,-3.246430910356269406e-01
4.087647137386054008e-01,4.097216798045541508e-01,-6.509655425706020182e-01,-2.146383835189238087e-01,-3.648393866771569849e-01,-1.358825337568911606e-01,-3.596708714611383528e-01,1.307454984947006016e-01,-4.090934640665226385e-01,-2.322455660520304221e-01,7.903387167341170416e-01,0.000000000000000000e+00,4.182645640223249250e-01,7.060258969898681736e-01,-1.359320695372227550e-01,1.566320840006686088e-01,7.067731109411488077e-01,5.523421691710754811e-01,1.511181592951310326e-01,6.040525065810808947e-01,-8.882004917035565827e-02,-2.611879776405739984e-01,-6.996821477554552304e-01,-4.595103878610298231e-01,-7.095053190273513666e-01,-5.832359296278615268e-01,-2.400884033907596526e-01,-3.440993319394642924e-01,4.891499473098185335e-01,6.423344782670949993e-01,-3.309388491173734237e-01,-3.354700757617520845e-01,-2.721492533833713146e-01,7.425125135392644793e-02,-6.501650850106981405e-01,-1.986044999846946768e-01,-6.283382796300818196e-01,-5.210072220954022892e-01,-4.796139701245714648e-01,-3.025824161803307155e-01,-5.443566031372813058e-02,-1.800769506064663419e-02,-1.019555106633356634e-01,-4.507138043258973603e-02,4.461372241311838821e-02,1.181250358682850166e-01,1.216877359767959063e-02,-4.886301415814303141e-03,2.369080754205165132e-02,-6.236608244520814442e-02,-4.559544796209747536e-02,-1.249832547611811340e-01,3.187391138317006989e-02,-1.516215577173384704e-02,-4.246112626059570655e-02,-1.085455372154918267e-02,5.902358723929777007e-01,6.147773411087336104e-01,5.056230425736227829e-01,4.455101723633434485e-01,3.807459457110865531e-01,-3.110926131126362775e-03,6.814787278639715673e-01,7.571823801330253012e-01,-7.481778150180283804e-01,-3.747090059173606158e-01,-4.827199815604927835e-01,-2.729650891864696116e-01,2.079084459170966181e-01,2.121306402599907881e-01,-1.238051465198239942e-01,-1.550531921053396878e-01,2.955892700924331318e-01,4.693737974272546021e-01,-2.145323213207440682e-01,1.145454663814279156e-02,-3.328952817793136565e-01,-1.291904811509219375e-01,3.695334117571740795e-01,1.942647774838921759e-01,5.098531868477558238e-01,5.106890981999580026e-01,-1.734174351618953946e-01,3.285048800429247740e-01,6.175845973326977295e-02,4.856951920229735653e-01,-4.752932967255850127e-01,-1.215415432302411614e-01,-1.753265328316024607e-01,2.623212569338617128e-01,-6.194283798814121528e-02,-2.948084095745369670e-01,1.708021684808863905e-01,-1.572250028597509952e-01,-3.989728291865373699e-01,-3.705010260404177913e-01,-1.905896585478080232e-02,-1.038518337990647911e-01,2.905327470145399604e-01,-1.030459378938006730e-02,3.279380034559334356e-01,4.641858214099694457e-01,8.434010453488653691e-02,2.425837911838534811e-01,-3.249793165349831314e-01,-2.318602112837549190e-01,-4.060021099053075233e-02,1.954602743153777966e-01,-1.442682233912921663e-01,-1.112513683709172030e-01,2.009428292694743767e-01,1.858122436836290026e-01,1.222435588898695413e-01,-1.011115719619957859e-01,-2.156761545217632248e-01,-3.204802157805450302e-01
4.803768958241805276e-01,2.819255919312343428e-01,-2.282162520313426868e-01,-3.404301909359604417e-01,-3.085025366985342798e-01,-4.320667208111417940e-02,-3.186969387916146479e-01,-3.379716274608004500e-01,-2.217560716198874460e-01,-1.530040882837423455e-01,5.822588682764547885e-01,4.182645640223249250e-01,0.000000000000000000e+00,5.308966733806579352e-01,6.188906746198932218e-01,3.696632054245827526e-01,3.720910792083065299e-01,3.228186503701154786e-01,1.899882242633749718e-01,2.490010909090062952e-01,-5.048648622491219706e-01,-1.548541588837697158e-01,-2.660703322412131255e-01,-2.453194589938455517e-01,-5.714372149630437825e-01,-4.947812620325479638e-01,-1.957243966145312264e-01,-2.441096959633252128e-01,5.216562743090121801e-01,4.692684397162054655e-01,-3.130521130121113882e-01,-3.802840902039913429e-01,-2.991552480398592673e-01,-2.861555353274689573e-01,-3.825874157264146924e-01,-1.782967830367170325e-01,-2.897008050230733267e-01,-4.270217828073277766e-01,-3.962486744031150643e-01,-5.034973664681179351e-01,3.245087610249514642e-01,1.246231016749674708e-01,1.470036608853982907e-01,2.114971704449803425e-01,1.513129898758975855e-01,1.788440387246717500e-01,1.915124637476858793e-01,6.746934051410716227e-02,1.903249486776791843e-01,1.324567295583566062e-01,1.176157050961734729e-01,-3.475899328331412408e-02,1.585921717799315678e-01,7.188468268574442488e-02,9.695020339214584226e-02,2.121743587993792923e-01,3.691223647573497746e-01,3.347190142962348514e-01,2.569237760781370450e-01,1.632781473642169190e-01,2.388408738719243474e-01,-3.104247359976171072e-01,5.883323653461908220e-01,2.838274511088321739e-01,-1.665635029846588566e-01,-4.468870919761462335e-01,-7.001378429726694552e-01,-6.679763177535864571e-01,4.105735783428859226e-02,-5.995387358922740773e-02,-1.323601966179757394e-01,-2.668414393234773696e-01,4.929329898170176083e-01,4.072112813383473306e-01,-5.497291612661437538e-02,5.286264693121774105e-02,1.023728091219244102e-02,-5.770444885199649959e-02,1.564635966289136815e-01,1.412855251299723613e-01,1.919313232830059945e-01,4.068155252382563147e-01,2.744790415785159365e-01,3.656185186002948728e-01,4.866479959104239028e-01,3.600972353762947886e-01,-2.394904424583390451e-02,6.575772186513874351e-02,6.907744271492295696e-02,5.621042780704932698e-03,-1.947707756194751727e-01,-3.068747860048694487e-01,-6.197150040686389555e-02,4.168052729619830914e-03,5.988719901089196301e-02,7.602337530880484348e-03,-1.224283208396534928e-01,-5.660036709056958520e-02,3.161486724323802622e-01,4.081296059910786700e-01,3.027116914745445198e-01,3.459228730293925080e-01,2.229755218122984883e-01,3.241661533723761424e-01,-6.283619261287995417e-02,-4.244848494619306994e-02,7.473608847636173391e-02,-6.469992314366662667e-02,-2.138967992630098902e-01,1.518975717353721333e-01,4.971239311132426286e-02,1.619522698589996590e-01,3.220492418422118419e-01,3.037132218753663127e-01,2.097833579779471713e-01,-1.863454100676764369e-01
