0.000000000000000000e+00,8.915226981270444329e-01,4.956882643953037793e-01,1.140517628723900639e-01,-3.797829657846104601e-01,-2.874403311053514432e-01,-1.006401738399500118e-01,-1.598587818035991093e-01,-3.015256893854763032e-01,-3.495563064815950804e-01,3.284007506462282566e-01,4.308614050814039143e-01,1.383564015080162579e-01,1.512581139524497853e-01,-3.094679326945283249e-01,-2.727538239891573180e-01,4.258596420708674057e-01,4.371461069052182680e-01,6.403776603669989465e-01,6.677986886628393126e-01,-1.135546789743085289e-01,-1.475798580781609304e-01,-1.107773105926911361e-01,-1.379462458575292892e-02,-2.572049418704367985e-01,-1.174672270822317288e-01,1.367300956534647505e-01,1.679534345949743046e-01,2.213533972034269492e-01,1.867958320430070651e-01,-1.776546072480353899e-01,-1.922745145062194072e-01,1.810277690895105152e-01,-6.308083239877282367e-02,-2.154369439975026002e-01,-3.098578218041099785e-01,-4.522493556657231073e-01,-2.939040202735272445e-01,-3.251043589293500791e-01,-3.587412478469261257e-01,-2.050224548268795299e-01,-3.331645668948797767e-01,4.138661792808225326e-01,4.057891691171979787e-01,4.235850566182601806e-01,3.542186819299572575e-01,-1.716329720504454828e-02,-7.720661527329933382e-02,3.639526497407351013e-01,2.335469456299653912e-01,9.108324426639546889e-02,2.920672877135375208e-03,-2.495705973395591915e-01,-3.035084061359467900e-02,-4.974979785774302082e-02,4.283115695177847071e-02,8.722443080232813450e-01,8.237191452426514404e-01,3.577537196087637317e-01,4.407121883641894333e-02,-6.178249799589275587e-02,-1.830120617007804096e-01,2.701912924680665018e-01,1.008619735053957467e-01,-3.183092678276349119e-01,-4.832735143432792535e-01,1.762962338026659581e-01,-1.560673319454286834e-01,8.051007205492510810e-01,7.001967016744041761e-01,-2.034032138712640603e-01,-1.036247190893298947e-01,-5.168849008759656555e-02,-2.426921461912496733e-02,-1.325265733237915577e-01,-1.337294152274176029e-01,-5.485751575688617709e-01,-2.908356036378977882e-01,4.743021887961061944e-01,3.246002467365521893e-01,5.631548214437575028e-01,4.589452223422933463e-01,2.708231932259362318e-01,4.988204417627644105e-01,5.048482138467472874e-02,-6.940628190285878102e-03,-9.109137453940048534e-02,-1.264712191799069185e-01,-1.226465360907468133e-01,-3.565569793061876269e-01,-4.345095858767853425e-01,-3.341971454948102216e-01,-1.359793595033770841e-01,-4.308184040906125611e-01,-3.424607536432188737e-01,-2.093189612802167088e-01,-2.360403853347677883e-01,-2.054250896901139711e-01,-3.481054089387725647e-01,-3.789572378268947772e-01,-3.009582767513876989e-01,-3.262907027642744651e-01,-2.618343943215721281e-01,-1.347168463350897905e-01,-4.956164954633007214e-01,-5.427277784277224626e-01,-1.938728619758474103e-01,-2.101116443771835207e-01,-1.915698954169010315e-01,-2.778739167063607463e-01,-3.295826446427485013e-01,-3.200900499218374273e-01,-3.061276620093165146e-01,-4.826869370911875956e-01,-2.118832077621818633e-01,-1.660186793884021739e-01
8.915226981270444329e-01,0.000000000000000000e+00,3.789670613372441155e-01,-3.223167067149410037e-02,-4.243949763549009213e-01,-3.056103248035559883e-01,-1.938091276023199971e-01,-2.426119464613541721e-01,-2.891925772837158348e-01,-3.739074792618088949e-01,3.342062511093686905e-01,3.848202757898893100e-01,1.037547691070946493e-01,1.522376150016317431e-01,-3.333642450703372395e-01,-2.522520673812829739e-01,4.073909606211864043e-01,5.203558899742105615e-01,6.047971219369843165e-01,7.094503864446118913e-01,-1.237111350445339736e-01,-1.982928809134840431e-01,-2.351774546866949867e-01,-2.085530992536750172e-01,-3.437888698408521071e-01,-1.712765442324740983e-01,5.685881417215785105e-02,2.285808063711003424e-01,2.106462098680198236e-01,2.338006552979706443e-01,-2.093902666031756121e-01,-2.597301215992113832e-01,1.329106846291540078e-01,-9.136931498886173564e-02,-3.163453695924449693e-01,-3.316605980920293018e-01,-4.988820608374500143e-01,-3.619318833759478382e-01,-3.360326371935866141e-01,-3.926927207048800939e-01,-2.192532613100117711e-01,-2.300409736599153820e-01,3.975144776696137860e-01,3.699356739040303710e-01,3.830957393949576129e-01,2.745336056045921680e-01,2.188917326005125272e-02,-7.848857542293474765e-03,2.697261358255037544e-01,1.881900567463715701e-01,1.421849306047793908e-02,-4.460995559256937526e-02,-1.970776456930103393e-01,3.794573727913125305e-02,-7.663051742272078415e-02,2.380920358986580998e-02,8.791227835604435992e-01,8.928404166064607406e-01,2.962437502641827036e-01,5.428807901549103504e-02,-4.779661896137368804e-02,-1.200370194678974239e-01,3.672797043616789492e-01,1.753231075126915062e-01,-3.628374100338460639e-01,-5.563711442212994074e-01,9.841072457749468205e-02,-2.522446993313248731e-01,7.248712228130649304e-01,6.700108385901357710e-01,-2.837396795746773837e-01,-1.612478925528213480e-01,-3.936740869395071590e-02,-8.103596176282421015e-02,-9.180038582323658825e-02,-1.086953832040312221e-02,-5.976973481368634822e-01,-3.911134553283813764e-01,5.383180001936850312e-01,3.869483528729875665e-01,6.249025038541009547e-01,4.347252695862263150e-01,2.840490273742394822e-01,5.833467343876318489e-01,7.198325265272206841e-02,-4.353350909533328789e-02,-1.067139424127952763e-01,-1.933749853765322213e-01,-1.503900735482276152e-01,-3.356771866922459435e-01,-4.174973528578642679e-01,-2.468829004921671844e-01,-1.052459996977868628e-01,-3.911317235376203794e-01,-3.380479859142517807e-01,-2.566720275568489251e-01,-2.177460460424381350e-01,-2.445184198959422517e-01,-2.493020828705007075e-01,-3.251559735651924354e-01,-2.362151990735602003e-01,-2.152935280831648202e-01,-1.556367675789546157e-01,-9.207272510856046033e-02,-4.246657863514948228e-01,-4.350576988552536384e-01,-1.914541688414022613e-01,-1.859676005503947960e-01,-2.442147451519201262e-01,-2.383875977641791710e-01,-3.179376156618771154e-01,-2.592729675902398223e-01,-2.633857976703218862e-01,-4.194052628587006115e-01,-1.263912116149375209e-01,-5.658206549153768639e-02
4.956882643953037793e-01,3.789670613372441155e-01,0.000000000000000000e+00,7.582442394609864023e-01,-3.373382532380329590e-01,-1.729648706417841464e-01,5.797430373701317752e-01,3.230788269607218210e-01,-1.105325409337109682e-01,-3.339088239542817305e-01,1.908120109049645519e-01,-1.014740362918380295e-01,4.102341782284145144e-01,1.895444228355485927e-01,-2.616053054910000286e-01,-2.433967505153244171e-01,2.560261575931410682e-01,-1.562341722269081426e-02,5.988289544349515436e-01,4.746001665024496829e-01,-1.745441998729514027e-02,8.931096850460952877e-03,4.892140444498123131e-01,5.636854586456527816e-01,-1.650677277408761912e-01,-9.012202448451009373e-02,6.551847397871772560e-02,-2.079898409756833228e-03,1.932816217052566454e-01,-6.636895319105087787e-02,1.229950691718564582e-01,3.703187354882120363e-01,-7.676079256562359787e-02,-2.134772165034367064e-01,-2.953792862952518417e-01,-3.223969045346052886e-01,-3.558707487247465551e-01,-1.131485723644350683e-01,-3.761636100116516612e-01,-1.247600389379098090e-01,-1.780544913404945306e-01,-4.278975269685719174e-01,2.546416380706546523e-01,1.783291650881589918e-01,2.762188376061487927e-01,1.618267883582762967e-01,4.409233604932980000e-02,6.789624584454288965e-03,1.945228672521240043e-01,-6.151238379942045031e-02,-3.626898397475587787e-02,-2.364886862685312285e-01,-2.478687134127734726e-01,-2.624636422376643019e-02,-4.382700753101340108e-02,1.710893280494661661e-01,3.745157264592668400e-01,3.443060899058707491e-01,1.401536225511995082e-01,-1.262923366445868889e-01,-2.198398850796362825e-01,-5.616466943646873933e-01,-1.076867200049233947e-01,-3.917576594020407144e-01,-2.250788069434479510e-01,-3.617628374321155138e-01,2.685456041830159291e-01,1.143281485749416126e-01,3.847080370609294309e-01,4.494879541625557140e-01,2.262124330748710443e-01,2.317866634801381276e-01,1.067089204649672163e-01,9.338129330068725698e-02,-2.000651803497419390e-01,-1.487497976130603417e-01,-9.435184826789932977e-02,9.217775197879715665e-02,2.242110492004049382e-01,6.184125663500483067e-02,1.415981566050543705e-01,-3.319864683047913517e-02,1.346141625848959189e-01,1.960062396162886300e-01,-1.404539501240142096e-01,-3.330295498218789896e-01,-3.435974822146101171e-02,-1.486199555576199760e-01,7.820384394662015237e-02,-3.108307680886780444e-01,-1.213732076310931746e-01,1.998067826434004601e-01,2.593075580804813374e-01,-2.964218757913361299e-02,-2.220168681176580283e-01,1.013965009967022352e-01,-2.610725591786702826e-01,-9.534145530185447748e-02,-2.269668754660346122e-01,-2.846306899851570593e-01,-2.165015475749606511e-01,-1.484355600503921568e-01,-3.109379666396404687e-02,-1.402210684724939094e-01,-1.816317672190225219e-01,-3.677192479478573195e-01,-3.408005632315316835e-02,1.449032081286207863e-01,-9.349262600390471911e-02,-3.813288274781956311e-01,-1.266107650544839591e-01,-1.731310318286421457e-01,-3.289213700778793048e-01,-2.402641835078959121e-01,-8.780122034649584517e-02,-1.092182709156480774e-01
1.140517628723900639e-01,-3.223167067149410037e-02,7.582442394609864023e-01,0.000000000000000000e+00,-9.269446267046886623e-02,1.006912124147194137e-01,7.190432695055682943e-01,7.423250133237896398e-01,-8.958210823622674707e-03,-1.184925715785668104e-01,4.813680718525427393e-02,-2.397771374263561739e-01,3.677880182567960787e-01,2.117010457447278948e-01,-9.704715954994508342e-02,-1.258117425036993642e-01,-7.227680516662937649e-02,-3.401380277026281318e-01,3.745829271819965389e-01,2.581953494392648651e-01,-7.329154371849352922e-02,1.235501432251050608e-01,6.653412468731086937e-01,7.527073779601785031e-01,2.319591069050817508e-02,4.448907110736194381e-02,1.152819500886578530e-01,-9.950770975925440909e-02,-1.482885565011323598e-02,-2.512224369977669736e-01,2.807429046783518345e-01,6.334418462872256628e-01,-1.235997861790289788e-02,1.648264255743460025e-03,-1.664268138948449549e-01,-1.880726151052470041e-01,-2.030202581560298369e-01,5.631230268401717781e-02,-2.457813141825684056e-01,4.481233087399773274e-02,-1.370335719493857018e-01,-3.704259777993136882e-01,-2.919152643765304811e-02,-7.109545865771202400e-02,-4.293980722542814488e-02,-6.656994140329260123e-02,-1.129734606951487419e-01,-1.358800398106646545e-01,-7.280625750509708838e-02,-2.670240451133936710e-01,-1.596934194069731805e-01,-2.467714669445399411e-01,-1.877789181791358064e-01,-9.388696846672971164e-02,-3.141617822111269359e-02,1.394535166228581258e-01,-3.234009619725199038e-03,-2.421762013177304607e-02,6.869427064333569199e-02,2.080650395643223252e-02,-4.724008900062353494e-02,-2.351142199483721162e-01,-3.183657638932981815e-01,-3.502819392706950641e-01,-1.564568612958708860e-01,3.881770600501929097e-02,2.089767192815603358e-01,2.743253581317695033e-01,7.026813045363312915e-02,1.311329907205547318e-01,4.117500262709444803e-01,3.852502162822342147e-01,1.770936546413256485e-01,1.757965977218159392e-01,-2.168579333043157142e-01,-1.525006989195282492e-01,2.121334042869748304e-01,3.126822994691094704e-01,1.890682892981886479e-02,-1.372307115943117439e-01,-1.826195845894427183e-01,-2.403979614385524100e-01,-2.866528000440332277e-02,-1.687540837386258263e-01,-1.331478689146216310e-01,-2.248513844410313378e-01,9.419451836623640717e-02,-4.188452988808352012e-02,2.182521553891701993e-01,-9.786209258917208387e-02,6.303475764369308176e-02,3.194272451727985795e-01,2.777853799215155850e-01,9.427109796357452387e-02,-2.250217643997289019e-01,3.543508700512584819e-02,-2.640624143135490987e-01,-7.104285333868870511e-02,-1.722568155965970016e-01,-1.729436352744112559e-01,-1.939346331357186815e-01,-4.230363731434218927e-02,6.065857010470793176e-02,-1.031741279779385678e-01,-1.608749378867994906e-02,-2.063596251504957180e-01,8.992468989282638436e-02,3.025894068924545044e-01,-3.366452117341470901e-02,-2.769735419524198550e-01,-4.944909890759190824e-02,-1.471869069094720039e-01,-2.867576518718857881e-01,-1.156124666371553117e-01,-7.308301675383030438e-02,-8.136453883784754149e-02
-3.797829657846104601e-01,-4.243949763549009213e-01,-3.373382532380329590e-01,-9.269446267046886623e-02,0.000000000000000000e+00,7.245632717689080016e-01,-5.379226961384411115e-02,1.010294973972240655e-02,6.891677586396692812e-01,4.752628182529291534e-01,-2.465731786323832331e-01,-1.411965391791207558e-01,-1.452648854990776783e-01,-7.016463560812695455e-02,6.787359586262032840e-01,4.643750104509751786e-01,-3.361019531973347685e-01,-3.922627576829484375e-01,-4.450171756174305382e-01,-4.302173199906061951e-01,1.408394620730781255e-01,5.052090932935432432e-01,-1.789676836239478819e-01,-1.334613390972048952e-01,7.097699217613632205e-01,7.023981835769140813e-01,5.712502467195067490e-01,4.253361396186654542e-01,-1.178558294030140619e-01,-3.723302915772246785e-02,1.262084643641175029e-02,-7.031133598230074333e-02,-3.577678302459664228e-01,-1.954269167311050437e-01,-5.963561593850881526e-02,-1.777837536808287711e-01,2.696558459965530674e-01,4.629946930297412222e-01,5.831690334301944389e-01,5.468134788640546251e-01,3.643135958639870942e-01,2.804086258649159391e-01,-6.167224164188930269e-01,-3.757476951787100394e-01,-4.958699092894492955e-01,-4.505815607699418801e-01,-4.669978989196628127e-01,-4.071045752863099443e-01,-3.185040007938167439e-01,-4.651910126923013977e-01,-4.819124894081557309e-01,-2.934574903675363222e-01,-2.452241136127872312e-01,-5.177705817292028723e-01,1.081598026311762495e-01,-1.760330553944708110e-01,-5.115142032892516788e-01,-2.903895319880197001e-01,-8.411244239752586893e-02,2.768641623352876002e-01,-3.462336942854986610e-01,-1.568347115616152906e-02,-4.328953410185543693e-01,-9.783225563752166731e-02,1.353415694677587711e-01,1.567574085251451643e-01,-7.218212292080558590e-02,-8.873611503825752644e-02,-1.684286655432202517e-01,-2.336931083526369302e-01,2.086662888702129626e-01,2.324113261108557704e-01,1.549616681817244102e-01,3.046143545596976393e-02,-2.747867271258234382e-03,-2.985851479948130049e-01,1.586522298392550046e-01,1.932480966521359089e-01,-2.438598089529114277e-01,-9.320208054177159251e-02,-2.757480250365884067e-01,4.259545414206152448e-04,5.027954811101566224e-02,-2.062687820373002301e-01,3.634036401545904793e-01,2.456362769444658534e-01,6.519341125435816897e-01,5.908699110072049843e-01,5.739386154186842948e-01,4.308726999185235051e-01,-1.476747083924648263e-01,-1.502786904836954374e-01,-3.250857215024512414e-01,1.973189546608914713e-01,3.370347173184796152e-01,1.335326518665281847e-01,2.647334485621651856e-01,1.974982660656068034e-01,3.121776697090938857e-01,2.765714161072364563e-01,3.291660450857789577e-01,4.775180801240219708e-01,4.661116958822698053e-01,4.861258981769641663e-01,4.835314474619992198e-01,1.910994921944709213e-01,4.561832896095777135e-01,3.294464331541902546e-01,3.214052176125947180e-01,1.540279896746242216e-01,1.538063411119173773e-01,1.040819229128715495e-01,-1.074051047565439676e-01,1.328573518067908011e-03,-9.737385373637590102e-02,3.057142274207106381e-01
-2.874403311053514432e-01,-3.056103248035559883e-01,-1.729648706417841464e-01,1.006912124147194137e-01,7.245632717689080016e-01,0.000000000000000000e+00,-4.650338378197284208e-04,2.012948508771955636e-01,5.766708470021533195e-01,3.358231894484039470e-01,-3.819326732885087727e-01,-2.433877146971760441e-01,-1.194910304217059738e-01,-4.616723323852697097e-02,4.639799002918114090e-01,4.322334157334971061e-01,-2.433587930491912521e-01,-1.588756409226494415e-01,-2.755961217415596742e-01,-3.283054183904424717e-01,1.727518649788880312e-01,5.618520222827430022e-01,-5.260335930502129526e-02,1.279009651609668841e-01,6.126416032575504600e-01,8.172959976713588537e-01,4.272837274869881186e-01,4.555438695096323265e-01,-6.063916009372494198e-02,5.184172915191118808e-02,1.384419109017747951e-01,2.016775748291663728e-01,-1.975211098326859760e-01,-1.059059530698968493e-01,-7.689886722141003883e-02,-2.469369805724736799e-01,2.191059886313317662e-01,4.173703594038509213e-01,4.389069272603540184e-01,3.951834041924801588e-01,4.116540358793789878e-01,2.391396514448395350e-01,-4.126087702594032902e-01,-2.086474539450770271e-01,-4.598097709793276255e-01,-4.686115545033794905e-01,-4.565355834000615065e-01,-3.150277875942075756e-01,-3.357526627494893945e-01,-5.571944096017875658e-01,-4.485863662129994656e-01,-3.092108254533461609e-01,-2.629500440864677713e-01,-4.316331956198676822e-01,1.017550282825845226e-01,-4.674627726009338013e-02,-3.719847996866788020e-01,-2.416067399542307093e-01,-8.504350875865562820e-02,1.626450225504974534e-01,-2.781852836420928288e-01,-7.534674992811131455e-02,-3.542259611171812983e-01,-1.816108355774506411e-01,6.986962183177203300e-02,1.705797330746375295e-01,8.810728675064466442e-03,3.926930816126614557e-03,-1.692347159392070532e-01,-2.016255890614110924e-01,3.029387850450204062e-02,9.511199085173270562e-02,6.215536808542045794e-02,-1.412398431769402302e-02,3.225533158381832521e-02,-2.616011474928192637e-01,4.478463314416099988e-02,1.414348647836108919e-01,5.118006171952308586e-02,1.643711690521448832e-01,-1.337378821939062545e-01,9.472038360388483624e-02,-2.776832296888709709e-02,-1.191570422954926073e-01,4.281687751266728403e-01,2.394943527716854037e-01,6.623800320048466306e-01,4.683300837146973650e-01,6.492234708409032606e-01,2.920751544671840727e-01,-2.592452622919583782e-01,-4.700286305452119895e-02,-2.546197880715557194e-01,7.654385172345153088e-02,3.272917562016084969e-01,6.826329197141960646e-03,3.049717469444028772e-01,2.356839420664003926e-01,1.726413849315425741e-01,1.302801500983601646e-01,7.374253320528058320e-02,2.964524403784741802e-01,3.681308318370344335e-01,2.539314252140371653e-01,2.644567693140593700e-01,5.775486267711098937e-02,3.179878141107365663e-01,3.892498175399052296e-01,1.761625447681853252e-01,2.191236186708623579e-01,2.510447480403818488e-01,8.526939089662592675e-02,-2.281544166093470716e-01,-9.488050555379450024e-02,-6.201477372815116657e-02,3.132182841760502989e-01
-1.006401738399500118e-01,-1.938091276023199971e-01,5.797430373701317752e-01,7.190432695055682943e-01,-5.379226961384411115e-02,-4.650338378197284208e-04,0.000000000000000000e+00,6.383088491230481942e-01,2.029117430264987532e-01,-5.895832792574844106e-02,2.841117497294156080e-01,-7.420152597576315512e-02,6.085760735854389702e-01,2.441135875122641408e-01,4.349901709998283544e-02,-5.828571672567963574e-02,-1.395285055509626615e-01,-3.746143047322145758e-01,2.379625013791624721e-01,1.614007424627383197e-02,-6.970205360683785767e-02,6.198197832381922151e-02,6.309452978217102714e-01,5.553181052577793597e-01,-1.404716982208012166e-01,-6.985228160484578674e-02,5.835081850837756795e-02,-1.388633076040652059e-01,-1.768347153733564048e-02,-3.488005681747015085e-01,2.519291531242969229e-01,5.376157222672665048e-01,-1.554793791564355321e-01,-7.962354722485293079e-02,-2.685884892770060706e-01,-1.681066444225020884e-01,-2.751490871401905958e-01,-2.005805025621061888e-01,-1.274167343150066911e-01,-5.120290142228023367e-02,-3.613247363654619182e-01,-3.255620298726363826e-01,-1.484145323392310756e-01,-2.815924114129165767e-01,-8.821322724573456286e-02,-1.784061654483161119e-01,6.295574249819636814e-02,-7.306817708273469214e-02,-3.826630234357535770e-02,-9.541555705183114855e-02,-3.493556993913717046e-02,-1.427000282991737479e-01,-5.376893327304489711e-02,-6.537008635455206218e-02,-4.689774823681950450e-02,-3.443239847654002567e-02,-1.610647590271452045e-01,-1.130811305327885791e-01,1.201889099146833673e-01,1.395717747558095634e-01,1.095708843774493013e-01,-1.299842392530829727e-01,-2.090721244265317802e-01,-2.753868813763706846e-01,-1.286354138376987477e-01,6.640115179118874500e-02,1.889114674371161484e-01,2.738758884078518197e-01,-1.062673978922858420e-01,2.433406063309842202e-02,3.536760490741936436e-01,4.481585553138185407e-01,2.275107789310371886e-01,1.098906714186005523e-01,6.216205026179526250e-03,7.154286475164411963e-02,3.316038913658249099e-01,3.063047710182589256e-01,-1.736191383054316584e-01,-3.747294938145989129e-01,-4.060037418520432984e-01,-5.361619641379524737e-01,-1.347443471639167001e-01,-2.964070559262222404e-01,-3.607491440569169372e-01,-5.250519126166557360e-01,-4.891646752003270780e-03,-1.085541412920633247e-01,3.819464495990769481e-02,-1.599274980700366999e-01,2.478551945894715558e-01,2.979166674143247651e-01,2.456325291017715795e-01,2.390702294078431711e-01,-2.216076850687697108e-01,-1.152664481568148672e-02,-3.916859478052804877e-01,-2.511387790396794051e-01,-1.172436097827676271e-01,-7.122139181523617912e-02,-3.684590333738901186e-02,1.434781564844456736e-01,1.241111881334044931e-01,1.218895692511903078e-01,5.548275693153757737e-02,5.924408734705683549e-02,4.048643649582243237e-02,2.752676545198993741e-01,-5.770952217230532894e-02,-3.269607245068300583e-01,-1.659590498635157563e-01,-1.564137269178632883e-01,-2.430729338471021017e-01,1.074373345735442353e-02,-1.553016935024832679e-01,-1.349544557221393770e-01
-1.598587818035991093e-01,-2.426119464613541721e-01,3.230788269607218210e-01,7.423250133237896398e-01,1.010294973972240655e-02,2.012948508771955636e-01,6.383088491230481942e-01,0.000000000000000000e+00,9.994487215706863992e-02,2.126146440015178884e-01,1.036909540765352244e-01,-1.253836306296496513e-02,3.473663307958705371e-01,4.024878514913405869e-01,3.969969031384445318e-02,-1.712196612990644559e-02,-8.438971461559439946e-02,-3.017494826083521042e-01,2.065895226649624439e-01,9.241995101142576330e-02,-1.081609794358238119e-01,3.217998977472896760e-02,7.148807245561326074e-01,6.278631963583806153e-01,6.826906396684062628e-02,9.257192950798925901e-02,-1.472367424683646286e-01,-2.603527228450843722e-01,1.315272113357772096e-02,-2.329763179033855769e-01,4.138055854779697507e-01,7.494459882292670017e-01,1.700187686814410570e-01,3.063781831988062199e-01,-1.767963493204441627e-01,-1.659148169850277188e-01,-7.935825810995304763e-02,-1.996495812956459656e-02,-2.319578371810580020e-01,-1.265964190500605824e-01,-4.254412673830984537e-02,-1.661045022074796318e-01,-2.002491585083518988e-01,-2.374011684765284236e-01,-3.279935266484466649e-01,-2.596964334288369702e-01,-6.908847638175094619e-02,-1.363349818790401957e-01,-2.684598815462900800e-01,-2.451970329410928240e-01,-4.595761475623966197e-02,-8.998269287292391672e-02,1.727264533929298018e-01,6.248466479081440927e-02,6.411632981941088605e-02,1.648566500532506196e-01,-1.806970717952797456e-01,-3.120173495098971239e-01,-4.109460874206330439e-02,-2.835938888841386257e-02,2.173200149624920641e-01,1.723664567074407739e-01,-1.783743536166026433e-01,-4.975508342499224829e-02,-2.579491020791043199e-01,1.788529835337876739e-01,-1.035854398184820752e-01,1.320418790478043447e-01,-2.151115403391512804e-01,-1.396303799515901389e-01,3.283329952454324130e-01,2.306937751145234916e-01,1.383842537519554827e-01,1.917593626838800733e-02,-3.083911529639418378e-02,-1.147811157065620064e-01,3.525449188706744619e-01,3.531829036229587326e-01,-1.300549821385323934e-01,-3.104525493573263573e-01,-2.703341595577323231e-01,-4.152994671898284640e-01,-5.909526383623300849e-02,-2.267463104094596671e-01,-1.599600977097324073e-01,-2.375804584663234742e-01,3.150904495899217901e-04,-7.671910814754022423e-02,7.044218721592392096e-02,-3.106884254069133822e-02,2.938155942096857265e-01,3.215647380570574865e-01,2.501697548498637014e-01,9.957900786667384097e-02,-2.722077881546562939e-01,-1.680653683114949060e-01,-3.398796259670402442e-01,-2.216105859493183727e-01,-1.490130530878514270e-01,-3.918824600938591168e-02,-1.295967293879530247e-01,2.286303552290304755e-02,4.456867048835939926e-02,-8.474058378329279995e-02,3.501221336566021775e-02,-2.538028688583504611e-02,-3.415784315430916290e-02,2.555816848727962554e-01,-6.775744715822097641e-02,-2.290015369128793610e-01,-1.168635882731801079e-01,-3.182753528959199329e-02,-2.538555644143995066e-02,1.202555904093943334e-01,-2.863749666944159777e-02,-6.615459503945640696e-02
-3.015256893854763032e-01,-2.891925772837158348e-01,-1.105325409337109682e-01,-8.958210823622674707e-03,6.891677586396692812e-01,5.766708470021533195e-01,2.029117430264987532e-01,9.994487215706863992e-02,0.000000000000000000e+00,4.113791585771555681e-01,-1.322045471984290566e-01,-6.673244548825595091e-02,4.838088992267269850e-02,4.216782996047858251e-02,5.559872246186288169e-01,4.215196655952952454e-01,-2.430079073697042902e-01,-2.826618292682213651e-01,-2.329796394238607682e-01,-2.958965418863408470e-01,-7.208646651923190929e-02,3.218355059849108968e-01,-5.821566714516532293e-02,-1.213254992929876930e-01,4.379729368509084342e-01,5.536617221660224963e-01,4.165512366574303238e-01,3.469295095976719923e-01,-1.078021066417512858e-01,-6.568390867977219605e-02,1.559943528907635213e-01,4.804309023629026176e-02,-3.157181441842048519e-01,-2.316333604442583072e-01,-3.271988558250084056e-01,-3.590021971255241140e-01,1.745613080759032543e-01,3.078919697619690310e-01,3.924602470601982751e-01,3.347829896223665225e-01,2.371529117233365791e-01,1.277923937700583545e-01,-6.015912965596651452e-01,-5.340568144738691014e-01,-5.099021160271202113e-01,-6.123903492542190907e-01,-3.300450493690466613e-01,-2.996124460124339750e-01,-3.385547838191724779e-01,-4.515314804472377319e-01,-3.377624612143677596e-01,-3.904845576029800092e-01,-1.428345200837318474e-01,-3.211842962384400257e-01,6.757539793109376691e-02,-6.322774079585247176e-02,-3.823689208687344743e-01,-1.443862337524383088e-01,-1.234787617103276641e-01,1.543525049485426626e-01,-2.834153427780210510e-01,-8.227133560670106538e-02,-3.329058288531133170e-01,-1.417729690633014739e-01,-9.535572432066120874e-02,-1.401176136696827002e-01,-2.254272757792816773e-01,-2.722264224223027163e-01,-1.902622820887940880e-01,-1.877146636943700098e-01,1.659924737601176925e-01,2.247549816395336408e-01,9.187819432269916931e-02,-1.324586955851255465e-01,-1.202024473505238222e-01,-2.068986147580590684e-01,1.534287027787464563e-01,1.271161342485022383e-01,-4.675098411862919218e-02,-1.048055011529497177e-01,-2.142442925804867726e-01,-1.973777276345980713e-01,-5.731900467977554814e-02,-1.786546416357617240e-01,1.760213596049802487e-01,-6.071037190120975174e-02,4.269691109515633687e-01,3.855632263641407542e-01,4.005812734436314249e-01,2.588921349407845574e-01,6.976271564090849586e-02,8.899973089429122353e-02,-5.265481066145983463e-02,2.945551474802196590e-01,2.870854562655933973e-01,3.479636303604748473e-03,1.599248232094204747e-01,1.099390098598760634e-01,3.553021751729730227e-01,3.228866672869422083e-01,3.361538729271918990e-01,5.450284371851064069e-01,5.189323745239311503e-01,5.190916479096693292e-01,4.158064519720220398e-01,2.245127967332224694e-01,3.241667786917913907e-01,4.215707703895091862e-01,2.371362735114934117e-01,1.393531375013123408e-01,1.385192152677704180e-01,1.990744647099304265e-01,-1.145211241604721653e-01,9.504745442051971971e-02,5.124806950614960166e-02,3.378366047531439209e-01
-3.495563064815950804e-01,-3.739074792618088949e-01,-3.339088239542817305e-01,-1.184925715785668104e-01,4.752628182529291534e-01,3.358231894484039470e-01,-5.895832792574844106e-02,2.126146440015178884e-01,4.113791585771555681e-01,0.000000000000000000e+00,-3.487951210595357371e-02,9.166341548767710512e-02,4.029585614331724491e-02,1.478273794919087447e-01,7.193058190688375042e-01,6.074530868996079747e-01,-1.989038467441304747e-01,-2.435668932496715122e-01,-1.802555890088091139e-01,-1.490593705762480459e-01,2.536317682847226695e-01,2.039768541660450796e-01,8.516891755822632304e-02,3.494579902369304020e-02,4.563771852563170417e-01,4.216588059564330693e-01,-5.864434701552947993e-02,-3.113966186274937445e-02,9.288702685712177387e-02,5.182475597989777416e-02,5.377334863755455219e-01,2.800886242644499147e-01,1.121312350171741051e-01,2.577459706508861137e-01,2.548229282706035784e-02,1.829661658650232614e-01,2.696236038398552304e-01,9.508907008679351458e-02,4.024664099665376527e-01,3.063752943187972866e-01,2.889055443680441093e-01,1.868692320491542325e-01,-5.684097560336036636e-01,-5.571078223618252112e-01,-5.350948497828075245e-01,-4.866145775711741561e-01,-2.564405960623232783e-01,-4.120337551287291400e-01,-5.800707243243308220e-01,-3.832856413282776376e-01,-3.520574376903972125e-01,-3.176539348266103624e-01,-2.591667242068581081e-02,-2.774380770574256805e-01,2.208715130230222701e-01,-6.117137375265927629e-02,-4.081780361827635484e-01,-2.914467582434442927e-01,9.534729553875555264e-03,1.557786083920417453e-01,4.515283520700538733e-02,2.451021167301982995e-01,-1.752529322100999931e-01,1.407396182631948656e-01,4.901664521547042380e-02,2.698238489424317210e-01,-1.640744483107033358e-01,1.494703407535702411e-02,-1.980721140257857005e-01,-1.331052507816075925e-01,3.964163569038244295e-01,2.698725197586468449e-01,1.665836617371571626e-01,3.572467283893549644e-02,2.478681591517725366e-02,-6.964460728470839301e-02,3.936119303432012440e-01,2.476050752359031937e-01,-2.164610176701002309e-01,-1.528979371222817518e-01,-1.269826341179088047e-01,-1.696240638037631032e-01,2.516000374949707852e-01,4.248624569032889708e-03,1.364792592100932123e-01,2.405175206668715704e-01,1.617409206103081754e-01,4.845694238941565257e-01,1.321479107545982523e-01,4.922122414707624238e-01,2.621592545630065385e-01,-1.976829790594273883e-01,-2.979976777524714904e-01,-4.583586568397063354e-02,2.716193082743980636e-01,1.340826547852927986e-01,7.025757037482190104e-02,-4.714801693848665737e-02,6.219304282529857647e-02,2.139413219893018525e-01,3.683678316646148421e-01,1.586169821058311391e-01,2.525039830082236314e-01,3.285222488684162445e-01,3.844163249183197295e-01,1.764920211900549429e-01,2.795649752489602347e-01,6.736394146699224705e-02,4.363705151690785988e-01,7.676404519920758396e-02,-6.701369902688709967e-02,5.350852602661052698e-02,1.703836285033843156e-01,1.671729703784533699e-02,-2.488198581721109692e-01,1.685604567868451142e-01
3.284007506462282566e-01,3.342062511093686905e-01,1.908120109049645519e-01,4.813680718525427393e-02,-2.465731786323832331e-01,-3.819326732885087727e-01,2.841117497294156080e-01,1.036909540765352244e-01,-1.322045471984290566e-01,-3.487951210595357371e-02,0.000000000000000000e+00,4.862274485918162692e-01,6.715337255434183916e-01,4.703789042186170555e-01,4.504216812892815336e-02,-2.200005016392848206e-02,1.813270525399144906e-01,8.568489466540485378e-02,4.042206870006190833e-01,4.104933087777332679e-01,-1.269353596445112198e-01,-1.335293972958766229e-01,1.678773217984030897e-01,-4.725817242457941089e-03,-3.531205100459574586e-01,-3.139150819982065022e-01,-1.858918491333902967e-01,-2.557738425771303725e-01,3.088978462948319681e-01,2.868220621921021944e-03,2.834863746521532057e-02,-3.386802606675125282e-02,-1.034041283911245612e-01,-1.196976910127682814e-01,-2.490987848895508672e-01,-1.890420223429259972e-01,-3.176882101122580071e-01,-3.530625495351588095e-01,-1.651915963201573412e-01,-2.753894053420335997e-01,-2.640525111281407655e-01,-2.596626167555683429e-01,-1.291034573754208659e-01,-2.083473551946146973e-01,-2.942274374589855593e-02,-5.105224211457691855e-03,-8.995994087097902714e-02,-1.733773020714562130e-01,2.112112080894392938e-03,2.156017837913532798e-01,8.625282222515998076e-02,1.215206113839024937e-01,1.262088908284051125e-01,1.356330904824484540e-01,-6.616618206880484077e-02,-1.288342059018683650e-01,2.797409373785298414e-01,2.294217394030104440e-01,1.085833184469910118e-01,6.354197876331027506e-02,1.043120357589955444e-01,7.442452011733383110e-02,3.115209802258626648e-01,8.554457122398002877e-02,-1.685650978286577506e-01,-1.196329531223241371e-01,-1.308538620568741040e-01,-2.030041169786477306e-01,2.442380071694550125e-01,2.932856965513415126e-01,9.933524303060806138e-02,1.290004853084890379e-01,1.743638863491757951e-01,-3.656686787369662489e-02,7.203515558044856770e-02,6.708096145178010783e-02,-1.290204544412303922e-01,-1.724134607432041832e-01,9.869063571753657407e-03,-1.882558662945175154e-01,1.885437100025090795e-01,-1.313404895260924798e-01,1.711997421601872960e-01,1.775312768939364405e-01,-5.878910798125514675e-03,-1.355603434042615407e-01,-1.135370994583782545e-01,-1.268861821196732576e-01,-2.151948843614050200e-01,-8.459063811954357914e-02,-5.738101598064085374e-02,-6.553437225066024996e-02,-1.305743591278631655e-01,-1.363879930736939250e-01,-3.651135264553408422e-01,-3.208506193469109480e-01,-3.367346349606163969e-01,-4.394229876008931002e-01,-1.979904870460912625e-01,-8.487345514555431902e-02,-1.501702211573481827e-01,-9.827631566295122467e-02,-1.459287286474515444e-01,-4.319989966704027018e-02,-1.866339409033623553e-01,-1.133022866514410837e-01,-1.526198439548439312e-01,-1.956054790277366173e-01,-1.333818414807415031e-01,-2.635863561082081308e-01,-3.964186688070927000e-01,-2.079560381710115757e-01,-1.025958849944241108e-01,-1.423245161349427634e-01,-1.301821763626311024e-01,-1.246348777802036845e-01
4.308614050814039143e-01,3.848202757898893100e-01,-1.014740362918380295e-01,-2.397771374263561739e-01,-1.411965391791207558e-01,-2.433877146971760441e-01,-7.420152597576315512e-02,-1.253836306296496513e-02,-6.673244548825595091e-02,9.166341548767710512e-02,4.862274485918162692e-01,0.000000000000000000e+00,2.396795763753360453e-01,5.261419627842814917e-01,2.346897431538404188e-02,1.997946222766612198e-02,3.251321181802332427e-01,3.865449236149947621e-01,1.898459180864600082e-01,2.107552610544511096e-01,-1.834440863891713680e-01,-2.861885570436198400e-01,-1.157268630824255171e-02,-1.117659045957991454e-01,-2.555476937305755647e-01,-2.113192630713361386e-01,-9.817039361206605919e-02,-1.336874135528298146e-01,1.486412105373876025e-01,1.662910911259082858e-01,-8.818167888440545110e-02,-1.795960349090885144e-01,1.696807701764139198e-01,1.395474952564357274e-01,-6.171096728105358170e-02,-8.971786825453867409e-02,-3.620793533217659399e-01,-4.113312873947825299e-01,-1.498106801302458713e-01,-3.889118322693726482e-01,-8.995184269610199956e-02,7.864064934070084945e-02,-2.399442923843419367e-02,-1.240442703439504912e-01,-8.201488576693904964e-02,-1.587008334727015024e-02,-3.285185433757017298e-02,-1.649083660693624054e-01,2.663446367790416394e-02,2.646056639618394324e-01,2.064888175646850677e-01,1.543901955607345500e-01,2.264520677995152109e-01,1.903417689834945026e-01,2.135230150328623067e-01,-1.874770926456202358e-01,4.273786909160684488e-01,3.336468986679521631e-01,1.643241166771584605e-01,1.819584587049300969e-02,2.892807662108768385e-01,3.095335279613023460e-01,2.510251598995168476e-01,3.709547746050434469e-01,-2.361398097757174686e-01,-2.954701161613226268e-01,-3.105928943196241687e-01,-4.042058043715270332e-01,3.042702281468823156e-01,2.377404447945371535e-01,-1.833008404246392886e-01,-4.138660394379045648e-02,-7.336934314615532748e-02,-2.121446081298022091e-01,2.065366066018847757e-01,1.368184172307853885e-01,-2.776926906390067562e-01,-3.060142241971883781e-01,1.114371732965611927e-01,3.272857286903750607e-02,3.222812395841199162e-01,9.755981018662114590e-02,2.241463659871258673e-01,2.538222525770096882e-01,-5.709164070705720004e-03,-1.855471787296369274e-02,-1.237919441265231402e-01,1.185081679135213152e-02,-1.773965209750631433e-01,-1.322188486773562092e-02,-7.807913186238897574e-02,-3.029664605718476733e-01,-2.374930037874080913e-01,-3.221762429247139181e-01,-3.225486497946338238e-01,-3.368482544240057885e-01,-3.423728651206672802e-01,-5.165485182624470761e-01,-3.573493406937274797e-01,-2.513044188128059631e-01,-2.309085851181973681e-01,-1.761606824344649491e-01,-3.411312663305945403e-01,-1.535349908341407110e-01,-3.343317504760522918e-01,-2.255668831051643175e-01,-2.186298887640109878e-01,-3.178450252243860130e-01,-2.370048583999372072e-01,-2.078560653061036489e-01,-5.051546799587445236e-01,-3.165293071715712392e-01,-1.057215688228594630e-01,-1.497590780293941715e-01,-1.676693194059918346e-01,-4.798648303515073293e-02
1.383564015080162579e-01,1.037547691070946493e-01,4.102341782284145144e-01,3.677880182567960787e-01,-1.452648854990776783e-01,-1.194910304217059738e-01,6.085760735854389702e-01,3.473663307958705371e-01,4.838088992267269850e-02,4.029585614331724491e-02,6.715337255434183916e-01,2.396795763753360453e-01,0.000000000000000000e+00,4.903848158918480693e-01,1.735331229890249016e-01,6.046442901475267834e-02,9.132545619621282307e-02,-1.036771155684112905e-01,3.816191156676055352e-01,2.157386711718922989e-01,-8.835314112258985456e-03,7.912481806712880206e-02,4.331593483124727695e-01,3.797679462857606048e-01,-1.821487635315323095e-01,-1.269417874611504515e-01,-9.171839174640157577e-02,-2.055213511074427957e-01,2.255441554358367517e-01,-3.851809447426906424e-02,7.576344094131574891e-02,1.815029800450001229e-01,-1.106527890873432590e-01,-1.425604613087845529e-01,-1.644009620529394700e-01,-1.814488676851277738e-01,-3.160399094520389696e-01,-2.257607848991124988e-01,-1.628626162477594119e-01,-1.332088041621787844e-01,-1.088479381996543122e-01,-1.559128894173208713e-01,-2.147782270126875337e-01,-3.199055087247459350e-01,-1.717178564497728599e-01,-2.049139672795785017e-01,-1.683689457713236082e-01,-2.788599275477487982e-01,-1.146833552506006382e-01,-7.987262100853786961e-02,-6.558009545433153564e-03,-5.798312177939966144e-02,9.735197388348039438e-02,4.833893895073283764e-02,3.812261772908671215e-02,-1.583108094258171283e-01,9.202103864978468384e-02,6.188803842843251107e-02,7.157623059906546847e-02,-1.233024222558350667e-02,8.359872852863081683e-02,-1.103926494930061175e-01,2.998880237180956421e-02,-1.214582067384447350e-01,2.073327849642169277e-02,4.078517369280752758e-02,-1.820456129839337009e-02,-5.079719426502990465e-02,1.421408580723078074e-01,1.910357772534195531e-01,1.717252786664208997e-01,2.066140801070666666e-01,2.568633717927221172e-01,-4.798647907771369514e-02,-2.988211987047025356e-02,1.481037212633083688e-02,-9.545335325178465335e-02,-8.500255936363326770e-02,-2.683317045814912968e-02,-1.205968080136104736e-01,3.302465037737969261e-02,-3.387242019780237201e-01,2.151378602122190065e-01,3.967987255691159815e-02,6.932644607048171759e-02,-1.780058836269708400e-01,6.748556004994665791e-02,-5.909003431589151395e-02,4.051326634772785262e-02,-5.392970468406676349e-02,-7.049318807280870181e-02,1.476012106308880467e-01,-6.596450628652332678e-03,4.390393163182889497e-02,-2.338063682669438148e-01,-1.529343966123705989e-01,-3.798869817959947270e-01,-3.820590051187012781e-01,-2.477691703890247676e-01,-1.520433783435236885e-01,-2.322057188934003591e-01,8.479818281967121951e-02,-4.685503066404177880e-02,3.616109165449077345e-02,-7.202631075719044540e-02,-1.338213048733889188e-01,1.423802752623111977e-02,1.120497974720828654e-01,-1.253551899344920451e-01,-3.148341180706845099e-01,-3.677353845003792920e-01,-2.747997375704053225e-01,-3.420002787700175406e-01,-1.022101243898820983e-01,-8.513352890021795571e-02,-2.434008332572369995e-02
