0.000000000000000000e+00,5.084325022626509094e-01,1.410690788759869918e-01,3.109991335979143678e-01,-2.665608248814147485e-01,-2.831824783141249080e-01,3.995943192150474554e-01,3.193854094085178397e-01,-8.665992455035559372e-02,-2.017348460215201145e-01,4.749213780719739320e-01,5.275036957307531749e-01,5.215443753685630179e-01,4.502795555473592115e-01,-7.111791366211207832e-02,-1.794475337417634764e-01,-1.108094158898004500e-01,7.048562617000231345e-02,4.038222140556042561e-01,3.297738152645650067e-01,-1.581051962308387404e-01,-1.858476612565155839e-01,-1.111327544259791550e-01,1.435474588049790723e-01,-3.675556282928634233e-01,-3.782070505600034216e-01,-1.481008823655352580e-01,-2.167714873471570103e-01,1.102295530751796065e-01,9.420379109691567887e-02,4.092099241313864044e-01,2.294054707532012793e-01,3.136316936221721918e-01,2.100021710548487797e-01,-2.805133196411786489e-01,-3.223658897785496302e-01,-1.237454982196617703e-01,-2.886299528875879150e-01,-1.100744915402768198e-01,-1.728518636847415080e-01,-8.469750764932870365e-03,-1.045210464769732728e-01,-1.547199061306908097e-01,6.638791609510978631e-02,-1.387074785048266479e-01,2.939330526190927009e-02,-1.233231903349930013e-02,-6.380550672772901388e-02,7.492011711648789707e-02,1.464725750638523338e-01,1.854122710542736169e-02,5.691086473371419902e-03,-8.459370130130552945e-02,-3.400284377363457788e-01,1.761357336523027561e-01,1.512587077732901629e-03,5.846648670790218771e-01,3.992407522044481016e-01,5.648486758787106821e-01,4.490825161512259633e-01,4.175390257531577665e-01,3.243223718795137933e-01,3.323653931406016226e-02,2.953181759315146593e-01,-3.788441181564177751e-01,-1.414185745221581067e-02,-1.975324257407183315e-01,-2.242733396654864320e-01,4.256541214798613137e-01,3.059763001063019461e-01,4.128203310451580843e-01,3.860781470580519903e-01,4.990284233983796613e-01,4.742561545974276482e-01,-1.795147429469309483e-02,-3.343999884855744509e-02,6.891264395933374698e-02,1.006549387325635092e-01,1.154985201992744376e-01,-1.521123461747109495e-01,7.293235344377428653e-02,1.409186426295484145e-03,-7.231608223323258977e-02,-2.801330448294254150e-01,-2.451770650400320328e-01,4.180126594274169959e-03,-5.154151813627483314e-02,-2.101604394154831662e-02,2.392719840629256300e-01,-1.960837499637428649e-01,-9.453101935334851103e-02,-2.639740918146558091e-01,-7.798828950749228661e-02,-4.100003534982005204e-01,2.543206206159835947e-01,1.028098082382347539e-01,8.019261693069598684e-02,1.355631061740458776e-01,-1.138250972652440490e-01,-5.824796127766329601e-02,5.911976709747648884e-02,-2.592623058105920086e-01,1.569452030354918370e-01,-1.947290241222822127e-01,1.047898537186556511e-01,-1.569866513516035289e-01,8.780886950632908750e-02,4.609100371490186532e-02,1.347045340533791491e-01,1.918483038290413889e-01,-1.054517259768690679e-01,-4.410811540240447415e-02,-2.065218028784199938e-02,-7.265142001418813111e-02,1.600212577705271977e-01,3.602592681653657425e-02
5.084325022626509094e-01,0.000000000000000000e+00,2.598693544094043961e-01,-4.789401699599558915e-02,-8.529121979484308169e-02,-4.936623248953699028e-02,3.589478047924874460e-01,1.681077811296173286e-01,-1.001764665188717013e-01,-1.094100769169917275e-01,5.524038978907902520e-01,4.918642958082097838e-01,2.967962402222938390e-01,2.778477719150185266e-01,-8.235573587615190039e-02,-2.374096054020409241e-01,2.809211929893887238e-01,4.147071310801911381e-01,5.374152826278351114e-01,4.394064033492027788e-01,-1.002130454004394322e-01,-7.565050671290632356e-02,-3.577970128576611897e-01,-1.569655458086208488e-01,-2.885573409495940100e-01,-1.711185704139088215e-01,-1.539703466331324433e-01,-1.409631585155345090e-01,3.004012196578038640e-01,2.932458042202774617e-01,4.305950301925095397e-02,-6.932814675592839648e-02,1.574485694554646487e-01,2.731992184688776804e-01,-1.832020091808853890e-01,-1.348786463415823089e-01,-1.512940543652858266e-02,-9.791491640735427993e-02,-3.740911885207529042e-02,4.129030937373146665e-02,7.649501753384610470e-02,2.061766184172508509e-01,-9.355210994205716279e-02,-3.131236992016546948e-03,-2.623840947471385299e-01,-2.042041479474390464e-01,1.304309763111009823e-01,2.343019763815806095e-02,-1.791056550208391385e-01,-2.104842505084679183e-01,-2.125988903857828349e-01,-2.121232486972324249e-01,-1.509436372348618438e-01,-2.634237924162687317e-01,9.459179712892137881e-02,9.422846553277346160e-03,5.461285089833796125e-01,7.149490046428066403e-01,1.999672539319079789e-01,2.209063878848848417e-01,1.654432868903109588e-01,1.009805084730667213e-01,2.059721106883434794e-01,2.532385360127028529e-01,-2.096524292664403988e-01,-1.916079278167705513e-01,-9.981166806986023488e-02,-2.049107838961313766e-01,3.767232070542314015e-01,1.451035931246598687e-01,4.126521420057498862e-02,2.550254394351704756e-01,2.118552927943385678e-01,2.644625973568214272e-01,-5.528769191408242079e-02,1.944291156358565198e-01,3.098716797619709418e-01,2.995060203628729933e-01,-6.128750015903688952e-02,1.245415028001518043e-01,5.798649143979861531e-02,1.020551427473033596e-01,3.961984948227451758e-02,3.572744590253429386e-02,-2.709141628798266144e-01,-3.876302004862846040e-01,-1.314474531170249372e-01,-1.189331327567374058e-01,-1.330944633770399788e-01,-2.478185904337666112e-01,-3.994851765535548799e-02,-1.458100249076206278e-01,-4.209008059457989837e-01,-2.385931517102463095e-01,2.484381593168998731e-02,1.864833658746284095e-01,3.358290033145975850e-01,2.684837596748391730e-01,5.067432019080359007e-01,3.693015887648976592e-01,2.316584476239278434e-01,5.885246457537745418e-02,2.076699814799944643e-01,2.437788613593336873e-01,-1.185819320844805902e-01,-1.710877664756755290e-01,8.489569224693399585e-02,6.639377564227054440e-02,1.466611554298318243e-01,1.019065255570382467e-01,2.202568045387279516e-01,3.101992412389347753e-01,4.630039042839432378e-02,3.306536433108983042e-01,9.992903487439863675e-02,1.544761953151219114e-01
1.410690788759869918e-01,2.598693544094043961e-01,0.000000000000000000e+00,5.043029619886323367e-01,-1.941607293452771721e-01,-7.010843070677393041e-02,7.272429829368629584e-01,5.008547906405553807e-01,-2.699158946562746908e-01,-2.197627616770790326e-01,6.498514223770204823e-02,2.959421165261348907e-01,2.978662870436378229e-01,2.553745198194116162e-01,-2.649517013149736422e-01,8.239227414278911532e-02,-2.400281545870963651e-01,-2.673853825358500358e-01,1.403120714718087136e-01,4.221823073242573221e-01,-4.443935887325322492e-02,1.370389894203602812e-02,3.799454393862360946e-01,3.732392705141903133e-01,-2.486792264061183366e-01,-5.811896531895004853e-02,6.468624878124289157e-02,-1.573032739853644502e-01,1.581878631190080930e-01,-1.599182717145095425e-02,4.299639157975018722e-01,4.067226030014972071e-01,5.492480970793249817e-01,4.477326564733002390e-01,2.648888032571482531e-01,-1.062865877766103889e-01,5.128737228992256286e-02,-8.604231991019935244e-02,-1.991896984365872647e-01,-8.988451866534563628e-02,-1.648088791786508356e-01,-8.040055759764509757e-02,6.329249812802539149e-03,8.081518139095411613e-02,-6.365343084405768181e-02,-3.021577375319371983e-01,6.135593647208832657e-02,-4.115393804567382685e-01,-3.093486437069887240e-01,-3.380713542802188942e-01,-1.023527388623221013e-01,-2.722586223488456802e-01,-1.054154790878039233e-01,-5.476505784794167830e-01,2.300690253379192862e-01,-4.444993215669486020e-01,-3.483817507525997087e-02,-6.062107450937842534e-02,-7.184820411785215744e-02,-1.711735439950098914e-02,1.239829342902995374e-01,2.944948730762187578e-02,-1.391453684865227858e-01,1.869572577778789713e-01,3.684212359661255265e-01,1.890348872610151387e-01,4.970921637391060299e-01,4.729347422681772217e-01,2.342807275818338530e-01,3.033590871303191161e-01,4.353162706718377017e-01,4.207466373957897687e-01,7.980099371617152548e-02,4.047106019143366651e-01,2.625494321372427997e-01,3.873152644871526995e-01,4.741799749889993310e-01,4.177391206196099382e-01,-1.238989373167796865e-01,-3.280466224957850341e-01,-1.331481620528900955e-01,-3.899411626867487629e-02,-1.492521507233005029e-01,-3.797887566211249899e-01,1.378801458801847402e-01,-2.593616237491093712e-01,-1.425975862667808181e-03,-8.704314051910289063e-02,1.985252127994760751e-01,-1.831330721209460111e-01,1.484680518017433559e-01,-3.099637204955056902e-01,7.435995082992116582e-03,-3.996325393428901696e-01,1.941928780337493499e-01,5.073512424047858099e-03,2.268235429151906346e-01,-1.078045779549128592e-02,9.737815544457921468e-02,-1.980249586600406168e-03,2.720540958638021922e-01,-3.722297520444486918e-01,3.142648779159387673e-01,3.121577541634795554e-03,1.499460691476283136e-01,-2.171411279578859543e-01,1.512652602013498104e-01,1.396750805680288809e-01,-2.105180810616288645e-01,-4.170518982172110450e-02,-4.103737179650643850e-03,-2.558528141015507518e-01,-2.091984890078014414e-01,1.872474779389431826e-02,1.266929130014732563e-01,-1.353216481186883882e-02
3.109991335979143678e-01,-4.789401699599558915e-02,5.043029619886323367e-01,0.000000000000000000e+00,-4.154534509548252208e-01,-2.093864206078391299e-01,3.904486347354798603e-01,8.165955286870383301e-01,-3.891877632024576261e-01,-3.120465853401613865e-01,-3.685477672355005896e-01,1.616383933580924914e-01,3.054237007234415491e-01,5.110497067243009450e-01,-2.736918180702803127e-01,1.584016845757646730e-01,-3.800708337540410486e-01,-4.410835141683890903e-01,-1.461457389900481241e-01,2.745177446275752220e-01,2.112444346412571394e-01,1.938936157976867969e-01,5.941705599788537073e-01,8.140793065770929315e-01,-3.070839398173023649e-01,-2.182366323796955110e-01,8.711961682506653244e-05,-1.908838862966489858e-01,-2.463216009108044335e-01,-1.077887527051185901e-01,7.697519081780164196e-01,8.048839872116803074e-01,4.753758199926656491e-01,5.441282375216560663e-01,2.907779480630160451e-01,9.103338308514689892e-02,2.336187496510888362e-01,7.982381971268381893e-02,6.856647378414160166e-02,5.598576681037147063e-02,-1.959985898924771971e-02,-1.455103114488954796e-01,-7.421509492153222087e-02,2.161590242195254863e-01,-2.229055356898739654e-02,-1.022149835284913155e-01,-1.084803690334974063e-01,-3.851021978422273229e-01,-2.472104574806414934e-01,-1.947216324502188955e-01,-1.081969138048538559e-01,-2.310089214116465839e-01,-2.016801425032638539e-01,-6.434263860136612001e-01,1.262260455989236141e-01,-1.260013922046347434e-01,2.710190372334822170e-02,-1.873811569425756218e-01,-5.557590638010045936e-02,-1.508176047586473334e-01,-8.706104175523858568e-02,3.257277472508224303e-01,-6.742025719845858855e-01,1.958686523163279038e-03,2.494124575105025610e-01,6.089900098663710848e-01,3.901982357938204027e-01,5.154884929012367722e-01,2.314155562590640980e-01,4.160830680715475460e-01,6.739621327542415496e-01,5.133050208930683977e-01,3.249074363683980282e-01,5.224585055953173685e-01,4.184508770860631555e-01,-1.156974816869648370e-01,1.190367174719155485e-01,1.440289223119975148e-01,3.949975046729072709e-02,-3.941819852870259711e-01,-2.802135797387785288e-01,-3.516386041675480523e-01,-1.183100982588902311e-01,-4.163470851630333702e-01,-6.630882982220079325e-02,2.576053683703442565e-01,3.165652786815241759e-01,3.634376847064790805e-01,5.464946195999315082e-01,-1.747826126348758086e-02,2.296879222993769010e-01,-3.928507913635130855e-01,2.238078500961155626e-01,-5.824473778363910004e-01,2.421858972284195166e-01,4.163573161995229310e-02,5.553101625992951790e-02,-1.010582852122919942e-02,-2.662076608772921404e-01,-3.850582090968712179e-01,2.495294405870524534e-01,-5.774021310696285658e-01,2.983571987037464956e-01,-1.873859343468686489e-01,5.347301806015777315e-01,-2.622602701595665858e-02,2.432101790310842448e-01,1.766412799638790165e-01,1.983200088102686498e-02,1.138758749744746140e-01,-1.566602833157617058e-01,-2.876848946301778231e-01,-1.485452891717404730e-02,3.752286072278473300e-02,3.997456903912053328e-01,1.321404186211347365e-01
-2.665608248814147485e-01,-8.529121979484308169e-02,-1.941607293452771721e-01,-4.154534509548252208e-01,0.000000000000000000e+00,8.983828209006095022e-01,-2.314804185191066399e-01,-2.098670033797955248e-01,8.370741294168456692e-01,8.626958909316005952e-01,4.821311241355886318e-02,-1.922617609341956135e-01,-1.782424474575459994e-01,-2.262960397700521098e-01,4.347275240646100714e-01,5.162714597286162110e-01,1.020436653137749977e-01,1.585441507560093610e-01,-2.947001881752986732e-02,-1.703595630438648201e-01,-9.606492451974979474e-02,-1.054690889795097675e-01,1.012459199379499297e-02,-1.940263410759813512e-01,8.310486759233395304e-01,8.088676586979562932e-01,1.971697094579826504e-01,5.984957202761920225e-01,-4.556783877413657369e-02,-1.533488977814310705e-01,-5.996683939992845103e-01,-6.077005776735091569e-01,-4.137290128518991694e-01,-3.691275018290668952e-01,9.463554715343260038e-02,3.486473848681757026e-01,-1.375932146479569018e-01,2.161511830521802360e-02,-1.408695505033278061e-01,-1.834337134649411116e-01,-2.955441031870914004e-01,3.756672724888029946e-02,-1.847296149219488925e-01,-1.197817980703723972e-01,-1.944020923262069767e-01,-2.705346018937638264e-01,-1.204289364312614991e-01,3.260376878683005630e-01,-1.472896275692987533e-01,-1.728298972540736889e-01,-1.613347996956575048e-01,-1.133703747099252396e-01,4.795471385406389203e-02,2.053525954194013459e-01,-2.907797947729731658e-01,1.492811980751131418e-01,-2.229972058915289657e-01,-1.066599012162397636e-01,-1.956519154923710424e-01,-2.137784933792814535e-01,4.454859244830641773e-02,-8.258153152421625343e-02,2.103077495860949109e-01,-6.834553504326261464e-02,-1.490250996274140351e-02,-9.677629048317461236e-02,-2.209236606571115813e-01,-2.387496522303787783e-01,-2.099993469171942129e-01,-3.092608370941237750e-01,-4.623976558727502240e-01,-3.578084713417483687e-01,-6.229923011213461814e-01,-5.990536158829913305e-01,-4.807958323127942690e-01,-3.589592372239527179e-02,-3.099600524297549398e-01,-7.755543940259534974e-02,5.124991723273947947e-02,2.145534687879263880e-01,-3.180285241351124004e-01,-2.633778810914934598e-01,-7.260260073074351062e-02,1.530285997082879157e-01,4.987600316161536207e-02,-2.749309263209483434e-01,-1.626497118253974750e-01,-2.046740861158363733e-02,-2.982914643873463278e-01,-4.020638517509864812e-02,-4.314677987546201160e-02,3.115183600382065987e-01,-2.686170216362065433e-01,2.542721197179638737e-01,-2.332391299966993792e-01,-4.022602139398089721e-02,1.263639799973575450e-01,1.643455053551145517e-01,1.567598616793372812e-01,2.403066289760176222e-01,2.155097879818114182e-01,2.778980527216051155e-01,2.506789396869817943e-01,4.155640413292926438e-01,-2.025005418060074613e-01,-1.654567498236297340e-01,1.125693191947194499e-01,-2.356432092891201126e-03,1.488493757903240067e-01,1.029131706449430972e-01,1.909177453914580325e-01,2.784906442107255020e-01,6.536492213464181744e-02,3.942712368347228713e-02,-3.011959013769077709e-01,4.079149316877499210e-02
-2.831824783141249080e-01,-4.936623248953699028e-02,-7.010843070677393041e-02,-2.093864206078391299e-01,8.983828209006095022e-01,0.000000000000000000e+00,-8.893964653499619732e-02,5.790925809874699487e-02,7.882968362355855518e-01,8.747648812089343640e-01,-1.182310124174917043e-01,-8.351117518760282910e-02,-1.292506864028978020e-01,-6.044783310646066610e-02,4.391580022116878812e-01,6.406033722277276743e-01,8.853968589611117823e-02,1.566092325118378648e-01,-3.811505187453181898e-02,-1.476519127282444402e-02,-5.159474812126824128e-02,-2.385079741175751347e-02,9.012005754863383622e-02,-2.071359115093935818e-02,7.530400020673302386e-01,8.130290543766091060e-01,1.609413761402564425e-01,5.852985907491058404e-01,-1.416983097042412709e-01,-7.945854071796580598e-02,-5.045157144688710016e-01,-4.983380023693564920e-01,-3.701978553920795001e-01,-2.072177924671930460e-01,1.153503374589387176e-01,3.730855043154713280e-01,-1.398871931904306296e-02,4.470543008231815663e-02,-8.592710456211763437e-02,-1.530947601738030794e-01,-2.700413979619197269e-01,-3.510737513881779463e-03,-2.417572828214682445e-01,-1.109763548113344156e-01,-3.070719226406431468e-01,-3.737713340549601027e-01,-1.821783192197113654e-01,1.868901780740263585e-01,-3.310617548439832580e-01,-3.361684401320247928e-01,-2.450306950946987694e-01,-2.748909636030968939e-01,7.530182783131192381e-02,4.951015541394056946e-02,-2.209279773303084726e-01,1.269523634056728689e-01,-2.146516791545015901e-01,-1.133343788945706948e-01,-3.057296526960859295e-01,-3.211073711406632891e-01,1.213583253219631397e-02,7.964081992560344270e-02,6.241026514800860486e-02,-2.729709048940745508e-02,9.125109115297129481e-02,8.183909556122241635e-02,-1.407967582323000066e-01,-1.532924929809150461e-01,-1.277066290670677839e-01,-2.025968470125228404e-01,-3.885678366582181464e-01,-3.064078646736166367e-01,-6.158975012074323629e-01,-5.377454950667640565e-01,-3.589894875372964811e-01,-6.207429863294277456e-02,-2.677846519730465724e-01,-3.410623223039651458e-02,2.234335579841874656e-02,1.572374442442540932e-01,-3.980787571962477456e-01,-3.674345510549529292e-01,-4.358401525569764040e-02,1.025349239392531198e-01,-6.864496486165200251e-02,-3.019061150723537090e-01,-8.461935962244110376e-02,3.922850961283576993e-02,-1.952051836638287463e-01,-7.246269205471404795e-02,1.736907757864068202e-01,2.555448180611153974e-01,-2.719856774627980034e-01,1.256057302457682379e-01,-2.215694948127342467e-01,-1.772084709650736112e-01,1.362693649072995450e-01,7.707627656868451527e-02,2.554451484735409394e-01,2.174765818184601907e-01,3.394794018305084538e-01,1.492996457034954927e-01,3.394761152231761669e-01,4.002365062253251393e-01,-1.454403699020281882e-01,-2.269539886102124593e-01,1.707901258627381180e-01,3.521507621877044414e-02,6.210739436900149929e-02,3.819664743681185776e-02,1.981412836337637096e-01,2.733193615130761756e-01,6.527050795926866988e-02,1.404731265103565663e-01,-2.575479860404243371e-01,2.343438331499822849e-02
3.995943192150474554e-01,3.589478047924874460e-01,7.272429829368629584e-01,3.904486347354798603e-01,-2.314804185191066399e-01,-8.893964653499619732e-02,0.000000000000000000e+00,5.815179217475262563e-01,-2.696159501068802200e-01,-3.135949883682466188e-01,2.675466819985931055e-01,5.541080852838504711e-01,6.372815423287223613e-01,3.535423548683141459e-01,-8.548244738095124584e-02,-2.733718370231127265e-02,-2.385628124917192061e-01,-8.550255307982776443e-02,2.588133988134042052e-01,4.702703287872098126e-01,-4.037186948739525383e-02,5.159315044592415606e-02,-1.086926806879112868e-02,2.275377863424074554e-01,-4.196651674306765556e-01,-2.173818303082051262e-01,-8.296935028286302194e-03,-1.905498581883909026e-01,1.643480174601926469e-01,2.343490366539845993e-01,4.339121140487321449e-01,3.049053148093330834e-01,4.929928445963148720e-01,3.960925076066579287e-01,3.498451893298108045e-02,-1.527881228311953055e-01,9.690040469969832260e-02,-1.493660777409722973e-01,-6.672717220216942136e-02,-7.368962308411595996e-02,-3.074919441556908661e-02,-1.500372407830746213e-01,-9.514889598552944694e-02,1.067004967493157819e-01,-2.178495172357400589e-01,-2.198588302751321444e-01,-3.099067649332448368e-02,-3.694430201815775416e-01,-2.842624896654179500e-01,-2.751684640506549817e-01,-2.186654694695986945e-01,-3.649079318313969700e-01,-7.136753003353503433e-02,-5.769404380113560826e-01,3.197479975831168386e-01,-3.934770689775288210e-01,7.408694679054531051e-02,1.642573687477517919e-02,5.194740003527346245e-02,4.189622973150074203e-02,4.359808866340784683e-01,4.073339270962708092e-01,7.065016761881419416e-02,4.111531769925515500e-01,7.415376587956200305e-02,6.658279771224151489e-02,2.611626326832365841e-01,2.042742903628129714e-01,2.263497765448059529e-01,2.869600103369398525e-01,4.651388166481927322e-01,5.332601892682176103e-01,3.420898924844643640e-01,5.171296838236356663e-01,1.680942174866602856e-01,3.838530666895946242e-01,4.857129888489423730e-01,4.268378205848525342e-01,-1.963533432637222798e-01,-3.051209804078796606e-01,-8.481364735512830766e-02,-6.424821749779742464e-02,5.739830485166561025e-02,-3.314262667077802482e-01,6.197964783132343947e-03,-2.783148273313144627e-01,8.956500369443221032e-02,-8.321674385637428673e-02,3.276363561561140281e-01,-1.153286796173643852e-01,1.989386186802580836e-01,-3.280352103041653256e-01,-5.753740917613575645e-02,-3.967180737702965532e-01,1.971161793541731932e-01,-2.621205109242571302e-02,1.498971168926691022e-01,-1.276769013255035501e-01,8.150474323885602279e-02,-6.408677246218236548e-03,3.717087212398816898e-01,-2.380728626831561945e-01,3.366522707513961987e-01,-4.015477879257367544e-02,1.932754535120483064e-01,-2.403639202256909468e-01,2.758355130931446908e-01,3.154874508977710823e-01,-1.578707845077673699e-01,-6.755838761026239370e-02,8.936290952271100374e-02,-1.711512329913312536e-01,-3.014311009665400776e-01,-1.129143892207131183e-01,1.679954607353387197e-01,-5.011473338941647981e-02
3.193854094085178397e-01,1.681077811296173286e-01,5.008547906405553807e-01,8.165955286870383301e-01,-2.098670033797955248e-01,5.790925809874699487e-02,5.815179217475262563e-01,0.000000000000000000e+00,-1.580657650295902161e-01,-9.143218362668706356e-02,-1.998923678034615903e-01,4.821660804895457342e-01,4.630387628749279005e-01,7.261681305720610879e-01,-9.700559036029682280e-02,3.126877943376342728e-01,-3.412472365686693432e-01,-1.902479273997760012e-01,5.619467769715048855e-02,4.924723342855737429e-01,1.046118770673230974e-01,9.707569335418519962e-02,3.362234423742946898e-01,7.125550763550247968e-01,-1.966340235770520917e-01,-3.464499879871565241e-02,-7.732181992374174972e-02,-8.922045331741136620e-02,-2.827794456773991549e-01,7.097446964319761853e-02,4.965764381509035763e-01,4.858649369881788971e-01,3.264321667717664521e-01,4.762906110868567189e-01,1.119485736074942415e-02,3.649609539633946048e-02,2.085714568627589915e-01,4.766062304096215646e-02,1.161774050862130897e-01,6.605199931020355741e-02,-1.314340609921294326e-02,-5.885835815974411328e-02,-2.124504721842122579e-01,1.162849891749411779e-01,-2.930157237427253314e-01,-2.796000971886574149e-01,-1.747648263397211243e-01,-4.117765310085109709e-01,-3.844466217989055967e-01,-3.097486127872464690e-01,-2.803755274450627777e-01,-3.758679003123834295e-01,-1.940364955697594374e-01,-6.548261645105264428e-01,1.814482500751317395e-01,-7.426024634788887246e-02,5.447661955376232462e-02,-4.051669830842821729e-02,-1.451747174036791266e-01,-1.821125485612941630e-01,4.642721455425534438e-02,5.903003236670691933e-01,-4.960027585605756295e-01,2.285886411790418182e-01,3.967144086913118595e-02,6.219010392810271348e-01,1.305082811285573907e-01,2.614025772872880515e-01,2.107280397739988154e-01,3.033105571442861192e-01,4.537994808264456115e-01,3.618958412851092099e-01,2.561470639383668924e-01,3.924476258511051530e-01,1.942218950273819911e-01,1.286407370642081958e-02,8.685060445763287396e-02,1.735098846634191283e-01,-1.210159699528406130e-01,-3.416585590976250475e-01,-3.170434641003723741e-01,-3.228327642471017223e-01,-1.044688741756819722e-02,-2.961630375498937595e-01,-1.830979075060904793e-01,9.104356948753873635e-02,2.656718593487966129e-01,2.866322531756326786e-01,4.471850159534327407e-01,-5.885608612116394883e-02,3.785887818308494301e-01,-4.139551096655204043e-01,1.093902910970673409e-01,-6.303006711049512489e-01,1.256650491454720242e-01,-2.060706266220588972e-02,7.044546218414278471e-02,-5.602881950051138982e-02,-4.712498706607284871e-02,-3.009661540784823175e-01,3.600321232158307794e-01,-4.587679515807211450e-01,4.007905087260583699e-01,-8.672719677472674749e-02,4.362668607102895835e-01,-1.671422448483846357e-01,2.761215321878625617e-01,2.164766707002635793e-01,2.508485378654870188e-02,2.811872891259705950e-02,-5.060188800679374377e-02,-2.810780593241281600e-01,-1.121075342836315991e-01,3.221317624515919464e-02,2.714450473470653713e-01,9.768681667596096352e-02
-8.665992455035559372e-02,-1.001764665188717013e-01,-2.699158946562746908e-01,-3.891877632024576261e-01,8.370741294168456692e-01,7.882968362355855518e-01,-2.696159501068802200e-01,-1.580657650295902161e-01,0.000000000000000000e+00,9.059931877752627205e-01,1.304005307586263152e-01,-3.544466875399040345e-02,-4.506359284811228827e-02,-6.260441011114482868e-02,4.723121193835717047e-01,5.133562349204470188e-01,1.536810186828216004e-02,7.969457076948076313e-02,1.587746268332843047e-01,-5.253042070060644220e-02,-3.178069448272835551e-01,-3.401486381306388362e-01,-9.745227118280398726e-02,-2.555162380163876201e-01,7.269745624245885773e-01,6.318117925933236512e-01,-6.272238707484757703e-02,4.383442510567896466e-01,-1.242284143459439077e-01,-2.672523629871173534e-01,-6.799334532025628208e-01,-7.305206881613599545e-01,-3.554507282049947370e-01,-4.722015249767347878e-01,-1.787601977891704330e-01,2.526972950043550326e-02,-3.352960090630512369e-01,-1.556658129811603897e-01,-2.060555718575564077e-01,-3.546510581800994544e-01,-3.664192051557051966e-01,-1.168543217139928758e-01,-8.735909458328687538e-02,-7.412721399117221110e-02,-1.212908902601188416e-01,-9.782353929599930942e-02,-5.215331485548124757e-02,3.815871717529485396e-01,2.607121501062973148e-02,4.892949258789217742e-02,3.381100874191651784e-02,9.226977516626559683e-02,2.103827264465125690e-01,3.064828158756544019e-01,-2.790770922444846258e-01,2.159086102055161605e-01,-1.868207776570577350e-01,-8.045473253628131205e-02,4.185562588445780260e-03,-1.970581647641675774e-02,2.433137114460443007e-01,1.112265787618165330e-01,2.465433682480012989e-01,2.175156616428455467e-02,-1.006202907000594560e-01,-2.655596980074227675e-02,-3.659626819911216411e-01,-4.569078863324937401e-01,-1.320974660632605498e-02,-1.760919072347786329e-01,-4.622497469819650262e-01,-4.158807447138552771e-01,-5.258281870295085092e-01,-5.902513406689692266e-01,-4.160566189338262277e-01,-1.668476048685198221e-01,-4.797141874061209288e-01,-2.533946989237673697e-01,-1.319999752573945973e-01,2.348494213617620743e-02,-2.861262446153102768e-01,-1.741079168333909966e-01,-8.699049199200561966e-02,7.877319682991147654e-02,-5.272688314111878549e-02,-1.438385589186022273e-01,-2.951194649138601522e-01,-1.352927871593628817e-01,-3.889406139385346850e-01,-1.863635690511268247e-02,-7.423207731082263894e-02,3.770925860502121751e-01,-2.152469523299717080e-01,2.999314398156152084e-01,-1.052248028632560423e-01,-1.274712589450113231e-01,3.861362714066667035e-02,1.120171139540704491e-01,5.779531649670342774e-02,2.161139049721350347e-01,1.068894685710118121e-02,2.095643280384138218e-01,2.126271592948536862e-02,1.878166079018405987e-01,-3.339408337186139941e-01,-1.250313215411820444e-01,-5.119575620404178545e-02,-8.462686249321504928e-02,4.394878540909214620e-02,4.590566163613647721e-02,6.862958964774899806e-02,2.089408592246712326e-01,1.072380116468930472e-01,-5.085155238404278494e-02,-4.042402986144777444e-01,-3.219690090883538247e-02
-2.017348460215201145e-01,-1.094100769169917275e-01,-2.197627616770790326e-01,-3.120465853401613865e-01,8.626958909316005952e-01,8.747648812089343640e-01,-3.135949883682466188e-01,-9.143218362668706356e-02,9.059931877752627205e-01,0.000000000000000000e+00,-1.770051063201585895e-02,-1.233830338953913475e-01,-1.518321231734431620e-01,-3.434510887244938103e-03,4.929157091224383724e-01,6.352425014094845723e-01,1.277150214623370694e-01,1.714482041083760511e-01,6.634063027297493198e-02,-3.871573047838566123e-02,-1.214152581787149993e-01,-1.754694154161220709e-01,7.354611119135517905e-02,-9.730100142981371047e-02,7.758764903907281463e-01,7.316840512327584811e-01,7.990719193797976225e-03,5.277833126197936098e-01,-1.971167473836803741e-01,-2.475386841598815613e-01,-6.731368371867293421e-01,-6.460502407207926456e-01,-4.146175320807286568e-01,-3.697017323645462872e-01,-8.684497042338239214e-02,1.818509602396442826e-01,-1.352444746999687530e-01,-7.556466391978059784e-03,-5.215989865266724979e-02,-1.476140792460730322e-01,-2.920704665890528906e-01,3.278800426945111673e-02,-2.526651750370951799e-01,-2.207886431733654953e-01,-2.916659910364248764e-01,-3.083636060425947178e-01,-2.456376833816320548e-01,2.119145345051321738e-01,-2.077320221054327343e-01,-1.807303476919488172e-01,-1.440859034671962968e-01,-1.180142250837799278e-01,9.588707963554236879e-02,2.239833624136199353e-01,-3.228585584699564803e-01,2.377037229852773381e-01,-8.896253909360875289e-02,-2.807094697801976874e-02,-2.206799633269118655e-01,-2.071438387836225248e-01,4.074894936961471342e-02,2.403179438296038865e-03,1.447692654021381642e-01,-1.119274060872843014e-02,-4.526877068062246795e-02,4.781678784673704802e-02,-3.167920494243324225e-01,-3.570193442931510752e-01,-2.708306445805092402e-02,-2.080979149949676033e-01,-5.168431276583297374e-01,-4.801171968958806713e-01,-6.134939824140791531e-01,-6.414157152461973377e-01,-4.742939604706748469e-01,-1.731224259930422560e-01,-4.443208574527148236e-01,-2.584942174987346353e-01,-3.241862495484582746e-02,1.025783087264092036e-01,-3.083997694472349060e-01,-2.349436550712778182e-01,-1.442899477862574949e-02,2.197705649948547835e-01,-9.572976865811480551e-02,-1.981454347759388224e-01,-1.558802419265445938e-01,3.703489709155805693e-02,-3.119342928638435541e-01,-3.553051914515027027e-02,9.229683492186051275e-02,3.774029625283467637e-01,-1.997044703632021301e-01,2.269087911636827049e-01,-2.490764751032858715e-01,-1.854449448592891680e-01,2.868813166701857792e-02,1.033109405151801247e-01,1.554903168019350912e-01,1.709623388286791168e-01,8.925008575861091698e-02,1.358956482757756601e-01,1.154920696360390159e-01,2.828315385267549664e-01,-2.864387419056855788e-01,-1.250664993695869420e-01,-8.058746786394319073e-02,-1.744900356437930899e-01,5.889119435071080155e-02,1.880893029260412991e-02,8.615034250228346957e-02,2.435494225296493398e-01,1.766710128422538939e-01,8.020009466774180584e-02,-2.786922497387490094e-01,4.529179840552288033e-02
4.749213780719739320e-01,5.524038978907902520e-01,6.498514223770204823e-02,-3.685477672355005896e-01,4.821311241355886318e-02,-1.182310124174917043e-01,2.675466819985931055e-01,-1.998923678034615903e-01,1.304005307586263152e-01,-1.770051063201585895e-02,0.000000000000000000e+00,3.867950883349886015e-01,4.503596787915146726e-01,1.431004319451996132e-01,-1.478620082978407586e-02,-2.181703787953913343e-01,2.593933394289011929e-01,3.665283734702411422e-01,4.371839876348710963e-01,1.277255536566997696e-01,-3.274180126133934277e-01,-3.550693357818696660e-01,-4.844141379565002903e-01,-4.034334588592499715e-01,-1.455903039862579407e-01,-1.304204481987097930e-01,-1.331671565133815960e-01,-1.421428598013653732e-01,5.721468534212953427e-01,3.154380816293347878e-01,-1.357794438475889987e-01,-2.891193447684909379e-01,1.829296444678066846e-01,1.124168640055767457e-02,-3.161631303153979999e-01,-3.050030889859576266e-01,-3.155888734543346175e-01,-2.513288901579738277e-01,-2.374733592314843544e-01,-1.560593421387304058e-01,-8.371699340013384616e-02,3.697564183635741741e-02,-7.217309590071060987e-02,-1.058131490926695339e-01,-1.220569493902669278e-01,-9.328703714903038499e-03,1.578223596572652931e-01,2.212658944712816156e-01,1.810577666186398704e-01,1.581302421822123883e-01,1.124942183206834902e-02,1.001232195223806243e-01,5.349469133492583406e-02,1.106505437617366777e-01,6.189406104355988508e-02,-2.560524983637863222e-03,3.880951364734730458e-01,5.272898912132183424e-01,3.615916431106740991e-01,4.384411430154017686e-01,4.466654452611532045e-01,2.556428071557083695e-02,6.149202171184434684e-01,4.899633932751644161e-01,-4.398701124842355203e-01,-4.343684937783962030e-01,-3.216515864170357286e-01,-3.963455883842328387e-01,2.134526659339522070e-01,6.247782781963456128e-02,-9.230458856749287899e-02,1.534194533534302685e-01,2.611196633459097471e-01,1.992201304336600753e-01,-2.901939641528661351e-01,3.325624024695862380e-01,1.580274702884749416e-01,2.182174306708108136e-01,-2.969005225943283088e-02,1.033079447272731710e-01,3.743672545838819810e-01,4.043835891538604121e-01,8.687558871312292888e-03,-4.474254211069191196e-03,-9.354256814417534482e-02,-3.311251773157926626e-01,-3.736661091679827629e-01,-3.379152476954511708e-01,-3.017225745917585522e-01,-1.322270746131762043e-01,-3.283350089621479007e-01,-1.059108089911967379e-02,-3.665602047083981185e-01,-3.111905968444586557e-02,-5.647887113573310525e-02,3.914541113896413682e-02,2.115505085810887587e-01,1.603766916589471070e-01,1.630160736079280526e-01,3.311960191283725430e-01,-4.478873415797006430e-02,1.564619478994671298e-01,1.289075856729311048e-02,1.235825978911308382e-01,-2.689583071556226335e-01,-2.002826825425143009e-01,-8.737284104597273227e-02,-3.381067211976427483e-02,3.026615276431520937e-02,5.622158464023176150e-02,2.290459837069191984e-01,1.502555289918833525e-01,-4.953645999823672041e-02,-6.822038893801375681e-02,-2.005020633956740850e-01,-1.465767563660601291e-01
5.275036957307531749e-01,4.918642958082097838e-01,2.959421165261348907e-01,1.616383933580924914e-01,-1.922617609341956135e-01,-8.351117518760282910e-02,5.541080852838504711e-01,4.821660804895457342e-01,-3.544466875399040345e-02,-1.233830338953913475e-01,3.867950883349886015e-01,0.000000000000000000e+00,5.623859689076761148e-01,5.494302526311346524e-01,-3.091150928312652243e-02,2.015035328070109363e-02,-2.979065260199711962e-01,7.527184628690073223e-03,4.788453352847359401e-01,6.456295985780401425e-01,-2.723961578276751783e-01,-1.731362180704140719e-01,-2.381815115732752730e-01,1.707379793488747119e-02,-3.401714237194555790e-01,-2.078675703931279761e-01,-2.181940728696463994e-01,-1.611506261424071051e-01,3.221241565506005600e-02,2.351360476328423210e-01,8.956214204734848361e-02,-6.586652459400535106e-03,1.737077032420808465e-01,1.735312572867119818e-01,-4.689186843895642998e-01,-4.304415331049064597e-01,-1.767442621484038856e-01,-3.621416529783937355e-01,-1.917239692459984934e-01,-2.628326742992336817e-01,-1.899090591477220202e-01,-2.061689387844842236e-01,-8.659697808217081683e-02,-5.865746954729623985e-02,-2.882568357587078078e-01,-1.248638523054072941e-01,7.901584353856197507e-03,-1.884855219394855341e-01,-1.103103545472465946e-01,-4.132663128390273027e-02,-1.632116798701249982e-01,-1.304350048836826481e-01,-5.157155934564312816e-02,-2.415939819509071163e-01,1.298781046880210788e-01,-2.892093476065736302e-01,1.631419857657068762e-01,2.176707511831062480e-01,8.399690574916308938e-02,2.755985756422577038e-01,3.070119958196292353e-01,4.663150719594267857e-01,1.444459658261971480e-01,5.438446269563775859e-01,-2.716429320055924190e-01,4.167723221672042094e-02,-3.300940792266084944e-01,-3.020320830165830195e-01,3.133361549655425682e-01,1.247888538984184004e-01,2.701420162191348617e-01,1.782683629022198957e-01,2.727633646689402447e-01,3.266912031127695570e-01,-2.031512913356015720e-02,3.031306712959617733e-01,4.838873452430347138e-02,1.439034588873688847e-01,-2.904975450471912191e-01,-2.197080174396411900e-01,-1.262277398266030692e-01,6.812951558024216148e-02,-1.045679786080584428e-01,-3.253053681793705576e-01,-3.102047493468777506e-01,-1.007859988425777453e-01,-1.643605952023667882e-01,-2.919805057410809757e-01,6.989195468752724960e-02,-1.477392035097551126e-01,3.195963348604266563e-01,-1.861054982574230354e-01,4.702720725954685072e-02,-3.057214371030079758e-01,2.320596983205620856e-02,-1.086778342111199558e-01,-7.689855267675002604e-02,-1.755751787488714355e-01,1.177004954218125593e-01,-7.000040916434469018e-02,1.215286114501810955e-01,-8.387275317469525260e-02,1.133845209236646889e-01,-2.042286798940643466e-01,-7.553780536980657379e-03,-2.979593159512283207e-01,1.286007043678918244e-02,3.045497174878674350e-03,-1.931503832051882641e-01,-1.525523578478962805e-01,5.979602982632546172e-04,-1.297822606880399410e-01,-1.102075508829269412e-01,-1.608496013355314447e-01,9.620388012265836120e-02,-6.584357353615817587e-02
5.215443753685630179e-01,2.967962402222938390e-01,2.978662870436378229e-01,3.054237007234415491e-01,-1.782424474575459994e-01,-1.292506864028978020e-01,6.372815423287223613e-01,4.630387628749279005e-01,-4.506359284811228827e-02,-1.518321231734431620e-01,4.503596787915146726e-01,5.623859689076761148e-01,0.000000000000000000e+00,5.002671034657947269e-01,1.983106749898594645e-01,4.711969260956531264e-02,-2.717187477108004567e-01,-5.746839749930700986e-02,3.082587029878763873e-01,3.063521559995803778e-01,-9.556677324954309521e-03,-2.418993707793822001e-02,-6.762215708388932822e-02,2.160136120013975980e-01,-2.965679870481844338e-01,-2.295519167632476543e-01,-1.819342760944948068e-01,-1.381272599912787002e-01,9.389954250562869420e-02,2.417205536458270076e-01,2.628113166677584767e-01,1.812821777274981894e-01,4.652885718874415488e-01,2.988553256021730942e-01,-7.300016989957164304e-02,-1.825514392974521283e-01,-5.089414024757490246e-02,-1.530834212533563055e-01,-2.362940984491027421e-02,-3.381247413083869613e-02,-4.979838115319194097e-02,-2.259471489073180406e-01,-2.138973774585434529e-01,-1.559405738615880430e-02,-2.115773118804042396e-01,-8.314848854941600531e-02,-1.592091890287391509e-01,-1.353767657835262817e-01,-9.132673962804999102e-02,-1.282755010840452891e-03,-1.750115706569993212e-01,-1.040749733405445243e-01,-1.445533931032952080e-01,-2.878980534102670852e-01,2.026752916654385103e-02,-2.404781634295547962e-02,1.217083270095909719e-01,1.342673367990124544e-01,1.675961277313230413e-01,1.584283359887044274e-01,5.158504798501523103e-01,5.234620289372519109e-01,1.773927589038799824e-01,4.179256291443564919e-01,-1.694712426444250075e-01,1.234540038687114150e-01,-7.351984398383869246e-02,-1.116650884150904854e-01,2.356374276804334700e-01,2.409112820590152415e-01,3.689238902873294701e-01,4.839822434896852155e-01,4.065394139383988747e-01,4.484362926278778749e-01,-4.486228903611697016e-02,2.495446761786683232e-01,2.239483356252184865e-01,2.558090968341762972e-01,-3.031577245777075658e-01,-2.691449457287080071e-01,-9.052864912299096734e-02,-1.131889064173941944e-01,3.758512457514671945e-02,-2.795020895213085055e-01,-9.999990613888241897e-02,-9.230591594417673516e-04,7.712228108050502365e-03,1.836709130605992946e-02,1.961085580311427157e-01,5.733459220979594817e-02,-5.171393371040351739e-02,-5.080494211127213611e-02,-1.932165185590956624e-01,-2.401319563585685712e-01,1.071473392398688586e-02,-1.533231439797712314e-01,-8.015345727492650951e-02,-2.109483274320629320e-01,-1.528291049662259538e-01,-1.220147262313407421e-01,1.068737285218505501e-01,-8.882431500806406421e-02,6.130052122123653274e-02,-8.024587258040900839e-02,-2.911974013950134263e-02,-1.464744730566407971e-01,-2.831834117663340963e-02,4.134861746151004963e-02,-9.515641573882936688e-02,-1.886784649561661364e-01,8.105051865435479452e-02,-8.994848497343817251e-02,-1.288463934072251738e-01,-2.426215978887676372e-01,5.582011944547670551e-02,-1.833044852840013395e-01
