0.000000000000000000e+00,5.633023818674449679e-01,1.039028446121876836e-01,3.822917136068158805e-02,2.338231055934517355e-01,-2.518562786351154492e-01,6.891046826225098731e-02,-8.476329891217020129e-02,8.429060844564266464e-02,1.518211528531700494e-01,3.585309390645561867e-01,-2.396126753030916878e-01,1.634614308299814009e-02,-1.782902505228420309e-01,-4.126552722763093817e-01,-4.365867440498734098e-01,4.202005000240661703e-01,3.836491285681515317e-01,4.637205333103646132e-01,5.307843876482126744e-01,-4.035491189012408997e-01,-1.742542072367027628e-01,1.345705018727467173e-01,7.832631940222643807e-02,-1.823576970490263516e-01,1.184330188573224363e-01,2.396484517480957088e-01,3.243287503815495132e-01,-4.562104956770061948e-02,-1.137400326095931447e-01,6.305582950531972430e-02,1.668478505568407599e-01,2.519307111823059220e-01,1.828244649343486183e-01,-9.846032646915477138e-02,-1.526817871518124092e-01,-1.313366209591501632e-01,-3.058000456065853578e-01,-3.300421315532823252e-01,-3.290933267549349117e-01,-3.024301953519412112e-01,-3.558519249870500945e-01,5.344330892781750525e-02,9.460855269573789639e-02,8.490740687658367147e-02,2.338031007853365595e-01,3.768322316609040157e-01,3.067047269329752357e-01,2.506189488599140924e-01,3.957941202045410778e-01,4.042308752866854427e-01,1.146383860437604069e-01,2.534278885592470276e-01,1.287073047507304446e-01,3.220962105356615091e-01,-1.577742100670906922e-01,6.040704246240292674e-01,5.628084086675463338e-01,3.104606655033653184e-01,2.490284270047803117e-01,3.366738467068971508e-01,2.355747199698127736e-01,2.964749238538960108e-01,1.417541128171722065e-01,-2.111739778093652542e-01,-2.549924265876920004e-01,2.367509693596107218e-02,6.846138845077910651e-02,5.285626834624060910e-01,5.847645073934407689e-01,-3.030008347144679814e-01,-1.330589708049004782e-01,2.992878821852445470e-01,2.318409559995270319e-01,1.842002732745642302e-01,1.691552992987025578e-02,9.002278033845067867e-04,-1.065782214196463185e-01,5.763821522124755459e-02,-1.080458519909970189e-01,1.234966878486557298e-02,-1.564170624182415481e-01,-2.834477679484795343e-01,-3.470405141729708265e-01,-4.021227244709141280e-01,-5.528618257803050717e-01,-4.173170914752415417e-01,-2.990486339310636787e-01,-3.023719984134193850e-01,-4.363817040821280635e-01,-1.248645960933265214e-01,-3.708271099926054859e-01,-3.665780298059889142e-01,-2.786304556197527482e-01,-2.003616603709253152e-01,-2.403498027730601172e-01,-7.578725404705760615e-02,-1.065831310670219481e-02,3.328656962289990862e-01,3.016993301298717123e-01,9.738518432019961646e-02,-2.083460357175328237e-01,-5.744461892950445542e-02,6.794362480969529106e-02,5.080646771543946560e-02,1.121036274069336924e-01,-7.732666684012469427e-02,-1.929379388238350590e-01,-1.236823479253548463e-01,1.296529109991889361e-01,3.688533450297521582e-02,1.554660925794309478e-01,7.097926462795263458e-02,3.899120056776431923e-03,-1.426228532161550877e-01,2.175223331410246208e-01
5.633023818674449679e-01,0.000000000000000000e+00,4.673827849938352180e-02,1.330651568719261046e-01,4.569673915727401892e-01,-9.707388769304632625e-02,-4.725538162701585776e-01,-4.269755344324990265e-01,2.554446459507610512e-01,2.738378288928704496e-01,1.666438336110254714e-01,2.370176782433183749e-01,1.351720400884074413e-01,6.877634555427125651e-02,-1.283465865940520145e-01,-5.965846324511350773e-02,4.466508618979904699e-01,5.076389848942672867e-01,4.673752015994758757e-01,4.898354894246663149e-01,-3.788156717138920215e-01,-1.000839132532404911e-02,5.102999332806930077e-01,4.043285270891994188e-01,2.466265466033315812e-01,4.319989995266707017e-01,5.199239864837499336e-01,5.077798160205799771e-01,-1.566800637820325026e-01,-6.287888083134310357e-02,3.815870155605666225e-01,4.042329158030544822e-01,4.073540608615959235e-01,3.001312430203175730e-01,2.545428583188382721e-01,2.155100439711155405e-02,2.006774643278433912e-01,6.209853411902684778e-02,-2.812321618296330095e-01,7.592547456281634709e-03,-8.152983343845673914e-02,-1.277021342020117634e-01,6.689461296777249322e-02,7.890128021126917301e-02,3.797111453963012417e-01,4.379161513439206455e-01,4.702231434989821990e-01,5.062938400280132534e-01,5.245068572906218529e-01,4.793840408660166585e-01,4.626549811201514650e-01,2.172088865625420862e-01,4.840669184644663670e-01,2.493224044097444303e-01,5.304764263140002711e-01,8.092910344303461123e-02,8.349109535315671904e-01,9.095733130755713214e-01,1.342381717009577258e-01,8.711637433890737081e-02,1.578857875499969643e-01,7.726530552871520297e-02,-1.021247326231866925e-01,-5.855732856410903603e-02,-8.420191924583225740e-02,-2.757337571941499976e-01,2.025769334316924186e-01,9.102014981456171827e-02,6.649324213662847205e-01,6.950708693339575639e-01,-3.121904306557460318e-01,-1.114355505024062776e-01,1.638707481064782534e-01,1.165691283416607493e-01,4.539255431826504789e-02,1.608162250097898427e-01,-9.408923097025424787e-02,-3.323137270453996872e-01,7.872181999535916852e-02,-5.498634671823989656e-02,5.927393991699337478e-02,9.571089738838327310e-02,-9.307513317611171288e-02,-9.318924705835612832e-02,-1.892692799634375089e-01,-2.905589808405324992e-01,-8.737948791794748760e-02,-9.536882297087645455e-02,-5.683776618723370699e-01,-5.583200023932248790e-01,-1.731876447733152469e-01,-7.296574046324952878e-01,-1.104686652139800357e-01,-2.269882697615353551e-01,-2.462241550804328272e-01,-3.572103439317287354e-01,-1.520318018541924054e-01,-1.313673319425668479e-02,1.167905966463025497e-01,1.309889970152752492e-01,2.032220407260172113e-01,-4.935514374952356120e-01,-1.907269032721563840e-01,-8.153012691683336755e-02,-1.549477584302556277e-01,-3.131222327196656746e-02,-3.779416176963654173e-01,-4.844854076910252716e-01,-2.246215587735471975e-01,1.861089512078846209e-01,4.355693830797033317e-02,1.901067823036407811e-01,-1.892689766973290610e-02,-2.417557365367715150e-01,-3.878374933709492489e-01,2.193491227364968987e-01
1.039028446121876836e-01,4.673827849938352180e-02,0.000000000000000000e+00,4.249255970850036590e-01,1.745380943256842343e-01,1.451924975020442710e-01,3.192373151041836832e-01,-1.374922853293265024e-01,2.513609444958673778e-01,-2.559087842757461484e-01,-7.854280432023402758e-02,-8.994226328477746002e-02,2.666896519957786538e-01,-6.853363521504150790e-02,3.644051010244710453e-01,2.207863878179803507e-01,-9.132148893116860677e-02,-6.060686384637854751e-02,2.685422632212345340e-01,2.076575773731661190e-01,1.117574648620975747e-01,-4.568935509736583161e-02,5.468400054862948556e-01,5.571079335693518431e-01,4.222277698807954116e-01,1.702265149576638326e-01,1.579241753582601715e-01,1.145158639865675454e-01,2.038460561293388776e-02,5.179283238336372663e-02,4.032674240649967157e-01,2.324189212287854911e-01,3.953438429297477241e-01,9.864307685882905963e-02,4.219493820762165726e-01,3.312584911444447777e-01,-1.634153333925097637e-02,5.759837555247857011e-02,6.632498511725738732e-02,2.481435972102016135e-02,2.878898613417813501e-01,-6.203614397865139102e-02,-3.246304192386054721e-01,-2.554614786530929882e-01,2.245337533528906082e-01,-7.423659950326298718e-02,-2.202949016599218823e-01,-2.416232431839174244e-01,3.488520697227699002e-02,-1.197619635469077126e-01,-4.047488552750617696e-01,-3.645894406131896526e-01,-1.686113233968903613e-01,-3.181037961808308445e-01,-1.923772468242735123e-01,9.994711613953384532e-02,6.212589782323977433e-02,-7.080132564302762770e-03,-3.680639364885224252e-01,-1.673696524768027993e-01,-3.925678374635849233e-01,-2.334494736982956065e-01,-3.488557157952429932e-01,-4.592879445620166590e-01,6.869779515133349612e-01,2.584194066716634652e-01,4.198116519193083040e-01,2.115628315721909125e-01,-3.785310617641360342e-02,-5.791930524858643348e-02,3.618752727554207932e-02,-1.504870066228967615e-02,-1.826524053641314649e-01,-1.923686133189532466e-01,-7.909234320297951759e-02,-2.628240070860369815e-01,8.023681385743787475e-02,5.263860409493509307e-02,7.009522467594916928e-02,2.082469509080225600e-01,-2.804963855110496618e-01,9.079990567088214518e-03,2.996863682985602753e-02,-2.718566624313459995e-02,1.717001768821661278e-01,-2.479316587431473415e-02,3.091174143916774475e-01,3.203361187935701571e-01,-4.549764926903365758e-02,1.620733837858192306e-01,-4.505665198185391240e-01,-1.225220630011655820e-01,-1.649811471443577704e-01,-2.162708997344211237e-01,1.639199479606373300e-01,-8.836573532793073893e-02,4.224140456922546166e-02,1.914686448908788780e-02,-3.021257824198891884e-01,-2.490772647369482173e-01,-4.076052987033140229e-01,-3.987256422599059769e-01,-1.102712655835860894e-01,1.064015139705531132e-01,-3.388865310474353243e-01,-1.763836734841703335e-01,-1.718198300625312924e-01,-2.282258711492976544e-01,-1.753426963868808530e-01,-6.266546870267914598e-03,-6.952833545098265067e-02,-2.944406793723386428e-01,-5.543821460407013513e-01,-1.444274012129940499e-01,-4.040754495782160616e-01,1.238060142212846770e-01
3.822917136068158805e-02,1.330651568719261046e-01,4.249255970850036590e-01,0.000000000000000000e+00,4.675026307547106019e-01,4.285029722125090201e-02,8.937522889206898913e-02,1.493743186107881760e-01,2.379390364918648471e-01,1.566662455876899340e-01,-1.550925066860440737e-01,1.760600547783147674e-01,2.460576354316760389e-02,-6.263656546045483220e-02,1.386082767772516822e-01,3.809282440281309690e-01,-2.126432945821205289e-01,-1.135858837035231828e-01,3.939997741912323881e-01,3.455161184054600376e-01,-2.749298500726613526e-01,5.685117347581875036e-02,5.589592949454985638e-01,6.359270641566121540e-01,2.091722864985540442e-01,4.581634973226956231e-01,4.336255447047867029e-01,3.857634319764846054e-01,-2.216958491337273629e-01,-1.799495325835362147e-01,3.855792196434806307e-01,5.413967502237839735e-01,4.014138346295377802e-01,3.109596684382638365e-01,5.228898453105311761e-01,5.567778989585999705e-01,8.759892053778722820e-02,-7.942016352198975893e-02,-8.127082893440368272e-02,-8.707374516206521642e-02,-2.062550297854602241e-02,-1.889225169206383836e-01,-9.620429166030562695e-02,-2.190604492285464500e-01,-1.544863537276866816e-01,-2.112756335083330050e-01,-9.728249100767133797e-03,-2.928980538512237705e-02,-1.470988892810770055e-01,-1.694321398550032165e-01,-2.127566404652856957e-01,-2.263939660460456416e-01,2.645411796915521085e-01,1.204381675171070226e-01,2.299548296327020014e-01,2.657612618027179741e-01,5.289143500230797379e-02,8.840145552332971668e-02,-1.160058054131696548e-01,7.246571953655103759e-02,-1.549298347201564785e-01,-6.312953156774436803e-02,-3.537882210366750102e-01,-3.752814712265895025e-01,4.366053018560612786e-01,2.449608613233938414e-01,4.091591117314274384e-01,3.020556676002207896e-01,1.500332717864800713e-01,2.081315134011176848e-01,-2.578359513898081379e-01,7.117473116569125735e-02,2.423254958108067292e-01,9.720142375803483836e-02,2.783563517733997350e-01,8.291244459491400876e-02,-1.690116687094804782e-01,-9.527522178743748349e-02,-1.537972724882558095e-01,-7.154480514194545837e-02,-3.957203441049035320e-01,-2.215135901650047145e-01,-1.178392990074527830e-01,-3.384090382959684118e-01,1.574938872282952429e-01,1.504952166721378881e-01,2.082720993488370101e-02,-7.937118497763878677e-03,-1.362042853468006243e-01,-3.061034734152825315e-02,-6.906940294364848076e-02,-1.814774409080596729e-01,-1.043128163382064655e-01,-1.002845991348023935e-01,-2.417852256220646145e-01,-2.526989529967491044e-01,-1.815182133566704270e-01,-2.223357561161526663e-01,-1.165793246614970913e-01,-1.159644595627067620e-01,6.438043981881819144e-02,-2.117166498741018532e-01,-1.297641548581145166e-02,-5.104318744113549300e-02,-5.268755871941157437e-02,-2.956234612800304890e-02,-1.721518198331803418e-01,-2.152699422984054312e-01,-3.990712153459812228e-01,-2.646792229318892242e-01,-1.794595396915009966e-01,-9.484646254380632580e-02,-2.017150716472521366e-01,-1.490271453296522775e-01,-1.427461190553838133e-01,9.285408356923781359e-02
2.338231055934517355e-01,4.569673915727401892e-01,1.745380943256842343e-01,4.675026307547106019e-01,0.000000000000000000e+00,4.399994785411994735e-01,-2.971601678481365916e-01,-3.230960705445554138e-01,7.520244043733289585e-01,6.447012543380643557e-01,1.838317489364733603e-01,1.677705007839509488e-01,2.939983851115818836e-01,1.491869901499066550e-02,1.899193661933366584e-01,3.365405283984398976e-01,3.124643290018221387e-01,2.073748934350811979e-01,6.035896409401351193e-01,4.202492960230913566e-01,-1.981034836848396818e-01,-3.656140192726057420e-02,6.194217240967687665e-01,5.632709350401360338e-01,4.813837744391221696e-01,7.001339630677532178e-01,7.920500795929261706e-01,5.866723736297655423e-01,-7.836865401589605817e-02,-4.752697902839105731e-02,5.007797197856924676e-01,6.151305144651635359e-01,3.623140510848920637e-01,2.516655029974908531e-01,4.536796981539552021e-01,2.208336682205021273e-01,1.276181194498214599e-01,-1.877374211372680179e-01,-3.264173400526802493e-01,-2.164897629182309380e-01,-7.831010012543243581e-02,-2.605595392336318428e-01,2.235612685529924509e-02,3.870840941181516448e-02,2.719431336559616219e-01,2.045035897962610150e-01,2.340087620617396780e-01,3.124864356094905760e-01,2.509698064170795551e-01,3.199633532208852049e-01,2.478670050212031517e-01,1.322040751446487521e-02,3.982639027699980128e-01,2.710930040401955954e-01,2.909520735699956395e-01,1.681359480507053361e-01,3.477073248072550249e-01,3.994150629443679601e-01,-1.971735409694491958e-01,1.047729417682574833e-02,-5.504044077825336057e-02,-2.442809449570748082e-01,-3.479056066755756849e-01,-4.238680371990223295e-01,1.941999942418019542e-01,-2.068628417294985922e-01,1.761166898979904805e-01,-1.813226923536111548e-02,3.398786612470099389e-01,4.375915494759255453e-01,-2.286579255561816681e-01,4.264793446567966689e-02,3.203967095447608493e-01,6.772033337172514433e-02,2.096421984507374769e-01,8.427458095178959330e-02,-1.901956345627812406e-01,-3.621340441452521874e-01,8.755143611109850177e-03,7.923553180713435728e-02,-5.622223500755799130e-02,5.279594040945342903e-02,1.321983432063816247e-03,-1.160607238068636915e-01,1.148250534712905689e-02,-1.567707575147714583e-01,-9.020360770251770188e-02,7.949349898457547248e-02,-3.860293268848732362e-01,-3.908489456028404474e-01,-3.298916334145386986e-01,-4.107766327261315187e-01,-2.454534246221732816e-02,-5.318878190064527806e-02,-2.248592181613830732e-01,-1.701242315897678326e-01,-1.291055065480316566e-01,-7.386548822297814287e-02,-6.310595617210737474e-02,5.373236602445725929e-02,6.846052496659434106e-02,-1.816052703807787549e-01,-2.221822170657738182e-01,-8.013903030520483362e-02,-7.527604299875674532e-02,1.735835316877263820e-02,-2.819469139480775266e-01,-4.893769590228825295e-01,-3.154482730335831930e-01,1.700383861849646613e-02,-7.301272065019655255e-02,-3.543500423287664763e-02,-2.961842327144527040e-02,-2.353145608144788237e-01,-1.118859893209498552e-01,4.513220233635711343e-01
-2.518562786351154492e-01,-9.707388769304632625e-02,1.451924975020442710e-01,4.285029722125090201e-02,4.399994785411994735e-01,0.000000000000000000e+00,-1.744711417681974186e-01,-1.979832043883966719e-01,4.225482178825533675e-01,5.181769250157514106e-01,-2.425775836580222888e-01,-9.361952814024281089e-02,1.233451162906111370e-01,-6.160391308534582389e-02,2.242187125072406528e-01,2.882083036728451120e-01,-7.256272561178657432e-02,-2.090611563803969897e-01,2.614724103155379731e-01,5.071763876215982375e-02,2.838493478312318352e-01,1.434689880296824253e-02,2.580431472967623652e-01,2.041578529988959667e-01,6.267463817642944246e-01,4.711609679488132363e-01,3.920195854644351607e-01,7.054781306517861339e-02,-9.330009072694114836e-02,-5.224576546832931934e-02,2.832295447902490881e-01,1.069307464083411041e-01,1.931622205692636873e-01,1.354118158951760076e-01,3.186739834504359048e-01,1.664960024635055436e-01,-1.167203747187336715e-01,-8.588261171564712249e-02,3.698908799377999962e-02,4.658224690896397430e-02,1.693191009083107601e-01,2.117092698666421524e-01,-1.343081530181083616e-01,-1.637993910161424926e-01,7.160512873017307878e-02,-2.363390268562459151e-01,-2.893497592488881720e-01,-1.886131366582647906e-01,-3.267946243859804617e-02,-9.095059887969526857e-02,-1.595141501267487993e-01,-4.786795395341539305e-02,-1.811570363246894078e-01,-9.633172712183436098e-03,-3.431923589664369056e-01,1.153940444348305200e-01,-1.395362231619781124e-01,2.711117356194686027e-03,-1.533739236783802917e-01,1.254979565374358397e-01,-1.735335427054215396e-01,-2.150392016198571510e-01,-4.729309328587114059e-01,-3.330522985222095778e-01,3.099655812364482954e-01,9.905880903695141182e-02,2.224093518860732199e-01,-1.501395840528071263e-02,-1.064103161122519417e-02,-1.586915711601622272e-02,1.009254776731878262e-03,-1.694494262956862396e-02,-1.937522974075590598e-01,-2.730495004319102303e-01,-4.134835973483032973e-02,2.725084971384534108e-02,4.447980091986340062e-02,-5.985018688543491949e-02,-1.601118473095889116e-01,1.407832581371588898e-01,3.719674380608053305e-02,3.181780294543331555e-01,1.252635663637127195e-01,2.820387097418205480e-01,2.058223451137150550e-01,3.449299696479018462e-01,1.300389881316383056e-01,2.908368975902770326e-01,1.191317378581460695e-01,2.421747990966112984e-01,-3.858889336277727122e-01,7.480083314693321273e-02,1.796134279803701661e-01,-1.767347887361012115e-02,1.393128872597303343e-02,3.017461954803479806e-04,-5.293510687898503320e-02,-5.213911799372156902e-02,-5.189361143282151811e-01,-3.721952938228194063e-01,-2.971992174311626767e-01,9.759260655575809074e-02,-3.757943328024571095e-01,-2.088885024827628334e-01,-4.696605330074563739e-02,7.658824655322905850e-02,7.606057014185844956e-02,-9.667595819496220544e-02,-1.494957954097081432e-01,-1.187355737840983527e-01,-4.015937448624877504e-02,-3.554737372853955524e-01,-2.045769590970242247e-01,-1.225103131435262976e-01,9.015818832555703988e-02,2.843423466409534806e-01
6.891046826225098731e-02,-4.725538162701585776e-01,3.192373151041836832e-01,8.937522889206898913e-02,-2.971601678481365916e-01,-1.744711417681974186e-01,0.000000000000000000e+00,6.331599769678404321e-01,-7.543155369694132251e-02,-3.939595673591949621e-01,6.441763604200384519e-02,-2.714552751965196298e-01,1.250011405078901017e-01,-9.898239994023488864e-02,-2.098462401405891964e-01,-3.335111097512253875e-01,-4.568592119939218765e-01,-5.038297304606274007e-01,-1.535415038377891950e-01,-1.108772956545241578e-01,6.190543832059666567e-03,-2.256374367927347357e-01,-1.668247549979057776e-01,-1.984780669026687816e-01,-3.457523462989769425e-01,-4.526555850140343562e-01,-4.679128304773487179e-01,-4.265762367582227599e-01,-1.372575064089714136e-01,-1.313806023618109553e-01,-2.010241388348170122e-01,-1.847770326621043235e-01,-5.776537490165841587e-02,-6.374001918945264300e-02,-1.180316848743629687e-01,-5.539177516581234029e-02,-3.159748462434522898e-01,-3.601809602742838679e-01,4.601018363128334121e-02,-2.305517580866203453e-01,-1.609023797120849308e-01,-1.900985256931473633e-01,-6.179214585548996330e-02,-7.208928401630157468e-02,-1.257293425945726073e-01,-3.475535836724260030e-01,-3.969045460733960917e-01,-4.163371433470582361e-01,-2.237175116970755717e-01,-2.010971301006188872e-01,-2.655815440436345987e-01,-8.179784032267925498e-02,-3.597442466131405281e-01,-2.377091718652083463e-01,-4.749615418528484456e-01,-2.151359953021151350e-01,-4.733700313540681881e-01,-5.137644277996125108e-01,4.550375527018161309e-02,7.345536940427292716e-02,1.954344814023542265e-01,2.687930035310786003e-01,1.053222276801606960e-01,-9.587922011345419160e-02,3.712347273528425196e-01,3.380095438515824946e-01,7.053594316354512561e-02,1.417590773408206606e-01,-5.048177536758358119e-01,-4.213431059500681308e-01,2.108356450887053091e-01,1.367863312389719088e-01,-1.082014331068790747e-01,-2.386047494941613556e-02,-1.828390379268154120e-01,-3.089803752960399441e-01,1.913765349154798179e-01,2.641045964319063133e-01,-2.387693623679158494e-01,-1.569661877227805924e-01,-3.815940951013809257e-01,-3.440681601535221512e-01,-2.992292182373265663e-01,-2.858880043683925676e-01,5.901135234517684847e-02,-8.256930505422135913e-02,-1.879820564219036316e-01,-2.629219339361520413e-01,2.899031319122181705e-01,2.255561123620054287e-01,-5.849575123845442148e-02,5.387192904439292995e-01,-2.647277964343647816e-01,-7.461892436773005788e-02,-1.136491136474442332e-01,-1.189195785526894478e-01,-1.232112746962516769e-01,-1.884768821066636901e-01,-6.484493703463029002e-02,-2.324599953817393649e-01,-2.901364053726664394e-01,3.462460736557869678e-01,-1.160355863912230917e-01,-5.305625226100939631e-03,2.062118380646250082e-01,2.356990959120216778e-01,1.792226111623910212e-01,1.516660911369130116e-01,-1.047708451381279132e-01,-1.762054088862588241e-01,-9.021786588911395732e-02,-2.764971108245392606e-01,2.841192598924768831e-02,1.837968782085569464e-01,1.514737164459791230e-01,-5.836422612970049162e-02
-8.476329891217020129e-02,-4.269755344324990265e-01,-1.374922853293265024e-01,1.493743186107881760e-01,-3.230960705445554138e-01,-1.979832043883966719e-01,6.331599769678404321e-01,0.000000000000000000e+00,-1.952888175065664034e-01,-1.526924278949755576e-01,5.140764562275815241e-02,-4.575721661325827909e-04,-2.015494996625629906e-02,1.236954921897473886e-01,-2.875468360574007232e-01,-2.027115512226297933e-01,-5.623638456441660827e-01,-5.047278571830604577e-01,-2.429889398096956032e-01,-2.537395413881478601e-01,-1.714565227307724704e-01,-6.080026633657446833e-02,-3.954237757740545756e-01,-3.628420749761090969e-01,-4.703152287139221177e-01,-2.649531199310797835e-01,-2.775317428981788348e-01,-2.363602531598121836e-01,-2.808737350213144635e-01,-2.716132846869829809e-01,-3.825567752254658282e-01,-2.538907733358857777e-01,-2.695923923340741157e-01,-1.109434387585554599e-01,-1.722902776366478650e-01,-5.217648684681041454e-02,-3.039319350647829987e-01,-3.305025769810985281e-01,3.266653669387355879e-02,-1.734039001757280707e-01,-3.345388803797908484e-01,-1.862728919807062622e-01,-3.471934808407802636e-02,-8.640160911529903842e-02,-4.183134959992503288e-01,-4.477908393189557468e-01,-2.770202985366913562e-01,-3.352732592916871091e-01,-4.211597471488515154e-01,-3.240683146754351762e-01,-8.803631391468520750e-02,-9.676577254764019698e-02,-9.784261118099299437e-02,2.322233369970493413e-02,-1.974494046580153594e-01,-1.268400845679988065e-01,-4.361401610777690951e-01,-4.527869410916209314e-01,3.818030527436774291e-01,4.044220651606676431e-01,4.615655215966721903e-01,5.520030857585350725e-01,1.819067052126698836e-01,2.275566157093281972e-01,-1.335618308047721060e-02,2.865404107846452608e-01,-1.855472768056088684e-01,5.517850067256007546e-02,-2.622296533637450411e-01,-2.975391345149828171e-01,1.666925589316741452e-01,3.077970002225557944e-01,1.255625355066149751e-01,2.495120968514256687e-01,9.071638793119693456e-02,-3.925371880801724507e-03,1.384462239324211856e-02,2.034535829548998753e-01,-3.621234506743755133e-01,-3.245952789892399548e-01,-2.383753554355872717e-01,-3.818043917827026457e-01,-2.986529923051343682e-01,-3.571903503836819649e-01,1.787163338449343775e-01,1.059555224439121118e-01,-1.624601430453827267e-01,-4.377467629576431984e-01,2.381428358431608716e-01,2.404839355521471711e-01,2.075360128961829254e-01,4.015107214861942664e-01,-1.951896809943223787e-01,1.003426259812615073e-01,-3.144232752597074798e-01,-1.221870176245626050e-01,-2.401677986654620622e-01,-3.087727785792875324e-01,1.711777131557694065e-01,1.970332311943158356e-03,7.414602979095653856e-02,3.245544691217617794e-01,1.288257053959877829e-01,8.978858228032049471e-02,1.908815029948693898e-01,4.884025495250895327e-02,1.721902951155023509e-01,2.887085920151179486e-01,-1.565480359955146936e-02,-2.909042282733684259e-01,-1.121930010409969841e-01,-6.095549498590517590e-02,2.184610828839709806e-01,1.856847061971501345e-01,1.582088152269949255e-01,-3.120889304111942320e-01
8.429060844564266464e-02,2.554446459507610512e-01,2.513609444958673778e-01,2.379390364918648471e-01,7.520244043733289585e-01,4.225482178825533675e-01,-7.543155369694132251e-02,-1.952888175065664034e-01,0.000000000000000000e+00,4.412559590063453441e-01,1.440193796336193821e-01,6.009115056072442118e-02,4.767256496792503517e-01,1.766641136673952339e-01,2.834934884542908429e-01,2.905830540740884094e-01,2.223424866482886231e-01,1.293819381191854412e-01,2.373106181643692414e-01,5.680714144585977121e-02,-7.459610109261979871e-02,2.103162789243097353e-02,4.661645390005202394e-01,3.771728773520867106e-01,3.524769978027220696e-01,3.312658312163762608e-01,4.708391488253020896e-01,2.615429015133658996e-01,-2.866601326198338351e-02,3.445683288071864359e-02,1.879199810919068014e-01,2.342854123572714609e-01,1.719521111871854385e-02,-1.213492491651573246e-01,3.220249085135888367e-01,3.618127540377450574e-02,1.639099632116451377e-01,-4.040927943574334352e-02,-2.375854271526263162e-01,-1.489523524119748810e-01,4.197770816149754003e-02,-2.555645744603990965e-01,-1.206321474256897563e-01,-6.626583432144607377e-02,1.565409407167230038e-01,6.546522112740048305e-02,7.671790897467875570e-02,1.551985648442707200e-01,8.898162599279359208e-02,1.203642252881142044e-01,1.195272306205466817e-01,-1.637468364819680278e-01,2.738593593091350198e-01,1.370719927005526473e-01,9.944066521624440880e-02,1.833019722258688589e-02,1.960518099069142872e-01,2.014582683783368855e-01,-2.471106776276366102e-01,-5.154333760411837495e-02,2.331572971851313125e-02,-1.109167349724571178e-01,-3.725190028287891364e-01,-4.409546997667053159e-01,2.811426594923246425e-01,-5.719825172910378286e-02,-3.225454455691248445e-02,-1.366807484114450633e-01,1.350250031272337385e-02,2.788458532617320643e-02,-7.858360698068581063e-02,6.534327499473510659e-02,1.718806041142390273e-01,2.633394105390464077e-02,4.011094840380351190e-02,-1.082027059381454326e-01,-1.466551479061603824e-01,-2.869305768338034079e-01,6.392854844148755655e-02,1.804788991048276725e-01,-1.288219252692661965e-01,1.417206959626463592e-01,1.607088124933663681e-02,-8.465520240773538596e-02,-7.045610654425338293e-02,-1.498931720647070920e-01,1.595276405435379699e-02,1.655797879141605033e-01,-1.316993363410751128e-01,-2.562241445889767988e-01,-2.877203981463776206e-01,-1.887921643481151324e-01,5.445969335670575173e-02,1.097995905664246319e-01,3.314227966756858046e-02,-7.286769707248449968e-02,3.538290444735690821e-02,8.231619582980341521e-02,-8.586978787356001896e-02,1.378549691321235941e-02,5.839501154300230645e-02,-7.702452377090748814e-02,-2.312394756466292223e-01,-8.708428732693632157e-02,-3.684254262214526482e-02,8.920443361271259558e-03,-1.747779600905766118e-01,-3.678473281260674632e-01,-1.948575626071708256e-01,1.082609907190139470e-01,1.959262684876269395e-02,6.335021196437237712e-03,-4.098263797714699758e-02,-3.308726113491133325e-01,-7.525586307154615018e-02,3.608628404989471794e-01
1.518211528531700494e-01,2.738378288928704496e-01,-2.559087842757461484e-01,1.566662455876899340e-01,6.447012543380643557e-01,5.181769250157514106e-01,-3.939595673591949621e-01,-1.526924278949755576e-01,4.412559590063453441e-01,0.000000000000000000e+00,1.819448491786339883e-01,8.677250626230123554e-02,7.069207802557947451e-02,-8.830840753179826363e-02,2.350012626305118119e-02,2.185235088065532738e-01,2.951781157083799845e-01,2.557420397261207512e-01,4.478898607351199379e-01,3.056575920190059970e-01,-3.036593068168052523e-01,-6.633038717336880996e-02,1.678226239093090766e-01,1.196007234766281319e-01,2.436471960002916104e-01,5.605373639936153118e-01,5.175695063763110504e-01,4.015309166803798235e-01,2.790001923296366385e-02,2.648362466576034344e-02,1.486188885821014827e-01,2.781997212217870996e-01,1.145450233366964721e-01,1.803488536072190007e-01,1.585298428648573843e-01,-5.137507274550605352e-02,-8.300414837034754412e-02,-2.618285779884053088e-01,-3.993355544955144443e-01,-2.157946197062775850e-01,-3.683080530252691998e-01,-2.161213950518338367e-01,1.851454930498935281e-01,1.089700861816971095e-01,-6.338387759610801531e-02,1.186986886164913962e-01,2.390690475303200446e-01,2.389266384297789869e-01,1.306987589605868028e-01,2.040546023430507838e-01,3.816546491116898365e-01,2.338339265738701156e-01,4.286299688942563635e-01,3.560813188592009126e-01,2.561899510076662279e-01,-4.928927666694574855e-02,2.540194685594502344e-01,2.571767207669504729e-01,1.247622848466600209e-01,5.207821461345102376e-02,2.067389811468282601e-01,-8.870719770632218282e-02,-5.284344847522448596e-02,-1.027852411792850723e-01,-9.675733709680936490e-02,-2.859920302295714811e-01,-7.815642809560875703e-02,-4.628575801143074847e-02,3.280124081566990202e-01,3.814078770230618920e-01,-3.527699135845170919e-01,3.308080491107043275e-02,3.561129451050928929e-01,1.317381434462335521e-01,3.100398335542503547e-01,3.620980212898640693e-01,-2.233397626055786400e-01,-2.914501412754172960e-01,7.183222275487195774e-02,1.448812499376750385e-01,1.709908192893629109e-01,1.277408905407505235e-01,8.409407928511095087e-02,-3.396251466495684573e-02,-1.196576166997443957e-01,-6.218450316914079373e-02,-1.980846943787747394e-01,5.885706619388735017e-02,-3.910652337222987884e-01,-4.573476169413873138e-01,1.196221939521446287e-01,-9.750724282204126236e-02,3.363434087526141480e-01,2.764427056562240304e-01,-2.799285519861752225e-01,4.968804469617738723e-02,-1.057550792637887010e-01,-1.468845285550578750e-01,8.494894760649512877e-02,2.289882038673033970e-01,3.641958082038662114e-01,2.585396187236385646e-01,-3.404553336681904741e-01,-1.653543288934214428e-01,1.374156424560975861e-03,6.045081897923895026e-02,-1.190527514715281204e-01,-2.757564861626526365e-01,-1.688086474990836694e-01,8.753188667229610392e-03,-1.599780078053084365e-01,9.507122360580720632e-02,3.055360285281831234e-01,-1.726697686802148302e-01,1.390206438181285642e-01,3.521933461923691389e-01
3.585309390645561867e-01,1.666438336110254714e-01,-7.854280432023402758e-02,-1.550925066860440737e-01,1.838317489364733603e-01,-2.425775836580222888e-01,6.441763604200384519e-02,5.140764562275815241e-02,1.440193796336193821e-01,1.819448491786339883e-01,0.000000000000000000e+00,2.443837626049173983e-01,5.584121245922097909e-01,3.277735939883144045e-01,4.245119407055972932e-02,-3.954170519789175497e-02,3.733244157114944950e-01,1.737379898812687895e-01,2.906297107398231327e-01,2.672422653312531149e-01,-2.557683227639628853e-01,-1.008004469637587136e-01,1.986544392148020463e-02,-2.348376324427898024e-02,-1.454379271025853237e-01,-1.851384911188827271e-03,1.139679931709352695e-01,2.829674374109802937e-01,3.014162660594379983e-01,1.375596129822366231e-01,8.926772246942983602e-02,2.443862286508208803e-01,-4.597669004712812146e-02,2.734182516929484219e-02,-2.415631561069438160e-01,-3.123109936533596254e-01,6.069419471963601737e-02,-2.346735911813533637e-01,-2.281409068077156765e-01,-1.799272706888687956e-01,-2.995585677154719018e-01,-2.285880318483594353e-01,2.365403360392682452e-01,3.829974572105590558e-01,9.040678173121002859e-02,3.205046764521559677e-01,2.305368373194700282e-01,3.057562165575381519e-01,2.384322375594601640e-01,3.570642429373844795e-01,2.691734238466728657e-01,3.410664275383428201e-01,1.828342536876906010e-01,1.261277653540864019e-01,1.472375266652649894e-01,-1.230898796761200065e-01,9.596648024194483206e-02,1.834499070053932646e-02,-2.833962123869063210e-02,-1.210268108859302583e-01,2.049039301732729634e-01,1.750745249485694821e-01,4.724489603631719103e-01,3.027112113687058792e-01,-2.111425008455244945e-01,-3.218071863096446106e-01,-3.318702435116344107e-01,-1.186481914892280470e-01,1.057282255841448804e-01,1.608576667205978694e-01,1.984024369368411200e-01,2.592241348925704569e-01,4.738483344193006319e-01,4.721779388725975690e-01,2.013581313633869829e-01,1.852505200273514285e-01,2.072332904895078931e-01,1.676497733754994390e-01,1.227905159293179865e-01,1.536323046321256235e-02,1.212242053205741718e-04,-1.635311699342916758e-01,-8.028058332187813784e-02,-1.625405296590397564e-01,-3.576565768169666648e-01,-4.723166757185492948e-01,-2.596506646511914096e-01,-6.973603196998498510e-02,-3.151929343581418297e-01,-3.089067175082471639e-01,-2.199044692611174315e-02,-6.179006200905430568e-02,-3.276079025683455853e-02,3.700402020129268943e-02,8.225512425284797757e-02,8.632294484915782606e-02,1.708601130775159738e-01,1.039912354922470777e-01,2.959396309573562034e-01,3.485528332972366861e-01,5.169424811389046470e-02,8.747883840423874291e-02,-2.141357855463780213e-01,5.679946489540790844e-02,-3.608320250022635789e-01,-2.592577846528597574e-01,-4.597498515603075098e-01,-4.568139096389170484e-01,4.626190080031850060e-02,4.885933682562644820e-01,1.374086629216260402e-01,7.310092065706229325e-02,3.165731503221907439e-01,7.774846968984963635e-02,-3.270240172951842106e-01,6.021539295695067795e-02
-2.396126753030916878e-01,2.370176782433183749e-01,-8.994226328477746002e-02,1.760600547783147674e-01,1.677705007839509488e-01,-9.361952814024281089e-02,-2.714552751965196298e-01,-4.575721661325827909e-04,6.009115056072442118e-02,8.677250626230123554e-02,2.443837626049173983e-01,0.000000000000000000e+00,3.733128918291653831e-01,6.774396326303193661e-01,4.729871384254690780e-01,3.866228025167474103e-01,7.351843641604720314e-02,2.042981800229465295e-01,2.209975196916151574e-01,2.014101885675880499e-01,2.545273605404745065e-02,3.570142243518550917e-01,2.328335594091976990e-01,1.945362718550660563e-01,2.490902770823995582e-01,2.979149003171500110e-01,3.130114584279199974e-01,3.670794396248249769e-01,2.542730757117567797e-01,3.373942907775160926e-01,3.040242090719562085e-01,3.755104841576020203e-01,1.200792697158261230e-01,1.423172840455380894e-01,-5.002887824119525359e-03,-4.584356539420957055e-02,2.978566967220244166e-01,1.474515996566622966e-01,-3.455884736188807177e-02,1.919880228453485493e-01,4.122338006479972505e-03,2.256757433125785028e-01,-4.992747633944309010e-02,6.743094324021392527e-02,8.728083675195903723e-02,2.083552894861399885e-01,1.705096226228676329e-03,1.172606367639126707e-01,6.271724643964267376e-02,-7.086772551443253076e-02,-1.664754999078700906e-02,5.797394766680419309e-02,2.454144301233518177e-01,1.549902895647950994e-02,2.640692697935742017e-01,1.182945675683642062e-01,8.468245172902899576e-02,8.563827339985859155e-02,-5.621691372155867422e-02,-2.283637843603277540e-01,-3.483998508984238046e-02,-3.775272745004501496e-02,1.129582393200045803e-01,2.459051223822390775e-01,-1.045207517228230881e-01,-2.298682556895276785e-01,-5.339869172315493684e-02,-1.245300001564330836e-02,2.111648097392016532e-01,2.095091087761530024e-01,2.106191735879550664e-01,2.596071428924314750e-01,2.576065789773641090e-01,3.635632154128873861e-01,4.259650826696909087e-02,1.883079530066284202e-01,5.706036256083702601e-02,9.577281606882795395e-02,1.442329849087261862e-01,1.058092565338008689e-01,1.683482000234653719e-01,5.428553883010341780e-02,2.013305039715780898e-01,6.819636138481943721e-02,3.011265717192869729e-01,4.956454318533079495e-02,1.787033831243957094e-01,-1.282674579856639685e-01,-2.904424344894668830e-01,-2.661657379946841262e-01,-6.597898640055797903e-02,-3.506403677781517181e-01,-2.711319295425680329e-02,-4.088725370072493481e-02,7.353291193174370244e-02,1.476881736092953423e-01,2.007415513210836222e-01,1.740681130582969471e-01,6.355609038724605031e-02,4.487997708434583732e-02,8.153250058777505860e-02,-1.460097475054899230e-01,-6.924380879725179627e-02,-9.749321639316983756e-02,-4.485777477323419360e-01,-4.568143161501097560e-01,-6.003240648553805903e-01,-4.429052259917041767e-01,1.041815044488859400e-02,2.014972204021235336e-01,1.925419593394188666e-01,8.813001634265321682e-02,1.061548715031182533e-01,1.342210525870410065e-01,-1.718428952160271361e-01,-1.522967530775472811e-01
1.634614308299814009e-02,1.351720400884074413e-01,2.666896519957786538e-01,2.460576354316760389e-02,2.939983851115818836e-01,1.233451162906111370e-01,1.250011405078901017e-01,-2.015494996625629906e-02,4.767256496792503517e-01,7.069207802557947451e-02,5.584121245922097909e-01,3.733128918291653831e-01,0.000000000000000000e+00,5.476515000678873202e-01,4.079310357705422385e-01,2.291472141279663199e-01,1.206940476262721718e-01,-2.107311332393859218e-02,1.726747650997763062e-01,3.942312975991585366e-02,1.272739354621084673e-01,2.582077501962553104e-02,4.081475164657145660e-01,2.852436736869290446e-01,2.410666044704770639e-01,1.133954628747059629e-01,1.894718738277286485e-01,1.538651543226784990e-01,1.431926832316631204e-01,1.364983847868675160e-01,2.478731826580753417e-01,2.017589146498512676e-01,5.236220174842327879e-03,-1.465360778940952942e-03,1.553114202123629384e-01,2.420896252800149723e-02,3.367459636248599231e-01,1.088957029338966098e-01,1.635647244720225268e-01,1.539876262950076735e-01,1.722948087373997184e-01,4.699851907314767790e-02,-6.917884715252364813e-02,1.045191706863676517e-01,2.186278111423133608e-01,1.569740492560322831e-01,-8.334885446608984727e-02,1.533954396529484121e-01,1.996424848945262398e-01,1.614509393717707686e-01,-6.692940232837052417e-02,1.338591224529248336e-01,-5.775972726832914045e-02,-1.829549041940871368e-01,-6.338851582836348142e-02,1.288225719921564927e-01,7.449319545374949447e-02,-5.382711802457825108e-03,-2.427697613390326914e-01,-1.448590506698641811e-01,-2.613109955573311369e-02,3.266718372592883335e-02,-1.088658607555343244e-01,-1.086805232115225783e-01,1.940620742301229773e-01,6.487267767420093478e-02,5.610656532047501865e-03,1.040205013543572393e-01,-1.761366077074460745e-01,-6.075775098550311587e-02,3.568369415233137998e-01,1.933048871230353127e-01,7.620835770630837724e-02,4.484340556471885092e-02,-3.257002733323391408e-02,-1.271968809059166872e-01,3.439051087476499569e-01,2.371461634526750573e-01,3.822890983734193032e-02,6.548703462156925392e-02,-1.566035377459711331e-01,-7.187862461456052954e-02,9.150883697130347827e-02,6.991307810943928058e-02,-2.114723074306622957e-02,-2.225942438164895953e-01,1.097046035525475888e-01,2.102049974347934835e-01,1.822264794226094442e-02,-8.979559418839551388e-02,-3.556182356464527294e-01,-1.591751225366636324e-01,-1.284478278024589991e-02,-7.305611470582366873e-02,2.621818432687761380e-01,1.253774424872140109e-02,1.894742751998123864e-01,1.497892705956737625e-01,-2.034297623940622413e-01,-1.423299414467771307e-01,-2.401515126461980509e-01,-9.713999732291490885e-02,-3.970597110767730697e-01,-2.794470759513023594e-01,-4.321480931640460099e-01,-2.948292944627992629e-01,-4.988312456238534476e-01,-5.010481255662826428e-01,-2.223293193239803678e-01,4.859425331160004968e-01,1.096794841771039086e-01,-2.865874461192514100e-01,-9.653406691819416130e-02,-1.232016548068223527e-01,-4.244599069704103611e-01,9.933504011001448308e-02
