0.000000000000000000e+00,1.663470472958240853e-01,6.103739082876107336e-01,3.777597655494833728e-01,-3.640567561607085945e-01,-2.576321261237859983e-01,7.361226038459904863e-01,4.313371104069426143e-01,-3.215446555373100979e-01,-3.398406883771127873e-01,5.825005051317460047e-01,3.051574411464624270e-01,5.463442965961208264e-01,3.234030253581868797e-01,-2.842901981219900232e-01,-3.035505428401398254e-01,-1.416863244578512870e-01,-3.466171807679284678e-01,6.075707454517621509e-01,3.813990378045264973e-01,-4.397402621418828872e-01,-4.001824497820021254e-01,4.911775030649947471e-01,4.350716750196518268e-01,-2.990550721977884852e-01,-3.531694850256621998e-01,-4.031772515500750553e-01,-3.768852928744685915e-01,-4.147662877592307451e-01,-4.488636711668144708e-01,3.802723475482691629e-01,3.827435152472301594e-01,3.165001217236759756e-01,5.022930204929983988e-01,-1.958407358156974976e-01,-2.710029644510241753e-01,-3.980369169825413445e-01,-5.440327201638970323e-01,-4.774911616679162196e-01,-3.355848601850356383e-01,-3.135744912136620433e-01,-2.995835175010674867e-01,-2.754563810607781882e-01,-3.707470093430731417e-01,1.020127139264095650e-01,1.541164216422206135e-01,-4.710034555770076792e-01,-4.042338158714152696e-01,2.974038742765130472e-01,3.418261787730299539e-01,9.702836616234652989e-03,-1.063286895845552277e-01,-1.098737929141348213e-01,-1.370061718612163304e-01,-3.975131615540449803e-01,-2.802745225766491433e-01,3.909977394436408016e-01,1.379991900807936434e-01,6.230508399948258003e-01,6.816935984465569698e-01,5.842818708481335443e-01,5.546562335850695469e-01,-3.206151074066325157e-01,-3.240772735164968998e-01,4.026881102208301200e-01,4.569502593236464127e-01,4.853149102901583301e-01,4.974557413256185390e-01,-1.823814525503596740e-01,1.998569768346912523e-01,2.011353814579373567e-01,1.568256810766998355e-01,-3.194084440652591450e-01,-4.752071508884468942e-01,-4.190366567315301910e-02,-4.175572644589709559e-01,-2.908765893920978729e-01,-5.007897750140822835e-01,-3.419518068361830920e-01,-5.095366918510598753e-01,-4.853321687628830428e-01,-4.662461177780631294e-01,-3.715280313014969193e-01,-2.288103544791877664e-01,-1.659576965551099459e-01,-1.826019442233280110e-01,-2.743004752220158937e-01,-2.214145167440272344e-01,-1.228122912478317175e-01,-1.638021878191151248e-01,-4.384380806247853424e-01,-2.828044220161159972e-01,-3.190195170963039950e-01,-1.583496802356391120e-01,-3.474138969827069712e-01,-3.622872126472937437e-01,-3.702797414519304331e-01,-3.601161327300624881e-01,-3.024256947370768667e-01,-1.095253587115198463e-01,-2.297315672469011638e-01,-6.574126018067262545e-02,-3.458822697014319325e-01,-1.538224285539168956e-01,-3.066552698781838671e-01,-2.388902740897051458e-01,-2.237735786177064146e-01,-1.591739738144446192e-01,-2.180271751962624405e-01,-3.220360628614028498e-01,-3.393051659375974083e-01,-4.015274139866459313e-01,1.606906297228400116e-01,-2.236216518326596681e-01,-2.745080516801013948e-01,-2.946712126734610804e-01
1.663470472958240853e-01,0.000000000000000000e+00,1.670466875361264758e-01,4.078393258667057930e-01,-1.895757636497955338e-03,-1.042174930162762143e-02,1.619026234392062225e-01,5.198400984549499393e-01,1.340970412477623386e-01,1.132691728214551274e-01,2.128842838058230165e-03,5.014931391284629392e-01,1.183097506557418965e-01,5.282970837849230161e-01,1.042906128316896802e-01,1.884981318248158400e-01,-2.837663886544364300e-01,1.915104465062784367e-01,2.486594537377142256e-01,2.203793202054175893e-01,-1.531144571169281154e-01,-1.440255305725167689e-01,2.433542396214559700e-01,2.112360862809750384e-01,-2.403892536277258130e-01,2.293411137349500237e-02,-1.435109671826466926e-01,-4.080195647999441261e-02,-1.992980257803410593e-01,5.595996517746106014e-02,2.846558907210781919e-02,6.798838549427463351e-02,9.223096901836903838e-02,1.909742117324418342e-01,-9.467493337809625154e-02,-1.525072307835373397e-01,-1.257642380537949411e-01,1.056465178342779615e-01,-3.091210020125467195e-01,-4.253290582524962143e-02,-8.209198395524246183e-02,-1.184758065489129597e-01,-8.076111402667703054e-02,-1.046613090643055688e-01,-1.451571864541606749e-01,-2.357063116718249307e-01,-2.897321414537740170e-01,-1.798038075913338807e-01,-3.748323403928895403e-01,-3.138564963974096317e-02,-3.272126537574960303e-01,-9.527297594132590197e-02,-2.347027579975243528e-01,2.652768994081000295e-02,-2.969733182954795714e-01,-1.285712664646118941e-01,-9.056337270400303952e-02,6.848626832724211688e-01,-5.974636131344217976e-02,1.592718200649285987e-01,-2.047040156679946210e-01,2.723390931255205150e-01,-3.505760138395335734e-01,1.614778417472480798e-01,-1.744660642409723572e-01,2.175897474856186842e-01,-1.151113745506069652e-01,3.346066168013814290e-02,-1.605093735617332262e-01,2.631454880862318935e-02,-7.383480724988127075e-02,1.366103704690403153e-01,-1.266132280472229699e-01,-3.768530345391792741e-02,2.195148687724402248e-01,-1.015629093171363240e-01,-5.671119891164179416e-02,-7.100363757665577313e-02,-9.753173489012366415e-02,8.015862540102938749e-02,-2.168751866594851307e-01,1.266471900197756739e-01,9.480997515426085875e-02,3.965570620230412895e-03,-7.922403928977352072e-02,1.849558361222889968e-01,-5.940309127063184147e-02,-8.406215803847197354e-02,2.450274239830114997e-02,1.043673594933666876e-01,-1.171618885365134921e-01,-1.764884913715599746e-01,-1.858477416966674289e-01,-1.788650331217337131e-01,-1.761727258146293384e-01,-2.473526368276151022e-01,-2.952702810977429482e-01,-3.023549414996912210e-01,-2.295766140107101116e-01,-1.549267889147348809e-01,-2.297406606018261022e-01,-3.800056500970552809e-01,-2.572783538105726242e-01,-3.364743552082214983e-01,-2.143466187518577593e-01,-2.731377012708876006e-01,-9.993530729827103387e-02,-1.183996281853190308e-01,-2.278310343037101282e-01,-2.434453573686099492e-01,-2.007815054362636908e-01,-2.361525226233486818e-01,-1.805524704097090094e-01,-3.898034371325931891e-01,-3.909133470156879175e-01,-2.526218004146717488e-01
6.103739082876107336e-01,1.670466875361264758e-01,0.000000000000000000e+00,7.442396053196348449e-01,-2.821169127276833555e-01,-2.236483963706581701e-01,8.455509884161827028e-01,6.341909097559437214e-01,-1.797201997924080530e-01,-2.957082041699217734e-01,6.078728233894052924e-01,4.629181199856334805e-01,6.894436916499858681e-01,5.403859059799739351e-01,-1.720106346824210042e-01,-7.932232434911772392e-03,-9.059506904061845334e-02,-1.095530994133121078e-01,4.873384704303881376e-01,3.460377122295604235e-01,-5.178221815217299850e-01,-6.201065842653035176e-01,8.181647393387500022e-01,8.049491179500739557e-01,-3.058045106007089009e-01,-2.978985161488924560e-01,-3.788982595860966862e-01,-4.241767161725243929e-01,-3.207318542025474062e-01,-2.164554998507167982e-01,5.534829368582599995e-01,6.527639445722903666e-01,1.040916486091188337e-01,4.872096135989265608e-01,-3.038199973226015094e-01,-3.960518761847692248e-01,-5.473897850563057554e-01,-5.632784930823685476e-01,-5.475132112229202930e-01,-3.707977821329035972e-01,-3.702411127476668562e-01,-4.073508777866569064e-01,-3.306214313852439690e-01,-3.436956460962949933e-01,-1.442130371664902821e-01,6.004756947390008787e-02,-5.242544172539584935e-01,-4.147887342239567898e-01,7.807463312919615817e-02,2.766927367234982560e-01,-5.655832419152862639e-02,-5.415784590805500232e-02,-1.439611929090623132e-01,-6.080977832585875847e-02,-5.946112585589609090e-01,-4.938514751279637349e-01,-3.146305270652716840e-02,7.069203102160687147e-02,5.010171654913553319e-01,7.118223320113686858e-01,3.045807213044837702e-01,5.307788648154616595e-01,-5.313802942289068687e-01,-3.611033860017562880e-01,2.597624840567038795e-01,4.495631281027199777e-01,3.089244614827551527e-01,3.993723194902605855e-01,-4.297149339185312167e-01,7.092259868154547620e-02,2.999365977399245375e-01,4.434216583640416820e-01,-2.771838383795008354e-01,-3.524030740031804387e-01,2.135333967479406160e-03,-5.482522307855612897e-01,-4.911599401485415295e-01,-6.816356942583241540e-01,-3.166771962127648554e-01,-3.368678088716496877e-01,-5.921172761851092314e-01,-3.313388601169925396e-01,-4.381782364405071850e-01,-1.487877162797929809e-01,-1.686429593528377680e-01,-7.224829331312884739e-02,-3.602113530135144237e-01,-1.599430082544179843e-01,-3.670041217801624511e-01,-1.726233092265530011e-01,-4.648744631294864371e-01,-3.702579678835640209e-01,-4.624092619904527912e-01,-2.655022911720930079e-01,-5.618272114944846685e-01,-5.425149504726272109e-01,-6.745217796184692638e-01,-6.098224190248932031e-01,-5.209233017502628016e-01,-3.740825251923491912e-01,-4.192169038937626491e-01,-1.478347622588480625e-01,-5.939582725208110148e-01,-4.751574177955060208e-01,-5.564672412136972834e-01,-4.880338437288100351e-01,-3.735954817054589761e-01,-3.763971017594170965e-01,-3.379569560478286050e-01,-5.911408057081333212e-01,-6.151155523233187150e-01,-5.846679667844104644e-01,-3.649371628555417996e-02,-2.941632909836441878e-01,-3.602692050343687669e-01,-5.281508939863811536e-01
3.777597655494833728e-01,4.078393258667057930e-01,7.442396053196348449e-01,0.000000000000000000e+00,-2.183797465137841676e-01,3.713906683648462818e-03,6.936041474314267319e-01,7.707322355488489540e-01,-4.286043284135682141e-02,-1.039282410784463789e-01,3.035730695927608136e-01,4.839348636959120986e-01,4.963728102060339653e-01,6.350857365350537354e-01,-1.341874315861538436e-01,5.817218658581520263e-02,-2.347117745325291438e-01,9.583926106870289952e-02,2.628391499337562331e-01,1.922981212640088866e-01,-4.379210448732783201e-01,-4.531422720438361140e-01,7.384896936275801016e-01,7.672566516010158599e-01,-2.704146137728238308e-01,-1.188637853508773684e-01,-2.878973090733511486e-01,-2.510540031992232191e-01,-3.515850428166595321e-01,-5.124795376847269407e-02,4.437358021279018128e-01,5.779308779606660007e-01,-6.009772008523468767e-02,2.976428338981589317e-01,-2.466219338494335112e-01,-2.700807397623688488e-01,-4.450095900094239720e-01,-2.463210297236414492e-01,-4.684903172372138491e-01,-2.592077354753171137e-01,-3.456189236393727438e-01,-3.142554332677112150e-01,-2.314814176699540038e-01,-3.243034811218837299e-01,-1.763608329463670354e-01,-1.683821788924685370e-01,-4.370214578017667661e-01,-3.380915312620791369e-01,-1.391039528300884731e-01,-1.810981298374814488e-02,-2.631036417691234308e-01,-1.596849445920789368e-01,-1.785955061555669077e-01,-1.869841169977136397e-02,-5.148220780517493989e-01,-4.321103557573252041e-01,-2.486476890787599758e-01,2.022196552604745290e-01,2.579084812250579950e-01,5.454628659149176606e-01,4.391113156531692430e-02,3.686717900534163816e-01,-5.818779792416098884e-01,-2.347575583360334839e-01,5.537196117064343420e-02,3.336024058695254424e-01,1.137145462227272946e-01,2.985209072810010578e-01,-4.630408780152078796e-01,-4.687017022700994129e-02,2.716980720285129269e-01,3.857385963159008502e-01,-2.574718532571907970e-01,-9.968969781648683026e-02,-6.047774924114085286e-03,-3.328650497249292517e-01,-4.545884648389007521e-01,-5.622940542124776897e-01,-2.920115097635872514e-01,-1.190024043996620318e-01,-5.786618214199537036e-01,-1.819034004591722764e-01,-3.285622412462866349e-01,-2.104473779797832178e-01,-2.204023533255602407e-01,-3.382064050135868277e-02,-3.484456860768546660e-01,-2.303035717745481326e-01,-2.094185104928217300e-01,-1.185529155328973600e-01,-3.003706738397289300e-01,-1.767873355715346706e-01,-3.413488257842621776e-01,-1.112043008704908659e-01,-4.461954182473142350e-01,-4.284917253464325948e-01,-5.851938732023386214e-01,-4.959257167867101579e-01,-4.437799187657605615e-01,-2.800868875515451495e-01,-4.327012228876366273e-01,-1.746916591976386268e-01,-5.026832516291137587e-01,-4.230658026463296473e-01,-4.474672909726184478e-01,-4.265755864122552365e-01,-3.422711713080568430e-01,-2.783663372543849768e-01,-2.735466060459846860e-01,-5.534505439736107091e-01,-4.940070193178605629e-01,-4.860708066612857703e-01,-1.751406784156608887e-01,-3.852527741333605094e-01,-3.710059958944584846e-01,-4.571159939878287060e-01
-3.640567561607085945e-01,-1.895757636497955338e-03,-2.821169127276833555e-01,-2.183797465137841676e-01,0.000000000000000000e+00,7.133685436186119055e-01,-2.973482860281895235e-01,-1.487533719039961788e-01,7.208856409585090441e-01,8.226986834697046502e-01,-2.962588091071599594e-01,-2.189473083500719786e-01,-1.717882934361645575e-01,4.983034881641162234e-02,5.251444273101140148e-01,5.576047793004106357e-01,-8.294561623882126811e-02,6.945889645254317568e-02,-2.638887805457427183e-01,-3.750470049679311413e-01,6.948212769544275247e-01,6.235414730852030241e-01,-2.363697951403560260e-01,-3.068896667606599293e-01,5.279595320062503427e-01,7.545307594549587327e-01,3.350688817136078801e-01,4.822857280246909406e-01,5.204903043007164110e-01,2.492809780978860468e-01,1.110939315844285263e-01,-9.926702663508221725e-02,-9.006656003542955202e-02,-2.670462532301155489e-01,2.488509612817378369e-01,2.216188576856702452e-01,4.984915697618637065e-01,3.923530024748358991e-01,4.831283683158894560e-01,2.063956745876259213e-01,5.313006125556209991e-01,4.028547126691063851e-01,5.907637392275305599e-02,1.663298516830096982e-02,-1.383745333847599679e-01,-2.879352157423533676e-01,6.897896473791796657e-02,-6.836999337414070843e-02,-2.712581550027723942e-01,-3.917279865403104355e-01,-3.228405105010860310e-01,-3.357288802829588303e-01,-3.982398213391674657e-01,-3.373060361723251854e-01,2.697494898487596271e-01,1.426214316586701669e-01,-1.103597236234302170e-01,-9.898779679927099950e-02,-3.546769015390742741e-01,-2.779697373258684934e-01,-4.006116708778706959e-01,-4.993433417504778982e-01,1.266807726302291437e-01,-5.136993296821864424e-02,-3.359749838074803097e-01,-4.542464080774266666e-01,-1.975748069320209244e-01,-2.546114574410600073e-01,-5.646310551270909868e-03,-2.265836588581593980e-01,2.284688523310857977e-01,1.995726264037021858e-01,5.982923602368013238e-01,2.436815126278275290e-01,1.789501479227728897e-01,5.185456836785976575e-01,4.716975646211274964e-01,4.835330373384856273e-01,-1.101688784849054331e-01,1.352631392476238287e-02,3.532015905767017516e-01,1.086153204717847376e-01,3.743574185283112810e-01,4.009733605161246162e-02,1.557375329839156761e-02,-2.564559137654526810e-01,2.506890021548178749e-01,-1.904286377625620877e-02,2.611650564026931076e-01,-8.371373136628523781e-02,3.510818268004289866e-01,3.406744673387643862e-01,3.746766886539683039e-01,-5.000984715767120559e-02,5.008141114331762234e-01,4.878513152153552412e-01,3.872084965700064996e-01,4.434813113249361227e-01,3.428364679358108513e-01,3.175148280489411556e-01,3.057738594505475249e-01,3.818822541164585554e-02,3.649999363527568486e-01,2.203916325653968444e-01,4.942797481477944066e-01,4.502502142378569938e-01,4.055629955975681433e-01,4.043599654682798472e-01,3.910044283748237426e-01,3.747933459286527658e-01,3.092729933899258654e-01,2.467111825049602969e-01,-9.265662780091979411e-02,2.500590500986592593e-02,1.565852924146803882e-01,4.723523747488856950e-01
-2.576321261237859983e-01,-1.042174930162762143e-02,-2.236483963706581701e-01,3.713906683648462818e-03,7.133685436186119055e-01,0.000000000000000000e+00,-1.803548156460771379e-01,4.481577275746552458e-02,7.466818566869534157e-01,7.638838941625666346e-01,-3.447689338549534965e-01,-1.675970713197551254e-01,-2.071103167375978882e-01,1.669096282035563428e-02,4.069609124980680948e-01,4.745844363015339629e-01,-1.586849606756955411e-01,5.391950732849513234e-02,-2.605230390727731882e-01,-2.981109523601256361e-01,5.768506352767417411e-01,5.211929314612872011e-01,-1.328061003051822508e-01,-1.253509145388927992e-01,4.598977101460472450e-01,8.632177145032190468e-01,2.011302400666929446e-01,6.093201679391603287e-01,3.212589508801216853e-01,1.063534990346961390e-01,1.462905374927784274e-01,8.874469700437107034e-02,1.990033510609436410e-02,-1.100310303749736512e-01,2.345574533715086285e-01,3.007052047132704464e-01,3.803355707869391922e-01,3.027138101774822232e-01,1.932967587097019491e-01,1.827112190217283216e-01,2.829452908973478786e-01,1.597593223159654019e-01,3.940479362950755071e-02,-6.742660572812793351e-02,-2.075440831477518011e-01,-3.179742601728388074e-01,-1.171448019027476924e-02,-1.029885088875977101e-01,-3.268500237777958173e-01,-4.449123869870170167e-01,-3.538114878064897995e-01,-3.318984206999883724e-01,-3.320136940787238311e-01,-3.525798676258274367e-01,1.012167477167790347e-01,-1.491978402359005022e-02,-2.176726834565966828e-01,-1.498524044841400837e-01,-3.999618535151802656e-01,-2.750799176213469255e-01,-3.592357867296788188e-01,-3.694111475882262963e-01,-2.998321530656875619e-03,9.319116434080627898e-03,-3.909731159146350721e-01,-3.720974749299046369e-01,-2.269138619831089776e-01,-2.205837178293114376e-01,-4.534391089807032066e-02,-2.052498712847514450e-01,2.781300166584724787e-01,2.612117362535344434e-01,5.213413465591009155e-01,4.262415631266234239e-01,1.306379654799984524e-01,3.970390361447581618e-01,3.329111822877601767e-01,3.414879985369556614e-01,-2.301152252265623033e-01,1.809429704200914493e-02,1.658579413269715697e-01,9.164600100670453053e-03,1.833497833270193444e-01,-2.201243278463477504e-01,-1.375766165657265061e-01,-3.164262277336121754e-01,-4.148661615646691281e-02,-2.681662001835143361e-01,1.241341365347012893e-01,-2.291136129098937102e-01,1.542719918911433230e-01,2.284948890734590787e-01,2.293711620230294845e-01,-9.032503616639231403e-02,3.049529743620637556e-01,2.856155896531246685e-01,2.463588136436337117e-01,2.719760387501017895e-01,1.548105491050612570e-01,2.205906195565180139e-01,1.151070136572450581e-01,-5.265475266271541638e-03,2.258010801945987966e-01,9.826005027005431380e-02,3.767317995135227582e-01,3.297692067679970362e-01,3.801471594027183154e-01,2.406320725377916192e-01,3.119497324481778078e-01,2.475639206709915330e-01,1.477045943042473719e-01,6.966313203230127538e-02,-9.783162554647510667e-02,7.282871779417976997e-03,2.232663788604300759e-01,3.488519759806436027e-01
7.361226038459904863e-01,1.619026234392062225e-01,8.455509884161827028e-01,6.936041474314267319e-01,-2.973482860281895235e-01,-1.803548156460771379e-01,0.000000000000000000e+00,7.377829309405803393e-01,-2.132664574516165978e-01,-2.468693064550973593e-01,6.337654799936222050e-01,4.658602391395893494e-01,7.234412839509941628e-01,5.552485643601837717e-01,-2.350592007740736622e-01,-1.591560495634830874e-01,-2.115710015208607242e-01,-2.435017300516086336e-01,4.837556000442769233e-01,2.356162073201567286e-01,-4.873083850934492589e-01,-4.818174952252086696e-01,7.953147347724038863e-01,7.089653315374513376e-01,-3.090918668414390780e-01,-2.913195415993505843e-01,-3.703155044453049771e-01,-3.604775875367799420e-01,-3.580110940141270626e-01,-3.252110085452921684e-01,5.620929479955201202e-01,6.679752929467563938e-01,1.958858416227044486e-01,5.192422915814404183e-01,-3.012707266560700758e-01,-2.952005453528561696e-01,-5.492014980478763242e-01,-5.324585362759355345e-01,-5.086768928379621357e-01,-3.544414750653951396e-01,-3.424027518947448390e-01,-3.689831253113780019e-01,-3.458627422116073435e-01,-4.203352447000123226e-01,-7.505526702558772134e-02,-1.074984227452519502e-02,-5.192373842065718392e-01,-4.778326099659548354e-01,8.656004469952689739e-02,1.749688269966953036e-01,-1.954410606181893328e-01,-1.767970420785754948e-01,-2.370952693926999810e-01,-1.066569140116882947e-01,-5.017069940960875440e-01,-3.590608239146271252e-01,-8.334902611478615941e-02,8.007019256154324083e-02,4.676659780528962806e-01,7.374689987609175379e-01,3.636285847507270685e-01,6.108248380673624300e-01,-4.976912201252193246e-01,-2.873289629143538360e-01,2.237012865290966268e-01,4.776532264864088995e-01,3.761665656030320770e-01,5.098564313558756611e-01,-4.321132922196594395e-01,3.221260078703366836e-02,3.393267824734430560e-01,4.261515814824564652e-01,-2.614241027415519780e-01,-3.787995005347696842e-01,-3.370778844250287704e-02,-4.564642836446814456e-01,-4.450673040821527815e-01,-6.258392344964919252e-01,-4.014330922419492298e-01,-3.969546669768286851e-01,-6.061520197832622747e-01,-4.013666161783377428e-01,-4.279084515506218489e-01,-2.556778609383142387e-01,-2.752067551312077365e-01,-1.816120577363855848e-01,-3.454409081632269785e-01,-3.223015143513207614e-01,-1.934013161992152452e-01,-1.684720151358362061e-01,-3.973694464909052204e-01,-2.474629867883000323e-01,-3.668819491316135939e-01,-5.567608257100745833e-02,-4.451286944644051724e-01,-4.268043118454495355e-01,-5.283448706036851794e-01,-5.070097722780254612e-01,-4.068864711399572398e-01,-1.746527102634656270e-01,-3.671270731633786144e-01,-4.920997859703569316e-02,-4.934113294783698533e-01,-2.796727537216751047e-01,-3.903970460667853248e-01,-3.298715007212205119e-01,-2.936817210428974145e-01,-1.771071348822023384e-01,-2.683241762558303822e-01,-4.867389985622471715e-01,-5.417892147136799119e-01,-5.176126512974158489e-01,8.111252261724145873e-02,-3.150310499193530456e-01,-3.735956720765452599e-01,-4.014800614525679268e-01
4.313371104069426143e-01,5.198400984549499393e-01,6.341909097559437214e-01,7.707322355488489540e-01,-1.487533719039961788e-01,4.481577275746552458e-02,7.377829309405803393e-01,0.000000000000000000e+00,6.072278329244013700e-02,8.051186461793374480e-03,3.576158887396435615e-01,7.317060791101366313e-01,5.158681578250091659e-01,7.977507253146876032e-01,-4.942660401120060193e-02,1.296688051703403788e-01,-3.744559115822805317e-01,9.401151889728340261e-02,3.682244604172742464e-01,9.837156992982726278e-02,-4.058775260903669246e-01,-4.091404383904116426e-01,7.457641109482980868e-01,6.781991431619589505e-01,-2.622557790177090231e-01,-9.759890477731852573e-03,-3.211512922369436640e-01,-2.031482346335836686e-01,-2.971821835930786859e-01,-1.137415219133665334e-01,4.842632953814362540e-01,6.307797071369605213e-01,1.765977906219903804e-01,4.739945095841993639e-01,-1.828009395647465229e-01,-1.298216403370707206e-01,-4.083444433882373881e-01,-2.261078033736308723e-01,-5.073479083860418237e-01,-2.637598824489704175e-01,-2.979482523896268553e-01,-3.592534873669074869e-01,-3.407700278379663383e-01,-3.962292673747667693e-01,-2.896486569557986668e-01,-2.004948306547630898e-01,-5.225153027921639604e-01,-4.704513920437954910e-01,-3.311688342802318052e-01,-3.302003836872567655e-02,-4.267184248469010344e-01,-1.884048051751604780e-01,-3.079812745588813017e-01,-1.355886989175160706e-01,-5.510743340065765716e-01,-4.224521946614765433e-01,-3.839152232341455639e-01,3.202263124972468122e-01,9.603869872067027913e-02,5.005021714552890799e-01,3.100853130070320776e-02,5.490326517620004454e-01,-5.527012228443681785e-01,3.542037204094965891e-02,-5.323193678810039103e-02,4.303524667861891029e-01,5.587574961139466639e-02,3.412541560337184476e-01,-5.291906305329721061e-01,-3.337126929595942565e-02,2.715429505437883528e-01,5.199169006555178774e-01,-1.743828824297747604e-01,-1.017718365667477642e-01,4.537894614859403625e-02,-3.283450873962941441e-01,-4.129140833559218904e-01,-4.608508236044687179e-01,-4.164479774498218712e-01,-1.039432313112916839e-01,-5.106027594929795077e-01,-6.369636468482069158e-02,-2.900565154973466786e-01,-2.340986369300461223e-01,-2.558715570626662328e-01,-8.818254422105329835e-04,-3.995200214599435862e-01,-3.458348033603066418e-01,-1.622976896425034621e-01,-1.317880996748319600e-01,-2.762934987721152869e-01,-2.110516150527664836e-01,-3.245628912581322023e-01,-1.388398521549924214e-01,-4.553875518212510132e-01,-4.859375636895926220e-01,-6.079300766069121176e-01,-5.536243812126584452e-01,-4.220155103825760090e-01,-2.705454102352534695e-01,-3.946865209777852823e-01,-2.400719468957205893e-01,-5.443247415111296394e-01,-4.768252885432602284e-01,-4.323197340467594962e-01,-4.345738158782284088e-01,-3.631266677005462462e-01,-2.468172944920526690e-01,-3.650073987143436227e-01,-5.325452361420013325e-01,-5.456014937644386720e-01,-4.915702144005735241e-01,-1.187626570824513728e-01,-5.192369314127189828e-01,-5.019500666093200669e-01,-4.833426176492454096e-01
-3.215446555373100979e-01,1.340970412477623386e-01,-1.797201997924080530e-01,-4.286043284135682141e-02,7.208856409585090441e-01,7.466818566869534157e-01,-2.132664574516165978e-01,6.072278329244013700e-02,0.000000000000000000e+00,8.052180809497927472e-01,-1.481425506221609456e-01,5.835027464262040192e-02,9.037465644321904593e-03,1.416663241774683279e-01,7.332402546283608435e-01,5.979500101997591299e-01,-1.314350917205126812e-01,3.442254052682377496e-01,-2.665034018574029551e-01,-4.455960046992482049e-01,4.757433545692021370e-01,3.284117386800112226e-01,-1.347532061840784057e-01,-1.978133045614097474e-01,2.804307846454587860e-01,8.132586736396475446e-01,1.510260265011358072e-01,6.244392851180597948e-01,5.118685421621542719e-01,2.709689498000678043e-01,1.003141846552045302e-01,-3.869765258911760097e-02,-1.510607557033622483e-01,-2.462471475037225910e-01,3.257532874152896385e-02,9.334459701522404562e-02,2.557986979160938867e-01,3.415323374707479598e-01,8.737217064444784131e-02,1.773924280261569841e-01,1.737266944182627448e-01,6.088002633208019349e-02,-6.075414350502266435e-03,1.583002059321920660e-02,-3.281535207635459805e-01,-2.852734028401330280e-01,-9.917494309348566517e-02,-8.035692349754804120e-02,-4.009749179327867230e-01,-3.260613246492110595e-01,-3.643240320421034517e-01,-1.387824764695941848e-01,-3.759308660658923773e-01,-1.985365233356214398e-01,-1.897206572062298119e-02,-1.356834707936488971e-01,-2.321693766547280324e-01,6.715253801058088112e-02,-3.720731093867708505e-01,-1.862719797412443479e-01,-3.736762766844328731e-01,-2.941329167292686675e-01,4.389141255815994305e-03,1.557404050297304943e-01,-4.510524421700346509e-01,-3.157464294021528062e-01,-3.853759201946458379e-01,-3.173649806788818584e-01,-2.602459125714045030e-01,-3.929771287214369746e-01,2.132904911018408955e-01,1.933588950672922580e-01,4.607864184884559178e-01,4.109415843849638650e-01,2.388053893428023766e-01,3.188604604362900719e-01,2.095391765730256206e-01,2.744928181461369077e-01,-1.565446508149182792e-01,1.599161302205523993e-01,2.550797626117088379e-01,2.899978784221444728e-01,3.423926712562075370e-01,-8.567892255935367907e-02,1.819569779973120860e-02,-7.392101530962817690e-02,5.861822875628616702e-02,-2.365884788865535993e-01,1.104991239916380957e-01,-1.278056178620352867e-01,1.029454786515957010e-01,1.805053142993430226e-01,1.433790549602204645e-01,-1.642957926859607565e-01,1.501477517135210993e-01,9.374042568869934977e-02,3.850816011153113810e-02,9.328441095816550344e-02,1.442565457619572333e-01,4.949176162395138578e-02,8.586152805656983855e-02,-3.037383826452012131e-02,1.235497958018789838e-01,-4.177514051105526982e-02,1.981048364441019005e-01,1.739151745991870668e-01,1.269124825996342520e-01,4.970673764670667516e-02,2.250331356254411108e-01,1.649951417585416302e-01,1.565554565077859062e-02,8.432531309717708479e-02,-2.972018895501006563e-02,2.399184629480760438e-03,1.162848984154711135e-01,1.674828443843875692e-01
-3.398406883771127873e-01,1.132691728214551274e-01,-2.957082041699217734e-01,-1.039282410784463789e-01,8.226986834697046502e-01,7.638838941625666346e-01,-2.468693064550973593e-01,8.051186461793374480e-03,8.052180809497927472e-01,0.000000000000000000e+00,-2.915090644937569642e-01,-1.254078365152386243e-01,-1.573701004693688621e-01,2.364402461709809444e-02,5.095686959774482494e-01,5.534390755097077230e-01,-2.078212897633256728e-01,1.533678966425824075e-01,-3.832311056162916452e-01,-4.399017888341437144e-01,6.132936933013902747e-01,6.043055043836986773e-01,-2.094806123084121119e-01,-2.705523721432749884e-01,4.211573032350450774e-01,8.075890101495787343e-01,2.446415792517791232e-01,6.287144172126006847e-01,4.185135365747482128e-01,2.234443155985908203e-01,7.891771730514701710e-02,-6.839444867383998039e-02,-2.170840303260780091e-01,-3.086911442761664515e-01,8.650455843552089241e-02,1.826814837665249602e-01,3.489240039085134137e-01,3.397777287543269353e-01,3.394404787803383949e-01,2.730563613606319384e-01,3.350972184643462026e-01,1.908177929177563570e-01,9.933760751870443495e-02,1.314961193830082309e-01,-1.121462776385238197e-01,-1.987889368554676961e-01,1.015606198772664968e-02,-2.984940056311961984e-04,-3.170755488863155058e-01,-3.213542282162886177e-01,-3.424182855394512504e-01,-2.082822666667892564e-01,-3.528067735623366397e-01,-2.363475612989695829e-01,9.204832816994069911e-02,5.885905604156069920e-02,-2.365838026626803925e-01,4.999528733326612240e-02,-3.563554478323687769e-01,-2.254262036126967461e-01,-4.198835903278530512e-01,-3.534972142584513199e-01,2.789247871277762691e-02,1.040438960395353857e-01,-5.048446137901022590e-01,-4.022703324019133442e-01,-2.587411163435898720e-01,-2.225165143162691761e-01,-9.549602203128125522e-02,-3.038706151155169399e-01,1.224648600199136073e-01,2.045132633235376973e-01,4.021544701803738686e-01,4.154694234895935923e-01,1.617457647279398059e-01,3.924255129934998698e-01,3.373701188058608746e-01,3.631898065191930258e-01,-9.536662383406482868e-02,1.356069574109085296e-01,2.201984235818073288e-01,1.172044083092088490e-01,2.998327048139423634e-01,-1.271585073416317824e-01,-1.393433956447036048e-01,-1.875363119196801487e-01,1.204120306852428379e-01,-1.952220274065551986e-01,2.183063221532749731e-01,-8.423771779851969496e-03,1.836618128565516983e-01,2.060404758511945045e-01,1.693829320174897735e-01,-1.516412827089584636e-01,3.587381181629187843e-01,2.985359387644155871e-01,2.271208213736499726e-01,2.831242057782542010e-01,1.959608712133841524e-01,1.628532523303695134e-01,8.357951427922497012e-02,-1.796553214062103845e-02,1.713856831892979216e-01,5.990135854751296729e-02,3.174987450205735695e-01,2.618555882172836080e-01,2.771462750931129593e-01,1.974347552631331160e-01,3.260312969381840564e-01,2.298862252993378874e-01,1.423278790876909283e-01,1.385436987884889060e-01,-6.279100903830810154e-02,-9.592817609883719232e-02,7.886474143521456093e-02,2.729423961101523632e-01
5.825005051317460047e-01,2.128842838058230165e-03,6.078728233894052924e-01,3.035730695927608136e-01,-2.962588091071599594e-01,-3.447689338549534965e-01,6.337654799936222050e-01,3.576158887396435615e-01,-1.481425506221609456e-01,-2.915090644937569642e-01,0.000000000000000000e+00,5.127933663446694323e-01,8.849329040071254315e-01,3.689675626830198341e-01,8.443044227403077862e-02,-7.799605227848510625e-02,2.641396301619051701e-01,5.336688412479363014e-02,3.490380078793015040e-01,6.748319190710240500e-02,-5.525940722841442554e-01,-4.828919756762453108e-01,5.491430968480790487e-01,4.886484301733895474e-01,-3.849628775223311594e-01,-3.433013587371304132e-01,-4.398644622338767629e-01,-3.079802063857635108e-01,-6.373980545277868615e-02,-2.315332958749590220e-01,3.571215909194036531e-01,3.690197793342086530e-01,5.682591173675809876e-02,2.962889066764604618e-01,-4.454040508631051942e-01,-4.570027702368127387e-01,-4.235950179426148376e-01,-3.558006516897561644e-01,-4.483492249072069669e-01,-2.313034067172428931e-01,-2.923536449260409342e-01,-2.746281787723070522e-01,-4.197322477188547007e-01,-3.767990915546379771e-01,-2.749760751996373487e-01,-4.810264128074334677e-02,-5.352740759929098813e-01,-4.985686293168921646e-01,1.150686526304998542e-01,2.343981160063655922e-01,-5.432453260188539051e-02,1.052519227907102589e-01,-6.863315253487063672e-02,1.593523483702752597e-01,-4.213530229682488359e-01,-2.273010727371035100e-01,2.878995872832889810e-02,8.435406381598140046e-02,3.146083476026400039e-01,5.741993305514981882e-01,2.554319220463724949e-01,4.810453844421749836e-01,-2.292088001582365808e-01,-1.088603601065998988e-01,1.800709001450563063e-01,3.960783502461681094e-01,1.471544400740548708e-02,1.278584716994284332e-01,-5.246901807603131518e-01,-2.369401224522020011e-01,1.983719390581640263e-01,2.591816119778055927e-01,-1.930610499725253226e-01,-1.844598037202820617e-01,-5.134976465138816476e-02,-4.524926471950888041e-01,-2.805116189374812219e-01,-3.896903492448524076e-01,-7.096831700635312934e-02,-1.726517127580682875e-01,-3.174639401378140935e-01,-7.215287476024420665e-02,-1.607214893755977703e-01,9.671862399350084072e-03,6.907940913702143026e-02,2.470072024692380186e-01,-1.145978811238981543e-01,-1.408039065770539111e-01,-2.324101973401093146e-01,7.531835099566383529e-02,-2.972578303005590228e-01,-3.259546994058576397e-01,-2.728837150792757238e-01,6.276987894023454417e-02,-4.572010207870140230e-01,-4.196869342486454491e-01,-4.576876841730218026e-01,-4.302280143978114424e-01,-2.148679198796629441e-01,-2.332038580911710290e-01,-9.846358139381722330e-02,7.823381070686724614e-02,-2.684262530502876110e-01,-1.659179330445013922e-01,-3.747413155161576914e-01,-3.297265743885661737e-01,-3.818947463393652653e-01,-2.182107472769408973e-01,-3.027045564701645874e-01,-3.947194874241780060e-01,-4.897898894764194933e-01,-4.098251411628147656e-01,2.322369252271953011e-01,-5.628743611054495138e-02,-2.308636373498221817e-01,-3.915219141764025856e-01
3.051574411464624270e-01,5.014931391284629392e-01,4.629181199856334805e-01,4.839348636959120986e-01,-2.189473083500719786e-01,-1.675970713197551254e-01,4.658602391395893494e-01,7.317060791101366313e-01,5.835027464262040192e-02,-1.254078365152386243e-01,5.127933663446694323e-01,0.000000000000000000e+00,5.688737415345948012e-01,7.700556145818520104e-01,2.218118244482543411e-01,3.167619135670242114e-01,-9.573913283851451239e-02,4.258905121532234883e-01,3.377248631174566973e-01,5.399749647758389504e-02,-5.079797049243598428e-01,-4.683880838827738646e-01,6.195686543598825091e-01,5.133548328275147066e-01,-2.679809948655206830e-01,-1.766869563833183276e-01,-2.783509026548893206e-01,-2.280809925526575410e-01,-1.072616163594909688e-01,1.685457228453316192e-01,3.326789136101693800e-01,4.278393239265335657e-01,1.138763622643768486e-01,3.599937227860999789e-01,-2.699443192419257453e-01,-1.868826727700979573e-01,-4.023779772998734572e-01,-1.072048382665710259e-01,-5.439665330218246275e-01,1.339999226800555037e-03,-3.448168511321608731e-01,-3.587379872252270396e-01,-3.375687408126173961e-01,-3.188849896677413698e-01,-4.991902059958287508e-01,-2.177852862292125602e-01,-4.984682297950634444e-01,-3.991954435358195941e-01,-3.683695954715582310e-01,6.129211507719980329e-02,-2.569709733693747999e-01,6.905477172849343315e-02,-9.315066522547812977e-02,1.200968227231206942e-01,-4.918737139571084382e-01,-3.117650969486456813e-01,-3.199327703537537815e-01,4.560899845051562540e-01,-8.519627618254026202e-02,3.375226927072302319e-01,-2.854205695824910821e-02,5.086797828309523872e-01,-3.510035073515976323e-01,2.359807790081315804e-01,-6.789225840535557943e-02,4.286677155545503548e-01,-2.794039088019666384e-01,3.662590451098914762e-02,-5.356489261506229838e-01,-1.703953843342641272e-01,1.392571737695032230e-01,4.407290586963882317e-01,-2.088011203017581807e-01,5.276590648439612175e-02,6.763333605923679825e-02,-3.395334333385067738e-01,-4.270783745229920769e-01,-3.838493208605965323e-01,-1.710852408913063338e-01,2.065090591297117639e-01,-3.540279730753991827e-01,2.217397027375509477e-01,-1.128928602216114629e-01,1.950406822584604682e-01,-1.363365825866358219e-03,4.165520916148138797e-01,-2.455705993822449307e-01,-8.749989539594252297e-02,-2.338653778576008369e-01,1.347576751974900455e-01,-2.762069072278786619e-01,-3.393073993516511622e-01,-2.876359692518826727e-01,-1.074381594084744818e-01,-5.842416748629928325e-01,-5.911592058700338992e-01,-6.863717678852607751e-01,-5.766790320939186865e-01,-3.709801892808747281e-01,-4.101351423787075734e-01,-2.042351277353152139e-01,-2.142471315370668983e-01,-4.889746892846301152e-01,-4.884340632577459651e-01,-5.566380247071348597e-01,-5.596281076573392799e-01,-4.863278305840917914e-01,-3.758411087796649230e-01,-4.961722690330900298e-01,-5.005415320636109611e-01,-5.891340877112694052e-01,-4.569722257778588426e-01,-7.531715023461005298e-02,-3.767154602892903159e-01,-3.995135000970020944e-01,-5.929060949818155679e-01
5.463442965961208264e-01,1.183097506557418965e-01,6.894436916499858681e-01,4.963728102060339653e-01,-1.717882934361645575e-01,-2.071103167375978882e-01,7.234412839509941628e-01,5.158681578250091659e-01,9.037465644321904593e-03,-1.573701004693688621e-01,8.849329040071254315e-01,5.688737415345948012e-01,0.000000000000000000e+00,5.562794744694664617e-01,2.179121325235546802e-01,2.788384343267978974e-02,1.059039171295781678e-01,6.062872358664986999e-02,3.207973227294511620e-01,4.684679506386645736e-02,-5.141963771497665148e-01,-4.954018012154872141e-01,7.165880457475162224e-01,6.219189989894079451e-01,-3.420136411641400143e-01,-2.367819832994554896e-01,-4.939740349873991132e-01,-3.392513572299050706e-01,-6.320509374819038850e-02,-1.120434809312977759e-01,4.323950748306268910e-01,4.983453395027600541e-01,1.542556041958053660e-02,2.885084047830845377e-01,-4.042507117961288143e-01,-4.341259096724355837e-01,-4.077761704463012671e-01,-3.221265516179434574e-01,-4.811502863657573514e-01,-2.163626052814156264e-01,-2.668691368068776826e-01,-2.958968708221897392e-01,-4.115055756537828180e-01,-4.237513241318756063e-01,-3.712428152238037571e-01,-1.969316001798057658e-01,-6.251388372247621561e-01,-5.751598410800548011e-01,-3.365181983313807884e-02,1.050235207505751112e-01,-2.315878911211754210e-01,-1.515568262524854583e-02,-2.361146343785455737e-01,1.118773179964722003e-01,-4.666735394262936931e-01,-2.971766625442532339e-01,-8.045691394990854561e-02,8.684739377099197355e-02,2.464822107784616634e-01,5.857184728536531937e-01,1.873236548627870424e-01,4.714980445156962130e-01,-3.558711377303371282e-01,-1.984923135529995664e-01,1.664019755679932711e-01,4.294683846254594983e-01,-1.953782122928525086e-02,1.010597129221309926e-01,-5.467057215580501950e-01,-2.325386829169406311e-01,2.761148038939084670e-01,3.306529053083177017e-01,-1.594280043048817430e-01,-1.076464324011317530e-01,-1.606007420047627504e-02,-3.864760532809264348e-01,-3.259633012713467615e-01,-4.654167866547815335e-01,-1.395027272882380931e-01,-1.737208951640442367e-01,-3.610539148343783200e-01,-9.825030084621395876e-02,-1.288426333645987798e-01,-7.224148151230033732e-02,7.853409865699437220e-02,1.840796155814848067e-01,-2.149485325201484220e-01,-2.380637893233543412e-01,-1.800684026817163941e-01,2.085307227229387522e-02,-3.011813606725886050e-01,-2.886426876978895328e-01,-2.841335716097749819e-01,1.286648852279675959e-01,-4.465341939367890034e-01,-3.857883597405847298e-01,-5.110283917999314252e-01,-4.634735311607778296e-01,-2.683105994978075004e-01,-2.433724329993229296e-01,-1.659568780530543686e-01,6.780681830214745250e-03,-3.296984723371342296e-01,-2.253652874642425030e-01,-3.781249823170500513e-01,-3.492036268798688337e-01,-3.215110372449148657e-01,-1.968188754807355390e-01,-2.544719529455282681e-01,-3.819797148676845611e-01,-5.415887108703498765e-01,-4.330729663850650391e-01,1.334309706153656849e-01,-1.320729299832618109e-01,-2.523752443261950695e-01,-3.812715557834580049e-01
