0.000000000000000000e+00,6.929280971890544594e-01,-7.917054145547754163e-02,6.208447193630942107e-02,-1.712332614788051321e-01,-4.666157941501849482e-01,1.308068622409041259e-01,1.682666195375183693e-01,6.937231975145252694e-02,-8.529910041776468665e-02,4.519855562803886118e-01,4.076891434056444385e-01,4.434993995158570401e-01,3.176498634411466515e-01,2.903218126733033561e-02,5.175858234042780143e-03,3.264692053687877626e-01,2.487820467082741682e-01,6.769849501071750764e-01,3.460414096384253346e-01,-1.745197029295336710e-01,1.170872339630874524e-02,-3.082810781068904826e-01,-4.104664634150295699e-01,-4.636490533466506303e-01,-5.393192016103739439e-01,-2.494994747231152055e-01,-3.121727287781955185e-01,-2.742027674254614994e-02,-4.274619493100399736e-02,-1.816591418187457618e-01,-3.145616731212778627e-01,-3.226569644475671406e-01,-1.944416833125769684e-01,-6.259790509678904158e-01,-5.983283413592679345e-01,-5.046243517990495198e-01,-5.034991436565718903e-01,-3.621302164456828288e-01,-4.078667759298776896e-01,9.003895036521925715e-03,2.672737392182200980e-02,6.620975095142168920e-02,9.553517184244163241e-02,3.710239175627414454e-01,3.242608397172363488e-01,1.394346063198791674e-01,3.629356562574457407e-02,2.939623557586909519e-01,3.458885918511708790e-01,3.831463108682560681e-01,4.666765410530070990e-01,7.188546673888519811e-02,-2.369441347298833211e-01,1.712400373376691265e-01,-1.819843254679367334e-02,4.624008844214042568e-01,3.766951293220203167e-01,5.563033763417725153e-01,6.293243076200762953e-01,5.389462598401096871e-01,3.115806998685142215e-01,6.053934839020355119e-01,4.532000906451690847e-01,-3.665447216407021758e-01,-1.002826842744917873e-01,-4.780915321282210861e-01,-3.559016500910784364e-01,2.099893730357257071e-01,5.580625101464786741e-02,4.388885996325127964e-02,-1.543840424945080725e-01,-2.779440437048021073e-02,-5.266295073350053813e-02,1.215530427644515160e-01,-9.758120694912741921e-02,-2.400724914782057240e-01,-2.551137240830708697e-01,-4.261661209839093072e-03,-3.067051232806515884e-02,6.775392222358736505e-02,2.021143179007884316e-01,-4.255924690498190111e-01,-1.406814436176579697e-01,8.250051422084823949e-02,2.711931666488095471e-01,-7.480215583542894689e-03,-4.055999043431850887e-02,-1.876152469470545314e-01,-2.564243555660887242e-01,-2.775631235627316062e-01,-3.295328381294055919e-01,-4.143676422551348382e-01,-3.602593302377017914e-01,5.444198384911512738e-04,5.920237840651724343e-02,-3.864151515806758114e-02,6.630364397842038182e-02,3.281014530916177008e-01,2.677535536190574494e-01,3.279745321451142392e-01,3.568042011708491557e-01,7.666910371969104521e-02,2.789891665867926251e-01,-2.450043178405524880e-01,-3.451834612573801420e-01,-2.387917059436590606e-01,-2.152072639701320400e-01,2.023872604776180417e-01,1.251914901263217472e-01,-1.634482684823475862e-01,6.059126941463730681e-02,1.768322112262710466e-01,2.360634998592553782e-02,-1.682654475878179456e-01,-3.987778455951352385e-01
6.929280971890544594e-01,0.000000000000000000e+00,-9.486643475190334462e-02,2.646646114031049879e-01,-1.918762522040164120e-01,-3.578893351639324538e-01,-7.059447969144574953e-02,3.351585985360038822e-01,-6.595290065772274612e-02,-1.630953193920797392e-02,8.071109525336442325e-02,4.642000645324185215e-01,-3.845621000709236598e-02,3.186326512662350785e-01,-1.023297339330860728e-01,1.504444495622813682e-01,2.161850643401976302e-01,5.305555592898644202e-01,6.867733159715971869e-01,6.680150913400981771e-01,-8.601843239563997101e-02,9.159511094462201297e-02,-3.764641463737113947e-01,-2.731155575042316652e-01,-4.374778166546034464e-01,-4.522530900816693622e-01,-3.007517531054350601e-01,-3.017290785770607719e-01,3.117021536814209084e-02,1.759600384472015944e-01,-1.632750478486714729e-01,-2.489581395525447549e-01,-8.301164436229525878e-02,1.226077333816327219e-01,-5.372352583470447751e-01,-4.749309061510002539e-01,-4.073147776952592003e-01,-3.935204605348066598e-01,-3.714533384926650972e-01,-3.403735847139003901e-01,3.123026244126231657e-02,1.682623882848050811e-01,8.015424959488019752e-02,1.472387084116674461e-01,3.864124483115375930e-01,3.851679857478366720e-01,8.468507649838095952e-02,9.160669143860757091e-02,4.339912179094996825e-01,5.543184393595730342e-01,3.706332996118916201e-01,5.104592586061607040e-01,-1.036153792921333944e-01,-2.958615313628141785e-01,-2.750455483168680673e-02,-1.269176461955637825e-01,6.520759454758264795e-01,5.863000036273015025e-01,4.941213611855798660e-01,6.508312772089983600e-01,4.565045015198913592e-01,4.590938235165590298e-01,6.064955213050025051e-01,5.350234527647504956e-01,-4.160911674858853715e-01,2.692083001503342565e-02,-3.498846478798094961e-01,-8.607212591218670050e-02,4.445075132424489706e-01,2.066766606307660625e-01,1.391394490922343297e-01,-1.948676608157255685e-01,-8.983219748293701234e-02,-2.194079058243666655e-02,9.731259653962119616e-02,1.337144688734001052e-01,-1.964170177185920185e-01,-5.216725179924421724e-02,-2.007073488169349162e-01,-6.350365310536192076e-02,4.471340277099822291e-02,2.662159629867033028e-01,-3.128180992700112517e-01,1.241179445770909939e-01,-1.239946324767454700e-01,3.891199686840039473e-01,-8.631282987942216767e-02,1.167945665620493262e-01,-3.267202263286210773e-01,-3.239786003240986978e-01,-3.954775110369523894e-01,-5.903165499370578440e-01,-6.030996712447300734e-01,-5.471904632785681288e-01,-1.642062296746289729e-01,-1.213412275981262493e-02,-2.084953884495727994e-01,-5.603953817792364095e-02,4.178844496242296175e-02,1.151740129612568303e-01,3.550671437084841342e-01,1.901078524279629645e-01,4.395403303671536338e-02,1.472300284551539551e-01,-2.195427409814561248e-01,-2.944491811778547907e-01,-2.509285411952973388e-01,-5.381960598839754389e-02,6.009419263965886521e-02,-6.840034910623151582e-03,-5.532209624961295646e-02,2.388523327429043289e-02,4.803009038822745463e-02,-1.044985761923538509e-01,-3.997190275894362266e-01,-2.383884526261033088e-01
-7.917054145547754163e-02,-9.486643475190334462e-02,0.000000000000000000e+00,4.124702144306162666e-01,2.438974474095478018e-01,-5.708605167043815515e-02,8.121618777475007045e-01,1.824871331258364759e-01,4.871142868075878929e-01,-3.059064386398293034e-01,-1.756169459929157739e-02,4.211316266486613002e-02,1.154412738588404680e-01,-1.613282310629549424e-02,2.690964367637679877e-01,8.501887263100781078e-02,-3.075831954242172483e-01,-1.354350077207219227e-01,1.417442938308897601e-02,6.871971461050779828e-02,1.983399728857939970e-01,-6.747184641953074546e-02,6.695169960325455527e-01,4.027712095413444882e-01,4.038902346587722181e-01,1.576908920346452581e-01,-9.123318567421789815e-02,-1.939655820069293990e-01,-1.648691623821388619e-01,-2.436208235697165936e-01,2.235513646571790636e-01,1.887384792037747894e-01,4.075837947812934736e-01,5.020240487429274839e-02,3.327687428468463215e-01,3.421326819488440529e-01,7.770347305583841235e-02,-1.399698936456478943e-02,-1.744872299832455620e-01,-2.803581536301745225e-01,-4.087770751547298992e-02,4.104484031517047216e-01,-3.848867086750473732e-01,-2.643206430359884007e-01,-8.547631294007500269e-02,-7.340529902331384415e-02,-4.602899188130381014e-01,-4.389398425356115241e-01,-2.825719466578588412e-01,-1.331725318504973776e-01,-4.888582618590462392e-01,-3.634030874256315435e-01,-4.578540353092552806e-01,-5.207362371193953177e-01,-3.836682963327339158e-01,-5.612454483508019232e-01,-2.514920837797992026e-01,-1.992283754371611260e-01,-4.177880563548150294e-02,-3.873121249996826498e-01,-4.640863241617287221e-02,-3.609106068808077827e-01,-1.987252128605353774e-01,-4.663640544589339743e-01,6.196973191154188099e-01,3.048167209823170465e-01,4.159466648775264619e-01,5.808091434662754349e-02,2.254936284458456397e-01,-1.529378611673778143e-01,4.180462782684010725e-01,4.031210514443283599e-01,2.332890677852520189e-01,2.088860289048697083e-01,-1.115440470282166169e-01,1.512529341855325116e-01,2.144982359795360449e-01,5.038027624394950284e-03,-2.714386610116315546e-01,-8.679037779428780408e-02,-3.721887780615325547e-01,-4.002750870522523985e-01,1.685462431502871838e-01,1.429282130888144819e-01,-1.460366405369737941e-01,-4.882900425766541486e-01,2.877218973571636917e-01,-4.906146573944506623e-02,-8.811271335481546396e-02,-3.510239701802562728e-01,-2.201586228226941055e-01,1.055014051068214886e-02,1.715222603753936148e-01,2.748157937088006597e-01,-1.937850870124210173e-02,8.394634874470262298e-02,-2.279804382394880549e-02,-1.309919463793065286e-01,-2.004944832660832676e-01,-1.196207650769911951e-01,-1.106056477992743564e-01,-2.669232419088302666e-01,2.822379754118118922e-01,-1.300586722514229243e-01,6.105130383574177561e-02,3.271685967827062114e-01,-1.681804419400050564e-03,8.743640383943381000e-02,-3.913891828842840370e-01,-3.902218527624745081e-01,-6.853640370839862717e-02,-1.401820021366463609e-01,-9.759404938068816371e-02,2.409994326339396364e-01,2.073137252962595212e-02,2.862991229331918186e-01
6.208447193630942107e-02,2.646646114031049879e-01,4.124702144306162666e-01,0.000000000000000000e+00,-2.654144508010978232e-01,-1.426303503806548023e-01,4.656034646074352357e-01,8.943067951225777135e-01,1.902768310631007820e-01,1.727944613231657822e-01,-1.925614062635057633e-01,5.236625333300893859e-01,2.286115308352578562e-02,5.410959779661351776e-01,4.769089455008367756e-02,5.813862360360536607e-01,-1.060695013272872356e-01,8.089298570289021884e-02,2.976574190847638968e-01,5.072942292669169184e-01,4.721270531421581373e-02,1.310239755018073049e-01,3.516787278369480907e-01,5.479214330589976534e-01,-2.480526152034075449e-01,-1.690087172502856561e-01,-5.346210044880543855e-01,-4.854737788108332563e-01,-6.479830655851773202e-02,8.024629774178373975e-02,3.172781034544581713e-01,3.108008863313761472e-01,-2.742200295934849735e-03,2.810577986431124220e-01,-2.345222001086745278e-01,1.439851694320901931e-01,-2.737936868596845263e-01,-3.373445514834949033e-01,-4.984391696277615802e-01,-4.932112410237433631e-01,7.354204265624708636e-02,3.812908323069265082e-01,-1.093218246668872656e-01,2.714291327376883167e-02,1.709196945967998149e-01,3.857017602018967262e-01,-3.131256924585529844e-01,-2.460244445741950892e-01,1.170025750191813485e-01,3.611094304299788393e-01,-1.797392358691637382e-01,6.563483262883536284e-02,-4.293744002098558998e-01,-5.525813486209866232e-01,-3.229208159063334804e-01,-5.594043163116757533e-01,-1.806618724940524667e-01,-2.908142309497991351e-01,-1.934144170268332907e-02,7.076874405572909643e-02,-1.471329889783243028e-01,3.208310469926659581e-01,2.867828831570155002e-01,2.957032101633534291e-02,-1.347050929610368597e-01,7.794701650056033992e-01,-2.742814834389374345e-01,9.211637409330215853e-02,1.029729253819971352e-01,-3.381677574098773675e-01,3.039562471907399921e-01,6.594024840818442368e-02,1.627805067189595223e-01,4.475356847562900198e-01,1.793214625947702201e-01,6.191433287181367096e-01,1.329211455216043059e-01,3.663012870134155774e-01,-2.513599031675325945e-01,-1.455553820863857428e-01,-2.571593861774608691e-01,-3.003236358501254477e-01,-4.244617100733300008e-02,3.088302762221903364e-01,-6.929419103625310550e-01,-1.842687922977828408e-01,8.525113908715901967e-02,1.204962690880065704e-02,-5.918216757419142438e-01,-4.785009042394129386e-01,-2.910202678840546620e-01,-6.325338326427141222e-01,9.582238827443907703e-02,-4.208236701743460761e-01,-7.587513177358742866e-02,1.084978924467507322e-01,-9.880311625694758459e-02,-8.028313205751637371e-02,7.559692415829764867e-02,-1.238963100737135448e-01,2.703848025060784921e-01,-9.619154566360055281e-02,5.456490396485876859e-01,1.130717846397843451e-01,6.789840903731553245e-02,1.886213576844633366e-01,1.470267738926765155e-01,2.161606195503888161e-01,-3.224197458407955796e-01,-3.152181152185501989e-01,-2.486824762338042671e-01,-2.132690856581536398e-01,2.384912946079770918e-02,4.474146578357233728e-01,-1.394899260270605068e-01,1.447006035511642363e-01
-1.712332614788051321e-01,-1.918762522040164120e-01,2.438974474095478018e-01,-2.654144508010978232e-01,0.000000000000000000e+00,3.026172898641603104e-01,2.128811149029787020e-01,-3.351568678788402478e-01,5.082175652416370815e-01,-2.841071725922844071e-01,5.501217683038975986e-02,-2.677801030916187042e-01,1.659561675295145033e-01,-3.968169704986898583e-01,-2.455855150103860018e-01,-3.407164599273878047e-01,-2.581047275653077233e-01,-1.410026057846086311e-01,-3.223537454473093256e-01,-4.333208199257891358e-01,2.411247984070939987e-01,-4.521960547438193534e-01,1.209526797135406923e-01,-1.693817150613191880e-01,4.163185146290553362e-01,3.155066216397661716e-01,3.955953984374006582e-01,2.391773785099675365e-01,3.235973268992135485e-03,-2.264624874566113777e-01,3.036894279332402191e-01,3.219077833131579469e-01,1.679046134050731498e-01,8.396773513317706827e-02,3.305376773632190401e-01,1.707442171054838198e-01,2.552100748184505941e-01,1.205203069559887541e-01,-3.479746472673694857e-02,1.457001382563975211e-01,-3.951463278866761408e-01,-1.082026703721938043e-01,-2.177758101479765895e-01,-2.196524367819814860e-01,-2.162824414437656551e-01,-1.986649404352953396e-01,-2.463736518080827664e-01,-1.854430920846825426e-01,-3.384604328743505142e-01,-3.063137365814705970e-01,-1.792711462205077433e-01,-3.276937767157458992e-01,4.558711752584868743e-02,2.724583745857702133e-01,-1.557782468463421721e-01,7.641206753992296763e-02,-4.764641268515475148e-02,5.661713406043814012e-02,-1.307675413444107371e-01,-2.957136837833885812e-01,2.129132142588871790e-01,-1.664703982325315967e-01,-1.625449812026431573e-01,-3.661934276241184949e-01,3.708448634892430595e-01,-1.910787740316921279e-01,3.233784320598538931e-01,2.555837404639363375e-02,-7.399384403093324514e-02,2.225852173371863363e-01,1.651414437745327979e-01,4.600511022098813241e-01,1.650899400059247513e-01,-8.256773622196494911e-02,-9.936459929089329346e-02,-3.038898104581041482e-01,-1.890487678920277359e-01,-1.095732565174033640e-01,1.030827075744300825e-01,-1.242988785361702833e-02,1.586843240596180760e-02,-2.819647700751335209e-02,2.068259340910814092e-01,-1.113546011956915022e-01,1.934397422485879814e-01,-2.450486176761071389e-01,-1.071400037957742114e-02,-1.652688811847695116e-01,4.928995558789285858e-01,3.321317755111348191e-01,1.951276737333417222e-01,2.736161465632444001e-01,-1.471784098408234279e-02,5.612448890171860549e-01,2.896747089135426889e-01,-6.358330021021603440e-03,2.086607221460046735e-01,-1.046675734798946100e-01,-5.047257187781355459e-01,-2.152011222480523234e-01,-4.526221051773518522e-01,-6.152943721821344664e-02,-3.222470540716158571e-01,-1.733134292356147688e-01,-2.914540178683208138e-01,-3.599211470844905503e-02,-2.849126937764114714e-02,-7.952820314553750436e-02,-2.444631425020681037e-01,-1.250925381687977012e-01,-1.112538110308256972e-01,1.206271519858160557e-01,-1.687106216720077670e-02,-3.371904914602981695e-01,2.714288061366780247e-01,2.604869330195187516e-01
-4.666157941501849482e-01,-3.578893351639324538e-01,-5.708605167043815515e-02,-1.426303503806548023e-01,3.026172898641603104e-01,0.000000000000000000e+00,-2.378715743485533551e-01,-3.058311265401858492e-01,-1.996533954861315352e-01,5.119551011896750214e-01,-3.307740465137192776e-01,-3.354995236370005851e-01,-2.293346880716006786e-01,-2.442900090259703116e-01,-3.708427004327486537e-02,1.228332826070339806e-01,-3.489084791035187982e-01,-2.540652929921035086e-01,-4.132623115333319275e-01,-2.606339654727337085e-01,2.887568197479723486e-01,7.003899315390262059e-02,-6.458941430252994331e-02,8.083351577206140948e-02,5.417506099105551254e-01,7.182866546169170974e-01,6.551611925625306920e-01,6.924891767964206357e-01,-1.086002476004604422e-01,-1.325522661418767068e-01,3.901781065464758613e-03,1.335275045290421347e-01,3.680637677825027154e-01,1.400963119922252753e-01,4.013913580374788292e-01,2.883982018100113009e-01,4.210519951978775044e-01,3.326608714760455054e-01,1.741479431841551073e-01,3.543500172429940309e-01,6.869469714453835252e-02,1.990205962918657409e-02,-1.587701324331528274e-01,1.044408640769478765e-02,-3.526297183652247758e-01,-3.701562701646343712e-01,-1.153489889130092649e-01,-6.229746427796818004e-02,-1.727327749620320707e-01,-2.129162018401980216e-01,-2.295935601964277928e-01,-2.447903169491513209e-01,1.435918613774961328e-02,1.719786503015286461e-01,-2.162510382766462402e-01,2.982564308652148680e-02,-2.283366508693776553e-01,-6.122613831491548197e-02,-1.475474613569290327e-01,-2.472491055892722667e-01,-3.002333298893372290e-02,-1.157006905399291831e-02,-4.799390384602374438e-01,-3.174930611561245786e-01,3.025929509622813374e-01,1.540099375294949891e-01,2.916084096585943586e-01,1.710106531443429112e-01,8.974402122742358712e-02,3.688952995909797750e-01,5.559542227654763746e-02,1.467946044314015208e-01,-1.089142750187006153e-01,-2.353303698615022699e-01,-1.498226629582057878e-01,-1.067116342765730280e-01,-1.211758323906986096e-01,-4.897626275881596797e-02,-1.474445061812043878e-01,-1.977711906769200889e-01,-1.161855018996797717e-01,-2.384413139101533574e-01,3.510658284123457928e-01,1.622927473329954795e-01,1.822311031793693303e-01,-1.774741814737119394e-01,5.270841806145278724e-02,1.868369231100178440e-01,2.842028377430082520e-01,3.330430112417124833e-01,1.348694424271053016e-01,1.941486566765117661e-01,1.297145060450884124e-01,2.003073316590678055e-01,-5.813903502209415847e-02,-2.643460520095728405e-01,-1.183463657870350572e-01,-2.341271544344472322e-01,-2.996681497172626329e-01,-3.216124152461760088e-01,-3.150763754222567492e-01,-2.211206002582439545e-01,-2.508519317679754335e-01,-2.786043415661210720e-01,4.224989534261746477e-02,8.288249136221675917e-02,1.518834366448830187e-01,2.780836803793024573e-02,-9.277954395359587492e-02,-1.758381668984711765e-01,-1.553318193669323694e-02,2.876343980560360641e-02,-6.134045363300785758e-02,-2.671926110025089063e-01,1.857233191189379962e-01,2.811681500453565574e-01
1.308068622409041259e-01,-7.059447969144574953e-02,8.121618777475007045e-01,4.656034646074352357e-01,2.128811149029787020e-01,-2.378715743485533551e-01,0.000000000000000000e+00,4.086423874635519149e-01,6.577963227964661597e-01,-3.033065237871663822e-01,1.768475441069464749e-01,2.832609449413083791e-01,4.182250151907285218e-01,1.673491261327320345e-01,2.670456588943961873e-01,1.606157178690872100e-01,-1.587083368549514206e-01,-1.596795101426802810e-01,1.517491297749484214e-01,-4.488470566156394816e-03,4.501175473904640845e-02,-1.386907390311010735e-01,6.558532472637483846e-01,3.320226361649760705e-01,1.137100600771552700e-01,-8.125223723361572892e-02,-3.707273209168895911e-01,-3.837914359804714959e-01,4.321851152448204225e-02,-8.022261502509291098e-02,3.432398612837561092e-01,2.839924358485150235e-01,1.407963411507356100e-01,1.112684822121459416e-01,6.402868237500322635e-02,1.713007373902537545e-01,-6.320852680827367120e-02,-1.440616313799283343e-01,-2.625614604348810444e-01,-4.033243664284048013e-01,-1.239427071725291152e-01,2.832251571677471547e-01,-3.498347593802099698e-01,-2.685151651702117337e-01,-5.665247588528055708e-04,1.209944026862231209e-01,-4.951812604067815649e-01,-4.208999164985538499e-01,-3.309361348869240826e-01,-1.334112182909428235e-01,-4.448831969608645909e-01,-3.126751974320352012e-01,-4.249289396177958755e-01,-4.331361397202365127e-01,-3.106279879358816998e-01,-5.015946803545179300e-01,-2.601687106438070884e-01,-2.960494796831206199e-01,-1.388506850180050434e-01,-2.672339940035411421e-01,5.550717156526895762e-02,-6.714029108780558697e-02,5.239560877735920108e-02,-2.606579974548651757e-01,4.078277158815740155e-01,3.637624411694253546e-01,1.501793797039044365e-01,-3.417952324435619832e-02,-1.223868901297419515e-02,-3.974910931875493270e-01,3.651883540712353438e-01,3.715870637433956736e-01,2.300600811699994031e-01,3.355160340420618725e-01,-4.995338833299111519e-02,1.088543148356261314e-01,2.998973524932292412e-01,1.047769023573314612e-01,-8.532333089736371390e-02,-1.193194571120453559e-02,-1.635093879528319305e-01,-2.613275477602852170e-01,8.533412234975658317e-02,6.196546935382548499e-02,-2.939765651311423977e-01,-3.913857632672841924e-01,6.712517502542053593e-02,-2.726390550263956269e-01,-1.912897593897836257e-01,-4.046815880747831606e-01,-1.332159090639584986e-01,-2.529261187398387789e-02,1.652950413869407886e-01,1.948831783387302563e-01,-4.262040251446413963e-02,4.686428789040796017e-02,3.403737153643764113e-02,-1.142687048013858869e-01,-4.701790744867643396e-02,-1.856985294525169763e-02,4.708369922698672078e-02,-6.684428882076264011e-02,3.304527362452849282e-01,8.917569475163358850e-02,1.097524484137180484e-01,3.609241335410054985e-01,7.280647147502140870e-02,2.095173849939745148e-01,-3.895122875013331543e-01,-3.695173240678420457e-01,-2.338307696352635856e-01,-2.407946538902496214e-01,3.825581631040399222e-02,2.726015003702347284e-01,2.607534529813252885e-02,2.768314818278217460e-01
1.682666195375183693e-01,3.351585985360038822e-01,1.824871331258364759e-01,8.943067951225777135e-01,-3.351568678788402478e-01,-3.058311265401858492e-01,4.086423874635519149e-01,0.000000000000000000e+00,1.793421517151960742e-01,1.856600319559111589e-01,-6.478621114824287264e-02,6.497965369676208525e-01,8.899628102081648395e-02,6.307338916126652428e-01,3.465094750940989760e-02,6.066870864882548675e-01,8.610069952454089959e-02,1.392508966951613025e-01,3.879765280729985388e-01,5.080686298998299266e-01,-5.548868278152341293e-02,1.353129075680856441e-01,2.626510838917561208e-01,4.697452344356304876e-01,-4.575456872419004228e-01,-3.138047742507644178e-01,-6.834559275377914966e-01,-5.531317971921309029e-01,1.470618564571589126e-01,2.653463747891988134e-01,3.856996236921353405e-01,3.413242367299151314e-01,-1.623815289855421728e-01,3.982824131129573120e-01,-3.780929571555651236e-01,1.539737404179895158e-02,-2.999413887958843894e-01,-3.488811998823040383e-01,-3.872897501202465231e-01,-4.401614998580720695e-01,1.198182457750714969e-01,3.354634226617598802e-01,2.588975654797935275e-02,7.132044116389853194e-02,2.366845660434516996e-01,4.941233632947483745e-01,-2.143920603325923102e-01,-8.596470633853754706e-02,1.424958572259950873e-01,3.940273296381832102e-01,-8.690566536943510056e-02,1.420166722252357017e-01,-3.965305980789107787e-01,-4.653082652032686783e-01,-2.249975184283424801e-01,-3.883094862268408054e-01,-6.152269899962727051e-02,-3.031236149753332443e-01,-6.360812460870947371e-02,1.877243588952252906e-01,-1.214819845140480553e-01,5.349418979459088508e-01,4.625035607688151584e-01,2.396347747915263393e-01,-3.927175309905386325e-01,6.391540237879536068e-01,-3.914457736944430000e-01,1.085592411875623137e-01,-5.361227153181852972e-02,-4.625859833814716660e-01,2.222828462232403768e-01,2.070164614544087872e-02,1.177843754273757149e-01,4.617320493782602897e-01,2.716431550652066429e-01,5.964751040386122583e-01,2.229827806197246520e-01,4.427483809408431226e-01,-1.177806695592398950e-01,-1.241533521230221981e-01,-1.016500605080758318e-01,-1.245051323408817717e-01,-1.138943711483056537e-01,2.671453434110309111e-01,-7.319819786252299565e-01,5.726962762402077606e-02,-7.727671815391339016e-02,-8.572927803353935783e-02,-6.377146484069867727e-01,-4.768406699700029061e-01,-2.616126244179951543e-01,-6.541418131818930171e-01,-3.312935137277063513e-02,-5.566724310241575324e-01,-6.240849540236900750e-02,1.381771642940775313e-01,-3.490161813244576500e-02,8.716527657559898848e-03,1.345760818246278800e-01,-3.010632295630965086e-02,3.964605979090772836e-01,5.778314697883054490e-02,4.825504176469535000e-01,2.294604113500931797e-01,7.781042691506451225e-02,1.231565386417958069e-01,1.183026026416748033e-01,2.699205140675475789e-01,-2.345785622870121545e-01,-1.647836747433688853e-01,-2.613132554245049533e-01,-2.848053360931818156e-01,4.402163054522223451e-02,4.458085068196933620e-01,-2.015019818724721190e-01,9.394703441680510303e-02
6.937231975145252694e-02,-6.595290065772274612e-02,4.871142868075878929e-01,1.902768310631007820e-01,5.082175652416370815e-01,-1.996533954861315352e-01,6.577963227964661597e-01,1.793421517151960742e-01,0.000000000000000000e+00,-3.009438882230167644e-01,1.620259413921110170e-01,1.121620207595968449e-01,4.637783794743437493e-01,5.356576108441925971e-02,2.272016213903565451e-01,3.847404781213985877e-03,-7.431053169656211266e-02,1.280437255456547685e-01,-8.936407150248593459e-03,-8.637073722190570513e-02,-1.571276396290941305e-02,-2.352542930683619860e-01,3.836989645223464196e-01,7.427694947322084629e-02,4.982012882853997663e-04,-1.658866548319766210e-01,-2.036032558665419601e-01,-2.136806011925416471e-01,4.573940048803701308e-02,-2.071025939656757561e-02,2.909702617369495092e-01,2.691813109435025608e-01,-9.180071175657771032e-02,-5.611139850245534105e-02,-8.991371514333738879e-02,-2.757588664234893183e-02,-6.643687981358420425e-02,-2.452273368865562075e-01,-1.896895468318795241e-01,-2.053133879446580878e-01,-1.918665564483054142e-01,1.500014160507998351e-01,-2.729709871823742251e-01,-2.438387447455660495e-01,-2.511569411540759758e-02,7.796181345462449563e-02,-3.509956561087584359e-01,-2.741196604725985031e-01,-2.343982649699250798e-01,-1.272654840297215983e-01,-2.499507125926249962e-01,-2.066133729263127938e-01,-2.288669058107642706e-01,-1.676478161959427671e-01,-1.967984642011087748e-01,-1.636380057173724700e-01,-5.234066642276034853e-02,-1.862580074523682849e-02,-1.992360310213173516e-02,-2.598301717261276012e-01,1.652550940325830942e-01,-1.205662235588971370e-01,1.086545877328450316e-01,-7.497298712356979811e-02,3.085624558077153523e-01,9.691955718846778645e-02,-3.485319944258671171e-02,-1.552747406209766257e-01,-6.329099058539347511e-02,-1.460156551845234185e-01,3.927880571903693413e-02,2.073982562339823643e-01,7.869363014957773961e-02,1.120804500206441373e-01,2.806020956673411018e-02,-5.667514876486332703e-02,2.403340765913102375e-02,-5.386280702358927502e-02,6.242221033516715673e-02,1.160287793661620992e-01,-7.993173893786998524e-03,3.985187796876179384e-02,5.873098813052561595e-02,8.283107630963684742e-02,-9.164218269041403409e-02,-2.166488793015790282e-01,4.073598802973070476e-02,-1.060100780795863867e-01,2.421536530567294267e-03,-2.326760284459092609e-01,-2.901208081810612016e-02,4.656133711752245136e-02,-1.723147205684772212e-02,3.037026546827426565e-01,1.344237114383436682e-01,6.649472353690040471e-02,1.104035986929709084e-01,-9.219262221243249011e-02,-2.542752215655759707e-01,9.223783817036824983e-02,-3.251240500411044926e-02,1.848893962180682415e-01,1.715409362309435470e-01,1.956422362371388890e-01,-9.407336000499791351e-02,1.242587184417115881e-01,5.911551529923937676e-02,8.059842316626771030e-02,-1.595111310773115465e-01,-9.532808602053370606e-02,-2.915267773607023716e-01,-1.866921274088534088e-01,2.462683504107101781e-02,-9.688045981736153472e-03,5.538699809377603360e-03,2.689209818172993427e-01
-8.529910041776468665e-02,-1.630953193920797392e-02,-3.059064386398293034e-01,1.727944613231657822e-01,-2.841071725922844071e-01,5.119551011896750214e-01,-3.033065237871663822e-01,1.856600319559111589e-01,-3.009438882230167644e-01,0.000000000000000000e+00,-1.976265697161664614e-01,1.107366291487998783e-01,-5.451291234307970718e-02,3.832351651188451447e-01,-4.187464062436671575e-02,3.947035259367828730e-01,1.362149455701807677e-01,3.158914412983364339e-02,-1.229431174110957870e-01,3.984135692629278691e-02,4.793734703033310229e-02,2.356658989545882543e-01,-3.781787845194688469e-01,-6.983065894677981111e-02,-3.579029672484761865e-02,1.882908415514978062e-01,9.707471459656435986e-02,2.882915375407592573e-01,-3.007119842199595591e-02,9.117977567508125936e-02,-1.971756070234584601e-01,-6.936614216645720088e-02,-3.781908472371441760e-02,1.231225797533479910e-01,-4.838181114395862653e-02,-1.170291744955054627e-02,-4.131297511922642912e-02,5.131379661645194511e-03,8.708965453497743980e-02,2.991135255463973630e-01,3.240174307060391667e-01,1.544523050065422787e-01,1.089621268411752747e-01,1.519906380456354511e-01,-5.249592452150968203e-02,-1.708084126476833164e-02,1.121621737512198264e-01,1.629694035393842444e-01,1.229617866305556112e-01,1.150395096662127220e-01,7.613870159165221814e-03,2.015728410175828683e-02,-7.236493234510692207e-02,4.817594768451266725e-03,-3.523526022327107265e-02,8.241983646786724127e-02,-9.153089683948956168e-02,-8.924651783484459366e-02,1.157183584280028349e-02,1.303247232555203028e-01,-9.102006421042797835e-02,3.136358855892781294e-01,-1.820665158287594898e-01,1.308342882483196634e-01,-2.017107250415497988e-01,3.479678869162295962e-01,-1.674560117462347286e-01,1.249998279658135480e-01,-4.596059062690964481e-02,2.283886699037363313e-02,-1.481759615994171775e-01,-1.509590516757375878e-01,-1.162625150505528920e-01,-1.122026627677995617e-02,2.082187810249735427e-01,2.559508454999603888e-01,2.998000773073963149e-02,1.190463748714705866e-01,-1.432227639646290740e-01,-6.763469199324592673e-02,-8.009276159120681804e-02,-5.901105058778073620e-02,-9.342393554024729097e-02,1.809258210935281719e-01,-1.546241645830127853e-01,4.652211606700196872e-02,-3.490053023093308421e-02,2.199997064361405019e-01,-1.130727206671499896e-01,5.014493427783643653e-02,1.972027890223121069e-02,-9.463118787423435707e-02,8.453596317582122432e-02,-2.586068135604117080e-01,-1.758735562030964705e-01,-8.733010889284065215e-02,-2.145990887279548287e-01,-1.534666659848433860e-02,4.460225770219079788e-02,-5.381173607012147697e-02,1.485930001294558100e-01,9.523798053361678950e-02,-5.003948727101666105e-02,-7.787477704907347018e-03,8.254724381353290008e-02,-1.102625337370540665e-01,-1.575571587868707449e-02,3.453115647728586396e-02,1.878470050664165225e-01,8.060203878051103166e-02,1.142452022452782566e-02,-4.167470727239085126e-02,1.958778031314855617e-01,3.865016994202805090e-02,-2.016132117945058089e-01,-5.901689493381588603e-02
4.519855562803886118e-01,8.071109525336442325e-02,-1.756169459929157739e-02,-1.925614062635057633e-01,5.501217683038975986e-02,-3.307740465137192776e-01,1.768475441069464749e-01,-6.478621114824287264e-02,1.620259413921110170e-01,-1.976265697161664614e-01,0.000000000000000000e+00,4.172519641683807290e-01,5.912057582954424184e-01,9.801667205395829530e-02,1.009872269153854196e-01,-2.794156222440635218e-01,3.953702574218359578e-01,2.122289164430123110e-02,1.998614568209053366e-01,-2.215927047168013420e-01,-7.280146444522729576e-02,-3.624452716819174802e-01,-6.894217932157054030e-02,-2.349658125891813110e-01,-2.300027552527039165e-01,-2.899085237811458438e-01,-9.041253027999709979e-02,-1.838213593493665809e-01,1.962346506842008731e-01,-9.315990869918089334e-02,-1.474420013474565527e-01,-1.793981250308371023e-01,-5.150917603942544165e-01,-3.421832209987981654e-01,-2.590226793791051696e-01,-3.066237671255983011e-01,-2.777983663749107601e-02,-5.096255321165806679e-02,7.287739582336920374e-02,-1.190985422381068554e-01,-3.624187634669009395e-01,-1.289084102909589802e-01,-1.238461681481537770e-02,-1.437000632587440985e-01,-8.840537374906234924e-02,-1.004985077109155252e-02,1.246626273915285438e-01,1.170514761598895476e-01,-2.077376305372016507e-01,-1.614858163110327038e-01,3.639645815242595339e-02,-7.869547048029328085e-02,2.012223247143917759e-01,2.126164850900255643e-01,3.724339435928152309e-01,2.153211910476483804e-01,1.238675176519713483e-01,-9.355698615941610008e-02,-8.768542328405677655e-02,5.507280978935534532e-02,9.301538271620599097e-02,-3.259640420078492584e-02,1.080911719578249303e-01,-1.080451808691363369e-01,-3.550793579543835149e-02,-1.663128958733350038e-01,-1.801355488125161441e-01,-3.684438391849830241e-01,-1.641862684065385214e-01,-1.149751218826932930e-01,3.294976124115261279e-02,1.469932348090008112e-01,1.867247093507674038e-01,-8.293374352773484615e-02,1.686222820705208722e-02,-3.953634446961406534e-01,-1.104257602137036498e-01,-1.180525199534535330e-01,3.408548804473016114e-01,2.241613911758230659e-01,1.673085053889756257e-01,1.448010207098791857e-01,-3.145827565619965793e-01,-4.305822617693289001e-01,2.077741475675502214e-01,2.560978541313168044e-01,2.116099768874638021e-01,-2.818135200167518062e-01,1.485261678272745967e-01,2.703309100787479324e-01,3.145252346005698030e-01,2.749552278159300700e-01,6.468097069012050671e-02,2.538808387029123925e-01,2.252925103079897184e-01,3.259269333675059444e-01,3.298166756993156090e-01,3.357581258616886277e-01,1.459431732764223943e-01,3.389461808385839103e-01,-8.559520952656661519e-02,3.175786490775888704e-01,-2.249753635637382898e-01,-9.413322568224798126e-02,-2.307343658431391942e-01,-3.082813865435587997e-01,-2.692778039268096668e-01,-5.835854912350550705e-02,-2.494006535397074939e-02,7.045997194412069453e-02,-2.107883170896236030e-03,5.789286707014614647e-03,2.827212846717740979e-01,-5.421712875999946252e-02,-1.539906723174899045e-02,-1.632002849239193309e-01
4.076891434056444385e-01,4.642000645324185215e-01,4.211316266486613002e-02,5.236625333300893859e-01,-2.677801030916187042e-01,-3.354995236370005851e-01,2.832609449413083791e-01,6.497965369676208525e-01,1.121620207595968449e-01,1.107366291487998783e-01,4.172519641683807290e-01,0.000000000000000000e+00,4.119428526555696801e-01,7.530335934204841486e-01,-2.491399750786569677e-03,3.792925281550901251e-01,1.947448233663760242e-01,3.070911788772971995e-01,4.551892546169997167e-01,3.123115235718640359e-01,-8.975954792908655278e-02,2.074525867070705146e-02,-1.997307920750969468e-02,1.344713582397306928e-01,-5.216706054236643908e-01,-4.137169752341461892e-01,-5.199227960133238069e-01,-3.908857757551503775e-01,6.733172293485219229e-02,1.661570633984339185e-01,-2.511868559425632641e-02,-7.545511862334440545e-02,-2.524155953380566864e-01,1.663146506480865372e-01,-4.198520810548984072e-01,-2.382066944336223013e-01,-2.033732241794491413e-01,-1.820933890130142507e-01,-3.106329530348111989e-01,-2.848234373021831800e-01,7.152538485949587466e-02,2.016803714103045098e-01,-1.677213976706182566e-02,-4.242549462890107814e-02,3.260965601459009378e-02,2.415662095579726720e-01,-1.149578265518739484e-01,-5.698208504887564141e-02,-1.607667091097126147e-02,1.583184348383305795e-01,-5.673149854737991743e-02,4.809318067414720260e-02,-1.998159363864719651e-01,-2.251525137228286289e-01,-7.769351711275207517e-02,-2.148620680152062146e-01,9.997381954545286886e-02,-9.187237760374904194e-02,-6.989677775506902835e-02,2.214424390297003720e-01,1.354364305719523709e-01,5.046531218075721581e-01,3.159011894544733745e-01,2.326278802267843782e-01,-2.365169729308100044e-01,5.032142230538177996e-01,-3.206081146616916455e-01,-6.667243423062074736e-02,8.543728513248252665e-02,-1.961747758027625466e-01,1.631737044847050289e-01,-1.857937560780466291e-02,1.951647676508684870e-01,2.408342823665720889e-01,8.462934117204734541e-02,2.225294904187606060e-01,1.302048933718708279e-01,2.261708409857730029e-01,-4.431757507806827895e-02,7.622151716278476041e-02,-3.934219813259928061e-02,1.354915828355192087e-01,-3.061323453341711631e-01,9.434488447538481870e-02,-3.143301308286527429e-01,3.613109689882845199e-01,9.941300470669024725e-02,-8.327976554688658328e-02,-2.307653237303487204e-01,-2.244387211286417438e-01,-2.948332061252353573e-02,-3.704869957578841855e-01,-8.164175819049365734e-02,-3.341161712955560414e-01,-1.378938249347949063e-01,1.610793998407565597e-01,-1.252730938280648965e-01,2.490568493106437922e-02,7.593251495684710806e-02,-1.995152832560189576e-02,1.799237903052218202e-01,1.556094965978020717e-01,8.257279296645654576e-02,4.622854358083743759e-02,3.811822042688536166e-03,-1.398878796621315923e-01,-1.850154570208944749e-01,9.104665835441974608e-02,-4.025193975687962888e-02,-6.416665883418166960e-02,-1.345131962199513920e-01,-2.421061793913675819e-01,2.125909482453137989e-01,1.182640004882675733e-01,-3.852474225029275390e-01,-2.679482496913548339e-01
4.434993995158570401e-01,-3.845621000709236598e-02,1.154412738588404680e-01,2.286115308352578562e-02,1.659561675295145033e-01,-2.293346880716006786e-01,4.182250151907285218e-01,8.899628102081648395e-02,4.637783794743437493e-01,-5.451291234307970718e-02,5.912057582954424184e-01,4.119428526555696801e-01,0.000000000000000000e+00,3.759530002999677545e-01,3.008330992699327910e-01,8.518034352382258811e-02,1.677606677601030105e-01,-4.192267359240690883e-02,-4.168519375749624167e-02,-3.155564503887938743e-01,1.608145159606658506e-02,-1.268496755453901725e-01,-3.422496083222294205e-02,-2.173406063347874950e-01,-2.298483960912364454e-01,-2.956261153169314482e-01,-1.876747712099065268e-01,-1.321868704769220415e-01,1.405401601813984769e-01,-4.968776378250090026e-02,4.554805669435964266e-02,3.549045794117337838e-02,-3.352928897843880929e-01,-2.372145737828307011e-01,-2.158738143824371347e-01,-1.521997562908604940e-01,-2.605314233790443496e-02,-2.226430032969982098e-01,-1.365666395331806560e-01,-1.697898171472216056e-01,-3.246922064379622469e-02,8.328723006972517384e-02,-2.628187020500805660e-01,-3.282435261991415998e-01,-1.389796133240237819e-01,-1.336518387661316323e-02,-2.036165783948228891e-01,-2.301869702625099490e-01,-3.069627643528573535e-01,-2.295478934052768150e-01,-7.852451348434431877e-02,-7.760859769504080408e-02,9.260787211075090231e-02,2.938395974050267423e-03,1.218741720613530921e-01,2.060420970463343326e-02,-1.168578199720910760e-01,-1.066348533259099118e-01,3.285315291241071647e-03,8.095968809027713486e-02,3.441189179154943156e-01,8.102825389750996365e-02,1.417641879839205143e-01,1.993806065089546303e-02,1.459591245755928468e-02,5.774656616034824774e-02,-2.397745650120473859e-01,-3.334578634148960830e-01,-2.143801168536388913e-01,-1.990310287980248671e-01,-3.191069710184032959e-02,1.848670300895956520e-01,2.048633913072568646e-01,1.079033979977582353e-01,1.595739842621379800e-02,-1.738950043092640785e-01,4.457813155249724935e-02,-1.831805745539084526e-02,2.390400081784472275e-01,7.647575322205850401e-02,1.423594152539972846e-01,-2.536825605811350928e-02,-5.496386531872017589e-02,-1.085091987252267964e-01,-2.132472099621966072e-02,7.886390247353820826e-02,3.182931473447216109e-02,-2.192017591785540842e-01,1.401830236742860336e-01,5.622003885639908355e-02,1.895402636117673734e-01,8.843948269150331276e-02,1.213648143301231108e-01,2.113342098137578062e-01,2.619181165726078980e-02,-1.822507029806559944e-02,1.148306554259013457e-01,-2.416223188636502234e-02,7.882831999665321221e-02,2.428531461625159649e-01,1.109224126037243324e-01,4.281652747073538268e-01,1.257686190906695811e-01,2.521473703594224181e-01,2.955521827973415019e-02,1.675897608871976252e-02,8.110297002741259642e-02,1.698239484844693559e-02,3.402290239193814236e-02,-8.780551439345950226e-02,-2.141087231792795087e-01,-1.090686789176614352e-01,3.449876424033351818e-01,1.358876730476175909e-01,1.588297735089333126e-02,-4.238235309124530059e-02
