0.000000000000000000e+00,7.822352862310022470e-01,3.110104359940918939e-01,-1.447922113037275471e-01,-3.133289217113665037e-01,-4.852268538780683538e-01,1.217553535816254667e-01,-1.617694787821386815e-01,-1.452127667037783898e-01,-3.741160538130466895e-01,4.755334560834682534e-01,-9.265449213796343297e-04,3.933125467032492772e-01,-1.726969217030761283e-01,-6.525481048363403203e-02,-3.090951380931393766e-01,-1.992933962746342158e-01,3.694994207820058718e-01,6.306874774650028659e-01,4.654560757004291838e-01,-2.686689508335146082e-01,-2.165541165847273963e-01,-2.501561917309268468e-01,-2.764398897206938877e-01,-1.332335984501912263e-01,-1.759134253332426956e-01,1.596030083227183982e-01,-6.628636063398710143e-02,-3.004912630410979113e-01,-1.045291936631778523e-01,-1.374106143914948230e-01,-1.818987536500873969e-01,4.361010271872101107e-01,3.555768510605072930e-01,-5.229701429851811578e-02,-1.408589374363632962e-01,-1.236298808846787722e-01,-3.253007017363644948e-01,1.399652041818869319e-01,-1.472736604856984266e-01,7.388493404545899701e-02,-2.134576630074103420e-01,-2.387827968023175425e-03,2.530182522098241571e-01,4.587880994959638303e-01,4.449743301810366036e-01,3.782469131090590575e-02,2.122498344789781610e-01,3.559253694716308924e-01,3.890413848644518335e-01,5.296520190410163725e-02,1.934277921296624972e-02,-3.786691240799888725e-02,-7.664247929241130297e-02,2.963483447135525362e-01,1.252525026140989262e-01,7.968342654317124296e-01,6.683382169258396122e-01,4.895455626456222675e-01,3.849300292207243346e-01,4.193219236309927989e-01,-1.894262940178755572e-01,1.141066281962540008e-01,-7.752453584246135621e-02,-7.901635056139376390e-02,-4.582936559299439216e-01,1.533116073263086909e-01,6.488997614983148254e-02,7.195796617492348224e-01,5.491761491866670175e-01,-9.857973752996271322e-02,-9.894540702382743913e-02,4.014445761520541583e-02,8.315848779037153526e-02,2.072277528268594571e-01,-8.150318906626137158e-03,2.238607802685100012e-01,1.884068364443347021e-01,1.329717195292106358e-01,8.532283147469076068e-02,5.456556144912864115e-01,1.617903392203148480e-02,4.024823907499452957e-02,-2.412735127202809138e-01,4.768501133409643739e-02,-4.009313638941919278e-01,1.576612055282161362e-01,-3.363404813980268582e-01,-4.029843699531283560e-03,-4.633169873129011629e-01,-6.307910684939983526e-01,-4.337202768075212878e-01,-6.788000349278973111e-01,-2.074235277033810165e-01,-1.977770002905279156e-01,-9.296022917804291907e-02,4.923569370842827142e-02,-2.641251073600879851e-01,-4.268171133870974354e-01,-2.980436518774475796e-01,-2.608420560950950318e-01,4.688030639610644285e-02,-2.374225786666882831e-01,-4.046120136603627571e-01,-1.606363130822947849e-01,-3.388513145197283860e-01,1.418407661234616889e-02,1.076149366731293799e-02,-8.930589512531933449e-02,-4.062411739042161990e-02,-1.760151394987394258e-01,-2.528118589732314958e-01,2.701198694057173610e-01,2.290916798227954632e-01,1.137144482176069699e-01,-2.734052959297092467e-01
7.822352862310022470e-01,0.000000000000000000e+00,9.608273473789644137e-02,-2.688536252817352867e-02,-2.941181213658352056e-01,-3.631999937832807723e-01,-1.732379997849261555e-01,-1.132615508122862269e-01,-2.406395890989411757e-01,-3.003584178328436716e-01,2.273563883318151790e-01,1.337402032708198338e-02,2.284164807524959873e-01,-2.989735938351317790e-02,-1.263192433326687236e-01,-2.024439896681897444e-01,2.163620967562313036e-01,2.973129389048316806e-01,7.127960037376903646e-01,6.499137713251487147e-01,-1.999957395226398815e-01,-1.640252570558020373e-01,-2.638798412684648098e-01,-7.320637199796936612e-02,-1.842785332973096435e-01,-1.220777415429529361e-01,2.067226478796967484e-02,-4.926963963350127623e-02,-9.589285917773771040e-02,-2.382596525217492434e-01,1.500737244918537439e-02,7.341862156598581712e-02,5.465809808291574035e-01,5.017260711128787021e-01,-1.172206751292444865e-02,1.066716528412819387e-01,-2.243657942004405881e-01,-1.111037823542283531e-01,-9.345302722323011943e-04,-7.176790012185046974e-02,-3.593961417546859272e-02,-1.348837183080501267e-01,1.592704058101448161e-01,4.133568805789623601e-01,5.339794480594993731e-01,5.095991233236891738e-01,4.821218325621521444e-02,3.020263098358794696e-01,3.186308824493509495e-01,4.002181897580230352e-01,-3.189721055554985835e-02,1.016770722846408875e-01,-1.654944805394734653e-01,-4.097480607204105618e-02,2.909432497409640273e-01,3.610790327014400947e-01,8.491549768952095789e-01,8.512904750800318610e-01,1.872558112670328623e-01,4.029944341681752085e-01,-7.722054858026270591e-03,-1.677579133154214197e-01,3.769124196322253262e-01,3.191166902567156571e-02,-2.272220767716597034e-01,-3.405817116206746320e-01,2.315694036074438245e-01,3.342767462409597656e-01,6.025588598621464120e-01,6.873697830011873400e-01,-1.062024187549776982e-01,1.128037032125035061e-01,1.985280932747849891e-01,2.811990187701225441e-01,2.524962659883759897e-01,5.870735839425321456e-02,2.665423507697907701e-01,3.965199034470813233e-01,-2.533738035539591024e-02,-1.074001895842254320e-02,4.533474000783765945e-01,2.060267692740422041e-01,7.741238438149082579e-02,-1.204286711480294370e-01,-2.373145997554558240e-01,-1.188833888155135660e-01,2.062214457998997053e-01,-7.951102436406202664e-03,-2.543871518268642218e-01,-3.561608059464397846e-01,-7.335411794886151915e-01,-4.816365997974792479e-01,-6.643597796512598075e-01,-7.603938456984807304e-02,-1.219369504534496274e-01,2.192630387041035259e-02,-5.062581004004519658e-02,-1.122781288959569662e-01,-3.149276030023944739e-01,-2.996428844897860988e-01,-2.995892354408727365e-01,9.300795201914212329e-02,-1.160341794849308189e-01,-1.709318210356026990e-01,-2.663659436458847285e-01,-3.198978826618493199e-01,2.597272914415584347e-02,1.733882110539695653e-01,4.625011800211381585e-02,6.572253189216895053e-02,-2.031042141992844552e-01,-3.808699191435158671e-01,2.184572820949044480e-01,1.397940802340034427e-01,-1.219542260489175911e-01,-2.883203450267355361e-01
3.110104359940918939e-01,9.608273473789644137e-02,0.000000000000000000e+00,4.014454850268049935e-01,2.561368129872185206e-01,1.079216214919522382e-01,7.274987002861164065e-01,1.877061176815969512e-01,5.028260329463367651e-01,9.824695666956782814e-02,6.881888363912345985e-02,-1.639560586166182443e-01,3.803013473312815695e-01,7.023411420959485389e-03,4.270208904460422450e-01,2.441821502575511893e-01,-4.587338558459453375e-01,-1.756059513933627136e-01,4.242901859186395952e-01,2.834297520126544123e-01,6.179342973510493220e-02,1.094045852483911119e-01,5.231521364820946873e-01,4.409148404625837236e-01,8.725414872953615730e-02,2.158799845108636817e-01,1.265568595659038731e-01,-3.289960016175735857e-02,-3.843552610611051801e-01,-1.894508539446956574e-01,2.266362091695982850e-01,2.600885542436623954e-01,1.878137890254836240e-01,2.025974689747396529e-01,2.296866548586085632e-01,4.775170523128569565e-03,-1.088711812074829276e-02,4.064710486352432484e-02,5.371227119860347982e-02,-1.570297237201522256e-01,1.400770635857025714e-01,-9.364681408999438184e-02,-3.510213973408436994e-01,-2.345931486156361268e-01,4.745570999995998157e-02,-3.225983987546077181e-02,-3.235743081158071743e-01,-3.770711308773525006e-01,-1.937110937774490504e-01,-2.880354532632060094e-01,-3.671366954772665725e-01,-6.230548722342391654e-01,-4.074992764101450504e-01,-6.794865020164533309e-01,9.219538929996783094e-02,-2.288518362378570425e-01,1.798131834833361503e-02,1.093869236418626087e-02,3.823651728571876574e-02,-5.865347831705818721e-02,2.691732010767332664e-02,-2.227934406371465670e-01,-1.971702023385090430e-01,-3.009549562059739558e-01,5.449710220503254376e-01,-5.879870827618574082e-03,2.995077431952603564e-01,8.871737369334220524e-02,2.521531161495612627e-01,1.550415752559396523e-02,2.677573021665138331e-01,1.226159305676449429e-01,-3.945141229209744166e-02,9.397928832274861713e-03,1.488136758479501331e-01,1.051528526729020446e-01,1.868150737247153970e-01,1.164078009168502958e-01,-1.965732657239244729e-01,-2.202359050358067560e-01,2.543392826796656014e-02,-2.847905306551181126e-01,1.599176141884373070e-02,-3.428068827310857408e-02,4.115477327570396526e-01,-4.614922949571654276e-01,4.011670649688584556e-01,-1.244927637816348187e-01,1.284487987490789407e-01,-3.870364515984439646e-01,-1.833614932425250144e-01,-2.036693120245195998e-01,-3.099285044037088377e-01,-2.268424914154294758e-02,-1.723738939657261104e-01,-3.353817444780194390e-01,-1.474610402255976602e-02,-3.183859406523609215e-01,-3.190340514878906714e-02,-8.057927801043245075e-02,-2.179296799358391382e-03,1.176553395932370127e-01,7.645004825084396327e-02,-9.189011975481560512e-02,1.383279933769225589e-01,1.540728351965412191e-01,9.447761543605992518e-02,-2.737979781976804805e-01,-2.352795003885134184e-01,-1.246555461195622966e-01,-3.044473968311762202e-01,-2.716866581242217138e-01,2.560781113315750979e-01,-5.305425059798495740e-02,-9.675159386675800943e-02,2.405093893133501692e-02
-1.447922113037275471e-01,-2.688536252817352867e-02,4.014454850268049935e-01,0.000000000000000000e+00,3.694900773501971769e-01,6.275071184695040216e-01,3.615805104669078118e-01,8.238267415831370677e-01,3.678779812554419659e-01,5.589431052264803856e-01,6.233460534951097004e-02,2.670674259739440060e-01,1.423138833830749073e-01,3.597071310543115130e-01,1.963687861872149276e-01,5.244118259738783649e-01,5.485427624932234097e-02,-4.282681037217495601e-01,1.636064079755556733e-01,1.917894060314161153e-01,7.852298310779408375e-02,1.864508802493810569e-01,3.584507773141415443e-01,7.108892429921382927e-01,1.466516786350972323e-01,3.679768831539156904e-01,-1.927173879833895750e-02,1.504936022319895705e-01,-8.314920856484289691e-02,-1.304133004566011833e-01,3.465894995555952596e-01,5.312172103740930851e-01,-1.789353910480621368e-01,9.939418849898173924e-02,-7.185528364458484973e-02,1.587526402742693854e-01,-1.220613402693804667e-01,1.461673540254497250e-01,-1.137461562520920150e-01,-8.097822124281685296e-02,-5.380973628922436358e-02,7.739181018569020465e-02,-2.088374499788290262e-01,-2.038707657621427471e-01,-3.038757718893390636e-01,-3.398551042762938956e-01,-2.644204518284377081e-01,-4.779142441626085258e-01,-4.519006272092226939e-01,-4.356135774018332074e-01,-4.624975896786268637e-01,-3.263238900157351963e-01,-3.921599330536243433e-01,-3.203841360049412557e-01,-2.228322229019986112e-01,-2.795420452689761914e-01,-2.753787958470095831e-01,-2.221523865584519863e-01,-3.823591826054320575e-01,-2.549613341554302082e-01,-2.294581195043196575e-01,3.229116889430059811e-01,2.759186473478831836e-01,8.912042416243493026e-02,6.389681274828946933e-02,4.330299058360341236e-01,-1.783140679694426300e-01,9.105075471142486110e-02,-2.601223913115196518e-01,-2.694977505986136945e-01,1.038940169383135437e-01,2.194501064750768449e-01,1.293720734529396066e-01,6.943770223992401514e-02,-6.763911875692775466e-02,1.172601760668305071e-01,-1.554048497226578895e-01,1.778138716562124161e-02,-1.771939387375413288e-01,-2.594539623424063080e-01,-1.586410086715282497e-01,-2.032927060328907354e-01,6.672828072721603831e-02,2.334063179316299419e-01,-1.156558093301204501e-02,8.526846042078775612e-02,1.763091287791552497e-01,1.821324324583895871e-01,-2.101872037842612007e-01,7.883246833565128731e-02,4.887542761415288040e-02,1.239236401759879515e-02,-1.351019027463247132e-02,1.248110206184376708e-02,-1.340761244301046373e-01,-1.174375033563406640e-01,-1.807406916533821004e-02,-1.002613576192378786e-01,3.006045138523695259e-01,-2.347134988125768387e-02,5.567254484822414112e-02,4.757323767032865802e-02,6.749923738226072667e-02,1.267611934657967010e-01,5.843136688321056565e-02,1.209561313759615064e-01,-1.137340199261827473e-01,-1.121765736187835399e-01,-1.963565842921708438e-01,-1.120981799711391613e-01,-3.460451267474601300e-01,-1.657225446431211946e-01,-9.024238673872907179e-02,-1.647638294576615203e-01,-1.037708417961447499e-01,1.019572254620728785e-01
-3.133289217113665037e-01,-2.941181213658352056e-01,2.561368129872185206e-01,3.694900773501971769e-01,0.000000000000000000e+00,6.169827266375681463e-01,3.873242913491015127e-01,3.043712134987689444e-01,5.772533212427277682e-01,3.574211608377544369e-01,-1.450433768579129368e-01,4.742740006836339284e-02,-2.422207165603051590e-02,-3.157828795854888959e-02,4.232802089254144584e-01,2.444952929205923831e-01,5.468623689411297728e-02,-2.856729285723384471e-01,-9.943045526518480559e-02,-1.222591749963065355e-01,2.052086803718383423e-01,2.578884799282665230e-01,5.060134750888475308e-01,3.170529995951142377e-01,4.384090590199160586e-01,1.518099480759575737e-01,-8.293476366455859727e-02,5.496218981777009280e-03,1.724850708068434990e-01,2.451667564592250603e-01,4.648425385434222790e-01,4.318917865409026557e-01,-5.771355293091381261e-02,5.624484838012157317e-02,5.231283365472643582e-02,1.041435982112373787e-01,-1.953652059498923454e-01,2.181249267459585139e-01,-3.229054357620149696e-01,-1.813454099097731032e-01,-9.402724985532386059e-02,4.197725493810777059e-02,-3.437023906765953041e-01,-3.099788360179732694e-01,-1.619255353084164684e-01,-2.540192954172483808e-01,-1.154084943308376354e-01,-3.910566402285521881e-01,-2.466634052650601983e-01,-3.267424647831093654e-01,-3.414519634501931855e-01,-3.895087035138833920e-01,-3.046528020731138486e-01,-3.527508269614469394e-01,-3.289682363881606952e-01,-2.358121585613219273e-01,-4.056751921733648403e-01,-3.497041302468169022e-01,-1.776023602135856916e-01,-2.379723455219769079e-01,-1.541886129238942693e-01,1.380322819801615697e-01,-1.106546934723634662e-01,-2.230944237320612866e-01,2.871599954767373175e-01,3.180132932100925847e-01,2.389582408909560196e-02,-9.907532219663627016e-02,-2.785098724001263681e-01,-2.183928127153985932e-01,2.731142652819843475e-01,2.770130794999966506e-01,8.429659863391950059e-02,5.836509777077254074e-02,-2.291156660120592659e-01,1.857111341454409925e-01,3.300297671280634504e-02,-8.993510023509981854e-02,-1.892632903678454770e-01,-9.233738445857640753e-02,-2.812480295197614111e-01,-2.622908047642715235e-01,6.550329169447770272e-02,4.731661314806671209e-02,1.777250305253450999e-02,-2.542482705024380896e-01,-2.458024793485082127e-02,1.396520882147509468e-01,-7.108145944644603254e-02,-1.216764689574521413e-01,1.150020043939380537e-01,2.237653086521948498e-01,2.858641703229074932e-02,2.001492204533782404e-01,2.439921845938984313e-01,5.003745668803111397e-03,1.292048363975198955e-01,-8.278209471001550523e-02,2.912681795755374115e-01,1.379343865860130081e-01,5.284797301653122725e-02,3.333674184408086938e-01,3.086641666213369439e-01,1.443221041080696709e-01,1.758222109908313957e-01,3.431497306698081950e-01,-8.271162403114797057e-02,-1.005387309382225203e-01,1.497716689629508269e-01,3.657771722983980955e-02,1.646890276124807762e-01,1.086589231523428095e-01,1.712468281065293307e-01,4.112766564424189149e-03,-1.143911716382223359e-01,1.121145510579508731e-01
-4.852268538780683538e-01,-3.631999937832807723e-01,1.079216214919522382e-01,6.275071184695040216e-01,6.169827266375681463e-01,0.000000000000000000e+00,1.977546057629611664e-01,5.936167819895277198e-01,4.181407424341317403e-01,7.837055788864411010e-01,-4.930651659304825102e-02,3.163972637489099182e-01,-4.601936259634377413e-02,2.615528751583386935e-01,1.968487944924993682e-01,4.703750164569001080e-01,2.102376122837054662e-01,-3.092491542512676439e-01,-2.028250885060775277e-01,-1.155302175330453068e-01,1.464613327544772026e-01,3.305679476800214012e-01,3.081541935261632448e-01,4.997539830371676706e-01,4.471923914904175068e-01,4.275214630434214236e-01,-1.201452211399732656e-01,1.645650153735739307e-01,2.104728096431834616e-01,2.941228226629751807e-01,3.918124960278675517e-01,4.648061797800616679e-01,-2.470876503652217615e-01,9.845031565450020755e-03,-3.469774376325867465e-02,1.233110967178666084e-01,-1.104894214255134066e-01,1.446831244467151889e-01,-3.931340041268981400e-01,-2.342165126779522100e-01,-2.478996338475056294e-01,2.928947256306433169e-02,-2.625889949655927924e-01,-2.968264063982215539e-01,-3.945035919828435156e-01,-4.068727847139790299e-01,3.291213141672861414e-02,-3.417699938610361809e-01,-4.213429442876067688e-01,-4.431305666347564731e-01,-2.943658737683455540e-01,-3.110171795910002257e-01,-1.994696773593855055e-01,-2.297752864064560030e-01,-3.562053611581267321e-01,-2.952359210152051272e-01,-5.372755064686931536e-01,-4.993857747666580194e-01,-4.632816555283128523e-01,-4.037779507186546324e-01,-2.729540785349600096e-01,1.954605279262013606e-01,1.209539466528989499e-01,7.430076948891545241e-02,-3.053412035438367225e-04,3.027207760303112227e-01,-2.879254432835385846e-01,-1.108409357781092591e-01,-5.870134179814978648e-01,-5.357886835669936065e-01,1.218848973326712160e-01,1.652153351047222218e-01,1.633714987771468230e-01,1.366627884210816490e-01,-2.791530816248331548e-01,2.830875282824048544e-01,-1.089322875301445837e-01,-1.474820878496334309e-01,-5.945515685638783770e-02,-1.151813014491929049e-01,-2.248867796339373282e-01,-1.189457355430572072e-01,1.504943533974161252e-01,1.804726396541286026e-01,9.999380121214902772e-02,1.277462663112117341e-02,-2.359529912281555994e-02,2.584952765219264426e-01,-5.168488515525973201e-03,1.306199849401822044e-01,3.400409834855253055e-01,2.600576344188739175e-01,2.644250353745737359e-01,1.911389405673259989e-01,4.584799615422560648e-02,-1.667657135467495166e-01,7.000446337366401928e-02,-8.678313356755712471e-02,5.325452964071464290e-01,1.719130100957175222e-01,1.738084318557367725e-01,2.330145030557614072e-01,3.386333316027788087e-01,2.511815101174619258e-01,2.978153601385392646e-01,3.538098436632088339e-01,-1.539148936532534484e-01,-1.488498424068858128e-01,-9.116725558546054375e-02,1.373858390966940443e-02,1.251572260932143181e-02,1.962795219523706947e-01,4.374213356251463458e-02,-8.383634473252882247e-02,-7.401035901535797656e-02,3.323405940958354954e-01
1.217553535816254667e-01,-1.732379997849261555e-01,7.274987002861164065e-01,3.615805104669078118e-01,3.873242913491015127e-01,1.977546057629611664e-01,0.000000000000000000e+00,3.493244587116161037e-01,7.091676674836484562e-01,3.012384239800329211e-01,3.690519729131465643e-01,2.359296800359367632e-02,5.774886691987405340e-01,-4.168933903252405870e-02,3.961111563758692999e-01,1.757793548775277714e-01,-4.585256238856052491e-01,-1.089664172663680486e-01,1.530999415979337475e-01,2.154432917813066742e-02,-1.377049054242816817e-03,-9.146398429739195646e-03,5.725430663370426609e-01,2.949990466597111616e-01,2.802632857093002583e-01,1.975018750686662883e-01,8.279861588805245698e-02,-3.844326689153661908e-02,-3.649526514722352677e-01,9.582862625744101304e-02,1.647820902075265714e-01,1.716175553432993661e-01,-5.907605456544057915e-02,-2.708552443302753715e-02,2.038133140689770140e-01,-2.638656948904026175e-02,-1.914184308028142600e-01,-6.724866613056793008e-02,-4.884308090139351244e-02,-2.151130988661969501e-01,-3.337899893860871159e-02,-1.637669715381122049e-01,-3.158981700733874409e-01,-2.661124485229239833e-01,-1.222044002382218220e-01,-1.892867174968696498e-01,-2.151056807679394833e-01,-4.634311984241953342e-01,-2.421608201270627203e-01,-3.722860085857607748e-01,-3.380060777232786751e-01,-6.113893304295815456e-01,-2.321923708325941693e-01,-4.812431932526161638e-01,-1.065898869342958577e-01,-4.261738683402193084e-01,-2.531753615777040944e-01,-2.944031369391990061e-01,3.478426149312651566e-02,-2.720609434398827409e-01,3.090489100825190016e-01,-1.198406447059303243e-02,-1.725277353639829703e-01,-3.010138598819736000e-01,5.853065186473166426e-01,1.136605548011172667e-01,4.266383109724822958e-02,-2.017217409335975431e-01,1.159037015465624182e-02,-2.575532443757989620e-01,2.762780199303859763e-01,1.993228755307538402e-01,6.440783612652960233e-02,-1.903885114055793581e-02,1.884590655762306659e-03,1.150669383773021553e-01,9.593706365875268038e-02,-5.151649087399476357e-02,-5.645274329364374094e-02,9.728466066898563969e-02,-3.146992068476610338e-02,-2.712624341504819014e-01,-1.404615661461494636e-01,1.603523457155058354e-02,3.273368970469475170e-01,-5.161539152758564120e-01,1.560581167309379146e-02,-3.325711394384968655e-01,1.835724208822218095e-01,-3.610381586963591349e-01,-7.068120148385263757e-02,-1.118810385373104344e-01,-1.803057682555972985e-01,-1.100269725235192841e-01,-1.976220519734572245e-01,-2.619452946119327774e-01,-6.530035578226914272e-02,-3.820601135621574107e-01,-6.873446618205591996e-02,-3.033107921203523349e-02,-2.203417305333401147e-02,6.517348100340913941e-02,-8.031768773896444391e-02,-2.248879267773086221e-01,8.092214856580698390e-02,2.401835103928742082e-02,-1.926037075871936399e-01,-2.073431184307180930e-01,-2.425964995578167582e-01,-1.478845457790581019e-01,-2.538166541064496018e-01,-8.691273888597300656e-02,1.607036793221531257e-01,2.400259109053890991e-02,1.644977162202260479e-01,-9.830793543013539859e-02
-1.617694787821386815e-01,-1.132615508122862269e-01,1.877061176815969512e-01,8.238267415831370677e-01,3.043712134987689444e-01,5.936167819895277198e-01,3.493244587116161037e-01,0.000000000000000000e+00,3.011804723617831914e-01,6.332304192536932774e-01,2.000032447493834131e-01,5.450390315574106248e-01,2.226527627044819213e-01,5.625055113740060619e-01,9.135949613757310406e-02,4.246398119473031585e-01,1.076120060821176838e-01,-1.893909532677667540e-01,8.511542116381264067e-02,2.130596505014126785e-01,1.018166056856106318e-02,1.428521736010439080e-01,2.042875705497752548e-01,5.282210135393785588e-01,1.749408091871766657e-01,3.286135262753580033e-01,-1.927624373850615747e-01,3.895163105017857008e-02,2.887729473011311013e-02,1.459413201999433252e-01,3.111900494678390694e-01,3.818751414233538255e-01,-2.282305704843373140e-01,8.013431644435467516e-02,-1.082540575777459629e-01,1.279109228313570767e-01,-2.605981683183088427e-01,5.550577795998210689e-02,-2.475139284976504150e-01,-2.417681235611263968e-01,-3.008607715164310359e-01,-9.773204623774682520e-02,-1.283037600554949864e-01,-5.831672330739354204e-02,-2.924901285964586206e-01,-2.463035500959214474e-01,-8.681148396629863317e-02,-4.060458404303491919e-01,-4.061434881146550602e-01,-3.552741305129599181e-01,-3.806794209634744020e-01,-3.031110035576491391e-01,-2.001700332296039442e-01,-2.268853343308809833e-01,-2.677085036724979883e-01,-4.010449262011198113e-01,-3.153378294107600510e-01,-3.062290804395238486e-01,-3.390303823215176648e-01,-3.428413542149339466e-01,1.618917624915808609e-02,5.302258182948311749e-01,3.982504991927105498e-01,3.507152551442975219e-01,-3.229429100084677678e-02,5.260781404955947593e-01,-3.256784027201357623e-01,4.672345884027009205e-02,-3.902086477544490783e-01,-4.284057529155947952e-01,1.027039450864165593e-01,1.890499614557027974e-01,2.412558535988206798e-01,1.224323516589148481e-01,-1.023621685938494452e-01,1.603556669275258140e-01,-3.181844094054313010e-01,-2.324984862080879122e-01,2.415581114957842529e-02,-1.524830658838710606e-01,-1.051978768416322874e-01,-1.749470620953922639e-01,-1.986894700292769766e-01,1.171447844156724427e-01,-4.036401797575364485e-03,4.518535573393694937e-02,-9.801329043698062127e-02,-4.595586084377676316e-03,-1.822792014009107509e-01,-1.945895954980502232e-02,1.774083608035926796e-01,-1.079940899872133542e-01,1.289054173897835331e-01,-1.408480477639255934e-01,-2.324960748300913815e-01,-1.412113063937813773e-01,-7.770913954358737996e-02,-1.029288101457541682e-01,2.912402492346595761e-01,-6.029944282843290038e-02,2.538652543097666414e-01,-5.506888058514227552e-02,4.679782587227933333e-02,-1.952115173004919345e-03,1.171616327922056222e-01,8.656504879407031505e-02,-1.213037506031531265e-01,-2.016769175113561630e-01,-2.540493000064542595e-01,-1.851290252558568106e-01,-3.752299157848540956e-01,-1.431995686489477004e-01,-1.306704888600153658e-01,-6.341715857778297549e-02,5.273342173148962836e-02,3.674362214751820260e-02
-1.452127667037783898e-01,-2.406395890989411757e-01,5.028260329463367651e-01,3.678779812554419659e-01,5.772533212427277682e-01,4.181407424341317403e-01,7.091676674836484562e-01,3.011804723617831914e-01,0.000000000000000000e+00,3.977995190663506930e-01,1.900749086340550176e-01,-2.060109085624958411e-02,3.285798111241089448e-01,-1.780021636303494859e-01,3.882724461606998911e-01,2.626579393118688016e-02,-1.771418982728872604e-01,-2.558363777211411505e-01,-3.083723125890356145e-02,-1.001366784530623999e-01,-8.025446428822705092e-02,-3.645383452009407638e-02,4.384865038690070604e-01,3.035295577611324958e-01,4.144524800088423278e-01,3.792175690679995825e-01,-1.385931905316478974e-01,-6.564695681755002010e-02,-1.909618622243495767e-01,2.576402751934877763e-02,2.083730047996127099e-01,2.211676208383647757e-01,-1.037404493600119215e-01,-3.541357642121082533e-02,2.012718592044716870e-01,1.165741906708179787e-01,-1.778980352876539661e-01,9.051414259632756254e-02,-1.847617865931142356e-01,-1.120666579525513157e-01,-1.038023916319917583e-01,-3.837648896074644794e-02,-1.750975077279997294e-01,-2.467210366935277399e-01,-7.253367932096660420e-02,-1.743489112579641453e-01,-1.350341758326016051e-01,-3.978513639716891315e-01,-1.461679576740028130e-01,-2.959897676265867417e-01,-2.058205234996836608e-01,-4.228745430303357811e-01,-1.462851509293570107e-01,-4.231986047246638627e-01,-1.471331945243505579e-01,-3.362030324225871447e-01,-3.200991808624241708e-01,-3.421941894125650752e-01,-5.937761098861742831e-02,-2.039340987095719093e-01,1.332521666661885817e-01,6.295698260217948150e-02,-1.215877583843383014e-01,-3.370192964804958335e-01,3.818230500721232490e-01,1.962752025963808433e-01,4.438019349413923481e-02,-1.167517321492785448e-01,-1.256594560570973851e-01,-2.645634030041449924e-01,3.102081615452632612e-01,1.597591780205273038e-01,2.715893772623299146e-03,1.747207088822012519e-02,4.095112240964488698e-02,6.678964160416972495e-02,1.314146688413648512e-01,-1.610184554573142537e-02,-1.179837851031774049e-01,-1.419569630618791600e-01,-1.410671337295344163e-01,-3.574654856993265128e-01,-5.024453329510642635e-02,-3.675604085841416985e-02,9.301076446196054892e-02,-4.559336730518752101e-01,-1.329268682251079081e-01,-2.122703227725174224e-01,1.242773965872740333e-01,-2.686175226080590450e-01,5.149449489864558333e-02,-1.523679746353623181e-02,-8.964645397711802632e-02,-9.607279621127529437e-03,-9.596541672615764573e-02,-2.166534100391639128e-01,-8.715185689227082644e-02,-2.760701755325118412e-01,7.037258261577036822e-02,-1.843199650601904521e-02,-1.102384753165658177e-01,8.012473236858186354e-02,4.950021817920802203e-02,-8.636656193315474239e-02,5.453469728682015620e-03,9.408472133243991897e-02,-1.787470837053325157e-01,-1.800378709845477376e-01,-1.003981374901017631e-01,-1.315541173723748791e-01,-2.735175929712219817e-02,-9.398957936578463540e-03,1.166251286698527928e-01,-1.433825228050608636e-01,-9.949879121709438723e-02,1.281530938464533510e-02
-3.741160538130466895e-01,-3.003584178328436716e-01,9.824695666956782814e-02,5.589431052264803856e-01,3.574211608377544369e-01,7.837055788864411010e-01,3.012384239800329211e-01,6.332304192536932774e-01,3.977995190663506930e-01,0.000000000000000000e+00,1.232694645125122918e-01,3.675311663083690172e-01,4.700063705148216364e-02,3.122379632253654003e-01,1.833916348787129891e-01,4.402501877109970541e-01,4.730419589953813175e-02,-2.164700550090806475e-01,-1.685798679778126308e-01,-8.959981005002446916e-03,8.225660704174531102e-02,3.164963122175041832e-01,1.934039024995088951e-01,4.115081668407103432e-01,4.242115494897634176e-01,5.521770265267521571e-01,-3.871582293868624375e-02,4.579348254795277684e-02,3.391133410717742103e-02,2.505232713482192231e-01,2.396698781791293531e-01,3.228334283221502288e-01,-2.710142208641866390e-01,2.104034679077551942e-02,-6.119931502238094845e-02,1.033824948378722491e-01,-1.581375550824612730e-01,-1.885305507838603515e-03,-2.493043901485297309e-01,-1.456351547206753694e-01,-2.980496411987464400e-01,-8.201124028249090481e-02,-1.364816492026495465e-01,-1.104384564329493057e-01,-2.462825621983704139e-01,-2.114633350975960446e-01,7.943631585607674461e-02,-2.398184797686719882e-01,-4.115299975203940419e-01,-3.569675232033375778e-01,-3.235736571713700438e-01,-3.384666157550836330e-01,-1.351174331505833048e-01,-1.625807807746641465e-01,-1.298124730586652231e-01,-2.722763617976898809e-01,-4.299173410449287358e-01,-5.048069901125337156e-01,-4.149301278977506890e-01,-4.335095148806840659e-01,-1.164865148066589057e-01,1.828109483414428194e-01,1.790714656327054011e-01,1.247856927822164758e-01,-4.945639864075554448e-02,2.712952619044984859e-01,-3.142809083779014023e-01,-1.273525777081624226e-02,-4.888850865987416361e-01,-5.213670741454298208e-01,1.522833163921820387e-01,2.395995977339272776e-01,1.712814765648466853e-01,2.088407952791470623e-01,-1.573327438185875282e-01,2.472134406482485447e-01,-1.295448166143433333e-01,-8.349651534219226789e-02,8.131514522428762853e-03,8.185260614158916537e-02,-2.815406005369480713e-02,5.867159778889127070e-03,-4.720294608211383046e-03,1.760759811703165312e-01,7.379991263580158722e-02,-3.034137907657257632e-02,-3.649600064341947114e-02,1.079000084718934604e-01,2.870810555513773552e-02,2.485061356213300390e-02,2.388278492759578209e-01,-2.682271954941704145e-02,2.032995937349650895e-01,1.663093205352331530e-02,-3.212443220400001964e-02,-2.323708142237109198e-01,-8.865599117625810877e-02,-2.491943231780921475e-01,2.418070938497233202e-01,-7.550997818516853866e-02,3.255113473287062353e-01,1.709267723414185092e-01,1.937239256126121190e-01,1.841569348864889252e-02,3.352213647496421478e-01,2.319818977001376348e-01,-1.362709517649846602e-01,-9.862049953068974251e-02,-2.567490627290178185e-01,-7.362068019355642867e-02,-1.811802326879351221e-01,6.031255664494482999e-02,4.727619031177581616e-02,5.347883417825988195e-02,1.918319449110634789e-01,2.896103417970564142e-01
4.755334560834682534e-01,2.273563883318151790e-01,6.881888363912345985e-02,6.233460534951097004e-02,-1.450433768579129368e-01,-4.930651659304825102e-02,3.690519729131465643e-01,2.000032447493834131e-01,1.900749086340550176e-01,1.232694645125122918e-01,0.000000000000000000e+00,4.558319308047699692e-01,6.873735734338877190e-01,4.249144315527566152e-04,-1.487813110597305810e-01,-1.755669136511661399e-01,-1.275970169395779508e-01,1.105512080431157729e-01,1.976987737293885716e-01,2.086585874710052135e-01,-1.929583229239435205e-01,-7.664401645520994844e-02,-1.231400003828241052e-01,-2.080519514548031801e-01,1.844663378468493486e-01,9.160890939884071271e-02,-1.005068020252210433e-02,7.346877912663277166e-02,-1.070632032885809604e-01,1.832206731538947309e-01,9.797009048847629686e-02,-2.188887677519560718e-02,-6.176795470305868063e-02,-4.122363686379249686e-02,-2.595328291367896556e-01,-2.963817943325330329e-01,-1.103379630315072524e-01,-3.239204222706943415e-01,5.474276473751936434e-02,-3.295094990546385515e-03,2.991024393827171682e-02,-8.996112161684620412e-02,2.133162059304795355e-02,9.270023950333074192e-02,-1.264038073096512005e-01,-1.290239492570119106e-01,1.230146795061562021e-01,-5.428485236647492135e-02,-3.060455168352384583e-02,-2.693648648457869915e-02,2.575274361488914462e-02,-7.838806282874344333e-02,1.616762219033521242e-01,1.502630249986708078e-01,-1.491473873993108025e-02,-1.671769248518876760e-01,1.455089785590316098e-01,-6.273947107350845865e-04,1.894141764142453221e-01,-9.608965689202715599e-02,5.756278798186262868e-01,1.961477851267206043e-02,2.839709365937654884e-01,1.516339714294787089e-01,-3.066461408332621930e-01,-4.475215774624225484e-01,-5.591939278895901033e-01,-4.978569546947280711e-01,1.454842502018522943e-01,-6.503928145602105859e-02,-8.092269877013023860e-02,4.351382599097739640e-02,9.192391909842828612e-02,1.158584738908590428e-01,-1.193187273579593977e-01,3.804001190370495666e-02,9.950010602921052771e-02,-1.612001879824152828e-02,1.568770228896423369e-01,2.993807544461877246e-01,3.033535701161587106e-01,-2.979975825162124378e-02,-8.925303300041395604e-02,-4.259098684115483063e-02,-3.080795614736754964e-02,-2.568154862816094952e-01,-2.706339991314489213e-01,-4.041420070144444154e-01,9.739445526054785196e-02,-1.944829588472794801e-01,-2.004525122148771432e-01,-2.437351678697191604e-01,-2.983013399423322110e-01,-1.651550072834192251e-01,-2.241075711415481120e-01,-9.227946907609693716e-02,-1.892771727562916548e-02,-3.357565503965393439e-01,-1.278730539226584362e-01,-2.045473544723120651e-01,-2.287805953684355076e-01,-1.581192250040721822e-02,-2.205795015675304227e-01,-3.223585255230412838e-01,3.040903650009631892e-02,-2.238100885725368694e-01,-2.184172264973197886e-01,3.390645540050948870e-02,-2.054060529123130641e-01,-6.326342977950499824e-02,-1.295470269817111109e-01,6.726165855609009259e-02,4.545390358695319821e-02,2.111231553581084108e-01,1.587785385291401452e-01,-1.900256979198291230e-01
-9.265449213796343297e-04,1.337402032708198338e-02,-1.639560586166182443e-01,2.670674259739440060e-01,4.742740006836339284e-02,3.163972637489099182e-01,2.359296800359367632e-02,5.450390315574106248e-01,-2.060109085624958411e-02,3.675311663083690172e-01,4.558319308047699692e-01,0.000000000000000000e+00,2.678105192382218003e-01,5.129643657055729111e-01,-2.205511200165756747e-01,9.427934742038557303e-02,3.303114876316203263e-01,1.783001108107491184e-01,1.463887385812767394e-01,4.312565937237323732e-01,5.376388399516317251e-02,1.550208291754254786e-01,-3.168980434287088643e-02,1.706012489412628841e-01,1.448599617402918094e-01,8.486939205962296118e-02,-3.535564381069032924e-01,-1.443004711538344309e-01,3.587151276988523874e-01,4.701389649502553114e-01,3.500868314425340522e-01,1.509376169588455274e-01,-6.666542469717920416e-02,9.051186422700560619e-02,-3.500481668543690139e-01,-1.018049187248540877e-01,-6.855344257773296479e-02,-1.516676447090540593e-02,-1.595514632861779192e-01,-1.743746511381088216e-01,-1.427292256357460543e-01,2.606527625543163598e-02,1.042867375313796668e-01,1.854177578635913259e-01,-2.352631469662886943e-01,-1.102784986519046856e-01,2.728664257100159585e-01,-3.863268298659652822e-02,-2.475479169527536882e-01,-2.335130548079265289e-01,-1.781537089322789702e-01,-1.758970917559560809e-01,7.838045283422803711e-02,4.708386399938811750e-02,-1.473675393409702716e-01,-1.719589125116070816e-01,-2.357311570123626632e-01,-2.417437187838020751e-01,-3.189163594516795097e-01,-4.283041027723054617e-01,1.373286017959358396e-01,1.670577695863994516e-01,6.901214269752125041e-01,7.402288055433101643e-01,-4.421673076050304796e-01,-1.470404583821959821e-01,-6.563145001417409752e-01,-3.649782728870274995e-01,-4.268383081689441916e-01,-4.336799386550045377e-01,3.379022146581238395e-02,1.316035881009552377e-01,2.990604284752305109e-01,2.712157743916273067e-01,-1.515857990432586122e-01,3.040238245124023964e-01,-2.535743026936541633e-01,-2.405551155965913457e-01,2.346327416263533361e-01,4.748220673554947452e-02,1.831089743635682943e-01,1.339478097388607236e-01,-4.388250494807396235e-02,1.005334770563546254e-01,-2.472108966833480234e-02,1.068542935570934160e-01,-2.933574758075765954e-01,-4.289824667378946271e-02,-8.827645681222827390e-02,-3.027699067459967142e-02,2.467901527180586252e-01,-1.508616428866028647e-01,1.414619410833650170e-01,-2.646475246619942046e-01,-2.284596554309395733e-01,-1.604148282403271009e-01,-1.752227375309480251e-01,-1.758838277765722158e-01,2.855940322060576131e-01,-3.933612541037925098e-02,2.758172200216768566e-01,-1.729880055094439317e-01,-2.152118254832718208e-02,-7.776750745838818812e-02,1.148589098225086674e-01,3.843709295237386636e-02,-7.420129409599854342e-02,-2.257693286996591830e-01,-1.980735356198310981e-01,-2.785296873010182361e-01,-3.154611651200743272e-01,2.277715478020794423e-02,-1.198870926675974086e-01,-5.456181096157768085e-02,2.128240974929615850e-02,-1.005387292367351526e-01
3.933125467032492772e-01,2.284164807524959873e-01,3.803013473312815695e-01,1.423138833830749073e-01,-2.422207165603051590e-02,-4.601936259634377413e-02,5.774886691987405340e-01,2.226527627044819213e-01,3.285798111241089448e-01,4.700063705148216364e-02,6.873735734338877190e-01,2.678105192382218003e-01,0.000000000000000000e+00,1.663509385794074980e-01,1.715863846387125635e-01,-3.096437988891403720e-03,-1.891457376536537227e-01,2.301136915426955226e-02,4.074696657453398263e-01,2.503064941734907123e-01,-3.252225866927380138e-02,-1.394855957841697469e-01,2.817669568463198604e-01,1.124957973704516639e-01,1.063674236693444297e-01,8.848022283100129282e-02,5.307498216634543714e-02,-3.576799011300761666e-02,-1.832040853940448411e-01,-5.697789527774244078e-02,2.069234332204484827e-01,1.398659699070953777e-01,1.394263553038491976e-01,1.065712505297922025e-01,1.035939211125957021e-01,-3.652494181191261180e-02,-2.190314457110077162e-01,-9.894120619668487701e-03,-3.458459856742748112e-02,-1.648781991252102619e-01,-3.497280479293777417e-02,-1.371232396791677854e-01,-3.029695788403795678e-02,1.045489740990688116e-01,-5.409085825298027422e-02,-8.788470174559538661e-02,-1.247140102304667569e-01,-2.801398957074076046e-01,-1.256050421004756557e-01,-1.840538970363657378e-01,-2.209165991969181675e-01,-2.518504146437022251e-01,-2.167493645938769753e-01,-2.463273813436143433e-01,-2.349532095256970932e-01,-2.905448135025586742e-01,9.744131688801492552e-02,1.071945752570637872e-01,5.541451470616695629e-02,-8.628719854205378625e-02,3.736742205109866988e-01,3.920076971516923969e-02,1.556387358789605990e-01,-3.358757643032889151e-02,2.073672451848917742e-01,-1.901352608963998159e-01,-2.212793606652909140e-01,-3.678021968961515120e-01,1.349512289083356076e-01,-6.166253249565483568e-02,-2.338864748648231129e-02,1.894555060277323122e-01,1.685219119546231548e-01,7.600703909168010641e-02,4.514272627400952448e-02,3.013871961537372135e-01,1.125609836757344717e-01,-5.058639986066501212e-04,-1.016819140154758272e-01,7.021848909707927022e-02,4.694522330375230923e-02,-3.085833851069989114e-02,-1.834714224868098931e-01,5.254199209990692565e-02,1.173876335558980410e-01,-2.860815792155798065e-01,-2.147610465891986939e-02,-2.646630283041274123e-01,-4.996435482413208451e-02,-2.788220085445257679e-01,-3.053015380043963001e-01,-7.932961876728683581e-02,-2.573220881991654108e-01,3.429516140848892780e-02,-4.418804300904858318e-01,-3.471465577281813153e-01,-1.519363155445687119e-01,-2.168087328488508547e-01,-4.255916809901934272e-02,2.038518997842668837e-02,-2.425747855792114160e-01,5.117497336024395826e-02,-1.762523003436667901e-01,-2.534146223541749454e-01,-1.384357024062496389e-01,-1.195966454371688026e-01,-1.918989822063548456e-01,-2.450257200397555971e-02,-2.699584273272563339e-01,-1.672903240180098339e-01,-2.907883350615418916e-01,-1.328774831074978624e-01,-6.831977360473372174e-02,1.229230936969219201e-01,4.367890313908606714e-02,-1.833705199940286190e-01
