0.000000000000000000e+00,5.568084118374360125e-01,1.296587525575649824e-01,-3.049425753959017840e-02,-3.545307485383537016e-01,-2.107595684090833310e-01,4.480687610814265143e-01,1.659744851305045843e-01,-1.579708827029419060e-01,-3.779655792027292183e-02,3.130288595914804683e-01,1.005303781297970100e-01,3.977812909007114039e-01,2.481129678892357582e-01,5.077928366711234598e-02,7.222557145609088958e-02,4.338548719999722747e-02,-1.195894356500846467e-01,2.151592579490030910e-01,3.168625272382331604e-01,-2.611574238064968689e-01,-2.256675460652928511e-01,1.189999738208148694e-01,-6.439302085912939136e-03,-9.186205156406183903e-02,-1.474939411699956737e-01,-3.094694053570746783e-01,-2.640240190670293252e-01,1.590086044113362684e-01,-3.768662071110085582e-02,2.703204544003111609e-01,4.087190759397633100e-01,4.664912912253489363e-01,4.315527133199679177e-01,-1.044888099250762953e-01,-2.276180661449500320e-01,-2.746792440640062893e-01,-2.527523049903520058e-01,-3.106473731201593869e-01,-3.413256693250457663e-01,5.418821204146577475e-02,2.392009347545718048e-02,-4.109932392496589149e-01,-4.696991546181084054e-01,8.403438033871286905e-02,2.216083490409758230e-02,-1.627410300157290934e-01,-1.817348305271828945e-01,1.058250151855387178e-01,1.018709582213352255e-01,3.994949032405627903e-03,4.214433892780493698e-03,-2.045481266319914507e-03,-1.993650452688391639e-01,-2.352456758142103810e-01,-2.884223790100041152e-01,5.860060435023292102e-01,4.828568078906306238e-01,1.849609889595770773e-01,1.553994461684695128e-01,2.004918186701464267e-01,-5.200208478813930085e-02,-3.611351933995179259e-02,-2.065242775728188818e-01,1.147478846633808724e-01,-3.337509739129034675e-02,1.760438001028430122e-01,-3.031268195132508225e-02,6.017882028661266647e-01,7.134794652453172459e-01,-1.023492682958737979e-02,-1.340519480094700400e-01,-1.279932363686322738e-01,-7.834304026696788104e-02,-2.045816023559421382e-01,-1.963580439612412354e-01,-1.441953341801815724e-01,-1.109679485027601359e-01,1.691915100979798636e-01,1.339905935160222612e-02,-6.499490909058915078e-03,-1.463724504621835738e-02,4.295065781398493127e-02,-1.981970216532965290e-01,-7.296727096857927308e-02,-3.011700833875472494e-01,-2.491541159976012054e-01,-4.313739416479140942e-01,-3.712560310494424781e-02,-2.391577333256681703e-01,-3.599316455574335105e-01,-4.929725705604537378e-01,-1.830295478384930466e-02,-1.227917786940915662e-01,-3.040883061841394008e-01,-2.841147145819893916e-01,-2.518565070478173129e-01,-2.853017801596686720e-01,-1.257193508716215880e-01,-2.081770833678636412e-01,-5.359857837713474099e-02,-2.458650770169761579e-01,-1.829959146778542267e-01,-2.882636243861765313e-01,-2.830450892533621365e-01,-2.896044743855017423e-01,-3.673374445893400342e-01,-4.601928004317267784e-01,-1.778907638175087347e-01,-2.755011555497675624e-01,-3.012824385340920341e-01,-7.441136047795768316e-02,-3.255941525210456211e-01,-3.515282078408847322e-01,-2.374896448981565766e-01,-2.536624877092569785e-01
5.568084118374360125e-01,0.000000000000000000e+00,-1.147224902428820026e-02,-9.741173406005609881e-02,-2.430213909479950474e-01,-1.281454529350990190e-01,3.933260354043762175e-01,3.510004580735859303e-01,-2.289742716791705879e-01,-2.019722420547015451e-01,1.310446768883387625e-01,1.879733616463644674e-01,-1.111284134962257225e-01,3.026696231472176257e-01,1.816913501340042952e-02,-4.091486458820503547e-02,-2.839860068257801240e-01,-3.360927870333942358e-01,7.480123305557648261e-02,1.117030065152533475e-01,-4.423556208736950102e-01,-1.486581000711110490e-01,1.067134177700630043e-01,-7.429900594385932533e-02,8.018040313780785966e-02,7.101817861856483949e-02,-3.724263773046105341e-01,-4.169486093655169756e-01,-1.787783866709769520e-01,-1.590388485292651699e-01,1.785271391448397804e-01,3.464672386321630548e-01,4.033195464119175844e-01,5.064413377068075484e-01,-1.821246772213423182e-01,-2.903072479613224011e-01,-2.346587622263941464e-01,-7.989579215909028975e-02,-1.154198203822926067e-01,-1.867163956822707471e-01,-1.420475010430289620e-01,-1.145509159922076803e-01,-4.260052198368325382e-01,-4.417733999676093926e-01,-3.042944451456188262e-02,-2.685598306935167018e-02,-2.341193857331052286e-01,-1.751266566222395848e-01,2.272330774546550414e-01,1.479619982846840376e-01,1.230453256508574206e-01,1.610299928850400519e-01,1.331900770006308188e-01,-1.400271985484835002e-01,-1.747106560560257038e-01,-1.990939360689768789e-01,2.856000851022139075e-01,4.726266129033051544e-01,1.438376658908128158e-01,1.227331577895607456e-01,3.960438602800400026e-02,-6.696304262696929632e-02,-5.457600943505230839e-01,-3.385635833035498532e-01,1.122474480438616778e-01,8.721860807838938134e-02,5.745208915449237508e-02,-1.196730888215557509e-01,4.402169605000350594e-01,4.734277656616955321e-01,-1.181837147513610242e-01,-1.044472243239533554e-01,-4.307017564693064182e-01,5.307202943906132175e-02,-3.651223622496279075e-01,-4.000724582091135240e-01,-1.826601289831406294e-01,-2.486327396946817481e-01,-1.496321092592729218e-01,-2.971814790349661672e-01,-2.113664488386002016e-01,-4.058174814928312557e-01,-7.493530277757232128e-02,-4.110563004833050482e-01,-2.501391127636378234e-02,-2.835282538461943447e-01,-1.249097991533064805e-01,-3.072822647628435377e-01,9.512936639658009508e-02,-1.484209443023088715e-01,-2.214435950838298528e-01,-3.354682092876243860e-01,2.205718342890040096e-01,1.585927576083949742e-01,-2.430494464593417059e-01,-2.058056579309480438e-01,-2.532951260212283895e-01,-3.244098501064152096e-01,-2.821784771746346232e-01,-3.286644124248880861e-01,2.029581554209782257e-01,1.103944942772155102e-01,-7.323261642363226853e-02,-7.174084919918477521e-02,-9.744433854471062917e-02,-1.087908427703771358e-01,-2.953057993992661001e-01,-2.971179613420033561e-01,-3.342011964504001953e-01,-1.471570590667322931e-01,-3.767360121057993227e-01,-2.784752244045184955e-01,-1.212762098728031451e-01,-1.222113253215806605e-01,-1.431970807286088443e-01,-2.385433605503679277e-01
1.296587525575649824e-01,-1.147224902428820026e-02,0.000000000000000000e+00,8.062430909993973938e-01,3.034560375784177699e-01,4.324861046057695141e-02,6.131533162885198784e-01,5.190653898971130387e-01,3.162942360938957309e-01,3.287743278823655468e-01,-2.883256545390673262e-02,-2.956512466444718434e-01,1.248891409021363336e-01,-4.107639287046916388e-01,3.679074985854701718e-01,1.609627193846829840e-01,-1.681067576330369517e-01,-2.307050574868655668e-01,5.849884838136887311e-01,5.919671973273972210e-01,3.166416767506585739e-01,-4.742105200332347864e-02,8.692273394071940995e-01,9.013375293321594928e-01,2.493520099272690804e-01,-2.626452611893816819e-02,1.158606085653627604e-01,-4.273791053103789817e-02,-8.472369518628830587e-02,-3.657764275398944220e-01,2.070323022234432930e-01,-7.723068344310202128e-04,-1.439804073343210200e-01,-1.729346318671849403e-01,-3.503592248721659058e-02,3.376820562875247622e-02,1.527590004598132212e-01,-6.660472034633266314e-02,3.052857395146214015e-01,1.139573346479767491e-01,3.045009603643207829e-01,5.323163981911871456e-02,-1.104800222549574273e-01,-3.332895780263168961e-02,-3.186913328831624814e-01,-3.142169797545565357e-01,-1.005911365447439698e-01,-2.453532247386949194e-01,-6.494131286942116388e-01,-6.262474106973539012e-01,-5.338940827455922467e-01,-6.326665807699655142e-01,-3.478756874855893910e-01,-2.935926923623669582e-01,2.838032160594471387e-01,1.993587089519294475e-01,-5.884488942359301228e-02,-1.980053355677248994e-01,-4.365918039936602102e-01,-3.307442461384381138e-01,-4.173375435222049235e-01,-5.144331569752983446e-01,-8.245435267259737522e-02,-5.227999149933407752e-01,-6.386036835744245133e-02,-4.120184150245183030e-01,-1.007236030726851722e-01,-1.733782523189983660e-01,1.377433160621382713e-01,9.221977398456066011e-02,-2.387731552716142180e-01,-2.912764434477194686e-01,-6.165487116077275620e-02,-3.690193394004853689e-01,-8.354642481913993057e-02,-3.461856325760881425e-01,-5.378973817798978624e-02,-1.454421024144547103e-01,-1.051428303689277699e-01,-1.652745511052964578e-01,-2.914293509669492188e-01,-2.759413536330295180e-01,2.290643656879173262e-01,1.240491769608907807e-01,-6.256076560398249331e-02,-1.196421917719257960e-01,4.669810744895932508e-01,3.859239322166155839e-01,5.548033400285742184e-02,2.420260630876862051e-01,-9.929471823423585697e-02,-1.531045153905479517e-01,-4.269630463465239889e-01,-4.469259212962444772e-01,2.692014030621227572e-01,3.596377973583383958e-02,2.416006064734040892e-01,2.447938564302176712e-01,1.560248591535946527e-01,3.496417215565518488e-02,-1.133532879789525688e-01,-3.748107941018936073e-01,2.018538661945060431e-01,-1.037357059100485757e-01,-2.210465525281020971e-01,-2.562870162694107501e-01,2.428668238808091295e-01,3.149794546530261252e-01,1.840980413026192253e-01,8.830450982421481076e-02,2.073084364623281051e-01,2.410449269394846286e-02,-1.517528290188989437e-01,-5.491983575900366565e-02,-1.596670287368036345e-01,-2.909364567630223219e-01
-3.049425753959017840e-02,-9.741173406005609881e-02,8.062430909993973938e-01,0.000000000000000000e+00,7.315529528559376604e-02,-1.201962207382005487e-01,2.043028560711562525e-01,6.376631893681838914e-01,1.321973996675158691e-01,2.290414493977200039e-01,-2.643898003736259161e-01,-1.453636401984830517e-01,-2.043771368739015770e-01,-2.205418881428642952e-01,-5.703554618488739826e-03,3.041725712393734266e-02,-3.094654211634375596e-01,-1.090395736988341996e-01,8.738685997534781924e-01,8.384579268127190232e-01,1.184109953577534013e-01,-1.581512691319062192e-01,7.230883739932936205e-01,7.900466828653676110e-01,1.042930753952054507e-02,-1.324557714403634401e-01,-8.843052551801425243e-02,-2.095142143559997616e-01,-2.423262236610103093e-01,-2.940791475464381022e-01,3.701544918011503375e-03,-5.623509239348670197e-02,-2.159039972698723608e-01,-1.655383165576794768e-01,-1.486143502058148991e-01,-3.108764566076824710e-03,1.284551478047148421e-01,4.596960868712106352e-02,1.620118648433255537e-01,1.229209859601349542e-01,1.530197322497147960e-01,9.483940629013946910e-02,-1.126293391975420654e-03,1.740686297339842370e-01,-3.408520748649873644e-01,-2.518180048166828722e-01,6.409728977953255136e-02,-4.341336628728069413e-02,-5.301157853973493816e-01,-5.667440995901878997e-01,-4.122157418594963318e-01,-4.418682327467873261e-01,-2.534677040140398407e-01,-2.502059777491956738e-01,2.557436851307263170e-01,2.781871760010030670e-01,-2.691321802547682052e-01,-1.651892455646482849e-01,-5.129877650027412361e-01,-3.595417435727592537e-01,-4.310286059938531755e-01,-3.407701111727377552e-01,-1.214644823664498552e-01,-4.094329623802103191e-01,-1.622494933947541684e-01,-2.460379469544344277e-01,-2.956832600708727554e-01,-2.111441819506505169e-01,2.830004207055496490e-01,1.061984917546848900e-01,-2.793519071701875967e-01,-2.410602345042124894e-01,-1.262881760405238085e-01,-3.201072288927010456e-01,-5.498341925212282821e-02,-2.621379966319268839e-01,-1.256959478382623507e-01,-1.648052209962213299e-01,-1.502681400848987492e-01,-1.281759246511284811e-01,-2.542314149341796115e-01,-1.710957310893989891e-01,-5.848785399048318789e-02,-4.738919314632678015e-02,-2.278923276737670200e-01,-1.053421977641746065e-04,1.338593936894056369e-01,1.916771278128058809e-01,9.763524853321547958e-02,2.640282575508534069e-01,-2.201380507458703395e-01,-2.211183841822824681e-01,-4.930463842313583811e-01,-4.342628300475148695e-01,3.537286818266049404e-01,2.111633377590688976e-01,3.367054183953637203e-01,4.147651193896275679e-01,4.680592367150957119e-03,5.398649305467338212e-03,-1.680364603178585436e-01,-3.016474401052504639e-01,-1.893398953802965731e-02,-1.290407716379376735e-01,-3.194460727659945709e-01,-2.897265220449827816e-01,8.711870477615320241e-02,1.553588187410543109e-01,3.049651837355562556e-01,2.199051262547881969e-01,3.396059705559121844e-01,-3.193224460037008550e-02,-7.081991646334792612e-02,-1.176466085932859895e-01,-8.389740657566177595e-02,-2.368106121383917739e-01
-3.545307485383537016e-01,-2.430213909479950474e-01,3.034560375784177699e-01,7.315529528559376604e-02,0.000000000000000000e+00,6.210987647295665992e-01,1.205802952887811835e-01,-8.627833618533212179e-02,7.224438684304376190e-01,6.614369810245465109e-01,-1.446852761166385615e-01,-1.135790318134405341e-01,-1.768813234886391361e-01,-6.030541991491538134e-01,4.242889362359202332e-01,2.871252757504261233e-01,-2.375593894114706728e-01,1.409616506327085808e-02,-2.311498399018912797e-01,-2.068848461555408136e-01,1.261135410209302532e-01,4.417184468711176509e-02,2.997814298758821883e-01,3.963299989016507707e-01,6.601371297202084376e-01,4.756596690771562330e-01,1.876839428283162969e-01,2.073980834339798629e-01,-2.574527207869484746e-01,-2.742513592542460965e-01,-8.503500216009146628e-02,-2.832844892410552040e-01,-1.201260820304278359e-01,-2.113184685205393709e-01,1.179508724735788688e-01,1.079199876654280965e-01,1.382559818166397281e-01,8.036669008550201276e-02,3.497326305309618188e-01,1.603016092083997812e-01,2.435976902385491097e-02,6.342648841272748028e-02,2.791210314831762962e-01,1.874064668229086517e-01,-2.683580437460028056e-01,-2.577266025040459985e-01,-5.147327294941048299e-03,-1.345304953480470356e-01,-4.700183468231370343e-01,-4.709318179220178258e-01,-2.976736984103992567e-01,-3.758845212879833309e-01,-4.510656725397658995e-02,-3.884615246601337557e-02,1.480434372437357815e-01,3.596496150692526234e-02,-2.765722557182146435e-01,-1.700597350970120825e-01,-6.345667561902726406e-02,-5.383606200864638619e-02,-1.350070657087285575e-01,-2.330183533797286488e-01,9.974641685863973317e-02,-1.321573255805527092e-01,-3.601008586938516526e-02,-4.018541015142508832e-01,6.024700193967643530e-02,3.533370763656782515e-02,-3.955189913955357017e-01,-2.986811203905633261e-01,-1.107167456059472560e-01,-8.586026029649876379e-02,-7.778626363999735505e-02,-2.840778284826311895e-01,8.322166413035171628e-02,-1.155108046242769998e-01,-2.445997363826352480e-02,-1.333318666328515423e-01,-2.289772910349185397e-01,-1.955260731907661198e-01,-9.533516748831849519e-02,-1.643214517514043904e-01,2.231720280250768240e-01,2.502909184172286694e-01,4.318807490410945804e-01,5.156286573320868066e-02,5.821590750134483239e-01,5.096629983272533693e-01,-3.030606629875377128e-02,1.301781745374255318e-02,3.590277371088723690e-01,2.449781751175568179e-01,6.303678650341162926e-02,-6.169659098982207407e-02,9.993652361447494248e-02,-1.073646281735771667e-02,9.636916443759564743e-02,6.828325762141812527e-02,2.406021944277426106e-01,1.630435403531177163e-01,3.739884136410837751e-02,2.535852434573849026e-02,2.855294645885106952e-01,1.465852451916383470e-01,1.457619311699235864e-01,3.734117447207051937e-02,3.042542194549761603e-01,3.580815703297410835e-01,6.962811314987257805e-02,8.687599401036670554e-02,1.426065799607499074e-01,1.672910827113650023e-01,1.399847188559018990e-02,1.709875316501713871e-01,-5.405820770984498536e-02,-4.471335309754920911e-02
-2.107595684090833310e-01,-1.281454529350990190e-01,4.324861046057695141e-02,-1.201962207382005487e-01,6.210987647295665992e-01,0.000000000000000000e+00,4.309850822539172677e-02,-2.161896444518796867e-01,3.195369489688941189e-01,4.941336516968955483e-01,-3.166528459995928552e-02,-1.981490533091212480e-01,-1.024878107278600486e-01,-9.918605326765764230e-02,1.448908492999909925e-01,4.401567267283660878e-01,-2.266518906494144892e-01,-1.219732581628923951e-01,-2.321984329564306393e-01,-2.584539758983132041e-01,5.403301823928770981e-02,9.214784503513447078e-02,-9.892300026457319373e-02,1.236014496870651951e-02,6.306739694144065655e-01,7.786036560638037729e-01,2.785976146991683278e-01,3.656765163780091310e-01,-1.920849550528082317e-01,-2.210045040289583262e-01,-2.035620928617861702e-01,-3.531481282997922522e-01,-1.666455064980159606e-01,-2.805295233768285712e-01,-9.241984053036252089e-02,4.302555143122478026e-02,9.871235487101800987e-02,1.132688294444541693e-01,3.754949514697445423e-01,2.984353635546468930e-01,-2.406148023839142086e-02,2.319044535060129589e-03,-9.675778366406302677e-02,-1.413626259841730404e-01,-1.646138683727286778e-01,-2.846801969354175732e-01,1.621446544914403043e-01,1.695325842068607924e-01,-3.103177911406692635e-01,-2.652803374284908311e-01,-1.800855526377740934e-01,-1.933524539863198666e-01,-4.778792736753095620e-03,-2.240082395391820511e-02,2.758037296313775033e-01,2.496577126480097331e-01,-2.910707718841862857e-01,-1.355867703276815439e-01,-9.749481987869064448e-02,-1.090116621531901642e-01,-7.913417975319951558e-02,3.009314086612497816e-02,-2.886074459657424554e-02,2.962680878192264916e-02,-1.513078828690676558e-01,-3.209560552804167077e-01,-1.468873098104443442e-01,-2.177931801746697538e-01,-3.199807160301456621e-01,-3.119674651767703200e-01,1.940642350816837725e-01,2.546304062876119656e-01,-6.233042018111163707e-02,-1.326933282108009593e-01,3.376771778389930229e-02,3.882352997872477035e-02,-3.504418212714932590e-02,-7.574686680444579767e-02,-1.528355884003577692e-01,-1.078602342576362311e-01,-1.530629946164680788e-01,-1.057885001341326431e-01,-1.304909516259282649e-02,1.116026282991191831e-01,3.547840220619666307e-01,-1.244995984076196355e-02,2.634172901447016102e-01,3.201574140688451253e-01,1.373899452417167988e-01,1.091965930314684058e-01,2.044328016866039932e-01,2.051851893797813631e-01,1.544060242628252262e-02,5.952823652568237783e-02,3.483415284549936097e-01,3.030726435028467391e-01,2.739998633106817127e-01,2.091221429128250764e-01,1.763670501155183146e-01,1.492623628297422289e-01,1.893027802065522236e-01,2.308619551647493884e-01,2.596237411651606819e-01,2.587456699208610655e-01,7.823365710138098505e-02,9.674111423250757180e-02,1.214780036024400989e-01,2.850257561208290324e-01,1.238942628572440585e-01,3.811386215817667011e-01,2.991016717732062347e-01,1.862042390348863652e-01,3.765836384836124956e-02,1.071041828408772212e-01,-7.231171041996496685e-02,1.378238311880070899e-01
4.480687610814265143e-01,3.933260354043762175e-01,6.131533162885198784e-01,2.043028560711562525e-01,1.205802952887811835e-01,4.309850822539172677e-02,0.000000000000000000e+00,2.352290094802540754e-01,2.205694900954028037e-01,9.303476502096913459e-02,4.652778045708835797e-01,-4.294137156435270941e-01,5.114999734383545160e-01,-2.268038513382396870e-01,6.339094375643968826e-01,1.109780104239961318e-01,7.033336936475988177e-02,-5.898878647275518361e-01,1.238030043526362617e-01,1.859829220591588395e-01,1.675154626095522736e-01,-5.646337083746940516e-02,4.343939209480092711e-01,3.955305529876360637e-01,3.650501435507000347e-01,1.229592533515388997e-01,1.259639279319038352e-01,-8.282368532062976685e-02,2.451816378181459199e-01,-2.255582834183491037e-01,1.637848193143161546e-01,7.147890642512499948e-02,1.786171245686795847e-02,-2.894122509355089370e-02,8.487577814173955307e-03,-5.326972647432665076e-02,-7.905910236091021059e-02,-2.422699281405856497e-01,1.105906786478272202e-01,-9.169323072196219893e-02,1.022134133807740819e-01,-2.444183817701133243e-01,-2.079605228150851470e-01,-3.092055843264241988e-01,1.266148173434171187e-01,-6.008682836660574587e-03,-1.507188707497151281e-01,-3.308434771024078569e-01,-1.585577251686152433e-01,-1.072308763743942545e-01,-1.155750234277778260e-01,-1.831517855404389827e-01,-3.799536503323724251e-02,-6.742717850209264951e-02,1.116926146068978193e-01,-1.231846978123469875e-02,2.028347768808086427e-01,-1.800686095194329803e-02,-1.590324313278794199e-01,-1.353870203043553988e-01,-1.571296215153882569e-01,-3.038952368684293970e-01,-1.878542770393561989e-01,-4.698693763398456014e-01,1.708765313855218904e-01,-1.955466089850304012e-01,4.969032339834215245e-02,-6.210553955238461155e-02,6.780027602979020462e-02,1.372080249591737244e-01,-1.856261102627868309e-01,-1.928274079242927042e-01,-6.728184373423616582e-02,-1.518282344901065728e-01,-3.693608880952515827e-01,-4.244433724237330341e-01,8.166711431869615179e-02,-2.502594859023785437e-02,7.981622330969041779e-02,-1.094230179858468738e-01,-1.662578371626748930e-01,-2.703669821267122297e-01,2.453091106141374322e-01,6.458299140562319407e-02,1.827792028054849582e-01,-2.312802065610390923e-01,3.131327033746257316e-01,1.076220020273824518e-01,1.074263100574855273e-01,7.167865706423023897e-02,-3.136680668279614309e-02,-1.714698391170688396e-01,-8.453132473213617604e-02,-1.910593950434614219e-01,5.296085375714618994e-03,-1.817959260290463730e-01,-6.769636332256384614e-02,-1.325011525930346046e-01,3.213487587249154454e-02,-1.645498582216543271e-01,-4.460766436284964442e-02,-2.341571294982952300e-01,8.768581503845244984e-02,-2.080808666263969930e-01,-2.933826016608255260e-01,-3.470439119903312997e-01,6.959055677824854853e-03,-3.320794243443777466e-03,-9.036993015376247607e-02,-1.352173094407260190e-01,-2.187756842364288468e-01,-1.520977873745227027e-01,-3.401336726167470403e-01,-3.022973429749636898e-01,-3.904226068249161963e-01,-3.767187941345760960e-01
1.659744851305045843e-01,3.510004580735859303e-01,5.190653898971130387e-01,6.376631893681838914e-01,-8.627833618533212179e-02,-2.161896444518796867e-01,2.352290094802540754e-01,0.000000000000000000e+00,-1.543149190534300053e-01,-4.241776499855649807e-02,-3.302007571513926321e-01,1.486230791284356978e-01,-3.159082789433785288e-01,5.946480474845259462e-02,-2.286216532396359580e-01,-6.999756993490581503e-02,-3.864842909664945036e-01,2.968567636504435350e-02,6.522216391778117295e-01,6.154382940246233558e-01,-1.475061369104794795e-01,-1.289645333557233320e-01,5.665007961489577637e-01,4.919688678298218543e-01,-1.087929533127405812e-01,-1.150765343002673330e-01,-1.768583770061965543e-01,-3.731232205776638389e-01,-3.406701109789228576e-01,-2.737875093978364149e-01,1.010415082737166625e-01,1.244404092623210972e-01,-7.251750611516011302e-02,1.631215296811951432e-01,-1.337466932470325609e-01,-1.499547456921635491e-01,-2.455398727292480363e-02,7.573702412128180406e-02,3.908981954409478793e-02,1.300667327587603020e-02,-2.281625707338220607e-02,5.801137061670420120e-03,-1.596270398866866599e-02,1.469508294324467501e-01,-3.526488133760459220e-01,-1.814103601383567077e-01,6.264536090647340738e-02,1.471932588233142332e-03,-1.992723411490801289e-01,-3.075052874346584919e-01,-1.635181936631195654e-01,-2.104446035769498846e-01,-7.075840873852647095e-02,-2.658923383625833581e-01,1.196732619940995002e-01,1.461354127609861830e-01,-1.153621527613102604e-01,2.136805039745194590e-02,-3.396911889211601254e-01,-2.136393301531724076e-01,-2.833309533797306323e-01,-2.405017882518007688e-01,-2.798285108664079757e-01,-3.900188652677347712e-01,9.076290851156187944e-02,-3.252559133711953321e-02,-2.640535393791135221e-01,-1.601518593390819922e-01,4.862922867522891379e-01,3.385141279883115972e-01,-2.040555851154830513e-01,-2.010484890606246411e-01,-1.628576279053761677e-01,-5.269209176201100631e-02,-1.009533982100296878e-01,-2.134111049375683744e-01,-2.052252644985541608e-01,-2.246456454951627213e-01,-2.738340668718701743e-01,-2.473726746735046278e-01,-2.052362851085041684e-01,-2.393369609710243595e-01,-2.336472527098321372e-01,-3.202342944255018309e-01,-1.038440048790505305e-01,5.398465109169202358e-02,6.639133813040494492e-02,4.790170669420971278e-02,1.771024477919999895e-01,1.537583921970912260e-01,-4.751723920916353650e-01,-5.140738277297096648e-01,-2.467898181080582232e-01,-2.569526689624299087e-01,1.589965230102286520e-01,8.357902313558317198e-02,1.712977780138301154e-01,2.150648664893439199e-01,-1.418763875594030999e-01,-9.869082016780120203e-02,2.714169089229982734e-02,-2.383926132637618212e-01,-1.720162575117856474e-01,-2.221160993724342059e-01,-3.366895593284174870e-01,-3.538061926326960815e-01,-1.469744575359723526e-01,-9.004923068320012935e-02,9.761007152718637059e-02,1.948397423226010672e-01,2.069103592254368795e-01,-8.199267260269352264e-02,-1.377307461872434857e-01,-1.683893622913958388e-01,-1.911874249710885376e-01,-2.517400958560010449e-01
-1.579708827029419060e-01,-2.289742716791705879e-01,3.162942360938957309e-01,1.321973996675158691e-01,7.224438684304376190e-01,3.195369489688941189e-01,2.205694900954028037e-01,-1.543149190534300053e-01,0.000000000000000000e+00,8.420129431537126674e-01,-4.912220150414318975e-02,-3.009076214223058154e-01,9.317000465168201462e-02,-7.690698132890106953e-01,6.965231484872463907e-01,3.419491828674455225e-01,7.902384893347318140e-02,-9.957208726966099155e-02,-7.658140662839039992e-02,-2.789121474872405596e-02,2.135812256103965523e-01,-6.267846758034030519e-02,3.235319522704823147e-01,3.507869064182177476e-01,4.744908621367016632e-01,2.021933386126022469e-01,2.020596566181355209e-03,9.556524250306260015e-02,-8.227733138077875943e-05,-2.085611255794724700e-02,-2.700432587410129814e-01,-3.748486231089850351e-01,-1.381350432122823157e-01,-2.178102031610071043e-01,3.130304550806263242e-01,3.141994354607494655e-01,1.249885820149115728e-01,2.048140366464935858e-02,1.148008395581456703e-01,-5.037230104911258333e-02,1.059785664329752908e-01,7.012935486692871423e-02,2.228519585886204468e-01,6.811647985161420338e-02,-8.198802199492359610e-02,-1.599397342649813425e-01,-1.115218812305574375e-01,-3.035015881738702959e-01,-2.461614216604447458e-01,-2.424127471393961175e-01,-1.540665247945997574e-01,-2.206364797052408344e-01,-8.846903562516028607e-02,-2.022149013552572688e-03,-5.752044883741384146e-02,-1.800188365275759428e-01,-1.462796386865955756e-01,-7.841335348594886956e-02,-5.279346916076500806e-02,-8.396935467296864908e-02,-1.761879042432873688e-01,-2.048445123491852704e-01,1.868084577758600540e-01,-9.800566979397934420e-02,2.522306447845287236e-01,-1.444246570518560591e-01,2.221503301507075090e-01,1.744892446956391452e-01,-1.595250926181998874e-01,-4.726531263160940743e-02,-3.105884287953284972e-01,-2.613561885347702729e-01,9.922817167750161427e-02,-1.453503722406405685e-01,4.620285054020820126e-02,-5.579762480950720138e-02,8.434078610495013284e-02,1.871153903992668968e-02,-1.216472393699502552e-01,6.015390037699525766e-02,-6.263581620837459230e-02,-5.112484402257316818e-02,3.881749121246362844e-01,3.077159875483066465e-01,3.044896468032731174e-01,-6.261259180215976439e-02,5.046128394095701353e-01,4.547613165913658162e-01,-3.268694107499977575e-01,-1.109365040957998594e-01,2.958533747505812106e-01,1.845889417831698409e-01,2.522943127120863896e-02,-4.574596565636521867e-02,-1.331032170635255418e-01,-1.600574949570436334e-01,-9.997510187140751237e-02,-9.797614135975409033e-02,3.596675579464642114e-02,-7.783245142321914070e-03,1.803937454959096340e-02,-8.002896177447605883e-03,2.141261324489140416e-01,7.875501044192173561e-02,4.247495132363872383e-02,3.388447009088575539e-03,3.967105726838164870e-01,3.794104915240024689e-01,-7.881161244121785703e-02,-1.048963103774002703e-01,9.931994166629704371e-03,-3.636349057322158657e-02,-6.130677752371672951e-02,1.606255710568554526e-02,-1.261186206868933901e-01,-1.696326855949046863e-01
-3.779655792027292183e-02,-2.019722420547015451e-01,3.287743278823655468e-01,2.290414493977200039e-01,6.614369810245465109e-01,4.941336516968955483e-01,9.303476502096913459e-02,-4.241776499855649807e-02,8.420129431537126674e-01,0.000000000000000000e+00,-1.614999156826859850e-01,-1.376360391145133866e-01,-2.308280655804674161e-02,-5.155989853749999297e-01,4.355582003570727112e-01,5.862823441192664964e-01,-1.217408869511102665e-01,3.608604245243969555e-02,1.255461153328029655e-01,1.475560089747303127e-01,1.014839327161374677e-01,-1.475837605961378696e-01,3.474712116412854157e-01,3.727969327797662213e-01,4.774383821036214393e-01,3.538985885391038866e-01,-9.724750520004578347e-02,9.909750921957984071e-02,-1.895801628647506010e-01,-1.130339907233418317e-01,-2.820851830181261288e-01,-3.904139025422728171e-01,-1.526221732891373528e-01,-2.079187212527378037e-01,1.592179552885990002e-01,2.106120392854461953e-01,1.724121960651320284e-01,1.754138680106325232e-01,1.389800277142180518e-01,1.666882944986499207e-02,1.011215656165309618e-01,2.142138718533019015e-01,1.170596664889369132e-03,-7.213538012614564843e-02,-2.626558280777976928e-01,-2.958296281443992259e-01,-2.937706161746837449e-02,-9.971343156703585398e-02,-4.702828283946515753e-01,-3.702120431017538738e-01,-2.867385518048225501e-01,-2.993830713493783047e-01,-1.291542271703831624e-01,-1.408522980034529193e-01,3.578124096122202447e-02,-9.266930972859492230e-03,-1.608494945327861581e-01,2.352919463853605023e-02,-1.201608746974323905e-01,-1.313213184604730965e-01,-1.301447211895445100e-01,-1.386831969733159642e-01,1.548993057958389929e-01,-4.012578015650117985e-02,1.751391568774527951e-01,-2.172084472704851887e-01,1.250944130914206642e-01,1.919571367335422968e-02,5.715797522830044081e-02,8.561072728178777125e-02,-1.412118966017059662e-01,-1.260156849394085954e-01,-2.833883853072584509e-03,-1.923320606592467674e-01,4.977762224408491948e-02,-4.512774053071982351e-03,-5.938587678213908677e-02,-8.417654452418592281e-02,-1.911696813470141476e-01,4.749649768650514997e-02,-2.013709663197460475e-01,-4.218672085410813538e-02,1.884983377908107660e-01,1.580997684516152468e-01,3.137741374098924618e-01,2.125920929450935207e-02,3.522669894217426712e-01,4.041841110764050060e-01,-1.891240077294847055e-01,4.614343211473286022e-02,4.462716718738098803e-02,5.125927811621857483e-02,-1.331580794787824984e-01,-8.484869905919137367e-02,4.160320605980736414e-02,5.357587481301685772e-02,9.995683910048865084e-02,1.204345884879192141e-01,-1.104119125515178046e-02,3.051155982410265824e-02,2.779176812132877830e-02,-2.987258747182170229e-02,1.552610381235456638e-01,8.593407624063356676e-02,-4.457910336060529749e-02,-7.097792575900713739e-03,1.958541281334036932e-01,2.820135312531508731e-01,3.437180482976576190e-02,1.356206654466096673e-01,2.272648686842804189e-01,2.541680517916630050e-02,-7.010618421134219569e-02,2.452600643898882223e-03,-1.021854722441150887e-01,-1.417034694092796088e-01
3.130288595914804683e-01,1.310446768883387625e-01,-2.883256545390673262e-02,-2.643898003736259161e-01,-1.446852761166385615e-01,-3.166528459995928552e-02,4.652778045708835797e-01,-3.302007571513926321e-01,-4.912220150414318975e-02,-1.614999156826859850e-01,0.000000000000000000e+00,-5.987999293162849651e-02,7.348869460195688319e-01,1.796403060920248873e-01,4.114536021127416232e-01,1.078613855250108305e-01,3.373279196613087616e-01,-3.570264404303701844e-01,-2.873155009694163264e-01,-2.744455038026807903e-01,1.256464195787241646e-02,-1.496926626719524422e-01,-2.139465221893048219e-01,-2.153381853402512591e-01,1.925598013062140845e-01,9.228456982311306067e-02,1.184278060930868959e-01,6.454991855484220990e-03,4.830217890760797883e-01,-2.003940583719565280e-02,1.116329236393973079e-01,3.635554583124968320e-02,8.644420261628377178e-02,-1.661420044607269525e-02,-1.956179418876041187e-01,-1.764149842094973331e-01,-2.336362068653457802e-01,-3.220383613529007594e-01,-1.852152733109613536e-01,-3.380185393134789718e-01,1.522592035077168122e-02,-1.693994207041126521e-01,-1.229008360350694745e-01,-3.022536589333381651e-01,2.578499850013396544e-01,1.265089731559264075e-01,-1.782995381683761815e-01,-2.603959580791628814e-01,1.727004464217104518e-01,2.276485050870898641e-01,8.453062347915649144e-02,1.138929493705218426e-01,1.236847645496133991e-01,2.646436000179584469e-01,-1.149589493918256877e-01,-2.017147481620737148e-01,4.831421751790328512e-01,2.852286509511107182e-01,2.726212453717190010e-01,2.603065634927143601e-01,5.152577442880467151e-01,3.964313248244633603e-01,1.559863146263917311e-01,2.600890981525053602e-01,-4.726402387981498698e-02,-1.285403423708709469e-01,3.382997050536948325e-02,-7.794113849778903924e-02,-2.591480526863360612e-01,-2.283186292932536110e-01,3.194317544875253656e-01,3.355370477053681300e-01,-1.281243665678843437e-02,-4.630069610334722197e-02,-3.887941739075966852e-01,-2.338393484795535937e-01,-3.112521590099745147e-02,-2.881245763814873836e-02,2.162472952188500552e-01,-3.675183840920026590e-02,4.895077600850600980e-02,-8.046654413643231085e-02,2.648239763421869619e-01,1.620247512828544290e-01,1.796858633970502828e-01,-2.133664417828604887e-01,-1.567540732818657051e-02,-2.825912107113996430e-01,-1.095473315869316183e-03,-1.125867998872328718e-01,1.100043798548372975e-01,2.556943034104429066e-02,-5.008113410760869910e-02,-6.510333815888200149e-02,-2.652816799141592408e-01,-3.405140184291844951e-01,-3.603850600844115681e-01,-4.002901180057582553e-01,6.690674772188016928e-02,-7.101316122196493774e-02,-1.038144884240909255e-01,-7.194413048659251131e-02,9.904283045949081182e-03,-1.756654793631866884e-01,-1.732148604621980004e-01,-1.957105412901970487e-01,-1.148771037640482495e-01,-1.297986346799646085e-01,-2.238535971596324337e-01,-3.223716758171554786e-01,-4.589121861471146535e-01,-3.611080425182398856e-02,-2.563604359700878965e-01,-2.222347527272692524e-01,-1.954434527738697636e-01,-9.947083608282249190e-02
1.005303781297970100e-01,1.879733616463644674e-01,-2.956512466444718434e-01,-1.453636401984830517e-01,-1.135790318134405341e-01,-1.981490533091212480e-01,-4.294137156435270941e-01,1.486230791284356978e-01,-3.009076214223058154e-01,-1.376360391145133866e-01,-5.987999293162849651e-02,0.000000000000000000e+00,-2.144251972580903387e-01,4.602408245456613423e-01,-5.035964550267614248e-01,-1.733906930153054360e-01,-3.988782462314937605e-01,5.790189985885809687e-01,-5.163713523784864423e-02,-9.375625699240094924e-02,-5.636149176208578027e-01,-3.970745698008441571e-01,-5.897827415723771310e-02,-1.830322462395630179e-01,-1.885807924357988108e-01,-1.057059346493207930e-01,-3.188550225802593285e-01,-2.383593792646911957e-01,-5.201481389374562614e-01,-2.752954659411431249e-01,2.213859344284530017e-01,2.882113225256280331e-01,4.424695354251590995e-01,5.542421643990497193e-01,-4.018994342140204679e-01,-4.158405701403160570e-01,-1.517569779367089200e-01,6.938190129379694093e-02,-2.468713972554864022e-01,-1.001835103173761565e-01,-1.354163131653995378e-01,1.594114960117589963e-01,-4.619484581875378526e-02,3.584758795235804679e-02,-4.810716363265713502e-01,-2.424833440046850475e-01,-6.625713532906323325e-03,9.229026909226852038e-02,1.258329295702705075e-02,-1.247486527125999944e-01,-2.294581168851163311e-02,-3.285441633821148399e-02,6.426586579751460138e-02,1.271297615340855405e-02,-2.842721397915777826e-01,-2.083227576541579196e-01,3.500632773827884736e-01,6.252414506435675090e-01,5.097663801345408974e-01,5.620440897995334639e-01,5.771657810002673861e-01,4.345860350314862397e-01,-2.663552121242067361e-02,2.779271729408143710e-01,-2.141080890145748428e-01,-1.140427449923651360e-01,1.514046909360799442e-01,-3.089225111170132432e-02,1.846863941994440206e-01,1.963314394400835217e-01,3.694049037028032667e-01,2.735901501637232336e-01,-4.734427832106956613e-01,-2.073425845618494523e-01,-1.576457680744337841e-01,-1.943622140063797354e-01,-6.381067326388719652e-01,-5.880167855779090402e-01,-3.820947808798277889e-01,-4.351874886058543224e-01,-2.353298091854641449e-01,-2.755133461348129864e-01,-3.472271004422870511e-01,-4.361351427097675537e-01,-1.752123894011719529e-01,5.123427337074468180e-02,-2.949441006203482041e-01,-3.767840151235167800e-01,-1.744885743748523788e-01,-1.279433805384048439e-01,-5.594516352885725574e-02,-4.178728506569493600e-02,1.328962374509227162e-01,6.464814443439351188e-02,-2.697722972626100391e-01,-1.952464930528781395e-01,-2.256056968614173208e-01,-1.627843875979424204e-01,-2.405144166569963757e-02,1.422808576621317767e-01,8.919024362099139958e-02,3.040268684739636310e-02,-5.492505042118674824e-02,2.518377855864943615e-02,3.065792845098781472e-01,2.493106733730123259e-01,-2.631592523096380476e-01,-3.404016083460811304e-01,-9.326996174638152448e-02,-7.821053084504610287e-02,-9.196409457578090529e-02,1.731144028366708998e-01,2.344949594295561157e-01,3.036243114606463345e-01,4.254628551482610987e-01,1.615516386721094211e-01
3.977812909007114039e-01,-1.111284134962257225e-01,1.248891409021363336e-01,-2.043771368739015770e-01,-1.768813234886391361e-01,-1.024878107278600486e-01,5.114999734383545160e-01,-3.159082789433785288e-01,9.317000465168201462e-02,-2.308280655804674161e-02,7.348869460195688319e-01,-2.144251972580903387e-01,0.000000000000000000e+00,1.804035652673045484e-02,4.294556844079637781e-01,1.246440431909145719e-01,4.967505899872893260e-01,-2.545172244807195061e-01,-2.176626973071200122e-01,-1.815414518715516845e-01,3.143829381357707287e-01,-1.584035694267764069e-02,-5.169830632674534548e-02,-5.661338306148678418e-02,4.530490404757731709e-02,-7.367143879606509460e-02,2.259095009014850941e-01,1.640253540921161046e-01,6.061893524372776731e-01,9.065327511717108377e-02,2.023620482498641737e-01,1.026249079313936441e-01,7.088774215102565390e-02,-4.905840077457383069e-02,4.192800316796618798e-02,3.542081356735946041e-02,-1.233910054562762648e-01,-3.300297339601274693e-01,-2.028129971010435573e-01,-2.957709826348033921e-01,1.495052056903626858e-01,-1.104361775648267513e-01,-1.991090376128296646e-01,-3.223865383930081263e-01,2.247371678490589497e-01,1.714963684601755051e-02,-2.595777614126879573e-01,-3.162908451015118971e-01,8.189080513489721547e-02,1.431918713212249616e-01,-6.185350851968274971e-02,-5.351256904957048255e-02,-1.400517824648512266e-01,9.461449910076187575e-02,-1.536920399489976885e-01,-2.450630395017293350e-01,4.627778548516522372e-01,6.088891972992493962e-02,1.083187690298060696e-01,9.811400273512248249e-02,2.912297172426703828e-01,1.308122582516505206e-01,3.124523319057802562e-01,1.311840846154141427e-01,1.258902543686070130e-01,-8.413176352332060737e-02,1.500567623910449289e-01,3.618440328620314145e-02,-1.775125987630532254e-01,-6.324008744985185060e-02,2.262141613333991941e-01,1.658992794893803524e-01,2.801959296360986285e-01,-5.287065914493470353e-02,-1.428303365646520218e-01,-1.641832902237664801e-02,1.095325212880470800e-01,1.567641095495256043e-01,3.104464009226180488e-01,1.860522305456405734e-01,7.673630489148378087e-02,1.306486333754122986e-01,3.109336188028727355e-01,2.239837475773228670e-01,-3.356152219530799535e-02,-1.819233629652167450e-01,1.218261927048521799e-02,-9.670252372898585635e-02,-1.824741907670997809e-01,-1.654469950924467025e-01,8.005827903846357563e-02,3.247083260754854428e-02,2.389883190553004130e-03,-2.664716171471425907e-02,-2.724214134747424687e-01,-3.585168886066591454e-01,-3.107401696817480574e-01,-3.022854576521022962e-01,9.529607320242712565e-02,-4.226873305426070981e-02,-4.586750480849693945e-02,-1.028196585388202189e-01,1.594144201594157317e-01,-2.913591530613430722e-02,-3.626005680513512408e-02,-4.054013956980977856e-02,3.676417866799434192e-02,-3.417038160719294837e-02,-1.051295498964159858e-01,-3.484636441255430372e-01,-3.278517769410214111e-01,-6.758509708093955216e-04,-2.881869163678280610e-01,-1.200084419543204356e-01,-1.730118526110595023e-01,-5.431571798441953147e-02
