0.000000000000000000e+00,4.223570757164097911e-01,5.912885946556398035e-03,-3.083533636491569627e-02,-2.401616254268777173e-01,-3.150129162117605297e-01,2.474021416152848499e-02,-2.274199227500961831e-02,2.014069112151974095e-02,-2.421874954144975500e-01,5.949399355591435956e-01,4.324764417742930078e-01,6.238156637542392469e-01,1.804807555481253711e-01,2.475165801863679071e-01,-5.483769323331952328e-02,1.660925678334819466e-01,6.359985312338574392e-02,5.953580284880730655e-01,3.616512949742414218e-01,-6.657218558934821506e-02,-1.649860259667475237e-01,7.671741476373507285e-02,5.092502541091189355e-02,-2.180992838371225151e-01,-3.256150256480561112e-01,-3.192383668494909732e-01,-3.733749307198545031e-01,4.877111017966025835e-02,-1.752899851243391871e-01,-4.097396490741658792e-02,-2.672241977807351954e-01,-9.051152339523511892e-02,-2.236830774184587756e-01,-2.889975615565291145e-01,-4.953040637846648497e-01,-1.428511912540360584e-01,-1.135678049535692041e-01,-2.573050711142368385e-01,-7.074177030871166283e-02,1.022362125511233621e-01,2.861091157860870537e-02,-4.919516357306158438e-02,-1.259573590877841043e-01,-3.955706730531663440e-01,-1.647897929781990886e-02,1.738620172633676131e-01,3.270741266573766459e-02,7.183168222658144197e-02,-1.583450832051408377e-03,-1.559195571797857283e-01,6.359015757230619681e-02,-6.642094569418324421e-03,2.402960029160890465e-01,-1.872995400628580942e-01,1.698002478824643668e-01,5.367681970782407497e-01,2.621727166857881763e-01,1.791309561661559926e-02,2.964539260171516252e-03,6.242569651410514314e-02,-1.869108247320093452e-02,1.505915041066836213e-01,1.931487577872065958e-02,-1.064047609426102964e-01,-2.997388656784846228e-01,-4.433501539876560926e-01,-5.839022448930198950e-01,2.683125435569697070e-01,1.559357018703484143e-01,8.785372485897383066e-02,1.378822665849129547e-01,4.109129278591749368e-01,1.889545647913214166e-01,-1.480427740058783007e-03,3.863247421634243787e-03,3.118055525212238832e-01,1.613343331187780394e-01,-2.061060207951261880e-01,1.796248683834497928e-01,4.445222203995694010e-04,1.730582690888387990e-03,1.483875265814871627e-02,6.243020421705534895e-02,1.815372038951906242e-01,7.454376687842027838e-02,-8.084999177063234566e-02,-1.811143421130858439e-02,1.853360466377913240e-01,1.879480344759774657e-01,-5.091765597879140820e-02,1.595693171777395336e-01,-1.201906069495305845e-01,1.003589372427691612e-01,1.695193390470872349e-02,-1.916556936022318844e-02,5.274754437730697770e-02,1.837297728238784442e-02,2.267309101748804165e-03,2.570464504900573655e-01,-2.986445060425052186e-02,2.325373785300929516e-02,-1.026061223785328103e-01,2.204468628560053711e-02,-2.959648453069300689e-01,-1.368149502733863043e-01,-2.736285840973096684e-01,-2.280791895268019509e-01,-5.882478515118970408e-02,1.756854845828657585e-01,-8.913501069973993329e-02,-2.649329057903362927e-02,6.136678949162145680e-02,2.262555599988585187e-01,-6.085583947231784641e-02,-3.229729526506359971e-03
4.223570757164097911e-01,0.000000000000000000e+00,-4.659619321180873963e-01,-1.013192280739765722e-02,-4.189215224905041834e-01,-1.077707615665488422e-01,-2.998911317908437568e-01,1.464255531538208033e-01,-8.347097772710333763e-02,3.106483440744902541e-02,4.094315850426345493e-01,4.693233140200589459e-01,7.135442610411171782e-02,3.245509996371985229e-01,-9.292688211799990383e-02,5.245764075336144944e-02,5.423029079632718519e-01,4.424878267784808639e-01,2.082565633337588040e-01,5.934165048677348953e-01,9.811034901144913278e-02,1.432120046855423212e-01,-4.385129618647926608e-01,-3.124250759972502234e-01,-4.172915669045442755e-01,-3.622847944688167843e-01,-1.347236227767411865e-01,-1.177478582889831538e-01,1.266644253663685715e-01,3.551506743315888115e-01,-2.743033161725952906e-01,-2.741164104114440225e-01,9.083465242755556224e-02,1.304382422763597157e-02,-5.824024778264804691e-01,-5.554383058655154581e-01,-1.747881344332764819e-01,-4.266655836007137576e-02,7.308352417111801946e-02,2.315429082159609908e-01,2.779223957050037108e-01,1.211059987911399377e-01,4.601354276330336945e-02,1.522184731720498674e-01,-2.604398909009749130e-01,6.963618404645970095e-02,1.479936423055771000e-01,1.398958159145192170e-01,2.579644021392207831e-01,6.645374509161190713e-02,-1.070955750142844054e-01,1.055737834137097653e-01,7.801565219413181956e-03,-1.010192286340071306e-02,1.149972963854648256e-01,2.973653853906402245e-01,6.602325723857255246e-01,6.807680346923170589e-01,9.485549021452990837e-02,4.245506094734932123e-01,-8.613288270520053080e-02,2.333635479930846329e-02,2.275632004562712918e-01,2.562416741595499037e-01,-5.256657059171749857e-01,-4.310612173278750570e-01,-5.275970668813952935e-01,-5.113387175473225188e-01,5.448096311252917934e-01,5.616275898188980431e-01,-2.492660029665737936e-02,6.749134220385950844e-02,2.889461088301448766e-01,4.365291907256204085e-01,1.752228454996516971e-01,6.457264388151596687e-04,-2.424601965269366360e-03,1.144693482996146372e-01,7.622312303036288261e-02,2.662331573179231858e-01,2.334255063412965792e-01,2.053301171854015617e-01,1.841654471781397628e-01,1.232933051419827508e-01,-1.990624478289493016e-01,1.196818910220863869e-01,-2.022220021724530081e-01,-1.195086579203687022e-01,1.255382907082929766e-01,-1.465857773311141261e-02,7.425028116925220557e-03,-2.656456754150705590e-01,-1.537061302431276810e-01,-3.780220154509923991e-01,5.273943752782675465e-02,9.874863298959181412e-02,1.146236956497720533e-01,1.205183754018809700e-01,3.936681437804376293e-01,5.489670890601507786e-02,2.906072354402937652e-01,-7.428697333430089866e-02,8.919958174983334820e-02,1.994721714856796946e-01,-1.982344164888176219e-01,-7.016842529939031070e-02,-1.484807429101868415e-01,1.222338138495090987e-02,-4.892387995099232306e-02,2.890292875578067203e-02,-1.134049378188446422e-01,4.253418446617575344e-02,-7.798212329906963058e-02,-1.440209667574978147e-01,-2.483084926497604039e-01,2.326815443338257350e-01
5.912885946556398035e-03,-4.659619321180873963e-01,0.000000000000000000e+00,2.419342104124604098e-01,3.930158275968388959e-01,2.036950563912590384e-01,4.783889031921436663e-01,-1.135402649078672555e-01,1.735663829271858194e-01,6.723316939561128913e-02,1.276757847670022955e-02,-4.264006040480909365e-01,1.374263577637865885e-01,-4.787367075550668094e-01,1.531381800189723918e-01,-2.203328684139710669e-01,-4.198371987513403458e-01,-4.696864218013031000e-01,4.931868168985178991e-02,-3.493843646024237248e-01,-2.933457646771796545e-01,-1.690099933960164391e-01,7.838627466453740311e-01,5.237402461704486756e-01,6.005876611608383930e-01,4.784372205630283981e-01,2.245379533317374554e-01,1.157862531570237608e-02,-1.215090919968090238e-01,-4.241334704178585380e-01,5.502504853292273790e-01,3.622087853325060003e-01,-2.225979020070663686e-02,4.915599787297929638e-03,6.889047207185957644e-01,4.514929299543950503e-01,1.910540968851481489e-02,1.419066846781066177e-02,-3.616396474499078972e-01,-4.482771255968543977e-01,-2.185129811190330007e-01,-3.030178901890531185e-01,9.428256458616927904e-02,-1.234138520578205167e-01,5.410714720334591082e-02,-2.671018498388378348e-01,-2.237430416855077098e-01,-6.507026118236933221e-02,-4.117106578592678034e-01,-3.200339162051864528e-01,6.171838111560857404e-02,-3.886869505834780192e-01,8.804538546593021486e-02,-3.970720798741007862e-03,-2.652053052636800246e-01,-3.590008026484037273e-01,-3.652861640525958409e-01,-3.043723389163064952e-01,-6.129892895136902081e-02,-3.585164572026324215e-01,4.873074471527563678e-02,-7.069993617050431001e-02,-3.663004768942271783e-01,-3.971564550291316054e-01,6.476212733031490032e-01,3.732534255147757496e-01,4.926874057338413437e-01,2.542037278615462692e-01,-3.336789333467449215e-01,-3.136054669841135123e-01,4.566853759408544267e-02,1.182669638937615952e-01,-1.563057249447877550e-01,-3.670791446760769405e-01,-1.718510822754336087e-01,5.116907658961430960e-03,1.847276273724571261e-01,1.368024176053729279e-01,-1.088385531407411455e-01,1.801514640396084319e-02,-4.359472566837159779e-01,-3.624340360422538820e-01,-3.361993076458045238e-01,-3.558358187785574667e-01,-5.960182606210896045e-02,-3.414184374725032223e-01,1.071730718697742370e-02,-5.628096333074815438e-02,1.504713367980503938e-02,-7.313286087700117399e-02,-1.160506666111314061e-01,2.562138027700427978e-01,4.505054138510278944e-02,3.137045553359800731e-01,-2.604981770225438531e-01,-3.488946240891147021e-01,-2.172025828765402067e-01,-3.876801416764980579e-01,-3.476560934297879268e-01,-8.372951404942101383e-02,-2.380464973702766385e-01,3.507587557460094263e-02,-1.152325364046386802e-01,-2.748919875994896289e-01,2.051326301207233582e-01,8.758021850135631892e-02,5.725156334958594884e-02,-1.282388547870243478e-01,-9.715925733104777140e-02,-1.869478331371678959e-01,5.294847492331177657e-02,-1.986175311750742190e-01,-9.445130805963818099e-02,-2.562855644861278953e-02,1.020153164878132013e-01,-3.555999327863780812e-01
-3.083533636491569627e-02,-1.013192280739765722e-02,2.419342104124604098e-01,0.000000000000000000e+00,-1.680495725718792466e-01,1.063931317905418145e-01,3.383156907908005384e-01,6.963735056561697334e-01,-2.526394959482293756e-01,2.353309299551440414e-01,-1.589325611168821220e-02,1.145956425033933523e-01,-1.860356119285628551e-01,-5.275820861361964209e-02,-3.818871838633797200e-01,-3.137279764157813733e-01,-3.742399974396119489e-01,-5.102658246655408236e-01,-6.018319343806446259e-02,-1.841415283784664236e-01,-4.601318138622934595e-01,-1.489363595356733572e-01,-4.556649114796233746e-02,2.842112808032334903e-01,5.637633972656343022e-03,1.362368683703220895e-01,-2.332944232435008869e-01,-1.600137595803491353e-01,-5.925318245717562382e-01,-4.999351367315711392e-01,-3.527703360496018542e-02,3.006796135547919469e-01,-2.149370602172211431e-01,2.881854223931485937e-01,3.628208525383923994e-02,1.221762029110673581e-01,-3.662113808729846043e-01,-3.260946382013311662e-01,-1.649839273530999129e-01,-8.563895761739737447e-03,-3.580474285093992459e-01,-4.304866257825135656e-01,2.684152864922126902e-01,1.990850550434808408e-01,-2.123827187114494738e-02,-1.800645558508156274e-01,-1.153110274553118125e-01,2.401502071455924661e-02,-2.041998993605617929e-01,-2.689734756245898972e-01,2.054418809116053679e-01,-2.128231759509063015e-01,3.715034050076602146e-01,1.015719656143210525e-01,-2.082316748182927793e-02,-2.179860555915716369e-01,-5.386705016617787667e-02,-2.344610677892678408e-01,-2.365625598175002675e-01,1.085624232955226948e-02,-9.740745138293242789e-02,5.070382828290251886e-01,-4.429323200147321504e-01,-4.725334894309891620e-01,6.203990229645327953e-02,7.282385346780799740e-01,1.071674452879137207e-01,3.891344984862888379e-01,-1.985641513270525738e-01,-1.574798340346244829e-01,2.632766020027040854e-01,9.191742535044028495e-02,-1.064163620155448714e-01,-7.512340203793801963e-02,4.249445278533184323e-02,1.194921815938709692e-01,1.136158841851161658e-02,7.662297463001788156e-02,-1.150166037762617444e-01,-1.177801694268204163e-01,-2.581730500732821176e-01,-2.333552617953758568e-01,-5.612713332631646956e-01,-6.546839686436503047e-01,-2.631262205299502721e-01,-2.238122232116971644e-01,-1.580047013634430786e-01,-4.079892320902241409e-01,-5.226960131934860199e-02,-5.526512674376688611e-02,6.015358339251537512e-01,-3.486780889242709503e-03,5.882520668216268955e-01,-8.239629321346000901e-02,-3.879314449745075999e-01,-2.609797535977915195e-01,-2.059566279350676932e-01,-3.339683482907299661e-01,3.361338621826999717e-01,6.791736189592596784e-02,1.185034980776165925e-01,4.079878989571088244e-02,-5.993099637517534245e-02,-2.269754400561480590e-01,2.664664418016796099e-02,-8.921606493195313736e-02,-2.273816941400664572e-03,-1.287608143606730482e-01,-3.372013812399879962e-01,-9.551123657653147470e-02,3.167273262351243956e-01,1.620036354748850271e-01,5.247946320378004542e-02,-4.187574878232314113e-02,1.523767355828087866e-01,-5.567448361068690066e-02
-2.401616254268777173e-01,-4.189215224905041834e-01,3.930158275968388959e-01,-1.680495725718792466e-01,0.000000000000000000e+00,4.282088497427929408e-01,7.501036513971197361e-02,-1.901211645138166928e-01,3.882730866071087417e-01,1.125533344398035179e-01,-3.127016387223111593e-01,-3.700041571488761893e-01,-1.578662180863915632e-01,-4.790174326864238274e-01,1.877224674957712058e-01,-2.846653175393384916e-01,-2.162305284755561274e-01,-5.712969186319619835e-02,-1.508498972348839284e-01,-2.537189496008868117e-01,-1.374534692037353810e-02,-7.115980279038162937e-02,4.256350354117554580e-01,1.793305080751330105e-01,5.953270465245390497e-01,5.152880179459602417e-01,3.814944444556869763e-01,2.991896702352728199e-01,2.195527121354775568e-01,-1.336098631287369748e-02,4.917905893006349616e-01,2.731935897924925860e-01,4.328909008636751959e-02,-6.661375485191313450e-02,4.091481168023280990e-01,4.251445606791917631e-01,1.196780907686964962e-01,5.962648472739879441e-02,-1.338666250164219640e-01,-4.763817196352044259e-01,-1.605418361416653117e-01,-1.832519862417494316e-01,-2.926902242113056385e-01,-3.967196322299212929e-01,-2.502621536969209561e-03,-3.376880009213680811e-01,-2.699845844453400284e-02,-4.636724195890298827e-03,-3.667640494052089584e-01,-2.399417237483726095e-01,-1.889735792760002531e-01,-2.844095863359324405e-01,-1.227792658028069583e-01,-1.799917688310068709e-01,-2.410197293532557461e-01,-3.405201556475652702e-01,-3.442109919195828760e-01,-1.569478112731045871e-01,1.151042412389093050e-03,-2.167633117793560660e-01,-1.842168978259167353e-02,-8.570621441678515084e-02,2.883919696684763764e-02,1.058077907047239551e-02,3.175110206778665178e-01,8.201289281880526361e-02,4.620321730342663025e-01,2.974778000166466430e-01,5.826479488288367065e-02,-1.482900426029720997e-01,-7.697836161834516189e-02,6.880155743354589293e-02,-8.139946380312830521e-02,-1.979937470051323645e-01,-2.075713267261540262e-01,2.043018557516503020e-01,-5.763434869105416025e-02,9.618659413364127886e-02,2.553786793527153542e-01,2.137128081824780229e-02,9.166462209666567662e-02,-1.189878443079852854e-01,-9.829261985601207841e-02,-9.035060688986273902e-02,4.758696385128236700e-02,-2.617641910102791458e-01,2.314842703247506350e-01,-3.826786163537682084e-02,-1.005957142727796488e-01,-2.005653244691219528e-01,-1.568398394618122915e-01,8.504293583759007721e-03,-2.434235742180453910e-01,-2.475263652628631808e-02,1.372522818260077659e-01,-7.029161291787371091e-02,-6.340081654861191851e-02,2.128327278327492994e-02,-2.069734077681119055e-01,-1.238652960320327373e-01,-7.933930689674806302e-02,-2.843536604619277264e-01,2.869203261933299665e-01,2.783324562554318274e-02,2.926393862746986541e-01,1.251294997615537974e-01,7.618865357328179211e-02,-5.018116952072916581e-02,2.867348992365011395e-01,-3.042723296063017113e-02,1.665865848172681241e-01,-1.862080149539447615e-01,-1.688481960458322606e-01,9.054552834371323855e-02,8.001091206490545948e-02,-8.850560389585951371e-02
-3.150129162117605297e-01,-1.077707615665488422e-01,2.036950563912590384e-01,1.063931317905418145e-01,4.282088497427929408e-01,0.000000000000000000e+00,-4.654889125686329648e-02,7.527057973655551515e-02,1.704383550069075715e-01,5.237218781612774654e-01,-3.478946336429682429e-01,-2.783577492190739688e-01,-3.705744537061765875e-01,-2.550365873441965414e-01,1.299316709532309481e-02,1.210924758389085032e-01,-1.667656428531257840e-01,-7.209401123862413385e-02,-2.092508871212759858e-01,-1.064558913435208198e-01,9.616556747629712021e-02,1.295254176975734473e-01,2.322557438673407137e-01,1.841705912737630624e-01,4.548817261486163277e-01,4.464856422602839769e-01,5.219667291083541771e-01,5.249348505867321713e-01,9.847937738828432819e-02,2.137321179030342022e-01,3.721438331012693057e-01,4.003167888094286697e-01,-9.800312324394683250e-02,3.629209350753361679e-03,2.422095606532382595e-01,2.691690177063897349e-01,8.034515213897479302e-02,2.325001292642344120e-01,1.535296634339176070e-01,-4.732552251199095145e-02,-3.510581434398361150e-02,-1.356072880938862316e-02,-1.232920893843869187e-01,-2.187418490035624441e-01,-7.924502789729247210e-02,-5.037780778354817857e-01,-1.630658029186632732e-02,1.750783570249828114e-02,-3.984442443501580722e-01,-4.501217857776331766e-01,-3.538170403651098028e-01,-5.469207493207751680e-01,-2.512800158106820447e-01,-4.206184615516818659e-01,-1.518339665182087683e-01,-2.708541811355594797e-01,-3.619613116594798119e-01,-4.868317046124615716e-02,-1.607684056525691685e-01,-1.287976209108809555e-01,-1.682449347390676253e-01,7.973439399243907599e-03,-1.289691116517304448e-01,-7.083869974750038601e-02,1.411498514689027983e-01,1.249393274391979586e-01,2.480578701470519676e-01,2.152955379371444267e-01,5.962832309473807546e-02,1.000435822046784468e-01,1.909719798941373475e-02,-8.068022446480335730e-02,-7.833840110995304862e-02,-1.031249611410035572e-01,3.166290885050680043e-02,-5.923338983725597723e-02,-8.369209270043785620e-02,9.491261326362142314e-02,4.026298682163128584e-01,3.284963071835790560e-02,1.147071510208166750e-01,-1.699330290728498505e-01,1.234432784063847904e-01,9.871722951687922354e-03,-1.304598055935625167e-01,-3.469871049207584601e-01,5.299443544493944759e-03,2.491932154763722151e-02,2.322383883375223144e-03,-2.925277449863339374e-01,-1.609359403397952470e-01,-3.801705544475850740e-01,-1.288833613251825494e-01,-2.744536660150336260e-01,2.295251278854547883e-01,1.275955828799193725e-01,2.064526986051733182e-01,2.905013131566571705e-01,3.887493717304671415e-02,-1.556013682895269756e-01,5.800746532600809663e-02,-2.316474369415984225e-01,2.051241627329447592e-01,4.718751106341454588e-02,2.515003004417580845e-01,1.612720660914100657e-01,2.104128543361568904e-01,1.295467774982522469e-01,1.603505676937108937e-01,4.593128740059836124e-02,4.199197922207494882e-01,-9.541164730247653214e-02,-3.066804336502596540e-01,-2.110848837799219890e-01,6.455995956336658959e-02,1.344393039208951479e-01
2.474021416152848499e-02,-2.998911317908437568e-01,4.783889031921436663e-01,3.383156907908005384e-01,7.501036513971197361e-02,-4.654889125686329648e-02,0.000000000000000000e+00,4.735359562386242671e-01,1.268955266987107089e-01,3.417238694163120261e-02,2.076586078619620246e-01,-1.808567836215330404e-01,1.266122270358246982e-01,-2.110192789133051583e-01,-2.093137569752689386e-01,-4.066154444242483512e-01,-4.214752058767115006e-01,-6.228524810049517191e-01,-6.193958744621117646e-02,-8.447252111693946686e-02,-1.888191055595290768e-01,-2.556014176225201440e-01,1.068251281899520871e-01,-1.599226509239374261e-01,2.297798050152343452e-01,1.129371509678227803e-01,-7.895529876658430313e-02,-7.048820257816126866e-02,6.869340346204225178e-02,-3.042466680501151322e-01,2.218778325294137599e-01,2.637278380029909886e-01,3.119805520460036674e-01,4.059765511830413232e-01,9.975810487067456045e-02,5.074835717588950523e-02,-4.329748737769512634e-01,-5.441137518263309270e-01,-7.757938230706278027e-02,-7.047537773788276061e-02,-1.382641704470267963e-01,-1.965796660971898535e-01,-1.992263271074868891e-01,-1.138583279036114726e-01,-2.825998606821376047e-01,-2.973784669944263825e-01,-4.825418039664088332e-01,-4.922552446286354022e-01,-5.127729554153319658e-01,-2.518780114515489221e-01,4.614380592090440436e-02,-1.358792445866299214e-01,-9.838275456362315097e-02,-5.424633824479117850e-02,-1.781633206897323754e-02,-2.061713300000974913e-01,-2.617848905812527049e-01,-1.732857147866346259e-01,3.775964446435352562e-01,1.776712365028610963e-01,6.912411965080262899e-01,4.280196581675739798e-01,5.249372373822515370e-02,-5.484803315080837710e-02,-1.566318384358964672e-02,2.409764938456041006e-01,4.491906421352833134e-01,4.498393652456127989e-01,-3.959435788777458387e-01,-5.711151501662296015e-01,1.349723565596051833e-01,3.127523101362699731e-01,-6.396094100045225661e-02,-1.164646950499190897e-01,-1.704234997365727255e-01,1.540703289125462325e-03,1.391717859937547375e-01,8.121097760100236262e-02,8.064287461234218024e-02,-1.937237717712290974e-01,-3.832634827153146850e-01,-5.011808684414503778e-01,-3.618572068064984104e-01,-3.903429657386024432e-01,-2.675589909295872371e-01,-2.416627089955273311e-01,-3.750222967148714170e-01,-2.808853133878880803e-01,2.189628299780434495e-01,-3.101611452414109252e-02,3.246473425372879001e-02,9.128448209264612700e-02,1.681966319832935708e-01,6.850174202697713322e-02,-1.222607833946924294e-01,-3.380123864034369485e-01,-2.011839523009266439e-01,-4.195377869116100888e-01,-8.366379916571602127e-02,-1.414740784020784847e-01,-3.729266227747787821e-02,5.078492161215496514e-01,-1.786816389828579654e-01,-6.613835392849114203e-02,4.720192140296078365e-02,-5.210025262733519041e-03,3.448178319592937885e-02,9.914349812211389890e-02,-2.447286782365385160e-01,-3.032460716633552100e-01,-9.883916232327873141e-02,-2.749267232096039848e-01,1.613990744060787574e-01,-1.294535970585441176e-01,-4.750719936657302883e-02,-6.755084170001199317e-02
-2.274199227500961831e-02,1.464255531538208033e-01,-1.135402649078672555e-01,6.963735056561697334e-01,-1.901211645138166928e-01,7.527057973655551515e-02,4.735359562386242671e-01,0.000000000000000000e+00,-1.661453118487065395e-01,2.652571173847466657e-01,7.529191497985665560e-02,2.259462631848589975e-01,-1.648867924440221011e-01,5.450198935754899804e-02,-4.289398541782372121e-01,-2.845990227809331863e-01,-2.899463971019139441e-01,-4.130567244511553215e-01,-1.206951026443548597e-01,3.359888422336321234e-02,-3.128038804462486278e-01,-2.629747580433590137e-01,-3.588501778252090602e-01,-2.444472901196202697e-01,-1.070827047605516086e-01,-5.706488198305298409e-02,-2.608757991346660754e-01,-1.327906922635518627e-01,-2.991741719292057566e-01,-1.520809768804179951e-01,-6.945463084717554136e-02,2.891048445024277380e-01,1.623350750154030908e-01,5.259054096079196494e-01,-2.968042785054281207e-01,-1.038624268361377778e-01,-5.239914584228599903e-01,-5.019579423076401259e-01,2.669362037440590335e-02,1.859381301861310343e-01,-2.593773786485578658e-01,-2.951376444090936801e-01,2.828269599247804425e-02,1.266349248771075076e-01,-2.358267484650885537e-01,-2.236994281270587859e-01,-2.157143751400799336e-01,-2.450508830990492104e-01,-2.156101500038706265e-01,-1.797555877564131210e-01,1.605433156067390954e-01,-1.037388084399974431e-01,2.832421790249340376e-01,-3.575429812082944053e-02,6.852638347744141600e-02,-2.534340795836442228e-01,7.098806470850280680e-03,-1.124469738364913297e-02,5.119535235529772479e-03,2.914738311859079722e-01,3.114398727513498777e-01,7.377337388532159146e-01,-1.757174741299268594e-01,-1.847846053016527212e-01,-3.891215120692156915e-01,3.477828009558214806e-01,7.856740392499755865e-02,3.450923154849189767e-01,-8.601014259139586060e-02,-1.977279997790853394e-01,3.460829140721534691e-01,2.901859795836144729e-01,-3.582241234342704861e-02,4.982652477688239573e-02,5.090079229093606022e-02,6.064337400866107175e-02,5.231575599332199955e-02,9.369841756869905225e-02,1.921190044143830378e-01,-1.613957946143972921e-01,-4.457055514181480077e-02,-3.744568879759310187e-01,-2.752328165043738117e-01,-5.260051755063186452e-01,-4.286135957674392372e-01,-3.151973787167577368e-01,-3.491094918985250817e-01,-6.478825212801155864e-01,1.533809823705422626e-01,-2.438708739986331364e-01,5.676475041360043994e-01,-2.062983511679200854e-01,5.228743975643006525e-01,-2.660552229236184951e-01,-7.785789460296825559e-02,-1.634000099126680927e-01,-7.792063420697306619e-02,-1.907802867901305655e-01,4.415383215461688993e-01,-5.750327749792007864e-02,2.971229219828019907e-01,2.263218907819187775e-01,-5.859855237331269839e-02,-1.406541402482780478e-01,8.417367573378545242e-02,3.186197944638290841e-02,1.924687349925661289e-02,1.633556353683537909e-02,-3.231029326216754427e-01,-1.972978367443190273e-01,2.176185409509539537e-01,1.318874940096848580e-01,1.599229529753984913e-01,-9.872870822965106041e-02,3.847063772480591864e-02,2.247715834169947413e-01
2.014069112151974095e-02,-8.347097772710333763e-02,1.735663829271858194e-01,-2.526394959482293756e-01,3.882730866071087417e-01,1.704383550069075715e-01,1.268955266987107089e-01,-1.661453118487065395e-01,0.000000000000000000e+00,3.856325760865207397e-01,3.164327545543799691e-01,6.973641225647393693e-02,2.844906484969456084e-01,-1.183248160924122751e-02,3.581801827009727379e-01,-1.026129347791033541e-01,-2.284534688077874409e-02,-3.799050520350911661e-03,-3.610679954839696865e-02,-9.670650774639071023e-02,6.510438723792187632e-02,-7.934495724524391613e-02,1.485779018379167482e-01,1.423984142668784612e-02,1.625946375753812012e-01,4.223172615293910304e-02,2.054146213583999403e-01,9.353063514309511994e-02,4.019741838553123059e-01,3.334958837337811954e-02,7.776679695023219763e-02,-1.657202548845088941e-01,-6.326716779690699788e-02,-2.628932605842133063e-01,-2.027183934483378289e-02,-1.070939353825366147e-01,3.194819881000300621e-02,-1.606468850174957719e-01,-8.498201910749231258e-02,-3.646054291581035667e-01,-6.540508620817159224e-02,-1.388230758463047942e-01,-4.570544922095176044e-01,-4.804750373923073470e-01,-2.378711188790246789e-01,-2.610187536535169550e-01,-2.188893282892333259e-01,-2.308519190310658609e-01,-1.847929037980556577e-01,-9.100095415339204408e-02,-2.058124000459235492e-01,-9.676875187408770507e-02,-2.354586247858154457e-01,-2.130878542393700448e-01,-9.256019768655347757e-02,-4.543684483774957511e-02,-1.641572598619601420e-01,9.306087437430256293e-02,1.634958277301844232e-01,-1.229380171374228579e-02,3.298561819033037912e-01,4.889769755662160683e-02,2.759253635469677279e-01,2.016524830521532752e-01,2.361394652617807011e-01,-9.246779713879776583e-03,2.491545509433865276e-03,-1.721319182472365039e-01,2.038799067275366694e-02,-3.214032974197843229e-02,-1.012019837206952350e-01,1.226827755500448369e-01,-8.195914992223966855e-02,-1.447687551699542163e-01,-1.294416867318249897e-01,2.018211484057983729e-01,-3.815716405527529859e-02,1.516003710774749443e-02,2.635013128304446450e-01,-6.924885240130623787e-02,6.509756094471973176e-02,-6.122631518449046795e-02,1.321013017457115801e-01,1.754909733177672237e-01,1.500661514174151112e-01,6.052919997468710067e-02,8.644365508483235760e-02,3.467361798790344340e-02,2.977109376870805679e-01,1.360504048138037603e-01,-4.509552401500569463e-01,-4.797226038196061165e-02,-4.631683882572618094e-01,7.303510522681558315e-02,2.472320028543482096e-01,7.799690978657166339e-03,-1.487731333621290612e-02,4.155092441745474041e-02,-3.693794422728107207e-01,-1.381387535912016462e-01,-2.418458690837217984e-01,-8.162506529569052427e-02,1.250149110463963376e-01,7.804994294591818815e-02,1.885858243712150162e-01,2.596069742818520321e-01,-4.620414134127243805e-02,9.549026656072058528e-02,2.945258665275543586e-01,-7.613145730920591048e-02,-2.240735970748692074e-01,-5.724783485171548447e-01,-2.836811405793248642e-01,-6.035383293402936562e-03,-2.260158704466893598e-01,2.751977850241389342e-02
-2.421874954144975500e-01,3.106483440744902541e-02,6.723316939561128913e-02,2.353309299551440414e-01,1.125533344398035179e-01,5.237218781612774654e-01,3.417238694163120261e-02,2.652571173847466657e-01,3.856325760865207397e-01,0.000000000000000000e+00,4.438742187124713329e-02,1.084149222269215757e-01,-5.018602864586101803e-02,1.689430137511679086e-01,1.197728875708631811e-02,5.120171072749286206e-02,-3.642606679438385731e-02,-7.393393844514378754e-02,-2.223486291418732830e-01,-1.483137219703525578e-01,-1.199397153938159821e-01,-4.504927755422005742e-02,1.534085413733038243e-02,1.577745549660319324e-01,8.939975931671237386e-02,1.795198091670525409e-01,2.018154519124747692e-01,1.043049157243072650e-01,3.020842416437471498e-05,1.209827404159707215e-01,6.204945711740543490e-02,1.051080382993257872e-01,-1.320549369774059734e-01,2.561850689922835073e-03,7.361512637204444334e-03,-7.940713349450162495e-02,-2.159908725943297525e-01,-1.368547740980453620e-01,1.712268702799187416e-03,-7.328293389670612057e-02,-1.892219113042060419e-01,-2.238876662197854250e-01,-2.725788597009757841e-01,-2.567975705974848144e-01,-1.875966003905153723e-01,-3.987124502150012351e-01,-2.612575322862060179e-01,-2.215903782722559168e-01,-1.565281226506483603e-01,-2.494794304552470088e-01,1.922017178355795927e-02,-2.566880376952999643e-01,-2.853665372105177248e-02,-1.771207781149765903e-01,-8.443342834323130930e-02,-2.168958431690041211e-01,-2.314306009656431351e-01,1.383175323308614146e-01,-8.753225828565351641e-02,2.060308303632661653e-02,1.351881544596047861e-02,3.472700602124791924e-01,-6.715540562416744130e-02,-5.739242855309181768e-02,1.017553267390183674e-01,1.871918165656481781e-01,-3.784806399162389534e-02,-2.597301750969675457e-02,-2.324164743035080916e-01,1.116710597484311777e-02,3.043549841082356100e-03,1.372798226838458924e-01,-3.220975090555796422e-02,-3.770564023936696235e-02,-2.664862839755411522e-02,1.627492934963541138e-01,-1.234511982287950400e-02,8.793503708171350464e-02,2.425441115332307163e-01,-2.717652357111212391e-02,-6.084846175923269707e-02,-9.733969609072058715e-02,-1.644020116038317353e-02,-5.880275636525173627e-02,-2.712899002139074756e-01,-8.303206474573780749e-02,-1.323722534894157810e-01,-2.624668448407348892e-02,8.507759947070343831e-02,2.284717379787640223e-02,-3.108195165434414486e-02,-1.854675726360703880e-01,-2.883489913564452056e-02,-6.342576768753321881e-02,-6.462663215297060129e-03,-5.087622124619618075e-02,-8.435685671351984827e-02,6.255852828785665731e-02,9.883718752085665638e-02,-1.380624318705777898e-01,-5.071119792129328424e-02,-5.102960714978410812e-03,2.110330327314496185e-02,1.814709145170927476e-02,1.428777722071263856e-01,2.037008274133291219e-01,2.174762754099278939e-01,2.867748335882444599e-01,4.165166559104692412e-02,-1.273439050096690228e-01,3.370198308586508373e-02,-1.996505928490952819e-01,-2.249579815023961260e-01,-1.825793792547399375e-01,2.886017895295166398e-03,1.318101008056238588e-01
5.949399355591435956e-01,4.094315850426345493e-01,1.276757847670022955e-02,-1.589325611168821220e-02,-3.127016387223111593e-01,-3.478946336429682429e-01,2.076586078619620246e-01,7.529191497985665560e-02,3.164327545543799691e-01,4.438742187124713329e-02,0.000000000000000000e+00,4.705547235938092321e-01,7.098634892897889292e-01,2.419668169146189096e-01,1.534158695869203559e-01,-8.494703097402929448e-02,2.409978496654191504e-01,-7.621049361795083658e-04,2.436381948413487986e-01,1.945062198958737443e-01,9.959965177656435881e-03,1.126563592040056294e-01,-6.134705042451558260e-02,-3.532205251419585912e-02,-2.483554158483274876e-01,-2.949713157671562946e-01,-2.900491409751488336e-01,-3.234049140851587012e-01,1.253970237716695857e-01,-7.909571903406252547e-02,-1.620938057248872133e-01,-3.221040052863573533e-01,-8.859978944210153418e-02,-1.111917938998918387e-01,-2.951297441542439226e-01,-4.967154078602890599e-01,-2.368083587082306096e-01,-3.037353988128637106e-01,-1.561058816698357721e-01,-2.652710639372993229e-02,2.437417408091046289e-01,-1.366996630092136332e-03,-7.288973843111161421e-02,-1.142057914958785336e-01,-2.471095299624084252e-01,2.030479568223497386e-02,-1.346573102469025285e-01,-1.368485598883620313e-01,1.018918800177151182e-02,-3.515319782634987456e-02,-2.493803567095163876e-02,6.288887010700431809e-03,-3.420986734287894478e-04,1.192696575614849569e-01,1.036953570844328376e-01,1.337856687982503512e-01,3.590462205405552387e-01,2.407410435089308021e-01,1.068273078469969550e-01,1.430855047489245635e-01,3.359186905174288973e-01,1.508536607237152827e-01,1.082145484189907941e-01,-1.980091865642514409e-02,-9.151270726136601086e-02,-2.089936816254930607e-01,-3.982424236526770356e-01,-4.781952597169458752e-01,1.330952364730370735e-02,3.779591067327597864e-02,1.339140948648288865e-01,2.755063396576215573e-01,2.462051653542443042e-01,2.032990393630094705e-01,-1.685479515721580515e-02,1.317183118308913048e-01,3.197707176258418604e-01,2.117369191926964378e-01,-1.211708693802497350e-01,1.722725631576733363e-01,-1.998058730752012291e-01,-3.230155011476701366e-02,-4.394304624519704966e-02,-7.554824110936951553e-02,-2.275248364067943702e-02,5.433685092090084767e-02,-1.626378319905072423e-01,-1.398423816655712526e-01,5.087484625664449034e-01,2.864060793210952971e-01,-1.315675337944145762e-01,5.801486206480269137e-02,-1.669250534362241578e-01,4.082369455534017727e-02,-9.418385539246962312e-02,-1.820858823555783212e-01,-1.129799315922420389e-01,-2.557872048156538125e-01,-1.267733367272532441e-01,5.822482090219187334e-02,-2.381025754090783028e-02,1.797288822447632439e-01,-1.772183154288938522e-01,-2.768901010157614334e-02,-2.581594250673791002e-01,-1.342030405369740997e-01,-2.330378174032639860e-01,-5.302619814836598972e-03,-7.457443723823310722e-02,-1.197584847369531497e-01,-3.420963050640470349e-01,-3.276589792293421177e-01,-1.036243621291081107e-01,-3.694373055228763331e-02,-1.600513109474528961e-01,-5.303898063969329779e-02
4.324764417742930078e-01,4.693233140200589459e-01,-4.264006040480909365e-01,1.145956425033933523e-01,-3.700041571488761893e-01,-2.783577492190739688e-01,-1.808567836215330404e-01,2.259462631848589975e-01,6.973641225647393693e-02,1.084149222269215757e-01,4.705547235938092321e-01,0.000000000000000000e+00,4.683965735407902842e-01,6.890705196916275810e-01,1.392906460776785482e-01,1.216777043554732735e-01,2.419272258014758537e-01,2.236328417624275922e-01,2.970982018110014944e-01,3.350165947667760324e-01,4.983844485698846888e-03,9.359113551220892002e-02,-3.278846550822436257e-01,3.356380217588724336e-03,-4.627254491005555748e-01,-2.845258108152425858e-01,-3.379260049315769843e-01,-2.861341930098827424e-01,-2.301391215343499136e-02,3.275720849243998756e-02,-3.884687331610870431e-01,-4.191727597004408223e-01,-2.777890442078253530e-01,-2.197588856186964978e-01,-4.317273102154872699e-01,-4.719298769511441893e-01,-2.664468739292769062e-01,-1.889326837107969392e-01,-7.119368974879670964e-02,1.711578626425824812e-01,1.739036364414201993e-02,7.698675679987085352e-02,1.181576704043378750e-01,1.313934022822177694e-01,-1.821862971438228396e-01,1.773145581083624689e-01,1.754162094586716736e-01,4.704758593059700511e-02,1.993490461594809304e-01,6.820881453439420206e-02,-3.939670215494348038e-02,1.156484890420939604e-01,8.291786892304470191e-02,1.916447904424518900e-01,-5.224685459330311033e-02,1.561471452418052852e-01,5.178601694326590010e-01,2.417311783764230226e-01,-1.298738696327696729e-01,6.554384854402349470e-02,5.040822400537200119e-03,1.200630830654098175e-01,1.112522872630775372e-01,8.356848204754971365e-02,-2.279646414496254159e-01,-1.358876745283140453e-01,-6.110510554373336234e-01,-4.667729785902693385e-01,5.700222162152734917e-02,6.756103028790835796e-02,5.603502529361714668e-02,1.494538706199578237e-01,3.054123352759997023e-01,3.265166265913277410e-01,5.798304681075425876e-02,1.294573751712375376e-01,1.324686266885186370e-01,1.252604657476648342e-01,-1.541093367262141856e-01,4.324229398747937020e-02,2.377110064305728854e-01,3.161436119712713877e-01,2.960925453023702247e-02,5.176535747275693572e-02,1.046660702254734870e-01,2.565371128406611634e-01,-8.171864471673610797e-02,-1.312344275102223790e-01,1.318715833509477020e-01,6.808362590901083367e-02,2.002199273769953436e-01,-1.146709665699975761e-01,7.754239483994807003e-02,-1.025741964578905097e-01,-4.774172995398178604e-02,2.649479547668566037e-03,-6.624679727105337035e-02,7.522824316927135581e-03,2.920711252971813776e-01,2.270916717605591384e-01,9.390043256662318483e-02,-8.878470282645872791e-02,-1.120143877347796052e-01,-7.218326146732030602e-02,-3.527310358823039782e-01,-2.564480385994954426e-01,-2.239972657157957570e-01,-1.719391501374650799e-02,-3.124832407304557053e-02,6.858252109648520223e-02,-2.192565702736263833e-01,7.111059255060410422e-02,2.066017416847416854e-02,-4.350929541901009390e-02,-2.811043843336986647e-01,1.118782707620662870e-01
6.238156637542392469e-01,7.135442610411171782e-02,1.374263577637865885e-01,-1.860356119285628551e-01,-1.578662180863915632e-01,-3.705744537061765875e-01,1.266122270358246982e-01,-1.648867924440221011e-01,2.844906484969456084e-01,-5.018602864586101803e-02,7.098634892897889292e-01,4.683965735407902842e-01,0.000000000000000000e+00,3.168467325793662970e-01,4.950178350213301770e-01,7.717879464963325886e-02,7.193839578890022513e-02,-4.868705767737094986e-02,4.113173848638325136e-01,1.024560044840111955e-01,4.594758761126597341e-02,-1.767211874275295344e-02,2.802434775894195873e-01,1.940685134443616844e-01,-1.584705763751626251e-01,-2.910393476509393063e-01,-2.598519837882876105e-01,-3.907688643203109935e-01,1.786673535289657333e-01,-2.210636554895574479e-01,-1.084061285788331247e-01,-4.274405708283766092e-01,-2.483707770443526752e-01,-4.038628474925044509e-01,-6.445901411481999577e-02,-3.306980573870780815e-01,-5.718966598502449317e-02,-1.363935402283499576e-01,-1.700373574533394772e-01,-9.716416598948388050e-02,1.536732726991069387e-01,5.838066082034300275e-02,-6.444040183366189778e-02,-1.441470766139092696e-01,-1.287669837117690341e-01,1.176264256403041081e-01,-6.795933378057467805e-03,-1.021559300734219827e-01,8.254579066999792603e-02,8.832109843898595936e-02,2.756815448701281646e-02,1.059924007631863618e-01,-2.804270865342074759e-02,2.737579952005226858e-01,-1.618875747085082029e-01,9.332559663249673232e-02,2.014441358867693210e-01,-9.697868060607245030e-03,1.377272751290472413e-02,-1.946571274350634428e-01,1.754696485066895573e-01,-1.076808768382778725e-01,6.274875430297556511e-02,-1.499266758353378359e-01,2.176621196764364496e-01,-2.361917037670407948e-01,-3.774430120493070806e-01,-5.557059264489943029e-01,-1.819667921009449352e-01,-2.017342578378766016e-01,1.086307850998650959e-02,1.007022584070301346e-01,2.072122225215874969e-01,-3.067624832056596237e-02,-8.471363706159859563e-02,5.947618600196973027e-02,3.291951506019494267e-01,1.744244055127753823e-01,-2.137261946275338942e-01,4.661936384296398034e-02,-9.797741397657511175e-02,-9.099368836565783700e-03,1.234408483054264816e-01,1.770046912866354849e-01,2.132312592279568264e-01,7.400342092577910647e-02,1.324462458143620402e-01,8.884911593272754038e-02,2.222738206281213158e-01,2.705852421640831951e-01,-2.134639661916731546e-01,2.782272341756145129e-01,-2.199080565211414817e-01,4.053333142197959038e-01,-1.198297088397825005e-01,-1.792022429412650775e-01,-1.677712956629437147e-01,-2.309776556293540728e-01,-2.311781995717950566e-01,1.954871755361014818e-01,-1.951311071962697208e-01,1.080727040234955166e-01,-1.747628969520662878e-01,-4.536633945044406951e-02,-1.745078079795670534e-01,-3.904467071166276698e-02,-1.433848071515573253e-01,-1.862721932594921335e-03,-2.615802226575426881e-02,-1.307458647958086861e-01,-3.652726664557032210e-01,-2.365591589712001397e-01,3.965956156358698553e-02,2.175739600684466202e-02,-1.706932841300159986e-01,-3.395664660576489663e-02
