0.000000000000000000e+00,5.608047853339901412e-01,4.313482728727559556e-01,3.879951888077333155e-01,1.125713845784513806e-01,2.349885658820360657e-01,5.393677253357719303e-01,1.162964258782410026e-01,2.722757627718862539e-01,1.889913255767418088e-01,5.139843498227278928e-01,1.843634143761023192e-01,4.618311333129867524e-01,1.541468805059385272e-01,2.056385209661190927e-01,3.543506342419706912e-02,-2.605074557348973641e-01,1.192548837291490874e-02,4.898146247937841813e-01,-9.040318142612904437e-03,-1.759104670899325901e-02,8.648841255665214167e-02,2.983899891535468085e-01,6.002003684040544546e-02,1.560314628936829984e-01,-1.379870212248009154e-01,7.559133277243404447e-02,3.490316434482344798e-02,1.459921386395398972e-02,-1.025581677429777544e-01,-8.120809351039579016e-02,4.507429769433425604e-02,1.037538605570077349e-01,-4.820795108035675486e-02,-2.372938494130995557e-01,-2.100182057994656459e-01,-2.735992790891288995e-01,-1.098814840793055914e-01,-1.320436771801122289e-01,-9.531949490472771402e-02,-1.361765009098420409e-01,-1.380939155460141621e-01,-2.940996877754379901e-01,-2.741266073334535647e-01,-2.671389603338356067e-01,7.980707546736718477e-03,-1.893159086209059150e-01,-2.784714304499239512e-01,-7.262770180049221182e-03,-8.620607274702573805e-03,-4.324043079251473076e-02,-1.002050110492342244e-01,-2.089361955516031155e-01,-2.298745137664986171e-01,4.854112996106277333e-02,2.755382048501838974e-02,7.750166560389117887e-01,5.419582513623237841e-01,5.035281305589096590e-01,8.166036699941939259e-02,4.858015697952735579e-01,2.893803708708973105e-02,-1.036669623523981953e-01,-1.407458674401350640e-01,1.313294792551312484e-01,-7.192005517808540416e-02,7.366758044019858231e-02,-1.538131116389882536e-01,3.866226680876221344e-01,2.496346441491145429e-01,2.657814448396201845e-01,-5.274365363698195301e-03,1.026872005760713219e-01,2.653195977495137817e-02,-2.453241040775054060e-01,-2.682496267992899308e-01,1.649624874338614239e-02,-1.638386989771862395e-02,-3.489228221440145439e-01,-1.624493429798584410e-01,-2.044591960733274094e-01,-3.417032478632309189e-01,-3.174513801937482727e-02,-1.258252043934718900e-01,1.151523645950258828e-01,-3.195980515230217311e-01,1.664922925660283770e-01,2.630088376536988959e-02,3.166868742342324183e-01,1.635147991668574677e-02,-2.993604824995368396e-01,-1.897871396700459012e-01,-4.563813604333059881e-02,-2.533125456305045098e-02,-3.617378790186603216e-02,-9.610528696765234524e-02,-7.697505651111877234e-02,-1.301378608573735274e-01,-2.171343577149093540e-01,-1.599121726031028645e-01,1.768140811943623436e-02,8.359780096919688930e-02,7.112220182315565076e-02,1.889600846663880840e-01,-2.117744992596631293e-01,-4.032874983106805866e-02,1.336214258249426856e-01,6.174533366587099670e-02,2.235421190204654740e-01,2.005060624029772476e-01,-1.977271071377253997e-01,-2.472143337219292192e-01,8.861646783989703124e-02,1.471698121263528836e-01,-5.737443041243602687e-02,-1.379316713994369614e-01
5.608047853339901412e-01,0.000000000000000000e+00,1.877414568469736866e-01,4.152329251002098154e-01,2.078963235366134144e-01,2.573891315650907452e-01,1.165111519071822255e-01,3.397785663067012796e-01,2.293020011819011106e-01,2.916096058376556610e-01,1.891289059166340047e-01,4.229782754453918492e-01,1.379564688546999485e-01,4.588004660822332381e-01,1.072441718661202997e-01,2.140726174499633094e-01,-2.234238871392443537e-01,4.702119514788224292e-02,3.836008943184107678e-01,3.773158186246867163e-01,5.474665806815730285e-02,1.056292512818866741e-01,6.330803684532791686e-02,1.294328359711595100e-01,2.174118054394612309e-01,5.110032095863707019e-02,2.213043298269022074e-01,2.065063482842565412e-01,-9.550819685059086517e-02,-1.237256348926478733e-01,-1.703083439601266458e-01,2.867501685918073112e-02,-4.620534467797441508e-02,9.725662440509569295e-03,-2.453670350833990765e-01,-1.781817436687443135e-01,-2.590132119661738286e-01,-2.292253364589894316e-01,-1.743929762634676695e-01,-1.326007047328416621e-01,-1.584605225868903344e-01,-1.766907264704556946e-01,-1.662622539734730787e-01,-1.056811348722917349e-01,-9.876986078102005517e-02,1.581514492325609700e-01,-1.082177611605392165e-01,-1.559735214397685588e-01,1.788081751040844925e-03,5.415273817655815586e-02,-3.266843124840431573e-02,7.462626286837883982e-02,-1.506472550959154499e-01,-2.334207139166065426e-01,-1.357875029510159648e-01,5.437041506974911453e-02,5.540420471866316365e-01,7.857279259265198545e-01,3.759603687707177566e-01,2.055106321873277908e-01,2.345855718235711207e-01,8.939070859817430104e-02,-1.908347273546318057e-01,2.324682647782378569e-02,-4.014718543375882243e-02,-4.905170623196684898e-02,-1.234104252111463233e-02,-4.223485702016477328e-02,4.074161657453365670e-01,3.492661859967866600e-01,1.309317325336500915e-01,1.320229990758177430e-01,2.408203691450253384e-02,9.755890162541804023e-02,-2.598597581751160290e-01,-7.312253514184591241e-02,-4.622674749303175290e-02,1.241463762124713904e-01,-2.907884876517292660e-01,-7.507196674769600619e-02,-3.118133647357027027e-01,-2.277932339214101820e-01,-1.229368516754049540e-01,-2.566130677117381062e-03,-9.171339642255461888e-02,-9.916140734632010456e-02,-4.796307471602365841e-02,2.016543830494415754e-02,2.043371976455977609e-02,3.283393380976508402e-02,-3.424409384984494764e-01,-2.703104079547788419e-01,-2.877351092582975389e-01,-2.630144400627411061e-01,-3.342629381829394231e-02,-1.090376260572941264e-01,1.366561037289983419e-02,-1.290499605030529795e-01,-1.626946248624360214e-01,-7.386041424410035028e-02,2.890271125967891486e-02,-2.892420736754375971e-03,9.049687712658577299e-02,2.139180211363868045e-01,-1.444244839946713932e-01,-1.063993022550992901e-01,1.120829094760555367e-01,6.887329463840102806e-02,5.682110276935787435e-02,1.562292468715272831e-01,-6.865464357901461534e-02,-9.159502912004965913e-02,1.615975942345115185e-02,9.260312186176822280e-02,2.838688713168395147e-02,-8.183832388906733812e-02
4.313482728727559556e-01,1.877414568469736866e-01,0.000000000000000000e+00,4.846623861289456880e-01,-1.299733441246205545e-01,9.745499197223216059e-02,5.698578846967287115e-01,5.103384566239946851e-01,-6.581986813651782842e-03,-7.998062939488731829e-03,4.910977094422357969e-01,1.342237176956021238e-01,3.975864054547413873e-01,9.259337576394034708e-02,-7.672110203571778919e-02,-6.459149665857751021e-02,-3.352228242854794760e-02,-1.052958808600194945e-01,3.764782297478718176e-01,3.282167930626981867e-01,-1.832169084438072248e-01,-1.437826634495593947e-01,6.179870040872880166e-01,5.935682474214747373e-01,9.719182120010157189e-02,1.052736575559192062e-01,-2.445196252013629168e-01,-1.899868047794494794e-02,3.136884234219232681e-01,-1.337673542944042282e-01,2.569735274231545463e-01,3.449200759838138008e-01,2.850514608852754844e-02,9.506858994114698869e-02,5.962340208292120532e-03,-2.489822363550279194e-01,-2.230961511403926900e-01,-2.771507802609774473e-01,-1.490661502661625448e-01,-2.971685070155501429e-01,-3.114715141016020650e-01,-1.917422773990277440e-01,-3.877222310937178396e-01,-4.262642944931644973e-01,-2.647475632768112597e-01,-9.179538925937867633e-02,-3.994506508336219675e-01,-4.349920290415692503e-01,-8.415620591879881263e-02,-3.589940460108519832e-02,-1.756150844671200140e-01,7.436523608433299841e-03,-1.578608719273582039e-01,-1.517568880992887226e-01,-2.617421319128760970e-01,-3.430621042298496182e-01,1.958578975679554912e-01,1.257500703567363820e-01,3.692202291831946370e-01,2.413792462519150916e-01,2.011297995648275716e-01,1.837321610105656644e-01,-7.377601144748789641e-02,2.229452694951480560e-02,1.180555470777345101e-01,1.653833371362983529e-01,1.356089061657563544e-01,6.880565915986104619e-02,2.200283000171377595e-02,2.124563673417584689e-02,5.681837991037722718e-02,2.134943900568169461e-01,3.558719413115074004e-01,-1.230736393599589501e-01,4.798603396416028719e-03,-6.166316098718112315e-02,-1.907086943697927639e-01,-2.648613673284120895e-01,1.509785960331099311e-02,-1.112506526300180432e-01,-1.344109336312489245e-01,-2.229833494913826542e-01,-6.596294818381462366e-02,-2.410919104679280223e-01,-5.277884488677714314e-02,-1.702834746951575884e-01,-7.936707859371942841e-02,-1.862484534525979951e-01,-9.087794741990772029e-02,-1.293658383765545483e-01,-3.095831019674562951e-02,-3.695123994041699667e-01,-1.461529030503912474e-01,-2.649539096543745420e-01,-1.404557888385833675e-01,-3.885375729113801357e-01,-1.730006528849440395e-01,-1.127218826224043319e-01,-1.473415940235225097e-01,-3.724235267660346294e-01,-3.305883832813684697e-01,-3.824882809183636212e-01,-3.599652732492142904e-01,-2.200478969343631352e-01,-2.705333615347902954e-01,-1.625740602589670347e-01,-3.099344719622400546e-01,6.786623373976996554e-02,9.089088332307823648e-02,-1.215095902692775801e-02,-1.766297196676307468e-01,-2.679376475930451695e-01,-2.901136233112072138e-01,-2.715804184052368342e-01,-3.401366870785258456e-01,-1.283731633697965946e-01
3.879951888077333155e-01,4.152329251002098154e-01,4.846623861289456880e-01,0.000000000000000000e+00,3.650697801761476069e-01,5.139645022028604959e-01,6.735942147838486216e-01,5.963312306167912746e-01,4.641402491183128642e-01,4.512262434774431119e-01,1.267684658430724143e-01,3.072191485326621341e-01,4.219316708971981300e-01,4.136313707668983763e-01,4.014815279473111787e-01,4.311702372282651963e-01,-3.512987636954343351e-01,-1.768850015804998566e-01,4.569451279918142483e-01,8.294814155572467762e-02,2.101104416924241269e-01,2.190325380527144428e-01,7.273706317120822717e-01,5.993027421258297904e-01,5.653906643402518695e-01,3.599211891514170203e-01,2.485549516457519759e-01,3.461880888840378478e-01,-8.516855553259218559e-02,1.233099488798538867e-01,2.936316894705215397e-01,4.438229010392536478e-01,2.156355943709007961e-01,2.506363692283268829e-01,-7.618378946486083214e-02,-3.936125979673269631e-02,-3.748776137410431142e-01,-9.008816508354443309e-02,-9.601821130179245822e-02,-4.762237805977827254e-02,-5.482843515248258387e-02,-8.665835248215961184e-02,-2.666432108418831937e-01,-3.133340559492907573e-01,-2.342126757234616330e-01,-2.787291150048990668e-02,-2.069115393397434333e-01,-3.336991874802731628e-01,-1.702980657860297953e-01,-2.231399292266120493e-01,-2.174202110727957160e-01,-2.413010584833736594e-01,-2.489334509476212043e-01,-3.155409537614961568e-01,9.013623820219229810e-02,-1.652923547401102117e-02,3.427458464613639677e-01,1.872589786341906093e-01,9.322043697872960111e-02,-3.557992959579093367e-02,1.578366823850267386e-01,-2.015551478061339968e-02,-3.872914882770832623e-01,-2.525549924207515784e-01,-1.272452063963582236e-01,4.063304037209652941e-02,5.889807530460811069e-02,8.482301698181697602e-02,1.238315588053015281e-01,6.517830018437770212e-02,5.222541501372430783e-01,2.979299059983797626e-01,1.866653758936686058e-01,2.713324220492952521e-01,-1.932849183206641897e-01,-1.779817369357119539e-01,-2.572036676533243776e-02,-3.744873903892542537e-03,-4.239421580639731735e-01,-2.307749760413548290e-01,-3.554101051278991119e-01,-3.167124573582263403e-01,-1.709805157274987275e-01,9.299039356229528430e-02,-5.535225379016388281e-02,-1.895901080823745866e-01,1.131570125124626014e-01,1.902868792388135166e-01,1.747229839914896388e-01,1.682986514942208522e-02,-2.931514880418826241e-01,-3.287866037829235699e-01,7.803807567343207241e-02,-1.666613213619545786e-01,-7.467323333616911196e-02,-9.581979870513035458e-02,-1.390010701027619144e-01,-2.285831033754745223e-01,-3.689106781544727598e-01,-2.906953586771398590e-01,-3.964087209655264149e-02,-1.814081274670562571e-01,-1.209626545858253632e-01,-3.063302864069383791e-02,-2.602127351547892098e-01,-1.303747216486015326e-01,4.452959390437079279e-02,-4.301653984114457707e-02,1.866508509483525147e-01,1.156378556376671946e-01,-1.744870390313777719e-01,-3.360653923249350417e-01,-1.767806668186053254e-01,-2.227393209866165846e-02,-1.899852874996013630e-01,-2.824746575987432951e-01
1.125713845784513806e-01,2.078963235366134144e-01,-1.299733441246205545e-01,3.650697801761476069e-01,0.000000000000000000e+00,6.912274849756154804e-01,3.217340801865002375e-01,1.535074315929405298e-01,8.612109858235521553e-01,8.387141566811983084e-01,-1.942003318542085688e-01,1.094888090145366005e-01,3.522681507786331601e-01,5.217873225123342840e-01,8.053451533183814126e-01,7.673548596859296467e-01,-2.432792168319465320e-01,-2.894937459238773325e-01,-9.110327827729488778e-03,-1.207767142303594471e-01,6.204992781944910218e-01,4.399085664868545020e-01,8.733705356676364773e-02,3.222847968406153396e-01,6.978128713939294459e-01,5.343480949511568712e-01,6.594120595873471657e-01,4.131877496444163467e-01,-1.556739970778858728e-01,-7.790369244693863549e-02,3.723432006672238587e-02,2.553016501870375432e-01,3.112245383039955460e-01,3.424250089136587905e-01,-1.098711176421590385e-01,1.938383420229872478e-01,-1.404619661395219432e-01,6.269158677435300586e-02,2.772391187990235276e-02,2.652723261250005127e-01,2.650107689720748727e-01,-9.116923995466517938e-02,2.339158454011225786e-03,9.376360534446787423e-03,-4.078910639304068192e-02,6.108603271271764723e-02,1.778537472509726935e-01,3.902097632272066852e-02,-6.523869947257143753e-02,-1.862171306349094113e-01,6.951702479034416182e-02,-2.528878435235621946e-01,7.007787028118364625e-02,-1.548026894353961569e-01,3.579407595118846430e-01,2.458816051132687586e-01,3.624630267048482013e-01,2.888282398511664989e-02,-1.249859504866937393e-01,-2.488235915921768737e-01,1.986412392035587227e-01,-1.521228605670824907e-01,-2.326551969038605783e-01,-3.167336027709219404e-01,-2.002106589124623762e-02,-7.350318837188661580e-02,1.137558244146048975e-01,-3.010132114204553473e-04,3.409540504000125455e-02,-1.148531557374789236e-02,4.580743826508624772e-01,3.739279404617365521e-01,-8.992154657168099918e-02,1.101056769395872964e-01,-3.471974784459230801e-01,-2.275195542239615010e-01,2.623174483244654076e-01,1.735082954653576759e-01,-5.234060540108700366e-01,-2.120979169567216993e-01,-8.564576631627060510e-02,-2.087858920596717127e-01,3.936977362676291614e-02,3.717918251055647993e-01,2.756130334272479665e-01,1.399493369359172401e-01,4.166567228094936737e-01,4.647735227346447284e-01,4.179422333518458821e-01,3.487364813199101965e-01,-1.703078835162337712e-01,8.139961191514311079e-02,3.014364566422610414e-01,2.668964853783205582e-01,1.204982555795826721e-01,3.120829065681066661e-01,1.278410291798226517e-01,-1.637535399097424793e-01,-1.364836163340014397e-01,-2.249835214595363383e-02,2.731938589948234020e-01,2.506063893495481532e-01,2.103282053749112590e-01,1.179879482145769903e-01,-6.307191057663349976e-02,-8.484813007969603527e-02,4.744631841096764724e-01,-2.334908563516126245e-01,2.512870021131379250e-01,2.665821524146334554e-01,7.946118131804329188e-02,3.586088625261377866e-02,2.684598105002513613e-01,3.062352140096131214e-01,9.757602122369483932e-02,-2.420547063339963945e-01
2.349885658820360657e-01,2.573891315650907452e-01,9.745499197223216059e-02,5.139645022028604959e-01,6.912274849756154804e-01,0.000000000000000000e+00,4.630082220612531940e-01,3.228359260410379461e-01,7.726969428713080790e-01,8.658539613961043768e-01,-2.263137192030513847e-02,2.569716066982639657e-01,3.398645005672587538e-01,4.775547357600821163e-01,7.275707751973777837e-01,6.822430706595111749e-01,-1.656706752732294563e-01,-1.464085569217122018e-01,1.263457730073556384e-01,-5.285828355024529968e-02,6.621546961765539807e-01,6.575823370910047760e-01,2.779508926807079949e-01,3.407936981667769594e-01,7.135958272302018734e-01,5.319181332594351552e-01,7.114715300022858013e-01,7.559465679964439966e-01,-9.105602013265695627e-02,1.631323585735144632e-01,1.932880119196261071e-01,3.120935824949703785e-01,2.111957903485924548e-01,2.590650579382552388e-01,-1.959860177078610877e-01,-2.489428244425033118e-02,-1.299125175201289173e-01,1.378062971007885384e-01,1.510508434684563472e-01,2.811916962755136584e-01,2.746742141952621119e-01,3.038405467065327659e-02,-7.204873604684601529e-02,-2.025665245689040328e-01,-2.229353992914677174e-01,-1.261554703718600345e-01,-1.001678929252416798e-02,-1.383627713679536353e-01,-1.721081101125219726e-01,-2.804115550057705852e-01,-1.734326113949928305e-01,-2.237084149655325926e-01,-8.608625564910636629e-02,-1.269640591973929603e-02,2.637886674873836101e-01,3.649726074449449187e-01,3.047590542318572293e-01,1.209899687472106439e-01,-5.660624891108712725e-02,-2.698416882107238512e-01,1.641687269664328930e-01,-8.482919978399521346e-03,-3.313005400874178275e-01,-2.875359590033531032e-01,-5.429470654120154005e-02,-1.221505880242893527e-01,-4.244755944940573761e-02,-7.697419690330881137e-02,8.163051466684426161e-02,5.491073157612143957e-02,6.509616425025300801e-01,4.508615804669776073e-01,2.933992176709746078e-03,1.892438013831265475e-01,-2.208913731239944833e-01,-1.575631202598880010e-01,2.643872072433530174e-01,2.999656781732815136e-01,-4.103140386149672914e-01,-1.398504675974442946e-01,-1.326717998469759963e-01,-1.767369297924288596e-01,-4.486509324776030358e-03,3.362820837699873611e-01,9.589167131024965707e-02,1.086891195733414722e-01,3.836623102418412201e-01,4.013012847288092710e-01,3.775323533495941186e-01,4.807948382312435820e-01,-2.143977762062508341e-01,1.285074548469253009e-01,1.800985304533077314e-01,2.470481395481067266e-01,2.182082064166351518e-02,1.739078919084871555e-01,-5.784847776602896480e-02,-2.577836576192321649e-01,-2.305911279926600166e-01,-7.397498469736422944e-02,1.355366971222154715e-01,2.733742148180146048e-01,1.571872897111131762e-02,1.922995993305490758e-01,-1.410075326247652583e-01,-9.726052717023571381e-02,3.224478459813833742e-01,-1.163065904980815357e-01,1.239134793514929389e-01,2.129453182540867184e-01,1.789190294384632868e-02,-1.729974804886884321e-01,1.363838370477142847e-01,2.217127464153567096e-01,-1.587141400359358412e-01,-3.645505473095845828e-01
5.393677253357719303e-01,1.165111519071822255e-01,5.698578846967287115e-01,6.735942147838486216e-01,3.217340801865002375e-01,4.630082220612531940e-01,0.000000000000000000e+00,4.119052114663720454e-01,4.284673229555516216e-01,3.647504117079560237e-01,3.781463121706563069e-01,1.853736861454524931e-01,6.595967993477317437e-01,2.872532013569141784e-01,4.067049248941974615e-01,2.535246414069109999e-01,-1.547431903355341865e-01,-2.941347801146478869e-01,3.447451068012721276e-01,-7.568470216928045724e-02,2.092352127249160199e-01,1.497100947142464833e-01,6.977883070403548826e-01,5.212129645693465152e-01,3.997035905427148705e-01,2.067775599581816448e-01,1.826734305568560590e-01,2.837242135085493722e-01,1.237877528215129835e-01,6.620166720595173360e-02,3.270138485941405104e-01,4.476581608609423446e-01,4.082988073981030919e-01,3.932379161512957189e-01,-7.710123619475907353e-02,-6.855569591230471771e-02,-3.413709260012348090e-01,-3.437650820010545311e-02,-1.025009541928958712e-01,-7.023943455358268306e-02,2.942009612402348220e-02,-1.708076921925910097e-01,-2.836434810040848742e-01,-2.907422116073744012e-01,-2.788749170148180356e-01,-5.408641786111900024e-02,-1.678303618525638363e-01,-2.982403124334221389e-01,-1.023359621919208012e-01,-1.331213826272296674e-01,-1.042261158707392665e-01,-1.767485406048827645e-01,-9.513635620483124056e-02,-9.969882570800524257e-02,1.837643283039204767e-01,2.668551227011786708e-02,4.590101013085867709e-01,6.812454896159287308e-03,1.887324037453858017e-01,-5.174946506777685501e-02,4.163376201274373023e-01,1.081199042279560457e-01,-9.889362122700255664e-02,-1.599441850148122513e-01,1.694293055376637214e-01,1.257173524733268544e-01,1.744237277474103009e-01,4.414348397423996373e-02,-8.389941371280483506e-03,-1.195847971992359399e-01,5.322770567983236001e-01,2.858224399093967638e-01,2.112071620933891059e-01,1.136718224394812488e-01,-1.409870644899543224e-01,-3.216132239620433930e-01,4.393027536523453486e-02,-3.174098069154534379e-02,-4.005351914929647372e-01,-2.872876858646678522e-01,-1.405998922869289292e-01,-2.875558072558659362e-01,-1.324025113801794162e-01,-5.402518534080744117e-02,1.746928921980072380e-01,-1.651320708470043197e-01,2.354507150438730767e-01,1.718064558654695817e-01,2.596300273837627293e-01,1.447798155806760412e-01,-9.600473895140881897e-02,-1.358597457477100090e-01,2.703228225075041125e-01,1.344457082036931705e-01,-7.670133373648706232e-02,-6.379371362983177196e-02,-4.686305432564284723e-02,-1.587550189837675096e-01,-2.239821922892657746e-01,-2.559794704760115502e-01,7.194483933522198560e-02,3.599780274719222017e-02,-6.431287722052629607e-02,4.172410653387301216e-02,-2.204438326153340399e-01,-8.108810248754096117e-02,2.961023190511292633e-02,-1.458403193470210468e-01,3.004061460681818341e-01,1.877720236668289355e-01,-7.782055983048676018e-02,-2.791099181668442730e-01,3.077667935279959285e-02,9.565440982220861643e-02,-1.338945949052273710e-01,-2.871745986655070970e-01
1.162964258782410026e-01,3.397785663067012796e-01,5.103384566239946851e-01,5.963312306167912746e-01,1.535074315929405298e-01,3.228359260410379461e-01,4.119052114663720454e-01,0.000000000000000000e+00,1.224734385227816136e-01,3.039128166977669854e-01,-1.569226607224283310e-02,5.270346468079798452e-01,8.045055993029397168e-02,5.134284381881221160e-01,4.707396700282098084e-02,3.326990811972548867e-01,-1.570910345548154341e-01,6.752066426760586215e-02,2.526383638900567274e-01,4.018653759005150761e-01,1.080999596539096302e-01,8.113000555416484405e-02,3.785254036562519797e-01,7.139572069468772542e-01,1.867278641145052875e-01,3.234254476932806321e-01,5.747018502527281858e-02,1.350707711187388582e-01,5.628522114347932898e-02,7.575730109811965041e-02,2.866276585858036352e-01,4.642995791239598602e-01,3.376332591415497075e-02,2.329753218051265340e-01,-9.130623779048410715e-02,-1.652213572880295300e-01,-1.193012995891317152e-01,-3.186968664573249649e-02,-3.721909742655599845e-02,5.359831063029453849e-03,-4.628590322906057063e-03,3.106942123972081596e-02,-3.222737451455877644e-01,-3.348489041348692852e-01,-2.866949789622859068e-01,-1.331696416734785282e-01,-3.023249162759636954e-01,-3.152520269186442348e-01,-2.760129009371342090e-01,-1.434937992842454380e-01,-3.291733275816221549e-01,-7.833784314716053798e-02,-2.376036108071130637e-01,-1.040347950745175443e-01,-6.612532105028007257e-02,-9.867148996445890274e-03,1.111732768598159247e-02,2.052562658180880073e-01,-5.137603492874769778e-02,9.018577008042233389e-02,-3.634373972407400205e-02,2.608375376326130257e-01,-3.200539511908497281e-01,1.975290065135203721e-01,-1.626318630120882625e-01,1.341998100921858450e-01,-1.953087130657722159e-01,-5.657810202068573602e-02,5.961934228613056247e-02,-3.447968283751998847e-02,7.905868553304794266e-02,5.074642653166772099e-01,2.367082216679086415e-01,7.905415366762966189e-02,-1.429150218408365425e-01,7.669158526937069897e-02,-1.430862175793094215e-01,-2.869045325687136216e-02,-2.025965567224353170e-01,9.697166077079398538e-02,-2.982634883030354511e-01,1.316039133488647872e-01,-1.019612543471805910e-01,2.299830923060132981e-01,-2.699142102650715636e-01,2.883620458662923824e-01,5.955688192218624305e-02,2.383542197738228174e-01,-9.038768672948434280e-02,2.832593978538199830e-01,-1.869361102852158951e-01,-2.327239696112113898e-01,-1.256320358216305721e-01,-1.935815804704230647e-01,-1.729621791768297112e-01,-1.099800025829057032e-01,-2.855729682150679460e-01,-2.063574523460092180e-01,-2.892677134457281585e-01,-2.503547520835758267e-01,-1.093725944792634519e-01,-1.343957482964985850e-01,-1.527956176621086404e-01,-2.070356012477668137e-02,-2.196370836394475057e-01,-1.893138980943617489e-01,-6.173718426851408647e-02,1.012080940686908986e-01,5.886917560417461587e-02,-1.605264939666638802e-01,-2.066299557381956198e-01,-2.648562648528161589e-01,-2.557024505798409231e-01,-1.744482257833441519e-01,-3.268874418863462750e-01,-2.510946843402039885e-01
2.722757627718862539e-01,2.293020011819011106e-01,-6.581986813651782842e-03,4.641402491183128642e-01,8.612109858235521553e-01,7.726969428713080790e-01,4.284673229555516216e-01,1.224734385227816136e-01,0.000000000000000000e+00,8.695492704132328221e-01,1.834165787775452264e-02,1.493091234172172488e-01,4.948915777632672541e-01,4.239132852482421221e-01,8.709707141850263623e-01,7.478668211421473089e-01,-2.890945769360951934e-01,-2.608610926896376969e-01,1.032067081991738799e-01,-2.394623744868107362e-01,4.991767945819943209e-01,4.526741194017291359e-01,2.588018938051579454e-01,2.512925918274910853e-01,7.884022593562616255e-01,3.436862020692453834e-01,6.100191178324212427e-01,4.677897083599405481e-01,-2.141794553025189451e-01,3.133228594339822898e-02,-1.304072203210852703e-02,1.388977585337225207e-01,3.216397591630151820e-01,2.758465758122907174e-01,-1.308149233554730673e-01,9.235609581926242095e-02,-2.620300644555934588e-01,7.917224328519005538e-02,-6.472924403956541520e-03,2.334989396095861480e-01,1.972981224907192077e-01,-4.413433255275325817e-02,-2.997624435253557623e-02,-1.069072325064469725e-01,-6.638574350205796171e-02,1.543387309800126582e-02,1.767862609982590871e-01,1.054419412401725459e-02,-1.282170115406269448e-02,-1.763262495431850152e-01,4.591466617631916741e-02,-2.020423954402195965e-01,2.985594880357642089e-02,-8.688898460219984798e-02,3.935350793624679544e-01,2.985672771594725661e-01,4.743171245499162025e-01,1.396094783698702824e-01,5.252034679832607439e-02,-1.945132096376311071e-01,2.878260523727246278e-01,-4.294163526048531271e-02,-2.245176488126263414e-01,-3.402041800612021216e-01,-6.755253087433497894e-02,-7.061565570414739257e-02,1.474303000864432556e-01,1.719714978689278542e-02,1.513225741124682167e-01,8.331024234396489092e-02,5.155007160332699678e-01,1.748320408570855355e-01,-1.027080253691085576e-01,1.816913633531372918e-01,-3.226526090800985735e-01,-1.901038532678048509e-01,2.545305416254916575e-01,1.911288707721491842e-01,-5.510116493069213695e-01,-4.020393291926502854e-01,-1.278022515574904483e-01,-2.523355569299283174e-01,2.247125039682812062e-02,2.998546353018192723e-01,2.457430602360784755e-01,-5.259481673234785160e-02,4.189698742800294085e-01,4.362797993745545777e-01,4.707133754761391731e-01,3.242448386682845185e-01,-2.289974013710118494e-01,1.104808083300467120e-01,3.154924601279912033e-01,3.492639077979750595e-01,7.892344759971215221e-03,2.089719420780246917e-01,5.290466247536555755e-02,-2.154372711851234024e-01,-1.852084006989864473e-01,-8.860931832542295883e-02,3.107899815681116062e-01,2.233316989159624122e-01,1.818305656709653106e-01,1.647253422896380604e-01,-1.238850651772222117e-01,3.312926385507499599e-02,3.742326945780312109e-01,-2.681346058866935222e-01,2.933933345131812254e-01,3.116675831171400457e-01,4.965653088592195119e-02,-1.127951685232449347e-01,2.714025915510925313e-01,3.657251821163238770e-01,6.189731519597938686e-02,-2.421040893659434923e-01
1.889913255767418088e-01,2.916096058376556610e-01,-7.998062939488731829e-03,4.512262434774431119e-01,8.387141566811983084e-01,8.658539613961043768e-01,3.647504117079560237e-01,3.039128166977669854e-01,8.695492704132328221e-01,0.000000000000000000e+00,-1.684455295301586220e-01,2.200074368630376420e-01,2.738122709612325623e-01,5.497865697325007295e-01,8.195766347228390369e-01,8.842857161752232242e-01,-2.490057185008310581e-01,-1.646932043846816296e-01,5.438101931701519454e-02,-6.100202569322578372e-02,6.268103707725990459e-01,6.297923608209166080e-01,1.705632317217937732e-01,3.466776457377896969e-01,7.342499449155970304e-01,4.037181058484459184e-01,6.915794754986308579e-01,5.810292799583350876e-01,-2.249964917487097815e-01,2.227089597742364091e-02,-3.142430078057321940e-02,1.779027715072913352e-01,1.763106486445658871e-01,1.986824202252100990e-01,-1.689381349689116907e-01,-5.457320787255865585e-02,-7.624366862231776731e-02,1.966295570890158051e-01,1.371869039912906874e-01,4.280789071023489156e-01,3.371793998545343785e-01,1.531054929496501182e-01,-1.556339897944226947e-01,-2.456758589272814153e-01,-1.621926030811433883e-01,-1.350858601723239072e-01,-7.643550604146862569e-05,-1.553644536576717639e-01,-1.885948181058058892e-01,-3.178455877234928617e-01,-1.850711424060401400e-01,-3.397304299582381004e-01,-1.377058917649230108e-01,-1.350331175628738944e-01,3.318334387286652754e-01,3.551084411849170785e-01,3.292533082742546413e-01,1.613763206680746409e-01,-5.579887019159294331e-02,-3.308100124170506584e-01,1.291862938483883672e-01,-8.789740418962152524e-02,-4.060217535138684330e-01,-3.148837429573310698e-01,-5.506647135768957119e-02,-1.796803794482003114e-01,-3.622144885350246646e-02,-1.241085224503121615e-01,2.047961628313932081e-01,1.705478203631545508e-01,4.510304346978295520e-01,3.656117300726433594e-01,-8.259099441414237408e-02,1.747992868810703815e-01,-2.711791825430825420e-01,-1.429890305644706816e-01,2.212306136754851327e-01,2.354359934326631376e-01,-5.239748812452662552e-01,-1.724516985502823063e-01,-2.299321897521967861e-01,-1.430162531906530310e-01,1.481066523683085834e-01,5.426671630879488228e-01,8.467609788737107124e-02,1.539266836751821965e-01,5.249894661220745329e-01,6.106935130464923311e-01,4.138812042912224376e-01,5.275665606020607523e-01,-2.855842119429800596e-01,4.920491251843353564e-02,1.489568829837328579e-01,2.549612203319646664e-01,6.798748112552508403e-03,2.514716786833205431e-01,-1.292152080797160651e-01,-3.871589113597774245e-01,-3.545302837853588351e-01,-1.950802202780665129e-01,1.784427019784997626e-01,2.378923250245003618e-01,4.772024207280078228e-02,1.770903930507096158e-01,-2.265365224219406670e-01,-1.587265795482329378e-01,3.785762774221674842e-01,-9.632809911581395601e-02,1.225733044151569723e-01,1.061957760997313399e-01,-1.474411711042408202e-01,-2.414789535907882201e-01,7.225593234191722558e-02,1.394538016682898562e-01,-1.513743754257469154e-01,-3.950559659555399894e-01
5.139843498227278928e-01,1.891289059166340047e-01,4.910977094422357969e-01,1.267684658430724143e-01,-1.942003318542085688e-01,-2.263137192030513847e-02,3.781463121706563069e-01,-1.569226607224283310e-02,1.834165787775452264e-02,-1.684455295301586220e-01,0.000000000000000000e+00,2.719130640873755889e-01,6.790131265451444520e-01,1.206970836323560670e-01,1.487500186819181065e-02,-2.471517485522530810e-01,-3.514561163662457272e-02,-3.913846591108632866e-02,7.789927494636286753e-02,4.173629365291508381e-02,-2.489356119611302876e-01,-2.062852201562495047e-01,3.775359832115175451e-01,1.731846378282079491e-01,5.065223746790483567e-02,-6.412004436802637430e-02,-1.510979324624283082e-01,1.647490392715545218e-02,4.475152658861613064e-01,1.483334387702725521e-01,1.204929324622573128e-01,2.026978582960734243e-01,1.410568913496285937e-01,8.906989366722334323e-02,-4.750033883002513502e-02,-1.310527809998123516e-01,-2.431701313392683750e-01,-1.017199925462413806e-01,-3.523731931060132549e-02,-2.717621787183704396e-01,-2.916094545298101304e-01,-1.795552475354383337e-01,-2.980085158919799082e-01,-2.208642946415957931e-01,-2.793229123997498231e-01,2.585984383641818860e-02,-1.945103108465202069e-01,-2.008080507075244714e-01,8.913115258286304077e-02,1.108652459546548841e-01,1.177390465639831518e-01,2.441404565816955863e-01,1.693565846814121534e-01,7.711114585570727487e-02,-3.272149795014452078e-02,-9.110061160597045238e-03,3.533494146115411239e-01,1.715659387821355797e-01,3.946429375163552633e-01,2.296280558043503894e-01,3.122277221573606099e-01,1.868352492412978239e-01,3.373638465116280405e-01,2.505364347398869040e-01,2.710999025263415296e-01,1.315119563342169451e-01,1.388930832807555305e-01,1.070636602591630848e-01,-1.944207558259734847e-02,-3.684190551303820685e-04,1.570574361765386395e-01,-1.112171216382023264e-01,2.693699158507036895e-01,3.282709354875292668e-02,1.537598436387409284e-01,-8.662195421515828109e-02,2.008360526071186966e-02,5.163229928799759755e-02,-1.524377658499993793e-02,-2.038970504831196240e-01,3.696641808608398111e-02,-2.344801581211666541e-01,1.567242342132441763e-02,-4.364321120571518775e-01,2.063948649669965218e-01,-2.289511807673441091e-01,-5.758107860598851713e-02,-3.089096903618797074e-01,8.570851672622777084e-02,-1.205733743362814858e-01,1.001650663931675789e-01,-1.885044685811542442e-01,-9.870427484097131499e-02,-1.238407902853137510e-01,4.556622584140863214e-02,-1.350767575359920480e-01,1.967386536834855315e-01,1.994977464514153809e-01,1.167917351007516508e-01,-2.837019454115637454e-02,-1.482958283168820876e-02,-9.291426211049302886e-02,-7.168118537178354288e-02,2.076258248753973593e-02,-6.418722705033687304e-02,3.298525332465753607e-02,-2.511166524561957991e-01,1.917320370262097506e-02,1.822865420135917347e-01,1.694997894580872466e-01,6.251806116633033816e-02,-4.653544317813537029e-02,2.516635452355044794e-02,6.091375936664205487e-02,-2.690181305912005272e-02,1.297981090058615006e-01
1.843634143761023192e-01,4.229782754453918492e-01,1.342237176956021238e-01,3.072191485326621341e-01,1.094888090145366005e-01,2.569716066982639657e-01,1.853736861454524931e-01,5.270346468079798452e-01,1.493091234172172488e-01,2.200074368630376420e-01,2.719130640873755889e-01,0.000000000000000000e+00,2.149733858813851484e-01,6.266334093252569071e-01,5.180956811008829987e-02,2.677467507343787578e-01,-2.550813615243037180e-01,1.843696125107110173e-01,-5.728953201121818328e-02,7.617431865946898417e-02,4.053793037918193565e-02,2.525280453027826597e-02,1.577091886755054295e-01,3.726178801579053124e-01,2.290851202710262879e-01,2.270609302579418842e-01,2.139867059027897311e-01,2.473568155557496206e-01,5.149421066224442456e-02,3.427500885031554145e-01,2.496790220652719827e-01,4.263541195727114097e-01,1.521709398036577843e-01,2.175630838882593177e-01,-8.168199175887330687e-02,-1.041938326423184902e-01,-2.367959401505083938e-01,-1.817698082058733303e-02,-7.671670374847172624e-02,-3.035978453407270350e-02,1.117302948694888672e-02,3.240414588608657095e-03,-2.721648061734636692e-01,-1.867216407664142319e-01,-2.013633704182647144e-01,-1.310850132657901020e-02,-1.792806479596038005e-01,-1.609953774024972251e-01,-1.175302374348998341e-01,3.208567033663461271e-02,-1.571412315658542169e-01,1.602870596016169047e-01,-6.009620314720474227e-02,9.062170207187762727e-02,5.193282418586164101e-02,9.913695519082722785e-02,1.422457464617029044e-01,3.854316308801046254e-01,1.759973667016440924e-01,2.635123297471168025e-01,1.419535403150835595e-01,3.702195229153592004e-01,-2.275005057681734333e-01,4.437177695111649833e-01,-7.954907171397948562e-02,3.012071682341418422e-01,5.852028850828418921e-02,1.625972308796602983e-01,1.478688482298722573e-01,7.445987425809413862e-02,1.205156583741370385e-01,2.663981250485815133e-01,3.612740388450052381e-02,1.310433127938754327e-01,-2.730640776832979899e-01,-3.427650941780590460e-02,-2.104999166325620397e-01,1.340502338013739303e-01,-3.463023992278126961e-01,-4.702314891719160811e-02,-4.204165270668504539e-01,1.108529148435755673e-01,-1.702409764816504856e-01,8.874970985507871224e-02,-3.271648930651481213e-01,2.346106565121976462e-01,-8.112364948609404949e-03,4.965199786680912081e-02,-1.437451273276137143e-01,1.949457484602644952e-01,-2.186604674768124479e-01,-9.903199079075186706e-02,-2.085310191737820007e-01,-1.112564409493347894e-01,-1.575314806977274051e-01,-8.912353281988850962e-02,-1.255077094172701024e-01,-9.051538843384200617e-02,-2.340690250228970593e-01,-8.720126856252853609e-02,4.229295948884422701e-02,-4.295724229403204337e-04,6.506323167081734526e-02,1.860760776518826654e-01,-7.392601749256239030e-02,3.976895890759416657e-02,-6.930094124447019888e-02,-2.049084631224834530e-02,-1.621072265689607259e-02,-2.354920859258005997e-02,-9.977805329416124247e-02,-1.749686685163891753e-01,-1.218275580956802856e-01,1.156287853791635248e-02,-7.425912918639701599e-02,5.467320982793699713e-02
4.618311333129867524e-01,1.379564688546999485e-01,3.975864054547413873e-01,4.219316708971981300e-01,3.522681507786331601e-01,3.398645005672587538e-01,6.595967993477317437e-01,8.045055993029397168e-02,4.948915777632672541e-01,2.738122709612325623e-01,6.790131265451444520e-01,2.149733858813851484e-01,0.000000000000000000e+00,4.123918466226692559e-01,5.174364725097496676e-01,1.750427630361971465e-01,-2.101856107853402600e-01,-3.817264099934944976e-01,1.451179909646927724e-01,-1.723675094298750821e-01,1.196485905848035242e-01,3.796949651807688536e-02,4.946223840434008645e-01,2.965469402774870700e-01,4.430756583350994315e-01,1.941700503514796894e-01,2.024285814473028300e-01,2.213126955204975377e-01,2.190771736567661832e-01,5.429926662136789345e-02,1.323087492859571224e-01,2.944238719554022610e-01,3.217097415442470298e-01,2.914316212311156007e-01,-1.591501887923665870e-01,-1.225167614976076453e-03,-4.174157190672793671e-01,-3.175992376164932934e-02,-1.114014161603342767e-01,-1.520807061666423488e-01,-9.176189838311045455e-02,-3.014017636362079644e-01,-2.194955412263873973e-01,-1.424381201054879253e-01,-1.701222905102242056e-01,1.500254274366409901e-01,-3.885358524484409243e-02,-1.831642102322416921e-01,1.122610447414491008e-01,1.663672455779440298e-02,1.943651108884655032e-01,5.462875256530234924e-02,2.070293497260900784e-01,-6.642233483989350151e-02,2.062489610957500552e-01,9.709071078879558114e-02,5.395072467491481838e-01,-3.813006976370190287e-03,2.113010460667541224e-01,3.368333746685955865e-02,3.909519735009460706e-01,1.266985177596109680e-02,1.629189478513144718e-01,-9.767249983067892438e-02,2.018026669510195603e-01,9.663744343790726943e-02,2.441409745088901073e-01,1.415625573026902395e-01,-1.028509205228198414e-01,-9.490173688218965509e-02,4.613820617604033614e-01,2.969784523510190372e-02,1.548884804157206474e-01,9.029750462002178457e-02,-6.292890659326218217e-02,-2.557698090497669829e-01,8.725917503267786868e-02,3.003027464657527165e-02,-3.519972823503264570e-01,-3.823618268638638851e-01,-2.799661473773527517e-02,-3.363592647367431021e-01,-5.118906077440395219e-02,-2.652498494902770787e-01,4.102298343834496208e-01,-2.834296306791641573e-01,2.197509537987158423e-01,-9.699881201319782500e-03,2.789344205449718617e-01,-3.778480695301614928e-02,-2.066538700192689995e-03,-1.788365278423143800e-01,2.127389075502154336e-01,4.633191830746359596e-02,8.539399302555950033e-02,7.626490534419853515e-03,2.496870822470707574e-01,1.451798919203987348e-01,2.854408886922750466e-02,-4.604789180916123853e-02,1.936694648204825842e-01,-2.249509872719789461e-03,8.939004353345607334e-02,6.739047754179518235e-02,-1.700868136734508609e-02,4.375470626083231840e-02,1.358306649781597895e-02,-1.875207294603658814e-01,4.053666806434385594e-01,3.177478384543105938e-01,1.205274002571076059e-01,-2.662397686441895367e-02,2.232673887615717334e-01,2.277816858994735627e-01,5.207244306293650621e-02,-4.038260063676341050e-02
