0.000000000000000000e+00,8.659961120581601834e-01,5.890876470932617792e-01,6.526567224487658248e-01,1.349798885977451790e-01,2.174106785901421812e-01,5.890315566447988926e-01,4.569612955256872611e-01,1.957813222100224793e-01,1.715874697821423434e-01,3.517522966566261622e-01,3.013852347320286063e-01,4.497318239425528996e-01,2.333601258412991986e-01,-4.132230179729191183e-02,-1.710003218259494862e-01,-3.058960232817860003e-01,-5.070740353875208273e-02,5.886632860995275607e-01,7.320199405413104765e-01,-5.164545964020601510e-01,-1.807854735476178420e-01,4.960370156383301365e-01,3.867333370348751687e-01,-1.520297452664970059e-02,5.619139714288623466e-02,-2.060934767895960043e-02,1.003662371792012620e-01,-2.876674563662001693e-01,-2.643480898818664770e-01,2.739317558577255424e-02,2.184297378142953105e-01,5.767943984490880860e-01,4.320705922421976264e-01,5.225320501424820518e-01,3.386447057317356624e-01,-4.845003627961358972e-01,-3.471000817967225816e-01,-4.689664712670375546e-01,-4.197161566336159444e-01,-2.158315515655408467e-01,-4.151380468752662312e-01,1.690071569896599984e-02,-4.615545220189711667e-02,1.394051897693358855e-01,-1.502946445814663523e-01,-4.367469665250254818e-01,-6.594952939845175610e-01,1.630493231001400173e-02,1.056324644464485957e-01,6.403475831766215418e-03,5.862752264032104754e-02,2.472135846244867888e-02,-2.464031080910044358e-01,-4.883985042935080623e-01,-1.881899741364157497e-01,5.823570791274925718e-01,7.251649904412444947e-01,6.118438378069501749e-01,6.273957806071954746e-01,5.209902230843249660e-01,3.602700739930201901e-01,-1.433088541793786919e-01,1.725904211893219964e-01,2.715296430252346904e-01,2.432061279687853239e-01,5.121923178304175206e-01,4.265264590885473606e-01,5.647593752106718767e-01,7.167093574453140548e-01,2.569238636641500984e-01,6.923819767585279172e-02,3.569201898031421072e-01,3.003409741253026399e-01,1.791935593190518983e-01,-5.164830571064215475e-02,1.416433899086370603e-03,5.707824368717413083e-02,-4.479463776281056991e-02,-2.185842718383309013e-01,-2.018596510668574928e-01,-5.124542561120491030e-02,-4.071099770819959773e-01,-5.091523212984851998e-01,1.309205947909232726e-01,-4.356018265123437483e-02,-2.122181858686840727e-01,-2.508715661062766999e-01,-3.835458296282361346e-01,-4.706828198740827807e-01,-4.018170369082502691e-01,-2.826710772006478245e-01,-1.908990435786130091e-01,-2.602277014518807885e-01,-2.779688419042318781e-01,-5.303333641549072830e-01,-4.848448495494541710e-01,-2.360287673176438838e-01,-2.310158816913071289e-01,-1.380205080622021879e-02,-2.737790024747309703e-01,-1.510214776107418333e-01,-4.241328526790597575e-01,-3.842857419525044227e-01,-2.622449706166330441e-01,-2.549709207899898411e-01,-3.952028212349741054e-02,-3.399159636897893799e-01,-1.528084137726238578e-01,-1.165448805660849879e-01,-3.199033664394100931e-03,-6.660594051403397053e-02,-2.388599400297565165e-02,-1.188821394446035878e-01,-9.340749194924645449e-02,1.111345443755706180e-01
8.659961120581601834e-01,0.000000000000000000e+00,6.100518764680975536e-01,6.155531478226222708e-01,-5.837062924950245368e-03,7.391611939162485989e-02,5.844980753236554971e-01,3.977763705611409573e-01,1.186503364197480509e-01,2.595229201809008852e-03,2.232107109249874821e-01,1.027663952717319668e-01,3.367992623301929722e-01,-3.151753879604286736e-03,-2.220971996708720197e-01,-3.736120868292688302e-01,-4.131706883900984617e-01,-9.889857460432126268e-02,6.638843122235252858e-01,8.252055152301623897e-01,-6.618818578986510603e-01,-3.396368179794042597e-01,4.302198892830981225e-01,3.520149273624041952e-01,-1.900422657766647760e-01,-1.100964965694586351e-01,-1.529889050536905326e-01,-3.535976234300066898e-03,-3.581310156352603413e-01,-4.347663473632697451e-01,-1.275832830823964426e-01,1.116672534491154056e-01,5.181808704932439058e-01,4.017713918016748154e-01,4.880183882725885325e-01,3.465312740755365217e-01,-4.885894969943816446e-01,-4.534171832402967284e-01,-5.998920349876554203e-01,-5.720405454293044922e-01,-2.960725696768399806e-01,-5.730489826844339385e-01,-1.113531534559642211e-01,-1.541098833672272239e-01,-7.879645564979881334e-02,-3.058294176707244127e-01,-4.512156008909008476e-01,-6.678112975157269871e-01,-1.639901164609493256e-01,-2.108330361379652171e-02,-1.277263904293453600e-01,-2.818704146352359746e-02,4.852134789413506269e-04,-1.442076558958861054e-01,-5.212860689810214776e-01,-2.661422055353305782e-01,4.788868149756671522e-01,6.788991473091594564e-01,4.553574032217218570e-01,5.612519883422734113e-01,3.844094909038052732e-01,2.945261893615955806e-01,-2.385404606345228329e-01,1.220517127498192966e-01,1.366731210790356199e-01,9.736330291251996116e-02,4.202209039023457882e-01,3.445971446946185512e-01,7.131682457423309529e-01,7.133402788008801343e-01,2.824170504998502751e-01,1.371071126350632829e-01,2.239828705835677503e-01,2.861762795282914995e-01,6.520412029929507913e-02,4.155932303535061004e-03,2.781322150503878071e-02,3.097614621874852925e-02,-1.620591414860523549e-01,-3.158245953511670812e-01,-2.250623991010117786e-01,-1.953880252345526758e-01,-5.377541374512063710e-01,-5.962399917901816115e-01,1.420394151015148543e-01,-1.205646127251298327e-01,-2.307833782294972380e-01,-3.046627821590698892e-01,-3.072040336427382945e-01,-4.770384051039804341e-01,-3.030708060880222265e-01,-2.130166696731121689e-01,-1.439154370515828563e-01,-2.234957916299549763e-01,-3.508988678344454049e-01,-6.108156182055821670e-01,-4.521303530453588682e-01,-2.735521891330189859e-01,-1.146574553075602743e-01,3.882420482783383725e-02,-1.119470306597756398e-01,-5.950853389337953936e-02,-2.432783274626139358e-01,-3.107046173406172174e-01,-1.802424516822223877e-01,-2.343281275278436826e-01,3.944571873297222225e-02,-2.637695388688023335e-01,-2.011109062460466057e-01,-1.127636513287440800e-01,1.389202009473761434e-01,7.073455160846629786e-02,1.074255494766183788e-01,-3.657718612464641583e-02,-1.353471220506876904e-01,2.564791033499010386e-01
5.890876470932617792e-01,6.100518764680975536e-01,0.000000000000000000e+00,7.460255747228198286e-01,1.682037251614035001e-01,2.800132246018907645e-01,8.481452302703821333e-01,6.501509193328794955e-01,5.653539325958899936e-02,3.260439223422997301e-01,2.083668987461944067e-01,4.203932294980694540e-01,5.181278689417769812e-01,3.514165817890799182e-01,-1.406725391637387579e-01,-1.324503592941479735e-01,-3.651298677429358208e-01,-1.562135072563367588e-01,6.205118761090671065e-01,7.066749072022501243e-01,-5.748473176855937172e-01,-1.845922446765082270e-01,7.824234270650358702e-01,7.953947996170411816e-01,-6.809815478443588532e-02,1.292074794885333597e-02,-6.008939911999323230e-02,9.479745612373643993e-02,-2.469326468001262209e-01,-3.221918292407438544e-01,1.519497110198912981e-01,3.970048904114709676e-01,4.885036746912380656e-01,5.415514107586336667e-01,6.934994179850895168e-01,5.066413930236443042e-01,-4.464466475537579582e-01,-4.828020105701785747e-01,-5.971184879614288565e-01,-5.691818662443661747e-01,-3.095647473632509028e-01,-5.191592211734559204e-01,-1.582774867049799028e-01,-2.505365221322708447e-01,-2.824139409969191883e-01,-4.968716339835841378e-01,-3.689105846159551061e-01,-5.295315781631064755e-01,-3.224003761157623327e-01,-3.754475146956890441e-01,-4.386780699894894386e-01,-4.395276063222272600e-01,-1.865878357239445784e-01,-4.137375681622985218e-02,-4.931369106171552552e-01,-4.835928979884168699e-01,1.453957127192429255e-01,4.046885216470156865e-01,1.716464504982964656e-01,1.308622126662906671e-01,1.501907523793052923e-01,4.310430299850270264e-01,-1.301377873861451762e-01,1.457396620454271263e-01,3.787839260225859261e-01,1.251455831704507693e-01,5.108081908176954622e-01,3.495724151927019352e-01,6.035069617761265048e-01,6.257106721694247753e-01,4.742205882125675731e-01,3.307928051342675646e-01,5.028580932766444356e-01,5.240434899426266169e-01,-2.658130934222310837e-02,-2.093418552132324806e-01,3.755785166400658071e-01,4.002015368075302892e-01,-5.891208132694276262e-02,2.901687207681482097e-02,-2.142229238835295091e-01,-8.498581244679467850e-02,-5.484321316540020641e-01,-5.660200583764629645e-01,2.955782737043364805e-01,-3.493064388593180580e-01,-3.653367968747612826e-01,-3.911056894228829295e-01,-1.359829322984129341e-01,-3.231478522316437174e-01,-9.090706138829196883e-03,1.032594129759987905e-01,7.219027102731029322e-02,8.589319736556347284e-02,-3.488216054474079786e-01,-5.364838294352102244e-01,-3.313399535831126341e-01,-2.232171360378817915e-01,3.916024278359320210e-02,8.615910460428220785e-02,1.304547600885108405e-01,2.027686289759215998e-01,1.489731045696348066e-01,1.305437981256482860e-01,-1.722262727978521035e-01,-1.542105085127998265e-01,1.418624809128906372e-01,-2.337243065482913496e-02,-3.157049702639694311e-02,1.095835297382885126e-01,1.090143449366447748e-01,-3.585409104858138657e-02,-7.239933015808476535e-02,8.733511266966026421e-02,-3.930569246736349137e-02,1.205615003134816315e-01
6.526567224487658248e-01,6.155531478226222708e-01,7.460255747228198286e-01,0.000000000000000000e+00,1.541906847654328505e-01,4.443836333460633448e-01,7.548581468466724065e-01,8.814926803832511260e-01,1.643913458468069799e-01,4.950780373735396700e-01,1.787909940796151009e-01,4.807401293953949550e-01,5.387183582701826623e-01,5.098565718001917269e-01,-2.592102089307232182e-01,-6.826714737246136755e-02,-4.871246355668143457e-01,-2.262299183273651648e-01,4.774111243463458054e-01,6.212485026162181123e-01,-6.859761021315874396e-01,-2.353477779452386731e-01,6.875438590381559578e-01,7.365874642131571282e-01,-7.223162491413309683e-02,8.167696623580925075e-02,-3.085423795403992656e-02,2.699550359800442223e-01,-3.389885875119952319e-01,-3.350025690696607494e-01,6.774812447729897102e-02,3.410372736755778456e-01,4.723612150694390110e-01,5.344088814608906057e-01,6.410398208148549992e-01,5.878542528383668975e-01,-5.625417995349527578e-01,-4.939261739139173546e-01,-6.848880355671965736e-01,-6.002275758161716990e-01,-2.486858387119525449e-01,-5.679271944942229089e-01,-1.744389396460121477e-01,-2.732000932199130649e-01,-1.194207872899804984e-01,-3.847915984642413800e-01,-3.857163110187569188e-01,-5.870774123887498863e-01,-8.351642891183941320e-02,-5.832854712698107291e-02,-1.715066142712638741e-01,-2.326407619910451918e-01,2.292845334374676164e-02,1.755835022899895383e-03,-3.601551328456173984e-01,-2.780623865337328304e-01,1.916147362316045488e-01,4.544293480609145064e-01,4.926904523258161528e-01,4.088141713787847298e-01,3.793200289328276242e-01,5.830523753308741730e-01,-2.419347233788988472e-01,3.331332019964114988e-01,2.211650112097280074e-01,2.997164694828684528e-01,5.145502565663624406e-01,5.251346552037445825e-01,5.159584337610890747e-01,5.769532553692963139e-01,6.053903381165737230e-01,4.625363320160664204e-01,4.625563851298024054e-01,5.519691429947752859e-01,1.488345927098994326e-01,-3.062221976979831450e-01,2.832095743189897985e-01,4.145226669427058419e-01,-1.488386630552010204e-01,-1.507975386751869706e-01,-3.356617244026439129e-01,-1.843128756727117346e-01,-6.632068266107057353e-01,-7.366074055302392898e-01,-1.745601035147032474e-03,-2.886227316307159452e-01,-5.044849098539020416e-01,-5.243309679480598895e-01,-1.450406281183610480e-01,-2.151493001345574085e-01,-4.861700932178295541e-03,3.192238167989849135e-02,1.428700894604869875e-01,3.302249276970038207e-03,-3.316567691278666241e-01,-5.698669854374331933e-01,-3.187840894057017982e-01,-1.536462137959295482e-01,1.222061872172976321e-01,2.119112736533030339e-01,1.012842246417351710e-01,1.484597252936572520e-01,-2.912171998024426500e-02,4.704364900042791453e-02,-2.516445595982013117e-01,-2.579112443357544637e-01,1.112592780480296667e-01,-9.068382435702988797e-02,-1.665816911305637860e-01,-1.613485556362834542e-02,1.204928958257645566e-01,1.670055773179704439e-02,1.251754742883420257e-01,-1.254292336580530194e-02,-9.043309737708227214e-02,2.248706087376406426e-01
1.349798885977451790e-01,-5.837062924950245368e-03,1.682037251614035001e-01,1.541906847654328505e-01,0.000000000000000000e+00,8.611610126349263927e-01,-3.069226689444620043e-02,-2.098989105191411547e-02,4.067373729234168289e-01,7.391702979912218030e-01,-8.845948662907929250e-02,4.156754259695275011e-01,1.340231851188553314e-01,4.078831336661091767e-01,4.820877526231318599e-01,6.182056938274077540e-01,2.073368622277611262e-01,3.018915876575510304e-01,-2.541694891642659049e-01,-8.419288298286238537e-02,2.044364635905086824e-01,2.953924064051329235e-01,2.558390724410190553e-01,2.843949037954069392e-01,7.005418375905461126e-01,7.702584065356744558e-01,7.764442823248112191e-01,5.980679551962991836e-01,3.189913990829880697e-01,3.679520148633430021e-01,6.868866604473077286e-01,6.373001671945588420e-01,2.732343388572973653e-01,2.437101504428261511e-01,2.254166392947634934e-01,1.591744793259556590e-01,-1.083097113803365569e-01,-3.471886502813670977e-02,1.351945071491128525e-01,1.950166534910474925e-01,-2.301216942491451367e-01,-9.745048755629061310e-02,6.954241811877400758e-01,6.593195889448218994e-01,3.491903747761414545e-01,2.902997919790679671e-01,2.708929769244530772e-01,1.519384343585810093e-01,1.703905284969150224e-01,1.695127328215236540e-01,1.359949338662171381e-01,9.701059975189950391e-02,8.589336344108823573e-02,-1.955473976388154012e-01,1.660101305239622127e-01,2.317518562829057049e-01,3.944031538040523310e-01,3.697236097274692601e-01,2.515737212086910923e-01,-3.052443104520261366e-02,-7.221577312361535106e-02,-4.376849202368359587e-02,1.790642909679644734e-01,1.269255249689559828e-01,4.367812268125415009e-02,2.078280973344691918e-01,4.498822516594062626e-01,4.132093906691242102e-01,-3.025848037936741952e-01,-8.982440307636596621e-02,-1.327400324656910213e-01,-2.646953521271778742e-01,-1.416988429879350864e-01,-1.858107258285646157e-01,2.756770815418994047e-01,-3.639919588167945252e-01,-1.547838103385446584e-01,-6.016468455107647217e-02,2.911150990066728728e-01,4.190904204124165089e-01,1.621044583377478920e-01,2.573172170577222584e-01,3.064258935992663080e-01,1.042371105896131717e-01,-1.620260208181738271e-02,9.445285520187875206e-02,4.885473192761424777e-01,4.527493209434531041e-01,-4.353952329194804571e-02,-3.262553654653647661e-01,-3.115243113549175380e-01,-2.101749627655614405e-01,-2.922706696894686873e-01,-2.806394773087989014e-01,1.512531568655519354e-01,-6.411632408263549278e-03,4.169108029484178135e-02,1.171803805600153681e-01,-3.333913791484250932e-01,-2.742979932873543247e-01,-3.264000699486373502e-01,-5.080092521533723371e-01,-1.771813955115965900e-01,-1.984165855900765496e-01,-1.450357894980500995e-01,-1.780449946047966969e-01,-8.015767193743779384e-02,-1.237529794451057014e-01,-7.698705871414210367e-02,-9.086070302911335161e-02,-3.898695765030821270e-01,-3.435188741118924693e-01,-3.654296045097777945e-01,-1.865261861351377171e-01,1.914829698717577036e-02,-3.021207188582495928e-01
2.174106785901421812e-01,7.391611939162485989e-02,2.800132246018907645e-01,4.443836333460633448e-01,8.611610126349263927e-01,0.000000000000000000e+00,1.315832226751829925e-01,3.080588200009840016e-01,3.144796305503442801e-01,9.217071081508240171e-01,-6.604202445798687537e-02,5.572407439392701445e-01,2.464595121770505048e-01,6.219773029017697796e-01,2.711029406694661636e-01,6.023748854851908030e-01,1.806950724624070345e-02,1.993632618807258394e-01,-2.149320616212293533e-01,-5.259393395060794896e-02,-7.662314717895052363e-03,3.072949366867994692e-01,3.933547596253706979e-01,4.805831547169238660e-01,6.269789041732982682e-01,7.297723401006096511e-01,7.054191380036766157e-01,6.938079530126514127e-01,2.043747071128388937e-01,2.977775595701274147e-01,6.692824818316742697e-01,6.687682980581550751e-01,3.184470825557981777e-01,3.418442552010295676e-01,3.740060449146532795e-01,3.569048028849988730e-01,-2.634032419822032733e-01,-1.297567061025504120e-01,-1.192768208966045046e-01,5.531662459305946265e-03,-2.797839984707743421e-01,-1.876712215650679638e-01,4.910728359358096373e-01,4.166320500257075232e-01,2.485532837604904899e-01,1.762641645044917549e-01,1.660384944979374500e-01,-1.395157477098051338e-02,1.444204186774937226e-01,1.626201838593541726e-01,6.005036608011585925e-02,-2.332951194109504287e-02,1.777331345643700933e-01,-3.617196447085251065e-02,6.922408868006908744e-02,1.537429887220909674e-01,3.549837167852109565e-01,4.059295160898643839e-01,3.942422680905809940e-01,1.112786363890525959e-01,8.735734191607051613e-02,2.282672594179930570e-01,4.195335088540096125e-02,2.642692657347651131e-01,1.257377046269403942e-01,3.219856748184461992e-01,5.331354653308455482e-01,5.290864939303006054e-01,-1.999325851204081794e-01,4.418227335507219494e-02,1.726189715814395453e-01,3.389304703643179068e-02,-1.517760055716708793e-02,3.040507972602035300e-02,2.923080596311543045e-01,-4.862990614537358036e-01,-1.152529751254580404e-01,4.983279118159364418e-02,1.921367441788929820e-01,3.377752537224575358e-01,1.874175214459248076e-02,2.212188871760135678e-01,1.836646926735795854e-02,-1.522212727885313421e-01,-9.456410665839710961e-02,3.856688722849683365e-02,1.664085772595199075e-01,1.140756472867631433e-01,5.434084288183235571e-03,-2.559533336447141205e-01,-1.417503015971702252e-01,-6.450692133711163900e-02,-1.065242423165729674e-01,-1.520389316306532956e-01,1.249408944253524306e-01,-1.671326030040606314e-01,6.686545516148678647e-02,1.436589400256786941e-01,-9.906730407535478677e-02,-4.983162925335208465e-02,-1.239815651470587837e-01,-2.428374844110095243e-01,-9.029353662218743415e-02,9.354904984184908090e-04,-2.412537554277023044e-01,-2.279760227229634673e-01,4.222765151756200513e-02,-9.006277891843149364e-02,-5.049142678155031649e-02,-4.352314190854537912e-02,-2.054301176741789581e-01,-1.577397442247669979e-01,-1.870629745157303403e-01,-1.566457520172717111e-01,-8.260249340763652082e-02,-1.146638134441440998e-01
5.890315566447988926e-01,5.844980753236554971e-01,8.481452302703821333e-01,7.548581468466724065e-01,-3.069226689444620043e-02,1.315832226751829925e-01,0.000000000000000000e+00,6.987543935514941573e-01,6.928459493917793477e-02,1.589685098863809209e-01,3.185844974149338871e-01,3.007601483060900471e-01,4.937128009624133784e-01,2.106392950267218789e-01,-2.798372704295461477e-01,-3.536856562415571226e-01,-4.117516673780532432e-01,-1.975629675324697965e-01,7.642034096572830615e-01,7.592263026185828156e-01,-6.885741544202478304e-01,-2.872422087703176974e-01,7.463240195578303426e-01,7.100089364783126467e-01,-2.924552282122482305e-01,-2.194722072176625016e-01,-2.528468740153018701e-01,-1.392213257777081409e-02,-3.366662483127066952e-01,-4.094924163770988779e-01,-5.637997907938720188e-02,2.379197064457952981e-01,5.007252792317160583e-01,4.947404790714977074e-01,5.627488875959946180e-01,4.593450168272575351e-01,-5.036828931272483434e-01,-5.778334756663944249e-01,-7.093079473875157914e-01,-6.948366143491848668e-01,-1.793860803845578611e-01,-5.580716099752274229e-01,-3.786681822028371003e-01,-4.537944914945234443e-01,-3.922885344838170085e-01,-6.391753331497876944e-01,-4.531228029774540533e-01,-6.107110581953995032e-01,-3.509599118929071504e-01,-3.278358700708076667e-01,-3.942917540634672813e-01,-3.679827280967922776e-01,-1.918993728416280020e-01,-6.963141173641253234e-02,-5.638357715489937805e-01,-5.140416315355106347e-01,5.546006165229804691e-02,3.067865800238243068e-01,1.653546778815907781e-01,1.600244343971318761e-01,3.204461253950708910e-01,5.348968281036232675e-01,-1.106165479341063851e-01,2.792268205282107951e-01,2.943172348579818354e-01,1.239613674039083818e-01,3.311651678388240483e-01,2.158482060569403282e-01,6.141841856602630045e-01,5.201000242397774143e-01,5.942536143723173847e-01,4.510326699071701695e-01,6.660459922631751795e-01,6.160639640146089446e-01,-5.285179607374996397e-02,-8.327716534519240266e-02,4.888137773960019028e-01,4.913370213374326778e-01,-1.221459914873217617e-01,-1.653827084717670037e-01,-2.067800617855689582e-01,-1.728097206165477018e-01,-6.438688251884254754e-01,-5.946820873848819300e-01,2.424718680682681482e-01,-4.276146235294940312e-01,-5.558553629884799285e-01,-5.206814657573125560e-01,-1.987854530000381925e-01,-4.219517527281017033e-01,-3.592594884148078704e-02,4.599688782563696177e-02,5.811990896200788792e-02,1.387428417102115966e-02,-3.306248117398741804e-01,-5.171899427962478590e-01,-3.151647360712559465e-01,-2.095101795622781315e-01,1.758736007560756931e-01,2.928920687664979816e-01,2.683771552995634635e-01,3.269999189281976859e-01,1.103875341497460860e-01,1.294510976397764690e-01,-1.697425561364019064e-01,-1.811950104908926773e-01,6.554552631923515893e-02,-7.360067280709148285e-02,-3.480629371018247042e-02,8.760235546163532006e-02,1.668766232836773333e-01,1.031760694106315102e-01,1.191977641231952711e-01,2.778333353128908390e-01,-1.674766364424369255e-02,2.283545248367977731e-01
4.569612955256872611e-01,3.977763705611409573e-01,6.501509193328794955e-01,8.814926803832511260e-01,-2.098989105191411547e-02,3.080588200009840016e-01,6.987543935514941573e-01,0.000000000000000000e+00,9.378582567106300005e-02,4.758822144010245170e-01,8.856614733399001405e-02,4.521654572142153050e-01,4.092696617252088442e-01,5.475652936209918220e-01,-3.671576985830283801e-01,-5.893101946921664586e-02,-5.211001519949567395e-01,-3.486704455498356170e-01,3.640896714447250382e-01,4.664939060730902143e-01,-6.015092781308254422e-01,-2.072918434514914032e-01,5.464148909098117679e-01,7.049711931898112738e-01,-2.162757881092861600e-01,-3.339971606996715997e-02,-1.690289009765224282e-01,1.537471357925194460e-01,-3.774672256563348371e-01,-3.644383550768213742e-01,-2.351723794883698801e-02,2.271391036122536733e-01,2.985889571489410699e-01,4.514581828922437645e-01,5.538901546444358059e-01,5.311872384459863650e-01,-5.322459351173739472e-01,-4.496876278729045051e-01,-6.148236533671007642e-01,-5.802433730289786595e-01,-1.735615869236816489e-01,-4.137103821066596687e-01,-2.946191465190360348e-01,-3.953493910073206385e-01,-1.485870939136415547e-01,-3.920036986472502094e-01,-2.835918369469018763e-01,-4.629981658180000736e-01,-3.246816854985307838e-02,-6.415155679341952299e-02,-1.841401919108630325e-01,-2.486592815806054901e-01,-2.985436372494743376e-02,4.137662975798359760e-02,-2.584472021522033480e-01,-2.846655848792683519e-01,-6.967973799879112473e-02,2.056332465451046476e-01,3.744770633802794735e-01,3.714630574358815385e-01,2.911025143332032217e-01,6.596951209056027832e-01,-3.051834149319097578e-01,3.511140150318826092e-01,1.913372836851466030e-01,2.944741121295169628e-01,3.994300543678738769e-01,4.292885489211543115e-01,4.177399122602885595e-01,4.130081304074476600e-01,6.363416875207159595e-01,5.846234609304136187e-01,4.914963423963769618e-01,5.425331935180829346e-01,-6.580856925427426909e-03,-3.506590019062086894e-01,3.608569306167593305e-01,5.046113900942507113e-01,-2.684169775414552150e-01,-1.792534615734051040e-01,-4.448135494115124655e-01,-2.057986752661442320e-01,-7.097628388665234711e-01,-6.923845199613575252e-01,-5.246906626720181099e-02,-2.785111790773360241e-01,-6.330829567088313015e-01,-6.481323943022870848e-01,-1.288591011032575451e-01,-6.302397393270683934e-02,1.838048495591700637e-01,1.834877198446911162e-01,2.914515690391616953e-01,1.630731389507230344e-01,-3.690906351725991574e-01,-4.424518492582413254e-01,-2.410965378713309237e-01,-1.147363708723675019e-01,2.881468831654774854e-01,3.779192479011381223e-01,2.511843609084095097e-01,3.633484924911929981e-01,1.402734744472629025e-01,2.643738717782739278e-01,-2.341152459377455752e-01,-2.370939422363454452e-01,1.638028934144988291e-01,8.040621855471499768e-02,-2.673162379531531657e-02,8.130898102192675447e-02,1.619002684094346944e-01,1.019154043281626509e-01,1.386969627545544814e-01,4.239042580529964882e-02,-6.693754934126942835e-02,8.713765880844323575e-02
1.957813222100224793e-01,1.186503364197480509e-01,5.653539325958899936e-02,1.643913458468069799e-01,4.067373729234168289e-01,3.144796305503442801e-01,6.928459493917793477e-02,9.378582567106300005e-02,0.000000000000000000e+00,2.993020634585133455e-01,1.535246827166452110e-01,-1.902856550132656088e-02,2.717368142541860543e-01,-2.430947261860408673e-02,5.382227891745031689e-01,3.335653090303397628e-01,7.449455258498223487e-02,4.402045541844104570e-02,-1.942338357831397966e-01,4.533157456803305757e-02,1.197788588768172874e-01,2.306241712684598821e-01,8.584744645401391760e-02,1.228363578943988815e-01,3.639040884578580992e-01,4.700872514181410611e-01,3.908716577794328351e-01,6.735980298335506600e-01,2.617381666370990900e-01,1.717543880965815839e-01,1.258644312545693922e-01,2.422094810259140529e-01,1.078144501602086580e-01,5.745417358318139628e-02,1.433921645927293820e-01,1.116539762188055035e-01,-2.672493086738115392e-02,-5.389943240357280424e-02,1.680897677788820155e-01,1.416424594382675595e-01,-2.736894593754056193e-01,-1.450418127861930473e-01,1.411036080744667853e-01,2.147342734424282362e-01,1.823346122735201302e-01,2.033224789928858578e-02,-1.474561592870193005e-01,-3.385186544526214703e-01,-4.685079251135456507e-02,7.154821971424049631e-02,-8.597374930634534007e-02,-8.721670981966318098e-03,-4.692433060348106810e-01,-5.419855353716772628e-01,-1.547112758107809793e-01,-6.180667115859356936e-02,2.511013122643945272e-01,1.108546570042404228e-01,3.738273952914216158e-01,2.309506894443918157e-01,2.998018492905053511e-01,1.313846500945874962e-01,9.719730859634750919e-02,2.176990673137541021e-01,5.803865855240477462e-02,3.748092291478073435e-01,4.070242341250872586e-01,3.659326189461793444e-01,-1.281709567552892781e-01,-4.831426931435998245e-02,-1.612028692188543499e-01,-1.386911414025032985e-01,-1.041314502149416205e-01,-2.241704836346888330e-01,2.423751894266215068e-01,-1.172562922369969340e-01,-7.989011042424025433e-02,7.505197454380022060e-02,5.218731354675888376e-03,2.162762759277130908e-01,8.922394742532903378e-03,8.204353383350844464e-02,1.636753501851223036e-01,5.054055834689175075e-02,-2.299335437252463255e-01,9.142455304426627682e-02,2.500704059565992399e-01,2.833898692287498133e-01,-4.243434970372309545e-01,-2.463606939648372574e-01,-4.461146642634946091e-01,-3.606227315285011059e-01,-5.445667897680678271e-01,-5.040262084026672085e-01,2.129724500936395204e-01,3.777292013173762231e-02,-1.009921788479659632e-01,2.856393101427707193e-01,-1.733218702367854136e-01,7.134537151254029957e-03,-1.249095736691000075e-01,-3.003441831393591777e-01,-1.283693354071680504e-01,-1.554452419848532385e-01,-7.092261376570814513e-02,-1.622889829368330539e-01,-1.526996616542694585e-01,3.509001382588140122e-02,-7.175762881927351400e-02,2.168656859279288751e-01,-1.664140695353905075e-01,-1.897249757921661839e-01,-1.127642512512934819e-01,3.761296093819611192e-02,6.775071700570300948e-02,-1.099747139692241471e-01
1.715874697821423434e-01,2.595229201809008852e-03,3.260439223422997301e-01,4.950780373735396700e-01,7.391702979912218030e-01,9.217071081508240171e-01,1.589685098863809209e-01,4.758822144010245170e-01,2.993020634585133455e-01,0.000000000000000000e+00,-9.422348473442354599e-02,5.905646528388553973e-01,2.467679780153710922e-01,7.006943545174587618e-01,2.132552362186735384e-01,6.256005308547623045e-01,-5.742662353552124149e-02,5.213762270577880498e-02,-2.300478305448680760e-01,-7.486701141058874076e-02,-1.741457971387038242e-02,2.546764007120313478e-01,3.980000537960451945e-01,5.752987779815134095e-01,5.282104420493008989e-01,6.437743063365152230e-01,5.956581886399548997e-01,6.159387410483991854e-01,1.168868874805468056e-01,2.258080320082833103e-01,6.122302521761697758e-01,6.247727542922927313e-01,2.258070868163095379e-01,3.088275235348253989e-01,3.767456348266394750e-01,3.592149078644090165e-01,-2.774843168199195298e-01,-1.388670140667400965e-01,-9.412441022728611217e-02,2.167687555616335665e-03,-2.118685968575506895e-01,-9.566242666610000334e-02,3.791062993059884922e-01,2.955740153298225814e-01,1.896999889077255197e-01,1.017802765212758032e-01,1.596162210999698405e-01,-2.522017211495381633e-02,1.428384985012544073e-01,9.004750226490712550e-02,7.854749532002339163e-03,-1.042545483093652720e-01,7.411966227983581013e-02,-3.324770894538459087e-02,8.491815276860323336e-02,4.634829269091342990e-02,1.844916096152172946e-01,2.618954256471140996e-01,3.402391241235905306e-01,1.000537833656936354e-01,7.754159782467606732e-02,3.197222305004153164e-01,-2.541531094151282255e-02,2.794513240063422055e-01,1.671850818111708104e-01,3.607510100023645361e-01,4.963828674771718630e-01,4.974426441597427639e-01,-1.912086746392202274e-01,4.370255578101193972e-02,2.146508434523317632e-01,1.531671023860383118e-01,5.538200943554776740e-02,1.440131484668316086e-01,1.811528856363963658e-01,-4.930709261816339506e-01,-8.600715018278696361e-03,1.811060580187217883e-01,1.148486626069563643e-01,3.383598470308978312e-01,-1.023323481020165238e-01,1.961127622037807938e-01,-6.010121319505088572e-02,-1.984465934499844153e-01,-9.528075975273357645e-02,-1.621810820373359094e-03,4.332449604350212952e-02,2.760779940563021662e-03,1.515675747253981964e-02,-1.053059383385514941e-01,5.260399362210286742e-03,3.856946000410135106e-02,2.427726160310972672e-02,-3.278823834879802251e-02,6.744334061318722762e-02,-1.400876690903179733e-01,1.085682518670934987e-01,1.658442429559463804e-01,-3.571936827564216321e-03,3.250632021570611097e-02,-2.124259970070789538e-02,-7.090748791064116485e-02,1.359607683109183805e-02,1.464248685009851836e-01,-2.307151936818854221e-01,-2.003744241870979714e-01,1.137773748623838455e-01,6.019229599469524961e-02,2.282002466755240350e-02,5.096741600779397530e-02,-1.766339842672823568e-01,-1.534572108951710590e-01,-1.943726841158279206e-01,-1.213489136824625891e-01,-7.202817853190007780e-02,-1.987858283320698694e-01
3.517522966566261622e-01,2.232107109249874821e-01,2.083668987461944067e-01,1.787909940796151009e-01,-8.845948662907929250e-02,-6.604202445798687537e-02,3.185844974149338871e-01,8.856614733399001405e-02,1.535246827166452110e-01,-9.422348473442354599e-02,0.000000000000000000e+00,2.940469800053693850e-01,7.721238044486199437e-01,4.807202733082689000e-02,2.938165483478740181e-01,4.421998373422802997e-02,4.301874908233742634e-01,5.005984987785434548e-01,2.531449980178903103e-01,4.231974632728459085e-01,3.633249851142943826e-02,1.743979244067809242e-01,3.033705276818639551e-01,2.890693803890307945e-01,2.205618892802711783e-01,1.854562112480420133e-01,-1.492793038923523850e-02,1.367678466197927989e-01,3.395672788982987966e-01,3.223600024858871427e-01,2.384632391151774722e-01,2.561302617656985303e-01,5.836126451102366941e-01,4.360717826585063794e-01,1.213661217329441849e-01,-3.412246144613160712e-03,-3.187426037878818841e-01,-3.160295514712997411e-01,-6.324850378050521360e-02,8.335085442031299474e-02,1.915750502987764448e-01,1.024874346936304192e-01,-7.301498685765812902e-02,-9.609239751702801369e-02,-4.291557831060885397e-02,-2.306441172573122089e-01,-2.401965298879981392e-01,-4.200635147064111785e-01,-3.296187981418112478e-02,-2.012603739575195005e-01,-1.702269219872186087e-02,-1.723929412637299763e-01,-2.069406585220800177e-01,-2.989905423593974820e-01,-4.171201624404126118e-01,-2.287072188846780429e-01,3.894410462029436748e-01,1.779099189788326263e-01,2.015379205784896266e-01,-9.721948317251805777e-03,6.787755075677862626e-01,4.392685599087482462e-01,6.143490505696451720e-01,6.310425124531101604e-01,4.620152856845103906e-01,4.620566058129670917e-01,2.131290678668097405e-01,1.615407311522850942e-01,6.172736014197020837e-02,3.850616343870346125e-01,1.284150421497625427e-01,-6.579144038296823316e-02,3.696845349388592772e-01,4.061346348974649856e-01,7.950417451199881524e-02,2.552412852047216130e-01,1.871944507247769451e-01,1.873185409027398052e-01,5.116966539326868180e-01,2.808877335118135643e-01,4.963835058876586159e-01,4.839568497840872618e-01,5.908558134947288626e-02,1.125047998867196170e-01,2.471046467771700894e-01,1.724884760792823046e-01,-2.229699986664817613e-01,-8.841680497631633495e-02,-4.283718294649696001e-01,-1.239436386032959914e-01,-4.885780154473238768e-01,-4.812707767481683718e-01,-4.289671382208874451e-01,-4.638866491037452744e-01,-4.074008136347317260e-02,-1.541878002863037167e-01,-1.623006088188230500e-01,-1.402296969831609563e-01,-3.687472471509264382e-01,-2.491825805393937665e-01,-3.614572652720531021e-02,-1.687481140750808628e-02,-1.828066139434909032e-01,-8.170131545544777329e-02,-2.126104370810955047e-01,-2.289216810202777397e-01,-1.697336143800629860e-01,-8.593321647582302658e-02,-1.567898917058128602e-02,-1.103659066978674302e-01,-2.504970907050423357e-01,-3.348137727991117862e-01,-3.052647150763551642e-01,-6.380260906961236766e-02,-1.963476712395653967e-01,-9.205407766931857083e-03
3.013852347320286063e-01,1.027663952717319668e-01,4.203932294980694540e-01,4.807401293953949550e-01,4.156754259695275011e-01,5.572407439392701445e-01,3.007601483060900471e-01,4.521654572142153050e-01,-1.902856550132656088e-02,5.905646528388553973e-01,2.940469800053693850e-01,0.000000000000000000e+00,4.445886032084944706e-01,8.765125384784265838e-01,2.083972546484238464e-01,3.808592106157939194e-01,2.131959227289978720e-01,3.323834184107429812e-01,2.551816826151784290e-02,1.170324360165046068e-01,-2.089460877575905276e-02,4.114791399779907932e-01,5.620615024698507600e-01,5.424816731279925586e-01,4.533304354482776688e-01,5.029725426202728000e-01,4.376094643984689281e-01,3.366487988410177268e-01,1.985497342783770491e-01,3.868564189616502946e-01,5.938536917649253066e-01,5.420129580833075167e-01,4.805920843475692816e-01,4.902029888932943891e-01,3.240698731861124116e-01,2.242366687716163265e-01,-5.159158244877679600e-01,-2.372567508043693929e-01,-1.710668141617001092e-01,-1.074431341630815127e-02,-2.350914906283998185e-01,-2.047001966634057549e-02,3.636623770386248067e-01,2.536798928055585267e-01,3.020459655993563142e-01,2.200547301926361887e-01,1.864433703690799582e-01,1.384440684312454074e-02,4.497970815977361259e-01,2.779727148491399902e-01,2.703630431672341961e-01,1.631143398347770779e-01,3.174237435513689864e-01,1.812542274425471001e-01,1.909939304951722983e-02,1.844130795830285496e-01,3.531348535112815989e-01,4.102393145362965843e-01,3.108903551414661792e-01,5.553438849283930806e-02,1.992734274837929254e-01,3.892383383860936186e-01,3.190824305042514464e-01,4.363971430001052920e-01,3.183659201568900254e-01,3.584906970731380760e-01,3.864640433299935118e-01,4.040722357896096573e-01,-1.590473713799326894e-01,1.634670508547474976e-01,1.643970715995578535e-01,-3.307788886626826085e-03,3.253531791226779712e-01,2.969068397300513307e-01,1.132499151746828026e-01,-3.655212541938238635e-01,6.296395910829652443e-02,2.080638753453811773e-01,3.579722233034299816e-01,4.870563820664968735e-01,1.316087934064090192e-01,4.135284576500331544e-01,-4.947192335214940090e-02,-1.123858437336926058e-01,-1.210271054640330718e-01,8.535500864874237537e-02,-2.053257815194846903e-01,-7.055798550149679216e-02,-1.068024374912427965e-01,-5.431130648122683285e-02,-1.589397213067808290e-01,-4.926524100176350729e-02,-5.249143306296137623e-02,-5.859203074787817933e-02,1.786184153296681081e-04,-1.978462605444664402e-01,-1.902607964738083357e-01,-9.311129521352641200e-03,-2.825942468382882655e-01,-1.701277127502683895e-01,-1.806660311164182409e-01,-1.118761063673686107e-01,-2.082062544542872540e-01,2.965932793651192625e-02,-3.903994041818020788e-01,-3.016816112760491997e-01,-2.871014292330598822e-02,-4.329185416315700641e-02,1.199134667580854241e-01,-6.170278997803713833e-02,-3.037236208588801611e-01,-4.136083419832867758e-01,-4.387260845088160610e-01,-3.167564278080727269e-01,-2.475623261909730144e-01,-1.460223234792394909e-01
4.497318239425528996e-01,3.367992623301929722e-01,5.181278689417769812e-01,5.387183582701826623e-01,1.340231851188553314e-01,2.464595121770505048e-01,4.937128009624133784e-01,4.092696617252088442e-01,2.717368142541860543e-01,2.467679780153710922e-01,7.721238044486199437e-01,4.445886032084944706e-01,0.000000000000000000e+00,2.967902213210509288e-01,2.484312950960706201e-01,1.374948624108939810e-01,1.495051147695697080e-01,1.905032222148864418e-01,2.383756652595149517e-01,4.772895748225781665e-01,-1.541883097609810793e-01,-3.279857013333708875e-03,5.236681919979860877e-01,6.136414663541958081e-01,2.611922860820195536e-01,3.512431502731106492e-01,1.490575574352358823e-01,3.369449673978792137e-01,2.538015539300523815e-01,1.212017125787672178e-01,2.626462239581281999e-01,3.901408388784550207e-01,5.693052655658235039e-01,5.168729416310434699e-01,4.823953491891244671e-01,3.882041660031939623e-01,-3.070105455488827961e-01,-3.270541138395418601e-01,-2.082231609677535344e-01,-7.281463398679555166e-02,9.521005032220065945e-02,-6.425519496504952799e-02,-3.798291281963282751e-02,-1.012505440783184330e-01,-7.055678245803027882e-02,-3.192693171712434053e-01,-3.109662716470080190e-01,-5.073490095624915153e-01,-7.562107131567075147e-02,-2.455193175774910697e-01,-1.474558363187075949e-01,-3.431161001048557702e-01,-1.802391186752262120e-01,-2.365859600349703717e-01,-3.679206575282605307e-01,-2.709447196051676943e-01,3.325817914688919408e-01,2.675666014792209002e-01,3.299597975529873772e-01,6.835484313992588185e-03,5.568335504264997349e-01,4.908535991840034529e-01,3.614229966299274954e-01,5.008457948120831338e-01,4.591994742279218999e-01,4.623147593768707209e-01,5.255465186204010264e-01,4.494271036971873023e-01,2.409333531483902335e-01,5.447749034934367129e-01,3.370951020662208419e-01,1.854833987970210540e-01,4.285901612983812892e-01,5.354286634598367511e-01,1.773897730764124603e-01,6.440176915692039095e-02,2.239067681903418594e-01,3.329726252310651335e-01,4.112648567611126849e-01,2.471195077897594961e-01,2.694932025203521375e-01,2.651361377574062428e-01,-1.572712173185193962e-01,-1.751630141637418037e-01,2.567962318265669119e-01,1.350596356021063239e-02,-2.993565663597876902e-01,-2.101468349561367577e-01,-3.024915816574173522e-01,-1.021738263361361976e-01,-3.366321953663516942e-01,-2.918750387723921258e-01,-2.678921311491752055e-01,-2.991988919802341940e-01,-1.745188753287206518e-01,-3.199251620398180229e-01,-1.997564377803391356e-01,-2.275958051602902099e-01,-2.895112201124446227e-01,-1.883700387284576727e-01,-2.889391769444487126e-02,3.120892016445734642e-03,-8.313190633613948277e-02,3.310233593221086068e-02,-2.582690577303412560e-01,-2.438316795430080508e-01,-1.348542861649753843e-01,-7.293144027794298649e-03,-3.705796777280166709e-02,-1.329370714571730949e-01,-1.889462735470716359e-01,-3.400110199865575833e-01,-2.764414224795704866e-01,-5.135168711415968174e-02,-2.026045673158240190e-01,4.733331698755292860e-02
