0.000000000000000000e+00,7.815645609133968774e-01,1.265052225432239108e-01,2.603080737831691693e-01,-7.926395209412932796e-02,-1.232653513308981513e-01,2.465895852673731514e-01,1.778068895468669919e-01,-1.650621719353831396e-01,-2.859614294743849650e-01,1.025081929627017496e-01,3.120057226532171324e-01,1.426632470907287509e-01,1.554736057038201835e-01,-1.333293217224718885e-01,1.414189424512087290e-01,6.117042568518190476e-02,2.754350164384273825e-01,4.218751304532810109e-01,3.952560262028880222e-01,-2.236185597109739340e-02,-3.132702127796398450e-01,-3.004834776365758464e-01,-1.123342900447328457e-01,-2.869748770575173413e-01,-3.186711873459479039e-01,-1.263393385656204071e-01,-2.600521832704371511e-02,6.346954741971761946e-03,-5.504618426566779132e-02,-4.701591741685605119e-01,-3.397173044951357079e-01,-7.539728424087863146e-02,-3.790310180599872070e-02,-3.152353655623429396e-01,-4.088499287530270587e-01,2.694855938946864871e-02,4.722849109674192442e-02,-6.809213736403622874e-02,6.761765762457894180e-02,1.235278544343658830e-01,-4.590985155267762047e-02,-1.142164396838898782e-01,2.338642355794159078e-01,3.694808075624599897e-01,4.244941767695936674e-01,7.162705709898897766e-02,2.312974016317504988e-01,-1.115154329805660288e-01,-5.877152996023481644e-03,3.032719281921477609e-03,-5.365007773677912123e-02,-1.935412489335141817e-01,-3.657461498936438460e-01,-2.174817600449665753e-02,-3.057259905621492399e-02,8.059680606768456768e-01,6.808133628919585956e-01,3.305484927442803311e-01,3.316723301374049915e-01,3.514675522818226372e-01,-1.499499652295726571e-01,1.959872626943870155e-01,1.724791749945444319e-01,-1.098887243203383463e-01,-1.112165156199684812e-01,1.520894644760774073e-01,2.629592383752911156e-01,2.686693666074745357e-01,2.886073771446142633e-01,-5.396410288556312551e-01,-4.765716762007919938e-01,-7.165251135044244102e-02,-3.491303646578818864e-01,-1.721384758392178471e-01,-2.034753873966680393e-01,-2.128858145659805468e-01,-8.684791709477694688e-02,-2.209280179564023228e-01,-1.467533295311941877e-01,3.767631689058378863e-02,3.340998626153715567e-01,-9.010915678752809410e-02,1.916216827905768971e-01,3.406151991515093957e-01,3.742077548526086539e-01,-1.405751470625141164e-01,-2.129761844672162230e-01,7.932127584783717211e-02,-6.024702073222350240e-02,-6.502577207103903412e-01,-5.203155325479263960e-01,-4.997325166482407544e-01,-4.322504360510305288e-01,-2.965104705834446519e-01,-2.544694430489724546e-01,-5.086980661942376303e-01,-4.484693322258727632e-01,-5.481128108609837346e-01,-5.037864094156530026e-01,-3.305351961377353542e-01,-2.233295214728972800e-01,-3.854786262111478679e-01,-3.937795011147803281e-01,-3.074889706751450236e-01,-2.590151156364216001e-01,-1.084731825053365240e-01,-1.557671412071879036e-01,-2.079269442472383989e-01,-2.397637954748119971e-01,-4.696258935512313548e-01,-4.688279985618075130e-01,-3.382626724368890114e-01,-4.218459345146806094e-01,-5.035347334084149251e-01,-9.223282668372390081e-02
7.815645609133968774e-01,0.000000000000000000e+00,1.750938280321540641e-01,1.564996240028725116e-01,-3.141311849651308441e-02,-2.135590154708354449e-01,1.321906122275322629e-02,-1.136238158950561988e-01,-1.849221464237861545e-01,-2.810586297369643827e-01,5.532947166068319378e-02,1.483080370529210879e-01,-1.332182619537730650e-01,2.851293918362103955e-02,-1.680288464031912954e-01,-9.644275310340982843e-02,1.583302340956905252e-01,4.180265601160683686e-01,3.542173404949411908e-01,4.637700634926180121e-01,-1.712829731686247095e-02,-1.804901245825462075e-01,-2.335354058467221661e-01,-3.656196150524492622e-02,-3.512660536624885588e-02,-1.525992582085932137e-01,-7.010822810621177015e-02,-6.228990791527704712e-02,5.667487575857518139e-02,4.981540642716511536e-02,-3.760563400555623770e-01,-2.928210707197362872e-01,5.348621862406041649e-02,8.117326144090533657e-02,-1.767956113778252625e-01,-4.404612159812473227e-01,4.099847038696185358e-02,8.933643073899856513e-02,1.316219674546109109e-01,2.521277335876322967e-01,1.799823928593995426e-01,4.297951834220023470e-02,-1.482103485537033805e-01,1.880341650575793055e-01,4.301630416984031924e-01,4.416857699108389657e-01,7.331944610249742367e-02,1.761506596445464312e-01,-5.261668663148054426e-02,-3.775773364601646420e-02,-1.322983050281773820e-01,-1.832356791609243141e-01,-3.365396139610892789e-01,-3.672756153234964516e-01,7.368116137399205456e-02,1.391916912367384684e-01,8.407304608693951797e-01,8.882260019352322677e-01,1.190464187423891512e-01,2.108382725685444825e-01,1.144308578226196083e-01,-3.280696457481925288e-01,3.011958716615411036e-01,3.172215266409891821e-01,-1.686238620423677059e-01,-3.183062607724953530e-01,2.113382026004681780e-01,2.403465489760875928e-01,3.213905498583444764e-01,4.123316077165915527e-01,-5.426499996997400377e-01,-4.526478359982730737e-01,-1.066945917264640886e-01,-3.119661357949126690e-01,-1.301701675735092989e-01,-2.710277846070103802e-01,-2.416487304391178037e-01,-1.107603745550997110e-01,-1.716182137336682290e-01,-5.706143075267473830e-02,7.297408858435910917e-02,1.427276861927101181e-01,-3.026016088074517246e-02,1.214530815729222973e-01,2.421938853540268333e-01,2.224610414635080358e-01,3.214102171511494521e-02,4.813790298008647356e-02,1.491153551228598939e-01,-7.397909305539543401e-02,-6.348591507357588259e-01,-5.780241450696924632e-01,-4.951992841155596348e-01,-3.557712711136224448e-01,-1.226179215259867172e-01,-1.599770458698018538e-01,-3.049535177264569574e-01,-3.484010351380212867e-01,-4.923162475486942968e-01,-5.343866429222826619e-01,-3.853672755409155437e-01,-1.264144325211787601e-01,-2.909402170204349880e-01,-3.268168903854347662e-01,-2.277856336729908449e-01,-1.905620127559892740e-01,-1.096194066692394581e-01,-1.726504655266506982e-01,-1.063709566359909015e-01,-1.605027185843229953e-01,-4.719118397399128528e-01,-4.349144041238464653e-01,-3.762616907496009189e-01,-4.639658596637175614e-01,-4.826213427633802566e-01,-3.270013507032618061e-02
1.265052225432239108e-01,1.750938280321540641e-01,0.000000000000000000e+00,4.833424167308701946e-01,-3.418687295023930400e-02,4.665280251839765135e-03,5.063268609252130625e-01,1.219705834378601028e-01,4.636061799864778926e-02,6.459184775801287554e-03,-1.127133775770290947e-01,-1.797260225613799001e-01,2.139375436382247031e-01,-1.151843346859338924e-01,1.967405324651979592e-01,5.707059641248679593e-02,-7.817559676783809863e-02,-4.839720820414558644e-02,1.916334302164416081e-01,1.282781039509371945e-01,9.351152921952349262e-02,-1.189407369428846784e-01,6.120795197173188873e-01,5.329670021003308777e-01,8.711338902621547364e-02,1.406640579263124767e-02,-1.927244713158116074e-02,-1.333348083880930238e-03,1.323281553121900822e-02,-2.216416705629614126e-01,-3.556571152772715350e-02,1.469369146245653457e-01,5.250545010491056847e-02,-2.530593003985045011e-02,1.449075816207662237e-01,-1.700373247414537492e-01,1.006689186517745367e-02,8.660872885292503209e-02,-3.468666623139755878e-02,1.449758250570862828e-01,1.369845234189159267e-01,-1.961832882117746368e-02,-3.316810266528720241e-01,-2.319068501655325298e-01,8.941028851084716761e-03,-5.307908116678224791e-02,-2.511747318973249765e-01,-1.820402128634851513e-01,-1.253799609869589160e-01,-2.153371793522178279e-01,-1.412964549910235013e-01,-8.667940972271526157e-02,-3.488625956254089444e-01,-3.269530071366671953e-01,4.003257351816465887e-02,-1.265046912872222207e-01,6.074216520474160635e-02,7.012243176948172729e-02,3.086878748745239352e-04,-9.722815063389667056e-02,2.832482533976921762e-02,-1.404204858278169654e-01,-5.548828665084874073e-02,5.923701619839705917e-02,4.494849424599181575e-01,8.154365641076082027e-02,2.189512664932206920e-01,1.630550435218001970e-02,2.638065500573947286e-01,2.561390265449413617e-01,-6.139991214084219301e-02,-1.654101999619744523e-01,-1.084963990535711131e-01,-7.492677303485198448e-02,-1.104400326051655223e-01,-4.010553166965798166e-02,-1.716067197570533831e-01,-1.292969267693540036e-01,9.800350079381705409e-03,-2.159388815599236899e-01,-5.011319530975388847e-02,2.195794068170791313e-01,-1.560495527866085329e-02,2.837275335034215515e-02,2.188704716979922305e-01,1.143802997459104909e-01,8.680656906800585104e-02,5.347230424050083801e-03,2.063584476571777848e-01,-1.363554875435829539e-01,-2.193945384282416644e-01,-2.195761692948479948e-01,-1.687799961382089320e-01,-9.171273329177059841e-02,-9.994528750762603220e-02,-9.324203327135152652e-02,-2.234647808748000120e-01,-1.939860395545034699e-01,-3.195637278212722365e-01,-2.604422895133571281e-01,-2.860140700420509829e-01,-6.978659826646346764e-02,-6.666991910057466775e-02,-1.367552808044768531e-01,-1.040106630358300921e-01,-1.091482760479243613e-01,-3.488184022900499281e-02,-1.674622228061103946e-01,-1.024949777820780700e-01,-1.532588364147589033e-01,-2.558937201020542451e-01,-2.696032506965848619e-01,-1.185003185800126146e-01,-1.279322412581403445e-01,-1.497915283205045189e-01,2.682988307013443527e-02
2.603080737831691693e-01,1.564996240028725116e-01,4.833424167308701946e-01,0.000000000000000000e+00,-9.640023045110171843e-03,2.349143527536567688e-01,5.978425554190994751e-01,7.327723861712923670e-01,8.040914336597763945e-02,5.093696562115656440e-02,-1.774300399512418747e-01,1.285334473240032638e-01,3.360796421521785038e-01,1.927201356810485378e-01,7.257887653793967941e-02,3.681014500270713419e-01,-3.576010306432405028e-01,-1.879420575444944175e-01,4.905003176061586978e-02,1.039491603290113308e-01,6.038135047383407644e-02,-2.888242761148694937e-01,3.020136121601734169e-01,5.174144619924060384e-01,5.028493772385345117e-02,1.823171853305033674e-01,-3.844754813514342923e-02,8.702711840885928030e-02,-2.080740755712352230e-01,-3.130971263560226592e-01,-1.227580935380604976e-01,2.201132370598889165e-01,-8.418402212275029328e-02,1.211945547140090979e-01,1.093511949517275150e-01,-9.627386038241681670e-04,-7.232107390984722495e-02,1.249165718653757334e-01,-8.528077696354005588e-02,1.752840183804974250e-01,8.472274797661467904e-02,-5.497792314520240364e-02,-3.727320526263801503e-01,-1.484560608757266031e-01,6.740630135351297070e-02,9.774331291449858683e-02,-4.397902644361822988e-01,-2.285806273643390119e-01,-3.052091397846741216e-01,-1.582200462665354079e-01,4.318048035810240215e-02,2.199463341131441818e-01,-1.758965836455841925e-01,-1.583515576928134494e-01,-8.813404170616265243e-02,-9.996746750978646734e-02,9.955643498083772969e-02,3.617393869505536319e-02,2.351232729598750903e-01,2.301284717057429097e-01,2.639191325602270322e-01,1.466369171406505245e-01,-3.769402941990750988e-01,-2.529278851020392294e-01,3.257929525771348644e-01,5.025810412687333750e-01,3.443857604163051422e-01,3.767324925967719396e-01,3.482941761982345091e-02,2.098903023477888957e-02,-1.676934418292384821e-01,-1.821468129365327038e-01,-1.679243591497582289e-01,-1.469687679876446884e-01,-2.428709592313446075e-01,-7.975735692568718116e-02,-5.074140402082076839e-01,-4.011266548790560771e-01,-3.722678815596275892e-01,-3.358695257660863631e-01,-2.611342090457947074e-01,4.231988959872755030e-01,-8.522313321618760207e-02,1.328278672161363472e-01,2.358196570721785013e-01,5.541439180170083523e-01,-1.059148847508141061e-01,-2.305104602451804319e-01,1.969786285730973086e-01,2.125267230251748352e-01,-1.910730644386735011e-01,-2.815579929167864592e-01,-1.241192188943460867e-01,-1.100453649631292913e-01,-2.319984465055210665e-01,-1.350010527751159817e-01,-3.624269406695838636e-01,-3.057417242970629778e-01,-3.284410707079593594e-01,-3.555779770822912744e-01,-1.087393767093374902e-01,6.926053858482872361e-02,-8.459996240257688926e-02,-1.906183258094594213e-01,-2.063674538926383029e-01,-2.363015180026880324e-01,-5.693676428193455985e-02,-1.055577590152064621e-01,-1.756710856654366826e-01,-2.385850807759570258e-01,-4.220399587847296630e-01,-4.021794843571360745e-01,-2.813616167780552679e-01,-1.440779784459794710e-01,-2.147291434574810920e-01,-9.533793975085987082e-02
-7.926395209412932796e-02,-3.141311849651308441e-02,-3.418687295023930400e-02,-9.640023045110171843e-03,0.000000000000000000e+00,7.176134118072108325e-01,-1.712535337627174581e-01,-1.007179656815858221e-01,7.361834961776405617e-01,4.975559649027321840e-01,4.252250399459968529e-03,-5.538535022023701598e-02,3.589189110618749151e-02,2.018385558862454965e-01,5.751230719837682193e-01,8.915504155159370558e-02,-1.748819636980845638e-01,9.172145376573453968e-02,-8.715382503039537099e-02,-1.978713086507032093e-01,3.864159247592329205e-01,1.246493052877706842e-01,-7.664861270324396791e-02,1.647461345738180510e-02,3.825633279002982889e-01,4.348089307602200915e-01,8.952497700934218816e-01,8.025501199376271488e-01,1.555528709946178978e-01,1.983308671294635103e-02,2.444691750514966788e-01,2.615993702022813006e-01,-8.697292689615469460e-03,1.233676314016803055e-01,-8.287461277799566817e-02,2.095132999916149430e-02,-3.344585131049517268e-01,-5.320416389456474049e-02,-3.556014617733325167e-01,1.177390086677893022e-01,-2.075350355915616396e-01,-3.696292780398590661e-01,4.403665035232853797e-02,2.070601488438868210e-01,1.629529075903375646e-01,1.063207343193164345e-01,3.419084362217704454e-02,1.132543227331904157e-01,8.183661441375980616e-02,1.414890996940691981e-01,3.826400791925756162e-02,1.379188555486441925e-01,2.233405629546529325e-01,5.185877236720291134e-03,-4.152606408060937060e-01,7.325355211745626649e-02,1.381366711154171645e-01,1.004924891608632576e-01,-4.820666505095324433e-03,1.604088573820508234e-01,1.317058750049145965e-01,1.620658641340951001e-01,5.007725555743573059e-02,3.168390956352402921e-02,7.244643322214165682e-02,2.376390339870637202e-03,-1.307977725774570610e-01,-4.071957626820390391e-02,-1.487523806912880164e-01,-5.800499163701530736e-02,1.780121467434446839e-02,1.706554113506940362e-01,-1.135102902025036664e-01,-1.309765821401861208e-01,1.577375237968585142e-01,8.305941984230430508e-03,-1.236497170182627725e-01,-2.346346838793582357e-01,-4.624333828848347649e-01,2.200529331323052701e-02,7.446008545173672666e-02,-8.103249723933581006e-02,-2.307410902308447975e-01,-9.863000741192687326e-02,-6.649985934185016767e-02,-1.116438408274093991e-01,1.884019410870323152e-01,1.309197137408859568e-01,9.588017106007167001e-02,9.605003180697946341e-02,-1.158410829755119470e-02,1.285330182259047105e-01,3.602219325018853752e-02,7.220282361793664561e-02,-3.718963875473961789e-01,-1.280281855099839328e-01,-2.801053043002595389e-01,-1.958480772711040374e-01,-1.154934780906820141e-01,-2.830040470017402762e-02,-1.026237950810080374e-01,-1.230142819634151286e-01,-2.716652853082895946e-01,-6.147435275278519823e-02,-3.006890897984776032e-02,1.924679307008527948e-02,8.727006756174582325e-02,3.644868982121578921e-02,-2.513694742231784018e-01,-4.652783314615528687e-02,-2.215558184907241435e-01,-1.509831117588518977e-02,-1.418996300777749242e-01,-1.270805537795972329e-01,-1.282427908641617931e-01,-7.893195775354693022e-02
-1.232653513308981513e-01,-2.135590154708354449e-01,4.665280251839765135e-03,2.349143527536567688e-01,7.176134118072108325e-01,0.000000000000000000e+00,1.311818530842790986e-01,2.278877909668794999e-01,6.165046200682841038e-01,5.371598474302979875e-01,-3.655526893795816440e-02,1.058278216005382744e-01,2.688091963854261079e-01,4.895007471930185039e-01,5.167422681871103318e-01,4.101566765677513438e-01,-3.949356157862026206e-01,-7.137236567874992443e-02,-1.207198244739174225e-01,-2.568616300349384485e-01,3.946539085475341269e-01,1.320035039041414782e-01,-9.313432540144329919e-02,1.512412406101645568e-01,3.348330484328004841e-01,4.941775493054091917e-01,8.038163034297426401e-01,8.300682940291848055e-01,1.301393087165904627e-01,-1.377689848633842536e-02,2.998051164790513923e-01,3.528965215449311188e-01,-1.163025261412401097e-02,1.177625172288380012e-01,-2.333762903587567050e-01,3.754917534149369157e-02,-3.475290392679426521e-01,3.788959006395352380e-02,-4.377301347026271161e-01,1.416679518597510345e-01,-1.498412743386589585e-01,-3.228118398342987860e-01,-1.757165218929628292e-01,6.585111060639685376e-02,5.738756603156745795e-02,1.064752717843657631e-01,-1.465049386121738406e-01,-1.839915448707108228e-02,-5.435537889805942130e-02,8.055346203123425752e-02,1.175141309154022484e-01,2.454335078028240524e-01,2.290518062730448889e-01,8.432915689908780307e-03,-4.248541812801988615e-01,5.014991022597052595e-03,-2.013112596982328389e-02,-7.059251010571405971e-02,2.061752262229435972e-01,3.082233620821150377e-01,3.451920774769471900e-01,3.242580049608345116e-01,-1.697507402444542179e-01,-1.129272379032638940e-01,1.375140094163443683e-01,1.900195800297723170e-01,-1.667146473452687516e-01,6.499080970460831275e-02,-1.839344623091744013e-01,-1.429644784229118226e-01,1.039721378751598257e-01,9.803448287642006764e-02,-1.980132100381580551e-01,-6.947997407832398609e-02,-4.694180751446325184e-02,-1.725253795120810715e-02,-1.748323043886260697e-01,-2.528118428865089862e-01,-5.645201044619396757e-01,-2.256901423447703614e-01,-2.229900616846597697e-02,5.007592738536784105e-02,-2.378837963386317422e-01,4.180190503364450416e-02,7.665340865825145955e-02,1.091819043986338444e-01,-2.765814677321149981e-02,1.552435173092579432e-02,1.877844842461365016e-01,2.376824550301863126e-01,7.416948293351470489e-02,1.266971228911039637e-01,1.460259283501975092e-01,1.122474177327262707e-01,-4.159385879360635307e-01,-5.281166250425659708e-02,-2.251868416641809312e-01,-1.477503104399342515e-01,-4.525044808206624136e-02,-1.306662178962188746e-02,9.032548523260949813e-02,-4.088356164916533836e-02,-1.284668050030911557e-01,3.280913580732205265e-02,-1.102587632245586591e-01,-9.413434604270518036e-02,5.060750976811820290e-02,8.644655329064356020e-02,-1.845381838023489041e-01,-3.164206078330268623e-02,-1.828892226925229736e-01,-5.725573409136966441e-02,-1.238447162393832013e-01,-3.866141360923359971e-02,-6.180677237458388762e-02,-1.712574214340592191e-02
2.465895852673731514e-01,1.321906122275322629e-02,5.063268609252130625e-01,5.978425554190994751e-01,-1.712535337627174581e-01,1.311818530842790986e-01,0.000000000000000000e+00,6.189067685519015205e-01,8.393700697848048564e-02,5.869533402990430651e-03,1.086988097088882194e-01,1.359640698257545965e-01,6.812769167658311309e-01,1.893330033558877634e-01,1.150372990258523853e-01,2.845408457747476416e-01,-3.726452546630877882e-01,-4.405900604362322781e-01,2.596870766798735075e-01,1.482375671061184619e-01,-5.100717202934792333e-02,-2.804445598497795622e-01,2.459471727449846767e-01,2.101546402636804423e-01,-7.931544154690525761e-02,-1.080224601001697343e-01,-1.094860816478616661e-01,1.757452111300087175e-02,-2.262782707959740403e-01,-3.338702839328640537e-01,-1.126466650071188264e-01,4.205215952227934519e-03,-2.853473861436307824e-02,-7.307265604024662520e-02,-1.452010813722182658e-01,-2.223575452105741868e-01,4.374712610573312094e-02,-4.745662445156263037e-02,-1.104466295680766735e-01,-8.125790924584844199e-02,7.959517445892937137e-02,-1.333281240171918236e-01,-4.511139179995289350e-01,-3.710010770490025922e-01,-1.711627715097830960e-01,-1.290203424281712308e-01,-4.339814617133543884e-01,-3.515830005533194802e-01,-2.692831390970563676e-01,-1.849787525494124840e-01,1.693600584952875828e-06,-2.146012582622742679e-02,-2.410582718530858981e-01,-2.675793427327756713e-01,-1.219438161842346657e-01,-3.217735613976272502e-01,-5.908981092593814516e-02,-1.605107607414021642e-01,2.826883032625389092e-01,6.467771868624674902e-02,4.701295454986108568e-01,8.557949607438761208e-02,-4.136384580523115306e-01,-2.975916365554701626e-01,2.334963601283252255e-01,2.287446634922498390e-01,9.354632679615995303e-03,-9.997688976086573087e-02,4.657400650560333116e-02,7.268561311828067480e-03,8.296000573044881587e-02,-6.392268168637266212e-02,-4.737208944374072389e-02,-1.133411686660228124e-01,-1.194425119377792721e-01,-1.251305769669522616e-01,-1.926086172715230915e-01,-1.943001749870113537e-01,-2.366682161249157867e-01,-3.358532563651364655e-01,-2.810799860167313979e-01,3.241074627891835647e-01,-1.020737270840368222e-01,3.743216530457667106e-03,1.111177212177410917e-01,3.541074561447442037e-01,-2.880388380447383989e-01,-3.937304298913146816e-01,1.046121117392329741e-01,-5.195197955268295031e-02,-1.814304249702180238e-01,-2.850678030067701346e-02,-6.863388094663454286e-02,1.142949082566377117e-01,-2.371754889900642982e-01,-1.661911900173556889e-01,-2.900667430774779287e-01,-2.907196061485047278e-01,-2.267906616771282191e-01,-1.627684511867647787e-01,-9.239254517897907415e-02,1.776490793209130892e-01,-6.941738839135716543e-02,-7.381552034745068880e-02,-3.784094081799396769e-02,1.427311751806254608e-02,1.582786618416183733e-01,3.687197288658037708e-03,-1.018826260946256307e-01,-2.018607446360590196e-01,-1.893760822273956312e-01,-2.111610352706529414e-01,-4.621979497819198208e-03,-3.782020020685460376e-03,-3.493485462754258170e-02,6.181025151075503904e-02
1.778068895468669919e-01,-1.136238158950561988e-01,1.219705834378601028e-01,7.327723861712923670e-01,-1.007179656815858221e-01,2.278877909668794999e-01,6.189067685519015205e-01,0.000000000000000000e+00,4.901661536804607228e-02,2.049037362359288073e-01,5.135661042970386669e-02,4.465634937107971769e-01,4.593142245129290813e-01,3.854261139607896847e-01,1.504260605413752262e-02,4.750730824656154150e-01,-4.122457995379715245e-01,-4.956149356734347866e-01,3.850289183248599423e-02,7.422619929702421737e-02,-1.009580859309777978e-01,-3.748089805545198883e-01,1.291460107058955802e-02,2.018187000316386814e-01,-2.400235638893429002e-01,-4.613572540787065634e-02,-1.296307425301663763e-01,1.370720244967654419e-02,-2.607827667899626500e-01,-3.268801690918678449e-01,-1.308962311076747598e-01,9.964999121931365778e-02,-2.338513668485431574e-01,4.725092579669167708e-02,-8.645246338844091161e-02,-1.537002586018276860e-03,-2.790016011498301987e-02,-3.821962906296764995e-02,-8.171311137797362956e-02,-7.041926701623850426e-02,5.472387203813319084e-02,-1.598623016642919947e-01,-2.999233633265330767e-01,-2.122790864430492142e-01,-1.049718188323988527e-01,-1.742237209124122485e-02,-4.372423848552670633e-01,-3.454442110576896874e-01,-2.886512601434784164e-01,-3.352210646111002806e-02,1.260873656620987993e-01,3.214938137814689623e-01,4.459237407861810221e-02,3.519178043869478079e-02,-2.004726795596889766e-01,-3.437732246686865945e-01,-1.422136516184621391e-01,-2.102864927858601185e-01,3.618962843735172297e-01,3.957333776628096933e-01,4.743897278369438308e-01,5.104630067532561766e-01,-4.835211969131927301e-01,-4.009431904637155153e-01,3.791347472341084074e-02,6.027910800405166247e-01,2.293256774718114427e-02,1.973776260257799342e-01,-2.133743860777592150e-01,-2.579034308683613164e-01,3.291104210853998402e-02,-5.727017285761303728e-02,-2.455722534296739257e-02,-9.314016721133282217e-02,-8.204034378623979717e-02,-1.480012387513009453e-01,-4.516242095611674445e-01,-3.817897303285054944e-01,-3.421928827420427921e-01,-3.459854799374817436e-01,-3.249627600319260901e-01,2.819158495012262233e-01,-1.120032061028237991e-02,1.040530539677751859e-01,8.268644871291380705e-02,4.655762042213091867e-01,-2.957006251043469702e-01,-4.294431095204354620e-01,1.696736676035835376e-02,1.815172402901369941e-01,2.196680677958785105e-02,-9.248432015654776961e-02,1.258976770525923605e-01,-6.480138751192418556e-02,-2.488686043632194478e-01,-1.050145696541014556e-01,-2.845063451789282549e-01,-2.869462664113313632e-01,-1.699822862237226340e-01,-1.961789299243653639e-01,7.020025586666812922e-02,4.010939570789484598e-02,-1.301224335619154682e-01,-2.274576990313064984e-01,-8.396831982116215176e-02,-1.469180960036300387e-01,4.577733262456821356e-02,-3.930699616552506270e-02,-7.791176963765207575e-02,-2.407561545373178291e-01,-2.342975997252606801e-01,-2.187348292179095988e-01,-6.476407821470339665e-03,4.161886801132726882e-02,-5.395517613928160761e-02,-4.387391166798741693e-02
-1.650621719353831396e-01,-1.849221464237861545e-01,4.636061799864778926e-02,8.040914336597763945e-02,7.361834961776405617e-01,6.165046200682841038e-01,8.393700697848048564e-02,4.901661536804607228e-02,0.000000000000000000e+00,7.369827799843046146e-01,8.416566067308602073e-02,6.404723858383856716e-02,1.331576495755875944e-01,3.562324046149329959e-01,7.237116978040418758e-01,-2.740256362674974629e-03,-2.146511289912207410e-01,-5.640141472228153013e-02,-9.040022324641423801e-02,-3.045086218943093281e-01,3.974706793414161665e-01,5.923745096799536147e-02,1.558416952891080766e-02,5.516886243686201785e-02,1.987620022804722220e-01,3.682832130008784066e-01,6.911848718900028832e-01,6.609547075903358104e-01,8.959767491044501320e-02,-2.742917908196485649e-02,3.931860384114883589e-01,3.475757056440207382e-01,2.572028939899434138e-02,9.442284807303495675e-02,-1.334651695508708436e-01,5.597818579614837614e-02,-4.145567415714206394e-01,-4.322714068898318718e-02,-3.826543074623660612e-01,2.197328206504823300e-01,-2.272694399509390117e-01,-3.640542117334674699e-01,-8.943101384340428062e-02,7.243911363531031246e-03,-4.532186679788292871e-02,-1.019847746689798301e-01,-1.672994565021099223e-01,-6.356499846419128019e-02,-6.606676215447968015e-02,-1.739467272211390981e-03,-3.109223004709994395e-02,7.059195749918299734e-02,8.790470758957086295e-02,-1.130473747189777722e-01,-4.578100022407591285e-01,3.917373531013759042e-02,1.775470752112502616e-03,-2.274133259373901234e-02,1.744236645903383606e-02,7.570669705108794278e-02,3.151833147174762373e-01,3.638402960032162681e-01,-1.531628151203573082e-02,5.129276359675101482e-02,5.603460731210748585e-02,6.437037810301753094e-02,-3.605518094617111702e-01,-2.571333353903498820e-01,-1.609916397530081478e-01,-1.065681248506612500e-01,1.215373935060829053e-01,2.305131980825759208e-01,-1.109643290407394678e-01,-6.872159662421339910e-02,1.544097056237866694e-01,-2.639281191898757220e-02,-2.959255117027490001e-02,-1.618636782966646481e-01,-4.750318055475207801e-01,2.390527282295994149e-02,2.286043183306595299e-04,-1.398028609829761737e-01,-4.026162271227370915e-01,-3.149259083596737674e-01,-1.554072994418028986e-01,-2.050243922968482402e-01,1.817200006666876144e-01,1.475168024002788958e-01,8.460759485265682833e-02,1.207632211374303904e-01,1.659092400960359912e-02,2.383954998112151336e-01,1.036084193229176165e-01,2.160791844678972284e-01,-3.309259214503639246e-01,1.254621610450772865e-03,-2.104916569428359197e-01,-3.010515830179623722e-02,2.529263885298692338e-02,1.563410930900981655e-01,-3.360122525945409555e-02,-6.918484510733237391e-02,-2.025807277472898293e-01,1.444351479156959044e-02,-6.832005942914938512e-02,3.841641200719953658e-02,1.749711028767338694e-01,1.000965292309988902e-01,-1.821290599893138351e-01,1.266941332931521280e-01,-8.829187393601835299e-02,1.370905752162328572e-01,1.817246901892800165e-02,4.559172418249025915e-02,-3.481832810570904130e-02,-1.056776880475471386e-01
-2.859614294743849650e-01,-2.810586297369643827e-01,6.459184775801287554e-03,5.093696562115656440e-02,4.975559649027321840e-01,5.371598474302979875e-01,5.869533402990430651e-03,2.049037362359288073e-01,7.369827799843046146e-01,0.000000000000000000e+00,5.543090096809864809e-02,1.007597613488837446e-01,-2.137501942131200122e-02,3.932256016639641416e-01,6.200440169820298220e-01,-2.313840719079179875e-02,-1.572554828959913387e-01,-2.207408177097662239e-01,-6.915739714523357062e-02,-1.557871609483615638e-01,1.122523762545903775e-01,1.449947457890432834e-01,-4.246049698091269170e-02,5.030178420396722722e-02,-2.663460928473340358e-02,2.110797921984362557e-01,4.705509788362638446e-01,4.426995901327064886e-01,8.344805809487225445e-02,4.091298867381988613e-02,3.173551336161353764e-01,2.610710658430165365e-01,-9.150130226963532065e-02,7.442806511027298677e-02,-1.318418606090168421e-01,8.416119734644912642e-02,-3.265463791640258462e-01,-1.525862958067290553e-01,-9.454004653168376904e-02,2.103614858324955594e-01,-7.983590133007621714e-02,-2.837835806288232510e-01,-1.477798148370481346e-01,-1.434981455557126917e-01,-2.295925332990076673e-01,-2.396897159316264680e-01,-2.213274135849510882e-01,-3.050884841836191685e-01,-1.349457445852106363e-01,-8.317713572443731496e-02,-1.433641117776764673e-01,-1.293182967308449411e-03,8.128785768532641176e-02,-6.234320732959502259e-02,-4.903515702019454747e-01,-1.210675595278919298e-01,-1.635245574756514775e-01,-9.625385393475095752e-02,-1.881990173300758171e-02,1.423763384007809552e-01,3.112260739073336446e-01,6.162358323111540859e-01,-1.503819676665977580e-02,5.044112628691820727e-02,-5.460302857361410550e-02,1.691915523998477888e-01,-5.377451529074934733e-01,-3.256704917004861199e-01,-1.880439736364593606e-01,-1.736511484924289916e-01,2.095691348959133338e-01,2.411656479918142526e-01,-3.941405094633244205e-02,1.479513727673028300e-01,2.908970595159349193e-01,-3.939865649705372175e-02,-7.073611750202439714e-03,-1.204555847543351821e-01,-2.670940742127557166e-01,1.507948926476253282e-01,5.339256386893568088e-03,-3.841883188194674670e-01,-1.144460500625232025e-01,-3.925718228100055773e-01,-2.581579739937346352e-01,-4.204209149460739758e-01,1.666847963070961225e-01,2.012093316284722933e-01,-5.761708854251186562e-02,1.964643733281376883e-02,3.061361423304175822e-01,2.871356037299943043e-01,3.928841264747389150e-01,1.375023345173536360e-01,-2.081967005004690119e-01,6.409217280113077564e-02,-1.752376282416045344e-02,8.774535292615563697e-02,1.436089881872229523e-01,2.198555627445981653e-01,5.728012807146886515e-02,-1.847189191325600000e-01,-1.562292349551538950e-01,-3.874757038674775389e-02,1.015923459274510471e-01,1.186733404512919088e-01,2.949929884257341262e-01,1.859991858955160615e-01,4.041137361631671338e-02,3.768885867792937105e-02,1.096639287109387462e-01,2.303688196841149338e-01,2.245188935082824688e-01,1.841442810925284501e-01,1.631960445621841449e-01,9.316979341390128899e-02
1.025081929627017496e-01,5.532947166068319378e-02,-1.127133775770290947e-01,-1.774300399512418747e-01,4.252250399459968529e-03,-3.655526893795816440e-02,1.086988097088882194e-01,5.135661042970386669e-02,8.416566067308602073e-02,5.543090096809864809e-02,0.000000000000000000e+00,4.801613050348051415e-01,3.714745920620670105e-01,2.959837570326602774e-01,1.418317005597390101e-01,1.387036766076663171e-03,5.097805759114118485e-02,-1.192329571357047743e-02,5.735818847366249557e-02,4.248527330832587573e-02,1.094427884571712584e-01,-2.707680320055273482e-01,-2.050477982029222102e-01,-3.075253494233964324e-01,-2.050797236773007903e-01,-3.235171699508613274e-01,-5.986515450708183167e-02,1.748090846186573649e-02,2.770984449883283629e-01,-7.017927104609494871e-02,-4.350977842165851955e-02,-5.878487696583422489e-02,-1.237947375935028738e-01,-1.527376408861175205e-01,-3.464381984434101169e-01,-3.041940745324512863e-01,4.129737393990176066e-03,-1.807053958940078517e-02,-2.039842409050640071e-01,-3.832411301821915528e-02,2.861378568075454987e-01,-2.754093905102259973e-02,-4.552430090202651963e-02,1.570116396706268186e-03,-2.215897790267339074e-02,-1.451282850676281246e-02,-2.455710688873999348e-01,-2.003409511216983629e-01,1.719121143657296319e-02,5.815347515913312643e-02,1.234507004679444020e-01,1.084183817300618247e-01,-3.453888510438744147e-02,1.637916552660463251e-02,-2.418471955543366192e-01,-1.730071803762434357e-01,2.203033104592282479e-02,7.302813178982137110e-02,2.189755245672021511e-01,1.465362580546343829e-01,4.975196426952989137e-01,3.398247267903453106e-01,2.301511335928024815e-01,2.839471818937505110e-01,-6.568932641061224487e-02,-1.781364084794813396e-02,-3.125804980301282177e-01,-3.422127759047041140e-01,-1.257376175487175951e-01,-5.057013755345780848e-02,1.655627409281605622e-01,9.578648938812103775e-02,4.174225000773421068e-01,9.805090109380183716e-02,2.216950190910622343e-01,-1.013280224086977876e-01,2.202269423283422303e-02,5.877666542927186683e-02,-1.068201090521112007e-01,-3.809515454429339421e-02,1.610437060813806887e-01,-6.124760214822492360e-02,-1.963413444343215797e-01,-1.392560213757656484e-01,1.109693648500714169e-01,-7.087830979765848138e-02,-1.898035966216398140e-01,-7.632746158519736202e-02,3.862114339704102173e-02,1.258303767190248057e-01,-1.019754799216646968e-01,-4.985212788207385448e-02,-2.906986514537570135e-02,3.965850870614726943e-03,-2.924944975257812163e-01,-2.100399647868589903e-01,-2.749481633183742946e-01,-3.096624465484517086e-01,-1.542999351790042273e-01,-4.471763564620685749e-02,-1.386339045570663675e-01,-9.743756900263651766e-02,-3.144475201775036588e-01,-2.523329551345224742e-01,-1.059321627018547374e-01,-8.072998823851897099e-02,-1.638677558396524347e-02,-1.781646182255187949e-01,-2.209025308906195639e-01,4.052488205552942646e-02,-3.540258640513027633e-02,-4.293689866801425614e-02,1.960920483802663650e-01,-6.461100697036260311e-03,-8.854407848203503517e-02,-1.870616706003355723e-01
3.120057226532171324e-01,1.483080370529210879e-01,-1.797260225613799001e-01,1.285334473240032638e-01,-5.538535022023701598e-02,1.058278216005382744e-01,1.359640698257545965e-01,4.465634937107971769e-01,6.404723858383856716e-02,1.007597613488837446e-01,4.801613050348051415e-01,0.000000000000000000e+00,2.451675347333766297e-01,6.209285549289295103e-01,3.732627257617029265e-02,2.424003065911821131e-01,-1.832810418678845754e-01,-8.222468549452716102e-02,-1.428488056583605559e-01,-9.080497464325103241e-02,1.078941478726625769e-01,-4.066038908090753856e-01,-3.349796861196444597e-01,-1.120693642574182997e-01,-3.323702829819409343e-01,-2.598858407072068277e-01,-6.675707453607604425e-02,5.167151905256350125e-02,1.179726770757722754e-01,-5.859158578802881046e-02,6.556958415391320183e-03,3.098915630184508052e-02,-2.317460392133216807e-01,-5.097502296687285439e-02,-3.916926586283387968e-01,-2.640069499990740365e-01,-1.671698695322602068e-01,8.141079465704764706e-02,-3.092034746981350835e-01,-6.941059743455477160e-02,2.211267763702210731e-01,-1.599475698474571717e-01,-6.539484554599352129e-02,9.882697312748016383e-02,1.621458729539730081e-01,1.999918306484274877e-01,-2.008477274268389567e-01,-1.011402594600030042e-01,1.688853106381083338e-03,2.259738328089976322e-01,2.649548309699363280e-01,4.698933503691787306e-01,1.088127771142124306e-01,1.930243001699475103e-01,-1.920898348314028226e-01,-2.075214551076728919e-01,8.689627886451448124e-02,8.514491774543582470e-02,4.433460729459911542e-01,5.264262346793840974e-01,4.890698386309526580e-01,5.029012252248862280e-01,-1.155416165817287344e-01,4.934971287261194495e-02,-1.912868996245944975e-01,2.184519433236530306e-01,-2.456131335341270316e-01,-1.395945736223489983e-02,-2.878436458752446359e-01,-2.710766332719462546e-01,-2.724084960677842365e-02,-1.146194178775344352e-01,1.925019495736210451e-01,-8.304004506356051085e-02,2.541085075068625146e-03,-1.007615444878801753e-01,-3.366416458825677305e-01,-2.637103417757786228e-01,-3.305246549267200629e-01,-2.895082342298307965e-01,-2.368921738367138832e-02,5.117626118065436713e-02,-2.522647679903259332e-01,1.795166160994716292e-02,7.495746778530418264e-02,1.542239502148455566e-01,-3.019340632258594170e-01,-2.148455778192005228e-01,-5.738522220873626400e-02,2.426321197103883665e-01,-1.659556252142927180e-01,-1.318993032379487673e-01,7.842546468685254735e-02,-1.003134238610187412e-01,-2.740819998899741150e-01,-4.029970097826844622e-02,-3.081884584028961593e-01,-3.183264081966697412e-01,-1.721765229559778509e-01,-1.917696819667275565e-01,1.451097568455874676e-01,-1.330812423019900326e-01,-3.396199481160384059e-01,-3.550314820779717495e-01,-2.613657436585444249e-01,-2.752530856276678706e-01,-4.172715040361352212e-02,-1.687692128465010377e-01,-1.199598545658538823e-01,8.142281004374393727e-02,-2.699353404187825323e-01,-8.404603173335498112e-02,1.135662561449624908e-01,-4.006467506320257090e-03,-2.326429801259993768e-01,-2.448733932708677674e-01
1.426632470907287509e-01,-1.332182619537730650e-01,2.139375436382247031e-01,3.360796421521785038e-01,3.589189110618749151e-02,2.688091963854261079e-01,6.812769167658311309e-01,4.593142245129290813e-01,1.331576495755875944e-01,-2.137501942131200122e-02,3.714745920620670105e-01,2.451675347333766297e-01,0.000000000000000000e+00,4.451682457640023238e-01,3.334866769763660255e-01,4.245315909476234939e-01,-4.520441232952991384e-01,-4.212381413725442281e-01,7.718565199484769997e-03,-1.102065782587568626e-01,3.166898929260313078e-02,-2.857941113846289571e-01,2.441092396461159442e-01,1.916461242709852630e-01,8.014042767411271029e-02,-5.317684044928897708e-02,5.966178152586398137e-02,1.266056906488261247e-01,-1.701165507198615090e-01,-3.532626063106201753e-01,-9.125362031714662203e-02,-1.375864993142796033e-02,-2.016679766777234317e-01,-1.593112538434322822e-01,-9.222584502303517173e-02,-1.672435046611057408e-01,6.245182143241766876e-02,-2.564262254128790719e-02,-1.424795398224120713e-01,-1.008744546309179972e-02,5.662247356699648404e-02,-7.639303309537089082e-02,-3.814827443027285492e-01,-2.256274774436672348e-01,-4.634680278360484365e-03,-4.971805111644714455e-03,-4.452489146584335811e-01,-3.251550588127327668e-01,-1.897899238223448026e-01,-5.181544482360429804e-02,1.203142521688203154e-01,1.817898514389562903e-01,-4.162056852405543461e-02,-1.377769292342979068e-01,-1.572600107097772426e-01,-3.371585842006917244e-01,-1.535129789709482329e-01,-2.380375148637144667e-01,3.049755775871257346e-01,1.530382359405318138e-01,5.410396245122111036e-01,1.334543299712220021e-01,-4.334402157517900922e-01,-4.194845083367682026e-01,2.787983924268543356e-01,2.655101169820766049e-01,-5.188574754690223473e-02,-1.108779493168415148e-01,-7.354857475893339380e-02,-9.674154595999166772e-02,7.848436799157797183e-02,-8.209673395787549233e-02,-7.276337336119263755e-02,-2.285141762775771135e-01,-1.757084567090614335e-01,-2.444771802232962588e-01,-2.736657611308463411e-01,-3.044777366578473865e-01,-3.264053681916025407e-01,-4.570683798511493978e-01,-3.295076501051934503e-01,2.439234080626869750e-01,1.931393621831196125e-03,1.182910499063406645e-01,2.375209844943815540e-01,3.976219356077045908e-01,-9.537290599950452863e-02,-2.153339618843055914e-01,3.336748380589504293e-01,9.507525668326416435e-02,-1.583947179041032827e-01,-3.772792923015388239e-02,-2.740281386276492356e-02,1.322291121195655061e-01,-2.625558300534116540e-01,-1.811562841739682295e-01,-3.565496185977126697e-01,-4.299920334977414549e-01,-3.787915911175461781e-01,-2.655955322370057714e-01,-1.192304969306833412e-01,-1.890177460484562463e-02,-2.112821779848255144e-01,-2.723635381274656098e-01,-1.107190625774671228e-01,-5.377468725619383161e-02,1.600938277241359675e-01,2.091589750814102332e-03,-8.142499264361495459e-02,-1.085411155877633316e-01,-2.616710022928409596e-01,-3.598953692634773716e-01,8.725081114121641807e-03,-1.282602935931782540e-01,-1.323906940202872751e-01,5.413256443610568042e-02
