0.000000000000000000e+00,6.155387475371508765e-01,3.542200560378498397e-01,2.993344704892426655e-01,-2.358388497930207772e-01,-1.842860677059863228e-01,3.929090672113936256e-01,1.239013968467226889e-01,-2.782121135901428066e-01,-2.791105687026691484e-01,5.026183004402603460e-01,2.315449454211475910e-01,6.269362593796990422e-03,1.228961489158246490e-01,-4.608425284508173292e-02,-7.594359351665605495e-02,4.017104464198330560e-01,5.550898623347563232e-01,8.057081668307258804e-01,7.897138598011531618e-01,2.814847121424374557e-02,6.923671321017997593e-02,-8.414522282107772533e-02,8.673248988774241025e-03,-2.906161661387978712e-01,-3.669870294861027338e-01,7.910022570674911380e-02,7.174337267337910218e-02,3.074549388122329030e-01,2.102498617680184645e-01,-1.265355132002262961e-01,-1.801402996845724580e-01,4.856506064329776384e-01,4.304539899355389609e-01,7.416061920683977848e-02,2.545142838073035652e-01,1.695903709998871078e-01,-9.034987846905391529e-02,1.926430873276320233e-01,2.685905122531330735e-01,1.234769396597922425e-01,-6.493104722027778775e-02,-2.864460836387339726e-01,-2.532847531867954971e-01,-1.227120729732552734e-01,-3.576007388471333925e-01,-4.550877880970589651e-01,-3.342520603568484572e-01,-5.881080107245559851e-01,-4.723171797837951158e-01,-5.402880488609850262e-01,-5.806441581525839668e-01,-5.527563279649562178e-01,-3.455747427446457243e-01,-2.769266546338610135e-01,-2.711762375945562797e-01,7.190743716541583286e-01,4.030118350117534720e-01,-1.287348491261834371e-01,2.956932164739438026e-02,2.134084754945911599e-01,1.103280645895041157e-01,4.841715061728740221e-01,4.404674662569170729e-01,2.464498552082405869e-01,-2.249521635800473540e-01,2.005907408887899757e-01,4.541084518231132405e-02,5.920080699649138412e-01,4.614750837061501465e-01,1.621126516901406633e-01,7.467911038355129483e-02,3.493682138805517257e-01,2.720955806470949923e-01,1.031157193560036101e-01,3.059881199700385523e-01,4.440826972228719138e-01,4.556313023802140982e-01,3.907460114194317158e-01,5.087876363657788392e-01,5.603311983010350605e-01,5.857114405017612713e-01,1.772663968793067035e-01,4.577987895392844897e-01,2.752920517576855630e-01,3.535027638073450634e-02,1.748070697395258943e-01,2.148153551236174352e-01,-1.835960131838444975e-01,-2.917978761569748891e-01,-5.301611774821809453e-01,-2.476101811372511952e-01,-5.589823909563408355e-01,-1.186082004210049501e-01,1.723385693954551101e-01,1.704441525222889775e-01,-1.029276079727531046e-01,-2.611637908612748915e-01,-5.100543238522171618e-01,-3.128370217930421804e-01,-3.091273538093968539e-03,-1.040061166445197388e-01,1.872821258495783667e-02,-2.105308453625567289e-01,3.146846815472738312e-02,-5.398676229400788812e-02,4.848796839345151377e-02,1.342493124220120460e-01,4.680346605198401622e-01,2.934959116493218167e-01,-1.623737405686231094e-01,-5.235231465383025640e-01,-5.574344049736891238e-01,-2.930045389171361259e-01,-1.948354200396498759e-01,9.820598693051396655e-02
6.155387475371508765e-01,0.000000000000000000e+00,2.408144554152158445e-01,2.074159488690816566e-01,-2.055852248856183950e-01,-2.585823919018780392e-01,6.557245320926462229e-02,2.222059934946079007e-01,-2.157108208539872951e-01,-1.972886772012111822e-01,5.173745959306574882e-02,3.153043790937908875e-01,-1.050273132836470336e-01,1.681585184271705835e-01,-1.551034450827259992e-01,-1.195233803587168186e-01,3.362655325744449974e-02,5.188370193207537673e-01,4.636746238624601668e-01,5.684271337913076039e-01,-9.628182627866899851e-03,1.241840411633754557e-03,-1.898364993302854020e-01,-8.225154878442383910e-02,-2.930443418281021839e-01,-3.939065498297876777e-01,5.860559387975348283e-02,2.733464989644670759e-02,2.798057665033146790e-01,3.948632202292187143e-01,-1.459308317895383067e-01,-2.237034753288832112e-01,4.861489529283765099e-01,4.660143991705389954e-01,7.719132143340106354e-03,1.091763355267598018e-01,-5.815758313878934861e-03,-3.087136127596213919e-01,8.729691147778109728e-02,-1.238180732666393780e-01,-2.228792488482822520e-02,-6.410120931982642156e-02,-1.243271059688195179e-01,-9.642921556705086328e-02,-4.010275152145786337e-01,-2.900851343420147721e-01,-2.220369906343128974e-01,-2.718392482360141860e-01,-4.246458994224378558e-01,-2.064667365710578517e-01,-3.589220064535638688e-01,-3.283430217913992366e-01,-1.107047847250264561e-01,-2.507919232488829975e-01,-1.307346959781105489e-01,-2.566106208161345048e-01,7.576192559012192573e-01,7.863148362477835329e-01,-1.856364950939478134e-02,2.808941887093994172e-01,2.287254101972507336e-01,9.481219755124872806e-02,2.933577678686324353e-01,4.755506505196575029e-01,-8.122237999342259152e-02,-2.634481564330826697e-01,8.945820112529298540e-02,4.437673921991276346e-03,4.342161750957871380e-01,5.702074836695898430e-01,1.898246673700337839e-01,1.869086275069096895e-03,3.417507375083652654e-01,2.481610587733196205e-01,9.504415963006093704e-02,1.360500120489728793e-01,2.445132426218851185e-01,2.149078795515812212e-01,5.246517101665305605e-01,4.057248406293587073e-01,4.479014819418492555e-01,2.507314015783795313e-01,1.439562149865851182e-01,2.749026244962570753e-01,-6.519170746379632231e-02,-5.136729824908967817e-02,-3.342321756330472043e-02,-8.844440156637251027e-02,-1.917842523267350996e-01,-3.290446761563418643e-01,-3.002034662621348438e-01,-4.658877357604394032e-01,-2.148605067091860221e-01,-2.790625921481862948e-01,3.765989520330382256e-01,4.974920737943135385e-01,2.314083564808769311e-01,3.325095636952071082e-02,-1.349881066419519604e-01,-1.851123141479802392e-01,1.396608625593479258e-01,-8.292544127145097532e-02,2.562515395382950617e-02,-9.428678712450269672e-02,-3.121801652810651806e-02,-1.323903754359783691e-01,1.990142945105125016e-01,8.694722863215792463e-03,4.709188197604459170e-01,3.506475208024958379e-01,-6.166865580344098839e-03,-1.350990311385056042e-01,-3.370411534454479940e-01,-1.091021150426219402e-02,1.991961603629293642e-01,-6.514418040542781056e-03
3.542200560378498397e-01,2.408144554152158445e-01,0.000000000000000000e+00,7.196526438663171099e-01,3.555806761095243740e-01,3.187594812106615549e-01,7.246676215457108494e-01,4.490194386014266237e-01,3.975580933081726553e-01,3.538963553631287451e-01,1.140391227167705107e-01,-6.021064754321026058e-02,2.068012206320541668e-01,1.157842381382027802e-01,2.835613690136588594e-01,1.657244100033381795e-01,-3.269187558377540936e-01,3.097133764217449223e-02,2.969658872188933874e-01,1.852744541802493761e-01,2.524688178317686243e-02,5.634302244707832530e-02,5.571453379183974874e-01,6.444655994873341731e-01,2.708846379888989464e-01,1.756779908990582784e-01,1.120538694306822958e-01,2.462407581989177197e-01,1.875116776400131691e-01,6.500269852687416694e-02,2.915035268227444964e-01,2.259429545333744294e-01,2.454200971869694992e-01,1.892736323711912139e-01,2.751128925118573321e-01,2.141827403052069534e-01,-2.794268778151094423e-01,-2.838315883653029781e-01,1.898313654861235877e-01,4.283103449285252141e-03,-2.681872797334779526e-02,-3.852094536494721222e-01,-4.570514010882772982e-01,-3.186193828634859004e-01,-1.690204556166838845e-01,6.644018449071313615e-02,-4.942474478746076150e-01,-4.030891068952867640e-01,-2.791574132323845214e-01,-1.303006145670259908e-01,-6.807502597531283062e-01,-4.828211292646407693e-01,-5.149868341952004158e-01,-4.385167412205259740e-01,-3.966187683412524256e-01,-3.766301191952857175e-01,2.810624118680087324e-01,2.450597820740275379e-01,3.078509312789942665e-01,4.171979142155384790e-01,5.372221865556355835e-01,4.292367766561406839e-01,-1.972960818117130144e-01,1.241884573540289471e-01,1.257019884425306377e-01,2.811558475252736722e-01,4.566555414444754546e-01,3.564879058069511664e-01,1.386838523099181153e-01,2.671295566364733642e-01,2.765410415648964504e-01,9.953208000999587413e-02,-5.942433214175072559e-02,-2.299418964223504114e-01,-3.440209510326248249e-02,-3.597545402598462116e-02,-2.975855629460057508e-02,-1.573359213076865881e-01,-2.705531095614592263e-01,7.253119734512272765e-02,-2.402249297062936662e-01,8.366880507939306044e-02,9.092990130531043713e-02,1.967375076416721935e-01,-4.177941839833955173e-01,-4.307004263529720101e-01,4.634801368507279751e-01,3.387912039416610677e-01,-3.356041476942907553e-01,-3.494553360807696185e-01,-4.302933797692490847e-01,-4.184309361019891149e-01,-4.243535023539956597e-01,-2.265087534736220376e-01,1.534427870305038466e-01,3.273838544692820318e-01,-8.579501040545822743e-02,-2.294879484588070451e-01,-3.449464678765937209e-01,-5.794267429611865694e-02,1.819456987121443603e-01,4.141353035424072404e-02,2.112714036519748595e-01,-6.234967149779632040e-02,-3.947986081743985465e-01,-3.741785859756544541e-01,3.004881498963389852e-01,2.625196445503720222e-01,8.527292585180566015e-03,-1.590067572540874163e-01,-8.489995291360566410e-02,-2.297716279810492479e-01,-5.143658519574925148e-01,4.552510022872347656e-02,2.252376381544572703e-01,-3.573598461383194203e-02
2.993344704892426655e-01,2.074159488690816566e-01,7.196526438663171099e-01,0.000000000000000000e+00,3.803285093916981136e-02,1.602475188869643130e-01,6.706999360345385908e-01,5.194125027950033946e-01,9.910439188636795127e-02,4.317745121985521600e-02,1.279493874504862294e-01,2.057092148590671798e-01,3.245311838231406537e-02,1.951764069091598552e-01,5.417768326126715106e-02,3.515202617647407435e-02,-2.968689033630847116e-02,4.404365467546937640e-02,3.412537709469334324e-01,3.213473790730407842e-01,4.641013104747043067e-02,1.664748424823722373e-01,4.139458343984229183e-01,4.979044583659457679e-01,1.160879499827123934e-01,9.676446706881521032e-02,9.003899310582919036e-02,2.276612578410085463e-01,3.546767208642637170e-01,9.080278796276804176e-02,2.631048541730067747e-01,1.378806108430729038e-01,3.072312728540667059e-01,2.454330138866234745e-01,1.157736094276859973e-01,2.092851573207865357e-01,-1.998204387934340576e-01,-1.644058909861980666e-01,2.447776629540778792e-01,1.664920635142389249e-01,-2.458869200368892297e-02,-3.247301739201781112e-01,-4.375708097940138597e-01,-3.714982206442231094e-01,-1.000018020548685271e-01,1.124262154658744878e-01,-3.203112379555079214e-01,-2.378892385298526924e-01,-2.198067504301977892e-01,-4.988748235851143270e-02,-3.940664710445198615e-01,-1.369439865592260441e-01,-3.712743070644760612e-01,-2.743033136985888465e-01,-1.260848783396999462e-01,-9.394149161086715050e-02,1.659168959472161753e-01,1.793098481169832503e-01,3.031379151038379183e-01,4.214375286565886780e-01,2.052279544028837166e-01,2.511990288727651843e-01,-1.617973910899551671e-01,1.300838336439956444e-01,-2.317562253361229313e-02,2.193093435563717442e-01,3.374098591527757707e-01,3.563357374901854890e-01,2.107682058320382856e-01,3.925409529479985671e-01,2.334089311343295614e-01,9.895146025480411681e-03,7.900858137766059164e-02,-2.085039776141752732e-01,-4.604778865726479042e-02,1.430565512308394974e-02,-2.277961415162226694e-02,-7.827804245261006655e-02,-1.142029488148496030e-01,1.990100514302708262e-02,-6.685455101760529040e-02,5.280168121907880679e-02,1.838580631655821751e-01,2.611263138710273046e-01,-2.702032096628022573e-01,-1.111631714008370631e-01,2.993066990758408985e-01,2.971121831366410615e-01,-1.620071973596774184e-01,9.258170314814942806e-03,-3.616674049779460831e-01,-2.984295074836265660e-01,-4.360893891129672961e-01,-1.699839456584799624e-01,1.895651135091666259e-02,2.350479258586591347e-01,-2.884407328097620682e-01,-4.324231648796055261e-01,-4.144064534656314858e-01,-2.082117217447448654e-01,2.205677621553863987e-01,6.122951038242480798e-02,2.466337134635135375e-01,-5.740825239421198239e-02,-3.204163625087456113e-01,-2.988861953484941991e-01,2.436736814441345933e-01,1.523573202573491880e-01,-2.455435586818718527e-02,-1.984106490926531297e-01,-1.797285817211477232e-01,-4.230730302114173447e-01,-5.695490708905189825e-01,-8.450295977704035122e-02,8.159471817314044306e-02,-1.800060923837053517e-01
-2.358388497930207772e-01,-2.055852248856183950e-01,3.555806761095243740e-01,3.803285093916981136e-02,0.000000000000000000e+00,8.270370227764316517e-01,1.884440624082375781e-01,-6.699784480896160688e-02,7.399777122181667721e-01,7.179642670914065938e-01,-3.937199540277549481e-01,-4.995110462260354822e-01,2.594409899339019110e-01,-1.869501695035189481e-01,7.001431022962336659e-01,5.065142941739296800e-01,-6.054189065319334206e-01,-3.577958242485729246e-01,-4.484856010390303460e-01,-4.519015779275998290e-01,2.152095331995215188e-01,2.724928063544165280e-01,2.834981565433598583e-01,5.556014755279155004e-01,7.226067823343433894e-01,5.014354726572707310e-01,4.088435228605561411e-01,4.221959216962442030e-01,-2.164770717065420957e-01,-1.392363698563674479e-01,3.160419583176652947e-01,2.713566168599376716e-01,-3.215227773917685439e-01,-3.289739874072770132e-01,1.063370051980177949e-01,1.806884918114739363e-02,-2.625506815991602849e-01,-1.183085644555700866e-01,1.699388896506837110e-01,-5.276882795255185415e-02,1.306448520773121347e-01,-9.552374098206316277e-02,-4.416540556280087459e-01,-3.451996976341984436e-01,1.024801847222582829e-01,3.055356810130717138e-01,-3.611059107890938757e-01,-3.970550346788714879e-01,1.869900551364063468e-01,2.811908193436362113e-01,-3.104512623117551273e-01,-7.482506296944455015e-02,-1.781570464842143209e-01,-3.868713377472239312e-01,-7.005447195899200397e-02,-1.422105550292699361e-01,-7.727280191816252031e-02,3.121139867547743224e-02,4.325648810206824679e-01,3.644580237787962695e-01,3.633835600226948959e-01,2.457757495921220614e-01,-3.969297734214519702e-01,-1.310426845367248516e-01,1.626504259561236676e-01,3.351512197213942779e-01,3.190065774476911198e-01,1.824818874175878625e-01,-7.193641269256717541e-02,-2.808296180982831070e-01,3.888401578589291696e-01,2.341429556406083856e-01,-4.700490186489884037e-01,-3.506650148783866938e-01,1.639589914696909234e-01,1.340159971683299311e-01,-3.389296281072430861e-01,-3.719048159603995374e-01,-5.195353258979337197e-01,-3.060179803294396650e-01,-4.899022500605869079e-01,-2.574611209599255157e-01,2.494056042083387659e-01,-1.151180843731602760e-01,-4.359898568780233852e-01,-2.012022614985787272e-01,5.387153026138826739e-01,2.969178132660358349e-01,-6.635307675340998412e-02,-2.769243806323787305e-01,-2.087937473024344126e-01,-1.912420258104290671e-01,-7.240523822927895370e-02,-2.049608432769450539e-01,-3.110886967618186616e-01,-1.904331309196319044e-01,-1.262254715699289431e-01,-1.097347412659797211e-01,1.247261252477753213e-01,1.450131670051793831e-01,2.083210585404224324e-01,-1.306976608898240133e-01,2.160715831320246250e-01,1.008192480621254022e-01,3.855160603493157367e-02,5.955791094250757756e-02,3.208322360320884914e-01,1.368201130680251898e-01,-2.328540354885961505e-01,-4.583613754078186275e-01,9.723108062242188931e-02,1.751543412160231905e-01,-9.203517623986436080e-02,7.390149842151651216e-02,-7.982239675216923347e-02,-1.021659395970589690e-01
-1.842860677059863228e-01,-2.585823919018780392e-01,3.187594812106615549e-01,1.602475188869643130e-01,8.270370227764316517e-01,0.000000000000000000e+00,2.516398086310379090e-01,-4.489227689288666223e-03,6.867968363948701027e-01,6.369737253347640404e-01,-1.523407578988287547e-01,-3.836335611666025769e-01,4.858166567790335733e-01,-1.366862229201929735e-01,7.324182304083610706e-01,5.650085272563244443e-01,-4.210747192771946978e-01,-2.643249736276971906e-01,-2.928056897265679526e-01,-3.034991938495096853e-01,2.606452106123879342e-01,3.793232827560632514e-01,1.655558724459740283e-01,4.524231724131518306e-01,7.357185482219944506e-01,5.097817284648613612e-01,5.143729637775557029e-01,5.488080971039357436e-01,-1.310352056252066522e-01,-1.185167131461347945e-01,3.166461305880312604e-01,3.230880338064306412e-01,-3.008566827183875581e-01,-2.940918166199093520e-01,3.197173018989719288e-03,-5.189846012944136083e-02,-2.014744278833614510e-01,-5.678086993632285116e-04,2.190016250164627809e-01,1.032213586248483667e-01,5.365699478008777168e-02,-6.867799933557361403e-02,-4.959078903934718840e-01,-5.000369910834634446e-01,2.025111362386007863e-01,2.938571859043962453e-01,-3.777848195425125288e-01,-4.696029099859984623e-01,8.409719970585552429e-02,2.819968033233511417e-01,-3.668203101457659376e-01,-7.494529055268031592e-02,-2.844444934990565388e-01,-4.710890966138889246e-01,7.911086574816832487e-03,-1.431035239488606947e-01,-8.385998361740808205e-02,-7.947291543373672870e-03,4.243621155761200803e-01,3.182802230511445063e-01,3.441489976193739531e-01,1.335337692053087388e-01,-2.513770230305099607e-01,-7.665450653853787821e-02,1.460626128980765659e-01,2.474230139323984889e-01,2.761174622696185299e-01,1.363616543414135629e-01,-1.485908898266656043e-02,-2.237898518142707460e-01,4.683450575918610137e-01,4.801783076753586843e-01,-4.191071407359008849e-01,-3.647571786616185530e-01,3.257568283806236420e-01,2.320355646090648816e-01,-2.527080751091844713e-01,-2.225099812914764219e-01,-4.827635106480667182e-01,-3.091336680952260774e-01,-3.851111363026550882e-01,-1.488692836398744779e-01,3.294479851667643788e-01,1.246403678585095327e-02,-4.124097584124986060e-01,-9.331646142402132138e-02,5.676449595408071813e-01,3.258406890427510416e-01,2.103971957101972642e-02,-2.529102042861010036e-01,-2.275778491900480871e-01,-1.394252614386558009e-01,-1.058413168457786047e-01,-1.748010486187131785e-01,-4.005398907304104084e-01,-2.594593963411295778e-01,-2.509116264237380989e-01,-2.003943139963368647e-01,5.048661592385555313e-02,8.678043174889316091e-02,1.012099016634183390e-01,-1.680952008335907244e-01,1.802160988005921394e-01,7.228880602273014822e-02,1.683887300812486332e-01,1.341343461991726660e-01,3.277048955569472621e-01,2.266855684271638638e-01,-1.837855794903392459e-01,-4.149655265930728421e-01,2.312164386757929735e-03,-4.631700731340660762e-04,-2.571265716681946922e-01,-5.796472294979984619e-02,-2.744750095397572309e-01,-7.487477051938150330e-02
3.929090672113936256e-01,6.557245320926462229e-02,7.246676215457108494e-01,6.706999360345385908e-01,1.884440624082375781e-01,2.516398086310379090e-01,0.000000000000000000e+00,4.563561218170846256e-01,1.896057304512497044e-01,5.540132834956470326e-02,3.401724764663713874e-01,9.835946666330241950e-02,2.575046168887366593e-01,1.997734292377985332e-01,1.665773055149003257e-01,-5.081823761725375033e-02,-5.705304361226382071e-02,3.629362141678731113e-02,3.320773999221340311e-01,2.046096720985433604e-01,4.993152518796453547e-03,6.749352148454994260e-02,4.497161769461932579e-01,4.666538753849311938e-01,1.862983062767459841e-01,1.794855462922969602e-01,1.538331230313312037e-01,2.738020254112086271e-01,2.875770265870103981e-01,-7.928417790978511959e-02,1.867615612392095059e-01,1.597111500450056898e-01,2.352138453410045071e-01,2.122443235247401250e-01,1.937234493309492600e-01,2.538028080594737501e-01,-2.108560323508260059e-01,-1.646708358117230653e-01,2.056202160196022588e-01,1.841228265437399036e-01,-2.347482923794224907e-01,-5.134319670605608232e-01,-5.272287734079066368e-01,-4.419526416287700155e-01,-5.267472692960530750e-02,-7.636144083306639456e-03,-6.302807310337094071e-01,-4.403455757851358343e-01,-3.261839939427809143e-01,-2.320027948622603586e-01,-5.097582133746804134e-01,-3.784574322331904495e-01,-5.792311561913000562e-01,-4.193912060678576803e-01,-3.235908903633766820e-01,-2.392034362722230412e-01,1.093552266070450946e-01,8.315490665161472117e-02,1.645493644004438205e-01,3.074395462636090315e-01,4.529237381979898114e-01,5.028696672077526131e-01,-1.779005487019972298e-01,2.178285157512117876e-01,1.890916441805127191e-01,2.874142971374262223e-01,3.222169845462060644e-01,3.050001535059707058e-01,6.325790924838607665e-02,1.920971947841096372e-01,2.256410236771854705e-01,1.835911971076627236e-01,7.570085620251362779e-02,-1.363065197248328753e-01,-7.754306740148560195e-02,1.517123136773290415e-01,-2.813288179063138175e-02,-7.602444842443976947e-02,-2.011632010676276117e-01,9.262751770742266855e-02,-1.275993699576608298e-01,1.310329699794065828e-01,-3.549138855053227126e-02,2.031961560680958512e-01,-1.136830031283452697e-01,-1.348181956849678065e-01,4.783639842153806776e-01,4.558436797257841566e-01,1.648084594549660206e-02,-1.348321672937682070e-01,-4.404673092499120646e-01,-2.697331374399709603e-01,-3.661901523814156678e-01,-1.411932787400984879e-01,-1.588480985533186063e-02,1.099663600650142015e-01,-4.596150330318238830e-01,-4.876081665552526867e-01,-4.856339524015058084e-01,-2.809802481504807270e-01,2.804321174991792481e-02,-1.011382899966251497e-01,7.520543116638077341e-02,-1.673845323684817477e-01,-2.771934581781624329e-01,-1.768089573851495677e-01,3.671405756224497413e-02,2.127969903923750683e-01,4.919829282555768235e-02,-2.655007620235945720e-01,-2.058869584676261966e-01,-5.234529371162046640e-01,-5.671319590238509400e-01,-1.016721706701103067e-01,4.214165202962055767e-03,-1.388768850313235326e-01
1.239013968467226889e-01,2.222059934946079007e-01,4.490194386014266237e-01,5.194125027950033946e-01,-6.699784480896160688e-02,-4.489227689288666223e-03,4.563561218170846256e-01,0.000000000000000000e+00,-1.695867252858569429e-01,1.985138105627770044e-01,1.478868278055853192e-01,4.277895244835706601e-01,4.164465479709535990e-03,2.993269644228305215e-01,-2.179033923935003517e-02,1.006843082651836252e-01,-2.171322939954418718e-01,-1.257204173097836997e-01,2.134279587370466469e-01,1.441784864802567456e-01,-1.155469370070814766e-01,-1.213271036893415755e-01,4.258956562586966865e-01,3.656677515849152127e-01,-1.306107473023997156e-01,1.160398517480790148e-02,-6.640743725582201606e-02,2.750347792851975948e-02,-2.312240455556052732e-02,-9.866335777631086990e-02,-2.048856712101164781e-02,1.770713451054909127e-01,3.535705294730743797e-01,2.261760850323277783e-01,1.602199025332523286e-01,6.042671046968787346e-02,-2.817034436594622049e-01,-1.685103483650208511e-01,2.249386025202712233e-02,-8.392354177224908840e-02,-3.899203164913670472e-01,-4.781766635456379255e-01,-2.238892177034969566e-01,-2.578656319732479107e-01,-3.174079291495028876e-01,-1.478831842687672038e-01,-3.894527154518105938e-01,-2.713134376070910347e-01,-1.692327714773166902e-01,1.218239549298647147e-02,-1.214964133101194277e-01,-1.438192149129890463e-01,-5.101650943483231060e-02,-1.401322196072898041e-01,-2.298866794948813408e-01,-3.355228078377666678e-01,8.743286942313313603e-02,1.097257937392120131e-01,-1.641554305593954100e-01,1.244222070486218912e-01,3.761231747294874195e-01,3.247709168339622532e-01,-3.238311620714056649e-01,1.911344756293348324e-02,8.996623872114080378e-02,1.198916787015924940e-01,2.401094797742973127e-03,3.315530713237581362e-02,-1.998250611278719613e-01,-3.753477812719462764e-02,-1.225618324531842634e-01,-1.592141051120690709e-01,-6.393262993145114315e-02,-3.013075758228759837e-01,-1.100565488788504409e-01,-1.369314610435738433e-01,-2.032397080541573642e-01,-1.501075812717053704e-01,1.350942697621800581e-01,2.411638796642035648e-02,-6.693652778743444665e-02,-3.520889264268688146e-02,-1.699192171931935558e-01,-2.460694125831899143e-02,-1.218854181721064078e-01,-6.267652130603380833e-02,-3.072969786914193924e-02,2.208109926197793574e-02,1.201055919836952965e-02,4.388665854650677413e-03,-5.161563871139722426e-02,-2.919659479248851164e-01,4.695908797747913588e-02,-1.829320060932179172e-03,2.435234902465080731e-01,2.927936471783920691e-01,-7.316532710033141207e-02,-2.652073630362882239e-01,-2.164795583524990186e-01,-3.534218651985475690e-01,-2.088931265431860917e-01,-3.857377295403821571e-02,-2.595467199862365182e-01,-3.489508662245286996e-01,-2.670735066112590594e-01,-1.985653010178708433e-01,-1.872725819264606517e-01,-2.216649958797037023e-01,1.251638390193558215e-01,2.537286800251927973e-02,-2.697152069588606982e-01,-2.733668408934699090e-01,-2.720871077571436203e-01,3.597433577773169744e-01,4.189872832292590998e-01,-8.624527737786294446e-02
-2.782121135901428066e-01,-2.157108208539872951e-01,3.975580933081726553e-01,9.910439188636795127e-02,7.399777122181667721e-01,6.867968363948701027e-01,1.896057304512497044e-01,-1.695867252858569429e-01,0.000000000000000000e+00,7.196149427335212234e-01,-2.339769340142940079e-01,-4.956133383772087786e-01,4.016736690802825693e-01,-2.080247786635395779e-01,5.860068942808631665e-01,3.017819282048207485e-01,-5.217748970583969692e-01,-2.104724535164085863e-01,-3.808103468018018689e-01,-4.060728465063524473e-01,1.040139867248085909e-01,2.525705061663789941e-01,2.244040204154592599e-01,3.965731970117095662e-01,5.514864910721258839e-01,3.800918710216447671e-01,2.797731727777583166e-01,3.261145238752991560e-01,-1.071388972346762752e-01,-1.624877335646044973e-01,1.767263846196363009e-01,1.529551249092100107e-01,-3.945502946761487162e-01,-3.525574323981187641e-01,-1.042133219646666220e-01,-2.208336055212668236e-01,-2.277101385297732872e-01,-1.853991925808098351e-01,-1.060570244987753541e-01,-2.025013026448548303e-01,9.931867754064160111e-04,-1.358397628017747605e-01,-2.840920590150997072e-01,-2.251014022302080253e-01,1.133444159973333726e-01,3.647195442696309908e-01,-1.060521628250507831e-01,-2.477715004484393468e-01,2.422097943989898472e-01,1.683256922353387752e-01,-2.620874565174016735e-01,-1.024844136739180150e-01,-1.597593794999680947e-02,-1.988375099093323273e-01,-2.630082756992687676e-01,-2.163217019916481298e-01,-8.595088543258327940e-02,1.048343535947381978e-02,4.845007595782127585e-01,2.535169447630505890e-01,2.670990554605231493e-01,4.335195183724104701e-02,-2.709505093534140818e-01,-2.644248916581243281e-01,-7.564421179014087226e-02,1.956118825849402498e-01,2.077019414788917884e-01,8.576615214113395003e-02,-1.107133762362164514e-01,-1.757153838087019693e-01,3.992468512660596880e-01,3.797893197304206270e-01,-3.021454776660533748e-01,-3.157017658142047822e-01,1.447486270686907106e-01,7.085132568619324778e-02,-3.565427245115670996e-01,-3.860036810759529535e-01,-4.607553790299118157e-01,-2.588541097335099739e-01,-4.057453571212496501e-01,-1.980464448581970294e-01,1.065258297989811614e-01,-1.116287138091338338e-01,-4.119714210357507400e-01,-4.286899941629896960e-01,3.074782400712617880e-01,4.319717428138997173e-02,-2.271614171736552057e-01,-3.406145149913608616e-01,3.558710781255006953e-03,-1.510981435070623546e-01,-3.841859424713755383e-02,-1.736707027671566816e-01,-1.508656164417560841e-01,-1.062002269808128285e-01,4.463017439785426504e-02,5.629579188211351198e-02,2.120822911180615666e-01,3.514032269180480395e-01,3.124504962161944177e-01,1.829660929788374524e-01,2.974967759003603329e-01,3.216434649695275594e-01,-3.822037725687748438e-02,-4.501926079878729864e-02,3.739406009366737504e-01,3.784950236084142494e-01,-2.390811209411142224e-01,-3.166009507937907475e-01,8.419500560370815623e-02,2.935419818190739272e-01,5.789305597846530760e-02,8.316411027281431570e-03,-5.796416537013850817e-02,6.818949383806464405e-03
-2.791105687026691484e-01,-1.972886772012111822e-01,3.538963553631287451e-01,4.317745121985521600e-02,7.179642670914065938e-01,6.369737253347640404e-01,5.540132834956470326e-02,1.985138105627770044e-01,7.196149427335212234e-01,0.000000000000000000e+00,-3.254821594688583342e-01,-2.560846280836179267e-01,1.951315139171271029e-01,-1.135098005495401852e-01,5.440238060156739053e-01,6.023553079822135947e-01,-6.769087938676942029e-01,-3.642440783496466716e-01,-3.230827702214129071e-01,-3.612658272239664958e-01,2.673970460733334983e-02,9.340039666891807035e-02,2.861323943591253527e-01,4.614826372451354963e-01,3.709379547623771756e-01,2.562251881755184812e-01,2.756321471028794212e-01,3.154421555929195486e-01,-4.472929123452926148e-01,-2.246932737208150455e-01,1.039360294046307309e-01,2.620822655825376102e-01,-2.498096976888632970e-01,-3.472055144052655917e-01,2.144039079904256143e-02,-1.488824442354304833e-01,-3.596042481123359336e-01,-1.517078532243225919e-01,-1.909214274092146946e-01,-1.946592024350504713e-01,-7.140647021999357857e-02,-1.884108315185373250e-01,-2.736683177204160544e-01,-2.952652877680075338e-01,-9.727241472051662008e-02,1.883421487385286419e-01,-3.079111294839381729e-01,-3.412014040017136707e-01,1.875830776075585737e-01,3.208171086172931230e-01,-1.918458751496471826e-01,-1.062216375918394878e-01,7.182751321492354679e-02,-1.814004975860304680e-01,-3.023556184872837060e-01,-3.062150156109864629e-01,-6.917910573407566599e-02,-5.816066458818753421e-02,2.239724975505439086e-01,1.287753796175617749e-01,4.415392839690471805e-01,1.227804793058173416e-01,-3.451395236871803718e-01,-3.364305762330452310e-01,1.631928163986228475e-01,2.081031820019856871e-01,1.343281539416263937e-01,-1.751440683366998347e-02,-1.922965944141268591e-01,-3.413025833878783888e-01,9.826772846460539446e-02,1.016728694331903715e-01,-4.266540564494477605e-01,-4.598058919580201853e-01,4.488176945890955116e-02,-3.597306419520481663e-02,-4.410257279389728224e-01,-3.969449168405177475e-01,-3.879390552474780152e-01,-1.988337496143155192e-01,-4.034885105667843086e-01,-1.271412628597266281e-01,-6.152423008936971915e-02,-2.329072350624345200e-01,-3.642099812923474955e-01,-2.100706772224957553e-01,1.785408489924390496e-01,5.161989206407902042e-02,-2.708658103411912821e-01,-1.291862055789711750e-01,3.536946840984286217e-02,-1.764444889669672945e-01,6.308676416759140260e-02,-1.004809633596085855e-01,-1.586031774854382639e-02,-8.230901997100456557e-03,1.509991214317496500e-01,8.444848404295519917e-02,2.035675350098520575e-01,1.138388502509296574e-01,9.181104826299263388e-02,1.408283877508444693e-01,2.870851672694307161e-02,1.108440340441271127e-01,-1.960797004450975586e-02,9.429556107197378106e-03,2.010710996032080145e-01,1.479445902169059524e-01,-7.211555782401551928e-02,-1.099568452032537863e-01,1.059663245370816576e-01,2.495687472184713318e-01,6.614925420396847167e-02,2.775313709519465211e-01,1.895511875824837100e-01,2.993498710616392805e-02
5.026183004402603460e-01,5.173745959306574882e-02,1.140391227167705107e-01,1.279493874504862294e-01,-3.937199540277549481e-01,-1.523407578988287547e-01,3.401724764663713874e-01,1.478868278055853192e-01,-2.339769340142940079e-01,-3.254821594688583342e-01,0.000000000000000000e+00,2.939894214941328188e-01,4.455915438661378070e-01,2.600192806085056541e-01,-3.168458740641678234e-02,-1.443903469210123247e-01,5.264769127477855193e-01,3.555979350916716464e-01,6.281951453795299178e-01,5.241331272647463679e-01,-1.186045256444168789e-03,-3.691759414211921025e-02,6.299097325751314147e-02,-1.366875385444844271e-01,-1.626038822802874650e-01,-1.770348328058723997e-01,-1.407387768343703813e-02,3.949106067547676624e-03,2.980003998072907057e-01,-2.858099971697493098e-03,-2.095498045259317210e-01,-1.215522200311444784e-01,8.980937559789134439e-02,2.070514634298774304e-02,-1.371647692196410750e-01,-1.289489120760057284e-01,2.461369160992019078e-01,1.296948765701028683e-01,5.167643494237509488e-02,2.882727535922030015e-01,-6.442246248499419736e-02,-8.296703391366695712e-02,-3.679897828825644257e-02,-5.321552151080250620e-02,6.453936834721039906e-02,-3.472531677023827368e-01,-1.804497299083615280e-01,-4.853860075761771281e-02,-4.094819606129282974e-01,-4.010979485130271027e-01,-2.085496485088778607e-01,-3.598654307124857787e-01,-3.460129898663860670e-01,3.819130938600533154e-02,-3.943230863821604593e-01,-1.900080395037603009e-01,1.197772746858969811e-01,-9.788531373240462463e-02,-3.903535629738763557e-01,-3.409656870700579212e-01,-2.054331828446314887e-02,-1.450325885577052887e-01,4.903378416048252419e-01,5.213213793585277228e-02,4.324804278474091851e-02,-3.408524397087527302e-01,-2.422490325546362566e-01,-3.309665270802575332e-01,7.243628533960493054e-02,-1.201413738296686941e-02,1.046968879802340907e-02,2.118557587562402422e-01,3.926661528719452288e-01,1.972384879034944916e-01,3.344951332876109490e-02,2.269997611916996783e-01,2.493657999281908011e-01,2.692112912662359414e-01,3.398524630734025553e-01,3.479330733300680656e-01,4.401825276862741942e-01,4.729303467266222083e-01,1.297718387801875817e-02,3.868150398507554932e-01,4.072855506064723685e-01,3.217500933915945494e-02,-6.959966518084584330e-02,-1.524789429997686942e-02,9.200766169973415010e-02,-5.204334286206228205e-02,-6.668584329269627853e-02,8.561268550452387494e-02,-1.907628250944505832e-01,2.558217752890288299e-01,5.517761057149924570e-02,-5.887471673764372443e-02,-2.689948015093026057e-01,-2.290604643609860935e-01,-4.070760265845031478e-01,-1.266204876015293301e-01,-3.548712192205460414e-01,2.936874776762737546e-02,-2.875955520322450720e-01,-2.919535073209205689e-01,-5.107900482836755240e-03,-1.222173438023988791e-02,-3.423214166520736623e-01,3.805878831384439803e-02,3.106208970605464290e-02,1.170326579714373733e-01,-3.810941600536850160e-01,-4.073060835939024682e-01,-2.325433696866436306e-01,-2.509641307330406357e-01,-2.238415372707605600e-01,1.712466275806984461e-01
2.315449454211475910e-01,3.153043790937908875e-01,-6.021064754321026058e-02,2.057092148590671798e-01,-4.995110462260354822e-01,-3.836335611666025769e-01,9.835946666330241950e-02,4.277895244835706601e-01,-4.956133383772087786e-01,-2.560846280836179267e-01,2.939894214941328188e-01,0.000000000000000000e+00,-7.472013118468825987e-02,6.059527906501647188e-01,-3.603935186838412297e-01,-2.892144717672920362e-01,2.274456510746477311e-01,2.863642987436916254e-01,3.976632063029187925e-01,4.135521462671906123e-01,-2.047885598290857256e-01,-1.260123818954393682e-01,4.369714097942097031e-02,-1.333562225762214837e-01,-4.648418834155882418e-01,-3.342451783500459128e-01,-1.548537536722434937e-01,-1.148949282413149614e-01,1.929637006715752279e-01,2.300165359189703107e-01,-2.221987917115590128e-01,-1.064316441502689142e-01,2.345127493605974056e-01,1.544193247584269568e-01,-2.833822951014152158e-01,-1.305550108977198143e-01,1.193145337184849109e-01,-6.110327272410590732e-02,-1.416414115777834826e-01,2.325270019924424170e-01,-1.093477024073546550e-01,-8.649428986644974726e-02,1.386798327743272996e-02,-1.973919022672905310e-01,-2.311576591135802161e-01,-3.245703008134290801e-01,-2.190866641954317823e-02,1.526620008854112365e-01,-1.514113035883767333e-01,-1.215183969516135665e-01,2.007692176155896624e-01,6.368798103529700605e-02,1.172171965272095634e-01,2.735929220509611404e-01,-1.852142465125586057e-01,2.118369296278709568e-01,1.080263438311196561e-01,-1.129913631109761771e-02,-2.971144288515201737e-01,-9.127793599337639951e-02,-1.013764695748477079e-01,-2.888202205326700564e-02,3.515666238484656536e-01,2.518376939855953775e-02,-1.667278776487403358e-01,-2.921255192878651208e-01,-2.962328154103747724e-01,-2.931630082204588206e-01,-6.997717370858493047e-02,1.555566654845012553e-01,-2.983327291340621690e-01,-1.220508590154619349e-01,4.327436140765850703e-01,7.295629950084030202e-02,-3.224096476368850106e-01,4.932854170059734755e-02,5.714987078602902330e-03,5.590627914961965317e-02,5.511800734415885916e-01,3.316747010634954473e-01,4.455365363533632106e-01,2.769874240888653971e-01,-1.812374479635389668e-01,3.393527915192907640e-01,2.724425931157684055e-01,2.979897872454559393e-01,-3.409426332980983743e-01,-1.319915534059363793e-01,1.158923068586643207e-01,4.182857822651519508e-01,1.152940046209752489e-01,-1.108041401830530542e-01,3.748597569968192822e-02,-2.547063498913240340e-02,2.507493233169490465e-01,2.909574902161312093e-01,-1.756590670063988002e-01,-1.403987295324185536e-01,-3.273454621001399834e-01,-2.695759071364654536e-01,-1.297199384170522884e-01,5.845450127313232130e-02,-2.316693425234589432e-01,-1.478958219015154563e-01,6.729261679475870284e-02,1.564973763924815964e-01,-2.324184252799393058e-01,-1.622929536526770689e-01,3.064662719684984604e-01,2.920835281061399114e-01,-3.473211523221593766e-01,-2.811122498103597600e-01,-9.009079033495830113e-02,1.783687765272143344e-01,3.667869364607025395e-01,2.708943400215213515e-01
6.269362593796990422e-03,-1.050273132836470336e-01,2.068012206320541668e-01,3.245311838231406537e-02,2.594409899339019110e-01,4.858166567790335733e-01,2.575046168887366593e-01,4.164465479709535990e-03,4.016736690802825693e-01,1.951315139171271029e-01,4.455915438661378070e-01,-7.472013118468825987e-02,0.000000000000000000e+00,1.771263004870324287e-01,4.854671259069123779e-01,1.477855408692547168e-01,-1.866140565254872236e-02,1.233467142430353519e-01,-3.651348674889583895e-02,-7.479477912853375876e-02,-9.176955907859708772e-02,1.182809523564131056e-02,1.230811399448849125e-01,6.091355087193115608e-02,3.932158464355953176e-01,2.507722083806833702e-01,1.784049390198667873e-01,1.380973967736998098e-01,1.467020541834345160e-01,1.004531949384266862e-02,1.436259122721944836e-01,2.046303812067382377e-01,-2.494307914123686798e-01,-2.482007057056252464e-01,-2.337046532029084800e-01,-2.946526279351279198e-01,-1.778522739031125621e-01,-1.617868515425655018e-01,-1.172942704623155946e-01,-1.212321576188617883e-01,-2.411900245134165899e-01,-2.218112850955601401e-01,-1.330275456870159689e-01,-2.448108741276710798e-01,3.102650647521652538e-01,2.662410734223405462e-01,-2.581966926014577224e-01,-3.767488171094462990e-01,7.669379656735465789e-02,1.998117372251025092e-01,-2.283654247357954636e-01,-1.091973125442044085e-01,-2.146283637781537246e-01,-2.195527596138179827e-01,-2.191471447181196630e-01,-2.803956600431605772e-01,-3.499631483529277304e-02,-5.196304229127109847e-02,8.926725010936645277e-02,8.452661853277163018e-02,2.654059504234543843e-01,-2.181352256797294137e-02,1.477714588838884846e-01,-3.258824624599893083e-02,2.757264119711927159e-03,-6.052861290749332601e-02,-1.122962892689362141e-01,-2.156462462266242330e-01,-1.632847147931295873e-01,-2.921592497049196879e-01,3.110582664135284059e-01,4.833397297635101952e-01,1.729860539056650784e-02,1.311933541235780001e-02,3.136821892892788788e-01,2.745109375419447773e-01,-1.411233276966833983e-01,-1.897386988505477545e-01,-6.496792411056480365e-02,-2.728807334359030501e-02,-3.054759631830262015e-02,4.485330008658849205e-02,6.544767590088995668e-02,5.104105124687009255e-03,-1.401758856030224376e-01,-1.298474303650154760e-01,1.562326582243993844e-01,-1.152617678230122983e-01,1.385519907242181714e-01,-3.578383336794024316e-01,-9.739988793431120229e-02,-1.835502162007899563e-01,-7.595999134489411775e-02,-9.255358864334128910e-02,-2.730696855657698818e-01,-2.669539274303161513e-01,-2.735773998801577234e-01,-2.487837601669000698e-01,-1.076169938120564024e-01,7.018383455416966898e-02,-1.122531347354381037e-01,-8.679411698564373778e-02,-9.463138923775801792e-02,-6.573397498053620835e-02,1.636122756139869183e-01,9.620799422836537329e-02,4.815689251998423598e-02,1.608913531123871421e-01,-3.524545227132859504e-02,-2.340610466809696921e-01,-2.259897993368433500e-01,-7.067417074139781263e-02,-1.503018002803018782e-01,-1.907393383625451411e-01,-2.492903641527317582e-01,1.673104213651428196e-01
