0.000000000000000000e+00,7.151373780591966378e-01,5.643797759403653691e-01,2.510321019399180953e-01,-3.085087761503471082e-01,-2.663961608221007693e-01,4.274678392544983274e-01,7.471896531210413250e-02,-1.401679759099419276e-01,-3.915778353797828015e-01,4.406458167380502555e-01,3.722628557055067122e-01,3.932288949941016298e-01,2.363215646805431058e-01,7.366898265052761186e-02,-1.023202666483978701e-01,5.693164136779273882e-02,3.225205720463786840e-01,6.266300300673344204e-01,5.595514063456527021e-01,-3.290542535013306069e-01,1.558992273451257904e-01,2.073204271069916116e-01,1.947819401952780582e-01,-4.552051513021729279e-01,-2.254002562264121878e-01,-1.465750569634334532e-01,-4.815654626813552497e-01,2.915891136590790245e-01,1.078004094725959483e-01,6.064408207617947438e-02,1.192052582483639767e-01,3.146565461457182522e-01,1.643388595365388449e-01,-8.835960229202780014e-02,-1.635639407148061636e-02,-4.254838980692625672e-01,-3.514200206702220997e-01,-3.609179805140055319e-01,-4.988083963288800216e-01,-1.692105041142635824e-01,-3.568040086322830096e-01,-2.863257370790608380e-01,6.865747573850222718e-02,2.703386684325315703e-01,2.872137223290664454e-01,-5.834348724849577339e-01,-4.092255279574806837e-01,6.454212796209533864e-02,4.040513441900139141e-02,-4.095586103098457220e-02,-1.403944493599246779e-01,-4.207726138317435804e-01,-2.516227401090410654e-01,-3.873266355617318579e-01,-3.731035093486643195e-01,7.607282910080701566e-01,6.168896247137117816e-01,3.891114575739821335e-01,3.823832697464948915e-01,5.546762648983335486e-01,3.771584997887560409e-01,2.102103215936559633e-01,3.245815429201868163e-01,2.884663917373719161e-02,-3.123319263275453617e-02,1.537115049388803889e-01,1.137912992651533839e-01,5.695843372762178225e-01,2.177660474637138632e-01,3.682696545792353282e-01,3.804283310992940259e-01,3.667820704241672169e-01,3.561502361827157959e-01,1.587630419960780748e-01,3.855735844087664344e-01,2.903796575875217667e-01,2.192376446851456162e-01,-1.911251735237165517e-01,9.712236391774166019e-03,-8.746900330782052257e-02,1.049504764725018267e-02,-1.648027885073372750e-02,-2.039381332833584137e-01,-4.126969075832160327e-01,-4.067658625301974751e-01,3.025899806659676505e-02,9.968491417261005072e-02,-2.377335329426820687e-01,-4.603275780233700432e-01,9.664183329792304378e-02,-4.427215983159307061e-02,3.523593368796855696e-01,-4.769162775526318565e-02,-1.806794528495977714e-01,-5.146555427211965683e-02,-1.742860550818008114e-01,-1.551043241668816630e-01,1.113862827501410357e-01,3.413703704988774179e-01,3.640545229939162741e-01,-3.308368588515139125e-02,1.895861714412092613e-01,-5.845031573784522511e-02,-5.485480255651147274e-01,-2.126796619025718149e-01,9.047886188491442716e-02,-1.447772208844032016e-01,-2.257752029594157495e-01,7.065738038676541710e-02,-2.308711093920926549e-01,-1.434286844956652041e-01,-2.830828524342555164e-01,-1.407673118434384918e-01,-3.186806265238052993e-01,-1.818979268777553282e-01
7.151373780591966378e-01,0.000000000000000000e+00,2.651928776268870358e-01,-3.437503078794438421e-02,-2.974271983839136824e-01,-3.480068466085864953e-01,1.215491951163992779e-01,-1.350130996941451278e-01,-7.798587441017310051e-02,-5.317122318745132192e-01,5.717853145791731984e-02,2.150883063604259182e-01,6.678397905985930527e-02,1.301850742514024384e-01,-1.344316614167273549e-01,-1.888349948330151906e-01,4.448167509631335836e-02,4.301543257085974625e-01,4.706461412694911695e-01,5.505470622833286143e-01,-2.300400912375703266e-01,2.773984409029443543e-01,-6.608981089277640719e-02,-2.257914306021677198e-02,-3.971532789573693489e-01,-6.344127621418460539e-02,-1.163450210756674236e-01,-5.824556789370625154e-01,1.077176674182461352e-01,8.765584386785378601e-02,-6.061669007369507173e-02,-2.349157194339805410e-01,2.709732659384295195e-01,1.947687826701847702e-01,-5.476396182425369991e-02,9.686689724073314911e-02,-3.335018469727756285e-01,-1.190677823541875652e-01,-2.550723534606954002e-01,-4.854044262670244025e-01,-2.746372862795356529e-01,-4.288948742411160531e-01,-6.337106727325697575e-02,2.973213725553728107e-02,4.237436524787219216e-01,3.531957682712502655e-01,-3.860372954543833668e-01,-2.695470526140769651e-01,2.892812139099330548e-01,2.705231187558387318e-01,3.314182356839092680e-01,2.051137992131181753e-01,-1.492258714460118485e-01,-1.150000515700507972e-02,4.925949519742804650e-02,-6.202687352050840347e-02,8.930258805378408216e-01,8.765723232161877210e-01,3.245715631716802330e-01,3.385898388634807077e-01,4.618470981882592530e-01,3.499484349510487147e-01,2.080028850461307643e-01,4.216342930461456362e-01,-1.808878856249766520e-01,-1.760536013433329494e-01,1.361679145645670053e-01,2.492725210539628242e-02,7.125080642611985038e-01,2.966689462228059848e-01,1.647418813460444220e-01,1.393888445256475650e-01,-7.643696443951186748e-02,-2.466026441895472626e-02,1.564416506700964590e-02,1.291623597121644706e-01,1.755841148094783588e-01,3.080204365075830258e-02,9.577397923683787090e-03,-7.115581023011806339e-02,2.182886489497048721e-01,2.032383366133090064e-01,-1.695461443740732196e-02,-3.339560709062378563e-01,-1.628155393431556242e-01,-2.789217110257393162e-01,-1.672203492753559784e-01,-2.249588098926669222e-01,4.885165197397705467e-02,-3.715966002003268098e-01,2.280480105260012103e-01,-9.179166475695450800e-03,2.711092587646947161e-01,5.550220776117911065e-03,-1.715429166838459973e-01,-4.033276725646554872e-02,6.475820731181813894e-02,4.786277857307343064e-02,5.638303145760309443e-01,3.136592387272009730e-01,2.065686505591933231e-01,-1.259145414310965660e-01,-1.734524256244879617e-02,-8.278056653356699601e-02,-4.190118180583217722e-01,-9.178095410824319011e-02,4.550521081399777623e-02,-3.967929100770636874e-01,-2.332450729785224275e-01,2.311059152296670305e-01,2.166128623989306556e-01,2.302243182941716704e-01,1.569506576297856684e-02,2.779867722560354637e-01,-1.772615517163417254e-01,-7.646787285506853778e-03
5.643797759403653691e-01,2.651928776268870358e-01,0.000000000000000000e+00,5.312233852096458486e-01,-3.462726203424334459e-01,-1.090017910131148571e-01,7.693785254340435031e-01,3.006370125064360965e-01,-1.187148216853911933e-02,-3.558937895380572258e-01,3.123783617704946614e-01,1.109302122128449364e-01,4.511414168911125899e-01,1.526443261772160720e-01,3.723190517761914425e-02,-6.115924504258796884e-02,-3.006961684732206153e-01,-1.076671740831499080e-01,4.825130926534657583e-01,2.161528268557461052e-01,-3.512412211171939136e-01,2.222322676447840151e-01,7.010201913061276935e-01,4.717074675809806994e-01,-2.561426590647297163e-01,-2.069689432402822826e-01,-3.073428938736827432e-01,-3.519332264031056479e-01,9.195469340869136254e-03,-1.892953848152243712e-01,-8.723910955214986274e-02,-9.092811760216520933e-02,3.743024071314677292e-01,1.521381268162871891e-01,1.671696186715500576e-01,9.912384297099595398e-02,-3.932718917513687851e-01,-5.528181043153168606e-01,-2.471803663733536105e-01,-3.499977644915995834e-01,-1.127134604482927099e-01,-2.939988681126601833e-01,-3.184578420404601817e-01,-2.895781172607578280e-01,1.978590782717691565e-01,1.053724643299922686e-01,-4.703546699761661509e-01,-4.182220133093954573e-01,-1.572480554230811789e-01,-9.524618808673263048e-02,-1.764931948459243782e-01,-1.917476798208140876e-01,-2.278881221370000765e-01,-9.742983851827954900e-02,-3.522753285295393000e-01,-1.394614458278917724e-01,3.358112311313462550e-01,3.246570476787299930e-01,2.488276367414834211e-01,2.146429012623161936e-01,4.728469861161566090e-01,3.217757378016847802e-01,-1.746912963253893954e-03,1.199955812293866247e-01,2.232683362084057488e-01,8.174669473466164571e-02,2.087942964294364490e-01,1.273034936828857377e-01,2.015055141801487260e-01,-9.907438410884716884e-02,1.725841439478198736e-01,2.568204641633922147e-01,3.430382970044909552e-01,1.774592928263280522e-01,3.259546482996457384e-02,2.353278205086751229e-01,-4.179159648236628437e-03,-1.053835417236126393e-01,-4.158805071711864643e-01,-2.595631218775737437e-01,-3.093076883311357550e-01,-3.774419085983584110e-01,3.617176050970551116e-02,-1.996088652566176125e-01,-3.952391393524439245e-01,-3.383366310840224545e-01,-2.515063390229382856e-02,1.577118206972891179e-01,-1.137765044364329597e-01,-9.671745415874367924e-02,1.955343797544754902e-01,1.190684245563235211e-01,2.900958519322536788e-01,1.372708834868163474e-01,-1.171141743180744710e-01,-3.146481129205586091e-01,-3.490321532466769683e-01,-4.203347306519389925e-01,-2.514848553061080905e-01,9.401643085738063677e-02,2.976853444464881426e-01,2.301298912346401715e-01,1.278825818913431056e-01,-1.948189186571635742e-02,-1.400583189496416858e-01,7.773140543099336941e-02,4.542131254928571775e-03,1.138902422407507553e-01,-1.758506161924869304e-01,8.113671463735891085e-03,-3.467761138529998344e-01,-2.259888858578219806e-01,-1.078628999625643736e-01,-3.549964432269518411e-01,-2.099967290077100757e-01,-1.816034709370799027e-01
2.510321019399180953e-01,-3.437503078794438421e-02,5.312233852096458486e-01,0.000000000000000000e+00,2.867321567655067849e-01,-4.417735419255881812e-02,4.342354022446905382e-01,4.829423522029957505e-01,-5.930306247936640608e-03,-8.959720808275282999e-02,1.307652603882765441e-01,1.811744384482303072e-01,3.015198863174298749e-01,2.312069765957041334e-01,4.633841228849308602e-01,3.488572569155399261e-01,-4.884878972458864266e-01,6.603351035313526074e-02,2.545248464361465901e-01,3.228454474383785633e-01,-7.755614031319454926e-02,3.793685108078110879e-01,6.121827929052012784e-01,7.913404988697264608e-01,-1.337073235165183172e-01,-1.409496764403356528e-01,-1.654129469571295197e-01,-3.630567307208710792e-01,-2.269909718967342005e-01,-1.158277524167307670e-01,6.988154085274786431e-02,2.107174046215651853e-01,2.146104179897452002e-01,1.699623732435688317e-01,1.034977997845970277e-01,1.096652202017477651e-01,-5.485410853760691596e-01,-5.450460021163905378e-01,-1.119534848413970968e-01,-4.905303870968313884e-01,1.053157468066685531e-01,-1.818707978636761313e-01,-4.846720415885941713e-01,-3.526911831953265519e-01,2.667900235066231751e-01,-1.979657461477003499e-01,-5.520452721417936637e-01,-6.115976231780130279e-01,-2.532107502676558264e-01,-5.056770330215631937e-01,-6.121377561369529818e-01,-5.698724805505769320e-01,-4.828564380359455233e-01,-5.631336265918609474e-01,-5.366920362830088775e-01,-5.730372328088810807e-01,3.280752678030109809e-02,-5.390410714319326946e-02,5.220705975860144843e-01,6.734128327090269650e-01,2.465246556219695129e-01,4.219229375013489602e-01,-3.739605101429023526e-02,-1.407501163054517695e-02,2.474971634437904411e-01,4.585851281396363111e-01,5.164533265052348998e-01,5.817060372993885231e-01,4.852671135205419845e-02,3.069039167863589837e-02,4.990540674137355914e-01,5.254014003681641842e-01,3.992427650446901954e-01,2.425411915331879831e-01,4.045762952800601719e-01,3.713300065716678700e-01,8.528056888170180982e-02,1.297922045032802174e-01,-5.801086557557102452e-01,-3.850567542893599815e-01,-4.752574223553499011e-01,-5.795504235463861953e-01,3.663932286925339343e-01,-1.309899100851033282e-01,-5.009925851549046349e-01,-4.557750555126349745e-01,6.395128295547901631e-01,6.017319005012349287e-01,-2.812039559693886859e-01,-3.750075457474481011e-01,1.781893879432046579e-01,-3.511502677137526840e-01,3.207997031279576361e-01,-3.167841903367465961e-01,-2.303795409409426231e-01,-2.244353154345917478e-01,-3.324557071040712408e-01,-3.637730561582291355e-01,-4.113678827396342608e-01,-2.527798154889200899e-01,6.099152247448506037e-01,-1.618709374022498093e-01,5.948427304225407664e-01,4.578724477327810738e-01,-4.155285641837139915e-02,-3.613493756878164570e-02,5.174120691901816782e-01,3.396065135305332827e-01,-3.104542705860264817e-01,-5.393410825222570704e-02,-3.103368562066239900e-01,-4.440568618283552982e-01,-5.610254268647126841e-01,-5.816880348792767830e-01,-4.332629564683960766e-01,1.026762885225979416e-01
-3.085087761503471082e-01,-2.974271983839136824e-01,-3.462726203424334459e-01,2.867321567655067849e-01,0.000000000000000000e+00,5.123489364086839665e-02,-2.857619519427069821e-01,3.675515805558594168e-02,4.788276820468161388e-01,2.882868472999716158e-01,-3.610652851540033237e-01,-2.164330345133194111e-01,-2.283539775467618715e-01,4.593244130298992228e-02,5.602829598487047980e-01,4.625375087438129973e-01,-3.125627984381620927e-01,-1.724445320367533618e-01,-3.856705211098791497e-01,-2.309618655542381160e-01,5.714615409982262140e-01,1.834367246377930916e-01,-7.271309760311843451e-02,1.901214510581526740e-01,3.202148954316825780e-01,1.869691199778987234e-01,3.243436181224630954e-01,4.123088274247438401e-02,-2.970416945641190520e-01,-1.183012065996116025e-01,1.112264868567760384e-01,1.987548898487957461e-01,-3.521115665740119360e-01,-2.871294212089458564e-01,5.365921679436946867e-02,-8.624042653223722155e-02,-3.329767065871513942e-02,3.318423941321162109e-03,3.060829864729141536e-01,1.364933205304798003e-01,4.526159890641018313e-01,4.428938487239416077e-01,-1.152173744907192404e-01,-5.702342926318065830e-02,7.997114760760784535e-02,-3.808310655952387713e-01,-7.459038403776416248e-03,-1.310538152228633291e-01,-1.494586739074792864e-02,-2.789523672109672781e-01,-1.656477459465548474e-01,-1.673412617903299870e-01,-1.339350995847808090e-01,-3.510837422277090503e-01,8.911644629617299085e-03,-3.638558724846072678e-01,-3.615097740062875875e-01,-3.511266945236131698e-01,2.129411891962705583e-01,3.448975113560295847e-01,-3.138637437195369584e-01,-1.510254720029557685e-01,-3.245950402566742388e-01,-3.164319119273325542e-01,9.039661217315290986e-02,1.931238900437790007e-01,3.619982732266617265e-01,3.152345500307613957e-01,-5.752366267298660019e-02,3.195592263999817439e-01,1.811050836798801245e-01,2.266753104829782040e-01,1.090274536349296330e-02,-1.114917214835743769e-01,2.431775010912275992e-01,-1.923722237506494126e-01,-1.959954565408289773e-01,1.025119754806414207e-01,-1.904677358095806516e-01,-1.304436202491465191e-01,-1.424403921264613682e-01,-2.353857357355447488e-01,3.166085948663075467e-01,3.311485431368308419e-01,1.085530552946018384e-01,-1.067691345451753232e-01,5.354051518110332086e-01,3.341891659812013526e-01,2.507437910741645848e-02,-2.458179913597693389e-01,1.189153889258921931e-01,-1.818547705695247874e-01,8.026448251360446262e-02,-1.782447937021857942e-01,4.514434334786587150e-02,2.667364360120211830e-01,1.819572860727838026e-01,2.444983403944296918e-01,-1.814768992740004860e-01,-1.874242502839524871e-01,1.897586828963586658e-01,-2.205723639515420054e-01,3.411315764799619510e-01,2.383433160807083839e-01,-8.794252385967642194e-02,-3.021523098138550467e-01,3.982037467927696528e-01,1.662609157163810192e-01,8.624574204792640614e-03,-2.113746925054815762e-01,-6.616024461049600791e-02,-1.925721967819949976e-01,-2.257420508245952806e-01,-1.000209492581052295e-01,-4.644828404949404715e-02,6.135072891392334693e-02
-2.663961608221007693e-01,-3.480068466085864953e-01,-1.090017910131148571e-01,-4.417735419255881812e-02,5.123489364086839665e-02,0.000000000000000000e+00,-2.545589579255180465e-02,5.622513724989344763e-02,1.194941193213804459e-01,5.432624932629294134e-01,5.538796573464237899e-02,-1.432156311039094743e-01,8.472559065069365514e-02,-1.372510695737647057e-01,-7.466293140646958204e-02,-2.994115720063233316e-02,-2.875042109683125652e-02,-1.187937444464687853e-01,-1.090929589921412479e-01,-7.291073965325485474e-04,2.000361105713301373e-03,-2.406713954035764186e-02,-2.116302288419539268e-01,-7.820507431604555026e-02,2.629249723893258284e-01,2.570808461387062427e-01,-1.342930728873927282e-01,1.031114763735163781e-01,8.019001544770647250e-02,-2.843597577785922717e-02,2.889059964807358036e-02,4.307601885554874360e-02,-1.306868547252760804e-01,-5.521864731144276311e-02,3.140843510761051616e-01,1.725342792409174653e-01,1.639253870815944591e-01,-3.373688703143533363e-02,1.544498626532843366e-01,1.326187172215069765e-01,4.788012896119363954e-02,1.433189152298982028e-01,8.116081789479483166e-02,4.460655468218580749e-02,3.563066188148121538e-02,-6.370513409399007274e-03,8.206079152482206873e-02,1.460298625738848388e-01,1.083207746998786497e-01,4.037771546019215674e-02,-1.680169022898073961e-01,9.372977816965193110e-02,-1.322147664001318765e-02,-8.258677399833732821e-03,3.580678094020120494e-02,-2.444761018630792898e-02,-2.799273261269601409e-01,-2.410938629076849193e-01,-6.428751628409075380e-02,-8.457206732969471674e-02,-4.619913540227658239e-02,-7.990460218961430161e-02,2.573951674263399436e-01,1.795211180799619333e-01,-1.875719358475521487e-02,3.611239878355439886e-02,7.384182588621800158e-02,1.281352896882679282e-01,-2.153429233765439543e-01,-1.624905438290992765e-01,4.149034921751069971e-02,5.640335988661734912e-02,-1.497859617200314186e-01,6.698372080010817076e-02,-1.719251551655507360e-01,1.988896435686295372e-01,-1.584782899844057458e-01,-1.749559051536859200e-01,1.978561850483828363e-02,-9.725400355566049537e-02,1.142260828987730903e-01,-1.030647250474981680e-01,1.336895127452981114e-01,1.848561691865967804e-01,1.212135045645121867e-01,2.479381455786329180e-01,7.436960559057713416e-02,1.421109719356567214e-01,1.618102144736760784e-01,1.516110785802431415e-01,-3.346044080919208796e-01,-2.716384362760758120e-01,-2.315703803701248675e-01,-2.573704988377710223e-01,1.091796640917119254e-01,2.729491128532984812e-01,-3.297289974788558675e-02,-6.325362154518761326e-02,1.217523683014419197e-02,-2.612481053450587121e-01,-1.379060628206972838e-01,-8.714832585595033015e-03,3.023232648845280632e-02,1.077587700673000859e-01,3.504306304493530477e-02,-3.709874011044089065e-02,-6.300608246312001948e-02,-1.397434710551214154e-01,1.317925390799420393e-01,1.068495710738248811e-01,1.285109012723884281e-01,5.286053935752777627e-02,-2.702549940192292346e-02,1.166523282882974827e-01,8.500020332590828287e-02,-3.549876988678805911e-02
4.274678392544983274e-01,1.215491951163992779e-01,7.693785254340435031e-01,4.342354022446905382e-01,-2.857619519427069821e-01,-2.545589579255180465e-02,0.000000000000000000e+00,5.598224970971986680e-01,8.894431465364682765e-02,-2.729322158024937717e-01,4.952532526033955329e-01,1.760925165315646856e-01,6.696620897731692112e-01,1.163827053237915105e-01,5.201439495455738998e-02,-1.296723099872275908e-01,-2.679617415404935699e-01,-2.071404037603202797e-01,2.318572074123802229e-01,8.221221050424531995e-02,-2.669631007139915413e-01,1.367484178795994876e-01,5.614695943036968062e-01,3.242638662723253962e-01,-2.140069877180239000e-01,-2.940347580367926317e-01,-2.058460197531657987e-01,-2.272373979039892800e-01,4.160903639131084686e-02,-2.382052685333135300e-01,-5.701087111288479642e-02,-5.383144293343822967e-02,2.454249565648046194e-01,5.525522930275261063e-02,-5.033834236807194912e-02,-1.962290964249076008e-01,-3.023911537896477597e-01,-4.619779078517939341e-01,-2.401031608869280132e-01,-2.197250091594240562e-01,-1.606763435089968717e-01,-2.107968007904112706e-01,-3.004574689596206660e-01,-3.649388914995296829e-01,1.703934997313504840e-01,6.561167996653406720e-02,-3.135416689739456975e-01,-3.343457102889444976e-01,-4.805129328181976384e-02,-2.711701008847318753e-02,-1.425895980194046009e-01,-1.136155832222448675e-01,-1.684946793298808809e-01,-1.376863772744786885e-01,-3.215512277151938991e-01,-1.336197973114478799e-01,1.785738051308916052e-01,1.723421377397758858e-01,2.239011032332164364e-01,2.459607213366241107e-02,4.840001340335401414e-01,2.719754219653544580e-01,-5.524361110049221674e-02,9.182396927057689950e-02,1.860398061256438862e-01,7.194235797575701530e-02,7.891901693870229106e-02,1.508168958566601797e-02,1.839663029252640650e-02,-2.549971957018085100e-01,9.518678333453052531e-02,2.072953878319959697e-01,2.779668628103627026e-01,6.884578605374586102e-02,7.379010177068370466e-03,1.645615452168346926e-01,-6.683175509059573194e-02,-1.349360245727412866e-01,-4.279690250986308842e-01,-3.255039161332691222e-01,-2.949155190252439329e-01,-4.438469960585820773e-01,9.862205294683984436e-02,-7.315839196023413149e-02,-2.818078597366250326e-01,-3.273351903751898773e-01,6.889051448739639399e-03,1.157627023973038238e-01,-1.376260334391060380e-01,-9.870644521660586201e-02,2.561080024594741267e-01,2.263998939095304141e-01,3.527246008242070907e-01,2.686709259160116048e-01,-1.157656143002543520e-01,-2.945953727572614977e-01,-3.943593840566376740e-01,-4.357305029498412807e-01,-2.263713527318126639e-01,1.708485521962680442e-01,2.589738143120783875e-01,3.725342233840844841e-01,-2.710948499680732385e-02,-1.838265834827084444e-01,-9.105763411775935623e-02,1.441246520464998029e-02,-9.192247336162800986e-02,-3.198770555400007320e-02,-1.366021967697623740e-01,-7.446752466005659987e-02,-4.698035258305187090e-01,-2.421436816544615123e-01,-6.487763123992758285e-02,-4.118204116093860945e-01,-1.488240239787231300e-01,-2.875745997041391222e-01
7.471896531210413250e-02,-1.350130996941451278e-01,3.006370125064360965e-01,4.829423522029957505e-01,3.675515805558594168e-02,5.622513724989344763e-02,5.598224970971986680e-01,0.000000000000000000e+00,-8.694045656636750774e-02,2.175558197731876919e-01,3.036264276045405608e-01,3.515649882944522631e-01,4.016254853636470057e-01,3.282433349423677371e-01,8.128366028130731835e-02,1.421317275781577849e-01,-2.120836220423541474e-01,-1.441838371698897503e-01,7.989680632749561820e-03,9.197534744556178088e-02,-2.683550295609103409e-01,8.704971499068400731e-02,2.883878291674956129e-01,3.129267997462334416e-01,-4.643919105080803605e-02,-2.191167129622838272e-01,-1.318450465435945518e-01,-1.309876931810010914e-01,-3.246146191436745376e-02,-1.806536667423579434e-01,-1.299091872034498774e-01,-2.853908911979023688e-02,9.148448164669548133e-02,8.212708696680225129e-02,2.774268449013843124e-04,-1.158261844874600571e-01,-3.669918507416384257e-01,-3.175988922575948559e-01,-2.815435613011815219e-01,-3.033501143409472744e-01,-7.977705111450990316e-02,-2.366217553660941997e-01,-1.308836566890184960e-01,-1.975636368948920640e-01,2.040566963562046032e-01,-1.466135291693960313e-02,-2.474453842538073545e-01,-3.923373728657087445e-01,-2.561986591935577762e-02,-1.141688215255508426e-01,-1.877851631635155116e-01,-1.474656302375423056e-01,-2.002327998752237714e-01,-2.190724601505781299e-01,-3.026939428109810537e-01,-3.292254467260438133e-01,-1.227650591368599498e-01,-1.209892211804347445e-01,3.648682510613724950e-01,9.848115310284684398e-02,3.434685065535535431e-01,4.662290704068842717e-01,-6.413133522148616039e-02,1.694703128965518446e-01,-4.447827344318511233e-02,2.081019897185659995e-01,7.139394260425550864e-02,1.555740144975952255e-01,-7.268676546268086625e-02,-1.182011381539916084e-01,1.415993595623602497e-01,3.073722673079403722e-01,2.422781022604815759e-01,2.430670936577623842e-01,4.822994740968489409e-03,3.128499321976989100e-01,3.070788483596450028e-02,7.697900416615280350e-02,-2.769669952995627571e-01,-3.124066721002429770e-01,-2.747301626389388463e-01,-2.962236574140457712e-01,5.977477137094389797e-02,-4.629311827282010794e-02,-1.448101085488077699e-01,-1.183778156860379321e-01,2.226697939448988306e-01,2.180548050204413335e-01,-2.553170608987850865e-01,-7.774314307491841936e-02,1.897809654801150409e-02,-5.068007915961982718e-02,7.891612747223743229e-02,-1.424988825947394629e-02,-2.016653668845594105e-01,-2.637624649753170791e-01,-4.416514086538277928e-01,-3.876012194408411937e-01,-2.002905287606892293e-01,-7.706180942374209197e-02,1.341941253176790749e-01,2.792800216769587007e-01,-7.570358117438683032e-02,1.635139013620196674e-02,-1.417022567549515166e-01,-1.539547217264892187e-01,4.280801095209382789e-02,1.059011248724877063e-01,-2.906621515135214551e-02,9.959071594936037830e-02,-3.247512003625502297e-01,-2.727777450945824689e-01,-1.858412143750180212e-01,-3.730814977472777239e-01,-2.067921353908678539e-01,-2.030165319803376722e-01
-1.401679759099419276e-01,-7.798587441017310051e-02,-1.187148216853911933e-02,-5.930306247936640608e-03,4.788276820468161388e-01,1.194941193213804459e-01,8.894431465364682765e-02,-8.694045656636750774e-02,0.000000000000000000e+00,1.930811743799003000e-01,-1.857431000176044678e-01,-1.294386518918637097e-01,8.797621216266647559e-02,1.600972163023858070e-03,2.928456426788806910e-01,9.033089239171025742e-02,-4.139469764268682295e-01,-3.475220614449644474e-01,-1.588466831906942545e-01,-3.139275825106247475e-01,3.784163727845683001e-01,-9.991386117577048809e-02,-4.030015456134548174e-02,-1.653668550561707695e-01,3.104439332209875668e-01,2.841424592511898606e-01,4.086563634147075130e-02,2.531072884415461188e-02,-3.522624162222427469e-01,-3.661032712949237045e-01,-5.729365513434471480e-02,-9.899916534988850714e-02,-2.551300535085887500e-01,-2.777583468919146981e-01,1.505235260824754895e-01,-2.088031263778342139e-02,1.765131824651948733e-01,7.036626010208502091e-02,3.418971970183888320e-01,2.553371632244290645e-01,1.225306462923254347e-01,3.810008968861439138e-01,-1.347630543926338076e-01,-3.244729270270680921e-01,3.017693032125013525e-02,-1.530184717506746783e-01,3.140655996898258223e-02,-9.332910240442031380e-02,-7.010422972667110231e-02,-2.092208942192162312e-03,1.378786616982580482e-01,1.396484231285193833e-01,1.648909703076802125e-01,7.482329874970309116e-03,3.009427161542141405e-01,-2.226778206919766481e-02,-2.001908055287862642e-01,-7.078352287256287068e-02,-5.425073793199363531e-02,-1.054605563487232694e-01,1.735529287910499152e-02,-1.638357574033331709e-01,-4.315409459465487929e-01,-2.637454437977194699e-01,3.818195061618401276e-01,1.989623446331980905e-01,8.386555280621098285e-02,5.194451815211837548e-02,-3.025290314828237188e-03,8.066047760310568471e-02,-1.126351916715529478e-01,-1.630958906176874501e-01,-2.333045557963915329e-01,-2.534202625276890664e-01,-8.283761574212500367e-02,-4.407916822916922439e-01,-2.952667122595923899e-01,-2.953303756759673160e-01,-2.485509882210186205e-01,-2.270058627235472803e-01,-3.941969341799881482e-02,-2.040102523817987068e-01,9.065489315979956275e-02,2.324988409732084427e-01,3.792185054878030037e-01,3.159341801548565948e-02,6.752962897531940636e-03,3.605301548352483204e-03,3.508171030331004303e-01,8.647902779085715752e-02,4.576633418896181027e-02,1.094880378431989654e-01,9.524153907054227347e-04,1.734940331341143505e-01,1.252368102816021622e-01,1.176007451849653690e-01,1.431069111444083497e-01,1.659978642875234167e-01,-2.323832978214852019e-01,-9.727138030980048145e-02,-1.051310428665494928e-01,9.181609135203368244e-02,-8.190114884698800057e-02,-2.479670763083166307e-01,6.245906011738833197e-02,-1.271680452792318672e-01,-1.765151624489713911e-01,-2.386783294199475713e-01,3.132937781332847255e-02,-8.683911305275486547e-02,-1.298246256566805423e-01,4.813494433986021531e-02,1.777360908053390309e-01,6.679033272203889482e-02,1.395182398507447685e-01,-1.207353180900057471e-01
-3.915778353797828015e-01,-5.317122318745132192e-01,-3.558937895380572258e-01,-8.959720808275282999e-02,2.882868472999716158e-01,5.432624932629294134e-01,-2.729322158024937717e-01,2.175558197731876919e-01,1.930811743799003000e-01,0.000000000000000000e+00,-7.726714624797672128e-04,8.768674933252475212e-02,5.635497011003123835e-02,2.349083709567182932e-01,1.859376611328859841e-01,3.250585511009412842e-01,3.800019677999039169e-02,-2.103802130887265642e-01,-2.036759401020672711e-01,-1.867630305130106028e-01,1.454874088111411667e-02,-2.366876056441533926e-01,-3.071755145272059284e-01,-1.688346300918306953e-01,4.057939522341175720e-01,3.109559560266926814e-01,2.691926794525532213e-02,2.475997616581779026e-01,1.728347816969692460e-02,7.656462113481306286e-02,-2.931544781164488120e-02,1.262215497051935864e-01,-3.555792176393778870e-01,-2.341873829179958455e-01,4.016823368250525828e-02,5.495135694567335020e-03,1.297248776010578863e-01,-5.303541077432782913e-02,1.730151890735520115e-01,3.022286403969349777e-01,1.079304827420770746e-01,2.458322407312716340e-01,1.005235833357933789e-01,1.753927009347507338e-01,-1.912135523656199598e-01,-2.325675952727445650e-01,1.307684361510114135e-01,9.706314886314106050e-03,-1.288347401614162169e-01,-1.926563548565918271e-01,-8.789788042963637971e-02,-5.666359901215290568e-02,4.565000693198548870e-02,-2.083532818097901668e-02,3.603742477211499540e-02,-1.696460835479185192e-01,-5.662228295085587337e-01,-5.036881524915484132e-01,-8.985898582899946863e-02,-1.848373523536088192e-01,-2.288979781838465233e-01,-7.886138575296204600e-02,-1.482692357402649042e-01,-1.895681969283834201e-01,-3.990785919436164869e-02,1.571746041755911483e-01,-1.324789945159955962e-01,2.602358539120260342e-02,-3.314177033762247260e-01,-5.008234179627209237e-02,-8.842815876436141420e-02,-5.604058753238989887e-02,-5.591264781842887610e-02,2.413909060619549574e-01,-1.018710286422871841e-01,3.521978553597764766e-02,-8.951284548765155169e-02,-2.514142363851730455e-02,1.222455275813232461e-01,7.848250721931319951e-02,3.040145908280263154e-02,1.199360347017423140e-01,1.162797783195347601e-01,4.278329420328699229e-01,3.052896967673580653e-01,2.830469663803624747e-01,1.482086874571613144e-01,2.408392210791347465e-01,4.474184051980632792e-02,1.283409913780924339e-01,-3.531652005732291433e-01,-1.537673724616868132e-01,-2.932713571622270199e-01,-1.303830174206489501e-01,4.082037137371889723e-02,1.217613732289393735e-01,1.705357305849796931e-02,9.422583358052846747e-02,-3.485220278546067862e-01,-3.043618736553080351e-01,-2.577059308120043246e-01,3.895418944944365608e-02,-5.956581645570568212e-02,-4.596617930930382151e-02,1.328321972752835936e-02,-1.094794821165633453e-01,-6.776326909094620814e-03,3.918056387653398587e-02,1.361746838002600157e-01,-1.202665921430010748e-01,-1.347294645552180870e-01,-2.108661151896619734e-01,-1.101257023971506099e-01,-4.384178248329078514e-02,5.188647912770723986e-02,-1.038136691209002455e-02
4.406458167380502555e-01,5.717853145791731984e-02,3.123783617704946614e-01,1.307652603882765441e-01,-3.610652851540033237e-01,5.538796573464237899e-02,4.952532526033955329e-01,3.036264276045405608e-01,-1.857431000176044678e-01,-7.726714624797672128e-04,0.000000000000000000e+00,5.687880084908530920e-01,7.042343559614580029e-01,4.355623662765798487e-01,1.646057261530441407e-01,8.491277183957160468e-02,3.661593890535568829e-01,2.423342117799122952e-01,3.544830946450027165e-01,3.070349129819315848e-01,-3.097723105944443223e-01,-3.736570495046147578e-01,3.558683365642906216e-01,1.953468258199226038e-01,-1.514178263805131819e-01,-1.514553578020121360e-01,-2.958880031559662505e-01,-1.248607678525720001e-02,2.707265055593857661e-01,2.328748055343586587e-01,3.718724397335036458e-01,5.079722194550320147e-01,3.322411765087751601e-01,2.232869046228108667e-01,-1.791862570419272271e-01,-1.890484753567534537e-01,-7.241373397999611994e-02,-1.903187349724873856e-01,-2.324403854680739123e-01,-1.598805066359452326e-02,-2.003628154894223634e-01,-3.947185723746446384e-02,-1.723011135409389383e-01,2.110500376040814474e-01,-1.536066675411927041e-01,2.690781694376077060e-01,-3.075518263170895494e-01,-1.290003865683830853e-01,1.301550886088315151e-01,1.594139053720931010e-01,-1.357979081388263065e-01,-1.413172473859657108e-01,-3.843363990948041597e-01,-2.949187064525857771e-01,-4.561670633838585398e-01,-2.473658704224856453e-01,8.826065013541961601e-02,1.238422664541643375e-03,-1.784457835693077643e-02,-8.767856744428570437e-02,1.842155528046519608e-01,2.674425922389426710e-02,3.364115039403077767e-01,2.214342586766225307e-01,2.126789156495178246e-01,5.880993078321516271e-02,-1.811257371602307820e-01,-1.166468112219144898e-01,-1.136275778377699441e-01,-2.421636624031288099e-01,1.267614037217895395e-01,2.614483028833518574e-01,3.639208637478371644e-01,4.812767726703920390e-01,2.330525886445326822e-01,3.045670920540989868e-01,4.042537100228740798e-01,3.186103281816333177e-01,-1.007984093554882415e-01,3.533604521833575429e-01,-8.766886056596392973e-02,1.627798073115417909e-01,-1.066453322036612639e-01,4.564184725811017140e-02,-2.575257776246698271e-01,-3.508288743457956688e-02,7.034123271635463193e-02,2.057229370287385339e-01,-4.131361717677053402e-01,-2.381538787616903630e-01,-2.278424886573848784e-01,-1.825371936285651586e-01,7.152842557862677808e-02,-1.497814739751213986e-01,-1.147342771939489497e-01,-2.481244597342215641e-01,-3.583295117990005774e-01,-4.385822546554761781e-01,-2.091515206934586590e-01,1.453021780196933621e-01,1.301575686803499998e-01,1.275229555893400979e-01,9.111567531104168560e-02,-9.370115883659586864e-02,-2.133988789521416296e-01,-3.082265977626845177e-01,-1.855430260976151380e-01,-1.871110659604341697e-01,-3.329636938350599706e-02,-1.491843667123770312e-01,-4.441815764977841141e-01,-1.656537296874430465e-01,-3.210371996806448136e-01,-3.522270520564910190e-01,-1.073488293586386810e-01,-3.852471173271174720e-01
3.722628557055067122e-01,2.150883063604259182e-01,1.109302122128449364e-01,1.811744384482303072e-01,-2.164330345133194111e-01,-1.432156311039094743e-01,1.760925165315646856e-01,3.515649882944522631e-01,-1.294386518918637097e-01,8.768674933252475212e-02,5.687880084908530920e-01,0.000000000000000000e+00,3.717741627457808451e-01,5.487534849809104776e-01,3.791373193336529390e-02,1.136015282251797570e-01,2.108308167486500073e-01,4.523556887899621848e-01,3.309403366334419117e-01,3.231448913791796218e-01,-2.869123579070322894e-01,-1.945547763256403329e-01,1.516723018866521222e-01,5.977364020032711195e-02,-6.809948311208723071e-02,1.230098316397879726e-01,-1.621762162967766152e-01,-8.764651580803975439e-02,-4.869896725370527826e-03,2.420863736510369679e-01,4.230251354442262079e-01,3.957772533867172648e-01,2.602794084016024079e-01,2.382805494227664966e-01,-2.303817876701075018e-01,7.275765917525436888e-02,-2.552009710553715949e-01,-3.089382394839370813e-02,-3.774490994038762759e-01,-2.764337926783732580e-01,-2.698232709671797847e-01,-2.735131412081162616e-01,-1.488833489742968919e-01,2.732077776550945747e-01,-1.847557462087987268e-01,4.420125567396543942e-01,-3.233853126703801761e-01,-2.463550343922456809e-01,1.270603189941242883e-01,1.539293525052411182e-01,-4.497642301931126241e-02,-1.373281192139220175e-01,-2.971903616922216274e-01,-1.829562242711022524e-01,-2.850846406739356298e-01,-2.909390769758815609e-01,1.533006587703320545e-01,1.704165394635114572e-01,4.534440418243382981e-02,8.978884322104270510e-02,3.106633926033715576e-01,3.779498465251073247e-01,2.644517171024705626e-01,3.345514009229073604e-01,2.324298893483228712e-01,2.860015835745048918e-01,-1.932956885062122598e-01,1.023738342959013142e-01,6.208880622416367012e-02,-2.028842667489798302e-01,9.329276978907882767e-03,1.767626797018443177e-02,1.025884109641619080e-01,4.258128659379796233e-01,1.439103841509661308e-01,2.704533701934105916e-01,4.005926171187266238e-01,2.063089452453155670e-01,-1.977351568935084916e-02,2.520141977584767767e-01,-1.462832177668810518e-01,2.471701056209963387e-01,-2.038122504669212520e-01,-1.090750827037409304e-01,-2.170099211558042807e-01,-6.330815881797109690e-02,-5.129512143436884553e-02,1.033040256204606627e-01,-3.780448350590569495e-01,-2.662960253257969367e-01,-9.896817020059590908e-02,-1.180577735539349304e-01,8.511721985403747359e-02,-1.124956413933983213e-01,-3.448444508548909604e-01,-4.004216975724019245e-01,-2.666470386740114051e-01,-1.339294239340881043e-01,-6.849043855100434008e-02,1.281031826884694858e-01,1.260094847312971944e-01,7.017414181446615662e-02,1.244773603333151034e-02,-1.226337069652098100e-01,-2.290378151891832581e-01,-2.038531418680975815e-01,-6.863357715080767307e-02,-1.151259043603882898e-01,-1.661685728660740324e-01,-9.724077004751764675e-02,-9.076155833263213624e-02,-8.124592688954128394e-02,-2.661161919317803215e-01,-2.217674734625717792e-01,-4.134630157907629583e-02,-1.271690415282925590e-01
3.932288949941016298e-01,6.678397905985930527e-02,4.511414168911125899e-01,3.015198863174298749e-01,-2.283539775467618715e-01,8.472559065069365514e-02,6.696620897731692112e-01,4.016254853636470057e-01,8.797621216266647559e-02,5.635497011003123835e-02,7.042343559614580029e-01,3.717741627457808451e-01,0.000000000000000000e+00,4.614419880418821340e-01,2.383313180971793621e-01,1.079418969269084622e-01,-1.488363118796849974e-02,-1.454299588988108016e-01,1.355388261740256006e-01,8.520324012297178506e-02,-2.295919210335592431e-01,-6.786988896790001335e-02,3.946977683918405644e-01,1.964611051950856391e-01,-2.495494011744104346e-01,-2.761226894893423212e-01,-2.141189095074061133e-01,-1.000417936444671640e-01,1.010494336928148551e-01,-9.107182698265213483e-02,7.954899720392017608e-04,1.763036471692634999e-01,1.030092050262895742e-01,-1.737863511231842878e-02,-1.050567269455582840e-02,-2.206217604561739876e-01,-1.647489343849831422e-01,-3.652851691478459784e-01,-1.473006511806253249e-01,-1.224834021750450669e-01,-1.019899206055797786e-01,-8.266486182932725191e-02,-1.586383123564660824e-01,-5.644573447771662755e-02,2.039789857913605897e-01,1.971651265668232789e-01,-2.082182776606683883e-01,-1.799415509811335689e-01,1.477765529556555324e-01,6.544698708030285972e-02,-1.555569719664611494e-01,-1.078476967726671454e-01,-3.087031733867244276e-01,-2.666144853250612679e-01,-3.796963463897830571e-01,-2.550850035325987197e-01,3.081649776292998827e-02,-4.740084575440039333e-02,2.645526636752811300e-01,-1.702303336599759673e-02,3.771950658342105855e-01,2.316395232159884909e-01,-1.467598902232329083e-01,-2.913623923822733608e-05,2.762445550781876258e-01,3.261122308400991598e-01,3.937209095528884650e-02,1.724569419812137239e-02,-4.228201526857143511e-02,-2.254803810269487285e-01,1.494122085253446752e-01,2.058053095210904404e-01,2.520279118386134498e-01,2.057844851023027111e-01,1.423836899391990596e-01,2.115124306385547659e-01,1.391396434106344226e-01,7.121597601753948403e-02,-3.206155237062925933e-01,-1.490538237462083748e-01,-1.910431319146962126e-01,-2.352968129023966237e-01,1.314199789038985322e-01,8.494422651633945498e-02,-1.287375007029876728e-01,-2.085891548224322600e-01,9.704307682070850705e-02,2.192184449279985237e-01,-1.997273490634835225e-01,-2.011331003912776583e-01,-6.161065384090465280e-02,1.958866774297714566e-02,1.931699905929794292e-01,1.302293922646942381e-01,-1.007100242503768672e-01,-2.508158242371840152e-01,-4.136160617763482983e-01,-4.783400583843025466e-01,-3.034417720558925113e-01,9.049538073198745702e-02,1.937871715468161837e-01,1.422855071710557306e-01,1.089183368139615138e-01,-2.497416492693704804e-01,-1.927993339477728774e-01,-2.807924797842892839e-01,-1.425013405761138829e-01,-1.702950566798492049e-01,-3.085722900262309262e-02,-1.543934254382197668e-01,-6.066144969012609023e-01,-3.230900029452691280e-01,-2.654528098756360199e-01,-3.797692507647114080e-01,-1.708099674518870348e-01,-3.720086887621231742e-01
