0.000000000000000000e+00,4.289426078560245603e-01,-7.812205675197032850e-02,-2.145187297648483149e-01,4.529814569565599608e-02,-7.385034405337191632e-02,1.063597414965126164e-01,-1.144309069924629163e-01,1.169000899195531545e-01,-5.949652083527870450e-02,5.562293861882051660e-01,2.584112080296273595e-01,4.971410745297975553e-01,1.090182018539566644e-01,1.192746765178787083e-01,-1.666843605932919747e-01,-3.229824998393260056e-03,-1.009130124848151705e-01,3.806344738125801985e-01,1.385136949312204546e-01,-1.990249010266238183e-01,-2.019828627211404382e-01,-1.556277867447906915e-01,-3.378629159370561408e-01,-2.483766366773745293e-01,-4.227001617033209202e-01,1.306200484960023389e-01,-1.001382574940057751e-01,1.612559143183740495e-01,-1.167251772869165871e-01,-3.475911082999003088e-01,-4.201406437438292008e-01,-2.759604498545610851e-01,-4.637877697115261322e-01,-5.055302122971629952e-01,-4.879380894003021996e-01,-7.989567814122384981e-02,-1.969975873395534427e-01,8.969269159034370942e-02,5.779367707488221317e-02,2.290391014727327992e-02,6.876149647334725556e-02,-2.589774922499568643e-01,-3.519208442251825497e-02,-4.372358188943107904e-01,-3.115455857380955429e-01,-5.469916837585358377e-02,-1.084986158330503853e-01,-1.536059409546115806e-01,2.037797372879813704e-02,2.841231974748579248e-01,1.850573379299162158e-01,2.142222190824413230e-01,5.520791400081655198e-02,1.852644923559819135e-01,4.337128189421816243e-02,4.286312769468684780e-01,4.097855817508445631e-01,4.703801888054222613e-01,3.463525277950040837e-01,3.006582468464550906e-01,-9.005391681682561877e-02,3.143540871404887915e-01,-8.200597026504467812e-02,-2.123259580591847218e-01,-4.416780051653216854e-01,-3.401109052024059443e-01,-4.901936181143460303e-01,1.245293957903882698e-01,-7.737416458667352448e-02,-4.882617015945051736e-02,1.040682364336313198e-01,2.376374255509132449e-01,1.630785660541347326e-01,-7.785858809986874983e-03,-1.601569595272010066e-02,1.367525603702418047e-01,9.003760678232244907e-02,9.255424930890043811e-02,-4.275514062355365887e-03,-1.390001565297966923e-01,-1.304055018496225460e-01,-1.451852753269174401e-01,-8.755969933059312704e-02,1.111562883940938606e-01,-3.830805557841841097e-02,-1.795165438775278219e-02,-1.159457915151254764e-01,2.540039006268184907e-01,-3.183156867931342948e-02,-2.296120583296592799e-01,-7.431081565605647532e-02,-2.833267505912422934e-01,-1.254993068804046152e-01,6.803398275159595887e-02,1.065565261297060640e-01,-2.210503542633599633e-02,2.115035344303533085e-02,-2.243161922619561072e-02,1.630667393967666357e-01,-1.533575002097446738e-01,-9.205934299621293393e-02,-1.652902564074079095e-01,-6.313598253528852899e-02,-7.722810488054145106e-02,-5.827320820670187779e-02,-9.210993485064529473e-02,-1.133216996598427756e-01,1.196112203623116849e-01,-5.823691743964248130e-02,-2.154741246176285555e-02,-1.921095278838333142e-01,-6.866675193382035247e-02,-1.431836824186824564e-01,-1.696584260634698971e-01,8.150548071056501476e-02
4.289426078560245603e-01,0.000000000000000000e+00,-1.591365913179644820e-01,-3.762895273644739635e-02,5.901715013876804999e-02,3.151923894067376608e-02,1.963802045757443229e-02,-9.878153946681564324e-02,1.095385866475064862e-01,-1.400493689280406795e-01,2.709852423868146509e-01,2.768644988005240504e-01,1.883046779725351394e-01,1.228211719298506893e-01,6.172925449057344721e-02,-1.668985908478290980e-01,-1.196902915556604004e-02,1.269188497172713814e-01,1.916918189155760177e-01,4.898792743285855789e-01,-1.548537754552647971e-01,-1.659056209533483484e-01,-3.386760383417215803e-02,6.460071821084541026e-03,-1.086367601826529056e-01,-5.248556550589042816e-03,9.676750276231060877e-02,-4.131405266037978946e-02,1.701972130183459497e-01,1.135936125779192507e-01,-3.708069900671270153e-02,5.864499697915955510e-03,9.867070655553747405e-02,-3.952396853842488414e-03,-3.016859501824467604e-01,-2.554447378104927058e-01,8.724665401568411360e-02,-7.389034073537727176e-02,6.545290146923803121e-02,-1.350749865205884137e-01,2.345310026831352312e-01,2.920030896234910855e-01,-2.095742140256871833e-01,-4.509519496554546120e-02,-1.123171379087936211e-01,9.200507577984871899e-02,-3.094322590484026997e-02,-1.392678537455767449e-03,7.985611973395881358e-02,5.746301706513395890e-02,-1.273218270977249239e-02,-1.093915749622827727e-01,1.339398922948184523e-01,-2.271875765775024578e-02,1.952667378954399402e-01,1.103667324614068940e-01,5.877023307473928648e-01,4.548031524368207346e-01,4.943649228516412697e-02,-9.958849770345029606e-02,2.032744295749230323e-01,-5.110500544066876039e-02,1.104398630775436513e-01,1.031811705147028108e-01,-1.939837069410085477e-02,-1.957483950765372682e-01,-2.606044636138709625e-01,-3.279815596516425513e-01,3.809448760991351324e-01,3.805135039123012097e-01,-1.293306650528206203e-01,1.099233938296210744e-01,2.650581375704165188e-01,2.697332790049347118e-01,6.869635611024289996e-03,8.268511573209157139e-02,5.961956479066684439e-02,1.519540850718342079e-02,8.670533043406690454e-02,-1.045685399088530504e-01,1.375553175276338913e-01,3.113677475690002638e-01,3.249400985609043890e-02,8.420224580309407236e-02,1.298591776508026541e-01,3.250536164834166158e-02,-1.157244199860656998e-02,5.429129869307589701e-02,1.499463372595764010e-01,-1.350266770328165944e-01,-1.602100901703819857e-01,-2.674579659658006814e-01,-1.024061143124348344e-01,-1.276909788545360358e-01,-4.331323523685282756e-02,-6.574006244034348578e-02,1.764543726061029993e-01,3.397525768238592037e-02,-2.074058457486883389e-01,-2.536763982237859594e-01,-1.699406304328359568e-02,-5.737434790506314858e-02,-9.068069382551914581e-02,-1.900662817652780945e-01,-1.491025482982396844e-01,-2.868409742698763698e-01,3.087994131481810664e-02,1.260084877734596043e-01,1.709214162344637744e-01,6.120794839101579600e-03,1.839227986692257635e-02,-2.347510336477188764e-01,-2.994853663889356366e-01,-5.767583501163713738e-02,-1.216096447616545340e-01,1.175771626734725128e-01
-7.812205675197032850e-02,-1.591365913179644820e-01,0.000000000000000000e+00,1.756401106307907967e-01,2.281988609811432811e-01,1.050969976008897661e-01,3.737404981820057759e-01,-1.809206875653218416e-01,2.105797504349739002e-01,7.626287562423395006e-02,-1.930028959442192937e-01,-6.026274064967553912e-01,4.255741036830806151e-02,-3.201593558063829392e-01,1.429870249847848551e-01,1.584679887745109317e-01,-3.628210273617834408e-02,-1.334661857983617250e-01,3.041616606664337419e-01,-1.292854882126406035e-01,1.707073905190206187e-01,-2.806407786832684076e-02,6.610372347828659123e-01,9.582815220026834335e-02,4.567796851038611328e-01,3.146257714765383628e-01,1.052442404074438592e-01,2.143496359824831887e-01,-2.044178214797029991e-01,-2.784214756570107530e-01,2.777305262999167357e-01,1.774082497498493116e-01,9.156917342019854633e-02,-1.501305949713501176e-01,4.833580561677073839e-01,1.375429551957337571e-01,9.088054488069770287e-02,2.240017457454569760e-01,-7.195380435577662659e-02,5.617302193724499348e-03,-3.222416267189787686e-01,-1.283404611765551484e-01,7.143570020648886375e-03,-2.481908909692144283e-01,4.115712557035255958e-02,-1.497813592435724428e-01,-1.445468882805172883e-01,-2.851806825760750952e-01,-5.429121556578966196e-02,-1.497851175271089907e-01,-1.316348342922772086e-01,-1.823927884514708053e-01,-2.194053431097577334e-01,-2.117392092404399018e-01,-3.263037563715971978e-01,-2.476674002617245962e-01,-8.599041371897504782e-02,-1.089779067755978353e-01,-6.793356042591638944e-02,-2.271235020826431195e-01,1.670401322976499403e-01,-2.662338147468710781e-01,-1.998134726869786049e-01,-3.421449082127276942e-01,5.760271364377178571e-01,2.124970978491118601e-01,5.385252309035370999e-01,2.666956159091353820e-02,2.179685542830454292e-01,-2.256913148454985640e-01,2.873719123075367810e-01,2.326120436208598541e-01,-3.406738909287389261e-02,-1.816586292144371784e-01,-1.002455779429983762e-02,-7.108766600791072143e-02,1.821957027904470144e-02,-8.782278289107864344e-02,-8.997737960232975174e-02,1.497390663263876709e-01,-1.403010605192970828e-01,-1.045268837088392522e-01,-2.382524168616380056e-01,-1.142358910082500421e-02,2.477078600089890614e-01,-1.606127818324937506e-01,4.586258338075195617e-02,1.039026656128688719e-01,-4.030812323067142766e-02,-1.524990102543239412e-01,-1.070800401713095373e-01,9.740051104344582544e-02,-1.990464074551513696e-02,-3.652353943430808846e-03,6.774135058697983158e-02,7.044769954849287863e-02,-3.140171685557498482e-01,-1.091213777316127342e-01,-3.751130114530846216e-01,2.005405892592474620e-02,-9.953455420398477083e-02,2.980361859695924293e-02,-2.764447624643051049e-01,-8.527386946825801783e-02,3.124437936219840936e-02,2.833535406514459121e-01,-2.130775948668011538e-02,-1.777443410970234727e-01,-1.727851741651219297e-01,7.845728407570452811e-02,-1.730937133858482246e-01,-3.638422577024182092e-02,-9.639921455877914491e-02,3.370239671998400549e-02,4.726933568058996199e-02,1.523820861892428158e-01
-2.145187297648483149e-01,-3.762895273644739635e-02,1.756401106307907967e-01,0.000000000000000000e+00,-1.149816823205824547e-02,-2.687030467122424326e-01,5.170013271576672231e-01,6.815943579185474999e-01,-3.862297931905792764e-02,-1.559444286064124441e-01,-1.660740798720158895e-01,1.089140028367760471e-01,-8.837168092101219119e-02,2.099941042229603316e-01,-3.989218136213782406e-01,-2.976020246112338619e-01,-2.045026475750829076e-01,-6.273372519869484243e-02,4.443485003948233203e-02,4.209722640987625941e-02,-3.607595389613045267e-01,-1.630662533211109377e-01,1.788217326042317035e-01,2.988133599155844977e-01,1.832861713662927439e-01,2.650385699673514228e-01,-2.839450349876084800e-01,-2.818893209747104223e-01,-1.508766909030583303e-01,-7.546195996794007044e-02,2.559525733272154935e-01,3.070013489976397003e-01,2.921647879270242165e-01,3.015151713717800219e-01,1.751750357269152292e-01,1.593419547245733259e-01,-9.619631742245658701e-02,-9.190726573147167677e-02,-1.065677287376486371e-01,-2.979816663467488302e-01,-1.271190934120212113e-01,-7.463770737679459311e-02,9.283649763167527158e-02,-6.294868058351767159e-02,4.246913562250537177e-02,8.116973597226341541e-02,-8.098075950335083262e-02,-1.984090849905133513e-01,1.587570569985275182e-01,5.416791516546978769e-02,-2.882362539312448291e-02,2.432754249678878780e-02,-7.247861492986787391e-02,-1.109011655312402700e-01,-2.829412880654012530e-01,-1.747887764303513725e-01,-1.157901121208478323e-01,-1.175611982576412196e-01,-1.264438280101050881e-02,-1.134200005013396018e-01,2.096819035246369201e-01,3.461216291623308572e-01,-1.291897638020377270e-01,1.644418538774746474e-01,1.683114373905867101e-01,5.841546196165573468e-01,2.795768112339930278e-01,4.555530685823634962e-01,-2.490604431571032396e-01,-1.796222247656368842e-01,1.712733658555484414e-02,-1.594059938107217078e-01,7.497542584040502167e-02,3.477477005316392117e-02,-8.083671181684140561e-02,-8.354738323514153409e-02,-1.879701318087772730e-02,-3.909197684986488730e-02,3.048361635201304182e-02,-1.267040980005486595e-01,-1.101586184149521280e-01,-1.789955565832834078e-02,-4.057145968783442136e-01,-2.594061369809736450e-01,-1.236489659466996210e-01,1.323688199325586401e-01,-2.997150105922966046e-01,-2.160668763867637787e-01,-2.838088372007951943e-01,-1.058051273890293215e-01,1.671229248351834562e-01,-9.313041431169000184e-02,1.307119435850640221e-01,6.692829162026735224e-02,-1.288112886077860675e-01,-1.110457144063247970e-01,-7.028036528476463984e-02,-1.366279825376785773e-01,-1.599072954575724292e-01,-1.449417910481351213e-01,4.141189807842010628e-02,1.182258866217154869e-01,-2.418786007049900100e-01,-2.738567261940410003e-01,3.606204755704619375e-02,-1.964699823368739467e-02,-4.920318338565622673e-02,-1.460154054237585985e-01,-6.611909290858408554e-03,-1.312243841949196355e-01,3.275342836407501429e-02,-9.481459960732084580e-02,-3.365167093734914294e-01,-2.310650688535711705e-01,1.197246925333620149e-01,2.868383301421610909e-01
4.529814569565599608e-02,5.901715013876804999e-02,2.281988609811432811e-01,-1.149816823205824547e-02,0.000000000000000000e+00,4.546337085469563943e-01,5.443715795593254136e-02,-1.552462237896600761e-01,5.602588438059538101e-01,5.705959987346947981e-01,-9.590406160848509096e-03,-4.714192193289213351e-01,1.025316173740579984e-01,-3.107258399502748070e-01,4.207660337763783343e-01,3.016402087692259260e-01,-5.139168157117693925e-01,-5.509432155827773819e-02,7.625687074032984347e-02,-1.158938741067022660e-01,2.028249816214195977e-01,3.120941984363649890e-01,2.234465498614182366e-01,-2.204946037979861606e-02,4.091379580955006867e-01,1.281960262685820640e-01,7.187582283597072630e-01,5.119031581271286102e-01,-3.659404159908872800e-01,-2.629844362664413571e-01,7.853476656687866098e-02,-5.462050619741981583e-02,-2.055554752540529606e-01,-2.661411833591283416e-01,1.180539812101882857e-01,4.785447644222107916e-02,2.360973698657420003e-02,1.379435701448252505e-01,2.419481603626112143e-01,3.532977010504210202e-01,1.276963797021823943e-02,9.821228103022287825e-02,-2.441492584233741492e-01,-3.037672592412871686e-01,-2.052041543836508053e-01,-1.541675460972123934e-01,-2.057958317604896559e-01,-1.954230896794206807e-01,-1.229750519489588023e-01,-1.493244763631100258e-01,-1.055519005851208864e-01,-1.320477083698935461e-01,-7.779744122065365697e-02,-2.677066262799140950e-01,-5.929739333291645861e-03,-1.435428763479968672e-01,1.546551475307630652e-01,8.184504408415979593e-02,-6.856255485571981223e-02,-1.715542249076326409e-01,1.861717508907967944e-01,-2.004954969448181634e-01,-1.638022098791860892e-02,-4.203226227655474379e-01,3.650870157355398105e-01,7.877947801475972123e-02,2.137837538947037763e-01,-6.445720717595325444e-02,2.907219523836311326e-01,-8.430824790893562404e-03,3.282679948761522137e-01,3.285088374192385308e-01,-4.963055742921737568e-02,-1.511969726771133227e-01,1.001684182085786357e-01,-6.298884941229813961e-02,-1.476282536460686023e-01,-3.580248876603948638e-01,-8.660213470635681754e-02,1.701820857010646060e-01,2.600126336132804750e-01,1.023899161229346044e-01,2.869431872415244555e-01,1.709127476995255523e-01,4.609629082331830885e-01,-1.240824873308804810e-01,5.297007415887633464e-01,4.336398244895952603e-01,4.475673494487600879e-01,-1.671064901687308590e-01,-1.572178225422675990e-01,-1.878624622685829970e-01,6.028372390212023008e-02,-2.376304249820608283e-01,3.060291693202236638e-02,8.135046207386462114e-02,-2.979271415418455748e-01,-7.408469278182558404e-02,-4.238148373180861128e-01,-9.710604543417133971e-02,6.832860494750933600e-02,-1.804284507222030931e-01,-1.591925269187679792e-01,-3.333432218213895348e-01,-6.195278981045636291e-02,-7.534969120823094280e-02,-1.162023418251874329e-01,-3.045702995926935150e-02,-3.003357480372142660e-02,1.453448908003104056e-01,-3.030347117127104029e-01,-9.247665218399174492e-02,-2.120399642025339315e-01,5.108493914565986893e-02,-1.695528605860410487e-01,-2.334834928667127787e-02
-7.385034405337191632e-02,3.151923894067376608e-02,1.050969976008897661e-01,-2.687030467122424326e-01,4.546337085469563943e-01,0.000000000000000000e+00,-7.847545803379533946e-02,-2.470062128938927126e-01,4.965067486595152735e-01,6.130564376064967513e-01,-7.194985646884578812e-02,-3.612910256133498033e-01,-3.165155230565607630e-02,-3.145755133104838341e-01,5.731756413805025874e-01,5.645866554090719358e-01,-1.218357055334837735e-01,-1.499121286793508867e-01,-4.020217269235270424e-02,-1.273529320487138405e-01,3.892503286325114664e-01,3.695924035401686458e-01,4.766166343815905759e-02,-5.840520948785371536e-03,-5.782030279677923684e-03,2.035797033511972109e-01,4.891056592064388364e-01,5.769137826080683595e-01,-1.567194567594448751e-01,-2.667800085218881567e-01,6.629855681676019574e-02,-1.569182355586904668e-03,-7.204358226025510403e-02,-1.291879112079127780e-03,1.021037751710097280e-01,2.352037971335954603e-01,6.342861449453202072e-02,6.809544176921650260e-02,2.135717448743907898e-01,4.161005117722905156e-01,4.841867617839237803e-02,1.409560527375301187e-01,-1.544795206691764455e-01,-2.999259671380417047e-01,-6.602060049903830941e-02,-1.074163276476152729e-01,-2.336173355823648878e-01,-1.821027700907247027e-01,-2.516676471305506757e-01,-3.038602684531961362e-01,-3.798267582561820621e-01,-3.897751812429495200e-01,-3.523946079412219601e-01,-2.904106842087287865e-01,1.509541136718935694e-01,1.717928815766505898e-02,1.233979714326780830e-01,7.393595137080148649e-03,-6.426975598144350765e-02,-1.922300243963175614e-01,-8.935878926988643361e-03,-1.627689664723256657e-01,-5.342534774629932592e-03,-2.605625424544995572e-01,1.336480622919168082e-01,-8.601853286179315938e-02,-1.615114743383226409e-04,-1.716712743389593454e-01,1.939237471215397024e-01,1.350945852990742269e-01,2.231385564329737836e-01,3.593669145167482371e-01,-9.035863016400812187e-02,-1.340299944988745662e-01,3.185100542044083105e-01,1.829958257748146300e-01,-1.298428149129910447e-01,-2.308378530508434223e-01,-6.221294092516248958e-02,1.392635909886614787e-01,2.319971783958508782e-01,8.169571825082440342e-02,4.633361129267314915e-01,3.517736672703899448e-01,1.407442388585368187e-01,-1.774903991729193664e-01,6.769516618893665072e-01,6.216978427129671303e-01,2.584617626387855083e-01,1.030989374207409714e-01,5.197142278033075463e-02,-3.256317887558243113e-02,1.226272549726918903e-01,-3.499357873838500332e-02,2.004449534533640602e-03,-5.149736926014022304e-02,-3.100073220546451513e-01,-9.311004675878298276e-02,-2.634967587768837771e-01,-1.365568370816121480e-01,3.233995551687515041e-02,7.830947111182010034e-02,-1.205491576343480226e-01,-1.559464980491524246e-02,-2.610016575630217384e-01,-9.397800576676834661e-02,-5.884706839483468815e-02,2.146808798305941957e-01,-9.714971378150627501e-02,1.786215973678032531e-01,-2.723177362227060527e-01,-1.713463386924215792e-01,-1.885519754631728717e-01,1.837609196995981242e-01,-3.522863280334406766e-01,3.863303955866511166e-03
1.063597414965126164e-01,1.963802045757443229e-02,3.737404981820057759e-01,5.170013271576672231e-01,5.443715795593254136e-02,-7.847545803379533946e-02,0.000000000000000000e+00,3.380459593453046807e-01,3.065448774764259476e-01,-7.325661028721039414e-02,1.951136510544286828e-01,-5.141874906821980451e-02,4.196301384024249681e-01,9.448139946924022370e-02,6.708469269337083429e-02,-9.106443367105147846e-02,-2.733545993096997417e-01,-3.944242519030182192e-01,3.261151622699099972e-01,-2.231426453754355443e-01,-3.977127531806660121e-01,-3.166782128236196869e-01,4.110413227837991235e-01,2.288907252472518472e-01,1.643092968010424204e-01,1.837238840650332050e-01,-1.153505035798839951e-01,-2.076699830125390833e-01,-1.668770701593088601e-01,-3.442855112621187041e-01,2.292657792100154523e-01,1.598493808643028646e-01,9.146702749090154794e-02,-3.405504024981435146e-02,1.662826723694104114e-01,-1.202950150617587144e-01,-1.268223202971581476e-01,-2.199157839447726248e-01,-7.393580600553179005e-02,-3.105749019357323393e-01,-3.645523835642588278e-02,-1.912938492459657358e-01,1.236259969618558503e-02,-9.181315387670677119e-02,1.173036467166689925e-02,-1.116301410712160769e-01,-1.198766234853956558e-01,-3.099525598714459318e-01,1.832660147325756161e-01,2.980883100737158342e-02,1.018231298994614620e-01,-6.840505587198578152e-02,-4.517815048300041769e-02,-1.620169326015596656e-01,-1.702804113550556442e-01,-9.479781329854897187e-02,8.002785885365872043e-02,-7.305925628980375341e-02,1.839391554112868310e-01,-2.376453909350560723e-01,5.255285085184444593e-01,1.753429360656219918e-02,-4.970053005857103662e-02,-1.191210945410040023e-01,4.407219155659365950e-01,2.742428991551705830e-01,3.244005758256083283e-01,2.283469405793084675e-02,-1.970823208098974044e-01,-2.165152506220657525e-01,-7.641005090251447134e-03,2.930391480319242785e-03,-3.577863907689307621e-02,-1.494358715328273080e-01,-2.061739165873812119e-01,1.131788635664416898e-01,1.478005223368831222e-01,-3.765777581597354318e-02,9.351066202452899823e-02,-2.800810974159858024e-01,-3.258833393957238922e-01,-3.206664662511146680e-01,-3.813010023751792765e-01,-2.575309321894864167e-01,2.170799316883141317e-01,-1.509418967925078292e-01,-1.685594556482988837e-01,-1.345722756815110610e-01,-3.419982134075851693e-02,-1.588417870921917940e-01,2.305591422150020664e-01,1.309229369201309057e-01,1.029052905915049249e-01,2.443822239655905060e-01,-1.894363633049809814e-01,-1.436581748159204142e-01,-1.331034027200912462e-01,-2.285807849196053176e-01,-3.932099453913787679e-01,3.630894076566322515e-02,1.416506580453452679e-01,2.678263845542380173e-01,-4.229728135517195065e-01,-3.193559098553086506e-01,-1.825501520607407391e-02,1.229651934011217508e-02,-8.504180235586568382e-02,-2.116408062677622992e-01,-5.789428706313860112e-02,-1.850130031324184743e-01,1.460941990405653645e-01,-1.326607880644955217e-01,-2.661467799904054243e-01,-5.044582933509561551e-01,2.600209191348313957e-03,4.215747472476590318e-01
-1.144309069924629163e-01,-9.878153946681564324e-02,-1.809206875653218416e-01,6.815943579185474999e-01,-1.552462237896600761e-01,-2.470062128938927126e-01,3.380459593453046807e-01,0.000000000000000000e+00,-1.288586699771236688e-02,-5.810185597490234201e-03,-5.388795749755287412e-02,3.763105063250783422e-01,3.782365697904311371e-03,5.403368763359693849e-01,-3.818002293757624122e-01,-2.879780836707921399e-01,-1.778418343172938343e-01,-1.628618855166642093e-02,-5.573193752850202215e-02,-2.324123867734766841e-02,-4.900154364916248229e-01,-8.531038934025306220e-02,-2.418646983172450804e-01,1.555763993962769876e-01,-2.776582168297029862e-01,-2.350439878484571893e-02,-3.328924835482892086e-01,-3.580776057923799605e-01,-5.950794336504729165e-02,7.065621525141212167e-02,-3.032043404633783315e-02,1.474602107111577798e-01,1.606260389537151612e-01,3.561820762023555353e-01,-4.741447627143759169e-02,9.654659082796634983e-02,-1.401727242667302198e-01,-1.950024350703087328e-01,5.875482112323444223e-02,-2.486372809065287015e-01,-1.262852142976316205e-01,-2.927692957543673313e-02,-4.610577717083305660e-02,-7.569541755719542964e-02,-5.106706393432901281e-02,8.783231357775850290e-02,-1.087471853350248652e-01,-1.844126029368972075e-01,6.534190517185602121e-02,5.847117247956366143e-02,-5.876005393004801736e-02,3.134780269317678086e-02,-4.604862284825789187e-02,-9.441803967926540309e-02,-2.300306383114867625e-01,-1.628405676434392935e-01,-1.563465023225237560e-01,1.875177017011782701e-02,1.744889632989640449e-01,1.928217227868619932e-01,3.442299696083783722e-01,7.497412357246797665e-01,4.941943820885746907e-02,3.808449608675102960e-01,-1.695095041590072849e-01,5.643555508484914274e-01,-8.404978635244339524e-02,2.768999293654404448e-01,-2.744776637220783244e-01,-1.313678826553726919e-01,4.987976525194402766e-02,-1.081182556370793024e-01,-2.187558401177487968e-02,5.992475630761880112e-02,-6.466353080258806230e-02,-8.246271128128471184e-02,-6.717827938071964378e-02,1.271231147531273753e-01,1.846103172727235897e-01,-1.825122201991118825e-02,5.810449420251795338e-02,-7.265114237923807339e-02,-3.216779110142619635e-01,-1.297464219624791804e-01,-3.153024332933211937e-01,1.645199682409823339e-01,-3.217721292985430970e-01,-3.238427535559455506e-01,-2.002556291479681838e-01,4.017569270725448310e-02,1.275384777189252361e-01,-1.845435491033481090e-01,3.987919023842383115e-02,-8.354556842928699545e-02,1.125358620556755635e-03,-2.738328730671625924e-02,-1.320072078762024072e-02,3.933789113545663185e-02,9.665913531808267845e-02,-3.703268191889914213e-02,6.668344781984703040e-02,-9.813191128171189215e-02,-5.043730714934761827e-02,-1.594013410788867879e-01,2.058099947477047900e-02,-1.923314486716682092e-01,-8.370903860504179048e-03,2.620455386562841812e-02,1.628173488821271775e-01,-2.551320135648839083e-01,1.056259925520180304e-01,-8.618923761272649642e-02,-1.671719985796848995e-01,-1.751745555312698432e-01,2.339724881017681349e-02,9.190719603405149429e-02
1.169000899195531545e-01,1.095385866475064862e-01,2.105797504349739002e-01,-3.862297931905792764e-02,5.602588438059538101e-01,4.965067486595152735e-01,3.065448774764259476e-01,-1.288586699771236688e-02,0.000000000000000000e+00,4.922490176508532156e-01,1.597921787238448521e-01,-3.043578600936771572e-01,3.559193856028421976e-01,-9.034972601163308858e-02,5.800316154905731381e-01,3.760464965398295223e-01,-3.318156595901046169e-01,-2.444492147196244136e-01,2.090021743515704522e-01,-2.492901949736442690e-01,4.922288032677727548e-02,4.642264527759835946e-02,2.258429002483524073e-01,-4.236190121687968130e-02,1.270433698722265858e-01,9.373901177013244101e-02,4.111044185380953175e-01,3.366447938385905836e-01,-3.713957643796061969e-01,-3.932454947085444741e-01,-7.973301860102861849e-02,-1.136064346251469681e-01,-2.618544296081956602e-01,-2.568636229992283249e-01,8.021454050153474513e-02,-3.861083608788392491e-02,5.534088081985891888e-02,1.127387875950525975e-01,1.814805237411462047e-01,2.059863808445946964e-01,7.633913413329471154e-02,9.519647756645177594e-02,-2.627414378582772492e-01,-3.453127993280449837e-01,-2.153823148767913254e-01,-2.597678931491636534e-01,-2.960261820991858528e-01,-3.862246202435102860e-01,-1.686757306232820053e-01,-1.864351797928243404e-01,-7.664473447524162986e-02,-1.404143641262177722e-01,-6.605941874414546222e-02,-2.929179382169502244e-01,5.229100974407584895e-02,-1.315455424109648330e-01,1.747587036460462873e-01,1.389379767406283550e-01,1.167202392811901024e-01,-1.025827398725713407e-01,4.362939799930317664e-01,-7.771283781486532094e-02,-6.399695031545186985e-02,-4.347974414918719388e-01,4.422144620227398959e-01,2.046279346061717352e-01,1.452517873067950827e-01,-1.980631472866049847e-01,2.555175239920548513e-01,-6.795024808313250564e-02,2.318593276204160558e-01,1.891999509688090109e-01,-1.255695604728310488e-01,-2.016896617599859831e-01,3.369316971493069995e-02,2.442647322531335888e-02,4.809199543077539302e-02,-1.930125309226040087e-01,4.883827694696893373e-02,-2.828341137395174593e-02,6.167759087776279042e-02,-8.639016618856767971e-02,9.062241619635644230e-02,1.260056488812944242e-01,4.003722895369484780e-01,-1.793105541671350112e-01,3.315709970546544261e-01,2.906417123914115108e-01,3.579825027986200392e-01,-7.284336772911510771e-02,6.973001891266548957e-02,3.708597534000779294e-02,8.309901612579369268e-02,4.214571429170947681e-02,6.102151146827922840e-02,5.340025736402386619e-02,-2.898761243652934749e-01,-1.189219956997648181e-01,-4.726872632097672833e-01,3.399374035839083930e-02,1.303852275351618240e-01,1.928756932717215142e-02,-3.499186070040521401e-01,-2.964682409997698720e-01,-1.225341982375462990e-01,-4.576533969733322105e-02,-2.181005992414551328e-02,-9.758063594641448735e-02,-1.090677357254134922e-01,9.875748746077618601e-02,-1.519067031660045752e-01,-1.416272506261473108e-01,-1.238013142816516005e-01,-1.912613060239901908e-01,-1.829481826983257453e-01,2.052264438535399971e-01
-5.949652083527870450e-02,-1.400493689280406795e-01,7.626287562423395006e-02,-1.559444286064124441e-01,5.705959987346947981e-01,6.130564376064967513e-01,-7.325661028721039414e-02,-5.810185597490234201e-03,4.922490176508532156e-01,0.000000000000000000e+00,-4.626131159540550902e-02,-3.702004532795956648e-01,8.818939197921217554e-02,-1.548572753264610136e-01,4.841296212981135438e-01,6.448328701947405595e-01,-3.508382505656452155e-01,-2.667602755467272657e-01,-7.545001931867799383e-02,-3.001367951830937186e-01,3.002015402612842054e-01,4.466655670698918557e-01,1.477184233957461873e-02,-3.094417151818849854e-02,8.058010328411670253e-03,3.569589273486591108e-02,6.082953332864523555e-01,5.024187776939273986e-01,-3.960061003942854096e-01,-3.626872711378279490e-01,-1.782908951346075521e-01,-2.477870426805689474e-01,-3.883013835076329912e-01,-2.493234508899673518e-01,6.996759915064069968e-02,1.633880454638250712e-01,1.410969697682306484e-02,1.318034929785453883e-02,2.847901961115246183e-01,5.161604587922883347e-01,-2.646431475130384126e-03,1.542892134642855906e-01,-2.546029328730349817e-01,-3.016651089336730984e-01,-1.609973156294966790e-01,-2.174281674466417569e-01,-2.860269213791447607e-01,-2.212737248585677774e-01,-2.780891094009175779e-01,-1.741056100569806364e-01,-2.552929849874067680e-01,-1.860331459551830546e-01,-2.552902580900265339e-01,-1.625957179093979466e-01,5.531959215019521814e-02,-3.455499641446670850e-02,-7.466355847571171100e-02,-6.912257079631017875e-02,-1.364397495893128198e-01,-8.845731770869978694e-02,-1.919774423976584529e-02,-5.187747306885162613e-02,-4.900680689687758607e-02,-4.189802025347854619e-01,1.877081077174563850e-01,1.437751024642758280e-01,-2.373630426625058729e-02,-1.628983045113055750e-01,1.450210423516239411e-01,-1.175092298647022748e-01,2.957936347640471864e-01,3.533046634247457574e-01,-1.295778854536918101e-01,-1.833126330050195152e-01,2.878718181311304414e-01,1.112781831906848803e-02,-2.294563203605148038e-01,-2.671924035187038249e-01,-1.200200227370395167e-01,2.180031677458247052e-01,1.011556599790758015e-01,6.471979991820495104e-02,2.484788124579415669e-01,2.564069384096485105e-01,1.478563592290168816e-01,9.354865479204367562e-02,5.047750086043838458e-01,4.910868769404647116e-01,2.698168501883854709e-01,2.244389799451719514e-01,5.537513805859930333e-02,1.180006277088544442e-01,1.182208646791775702e-01,2.552547317661997203e-02,6.541870901755267309e-02,7.903527790314465729e-02,-3.254152045098563373e-01,-2.485796813479503736e-02,-1.398186749992427758e-01,1.120790723991580279e-01,7.677026409445217303e-02,6.004712586942007740e-02,-1.679665324459427012e-01,-4.526504962513039354e-02,-1.629750435677856102e-01,-3.807460916729953071e-02,-2.360558481029790823e-01,7.343156122350391612e-02,-2.465135514583874018e-02,3.632702426420782171e-02,-3.495096182189297851e-01,-2.608369297460142594e-02,6.002287742695655223e-03,1.511186373435231267e-01,-1.805925085963766830e-01,6.046565062973935367e-03
5.562293861882051660e-01,2.709852423868146509e-01,-1.930028959442192937e-01,-1.660740798720158895e-01,-9.590406160848509096e-03,-7.194985646884578812e-02,1.951136510544286828e-01,-5.388795749755287412e-02,1.597921787238448521e-01,-4.626131159540550902e-02,0.000000000000000000e+00,2.934230931667388687e-01,7.092786723329412846e-01,2.603857364898531368e-01,1.986789302280994318e-01,-8.969037696122979242e-02,-7.917802252324971507e-03,1.889078307782906391e-02,3.712175947139496057e-01,6.259092175741021169e-02,-1.934097972554102707e-01,-1.981426327397610154e-01,4.752148714266176549e-02,-7.667822500891564863e-02,-1.779987787357254769e-01,-2.074032291070022904e-01,3.283547365426765785e-02,-1.275932067911312862e-01,1.360970063179314793e-01,1.747807624262688077e-03,-1.453760770547272152e-01,-1.726942900309277051e-01,-1.734114803351609613e-01,-2.614555070243035906e-01,-3.515762511740536111e-01,-4.737353997035834707e-01,-6.024752343304100310e-02,-1.436671444264386588e-01,-1.917953562798566797e-02,-1.847965307452401618e-01,1.807254742620068022e-01,3.193386272855835983e-02,-1.664674943096788595e-01,9.432334484352057277e-03,-3.478033085479196318e-01,-2.785276773634695613e-01,-9.789013451359861173e-02,-2.523475407308820584e-01,-1.054316795167258847e-01,-1.658613622366033880e-01,6.258294826279534560e-03,-1.086227329133793440e-01,4.005382000685284161e-02,-1.967856150060508236e-01,-4.546777328015050995e-02,-1.565041684905860708e-01,3.859035021498128382e-01,2.353538396623343909e-01,1.030293754681508300e-01,-5.129194397099352820e-02,3.272640644407330268e-01,-9.232389118666138594e-02,5.854751024269166937e-01,6.989156744303845481e-02,-2.465249785832307125e-02,-1.742659406299530978e-01,-3.235958800160564364e-01,-4.669695136078887421e-01,-1.550708010351865883e-03,-9.543197281843081303e-02,-3.503537998356721916e-02,6.990011301037186986e-02,1.801550347536613472e-01,1.734396601692221318e-01,-8.306948673610224654e-02,-9.179114334573344747e-02,1.857202784824253661e-01,7.671612832159145634e-02,-4.337503908635834821e-02,-1.016268236442978007e-01,-3.571424724592949657e-02,-4.093745707718039056e-02,-3.224903572340465097e-02,-1.069369294433185763e-01,3.113829921235902187e-01,-1.552116807007974664e-01,2.393855130907279229e-03,-1.178843661868790027e-01,3.630064955950893513e-01,-1.590600227448833448e-01,-7.857799667834011736e-02,6.054715833019479881e-02,-2.647266927015242202e-02,4.741074519310989333e-02,-1.573363861367190475e-01,-1.337266274556824230e-01,9.949757888204711909e-02,-1.108185710673746383e-01,-9.422958693966319854e-02,2.125097296198016072e-01,2.755749897656935982e-02,4.985738283165987855e-02,-5.969680671620780643e-02,3.068437522359365038e-02,-1.849798809697409188e-02,-1.631883302819072123e-01,-1.484035837836173710e-01,-4.717194140974909772e-02,1.622075455276403011e-01,-6.448478979913996323e-02,6.309741619852554662e-02,-1.551349444602068417e-01,-1.579601504168159087e-01,-2.223171784271854856e-01,-6.523438906243554658e-02,9.634637976086905808e-02
2.584112080296273595e-01,2.768644988005240504e-01,-6.026274064967553912e-01,1.089140028367760471e-01,-4.714192193289213351e-01,-3.612910256133498033e-01,-5.141874906821980451e-02,3.763105063250783422e-01,-3.043578600936771572e-01,-3.702004532795956648e-01,2.934230931667388687e-01,0.000000000000000000e+00,1.732506547427125343e-01,7.197865264262764962e-01,-2.855001224511597990e-01,-3.606043716078509154e-01,7.585948980347395620e-02,1.631275879798523287e-01,2.695852625725573062e-02,3.908722594220114255e-01,-4.392944572941453463e-01,-2.241454625091162389e-01,-4.191699448878053458e-01,6.317364478994429156e-02,-5.196085387726590010e-01,-3.552648282856130657e-01,-4.326707612961065985e-01,-4.827090017087282692e-01,2.427526276661214066e-01,3.429815613429469390e-01,-1.713116549544731193e-01,-4.412557825158549413e-02,4.772602991316923088e-02,1.338896430499816881e-01,-4.674770105483030402e-01,-1.712325759013524074e-01,-1.464375199276468364e-01,-3.196066422201850332e-01,-6.130453947607398917e-03,-2.692084600331609567e-01,1.333099550441681769e-01,1.158414574413247078e-01,-1.713913106190499691e-02,1.521568700758548498e-01,-1.557787986174923589e-01,4.702475241940880929e-02,6.774334041609236801e-02,7.354641464153152675e-02,4.144050720010913208e-02,1.856089697273739236e-01,2.325359476554696436e-01,2.024928587635537736e-01,2.039950994916271687e-01,1.428630399159268038e-01,1.832725457902475708e-01,1.991247916464390921e-01,-2.537839675672862172e-02,8.995240882681965200e-02,1.678828825578963790e-01,2.898465812727408775e-01,7.273002411598496197e-02,3.513204576410270397e-01,1.781756536584822026e-01,4.829594904536010369e-01,-5.156133322714309131e-01,-6.544571534783957811e-02,-4.345370624549356742e-01,-3.589555671527153852e-02,-2.614806505385600111e-01,1.061649813816488569e-01,-1.973991938811026636e-01,-2.409856981655321972e-01,2.586256394625916499e-01,3.663791875436360201e-01,-6.013451342602152416e-02,2.596575592690785958e-02,7.639055281689659249e-02,3.020476473625360314e-01,6.711375379642363359e-02,-2.341904643553372745e-01,3.722822901685494262e-02,-1.436186057372247117e-02,-9.054909490952484097e-02,-6.110421009415221982e-02,-2.519966323841109634e-01,2.278349494260500929e-01,-3.458703649572625882e-01,-3.873225489777999409e-01,-1.462836332419501784e-01,5.270695409218235927e-02,3.409315561498499347e-02,-1.944365212824782918e-01,-9.656657002200465245e-02,-5.742668645265892186e-02,-1.062994437501278144e-01,-8.595560952911837638e-02,1.985311291147635604e-01,8.140962263085047002e-02,3.336761811863140359e-01,-2.413108218537761418e-02,1.266273732995872037e-01,7.335040049983655372e-03,2.153285292356427183e-01,9.698451695311713361e-02,-3.184005468042288428e-02,-2.152950396851231463e-01,9.649913957924118046e-02,1.202803945714159828e-01,1.253428519088432835e-01,-1.663307949696485877e-01,2.451715374152748095e-01,-1.579723167458733091e-01,-3.377628693633729501e-02,-1.292629474742897633e-01,1.060974932568678336e-01,4.042903670088907574e-03
4.971410745297975553e-01,1.883046779725351394e-01,4.255741036830806151e-02,-8.837168092101219119e-02,1.025316173740579984e-01,-3.165155230565607630e-02,4.196301384024249681e-01,3.782365697904311371e-03,3.559193856028421976e-01,8.818939197921217554e-02,7.092786723329412846e-01,1.732506547427125343e-01,0.000000000000000000e+00,3.407316869935599901e-01,3.990430542190118723e-01,1.021644088202760259e-01,-1.895431357240812964e-01,-2.402828244504007227e-01,3.778499685267568409e-01,-1.641750006922529925e-01,-2.066841094242151400e-01,-1.837480622097821259e-01,2.339506471409129595e-01,6.209882025131497479e-02,-1.208873284099593881e-01,-2.076435518993886287e-01,7.397011214488956321e-02,-6.397930834834568425e-02,-1.157218673473079107e-01,-2.945864486654383718e-01,-1.893564584120247252e-01,-1.826285770426236688e-01,-2.409634709941627095e-01,-4.286713988174242207e-01,-2.264938890584002884e-01,-3.200245678975682795e-01,-1.047413301142692821e-01,-2.158143386902973415e-01,2.639381182775625209e-02,-1.097810554423967605e-01,1.562111768070524043e-01,-4.987286867201227124e-03,-3.368636016245498688e-01,-2.628309048630630973e-01,-3.790997776687626275e-01,-4.074004373215410202e-01,-2.253531382827724250e-01,-4.154405346340877547e-01,-2.028136646533782173e-01,-2.379242270234642465e-01,3.242184984597608344e-02,-1.217715301338264389e-01,-4.206718169365368520e-02,-2.794034313902913902e-01,-8.762177209695010127e-02,-1.438901833591101631e-01,1.371467823989136747e-01,1.338184617304345458e-01,1.692093822343576637e-01,5.994517191310817089e-02,5.482575339791478930e-01,-4.961174680451307245e-02,3.386305493897437402e-01,-1.802310250271778325e-01,1.669326785751825415e-01,-5.297705767177978559e-02,-1.498175761078359980e-01,-4.718653076167235727e-01,5.778410114354796956e-02,-2.741556421355333395e-01,2.328132010322981477e-02,5.000833978315920997e-02,4.073825825327454658e-02,-1.408221446785119270e-02,-1.383819587687918351e-01,-7.994626073642620290e-02,1.418072773454368274e-01,6.194328428785121632e-02,-1.165876808633096139e-02,-2.079292098198163574e-01,-2.133327126070270752e-01,-3.285824659054829566e-01,3.067525694981012088e-02,-2.859686493195202558e-02,4.012397073107485945e-01,-1.779017488650951606e-01,6.814290017305935088e-02,5.813790550501619914e-02,3.309874983296441919e-01,-1.484327029935989251e-01,-9.365060806505606794e-02,9.561984246773838625e-02,-9.628250536405948135e-02,5.675584623039370280e-02,-8.606697441241636937e-02,-2.097249982530523596e-02,-1.535588252634771389e-01,-1.332171873340877444e-01,-2.141972973586621087e-01,1.230488125685854500e-01,1.434543402532612866e-01,1.060919265614054807e-01,-9.230347364539803756e-02,-5.308582917060065270e-02,-1.359088780654895412e-01,-1.516881232429883875e-01,-6.470658763676331859e-02,-3.506956303723830076e-02,-4.292110590182112578e-02,-1.621829651743017797e-01,-4.382347963214575093e-02,-3.049589696847471165e-01,-5.573916793339350056e-02,-3.169949099018420369e-01,-5.845598904018908110e-02,1.293160003141967662e-01
