0.000000000000000000e+00,8.404523267550559895e-01,5.874540837565269680e-01,4.680893874083184580e-01,2.432064043713818430e-02,1.790556240249154343e-02,5.623373471139695434e-01,4.016468938434284430e-01,2.745656356457780098e-02,1.034246573463279140e-01,4.556458994024538134e-01,3.408473775304479009e-02,1.617499886858063951e-01,1.047332297700650644e-01,-1.888917520282955009e-01,-1.158090874020419048e-01,2.139344935637287060e-02,-1.478052775742792584e-02,7.034031248810305170e-01,6.421425392598256732e-01,-4.854328410463102372e-01,-5.362944134171210298e-01,4.458134173811250656e-01,2.933495457739285217e-01,-1.843320372999809054e-01,-1.560416989159329748e-01,9.987296818156816969e-02,2.012015872927366278e-01,-9.144647138855585555e-02,-2.212701476536842460e-01,1.326595634870195994e-01,2.304826325467215220e-01,1.501156803610424750e-01,2.400575955367872383e-01,-1.863936397390858132e-02,-3.711018433945940664e-01,-4.614770192167048646e-01,-4.148179622373428521e-01,-5.408603941114497049e-01,-4.891008344787205475e-01,-5.486210725889013595e-01,-2.747614859436758872e-01,-4.246422394588647009e-01,-3.087299717016250833e-01,-1.070687268293297155e-02,2.703107621395121618e-01,-5.476955267961732821e-01,-5.889420813605601435e-01,2.130939274571216901e-01,2.509983967958726025e-01,-1.385871842033157553e-01,-2.953333158915165402e-02,-3.834494456676845187e-01,-4.488327788347928338e-01,-2.299029724403554020e-01,-5.428661354468271583e-01,7.837766686022683560e-01,8.037801242468388674e-01,4.839755589081667919e-01,4.584371463713795558e-01,5.868519565024364892e-01,4.144565937599592464e-01,2.810741272356457321e-01,3.303121821963418414e-01,-9.629979480553368248e-03,-1.156317045827080642e-01,2.171514741837203277e-01,-9.168220348223750371e-02,6.386993111548222579e-01,6.438898682882262525e-01,1.710059320681867889e-01,1.482793199256129402e-01,-4.587442789512809899e-02,1.111947673080683485e-01,4.734715055615115742e-02,7.089725530577330181e-02,-2.503797688024966273e-01,-2.052293101929477948e-01,-4.585650933355021192e-02,-1.165504646326712967e-01,-1.585036646787141290e-01,-9.039990599875917521e-02,-3.754665724384661507e-01,-4.814056289671413413e-01,-1.057321672080400454e-01,-2.450146352193848520e-01,-3.683055441432431243e-01,-4.366283928487892374e-01,-3.844087083237068825e-01,-4.031446625313381271e-01,-5.441799514549032768e-01,-5.062608867734389451e-01,-6.766345659750282460e-01,-4.655570113158071788e-01,-5.054572554610831103e-01,-3.041843639158151591e-01,-4.386167527688645262e-01,-2.984332420742463188e-01,-4.192364466784470056e-01,-4.693798840933210981e-01,-5.487941262472167958e-01,-4.093448241562959722e-01,-5.157454269319219353e-01,-5.641722575782662785e-01,-4.893328328665099702e-01,-2.118453130767504189e-01,-5.821016507847539545e-01,-7.901867121145306205e-02,-2.074607367486639709e-01,-4.532100065184877513e-01,-5.641733507731251374e-01,-3.216202733751590270e-01,-3.304155355656060444e-01,-3.825954368697827568e-01,-4.480599290518550437e-01,2.070737065268087040e-01
8.404523267550559895e-01,0.000000000000000000e+00,3.630825300286418811e-01,3.672950240465456817e-01,3.066542562829338049e-03,8.354906621796415189e-02,3.010700368773470692e-01,2.973227025504364684e-01,2.793742397834317326e-02,1.885808064110618687e-01,2.762353163919045174e-01,4.554217027330685619e-02,-3.400266291288337600e-02,1.038919352401451307e-01,-2.191559463333310753e-01,-6.923524598099382865e-02,1.561088891327356842e-01,1.222141025632711570e-01,6.444093182764919492e-01,6.569704059907013338e-01,-3.538262758571115718e-01,-3.610964017661859038e-01,3.067944721883986703e-01,2.546863330745546827e-01,-1.433933511219734891e-01,-7.605220311997058780e-02,1.317882995400019297e-01,2.484832982781460808e-01,-4.905126153805719480e-02,-1.377821203270274131e-01,1.373521719074790315e-01,1.775820711159435683e-01,1.339522516990198087e-01,2.374113630410719100e-01,-1.004917571277798988e-01,-3.379011869873507212e-01,-3.620570720148599264e-01,-3.233724665975838963e-01,-4.150706397026863170e-01,-3.165434233304909029e-01,-4.455023800704858150e-01,-2.168710300392069357e-01,-3.406749054420504796e-01,-2.079410150337057672e-01,-4.323913892644322410e-02,2.662893070905549830e-01,-4.497385456551002969e-01,-4.608900913342939276e-01,1.468524825029621783e-01,2.311261985279734199e-01,-1.206660170709443203e-01,-1.969713980714687257e-02,-3.070525422487184741e-01,-3.776590179453180318e-01,-1.941904796181755377e-01,-4.328848425844387116e-01,8.167308165342490600e-01,8.693219009968099487e-01,3.510705419911104297e-01,3.812303115384271246e-01,4.053129859440448013e-01,2.778690510131762159e-01,3.268643542324007334e-01,4.094073230531493079e-01,-1.100935393277460567e-01,-1.482049380629645863e-01,1.249927341300121758e-01,-7.249928584057041547e-02,6.934892320590596571e-01,6.790434042756269273e-01,1.344563052563099714e-01,1.545057985833254988e-01,4.615738091422900979e-02,2.227104806748253507e-01,8.915183499115054977e-02,1.462041065191593270e-01,-2.686530814061493522e-01,-1.255715822120307967e-01,-1.267174846052077780e-02,-7.467061567934151411e-04,-4.098525347573551969e-02,2.270246960176365222e-02,-2.523216446981251804e-01,-3.827254268305143037e-01,-3.896625301897054146e-03,-9.289650130043272669e-02,-2.406693931589697633e-01,-3.554907338572695918e-01,-3.266305237832390906e-01,-3.668380508537664175e-01,-6.276785170370711153e-01,-5.864408983757483096e-01,-7.087997794386007300e-01,-5.606875560375499390e-01,-4.490041611017524525e-01,-2.943865479641607497e-01,-3.898999409603483568e-01,-3.273434341306761808e-01,-4.526646354596427502e-01,-5.455773470909888179e-01,-5.508608592040650231e-01,-4.573477642635236373e-01,-4.052655129906373443e-01,-4.879491854255157413e-01,-4.505340803462017374e-01,-3.039520524689114378e-01,-5.328339220272592103e-01,-1.517297311894903189e-01,-1.476587635126551945e-01,-4.007566142338588322e-01,-5.617561175891206959e-01,-4.816695417619543118e-01,-3.561995041918079585e-01,-3.905796621130247503e-01,-4.118783160191848980e-01,1.212781218929580990e-01
5.874540837565269680e-01,3.630825300286418811e-01,0.000000000000000000e+00,8.372651406683874198e-01,-9.348979704386774225e-02,-2.100759947490542789e-01,8.860924048402701869e-01,7.997666328927651724e-01,-6.219113909063631734e-02,-2.275684344553645655e-01,3.249296201165768339e-01,1.560505723364225827e-01,2.882593450536928836e-01,2.405192776533785493e-01,-3.157197219748988926e-01,-3.347215128044234156e-01,-3.036432487123586488e-01,-1.827657028839879128e-01,7.246788252540229402e-01,7.088711028506231582e-01,-6.214968851260325167e-01,-6.670802193828508919e-01,7.164971578434654598e-01,6.445950153281245765e-01,-8.676078058986397279e-02,-1.395936880761280974e-01,-9.451930537892219708e-02,-2.941190199316735115e-02,-4.921233600484816173e-01,-4.399172128602215626e-01,1.031102300070002309e-01,3.674913000409877895e-01,3.770761495895156440e-02,1.790775119397726156e-01,1.708053207524616313e-01,-1.567766932488804110e-01,-6.256518709690750413e-01,-5.841668982852578074e-01,-6.457156003348680784e-01,-6.776896250147977918e-01,-7.067632345800577420e-01,-3.494412345978065715e-01,-5.659179213679503828e-01,-5.243085202349548890e-01,-1.536824154130786713e-01,7.113041520723697997e-02,-6.993921339359897571e-01,-7.604240064820786404e-01,6.486518215006714660e-02,7.233806688449277711e-02,-2.130159197186528020e-01,-1.724145764900479605e-01,-4.196554223781426840e-01,-1.679123465472953936e-01,-8.063445186239649731e-02,-6.139843005553478061e-01,2.549056008699677744e-01,3.395651759343353282e-01,4.391774526361064135e-01,3.973823859280062321e-01,4.108268437090289993e-01,4.660668570289813739e-01,-7.836962748454118222e-02,8.973426841000119170e-02,1.572329946064096595e-01,5.354559063416689663e-02,3.653740708067309551e-01,1.031556966265190500e-01,3.402752211119692838e-01,3.311679750474692541e-01,2.320695247558938745e-01,2.015990838158288612e-01,-2.550899959414179574e-01,-1.222019044112452046e-01,1.144185146525129038e-01,-7.238941783455349332e-02,-9.078527483724582736e-02,-1.314711021690879167e-01,-2.978772030345355204e-01,-2.729412390705257541e-01,-5.901254401716288234e-01,-4.023219323942968106e-01,-6.288541845034394395e-01,-6.709761022799046737e-01,-4.753599158740747788e-01,-3.919110447278698062e-01,-5.266916301051847160e-01,-5.527387502372638206e-01,-5.106483036636032535e-01,-2.988560269442399053e-01,-4.835161962166614064e-02,-1.010766571324782925e-01,-2.614447868653340667e-01,1.595008006748755173e-03,-5.864216784349155498e-01,-3.595582386395398400e-01,-5.063795377269748599e-01,-3.069863007348540007e-01,-2.341007982228553996e-01,-2.098277174700008130e-01,-3.176346346944105004e-01,-7.634527011070990632e-02,-4.610860257104378301e-01,-4.235832956463059240e-01,-4.252944592261937995e-01,-5.714313592764831001e-02,-5.872002095457281579e-01,2.849217928798489785e-01,-3.727133382042479570e-01,-5.640782200530568558e-01,-6.070065046761231597e-01,-2.619095937461319856e-01,-1.486636588937427783e-01,-4.145139065543463341e-01,-4.025456387266762581e-01,2.987165555876146184e-01
4.680893874083184580e-01,3.672950240465456817e-01,8.372651406683874198e-01,0.000000000000000000e+00,-1.729709061098944622e-01,-1.506388846697649386e-01,7.935287846796407196e-01,8.624320744783738890e-01,-6.136755080613827407e-02,-2.316339096643146578e-01,1.611925058948826817e-01,2.021843043714851296e-01,1.365594982827890436e-01,2.743137719233773586e-01,-3.920692128356429440e-01,-3.476477731812034899e-01,-3.306223392427979357e-01,-1.712681851080151973e-01,5.817128516850034181e-01,7.015872628318237103e-01,-5.447328134783511189e-01,-5.860748195214131595e-01,6.079523673182871679e-01,6.153092279455083524e-01,-7.074248653334741510e-02,-9.565902002215949385e-02,-7.989536497383811775e-02,-2.350035945724416458e-02,-5.175131407575944698e-01,-4.097157422400597993e-01,1.129660487769456184e-01,2.974431431009081916e-01,4.985530881337077447e-02,1.969905800469906043e-01,1.761122383565112415e-01,-1.191700082187145682e-01,-5.508899567086478211e-01,-5.302089658975115416e-01,-5.957614984759521670e-01,-6.604636912903224522e-01,-6.253950974233678517e-01,-3.149133018053978939e-01,-4.923889313892896302e-01,-5.264767364644344916e-01,-2.309789225458290518e-01,-1.588488873154602840e-02,-6.270855169596427636e-01,-6.297870905573142997e-01,2.936223596978393760e-02,6.159901377984036697e-02,-1.701425608745833762e-01,-1.514030005070171603e-01,-3.048130536823812076e-01,-3.719482638996718382e-02,-1.662479756818043275e-01,-5.779800874543954414e-01,1.890087529156323776e-01,2.934088694034412415e-01,4.438106353787047431e-01,4.633755909316961130e-01,3.388263570279124171e-01,4.543983739134557776e-01,-1.075307098780055592e-01,9.967915723322136323e-02,1.374659371595593482e-01,1.182046144708562563e-01,3.371266192640383075e-01,7.919666926425672493e-02,3.194095384325871256e-01,3.357071479605704400e-01,1.828152005585663431e-01,2.084330505133799305e-01,-2.180664250445142893e-01,-4.823942183277352136e-02,8.131877001204890210e-02,-9.038963993024702603e-02,-7.579626067864242422e-02,-9.815896078287057736e-02,-3.056927304999719208e-01,-2.536722185149135611e-01,-5.893727524320098166e-01,-4.177805956728327663e-01,-6.048393138627666810e-01,-5.910935789880142899e-01,-5.378641505466494888e-01,-3.367346345197500534e-01,-5.585723833381716075e-01,-5.264428903627564882e-01,-5.085223246422464483e-01,-3.199804222204500337e-01,4.023519676705459430e-02,-6.307905809165435806e-02,-1.645033042121367139e-01,-1.953880577177094860e-02,-4.956433736595294848e-01,-3.288537069704886573e-01,-4.710770468242516107e-01,-3.039587693818768255e-01,-2.056857547550067500e-01,-1.550337499583802903e-01,-2.375357456901726338e-01,-1.107836555563474074e-01,-3.721987721310921482e-01,-3.237859975241206834e-01,-3.256393276942340376e-01,-6.321793332325695292e-02,-4.133639022273729591e-01,1.690317747040763208e-01,-3.191584054082305388e-01,-4.571034953012057533e-01,-5.185907162302869633e-01,-2.770839823508869926e-01,-7.003606095913401941e-02,-3.618338138718191765e-01,-3.068904090994022393e-01,2.031132658053736717e-01
2.432064043713818430e-02,3.066542562829338049e-03,-9.348979704386774225e-02,-1.729709061098944622e-01,0.000000000000000000e+00,6.627242623282156853e-01,-1.121407674229615153e-01,-1.891007987391495337e-01,7.016823036724234575e-01,6.297381003174871150e-01,-3.084677192024355696e-03,-1.324004506967998984e-01,1.446994607081748298e-02,-4.216237807452895281e-02,7.455642511323725685e-01,5.747592004457044990e-01,-2.586260683830144541e-02,-2.545031767087013036e-02,1.362618697738389451e-01,-3.563226600987597081e-02,1.431572192589533610e-01,4.045195435015949137e-01,-1.165928910175190736e-01,5.738952587155778801e-02,3.247550005692207975e-01,4.121753697784491521e-01,7.267419018452114798e-01,6.865021675632302367e-01,9.567846691023396133e-02,1.303113633789029502e-01,1.951916934588119323e-01,3.354670033523314276e-01,1.631737731177257747e-02,-5.813515389165380826e-02,-1.647054737425347748e-01,-1.221724865574187746e-01,1.181760195365598627e-02,9.306652868802151035e-02,1.557772929873648404e-01,2.702099854395680900e-01,3.753182182647934410e-03,-8.059877088127366529e-02,-2.709644031308698908e-01,-1.302745630612667516e-01,-2.553055513285920619e-01,-1.732119736301115376e-01,-6.208348015541761966e-02,-1.044391981109065309e-01,-3.536174798556011023e-01,-2.639590737413738952e-01,-2.363211381277728063e-01,-2.211857028734723341e-01,-1.061806922162387701e-01,-4.393679979925207979e-01,1.724736811780870904e-01,9.761900418488211884e-02,1.004566451700896063e-01,9.290290211200320780e-02,-2.226031193431997346e-01,-1.030093324077060862e-01,-1.062058001642843391e-01,-1.649189925281246694e-01,-9.945692970460996707e-02,-1.125619335025895840e-01,-2.300250727620873348e-01,-3.208417274252302054e-01,-3.273481786759389056e-01,-3.010735251328291451e-01,2.248373669415665854e-01,-4.425464385670165035e-02,4.312772308098831719e-01,3.405756499510729784e-01,2.057614816141762476e-02,1.718970242136766968e-01,6.847675963181289183e-02,5.354947546092353461e-02,-1.696977912070465055e-01,-1.745329301393170607e-01,1.771427230026075827e-01,1.473217816073755793e-01,3.059216696600974839e-01,9.080373188182733202e-02,1.951366115400191836e-01,1.455787028101490355e-01,3.049985288296781505e-01,3.715746415212053955e-02,4.596686428620705422e-01,2.128299890539405992e-01,2.596810880603725447e-01,1.621706883397348864e-01,-3.702361192566314130e-01,-3.070238905723267631e-01,-8.384978255055111629e-02,-1.903646490496566090e-01,4.567069322241976842e-02,1.392447877571136028e-01,9.581045035142356225e-02,-1.637212118736678518e-02,-3.325881276275007292e-01,-4.444426127005835503e-01,-3.761598945397031102e-01,-2.306898292332419942e-01,-1.824120425670317514e-01,-2.533820030278752244e-01,-2.658044591105523380e-01,-1.414648941386627001e-01,-8.757507524325204573e-02,3.301499165614037862e-02,-2.483731394840084979e-03,2.683678551302033297e-02,-1.331902226980616055e-01,-1.497458155834676674e-01,-3.057346310977218651e-01,-1.469637748088394036e-01,-2.665947009418135338e-01,2.598605358000537560e-02
1.790556240249154343e-02,8.354906621796415189e-02,-2.100759947490542789e-01,-1.506388846697649386e-01,6.627242623282156853e-01,0.000000000000000000e+00,-1.751847868908634476e-01,-1.515541998108369537e-01,7.834719233742355460e-01,7.303244880052799370e-01,4.323712545712867644e-03,1.588942082418961788e-01,1.138302092428745693e-01,2.137175886778493739e-01,5.723818757065908258e-01,7.587018044169042685e-01,2.019388668338216453e-01,2.554927001631561723e-01,-4.389234455690175368e-02,-1.414083652636183297e-01,2.189937864725640948e-01,2.561812070931746010e-01,-1.403202042082326850e-01,1.675423061059317167e-02,4.353134217061856437e-01,6.378603604951679218e-01,4.546106035130023093e-01,7.510551748754071832e-01,1.205288011909907836e-01,2.563566766659140517e-01,2.185387320426500912e-01,2.949246816006398375e-01,2.141080727411398821e-01,2.059282038548567451e-01,-1.909672522610170523e-02,1.359747408895603006e-02,1.313063462083404465e-01,1.625252449614572325e-01,1.101432072534229145e-01,7.426346367538648463e-02,-1.494922604521222408e-02,-2.925670618771111092e-02,-6.822988047532613232e-02,8.778374499050271840e-02,8.361148748519275919e-02,1.729190348619163431e-01,1.392113188390654843e-02,-7.595836423620259958e-02,-7.647132347180912726e-02,4.468053289760089836e-02,7.921708493653392691e-02,3.162283484083340535e-02,8.100640207167804363e-02,-2.347689570824698369e-01,2.469578049773403783e-01,1.685657546466002854e-01,2.412342765981396464e-01,1.792683601299089810e-02,-1.725830784931673689e-01,-2.121129356954229994e-01,1.233910605081694617e-01,4.105366815140636810e-02,1.692564743184345188e-01,1.604864640847297463e-01,-4.133279928973171424e-02,-7.305492616381685511e-02,-1.819627985924440472e-01,-3.366954653511993606e-02,1.105246288453012593e-01,-1.240934870381406180e-01,2.965297886255285897e-01,3.954890859599268227e-01,1.324192959328256980e-01,1.288641823714473389e-01,2.861240992414109119e-01,2.814858528619131328e-01,-7.545192601119578291e-02,7.171976169580168703e-02,4.683145744275944433e-01,3.224208867992977012e-01,5.100688425060259101e-01,3.765876488384030663e-01,2.063798833395890375e-01,-8.660000304485242217e-02,4.080314489657553279e-01,2.532786101559693082e-01,3.915335059179700927e-01,5.693660166046102256e-02,1.266401189300759011e-01,1.458848985904832585e-01,-3.811581747301986400e-01,-5.065109812236183728e-01,-2.322967981787029679e-01,-4.406395323706629452e-01,-1.805405450656110411e-01,-8.576561822039009686e-02,-8.585630240305701377e-02,-2.573113302628814436e-01,-2.238528181890095947e-01,-5.137448107307565071e-01,-3.329638653345256549e-01,-3.398810324379037962e-01,-2.326735146341963045e-01,-4.310402006888812143e-01,-2.178503042792398758e-01,-2.303045925586602038e-01,-1.489451333166605662e-01,1.905213131743731247e-02,-1.132875342014352110e-01,-1.774484884854526934e-01,-1.807376341423335975e-01,-1.407532470917895184e-01,-3.910715816556496471e-01,-3.055446047357526784e-01,-2.587685604253728289e-01,-6.808168059263783323e-02
5.623373471139695434e-01,3.010700368773470692e-01,8.860924048402701869e-01,7.935287846796407196e-01,-1.121407674229615153e-01,-1.751847868908634476e-01,0.000000000000000000e+00,8.524910693286484875e-01,1.846380179886697101e-02,-2.677719258545523950e-01,4.176862498727101913e-01,2.537563151195755262e-01,3.622193515477651338e-01,2.721040638716847870e-01,-3.628443014504070252e-01,-3.693109919517703621e-01,-2.822653277842338548e-01,-1.018337211753441718e-01,5.846892000871417583e-01,6.045507013778564920e-01,-5.486307662032208210e-01,-6.119542750681179477e-01,5.707490391658138762e-01,4.311608756843007262e-01,-1.640012245490326814e-01,-1.137287116250428609e-01,-1.239915994139512700e-01,-1.360682447691431447e-03,-4.334963142959216142e-01,-3.555952237263186322e-01,1.325445096811363743e-01,2.537704960719954217e-01,1.240454525436964911e-01,2.416949624266432062e-01,4.507361767973409872e-02,-2.662549996420487952e-01,-5.532695481066827181e-01,-5.284019289865494740e-01,-6.118744818365474680e-01,-7.421450436939910356e-01,-6.779748364310502762e-01,-2.790683802871216646e-01,-4.845673939400138575e-01,-4.422808446614337474e-01,-4.719295566301866945e-02,1.216267687754384319e-01,-6.082013732436852838e-01,-6.956067440164522830e-01,1.707635760342840758e-01,1.543531468819584196e-01,-1.214438982867691308e-01,-7.831259743470850299e-02,-3.466574723183317719e-01,-1.588470165107454535e-01,-5.313239943264622817e-02,-6.000917106471150841e-01,1.926837176955624731e-01,2.817267481415814956e-01,5.173344254308708257e-01,4.011336642286667531e-01,5.556451884587287893e-01,5.448665156264123066e-01,-1.544814901276045545e-02,1.457527703487004889e-01,1.112025766915702013e-01,4.037809199171844138e-02,2.819726812173898867e-01,9.091873587567995962e-02,1.715884045917076273e-01,1.845544454557280778e-01,1.554437747893116228e-01,1.532390784913458537e-01,-3.081864922330114775e-01,-1.312388555203462814e-01,4.603353496230773445e-02,-1.506243641895669248e-02,-1.393502634975443688e-01,-1.186489606555571202e-01,-1.877352724395823791e-01,-1.683116968311317296e-01,-5.212445175853301915e-01,-3.589085223650821388e-01,-5.932966363381172448e-01,-6.505316240958266549e-01,-4.947387498390629079e-01,-4.391020308161148189e-01,-5.683408178728852622e-01,-5.969732874954173374e-01,-4.429637018161093343e-01,-3.100191534010642846e-01,3.212942213992454887e-02,-6.251995304118417029e-02,-2.064907303522578452e-01,-1.420351690303117177e-02,-5.690764311918430352e-01,-3.704845594501484096e-01,-4.748160079526954069e-01,-3.177061512334768412e-01,-1.117940224003742267e-01,-1.237786203885638259e-01,-1.881574611403052655e-01,2.202084237692928173e-02,-3.889139470078442073e-01,-3.137890407644039481e-01,-3.805370232700771016e-01,-8.112035260017028127e-02,-4.667194514648110859e-01,2.700868843647606377e-01,-3.973385906097093301e-01,-5.190780501669902680e-01,-5.455532705662443638e-01,-1.495590842453128622e-01,-1.048542436600166244e-01,-3.518971379206612404e-01,-3.781553491227503949e-01,2.887561214790561048e-01
4.016468938434284430e-01,2.973227025504364684e-01,7.997666328927651724e-01,8.624320744783738890e-01,-1.891007987391495337e-01,-1.515541998108369537e-01,8.524910693286484875e-01,0.000000000000000000e+00,1.803143763325059518e-02,-3.209438769850906925e-01,2.829404079521395388e-01,4.950081317084257804e-01,3.171246006718635435e-01,5.009942317303639481e-01,-4.198784268087416005e-01,-3.414179495243421236e-01,-2.179754853489762334e-01,2.720917073879465173e-02,5.076041337305593482e-01,6.159523804253022039e-01,-4.395360201547603984e-01,-5.758364945701458515e-01,5.372114228066764419e-01,5.407661465844123549e-01,-1.549438409890828150e-01,-5.315904963296082253e-02,-2.418786428118932519e-01,-7.190691740709777291e-02,-4.719773429050972413e-01,-3.056344116968129909e-01,1.772422875130379438e-01,3.088927754001428161e-01,2.060372314663870830e-01,3.491836420114137751e-01,1.066511855117490554e-02,-2.368870629337118117e-01,-4.772672236487316977e-01,-4.782823425554788010e-01,-5.321942105514354537e-01,-7.010172411296052841e-01,-6.336830247278109063e-01,-1.841487177702149369e-01,-4.333770301808959058e-01,-3.941595778168245356e-01,-5.563520851742946582e-02,1.530393939340501386e-01,-5.057441994579466860e-01,-5.970974787683251961e-01,1.024527823518180392e-01,1.572931318408477830e-01,-4.175322045131280718e-02,-1.913237943282559625e-02,-1.677595939311819495e-01,9.959506562671038843e-02,9.253095212771270117e-02,-4.517755553990364659e-01,1.010573936739859457e-01,1.822131790723369726e-01,4.443166940062224235e-01,3.292905362615793363e-01,4.644866149063668348e-01,6.133406070759834794e-01,8.266542345035435974e-03,2.903555975772838527e-01,1.603564506375244336e-01,1.231193370844048118e-01,1.911666482778072995e-01,1.284086572231712964e-01,1.356552942972738818e-01,1.602372410048862050e-01,1.089304838938305944e-02,9.089972844964908094e-02,-3.205942125384897978e-01,-1.152770255308877556e-01,6.379009542036642721e-02,2.474823191245651907e-02,-1.421030181803634163e-01,-3.256743882192876353e-03,-1.329107879746943832e-01,-5.103316836836018638e-02,-5.113694733576138463e-01,-2.951471145764437698e-01,-5.496903768342482621e-01,-6.660743552032946102e-01,-4.806695567357407994e-01,-2.544461787911690975e-01,-4.987314925149302081e-01,-5.828356028463583804e-01,-3.958691098428357424e-01,-1.807731110048314549e-01,1.653373517466054932e-01,-6.962741537022489047e-02,-1.073622045433920424e-01,-2.426188010538261539e-02,-5.626825211847582553e-01,-4.331062549908377690e-01,-4.833684267499623877e-01,-3.701819292312765186e-01,-1.918982924397045001e-02,-1.505133236553085896e-01,-7.954924616197332765e-02,2.990569433000008284e-02,-2.912403140439112081e-01,-2.549115859599782596e-01,-3.616865144223477824e-01,-1.838275299449234623e-01,-4.336970627397049305e-01,3.273532453242672391e-01,-3.920946499559222476e-01,-5.446973555205637529e-01,-5.542430284630287529e-01,-1.809911574699404890e-01,-1.584016377935094644e-01,-3.866371649692859624e-01,-3.758414514261481099e-01,1.884325117653070925e-01
2.745656356457780098e-02,2.793742397834317326e-02,-6.219113909063631734e-02,-6.136755080613827407e-02,7.016823036724234575e-01,7.834719233742355460e-01,1.846380179886697101e-02,1.803143763325059518e-02,0.000000000000000000e+00,6.765709722439741114e-01,1.489781875956833757e-01,1.558576721063606729e-01,1.826061053735326956e-01,2.414253454044738845e-01,6.737800743255413227e-01,6.886496802898413039e-01,1.109479969301768870e-01,2.041765763713668524e-01,3.070683437733682727e-02,-8.691678608953690155e-02,2.631693392287606237e-01,4.024213448666261739e-01,-1.121459072841983484e-01,1.105600275235895380e-01,5.271515531360847495e-01,6.878808679980802365e-01,4.367605461059333449e-01,7.986062215326251712e-01,4.106261085749216000e-02,2.019726733360834026e-01,3.422560499878837259e-01,3.286535051814974961e-01,2.814178207890529748e-01,2.217672534366626480e-01,-1.731196213892522429e-01,-1.604510564440842224e-01,1.075115366872535227e-01,1.226750415734548239e-01,1.408450720303335013e-01,-2.456514809716976375e-02,-3.582833340159279761e-02,5.731862315963916384e-03,-1.092750068972733885e-01,5.944979656441853194e-02,5.680366445658365307e-03,7.302315103767362259e-02,2.146088055748745366e-02,-8.291682517743639846e-02,-1.694775587527220517e-01,-1.418416781608625443e-01,-4.001737897384871623e-02,-8.407826271390812789e-02,2.645850964097082487e-04,-2.971126572095791896e-01,2.772993418049928827e-01,5.888549876034216563e-02,1.052501562160058635e-01,-1.527281207093989825e-02,-2.220641416005775248e-01,-2.624968145221023286e-01,1.629701495350861506e-01,6.425269008206350996e-02,1.211405498871546277e-01,1.292562651286242315e-01,-1.287944141944419585e-01,-2.442048848788965776e-01,-4.129237691381900666e-01,-2.890080052103280450e-01,3.544287816813781328e-02,-2.521544119747904933e-01,4.264839935617680822e-01,5.023523305385907411e-01,4.524154313755810591e-02,1.362425797298915386e-01,2.532258875269121634e-01,3.974618320339584066e-01,-6.940501385521478939e-02,1.049760066833810429e-01,4.625766529463267718e-01,3.913466646089083234e-01,4.166483735256367726e-01,2.309668809007534296e-01,1.999720100703318293e-01,-8.779848595991204818e-02,3.199625770127004776e-01,3.672476502827668604e-02,2.869245020120028133e-01,-5.053673976955824765e-02,1.341842273266347363e-01,9.324393146774982710e-02,-2.517645563079399795e-01,-3.465289902044311199e-01,-1.129263981711453868e-01,-2.655753602912596101e-01,-1.710727031565706657e-01,-1.302358777936011847e-01,-5.063699150022718531e-02,-2.562649772733139875e-01,-1.315586005831947958e-01,-4.019322130721894037e-01,-1.678374148915517949e-01,-1.396158914955644703e-01,-8.385258519262682453e-02,-2.441732955581997211e-01,-2.477708841615452184e-01,-2.263104013201190090e-01,-8.168660863993386367e-02,1.005488916002422878e-01,-2.565988366514435626e-01,-1.671369918541444066e-01,-1.969932073947966433e-01,-1.155195623847364850e-01,-3.396945961556263605e-01,-2.612264699968515069e-01,-2.200759400997540360e-01,-7.699559008949516392e-02
1.034246573463279140e-01,1.885808064110618687e-01,-2.275684344553645655e-01,-2.316339096643146578e-01,6.297381003174871150e-01,7.303244880052799370e-01,-2.677719258545523950e-01,-3.209438769850906925e-01,6.765709722439741114e-01,0.000000000000000000e+00,-2.263496339037147920e-02,-2.425144525790669525e-01,-1.976290955706614949e-01,-1.263114305880028987e-01,5.399391072176473738e-01,7.893617965305158579e-01,1.030047470896306994e-01,-2.644125959415601079e-02,5.115498788269097138e-03,-1.162212821758874526e-01,2.157677039463253288e-01,4.430414470681194317e-01,-2.871212775968551845e-01,-5.690912219470229544e-02,4.352577228442368606e-01,4.993912133506686057e-01,6.054504865409870984e-01,7.415291492254593164e-01,8.665681942158066919e-02,9.224404302170506609e-02,8.957281808972601678e-02,9.906360191366728185e-02,-6.327451243339714260e-02,-6.838695003433950537e-02,-1.542887229380530967e-01,-1.213007123938466270e-01,5.500030194857794680e-02,8.204018119010909882e-02,1.590233620858227670e-01,1.747527918329150054e-01,8.014523991719896268e-02,-2.245503657252177210e-01,-1.625942737671996763e-01,-1.164050106804791762e-01,-1.362533200954150758e-01,-1.036467909048174180e-01,4.279977980917314129e-02,3.672768933941464309e-02,-1.367938822810307042e-01,-1.430494676550889688e-01,-1.250356173482311539e-01,-9.912804001149122524e-02,-8.766934864998784938e-02,-3.724866530280939170e-01,-1.267193785586924193e-01,-5.016042053971927345e-02,2.982462895931100033e-01,1.730565708343609066e-01,-2.228489000806172238e-01,-1.114249521922103803e-01,-8.186466185278923335e-02,-2.005218881645154105e-01,9.436975507259492968e-02,2.162310581295638981e-02,-2.711212870773112571e-01,-3.456367951097598645e-01,-4.193085313170986095e-01,-4.453025629045086475e-01,1.980603614702285964e-01,-1.183283716478812121e-02,5.020515840100975291e-01,6.279289942187042950e-01,2.187392486484155407e-01,1.812575451491071910e-01,2.689929038197592659e-01,2.492273423425625523e-01,-8.624009648449675047e-02,-8.182866407349985438e-02,2.110369347684307451e-01,1.148651917178433873e-01,4.156203173450204180e-01,1.500822975766347711e-01,2.429337724399674991e-01,1.779965917131960118e-01,3.936980944852388475e-01,7.986033079369218857e-02,3.246613593647078022e-01,1.361940993625382623e-01,1.052075371181604990e-01,-6.370799471604970954e-02,-4.747847096067661088e-01,-3.249839656189537629e-01,-2.649443533410343887e-01,-3.332191436736861023e-01,7.035593682516917691e-02,1.056010104236858455e-01,7.756599351198269210e-02,-1.422412587279935602e-02,-3.726860415773207702e-01,-3.530118546103777066e-01,-3.328316213951461044e-01,-3.496397573216905585e-01,-1.354559670230739976e-01,-2.617666361998695068e-01,-1.526317960332985446e-01,-1.246955639517946801e-01,-4.490256320739360180e-02,-2.329261800859550313e-01,-5.827635493755178170e-02,4.670533900101474928e-02,-1.508478229058311457e-02,-1.014123983354853348e-01,-1.862249730633021849e-01,-1.225375342011606195e-01,-1.321862378453168008e-01,-1.923813838537263565e-01
4.556458994024538134e-01,2.762353163919045174e-01,3.249296201165768339e-01,1.611925058948826817e-01,-3.084677192024355696e-03,4.323712545712867644e-03,4.176862498727101913e-01,2.829404079521395388e-01,1.489781875956833757e-01,-2.263496339037147920e-02,0.000000000000000000e+00,3.641666578568601431e-01,7.140415922787520797e-01,4.237068755794981545e-01,6.851813100428680303e-02,3.348487461219409878e-02,2.994720131444563171e-01,2.788684029553168409e-01,2.503327111013268214e-01,1.406303481502644559e-01,-1.713240986538640265e-02,-2.100583010745201984e-01,3.225505066800314902e-01,1.823441157577797012e-01,-9.875952922468735073e-02,2.809211510623492100e-02,-1.284835903272326385e-01,1.233785209287095730e-02,2.261296497760350022e-01,1.111704756632197894e-01,3.450474788259851877e-01,2.226846071462810217e-01,2.998544859313825861e-01,4.519841826539707230e-01,-1.850493347610777106e-01,-4.602172862241054041e-01,-4.081605152647533458e-02,-3.316513435440602425e-02,-1.240069455733559256e-01,-3.575230328144456959e-01,-1.141997030735070751e-01,1.152189843659146284e-01,-9.245805951569653625e-02,1.004952275088519080e-02,3.410891398478039793e-01,4.423222241325194259e-01,-3.361786443918313161e-01,-4.132469699565148313e-01,5.367668071068126823e-01,4.526830678123389684e-01,1.800163353256663823e-01,3.301647343056732242e-01,-1.065877681584121855e-01,-1.589047668627887877e-01,-1.642770216588694543e-02,-3.731225706665027841e-01,3.734747419135766022e-01,2.515616687061525414e-01,1.542289480519804246e-01,-2.962165251554063281e-02,6.238768532924598986e-01,5.115401213810322201e-01,5.008523063392021912e-01,4.224860020505876723e-01,3.121350820556818562e-01,1.815452332366240540e-01,-8.671651620663983762e-02,-9.426300218395540498e-02,1.490644407082014102e-02,1.213112266534365213e-01,-1.118850277466862941e-01,1.242128546718033466e-01,-6.161689727164670199e-02,-4.385709979838541689e-02,-7.894928828369500440e-02,2.246606935254801263e-01,-1.576490580753578119e-01,5.492385944971553413e-02,1.029144441429431650e-01,1.086983587700769971e-01,8.705292790713221873e-02,9.564810157682700209e-02,2.289339720586232307e-02,-2.167976121977847337e-01,1.976472848060236431e-01,-1.535505357502232882e-01,-2.940058287100577039e-01,-2.396295058010181611e-01,-2.572960761001873986e-01,-3.685692868279216716e-01,-3.268296206050591568e-02,-2.593777979802829314e-01,-3.757154558658801213e-01,-1.379236527333660978e-01,-5.139468301830848462e-01,-5.656365619080552243e-01,-5.288120425386518830e-01,-4.949100058049933915e-01,-1.069024342014601031e-01,-2.139411169465416651e-01,-1.951460815934487614e-01,-1.849252054844910120e-01,-2.914031884044283038e-01,-3.022388219154514277e-01,-2.529396066191629266e-01,-3.276905771353039731e-01,-2.747970529078536672e-01,-5.584010417503443985e-02,-4.366854599399770942e-01,-4.658225673606569139e-01,-4.680559145536128951e-01,-2.319799369517109855e-01,-1.979754227122096644e-01,-3.248352924484361193e-01,-2.597792978333641201e-01,-2.642036157383056277e-02
3.408473775304479009e-02,4.554217027330685619e-02,1.560505723364225827e-01,2.021843043714851296e-01,-1.324004506967998984e-01,1.588942082418961788e-01,2.537563151195755262e-01,4.950081317084257804e-01,1.558576721063606729e-01,-2.425144525790669525e-01,3.641666578568601431e-01,0.000000000000000000e+00,6.307587065706179441e-01,8.783603270096653759e-01,-9.743921457148156662e-02,7.893693614514932233e-02,3.412713231099442912e-01,5.996011744784421893e-01,-3.778929121409591030e-02,2.118143467750845110e-02,1.906230131559295549e-01,-2.510447779053208150e-01,2.950816205658105540e-01,2.903953287546693351e-01,-3.540161821923756835e-02,2.216841850633558819e-01,-4.336506122532360341e-01,-5.333189610289039428e-02,2.029169182448369371e-02,2.398062538846847669e-01,3.707822302499282352e-01,3.401569585626015857e-01,5.351507892763778251e-01,6.615013475360363993e-01,-1.323849074410471671e-01,-1.417720595772409553e-01,1.723034643341507244e-01,1.691822353278314428e-01,4.272685484697946040e-02,-2.903077489206631889e-01,-4.264689921218842161e-02,3.245921804649513631e-01,8.251076642722153520e-02,2.651406022241685201e-01,4.291656184616267633e-01,5.728628233488324284e-01,-1.388703510410124785e-03,-1.882698336238552705e-01,3.071349313080484755e-01,4.973512504494499997e-01,5.135619853086276221e-01,4.989980548882315681e-01,4.679995584705972655e-01,3.977864943683530607e-01,5.888518793380362881e-01,1.752511989280823024e-01,5.879936447203228111e-02,-1.263422828695335842e-01,1.061198428752428286e-01,-1.848330087095637342e-01,5.033863763120824952e-01,6.275377768996438510e-01,3.860596231896166741e-01,5.563827329134443112e-01,3.706559304469871363e-01,4.743270712836559211e-01,2.285946678075691935e-02,3.653932595591192767e-01,-2.463547474435056894e-01,-1.891814657539046818e-01,-4.145403790162404123e-01,-1.707165533230016186e-01,-9.977767992037132883e-02,-9.483176565935177993e-02,1.189483049600302822e-01,3.510861029523005272e-01,-1.255136509393315059e-01,3.357434344210867283e-01,4.556330524483357403e-01,5.040682230033763922e-01,1.900144038960842052e-01,3.875913055493269699e-01,8.463072265175632103e-02,-3.537479420005729680e-01,1.728223415873748892e-01,3.561282379054743763e-01,4.454092836280160866e-02,-1.007851269190293830e-01,-1.113485946516436622e-03,2.164357094690801397e-01,2.245683500914985586e-01,-3.599004553831861020e-01,-9.391489987370560399e-02,-2.114185431876254573e-01,-5.463746065693019238e-01,-6.006298129014600029e-01,-4.716643676768807469e-01,-5.484468171298569894e-01,2.224673862242571021e-01,-2.590116220650490741e-01,9.940583341245104454e-02,-1.082678334828483628e-02,-1.066569201392656846e-01,-2.109929305552700196e-01,-1.656155118916015911e-01,-4.181393626506797467e-01,-2.476281223698941492e-01,3.255476009065499388e-01,-2.978929737360044849e-01,-5.880687241998110437e-01,-4.465711269045277709e-01,-1.420591272258580340e-01,-4.213229541828112934e-01,-3.278719148422076790e-01,-2.756156357931934808e-01,-7.067340420877611662e-02
1.617499886858063951e-01,-3.400266291288337600e-02,2.882593450536928836e-01,1.365594982827890436e-01,1.446994607081748298e-02,1.138302092428745693e-01,3.622193515477651338e-01,3.171246006718635435e-01,1.826061053735326956e-01,-1.976290955706614949e-01,7.140415922787520797e-01,6.307587065706179441e-01,0.000000000000000000e+00,6.973018883840870208e-01,1.797282135363420519e-01,1.477286616087325477e-01,2.652606140829543158e-01,4.903899957302205737e-01,8.408706146475931897e-02,-6.183635247091935627e-02,1.954450495434110202e-01,-2.049365279935459194e-01,5.279618168439490500e-01,3.746213006286088776e-01,1.085653198631259114e-01,2.108042109341223824e-01,-3.287321133683776542e-01,-4.702096196098706077e-02,1.018813219162135603e-01,2.410684144032990139e-01,5.222682815315043969e-01,4.551265837485224952e-01,5.372861321263074919e-01,6.463558048832755976e-01,-2.074857872249290594e-02,-2.551585335638347773e-01,2.115703149721366860e-01,2.080283277338023928e-01,2.798248823389612450e-02,-3.112638366417018188e-01,4.773431005944765021e-02,3.360750810931349419e-01,7.401905250794943436e-02,2.148085744141039755e-01,5.174908406708434994e-01,5.569636997065845474e-01,-1.989400548299063154e-01,-3.523347544704835688e-01,4.739164569836590291e-01,4.969995426346048850e-01,4.170112080975634794e-01,4.151261545651094842e-01,1.993127966467260481e-01,1.468745190112987764e-01,3.790613267361788719e-01,-8.852386725745460538e-02,1.310397189166923604e-01,-9.793882017218982772e-02,5.029936582607276441e-02,-2.688480180549807086e-01,5.979644145825300239e-01,5.779907468096150414e-01,3.195386997501006854e-01,3.652914705712591026e-01,6.541288918238132855e-01,5.079100216104457388e-01,5.611499920438000472e-02,2.294148731661371232e-01,-2.595108384063865015e-01,-8.621312115839949164e-02,-3.257326425443390350e-01,-1.094599909271711385e-01,-1.511510443363829892e-01,-1.857683549143206159e-01,-2.578458185896527824e-02,2.265670165304982386e-01,-1.419417039196569641e-01,2.213657793797255968e-01,3.220621901109470553e-01,3.359366135777274720e-01,1.987090623210008289e-01,3.451548354102703109e-01,1.786169082203147573e-01,-2.269222094064915207e-01,3.610893472480916633e-01,1.045272691437453688e-01,-4.768408223771736926e-02,-3.556919292136741240e-02,-4.396922821643713120e-02,1.145113970332301521e-02,1.754940744130346897e-01,-2.761609341293163600e-01,-1.869929753422372720e-01,-1.171654564952595394e-02,-5.915686437837293088e-01,-6.779229342984797180e-01,-6.168546650874281445e-01,-6.296011912984846859e-01,3.109672238968866007e-02,-2.118161645343579202e-01,-1.058905546003634929e-01,-7.006834190235837478e-02,-2.947283487703086791e-01,-3.030737891930738170e-01,-2.672692381786891391e-01,-3.887493941639046935e-01,-2.770718419808710364e-01,1.538856557881561060e-01,-3.774702770395327867e-01,-5.418598112433428149e-01,-5.137769378464293046e-01,-1.931394158381388448e-01,-3.429552422159331537e-01,-4.195695657024832714e-01,-2.830925825656707695e-01,-1.380732680527730627e-01
