0.000000000000000000e+00,6.132899812284658969e-01,1.366690949162225471e-02,3.688655209022367876e-02,-2.194968476129021129e-01,-7.627032875047708160e-02,4.414728036977577097e-01,3.183634929122136636e-01,9.250804518620135697e-02,3.175303969747950150e-01,4.499519281354594225e-01,3.649061214383538809e-01,3.812512167276451147e-01,2.783094862415376181e-01,-1.085025581356577687e-02,5.855558937486373544e-03,6.826271926808193113e-02,-1.152462341297415260e-01,6.699981980665116188e-01,4.296954782133737272e-01,-1.292907987740002651e-01,-8.719161305405807860e-02,-4.910623854580738884e-02,-1.206516062304599790e-01,-3.656790160543946788e-01,-1.711542824635637061e-01,6.578116021292754190e-02,-3.391950173202434859e-02,-1.746599797763865453e-02,-7.860901392233674012e-02,2.011578918477257560e-01,1.668136154331723714e-02,1.127048399184162886e-01,-7.936702078295693186e-03,-1.354837924845649078e-01,-2.350771902512537870e-01,-2.471387271539219610e-01,-2.732836654919472696e-01,-7.688476872834390519e-02,-2.179872318077400589e-02,-4.270100779877045172e-01,-3.461511243949363936e-02,-2.230728828146541221e-01,-1.661717108516718722e-01,-2.917345310252724699e-01,-2.173568510316778168e-01,-3.086057034824102319e-01,-4.112955302754452425e-01,-2.308481479042959195e-01,-1.149184064750590761e-01,-1.309712877166985256e-02,-2.665794806295547215e-01,1.353186202404586813e-01,-1.663711122305745471e-01,1.199489937504082671e-01,-9.900298646787115964e-02,6.078263050683906377e-01,5.744749454232042085e-01,6.441787348515987111e-01,4.045323228779112434e-01,5.968608919725100215e-01,4.444334808873589560e-01,2.357857639111774761e-01,2.710071673677912352e-01,-4.795180659766345999e-02,-2.317809679537462253e-01,-1.951024764442929049e-01,7.981722422384903218e-03,3.891737698931528877e-01,1.021007139724766088e-01,4.255505799418827784e-01,2.100247702442480380e-01,1.687321890495582233e-01,7.703453002939833483e-02,2.813617846920331567e-01,-1.281060902749588115e-02,2.255904386861143363e-01,2.019689994735702487e-01,-1.194595733979936236e-02,-6.510389595203584789e-02,2.193370230742802685e-01,-1.117366031498372020e-01,-4.274359761980834893e-01,-2.264676008104780092e-01,-1.394777982366350033e-01,-2.271977070560663725e-01,-2.683924972816741084e-02,-6.757670004474905512e-02,1.065676891809451965e-01,5.784809918583479205e-02,-6.151823167519333835e-02,-2.568103110424224123e-01,-1.880995146231922710e-01,-3.233865911760566703e-01,5.853384777365157332e-02,-2.552234134834172052e-01,-3.465005189555486753e-01,-2.184503329925688297e-01,-4.422425036067878512e-02,9.624772617716000067e-03,2.192563749503959603e-01,6.213357322221991358e-02,1.603711899565167243e-01,7.422361616951687890e-02,-2.024065451475616229e-01,-4.508948758767163389e-01,-2.517714776056324544e-01,-1.877731666420864309e-01,-2.272530894209466301e-01,-1.058887821535032664e-01,-3.313156931753921119e-01,-1.916998450391052822e-01,2.358961837485972976e-02,-5.478327478184933513e-02,-3.554599686016809978e-01,-2.909118360750573284e-01
6.132899812284658969e-01,0.000000000000000000e+00,2.543776722455605155e-01,-3.102300823850694111e-02,-2.263263767735274393e-02,2.305551981970758724e-01,2.716351339274521437e-01,1.241937882970464424e-01,7.024251991747459956e-02,1.954967168725184334e-01,2.321679451284510975e-01,3.821263883680680040e-01,2.845675344751593672e-01,2.517573175501546801e-01,3.021870784495025442e-01,3.567407917332743317e-01,2.350186187705666507e-01,2.915052703549914637e-01,5.802374012166550132e-01,5.667397372337595884e-01,-1.515434887183485582e-02,7.293076297613229619e-02,6.191436502699625144e-02,1.298066169197849562e-01,-2.556271412724551162e-01,-1.529970238481028963e-02,3.218069287191789862e-01,8.885797359853106481e-02,9.840048636107795454e-02,6.358461911737017802e-02,2.871858597767896759e-01,1.564017783405728390e-01,1.845231336718459736e-01,1.274095494921862193e-01,-1.689870168868062295e-01,-3.414715630055001894e-01,8.965817425604721835e-02,-1.967709791524426821e-01,6.404735898216128154e-02,7.409059241226111092e-02,1.737192499604835183e-02,3.013034654057852868e-01,-5.642306578673371709e-01,-2.092585827951271571e-01,-1.786143604734763690e-01,-3.220990166595212867e-01,-4.138434960726515843e-01,-3.342696437511558649e-01,-8.812394797178750572e-02,-1.745092347854363957e-01,-1.688222821324736334e-01,-3.121185856056794550e-01,-1.506295298293531260e-01,-4.586331535774331725e-01,2.764857922465238094e-01,1.667502804346117917e-01,7.338255103603811280e-01,8.035118039767130682e-01,4.263737346058889544e-01,4.107849863283520309e-01,3.639704518000776989e-01,2.208091076192457425e-01,4.216863880930183384e-01,4.216240884283595225e-01,-1.120023639942618193e-01,-1.050085504410488424e-01,-2.553656642667612858e-02,3.254399277830875153e-02,4.044621030276155937e-01,3.873836140502404657e-01,2.105988969351751672e-01,-1.254759937877017277e-02,2.329796345673665892e-01,2.637764621064772608e-01,2.194486747910083524e-01,1.896386130101227196e-01,3.976767364523016712e-01,3.013853855978596563e-01,5.030195767293174636e-02,1.151097805960077103e-01,3.182978584909011421e-01,6.213887742316158425e-02,-1.230362443206917678e-01,7.561353528611600150e-02,-2.732163924875224970e-01,-3.394294052849953780e-01,1.768385876097050835e-01,1.685590668372666801e-01,8.708097332182340722e-02,-1.472852676308117337e-01,-3.900873140659375515e-01,-4.863777920326204929e-01,-4.568366010887268680e-01,-5.475912960175923772e-01,1.756245014429905771e-01,-1.867529721790340824e-01,-3.325778659536869353e-01,-1.874336998271758092e-01,5.620147405206239732e-02,-2.285331163607168953e-02,2.995737203534075688e-01,-9.241034067746406455e-02,4.933856564303419900e-01,2.419476219829519437e-01,-9.009618707520890279e-02,-1.800966144422894155e-01,-1.154455408396342919e-01,-1.587501197576950407e-01,-6.103250442316426883e-02,-8.033253796447223372e-02,-3.286657809780750283e-01,-1.268721525434058361e-01,-2.294372145532119489e-01,-6.589334125563721389e-02,-3.590722620466965664e-01,-1.333392030423931895e-01
1.366690949162225471e-02,2.543776722455605155e-01,0.000000000000000000e+00,4.909368434233494227e-01,4.460059768201621866e-01,3.471082216743340276e-01,2.552358316105375891e-01,-3.572735474108393317e-01,-1.924224358269924495e-01,-2.345413775630456332e-01,-2.410459026543131933e-01,-3.072114164606656872e-01,1.286257325821142383e-01,-2.923042635356765673e-01,5.903055790672271375e-01,2.459633211870860814e-01,-1.512597705876115584e-01,-6.850919785287537533e-02,7.872413694887316071e-02,2.375155387584569899e-01,2.227000209308755141e-01,-9.652005846259997801e-02,7.511084068750657483e-01,6.911532839943980155e-01,5.625380937838578843e-01,7.019584362438631153e-01,3.059077800093920607e-01,1.051346034380220285e-01,-1.571727167142852877e-01,-3.394376938061880455e-01,2.771643417882399540e-01,4.703264290675958637e-01,2.924298924618451423e-01,1.401790923570014891e-01,3.902926047252182062e-01,1.594199890963885757e-01,3.979766227945286117e-01,1.345787670246983633e-02,-3.018149865914195734e-02,3.395973695019938177e-01,3.622597460677412506e-01,3.537165625067550945e-01,-1.703702695457985639e-01,-1.549812966086026866e-01,8.824334155401532265e-02,-3.553527798596193832e-01,-4.168637246624555259e-01,-4.155514351568462272e-01,-3.969111571344889899e-01,-5.761037518724401174e-01,-3.368515518675682663e-01,-2.159281765104795192e-01,-3.575159505875294408e-01,-2.794338096862801213e-01,-1.947047862443049282e-01,-2.795797844121363784e-01,3.056614532080796920e-01,2.812763837030171077e-01,-3.664673455637966759e-01,-3.321749769149230369e-01,-3.088791016420883717e-01,-5.978938440394057086e-01,-1.775196608055188974e-01,-1.480162966048241824e-01,6.044841786108008375e-01,3.603627066945233604e-01,5.411038864880137744e-01,4.432937858547869037e-01,3.338634752549599072e-01,3.962671169772635227e-01,2.059795067416699821e-01,3.626277586129397074e-02,1.951811630425438759e-01,2.676918230775889307e-01,1.253511457190865062e-02,9.481531948095721363e-03,1.932357706517045526e-01,5.035969503514068496e-03,-5.653856064376135832e-02,3.039465794946595856e-01,-3.557998113608384361e-01,-4.947021964368406716e-02,2.101958450213305563e-03,1.099665322036753601e-01,2.662466049435407989e-01,-1.198386767951590270e-01,3.028081971997936273e-01,4.567750383588154994e-01,-7.931608835478203001e-02,-3.098564684505913935e-01,-3.299105812226691969e-01,-2.933664585234734279e-01,-2.073476811856611590e-01,-1.110175175895465743e-01,-6.784430117603261479e-02,-3.250432882789583422e-01,-1.797513482810791374e-01,-3.189160415186678144e-01,-4.336410342898751602e-01,-4.988439066611844441e-01,-1.198835627713391583e-01,-5.455152900910907876e-01,-3.913913958014662159e-03,-1.970769901442486205e-01,-3.616635404572521306e-01,-2.412425174221649038e-01,4.051680698216825888e-02,-3.761194281560116259e-01,-2.928343293712021844e-01,9.601754418224460463e-02,-4.328520787244944934e-01,-4.037189357740171292e-01,-2.102784730666925617e-01,-2.564268303243775748e-01,-4.036070726060806413e-01,-1.873974654649319116e-01
3.688655209022367876e-02,-3.102300823850694111e-02,4.909368434233494227e-01,0.000000000000000000e+00,1.257909467256947411e-01,1.899764522499770847e-01,2.103686819424597509e-01,7.203346744187545669e-02,-7.022115253720745409e-02,-2.039884723992641258e-01,-1.089536833301505692e-01,-9.947668722068102320e-02,1.669791418382108594e-01,-6.132742751893852096e-02,5.802355526739419456e-02,-1.979069213378307768e-01,-2.955005372069778313e-01,1.081321937962202370e-03,1.002810508209237006e-01,2.574107995108418923e-01,-5.625759528253588583e-03,-1.226032606775861594e-01,5.674126014229643467e-01,4.947509133855830243e-01,5.827002620316723558e-01,4.375157658389097204e-01,1.566265754968404825e-02,1.614067617876253358e-01,3.812882023283540212e-04,-2.931898829647693328e-01,1.168576437537727358e-01,3.464263665505358802e-01,3.681962086579261273e-01,2.011987718340908227e-01,3.343381763015853547e-01,1.429528436195419139e-01,4.561110517437492323e-02,2.207488098937389343e-01,-1.890654138258345274e-01,1.207761027101159484e-01,5.040530584633925310e-02,9.752703676470490801e-02,1.418430703180900698e-01,2.831150724179656505e-02,1.830918846330905903e-01,-7.381173518377684949e-03,1.102792935424994937e-02,-8.377454031761004394e-02,-7.592049663236466461e-02,-1.756972028647136308e-01,6.170245686556467130e-02,1.253380674106880088e-01,-1.159167414783880646e-03,6.389137896924151905e-02,-2.585701376885328751e-01,-2.529130021689189878e-01,-1.559776910703198835e-02,2.198722916768697938e-02,-2.417646548471844292e-01,-3.501207316826625560e-01,-1.597112947134129157e-01,-4.473043316399333835e-01,-2.967766372761749261e-01,-2.701083113536555391e-01,3.845693618487529553e-01,4.266712569188260695e-01,4.163549944376466194e-01,3.582100518962035851e-01,2.096177949824789000e-01,3.914945799231189794e-02,1.300678569472779600e-01,1.145847189617029138e-01,1.275891186873669980e-01,9.695663627063891288e-02,1.701644578382049411e-01,-8.166541638904331601e-02,7.921873516078271893e-02,3.891721076401818968e-02,-2.544616680790118823e-01,-3.959885159222967937e-02,-2.604281002630595698e-01,-1.133500936284413396e-01,-3.247710464868100999e-01,-2.255237934078393180e-01,3.914775892414147918e-01,1.414326763787596142e-01,1.810859291739659593e-02,1.012255611517016846e-01,1.511528681325948094e-02,-2.783119428134781526e-01,-1.527837713707224376e-01,-2.224232606281841274e-01,6.645735639585886693e-03,-6.913039808226371929e-02,-2.492423816085678479e-01,-4.224372210764905655e-01,-2.833467937393832070e-01,-4.314708561159467104e-01,-4.488534703365883449e-01,-5.259804279593635057e-01,-9.872151935800389799e-02,-4.508538918771220483e-01,-2.085911743616880309e-01,-4.267261604776110828e-01,-4.249036229429293265e-01,-4.641892030982558981e-01,-6.311514035687805502e-02,-4.803631893392683594e-01,-3.996005003395118327e-01,7.119782584339379161e-02,-2.009793809997231506e-01,-2.357959568119062654e-01,-4.465536182089586276e-02,-1.148225698362097258e-01,-1.573925236959591856e-01,-3.134669563714539975e-01
-2.194968476129021129e-01,-2.263263767735274393e-02,4.460059768201621866e-01,1.257909467256947411e-01,0.000000000000000000e+00,5.984619538683757511e-01,-1.192117280344073965e-01,-3.489013725003952127e-01,3.111280102336576592e-01,-2.810613100078923968e-02,-1.453918120853606721e-01,-2.673100372166296035e-01,-2.404932119680181987e-02,-2.109262033502765088e-01,4.425049456568361239e-01,3.837338106879242261e-01,9.720760099601689908e-02,5.960701471910763438e-02,-7.857691932170804416e-02,-1.414842838589606411e-01,4.900772906874916179e-01,2.691584434234705059e-01,4.807945036190311994e-01,5.258536329128263853e-01,5.738433695617830566e-01,5.808911345885523492e-01,5.642159617802118277e-01,7.534166632137796749e-02,-1.126390286601558766e-01,4.113728273684454095e-02,3.133927077492062452e-01,4.106823700447748138e-01,3.621170757630726711e-01,6.258835626664878415e-02,3.645586472976073411e-01,2.306154982257938302e-01,2.964094102970006861e-01,1.192113067287550038e-01,3.194685080584320769e-01,1.691905822878517762e-01,2.614358995892580584e-01,6.734473256856099432e-02,-3.387424526652052514e-01,-2.878540143793125727e-01,1.278066011033766880e-01,-2.503168921126534552e-01,-1.688885612545080184e-01,-2.461749492096358682e-01,-3.727031346678082446e-01,-5.262898906645123720e-01,-4.860965481624963669e-01,-4.270507455808608688e-01,-5.308963397915564819e-01,-4.942983111267207907e-01,-1.417473903451586525e-01,-1.847596875010740491e-01,2.091849438184500976e-01,1.558700746868229570e-01,-3.614759211025863617e-01,-9.098240348852565385e-02,-3.530063235060214577e-01,-4.044253882580365889e-01,-1.898821068812035218e-01,-3.520573609112623292e-01,3.981068827648598929e-01,7.783797745080331398e-02,5.581846620062946851e-01,4.319685903991923315e-01,2.015229453998124490e-02,1.947172989574960655e-01,-4.606006227232394001e-02,-1.578597936686363529e-02,1.181449003165157829e-01,1.543189354993481088e-01,5.694829716812973425e-02,7.728642719051147247e-02,1.999987304853174663e-01,6.700366701303267503e-02,2.060479392628684348e-01,2.601483430192751412e-01,2.785132443964633778e-03,3.743543773230778582e-02,3.855322987635887988e-01,4.505140234485516815e-01,1.529733660603715961e-01,-2.030472772197913223e-01,4.169442877575695872e-01,4.078430324229903037e-01,-2.465155716582930201e-01,-3.960319401090203195e-01,-4.036243865181514123e-01,-5.022251868489622240e-01,-2.506165048017159891e-01,-3.179179921497468642e-01,2.367925711903339780e-01,1.331382643959920231e-01,-4.620676614148260669e-02,-1.826278933525470397e-02,-3.820217096519271105e-01,-3.164244323085322885e-01,1.755673773425430254e-02,-2.824357277519867204e-01,1.673020772926436528e-01,-6.964680003520723472e-02,3.591127710946246700e-03,-2.563846951867623097e-02,1.597872114629249329e-01,9.896650101552988132e-02,1.100580549882419767e-01,7.181675920143615333e-02,-2.803759461525273111e-01,-3.449169857523261551e-01,-3.435683066979290934e-01,-2.430901329310803660e-01,-1.150529875567044558e-01,2.174525671845725650e-02
-7.627032875047708160e-02,2.305551981970758724e-01,3.471082216743340276e-01,1.899764522499770847e-01,5.984619538683757511e-01,0.000000000000000000e+00,8.165532052229769466e-02,3.305417728891439991e-03,4.185494503799106480e-01,4.375720046407399755e-02,1.434201863888917919e-02,1.843200439605928442e-02,9.918302529353732744e-02,3.963814472963963359e-02,3.336091407661432306e-01,4.888778444145830959e-01,2.106078678919655056e-01,1.443067243216173412e-01,-1.416334420468284491e-02,8.270915529955757961e-02,1.705078688757101224e-01,3.403247980114669780e-01,2.912669733637155978e-01,3.506949667486858324e-01,3.178805984883791846e-01,3.802016258890276723e-01,4.066741451456098999e-01,2.541906159649507946e-01,4.693061076437708007e-02,4.056096554492974460e-02,2.930015026378122167e-01,3.324362151286816558e-01,2.915349550784561705e-01,-4.317171667885844055e-02,6.958482491669790160e-02,-2.359395701869684489e-02,1.329258732053694714e-01,1.198679729967231516e-02,2.198357095096483693e-01,1.200790113080871524e-01,2.036201007514104322e-01,3.881264667449917105e-02,-4.879352027189538532e-01,-2.115518606440243143e-01,1.830420028441528124e-01,-8.785106340636984756e-02,-1.762624614935641154e-01,-9.827826287470066424e-02,-6.952968742543617214e-03,-2.062090772756136059e-01,-2.029853114685880033e-01,-1.434032511888418127e-01,-3.984762677597573632e-01,-3.045735136700860046e-01,-1.991840231491312160e-02,7.802371554465252490e-02,2.628921594400214778e-01,3.100035908657745032e-01,-9.572431631704800270e-02,6.153465797861283615e-02,-8.462039800515697152e-02,-8.999867110363946043e-02,4.198579866280729989e-02,-2.801946981484995311e-02,1.810191752428452483e-01,6.419743030543062501e-02,3.285575982602684242e-01,2.139682615583973213e-01,1.225894638964116906e-01,3.297853750880895829e-01,-1.094113709879453687e-02,-1.907683078346426170e-02,1.342293796561150887e-01,2.418865941497342353e-01,1.890626606208758442e-01,1.487056544484665066e-01,4.148231498720093557e-01,3.096060638812827559e-01,2.270238942415798988e-01,1.293926169042496355e-01,1.979485236006800208e-01,1.738555963065625265e-01,1.566288760733980656e-01,3.672854734193358173e-01,9.575815280405660171e-03,-1.859825100051272495e-01,1.560557881040041672e-01,3.070473244691988568e-01,-2.063456979478491826e-01,-3.845387847715988072e-01,-5.256202761644254151e-01,-5.174629026823108768e-01,-3.839213397791076399e-01,-3.405663033989285715e-01,5.814013471640057384e-02,-1.038431207628868203e-01,-3.185680825659670812e-01,-1.964996278526644768e-01,-2.288731933237392602e-01,-3.819524405991411853e-01,2.691708577345822834e-02,-1.215465452641038141e-01,1.227332379392287454e-01,-1.013905003552401513e-01,-8.269999526164528714e-03,-2.013188916376315030e-01,2.523895002752294878e-02,-3.783076847452438579e-02,5.213094575845984846e-02,-1.335073359062021736e-01,-2.444625200497624884e-01,-2.371316176264300912e-01,-2.816504229707734730e-01,-1.348563186118706680e-01,-1.262184385903626083e-01,-1.469397324822583131e-02
4.414728036977577097e-01,2.716351339274521437e-01,2.552358316105375891e-01,2.103686819424597509e-01,-1.192117280344073965e-01,8.165532052229769466e-02,0.000000000000000000e+00,3.885149957830561496e-01,2.867141706462304485e-01,7.652930300514546036e-02,4.960993631570200790e-01,4.344664850293365466e-01,7.782656960960190329e-01,4.894504883561038300e-01,-1.516469032752371798e-02,1.114031957614490531e-01,-2.245951346844340252e-02,-8.012078194451908997e-02,3.791531203378731285e-01,4.809427630766087147e-01,-2.231561340274180461e-01,-1.871116721629750290e-01,1.427707785939773266e-01,-1.655976303024326024e-01,-1.516402926638246995e-01,-2.934920737989947237e-01,-1.769676574597597307e-01,-5.084913032797320348e-02,1.000817302913744183e-01,-1.437459724164774806e-02,1.442680874474698734e-02,-1.686980569736345470e-01,1.041477867270965557e-01,4.352261155388744557e-02,-1.765233015029666064e-01,-3.538536726170042335e-01,-1.932285480596537819e-01,-1.104364145978098399e-01,-1.080466722150749265e-01,-1.444952819857297510e-01,-1.717108621577994876e-01,-1.422249822126638863e-01,1.228663015542350370e-02,-1.418054176319513138e-01,-1.651849922479346477e-01,-2.452263470260093725e-02,-2.790549393257223398e-01,-2.727944814603348034e-01,-9.548447932974606089e-02,-2.531331590963628933e-02,1.353712615956064458e-01,1.983558205613811937e-02,1.604093037361877250e-01,1.988754070333957069e-01,-1.165339624966465898e-01,-1.057094338970351460e-01,2.336531965758996132e-01,7.287839220248841510e-02,3.073736163331527438e-01,-1.729737877181330985e-01,6.704611667931800190e-01,2.530679684590991796e-01,2.746363618037200305e-01,2.954902459827389305e-01,1.881129426650020309e-01,-1.573686844158910803e-01,-1.208763422018004768e-01,-2.470988558812153013e-01,1.586912368220003700e-01,7.671669484243649750e-02,8.188340095143230302e-02,4.204747134071068482e-02,2.797744546319531067e-01,2.088025138740865483e-01,2.224195745299161753e-01,6.960606810754101266e-04,1.658439597986665626e-01,1.573826395744103712e-01,-1.440812388646353082e-01,1.944128204084581146e-01,8.124143466691935433e-02,3.453873575836534093e-01,-3.755693642863303650e-01,-9.382312298995514055e-02,1.301299456643142949e-01,2.286307009263188472e-01,-3.516598511491507151e-01,-9.719435576145998845e-02,1.204421040203156323e-01,9.582079474133960162e-02,-1.545850748900075289e-01,-6.379303787388396207e-02,-1.876199251958200198e-01,-4.371941860122408041e-02,-2.568516969113057713e-01,-3.801430649755153657e-01,-5.457348431842937719e-01,-4.201365475516096182e-01,-2.659693946201063808e-01,-1.434290235089268895e-01,-1.340717039187418747e-01,-2.824395805338705476e-02,-3.045897214979166323e-01,-2.155317709887397404e-01,-4.010562622992459025e-01,-3.380762869501239831e-01,-4.672728906334570054e-01,-2.688715480427357196e-01,-2.446187015320471503e-01,-2.719102151309600313e-01,-3.679520750478095237e-01,-2.410406432834879542e-01,-1.488896570432641508e-01,-2.399946807838411189e-01,-9.584294570606549657e-02,-2.222365193612163836e-01
3.183634929122136636e-01,1.241937882970464424e-01,-3.572735474108393317e-01,7.203346744187545669e-02,-3.489013725003952127e-01,3.305417728891439991e-03,3.885149957830561496e-01,0.000000000000000000e+00,9.881556681002902354e-02,1.980990437811238347e-01,3.635460952131662205e-01,5.754466342444706228e-01,2.998431384105694764e-01,5.468999580448407061e-01,-4.340850071961144252e-01,-1.341380525158643033e-01,1.187570153043578797e-01,4.644550840994073754e-02,1.064909694509729304e-01,8.634520810449297645e-02,-5.271756221126798758e-01,-3.050607456106896875e-01,-4.609432112325468345e-01,-3.334230114819785040e-01,-4.285372237429947995e-01,-4.078958221274900375e-01,-3.289736705904880987e-01,-2.717912405613139293e-01,1.984732067638915465e-01,9.693066701647506944e-02,-1.482961235246054443e-01,-2.962597214890441699e-01,-3.357655353567958745e-01,-2.571734470616801604e-01,-3.510091879853536878e-01,-3.313505113733231644e-01,-3.267883054921893460e-01,-2.796628671040014558e-01,-3.184023204857595046e-01,-1.506277741890686139e-01,-3.821537483833679083e-01,-1.777747694843795079e-01,-8.291974987287975551e-02,5.164584734317332910e-04,-1.380306408756562520e-01,8.692777452436271923e-02,-1.258590280038389131e-01,-1.368738090060526123e-02,2.066552261946237590e-01,4.106775727839521717e-01,3.862044425513196932e-01,1.960480303074326192e-01,3.961606704736060358e-01,2.754923225403169695e-01,1.513747576747573598e-01,5.899905857872434628e-02,8.464006849097711893e-02,6.673248624366033555e-02,5.108614962234678814e-01,2.136495095614490136e-01,5.933821289138591082e-01,6.754693656322242612e-01,3.305195060821979336e-01,4.741042285406649182e-01,-2.940869132674988062e-01,-8.101772925569208916e-02,-5.115960633787738354e-01,-3.514127531766842449e-01,-2.090596853815140099e-01,-3.249367695115601418e-01,9.292221793625803083e-02,-1.506204504974952840e-01,4.149149199974223878e-02,5.438316116641622039e-03,2.641547779716366812e-02,-2.281177930246894026e-01,1.277663964410559634e-02,1.334773634498323883e-02,-1.266804776828661938e-01,-2.837138308109303231e-01,2.121887330584734943e-01,1.137879046654714649e-01,-3.418182505641743085e-01,-3.996372121085181583e-01,-3.000835092391035963e-01,-3.488157747807758141e-02,-3.973596789266454210e-01,-4.409439192444984945e-01,2.086418636187015729e-01,-1.674502349946066157e-02,1.444427279360136485e-01,-8.949668081802134023e-02,-4.969530219741633004e-02,-1.906403936596354209e-01,-3.623357475927677096e-02,-1.826952765947765234e-01,-1.178551223243663459e-01,-1.384538038277801364e-01,1.474092654706467553e-01,7.711596554395737900e-03,1.763607159781105660e-01,2.464219412576770518e-01,-7.754112088322999419e-02,1.023479113291185516e-01,-7.665258776138614283e-02,-2.087039908859265602e-01,-5.742571747661006504e-02,-2.042551425383076213e-01,7.636810927635893920e-02,1.502211254164093901e-01,1.956588516371897957e-01,-1.447771947035224605e-01,9.919055379594861332e-02,2.570445101206882133e-02,5.139959448267739095e-02,7.005963009999623126e-02
9.250804518620135697e-02,7.024251991747459956e-02,-1.924224358269924495e-01,-7.022115253720745409e-02,3.111280102336576592e-01,4.185494503799106480e-01,2.867141706462304485e-01,9.881556681002902354e-02,0.000000000000000000e+00,4.699560559316777186e-01,3.031729441363604782e-01,3.111135925388051060e-01,3.739965011015304874e-01,4.114459613538951621e-01,7.395725330524753616e-02,3.720911500529378579e-01,-4.984214856747487890e-03,-1.703302523506131311e-03,1.273307688762987111e-01,1.936645020845105536e-01,1.383629053203386250e-01,2.345968492071192901e-01,-4.129761078729358992e-02,-1.441314622261630207e-01,-7.378983178194516157e-02,-1.892107207220806719e-01,1.592888605710148786e-01,2.164790850151143697e-01,8.813290921948863099e-02,1.085847924151911587e-01,1.380352805269196292e-01,2.566537744304556168e-02,2.578445590533732790e-01,9.476401960935304514e-02,-5.118727796098459376e-02,-1.984708304985710603e-01,-1.529531258853882580e-01,1.325089288619610839e-01,9.199386588874565451e-02,-3.908956645193628621e-02,-2.549269976778528041e-02,-1.128348669825728345e-01,-1.604819954117295833e-01,-2.419435126855674634e-01,4.134934119537898162e-02,1.839755923257345438e-01,-5.340395484267156795e-02,-1.291478078427198417e-01,5.380616960793602188e-02,-8.133814033968832236e-02,-7.594483686852504523e-02,-2.414443618081885679e-01,-1.287235205832582274e-01,-8.130319214773722158e-02,-9.836621809532636318e-02,1.511260271153639645e-01,1.128525345873562652e-01,-4.311238546364462576e-02,1.600514128028086847e-01,2.365325995575586274e-02,3.309634569827999417e-01,2.885560829156371687e-01,3.725242713224034136e-02,-1.528697756678987218e-01,2.806483552369436890e-03,-3.444569581495177668e-01,1.030972288138137377e-01,-5.763236847408678698e-02,2.202546439378387857e-02,6.179961379792840021e-02,4.292484861392946438e-02,2.992803737533319963e-01,3.095720009890460811e-01,1.713595741411589046e-01,3.333154346902072462e-01,3.163748742770176592e-01,1.425420053645599927e-01,2.318687173159634796e-01,-9.944344813701659624e-02,2.174519266369639159e-01,3.735307094766648350e-01,3.894291405219701407e-01,1.824895402382083545e-02,4.085868189847543519e-01,1.319065277648910905e-01,2.092816104302243629e-01,-1.157945504680620991e-01,7.686314124409783510e-02,-8.586190390602312095e-02,-8.681990123514990443e-02,-4.199873220727717849e-01,-2.692746049155672061e-01,-3.889245565677836858e-01,-1.517056963411979043e-01,-1.152999737206688996e-01,-5.196347732340676762e-02,-4.717877485909310886e-01,-1.618692714523783938e-01,-2.632782647278990029e-01,-1.054307365121778250e-01,-2.392621033403919406e-01,-4.440174893683296320e-02,-2.476343972586931008e-01,-3.547321707722809747e-01,-2.304459900836933750e-01,-2.235555684097256801e-01,-2.527017530563876457e-01,1.720303830145741564e-01,-9.630911734216601738e-02,-2.742268033191417875e-01,-3.761352085338298123e-01,3.443830293452814634e-02,-3.888230584199570683e-01,-2.308086861220339514e-01,2.458394827368407323e-02,-1.387961888975586533e-01
3.175303969747950150e-01,1.954967168725184334e-01,-2.345413775630456332e-01,-2.039884723992641258e-01,-2.810613100078923968e-02,4.375720046407399755e-02,7.652930300514546036e-02,1.980990437811238347e-01,4.699560559316777186e-01,0.000000000000000000e+00,-8.145212813116777667e-03,1.554188416483275048e-01,7.109303940911289310e-02,2.899504695427371215e-01,4.432146677653764355e-02,4.031821438726532758e-01,-6.814637420873127793e-02,-1.595756318407778873e-01,1.284523356275859007e-01,5.743527285346609196e-02,1.271731456309134652e-02,-1.546920397476725731e-02,-4.375993827317689600e-01,-1.611157091853489820e-01,-3.576009569582058178e-01,-1.189237534571809252e-01,2.920036125488701395e-01,1.543319310707877701e-01,-1.595091047381704819e-01,-1.636437988820890754e-01,-4.963358963583634070e-02,-9.948768705206040286e-02,-2.192122758290310780e-01,-2.702360004290753626e-01,-7.451705242170596211e-02,-1.122511844050539664e-01,-1.317391288284949780e-01,-8.043780343623855439e-03,-1.933989335315284830e-01,3.845404956180947798e-01,-2.344533326857551891e-01,1.336150435898347463e-02,-3.036281021765602217e-01,-3.688968008610106208e-01,-2.725722371158038060e-01,-1.260823792837733881e-01,-3.202126410953250457e-01,-2.984292478730701803e-01,-1.677975253391447430e-01,-9.366524284601907002e-02,-2.335834161811170262e-01,-3.751539605915330533e-01,-1.735174139943725657e-01,-1.814818085345707432e-01,-3.143752517998351509e-02,5.513486517066058107e-03,2.907838299501079860e-01,1.670964305784067017e-01,3.923168183820767707e-01,4.319410627691724347e-01,3.555915193221906301e-01,5.398347986445962698e-01,-2.085460274912922726e-02,-7.577106474148881388e-02,-1.466458017372330724e-01,-2.112894391181981413e-01,-1.078355441605717557e-01,9.632698325968848396e-02,1.174512343173109985e-01,1.577884514642761693e-01,2.682507225839736442e-01,3.166166666975687716e-01,2.182289299395514526e-01,-3.745245901490758256e-02,2.621966008802088521e-01,5.588383502699197786e-02,-1.308169196742927087e-01,-6.457927673286174841e-02,-1.320912022587895085e-01,1.209663150092458034e-01,1.637954577644975540e-01,5.489032540167245594e-02,-4.714445735951952599e-02,2.128752084477810447e-01,-1.596795028432473063e-01,7.458660090276532373e-02,1.798534105415100226e-01,2.541128287448057299e-01,1.301393800931140432e-01,9.852378182289410480e-02,-4.321315265739156947e-02,-1.732365099246178583e-02,-2.667865812926448199e-01,-2.141043630889108776e-02,-5.762291166677960264e-02,-1.633868346634504698e-01,-2.302566495170876304e-01,-8.223494382156640303e-02,2.047938916947563207e-02,1.509541141705604828e-01,-7.717102909613475503e-02,1.482141813218916873e-02,1.723199525899686210e-02,-1.436164641531964721e-02,-2.459619080058912666e-01,-7.353285377250386168e-02,-1.482173180004333138e-02,-4.282177582628084178e-02,-2.144619072302542673e-01,-3.410014406576986328e-03,-3.162799880342868630e-01,2.672566156685361738e-02,-8.250113228092893769e-02,-7.004571215815551255e-02,-3.978792729173785681e-01,-2.596794729793546197e-01
4.499519281354594225e-01,2.321679451284510975e-01,-2.410459026543131933e-01,-1.089536833301505692e-01,-1.453918120853606721e-01,1.434201863888917919e-02,4.960993631570200790e-01,3.635460952131662205e-01,3.031729441363604782e-01,-8.145212813116777667e-03,0.000000000000000000e+00,6.681994143169610600e-01,6.460460846486869579e-01,5.692405682532143407e-01,-2.117686890820957013e-01,-2.684243080986365229e-02,3.081349914096495057e-01,2.738790029257855418e-01,4.711147442878992342e-01,3.447748771086806552e-01,-2.551457242996438834e-01,2.842848843749512175e-02,-3.396258695662132676e-02,-2.497454496328113116e-01,-2.552545797320600052e-01,-4.429968307955790552e-01,-2.724818060890299432e-01,-9.582889410607994818e-02,4.688844002437629332e-01,2.929916884407939848e-01,7.726786850531941475e-02,-1.081964830948349970e-01,2.230094359194868814e-01,5.509984421601793469e-02,-2.997005240835624029e-01,-2.892768749305565934e-01,-4.623516842246936931e-01,-8.814732888252017895e-02,-4.556910026613381764e-02,-5.668927616909875677e-01,-3.306665639211804342e-01,-2.702953223435184404e-01,5.873363443182831080e-03,6.939217469830573359e-02,1.114865275719158499e-01,1.839117907803261287e-01,7.241095738263482462e-02,6.202945569656567737e-02,2.298490635775997937e-01,2.895448107077157052e-01,3.113768661521816861e-01,1.817559111107445446e-01,1.977948685945233598e-01,1.228523381222160205e-01,-6.462215961245285079e-02,1.001908106783958308e-01,7.462026042490017830e-02,9.501640622476767439e-02,3.901304986495518490e-01,-3.987303430558773037e-02,5.148030996527727110e-01,3.418180281984277702e-01,3.601810347135799839e-01,3.535764732020711398e-01,-1.306407326324292850e-01,-1.329461751356228461e-01,-2.311001964641835327e-01,-3.551860686804741429e-01,2.088024551517304178e-02,-2.194288058491337401e-01,1.329504045599778639e-01,1.758789136464826985e-01,2.413823636852737708e-01,4.127054731091871903e-02,-2.667494712832111856e-02,1.150574611714502565e-01,2.436161566432886172e-01,2.353640457011620946e-01,6.267860014141604652e-03,-1.585166286249913015e-01,2.884093030020703496e-01,3.847431040300076099e-01,-3.689522727908579047e-01,-8.528607878544429421e-02,-1.076579271198638832e-01,7.560375577013045412e-02,-4.398218780387350701e-01,-2.561274852807775004e-01,-2.224613064735677104e-01,-8.269604459077919967e-02,-1.925884802213383706e-01,-2.150730852140208815e-01,-1.915650052810992654e-01,-2.845741004192050561e-01,-1.822987219239754764e-01,-1.022953054703395759e-01,-3.912891240055784148e-01,-1.653743655622175179e-01,-7.357533774651757105e-03,7.578482025282144707e-02,3.835650403726415664e-02,1.723998016762968710e-01,-7.974761984879266685e-02,-6.986917089140073922e-02,-1.701806794782226573e-01,-2.676929156356637196e-01,-4.388712122563562801e-01,7.882295719512122378e-02,1.442734430075503713e-02,-3.123697169501546966e-01,-1.064755302708301210e-01,-3.435767547167280830e-03,-1.076651353439379150e-01,-1.453621870419066764e-01,3.073949657976715946e-02,-6.571114673594728728e-02
3.649061214383538809e-01,3.821263883680680040e-01,-3.072114164606656872e-01,-9.947668722068102320e-02,-2.673100372166296035e-01,1.843200439605928442e-02,4.344664850293365466e-01,5.754466342444706228e-01,3.111135925388051060e-01,1.554188416483275048e-01,6.681994143169610600e-01,0.000000000000000000e+00,5.798442649720935149e-01,8.445857318052401030e-01,-3.113919283756446110e-01,-1.659976699901561867e-02,3.488237545068443857e-01,5.040205351117497123e-01,4.793804188157609891e-01,5.105908703314269159e-01,-3.859408886293469454e-01,7.710478802806040172e-03,-1.785465303688072158e-01,-1.842936491275171118e-01,-3.875706644693413527e-01,-5.539123794861479100e-01,-3.157835640469116578e-01,-2.674111394461844635e-02,4.716696295636884639e-01,3.558865919954052326e-01,9.534667011639932910e-02,-8.713379943054679055e-02,-8.322202339597125492e-03,3.612587480096937642e-02,-3.503884266180634643e-01,-3.780281873104482937e-01,-2.458273263682617393e-01,-3.025112282752203882e-02,-3.339310057114301400e-01,-4.775560538701436597e-01,-1.498325078821704792e-01,-4.200865058189986317e-02,-9.544781502402061024e-02,-7.425463063225540283e-02,9.405861807092030097e-03,1.263778349801034928e-01,1.431641076813735224e-02,7.931700109614427119e-02,3.396061056142351542e-01,3.079952969649540351e-01,2.871023574234450315e-01,1.137586321307721693e-01,7.211771858113549816e-02,3.121815905223883358e-02,-4.067839222326614934e-02,3.003736085958738644e-01,1.909219027628334120e-01,1.816611172423019116e-01,4.360854360922112871e-01,1.096393676585897398e-01,5.582016845012244266e-01,4.519695176491990152e-01,6.228213899361206840e-01,6.353175730724636150e-01,-3.908412551973420301e-01,-1.358459572606471877e-01,-3.136694496865268800e-01,-4.769702239758251139e-01,1.553049960080462623e-02,-1.987676835553321419e-01,9.657763094381793811e-02,1.722502258685617849e-01,2.289822873620158405e-01,3.415941983041108632e-01,8.932227261715958155e-02,4.162905236604741988e-01,1.587152517241378624e-01,2.097469072246496147e-01,-1.356938507625730650e-01,-1.566124980453875992e-01,4.185539974969548771e-01,5.312468295370199600e-01,-3.966439478082446901e-01,-9.422659656938145445e-02,-2.859480178519648863e-01,8.668150678953227828e-02,-5.893354844591495167e-01,-2.929287505265129044e-01,-2.094095931394327481e-01,-8.956151152861333009e-02,-1.815101960882204157e-01,-2.332803505208247974e-01,-3.292330548701633552e-01,-4.044539685528694695e-01,-3.313016899520676017e-01,-2.306238797428097898e-01,-4.199614415341444418e-01,-2.270552477547451153e-01,1.125511393585091058e-01,2.196269220983148307e-01,1.011764339451564354e-01,8.829781749471894703e-02,2.320463761824321722e-02,7.630197368601643326e-02,-8.852507523714864268e-02,-1.258122657321059379e-01,-2.852238068500614343e-01,-1.092318182529865116e-02,-3.696134830168826269e-02,-3.091854331802158518e-01,-6.745003505331732818e-02,8.063751770041990841e-02,-2.318166030019593593e-01,4.340533818781316944e-02,1.049729082291434440e-01,1.240127004940005107e-01
3.812512167276451147e-01,2.845675344751593672e-01,1.286257325821142383e-01,1.669791418382108594e-01,-2.404932119680181987e-02,9.918302529353732744e-02,7.782656960960190329e-01,2.998431384105694764e-01,3.739965011015304874e-01,7.109303940911289310e-02,6.460460846486869579e-01,5.798442649720935149e-01,0.000000000000000000e+00,6.723048314670020398e-01,3.366435301801691538e-02,1.154341345357157572e-01,1.166413778224841963e-01,1.819200663789753147e-01,3.723007871157737458e-01,4.351254193472759990e-01,-1.748107299532786207e-01,2.175369149357006190e-02,2.122648222571175969e-01,-1.231012973296516239e-01,-2.390817353973904644e-02,-3.548358174409309007e-01,-1.928712604435528777e-01,4.032176716713130327e-02,2.476073792504443760e-01,2.325040870374213142e-01,1.152651932118659885e-02,-7.378203982003474215e-02,2.344353743379670174e-01,1.272834816084194021e-01,-4.768886495576315360e-02,-1.794467225752165718e-01,-1.572327706728806340e-01,4.143354978333897015e-02,-8.310817586323576700e-02,-2.807270546188921356e-01,-2.848714032057147669e-02,-1.268507610470931968e-01,1.176175241048385903e-02,-1.562730991675202463e-01,-1.742814146233798989e-01,-1.774505093018858420e-02,-1.602105330096667002e-01,-1.553447171104997970e-01,-8.647648312420580519e-02,-9.426213204888944652e-02,9.880616805863781660e-02,-3.209884043886801486e-02,4.625761449318149116e-02,9.482089076427913099e-02,-2.179223177554059643e-01,4.926227299549239269e-02,1.492016872939822825e-01,1.328471709249872679e-01,1.269371008373820220e-01,-2.574293801011984240e-01,5.546209017796620566e-01,1.881172353102752715e-01,2.364106934313704167e-01,1.795212931050571281e-01,1.784986625910536251e-01,-5.449835688977502229e-02,-1.925427685899336328e-02,-2.440279436458342444e-01,1.113224786698218394e-01,1.364789018107430939e-02,7.555752460954669181e-02,2.419673389997651913e-01,3.087971005788034407e-01,2.483127682592610463e-01,1.095796429098654934e-01,1.749213548987866851e-01,2.227563004777063926e-01,1.808959363000976761e-01,-6.679442717542362351e-02,1.132916489128611981e-01,2.006924753550760609e-01,4.195394401486738922e-01,-3.040813398893889019e-01,2.443610877608749093e-02,2.110707028935116802e-01,3.326915895619572683e-01,-3.781715608492145497e-01,-1.002434395817492913e-01,9.152047138267649373e-02,6.515500467075530620e-04,-2.412183206198914853e-01,-2.155935198784571516e-01,-2.689091756733595351e-01,-2.683813430333935046e-01,-2.435878298544366383e-01,-2.687131357842076351e-01,-5.506222238536944147e-01,-3.392440650168112581e-01,-3.081689796768108947e-01,-4.281241534697613482e-02,-7.844879970787636825e-02,-1.706241480286771195e-01,-2.582021544395702861e-01,-2.329473827797458596e-01,-2.995720006610009256e-01,-2.573452755593245156e-01,-3.486596126152328723e-01,-2.544191240952237837e-02,-1.821474312550941110e-01,-3.942126248194970928e-01,-3.934864712303220435e-01,-1.161342462768457651e-01,-3.318950127152406893e-01,-2.057836247856819345e-01,4.348526069512972762e-03,-1.422170196929263830e-01
