0.000000000000000000e+00,7.556163524596981595e-02,6.012855116474633554e-01,3.062766381443061681e-01,-2.028465624614219365e-01,-2.057272030058501511e-01,7.031443319346930565e-01,1.609185391584135594e-01,3.716962531937797465e-01,-1.155813194537658323e-01,3.825073051857762474e-01,-1.202888709455766647e-01,4.822419434482382306e-01,-1.724941490380522413e-01,1.520709441084432401e-01,-4.161130469855230940e-01,-3.083555145104893147e-01,-8.927107815239049282e-02,6.107151727902899729e-01,4.562714497923052726e-01,-2.429104617286978463e-01,2.275816637756058677e-02,8.841637775321081749e-02,6.356018386356461491e-02,-2.882498190707354357e-01,-5.481599273929844696e-01,-6.735297439474066672e-02,-4.600941032065000713e-02,-8.985597315034830890e-02,-1.774959115506007379e-01,-9.812479495043827799e-03,-2.713739996190989504e-02,1.693844165211317587e-01,1.765501322789465866e-01,-3.085541669738609341e-02,1.186701069243837336e-01,7.442425957642488654e-02,-1.242964264303624139e-01,-2.355383198612286122e-02,-4.940466140898160385e-01,-1.628874633693864482e-01,-2.950163121682639611e-01,-1.634301361549888032e-01,-1.338336989532217247e-01,5.252890067467846924e-02,-6.683475615387249325e-02,-8.891567356455030990e-02,-1.775263609023143285e-01,3.612707288377205866e-02,-1.817359398178927665e-01,2.622153337336652901e-01,-3.077574120171521765e-01,3.564228013460074562e-01,-4.720312149862642137e-01,3.120273327934095509e-01,-3.681587116947948046e-01,4.547145261658531168e-01,1.235983728529601450e-01,1.710695401609623190e-01,1.728537512351735472e-01,3.598206976497095866e-01,-2.383130654605989107e-01,1.409517248177223903e-01,-3.321028522791391047e-01,-7.883326876132888683e-02,-4.776495337226384641e-01,2.530735596529501419e-01,1.128279673411953649e-01,3.617849482118797311e-01,2.710770932778336917e-01,3.795804593946972005e-01,3.938966916233491156e-02,3.207521695685588980e-01,1.402427273519177842e-01,1.912673935411657866e-01,3.348549196426066077e-01,4.239411963060476518e-01,2.343448436691381379e-02,-1.219998328752027877e-01,-1.325860846627808787e-01,1.312430934924621040e-01,-5.365533312095447371e-01,-1.095450367822994042e-01,-6.540723037812908869e-01,5.744063533998776672e-01,-6.946270455319450976e-01,1.598915114288730344e-01,-4.290427485570282862e-01,3.530559601126798674e-01,-5.169050816809898086e-01,5.941372775832036712e-01,-3.402727135640359335e-01,3.235474915624365067e-01,-2.533073217011537828e-02,-3.631385563027168112e-02,2.853294233865619201e-01,3.351365689780381185e-01,3.214724345177948361e-01,9.789950061664925984e-02,1.001104840511365668e-01,3.273050862868647770e-01,-3.011999023494636440e-01,1.105200141503888817e-01,-2.129839875644808922e-01,4.020310762198922583e-01,-2.338702791900484357e-01,1.590626821888614095e-01,-5.689594842977732658e-02,1.688861166911179434e-01,-1.156163254394662054e-01,-1.178623495231263668e-01,-3.984894300202707768e-02,5.308867456731163753e-02,1.347615118642594978e-01,1.538103153597092931e-01,-5.969592869916303529e-02
7.556163524596981595e-02,0.000000000000000000e+00,3.715265013787991122e-02,5.428771721797803762e-01,-1.920698792485486806e-01,1.271087544081052345e-01,-1.186671383234481070e-01,5.125215267319428447e-01,-1.519058655093987464e-01,1.876089793814567364e-01,-1.116505124990535974e-01,4.263831668641527295e-01,8.909417947718548114e-02,2.992001352409212611e-01,-2.786578449691811121e-01,2.831835073923354984e-01,-1.616415520765769887e-01,2.689296925459112031e-01,3.738328075418903551e-01,3.770164816025703969e-01,-1.214246512347579438e-01,-4.855385797387989921e-02,1.122519616875138071e-01,2.938934471100945189e-01,-2.552396454631824518e-01,-2.951491958434064242e-02,1.197037500337768540e-01,-5.425096656258606570e-02,-2.830803163541844580e-01,2.128410741871630540e-01,8.489869411963625601e-02,1.042467004755286281e-01,-3.252521588606172714e-02,1.049577542511078987e-01,4.130432503919453241e-02,-2.084455646608219526e-01,-3.865867047932721734e-01,-1.818480012141045765e-01,-4.427547053908479358e-01,-2.693096231103503935e-01,-4.207989486684743374e-01,-1.103528968324382770e-01,-2.212535039517266877e-01,-1.529093766696949797e-01,-3.878314836931606724e-02,1.286096966752334203e-01,-3.486079140833628909e-01,9.220872836305125941e-02,-1.361068203209976277e-02,1.276292414582073801e-03,-2.419594078056545305e-01,9.403437871604626574e-02,-2.033173068907944414e-01,9.882924973342444019e-02,-2.946191366995669081e-01,9.868469380048010275e-02,-1.079904046427783704e-01,8.226688382793774235e-01,-2.145115362301865114e-01,7.344553756769348074e-02,-2.223149332576789539e-01,1.537210363822332782e-01,-1.832603411170566077e-01,3.801393377459944545e-01,-2.098550380621208022e-01,1.362637636278562492e-01,-1.554985431576518529e-01,-1.440757293484056789e-01,5.763281702729990130e-02,2.213869285366540651e-01,-1.618342784482695584e-01,1.024441912409143340e-01,-2.484693081360020983e-01,2.994607005089449658e-01,-3.028171191545379198e-02,-6.030115394843442445e-02,3.956618432027663931e-03,4.950904408194645168e-02,-2.574141259448047836e-01,4.405041260041259732e-01,-4.001976287830058543e-01,2.381033291629540138e-01,-9.088491374471459328e-02,1.055443719647458922e-01,-3.390104144334541991e-01,2.262845925573522543e-01,-1.261531790407174614e-01,2.414321447135953785e-02,-3.097945737738476146e-01,1.719564046149711090e-01,-1.815664440127791879e-01,1.540866278021584268e-01,-1.094754892468506186e-01,2.227854962406440251e-02,-6.709231246041819086e-02,-1.257467944862818432e-01,1.812963861179537339e-01,1.236232907201332554e-01,7.975981887224013744e-02,2.283474518788142782e-01,5.284326888639923059e-02,1.013750903991042854e-02,-1.261224391582358578e-02,5.097008372879684862e-02,9.751876832422297359e-02,1.045758228005132517e-01,1.598132342309562248e-01,4.598615626036535453e-02,1.325579805035840553e-01,-7.538840633971594096e-02,4.556990034563968006e-02,3.256523354774846779e-01,7.698606114902674380e-02,1.723252355510827005e-01,2.797693548310670186e-01,1.225150725619169323e-01
6.012855116474633554e-01,3.715265013787991122e-02,0.000000000000000000e+00,5.156865437350868220e-01,-1.120145935930821346e-01,1.553097741359193151e-01,8.802664304956782093e-01,1.845994969906520344e-01,5.394193161492571997e-01,1.276933262620451315e-01,1.303808501134706699e-01,-1.921852556216853969e-01,3.816849489530324546e-01,-1.022832668216194646e-01,5.048663655850023080e-01,-1.517778627465442461e-02,-3.134879892052415684e-01,4.335550122902676745e-02,4.578988070425881740e-01,1.789498972552960310e-01,1.268020724195543791e-01,2.311478044897426753e-01,5.003072630679983313e-01,6.234316383451208310e-01,-3.255773820458676693e-01,-4.542173959975703279e-01,2.083451827415691848e-01,2.989647161827271860e-01,-1.478478450309788639e-01,9.298936817488488715e-02,3.007815296449211639e-01,4.904943671044203479e-01,-1.187653207589676324e-01,1.352892550564281302e-02,3.388901403142489666e-01,1.927405199708141781e-01,3.796044927902889610e-01,2.405502518998985095e-01,3.048027534430288732e-01,-1.916202922135775699e-01,-2.008919896442729752e-02,-1.343716468234081030e-01,-5.087438573846491119e-01,-3.676312628782798519e-01,-3.526935329357593907e-01,-4.927534054765389526e-01,-7.606213824112584287e-02,-2.042187007638770202e-01,-4.075334213879962530e-01,-5.668785252756948223e-01,-1.222403685560689846e-01,-6.086097893535116210e-01,1.542447145350446698e-02,-6.289179149462166274e-01,5.723078256588018942e-01,-5.104798325946353910e-02,9.049104345300851282e-02,-3.601556450304428669e-02,2.237895029370673416e-01,1.983592434076240224e-02,1.035268372311389656e-01,-4.838339102124357138e-01,-1.185627783448722217e-01,-4.239047644644452495e-01,3.387698759496084872e-02,-4.412949617189651508e-01,4.859373295840490048e-01,1.708543228456116392e-01,4.570051967435161400e-01,4.311181548531534125e-01,4.886431092026728984e-01,2.910478756201544948e-01,3.230256869085786908e-01,3.924632217429954717e-01,3.581107115491004578e-01,2.904390694983802756e-01,5.678470415624073953e-01,2.001945375656997428e-01,-2.919722812420124658e-01,-2.427212971253161766e-01,-1.265339325534593495e-01,-5.236864779993439800e-01,5.776949022412301848e-02,-3.318529572598188926e-01,5.662705420801222855e-01,-6.890754959423942561e-01,4.299247427923187925e-01,-1.465059621957837122e-01,5.508724422993763747e-01,-4.610211330464457635e-01,3.044096230650042423e-01,-1.018235942707440417e-01,-6.105566068109243016e-02,-2.739329177620954958e-01,3.536201201472869426e-01,4.528732020907738631e-01,4.746720432418362612e-01,2.641058990945160390e-01,1.889326953964744482e-01,2.177808130069676384e-01,5.313738900898534734e-01,-2.044754373035732042e-01,4.712488054143904037e-01,1.051749382705600144e-01,4.029911077048535240e-01,-2.327004651398499602e-01,4.234533598782452279e-01,2.519174893567328599e-01,4.230402836510023801e-01,1.918530496404418362e-01,2.869658944363669487e-02,-3.142014992913092497e-01,-1.392828215370903733e-01,1.904306201455138736e-01,-1.110521631972685580e-01,3.431705485529070593e-02
3.062766381443061681e-01,5.428771721797803762e-01,5.156865437350868220e-01,0.000000000000000000e+00,-5.866098777616826632e-02,4.465979121825246478e-01,3.943940250465162722e-01,8.018855769159691782e-01,1.869277537881270101e-01,4.536174791663972750e-01,-3.739320201884148431e-02,3.977822104356731336e-01,1.001054192094322504e-01,2.678776925997999325e-01,1.511308807842740298e-01,3.611053367389455704e-01,-2.673846437978885660e-01,1.834384059130039490e-01,5.878080468068067610e-01,3.521864839667416813e-01,1.032142184235856630e-01,8.191107397237931687e-02,1.644210727149633677e-01,6.415455172231385728e-01,-3.561638930652668011e-01,-2.770924202541383274e-01,3.682054265409553939e-01,2.689436246562628141e-01,-2.344080749774309635e-01,2.819851563102704350e-01,3.563298702197821299e-01,3.560628458595189172e-01,1.177366885629374388e-01,2.152256621056859998e-01,1.801523663629827909e-01,-5.497103464143279772e-02,8.170019661761550311e-02,-5.501149440446156426e-03,-1.128496129987282062e-02,-1.692250775557998244e-01,-1.874223721319388247e-01,-6.634981036540484045e-02,-4.670048387186653271e-01,-3.619050643668526579e-01,-4.894104945148976538e-01,-3.569559952824196691e-01,-3.572206167570954327e-01,-1.346345508581449080e-01,-4.579181674740144814e-01,-4.793870178034349006e-01,-4.620221233023397711e-01,-4.805577389091225671e-01,-3.924427133944707879e-01,-5.375123579135379082e-01,3.833022311124563708e-01,9.949227010700703588e-02,8.888288320721454694e-02,5.268770369856526914e-01,1.719702395952988350e-01,4.441180340758770773e-01,-2.177022142237598767e-01,7.607605415366387736e-02,-2.440461125879267723e-01,1.890860045410533985e-01,-3.743654478079028736e-01,-1.325462460423122435e-01,3.376825805592478802e-01,4.037861132577051926e-01,4.896643325651549583e-01,5.473628027030609244e-01,2.789052957502006214e-01,3.032920111219390424e-01,1.351933335026622440e-01,5.902205858728255539e-01,2.337966984438304419e-01,2.940533032557021142e-01,2.570037923513939782e-01,2.144226147570377494e-01,-3.310358327133429701e-01,1.704587268248040216e-02,-2.738667744396001136e-01,-1.959087781870361700e-01,9.467327039671817601e-02,-5.094722256635263874e-02,7.004810659473596768e-02,-2.318450586202640551e-01,3.877236262435664327e-01,9.912589793825636597e-02,3.193654776884404245e-01,-6.816435014635921497e-02,1.684558517762333174e-01,-1.568907568200360314e-01,-2.999062808183557971e-01,-4.490661570155252136e-01,2.597992976347593408e-01,3.495767571740722168e-01,4.862503044173940303e-01,2.909008939343982192e-01,4.476378354386890690e-01,4.116908503309309464e-01,6.705930879394067512e-01,5.759690798827085678e-03,5.877290418390790361e-01,3.943230942786015714e-01,5.519619909840460803e-01,-7.293869884929599090e-02,6.085950457221189769e-01,3.953776068515199027e-01,6.580316200624160006e-01,2.175533514458612150e-01,5.053269804039898366e-02,6.785166037214324097e-02,-2.464571811507108023e-01,2.713202753592325323e-01,5.558434017707222785e-02,3.452862450003770789e-01
-2.028465624614219365e-01,-1.920698792485486806e-01,-1.120145935930821346e-01,-5.866098777616826632e-02,0.000000000000000000e+00,4.175532001965592266e-01,-3.045696107572340439e-02,4.293865591400806980e-02,3.633278730172634363e-01,4.574625272328216585e-01,-3.710815015654071042e-02,-1.476158934412663722e-02,-9.462698989902926239e-02,2.438769987060729616e-01,3.388365231465379490e-01,3.783076207629185173e-01,8.616978277736034308e-02,9.769646577772312518e-03,-1.471708522357454973e-01,-2.607968912860618160e-01,8.241875415831111107e-02,-5.975817549753986713e-02,1.628227508162765069e-01,1.624212969548392560e-01,2.831619501089618351e-01,1.557411446725570359e-01,4.169268194974772856e-01,3.104470881387395576e-01,-2.428525395921829824e-02,1.267896732913472713e-01,2.633380034810289261e-01,1.579329827629724903e-01,3.430385543693968697e-02,3.208865220403453455e-02,2.636172363107092999e-03,-2.912291720054890898e-02,1.106740525641454476e-01,1.633475480727180837e-02,1.014601893688067864e-02,1.478161599206319066e-01,5.843255174523967650e-03,3.254142533523277786e-02,-2.026121496711308090e-01,-1.101654372230561202e-01,-3.257200827156429557e-01,-2.467313606941474446e-01,-1.050765862135734779e-01,-1.621556168240536611e-01,-2.900827322195401181e-01,-1.518897372077318564e-01,-3.545799616677209887e-01,-2.210317528137051013e-01,-3.982376320026485561e-01,-2.171023209296004397e-01,1.405565888321589352e-01,1.611602364452549840e-01,-3.622630641129983425e-02,-1.391181069207393650e-01,7.104175848124800324e-03,6.904940724540023500e-02,-5.228089387143686900e-02,9.214537938436136166e-02,1.669566306801329447e-01,1.012433206925531515e-01,-6.730192556392090852e-02,-6.574020746917777491e-02,-9.382094965527999764e-02,-3.598841459461218223e-02,8.700746863006064702e-02,-1.756302595687959413e-03,-1.713868563555713542e-02,9.670433681226388301e-02,1.226144873479668856e-01,-1.528592080662408148e-01,-2.477216761871930614e-02,3.305544218115838428e-02,-3.064704490586706020e-02,4.854159633536970359e-02,-2.673394006502761641e-02,-2.397649054811867575e-01,-2.270196470379724774e-01,-1.982569865523959359e-03,-1.171044176007108445e-01,9.925630180729134999e-02,-1.893383826379688994e-01,2.405652127732324161e-02,1.883509174624844185e-01,3.304758877862811195e-01,-2.803415370103977053e-02,1.650153989979027958e-01,-1.890437730861851129e-01,-2.606958979509562124e-01,-3.145686151441887679e-01,-3.392893200408749754e-01,2.953017776577937861e-02,-2.041390626263307750e-01,-1.879214355306052242e-01,-3.600480592191738216e-01,2.196247026532949786e-01,1.093760497311768547e-02,1.056113387169951706e-01,9.432651990530649400e-02,1.804308222134322071e-01,1.595620208169634680e-01,1.820902680309237007e-02,-4.889234740516971989e-02,1.081042746315648284e-01,2.444074848464008742e-01,1.654512310097210614e-01,1.975486295436869599e-01,-5.539891319048112495e-02,-1.992438881722458921e-01,-2.578702088744551646e-01,-5.038743572388709041e-02,-1.481928927842869614e-01,1.659451966854467719e-01
-2.057272030058501511e-01,1.271087544081052345e-01,1.553097741359193151e-01,4.465979121825246478e-01,4.175532001965592266e-01,0.000000000000000000e+00,5.387285088995494992e-02,3.999869537148980636e-01,3.645101111467100030e-01,7.267880643572521837e-01,-3.147328189308497004e-01,2.400409472430340418e-01,-1.546435096176595192e-01,2.544955615149212536e-01,4.940790618255960220e-01,6.458651310718980243e-01,6.669323819576891688e-02,1.833155195020944594e-01,-4.710057016536839392e-02,-2.819204080487205388e-01,3.164942185745003300e-01,2.701721073262555173e-01,2.135923970896231434e-04,4.836822110453262158e-01,-5.367638557602553290e-02,1.172216827219624280e-01,5.863978260654378882e-01,7.143182200131397153e-01,-1.159706591588976904e-01,4.110435268506303363e-01,4.758649232335465662e-01,4.995081178234496710e-01,2.295000021807841462e-02,1.316206834598596456e-02,1.450092474834729361e-01,-5.170812336113120994e-02,2.538831654803243576e-01,2.694997825878446274e-01,3.609606655307850409e-01,3.523164593675426337e-01,1.012961000509006726e-01,2.833482472637895988e-01,-5.699354219650569764e-01,-3.693646524330392866e-01,-5.821084564866946254e-01,-4.206635356274152082e-01,-4.484879946824645303e-01,-2.934177674811558889e-01,-7.001259611187495846e-01,-4.812971527357098322e-01,-6.662288456473308695e-01,-5.335333461262059540e-01,-6.685410969505375389e-01,-4.920797001008076488e-01,4.447741969595954692e-01,2.661850874919392540e-01,-1.262754921332659951e-03,2.280712148019509167e-01,1.187456964251307617e-01,2.962849025976186379e-01,-2.378955626229876663e-01,1.864673952742211815e-01,-1.191728163379375399e-01,2.737554393880348158e-01,-2.087994609750154773e-01,-4.720584744158265456e-02,1.332409738254861364e-01,1.452535580077825017e-01,4.169910210243057969e-01,3.769941991375325707e-01,2.641490086292244688e-01,3.204371075155472703e-01,2.069714369247000751e-01,4.921291279981203637e-01,1.774814386745145189e-01,3.476757629408100403e-01,1.379571737420186295e-01,3.378566687071793417e-01,-1.420343117959632639e-01,-1.235278742964238535e-01,-1.730152007116652901e-01,1.070886472962952751e-01,-4.146811005952404094e-02,2.703921179190298951e-01,-1.086137947711242058e-01,1.260940629778977209e-02,5.536689234470307808e-01,5.124829427407506799e-01,3.467664870705635671e-01,2.081736164710908110e-01,-2.372494171606578661e-01,-1.658995735573319252e-01,-5.945105970669781748e-01,-6.060666107608762010e-01,3.411373544501198896e-01,1.334771347154724286e-01,8.035881345110462703e-02,-6.474051371869508908e-02,3.712655683222298442e-01,2.786014191129748130e-01,4.710980959760787123e-01,8.641243076924752520e-02,5.812814906374283996e-01,4.643270230632496332e-01,3.742120563365195496e-01,1.334586612810454986e-01,5.773049750321516127e-01,5.004191110098495932e-01,4.890419512669093582e-01,1.854584524360754771e-01,-4.405375730897466424e-02,-6.922918265955610440e-02,-3.645112107435531379e-01,-2.192906416036385225e-02,-4.092001885507751680e-01,3.415367612697978728e-01
7.031443319346930565e-01,-1.186671383234481070e-01,8.802664304956782093e-01,3.943940250465162722e-01,-3.045696107572340439e-02,5.387285088995494992e-02,0.000000000000000000e+00,1.528715197913643464e-01,5.453924681436632671e-01,7.098236623752388064e-02,2.689649364904285189e-01,-2.201097877029273009e-01,4.963351467731496602e-01,-1.949948829359351155e-01,4.775415203005625164e-01,-1.917513086073054651e-01,-3.438210370387906889e-01,-9.817645811484450313e-02,3.813084703163532874e-01,1.155622410647029058e-01,-4.346631757348873304e-02,5.858338501176450080e-02,4.320762616552834556e-01,3.988946848031387771e-01,-2.818167364592555901e-01,-4.819132088100432365e-01,1.730734482863302559e-01,2.745382514839885824e-01,-1.034942629022357757e-01,-1.047285952103334528e-01,2.421132859635463375e-01,3.097844565294077812e-01,5.677781909198627644e-03,1.868659704601698460e-02,2.102000626499631597e-01,1.733019948648954756e-01,3.035613603709224617e-01,7.488055083816118340e-02,2.840643240788968127e-01,-2.261696785932071907e-01,-4.377614504215052854e-02,-1.955133151863941154e-01,-3.347871989297521722e-01,-2.117487091164624025e-01,-2.283960638201417703e-01,-4.089758786363245635e-01,3.856563894917189317e-02,-2.376344556962494692e-01,-3.085816906953766092e-01,-4.813743396262099572e-01,8.808254753822323743e-03,-5.420600957167797107e-01,1.385370110277050759e-01,-5.708050208544090953e-01,5.378844340246183853e-01,-1.458273410716772189e-01,1.549645859834717088e-01,-2.165725746915508065e-01,1.536195985792212226e-01,3.677294842802365099e-02,2.497917833206276250e-01,-3.877704976310702434e-01,-2.956113149006590890e-02,-5.520910945822603555e-01,-2.519057671361670664e-02,-4.329814551387848875e-01,4.228020847624572864e-01,1.853837288927226989e-01,3.373581439724385178e-01,3.166303650211700904e-01,4.493511575680723680e-01,1.309438018382922120e-01,3.018469377982054280e-01,2.307874880206183532e-01,2.143176806498966469e-01,3.054254473330190733e-01,4.701091677443574035e-01,5.711371502770779679e-02,-2.749165558815844790e-01,-3.265502941464232811e-01,-4.193584882389912727e-02,-6.708075059708135113e-01,4.084211395479706019e-02,-5.156080447841596692e-01,6.228331180262187683e-01,-7.354769531827252127e-01,3.518060946519140364e-01,-2.572001929869763281e-01,5.472508072640054344e-01,-5.216169738351099650e-01,4.603296523135360641e-01,-2.363747556944690853e-01,1.142942518619299991e-01,-1.964554059021031973e-01,2.068799882161017623e-01,3.529269393310464076e-01,4.141720861517017016e-01,2.117792220931203895e-01,1.158902358541024358e-01,1.196468191511688151e-01,4.543713505342931724e-01,-2.780554755572778869e-01,3.191635205204402248e-01,-5.456092486938110553e-02,3.820583972028285813e-01,-3.095624402634692962e-01,2.907880433073149473e-01,1.158817723560903040e-01,3.130920780649750212e-01,2.393402659115311526e-01,3.038553119334795258e-02,-3.267964882728292553e-01,-4.415219728582146785e-02,1.353580114326179973e-01,-7.727814355334472474e-02,-8.089108032904816781e-02
1.609185391584135594e-01,5.125215267319428447e-01,1.845994969906520344e-01,8.018855769159691782e-01,4.293865591400806980e-02,3.999869537148980636e-01,1.528715197913643464e-01,0.000000000000000000e+00,-4.140001401513399015e-02,3.854889991702416530e-01,-1.257486911525071589e-02,5.748754704042442487e-01,4.967308518837559167e-02,3.953037493292412830e-01,-1.747909374637521274e-02,2.722445021091238204e-01,-2.827007017819434531e-01,1.352580477781332724e-01,4.993493293443009851e-01,3.693748376934481992e-01,-8.267559488464067130e-02,-9.750209126996363385e-02,-2.822656278535761940e-02,3.836376147502195133e-01,-1.796231538556876950e-01,-7.238669424747934400e-02,2.699874447877565475e-01,1.553604239049771185e-01,-3.464757178817848282e-01,2.411686808637878154e-01,1.838536934037624804e-01,1.623644719387604130e-01,1.100803479654010181e-01,3.431660737981250264e-01,-3.802984341957775516e-02,-1.169535662270102944e-01,-2.247486881087013694e-02,-1.557173355430014616e-01,-1.385498063468084129e-01,-1.332322640549573889e-01,-1.777453262908194054e-01,-7.194020266949929798e-02,-3.318904133880234975e-01,-2.600036736741486165e-01,-3.447965833437142691e-01,-2.463155428496841548e-01,-3.191085591862758419e-01,-2.075673502956959515e-01,-3.159215408886345000e-01,-3.386299643406942561e-01,-4.382179166454729380e-01,-3.213945420401343456e-01,-3.497914330231417512e-01,-3.325765679844237543e-01,2.307121993312472863e-01,-4.379876712785113479e-02,8.060713380984957377e-02,5.988989594059644928e-01,3.793166709279847948e-02,5.013516224954085443e-01,-2.061544349499571105e-01,3.455888430731361427e-01,-2.028705229342010197e-01,3.510146118229715007e-01,-5.319100206610605230e-01,-7.906382487811303150e-02,7.730471752079361158e-02,2.526137511554656934e-01,2.968876830878636186e-01,3.123762836663238618e-01,6.833393630227499460e-02,1.420038032657243710e-01,5.317284413313529828e-02,4.377532642476801850e-01,9.068731505051787212e-02,2.203727908653684009e-01,1.551826488845317875e-01,2.020740827342281110e-01,-4.031411043146020390e-01,1.526973793389850738e-02,-2.767992980020372307e-01,-1.791765645034780474e-01,1.180972808947036157e-01,-9.258859465502268515e-02,-1.649022452557953045e-01,-1.109991222752552686e-01,2.225447344894401769e-01,8.557820608244386118e-02,2.113936249026162895e-01,3.310588644653048029e-02,1.478002042558241858e-01,-2.700715088783027795e-01,-2.001949978546385400e-01,-3.406801132363885820e-01,7.672304357697179444e-02,1.967690500660201347e-01,2.749727994979596080e-01,1.700008246491278296e-01,3.195000057811643313e-01,2.073928786890831266e-01,5.009830135805233287e-01,6.440177759117308998e-02,3.886429809461334206e-01,2.390909142304540047e-01,3.704814244836384107e-01,-1.418984377904557725e-01,4.372451076274404547e-01,2.318700694585901778e-01,4.960504731864225914e-01,2.087885311522243159e-01,2.355448539485018727e-02,1.587818518950640245e-01,-2.027665489245501218e-01,2.491592297783468135e-01,3.805697706362484722e-02,2.710924670900309308e-01
3.716962531937797465e-01,-1.519058655093987464e-01,5.394193161492571997e-01,1.869277537881270101e-01,3.633278730172634363e-01,3.645101111467100030e-01,5.453924681436632671e-01,-4.140001401513399015e-02,0.000000000000000000e+00,3.613323032703699700e-01,8.946664170089084489e-02,-2.449962698503346525e-01,1.778034367243565006e-01,-6.064825878199554127e-02,7.948597322549322275e-01,2.508565215454149344e-01,-5.254652186330607821e-02,-2.209511980848156976e-02,1.674358189848771106e-01,-1.821921562205292555e-01,2.218614555536096988e-01,3.997214576391573404e-01,2.918513975185774156e-01,3.164814736152624652e-01,-2.393925633335864667e-01,-3.564067655015950575e-01,2.361282648441104803e-01,4.768920612140949977e-01,1.205707486545567336e-01,9.022026161518455212e-02,3.608121146434826176e-01,3.936853789059174824e-01,5.677879491864853967e-02,-2.654965468867748896e-02,2.381961749032275588e-01,1.698838610336395050e-01,3.678183356477092159e-01,3.007421232658898380e-01,3.417934670935354746e-01,-3.887083634571076619e-03,1.352932211187247713e-01,1.026792225858451091e-01,-5.510028788325954663e-01,-3.408812122885808149e-01,-4.502753087107955743e-01,-4.634121764867604742e-01,-2.032699047121001856e-01,-2.096732038408691545e-01,-5.267101959934356037e-01,-5.046492927222218094e-01,-3.062264127515408885e-01,-5.811348819423582945e-01,-2.503064967234170379e-01,-6.029000730941628250e-01,5.391657597286664272e-01,1.894195534637308220e-01,1.823424734472960107e-01,-1.399726195163307485e-01,2.749631473067563059e-01,1.815924155968754450e-01,1.198747565904765416e-01,-2.912939746011820596e-01,5.786388717083402328e-02,-2.785259185569255447e-01,4.568383280259033508e-02,-3.757532769761913749e-01,3.284738303420064454e-01,1.367819569820519776e-01,4.358834681629253915e-01,3.303364925627311766e-01,5.600762378991043233e-01,4.757512108020686692e-01,4.241577924599669314e-01,2.499930292811476107e-01,3.099660787427884201e-01,4.603183466300216353e-01,4.053529765405822771e-01,1.798143651685239486e-01,-5.310991500197741882e-02,-2.687866043037513974e-01,-1.321441989747505763e-01,-2.306644119787763236e-01,8.735466764524262018e-02,-5.251153383197477986e-02,4.036166355389535498e-01,-4.190011483043845075e-01,5.431402741298141379e-01,2.440866980993523783e-01,4.606665053526317055e-01,-1.435990705254049649e-01,5.563494163326652975e-02,-1.109564154904551653e-01,-2.605576311134143452e-01,-3.486082541196925400e-01,2.507672338380242949e-01,1.644036131010806756e-01,1.517049574441564630e-01,-2.061915836127877974e-02,2.984513090691041648e-01,2.868821419114289673e-01,3.486866063665602922e-01,-1.008729875985408808e-01,4.318694795755914084e-01,2.154403157218073017e-01,3.829958363570691859e-01,-5.844505722085447524e-02,3.549295451675839042e-01,4.137472445784046715e-01,3.870170327377119301e-01,2.047394103584758984e-01,-4.863282297808710873e-03,-2.743530128527763567e-01,-2.980803100581984610e-01,-6.882299243907545605e-02,-1.583957406245177224e-01,6.977559852368779569e-02
-1.155813194537658323e-01,1.876089793814567364e-01,1.276933262620451315e-01,4.536174791663972750e-01,4.574625272328216585e-01,7.267880643572521837e-01,7.098236623752388064e-02,3.854889991702416530e-01,3.613323032703699700e-01,0.000000000000000000e+00,-4.882367640705873729e-02,2.788422444927770583e-01,-4.731529683974273343e-02,3.178208829480316799e-01,2.746851690037381832e-01,6.248043873017983252e-01,-7.627671699860824606e-02,-6.445313885947596966e-02,3.970809643407311601e-02,-1.488523571129327927e-01,1.369959749191708154e-01,6.062753396566213093e-02,1.138056324246669582e-01,4.892215297747037339e-01,4.283202564449490463e-03,1.284482580642165028e-01,5.323017616133965957e-01,4.839530890961940002e-01,-1.437205988269339985e-01,1.277307578803708044e-01,5.644524507122162804e-01,4.847363509026113570e-01,2.689542934456188306e-01,1.831316079177024159e-01,2.448841800100198529e-01,1.123875973833069614e-02,2.091066295927333091e-02,-2.354772598354539295e-02,1.747922618807349893e-01,2.278886055065942884e-01,-1.080486597735374338e-01,1.662391848144629536e-01,-3.999841656405228596e-01,-2.614479475696049326e-01,-4.916869757571407096e-01,-3.920277213420439999e-01,-4.872682638823321866e-01,-2.429364704559394683e-01,-5.504642400265857827e-01,-3.336569774627257123e-01,-6.040203367282459546e-01,-3.500142188693730616e-01,-6.385383159344281134e-01,-2.898257006720512674e-01,2.906524915817470522e-01,2.846788865502292709e-01,1.063829098510331306e-01,2.644854421174616665e-01,2.697024947634130143e-02,3.651251549577930189e-01,-2.606818959348500275e-01,2.202733042009144826e-01,-1.585057164074662184e-01,2.639441401712589452e-01,-2.785946074488072077e-01,8.555076628860506637e-04,1.474369573310142789e-01,2.002138790287045222e-01,3.357763485266072045e-01,2.476493921413103483e-01,2.839716696595222245e-02,1.799019709923733723e-01,9.483921861940606754e-03,2.552608063703263319e-01,4.632052022614108200e-02,3.000753839139349011e-01,4.105475349317597167e-02,1.550297429716663844e-01,-2.323357684787412392e-01,-1.106083266639278223e-01,-3.748192644818097996e-01,-5.963372312919844320e-02,-1.011116739691754890e-01,2.209326118810120421e-01,-2.546486141558412242e-01,9.705937586273054307e-02,4.674129150269137889e-01,5.703681938599360901e-01,1.822220398960112120e-01,2.538052461388004555e-01,-1.170651041675436210e-01,-8.922865191894353842e-02,-5.398521384190163586e-01,-4.667936516371979372e-01,1.756555406105692330e-01,5.581741112030827456e-02,5.861375266640866250e-02,-2.870292411699377697e-02,4.061936719552051156e-01,1.896339575992147530e-01,4.056927540193859261e-01,7.451186200314588448e-02,4.969849154981397787e-01,4.946016704446353773e-01,3.714368032685388399e-01,1.238915478028377037e-01,4.853657264850657072e-01,4.885424913869884089e-01,4.428654473170027805e-01,2.350406565798842107e-01,-1.635779648822550114e-01,-2.050983155875300140e-02,-4.494545407334384901e-01,5.915481657582837699e-02,-1.560418166080800584e-01,3.706476109203757363e-01
3.825073051857762474e-01,-1.116505124990535974e-01,1.303808501134706699e-01,-3.739320201884148431e-02,-3.710815015654071042e-02,-3.147328189308497004e-01,2.689649364904285189e-01,-1.257486911525071589e-02,8.946664170089084489e-02,-4.882367640705873729e-02,0.000000000000000000e+00,1.330848082431968782e-01,5.453366377665325171e-01,1.193986061426042106e-01,5.184648262121002021e-03,-1.496646415913885086e-01,-2.140825169600314715e-01,-3.324571558977879593e-01,2.557715515285517438e-01,2.077670005486498273e-01,-4.457069211916528939e-01,-2.407756814504439791e-01,1.972658152247303842e-01,-6.528042418260814050e-02,6.896385360694801125e-02,-1.872782087452668220e-01,-2.056022243691043583e-01,-2.048621205776598730e-01,2.567663471055708357e-01,-4.576553810951265455e-01,5.349255976915605511e-03,-1.138937048690514819e-01,1.247846970516751641e-01,2.304723363393612334e-01,-1.394666644740967520e-01,-1.157239359156794350e-01,-3.242880003621440022e-01,-4.879660263590668290e-01,-3.614187941105078128e-01,-3.748612328906689717e-01,-2.378515778069166808e-01,-3.255728944636289701e-01,1.813921749130217032e-01,-1.278680529057762971e-01,1.976024757994469527e-01,4.251271149533372012e-02,-1.144822668619808054e-01,-1.163503169417658967e-01,3.152033715828889138e-01,1.869620770959424805e-01,4.039554238134343556e-01,1.817092669848242581e-01,3.377360892729285857e-01,1.489416462826152199e-01,-2.026069491260686639e-01,-4.727142368634048020e-01,3.281573353808635019e-01,-9.886726762471800822e-02,-5.592979653452449101e-02,-9.045338181653336806e-02,4.666057120664149904e-01,-1.259996535350608182e-01,1.915598349977377102e-01,-2.480214978920853297e-01,-6.558748407961494109e-02,-2.183839975406559331e-01,-6.634498302963712235e-02,-9.823471333912441039e-02,-2.074540510291724149e-01,-2.640439674798333303e-01,-1.359652749111599224e-01,-1.225261094095219661e-01,-1.996644860728123434e-03,-2.902544679272348604e-01,-9.850313967104739471e-03,-3.995651203496808357e-02,6.471236467301015594e-02,-9.622679191345109850e-02,-3.199253520179954347e-01,-2.125327887477057587e-01,-5.904976211151502681e-03,-5.256216488945100185e-01,-1.450755043993219306e-01,-5.404714501303792273e-01,1.077761979781280410e-01,-1.863892700295653182e-01,-2.885371770568343486e-01,-3.061825636084140601e-01,-1.553610683804079462e-01,-1.765023586734980054e-01,1.832944158097510601e-01,-1.236579922192942854e-01,3.343701693032467559e-01,3.224256013577442292e-01,-4.788950945577659102e-01,-2.006651928261908024e-01,-1.203043025753010031e-01,-6.360594361604107738e-02,-2.216716919942804953e-01,-3.600750463070495067e-01,-8.212904347413502171e-02,1.076843477237861973e-01,-2.695079607954543044e-01,-1.384378132946626760e-01,3.054112196608548685e-02,2.722704361761637409e-02,-3.084519555471035845e-01,-1.365432970544848412e-01,-1.891654547812620935e-01,-5.506296145384406010e-02,-4.155370042742903003e-01,-2.072171223038640209e-01,-1.031962799803158581e-01,1.988731974640150502e-01,3.507014130612314262e-01,-1.795874489971577004e-01
-1.202888709455766647e-01,4.263831668641527295e-01,-1.921852556216853969e-01,3.977822104356731336e-01,-1.476158934412663722e-02,2.400409472430340418e-01,-2.201097877029273009e-01,5.748754704042442487e-01,-2.449962698503346525e-01,2.788422444927770583e-01,1.330848082431968782e-01,0.000000000000000000e+00,2.655188279513687744e-01,5.911851367604264995e-01,-2.415346416052649436e-01,2.464062813098700511e-01,-2.405434082995972778e-01,1.379673362762345035e-01,2.403556927061207271e-01,1.878635428671011631e-01,-2.172003015687908323e-01,-3.785882033112554779e-01,-8.226875889185625290e-02,4.507971889171595581e-02,9.484505713867227850e-02,3.166820936461918756e-01,1.570110713557845705e-01,-5.643700313461733759e-02,-2.453339567678571587e-01,1.188228940154921615e-01,3.417592338425774062e-02,-9.347313830579509486e-02,4.588060928109935488e-02,2.195521873358746989e-01,-1.331213723629308676e-01,-2.436686580727300822e-01,-3.239964822394050259e-01,-2.972478372124978119e-01,-3.940741477432000983e-01,-1.118701101285240196e-01,-1.950031532491356412e-01,-2.902854117094090802e-01,5.509035132585335393e-02,-3.768996526370923389e-02,-1.022117668042555050e-01,5.416149859740446854e-02,-2.297753425637331925e-01,1.976839687281572652e-02,-1.029050547198079053e-03,6.144771705130300937e-02,-2.425354270148227520e-01,6.958081064681331807e-02,-2.536693031768557649e-01,1.065207186084416030e-01,-1.992091814972242747e-01,-1.227892043996141463e-01,-9.062238361686605903e-02,5.720272309395675325e-01,-2.086132067612067320e-01,2.875073024611430328e-01,-9.829957817369411321e-02,4.848104139338576535e-01,-1.911382756644708913e-01,4.708135216827207259e-01,-4.496365299439573082e-01,1.260581504478651138e-01,-3.205490923767149725e-01,-5.146947456725899095e-02,-1.823894744097873943e-01,-1.254790786178790474e-01,-1.825096698079123336e-01,-1.253003763469651144e-01,-2.633429238641223913e-01,1.648213198121366296e-01,-1.537851299609938882e-01,9.007986423014358729e-03,-2.856911668554746320e-01,-3.361671679274196717e-02,-2.806221591549099559e-01,3.394262597471425086e-02,-2.615414334868479962e-01,-3.513753149864170394e-02,-1.597526514117456053e-01,4.123548158861328750e-02,-3.484812585110322880e-01,1.644246586319586256e-01,-1.361444851154899605e-01,5.345057901833560193e-02,-1.663956567785143670e-01,9.562908449226349694e-02,-6.126566728617328927e-02,-1.307574040782545910e-01,-6.016143022568251619e-02,-4.456514875425871686e-02,-1.494549594997031938e-01,-2.748267338278025940e-01,-1.467047356920497814e-01,-2.071301022031646621e-01,1.654857234602531355e-02,-4.955646340192797900e-02,1.467224437907344303e-01,3.355301208519481104e-01,3.308682331437366037e-02,2.262174852062977248e-01,1.656852902390883731e-01,2.155147235703026021e-01,7.824136321907798619e-02,9.591688384404543910e-02,6.878892149182568028e-02,1.850136087246124009e-02,-4.373619007946637910e-02,1.994628949249566408e-01,-1.387621620270701184e-01,1.868899499635466865e-01,2.293741054001952329e-01,2.687874106024216725e-01
4.822419434482382306e-01,8.909417947718548114e-02,3.816849489530324546e-01,1.001054192094322504e-01,-9.462698989902926239e-02,-1.546435096176595192e-01,4.963351467731496602e-01,4.967308518837559167e-02,1.778034367243565006e-01,-4.731529683974273343e-02,5.453366377665325171e-01,2.655188279513687744e-01,0.000000000000000000e+00,3.210801340668866244e-01,4.469388771945242977e-02,-2.183851606921969890e-01,-3.966917717903730711e-01,-2.566431542127450491e-02,2.843480535583610136e-01,2.134758114990205069e-01,-3.432483502206430392e-01,-2.189726864291415553e-01,2.707526635268092674e-01,7.211337399927601755e-02,-7.828344127328165647e-02,-2.000370122237882797e-01,-5.359536189418449489e-03,-1.082174229913576285e-01,-1.491686337532722173e-01,-2.583549551287329105e-01,-9.357350544177348017e-02,-3.560805736453621223e-02,-1.652584135819074596e-01,-8.852625412965124674e-02,-8.051136314521908921e-02,-1.718205888051579089e-01,-1.876366433095418285e-01,-2.615522790293169919e-01,-2.205701490515409036e-01,-3.489210163526235697e-01,-2.334787024601589212e-01,-5.000419891806935357e-01,2.192219422509502844e-02,7.534363235292018679e-02,1.924451238380334717e-01,1.058652278969432897e-01,7.724962922124530007e-02,-1.285096881999710783e-01,2.578814796107522511e-01,1.766570051145012199e-01,3.466994572544738196e-01,9.322589380545399929e-02,3.515726917161099419e-01,-3.924310875960476674e-02,-1.064982874911819949e-01,-3.934715277298954650e-01,-7.180428457068885328e-02,7.642542595942294903e-02,-1.069420191365011430e-01,-5.083418278577230692e-02,3.763273636892855989e-01,-1.870522118550056734e-01,-6.089227225282701356e-02,-3.290014650477268709e-01,-6.674526811471166721e-02,-2.243630203740725748e-01,-8.378138501090505452e-02,-2.208130298928939750e-01,-1.852391349896976569e-01,-1.045199596740252757e-01,-6.649917950668669808e-02,-1.272705275127170577e-01,-2.090683138232473648e-01,-1.253976593826016672e-01,-1.960453161815396417e-01,4.651702747595899863e-03,1.179746162666997777e-01,-1.233325209871628941e-01,-3.411657217451555257e-01,-1.290938591212120179e-01,-1.140625491877855918e-01,-5.700202990555840454e-01,-2.625288673610178813e-01,-4.334842599023577270e-01,2.325984030484528065e-01,-3.956036637349995000e-01,-1.691655245870570257e-01,-4.168757691403907062e-01,7.819009841083826573e-02,-3.571954324043478124e-01,2.556307864966414489e-01,-1.605196363684815997e-01,3.468844380466240551e-01,2.077276989793431228e-01,-2.778506593734731411e-01,-1.520993330536971055e-01,1.485287403488732942e-02,-5.988602969589341962e-02,-3.816469478593291775e-01,-3.643397080255280085e-01,1.211622346828641547e-02,-1.357819366457776455e-01,-2.190635809728550265e-01,-2.888401173788838205e-01,1.044418933993944594e-02,-6.493685033087290281e-02,-1.103597090835724132e-01,-1.449764487563251214e-01,-1.926888749603034579e-01,1.202114059909919867e-02,-2.453089583877522128e-01,-3.355805506863209220e-01,-9.729434974527167990e-02,2.382888488665833512e-02,1.307339966780016738e-01,-3.106295059134129288e-01
