0.000000000000000000e+00,5.997823290594421763e-01,7.503348550709898869e-04,2.969552957939196602e-01,-2.963043127920192074e-02,1.979123071828464350e-02,1.339361826978804904e-01,8.535764838917502678e-03,-2.746897680455089863e-01,-9.058010593126468099e-03,1.531722571548452261e-01,2.595225715632800689e-01,6.795044913915683493e-02,-2.582895622694575399e-01,1.095045779880112896e-01,7.294334435323363008e-02,7.709968486349444428e-02,-8.396500532263477534e-03,6.449628925485035857e-01,5.354283410670788168e-01,2.742905547328363669e-01,1.374405206545795677e-01,-7.426435801596223407e-02,-3.458394063547867714e-01,-1.614373675220510396e-01,-1.487816646217021421e-01,5.203230169521470133e-02,1.311789565216037699e-02,-1.248178228876346274e-01,-2.479461016855526168e-01,-1.313773661678230564e-01,-1.435564844845997057e-01,2.977842291669945407e-01,1.432218054503960059e-01,-4.193808271680636579e-02,-1.268638059696530936e-02,-2.529664715768414340e-01,-1.140438960423788006e-01,-9.268896302404870668e-03,3.915872335886288330e-02,-1.214947205046493367e-01,2.435005038869801977e-02,-1.496837725912534833e-01,-8.293444340479710908e-02,-4.952879351663813101e-01,-5.164922199034981398e-01,-9.442008296396453559e-02,2.357555713019433320e-03,-6.319803830096464292e-01,-4.106908162081934210e-01,-5.749473034273593353e-01,-5.387350157766634950e-01,-2.449688151181996509e-01,6.088434512158035633e-02,-2.260638332476711324e-02,1.817478407590314982e-01,5.948548891025967622e-01,5.212686442075922244e-01,4.046274973475920689e-01,2.714357114022258877e-01,5.588919848979280181e-01,3.330574329117033661e-01,2.458733671238043927e-01,4.378293954423820300e-02,-4.692022570345610877e-02,-1.777182861876752673e-01,1.070457750207566838e-01,-1.120520491198846585e-01,5.398585819865110436e-01,2.211244545586329383e-03,2.621028134962353762e-01,3.018994515171956605e-01,4.578573532426774562e-01,1.400324501961010271e-01,3.565870519389353066e-01,1.879116351354195857e-01,1.882781797435469362e-01,1.444169445832124976e-01,-1.901283224351332235e-01,5.192141098203905542e-02,-1.662622101284958742e-01,-1.258301647727541328e-01,-2.211040828067248887e-01,2.886837972124131624e-01,-2.616164342833366407e-01,-4.130698744481116624e-01,7.564631797880468078e-02,3.027409837957550920e-01,-4.670511375029673395e-02,4.035257945950009306e-01,3.420887387378186428e-01,3.938848203187085284e-01,6.423835362468449661e-02,5.116421255412255675e-01,2.458961551376672994e-01,3.054166880388224925e-01,2.465545759619071908e-01,6.191826248975481617e-01,4.736880969239892214e-01,5.359732608131029252e-01,-5.014931534356941584e-02,3.741381567962615007e-01,5.159407944865210816e-01,6.823300752214521703e-01,2.345958811431287094e-01,5.732863533750611751e-01,5.634452907004240396e-01,4.143303931008129881e-01,3.821657652764898216e-01,-1.334812450970688513e-01,3.277657645860094365e-02,4.715135854523508363e-02,1.309458765854065176e-01,2.992996792071028755e-01,-1.114998691556359084e-01,4.315949268951109752e-01
5.997823290594421763e-01,0.000000000000000000e+00,-2.021681622728930261e-01,4.013524948150059002e-01,-3.494584726062537755e-02,1.232880246699119692e-01,-6.349810549206831578e-02,2.630591992390119427e-01,-1.109470295240423815e-01,1.366228632032103762e-01,1.399249719487302979e-01,5.995356266680430535e-01,-8.613681274095888463e-02,1.096629665641936369e-01,9.153169693965948484e-02,1.705177350385167490e-01,1.552772520052671246e-01,3.037043780186189368e-01,2.703331951737964478e-01,4.921241576875668433e-01,6.058385593880949438e-02,5.735142219031424266e-02,-3.786777862769538094e-01,-3.784989184897635250e-01,-2.564923181778950290e-01,-1.655580849012076583e-01,3.493960269668570408e-03,2.130091733724493591e-02,3.833178038430674200e-02,9.111417704709220966e-02,-1.324465735009495992e-01,-8.886252974404772187e-02,1.810173848191787283e-01,4.738580588224995671e-02,-4.079760204674875435e-01,-3.239394218302037998e-01,-3.221815168877167346e-01,-3.009805110579776843e-01,-1.549151254424557533e-01,-2.597022265960911014e-01,-1.043912452579250777e-01,-1.207593986807013881e-01,-1.914889828537235938e-01,-1.379009967441033324e-01,-4.965412143628821773e-01,-2.975241644904504934e-01,-2.046971961292521347e-01,-1.606959393072895093e-01,-4.044245782539749867e-01,-3.183367481529474352e-01,-3.414244557616894493e-01,-3.166929270357300985e-01,-1.041571324297198842e-01,4.226180317257022256e-02,-1.114649423990242555e-01,-1.183636108519649233e-01,5.858588996023176287e-01,8.446018033173142703e-01,2.863060475493733881e-01,3.350039046654683661e-01,5.631440539508828502e-01,3.027034478718865773e-01,4.338318914482087174e-01,4.938296216729952670e-01,-3.949976696596709802e-01,-2.053759507892398417e-01,-3.043071074274888987e-01,-2.990420005837796102e-01,2.806910273147508739e-01,-2.404094241206317355e-03,3.157875886163324375e-01,4.345735407345541756e-01,5.229034060076432899e-01,4.032337644059730830e-01,2.549281814982301553e-01,2.957065712433304960e-01,1.177268410686135441e-01,2.376725259774781496e-01,-5.842978013122014300e-03,-7.896660603209625096e-02,-1.007974004548786995e-01,1.026810114041453725e-01,-2.728128171684260361e-01,-1.046512504088704526e-01,-1.479989614560939803e-01,-1.392592180051140938e-01,-2.673273647528593977e-01,-1.820999468111444419e-01,-1.986001715077271024e-01,3.379226614084993030e-02,1.310524099710501100e-01,-1.763495644526314604e-02,1.080701535822214815e-01,3.013455927017482106e-01,-9.530500711797974811e-02,-5.500991688233767413e-02,7.306420284705106294e-02,2.630848655078742993e-01,3.240525567730465073e-01,1.718946634958199438e-01,-8.871576241600299950e-02,3.013748428249614086e-01,2.995547440306124964e-01,3.075738233467064098e-01,6.699269548994997436e-02,1.840509053972974041e-01,2.168487155539140232e-01,1.828537243317208405e-01,1.985233634591327279e-03,-2.757685821347043986e-01,-1.106667573142072480e-01,1.318708656701737536e-01,4.216793187697295787e-04,1.704260335549601102e-01,-1.677781202962589160e-02,1.274308696396177221e-01
7.503348550709898869e-04,-2.021681622728930261e-01,0.000000000000000000e+00,5.550748937344118783e-01,2.051267618229547784e-01,-4.492666811854353903e-01,6.903286367118874889e-01,4.814341900399652929e-01,-2.918177337689384365e-01,-5.034453259714468665e-01,9.694868820577168256e-02,-2.583209095318097365e-02,5.469313027804879601e-01,3.315777040857472713e-01,-6.026533321139748711e-01,-5.741885351653073233e-01,-5.338068267654675486e-02,-6.355428487862452291e-02,4.459824348295614582e-01,3.189031035478852583e-01,-1.345947849679422492e-01,-3.622135473004169937e-01,7.540218004269368945e-01,4.436683955685509217e-01,5.247865169894594395e-01,4.855516084719749825e-01,-4.511819840844196183e-01,-5.360680135100247545e-01,-2.131915509175705825e-01,1.634603945064063146e-01,3.361606861707366889e-01,4.133791456500336414e-01,1.087249918865618170e-01,1.441633829090849528e-01,8.842763705086807702e-02,9.591128803307985562e-02,-3.903673808867761386e-01,-3.720362507632027915e-01,-2.717650836981213014e-01,-2.166569336828642611e-01,-2.858092278952720222e-01,-2.199511285857713438e-01,2.171501697225201311e-01,7.659906479232859999e-02,3.853805494238611573e-02,-7.143374123075284243e-02,1.396968933905934906e-01,2.308372685704928040e-01,9.795798735428759563e-02,-4.667265551406837160e-02,2.747475448627518801e-01,1.140187549597891092e-01,5.746556698411401376e-01,4.886311519170877804e-01,3.691000690932070283e-01,2.914132222858567545e-01,4.148749245733619750e-02,-2.517885287400933869e-01,5.283559053796271776e-02,-4.349765590045239216e-01,1.303602008236132703e-01,3.128051103253177978e-02,-1.831047339791930517e-01,-2.706340316178530436e-01,3.344816942948468097e-01,-3.026064368245281674e-03,-3.122521297362394407e-02,-1.487581211561369021e-01,2.277675551441384338e-01,3.893724390926042722e-01,2.361166850874872325e-01,4.138447701613015561e-02,-1.389831479856522001e-01,-1.048485668236952550e-01,-1.890838825030789483e-01,-2.577682473104419558e-01,2.007641313760970443e-03,1.251904920840012647e-01,1.588914951401720899e-02,1.321606061122866937e-01,1.097870252557681808e-01,-1.642426967778928271e-01,-3.211150233462046755e-01,-2.447972383263731788e-01,2.778108950727072313e-01,-1.887064726776142010e-01,-1.423723091061779578e-01,-6.868406429078814657e-02,5.028828487526447732e-01,1.845599340158746715e-01,3.152630067009067893e-01,1.895754790358283037e-01,1.814765693009405805e-03,1.021846560385986508e-01,-4.208975094651185578e-01,-3.998540507218411588e-01,-4.775986429772723918e-01,-2.766278315441167979e-01,1.017120420734938524e-01,1.192574338252909427e-01,-1.868848657968394389e-01,1.181504649820647318e-01,-1.371583932199672007e-01,-1.162154173274964897e-01,-2.503293108019409297e-01,-8.638603046281607967e-02,-2.451481864645140285e-01,-3.989397172537230696e-01,-4.082011580390220717e-01,-4.856358783409249757e-01,-5.331268964200936988e-01,2.578686637348416300e-01,3.122588949493950577e-02,4.369661667983943398e-01,2.973534402287589251e-01,-3.401310872692697718e-01
2.969552957939196602e-01,4.013524948150059002e-01,5.550748937344118783e-01,0.000000000000000000e+00,1.725614011703612560e-01,-2.682701106187178053e-01,3.320713992626223576e-01,4.861629389025763359e-01,-3.019463783837119109e-01,-3.736375715422139421e-01,-1.024682043362134115e-01,2.595111620423110055e-01,1.687868540556173025e-01,3.219612584077338191e-01,-4.785711076757286353e-01,-3.279302188763602577e-01,-3.535852009255558565e-02,5.435948459089767065e-02,4.966552886567411340e-01,6.739617951429337506e-01,9.426013911291618308e-02,-1.922522217103518616e-02,4.441089383179157579e-01,3.128729927961881319e-01,3.646621493345492682e-01,3.941603911468610777e-01,-2.970454676322974441e-01,-3.035718095947654294e-01,-2.314143415602253895e-01,1.424758766138293775e-01,3.078511580046636165e-01,4.106109988858109849e-01,2.436026216866943594e-01,2.456526215749675335e-01,-1.284126169061625689e-01,-5.580995818487596849e-02,-4.532200578119728873e-01,-3.950919103169626689e-01,-2.625287793938212433e-01,-2.541849966683188966e-01,-2.475849927132569295e-01,-7.447613189926689803e-02,1.047534631549143502e-01,1.554593927807233211e-01,-2.131927374003402265e-01,-1.450287686240701035e-01,1.258012641947673926e-01,2.379517736002680073e-01,-1.310686139794349225e-01,-9.059487757612570691e-02,1.792355980817214589e-02,-5.438025359993941404e-02,3.644460397765920678e-01,4.527194444954605324e-01,3.118486266908989668e-01,3.174919575553687423e-01,4.057758571007575310e-01,3.003893686174258781e-01,3.129175037471714216e-01,-1.417286299124270732e-01,2.615091184807752933e-01,7.858771441659176404e-02,1.115492835877292255e-01,1.016901686399960536e-01,2.084907626465197159e-02,-1.295381015183058593e-01,-1.606569022009800285e-01,-1.758649487408105172e-01,4.348952303874266678e-01,4.478466706045128309e-01,4.317999828977306387e-01,3.947722570658878660e-01,2.337362358517574845e-01,3.532025417608417595e-01,7.085568487307049301e-02,6.053630945527704171e-02,1.159777858877364537e-01,3.363279553003615252e-01,-1.164903307938308513e-01,1.150229993650421639e-01,-6.048412377274629131e-02,-1.464472181379666837e-01,-3.835470193107242687e-01,-2.159835124744472201e-01,3.775996041986283414e-02,-2.943408702126271148e-01,-1.466507562112545626e-01,2.281945780574962460e-02,1.846617536685542516e-01,2.312835323244552543e-01,3.572406589002736221e-01,1.474945003557152912e-01,2.676772555507558882e-01,3.265044473980249218e-01,-3.301695834249206984e-01,-2.570160466900772156e-01,-2.910641488240423014e-01,1.247119245906565949e-01,3.222265616500669672e-01,2.584118736061278843e-01,-1.546252835634799074e-02,2.635057720869265485e-01,1.875666898931858673e-01,2.357965525890849401e-01,-1.004429913746020531e-01,1.278676101732730830e-01,-5.466841761196762628e-02,-7.108283195684013400e-02,-1.780956607005288461e-01,-4.915950738740715309e-01,-4.551609289400391223e-01,3.276823849565315139e-01,1.202744578668502456e-01,5.196100857651394511e-01,2.347704394208934564e-01,-8.263565800246119863e-02
-2.963043127920192074e-02,-3.494584726062537755e-02,2.051267618229547784e-01,1.725614011703612560e-01,0.000000000000000000e+00,1.298424792895372902e-02,4.207968163262430089e-02,-5.452872195430048981e-03,4.262922986626717647e-01,-3.416376186640554535e-01,-3.232395513080562055e-01,5.463782762994318087e-02,1.502446640845218617e-01,2.621405729442201071e-01,-2.102613299394516522e-01,-2.823800710290058635e-01,-6.628491716999004857e-02,-4.763100048681064014e-02,-1.339065669890791323e-02,3.217120589665938696e-02,4.664855109532430322e-01,2.977411226448136161e-01,1.122147984763415818e-01,1.172729568948151502e-01,6.998737587551230321e-01,7.188185463273941700e-01,2.973532443700868111e-01,9.011369573336153183e-02,-1.087233233102196384e-01,1.674025950815114794e-01,5.282220583541086256e-01,5.124442253197261099e-01,1.901447042749270788e-01,1.030580548482415287e-01,8.432919469654245881e-02,1.064594833100591387e-01,-8.421274177291182550e-02,-6.762040678927613846e-02,2.589353718720244918e-02,7.601850930392219097e-02,2.326684039263619830e-01,1.928707826148235160e-01,3.512807251243495466e-01,3.125580369913460443e-01,3.910416652434054452e-01,3.742369600175973754e-01,2.022827081916828695e-01,2.319161936119392142e-01,2.553158355740840491e-01,2.884781244876764572e-01,-4.298741666266411854e-02,7.588249400495383767e-02,-7.570699633727949462e-02,-1.047437959502919985e-01,7.752211277989955879e-03,4.981234014674434940e-02,7.304029329969091711e-02,-3.431533496291462593e-02,4.697653500866111331e-02,2.493164522680365106e-02,-1.309497532786945417e-01,-2.349068897711615866e-01,1.060625637859099329e-01,9.062072314813454654e-02,-6.614019235899941396e-02,-1.757493705726456690e-01,1.719255767361640430e-01,1.497932069446157588e-01,-8.099150744396428625e-02,1.673669519835647157e-01,2.638163488517674127e-01,2.186714571490788461e-01,3.372749120092098374e-01,2.959093592911393733e-01,-6.186431992557449300e-02,2.276980513338195400e-01,8.559528300962850056e-02,1.200400651015031128e-01,-2.602657338986892332e-01,-1.111286553411345718e-01,4.473921637070699120e-02,6.225988024181048491e-02,-2.821292204313837967e-02,1.441601791832128332e-01,1.456990282103657330e-01,2.680987992696599598e-01,1.821945273047764768e-01,6.192612691149428777e-02,9.288653304683283651e-02,7.297329167572264019e-02,-1.174647984860768268e-01,1.290184229455395848e-01,4.278736855723613841e-02,9.056401207803869979e-02,-1.841833981538820719e-01,-1.828228546725655934e-01,-4.107703704144949342e-01,-1.681705023088472806e-01,-5.994543238206563596e-02,2.909225684817185603e-02,-1.249043300226740927e-01,5.090801775812385521e-03,5.180442416058088535e-03,-2.118123338718863255e-03,-2.466484719700404171e-01,-2.053962666836441353e-01,-1.478089864834324363e-01,-6.281957954115306199e-03,-1.691850769845185121e-01,-2.984025895713632304e-01,-1.800082778676951045e-01,8.595722902775247698e-02,2.778473332386539596e-01,-6.795611148612992758e-02,-1.830522750953371969e-01,-1.776524285766987177e-01
1.979123071828464350e-02,1.232880246699119692e-01,-4.492666811854353903e-01,-2.682701106187178053e-01,1.298424792895372902e-02,0.000000000000000000e+00,-4.979036991541851975e-01,-3.623062863935730959e-01,3.973945876994388060e-01,8.282352966793580240e-01,-2.773203856185368354e-01,8.195968346977547045e-03,-6.463437972545120758e-01,-4.408848145766299798e-01,4.974080948460383178e-01,8.184156116076425347e-01,-2.100340883562404337e-02,5.659272258034180741e-02,-2.876165191616331107e-01,-2.940392645038468755e-01,-1.246886804393915540e-02,1.143060308870576941e-01,-3.608985131123777501e-01,-2.097501758925524318e-01,-2.888106980267017287e-01,-2.560808239221747939e-01,6.724601065408707390e-01,8.431808642173929114e-01,3.684517195296843628e-02,-2.464042409385471533e-01,-2.623357277738797566e-01,-3.109704079935591281e-01,-2.213190779811285980e-02,-1.809784560674755904e-01,6.962124090959173617e-02,2.086078951548398647e-02,2.107505844429914676e-01,1.001656094675099501e-01,6.610394621472553967e-02,4.903418801145199325e-03,3.303614684651918765e-01,2.660676580734280469e-02,-3.857040561674370260e-01,-3.234932650771895624e-01,-7.957025468343810470e-02,-1.641794972175654177e-01,-3.668781286103428574e-01,-4.611625958078427456e-01,-3.355026157225750594e-01,-2.427596780340317006e-01,-4.488575103441115877e-01,-3.424763899776827603e-01,-5.079459316542738190e-01,-4.219013741425413078e-01,-4.605590659430456868e-01,-4.913433415175586516e-01,-3.239682835225451280e-02,2.320101350632028728e-02,-2.452724359071957738e-01,-8.483081719656873632e-02,-4.757729374203817363e-02,-1.345765993628333934e-01,9.835500604392138913e-02,4.044608508909149081e-02,3.304315994352084035e-02,4.938416358793252386e-02,1.233385027776244119e-01,4.378920559078286479e-02,-1.690922949996580826e-01,-2.749684111494133942e-01,-1.186558498653134258e-01,-1.695682985976469936e-01,1.311547844616798852e-01,-8.929079808487325187e-02,-1.778075401255084786e-01,-2.727202909231522462e-02,-1.722012856374791068e-02,-1.361089389786783732e-01,-1.445253423188931907e-01,-3.583234555691153789e-01,-2.357525228382216786e-01,-8.167271367016565309e-02,7.170307648925690336e-02,2.610816603099782446e-02,-2.381511524624000120e-01,-1.755772283358983665e-01,-5.180452026283857703e-02,-7.787091344613643329e-02,-5.575671976658870266e-01,-4.516542926180696638e-01,-1.791885459562082561e-01,-2.224850928478721013e-01,2.266271212435123916e-02,-1.358178596611258893e-01,2.797135203403069981e-01,2.038563318842666894e-01,2.526772231904358401e-01,-4.596444131697614843e-02,2.302329242742783000e-02,-1.933929827332882823e-01,6.204861336790647164e-02,-1.192918319454209369e-01,1.952066435322721283e-01,7.258722120674081235e-02,3.018339636982188545e-01,1.515311771025882881e-01,2.777734193746281277e-01,4.580753126538023579e-01,3.365627424577579130e-01,2.701007768239751528e-01,1.502413133889948516e-01,-1.601835284658413017e-01,4.076290148860537560e-02,-3.050663534154087198e-01,-2.591959314548350490e-01,3.580873951124672327e-01
1.339361826978804904e-01,-6.349810549206831578e-02,6.903286367118874889e-01,3.320713992626223576e-01,4.207968163262430089e-02,-4.979036991541851975e-01,0.000000000000000000e+00,7.237757908101144499e-01,-1.226512505289514277e-01,-4.050719382039052463e-01,4.258504112122218910e-01,8.028474383650774371e-02,7.238886181428036970e-01,4.263612083694677257e-01,-2.833035602989169566e-01,-5.052242682191749878e-01,-7.707630567756779127e-02,-4.659558834115278686e-02,4.939632102708035877e-01,2.118096473227704946e-01,-2.813457230458468183e-01,-4.333981387155023679e-01,3.901151783406113238e-01,-6.791269039124932239e-02,1.365710122830931239e-01,1.546957489427242260e-01,-5.965940018014840307e-01,-6.314158505992876202e-01,-1.749912861215306148e-01,1.770413328442667911e-01,6.699757631642404287e-02,1.100185302237187551e-01,-1.269686291487234601e-02,8.791487696688217446e-02,-2.255579281010738346e-01,-2.777749659520097336e-01,-4.598552927000422175e-01,-4.531630824181459571e-01,-2.642875134577764018e-01,-2.557924099961590980e-01,-4.325585689539663270e-01,-4.122822888019603838e-01,-6.376964294461963390e-02,-2.339326595929646646e-01,-2.972971361729002671e-01,-2.892229817564316852e-01,-1.611678921284663557e-01,-5.365699295323304863e-02,-6.030166818386324852e-04,-2.964077424977742403e-01,1.836972778596303035e-01,-2.630255494995353827e-02,4.475221933733777857e-01,3.707924703372447728e-01,1.401576983308390756e-01,2.402448863664382456e-02,4.625821274085996360e-02,1.699195189317632938e-04,-6.727916630434791628e-03,-1.347917699828007354e-01,4.822743934000489618e-01,5.781568294183614398e-01,-1.777900821890933750e-02,7.244795597764301653e-03,3.609492131885043420e-02,1.819738078255303190e-02,-2.865196804273219544e-01,-4.070266445297555657e-01,1.498523577461221279e-01,3.191042201943354584e-02,2.246291900144738174e-01,1.462981151776767963e-01,-2.776951089563763908e-01,-8.437340352096389662e-02,-1.262008412178027006e-01,-1.114437160781431568e-01,-1.701217229823958899e-01,-3.818225650430690649e-02,2.171546644064284715e-01,3.722983684623192846e-01,3.112151293128065377e-01,2.213404412505517657e-02,-3.438967175195007941e-01,-2.974409226725441280e-01,3.435104838037076336e-01,-6.965175787986324640e-02,-2.652811796571624137e-01,-2.567353528111034899e-01,5.506639699860725878e-01,8.462353268111984239e-02,3.256458964380269938e-01,7.139549756187328622e-02,-5.617260900186816369e-02,1.676327303422641551e-02,-4.100178486196859318e-01,-3.406208742526237732e-01,-3.460695994594629732e-01,-1.352072076737009243e-01,9.445466470488587951e-02,1.056688644021200885e-01,-2.521803473189044298e-01,1.489444306834582232e-01,-2.202579510165736665e-01,-2.009637144772192519e-01,-3.334770721147151118e-01,-2.312639323165908423e-01,-2.041318291970131982e-01,-4.307207667907911319e-01,-4.269872006875364834e-01,-4.280936025282219837e-01,-1.790967862374745478e-01,1.230669424355841785e-01,-1.032606224383792320e-01,2.318410207250622135e-01,2.151554739211213041e-01,-3.581887371196270098e-01
8.535764838917502678e-03,2.630591992390119427e-01,4.814341900399652929e-01,4.861629389025763359e-01,-5.452872195430048981e-03,-3.623062863935730959e-01,7.237757908101144499e-01,0.000000000000000000e+00,-9.212138830951997759e-02,-3.319088607917595191e-01,2.822734234122792896e-01,4.791601487834723505e-01,5.549696945887412358e-01,6.153860306168282834e-01,-4.220947824249334790e-01,-4.558691759066064719e-01,-9.084406727291825800e-02,1.839004878276206678e-01,3.662922709166397950e-01,2.983822312335226434e-01,-3.736439863261090122e-01,-4.994012412063861817e-01,1.695775581270894117e-01,-1.163705500296946110e-01,7.143262731426973378e-02,1.400210298102049500e-01,-5.595212963044137178e-01,-6.240433126233022598e-01,-1.287806260158051441e-01,4.384280764191672009e-01,1.454561820040174355e-02,1.267532581146758042e-01,-1.538277752623766204e-01,-7.765472131035455750e-03,-4.974196981264741857e-01,-4.741300945115637377e-01,-5.248057219931837603e-01,-6.587863527376364159e-01,-3.872431926999201912e-01,-5.471132826713904773e-01,-3.588250133441008849e-01,-4.941377344119124437e-01,-7.818734809142668940e-02,-2.237313867342009821e-01,-3.782593132525479129e-01,-2.079224672249219141e-01,-1.223379849715258150e-01,-7.007892380885177852e-02,8.143101259485927002e-02,-2.254562058938417990e-01,3.208567293245758179e-01,1.281975571908147427e-01,6.223739154938955354e-01,4.783661211354389153e-01,2.340350936699559514e-01,-8.698377559340685072e-02,9.322060535204657050e-02,2.322401636326115737e-01,4.735576636806482914e-02,-1.028162005674497677e-02,5.197639585286324415e-01,6.026380684771479590e-01,-6.446615833867348593e-03,2.706451528054673039e-01,-3.010080512469064939e-01,-8.825045331377080748e-02,-6.152856018836754259e-01,-6.058148008742215707e-01,1.178462140548440507e-01,6.458637440788023154e-02,2.489847201472040750e-01,2.751658928919245017e-01,-1.434354400741182367e-01,1.633062571022473319e-01,-1.490681134354141513e-01,1.474212288634468675e-02,-1.494358610059026427e-01,1.655104083449271957e-01,2.816303746762602311e-01,2.578467886139900189e-01,1.938011690828508049e-01,3.469374586988398235e-02,-4.602686860110926648e-01,-6.022505335948129535e-01,2.474344947295069874e-01,-1.242565519485603204e-01,-5.456768074851756634e-01,-5.289484732008116197e-01,4.481743326539718297e-01,-5.859716374172305869e-02,2.875981778543283962e-01,-2.047664710612426830e-01,5.064163555765526653e-02,-3.343765175331811501e-02,-6.074689284726029204e-01,-6.109616739106015215e-01,-4.058746206312503491e-01,-2.696899061377807660e-01,9.881605059671226543e-02,-6.543206625213190963e-02,-3.671878868645357952e-01,2.181927109974264867e-01,-2.256333270564651050e-01,-3.352756227140654133e-01,-2.931325252876115228e-01,-3.401242564600640006e-01,-4.484910530661400108e-01,-4.697999750460206125e-01,-6.061568888898827279e-01,-5.790747483777327620e-01,-2.689372238479357802e-01,2.944783587838459837e-01,-1.500650712056190994e-01,3.462464252872392012e-01,4.451377513192850133e-01,-4.789728131088543672e-01
-2.746897680455089863e-01,-1.109470295240423815e-01,-2.918177337689384365e-01,-3.019463783837119109e-01,4.262922986626717647e-01,3.973945876994388060e-01,-1.226512505289514277e-01,-9.212138830951997759e-02,0.000000000000000000e+00,2.986413723754534622e-01,-2.667482517053966218e-01,-6.849339366917703287e-02,-1.373409018398985826e-01,6.804067309406645891e-02,3.660205357330846843e-01,2.812388344911415650e-01,1.001797812624902716e-02,9.282884921233713893e-02,-3.904185410753887586e-01,-4.021909955846744711e-01,-4.173485106343094442e-02,7.312754681589902009e-03,-2.628536002695961438e-01,-1.214179508042493999e-01,3.959625838106348855e-02,1.137094668638408967e-01,3.241030079104800232e-01,3.705151219363293502e-01,3.215613989602733591e-02,1.258723639969831498e-01,-1.166814519540759765e-02,-3.698423512811407909e-02,-1.563127454102036795e-01,-1.851200772179413812e-01,-6.525346491999622911e-02,-1.285032696693519660e-01,1.463529268585345711e-01,6.659797263119263122e-02,8.247726541938928124e-02,-1.184908361073551929e-02,2.319880825773374400e-01,-1.977968206676941620e-02,-1.359625989496492660e-01,-1.898345305776892589e-01,1.861926704092402018e-01,2.003428534535925398e-01,-2.701338233966413815e-01,-2.947302643662830235e-01,2.183804952124080712e-01,7.045650419139068421e-02,8.760026957307631354e-03,1.211772947549150450e-02,-2.459706258479158747e-01,-3.478138763378968989e-01,-3.470324926522440623e-01,-4.560384816073704273e-01,-1.048215712849084880e-01,-8.336418162942259291e-02,-2.801002691075200612e-01,1.211072423030495025e-02,-1.534539179788264318e-01,-3.328547977484345305e-02,5.665399233656036315e-02,1.689860768130772850e-01,-7.862007027395781500e-02,5.083104402880252171e-02,-1.090299279134625265e-01,-1.718626897780532389e-02,-3.900599185758178433e-01,-2.661860216207419527e-01,-1.058881707191604432e-01,-2.206470013332156865e-01,8.006247581027448046e-02,4.670792696295174989e-02,-2.302775032178358272e-01,-1.764601403619762282e-02,-1.507451713715354524e-01,-1.511105560776448420e-01,2.863082562227774533e-02,-2.879390653716334403e-01,2.858321066761621010e-02,1.555891749563281246e-01,1.226184401421676340e-01,-8.079852807428392070e-02,1.891931216028627794e-01,3.605570658542596174e-01,2.756084680029637773e-02,-2.861134153547875147e-01,-2.359153761510586478e-01,-4.216758785163849943e-01,-3.944429505532495162e-01,-2.761126608132336568e-01,-1.135008077919774927e-01,-2.558440901924274868e-01,-7.593417525355222741e-02,-8.665551446080570208e-02,-1.517843584967590864e-01,-3.018997667825663034e-01,-3.040886708729257371e-01,-3.312164235581938621e-01,-1.128718520680355164e-01,-1.666418800293640312e-01,-2.231829061247669888e-01,-2.989779101545770312e-01,-1.557683415823264417e-01,-3.619034796055403680e-01,-1.570289493419286253e-01,-6.333859494074452201e-02,-1.071545101088680479e-01,5.562823158557413106e-02,1.594412165330887643e-01,-1.250121489484331272e-01,6.985385325252402300e-02,-4.544244064628158997e-01,-2.237684684520631073e-01,-1.426974431223515805e-01
-9.058010593126468099e-03,1.366228632032103762e-01,-5.034453259714468665e-01,-3.736375715422139421e-01,-3.416376186640554535e-01,8.282352966793580240e-01,-4.050719382039052463e-01,-3.319088607917595191e-01,2.986413723754534622e-01,0.000000000000000000e+00,1.377068864817442007e-01,-5.829317830893680080e-02,-5.408640297987972190e-01,-4.131041375855830089e-01,5.986227902458595151e-01,9.010325649742796372e-01,4.181455410128419314e-02,1.491952786526800911e-01,-2.927610618528200814e-01,-3.072208171461348614e-01,-2.507844902681178878e-01,-8.375941438334769118e-02,-4.451413018875266525e-01,-2.986022333726615074e-01,-5.815165235739037097e-01,-5.803932597622077916e-01,4.233998948427921682e-01,6.574486931336889217e-01,9.315305701927224791e-02,-3.096483461788501201e-01,-4.736677531508037831e-01,-4.894393937511302139e-01,-8.679395339280671084e-02,-1.491385409210076451e-01,1.825204453301446095e-02,-7.584402025378146617e-02,1.253011895442615597e-01,-3.333553448007843881e-03,-4.642967848263769570e-02,-2.543062807971619918e-02,5.747556900903065535e-02,-1.773051608513897537e-01,-4.868715451006084827e-01,-4.548387337255511698e-01,-2.153333847924633893e-01,-2.851853945337311513e-01,-4.918544733824307125e-01,-5.799665056807735697e-01,-3.983174229806647482e-01,-4.495122554285367888e-01,-4.358206124289522032e-01,-4.134513335697500014e-01,-4.528029437081662056e-01,-3.544494407118047308e-01,-5.367112398136169027e-01,-5.533369802056490316e-01,-5.810031939991575772e-02,1.050445512128641568e-01,-2.905973811581442634e-01,-1.052230956631310527e-01,9.221055159160472525e-02,3.896662985949488067e-02,9.892791985497075002e-02,4.410817482854587079e-02,7.007142505617214301e-02,9.668407511685665756e-02,4.094793565934429919e-02,-6.030070962353745179e-02,-1.773523166065059387e-01,-4.035725420827788179e-01,-1.708814807985522544e-01,-2.732039997377074259e-01,5.105551214260792108e-03,-2.107206886442156424e-01,-1.240169897497893636e-01,-1.966162979871748928e-01,-1.133777073728977486e-01,-2.418730859086815344e-01,-6.500509924437941796e-03,-2.267786830780182949e-01,-1.289113803620264564e-01,-1.663731298425374580e-02,3.226356604714257503e-02,-9.264758213508711426e-02,-1.019317674445241739e-01,-1.949003975343041872e-01,-1.683691757631144981e-01,-1.504760505584760710e-01,-4.985449911613576424e-01,-4.847197455191152859e-01,-1.875372068422607452e-01,-2.904301187996972122e-01,-7.927317864255389868e-02,-1.980940802254854138e-01,2.001699894169050586e-01,1.860430049814937592e-01,3.068042672553237260e-01,-2.878473169229515960e-02,-1.385938014425373496e-02,-2.485420989739581810e-01,5.773012922537904684e-02,-8.888809247667982250e-02,1.231888665887254236e-01,1.117330218386948168e-02,2.499770108786067424e-01,8.820550967787747776e-02,2.773500064367914741e-01,3.038033363714727209e-01,2.414336633244519859e-01,2.835492095693256109e-01,2.700944861536247465e-01,-2.028500222732139147e-01,-1.360136141040210189e-01,-3.145103228652167404e-01,-2.226918436871611617e-01,2.849936529149907916e-01
1.531722571548452261e-01,1.399249719487302979e-01,9.694868820577168256e-02,-1.024682043362134115e-01,-3.232395513080562055e-01,-2.773203856185368354e-01,4.258504112122218910e-01,2.822734234122792896e-01,-2.667482517053966218e-01,1.377068864817442007e-01,0.000000000000000000e+00,7.902134268654584237e-02,4.495485305677333621e-01,1.930543615577064442e-01,8.708880758571049818e-02,3.655674905111318956e-02,9.634709340533099964e-02,1.353910368093647343e-01,2.019316286816743578e-01,7.420209547127368244e-02,-2.737925610009583899e-01,-3.787413346400647085e-01,-1.320449827454025504e-01,-3.319528375146622023e-01,-3.297685965054603652e-01,-3.564673186229685986e-01,-3.883842481948997505e-01,-3.936790239327401242e-01,1.244301407365947937e-01,-4.182274550745230385e-02,-1.784945656420868498e-01,-1.425426296113601610e-01,-1.244638590298197123e-02,1.799735970562993115e-01,-8.536383803793272385e-02,-1.073509397187480119e-01,-3.176870159439068031e-01,-3.701286521018403719e-01,-2.672856774411304093e-01,-1.589646738496862666e-01,-4.852930250770567944e-01,-4.509767659613926338e-01,-1.839277933147788480e-01,-2.648281817054441434e-01,-3.577167409539149245e-01,-3.026534403045244015e-01,-2.315391612630979257e-01,-2.024127873514608711e-01,-1.047707240737895257e-01,-3.257229823288942394e-01,6.022667349432657413e-02,-1.286526819343868089e-01,1.214794905937022496e-01,1.210720161761311420e-01,-1.961056446358395433e-01,-1.562430087889889740e-01,1.049529845094021585e-02,1.982660522102869249e-01,-2.690625959585072821e-02,1.180369171108989514e-02,4.827597149399206478e-01,4.671150605448440851e-01,1.458059821132493550e-01,6.497990637402965841e-02,-3.300489826253777403e-02,4.134979757675833617e-02,-1.302009128762569579e-01,-2.574082281536771433e-01,1.673523399009175724e-02,-2.422238270670762916e-01,2.130605114756979612e-01,9.400133617691799892e-02,-2.469848719454930674e-01,-6.844655125408008467e-02,5.508714158338027383e-02,-8.958535498668193653e-02,6.274211346490941865e-02,-1.062720086663440991e-02,2.378635130327980129e-01,3.025992823691919242e-01,2.484595938259777370e-01,8.801092125400392097e-02,-2.547302342579109702e-01,-2.184382223284609681e-01,2.724383623364574625e-01,-9.621614494509796167e-02,-3.605700907402192290e-01,-2.549733058358167881e-01,2.435408053605739032e-01,-4.979498692118361491e-02,7.150406168329263845e-02,-7.664755887749913343e-02,-2.499860970281069517e-01,-8.744998022312085173e-02,-2.947486474429083514e-01,-1.989671960448354260e-01,-8.306850533104608025e-02,-2.565919626589105787e-02,-5.936053615599763689e-02,-7.718604545506548009e-02,-2.539851407698603958e-01,6.941537488273763490e-02,-1.371407447154517067e-01,-1.217883150203429438e-01,-2.642360032178672768e-01,-1.859042431443295451e-01,1.301214197897607346e-02,-3.363145564365312978e-01,-3.243733995960508820e-01,-9.713138062038940979e-02,1.440213572450829149e-01,-1.422726785801455007e-01,-3.863448743094071713e-01,3.443565487135923087e-02,-1.576325186348200708e-03,-2.651600919886087926e-01
2.595225715632800689e-01,5.995356266680430535e-01,-2.583209095318097365e-02,2.595111620423110055e-01,5.463782762994318087e-02,8.195968346977547045e-03,8.028474383650774371e-02,4.791601487834723505e-01,-6.849339366917703287e-02,-5.829317830893680080e-02,7.902134268654584237e-02,0.000000000000000000e+00,1.702680148612171207e-01,3.357217244125122457e-01,-1.641309556586072471e-01,-1.254521198039846575e-01,-1.879140873628118436e-02,3.487796604342440210e-01,9.593284588933462254e-02,3.105332144654491255e-01,-4.622542966334074882e-02,-1.920894558808534380e-01,-1.566133801335677367e-01,-2.666733227561188802e-01,-4.859990833230126706e-02,2.102190678918029396e-02,-1.858592262313842614e-01,-2.270185318005807917e-01,1.380000983438146520e-02,4.216868927471320583e-01,-6.993669387845959096e-02,-3.046059701465956421e-02,-1.495836100989130779e-01,-1.141339917034343010e-01,-4.556309589682165373e-01,-3.800469873835265466e-01,-3.189132349093503072e-01,-4.071443246143496841e-01,-1.414249571134196248e-01,-4.320611316606739472e-01,3.332111647663981574e-02,-1.768635865357221504e-01,4.538384241822698839e-02,1.139661114369164806e-02,-2.610517835848720214e-01,-1.197767528578584095e-01,3.825848769420444467e-02,-2.097788447797436368e-02,-1.003692351111257763e-01,-2.463818996547112103e-02,1.466727412817469579e-02,1.383817929308883699e-01,1.610624176214247583e-01,1.415810064852582040e-01,1.070767956460803305e-01,-7.723449732983239668e-02,2.945587851552073921e-01,3.711104926046823738e-01,3.066847940329094357e-01,2.574413264661123968e-01,5.116537707976582805e-01,2.714098360211077976e-01,2.540579970699686774e-01,4.521849894025549710e-01,-4.610675884414658920e-01,-1.748593820092226858e-01,-4.923543691062940986e-01,-4.395405375595300423e-01,4.984337452460606971e-02,-7.707227974583347185e-02,1.252670534753632381e-01,2.808584553513623905e-01,2.888447219125980236e-01,4.870017849103019936e-01,1.171323177126800952e-01,4.111122222816420146e-01,2.616880188342550137e-02,2.449651622212858926e-01,-3.109385901185109449e-02,-5.546060884712672445e-02,-1.754218138692172635e-01,2.355561011461274404e-02,-3.108479783961995979e-01,-3.818204658214122138e-01,-2.153441976229936716e-01,-1.319729855389345230e-01,-3.718970828012346241e-01,-3.669929871275975919e-01,-1.815376065623104662e-02,-2.643061524298693371e-02,5.872577809075225919e-02,-1.837284712067682180e-01,-8.253977333515799195e-03,5.364456748831680777e-02,-2.848264555529392839e-01,-3.241056419148808931e-01,-1.716487794596927852e-01,-5.659031103728726086e-02,1.228748113283034266e-01,-2.984345383638098773e-02,-2.944297726410242677e-01,2.779706166371847531e-01,-1.734040236987876848e-01,-7.818497517608713476e-02,-1.283305209431677418e-01,-1.271626868470052130e-01,-1.929917656025886830e-01,-1.129361957612892431e-01,-2.681126000416046429e-01,-3.754486404623421647e-01,-1.673966742445504863e-01,2.141635892663490692e-01,-6.283548110308305804e-03,1.728737911608855815e-01,1.610851782465813342e-01,-1.098991475299197496e-01
6.795044913915683493e-02,-8.613681274095888463e-02,5.469313027804879601e-01,1.687868540556173025e-01,1.502446640845218617e-01,-6.463437972545120758e-01,7.238886181428036970e-01,5.549696945887412358e-01,-1.373409018398985826e-01,-5.408640297987972190e-01,4.495485305677333621e-01,1.702680148612171207e-01,0.000000000000000000e+00,5.108496847312994360e-01,-3.432155497092714280e-01,-6.416037324197401137e-01,8.116949739861505086e-02,1.378788632149487992e-01,3.884310783784151178e-01,2.479827827867038537e-01,-1.429537363215744317e-01,-4.345278068654435666e-01,3.387013312454874026e-01,2.958722078145671272e-02,2.556672259217983023e-01,2.355212337031295511e-01,-5.990690385104883164e-01,-7.069399000186139537e-01,-1.317577113962740687e-01,2.605461592803270943e-01,1.539022313062770597e-01,2.683184624991122869e-01,-1.685904905550335633e-02,7.646950767048735220e-02,-9.687455885132197075e-02,-1.311144471345840334e-01,-3.044561284981217031e-01,-3.457376618192454232e-01,-2.309519863435032239e-01,-2.084342912660518410e-01,-4.166319384560401295e-01,-2.900260124349091639e-01,1.174732425107547773e-01,-9.617554839875724904e-02,-5.390615213362800334e-02,-1.110123764010420705e-01,-1.025471378358971432e-02,4.091163514081301578e-02,1.756490939831788500e-01,-8.575712436396953908e-02,3.145452692359226310e-01,1.516176619919172575e-01,4.484488611111771550e-01,3.620883485872692931e-01,1.253740644034275764e-01,9.252800388165119405e-02,9.468065544776364806e-02,-4.011312733325788499e-03,1.529387365045278280e-01,-7.701010780793030031e-02,3.792766967386542731e-01,4.304563191892740726e-01,-7.325395714191848540e-02,-1.340034275324385460e-01,1.519568553258571729e-02,2.270359256472068848e-02,-2.390707349282915617e-01,-3.001658706570769497e-01,1.243500248296370292e-01,1.058789312112942832e-01,2.024229516949200280e-01,2.302049970415405156e-01,-1.201528050135138442e-01,1.491776019970228462e-01,-3.960956506933626525e-02,-6.379832886471061004e-02,1.694868805826512878e-02,1.176726147901223374e-01,2.936294022257242564e-01,4.757559778509684589e-01,3.146442560081390560e-01,1.857748776068501861e-01,-2.023984489893316252e-01,-2.625951318990248362e-01,4.154336468196159204e-01,5.795518762731678014e-02,-2.291811757159070428e-01,-2.661864628717142689e-01,5.461010449781273923e-01,1.586411151863612867e-01,1.133390714380813347e-01,6.230417201507313513e-02,-1.797358607862960533e-01,-2.467819837161412677e-02,-4.507267661279046322e-01,-3.913051228603045550e-01,-3.865051741694997545e-01,-1.494906391264446133e-01,-9.741050157093983364e-02,1.138841317470149460e-02,-3.705522540125458231e-01,5.722090715853870441e-02,-3.813724323614158251e-01,-2.168394959292531676e-01,-4.247306736164583874e-01,-2.932614647957386689e-01,-3.654824915883593817e-01,-5.210735999870302892e-01,-4.697318082179302023e-01,-4.395795978841495755e-01,-2.116598159118667777e-01,5.481302850185305192e-02,-2.316844494942896515e-01,2.421890669602401180e-01,1.898008707830876052e-01,-4.855301108968824719e-01
