0.000000000000000000e+00,1.194889097273676565e-01,1.072693294188965807e-01,-1.015688897213505026e-01,-7.792508034091161218e-02,-9.132810553848620672e-02,2.073999323095811198e-01,1.422185938151920570e-01,-1.277771882111058688e-01,2.958811783397671813e-02,4.596113947536281108e-01,3.517172206784211635e-02,3.820891415734633534e-01,3.696204785870613879e-02,-3.975069468562800884e-02,-2.132372777394572066e-02,4.629473995485294292e-03,8.856360355608447477e-02,6.105309800321745417e-01,2.955357083987417699e-01,6.461498399105862489e-02,5.469189577756095044e-02,-3.060106692542634010e-01,-3.723802599517798684e-01,-4.147093636165889441e-01,-1.512714711378882748e-01,-8.428078187065678184e-02,-1.405499113242481835e-01,7.286828310938194865e-03,2.129684940087274783e-02,-2.039994808437894935e-01,-2.742358051055098223e-01,-2.579509764928789028e-01,-2.390105214461070993e-01,-4.643340725211481668e-01,-2.819898007876454615e-01,-1.251148013870595765e-01,-2.577735900710574624e-02,-7.468552630004653310e-03,1.111441504008455344e-01,3.322634739807238113e-01,-2.048905245256018096e-02,-1.068772027025173127e-01,-9.635189363949077379e-02,-1.895422156263640578e-01,-9.404546778243837168e-02,-1.781661204288620681e-01,-1.394310028271283919e-01,-1.230322624144385979e-01,-1.823454927713225038e-01,-2.015479581346434901e-01,-2.225444435386198239e-01,-2.351680960173663237e-02,-1.022879113343783120e-01,-4.292246907546482665e-02,-1.826701850373751157e-01,3.071467512877282258e-01,2.793884422568155279e-01,2.252756828396799693e-01,2.684504767433865124e-01,4.266726845652570321e-01,3.397593110852542564e-02,2.532119525851251884e-01,1.046942589231783793e-01,-3.653637093449444428e-01,-4.896374095833129214e-01,-1.480055508889842886e-01,-2.347788071364360629e-01,2.675307789934303071e-01,2.778880953069896576e-01,9.518460010174084607e-02,2.078938819298803420e-02,1.412189048804824432e-01,-2.985750604471180611e-02,1.416851697955931189e-01,-5.704667230580874604e-02,1.518478606544786981e-02,-1.223043251322272068e-01,-2.866585465990291459e-02,-5.994422308472898558e-02,-7.847996374563633026e-03,-2.293991546989542288e-02,6.883597373001781872e-02,1.742793978252090981e-01,-2.039035501010760532e-01,-2.583016949674936114e-01,-1.187761459795768360e-01,1.989059981505875152e-01,-2.740216144293171341e-02,1.404451422860814036e-01,-1.817872444895706208e-01,-6.252591709737190251e-02,-2.318078572509583157e-01,-1.002821456282651791e-01,-9.763297026837248344e-03,9.554592074927269890e-03,-2.064507819767410490e-01,-7.914199411145039775e-02,-9.343563948526974194e-02,-2.001317666319468169e-01,-1.942073405347724546e-01,2.041438350096663745e-01,2.273145252757535761e-01,-4.919739842220762632e-02,8.327698900070806820e-02,-2.810669981429783637e-01,2.734137966099726633e-02,-9.620472855319002481e-02,7.335346953972315953e-02,-1.028865229400381665e-01,-9.873412055835274759e-02,-2.123966516985618114e-01,6.494584129896829698e-03,-1.554621145945949412e-01,-1.858081286463526827e-01,6.633337370014029399e-02
1.194889097273676565e-01,0.000000000000000000e+00,-4.833667080153412066e-01,1.069920202283942828e-01,-1.068403142119738747e-01,-1.332597190982758029e-01,-3.707132233998257087e-01,-1.318336664301951455e-01,-7.895899272130518787e-02,-2.700748550136313764e-01,-2.437189383701815482e-01,-1.124714264453181983e-01,-2.326690783340775448e-01,4.430381895958085958e-01,-7.241009169260387290e-02,-2.859253239652746470e-01,2.641354386133324406e-01,4.321322250984450664e-01,1.562753635999996338e-01,2.140426549245879884e-01,-4.330197049954701005e-01,-3.571439693645424573e-01,-1.335761387659913958e-02,4.610258829614433118e-02,1.460421072300753242e-01,9.947886638227447509e-02,-4.117302826820557482e-01,-2.510800855963966627e-01,1.844574402700457361e-01,1.530493309522679701e-01,3.103313922296528915e-01,-8.333408910630250854e-02,3.902756018958311035e-01,4.238388231963593489e-01,-1.765608208575512039e-01,-7.682588268638988749e-02,3.586599194106621785e-02,-1.386781052404466863e-01,-2.476304143487076392e-01,-3.005447310860899224e-01,-6.900267312267125211e-03,1.791493294679471493e-01,-1.335002924329536655e-01,-1.010446921103251572e-01,1.682128543880534455e-01,8.473892347528229341e-02,-2.791776375588703174e-01,-1.470149177717869349e-01,2.299136095859004858e-01,2.575302084368037425e-01,1.226686554285097985e-01,2.582487658264713826e-01,-3.556306495989206562e-01,-1.797787440746682619e-01,-4.751316801200184958e-01,-6.321731020309372118e-02,5.127497347716470921e-01,4.973273991591404819e-01,-1.979885578383207279e-01,-2.279130799014012984e-02,-6.238181752611241665e-02,3.178547629054829238e-01,4.185380415243013519e-01,6.407853467025894645e-01,3.517307312740824976e-01,-1.366906831901809572e-03,-1.790949990450703688e-01,-3.934917790521657438e-02,-1.045333278980442766e-02,2.023762802528015492e-01,-6.497107901341606095e-02,-1.509836776740415276e-01,-3.008514579238689632e-02,4.200781569502388124e-01,2.565936434341131167e-01,2.027598123692477272e-01,2.198686104436985492e-02,1.418949916227856545e-01,-3.694672030120237094e-02,-2.242846375863868924e-01,6.135063943181526258e-02,-2.741875216430172402e-01,-4.383259986444333622e-02,-1.707286375987901450e-01,-2.966496169140157568e-01,-4.118349693822037083e-01,-3.662443158497291074e-01,-5.554112614741404941e-02,-3.706108045854518140e-01,5.821772358535325792e-03,-3.925097898986600227e-03,-9.701479852170916129e-03,5.092913462727644003e-02,-2.507995587667345427e-01,-4.707998355393979151e-01,-9.023690160505486169e-02,2.658635303978043041e-01,-1.267535958229985549e-01,1.460997374479155730e-01,-5.082090571538155910e-01,4.727176784265760823e-01,-9.490660239032615297e-02,-1.443199813289237909e-01,-5.770854262621377684e-02,2.864410034142736428e-02,1.311004324456283565e-01,-5.722601144061261608e-02,-1.077999893791572183e-01,-1.845665444841462083e-03,-2.910449190712182110e-01,1.716359538138868823e-01,-1.854005543732195338e-01,-1.337874205324237620e-01,1.949933826678173776e-01,1.795328558408301745e-01,-3.003449931609008527e-01
1.072693294188965807e-01,-4.833667080153412066e-01,0.000000000000000000e+00,3.702416514764911848e-01,3.416809734725879122e-01,1.531465016597892137e-01,6.260181932558761542e-01,3.479668130984500674e-01,3.469193715605466966e-01,2.746726890308087699e-01,3.038401619133975218e-01,1.015524558367062735e-01,2.364912545391056331e-01,-2.587325085960711091e-01,2.526900411620002784e-01,4.855253880817834156e-01,-4.032595113252941399e-01,-3.095284281946465432e-01,1.776444264018216812e-01,1.428132770498952986e-01,3.772563216993625734e-01,3.787960678464528108e-01,3.790709528655842875e-01,3.536701690259878017e-01,-6.261757674289078479e-02,-3.146197839293677495e-02,4.224428882225669812e-01,3.357905991977231941e-01,-2.191960014393495582e-01,-2.545212596669804150e-01,-2.744193526148975271e-01,1.966094645614644143e-01,-2.433491822955659578e-01,-3.552376931766076940e-01,-3.255627120684956993e-02,-3.718903365680582829e-02,-3.098891050941550707e-01,-1.575833003850048847e-02,1.684748543483860841e-02,1.148167544457792816e-01,-1.204386146066742519e-01,-2.573792546575532914e-01,-1.853092781817936574e-01,-2.240827943170922154e-01,-4.319062198326433233e-01,-5.086602846218699625e-01,-1.085626995444886472e-01,-2.580962676096972830e-01,-5.660209812246088656e-01,-5.537901715477353548e-01,-4.419199191018425843e-01,-4.522744732218280661e-01,1.023393978357212131e-01,5.349363263507578813e-03,2.305677551601777175e-01,-2.872810907070567632e-01,-3.463434353385010378e-01,-4.676736013228544042e-02,2.226265047894913918e-01,2.848998856004145708e-01,1.865540759068675183e-02,-1.131000235630875012e-01,-1.983976659537985965e-01,-3.779197412593263694e-01,-3.082132920439780155e-01,-4.158631508377359787e-02,1.501541509289582021e-01,-1.263004997597171053e-01,1.569523642970035715e-01,-1.332452195023247632e-01,2.951898457190484382e-01,3.280716095977547764e-01,1.279218442486763918e-01,-3.092543172345260660e-01,-1.869154193223317439e-01,-5.348029058719166312e-02,5.929924727374453336e-02,-2.700333629116155598e-01,-9.238140996349709921e-02,-1.752981816070012591e-02,-1.889266766223349214e-01,4.535699949474542719e-02,-4.064107572057774898e-02,1.438413783594652828e-01,2.103471357794567953e-01,2.089127652063898499e-01,2.533733249846971125e-01,2.004169411950292579e-01,2.660250710386777850e-01,-9.316645127632605661e-02,-3.007011819040625866e-01,-1.210260939841140831e-01,-1.846949928425784537e-01,2.353430682935533091e-01,1.744197633335176634e-01,2.584829120030139246e-02,-4.946268558371686996e-01,6.485857072601903910e-03,-3.433595112131296312e-01,2.308843524614764275e-01,-4.696461316788393958e-01,5.376994963548435702e-02,1.396668069638384857e-01,1.194323520224426470e-02,-1.782698219024734243e-01,-1.697739565522614902e-01,-1.452670405065290514e-02,-1.351697434715341539e-01,4.112808332203841954e-02,-6.063407203770370540e-02,-4.945232059229453525e-01,6.169581636019528387e-02,2.877762979002796220e-02,-2.589905991022153908e-01,-5.231761113758665038e-02,3.581405711721850627e-01
-1.015688897213505026e-01,1.069920202283942828e-01,3.702416514764911848e-01,0.000000000000000000e+00,1.920313082090915335e-01,-5.191840608951937136e-02,9.381987658680183972e-02,4.222182505184056134e-01,1.851073090835967661e-01,-1.392690968608158719e-01,-2.527189561477550805e-01,8.217167986306994631e-02,-3.503365937621913950e-01,4.668003042219567161e-02,-2.835569952623935575e-02,-4.594036960763115893e-03,-2.009510193527362931e-01,-8.927029700690387870e-02,2.654390898484987882e-01,4.236910150435946876e-01,-3.718028576801846868e-02,-9.678015312969703854e-03,3.732600013173955622e-01,7.100631610932506277e-01,2.532939697122029155e-01,3.611102591900219316e-01,-1.640827150420223757e-01,1.073054179402986724e-01,-2.897753975743272981e-01,-1.462928736133463636e-01,9.424857472782942336e-02,1.680124210019579012e-01,3.515258929394632914e-01,4.188026997560105325e-01,1.806491079893594864e-01,1.288698220707521769e-01,-3.261283836607564157e-01,-1.145005617084868810e-01,-1.521069804959148952e-01,-1.489071092347850622e-01,-2.942555381879316534e-01,6.735916979426032070e-02,-2.198912871169537431e-01,-1.654018214047273672e-01,-1.832219017776696712e-01,-1.417782372180561579e-01,-7.872395161681693121e-02,-5.086870244792918161e-02,-2.093913492012168809e-01,-9.534777361492474332e-03,4.411663192344898038e-02,1.880931225496544901e-01,-1.328897735191006575e-02,7.905716466482948235e-02,-8.629945405782379897e-02,-7.741156938341867133e-02,9.595714265391912245e-02,-1.668223843262167938e-01,-2.368571553988128853e-01,-1.820103352557181642e-01,-4.101320222114319125e-01,-2.005813183431872371e-01,5.372790355894223324e-02,1.383129797854083520e-01,7.035575710901462165e-02,3.755789712461441443e-01,1.480783676421350281e-01,2.262563681482748779e-01,-3.275339624184738646e-02,-2.004225331717604808e-01,9.401339923749654770e-02,4.722845179710703084e-02,-1.378110187187118751e-01,-1.534978805972595506e-01,1.736848290026834774e-01,1.873630393718945519e-01,-6.999257834612046536e-02,-1.081354659233277754e-01,-1.976604868421052152e-01,-5.281491639465911783e-03,8.968807767494743621e-02,2.690425907639915765e-02,-2.144366136640495427e-02,-1.450659269144382313e-01,1.326982851954144060e-01,2.275551660399646181e-01,-1.608640725962169615e-01,-1.079732117405295677e-01,-2.347456822039142577e-01,-7.850593860155916093e-02,1.094148342797710144e-01,8.170675786422866571e-02,2.630348135895184680e-01,1.806129330293567981e-01,-9.859760574532384914e-02,-1.066882743016273200e-01,-5.631511295665798250e-02,-5.396391933061780305e-02,-3.563446124300860551e-02,2.222893802550052547e-02,2.041532742662158784e-01,8.904593195430141050e-02,-5.907863923584839166e-02,1.079494655417561483e-01,-5.416373762660601707e-03,2.352586377117116545e-01,-1.746411683169730444e-01,7.610166720002567442e-02,2.308951911709921853e-02,-2.912641391183828574e-02,-5.472066219562223693e-02,5.938173275502303672e-02,2.474238640906843353e-02,8.650550131351383842e-02,1.765660392405768997e-01,6.800809612072815369e-02
-7.792508034091161218e-02,-1.068403142119738747e-01,3.416809734725879122e-01,1.920313082090915335e-01,0.000000000000000000e+00,5.618768555328966796e-01,4.670912945057736909e-02,-1.061648366068711213e-01,4.328288199186052232e-01,1.284830356364654314e-01,-2.176891499697150914e-02,-6.950286357058046982e-02,-1.654443740528952489e-01,-1.949325975755533680e-01,4.297076088058635612e-01,1.022108423617267836e-01,-1.750023898431216085e-01,-1.435191640904948385e-01,6.768673163180392860e-02,2.433148201759613993e-01,2.901376098403560255e-01,3.684627507585209183e-01,1.664740461225705515e-01,3.305669947995005242e-01,4.552689332611327688e-01,4.000685578650199914e-01,3.909098784241235025e-01,5.151391979059063431e-01,-3.039001912575270414e-02,1.224569644251145839e-01,3.146268294645438446e-01,1.886602737932328300e-01,1.817867547340785983e-01,9.779958101278904414e-02,1.467890499042153463e-01,1.140853533468509651e-01,9.245086249640013798e-02,1.284127636734436750e-01,3.494674297312596600e-01,1.097414871682507592e-01,1.339706383156267777e-01,1.336651709989888914e-01,-4.992384327102848685e-02,-3.263992109346798842e-01,9.114345390277701908e-02,-3.953005378294982552e-02,2.798749417376924023e-02,-2.050419143032906344e-01,8.522471560661686041e-02,7.567643365337137044e-03,4.717794040101937897e-02,-1.837958821398666398e-01,-1.785908006102548684e-01,8.800821016868784485e-03,1.373961183218209425e-01,-2.830708697643904981e-01,-1.612669366169322549e-02,-1.830502188956654730e-01,-1.308425478075492532e-01,-1.672792514546690146e-01,-2.214030458403914714e-01,-3.365252242110651770e-01,-1.016994276951962706e-01,-1.444459032459969872e-01,-1.656756257951290043e-02,1.083094602157178010e-01,1.103570073927236384e-01,3.163587144098887333e-02,1.209714072169416205e-02,-3.681367055034952956e-02,1.406072082389255296e-01,7.164222228496347489e-02,-1.015332808967860379e-01,-1.840042384538564113e-01,-3.060128597004140028e-02,-1.306384799382221962e-01,-7.959447749507726766e-02,-3.718911991132842904e-02,5.509453438080754058e-03,8.432501624860637424e-02,4.859507631049305582e-02,2.793825125852157365e-01,9.793927167838994974e-02,1.224176867619821280e-01,2.358091107936749475e-01,7.746801808652130361e-02,3.658835914934770450e-01,1.550533541729416931e-01,-1.243199842036623315e-01,-3.152196214070458469e-01,-1.466108611758843161e-01,8.536847054539498103e-03,-8.008015259312109557e-02,-1.815483421576949072e-02,1.759083900330775663e-01,1.196167469231438213e-01,-1.636233710162208199e-01,4.380647081778429180e-02,-1.769903114799899480e-01,1.314809205479364543e-02,-3.007484168378218858e-01,-1.102030252814807376e-01,-8.075993095883690631e-02,-1.123203408080495208e-01,-2.073958245069308370e-01,3.187684377548489212e-01,6.947187394328725729e-02,1.518045575302311503e-02,-1.886731621717412655e-01,1.451062584751841578e-01,-1.701971629683403098e-01,-1.602470619871611546e-01,-1.620411135008396064e-01,-7.421645158472235659e-02,2.115150355742879962e-01,4.093085908986419247e-02
-9.132810553848620672e-02,-1.332597190982758029e-01,1.531465016597892137e-01,-5.191840608951937136e-02,5.618768555328966796e-01,0.000000000000000000e+00,1.225314858289315717e-01,-3.426259029262882557e-03,3.563977256034694951e-01,5.288616025808774435e-01,1.247880241351480984e-02,-1.620812248875291017e-01,-9.929880984414871103e-03,-1.316307300262323510e-01,1.920901170183367257e-01,3.778644588141974459e-01,-1.147911365225654928e-01,-2.668736656845375754e-01,1.230713987497788521e-02,1.073201002884966310e-01,3.325954707229624163e-01,3.497589707529453751e-01,9.322115188398678864e-02,1.533294581837530979e-01,2.271523997600985723e-01,3.814891858264074509e-01,2.998745600947675394e-01,5.643548019759817569e-01,-4.777321526561596060e-02,1.043231439119836207e-01,9.721020591964810165e-02,1.519336731624731374e-01,6.549532731119497853e-02,2.281249642385133405e-02,-7.170173310925205545e-02,4.325313886794377588e-02,-3.400740673430573124e-02,2.362614533598658695e-01,2.643587937631861062e-01,1.887873737007547126e-01,9.258698182659841347e-02,5.986268031287288877e-02,-8.259359910900645682e-03,-1.648447590048803257e-01,1.141797833232869597e-01,5.174818057437501236e-03,-1.304322788264183734e-02,-1.659862669590706497e-01,-3.379228055859689883e-02,2.296589902134125658e-02,-1.417969344865450954e-01,-2.251683064190743433e-01,-1.390742174827153677e-01,-1.005329949997598032e-01,6.335851870532147045e-02,-1.118095632906253439e-01,-7.879401161214438787e-02,7.422642293073052067e-02,3.787772529953535583e-02,5.402562056118352662e-02,-6.435992793215354613e-02,-1.261455634035676399e-01,-1.903086839975666189e-01,-2.109898614689148244e-01,-3.152809742045971642e-01,-1.265555927667553759e-01,-2.326346132784819914e-02,-1.499820164317763327e-01,3.154860127517209595e-02,5.158426933370148515e-02,1.503290355636374143e-01,1.038630778874309601e-01,-4.457868000372796659e-03,-8.161212539312479031e-02,1.587689022911919351e-02,1.884153982264698546e-01,-2.478337889155469639e-02,-1.756151871742655385e-02,-1.341034989207594008e-01,-6.796895803014484094e-02,-1.287514173570504239e-01,4.063182686804855254e-02,8.373382500566585451e-02,2.034268890404217212e-01,-1.023170998492304445e-01,-5.092281056047499865e-02,4.062434094136264662e-01,1.853635812077580880e-01,-6.832833970622891051e-03,-3.059817349475345005e-01,1.315944088856952146e-02,-1.002549649400177323e-01,-4.071058924690624387e-02,-1.690516053193015233e-01,1.527218618281303286e-01,-3.336284394211918441e-02,-2.194838224896645401e-02,4.456785748059202690e-02,-1.817439242458023310e-02,-1.317394350978146056e-01,-2.195529380479690484e-01,-2.552632247599962434e-01,-4.086716271162797037e-02,-1.122137980129559592e-01,4.610675561124910268e-03,1.443047235001109763e-01,6.905880679519652010e-02,1.081053021090137289e-01,8.654299748878774290e-02,2.575530448400028399e-02,-9.050269826607022783e-02,-1.551337250263413736e-01,-1.511460872106909215e-01,1.158313603057596272e-02,1.223139354495542536e-01,-3.105372923230848362e-02
2.073999323095811198e-01,-3.707132233998257087e-01,6.260181932558761542e-01,9.381987658680183972e-02,4.670912945057736909e-02,1.225314858289315717e-01,0.000000000000000000e+00,6.559382677051531774e-01,4.672600843877439125e-01,1.194708265088282317e-01,5.601655337389742639e-01,3.095482040717362215e-01,7.011709619455679388e-01,1.107303851326370547e-01,5.028072976982341999e-03,2.590727710889891289e-01,-4.227097066102681322e-01,-3.799808422606135716e-01,3.651513286933363162e-02,-2.939808809272356216e-01,1.828523597621811436e-01,9.748569092575511130e-02,2.653433494810213400e-01,1.101866060805327570e-02,-2.910702636331489734e-01,-2.668009005283327739e-01,1.160646787506733196e-01,-9.067584307682143019e-02,3.670456653896918969e-02,-1.907866221362309045e-01,-3.311630203513367676e-01,2.011201904168295473e-01,-5.833426567532223883e-01,-5.100972894740540831e-01,-3.011224040139012237e-01,-3.801109426941964853e-01,-1.099481335680696087e-01,-3.959878702665966393e-02,-8.492890612407431872e-02,-5.413730787626320345e-02,5.185216746416740352e-02,-5.056780529071289720e-01,5.757205672533040330e-02,-7.232971707065710687e-02,-3.747695258294989618e-01,-4.158223242986769375e-01,-1.118459369453073671e-01,-2.069610565477895403e-01,-5.115359296355475038e-01,-4.042070161863245414e-01,-3.084693856767044551e-01,-3.760843769180852725e-01,1.411574983950481255e-01,2.561511465693838696e-01,1.956772246213966254e-02,-2.477254103578004074e-01,-5.249128086469226906e-01,1.412839409326530626e-01,4.497830123563146265e-01,4.662628265290526541e-01,5.424220983950676089e-01,2.270846381651034362e-01,-5.420123731978104820e-01,-6.140739268937759343e-01,-2.468452716320313767e-01,-3.206223816093449752e-01,3.646254510837066559e-02,-2.011957006749669763e-01,1.336086086139289253e-01,1.264904533156540646e-02,4.958275279670438795e-01,5.580466223079524335e-01,3.910132807193575921e-01,1.151668840030152692e-02,-2.905959222761606009e-01,1.159530319722474750e-01,3.453926021612985231e-01,1.257468138055548024e-01,1.377109750122788856e-01,-5.662764435501586868e-02,-3.950178531524641823e-01,-2.201749304190503131e-01,-1.564153957561600361e-01,-1.585531555873358756e-01,2.085703332945789690e-01,-2.011654321863619310e-01,-9.516762087595735664e-02,-1.599836614386353217e-01,2.542318569371670445e-01,-3.643115830525384818e-02,-1.684538105867022795e-01,-3.640846721478044334e-01,-2.040437693121815721e-01,3.165979046966653221e-01,-1.679503260239814111e-01,6.377128793170569465e-02,-4.289921596456049424e-01,1.077882464764667592e-01,-1.624448233123937935e-01,1.468820965663515943e-01,-5.253250729447025424e-01,1.438300072445977962e-01,3.120356833060893842e-01,-2.889954100531392372e-02,-1.344761401007413086e-02,-4.607495594492072022e-01,1.845060291573469291e-01,9.708496198603776273e-02,3.710878952397256292e-02,-1.243716209201134876e-01,-3.254194575946038337e-01,1.377820705167431825e-01,3.341021408471759879e-01,-3.926574831746815208e-01,-4.145559661331325030e-01,3.379194870549777630e-01
1.422185938151920570e-01,-1.318336664301951455e-01,3.479668130984500674e-01,4.222182505184056134e-01,-1.061648366068711213e-01,-3.426259029262882557e-03,6.559382677051531774e-01,0.000000000000000000e+00,2.645893830780089995e-01,-9.701266724919947911e-04,3.165143351116170289e-01,3.666896565893144055e-01,3.039967963477996915e-01,2.045228714450050000e-01,-2.954265214101268189e-01,9.714542484986427029e-02,-2.426627108989819481e-01,-1.539814721090342342e-01,1.543938475669323074e-01,-9.747927631107150548e-02,-3.758901564978688048e-02,-2.165088343319322151e-01,1.232367835943522644e-01,1.598895404729090142e-01,-3.303216148575546796e-01,-1.577673423043384759e-01,-2.734155959764237309e-01,-2.046005735409558157e-01,-8.465876163779370578e-02,-6.876230659510133847e-02,-3.492721252977759039e-01,7.004767728933833371e-02,-3.803411423728554897e-01,-2.329430296697541647e-01,-2.862621250091998415e-01,-3.049335876463433181e-01,-2.904607794245451236e-01,-2.781311236950067545e-01,-1.703520468106295427e-01,-2.185756896162404928e-01,-1.100755103124871903e-01,-3.737829608004336612e-01,1.022921987385954773e-01,1.337226707117289970e-01,-1.484579402458263975e-01,-1.483407161063563240e-01,-9.301024485289186017e-02,-4.935581529713017890e-02,-3.289173890967075908e-01,-7.411890944716092999e-02,-1.026207174452219567e-01,-7.319657853293361216e-02,1.809024458864971485e-01,3.206373066445500353e-01,-5.789323391873726216e-02,-1.314319495935520055e-01,-3.292302218437647143e-01,9.403811013577180467e-02,1.789665882313971057e-01,2.574972280087797216e-01,2.884027579226435822e-01,2.081178872691862025e-01,-3.503292450106330613e-01,-2.747618770449007930e-01,-2.406497324416022876e-01,-1.041891102069836678e-01,-3.094413625137187873e-02,-5.274144392970128020e-02,3.041126914421947783e-02,-8.920436855235693019e-02,2.745560522235584444e-01,2.420000524372582784e-01,1.063882404255164782e-01,-3.727010454980461684e-02,-1.358927389931018914e-01,1.686796759878524399e-01,2.715058435023148253e-01,3.350690141388436988e-02,-4.687939404818639022e-03,4.996749926799814306e-02,-1.946100184624203477e-01,-1.514701004797717465e-01,-2.023830407745585980e-02,-2.152404101620443433e-01,1.638749829997026286e-01,-1.254114092262046121e-01,-2.932087032569576923e-01,-2.145835425468012037e-01,9.060514882898450945e-03,-6.654817140097386841e-02,-4.115501937557041606e-02,-2.849305447706358407e-01,5.233424767874849531e-02,2.913886406973233423e-01,-2.113638360248518699e-01,-7.744181933737581680e-02,-2.039273610479409027e-01,7.247457889821112831e-02,-8.159983266450061834e-02,7.153217514771163799e-02,-1.712012537390388556e-01,1.968845273589139022e-01,2.710074446328413211e-01,5.542685970726255601e-02,2.367708649374201113e-01,-3.154500161463012486e-01,9.329893723386391280e-02,1.104910445065161173e-01,2.056439469764209382e-01,-1.039850636910902709e-01,-9.223747254755519653e-02,1.467255128843714118e-01,2.275975813044526785e-01,-2.500803832891304035e-01,-1.527326385501093509e-01,2.862150875321833321e-01
-1.277771882111058688e-01,-7.895899272130518787e-02,3.469193715605466966e-01,1.851073090835967661e-01,4.328288199186052232e-01,3.563977256034694951e-01,4.672600843877439125e-01,2.645893830780089995e-01,0.000000000000000000e+00,-5.361040126501818298e-02,1.980912263178127297e-01,1.776800190871818674e-01,3.339284164662453813e-01,9.204842368144534881e-02,1.098028047307844923e-01,-6.679454295900764949e-02,-2.090132030301237176e-01,-2.376706822398143570e-01,1.592930395308224112e-01,1.136091099856958164e-01,-8.694234037208289911e-02,-5.166114322546988546e-02,3.693025365520491432e-01,3.040965739264414047e-01,3.048314218236423123e-01,1.227269625427553634e-01,5.667008724297720873e-02,1.651955165209494925e-01,-1.383826855087365026e-01,6.737391815143906060e-02,5.979881127524704076e-02,1.620493778250809147e-01,1.935698088902076952e-02,9.312911783351060513e-02,-9.808288767062942060e-02,-2.265061064306253535e-01,1.305726021786408897e-01,1.297674351392951175e-01,1.520110013054456477e-01,-2.252827449681315819e-01,5.743010659260291279e-02,-3.923147107531085309e-01,1.020131185506749638e-01,-2.686138851240170156e-01,-3.410284606477901291e-03,-1.103911880768986692e-01,-1.297036903306906519e-01,-1.100793180779357228e-01,-2.702036530365027334e-01,5.781637393368423833e-03,1.062424450546435167e-01,2.103388297875472684e-02,-1.905333126033156299e-01,2.721107880647207211e-01,-1.008255516583273642e-01,-3.099083188557989477e-01,-1.326415701651454948e-01,-7.561570362742948970e-02,-2.310531843511091366e-01,-1.839262504755468652e-01,1.256001972073209905e-01,-1.792167688056254538e-01,-2.995443144002675195e-01,-2.517324508957411999e-01,1.246367280752963547e-01,-2.478031353830131844e-02,-1.410030912884455423e-01,-1.246821960932323337e-01,-1.711034805140784487e-01,-8.161579233971245906e-02,3.394674963620583630e-01,2.015091179628415718e-01,3.018043514319572185e-01,-1.661685608779264398e-02,-2.644574865369921923e-01,2.975781733064874479e-01,2.079552897551875390e-01,6.231325031892601118e-02,-3.731433710905563556e-02,-7.476366880880849775e-02,-3.434014979271521328e-01,-1.138481642300017554e-01,-7.471419846289872879e-02,-3.638710625925790088e-01,5.180757293915602135e-01,-2.100546534843968083e-01,-6.931063163548156769e-02,-3.625944604664683713e-01,-5.777203427631819044e-02,-2.835166140808690338e-01,-3.685679082560232300e-02,-3.077405127225525949e-01,-8.870274498609725944e-02,2.912808866136194497e-01,-2.995914008219657115e-02,6.004861615156219246e-02,-1.937688774547877690e-01,2.357877844520836208e-01,-6.870688245656551840e-02,-3.377298047444946688e-02,-2.681725605180803051e-01,-2.273005891553428470e-02,9.038756524508721746e-02,-2.338732093309805471e-01,1.060425723036001189e-01,-1.503275201578454720e-02,1.459920054489730890e-01,1.700786834789012048e-01,-1.447090155629292621e-02,5.761128308920936136e-02,-4.336429084363999792e-02,1.636938931936535446e-01,8.806431500682654345e-02,-1.819329989671756020e-01,-1.102692676682353046e-01,8.411159909857598982e-02
2.958811783397671813e-02,-2.700748550136313764e-01,2.746726890308087699e-01,-1.392690968608158719e-01,1.284830356364654314e-01,5.288616025808774435e-01,1.194708265088282317e-01,-9.701266724919947911e-04,-5.361040126501818298e-02,0.000000000000000000e+00,1.979342301342929822e-01,-2.638843577343415459e-01,1.030695769253940769e-01,-4.051560707666548855e-01,1.453313449274968305e-01,6.097600953693488313e-01,-2.251537348398483240e-01,-1.107772147743436020e-01,9.716292648732102744e-02,1.612302208476916188e-01,5.847613562572386847e-01,3.433094370626342262e-01,-5.052422239737504317e-02,-1.536868528135384160e-01,-3.326522861075058013e-01,-1.244695821837184246e-01,5.784916066552835412e-01,6.703034687218122345e-01,-1.945183467216828610e-01,-4.406109508636820576e-02,-1.146032203174668918e-01,4.336356742068481727e-03,-2.505725907825409049e-01,-3.269992762814677434e-01,7.005605580591037738e-03,2.829322908507736489e-01,-2.830972282007128138e-01,-1.211829613888985163e-01,-2.147976163714261991e-04,2.873939279705662320e-01,-2.391781114976450073e-01,1.322451680285284814e-01,-2.645019503200183864e-01,1.978203475541375489e-01,-1.728413716958412394e-01,-1.602073248502392522e-01,2.796597776941541214e-01,1.287554628520662381e-01,-8.758310581151994290e-02,-2.463792920243202955e-01,-2.620011384726856907e-01,-3.986446638412040611e-01,4.260759985126984506e-01,-5.656380604493841391e-01,4.559070354652984269e-01,7.901891901042469579e-02,-4.664727642741735986e-02,1.339624490193210282e-01,1.795844985082571676e-01,1.919814868039970146e-01,3.296595670071997275e-02,-7.056753162836257309e-02,-6.228689793772054090e-02,-2.035534976070174085e-01,-6.882398401414608902e-01,-3.598870095885711717e-01,-2.331846238006012872e-01,-3.724375039977961821e-01,9.864700889072978984e-04,-5.457116025195526271e-02,1.381088278691627036e-01,2.502788570794112766e-01,-1.817892331853543098e-01,-1.048897934175449798e-01,-5.633327400837686433e-02,-4.037614443659116176e-02,-3.353173690941209650e-01,-3.633001598458027726e-01,-3.537087734406411110e-01,1.169702437049291027e-01,1.534760733461534021e-01,2.616846171524895848e-01,1.488011186823467169e-01,5.718892406659009664e-01,-3.370106566693078509e-01,1.700315348863381815e-01,3.919242810611698880e-01,3.415114661255038153e-01,4.439121101905584843e-01,-1.838353476317717838e-01,3.658463003069686859e-02,3.214339623077810959e-01,8.802395296430896854e-02,-3.163760621338190249e-01,4.357898451985727228e-01,-2.999986803402496238e-01,2.138907119196652717e-01,-3.161245559947726824e-01,-1.383943506306920812e-01,-9.999192274901957944e-02,-3.303207819167532089e-02,-4.287606097392857585e-01,-3.777642742749741656e-01,6.272242559911948845e-02,-1.415238549544753366e-02,2.172752530361361512e-01,-2.618758042861173974e-01,9.401916093026074783e-02,2.632576192284525329e-01,9.691838364571641468e-03,-1.355263854288321079e-01,-1.412796931776911236e-01,-3.098310800100393947e-01,3.745726921263012876e-01,2.522898394976403891e-01,-4.671304503958607912e-02
4.596113947536281108e-01,-2.437189383701815482e-01,3.038401619133975218e-01,-2.527189561477550805e-01,-2.176891499697150914e-02,1.247880241351480984e-02,5.601655337389742639e-01,3.165143351116170289e-01,1.980912263178127297e-01,1.979342301342929822e-01,0.000000000000000000e+00,2.756994057158277944e-01,7.801306825643711251e-01,-4.251719804135523084e-02,2.460979605346364507e-01,6.194394478585603381e-02,-1.972385090390889606e-01,-7.388389190526281625e-02,3.381926059840651422e-01,-1.137695616899263643e-02,2.663474925915100266e-01,3.889914000148295831e-02,-2.301809784666559652e-02,-3.102938500613948158e-01,-5.107536903171242537e-01,-4.461760635391091578e-01,2.240742970556531266e-01,-1.541958664518170048e-02,8.262064229540574956e-02,1.071908365297247756e-01,-1.471760623602318685e-01,5.513619533359542801e-02,-5.885543592409467895e-01,-5.230501839515274698e-01,-2.604537688547372554e-01,-1.432323683461764752e-01,-1.389694753716238518e-01,-1.544529838769146957e-01,2.396040772180358866e-02,-2.314416604757583637e-02,2.071656406550490548e-01,-2.866988792772569017e-01,1.156325621665317827e-01,-1.034336524914424536e-02,-2.246770801136216134e-01,-2.224130948059820923e-01,8.089964771749118266e-02,2.394431524260930838e-02,-2.774057857976852670e-01,-2.911024896898843917e-01,-1.520435057643682586e-01,-3.957758700899691728e-01,2.104996221629350239e-01,-3.771799726102081831e-03,2.110789815882519738e-01,-1.704585517846194109e-01,-3.259296186688278030e-01,1.385018882031242848e-01,1.915543418486173322e-01,2.109198764935623083e-01,6.495280255805938596e-01,3.169344185390449153e-02,-2.782491798473171740e-01,-4.803797296391442151e-01,-4.758067901720633985e-01,-6.055210268334572099e-01,-3.341053765105116424e-01,-4.432562201630628196e-01,6.648396035823576737e-03,-1.100024850319471642e-01,2.612012738352623153e-01,4.394540480123146353e-01,4.058376099284395910e-01,1.175153730563749527e-01,-3.840257269646478455e-02,-1.487543330112132689e-01,5.701552880162114728e-02,-9.052147823567567586e-02,6.469206748255307456e-03,1.122642770826350750e-01,-2.074386922488676288e-01,-6.734282514803233144e-02,1.272011427691144281e-01,-1.946494135739130354e-02,6.605624518350945718e-02,-3.626614113258702643e-01,-9.923668596594933944e-02,-1.243893611502467356e-01,2.475430668085260300e-01,-2.435871349266222063e-01,-2.212190844965837844e-01,-2.179102237221154370e-01,-3.365633438797158705e-01,6.369457316929942603e-02,9.103533783572381743e-02,3.696362512633692698e-02,-1.246352785057350532e-01,-1.073451974241128037e-01,-1.237157166570255623e-01,-3.665207601064943144e-02,-4.520248958803664840e-01,3.564731641610293517e-02,9.795987029877514796e-02,2.862859523170155351e-02,8.949008124501617312e-02,-3.141981171008617624e-01,2.727193689023115764e-01,-1.679981710612220291e-02,7.203119037961036586e-02,1.134273521942344293e-01,-1.595649153023781242e-01,8.066146653061263827e-02,7.768339432458665206e-02,-2.100257711157068607e-01,-2.871653388195555823e-01,1.963485092549916988e-01
3.517172206784211635e-02,-1.124714264453181983e-01,1.015524558367062735e-01,8.217167986306994631e-02,-6.950286357058046982e-02,-1.620812248875291017e-01,3.095482040717362215e-01,3.666896565893144055e-01,1.776800190871818674e-01,-2.638843577343415459e-01,2.756994057158277944e-01,0.000000000000000000e+00,3.767749745718210752e-01,5.845557330511474969e-01,5.386368138707756104e-02,-2.992685958462102530e-02,-1.952609802226061286e-01,1.039427029417771681e-01,-1.706912126596001333e-01,-2.567386399946151032e-01,-1.429503103995644064e-01,-1.924211236371878575e-01,7.607895577903392437e-02,2.828891563605628184e-02,-4.576926052435107729e-03,-1.922432204911895537e-01,3.216540021863378146e-02,-2.633207047468829609e-01,3.482084216569067414e-02,-3.202569903988044392e-02,1.048966542012950975e-02,-1.292182076604020576e-02,-2.225121345456483879e-01,-2.226042685515318698e-01,1.279178012411662235e-01,-3.640522878677335261e-02,3.827242806308531198e-01,1.239472853276864933e-01,-2.434422003777714227e-01,-2.434019819356074699e-01,6.241720087385575072e-02,-2.773063014394964165e-01,1.033575903079391040e-01,-1.052547848775362838e-01,1.276769181802794861e-02,-8.806594923616375969e-02,-1.701491559702771180e-03,6.502129416145957519e-02,-1.371061195330809668e-01,-4.832011096462097283e-02,-3.580589084649269532e-02,-8.081686629160780844e-02,-2.068487152365706960e-02,3.605833814100874446e-01,-6.468610548073057409e-02,-3.129102159076447287e-01,-2.694259896997808212e-01,-1.400151700407597788e-01,4.924350823625412571e-02,-1.619885867253344214e-02,3.376183681473864939e-01,2.544408285534934255e-01,-1.717309554595515542e-01,-1.548758177439153727e-01,2.052348985141747573e-01,2.221238482023526750e-01,2.529166997859259580e-01,9.673181097509558901e-02,4.595925102828712916e-02,7.613209736433805552e-02,2.051256088044737524e-01,1.967424966951758780e-01,4.158744845561643810e-01,1.485597974095515528e-01,-1.123584980386898580e-01,4.767797220614514164e-02,4.812545759447345861e-01,4.305737129133041519e-01,1.413250856680108025e-01,1.298127926396270941e-02,-1.789715841775598726e-01,1.311702572128174149e-01,-2.673015860306596214e-01,-3.110160261925841163e-01,4.051703878511211943e-01,9.566444374252590366e-02,-1.876573258533051070e-01,-1.723230493243491368e-01,8.028443771446125421e-03,-1.129566057641283594e-01,-1.385533281369071001e-01,-2.015824382715547258e-01,-1.555676013812794523e-01,2.271078554593772003e-01,-1.111201933966827066e-01,2.103345108253815432e-01,-2.158739101589746689e-01,2.012280368117588258e-01,-9.349997604933472928e-02,7.041880312907393413e-02,-3.521309407463278363e-01,1.029087621652219620e-01,2.178312011267821147e-01,-1.920518620166059010e-01,-4.284974020243109000e-02,-1.994283092222981779e-01,6.641074032512392367e-02,-1.194181121995090689e-01,-1.553360375139200000e-01,4.357609922983407547e-02,1.406956002656623850e-01,2.997382627496038565e-01,1.691706108242408413e-01,-3.105732149097476524e-01,-2.372997355757187343e-01,1.213199761485116990e-01
3.820891415734633534e-01,-2.326690783340775448e-01,2.364912545391056331e-01,-3.503365937621913950e-01,-1.654443740528952489e-01,-9.929880984414871103e-03,7.011709619455679388e-01,3.039967963477996915e-01,3.339284164662453813e-01,1.030695769253940769e-01,7.801306825643711251e-01,3.767749745718210752e-01,0.000000000000000000e+00,1.819247521462923345e-01,6.676891997639396170e-02,1.111501459554731230e-01,-2.641049093051364149e-01,-1.732539474180653793e-01,1.134757558572930120e-01,-2.686140593813546862e-01,4.366449900160904174e-02,-6.982018880909401926e-02,5.840348527383429356e-02,-3.358990762735757363e-01,-3.894164509428187371e-01,-4.288510553538589232e-01,1.825431105959433031e-01,-1.774419399981536360e-01,1.175920258196302970e-01,1.572906346161999716e-02,-2.836416910434651495e-01,5.035356212245436364e-02,-5.681454351466682651e-01,-5.005315322594956484e-01,-3.186178757111227666e-01,-3.664135841849737729e-01,9.300982717705415237e-02,-6.007813899160657778e-02,-1.514162316044317114e-01,-2.028397458669279341e-01,1.573744356523168186e-01,-5.305488750982185753e-01,1.143215387932029620e-01,2.352086195317656774e-03,-2.775556745742219222e-01,-2.338392859115744626e-01,-1.791738052150154345e-02,-3.480129656277311523e-02,-3.217746331233490853e-01,-2.999456813567013547e-01,-1.312387064464916320e-01,-3.200497390026354472e-01,2.146581864975429521e-01,1.006470500418224362e-01,8.412400355200064239e-02,-2.195525420052568399e-01,-3.517243057104614268e-01,1.535155629671723920e-01,3.255262745432316862e-01,3.012542487033893490e-01,7.489086275288060479e-01,1.747937310282522416e-01,-3.724699844195376586e-01,-5.348281126099069249e-01,-2.337004011551764016e-01,-5.597232736614953241e-01,-2.384491139510631352e-01,-4.220417227011896144e-01,-7.778253011082152286e-03,2.620727803877606968e-02,3.690241126904515445e-01,4.502877674718310796e-01,4.945487698134810595e-01,1.397632772447056915e-01,-1.954572637268592872e-01,4.087484383231211604e-02,2.594716126765042041e-01,1.419833409225557119e-01,1.393714633471605513e-01,6.293053320368567627e-02,-3.446314289218218585e-01,-1.650815796708344219e-01,-1.553760604216995744e-01,-1.881143744437524523e-01,2.197261184559138325e-01,-3.664135955963248037e-01,-2.485927616398961038e-01,-2.338560444338232680e-01,3.378813860723307028e-01,-7.723651090400768249e-02,-2.348945531528221775e-01,-3.188935987956854623e-01,-3.522387979793489277e-01,1.051418758364289635e-01,-4.691317355603356193e-02,-3.138787447147029647e-02,-2.496220791551321538e-01,4.883249940935726480e-02,-1.658163427777218091e-01,5.613355212494007540e-02,-4.526358930663544333e-01,1.302807320673731936e-02,2.048479917270963901e-01,-7.371760340573205172e-02,4.964794142706382279e-02,-4.343713251858650204e-01,1.658879424244200373e-01,4.774248743471003198e-02,-1.598044126452977109e-02,3.302072509699529451e-02,-1.667144044490442845e-01,1.540703515216328978e-01,1.702079532932693207e-01,-2.871660335846148993e-01,-4.147486649761106259e-01,1.857439684287679194e-01
