0.000000000000000000e+00,7.613055347661903394e-01,-3.459253937922163735e-01,-2.552160876655994448e-01,-3.115721480451593695e-01,-8.141830097360601426e-03,-2.393759451087618950e-01,-2.362490985019408962e-01,-2.493475718210176606e-01,5.251344934147621907e-02,4.119097848449265187e-01,3.182876074340677541e-01,6.366656696033820562e-02,5.956079842598643870e-02,-2.589140534588571518e-01,-1.802966111394468940e-02,2.695176595819160359e-01,5.944210028549453684e-01,9.761306020196686140e-02,5.423116609067888394e-01,-2.276864880650818559e-02,-2.298693481663932336e-01,-4.261583262461228205e-01,-3.165128127584702078e-01,-3.252151165834928359e-01,-3.884197659758228949e-01,-5.476843917747384327e-02,-1.043707344869428677e-01,1.721771356830826549e-01,1.399608620081502219e-01,-4.273533460652687577e-01,-2.627600443727024504e-01,-3.582633132153478783e-01,-3.238000375573896195e-01,-5.825022787964285742e-01,-6.920846306424845995e-01,-1.544718952052142047e-01,4.843301863314666833e-02,4.123520554523538162e-02,-3.743849062463131677e-02,1.239603969852419441e-01,-1.088678889172169234e-01,1.666915603556349545e-01,1.358646780260784892e-01,-1.619395678558320159e-02,-5.054944033929925293e-03,4.042372485177072594e-01,1.988512553673670857e-01,2.731245058343191867e-01,2.445170246247298507e-01,3.871149300933487414e-01,3.236383990295054192e-01,3.535273253870711008e-01,1.446838699993875099e-01,1.803329322702096338e-01,2.112334651471075020e-01,7.731868299173280112e-01,6.375661012808283568e-01,3.980184419988323508e-01,3.892987137870239644e-01,2.267301552332589010e-01,-3.205417153981843237e-01,3.903457865744163202e-01,6.242412785398689101e-02,-5.823554436086130215e-01,-6.436147809677507103e-01,-5.626850915729174618e-01,-4.660879699865953518e-01,6.306217739043183945e-01,4.042649576391212918e-01,2.079132502333283852e-02,-2.984917640561030386e-02,3.132002969091760569e-01,1.560826284498969818e-01,-6.099241338646766569e-02,1.490064812528429233e-02,-3.180992489892344177e-01,-2.931917563903830293e-01,-1.160485331296014500e-01,5.924255917199431482e-02,2.083693044917748344e-02,2.535285360473319566e-02,-9.721375034819229599e-02,2.017769756550957527e-01,-2.293443188784388964e-01,2.787915020553672352e-01,-1.095511071332550823e-01,1.973909804251206268e-01,-5.774086654100053090e-02,1.612207731099004893e-01,-4.014362141825195684e-01,-3.489711451737821379e-01,-1.668401766299265621e-01,-2.268056110927271496e-01,8.214908968253582799e-02,4.301054903324198764e-02,-2.539952173457029616e-01,-8.244585370745326214e-02,-1.270654797949823112e-01,2.105634728667402783e-02,1.728894733757249946e-01,8.909784521868982510e-02,2.382705767180815989e-02,2.369853371479207771e-01,-5.582131172241306949e-01,-1.793419202360920228e-01,-2.790431915452466338e-03,-2.891656145448925352e-01,-2.510750909433717148e-01,-9.295285895389740483e-02,-4.157279812267869468e-01,-5.925468185250040015e-02,-2.992002873248319483e-01,-3.087234435959658740e-01,-3.514456315100005779e-01,1.110112829448257760e-01
7.613055347661903394e-01,0.000000000000000000e+00,-3.515010730647058490e-01,-2.256025389335823417e-01,-2.124060661407178863e-01,-1.547144393182602884e-01,-3.768774457106167097e-01,-6.232957199729285275e-02,-1.867901212824025214e-01,-1.006770472071105982e-01,2.975103216136323336e-01,4.616123543315397981e-01,7.557191245670449864e-02,2.649255099517259238e-01,-3.943694704914996185e-01,-1.105182666801364094e-01,2.471211261693593841e-01,5.657317287355390079e-01,-1.675292056953834596e-01,4.586348658541194445e-01,-1.487329541454433524e-01,-1.002197236499443589e-01,-4.036871536501708269e-01,-3.226305115811520796e-01,-2.517334225695214700e-01,-3.869271374466188296e-01,-2.365978752757726400e-01,-1.435483201197693404e-01,1.631468432390029977e-01,-1.495471053154965452e-02,-4.601370223546689120e-01,-3.244779151473086154e-01,-4.927886367136235513e-01,-3.991114543488523125e-01,-7.178643234880351942e-01,-7.149470027230311331e-01,-3.102284408753341188e-02,2.300194628209397962e-01,1.838539096266593453e-02,1.441252512966642585e-01,4.595057176797419374e-02,-7.144513635025935561e-02,1.324580582644401261e-01,1.843015703295233509e-01,8.728590639139328922e-02,3.576569520950968473e-01,4.575521574665888380e-01,3.795367670452353681e-01,5.373632366023091134e-01,6.506213882008545779e-01,7.003476012558669250e-01,6.403772214939422724e-01,5.591733197509671793e-01,3.125116672148938179e-01,3.259519131894907940e-01,4.240401596830083997e-01,8.285640214504370604e-01,9.056548907528673142e-01,5.740644562466893364e-01,7.211814234728293194e-01,6.396301566081946666e-02,-2.418070703303490110e-01,6.033743158322243255e-02,9.042097142302445156e-02,-6.672794801041117552e-01,-6.967611357799029514e-01,-5.571998203305513764e-01,-3.534590902159763792e-01,7.256989977978201001e-01,7.003901575522598622e-01,4.016359051074115671e-02,2.929143249720091158e-02,1.207716758200067658e-01,1.073973195858295149e-01,-1.100012783847831715e-01,-4.321302072248794229e-02,-3.045019188348621619e-01,-3.486069843450873562e-01,5.935374135463265116e-02,1.432480451465808491e-01,1.289688249512174201e-01,-6.393429514670270764e-02,-1.698160165629976071e-01,1.129979037107190082e-01,-3.645097320704019372e-01,3.568475168415431997e-01,-1.345071099538832082e-01,1.260959217453460346e-01,-1.182713771403121061e-01,4.293042606038940390e-01,-4.679781523632919327e-01,-5.691290850803889523e-01,-1.288463288898252235e-01,-4.763932542232969247e-01,2.009318665677010604e-02,1.575418947495946242e-02,-3.458544754556869827e-01,-2.332518135894305344e-01,-1.670260462427049786e-01,-2.040454100026320994e-01,3.812001033651273851e-01,1.635773003176399119e-03,7.465169340137686738e-02,6.179341990092517695e-02,-3.719682622873959343e-01,-2.964769660878031621e-01,-9.569816392229012203e-02,-2.148634519557534872e-01,-1.095276838181439977e-01,-2.456539006882675971e-02,-4.798555511951685948e-01,-8.355718904707215566e-02,-1.481088912353368259e-01,-3.947299229069781146e-01,-5.432476339175652535e-01,1.278639003213252467e-01
-3.459253937922163735e-01,-3.515010730647058490e-01,0.000000000000000000e+00,5.393958421687748972e-01,7.528334878040946476e-01,-5.548611471744859802e-01,8.499823371331157729e-01,4.736640807179794965e-01,5.536162539099616087e-01,-6.138699635261014587e-01,2.472976363343362127e-01,-3.360615346978512025e-02,6.675727929506952707e-01,3.072960764516687870e-01,5.897124457810597464e-01,-5.736212352300592565e-01,-3.437845177430386423e-01,-3.704060645145302311e-01,4.185459462432255529e-01,-2.550210322571234700e-01,3.833188574703634277e-01,2.378907444469051391e-01,8.973218276452534781e-01,7.850488511386658486e-01,6.432304082886951546e-01,5.266076969217150516e-01,-2.039207605781270249e-01,-3.079987939678328068e-01,2.472229864063200597e-02,-9.017594286575410234e-02,6.745161178333470842e-01,5.797547413387204029e-01,2.832268060234717222e-01,-3.304882631881975175e-02,2.443516096872386523e-01,1.170078324049545759e-01,3.453864698903624797e-01,8.861505182535334146e-02,2.287481367106257713e-01,3.120219272996739845e-01,2.879536561679135742e-02,1.627365319055996129e-01,2.776061562349091405e-01,2.854252970918534360e-01,2.019546296102023297e-01,-3.741228290024634084e-02,5.700733148276528571e-03,8.025953747732848809e-02,-1.374807735343318016e-01,-3.175870856841156442e-01,-7.340714231630829367e-02,-3.341666423958282728e-01,1.783518032276001572e-02,5.120238409830498577e-02,1.555023350894935430e-01,-9.409184645693115245e-02,-3.972997031008210223e-01,-2.412567050091730114e-01,-4.761604356222825518e-01,-5.626977746584779227e-01,-4.685274162708899515e-01,-1.928235346344643053e-01,-2.445710843776246202e-01,-4.151223201857268674e-01,5.743043638499536474e-01,2.318009056173033766e-01,1.843927606575930245e-01,-3.023455008250298254e-02,-3.973208294182161704e-01,-3.100861026523315522e-01,2.569937307653055725e-01,3.190243863140706515e-01,-2.067024177587688527e-01,-1.665849277153631514e-01,-1.118580963777198595e-01,-9.522385592519383435e-02,1.364441431804721931e-02,-9.451067033584235888e-02,4.807224648164943465e-02,-7.209534919130237973e-02,1.407355354215141796e-01,1.665184561183421508e-01,4.733273124525878839e-02,-4.930613369482698682e-01,6.130675837557582053e-01,-1.514038463231230647e-01,4.406398820421599249e-01,-3.310745230722326182e-01,4.426738791529059580e-01,7.490949827561328711e-02,-9.696237165243164202e-02,3.181821427258103019e-01,-3.392953302000376037e-01,2.227787513296889399e-01,6.992560833379400653e-02,-3.287501563682580091e-02,-4.409504341569483316e-02,-1.393903011601602127e-01,-2.330648987068417444e-01,-2.227331635692485767e-01,-3.316093657950562323e-01,-2.150918433384188255e-01,-4.940163321168543620e-01,-4.218150408649660732e-01,1.247624808022812226e-01,-2.430879379267724544e-02,-2.371051628996777572e-01,-1.131815405611581726e-01,-6.887636914797265648e-03,-1.233538764170119817e-01,-7.739855544815474331e-02,-1.284619886064728433e-01,-1.813265263388556814e-01,-2.640034856327915791e-01,2.738727689414165445e-01,-7.462247928297617572e-02
-2.552160876655994448e-01,-2.256025389335823417e-01,5.393958421687748972e-01,0.000000000000000000e+00,3.350367551081241957e-01,-2.684819117786709231e-01,4.936784073957751207e-01,7.078066808085808903e-01,2.158405815409579209e-01,-4.221174477096352184e-01,5.327443760717946730e-02,2.846328424264161772e-01,1.892894118192905983e-01,3.131655881930957563e-01,1.802065207587520701e-01,-3.395327616706181884e-01,-2.840577183909672732e-01,-2.990191784215840975e-01,2.727351274935673753e-01,1.576932386694952226e-01,2.325481683140555866e-01,2.682365110965641564e-01,5.005124941803992256e-01,6.454677515739432048e-01,2.613140773290633656e-01,3.168054111381077842e-01,-4.386538465434487444e-01,-4.844170610325076454e-01,1.326265010747923467e-01,1.217530721682349854e-01,5.132621857508874452e-01,5.563837431451812421e-01,1.221026966412143561e-01,1.538625086401755881e-01,1.371200648377873255e-01,2.464950818900271678e-01,-1.942931511454574767e-01,1.480748988661061269e-03,-3.139192580612861633e-02,7.686607101423136024e-02,-6.286192296435622051e-02,8.604083916029055257e-02,9.203652987293210741e-02,1.830051496423855117e-01,5.448257409166435555e-02,8.057226104328407690e-02,-1.255134595841364553e-01,-4.327143668332055632e-02,-4.088820617969134846e-02,-2.508792151950845969e-02,-1.226619826497897664e-01,-4.591114201943325562e-02,-1.659213748730785365e-01,-1.741258250225768134e-01,-6.895894898676208085e-02,-2.430671071678074668e-01,-2.271747551601841775e-01,-1.911486087772061304e-01,-4.182103064205792142e-01,-2.568321280402189877e-01,-2.121452719941268050e-01,2.102934129316257061e-01,-5.199970142685757246e-02,1.107768501108955250e-01,1.821451911904210241e-01,2.568187062397251919e-01,2.523776973949500707e-02,1.910535715212400903e-03,-4.033299691248828922e-01,-4.447894728370831996e-01,1.622900499906214378e-01,1.942374775172178158e-01,-2.083033285384393585e-01,-5.238156530684735107e-02,-7.334708318966201221e-03,7.669911425015296658e-02,1.992725258437443719e-02,-5.489523502433840685e-02,1.001442047632174481e-01,-1.331797436072976182e-01,-6.512640639158877309e-02,5.258571688278974171e-02,-3.969307553562121532e-02,-3.769560383191697950e-01,2.054992171831377945e-01,-6.661900276942080146e-02,1.063145248245699614e-01,-2.354252033620732876e-01,-3.017296800020066727e-02,-6.794089160591958165e-02,5.774057390670696982e-02,4.938159750279382670e-02,1.560702149274300898e-01,1.065475889529265280e-02,-2.926609429681226171e-01,-1.593887027435708925e-01,-2.196492590269010503e-01,-3.036478556956209163e-01,-2.087054080366093356e-01,-3.018033622256741655e-01,-2.529406781775508373e-01,-2.007915098198425896e-01,-3.290032610383297196e-01,-3.028296728314954778e-01,9.999458324805877985e-02,-1.868981655934843222e-01,-2.644492248257579448e-01,-3.589202621489200884e-01,-1.227351090960200203e-01,-2.631837902478817992e-01,-1.265277017127241777e-01,-2.448068524778803934e-01,-2.073185228479463571e-01,-7.233181669404553649e-02,2.251677427096471784e-01,4.763854129702901896e-02
-3.115721480451593695e-01,-2.124060661407178863e-01,7.528334878040946476e-01,3.350367551081241957e-01,0.000000000000000000e+00,-6.080538055232636019e-01,6.452783829909948254e-01,4.734543361631356473e-01,7.777088809890423393e-01,-7.076485099218078334e-01,4.833103249144073410e-01,1.822849152025519115e-01,7.275596017147413219e-01,5.900779011207993863e-01,4.443100569032526481e-01,-6.626810127014440832e-01,-4.005068025037782919e-01,-1.046137931073918559e-01,4.592523239296508741e-02,-2.772661323912021802e-01,3.731957370127694240e-01,3.147773026942284336e-01,7.611363264726360711e-01,7.558320050993031503e-01,7.842337297917919559e-01,6.876975144135473172e-01,-2.630583182936567788e-01,-2.950000419744794877e-01,2.050938606733849479e-01,1.380900861094775355e-02,6.955100487230130302e-01,6.368012498225993356e-01,2.867004247645328907e-01,-6.735237618759237765e-02,1.750636793641152100e-01,6.904433556452763132e-02,4.924059684741823317e-01,3.116375410448104510e-01,2.808260075536327394e-01,3.591980581592493782e-01,9.219139881236762535e-02,8.716512058609685032e-02,4.720754479993299890e-01,4.787018549322867300e-01,4.469754821344494866e-01,1.002875988317241535e-01,1.826099921178430119e-01,2.079802415709006147e-01,9.824459270435609293e-02,-1.446048055932822318e-01,1.463688920031404606e-01,-2.003712193786883200e-01,2.615602921217400900e-01,2.459594675413443454e-01,3.801999514271001135e-01,-8.114549524602091349e-03,-2.008787841457517764e-01,-5.670053859778225597e-02,-2.388494234594656651e-01,-3.581122444662682702e-01,-5.988458812637440509e-01,-3.997428555176422704e-01,-1.634992834117504276e-03,-1.462686517057501523e-01,2.958094564776533875e-01,-4.874852909097272119e-02,3.256966113060892343e-01,1.244216798651542610e-01,-2.597422042714272461e-01,-1.216784780083538242e-01,4.107746950087630688e-01,3.639896690050431483e-01,-7.905493408245278797e-02,6.613491115001653153e-02,-2.216982996671008066e-01,-2.766629091833035931e-02,-1.388649791403354372e-01,-1.653002879265156044e-01,8.597324559697368251e-03,1.837989214546026373e-01,3.098818856250119547e-01,3.588194435041188735e-01,-6.711279975086854865e-02,-5.995513584075559121e-01,5.425537706102330215e-01,1.590799308849811244e-01,4.195884771799019974e-01,-3.359903489315720915e-01,4.520746973312983474e-01,1.561734255935240123e-01,-2.585388975028632963e-01,-2.128040217289709629e-02,-4.660427709839821686e-01,-1.005676424073790876e-01,8.134303378373187662e-03,6.936880484619149800e-02,-7.981565378426926094e-02,-8.274300567689864272e-02,-1.391883175409819873e-01,-2.070898677321677817e-01,-1.699192209047827862e-01,-1.542881193401075823e-01,-3.504432267273205892e-01,-3.121539261860973857e-01,1.430146423930516719e-01,-1.421519454414046100e-03,-1.480886302200412896e-01,1.439577150607282419e-02,5.608302754155461423e-02,-1.181947243341526510e-01,3.291211625941695140e-02,2.562896027286213924e-03,3.452817979875293705e-03,-1.984048373091568673e-01,1.671584230316475461e-01,3.221902690259646762e-02
-8.141830097360601426e-03,-1.547144393182602884e-01,-5.548611471744859802e-01,-2.684819117786709231e-01,-6.080538055232636019e-01,0.000000000000000000e+00,-3.482870758301484515e-01,-4.374626242948620458e-01,-2.740816798300421131e-01,9.240538893645019458e-01,-4.107698425375407303e-01,-4.316912053632763757e-01,-5.909886974254575653e-01,-6.806732193927478303e-01,-1.120873528828036786e-01,8.319330996903748776e-01,-2.718735105304894914e-02,-8.454025608308357587e-02,-3.872610119331836021e-02,7.304583019479427008e-02,-2.199409075531758295e-01,-1.088178135308002642e-01,-4.590693557293910598e-01,-5.273707133936156310e-01,-2.539497024068502196e-01,-1.363874126517973170e-02,5.790551620759551987e-01,5.807731852661247585e-01,-2.666671725145221550e-01,-8.048625626632432972e-02,-3.882742371918168067e-01,-4.174771869986650397e-01,5.916252152591509189e-02,2.822050242075923587e-01,2.855034221696879371e-01,2.851946619322643373e-01,-5.054528106137857746e-01,-3.802166938904184557e-01,-5.286463543095689666e-01,-6.189109674566360964e-01,-2.760752616009986560e-01,-2.348381673226038469e-01,-5.174182771433675221e-01,-5.361379551648631780e-01,-4.359678052120842806e-01,-3.070137817075165865e-01,-4.351891323471119843e-01,-4.288333304579500793e-01,-2.417938684578746500e-01,-1.161639262846553000e-01,-3.932587767920875943e-01,-7.659072420666170056e-02,-3.710105037881559764e-01,-4.041556708862545921e-01,-5.224017383538143156e-01,-2.348047112804944325e-01,-1.426380603629271437e-01,-2.821113043542528009e-01,8.942727076977789735e-03,-5.071373634532104491e-02,5.654732126470328746e-01,2.605679647430010348e-01,3.177059288564867967e-02,-2.837522875059767316e-02,-1.538818836722082549e-02,2.282273274448318179e-01,9.716238758589709756e-02,1.379197392702187219e-01,-1.870369730829012089e-01,-2.073586501712154084e-01,-9.707748926519911559e-02,-2.108980439764784054e-01,4.484254330559232088e-02,1.570792246213368812e-02,3.210408484850917343e-01,1.713156201200093931e-01,2.460259751438882148e-01,3.187300215219144306e-01,-2.234599040561119354e-01,-2.143850588736374296e-01,-4.176310897173037828e-01,-3.929687900849633264e-01,-1.722793146169157574e-01,3.865127518718542432e-01,-4.407913262181905045e-01,-4.561024787574415873e-01,-6.058234245190521339e-01,6.702393073595777628e-02,-6.437683488621273042e-01,-4.328490622090692130e-01,4.625036296657220602e-01,1.404382367281677424e-01,4.272189803701178512e-01,1.861082531059869150e-01,-1.500883427690064831e-01,-1.480838096502377077e-01,6.685580028004300263e-03,3.875251471993434310e-02,1.443970559159910294e-01,2.010835970486287982e-01,-6.428821762630555769e-02,7.346776175858787949e-02,1.897798379410479963e-01,2.177865843513581978e-01,5.982309743903984961e-04,3.445187168296809377e-02,1.269029299822709012e-01,-3.253469420831670705e-02,4.107662105937152919e-02,4.449303492103116875e-02,1.761233814771975548e-01,-6.533591908262367798e-02,9.150796068878164213e-02,3.113169295966027872e-01,-7.296781027784042528e-02,-5.521405666269580542e-02
-2.393759451087618950e-01,-3.768774457106167097e-01,8.499823371331157729e-01,4.936784073957751207e-01,6.452783829909948254e-01,-3.482870758301484515e-01,0.000000000000000000e+00,4.575919013121145795e-01,6.336851423428354613e-01,-4.656679518093193582e-01,2.996951041600363630e-01,-7.742919637182716329e-03,5.857848927340395528e-01,2.006703556866564486e-01,5.603103540142045924e-01,-4.443531476109552347e-01,-3.999470621129875281e-01,-2.760297395560872835e-01,4.092714357694575700e-01,-1.784428919558016524e-01,4.309081815045239239e-01,1.996987119946251332e-01,7.623645943815989812e-01,6.459276354974008427e-01,5.783982871376749380e-01,5.231496568324246477e-01,-6.325625379452524955e-02,-2.264110248640471557e-01,7.865094020389455307e-03,-1.239037626735662798e-02,5.600158443448002288e-01,4.202995301929549066e-01,3.058005865112265464e-01,5.402355053557623792e-03,2.507924624318097484e-01,1.132638152246543961e-01,1.692445357597358868e-01,-4.910862539953324973e-02,7.940827805823835739e-02,4.761611868364152428e-02,-6.732879765295149421e-02,9.501894518892405050e-02,1.818487973999510787e-01,1.925430969243906165e-01,1.319182149231859502e-01,-1.680106043054752363e-01,-4.638353550604364106e-02,-3.266517476046765234e-02,-1.852097162447598755e-01,-4.153774547205334455e-01,-1.808496993906937300e-01,-3.912587150249741685e-01,-2.166212529914133753e-02,-3.678558088017416100e-02,6.958219658493529358e-02,-1.708805939411457975e-01,-3.747369688480137184e-01,-3.207206309482354412e-01,-4.895920805497496198e-01,-5.528967616855330336e-01,-2.763977322822455118e-01,-1.569979567709177959e-01,-8.358280361831042782e-02,-2.944700907517447397e-01,4.682399661569444649e-01,1.679896142447441509e-01,1.617450981297077206e-01,-1.117338597310146842e-01,-3.848789027554022080e-01,-3.537706843510074473e-01,2.700024493058856279e-01,3.277445219618861372e-01,-2.965484945544080014e-02,-4.636021314448544178e-03,-5.462163663981946249e-02,-4.441592062052310969e-02,1.129315413149620667e-01,7.024569891707721503e-02,-7.705538177243000109e-02,-1.159294156472399084e-01,1.413462030964028268e-02,8.726516666563358116e-02,-7.453085619590985034e-02,-5.840609555804910924e-01,3.536011892717426663e-01,-2.832881099223625854e-01,1.836255515501938052e-01,-4.774151038828067795e-01,2.328983362664042711e-01,-1.152816148112208589e-01,8.851246947950817956e-02,3.669557231503375316e-01,-1.543787750042350804e-01,2.909628892741519257e-01,2.711313123857373580e-02,-7.355638524909144382e-02,-3.892302760432450603e-02,-9.924428576019096726e-02,-7.911387689478599494e-02,-1.781897356324287085e-02,-2.434475296771146102e-01,-1.556866241179312715e-01,-3.173259145873491005e-01,-3.127248712109869100e-01,1.857515709452526864e-01,7.977773544206435974e-02,-1.433430689978831551e-01,-2.510988606608930904e-02,6.949620803701422878e-02,-2.095881593566327472e-01,-1.519063674812962811e-02,-2.087975974625094766e-02,-8.622065272899448463e-02,-1.792513140889119838e-01,3.184962987255268163e-01,-2.038997112779352694e-01
-2.362490985019408962e-01,-6.232957199729285275e-02,4.736640807179794965e-01,7.078066808085808903e-01,4.734543361631356473e-01,-4.374626242948620458e-01,4.575919013121145795e-01,0.000000000000000000e+00,3.771496140530732899e-01,-5.727226019062831019e-01,1.291397113732828394e-01,4.519517070682627646e-01,2.219759744476228480e-01,6.022501501963520854e-01,-7.850183319800524417e-02,-5.615665967655760760e-01,-3.250289868944454263e-01,-3.948676801355232441e-02,-8.788407012968361964e-02,-4.934576734075809407e-02,1.897165414743648693e-01,2.985029540932598868e-01,3.493120947183775971e-01,5.713042033758752858e-01,2.373999115001353410e-01,2.194301165148389854e-01,-4.644852564633638603e-01,-5.088348085291140022e-01,2.771460809081168764e-01,2.024298355582998810e-01,3.221462057208187568e-01,3.561707872158565436e-01,1.114593242731055922e-01,-3.093874072762401242e-02,-1.892524383666778151e-02,2.366188241963929767e-02,1.513198544416058042e-02,6.945681152147289983e-02,1.938066910384701469e-01,2.764715269267418174e-01,-8.848381070782911431e-03,6.546214406799877317e-02,2.588130306678768644e-01,3.489881386335430546e-01,1.393906145019685738e-01,1.963482120749653614e-01,1.136869993510024324e-01,5.495098968636381170e-02,1.118738310237427924e-01,1.223478659023483940e-02,8.212173586368888556e-02,1.378032943333169606e-02,1.321654135056089252e-01,9.905294619898907804e-02,2.837455208831651254e-01,-3.608516897512693833e-02,-1.141958230601336360e-01,-8.200604471868971901e-02,-1.474059586409159628e-01,-4.392508384740198557e-02,-2.969690752154889868e-01,2.477252724379316040e-01,-9.540349697431303733e-02,2.086077105368342455e-01,-1.554979703641309885e-02,7.735229941515420204e-02,6.037026607941411299e-02,9.744432787584253811e-03,-1.979542664028996479e-01,-2.155409176993210441e-01,1.412883461044125294e-02,1.095730660492480468e-01,-1.201954515922254163e-01,-5.368889060430952209e-02,-1.520654142885911053e-01,-5.724894452639806182e-03,-8.658992175596419427e-02,-3.832046184167772762e-02,1.790985653707667657e-01,1.376443347604531520e-01,1.087115892084509483e-01,1.720091734419893215e-01,3.477192364673616781e-02,-5.407279637963070540e-01,1.534806255956216725e-01,1.254282782050863965e-01,2.078561734629917335e-01,-3.556350289866286318e-01,1.450235500347792639e-01,1.794488987990134343e-01,-1.575754917009093356e-02,-1.720851207344500922e-01,7.457198659190922285e-02,-2.427948535732090685e-01,5.818360450481797549e-03,-2.615497283843726956e-02,3.928070362922131235e-03,-1.898652213832192071e-01,-8.349544401427766438e-02,-2.457213060483941225e-01,1.266080595081289784e-01,-1.799455967463237660e-01,-1.715962042008181143e-01,-3.703818887847674657e-01,2.448910589652094627e-01,-9.923007102638391197e-02,-2.442736199551899523e-01,-1.670901464930520941e-01,7.997847384661944947e-02,-7.235184054437951429e-02,-2.455939140357658087e-03,-5.649696158270973295e-02,4.286313262819237829e-02,-5.362935317789101208e-02,1.620946153661869948e-01,-1.742411222759092937e-01
-2.493475718210176606e-01,-1.867901212824025214e-01,5.536162539099616087e-01,2.158405815409579209e-01,7.777088809890423393e-01,-2.740816798300421131e-01,6.336851423428354613e-01,3.771496140530732899e-01,0.000000000000000000e+00,-3.851947840700292169e-01,3.623886706995185780e-01,5.786984226312348600e-02,6.166511521289542719e-01,3.838036025281907349e-01,4.719307417666042670e-01,-3.169631337500189994e-01,-4.419804350338069621e-01,-2.334680646258658829e-02,-4.514682497463743532e-02,-1.986092660848302049e-01,2.864851346848558133e-01,2.203974305582599991e-01,6.558931791961709612e-01,6.105469784278835244e-01,7.338266427556913163e-01,7.227673341463672907e-01,-3.171630683972025133e-02,-1.267993766971295955e-01,1.385540555404321805e-01,4.703339704665476101e-02,5.266310687041235727e-01,4.233023391022816551e-01,3.967953540352379127e-01,8.258438508529294952e-02,3.257374185554424706e-01,1.756637983763217614e-01,2.305497039236481527e-01,3.178397415286770417e-02,3.613454531073966719e-02,-1.693260136351366213e-02,-1.048822329016122767e-01,-1.414067737741301067e-01,1.844942336712052378e-01,1.814826402184478993e-01,1.761117608485812669e-01,-1.402827263587634321e-01,7.281736633183354124e-02,-4.878028209748302285e-02,-1.031157483077112767e-02,-1.798989205681334469e-01,8.389003618567983378e-02,-2.166792741259506716e-01,2.330236762368811110e-01,1.046501171667229974e-01,2.405518283664136447e-01,-5.742045517851605829e-02,-2.025200414097491353e-01,-8.654545035438239442e-02,-2.668697362856570776e-01,-4.048991593417971546e-01,-2.721192767475932861e-01,-2.842509783064230966e-01,-1.894834154476415788e-02,-9.020033969991905765e-02,3.053868543634911670e-01,-7.982606577022448432e-04,3.812593798392838185e-01,1.765445895146520172e-01,-3.127807509931497254e-01,-7.786820071001461507e-02,3.705859083489804195e-01,3.435938071184837517e-01,3.656508589524964936e-02,2.284621521593144799e-01,-2.037450323122812490e-01,1.625052734594535295e-02,8.087031540143518882e-02,1.161828942897832617e-01,-1.920007037467480193e-01,1.787704853789704451e-01,1.359399290354525724e-01,1.920861825958629365e-01,-3.444431562395750546e-01,-5.336361316266785559e-01,2.678766300169737047e-01,-1.574082863210153269e-02,5.593551252611551200e-02,-3.735738438223674129e-01,8.298471718880023884e-02,8.596209597651995049e-02,-4.412287957593306886e-02,2.350229404146444295e-02,-2.467054495420024918e-01,-7.490580244104806662e-02,4.329619407472241194e-02,1.097889944295230985e-01,-4.924387969658992198e-02,-2.796428874591059058e-02,-2.209055788969622666e-02,-1.578764778455075957e-01,-3.873107752169935303e-02,-1.430308967338111414e-01,-1.697801509355990890e-01,-1.979453508523487393e-01,1.205957762864878630e-01,1.103772785027892361e-01,1.936209353880458464e-02,1.184882080492123541e-01,3.698355922398286616e-02,-1.604155856396252688e-01,6.318633715766033832e-02,-4.144959595777367167e-02,9.155576109604954271e-02,-8.493243493437062364e-02,2.347786310464876625e-01,-7.145336967574372582e-03
5.251344934147621907e-02,-1.006770472071105982e-01,-6.138699635261014587e-01,-4.221174477096352184e-01,-7.076485099218078334e-01,9.240538893645019458e-01,-4.656679518093193582e-01,-5.727226019062831019e-01,-3.851947840700292169e-01,0.000000000000000000e+00,-5.617381937467901265e-01,-5.688497609132374677e-01,-6.976451288540480578e-01,-7.938734250024225281e-01,-1.478051180319897018e-01,9.012093320258680595e-01,1.225460802588117792e-01,-1.085620925195016073e-01,-4.233970873923811190e-02,9.157659729417448602e-02,-3.130165628355370822e-01,-1.567075633863478923e-01,-5.281138018775665133e-01,-6.094884993728884037e-01,-3.792769743051762621e-01,-2.127905613721084443e-01,6.596976539886413304e-01,6.653895636086523124e-01,-3.179026481855965480e-01,-1.394691486023998672e-01,-4.842011931023035287e-01,-4.978064806438239343e-01,7.689985094917162201e-02,2.719518115549233173e-01,2.930151249787310563e-01,2.803247236116802044e-01,-4.292977154309318144e-01,-3.574719127445398215e-01,-4.522658624934587368e-01,-6.170565105152192587e-01,-2.095503266427117539e-01,-2.397759824514509863e-01,-5.686296067143806754e-01,-6.263873425318857713e-01,-4.776064661150413171e-01,-3.385630896468410089e-01,-4.031938321109593271e-01,-4.171836454588318532e-01,-3.046916072435127409e-01,-1.716923023991344666e-01,-4.118228968893312691e-01,-1.109146811647817171e-01,-4.300383063749292911e-01,-4.263136079545463697e-01,-5.631306124229015220e-01,-2.400367973774377994e-01,-8.054424978490302978e-02,-2.203486009329123085e-01,4.835432048303502789e-02,-2.163612769131204386e-02,5.773211991012181521e-01,3.057154187732676331e-01,-2.225592961828392821e-02,-4.415961108420830145e-02,2.611796656933045024e-02,2.649022119082577453e-01,1.427063183059886775e-01,1.741775679452868819e-01,-1.370273923138439452e-02,-7.053000836932289686e-02,-1.387539015191582847e-01,-2.511029730206476573e-01,2.094734173096335361e-02,-5.412620969289137079e-02,3.439206309842698372e-01,2.406081400425594957e-02,3.057809621015744606e-01,3.549130085777582599e-01,-2.081494305757091434e-01,-1.830846367096037874e-01,-3.741584995073045650e-01,-4.077150967484195476e-01,-1.108147304610902079e-01,5.786049598284437323e-01,-4.268223588898228393e-01,-3.802760472652161328e-01,-5.669128699428198637e-01,2.264220484117377419e-01,-5.941528216656319916e-01,-4.181170696315441027e-01,4.190622523098500030e-01,1.551866021316664346e-01,3.580709558443036511e-01,1.905006355519659189e-01,-2.332280615837075202e-02,-1.132279619965805978e-01,9.211674508389858240e-02,9.700562319891539720e-02,1.210199683671588922e-01,2.068417870220447263e-01,-4.341259510286677586e-02,9.365241361202082671e-02,2.231019457394756433e-01,2.021285534710902110e-01,-8.129239255609169157e-02,3.053595142759215827e-02,8.461064830565634409e-02,-4.590763139719428176e-03,4.916579772112132651e-02,1.498748009014167493e-01,1.507720666407073584e-01,-1.063090306457126627e-01,1.306399370282797408e-02,3.155205661272616480e-01,-1.341818548056658844e-01,-8.607439251042769968e-02
4.119097848449265187e-01,2.975103216136323336e-01,2.472976363343362127e-01,5.327443760717946730e-02,4.833103249144073410e-01,-4.107698425375407303e-01,2.996951041600363630e-01,1.291397113732828394e-01,3.623886706995185780e-01,-5.617381937467901265e-01,0.000000000000000000e+00,5.309837736225371252e-01,7.774525370056140083e-01,6.044404440774302500e-01,1.721634012807185810e-01,-5.281991658934506173e-01,-1.613566833249755264e-02,4.953526428065102571e-01,1.209438215079445267e-01,1.854808939428041481e-01,1.615800024555531789e-01,-1.063976997420203602e-01,2.120129179651717155e-01,2.482940176534858545e-01,3.782410911205710824e-01,2.961226927400577580e-01,-2.741085021857354587e-01,-3.245669478802618024e-01,4.218043770282582372e-01,1.953972776795391830e-01,2.278396191228468093e-01,2.879993184579484611e-01,-1.405612656061135390e-01,-2.803989782544552001e-01,-3.996841016300504701e-01,-5.031552443657826279e-01,1.166333997230570713e-01,1.272966984787386735e-01,7.875546239116844316e-02,2.114006053798299922e-01,1.033007101515885096e-01,1.581371694500108838e-01,5.778298807986708141e-01,5.646937418198216818e-01,4.413641820150129846e-01,1.726538955249525831e-01,3.711453034062033862e-01,2.815982407762451789e-01,4.324766975604946717e-01,1.362511009156117947e-01,4.216535738164171043e-01,1.289046824087877463e-01,5.039956792535870145e-01,3.879541180833820380e-01,3.761249576404027684e-01,8.653701551611107934e-02,3.041955520330492102e-01,3.357638859556649202e-01,1.173705978442027426e-01,3.109658937884678814e-02,-2.682394644849809828e-01,-7.119048974881092562e-01,4.813435180034925653e-01,2.359521259687818832e-03,-3.022726703813124471e-01,-6.473314638271099319e-01,-3.603111081933249027e-01,-4.053314992294931307e-01,1.016920467603145417e-01,1.180936244499847937e-01,2.033405458837866941e-01,2.175605123325033696e-01,2.937217144185590434e-01,3.743624965813971972e-01,-2.033326446568020640e-01,2.503183279083447399e-01,-3.931465842645474051e-01,-3.827259514868191492e-01,-1.223660350468028929e-02,1.230764243250396656e-01,2.746312912195652545e-01,2.733093311084820454e-01,-1.512724072668301251e-02,-3.779724327744470869e-01,2.251231564569297350e-01,2.278353239845884171e-01,2.210746067114422730e-01,-3.092489446647118667e-01,2.918944094214149243e-01,1.705752025296654595e-01,-5.246368016019226088e-01,-1.526674248899297925e-01,-3.931355726093986869e-01,3.694876769083135434e-03,-1.016322457503139320e-01,2.292574196886526874e-02,-2.492103410658736695e-01,-1.260558583577996439e-01,-9.611437641819733924e-02,-3.699480528596992002e-02,-7.928022032491661986e-02,8.732917655602315254e-02,-2.448381063918596001e-01,1.055311182590128877e-01,-1.569229161681909290e-01,-3.152250792270974017e-02,8.359354544532411613e-03,-5.348066812622036259e-02,-1.769848545877123203e-01,-2.777493795646485686e-01,-1.839671805450399933e-01,1.406242718035686512e-01,2.535265638963717441e-02,-2.684357935267158157e-01,1.043384721392460607e-01,5.896172224012120877e-02
3.182876074340677541e-01,4.616123543315397981e-01,-3.360615346978512025e-02,2.846328424264161772e-01,1.822849152025519115e-01,-4.316912053632763757e-01,-7.742919637182716329e-03,4.519517070682627646e-01,5.786984226312348600e-02,-5.688497609132374677e-01,5.309837736225371252e-01,0.000000000000000000e+00,3.649991235118613675e-01,7.675508297492841248e-01,-1.472476017398971770e-01,-4.624728059218362608e-01,6.535598629309340157e-02,4.586256001603180033e-01,-2.115081453449621229e-01,3.068681561269622216e-01,9.480973533501572958e-02,6.205705515544471251e-02,-4.254827508555154153e-02,1.513728672832058975e-01,3.148461130071722024e-03,-2.770364465921399538e-02,-6.545414722942477503e-01,-6.004668518809742617e-01,4.032147386059236616e-01,2.161400269267558238e-01,8.257138112362515103e-02,1.597965656944960178e-01,-3.966244017853641779e-01,-2.889438089880672078e-01,-5.251538480088147054e-01,-5.119358796812718548e-01,2.645924956439246051e-02,3.370554670045633472e-01,5.659404233628462927e-02,4.019005750165831614e-01,7.674231314960755501e-02,3.026112356675885184e-01,3.149749221580471215e-01,4.348266284102161316e-01,1.687358096573902677e-01,2.855642391755643938e-01,2.631951116446120120e-01,2.194395545865171493e-01,3.525596119650006854e-01,4.432201916399355901e-01,4.986625668303577008e-01,4.245133645960371127e-01,5.011495911296545147e-01,3.217746082305212307e-01,5.194787845040607088e-01,2.515882005999690585e-01,4.613274476832018856e-01,4.590642399592109735e-01,2.631046106066515233e-01,4.618900645634705926e-01,-1.633658413349379501e-01,-2.222039055239421190e-01,3.363555328231983554e-01,4.365294092706214490e-01,-5.065062050634446811e-01,-5.945221380622703888e-01,-4.744457248696375418e-01,-3.997289402959240956e-01,2.242929866412477213e-01,1.526667898647710020e-01,-3.481843142930163282e-02,1.291110545962351197e-01,3.717242378393152691e-02,3.248227911094526688e-01,-2.232333304600069845e-01,2.481848071148874402e-01,-2.985216634926429746e-01,-3.301709696827429541e-01,2.921945381922469442e-01,1.248932059152324248e-01,1.090536880888571120e-01,1.625531025013511877e-01,-1.297117016551556368e-01,-3.360314506559780035e-01,-1.287957140722561719e-02,4.193901026406424704e-01,1.394172162603644072e-01,-7.892996447973986418e-02,2.126543477719653463e-01,4.386400636639506412e-01,-3.137590987891629712e-01,-4.306806535702266125e-01,-3.676181733898756243e-02,-3.549088869092775211e-01,-5.225842904190681343e-02,2.489111590085463510e-01,-2.364686004558052002e-01,-2.363804407175488509e-01,-2.497480118970497875e-02,-1.697836990737758844e-01,2.221647310010654575e-01,6.244525971381578808e-04,-8.081382366225750916e-03,1.761082298562368503e-02,-7.529152691372589801e-02,-1.621181041177255366e-02,-2.849226382246146383e-02,-1.884976123000510762e-01,-1.533031953613575582e-01,-1.442464305282475101e-01,-2.520785245985446288e-01,9.552906789437423662e-02,3.940202599336261463e-02,-1.957921684669123863e-01,-9.216062837953644532e-03,1.095192616266032065e-01
6.366656696033820562e-02,7.557191245670449864e-02,6.675727929506952707e-01,1.892894118192905983e-01,7.275596017147413219e-01,-5.909886974254575653e-01,5.857848927340395528e-01,2.219759744476228480e-01,6.166511521289542719e-01,-6.976451288540480578e-01,7.774525370056140083e-01,3.649991235118613675e-01,0.000000000000000000e+00,6.023274731758382350e-01,5.146813086130570536e-01,-6.106693623230903256e-01,-1.216887073355304577e-01,1.273698959414302778e-01,1.680409323192780802e-01,-1.088585509739928431e-01,2.858844400183188639e-01,1.657004353875311808e-02,6.716224259759386861e-01,5.720560983646868491e-01,6.664914668007336784e-01,5.250007884071962172e-01,-3.397620456694508961e-01,-3.764828044482114167e-01,2.236092798220601918e-01,-1.471111940918125131e-02,5.136005623425723421e-01,4.487232504865508176e-01,1.057294553404937790e-02,-2.564273195667131633e-01,-1.155171353545770552e-01,-3.034870039102520733e-01,3.378835972356297734e-01,2.280583331863153262e-01,1.479821209755368683e-01,2.997067251530426968e-01,1.095905576461874004e-01,1.866025890981596880e-01,4.297988761711764583e-01,4.164275993718365987e-01,3.147245307586724605e-01,3.511013546237476413e-02,2.549589909722305703e-01,2.406151627610604027e-01,2.028702401108808950e-01,3.044595447245735526e-02,3.877217456043217103e-01,1.841208653612378537e-02,4.616454538185740808e-01,3.114030723970690473e-01,3.836574283296235732e-01,1.156227022758285067e-01,5.527784991028810574e-02,2.058619639921046851e-01,-8.376834240101553586e-02,-2.264579713986022147e-01,-3.378524165713743810e-01,-6.483457792397238073e-01,1.700699704794848277e-01,-2.453694862162101864e-01,1.817360464850845958e-01,-3.349775899887069142e-01,-1.084634020211643346e-01,-2.673649931929771295e-01,-1.163182445229353629e-01,5.359801742601853075e-02,3.041667425364711907e-01,3.912855760009169015e-01,3.328477643861853935e-02,2.042250621489965778e-01,-2.322576674240672268e-01,1.385606491116685990e-01,-2.253539018104630531e-01,-3.009164043882048833e-01,3.548920602618051839e-02,4.907293109026777955e-02,2.462223524372864625e-01,3.001284707537599239e-01,-1.147916687079423848e-01,-5.051825999401855505e-01,5.267965891069817941e-01,1.283167708484723168e-01,3.624629064753802643e-01,-3.059933621542363369e-01,4.333236171830683325e-01,3.171290992825220867e-01,-4.299409929017328214e-01,4.715418752979410461e-02,-4.556621364254170858e-01,1.265944785649807947e-01,2.849328571483967718e-03,1.013269565150737572e-01,-2.126268277250749072e-01,-1.493429150551384699e-01,-1.931724402646545768e-01,-2.114697854479825334e-01,-1.472673206027267367e-01,-6.450765708809971799e-02,-3.935413950578326436e-01,-1.388629115481798126e-01,-5.997495423369539336e-02,1.144879344132388038e-01,-7.582331434833385758e-03,-2.985216591422886964e-02,-1.642199381804176350e-01,-2.564064611252132586e-01,-2.260385280847210243e-01,5.817538875486968214e-03,-5.484425693909777272e-02,-3.254227205352123176e-01,2.351563939241278489e-01,1.011711015032497329e-01
