0.000000000000000000e+00,7.160082669135998668e-01,5.043069623307373794e-02,1.921001577836344842e-01,5.524666690583097950e-02,-2.760196786053900619e-01,1.873516222637898188e-01,3.098045868654014101e-01,1.455937021603596337e-01,9.374730246804337253e-02,7.065587527095934517e-01,5.863168072199146375e-01,3.668629978619597498e-01,5.081781721603934043e-01,4.474539898535032784e-02,-4.529393370975341726e-02,3.173150647681925451e-01,2.686757489327124548e-01,4.098176017867158349e-01,4.696136231554015605e-01,7.994577924141686026e-03,-1.161741677897488306e-01,-1.908893327897131786e-01,-5.181751507303709176e-02,-2.727924964384292883e-01,-1.958017033568047460e-01,5.080414009042482498e-02,-5.429253752422943946e-02,5.381052472627503303e-01,3.297744224915858946e-01,2.076645585296592322e-01,-5.507218257574489351e-02,-1.617641852524401291e-02,4.790141239183824153e-03,-2.667406954231124061e-01,-4.265449774972584485e-01,8.133136837841072053e-02,5.894473517468776236e-02,1.372876494421400306e-01,-8.179981101443366959e-03,1.393551758813326436e-01,-9.699234961189938387e-02,-2.830546169534671197e-01,-1.801003339309270590e-01,-2.804202058507253570e-01,-3.141629683484370994e-01,-3.705689772295708145e-02,-2.836622588742251372e-01,-1.036732861805158938e-02,8.327054706878392332e-02,1.966503201957048655e-02,9.265604848868855270e-02,1.281471368805208733e-01,-1.119478687526693911e-01,2.771729867337802133e-01,1.428550617364445774e-01,7.497128793027978411e-01,4.628826844945822527e-01,4.713461812408125673e-01,4.812347176645798141e-01,2.091364537703460924e-01,1.096209339550049955e-01,2.597084487412576470e-01,2.934694693910108176e-01,-4.191327191834018917e-01,-3.146356889103867349e-01,-4.378676440256822899e-01,-4.906513670681860173e-01,7.861136726549507181e-02,-8.156627575242599015e-02,3.673395484189982685e-02,1.173511286523771652e-01,3.293209033463769253e-01,1.408138800694530568e-01,-3.418420835374429839e-02,1.623503301082496741e-01,2.368709779325691156e-01,-1.041289268608486945e-01,-1.166399337382471035e-01,-1.875330499477089463e-01,1.072306799187234400e-01,-1.476133509111080162e-02,1.399844331366036955e-02,-1.337504235711252931e-01,-6.992576171464051638e-02,-3.215477075616526292e-01,2.984422082179362667e-01,2.149016936395754026e-03,8.256696448560213453e-02,1.096787257818201966e-01,-5.193274335666021591e-01,-3.817917271796216205e-01,-5.615221294745619263e-01,-3.805648447458946371e-01,-2.881114063379447421e-01,-3.279392862912041129e-01,-3.878549930398452195e-01,-3.769717429623569149e-01,-2.799386312586727432e-01,-1.670330083088383821e-01,2.291804818630182872e-01,-6.572991990949292318e-02,3.626967215571629821e-01,3.384107830516297488e-01,-4.446341831525796318e-02,-2.387301023616140438e-01,2.024245984212962035e-01,3.406059290390304195e-01,-2.888110380468515426e-01,-1.980656814823108236e-01,-4.481988924209312497e-01,-4.160897493706559036e-01,-2.297840434428960465e-03,-1.670775509341276277e-01,-3.350557463237177069e-01,-2.046438206265157045e-01
7.160082669135998668e-01,0.000000000000000000e+00,-9.738607271038909885e-02,2.662932546793058131e-01,-1.387290042949694269e-01,-3.199765271617054374e-01,-4.434176384024519219e-02,2.982180370392572555e-01,-2.259151620389569237e-01,-1.260823921790683866e-01,3.911428211106605102e-01,4.797380333810913333e-01,5.141774479374262852e-02,3.912088304650896409e-01,-2.225503860809784629e-01,-9.831673950057072398e-02,4.311692308057356593e-01,3.937620769233950990e-01,3.372234018554840507e-01,6.715642141476565463e-01,-8.139706192536254326e-02,-1.910206160438822076e-01,-1.353302894851708404e-01,4.312245793875200267e-02,-4.151988366566518041e-01,-1.498589526344276390e-01,-6.926561824431277936e-02,-1.873988693098912472e-01,4.311630682458158503e-01,3.605866681484900527e-01,1.042399747133698484e-01,3.674674914848261031e-02,1.628156826788118017e-01,2.161891468404429917e-01,-2.308868967982309617e-01,-3.026924010157583389e-01,-1.275869526839051582e-01,-1.287289138310006575e-01,1.040449461333469577e-01,-7.221348969226571227e-03,4.653464998308675521e-02,-1.207558102481520179e-01,-1.676116448260435432e-01,-8.167788205884170261e-02,-2.151041672976951313e-01,-1.498954026983223553e-01,-6.724892972241190703e-02,-2.657486371664312119e-01,-5.112805187624048370e-02,2.520228439945540119e-02,-1.641518578578068377e-01,-3.468446520971071867e-02,1.857220489815852513e-03,-9.244541037330794575e-02,1.251192539824795835e-01,-2.022403657246428163e-02,7.660126358119058176e-01,6.933766795751451495e-01,3.647802076954151929e-01,3.895315034072666105e-01,9.753940749155125267e-02,1.135650259081406876e-01,2.201541921504134025e-01,3.273498225914943105e-01,-3.300332415071678960e-01,-1.883025596748466035e-01,-2.713249522778418132e-01,-2.945381597691792419e-01,2.780954165128750044e-01,1.819493404054835783e-01,-9.301043441106744691e-02,6.010627361973527871e-02,1.909290373897659099e-01,3.266447408239746969e-02,-6.294578009621132342e-02,2.287123432399419953e-01,1.323729250680985847e-01,-3.541817113771617009e-02,8.420640555315503373e-02,-2.523845335397447917e-02,9.653096559616292094e-02,7.895217384750750911e-02,-9.723983588347607024e-03,-4.861385313049561979e-02,-1.824848455717179574e-01,-3.236587807539865747e-01,1.667908487357834257e-01,-7.188290384883384843e-02,-2.761193248536152056e-02,-2.426725400526291623e-03,-5.184863071843650584e-01,-4.679779547364887882e-01,-4.578105214114003840e-01,-4.305958297958356051e-01,-2.485334191579798846e-01,-2.104004380780063743e-01,-2.325712659195932064e-01,-2.588593248051928586e-01,-2.166955522383360033e-01,-2.256391978473313020e-01,1.687310916656636905e-01,-1.518801883664194774e-01,2.458601293968644408e-01,1.956689474700562537e-01,-1.709567503510931452e-01,-2.788471911608421117e-01,1.446829395434763854e-01,1.906354369545189553e-01,-1.998879431852996214e-01,-1.776387622267354138e-01,-3.579656211286177947e-01,-3.223729854869514799e-01,-9.680275263422788434e-02,-8.585690129620783539e-02,-3.447781047553288292e-01,-5.715589413133229796e-02
5.043069623307373794e-02,-9.738607271038909885e-02,0.000000000000000000e+00,6.068743470998051032e-02,2.303145566845024306e-01,2.365388615732578470e-01,4.575557447141984646e-01,-5.111437062455107851e-03,2.569204921634967720e-01,2.042665441099110191e-01,6.963989656342331469e-02,-3.511260161731796781e-01,2.701532218511186190e-01,-1.075664143095723252e-01,3.973303957549889076e-01,3.869858009465018678e-02,-3.498830610085942872e-01,-4.602127255681182083e-01,1.426844043140811369e-01,-2.833668701969367931e-01,4.999300670522840301e-02,-5.523052155949573216e-02,6.502864326372496118e-01,5.270154264405820799e-01,4.176878769902789279e-01,4.688106725835439748e-01,1.909222078566012171e-01,1.926181311367204940e-01,-1.288027137195084659e-01,-3.767927909267830278e-01,4.395322692350562277e-01,3.076037625156561317e-01,-3.896533010031442285e-02,-2.131572385813187698e-01,6.339586117561349377e-02,9.781138778906309228e-02,1.531417774480019756e-01,1.191639729589780983e-01,-4.352269270925589878e-02,-3.506313944058859211e-01,-1.327555929831627790e-01,-4.975056147522526062e-02,-2.374777394689219778e-01,-2.412086752618209096e-01,-1.176038583769437908e-02,-3.054580953090504924e-01,-1.237120733113366150e-01,-1.481280504967067424e-01,-7.348657609937975232e-02,-9.241880181465392252e-02,-6.591487936288868699e-02,-9.731044938762196950e-02,-7.735608446166798323e-04,-9.305125749403288585e-03,-1.276093613887651357e-01,-7.530659519163566962e-02,-3.555029423947995704e-01,-4.368068546586713619e-01,-1.777703216235286821e-01,-4.062508504547497901e-01,3.778144471228799262e-01,5.775682585513078858e-03,-3.942910113839930841e-01,-5.806779664541859010e-01,6.584255950675461655e-01,3.934219430875842693e-01,2.050665931034256206e-01,3.513548391089973966e-02,-1.590872675700992778e-01,-2.919243596977190713e-01,1.048919574544587147e-01,9.919360162309927287e-02,7.524434860964146488e-02,-6.808084786507305475e-02,-1.724057274076972734e-01,-7.273696624384835829e-02,1.122524740929783382e-01,-7.070190721889257901e-02,-2.350625461923744886e-01,-1.891473763716625400e-01,-2.413323113036739409e-01,-1.345801873990346009e-01,-1.427074551058659380e-01,1.853444329150735204e-01,4.622285682155115594e-01,2.471986486789125304e-01,4.651350813571703685e-02,2.304842350463004730e-01,-1.351065206958978748e-01,-2.117973111018655041e-01,1.656584690256669712e-01,2.411590023921212911e-01,7.336313288270379651e-02,3.097831473332944285e-01,-1.361977177035678666e-01,-2.821478763385848465e-01,-2.601757640238274716e-01,-3.622061595241167220e-01,-4.055025567181860802e-01,-1.677508303657125055e-01,-1.889576596133581143e-01,3.341443212860114587e-01,-9.675918428642610314e-02,-2.677807869493955065e-03,9.336927514671972128e-02,2.852370128387204939e-01,1.910369311039233214e-02,2.316170840476827475e-01,-6.560303314215019943e-02,-1.163787962489525318e-01,-3.479686582550401419e-01,-3.207847205412684977e-01,-8.545236241711502700e-02,-1.986888796384717881e-01,1.208579596389526556e-01,-3.814902021049749736e-01
1.921001577836344842e-01,2.662932546793058131e-01,6.068743470998051032e-02,0.000000000000000000e+00,-1.503939050166842317e-01,5.793405476084389355e-02,1.593093331161857806e-01,7.362478875235194398e-01,-7.562315841199085398e-02,1.685014256844289127e-01,1.442520674106561041e-01,3.737273035276388322e-01,-1.452231790709639647e-01,3.213631818452448718e-01,-1.850635354659032061e-01,-2.199358416063727090e-02,4.114101283015058064e-01,3.834328981859286833e-01,4.779098401233073945e-01,5.111807738285220060e-01,-2.824361434746695543e-01,-3.395482874544232810e-01,-5.638669879491511189e-02,2.001508077415660170e-01,-2.948564329438010390e-01,-7.292105564380266247e-02,-1.841084254306184498e-01,-2.446060383819543271e-01,3.140711475147138776e-01,4.291935294575320303e-01,3.216276179202386953e-01,4.731388868267741299e-01,5.699856679388307645e-01,6.119957578559770406e-01,1.273327987978456755e-01,2.327038451858869372e-01,-2.041980797112157853e-01,-3.024266871350501096e-01,-2.416503790488394032e-01,-2.289047875185096503e-01,-1.662723978802616853e-01,-1.423736642749036108e-01,-2.441044899822513159e-01,-1.861884352343740334e-01,-4.583008140522614737e-01,-2.626977224685114187e-01,-2.362752631505903034e-01,-4.102891989012957819e-01,-4.557700436384602982e-01,-4.855440243131297628e-01,-4.652737781529265870e-01,-4.468962290707625407e-01,-2.634696803226243000e-01,-4.713368703904218804e-01,-1.474690966206893827e-01,-1.568465389638737384e-01,3.004260485648916901e-01,2.210319873515750599e-01,8.765705755965773338e-02,1.204849212053780289e-01,1.942673942191705805e-01,4.867404863977367047e-01,3.524012642415791374e-01,3.499172004982472051e-01,-2.228610863355098004e-01,3.330093882175951814e-01,1.510599184307715448e-01,3.693192679637247733e-01,3.250843408967923898e-01,2.144687197555503744e-01,6.743747328447528833e-02,2.624110940477215534e-02,2.693644279186966917e-01,2.894685802946804776e-01,-9.829799261428817658e-02,-7.729481967852441055e-04,1.833991347205957412e-01,7.797477064535972280e-02,1.055319242294836951e-01,-9.956267609479477199e-02,2.239140140387696765e-01,8.215979275583909502e-02,-2.255350741966181682e-01,-5.219807134564411616e-02,-1.903608060308951966e-01,-6.721588074168392823e-02,-2.876509628983356728e-02,-2.137105874546560147e-01,-1.528277699992080796e-01,-1.646349340912815762e-01,-1.289172263395570728e-01,-4.907138036646541135e-01,-5.177528944261160920e-02,-4.689088233192281741e-01,-1.027100511497526687e-02,-4.662477255091279638e-02,-9.265567217717009252e-02,-1.392831563609777668e-01,-1.898928820529132422e-01,-3.732398417080579622e-01,3.855354683455734510e-01,-1.309783517709339207e-01,3.260164055023156982e-01,2.022641572021769696e-01,5.893457435008099370e-03,-2.437971451661804512e-01,1.543002706566569127e-01,1.037835727805736102e-01,-8.696722818173896474e-02,-6.203596096873785493e-02,-9.159272403907889326e-02,-3.506149155192014866e-01,-4.932072509157330864e-01,-2.610721737953977661e-02,-2.421049832868117091e-01,-1.525049538582146091e-01
5.524666690583097950e-02,-1.387290042949694269e-01,2.303145566845024306e-01,-1.503939050166842317e-01,0.000000000000000000e+00,6.440099128087281022e-01,-2.123241154427669974e-01,-1.511557907959009683e-01,6.505047762512189413e-01,6.733639177792044572e-01,-1.231560817768505844e-01,-3.132967528638216370e-01,1.771665319719684106e-01,-1.527457650140978951e-01,5.851249616855408453e-01,4.226203304756473433e-01,-3.186520793203566071e-01,-3.384765004553038636e-01,-1.590658838774515194e-01,-4.479432564804091688e-01,4.315196339221870070e-01,3.633687252631559450e-01,2.101408781994318908e-01,9.874329471674458958e-02,7.090841967834036197e-01,5.679988682152233848e-01,7.670797379969441776e-01,6.948216272050966591e-01,-2.717927204889490911e-01,-3.669752324635706664e-01,4.052356641248958113e-02,-1.334124561076045767e-01,-2.726078246857755460e-01,-2.889069169310156671e-01,1.129388814059355539e-01,1.412040233102056508e-01,3.015777910429059405e-01,3.826120074874062027e-01,-1.005651548854740417e-02,-1.624168083439671839e-01,1.831985492483790001e-01,-2.171397172256986710e-02,-3.214102070081833323e-02,-7.847146513565776693e-02,7.849782361455584501e-02,-2.539362176829684237e-01,-3.042037629882760746e-02,-6.808655058852179642e-02,-8.769696417780149800e-02,-1.028396152846942080e-01,-1.793201300940162057e-01,-1.294475880893558584e-01,-3.521726559962741303e-03,-5.459112331887946978e-02,-2.084506392173372108e-02,-7.410940281739374080e-02,-1.705961356081713287e-01,-1.789701424273313635e-01,-1.999077263016150741e-01,-2.194717821571760263e-01,2.253637183499334617e-01,1.895714082050889981e-01,-3.996769417856639306e-01,-4.804049981023449378e-01,2.594084475167534598e-01,3.206657039069754078e-01,-5.360401828729093043e-02,-1.205994246058501723e-01,-2.275673716754006703e-01,-2.948971550696721788e-01,2.430649507990021996e-01,1.613590447261814206e-02,-4.840964550086856305e-02,-1.924488130030174715e-01,-1.263351019910467776e-01,-2.196704906688104475e-01,-1.976834547694836242e-01,-3.377729893233643449e-02,-7.031571579925002813e-02,1.665196889360749666e-01,6.300927054986135700e-02,3.112072483274095150e-02,1.868836253174388784e-01,2.416649320097277176e-01,4.139157762940902652e-01,2.542254410659787189e-01,3.022518334724102473e-01,1.938281917686308642e-01,8.007679496117411921e-02,4.444427534385999440e-02,8.053628773265067431e-02,1.500392967656551391e-01,-1.538367651868060293e-01,2.001081464542379118e-01,-1.846338958431655575e-01,-1.162603621258986031e-01,-2.838855319921373410e-01,-2.204877451805708488e-01,-1.613029195512020453e-01,1.561924627143284616e-01,-4.401343859285732352e-01,-2.067517183718926566e-01,-8.447429726151664542e-02,-1.843749606828669341e-01,-1.284979829579354083e-01,7.685313955287415011e-02,-6.223532838197792100e-02,1.581590274031710597e-01,7.073793374029559156e-02,-1.028180691566922544e-01,-2.995193790003131684e-01,-7.086012919371035071e-03,1.901795412445876632e-01,-2.703267771200653091e-01,2.782719267346047895e-02,-2.386498457595527811e-01
-2.760196786053900619e-01,-3.199765271617054374e-01,2.365388615732578470e-01,5.793405476084389355e-02,6.440099128087281022e-01,0.000000000000000000e+00,-1.960532517939581332e-01,-5.278975720400398697e-02,5.308923912672003365e-01,7.726611309287675367e-01,-2.359840977969654974e-01,-4.142933697590839293e-01,2.844534660431004558e-01,-1.167877698228011046e-01,6.124168254364883435e-01,5.961682235068693769e-01,-3.736270592351839115e-01,-5.030417572892045275e-01,-8.059535007648202520e-02,-4.893232299260993901e-01,3.254815359572025835e-01,3.376070341138428521e-01,1.401914161688813942e-01,7.816766153106169401e-03,4.661677655257996933e-01,4.841156696511392798e-01,4.875606221056045242e-01,4.879674493443919014e-01,-3.601556335622853600e-01,-4.199983658316133739e-01,8.096646713775021431e-02,1.516573465952729960e-01,-1.446206169448304990e-01,-1.422505747476000559e-01,3.091454333845999325e-01,3.122622000063166037e-01,7.143770131779018928e-02,-3.876770027098395965e-02,-2.126637700560429500e-01,-2.723805381089031696e-01,-8.405638632882059258e-02,-6.558841831390253840e-02,-6.975217852950989228e-02,-9.500699742771551159e-02,-2.423093101638190694e-02,-1.780143132157286645e-01,-1.202410910516834713e-01,-6.049162908823503548e-02,-1.845013434220487414e-01,-1.862522094448463561e-01,-2.121582929598600786e-01,-1.283382544027946992e-01,-2.099614556630094719e-01,-1.306623667885548068e-01,-1.780319959503828264e-01,-1.000084558322006517e-01,-4.787846821208482928e-01,-3.772247195389785146e-01,-2.655818063198068790e-01,-3.302729643584398356e-01,2.553067507439790718e-01,3.272230091915251382e-01,-5.700616698922336134e-01,-5.361065957462811671e-01,3.519809704151992680e-01,5.244871856024548862e-01,1.056681543332050818e-02,1.046904311164700008e-01,-3.101466003231341251e-01,-3.388450692591153390e-01,2.195019484385626329e-01,7.107880244077094400e-02,-1.648174543708790241e-01,-1.706397445237193555e-01,-1.577005015695991663e-01,-2.514712134990673698e-01,-2.439040839237226199e-01,4.864007719366426202e-02,-7.079087577788140129e-02,1.056575067835203441e-01,-1.217342717388460172e-01,-5.904034143930096679e-02,2.837048829047649767e-01,2.356396163977472757e-01,4.560492237768214996e-01,4.317977229185613330e-01,1.940226690861126535e-01,1.461006364179839312e-01,-2.159194749730149743e-01,-4.766421950309338018e-02,3.119170555757510011e-01,2.617493467666284213e-01,2.712700746650683614e-01,3.406712052869725893e-01,1.617184055607907497e-02,-1.386240661558845455e-01,-1.971156391198205515e-01,-1.632751715211172017e-01,-9.580211891459460005e-02,2.808133708285087682e-02,-2.720155932405913801e-01,2.392596023068054370e-02,-2.101999720022491303e-01,-2.214753170057056630e-01,-1.456010386694769065e-01,-5.402969240823905610e-03,-4.594338439578467964e-02,4.851776872978903060e-02,2.151859049922519584e-01,-2.105691247865773275e-01,-2.471386877474462951e-01,-1.095783319923626237e-01,-1.251878814001772255e-01,-4.195859806881372944e-01,-7.629476796021372742e-02,-1.198288349405043224e-01
1.873516222637898188e-01,-4.434176384024519219e-02,4.575557447141984646e-01,1.593093331161857806e-01,-2.123241154427669974e-01,-1.960532517939581332e-01,0.000000000000000000e+00,2.444438777841463073e-01,1.055838801079450745e-01,3.679281181496548217e-03,3.949759236246075944e-01,2.460922320446801426e-01,2.286368229694907273e-01,2.059523502732220623e-01,-2.152247768056735622e-01,-2.450509842424499207e-01,9.764148852456563943e-02,6.217693833129803865e-02,1.385943376592884135e-01,9.063858834514189333e-02,-3.352052184759108377e-01,-3.385100052646444202e-01,-4.534004044475414830e-02,-1.622358845900383206e-01,-4.963840826597704786e-02,-1.954155457727163314e-01,-3.691738577705463431e-01,-3.824879579611662472e-01,1.797723622539874333e-01,1.620279884373091450e-01,2.266601367768403541e-01,1.034251622037073159e-01,1.414916612805729723e-01,1.083860561274400079e-02,-2.552226834667017941e-01,-1.655784042307557047e-01,-2.200240704588923013e-01,-2.734990956600710788e-01,-9.369691476493338667e-02,-2.168290152581804076e-01,-2.946927019381365143e-01,-7.958221650253416435e-02,-3.669818474229252780e-01,-2.785210503961244033e-01,-2.887460588114490467e-01,-3.510440457910324330e-01,-2.151009077887560128e-01,-1.751145098112819598e-01,-1.036510107512162576e-01,-4.054590037801714120e-02,1.171766600772535666e-01,6.732995419260658088e-02,-7.366541630484566353e-03,-3.075408765777245743e-02,-1.444498566002192785e-01,-5.280025597985552044e-02,-4.767942031819702095e-03,-5.690383886922006917e-02,2.338985124419954709e-01,1.045470103688646707e-01,2.084486724793449819e-01,-7.960948393502677300e-02,3.136624196397034270e-01,1.894365984225556410e-01,2.689974764052898218e-02,-1.331820840521472094e-01,6.098624224432452195e-02,-9.984486500232139447e-03,4.226307118939513080e-02,4.395406272526566210e-02,-9.337551685364267606e-02,2.566344791061081487e-02,3.484128642324264835e-02,5.056199488762614519e-02,-3.322303686985669802e-02,2.744820999499841818e-01,5.967270788446376456e-02,-1.198644660599590683e-01,-1.358042150650600743e-01,-2.916189854654882008e-01,-1.422729560069540822e-01,-6.562080389764794741e-02,-2.915416889569414916e-01,-2.685685917837673520e-01,-2.038270838058268142e-01,-1.266518978439521714e-01,-2.816341188727786715e-01,-1.738068001500625015e-01,-1.114522979503668326e-01,5.167778226370516037e-02,4.745112307510995081e-02,2.056769802037392847e-01,5.401816584104437990e-02,9.661762510894512934e-02,5.032453206595617623e-02,6.293276017902005304e-02,-2.658802932900581825e-02,7.679555127521489697e-04,-1.000286917527892921e-01,6.890317057791317534e-02,3.174800449696948967e-01,4.593906771388163168e-01,2.254012159384506109e-01,3.817305939380717938e-01,9.505053671983194896e-02,1.895938516157083809e-01,-1.012467761909273123e-01,-2.381909843302350976e-02,-2.153738969322286090e-01,1.084369766972145994e-02,4.057614060393224809e-02,-1.406454339061320724e-01,1.391152537759573204e-01,1.522955844919986201e-01,-4.694616000345148976e-02,-1.823405661573094250e-01
3.098045868654014101e-01,2.982180370392572555e-01,-5.111437062455107851e-03,7.362478875235194398e-01,-1.511557907959009683e-01,-5.278975720400398697e-02,2.444438777841463073e-01,0.000000000000000000e+00,1.089278746701786982e-01,1.732950744680137878e-01,4.260986521698092999e-01,6.326978619751185695e-01,3.734661569806701359e-02,5.456944701211955406e-01,-2.829536250267140063e-01,-2.542303710691190544e-02,4.631355809450879990e-01,3.904235905643337889e-01,4.621971942592227323e-01,4.410410098679160562e-01,-4.101918399752373379e-01,-4.450857961230272886e-01,-1.162406814004264405e-01,1.276315385953191439e-01,-3.307839829668375309e-01,-1.397192324444763434e-01,-2.514545403698001946e-01,-3.137251547723882705e-01,4.425888158439811870e-01,5.273542172622360802e-01,3.502319940159427381e-01,4.190245563830187758e-01,4.918942975267499018e-01,5.406521717848377095e-01,2.546879436575615885e-01,2.177522621842880868e-01,-2.299764104221445060e-01,-2.498801043963952417e-01,-2.481150245426247403e-01,-2.035453956009032894e-01,-1.967838707945497589e-01,-2.726493167154959152e-01,-1.380237202391317031e-01,-5.569423315697769050e-02,-4.054732042435356676e-01,-2.948882623080760212e-01,-6.904620301262678894e-02,-2.590003503608955260e-01,-3.121020456449773439e-01,-2.655007658160545292e-01,-3.088571534735027879e-01,-2.709174152094283583e-01,-6.816405806014683155e-02,-3.473485111607279574e-01,-1.748714743990367471e-01,-6.516392321150601963e-02,3.502685280689477598e-01,1.434020690555981858e-01,1.032678872339053422e-01,1.238739266464983224e-01,3.696508186926490969e-01,6.703835385317811202e-01,3.722490728387727321e-01,3.689514209412827483e-01,-2.593650881877007652e-01,3.319708306760200123e-01,-2.580040355673612201e-02,2.070642932072063735e-01,1.288607258695390334e-01,6.660455909175627687e-02,2.560146040830484360e-01,2.387398044648393058e-01,4.063521470772392674e-01,4.600925430686688133e-01,-2.094417460840115874e-02,1.410678031364607787e-01,2.498112900521038404e-01,7.123099915393520110e-02,9.691557562367210388e-02,-2.571319087068296150e-01,6.157909342916690482e-02,-1.219420088170198035e-01,-3.548047638090646161e-01,-3.711696046831436946e-01,-2.734033649202478045e-01,-2.395783678380993820e-01,-1.242989968598693373e-01,-2.979555502868650452e-01,-2.102855747119541374e-01,-1.315875642479130414e-01,-4.818460037753928560e-02,-3.744161875073624413e-01,-7.192075826234629876e-02,-4.118191449914577751e-01,-1.442452445343705147e-01,-2.200355363684469434e-01,-2.284389330217710401e-01,-2.974416865311915736e-01,-2.276750201322643996e-01,-3.801362204596370198e-01,4.435053952677458500e-01,-8.348363859622821848e-02,3.080953382443024080e-01,2.021495273643307555e-01,7.396783163353457154e-03,-2.350925586304603576e-01,1.172365840466356585e-01,1.517007755930803795e-02,-1.647541909068586385e-01,-1.237465963450417039e-01,-1.749289219168446707e-01,-5.059927378115910424e-01,-3.650939722542163035e-01,-7.306684369997218376e-02,-2.174022913899647247e-01,-1.340875012224014007e-01
1.455937021603596337e-01,-2.259151620389569237e-01,2.569204921634967720e-01,-7.562315841199085398e-02,6.505047762512189413e-01,5.308923912672003365e-01,1.055838801079450745e-01,1.089278746701786982e-01,0.000000000000000000e+00,7.732052308409242958e-01,1.711665697281907483e-01,-5.975807750167883015e-02,3.223021928519912427e-01,-2.208863669828129307e-03,5.256136118665576396e-01,3.948585628190199870e-01,-2.150975053485022215e-01,-3.004389351541095210e-01,-1.241545346829102531e-01,-4.162146930464081795e-01,3.424585532906522234e-01,2.804359547436190425e-01,-3.422754012922647054e-02,-1.069303705556054196e-01,4.269231501975210286e-01,2.973768004359462203e-01,4.496147474464284866e-01,5.086744885863803134e-01,-1.211699401554241495e-01,-2.584167101623129903e-01,4.652467843827177291e-02,-8.727695469972303333e-02,-2.804188074538119801e-01,-2.754403304271126340e-01,8.028385265219040168e-02,4.433149482835005428e-02,2.387637914572327824e-01,1.310422642436213370e-01,-2.777860035705852909e-02,-1.519649165755488085e-01,1.434183952884802438e-01,-4.093149095633467904e-02,-1.566008292330309248e-01,-1.543849123352859787e-01,-2.501524994104289620e-02,-2.936237739594831364e-01,1.712565483502128186e-03,1.543720232338603162e-03,1.195950733753358732e-02,6.402656156113728514e-02,2.479277490002914849e-02,7.519641935344108241e-02,6.109155820115663715e-02,-8.033618516713648613e-03,1.596525424193608045e-02,1.703743269047452991e-01,-1.662881296034391387e-01,-3.706748241018571477e-01,1.082016374170855916e-01,-7.204135479505227591e-02,3.889060573615474858e-01,2.023389007472017886e-01,-2.814077289098020351e-01,-3.603680944259199381e-01,6.405449570041368834e-02,1.923065945941303534e-01,-2.009363611720907938e-01,-2.010378698476595616e-01,-4.213824288198933510e-01,-4.637808373524977545e-01,2.861076028203244914e-01,7.797729741076236953e-02,-7.767161887215338900e-02,-6.210093945053840603e-02,-1.844565845491885347e-01,-1.660904954875254413e-01,-1.610098074840607962e-01,-2.699271828760461348e-03,-2.638017506169181292e-01,-1.110320335112167378e-01,-1.644968859957782470e-01,-2.491056638348002339e-01,1.858040799403579135e-01,-5.432156017897533939e-02,2.381613760043827521e-01,6.751792117581453812e-02,2.540069916682886064e-01,7.795490895633545858e-02,7.749805863263454879e-03,1.193066353018800152e-01,2.173587066902144260e-01,2.829410822319597396e-01,-4.596308322981692424e-02,2.645075663667977861e-01,-2.270060709169418045e-01,-1.918540348529670092e-01,-3.770020580314819014e-01,-2.677990929988642299e-01,-1.944519676915738016e-01,1.318819099997326771e-01,-2.049897117355209131e-01,2.535201192515102939e-02,8.156056149710251210e-03,2.346166591072575136e-02,2.142002935219452370e-02,2.614945540022393586e-02,-5.346435520195430210e-03,1.557645693040296819e-01,1.040180494617226961e-02,-1.981453779433328399e-01,-3.264676362407619159e-01,-2.134841206544888237e-01,6.180901169950700491e-02,-4.196766326205818021e-01,-9.432554866305978281e-02,-2.500502133819661466e-01
9.374730246804337253e-02,-1.260823921790683866e-01,2.042665441099110191e-01,1.685014256844289127e-01,6.733639177792044572e-01,7.726611309287675367e-01,3.679281181496548217e-03,1.732950744680137878e-01,7.732052308409242958e-01,0.000000000000000000e+00,-1.896378709122559236e-02,-1.170264018448292503e-01,3.541207695877844341e-01,7.581021157681862299e-02,5.502076237979285356e-01,6.037093097183490187e-01,-2.024994060472399826e-01,-2.492214335071894216e-01,2.880375632006874215e-02,-3.284237349323229638e-01,3.299994585193669061e-01,3.029218096635084012e-01,-1.216848324826559462e-02,-7.516408355499921978e-02,3.731916843348883628e-01,3.522709255833896824e-01,4.541884479858722679e-01,4.676701515934467701e-01,-2.154883384809007374e-01,-3.007696225644192478e-01,-3.443369972825452516e-03,1.905863133411558885e-02,-1.512827845972506968e-01,-1.326999131705756674e-01,1.810810065783926837e-01,1.298093328484137832e-01,1.770340155440155716e-01,3.670218694500767403e-02,-5.228737727874064461e-02,-1.717538089701070025e-01,1.537948636327308438e-01,1.629327912095774461e-02,-2.783231296147394285e-01,-2.622387363412576056e-01,-2.080031052903765498e-01,-3.987207005723417130e-01,-1.552424799962969781e-01,-2.302065830308337724e-01,-2.593772910000664011e-01,-1.961730499007552919e-01,-2.210342978825562132e-01,-1.070532153005907816e-01,-1.279362946976908277e-01,-1.635166573768727649e-01,-1.124179285442513943e-01,4.049314852060052761e-03,-1.551441923288074953e-01,-2.331987271628453429e-01,2.282724562711042123e-03,-6.797875523354808547e-02,3.565476179397209511e-01,3.821007866260811570e-01,-3.282927908753903168e-01,-3.112152874805005354e-01,8.385035445078063698e-02,3.763348107003710585e-01,-1.618028518304519825e-01,-9.842234437413903414e-02,-3.330109638026503283e-01,-4.256786267762786569e-01,2.316998946375733726e-01,2.231585133638694721e-02,-9.457985148475379911e-02,-1.349013970460064826e-01,-2.413677881521329172e-01,-2.780333697734596043e-01,-2.133830076951025723e-01,-1.973913034630131805e-02,-1.487459868016584308e-01,1.186265379093113040e-02,-6.065544651950917354e-02,-7.861564741654672450e-02,3.235459061961252769e-01,2.116334144241653614e-01,3.198329467544893112e-01,2.043472277500489875e-01,2.245309985280014575e-01,1.096600034120610440e-01,-1.541936595537796162e-01,4.696782001189778177e-02,2.081873198174992445e-01,1.685801901337911912e-01,1.247826374396469318e-01,2.486171784502751447e-01,-2.058488756350946303e-01,-2.297216735297014090e-01,-4.112839876724258548e-01,-3.445020946446438193e-01,-2.623963283973054228e-01,1.085263982588734362e-02,-1.303605785222798352e-01,5.658465967880227029e-03,-2.203140644417772576e-02,-6.659119659900132604e-02,-9.189406338055412793e-02,-1.644882895682148460e-01,-6.118798948366115098e-02,9.089829452172050461e-02,-1.315791696115526863e-02,-2.294088122259808626e-01,-3.465112431408051696e-01,-2.406475005589309712e-01,-5.305105393079952159e-02,-4.516445543152303177e-01,-2.048063519229368634e-01,-2.252886886979308945e-01
7.065587527095934517e-01,3.911428211106605102e-01,6.963989656342331469e-02,1.442520674106561041e-01,-1.231560817768505844e-01,-2.359840977969654974e-01,3.949759236246075944e-01,4.260986521698092999e-01,1.711665697281907483e-01,-1.896378709122559236e-02,0.000000000000000000e+00,7.307626008750321978e-01,4.281531041677651972e-01,7.038771324852153288e-01,-7.337281813788645857e-02,-1.875448870805855595e-01,4.129355817988276667e-01,2.458392227035796906e-01,4.349000406882780334e-01,3.970026043537784322e-01,-1.979399853769679973e-01,-3.504297764432264262e-01,-2.655830432134330676e-01,-1.793712896911154875e-01,-3.205477654384628061e-01,-2.213582794323420422e-01,-3.340570201416500073e-01,-3.406196741462895194e-01,7.107571341093739115e-01,4.558791319375512519e-01,3.906116301873068797e-01,4.809853565064027558e-02,5.290014501369116884e-02,3.576461681301832535e-02,-1.483196688245271011e-01,-4.016332272911289913e-01,-6.481644619970049204e-02,-2.055936173576200232e-01,1.076986734513172006e-01,-3.886396778145997932e-02,-2.062295184449433327e-01,-2.378980754158809274e-01,-1.611809509456804124e-01,-6.106991617051291815e-02,-2.414594772736192163e-01,-2.372278397549092144e-01,1.035535626744356064e-01,-5.949049307734603775e-02,9.072818551541979304e-02,1.639704472618628561e-01,2.304605348782191310e-01,2.726053357214923145e-01,9.563554150027765710e-02,-3.320433907408418261e-02,1.702556208107796343e-01,2.066477866623258330e-01,4.915362086465671076e-01,1.942555514857138010e-01,4.209192363324597008e-01,4.092962587861487256e-01,2.348094803515678453e-01,1.558684209749808536e-01,3.332791625869172547e-01,3.393400226708871981e-01,-3.587967774281731193e-01,-2.885465155232710410e-01,-4.685292538891467351e-01,-3.400653401938872888e-01,-6.617963216197449150e-02,-7.678477972568661936e-02,6.650022713909187200e-02,1.654620049164469975e-01,3.782659757722698357e-01,3.232978472598977970e-01,1.677560842553518783e-01,3.663138335235723297e-01,4.084631600368188176e-01,-1.979446129360510134e-02,-2.193287383658820699e-01,-3.411014160653349503e-01,-1.207860387147989267e-01,-1.549750856955411649e-01,-1.917105870105870746e-01,-4.334251565561006436e-01,-2.272990709588915137e-01,-2.823778655150430139e-01,1.256378752350145456e-01,-9.923902477160370661e-02,-8.035321341408903362e-02,1.852688401126750470e-02,-3.351159110825023824e-01,-2.055274849239533130e-01,-2.943328724420617437e-01,-2.621606983184474049e-01,-1.412438108296019679e-01,-3.142496578380832850e-01,-2.468728279954315874e-01,-3.057698542688724319e-01,-1.380167438668729873e-01,-2.256840950838143178e-01,4.251197554942296453e-01,1.785327750672472125e-01,2.619185659898695118e-01,3.898033822947422622e-01,-1.457884123206301952e-01,-2.728562174367797910e-01,6.320729158732746322e-02,1.753209913038876744e-01,-3.857918494513628560e-01,-3.123225892877071197e-01,-3.164018595594909056e-01,-5.161025171127212596e-01,-8.521668789554709411e-02,-1.032264334690824042e-01,-3.583831317864738519e-01,-2.101944690320091125e-01
5.863168072199146375e-01,4.797380333810913333e-01,-3.511260161731796781e-01,3.737273035276388322e-01,-3.132967528638216370e-01,-4.142933697590839293e-01,2.460922320446801426e-01,6.326978619751185695e-01,-5.975807750167883015e-02,-1.170264018448292503e-01,7.307626008750321978e-01,0.000000000000000000e+00,9.342530685814379177e-02,7.378830518538663785e-01,-3.285571747292015399e-01,-1.511541129299467656e-01,5.701733798996191371e-01,5.477254530784971820e-01,4.412289490479512910e-01,7.118606695433922216e-01,-2.915112111377588522e-01,-3.572680782073680006e-01,-4.578449119967977210e-01,-2.822917369927817610e-01,-5.717111536325572008e-01,-4.413819062513623104e-01,-3.780181141567798830e-01,-4.107508172402868918e-01,6.604995049010501385e-01,6.845323092435853241e-01,2.525039575906347644e-01,9.528931130414763917e-02,2.602244799540413545e-01,3.147680742735373127e-01,-1.902996073596306958e-01,-2.998720174205156686e-01,-2.260041675510846559e-01,-2.983311339365305459e-01,-3.643305118386403873e-03,3.028323019899882389e-03,-9.104143412968959681e-02,-2.191418507161145557e-01,-1.684536442270032630e-01,1.013708736710640075e-03,-3.525915395756612503e-01,-1.618374665804897250e-01,5.754791167233971189e-02,-1.039867874659809455e-01,-2.655965346531091037e-02,5.828552402478003741e-02,9.986244513703726455e-02,1.612483045944021198e-01,7.587369225528854677e-02,-1.537278739608761713e-01,1.749494684577526937e-01,1.816133252208794457e-01,6.685137594248754533e-01,4.366128117726233993e-01,4.288051902911960700e-01,5.667813283234496291e-01,6.362741941963732939e-02,2.619591769831555728e-01,6.095973274130317421e-01,6.910837389885025051e-01,-6.988901459327497845e-01,-3.669494664153218899e-01,-4.180808419057782110e-01,-2.172369594265385617e-01,2.392528218053137368e-01,2.412140667122018856e-01,1.665580912819066006e-01,1.912880641859344699e-01,3.785378518941482362e-01,3.967735276566918823e-01,2.094197241466562442e-01,3.768361637693525834e-01,3.187245218328569329e-01,4.097361408478199934e-02,-3.615226601446668714e-02,-2.282862580206456993e-01,9.104099340360695403e-02,-1.187076443122196817e-01,-2.765133579357558213e-01,-5.270333112148534171e-01,-5.122145151538505248e-01,-5.015227842023329830e-01,-2.043789072150389678e-03,-2.616503283941176150e-01,-3.598316718199626868e-02,-1.200912195686034377e-04,-3.056135056278712070e-01,-4.005122968182247556e-01,-3.101346275401556385e-01,-5.366621809756555450e-01,-7.095886584883574766e-02,-6.375691735010208250e-02,-1.160924737141566659e-01,-1.179452415815985533e-01,2.093188795028246701e-02,-1.810187503590494351e-01,5.128662340248039131e-01,-8.032000067719179126e-02,3.916747023664803873e-01,3.511668815536254096e-01,-1.148518427477047410e-01,-3.405091983541166378e-01,4.882440335230045503e-02,4.731966053070212064e-03,-3.242376216720405657e-01,-1.176504801650684051e-01,-4.124598007078155576e-02,-3.007523852404331843e-01,-9.511537224316489458e-02,5.221874089680363096e-02,-3.183008633223774475e-01,-6.647698800277987430e-02
3.668629978619597498e-01,5.141774479374262852e-02,2.701532218511186190e-01,-1.452231790709639647e-01,1.771665319719684106e-01,2.844534660431004558e-01,2.286368229694907273e-01,3.734661569806701359e-02,3.223021928519912427e-01,3.541207695877844341e-01,4.281531041677651972e-01,9.342530685814379177e-02,0.000000000000000000e+00,3.779426641851378332e-01,3.758510862946804476e-01,2.075347819876880717e-01,-1.654055131193417627e-01,-3.405996520779535075e-01,4.757460204789729780e-02,-2.085874173555455346e-01,3.774440505739112828e-02,6.644496212874727303e-02,3.469277359988574144e-02,-8.885913872460932117e-02,4.967779625624435536e-02,8.089693608183146437e-03,5.004975909012104179e-02,7.733407113567238034e-02,1.144618409856930537e-02,-2.283120669294217697e-01,1.235492122072261445e-01,4.051965592376846614e-03,-2.984576870618139144e-01,-3.087002385613842881e-01,-9.809227950019178133e-03,-2.237931605829902582e-01,2.511114863653722273e-01,5.647924909776999569e-02,2.187215606555896197e-01,3.075741755717421519e-02,-1.768780693818067518e-01,-1.868995420382880412e-01,-1.426527427270682935e-01,-1.815776430304266997e-01,-2.407569372017717702e-02,-2.847237438052515057e-01,4.367171372720665690e-02,-8.154902408205179365e-02,9.057741335910098057e-02,1.464463309227234389e-01,2.164294656799511662e-01,2.935580583132163524e-01,1.305179899272329302e-01,1.059318011534289006e-01,6.715161799682192734e-02,1.270283114219495357e-01,-3.377443770866160773e-03,-2.010796163031719763e-01,1.047272861334049426e-01,4.001037284301822705e-02,3.797141540043957320e-01,1.518539039160061999e-01,-2.822647322301100603e-01,-2.875640941545157814e-01,1.212175069064665295e-01,4.657815585340255998e-02,-3.874062907302660563e-01,-3.809569507187253734e-01,-2.826017332472308685e-01,-4.428420486890029539e-01,4.638064967259299815e-02,-7.324035501285151850e-03,5.006505224576108387e-02,-5.915573668355576104e-02,-8.705426136403808524e-02,-3.438807957326959347e-02,1.360043976805818122e-01,6.761076012081849995e-02,-1.827458338614289246e-01,-3.029137467385109583e-01,-2.051687662126032152e-01,-1.873484428964983795e-01,1.704804997270384925e-01,-5.599444652946636292e-02,3.593860455795649944e-01,9.965891819526760675e-02,1.936821910000940672e-01,2.088008573970962511e-01,-9.453146920519726881e-02,1.452355737220620002e-01,-4.181869431161410779e-03,1.697271709523300309e-01,-1.462778280899469131e-02,1.781154698460303831e-01,-1.344662355207427995e-01,-3.823258837082463835e-01,-3.916017977688109886e-01,-3.211837584759832387e-01,-1.972310537425104315e-01,-1.036269619022365529e-01,7.113711326977818772e-02,2.577431273632030395e-01,-3.592595587509487404e-02,1.068106383156562644e-01,-5.538941015297112191e-02,-8.147557257025159205e-02,3.350676000139710120e-02,2.542813646170752340e-02,-1.265025533616946640e-01,-4.008609022541071432e-01,-3.180225829952531003e-01,-3.792102884290562415e-01,-2.078695254943581025e-02,-3.611677576369836107e-01,-1.764956210280380633e-01,-1.499713330960651125e-01
