0.000000000000000000e+00,7.303914060581098155e-01,3.887994681393932006e-01,3.505108136787316031e-01,3.899796039376065421e-02,3.369514347074383659e-02,2.009718036618067527e-01,1.505979735962019173e-01,4.618121818013498636e-02,2.010707518253405657e-01,5.087190239182582951e-01,6.079485391444308107e-01,1.912905320457172209e-01,-1.994354917658743287e-01,2.976356762913279219e-01,-6.607735367504216639e-02,4.986942161723720290e-02,2.835657579320192689e-01,2.342918900133685867e-01,6.485200724139049688e-01,5.610227981138594250e-02,1.266547177255731016e-01,-1.686399191110141416e-01,-4.279652203160116963e-02,9.183378285518861706e-02,1.166942542329147403e-01,2.589877096074834073e-01,2.099959574533161455e-01,3.464399824554929563e-01,-6.041792571651456029e-02,1.276446720970568494e-01,-4.851143083068839429e-02,-4.602436817308860895e-02,2.103468142431537586e-04,-3.203995308345622406e-01,-2.512964620220293210e-01,2.229291857905447982e-01,1.493785581432673371e-01,-3.104365805956290844e-02,2.013833606811780974e-01,2.421515105961692116e-01,2.322897545286999876e-01,-2.872154568819223486e-01,-4.213078635642782954e-01,9.016992334746173898e-02,2.973203797471036802e-01,8.545270145412595109e-02,-1.967455960510627044e-01,3.366312183212759601e-01,1.661287481423504020e-01,8.720171219648949201e-02,6.324551816912098168e-02,-1.928198593167847474e-01,-2.117226410514994328e-01,2.436671705250080533e-02,-1.619904425939860393e-01,6.084819414942324034e-01,6.850231795673521473e-01,3.738783750882851420e-01,5.826315018601947449e-01,1.400766532092364292e-01,1.259643178763693583e-01,1.363012671924393182e-01,1.486876317354138832e-01,-1.713226592066656451e-01,-2.801365947434154569e-01,3.243699444580510072e-01,4.640455110072421729e-01,6.114979537684527289e-01,5.170899640506955164e-01,1.687487042176813168e-01,1.583211070601907577e-01,4.538463969852524205e-01,3.239366084799306100e-01,-2.022935758440466414e-01,1.054060649669510685e-01,-4.329204537710323875e-01,-5.128171828786624031e-01,-3.941790932019698795e-02,-6.452149607977906987e-02,-1.032378163195784293e-01,3.236078281545616830e-01,2.732232206199634028e-01,3.449488625307616796e-01,2.097428021915866969e-01,1.934009514926020579e-01,2.796481441157842029e-01,-1.814004696535392175e-02,-1.570837844967377106e-01,1.232175015040002236e-01,-5.086761657664369274e-01,-5.021631657477334532e-01,-5.391980640618767584e-01,-3.748560889547369324e-01,3.914434956307798891e-02,-2.103393177486584040e-02,-1.394119802022425192e-01,-1.651799327917098936e-01,-1.366330999953871590e-02,-1.617769466663467326e-01,1.468757928552629488e-01,-2.458206861554562139e-01,1.809400773371984406e-01,1.099397141259533389e-01,-1.101519347196598109e-01,-1.468671437424248494e-01,-4.916478319091702187e-02,1.300659648252847911e-01,4.066163845861518744e-02,-9.002903376985199602e-02,-3.067740238350187831e-01,-1.832356245926795024e-01,-4.505670702754322465e-01,-1.251495983962745695e-01,-3.163118500377799514e-01,1.249741823166695409e-01
7.303914060581098155e-01,0.000000000000000000e+00,4.694561586919069884e-01,2.943722223042703479e-01,-1.912861077709841762e-01,1.553107314094971658e-01,2.244236985134959728e-01,1.305208290612041855e-01,1.773661709942241788e-02,1.476224035057395745e-01,2.999416644891066963e-01,3.720275566894992725e-01,9.782003532226155040e-02,-1.160479264312904019e-01,2.422978966151709268e-01,-3.968200565373666139e-02,1.771405619293026645e-01,4.760194095828935157e-01,1.914770973041939328e-01,7.080145901147153475e-01,4.441131427351888844e-02,9.481207882617032068e-02,-2.103751892397373591e-01,-6.519236810130903115e-02,7.643345295446223216e-03,1.709373578638794140e-03,-1.488864063166514366e-02,7.065561705344208798e-02,2.276992967531331624e-01,1.884942178831749138e-01,4.434106741743951696e-01,1.618346106119270822e-01,1.262341447146072826e-01,1.540133442333102010e-01,-1.263451466996636310e-02,-2.378785309258078101e-02,3.922302222494083446e-01,2.086949847824092763e-01,1.725765782922704106e-01,2.635615833865776469e-01,3.092386420092606003e-01,4.018856093956840736e-01,-1.965446828290386139e-01,-4.069599592510347863e-01,5.488983892741416959e-02,2.805446101922142721e-01,2.750583588083895803e-01,1.585138384165731273e-01,3.093395517644212389e-01,-6.161936640159908912e-02,2.666681244879617885e-02,-8.830484053527185018e-02,3.809585139532944281e-02,-1.782225547673527422e-01,2.189690441459417047e-01,-2.025602695390812946e-02,8.400746460621970613e-01,7.545689893239395651e-01,3.593623928962975667e-01,5.434389692105068281e-01,-4.119615045238100848e-02,-1.324381750530105040e-01,2.371116787572326023e-01,2.235668517369377162e-01,-1.272486360961692931e-01,-2.565398247877826443e-01,4.963279811747499659e-01,5.593969305705005501e-01,5.886336078097637037e-01,6.145983383651130172e-01,-4.217014738094351789e-02,-1.956885734605121607e-01,3.061305733179064958e-01,3.264400527927681095e-01,-1.094960717190680832e-01,9.446724183379877349e-02,-4.060924784815602706e-01,-5.013710695383629679e-01,-2.116064107926414473e-02,-2.772733809179298570e-01,1.712630433641504357e-01,2.775040459955660510e-01,2.400277863345289253e-01,2.574731132905302422e-01,2.495985708952791204e-01,-2.540702032508153005e-02,2.800660340774226986e-01,3.027561530423122579e-02,2.010227584035849946e-01,2.869469009119024472e-02,-2.773537610076421411e-01,-3.623576441897942146e-01,-4.195892846233530982e-01,-4.178586232151785262e-01,1.632256060473123022e-02,-7.578809169776855315e-02,-1.066830300635547568e-01,-1.064974414032138494e-01,1.783154179106144210e-01,6.053125752442430063e-02,3.410122725043084335e-01,-4.362237096764109423e-01,4.657446815206928714e-01,1.771697576672544017e-01,2.510951172412843047e-01,-3.945652283321589987e-02,-5.109679579892108248e-02,-3.310546760863041643e-02,5.584884398503237729e-02,-8.481478291865859886e-02,-1.252336799748787477e-01,-3.504530345829263288e-02,-2.265511235366663434e-01,1.425207148002222146e-01,-2.462404178807448274e-01,3.038935069616502394e-01
3.887994681393932006e-01,4.694561586919069884e-01,0.000000000000000000e+00,7.262816619384760974e-01,1.746048324208267222e-01,3.844336137471160431e-01,6.067393350015265474e-01,4.092989627619977311e-01,3.210227171947639402e-01,3.591982213666682355e-01,4.417254295971299177e-02,1.884366722941881456e-01,2.933270514252795946e-01,-3.889457859881443463e-02,4.750463569729073132e-01,2.868006671887833314e-01,-1.311084480055951240e-01,-4.147593586729293735e-02,3.029152093853254568e-01,4.397328713014594381e-01,2.123792345323400055e-01,2.624104335660352727e-01,9.514035311791417537e-02,5.051804800816056540e-01,2.598337465267878676e-01,2.583398881914155676e-01,1.302777304747702036e-01,3.119552512024783009e-01,1.806550353469532078e-01,5.991710992323127233e-02,5.554642662084996463e-01,4.583791163354027920e-01,1.682078345799920827e-01,1.757871625977063534e-01,2.476055082364367332e-01,-2.048968897792280072e-02,1.058076403324991199e-01,-1.031580355435215979e-01,5.132502296354190911e-03,1.927030797821076002e-01,1.527182493980625277e-01,2.260390136163282770e-01,-3.634525424513405656e-01,-2.826390542750662482e-01,-5.357965992742838579e-03,6.599872953534452469e-02,-1.313164381094316657e-01,-2.306755548369314734e-01,-2.368211349172093597e-02,-2.623819480179790387e-01,-2.834696689627745347e-01,-3.339381261175250470e-01,-3.852111482617739946e-01,-5.982573576460078479e-01,1.747966527526736980e-01,-2.590979794702200634e-01,3.042586552139594502e-01,2.619850946075071296e-01,6.219563658887138080e-02,2.669796818485104528e-01,3.005545057895787561e-02,-3.870707882108091746e-02,2.433478718026951121e-02,-1.459277987918417563e-01,4.117099089574128290e-01,7.936415760713870504e-02,2.913490645372542875e-01,3.171629472625768775e-01,1.486871012790426660e-01,1.103198871711286860e-01,-1.611860378287068365e-02,1.939615966101216338e-01,3.181377160164486906e-01,2.011621319628134896e-01,1.045821107074967893e-02,1.327584755585566045e-01,-3.000645506333582055e-02,-8.336396457911719737e-02,-1.414947729806336450e-02,-1.630477365658906941e-01,-8.503460090061133736e-02,4.396250393226670133e-02,2.552699360664509864e-01,3.891446916352627183e-01,2.508791266374731377e-01,3.841048393720204041e-02,3.299664310875921047e-01,1.933532285954685792e-01,-3.278478452998477566e-02,-1.810409556669652087e-01,-2.188621169851258930e-01,-3.220996535190207566e-01,-3.629248940195003437e-01,-1.321064379937063327e-01,2.650460568640368095e-02,4.530770440878079119e-02,-1.203052152211653292e-01,8.993452999582426943e-02,1.112083949151560641e-01,8.223608708543964085e-02,2.488975052200600446e-01,-2.387462953434937030e-01,3.398462762693548744e-01,1.450687698181986618e-01,3.730752388313929302e-02,-6.287407513326571940e-02,1.823557009540315021e-02,5.431296367421922094e-02,1.607694499637538355e-01,6.464247616523158269e-02,-1.456483520558263800e-01,-3.017847925250038629e-02,-1.609784432835656143e-01,4.969724888291371899e-03,-2.492261542572674904e-01,-1.926232280704898159e-01
3.505108136787316031e-01,2.943722223042703479e-01,7.262816619384760974e-01,0.000000000000000000e+00,5.047284976474234602e-02,3.439959198438102272e-01,4.663790834782164940e-01,6.585402002149403078e-01,2.502611521724978361e-01,4.207491678967071880e-01,-3.786538649305323800e-02,2.867347512739475968e-01,2.971399485054400103e-01,2.720238718822975965e-01,2.270209258059404100e-01,3.652277581206842538e-01,-1.883207764936284112e-01,-1.964039807284380657e-01,3.030202435007305350e-01,3.900751731440563752e-01,8.748022796566268244e-02,1.155819735770524243e-01,2.678033587272534155e-01,6.974815078786464895e-01,2.358971945950344984e-01,2.886289537204643763e-01,2.573248611921257964e-02,2.792413146784548106e-01,7.381486497289356519e-02,3.947522469029804415e-02,4.029751568664625694e-01,4.379311480634910936e-01,-2.809761163144398194e-03,1.158495897967323773e-01,1.495019512352115665e-01,3.291456624735555891e-02,1.563961388207145420e-01,9.141098580404440066e-04,-8.541839073147752814e-02,1.589219901804972968e-01,2.642577777144691081e-02,7.581242657434290877e-02,-4.602795631983467306e-01,-3.531401673458392509e-01,-8.728348913778175011e-02,-1.099884071477321736e-02,-2.775744020174939486e-01,-2.963213626364597508e-01,-4.389732551359130930e-02,-2.147963879045148849e-01,-2.330253418647153518e-01,-2.364676357256979000e-01,-3.279327900921843453e-01,-4.982449169492414454e-01,-1.192408781700602001e-02,-1.861792615733315892e-01,1.617542777804948095e-01,2.427870349395654936e-01,5.594524143690299961e-02,3.312661500200601017e-01,-2.899192713410311817e-02,1.769787599617854978e-01,-1.494781159693825967e-01,-2.244440769862583451e-01,3.103076686387841177e-01,4.141073165926404398e-01,8.598411100787448080e-02,1.843678251687894121e-01,4.823423470814654224e-02,7.945918627261312761e-02,1.731224549025059956e-01,3.073310885500617484e-01,2.973025815558577589e-01,1.386636441647558782e-01,-5.225706224939543482e-02,2.484612145887196352e-02,-1.129366010895401125e-02,-1.120624167114431108e-01,-9.613126025418522458e-02,1.607772831591249355e-02,-1.915662583455556012e-01,9.431570895029330048e-02,9.514895538857874591e-02,3.007839156040709727e-01,8.176322920294457064e-02,2.716718101081804781e-01,1.053024877491241934e-01,9.583922390834618069e-03,-2.247281882102121764e-01,-1.328444206465517197e-01,-1.232712872711374391e-01,-2.176575098159364841e-01,-1.391043320165755992e-01,-1.203830595365577433e-01,-2.364498362455071806e-02,2.486557316832001610e-02,-2.306797017570363373e-01,1.101220212926472403e-01,3.606827905395877665e-02,7.776887531785320329e-02,2.693393127633292305e-01,-2.466034522141594409e-01,2.664228970932094875e-01,1.741706359437907581e-01,4.209540502313246016e-03,-1.154158457957319382e-02,-6.173579600310296484e-03,5.335174438710122563e-02,1.767930535576549000e-01,-6.925153933816477481e-02,-1.938529872720361480e-01,-4.114948064265521593e-02,-1.897400554412367324e-01,-2.587391543079935533e-02,-2.182670682286336761e-01,-4.758080457775661076e-02
3.899796039376065421e-02,-1.912861077709841762e-01,1.746048324208267222e-01,5.047284976474234602e-02,0.000000000000000000e+00,2.247421681235425017e-01,1.533712669787063165e-01,-3.274734289244275731e-02,2.418444048727761697e-01,1.821012851451805220e-02,2.325508697127144919e-01,2.535955128721525953e-01,-1.722559804633042512e-03,-2.488235230127557596e-01,3.306023557123281553e-01,-1.354950262521417703e-01,6.990502483567871683e-02,-4.491531861421624999e-02,2.670192144066416140e-01,1.142860582181000478e-01,-1.679127299376245719e-01,-9.835211970796101100e-02,1.666233077736273271e-01,1.406671012432040291e-01,5.962965333218025465e-01,6.060929211461660859e-01,2.351084593809442680e-01,4.477893606240512803e-01,1.521141845417506022e-01,-2.377928365192182592e-01,-1.553000077487533270e-01,-7.129415672363681455e-02,1.743128098337076159e-01,1.424598133059422067e-01,2.703342449795604827e-02,-5.414487424160793240e-03,-3.656409477177421929e-01,-3.232680100207726559e-01,-1.229616713981309117e-01,-2.717423763572063833e-01,-3.644975150811015641e-01,-3.884337155220027316e-01,-2.595307199859769876e-01,-8.045621796328446262e-02,-1.898308115425814402e-01,-2.328339497361120725e-01,-3.468617825782908670e-01,-7.522054870930940107e-02,-3.927597643699339836e-01,-1.935572674852394093e-01,-4.614962361862413598e-01,-3.643789362032485712e-01,-4.322442584135735011e-01,3.097499785817071569e-02,-8.953455877713191458e-02,-1.946939029242384933e-01,-2.104936048339927090e-01,-2.040653599075549218e-01,-3.225617388986447565e-01,-1.831057636155654089e-01,3.637013188939171304e-02,1.778878421249439554e-02,-5.898223404624910321e-02,1.039522743693027801e-01,2.685288796949848039e-02,1.966631063101648147e-02,4.060179691959479170e-02,2.390972024290951951e-03,-7.492171828793278698e-02,-3.279500194510817090e-01,1.533233612383256284e-01,1.463514918146563981e-01,2.395289455718105087e-01,6.199845455405634392e-02,2.440593631409512104e-02,7.211787245895198706e-02,2.889289437403184668e-01,2.058345666969307597e-01,2.463765258020866877e-01,3.214381503306622534e-01,3.801943419069227920e-02,7.698343857641309386e-03,2.394497404318339517e-01,-9.139705649159825251e-02,1.729208500445529317e-01,-5.480166247652449446e-02,2.453164380928282984e-01,-3.355702954459260923e-02,-1.006300743292549010e-01,2.486245343186849546e-02,-1.774817521975066981e-01,1.283619106181009724e-02,-1.971288375337395538e-01,-2.245929970052983060e-02,1.329554136300009348e-01,8.475778601688685465e-02,1.358536938243277981e-01,4.596242139663724025e-02,-1.028765234982686044e-01,-1.760101603813403748e-01,1.088984465612286845e-01,1.282337996272259473e-01,-4.723706792130397819e-02,9.528716692575360525e-02,-2.995929470526629279e-01,-2.746182306932536954e-01,-4.735125992420809171e-02,2.680932594408882430e-01,1.167215348604524056e-01,1.765148092460984142e-01,8.897544331948831209e-02,-1.542489713884079849e-01,-7.546655810602044545e-02,-1.357678449687368394e-01,-1.388586699057353102e-01,-4.681532109182131030e-01
3.369514347074383659e-02,1.553107314094971658e-01,3.844336137471160431e-01,3.439959198438102272e-01,2.247421681235425017e-01,0.000000000000000000e+00,4.507721789003652502e-01,5.133152101580885640e-01,5.112275775391712518e-01,6.588027039563534304e-01,-1.855511724952207953e-02,1.562843360714382956e-01,1.189041092352983581e-01,2.379954408376733221e-01,3.304850929636333201e-01,2.532407992436214728e-01,2.070648934739777736e-01,1.434062865641442912e-02,2.085988188042440794e-01,3.018401712881586541e-01,-1.453281264100165782e-01,-1.946833882464229504e-01,4.874880012921885969e-02,3.031930266432592558e-01,1.029806567200175077e-01,3.486901471826047150e-01,-1.907904759242734782e-01,8.556553557974350133e-02,3.741928100922131684e-01,2.002046168970268158e-01,6.546180021605637611e-01,5.281260581572505552e-01,2.956899875047849791e-01,2.630808309807238232e-01,1.744730740447637818e-01,4.615218164329384920e-02,-9.525984270960131950e-02,-1.658913936117127619e-01,-1.030823119914072022e-01,-1.202683836572093906e-01,1.375143937354760815e-01,4.657791386152056873e-02,-1.180823654571374615e-01,3.876258122323060495e-02,-2.217584060025777626e-02,2.623775548899788188e-02,2.765292264899054872e-02,1.785388415532057627e-01,-1.290247379374395709e-01,-2.622557773628346744e-01,-2.674891889238486531e-01,-4.219715076986675917e-01,-1.296283606149404577e-01,-1.523745624436645685e-01,8.722995792753476807e-02,-2.943174852687803211e-01,1.734872656693372817e-01,-4.624741434425758829e-02,-2.283088069173556944e-01,-4.644687495756968931e-02,4.584901813756655370e-02,5.055782254486080457e-02,-7.944119802393836624e-03,-4.495978443399856889e-02,1.352470907084559193e-01,2.380690887688701254e-02,6.598188405195036521e-02,8.584996695393391775e-02,-2.457116430945993982e-02,5.680583401718821562e-02,2.531611933723455082e-02,8.501127246658303840e-03,1.831873279937085985e-01,3.021216704787630380e-01,-2.040191248864035856e-01,-1.148444125283577533e-01,1.906946293300108147e-02,2.613986037925497205e-02,2.102511691418724460e-01,-9.040151870971586956e-02,1.260564848873636790e-01,4.024609591570724176e-02,-5.377615518388379617e-02,-6.564021697330163496e-02,-3.446027650058703512e-02,-1.674267034339508853e-01,-9.582440728826920918e-04,-1.364425763904041911e-01,6.788471437535577302e-02,-9.256068182858799565e-02,3.616758803922580368e-02,7.672892400927814119e-03,-5.689266926961869357e-03,3.374518590449986782e-02,-1.490480795619829324e-01,-2.338657200251572921e-01,-2.339051473213060173e-01,-2.167293726198031845e-01,4.755935685674039792e-02,2.286848523692454685e-02,2.176460051021492093e-01,-1.450273834413564056e-01,3.249007201487593144e-01,6.284582565457755288e-02,1.846161209351654675e-01,-2.240207321174038715e-02,-1.535179128709155717e-02,2.758858295750069717e-02,-8.122578601914527685e-02,-1.432578769873802671e-01,-8.978110914537518195e-02,-1.610636794221649015e-01,9.518570038647430898e-02,-9.686967727622994295e-02,-1.444308621298548700e-01,-1.194210551337875764e-01
2.009718036618067527e-01,2.244236985134959728e-01,6.067393350015265474e-01,4.663790834782164940e-01,1.533712669787063165e-01,4.507721789003652502e-01,0.000000000000000000e+00,5.968321456750457221e-01,3.888703783960219540e-01,3.754090900034128264e-01,2.469234897189609423e-01,2.476517597125642289e-01,2.587733223498206447e-01,-8.755631820783626659e-03,3.577993927360524906e-01,2.110933172078507669e-01,5.456004710311815331e-02,9.655952055151950653e-02,3.777622201947472558e-01,2.497099629410442778e-01,1.633218522139907314e-01,5.707168187331007614e-02,4.006289075594419297e-02,2.929746476454100357e-01,-4.265911900483296271e-02,6.343710528207364800e-03,3.372020539817736223e-02,4.117260374251174859e-02,3.330993310108442129e-01,1.736483159735278115e-01,5.513286121545694085e-01,4.524061756098798348e-01,2.489441109970837729e-01,2.409938027704481012e-01,1.137439255845636848e-01,-4.260163178164187020e-02,-1.086693184158190745e-01,-2.835542424844651466e-01,-6.061795546607066237e-02,-2.717477757636296842e-02,-6.084602653112037435e-02,-5.805956326563027625e-02,-9.463356164640090995e-02,2.079189359735007792e-02,1.505886228965118978e-01,9.552265096777853848e-02,1.491465405159929716e-02,-1.133129172501818743e-01,5.867756814354630618e-03,-1.848111033223641675e-01,-2.493787228514710297e-01,-3.106698457344888586e-01,-3.778234301788105376e-01,-4.248644898676554593e-01,-7.640835153262381940e-02,-2.326798084976345604e-01,2.086313775063599052e-01,1.784303060174276534e-01,-1.068729779834827823e-02,7.495657674735381470e-02,3.098367674377007219e-01,1.689044803042041853e-01,2.259980215990410046e-01,1.652703507771799141e-01,2.127976500731449394e-01,-4.742557700681043070e-02,2.513659821551191831e-01,2.546602239626068465e-01,-5.574304133484551949e-02,3.212540455556574248e-02,-3.392959293660833403e-02,3.358782413941666656e-01,2.591647804758228091e-01,1.524953626575711041e-01,2.120066825196527116e-01,1.774017791891360774e-01,-2.290139832127093683e-02,2.975714788711147571e-02,-2.030204518409022343e-02,8.701654020059297612e-02,1.243289475054817168e-03,-1.235438187039940017e-01,4.334527172381968246e-02,1.460715246391212363e-01,-1.530983426808389947e-01,-2.043987036756908515e-01,1.273617941649022624e-02,-8.819428099948199706e-02,-1.076415716695132418e-01,-1.673203477532468619e-01,-1.000802614423755565e-01,-1.547597544539545955e-01,-1.657736255036383888e-01,-8.761956909286486295e-02,6.561089926518194615e-02,1.485972184226963186e-02,-1.021076781697785180e-01,7.157636889608810782e-02,1.475043953542143176e-02,6.831982246897792821e-02,3.041730300941123954e-01,-8.978938003516366562e-02,3.288028707610960444e-01,2.142198950173277994e-01,8.973341686890529134e-02,-6.187896141164310471e-02,1.027191941783796580e-01,1.569887787683968972e-01,6.502292080681101871e-02,9.786992067856892241e-02,-8.311118968539253637e-02,-5.822388782721874684e-02,4.609568778224142765e-02,-7.210445047187803713e-02,-4.228189827968088510e-01,-1.382623898183706068e-01
1.505979735962019173e-01,1.305208290612041855e-01,4.092989627619977311e-01,6.585402002149403078e-01,-3.274734289244275731e-02,5.133152101580885640e-01,5.968321456750457221e-01,0.000000000000000000e+00,3.470332387850552647e-01,4.973088698342177372e-01,-6.322894384040939064e-02,2.066691892446047840e-01,2.193836473969710266e-01,3.765039020037366790e-01,2.288327841116137226e-02,2.473626061691438227e-01,-7.880253240212879359e-03,-7.717403527886712578e-02,2.520408080049834076e-01,1.540043309274818084e-01,-2.187283347056192540e-01,-2.066803845075141643e-01,3.112795634974002135e-01,4.312205802394189491e-01,-7.189647162820921034e-02,2.330622645902475087e-01,-2.783791721210851500e-01,-6.197772929632754113e-02,1.039644357644851913e-01,5.071131066141446042e-03,4.055333626241434120e-01,4.566990744752560394e-01,6.347555430969194744e-03,-1.380638089968174234e-02,6.753126746533634484e-02,3.312380408530969655e-03,-9.364714893295116027e-02,-2.032027149680045996e-01,-2.186413636069288180e-01,-1.118169973060485350e-01,-5.439099818718706736e-02,-5.793145430491086767e-02,-2.423862714191548917e-01,-7.721673120411695623e-02,-3.696873907788179869e-02,-1.363053458990983596e-02,-9.408291384276562530e-02,-1.962451730395129434e-01,-3.028203495656644345e-03,-7.526606157369543360e-02,-1.318282471937348987e-01,-8.695034960826049375e-02,-2.168198269701700209e-01,-3.702189549912395239e-01,-5.789211545852210317e-02,-3.116659609709641066e-01,1.593231526939976883e-02,8.260400143970875186e-02,-4.083810870752254546e-02,1.633104717724146171e-01,9.836966104773267605e-02,3.233489893929127335e-01,-1.481105263883066570e-01,-9.978048171999245874e-02,2.333066100416010258e-01,3.123474005705180745e-01,-1.170633492388938185e-01,-1.413079193505045392e-02,-1.129237518279500585e-01,6.234953829133975389e-02,-1.941194035934654810e-04,1.986491577704686817e-01,3.133012145836593931e-01,2.999507900247962433e-01,-5.140172828899765983e-02,8.318082220111415459e-02,-9.019362560867957498e-03,-4.307074977463112159e-02,-5.414639852303196332e-02,8.149815787912008391e-02,-1.984123097411985004e-01,7.608854556221562870e-02,-2.165947631186252720e-01,-1.510902816665633634e-02,-1.712987606452803790e-01,1.294048475503491169e-01,-1.730411531883882525e-01,-2.529155938056134589e-01,-2.261634200155046848e-01,-1.151687523052698087e-01,1.010485751891597797e-02,-1.308189821631142447e-01,1.115932014845014419e-01,5.267095838734797003e-02,-1.360652811043794874e-01,-1.952591587624410430e-01,-2.833180141587753886e-01,-9.959025846422923933e-02,3.890038980353695275e-02,9.463873617079612485e-03,1.578473582349147197e-01,-2.040600707821799975e-01,1.432736738417129119e-01,-4.156070044222805876e-02,5.196931820998046403e-02,-3.144048068277977004e-02,1.698133946940250383e-01,3.581513783914179461e-02,-1.292868625381274339e-02,-5.280709599314261510e-02,-9.310610179772703388e-02,-6.597571373535868026e-03,5.282113432197707570e-02,-1.265662189164977192e-01,-2.108573324904189084e-01,-1.573599918415460042e-01
4.618121818013498636e-02,1.773661709942241788e-02,3.210227171947639402e-01,2.502611521724978361e-01,2.418444048727761697e-01,5.112275775391712518e-01,3.888703783960219540e-01,3.470332387850552647e-01,0.000000000000000000e+00,5.943350267592717451e-01,7.955574157281473935e-02,-6.313263078155277597e-02,-4.480737257381047639e-02,2.173847387365787087e-01,2.983868635036893702e-01,4.095525619272888940e-01,-7.168453854411387105e-02,-1.025175673215844158e-01,9.137875985264862222e-02,6.895368654204866998e-02,1.488505998925419294e-01,1.522748256091699115e-01,-1.703419493942361362e-01,1.919151430789452495e-01,-6.835195814002324732e-02,6.101688800410872554e-02,1.441436562860796411e-01,1.725177831093643588e-01,1.568565179377209573e-01,4.821842485003036832e-02,2.715194394168061187e-01,1.339859656562057411e-01,-2.600893549379389436e-01,-2.613339204984772013e-01,-4.989990917793205027e-02,-1.462872132921009816e-01,-1.321223903878433747e-01,-3.140701986916475397e-01,-2.526219846814007838e-02,1.018361238229367888e-01,1.364098404209350135e-01,1.863827368728911138e-01,-3.337484135573475230e-01,-2.494351291113599822e-01,-2.486331181782553135e-01,-3.637707724464737669e-01,-8.023300938919603054e-02,-1.987292104944332893e-01,-2.311926688277783984e-02,-1.426926205811938353e-01,-1.650660822534726416e-02,-2.973226679201490530e-01,8.442437868955404712e-03,-3.720309021867697630e-01,3.013572098235324861e-02,-2.140989836888635978e-01,5.953644885065829256e-02,-9.505765833330330483e-02,4.069220755895840841e-02,7.314187953473402781e-02,2.409451638374728588e-01,5.974087896161732469e-02,1.594127553453517920e-01,-2.577823819290257501e-01,-5.510735422981223076e-03,-5.307069921616629216e-02,-1.821738355091883366e-01,-2.275851593074731671e-01,-1.090914816470882516e-02,5.130494653208054340e-02,-1.752267136424897048e-03,3.733358303161057878e-02,7.373528911999968453e-03,-7.069545496000117710e-03,-1.549740813307684817e-01,-1.085930179671711765e-01,2.151214955339736945e-01,1.106633985823767125e-01,1.365723578356816681e-01,-2.231314357988550823e-02,-4.838778794892298341e-02,-2.218692694506106955e-01,-2.217389644532075932e-01,1.084967238158377340e-01,-2.651538364112547286e-01,-2.579330881188120483e-01,-1.735587863083207227e-01,1.122829880077577669e-01,1.449452543473867816e-01,-2.426023633046061334e-01,1.770379877750016262e-01,1.172872952374828803e-01,2.314813210012020284e-01,2.578495062653114456e-01,3.297813070129238522e-01,1.495920441079338914e-01,1.102391499912096368e-01,6.201157283741730308e-02,5.912346926438257627e-02,1.337131741038444510e-01,2.351845290394692922e-01,2.816261158012258181e-01,4.123816101130887146e-01,2.263885810451554126e-01,2.150625249055052313e-01,-2.379147766679669609e-02,1.592908743416653616e-01,1.687486330531136336e-01,3.376200192363846275e-01,2.457974916529155340e-01,-9.635372596656140154e-02,7.538743403634248774e-02,1.803566426582072502e-01,3.300691742699549125e-03,-1.350779428683929750e-01,-5.831492748281615068e-02
2.010707518253405657e-01,1.476224035057395745e-01,3.591982213666682355e-01,4.207491678967071880e-01,1.821012851451805220e-02,6.588027039563534304e-01,3.754090900034128264e-01,4.973088698342177372e-01,5.943350267592717451e-01,0.000000000000000000e+00,2.583149856696353303e-02,2.149472786769311972e-01,2.218218472075507985e-01,3.928239731488011310e-01,3.005654546771792668e-01,5.711434798301469051e-01,4.975225840760186952e-03,-1.839162094090946165e-01,-1.686510930346369064e-01,2.796636974742291309e-02,1.883039111954702138e-01,1.708632864038135690e-01,-1.184757842430744917e-01,3.067163012231880481e-01,6.092538788960888407e-02,2.863229414765900982e-01,6.672800126817401978e-02,2.012462462638210658e-01,4.056186865670106112e-01,1.926526959372854009e-01,4.733154946765211202e-01,2.827999899380752025e-01,-5.114345397799549553e-02,4.650929708395764445e-02,-9.229954762760660125e-02,-1.318254162790419570e-01,1.619151611867207241e-01,8.413360886746257261e-02,-4.703761789514118025e-02,2.729652773388476783e-01,3.625202089806668915e-01,2.771826911571466656e-01,-3.017511269774798000e-01,-1.705475449781302388e-01,1.363926244532776555e-01,9.606170660120991189e-02,1.025020005855408790e-02,-1.407279271106023355e-01,2.057404717988563780e-01,3.924566450359352754e-02,3.969661281561347177e-02,-9.347812080036310700e-02,-1.589472385496269735e-01,-3.151162289956990215e-01,-7.277165126718404368e-03,-2.724925774142815671e-01,1.732683544783256147e-01,1.242935573961816004e-01,1.837275341098039069e-02,2.256053461314961039e-01,2.351774862617546924e-01,2.536792588684556038e-01,-9.787306481666159519e-02,-2.824443480227479819e-01,1.373909670672315009e-01,4.729921925276374395e-02,-1.660637773531430453e-02,8.778651432117078046e-02,-1.044543949954966355e-01,1.208069300222677361e-01,8.535926131301735387e-02,1.540264698463975901e-01,2.114623521005539186e-01,1.100840504205116976e-01,-2.283272295070148394e-01,-1.533464218301998083e-01,-2.766629255379124408e-01,-2.225678428685346766e-01,-5.880587308593769602e-02,-1.164445060307146701e-01,-2.296734029283221401e-01,1.852500909621102032e-02,-2.991705042120135910e-02,2.976768139413025205e-01,-2.189353169556507994e-01,1.066520745200933429e-01,-2.324709010661558592e-02,1.891408808032030708e-01,-4.238636654698998280e-02,1.031187050252371958e-02,-2.361177620391919363e-01,-2.462245951735294869e-01,-1.601762510931893924e-01,-4.323225783445558412e-02,-1.763206978047331952e-01,-1.132556845021331637e-01,-3.608631487407531480e-01,-2.649787407957970853e-01,-1.834966957590483949e-01,-1.618240760897954045e-01,1.165422417622585805e-01,1.309407726059389453e-02,2.781114532281035445e-01,1.120533933720131298e-01,1.131548787881777873e-01,-7.390373439622704987e-02,-1.599825674531569208e-01,-1.432074685660766032e-02,-1.824764845822203774e-01,-2.144053574340483992e-01,-3.896476659191193126e-01,-3.611911713680452940e-01,-2.977341479961461701e-01,-2.415704574947300787e-01,-2.683955876497394755e-01,-8.492496900012638794e-02
5.087190239182582951e-01,2.999416644891066963e-01,4.417254295971299177e-02,-3.786538649305323800e-02,2.325508697127144919e-01,-1.855511724952207953e-02,2.469234897189609423e-01,-6.322894384040939064e-02,7.955574157281473935e-02,2.583149856696353303e-02,0.000000000000000000e+00,5.867423167647349835e-01,1.613506640242730883e-01,-1.392334298774702550e-01,3.094795884189101010e-01,-4.933112239327669402e-02,4.695100424030393960e-01,5.843169917640087530e-01,2.010195278014900444e-01,2.759854763056903693e-01,8.432399015795644104e-02,8.236194098373221528e-02,-2.123728283576587217e-01,-5.298859695020152749e-02,1.424951847372459279e-01,1.034738849346935885e-01,2.822328105656630726e-01,9.827662432464581710e-02,4.657841443142813898e-01,2.426702378837367613e-01,9.266313639854546758e-02,-1.519050535183178244e-02,6.305567301164090310e-02,1.900860143383391598e-01,-1.177961369885230092e-01,-2.677842413492190557e-02,-9.604023416381071709e-02,-1.760784515361579761e-01,6.223949258636735093e-02,4.028515528495486137e-02,1.382672574920883191e-01,-3.225659537286538342e-02,-1.277883346552970423e-01,-2.036492782418714842e-01,-8.089339776068342480e-02,-8.356946795999085909e-02,3.953385439624215042e-02,-6.746323571993047361e-04,-3.034725825467850051e-04,-6.264545008814187410e-02,-1.721078967873956866e-01,-1.824320770629505040e-01,-3.209125529681794986e-01,-2.315525827964160475e-03,-1.257464707341376664e-01,2.409543351279360909e-02,4.124033774291188115e-01,3.167293544880228073e-01,-5.332946067888442304e-02,3.121895452287447650e-02,-4.709028343696351065e-02,-1.503524553555238563e-01,4.233561522662699361e-01,4.111824905276169062e-01,-3.318435777054600244e-01,-3.830966203500157929e-01,1.643824652338817527e-01,1.738497200504602047e-01,2.284757451074492240e-01,1.378656002271832492e-01,2.328238681832345003e-01,2.399124018999106434e-01,3.007797711153822329e-01,1.577692841342149821e-01,1.105132121665440420e-01,2.578217524102363600e-01,-5.735504329251467359e-02,2.186020605325041111e-02,8.272090048239984228e-02,2.300720820452131499e-01,3.099699051957379714e-01,2.249616698786165159e-01,2.450390723062665088e-01,2.743011254196910387e-01,-1.228476289386947751e-01,-1.952973727403707338e-01,5.549564103175178009e-02,-6.028355245724024286e-02,-8.815846237436425481e-02,1.564728187794247050e-01,-2.310570148875641106e-01,-1.043282303126992633e-01,-3.292761686937700216e-01,-2.313605143658049035e-01,3.708591121187391759e-01,3.188578894526624685e-01,3.066654049172116703e-01,9.837657266463220584e-02,2.983025013964896166e-02,3.603796048592972090e-02,2.310741395734734471e-01,1.068685870013540151e-01,1.695895429476266258e-01,2.621056263460611047e-01,2.801403854652758860e-02,5.339928175918247366e-02,7.033254234780894620e-02,1.700953270048483068e-01,-4.997014339362538388e-02,2.302043352716693081e-01,-5.152825767569295390e-02,8.601419390950280908e-02,-1.679940204573129869e-01,4.712712779727296075e-02,-1.003056856983623180e-01,1.753681973997985033e-01
6.079485391444308107e-01,3.720275566894992725e-01,1.884366722941881456e-01,2.867347512739475968e-01,2.535955128721525953e-01,1.562843360714382956e-01,2.476517597125642289e-01,2.066691892446047840e-01,-6.313263078155277597e-02,2.149472786769311972e-01,5.867423167647349835e-01,0.000000000000000000e+00,1.002483621696431543e-01,-7.865292072611898555e-02,4.441037091547169746e-01,1.486195289305815848e-01,3.322773476317295582e-01,4.026559550926462894e-01,2.156057032979427635e-01,4.546513923725206685e-01,6.758547949852147796e-02,7.753799176793800541e-02,-2.154213142263354253e-01,6.933241316276345101e-02,3.495738140464670907e-01,3.181606361243202175e-01,3.592989146767845421e-01,3.805765479502888904e-01,4.732748650166393456e-01,2.210350640941313172e-01,1.021045647499669168e-01,-1.267587719431097909e-02,1.238893069179981266e-01,2.519323169931105832e-01,-2.259115951640048303e-01,-3.840077521624327139e-02,1.410994198895933194e-01,3.671274741219265197e-02,2.459624274917021070e-01,2.718699205748061898e-01,2.138273091753353783e-01,4.532762080613580991e-02,-2.923262510179436835e-01,-2.850999504021346498e-01,-5.525881074290007328e-02,9.745626424954542677e-02,2.639712733975345740e-02,-4.964860868591682713e-02,1.145744297052926283e-02,-2.084700722268786888e-02,-2.159647703715109335e-01,-6.446124274953896061e-02,-3.425481232073954163e-01,1.112402679542951606e-02,1.558826807387983515e-01,1.112188885607146988e-01,2.984533712416391760e-01,3.676437535979998894e-01,-1.606204492241614656e-01,2.941851984112531793e-01,-1.490620726197063040e-01,1.590080537487004453e-01,5.582556712226581508e-02,3.880502723099508167e-01,-3.360224794518376634e-01,-2.634725465064520211e-01,2.914405604680419537e-01,3.656436809838065072e-01,1.540207822355889322e-01,-1.542320940799714150e-02,1.843332706818973377e-01,2.164370396798064589e-01,4.595608605541023906e-01,2.117410878030385746e-01,1.025578903753589233e-01,2.911318346597612239e-01,-2.655331929304416971e-01,-1.602939037671721467e-01,8.983478457767971048e-02,2.005900345136358842e-01,2.231466281484087433e-01,4.276812327137768932e-01,5.495855418585041674e-01,4.039996660076004553e-01,1.630191382988672444e-01,2.118982413251258023e-01,3.749873070693121035e-01,6.004687958023149225e-02,-9.881187824934774266e-02,4.665428234104864735e-01,-4.421306959455337249e-01,-4.103341161951898353e-01,-5.390825480392038571e-01,-5.301546020995115960e-01,9.802679515099656238e-02,1.459414978012044117e-01,8.741389674259395295e-03,2.419878779331745625e-02,6.261957547295066151e-02,8.196687227571365641e-03,3.918441760801761875e-01,-9.318622557936805106e-02,1.981468939600048995e-01,3.292382636656842609e-01,-1.077256554339915545e-01,1.588762388645382356e-02,-2.431211204868285736e-01,2.108634490853924792e-01,-1.409459811813503494e-01,1.988558715866027560e-02,1.021009931156112091e-02,-2.668697409329094383e-01,-3.065495641833340112e-01,6.092332050630588219e-02,-3.532164373003451319e-01,-2.066974008676373056e-02
1.912905320457172209e-01,9.782003532226155040e-02,2.933270514252795946e-01,2.971399485054400103e-01,-1.722559804633042512e-03,1.189041092352983581e-01,2.587733223498206447e-01,2.193836473969710266e-01,-4.480737257381047639e-02,2.218218472075507985e-01,1.613506640242730883e-01,1.002483621696431543e-01,0.000000000000000000e+00,4.917601933041083617e-01,2.886123293654590527e-01,1.843845148981798909e-01,-7.106765635914595591e-02,-1.513131397185841776e-01,2.345266417378301105e-01,1.147609424167513326e-01,-2.599044573600449090e-02,-1.520577847148660289e-01,5.280817606652800089e-01,5.340266831971629546e-01,9.251083980109808813e-02,1.544715288244856155e-01,-1.109676301553029765e-01,-1.377916121106937675e-01,1.292710092363349716e-01,5.848448479262199212e-02,2.233920515993587375e-01,4.008270334838991977e-01,2.116792912114394132e-01,2.267801504680788671e-01,4.117114893803388020e-01,2.974907886450689487e-01,6.345189704314102563e-02,-1.160510461025276441e-01,-1.194953981324733683e-01,-5.815374724334270579e-02,4.268345739812184902e-02,-6.280592445517504951e-02,-1.887210744275795160e-01,-1.303003645775830388e-01,1.199512745684801901e-01,4.801950417053799797e-02,-1.917543064558286936e-01,-3.564366706634802262e-01,-9.244735312720846199e-02,-3.918526243622415944e-02,-1.861220792747131925e-01,-7.842200778089218616e-02,-3.980687647786619876e-01,-4.585275712417095639e-01,-5.506853595303444482e-02,-3.661228148012007910e-01,2.376607736107619329e-02,3.714316637962163190e-03,-1.456930463939444531e-01,-1.325103025661955314e-01,-6.584610426242153841e-03,-1.004725141650766457e-01,-1.786111405442630806e-01,-3.089782439530091573e-01,5.068664688498882853e-01,3.735242527369699306e-01,-9.042948030532216297e-02,-6.072210843342062958e-02,-7.114858999643298987e-02,-1.101410449008681652e-01,6.722285469179219153e-02,2.941912646536247178e-01,2.975879240674525472e-01,1.570998788654461575e-01,1.176058695685969734e-02,1.477464070724098487e-02,-1.082134439998491127e-01,5.324325099694598475e-03,-9.999799002082547864e-03,-3.101581657416644863e-02,-1.438757512619630585e-01,2.376738536368534424e-02,1.144974147972139950e-01,2.050548191928159847e-01,3.093038183002757013e-01,9.761807124702347183e-02,2.300422206407276571e-02,2.825327802434607696e-02,-2.007225302616892360e-01,-3.505913246299520725e-01,-1.512574287356975855e-01,-3.601369457577318633e-01,-1.529185982885121198e-01,-1.286980064271983359e-01,-1.858513928794239822e-01,-7.271796470746721974e-02,-2.231263719398248746e-01,-1.121544523179068137e-01,-2.381429135837740685e-01,-3.255488023698367983e-01,-1.995696948926837799e-01,-3.735228963229281218e-01,-1.308585497950333354e-01,-2.503063553386345452e-01,-1.881195298739864463e-01,-2.294495810779325073e-01,-2.964431086960524903e-02,-1.722219035731851755e-01,-1.939492418489171047e-02,-1.126815677890613127e-01,-5.054621766646989062e-02,-1.283402862855227144e-01,-3.855573033022363094e-01,-2.431649085747264183e-01,4.647366484092525785e-02,-2.391278810541316024e-01
