0.000000000000000000e+00,6.702668958952731071e-01,4.322096467445575296e-01,3.768063060321239499e-01,-3.030024587573580952e-01,-6.718779100977114067e-03,2.527680886230537216e-01,2.720141049966979807e-01,-5.981734396074574189e-02,5.395935142287747871e-02,2.365376350280702922e-01,8.406579459702899493e-02,2.052319025768406524e-01,-2.707455328205564046e-02,3.640847408233481852e-01,6.596524259639643950e-02,7.941855476798705127e-02,1.714467972051180178e-01,6.624725710502783471e-01,6.357408400338858678e-01,3.653278118917158146e-02,-1.038307740172168120e-01,2.132680162162716997e-01,2.538056488714934278e-01,-1.706454089581498634e-01,-2.399381679049605309e-01,1.132172169322194638e-01,3.751607838263602834e-02,7.162920214907396443e-02,-1.094717445119739313e-01,8.704946381471338757e-02,2.940231879072851551e-01,-9.227502984155702692e-02,1.174268571085044371e-01,7.878949860309573949e-02,-2.463175462764147228e-01,1.952150936938984449e-02,-9.972167358527207759e-02,-7.260906280626024112e-02,-4.454120903151831401e-01,1.098562791096140412e-01,1.825775600548927846e-01,-6.146444030357155475e-01,-4.481225509764583115e-01,-5.047992863692418730e-01,-5.253743859270321170e-01,-4.526957047313618920e-01,-4.696267180734331470e-01,-5.421473156454185149e-01,-5.011531752999214273e-01,-3.042456266121135178e-01,-3.255297454978449134e-01,-8.145754026851954877e-02,-2.684161839769444446e-01,-4.828692654557839026e-01,-4.381559390903169704e-01,7.000213425672383583e-01,5.197770665238767851e-01,1.582365500288884785e-01,1.459831660494516521e-02,2.916180322947073966e-01,3.032342893249892479e-01,2.788172384140880089e-01,-9.061911549437418056e-02,2.869643054780146585e-01,3.582619966820516644e-01,1.211238249238902609e-01,1.145284885178969453e-01,5.594137172646127532e-01,5.057010576328895279e-01,3.159968105754061840e-01,1.893175434827723269e-01,2.735455527150283395e-01,9.542798953381861904e-02,-1.360336960685024632e-01,4.367218521085270561e-02,1.027836730444245811e-01,3.380762847652517451e-03,-2.286605681407721195e-03,-1.204754931295443261e-02,9.169516710100704751e-03,-2.137535845171350535e-01,-1.031299261851433696e-01,-3.096371808550653082e-01,1.782452908076198883e-01,-1.364407867114664219e-01,2.824682242263168441e-02,-1.056404195459395845e-01,-1.077431366407837349e-01,-2.059677804876916818e-01,-1.888072145138969815e-01,-1.324197442194831598e-01,-4.409346890165417032e-01,-1.558876056354552841e-01,-3.689719471523046357e-01,-3.823530181583061349e-01,-3.932727179105409698e-01,-4.170143621458299310e-01,-2.602817711434541326e-01,-8.432919132893583469e-02,-5.217126884121273678e-01,-2.152738187666109193e-01,-1.423627660133798822e-01,4.594820294248971870e-02,-3.166679746078315261e-01,2.177360770835453166e-02,-1.076869137190346604e-01,-4.553809548182869565e-02,-2.371086926265798533e-01,-4.603942063661128903e-01,-4.388135137439282962e-01,-9.199145613073053673e-02,-1.081551355406888265e-01,-2.885797721243183456e-01,-2.437740421002097257e-01,-1.071332508093024577e-01
6.702668958952731071e-01,0.000000000000000000e+00,-8.521585156265112926e-02,3.787842710026454590e-02,-2.417575035298578090e-01,-1.582054964131380526e-01,-2.836920021264682790e-01,-1.011758096099143467e-01,-2.076530867813983772e-01,5.757328504939299846e-02,-2.714808478449574070e-01,-1.086352798267608277e-01,-1.469152189682700893e-01,-1.044612732450898307e-01,1.018695547486884456e-01,5.486945778569520676e-02,4.907036165299427655e-01,5.313201695068267005e-01,4.973561005260515588e-01,7.760112204562844562e-01,-1.588882953906390616e-01,-6.521279726253020881e-02,-1.998535801816499757e-01,-6.835909237037766928e-02,-2.808817485596715180e-01,-3.980688148607310350e-01,1.723629276609403918e-02,-7.123575718291288994e-02,1.876348900569281553e-01,9.975868348992003587e-02,-3.443116423393445258e-01,-1.480659094967209377e-01,-2.747326845359450154e-01,-1.475583619513916867e-01,-3.758888688699071334e-01,-4.511245599046756483e-01,2.273406649013653968e-01,1.503963688859503434e-01,-2.335044499556936451e-02,-4.080811097040584756e-02,1.016396665089702445e-01,1.113315739066729482e-01,-2.965006370329183460e-01,-9.175148816928237194e-02,-2.833666155532307829e-01,-1.468099212723716074e-01,-1.025074398660358321e-01,5.924923482482439413e-02,-1.454298244482817581e-01,-1.516329671804418459e-02,6.852286335337601231e-02,9.388272530985994346e-02,-1.978571594493190935e-02,8.798282414431290999e-02,-2.706588707126380555e-01,-5.821315614872066974e-02,8.854610427692717334e-01,7.493910732291197974e-01,-1.451643811253979510e-01,-7.196251570899618588e-02,-2.212639434319875198e-01,1.039716904931779241e-02,-6.657891334620659463e-02,-3.198186940101446774e-02,-1.987230035724188715e-01,2.389420867236276974e-02,-3.029121952976912557e-01,-1.644283058523994534e-01,8.074264017548238304e-01,7.984667754734524614e-01,-9.010434693901564138e-03,-1.366212622331369753e-01,2.574616935299101073e-01,2.126889765209332706e-01,-1.037987814928776481e-01,-1.060504210910039047e-01,9.396748562775825153e-02,5.983694384958407331e-02,2.355163617154228672e-01,3.368379024157496793e-01,6.914463745808244188e-02,3.014083649726406397e-02,8.059541329491949624e-02,7.401312913371918545e-02,-2.200871894907491522e-01,-5.790610757860171348e-02,7.182384933493317358e-02,-9.508393682320270823e-02,-3.081742689302001126e-01,4.154308959551226976e-02,-4.924447289502074665e-01,-3.613964329653504004e-01,-4.715731373365095180e-01,-3.562051513131057612e-01,-2.854508077227479457e-01,-4.823440174084054483e-02,-2.687984803428448144e-01,-3.000785895859613417e-01,-4.756422194065941800e-01,-4.971143271642203265e-01,-3.119827001592418436e-01,-3.122741777098997362e-01,-1.253492043848948856e-01,-1.156752646570028548e-01,-1.547953776710629947e-01,-4.641512620870393013e-02,-7.297241162712149454e-02,-1.455602117792515436e-02,-6.804524765568199796e-02,-3.181198953857129474e-01,-5.045089565019857947e-01,-3.172970874600365976e-01,-4.830399617344645624e-01,-2.575921299779545537e-01,-1.359404942555421658e-01,3.322195252267953064e-02
4.322096467445575296e-01,-8.521585156265112926e-02,0.000000000000000000e+00,6.636546112959643695e-01,1.656513681913170458e-02,1.734042445078552708e-01,7.487996926081409432e-01,5.274165211571477663e-01,2.221470075155706214e-01,1.172774595398476394e-01,4.238558301426542108e-01,5.534406700472344065e-02,3.140449936854516899e-01,7.888980866783992796e-02,2.939532039010785969e-01,-1.388347489773961996e-01,-5.252585032968072332e-01,-4.195170200164614061e-01,2.820887839483889326e-01,1.097980263332903467e-01,1.899981314818731393e-01,-3.521198933875659826e-02,6.763141183754228791e-01,5.674085163739600590e-01,5.274714733566479574e-02,4.949916306072896233e-02,2.510504892757515205e-01,2.685390257704899919e-01,-2.685513768687002867e-01,-2.672424033485767403e-01,3.490654990127381452e-01,4.873518975614942739e-01,7.682177285244796983e-02,2.787044719936607184e-01,5.878630586451480955e-01,3.475934753942505062e-01,-1.042368432423480540e-01,-9.413584595287184664e-02,1.896351334980318770e-01,-2.329444133683739870e-01,8.032994848941753252e-02,-1.882372739525818295e-01,-4.574187654518086510e-01,-4.992976225298785820e-01,-2.673901735403871327e-01,-5.588573878587452803e-01,-6.068064755588288284e-01,-6.737655233516757214e-01,-6.009063453783670683e-01,-6.958304036924338742e-01,-6.746968492239935333e-01,-6.713213742016428398e-01,-2.853711421278283256e-01,-6.513191053916729256e-01,-4.857543767833426562e-01,-5.998377122305235121e-01,-1.238057333828918305e-01,-1.347145655410596776e-01,1.648095136354096185e-02,-9.433971415301982411e-02,3.556897358084871730e-01,4.530179260785098805e-01,-3.492811563864959418e-02,-4.296993356975368772e-01,7.307712539744972702e-01,5.992084791860697868e-01,4.855182814731366370e-01,2.474068307340552830e-01,3.924855125517828086e-02,1.359425067380801710e-01,4.529799150317139755e-01,3.318180614655825700e-01,-6.434588031871881636e-03,-1.368760575646729982e-01,-1.650875442486179553e-02,-1.067494277922915596e-01,8.758672676307931171e-02,-1.501395295174518529e-01,-2.733166135880255032e-01,-3.812112088070684912e-01,-3.075792845213974891e-01,-4.706011583707213619e-01,-1.837586324324158304e-01,-3.993969848839638570e-01,3.596809610486673137e-01,-2.727239769544846371e-01,4.018310915128197464e-02,-6.819781645481322319e-02,3.483153958782747583e-01,-4.913942471085731567e-01,3.565930479557536392e-01,3.845793725927281748e-01,1.890520987910841721e-01,4.300827316957500090e-01,-5.387340445126617000e-02,-1.764401063712422169e-01,-1.714674885733247500e-01,-1.695979960533681719e-01,3.350560889665235020e-01,4.067374414521989223e-01,-2.508303506937169525e-01,-2.125420542579897418e-02,5.505511526816098122e-02,-1.318750855373915509e-01,-9.475194116146290479e-02,1.325751563575724712e-01,-1.249929422802431161e-01,-6.065819916897613462e-02,-1.471542681914989326e-01,-1.212171294812091904e-01,-3.296534371838932831e-02,3.541795364787208023e-01,1.634223736253779535e-01,-9.022790968309378490e-02,1.676903088529086705e-01,-2.084762337847532662e-02
3.768063060321239499e-01,3.787842710026454590e-02,6.636546112959643695e-01,0.000000000000000000e+00,5.561691037136753946e-02,4.483027855009659723e-01,4.300437538589571562e-01,6.552431571034069702e-01,2.198207423898102808e-01,2.999952852282327109e-01,-9.885444572764558180e-03,1.679102408890579840e-03,-1.999759560644990553e-01,-9.429329035123529268e-02,1.100832971364732599e-01,2.109760958612482973e-01,-3.772967340470148589e-01,-2.422308201450150134e-01,1.571614105888697599e-01,1.184299704726573532e-01,-5.050736894356926826e-02,9.783716192631703584e-03,4.591107143902837251e-01,6.817619780710986177e-01,1.063210976731350371e-01,2.979862079977520228e-02,1.466835761403380844e-01,1.551235248618770268e-01,-3.067488985455226191e-01,-1.680933576327345580e-01,3.326486746231266944e-01,5.054319929517646637e-01,1.157885002755026788e-01,3.375861315700908194e-01,4.732505022995950328e-01,3.373971841630122315e-01,-9.827461539946341640e-02,-1.790851980732568668e-02,1.421758819911158878e-01,-2.042410286580690071e-01,3.529872401987870639e-02,-1.917180386022849237e-01,-3.266416389179986335e-01,-3.973784019681401714e-01,-2.210132279686012613e-01,-4.728208252957559199e-01,-5.087817810374724026e-01,-5.575362416731801662e-01,-5.320404300266108333e-01,-6.169811964530727000e-01,-6.116228173727298323e-01,-5.589623099838398890e-01,-3.118208825691893837e-01,-5.102869197859731809e-01,-5.215435721276443504e-01,-5.148318115180827714e-01,-2.688832253400137012e-02,8.662644543061447100e-02,-2.603236229872262775e-01,-2.015640558230459567e-01,7.607216199956780278e-02,5.347674877908999980e-01,-1.006225536392381242e-01,-2.386212150872865922e-01,5.556686695614602156e-01,7.502959994918556585e-01,3.904624823615516771e-01,3.937863191948671182e-01,1.181340822669755403e-01,2.105192160383674294e-01,4.285202493393550638e-01,3.100988869708691809e-01,-8.206059409992952358e-02,-8.056456232449933641e-02,9.800859363432601334e-02,-2.302900456130929085e-01,7.519327021740877803e-02,-6.894439367997455548e-02,-2.525187869807748453e-01,-2.972095468043939870e-01,-4.004991123996776148e-01,-2.626241552437464377e-01,-2.633734219859719117e-01,-2.430809136774912949e-01,2.413665064786832959e-01,1.524834623688590962e-01,-8.217822829059219514e-02,9.628249173723492371e-03,1.503473523413599855e-01,-2.744522791739194556e-01,2.916496022161316204e-01,2.518772937213260010e-01,7.584035340350345211e-02,4.950703331121304035e-02,-9.532247484311687225e-02,-2.820752030295267665e-01,-2.634987447701357399e-01,-2.120688447678794608e-01,1.929083492422150048e-01,2.097142090224303479e-01,-3.482557115343400955e-01,-2.574906713462269958e-01,1.086647295495930254e-01,6.470027658774617219e-02,9.321016136277127107e-02,2.539411707825450226e-01,-2.480623515071155721e-02,1.503276434808003548e-01,1.962765326899319068e-02,-1.573830480808603438e-01,-3.657369452584061792e-02,4.164035835546499587e-01,8.082093912619722764e-02,-1.092688328828109873e-01,8.485413805844095603e-02,1.804086038196642816e-01
-3.030024587573580952e-01,-2.417575035298578090e-01,1.656513681913170458e-02,5.561691037136753946e-02,0.000000000000000000e+00,3.868764355678095956e-01,9.844535431032994111e-02,8.696223566061049917e-03,5.106639917116793104e-01,1.405550079566024735e-01,-1.990454564269314719e-01,-1.379781495645805364e-02,-2.439188504692651749e-01,-1.205232578313877867e-01,1.791593555507290103e-01,2.413310042788658905e-01,-4.982867367554442983e-02,3.819274243730985674e-02,-2.610739615464598429e-01,-1.880163402248085924e-01,1.865370522388928864e-01,1.162720986802977530e-01,8.512336532112167731e-02,5.722672369550989291e-02,3.250101344016062543e-01,3.598332739118801915e-01,7.815410211893843162e-02,1.525206548737567946e-01,-1.045807671872700656e-01,5.055755397029567527e-02,6.944280816104679566e-02,2.099844780162648389e-02,8.888279013859903821e-02,-5.311469350952145035e-02,-2.352279025898761783e-02,-4.261645773711593595e-03,-5.597761066828842863e-02,-5.986370759230536659e-02,4.313031882675112672e-02,6.331901043504811755e-02,8.525147386354826884e-02,5.692769529091590980e-02,-1.266334443716067397e-02,-2.954444509664273105e-02,-3.915421866010922874e-02,-9.684839917381976582e-02,-1.885679451932572304e-01,-2.052766105047683920e-01,-7.985210569412549975e-02,-1.708427869721671488e-01,-1.730098692222224177e-01,-2.644857582754187031e-01,-7.588399057522571267e-02,-8.206942472493145013e-02,1.786515369672252995e-01,-5.396499064809549134e-03,-2.778406484829932244e-01,-1.691635425404181270e-01,-2.028002868677475090e-01,-1.556322588554559516e-01,-1.525101541455049781e-01,-1.927455714731480738e-02,1.632588865629109806e-02,1.465939359644238271e-01,-7.038045349186430877e-02,-4.020370515062095945e-03,1.235380950249474752e-01,1.279905433976110396e-01,-2.003351978810626044e-01,-1.498616689845009009e-01,-2.469608326463034742e-01,-3.483943959057910211e-01,-2.339909572067432608e-01,-1.257218008210486404e-01,2.584748583369654851e-01,-1.171565822611698865e-01,6.814355849575795543e-02,5.060480614794001658e-02,-2.133415670498117409e-02,8.653268914569708925e-02,1.397144486954959020e-01,1.723226461624149108e-01,2.884591135948145757e-01,2.003745334123875066e-01,2.224253545525554099e-01,8.934972431917703739e-02,3.368765552791070372e-01,1.911723684375394305e-01,1.557074709955715286e-01,1.169479346634553496e-01,9.992590829168175939e-03,1.040883627389150301e-01,6.700335605245790090e-03,7.016811317408754023e-02,1.432876886494233726e-01,1.998353755137071419e-01,2.266357297002774829e-01,9.967510687731301333e-02,-7.188042515126602527e-02,2.087364537301299779e-03,-1.520995674804735964e-01,8.578444455518502432e-02,6.816163674328440392e-02,6.768715201366740097e-02,2.946442220465516071e-01,1.382006961147360657e-01,2.425832831240158360e-01,2.612851244352145663e-01,4.424695896780153070e-01,1.201190766369415325e-01,-7.012658370007333886e-02,-4.846321403472549083e-02,-1.339371664433210984e-01,-1.100400245147684641e-01,-8.236755417349801711e-02,2.215060003595337446e-01
-6.718779100977114067e-03,-1.582054964131380526e-01,1.734042445078552708e-01,4.483027855009659723e-01,3.868764355678095956e-01,0.000000000000000000e+00,7.175739326328345324e-02,2.133188783427541757e-01,4.900293099186799339e-01,5.836374326889345321e-01,-1.062167224426088102e-01,5.798096065748887390e-02,-2.402687264857072680e-01,-6.575461637733427678e-02,7.151499866999669330e-02,2.112570395329088357e-01,-2.479589179706549185e-01,-7.625859168822721190e-02,-2.024743582834061251e-01,-1.403601975494918330e-01,-6.187947674551154582e-03,-1.315614716163779896e-01,1.221234592612755604e-02,3.033892664023021268e-01,2.875898257957196780e-01,2.615246233417946042e-01,-1.161268942933899170e-03,3.930694631887976520e-01,-2.196458295050644216e-01,2.345102628691763877e-02,8.921651356775703312e-02,4.965481712169255574e-02,1.216186887325009375e-01,1.701578649239398056e-01,1.675370096876901138e-01,6.852055462511894013e-02,-3.875373040457398277e-01,-3.338597969084383665e-01,1.661912079693439737e-01,-2.579653395528214155e-01,7.822465318033668125e-02,-1.565092371742576038e-01,-2.790941326810889023e-02,-1.677563572958762073e-01,-1.936023410233576048e-01,-2.267124163784356439e-01,-1.686929761192761668e-01,-3.142064335514066498e-01,-2.444545444032701076e-01,-2.655891860546494843e-01,-2.311304010066928816e-01,-3.162602217920420511e-01,-1.368615806019808515e-03,-1.215135862937325173e-01,-1.525993185656074613e-01,-1.727629344096884567e-01,-5.672081840492185917e-02,6.694524578892628586e-02,9.021129105317114705e-02,6.537149461280979124e-02,1.298266720905494886e-01,2.232693596900593158e-01,-1.022708172911714758e-02,1.140440528298772016e-01,1.501815535950643266e-01,1.895871649513504176e-01,2.120612238379313008e-01,1.630884834488665891e-01,-1.347343620427464417e-01,-1.753573704450171744e-01,8.854408990422726888e-02,-3.144722317722573046e-02,-2.632960717849865406e-01,-1.681520399675740518e-01,1.338895255054554090e-01,-3.458280627322098122e-02,-2.596480438992667672e-01,-1.427544467954224017e-01,-2.078261151241225790e-01,-1.698629838923859936e-01,-1.739620610757706409e-01,-9.516846179005769568e-02,-1.669518722257815405e-02,-5.078213111596945745e-02,1.428716522968007385e-01,9.691220712840017959e-02,5.897340059835123882e-02,-1.823605057326602163e-01,4.765628177381683872e-02,-6.990400857300918536e-03,1.260424791693459112e-01,-4.538561708356950858e-02,-1.000721358127788091e-01,-1.319190755869558140e-01,2.345919557879174583e-02,-3.647115958411214359e-02,-2.850158823278730116e-02,-6.474398521910192106e-02,8.121455997228570201e-02,1.026099453960325203e-01,-1.366269248451776330e-01,-1.075411151709844849e-03,3.220148979116059240e-01,1.024544431275210138e-01,2.664079151015100733e-01,2.916835590036212511e-01,1.731225781423261778e-01,2.958416681941297144e-01,2.490280022567485096e-01,-8.599539421870433520e-02,-1.207071303490113131e-03,1.656479675564054010e-01,-4.752863498185815744e-02,-2.364966597216840716e-01,5.927844823430468424e-02,2.635888526745168159e-01
2.527680886230537216e-01,-2.836920021264682790e-01,7.487996926081409432e-01,4.300437538589571562e-01,9.844535431032994111e-02,7.175739326328345324e-02,0.000000000000000000e+00,5.300044015752233273e-01,2.760213559399321559e-01,-5.516287369988030764e-02,4.820510423715166914e-01,8.644472570713099269e-02,3.608151960997348362e-01,8.229803164110789659e-02,4.062620400131937703e-01,-7.059885833279501942e-03,-3.049922554519070017e-01,-2.970517930156130193e-01,2.053949560954720366e-01,-1.819375912325929198e-02,2.698375350496179936e-01,7.772702161242134485e-03,6.077897001424295009e-01,4.052126782540332317e-01,1.385400177798333798e-01,2.593151426020313122e-01,1.983082478449705865e-01,9.805550966300302651e-02,6.294557235460025713e-02,-6.519213465907164329e-02,4.405412096162048541e-01,5.114707140824650278e-01,3.461316331299474913e-01,3.637891491663834964e-01,5.256741086738965230e-01,2.289190046723590943e-01,-1.964246828260260425e-01,-1.938738499639044988e-01,3.228188790650372147e-02,-3.446559473940882801e-01,-1.201767231258518177e-02,6.880142634668680313e-02,-4.799428904859688316e-01,-4.835242440646703721e-01,-1.939341155267637617e-01,-4.942284352543733772e-01,-5.075383680282109511e-01,-6.496947251499662901e-01,-4.318272538596406585e-01,-6.100386238225794511e-01,-5.351916596750675437e-01,-6.169530722828826530e-01,-3.047826964656859539e-01,-6.531167720913680919e-01,-3.073672691566224913e-01,-6.062602809769345180e-01,-2.217694745703499282e-01,-4.021194875632590482e-01,2.622944420893232736e-02,-3.165701408641992676e-01,3.262134578783655314e-01,2.768494437718802548e-01,3.451438721962483691e-01,-6.953454572189239624e-02,6.025079669591201226e-01,3.996598120389097675e-01,5.226399112572166494e-01,2.760752995005144594e-01,-1.479032651788989294e-01,-7.354871542535799944e-02,3.635739942705140670e-01,3.950579314873181036e-01,3.546823243085967664e-02,-6.084559072000212537e-02,1.583404665681584916e-02,2.670065595910555388e-03,2.293841829667667143e-01,8.813857769757682536e-03,-2.411390259389781521e-01,-2.577848304339450669e-01,-6.664917994118645106e-02,-2.478487775161151985e-01,-5.261705433404111065e-02,-2.762347602288034998e-01,2.992176612691463400e-01,-2.206405403037931534e-01,5.412215529102385597e-02,1.574371359015143412e-01,1.892049270196189958e-01,-5.421378932586615740e-01,3.368869708416451503e-01,3.655942789397688686e-01,1.762252899397042938e-01,4.571796734772001214e-01,-1.144263806607215550e-01,-1.689674000043430990e-01,-2.463852403936230701e-02,-1.058285372820054748e-01,2.084339287584393019e-01,3.881752915281309058e-01,-2.648526084347763709e-01,7.235180528617203566e-02,-2.247715353495622070e-01,-1.581501167301510580e-01,-2.093577749364642360e-01,1.545022346649295789e-02,-1.107384239993332853e-01,-1.623965067610265156e-01,-1.200927050974788801e-01,-1.223118547041140841e-01,2.372835480162080457e-02,2.084922540978228767e-01,2.141989002147628440e-01,-3.605327232540415927e-02,1.939296013037116254e-02,-1.234499555900584744e-01
2.720141049966979807e-01,-1.011758096099143467e-01,5.274165211571477663e-01,6.552431571034069702e-01,8.696223566061049917e-03,2.133188783427541757e-01,5.300044015752233273e-01,0.000000000000000000e+00,1.035452735553581555e-01,3.776248617301619093e-01,2.045276167921916965e-01,3.676593649842346267e-01,8.952291411957467859e-02,2.753025827819623461e-01,-1.498579872851740942e-02,1.487413013516027394e-01,-3.361014732870816202e-01,-2.766919815530616278e-01,1.771554771255767491e-01,1.635001168624904411e-01,-4.088075904866943222e-02,-1.622986367852945200e-01,4.356088236072055975e-01,5.660310179471125247e-01,9.585243779781484064e-02,1.179670231041289319e-01,2.102459149284553186e-01,1.135796927556358138e-01,-1.317237429985902986e-01,-9.239419573172273636e-02,4.035103610632098103e-01,5.321253854078148438e-01,2.212376267687450604e-01,5.085778812168418872e-01,1.934863776851388495e-01,1.731233967573658494e-01,-2.507688654304575104e-01,-1.530844894395136657e-01,-3.633359245865845633e-02,-2.898273690589215912e-01,-1.635620857607758272e-01,-2.329121415345470347e-01,-5.475628402525871685e-01,-5.403546570901497370e-01,-2.021193021857686234e-01,-5.099279863910007871e-01,-6.481672714116972767e-01,-6.804481556229317052e-01,-5.557653519022470734e-01,-6.582185340863970779e-01,-6.191755902056244043e-01,-5.295038642143836682e-01,-5.208663004077416225e-01,-7.706032655527483843e-01,-6.360548897002257229e-01,-7.544645132460582326e-01,-1.486254540729981255e-01,-1.785978844428513790e-01,-2.289918405787136346e-01,-2.257590941851630173e-01,3.030677909623068489e-01,7.497867311556039027e-01,2.670811295695834642e-01,2.128702482958298170e-01,4.924592229326635873e-01,7.087400153254197477e-01,2.684420227147931159e-01,3.253067474652387436e-01,-1.530927041429953287e-03,5.522851730779122781e-02,5.673225609408552028e-01,4.264290915193278964e-01,6.931092301208145734e-02,6.337763553130629224e-02,-7.333237546520196548e-02,-3.627522106108700597e-03,2.044623544956039873e-01,6.062064906224106514e-02,-1.985696849530460550e-01,-2.661575653840067002e-01,-2.823059564724733073e-01,-1.297799590666510183e-01,-5.069078295326525652e-01,-4.306282313144529361e-01,2.248388435974422173e-01,1.070731155408833624e-01,-1.761877404014214887e-01,8.580018043507366132e-03,1.732393898179611369e-01,-6.421565328268662443e-01,4.548961612331928195e-01,2.618342094027691358e-01,3.195885618416661189e-01,1.989111733229851076e-01,-2.169651259712546965e-01,-4.441878436745582692e-01,-2.700191676031444277e-01,-2.766439389224911172e-01,1.648380726327834667e-01,2.761689198658983102e-01,-2.109718120539086639e-01,-2.901206533712580304e-01,-1.716123118431371330e-01,-2.088220742057253776e-01,-7.804426787208375467e-03,1.010313435207778332e-01,-1.234495215965945442e-01,-1.100673900156096119e-01,-1.697017806108268856e-01,-9.509568335386577032e-02,9.093214564544267742e-02,2.581262884912955968e-01,2.253653271099697875e-01,6.149658203851039728e-02,1.344631650389757627e-02,-2.008933390491236815e-02
-5.981734396074574189e-02,-2.076530867813983772e-01,2.221470075155706214e-01,2.198207423898102808e-01,5.106639917116793104e-01,4.900293099186799339e-01,2.760213559399321559e-01,1.035452735553581555e-01,0.000000000000000000e+00,4.368279829681961379e-01,1.294733118705693187e-01,2.383835455865154773e-01,7.472272094868398495e-02,1.992979941639897723e-01,5.176849101241195461e-01,3.741769104935022683e-01,-2.408695182194505735e-01,-1.900171687699762635e-01,-1.974963846162446635e-01,-2.243031432342564579e-01,1.274645535100175364e-01,9.407719588164076621e-03,1.042048443617420300e-01,1.793763568046103374e-01,4.187720446862753798e-01,3.626469407694887237e-01,-9.169124637357095597e-02,6.537366056998501762e-02,-4.251303287701559824e-02,5.499059640176851699e-02,7.569844933098339099e-03,2.141481071276057219e-02,-1.201775704059348943e-01,-7.928475893553789400e-02,3.025277356159796760e-01,5.827063898651897028e-02,-4.105717511665029629e-01,-3.889247468417599274e-01,1.057231189825991180e-01,-2.631663144551372735e-01,1.406260132883574432e-01,-6.669525995236386118e-02,-4.822646779237321768e-02,-8.773289554814410474e-02,-1.478718576800003293e-01,-1.363368600286697652e-01,-1.069119677662810630e-01,-2.291904882965128676e-01,-6.964798333631710969e-02,-1.801600515896866761e-01,-1.457888096231785002e-01,-2.326554719858777986e-01,2.900999303070911708e-02,-3.319571836474176363e-02,-3.584576524040804235e-02,-1.349578211953708640e-01,-2.213756295993279943e-01,-3.193757397787639479e-02,5.729661096557059352e-02,1.876975007559954917e-02,2.389084206474001715e-01,2.818950130203222160e-01,-4.171317912431379143e-02,6.793879736720392915e-02,3.735857217993050483e-01,3.052669765434823379e-01,2.673024727650830101e-01,1.110984857774068996e-01,-2.428973510304468786e-01,-1.619241053801491748e-01,-1.382368411623800253e-01,-5.148123566458413097e-02,-2.351802969636304363e-01,-2.681477308144917249e-01,2.957315016362979665e-01,-9.892229583035723472e-02,-3.318076468249201577e-02,6.493227899159705052e-02,-3.679174526507487109e-01,-2.049093009280464339e-01,-2.635190129799356296e-01,-1.460000636010239661e-01,1.322463040819555069e-01,3.023621184074699528e-02,1.975091547509660872e-01,7.437507989783885554e-02,1.952662518458214980e-01,9.106584747536644597e-02,2.056792993768027933e-02,3.470633374487121919e-02,-5.555351461602579810e-02,1.552781632214892404e-01,-6.215854376197865738e-02,3.135950421883909600e-01,-1.162308299858653832e-01,-1.163662437511463477e-01,-1.439690561979057315e-01,-1.710685779575064347e-01,-2.198059964293761492e-01,9.063089416249994409e-03,-2.102602858487516158e-01,2.414023904300489631e-01,-4.015445039869684762e-02,4.270950302664379417e-02,-1.089337981780675590e-01,7.312063450874166370e-02,-1.990694601124024243e-01,9.109678543523345995e-02,2.517515418522807674e-03,-2.682709747377305942e-01,-1.825532854690828100e-01,-1.175498094373616242e-01,-1.019844133883408138e-01,-1.812548368643750463e-01,2.418046267772832117e-02,-9.121374313362701908e-03
5.395935142287747871e-02,5.757328504939299846e-02,1.172774595398476394e-01,2.999952852282327109e-01,1.405550079566024735e-01,5.836374326889345321e-01,-5.516287369988030764e-02,3.776248617301619093e-01,4.368279829681961379e-01,0.000000000000000000e+00,1.410010683009933416e-02,3.671658745090014553e-01,1.863205071502020693e-02,4.376108983705827571e-01,6.438357143185249876e-02,2.605745880122533054e-01,-3.112760667659498215e-01,-1.082766976141512211e-01,-1.379059738391712475e-01,-2.289991086685801841e-02,-6.607568150412594654e-02,-1.928418611544788774e-01,-5.484835256882408805e-02,3.203446161182438856e-01,2.684923873162951141e-02,-9.913608986674120327e-02,-6.691692161688432994e-04,2.783244543991258424e-01,-2.365006688695051040e-01,-2.875293460347518384e-02,-6.040318379221851913e-02,1.052794300835100012e-03,-1.581122191209377859e-01,8.925828787187903290e-02,-1.421033816294519150e-02,-7.173010561345009861e-02,-4.627302343865002943e-01,-3.367397001671058598e-01,3.349305238073652102e-01,-1.567872827105062095e-01,2.019154132367066978e-01,-4.845258982387109503e-01,-1.971754456422770418e-01,-2.619657214233279130e-01,-2.774748392678501041e-01,-2.212487414823871290e-01,-7.462016469995705337e-02,-2.217635098062115950e-01,-1.454115827243354642e-01,-1.726773541191199135e-01,-6.414130649257003547e-02,-1.227539495375934014e-01,-1.140326627206720567e-01,-1.000014746007195227e-01,-3.086158475339632057e-01,-2.531886074722799473e-01,1.423443582973390846e-02,2.296951810008812656e-01,-2.038402412527649549e-03,1.112100821171449483e-01,2.425334340595447780e-01,5.147407302254460859e-01,-1.121204592114958820e-01,2.063429188911667655e-01,2.007892242049329201e-01,3.365506071776713237e-01,-1.035773558530582866e-01,-6.812744851036450777e-02,-1.180737942442410537e-01,1.533719944468948243e-02,5.560333269101213477e-02,-9.160139160712651996e-02,-1.866783922023717568e-01,1.680967840412509254e-02,7.264859234389342557e-02,-2.692804705926562375e-02,-9.574022297819896610e-02,1.759685895601378544e-02,-3.300752672603503024e-01,-1.964175805304506639e-01,-3.436415466944915398e-01,-2.280168086922660514e-02,-1.621173477048183098e-01,-1.420222960676125086e-02,-4.060696103963736675e-02,9.727219881805117263e-02,3.638657006134794758e-02,-1.001458901072404678e-01,9.170852958152107826e-02,-1.520256386362818513e-01,1.227912110125116696e-01,-8.403574358401491237e-03,5.156736711955092756e-02,1.048178557622883450e-01,-1.160703514565822603e-01,-1.394068992191377365e-01,-3.468348179452133695e-01,-3.822739759078985222e-01,-9.806242179184068708e-02,-9.753867097035767708e-02,7.125892107448215246e-03,-1.124967330845561830e-01,2.201571547563523912e-01,-3.938163951118685974e-02,1.126717558623967913e-01,1.357903903941379276e-01,-1.632416420806015178e-01,1.219330425026227543e-01,-7.226938196947201021e-02,-1.801607324131094257e-01,-2.108356135575497059e-01,-2.585346797279599110e-02,-1.199219230005094811e-01,-8.858654108352896628e-02,1.624149098499227117e-01,1.852253270441492905e-01
2.365376350280702922e-01,-2.714808478449574070e-01,4.238558301426542108e-01,-9.885444572764558180e-03,-1.990454564269314719e-01,-1.062167224426088102e-01,4.820510423715166914e-01,2.045276167921916965e-01,1.294733118705693187e-01,1.410010683009933416e-02,0.000000000000000000e+00,4.998730142107363217e-01,8.724129991129365713e-01,5.017405401408336907e-01,2.171639553804586287e-01,-3.168761309634501172e-02,-2.390774904948489432e-01,-3.563758343852866384e-01,1.885633166894115642e-01,-1.365757482322061678e-01,1.668506314153541392e-01,-1.952453698804207105e-01,2.218147152296826019e-01,-1.994578865219872460e-02,2.729688600076674628e-03,2.837669472624238312e-02,-9.573508334921092267e-02,-1.451566651291314181e-01,1.958238432722823885e-01,-3.969464522977392273e-02,8.989714553177009793e-02,7.155760612950397281e-02,-1.816818187315216715e-01,-1.378994258051396138e-01,2.413758845511001783e-01,-1.233396924038804993e-01,-3.635411153739106505e-01,-3.166672903389003979e-01,-2.435279892733139412e-02,-3.719673008074378950e-01,6.667178139534139791e-02,1.125250256447246910e-01,-3.776427465900348834e-01,-3.312806124467458924e-01,-3.419762605959166257e-01,-3.390978087967841947e-01,-1.589101473378820850e-01,-3.174164171554482161e-01,-2.765666004936346289e-01,-2.671313953777535444e-01,-1.370542976921176603e-01,-3.890895616024762221e-02,-9.557502263016064148e-02,-2.730452645628971275e-01,-7.068812320120899939e-02,-2.823803210062810209e-01,-8.772107361260569891e-02,-1.469301403719072141e-01,5.518146273610081698e-01,3.616152666512792990e-01,7.925686128896876070e-01,3.289656793873627638e-01,3.393650806691968502e-01,3.358948703307056138e-02,3.871401439491816698e-01,1.176538253075919138e-01,1.100431868416450742e-01,-1.397011528626963539e-01,-2.344766726275685220e-01,-2.714615152775175511e-01,1.516833203580252309e-01,3.070793701200206227e-01,1.103264833637743053e-01,-8.410272001779253714e-02,-1.370495586776838692e-01,2.141834498876876436e-01,1.877795871017053364e-01,1.185979839142318609e-01,-2.123685892493256400e-01,-2.149049127220352129e-01,-1.745598498163798695e-02,-3.270162679272762829e-01,-1.243037446795698109e-01,-2.609449336558187227e-01,8.446586129803430876e-02,-3.543502353745636158e-01,-2.476536052320300607e-01,-1.527318093633146523e-01,1.335419298892465689e-01,-2.678520918043620358e-01,1.244567463589899559e-01,2.634702055219368400e-01,-2.135162338398522569e-02,4.952020933425037019e-01,-2.245416523826964522e-03,-2.528465687457429611e-01,-5.241581267158510610e-02,-1.085100534908023662e-01,1.617648642516042734e-01,3.544014317729211605e-01,-3.194444084020929553e-02,4.032957476355845672e-01,-1.684572883798083620e-01,3.463567194762984247e-03,-1.512455640256626654e-01,1.397827546041391922e-01,-1.676637623032642965e-01,-2.092537015315286408e-01,-2.604461796137487739e-01,-5.217747788503268591e-02,3.728163331574547296e-02,1.116510649766624397e-01,4.377189082706542389e-01,1.029119158176518001e-01,8.006928611844546517e-02,-1.557364411884004096e-01
8.406579459702899493e-02,-1.086352798267608277e-01,5.534406700472344065e-02,1.679102408890579840e-03,-1.379781495645805364e-02,5.798096065748887390e-02,8.644472570713099269e-02,3.676593649842346267e-01,2.383835455865154773e-01,3.671658745090014553e-01,4.998730142107363217e-01,0.000000000000000000e+00,5.358085999341487549e-01,8.148350116853142477e-01,1.446303987728710660e-01,3.284728867974270883e-01,-1.263603365751977126e-01,-2.030743479294607745e-01,2.854987157586479432e-02,1.764834086921445236e-02,-6.884774727624759678e-03,-3.660300942136998636e-01,-9.395186054058074498e-02,-3.798985658271928495e-02,1.102998706235398668e-01,1.053482140636852887e-01,-8.755327346430967494e-02,-8.041106809897403951e-02,2.294340380622395814e-01,3.846699333590469783e-01,9.058121367281336822e-02,7.347760685578695605e-02,-8.753005610471668863e-02,2.415532322632307338e-03,-1.458565615625961320e-01,-2.626485601604595099e-01,-5.620029840523144138e-01,-3.988220833813350685e-01,4.761959232415986093e-02,-3.377093234036106506e-01,1.921319377232781900e-01,-1.631703413754765353e-01,-2.983039417100673552e-01,-2.204480248720744329e-01,-3.250150380978142906e-01,-2.282475829064619377e-01,-2.004524290307875198e-02,-1.873017382961510990e-01,-1.257784223523006895e-01,-1.119334712659303260e-01,1.024255197655504768e-01,1.899869506908340722e-01,8.799599827847838854e-03,-1.698092496835305609e-01,-1.014448362715839741e-01,-2.479728540532195602e-01,-2.717277054745157600e-02,-1.784573972745216730e-02,3.526711375608564958e-01,3.280208582233561376e-01,5.505117475132385030e-01,4.769071586795084472e-01,2.525614791758485911e-01,4.416394909480340081e-01,6.386981278786584004e-02,1.589253836540328313e-01,-1.472927701829186420e-01,-1.178619358859010480e-01,-1.535756681494223619e-01,-1.506750180646722614e-01,2.287297313389591302e-01,2.006515364809806079e-01,2.608717637782172472e-01,6.236327061274923172e-02,1.414089546544964882e-01,2.099870642630869144e-01,1.459715821000157066e-01,1.420980345375369991e-01,-2.885790524220385178e-01,-1.824850621926940031e-01,-1.132806329242319332e-01,-1.008772005783839104e-01,-2.864390730511494620e-01,-1.347138274541441194e-01,-1.481232604058581870e-01,3.069404602790289094e-02,-2.470806479107327258e-01,-1.851283756200755581e-01,8.694677511940726577e-02,-1.809766316540414588e-01,-5.833703245485220845e-02,1.925051730605122080e-02,-1.214185517740284243e-01,1.612037058439866055e-01,-2.245188780680078822e-01,-3.370759242648833087e-01,-3.683041356317987014e-01,-3.478954796415422157e-01,-2.136278447712547379e-01,-6.262263204340814959e-02,-1.594894469208625321e-01,2.214295075202613317e-01,-2.148202635978462005e-01,-6.951509868862024676e-03,-2.257171461032060969e-02,1.987022276485475858e-01,-4.029893381322404156e-01,-1.225748642871105493e-01,-2.659274889396787134e-01,-3.018831614162127419e-01,-1.155929730646234749e-01,-1.113284256064453887e-01,1.216393772704783965e-01,5.687280138110377414e-02,1.029977562887104264e-01,-5.575855993465209798e-02
2.052319025768406524e-01,-1.469152189682700893e-01,3.140449936854516899e-01,-1.999759560644990553e-01,-2.439188504692651749e-01,-2.402687264857072680e-01,3.608151960997348362e-01,8.952291411957467859e-02,7.472272094868398495e-02,1.863205071502020693e-02,8.724129991129365713e-01,5.358085999341487549e-01,0.000000000000000000e+00,6.600812107800642092e-01,2.702051085026777044e-01,-9.689008385545941349e-02,-1.599904098540723407e-01,-2.642343017736099586e-01,2.497513069135592068e-01,-4.445799122519565605e-02,1.681910799365882447e-01,-2.388348913934508766e-01,1.864308733061213474e-01,-1.125859634394870412e-01,4.074014684153454309e-03,2.109265824890587619e-03,-7.269129086133115092e-02,-1.354453451043415579e-01,2.519950008454298618e-01,6.506485453837751454e-02,3.549798431179986002e-02,-9.926848202015807129e-03,-2.381807333665593995e-01,-1.935101851852364108e-01,3.228965314399176445e-02,-2.516049150321154615e-01,-3.108595090158865482e-01,-2.759887471127136505e-01,-3.432815964790544155e-02,-2.892105517712151297e-01,8.433125051095438640e-02,9.206846875290584931e-02,-3.035419023601410027e-01,-2.906952615218383884e-01,-2.896923018955236961e-01,-2.026305075205131201e-01,3.754451814531676711e-03,-1.511277150453992635e-01,-9.012262980966051495e-02,-6.093981475067783427e-02,4.916499034965569198e-02,1.063379822655742685e-01,-3.722370201169035442e-02,-1.752794280598348742e-01,-5.895501015215309087e-02,-1.995250098836262032e-01,-4.456381421909088106e-03,-1.331269626893171742e-01,5.383826202274558659e-01,3.417508926254084201e-01,6.754777817368128323e-01,1.963328728381245891e-01,2.892998809669659610e-01,8.799768404852378097e-04,2.129666654302177775e-01,-3.394346266729982020e-02,-1.169181057267758977e-01,-3.685058718748692175e-01,-1.258392066641663420e-01,-1.838588158311716958e-01,9.011742895666638442e-02,2.290768448668262791e-01,1.561892944144695206e-01,-2.939953405279132227e-03,-1.906131932033523768e-01,1.163240980052696466e-01,1.564555625840556852e-01,1.270547196255107092e-01,-1.723944045955476956e-01,-1.628592128148284579e-01,-2.946327522113600939e-02,-2.900198836413121484e-01,-9.548927013740510228e-02,-2.285656790735667299e-01,-5.136246573225762557e-02,-3.819334620205690478e-01,-3.040217641238372459e-01,-2.405686386297192225e-01,5.565910787948816218e-02,-2.594028547212648972e-01,-2.265857529749978547e-02,1.965220907898644065e-01,-6.174392271389116116e-02,4.898089726272694677e-01,-1.263962932962494068e-01,-1.910971523105943204e-01,-1.402109127375403552e-01,-1.156617561480556694e-01,2.058638617952538233e-02,1.954994574690628317e-01,-6.204367146449125958e-02,3.768541089042610204e-01,-2.987310915557801483e-01,-1.322431559661193801e-01,-1.827371319461795485e-01,5.291141431657696292e-02,-2.612147376068621463e-01,-3.002730851427005687e-01,-3.048760991306441182e-01,-5.532252409649494190e-02,-1.287436111035561437e-02,-6.761187809619177702e-02,2.820309403363753242e-01,1.103568615237304484e-01,8.403453578143896263e-02,-1.357313722793659361e-01
