0.000000000000000000e+00,7.750361335952249409e-01,2.321054436396517706e-01,1.393166638355180786e-01,2.018006460420995740e-01,2.057414197586038829e-01,2.103176372024099239e-01,-2.375197167462438780e-02,2.150889070383144308e-01,-1.011342376474537591e-01,6.521062782307189831e-01,4.114774417281744090e-01,6.158777595684172823e-01,3.425446409170793127e-02,1.440478251805428767e-01,-2.928264274209863016e-01,2.291414146504945903e-01,2.635030594776047730e-01,3.246463086665855036e-01,4.282951056249125754e-01,-1.621067807585272746e-01,-1.349794359887202255e-01,-3.363780436295331355e-02,1.052566931318220239e-01,4.124325269964802809e-02,1.097482560047430417e-01,1.856054680018532910e-01,1.675476595309655925e-01,3.268064052824990462e-01,1.725005082854927929e-01,2.982350560440729659e-01,2.680468239673667874e-01,3.624133832465407240e-02,-8.636854397012172502e-02,-4.166473486486833022e-01,-5.910995525736573164e-01,-2.654814219430755018e-01,-3.990231009535827877e-01,-2.901883230967385319e-01,-2.844038707433343971e-01,-2.949996599753517135e-01,-1.127153169720294251e-01,-3.010310718779872774e-01,-2.197223832705471891e-01,-1.767411615554711213e-01,-2.273205887012690329e-01,4.517568877282285354e-04,-1.862513144976164770e-01,-1.635208218000808456e-01,3.885684009150727758e-02,8.725080214774996734e-02,6.014523420630712991e-02,5.181933779892483605e-02,-2.641164939045005933e-01,1.575139285515171905e-01,1.610146412148986961e-02,8.084796173733386215e-01,6.954190879170742967e-01,2.354511015039462973e-01,1.786349624095247557e-01,4.275022342287833066e-01,2.774712460804250602e-01,3.396243332502726364e-01,8.865568052255204390e-02,-2.216542604806256977e-01,-2.287034653466693268e-01,-3.574201293325794393e-01,-5.094867645910344800e-01,5.322640108393374980e-01,5.802802714309893695e-01,8.956857430754937288e-02,-1.492841973225968524e-02,-3.239538367356563277e-04,7.191973922887343051e-02,1.421453883316439459e-01,4.113296276739022983e-02,-2.283943233317562993e-01,-4.692772979214333146e-02,2.518225558428837108e-01,4.597642628342570731e-02,2.615657041164730079e-01,2.489317227145734224e-01,-2.614685222044323409e-01,-3.215335346940103589e-01,3.096990843730980658e-01,-1.175689850974801498e-01,-7.474205707101394536e-02,-1.616749718370079913e-01,7.471923084619802591e-02,-1.564114087968158651e-01,-4.210728683189214339e-01,1.131920172810326787e-02,-2.542055701325499073e-01,2.664548386655097856e-01,-1.153935945342890734e-01,-2.710248071057992370e-01,-1.725124839804051402e-01,-8.561420725395152420e-02,4.166537363898473872e-02,3.383066148096262188e-02,-2.000358785915655191e-01,2.626975074205594174e-01,1.339400353141329547e-01,2.341575190741973234e-01,8.368255212632109974e-02,1.620940776044726694e-01,1.689341277765544214e-01,2.535325159887513724e-01,-2.752396737952434447e-01,-1.494425308339012437e-01,-4.330086471643564972e-01,-3.173460856528532159e-01,-4.674350157582192744e-01,-3.870461716980115874e-01,-4.221604105383836014e-01,-3.591488708852068334e-02
7.750361335952249409e-01,0.000000000000000000e+00,1.082959269328960389e-01,8.251864862967329961e-02,6.435921951919804096e-02,4.881085956642174789e-02,3.925965834915663699e-02,-3.620238000642491544e-02,5.647674065791952192e-02,-1.611208058320199310e-01,3.774518262029057381e-01,4.014883487664316908e-01,3.613176589716217135e-01,4.092433145952886417e-03,-1.172471566544201239e-02,-1.324634384726848801e-01,3.150904780428839258e-01,4.099641339053288758e-01,3.538230753560906439e-01,5.786080273239364580e-01,-9.259110557319386037e-02,-1.418991967033212676e-01,-5.279579772219211709e-02,8.719228914285383214e-02,-3.139621271971520383e-02,5.384099741918195979e-03,1.470035754484391166e-01,9.698270151430474217e-02,3.301611210250515738e-01,2.406300079078992904e-01,2.480021167179156383e-01,2.701155016910425366e-01,4.040618353971603405e-02,-2.907447800997435203e-02,-4.600226178739775240e-01,-5.719993340571837281e-01,-2.839711968569364475e-01,-3.441879376914965261e-01,-4.189762575925965460e-01,-2.241370155826364341e-01,-2.624018488780103242e-01,-1.653720102147714921e-01,-2.146852167414586565e-01,-1.657290184663138266e-01,-1.300442392925191537e-01,-1.198827921018801312e-01,-4.045820549401536043e-02,-6.344374580324707580e-02,-2.135179945801038981e-01,7.182988504061452693e-03,-5.582055668393441639e-02,5.940724251809334500e-02,9.055119468582902009e-03,-1.899564373510784221e-01,1.066859552741981076e-01,1.501235811956935506e-01,8.330385263541062457e-01,8.843052842676983882e-01,1.142450969153466223e-01,3.067231652895521243e-01,1.837874120450557203e-01,3.155800118019714273e-01,3.295414925627684899e-01,2.398708877579337206e-01,-3.342964832158830668e-01,-2.890631399262583723e-01,-3.341003185645987639e-01,-4.521791626589926616e-01,6.790079843589703623e-01,7.008405661368833917e-01,-8.064866175955835714e-02,1.073655675683933032e-02,-8.484103325288684661e-02,-1.467300488617572819e-02,3.972928429347122011e-04,1.853280199699267657e-03,-4.029067286985704155e-01,-2.083559224987418246e-01,2.042792549090698961e-01,1.974955314031503484e-01,1.996946987992143374e-01,4.681742783834840216e-01,-1.806121085361570011e-01,-1.979258861418941584e-01,1.538165524212476987e-01,5.351391254255154217e-02,-1.364884871643176623e-01,-7.874295514137147345e-02,-5.784570169270922962e-02,9.459378398610422678e-02,-3.161846940504702830e-01,-1.309686409969073803e-02,-2.081996033786211453e-01,2.363360565008461034e-01,-6.416316964388128763e-02,-1.268251783626044848e-01,-7.707124857092668979e-02,6.062322870012702009e-02,7.485989251421776292e-02,7.733560240720403767e-02,-1.698676358907368344e-01,1.531137117075301035e-01,1.007801676609720171e-01,1.853448338296716236e-01,6.869755566909763189e-02,1.967272339567310846e-01,1.153949296982743206e-01,2.299140398132027974e-01,-2.435017684957499762e-01,-9.507598758185566157e-02,-2.317615797660554366e-01,-2.496926556776987993e-01,-4.223204778370230339e-01,-2.254802264360140640e-01,-3.167947579005720438e-01,1.271378251528798055e-02
2.321054436396517706e-01,1.082959269328960389e-01,0.000000000000000000e+00,7.598164949284589298e-01,6.567669314416375581e-01,6.527729427344277635e-01,6.424667649344932840e-01,7.189038624967203361e-02,6.623774016319561309e-01,1.763385365692617113e-01,3.613594536251955591e-01,-9.882150163701421131e-02,3.126740485716286710e-01,-1.548020356727091429e-01,2.522315182195701902e-02,-5.145495050440070939e-01,-2.734282027872609322e-01,-1.161902995216538004e-01,-5.683474267023025384e-02,1.884242246760629569e-01,2.031076011267956005e-01,-3.805536876223278298e-02,6.554114759688702829e-01,7.930432949325769698e-01,7.535031604122208737e-01,7.838085022748384478e-01,2.556530841051568581e-01,1.794441493682052691e-01,-1.124159798771845464e-01,-2.404945531498935141e-01,6.556547710880652469e-01,4.237367145673367475e-01,-3.994085577071813248e-02,1.171413209907300884e-01,2.723154674950572507e-01,1.488522486734780992e-01,-2.480627092047524556e-03,-1.103614406626390876e-01,1.186945139460942877e-01,-7.780195187197727624e-02,-2.099686254196398427e-01,-1.625330071498039264e-01,-4.218618822265137736e-01,-4.194531240357455282e-01,1.185439099318553492e-02,-2.013780904999795118e-01,-1.341296854221288581e-01,-2.299680686859117695e-01,7.427632198816579157e-02,5.471049625848017905e-02,2.670365467448673757e-02,4.159676433453284722e-02,-6.491129401414119648e-02,-9.780891318132524381e-02,1.491329852472944029e-01,-9.463426160717242075e-02,6.455303876572285326e-02,1.234199180503872950e-01,-1.102963708899729195e-01,-4.911064084466188612e-02,1.634068620541892503e-01,-4.859108774286152038e-02,-4.449211944888026848e-01,-4.404687760686217257e-01,4.119738562386586200e-01,-1.587232943298349797e-01,1.147280452735403578e-01,-8.084314953921732660e-02,6.482112352755783902e-02,1.419927464012492035e-01,4.387947022938735175e-01,2.779326125837643380e-01,2.509927760004946329e-01,2.380268831041704447e-01,-2.172049976907136984e-02,-2.639964166149658120e-01,1.421454728069939111e-01,1.477958488966032990e-02,-1.112362768732101104e-01,-1.043571613948948984e-01,-2.416065325263159203e-01,-3.901367832821622805e-02,-5.537095965640580486e-01,-6.413637728226204704e-01,2.095405448465246512e-01,-2.723987928300138361e-01,-1.510285041461848499e-01,-2.226850830818939420e-01,2.477755558476313000e-02,-4.954981207446450264e-02,-3.684704200633664439e-01,-1.656022631279834845e-01,-1.547803296794152128e-01,7.690229691337997775e-02,-1.195114178606401373e-01,-1.957153777790436311e-01,-2.048243895219162281e-01,-2.139175820395137761e-01,-3.816850504706637559e-01,-2.658214448007137909e-01,-2.262725600657737868e-01,1.095571613745077305e-01,-2.928679748843677211e-01,-1.440376666084896007e-01,-1.268691203613505070e-01,-3.492898460341084532e-02,2.501106509914206508e-02,9.309040114758003470e-02,-2.157975561359734840e-01,-1.273338779475289007e-01,-2.328002650920684702e-01,-3.303968694070730794e-01,-2.410408894749533903e-01,-3.524762806664782366e-01,-2.578631937686838294e-01,-2.429781379391574292e-01
1.393166638355180786e-01,8.251864862967329961e-02,7.598164949284589298e-01,0.000000000000000000e+00,4.750166287430890311e-01,5.355575137989115886e-01,6.460713228476334669e-01,4.146250996572948266e-01,4.645630610195036203e-01,2.263051763957034390e-01,2.740846206213712333e-01,1.221499439702806306e-01,2.018147378534002889e-01,9.433712019289698658e-02,-9.692768274898723446e-02,-3.453052916517552196e-01,-1.305083674820307904e-01,2.848647521908230507e-02,2.709483758266217207e-02,2.268269475657494483e-01,1.047995904375706444e-01,-1.053133897623060727e-01,6.176319639170145814e-01,8.274032387516517817e-01,5.993310645638797451e-01,6.774266856239919976e-01,9.188874305814923038e-02,9.173170256311502513e-02,-8.166228582671661296e-02,-1.953443170961999820e-01,5.489591341642107158e-01,4.916058194970157058e-01,2.630802696393886794e-02,2.341867395125499796e-01,2.928405519508557320e-01,2.227353921779715029e-01,-3.122189415653305739e-02,-6.884484546909490355e-02,-2.992752688973425446e-02,-6.473847852408767811e-02,-1.342436590169749644e-01,-1.557225566464434663e-01,-5.202545886885592274e-01,-4.842230329132974909e-01,-1.675954450543050422e-01,-3.244034873793322782e-01,-2.754130042404064893e-01,-3.143274518241710447e-01,-1.183713852592719606e-01,-1.736082071541436289e-01,-1.669870723081316732e-01,-1.276105504151477665e-01,-1.704818792085424084e-01,-1.000357797511025049e-01,-9.322681263809687313e-02,-1.738189810311676076e-01,-2.768350774199872938e-02,3.533835971809501375e-02,-2.568993390812864819e-01,1.857868187889871389e-02,7.157091329988649053e-02,1.496477688378833326e-01,-3.068847010591186919e-01,-2.789930980725296994e-01,3.724549664337972188e-01,1.846512023505983702e-01,8.364544803091501779e-02,6.317606080350549047e-02,-5.383389437841725605e-02,3.698589875523178999e-02,3.250120326825294836e-01,3.326403261382311349e-01,3.634245787050247589e-01,2.871121326077830105e-01,-5.152970233129586242e-02,-1.845632886779700055e-01,1.570246524370751962e-01,6.502636515226728475e-02,-1.604794405867592255e-01,3.103137653310399438e-02,-2.519728802488805375e-01,1.896965758906759558e-01,-4.775913047251953425e-01,-4.887984714865806213e-01,9.954318804110398600e-02,-4.606020286965181038e-02,-2.263659124358343711e-01,-1.070125302746778029e-01,-4.646265349327451111e-02,2.935879679095475953e-02,-2.255384045877134314e-01,-9.123219849562090589e-02,-2.314142311657053364e-01,1.869346866230747473e-01,-1.519280779176941654e-01,-6.947136865862972577e-02,-2.353031053155873464e-01,-2.214941820202988576e-01,-4.155495283593986788e-01,-2.281372134800274121e-01,-1.087964457660035578e-01,1.472420829050652413e-01,-2.676142408559837316e-01,-1.597550639596201083e-01,-1.292309386818705219e-01,-4.978948324479650495e-02,5.642806638475381109e-02,1.039853025257246426e-02,-9.430611082099879527e-02,-5.459792746641298905e-02,-1.763896989521248626e-01,-2.355456139053851150e-01,-1.864058641716046794e-01,-2.356928099053702541e-01,-2.560599042123589131e-01,-3.171998991951318625e-01
2.018006460420995740e-01,6.435921951919804096e-02,6.567669314416375581e-01,4.750166287430890311e-01,0.000000000000000000e+00,6.452747269053813461e-01,2.178875310344920990e-01,-2.858077272012243264e-01,6.385698168017420739e-01,4.208965295477772872e-01,1.731063415326191124e-01,-2.108605897854926581e-01,1.249855996730699359e-01,-2.688982031950791773e-01,3.125139293342976687e-01,-3.319419487091522791e-01,-2.197434185525024286e-01,-5.831490601412510355e-02,-3.528159805903630653e-01,-2.077478528558797943e-01,2.461550148615629097e-01,1.486429738015774826e-01,4.173305673739194921e-01,6.423892953300915920e-01,8.072515398569751754e-01,7.960257876428449286e-01,5.895276931222180883e-01,4.282329944866214433e-01,-2.250420888128387698e-01,-2.379500152430989446e-01,5.135668440964694659e-01,3.309976948620410586e-01,-3.141148151422895052e-01,-2.045196091429840324e-01,1.525646012665243245e-01,7.798271877079039627e-02,2.106369542825374877e-02,-1.582873114309431978e-02,1.917910679177790012e-01,6.073604626369152881e-02,-7.810341720975558233e-02,-6.480621600785035907e-02,-4.080394303547550394e-01,-3.550834482985181229e-01,-1.044090314787428503e-01,-2.871206858923969207e-01,-1.044133627785901464e-01,-2.875914644414203636e-01,-4.337735956301997514e-02,-5.274483722717279721e-02,1.333092320876840160e-02,-1.588537913077446226e-02,5.700512566040687179e-02,-1.217488933548064312e-01,2.892727861393771249e-01,6.726369882857154148e-02,8.216668737322845029e-02,5.803933598995808518e-02,-2.415363963698810568e-01,-2.730382678606709246e-01,1.428621179513039723e-04,-3.029425803603984502e-01,-3.937347277443422056e-01,-6.250879309924260996e-01,3.423023320870922648e-01,-1.290844079830796298e-01,5.531752843459748076e-02,-9.211042520545570378e-02,1.809754571091775621e-01,1.412653485211736171e-01,2.963102128872257546e-01,8.157541224044428940e-02,1.153923092199695827e-01,1.219401618551405192e-01,4.589692832028910430e-02,-1.455301462927800216e-01,1.775332841482031854e-01,-1.196561286943090621e-02,7.004844635903309524e-02,-7.768874292417742022e-02,-2.900412580403729373e-02,-1.074843316496937456e-01,-3.970829444142172648e-01,-4.313346037283317669e-01,4.184619009597084771e-01,-2.796491569458099957e-01,3.356258651952987448e-01,-2.745430268887434286e-02,4.049065724939078792e-01,-5.079962742822087540e-02,-3.072459465880326701e-01,-1.072414031273697249e-01,2.108464125465926708e-02,4.558506196528942789e-02,2.511715860008510021e-02,5.213724345742543065e-02,-7.698290440170013627e-02,-9.429031857409843342e-02,-2.631302129929574685e-01,-1.810498708253150402e-01,-1.440212511687811725e-01,1.669909665511651597e-01,-8.939346217567929742e-02,5.442500070348165950e-03,6.758129163724770072e-02,3.962378516280889301e-02,6.760093412716088046e-02,1.599835880691176659e-01,-2.168521468249049941e-02,-7.479110062431315598e-02,-1.683968425243506095e-01,-3.630484970825251789e-01,-2.617968023916232845e-01,-4.107056833943729113e-01,-2.882904120710395590e-01,-1.327176746064906432e-01
2.057414197586038829e-01,4.881085956642174789e-02,6.527729427344277635e-01,5.355575137989115886e-01,6.452747269053813461e-01,0.000000000000000000e+00,4.318944400744311185e-01,8.812078385872987307e-02,7.899849271329573153e-01,3.286497475667132795e-01,2.479240421989562515e-01,-4.887327513312036270e-02,2.736245589789085275e-01,-9.724675654699323213e-02,2.306662392137144302e-01,-3.640009821153751268e-01,-2.068138398724814198e-01,-1.323856191089740342e-01,-1.591810079686758472e-01,2.422375050091364265e-02,5.616677401840751427e-02,-8.367148196526749682e-02,2.344154353248360800e-01,4.583901531567010079e-01,5.784103603737991151e-01,6.770541550183755142e-01,2.395185830867525845e-01,1.286863933168251317e-01,-1.160135064877135073e-02,-5.774485509855630666e-02,5.078128320316762645e-01,2.498923056760291028e-01,-1.215535923515123490e-01,1.425960113884731754e-02,6.617124594826449824e-02,6.931813420912284751e-02,-2.580490039514332992e-02,-3.444435571416892567e-03,5.040644418024273210e-02,-1.456286483209477955e-01,-1.374764391884199244e-01,-5.635427429068147476e-02,-5.482611171642010062e-01,-4.939751764927653999e-01,-2.057489924186644004e-01,-3.616962916475033318e-01,-2.938192290603341972e-01,-3.615740911323772622e-01,-5.869127747602677359e-02,-6.665268596208034912e-02,-8.987558894021500933e-02,-6.256883713598865304e-02,-7.538972944827934675e-02,-1.043078359753252943e-01,5.085527151457048395e-02,-5.798683256742794001e-02,-2.749893190228808876e-02,1.139795386440630928e-02,-8.527180296903760781e-02,-6.070820901642542261e-02,1.886280896729655432e-01,3.178025238418877990e-02,-1.779833261116035570e-01,-2.747077166900317446e-01,1.665674787741321106e-01,-1.472931268500532187e-01,-1.094521804222856470e-01,-1.335981669990503884e-01,4.365771993390311911e-02,7.715601507356346922e-02,4.833534679044984572e-01,2.462373677302026054e-01,3.156306896533203621e-01,3.206504095055626724e-01,-6.911008699188344977e-03,-2.706475370209141529e-01,1.574050713040459626e-01,6.830401704322603545e-03,8.874755884855843602e-02,4.803033914537996329e-02,3.779909529680594658e-03,8.452436048249585554e-02,-3.434553222655650773e-01,-4.594912599291665067e-01,2.971148035550936206e-01,-1.544108172350674157e-01,-2.098076540267061751e-02,-1.712584708265366129e-01,1.371362580538159348e-01,-6.348964528059175549e-02,-2.690460747626474136e-01,4.502193458242661345e-02,-3.539584891754942592e-02,1.701373530738383155e-01,-1.892238600245083405e-02,-3.107523754535037805e-02,-1.473448122464973142e-01,-1.919969073563099482e-01,-2.994220196955755253e-01,-9.972786218775436806e-02,-1.364065900753025362e-01,2.460589485633086770e-01,-1.885656852481017165e-01,2.334487506950246039e-02,1.506338247589772764e-02,-4.209179380002727594e-02,8.545494908425785296e-02,1.381920336808693250e-01,-5.359308438513184225e-02,-1.610035191425229217e-01,-1.986781530384355843e-01,-2.276303465198849518e-01,-1.811908004794020033e-01,-3.099913008062619713e-01,-2.910511749042989371e-01,-1.933241748064444820e-01
2.103176372024099239e-01,3.925965834915663699e-02,6.424667649344932840e-01,6.460713228476334669e-01,2.178875310344920990e-01,4.318944400744311185e-01,0.000000000000000000e+00,4.963614124603258904e-01,3.693813717310447942e-01,3.798598966149055456e-02,5.754069446192918713e-01,2.863057713237102675e-01,5.495081406808309810e-01,2.186009556567233281e-01,4.574674183605893091e-02,-3.446803758563926068e-01,-1.809908368153469171e-01,-2.747401001183190014e-02,3.740221149518476729e-01,3.701576278064017678e-01,-6.822723309229587751e-02,-1.631160913934668333e-01,5.483878494561541528e-01,4.601641195353334823e-01,3.000193053907152518e-01,2.913635997041728043e-01,2.248629270367296078e-03,-5.666811008466471344e-02,1.178542554999502667e-01,6.489637943474967086e-02,5.652172807519929565e-01,3.897330464668478656e-01,2.959335361713842372e-01,4.332670710727319352e-01,2.000712535731878627e-01,1.733698521933156045e-01,-8.252451183879239149e-02,-1.497857357423493518e-01,-1.426321101471327568e-01,-2.583513778610849188e-01,-2.951558651759454421e-01,-1.144208423784072726e-01,-4.452651778564141183e-01,-3.405928777864760115e-01,-1.304503376101269485e-01,-2.177979873491590335e-01,-3.627640328560359229e-01,-2.837144833379077191e-01,-1.254893629159022361e-01,-1.468477568758134733e-01,-1.845720723680080999e-01,-1.311834354726273411e-01,-2.657680296217087568e-01,-3.311482634569047345e-01,-1.561579754729542635e-01,-3.126601898706417582e-01,-3.918170499254177569e-02,-6.593354557221760281e-02,1.107495968206289455e-01,1.573941646700109109e-01,3.022961945672835160e-01,3.011442315612010701e-01,-1.011182816776513282e-01,-2.010039775356022365e-03,2.397550590709325580e-01,2.004203839805846488e-01,1.294429377455454944e-01,1.233457200966809747e-01,-1.006225291661123761e-01,-1.096990641419287246e-02,4.232555654163476788e-01,3.260652873784706252e-01,4.904490964468601333e-01,4.433908891982508704e-01,9.102926163572218343e-02,-1.026805006715127006e-01,2.203284008120575121e-01,1.240327700640419112e-01,-1.113790815996443528e-01,5.859643753053158342e-03,-1.062008505154589388e-01,1.459899931426814068e-01,-3.978544969892180982e-01,-4.716577405390899869e-01,1.178023190464440456e-01,-8.677558946668748052e-02,-2.935123938315147840e-01,-2.730544140473776249e-01,3.616271012441604066e-02,-1.862899313830306824e-01,-1.278481653738182955e-01,-2.349431989935096918e-03,-1.660513606895752392e-01,3.152587057542080573e-01,-1.806025387546334460e-01,-1.755903328683239839e-01,-2.108200910620404711e-01,-2.385099900872548750e-01,-2.444076598458584382e-01,-1.173919645162837533e-01,-4.100351829319159869e-02,1.961984589213824348e-01,-1.543823431628530141e-01,-8.492366099694328985e-02,7.679118386990484157e-02,9.176124807199254052e-02,3.823038644376536982e-02,1.318936013730088175e-01,-1.393150736219580799e-01,-2.595831057757216898e-01,-2.019012630436981537e-01,-2.011511445712162449e-01,-2.098196155011023134e-01,-2.504686331283225709e-01,-2.509849257858247085e-01,-1.182102050088752326e-01
-2.375197167462438780e-02,-3.620238000642491544e-02,7.189038624967203361e-02,4.146250996572948266e-01,-2.858077272012243264e-01,8.812078385872987307e-02,4.963614124603258904e-01,0.000000000000000000e+00,-4.356392727751394467e-02,-3.618547407982018738e-02,2.696822882201156957e-01,5.654440421805578820e-01,2.685642885125999468e-01,6.142437400402799286e-01,-6.514741484161806762e-02,2.292472276606657630e-02,1.286555146318368870e-01,2.288387503753623875e-01,4.076446982938627950e-01,3.494577029967312343e-01,-2.660646164710793737e-01,-1.672440878630266081e-01,1.680653140233813458e-02,5.227798971601719386e-02,-2.812591247148233942e-01,-1.281210229800194556e-01,-4.418388460374262361e-01,-3.569283690493104122e-01,1.873789176845996884e-01,2.386337895817408905e-01,5.446900762693597520e-02,1.746793953410227807e-01,4.316584762370964112e-01,4.518429639194772029e-01,5.095884742862046707e-02,1.676006143011093963e-01,-6.656619804316474265e-02,-1.806179299037336677e-02,-1.740709073413295171e-01,-9.114245013487207170e-02,3.124604661293815464e-02,1.166369694970253862e-01,-3.599265022738909470e-01,-3.091536141696147877e-01,-2.942663795776366831e-01,-1.930646690359366646e-01,-3.345148690242760181e-01,-2.967938495459207515e-01,-2.197537789092472438e-01,-3.195217526975220879e-01,-2.305256176415992897e-01,-2.589406674584153745e-01,-1.929379730132699255e-01,-2.571202434366463563e-01,-3.187309100150030883e-01,-3.610487608650969626e-01,-1.738841783484569026e-01,-1.873676953808005585e-01,1.034207086739748482e-01,3.091395004920667322e-01,2.594880159885524784e-01,5.738019444096239541e-01,3.655290541812069027e-01,4.700579604307786319e-01,-1.017762225457854719e-01,3.990058617982392697e-01,-2.811624782605684492e-02,2.147353733520114827e-01,-3.191835197732962870e-01,-1.746506956463566851e-01,3.128447807932304148e-01,3.506497137673951214e-01,4.974278722235910832e-01,4.631210578221364171e-01,7.762186496881659514e-02,9.547155732727409527e-02,1.066270556170347966e-01,4.135846064030600233e-02,-2.541869979606647609e-02,1.670201405828098673e-01,1.266402590790820237e-01,2.839467497290711351e-01,-3.147116421760692145e-02,-6.531975034779918809e-02,6.516651269292730517e-03,2.827182227462263775e-01,-3.086427703889224605e-01,-1.121480486962972839e-01,-5.697453650452425494e-02,-1.270375297347647592e-01,3.079940152767318001e-02,-1.605984554116705321e-01,-2.329317722399097124e-01,1.064445623995960155e-01,-1.340454968169219330e-01,-2.954596555859457727e-02,-1.391817554653785594e-01,-1.501097356028314733e-01,-1.608629267368386628e-01,-1.482290256802295259e-01,-6.078618072523336163e-02,-1.308088767374123440e-01,-2.262749469807188996e-01,-2.806534512307832796e-01,-8.684470254770816633e-02,-2.380379016195620645e-01,9.469788158840701520e-02,-1.542664144363035394e-01,1.167565740721171336e-01,-4.492875669117431248e-02,9.018778537381970384e-04,1.961225513454705471e-01,-6.891549938076092785e-02,-2.441592499581461684e-02,7.858235018365486435e-02,-2.268274887260110506e-01
2.150889070383144308e-01,5.647674065791952192e-02,6.623774016319561309e-01,4.645630610195036203e-01,6.385698168017420739e-01,7.899849271329573153e-01,3.693813717310447942e-01,-4.356392727751394467e-02,0.000000000000000000e+00,3.829770375330205923e-01,3.612691987774598323e-01,-4.102044461527158681e-02,3.228608867215317924e-01,-2.433107811395350539e-02,4.115401786669150019e-01,-3.686306510760689048e-01,-3.354693951451511724e-01,-3.309609101632136618e-01,-8.502706974984552968e-02,5.418009027452425769e-02,4.150851326321051971e-02,6.772282564307685604e-02,2.129385288560732004e-01,4.332313612463163932e-01,5.835250860415606144e-01,6.654177279714725834e-01,1.619530261108760028e-01,1.294337850462637940e-01,-4.568409527917499657e-02,-1.636258892881916616e-01,4.062917618918867602e-01,1.074818381341517831e-01,-2.374673877372368291e-01,-1.139444692530806602e-01,-5.701322059399516889e-02,-9.970784154806519584e-02,-2.253568851723958821e-01,-2.045775325265714595e-01,1.460598035660714555e-01,-1.408029180056833418e-01,-1.855613655789078442e-01,-1.248073566411485036e-01,-4.541721360703980803e-01,-4.028863758868627132e-01,-1.780460879991732637e-01,-2.827158948716688158e-01,-1.581235631930278662e-01,-2.852860252255680074e-01,6.034773522702312210e-02,7.090378650689191375e-02,6.670261509102388964e-02,1.104211676641343176e-01,-3.680546597953268662e-02,-7.023408789141763475e-02,4.078323686047412300e-02,-1.347843806623496843e-01,-3.075984861782830870e-02,7.153536631421744674e-02,-3.773128349399799270e-02,-1.586838885870558297e-02,2.927432148376489796e-01,9.734858881595041813e-02,-2.521846929927385461e-01,-2.799202461622072313e-01,6.496028645751064645e-02,-2.689476082832114590e-01,-2.966484014463577901e-01,-3.059459027008744059e-01,4.824102663880605255e-03,6.297672558079416005e-02,4.692250282664350847e-01,2.279227405882856550e-01,2.809907443649646286e-01,3.337513285832056642e-01,-3.420600861449240443e-02,-1.635127439093881918e-01,5.210571649034226316e-02,-1.675788013324535849e-02,6.011331107944873492e-03,-3.155161391191683290e-02,-9.976691315820607198e-02,-1.006940850706543183e-01,-4.118213901107822261e-01,-4.700301426192515231e-01,2.048870895230744393e-01,-2.671705173288129176e-01,6.937123399976526106e-02,-1.597541404460949555e-01,3.595615690123408342e-02,-1.386491353368319579e-01,-3.261331932231800179e-01,-6.199529205384056441e-02,-1.135822663674150856e-01,-1.726153658077089412e-02,-1.079583867102499872e-01,-1.307718945036732971e-01,-2.052765733383800362e-01,-2.023116263941957815e-01,-1.951705764804201326e-01,-7.694785617702941394e-02,-1.627294174312219066e-01,1.656298322603753093e-01,-9.422116014195743017e-02,7.166438331438929055e-02,-2.800118642863983973e-02,-7.010997564325600895e-02,8.080657734566711048e-02,4.739292247361968219e-02,-1.390101381097376965e-01,-2.763766881592180646e-01,-2.933485232937131371e-01,-1.759023046135134716e-01,-9.556402591559559623e-02,-3.026264709051310065e-01,-1.695660014314482322e-01,-1.128133644193716201e-01
-1.011342376474537591e-01,-1.611208058320199310e-01,1.763385365692617113e-01,2.263051763957034390e-01,4.208965295477772872e-01,3.286497475667132795e-01,3.798598966149055456e-02,-3.618547407982018738e-02,3.829770375330205923e-01,0.000000000000000000e+00,-5.023989721878806963e-02,-6.967676486162700800e-02,-1.100321741471456914e-02,1.167403210652187273e-01,4.269581857520418633e-01,3.421100359447760697e-01,-1.239531804219267119e-01,-1.756193267846989647e-01,-1.923041051208327357e-01,-2.454501494866134781e-01,9.030354205666712986e-02,3.049360277545143383e-01,1.420671602112622556e-01,1.654988007609430600e-01,2.775641734074559275e-01,2.419541565465525568e-01,3.133982109081348000e-01,4.073709123416389133e-01,-9.503573318046328045e-02,-1.588431959072225952e-01,2.595725864750232995e-02,9.650650474979240168e-03,-1.770017729957881203e-01,-1.293449515302017294e-01,6.062279148064477624e-02,7.763719585236265874e-02,-7.422717234744811987e-02,-2.299998004591658970e-02,7.044714805378791966e-02,1.769482805118589019e-01,1.503497965098126443e-01,1.006153406482051815e-01,-4.063904038479856373e-01,-2.946505629328267650e-01,-2.811759310307163084e-01,-3.136297655196191303e-01,-2.848551145655847106e-01,-3.962428310488199656e-01,-1.854196495837494851e-01,-3.174510041839876950e-01,-2.087278435817883082e-01,-1.438763533691855834e-01,-1.274220822241654283e-01,-9.526817564844898556e-02,-5.673522638770327892e-02,-6.137203178334064285e-02,-3.082561232371290871e-01,-2.400203645527234919e-01,-4.019139264332149408e-01,-3.522855003980882027e-01,-1.306439757343584862e-01,-1.448057256325072650e-01,-1.826912759780951467e-01,-1.473095701053826756e-01,1.722966454717701490e-01,9.897633478172376820e-02,-5.907891531109481231e-02,-9.038791300965649811e-02,-2.091068478553904653e-01,-2.103581293304257749e-01,1.437419095656997658e-01,2.344223806892270778e-01,3.537141958229155225e-01,2.269993029363869541e-01,1.835829607473641045e-01,6.053476813732748540e-02,1.688344952437696722e-01,-2.092574836847134467e-02,7.853071270726844078e-02,1.428707715939824818e-01,-4.959485820037533993e-02,2.650128349866304536e-02,4.933223436385735308e-03,1.088249423572267421e-01,1.154728630860353718e-02,1.754543107761860343e-01,2.986710512245222549e-01,1.907468001884578546e-01,1.955377438109990595e-01,1.426292069063533063e-01,-1.891938245886550518e-01,-1.212817686373925119e-01,-1.389603372116416519e-02,-7.440251622033713930e-02,-8.617282198525065551e-02,2.607443559984456427e-01,-1.295938723800880432e-01,6.591865637288812918e-02,-2.395447709370288614e-01,1.268993567539818644e-02,-1.701990276839149829e-01,-8.937787493856372278e-02,-8.343228653624200353e-02,2.854096960128420235e-02,8.768273223489615742e-02,9.293805975717643608e-02,7.590542828262396291e-02,1.415090865778438102e-02,-8.904834901592367791e-02,-1.820201951808770313e-01,-1.871039937424212041e-01,-1.540080021208407868e-01,-9.550780063364276706e-02,-1.496070775494588168e-01,-1.080615558291361453e-02,1.773597882815256821e-01
6.521062782307189831e-01,3.774518262029057381e-01,3.613594536251955591e-01,2.740846206213712333e-01,1.731063415326191124e-01,2.479240421989562515e-01,5.754069446192918713e-01,2.696822882201156957e-01,3.612691987774598323e-01,-5.023989721878806963e-02,0.000000000000000000e+00,5.620447586624855996e-01,8.068507294027214005e-01,3.378135828780064465e-01,2.206685478491913210e-01,-2.694193270550062635e-01,1.420013591213610815e-01,1.868444752997784619e-01,6.193887177450275727e-01,4.729409916984873008e-01,-1.212816321944704540e-01,-6.080650390966501478e-02,8.907112849056129933e-02,1.240103714121465750e-01,2.225560314057852332e-02,8.645906452285799515e-02,3.304927012862413083e-02,1.971986619957814130e-02,3.506959972500281464e-01,2.580173140399925069e-01,3.882243377696612541e-01,2.469894011622098540e-01,1.637521038607418766e-01,1.716600852108751130e-01,-2.146530234881133814e-01,-3.332908023093615890e-01,-2.689921570108036453e-01,-3.613640486402824314e-01,-2.178409203633016600e-01,-3.200815931312101514e-01,-3.026607853284666860e-01,6.955437496941004050e-03,-4.481177747477660400e-01,-2.984222904881006500e-01,-2.648866319867688168e-01,-3.120067755198790427e-01,-2.318116255056420771e-01,-3.921464604168112267e-01,-2.092994920532362524e-01,-1.449180597585529862e-01,-9.106349563583249207e-02,-1.007805793720001064e-01,-2.142985802545312457e-01,-4.458488886275667751e-01,-6.615506849442343018e-02,-3.136462810257037437e-01,3.789474307391094698e-01,2.810539344073655355e-01,2.435939042504595697e-01,2.446331881253604457e-01,5.591015435735570138e-01,4.467317217520327954e-01,3.607072621074366436e-01,2.526692731365604572e-01,-1.546951388687952955e-01,9.847248913315108723e-03,-2.988636956800906908e-01,-2.680598143393457811e-01,8.841190440080669288e-02,1.402803607819625986e-01,4.321488521442058417e-01,2.768519470980905228e-01,3.904001209432507169e-01,3.758591873251451165e-01,7.612907106461971884e-02,9.375521563655361823e-02,-1.191833707238110357e-01,-1.875694172262370313e-02,1.269008582395679818e-01,1.249842504816355004e-01,1.715291236168118572e-01,2.340869060286988323e-01,-2.075135705879149195e-01,-2.844793122111095585e-01,2.347507929263144277e-01,-3.358509029903401083e-02,-1.235255298091659931e-01,-1.573638804271565439e-01,4.809465471001190401e-02,-2.439868215885832858e-01,-3.150897445488192172e-01,4.722871876617507070e-02,-2.217711461178229204e-01,3.468303259634246127e-01,-1.023149499310378879e-01,-2.288838681173073208e-01,-1.752246445358924543e-01,-1.616162738379401942e-01,-3.198051797660007856e-02,7.747671205661220417e-02,-5.360133623509441558e-02,3.033372499484693341e-01,1.627313489199176400e-01,1.927222097598992046e-01,1.997958584087758949e-01,1.704234093443192655e-01,3.112236091520539372e-01,1.649229529658896853e-01,-5.359281249350779375e-02,-2.344527422905382796e-01,-3.953240863363074453e-01,-2.050720679837015337e-01,-3.147981679180444359e-01,-3.187632664239273272e-01,-3.014338601022830133e-01,-7.922079615863428237e-02
4.114774417281744090e-01,4.014883487664316908e-01,-9.882150163701421131e-02,1.221499439702806306e-01,-2.108605897854926581e-01,-4.887327513312036270e-02,2.863057713237102675e-01,5.654440421805578820e-01,-4.102044461527158681e-02,-6.967676486162700800e-02,5.620447586624855996e-01,0.000000000000000000e+00,5.976715239401706459e-01,7.195737496355918417e-01,1.316133312899102348e-01,1.164551124507928609e-01,3.542650292834810810e-01,2.790127568460198937e-01,6.625647190022369015e-01,5.506495201439647325e-01,-2.331210406663292711e-01,-1.358443720781899455e-01,-8.606147217756474066e-02,-9.712330166253110852e-02,-2.785295499233249039e-01,-2.244165628426908754e-01,-2.693010887440878687e-01,-1.755720223472339026e-01,4.772133620187848368e-01,4.119105727780777992e-01,1.355491561741569706e-01,2.091440787655875211e-01,2.032845238277479483e-01,2.419096504254780455e-01,-3.777833001520552458e-01,-3.735118424693652517e-01,-3.263574253434455286e-01,-2.887922691628442284e-01,-3.851144913624230948e-01,-1.757019571766477439e-01,-4.965180353457848694e-02,1.187735707702250731e-01,-3.216003646899017188e-01,-1.739692377792217970e-01,-3.064159070164560461e-01,-1.522512030152396445e-01,-1.771816161016286084e-01,-2.283592422606366135e-01,-1.991997283596736723e-01,-1.820759570326389021e-01,-1.267313057346210470e-01,2.683000843656400264e-02,-1.529351814280174304e-01,-2.333032577686780795e-01,-1.523047106219954927e-01,-1.421069849293854215e-01,2.450259135332962523e-01,2.072464838530763964e-01,1.102078623365544408e-01,3.891938467513962330e-01,2.679192899689376572e-01,6.819296316901486410e-01,6.047753674466906926e-01,6.571895035691210918e-01,-4.592404078016956714e-01,1.545775806081670645e-01,-4.763375475723686803e-01,-2.310574394456329228e-01,1.638618075596018700e-02,8.320467922695543028e-02,1.294103114511742092e-01,2.732414404476134484e-01,4.014890240376098873e-01,3.298857815271556415e-01,-9.802633788149644339e-03,1.121115203552230655e-01,-3.099500735778272786e-01,-1.081579417135616339e-01,5.775360536304495473e-02,1.580374810023867649e-01,1.803674768255255634e-01,5.001913029326453541e-01,3.390454962022866614e-02,7.857362741150207552e-02,-3.235134291526908790e-02,3.425773706260708540e-01,-1.320209720022152700e-01,1.041727672913674713e-01,-6.469334318658723215e-02,2.541330080709748931e-02,-1.459700919906174454e-01,-6.567389995097289157e-03,-2.792399135214107542e-01,2.572198082688009757e-01,-1.434778745285323065e-01,-1.599392731056442640e-01,-2.616439639388474792e-01,-2.642417298669042514e-01,1.130251221674677953e-01,8.032693692023869236e-02,6.818292158522165636e-02,1.198819295245390631e-01,1.540612518184063529e-01,1.157561951430918223e-01,1.341427755523278698e-01,1.244151201834844817e-01,2.765837321717539710e-01,1.422501280934959644e-01,1.918962982385931252e-03,-1.638536167749220784e-01,-3.694385395318714460e-01,-3.301824023810583791e-02,-2.523405917436946644e-01,-8.221509190552782342e-02,-2.221028501521231935e-01,4.563634400164284528e-04
6.158777595684172823e-01,3.613176589716217135e-01,3.126740485716286710e-01,2.018147378534002889e-01,1.249855996730699359e-01,2.736245589789085275e-01,5.495081406808309810e-01,2.685642885125999468e-01,3.228608867215317924e-01,-1.100321741471456914e-02,8.068507294027214005e-01,5.976715239401706459e-01,0.000000000000000000e+00,4.344980860328900296e-01,3.085987498689125585e-01,-1.238942247222197535e-01,1.195801328978849942e-01,1.255543173899711373e-01,4.012618922201623972e-01,3.451207293387061337e-01,-8.591310316627712163e-02,4.798804407822697751e-03,3.748545594037645812e-02,3.485699600161579897e-02,-2.266759048636215329e-02,4.836474868866078025e-02,1.727540672180961565e-02,4.989676621649043187e-02,4.033252721909670324e-01,2.562974696481116754e-01,3.241667053932563713e-01,1.992823844110591103e-01,1.254817724849768279e-01,1.001290369000267244e-01,-2.442487536701856976e-01,-3.659431867953144568e-01,-2.475995352674958683e-01,-2.759272844330663554e-01,-2.486440550387226389e-01,-2.136683973020493121e-01,-2.662158893027608553e-01,2.761885607644476784e-02,-3.799454840536996003e-01,-2.578285879828008387e-01,-2.406290183488216383e-01,-2.367768638709290829e-01,-1.381792589872305188e-01,-2.425969337983136243e-01,-1.489877283546784670e-01,6.297745803768198258e-03,-1.063808273586645120e-02,7.765775345958619846e-02,-1.517011636742261471e-01,-3.107078461486357801e-01,5.162488113284799396e-02,-6.753848469015415190e-02,2.995436790724428366e-01,2.670673412332624230e-01,2.542681090834495450e-01,2.279801546306159943e-01,5.671469985616682807e-01,4.691863690708044654e-01,3.088666199263679357e-01,2.592810100999825007e-01,-1.489531024356537392e-01,-9.887318071497022687e-02,-3.238562294964713040e-01,-2.558709733386684837e-01,5.160614362281146922e-02,1.450605075626408835e-01,2.619120996975293769e-01,2.797762657762031258e-01,2.844666759157069014e-01,3.249905894366995618e-01,6.760206873855208187e-02,1.502499525189038010e-01,-1.284737191231690723e-01,2.401148189848748352e-02,5.612906228744073134e-02,7.000265495326418730e-02,4.493433873339015838e-02,2.364330421533634430e-01,-1.559710180756596620e-01,-2.220098759248796960e-01,1.206256312578802559e-01,3.037296913929209488e-02,-4.754512719158215939e-02,-4.137765525708916869e-02,7.719604207789589057e-02,-1.040378699219663000e-01,-3.611039910800397656e-01,4.478815382026186953e-02,-2.684037379087475528e-01,3.530827124604571932e-01,-1.807236944257784028e-01,-2.176199924955881104e-01,-2.750322063658444671e-01,-2.245437607815191916e-01,2.890542974702488277e-02,9.327775912293527483e-02,-1.108267525364746292e-01,2.796982249259886699e-01,1.154183684638761531e-01,2.195493090307539807e-01,2.528699290305021496e-01,2.377841065672318399e-01,3.541637675409730623e-01,2.429462197659936762e-01,-1.227680500234724220e-01,-3.142241403193940519e-01,-4.604690569580375814e-01,-2.852984285217438076e-01,-4.202881338910947062e-01,-3.940241302838392579e-01,-3.217346587726147566e-01,3.735270482092639677e-02
