0.000000000000000000e+00,7.717429670019849697e-01,2.473058353064301607e-01,-7.106290585957122929e-02,-8.253124786345487907e-02,-9.518212734569629629e-02,3.560233410110967833e-01,2.168873558790323786e-01,6.177939416677557388e-03,-2.896378620160117157e-01,3.825267684149349923e-01,3.465812734129677386e-01,4.119368610648098117e-01,3.166530328976315811e-01,9.336481654272345276e-02,-2.298893663652046004e-01,3.583204070710175881e-01,2.286212948389767796e-01,3.836332929164021355e-01,5.050261297562042007e-01,-3.264417300302962510e-01,-2.774596702316337038e-01,-1.200401819554198640e-01,-1.228959155381099400e-01,-1.048787429468305277e-01,-3.525039520335103149e-01,3.989538510336994304e-02,-3.863793550721877357e-01,2.854518204859821107e-01,1.005329992121561655e-01,-7.572304820452721574e-02,2.652935297849123852e-02,3.718995377526427282e-01,2.836930301938423993e-01,3.822730211353279201e-02,-2.607910439787864409e-01,-5.468131181442564825e-01,-5.947272869738181589e-01,-2.533317086020888675e-01,-4.497454266779670196e-01,-5.021304048904560169e-01,-4.265210265606769746e-01,-3.281291513753989419e-01,4.120750965043819963e-02,-7.584125814683802258e-02,-1.693955616828840827e-01,-3.821784727044094110e-01,-4.940647204854685670e-01,1.606732055754337418e-01,-3.770017937839712646e-02,3.588180357627657191e-01,2.306783305053270727e-01,1.006218440767567418e-01,-1.769583941777231051e-01,2.339552870489157443e-01,-1.070423970065913638e-01,8.188790100328169341e-01,6.161867824120774717e-01,3.701352564212474494e-01,1.021044347650061912e-01,5.345382025808069759e-01,2.172814892625425931e-01,3.610368719513043501e-01,2.316375372616143180e-01,1.573302370952600338e-01,9.139002460921695492e-02,6.085166522371197872e-02,-2.744689894768683192e-01,2.878415582565493347e-01,2.999091223796801486e-01,2.444361211948179735e-01,2.384785907446823616e-01,4.302636316887160639e-01,3.884605326349042653e-01,4.100922731629941254e-01,3.964716122800222009e-01,4.095236505925259340e-01,4.029994590079331584e-01,9.340716362992479427e-02,1.088051706509101102e-01,2.110545132877089114e-01,1.265021355236686795e-01,-1.656168339555268848e-02,-1.650681764627710824e-01,8.079653975807023214e-02,4.547948735001958176e-02,-9.332373011401760843e-02,-1.045238359784471383e-01,1.545537173769785666e-01,-3.853335435550593324e-01,-4.544534145165122219e-01,-5.847074776657256168e-01,-4.047722990440917878e-01,-2.896002769480446881e-01,-2.881740821382506867e-01,-1.440553189393176114e-01,1.297397130380204822e-01,1.753539547690213252e-01,-9.866001600099602933e-03,-6.170491665410927223e-02,-2.364459679978481513e-02,-6.577880125985044457e-02,-9.796047488923692592e-02,-3.957371165110313282e-01,-1.054929684361972375e-01,-9.859736438266719638e-02,-2.793022101766526322e-01,-3.748059020973013022e-01,1.346325730008243182e-01,2.279265016293680612e-01,-2.865279461500547242e-01,-6.212672874412061841e-02,-7.383343346538019658e-02,5.078103468795530651e-02,5.202827989108517459e-02,-8.503158838410637688e-02
7.717429670019849697e-01,0.000000000000000000e+00,4.313102987440208258e-01,3.338947387520516119e-01,-2.440833382261494711e-01,3.888253754934186540e-02,3.889625007265470336e-01,3.618939851011204745e-01,-1.165707733801757268e-01,-1.355563769030439236e-01,3.799353207901092211e-01,3.570313857128953883e-01,3.455966975668546270e-01,3.455415332309396681e-01,4.891348245082826479e-02,-1.487332852580640352e-01,2.614491717440930452e-01,3.441607594516228885e-01,5.621759086769043678e-01,7.036185819089215698e-01,-3.682117420737974767e-01,-4.231299494383146120e-01,1.118969758921059682e-01,2.613015857764633965e-01,5.925160453917931516e-03,-3.176335625733447965e-01,1.121045074054941443e-01,-2.266439517425463956e-01,2.757483752251773668e-01,1.184490650451511390e-01,1.308767476338368041e-01,1.576528686117056044e-01,4.572129815993271618e-01,4.150860237799829378e-01,3.439890242988483116e-01,4.929652558652480171e-02,-6.198450022387755887e-01,-5.922019459057907831e-01,-3.289389422642058358e-01,-5.099403457413571594e-01,-6.269993569084298946e-01,-4.798741105001002594e-01,-2.427992239815564557e-01,1.228888233321614454e-01,2.025767880586570868e-02,-2.519833187704990096e-01,-3.005596665249922195e-01,-4.603337022346233320e-01,1.853460076662629963e-01,-1.081011393679791599e-01,1.995484116292291221e-01,5.368894103186882399e-02,-1.028611192793988521e-01,-3.752552030370891467e-01,2.185693991291019211e-01,-3.309431639298479610e-01,7.654749742764158649e-01,6.849795405308652940e-01,1.756052894060396719e-01,-2.207532790994121488e-02,3.578751334192005196e-01,2.507089298408662903e-01,2.591284838203674057e-01,2.660929038586192785e-01,1.920968425922013889e-01,2.171526509635073876e-01,2.623804384597139272e-01,-9.974269355407490434e-02,2.995497665765106121e-01,4.724031990241549517e-01,2.677117401717021838e-01,4.320727316768417370e-01,4.801258410268037791e-01,5.780773459589674257e-01,4.613548487966609435e-01,3.491743290067359506e-01,4.777353963773123269e-01,4.424693679384668066e-01,3.633648441056784584e-02,1.725036445230503646e-01,3.238640190246502293e-01,1.581319386997912524e-01,-2.055211530169523959e-01,-7.222436504448502548e-02,-1.203231323745374351e-02,-2.682063475452619705e-03,-1.057804475750511869e-01,-9.217052563522114272e-02,-9.573175377241247008e-02,-4.560489399215838513e-01,-3.023069197588212909e-01,-6.295978144313095770e-01,-2.982247202303080491e-01,-3.442623369925655319e-01,-3.834490549986461772e-01,-2.174436610695980876e-01,1.009561510705155180e-01,1.346657985589738427e-01,6.642124881326579022e-02,-9.028925053475561624e-02,-8.571354746333562091e-02,-1.100410589818914819e-01,7.020041780884330590e-03,-2.538254117824799705e-01,-1.147298215648978742e-01,-8.508495918539149550e-02,-2.344574361455374067e-01,-2.715573353735671325e-01,4.931950161788541814e-02,6.391691154140503872e-02,-2.195950802624326570e-01,-7.785884548854708764e-02,-6.906851910540473538e-02,1.778231498372647434e-01,1.395603597496407611e-01,-1.578826126227423077e-01
2.473058353064301607e-01,4.313102987440208258e-01,0.000000000000000000e+00,5.215583745591185760e-01,1.195010974187962621e-01,9.908236277345267018e-02,8.225627217753012088e-01,5.972325005357582706e-01,2.837542357552837458e-01,1.086823727380355903e-01,3.748251015262376584e-01,3.004802724493366717e-01,5.336379513740877600e-01,3.694300511852921520e-01,5.098412381631305390e-01,1.884107484347609662e-01,5.578244853372017753e-02,2.010124143570665989e-01,7.205368776213051385e-01,6.175782009241642667e-01,-2.572016969880798754e-01,-2.166421412775407784e-01,7.423799991970984058e-01,5.965463190823303563e-01,2.159529783770538225e-01,3.864605354527418830e-03,1.756246656841232989e-01,-1.532625286746634174e-01,6.308109352253996049e-02,-1.075551320516366510e-01,3.986243404493749476e-01,3.747164073516559002e-01,5.628355906368840422e-01,5.330575918481889053e-01,4.346640697023623767e-01,2.851716066674273020e-01,-3.994875964986331351e-01,-5.722411529706230571e-01,-1.347256613213516641e-01,-3.449692902502393133e-01,-2.991109107340710338e-01,-3.403071971970003107e-01,-4.080791303637348877e-02,3.235159659705728608e-01,1.780868933497475048e-01,-1.515698848215518701e-01,-3.503975542706622703e-01,-2.968168877113704363e-01,-8.694198630049783383e-02,-3.606428032836240249e-01,-3.102314727771244840e-01,-3.589053130407854897e-01,-4.438668882910486446e-01,-4.553128018616469097e-01,-1.706024167080243403e-01,-4.926963792770446271e-01,3.329704708888920894e-01,8.646662376666905403e-02,-2.929509671556363437e-01,-5.293308535427057038e-01,1.845885245881242198e-01,3.272623234977643791e-02,3.188786732925543155e-01,1.485218627129359092e-01,7.438461435270350419e-01,2.590464522919512236e-01,1.245645860754670403e-01,-2.846587661242804337e-02,1.876895379264062469e-02,1.273559625803745710e-01,4.404590314746100188e-01,5.154633717953482908e-01,4.744929114757761579e-01,3.929448012289712411e-01,1.310532007204610050e-01,3.223820575852320292e-01,1.113910903861258239e-01,1.221443561435652525e-01,-3.053228724348873088e-02,1.741315633632090076e-01,1.389425446000565334e-01,-8.729274075520261633e-02,-4.905707985947872773e-02,5.964912916904446631e-03,1.978967537607640992e-01,-2.656695263668212292e-01,-1.767498691616284368e-01,-3.176312742789639404e-02,-1.449473024694571399e-01,-5.183657012863884805e-01,-2.886419877052790461e-01,-3.886103932998741795e-01,-2.172393634275133489e-01,-9.426046146915705026e-02,-3.022372356242723490e-01,-1.978630476277944694e-01,1.319954987288609639e-02,1.208776011171698028e-01,-1.009143041941519270e-01,-1.537202537949325376e-01,-2.509678287686414877e-01,-7.720394265944051371e-02,-2.176216653134706649e-02,-3.613604189159840829e-01,-1.866502324952638847e-01,-8.605416874591081955e-02,-3.812962686193576700e-01,-3.593063242576607363e-01,-6.426064814232297639e-02,-4.487429505025908316e-02,-2.971557757718869541e-01,-2.754274882093464827e-01,-2.724135268286643208e-01,5.871194516425231463e-02,2.253420657549051465e-01,-1.559199676047192118e-01
-7.106290585957122929e-02,3.338947387520516119e-01,5.215583745591185760e-01,0.000000000000000000e+00,3.265947099576238521e-02,2.629533603027733868e-01,2.212422702980932632e-01,4.644999436287222117e-01,-1.379224495752226498e-01,2.522055225522166211e-01,1.106564818679862255e-02,1.037759520963727200e-01,-3.569421094509889203e-02,1.209667388116016096e-01,5.170229425535572548e-02,2.113813175507568420e-01,-1.490919953872612558e-01,4.461589189974219521e-02,4.971724951961842831e-01,5.382553931923643731e-01,-2.255037030192605652e-01,-1.348034473374658815e-01,4.850046177481914800e-01,7.032020183500776733e-01,2.693526157534159027e-01,1.751501874113153834e-01,2.732144040133962504e-01,9.898791746985570461e-02,-6.813513195756838725e-02,-9.808585953475723596e-02,3.152429572768790655e-01,3.375605057225121164e-01,2.382772031997672790e-01,3.544353077418503362e-01,4.755141199741692026e-01,4.978287027874783721e-01,-2.066746296712569653e-01,-1.714733327586522582e-01,-3.233434346426646844e-01,-1.526673867907656912e-01,-3.528291331273224474e-01,-2.197973364292383214e-01,1.184917338467482428e-01,2.259078083394441272e-01,2.056141414919726851e-01,-1.033013128100829237e-01,-4.435631740255888134e-02,-2.734817377575759004e-02,4.407508814133567071e-02,-1.501396344210884082e-01,-2.665629755532701317e-01,-2.757361434696024016e-01,-3.613087183831718563e-01,-3.376685122514401227e-01,1.336383428792899640e-02,-2.046158097939683729e-01,1.401529745400325322e-01,2.095806186922980208e-01,-3.177929687832174444e-01,-1.489213245915702588e-01,-1.608870250874309960e-01,4.085055253199861292e-01,1.340717116544494492e-01,2.718513315400724051e-01,1.616727509109180672e-01,4.850850370694592129e-01,2.828942068016215838e-01,3.256406940825428697e-01,1.685730458025697376e-01,3.368017007434655485e-01,2.022926738389327350e-01,4.502399287889860546e-01,2.399447916069812892e-01,3.049244314035272629e-01,4.831722342880517829e-02,2.243559318418426596e-01,7.280956802745366940e-02,1.450455061549167923e-01,-2.124087630548225913e-01,5.502998045605921734e-02,1.865603418810718173e-01,-1.774703283232019826e-02,-3.071228427181814657e-01,2.177674881229301612e-02,-1.624866057384447560e-01,1.429988891105018860e-02,-1.841615702408181954e-01,6.671995101456704158e-02,-4.133016122057985853e-01,-5.073477485956662952e-02,6.650753555320947086e-02,-1.806951837028148156e-01,3.070321681692556558e-03,-1.500198885816177996e-01,-2.812018888376289216e-01,-1.822778548536873322e-01,-4.499635222877359370e-02,1.910477453936397785e-01,1.056567646656806636e-01,-1.233459133373233929e-01,1.101226617832379434e-01,-1.178890275012167838e-01,2.587844345713373184e-01,1.760462844319980458e-01,-1.032574677319367112e-01,5.186686127747056757e-02,-8.366450908635827965e-02,1.773875727097888322e-01,-1.512829646158738162e-01,-2.163383207152197452e-01,-2.780654334022599622e-02,-1.636842482359781581e-01,-1.026671050549964187e-01,2.466276458407822558e-01,7.952085832883597216e-02,-2.380307171534838118e-01
-8.253124786345487907e-02,-2.440833382261494711e-01,1.195010974187962621e-01,3.265947099576238521e-02,0.000000000000000000e+00,4.550255939394655114e-01,1.453559618457155381e-02,-1.483364407993370826e-01,2.167887678039885080e-01,1.629559330802256845e-01,1.722077042146300321e-02,-1.286934792615228029e-01,-8.998298623564975757e-03,-8.338710638743923598e-02,1.894995999647770824e-01,7.095900819899507439e-02,1.625319203395946266e-01,9.598525284466502550e-02,6.448695375476518055e-02,1.325614524203994338e-01,1.257289230059320008e-02,4.418811830769315413e-02,2.547414308004233852e-01,2.926822358573940019e-01,5.015556330766304249e-01,4.596078882129359666e-01,1.094188980331435440e-01,1.449504551008277964e-01,1.451312267678021017e-01,1.235645310806675473e-01,4.087450366306163430e-01,3.526935401503720202e-01,1.924794344124772238e-01,2.535093158219826059e-01,1.083475460771659987e-01,2.364759078410946236e-01,1.178119436530969573e-02,-7.987442156032706353e-02,1.259533249688084555e-01,-1.124065023416862541e-01,1.508757954857344041e-01,-3.709625624592737588e-03,7.808399913444472040e-02,8.746382016780462898e-02,6.844151876763969466e-02,-1.313961011675703339e-01,-4.681103807538408018e-02,-3.619497465076560588e-02,-8.904366258081798657e-02,-1.687272152440713602e-01,-2.871370862174637550e-01,-2.669844323596315960e-01,-2.242595474783774245e-01,-2.278215629546568310e-01,-7.847500314019568990e-02,-8.189850999206590987e-02,-9.459783392238906019e-02,-3.519433596458135804e-01,-4.356232274010186090e-01,-4.146606669570644943e-01,-3.596452678728226937e-01,-3.060570815938093436e-01,-9.305179206558650273e-02,-1.479670856982375493e-01,6.601785901785281463e-02,1.295693173376142315e-01,-1.488833383785437836e-01,1.532958287508741080e-01,-4.786768505694758563e-02,-6.933971265984806287e-02,2.190539371999816742e-01,2.115243836886856466e-01,2.069224319809337687e-01,1.189412615069208035e-01,5.315595254652312474e-02,2.187553673002964050e-01,1.528283105713134638e-01,-4.906599696159964774e-02,2.633213358974621499e-01,1.501919420699504015e-01,1.911510105530114800e-01,-6.610130728654198262e-02,2.365214594294479389e-01,1.402530923311537947e-01,-9.610041083895029534e-02,-1.592938285425130052e-01,7.926373274996618978e-02,1.341157117483008088e-01,-1.950018698731840472e-01,-2.197042287092406190e-02,5.274230050450984947e-02,-2.428677079726888899e-02,9.179578477479463650e-02,-1.522175479372725182e-01,3.141338876778517197e-01,3.741498029017351623e-01,2.448004932706521752e-01,2.802540864286042210e-01,2.752763411260546467e-01,3.282760950007665435e-01,3.970449780735715861e-02,-1.218142616595933037e-01,-1.419218869558308005e-01,1.864483286414439370e-03,7.148244098466323415e-02,4.191703901255940806e-02,6.682400713015870797e-02,1.500534980720930334e-01,1.698766070431865505e-01,2.813672220518592670e-01,1.046470231685421026e-01,2.172171863177631557e-01,4.418729677441743386e-02,2.096502170531287235e-01,2.133339790111817846e-01,2.543920872296160929e-01
-9.518212734569629629e-02,3.888253754934186540e-02,9.908236277345267018e-02,2.629533603027733868e-01,4.550255939394655114e-01,0.000000000000000000e+00,1.114377030913118148e-02,-2.843399134890915204e-03,1.057800549092465826e-02,3.959792952381790965e-01,2.441328171376531964e-02,7.596149174585425067e-03,-3.154090471254537148e-02,-1.467195234611795226e-02,3.405474547951981880e-03,4.520126325536633766e-02,1.353807400764455993e-01,1.490525508335712179e-01,7.240417179424728233e-02,2.377266617129004389e-01,7.064690273148628574e-02,-1.531700154918771706e-01,2.286756831041134863e-01,3.800783098432015117e-01,5.711186886139444363e-01,3.874593894744275402e-01,2.177317868768946507e-01,2.410718038729279256e-01,1.559982734597243903e-01,3.756685282455721198e-01,3.966561753780531441e-01,3.220203278467622110e-01,2.444062623332877160e-01,3.788330383701529747e-01,2.907301322841317481e-01,2.480967346833515552e-01,-1.007767246634024561e-01,-1.715684952649109696e-01,4.436347838067130982e-04,-5.318456299204736559e-02,-1.307370494698728014e-01,-1.623047407523087737e-01,-6.486024354304598116e-02,4.010151865460372632e-03,-1.028654046721848847e-01,-4.257332957224740921e-01,-6.195835645433934308e-02,-2.228404994015288909e-01,-1.519255439119018003e-01,-3.179476688288089825e-01,-2.635965013093747311e-01,-3.896306140608745694e-01,-2.483729694821777967e-01,-2.772856082506094388e-01,-6.305961335248609634e-02,-2.878676026835313428e-01,1.139806907338211141e-02,-1.616808035237019825e-01,-4.359350921235958243e-01,-3.543425691011762302e-01,-2.405691753699968904e-01,-7.454402005033050616e-02,-2.547573621174661351e-01,-7.521732061931155067e-02,1.917329864143621498e-02,2.002651746425979373e-01,-2.497732057683924589e-01,3.105342417930536530e-02,8.188894186252454466e-02,1.933557143744912832e-02,1.349886834996003870e-01,3.147919531645685942e-01,2.480123275132178062e-01,3.459689495424367878e-01,2.012908455018720677e-01,1.633913309405023995e-01,2.918325575988605092e-01,1.266286526296317716e-01,4.264287895859401600e-01,2.726546126248115542e-01,1.951324187513959751e-01,-1.951942386370809079e-01,8.175428008555074566e-02,2.593296810681086084e-01,5.874505346769771236e-02,-1.276313922104292953e-01,2.885999167885711439e-02,-3.699220392809044605e-02,-2.166380142953821253e-01,-1.357888047424430367e-01,2.522730910392275150e-01,-2.084441580365781754e-01,1.764355106473579349e-01,-1.505759081801887334e-01,2.624498979392624332e-01,2.139543917258668326e-01,3.284940699217359095e-01,2.597776955112663932e-01,2.444452929265606977e-01,2.597902644106962478e-01,-1.525196566242191243e-01,-1.128410946002753878e-01,-2.356220846469840313e-01,-3.422991144358483728e-02,1.710701182293900557e-01,2.112844432094383440e-01,1.226439285214946245e-01,2.090538928739711644e-01,2.327326771942537231e-01,3.577412206237223780e-01,4.517428185436767052e-02,9.127365121471230774e-03,9.293239208255302253e-02,2.600177417577957395e-01,4.244009798233847608e-01,2.081024235024963587e-01
3.560233410110967833e-01,3.889625007265470336e-01,8.225627217753012088e-01,2.212422702980932632e-01,1.453559618457155381e-02,1.114377030913118148e-02,0.000000000000000000e+00,6.520802314579106085e-01,3.578755359373007594e-01,7.231083131663602892e-02,5.029338397610308986e-01,5.680125482520634872e-01,7.573234165680573504e-01,5.309640692302298737e-01,5.287041834835788379e-01,1.456847027136004558e-01,1.045522569578054423e-01,1.880855228599238871e-01,5.285644351880854908e-01,4.312453786094230801e-01,-1.222471028125067249e-01,-3.113286962846033012e-01,5.588673632159484317e-01,2.986842850257609427e-01,3.979143268939001193e-02,-2.301237174974062050e-01,7.150204939994184161e-02,-1.926443716181580612e-01,1.890658197806008023e-01,3.711893218538200954e-03,2.762816325277356877e-01,2.465459659492027222e-01,4.904298837163152402e-01,3.842080662293587134e-01,2.137717845424401408e-01,-7.136583040883685836e-02,-4.029245649381323346e-01,-6.238201896499582233e-01,-1.095238947650455097e-01,-3.765611014404839918e-01,-3.053486154809995079e-01,-3.850498599963010360e-01,-1.174856517630784719e-01,3.570539223801443840e-01,1.383129457826479114e-01,-1.214018969024790728e-01,-4.057648609425735797e-01,-3.775034969480995373e-01,-7.538911680896115408e-02,-3.313342474298950346e-01,-1.423176991231022148e-01,-2.047587886516006872e-01,-3.263118363277942580e-01,-3.544351096894295949e-01,-2.598336646698854446e-01,-4.118314838942628286e-01,3.002304996213341348e-01,5.301107775499631913e-02,-7.661068269043233570e-02,-4.645314721854496565e-01,5.008054369533968542e-01,9.880078983002674176e-02,4.555121379499653678e-01,2.322807408544041163e-01,8.001426846235768497e-01,1.194669243437646161e-01,-5.244122346162295722e-02,-3.015241918297457135e-01,-1.159634375964131159e-01,8.963324316118809892e-03,5.410028823656285457e-01,5.096163118557627270e-01,4.775923981999675716e-01,3.575050471472032698e-01,1.979825875978432903e-01,2.331843761625390643e-01,1.208592977908745508e-01,2.544158507013252746e-01,6.854739201060203180e-02,1.876138893076422787e-01,1.913305430571493951e-02,-5.457094406019669108e-02,-3.472750113507866443e-02,6.301126955055691425e-02,2.379468361659875242e-01,-9.326976943117862295e-02,-2.205322970688691209e-01,-7.177100119211550500e-02,2.559403330478412369e-02,-5.530685247897627610e-01,-4.576879106914960027e-01,-4.526494136010890679e-01,-3.792199182628290810e-01,-2.019021729038323471e-02,-2.621968669489617709e-01,-1.952817784136650081e-01,-2.555377505736170646e-02,6.296226952379925523e-02,-2.264379547396862535e-01,-1.159382851889628613e-01,-3.395622215995962034e-01,-3.514210435738975707e-02,-2.641961707620315014e-01,-4.715847188832414383e-01,-1.734805208057531856e-01,-9.014992343712706357e-02,-3.569439226651538455e-01,-4.404114574334653254e-01,2.599369560236703888e-02,-5.285774170957702189e-02,-3.900421441130044742e-01,-2.874860946968296749e-01,-2.466364659485928146e-01,-1.796695991780790369e-02,2.935067295336499793e-01,-9.416597056194948856e-02
2.168873558790323786e-01,3.618939851011204745e-01,5.972325005357582706e-01,4.644999436287222117e-01,-1.483364407993370826e-01,-2.843399134890915204e-03,6.520802314579106085e-01,0.000000000000000000e+00,3.915747474889454960e-01,2.584699866001220481e-01,2.874835156570206274e-01,5.188047812154396032e-01,4.271607802185870550e-01,5.398601688795919840e-01,3.253107501475083208e-01,1.244188012882404409e-01,-2.393065183692099918e-01,2.864130830724793964e-02,3.905486344251642428e-01,3.216874151195903697e-01,-1.560437949739936769e-01,-3.034128658034116466e-01,4.477969765247596379e-01,2.188638469975068279e-01,-1.427679972127154362e-01,-2.675811513737588743e-01,1.766382794335118744e-01,-1.568962363235298918e-01,-5.958524075846489271e-02,-8.575894259090553751e-02,-1.199173876233068821e-02,5.092316683891885687e-02,2.371561378038986312e-01,2.176636928036244922e-01,2.089933521873902078e-01,3.787161106841233082e-02,-3.876773762805540424e-01,-4.769816650981448247e-01,-3.689564998138074037e-01,-3.260189490250307021e-01,-4.004631612313957478e-01,-2.974934728283687435e-01,-1.652465247280249516e-01,2.608910211658383438e-01,3.496102330000046970e-02,-1.934495045126188861e-02,-3.174694285047903186e-01,-1.575412281783923341e-01,-2.790560857249181279e-02,-5.781632469443705874e-02,1.828055182477228147e-01,8.373019225094803508e-02,-3.136922403384725250e-02,-1.744351240621422883e-01,1.390984184954394999e-02,-2.551500131476596711e-01,1.900646729901683540e-01,1.849928620591718142e-01,6.688888575212342813e-02,-1.068770404245032585e-01,5.398511101092274833e-01,5.820955328794852335e-01,3.078264990813968094e-01,3.977329018332672050e-01,5.189741110388378376e-01,3.105691985559480561e-01,-1.656032271119349183e-02,-2.290096843583299124e-01,-2.168454781939002929e-01,-1.004208264726036241e-02,3.658988586994739167e-01,3.240120309896910022e-01,2.604127603028976723e-01,1.820363018428604873e-01,1.736674764204581833e-01,2.155173467221540851e-01,1.541101596756399260e-02,2.178766205212208096e-01,-2.234859696408612040e-01,-9.112375600036104820e-03,-1.011407922480540428e-01,-1.775909153342777880e-01,-3.244078510715066588e-01,-1.632226083771595448e-01,2.912411077677145577e-01,7.283671397298142891e-02,-3.473537212615160907e-01,-2.525897176597581839e-01,1.359135069157656195e-01,-4.468644179810557504e-01,-2.340825805202396137e-01,-3.414696183308955080e-01,1.439885559860010905e-02,8.563450928158838904e-02,-5.602571605559691914e-01,-4.861914857831371450e-01,-3.515986101338067216e-01,-1.825607720125335676e-01,-2.781426403223891120e-01,-2.294545078016175521e-01,7.265964475925992816e-02,-2.445106590762246776e-02,-1.387533592216962375e-01,-3.960392157989756634e-01,-1.638295546689422233e-01,-2.033624759629073242e-01,-5.332565888475582216e-01,-4.260799297056684920e-01,-1.456121728770379820e-01,-3.407230553300463760e-01,-4.948172786257826750e-01,-3.776705173181209019e-01,-1.183064997506737270e-01,4.729911727704008001e-03,1.875516970454252086e-01,-3.217477095954470179e-01
6.177939416677557388e-03,-1.165707733801757268e-01,2.837542357552837458e-01,-1.379224495752226498e-01,2.167887678039885080e-01,1.057800549092465826e-02,3.578755359373007594e-01,3.915747474889454960e-01,0.000000000000000000e+00,3.468045770384621251e-01,3.631096452936745100e-01,3.149828307281874462e-01,4.423343625620317354e-01,3.972360580459486368e-01,4.242424677767462904e-01,2.874456569968558695e-01,-4.689785967871421685e-02,4.390693843376226868e-02,1.200876436482157666e-01,-1.446425432003552169e-01,1.088883372254374204e-01,-3.261959766715778058e-02,3.444105908033465724e-01,-2.065230972729793085e-02,3.203649179331236746e-02,6.695795019879545971e-03,3.018855080612918851e-01,-7.460230958562606707e-02,9.341652370990360596e-03,1.404267317498285039e-01,5.440162499067305313e-02,9.130429087078239386e-03,1.793500191316175219e-01,6.795538660223775229e-02,-1.034477015921102805e-01,-9.988266476113921710e-02,-8.173256352795862933e-02,-2.605612592439242592e-01,-1.063482445120725872e-01,-1.879399988327633275e-01,1.193430354268806559e-01,-7.737174226667511978e-02,-2.862384762064970611e-01,-1.015692007504212513e-01,-1.603503556795696228e-01,-1.316136668476101945e-01,-3.209060594694335689e-01,-1.852043567408367397e-01,-1.611723703394161988e-01,3.162359719914948492e-02,6.104492569101503674e-02,6.741473446482235121e-02,-1.675291533047869041e-01,-1.708249389984107247e-01,-1.310032669745237188e-01,-2.319373602468222662e-01,-1.413233652264897500e-01,-1.149554078188201878e-01,-3.066659689333558689e-02,-2.149617715688030561e-01,3.300133181265996196e-01,3.024703703433619800e-02,1.952894616796650440e-01,1.827419958681093526e-01,3.801155757631080045e-01,-1.563375342778046406e-01,-3.767263428606393849e-01,-4.770733655235844806e-01,-2.977422370068154578e-01,-1.566738236322093580e-01,2.203639170145694492e-01,2.867059814394764747e-02,5.878179440173740555e-02,-1.271107061737892507e-01,8.009196378138553132e-03,-7.103234280296281955e-02,-9.641685733638842570e-02,-8.877561216934262700e-02,7.865729590606336530e-02,-4.506676782883225520e-03,-2.580939039433995802e-02,-1.264161461482845861e-01,2.488334453915496802e-03,-1.304718175548990611e-01,2.964924599988122966e-01,-1.010245036101614091e-01,2.067500226721320777e-02,-2.590253643101433911e-01,1.665047636119664221e-01,-3.435494712218650770e-01,-2.299798993551601181e-02,-2.944906724784110072e-02,1.533939317526027968e-01,2.121133928551121040e-01,3.420196896908763318e-03,-1.013866474808712559e-01,-1.372430614561709061e-01,-2.052511800798982600e-01,-2.337156371358218784e-02,2.375503015666055040e-01,-1.474032446345331822e-02,1.722110846811058804e-01,-1.563573633519325379e-01,-2.098026524332802234e-01,-1.388262395110308710e-02,-1.083646903496551933e-01,-3.237652865194006746e-01,-3.160973903034282051e-01,1.322486337688345004e-01,-1.423143201408799963e-01,-2.804752168528046319e-01,-1.297413187043458260e-01,-5.495842320876401926e-02,-1.530929311553259724e-02,2.612061686438393315e-01,3.508700791524839435e-02
-2.896378620160117157e-01,-1.355563769030439236e-01,1.086823727380355903e-01,2.522055225522166211e-01,1.629559330802256845e-01,3.959792952381790965e-01,7.231083131663602892e-02,2.584699866001220481e-01,3.468045770384621251e-01,0.000000000000000000e+00,1.336569566297221845e-01,1.938119348341828529e-01,1.600966585983581436e-01,1.760572978223872154e-01,4.478677874016519511e-01,6.477150248020678847e-01,1.635983231767235428e-05,6.995125019279542500e-02,6.327623191257582269e-02,-5.012441020350259097e-02,-7.757043778657384805e-04,-8.794889898537635101e-03,2.269421708370022717e-01,3.356778884041634048e-01,2.236917844900102592e-01,3.102984459213343760e-01,4.453520368191554168e-01,7.713890117248772826e-02,1.538472076535700728e-01,2.556374395969022162e-01,2.366731496801464940e-01,1.627978359234486527e-01,1.299709474322952585e-01,1.150649206879757191e-01,1.956159311349726926e-01,1.201894983713447801e-01,-4.930289497266235159e-03,-1.169730195161722969e-01,-2.829629534417957629e-02,1.220710563408167193e-01,-8.593374238652724817e-02,-2.227492511626632810e-01,-4.649896761817928770e-03,1.334744504157422684e-01,4.404824236727979819e-02,-2.587210549936406756e-01,-3.520164489448544126e-02,-1.067252419182016382e-01,-1.323760323161337071e-01,-1.207042111572543264e-01,-1.414995798045479425e-01,-1.374572459622463161e-01,-1.011979406494058070e-01,-1.466505040250689063e-01,-1.467852702284465349e-01,-6.464584108991708322e-02,-3.179589998917248250e-01,-3.777413964161704940e-01,-2.609914432607603474e-01,-1.859914764035533463e-01,-7.660831342020694643e-03,1.746290361353912413e-01,-7.729096716262089974e-03,5.921198113121715206e-02,9.903463951265063792e-02,1.111377307271847192e-01,-2.449249323357990671e-01,-7.264327102390526203e-02,-2.149517691044805223e-01,-2.225996910220356673e-01,1.534893860011247446e-01,2.602938168151606724e-01,5.031506488174780634e-02,7.201396163627446501e-02,1.133793761335866596e-01,7.598575421102989058e-02,2.730675630892658023e-02,2.339063005971436793e-01,1.744878249183276497e-01,3.102818728915630042e-01,-1.588068121437528901e-01,-1.773408296961317687e-01,1.176311117152723656e-01,-2.470765720148105499e-02,-4.948899741082597725e-02,1.964047469364126608e-01,-8.991640944304418737e-02,-2.174178869949651705e-01,-3.234806541807498936e-01,-1.145214561982212109e-01,1.945061141788751724e-01,-4.440513492693929504e-02,3.887636859815595675e-02,-1.635021632187880491e-01,1.210902050508119443e-01,1.130547295116866996e-01,-1.578941276685923156e-01,7.517289495941693878e-02,1.219237542205606484e-01,2.617236845043894311e-01,-1.058154039402525032e-01,-7.996956441637084051e-03,-2.170929362044789757e-01,-6.730832922040504672e-03,1.922617593125805768e-01,1.220287173769471212e-01,2.549978432268674793e-05,1.697500010535756693e-02,3.353448258199626109e-01,1.209777252374288070e-01,-1.674172526945760103e-02,-5.625040506366922599e-02,2.563368331566725500e-01,1.180749607912743582e-01,4.020237710707890155e-01,2.409736683343949026e-01
3.825267684149349923e-01,3.799353207901092211e-01,3.748251015262376584e-01,1.106564818679862255e-02,1.722077042146300321e-02,2.441328171376531964e-02,5.029338397610308986e-01,2.874835156570206274e-01,3.631096452936745100e-01,1.336569566297221845e-01,0.000000000000000000e+00,6.015294208986520230e-01,6.483054575750216708e-01,5.477961192075343488e-01,1.620527904864289548e-01,9.897614089029418971e-02,4.869646954057011978e-01,4.716958634889840130e-01,3.620512276530153395e-01,2.803761302398747879e-01,-1.150193293808965123e-01,-1.962766283222477093e-01,2.148563247334942250e-01,1.428312159892552446e-01,1.772956146263216515e-01,-8.872528228996988398e-02,3.550530928500850170e-01,-2.750580904354637535e-01,3.593006608906915145e-01,1.640408586906883515e-01,1.872083928701310240e-01,9.057621694141071086e-03,3.649265326399756537e-01,1.801826042063106037e-01,2.802804348687847336e-01,-4.107362498241180077e-02,-1.587027574211996861e-01,-3.473451365143890301e-01,-1.097636886855344329e-01,-3.018488143971885251e-01,-1.765564374046940666e-01,-2.477553271349945130e-01,-1.410636084805869939e-01,2.112368536044168243e-01,1.023045170391711639e-01,-1.807243596697703791e-01,-4.625916857942576899e-01,-4.665052155900111797e-01,1.065982942039027659e-01,-1.180995773380426328e-01,8.089369126951931332e-02,4.801783153538854293e-02,-3.531266080407169938e-01,-3.472712480855233430e-01,-6.178037810835865229e-02,-2.973800616247516126e-01,1.961479372125500831e-01,1.521464114125752054e-01,-4.742833919051442360e-02,-3.653942957630672006e-01,3.962376257067930507e-01,2.843017199568816100e-02,5.034834988546251777e-01,4.908934235766773679e-01,3.179563318078023615e-01,-1.676010218674556518e-01,-7.889713776018841829e-02,-3.936629530142964906e-01,-9.372125158377798970e-02,2.076107787611740363e-01,7.085638329287610171e-01,5.057318987242396258e-01,4.493423021824354824e-01,3.954752479550639466e-01,1.689713261385632770e-01,2.911106636345710957e-02,3.146563724640946691e-01,2.979856290559439458e-01,2.942247838149090189e-01,2.647091450354251974e-01,3.189332819770439031e-01,3.364537396988535045e-01,-9.163579780118370766e-02,-9.196859333882723142e-02,2.084743511333312094e-01,1.559557909019085586e-01,-5.033368245843346245e-02,-2.671528277672459151e-01,-1.478215499866186444e-01,-4.774282325630676005e-01,-4.081409994986077150e-01,-5.541087111748626004e-01,-3.057551761611118080e-01,-2.640584450851741205e-01,2.280798444918217052e-02,-1.307780071576289671e-01,7.971377964383943859e-02,9.159318186220519187e-02,-8.194507506518956819e-02,2.594338698809651178e-01,-2.334043766050105939e-01,-1.252136934941898150e-01,-1.878350098252215272e-01,-2.072987488537001433e-01,-1.829069733311863011e-01,-6.428656261554364926e-02,-1.049008969244659972e-01,-2.048532598912487790e-01,-2.015931364863192063e-03,5.713847010981761704e-02,-3.238099143925651791e-01,-2.291342177723953155e-01,-2.588333112085427490e-01,-1.486699918381842456e-02,3.123080927843021604e-01,2.642137070028068111e-03
3.465812734129677386e-01,3.570313857128953883e-01,3.004802724493366717e-01,1.037759520963727200e-01,-1.286934792615228029e-01,7.596149174585425067e-03,5.680125482520634872e-01,5.188047812154396032e-01,3.149828307281874462e-01,1.938119348341828529e-01,6.015294208986520230e-01,0.000000000000000000e+00,5.935260609152267497e-01,8.073587090578808745e-01,2.494829867963567205e-01,2.735437989039909423e-01,1.921009160550915529e-01,1.826690330246605320e-01,2.990723442516283748e-01,2.183259993652017228e-01,-3.571187097236484115e-02,-2.815066791252483491e-01,2.136368509795884552e-01,1.031020498832949939e-01,-2.154439866430721273e-01,-3.945879683097266444e-01,1.625791815901145021e-01,-1.197792371399290512e-01,3.507389520598810928e-01,2.917540217195876973e-01,2.710444871421041624e-02,5.046900289551738139e-02,3.702123241645235430e-01,2.243574671697628475e-01,1.067119629987405560e-01,-1.892445207282373032e-01,-3.244270630950065182e-01,-4.466811277623106147e-01,-7.596233388279625964e-02,-2.441975360156652397e-01,-2.295121672886007713e-01,-2.700846623542587088e-01,-3.048259080099780527e-01,1.780066417567942594e-01,-1.367780360034753784e-01,-3.082535518590203694e-01,-4.469543881489514425e-01,-4.146188136129900781e-01,-1.304312428523064504e-01,-2.460039298472238567e-01,1.868998127564384659e-01,1.880879865534247075e-01,-1.362140029567260047e-01,-1.674947970212854464e-01,-3.046470392828590917e-02,-1.346033715349000959e-01,1.702892729263588423e-01,1.199821662865015182e-01,1.283904178895802772e-01,-9.131733602526780069e-02,6.119888861686988424e-01,4.218630075576531580e-01,5.906598716527340365e-01,5.857929096197339591e-01,4.513503438687679337e-01,7.673859856130488266e-02,-2.845998109937142861e-01,-4.701394099969836704e-01,-3.508029682208959055e-01,-1.586808912531678106e-01,3.863295228120943725e-01,3.790595920273200914e-01,3.141768589078889340e-01,2.743295850141456160e-01,2.025975411855293618e-01,1.208853676902417462e-02,1.930338940376694901e-01,3.774020751677814589e-01,2.061909633319344015e-01,1.282412553768225161e-01,1.920913203588058699e-02,-1.468119941975268468e-02,-1.120633086062451239e-01,1.281204419608272249e-01,1.170307125522049990e-01,3.591642263239353539e-01,-2.147598371507012938e-01,-7.729264056635380686e-02,7.271513103892381091e-02,-3.271168034691004922e-01,-3.982624935972637337e-01,-5.122957311734172015e-01,-2.174640986391414010e-01,-1.275939390952266807e-02,-1.536182587502601393e-01,-1.193324871229891893e-01,-1.754371382281340874e-01,-9.742123881580186384e-02,-2.924688325512213027e-01,-9.886250634756596489e-02,-9.232605801400665946e-02,-6.354300191249030727e-02,-2.949762892140722625e-01,-3.608960824326262751e-01,-1.452596568732218152e-01,-9.591129278594416607e-02,-2.539801373244909288e-01,-1.857944898964043468e-01,1.580307128076378353e-01,-7.566402718328270327e-02,-4.516881474478491865e-01,-2.881914187306894859e-01,-2.335947270812385734e-01,-1.879261212303003359e-01,1.890092586213114323e-01,6.677948372151079875e-04
4.119368610648098117e-01,3.455966975668546270e-01,5.336379513740877600e-01,-3.569421094509889203e-02,-8.998298623564975757e-03,-3.154090471254537148e-02,7.573234165680573504e-01,4.271607802185870550e-01,4.423343625620317354e-01,1.600966585983581436e-01,6.483054575750216708e-01,5.935260609152267497e-01,0.000000000000000000e+00,6.123946819262826580e-01,4.427513593054597796e-01,2.667126409529793074e-01,2.212355892777500832e-01,9.127806663411011656e-02,3.273173766383835614e-01,1.962999136233803676e-01,-6.867930846694733638e-02,-2.796394722076204764e-01,4.286863490520494979e-01,1.523797017356814387e-01,-1.927586335366660714e-02,-2.848459645318687228e-01,1.463550344004843906e-01,-2.583565272385804357e-01,2.231911790981080945e-01,5.623258933728622622e-02,1.573174544742810266e-01,2.041479585088495224e-02,4.614789277562199032e-01,2.238209808740337647e-01,1.611401394327626191e-01,-1.513529418244577707e-01,-3.246286233149836553e-01,-5.202061370218887815e-01,6.224976045443955143e-03,-2.331952006759694107e-01,-1.964979654479574733e-01,-3.135163315408205920e-01,-2.711254883038426433e-01,1.940563742683253934e-01,-1.980590667360659224e-02,-2.116928604953466631e-01,-5.506358983475713176e-01,-4.367739362287502702e-01,-3.908669783500517275e-02,-1.865341642462319260e-01,3.884473702243422533e-02,9.988330128525134410e-02,-3.353433047119289689e-01,-2.691985124464355561e-01,-1.883744690023614332e-01,-2.631931703659871058e-01,1.060869939499906323e-01,-3.629346376099262805e-02,6.548144876947376014e-02,-2.738911772996606708e-01,5.624887130964004722e-01,1.423905624116537649e-01,3.954517768694939539e-01,1.912164109853219940e-01,6.796714935998653395e-01,5.520319941646471829e-02,-1.085493109045027882e-01,-3.350538007490971859e-01,-1.689426565277124259e-01,-5.530735595949247407e-02,5.541264759753522506e-01,4.870813388055824089e-01,3.585872817418801484e-01,2.254728927318374876e-01,5.056586942444124544e-02,1.047742534386545549e-01,2.027257372333645113e-01,2.401022876689411500e-01,7.378093731352627915e-02,1.876515540118104119e-01,-1.157236935862051563e-01,1.238665836453435934e-02,-2.230230471411732973e-02,-2.007670500200714470e-02,1.869401397254341346e-01,1.121075931543779602e-01,-1.591932794192934264e-01,1.082730853262331254e-02,3.824849952959249316e-02,-3.944059686993693359e-01,-6.080605144469026779e-01,-5.023536473639452771e-01,-4.251985123910109188e-01,-1.108643439009245474e-01,-1.763062883788124868e-01,-1.732973937459224290e-01,-8.989042415990945722e-02,3.730799923556857300e-02,-2.882262785374096747e-01,-9.163449622802388728e-02,-3.303137977223284949e-01,3.631172604351735889e-02,-3.015885643352347878e-01,-4.803638269964807250e-01,-1.315704665652706051e-01,-3.591099082798300535e-02,-2.840864784473862703e-01,-4.179239931102202155e-01,2.226514392572395973e-01,-7.947704152205669823e-03,-4.274204475075085163e-01,-3.457510091296331356e-01,-3.237507570895094000e-01,-1.801702671370897513e-01,3.646496115887953304e-01,6.320506856165584997e-02
