0.000000000000000000e+00,8.492144081681057832e-01,7.204106232760904005e-02,-2.374663125520584950e-01,7.226288869385891211e-02,1.335387014390339022e-01,2.149800744322981905e-01,-6.803685477276880111e-02,-3.115753779250739902e-02,-1.473951305987896421e-01,5.553375954644707013e-01,2.984612039635942127e-01,2.479758788699943928e-01,1.269456724482350141e-01,-3.897620234949707163e-02,-3.052730161740279113e-01,2.803252859917349515e-01,4.110904778404778637e-01,3.784886003344639094e-01,2.773266374203260942e-01,-7.912028838870235892e-02,-5.729996146699414816e-02,-4.153115809053311569e-01,-4.761934280553352661e-01,-1.881920844895134393e-01,-2.244458854502435485e-01,3.138298149661641195e-02,7.649645582058318960e-02,3.050819806235941511e-01,1.701412475548122749e-01,-6.046540240188230664e-02,-1.614032010542411910e-01,6.287956870506906937e-02,-8.846845929683971876e-02,-3.324036008553880039e-01,-1.676277961532240957e-01,-1.995410317809927572e-02,-1.343073563359381550e-01,-1.902020703889869269e-01,-1.868220098601459100e-01,8.127957165230358105e-02,4.226131456723477425e-02,-4.481043250046894411e-01,-4.268701201411211343e-01,-3.273115076457257522e-01,-2.290890919233383172e-01,-1.863554315061933808e-01,-2.094694807472202436e-01,-9.461218358212826474e-02,-1.548900601276659295e-01,-4.402406828776413150e-02,-5.013452534160217633e-02,-1.192247978879803771e-01,-2.157802184655924493e-01,-4.247355248040733389e-01,-2.356712663266504748e-01,8.135713011535736783e-01,7.394273268914295372e-01,5.135246235550595673e-01,2.685188054640468280e-01,2.572409373561819201e-01,1.001201085469179825e-01,2.333563970252982567e-01,2.008446774112477018e-01,-5.050806063854654249e-02,-1.713791888145349829e-01,-2.499730103913797297e-01,-3.112081248481231577e-01,5.125405438302349515e-01,4.759272534688300804e-01,-8.117000183204341190e-02,-1.209358909574588387e-01,-8.368169811779863076e-02,-2.299023538367719541e-02,-1.292657047078386578e-01,-3.676833564188830561e-01,-1.435318364043335626e-01,-2.490166603673371892e-01,5.832372462908864963e-02,2.267058622807489321e-01,2.786869848353601964e-01,4.212909534315035787e-01,2.143319967356685229e-01,1.283575083575608511e-01,2.066493576900443607e-01,2.547809183314124759e-01,2.932026611155722634e-02,-1.327335007905955377e-01,-1.405104200965471839e-01,-2.321880991282725404e-01,-3.187587762334427866e-01,-1.790033291772618051e-01,-1.273654337346572796e-01,-1.539260224227960439e-01,1.095374647115660537e-02,1.439766140757609350e-02,1.350686325123380271e-01,1.879110511222516766e-01,-1.742998283358229428e-01,-7.834315316371885662e-02,-2.095614648609434028e-02,-1.440288122646971314e-01,-5.233948636728644188e-02,2.109831922662725179e-01,-4.319445787004756732e-02,-1.094208996858845040e-01,-4.281457632119123335e-01,-1.596613234284610106e-01,4.264525511061679347e-02,1.673665492423740200e-02,-1.233063642202739951e-01,1.280570508436459365e-01,-2.244187470837186726e-01,-1.422075185959888466e-01,-9.549096251410746361e-02,1.279141045491354600e-01
8.492144081681057832e-01,0.000000000000000000e+00,1.337319773245478072e-01,-2.263867014840952041e-01,-1.045247035325655091e-02,-5.340992200262777850e-02,7.241269876357590840e-02,-2.285648747249509338e-01,3.449613340070110945e-02,-1.696286853947829021e-01,3.210598423487246444e-01,1.980399157066104754e-01,8.520647949110213282e-02,-9.981202478395889699e-02,4.854346175052854512e-02,-2.875647724007259765e-01,2.409139010034628270e-01,4.982377462066347462e-01,3.078536678273239846e-01,2.895757449681843898e-01,-5.463395273590899992e-02,1.021909770612963730e-02,-2.567609007467073767e-01,-3.714570893812945696e-01,-1.219682247994715446e-01,-1.455252246459618759e-01,4.951304562236601842e-02,1.775522118791594273e-01,1.088383612738715311e-01,1.191550733598856632e-01,-5.498296496615560913e-02,-1.324682181198919284e-01,7.505377890964215482e-02,-2.258992612421381260e-02,-1.950331401783809426e-01,-1.337164211803440195e-01,9.359418335777099085e-02,-1.317819727255906959e-01,-2.167113375047572399e-01,-1.650559452792507986e-01,-6.233423279527484928e-02,-8.204117883513201148e-02,-4.940413640591236333e-01,-5.110417794761268340e-01,-2.959036222667350557e-01,-2.007321561653056530e-01,-1.097014898041251546e-01,-2.786288533742691254e-01,-1.098476324494678247e-01,-2.258832630970223077e-01,-1.080488612685183564e-01,-1.640867648504899523e-01,-8.176964457937532793e-02,-1.556237309668365432e-01,-4.057640178730285707e-01,-3.144151321755270789e-01,9.097853403267760486e-01,8.517130009081259612e-01,3.926545432196948404e-01,1.357973063339778241e-01,6.655819225530264227e-02,-2.198275423649624291e-02,9.893527165469895301e-02,7.187408535696729328e-02,1.040714247235271089e-01,-9.947071599651512164e-02,-1.084213509797237185e-01,-1.927299651809994963e-01,6.945586188888869250e-01,5.607419416443769622e-01,-1.761492052181228285e-01,-1.856400160265600507e-01,-1.078879980390313603e-01,-1.036424225093948992e-01,-1.277526787413502118e-01,-2.115127952782503984e-01,-1.860588746570540908e-01,-1.774156905795062633e-01,-2.579091679188457928e-02,3.225820118907244405e-01,3.333935464019614492e-01,4.147734808291363984e-01,1.895699688511250647e-01,9.145580093128780064e-02,1.235322457168644417e-01,2.251992981082971412e-01,5.036986149362211729e-02,-9.489993102368481093e-02,-1.235144010648615565e-01,-2.849759008107731750e-01,-1.206544675580123183e-01,5.908932751153089108e-02,1.071215354729657537e-01,1.288934894497585359e-01,-2.446748092249256129e-02,1.459800992520101925e-01,2.243604134245733572e-01,2.743971080107445171e-01,-1.096289864550669679e-01,-1.977375421291263646e-02,8.707640653008910658e-02,-4.821469016231330618e-02,1.728383731150305233e-02,2.208186817321215467e-01,9.252589974058597622e-02,-2.549454559518179661e-02,-2.851787923233690680e-01,-2.968162707671356815e-02,-1.261811745481235605e-02,-1.975327636557015071e-02,-8.688791861150604867e-02,2.447993582348278740e-01,-4.515412113183529114e-02,-1.750854271235733617e-01,-1.250418122074839315e-02,1.901645033853100464e-01
7.204106232760904005e-02,1.337319773245478072e-01,0.000000000000000000e+00,4.875729185791535802e-01,2.333791060856342803e-01,-5.243286391695535509e-02,6.610714964772911317e-01,1.126848119226299752e-02,1.752923302983172560e-01,1.429110355847818849e-02,-2.279245154024301390e-01,-1.095547098726521451e-01,1.207416627396197956e-01,-2.135459889404605627e-01,4.085795829485783237e-01,7.691857696374838904e-02,-3.295062069413313144e-01,-1.409584049123625837e-01,4.255431526024387456e-01,2.646691160404426868e-01,1.800444939866162330e-01,2.232889895081339449e-01,6.688014211047372815e-01,5.616541079676823367e-01,1.487300590596345728e-01,2.636617496099593616e-01,2.224275062506140543e-01,1.936203988229809048e-01,-1.110688309306952087e-01,-2.190657417600216927e-01,7.022471835425359021e-02,1.669481249653471389e-01,2.170681241662155425e-01,1.547031503690015353e-01,5.352730135240330034e-01,3.900893277477481269e-01,1.642436287897257596e-01,-1.476315443382990311e-01,-1.677121498239215192e-01,-1.499167034366676865e-01,-3.947605778258122394e-02,-1.583642049531240603e-01,-1.686463493259412749e-01,-2.680055254037449486e-01,-1.626738140135347843e-01,-2.369189617294039374e-01,-1.168225343828376284e-01,-1.552985139953317606e-01,-2.886943346718975900e-01,-4.469575245717987144e-01,-5.123681289051766896e-01,-5.391467057391614581e-01,-2.895636897831597167e-01,-3.813312969955611753e-01,-5.313089148592948785e-01,-5.181397667875023982e-01,1.386913144130710318e-01,2.216172310064816187e-01,-4.040985577610702872e-01,-2.789086692779185750e-01,-2.238705726927040299e-02,3.323977436487787762e-02,1.115124917324402005e-02,-5.063507186701983812e-03,4.346209284774077974e-01,3.121256652504953433e-01,4.722794399465101156e-01,3.444720064498456025e-01,4.622541877313756098e-01,4.851267278701626440e-01,1.086334699064067516e-01,2.624776097561809518e-01,2.170191173198684764e-01,1.256862512393430442e-01,-1.159762426546468855e-01,5.202555020444916273e-02,2.470257150782478595e-01,9.831769864795179836e-02,3.052689721352484092e-02,1.134592167003098256e-01,6.224605157600414385e-02,2.539025568554744913e-02,-2.461748041459030714e-02,-1.416082767643682960e-01,2.712403013084795922e-01,2.482486120577584998e-01,-1.834512074541964910e-01,9.016039928137040138e-02,1.180124310838333301e-01,-9.719118604411007903e-03,-1.901993757695450704e-01,7.595511427481889399e-02,-2.146142549652524101e-01,5.417476717991699664e-02,3.550908345159945467e-01,1.505249331844957794e-01,1.998963776428512307e-01,7.274968377072035808e-02,-4.780279382667512733e-01,-8.804614230729958246e-02,-2.012957119551047613e-01,-1.407252106728920094e-01,-3.369711618151563504e-01,-8.401352114263840529e-03,-3.747094551793049289e-01,-3.314448573524548247e-01,-1.096656014258033662e-02,4.037754769403976707e-01,2.453349219663150671e-01,3.667383304214055229e-01,2.371840268529242512e-01,-5.083519656806791964e-01,-3.115063491326478529e-01,-3.834839590484475647e-01,5.563806652792102625e-03,-1.855159521138780021e-01
-2.374663125520584950e-01,-2.263867014840952041e-01,4.875729185791535802e-01,0.000000000000000000e+00,3.101841077349289932e-01,-2.814042474900838378e-02,4.772319553496978117e-01,6.108540329038019134e-01,3.031645224909355618e-01,2.157020659061963941e-01,-2.269399545808740981e-01,1.656460968722258120e-01,3.429564643825404324e-02,-1.444894849062399941e-02,2.715902305942812789e-01,5.260355542535396500e-01,-3.995022691420053729e-01,-3.530459114905851181e-01,2.277054344024226074e-01,3.545389843115800410e-01,8.223025974709238795e-02,-1.224795888179737099e-03,5.268319002112425986e-01,8.360887966073334843e-01,-9.259498143009638194e-02,2.751535707073507475e-01,8.346751944917612381e-03,-7.209789210630378198e-02,-1.269414572679992970e-01,-1.113060251597666195e-01,-5.986637157793062158e-02,2.339341516056899772e-01,3.271741060744173812e-01,4.525257326407400860e-01,4.988315938873631450e-01,3.673877430798440091e-01,7.051981142787812958e-05,-1.441122491488044111e-01,-8.791427854427946720e-02,-2.651094888458176424e-01,-6.172163811814414258e-02,-2.430326129325506568e-01,1.643866686318669335e-01,2.102637580340181445e-01,6.185640067914795898e-02,1.231605026894753291e-02,-1.081109968155819639e-01,-1.575377051469546014e-02,-7.820084970316025508e-02,-1.876272836490876228e-01,-3.254893997150706264e-01,-3.858975313688270958e-01,-3.867795787999974144e-01,-3.002147077491512661e-01,-3.141814483434275385e-01,-2.813323250304128331e-01,-3.254472872027457386e-01,-3.170680384303409816e-01,-2.693493073008171312e-01,4.461047619372134759e-02,1.209259496568979436e-01,4.366617181375587187e-01,-1.960679982194682147e-01,3.048036318466040492e-02,1.603416447858871940e-01,5.780177504055163951e-01,4.911802166987848106e-01,5.917679427990423235e-01,1.341861938805304355e-01,1.195972287500376985e-01,1.526325686265279924e-01,6.435352894088187947e-02,3.367666514230543973e-01,2.627261598529059827e-01,1.090231523040842421e-01,2.632632957087532311e-01,1.130405088850273826e-01,1.616983879532878920e-01,-4.349979869529252419e-02,-2.652053270864886958e-01,-1.566128352913963018e-01,-2.699484437710535922e-01,-2.563081835235228034e-01,-2.521257046374841271e-01,-1.671149646885004836e-02,2.058583248332054513e-02,-1.739909239712492395e-01,7.438726125618566609e-02,-1.476595393803632472e-01,-1.251601991673541303e-01,-1.267345096838504992e-01,1.468483864031348667e-02,-2.057264618035478110e-01,-1.479254523754199302e-01,2.384429034721470275e-01,-1.464871979979173386e-02,-1.351619040000401062e-01,-2.324440282102840927e-01,-1.539958421056298599e-01,-1.362293822424534284e-01,-2.792272674976412628e-01,-4.294506190814312285e-01,-2.542364555091662370e-01,-1.812608479768931247e-01,-4.951510732336176779e-01,-3.462734812916690719e-01,3.147592821802421004e-02,2.261426158820639132e-01,3.718322046958452698e-01,2.263011691974569639e-01,1.219078727309925309e-01,-5.549024275319802690e-01,-3.428402454799334698e-01,-9.143876172093232113e-02,3.187442424834948523e-02,-2.145893925292069182e-01
7.226288869385891211e-02,-1.045247035325655091e-02,2.333791060856342803e-01,3.101841077349289932e-01,0.000000000000000000e+00,4.895275505333301913e-01,4.818665385214374736e-02,1.822656258138298790e-01,7.358810927642360777e-01,4.193277940907181311e-01,-2.182212484588063051e-01,1.313925544226350051e-01,2.640079302371953207e-02,2.544788397396125987e-02,6.298110498659741374e-01,5.441353198440815886e-01,-1.441642084457557191e-02,-1.902698310080510810e-02,3.140566527012325637e-01,3.004045343332634177e-01,1.255317517492705315e-01,1.829051243194139420e-01,3.371586388557824554e-01,3.982585157683287691e-01,3.168096018663813518e-01,5.493112762427768692e-01,5.291348243480419322e-01,4.470896337020905942e-01,8.489054423916850278e-02,4.543046106912567578e-02,4.403628923126320233e-02,2.866308141838421197e-01,1.755251933101357742e-01,2.871201410096353990e-01,2.729243911912970222e-01,2.875602368763641725e-01,-4.648352283489717851e-02,-1.177125692039287796e-01,7.924652356568334666e-02,1.655198871020615095e-02,-8.420204716137147383e-02,-2.108829188072547933e-01,-2.792703562221495184e-01,-1.160639261876829365e-01,-2.438459173184617801e-01,-1.292602325597119739e-01,-4.398464728032364102e-01,-2.435295336435546187e-01,-3.361062260776518928e-01,-2.872947520962614854e-01,-4.785647247786165015e-01,-3.684527939866336088e-01,-2.452509246919582220e-01,-2.601334912204588123e-01,-2.890659717255027461e-01,-2.713072471616959080e-01,-6.083811461330507903e-02,1.728656284206917318e-02,-1.290745742818691089e-01,-5.025184530719225412e-02,-2.214670431545538026e-02,2.571364403226557571e-01,-8.973644307646444496e-02,2.129780765511788201e-02,1.467485661505707195e-01,2.578108162109224444e-01,-3.894964152072248349e-03,1.112366359994046289e-01,1.252957033270135079e-01,1.683453396380027167e-01,2.285943352142235097e-01,2.414658044431730044e-01,1.677716113554395261e-01,5.355766361418525662e-02,1.134221632220565046e-01,-8.635488293790961889e-02,1.774606532276087889e-02,2.523683457142107331e-02,1.573794476947364684e-01,-3.268845672761757585e-03,2.115476461425480625e-01,1.936473662895562275e-01,1.260231324140769771e-01,7.146009917185891513e-02,3.451701092434555362e-01,2.180283756022944885e-01,1.966120285539990076e-01,6.391786353913646301e-02,2.084171619924602148e-01,1.486716326680946332e-01,-2.040346625390739022e-01,-3.381921947275773332e-01,-3.491498651839547440e-01,-3.048464721314635417e-01,2.071916240726472402e-01,1.798176444353924985e-01,2.919557459091545043e-02,1.332175963081697612e-01,-1.246198387033376070e-01,-1.677257350360331356e-01,-1.720955968152683771e-02,-1.152946027687738462e-01,-2.794380002471456154e-02,-2.856601431449410158e-02,-1.410804368092679617e-01,-9.535615032564069560e-02,-1.528716378721514946e-01,-4.392262427765120103e-02,2.776989337426875593e-01,1.626130445247834233e-01,3.981763146577438350e-02,-1.541916300225455727e-01,-9.061382899686122594e-02,2.329131325391352592e-01,2.521534319491769982e-01,-2.751038406753238408e-01
1.335387014390339022e-01,-5.340992200262777850e-02,-5.243286391695535509e-02,-2.814042474900838378e-02,4.895275505333301913e-01,0.000000000000000000e+00,-1.907333024447522285e-01,-5.577499571706771159e-02,1.405262799570385912e-01,4.506786025142108798e-01,-1.299000139482372751e-01,-1.293771350396962228e-01,-6.622215295275092617e-02,2.482032252901657243e-01,1.271320694410347230e-01,2.970450033604037920e-01,-9.038074739094011101e-02,-2.139339337316290557e-01,-1.857626404640040363e-01,-2.676803258600859436e-01,-1.743265518619459553e-01,1.414829264893927852e-01,-5.276842967990286182e-02,-4.139201415527635902e-02,3.755983323646827632e-01,4.206857118992644029e-01,4.199102065900911507e-01,4.709195182043262040e-01,4.632934538678653430e-02,-2.347404640892273853e-01,-2.016513680240570594e-01,-1.575951745152983641e-01,-1.900173083392676099e-01,-1.770377285652990351e-01,1.110340259659133577e-01,1.194837313721611172e-01,-2.115342845914941761e-01,-7.075830724438561536e-02,7.393300815100345424e-02,1.905140538521432059e-01,2.740720472113935546e-01,1.547928830524928911e-01,-2.804154024424909131e-01,-2.013089607008824999e-01,-2.391091922506300427e-01,-5.922938259075206935e-02,-2.535263734277248826e-01,-3.315258262221419672e-02,-2.028685146015707652e-01,-4.179792262414063625e-02,-1.949000796556761839e-01,1.402572541631244736e-02,-3.168218058004409338e-02,-1.090475867319879166e-01,-1.218797642574841328e-01,9.117510034630478544e-02,1.994778341484261530e-02,1.552631555238514482e-01,-6.980758734390054947e-03,5.826970948017016344e-03,1.257733262438258670e-01,8.056752387406165838e-02,-1.526558910189157459e-01,-8.317134109629283067e-02,1.511313418525242480e-01,2.411061434913601698e-01,-1.784427138475716546e-01,-1.046785323480730612e-01,-6.624133126854890585e-02,9.338914942493981020e-02,1.349128836874078363e-01,2.232794853447964134e-01,-8.193045166580982530e-02,-8.775535705538868581e-02,-1.276752983179539058e-01,-1.451468002086019615e-01,-8.421497517895480678e-02,-9.720766033210775925e-02,3.265397307144251582e-01,-6.335051518624898459e-02,1.043960566662014283e-01,2.342888236758894349e-01,9.789296746238261571e-02,1.209682334471411241e-01,4.628339191336765523e-01,3.750140278204394662e-01,1.759032321667098331e-01,1.564465756835366483e-01,2.179355797278371698e-01,5.598988217762453923e-01,-2.186791995301127223e-01,-4.422255782749032194e-01,-2.926228018673514009e-01,-2.687178922520268576e-01,9.102244047072886868e-02,-1.745958486649044350e-01,-4.862084964892830589e-03,-3.836841400840461207e-03,-3.028573812157243639e-01,-2.491489689217809000e-01,-5.980426318585613937e-02,-1.553263936590321137e-02,-2.199809225466130558e-01,-5.330972736722362770e-02,-2.131447843244114321e-02,2.008283546939788194e-02,-2.552588018459293062e-01,-2.139036281143830986e-01,-5.383329653220109839e-02,3.710454344944619925e-02,9.886210796496260750e-03,-8.443419574924095061e-02,-7.340666551821388094e-03,1.310858107809290962e-01,4.239889674171722078e-02,-2.718334671311528616e-01
2.149800744322981905e-01,7.241269876357590840e-02,6.610714964772911317e-01,4.772319553496978117e-01,4.818665385214374736e-02,-1.907333024447522285e-01,0.000000000000000000e+00,4.480047152315470016e-01,2.935458935709410813e-02,-1.856311877917529718e-01,2.679830119906692620e-01,2.548985412250460159e-01,4.221980780642163311e-01,-1.367636067095925802e-03,7.317215550189340445e-02,-1.008557412969530581e-01,-2.145202951377317424e-01,-1.212455363765091443e-01,4.759084340654972101e-01,3.433041159365215478e-01,-3.011654269125236053e-02,-1.032934661524972236e-01,3.708967403037193300e-01,3.239473233359665416e-01,-2.497628423894654448e-01,-1.598289010131921928e-01,-2.130220548770228040e-01,-2.533328275410074992e-01,2.386882256950991210e-01,4.161895487332293447e-02,2.891163459356845267e-01,3.238288003162394513e-01,4.678391708941987415e-01,3.465370205190885788e-01,2.225764433366575201e-01,2.245961339759082187e-01,-8.171896835402933656e-02,-2.137065562394862284e-01,-2.452368220161499357e-01,-3.853642865906581338e-01,-8.565607557284656004e-02,-1.132100079747886262e-01,2.747350602048321318e-03,-2.295940184566755068e-02,-9.191518769188820881e-02,-2.136233119823626458e-01,-1.285490925452626720e-01,-2.058660149067760015e-01,-8.411653071545807658e-02,-3.279495632653592896e-01,-3.544435641441407436e-01,-4.536023100191213797e-01,-4.829674126797827705e-01,-5.022958666614522061e-01,-4.955571884482224410e-01,-4.545451390644388856e-01,6.079513727038609455e-02,2.918678902283193544e-02,-1.032156204857605647e-01,5.859331134878118831e-03,4.584160889731316302e-01,3.855522328233431106e-01,2.114563023586697177e-01,2.980288420585947007e-01,4.404167710143565284e-02,1.878439423727836510e-01,3.927058234307422291e-01,2.789262325175871360e-01,1.783547717255919429e-01,2.696896627591331974e-01,1.473505534837280806e-01,1.775741272504997581e-01,4.160778085509257984e-01,4.119543128847449331e-01,4.326455791144798169e-02,6.345336119587295653e-02,3.228151798257821170e-01,1.670064187474631923e-01,-5.212810410450394172e-02,-1.574969907562468185e-01,-7.457974677600434643e-02,-1.409056305154472166e-01,-1.950988686491134105e-01,-2.392055267807217944e-01,-1.779342105534053795e-02,-5.082130785881093515e-02,-2.848376920288749892e-01,-5.281540087439821896e-02,-3.394536016484816510e-01,-3.681904262932545469e-01,-3.312228389585916144e-01,-1.659760380743080868e-02,-2.759192326727570310e-01,-1.826170485585267844e-01,1.855117355715313887e-01,-2.823518489797172126e-02,-4.101665917552256568e-02,-1.352136936870947104e-01,-3.562235518126587452e-01,-8.516942246852193810e-02,-3.797533150522914291e-01,-3.185485313267832908e-01,-2.465196732687170433e-01,-1.648872644121495215e-02,-3.820414615808518377e-01,-3.605869673755956462e-01,3.030006412457338094e-02,1.989101637669336842e-01,2.912406309412403638e-01,2.807289528360756292e-01,1.275525740279380427e-01,-4.940544478649964710e-01,-5.748827836835389560e-01,-1.994657759445578604e-01,-1.440385678540428982e-01,-9.827927773967945480e-02
-6.803685477276880111e-02,-2.285648747249509338e-01,1.126848119226299752e-02,6.108540329038019134e-01,1.822656258138298790e-01,-5.577499571706771159e-02,4.480047152315470016e-01,0.000000000000000000e+00,3.083671298467541289e-01,3.300013493598256686e-01,3.097051212764293515e-01,5.786699100291843312e-01,3.757857130316349936e-01,3.968621007296117553e-01,4.794189748931605016e-02,2.561001542078802928e-01,-1.069394683610784963e-01,-4.157502637311500521e-02,3.746235625474773068e-01,4.156559142162589149e-01,-1.216656787232521381e-01,-3.212590762914150910e-01,1.939488062371707844e-01,3.787145436737818782e-01,-2.444932976621489451e-01,-1.085966493430159420e-03,-1.223463515168692478e-01,-1.978669025839492890e-01,2.621013677634760897e-01,3.093640439495295436e-01,2.580202760576043031e-01,3.900240486311514765e-01,5.666388105959282440e-01,6.327803415147039701e-01,1.540738198510394341e-01,1.776173172777299469e-01,-2.552331318029929519e-01,-3.130194545796773919e-01,-1.621113242361348905e-01,-3.717592341703241376e-01,-1.487775608687093298e-01,-3.380359915178601238e-01,1.897193623179656841e-01,3.706944270753559922e-01,-8.323220969811610803e-02,-1.273759343391959314e-02,-9.535168750967203122e-02,-4.016891159429791108e-02,-6.745255518327313016e-02,-1.817338830797851357e-01,-1.147221175380284397e-01,-1.653504220248774303e-01,-2.230536597757135087e-01,-1.456692071096474805e-01,-1.235990779466937112e-01,-1.968788748917947584e-01,-3.218227154533584433e-01,-3.533470620500109294e-01,1.772965211086372297e-02,3.252725006252510376e-01,4.942131869606762318e-01,7.097359900898562168e-01,1.748805638691303954e-01,5.356271372213925464e-01,-3.073376379725151764e-01,8.233063805141342673e-02,2.861254059822226914e-02,1.873782392326250601e-01,-1.440041383166612288e-01,-1.928390990134480620e-01,1.305216898321100993e-01,5.701173380515068417e-02,4.204230165936793662e-01,4.202397785207016012e-01,2.972495649809749341e-01,2.601293532241978346e-01,6.725923199012050213e-02,1.446162990088561140e-01,-5.364681407995026963e-02,-2.494505424082588685e-01,-3.807501568970108469e-02,-2.168116315714220532e-01,-3.439028745715230762e-01,-3.508341519925151641e-01,-2.751292277129484543e-01,-1.893533610478847773e-01,-3.002702817076061681e-01,-3.076489999696236932e-01,-1.385423464129031113e-01,-3.125194598965903570e-01,-2.397223519915236689e-01,-2.583306723932360383e-01,-3.152610076999023958e-01,-3.655285407876953663e-01,-3.369527485895978947e-02,-1.313092448597361073e-01,-3.491242352599062682e-01,-2.281793242512273334e-01,1.685151823480424138e-02,-1.057736455337224130e-01,-1.184224054827980877e-01,-2.925402130196350092e-01,-1.796350780929929780e-01,-1.956730384611948814e-01,-3.069929051320398616e-01,-2.713022603883550876e-01,-5.169997722318343987e-03,1.674300874380656168e-02,2.310012876550439631e-01,3.734154851405967201e-02,6.377228793215126978e-02,-2.715728789512034114e-01,-2.878814609692779691e-01,1.845010223573620434e-01,-9.601575980566336242e-04,-3.108609360742874417e-01
-3.115753779250739902e-02,3.449613340070110945e-02,1.752923302983172560e-01,3.031645224909355618e-01,7.358810927642360777e-01,1.405262799570385912e-01,2.935458935709410813e-02,3.083671298467541289e-01,0.000000000000000000e+00,4.519173062399249319e-01,-1.862761353235397321e-01,2.370813148890369426e-01,6.001922223326375261e-02,-2.766415087037706749e-02,6.598571732195737116e-01,4.220494875183862793e-01,-1.495533091170157813e-01,-2.116657913902647223e-02,3.365992450710341699e-01,3.814669565892796488e-01,1.341865456176117855e-01,-2.281156633496843333e-02,3.670535507363140160e-01,4.178424051613221502e-01,1.670335597804526173e-01,4.319306351508712671e-01,3.503917944901699943e-01,3.194590850603969412e-01,-1.039766969093922078e-01,6.861801712263952691e-02,1.111782513209421952e-01,2.678563799243558474e-01,2.484238051815350901e-01,4.183260234410747791e-01,2.891848174272768079e-01,3.239068384689454128e-01,-2.089545467548173385e-01,-3.340719116672511424e-01,-1.660786238651828228e-01,-1.585061101353504309e-01,-1.553466151683717544e-01,-5.178433116859820773e-01,-2.060368477352421679e-01,-4.981650962775501651e-02,-2.134157993141332088e-01,-1.424299658641783872e-01,-2.998835997253180841e-01,-2.994464295131490372e-01,-2.177119309154084692e-01,-2.609013788686725399e-01,-2.737378729780889364e-01,-3.062224308099351089e-01,-8.873375518892026581e-02,-9.585690755347441028e-02,-1.535016954831539826e-01,-3.609606653651472596e-01,-1.345170869499864863e-01,-1.060257242546382150e-01,-9.799307669479526139e-02,1.402612575173454784e-03,2.149246820907588923e-02,3.746711268688942553e-01,-1.278705151718295685e-01,9.765537438871957354e-02,-2.358098144330740206e-02,1.419766982972967828e-01,-5.254352705401613838e-02,6.152096412815822452e-02,2.197903945842059198e-02,5.152273170456594248e-02,1.630698491366941172e-01,1.608982008783250428e-01,3.661351387181824846e-01,2.591673282006347057e-01,3.506926095083911510e-01,1.922173984611624253e-01,4.304335571129906668e-02,1.126497829225985431e-01,-1.345491517617700139e-01,-1.327631759173043824e-01,9.476784163794779725e-02,-2.416849447387996869e-03,-1.091551288128101427e-01,-2.251508610196658877e-01,2.039648523669309113e-02,-7.875131155065900890e-02,1.195193613251458731e-01,-1.492907619630987059e-01,1.440259396342587761e-01,-1.722862847260746566e-01,1.045223958662046954e-01,-2.555695388205089444e-02,-5.409730755103578370e-02,3.092840629292596677e-02,-5.260684941696688183e-02,4.021010092036803735e-02,-7.411468812849704435e-02,-7.784568450990816957e-02,2.242280592427355404e-02,-2.905489146065904152e-02,1.440077055960565511e-01,-6.111525449526916155e-03,1.823253061484932103e-01,-4.281319864618488014e-02,1.510083489132563704e-02,-4.354082948356625266e-02,1.108606400921857416e-01,1.181837781780733371e-01,7.460807513224348986e-02,-6.115635124816146823e-02,1.318478590027784281e-01,-4.454197464502282142e-03,2.662352405624430346e-02,1.332120118504666606e-01,1.188767295682619934e-01,-1.817485179311828791e-01
-1.473951305987896421e-01,-1.696286853947829021e-01,1.429110355847818849e-02,2.157020659061963941e-01,4.193277940907181311e-01,4.506786025142108798e-01,-1.856311877917529718e-01,3.300013493598256686e-01,4.519173062399249319e-01,0.000000000000000000e+00,-6.691397618619621124e-02,3.182072750628039404e-01,1.676557311141253503e-01,5.115465039602921093e-01,3.135708541855657949e-01,4.222849406482747647e-01,-6.459962924700288212e-02,5.145172301361386480e-02,7.980861640382429234e-02,-4.725229581650688959e-02,2.567928995717664795e-02,-8.232905348581635863e-02,2.610210272752204741e-01,2.561425500499577290e-01,3.457001730285642616e-01,5.937306984295865897e-01,4.301127202450552578e-01,4.125038184687027654e-01,-1.209952851083370973e-01,5.163225643588898600e-02,-4.855192435815911672e-02,1.008626543068265186e-01,2.336143539252618917e-01,3.143873241053016243e-01,3.973432136116795133e-01,2.487153177764772904e-01,-2.644910983139586169e-01,-2.680194201592706604e-01,-6.457898552691047900e-02,6.568598738420726446e-02,1.183767480119781584e-01,-3.218402799577183004e-01,-1.327555321028165702e-01,8.645717202425252934e-02,-3.198125253268690460e-01,-1.500809704973180281e-01,-2.826944984268799921e-01,-8.164597093743601597e-02,-3.718557995164549768e-01,-2.097884211854957603e-01,-7.718166150912632306e-02,2.306700242479031021e-02,1.399967696412961482e-01,2.028654511719437947e-01,-2.930529770050591728e-03,-2.203590010843876207e-02,-2.351902309452222062e-01,-1.540051758908707602e-01,-1.325785695843105516e-01,3.452209616804379627e-02,1.485804746334924986e-01,3.338190945938953047e-01,3.121915217270690652e-04,2.424892183022553105e-01,1.292668549167366732e-01,1.748308156425708026e-01,-1.382505145366423049e-01,-2.255354476662475155e-02,-1.247003145973972910e-01,-2.228393923063619608e-01,2.690266089978037289e-01,4.067422142003935259e-01,1.652857870785793271e-01,1.957531801089019974e-01,1.632535369924452695e-01,2.581332766706255777e-01,1.322342212239745463e-01,1.872904653695553756e-01,8.481949760659857063e-02,1.221978522024356612e-01,7.835225086562140617e-02,5.218862378587954542e-02,-3.418180499748626477e-01,-4.023068234441486424e-01,4.208321550403461980e-02,6.331104391561498401e-02,-6.359380496763158974e-02,-3.054312933395054164e-01,3.669645373629913943e-01,2.565143769375057836e-01,1.182823668165802200e-01,-2.091985906335613321e-01,-1.115843445960542218e-01,-1.577741768370322095e-02,3.184363197757680841e-02,-1.573224699087701350e-01,1.002507272292797041e-01,2.147898939389972575e-02,2.280319247880327818e-02,2.527400178267692754e-02,3.667621520883171393e-01,1.663486661506406172e-01,-3.545267010430611793e-02,3.021657309361258995e-02,9.606192282901439283e-02,1.559992567296912269e-01,-8.758965471976488948e-02,2.525126203073917441e-01,-1.640940672272495626e-01,-2.624338948747479208e-02,1.003456580171965956e-01,1.594637506584746511e-01,2.878053225562155482e-01,3.025245676051741550e-01,2.632327193366595375e-01,-1.397229576539014695e-01
5.553375954644707013e-01,3.210598423487246444e-01,-2.279245154024301390e-01,-2.269399545808740981e-01,-2.182212484588063051e-01,-1.299000139482372751e-01,2.679830119906692620e-01,3.097051212764293515e-01,-1.862761353235397321e-01,-6.691397618619621124e-02,0.000000000000000000e+00,6.298181358557024545e-01,7.186629624341225320e-01,5.685962557177660637e-01,-2.505524936454919804e-01,-2.601434345195833275e-01,4.195550495708278982e-01,5.064019573550089248e-01,3.271522501593945309e-01,2.519151523390494862e-01,-2.168323591505894044e-01,-4.217635867775147984e-01,-4.032183610518679240e-01,-4.459478028087442425e-01,-3.145247330013182796e-01,-3.710639934027882836e-01,-2.477598796609863097e-01,-2.084120313634719723e-01,5.893858337156819838e-01,5.198984133941161323e-01,2.553264493466007590e-01,1.787386832432495132e-01,4.046341383871155939e-01,2.268659024550541692e-01,-3.642105475491166922e-01,-2.365773248919625926e-01,-2.871726198314112910e-01,-2.271464502604211011e-01,-1.985788222675237968e-01,-3.866637581683287084e-01,-8.667207278260741221e-02,-5.454230867904994590e-02,-1.273995592000126964e-01,-2.183017627121522017e-02,-1.886907544338625176e-01,-1.117180500605534088e-01,-1.307296678533912682e-01,-1.996675307535440980e-01,2.424271628689181335e-02,-3.661720044643768102e-02,1.538289353657272540e-01,1.030976878464782559e-01,-1.135975378578524264e-01,-9.374750644048869541e-02,-1.392867581315920811e-01,-5.849735488443627562e-02,3.127822973241969895e-01,2.033829639487709784e-01,4.579625667897947450e-01,4.054856164603816704e-01,5.353065103745833220e-01,3.056977051649756860e-01,5.893974596212048223e-01,6.668864257754839597e-01,-3.649326426920618816e-01,-3.680232055027573557e-01,-2.622573790901858715e-01,-2.420211137639796672e-01,-2.548893235045741890e-02,-1.214947496430062723e-01,-2.407318049195978152e-02,-8.862625477374375116e-03,2.035718239382176276e-01,2.504922157860654530e-01,2.700854440877469009e-02,-1.904991905004790320e-01,4.184181703000136587e-02,-1.696854795785609354e-02,3.636960443394686437e-02,1.680836028026269358e-01,2.246186631657667021e-01,1.872411527124345498e-01,-3.856965958590555243e-02,-1.023015055966137177e-01,-1.169905773571902757e-01,-2.819581638838439611e-02,-1.317992866814667319e-01,-3.589896067048007344e-01,-2.286006828977195093e-01,-4.375606157072897129e-01,-3.018432151994738244e-01,-2.135080957348762798e-01,-1.680843079805970086e-01,-2.137679667862004418e-01,-1.639364809224799768e-01,-2.907683482239043493e-01,-9.982407521155976793e-02,-1.134357347794565235e-01,-2.624592860693718971e-02,-5.361819730512242671e-02,-5.055325304033354145e-02,-6.774682638208963381e-02,-5.558935468161402271e-02,8.102883274383330947e-02,-2.424343222269317519e-02,-2.260520779923529469e-02,-2.698993191680050807e-01,-2.132223002481185847e-01,1.776975860754041042e-02,-2.109451119860452847e-02,-1.137153610429283840e-01,6.950236376260590654e-02,-2.791605811211876342e-01,-1.496225657540097009e-02,-1.774387799675194166e-01,4.937549094834643715e-02
2.984612039635942127e-01,1.980399157066104754e-01,-1.095547098726521451e-01,1.656460968722258120e-01,1.313925544226350051e-01,-1.293771350396962228e-01,2.548985412250460159e-01,5.786699100291843312e-01,2.370813148890369426e-01,3.182072750628039404e-01,6.298181358557024545e-01,0.000000000000000000e+00,6.718861746553046466e-01,6.616178318704205585e-01,1.297382287281467483e-01,2.123081220155716431e-01,1.729265233052370565e-01,3.857912726742983023e-01,4.406391068699053171e-01,2.954451388558834157e-01,-1.471777777627039097e-01,-4.605765721994293238e-01,-1.296220061613179327e-02,2.047849084204855785e-02,-2.800435659695609814e-01,-1.165423590147099675e-01,-7.524335299164530699e-02,-1.173551722717194046e-01,2.923962176329222284e-01,5.034556342689308073e-01,2.152375714330519163e-01,3.561751637358171463e-01,5.892215081169396296e-01,5.067149514203761473e-01,-3.963366299993099223e-03,1.435419599151379066e-01,-3.067459321268047323e-01,-4.033056070048784414e-01,-2.545474187760457530e-01,-4.999196748952133285e-01,-3.937104893795514426e-01,-4.154471685775077971e-01,-4.506811999650024714e-02,1.291590123995587092e-01,-1.825747432633355039e-01,-1.365586461491218595e-01,-2.123061998484948865e-01,-2.952998935211684217e-01,-1.234372589508772877e-01,-6.954353634284662911e-02,-2.155049446486027170e-02,-1.262380258144957766e-02,-2.026364511149105208e-01,-1.015140570126267794e-01,-2.050010976849858391e-01,-1.915654891590397313e-01,6.925877017735951324e-02,4.259837346329844315e-02,2.299637666009738124e-01,4.079937378822997562e-01,6.004795436549149601e-01,7.227246160230886840e-01,3.836686666066964069e-01,6.705340426247913266e-01,-1.943180368983163098e-01,-4.163258149483561182e-02,-1.735710312528658539e-01,-6.514465946989055067e-02,-1.790476199406748278e-02,-2.398488213735196772e-01,8.612141862124859937e-02,5.372685454019476142e-02,3.163658826598326756e-01,2.724479607663498615e-01,2.382846725399661580e-01,1.163314454916094670e-01,-1.236344540844417673e-02,1.145981994070462140e-01,-1.760691661809931641e-01,1.784261356018114197e-01,1.943788653792551113e-01,1.082708040048638992e-01,-2.692904684918270841e-01,-3.059259960826268276e-01,-1.637092252121335745e-01,2.575480376839990940e-02,-1.453926258500205793e-01,-3.766650755620206681e-01,-4.400113134414131155e-02,-3.714103963575631218e-01,-2.430426593299926108e-01,-2.253993972888082842e-01,-2.387522984312362706e-01,-2.064274422052570501e-01,-1.700585010779183393e-01,-1.395599383001800697e-01,-2.208827331657748361e-01,3.972416419114463935e-03,2.675293004997083418e-02,7.865912933922544759e-02,1.462050384306639861e-01,-4.884081460297653998e-02,-9.901288798742001462e-02,1.651031535490359720e-02,-1.088526558155715196e-01,-1.105487696757202765e-01,-1.039875727706458253e-01,1.220097834243031865e-01,7.223796082000230601e-02,-8.297744863071673804e-02,1.466328729867638347e-01,5.503151996623101977e-02,-2.134080462545148715e-01,1.204848356511549340e-01,7.443771528062387288e-02,-9.115595137187634811e-02
2.479758788699943928e-01,8.520647949110213282e-02,1.207416627396197956e-01,3.429564643825404324e-02,2.640079302371953207e-02,-6.622215295275092617e-02,4.221980780642163311e-01,3.757857130316349936e-01,6.001922223326375261e-02,1.676557311141253503e-01,7.186629624341225320e-01,6.718861746553046466e-01,0.000000000000000000e+00,6.564524071542878758e-01,9.741955477138641850e-02,7.072659148081338228e-03,1.304663601597499112e-01,2.928388384941718048e-01,4.386301146838460507e-01,2.179382216815629048e-01,-2.714687756797276585e-01,-4.768635429451529295e-01,7.195811982198042911e-02,1.290863722837325492e-02,-1.847379017337341112e-01,-1.470321741122335713e-01,-1.779749832787571873e-01,-1.097862068875419539e-01,4.307879858005811413e-01,3.548680543295772982e-01,2.355763975266544630e-01,3.152937928552869695e-01,5.461752358203235680e-01,4.126217734122415437e-01,9.892599377871956479e-02,1.468886188648681757e-01,-3.783012217237404773e-01,-3.870966811624074189e-01,-3.199153724124030318e-01,-5.364446142516762217e-01,-2.401253605093599253e-01,-3.884133426600679950e-01,-5.488504246854002469e-03,9.518334894689868542e-02,-5.248728716067591754e-02,-4.629633042712737873e-02,-1.650050812627262553e-01,-2.235037516877280417e-01,-5.717134433342026950e-02,-4.008458711670400548e-02,-4.962472028224360759e-02,-6.161471292070346689e-02,-2.139353714369797987e-01,-1.808244181302172127e-01,-1.923649183700351650e-01,-1.583833710643095805e-01,8.422515668479930995e-02,5.157715430790579120e-02,1.055218931614701761e-01,2.559959860650022345e-01,6.362503539430057753e-01,4.371601385899621106e-01,5.074422920488355082e-01,6.290656327822353733e-01,-1.518538372096171207e-01,-1.088680313065098909e-01,4.903191165397281087e-02,2.988279779843421372e-02,-1.462479473792378457e-02,-1.096868329105872564e-01,7.515972838749458707e-02,1.957901605488981400e-01,3.590070884387628891e-01,3.417076734955882267e-01,4.757710528470081301e-02,-3.735274044993426579e-02,2.642991998007840904e-01,2.317721824165110134e-01,-1.676468071481766872e-03,9.874540057236640134e-02,1.169613861004364513e-01,9.579339771510576645e-04,-2.545891383770069183e-01,-3.307500442977356347e-01,-1.167210232783987001e-01,6.200086959122055701e-03,-3.074530457078882839e-01,-4.307973233941050362e-01,-6.559586312348501813e-02,-3.843232978972840885e-01,-3.867365140219983788e-01,-2.557991147682016075e-01,-3.527450347374180284e-01,-1.938792384743079356e-01,-9.930977041244776204e-02,-2.670632658205837617e-01,-2.189942693449661859e-01,-2.361878053046173320e-01,-2.078733356643728269e-01,-3.155488429983850651e-02,-9.885157946070109725e-02,-1.247237038490345978e-01,-1.655232561239507461e-01,-1.632297931509737315e-02,-1.220997835041277013e-01,-1.085808128972635955e-01,-1.730922149344167049e-01,6.653046165099663067e-02,1.328096953211663767e-01,8.337443488059946561e-02,1.175440704359319646e-02,-1.715364077907197971e-01,-2.918052610592988261e-01,-8.442866459010097552e-03,-7.270037073416803219e-02,-1.244682255721437647e-01
