0.000000000000000000e+00,7.340374122092696574e-01,1.057439501326583493e-02,-6.169855959088671460e-02,-1.481202221601039259e-01,1.430111418474039053e-01,1.085178176976330650e-01,-7.917959912496405628e-02,-7.308226269858245257e-03,4.055538041149543693e-02,1.837228589964559899e-01,1.503381897432048801e-02,1.729031772965248792e-01,-2.761071643764536065e-01,-7.507087780698654123e-02,-5.588265976170975896e-02,-8.068443015331693002e-02,-2.875467946261494601e-01,4.596301983159886695e-01,5.325342319169203975e-01,-6.100446437906621028e-02,-7.663260233792128229e-02,-1.296956394484099495e-01,-1.880821100346564689e-01,-1.370842044814928329e-01,-6.586045294733156030e-02,-3.982970578257808564e-02,-1.474528765327671499e-02,-3.078203778250780676e-02,-2.110660334148069250e-01,-3.316333944808126655e-02,-1.638978956201656845e-01,8.116906392614593735e-02,1.630207747838209043e-01,-3.313267183412327843e-01,-3.415586911924418101e-01,-1.662363925320467783e-01,-1.314637767324846329e-01,5.309918472600673282e-03,-1.783527712110307695e-01,-7.960396966791175033e-02,-1.159135796697208093e-01,-1.131067193306896368e-01,-5.319853254777510282e-02,-6.601836330084766280e-02,-8.134665733426613143e-02,-2.262675536820002789e-02,-2.465569640955811090e-02,3.123578788182060362e-01,2.580999429965868397e-01,1.144409845004421417e-01,-6.541438660959921457e-03,-9.857896369622758115e-02,-9.237206044096298030e-02,3.033631760360786661e-02,-1.587751233284288854e-01,6.026066715290696596e-01,5.384574050137053147e-01,6.071520746451873896e-01,4.695311152517517295e-01,4.737422139806495847e-01,3.630848329165658472e-01,3.463310322616904857e-01,9.056522660737134633e-02,-1.934720247269878235e-01,-4.597375395168341039e-01,-2.674262582479489114e-01,-2.657496099514373156e-01,2.939404333997181484e-01,6.901824421561558731e-02,1.727102948187747289e-01,1.191601270164601156e-01,1.029615295804068853e-01,1.199843482028327066e-02,-4.312602646031474252e-02,-1.230647753995313121e-01,-2.326469687189890445e-01,-3.869132463084123952e-01,-1.125783876862682664e-01,-2.462463623465135365e-01,-1.465357829231090925e-01,-5.021070341512975377e-01,-2.010079731574564432e-01,-1.566040772733735265e-01,-3.222708972653234305e-01,-5.010840268434562095e-01,1.056528432761411063e-02,-1.220588147376363564e-01,6.356596836036282339e-02,-3.373967541246497004e-01,-3.539117781613786429e-01,-2.954770083225481958e-01,-5.371510919498334591e-01,-1.232616822098645259e-01,1.086371181763152172e-01,1.058224616726299028e-01,-2.014906847629136799e-01,-1.279282720211679103e-01,-3.734207442039578217e-01,-3.063553195314950295e-01,-1.060528095914773372e-01,3.070027717312074911e-01,1.211406468311044538e-01,-9.117970347758114213e-02,-4.089155521589091236e-02,1.186945177300608861e-01,-3.886565428102340958e-01,-2.309198011616206969e-01,-8.027217176020577660e-02,1.242693231190118430e-01,-2.788463065393735896e-01,-2.352310549313545718e-01,-2.218652478014278562e-01,-4.004905764170653137e-01,-1.977289259135319235e-02,-7.191001781692979433e-02
7.340374122092696574e-01,0.000000000000000000e+00,-1.318288300298851579e-01,8.220551849521140486e-03,-7.599502871399776982e-02,6.987617575629370692e-02,-1.015855364528635701e-01,-1.371535096130581111e-01,2.463707286727064710e-02,-2.181498760219115207e-01,5.728392217915633661e-02,-5.270375113312401189e-02,-3.748230505950236185e-02,-3.361568786035097345e-01,-7.519976190673259564e-02,-2.539456637578917375e-01,2.793276466786384984e-02,-2.580188084469050569e-01,4.104503430508323891e-01,5.791053175249979423e-01,-2.030419877888798019e-01,5.679363713595831503e-02,-1.640244957790001068e-01,-1.557261169109341870e-01,-9.641770751604300527e-03,1.450899773340187104e-01,9.654185253819838608e-02,-1.551119469539802564e-01,-8.444254227064107443e-02,-3.532513319275900621e-01,7.590242298734245496e-02,-5.524739041576676168e-02,3.599010883499842994e-01,4.321121084740234819e-01,-1.250299985496131083e-01,-5.776503383351218497e-03,-2.127615205313761748e-01,-2.233781803645309150e-01,-7.577871873181547813e-02,-2.188310954458235202e-01,-1.906004932263804796e-01,1.123229838452328572e-01,2.051544412186999122e-01,2.120245715626703220e-01,5.190997562781475561e-02,2.326443915411972874e-01,2.317899166365545160e-01,1.940971725338476173e-01,5.001301898683039315e-01,4.137668633038998345e-01,7.463517657851322096e-02,-4.540783709318212819e-02,-1.321797891503765643e-01,-2.664234659812564354e-01,-2.000782101617911563e-02,-2.041506929648457813e-01,6.340842690382443303e-01,7.190313393044003298e-01,4.965760658280212736e-01,4.271638144876679366e-01,3.550057189933202295e-01,3.681295386610106690e-01,4.010253654441149895e-01,4.907870023119535741e-02,-2.761913558091303456e-01,-4.507446115758549920e-01,6.556225854214282889e-02,6.018240364462142111e-02,4.099143275308889667e-01,2.723065133735576016e-01,4.877164725791175576e-02,5.209139803459964663e-02,-7.069529737302721051e-02,-1.575500639571729977e-01,-7.937275133995813636e-02,-2.031828517683746671e-01,-2.936683585382908190e-01,-4.327105148789032740e-01,8.759190721545004332e-02,-2.330735534485139926e-01,9.175261962993456338e-03,-4.144592922475354158e-01,1.113139040661857357e-02,-1.070239695049206297e-01,-2.994759557211778001e-01,-6.969906113987890395e-01,2.052065272953823294e-01,-1.207148994077777426e-01,-8.210125353011059335e-02,-5.164228364068439436e-01,-3.846687050212006520e-01,-5.101943102968832244e-01,-6.722291065353651618e-01,-3.701324554706827974e-01,-4.949917965103347445e-02,8.684088365475989280e-02,-1.595384437590343096e-01,-2.062520314600959637e-01,-3.545559541798142811e-01,-4.423234546448798210e-01,-1.777633361744243856e-01,2.317333302434075315e-01,5.875216498325944170e-02,-2.775070180715157389e-02,-3.480253430052540620e-02,-1.106625578589461312e-01,-1.675606767539400133e-01,2.285113871159549087e-02,-1.292364408005342857e-01,1.526149522470212072e-01,-1.516342539515244947e-01,-3.326359156796480088e-01,-3.164141930413095771e-01,-5.301613863238107127e-01,-2.026830840298735059e-01,-1.425338178552004731e-01
1.057439501326583493e-02,-1.318288300298851579e-01,0.000000000000000000e+00,6.099167332027074506e-01,-7.314199278122930636e-02,-4.045438708511889941e-02,6.692869802737764218e-01,2.990923358196263537e-01,-1.852850044041089717e-01,5.184838709731394157e-01,2.901204808407490954e-01,-1.572540513813457108e-01,2.981736503857846388e-01,2.556673671381047216e-02,-8.785488449068587502e-02,2.382899342141427401e-01,-1.735389180240858586e-01,-1.204403495612665076e-01,5.153586756918612233e-01,1.592022049910009618e-01,5.317034821564580599e-02,-4.324831731002672930e-01,8.208425525186370253e-01,7.314320648739954800e-01,3.580698588307920649e-01,-6.128142410815731744e-02,-4.132380453763752626e-01,1.945357035967280046e-01,-1.268754097992023100e-01,-1.844773195723836134e-01,2.864826727793104988e-01,5.081038432181488318e-01,-1.181156679929497022e-01,-4.053759642891824333e-02,3.496648420519888889e-01,-1.707808097167693995e-01,-1.976730775137227891e-01,-3.826290880264219263e-01,2.333478265868344989e-02,-4.006437497651684776e-01,-3.374060481621115725e-03,-3.748700626628654886e-01,3.949944178512371923e-02,-2.979977150266470143e-01,4.072715169346456388e-01,-5.756551858726884074e-02,-1.573799979379015557e-01,-4.115546131139290464e-01,-2.712791982334709084e-01,-4.185271568481589433e-01,-4.136258377119290119e-01,-4.780942912199572792e-01,-4.713410030924323202e-01,-3.156679292915082202e-01,-4.429727583348706532e-01,-5.491334143994962558e-01,-1.949996497016611707e-01,-2.126877062988421774e-01,-2.987066097369316942e-01,-2.657124576659415371e-01,-3.624929014544686079e-01,-4.576863060130684779e-01,-4.248460871853769194e-01,-3.716772402534576636e-01,6.218274779547316999e-01,2.757419469670396861e-01,2.704712248838060384e-01,-7.048698570685028864e-02,-9.064204981847917564e-02,-2.518819355079457423e-01,3.360650737194072479e-01,1.221505345879547316e-01,3.906579677398102080e-01,2.093109875912830542e-01,3.150812187931116837e-01,1.500165891831998534e-02,-3.020218921126535151e-03,1.371233959944287983e-01,-2.612517353762069602e-02,-5.071176511843259599e-02,-2.182786257163081556e-01,-4.641284413487463401e-02,-3.490083983318099659e-01,-4.547608897391904326e-01,6.583895432293503103e-02,1.264831728106191122e-03,-3.304855152203730051e-01,-1.363021400860733867e-01,-1.083519030762028663e-02,-1.377827440374601586e-01,-2.671941052832034827e-02,2.239902371521257096e-01,2.046617417525816163e-01,3.392449973217445125e-01,-3.225440807484185324e-02,-2.034301716283592465e-01,-2.707224734637835306e-01,-3.353188519345339791e-01,-5.929689982727023856e-02,-2.327015660437234679e-01,-8.751818700432055509e-02,4.464117415113260517e-02,7.182034967445727336e-02,-1.294476269419305714e-01,-1.651740934454301035e-01,9.928784059739664825e-02,-1.905940480181123053e-01,-1.558071677240105146e-01,1.428030773210378634e-01,-3.683058461034139919e-01,-3.616672034805669678e-01,-1.090113221725742265e-01,-2.520356666751813468e-01,-9.093483833723349508e-02,-2.435347812964155367e-01,-2.093618942395113203e-01
-6.169855959088671460e-02,8.220551849521140486e-03,6.099167332027074506e-01,0.000000000000000000e+00,-3.959244142250032544e-02,-5.483754099632481838e-02,2.507370884709608228e-01,5.362506664924112654e-01,-8.633166003249194420e-02,2.132279353357288687e-01,2.055274511505567059e-02,-3.567634772224154843e-02,-1.424709541432093475e-02,1.276808783336703945e-02,-2.532820185723091977e-01,9.990353252562118869e-02,-4.286983063425194307e-01,-4.852461600790711760e-01,1.174039944889847947e-01,4.457549209467968898e-02,-2.948753232469503160e-01,-2.747335547486836060e-01,5.068504478695410320e-01,6.462545357981316352e-01,2.754274069571713834e-01,1.163431874439131153e-01,-3.676565633723554161e-01,-1.147059789911175909e-01,-3.722806688664720975e-01,-4.487438313063486506e-01,1.558036390759174605e-01,3.928364676692446822e-01,4.142652339414540884e-03,1.510836937739435115e-01,3.509476845943019230e-01,8.836151232739074268e-02,-1.988968803121760054e-01,-2.328155787728741766e-01,-2.488135954924489412e-01,-2.775450561494350321e-01,-1.709414412932038496e-01,-1.228464814038378317e-01,1.452931853666760420e-01,-1.096664746176383987e-01,3.665531158610939033e-01,2.284681786208778154e-01,-6.869945446370302744e-02,-1.738407213424048858e-01,-3.545852485439384555e-02,-5.640564994246382441e-02,-1.293167791954718260e-01,-1.078106405868120149e-01,-2.290654917958675485e-01,-2.888643887601171079e-01,-3.306814940536950131e-01,-3.216740077878633142e-01,-3.099486622980115458e-01,-7.580619157286076770e-02,-1.956624546868567793e-01,-1.340220352117950375e-01,-3.295449305595790634e-01,-2.140252551194515296e-01,-5.002196008583725817e-01,-3.468046268932885035e-01,2.636707422293875780e-01,4.179883781939639498e-01,4.131883001338006456e-01,3.249144245672360709e-01,-9.200392072529099685e-02,-9.323284701469831265e-03,1.329227528844643125e-01,-1.384680122156951299e-01,-1.016179246609130553e-02,3.305563375422643918e-02,7.412707580430065446e-02,-7.307541584390085665e-02,-3.474365771020593990e-02,5.158470306719391274e-02,-1.846171390301224735e-01,-3.330917314671266727e-01,-3.745299433257326394e-01,-1.558345092857356673e-01,-2.444888316754872393e-01,-5.197668183585917312e-01,3.414173733097676695e-03,5.729758046034073155e-02,-1.199336512675744926e-01,-2.970121636262808007e-01,-2.244308301544933049e-01,-4.305006227403439245e-02,-1.115714295585761573e-01,-3.811651397863943802e-02,2.694397620410793337e-01,2.242425134811418946e-02,-6.898219675408263918e-02,-1.705937911171555577e-01,-2.348601022317998444e-01,-3.389729790956850786e-01,-1.490109643580781462e-01,-4.091376948890421139e-01,-8.242031910006679396e-02,-1.177240920377751604e-01,-1.079793993739194824e-01,-2.260515582437601645e-01,-8.745264666020927113e-02,-1.483755117640722654e-01,-5.295439796398415666e-02,4.692686756209826088e-02,5.000365799959676644e-02,-1.197854639480538663e-01,-1.806934657421714052e-01,-2.527297029568200681e-01,-2.821134459224446944e-01,-2.355705200060568272e-01,-3.951471072951313057e-01,-3.068095762162753037e-01
-1.481202221601039259e-01,-7.599502871399776982e-02,-7.314199278122930636e-02,-3.959244142250032544e-02,0.000000000000000000e+00,7.165310881215014582e-01,7.597730889608030058e-03,1.252827112397325304e-01,9.313598773650656470e-01,2.104092519652993667e-02,-4.369885667869013307e-02,2.260415474232614907e-01,-4.097706666154427024e-02,2.402516698666442019e-01,6.843687026876594803e-01,5.589680595341297575e-01,1.972191497847862462e-01,2.134598235782609876e-01,-4.076681576928909562e-02,-2.997092689432246174e-02,-1.315979965270941410e-01,1.342107616741931575e-01,-7.782574179796278302e-02,-7.486566617952547520e-02,2.962049579800989374e-01,5.779604214375037019e-01,5.325766551897868073e-01,4.060485108639830254e-02,2.491473733832479387e-01,3.651348181502102053e-01,2.223759145099438173e-01,2.338553517274356564e-01,2.319906212744813900e-01,6.905119997428611767e-02,-7.721756293917590719e-02,7.942206166415791135e-02,-1.483974570757414999e-02,1.299049861939342576e-01,1.906016416444744621e-02,3.380173067504108411e-03,-1.413927272557299608e-01,1.980493866932304947e-01,-2.310015681542681720e-01,1.217960103805981603e-01,-1.402579691450463462e-01,-1.018204463142572264e-01,-3.368915681732327361e-01,-1.450856097313735771e-01,-7.232869597038144027e-02,-4.447372940742943398e-02,4.696764305328283897e-04,-1.926399766789110846e-02,-3.415937276608254497e-02,-1.648642979913301498e-01,-2.335767043007542232e-01,-1.705223747743245533e-01,-1.350620135380329323e-01,-2.983911855430707583e-01,-1.460682093361067579e-01,-1.902269859852489808e-01,2.331679530881621346e-02,6.538452769588001985e-03,6.034060432248566225e-02,-2.554000902401635242e-01,-3.135738359216617976e-02,1.041969082328395579e-01,-2.935874704031989600e-03,-1.473867439571221148e-02,-2.066024879318057172e-01,-4.353195743928009454e-02,3.928754376406259213e-02,7.087957457231058855e-02,-2.538192363332553506e-02,-3.749010127453811236e-02,1.578761290718264931e-01,3.627652803319023067e-01,1.197962445063212450e-01,-1.200544588388803707e-01,3.754840307443396141e-01,3.411190529881603095e-01,3.129398937497529509e-01,1.078909850111363228e-01,3.240807380686421824e-01,2.156289772179006969e-01,3.231296303950741966e-01,-2.617789435995584654e-02,2.631878378483211711e-01,-1.005783086852225228e-01,-8.284968325365960062e-02,-1.985133169984601154e-01,-1.918716557896926744e-01,-2.335494572061794782e-01,-4.490459387119385276e-02,-2.578412508471035203e-01,-1.196727757511569512e-01,8.985255623916951241e-04,1.209984406870309726e-01,-1.126657563053086453e-01,-4.313695954025633522e-02,-7.271827216224246992e-02,8.946555174891562823e-02,-3.301514145505657361e-01,-1.497158046928145740e-02,-1.711969605171655695e-01,2.280022860192350564e-01,-7.978239509183067402e-02,2.440810459607015981e-01,8.364606324395632009e-02,-6.084408949099968933e-02,1.794378721870905358e-02,-9.411915878604924790e-03,-1.866636298241339809e-01,2.864946814552824655e-02,5.174087874513132873e-02,3.905655566399805073e-02,1.317415735448111691e-01
1.430111418474039053e-01,6.987617575629370692e-02,-4.045438708511889941e-02,-5.483754099632481838e-02,7.165310881215014582e-01,0.000000000000000000e+00,3.563372715090768611e-02,1.257088584513235963e-01,6.526014653847520552e-01,4.789994007653465835e-01,-9.588105851180024619e-02,2.232623113802089110e-01,4.125599813681194578e-02,1.318604676117285657e-01,5.454537224821471852e-01,7.218955398694579806e-01,2.270045910194119776e-01,2.165114077884023047e-01,9.416272834913834433e-02,2.063131774656797313e-01,1.789066361727537358e-01,-4.488251988389496683e-02,-2.157293943630189670e-02,2.571888819715674717e-03,2.735950697325799652e-01,4.098403969584650808e-01,2.375504262496388463e-01,3.669972636277248901e-01,3.419049813118139047e-01,3.498887360289724691e-01,2.849595271287100329e-01,2.779858955869773385e-01,1.480580420600613734e-01,3.545862011593620827e-02,-1.742016430836231811e-01,-7.032184398562299488e-02,5.909788244586428041e-02,8.139724748892060435e-02,2.204742487132638762e-01,-2.184452272927561722e-01,7.122943690458431731e-02,-1.270299115863028905e-01,-2.923311352373695327e-01,-1.465960778100124096e-01,-3.569575630923123022e-01,-3.029742235388118710e-01,-3.243861842432113063e-01,-2.388250209854632933e-01,-1.423051959084373208e-01,-1.081065112757672586e-01,4.571949925349760857e-02,7.326808722320849593e-03,-2.390261949426931987e-02,6.553710355309176616e-02,6.268836897644168571e-02,1.296402417455785883e-02,-5.325661165576691530e-02,-2.134464754655829855e-01,-4.428399854856020224e-02,-8.359685610280587209e-02,3.141034934618450181e-02,-8.185553783985312576e-04,1.268465337277814228e-02,-1.668872620244243599e-01,-2.860765116952976306e-02,6.482628807818567596e-02,-8.446026999568571891e-02,-4.537782240736683986e-02,-3.665747416471046294e-02,-6.937464054583502605e-03,6.506240040789354473e-02,-5.442762447613359866e-02,3.889595268632464048e-02,4.798763902641469542e-02,1.121709095562690855e-01,1.045408230387632059e-01,-1.658664970419818085e-01,-2.838677811980460097e-01,1.181793086792815306e-01,1.330995782218652168e-01,1.424711780983183296e-01,-8.689447847673052727e-02,1.049461607486269349e-01,-1.206744598182743211e-01,8.842704370071417797e-02,-5.852267977105974489e-02,-3.047247902207619527e-02,-5.385408897491391483e-02,1.342690005222611505e-01,-1.534202474571197128e-01,-1.398553112739217841e-01,-1.716517118915152351e-01,-2.271757962162679334e-01,-2.468821589410808426e-01,6.171789128374719630e-02,7.784460311022191326e-02,-6.466459943398629451e-02,-7.988065752295382682e-02,-1.847419347055711536e-01,-1.648681106706134381e-01,-2.801917818080562617e-02,-6.740408634366318319e-02,1.537355723347004488e-01,-2.727114363877781167e-01,-1.802690848723783809e-02,4.627266608918804980e-02,-9.763980809607791800e-02,-2.672676171547845869e-01,-1.218015809450587461e-01,3.563832761301381769e-02,-2.302854444081293417e-01,-2.355755378330640915e-01,-2.318938421863544763e-01,-3.089547879131991914e-01,-2.502885465295426673e-02,1.720573164156225798e-01
1.085178176976330650e-01,-1.015855364528635701e-01,6.692869802737764218e-01,2.507370884709608228e-01,7.597730889608030058e-03,3.563372715090768611e-02,0.000000000000000000e+00,5.917617955115765938e-01,2.180996243350955682e-02,4.591533612575272594e-01,6.413937979156222324e-01,3.267272666098677281e-01,6.786940637161971157e-01,2.246780507672629101e-01,-8.435551700423540855e-02,2.854704093539975340e-01,-4.850732356227981795e-02,-1.267311715840443165e-01,5.613824340956506953e-01,1.226632594148009958e-01,-5.016372244730334801e-02,-3.843093137818091032e-01,6.583477720441822667e-01,4.525264674076964200e-01,3.252035275807669407e-02,-2.441374897070054673e-01,-3.810621291758688467e-01,-6.604430017953213938e-02,7.563290860727682474e-02,-3.544293001981112939e-02,2.843249751185174534e-01,3.309895889759013610e-01,2.714728360875753518e-02,1.083624770637634238e-01,2.571745143387609706e-02,-4.489996653307979368e-01,-4.124850843738726569e-01,-3.809624462426004499e-01,4.586843572911489253e-03,-4.709603584329891679e-01,1.079293692243008390e-01,-2.961038627491294761e-01,-2.483299374075709220e-01,-5.231460601046480363e-01,1.319616020542357104e-01,-2.814389394141332823e-01,-5.377944582558750186e-01,-6.358728784008378376e-01,-3.079931945364072221e-01,-4.063246783227594250e-01,-4.328096087890631050e-01,-4.910693476351909448e-01,-5.976172527661800515e-01,-4.135583570869404979e-01,-5.469955787949987158e-01,-6.799784976756482191e-01,-2.465013224847992790e-01,-3.072212481508185822e-01,-1.391504624876286622e-01,-2.425316960236384434e-01,-2.552544926696191999e-02,-1.094167489277422523e-01,-3.200697839279963430e-01,-1.892653549830680959e-01,7.130013329314319748e-01,4.606797289525601524e-01,-1.001118123091176842e-01,-3.976718099828903674e-01,-3.616113170829423074e-01,-5.692375738444233058e-01,5.147856189009111239e-01,3.596488051528566321e-01,6.131640183187471171e-01,4.680489875364660657e-01,2.971538344678208987e-01,3.879625993432967990e-01,1.920009869806888758e-01,2.875451655103004045e-01,-2.553751143968037776e-02,-2.354500725584154353e-01,-3.510125002682755180e-01,-3.166636066438877073e-01,-4.884741168897368535e-01,-3.556561453141804940e-01,2.741317736038658553e-02,-5.344066589589055449e-02,-4.769304788089461233e-01,-3.276712172983846094e-01,3.592249410493198597e-02,-1.674912337507190319e-01,1.880877945700093756e-01,3.055320684923779617e-01,1.264410291322849156e-01,3.972182352335187350e-01,-8.496234682746969802e-02,-1.362339189691965935e-01,-2.467913551823440743e-01,-2.859305949059638974e-01,1.420536758141220657e-01,7.749065156294879242e-02,-4.987286153348955559e-02,2.387506333314823870e-01,1.184896443681413419e-01,-1.090556784642424115e-01,-5.435294283470715193e-02,1.770222341804112143e-01,-2.500617264086751890e-01,-2.143106900195629883e-01,3.200942706971801055e-01,-2.021804388260098062e-01,-4.622976478217759588e-01,4.440506375476249712e-02,-4.556884956353265959e-02,-4.184876666363462200e-02,8.685184925305171333e-02,-6.343062687565015345e-02
-7.917959912496405628e-02,-1.371535096130581111e-01,2.990923358196263537e-01,5.362506664924112654e-01,1.252827112397325304e-01,1.257088584513235963e-01,5.917617955115765938e-01,0.000000000000000000e+00,1.934884509723608648e-01,2.502335116793346081e-01,4.521494557886439059e-01,6.193979679973200536e-01,4.277640525112916814e-01,2.948961228497922193e-01,-1.240412093112186892e-01,2.344776582514861984e-01,-2.136686983239485249e-01,-3.405956477337548916e-01,1.415435812989864761e-01,2.414905025273130987e-02,-2.045434104562903754e-01,-1.691505986260464223e-01,3.308457218686113865e-01,3.963408173549879399e-01,-2.603629096696378695e-02,-4.933886482445228039e-02,-2.843825368906463535e-01,-2.179714246474619421e-01,3.236709763345917146e-02,-9.133632804603310229e-02,2.910749646010813430e-01,3.557388732036519396e-01,2.174520126984534896e-01,3.445804793810121613e-01,-1.468632991492231817e-02,-1.848162865697741131e-01,-3.291862118828298156e-01,-1.606554403484765359e-01,-1.345129976361063295e-01,-2.826404669956503746e-01,7.767450221527270882e-02,-7.854092876956644820e-02,-3.417230456448233089e-01,-4.830942492063865501e-01,-8.901324730372268956e-02,-2.551329245006138113e-01,-5.969403390082630434e-01,-5.872016254278242808e-01,-2.862326232273667004e-01,-2.512305565151296549e-01,-1.833343043542236261e-01,-1.320631505548391371e-01,-2.822047922040145096e-01,-2.447830248442270096e-01,-3.932495476854533933e-01,-4.198893839135576789e-01,-4.552119499242290868e-01,-3.677202545280791601e-01,-1.595737536171301374e-01,-1.984878246974593197e-01,-4.219125980135293719e-02,1.444970095677756139e-01,-4.124934745984523143e-01,-1.738704155335060175e-01,3.153908934019613031e-01,7.475286675620798071e-01,2.255268912533535744e-02,7.153876856020197073e-02,-3.429741222334250494e-01,-4.108841509826141603e-01,3.480617824742383570e-01,9.874892029604365185e-02,2.416769844868406625e-01,3.260279780733180144e-01,1.615232838657588432e-01,4.140726068560451334e-01,2.726127352203727150e-01,2.560314979869505181e-01,-1.393443264209927035e-01,-4.499237513042733672e-01,-4.141673230789822413e-01,-4.187749107599770260e-01,-3.505494158553348338e-01,-4.502397175777637650e-01,2.188442733956755606e-02,7.048865950585507523e-02,-2.661832912080324687e-01,-4.221484462676730609e-01,2.774484207561506502e-02,-4.256623171338141942e-02,1.866702350250785680e-01,2.750532472808632153e-02,2.489371855365669628e-01,1.796428645460431545e-02,-7.680805028828520398e-02,-9.096727132795059956e-02,-1.526577836785310560e-01,-2.931516993135125371e-01,-5.633470647753529431e-02,-1.250912167303212807e-01,6.742700656501764145e-02,-1.879316270674591047e-02,-5.028706328122128921e-02,-3.645222218899459854e-01,-8.928805730850360167e-02,-1.454769314933034019e-01,-1.393885342206047651e-01,-2.292085949628576425e-01,2.450176368056080078e-01,6.786316813861777153e-02,-3.033303084845443975e-01,-1.412995742093380858e-01,-7.128887470906732082e-02,-1.896769967483606933e-01,-7.828770032000281764e-02,-1.017621566391085502e-01
-7.308226269858245257e-03,2.463707286727064710e-02,-1.852850044041089717e-01,-8.633166003249194420e-02,9.313598773650656470e-01,6.526014653847520552e-01,2.180996243350955682e-02,1.934884509723608648e-01,0.000000000000000000e+00,-1.217757755995216989e-01,6.584912466609051107e-02,3.459261555353069229e-01,7.209096379919470443e-02,2.721621310250045833e-01,5.967164897168097948e-01,4.301265676126556636e-01,6.998578313955557129e-02,1.184250676364778654e-01,-5.544671368391368427e-02,-3.345532881003534381e-02,-2.880469782603000684e-01,1.468896013783141108e-01,-2.140198313464966029e-01,-2.666979587663849682e-01,1.340377645095330306e-01,5.151757123055616949e-01,5.078799074764914767e-01,-1.972913026698070171e-01,2.238871079205905779e-01,2.989558769408718342e-01,8.897427777863214926e-02,1.660264617052597050e-02,2.206235399023138699e-01,6.817068031575533593e-02,-1.859045669352072105e-01,-2.897386752161533853e-04,-9.824738273776061070e-02,2.174209194330674055e-01,-1.503005346337490666e-01,-1.920056888467159932e-03,-2.180261394988614598e-01,2.379044678830635196e-01,-2.692697352114341580e-01,1.696344850294317919e-01,-1.610489026265311263e-01,-7.175263392951120034e-02,-3.611674525716002671e-01,-1.015304915104662808e-01,6.264948726151456371e-02,1.114613590730241244e-01,1.085250722143351748e-01,8.008934832226236034e-02,3.255876162908337423e-02,-1.721520771231015989e-01,-2.523421469583599919e-01,-2.119004907280539474e-01,-1.229035260049645834e-01,-2.244063871677957067e-01,1.754222940869679115e-02,-1.016816929077093978e-01,1.570180690904501297e-01,1.283295280747749068e-01,8.122805651110331926e-02,-1.913100228968528105e-01,-1.132511790932459878e-01,6.870446770478371747e-03,-8.379919048578536589e-02,-9.818208276741464957e-02,-2.908041086881442139e-01,-6.662150548974601905e-02,3.456562769761040155e-02,1.195252649546574009e-01,-2.239583780274525746e-02,-5.576920971317312140e-03,1.401611015997454579e-01,4.015804248125326437e-01,1.149551526855267930e-01,-1.845669569911920216e-01,3.068504353815620367e-01,2.322087749921931954e-01,1.692769684278943865e-01,-5.618113138284391850e-02,2.483016025282380745e-01,1.968204237274206458e-01,2.888106237741673299e-01,-1.049446634293490083e-01,2.833596601982362184e-01,-1.674644906255191024e-01,-8.968771143473318330e-02,-2.688609228260292472e-01,-1.476699080439944078e-01,-2.496285362087106163e-01,-6.662059803165459870e-02,-2.424568613857128463e-01,-8.762357505144198477e-02,9.683600628022016876e-02,1.670338879212500405e-01,-3.606708891402325701e-02,-1.176042855187086830e-02,6.649283758144620298e-05,1.350903180986841035e-01,-2.927950894121736369e-01,-4.578958470591049795e-02,-1.808410570851134436e-01,2.892387248670761912e-01,-8.564425826177823886e-02,2.118685814174418036e-01,1.094237307528178049e-01,-7.845212910565281528e-02,1.689377686377991072e-01,6.197038729305916205e-02,-1.015578701574984116e-01,1.597476880904940000e-01,6.001340029901910955e-02,1.142224846135093674e-01,1.117080610369857452e-01
4.055538041149543693e-02,-2.181498760219115207e-01,5.184838709731394157e-01,2.132279353357288687e-01,2.104092519652993667e-02,4.789994007653465835e-01,4.591533612575272594e-01,2.502335116793346081e-01,-1.217757755995216989e-01,0.000000000000000000e+00,1.581812934205413801e-01,5.057332145322480932e-02,3.180189166051480831e-01,3.992052620303463382e-04,5.693534795610873805e-02,6.063319920409944164e-01,5.361634043722534465e-02,3.432448339077417282e-02,2.636228140799645736e-01,6.392484257668312742e-02,4.869963134198548316e-01,-4.611417929584836206e-01,5.189403084296411173e-01,5.094274305164354644e-01,2.793794908577489355e-01,-1.709656936501060265e-01,-4.531062444739326622e-01,6.410280410376985039e-01,1.917027200134691356e-01,1.155890304743570490e-01,3.451887145562452797e-01,4.414773461058963400e-01,-2.039565203502146373e-01,-1.413294996826136296e-01,9.411654568070243476e-02,-3.016306508527917263e-01,-5.039408897450274594e-02,-2.902515892695288757e-01,3.767280666501162667e-01,-4.446367471834425933e-01,4.202916070745758015e-01,-5.185205676103403771e-01,-1.569854436928901920e-01,-5.455861353347740694e-01,-2.873747750796358871e-02,-3.383233782173987736e-01,-2.668100308695871004e-01,-5.082018378788177859e-01,-3.525271786350821501e-01,-3.986760131632092752e-01,-1.973548289867060324e-01,-2.066541652860236500e-01,-2.967542057444383374e-01,3.283035500358611608e-02,8.984683719911176758e-02,-8.049945914904847732e-02,-2.360998903452976305e-01,-3.172413513591707535e-01,-1.850793718669021537e-01,-1.639086419319558119e-01,-1.971351742270923135e-01,-2.642297517499177517e-01,-3.719769146908007418e-01,-1.612656328428221930e-01,4.912599869212128101e-01,3.760578705617898532e-01,5.010305171738793813e-03,-1.780839305923570537e-01,-1.192510425449921363e-01,-3.307021976631733806e-01,2.530241122610380478e-01,-1.191280023889168954e-01,3.214630336457190984e-01,2.673207067187566843e-01,1.001113755245438969e-01,-1.641051696282316008e-01,-2.076226565914165434e-01,6.092714467342618540e-02,-1.405367737174115783e-01,-1.154521708936904617e-01,-2.121511292965979900e-01,-1.092394456218672288e-01,-3.849796293535278080e-01,-4.573526047382159287e-01,-1.424797302522709808e-01,1.452235283734657212e-01,-5.361286448256928905e-01,2.073878371881569121e-02,2.865599895676887998e-01,4.220628277114058663e-02,1.190932842192955893e-01,2.559521043618743219e-01,4.377600306966317883e-02,2.240972243867997982e-01,2.417564966587373160e-02,-1.505075303280245247e-01,-3.305989904484893938e-01,-2.528804600194235475e-01,-6.114405241402388891e-02,-7.019696417238370512e-02,-1.295885245784749173e-01,2.137163777938261289e-01,2.686686499655225324e-01,-2.352843606611422500e-01,-2.462239425608753751e-01,2.046251295386116442e-01,-2.928734679207926628e-01,-5.195572443809287622e-01,2.052322867408271356e-01,-3.922836236077504313e-01,-6.162018862268686670e-01,-1.100725989522703258e-01,-3.799691233972936621e-01,-2.846348585272037157e-01,-4.596193800456965795e-02,7.562827138014115158e-02
1.837228589964559899e-01,5.728392217915633661e-02,2.901204808407490954e-01,2.055274511505567059e-02,-4.369885667869013307e-02,-9.588105851180024619e-02,6.413937979156222324e-01,4.521494557886439059e-01,6.584912466609051107e-02,1.581812934205413801e-01,0.000000000000000000e+00,3.842661682934858103e-01,8.203127149808663310e-01,2.799511700163613281e-01,4.506888652024360759e-02,5.077605240114890089e-02,3.378809154170309310e-03,-2.199912652556159504e-02,3.346686124037828169e-01,2.004506333746544286e-02,-6.776192736068047118e-02,-1.846142094934628275e-01,3.486001738114342663e-01,2.394817103297714189e-01,-2.358909691325044092e-02,-1.894531334179476445e-01,-1.501324400628896438e-01,-1.277970714865227786e-01,1.020335353071948614e-01,-1.768629835055726338e-02,1.198243164031008307e-01,8.826214081408371992e-02,8.798228272679703421e-02,1.074767192602285731e-01,-9.068438096396223835e-02,-3.883092660373274052e-01,-4.264162627770105018e-01,-2.631298624111331197e-01,8.994654198610269047e-02,-1.979725033259346623e-01,1.350914608304695508e-01,-1.633062054220374981e-01,-1.353536817126395619e-01,-3.327924846757126520e-01,4.151296552650615701e-02,-1.858281798344721125e-01,-3.474718886480365199e-01,-4.659024613939710124e-01,-1.308548653992848976e-01,-1.969869599879292554e-01,-3.190872013142629915e-01,-2.839990528038978113e-01,-3.488154812389419046e-01,-3.457181948002078231e-01,-4.065217565747724082e-01,-5.765231453858609134e-01,-1.001401709717092969e-01,-7.918750025310783425e-02,-9.483869578274693735e-02,-1.814021567013463510e-01,3.073996418478886633e-02,-8.412302953837342417e-03,-1.568552209237645267e-01,-5.657154034253570468e-02,4.498214131550137829e-01,2.886088765728697658e-01,-1.144655544723217483e-01,-3.230497546397180786e-01,-2.313241495846297957e-01,-4.536031000112952238e-01,2.600866291882258374e-01,1.726431739897259232e-01,3.313348616245988532e-01,2.780968073824574005e-01,2.485476776368538560e-02,1.296783535888614003e-01,-6.776181198898700853e-02,2.475558749532382960e-02,1.442456577629488979e-01,-8.643036040803815656e-02,-1.133922488433223436e-01,-2.231549995766953787e-01,-2.545196824011292658e-01,-9.679333669401833651e-02,8.971510097052358412e-02,-1.582090849744929861e-01,-2.147630753414773164e-01,-1.678869273076361301e-01,9.741134291469102924e-02,-2.225599616598600283e-01,1.057346688026654380e-01,1.045060413799123004e-02,1.622269988354103215e-02,1.360011802605709808e-01,-1.908912924006857803e-01,-8.623469198240769906e-02,-1.566177866372082672e-01,-3.499040681371787254e-01,-3.951290662463763370e-02,-6.400835895414383470e-02,3.637412543788278579e-02,6.206084726055766457e-03,1.557778232272786709e-02,-1.516699735601257648e-01,1.781717761286089330e-01,5.081795512098252060e-02,4.412914767092108136e-03,-1.471111566770111068e-01,3.368909256882632319e-01,-2.394381894849111070e-01,-4.877648332398784037e-01,-1.129122799490557202e-02,-8.924159110730031999e-03,-7.849359898807386354e-03,2.076022182570830266e-01,1.314955811119075946e-01
1.503381897432048801e-02,-5.270375113312401189e-02,-1.572540513813457108e-01,-3.567634772224154843e-02,2.260415474232614907e-01,2.232623113802089110e-01,3.267272666098677281e-01,6.193979679973200536e-01,3.459261555353069229e-01,5.057332145322480932e-02,3.842661682934858103e-01,0.000000000000000000e+00,5.574212579504511655e-01,6.081599853661939781e-01,1.285198940847733229e-01,2.589938736219661308e-01,1.991527768731429504e-01,1.447661640462614419e-01,-6.021777930484283059e-02,-7.296591768089422114e-02,-7.542591804047915627e-02,-6.942557140274221083e-04,-3.415570036338178017e-02,-9.297683283474512950e-02,-9.399991695709843109e-02,6.184203609521369237e-03,-9.388107086149237446e-02,-2.185721823973542643e-01,4.681098826041378280e-01,3.281470437454883093e-01,2.104722250801346894e-01,1.419908871918589277e-01,7.355245208605415419e-02,1.236293714928825282e-01,-2.800502500617438884e-01,-3.403950784727956536e-01,-2.262761371273395716e-01,9.910698416799053334e-02,6.207608968483615229e-03,-1.079341505408094454e-01,2.730784858054761122e-01,-4.712552121336974383e-03,-4.393969375885350415e-01,-2.982434745404186072e-01,-1.918235556931669750e-01,-2.799148717438487699e-01,-6.335299848672071299e-01,-3.955083829162489573e-01,-9.755323970513191112e-02,-1.217970362354809169e-02,1.647003506155693964e-01,1.965025239052140549e-01,-9.480819304892466881e-02,-8.809261658339131995e-02,-1.248947047355408735e-01,-1.781305830544496760e-01,-3.171755252697185945e-01,-2.493233626687313131e-01,5.219988702294787314e-02,-5.539828344141391192e-02,1.905901446576823144e-01,4.034658918460588550e-01,-7.427907329995397934e-02,3.091782223423448772e-01,5.046160153079626981e-02,3.561802932666514043e-01,-2.733530646519584106e-01,-1.671884499729317519e-01,-3.945810814137089562e-01,-4.498810920837715832e-01,2.799862127713221294e-01,2.877873807687739149e-01,4.237918068534399785e-01,5.086465637438334353e-01,1.914262997054827151e-02,4.981006938095209335e-01,2.717631459255128168e-01,2.250567660935181846e-01,1.253618152479167025e-01,-1.327673410906823337e-01,-2.361283439764569059e-01,-2.299951772944359984e-01,-1.900137447990108974e-01,-6.408782532068411919e-02,3.870410280921451895e-02,1.660675304766572602e-01,-1.322282115595481700e-01,-1.502562959106771567e-01,6.780302218486859711e-02,-9.824581400775010687e-02,6.247160752153686075e-02,-7.447699141498949349e-02,-6.805757622968384990e-02,-1.194510293796541139e-01,-2.049536348195079780e-02,1.347738676874913888e-01,1.883400398511312634e-01,3.099947316114670670e-02,3.774141315812487574e-02,7.071733628801987748e-02,7.866775450571203421e-02,-2.568933004728431169e-02,-5.886816403360331518e-02,-2.968267036796382596e-01,-2.219842197129024419e-01,-3.374909993052295221e-01,-1.951242902135761348e-01,-2.298429917254292687e-01,2.461386215745926531e-01,2.892119162771238927e-01,-1.925255945181366113e-01,-8.567880105829742132e-02,4.747811149629089372e-02,-1.242516491887102614e-01,8.597737198156989169e-02,-1.799806477207632413e-02
1.729031772965248792e-01,-3.748230505950236185e-02,2.981736503857846388e-01,-1.424709541432093475e-02,-4.097706666154427024e-02,4.125599813681194578e-02,6.786940637161971157e-01,4.277640525112916814e-01,7.209096379919470443e-02,3.180189166051480831e-01,8.203127149808663310e-01,5.574212579504511655e-01,0.000000000000000000e+00,4.928485997338022395e-01,1.416195403748185255e-01,2.592753363433076830e-01,1.008765998963688376e-01,1.552571688968711616e-01,2.058476790949224922e-01,-9.124423431768106940e-02,6.917082737102815682e-02,-1.754765605799326611e-01,3.937055264904374408e-01,2.019707626174359061e-01,2.513813474061265402e-02,-1.725128268052409097e-01,-2.419269323847545727e-01,-1.759631020911805663e-02,2.593761326154842561e-01,1.428186498731258969e-01,6.657487899119444996e-02,6.478571641933604519e-02,-1.752732798324003194e-01,-1.241202647349127219e-01,-6.913364215448887518e-02,-4.502022849692124407e-01,-2.329627269332512074e-01,-1.325312029798056679e-01,1.476596640509902081e-01,-2.359689877847107042e-01,3.137695517699028436e-01,-2.628753498516742670e-01,-2.454109032132565371e-01,-3.460413564863895619e-01,6.125393483147742457e-02,-2.476965016286531152e-01,-4.216356348892000838e-01,-4.352638366248854918e-01,-1.877694694465738834e-01,-1.932773640125381998e-01,-1.713766151021726969e-01,-1.442675081709295093e-01,-3.384786251544423252e-01,-2.658703125342370965e-01,-2.365953976342639875e-01,-4.539019121928447587e-01,-2.394755034294188401e-01,-1.663727897684759705e-01,-1.050607298746453894e-01,-2.165178745969432161e-01,3.037455806127273977e-03,-5.245588504440101829e-02,-3.069774452683883270e-01,3.869499343826945242e-02,4.890263151244744200e-01,2.400465635912732432e-01,-2.372556501891447123e-01,-4.378131866760703872e-01,-3.416935328847748310e-01,-5.014023912894515211e-01,3.072775912986481228e-01,2.345445430475967263e-01,4.807718867078152325e-01,3.905878018771468674e-01,6.567331849842238112e-02,1.752511401015987014e-01,-5.394509749840765978e-02,7.294113318623608733e-02,1.143801446788326737e-01,3.347646378659618893e-02,-2.197653651048768475e-01,-1.488514444713217866e-01,-2.857744435705450448e-01,-1.721563662268558725e-01,1.735101726862062488e-01,4.471275590225328583e-02,-2.733676827916076135e-01,-1.562073348664395067e-01,1.553031027629398209e-01,-2.029233596965242248e-01,4.828958398836093874e-02,1.096590419016918033e-01,-3.536098651648170166e-02,1.810916631197723725e-01,-4.849007887567249875e-02,3.077940816747320660e-02,-1.247977968820527216e-02,-1.368583811503063241e-01,5.346613745154286251e-02,2.318587716651320657e-02,-1.958312029670988136e-02,3.609520823314793514e-02,1.667539808595865092e-02,-2.302307559522689950e-01,-8.491215061278467591e-02,-6.682617062065740465e-02,-2.084170755888489213e-01,-2.410755282172005465e-01,2.532298862512022408e-01,-7.236876188238675067e-02,-4.071217662619379118e-01,1.746206748143117396e-02,-4.274874606314649217e-02,-4.024968915679617149e-02,1.185699538627325578e-01,6.962052619105778273e-02
