0.000000000000000000e+00,4.198580134264627839e-01,4.407357661711117786e-02,1.936873510033043921e-01,-1.266120295763036863e-01,-6.945665809353721021e-02,6.013152140977672255e-01,4.159608394427883882e-01,-2.350407734775278659e-02,-1.858483836046081472e-01,4.430898995633375526e-01,4.520692696977651193e-01,3.674125719001592461e-01,2.408446212995762892e-01,-3.684036070143752867e-02,-2.005048667855670042e-01,4.728876576655232089e-01,2.256325301004920847e-01,4.374755305631142233e-01,3.668501308189001664e-01,-1.426103807771953724e-01,-1.367565392221679332e-01,-3.050484016074045956e-01,-3.920592378383655485e-01,-4.137987671069436879e-01,-3.964817271942070454e-01,-2.905219027402903068e-02,-1.490897858288503797e-01,4.712302254593869755e-01,3.006618508706315196e-01,2.053810509821990885e-02,2.179741699210385394e-02,-4.412591055507261717e-02,-1.133048583186325141e-02,-3.587058095620578868e-01,-5.250033466021298834e-01,-1.690416597258017906e-01,-3.570777880606037374e-02,-7.677626811969143206e-02,-2.051061697758934932e-01,4.209730506619601548e-02,1.243817484012961216e-01,7.828427009614896681e-02,6.344986976733241191e-02,-1.521733297824452436e-01,7.513191128506638283e-02,-2.211668584574577878e-01,-1.478918841736695522e-01,-7.840651219234132108e-02,-8.645850399401447395e-02,-9.680168186795473639e-02,-6.344844897559141772e-02,-4.495177913595039404e-03,-1.662626597557563257e-01,-1.973083924110023701e-01,-8.498057833107031112e-02,5.152460194681315331e-01,8.336465005630655511e-02,4.174650464262379956e-01,1.263270010181930803e-01,6.253946859122897495e-01,2.156562131426594808e-01,3.378373077332050278e-01,1.881828690117031133e-01,-4.834093431099714677e-01,-4.064395367891752708e-01,-3.061160229730746640e-01,-1.892497285009920316e-01,4.625435354331620674e-01,2.602832683788277035e-01,-4.286043832447433005e-02,1.933285074129942605e-01,4.535733585211969010e-01,4.314940308773125288e-01,1.028627176369369955e-01,2.250603574861420597e-01,2.334780576286213105e-01,2.831690505362770005e-01,1.186501656431599855e-01,3.055392966908040964e-01,1.927042261576468463e-01,-1.065747798363995275e-02,1.230713735389794422e-01,-1.955930525056844005e-01,-2.408766140056647354e-01,-9.387409966556586882e-02,-3.136686252544479969e-01,-5.258578360946031260e-01,-4.367000036490475273e-02,-6.105829277439770060e-03,5.557928099999589339e-02,4.490722090326121352e-02,-9.621084600737987713e-02,-2.429073348293999454e-03,6.629386336102528754e-02,1.405123670390208968e-01,1.193040115110172855e-01,-2.578181126312859700e-02,1.498602598607528813e-01,2.498978298727743963e-01,-3.553439428700866931e-01,-1.041976521684938456e-01,-1.759876222555262215e-01,-1.329789048943967600e-02,-2.322969365511049211e-01,-1.500336452903393292e-01,-9.268015542966040465e-02,-7.541792007143381660e-02,8.118142002023129300e-02,1.309778119796582985e-01,-2.523853412562226395e-01,9.809914330453112230e-02,-3.287869459705980435e-01,7.602283562117061189e-02,-1.383732421383660205e-01,-1.085695662556047103e-01
4.198580134264627839e-01,0.000000000000000000e+00,3.603204579370603566e-01,4.871879735976950010e-01,1.592855626951349135e-02,5.699565386418984497e-02,5.684232790288916704e-01,3.790251108570195648e-01,-5.336575151156155820e-03,-2.276144597187275964e-01,2.775002981450356287e-01,5.103084432931080938e-01,4.667105309771603094e-01,2.828437242356952597e-01,9.004478544038993504e-02,-6.027188779623943865e-02,2.815255202309815963e-01,-1.139195693465932802e-01,5.028132156835847244e-01,5.272955987586324111e-01,-2.094318638365818830e-01,-3.156208512142787970e-01,1.006175115092453054e-01,1.153153268828153583e-01,-4.187415276961799493e-01,-3.268243828428578635e-01,-6.244360259951579895e-02,-1.389675781405199373e-01,9.661979538420750746e-02,-8.248751210276587809e-02,4.553832703029035874e-03,8.276999686082818497e-02,4.532402529144580194e-01,3.667697789889681759e-01,-4.579728206849378314e-01,-4.325224273307488598e-01,-3.453953317197342443e-01,-1.117395852710929144e-01,-1.393916751325473546e-01,-5.196660679938054639e-02,2.877533886596015389e-01,1.849384191050940929e-01,1.805396704856436496e-02,7.218353409149333433e-02,1.640722704920441477e-01,3.525124048463286197e-01,1.461999285881843691e-01,-1.083284052898437905e-01,-7.804030399033202309e-03,1.931263719161835368e-01,-1.566773185818390313e-01,8.937286105595393382e-02,-3.088155530231694312e-01,-3.016725306250943595e-01,-9.235931409070251286e-02,2.538571657533500447e-01,4.379587590663912566e-01,5.646836435160708101e-01,1.426944384159372914e-01,2.267352332050609487e-01,2.491671619082685696e-01,2.193500441018498559e-01,5.496676775266804427e-01,4.605019886653073935e-01,-1.343040387929338997e-01,-9.550642991424737605e-02,-8.392801961472995398e-02,1.090760859532192567e-01,4.211689899763242928e-01,5.818227251811461942e-01,4.336102563471844369e-03,1.446416207559386713e-01,1.822918894197042561e-01,3.976815803926472825e-01,3.032171981209634548e-02,7.120123840914337199e-02,7.448270178080977633e-02,1.320869591868214232e-01,-1.484695040593783655e-01,1.351738886852651804e-02,2.906041370789342881e-01,1.749661414162339834e-01,-1.904684296833806037e-02,-5.402019524665482852e-02,-2.836784972138894356e-01,1.060388667395344708e-01,-2.660119673476935009e-01,-1.828433505892687327e-01,-5.542390109677314269e-01,1.078442507206706785e-02,-4.356349557195951516e-01,-1.988422576535684994e-01,-4.719210902390520990e-01,-3.474414160260982376e-01,-2.540652700033357858e-01,-2.342304291948330008e-01,-2.641505400270479087e-01,-1.662706027570309275e-01,8.895556730969976511e-02,1.089655432585609623e-01,-3.518635411436198401e-01,8.425360587198188478e-02,6.819409086706758327e-02,2.226240971415478498e-01,-2.760143370846727673e-01,-2.131484264960219754e-01,-1.624784953957140732e-01,4.536788039906733405e-02,5.596692826757818096e-02,-2.967300830060148331e-01,-4.503920097514183540e-01,-1.029940689653218444e-01,-1.030425855849385758e-01,-1.935203753331521392e-01,-2.113950363226854423e-01,-3.718927577315496169e-01
4.407357661711117786e-02,3.603204579370603566e-01,0.000000000000000000e+00,6.060122468065677337e-01,-2.807476485544328493e-01,2.453612044058454678e-01,5.914380516933450682e-01,1.325340789409703013e-01,-5.008227258345724353e-01,-2.400114278298128290e-01,-1.722707661659123382e-02,-7.259036589018265373e-02,2.368807072993474871e-01,-8.011906987749246867e-02,2.191562940437887519e-01,2.201902489310104960e-01,-1.449484976303376527e-01,-3.047810687229341453e-01,5.752387903846548634e-01,1.998571257576233495e-01,3.330820388647497826e-02,-6.256355535559003644e-02,4.754490108107722324e-01,6.919062730813468898e-01,-2.846496499883571785e-01,1.987645476797459121e-01,-2.068143275469234155e-01,2.343117989220403208e-01,-7.536257068392557268e-02,-2.596272452711913536e-01,-5.819739805321953729e-02,3.090953875723271849e-01,2.907827096602182970e-01,2.893198776695380392e-01,-2.730021176655110238e-01,-5.021679864666651893e-02,1.810892909176106402e-01,-4.342576629991351522e-02,-3.782728838768414925e-01,-9.313547741591736429e-02,2.441786226857317332e-01,-7.523755380751509514e-02,-6.285208911085773398e-01,-4.933029924987297199e-01,-2.485083194087160108e-01,-3.730880481918839864e-02,-1.941413954166941735e-01,8.357250789725038931e-02,-4.638290422372394750e-01,9.503416703040970526e-02,-6.323308285714753785e-01,-7.764465536465099682e-02,-5.716677507724525764e-01,-2.801470108612156840e-01,-2.838185402843603211e-01,3.247253877862821825e-01,2.700916253509936388e-02,3.955403404773854548e-01,1.949734486365165831e-01,6.499366597240553434e-01,7.853243816534420663e-02,2.623791552691842610e-01,3.391198442977139127e-01,3.875529899754744378e-01,2.160987205866297112e-01,1.764512165333798899e-01,1.206365417027358833e-01,2.874436958907015116e-01,5.478370591489736818e-02,3.897794626946110008e-01,1.579977110346036662e-01,4.088422494705819532e-01,-9.351064231320938003e-02,-7.678320495079543964e-03,-2.173464004087998780e-01,2.385376540272487744e-01,-2.091899053119938498e-02,5.613701808506126739e-02,-5.212337744204462719e-01,-3.160350158734565595e-01,7.806296751751744256e-02,3.699174411764947212e-01,1.310708958952754022e-01,1.300862779757223919e-01,-7.279528840255695965e-02,2.144218507904988302e-01,-2.470306171422588515e-01,2.801905643581912297e-01,-5.211124002228110230e-01,-1.390519407523790330e-01,-4.883779636728656226e-01,-1.519274617710267838e-01,-5.750253349638750899e-01,-5.628010254585468219e-01,-1.856524938398408375e-01,-3.297861771020504928e-01,-2.145509379425821483e-01,1.769392177531797783e-02,2.145486380941343529e-01,2.610238117534862679e-01,4.472451989095464764e-02,3.341274738013609302e-01,3.010997698683154367e-01,4.379756427272671337e-01,-1.129151580755540785e-01,-1.516409286986913386e-02,1.403040879165585314e-03,1.571956016857884997e-01,-7.960951826757346750e-02,-2.822246699885782029e-01,1.602022889724873667e-01,-2.095755258910786123e-01,4.633570473619331720e-01,-3.405550725998936490e-01,4.737805759750127882e-02,-2.143847380267997482e-01
1.936873510033043921e-01,4.871879735976950010e-01,6.060122468065677337e-01,0.000000000000000000e+00,-1.496395257643013676e-01,1.485582261138922444e-01,6.779053467755354889e-01,5.870627221839390675e-01,-2.139209334545058294e-01,-1.457613437404522150e-01,1.424283572501867101e-01,2.210618811797333549e-01,3.934378083034799634e-01,2.646863932750406767e-01,2.182223914582365754e-01,-3.657581406144407021e-02,-1.080544738530716531e-01,-3.063015195331832419e-01,4.422879324088902497e-01,6.236227641548537648e-02,-3.606801382504488673e-01,-6.903224335860647098e-02,5.147981378176657019e-01,3.785617795465463509e-01,-2.716560372008135493e-01,-6.615586846618178030e-02,-3.407545186673226478e-01,6.025229905208668441e-02,-3.623503478282487089e-01,-4.410308912935865244e-01,-1.891849716922236746e-01,1.859574791538467775e-01,3.839436865783835695e-01,4.151555205436492368e-01,-2.736496051253970441e-01,-2.932246656142001862e-01,6.236301981729600735e-02,1.502398082865634144e-01,-4.583365120771825119e-01,-3.955185759345473950e-02,5.896695779563745909e-02,-5.034264084294163416e-02,-1.710419595599825815e-01,-1.403408483594734968e-01,1.190880748797335242e-01,2.994425837515818367e-01,-3.116860582684855552e-01,-1.528284834645226853e-01,6.890585919026325813e-03,3.428696636935805730e-01,-1.461071391898777494e-01,3.071534417584246834e-01,-3.835272034245196249e-01,-1.864803509272563165e-01,-5.297220973983590708e-01,1.179917037203675467e-01,-4.069137044781891144e-02,2.597906667280528992e-01,1.743683086612555500e-01,3.881238368099323433e-01,2.349999448566871263e-01,4.449013632017411735e-01,1.663561603477232143e-01,3.446821462315503015e-01,2.259024198224602042e-01,3.362075847890263480e-01,1.243962870248057490e-01,1.182147515132204590e-01,1.674096526780547989e-01,2.596961289704095566e-01,2.678226130115847758e-01,1.802605060546002003e-01,-9.418985229128196135e-02,1.197273752834361778e-02,-1.379868713909850053e-01,9.757605564172565360e-02,-1.965150425108213306e-01,-1.408144983279309981e-01,-4.938434733316457992e-01,-2.269952862981549635e-01,-1.184662261375544479e-01,2.092599409946663824e-01,-1.090272729483075936e-01,-1.763579600296416583e-01,-2.246998064433090858e-01,3.757644858268288646e-01,-3.404422800868682764e-01,7.580379167914416683e-02,-5.236610565275067186e-01,-1.831036616635277059e-01,-2.521359461948330383e-01,1.301058232242516266e-01,-3.167855731507271955e-01,-2.489841973008841691e-01,-4.630661734989905964e-01,-6.075423045848317161e-01,-5.650018664502145516e-01,-4.949601233758685326e-01,2.030761523560557225e-01,1.804837470495812210e-02,-2.778066300764626129e-01,-6.055442666004869079e-02,-1.227126791825588897e-01,1.421358437506371197e-01,-2.069812601041395583e-01,-4.428374726260866229e-02,-2.575197627705437808e-01,-1.570520719739732785e-01,8.440670456874477257e-02,-5.365124192280512627e-01,-1.915667477257722018e-01,7.709499217114769605e-03,2.085058002953984746e-01,-3.198694109801028529e-01,2.840165745595716884e-01,-3.225152989162244910e-01
-1.266120295763036863e-01,1.592855626951349135e-02,-2.807476485544328493e-01,-1.496395257643013676e-01,0.000000000000000000e+00,2.716878230102853786e-01,-2.568403943907064391e-01,-7.947840010583280546e-02,7.436046886337476236e-01,6.439407583619140008e-01,2.653461303596466592e-01,8.440410640248469099e-02,-5.521506814320183837e-02,2.388984940812655111e-01,-2.684593602736160545e-01,4.141901220525255889e-01,-1.565131268510131513e-01,-4.129672763040935224e-01,-6.143333869792706042e-02,1.988182448261369833e-02,5.495791404049892720e-02,3.392097184225002782e-02,1.600374765429133858e-02,2.708799436361935056e-02,3.058652177370596026e-01,1.723236660766475636e-01,5.538856372443526910e-01,8.849556045001620574e-02,-1.055672151522016183e-01,-1.659428185772932329e-01,2.404077871793956767e-02,-8.847586455280886941e-04,2.314139492720207296e-03,-1.059760776870801030e-01,3.654574618555111454e-01,2.171520735259883372e-01,-2.188457640393878523e-01,-1.828563856541636501e-01,5.902840469193138678e-02,7.629267515784818321e-02,-1.289528772177469251e-01,-1.687717125166900700e-01,3.208955735206742710e-01,3.134422921429602105e-01,2.336724495388907072e-02,-1.378110708475824564e-01,1.881172552024838185e-01,-4.898442184809067429e-02,1.756313623864023676e-01,-2.056591350713694033e-01,1.638069142970595971e-01,-2.145587435133061993e-01,4.130815695491483336e-02,1.341348108689738583e-01,2.431117360346445877e-01,-5.313751647213028201e-02,1.564598603750021188e-01,-3.595332634207713818e-02,-2.219539369655718353e-01,-3.773267092709223225e-01,-4.007928063993246304e-02,1.382265847793428815e-01,-1.555765435847076827e-01,-1.696361820063179981e-01,2.092133222271031767e-01,9.425903703537869688e-03,2.299870613412851109e-02,-6.906363765199834484e-03,1.212196273293875276e-01,-1.607095215408826661e-01,3.528870447445115605e-02,-1.159669955035807359e-01,4.725997144755549745e-02,-1.420551750426782001e-01,3.105669144241566260e-01,-2.041539899469000108e-01,3.122761135998680659e-02,-8.577251532219799801e-02,1.595168052736415654e-01,7.002162929830950400e-02,-3.990290104829111728e-01,-2.009682834856357236e-01,-4.020235587591435844e-01,-1.448918667811077976e-01,1.957284808048899705e-01,-7.183937492521036416e-02,3.961724703671605785e-01,1.226792512397981844e-01,7.161468361703852981e-02,3.211724798490053767e-01,-5.077466463917841566e-02,-7.452342820125922029e-02,-4.806797403183222725e-03,1.204011449420315516e-01,-1.714749907727224354e-01,-4.560519708465801680e-02,-4.319241626839115389e-02,-1.677030190532317611e-01,-2.833227723652491092e-01,5.289496458302200832e-02,1.315588359318445311e-02,1.333094660266576255e-02,2.227164426574326228e-01,9.447459600556153136e-02,1.198673014553104481e-02,8.098672192908445630e-03,-2.107629021500374567e-01,2.196605551466011275e-01,4.019427442288338592e-01,-2.097294263911905071e-02,-1.249198604716063171e-01,1.254212364886863329e-01,-8.754246927623829128e-04,7.514180776777233672e-02,-3.176762483169472129e-02,2.114163903194965499e-01
-6.945665809353721021e-02,5.699565386418984497e-02,2.453612044058454678e-01,1.485582261138922444e-01,2.716878230102853786e-01,0.000000000000000000e+00,1.656849118559599598e-01,3.437979441324878205e-01,3.132059364284164316e-01,5.714789792251149247e-01,1.467645225444721702e-01,5.309795066458487811e-02,1.808412119070951785e-01,1.666448864374799055e-01,-1.157751635492984960e-01,3.357059441540074518e-01,-3.716506648214525366e-01,-5.436600500163401017e-01,9.686912192710878111e-02,2.823504731128988199e-02,1.644597018323563087e-01,-1.857103114681771527e-01,5.023717315278646706e-02,1.889671292422313020e-01,-2.488290375031916579e-01,2.627264676914276703e-02,1.390708945811445704e-02,3.281001733506200280e-01,-2.025327291694336562e-01,-2.406413988301346618e-01,-4.970461163088455980e-01,-2.321229030676832394e-01,-7.182736285941096650e-04,-4.098796371540008171e-02,-3.643915810204634842e-01,-2.290670454749755072e-02,1.239488267295009022e-01,-3.821166285384441363e-01,-3.185972200010777078e-01,-3.475886637608071039e-01,8.054055913812513401e-02,-2.060145190213781285e-01,-2.824097299272337325e-01,-8.111375669839349101e-02,-5.040552577854819083e-02,4.583792323591669160e-02,-8.459060176158671174e-02,-8.984976336820399423e-02,1.905594422456041021e-02,4.978855617044054827e-02,7.050806670746599496e-03,-6.841523191635963397e-02,-2.716173729016047589e-01,-1.506405593751445060e-01,4.329303062035298397e-03,-6.363131798049756482e-02,-8.955223535825543313e-02,2.279390908182785391e-01,1.352864854918917892e-01,4.173988236404965746e-01,2.697118931859259772e-01,5.394094853382600530e-01,1.775240844298140441e-01,3.945895440134285503e-01,3.934189603927072398e-01,1.969341521557745056e-01,-1.654266085254985363e-01,5.603137123439334843e-02,-1.248793439552076390e-01,-1.819796942736200684e-01,2.993802982444538352e-01,-3.917430165076255660e-02,-1.724839063088778046e-01,-1.225343603095252892e-01,1.043676950379315016e-01,2.150253649823335722e-01,-4.754293159196146951e-02,1.988345305169841870e-02,-3.272934910228068039e-01,-2.869320514782705001e-01,-1.591167818035499615e-01,1.368791179263711966e-01,-4.558678322693259649e-02,-1.551629022316656503e-01,2.748641366625949600e-01,3.092777930750683080e-01,1.043488949150769562e-01,6.926415765155043147e-02,-1.569048016934356804e-01,9.932624903732440586e-03,-9.308077442805628987e-02,-1.356375454099386646e-01,-2.584961092483762934e-01,-2.427562528622718152e-01,-1.749179924642552397e-01,-3.062087183272744206e-01,-1.933024717068412279e-01,-6.355801663695086201e-02,1.783109877010657929e-01,2.898761188008993073e-01,2.468591841873354897e-01,1.850748603721745489e-01,3.035859265300442367e-01,2.472859321213451700e-01,2.366791764270681775e-01,1.652136224624963512e-01,6.716313402767362661e-02,1.636840771007844458e-03,1.658524375744879487e-01,-2.612672730902747542e-01,-3.843843163517100120e-02,-1.741789449864394879e-02,2.827132526336135765e-01,-1.912280591438476063e-01,3.693464744613879358e-02,-1.297452915867329248e-01
6.013152140977672255e-01,5.684232790288916704e-01,5.914380516933450682e-01,6.779053467755354889e-01,-2.568403943907064391e-01,1.656849118559599598e-01,0.000000000000000000e+00,6.037623127114698507e-01,-1.927559803091149215e-01,-2.100197342430465408e-01,3.580196836228626833e-01,4.528312339008463971e-01,6.486528801160926783e-01,3.268006397121886453e-01,1.347340523651365529e-01,-3.198964438930355925e-02,1.704802834422358970e-01,-1.186568535464647689e-01,5.282541740549178133e-01,3.843429381052451688e-01,-1.913090796917744085e-01,-3.143021773373023131e-01,1.326010553173728179e-01,8.339684484693904443e-02,-5.924104066849724681e-01,-2.881129061723762264e-01,-2.344990352491533314e-01,-1.003865892062373172e-01,1.273101657047296109e-01,-1.157777251414350145e-01,-1.929272271312743314e-01,3.870663247712290145e-02,4.312113296007628049e-01,3.422027104303764777e-01,-5.523186824784045434e-01,-5.170042388189598492e-01,-6.354734793522477665e-02,-5.183467030334883152e-02,-4.502833994629252823e-01,-1.773051958045467891e-01,1.723616576090792885e-01,5.115142838534379732e-02,-3.286341962457383081e-01,-3.021769069350688786e-01,-9.490671422952236258e-02,1.627607417557110914e-01,-3.946253520881664034e-01,-2.381057877901605890e-01,-1.886801086877007982e-01,1.211622472961254166e-01,-2.890717943694480763e-01,5.433323832284495114e-02,-4.621470556767817151e-01,-2.315540654600778958e-01,-4.138138576544410085e-01,4.622105635299588594e-02,2.976229637791838467e-01,3.564983193856488541e-01,4.611121050741496252e-01,4.780260504884074613e-01,6.602728597317617520e-01,3.814183576603125680e-01,5.134206219383418146e-01,5.549921128038899365e-01,-5.799464442994472363e-02,-1.047190871202769019e-01,-1.219608822042335533e-01,-4.662228989332791590e-02,3.434813837292791106e-01,4.456440259311179042e-01,2.220044982247855458e-01,3.160669663760050097e-01,2.040544221881675779e-01,2.717720268905736147e-01,-1.688296927358891031e-01,2.615110011922041067e-01,-3.024071761444659459e-02,1.063434529759382102e-01,-3.514290826414885882e-01,-6.318191203923856358e-02,1.439883486156375847e-01,2.083746501379827309e-01,-4.270591844620788557e-02,-1.284234238058582500e-01,-2.000736583108287947e-01,2.134942983805394601e-01,-4.568617618619700838e-01,-1.518859635914279194e-01,-4.475469851504735863e-01,-1.773397226929758208e-01,-2.660713176273895586e-01,1.566149295103268224e-02,-4.417509611555925919e-01,-3.302795401417444321e-01,-2.803837041025543653e-01,-3.480951466707740694e-01,-3.110867045681209864e-01,-2.249452214996849331e-01,1.903478701265982620e-01,1.871662967586532889e-01,-3.089898549945797601e-01,7.311233370388729724e-02,4.782111802510721418e-03,2.356590235842800085e-01,-2.617643660764326641e-01,-9.488074449718608694e-02,-1.825805473088215614e-01,-5.094742755458731009e-02,1.363454598388085491e-02,-3.348939389921654075e-01,-1.760149749252963303e-01,-1.110713336321930353e-02,2.979358916866698889e-02,-2.734459323079274085e-01,-1.347010945017249883e-01,-3.186578573965946903e-01
4.159608394427883882e-01,3.790251108570195648e-01,1.325340789409703013e-01,5.870627221839390675e-01,-7.947840010583280546e-02,3.437979441324878205e-01,6.037623127114698507e-01,0.000000000000000000e+00,1.482833015393706100e-01,1.604144708728106883e-01,2.038948961925004244e-01,4.515090434230453198e-01,4.032761850496198730e-01,4.475753626008450725e-01,4.451292800411870559e-02,-2.162562688915957432e-01,1.630221602066592168e-02,-2.941766483155044964e-01,1.693600010475542483e-01,1.379881930406911816e-01,-2.176173713115076291e-01,-2.382430133420471718e-01,-2.326652271201620076e-02,-1.692479543601961567e-01,-5.061951931583439368e-01,-3.758309114542805474e-01,-3.032920369584590770e-01,-5.132229332008145933e-02,-1.051896416328137879e-01,-1.519065298976154665e-01,-3.735171254984737121e-01,-1.087440867263683025e-01,1.195492718905779989e-01,1.903307419781259113e-01,-4.889097659341629654e-01,-3.497872767440302066e-01,-4.888418085360942550e-02,-1.824228226612178427e-01,-3.988598565264845908e-01,-3.496321282263006869e-01,1.189199432050123961e-02,-8.611482224472999381e-02,-9.736012164778203720e-03,3.232134471116082652e-02,1.888719559765862088e-01,3.157367761818136165e-01,-3.715315394280094830e-01,-2.163130498725506778e-01,1.919624437622250435e-01,2.077820389081626029e-01,1.968192829876065086e-01,2.019819448004293028e-01,-2.134632588479274395e-01,-2.850238307135248839e-01,-3.835028796938453333e-01,-2.970850675650096306e-01,1.404831582246162947e-01,1.272004635945340745e-01,2.704987158292783134e-01,2.384835118352021111e-01,6.009300401996500174e-01,5.129154794746081381e-01,1.482092593176912720e-01,3.198680219719892137e-01,-7.228438542335632357e-03,4.669675379640082780e-02,-1.987770035804397317e-01,-1.635255986370558190e-01,1.638563633555969179e-01,9.073657319851182596e-03,4.140852802381331244e-01,-2.573460657886224301e-03,-5.968613480614665470e-03,1.597076454846345084e-01,2.253880124961025327e-02,1.848678247196034186e-01,-9.863300721114328165e-04,1.621602811170796271e-02,-1.637752319277794577e-01,-2.417810615344241632e-01,3.986107518256284260e-03,-1.582873553595260663e-01,-1.037040768595526019e-01,-4.112348989655100762e-01,-2.770796509384225448e-02,1.614879377880530098e-01,-3.267202800779004379e-01,-3.917811012993247521e-01,-1.863666997802766456e-01,-3.251957524398803590e-01,1.371783020529944164e-01,7.759410857116587346e-02,-3.171092378307225484e-02,-1.347724876751657530e-01,-2.198223953974797473e-01,-3.082304605100806838e-01,-2.501798335397307227e-01,-3.578225904319280448e-01,2.346357224883853787e-01,2.002602072652693438e-02,-1.764073179317602325e-01,-3.460071390620998999e-01,-2.579936480762947126e-01,-1.691311276880237413e-01,3.841654248274384981e-02,-2.327554029587261802e-03,-1.158081953012703724e-01,-2.929473673460022964e-01,7.872648916089064475e-02,-2.393439610659782169e-01,-2.677196634310510248e-01,1.499692848384473753e-01,-1.694840492146676147e-01,-7.585399737697892664e-02,7.911956986358714694e-02,-2.561552863531995072e-01
-2.350407734775278659e-02,-5.336575151156155820e-03,-5.008227258345724353e-01,-2.139209334545058294e-01,7.436046886337476236e-01,3.132059364284164316e-01,-1.927559803091149215e-01,1.482833015393706100e-01,0.000000000000000000e+00,6.892528057708700029e-01,3.055769183778048736e-01,2.675097233464469593e-01,4.357374975801218270e-02,3.354202252757090275e-01,-2.354073551036821310e-01,1.615773427826531217e-01,-1.756234048850217055e-01,-2.653346215409764786e-01,-1.367478331514332679e-01,4.873258091064863046e-02,-1.265420520784689973e-01,-1.549702855403016777e-01,-1.458972776369456825e-01,-3.119494563184680436e-01,3.261646236745319172e-02,-1.813195617183405162e-01,2.447896054768884111e-01,-3.414309800063986770e-03,-1.454374624905625524e-01,-7.867761329929999492e-02,-2.139719463357949714e-01,-3.313739960495794556e-01,-4.065802749383289755e-02,-1.740210888789388843e-01,1.023933876983212643e-01,9.712200447215786148e-04,-2.683672146493882860e-01,-2.017512513560573151e-01,-7.033650238748433148e-02,-1.960590652589002669e-01,-1.895047933286725383e-01,-7.756761570833514696e-02,4.642699533095497877e-01,4.202596650874753093e-01,3.237803436044922600e-01,1.981421115001584243e-01,1.547770496958716102e-01,-4.800375829627021723e-02,5.675862793162019804e-01,5.504726616582194393e-02,5.666331552122413351e-01,8.026690787940611582e-02,2.560317097328714819e-01,2.040079098288175852e-01,1.172086649165248601e-01,-2.023924299029297436e-01,3.352145092926666486e-02,-1.472899224158100151e-01,-1.594717213347491003e-01,-3.919494538358776481e-01,1.707339613422189650e-01,2.719676122551816233e-01,-2.514503386862136924e-01,-9.379980002704958741e-02,1.396671115675089114e-01,-3.621972990475119669e-02,-2.337904128526135106e-01,-3.334092862579621230e-01,-4.920879945881481005e-02,-3.177854974488275586e-01,1.225873199924043255e-01,-2.483334836632611620e-01,9.820563542640056709e-02,-4.209047810098235504e-02,3.562481737924151903e-01,-1.851534093714409246e-01,-5.260452759548571444e-02,-1.119329710540782064e-01,1.866674550150771439e-01,2.439999669752100642e-02,-3.580346219010677733e-01,-2.010297558883882840e-01,-5.013621176406914959e-01,-3.178973188086858248e-01,1.657254134317056593e-01,2.087862400383781042e-02,1.552208888289411393e-01,-2.047548966565065909e-01,1.220735856799289448e-01,2.466358682825585957e-01,2.492158863419169645e-01,1.607520488730906083e-01,2.245051940281745095e-01,3.327578851263405246e-01,-1.919510910463344266e-01,-1.004984320479855586e-01,-1.306359407105125436e-01,-2.332049967636714016e-01,-1.316127572338173790e-01,2.232715071711005236e-02,-4.508292498385991359e-02,-1.585911342232892429e-01,-2.179134061877513202e-03,-1.475073496210325130e-01,6.964377671309711360e-02,2.077749010971585361e-02,-1.824700700095050199e-01,-8.817641669102280200e-02,3.170154628346332215e-01,-8.761389352302831335e-02,-1.439587377478256103e-01,2.379252521594001912e-01,-1.505386689123824895e-01,6.869721663312033932e-02,-2.912446058188087120e-02,8.693855891649650280e-02
-1.858483836046081472e-01,-2.276144597187275964e-01,-2.400114278298128290e-01,-1.457613437404522150e-01,6.439407583619140008e-01,5.714789792251149247e-01,-2.100197342430465408e-01,1.604144708728106883e-01,6.892528057708700029e-01,0.000000000000000000e+00,3.319612757784561885e-01,5.267741941925371818e-02,1.638205677573130112e-02,4.312332003830091631e-01,-2.606058228308114066e-01,4.898227994065613156e-01,-3.659644747313862134e-01,-4.852806522920043442e-01,-1.196634728191379171e-01,-8.794376452824864687e-02,5.044496146745946347e-02,-9.420257314178184793e-02,-4.201482338144368889e-02,7.575283913700392620e-03,1.065488407346905711e-02,1.582953365429826953e-01,3.421842244682548606e-01,3.081489157519766708e-01,-8.660722500763726184e-02,-1.622834015251468920e-01,-2.887500809785593092e-01,-1.304766800175590769e-01,-9.542172038449160676e-02,-1.337699746218450336e-01,1.018117155006713903e-01,1.411144137046233815e-01,-1.848729354682649983e-01,-2.797129655749044930e-01,-2.158670938621758684e-01,-2.583631238231944849e-01,-1.944609739827466710e-01,-3.818736606773740494e-01,1.371304976496880157e-01,1.268039159377457592e-01,2.796398405623952074e-02,-9.269947585291485326e-02,-1.698141773436271165e-02,-2.760999866997175187e-02,2.581336098444452221e-01,-9.746609508738797445e-02,2.735452676635422575e-01,-7.029545597924982681e-02,6.668488832012692269e-02,1.619888614333319932e-01,4.148444854627197920e-02,-2.799209345741627275e-01,-1.897000251169681517e-01,-2.343007901690141725e-01,-2.699978221932510802e-01,-2.024801216934677683e-01,1.105431828175961195e-01,4.915865714746043835e-01,-2.022980082284252801e-01,2.551555848821211378e-02,3.070169652685508788e-01,9.748769752728855820e-02,-2.526867680026873564e-01,-2.518436078031938141e-01,-2.920755264348764979e-01,-5.094400037770002720e-01,1.857308309840932925e-01,-1.779187921385896043e-01,9.803307387584838176e-03,-2.838731091670328999e-01,2.744807169465232066e-01,-1.595636801998305265e-01,-7.778208013484172456e-02,-9.432800142623427864e-02,1.406384162268733695e-01,-3.200053235274033514e-02,-4.464753669372505396e-01,-1.300844555510508038e-01,-3.459532972033461107e-01,-2.755083544977333654e-01,2.423707035650050079e-01,2.093641369147279663e-01,2.461617379200081723e-01,3.205181086098794763e-02,9.520094466004347389e-02,2.473427658479875058e-01,1.616163075172860342e-01,1.101626756438457005e-01,1.129875714189686187e-01,1.349793763071064912e-01,-1.714587212134329186e-01,-1.214119195641427673e-01,-1.371489131403153539e-01,-2.383491047790578243e-01,-2.091510742039153770e-01,-6.770716194826335854e-02,6.286534718313477321e-02,-2.771821900318601969e-02,1.210016974298090409e-01,4.701790765988117515e-04,-1.786561835101141546e-03,-1.649734669307861487e-02,-1.548524891406103110e-01,5.866748916860076331e-03,2.679743900248203747e-01,-7.082813507079892268e-02,5.593436720662049721e-02,1.154574701499327810e-01,9.897426064748045260e-02,-6.161387712947765868e-03,4.576422339696438468e-02,-8.257603973888540116e-02
4.430898995633375526e-01,2.775002981450356287e-01,-1.722707661659123382e-02,1.424283572501867101e-01,2.653461303596466592e-01,1.467645225444721702e-01,3.580196836228626833e-01,2.038948961925004244e-01,3.055769183778048736e-01,3.319612757784561885e-01,0.000000000000000000e+00,4.478994041021291395e-01,5.419284432513998828e-01,5.502824598049036453e-01,-1.830611457185841451e-01,4.642192357706359518e-01,1.940798160577734133e-01,-1.210092252872291968e-01,2.852427363220057521e-01,3.626050149868229600e-01,-1.644895133208512661e-01,-1.769932889966695233e-01,-9.407453722114872754e-03,6.515742556105320361e-03,-2.246232040813021802e-01,-1.583425162780315310e-01,2.754160078525165756e-01,-1.206598581872037196e-01,2.926869739329714948e-01,1.952240180114629131e-01,1.810682862436576238e-02,1.918573046684475189e-02,1.279995387716804378e-01,-2.609592451537203449e-03,-1.324286424655144179e-01,-4.083379266865236890e-01,-3.277065664585342430e-01,9.561785000127485945e-02,-8.431934078303686408e-02,3.195242454897858470e-04,-8.200808577889329154e-02,4.684693508486922897e-03,2.959913063278900580e-01,1.913616540259500398e-01,-5.405128645177922908e-02,3.176971138052280680e-02,1.142770114606695558e-01,-9.877855356481528293e-02,1.587150358465747590e-01,-6.166668523759043230e-02,3.359067977109468639e-02,-5.311497307485100322e-02,3.765170557810798568e-02,1.010518124979070398e-01,-8.448533072116508336e-02,-6.864071286986120346e-02,9.468933352065971032e-02,-2.143493105275595945e-01,-7.909326569585946320e-02,-2.034913509472400794e-01,4.152449418914969104e-01,3.779707805925394126e-01,2.426509964281544918e-01,2.290398278794068543e-01,-2.044444707678888529e-01,-2.518550083051080413e-01,-3.747937748635556399e-01,-3.481832506258397131e-01,1.456730970730436558e-01,1.979109517532391394e-01,-1.778616459298080488e-01,-4.806200491066081604e-02,2.998230993311279957e-01,9.703142708201184519e-02,1.172459175132495451e-01,-1.797179709934361436e-01,-9.238318940332461426e-02,-1.310588661854915869e-02,8.248621454696522526e-02,3.361248936807250121e-01,-3.263600529043680920e-01,3.027513231371683697e-02,-1.667881337203058478e-01,-3.074024224367417554e-02,-2.881017507823447343e-01,8.136767292159423348e-02,1.563348836781823861e-02,-1.311869658921434589e-01,-9.545774087761810245e-02,1.813447203337326674e-01,7.463055090666925739e-02,2.698464977039652379e-01,-2.620894134598929573e-02,1.701094497457480703e-01,-1.329584532031961031e-01,1.929539246715394722e-04,-1.594566081567913018e-01,-3.161261036906974908e-01,-1.632999572988647896e-01,5.597880053864572047e-02,-2.634135445100938000e-01,-3.286060870724025196e-02,-3.999127628182225919e-02,1.507449325496956483e-01,-5.048434868423243849e-01,-4.062144858751363663e-01,-3.743269640822400324e-01,1.385987930352448050e-01,2.011726344245536036e-01,-2.506473174326567452e-02,-2.571772284911907902e-01,4.469514550913326195e-02,-1.004172750289277632e-01,-1.455437148974437211e-01,-2.460179736920161675e-01,-2.026700309523948862e-01
4.520692696977651193e-01,5.103084432931080938e-01,-7.259036589018265373e-02,2.210618811797333549e-01,8.440410640248469099e-02,5.309795066458487811e-02,4.528312339008463971e-01,4.515090434230453198e-01,2.675097233464469593e-01,5.267741941925371818e-02,4.478994041021291395e-01,0.000000000000000000e+00,4.723979220868642082e-01,6.471709369561774450e-01,-8.484563043812035077e-02,-3.328717138386656782e-02,2.636798130957130337e-01,-5.121089813445559719e-03,1.547234936273902128e-01,3.838520233385764868e-01,-1.320595424991681532e-01,-3.776618844392407026e-01,-2.378439559762692002e-01,-2.333338688052243592e-01,-4.575576329355543481e-01,-4.641538940746851027e-01,3.532163959961409638e-02,-2.967743201976815182e-01,2.186026258494734031e-01,3.259879395564380111e-02,-1.687072814335743021e-01,-1.741028379741376697e-01,2.186028124333600775e-01,7.328752629482458703e-02,-4.008536361500821266e-01,-5.373141460325890906e-01,-4.068407110780520308e-01,-1.120470369852712977e-01,-8.105251082826404885e-02,-6.087603315616098992e-02,3.173130137682621255e-02,2.135348339312066746e-01,1.599150270958586972e-01,2.732145173184913900e-01,7.183504253991554456e-02,1.330656570704125130e-01,1.031335658545121242e-01,-1.759548428361045191e-01,1.910512843881612688e-01,2.980766076771075232e-02,8.622519005803085113e-02,3.717832872687890089e-02,-8.950278355052698753e-02,-3.883554399561606196e-02,-5.626854315402238932e-02,5.085913264895319807e-02,2.302112003410900221e-01,1.620741534703304676e-01,1.621173960803779512e-01,1.039442453126997960e-03,4.324340840827080035e-01,3.322248595033800989e-01,3.340701487103042711e-01,5.027301699573621940e-01,-2.560723845791942899e-01,-2.259271187950157855e-01,-2.989743404732788101e-01,-1.785147178856321404e-01,3.446868148172903545e-01,2.582522868047224529e-01,-4.541753702710894097e-02,-7.267144057943392133e-02,3.542797286103485654e-01,3.364539681356112921e-01,1.228244089176292742e-01,2.961112801931442811e-03,-1.060450050078703271e-02,7.140423238546383944e-02,-1.161232844063754821e-01,9.858119824430915112e-02,-2.599650076779097194e-02,-9.969022138390462584e-02,-2.096603286613958339e-01,-1.753708925578230104e-01,-1.056755093205980905e-01,3.185698670911387906e-03,-2.116294246901001541e-01,-3.928713227726778334e-01,-1.593243322691204056e-01,1.721606867601392366e-01,-3.810509854081262082e-02,1.493659639443558895e-01,-1.937234050958637765e-01,-5.192807836892109064e-02,-1.544126411764218665e-01,-7.031679400225895882e-02,-6.460059131598580584e-02,-1.425514171782921169e-01,-5.919503634828663513e-02,1.076342315510446651e-01,-3.658772942265531847e-01,6.359104280492995122e-03,-5.290535628965206683e-02,1.045713046525112572e-01,-2.153915647438775782e-01,-1.378772016676694245e-01,-6.851544554445074264e-02,6.621455720229506292e-02,5.651414377767020186e-02,-1.232866448017036903e-01,-4.059639974090418768e-01,6.219512266587503418e-02,-2.025820857615254489e-01,4.452167848112541237e-02,-2.084387692577691076e-01,-1.263708311038415355e-01
3.674125719001592461e-01,4.667105309771603094e-01,2.368807072993474871e-01,3.934378083034799634e-01,-5.521506814320183837e-02,1.808412119070951785e-01,6.486528801160926783e-01,4.032761850496198730e-01,4.357374975801218270e-02,1.638205677573130112e-02,5.419284432513998828e-01,4.723979220868642082e-01,0.000000000000000000e+00,5.428052986734083207e-01,3.698411463448663117e-01,2.534540562201154645e-01,-3.486448562261381529e-02,-2.307186136358827799e-01,3.869335208124169978e-01,2.019367290281133542e-01,-3.477833690827936142e-01,-3.067546838591810321e-01,3.102761874367542250e-01,1.408416477074862505e-01,-4.930125621252419710e-01,-2.240988316469341990e-01,-1.249237436056502698e-01,-1.454677139385032458e-01,2.894075417297651415e-02,-1.421152096471275106e-01,-1.765933358760423955e-01,-7.567805576962907677e-02,2.910134546822702450e-01,1.153780773842880275e-01,-4.000001585054758224e-01,-5.647972536450927006e-01,-2.625934261416251747e-01,-1.294972933360670139e-02,-4.060580983234753361e-01,-4.892479903039412270e-02,1.021671935198966014e-01,-2.599528286717561407e-02,2.531515068653876141e-02,2.787127314199088542e-03,-3.963477076530039916e-02,2.257163562969689286e-01,-2.434221533626318712e-01,-3.796667119328608342e-01,6.117781838089590696e-02,2.114060100660015429e-01,-1.821278768195466052e-02,2.715130427113927603e-01,-2.041308613937659333e-01,1.337381868898811221e-01,-2.795585809892706664e-01,-1.150421323378380276e-03,-1.922254366765141151e-02,1.360909022611965224e-01,1.479347094533225437e-01,1.712794036693512933e-01,6.048664687838480880e-01,3.273149453414664345e-01,3.274801663538576268e-01,4.051050415240471936e-01,-3.989867469999559824e-02,-1.262070883851229286e-01,-3.979181764763957685e-01,-3.841506630793137811e-01,1.442197422432829057e-01,2.088954238536597230e-01,8.805920664344923932e-02,-5.280601370863943940e-03,3.428104214837552483e-02,5.545670477315617526e-03,-1.453012658035374438e-01,-4.717750365609162805e-02,-2.545885139310397061e-01,-1.535302750567221208e-01,-2.775301584044970737e-01,7.207784959226612442e-02,4.038976975307500238e-03,-1.494020059383290196e-02,-1.230993211225210188e-01,-2.098536527321752110e-01,-3.810221333862354176e-02,4.130577880919630296e-01,-2.504120574795372089e-01,-1.914087906251146429e-02,-2.646582737426103615e-01,-1.298238458656408335e-02,-2.724138268388254236e-01,2.176505580410452723e-01,-1.868108850141861343e-01,1.747834373824369569e-02,-4.376170927811910416e-01,-4.064451820172373941e-01,-5.595807127007301762e-01,-5.076002639168606390e-01,-1.722304817702994817e-01,-1.189410443949621837e-01,-3.552885257692169341e-01,-4.797629386031699444e-02,-2.321483988633974982e-01,4.625508105117723257e-02,-4.762307003750369527e-01,-3.493812878195106664e-01,-4.217174901389064146e-01,-1.750313136937158565e-01,6.592535700830871870e-02,-4.682091578467695858e-01,-3.969014383853944339e-01,-6.412860743567727617e-02,-1.609621061767154415e-01,-4.038612485335833502e-01,-1.460233866941706982e-01,-3.953447899019265632e-01
