0.000000000000000000e+00,4.970819207086457636e-01,-5.078704204761923247e-02,-1.109396144264346434e-01,2.052744931866644362e-02,8.634855369250953039e-04,1.769633450562215493e-01,8.960277935548624506e-02,-2.880466498429092720e-02,9.773596633202136230e-02,4.737504201611241750e-01,3.644671827226828031e-01,4.300421641507352621e-01,8.834649237564089208e-02,-5.541233020228971545e-02,-1.396608395880203357e-01,2.954222492304427461e-01,-1.031283859084524690e-01,5.962144894241702131e-01,4.218505077402314174e-01,-1.924420534902863689e-01,-2.378330352574777040e-01,-2.626076145747687218e-01,-3.100817578539680208e-01,-3.273845152002534675e-01,-3.335336846904868868e-01,-2.371927823735477947e-01,-1.846883008832060913e-01,1.244270003417126680e-01,5.183012026727536192e-02,-3.019665267378502382e-01,-2.540819328193836824e-01,7.764203111943747404e-02,-4.079270024082542329e-02,-2.811752794829776581e-01,-3.052544503517120034e-01,8.401278712317702957e-03,-6.400003218810053872e-03,-5.085488636097727083e-02,7.986318821361258757e-02,7.561078388816140639e-02,-5.774130983127440109e-02,-1.147409443912617982e-01,-1.960663254938925168e-02,-1.930373900514799901e-01,-4.299777039455075084e-02,-2.688747429305182179e-01,-2.212333306314643033e-01,-5.905702334683983479e-02,-3.891599718449860468e-02,9.325824456100914595e-02,-2.073580139576279915e-02,3.808329494170874935e-02,-1.258582514191436685e-01,-9.741864204944637728e-02,-1.338163527952619947e-01,5.590432930020455826e-01,2.078478125943563071e-01,3.287203449593902871e-01,2.628225208042959671e-01,3.415347197294995030e-01,-5.102830113293811698e-02,4.700861183113464459e-01,-1.461863788016017907e-01,-1.895402726263308579e-01,-3.851928773494562863e-01,-3.004057837067099501e-01,-3.321651129901096455e-01,3.176010329670038435e-02,-1.804402255161818014e-01,1.171818738882985517e-01,1.885738926585103781e-01,2.343403692077485889e-01,6.608018754223948799e-02,1.231267737866274525e-01,1.979222620726982518e-01,1.903408403616113076e-01,1.910705175949221624e-01,-1.077178167388406632e-01,-1.396911460312214581e-01,2.240910619241175961e-01,-2.329978056501291750e-01,1.300190489116206105e-01,-2.578706184816765834e-01,1.850965669505002381e-02,-3.113717841197576885e-01,-7.606441771711450195e-03,-1.624986404367561588e-01,-9.837812949118383832e-02,-2.023133987402651324e-01,1.699207741267493577e-01,-2.207651904855488234e-01,7.918210970788425174e-02,-1.891323582165210515e-01,-8.825903057149386832e-02,2.455253618490838008e-02,-2.855336395783626691e-02,-9.615979707985300440e-02,1.795413999525711235e-01,2.241305021570887401e-01,3.509312156887217649e-01,2.028687586829873990e-01,1.013011513821146514e-01,7.679874449828418166e-03,-1.082877200183161026e-01,-7.630841021250138467e-02,7.357461914644264356e-02,-5.891468708573126267e-02,1.057204229091060488e-01,4.541223719024279487e-02,-6.575061115463863570e-02,6.775280069871274236e-02,1.190645722212325813e-01,4.918110340973351480e-02,-4.241718123017835379e-02,6.618050903234683202e-02
4.970819207086457636e-01,0.000000000000000000e+00,-1.023018410131880168e-03,5.834304192729247718e-03,-1.685129785960756965e-01,-1.372641565105301165e-01,-3.974296765756685224e-01,-1.043756223697470814e-01,-3.375236400325324349e-01,-2.105533956738457613e-01,-2.078027375043228486e-01,3.219145604257258597e-01,-2.797446613325159093e-01,-2.613487889399471742e-01,-1.725688373240548690e-01,-2.272291989139973156e-01,3.657633882531873826e-01,3.982949906682387575e-01,9.832416783395508952e-02,5.466364445331657329e-01,-1.969597895139084676e-01,-2.213547738852606472e-01,-2.228770189717697581e-01,-3.044325012919250617e-01,-1.806959528675343984e-01,-2.976294537085786840e-01,-2.271320251154136105e-01,-9.485478181931226993e-02,2.193072185929423601e-01,2.835222336698544621e-01,-6.294033039057471413e-02,-9.603743098401197609e-02,3.083143176433320032e-01,4.367931055763650261e-01,3.170806534933576920e-02,7.244616945370777050e-02,-1.779447018045086926e-01,-6.191434628777989745e-03,-1.218177116315349168e-01,8.078300815001908386e-02,2.279552543147850968e-02,-6.545703302638916643e-02,-8.704370135702027209e-03,-1.038663566653242887e-01,-1.938448301001871946e-02,-2.944539796782051980e-02,-3.548275949607812563e-02,-1.141075480640200285e-01,-8.914659476308753328e-02,-4.133214900911708761e-02,1.249295599895877962e-01,7.900595394431799562e-03,2.057249958927657996e-02,-1.406625285152344473e-01,-7.889358846348357157e-02,-4.056765563932748092e-02,5.984010914692872163e-01,7.973132455809837094e-01,5.290895029006558170e-01,4.932673664398649072e-01,-3.455306333565933558e-02,-3.328529401468762750e-01,3.390943429380279261e-01,1.353273523834424008e-01,-2.046033325588293705e-01,-3.790588984127417627e-01,2.443632531820669473e-01,1.825695617717248975e-01,3.628759039404554909e-01,2.971801716763446954e-01,-2.705392592186715850e-02,1.427537471052659213e-01,2.042820684809686649e-01,3.028600818518311644e-01,-4.748202301234354106e-02,3.153059652557249071e-01,-8.149546125931265983e-02,1.775783218418953702e-01,1.391729234883837540e-01,4.689155039991477897e-02,2.193622659528865204e-01,-1.451238385732619429e-01,-1.279305323544741579e-01,-2.656619881277996198e-01,-2.911961709822426525e-01,-1.503451801630184270e-01,-4.815424872459779515e-02,-2.607747790286874534e-01,-2.392695892168297811e-01,-2.691957451983509886e-01,-2.955863512070353583e-01,-2.659530798326359413e-01,-2.820576224521412212e-01,-4.233731972025713830e-01,-4.365418046082372716e-02,1.757115721130293740e-01,5.590600710340552087e-02,3.987533581388591486e-02,2.179830799383503104e-01,-5.700991733390506355e-02,3.344648228734728446e-01,-1.453501706538906368e-01,3.459572996545627332e-01,-2.543869870184844659e-02,-1.999605691590468082e-01,-1.961403185633588675e-01,-8.332691963031635396e-02,-2.155017059846328908e-01,1.934822058584015347e-02,-7.735884601394803217e-02,6.750174030961707261e-02,1.186614915535983555e-01,-6.241464808171355572e-02,-3.631091911399875194e-02,-5.914186032487953742e-02,-1.465063885884589634e-01
-5.078704204761923247e-02,-1.023018410131880168e-03,0.000000000000000000e+00,6.481151394775936936e-01,3.570647920823875054e-01,1.157015512960348352e-01,2.782572671276069554e-01,5.747614091364926930e-02,3.043290942851704650e-01,5.251493530216713723e-02,4.259689615881364494e-02,-4.556889471126800983e-01,-1.189331176847493177e-01,-2.536984378898876069e-01,3.126482504596410639e-01,1.788231312659462613e-01,2.739058073928364243e-02,2.177561133191158876e-02,-1.030050997604882723e-01,-8.298446007665268020e-02,6.185724142895854955e-02,-2.735429945304699434e-02,5.953920967116069773e-01,5.539683385972985485e-01,5.934945219388234605e-01,5.627850189386861546e-01,2.222721841840363532e-01,2.350901885729567153e-01,2.114725072191709493e-02,-1.218605964693952326e-01,4.429182745758675210e-01,4.003320410793254625e-01,3.036180058641013146e-01,1.920626939134294220e-01,2.726632311276488418e-01,-5.768596251420881477e-03,-9.494281371808331593e-02,-1.599055840645807192e-01,-1.739227796505536106e-01,-1.268505255566714507e-01,-5.982348854653437437e-02,-1.127044262243392797e-01,-7.449332199006276911e-02,-2.320232278682791693e-01,1.755162086871745741e-01,-1.110671686763921029e-01,-6.953789400212262439e-02,-4.070118478054563504e-01,-1.993920223324930630e-01,-2.651101667748760882e-01,-2.594873825537959422e-01,-3.687143986844214072e-01,-2.828918336999161620e-01,-3.451315229807127016e-01,-2.763342706780788638e-01,-4.613894227169468842e-01,1.081314018572328006e-01,-7.706918754931349480e-02,-5.065534937773745472e-02,-1.248406814103075052e-01,-4.796053343784685563e-02,-8.448045511284309195e-02,-1.384369386139971680e-01,-1.330695203573701024e-01,4.525733574758641908e-01,3.589332359005476536e-01,3.217401006742099945e-01,1.469090273725745244e-01,1.718474645411729729e-01,1.430571822370887147e-01,2.103500298937234780e-01,1.229422559230579221e-01,1.455381121232028063e-01,1.462875216230574149e-01,-3.021224096914129631e-02,1.679337862143313598e-01,-4.279979006962524729e-02,-1.569027671731229590e-01,-2.856719387058794662e-02,-7.137690216055703196e-02,-5.962415314654728044e-02,-3.029055082272333888e-01,-1.450470064887560973e-01,-2.367180391040173137e-01,-5.734071995294607454e-03,-7.711699420919614079e-02,-8.237959572108480288e-02,-2.320838688589239168e-02,5.675727398820409192e-03,-2.769041634219504000e-01,-7.831926001170154417e-02,-3.821147014762526356e-02,-2.960626556929460418e-01,-6.934801735320822447e-02,-1.704085960268986455e-01,-9.155549017027439507e-02,-9.577677819813665283e-02,-1.673636814116150062e-01,-1.472871638063488475e-01,-3.418209827989749372e-01,-1.686149416318309113e-01,-2.440429282528153720e-01,-2.469160567319972008e-02,-2.852612703913903758e-01,-7.820289602746201274e-02,-1.404342330437994835e-01,-1.775444851366435040e-01,-1.916045868669479513e-01,-3.794145304067577523e-02,-6.637101996768689227e-02,-1.926178209763312887e-01,-2.575216911841362033e-01,-4.035372117287919780e-01,7.896737501579319252e-02,-5.810733491578491672e-02,-1.885257416745882153e-02
-1.109396144264346434e-01,5.834304192729247718e-03,6.481151394775936936e-01,0.000000000000000000e+00,4.044185171371905696e-01,3.500397185009354040e-01,3.086770587282565148e-01,5.346171995569014568e-01,3.852943073400978968e-01,2.392945508754455164e-01,1.257511903852144217e-02,-1.050641990963213646e-01,-1.544624956437673068e-03,1.733807384693766274e-01,2.168004289088435732e-01,3.424784824804453232e-01,-2.629385578770599557e-02,-4.305755650696044268e-02,3.147418292768627834e-02,2.305292469687305612e-01,9.477465644804358713e-02,-7.361056968891697971e-02,4.885763093864469164e-01,6.788121922500759409e-01,6.066828197361243680e-01,5.948162687100064794e-01,2.669224286918002176e-01,2.484565561047356874e-01,1.139955740708530202e-01,-1.946335296070834386e-01,4.533593301814391463e-01,4.393551948240052574e-01,2.843767394846218322e-01,2.699479927986305206e-01,2.731799674161518032e-01,3.012249853198959229e-02,-1.741555175251907062e-01,-3.493991773396881162e-01,-1.765767980439751639e-01,-1.925656148676355706e-01,-2.025768333047296976e-01,2.362223724948665088e-02,-3.224019437397535603e-01,-4.482416043602653333e-01,-5.426514363819155695e-02,-3.841669816955821659e-01,-2.825342046211501978e-01,-4.644762810919320084e-01,-4.999967875874501422e-01,-4.815437470049719892e-01,-4.523302152803989062e-01,-4.454668456049588054e-01,-3.954588723583622456e-01,-2.896403004317073537e-01,-4.088666873069868868e-01,-5.794536880881183682e-01,8.840903713358261307e-02,-3.734357905050575410e-02,-2.736734426459115355e-01,-2.234604932584361714e-01,1.025106754067682258e-01,2.965832991859338463e-01,-1.142054080296276142e-01,1.896701185339607632e-01,3.092027409131090643e-01,5.197891483684466962e-01,1.828393656360290109e-01,1.511490888944542199e-01,1.755825773537505741e-01,2.331075544270096722e-01,2.515384709264622543e-01,3.006253272729124404e-02,1.140880194319700280e-01,7.978942370399469408e-02,5.134119673470469852e-02,1.251163456452900058e-02,-1.167493034089100712e-01,-2.603172900618659913e-01,-4.437292452140083332e-02,-1.577367256688485264e-01,-1.338081600888378804e-02,9.631010849668986823e-03,-1.184534365529464200e-01,-3.663233172187300990e-03,2.713595724202200188e-02,2.453206640376321135e-01,-1.864734725118289416e-01,-5.600020294455192865e-02,-2.513070730458565397e-02,-2.882435350434217614e-01,-9.384182471910761797e-03,-1.535497177748731956e-02,-3.659584778172395025e-01,-3.047214219798171642e-01,-3.809994898577313549e-01,-2.714276985908904427e-01,-3.666472422134522957e-01,-3.816796778556058589e-01,-2.362042203641958604e-01,-4.710939808690386421e-01,-2.464130261592167026e-01,-3.049467672278016739e-01,-2.956892177872657568e-01,-5.347276876142661450e-01,-2.675452428252069192e-01,-4.016768602786970899e-01,-2.732541216583398436e-01,-3.102451694004058624e-01,-2.077591418216733210e-01,-2.022692118031544639e-01,-3.314227233104620751e-01,-3.636320003493405673e-01,-5.791852874714727983e-01,-2.050177861276430702e-01,-3.492255610946916056e-01,-6.855653925396627824e-02
2.052744931866644362e-02,-1.685129785960756965e-01,3.570647920823875054e-01,4.044185171371905696e-01,0.000000000000000000e+00,5.114468365053670418e-01,4.579083095702362605e-01,2.404464218110249352e-01,7.651227866967483804e-01,4.468408681587512365e-01,1.664834347665349323e-01,-3.135938392814307529e-01,1.777516387309054924e-01,1.349644148255784437e-01,5.458291843968859913e-01,5.189070202402858989e-01,1.735031670821863409e-02,-1.007313504414825284e-01,1.664185224357880299e-01,-7.290677313266220871e-02,2.656907433502945781e-01,1.268616198702467723e-01,2.591334900271478614e-01,3.947320983437723751e-01,4.555766443541657829e-01,5.451818152893046499e-01,5.936698841956208339e-01,4.116564639857648866e-01,2.048431500564412144e-01,-5.984200725475562893e-02,3.406163195415340961e-01,4.264261828122938858e-01,3.387819761048749961e-02,-5.597317302666236782e-02,3.215918665637513413e-02,-1.129860949786111735e-01,-1.539069596736219736e-01,-3.093241790538173719e-01,6.395852846143658399e-02,-2.836398097320819503e-02,-1.077566684944547271e-01,-1.026883545547507964e-01,-3.764990366807849931e-01,-4.021530510660918933e-01,-2.695929173326801487e-01,-4.275378198859933754e-01,-1.811994631144805690e-01,-3.330323249158523846e-01,-5.539852380582315217e-01,-4.567844725949125606e-01,-4.092180517236045367e-01,-4.986916595996975787e-01,-3.493314278038096576e-01,-2.691202944442456224e-01,-3.200692566094111013e-01,-3.242297525992113849e-01,1.804109568427035917e-02,-3.284829657383149804e-01,-3.739086319203385744e-01,-2.731901599314630058e-01,7.250568147509808825e-02,2.354097589391050960e-01,-2.522338682455387282e-01,-1.720459672034452270e-01,9.099943629625779906e-02,1.417932880809341933e-01,-1.002523018124443360e-01,-1.654935819483168424e-01,-2.384738250566751858e-02,-1.023953794584798876e-01,3.659910340049493671e-01,1.674750726814732693e-01,1.199400293214280266e-01,-1.990216297453057184e-02,1.014323969814970999e-01,-2.235922193023911209e-01,-6.998897533622539836e-03,-1.269875721956271186e-01,-4.760353896968077397e-02,-2.653247909277003588e-02,-4.505090567322277834e-02,-1.936734601482272694e-02,1.838144141413244059e-01,1.410522801403141513e-01,2.161878709162509959e-01,5.923596543219703664e-02,6.813851966496733970e-02,1.770491442384613534e-01,3.194490157500227134e-01,-3.561726403838331306e-02,-1.309618106741229117e-02,-7.560079591589011216e-02,-1.637557302009672380e-02,6.283000221502881011e-02,-1.051568083666032660e-01,-7.191834812235634901e-03,-1.109879873256598842e-01,-1.142700246116489238e-01,-3.630038695241505353e-01,-2.100306440412418596e-01,-3.869546944672839217e-01,-1.453011406388183234e-02,-2.884013004701388438e-01,-1.644689770664398420e-01,-1.101368530442897453e-01,-2.017475543192220611e-01,-6.922057758237662450e-02,-1.546706706350975957e-01,5.054840203352091790e-03,1.110828473285727092e-01,-2.392731325082299576e-01,-4.064092328846942159e-01,-2.643144975670003727e-01,-5.068797004509278947e-02,-1.967923204011029492e-01,-4.571607862495712798e-02
8.634855369250953039e-04,-1.372641565105301165e-01,1.157015512960348352e-01,3.500397185009354040e-01,5.114468365053670418e-01,0.000000000000000000e+00,2.954820445234960791e-01,4.385005228824048751e-01,4.135400788669538752e-01,5.746041946843866155e-01,4.290863627884113074e-02,-4.572497105125159639e-02,9.518218631666001961e-02,1.655036949696062909e-01,4.723461863974306452e-01,4.967610180319469992e-01,-7.891286893425343563e-02,-7.673085899503871710e-02,2.265807087431337963e-01,1.507718335626026009e-02,-1.218060807340097668e-01,2.451244507865701222e-02,8.544295111863788039e-02,3.136303373007277018e-01,3.011750035806320391e-01,3.972050482480939948e-01,4.549377713044009952e-01,5.680132007370980451e-01,-5.065441613048810715e-02,-1.902138921282362227e-01,2.644688826609287724e-01,3.199647931734789230e-01,-8.950651482296480277e-02,-6.361778751374502772e-02,1.001370517789078873e-01,7.957513011611819231e-02,-2.717761949144027467e-01,-4.445390905453002195e-01,-1.107449244726238374e-01,1.889501052266241987e-01,-2.863895746718124191e-01,-6.033714941811968435e-02,-1.837043304318940751e-01,-2.112443615090582871e-01,-2.293767705266485935e-01,-2.538476907344712208e-01,-1.526465509641673213e-01,-2.722979853175439557e-01,-2.587594971535253086e-01,-2.203016667146225627e-01,-2.775472424474720867e-01,-1.935467276160910133e-01,-3.699233149483177052e-01,-3.951297432516252539e-01,-1.718147598566307777e-01,-1.059495731092189169e-01,-1.585715118376653521e-01,-2.443851618855327756e-01,-2.146574787335392975e-01,5.086161623318358194e-02,7.126931864450261785e-03,2.365942365657300872e-01,-2.452892549348759388e-01,-3.237373998279004933e-02,-3.026536556929237953e-02,4.670850309494935931e-02,6.384188832199591546e-02,-3.197014010291113900e-02,-1.192203778727883579e-01,-1.698937510144013785e-01,2.380683265876684385e-01,1.650811586287264099e-01,6.395615394939167808e-02,-9.632011215114268110e-02,1.195960532035423851e-01,-2.118989904597593787e-01,-4.081249725954268215e-02,-1.366977084159909650e-01,-6.099147368261297747e-02,-1.306866563821673655e-02,-3.128720319999329647e-01,-8.815144561990234315e-03,-4.831023038929071339e-02,1.214556152534286282e-01,1.010506171542364523e-01,9.467473701907534733e-02,5.230381795231585362e-02,-3.979492072889095899e-02,3.495802807311268467e-01,-1.095153134267481398e-01,-2.076332785460782981e-01,-1.762090084181008875e-01,-2.543629688034327110e-02,1.074458357698754724e-01,-2.557968032770237543e-01,-1.216801810170973358e-01,-2.511627252428703660e-01,-2.094926985493742178e-01,-3.667186115725802886e-01,-1.019796594810266771e-01,-2.190288585811226707e-01,8.801686767005839629e-02,-9.091139035864016782e-02,-9.499719317031155019e-02,-2.534838240682222438e-02,-1.049935420480508641e-01,2.893364648116595120e-02,2.094133123864440685e-02,-2.342331422084304240e-02,-9.119508827577045562e-02,-4.827160797126022196e-01,-3.060601219057418332e-01,-2.101724213782763806e-01,-1.346381653078683460e-01,-1.799238640659638067e-01,-2.262836683762380757e-02
1.769633450562215493e-01,-3.974296765756685224e-01,2.782572671276069554e-01,3.086770587282565148e-01,4.579083095702362605e-01,2.954820445234960791e-01,0.000000000000000000e+00,5.889165637660529473e-01,5.115025907184128640e-01,4.040081108670808274e-01,5.544061168965096487e-01,-8.555983779138386092e-02,6.313083906396635969e-01,3.804102017598459673e-01,1.040241988808243701e-01,1.715408555836927251e-01,-3.290158538148680312e-01,-4.952652496385479552e-01,4.412180638022693002e-01,-4.107050705096988719e-02,-3.734544032759251619e-02,-1.104601235843329227e-01,1.461298243159483146e-01,3.422070006176866075e-01,8.594073159199240586e-02,2.658682780574539994e-01,1.222541269943629022e-01,-5.043013718352015728e-02,-9.668833916381355809e-02,-3.887035146710730582e-01,1.483976048528886926e-01,1.828212387810597417e-01,-3.936989791878608980e-02,-3.681607939303812027e-01,-1.942221529716166017e-01,-3.106245313711441525e-01,-1.931415212173659413e-03,-6.155869926638421474e-02,-9.326905080815035831e-02,-7.645364015113451095e-02,-1.600468546237459044e-01,-1.227438749043377880e-01,-3.427328415698160380e-01,-2.622851496287755824e-01,-1.967016242230176515e-01,-3.152176077319400194e-01,-4.355800577932464335e-01,-3.628633205257075778e-01,-3.472586808760489974e-01,-3.387219748042641365e-01,-2.614177067204138671e-01,-3.441334488434239502e-01,-1.691723084740841265e-01,-1.438943124958158570e-01,-3.451099937319933031e-01,-4.121490362257353435e-01,-2.127320535115025113e-01,-5.215050583069074097e-01,-3.719442543068474660e-01,-2.319158306497200728e-01,4.827628809560670087e-01,6.073480973288436502e-01,-2.213671399832429776e-01,-2.279109107888313834e-01,1.350984216844962338e-01,3.448609247390115318e-01,-4.261478323649439126e-01,-4.226383906246719002e-01,-2.751357044586076328e-01,-4.442022780582478569e-01,2.449044971072298071e-01,5.095353510155086613e-02,4.208452088363234811e-02,-1.984268122287514424e-01,1.169452095613547765e-01,-2.061445245283563821e-01,5.012476109905192323e-02,-3.000091194827469443e-01,-4.216664644630735981e-01,-1.377445651542406890e-01,-1.614633942933621780e-01,-1.662867800296922299e-02,3.552217277760900266e-02,-2.208234066300729381e-02,2.107199347000884571e-01,-3.691311118082736542e-02,7.683348210266446182e-03,1.807549877287371182e-02,2.370454874797653932e-01,7.770705472300498684e-02,3.139754718678771650e-01,-6.631127372007006304e-02,1.162547800252464875e-01,2.732708674585477837e-01,-2.433176373528327108e-01,-3.216121418195116988e-01,-3.303177993651550959e-01,-4.200624070715886504e-01,-3.308918037103174559e-01,-9.686531090552380485e-02,-1.894596328086607662e-01,3.707091685047636531e-01,-3.313276771773399632e-01,-1.277201048557687901e-01,-1.266597797706250916e-01,-9.830274094362884130e-02,1.294947565080815099e-01,6.719527040748607405e-02,-3.376059378100833980e-02,-5.054115700643950493e-02,-3.722519735072160052e-01,-5.141209345122891294e-01,-1.777287645504541658e-01,-7.371849566145720345e-02,-2.586631904308942520e-01,1.960934880420026893e-01
8.960277935548624506e-02,-1.043756223697470814e-01,5.747614091364926930e-02,5.346171995569014568e-01,2.404464218110249352e-01,4.385005228824048751e-01,5.889165637660529473e-01,0.000000000000000000e+00,2.945078972406431905e-01,4.982357605363649800e-01,2.087218441732165419e-01,3.864773590893392230e-01,3.993466725682553453e-01,5.924964935692328405e-01,-1.475777432941808021e-01,1.337989106496212388e-01,-2.648101004695582739e-01,-3.507223849643474334e-01,3.335380974498585172e-01,3.222688009974143952e-01,-1.601074558502866008e-01,-1.404323006025242626e-01,-2.427196106573725407e-02,3.685752613327043514e-01,6.640148785375070417e-02,2.228028815551545416e-01,3.818890380928934014e-02,5.098568575821402910e-02,5.128304005690160344e-02,-2.388499632839500564e-01,1.319157439607739901e-01,2.532728297810772911e-01,9.079739894955808632e-02,-8.701143405647848370e-03,-8.693216462595558525e-02,-9.132140539548679048e-02,-1.969677010067683032e-01,-2.093248880256330657e-01,-1.882639875291429732e-01,-5.788576298951418619e-02,-2.101847558162459606e-01,-1.560061356467514274e-02,-2.769392772818778381e-01,-2.869581206415880437e-01,-2.054400388605243100e-01,-2.859289689224827624e-01,-4.381359273397625320e-01,-2.776542131588812801e-01,-3.601846064443078310e-01,-2.466021970711538003e-01,-2.554753600307219652e-01,-1.827177955223069361e-01,-2.345545924313663655e-01,-1.408794663564104377e-01,-3.869159962365980032e-01,-4.172616912200808326e-01,-1.558915772357371277e-01,-1.672428646754907933e-01,-2.115268193614609493e-01,5.190415372979612779e-02,4.085190564570161387e-01,7.284688031476778125e-01,-1.008004413906386926e-01,2.104009159395167639e-01,-1.121195135547879834e-01,3.704755185464789768e-01,-2.056796138222921622e-01,-1.024368008595224755e-01,-1.571033916757064719e-01,-1.731113508090705577e-01,1.762109897717899498e-01,7.965569924459398390e-03,8.676772415323584509e-02,-1.672245139945762737e-01,1.366060013567983455e-01,-1.435683222161140693e-01,-7.242577876387462643e-02,-2.063301497173268273e-01,-3.598921242533741904e-01,-1.770146091934558241e-01,-9.654695233591258086e-02,8.248489894604160710e-02,-5.705649761902480827e-02,-3.870925136266969990e-02,-7.285814852041730405e-02,1.775615203424410204e-01,-1.069938581457080817e-01,-1.629323253999807042e-01,4.874306120687705440e-02,-3.482279011785372608e-02,1.852729023880850812e-01,-2.412739288002276050e-01,-4.321958088941835197e-02,-8.509882877866720152e-02,-3.746418313818510315e-01,-4.091936503662721436e-01,-5.122661876285103943e-01,-4.803719576347503240e-01,-3.343372568809024337e-01,-3.258574909521154694e-01,-6.437605950208313832e-02,1.527101530763902981e-01,-3.589911557674670961e-01,-3.645213158555256627e-01,-2.744857034945173413e-01,-3.518020580778523088e-01,4.624480153326365750e-02,-2.747444283580093016e-02,-1.863167698721916732e-01,-1.608963972284079835e-01,-4.665393155916385814e-01,-5.050787378055224819e-01,-4.372307956449053568e-01,-2.527930682508716109e-01,-3.715373198097269847e-01,2.743489877005216709e-02
-2.880466498429092720e-02,-3.375236400325324349e-01,3.043290942851704650e-01,3.852943073400978968e-01,7.651227866967483804e-01,4.135400788669538752e-01,5.115025907184128640e-01,2.945078972406431905e-01,0.000000000000000000e+00,6.226793756840398597e-01,2.192661522295782928e-01,-2.351069096298366856e-01,3.142192692465838877e-01,2.271586114812817470e-01,5.030235057671013088e-01,4.911300633366869062e-01,-1.157653321042714234e-01,-3.365485373927202817e-01,7.750672880445001744e-02,-1.759685595027640215e-01,3.668515566385178173e-01,1.808820742770400058e-01,2.390536634642787261e-01,4.488140234373353965e-01,4.103609254170765830e-01,5.396209476506051983e-01,5.385033153688554286e-01,3.058111169255559592e-01,1.356841627516048865e-01,-1.496653740573387625e-01,2.423039275794382219e-01,3.330101486841992031e-01,-7.706760389124152344e-02,-1.452328531557304236e-01,6.614843427425547151e-02,-1.266532463395960983e-01,-8.427842971927200499e-02,-1.631996897486986120e-01,2.303896060636613230e-01,-3.784572482687278971e-02,3.030248181867627871e-02,5.398331495797401708e-02,-2.355011005370399590e-01,-2.664835873158539203e-01,-1.689243878035603386e-01,-2.901390439163566426e-01,-1.105980485202209124e-01,-1.863835558679423909e-01,-3.422590781042743058e-01,-3.029584480614622710e-01,-2.635452483136343504e-01,-2.513601389896085725e-01,-2.262289574636251466e-01,-6.203089839844116299e-02,-6.876193706280989137e-02,-1.391356637492054960e-01,-5.927292098031420459e-02,-4.806861203521331505e-01,-3.543213361760690905e-01,-3.254205550224429366e-01,1.121917282646542890e-01,3.146865738588380812e-01,-2.885264791232266535e-01,-2.265873544115392657e-01,1.486152025316443137e-01,1.946639807185611970e-01,-2.266313041560228114e-01,-3.125638530985045960e-01,-1.055461047185602269e-01,-2.191505971607133618e-01,3.625810875231873509e-01,1.335562419532148049e-01,1.143533891192275304e-01,-1.735219927546273813e-02,1.219527216695608790e-01,-2.342113969730720280e-01,-7.128612545537288403e-03,-1.848626814856172973e-01,-8.782317174194989584e-02,-2.171559930022891605e-01,-2.266556423964580513e-01,-1.474701187603761898e-01,1.922737686815690072e-01,2.894306702208453985e-01,1.790732364866817194e-01,6.761244896243752411e-02,9.649491014058267369e-02,2.583190614261268170e-01,2.776359079342292646e-01,1.268176378431396523e-01,1.356617782909823600e-01,-1.257844743231378293e-01,1.018894668626656869e-01,1.359592675948361196e-01,-1.059463307952769884e-01,-2.618186129386800703e-02,-1.047596556824509223e-01,-1.069654691522154005e-01,-4.039050533669452103e-01,-1.794209957735106442e-01,-3.320261708618637564e-01,3.508060825506784802e-02,-3.288702525614283778e-01,-1.192282360547758380e-01,-8.857027711368804790e-02,-1.521594732724051158e-01,4.114517201763120968e-02,-4.117575455573860808e-03,2.870767823109585115e-02,6.661165445795950990e-02,-2.954986207154195466e-01,-3.919535820538908033e-01,-1.902872830953105110e-01,-1.695215771588261811e-01,-1.461614438156864093e-01,5.510147529831137259e-02
9.773596633202136230e-02,-2.105533956738457613e-01,5.251493530216713723e-02,2.392945508754455164e-01,4.468408681587512365e-01,5.746041946843866155e-01,4.040081108670808274e-01,4.982357605363649800e-01,6.226793756840398597e-01,0.000000000000000000e+00,1.845492734689262448e-01,1.047746241931858946e-01,3.688370215195968527e-01,5.087827733536540720e-01,2.835652015977074836e-01,5.498989229170827553e-01,-8.510103085455132665e-02,-4.203424535711950405e-01,2.046128761948898256e-01,-1.801987368088537808e-02,2.106631369013726163e-01,1.365499390068929120e-01,3.220394407782313506e-02,3.151698385546666814e-01,2.332171203169262352e-01,3.531204022390014852e-01,5.170623209200221337e-01,4.006519291783469661e-01,7.128495501896423003e-02,-3.466104731457996663e-02,4.733252734184660408e-03,1.089546028531206828e-01,-1.363714412450533486e-01,-9.951642689700321287e-02,2.285028810841931157e-02,-1.019851077672289524e-01,-2.368401105304945575e-01,-3.257375898724553243e-01,1.221181780723183258e-01,5.953202803188598763e-02,5.778153923233578237e-02,-1.809441557270921597e-02,-1.776506989069278342e-01,-1.521894060114359903e-01,-1.884548189073271263e-01,-2.087013512289342954e-01,-1.955327296095843714e-01,-2.404815736692611228e-01,-1.340103656345511263e-01,-1.413702311380740650e-01,-4.689020602620283529e-02,-1.295910728693080473e-02,-1.469368438228819129e-01,-1.954180450476788733e-01,-5.737021482381485238e-02,-1.004809877667031393e-01,-1.964587002991671771e-01,-3.505630720922470189e-01,-7.298422129840860528e-02,3.416819443411459739e-02,6.588012933832136653e-02,2.398542201311257838e-01,-1.511983828492962090e-01,-1.896710510598124400e-01,4.074956178755451131e-02,7.518945388959831500e-02,-8.855852155579502227e-02,-1.590887828325791009e-01,-1.998364432175055161e-01,-2.882408383651528516e-01,1.742397274675319685e-01,8.992774862222981114e-02,8.329423987679782093e-02,-1.417006343958813197e-01,2.984300965413884121e-01,-1.781921231404623995e-01,8.207312004025874019e-02,5.107522258803635223e-02,-8.255705137186973575e-02,-2.298168134449653510e-01,-1.747594963882174168e-01,-2.011635525425904958e-01,8.742421754319613936e-02,1.630713861878591298e-01,2.246737833090981309e-02,-7.638725150576139086e-03,1.492472373719062537e-02,1.693005882646692051e-01,3.025478097491321114e-02,1.768864140534899265e-01,-2.307596772273986033e-02,-2.915721526474409631e-01,1.465421725491045379e-01,1.214371468411956645e-01,-1.444822976266789682e-01,-1.437545290483091542e-01,-1.868511497840103786e-01,-2.108420153652473261e-01,-4.175738091813004926e-01,-2.070172328319741240e-01,-1.605103127897440363e-01,7.459790581621371375e-02,-2.324066351968622490e-01,-1.664412343814575534e-01,-6.142471898441091011e-02,-6.660218294927312821e-02,1.805908515272940940e-01,1.523956948241135811e-01,-4.838837693919204042e-02,-5.632366994699377488e-02,-4.462922443069787248e-01,-3.125431697891332128e-01,-1.739113736053489456e-01,-2.425590817517140896e-01,-1.129869685316636091e-01,1.172503126392781397e-01
4.737504201611241750e-01,-2.078027375043228486e-01,4.259689615881364494e-02,1.257511903852144217e-02,1.664834347665349323e-01,4.290863627884113074e-02,5.544061168965096487e-01,2.087218441732165419e-01,2.192661522295782928e-01,1.845492734689262448e-01,0.000000000000000000e+00,-6.780688479657116796e-02,8.501370210654921600e-01,3.156268089821940293e-01,1.263802593130902430e-01,4.995076456459426190e-02,7.225116639770026716e-02,-3.726366210361910514e-01,6.805936851429423839e-01,7.811206386589662765e-02,-9.151265593536157816e-02,-1.854887693051098796e-01,2.340392016354903293e-01,1.535849137714442869e-01,-2.207775624657025426e-01,-1.096323265908704242e-01,-1.630830435149124014e-01,-2.924274271593506058e-01,3.323219160506490216e-02,-2.385807180857312526e-01,-8.433651186670826361e-02,5.298486562907882280e-02,-7.477032664250954364e-02,-3.487917166084895659e-01,-1.235181012027367631e-01,-2.281391845080374958e-01,1.514396461480261580e-01,-4.329354041690949145e-02,-3.759311270112494774e-02,-2.143398789372782942e-01,-4.316557211390498888e-02,6.143793559988808273e-02,-1.102607381095542932e-01,-1.441800933781642834e-02,-7.796443267438414593e-02,-1.566261593876495661e-01,-2.606542306862251746e-01,-1.432817819322950437e-01,-1.488111245444831698e-01,-1.167234401835767071e-01,-2.535564483371757771e-01,-2.251869687491226402e-01,-8.952668675168383439e-02,-1.062045605846877738e-01,-1.738740554728998855e-01,-2.723866593666933178e-01,5.656622264019812996e-02,-3.394757337439686662e-01,-3.380649390149408906e-01,-3.146880178620445889e-01,3.754752313503622041e-01,2.524054758892302908e-01,1.343780683028352185e-01,-2.736242412836607518e-01,1.856350905277393271e-01,-4.617324806127746234e-02,-5.402658221965442875e-01,-5.455926393814969355e-01,-2.197818878614614391e-01,-3.897925601232642978e-01,2.750010036706334038e-01,2.513004393115569890e-01,1.462625742606372126e-01,-9.603300007787785031e-02,1.181127540321299935e-01,-3.164531371786256236e-02,2.609605726209326404e-01,4.682479720058498052e-02,-2.258576976833290284e-01,-1.442049347197491838e-01,-9.009669106590131871e-02,-1.115522349706795091e-01,2.869598671695298697e-01,1.537979311635612710e-02,3.435165299157074692e-01,-2.701856104428123073e-01,9.253215204368002433e-02,1.084582798227731182e-01,8.098087155652021474e-02,-8.668064453058711705e-02,3.318556214936346227e-01,1.052485180067342790e-01,1.672232143082738320e-01,1.333179715199344639e-01,-1.210296348460652566e-01,-1.685475003716448150e-01,-1.972032590366578075e-01,-1.900289329589660015e-01,-8.386784484984083354e-02,2.714587079673231318e-01,-1.080765082652120623e-01,1.984090012055477470e-01,-2.821164266382577002e-01,-1.129773207497956761e-01,-7.646204986751961585e-02,-9.252499164755598887e-03,1.039921061310220829e-01,1.238220976691224440e-01,-5.314742196140770369e-02,-5.727363502995487521e-02,-6.989708579776882091e-02,-1.872788185596677424e-01,1.876109562932695360e-02,-1.297767919028333938e-01,-2.255141985137738281e-01,1.351637551431594253e-01
3.644671827226828031e-01,3.219145604257258597e-01,-4.556889471126800983e-01,-1.050641990963213646e-01,-3.135938392814307529e-01,-4.572497105125159639e-02,-8.555983779138386092e-02,3.864773590893392230e-01,-2.351069096298366856e-01,1.047746241931858946e-01,-6.780688479657116796e-02,0.000000000000000000e+00,1.438168552375386489e-01,4.164649178617025327e-01,-4.828005553907868119e-01,-2.601333425935527521e-01,1.389753646106422491e-01,1.023474304452944295e-01,3.046567002461703089e-01,5.764432720994396853e-01,-1.427712554588025373e-01,-2.059585183859316548e-01,-5.764562600694145278e-01,-3.904481516620266213e-01,-5.278549471718732011e-01,-5.050241867479440261e-01,-2.906411339836910690e-01,-2.291081150865823535e-01,1.932207390240534006e-01,2.367162157903715536e-01,-3.563334256327378435e-01,-3.850458074927369800e-01,1.012263484874332958e-01,1.437644927157860630e-01,-3.878352382150378475e-01,-2.158024336090090534e-01,-1.536066761008065551e-01,-1.210202364913438996e-04,-1.532373119642258530e-01,-5.475087160636487454e-02,-1.191591365531341068e-01,-3.097933555086448618e-02,-2.048438908573246287e-01,-1.117380370882807838e-01,-2.220799490632368867e-01,-1.085757677987587155e-01,-2.504220205348815509e-01,2.096921076943948029e-03,-8.069598163044000572e-02,1.876196433772996802e-02,1.251535803120925050e-01,1.635702022675779299e-01,1.842685859286839201e-01,2.031776710667718977e-01,-7.188939093911711486e-02,4.060003858863091980e-02,1.641163308007993482e-01,3.869152447375884263e-01,2.980868455787376026e-01,3.781026731806235719e-01,2.658075244640374923e-01,1.583220035173216189e-01,4.972075035143940225e-01,5.198479059614535824e-01,-6.425783569615300950e-01,-3.308523864161400097e-01,-1.995837505942818502e-01,-8.094297276316303469e-02,7.235449863880920318e-02,3.317801680006197268e-02,-2.761616641342784506e-02,2.761768097269091948e-02,1.033227641816561460e-01,9.743598670418290864e-02,2.034180045883899335e-01,1.099423664864610795e-01,-3.568366292039389098e-02,1.126558060700745025e-02,-7.093893775116502654e-02,7.112962221888637082e-02,3.027680413129899550e-01,1.196314327639391023e-01,-9.915257192797422015e-02,-1.070195368315504797e-01,-3.117743957359428442e-01,-5.168536935732469945e-02,-2.768173086394842275e-01,-3.636468368769651960e-01,-3.498745736732585265e-01,-2.292694359779976626e-02,1.673201351530359537e-01,-1.075734832252680795e-01,5.822661002980184658e-02,-3.088915841546125418e-01,-1.402044254435499439e-03,-6.293053327823189269e-02,-3.613359422471724980e-02,-1.106169481215829725e-01,1.951142786724716915e-01,1.315289212752560333e-01,4.958706536329742787e-01,2.669334052342033359e-01,1.596217173442620041e-01,1.326202117532678249e-01,-5.576146500221948465e-02,-7.637272249222736009e-02,8.605343211000263115e-02,-5.134002023149252664e-02,-3.106220342072856661e-02,5.130211639944688012e-02,1.517939112374687774e-02,3.761420632626430449e-02,2.565426174344961549e-02,-6.256990044303820109e-02,-5.347823464857139053e-02,7.425123651703041672e-02
4.300421641507352621e-01,-2.797446613325159093e-01,-1.189331176847493177e-01,-1.544624956437673068e-03,1.777516387309054924e-01,9.518218631666001961e-02,6.313083906396635969e-01,3.993466725682553453e-01,3.142192692465838877e-01,3.688370215195968527e-01,8.501370210654921600e-01,1.438168552375386489e-01,0.000000000000000000e+00,6.040431118338620564e-01,9.265446134709630355e-02,1.635556551604048781e-01,-1.079331341463161398e-01,-5.120763729980292167e-01,5.834057384195689977e-01,4.547816693250404663e-02,-6.663505917167156234e-02,-2.087398998958153451e-01,9.152837865329090106e-02,1.547998406110291936e-01,-2.471670991212772672e-01,-1.709359368105906052e-01,-9.651251118381813654e-02,-2.329141385034841361e-01,-7.646404295159467401e-02,-3.041514967194302033e-01,-2.164031710402604114e-01,-8.305140161024772427e-02,-1.850972146382014460e-01,-4.342407232168586373e-01,-2.510334888415788890e-01,-3.411544968020983060e-01,1.133420134283237984e-01,-6.935167096382915952e-02,-7.046186905590624827e-02,-1.480460212047774449e-01,-4.781637689412752273e-02,8.835964441719727780e-02,-2.452043135652269279e-01,-1.518949450392834410e-01,-1.762836877154926318e-01,-2.327739041377610563e-01,-4.200053043687497767e-01,-1.996816642909284567e-01,-1.435177833413985582e-01,-1.604009902553880929e-01,-1.414895949718280033e-01,-1.583237117457929888e-01,-4.692880641800643848e-03,8.710008147896998454e-03,-2.172803155618626136e-01,-2.468095462184433653e-01,-8.113507765914806935e-02,-4.254195906766086166e-01,-2.920978451385551899e-01,-2.686522856214622057e-01,4.475083874547550189e-01,3.840109509018123646e-01,4.462272241444405207e-02,-2.231259364844012660e-01,1.255895352730645453e-01,2.924703771406190686e-02,-6.423626419201560189e-01,-6.013654383350748311e-01,-3.482502256199630497e-01,-4.699256563841407441e-01,1.619417276872486822e-01,7.952322903155978340e-02,3.980175151456633725e-02,-1.944565133731050721e-01,1.441225855052016835e-01,-1.933696389950708416e-01,1.179128817165270293e-01,-9.559835680758231591e-02,-3.400832698928208386e-01,-2.092169948026724458e-01,-1.563175964912263960e-01,-8.287159680297700656e-03,2.714722299221002388e-01,6.436012519054225278e-02,3.957028425309634945e-01,-5.949590547680222441e-02,1.292233825150565785e-01,1.634664042772551451e-01,1.060774748341632434e-01,8.867356400510446879e-02,3.793409059061314537e-01,3.377559778557583797e-02,2.489752426647743322e-01,2.228212232752912747e-01,-1.796979733778223398e-01,-3.114029532864022176e-01,-3.092342418747597854e-01,-3.640590401739650095e-01,-2.365836517930995642e-01,1.491763712839284661e-01,-8.811196289326947428e-02,2.991978205985523775e-01,-3.681927783553873290e-01,-1.616706994395718799e-01,-5.494915498692572176e-02,-2.554030128981742143e-02,1.389879320150497477e-01,9.203878880850176192e-02,-4.668357380525041400e-02,-8.883116518616959723e-02,-2.110037159683588737e-01,-2.800974644700934824e-01,-3.555618067981323668e-03,-2.839601425747011465e-01,-2.720375134075836421e-01,1.296352524185937216e-01
