0.000000000000000000e+00,3.351823164832253843e-01,-1.879120242856611653e-02,4.164851474269633778e-03,-2.681269725446320251e-01,-3.471168497716179968e-01,-6.384566144829054157e-02,-3.877573658663684419e-01,-4.488231969320990999e-02,-1.806096720423338298e-01,3.123070764218545126e-01,1.181495226755277170e-02,-2.380473440633710212e-03,-2.414247191245593727e-01,-1.842277686629123223e-01,-2.411538050478410355e-01,-1.601234402569707768e-02,-5.613216118195864940e-02,4.733089939821668590e-01,4.371929728937808401e-01,-3.768633370045234576e-01,-4.149177902469872170e-01,-2.910644176391978255e-01,-1.999940925983395290e-01,-2.958814164313294248e-01,-3.099712449583260643e-01,-3.599040545726659990e-01,-1.405879097122767207e-01,-9.412090818852476837e-03,-4.616811590896778839e-01,-3.475418779369926492e-01,-3.617985829572303857e-01,2.726740884509028517e-01,-1.668337401877528769e-01,-1.545149302146391346e-01,-1.465883368975848533e-01,-1.263943112700217919e-02,-1.913303618182528865e-01,-2.923820120490827623e-01,-1.575224684802718489e-01,-2.023213476339911221e-01,-2.689861272153074578e-01,-1.459916327423405602e-01,9.080689150254464548e-02,-3.934754544048193470e-01,-1.596086527619591799e-01,-2.191860235099299392e-01,-1.609766848325073219e-01,-5.157524915469719612e-02,6.488550336256633522e-02,2.857979529878556524e-01,1.363005083731192169e-01,-2.743386853556233906e-01,-1.262851149368122150e-01,-1.832345933295350116e-01,-1.585346370520278603e-01,7.026297937526514437e-01,4.432164778911579783e-01,5.580205849937742713e-01,-5.390168494063593552e-02,4.298406245402850989e-01,-4.311488328374178947e-01,4.357821021697896313e-01,1.982600194902364998e-01,-1.813944700872669180e-01,-4.671872301436718611e-01,-9.824858660461467663e-02,-3.473879706306962079e-01,2.753897048714400997e-01,-5.245869320040881176e-03,-6.464720768303382215e-02,-1.089873984178221650e-01,5.226921226782609287e-01,2.404085203927434911e-01,2.192847300905060581e-01,2.766222764564409409e-01,1.534848839857462233e-01,1.194956376534862981e-02,-2.547881048244270419e-01,-4.137787743157071985e-01,-2.679418238534180263e-01,-2.337462018630133975e-01,-3.084798522057496939e-01,-6.446708682869999637e-05,-5.361503221267250457e-02,-9.517905426613200437e-02,-1.562226202268311437e-01,-1.367820501746549178e-01,-1.265842831616400266e-01,1.374680332211020324e-02,-1.142473975424911636e-01,1.440432099827076984e-01,-1.893698787992198207e-01,-6.212589654848593018e-02,-1.204859583047502153e-01,-3.217423633869967992e-01,-4.973228652370207392e-01,-2.219125642258551745e-01,-1.329987989741707455e-01,3.585319202394635085e-01,-7.643773238313172902e-02,2.709118082103141589e-02,-3.194001283600821361e-01,-2.080269313268355916e-02,-1.625573134521041962e-01,-3.664046771113993461e-02,-3.839885915349129375e-01,-2.402752155659082234e-01,-7.095766529750507923e-02,-1.172394588113865183e-01,-1.265429207347653906e-01,2.272100572750321845e-01,2.637462985667946014e-01,-1.153797562717159136e-01,3.334672237403769716e-03,-1.707219369279317223e-01
3.351823164832253843e-01,0.000000000000000000e+00,-4.932378413253555305e-01,-1.829296288017966676e-01,-1.028583972347970887e-01,-1.491017653235731655e-01,-5.613565180265617238e-01,-4.918304022925101271e-01,1.516918762949690802e-01,1.145310203342805033e-01,1.027053212956332839e-01,5.129107026872970626e-02,-5.418169205856036008e-01,-4.974826479580778948e-01,-3.962226021002678705e-02,-2.537871463527813787e-01,2.961004538945845033e-01,6.636516707352874134e-01,5.696521373122159781e-02,5.603359782446378778e-01,6.033361019787442103e-02,2.423673776992990025e-01,-6.512951070886388028e-01,-6.388033387237974647e-01,-2.939744051434434180e-01,-1.003198469069303683e-01,1.037752574068834394e-01,1.269713035509002774e-01,3.303387100435332679e-01,-1.534004363712012375e-01,-3.852704607817726279e-01,-4.648111141382788580e-01,4.227459095772054254e-02,-1.588738340942913441e-01,-3.785462925923271937e-01,-1.403392886668934081e-01,9.014453929259282072e-02,6.240737530636988883e-02,-1.628063383393168334e-02,-2.358604842883576247e-01,-2.764732067472026530e-02,-1.715824145129737632e-01,-3.577072361095737230e-01,-3.214439458316890597e-01,-5.840044371862521677e-01,-5.705795298249727310e-01,-1.674776792218464205e-01,-7.002261114269513198e-02,-5.536774885550639347e-01,-3.731029586146895061e-01,-1.300767787248843232e-01,-1.736385945247295726e-01,-8.469066512751183273e-02,-2.845665573609590035e-02,1.785106588249493476e-01,-2.509416292555886885e-02,6.239147436704058913e-01,9.504926337115514601e-01,6.312362435201287481e-01,5.013018145712490048e-01,4.108117384679415007e-01,-1.995507595621510144e-01,4.383527875425228260e-01,6.538624566774469127e-01,-5.419276890197058938e-01,-5.650066221310223735e-01,-1.733727993815061263e-01,-1.516265409037265421e-01,3.215849655054794920e-01,4.660391253519614585e-01,5.287210584450820205e-02,1.880471105469052606e-01,4.325677667016111227e-01,4.440451812268079168e-01,2.613520873058186034e-01,4.863351710331568767e-01,-8.006465076735355679e-02,4.383852882460018696e-01,-2.854668766881994849e-03,-1.454111049162261082e-01,-1.864080430974536240e-01,-3.837902140657553640e-01,-2.177638087199261496e-01,1.331806422328384865e-01,-5.404550539678493193e-01,-2.237714540185173073e-01,8.682612947244190693e-02,5.932936767449208809e-02,1.211791094192874729e-01,2.305961091357736914e-01,-4.078519458431198452e-01,-4.108139065710290638e-01,-2.491400884445002795e-01,-4.884438823724538969e-01,6.547513688410215582e-02,-1.548399133394585681e-01,-5.202145064374545658e-02,-1.690487207047894347e-01,5.018950297921904724e-01,2.672115646447234885e-02,5.191278302781158205e-01,-4.292300807036169008e-01,1.800347547621333477e-01,1.579504320965515254e-02,2.849001473626392583e-02,-5.911975539994484413e-02,-4.898659978080958100e-01,-2.830743627654413314e-02,4.720716823555484720e-02,3.767641922784416980e-02,8.657937803783642694e-02,3.516966356183807707e-01,-3.286933318240299884e-01,-4.401768656100503163e-01,-5.875193228031505566e-02,-1.249467952856706116e-01
-1.879120242856611653e-02,-4.932378413253555305e-01,0.000000000000000000e+00,4.339463111173016974e-01,-7.370989980534094210e-02,-1.132994232565877890e-01,7.896817149710180228e-01,1.396924541508758610e-01,-2.260281937585159329e-01,-1.052848381183244392e-01,-1.285872669486269049e-01,-2.252347405550451931e-01,3.601954856103986025e-01,2.685762814889222083e-01,-3.467274285084232487e-03,2.738367778414062537e-01,-5.128940119805367459e-01,-6.824852001345502739e-01,3.581683810504481813e-01,-2.808716724956004107e-01,-2.627405351360965202e-01,-3.753074992141338662e-01,7.274415313527828886e-01,5.502583246459127331e-01,1.761735401785995137e-01,-1.238834922562331159e-01,-2.603309571133229361e-01,-1.286097233742757862e-01,-3.712295209701577670e-01,-1.455136245406919993e-01,3.263979357724334784e-01,3.346770190111556520e-01,-1.048639714630205944e-01,1.962283636486038818e-01,4.820345259522730297e-01,2.798314463567324606e-01,-2.075628293985261608e-01,-5.773241335658722828e-02,-1.174048604021212840e-02,1.405678124611849933e-01,-1.832912450874436827e-01,-3.814114364091042431e-02,4.676819977197914646e-01,4.617748396753994511e-01,3.353471381438364318e-01,3.731672129370413593e-01,1.621102851021935520e-01,1.461276238518468239e-02,1.385966788855049481e-01,1.850352049736876947e-01,-3.922582542083780099e-02,4.625436113829202445e-02,4.430403449332017546e-02,1.939120360030247570e-01,-2.603455945287226347e-01,-3.223914836743893824e-03,-4.307028646611260614e-01,-4.700513376341355354e-01,-4.545119765383757726e-01,-5.990714868465846221e-01,-3.012461024019846278e-01,2.307530773748073596e-02,-4.384208518391541909e-01,-5.900363897264326862e-01,7.737585022317843286e-01,4.924835765906528384e-01,2.032123075948610580e-01,1.313128769637053883e-01,-5.220817230810317344e-01,-5.346061319632059439e-01,-1.154785862556968745e-01,2.714322624793987296e-04,-2.180847310664031924e-01,-2.243513876331051649e-01,-1.150511704692095266e-01,-1.357796929192468527e-01,1.080394949166174796e-02,-1.286677942048984613e-01,-3.281336460358720841e-01,2.656396750291181164e-01,-2.802103037696178078e-01,5.040079638009037355e-02,-1.052743982986295290e-01,4.172077270032084617e-02,4.210207010281220019e-01,2.053389791503523187e-01,-1.085237561654126826e-01,1.475558572956272296e-01,-3.101743151004424104e-01,3.437100297119917436e-02,3.209921256264310907e-01,4.210998542284186130e-01,1.820612170823820986e-01,5.299714611590358171e-01,-2.524688768521367588e-01,-1.346496132194789364e-01,-1.963077146020702768e-01,1.747929255433732995e-02,-3.386610323355929708e-01,3.522778269886868430e-02,-4.591441020203915757e-01,4.418006467848850649e-01,-3.363610269466231206e-01,3.087866567784162963e-02,-1.390891105532572614e-01,-4.233170354330140217e-02,2.068629029128312147e-01,8.107580131148538205e-02,-2.615027005836191298e-01,-5.595349566741083386e-02,-2.824841115657652502e-01,-1.278641451926651740e-01,3.590851132674054424e-01,4.287277558771002139e-01,-5.786459933656748489e-02,-7.162838014112571372e-02
4.164851474269633778e-03,-1.829296288017966676e-01,4.339463111173016974e-01,0.000000000000000000e+00,-1.574768878438983499e-01,-2.429775364778684332e-02,3.455616690368177868e-01,5.264633723223060002e-01,-2.524315557881197658e-01,-1.218039557350492769e-01,-1.115751182961579185e-01,7.642173052278788958e-02,-1.611364642082089293e-01,6.416506764386863126e-02,-3.100659733479203539e-01,-3.872799612640471373e-02,-8.633817970413681930e-02,-3.114307242899728712e-01,-9.097231357908457106e-03,2.984771091032923929e-01,-2.957184561325603145e-01,-4.234810445971746162e-01,5.322456906309659397e-01,6.634543437668836141e-01,7.316568022450845032e-02,-3.883213923639595999e-02,-1.425392884283978867e-01,-1.340880759109967513e-01,-2.232230578240885221e-01,-3.537194066680600102e-01,1.839089697611276941e-01,3.232521627598867187e-01,2.795230840407583184e-01,6.455049275808520948e-01,3.205028219952680835e-01,3.457664318827745054e-01,-2.334417974494686632e-01,-2.598982541768372068e-01,-3.967663390137811386e-02,-2.008013030621790818e-01,-1.950520326567496410e-01,-7.781555950169318121e-03,-1.519089513304162642e-01,3.469489790137032272e-03,-1.425242729776553252e-01,2.455838559821851494e-02,-2.708865770217736002e-01,-3.511674027960262068e-01,-7.289959479862230529e-02,-3.775376554290097580e-02,-1.961844096087932421e-01,-2.564780050042899662e-01,-2.543965042999282722e-01,-3.320061351566865326e-01,-1.655288615709109290e-01,-2.938601456903713327e-01,6.994770160594586221e-03,-1.597686171965844171e-01,-3.083140394798175032e-01,-3.002950031096298100e-01,-3.326515758178965054e-01,2.082331789773427255e-01,-1.600408615690620262e-01,-1.387407888475657436e-01,4.404971068620688879e-01,4.841154326182586232e-01,1.891624545454507755e-01,2.268783705033287634e-01,7.992542005416002071e-02,-1.078674515392099714e-01,1.386390681055821583e-01,-1.168929077107063313e-01,2.105352995694970489e-02,-2.126161388065312963e-01,7.781550052474740797e-02,1.068019857276036503e-04,-1.135554449539955130e-01,-1.329268287274199545e-01,-1.645542503360717668e-01,-2.565404351955967166e-01,-1.884251023930489377e-01,-2.417409211918478129e-02,-2.229766918032940193e-01,-3.836464628824692857e-01,1.403640330735829445e-01,3.341138708630127241e-02,-3.032721916409555820e-03,-3.505378824655988601e-01,-2.486255246515830797e-01,-1.825031096376721895e-01,7.852660334489824923e-02,-5.038921361734192972e-03,-2.215530023507481516e-01,-4.933834921942438501e-02,-4.111733767638922066e-01,-1.040400080461278548e-01,-2.711180563433139290e-01,8.403352639748097597e-02,-3.603681177045671702e-01,-1.096204495880337138e-01,-3.305355410524433712e-01,-2.981358363808276485e-02,-2.397266484643403583e-01,-2.614087323315528733e-01,5.405793231613143478e-03,-1.543082892541800255e-01,8.353761658882061236e-02,1.936701819979783634e-01,-4.055504136123900261e-01,8.656420768063466734e-03,-1.800058081736894688e-01,-1.521100372962515268e-01,-3.784202382936855541e-02,3.737055758879839207e-01,-1.342436288423347075e-03,-3.604577323094347863e-01
-2.681269725446320251e-01,-1.028583972347970887e-01,-7.370989980534094210e-02,-1.574768878438983499e-01,0.000000000000000000e+00,2.959474055054376884e-01,2.813034368613496691e-02,1.401859282232645505e-02,6.349639748890907320e-01,2.704065454551244918e-01,-1.967797634219279057e-01,-1.448814747411245329e-01,5.017421177119766457e-02,-2.091780469930823796e-02,6.819748879895571880e-01,1.617519143085057454e-01,-8.739636670726057266e-02,-1.482502400219529171e-01,2.285188994385663197e-02,-1.211284240617827197e-02,2.186628779552253488e-01,1.977292863605396578e-01,1.488161722804045017e-01,7.981520171247838413e-02,3.578706719999412700e-01,4.384494929236535943e-01,4.939241640535163569e-01,1.264418969425363248e-01,9.280648926518596242e-02,-1.618461560063936752e-02,7.284132492012460047e-02,9.644093446587607976e-02,-5.307055351085177702e-02,1.930519844751655834e-01,1.517315995590812552e-02,-2.460429722133748373e-02,-6.627407787621902857e-02,-7.812810674125826582e-02,-5.159114188828702041e-03,-1.439097501765119330e-02,-1.422875629571647947e-02,-2.556825646384912054e-01,4.673647641591061053e-03,1.702297066496907471e-02,4.615386690241280593e-02,5.054864290588955561e-02,6.910818332904772321e-02,-4.313080051077539806e-02,-1.088705867247369286e-02,-1.615682330554604473e-01,-1.938143071509067783e-01,-2.780664580388933493e-01,5.822984829058216322e-02,-2.282423967291166700e-01,1.194931815619496573e-01,-3.637206656470462485e-02,-3.312852927627895072e-01,-1.049163432965353054e-01,-1.057898152441835576e-01,5.317746385955437333e-02,-1.481363713545890692e-01,7.660362651191128525e-02,-1.828862060650257582e-01,-6.498941764597954140e-02,7.327900925900127094e-02,4.713346733918465266e-03,4.168054524221716933e-02,7.049596699439160397e-02,-1.632520241420513107e-01,6.862611214013299155e-02,4.001643961505927383e-01,2.297892269742183580e-01,-2.719155574264087855e-02,1.515433258924434035e-01,2.728089039165015883e-01,1.415952484450599957e-02,1.590982395228260071e-01,1.147146475184426667e-01,7.315151826857579920e-02,5.231523288127262056e-02,1.276179509883494101e-01,-1.774051047881454804e-02,5.141912180926661718e-02,9.829529422764714253e-02,2.796631709852327452e-01,-1.503829368490157969e-01,3.520318619811759753e-01,1.746590209343216737e-01,2.196381551012723254e-01,-3.183525538389037068e-01,-1.893839810991963801e-02,-2.009696787855003511e-02,2.181357871800047171e-02,2.655210724919441351e-02,2.274525963132454642e-01,7.017834413595079590e-02,1.289670860825103405e-01,-8.691854835865188422e-02,1.696628515554454708e-01,3.200785235653057226e-02,9.392212583049361352e-02,-2.963219822131262643e-02,6.784343158026483189e-02,-3.258860437690695353e-04,1.435161769134301983e-02,-5.926937569919885768e-03,1.606909536886037132e-02,2.465393254809816661e-03,2.523188184992747329e-01,3.858496505408463007e-01,8.785501260107242416e-02,-5.970630834145661259e-02,-2.736638884127408633e-01,-9.378031614160235729e-02,3.906495208650317963e-02,-2.687826415775489489e-02
-3.471168497716179968e-01,-1.491017653235731655e-01,-1.132994232565877890e-01,-2.429775364778684332e-02,2.959474055054376884e-01,0.000000000000000000e+00,1.424914614447735650e-01,3.995072312972318684e-01,1.385764943422174988e-01,5.989149562666952198e-01,-1.845765095442023773e-01,-1.306233620070789900e-02,-1.021071242455712513e-01,5.162958960003203451e-02,2.369053757256109338e-01,3.098493219559688150e-01,-9.733186233221392814e-02,1.135171377259483472e-01,-2.509938683157188488e-01,-4.558567093289126460e-01,2.841326262619742749e-01,2.599156913747689979e-01,2.270615017865314222e-01,2.927584115836818213e-01,2.752811828158246987e-01,6.282958781263368042e-01,1.753887758892736237e-01,2.148476606538970990e-01,-8.832879067083003466e-02,5.653442078926643188e-02,1.555669015627378915e-01,1.830653361125073875e-01,-2.435550981924633485e-01,-2.646648739744988585e-02,9.471805154282073036e-02,1.137559450009981016e-01,-2.915001367019097733e-01,4.429426628278082534e-02,2.119898637412965803e-01,-1.348947066542169337e-01,2.936671706233294765e-01,1.310161454375582679e-01,-1.758903327656703430e-01,-2.933688572343560175e-01,-2.668893323377672516e-02,-2.427044319004071915e-01,4.245362025248984594e-02,8.616102070188422224e-02,-2.837088919184454494e-01,-4.060491777377691625e-01,-1.378121464766720872e-01,-2.192555677550710458e-01,2.383573290549449997e-01,-3.462591941318841626e-01,1.007839397000147019e-01,1.745850945684730704e-01,-3.286482916938647802e-01,-1.909467610147537187e-01,-2.117817986243290262e-01,1.521566340955632091e-01,-8.344814721027936366e-02,3.999569868806312489e-01,-2.355472523134828633e-01,1.466086496416196122e-02,1.718517920314345249e-01,3.173484044064461274e-01,3.502497265155521487e-03,1.571564993158243995e-01,-3.939507838101137249e-01,-1.955757094024019871e-01,7.725465874691461732e-02,2.732813296930705071e-01,-4.158746706236989277e-01,-4.450831528364942447e-01,-1.782757066394865253e-01,-2.681438410496846947e-01,5.107974781644445718e-03,-2.622390362284612170e-02,-1.423793308752655147e-02,-1.699039098176323426e-01,-1.702165241449469235e-01,8.135946159339159378e-02,2.153150031157770594e-01,8.468957673344923442e-02,-1.905263866393359234e-02,-2.036829957301617144e-01,3.770139530530174921e-01,1.140199603099750630e-01,2.304773064467132981e-01,-7.310368212416679112e-02,-1.600277064257273341e-01,-3.478876584410073858e-01,-1.368356099179331674e-03,-1.580539584500979811e-01,1.080163121462332509e-01,-1.040722859174013221e-01,1.010096418417942010e-01,-4.268706147461642786e-02,-3.968327831351296797e-02,-4.511074400754834790e-01,6.948273346114799964e-02,-2.798694881412577273e-01,3.269053793997377388e-01,1.304266139415477255e-01,2.326302211771143769e-01,2.321498614591820386e-01,6.352238182854876014e-02,-1.828708031519458155e-01,1.266637153354890910e-02,1.018161178851412219e-01,-6.897428316699012740e-02,-1.149145207864240154e-01,-5.080763512125762160e-01,5.277957349000730013e-03,1.437364182295671478e-01,-1.468841076503962784e-01
-6.384566144829054157e-02,-5.613565180265617238e-01,7.896817149710180228e-01,3.455616690368177868e-01,2.813034368613496691e-02,1.424914614447735650e-01,0.000000000000000000e+00,3.478324902309720690e-01,-9.211423530201685861e-02,6.216117793629723220e-02,3.802760496547272911e-02,-1.613185367282372051e-01,5.780169063672552232e-01,3.498833530771668920e-01,3.861740773182364278e-02,2.655685457776130187e-01,-4.884233046650259258e-01,-6.527829775824092184e-01,3.613841924502428915e-01,-4.149786467224679254e-01,-2.217392909803892753e-01,-4.390716755960919482e-01,7.305858674491249038e-01,5.611993361135128033e-01,2.149170927060176095e-02,1.087421080032122123e-02,-2.641784045541611392e-01,-1.884761117227752025e-01,-3.583658811191711702e-01,-1.763858854856736047e-01,1.982210070645488431e-01,2.739512394231819470e-01,-1.754323879636311145e-01,1.167998162659678041e-01,4.749563371087350272e-01,2.848126319526780859e-01,-2.836477132553992253e-01,-1.356996915289838679e-01,-6.759767292571275399e-02,1.260903980482358522e-01,-2.410669906348399116e-01,4.378266594547743779e-02,3.203114549095136820e-01,4.178305017624521778e-01,2.742537005914812420e-01,3.865046966461209155e-01,2.195511364963724510e-01,9.910870466931628875e-02,1.713260673967624548e-01,2.829017758839642016e-01,1.588015660137781504e-02,1.560511027430827591e-01,1.142236879708851804e-03,3.006424335834445571e-02,-1.864346438303997044e-01,-1.043383170569535667e-01,-4.989042161758206473e-01,-5.494513754207991374e-01,-4.690768569262801502e-01,-5.201684048734436239e-01,-1.484366926905124340e-01,2.064985044637112632e-01,-4.932530005485896152e-01,-5.526276009800102917e-01,7.451471540699705631e-01,5.327961139031182070e-01,9.802604044447957299e-02,9.481724422298792865e-02,-5.911618171748564965e-01,-5.554141447087157513e-01,-1.844415191109316510e-01,-6.813280772904456439e-02,-2.949034700474878479e-01,-3.373563088182948144e-01,-1.432092636945251907e-01,-1.642883864509445124e-01,-1.794198547528164100e-01,-2.824362189596830719e-01,-3.367263147716334504e-01,1.169307333610490746e-01,-3.057867683706111950e-01,1.025919120747743607e-01,-1.883246407514089504e-01,-6.037087222524798943e-03,3.897871419998262810e-01,2.673422352530249735e-01,-1.701546321803499850e-01,1.655444500047345002e-01,-2.416842355450596336e-01,-1.502662634376983330e-01,2.241799202882158448e-01,8.524958560079771985e-02,6.348976188882002325e-02,3.192039820408219541e-01,-2.514245601032073507e-01,-8.247299914562661316e-02,-1.735212196080408442e-01,7.947944733975119413e-02,-4.339681193525229963e-01,-1.907319630324852966e-01,-5.542657519550020506e-01,3.263482563396171154e-01,-2.546868652404213895e-01,9.389374435047782852e-02,5.487787836051868234e-02,1.173758206463989678e-01,2.183794356358261246e-01,8.272660964397106353e-02,-2.981994930050693160e-01,2.185656589912043229e-02,-3.349808455121321971e-01,-2.525194900012109334e-01,1.610003070302252204e-01,5.186875476280851105e-01,-3.895257144797836107e-02,-3.005988280858399309e-01
-3.877573658663684419e-01,-4.918304022925101271e-01,1.396924541508758610e-01,5.264633723223060002e-01,1.401859282232645505e-02,3.995072312972318684e-01,3.478324902309720690e-01,0.000000000000000000e+00,-1.812197337415154264e-01,8.818992063113960389e-02,-7.687971594467877742e-03,3.305645860247112822e-01,1.651083955165509320e-01,3.296045278187781369e-01,-1.874351904377149491e-01,-1.354872033049595859e-01,-2.082115073070594513e-01,-2.270432052390036759e-01,-2.062165288896227466e-01,-1.943314254619844528e-01,-1.702500496601863367e-01,-2.464622492114433017e-01,4.059179687265231928e-01,4.951968621770618251e-01,-5.047438350435170390e-02,1.709645215679223285e-01,-3.966282240963862372e-03,-6.215871889833850944e-02,-2.349802907208358993e-01,-1.014749295360775488e-01,2.560293053451108136e-01,3.876044747650114197e-01,3.172785140276692534e-02,4.252687304150500336e-01,7.754072196328196109e-02,1.097366173186393595e-01,-3.358154309973248042e-01,-3.254771786910625186e-01,4.581110941499546424e-02,-1.380829182219661111e-01,1.025353922516840377e-02,7.982460303754414233e-02,-1.957853037611643199e-01,-1.442789338566420332e-01,8.194874800140221349e-02,2.269655620500241749e-02,-1.652063442092379653e-01,-1.466151526592995580e-01,1.688712548702716587e-01,-7.909593693204391984e-02,2.477020743553064175e-02,-2.024377969938322974e-01,1.667288690563593079e-01,-3.054212058483654624e-01,-1.929010911180747273e-02,-2.189057356086002160e-01,-3.259213346960839197e-01,-4.609304811629434395e-01,-3.838459977722610272e-01,3.267998278050835564e-02,-6.620474458966267572e-02,7.306388772700036505e-01,-2.937682769753359735e-01,-6.892661681477608993e-02,2.188948591149150191e-01,3.994000939398947292e-01,-4.889697809480934160e-02,1.458763276236061945e-01,-1.079724590796337508e-01,-1.759433116119112628e-01,2.046929762001948871e-01,-6.012200495563807534e-02,-3.246239843632248157e-01,-4.435575602939101914e-01,-9.453469456435140139e-02,-2.497274591899350804e-01,-8.584135472873143102e-02,-3.488733403157058266e-01,8.336367781261348059e-03,-2.470283790109033262e-01,4.154381001675006013e-02,-7.526321925113226355e-03,-3.803729167646126980e-02,-5.300615579923598775e-01,1.394413961659833612e-01,-1.670634932791852933e-01,6.709968541088123795e-02,-4.392829065207105033e-01,4.604909226585013338e-02,-2.906178531486761085e-01,9.683168030138809834e-02,-1.446349830404516090e-01,-7.841794184472433704e-02,-1.287995036219556355e-01,-2.509684911202865742e-01,-1.038053141923010736e-01,-1.046733865851652429e-01,5.797335605119357388e-02,-4.328906431507915098e-01,-3.691468850188900919e-01,-2.634967158641732810e-01,-9.706227559015330464e-02,-4.407132141405008252e-02,-2.840879259860621397e-01,1.151194912708139173e-01,-1.837869788636699656e-02,2.102488480050266617e-01,7.519580177872176030e-02,-2.212662083551220349e-01,5.625939910975836372e-02,-6.338102606805900985e-02,-2.177999939863342616e-01,-2.884529884870783434e-01,2.308438795446178526e-01,9.063014625239760452e-03,-2.716625338138077272e-01
-4.488231969320990999e-02,1.516918762949690802e-01,-2.260281937585159329e-01,-2.524315557881197658e-01,6.349639748890907320e-01,1.385764943422174988e-01,-9.211423530201685861e-02,-1.812197337415154264e-01,0.000000000000000000e+00,4.211177198819495704e-01,-1.294647229534008626e-01,-9.950109906847495744e-02,-5.857249306006544198e-02,-1.577946071046753274e-01,7.814828864782843443e-01,1.539393127020866614e-01,4.868221273878742955e-02,7.551893031447290405e-02,1.201612059216695810e-01,1.196419695279508089e-01,3.583464822623898538e-01,1.585065503042776269e-01,-2.071581365007367503e-01,-2.485629466428566636e-01,1.589937999830801918e-01,2.199044161646204476e-01,4.237774758456720470e-01,2.448133328134186881e-01,8.584818896188352311e-02,-7.917746418636799344e-02,-1.061345426772140471e-01,-1.411484295779788234e-01,5.206467960740919498e-02,1.531351164524924133e-02,-1.348889449091245363e-01,-1.031471242740917005e-01,1.003626060296157058e-01,-8.097007888250937202e-02,4.415002731571025102e-02,3.426330643504834489e-03,-1.516297116019393321e-01,-1.859116506903399080e-01,-1.432991468720798689e-01,-1.102931099141815918e-01,-2.490942143081493199e-01,-1.393734135835192067e-01,2.964451065322655163e-02,-1.832594385374868018e-02,-2.425493022344692440e-01,-1.539614040177295778e-02,-2.039238035495098689e-01,-9.766092251881461350e-02,-4.450977891239288331e-02,-2.118484841751845371e-01,2.070501103505410778e-01,-1.521431029455582451e-01,-2.959115712416003977e-02,1.657576294127205141e-01,6.752558007141476470e-02,1.214967190301942807e-01,8.578468722525785239e-02,-6.494674412801522412e-02,6.119118391392613932e-02,1.689310926034224836e-01,-1.549521803457644120e-01,-1.180909533091029640e-01,-8.143707014631688945e-02,-3.906360754022813325e-02,3.383822094621281862e-02,1.628021654032092980e-01,4.594035529324860812e-01,7.302775333480611419e-02,7.145846626881723063e-02,1.860936271575771572e-01,2.913836487511107798e-01,1.604215707662816348e-01,1.139185830986944731e-01,1.806977436765849210e-01,4.741906872816331608e-02,5.143444770271449196e-02,9.497006764600404716e-02,-2.851222007598672864e-02,-5.086333144352822577e-02,2.572172569957908439e-01,1.163489617924145375e-02,-1.633974745448305843e-01,3.547402696610683082e-01,2.669352179510885437e-01,1.692248885053769247e-01,-2.221325293599373529e-01,-1.993823601440213034e-01,-2.289480590511622782e-01,-1.626208639767826314e-01,-1.990235166666244893e-01,2.620088882437958677e-01,3.225950975649067437e-02,4.026922418804079751e-02,-1.571871956044732788e-01,2.121266130617858459e-01,-2.849889549296119248e-02,1.363370664819083811e-01,-8.967919693761010336e-02,1.031231390870682718e-01,1.205426877407607955e-01,1.109547794623952643e-01,1.196707447291541215e-01,-9.979299070270426786e-02,-1.901815579315243032e-01,2.655889718696916590e-01,1.813926845346986727e-01,9.846570221864553440e-03,4.113328079329908044e-02,-1.871022294505748917e-01,-1.470243076152128459e-01,1.581820586806017281e-01,5.818456930869276428e-02
-1.806096720423338298e-01,1.145310203342805033e-01,-1.052848381183244392e-01,-1.218039557350492769e-01,2.704065454551244918e-01,5.989149562666952198e-01,6.216117793629723220e-02,8.818992063113960389e-02,4.211177198819495704e-01,0.000000000000000000e+00,-1.700593835318822966e-01,8.023544978150352891e-02,-1.660106552679149750e-01,-2.287381727263921444e-02,3.813756534744095483e-01,2.462195756007866110e-01,4.141571218849121605e-02,2.616715890619607521e-01,-2.020288549040090420e-01,-2.111013632032021081e-01,2.510246261215050012e-01,1.910298749071710767e-01,-5.416868646183731987e-04,1.701897505763277918e-02,3.259880367837127840e-02,3.051792119883810495e-01,1.972701919945258620e-01,4.596019919401647669e-01,1.381079024620730233e-01,3.951708943507779848e-02,-3.392997363565990188e-02,-3.694008409866297860e-02,-1.124695629476344244e-01,-9.576913844695178479e-02,-2.477218907808163492e-02,7.683840845088091287e-02,-1.645253905198200972e-01,2.668464103268922485e-02,3.714051291172260072e-02,-1.716883465667687625e-01,-4.225956902675772481e-02,-8.005491182649544790e-02,-3.592772217001525825e-01,-3.919206951208422662e-01,-3.098049614226728865e-01,-4.139584420831455835e-01,-7.637605802864931570e-02,-3.239644127677319962e-03,-5.144037593011233644e-01,-2.749954545253324167e-01,-2.256223884955136927e-01,-1.315263815348034493e-01,3.055622900161169414e-02,-1.821603212627694313e-01,-1.654011422529678629e-02,-1.341033933413139922e-01,-1.019607174289281770e-01,1.215752687868424525e-01,-4.671784556644251879e-02,1.427276761125529092e-01,1.122264920405490474e-01,2.358881875396966199e-01,-6.172364886694142044e-02,2.114705591364980097e-01,3.777815906418543340e-02,8.316762348466653909e-02,3.333809656700237323e-02,1.363344468891041494e-01,-1.733261667945514006e-01,3.571582186585872676e-02,1.683504194965189382e-01,4.304704943403770412e-01,-1.699885728849176159e-01,-2.379934363234398331e-01,1.741626437797489102e-01,-4.272882990084340277e-02,-8.431588640269712526e-03,2.234253332632111788e-01,4.184883880025720010e-02,3.798931018615686606e-02,-1.387832062179188419e-01,9.623029823642378217e-03,-8.374938047590431769e-03,3.258348176907559512e-01,-7.985757146726338296e-02,-2.593959519625128191e-02,2.115830736794261924e-01,3.721235136918301656e-01,5.912443351089292226e-02,1.268672073057367511e-01,-2.128270596602234443e-01,-4.282871132802905101e-01,-1.216513987527172019e-01,-2.635876577479593363e-01,1.856645323265910252e-01,-1.201094890898778411e-01,2.529254553169505218e-02,-1.212431353036056147e-01,3.825618345441111900e-02,-3.068573714066141211e-01,1.382118712588042420e-01,-2.339926931637260621e-01,1.499229632244911403e-01,1.773047730879565576e-01,1.619717563566913376e-01,3.734154369612250335e-01,-1.748481857129587091e-01,-2.862193358023083500e-01,1.252878162811625617e-01,1.381062333722560820e-01,-1.540398678501230523e-01,-1.098825117400107770e-01,-3.575570152885249597e-01,-1.032633186895434291e-01,2.074644694876480178e-01,-1.365020532800527986e-01
3.123070764218545126e-01,1.027053212956332839e-01,-1.285872669486269049e-01,-1.115751182961579185e-01,-1.967797634219279057e-01,-1.845765095442023773e-01,3.802760496547272911e-02,-7.687971594467877742e-03,-1.294647229534008626e-01,-1.700593835318822966e-01,0.000000000000000000e+00,5.576809330695119415e-01,4.980709107258375901e-01,3.705962785420431893e-01,-3.438875780063668786e-01,-1.438263568686836691e-01,2.669659389821313900e-01,4.968396763140866396e-02,2.038063507350328374e-01,1.738258854592178160e-01,-9.395468403899016885e-02,-1.533410291839045203e-01,-2.222285337105309178e-01,-1.347325719522794452e-01,-3.538580006083861251e-01,-2.892874064728321315e-01,-2.664438919842490594e-01,-5.152752097428656836e-02,2.908743485963639075e-01,-2.450533907997710370e-01,-2.512467610964879694e-01,-1.486416847914218131e-01,2.202534301321939364e-02,-3.593061807974328170e-01,-4.099999970289493478e-01,-2.371370265121360010e-01,3.603857744078778867e-03,-3.974108238101770052e-02,-1.194815717680096888e-02,6.323700384903968574e-02,1.208538560681031160e-01,-1.144666069321938900e-01,-9.795252500169680798e-02,5.259167501819712875e-02,-1.879799372167053062e-01,-1.803277356142360122e-01,-2.270841724511186710e-01,-3.321497672199256318e-02,-1.202992525048271651e-02,1.397370800802261726e-01,2.033333407956254557e-01,2.905810425818863285e-01,-2.862670221582170882e-01,1.306400469654474816e-01,-2.988694997645115897e-03,5.313163970520971835e-02,3.072878573959589299e-01,5.911208123760326033e-02,2.438197604746685232e-01,1.186074985510084806e-01,4.887840610744326741e-01,8.327999133874409987e-02,4.459298972675580508e-01,2.192443758147070154e-01,-2.852486912898403726e-01,-2.631025256367253706e-01,-3.509173554312287613e-01,-3.694851205141372885e-01,4.526192170963867084e-02,-7.770777056987608622e-02,-2.005194521408920072e-01,-2.147138534275325750e-01,1.882043028564876208e-01,9.729453176615524002e-02,-2.541123359364466094e-01,-7.997559617966850873e-03,2.862240840789080643e-02,-6.722824253129356525e-03,-1.030594488536793196e-01,4.732679510747855173e-02,1.074856707493530433e-01,-9.377301007598397298e-02,-3.121690900651665768e-01,-8.258090053506676742e-02,-2.591502084741557077e-01,1.960580795800618836e-01,-5.047799038283636852e-01,-1.955981519245033988e-03,-1.789284051440884482e-01,2.826898692043514627e-01,-1.973243021316810064e-01,-1.203984170328527420e-01,-1.981652841294857803e-01,-1.029234267211407705e-01,-8.087773406315297564e-02,-8.351802464095663125e-02,-1.840880210057824762e-01,-5.028541933580519402e-02,-1.775351760263260692e-01,-2.390562804903554814e-02,-1.233345573258376737e-01,-1.219241493559173189e-01,-1.905810267280073911e-01,-1.126097424246869372e-01,-2.300975856661281183e-01,-1.521385664688136574e-01,6.475144635355883915e-02,-7.614624129240972483e-03,-1.150926792944704791e-01,-1.698076879521127625e-01,-1.529911618033843144e-02,-5.721519049364236914e-02,-4.137786332173931658e-02,-1.875668015105979025e-01,-2.348901620769850151e-01,-1.015614055565046137e-01
1.181495226755277170e-02,5.129107026872970626e-02,-2.252347405550451931e-01,7.642173052278788958e-02,-1.448814747411245329e-01,-1.306233620070789900e-02,-1.613185367282372051e-01,3.305645860247112822e-01,-9.950109906847495744e-02,8.023544978150352891e-02,5.576809330695119415e-01,0.000000000000000000e+00,1.877609377157133386e-01,5.627990493548036266e-01,-1.867251940972898261e-01,-6.548053242407018970e-02,4.247588419172875218e-01,2.221711980697659850e-01,-1.375858357626693063e-01,1.743930006093596941e-01,-7.873551511521745261e-02,-1.389152854375186319e-01,-7.255510130035315586e-02,3.141696510210485044e-02,-1.627580529356433547e-01,-1.504497217624500283e-01,-1.652031370093240414e-01,1.673547971231312270e-01,3.490726113178592716e-01,-5.081817161682386508e-02,-1.331378628987067974e-03,1.081384070591680790e-01,1.151946289640130849e-01,-5.598575554693229622e-02,-2.731861881994758767e-01,-2.356657903837812429e-01,-3.920457992256402846e-02,2.219651622935934002e-02,-7.860697273680138097e-02,-8.064473454553926224e-02,5.633156881693944518e-02,-2.138708313127236915e-01,-2.111960545826519209e-01,-1.589645969822577332e-01,-1.901205373700053658e-01,-2.384588559465674051e-01,-2.327699917969635324e-01,-9.195677603360612185e-02,-1.594437602134925469e-01,4.658941419222936697e-02,-4.846055939757662467e-02,6.078527208224292211e-02,-2.709747793907894553e-01,8.513003738430174536e-03,7.324859599311158830e-04,-6.727232336788338540e-02,1.794311827787717917e-01,1.362118338202776731e-02,-5.574716568045217160e-04,3.135048370484398439e-01,1.928588636492050146e-01,3.780129847481972227e-01,3.596240929297444544e-01,2.919847877886960763e-01,-3.249630201485030900e-01,-1.435432733861689292e-01,-2.952536961201526755e-01,-1.815445669302529763e-01,1.653630365489990317e-01,4.825938346850326991e-04,-1.172210600596670926e-01,1.911632104362611176e-02,1.234220438303109020e-02,-9.529738513732062544e-02,-1.297231084479780194e-01,-3.820072078798147919e-02,-1.044618083077274336e-02,1.223487310066864731e-01,1.261603503981924834e-01,7.129793767136295701e-02,2.929035288792442571e-01,5.034196032371605206e-02,-2.579972321134988977e-01,-3.142190604769492385e-02,-1.964411792389085254e-01,1.006939240854876905e-01,-3.750018176501854206e-01,-6.980054805164410958e-02,-3.052777523280519878e-01,8.876584857771489812e-02,-8.876703764347533554e-02,-1.850237676001640352e-01,-7.323093466479509150e-02,-2.026834841599444437e-01,6.211358962813512234e-03,-1.295058971105216838e-01,-2.972053161406035815e-01,-2.967753854195435137e-01,-1.794405290665403996e-01,-1.534316933317826370e-01,-2.982928334312538038e-02,-2.273723848072955189e-01,-5.281985224339485335e-02,-1.275316606558234422e-01,-1.939512038067334465e-01,-8.609478045930960000e-02,8.354540241288520297e-02,-6.186351880599724740e-02,1.446691295654765376e-02,-1.552033960196304851e-01,-9.878769382484570150e-02,-2.458379856800189112e-01,-1.941542403933428640e-01,-3.019810598759143372e-01,-7.542646749702316966e-02,9.856452761315753763e-02
-2.380473440633710212e-03,-5.418169205856036008e-01,3.601954856103986025e-01,-1.611364642082089293e-01,5.017421177119766457e-02,-1.021071242455712513e-01,5.780169063672552232e-01,1.651083955165509320e-01,-5.857249306006544198e-02,-1.660106552679149750e-01,4.980709107258375901e-01,1.877609377157133386e-01,0.000000000000000000e+00,6.048472926096933877e-01,-1.510650604150163244e-02,1.170137543002502528e-01,-2.104226364628145329e-01,-4.958240425440886834e-01,3.725642074574141427e-01,-3.893699456465528064e-01,-2.148344976256397892e-02,-1.979424948519441230e-01,3.328170767840356592e-01,1.605904048617823598e-01,-1.016701047685002329e-01,-1.347435691905691235e-01,-2.396052872556002078e-01,-1.960748593449259114e-01,-1.620339241697604515e-01,-4.185897506541247370e-02,9.145301336956833393e-02,1.415055570673206531e-01,-2.044473278734299515e-01,-2.923884849372833106e-01,4.643794415699684097e-02,-1.013261957238214134e-01,5.836292357880939335e-02,7.247943416622881774e-02,1.742576584417438075e-03,2.850985051099198531e-01,-1.878294059438501487e-02,9.657871693446984374e-02,3.594470556227776781e-01,4.402047436759145005e-01,4.569688531193870640e-01,3.777482632440589128e-01,2.354517126619344591e-01,1.705212615968688394e-01,3.709169558933610444e-01,3.263887906772734437e-01,1.324762426399956061e-01,1.515672112192470444e-01,-3.609582981469001972e-02,2.579276989049359425e-01,-7.079927159410498438e-02,2.867293542423787409e-02,-3.571644862005874388e-01,-5.381060150603820258e-01,-2.790519450406075408e-01,-2.923827057690751019e-01,1.051775052952713119e-01,1.947637502703540302e-01,-2.199878040639692833e-01,-4.444453933415188907e-01,2.474271010348376432e-01,1.004990863553304054e-01,-2.779945932253063412e-01,-2.495978221652029316e-01,-3.904913229011690023e-01,-4.176794792498515485e-01,-1.972898645212658453e-01,-1.082437515429666292e-01,-2.020325983358323696e-01,-1.458434716926841346e-01,-3.387276961629914207e-01,-2.756917957125936125e-01,-1.496187516268071560e-01,-3.437039969750249613e-01,-7.359295318705928735e-02,3.275570253140321353e-01,2.391211914842564512e-01,2.045715364443812800e-01,-1.685175811246227007e-01,-2.566729243268913579e-02,2.862719022934231416e-01,2.431826174723854816e-01,-4.393059098613497082e-01,1.718691226143009287e-01,-1.718333538860951082e-01,-1.083866468641314362e-01,1.955666830202103801e-01,1.898830679282090816e-01,2.264844839805541798e-01,3.635648033276114854e-01,4.843688570020299698e-03,7.146996873238727066e-02,8.160189338703644976e-03,-2.574108478471219888e-02,-2.966144208554631345e-01,4.403890203421932659e-03,-4.592790218594235419e-01,3.143234087374064400e-01,-2.601122437846076219e-01,6.411447099774503222e-02,-6.083974109501027322e-02,5.600901862854461982e-02,2.753447627679908583e-01,1.384759784015935635e-01,-2.457117183039796149e-02,-2.026998649000933961e-01,-2.516361537151586281e-01,-2.340829803608271420e-01,2.507638160940467986e-01,1.697571624637501109e-01,-1.615305421784121731e-01,6.189059469731648944e-02
