0.000000000000000000e+00,3.167088092595676807e-01,3.869263072325800079e-02,-1.502109938316827931e-01,3.431828533404964604e-02,4.943962480621546130e-04,3.534328864743626619e-01,-8.973307327933797983e-02,-9.989389230213297638e-03,-3.502643097664136229e-02,6.134925555984658274e-01,9.850582459007226066e-02,4.617682441838119600e-01,8.521211135834487471e-02,3.398587922671429673e-02,-1.566974349976092418e-01,1.198473509985545221e-01,-1.172729921065118613e-01,3.120620001509677999e-01,6.247744847709658933e-02,-1.403727448228410113e-01,-1.496113133573687415e-01,-2.724623106788265359e-01,-5.458226333202500502e-01,-3.412958371223933085e-01,-3.148886000499669935e-01,1.234497586126592633e-01,1.895058862859393400e-01,6.577437989762746628e-02,-2.405385014303055569e-01,-2.928541473851259402e-01,-3.915317242320854318e-01,-2.002576560026424757e-01,-2.760493364603008870e-01,-4.406937338866606657e-01,-3.878218567298900021e-01,-3.460342931626189666e-01,-1.343731605012245534e-01,-3.087092034400032992e-01,-6.795583041608296848e-02,9.062062551812162525e-02,-2.054965842698721068e-01,2.789008574661793749e-01,3.544672090116262053e-01,-9.434910068338095424e-02,1.802427055941994982e-01,1.246243415712718489e-01,5.416085144900049247e-02,2.223764495202236735e-01,2.277890066864551588e-01,2.613509231093020246e-01,3.357710560292673785e-01,-1.175749692027692889e-01,6.081044150385197383e-02,-3.791244662874099780e-01,-8.284868750232567136e-02,5.627937557307508554e-01,3.095313294924713077e-01,5.431517111325615543e-01,2.876598393851100832e-01,5.684274204163494160e-01,5.913894156237927378e-03,4.185298387392836217e-01,1.026872594698338970e-01,-3.453854747841193507e-01,-5.596713465128739795e-01,-3.203074090550746544e-01,-3.481512570525339689e-01,8.967065107903336718e-02,-5.325500806968048312e-02,2.142272501392157580e-01,1.305223512967912392e-01,3.338863250093925816e-01,2.832112081882257604e-01,2.229070446169186259e-01,2.167749356350568563e-02,2.037295858504614143e-01,2.349535363101729613e-01,-2.645064270381041194e-01,-2.105039770591565496e-01,-1.932352330497006943e-01,-3.798918582086504570e-01,-2.694939875928439310e-01,-4.079432855209060294e-01,4.191530393109917096e-02,-3.511711539961324124e-01,-1.681428399865241563e-01,-1.207556281691539307e-01,-1.014083109774664287e-01,1.163961621243109201e-01,-4.509676702736875042e-01,4.426215193484470123e-02,-2.167747141389775867e-01,-1.144426810666182986e-01,-2.503952237422921168e-01,-4.203023460906858966e-01,-2.692544131040171540e-01,-1.463855738656678618e-01,2.696655113981294982e-01,3.738227401067512612e-01,-4.554313248914480805e-02,2.174041451718517481e-01,-2.292109407156167067e-01,-4.757356780956874254e-02,-2.769580624660327728e-01,-4.554933860124570077e-02,-1.501496856639458477e-01,-1.218541393146253642e-02,-2.512188497995672121e-01,-2.327840088962006004e-01,-2.394120970919559888e-01,3.433656738693913191e-02,2.448436723539620941e-01,4.412046812946456703e-02,-3.004185497014362771e-01,-2.742489614297342060e-01
3.167088092595676807e-01,0.000000000000000000e+00,-7.262672370912741371e-02,1.166341031449961707e-01,1.153636814766790114e-01,1.329498855979344696e-01,-1.071563085975569124e-01,4.515746368925588339e-01,-1.164742038612504721e-01,1.772465348924654460e-01,1.814563843360167683e-01,5.841502482935773122e-01,-7.638652093390216336e-02,4.990560983946927265e-01,3.905990270164766409e-02,2.455765424892154547e-01,1.887937192738219083e-01,4.890626400355743697e-01,2.406469210398903824e-01,5.955361753046293227e-01,-5.286242624041062599e-02,1.129532887547748249e-01,-2.406377833271909628e-01,-8.542028686925300096e-02,-1.747990123215509839e-01,-1.203182061440957393e-02,9.204042258520420128e-02,6.524620666659237955e-02,9.853183548627708621e-02,3.032396561627391796e-01,2.264477077641136732e-02,1.486207495753214536e-01,1.222744359687635285e-01,2.766007878687535282e-01,-5.034888829782007136e-01,-2.764856653589057855e-01,-2.571444880008798561e-01,-6.183708169059996124e-02,-6.957174528961326820e-02,-2.410372072950102071e-02,9.096157081332033323e-02,2.341187494920212719e-01,-2.319754623017758477e-01,-2.559883649799908970e-02,-2.514219811777619329e-01,5.416133238833932551e-02,-1.767859536088723094e-01,-2.090280933018120180e-01,-2.558369844261022472e-02,5.053457175835278370e-02,-2.333639542583459126e-01,6.342968574863133051e-04,-1.579344430158863277e-01,-2.852176072363533099e-01,-1.151751711773484760e-01,7.400982016731141497e-05,3.621084901399048150e-01,7.049877071770865866e-01,9.530758984395951150e-02,1.525030628253632448e-01,-9.351411220370933752e-02,2.257299270870079810e-01,8.183247132732111850e-02,4.558077580161544184e-01,-5.807087137902596785e-01,-1.463158270530708349e-01,-2.509779639974084597e-01,-1.473363818773739675e-01,3.173786879733291877e-01,2.061078186570185489e-01,2.635172395804755707e-01,3.101171269525106466e-01,1.819414217145824131e-01,4.638610912788480589e-01,4.415997253214228868e-01,2.455692045698144310e-01,6.179055929153926680e-02,4.601213301906636327e-02,-8.145994521610035177e-02,-7.713185644518573414e-02,-1.453388455079764885e-01,-1.138090375701775181e-01,-1.293258870812979099e-02,-2.975400478000989751e-02,-2.077749572814621970e-01,-1.918909291375108517e-01,1.415496543156969933e-01,9.812541872310107105e-02,-1.831965095873160920e-01,-1.366957395331538372e-01,-1.463164941630344107e-01,-3.280548486623862670e-01,-1.248366767849338477e-01,-1.192000486023879480e-01,-9.910349588837094603e-02,-1.913780649600977934e-01,-2.075923786855765618e-01,-9.634401334831556307e-02,3.102725475212282369e-01,6.003807788437627579e-03,3.603014196632216559e-01,2.658051475784548590e-01,1.099049469955963587e-01,1.299671373249687845e-01,-2.016836046118767323e-01,-1.396767078154727559e-01,-1.128254962254587879e-01,-9.684915457806393679e-02,-1.751534888548810787e-01,-1.643222300401913083e-01,-2.786061771794166031e-01,-7.378795888067488096e-02,-3.212293437885946346e-02,-1.031560717163589602e-01,-4.064470646023313760e-01,-1.205949057122600032e-01
3.869263072325800079e-02,-7.262672370912741371e-02,0.000000000000000000e+00,6.060720437436029062e-01,1.586980775584575717e-02,-2.421475707253729209e-02,7.176967935201585824e-01,1.049823534087937910e-01,2.461518283556499431e-01,-9.217667994526171360e-02,1.218839591405855849e-01,1.991300357798463441e-02,3.141379494004432060e-01,9.204588487804278574e-02,2.439792157132693040e-01,3.029533495017989742e-01,-1.107061000660306133e-01,1.352127798942759085e-01,4.236569767788891938e-01,9.225392991581223001e-02,3.578525579521981987e-03,1.520021779390392513e-01,6.784621779636236250e-01,5.161920472541399185e-01,3.911585317435739562e-01,2.471312741966480708e-01,3.457160063099702640e-02,3.141446717625934748e-01,1.122681609801726293e-01,2.545256049603859816e-02,5.619059445824694521e-01,4.231930709538757052e-01,4.263152559743132453e-01,1.911309364444260528e-01,2.540251557055815956e-01,1.713113793314304523e-01,-1.759236995735692088e-01,1.212847606574405379e-01,9.206907636092211134e-02,6.052953174114292928e-02,6.937334984039375541e-02,-3.121267374924701146e-02,-5.597431547781981376e-01,-5.792493203123209033e-01,-3.805018660815191467e-01,-4.805094310124540802e-01,-5.876438334631218785e-01,-6.183943405661442849e-01,-4.365251550765457678e-01,-3.957900445624697450e-01,-3.436981543342964573e-01,-3.190848974351782608e-01,-2.358352392183829804e-01,-2.191230658903378370e-01,-2.809324867089391664e-01,-2.590998203780483511e-01,1.253239320872599760e-01,1.861088641096450280e-01,-3.131392832058653708e-01,-2.694742323061348754e-01,-6.840711600145006795e-03,-9.761154462720732228e-02,-8.730143424755003323e-02,-1.546424959866435356e-01,3.546223439092456298e-01,2.222446844208070538e-01,3.190056340204093788e-01,1.545208892154571745e-01,3.606152493846573326e-01,4.349752318083545122e-01,1.828837285218077591e-01,1.747864245777855652e-01,1.375261499265024480e-02,-9.584922261750170036e-02,-2.527506497637761473e-01,1.815405533488103629e-01,-5.997706673109063497e-02,1.745897163086136683e-01,2.233213459812235721e-02,2.482998324162542514e-01,-1.770921146218343845e-01,2.931746911265609157e-01,9.968363995577969594e-02,2.282533711282828115e-01,-1.431336702344418454e-01,1.106975545379142722e-01,1.157493863256242456e-01,5.175205772534587911e-01,-1.239360964558588601e-01,-3.949023323400429469e-02,-4.131093505393337306e-01,-2.520864259622851780e-02,8.554078168793170789e-02,-1.301595610090295063e-01,1.353693328320959011e-01,-4.754807401470873690e-02,-2.567994482942030365e-01,1.154755935601704669e-01,-4.717474736072430064e-01,-2.590224980134630539e-01,-4.020056954986375719e-01,2.962939653922799788e-01,-1.189494583593983801e-01,2.410482970530622993e-01,-1.193647015060081279e-01,2.466643051947255139e-01,1.985085039794584009e-03,-3.471070644681772260e-02,-3.783033920493812652e-02,-1.167436422201602875e-01,-2.301886762589805124e-01,-5.179627202516593476e-01,-6.497597141064780368e-01,-4.238870078939223074e-01,-3.207083586998762947e-01,4.806804209831212760e-02
-1.502109938316827931e-01,1.166341031449961707e-01,6.060720437436029062e-01,0.000000000000000000e+00,-1.418692966145991829e-01,3.395495260031420465e-02,3.187522955136187219e-01,6.177937357575745692e-01,-2.771920250838360092e-02,-4.982219767772320257e-02,-3.226167030739404695e-01,2.516316801883349275e-01,-2.265763418277656205e-01,2.152641998392305078e-01,-1.233606361863154449e-01,2.441637403982183929e-01,-3.021279645792579113e-02,2.204490682383568045e-01,1.667650717944551830e-01,4.516095619668309968e-01,-1.898998462954274991e-01,-1.924346938353747307e-03,3.398756575658191670e-01,6.510149625051192546e-01,6.367914789330490766e-02,1.425907267106809595e-01,-8.967443673568382956e-02,1.610715337263524949e-01,2.392863432109630928e-01,9.724119564731148468e-02,4.769298168494211509e-01,5.230561668909367024e-01,5.969931510771389060e-01,6.297217533171317605e-01,2.172674976979687977e-01,3.919663297351553277e-01,-3.466003229777187000e-01,8.550936169067542558e-02,-4.011227628408571555e-02,3.619745336518451206e-02,8.468409186231675573e-03,6.961841181227781949e-02,-5.177994944231889551e-01,-5.579636682460744623e-01,-3.443683828529934821e-01,-2.767505988170283482e-01,-4.440063424422013849e-01,-5.121673904326602411e-01,-5.105999253729945897e-01,-4.949075705044976847e-01,-3.619883509696205093e-01,-2.685691025595565717e-01,-1.519488418782218297e-01,-1.224420951876942776e-01,-1.890220769123236999e-01,-1.689657869300390317e-02,5.975217089855129615e-02,2.799805172062269643e-01,-2.935477947546497046e-01,-9.401751363494952052e-02,-1.302140926053111381e-01,3.430806684715219657e-01,-5.891359774950805095e-02,3.011614364624067841e-01,-3.198192938959921322e-02,5.108816927434217670e-01,4.459207919728093161e-01,4.218233204486667165e-01,4.028319786356786003e-01,4.314458121689123127e-01,-6.400888072700824938e-02,-1.198351968674953548e-02,-1.098746064431576630e-01,-3.802790651807342465e-02,-2.271389748401324848e-01,2.157086696860651132e-01,-6.372262903471920259e-02,2.326175003508442751e-01,-1.599600310472375914e-02,2.067094154628578151e-01,-2.592739332046665734e-01,5.127057121727796041e-01,-3.889163519271116032e-02,2.671312503117497239e-01,-5.335763022381021514e-01,5.387106373554702010e-01,-2.065182180770695763e-01,3.909685613312607333e-01,-4.519595867126082744e-01,2.842247451609646314e-01,-9.156695846989043597e-02,-3.219379901161679713e-01,4.853675807951297050e-01,-3.901948773721824471e-01,-3.627033730865405342e-02,-7.228333557924092323e-03,-2.529072725048909231e-01,3.332037341301760658e-01,-1.870834685184186164e-01,-3.359557074937462029e-01,-2.561392389824841687e-02,2.728544807081466628e-01,-1.817243570926604934e-01,1.086450315990201004e-01,-3.092004006511290815e-01,1.191832114797905101e-01,-1.510945150148728378e-01,-8.697655884039912771e-03,-1.773937819025818777e-02,-1.832522358315407385e-01,-5.678278950452801677e-03,-2.669231883070648514e-01,-5.613039956566863165e-01,-4.959953272478199171e-01,-2.729454950652485112e-01,8.250246429134423798e-02
3.431828533404964604e-02,1.153636814766790114e-01,1.586980775584575717e-02,-1.418692966145991829e-01,0.000000000000000000e+00,8.120486951007228615e-01,-3.929329762320907249e-02,1.142044400820037414e-01,7.854144616445828397e-01,7.172869814035757186e-01,-1.430346120013528399e-01,2.218940824998464068e-01,-1.997758701744930046e-02,2.721414659012427739e-01,6.632991993698346134e-01,5.862529884986605877e-01,-2.887197673855280700e-01,-2.524471446976330746e-01,-3.396230529426196298e-01,-1.331042279673737838e-01,4.119932072505788634e-01,5.409873717593662867e-01,-3.352771389104977628e-01,-1.029183668708710947e-01,5.595910046019125783e-01,7.181696995815469720e-01,7.267580555188504210e-01,5.403874790328417888e-01,-6.953641643745275824e-02,-3.726803927552097689e-02,1.288647652868040450e-01,1.586159436305868142e-01,-2.448313249466585115e-02,8.797340886347060698e-03,-1.498348988359688161e-01,-1.167862215367692497e-01,-1.337551953633073741e-02,1.449191483036849359e-01,3.062183460897567877e-01,3.434232615869597938e-01,4.326477493124171736e-01,1.472456747391669707e-01,-1.868015577785010761e-02,-1.985789109854790152e-03,7.752915190202508411e-02,4.194481517670214238e-02,-2.839387357505187073e-02,-7.317008092815001363e-02,1.425846801495105343e-01,3.009046657349907505e-01,-9.378770810656177417e-03,3.342612475833505598e-02,-2.805900725317516109e-01,-3.883321956004425757e-01,-3.426227463546472479e-02,-1.903205315777406871e-03,-4.856458605641007092e-02,-2.588560129596953821e-02,1.117814826911600057e-01,2.180294161138304210e-01,-9.176350697360108333e-02,1.311219724702372968e-01,6.570529408845668384e-02,9.597541718442900716e-02,-2.853015801336668544e-01,-2.421385576812879262e-02,-1.003175194469058257e-01,1.653580971786402024e-02,-1.470937604829109790e-01,1.749426120271685980e-01,6.105538693751106916e-01,4.813314467329716795e-01,9.165224954032825944e-02,-4.316478742737530488e-02,3.396259847195917114e-01,2.733401858609234014e-01,9.305407481042034246e-02,1.389420945652502237e-01,-2.534351674942557642e-01,-2.258594338155228420e-01,8.095832291235108280e-02,-6.345431362656009378e-02,1.396036599148537671e-01,1.625581050168326269e-01,-1.595005362098394774e-01,-1.789484547402093173e-01,4.225853745351810797e-01,4.096760820856819030e-01,2.715512544533028524e-02,5.347153049073633500e-03,-9.837943574964000057e-03,-2.058041861717835874e-01,-2.152577321239602659e-01,-2.489402786558392311e-02,2.392341014004641109e-01,1.427086500764477295e-01,-2.193196453278660127e-02,-1.351166615777238122e-01,1.519674170019813808e-01,-5.216647535504426170e-02,5.937959170902032402e-02,5.519396395634496716e-02,3.208479427344573809e-02,1.814717719750164049e-01,-9.441222214111920363e-02,3.054121767511236984e-01,-1.688346576417894540e-01,-2.364253864602987310e-01,2.751918389658616904e-01,2.404702672068533553e-01,-1.813562848869575139e-01,-1.131184126981862187e-01,6.345008519449813313e-04,6.413779307320877088e-02,-1.139582257374850555e-01,-8.472903788258671909e-02
4.943962480621546130e-04,1.329498855979344696e-01,-2.421475707253729209e-02,3.395495260031420465e-02,8.120486951007228615e-01,0.000000000000000000e+00,-4.215640057371256022e-02,3.409347135680212970e-01,7.095912197283996692e-01,8.941917488440549455e-01,-2.423961793345960902e-01,2.524733424868825793e-01,-5.553294089715531123e-02,3.310933740992903496e-01,5.947095471974268577e-01,5.798738332625323899e-01,-2.220171946711713973e-01,-1.446986003999422843e-01,-3.282676965789582679e-01,-1.298349413840445832e-01,3.771853027432996441e-01,4.712062974498336665e-01,-3.214342702504829896e-01,1.010422389227698652e-03,4.915331521202916942e-01,7.518537554506236065e-01,7.425742177587376647e-01,5.886029638845635681e-01,8.613169745478202466e-02,2.518314261397349568e-02,1.598189063589040559e-01,1.659224252881704997e-01,2.621485908440226997e-02,1.141458752655220010e-01,-2.162486879646829119e-01,-3.265305627906774089e-02,-1.073439315492338980e-01,2.482686311600954820e-01,1.606545901016555034e-01,2.695849828089612599e-01,3.921049150996642751e-01,1.063907464338735842e-01,-3.743413837149369566e-02,-1.007207420730670162e-02,1.764944667499365738e-02,-2.949297374164560476e-02,-6.464682974234979562e-02,-1.023956515410052448e-01,-3.804283972105058226e-02,9.807575479000905927e-02,-8.338446968128671033e-02,-2.412169399071133549e-02,-2.311132726356324996e-01,-2.984520489429652867e-01,-6.017999850573412662e-02,4.225298750907081902e-02,-3.371910346901823424e-02,1.084855756990296960e-01,7.852378705536969261e-02,1.979476418766021040e-01,1.341528860408758989e-02,2.270093590439294928e-01,7.290723157892281536e-02,1.808411553476272915e-01,-3.381359836669615149e-01,1.976428053496316270e-02,-2.795791588709929665e-02,5.342089819433815806e-02,-1.817126957518294950e-01,1.247980590557633274e-01,5.828224492961630032e-01,5.213650016124554698e-01,-1.880948274861262218e-02,-1.150681644010199678e-01,3.169963518774039368e-01,3.241667889997978946e-01,1.073855005321498329e-01,2.504543156840125517e-01,-2.690676379158633558e-01,-3.014418615073068825e-02,-5.221524156715565829e-02,1.455189710229908839e-01,9.326376575347576636e-02,2.427196059605393474e-01,-2.436563573083742329e-01,5.215512771958355498e-02,3.112571345021868940e-01,4.050538959673126160e-01,-9.224317049142036207e-02,1.943478305396790229e-01,-3.975519491658885407e-02,-2.397362592996279684e-01,2.109187467527153664e-02,-1.476274159123504293e-01,1.076779115934070052e-01,1.063518718133696084e-01,-1.712984292097035344e-01,-1.488380888607501729e-02,1.453188826604997208e-01,-3.330258454509752580e-02,6.573261887282431937e-02,1.919874877788669554e-01,-1.148036702196803815e-01,5.880626258805115442e-02,-2.825612309596364224e-01,1.733227793113212567e-01,-3.231732285631315205e-01,1.257459808110921243e-02,1.561328076817585231e-01,4.079521601664063551e-02,-1.834703032940284140e-01,-1.233171701293536149e-01,-1.052060330749783092e-02,-1.300982726118747046e-01,-2.686508748958452708e-01,-1.577175399061364058e-01
3.534328864743626619e-01,-1.071563085975569124e-01,7.176967935201585824e-01,3.187522955136187219e-01,-3.929329762320907249e-02,-4.215640057371256022e-02,0.000000000000000000e+00,4.663664353980069566e-02,2.660801603856973729e-01,-9.965007243355547550e-02,4.047350484416840644e-01,1.310989000912755054e-01,6.785880182277088668e-01,1.994276599717302867e-01,3.058019126704582535e-01,1.282412579673396502e-01,-2.088332994331108805e-01,-1.459724686603019496e-02,4.383350438119852366e-01,7.218867511831383171e-03,7.813913377639455926e-02,7.290016249577918953e-03,4.368221553379614264e-01,1.429374862266776791e-01,1.269506555372831302e-01,-3.546202035402989949e-02,1.373891535126919028e-01,2.734289154928963850e-01,3.973937490314335963e-02,-7.680443420862281823e-02,2.708262306509406359e-01,9.552554115298456106e-02,2.970498637184903479e-01,6.743466510291702687e-02,1.610515902219873952e-01,3.880467002002186468e-03,-3.158168089253559629e-01,-6.832198762248662023e-03,-1.111863939180698785e-01,-5.994557940637364885e-02,-1.300575620433225832e-01,-4.340794950501181693e-01,-2.906238317803263027e-01,-2.556602751084356417e-01,-2.711684746449569139e-01,-3.041688256699071058e-01,-4.826877798604115588e-01,-4.465075249199995100e-01,-3.342806266271026172e-01,-1.936018964337726800e-01,-2.123093714906883200e-01,-6.059427161470045536e-02,-3.439875542138464137e-01,-1.658984447955441921e-01,-5.538656803892217928e-01,-3.045766354628501316e-01,5.415293495180505123e-02,5.126931735715771488e-02,-8.377347127354951850e-02,-7.148348790108263739e-02,3.706425435174327543e-01,-1.159384769761556688e-02,7.124370199487548017e-02,-8.658840555992632082e-02,3.745743350007368355e-01,1.026849329929264004e-01,3.303146290014236097e-01,8.993927727227331304e-02,2.491327555437100050e-01,3.670353528062473281e-01,2.607824635362133159e-01,1.456751065234661024e-01,1.389097167918254827e-01,-1.212014911321249860e-02,7.144418248833471876e-04,3.261557755886029114e-02,1.178391662981046438e-02,2.529717955974278287e-01,-2.118221264762846223e-01,4.942556036168255923e-02,-3.823330084582132193e-01,-2.317502954763081199e-02,-1.644341557864153480e-01,-6.120613248477269758e-02,6.045602976235742165e-02,-3.773762626327647335e-02,-2.157944616158636447e-02,2.857808628920051053e-01,-1.676636972035776274e-01,-7.013733928252848145e-03,-5.396151223669883867e-01,2.097382355975179191e-01,-7.017467986846567807e-02,-8.746838667787426580e-02,5.569625478421198067e-02,8.774479800361204007e-02,-3.531788386016744830e-01,5.411681057585859475e-03,-3.866734199243768710e-01,8.099584561160086404e-02,-4.275161920133314086e-01,4.642387980647493806e-01,-1.737026489807779461e-01,2.956047360155876769e-01,-3.028855562111422151e-01,2.006426933150675385e-01,5.042175039415825941e-03,1.494642552521147638e-01,2.023469733519388594e-02,-2.211758456648380000e-01,-3.495641746663885607e-01,-4.589908130704997147e-01,-2.449305390307844610e-01,-1.460913955687095367e-01,-3.485426213188760336e-01,-1.017322201787519281e-01
-8.973307327933797983e-02,4.515746368925588339e-01,1.049823534087937910e-01,6.177937357575745692e-01,1.142044400820037414e-01,3.409347135680212970e-01,4.663664353980069566e-02,0.000000000000000000e+00,-4.469736704938447047e-02,3.148512835629155293e-01,-3.635584864599320509e-01,7.353602985995004726e-01,-2.884058648463695418e-01,6.546454713990998986e-01,-2.043656871270142436e-02,3.153680070893745691e-01,-1.127457225103705996e-01,1.274910653922402826e-01,-8.587466920826704320e-02,4.862442388671247562e-01,-1.333533611774195271e-01,9.233078327381674666e-02,-2.325109277065046665e-01,2.633989547179731439e-01,-1.644425733841468340e-01,1.104621938904452871e-01,1.235506178686669593e-01,1.633979156897041318e-01,2.431433264952342077e-01,1.945004668939388226e-01,2.881257281375449453e-01,4.876317952295919911e-01,4.021576167562558313e-01,5.941459323758940814e-01,-1.736403069680238498e-01,1.900596239009746113e-01,-2.964978802226581611e-01,-6.758504755622272986e-02,-1.624908061011798299e-02,3.456599884462067257e-02,-1.011380121392455589e-01,-5.039349102745594410e-03,-3.128531719648731113e-01,-1.877474570451126978e-01,-6.115760499204073858e-02,1.276674406577773258e-01,-2.563935114017064643e-01,-2.739828638221211143e-01,-1.560025234270669692e-01,-1.494835225892089843e-02,-2.563437810639463410e-01,3.757398800176066367e-02,-2.830179740328726545e-01,-3.559169533160758681e-01,-9.827681414848168928e-02,4.325030109978615644e-02,-1.806662909846029896e-01,3.123086819217973931e-01,-2.960338878711766836e-03,3.722879520052171931e-01,-1.374622836654164348e-01,7.717823884947667690e-01,-7.391678282227673313e-02,6.424853089219548785e-01,-4.755124582538258760e-01,4.958621523759647598e-01,3.317976142828797936e-01,4.467806855102677277e-01,1.354117794184927503e-01,2.553320436924976788e-01,1.243401661077160186e-01,1.784829865990539832e-01,-7.389842025116759305e-02,2.366373045636009295e-02,2.199981400359957151e-01,3.329127956994374915e-01,-9.813381619622575658e-02,1.633600894987749796e-01,-3.544434488461128963e-01,-6.769807004064726241e-02,-4.178051224858448376e-01,1.833579996242096222e-01,-8.789475487187378699e-02,5.862403017443244824e-02,-4.865220475321518356e-01,3.255060113554640866e-01,4.087566848208950068e-03,2.074213601867609669e-01,-4.920518733947967238e-01,2.420860771417582269e-01,9.322102861586285816e-02,-5.431648302334880496e-01,1.943346602197612294e-01,-4.573409515644809020e-01,-1.568589006250961648e-02,2.278831671451881508e-02,-2.564216426972645846e-01,1.274172205903594812e-01,1.553005265079351049e-01,-2.184081862509285321e-01,3.212496584211513295e-01,2.207109057106193817e-01,9.592708799127680833e-03,1.849035207231376210e-01,-2.857148637215372600e-01,1.699915975719313577e-01,-8.001331255765366246e-02,1.437383014749041288e-02,8.677944806556734531e-03,-9.927397962786166374e-02,-2.108957508101138301e-01,-1.560218061739602202e-01,-1.536544241102776875e-01,-2.490984805991567075e-01,-3.037923107730160499e-01,4.124152929756589453e-02
-9.989389230213297638e-03,-1.164742038612504721e-01,2.461518283556499431e-01,-2.771920250838360092e-02,7.854144616445828397e-01,7.095912197283996692e-01,2.660801603856973729e-01,-4.469736704938447047e-02,0.000000000000000000e+00,6.414359658334571890e-01,1.367848206514016632e-02,-4.198026993118230549e-02,2.243509126447811308e-01,6.706893514097084230e-02,7.076308150480983272e-01,5.653941145155929604e-01,-2.423247951703307312e-01,-1.676827396364823086e-01,-1.158847706777744180e-01,-1.575787600386342746e-01,4.759179077326269880e-01,4.495954314112672323e-01,-3.287314093782189427e-03,1.481334889111793895e-01,6.615032636742035344e-01,7.459742136332350171e-01,5.758057655890513882e-01,5.250965380556251727e-01,8.178493713493890926e-03,-7.587083488257560793e-02,2.338878843987212686e-01,2.223627417795083216e-01,4.533765926357836290e-02,4.172053601329532568e-02,1.230335194117418846e-01,-4.050978076500141856e-02,-6.979927500444249588e-02,2.475129143248034347e-01,1.892329844129017058e-01,2.160879416136377851e-01,2.759195743749277008e-01,3.144746104091530187e-02,-1.386363560641954706e-01,-1.783213416898108694e-01,-1.235862491172295130e-01,-2.230174815386533338e-01,-1.989900209593458702e-01,-2.587138155457957001e-01,-1.698970095633202115e-01,-4.168093713461412664e-02,-1.250240861125384850e-01,-1.659483160406421132e-01,-2.040748784135259786e-01,-2.202739923534588751e-01,-1.952895298848768280e-01,-8.535466491801836642e-02,5.717932547313182151e-02,-1.019310059928325296e-01,-1.493939185261472513e-01,-1.367266002571305705e-01,-1.510619187075533908e-02,-1.088459437910391930e-01,1.000655575113589962e-01,-1.293949859915973777e-01,3.156533820897877013e-02,4.466812608670534673e-02,-4.798321149578904654e-02,-8.568567542069535636e-02,-1.068562483134867375e-01,1.678787989140993753e-01,5.475454998680967522e-01,5.207197721476387597e-01,1.565754321436151897e-01,-9.906086310865505618e-02,1.488857631026102579e-01,2.131187039264452465e-01,1.621870303773947641e-01,2.372243014690053609e-01,-1.053984254675471716e-01,-3.778459255607519857e-02,5.458946386208331225e-02,9.942716203589695156e-02,6.751519917972828577e-02,2.679190522518762330e-01,-6.101521376896310717e-02,4.929675822777986917e-03,2.526159804250444063e-01,3.873413899745393185e-01,-1.867018051618273000e-02,-3.510601610658459909e-02,-1.867294299351340281e-01,9.957879793499997689e-02,-4.541106701138238749e-02,1.264950943688399609e-01,2.617142181163765735e-01,1.757748220724617283e-01,-1.644486240988518588e-02,-3.148314750598024681e-02,-5.418132734408683676e-02,-4.387011526098932856e-02,-1.730861871468976632e-01,2.615893690595193499e-01,-1.510628163837539617e-01,1.688690547482883941e-01,-2.698805390512720170e-01,1.619130654078127507e-01,-3.272577544892452672e-01,2.845533085541263052e-02,2.619500893428033383e-01,1.294888625638591639e-01,-1.276344750072652412e-01,-2.005794610039389470e-01,-1.007388885933759165e-01,-1.535525802743934083e-02,-2.181232509208919923e-01,-1.720699814802147953e-01
-3.502643097664136229e-02,1.772465348924654460e-01,-9.217667994526171360e-02,-4.982219767772320257e-02,7.172869814035757186e-01,8.941917488440549455e-01,-9.965007243355547550e-02,3.148512835629155293e-01,6.414359658334571890e-01,0.000000000000000000e+00,-2.467949623073777965e-01,2.553315563798511101e-01,-1.175380097905395216e-01,3.414331611302894864e-01,5.875204612820700278e-01,5.497426531360180002e-01,-3.882539166762296046e-01,-1.846567466260946588e-01,-2.666547909060819621e-01,-1.237116756595609823e-01,4.102332041622850367e-01,5.312652113043911939e-01,-2.918496985016661438e-01,-2.467285707661884611e-02,3.997345472134732347e-01,6.678509757666996061e-01,6.174249602862315056e-01,4.887774210843980893e-01,-9.278381182756890999e-02,-4.331033757728071885e-03,1.108067705140060588e-01,1.264757965521715322e-01,-6.178881988050954899e-02,2.080033902437544019e-02,-3.025701948328204938e-01,-1.669945457149470958e-01,-7.796312922019076053e-02,1.003743490884153322e-01,1.836071721734119366e-01,2.160594903184493432e-01,2.508780434468607656e-01,6.196296969654913750e-02,-3.032401191531094997e-02,9.154096945723487477e-02,3.259702933258030490e-03,6.311912346091157200e-02,-7.857198717919006148e-02,-1.138715930668087739e-01,-8.291966919330046037e-02,1.491892966176289470e-01,-1.159435538706889424e-01,1.258339972065529444e-01,-2.425016346052694116e-01,-2.763082204673067421e-01,-5.059572682543749672e-02,3.861512024119903574e-02,-1.318549332018418840e-01,1.243177456025871680e-01,7.908271413472554856e-02,2.410122124416371470e-01,-2.189688942393140658e-02,1.887015523087320623e-01,-1.076383776214628329e-01,1.150742202210470744e-01,-3.486184613827335022e-01,1.968140555141639769e-02,-1.624260758406345651e-01,-5.726593321163660905e-02,-2.732023373440231051e-01,9.630580706329792962e-02,4.886527308218137078e-01,4.702868729898226907e-01,-4.043156152349641763e-02,-7.277144134631780004e-02,2.111888395428334619e-01,2.691183867792624196e-01,3.715766109528289424e-02,1.660230906860142297e-01,-3.563454295415455775e-01,-1.885823351513655766e-01,-1.887429678995868332e-01,-3.046707338939286594e-02,1.114876725004446643e-02,1.434881639856745161e-01,-1.836173452165730247e-01,-4.251447767350811230e-02,3.401505032340421120e-01,3.068380875619826642e-01,-6.384654035734098343e-02,-1.113275762256040130e-03,1.346612477085972100e-02,-3.720844753322339465e-02,-8.378906028750458812e-02,7.664879901147313157e-02,1.352726760815406715e-01,1.633530892215539765e-01,-1.530381008007760391e-01,-1.470318560807033770e-01,1.561945716221872782e-01,6.215041732143899468e-03,1.192013918457207750e-01,1.854960453105934104e-01,-7.285221653532072961e-02,9.717304476771779220e-02,-2.664611222150623515e-01,8.963201089652943210e-02,-3.507051794591818372e-01,-3.962005585850481709e-02,1.566027227991259874e-01,9.047882761597686452e-02,-3.054500846036548589e-01,-1.391091470935712782e-01,6.995727705913681871e-02,-6.801563342376168442e-02,-2.481424324039598062e-01,-1.365246593513870232e-01
6.134925555984658274e-01,1.814563843360167683e-01,1.218839591405855849e-01,-3.226167030739404695e-01,-1.430346120013528399e-01,-2.423961793345960902e-01,4.047350484416840644e-01,-3.635584864599320509e-01,1.367848206514016632e-02,-2.467949623073777965e-01,0.000000000000000000e+00,-1.016349211803272562e-02,7.576329332955580309e-01,1.163164851406069469e-02,8.934163787383619937e-02,-1.190310504772893602e-01,3.960497373018712630e-01,2.765083337919529982e-01,4.870104253142349404e-01,1.013569740719898332e-01,1.267676005580738730e-01,-3.906808906618857574e-02,-1.042725018956466333e-02,-3.989953683831644615e-01,-1.881176370348367211e-01,-3.301634718007968039e-01,-6.209402575344051545e-02,-1.307320197855533217e-01,2.043221914279125251e-01,1.740975406211101306e-01,-5.881397365208788919e-02,-2.136995665592727189e-01,-1.181039356658674516e-01,-2.092062394221146371e-01,-2.172407652284137070e-01,-3.017285916476116769e-01,-5.320459237257798950e-03,-1.187872657604303051e-01,-1.424813771107781568e-01,-1.135059599061444408e-01,-4.494931300087876003e-02,-1.048290884100487597e-01,-7.811582951589954305e-02,1.469925266838297689e-02,-3.387363794207534085e-01,-2.065132447118221970e-01,-8.702051705732749554e-02,-1.679409440762908157e-01,-8.181269874532857977e-02,-6.701463850794464605e-02,-8.375389163430155270e-02,-6.136709141560511838e-02,-1.446752374637526872e-01,5.117487363246189108e-02,-3.101677856930843413e-01,-2.475655425518255570e-01,4.585774098053575498e-01,1.054393418788333314e-01,8.986659252834638956e-02,-2.346615295174556970e-01,3.673218534591454199e-01,-3.344627003361802520e-01,4.326925159293038003e-01,-1.366917343521169559e-01,-1.894646316509933717e-02,-4.826427313755300430e-01,-3.240630973475667753e-01,-4.766127930857953499e-01,1.708401945730446958e-01,-8.732578927645388844e-02,7.543392143301855257e-02,1.621889391096297262e-01,3.225813444559957888e-01,2.742939942666076658e-01,1.116084918725509800e-01,-7.153243277234885844e-02,2.778989918958529870e-01,1.526242976430053910e-01,1.826499249400767855e-01,1.082446037901229202e-01,1.146624988093500469e-01,-2.172493300587239329e-01,-6.644128711099250850e-02,-1.138305419540474733e-01,3.123813574208636479e-01,-3.392416731583777212e-01,-1.054842870857346793e-01,-1.861043487662809581e-01,2.675538814424912801e-02,-2.388352380635481165e-01,-4.723374181760867652e-01,2.359244939838366084e-01,-4.062284327520410132e-01,1.367663709626306956e-01,6.337819408864991955e-02,-1.097853695618813546e-01,6.191186951992592308e-02,-7.355672231198934208e-02,-3.302048561285587241e-02,3.188390569388632190e-01,-1.451967037068052913e-01,3.718177234015667132e-01,3.522783686369933276e-02,9.181603232645030310e-02,-3.146743064540527546e-02,-1.485851847498950162e-01,6.801749126725101235e-02,1.989148756381163285e-01,-1.655151101135662883e-01,-2.672938960817826670e-01,-1.991487066235052839e-01,-1.465709000197466250e-01,1.001828429193488829e-01,1.007409123143556684e-01,-2.656698584825691878e-01,-2.013958649723628647e-01
9.850582459007226066e-02,5.841502482935773122e-01,1.991300357798463441e-02,2.516316801883349275e-01,2.218940824998464068e-01,2.524733424868825793e-01,1.310989000912755054e-01,7.353602985995004726e-01,-4.198026993118230549e-02,2.553315563798511101e-01,-1.016349211803272562e-02,0.000000000000000000e+00,2.097004616433334814e-02,8.248109836036844333e-01,1.894732441861089745e-01,3.996840978855230042e-01,-1.015570853823648673e-01,2.258278166296616429e-01,-5.364304262351914099e-02,3.774007741201377275e-01,8.843760826128004016e-02,1.478590086045893093e-01,-3.491159115804721713e-01,-7.498617610114205467e-02,-1.700428903322245000e-01,-8.853514577849011524e-03,2.470202684527672277e-01,6.761858129815911944e-02,1.678353400234604553e-01,3.384553401774394454e-01,1.533743008486097847e-01,2.643414006418135509e-01,2.239671887436531506e-01,3.565146699314010736e-01,-2.626911176577994000e-01,2.454382524367367327e-02,-1.086292207133947724e-01,-1.227776016900608558e-01,1.011863669253432185e-01,1.074862308613910855e-01,-1.132300835701669367e-01,-1.877923360249710363e-02,-2.201619672646089598e-01,-4.375439490128462533e-02,-7.702593445777658476e-02,1.294334834014157221e-01,-2.234793047918095521e-01,-1.912109958050668690e-01,-6.068744738724757282e-02,2.256244274098883340e-01,-2.841456467219453108e-01,9.394126177909603581e-02,-4.927071687491162977e-01,-4.368662130867133619e-01,-1.749998919959051547e-01,-2.483336807218300760e-02,-2.000478555886092968e-01,3.066522777446263892e-01,2.209109072270168395e-02,4.406121915816068602e-01,-4.122870592414472346e-02,7.154683884511084946e-01,6.563075107062847635e-02,6.408866990071234726e-01,-4.320219380289789246e-01,2.740323381699855121e-01,1.737089643990962495e-01,2.591195916453767345e-01,1.932003585275448021e-01,3.292101938287950724e-01,2.421880484140120915e-01,2.618536264985189543e-01,6.726035974643497506e-02,1.596835398619442237e-01,4.136092787206503418e-01,2.923723766277794844e-01,2.745249497369820629e-02,2.096557840013212604e-01,-3.167950250770131260e-01,-1.313410973585497632e-01,-3.481228261990003126e-01,-1.021871189420939935e-01,-3.846680028073512503e-02,4.859447439251132761e-02,-3.503246289346195197e-01,-2.378625991405879103e-02,1.703728644320685326e-01,1.891888390047411217e-01,-3.346615690888298245e-01,2.778812512747150243e-02,-3.509096836420075999e-02,-4.093378529270990107e-01,-1.749871711666290131e-01,-3.067786967321063929e-01,1.676663851878449352e-01,2.362174893864976977e-01,-1.776977167639146593e-01,-8.902345815438102161e-02,1.677873572016858883e-01,1.847150552419168923e-02,3.476748435516717195e-01,3.267619375038261498e-01,2.362222756872165152e-01,3.489516427959722944e-01,-2.591583261434053931e-01,1.766787047426323087e-01,1.107309475271140986e-01,2.373882807282288662e-02,8.308790995616102681e-02,-2.029682874099912049e-01,-3.639499292691699139e-01,-2.428951021002167532e-01,6.143818057646963787e-02,2.600609004863486604e-02,-3.405425123398030940e-01,6.409319409415069335e-02
4.617682441838119600e-01,-7.638652093390216336e-02,3.141379494004432060e-01,-2.265763418277656205e-01,-1.997758701744930046e-02,-5.553294089715531123e-02,6.785880182277088668e-01,-2.884058648463695418e-01,2.243509126447811308e-01,-1.175380097905395216e-01,7.576329332955580309e-01,2.097004616433334814e-02,0.000000000000000000e+00,1.817865846502481342e-01,4.187428133800176200e-01,1.535838896803068676e-01,1.744220564895508641e-01,1.070316726536453683e-01,4.226503939173618662e-01,-1.240876175042855967e-01,2.757667348432279453e-01,1.064664334067537410e-01,2.025878794270186689e-01,-1.609064220363674858e-01,8.611401183029278317e-02,-8.485368443838912922e-02,1.761157277772461560e-01,1.863105130808802856e-01,1.810638225082853436e-01,9.815312082857452491e-02,1.284424302507640725e-01,-5.154159066201577377e-02,-1.313834471794997523e-02,-2.054794315258813009e-01,8.312823059304050299e-02,-7.426993791189417937e-02,4.909906198970524771e-02,7.871447745513704408e-02,4.730036363791814691e-02,1.913331046709837099e-02,-2.038233294721509062e-02,-1.397949612632574390e-01,-1.207177983975484120e-01,-8.325849536150631280e-02,-2.489128002836980824e-01,-3.223269364215113342e-01,-2.721492446763158490e-01,-2.735495382265739073e-01,-1.917149539849040685e-01,-1.038971557454363981e-01,-1.768178704373100096e-01,-1.563521332987515833e-01,-3.733758920650645519e-01,-1.488447615541543811e-01,-3.559088166570615885e-01,-2.906748798208441120e-01,1.977277981857452627e-01,-1.181485214516732191e-01,-9.219954127998004900e-02,-1.826324463029197764e-01,3.789093968827916825e-01,-2.133851949670828307e-01,3.292864097906487153e-01,-2.019397845868082797e-01,2.946512702226899427e-01,-2.151409742857951224e-01,2.767783845392290248e-02,-1.994463803613207298e-01,1.669055431081543084e-01,5.607028725366535599e-02,3.018209264578428086e-01,2.466012129174431633e-01,3.076724786480102836e-01,9.112869572205288538e-02,1.563848238410569247e-01,8.593300528472094801e-02,3.185210860368130059e-01,3.410545667095324363e-01,8.907250602351927948e-02,1.832138573135611015e-01,1.586119058331410259e-02,-9.504884839600502566e-02,9.540866401444472733e-02,9.746598164795475250e-02,3.520349153060994829e-01,-2.376732102961700011e-01,1.460875167743085346e-01,1.221020623691219803e-01,1.361279190940196948e-01,-9.948720498436937343e-02,-4.613025256988096401e-01,2.481763709307998889e-01,-3.274872250301190113e-01,7.142203512926877107e-02,2.336383924821536506e-01,8.039783114545555331e-02,-5.475639512286633453e-02,-7.266671117266684798e-02,-2.904669401082488056e-01,2.030545412606859779e-01,-3.315655313764597212e-01,3.991944949560565226e-01,3.446212199123169229e-02,2.523903041960397498e-01,-7.102248209346388730e-02,1.522964340922427773e-01,9.200769902928972177e-02,1.987153085170930977e-01,6.575215709213082238e-02,-2.220118519089155085e-01,-2.823383469541050350e-01,-3.795757053422082472e-01,-2.763846202039875119e-02,9.778071237879538968e-02,-2.337649309045856938e-01,-1.288063894147920829e-01
