0.000000000000000000e+00,6.752801535223852403e-01,-3.887593720381309070e-02,-2.929162859639252922e-02,-3.030205558583768388e-01,-4.210372709805416114e-01,1.306233826914634522e-01,2.675073191999793321e-01,-4.352820375100420747e-01,-5.420722104747899284e-01,3.882394836851812414e-01,5.772201165911095000e-01,2.966952806289976374e-01,5.088367301696207212e-01,-4.089454739448139184e-03,-1.576492806622593890e-01,8.015266152979364511e-01,7.483787494407395657e-01,8.472678215912501365e-01,8.229932774863785161e-01,-1.073231513967592976e-01,-3.194180467560406300e-02,-3.017316658441997895e-02,6.629639956531245375e-03,-1.723581850132974436e-01,-6.264699427754567840e-02,-2.363482403846777491e-01,-2.652589523078955347e-01,7.792669330744170786e-01,7.259589676315031381e-01,4.617062617404308345e-01,2.249573020973775761e-01,6.949387438709911935e-01,6.927560982640230680e-01,-2.878318011905321439e-01,-3.039590548213734200e-01,-1.371034783119992051e-01,-1.510891621534421747e-01,-2.649763572174388959e-01,-5.694604292825558578e-02,-9.637576540296720340e-02,2.710801908293185569e-01,-3.717392952827983654e-01,-2.305008379655667794e-01,-5.916795046763944077e-01,-4.830412960973143321e-01,-5.378719840867632884e-01,-4.763112622374703897e-01,-4.902781944780599810e-01,-4.092906385226646182e-01,-2.831543275710913798e-01,-2.941293204178225262e-01,-5.164716324439100337e-01,-4.312129769573270210e-01,-5.989783011888264452e-01,-3.552172772720514904e-01,8.104964472319448054e-01,6.316410726016944421e-01,6.167309816744166728e-02,1.706107855784813054e-01,2.686412311835922884e-01,3.568956873952696118e-01,6.994025654553568394e-01,6.050730030825024475e-01,-3.571642931283148387e-02,-4.808405089257165865e-02,-1.458090743949999046e-01,-2.325076895438105140e-01,6.236357562559344814e-01,3.359974638727923901e-01,3.796702194879691961e-01,1.214725893643239102e-01,6.457486489914310290e-01,6.100770640633985664e-01,2.240443727206055113e-01,8.915774739226847712e-02,2.765585577706520248e-01,2.799171348073886678e-01,5.116653602302423387e-01,7.431438337579071574e-01,6.832311225015847977e-01,6.399772593138506327e-01,4.606066854295750579e-01,2.557731092519400229e-01,1.859788971067242447e-01,2.247721688393563289e-01,1.539061186041013329e-01,2.016048890097903445e-01,-3.003008969597279476e-01,-2.737575723419256035e-01,-5.596709427747981191e-01,-5.990350740898303661e-01,-3.723415996138386141e-01,-3.432134025583993830e-01,-3.252970407187980723e-02,-2.639995820161968321e-01,2.445557938663502073e-02,-5.092216227165122754e-03,-4.599979072966534077e-01,-5.065488175886267985e-01,-4.197762325621697821e-01,-3.901698619367467979e-01,-1.747736923387325503e-01,-2.335576122816655220e-01,-1.601170533509009009e-01,-1.338808851091437824e-01,-3.789297679976382227e-01,-9.098479145976080817e-02,5.989718236528832063e-02,-2.696751496205406218e-01,-4.316588655696997345e-01,-5.093196037413088018e-01,-3.558322426654666470e-01,-1.344829759067678598e-01,2.676445977060259440e-01,-9.510520355998582087e-02
6.752801535223852403e-01,0.000000000000000000e+00,-1.912275145563206991e-01,6.469712593517945587e-02,-2.773380050623146520e-01,-3.363270698814161963e-01,-7.609262385242374083e-02,2.742621432118335090e-01,-4.830511210852715953e-01,-3.525725504974428492e-01,1.622031819454247126e-01,5.258324362060151635e-01,8.473149340282681852e-02,3.161005715627802637e-01,-2.457414259304720738e-01,-1.930386545301497891e-01,6.862019985395881871e-01,6.852890941157069316e-01,6.445575234523444053e-01,7.597826458136323069e-01,-1.855379492094733351e-01,-8.692742692726510012e-02,-2.114514122572108690e-01,-2.793617740860689438e-02,-2.291121946434119261e-01,-1.172664968715207007e-01,-2.073852790384937417e-01,-2.065270277619259964e-01,6.616348904067194114e-01,5.943493339273223652e-01,2.248966165624642910e-01,-4.382392605721357982e-04,4.252254893523649271e-01,4.859821934235319940e-01,-3.413133254549831075e-01,-3.006109302974777076e-01,-3.717863542764449081e-01,-3.548625977966543554e-01,-2.649236231313614187e-01,-2.544394058498837818e-01,2.535275400255572117e-02,2.518710735506566878e-01,-2.407421406930383978e-01,-7.108864543430028216e-02,-3.855411620766657221e-01,-1.447172875469532882e-01,-2.857181796464541290e-01,-1.996818117856038188e-01,-2.192941859023622986e-01,-7.834908041785090815e-02,-1.417238691775780934e-01,1.585943821969177520e-02,-3.096374839818377689e-01,-8.817411451494797103e-02,-4.388306460360945627e-01,-8.934542532313305419e-02,7.318638539722964742e-01,8.207324267323614642e-01,1.373514751567841141e-01,1.794250282494369297e-01,5.181367156149439129e-02,2.002629068618661801e-01,5.383719268542472847e-01,4.426070380242690394e-01,-3.046617304375678348e-01,-1.687514817166474446e-01,-2.762225010374924627e-01,-1.950333627337141329e-01,7.409753323239925971e-01,5.114533662857242424e-01,3.969203495510302271e-01,3.188505410632475612e-01,5.804902531297370105e-01,6.339079685490265348e-01,2.908215769694955655e-01,3.263216087615383731e-01,9.593244462642877557e-02,1.072862817888207421e-01,2.956044268755063653e-01,5.997394334707636387e-01,5.543699555456560457e-01,5.479516335489410528e-01,2.664295937179319562e-01,3.338911865768796616e-01,8.541841806818661897e-03,1.825356002258874677e-01,2.195832687687142015e-01,1.341485830278779934e-01,-3.685412353074118408e-01,-2.351398627691003718e-01,-3.255578837854127827e-01,-4.542445253142248229e-01,-1.407280008228144474e-01,-2.462873334480727150e-01,-2.488335997052748549e-01,-3.371604551399974836e-01,-8.491552437983983237e-02,-1.695303926064788413e-01,-2.607321657785191538e-01,-3.812147724538094140e-01,-2.277457545588200960e-01,-2.368238390287000505e-01,-2.259585092601701373e-01,-1.330073256963696937e-01,-1.811525117484586167e-01,-1.190513050331849960e-02,-4.134288377758753019e-01,-7.990159837575384894e-02,-3.549754381905599609e-02,-3.216213041878559498e-01,-3.297516802066155495e-01,-2.904378068742586860e-01,-2.740926705416254494e-01,-7.625484814636522557e-02,1.313254857490029903e-01,-1.178396661520434013e-01
-3.887593720381309070e-02,-1.912275145563206991e-01,0.000000000000000000e+00,1.794565961802830067e-01,6.404571422899328903e-01,2.283732140489270479e-01,5.903415337304420696e-01,-4.761565858160898834e-01,4.737431111641886017e-01,2.927930747116059274e-01,3.584886017579234641e-01,-4.427260492918426160e-01,2.488129356765636235e-01,-3.196743367073429098e-01,5.724223235354286565e-01,2.760078106605504678e-01,-9.395325119869700481e-02,-1.258407511910686061e-01,-3.281248260145453854e-03,-1.637418656546545670e-01,3.951794152248219172e-01,3.468277732060177643e-01,8.547875775989346447e-01,7.256001827306862717e-01,7.410426748493854632e-01,5.612462803122227895e-01,5.304541953113528496e-01,4.116609099607649314e-01,1.795963921837097008e-02,-1.782980177839907088e-01,6.251660404215418909e-01,6.094645257575338482e-01,3.344694131181892849e-01,1.655730590976479677e-01,7.842208703861683894e-01,5.881677617886560405e-01,3.958617107454648898e-01,2.074696064911202009e-01,2.532020186883082724e-01,3.349402027041527563e-01,-2.431182589178721432e-01,6.815875573314435221e-02,-1.674246735866133096e-01,-5.545134975814122041e-02,3.367784769566695147e-02,-2.024761425276558058e-01,-2.257665853148008717e-01,-2.510656231630133406e-01,-4.021476714732976077e-01,-3.253511080968998215e-01,-5.547755200430631861e-01,-6.390875292452889989e-01,-4.331446041352559062e-01,-3.805260674288559186e-01,-2.765354808544535636e-01,-4.557104795985122414e-01,4.747614832408180406e-03,-2.174211538352132100e-01,-4.454581840766075884e-01,-6.581307503916866697e-01,6.587996394041283066e-02,-1.876384859735493460e-01,2.700410735135891013e-02,-4.768516388157956754e-01,7.761030914367494926e-01,3.348035897778788850e-01,6.136858029754584942e-01,1.845962478982913768e-01,-2.622856619593817995e-01,-2.474241337481144221e-01,-9.924089215452003288e-02,1.699983201144554257e-01,1.124637856346148573e-01,5.825709881419593311e-02,-3.033998646167137547e-01,-1.451030223127858787e-01,1.877481070615023839e-01,7.333863443516747127e-02,9.839647432577083852e-02,1.589933911361447738e-01,1.486244606178726002e-01,1.436018892894911081e-01,1.600423618592941577e-01,1.107258623695207972e-01,5.948492868968486835e-01,7.521013293469192527e-03,3.159956129643209932e-01,2.212610694228862307e-01,1.062025555771657359e-01,-9.570845318223058715e-03,-2.966935238616061898e-01,7.862343655965771394e-02,-2.841272570952399490e-01,1.498451382204654125e-01,-2.226932105949884222e-01,-2.904510323885641787e-01,-3.164907112783669207e-01,-2.777788941100358677e-01,-4.723258196101317585e-01,-3.769567137736167806e-01,-5.664820325425735659e-01,-8.583596175613869561e-02,-3.973572953952514419e-01,-4.019033919369696672e-01,-3.827823894315153241e-01,-3.676998264622651780e-01,-1.916768957921377858e-01,-3.408371821129229651e-01,1.394914507194865150e-02,-1.503550652512229691e-01,-3.591824700079109256e-01,-4.259818627355759779e-01,-4.226551733350289441e-01,-2.779158965673265702e-01,2.648875670496385060e-01,-1.316110694125944280e-01
-2.929162859639252922e-02,6.469712593517945587e-02,1.794565961802830067e-01,0.000000000000000000e+00,6.797364422578069942e-02,3.072358690201401621e-01,5.065079853809669741e-01,4.998357291006966796e-01,-1.794803875432595119e-01,6.445757526954096206e-02,3.804891433784354793e-01,1.750684952300674002e-01,2.897491238673166047e-01,2.108048543549705389e-01,1.787673146989049167e-01,4.690703449479389220e-01,-1.289712506670718795e-01,-1.249429706329231587e-01,1.675731302527634359e-01,7.835608453683379215e-02,-1.153402594135528730e-01,-1.749815440864196242e-02,3.900800043628422364e-01,5.478265620161097971e-01,-5.413583710848253461e-02,7.048458168721216666e-02,-9.999197521927736740e-03,8.239569240276713863e-03,-7.085146215873348863e-02,3.952629182317527606e-02,1.291951624445533409e-01,2.998107895282738355e-01,1.366406479916903172e-01,2.486259000271567599e-01,9.845354366226628795e-02,9.063217817133158161e-02,-2.551021826299956774e-01,-1.687461574225969374e-01,-1.922548993198379685e-01,-6.514154342295891409e-02,-3.150845849428722811e-01,7.896393794706332847e-02,-1.489093864578926452e-01,-1.468115816930574136e-01,-1.660716483174172753e-01,-2.692952894235833283e-01,-1.555681730142079444e-01,-3.133304614796012522e-01,-2.675743624687124123e-01,-1.571684505953340194e-01,-2.242417012900234097e-01,-2.758415641183705747e-01,-1.187903695158491618e-01,-1.437566892990825296e-01,-3.195804082627622389e-01,-3.542117766273232271e-01,-3.471707211008086269e-02,-9.551565031220723978e-02,-3.581036249436351793e-01,-3.265062405969523796e-01,1.322722345291008350e-01,5.356176334281315121e-01,3.879692421529427893e-02,4.748417917906275210e-02,1.616769314802592450e-01,5.769358708860545804e-01,4.966066236331574679e-02,1.266330118234312505e-02,-4.670352364768582537e-02,-1.304507935374127348e-01,1.562393131678180280e-01,-3.759911870359672337e-02,9.006363216167119490e-02,2.269714374938737456e-01,-1.635894215507868428e-03,1.473463527629002845e-02,3.265513471895650777e-02,2.915195845309684342e-02,9.847375469815237981e-02,-6.075653014843130501e-02,1.395504925007375885e-01,1.343161180018012102e-01,6.095709811591306466e-05,-1.987363819827342101e-02,3.690413152984520218e-01,2.375096147590891327e-01,-1.190757808671985725e-02,-7.421607807123174749e-02,-3.982293685026189883e-02,1.927984362881120795e-01,1.485399523863280835e-01,5.990775822483856983e-02,2.934426416210035304e-01,2.187599477403694426e-01,-1.535986189718824280e-01,-3.419401807081341449e-01,-1.598491725244756134e-01,-4.351435711341773427e-01,-1.713048305471881472e-01,-2.719798560290743183e-01,-1.800304034074838300e-01,4.399211308297609757e-02,-5.065713545227977788e-01,-4.992765558724679420e-01,-3.026515093061984407e-01,-2.787802950880002295e-01,-1.768843625292836064e-01,-2.579228738641773933e-01,-1.436208824897021730e-01,-2.051813585582284438e-01,-3.254856452385083143e-01,-3.694117365456289215e-01,-3.979702605990834696e-01,-4.383918679765015924e-01,2.608498423630514207e-01,5.125690734522128471e-03
-3.030205558583768388e-01,-2.773380050623146520e-01,6.404571422899328903e-01,6.797364422578069942e-02,0.000000000000000000e+00,4.708322505437942951e-01,2.124226301440915454e-01,-4.985266974662848627e-01,6.607961863994766816e-01,4.752588591384077077e-01,-7.214843187590708196e-02,-5.085046411818098244e-01,-1.494101271530185182e-01,-4.121539567250671610e-01,1.594318216727612647e-01,1.044083676114490045e-01,-1.938616820589043610e-01,-2.802113976816081875e-01,-3.292061206356481362e-01,-4.012635940868906625e-01,2.891285413310817343e-01,3.096826143133384335e-01,4.108324713687140362e-01,4.060791734432281919e-01,7.732687296211638861e-01,6.957729545203436006e-01,4.665013886576458990e-01,5.303371828647615027e-01,-1.424738593202722614e-01,-3.845431985733621660e-01,3.484914748350527169e-01,4.571443367363617338e-01,-8.663079344787129321e-02,-2.187119847027371444e-01,5.726815933270770209e-01,5.044801620504046902e-01,3.579160619747437933e-01,2.567048302555457462e-01,2.796166297346439067e-01,4.923527976084026148e-01,-9.381553951898220778e-02,-1.061939561317469388e-01,-1.403879971479319033e-01,-1.260624283700441384e-01,2.343351674047055300e-01,6.369119838657595623e-02,-4.471809646562101975e-02,-8.325078661047102119e-03,-8.903764190829629999e-02,-5.755554838542385233e-03,-2.747730704639436139e-01,-1.951964116117548276e-01,-1.890746699282511434e-01,2.267304322445925016e-02,6.127044011070778735e-03,-3.784365947356962967e-02,-2.508674136566553803e-01,-1.676427392231695512e-01,-4.124111627118611234e-01,-3.469788058719220358e-01,-1.905244815282465254e-01,-2.833207072152162942e-01,-1.678653788719678963e-01,-4.745872030324863600e-01,4.516622101555277102e-01,2.308359477100717372e-01,4.581059358517421964e-01,3.076350756817418652e-01,-4.752545677001627777e-01,-2.967630315154941023e-01,-3.555781189693431599e-01,9.813335937182639246e-02,-1.552822732504409164e-01,-3.683464314663545403e-01,-4.321599024848778448e-01,-3.507984112412418365e-01,1.317942877801419645e-02,1.002264412208004607e-01,-8.808272722307276814e-02,1.429536728171145604e-02,-1.121633912166444397e-01,-1.300800194653331868e-02,-2.528750369480416427e-01,-2.863483822788345790e-02,3.227543901369258061e-01,1.658843645457919458e-01,1.454521827043004367e-01,1.574531165315667391e-01,-4.049472955183732598e-02,2.772234348993425912e-01,-1.618173636192800358e-01,2.217351060810470453e-01,-2.544563368958486782e-01,2.365574153972952454e-01,-2.057143469525087309e-01,-3.087910766550757136e-01,-2.455054095179513562e-01,-1.834652301909828198e-01,-1.996837705929948859e-01,-1.727741216105163347e-01,-2.942669144750660881e-01,1.412486861961826379e-01,-1.788916631186864559e-01,-7.907618863037986501e-02,-3.909060797044524582e-01,-1.556506033784320897e-01,-1.352568347475930077e-01,-1.453664901796139219e-01,9.892845188301460646e-02,-1.429152174471641501e-02,-1.200383511899235228e-01,-1.796403234727148857e-01,-9.719516421399179706e-02,-4.712881863005911887e-03,4.438748509044431780e-03,-1.064895586921542764e-01
-4.210372709805416114e-01,-3.363270698814161963e-01,2.283732140489270479e-01,3.072358690201401621e-01,4.708322505437942951e-01,0.000000000000000000e+00,1.838367592807704509e-01,-1.674307037031613765e-01,2.697953142174985275e-01,6.726269435666722973e-01,5.180772660269538504e-02,-3.606639841268018398e-01,3.915269817460537843e-02,-1.252260942898099361e-01,2.365796206644182054e-01,3.602963444117679992e-01,-2.850659816040226335e-01,-3.789819834844787017e-01,-3.364902880414684105e-01,-4.786093324532990079e-01,3.388640256196778777e-02,2.121760870502895635e-01,1.526802921026182980e-01,1.428128905204089916e-01,3.682081413911794665e-01,3.948256557373717168e-01,3.006600546589214273e-01,4.862379749753736324e-01,-2.579288111604109979e-01,-2.620403608886375801e-01,9.619100607049207996e-02,2.352124272329808308e-01,-3.103799953408468704e-01,-3.255208047442130770e-01,2.241944271314875448e-01,2.703503895926552270e-01,2.245130026238357224e-01,2.870898732404669196e-01,2.354338460331417970e-01,2.763019685303362838e-01,-6.163444141625875651e-03,-1.378590589283235357e-01,-3.299610647798212337e-02,-3.729285868981123409e-02,2.070068113091465267e-01,8.880484490278295340e-02,1.187605983658944764e-01,1.524372691958631176e-01,9.284853428985570534e-02,7.997511275522398155e-02,-1.924539100437137606e-01,-2.168329097326747168e-01,-2.683541965993644154e-02,-1.037394865874244898e-01,1.930668404548305586e-02,-6.398887476949605135e-02,-3.511055327609441390e-01,-2.935210965404406736e-01,-3.222315645673644591e-01,-1.845269590063956522e-01,-2.210880111909088175e-01,5.972935329693172812e-02,-2.988942194207284131e-01,-3.209189391435400829e-01,1.593586493136204540e-01,3.123245169244895370e-01,1.449047260564850503e-01,1.651222356903840061e-01,-4.428453175585759793e-01,-3.720993073742862034e-01,-7.921684572847868810e-02,-1.538375505327345960e-01,-2.727185562617422399e-01,-2.604699207925601501e-01,-3.621724175980410299e-01,-3.728081261263128665e-01,1.418354786455772003e-02,1.188270032821376054e-01,3.923517982342528132e-02,-1.963529770010062903e-01,-2.266950436386211132e-01,-2.202125491523682643e-01,-1.625602942911987259e-01,-1.334480578138616536e-01,1.103328654222130584e-02,-2.768592345757275516e-02,-5.477918091437456588e-02,-1.252888673554770627e-01,6.885088351150061214e-04,2.184082423123195338e-01,1.590023532903538928e-01,1.747539576715291809e-01,1.700896559625610094e-01,1.790552413338439008e-01,5.387526127593417896e-02,8.783262410993405989e-02,1.059574574920183754e-01,-3.844998151970020761e-02,9.634189658427562419e-02,5.964661004714909981e-02,1.618219200097991417e-01,1.995104245878092375e-01,-4.815427593489857855e-02,-1.404676701561204284e-02,-1.405472595516182865e-01,-1.647300333610485223e-01,2.578785142920033205e-02,1.917518766591246870e-01,-7.889945419087129874e-02,2.361690873577315386e-01,-1.463489780844325940e-02,7.315204122153233512e-02,1.971938734273195326e-01,4.524448167832454543e-02,7.498299304372806062e-02,7.274363389718176143e-02
1.306233826914634522e-01,-7.609262385242374083e-02,5.903415337304420696e-01,5.065079853809669741e-01,2.124226301440915454e-01,1.838367592807704509e-01,0.000000000000000000e+00,2.050336247049011629e-01,-2.283802618515030566e-02,-3.113584178329116200e-02,5.481628255723697274e-01,8.442336601867238277e-02,6.423027535556656842e-01,2.119953255885896060e-01,3.646392166692807302e-01,4.169323065133961892e-01,-4.231192782323381363e-02,-5.665761326556569000e-02,2.269959224973405187e-01,1.043673604840137381e-01,1.203539268453575686e-02,3.178146075824232059e-02,6.933363559228364892e-01,5.487756090304548584e-01,2.017823478058202169e-01,1.706110877056159492e-01,1.028484176613279344e-01,9.796439705181192448e-02,1.004114337660425016e-01,1.060775793124888872e-01,3.736368728878002865e-01,3.795180135771990537e-01,4.008764340431079098e-01,4.135009527746734137e-01,4.087126811741965127e-01,2.111918633274549872e-01,-2.935302983055362142e-04,-9.157900028008467141e-03,-1.486818848706849237e-02,1.715568674865101673e-01,-4.280352583721138138e-01,1.328003344221606041e-01,-1.184397758935412104e-01,-6.452454031886233066e-02,-2.615213964489783716e-01,-4.423397524625878874e-01,-3.398016685302918671e-01,-4.972722291189001220e-01,-5.208116567412676146e-01,-4.903541170358517998e-01,-4.407626936723455513e-01,-5.988358819782989562e-01,-4.467395787414324415e-01,-3.566919539084713042e-01,-5.085760634850782225e-01,-5.110151494715090559e-01,8.625630953958253466e-02,-5.046589288878586960e-02,-1.951978223901661424e-01,-4.968744414742858329e-01,5.041552411908662990e-01,4.285135043677286149e-01,2.261431113660785364e-01,-2.947177403426015294e-02,6.088513146884012572e-01,5.890437531743635269e-01,4.566664682655185437e-01,1.565169939727330539e-01,-1.603360891497259688e-01,-7.297572364898698150e-02,1.088291665543202058e-01,8.464268861207788208e-02,1.627158927579804015e-01,2.890626181121822014e-01,-1.959117086970706412e-01,1.354190637680313149e-02,1.121061393704763098e-01,-5.606360609841499337e-02,1.842031491888840300e-01,1.472836246212449740e-01,1.548261880610409535e-01,1.847359020496433246e-01,1.256298034418070475e-01,5.049205523914165883e-02,5.330236024367470682e-01,2.423725427878520300e-01,-1.207533370056218108e-01,1.331081930184030149e-01,-8.144425105120056685e-02,2.127716056408799072e-01,-2.018719941257211825e-01,8.846328296288863413e-02,1.704348887588617162e-02,2.685794834644303908e-01,-2.235630866589909376e-03,-3.070321303602751017e-01,-2.126111940968226088e-01,-3.107920836818155452e-01,-4.518911164621788878e-01,-4.252413606631602061e-01,-5.433408838198962032e-01,4.076944540211260848e-02,-6.553702470866913377e-01,-5.815217881283399892e-01,-4.413563833359624988e-01,-3.053836008291850312e-01,-3.612306885400712875e-01,-6.011700932168392297e-01,2.770308675814818836e-02,-3.199735405232230212e-01,-4.887801413877623791e-01,-5.993707334572515588e-01,-5.815392931887033434e-01,-5.440340869505629895e-01,3.863795162870538036e-01,7.042912805048961999e-02
2.675073191999793321e-01,2.742621432118335090e-01,-4.761565858160898834e-01,4.998357291006966796e-01,-4.985266974662848627e-01,-1.674307037031613765e-01,2.050336247049011629e-01,0.000000000000000000e+00,-5.361080529538950756e-01,-3.747328367766387114e-01,1.977829978337200811e-01,7.463630937211299665e-01,1.945566532215373123e-01,6.668747060020659978e-01,-2.583174947746368355e-01,8.210932015960561992e-02,1.439966883518972174e-01,1.897036098158552397e-01,3.844689801206342405e-01,4.207439384456053699e-01,-6.029785666650323561e-01,-5.090297723300354349e-01,-2.425308793382700834e-01,-1.215908142095224048e-01,-6.318781577962119256e-01,-3.578108499596266423e-01,-5.905468372421561751e-01,-3.954317493806095429e-01,1.871435003047456636e-01,4.410775745270666404e-01,-2.178048046794099357e-01,-1.854484849281948788e-01,1.071761631161405465e-01,3.767646046316055486e-01,-4.956748707109655538e-01,-4.191978399572315328e-01,-6.703106567867451737e-01,-3.888886381182424246e-01,-5.230564184593443633e-01,-3.049066294749184780e-01,-3.093762637005863514e-01,9.449526850421340052e-02,8.436732296293344979e-02,9.911452781586613248e-02,-2.233538528386212474e-01,-1.066504505836905620e-01,-5.341262421946940675e-02,-2.140248816466874815e-01,-1.134294604793636974e-01,-3.545943420071713710e-03,2.047577239997063481e-01,2.312989987171904238e-01,7.069807603283020936e-02,7.256133515370016829e-02,-1.615135080738872853e-01,1.845991690918068542e-02,1.933226935882970954e-01,3.063701903147201255e-01,2.413534890116312004e-01,3.462638857027112160e-01,3.509377562869465672e-01,6.816379992723280434e-01,3.106501645874350515e-01,6.513618896954961324e-01,-3.308716249223995209e-01,2.210773781459108300e-01,-2.960723924550724973e-01,-1.198199061088308925e-01,3.066208354749196952e-01,2.974668670115955815e-01,3.705990489581625358e-01,-5.608183950831481523e-02,1.597590741868148423e-01,3.231207508117387994e-01,1.526986537458339954e-01,1.869418078336636257e-01,-1.431796985256787169e-01,-1.239383732780544867e-01,7.519337262487386930e-02,1.298889445001109345e-02,1.869596377966886436e-01,1.704445435732013792e-01,-7.953342148183789595e-02,-1.214159151870166375e-01,-6.895533807284177918e-02,2.908962060451003584e-01,-3.723905817042504895e-01,-3.246551500707646198e-01,-1.652932803116748672e-01,3.708782670198995657e-02,8.523934649994047152e-02,-2.258982179597699702e-01,1.547884809571239417e-01,-1.481806025689166861e-01,1.275738254818268580e-01,-1.895898831034190657e-01,9.313037912958671907e-03,-2.326501499255914651e-01,5.035186807326617192e-02,-1.611914013328235584e-01,-5.749659200064312185e-03,-1.261741820833896799e-01,-2.436593290052936345e-01,-3.329475410077109565e-01,-6.378028270552929535e-02,-5.132307595114436738e-02,-2.551647272516975873e-01,-2.650990883907052842e-01,-6.070476577820286407e-03,-9.643576089247143934e-02,-1.556731293867839039e-01,-2.272460469477706746e-01,-2.787032639574933968e-01,-3.244184029586560380e-01,1.118009881166299041e-01,2.058576332164004652e-01
-4.352820375100420747e-01,-4.830511210852715953e-01,4.737431111641886017e-01,-1.794803875432595119e-01,6.607961863994766816e-01,2.697953142174985275e-01,-2.283802618515030566e-02,-5.361080529538950756e-01,0.000000000000000000e+00,4.697157871660456174e-01,-3.786236686250681327e-01,-6.011076930238393734e-01,-3.023843570029043915e-01,-5.236512762247531594e-01,3.659803381909248476e-01,1.954096814788095632e-02,-4.051330733389376104e-01,-3.671942661056111223e-01,-5.107420730957572541e-01,-4.896635838645272965e-01,4.240730274592472981e-01,2.918685322625430012e-01,2.419394196292933286e-01,2.491169946502592991e-01,6.660969316187670408e-01,6.437401785520090458e-01,4.901934771784532963e-01,5.029261038535867145e-01,-3.162017852524608985e-01,-4.702493410044565336e-01,1.756205177933244377e-01,3.209520733862593067e-01,-1.744181684418397160e-01,-2.789643280557632110e-01,6.109497108679866617e-01,4.992205440785121295e-01,3.397609359568354859e-01,1.549577588546908191e-01,3.332154860884827263e-01,3.834260968428477301e-01,9.973307722271333720e-02,-2.018440718186622629e-01,-1.435680777386866280e-01,-1.153896810949867485e-01,3.480550892967009258e-01,2.108600075368793070e-01,6.638445753041381792e-02,1.663111189082949470e-01,3.268536752162209263e-02,9.833402428455480238e-02,-6.313435130470008982e-02,-2.908184860876343245e-02,5.872641958142603945e-03,3.860442152300157248e-02,2.962683348308110531e-01,2.119688999620859479e-02,-3.203943054155923287e-01,-3.679046092167400639e-01,-5.789658706185019793e-02,-1.672166918602547292e-01,-1.145025551577939088e-02,-4.218877876859595810e-01,-3.206568410400758573e-01,-5.690108580344468425e-01,4.212448290914584392e-01,6.130359051854196439e-02,5.094502071725128811e-01,3.148033690271539453e-01,-4.118368502219277860e-01,-1.796680824846678681e-01,-3.505238433058985303e-01,7.714772543862381815e-02,-2.529338502442569081e-01,-4.390257992247969532e-01,-3.931264518986251066e-01,-2.694325089242274318e-01,-1.257722707446862903e-02,-1.610798954499777572e-02,-1.920207723774693953e-01,-2.341542176785360030e-01,-1.748051765235172639e-01,-1.897906397044386850e-01,-2.600425097146129572e-01,-6.448698365539698441e-03,2.200597644785041718e-01,-6.123180813758763441e-02,6.914151081387009956e-02,9.303848286752149088e-02,2.794355302671943098e-01,-3.054219057714964089e-02,-5.273765411590365659e-02,1.167599559269410087e-01,-2.651226888320866171e-01,9.829138105395887615e-03,4.474173804938021831e-02,-1.594918923664251642e-01,-1.295903099991198848e-01,-4.175247481093958407e-02,-8.355047688919813031e-02,3.576836822042998246e-03,-1.193906311950738847e-01,-1.433537008772711209e-02,4.740196866808468745e-02,-1.528170239875838166e-02,-2.044718380576921735e-01,-1.656003369245630519e-01,1.176999149616222290e-01,1.849329299860940495e-02,1.623674325640089566e-01,5.625297123517637027e-02,-1.593016235198150556e-04,3.029910850653319554e-02,2.285951614432998880e-02,2.191028589723904938e-03,-1.385239969488119560e-01,-1.482811703768431577e-01
-5.420722104747899284e-01,-3.525725504974428492e-01,2.927930747116059274e-01,6.445757526954096206e-02,4.752588591384077077e-01,6.726269435666722973e-01,-3.113584178329116200e-02,-3.747328367766387114e-01,4.697157871660456174e-01,0.000000000000000000e+00,-1.212223973211103700e-01,-4.307846743121563904e-01,-1.084898523723048548e-02,-2.461955012996041858e-01,3.527168502243516746e-01,4.220943807910418899e-01,-4.128444063283011611e-01,-4.041199822403406250e-01,-4.419839974940167893e-01,-5.381038714437604842e-01,8.641902802298470632e-02,2.785901718163081853e-01,2.225565796324109613e-01,1.507806457962670710e-01,4.676320362157211363e-01,4.110330042915674720e-01,4.521767234352094267e-01,5.985515280791540160e-01,-3.339374121371194160e-01,-4.253008968769267928e-01,3.981429744556903849e-02,2.216627693569954149e-01,-3.621133502606634913e-01,-3.318512491268481024e-01,3.877142132157462284e-01,3.887738797744501040e-01,2.007012473391828478e-01,6.176543370452922815e-02,1.358378439708852470e-01,3.087665880707934352e-01,1.420159919097520144e-02,-1.133145204441308312e-01,-1.414309524607073286e-02,-5.106782583240922907e-02,3.639956177045042818e-01,2.163606730277527201e-01,1.515251045760901971e-01,2.527508161012941845e-01,2.094809744783238670e-01,1.993852098896229663e-01,-1.024418143174463530e-01,-4.756199020150091161e-02,-6.201027134139355107e-02,5.311911095601594412e-02,2.120563560541944281e-01,1.266319708859921789e-01,-4.772689757108359854e-01,-3.743354939892850619e-01,-1.745884284676649245e-01,-2.009556347548843991e-01,-1.590068675619752403e-01,-1.832345303070505582e-01,-4.176680840400036065e-01,-5.137813761425931158e-01,2.429492334112872132e-01,1.301447600623761025e-01,1.276420245064842640e-01,-6.038118441476853426e-04,-4.211972438684059017e-01,-2.666369836465200538e-01,-1.774468566564764704e-01,-3.651201070161080864e-02,-2.667802575088811246e-01,-2.877104754940330578e-01,-2.794300798643483130e-01,-2.057672441592812984e-02,4.565845300752514879e-02,3.759099827841354269e-02,-3.452376538112467141e-01,-2.804379934339981673e-01,-2.951588440610552477e-01,-3.138751694577413542e-01,-2.839920525704233145e-01,-4.153822511682585955e-02,-4.279899954373996007e-02,-1.887379513227044892e-01,7.345184613706354226e-02,1.944209549417320188e-02,1.202804288637005364e-01,2.886457662048174111e-01,3.377463623631393047e-02,2.881508613674489405e-01,4.949078462637224174e-02,2.793902708971036097e-01,-1.966662157817884171e-01,4.594465900251986507e-02,-1.568226834809560710e-01,-2.258367428398216359e-01,8.656391109726507826e-02,1.104772729146636864e-02,5.652375436123749375e-02,2.525896969647790646e-01,-4.569048434430473399e-02,-1.322321929430817639e-02,-1.905933516542267780e-01,-1.202304312641934020e-01,-5.970846365361177216e-02,2.074913482450287672e-01,-1.806086586516817416e-01,2.358435037541094514e-01,2.043764644153192936e-02,1.259706083584223313e-01,1.766537739738442969e-01,3.169842814816525162e-02,-5.498494821713720282e-02,-1.214100798535829029e-01
3.882394836851812414e-01,1.622031819454247126e-01,3.584886017579234641e-01,3.804891433784354793e-01,-7.214843187590708196e-02,5.180772660269538504e-02,5.481628255723697274e-01,1.977829978337200811e-01,-3.786236686250681327e-01,-1.212223973211103700e-01,0.000000000000000000e+00,2.966352047196488817e-01,7.193584644619447355e-01,4.084336671390368934e-01,3.751018894711073415e-01,3.358417518932518830e-01,2.391053499459802056e-01,1.810900499085813520e-01,4.173227159269637387e-01,2.234208523288876980e-01,-1.516297729652069937e-01,-1.306595978690240356e-01,4.999262632219463320e-01,3.539693977658034396e-01,-8.282960568051669914e-02,-3.000332420603519720e-02,1.474778567500200678e-02,-1.685788088750990732e-01,2.938669842807157262e-01,2.703577405616159335e-01,3.462325158359425559e-01,2.795716244089183622e-01,3.562234625496707441e-01,3.449111859806286429e-01,5.400133481624830312e-02,-1.171501615730742712e-01,2.997986371395697236e-02,1.052137318073911448e-01,-1.881205506011288386e-01,-4.287101824731956445e-02,-2.622537810483248077e-01,1.590971267187092086e-01,-1.337645047126122255e-01,-7.722244335542904903e-02,-3.060438057889498520e-01,-4.268918921625596830e-01,-2.645836083238261027e-01,-4.460146987887768644e-01,-3.898528372425135169e-01,-3.716200694367847723e-01,-3.901375689413923431e-01,-5.186257148139268303e-01,-3.588156570907964360e-01,-4.093700844225385271e-01,-4.477833463048606633e-01,-3.821487830995875523e-01,2.161920563276128748e-01,1.891854688102666271e-02,-1.925044056678573978e-01,-3.263315841067768730e-01,2.740988258397452637e-01,3.868653142510100618e-01,2.937440924492792926e-01,1.701697080432032494e-01,3.505344659874387037e-01,3.496914834380968617e-01,-3.141614737847626786e-03,-2.753869776365948097e-01,3.904111762469970881e-02,-1.738837154834205756e-01,2.650746878701006892e-01,-4.403989577234385111e-02,2.773336083760202242e-01,3.394651150534817585e-01,-3.753653869784970981e-02,6.563888314001639634e-02,1.217577017152655650e-01,-3.140407013974067657e-02,2.827764244327201082e-01,3.102048099915400980e-01,2.941044540662266504e-01,3.186946954280161504e-01,4.220663872162368491e-01,9.828432962790366323e-02,4.482545747729221319e-01,1.129677758570084983e-01,1.205340479970601203e-01,4.290077878435765574e-02,2.200227322240982941e-03,4.744984567594284081e-02,-1.619150678623526018e-01,-1.383639166013697630e-01,-4.143755882996646295e-02,8.111804134448744041e-03,-1.003093168732050455e-01,-1.541032781561679776e-01,-9.592848127157907467e-02,-2.408158314874143668e-01,-3.023352298882279188e-01,-3.296982132177613822e-01,-2.898231510565377755e-01,-1.245309125058048638e-01,-3.265559510328779891e-01,-3.987046042448230132e-01,-2.069334611255469192e-01,-2.938978497528735856e-01,-1.440281070521138851e-01,-2.253103536097715021e-01,-8.052900538171782474e-02,-2.034011350335795665e-01,-3.517340422861636728e-01,-4.078439565412896872e-01,-3.933612812956235882e-01,-2.810248410521011819e-01,4.031735899992029415e-01,6.123614419435964573e-03
5.772201165911095000e-01,5.258324362060151635e-01,-4.427260492918426160e-01,1.750684952300674002e-01,-5.085046411818098244e-01,-3.606639841268018398e-01,8.442336601867238277e-02,7.463630937211299665e-01,-6.011076930238393734e-01,-4.307846743121563904e-01,2.966352047196488817e-01,0.000000000000000000e+00,3.580732978068497108e-01,8.127465356346748049e-01,-2.701669389510031882e-01,5.348009511854581732e-02,4.755499806010548558e-01,4.879092695421160530e-01,6.042495716802228634e-01,6.162454073883154582e-01,-5.302908481344728031e-01,-3.382662759650548745e-01,-2.702479140323612028e-01,-2.817664409111098056e-01,-5.943521290541278201e-01,-3.716818893497867982e-01,-5.990115966014605275e-01,-4.660389308357451577e-01,4.865544646606415058e-01,6.399453449573739849e-01,-8.744221728341211586e-02,-1.655363081575948192e-01,2.954731466183134758e-01,4.977683918973099253e-01,-5.609855745684219075e-01,-5.666342821438311583e-01,-4.968796876548673414e-01,-4.545509816198654574e-01,-4.503388281321699660e-01,-2.542517944853028844e-01,-1.787697812983719547e-01,1.707323743891824841e-01,-5.110833892462268713e-02,-4.371279151077203315e-03,-3.573921568133748838e-01,-1.759621994107362364e-01,-1.447667837760956144e-01,-2.383117503367311041e-01,-1.860416261355530287e-01,-6.504113147625885383e-02,6.484082096840830534e-02,1.826409181356675182e-01,-1.784673867746769393e-01,2.515039373129791117e-02,-3.193702137152376608e-01,8.336167202831405720e-02,3.698998141007541762e-01,4.947105489248777022e-01,2.890381730794897575e-01,3.625207797237525731e-01,3.281894723162294136e-01,6.116851148182628206e-01,4.702724529338052628e-01,7.693917761303753489e-01,-3.373254260501681312e-01,2.585140410893350602e-02,-4.256969212965442950e-01,-3.185176979034445854e-01,4.358759426339929854e-01,2.810818564413911647e-01,3.892073670879505065e-01,9.470785253796967784e-02,3.494491595758942304e-01,4.606857667973343062e-01,2.330016823036198670e-01,2.572461057045901112e-01,-3.592454984060412804e-02,4.760646714629807909e-03,1.053731593783510528e-01,3.820852805522907403e-01,3.048627234247806572e-01,3.630138741603282093e-01,3.863919158681900640e-02,7.157936768687236939e-02,-1.531708540047203304e-01,2.831916005646893386e-01,-2.590212637450518551e-01,-7.336691314411381004e-02,-2.564606878648503785e-01,2.849476598162659427e-02,-2.267315239615248224e-01,-3.561642595244727816e-01,-1.270756407898441243e-01,-2.139972389043762468e-01,-5.893665783398261554e-02,-1.914612481167751457e-01,-1.251853619423499431e-01,-2.049822653123234417e-01,-8.645922916187449847e-02,-2.820034329366610248e-01,-1.830591756161143446e-01,-1.416213254342571504e-01,-2.153104256574730202e-01,-2.000160055771126877e-01,-1.236479908373170206e-01,-1.325219050781814827e-03,-4.017190197539046714e-01,-1.547714696440009863e-01,2.252963231907779626e-03,-2.215826660941495885e-01,-2.173162461519721478e-01,-3.240109836993668724e-01,-3.175894660659107638e-01,-2.209491400541546691e-01,2.386511310694061083e-01,9.003784360006772403e-02
2.966952806289976374e-01,8.473149340282681852e-02,2.488129356765636235e-01,2.897491238673166047e-01,-1.494101271530185182e-01,3.915269817460537843e-02,6.423027535556656842e-01,1.945566532215373123e-01,-3.023843570029043915e-01,-1.084898523723048548e-02,7.193584644619447355e-01,3.580732978068497108e-01,0.000000000000000000e+00,4.532231309804348185e-01,4.179511356873042982e-01,4.684581338478873702e-01,1.264582405259228048e-01,1.190283800644976742e-01,2.935509798860662101e-01,2.140253886631960922e-01,2.242862249839302699e-02,1.017102032934573685e-01,5.096666337867943319e-01,2.612962763639159469e-01,-7.529191764678308529e-02,-6.046349604673462164e-02,-2.847297078162895970e-02,-2.007908788638327474e-02,2.470585073469565296e-01,2.396394597691057782e-01,1.757443994353320438e-01,1.270022187516474110e-01,3.761076525855535091e-01,4.223087770498522020e-01,1.649332146720402792e-01,-1.459409171318737097e-01,1.467519997447695457e-01,-5.507263582561426618e-02,-3.144751981945078517e-02,7.056836057505791460e-02,-6.865842846867660498e-02,2.491283669244333809e-01,-1.503173830275690015e-01,-1.306911053493913788e-01,-3.979354716394119529e-01,-5.654207527506494024e-01,-3.916246850135131075e-01,-4.977569849329755436e-01,-4.815501912392000095e-01,-5.349173949485638291e-01,-4.601776599364623133e-01,-5.516678838333004542e-01,-5.341023245743777847e-01,-4.625371046166619760e-01,-4.824732279911195798e-01,-4.592548519214910696e-01,4.060357402190924170e-02,-2.447765588163917233e-02,8.982859881693977533e-03,-3.820082001416207351e-01,5.655372302297018150e-01,4.111049101294712571e-01,2.306909997137340795e-01,8.923316695679757438e-02,4.856777670129076574e-01,3.731584122803085490e-01,1.078886917869036483e-01,-2.274344247287223564e-01,1.621507682011098794e-02,-8.808825059964370263e-02,9.239107366105009378e-02,-9.838718461397567491e-03,2.422157913167395094e-01,4.078970854910523025e-01,1.713856376612831259e-02,2.723372515644683078e-01,1.405914524600410942e-01,-7.505209440687385380e-02,1.498470867817858765e-01,2.179512444137227389e-01,1.892723451583380734e-01,1.968099967417628049e-01,3.389636553802480856e-01,2.420723087330911572e-01,3.891060826055313115e-01,8.313754968687835090e-02,4.545412331935141242e-02,1.810405949430309580e-01,9.930665148161675615e-02,1.560492690700385487e-01,-2.850547063918821289e-01,-4.705337274390394842e-02,-4.514670512778946182e-02,1.353312920935091090e-01,8.601242976920069408e-03,-1.137788749897751667e-01,-4.673198712337960775e-02,-2.114958485871769045e-01,-3.476211639383670615e-01,-3.262891139892988845e-01,-3.395563982444821383e-01,-3.355555333194878889e-03,-3.926317276560508107e-01,-4.388801255616215369e-01,-2.868300736433365694e-01,-2.676016415393371317e-01,-2.265390769812085647e-01,-2.842839308044603497e-01,-1.748980857141412826e-01,-2.663501939661855888e-01,-4.036803099949436424e-01,-4.447617773549824016e-01,-3.828232225466031147e-01,-4.507911387288691674e-01,3.808385354308749804e-01,5.340497978635208066e-03
