0.000000000000000000e+00,7.546320414908248564e-01,2.627554644897557856e-01,5.786825011745068137e-01,-2.134733998760686424e-01,-2.342893166030664276e-01,1.255914756910144793e-02,2.453857607970340027e-01,-3.799944381955903672e-01,-2.849577038923622463e-01,5.361228549682200972e-01,5.107591278169921756e-01,4.438776677148403849e-01,4.288076534630665959e-01,-1.041683034829105486e-01,-5.273680213918237325e-02,9.810310197718759284e-02,1.240454472264448937e-01,6.454226541318721644e-01,6.395521720313321890e-01,2.375740306640963806e-01,-4.632972202659050437e-02,3.001147511378634766e-02,5.608050820359136365e-03,-4.498940210569140480e-02,-1.510182603450548888e-01,-6.660594066140224957e-03,-4.769442638471254464e-02,3.266288777335171756e-01,1.757302268397172851e-01,-1.807885219702524970e-01,-1.598665645820061820e-01,-2.067082632889656879e-01,-1.691421552878348555e-01,-2.562791855249249018e-01,-2.986277077375530387e-01,5.208329555414203255e-02,4.350281035136532165e-02,6.577845542473573226e-02,2.227597328581231162e-01,9.039674285246995789e-02,9.663997643278968153e-02,-5.564263390435355561e-01,-4.641660721736791673e-01,-6.095341572890983217e-01,-4.873232606398062439e-01,-3.320903536669815304e-01,-1.271583208930064379e-01,-4.915425334960729087e-01,-3.635579076984854496e-01,-2.602853398525992734e-01,-5.300126597921298727e-02,-1.432573355726197428e-01,-3.707764603053151919e-01,-1.462815741057033325e-01,1.283076786841989558e-01,7.673933922569629029e-01,6.419117893405149600e-01,2.604303843512160710e-01,8.139504015720482044e-02,3.957803964019287468e-01,3.463872448629996548e-01,3.519534164562846401e-01,-8.805524714458524971e-02,1.570535919998026220e-01,2.112845801801189471e-01,-2.695672709120744970e-01,-3.725602932360891351e-01,5.645233164294743977e-01,4.919241379004374859e-01,1.836479913298025568e-01,3.375418558473968628e-02,1.699286190945696884e-01,1.432672067330299226e-01,-8.573850214787008539e-02,-1.557841351175020816e-01,8.809330539909757118e-02,2.614441203383087789e-02,7.626848235930643038e-02,5.872906080482978575e-02,2.759625995341509208e-01,2.091863589782121946e-01,2.316349338079437201e-02,9.627360867863538063e-02,2.382378486141557561e-01,4.963432774242435702e-02,1.266753003602259231e-01,1.348219781121062499e-01,5.327507618837994813e-02,-1.073208961676640066e-01,-5.895224403847894035e-01,-5.398516642291306677e-01,-6.088472274809727525e-01,-4.649071131701363324e-01,9.527527129923172092e-03,-1.708396309273466918e-01,-4.634273418181477089e-01,-1.548940709195598120e-01,-5.541771213227210113e-01,-5.017527479437303706e-01,-1.722632323788549913e-01,-1.874633420579066012e-01,-2.259191428128469459e-01,1.033701983751508791e-03,-4.467116697298023076e-01,-3.739515096329336652e-01,-5.581995209205119213e-02,5.556802123131134030e-02,7.943193510569682148e-02,4.384971865034872907e-02,-4.115585570529532999e-01,-4.411532158689011052e-01,-5.043970031192319681e-01,-2.900574786944924432e-01,-4.151315666285472772e-01,-3.105196518839549169e-01
7.546320414908248564e-01,0.000000000000000000e+00,1.964253367225435032e-01,4.646553608773762445e-01,-2.639224726159724588e-01,-3.634022810267319992e-01,-1.106281647938750362e-01,3.091118459995937928e-01,-3.294790560044097982e-01,-3.468972968857383932e-01,2.756872438343585530e-01,4.334666145099668189e-01,5.018622463961549540e-01,4.540126324920331080e-01,-2.222462429460410338e-02,-8.928606818207288076e-02,-1.790702593026421985e-02,1.606145519687383338e-01,4.219317834216979590e-01,5.107512040165321787e-01,2.627073618385883935e-01,-6.488479751006055729e-02,9.961913367428147648e-02,1.010729293577484755e-01,8.594775885515175753e-03,-1.301542519521633329e-02,-3.816261907154048366e-02,6.100868492264893521e-03,2.540844653054086244e-01,5.347099511984375331e-02,-1.518662149165476150e-01,-5.323612283826443387e-02,-4.335645076511174256e-01,-1.378858593042833758e-01,-2.561172647215096965e-01,-2.503097838401180941e-01,8.530338725037975300e-02,1.351051070120467545e-01,9.037151060355431975e-02,2.365965759974632265e-01,1.119706948955523015e-02,1.827234422105538103e-01,-6.111022411730390180e-01,-4.770226457209778004e-01,-5.676428553670472832e-01,-3.721166820359539384e-01,-3.122474369194565003e-01,-1.244281814801635050e-01,-3.672825095982774624e-01,-2.158011975088706402e-01,-8.274360941263979308e-02,1.801766894775119754e-01,-8.205053129673836251e-03,-2.058637795500159184e-01,-8.167281617971837437e-02,2.993211458793178514e-01,7.297646152209763537e-01,8.740863535908324211e-01,1.993450285915576714e-01,2.068313735986289370e-01,3.464975977261094964e-01,3.458253467901413192e-01,3.341136160119779208e-01,-2.481256455520925441e-01,3.259623297470644054e-01,3.392089907564186935e-01,-3.735208168196986200e-01,-3.655226770717938667e-01,3.734705639004307076e-01,5.437216112618092900e-01,1.056405803821217904e-01,1.010816911944445867e-01,2.171464769752149138e-01,6.952854054449036925e-02,-2.161984725006532715e-01,-1.320971918142936075e-01,4.302423538769658412e-02,3.838697226874916713e-02,-8.207046330364780630e-04,3.362238607461894013e-02,2.795465719513158254e-01,3.915090500783007799e-01,-8.368403989957896860e-02,1.478328527592313590e-01,4.528802820421813369e-01,2.893489283113699351e-01,2.316058029923999118e-01,1.430208610784224066e-01,7.362482586357955300e-03,-1.064126717257892485e-01,-7.222723283337754152e-01,-6.317070184299578006e-01,-6.718807164291877854e-01,-5.347308851333550939e-01,6.934869086406628136e-02,-6.845514286960746597e-02,-5.437488328144539640e-01,-1.327789505981916696e-01,-6.521668726567464436e-01,-6.172043599104115597e-01,-3.189636926128454619e-01,-2.748789974854847773e-01,-2.130222260286820102e-01,-3.277419435236336026e-02,-3.843426146523923892e-01,-2.045085278919760441e-01,-7.132457680531636979e-02,-1.964643899651416503e-01,3.639775536950361212e-02,3.565692855421572632e-02,-4.409015669437563179e-01,-5.165157802130383446e-01,-4.887321471390561611e-01,-1.838608376406967448e-01,-2.427303522523806545e-01,-4.872074199874067979e-01
2.627554644897557856e-01,1.964253367225435032e-01,0.000000000000000000e+00,5.762299441915115228e-01,2.562534105859662001e-02,-2.124263011822350583e-02,6.806592487444916850e-01,4.700026670760312775e-01,6.142981440541122468e-02,-1.121499836996729255e-01,3.941714414419665857e-01,2.370057275859303314e-01,1.786987968035362306e-01,2.097059429873979197e-01,-4.136417616494628136e-02,-1.489694026526753035e-01,-2.871363831045724013e-01,-6.803290508983790563e-02,3.165935442693228463e-01,2.401650645967524089e-01,2.033936046712603654e-02,-1.192361388019633900e-01,3.646845835088206034e-01,4.308344244761524444e-01,9.578077547412647275e-02,1.387386837435819753e-01,6.983197466677026899e-02,1.188078551081970038e-02,-1.719444393607930111e-02,-6.775719871060045807e-02,3.618522103528952760e-01,2.198443501382746357e-01,2.315934248351888547e-01,2.003379278310828127e-01,3.475135301525862641e-02,-2.009401692415651031e-01,-4.127023033128470408e-04,-1.478983825303747668e-01,5.450249202762573464e-02,1.332669663964628493e-01,7.325402899000892087e-02,-1.687494519957045691e-01,-1.849270125005041399e-01,-2.349214611384057572e-01,-1.756122393149351091e-01,-1.814035495877588389e-01,-1.376468930332000462e-01,-1.928918712384143919e-01,-8.010984628136212649e-02,-5.106073038516278743e-03,-1.145528833895770038e-01,-4.972970011037766702e-02,-1.985954257255382049e-01,-3.545213615835322019e-01,-3.051383172689613524e-02,-6.540861337261212605e-02,-2.224566449769106724e-02,4.295938210409906005e-02,1.717853067333656725e-01,2.667350817809715016e-02,2.556146038133157439e-01,1.324410866605218451e-01,-1.696403016453849055e-01,-2.541332354646538838e-02,2.627232223617226303e-01,1.605954345946821737e-01,1.113975769204403193e-01,5.427072144195126818e-02,1.716759644199318535e-01,1.968999317022924675e-02,6.370595012680227431e-02,2.234742767023431831e-01,2.543224210346423653e-01,1.072268159959551270e-01,2.492322822918651912e-02,-3.203191392062735426e-02,-2.585427940282561954e-01,-1.020791205261522422e-01,-1.915182386727420638e-01,-3.907956457777342352e-01,-1.053305369390622470e-01,-2.102904931588693294e-01,-3.985796389263918660e-01,-3.178361053966174965e-01,-1.845848167327233391e-01,-2.546583120681858436e-01,-1.286589345166727072e-01,-2.021701499747651787e-01,-7.562931626994190415e-02,-1.373601872826564763e-01,-4.651438283870621554e-02,8.539726822940982287e-02,-5.449734381609028233e-02,1.586513492874660480e-01,-1.942260440032801405e-01,-1.232512996693159169e-01,-2.277457686570584505e-01,-2.168858716773775508e-01,-1.545056974635306557e-01,-1.546326142070773846e-01,-1.167955058105829974e-01,-3.851778631668392738e-02,-2.589659723024623772e-01,-9.310403637040448599e-02,-1.856938571774717217e-01,-1.636949331773834559e-01,-1.776747679476067543e-01,-1.046518263254543613e-01,-6.792235508795135823e-02,-1.937941585376559417e-01,-2.374997663615713295e-01,-1.018164816759001695e-01,-2.791653652083695911e-02,-1.599486502733625803e-01,-1.649950328039039571e-01,-1.182844038780157814e-01
5.786825011745068137e-01,4.646553608773762445e-01,5.762299441915115228e-01,0.000000000000000000e+00,5.962438694469799488e-02,1.311132817682920775e-02,2.012530671046251218e-01,4.709481609514939993e-01,-1.420065985829502553e-01,-1.366982623911309758e-01,2.189572606848982916e-01,3.296899293364257688e-01,2.147259286626726216e-01,5.202365664200895301e-01,-8.371280034451518068e-03,4.565660152987934678e-02,-3.789488986376547408e-01,-5.464094881148155031e-02,3.553681452070524549e-01,2.593829652651573614e-01,3.127863802247373703e-01,-2.043260805244038192e-01,2.491053103028466331e-01,3.839356594689130597e-01,1.824382691182272753e-01,1.713038040358868253e-01,2.673187458029535057e-01,2.045005604194975388e-02,1.152980405308981909e-01,4.925256467974787472e-02,1.193927366604272539e-01,1.900341519094110865e-01,-9.602848112176139150e-02,-1.174154836070031155e-01,-3.780502365967370326e-01,-4.265117359474058234e-01,-6.123030616712855922e-02,-1.002553258806822278e-01,9.170902672293387847e-02,1.051286978514410081e-01,4.832906282924641708e-03,3.996297667747783500e-02,-5.145652545715734272e-01,-4.566086804186815784e-01,-4.808748972351822304e-01,-3.915101758497171458e-01,-3.846893178127170354e-01,-2.032508659432445963e-01,-2.687212122842784212e-01,-1.396136711427596877e-01,-2.258336663949543632e-01,-2.904159722460705056e-02,-2.228639579537164406e-01,-4.189291937702470103e-01,-1.975386110886103719e-01,-3.507216415328372888e-02,3.247167685210514687e-01,3.363045415045639586e-01,1.688847798176207060e-01,5.005248940079671388e-02,2.251423520877148532e-01,1.971677295179999345e-01,5.907123269578187785e-02,-1.892257716601663808e-01,1.066346814073311361e-01,2.919633951067237554e-01,-1.735014718237483378e-01,-1.995021339302479879e-01,3.291348418769036166e-01,1.420054747928181649e-01,3.930369395811292299e-01,1.996520391879543499e-01,3.331197090973097574e-01,2.345282736308784144e-01,6.874773275658224714e-02,-1.083124520119323753e-01,6.732912187899382783e-02,3.068999355309071086e-02,-2.223314030594591151e-01,-1.910964353162487583e-01,1.251283152108415841e-01,-1.845914202917831037e-02,-5.466481127896961889e-02,1.257733573207447664e-01,-1.308347455497179956e-01,-2.722123107720075819e-02,3.465616578590212105e-01,2.902692190792402482e-01,1.964113579440430191e-01,-9.956679008307300904e-02,-2.894555302572426880e-01,-1.467977966609438634e-01,-2.341701930144171051e-01,-5.217971088536808855e-02,-1.693462605806042298e-01,-1.392552081026670052e-01,-4.348760301575860798e-01,-1.319367590294793779e-01,-4.521327585698567963e-01,-4.347708612348376023e-01,-2.574405066599967373e-01,-1.666244092011883726e-01,-3.487215888738473546e-01,-1.033373829972707297e-01,-3.832392497283133581e-01,-3.038405438723822960e-01,8.824401794290846757e-02,5.283616777207876536e-02,8.210832419855654263e-02,1.404042632844780362e-02,-4.633407817998113631e-01,-3.752341140988855739e-01,-3.214421161007817718e-01,-3.732079896094178673e-01,-4.542892471588784176e-01,-2.302425662637467840e-01
-2.134733998760686424e-01,-2.639224726159724588e-01,2.562534105859662001e-02,5.962438694469799488e-02,0.000000000000000000e+00,8.766275839379100709e-01,2.020112900933525024e-01,-1.800177861759175504e-02,8.105882857944960440e-01,8.097329464395619514e-01,-1.430085397810716419e-01,6.697532251669111730e-03,-5.706592538912114154e-02,3.805780615383476395e-02,5.866115855908478061e-01,6.100859657219486198e-01,-1.018647596308939612e-01,-1.023927680456871436e-01,-2.894105559978732423e-01,-3.661405173373185606e-01,1.698180736326019846e-01,2.068195027335066050e-01,-1.784969796409270615e-01,-1.337232390756793454e-01,4.966182458671770661e-01,4.976404984065723736e-01,8.067933411041364744e-01,7.175491944635130626e-01,-9.512624846378478494e-02,5.406615169723991837e-02,2.777001467880838015e-01,1.080720727040119095e-01,2.279318896537137901e-02,-8.606818642228872274e-02,-6.380312471754182035e-02,-7.781214523086027457e-02,-1.906537904680678241e-01,-1.231943114777406395e-01,1.391331893002921427e-01,-4.914727446506510916e-02,4.685021948239717626e-02,2.611814891642462791e-02,-2.529670408514881133e-02,-5.128083732404137285e-02,-6.661990492259442509e-02,-1.398061061387422255e-01,-1.535100400655694530e-01,-1.383317119854682309e-01,7.458051666949483405e-02,-5.613692932177014733e-02,-6.812580415737104836e-03,-1.015115921738654059e-01,-2.167271411262160219e-01,-1.469033550639324837e-01,-1.203906403111012630e-01,-1.805099144333207062e-01,-2.494650980951750030e-01,-2.883044748054189865e-01,-1.273088739064619779e-01,-1.285746615360650047e-01,6.873179379746925666e-02,1.052002523609103790e-01,-1.661637190873912484e-01,1.020206454730789580e-01,-2.076253120416666487e-01,-1.583568895562668111e-01,-4.259439238794102134e-02,-2.059969454332102046e-01,-1.227150257747380568e-01,-2.684046385996795014e-01,1.655169534065183690e-01,5.862488884468853093e-03,-9.971553759866143285e-03,7.193911511943464065e-02,4.000278600466095069e-01,1.585535827093059458e-01,9.092992665033007571e-02,4.180956234934569277e-02,-1.202352905149105117e-01,1.555150915242935472e-01,1.253788658080526031e-01,-1.577137516316442778e-01,4.432335662984829283e-01,3.280834528613386092e-01,-2.976092751882484788e-01,-1.246369794244731460e-01,4.856367386666798347e-01,4.456935854566482780e-01,3.811279707125578287e-01,2.867984097044291580e-01,2.633732061653691892e-01,2.840636589407228851e-01,2.997525884305706212e-01,2.006017225734367804e-01,-1.920308956184269555e-01,9.450000659938734282e-02,1.309051334357901608e-01,1.215134706367246575e-01,8.817716377446183085e-02,1.067895927419404076e-02,9.209444470830333018e-02,-4.061999733212281333e-02,-1.809771603649784899e-01,-3.715753755261481661e-01,5.381427702419964293e-02,3.624771197388079041e-02,1.529675994135382133e-01,3.625814863223512236e-02,1.279890859611856370e-02,1.836386218648008439e-01,-8.262417054348930590e-02,5.725410412541601796e-02,7.439786096346549978e-03,5.426166779208956015e-02,1.755516666454561836e-01,3.047115333276497195e-01
-2.342893166030664276e-01,-3.634022810267319992e-01,-2.124263011822350583e-02,1.311132817682920775e-02,8.766275839379100709e-01,0.000000000000000000e+00,2.339151440508931701e-01,-2.409949419256092462e-02,7.914115836147846972e-01,8.698149036500840703e-01,-1.660697603399662048e-01,-5.238740663005411052e-02,-1.871618255569229006e-01,-5.650748998209378232e-02,5.036070108318024818e-01,6.259297638804793840e-01,-1.458304187088739316e-02,-2.036498946448945732e-02,-2.177302825208925485e-01,-3.013316494375344878e-01,8.754643362663640238e-02,2.060312786641734784e-01,-2.123814667200261963e-01,-2.077204941202334398e-01,4.382137152986841366e-01,4.453634934350376162e-01,7.121073076319224260e-01,6.769688885731598438e-01,-1.717613911335748311e-01,8.279823056202682829e-02,2.435162043757750083e-01,3.158763757577565112e-02,1.278020235891382250e-01,-9.318628419559349743e-03,-2.440957840719298541e-02,3.079414998777598236e-02,-2.641541268374220097e-01,-1.301118937526344332e-01,1.969796273827938149e-02,-1.100691126623854349e-01,9.163479707565989896e-02,1.432660040366553478e-01,2.604033602789564833e-02,-4.709118942376797068e-02,-6.874566051289897339e-02,-1.809180290907231037e-01,-2.050054691267144957e-01,-2.049924919937626822e-01,5.117136569476236907e-02,-1.418510417032285698e-01,-7.930919351812032447e-02,-1.915978335419512013e-01,-2.584804845844068666e-01,-1.103937782189621658e-01,-1.780804554405613915e-01,-3.142690030906563070e-01,-2.830928827732964170e-01,-3.557914377165956599e-01,-1.164058088493289261e-01,-1.921308319739204185e-01,-2.597266771301599830e-02,4.994766923882973386e-02,-1.745444423612167451e-01,3.024317394851818719e-01,-3.443764640882316375e-01,-2.753621614307010246e-01,5.132858933260336931e-02,-1.403836879544447525e-01,-1.100821145239879589e-01,-3.396558314837201387e-01,2.091750269206558432e-01,1.849847999100956777e-02,-7.101100432549636854e-02,1.216429285934082782e-01,4.562026881755014140e-01,2.629211236949453578e-01,1.892144217211331192e-01,1.427807961018307537e-01,-1.410576292176955737e-01,2.206444327733357580e-01,5.478160560979958293e-02,-1.527478049177121155e-01,4.348697758572208083e-01,2.456889623027516678e-01,-3.384052632013272999e-01,-1.088754857825877664e-01,4.027663803187245262e-01,3.556851830947016513e-01,2.991700767750647416e-01,3.062304575225585079e-01,3.929168399266910194e-01,3.725452348818037995e-01,4.441560275146735348e-01,2.507059699267483732e-01,-1.040770041662738427e-01,1.321628157955742344e-01,2.515308940796578963e-01,1.663006749980215637e-01,1.975266608427802273e-01,1.496958616571767986e-01,2.182151964126591848e-01,5.753892468187900983e-02,-4.570930444441633628e-02,-2.105996680898811479e-01,1.175041769969811939e-01,9.444909357067036992e-02,6.639905421464734059e-02,9.026053997236596627e-02,9.941560990612403892e-02,2.350950638681684746e-01,4.827441818894689929e-02,1.877287527007750201e-01,1.158468359926939223e-01,1.266977605357652858e-01,1.418706066428249979e-01,3.588014838086708846e-01
1.255914756910144793e-02,-1.106281647938750362e-01,6.806592487444916850e-01,2.012530671046251218e-01,2.020112900933525024e-01,2.339151440508931701e-01,0.000000000000000000e+00,5.372283123586947262e-01,3.571960408553778166e-01,1.639590184513481930e-01,3.633754307341816592e-01,2.196053682793768780e-01,1.441155067208676754e-01,1.253249439013473243e-01,6.631636228785519824e-03,-5.918779081996995012e-02,-1.728778238645551912e-01,-8.674176956364382240e-02,1.453237624565829611e-01,1.392144886039519136e-01,-1.327756650066633237e-01,-9.614304723610792025e-02,2.108335827635393622e-01,1.338562828917930769e-01,9.661852009216881365e-02,1.309742111811429410e-01,7.941503784724866788e-02,4.675872434084736573e-02,5.220896530755609645e-03,-7.006377167450021648e-02,3.223027140794637035e-01,1.577432801176991417e-01,2.564891652293141422e-01,2.458381456014177846e-01,1.093984549629048592e-01,-9.938612733800871943e-03,-1.474435178382272060e-01,-2.280048868640331405e-01,4.953466231567110051e-02,8.256830505626699956e-03,1.194054958978271880e-01,-1.267887252522793551e-01,-7.507761015141790895e-02,-1.770286580965398371e-01,-2.036581909598899343e-01,-2.085681687660237704e-01,-9.285776587547740768e-02,-1.115576712517210994e-01,-4.900759475149826100e-02,-8.494306883609197001e-02,-1.277705571878373358e-01,-9.482995967272767057e-02,-2.965390568979352492e-01,-3.065743295217351894e-01,-1.010189966748704232e-01,-1.846395372215419994e-01,-3.322129479477269887e-01,-2.384541677674713867e-01,1.026311916081223963e-01,-8.092289327567524226e-02,3.202681213180587627e-01,1.524834140060942478e-01,-1.530903062357104882e-01,3.002013580441205698e-01,8.650101732960227552e-02,5.937552610992224283e-03,1.836527711773837390e-01,3.076259125023714236e-02,-1.737061127045616549e-02,-1.582099872761734138e-01,-1.548491329861000597e-02,2.253342816757275546e-01,1.511609256631155918e-01,7.007165716009472467e-02,9.595032593919665398e-02,5.615893018357329125e-02,-6.655041043975123971e-02,1.270215580831698388e-01,-1.639784433268512975e-01,-2.763264672857028703e-01,-1.246530788237141252e-01,-2.533731502623992604e-01,-2.680083329102309064e-01,-3.125541247176373272e-01,-1.974833382365926426e-01,-2.415103147137896977e-01,-1.556830630477498423e-01,-1.704851298522944703e-01,-2.951488547440057203e-02,-9.688981539371603613e-02,1.797672485351304306e-01,2.567543433984260104e-01,1.944397105521946112e-01,3.613762671708053431e-01,4.180399934690372937e-02,8.757737962925745898e-03,-3.446352113131144392e-03,-1.324817802367601605e-01,4.993255624691131551e-03,-8.190055574673081595e-03,9.633776613487689267e-02,2.519707518995647488e-01,-8.109352333035088622e-02,-1.209446430747207479e-02,-1.168470641331537802e-01,-5.884323857192656076e-02,-2.098038959620390775e-01,9.589227651372543224e-03,5.920929167300242185e-02,-6.513886550743312742e-02,-1.491357804883996496e-01,1.073330505066267399e-02,1.612068649352255689e-01,7.603307059950029090e-02,-8.590448900384227426e-02,-9.506193700124865309e-02
2.453857607970340027e-01,3.091118459995937928e-01,4.700026670760312775e-01,4.709481609514939993e-01,-1.800177861759175504e-02,-2.409949419256092462e-02,5.372283123586947262e-01,0.000000000000000000e+00,9.759531404317518810e-02,-2.185005992426984275e-02,2.762291118541214674e-01,4.681526838697646631e-01,4.052762357222890466e-01,5.801895836312351840e-01,6.254134997360187576e-02,4.049344997869336327e-02,-1.722546697197474275e-01,5.240635421581188794e-03,2.255711085182491582e-01,2.704064861328684954e-01,9.164345064485465708e-02,-1.495239316711173827e-01,3.220217615763926733e-01,2.576223157933327235e-01,7.983672132565944324e-02,1.838495423461162515e-01,6.088310510317049284e-02,1.148952809305149592e-02,2.644076650119115413e-01,-1.106992139806306508e-02,2.945887270257494528e-01,4.297552588018182518e-01,-7.830862787778659906e-02,2.365693483868814562e-01,-1.373636755260752018e-01,-2.948659047078483128e-02,-1.261361596697222476e-01,-9.543410882887491675e-02,-1.028768233088597946e-02,-1.577370692912697658e-01,-5.966271728402507829e-02,7.927537889626817824e-02,-4.212879801932586377e-01,-4.429353630853168355e-01,-5.261607921280377909e-01,-4.413141123742362337e-01,-2.838932992974322334e-01,-1.862182863345898387e-01,-2.497657330399219722e-01,-2.180801787705962391e-01,-1.976481239444218274e-01,7.879811991723172787e-03,-3.314262854534252289e-01,-4.720185941015722642e-01,-2.041470958261291657e-01,2.559703060901937118e-03,-3.521121638358722106e-02,1.511821338340953447e-01,-7.046267358467306341e-02,-5.519258768151724670e-02,3.723081794014368451e-01,4.425589154862249464e-01,1.565722917268863035e-01,2.354075377069393404e-01,2.837736439417863354e-01,4.365978628528580097e-01,-2.742496460359235000e-01,-2.727997154003815039e-01,-1.337810051840884473e-01,6.706592345103730250e-03,1.103690604260628566e-01,3.716275304002588098e-01,2.417158906919956718e-01,1.392708342083681661e-01,-8.748953535789468633e-03,5.010718197385404665e-02,-4.625238301121893658e-02,1.194484743847332026e-01,-2.254325626921003245e-01,-2.306000164916858497e-01,8.492946564819331412e-02,3.930303863032424288e-04,-2.242222330513076178e-01,-4.067691325164615734e-02,-2.776003501471863491e-02,-5.724221785058433015e-02,1.624563763518560577e-01,5.350542053758097771e-02,-1.029135167772780857e-01,-2.587153536805990584e-01,-2.256757271800935716e-01,-1.821558735730642309e-01,-5.793503294579575857e-02,-6.560687525507133411e-02,1.219949117158190127e-01,-1.476801056624380860e-02,-2.798773828041490885e-01,-7.474957271122102676e-02,-3.691121902026188728e-01,-3.554394366590701848e-01,-1.580052932157127166e-01,1.881033991847399015e-02,-2.315938261370714957e-01,-5.459412804991924800e-02,-3.030858628655757614e-01,4.859026905473156320e-03,-4.815534069213424362e-02,-1.363629234169836668e-01,2.697302131041960371e-01,5.183300937094294236e-02,-3.230474122507910884e-01,-3.499380545009054266e-01,-1.440805721345697343e-01,-1.234855510312418136e-01,-2.150441588396238002e-01,-4.518186033562983650e-01
-3.799944381955903672e-01,-3.294790560044097982e-01,6.142981440541122468e-02,-1.420065985829502553e-01,8.105882857944960440e-01,7.914115836147846972e-01,3.571960408553778166e-01,9.759531404317518810e-02,0.000000000000000000e+00,7.796592456831458184e-01,-1.903048939283123187e-01,-1.181145226747436078e-01,-5.783791090691172559e-02,-1.296196857217161158e-01,5.272465819295030220e-01,4.142975509876979934e-01,-3.133446742821396208e-02,-7.445593575911529927e-02,-3.697444379794982972e-01,-3.437442702909994097e-01,4.769578236782756608e-02,2.898411834622968697e-01,-8.102896540246269652e-02,-4.708818583059116297e-02,4.329679310202797504e-01,4.364380667514897727e-01,5.506840047665053639e-01,6.104984890088800409e-01,-1.548164502634050421e-01,-7.552890950918611512e-02,3.050181611626308076e-01,1.100272229955672060e-01,2.215869524789322587e-02,1.685148837834314628e-02,2.033587416575113049e-01,2.615000660033348634e-01,-9.833918999459471955e-02,-1.085636759221671049e-01,1.589675970815994377e-01,-2.837369609437947679e-02,1.571303024487743782e-01,1.089082457065724818e-01,3.306072705758361652e-02,-7.511898968237054608e-02,-7.267851152083275312e-02,-1.372793877020013487e-01,1.601632931585106334e-02,-7.107715482387585992e-02,7.558369616388654899e-02,-6.953117009625915668e-02,4.018890559726228523e-02,-5.820866080148164035e-02,-1.957593854740014849e-01,4.736053339913878779e-02,2.949130499392949023e-02,-1.077897031243338355e-01,-3.743106849816253412e-01,-2.972810637090426145e-01,-1.943536864721413515e-01,-1.582382272777924370e-01,7.862303017259733573e-02,9.262812627500612017e-02,-2.169303474696678835e-01,2.394408968585547415e-01,-1.304841312633781836e-01,-1.246719673938063849e-01,7.602688907811704089e-02,-1.035960296200569009e-01,-2.823910648008719493e-01,-3.000040839078462196e-01,6.254263777826854498e-02,1.093732351520978890e-01,-3.444404911090635096e-02,4.358167396921520942e-02,3.770132683325761458e-01,3.006722559800625860e-01,1.369004275080113464e-01,1.457599175546400172e-01,-1.399071324176739683e-01,7.452734907608643544e-02,-5.377552608493565978e-02,-2.000178505964345932e-01,2.807490755367867408e-01,1.188712184487817486e-01,-2.395923780860893804e-01,-8.825850654375297366e-02,2.622047438198167324e-01,1.329519299334082916e-01,1.726468540139074470e-01,2.657535673212227390e-01,2.872753270298641359e-01,2.586482936542383593e-01,3.309358255094380086e-01,2.276313755609571388e-01,8.429211001450328394e-04,1.933388041862458551e-01,2.654646952222181611e-01,2.065723390692093542e-01,2.145056282433435157e-01,1.491348446520983639e-01,1.538827334492874066e-01,7.724712199120663259e-02,-3.278989470358971425e-02,-3.030659777147129974e-01,1.181472004580754326e-01,1.697647811227708803e-01,-9.262473851137846201e-03,-7.819167159037432313e-02,1.003507842291408853e-01,1.586710196678838003e-01,1.144361878819866868e-01,1.271243522805219905e-01,1.408722591586953066e-01,1.655152417625269656e-01,2.506470533337807893e-01,1.738888994898963869e-01
-2.849577038923622463e-01,-3.468972968857383932e-01,-1.121499836996729255e-01,-1.366982623911309758e-01,8.097329464395619514e-01,8.698149036500840703e-01,1.639590184513481930e-01,-2.185005992426984275e-02,7.796592456831458184e-01,0.000000000000000000e+00,-2.038268074943131170e-01,-4.028954411721100831e-02,-1.925898844886654027e-01,-7.092269797133705922e-02,5.885301381965977185e-01,6.977868787393856076e-01,1.277536622256662535e-01,-6.779510189542664426e-03,-2.151995261649185254e-01,-2.885082440996005748e-01,1.882872008026940241e-02,2.054791291730832248e-01,-1.933256665341638314e-01,-1.908156545246735003e-01,4.609224691602111790e-01,4.616727036888608748e-01,6.399579016211914828e-01,6.619249184118753959e-01,-8.392409450321892950e-02,7.010927788870212340e-02,2.250839008057453905e-01,9.529580930886025550e-03,5.492100792746785337e-02,4.113764334611836465e-02,2.663669709435138519e-02,1.444451659781281205e-01,-2.409022976691451434e-01,-1.050989934822943311e-01,4.441774204326650113e-03,-1.618258129746847906e-01,6.588363101489647100e-02,9.845614006029167198e-02,1.428363862257018592e-02,-3.842655098173827083e-02,-8.454383901820819447e-02,-1.941937537716404427e-01,-1.598468944588571639e-01,-1.739632556197215629e-01,-2.750952528500575159e-02,-1.956683702264643832e-01,-1.219066894447974198e-01,-2.145894051841626959e-01,-2.825978568053627016e-01,-6.089196888584107181e-02,-1.593610096860664793e-01,-2.094649173026243150e-01,-2.816474098759192413e-01,-3.567275903406984527e-01,-3.140094906987908607e-01,-2.773322131647534272e-01,-1.020683341829761587e-01,1.178262315215154038e-01,-4.492463630443552930e-02,3.832947345218650770e-01,-2.334163141888433712e-01,-1.906315539869974651e-01,-8.761924110170138391e-02,-2.404552100854857599e-01,-1.658136892450187416e-01,-3.673582618808933775e-01,9.918618623349163832e-02,4.610140896933848098e-02,-1.800852312224383300e-01,2.116798755488510930e-02,3.849260587547700951e-01,1.874797686315160528e-01,1.843011753692878618e-01,1.908145752234712833e-01,6.376931270986489937e-03,2.903417774649644789e-01,1.107529324215535543e-01,-2.758184233944844729e-02,4.727332595833128037e-01,2.167909515186100533e-01,-2.377932975259387238e-01,1.421849139827068801e-04,3.368885061499977684e-01,2.894161220837212500e-01,2.448540164881945203e-01,4.240216728636431176e-01,3.441431873196512670e-01,2.775052091356635109e-01,4.302750646623874631e-01,1.967286534624790584e-01,-1.100668232636349692e-01,8.531981321237863680e-02,2.862041481240070739e-01,1.865091200448345810e-01,2.416104678192215471e-01,1.660492179920814160e-01,2.080179544906209099e-01,6.416892819823132033e-02,-2.263576555612768076e-02,-1.438248486440550089e-01,2.055084544862402218e-01,1.693347437794823496e-01,1.255351661786254791e-01,2.387707645499308889e-02,6.520170927533849858e-02,2.025877963211428767e-01,1.509482537821890680e-01,2.120280250462893978e-01,1.449862628111749097e-01,2.219861252988168943e-01,2.528893843601988101e-01,3.434323314858384602e-01
5.361228549682200972e-01,2.756872438343585530e-01,3.941714414419665857e-01,2.189572606848982916e-01,-1.430085397810716419e-01,-1.660697603399662048e-01,3.633754307341816592e-01,2.762291118541214674e-01,-1.903048939283123187e-01,-2.038268074943131170e-01,0.000000000000000000e+00,6.869581530820250137e-01,5.028340696305511059e-01,3.454109661082065963e-01,-2.333381899168616713e-01,-2.922036663811123369e-01,1.916908186748443044e-01,1.758004490185809954e-01,4.404551323209382474e-01,4.528692372433761881e-01,-7.506105388333544903e-02,-5.162318051601422902e-02,-3.286297936633647554e-02,-1.385222578923784031e-01,-2.452108319782194679e-01,-3.127861764147861212e-01,-1.090717039788400289e-01,-1.244764911693172355e-01,2.743010097153488203e-01,1.687603704719869424e-01,-7.430538180995076292e-02,-1.471095984866450934e-01,5.665767349204930275e-02,1.602992629051946298e-03,-8.752859879992533343e-02,-1.389141699652289563e-01,3.363903021989591256e-03,-1.412779471632096828e-01,-7.094228237048157137e-02,-2.004706338342907707e-02,4.433831589806579848e-02,-1.743092271903202151e-01,-1.550760045601005666e-01,-1.271438082875794573e-01,-2.036468336910315646e-01,-1.456683891863894409e-01,-8.066981047193697019e-02,-5.525103483687323486e-02,-1.858470478606039367e-01,-7.606741117019551190e-02,-7.395544734998941994e-02,5.787345347769280723e-02,-1.346300539749621938e-01,-3.737164353792609695e-01,-8.253655578979632312e-02,-5.644701266206501866e-02,1.825071394955201098e-01,1.772713935668768781e-01,2.402743720061666088e-01,4.177563835891700411e-02,4.898767568731966504e-01,3.144180199745104654e-01,1.161174863826014841e-01,2.747902567235123161e-01,5.240344754722940646e-02,-6.987361307534596666e-02,-1.631818358696399407e-01,-2.693374636424062940e-01,2.273356201600261195e-01,2.334001912743327023e-01,1.690739258999587880e-02,-8.007932834585501647e-02,1.659326774714371955e-01,7.179664591798382012e-02,-8.713299712239044870e-02,-3.802877960147033748e-02,-2.256581091131096839e-01,-1.009252419551740360e-01,3.914228398204268669e-03,-2.183354073221905056e-01,1.270482808419698753e-02,-2.250026305386623182e-01,-2.475107715219171389e-01,-1.910900535995555816e-01,-1.749267738637725125e-02,-3.955884113884756692e-01,-2.008441513499508446e-01,-2.037134834457527410e-01,-7.592600110422567661e-02,-2.176626901257139035e-01,-1.927544999418566163e-01,-1.610898134027025086e-01,-2.978542580004447382e-01,-2.345336200689518147e-01,-2.373742833370179328e-02,-9.250021132806787727e-02,-2.111881413283165643e-01,-2.104046984609785897e-01,-2.346709771829349755e-01,-2.268853999987008596e-01,1.559038017693658296e-01,9.684478016510909837e-02,-8.556138814166294737e-02,3.677829983496078842e-02,-2.412512333866658198e-01,-3.690691931706583384e-01,1.858997871697005630e-02,-7.156120890775981291e-02,2.170012499737119724e-02,-5.124613493212178822e-02,-2.309618016832692688e-01,-2.187164872977487018e-01,-1.822433282436229929e-01,-2.550017601963194269e-01,-3.114568145450576364e-01,-1.250298131554330172e-01
5.107591278169921756e-01,4.334666145099668189e-01,2.370057275859303314e-01,3.296899293364257688e-01,6.697532251669111730e-03,-5.238740663005411052e-02,2.196053682793768780e-01,4.681526838697646631e-01,-1.181145226747436078e-01,-4.028954411721100831e-02,6.869581530820250137e-01,0.000000000000000000e+00,4.958891371015826666e-01,6.548273296961015788e-01,-1.189120846941168867e-02,1.691575164835035575e-02,8.226003477132208530e-02,1.659017476050872464e-01,3.794903771939961978e-01,4.509170393663900489e-01,5.529859704314302876e-02,1.739170185704064925e-02,-1.022588674741567449e-02,-9.667278845802654286e-02,-1.628387143773847856e-01,-1.444089203366827889e-01,1.057299134736448681e-01,2.528765638214604608e-02,4.758687157329970496e-01,3.802007954013171820e-01,4.081848156662348792e-02,4.506097521415893675e-02,-5.100690478665006328e-02,2.191707509568090878e-02,-2.602895573239813465e-01,-1.713282561043275865e-01,-1.078904506180718287e-01,-1.007930932182026368e-01,-4.550328171424375401e-02,-1.392815033058787677e-01,-2.809287741252374654e-02,-3.749697613200576179e-02,-3.415277515530671937e-01,-2.321613332246697525e-01,-3.704640583552556432e-01,-2.199676640146266404e-01,-2.854532842391495628e-01,-1.979927506153791317e-01,-1.789523302486394074e-01,-1.148464955297040513e-01,-6.751647388470873035e-02,1.409578623634488714e-01,-1.970802201350495553e-01,-3.918749506382767089e-01,-2.349286427883513217e-01,-1.742139933877985200e-02,2.208339388387977609e-01,2.895748713539328945e-01,1.077808124235149490e-01,7.695825405424910892e-02,4.409532627800365479e-01,5.526571451122076484e-01,1.303076261554788617e-01,3.695741660949132257e-01,4.507879580691140364e-03,3.851436408791831384e-02,-4.039608030512558123e-01,-4.815606140989609485e-01,1.159512705088846379e-01,2.137033013122924263e-01,1.602238748350473807e-01,1.048155716425546308e-01,2.672128223218487308e-01,1.710747213153906154e-01,1.131278333127158121e-02,4.798187765130385724e-02,-1.654393076213398484e-01,-1.087168742751791137e-02,3.472074430955905677e-02,-3.690457801441767577e-02,2.113721607933320146e-01,-4.179206106688052036e-02,-7.488240945604535126e-02,4.900471667882632526e-02,-1.062857677501861942e-02,-2.781533894261704609e-01,4.630821194638228000e-02,7.407991903752873808e-02,-1.007093503087204932e-02,-1.267352060243897294e-01,-3.170358535749726037e-01,-2.999869604496192554e-01,-3.114416019526713986e-01,-3.642863952682981465e-01,-6.020612722981211890e-02,-1.638935185273290018e-01,-3.504561203825661830e-01,-2.098317711841212463e-01,-4.035642179108540062e-01,-3.971767496622281568e-01,2.565211880441871720e-02,2.858180337385207020e-02,-1.920740658036683979e-01,-8.210278616854188929e-03,-2.725219668692395736e-01,-2.745318770954024434e-01,2.070340188963112615e-01,-1.797598344035600260e-01,1.009659264703841458e-01,3.857421170698661222e-02,-3.132172336727717665e-01,-3.806917057585534891e-01,-3.387770619871280919e-01,-2.123630169784210264e-01,-2.251360507598019478e-01,-2.415967607205024847e-01
4.438776677148403849e-01,5.018622463961549540e-01,1.786987968035362306e-01,2.147259286626726216e-01,-5.706592538912114154e-02,-1.871618255569229006e-01,1.441155067208676754e-01,4.052762357222890466e-01,-5.783791090691172559e-02,-1.925898844886654027e-01,5.028340696305511059e-01,4.958891371015826666e-01,0.000000000000000000e+00,4.980680356706377321e-01,2.380406846487324313e-01,2.075439859612226642e-02,4.490210883651996748e-02,1.953927259219930546e-01,2.398296357875379092e-01,3.588012758916135914e-01,2.232497131686456138e-01,8.334270747343934527e-02,2.950080163943192280e-01,1.426671959284330771e-01,-4.761869443543039621e-02,-4.201793517279102386e-02,-2.455011348408540732e-03,2.729997430265823991e-02,4.500591957405453147e-01,1.851354454936333660e-01,-3.549669883897928202e-02,1.517339719928334774e-01,-4.105177641315450598e-01,-7.841808677228809255e-02,-7.715919546536303963e-02,-1.275448160846340551e-01,2.095924706860250453e-01,2.320860075621592189e-01,2.877928614070980884e-01,2.203411865260782587e-01,2.013595280404530674e-01,1.975614232961802053e-01,-4.366298732601441857e-01,-3.158631994869384729e-01,-4.832538789293238657e-01,-3.058603844744912648e-01,-3.688342191089865607e-01,-3.195733761141011375e-01,-3.930201846777719443e-01,-2.906041646467967809e-01,-1.207933061250371226e-01,1.136364159915287525e-01,-1.122083559397821506e-01,-3.588968449403571737e-01,-1.293272853733855310e-01,1.497431921009174660e-01,2.458330410262331844e-01,3.582496752919058225e-01,-3.180544119574921919e-02,-1.247705051953493516e-01,5.835942994069370782e-01,4.112625108506226534e-01,4.516919559692716968e-01,-1.074716529995693309e-01,4.876619925082809615e-01,4.476323034817969448e-01,-3.137155176166526727e-01,-4.477042273565291497e-01,4.396233576361099904e-02,3.342819727962194620e-01,-4.193804173435439209e-02,5.288235738096062899e-02,2.649092351459633732e-01,5.099998346708226743e-02,-1.578895360017447402e-01,7.457711063345824620e-02,-1.626640425278604307e-01,8.897372423599236857e-02,-1.607305781361434427e-02,1.129566928977061430e-01,3.183086928650505909e-01,2.800043918558633993e-01,9.074234130850071522e-02,1.981309929812400672e-01,4.090078775431292835e-01,-1.159062947716770903e-01,1.882547481145481483e-01,1.568743867686849813e-01,6.976511498083426410e-02,-2.342574186127112379e-01,-5.300892015584179884e-01,-4.996677219801804459e-01,-5.177629885916986696e-01,-3.015996266810513360e-01,8.574528828614182141e-02,2.298690514544156002e-02,-4.318460726437509112e-01,-2.122884892692084302e-01,-5.526105175002431480e-01,-5.841480854600523687e-01,-2.628942117659402999e-01,-2.493525377985211233e-01,-3.165751879298394078e-01,-2.543175263065315383e-01,-3.446838254951353764e-01,-1.417300982115159425e-01,-6.245325783722888852e-02,-1.215899066150524788e-01,6.201064075385488705e-02,-6.654318849537979239e-03,-4.910504934309095626e-01,-5.845576364814347725e-01,-4.720345462312999785e-01,-2.907264324759419871e-01,-1.834080921247104312e-01,-4.212685651228351702e-01
