0.000000000000000000e+00,3.408095406256907434e-01,2.200266087575746543e-01,2.283801599799792637e-01,-2.943018375194338399e-01,-2.004722140541776998e-01,3.081302459827758300e-01,1.920572087842924158e-01,-9.586265533455970433e-02,-5.276810615411483413e-02,4.554677566346354012e-01,2.771878090825156682e-01,5.616943250112196306e-01,-2.304185976957943624e-02,1.205508777603769011e-01,-3.797861237658340522e-02,-8.280865425897233900e-02,-4.309471213862253042e-02,2.827835420064099270e-01,1.859628116547282772e-01,-7.754807276585701237e-02,-1.340441481079406028e-01,1.291548253473440155e-01,-2.315865923980427732e-01,-1.357256561150855245e-01,-2.492452939241145971e-01,-5.241578807112977356e-02,-1.729738602137354808e-01,2.721950746270369870e-02,-2.132490945432388707e-01,-2.363888986236250545e-01,-2.478925718558781799e-01,-1.439715539210605633e-01,-1.579323180955164718e-01,-2.311202119214431083e-01,-1.719389018492943066e-01,2.514752367756292184e-01,1.832896147782023810e-01,9.523769455482586355e-02,9.225470284185851438e-03,1.575300162047024027e-02,-1.979452189543666751e-01,1.276692040917581372e-01,1.063925763739405339e-01,1.573415109509306853e-01,-6.152059877012498040e-02,8.374670859359113761e-02,2.866883145789967946e-01,1.571840947070556604e-01,1.495458359433607942e-01,2.156939476130203814e-01,1.787755295443053949e-01,5.440965571950777402e-02,7.172814751685306633e-02,2.481111688762717149e-01,2.214469922576290106e-01,3.912640611410864722e-01,1.656201640337907344e-01,4.142040778292332970e-01,1.877442707511598752e-01,3.140148821816864388e-01,5.479883061114815268e-02,6.347930806880243935e-03,-1.981830833809709869e-01,-4.810125498438980185e-02,-3.267880426808423416e-02,-1.149740001889105190e-01,-1.316274811809689527e-01,5.426941910844310657e-01,3.586625578147314974e-01,1.747653898124449864e-02,-9.206036246785788413e-02,4.895332678911026858e-02,-1.603326656619187829e-01,-1.875869032797164992e-01,-2.614397711625878196e-01,6.999003774295362024e-02,-3.061155965349707242e-02,-2.727457672833547564e-01,-2.676981818958626969e-01,-4.668532547377882841e-02,-7.432745471494568712e-02,6.654197203928512161e-02,4.279823135587740128e-03,2.756887090376871630e-01,-1.333610763024501711e-01,1.796077794594840571e-01,-6.378287806159258118e-03,1.837115218507273939e-01,-4.278844213141780317e-02,-9.032177370031320429e-02,2.422539269774597603e-01,1.394647164132302164e-01,2.933748783288102624e-01,4.373759467676350404e-02,4.876695572138980972e-02,1.590619233154660569e-02,9.482943449243226575e-02,-3.242466532014504077e-02,6.858767668368222215e-02,-1.500756611499027421e-02,4.072762041570834879e-02,-5.249319612513948102e-02,-1.685656643078673605e-02,-1.464490641671318538e-01,-2.271843853229677801e-01,1.853120995104033941e-01,-2.746368122008367996e-01,1.133722411093113780e-01,1.315031420916481508e-01,8.683375081875088775e-02,1.129664801495464943e-01,-6.998120254039461030e-02,1.475291130482225821e-01,7.812069567010718196e-02,-1.275699947539930545e-01
3.408095406256907434e-01,0.000000000000000000e+00,2.832779433096196953e-01,3.881965028661609751e-01,-1.759100435400306195e-01,-2.296109850418566189e-01,4.648509027144942518e-02,2.942240885600587164e-01,-2.759376974441221653e-01,-1.898288184109854781e-01,3.757182936931504486e-02,3.608576163586462576e-02,-1.294269161380551258e-01,5.635893975103331739e-03,-2.628909665838143339e-01,-3.056496450642977036e-01,2.512189878724160330e-01,4.311682989881439054e-01,5.733682238680234411e-01,7.141350707620678362e-01,-4.555054798706560659e-02,-3.433654751391707616e-01,1.119218496701540055e-01,9.711296847304425051e-02,-2.142449011790592273e-01,-2.201437611220838919e-01,-1.548846063023986697e-01,-1.571623940523309837e-01,-1.173473882075031470e-02,2.270095687843731447e-01,6.422595956573681764e-02,-1.134177159264439377e-01,3.934259575576427581e-01,3.276422521456999193e-01,-1.317210566894569945e-01,5.598982526377108832e-02,-3.005388104572209174e-01,-2.645983506835422605e-01,-1.414876030493927295e-01,-2.950682108592093122e-01,-1.580951136916553534e-01,-3.966640392306972074e-02,-9.693265029872492888e-02,-2.373632632083731708e-02,-1.113053435149407577e-01,2.829419243942900009e-01,-2.272058543271737174e-01,-1.475539443183436217e-01,2.588098636982664180e-01,3.609483033326804646e-01,2.349640584002097576e-01,2.790564271563244492e-01,-7.025297011920468744e-03,1.599006698987600616e-01,-2.814206478295132041e-01,-1.959392102007660175e-01,4.881160033289517197e-01,7.015714398672018293e-01,1.047375763956203271e-01,1.192582717138729043e-01,9.858783251534443404e-02,2.853752623089018670e-01,1.646836685805241896e-01,3.412956635327342170e-01,1.842281610796422942e-01,2.262145884674687801e-01,-4.390965952645024817e-02,1.203523505907358460e-01,3.927853478499035988e-01,4.750601951791699751e-01,-2.098890442004954504e-01,-3.013097640017486367e-01,-1.260169389574386511e-02,-2.549240170031029651e-01,4.322579762068753245e-02,-2.239495713675208333e-01,-3.582749949624671748e-01,-3.798878667911040341e-01,-1.023536806629203322e-01,9.473368267648449650e-03,-1.406049676915844815e-01,-1.011102542846420288e-01,-2.545404192688074940e-01,-2.548826769199859510e-01,-2.460033254832874952e-02,1.461177819001909239e-01,1.702977324591419261e-01,-1.950610249042132038e-01,-7.450932894032939735e-02,-2.579785690748013227e-01,-1.835963137077189500e-01,-2.188413901956480778e-01,-1.359069887534081200e-01,-2.387171071507768472e-01,-3.435660275181210976e-01,-2.669387963523074947e-01,-2.470295428676161087e-01,-3.741660101669393446e-01,-1.482262636359161501e-01,-1.303705472353502703e-01,-1.434294931370292368e-02,-1.684658650421801129e-01,-2.340010599638474020e-01,-3.285456934055921985e-01,-8.296588867418744351e-02,-7.294489503908306582e-02,1.758853745541955615e-01,7.196055865126724238e-02,-3.605509643206740722e-01,-2.577675342009368986e-01,-4.040928969300992546e-01,-7.252633399669888847e-02,6.091003546552381694e-03,5.497265287160095493e-03,-1.037111684486791419e-01,-3.457347117611378473e-01
2.200266087575746543e-01,2.832779433096196953e-01,0.000000000000000000e+00,6.335141589174443366e-01,-8.725990060158966832e-02,-2.101636510101803079e-01,5.500220389129526488e-01,2.778149772796980055e-01,-6.694168596323475662e-02,-6.889642431975652459e-02,1.420802264340818022e-01,-2.669377996410154941e-01,-3.157106590560908310e-02,1.063228138950990803e-01,3.035392462305515349e-02,-2.971196870756053973e-02,2.366959010465581950e-02,-5.128344152660968547e-02,4.419133176818899056e-01,4.025747000492252425e-02,3.229736047364266394e-02,-6.206395915453562229e-02,5.766632392242531102e-01,4.891844325071644239e-01,1.521114451340618845e-01,-5.694135420718124396e-02,8.787041801820144604e-02,-1.184700868334118140e-01,-8.723395402519572295e-02,-6.762827206261633195e-02,9.740582419747732812e-02,5.708206154964430568e-02,2.991751250504604553e-01,2.048210913986193149e-01,2.700707284295784660e-01,3.538353072994585014e-01,8.654805146201209609e-02,1.540413386209860298e-02,3.919845008912355849e-02,-1.905907259229266959e-01,5.547964263657369915e-02,-3.614119396374463472e-02,-3.013541365885769041e-01,-3.379651510167251960e-01,-2.669160732174921113e-01,-2.956294937260646738e-01,-2.328429842671232985e-01,-1.761161835210607873e-01,-1.369900580830739900e-01,-1.278245731048200107e-01,3.890850505885814353e-02,2.870997353905861346e-02,2.612591679865867988e-02,9.333125338910887303e-02,-1.589991541211306925e-01,-6.653028596383028792e-02,2.099785719576192644e-01,1.408804500779609614e-01,-1.282865834803740279e-01,-1.766577390251483914e-01,-5.290714226122436581e-02,-1.165366543549207351e-02,-9.014570192559789863e-02,-2.305495487124178955e-01,5.555222066985903151e-01,4.958843226467208321e-01,3.875135973384328802e-01,1.777175876410094779e-01,7.984728092099921404e-02,5.708689088154804414e-02,1.668535487956211150e-01,-9.366906346142346573e-02,2.304334678533604130e-01,2.120039976417400010e-02,-1.660341175197453945e-01,-2.922355423071024694e-01,1.484723180422678757e-01,3.318971210238830932e-02,-1.808223013734940321e-01,3.667127076191221968e-02,-2.109357353154187598e-01,-1.638856091713426222e-01,-2.185467817442110494e-02,-6.077818661530191152e-02,2.696759667709525687e-01,8.968447563049629367e-02,3.068807485528897705e-01,8.370101303492426259e-02,3.250552891719351578e-01,1.425732307615725468e-02,-2.841110319352659341e-01,-1.151519519701405259e-01,-2.161722674966078672e-01,-8.281769216742598805e-02,-1.426065068395540869e-01,-8.120128414164477781e-02,-3.372680440463127760e-01,-1.948567111278221853e-01,-3.655922016868665692e-01,-1.478965496420552028e-01,-1.386563899275055911e-01,-2.032032672894844572e-01,-2.564171474327849864e-01,-1.514009729446488262e-01,-1.451497157353535961e-01,-1.187314446812607477e-01,1.280649643080406519e-01,3.457564027355195663e-02,-1.149715445093707211e-01,-9.476033560497142127e-02,-1.778696398450277660e-01,-2.097838261340854993e-01,-3.338816910477160338e-01,-5.587762224298204600e-02,-1.424696770208236374e-01,-3.498578423243055013e-01
2.283801599799792637e-01,3.881965028661609751e-01,6.335141589174443366e-01,0.000000000000000000e+00,-1.817770479569658093e-01,-2.406327444287915673e-01,6.051143684511320897e-01,7.346929466336689085e-01,-1.623793375872296663e-01,-4.048009486896404774e-02,2.401222124814637593e-01,1.092937687962956261e-01,6.939411402604846180e-02,2.349753783511756011e-01,-1.836388918259887759e-01,-5.224417337607800693e-02,1.618794333338359481e-01,1.960652076332778382e-01,3.629864170010552726e-01,2.479028837765153148e-01,-1.666665983482223945e-01,-2.482851254113490613e-01,3.960148097359030284e-01,4.656686800460327902e-01,-1.141200269328986189e-01,-1.810126145616849369e-01,-1.941905776162138886e-01,-3.095663212382481766e-01,-4.895237768462482736e-02,4.346734401255714780e-02,4.846708078312084167e-02,1.739860073159154030e-01,4.150372992450538367e-01,4.899787845164976230e-01,2.458496490381011090e-01,3.291029834822696842e-01,-2.664028487396865805e-02,-1.382393879532659020e-01,-1.495538307280110946e-01,-2.310618452229291353e-01,-1.154801316495323582e-01,-7.760538649324551230e-02,-2.494253196911417891e-01,-2.366217874872476867e-01,-2.845790544996246174e-01,-1.811735919639152759e-01,-2.522738743667659045e-01,-1.742437644503476712e-01,-1.462130110286378737e-01,-2.112005053003571109e-01,-8.999578420427623016e-02,-1.549362814466168636e-01,-1.409159235428573687e-01,-4.104829969678622931e-02,-2.701188723714452733e-01,-1.096566798634199119e-01,8.986503530052396271e-02,8.434067701718285515e-02,-1.336092940528834094e-01,-2.177423186244555608e-01,1.872637816681417544e-01,3.578368070014424918e-01,-1.425429511148784412e-01,-5.904045143506556764e-02,4.284313328998606285e-01,5.674876658348716463e-01,2.919196187095439154e-01,2.676001571794774936e-01,1.234895382375209155e-01,5.961027772476304443e-02,4.454849281080570239e-02,-5.787974935065048204e-02,9.228193642279484965e-02,-9.493046925209651377e-02,-3.420708342679015801e-02,-2.198696381525176435e-01,-7.378243235777787179e-02,-1.316612243017411810e-01,-1.108500744178396585e-01,1.635332478475820250e-01,-1.072530768424644065e-01,-1.583025989708311820e-01,-2.091331658797055681e-01,-2.193708503444341262e-01,9.865215972340261874e-02,1.518856560715911019e-01,2.933982098900779767e-01,-1.503536573744149452e-01,2.069157303680078108e-01,-6.432699526295221348e-02,-6.713593949489281287e-02,-1.138082986488416354e-01,-2.182986068750167874e-01,-1.432567651333978009e-01,-2.642784461378875349e-01,-1.777515857568747748e-01,-2.838947177468292282e-01,-2.830601860524030733e-01,-1.613640716730664892e-01,2.440066713207163576e-02,-2.088286942658369449e-01,-3.602244720022484969e-01,-3.341475262980122540e-01,-2.557450115434632409e-01,-8.194907640062791543e-02,-6.940455348239682465e-02,9.171443768642582872e-02,-4.122623118016076338e-02,-2.043016496431992457e-01,-2.245378802847508015e-01,-2.604853745827566125e-01,-1.028252218106378985e-01,-1.456659242981494240e-01,-8.632654088525112956e-02,-1.740751295347198746e-01,-4.895817506851646850e-01
-2.943018375194338399e-01,-1.759100435400306195e-01,-8.725990060158966832e-02,-1.817770479569658093e-01,0.000000000000000000e+00,8.104156416598684576e-01,-2.687431682325792659e-01,-1.279430960729075195e-01,8.006731634700249289e-01,6.636593556882625089e-01,1.417968644983998994e-01,-2.809094119294232028e-01,-3.067495641298325498e-02,2.639334184283311235e-01,6.105338371086764804e-01,4.634678276101202865e-01,1.220462773996792011e-01,2.116228362648361616e-01,-2.732562073930803748e-01,-8.689774545492424951e-02,2.434835830831936498e-01,3.169535119790922173e-01,-6.582529800658266927e-02,9.488771475970774957e-03,3.808164237807017405e-01,5.774384773910226087e-01,5.483138548513506461e-01,6.286770795685866497e-01,1.614734418601653509e-01,3.076408570393323605e-01,5.064125057608990232e-01,4.126472512516377589e-01,4.526382888991578937e-03,6.861466338343931957e-03,-2.418337364644372045e-01,-6.342141923250377289e-02,-2.362627600340880957e-02,-6.965157979211818173e-02,8.306923886751675645e-02,-9.645397848456592482e-02,2.970926048246838036e-01,2.704748559821520959e-01,9.216696523852839495e-02,-1.378125345132321100e-01,4.861195572144084986e-02,-5.425578267415170214e-03,1.561052362200953947e-01,-2.902657565288483885e-02,-1.016419452040548260e-01,-1.159068973363775318e-01,2.074530292485349606e-02,-2.156372605330783288e-01,3.253386533869493946e-01,-2.413813473594828354e-02,-3.052529929053440089e-02,-8.083933875329983587e-02,8.820526275753395873e-02,3.116895920957033633e-02,-1.253264073667448020e-01,-2.730920848819803903e-01,-1.000425577473778860e-01,-9.320092504897352359e-02,1.984357287008723103e-01,1.642202308855126580e-01,-1.797399645968097148e-01,-2.870061569562084025e-01,-1.009123908295528338e-01,-8.357148185088374148e-02,-1.823272345801288941e-01,-7.967594851892662033e-02,4.237079170649459270e-01,2.460606460874856516e-01,2.852856685679205917e-01,2.143746341235084896e-01,6.297649799062311760e-02,2.164512730739531210e-01,4.899928266028617807e-02,6.712715692855067418e-02,2.886263702312630297e-01,3.070320916091142105e-01,2.896743686226121994e-01,7.438391434301189209e-02,2.318454470447065818e-01,1.110900767177125381e-01,1.321475946339993601e-01,-1.901667290677494862e-02,-3.219928475807280477e-01,1.336637072215811073e-01,1.226196181646888039e-01,1.305807505028435678e-01,-2.569326949058821710e-02,-1.660978718929277675e-01,1.697735803633264595e-01,-1.863982159632137162e-02,6.199424645010481044e-02,9.094855176018735998e-02,9.188764555074449558e-02,-4.201626233721347109e-02,-7.481240078533774041e-02,-1.620874087118175377e-01,6.113433284889752822e-02,9.705092411141216791e-02,1.059143615200791588e-01,1.886229707409474710e-01,4.389629430742263139e-02,1.245089674193466528e-01,-9.393827885402009081e-02,2.564333880307674840e-01,5.351703287954209104e-02,4.499535678171809328e-02,-1.192208226699959239e-01,-7.917918078599366083e-02,-5.958836883720205861e-03,2.140325021475760273e-02,4.720169068558240089e-02,2.554177179589180446e-01
-2.004722140541776998e-01,-2.296109850418566189e-01,-2.101636510101803079e-01,-2.406327444287915673e-01,8.104156416598684576e-01,0.000000000000000000e+00,-2.969465994587777713e-01,-7.125033023500723650e-02,6.789980093010440365e-01,6.356952551559446052e-01,1.626770451164006592e-01,-1.736662105089893382e-01,3.584571253719813499e-02,7.985630638906665579e-02,4.213237717799346860e-01,4.984753989045350719e-01,1.530084740185630454e-01,1.554328993345057419e-01,-3.157273834772293397e-01,-6.211275115606050556e-02,3.266874672419774472e-01,3.023165454126040541e-01,-1.416012252441186670e-01,-1.274167335424729597e-01,4.342281075833318571e-01,7.107855059157681676e-01,5.479912174284645721e-01,7.074891350636490772e-01,2.679178745295868191e-01,2.913934006804829169e-01,4.562940774526890730e-01,3.482238160673158389e-01,-8.708210887333331374e-02,-5.845007668616776508e-02,-2.345476916124991928e-01,-1.687604148085881939e-01,-3.328441506927017068e-02,-6.797097712465398345e-02,-1.100642417661722855e-01,-4.880673105390444721e-04,2.241114553023791922e-01,3.900999493999782741e-01,1.039330562683779546e-01,-6.470698904453650591e-02,1.198037359414253489e-01,-9.557821507293511043e-02,1.276184327575402566e-01,-3.016337692433280343e-02,-7.604100882758900448e-02,-1.963090658330701732e-01,-1.344839173747591210e-01,-3.802684618612454659e-01,1.786319915613387710e-01,-1.372989548099103341e-01,-6.740042067500884304e-02,-1.306108118414997521e-01,-9.493251908875974254e-02,-1.637648367449207609e-01,-1.464300706807638575e-01,-3.048179706659583932e-01,-9.407358556202025102e-02,-2.087002682299315959e-02,7.914311401910287258e-02,1.451602521152523251e-01,-2.911033072476110206e-01,-4.075215453260099818e-01,-2.536971420292429835e-01,-2.577908982897749723e-01,-1.089577749367979798e-01,-1.857769615973023924e-01,4.481110278320220019e-01,3.598988404494312121e-01,2.717892150570920817e-01,3.343599827075790509e-01,1.469024373692835728e-01,3.171285775154302766e-01,4.932640141222701530e-02,1.169828646762408192e-01,3.581732429570821941e-01,2.272436621909325605e-01,1.835863181474523820e-01,5.115806099548749104e-03,1.512718527927898182e-01,1.762950980003474555e-01,-1.334746283328293870e-01,-1.411454512378277626e-01,-4.863129862027019135e-01,1.799868892723973379e-01,-1.501991186177073501e-01,1.562267439684304204e-01,9.836496130810275240e-02,-1.258432154696992669e-02,3.806075226617442464e-01,8.551904585967427808e-02,1.488978936403609621e-01,1.560021541956845281e-01,2.144726038023220538e-01,4.166668050686622715e-02,9.263178518383560767e-02,-1.150912896859829088e-01,2.706598017995222594e-01,1.723195186651741428e-01,4.136943562221909176e-01,2.478088364517275766e-01,6.321092904399684687e-02,6.039712368719030167e-02,5.952647810075257021e-03,2.308895703843180658e-01,1.583603214769715717e-01,7.406834194441636043e-02,-4.951287676139634608e-02,-4.826665604771415014e-02,5.613193546354781557e-03,6.446699897976521099e-02,1.827394302907555945e-01,2.964233311580165564e-01
3.081302459827758300e-01,4.648509027144942518e-02,5.500220389129526488e-01,6.051143684511320897e-01,-2.687431682325792659e-01,-2.969465994587777713e-01,0.000000000000000000e+00,4.515937211821833830e-01,-2.161169422155439224e-01,-1.768488604867878566e-01,4.118623222442106546e-01,1.548852168155922249e-01,2.790051384619796071e-01,1.585776159854321299e-01,-7.843731832662502457e-02,-1.036557011424379948e-02,7.855027841406012068e-02,-3.710356059574823617e-02,2.339457766901583136e-01,-3.782882147274120588e-02,-1.793379628344074841e-02,-3.240546912224325782e-01,3.918461230665411521e-01,2.856319462152759336e-01,-6.556381806926822597e-02,-3.420080276442863387e-01,-1.022152572690804007e-01,-4.336983871973107418e-01,-1.403443331684869066e-01,-3.037438168356514090e-02,-1.012549166688311714e-01,-3.890660036323147219e-02,3.438571112927872875e-01,3.336185429509127554e-01,3.313971398190230788e-01,2.309587539611155926e-01,1.918613271907017997e-02,-2.968749051581161952e-02,1.808014400766929167e-02,-3.803804438099581825e-02,-2.368130532905315111e-01,-1.969541402534158436e-02,-2.242576563948997237e-01,-1.779933798727147964e-01,-2.372258334653503109e-01,-1.537359027565287362e-01,-1.991990502181195943e-01,-9.812233504226394731e-02,-2.320103516705645519e-01,-2.218392704348345068e-01,-4.280343750332523539e-02,-4.786130286991048532e-02,-2.080091708484158031e-02,1.354282860861201754e-01,-8.550598620006530370e-02,1.406420995785032380e-01,9.325573345003095038e-02,-1.431497386174690745e-01,1.291521503391925181e-02,-1.197687278428885282e-01,3.504300067543726360e-01,2.508660388969475297e-01,-2.535461682092434929e-02,-2.016942542687485407e-01,5.698415714959385037e-01,5.506325012087356363e-01,3.992485480198912917e-01,2.219934220731327734e-01,8.313392844022773898e-02,-1.261166145370744285e-01,4.419383954701444454e-03,-1.465692546182375822e-01,-3.365763035737615733e-02,-2.087752503138203541e-01,-1.585726580808665678e-03,-1.391167925828873941e-01,1.984770264221849545e-02,-1.019590174081730499e-01,-1.158439961213536540e-01,1.107069264097513134e-01,-1.832280412336748654e-01,-4.528445725032812300e-03,-3.023179407452314393e-01,-1.885489385846758903e-01,6.697437412204750029e-02,1.950245464472491197e-01,6.433679384430200654e-02,-7.595681519029333362e-02,2.917045045832026284e-01,1.206933245095117013e-01,3.012391400387105789e-02,2.301308573434253657e-01,-1.239297214283392456e-01,1.226215857167304579e-01,-1.835193551810465618e-01,-1.371644315591349916e-01,-2.357491249715051307e-01,-1.650173735261228070e-01,-1.045168593652409106e-01,1.845117077212728440e-01,-1.762977002473011257e-01,5.259764455207266952e-03,-2.250479325231437289e-01,2.140071637025857398e-02,-7.060654464092845639e-02,3.471148388352664205e-02,4.686820103271603644e-02,4.935900945462740746e-02,-1.021008044512978774e-01,-2.702170972843159213e-01,-1.637331316781763524e-01,-1.403280101161411345e-02,-1.524544772097444732e-02,-1.426857614546439834e-01,-2.292203726440241174e-01,-3.601827706042475818e-01
1.920572087842924158e-01,2.942240885600587164e-01,2.778149772796980055e-01,7.346929466336689085e-01,-1.279430960729075195e-01,-7.125033023500723650e-02,4.515937211821833830e-01,0.000000000000000000e+00,-1.571232240259524682e-01,1.826761107071824541e-01,4.155603040707272489e-01,4.189739947112188778e-01,1.362735399209487885e-01,3.536028114980194759e-01,-3.504720604939515205e-01,9.086187582264597384e-02,2.537989458460745418e-01,2.749126386876739048e-01,1.814018482577769709e-01,1.502071366901978344e-01,-1.209740138239893265e-01,-2.842595454893711016e-01,2.270955696641980825e-01,3.072908392764371333e-01,-4.138922359977330045e-01,-2.404869553946039629e-01,-3.770868197237323693e-01,-3.462841856290123088e-01,-4.235635781211877227e-02,2.919262810046743817e-01,4.500643525220891089e-02,1.802360501215795607e-01,4.361481415391896266e-01,5.848317268523598456e-01,2.749779567229404531e-01,2.032143819561838261e-01,-2.554694978924277882e-01,-3.207150394528398007e-01,-3.701693403968054907e-01,-2.800964459136756624e-01,-2.980904315219908840e-01,-2.652238040528955704e-02,-3.230283290187785927e-01,-1.296246990664382537e-01,-2.809567331567994208e-01,6.316505028658005172e-02,-3.505953912702515218e-01,-2.382336870380259430e-01,-5.060933834532102549e-02,-1.323273055858988356e-01,-1.327946084376580849e-01,-1.639006817082588607e-01,-1.495110517123249549e-01,1.398933763635858488e-02,-4.235277670163936081e-01,-1.924073728329301902e-01,-1.523247370108367638e-01,-5.801825212247455066e-02,-1.174791319239245069e-01,-1.872712088565069988e-01,4.955511689419509480e-01,7.124664386613958067e-01,-8.411004364310280257e-02,1.820488162689912759e-01,3.464828272563590383e-01,5.020278825622863650e-01,8.983046281998630089e-02,2.054020295857224843e-01,-5.765826780481148744e-02,-1.923232784775159021e-01,-1.911548231658012978e-02,-4.515668540744053466e-02,-7.565884568664337775e-04,-1.458521570140602630e-01,-5.383906553547593982e-03,-1.882581923359498421e-01,-2.461489659343117087e-01,-2.526047784024906817e-01,9.518520625594706353e-02,3.202036812653643594e-01,-1.784406652522772807e-01,-1.287335636639754810e-01,-3.676067488396226879e-01,-3.199039487996508946e-01,-3.742657090819420662e-02,2.813885097967596116e-01,3.026101041726345087e-02,-2.813384584004435252e-01,-6.061316699373189322e-03,4.527132350622767309e-02,1.389740777794713500e-01,-3.929148611931020801e-02,-1.555185964934871490e-01,-1.637636435816922920e-01,-3.174527742457947110e-01,-2.669697466561142263e-01,-2.128283566169286989e-01,-3.840277461338268417e-01,2.889447858738142597e-02,1.532810557085176606e-01,-1.334274762671147918e-01,-3.194762171346549051e-01,-2.092781784502109610e-01,-2.817713620452688139e-01,3.838138693961475577e-03,2.183456757558085992e-02,1.087034498711151459e-01,2.586560689777587380e-02,-2.335456657932592495e-01,-4.202658691574762684e-01,-3.501489094680667047e-01,-2.642066963758942996e-02,1.046920977502099614e-01,-8.725743274644448544e-02,-1.497766139028574028e-01,-1.541275133869832170e-01
-9.586265533455970433e-02,-2.759376974441221653e-01,-6.694168596323475662e-02,-1.623793375872296663e-01,8.006731634700249289e-01,6.789980093010440365e-01,-2.161169422155439224e-01,-1.571232240259524682e-01,0.000000000000000000e+00,5.740224852875602801e-01,2.069800757140008995e-01,-1.768576142991411249e-01,1.613751363846524789e-01,6.907018276048075556e-02,6.967343763379540977e-01,4.096504627868173820e-01,5.444656466198592032e-02,6.472275607424925192e-02,-3.436969304388923230e-01,-2.192677254147903376e-01,2.029549810997331449e-01,1.988209657281499176e-01,-7.514102818060822142e-02,-1.476355184026595380e-01,3.217349805360552040e-01,4.839023137373570371e-01,4.605223658789818209e-01,5.140540548817622568e-01,1.756363620711247908e-01,7.657281036479876568e-02,2.298655998436879011e-01,2.107947988242878934e-01,-2.003195971726914881e-01,-1.796091857749484710e-01,-2.666245176798691663e-01,-1.988145171203916095e-01,1.212001902707333240e-01,2.017427925729508263e-03,9.294317427792798958e-02,6.407606228794893166e-02,3.754992838713391290e-01,6.859267066385581202e-02,8.538772726821082515e-02,-1.463701260418228678e-01,1.385614649428925094e-01,-3.419973019904945510e-03,2.633541986797002243e-01,1.059526308167004216e-01,-3.092589379938601515e-02,-8.182034675648922062e-02,4.929601691057506480e-02,-1.360243024460870420e-01,2.717524521076129518e-01,-9.377879878365108501e-02,1.248535751489286000e-01,1.574659851843366806e-02,3.353709490975751665e-03,-9.967985851645025375e-02,-6.390049760529285805e-02,-1.614822311819352207e-01,-2.379597311178925992e-02,-1.301142914484954005e-01,2.376493254590334239e-02,-3.145367161993375960e-02,-2.013753194435285443e-01,-3.518995588193380430e-01,-6.590197636244148061e-02,-8.182206070108637153e-02,-7.331269875525582569e-02,-2.962207346920243956e-02,3.397869216304145179e-01,1.983590115224649064e-01,1.957765374817677928e-01,1.048542425583474380e-01,8.289933916235031619e-02,2.035136862704191307e-01,5.735053144176352480e-02,9.538718455621959802e-02,1.442829622688783786e-01,1.087876776561403358e-01,2.474293304532268478e-01,-2.844268829502913029e-02,3.398161298213885351e-01,1.620358091863531858e-01,2.766944332137019069e-01,-5.360707815328397824e-02,-1.761215317493406984e-01,1.968374810503634997e-01,2.626053941547342174e-01,1.257836294054158199e-01,-1.053169809308659305e-02,-1.457322599068883451e-01,1.942321250504570607e-01,1.048741877585020014e-02,1.454649400527319725e-01,1.722931809026210237e-01,1.661451143112019635e-01,9.658549587703881001e-02,2.206784165530960989e-02,-6.608000708652701782e-02,8.792012963331569120e-02,4.423562447386557989e-02,1.287083492942205365e-01,2.305040287889068562e-01,-2.437795904680912021e-02,4.489651903975277331e-03,-3.916593726803737491e-02,9.829922631112140985e-02,1.939776017911007955e-01,1.322647909512594255e-01,-4.774654942022395210e-02,-6.536282012498502263e-03,-1.149724072526570051e-01,1.031170913085458080e-01,1.427122166188430907e-01,2.731232365907246273e-01
-5.276810615411483413e-02,-1.898288184109854781e-01,-6.889642431975652459e-02,-4.048009486896404774e-02,6.636593556882625089e-01,6.356952551559446052e-01,-1.768488604867878566e-01,1.826761107071824541e-01,5.740224852875602801e-01,0.000000000000000000e+00,2.569519018535020294e-01,-1.417805418575436224e-02,2.357726080925051371e-01,4.520903067529234431e-01,5.311920577645150576e-01,7.633370164371577893e-01,-1.906195054933793875e-01,-3.045039897995732367e-02,-2.966264536535330731e-01,-2.247140164215180591e-01,3.247431065501395903e-02,3.622287750285300145e-01,-6.206256791207288848e-02,-7.348054060811332056e-02,-2.089507023685524545e-02,2.304180681653623386e-01,2.256782812005785066e-01,3.343114401536051439e-01,-5.626241404797613539e-03,9.774229208712462147e-02,1.834186263916992021e-01,3.149322152059965130e-01,-2.121515197258889984e-01,-1.055801059655211427e-01,-2.335611282342923145e-01,-1.515942782425241664e-01,1.029685009468371132e-01,1.605176523106868758e-01,2.201676521186835822e-01,1.236457338264917716e-01,2.539863692472019707e-01,1.654720622207868641e-01,8.594732649643596189e-04,-1.508509933996788656e-02,6.653423342472900015e-02,-1.183772085398396429e-01,2.027345085724808760e-01,1.908876877650807491e-01,-6.203326128850358140e-02,-1.243343757283800893e-01,8.590746827793729196e-03,-2.141571612073148168e-01,2.699861891738041253e-01,-3.807687998578664079e-02,2.597520731694059615e-01,1.815788501978501113e-01,-8.808820605695880795e-03,-9.137974991840709660e-02,-7.701435901785508211e-04,-1.215300498034600357e-01,-6.503243986524637199e-02,1.108282601810889507e-02,5.187290120877276894e-02,-1.882292106497573600e-02,-1.720472376252012991e-01,-5.625995250062356540e-02,-1.506755590433148662e-01,-4.500706397496483796e-02,-2.645719918948488125e-01,-2.799482312157879904e-01,2.178479469629053256e-01,1.043473948984240951e-01,1.543827517603750810e-01,1.284037283341061819e-01,-1.604945104379984500e-01,1.300414371743401944e-02,1.376268523829940749e-01,2.036637803595323370e-01,9.719487476378735336e-02,4.999459783352066394e-02,3.006747990653043656e-01,1.555541505378005562e-01,2.020822894937945313e-01,1.315828139655668139e-01,3.343517343907555506e-01,1.316614573206585093e-01,-2.710705447082527586e-01,7.617434763788138996e-02,2.336189826682205095e-01,2.872949709067473822e-01,1.990368990333378496e-01,-7.623426061384086516e-02,2.385965289641083786e-01,5.309879676021031676e-03,1.934506780594023034e-01,1.285128464904700951e-01,1.338176919495565331e-01,8.826028582422702773e-02,1.666646948668142336e-01,-2.315563501824586048e-02,-1.855209006704182373e-02,-3.000032156650585952e-02,7.630679934671646958e-02,9.834000167907029633e-02,4.760601009358094576e-02,8.727138969170865693e-03,-1.734276780617914349e-01,-8.986614894140997067e-02,2.106593801390398701e-01,1.387205950801009835e-01,9.313093283453943716e-02,1.127346235508691480e-01,5.707752886330985653e-02,-3.721057207159994551e-02,-3.436339900862770292e-03,2.158364845680756927e-01
4.554677566346354012e-01,3.757182936931504486e-02,1.420802264340818022e-01,2.401222124814637593e-01,1.417968644983998994e-01,1.626770451164006592e-01,4.118623222442106546e-01,4.155603040707272489e-01,2.069800757140008995e-01,2.569519018535020294e-01,0.000000000000000000e+00,4.095688561477227041e-01,5.646535471515189419e-01,2.359201242577324276e-01,2.388014169544486198e-01,2.292227212594148689e-01,3.346713988033503395e-01,1.290661677728344447e-01,2.293232106740781748e-02,2.888756213985968404e-03,1.763846127814920062e-01,-1.856004075174869650e-01,4.279134540410151066e-02,-9.587275787702069507e-02,-1.305597390561565041e-01,-8.751503710879880715e-02,2.544891966474034997e-02,-7.582163847220019237e-02,2.399695963654105424e-01,2.687837941269411446e-01,1.156485806976082081e-01,2.240370891110158788e-02,1.701792813477632782e-01,1.928787222520463585e-01,-9.175037446495570848e-02,-3.922706737906549168e-02,-7.088467286131312772e-02,-2.081279800200575292e-01,-9.618346841467101394e-02,-6.307519907053971142e-02,-6.468450426512122042e-02,1.148335728264232303e-01,4.260495040979449255e-02,-2.211200591460127721e-02,-3.384786596432066974e-02,2.416875854933790008e-02,-1.392765763630012758e-03,-5.167375788924814112e-02,-7.933495097628082138e-02,-3.587236169288249982e-02,6.522535854292846325e-02,4.158317796462824428e-02,2.389652633382928215e-01,1.768754496175082291e-01,-6.472140023866639058e-02,-1.058402430064857638e-02,-5.590568144260472244e-02,-2.167428630085514729e-01,8.614555047723794490e-02,-4.627235950560150413e-02,4.434771409101723738e-01,3.259761144263536026e-01,-1.892403770415890946e-02,-5.967027689472515634e-02,1.241995271372000331e-01,8.633021906543587864e-02,2.892251725902234699e-02,9.066125085334542089e-02,1.341514418416629995e-01,-5.442103136888273851e-02,2.674177231916932684e-01,1.475788118165533291e-01,1.669240827745796518e-01,-1.215390046234751525e-01,8.093989123104605721e-02,-3.019772888679714967e-02,-1.856603241290386286e-01,-2.716084855745571347e-01,2.922815095611279168e-01,2.323125304619252929e-01,-1.784272715643534513e-01,-1.724908235089387676e-01,-6.431277282751723945e-02,-1.024321826575468608e-01,9.131831915512210462e-02,-5.941102924904825139e-02,-4.152801037961304648e-02,-9.900184362945914363e-02,1.515289410313828689e-01,2.321816746257500952e-01,1.085424368749002000e-01,1.733184473499086442e-01,1.971049079492215306e-01,1.198923979484737973e-01,-1.388542833064117521e-01,-6.508260649883929744e-03,4.318801882328820313e-02,-2.240726836825779889e-01,-8.565357534565042064e-02,2.993361646541910573e-02,1.135260569093299865e-01,-1.536016791035698000e-02,9.666239196558817914e-02,1.244124786286556622e-01,-1.728998522844417685e-01,-7.304226780076171488e-02,1.564743345212723513e-01,2.290950112892447821e-01,-4.651205855218201214e-04,-2.159989707477724119e-01,-2.950435077529618422e-01,-1.379375223317203802e-01,7.542222681428378817e-02,2.476267060170663226e-01,1.265216466017604069e-01,1.584315085144747670e-01
2.771878090825156682e-01,3.608576163586462576e-02,-2.669377996410154941e-01,1.092937687962956261e-01,-2.809094119294232028e-01,-1.736662105089893382e-01,1.548852168155922249e-01,4.189739947112188778e-01,-1.768576142991411249e-01,-1.417805418575436224e-02,4.095688561477227041e-01,0.000000000000000000e+00,4.655337291556146395e-01,3.495253834202500243e-01,-2.013276839568387266e-01,1.050258593681464431e-01,-1.299356018555614285e-02,1.413852867458895157e-01,5.133946366966213835e-03,-5.872115945896088512e-02,-2.833933164659487858e-01,-4.424938604011711685e-01,3.029753985427649857e-02,-1.815028465387182599e-01,-5.308564458178167689e-01,-4.277449710106946412e-01,-4.544398516012560507e-01,-3.810725689202330568e-01,-1.302285436383259221e-01,2.579696022632699814e-01,-1.830989157652272992e-01,-4.506321173797560309e-02,1.146269169368045876e-01,2.754076629772941320e-01,1.295622955108482847e-02,-2.511328276178458885e-01,-2.707104640984616117e-01,-1.981076671044915416e-01,-2.471513364610690155e-01,-1.735834166245511095e-02,-2.784225120190401692e-01,-7.767626881538107486e-02,-7.003472924219511508e-02,1.698530076574088221e-01,-1.697233826110975397e-01,1.550889210674200880e-01,1.283817653327293806e-01,1.560834991008432648e-01,-7.919784085024988984e-02,6.956339042555632901e-02,1.791713826724987066e-02,1.448300276504790596e-01,1.961513116500081255e-02,1.689250387876229664e-01,-4.284423194141261798e-02,9.997884858340003178e-02,-3.198717882530276446e-01,-2.055083246753464654e-01,4.227963147513487396e-02,1.527373314641432278e-01,4.253086169034518971e-01,4.038093086930858444e-01,-8.753794130283455710e-02,1.538661436409062833e-01,-1.764632371150999177e-02,8.457002107243989653e-02,-2.743018392752569201e-01,-6.664471960118241445e-02,2.535695385342934781e-03,-1.390275833772558478e-01,-2.572261462988963410e-01,-3.879081882966044920e-02,-3.363461344679036791e-01,-3.969839171059552085e-01,1.875221889373273332e-01,1.061177100360180675e-01,-3.964925666746058619e-01,-3.858924675541042792e-01,2.809154922572929328e-02,4.580485750005789530e-02,-2.003511028365220492e-01,1.601094160641481079e-01,-3.969072184703417161e-01,-3.820056609376394907e-01,-6.890440044574218381e-02,2.038513286028662830e-01,-3.522891176826090792e-02,-3.242296210186307315e-01,-1.003510940595363499e-01,7.265205627079936168e-02,1.842572085431296858e-01,1.190836753685040744e-01,-1.561284911723657964e-01,6.537285373795300586e-03,-2.981856198479865827e-01,-3.412587297021941191e-01,-7.366681432953842146e-02,-2.229062529284487892e-01,3.094839658932565518e-01,3.347347936518412226e-01,-2.562672268609990645e-01,-4.143867349817698803e-02,-1.927087698961193474e-01,-1.085184540562205008e-01,2.167713928382890565e-01,2.341719554252778557e-01,-1.204815809304772833e-01,-1.442180513095605299e-01,-1.424723715821638315e-01,-3.680675718131201646e-01,-1.261067992489611211e-01,2.935116870585550708e-01,3.939008622195522280e-01,-8.240168378039194885e-02,-2.028309514504958166e-01,4.363989843622589904e-02
5.616943250112196306e-01,-1.294269161380551258e-01,-3.157106590560908310e-02,6.939411402604846180e-02,-3.067495641298325498e-02,3.584571253719813499e-02,2.790051384619796071e-01,1.362735399209487885e-01,1.613751363846524789e-01,2.357726080925051371e-01,5.646535471515189419e-01,4.655337291556146395e-01,0.000000000000000000e+00,3.047025979408635177e-01,4.131574404520006460e-01,2.047999164905258684e-01,-1.919494950927712884e-01,-5.450846818429540275e-02,-1.003543333542758903e-01,-1.412644552651788898e-01,-1.978648368535910196e-01,-2.092057458249954316e-01,1.151130581920213197e-01,-3.807179580357631932e-01,-1.453762997834453230e-01,-1.278576418122095437e-01,1.511247209402943729e-04,-2.156896746114795108e-02,-9.363536493257212934e-02,-8.043026118045831785e-02,-1.229045983118845636e-01,-6.489766234121310817e-02,-1.400146234084315988e-01,-1.280145370696098850e-01,-3.698211471124339678e-01,-4.044388279836953481e-01,6.944777662620303660e-02,1.277276176546869590e-01,1.839299600047832398e-02,1.184949478641978728e-02,-1.306735634055609385e-01,-1.937136434718770284e-01,1.591446687707985252e-01,1.911111901694805271e-01,1.530357168675167134e-01,-5.682417584799833929e-03,2.977949810307259360e-01,4.765651096331647851e-01,-2.409658739104276332e-02,2.800930136883908461e-02,1.071208623952955713e-01,5.091170872347505066e-02,2.450413004648619164e-01,2.072763496041577988e-02,3.114455720202162770e-01,2.976496372518153133e-01,4.814872504960442806e-02,-1.561648005708795028e-01,1.238203302876370177e-01,6.842803509170462817e-02,2.221842051706302001e-01,-5.433986121253473606e-02,1.453444424684829095e-01,-1.067412027229636268e-01,-1.791022982946005593e-02,-8.198579850235333810e-02,-1.827175221315844589e-01,-1.087831590066849347e-01,2.066383141232556730e-01,4.108905793215408830e-02,-2.737207562118749646e-02,-5.390850265201132391e-02,-1.707708630120944870e-01,-2.980438019728152144e-01,-8.329649344440480385e-02,-1.032322544415152643e-02,-8.192576936963932854e-02,-6.578859291596880765e-02,-1.379560196798249039e-01,-1.986612721692508632e-01,1.188636942123746237e-01,2.523327264345057719e-01,-4.695144982118854005e-02,-1.579439216103832033e-01,3.779520984100953052e-01,6.446730969741848449e-02,-1.144207593684959529e-01,-8.171171100481602889e-02,2.626284325482386439e-01,3.806796688354963099e-02,1.165489565147867779e-01,2.366975773927207649e-01,1.724907741078093859e-01,2.973976673876494448e-01,-9.702109491017345266e-02,-1.364256868880418250e-01,1.323088696771671652e-03,-1.770693717882308726e-02,2.154208942495888512e-01,1.932840007916543645e-01,-1.923617301612821906e-01,4.350415049962190472e-02,-7.283693064881421875e-02,2.360835382696576529e-02,1.102436397829830023e-01,8.088764603989874458e-02,-1.740882358363785853e-01,-3.121940986723774625e-01,4.576615145405916324e-02,-5.172932337542558018e-02,1.518456045003553911e-01,3.612683098603381437e-01,1.881679398030036421e-01,-4.850812719856965882e-02,-8.354662930265742415e-02,1.503481680844820922e-01
