0.000000000000000000e+00,6.639464353372417360e-01,4.597974431946453833e-01,2.792652841865999602e-01,9.836416690055999057e-02,-2.844828500209437006e-01,5.965912177992256371e-01,2.130357631999174328e-01,4.575888177690570768e-02,2.456756691294191899e-02,6.058901812209482873e-01,5.617284718198569671e-01,3.475451920408105799e-01,2.675260778100991832e-01,-1.153471375216940376e-01,-4.106262664924107408e-01,-2.174854187744771072e-01,-1.280121670606153561e-01,3.851280168105589707e-01,6.205145015923740903e-01,-5.773193693999065790e-01,-5.399257759171394166e-01,-4.087872563077219606e-02,8.249552887658528552e-03,-4.994757444535263269e-01,-5.579007073937208849e-01,-6.589993488261332300e-02,-2.568965998913249060e-01,-3.937716193155217370e-01,-1.528016029724010294e-01,-2.991824141891089583e-01,-1.386673490350023574e-01,-1.776401541786810923e-01,3.145676572864002374e-01,-2.340468978701126523e-01,-1.439783828463121473e-01,-5.526388446361880646e-01,-4.109130891023148324e-01,-4.768073273545482271e-01,-3.837220750737996289e-01,-1.798172651820247048e-01,-5.144618393674554868e-01,4.402222521686940948e-02,-2.975861820392464163e-01,-5.627801467781671230e-01,-6.851100456664530047e-02,2.751631219864434375e-01,1.149590439972051764e-01,2.639357410602820031e-01,3.062891629398765692e-01,1.590456213527910723e-01,2.017405710648989825e-01,-6.665979376979865034e-02,2.721868028174408427e-01,-1.444499214074587701e-01,2.056794062237570289e-02,7.683237632698394215e-01,6.028876883177440860e-01,6.159412291047591248e-01,4.787970090917221810e-01,5.252009211684155465e-01,5.407617482041492639e-03,2.733928128244353939e-01,6.834769798834565424e-02,-5.625653201624225552e-01,-4.857781466299870288e-01,-3.489087903805514479e-01,-2.698305767423332391e-01,9.608615683983680322e-02,7.506401803053769362e-02,-3.120792064620295236e-01,2.259069996896026777e-01,5.341065198188531538e-01,3.639912062230541978e-01,-3.165698113245632994e-01,1.770852985335949828e-02,5.668826673766078628e-01,5.358187522376457040e-02,-5.134564518312144665e-01,-4.433483708406592561e-01,-5.651570855216764278e-01,-2.248044629502684577e-01,-6.211020317825660664e-01,-5.984343204757014423e-01,-4.369563113353499562e-01,-2.475581565026267750e-01,-5.920908697615838712e-01,-4.199643973274677644e-01,-3.904298187904262085e-01,-2.098920737893655852e-01,-3.379395766645453825e-01,-1.384354116857031136e-01,-1.031938265891343687e-01,2.894269368480705817e-01,-3.402931569815954571e-01,-9.566233067139148782e-02,-1.848879258300301642e-01,-3.983787982301978392e-01,-1.649898244727600674e-02,4.420387341019924726e-02,-2.415881274809621726e-01,3.118357291546876575e-01,-3.216672501988135369e-01,1.799371545128144456e-01,3.400231209483007833e-01,1.778249373309225279e-01,-1.760878816358547039e-01,-6.664797621446663656e-02,2.556761248668668052e-01,-8.011064969266198932e-02,-7.708732152890374056e-02,-2.019192154360797131e-01,-3.116736348700844816e-01,-3.171016000299378135e-01,1.324063235419324358e-01,8.701185793462382079e-02
6.639464353372417360e-01,0.000000000000000000e+00,1.378163267703166606e-01,1.391034252361019463e-01,-6.878174092053740418e-02,-2.551531474823867662e-01,3.421247912993080065e-01,2.105510315389224341e-01,-1.743007992071711476e-01,-3.140908681313522854e-01,5.460376700064871747e-01,5.742547796632485602e-01,1.510825416706791380e-01,3.881146267156447838e-01,-1.948235055387220471e-01,-5.241643238164753749e-01,-8.829277601697611833e-02,2.516882221288185839e-01,4.277885365966015430e-01,7.420331066094011385e-01,-5.832205084102548565e-01,-4.920156616380450543e-01,-1.351681940252515146e-01,-1.194436555301704866e-01,-4.293019785174297387e-01,-4.663925210059469140e-01,-3.287513179030633337e-01,-3.332297569100152179e-01,-2.894393237349191517e-01,8.919708850952647039e-03,-1.005293747254936143e-01,-5.300086815484547631e-02,-5.412503914648496284e-02,4.954499910097949211e-01,-1.607675304268219585e-01,-4.826757709064360968e-02,-4.266040735249375104e-01,-3.607746473881831006e-01,-4.301198081693303199e-01,-5.159598931935330812e-01,-7.806606998401014429e-03,-3.129949960202824122e-01,1.836769411319804091e-01,-2.137933816042415225e-01,-3.230619653917582434e-01,-5.991103914386922136e-02,3.338408681980229442e-01,1.743574478152420254e-02,2.123518626617474925e-01,2.979917402674082116e-01,1.459144318777124139e-01,9.419112961121783867e-02,1.437428986026487165e-01,9.426275417305667037e-02,2.904301324235245181e-03,-2.175548808013750279e-01,6.651788021159585895e-01,8.364137862928540113e-01,4.728974681667365010e-01,5.459469516401876943e-01,2.852742801934013972e-01,6.316423583562280619e-02,3.978417245661274859e-01,2.360975990226537036e-01,-5.875493960597222287e-01,-4.418655923114834239e-01,-2.890145108754302306e-01,-1.919516089859443220e-01,1.047045337356486937e-02,-6.874750928269715219e-03,-2.205360062963607759e-01,6.068792391904319350e-02,3.130417978148788971e-01,2.341126015965490359e-01,-3.444764856041714340e-01,-1.226015250464645157e-01,5.113721379222081476e-01,-8.803913587941951001e-04,-4.518958455262329088e-01,-3.358647155948587537e-01,-4.737695808032265088e-01,-2.261845128256479709e-01,-5.389064544764873288e-01,-4.422514921698901258e-01,-2.972389972902159672e-01,-3.201454048101310956e-01,-5.904457754600689334e-01,-4.446710427428524071e-01,-3.207558975509937071e-01,-2.977582258849830188e-01,-1.098277877947264475e-02,-5.068457728558384279e-02,-7.338623491743281879e-02,6.782148153393333101e-02,-2.060790462284947666e-01,-1.823755567908749153e-01,-2.881746229766271594e-02,-3.401392051283806395e-01,3.010081284677489366e-01,-7.355065016263462319e-02,-5.047360759133027314e-02,9.711760242894013767e-03,-9.763883463542981020e-03,1.650560910260967518e-01,2.737474334818776889e-01,-2.892979605927902334e-02,2.480543810473776617e-02,-1.356930734512415138e-01,1.206051183234000679e-01,-8.118382472383688098e-03,1.584850551907185934e-01,7.453803032049760580e-02,-1.718038041173457486e-01,-2.474131067494368952e-01,1.330659065450010003e-01,6.739518231191683750e-02
4.597974431946453833e-01,1.378163267703166606e-01,0.000000000000000000e+00,6.487938631559292402e-01,3.724536339873995572e-01,4.098380347275129565e-02,8.117980799819830562e-01,5.698001015138194347e-01,3.911309722278546452e-01,2.365863093239065351e-01,2.506015370932868636e-01,1.968787572999068092e-01,4.101237640603632717e-01,3.223353216268254884e-01,3.168270065711343841e-01,3.758115299258547870e-02,-2.560185456841704288e-01,-2.374273039327500778e-01,4.439144963505069486e-01,4.406694973620529088e-01,-2.840564936548295449e-01,-4.124979913350877436e-01,4.815301492219457025e-01,6.317574469060587283e-01,-1.098083170893813659e-01,-9.594808326405787624e-02,1.118564508057390411e-01,-1.142972694573675396e-01,-1.382560141325756276e-01,3.941764631132106678e-02,-3.056665286790640965e-02,6.794732945768337806e-02,2.186801803589931981e-01,3.217101504397574252e-01,7.694698008940868694e-02,7.327989615329380535e-02,-4.893298259737644540e-01,-4.309206023794533436e-01,-2.354984824836098833e-01,-3.096320554109569523e-01,-1.506693895132218408e-01,-3.594488822862697552e-01,-4.525381818224188946e-01,-3.324585113279349691e-01,-6.016626715042123763e-01,-2.393929417294368978e-01,-1.257370362441191103e-01,-1.692328270619015140e-01,-2.854528811724266757e-01,-1.524301197962714127e-01,-2.278351951333996983e-01,-1.410221230538157566e-01,-2.688859593910321033e-01,-8.515093848747583294e-02,-1.450286907277162640e-01,9.321883934347817424e-02,2.420522014945432898e-01,1.455138409477588490e-01,9.664318964565388193e-02,1.079659746096307271e-01,2.946574521215989950e-01,1.180803490744685158e-01,2.150776959903435981e-02,1.096164187930214473e-01,-1.257189505520060757e-01,-1.480778306629342567e-01,-6.018727501172262823e-02,-6.863385141262695610e-02,1.321610216987767310e-02,9.131114101541112915e-02,8.080089597520130618e-02,3.244761280147236970e-01,3.702264535931752976e-01,4.401996073842595614e-01,-1.322871086479204816e-01,2.024085702545397325e-01,1.870161042422499031e-01,-2.300575705536219914e-02,-3.352879129819096304e-01,-3.574828303535005913e-01,-3.194130465374663275e-01,-1.885307665228828644e-01,-1.770046501202522660e-01,-3.675925301789150224e-01,-2.414148021311917636e-01,-3.173924675498197012e-01,-1.318284504902755838e-01,-1.475518264688246706e-01,-1.198398210109475059e-01,-1.031330073650036233e-01,-5.582952957362534718e-01,-2.796878012094426436e-01,-3.957720474805037636e-01,-1.099415805561073101e-01,7.077234931377567040e-02,-3.119719059283748448e-03,-1.075432764578250211e-01,-1.301304005477704195e-01,-3.460373459691817866e-01,7.933448390941080786e-02,-1.560453717228416082e-01,7.618055687962589639e-02,-1.983168600661472936e-01,1.923923797316091922e-01,1.764221300247119928e-01,1.139239176237935164e-01,6.594431391105021190e-03,1.450979581205932845e-01,2.631696420074603471e-01,-4.380829794808629302e-02,-1.724363496270494012e-01,-4.037261788375955396e-01,-5.099294506497595858e-01,-2.428376861072886195e-01,-1.945474052119828545e-01,-7.051600838142410566e-02
2.792652841865999602e-01,1.391034252361019463e-01,6.487938631559292402e-01,0.000000000000000000e+00,-8.682867250838534334e-02,4.239268016451760990e-01,5.189837287138584498e-01,8.013250324768718125e-01,-4.571506223620567383e-02,1.515758148154580653e-01,2.829479681684672881e-03,1.484658450223811928e-04,-3.862837905022119961e-02,3.927897281894662251e-01,-5.055212670069927916e-02,5.729139861746671003e-02,-4.394072535453983352e-01,-3.898121571868575774e-01,2.141419876185675641e-01,4.274272929001437515e-01,-1.736754155352185913e-01,-1.715273689723612327e-01,3.290891836746761556e-01,6.187145994882840006e-01,-5.228924136527685063e-02,-1.227390185959435775e-02,-1.200119731120332387e-03,-1.613050142388476882e-01,-3.410694014110638439e-01,-3.137548670747763446e-01,-1.723918875384108096e-01,-1.097302380303292468e-01,1.806409180019752092e-01,3.301376144873910401e-01,1.362630902822264400e-01,8.176876236362903838e-02,-3.803974393552193023e-01,-1.379705439457844518e-01,-1.021436955734099632e-03,-8.793496322279199459e-03,-2.401923206809219169e-01,-1.125453426947014696e-01,-2.835611241773203783e-01,-2.098619176489587290e-01,-3.901909996461900287e-01,-3.343952519607649720e-01,-1.213449386700814620e-01,4.738092778967670227e-02,-2.483877252046331474e-01,-6.749598590883516824e-02,-8.835956794879233633e-02,1.382949591803588341e-01,-1.226961977527437353e-01,1.888964462653754950e-01,1.547657153589825432e-02,1.680061187628082431e-01,1.692780190672992513e-01,1.154329571764549089e-01,-5.051081728200253890e-02,1.587509966775366987e-01,-1.115854273726273466e-01,-4.219637881344587282e-02,-4.410765897537421987e-01,-1.982154919195451004e-01,-2.362490454074107071e-01,5.103495858430286136e-02,-1.380967225480836114e-01,8.505900455622091016e-02,-1.904535807248679269e-01,-8.167625449648159563e-02,4.878384891672232770e-02,2.775603308465470764e-01,3.379117087801770114e-01,3.083760865705352239e-01,-3.808830352925806489e-02,9.699658375129563415e-02,4.507080085574162731e-01,3.379670264704737748e-01,-4.236456467172857177e-01,-3.308118468397800438e-01,-2.913299746220273101e-01,-8.821990567223643442e-02,-1.268429300142409066e-01,-8.989462951818018299e-02,-2.852164244987187569e-01,6.259426084431772563e-02,-4.793869436955968538e-02,2.183609691424218818e-02,-2.655885676123145855e-02,1.429191465874423139e-01,-3.296000140217896224e-01,-1.378781252507389199e-01,-1.269975111568211468e-01,-2.057653470464107792e-01,-3.219475649535686462e-02,1.128555506540534770e-01,-1.196997298333842136e-01,-9.412171716797269536e-03,-2.889462339411305036e-01,1.331361544477940306e-01,-6.252635734049311056e-02,-2.835108582097664587e-03,-1.236667318600944421e-01,7.541090395459958129e-02,1.519756279674566446e-01,1.446792951689535589e-01,4.688018760903373688e-02,3.156726242415385658e-02,7.433826899446961678e-02,-2.868940854837956356e-01,-2.486114369708754546e-01,-2.258791462669233752e-01,-4.736145279784658713e-01,-2.583328112122075249e-01,1.115835919652909732e-03,-2.696661898692614412e-01
9.836416690055999057e-02,-6.878174092053740418e-02,3.724536339873995572e-01,-8.682867250838534334e-02,0.000000000000000000e+00,-1.470785288414946657e-01,2.653794910160888754e-01,8.411374484638783899e-02,6.772958339575193554e-01,4.169552579453351671e-01,2.381912435356437763e-01,3.362663610172008100e-01,2.908254916185381012e-01,1.511038314670127003e-01,5.693595769042427701e-01,1.146628217871290822e-01,1.419780481793607163e-01,-7.326833590126848039e-02,2.597613724385370304e-01,-4.283869437829843779e-02,-3.863888702127156460e-02,-3.539486555133891654e-02,1.048990354214798665e-01,1.820742562296484290e-01,-9.365758759490095883e-03,1.196737959603375312e-01,3.965066101375109842e-01,2.571454671229827516e-01,1.877143055683679895e-01,2.356705186693639209e-01,-4.002891581982844643e-02,-2.776672946564810035e-02,2.258970930705430924e-01,-1.817468187210281305e-01,-4.591631417633396106e-02,-4.633384437964446073e-02,-2.449089457833933670e-01,-4.265536182136764332e-01,-1.816027535672292692e-01,-2.778678318123671276e-01,-5.867908933131218974e-02,-1.584727478176775894e-01,-2.617628165690201181e-01,-2.121008013742613219e-01,-1.584565697211611501e-01,3.810040538526606596e-02,-9.536683055195077641e-02,-2.188480873345758082e-01,-1.082643127624408480e-01,-2.957135701640610792e-01,-1.811935521816278039e-01,-2.921812848874196233e-01,-1.766638423516700140e-01,-3.017356792345882166e-01,-6.096480788742680845e-02,-5.923105646444603439e-02,3.988433821159272086e-03,-5.049090400649917237e-02,-6.384217834581396023e-02,-1.104615272605199150e-01,2.169855691756297500e-01,2.337244965782124262e-01,2.480640503488975857e-01,2.528800420749562905e-01,9.233842460738370117e-02,1.045280253462883419e-01,2.428786435030307837e-03,-7.412498607167732068e-02,3.676768217089743662e-01,8.248426802773706212e-02,1.896486540228494166e-01,1.388350172101364688e-01,2.888838231277139346e-01,4.061835916877752917e-01,1.391541202169723213e-01,-1.229187489787591514e-01,-1.207124212830673615e-01,-4.000631142140220753e-02,2.238805284873422174e-01,6.608634058329358740e-02,2.386398693843582441e-01,-6.519794808286828725e-02,9.360113116920246168e-02,-3.225720596367366300e-01,1.032268662930538733e-01,-3.189792016935380503e-01,3.975710948802593098e-02,-3.310534019952937057e-01,1.016980921038219132e-01,-3.421297703375473787e-01,-2.711001057430111327e-01,-4.559461214082484726e-01,-1.406832757666210409e-01,-1.188041037969882058e-01,5.744867661120844210e-02,-7.998974016763729655e-02,-1.373663428379701679e-01,-1.243810627516417355e-01,-1.094181717284338079e-01,1.919605800745524393e-01,-6.512960122517402750e-02,7.491668260631463572e-02,-1.705827567712729920e-01,-1.644602218076419153e-01,-2.485181202318883509e-01,-3.133001259111482528e-01,-2.114553406201502561e-01,5.219460451785597199e-02,2.859360531041924558e-01,1.420445295020896989e-02,-1.563473182594964928e-01,-3.561642751900773729e-01,-1.271234536697378736e-01,-1.912046631403553076e-01,-4.573529169776037739e-01,1.500893491976957594e-01
-2.844828500209437006e-01,-2.551531474823867662e-01,4.098380347275129565e-02,4.239268016451760990e-01,-1.470785288414946657e-01,0.000000000000000000e+00,-7.749990590265759538e-02,3.594388164321639656e-01,-2.799412406492882144e-02,1.200068027293856032e-01,-4.345047142089133452e-01,-2.924780916319153490e-01,-1.513022343339870401e-01,6.698561846875071557e-02,2.728685286577721761e-02,2.415069144660167144e-01,-2.273024821565541587e-01,-3.736252173891506101e-01,-2.678232880867197352e-01,-2.187683478271189308e-01,2.047925899978612907e-01,3.175835675933946223e-01,2.044190888806475814e-01,2.788274260999359933e-01,3.368291227695078272e-01,4.288375081024265456e-01,2.349082093992280740e-01,2.193156288033513146e-01,-3.241134465479439397e-02,-2.119412331086557300e-01,1.587614248665388805e-01,1.349342817852187681e-01,2.724473896765772785e-01,1.303393152077629846e-01,2.203637334417265503e-01,8.284708559119660642e-02,4.194513657519383792e-02,2.574443734266991801e-01,4.486027349909079698e-01,3.953413007073286467e-01,-9.385879794895186923e-02,3.901714302440844051e-01,-1.745167035183991799e-01,-2.687402720397036315e-02,4.666036258938897202e-02,-3.870255074250851801e-01,-2.077233049642477902e-01,-3.147945528424569983e-02,-3.366447288635520674e-01,-1.716154875112815004e-01,-4.444177621648983528e-02,-1.279020411537351749e-02,-1.562182223772093197e-02,6.303829566448579391e-02,1.077343245610818123e-01,-8.465801441097289132e-03,-3.291202448896914934e-01,-2.549573332734429432e-01,-2.979696897217356533e-01,-3.488054435062329373e-02,-2.958164574201075925e-01,-3.164607170474626613e-02,-4.948353796924205295e-01,-2.807902232124981912e-01,8.046352861949498947e-02,3.705768648048610725e-01,5.841148551975431508e-02,1.156764242329156867e-01,-3.622402276342565064e-01,-2.622153905232945670e-01,1.662877487900986384e-01,4.871733577390046505e-02,-3.841392176003501080e-02,-1.056007033414027851e-01,6.635051872769237580e-02,-6.240119239960027764e-02,4.699740788699904165e-02,3.189948935317024059e-01,-1.480098009818770211e-01,-1.452075843783874609e-01,1.603270751825922324e-01,1.761566613250512836e-01,3.439761741022838160e-01,3.081336396879083561e-01,1.102667146490626388e-01,3.181511747481576835e-01,3.240046785152756459e-01,2.436701241262961004e-01,2.497823950668081328e-01,1.739916726947715597e-01,9.758849173824983569e-02,3.670789053987982831e-02,3.669893852078597030e-02,-4.229270258298830076e-01,8.084717069576378978e-02,2.859802247989910451e-01,-5.186106096423652445e-02,1.458178023729843897e-01,-1.903381197653792323e-01,1.465447825874992005e-01,1.094439140886700884e-01,-2.236828508274144589e-01,6.046584554500681469e-02,-5.761031757795646163e-02,-4.211656454908958153e-02,8.340522795658018851e-02,1.997713448502879546e-02,1.264743153519580776e-01,-1.195336034055161090e-01,-2.452211799531500425e-01,-2.044233850662434682e-01,-8.861799335397990696e-02,-1.084892661805675756e-01,-1.169346544117325637e-01,6.443341991991098638e-03,-9.259712286496517286e-02
5.965912177992256371e-01,3.421247912993080065e-01,8.117980799819830562e-01,5.189837287138584498e-01,2.653794910160888754e-01,-7.749990590265759538e-02,0.000000000000000000e+00,4.815764745746219933e-01,3.388661497331064698e-01,2.602612633388167729e-01,4.426170516709971303e-01,3.295562885732333247e-01,5.184645590759150435e-01,3.961058495691067161e-01,1.820165548785196707e-01,-1.414703567676214579e-01,-4.472253545929070206e-01,-3.041121945225244150e-01,5.389525755275961227e-01,5.842438551301435412e-01,-3.990833771631920879e-01,-3.880364121839637304e-01,2.647122835678818453e-01,2.547914030807636454e-01,-4.418395841692158155e-01,-4.807124017767637758e-01,-7.023477834406728626e-02,-3.280001700982290158e-01,-2.172311939994264196e-01,-1.540196844084876782e-01,-6.330262938217771918e-02,5.479445457962529853e-02,-4.880640695701554677e-02,3.458306231260930841e-01,-3.369534283808622299e-01,-2.842385390170941162e-01,-5.201648786331050101e-01,-3.275830631183851427e-01,-2.722433088857689754e-01,-2.881226340089162452e-01,-2.816897493137879849e-01,-3.199557982834734804e-01,-3.177891072412707407e-01,-1.371579790724536396e-01,-5.358192473275162904e-01,-1.298881364668508231e-01,-3.222411278696998144e-02,4.315778553069538753e-02,-2.988546652546612576e-03,2.283540146817869890e-02,-1.584215832649108480e-01,-2.555778506016829002e-02,-2.765916834319436801e-01,1.675129691657371300e-01,-1.188193696186110593e-01,2.129558339547609758e-01,2.694600812358696196e-01,1.852137243270044475e-01,3.175949296338522188e-01,2.883384805483724111e-01,3.685577167189447167e-01,1.042224294440929344e-01,1.509043190798501910e-01,8.624272206464381196e-02,-4.964805221413207126e-01,-4.368568097881069812e-01,-4.131460344981907618e-01,-4.032810958674661328e-01,-7.746643807746991794e-02,-7.286406597514596961e-02,-1.597111889518933736e-01,2.372787897068527052e-01,3.387111094588460269e-01,3.505660400021519685e-01,-2.823331140716074938e-01,1.806911262278842467e-01,2.705228710589989150e-01,-8.215326122934905884e-02,-5.809903744645303902e-01,-4.289221737244549026e-01,-4.894741103475478972e-01,-2.390482213783357013e-01,-3.154548143716566777e-01,-3.628083906498522082e-01,-2.763790228540839999e-01,-2.215810200550916709e-01,-3.388962789788248497e-01,-2.832566897021258079e-01,-1.974468271141024134e-01,-2.285400396518920060e-02,-5.249618907488391439e-01,-1.437608414508321879e-02,-3.662150436621195992e-01,8.271134082139874888e-02,-4.320800065423772290e-02,-2.749062189720530985e-02,-1.533176173337182646e-01,-1.196393284937851687e-01,-1.956784244219748892e-01,2.981420039351988516e-01,-2.758895773651700023e-01,1.056900559985828880e-01,-3.487371148766179596e-01,2.503991748167319065e-01,1.362749559288205514e-01,1.290542187892584070e-01,-8.244335760101424715e-02,1.756918743496767576e-01,1.882744617267801679e-01,-1.415327202673465901e-01,-2.244211532236493334e-01,-3.922177499549974744e-01,-4.210578730967879935e-01,-3.860572763602260760e-01,-1.882435065824675235e-01,-2.586100973000877296e-02
2.130357631999174328e-01,2.105510315389224341e-01,5.698001015138194347e-01,8.013250324768718125e-01,8.411374484638783899e-02,3.594388164321639656e-01,4.815764745746219933e-01,0.000000000000000000e+00,1.554571188578092282e-02,1.431216570183685699e-01,5.749457064104504522e-02,3.099068414407323835e-01,-1.906907232824900031e-02,5.852317818664685145e-01,-3.146959737996838508e-02,-1.512467973815831979e-01,-4.957875798801372191e-01,-3.944874749975587069e-01,2.919834349056068534e-01,4.493893021170545232e-01,-1.605778804992100683e-01,-1.293765873570500435e-01,9.412883316344286544e-02,4.826908993609344556e-01,-1.723638182223011517e-01,-6.135189565298698050e-02,1.407122772323252391e-01,-1.835792072151877230e-01,-3.430878120367394368e-01,-2.605154507948054254e-01,-1.753897553334755888e-01,-1.267879729352315854e-01,2.929466682267332645e-01,4.145866789460633250e-01,1.143840199275934222e-01,-3.852034993833981097e-03,-4.657023165490416505e-01,-1.915402198507923925e-01,8.822955907832719102e-02,-6.872056855344738091e-02,-3.611341273334238711e-01,2.076643487868170060e-02,-1.990914240256945189e-01,-1.407138211119151328e-01,-3.375558205440580273e-01,-4.685792105856865231e-01,3.143125294842274986e-02,-4.544494404892620437e-02,-3.197293564597715188e-01,-2.056277841317240007e-01,-1.128020348239960058e-01,-2.814244591928848419e-03,-5.346864323175185008e-02,-1.956518958544441189e-02,8.970622855463114553e-02,-5.072143621895874865e-02,9.216719469291813349e-02,1.537515276452996182e-01,2.176695252310554586e-03,2.370248044771615936e-01,-1.304574138401756386e-02,2.280948590109927454e-01,-4.267767574015656207e-01,-6.995992595713813877e-02,-3.058791426548734815e-01,1.656450999057798301e-01,-8.228032670453766517e-02,1.145923533413454737e-01,-7.085352953821440203e-02,-2.921671905608507619e-02,8.251384244759710218e-02,2.333807592534153930e-01,3.232078016185969682e-01,4.162669664544954018e-01,-2.713499315276657886e-01,2.968374474777763644e-02,4.772184144554663110e-01,3.534489228549758666e-01,-5.116238952443610266e-01,-5.222066108028515785e-01,-3.089861143821160949e-01,-1.520678495747411207e-01,-1.145999123737535402e-01,-2.123806739643162023e-01,-2.386484142828686761e-01,-3.952550180128740903e-02,-1.363502255727290502e-01,-1.761162017749380582e-01,-3.759031631852577382e-02,-1.624440468923854242e-01,-2.816983882906018422e-01,-3.579614297447920035e-01,-2.064934014423649433e-01,-2.907746660329256772e-01,1.174785548636048949e-01,2.132788513914437023e-01,-2.768523548383623745e-02,-1.296972917241367984e-02,-2.194922980455557282e-01,7.416982193812061974e-02,2.443908666925366860e-02,4.943884944999495275e-03,-7.669478528715449606e-02,2.102397787332079340e-02,7.094561796669011933e-02,-5.281680910595746431e-02,-5.259229351856693768e-02,2.917251727120583624e-04,5.737285705666156366e-02,-3.400993533691477055e-01,-2.910365135638900425e-01,-2.515680681233908311e-01,-5.468544720238558421e-01,-3.376755472218557763e-01,-2.384808277680022237e-01,-2.188418259774242147e-01
4.575888177690570768e-02,-1.743007992071711476e-01,3.911309722278546452e-01,-4.571506223620567383e-02,6.772958339575193554e-01,-2.799412406492882144e-02,3.388661497331064698e-01,1.554571188578092282e-02,0.000000000000000000e+00,3.946949211562683635e-01,1.033052565883487567e-01,1.445409236357474148e-01,4.237077455897946821e-01,4.022032806542703842e-02,6.871330725125195382e-01,1.241041427947990883e-01,4.049278127859991944e-02,-2.278227003813555751e-01,1.369704703708767013e-01,-1.179584217884814268e-01,-1.134703994852838266e-01,-2.003642031671912516e-01,2.932475949664427595e-01,2.177697444052123510e-01,9.444637480919369776e-02,1.753616599244389729e-01,3.497253038626682020e-01,2.832871404118362246e-01,8.272286432867002881e-02,3.317513083121669676e-02,1.585723046655266033e-01,2.166718412729092824e-01,7.414678644814243214e-02,-2.311705515470126870e-01,-8.328867171607638731e-02,-4.078166275237526256e-02,-2.882774112881622552e-01,-3.616068017682217972e-01,-2.123143113450114972e-01,-2.763912399231138739e-01,-3.142861357634154640e-01,-2.852194996737990595e-01,-3.392041152118310809e-01,-1.601528270839950308e-01,-3.060439838124722756e-01,-7.602950053085129334e-02,-1.971150449397041371e-01,-2.397534697157324701e-01,-2.038656847097124192e-01,-1.684968646141368487e-01,-2.607872577990817953e-01,-2.894831337814424144e-01,-1.068511458006928261e-01,-1.104393762593980921e-01,-4.297632427719183523e-02,-4.060425106807658002e-02,-1.223571960667777236e-01,-1.510520577373666018e-01,-1.626821177356722048e-01,-1.798954305940189680e-01,2.544874075824242188e-01,4.004227763649573779e-01,2.122971061475910359e-01,2.445755114010549347e-01,1.487397664328982128e-01,2.045108183653589207e-01,-5.219532175455593448e-02,-2.460086676981251275e-01,2.172425982720200821e-01,3.687126272790607062e-02,4.067230767890288035e-01,2.811497426446733505e-01,2.090127521579228098e-01,2.881123248553832950e-01,1.342373430375670973e-01,-4.518469917483727838e-02,-2.885609020344353515e-01,-2.543356351586976150e-01,2.196165749004480028e-01,-3.351574967150163648e-02,2.457273425857744720e-01,-7.350117935552220871e-02,7.084457967630433672e-02,-3.221256744888316148e-01,1.476457529582548278e-01,-3.340410802741581309e-01,3.241449140318526656e-02,-3.437993195646017464e-01,3.181093170793020675e-01,-2.128574408084515091e-01,-2.657783241406284080e-01,-3.082428142420478578e-01,-2.330468328643990339e-01,-9.476341682380684528e-02,1.874420802266867359e-01,-6.556012166432202692e-02,-3.889479726185563618e-02,-3.986339472157343633e-02,-4.408861900213667528e-02,2.256328458706176043e-01,9.830061804704454120e-02,1.285749903728220789e-01,3.082799851731466562e-02,-4.135478009275033590e-03,-1.987933191048451842e-01,-8.193808007742393873e-02,-2.171384181716799061e-02,1.918950230839653881e-01,2.450142342185937239e-01,1.929109299968459479e-01,-4.843252841565592187e-02,-2.192738366282921680e-01,1.369011888823930267e-01,1.779508499826108203e-01,-1.823280052275433327e-01,2.330459591672464914e-01
2.456756691294191899e-02,-3.140908681313522854e-01,2.365863093239065351e-01,1.515758148154580653e-01,4.169552579453351671e-01,1.200068027293856032e-01,2.602612633388167729e-01,1.431216570183685699e-01,3.946949211562683635e-01,0.000000000000000000e+00,2.348657046706712492e-01,1.512234504313478001e-01,3.713583571108886039e-01,1.756409533791302435e-01,1.742897091522363218e-01,4.877083849069964727e-01,3.912358591266443253e-02,-4.678073178319991365e-01,1.639784038252171672e-01,-8.809690916386749698e-03,-1.551183471153487405e-04,2.007970519009319443e-02,-3.817270431148371123e-03,-8.631986076989412587e-03,-1.573116784177440719e-01,-3.582036999610690303e-02,4.655154350301004551e-01,2.007646915767598572e-01,6.794433674174611693e-02,-3.075943264799833043e-01,-1.847244541370957061e-01,-1.241011190384399554e-01,-8.211759531802455270e-03,-2.197085238232350524e-01,-2.640216699464949524e-01,-2.401508482402967271e-01,-4.014077956216822313e-02,-4.953086194360928340e-02,-1.758246326172081264e-01,1.378529207271584657e-02,-1.787999151603899828e-01,-2.013254630289884883e-01,-4.142923982871600797e-01,-7.688899271531476898e-02,-1.408658081357317682e-01,3.512475671738250760e-02,-3.784417044157057375e-01,-9.938057764802173122e-02,-2.691150096569631597e-02,-1.514722803936444928e-01,-2.152756545292079937e-01,5.183514926455060762e-02,-3.946358350040589658e-01,1.494260731744541104e-01,-3.858156758149370869e-01,2.084443729834510872e-01,-2.052686900986072649e-01,-2.933740249388966381e-01,-4.037430683332909193e-02,-1.481049612823771844e-01,3.161825246944972162e-02,3.098657046809038529e-01,-6.501640366758327854e-04,8.592970552279165231e-02,7.967446757158787307e-02,8.585005025504931220e-02,-3.085366484332057735e-01,-3.162773624513765536e-01,1.873757825590689208e-01,1.393713795529439581e-01,-7.804727387357364432e-02,2.152864362668664433e-01,7.637075100487229762e-02,-1.128949397200181420e-01,-4.052332735070795361e-02,2.746870840363068583e-02,-6.437661196167601685e-02,-8.540981099181611802e-02,6.055876834667824060e-02,2.578290855167899090e-02,-9.544487432274414984e-02,2.131424257268362543e-01,-1.344467576496648498e-01,2.588978302725439360e-03,-2.064650037495535939e-01,3.287154669735927182e-01,-3.539210415979148622e-02,3.288397853537390614e-02,-2.745226794495114198e-01,3.491977068085666547e-01,-4.365308677426605888e-01,6.844683874483291353e-02,-4.418996530989385135e-02,2.826844821760763349e-01,-1.795108963278262137e-01,-5.278789226123063727e-02,-3.279343618524614423e-01,1.665263836259283509e-02,-4.982064890689463788e-01,3.040227909394520589e-01,-4.195725603851884755e-01,2.624753414518952166e-01,-4.429499976389261184e-01,7.472499210209941622e-02,-2.307195363557197898e-01,1.619786472951666445e-01,-3.368742734892128388e-01,2.415604095162792453e-01,1.157403039419704766e-01,-8.946648600168292942e-02,-2.509221486429569770e-01,-3.646090810288833417e-01,-8.082105617888611648e-02,-1.884293598262917757e-01,-1.748738811047908515e-01,1.210546678669542076e-01
6.058901812209482873e-01,5.460376700064871747e-01,2.506015370932868636e-01,2.829479681684672881e-03,2.381912435356437763e-01,-4.345047142089133452e-01,4.426170516709971303e-01,5.749457064104504522e-02,1.033052565883487567e-01,2.348657046706712492e-01,0.000000000000000000e+00,6.036397236519762677e-01,6.206009224137162272e-01,4.143882299427343874e-01,6.541717833573101664e-04,-1.728504043013077418e-01,1.064991345686837620e-01,1.316469395638392333e-02,3.701372200337429974e-01,5.428359401852858035e-01,-5.694106617074067289e-01,-4.353350560087395071e-01,-2.170821625215360873e-01,-2.431108614809951163e-01,-4.750325771754547732e-01,-4.815600584360840708e-01,-5.663143896180911421e-03,-1.318425952457255024e-01,-6.248008617127728814e-02,-1.105100532823058701e-01,-2.609710139250769889e-01,-2.217661005701761501e-01,-2.852895914938232691e-01,1.230111712613099900e-01,-3.738694948150662611e-01,-2.783480283562606572e-01,-3.974000439401543794e-01,-3.409343419171573797e-01,-4.806360033057255343e-01,-3.799453308638294780e-01,1.375724293923447916e-01,-3.885796966494394766e-01,-9.459156757296330320e-02,-3.409794800199021925e-01,-3.018406129113531677e-01,2.050125415179603616e-01,4.171228217230060070e-02,-9.355824714823000876e-02,3.958911448935606425e-01,2.756969933987082899e-01,1.078295629849589654e-01,1.154209978801395281e-01,-1.466729756825889130e-01,-1.113647670445940679e-03,-1.765073929424066101e-01,6.396768370990763009e-02,4.707572809166765126e-01,4.389332354805881020e-01,5.261578628258156698e-01,3.753955390282187610e-01,5.134177933460896126e-01,2.345252167863907944e-01,5.593877501625246218e-01,4.221665382999802985e-01,-3.234362484093607493e-01,-4.168995167802203028e-01,-4.166237599118953749e-01,-3.791323486978292467e-01,9.443884750144546092e-02,6.886114338677973290e-02,-3.928597878187787273e-01,4.367115056595366474e-02,4.006379882793066338e-01,7.968563833394191886e-02,-2.079851587009253766e-01,-7.427054721986918462e-02,3.579727411138173832e-01,-2.923839610592761651e-01,-3.276455583882939004e-01,-2.826482733179654927e-01,-5.127720489905179813e-01,-1.766574099788242869e-02,-5.635480316393480793e-01,-4.545111908837420889e-01,-2.777049913874917175e-01,-9.939253670487964432e-02,-3.992313559365450182e-01,-2.459795921313744915e-01,-3.963795112493423423e-01,-1.955858320070111029e-03,-3.129606432181877285e-01,-6.322405887647375433e-02,-9.967696150530194754e-02,3.544377382592532877e-01,-4.070346865592443519e-01,-2.319687739052253284e-01,-2.381728876857761579e-01,-2.927013532690217468e-01,6.706675513596555005e-02,1.425660999485619251e-01,-3.024111314197193701e-01,2.234425013046925090e-01,-2.884397339901599300e-01,2.096846226432793614e-01,9.456000091245992528e-03,-2.143786993419292096e-03,-1.171890486113769531e-01,-2.885066215160785735e-02,1.214368507935272290e-01,-9.851502743691127606e-02,2.040858080396710551e-03,-2.194543821990143639e-01,-2.189065393543349336e-01,-2.599614239385308334e-01,-1.323547207869103792e-01,-7.754072905111120129e-02
5.617284718198569671e-01,5.742547796632485602e-01,1.968787572999068092e-01,1.484658450223811928e-04,3.362663610172008100e-01,-2.924780916319153490e-01,3.295562885732333247e-01,3.099068414407323835e-01,1.445409236357474148e-01,1.512234504313478001e-01,6.036397236519762677e-01,0.000000000000000000e+00,3.161912431002719681e-01,4.758535829194484035e-01,3.870233485177616665e-03,-3.129328258104561167e-01,-3.726960491179459167e-03,1.580785702327144882e-02,3.694771300466946351e-01,4.304414468022748630e-01,-4.191268410499525143e-01,-3.253543533165073054e-01,-3.241723485054268661e-01,-1.665881172188964365e-01,-5.004966292414203544e-01,-3.909949692473269622e-01,1.402692846600829268e-01,-1.155430699244790610e-01,-5.858688801002347873e-02,6.256044228051593770e-02,-2.294775194311484690e-01,-1.624915991155441719e-01,-1.027734315307247126e-01,2.219045562586075826e-01,-2.881995802077674251e-01,-2.112716032413899381e-01,-4.286473828398478236e-01,-4.089932169992367972e-01,-4.103526066332525146e-01,-4.333732057956101724e-01,-2.052374548462854720e-01,-2.196233792180916633e-01,1.022377613008841890e-01,-1.067805943481841824e-01,-2.666557713013490982e-01,-3.525397266556704046e-02,3.183735676915138146e-01,-3.639084180192698331e-02,1.789255288634699903e-01,2.167254630852566422e-01,2.128936597837522426e-01,1.536189143090694875e-01,1.365223325029440160e-01,-1.228686679076439192e-02,3.245666227608110660e-02,-9.047382308290569108e-02,3.851753756872055012e-01,4.720397221249345576e-01,5.110044176233272673e-01,4.747833409372441138e-01,4.577712068784639543e-01,4.089872400634782523e-01,4.355646192857254295e-01,5.058463021544744587e-01,-5.280930193983700560e-01,-2.112918701482162376e-01,-3.240525978192248524e-01,-1.891740598194672773e-01,2.697801435183730945e-01,1.542095447311724599e-01,-2.122260404345151230e-01,1.170864677783580027e-01,2.939188251085082526e-01,2.080247130076830764e-01,-4.819672236889716022e-01,-2.615959142194753118e-01,3.408006110888752160e-01,-3.518812666234984177e-02,-2.752367665264243701e-01,-4.304517447062257141e-01,-2.873223875731641397e-01,-1.374416949982545932e-01,-4.251190675581181244e-01,-5.821542396921769447e-01,-2.448111653232925289e-01,-2.269860650137257019e-01,-5.779002561162233098e-01,-6.229106063072412658e-01,-2.528050854551152082e-01,-3.692284643462181437e-01,-1.451242402708833035e-01,-3.792257102990076456e-01,-2.278400582391280210e-02,3.007529002413355038e-02,-1.630665951452055784e-01,-5.624723483194506851e-02,-1.318495585767678613e-01,-2.542491288474844069e-01,2.059046763395570301e-01,8.201581513002405288e-02,-8.205459203366680110e-02,5.711158371818791241e-02,-1.655110492601873928e-01,-5.682020512396195044e-02,-4.904018564989052337e-02,-3.274115313199164601e-01,-3.949200581624701112e-01,-2.398619743568094487e-01,1.089707472210667688e-01,-3.550379422415151504e-02,-2.155296656812743204e-03,-1.004796732133186876e-01,-3.223607878763870005e-01,-4.032656207426086326e-01,-2.389285597598854727e-01,1.988660346431626522e-02
3.475451920408105799e-01,1.510825416706791380e-01,4.101237640603632717e-01,-3.862837905022119961e-02,2.908254916185381012e-01,-1.513022343339870401e-01,5.184645590759150435e-01,-1.906907232824900031e-02,4.237077455897946821e-01,3.713583571108886039e-01,6.206009224137162272e-01,3.161912431002719681e-01,0.000000000000000000e+00,3.565266801226654181e-01,3.311808908923030148e-01,2.537706968827935228e-01,1.321238231762468240e-01,-6.869466068262412850e-02,3.925880734870532129e-01,2.981347259464066646e-01,-2.464974572474451231e-01,-2.362639628471250586e-01,1.812220802521991581e-01,-1.234081039987429962e-01,-1.235850407110925531e-01,-1.830787713572417652e-01,1.274883287091860273e-01,5.585087232918636846e-02,2.613339599009587566e-01,-2.070155823518068233e-02,1.317977052382005021e-01,1.307600794674124989e-01,-1.285144490596580313e-01,2.632997711143780784e-02,-3.327846046568458394e-01,-3.376458520953659614e-01,-2.027915315226053727e-01,-1.337047792692816761e-01,-2.348123570529443982e-01,-1.697746298639312701e-01,9.653771919392421796e-02,-2.356066307687511019e-01,-4.649075457653892296e-01,-2.758163134907770653e-01,-2.127524742541718472e-01,1.109901937226876328e-01,-2.612787895624270051e-01,-2.578336284045054105e-01,1.423669498887114027e-01,1.088213340083866165e-01,-2.320722870646177716e-01,-1.620994083250737183e-01,-3.944018865404235186e-01,-5.891070943458160541e-02,-3.794328874054263001e-01,1.255941436728518767e-01,-1.154481592962791625e-02,-8.331846780569173924e-03,2.181264696854677276e-01,2.909126845145161219e-02,3.673060598937045729e-01,2.324528919865271048e-01,4.522770852424476407e-01,3.253668836824075705e-01,-6.087627649618868042e-02,-2.939951800453028952e-01,-3.734452089518265905e-01,-5.973579061311212746e-01,-1.421555273812001065e-02,-6.197171325654852320e-02,-1.016404222415226571e-01,1.172923787619381264e-01,1.624813197879418636e-01,-6.595085045625463660e-02,-1.382762644317571399e-01,3.289051168687551902e-02,-1.051203504323561522e-01,-4.744424674300894429e-01,-1.381525392454495405e-01,-1.887915405335005292e-01,-2.501082466510143321e-01,4.544961855806223250e-02,-2.256433464010569323e-01,-2.109266437532332505e-01,-1.582769424736386876e-01,-3.127636791245175935e-02,-1.918999781810335481e-01,-4.595462896903836775e-02,-2.730160229795194904e-01,1.015088037088448664e-01,-4.587129011204343354e-01,7.020247654175422458e-02,-3.905625646856987210e-01,2.643435887648794003e-01,-1.228846081017726383e-01,-1.585388875703724609e-01,-1.024287602642556944e-01,-1.338913245250380191e-01,-2.026742490858984003e-01,1.676688139066193628e-01,-3.379462211968085050e-01,1.480512914210301567e-01,-2.860578892623322211e-01,2.451552311538462425e-01,-2.452264721549204940e-01,5.903263571804995280e-02,-2.711207821313514899e-01,1.521752013174975937e-01,1.693794154299125831e-01,7.192450598498684178e-02,-9.106822940167373648e-02,-4.452556686531400354e-01,-2.206725181587874396e-01,-1.955698545328620475e-01,-2.508907764944725560e-01,-2.862553353319852861e-02
