0.000000000000000000e+00,5.604542167876410685e-01,4.908062441002446485e-01,1.627075947654840204e-01,-1.633239288713709547e-01,-2.608951134738147215e-01,4.313316604700377921e-01,2.469221063641512115e-01,-1.522287270252090374e-01,-1.784277548240149336e-01,6.392958946223159522e-01,5.654494668366230048e-01,4.476863983362208144e-01,3.704481341164669872e-01,2.026881294441265080e-01,3.857144378754476417e-03,3.519207589794187685e-01,3.260037431584036360e-01,7.158480662529191907e-01,6.564267651569292150e-01,-2.501615746433233367e-01,-1.253004575990988856e-01,-1.778502206360016713e-01,-5.688143587477002827e-02,-4.439787107535317356e-01,-4.086437778284702227e-01,-3.145816039019647681e-01,-2.808206872636681006e-01,2.366979792839571106e-01,1.035337333652155273e-01,2.422136854497775327e-01,9.702371231661463535e-02,4.142142059220848549e-01,5.047219915830960524e-01,-5.185579587874709073e-01,-4.030778221327163680e-01,-3.083115395554428817e-01,-3.428506377765550561e-01,-2.519667154529058317e-01,-4.872262629957333502e-01,3.199533651075174290e-01,1.269437196077931318e-01,-2.440295063893943572e-01,-1.158451399321913794e-01,-2.838418937285200894e-01,-2.190237036162298312e-01,-1.847793106952594910e-01,-2.107238709449940905e-01,-1.320378117304685517e-01,-5.356124893626567490e-02,-2.764547646776592815e-01,-1.768479622824838671e-01,-3.599103986514638476e-01,-1.525349486732250903e-01,-6.540027917794002943e-02,-2.246942533731154101e-01,7.093405471393285922e-01,5.092493498943105878e-01,3.029234900885168780e-01,1.780839018076592062e-01,3.666726751800791773e-01,4.462022078058799218e-02,6.472752905582698224e-01,3.911648303555831929e-01,-2.787921140738234826e-01,-2.849088877133528208e-01,-4.083384349332081498e-01,-1.573338909938081509e-01,4.599097029065745135e-01,5.207901315858058933e-01,2.969985790524322655e-01,2.320329728690424531e-01,4.974330024353176283e-01,3.074776133241095555e-01,2.462640521004592353e-01,1.573896046604326970e-01,4.035192957444580508e-01,3.847587747118826895e-01,-1.220910369429598491e-01,-1.108075038783002675e-01,-1.355285593002256150e-02,-2.062627884884655483e-01,9.317467652072829176e-02,2.910802112671982689e-02,-1.008631192058881271e-01,-3.129683957625010171e-01,2.633179789427936290e-01,1.064318922155321895e-01,-1.860951945338764624e-01,-1.908748031137644519e-01,-4.461647651079063692e-01,-1.775123335525137513e-01,-4.059989985567518667e-01,-3.224605363132903579e-01,-1.494302621529014219e-01,-1.392518035834258150e-01,-1.655417077560412398e-01,-4.314042918691617934e-01,-3.158801267487323927e-02,-6.954143635409637536e-02,2.287327345424885680e-02,1.512650793508675262e-01,2.423138377600251095e-02,6.484761949995014596e-02,-4.331872798207517250e-01,-2.118001478941132498e-01,5.265001479270674245e-02,2.150408447205851836e-01,-6.049382223268914838e-02,-1.384650044426357085e-01,-2.259503999052854262e-01,-1.975143273274944933e-01,-2.525215087989187146e-01,-2.689020096074595245e-01,-1.320109995170944128e-01,-3.083267779411513754e-01
5.604542167876410685e-01,0.000000000000000000e+00,4.990003998459635048e-01,2.323941032800864170e-01,-2.201503610848180303e-01,-2.247381646541152800e-01,3.771864126773399328e-01,2.380358333201305354e-01,3.296529371828128135e-02,-1.805842384335903106e-01,3.819487390859082621e-01,5.558583830663106351e-01,3.527838123369067547e-01,3.543177662293926500e-01,4.525470387965320751e-01,-2.352629325259081305e-01,2.637719091376143909e-01,4.799089368193242833e-01,5.820533897200131923e-01,7.594280744174473075e-01,8.146252537368309232e-03,1.951995920444305754e-01,-4.927884216255253302e-01,-5.650746873138801085e-02,-5.384025392943952992e-01,-4.672247784821581540e-01,-2.321876104365349913e-01,-2.349897904981856356e-01,2.248548310051742827e-01,2.644269292429296536e-01,4.698537507207937725e-01,3.317674955255472957e-01,5.131645829609020604e-01,7.288434702229841244e-01,-2.856522529982045699e-01,-1.847921731315488869e-01,-2.135326422710342453e-01,8.473263381794159110e-02,-4.916727935541376909e-02,-4.299827360109343966e-01,2.073439824484392957e-01,2.583585894197261701e-01,-4.613116676248610881e-01,-1.720786071283652019e-01,-3.091858933545283405e-01,-2.343910339605236592e-01,-3.424780861257090692e-01,-3.549487702332094763e-01,-1.782554780953419515e-01,-1.824198287726160606e-01,-1.993132203732612961e-01,-4.196533781936065410e-01,-2.806787089708962513e-01,-6.022146578287143059e-01,-6.850327040646603249e-02,-4.944845718174212812e-01,6.789273885996885971e-01,9.291702438900293348e-01,3.183295862086766848e-01,5.494594875941385403e-01,2.000021038676806084e-01,1.483185708626920118e-01,3.522952308476330896e-01,3.519820367241275894e-01,-3.099167399223467512e-01,-1.758306893920343894e-01,-1.074500403446402436e-01,1.184079980944534316e-01,7.625114283799694359e-01,7.488260504704095100e-01,6.306598651351688067e-01,2.286726331094061371e-01,4.553996258747828874e-01,4.299502559193226769e-01,4.285102669989547808e-01,-1.332602099621379710e-01,5.069520751372378342e-01,3.791394579615412486e-01,5.436590728870738243e-02,-2.999864586895115703e-01,1.255374332863116171e-01,-4.472450744081858942e-01,2.160099278489657493e-01,1.357227597530379602e-02,1.663088476096056811e-01,-6.801912531268374806e-01,4.143871683379924953e-01,1.541488621769680212e-01,8.759996197300574938e-02,-7.215607375096331211e-01,-1.495410903990218032e-01,-5.497524097991474124e-01,-3.752537790671048312e-01,-6.317898999315901820e-01,-2.598688122292219238e-01,-1.369427937943113035e-03,-1.969650761066948572e-02,-3.964608879990421109e-01,1.606907912364607949e-01,-2.376390318690753956e-01,3.945702200804370730e-01,-3.318318806241286612e-01,2.430793554931426625e-01,-1.832314135926645660e-01,-2.142410881676551082e-01,-4.497030426546740345e-01,1.370525142626270731e-01,-5.148069004073809601e-02,1.034660139720710997e-01,-2.009114535424656456e-01,-3.086533312115117833e-01,-1.233245297313655814e-01,-3.052197784363610555e-01,-3.303186435009077826e-01,-2.951870501126095392e-01,-1.121434849376338472e-01
4.908062441002446485e-01,4.990003998459635048e-01,0.000000000000000000e+00,6.013098454994819653e-01,1.381530494394150044e-01,1.508223469175739018e-01,7.644072329748698991e-01,4.317848330499030607e-01,2.441564210843080174e-01,1.365859278262380183e-01,3.427996009616305351e-01,2.872761075617851767e-01,4.485555626757989911e-01,1.621393693480464582e-01,3.500134480296653305e-01,-1.405076846856766759e-01,-1.705815050779703468e-01,-8.070376417196523100e-02,5.202388013098018238e-01,5.103759328571113585e-01,-3.741273536851386083e-02,1.247630560148937640e-01,1.065136685987809056e-01,4.086268870384424101e-01,-1.642571652794425352e-01,-7.247148889130852756e-02,8.324727679523179213e-02,1.075360428489876979e-01,-3.866315756150178612e-02,-1.078800607880813639e-01,2.688640966610151284e-01,1.997417580852809404e-01,2.337370229245429309e-01,3.936227084552975097e-01,-2.490443727092348236e-01,-2.569225506294721684e-01,-3.189441933120721329e-01,-1.760726914610342420e-01,-7.059294089581452658e-02,-3.705187704597246445e-01,8.459106269484967244e-02,6.828950974792384609e-02,-5.583084488616043561e-01,-3.706113744280498112e-01,-4.203393252402355396e-01,-4.397282595227574586e-01,-3.551022157179500316e-01,-3.812125948471098424e-01,-3.991004396882928407e-01,-4.183427540514527143e-01,-3.474384257206946658e-01,-5.800228847792401332e-01,-1.495243170466136473e-01,-5.979545055923095598e-01,-2.592018231243623655e-02,-3.226872010083309816e-01,3.243621996546348085e-01,4.498713517214768531e-01,3.981991025641959947e-01,5.139470065332250037e-01,2.872339749516689689e-01,2.537566480137276037e-01,3.008205200255501532e-01,3.237286054892190568e-01,-1.198615362509361237e-01,-6.016763188031513943e-02,1.135844661466077444e-03,1.757543140153744743e-01,4.530478982226217588e-01,4.878193452085826665e-01,3.249725017299383012e-01,6.296552978582918569e-02,1.189412904599539689e-01,1.893382710963445459e-01,1.371423985963974301e-01,-1.506082478101187783e-01,1.961904906621466660e-01,-5.456859005426024228e-02,-2.038588498224671031e-01,-5.274151876332223710e-01,5.283282019826356785e-02,-3.417206813203993998e-01,3.507550585966041634e-01,3.920741403441251050e-02,3.318291661083403454e-01,-5.273493031609941539e-01,4.227738693038889939e-01,1.978192991142845025e-01,2.669544799374206634e-01,-5.386566863419607332e-01,-1.107189590184922273e-01,-5.602754214054642690e-01,-4.708110349010988793e-01,-5.385741766283759224e-01,-2.314983289737771177e-01,-2.113302158352727556e-01,-2.881783272627521097e-01,-5.038628526999491264e-01,-1.915541714185676203e-01,-3.594233207666445717e-01,4.129404471813712396e-01,-2.308917705430386103e-01,4.538465998144673996e-01,1.655839795869569475e-01,-8.819866662961284298e-02,-3.322213505441471981e-01,2.470732595866571291e-01,-4.596821929923017302e-02,-1.916102780631649127e-01,-3.659182555310743212e-01,-5.436767777803818147e-01,-4.291303349091005193e-01,-3.919543007397421341e-01,-2.863243835222448186e-01,-3.773049112930250693e-01,-1.350804946403280117e-02
1.627075947654840204e-01,2.323941032800864170e-01,6.013098454994819653e-01,0.000000000000000000e+00,4.756962062691889037e-01,4.624344901550003217e-01,5.691620717773375748e-01,7.178775023277715883e-01,5.251222968989600615e-01,4.689918593976596939e-01,-7.397769526663522388e-02,1.224537493826639983e-01,1.961807871145389293e-01,6.632701393838671966e-02,-6.593460008342399981e-02,-2.102652540187862351e-01,-3.618634720511094138e-01,-3.166270776148130128e-01,4.471653838424068383e-01,4.924550784842282036e-01,-1.845959536917835681e-02,-1.471568641650593603e-02,3.459072054874994806e-01,7.003906585839739796e-01,1.964384316808770459e-01,3.067889921873873105e-01,3.980176417340839379e-01,4.344044262835174419e-01,-3.165186886672659017e-01,-2.459240801240584473e-01,-4.614048207253804157e-02,1.696294696705520910e-01,-8.685551161688756516e-02,1.865551015366943566e-01,1.145584622432172517e-01,1.396526930835269575e-01,-4.193340698611700001e-01,-1.113153750522064417e-01,-3.545452504487216494e-01,-4.206064002303044891e-01,-3.057395552360165150e-02,-9.481142926239108371e-02,-3.879598615321990240e-01,-3.788420240147320484e-01,-2.617104426592898325e-01,-4.409941039755283509e-01,-1.148567060977959409e-01,-1.397524112141776131e-01,-4.825471807639630795e-01,-5.201421063286714164e-01,-2.601310063139547490e-01,-5.535373295996655063e-01,1.026995298638134213e-01,-4.983044477078082957e-01,-1.001917314397013370e-01,-3.521883495648112095e-01,-4.250833183699119500e-02,1.216388286047510731e-01,8.785160705137166903e-02,3.473958143265142295e-01,1.063460502925456935e-01,3.191560055139062713e-01,-6.783024752408861255e-04,1.607275187159648011e-01,3.147866166533980214e-01,4.420319861239314640e-01,3.043737855683020799e-01,3.700699193755039307e-01,3.234894012562538057e-01,2.345841157907453400e-01,1.080272647356171484e-01,3.266882809389725414e-03,-3.241972985942246921e-01,2.298046727189252333e-02,-1.862949817099879835e-01,-3.507458554545969664e-01,-9.188577541940881610e-02,-1.943150842726460992e-01,-3.932001305544030600e-02,-3.923399438643476178e-01,2.046026669849003998e-01,1.177153459117698253e-02,1.670243418869748753e-01,-1.428217201404344099e-02,4.679711839289789066e-01,-1.076249993617901662e-01,-4.352834001070708669e-02,-1.671437229719345552e-01,1.145581978275455881e-01,-4.381634658876508159e-01,-7.268902437366868419e-02,-6.230870617568904368e-01,-2.748924238759939409e-01,-4.462605311693335630e-01,-3.440731746020952442e-01,-1.831500105505041442e-01,-3.325513891243331854e-01,-5.858055071735096542e-01,-4.437222455439294166e-01,-5.158116837584296732e-01,5.848925788907687329e-01,-1.458487908969602620e-01,5.702341897451717045e-01,4.838523954635016722e-01,1.345991228229567460e-01,-1.979571838781355453e-01,1.392672562631089850e-01,-2.904266910043480920e-01,-2.892953157269214648e-01,-2.382623436456884347e-01,-4.273588233827740890e-01,-5.594089771716177495e-01,-4.501061023584849718e-01,-1.102407404965318610e-01,-2.630596133290586391e-01,2.686202279777537630e-02
-1.633239288713709547e-01,-2.201503610848180303e-01,1.381530494394150044e-01,4.756962062691889037e-01,0.000000000000000000e+00,9.228456381630716354e-01,3.366291421871761558e-01,4.662210368036812658e-01,8.842868036121102060e-01,8.913548272317632915e-01,-1.927295601192431374e-01,-1.348260145434967416e-01,-1.389430018032844771e-01,-2.865011560081135444e-01,-5.279434010794354926e-01,-3.507608712847122279e-01,-6.574360493780641024e-01,-5.389827334979735429e-01,1.837009424499578547e-01,8.918650267474115267e-02,-7.760381740214937485e-02,-1.374408941249762595e-01,4.864153835681742089e-01,4.607278066099942393e-01,8.399571867444830531e-01,8.854760021719971785e-01,8.259928438255298433e-01,8.668578670066651171e-01,-6.603907912169526551e-01,-4.422515055808590168e-01,-6.341667369747563399e-01,-3.501492024189484797e-01,-4.786725626025934988e-01,-2.938842569460524135e-01,2.147935301105587391e-01,2.245333165475785764e-01,-4.183400568286148591e-01,-3.043610547646395936e-01,-3.234791407623162085e-01,-2.807690709188547795e-01,-3.465627765561199447e-01,-4.666436354267533559e-01,-3.543037344304973690e-02,-2.951175012801090514e-01,-2.473354639536910482e-01,-3.262664663586797298e-01,1.928573673833849089e-01,1.332212538009210634e-01,-4.909049713334023290e-01,-5.789458106280457317e-01,-1.803077774670762967e-01,-4.196683459846423658e-01,4.403795485072736771e-01,-1.693040737442620125e-01,7.623087598937215541e-03,-9.765671612551718450e-02,-5.125234093720347772e-01,-3.399276587684070261e-01,1.684624646261470571e-02,2.368327563000174885e-01,2.212799278462664332e-01,5.328515869505905389e-01,-2.238213728942417824e-01,1.736970978501402030e-01,4.035701150306666984e-01,4.794548053494310236e-01,2.879259673028748967e-01,3.556729638316409592e-02,9.732447357014145650e-02,-1.674747053484643700e-01,-4.223198485735027985e-01,-1.633053797119205230e-01,-6.483690322412329898e-01,1.617919263917089526e-02,-5.451862568507812590e-01,-4.318748026465032419e-01,-4.751096725755278860e-01,-4.257893817767519629e-01,2.471839769607344153e-02,1.568282901136721155e-02,1.564331125665442412e-01,3.329439662820165569e-01,-2.587649783965632055e-01,-1.756326929198581410e-01,3.622186826747171295e-01,2.420449517656506622e-01,-4.406502972428968934e-01,-5.105106336791399579e-01,1.294155855175283254e-01,2.374271808906327358e-02,3.803608398220100634e-02,-3.417476664914323448e-01,-1.353148452701939397e-01,-6.114688830743792575e-02,-2.148714788107304596e-01,-1.437363797937721011e-01,-9.585444394144335134e-02,-3.085591765124510166e-01,-5.110020018286913768e-01,-4.657344834327235561e-01,3.571828917542962945e-01,1.197669512851819579e-01,4.579065964470622196e-01,6.841245015443432331e-01,1.909334771732325575e-01,-2.063230311532982808e-01,1.214872474428991544e-01,-4.029398678065775896e-01,-2.779098773340696327e-01,-1.078532436054686489e-01,-3.534372279108329018e-02,-3.358400861746485000e-01,-1.740627306588975465e-01,1.183016949472908419e-01,-2.671467687343909714e-01,-9.288293220902806013e-02
-2.608951134738147215e-01,-2.247381646541152800e-01,1.508223469175739018e-01,4.624344901550003217e-01,9.228456381630716354e-01,0.000000000000000000e+00,3.302590149326541935e-01,4.304495687580230379e-01,8.845480583236430272e-01,9.235975129563238628e-01,-2.406800953822373357e-01,-2.252875469213194148e-01,-1.181206168933438966e-01,-3.758559758503239312e-01,-4.004601276645640140e-01,-3.333501392679310560e-01,-7.184533369155803317e-01,-6.014148447353667715e-01,8.402062661931923582e-02,3.281014107519972939e-02,-3.480521021981011764e-02,-1.000254479393315327e-01,4.532429536736763964e-01,5.423049541613360613e-01,8.418880222612987740e-01,8.914742171445737551e-01,8.586680548039187233e-01,9.321334497963067456e-01,-6.531885492524169834e-01,-4.775331158203602322e-01,-5.519052173617391421e-01,-3.128707697883484906e-01,-5.157208035006696223e-01,-2.866929560990792991e-01,2.517973646964591361e-01,2.317618969465946033e-01,-4.052315474642921300e-01,-1.947327029026879874e-01,-2.159519176507103955e-01,-1.247171681025820711e-01,-4.285574657206222549e-01,-4.802609511870427061e-01,-1.911366157240218522e-02,-1.720366465272730461e-01,-1.920107396466781136e-01,-2.687952865824669302e-01,2.017849848177414307e-01,1.660805526510442942e-01,-4.658821513099140610e-01,-6.209327603575462984e-01,-1.540891464383114529e-01,-4.781629532610670030e-01,4.109811561373480915e-01,-2.501151590593015395e-01,-4.157380384889782822e-03,-3.760612181281509231e-02,-6.106990505857117224e-01,-3.441648853843028988e-01,-2.863856420701383146e-02,2.695539161312914267e-01,9.546004373738067872e-02,5.679713048607779591e-01,-2.661609823833955835e-01,2.133924040286011292e-01,3.851750810307965622e-01,5.073637139445391631e-01,3.529227676910673961e-01,1.495234232410972142e-01,4.366165326072959929e-02,-1.762533505375179776e-01,-3.468128455817481859e-01,-1.430801273958147435e-01,-6.696713335942533485e-01,1.792541620868598473e-02,-5.203776337191710066e-01,-4.207522874132822999e-01,-4.430829478402933952e-01,-4.649330383206237149e-01,7.114393806530085879e-05,-4.922325516349047858e-02,4.506018316476593372e-02,2.244624952627094494e-01,-2.170060332251507185e-01,-1.933716205976116487e-01,3.729104866103206128e-01,2.574126560882237236e-01,-3.192947994918832189e-01,-3.598481862787571428e-01,6.386390721276954952e-02,-1.289366907385954691e-02,8.798850684103305675e-03,-4.105010665310835360e-01,-2.526672024273276529e-01,-1.099025734073277444e-01,-1.412490551066542810e-01,-2.870360385176141255e-02,-1.283953112094123605e-01,-2.147551883742582490e-01,-5.117446829426300914e-01,-4.394810076758413064e-01,3.510282087988217392e-01,-1.229234141463750839e-02,4.599329094065822132e-01,5.957152334899775692e-01,1.879558653362886633e-01,-2.514265356845585830e-01,1.491498831651479617e-01,-4.096832276646981685e-01,-2.525233055239862745e-01,-1.285081287049098520e-01,-1.332265104884511331e-01,-2.730732262147996248e-01,-8.515623129392260737e-02,2.077527846095092445e-01,-2.265793023767392333e-01,-8.799234770113441295e-02
4.313316604700377921e-01,3.771864126773399328e-01,7.644072329748698991e-01,5.691620717773375748e-01,3.366291421871761558e-01,3.302590149326541935e-01,0.000000000000000000e+00,6.429364156794213914e-01,4.472552974848552076e-01,4.294870983154391864e-01,4.660900606627911835e-01,4.283455082909101153e-01,5.618988648513371098e-01,1.569213182749663038e-01,2.200769994982297029e-01,-1.493878798738293712e-01,-3.577329503318245618e-01,-2.574523208307858968e-01,4.836396366782726997e-01,4.460377237724243438e-01,7.784222257158297624e-03,7.904093351392420252e-02,3.870215212582934355e-02,3.857495538804178170e-01,1.870888411150651741e-03,8.055296828359637118e-02,2.769774976558013191e-01,2.711596527575454441e-01,-1.582704724522966122e-01,-1.905248676419656617e-01,8.405332863697739798e-02,7.925437321672224034e-02,-4.602951198965953006e-02,2.334443842071397546e-01,-1.724387650833851537e-01,-1.608184071899574075e-01,-4.879204754482179829e-01,-3.871421018891260668e-01,-1.836428539839060903e-01,-3.616074034483591770e-01,3.168417500452944818e-02,-2.159967074202559512e-01,-3.411049371456095214e-01,-3.270321512339766090e-01,-1.986304269243666931e-01,-3.325721534559759052e-01,-6.963964423695830075e-02,-1.913255874243845467e-01,-3.768242103060054360e-01,-4.466919187996574170e-01,-3.084996194938673941e-01,-5.679191558117996363e-01,-6.094794759824415792e-02,-5.433468237725153083e-01,9.496608500782537099e-02,-2.032327971262749833e-01,7.041618427750583054e-02,2.246103608217329406e-01,4.406941688735647178e-01,5.471614285727762761e-01,4.201896007648256992e-01,3.622853515790717682e-01,8.073636548631223098e-02,2.308991221002306693e-01,-2.643092484597191899e-02,1.473944875735972715e-01,1.872396008695497438e-01,2.377742898157850504e-01,4.067376836548330377e-01,4.488350902081714167e-01,2.410805658911908400e-01,6.492236285821238739e-02,-1.138190441782238188e-01,2.105200113174529597e-01,2.702518477471139643e-02,-1.622984336848631581e-01,1.147241761475464583e-01,-7.422321780349183662e-02,-2.443173030926721889e-01,-5.364027590778022159e-01,-1.172299791025282756e-01,-4.509695598022033791e-01,2.212693277106610179e-01,-1.408417594301163665e-02,1.570716032005491369e-01,-5.416374033378730246e-01,3.098469954525668313e-01,9.826355470620154464e-02,1.494585307372933713e-01,-4.319823369263515178e-01,-7.145818239339095379e-02,-5.145019029251548526e-01,-5.115996061400256423e-01,-4.758515778018002629e-01,-2.408477804090141394e-01,-2.138013116914355971e-01,-2.941170580731893858e-01,-6.156779105060149471e-01,-3.833350008803728115e-01,-4.845476930758738643e-01,3.391585165875095620e-01,-2.151942253711602304e-01,4.982226768352818191e-01,3.313629058647090675e-01,-1.841653956714038587e-01,-4.011144723011423330e-01,3.661782728578491519e-01,-1.034650422250896484e-01,-1.394261875388240202e-01,-3.391359831950211401e-01,-5.249870091831447816e-01,-6.693638278205630288e-01,-4.080609643080137516e-01,-3.168804729683952770e-01,-3.374428318443396524e-01,-9.535015033734024759e-02
2.469221063641512115e-01,2.380358333201305354e-01,4.317848330499030607e-01,7.178775023277715883e-01,4.662210368036812658e-01,4.304495687580230379e-01,6.429364156794213914e-01,0.000000000000000000e+00,5.088022092522631601e-01,5.099022656009661869e-01,1.419580429711708724e-01,4.206310011526288584e-01,3.104805571281879506e-01,3.091676792919506589e-01,1.959304282426132041e-02,-4.728289209204883381e-02,-1.963003322553198704e-01,-6.366742562906116398e-02,6.023215055648368788e-01,4.994152758666091096e-01,-5.323046728775821662e-02,-1.145590024970077059e-01,3.474983115450034910e-01,5.843884069499745149e-01,2.498949835596025737e-01,2.884629306461006237e-01,4.178485304130271083e-01,4.000401536773259825e-01,-1.792098775245732079e-01,1.363205097540363085e-02,-4.346115382646245640e-02,1.271876633343970164e-01,-4.504762198090889007e-03,2.634593014627300556e-01,4.344859855786577935e-02,1.210235661133131219e-01,-4.604672534068526835e-01,-2.804941250849003476e-01,-2.138585512125150967e-01,-3.412715914285195939e-01,-8.100561703800546187e-02,-8.244340193597231303e-02,-3.986637478967773873e-01,-4.904024382221702782e-01,-2.951972171204799711e-01,-5.338007783089494529e-01,-1.289002672572105990e-01,-2.198171607399285465e-01,-6.234429139223502947e-01,-6.268034427353308402e-01,-4.430597487529572831e-01,-6.445356806317534826e-01,4.267427443948684741e-05,-4.620325942460284940e-01,-9.916228933492537978e-02,-3.572627263662284114e-01,-3.590917988752613532e-02,6.943883566200322044e-02,1.712170439901818109e-02,2.778266016293031160e-01,1.102365024083539619e-01,4.265790530063382491e-01,2.012668133174585205e-01,3.318954354655729300e-01,2.781966170499016178e-01,4.554265169024960813e-01,1.957614868334880964e-01,8.337790540296736996e-02,3.639928137128480290e-01,2.061907604410817552e-01,2.254299821973698992e-01,1.405126693791824144e-01,-2.835757585436014527e-01,1.985810011310531198e-01,-2.328777741633849263e-01,-1.212225926902491119e-01,1.604775598504455392e-01,8.010725722831418816e-02,7.922478396215459906e-03,-3.488114324448742254e-01,2.048939160101585777e-01,-4.363148120845276867e-02,1.242188105732157377e-01,-3.222029574664084239e-02,2.838941337553965161e-01,-2.032828983801434619e-01,-2.879785707132825542e-02,-2.556095516050485572e-01,4.398019944334725234e-02,-3.743104897916839646e-01,-1.070332019069939744e-01,-5.297318299466038383e-01,-3.414707024179348127e-01,-4.992936177132452635e-01,-2.863130217834087832e-01,-1.185172830945762229e-01,-2.841735035482601535e-01,-4.908894250574686868e-01,-5.183144491656533903e-01,-4.744012343977556112e-01,4.428150249332027943e-01,-1.325715654340081096e-01,5.325277255144966748e-01,4.784195550395533014e-01,-8.582824662631537149e-02,-3.758560928807188617e-01,1.300823511175784042e-01,-3.167000447552358877e-01,-3.041153905273611957e-01,-2.305245904673622892e-01,-4.559230429526157091e-01,-6.762125694364601314e-01,-5.685626371880273533e-01,-2.366886005576608054e-01,-2.836847458098562536e-01,-1.252859279261773207e-01
-1.522287270252090374e-01,3.296529371828128135e-02,2.441564210843080174e-01,5.251222968989600615e-01,8.842868036121102060e-01,8.845480583236430272e-01,4.472552974848552076e-01,5.088022092522631601e-01,0.000000000000000000e+00,9.118455488865065961e-01,-1.190335851717995441e-01,-6.469518689220576935e-02,-1.218064888296317011e-02,-2.223938297373921902e-01,-2.612839303817224845e-01,-3.661831712060715227e-01,-6.180930091101581869e-01,-4.698565512235058916e-01,2.517767874225323443e-01,1.935975636341932260e-01,1.042314759137756217e-02,3.539052319458101115e-02,2.816979795078977666e-01,4.885709746787186281e-01,6.751432950223624774e-01,7.464299055349775669e-01,7.548319445891459312e-01,8.272730228080302783e-01,-5.161938449953518138e-01,-3.633163257428917992e-01,-4.288114986108617077e-01,-1.902056136866304148e-01,-4.228430241605752316e-01,-1.560634521935282126e-01,1.768957980222539139e-01,1.360555076543471242e-01,-4.346924413428069345e-01,-1.835176533632209006e-01,-2.891735924221763288e-01,-2.743670796181225668e-01,-2.949167862760901926e-01,-4.167150042522457798e-01,-1.169957961696351800e-01,-2.209069157820950924e-01,-2.085885687422466828e-01,-2.502031312908454264e-01,1.464438065051623383e-01,9.350187509885171666e-02,-4.527553933669961617e-01,-6.080309356251812902e-01,-1.732417181134023876e-01,-5.468803437715795690e-01,3.577437382026434909e-01,-3.840214501346784770e-01,-5.746765524920613433e-02,-1.582677339720658938e-01,-4.246714317616752665e-01,-1.109413188144728751e-01,8.314128386441657637e-02,4.376722595478562128e-01,2.256044280963812043e-01,5.804484684350778023e-01,-2.543126517814980891e-01,2.009135325758927004e-01,3.335096696372260583e-01,4.239325906351688600e-01,3.438316060960545650e-01,1.645966013923707283e-01,2.836805861368782988e-01,2.191100014554820882e-02,-2.190483904484096522e-01,-1.200797860299935710e-01,-5.890661965677449485e-01,5.571099722756943373e-02,-3.519546994788850247e-01,-4.507708354164604025e-01,-3.043095515140106788e-01,-3.521802155360838626e-01,5.377793269933860143e-02,-1.124485342271644567e-01,1.463789710148747369e-01,1.445937842162814402e-01,-1.224540808693200949e-01,-1.389280757554895440e-01,3.528624872354968467e-01,1.611133717711121446e-02,-2.648565035151901892e-01,-3.886512509369236534e-01,1.159410942793627497e-01,-2.237680135715268415e-01,-1.960842174648250863e-02,-5.390491737938135630e-01,-3.084433949629418747e-01,-3.065427099978975667e-01,-2.333378520123272626e-01,-1.000012977263086827e-01,-1.148859665393908158e-01,-3.819073461543474601e-01,-4.834464048014838755e-01,-5.083277584867683663e-01,4.758499081047234958e-01,-3.166978869944347963e-02,5.143602547022595450e-01,5.738166030805152973e-01,1.454819409641902594e-01,-3.595245967997580117e-01,2.005373577414405195e-01,-4.528458413869138610e-01,-1.254155089637770670e-01,-1.388494419816884706e-01,-2.158569372521749741e-01,-4.021396311850574112e-01,-2.595149454234823572e-01,4.149760195587898909e-02,-3.622362845960684363e-01,1.233995851261615595e-02
-1.784277548240149336e-01,-1.805842384335903106e-01,1.365859278262380183e-01,4.689918593976596939e-01,8.913548272317632915e-01,9.235975129563238628e-01,4.294870983154391864e-01,5.099022656009661869e-01,9.118455488865065961e-01,0.000000000000000000e+00,-9.776226829321117695e-02,-1.035113528038479891e-01,-1.269926579926057043e-02,-2.433541751607042336e-01,-3.984136870914588568e-01,-2.358433633631520088e-01,-6.688078914458081004e-01,-6.053180610641777371e-01,1.595526298067061199e-01,6.732347752781786543e-02,-1.082088786723203050e-02,-3.624200505828917979e-02,4.181959986631854642e-01,5.131633149497952795e-01,7.505593161634488419e-01,8.245411745306892026e-01,7.776153536285775880e-01,8.476790569915150231e-01,-5.589424570827180583e-01,-3.901777909571759739e-01,-5.330032453359444533e-01,-2.448004322681753830e-01,-5.267370886978174349e-01,-2.983275941761275862e-01,2.579971851459074150e-01,2.137011492899107135e-01,-4.392759815590805417e-01,-2.919559113365450820e-01,-3.478053984149901412e-01,-2.134455008025054334e-01,-3.289391567697692031e-01,-5.380890882679542075e-01,7.135850878622788940e-02,-1.261019819907504835e-01,-8.160962017229901611e-02,-1.568758945719719022e-01,3.057605955112062679e-01,2.419664597470788936e-01,-3.556597646643094857e-01,-5.191097979367813586e-01,-1.010164992827326108e-01,-4.014095740134229207e-01,4.070994986332390209e-01,-2.004175388280509118e-01,-7.873687375380694284e-03,-1.670049446307405455e-02,-5.746831169109982707e-01,-3.448857926387052797e-01,5.053874663330556322e-02,2.986856776613788234e-01,1.938600645762541264e-01,5.803737763031945329e-01,-3.124005185181364941e-01,1.601259635865509290e-01,3.627897248954035092e-01,4.619021763045343398e-01,3.753820646399057548e-01,1.117736054445027660e-01,1.169160315498772168e-01,-1.066446876160636881e-01,-3.182692140268120751e-01,-1.066843701145402806e-01,-6.542473570303324326e-01,3.374375766392526815e-02,-4.240926646349285623e-01,-3.445862058348736490e-01,-3.741643211941996228e-01,-3.702571147756718584e-01,-3.547443545319008129e-02,-6.129549574634880760e-02,-1.088398254348994267e-02,1.406349775362192300e-01,-2.116763008642242316e-01,-2.070485638438917531e-01,2.283946954455556289e-01,1.569888294164207276e-01,-3.759205738885268433e-01,-4.114118174482693235e-01,2.927380826282177315e-02,-4.449942489643604615e-02,-9.895072752216836631e-02,-4.284419559014661094e-01,-3.128703298694059942e-01,-1.658330341089429838e-01,-1.974175601247810108e-01,-1.275254252142048739e-01,-1.316522055965487215e-01,-3.468167384919144669e-01,-5.980671553014862418e-01,-5.329280671793686919e-01,3.238900938668942131e-01,3.823749621670229082e-02,4.026130255431512595e-01,5.743127752057459734e-01,1.575266050767328008e-01,-2.840495931711258248e-01,1.861428376284338937e-01,-4.410507395144021014e-01,-1.572630427169338929e-01,-1.082598843064510041e-01,-1.591581636140576850e-01,-3.973002432773837245e-01,-2.110546393329566228e-01,1.163104956993752381e-01,-2.695828068587188819e-01,-6.620309683515603061e-02
6.392958946223159522e-01,3.819487390859082621e-01,3.427996009616305351e-01,-7.397769526663522388e-02,-1.927295601192431374e-01,-2.406800953822373357e-01,4.660900606627911835e-01,1.419580429711708724e-01,-1.190335851717995441e-01,-9.776226829321117695e-02,0.000000000000000000e+00,7.108430404548207182e-01,6.629894812296498463e-01,5.170393777676366431e-01,3.136097235751608148e-01,1.174958874002688947e-01,2.596545624993125689e-01,2.595332912558217520e-01,3.251530532292241094e-01,2.222049328429640536e-01,-9.489793806114511787e-02,3.536282764688131793e-03,-2.933455463755407222e-01,-1.858291210017089246e-01,-3.897116355010885602e-01,-3.932558378724928527e-01,-2.711700803914856572e-01,-2.747304650490735023e-01,3.500442733482060365e-01,1.694748873485663332e-01,3.081768081532630377e-01,9.721704185786242403e-02,3.125461647209602511e-01,2.543229085797134026e-01,-5.361707736433560800e-01,-5.177355061557186167e-01,-9.681545819813945630e-02,-2.591064765174325157e-01,-7.749087093100566481e-02,-2.970244857819987483e-01,3.571914808133745955e-01,2.608589278040431281e-01,-7.403567509937052094e-02,4.531106708788629374e-03,-2.344379999742529294e-02,-7.727412951421416820e-02,1.024668337811857934e-02,-9.794485495538893249e-02,3.310499217969717529e-03,6.139472673829535904e-02,-1.214923204822916519e-01,-1.047947869160125306e-01,-3.103143593894903129e-01,-1.736195671471512103e-01,1.858245397084591632e-01,-9.170760930136985511e-02,4.643269352242491155e-01,3.376480116475006898e-01,3.959104784407456168e-01,1.881410756471089130e-01,6.086307961133200495e-01,6.754921697647583989e-02,5.202968661380769078e-01,3.945334054176228844e-01,-4.090853779961931003e-01,-3.941795530097846334e-01,-4.603363020633447489e-01,-2.141045697330904163e-01,3.079062427871356866e-01,4.277720387470292929e-01,3.234601293069990224e-01,2.791054273273453346e-01,4.228462763795615698e-01,2.787676238712270549e-01,2.825005354561526127e-01,1.385613200337158513e-01,3.630415718154366700e-01,3.066390162902945526e-01,-2.777396482829349034e-01,-1.981192335926846571e-01,-2.068351759152205760e-01,-2.987634406443565038e-01,8.146302556357942759e-02,7.832012611567712446e-02,-2.000612075068963214e-01,-4.464024806818910895e-01,2.518134729525748905e-01,1.178546025682345316e-01,-4.221891028925445211e-02,-1.651350095448153033e-01,-2.149779034718437842e-01,-8.314516790113621325e-02,-3.984005213816538271e-01,-3.091055050032931462e-01,-8.703178525677908103e-03,-1.186724203627594065e-01,9.970605399152360909e-03,-1.682856018814518351e-01,1.134292805680003485e-01,3.226622045973910613e-02,-4.974787373694997128e-02,6.652030998158377229e-02,4.615394445235474624e-02,-4.759711726203990495e-02,-4.460503451159953392e-01,-3.554595010530851584e-01,2.240425660052006718e-01,2.692580471659182795e-01,7.709450754801741579e-03,6.290669811513258970e-03,-5.213697223329977898e-02,-2.536555129286385823e-01,-2.416929469274130826e-01,-3.609432400562779808e-01,-1.947265321323404519e-01,-2.241520280335396464e-01
5.654494668366230048e-01,5.558583830663106351e-01,2.872761075617851767e-01,1.224537493826639983e-01,-1.348260145434967416e-01,-2.252875469213194148e-01,4.283455082909101153e-01,4.206310011526288584e-01,-6.469518689220576935e-02,-1.035113528038479891e-01,7.108430404548207182e-01,0.000000000000000000e+00,5.762435997596654369e-01,8.000878906988614370e-01,2.361666800938581334e-01,1.105140560409985651e-01,2.250119864341188769e-01,4.403835506408979583e-01,4.576703631908520253e-01,4.767842215403779171e-01,-9.820531281102329313e-02,-3.357015918452712494e-02,-2.377188797565195078e-01,-1.333077642762937332e-01,-3.440347313494173109e-01,-3.822365754300005580e-01,-1.535941810350469339e-01,-2.475310838345872455e-01,2.074302252760997500e-01,3.261454347223176620e-01,2.886345902070049929e-01,1.598200200279748240e-01,3.757293167021468205e-01,3.947028857221269726e-01,-3.628237266163479302e-01,-2.862202690407684158e-01,-1.167327826594742740e-01,-1.433037780690632201e-01,-1.274386233203116114e-01,-4.529170299545630662e-01,2.558268811816167276e-01,3.178267222975564299e-01,-2.064016062920797090e-01,-1.980915583116915624e-01,-1.051059627942424468e-01,-2.644799694804615409e-01,-1.079525634038708548e-01,-2.361364168669423114e-01,-1.679321202636196997e-01,-4.829012539666987375e-02,-1.870759517979805608e-01,-2.035959453893025628e-01,-2.765221959446938493e-01,-2.756059399211710503e-01,2.473179959883955309e-02,-3.401378214837845748e-01,4.210096264275908773e-01,4.495369379296332291e-01,1.914680340630682265e-01,1.673268702373170436e-01,4.505598095098553024e-01,1.206075196571906594e-01,4.311351901738249004e-01,4.310451178433358788e-01,-2.154056577483323409e-01,-1.058529645877425152e-01,-3.704016218050883991e-01,-1.851854378500678855e-01,4.013201373652359738e-01,5.056746642503049394e-01,5.194906112806425558e-01,4.149109712661610549e-01,3.772218442732539478e-01,5.125563141852367277e-01,9.552228682965928364e-02,4.023018404718307212e-02,4.286480533011772787e-01,4.320110529042766045e-01,-1.884197239862200057e-01,-2.923160798956928597e-01,-1.131938330907666795e-01,-2.899193618657980864e-01,-2.806764157326620615e-02,8.278316132830924878e-02,-7.145366112252687918e-02,-5.017142498303104325e-01,1.514959875587328364e-01,2.437564833130465361e-02,-8.838033124240574079e-02,-2.997655067717819311e-01,-5.081494219128707135e-02,-1.393324237211832350e-01,-1.594725031986409802e-01,-3.279944846830944449e-01,-2.839491990971560464e-01,-1.942636611315146922e-01,-6.565797310741236514e-02,-1.999655547827627056e-01,1.136844731222650673e-01,-7.446658598053963740e-02,1.253657223068376236e-01,-8.741957297944291660e-02,2.065368913142885399e-01,1.819953969013281617e-02,-2.454680684004131030e-01,-3.654708496094402626e-01,9.110664084076529334e-02,3.803457851242581650e-02,-7.104281468364168073e-02,7.976560706434106252e-02,-4.788729196171802142e-03,-3.125118743849953362e-01,-3.145575377743643486e-01,-3.026342088109423289e-01,-1.210558443069778556e-01,-2.830945974629276440e-01
4.476863983362208144e-01,3.527838123369067547e-01,4.485555626757989911e-01,1.961807871145389293e-01,-1.389430018032844771e-01,-1.181206168933438966e-01,5.618988648513371098e-01,3.104805571281879506e-01,-1.218064888296317011e-02,-1.269926579926057043e-02,6.629894812296498463e-01,5.762435997596654369e-01,0.000000000000000000e+00,5.474185310721252362e-01,5.066214216310566121e-01,2.008704944649627455e-01,1.163453406837054172e-01,1.290256182601303425e-01,3.114448054418575973e-01,2.729590868392013925e-01,-1.593745365396011804e-01,-4.852375831097488490e-02,-7.963071331397159058e-02,1.807945395595182414e-01,-3.128757378547776247e-01,-2.913443089373938255e-01,-2.098046803797558035e-01,-2.136921158967703127e-01,1.608175719670321413e-01,5.843306434281071715e-02,3.741106042384651498e-01,2.309974898506422791e-01,1.298057608458314804e-01,2.133225520028164679e-01,-1.605169745950097981e-01,-2.266671957525465686e-01,-1.417452720071322170e-01,-1.844384930806499678e-01,-1.206940654799416035e-01,-3.228582885774240463e-01,1.626325905555863205e-01,7.990737464582808869e-02,-2.723528292109023696e-01,-1.266763913918302342e-01,-9.376973477691104286e-02,-2.099442274713329004e-01,-2.057631488240708462e-01,-2.555126866318504497e-01,-9.391938839705796238e-02,-1.079716599437300362e-01,-2.411754334354503926e-01,-2.463570250360572200e-01,-3.454210422423712457e-01,-3.495433915081285203e-01,-7.418572725842186022e-02,-1.530322146336582922e-01,1.813326740271256066e-01,2.636085804411439359e-01,7.512303658040639376e-02,1.403851977806543638e-01,2.261294034933749031e-01,-4.258818132921747546e-03,2.790017334020069018e-01,2.028952938046184318e-01,2.459819944541314501e-02,2.803191131623128385e-02,-1.329969212885111218e-01,2.438764382912917902e-02,2.389166269661119613e-01,4.104304393029210574e-01,3.907788808377555823e-01,2.941989542940730007e-01,2.889958631489125129e-01,3.011202927121643946e-01,3.188088303587520711e-01,1.517445717258391336e-01,3.147102160610904531e-01,1.431828652326375406e-01,-1.977905068593187321e-01,-4.742010953681123908e-01,-1.165889202804061275e-01,-3.555378697213895656e-01,2.838084773829229746e-01,7.115283552963627689e-02,-5.973977328137177606e-02,-4.019757082276195215e-01,4.027929387981720732e-01,2.802324855842435736e-01,-6.620495458334517414e-02,-3.295695876588571327e-01,-1.598914284519258877e-01,-1.800484141096526103e-01,-3.633190874619817712e-01,-3.719436667673086672e-01,-1.685702037073351922e-01,-1.882746565532977812e-01,-2.627496706481048383e-01,-1.775581984775208011e-01,-8.156015491617171764e-02,-7.740372051939847786e-02,8.322421577297958728e-02,-1.967525722216241502e-01,1.600391726474798826e-01,-6.480585133634096662e-02,-1.954705349430983785e-01,-1.908204077041907587e-01,2.772451387842685966e-01,1.660365681731264531e-01,-2.375579302644037771e-01,-9.039462260117275827e-02,-1.905076269224681706e-01,-3.545325170747409826e-01,-2.135678901843586774e-01,-2.413118093674329334e-01,-8.745784760495514676e-02,-1.424497359919659201e-01
