0.000000000000000000e+00,5.210587104018525872e-01,-1.238975622433158008e-01,-2.160082151883208346e-01,6.042073155841407028e-02,-2.437474235411158929e-01,2.158618735578489087e-02,-1.128308131141697451e-01,1.177408370706911622e-02,-2.256344275922372022e-01,4.811912128010669143e-01,2.395838943409258626e-01,3.393930178971800160e-01,-1.461263509647439951e-01,-2.012775907986636970e-01,-4.364650233149365288e-01,3.229848718748803971e-02,1.229712129698311979e-01,6.421025313553097025e-01,4.233771090277893556e-01,-5.180460054546588700e-02,-8.991164940397816663e-02,-3.030562702687477628e-01,-4.162983606957386118e-01,-2.924133854593787829e-01,-3.283343232539853718e-01,-1.836367960692478762e-01,-1.989444722010471622e-01,1.977915697353554297e-02,-7.835111460372980174e-02,-2.295503932433326233e-01,-3.578209974934086768e-01,-3.710148995269769989e-02,-8.928509737334665297e-02,-3.128694912601533984e-01,-3.634041603107314167e-01,-1.053564089881540017e-01,4.014798151870348220e-02,2.481783565019152552e-02,1.225302037097880797e-01,-8.568860388962358521e-02,-5.448423368487614882e-02,2.621329269521038841e-01,2.931206393691696555e-01,9.807633871099703804e-02,5.103426218207338105e-02,7.845394528548538249e-02,1.593215967605868255e-02,7.070700371158315789e-02,5.179918504512520672e-02,4.146373325633180562e-02,1.458780471665035994e-02,9.951350985593641896e-02,5.231259541925451818e-03,-7.691718203496127060e-02,4.511235264748972296e-02,5.148189782493252098e-01,4.616264331012799871e-01,5.271899184468772370e-01,3.837580341300173559e-01,6.326758078838633503e-01,1.220132551926368138e-02,-8.220958042108410246e-02,-1.958948344722339918e-01,-4.198955542410180986e-01,-2.724788028883593505e-01,-5.593454444706484618e-02,6.445504827126448399e-02,4.343089108298054390e-01,2.943420105661451736e-01,1.528954852091551075e-01,-4.155835189870662680e-03,2.411194800762027635e-01,5.643664467045031441e-02,2.049624795965303559e-01,9.325133317487951934e-02,1.021443293212952325e-01,-6.917206113967670766e-02,-1.829148544843252691e-02,-2.683090835834413962e-02,-8.859794424765018994e-02,-2.789559467670113535e-01,-1.588541168998476860e-01,-1.152432370341177452e-02,-2.724474017671644210e-01,-3.565173154477360717e-01,-2.196609333318003676e-01,-1.214611393021921837e-01,2.941146547920367796e-02,1.441311094009113496e-02,-2.701032652750072760e-01,1.090320596138800169e-01,-1.772743470014447875e-01,1.383299793625989149e-01,9.429404572928322403e-02,-7.373886265038331889e-02,7.084425575519527618e-02,4.568756838727194153e-02,3.720213236861043271e-02,2.237005124147451174e-01,-4.069201550020584701e-02,2.694212473892198534e-01,-1.570041901569885212e-02,8.682102835388970374e-02,-5.768611759562766034e-02,-9.409500441036285079e-02,-3.291085642594281935e-01,-1.000132719533009251e-01,-1.839150014684682033e-01,-9.446631743349445665e-02,8.594767384558503476e-02,-1.429193263516030654e-01,-9.767280416937400983e-04,1.944292671806265860e-01,1.776000736291803023e-02,-3.178868017045836936e-02
5.210587104018525872e-01,0.000000000000000000e+00,-4.034441440106321108e-01,-1.448002737837572607e-01,-4.849780082658411429e-01,-3.418903758656033354e-01,-4.275395261006682546e-01,-1.192817889991752006e-01,-5.002088065261860450e-01,-2.540643906055961576e-01,-1.266925595573012986e-01,2.020663030751537748e-01,-2.870536247869805990e-01,-2.011124728592822153e-01,-6.067933213561463868e-01,-3.385338735452956271e-01,1.730535905575915911e-01,4.583023111307520381e-01,4.730517634841523433e-01,6.628596106815395350e-01,-1.979935958499552950e-01,-2.950666526578742954e-01,-2.732800141154395068e-01,-3.452930400325033844e-01,-4.192809944469237382e-01,-3.085514052769959825e-01,-4.621866616298406227e-01,-1.623231944246139591e-01,-3.896600056853196520e-02,-2.827248959570919859e-02,-1.747727712478252260e-01,-1.898354683169592438e-01,1.736809099079920371e-01,2.615918297085343402e-01,-2.629440207687597231e-01,-2.617856377352625885e-01,-2.974318230360302739e-01,-1.327339430354416427e-01,-3.075043512122852540e-01,-9.142633963308796630e-02,-2.031320385466210965e-01,-1.230451013808725735e-01,2.422426542148243545e-01,2.519755321052529751e-01,2.031381690789378358e-01,3.422715806413610951e-01,1.779976561092253828e-01,1.471408081819162161e-01,1.947537229059373709e-01,2.531382970825838408e-01,9.716930214324995263e-02,1.529025756515789702e-01,9.745722610557376597e-02,1.087050758266766837e-01,-1.443491175669720135e-02,1.304209614841279063e-01,6.733056593373030196e-01,8.441536531572735313e-01,4.880194440961425073e-01,3.532011783641178515e-01,2.160736433010796431e-01,1.344477939218121851e-02,3.209712016182577621e-01,2.939289968991154467e-01,-4.817553317454363881e-01,-3.816520444154919423e-01,-3.555065160395004531e-02,1.343323125788767336e-01,6.447199845331454959e-01,5.614046553287967978e-01,-2.580189314828756908e-01,6.758772825797608810e-03,4.440190278151283088e-01,4.986695082848772165e-01,4.054332140842464849e-01,4.739199662362084675e-01,-2.238829350121444017e-01,-1.042254684323545844e-01,-4.124924225084678625e-02,1.043671220343573153e-01,-5.650604668407566838e-02,1.693296297608151701e-01,-3.240508303940166090e-01,-2.503391433729628898e-02,-5.405490415881555322e-01,1.125864479899006260e-01,-4.523740222977729042e-01,3.982129265334864721e-02,-3.456917300957632611e-01,3.240440286312455953e-01,-2.258622388678049597e-01,1.035299349660112611e-02,-8.043242188063190468e-02,1.978915514152123911e-01,7.105699678986997225e-02,2.405162884181061833e-01,3.536369070957332550e-01,3.212956233681366069e-01,2.910624369480853124e-01,2.259495950023803768e-01,-1.451217675812054575e-01,2.233835084799274950e-01,1.038829876392515211e-03,2.725969584596695250e-01,-3.025738454290756163e-01,-1.444806857875756689e-01,-4.598356708293467876e-01,-3.259986518437515968e-02,-3.872129810782110049e-02,-2.768558249291220436e-02,1.396925577262849438e-01,2.468009133065440230e-01,1.154126568969329886e-01,1.526435652212086991e-01,2.114131850136866386e-01,-8.203978364720014571e-02
-1.238975622433158008e-01,-4.034441440106321108e-01,0.000000000000000000e+00,5.354621246437554216e-01,4.623084036382666406e-01,2.940775136545115687e-01,8.580035056843660080e-01,1.122396558073733702e-01,4.804052608296118798e-01,6.297160577224729383e-03,1.699985396108534830e-01,-4.239264518855982433e-01,2.509481065107822539e-01,-1.219277539579502606e-01,6.007586880051318801e-01,1.307073387461203107e-01,5.760168651813123847e-02,-1.362479499179508058e-01,2.285676908293275411e-01,1.814654095961785174e-01,-1.048200623062745321e-02,2.420344767031168756e-02,4.201093324110879990e-01,4.249293312882730378e-01,2.995036716705303248e-01,4.227191187491282642e-01,9.734031414799254600e-02,1.890010073479893998e-02,6.270407549399072654e-03,-4.579948208269011417e-02,4.458590020624974004e-01,4.030030900017189111e-01,2.197604304828529032e-01,1.220260467307394819e-01,4.919404786535530594e-01,4.747812661339902984e-01,1.718927546529755990e-01,2.355635167099907612e-01,2.871128420930079694e-01,1.090947604235871782e-01,-8.077310235527446203e-02,6.089156278675025846e-02,-4.874876284556772243e-01,-4.359314462396124967e-01,-1.733852585947680824e-01,-4.708799517391782929e-01,-3.342013246386260628e-01,-3.916328318990608404e-01,-3.119272439537139063e-01,-4.701673420892547584e-01,-3.907683744164574535e-01,-5.121265721269956384e-01,-4.465891298212910643e-01,-5.500884324509911494e-01,-2.638470610624533141e-01,-3.478691526810255841e-01,-4.802536984123303987e-02,-4.349354221702474432e-01,-3.334029766375582460e-01,-5.209902035622574479e-01,-3.896533849985328035e-01,-3.374409360269359781e-01,-1.002972673049968011e-01,-2.466642293981430867e-01,5.521315630214896908e-01,3.670798083259948497e-01,5.855988478508681316e-01,2.123352949072160878e-01,2.748694548717684968e-02,4.569724208604252630e-02,4.340274621866782589e-01,9.991733691386699145e-02,1.022404408695040123e-01,3.763165766550487928e-02,9.642086004863597822e-04,-1.295926915940460999e-01,3.210010099486830248e-01,-1.238223443361304889e-02,8.106404541265044283e-02,-9.048785165340607339e-02,-1.399834845806747531e-02,-2.535988454821007654e-01,4.517080126264964857e-02,-5.167015475321422996e-02,3.898021646801607121e-01,-4.796579010274414911e-01,5.532934215124333255e-01,1.572018410668090393e-01,1.871571719605380768e-01,-6.373370378100047251e-01,9.028121816787412768e-02,-6.603120248998563258e-02,-1.461764004200442335e-01,-3.940958018756766656e-01,-2.043844365468285712e-02,-1.265894906767064398e-01,-2.206455672967551351e-02,-2.324949386365199322e-01,-2.932651613491121800e-01,-3.693513907564451304e-01,7.027690164517279292e-02,-4.854422066860792362e-01,1.814756834158903209e-01,-1.841654550724503292e-01,1.511278490965955457e-01,1.589478048580236502e-01,4.585495032622087797e-01,-8.227542460355918852e-02,1.610796631628855224e-01,6.878130675736505474e-03,-1.192370127670084740e-01,-3.265728625895831794e-01,-4.106344227798700564e-01,-3.259933763429314069e-01,-4.440241629149200286e-01,-1.399055017508603616e-01
-2.160082151883208346e-01,-1.448002737837572607e-01,5.354621246437554216e-01,0.000000000000000000e+00,8.018736245941328333e-02,5.707094952838286384e-01,5.891815087882907864e-01,7.287312261233849231e-01,1.514435251663157761e-02,3.843706849325151387e-01,5.964752113808646783e-02,-1.414081007074144136e-01,-7.152729294987018351e-03,8.517631641823696087e-02,2.036868491954595406e-01,3.515503560761180646e-01,9.026982608723276014e-02,-6.597490411172170222e-02,3.173380351857946202e-01,3.153444153545684192e-01,-2.070730842931638171e-01,-2.153790240030238889e-01,2.944889860484537492e-01,5.455351701283958077e-01,4.157100880995501929e-02,6.017946568160891241e-01,-2.587110229925795313e-01,-2.858674959210588673e-02,-1.398565604315166466e-01,-1.583090739592305507e-01,4.485592441922755524e-01,5.477594707383934836e-01,3.631852762281120861e-01,5.179677205539600093e-01,3.255745934951987386e-01,3.274163770937786322e-01,-1.389062450912828817e-01,-9.157171814746264960e-02,-1.220619462676055152e-02,-2.080440008599789697e-02,-2.156556489965321677e-01,-3.040868230259341498e-01,-5.674017908150870149e-01,-5.755733226697835603e-01,-2.845149433912346204e-01,-5.624483667705719725e-01,-5.373496397529917701e-01,-6.808401109056464451e-01,-5.844080172035276410e-01,-6.294967210923329004e-01,-6.550634047374717106e-01,-6.770091192518717937e-01,-6.967305892779622756e-01,-6.589424914682735501e-01,-6.425454010316086206e-01,-6.051885868858521977e-01,-4.402294818984403557e-02,-3.573326908050442063e-01,-4.210496744210355247e-01,-4.315145851642331332e-01,-4.479797108752779367e-01,1.971184163568971970e-01,1.440974685708741043e-01,1.177585720463574792e-01,4.561678872519827621e-01,6.135566294434285917e-01,4.119577137047244486e-01,3.543498208493506274e-01,6.337369048273184743e-03,1.272038425054015098e-01,2.983790173931312184e-01,3.088500347144015334e-01,1.832958650399562628e-01,2.420030368004836840e-01,1.967519260661757530e-01,3.183506293524981240e-02,1.170616899575545600e-01,6.706603074211685278e-02,7.369225973547405273e-02,-7.124146950488967345e-02,-1.125872420716839822e-01,-9.857701934560982038e-02,-1.976755447208148053e-01,-3.575930055217192705e-02,1.041568897119693610e-01,-8.548839254449411285e-02,1.987732005612363739e-01,2.622927669456130428e-01,-3.551753552443266959e-01,-3.788831326894089857e-01,4.371600881897101942e-01,9.059436209950177954e-02,3.492526444820615028e-01,-2.476612091008996708e-01,6.813771624688445654e-03,1.249704673277900052e-01,1.519782734744326014e-01,-2.251828373196889180e-02,-2.355132320211378305e-01,-3.985324626288079264e-01,7.332537806297106941e-02,-5.170634854687133908e-01,-1.519409969070819634e-02,-1.677480003101447237e-01,-2.652556090198383842e-02,-1.342170084388935036e-01,1.745717779449610929e-01,-2.615369394074558776e-02,1.195729583505684424e-01,-6.185993433644342010e-02,-7.751833773093129432e-02,-1.964514236811705783e-01,-2.223042414224371821e-01,-4.102906912832005037e-02,-3.157191618373263176e-02,-1.400576251459554611e-01
6.042073155841407028e-02,-4.849780082658411429e-01,4.623084036382666406e-01,8.018736245941328333e-02,0.000000000000000000e+00,4.309460856100188475e-01,4.418873411284927055e-01,4.300716893720490236e-02,8.013198039999646083e-01,3.251977655137813228e-01,4.585019182340191457e-01,5.125871152319985691e-02,5.232772747016751769e-01,4.315420205518345764e-02,4.508333835421901581e-01,8.283591517618692224e-02,-1.940311530890449776e-01,-3.491200111208749846e-01,-1.621202091330297204e-02,-3.027893434010242024e-01,1.245384385181171200e-01,1.889294273624822218e-01,7.185943581079559661e-02,2.158641253666586657e-01,4.710878997925092015e-01,2.948219233565981812e-01,4.571200234093337755e-01,2.753640524996240346e-01,-6.891334763935542951e-02,-7.845196506586826768e-02,6.970020112894527442e-02,4.592168838895839544e-02,6.233530105073265687e-02,-2.973461191219842203e-01,3.400360866605405263e-01,3.395462304746332816e-01,2.319417692273106069e-01,1.841829176361929332e-01,1.932695436163335001e-01,-2.501156253319160652e-02,-1.042151730220047395e-01,-1.055956241639561255e-01,-3.970688996731693288e-01,-3.330477427161228632e-01,-2.228160491841151003e-01,-4.767043271476081867e-01,-2.915341576089581777e-01,-2.911227346951795747e-01,-3.740562126132462861e-01,-3.245496458431588738e-01,-2.587030333250207037e-01,-2.862548569758974204e-01,-1.996792864278557345e-01,-3.003112132657964617e-01,-1.403407902960606690e-01,-2.471576368097508913e-01,-1.951548950603179400e-01,-4.156955154075304693e-01,-2.619011240512560401e-01,-1.353562734766743381e-01,1.551579723683048362e-01,4.673864554761900103e-02,-5.725253846038028671e-01,-5.673429976206464387e-01,4.215333258133378558e-01,4.301388269254927121e-01,1.868816955838783211e-01,-3.642250556287055657e-02,-1.537693644595286568e-01,-2.226720693776055582e-01,4.299627844116284403e-01,1.172090415477484715e-01,-2.111923697574952241e-01,-3.256738046314802126e-01,-8.913028535986394774e-02,-3.195830266583195578e-01,2.548103282932332458e-01,1.266153506883349045e-01,5.428348438898756428e-02,-8.490134289321130123e-02,3.506866642799841977e-02,-3.564061034486695201e-01,6.857375081886767088e-02,-1.624007698608925798e-01,5.965515622086022818e-01,-3.349021075581479767e-01,3.996416617418959150e-01,2.633905039251062657e-03,4.575567522805938370e-01,-4.055930858845041009e-01,-3.601165452841924297e-02,1.043300886409032416e-02,1.161474265028217615e-02,-1.084312926198399279e-01,-1.571810119570647979e-01,-1.368797713764237922e-01,-3.369272749245620369e-01,-3.395502574130809248e-01,-5.373175503628745409e-01,-4.303194604378137722e-01,1.553525219028972781e-01,-1.665953373569673268e-01,-1.439682838797250522e-02,-3.519817971509815457e-01,3.523211848963996862e-01,2.564493604362458323e-01,3.363097897658078872e-01,-8.921927566105125607e-02,6.786546037387534980e-02,-5.391136067294261675e-02,-8.590019832342515871e-02,-4.402908031961724200e-01,-4.599221284602634241e-01,-2.526300121420409495e-01,-2.615997850877248565e-01,1.012896657763696223e-01
-2.437474235411158929e-01,-3.418903758656033354e-01,2.940775136545115687e-01,5.707094952838286384e-01,4.309460856100188475e-01,0.000000000000000000e+00,2.913586557766497109e-01,4.139661502367346091e-01,3.164322638997043025e-01,6.539441107447639956e-01,1.613404597212255709e-01,5.872116800260633075e-03,1.173482992968380850e-01,1.002139292535891846e-01,2.594269103771390528e-01,3.339476171256884340e-01,-2.515736552267678477e-02,-2.048234932627145122e-01,-4.662463123449501340e-02,-1.514818073042819846e-01,1.368186768562032127e-02,5.162809821007572492e-02,1.116732543778617137e-01,4.101350444041897414e-01,3.581638366498193782e-01,6.027309437501437994e-01,5.063799639538604791e-02,5.144102299609811801e-01,-4.915111327628631649e-02,4.321306553037514674e-03,2.535862611637719755e-01,2.791438180924826207e-01,7.409310026340044930e-02,-2.492920318870737659e-02,1.908720719738202232e-01,2.237717154044268630e-01,8.667162690549905235e-02,1.223892652762349209e-01,-2.181873019885418458e-02,-6.438608450333711819e-02,-1.786212982758163814e-01,-2.093862364992279124e-01,-5.404781975102412872e-01,-4.971763657238369993e-01,-4.666399955361213991e-01,-6.059297744213800740e-01,-4.416175500121206632e-01,-4.654185057420194283e-01,-5.827290447326581857e-01,-5.249294407277091956e-01,-4.860450133779759541e-01,-4.492034723423978249e-01,-4.472850022157796590e-01,-5.529171420443271812e-01,-3.414696586663036881e-01,-4.843285677772117270e-01,-1.262818513606094872e-01,-4.186326980170262946e-01,-4.473728677569072665e-01,-3.254145747647747000e-01,-2.094267005442354557e-01,1.041648588154831523e-01,-3.304587268795122768e-01,-2.634096534271635481e-01,3.853859729534414025e-01,5.827364578670880535e-01,1.493953071880085026e-01,1.141388088924050054e-01,-2.357665016270188707e-01,-1.655831548860061397e-01,2.770336099646981132e-01,1.590073792473438996e-01,-1.341831543663468129e-01,-1.568602313978748330e-01,3.867736499365256875e-02,-2.470359168498069136e-01,6.259817512318058275e-02,1.178875390111709248e-01,1.890515221089639486e-01,6.385137525772259862e-03,7.404170388206259001e-02,-2.275287874116203868e-01,-1.903236522469409220e-02,-2.114432455452742721e-01,4.177411967224478051e-01,-3.610395218960762986e-02,1.655992550951264630e-01,3.577025551196154340e-02,6.729068093012530172e-02,-3.076111582571539604e-01,4.150676977257129474e-01,8.089292678269731710e-03,4.458947943211485354e-01,-1.550758204501633541e-01,-9.005959004014255087e-02,4.915447923317432799e-02,-6.249441620946776660e-02,-2.013004918570203416e-01,-3.329749597859396060e-01,-4.041483032504910589e-01,1.897617940060007669e-01,-3.739236246008397213e-01,-4.078370127269612816e-02,-3.682505426534006254e-01,3.994579933455828513e-01,1.510873090116400252e-01,1.155955198174721810e-01,-2.866927299143181562e-01,2.081189167545606233e-01,-5.543090983726694371e-02,-8.357410770606277239e-02,-2.335729254986110559e-01,-1.994897607350227808e-01,-1.513297322065550524e-02,1.537210374519530631e-01,3.042491917985297167e-01
2.158618735578489087e-02,-4.275395261006682546e-01,8.580035056843660080e-01,5.891815087882907864e-01,4.418873411284927055e-01,2.913586557766497109e-01,0.000000000000000000e+00,3.541014407216697135e-01,5.210961955966002535e-01,1.438514715923361886e-01,4.766090589100489550e-01,-2.439889691115512682e-01,4.957451210678460174e-01,5.642846943664799053e-02,6.699336339966687204e-01,1.930127268462119294e-01,4.037042473831331524e-02,-2.304882943641796966e-01,3.609072664253187845e-01,1.482073539965265419e-01,-1.292123077587701285e-01,-7.643068983421670570e-02,5.061320524773249563e-01,4.369246589773874145e-01,1.000044047071405595e-01,3.573577355302612335e-01,-2.445405824637362710e-02,-1.190778483200165688e-01,-1.440560743543808746e-02,-1.701487367450399135e-01,3.820664462943949569e-01,3.937142991275178194e-01,2.516995989005860745e-01,1.844791348399739406e-01,3.698648771543489588e-01,2.959020093327633383e-01,4.606852491055906523e-02,1.321204214718301462e-01,2.455302178467395069e-01,9.500387220978227798e-02,-1.361871134775841097e-01,-8.267483936281580514e-02,-5.367181521373516340e-01,-5.103517015118672617e-01,-2.218234681689798538e-01,-5.322200585413445761e-01,-5.128357431283799839e-01,-5.538964756607218654e-01,-4.247111351862301043e-01,-4.902163847343452008e-01,-5.131211122262169244e-01,-5.777267354952285716e-01,-5.543102199952861797e-01,-5.722014696174507753e-01,-4.883571080341178594e-01,-4.478185157376003422e-01,-8.347573548097152185e-02,-4.972725088714575747e-01,-3.648024736251747613e-01,-5.008180540073255971e-01,-2.179068458687418719e-01,-3.785977781014240873e-02,-4.640173260127260224e-02,-2.104284794510817014e-01,5.660942808434369367e-01,4.663303536477609867e-01,4.333707144109342213e-01,1.191493369163268007e-01,-3.855783150984071206e-02,-7.033792523360317406e-03,5.668929430632342337e-01,2.304709378056115088e-01,1.137389634800149985e-01,-1.284072271971268891e-03,1.052966956812186050e-01,-1.089808511494995691e-01,4.434187177164026772e-01,1.142471235335123514e-01,7.160487408305798995e-02,-9.277710525344180781e-02,-5.579278164546038615e-02,-3.214006818686105937e-01,-1.846370436263404177e-02,-6.095873259297363012e-02,3.938224664212707227e-01,-4.681475847883929120e-01,4.465744495608057196e-01,1.465269644781156955e-01,7.357716289477797544e-02,-5.929699745603849159e-01,1.653275438997591495e-01,1.809386910815549698e-01,1.447250898345035482e-03,-1.858631923176967127e-01,-2.094107989888550209e-02,-2.356773922155258605e-01,-1.141100920433569393e-01,-2.776199869143107790e-01,-4.040831170081902179e-01,-3.746553470690024423e-01,-4.257374750767517133e-03,-4.722332427103730357e-01,-1.220356318271029195e-02,-2.763940228957600387e-01,1.030995692223239321e-02,-8.733712594045438260e-02,2.141125929070209766e-01,-1.894850270994023478e-01,9.245474947672163019e-03,-4.804027278243016424e-02,-2.136558347831738203e-01,-4.795206543105504093e-01,-3.680554916451427849e-01,-2.315017906989906560e-01,-4.165252732982316908e-01,-2.614190211285478682e-01
-1.128308131141697451e-01,-1.192817889991752006e-01,1.122396558073733702e-01,7.287312261233849231e-01,4.300716893720490236e-02,4.139661502367346091e-01,3.541014407216697135e-01,0.000000000000000000e+00,4.845544717631759812e-02,5.814074140320343309e-01,3.254884212551398259e-01,4.219700667333320943e-01,2.202222487226829228e-01,5.126182362408173709e-01,2.038798370158180218e-01,4.672268483057403499e-01,9.204322612911693124e-02,-5.101261835521738591e-02,1.883233276988252047e-01,7.524580528453171657e-02,-4.598464442372910410e-01,-4.343029639460764812e-01,2.221207131236447585e-01,4.297836737259699280e-01,-1.123102888847294090e-01,2.160902043959973540e-01,-2.286825664221860122e-01,-2.001471737109619953e-01,-8.628894919239459005e-02,-2.240076926966869664e-01,2.661856632038319126e-01,4.248453514090788641e-01,1.428187034267645594e-01,3.497399903405349342e-01,-3.162829926059053387e-02,-4.464560276524581067e-02,-5.081513927400380659e-01,-4.920448474587684196e-01,-2.575435608523933273e-01,-2.448469397645761103e-01,-3.748101437456871632e-01,-5.267609650389093456e-01,-5.014034117783560118e-01,-5.149620103835389484e-01,-3.484514637624505085e-01,-4.780013595433951212e-01,-5.170025717482040761e-01,-6.646677650921856140e-01,-5.478592019692618553e-01,-4.173471948758535888e-01,-5.114003695687434625e-01,-3.877255090992386966e-01,-4.597059116935983680e-01,-3.321576555918450691e-01,-5.491753894472589659e-01,-4.621762496405792398e-01,-2.840260459876154941e-01,-3.914700495407775205e-01,-3.156096654970312887e-01,-6.575467045118817133e-02,-1.047858889778004315e-01,6.948407797685828280e-01,2.632286788706604264e-01,4.195149750858478410e-01,3.286335727167631338e-01,5.179391979100405052e-01,-1.385390296760766471e-01,7.118524168477920189e-03,-1.616767849773366739e-01,-1.442407728570616887e-01,1.475052278494171365e-01,3.247767122593602229e-01,1.945001217648472183e-02,1.486115948533273667e-01,2.090216675684806735e-01,8.140082255254638133e-02,-2.893187673969416923e-02,6.135661609075312301e-02,7.245879395384535737e-02,-1.551554096164992624e-01,-2.315975760309075815e-01,-1.561396342504571266e-01,-3.500197025322924760e-01,-1.463416863079700647e-01,5.912501221836024418e-02,1.756846855239505012e-01,7.548998718423990950e-02,1.509230768723479610e-01,-3.019477535209041386e-01,-3.229252240125669859e-02,5.025527679728636343e-01,2.076602445669677166e-01,4.801365979451564514e-01,-9.210747371958744045e-02,-1.997567973919680273e-01,-1.600934594093643415e-02,-5.193683005874411007e-02,-5.985316270880974843e-02,-1.306746470779065472e-01,-2.418574875042479588e-01,1.835042153827469991e-01,-2.440876987992273428e-01,-1.130954515815332795e-01,-1.376923570090659021e-01,-1.166890423728360326e-01,-3.582596052226763028e-01,-1.570796647668878249e-02,-3.899580527392547402e-02,8.159871495065122715e-02,-1.754691606273829640e-01,-1.686225043280921432e-01,-1.865025452897757230e-01,-7.028677575433224523e-02,7.315949370109052496e-02,7.682244458105196017e-02,1.326323647103015702e-02
1.177408370706911622e-02,-5.002088065261860450e-01,4.804052608296118798e-01,1.514435251663157761e-02,8.013198039999646083e-01,3.164322638997043025e-01,5.210961955966002535e-01,4.845544717631759812e-02,0.000000000000000000e+00,2.995947605232177069e-01,5.462634421943878271e-01,1.248600420245675330e-01,6.652199951741456507e-01,2.468561358229723890e-01,6.131428670244176704e-01,1.766098581825799041e-01,-1.105385666344730622e-01,-3.104735747010712865e-01,-6.839292742432198646e-02,-2.799513354711140600e-01,7.189327161371730779e-02,1.069101235706464009e-01,1.550925793440058320e-01,2.613056290947810001e-01,2.931659736852636478e-01,9.177708130002716624e-02,3.336947272240451956e-01,1.590756801343473081e-01,3.911734974527893149e-02,-2.026172175158754557e-02,8.203024165945679846e-02,6.775511929304095515e-02,-3.820491421051563918e-02,-3.048244574000394391e-01,2.256477494353831548e-01,2.224111113363562986e-01,1.692748130994717881e-01,2.356048251866457721e-01,2.048172154169529413e-01,-3.241619140100983343e-02,-3.400654850267285922e-02,1.346432733859674047e-01,-5.229424714760489978e-01,-3.901968491146299844e-01,-2.278562924135132672e-01,-3.947300373716409183e-01,-2.840183232836085425e-01,-2.058023087773357962e-01,-3.043636145271109705e-01,-1.204698419379349184e-01,-1.064815101747064313e-01,-9.661982198297509872e-02,-5.251865361636537388e-02,-1.405582954332834089e-01,-1.096095224548126849e-02,-5.476939457417997342e-02,-2.331291532235683917e-01,-4.630439617776123118e-01,-2.332331340860381852e-01,-1.161602911258670379e-01,2.375165537247599934e-01,2.414058538660677697e-02,-4.030191526887256237e-01,-3.966427940661518825e-01,3.883385833450325175e-01,3.381139451747387503e-01,4.005296050230631316e-02,-1.909596863898108676e-01,-2.063255735011082226e-01,-3.403556721272411045e-01,3.585994707998031994e-01,1.760264148510250898e-02,-2.469733403407767536e-01,-3.136439622828636753e-01,-2.244151922572560909e-01,-3.660125530982886177e-01,2.526110840932343504e-01,1.536797116566940846e-01,9.893021992167470857e-02,-6.579479649276155639e-02,1.265582076081046559e-01,-2.705535123633098227e-01,1.237561321867806235e-01,-1.452014317237877439e-01,6.473785632124938738e-01,-2.036145549074778183e-01,4.309943329810286827e-01,-6.217705380858005310e-02,5.600528129193058646e-01,-3.248314862812368697e-01,-6.862884596161301920e-02,-1.366811400647433700e-02,5.712537450355865271e-02,-1.071311706293287258e-01,-2.164832192003021960e-01,-3.848552652421433073e-01,-5.417857131382864955e-01,-5.574994393734280518e-01,-5.009147255788272135e-01,-4.035185970246529252e-01,2.230650752555601024e-01,-1.508936047470005593e-01,-2.264904398063219762e-02,-4.409626375661858111e-01,2.722601654163477880e-01,5.922083613607238145e-02,1.820262588982672902e-01,-1.813012837698243507e-01,1.569192024259959822e-02,-1.541841986525145369e-01,-3.460638633842231249e-01,-5.540261929863847801e-01,-4.780765685677832999e-01,-3.612119003471228607e-01,-4.312316165946538660e-01,2.940822112791336915e-02
-2.256344275922372022e-01,-2.540643906055961576e-01,6.297160577224729383e-03,3.843706849325151387e-01,3.251977655137813228e-01,6.539441107447639956e-01,1.438514715923361886e-01,5.814074140320343309e-01,2.995947605232177069e-01,0.000000000000000000e+00,3.598156909887899602e-01,4.863319458949713625e-01,3.269026693137639938e-01,4.869676637557069920e-01,2.879646710550834432e-01,5.713052955319711801e-01,-1.188978397612443227e-01,-2.164155607471265341e-01,-2.364812956759071161e-01,-3.503455153735178240e-01,-3.399355409484710044e-01,-3.405331536240260304e-01,3.265985505519242160e-01,4.424810857202477465e-01,2.179611365363719466e-01,2.555896116225133685e-01,-1.167155939620205390e-01,3.295804941179314440e-01,-1.650303515290085232e-01,-2.430109951059471474e-01,1.659741431060819949e-01,3.333298437626519561e-01,8.081707341217674034e-02,-9.038183221880295715e-02,3.180272856456684005e-02,7.559673534519301130e-02,-3.103500605046443095e-01,-2.331798810754551199e-01,-3.664420148651923448e-01,-3.898214496734488388e-01,-3.975782605064197561e-01,-3.699633663158471419e-01,-5.670736714446441562e-01,-5.740024888111727730e-01,-3.185805314689683643e-01,-4.220130151704326593e-01,-2.917597654533415352e-01,-3.574882145748607409e-01,-4.435441206059499986e-01,-1.620363046841296895e-01,-2.534742698857819776e-01,-1.534712952876670922e-01,-1.391754055296095804e-01,-1.322039451639051844e-01,-1.956100624964209889e-01,-2.479882619930767473e-01,-3.534200566795574483e-01,-3.770835922231772774e-01,-3.513650915360490568e-01,-1.519788100769184531e-02,1.151322167009634495e-01,5.194543045037465223e-01,-1.937458219462332709e-01,-4.190008441543451728e-02,4.955710261186916932e-01,5.800113769927919272e-01,-3.254180257188499792e-01,-3.640842520206439836e-01,-3.344006302799933383e-01,-4.176202533639866710e-01,9.029048482013292409e-02,2.680572593978729490e-01,-2.713822290578878915e-01,-1.608225360291626327e-01,5.341408478472496613e-03,-2.314986474427508656e-01,-1.408919015675609010e-01,-4.388969705728310022e-02,7.552826885046283467e-02,-1.581221331854527068e-01,-1.811351770156573726e-01,-3.060828052133987565e-01,-4.051777622272392798e-01,-4.483739141244701965e-01,5.191687458854769011e-01,2.706859514452227278e-01,2.148052380357193605e-02,4.627459632126679906e-02,9.922773401596501897e-02,1.629197339771628061e-01,5.398678079727783352e-01,2.915148719112445885e-01,7.032878520560197355e-01,1.272349988821308842e-01,-3.774958689943999079e-01,-8.009094386792493803e-02,-2.555295564282719645e-01,-2.419021666718869923e-01,-3.270908644611890681e-01,-3.501262100012727529e-01,1.462588600848938047e-01,-1.394216295838143216e-01,-3.163229924435027041e-01,-3.860420753207969846e-01,7.475821983602627674e-02,-1.302409761341076222e-01,-8.083262221922873914e-02,-2.145353933913005939e-01,1.133274106890416050e-01,-8.343461283943394424e-02,-2.160124259658336709e-01,-2.322217179653036367e-01,-2.060123358658327852e-01,-4.382639581798424347e-03,1.654586147268437279e-01,2.459658918891451385e-01
4.811912128010669143e-01,-1.266925595573012986e-01,1.699985396108534830e-01,5.964752113808646783e-02,4.585019182340191457e-01,1.613404597212255709e-01,4.766090589100489550e-01,3.254884212551398259e-01,5.462634421943878271e-01,3.598156909887899602e-01,0.000000000000000000e+00,5.125445207832375338e-01,8.889496235019005432e-01,4.916876687013156944e-01,4.941115293162550159e-01,2.158407237750621099e-01,-1.028330038757609560e-01,-3.012506374075785698e-01,3.161575914682266952e-01,-9.887072929979821845e-02,-2.821703943563057537e-01,-2.085600853700403934e-01,2.552925640395130036e-01,1.672198947453423790e-01,-1.704438137016298649e-01,-1.421802646325085739e-01,-5.247022307262830254e-02,-6.373748077732413475e-02,-1.110828852990566051e-01,-3.421294795140521483e-01,7.471639552295963882e-02,7.614818039581278120e-02,-1.960058492136716388e-02,-1.871313609909638076e-01,-7.349222372158445427e-02,-2.372180490893671390e-01,-1.628617003333162894e-01,-9.637185844441278904e-02,6.786547444300970559e-03,-2.528187673568084784e-02,-1.682856633962545867e-01,-2.170629940835630545e-01,-2.564447912894550763e-01,-2.544999805582672248e-01,-4.828750923651176780e-02,-2.358097850576398591e-01,-2.503587470736410303e-01,-2.435504371266860035e-01,-2.361851037055424374e-01,-1.492718018963937882e-02,-1.045945069564135077e-01,-3.671092444694722817e-02,-4.058578559254664986e-02,-2.182986635583331753e-02,-1.870262694287624927e-01,-3.298644373171685101e-02,-1.310843873780616342e-01,-2.721344394301460912e-01,-3.100888261454055189e-02,6.859736614940017962e-02,5.090494937726731672e-01,3.439796826299053589e-01,-2.127538889627314522e-01,-2.439917971335326952e-01,2.742551504031515708e-01,2.822436800579805061e-01,-2.604710765037508979e-01,-3.343059925560302181e-01,-1.631533440701357085e-01,-2.956256915199715896e-01,3.529375400375322491e-01,2.665814028636193656e-01,-8.048850217704577037e-02,-2.341064295297086151e-01,1.134695750762666072e-02,-1.709398528352490121e-01,2.140282347952944531e-01,6.762830633521904611e-02,-5.806769436886441427e-02,-2.587252082414726595e-01,-2.511841796743387034e-01,-5.127016534934802916e-01,-2.810753929760335112e-01,-2.482734903647391966e-01,3.469869016171552856e-01,-1.197768356553369773e-01,1.008395949922888390e-01,-1.781178995021995976e-02,2.777662453973872569e-01,-3.670633947367383382e-02,1.117878644534396754e-01,2.542333696720797676e-01,1.287985721601508093e-01,1.407895508420740072e-01,-1.354820508832274839e-01,-3.852506728073076259e-01,-3.572033191735238256e-01,-3.853114384066098630e-01,-3.194855713940680797e-01,-1.451089233812978552e-01,7.936371985337957458e-02,8.425697674812830662e-02,-2.199910246213298837e-01,-3.091979606331222707e-01,-5.699152020959504655e-02,-1.454696416127200520e-01,-2.175011065163214297e-01,-3.203646217199234147e-01,-9.515201328335284869e-02,-1.703597141249119373e-01,-2.693383475257612458e-01,-5.388193209045678556e-01,-2.090174223088903660e-01,-4.382483276727829058e-02,-1.096832788703839406e-01,2.626784439952045691e-02
2.395838943409258626e-01,2.020663030751537748e-01,-4.239264518855982433e-01,-1.414081007074144136e-01,5.125871152319985691e-02,5.872116800260633075e-03,-2.439889691115512682e-01,4.219700667333320943e-01,1.248600420245675330e-01,4.863319458949713625e-01,5.125445207832375338e-01,0.000000000000000000e+00,4.404863927051826944e-01,6.213565084456462717e-01,1.730833854633482063e-02,2.640301689165286403e-01,1.106800676764412433e-01,9.549554986356897923e-02,-5.920413274035150192e-02,-2.186094352069240798e-01,-5.248106759123404297e-01,-4.912411160900381768e-01,-2.969539498459345533e-02,-4.480374192565481084e-02,-1.826662416922606447e-01,-3.730363129933276789e-01,-1.502991885306440289e-01,-5.552953151050248060e-02,1.006578815927213766e-01,-1.237575773999535500e-01,2.489646494042252467e-02,6.844487195209124353e-02,-2.296884694955208250e-01,-2.399415896103620494e-01,-2.998439374282888537e-01,-3.143602635865216377e-01,-5.544560710589332420e-01,-5.399928906761416458e-01,-5.122991860746090031e-01,-4.758623708682720999e-01,-3.998634212908945829e-01,-3.688751923734441274e-01,-1.056378905608083563e-01,-4.493126441869656901e-02,-9.848520045714503901e-02,7.133784352253022543e-02,-8.809119946857076056e-02,-3.632835506782718105e-02,-9.430789880440056117e-02,2.837441326133485764e-01,1.457235172083134189e-01,3.688463656801658219e-01,2.757329625016439745e-01,3.857529953788121913e-01,6.685904451854303432e-02,1.391878095794593651e-01,-2.385880932228725548e-01,-2.255112223916891628e-03,1.098967797060492052e-01,5.384024218417921004e-01,5.245151439160630202e-01,6.950199200618638606e-01,-6.251577291107959788e-02,2.402000050993541025e-01,5.191612438875359281e-02,1.814953470040645833e-01,-6.720271851002095342e-01,-3.897675725463944918e-01,-1.960673746297598441e-01,-4.051910957443428662e-01,-2.390255611561833415e-01,1.523543564835007358e-01,-2.237499428143315539e-01,-6.234218317214496735e-02,1.307904273762982850e-01,5.594688431899855902e-02,-3.127002541348812281e-01,-9.604536993241298559e-02,1.310436709712488601e-01,-9.689290976761021079e-02,-1.634583130192710787e-01,-2.418693813451884556e-01,-3.865788513331684384e-01,-4.123673195425134330e-01,8.027122472796058283e-02,4.372053831567270787e-01,-2.808457711544761759e-01,-1.645322466449241072e-01,8.137093693490166091e-02,4.804914700207589262e-01,1.382000176503190014e-01,7.547589986894134850e-02,3.099648483362487106e-01,1.560748374286712314e-01,-4.158048989657872063e-01,-1.497175516925438321e-01,-2.755292102960600897e-01,-1.533447463776366482e-01,1.367599830132592946e-02,1.597129938859467510e-02,2.020451292619548089e-01,3.184923862221155089e-01,-2.578807990595606281e-01,-1.748888971392707492e-01,-1.721947340130453030e-02,-1.576731237552337073e-01,-3.002355411477443670e-01,-1.782212910463869815e-01,1.379607261614574643e-01,-6.948951004516983054e-02,-2.147851287248871976e-01,-1.895583535737084824e-01,-8.362144326473930356e-02,-1.986303543021935604e-03,2.353176244173946774e-01,3.354179581526620657e-01
3.393930178971800160e-01,-2.870536247869805990e-01,2.509481065107822539e-01,-7.152729294987018351e-03,5.232772747016751769e-01,1.173482992968380850e-01,4.957451210678460174e-01,2.202222487226829228e-01,6.652199951741456507e-01,3.269026693137639938e-01,8.889496235019005432e-01,4.404863927051826944e-01,0.000000000000000000e+00,5.742779423149696472e-01,6.418680074706232253e-01,3.389118121985674192e-01,2.856510842272754966e-02,-2.366636965957516492e-01,1.475444777225850823e-01,-2.483917637569129644e-01,-2.169883505077151165e-01,-1.272976764013754036e-01,3.898146676085910700e-01,2.917429688398507914e-01,-7.680711625143235577e-02,-1.609337360939603612e-01,-7.516869056894534031e-03,-7.842704683552537137e-02,4.005008947522011031e-02,-1.952225254303469326e-01,1.558055345223166022e-01,1.946923802797039804e-01,-9.091194455164412769e-02,-3.034244583124877659e-01,4.489080969864337606e-02,-1.151059337106835057e-01,-9.777322455456297079e-02,-8.633557735254318577e-02,1.279047482416671017e-02,-9.791606704517305526e-02,-9.221933074019972310e-02,-3.445974790161661361e-02,-2.771752253361485785e-01,-2.326294183407699168e-01,6.381510759685845441e-03,-1.851894412702334014e-01,-2.905648429451547221e-01,-1.718225708123880258e-01,-2.218451966293392419e-01,1.939784784503995399e-02,-7.047267376883832590e-02,-1.897343507625030845e-02,-1.897219698677094640e-02,7.297999502185126275e-02,-1.430272959763586316e-01,3.038775215972093578e-03,-2.033111566445416352e-01,-3.553249843470487890e-01,-2.491358802165506703e-01,-9.849601986797457132e-02,3.799852866313935262e-01,2.508390044318874468e-01,-2.305007750019600066e-01,-3.079186581361179065e-01,4.251490920007177654e-01,3.820111589921318385e-01,-2.682015362302394568e-01,-4.323234399166239750e-01,-2.470819947061544397e-01,-4.373393572102420856e-01,3.240915375652384522e-01,2.611088829257339761e-01,-1.595610591584901428e-01,-3.356297581877744074e-01,-1.014632060332502500e-01,-2.628891419536429908e-01,2.149348401329679858e-01,3.967290401136520928e-02,8.956142394611478486e-02,-1.013688241789857947e-01,-7.506782859881604153e-02,-3.945363625453170986e-01,-1.588954670150628801e-01,-2.347166098361888609e-01,4.593732916472012540e-01,-1.033714759531514787e-01,1.365923069277892865e-01,-6.675226251465289640e-02,2.832383323342749781e-01,-5.781017693164509225e-02,-1.941357927878025174e-03,2.416575091822817933e-01,6.756896730912820281e-02,1.514951905732897230e-01,-3.283783769169363875e-01,-5.518013615811202532e-01,-4.952001281445007619e-01,-4.787017062196615713e-01,-4.516126486023173126e-01,-2.310297694645607192e-01,-5.325866000218158064e-02,-5.918411274625343457e-03,-3.389443453559598529e-01,-4.401702883699752933e-01,-2.302798790024902786e-02,-1.442298886587004003e-01,-1.748764929062996687e-01,-2.879340251381418136e-01,-1.150037656689274074e-01,-2.148748257955431229e-01,-4.081921183399567776e-01,-6.175565428462748141e-01,-3.285823718668555715e-01,-1.605811949512628012e-01,-2.372219394017183736e-01,-5.026982166765562449e-02
