0.000000000000000000e+00,6.338601164460646586e-01,5.050107111182798869e-01,4.191252174502843042e-01,1.544765130167489453e-01,-3.901787693405771584e-01,6.368136358816773868e-01,2.653427900254455851e-01,1.772631732914977942e-01,-4.199519607424414547e-01,6.099493466977323752e-01,3.771697439157086218e-01,4.763239749659807787e-01,-6.991134535580992293e-02,1.376597384213635311e-01,-1.815099533587756497e-01,-1.146171370292983910e-01,-1.127185915434256447e-01,5.416937671060263471e-01,4.687114376876443389e-01,1.966697962292550950e-01,1.578347568726986283e-01,4.574746624273868904e-03,-6.106771775808795405e-02,-2.556288870725909046e-01,-3.391588664717735124e-01,4.584298725917010202e-03,-5.212689839466422281e-02,1.881706193862051901e-01,1.356888897177654096e-01,2.441643428505388402e-01,-5.277801100378061265e-03,3.062038319314480672e-02,-4.646361098203354023e-02,-3.045347001277730684e-02,-3.759224323826024783e-01,-2.419254612326935672e-01,-3.263875911968555643e-01,-4.306398480146116786e-02,-5.231491949516794276e-02,2.367803488857592453e-01,2.380374099489061812e-01,-1.976529488814603164e-01,1.017047418906626664e-02,2.122356769198283089e-01,1.397712898553755412e-01,-1.659564072147436398e-01,-1.185245668196204388e-01,1.507650264206024382e-01,1.405936816888047058e-01,-1.262154420854337544e-01,1.084777849015014332e-02,-1.407378928598103374e-01,-4.534030342498783506e-02,8.998155749990664060e-03,1.896778579321960478e-01,4.155218613629687030e-01,3.782709532725156976e-01,4.686809457380716748e-01,4.108518001948218146e-01,3.943570958762592782e-01,3.266932318577994154e-01,9.318678320530540682e-02,2.057615882222115777e-01,-1.883525324748491492e-01,-2.115700186897427892e-01,1.233867782143957398e-01,-5.819970547305983177e-02,5.630140766856520651e-01,5.300253949203297399e-01,2.338569797808443540e-01,3.381520846241895528e-01,3.534309347038612770e-01,2.708786517547027151e-01,2.170935967351869111e-01,1.445961129494726938e-01,8.008076090704325384e-03,-2.437805536007186732e-02,-2.063634159366966592e-01,-1.348293959102662976e-01,-1.655395740073202226e-01,-1.134692004707030522e-01,-1.039314315397705385e-01,1.260542781793996259e-01,-2.362802007502332047e-01,-1.078128199033299567e-01,2.180946882463415948e-01,1.861222370396905523e-01,-9.120357149265272134e-02,1.267118141900686612e-01,-4.094945725783036283e-01,-2.297939824385809571e-01,-4.608128432490279369e-01,-1.711438436924877515e-01,-1.232797167924119808e-02,7.915636112333093721e-02,-1.019615838246937939e-01,-6.536104448701232639e-02,-2.121967652062304865e-01,-1.244491680294924386e-02,-6.080197187595774017e-02,2.821061006093676382e-01,-7.829468034281746036e-02,-1.330690874320183958e-02,-2.097126826111987974e-01,-8.651453373152480364e-02,1.775226691851229666e-01,1.618323133766983168e-01,-1.718008832619249693e-01,-3.422172158639211759e-01,-3.163190290132881777e-01,-2.303310303223274902e-01,1.012584702919816920e-01,-5.001034226241611869e-01,-1.484687451373433720e-01,6.229783961633558742e-02
6.338601164460646586e-01,0.000000000000000000e+00,1.514345191494617104e-01,7.445823361662352868e-02,-1.397789397534006939e-01,-1.231930956008454453e-01,3.545857562996513335e-01,2.745154400764047153e-01,-2.572676025495009844e-01,-3.773620828527350646e-02,2.851626062263024064e-01,4.774235965777435808e-01,1.432812832582520124e-01,2.805009145047235308e-01,-1.180974614221306923e-01,-1.207767914685363292e-01,-2.233114263781145470e-01,1.314052644163024863e-01,4.438882041162449110e-01,6.659753325173055627e-01,-3.494566487839161351e-01,-3.388180049106572778e-01,-1.999002882049219776e-01,-3.251615052679793783e-01,-1.298008680873476428e-01,-1.002198318988243991e-01,-1.970718394768120052e-01,-3.490228750531546020e-01,1.124399539257267405e-01,4.160473240266943096e-02,6.537386257923608057e-02,-3.495728044225525355e-02,1.346994449196844135e-01,1.477493384159164203e-01,-3.507149462728945677e-01,-3.379660902744396345e-01,-4.726891868547230535e-01,-3.844836389674437527e-01,-2.806302035960859254e-01,-3.029060459134652050e-01,-1.530497718858339906e-01,-6.140863612977244534e-02,-4.586655083931966831e-02,2.887373775282353061e-01,2.041674242207447421e-01,3.821624996833803412e-01,1.718737728383070915e-02,8.934408934838410088e-02,1.904661358699666907e-01,2.624199570937090775e-01,7.619067763517388403e-03,7.750365053752290845e-02,7.898217833666110188e-02,3.806525975623333002e-02,9.438688708698395047e-02,-4.586965058041498483e-02,6.027388557761595989e-01,7.160560947338782123e-01,4.433133050187973989e-01,4.024268694567157967e-01,3.226439717420623299e-01,2.933594769612802855e-01,4.944427474777177145e-02,4.476585835161531191e-01,-3.733163598461118338e-01,-4.366625556843835021e-01,-1.916609950364878967e-01,-1.338699290552396448e-01,4.859790212265374665e-01,3.166389835526094432e-01,4.209394892750638328e-02,-6.390128934064647805e-03,2.214276951234527280e-01,2.302032813949228540e-01,4.394362426809462763e-01,1.030912971132743883e-01,-3.673111234143620896e-03,-3.292799642907540125e-02,-9.654925560209873248e-02,-2.103456427101002835e-01,-1.042176917898719468e-01,-3.012393665482569483e-01,-1.217514116449935346e-01,-2.678472820883979200e-01,-2.868165430150110828e-01,-2.334724741379781976e-01,4.740048301201419019e-03,-2.409525318589763876e-01,-2.276924191146996179e-01,-1.613513820600472326e-01,-1.827618890571224008e-01,-2.248921006843414561e-01,-2.526561732308313935e-01,-4.044022359696909930e-01,1.281275384162999798e-01,-1.236709773806866641e-01,-1.131863900819540525e-01,-9.190420891260496494e-02,1.688714964507132821e-01,8.425330713052454901e-02,2.250239362029875512e-01,-4.181521347115232240e-02,2.195415856094105195e-02,-1.677738779505130728e-02,-1.931435668015520635e-01,-2.524483217526927725e-01,2.840141663604363320e-02,-1.443015703405160222e-01,-8.488347735099661950e-02,-3.323444883693523200e-01,-2.870424815535824736e-01,-2.682471724202184840e-02,-8.062072819417197278e-02,-3.248921850160837455e-01,-2.490882968736509717e-01,-1.573738969070955784e-01
5.050107111182798869e-01,1.514345191494617104e-01,0.000000000000000000e+00,5.128125664874918499e-01,4.043578538274892886e-01,-3.009803825501595198e-01,8.328443047069804539e-01,6.240438739016995057e-02,3.262189809634017390e-01,-4.948701956133593760e-01,3.870215003336234805e-01,1.058663826824317727e-01,6.385589966325223577e-01,-3.125682827027440602e-01,4.289840182401370439e-01,2.639400691685844444e-02,-6.387290542178346298e-02,-9.569838187614974553e-03,4.808361164603748295e-01,3.166283496880282766e-01,3.300900018839550976e-01,2.778302436817101650e-01,5.257357551410972718e-01,3.963186436720128603e-01,1.124472177040905796e-01,-1.651875826878306808e-01,2.853487409165159638e-01,2.651466588235141808e-01,4.712694978794093603e-02,5.801656287491436387e-02,3.949901314596014346e-01,2.461035264970254099e-01,4.297585019805556794e-02,-2.722190851628539590e-02,4.675144034848919827e-01,3.342155465397759345e-02,1.146480390308361880e-01,-1.110622107469230319e-01,2.161712148083454743e-01,6.067018656325723347e-02,1.628145610555987166e-01,2.030539554166661265e-01,-1.323687113324303888e-01,-2.203107950580113772e-01,1.675039396136759375e-03,-1.697862680001022972e-01,-3.191009675478446161e-01,-2.589211594777380276e-01,-1.872522397112087456e-01,-1.960391233255381616e-01,-3.158751211861955399e-01,-3.035965220588713320e-01,-4.387356244031480612e-01,-5.095401571430455689e-01,-1.732905157581430822e-01,9.444174613957884157e-02,2.046739562878557572e-01,1.044557667535166460e-03,9.170919203130512010e-02,1.107402536639406215e-02,2.145973285849938628e-01,-5.432399363385567725e-02,1.503082798735102255e-01,-1.601352270643633053e-03,3.038485338981587458e-01,-2.575954944879243081e-03,4.413483443095447822e-01,7.074207133359378119e-02,3.756170787573781533e-01,4.754585686855929416e-01,5.378659184946460448e-01,5.628418433143420607e-01,2.576322956340503789e-01,1.019352934042516423e-01,8.984859524394427088e-02,2.296836453516252485e-01,1.779741203160801477e-01,6.790204676930217120e-02,-3.429293841391158337e-01,-1.521900434010649804e-02,-2.286054399183064245e-01,-8.330608502276781735e-02,-1.848997950949927971e-01,8.581321017926134276e-02,-5.383290336962546357e-02,-1.766721366444165275e-01,3.439076784542541843e-01,4.246715123614378529e-01,1.314814225989541785e-01,3.228930621987338018e-02,-3.989035477028251009e-01,-5.334450606766130004e-02,-3.805433488684967780e-01,2.412621078408624109e-01,-8.133817185200364897e-02,-6.592573790902300779e-02,-7.347263903399005314e-02,-5.882538511920545887e-02,-2.323916090812965241e-01,1.450414514235777164e-01,-2.398721041834111778e-01,2.289061992734944539e-01,4.448204473630701372e-02,8.741827267701594850e-02,7.021455458902072823e-03,-2.134859506286805597e-02,2.194419265245030615e-01,2.779665703144234001e-01,-1.580348879625214642e-01,-3.584668450320376287e-01,-1.339349062730111894e-01,-2.897902027875705611e-01,1.177384307424817061e-01,-1.672310186775992635e-01,-4.963897782360912614e-02,-2.898338459845884243e-02
4.191252174502843042e-01,7.445823361662352868e-02,5.128125664874918499e-01,0.000000000000000000e+00,2.078757819385188832e-01,-3.464681412553259343e-01,4.514596074651098800e-01,5.956409641969147017e-01,1.723201894815619417e-01,-3.939049401512234594e-01,2.926344933892903732e-01,2.902968735869317918e-01,3.014859292245990474e-01,-7.205946510317133569e-02,1.214595214854754246e-01,1.154628683460141442e-01,-1.455382980823896888e-01,-8.057342585194021689e-02,3.877839759146953225e-01,3.788495430048858803e-01,4.674804087914843920e-02,2.626784254239035721e-01,1.951311779009231584e-01,3.216795804161849959e-01,-6.924360679241381433e-02,-1.796084217640026015e-01,4.501387197952821939e-02,5.150101769453212242e-02,7.940597416177015352e-03,2.835423765563853116e-01,4.647117515265638543e-01,2.970818369629262823e-01,1.941689849712077698e-01,1.517249909594053370e-01,1.242741365635482292e-01,-2.114876899606555477e-02,-1.147626446230044367e-01,-9.791817187841829473e-02,1.060452748617956437e-01,7.108845770414173870e-02,9.021610422714519684e-02,3.721849636887056834e-01,-3.695419887397440317e-01,-4.740277942766708552e-01,-1.159096491633643117e-01,-2.453608032232748870e-01,-4.197702462092632314e-01,-3.274786485284896798e-01,-1.991293294488596100e-01,-2.420122841266094948e-01,-3.532144299354090800e-01,-2.793014377888514144e-01,-3.636701799507701116e-01,-2.997859815371907710e-01,-3.631680910363703219e-01,-7.499967854944135370e-02,1.523276502589979431e-01,2.614432401812111229e-02,1.206216718022133788e-01,2.266192997247995153e-02,1.508006849784581382e-01,3.577713544170113003e-01,1.946180699526429136e-01,2.642686460638907775e-01,-7.848677943097583098e-02,1.544447662263863097e-01,3.923834769955859558e-01,2.634603358638226145e-01,3.788517270064952758e-01,3.153171027898254986e-01,3.898989116960400736e-01,4.246493093597716872e-01,1.685443680150685575e-01,2.664590986829387109e-01,-9.979255588714517483e-03,1.882057063735162461e-01,2.121492051484136498e-01,1.644154247224952070e-01,-3.224362748018924640e-01,-2.407072291940207456e-02,-6.323156698909181139e-02,9.508298594112278568e-02,-6.749878407754052179e-02,-4.990868724794449152e-02,-1.400300540375180869e-01,1.000750214547369704e-01,1.093647074860165241e-01,1.560563433046442128e-01,-1.656112697792825605e-01,5.524044004546755510e-02,-2.447672340222222312e-02,-3.339149976810524278e-01,-7.207161769179941391e-02,7.883595121020527119e-02,-1.027470369880179556e-02,-3.776207884537304688e-02,-1.993581901862709060e-01,-1.432833733988850000e-01,-2.952669874403490158e-01,-1.194542774192037665e-01,9.006254366706197001e-02,2.731643397570175380e-01,6.709571222416772784e-02,-3.764148360206804461e-02,-2.349163365659407143e-01,-3.206338464799988186e-01,-7.804553297984542781e-02,1.346608637199675218e-01,-4.587140440423601202e-03,-3.189647808080037228e-01,-1.226516075650416759e-01,-3.485628968693165186e-01,-7.464387985191119068e-02,-2.825228773238260271e-01,-3.547198749316106126e-01,-1.002541607326365575e-01
1.544765130167489453e-01,-1.397789397534006939e-01,4.043578538274892886e-01,2.078757819385188832e-01,0.000000000000000000e+00,1.529470456687690438e-01,4.309721879411790857e-01,-2.622577568932189518e-01,6.466150608658755017e-01,-1.100960745926945483e-01,3.808490716579625811e-03,-2.079581231773466043e-01,1.672767689616956321e-01,-4.720578685736683822e-01,3.837811564639663220e-01,1.958576438885266946e-01,8.677505904150722982e-02,-1.518800288737779391e-01,-2.296120456788663250e-02,-9.900794577822832898e-02,4.363858975146041597e-01,3.627108151245724277e-01,1.710020807984596325e-01,1.322532493399485309e-01,3.140279014843340155e-01,1.680394103978248288e-01,7.097554107828349945e-01,6.682066621412856566e-01,2.880496378963063459e-02,2.616075226181689972e-01,3.571109250661480550e-01,7.472929757034679765e-02,-5.201835525527213899e-02,-4.762454435555174559e-02,2.976650252857893642e-01,-2.123373869588697505e-02,1.892416815169227495e-01,4.960881746545096893e-03,3.016730366161869403e-01,-1.906617684142601979e-02,2.039596555544818945e-01,1.464444965906723795e-01,-1.991633163669629114e-01,-3.447607525202067147e-01,3.427208677270178472e-02,-2.395745154751548756e-01,-3.300800651163848243e-01,-2.646645524296519780e-01,-8.990065929766574704e-02,-2.365856885043802482e-01,-2.626893628311381956e-01,-2.186018321511822571e-01,-3.958386471447237764e-01,-4.896683873568918877e-01,-2.428011846861041767e-01,9.115921291658186237e-03,-6.626531569690168044e-02,-1.280190760964262653e-01,-9.520680937134780308e-02,-7.871599700702477942e-02,-6.752870142132871845e-02,-2.326759815351455152e-01,7.567376320938496055e-03,-2.160633186440285292e-01,1.078827819845261105e-01,-1.264590099652213584e-01,2.412376956365286096e-01,9.614946340871501074e-02,5.640504573038028491e-02,3.153617862816961437e-01,2.193837395611219487e-01,1.973398104120216157e-01,5.010129484010100026e-02,-4.407962579097558092e-02,-8.891758669608675059e-02,-1.385516411408473092e-01,-1.589607296762350352e-01,-9.108514809052072059e-02,-1.620674801125394360e-01,2.193581436025840437e-01,5.187601690891794487e-02,2.228952369749492013e-01,-1.272388452464808806e-01,1.989534140741682222e-01,-1.311367496196834403e-01,-1.389822768855430157e-01,3.769807532968093566e-01,9.820254077036350004e-02,6.448871399199555821e-02,6.252130754783188915e-02,-4.131401946147697513e-01,-1.104450929575562096e-01,-3.248611143679627777e-01,2.145343967581626876e-01,1.521217747892202321e-01,1.066928429821917823e-01,1.469288561989802178e-01,7.406900979545753827e-02,-1.321334798880146322e-01,1.603042078576886742e-01,-2.120864466146188676e-01,2.274565272397200688e-01,2.303768932705438366e-01,3.285507342627910776e-01,3.345437612628398560e-01,2.931218880804756233e-01,2.440044011894182407e-01,4.976632975780594936e-01,-8.350935396604669547e-02,-1.114868561993206109e-01,-3.329727679046087796e-03,-7.434003013570195106e-02,2.384570453905293375e-01,8.309416915471279363e-02,1.522695938914516434e-01,3.770486398543657081e-02
-3.901787693405771584e-01,-1.231930956008454453e-01,-3.009803825501595198e-01,-3.464681412553259343e-01,1.529470456687690438e-01,0.000000000000000000e+00,-2.777287410543841095e-01,-2.587749338398306898e-01,1.363230598431121043e-01,9.008334154601551624e-01,-3.876695217592852072e-01,-9.052568311399918077e-02,-4.663772735100090161e-01,3.031151369193600953e-01,-2.779254327226592935e-01,5.609493152172806418e-01,-1.475336502663700533e-01,2.010160851206572175e-01,-1.934359861089499644e-01,-8.929569433193133843e-02,-3.586604462206481325e-01,-4.907589392392626704e-01,-1.106505655370524505e-02,6.295214298591102209e-02,6.123688651360665869e-01,7.900912691341627214e-01,2.548699473547604843e-01,1.390596987808570273e-01,-1.656480723840021430e-01,-1.246149614920605830e-01,6.126698672117764088e-02,3.161750820185889599e-01,1.412928413987739329e-01,2.377561051340346676e-01,-3.071557221927309275e-02,2.225804376742238078e-01,-8.798369353561909245e-02,2.449663751389956623e-01,-7.792208158650472394e-02,-9.898211572961129745e-02,-3.498553814548686636e-01,-1.294791361899095272e-01,-2.104709224605890716e-01,-7.461025291844936014e-02,-1.254911777766423986e-01,-5.877004762983215752e-02,-8.458159601849860043e-02,-1.185821743303993869e-01,-3.109120553204037379e-02,1.738697398364009647e-02,8.434126032364806791e-02,9.184859867839173519e-02,4.854749408120048737e-02,-1.242116850204676715e-01,-1.625756182668988414e-01,-4.417838916511827030e-01,-1.787013728644615274e-01,-8.711137546420960609e-02,-1.924908860144519673e-01,-1.211114609167680267e-01,-1.296955676698466897e-01,-1.655802187163291361e-01,-8.906580151697572612e-02,-1.941905757692317935e-02,-1.162701128159448205e-01,-6.874471771977279377e-02,-1.033463990815601669e-01,5.278860207790945364e-02,-2.964602984039690359e-01,-2.640612612487562849e-01,8.953562281972249348e-02,-2.125756122011993876e-01,-1.016294284046802832e-01,2.746611530970593032e-02,8.860694946890272650e-02,-7.385009162584560416e-02,3.078522777815314096e-02,9.529652668028684714e-02,-1.612757915768889549e-01,-1.379968814335242287e-02,-9.531751932844960765e-03,3.817428276503469914e-02,-1.728886577482766085e-01,-3.902688721354647949e-01,-1.852685820731169164e-01,-1.601761197065695586e-01,-2.361794533473567659e-01,-3.015206416709892423e-01,-3.087859555707703207e-01,-3.571934087817146830e-01,1.296956904406378619e-01,1.389173531154176133e-01,2.155201150654355580e-01,-4.396774191095036838e-02,1.996601853261023019e-01,-5.929517628964253023e-02,-2.036731325770700651e-01,-1.553066877370028465e-01,8.177838566782910656e-02,1.085697863857871953e-01,1.931057068313167882e-02,-3.234018014764255544e-01,2.173724405241938551e-01,2.395680601878077132e-01,2.966123595864538220e-01,1.641770540853154381e-01,2.375953037596137754e-02,3.405259808826652940e-02,1.335063428420078524e-01,-1.005140071170520649e-01,-2.498354033933997964e-01,-1.533765614241743291e-01,-1.816155438158094659e-01,2.669143763381429113e-01,1.721245721086650526e-01,-8.787303150173954303e-02
6.368136358816773868e-01,3.545857562996513335e-01,8.328443047069804539e-01,4.514596074651098800e-01,4.309721879411790857e-01,-2.777287410543841095e-01,0.000000000000000000e+00,1.024500059937226565e-01,3.129205971839124079e-01,-4.548341344552496723e-01,4.003868884935223305e-01,2.306174104197800112e-01,6.519628719861360056e-01,-1.946598206158844380e-01,3.128517193484513514e-01,-1.903846035331361805e-02,-1.661914786449343318e-01,-3.419495268434173674e-02,4.609625082248965389e-01,3.862186238954697926e-01,1.751047479276713059e-01,1.832667873777234779e-01,2.943516434821286665e-01,1.725200411681612200e-01,9.901958684518541443e-02,-1.199073340855169589e-01,3.126810496165071118e-01,2.567873392658193699e-01,-1.509102554473777495e-02,1.040522653856462698e-01,2.939693780007299195e-01,1.491919162753233552e-01,2.001467787284079147e-01,1.130907477554770335e-01,2.345272721824748219e-01,-1.118673041316600864e-01,-5.948743524648079234e-02,-1.390811566849470549e-01,1.662084854925752198e-01,-2.392587723046197754e-02,1.902977242835013072e-01,1.562771717485907097e-01,-2.792732919332810981e-01,-2.305112564253712637e-01,1.880677457058749225e-02,-1.005565071224435170e-01,-4.192144159429407324e-01,-3.224403174932887750e-01,-1.102403826161256067e-01,-1.086128851841446918e-01,-2.536083324479931900e-01,-2.023802119230743712e-01,-3.992766316077556166e-01,-4.460552489144080646e-01,-1.723094604980235367e-01,3.152018207672797195e-02,2.698081260543168658e-01,2.130459799867110426e-01,2.008763369920155695e-01,1.302700822280182247e-01,3.888832858569157835e-01,1.109593389349916165e-01,1.381372851137955826e-01,6.945212200668236802e-02,1.318756418861792012e-01,-1.028652298617882543e-01,3.661023814369235296e-01,1.495681558600710781e-01,4.179812977204969138e-01,5.609810828359257373e-01,4.709348438737154807e-01,4.465426738558064268e-01,2.223841815432341107e-01,1.151395932315655984e-01,4.211417684457157556e-02,5.946067196715450198e-02,2.554811500166079274e-02,-1.002273193742015192e-02,-3.492669008816986498e-01,-9.546064886688929163e-02,-2.114104150041285490e-01,-7.315254962463903221e-02,-1.207220548578454150e-01,9.140009254157276108e-02,-1.361485169969604281e-01,-1.704501669409904385e-01,3.724346260163663436e-01,3.392170432886482123e-01,7.944232077563018191e-02,2.242955804353161456e-02,-4.575881200065599064e-01,-1.000921263772569930e-01,-4.164866074557873055e-01,1.155938471391917688e-01,1.391031025508305263e-01,1.034392746108805106e-01,-5.283377515839407512e-02,-2.127322965607502531e-02,-1.567186846931720168e-01,1.366878137786317338e-01,-2.116972975521780043e-01,2.180688849960232822e-01,9.446940532324421547e-02,1.751404821099689091e-01,-2.635548752973041267e-03,1.342117302279578241e-02,2.782891680903584186e-01,2.741769662698726462e-01,-3.263661313228621852e-02,-4.021921774051036014e-01,-2.934456170281942167e-01,-2.213007048287790324e-01,1.457578252908434957e-01,-2.279787608754367811e-01,-4.940919130887518919e-03,6.984687616686256761e-02
2.653427900254455851e-01,2.745154400764047153e-01,6.240438739016995057e-02,5.956409641969147017e-01,-2.622577568932189518e-01,-2.587749338398306898e-01,1.024500059937226565e-01,0.000000000000000000e+00,-2.898953765797880333e-01,-1.721482973700378116e-01,2.417039466273387116e-01,4.035240053800422944e-01,4.246399000462216383e-02,4.502368814992149249e-01,-3.206857121636519370e-01,-1.076006644429902126e-01,-1.609645667300156902e-01,-1.067883569013483164e-01,2.455103099577061743e-01,2.751523513691717104e-01,-2.580166808856820815e-01,1.419013519458082019e-03,-9.017325754797322901e-02,7.441591959523075062e-02,-2.528685632626888613e-01,-1.453673394170277855e-01,-1.951355132585847196e-01,-2.282680085853955043e-01,8.113912778287642180e-02,-1.304385291640862768e-02,4.075912410876032961e-03,7.089563431029205498e-02,9.273992095582483941e-02,1.287651780974967131e-01,-1.809231239421498771e-01,3.125941251392742176e-02,-4.179346447994843894e-01,-1.713527675196622468e-01,-2.391850021643844859e-01,-1.456997767321460517e-02,-1.796460748509918215e-01,2.054101547107116399e-01,-1.674879470660805003e-01,2.406316372462712419e-02,-1.994563491249931597e-02,1.152789535004226373e-01,-1.097044228801803550e-01,-3.423846091829314819e-02,3.082044205055345029e-02,9.880467381607259403e-02,7.673373953755688315e-02,6.269234389544250940e-02,2.360691203141189118e-02,1.005373333509320122e-01,-5.529474439190217028e-02,-8.617257141848917723e-02,1.183374820959162549e-01,1.580077454728110176e-01,2.476133916458678197e-01,2.343908713724928983e-01,1.657330691701873193e-01,6.234226925984441836e-01,-7.512426795109870825e-02,2.632028492246957230e-01,-3.083774307010151428e-01,2.441684799710485895e-02,7.641901502679164515e-02,1.500865981428567975e-01,3.008593465346925955e-01,4.195086404712468353e-02,-2.012317066712557626e-02,7.819417071668283148e-02,4.170745244514727224e-02,1.947544723123968979e-01,-2.342945157519799038e-02,2.047065444968802078e-02,1.803377299561171876e-01,1.751095395156658518e-01,-1.627030122442522930e-02,-2.095593403635339913e-01,-8.859941020550581026e-02,-8.730072340229884376e-02,-7.320115177605313050e-02,-2.946860610140824011e-01,-2.218441479982589393e-01,3.026213018411875316e-02,-2.807445299035022934e-01,-1.146803514414193592e-01,-2.054872146210429407e-01,1.686467366198015835e-02,1.918930452332525405e-01,-2.683394832041597344e-01,1.158577589160879190e-01,-1.835897602229854264e-01,-1.154670094707973410e-02,-1.173783700111253742e-01,-2.943971764561746363e-01,-1.620070536164177066e-01,-2.204346355695295245e-01,-3.231574193845274112e-01,1.520853808421841757e-01,3.012080870364110957e-02,-1.970551908721302203e-01,-3.185169765463120584e-01,-3.279039645822386939e-01,-4.059656659540014090e-01,-8.839285602430847766e-02,-1.916203849844756446e-01,-3.025911615923228271e-02,-1.958289053419070003e-01,-8.760277326312430890e-02,-3.093678460578555556e-01,-2.834596196713548566e-01,-3.656759815798271696e-01,-4.912911674319427879e-01,-2.556994372232966883e-01
1.772631732914977942e-01,-2.572676025495009844e-01,3.262189809634017390e-01,1.723201894815619417e-01,6.466150608658755017e-01,1.363230598431121043e-01,3.129205971839124079e-01,-2.898953765797880333e-01,0.000000000000000000e+00,-5.358885688655415369e-02,1.622142172101284641e-01,-2.357377227513855200e-01,2.484542048556622473e-01,-4.477105924173243601e-01,5.909336683741429619e-01,1.892015471753134837e-01,-4.991646803515338571e-02,-1.820255010322852918e-01,4.628826237870207333e-02,-1.592564693013761579e-01,3.014268966810532691e-01,2.758922354027473767e-01,2.101249441378946758e-01,2.118791072096308237e-01,2.224161452972264197e-01,8.631793137412174799e-02,4.672852934508449629e-01,6.201057152776875414e-01,-9.782558860850446014e-02,1.333899565052199532e-01,4.260454970320483592e-01,1.079593769947450738e-01,-5.325885373432852343e-02,-5.364441133817714896e-02,3.250530473017109734e-01,2.127601042774302995e-02,2.368353351927497963e-01,4.091040277821718363e-02,4.019553102872920891e-01,9.559626957455528984e-02,3.206640208033434969e-01,8.244790800938542330e-02,-3.376853978214137686e-01,-4.324477907768332074e-01,-2.367571218496625496e-01,-4.409963679757018529e-01,-3.320108199482679212e-01,-3.370118041525961283e-01,-1.471146223176130474e-01,-2.479908180399342521e-01,-2.219924439955108519e-01,-1.844219791049164225e-01,-2.754353296751017033e-01,-4.213857293772830803e-01,-9.804601155396826251e-02,7.273305362147158837e-02,-1.752991304811545858e-01,-2.656633296242074116e-01,-1.856780393839459753e-01,-2.006176488901070532e-01,-1.651249117815445644e-01,-2.871571172312075704e-01,-1.180566824439680668e-02,-2.266999977183497272e-01,1.960158291548358134e-01,4.946045709182079336e-02,6.351638085816954660e-02,-7.111691512473719556e-02,4.040724381417812316e-02,3.168097891267172006e-01,2.555738504463686556e-01,2.616805262616970218e-01,-3.236496597713462570e-02,-2.778456508473048023e-02,-1.866737953074217027e-01,-5.934101696552669669e-02,3.750668601634489507e-02,-2.334512442895050888e-02,-2.409985537126204114e-01,6.646732127467017137e-02,1.169401802248761502e-01,8.756126927729503129e-02,-1.811291542887402337e-02,1.942272622806137383e-01,3.461436007327192699e-02,-1.347050075858804152e-01,4.629314135733099134e-01,1.688058193609161539e-01,3.285216178978406232e-01,9.727306094700235994e-02,-2.402284786094339986e-01,-1.804260396628494870e-02,-1.715179029034533398e-01,2.808769765785762984e-01,-7.208264759623020553e-03,6.363164127030478123e-02,-6.024638291117165312e-02,-5.465125187197039658e-02,-6.854388833580117579e-02,1.967045355343729762e-01,-4.417214521668824667e-02,2.326164637105795630e-01,2.510083781035959416e-01,2.525914977745102874e-01,3.780000574328548635e-01,3.602116260812725512e-01,1.636319497375128273e-01,4.333418143879025353e-01,-4.264995464667483555e-02,-1.836557814407149825e-01,6.082091392404269208e-03,-1.840158891014316012e-01,1.822700199717906533e-01,8.236746297123465066e-02,2.197325374294249178e-01,6.346834501985744448e-02
-4.199519607424414547e-01,-3.773620828527350646e-02,-4.948701956133593760e-01,-3.939049401512234594e-01,-1.100960745926945483e-01,9.008334154601551624e-01,-4.548341344552496723e-01,-1.721482973700378116e-01,-5.358885688655415369e-02,0.000000000000000000e+00,-4.123570647451663684e-01,-1.311836753679044287e-01,-5.440946470954086678e-01,3.757197702600340583e-01,-4.167441957629566818e-01,4.602297952187666685e-01,-1.966558909090487250e-01,1.555059327483663822e-01,-2.511520234485990488e-01,-5.803508789103525162e-02,-4.743153555139539845e-01,-4.843548184882497387e-01,-8.088435451078630767e-02,-2.317231724972817000e-02,4.154496802747421058e-01,6.535155241299231976e-01,-1.155441546472646321e-03,-7.702922147468659053e-02,-2.006184703239579925e-01,-2.431047312357880463e-01,-9.510885863045906441e-02,2.035683868586303791e-01,1.548917696416847456e-01,2.614979833519577301e-01,-1.590191494198925637e-01,2.070951663030407841e-01,-1.245385360524667862e-01,2.400806774030887492e-01,-1.634704511270317628e-01,-5.308281533449825396e-02,-3.726730002997741820e-01,-9.961209839068008165e-02,-2.025585035580182436e-01,-4.502468222118111152e-03,-1.867981568791693414e-01,-1.554450798211661454e-02,-2.023777463779153837e-02,-1.103732263361349719e-01,-2.128441468330256880e-02,5.574553925657110137e-02,1.280074472883903358e-01,1.184823532500332427e-01,1.696164829536858931e-01,1.965170080473348235e-02,-8.802264542365932642e-02,-3.852139284834558697e-01,-7.791338157531910169e-02,7.656087600564309877e-03,-1.749991624130992351e-01,-1.235156185195644268e-01,-1.513646268543661910e-01,-1.206389539281018941e-01,-1.317830218566176659e-01,-1.472766835754955178e-03,-1.396869272707058074e-01,-2.517478995546374582e-02,-1.578362270356286901e-01,1.345176789046082996e-02,-2.541972169836220763e-01,-3.094896970758656551e-01,-5.875425962304800520e-02,-3.930111681672672219e-01,-2.067684048163875299e-01,-4.066680262320671729e-02,7.141952043282288887e-02,-1.548261182946598369e-01,8.506670383714082240e-02,1.496453171792521408e-01,-3.184746876290415335e-02,-1.021657456471144476e-01,-1.427785970760499755e-02,4.588589427052005426e-03,-6.288125748131122295e-02,-4.484034145982107034e-01,-1.025955907890162555e-01,-1.627047149670183546e-01,-3.596630697486679629e-01,-4.350566295167126452e-01,-2.875121006365665144e-01,-3.918525911814648710e-01,2.970201198191141367e-01,1.756635571161454523e-01,3.258999072589744972e-01,-1.224089533561894122e-01,1.687322261660821610e-01,-9.818471620472020434e-02,-1.169130998506260205e-01,-1.036304433135314812e-01,1.301706042801077101e-01,8.968528701239338041e-02,1.331402948852299928e-01,-3.675059966522165045e-01,1.777830730338981757e-01,1.124397229460323694e-01,2.259790417933567885e-01,2.184083832521754951e-03,-1.818822419661241668e-02,-1.128891190636058250e-01,1.756045594135905719e-01,7.432662969748245196e-02,-1.740704544171059742e-01,-1.022923861672268148e-01,-2.218119513433171597e-01,2.438919418435866737e-01,8.969453085582386465e-02,-1.028174551860079472e-01
6.099493466977323752e-01,2.851626062263024064e-01,3.870215003336234805e-01,2.926344933892903732e-01,3.808490716579625811e-03,-3.876695217592852072e-01,4.003868884935223305e-01,2.417039466273387116e-01,1.622142172101284641e-01,-4.123570647451663684e-01,0.000000000000000000e+00,4.341678183692198045e-01,6.294721341222568878e-01,1.622157096618678518e-01,1.347559373495605950e-01,-1.455819239474562543e-01,2.354567409290996838e-01,1.191701551628385064e-01,4.788709654158191942e-01,2.649207063623962299e-01,1.759386871361008353e-01,1.062101158487576968e-01,2.062588180827391870e-02,1.675117994270430150e-02,-1.614282713329740770e-01,-2.955981335381147046e-01,-1.239847278420974780e-01,-1.188681380026713613e-01,4.404039051852298714e-01,2.314785702953164048e-01,2.316801246756672039e-01,1.119526978235975967e-01,2.606615498428906108e-02,-1.035627511326724232e-01,-4.916807915703745070e-03,-2.095893390429952596e-01,-2.925952202440099126e-01,-4.753283817977658199e-01,-2.978067669569784415e-01,-1.338893517476384687e-01,1.284744737796323366e-01,-2.605663249585474239e-02,-2.008133694802535230e-01,2.383368242151281957e-03,2.754847454334319878e-01,1.668294652468537143e-01,-1.395379448516212706e-01,-3.846339594377025384e-02,1.440224860681330321e-01,1.314748814618897088e-01,2.807552660545788517e-02,1.090762553570514271e-01,-3.145444408676185966e-02,1.234492932818904987e-01,1.085042934294265168e-02,1.071892466521831150e-01,1.801643986531365205e-01,6.443319214653794869e-02,3.180848455618418003e-01,3.073566145040119157e-01,2.716918609693929620e-01,2.780332714833094743e-01,2.525774267269332851e-01,1.402891949209937872e-01,-6.329739350633482864e-02,-1.131000984552739813e-01,1.147248192749531414e-03,-8.163123018472417947e-02,2.974197764306413805e-01,1.808692396273377523e-01,1.383050828497062179e-01,2.995342755557225400e-01,3.186281085635259136e-01,3.205525005208791356e-01,-4.202532378102768335e-02,1.377010701338227117e-01,1.377188762394158938e-01,8.618166638376698052e-02,-8.942299695900672585e-02,2.148046871232377475e-01,3.686747676185684469e-02,1.022516515238292983e-01,-3.505967326295524322e-01,1.422962389203458189e-02,-8.634072505790682528e-02,6.990739476114281314e-02,3.707936771512890944e-02,5.200274083652945550e-02,-4.464895037981360393e-02,-2.525073160559539523e-02,-1.921693235204075534e-01,-1.123720966114864772e-01,-9.840166957210426391e-02,1.283851660280939944e-01,-2.875361765336108544e-01,-7.313198675186373399e-02,-1.823510497145247600e-01,-2.196811451282782157e-01,-3.624495013997443560e-01,-2.665606690539652490e-01,-2.461478163278244327e-02,3.068486331660446598e-01,-2.306683449460279201e-01,-1.468018629267593966e-01,-2.265465276227205671e-01,-2.114383007174099743e-02,1.350836362388969092e-01,8.591977061803925120e-02,-2.281032181429847316e-01,-3.522966760363953620e-01,-2.052289308636243981e-01,-3.637771097342668014e-01,1.657418591158895879e-02,-5.411238305521000047e-01,-2.938657485412990433e-01,-2.702426360141451170e-02
3.771697439157086218e-01,4.774235965777435808e-01,1.058663826824317727e-01,2.902968735869317918e-01,-2.079581231773466043e-01,-9.052568311399918077e-02,2.306174104197800112e-01,4.035240053800422944e-01,-2.357377227513855200e-01,-1.311836753679044287e-01,4.341678183692198045e-01,0.000000000000000000e+00,8.489459670385449130e-02,6.528776689896489405e-01,-1.875820605659938578e-01,-8.367850772790315708e-03,2.730759721637465200e-03,2.105780316628342030e-01,5.624755663216237656e-01,4.610910186378294751e-01,-3.225145473505867666e-01,-4.669544422605118594e-01,-2.895723014186722399e-01,-2.347344215757518338e-01,-6.524917096019851662e-03,-6.925323935690570754e-02,-9.028367753602928314e-02,-3.936615274685633659e-01,4.578547461695188781e-01,3.644253001896569089e-01,2.241183462842368801e-01,2.015902101772822919e-01,2.292649893165050745e-01,6.147769498480525757e-02,-5.049721532371074240e-01,-3.414833723029856438e-01,-6.442811041333750266e-01,-4.543426275233871658e-01,-3.567532452769439089e-01,-2.952664228298846338e-01,-2.466590063724856674e-01,-9.262315156466321975e-02,-6.778408860697936189e-02,2.210139178566553342e-01,4.457402993071549191e-01,4.353951345668824469e-01,5.246054680769038359e-03,7.078711650650611198e-02,3.478110534775676332e-01,3.407058499556865350e-01,1.444815061336717221e-01,2.712348885599931703e-01,8.880269647091645902e-02,1.450691286282631554e-01,1.271390851405430900e-01,-1.302129539049011742e-01,1.071378448039887049e-01,2.582930179152258532e-01,5.842140679219610666e-01,5.153495647207735342e-01,2.800028666322281201e-01,5.648193933045723147e-01,1.394072496562627772e-01,5.691322513835587182e-01,-6.110244232705026590e-01,-3.523813188212583380e-01,-8.062559467660992962e-02,5.953549307779568145e-02,1.385560974835507719e-01,3.278084560057738153e-03,3.423392731647368487e-02,1.466091303337669349e-01,4.212085215085853984e-01,6.492526041548905003e-01,2.256586224699659582e-01,2.355840231828001674e-01,-8.350897034329952950e-02,-9.432024919127059842e-03,-2.256405356978247734e-01,-8.578889235224133880e-02,-1.223030184735161008e-01,-2.315351316756722733e-01,-1.795908269224259779e-01,-2.150777859641971601e-01,-4.615481904938433244e-01,7.846638440724888752e-02,-1.531102290352828188e-01,1.324591678498075915e-02,-4.912734545001837816e-01,-1.090416697987963285e-01,-3.110314717490034742e-01,-3.771010041092231480e-01,-2.024297603047057748e-01,-3.200753683353505519e-01,6.614325431395098875e-02,3.011090206680282558e-02,-3.532340532287808199e-01,-3.884721767598823816e-01,-1.403572302166739560e-01,-2.431896543739096861e-01,1.486739899282394084e-01,1.459303056113979702e-01,-2.686256561108283369e-01,-1.528649069988727016e-01,-3.311466053415573207e-01,-9.447817992363066741e-02,4.369591663687952265e-02,-1.002064871431838228e-01,-1.152897604120732417e-01,-5.053370421345672048e-01,-3.710164609640954625e-01,-1.861964701301750680e-01,-5.184432317148010561e-02,-4.097488151844795312e-01,-3.082371628256040386e-01,6.332676102610688799e-03
4.763239749659807787e-01,1.432812832582520124e-01,6.385589966325223577e-01,3.014859292245990474e-01,1.672767689616956321e-01,-4.663772735100090161e-01,6.519628719861360056e-01,4.246399000462216383e-02,2.484542048556622473e-01,-5.440946470954086678e-01,6.294721341222568878e-01,8.489459670385449130e-02,0.000000000000000000e+00,-2.230186138167006837e-01,4.136666401899647960e-01,-1.584712886292062584e-01,1.416818284175250242e-01,8.712210000533814058e-02,4.140642168643357546e-01,2.831264349768720101e-01,3.020526389546238644e-01,2.909853461252354112e-01,3.801776420135763446e-01,2.141154707347877884e-01,-1.400118018999531866e-01,-3.328980915636306492e-01,7.899621723925130679e-02,9.990444699836760478e-02,1.693035698452793614e-01,1.330372306760160550e-01,1.565440896618255640e-01,1.312722038528456869e-01,1.700831991765912321e-02,-6.399640217059726632e-02,3.561071871182567850e-01,-5.498282673944427518e-02,1.601129843221223426e-01,-1.942185041566325543e-01,4.084761896374266427e-02,5.721965320313099346e-02,3.195953677749164834e-01,5.842261653453063169e-02,-1.918071431358724654e-01,-2.098802715007039021e-01,-1.598784221703996034e-01,-2.670937778626176762e-01,-3.210343302178519931e-01,-2.587068275434052933e-01,-2.957776580873013872e-01,-2.709126346548273445e-01,-3.182923049904166080e-01,-2.746135530691666826e-01,-3.645078950346221092e-01,-2.341114312983073320e-01,-1.944848749426891787e-01,-1.068784521892128352e-02,2.262664614676016817e-01,6.391815666488863401e-02,-3.899997011855939333e-02,-1.158462685195120606e-01,2.899758901971267733e-01,-4.652117019230401357e-02,3.465742136898269932e-01,-6.659995621168031399e-02,4.317255509097507327e-01,1.634224496170427754e-01,2.043780819998261833e-01,-5.610388415670591877e-02,3.638709787299356235e-01,4.358747862900242409e-01,3.430168664993938910e-01,4.476635467138697089e-01,2.087679072603860486e-01,5.166602146993279701e-03,-4.414798482078618330e-02,1.462469332879965112e-01,1.733472798599837716e-01,7.921297070260090167e-02,-1.192003883900762534e-01,1.428132628573953455e-01,3.521414273301003844e-02,9.524663469134640736e-02,-1.056480296571533778e-01,2.142526458952652701e-01,2.611280273363094651e-01,-5.381756865598406880e-03,2.426313285163425870e-01,2.220801601552852278e-01,1.991812218668969625e-01,-3.443798539940227249e-02,-3.034408397268977819e-01,-1.079586423840206769e-02,-2.828593986899219925e-01,2.766109620891323839e-01,-8.221399083631512894e-02,1.325754255352936950e-01,1.384071749682185687e-02,-5.074387671804819061e-02,-2.984377044636405407e-01,-1.146234722721370114e-01,-2.373309520284334340e-01,2.345709242202935751e-01,-4.536861688127078601e-02,-1.019955326898081410e-01,-4.013024019569194634e-02,4.451438957163621896e-02,1.606178399616672026e-01,1.662879268618978890e-01,-3.608688508290346098e-02,-2.288905176546474907e-01,-1.953383703514589564e-01,-2.944646168444309819e-01,6.102737343008136917e-02,-3.031830852651395403e-01,8.043307888847463921e-03,1.796716772120758310e-01
