0.000000000000000000e+00,2.278659118146756091e-01,3.599004582972835098e-01,-1.296530362646563204e-02,-2.834008416696945920e-01,-2.534509847679306330e-02,2.954635845830709817e-01,-1.346034571637047539e-01,-2.279853817445978148e-01,-4.861594624078345306e-01,5.318131143514016612e-01,-3.220359173606895942e-02,4.166390745092092285e-01,-2.087613794530356615e-01,-3.532313973173043520e-01,-1.629102994808636629e-01,3.909456804877769476e-01,-5.319622927943158663e-02,5.821495828460376831e-01,2.702992011496390679e-01,1.154505309335398661e-01,9.724037588713002611e-02,4.841312580683759803e-02,-8.994644062323128852e-02,-2.493358033753328429e-01,-1.451945914722399533e-01,-2.872602226274872939e-01,-1.135543355303300118e-02,1.191846980613978230e-01,-3.188133475983699339e-01,-2.832953527244076453e-01,-2.855567183499894135e-01,3.401233170523902394e-01,-4.773781209615381854e-02,3.261452144575250345e-01,7.263795897973390758e-02,2.132086105745464866e-01,-1.035213050119338229e-01,4.106076146369794233e-02,3.005915636127162944e-04,2.964216495005164154e-01,-2.751581046668145208e-02,-4.683303826592926655e-01,-6.522915767242533081e-01,-3.277058604131662389e-01,-4.106216435742590098e-01,-1.401918029702825530e-01,-5.690421422035080862e-02,-2.088509828689820991e-01,-3.140247176483136893e-01,1.349649425973617756e-01,-2.403393631179382706e-01,1.156845382400508160e-01,3.731846679068237527e-01,-4.146959269182614455e-02,2.749948999689432738e-01,7.667483678273182557e-01,1.742137771825817416e-01,3.785778286791849356e-01,1.048190228181873629e-01,3.857628245376339970e-01,2.219048975697286794e-03,-4.528010381346366658e-03,-3.031265335306571052e-01,2.646742222842702885e-01,-1.417265553483347540e-01,2.829348886210183989e-01,1.426143366014350211e-01,5.618146308075735451e-01,5.129073910600728814e-01,-2.637723065739129846e-01,-2.451122290104973123e-01,2.761349682769899672e-01,1.086305347456778397e-01,-3.200671775361576543e-01,-2.387222415091267425e-01,-1.496308249370323917e-01,-3.868474018853870766e-01,-3.412669316722197754e-01,-3.380263936778494238e-01,-1.174354390079905552e-01,-2.574661613599993348e-01,2.078715048331840690e-02,1.147296507823158257e-01,-8.280114567166300954e-02,-1.360281682881282206e-01,-1.117335954467714859e-01,-2.227768176445837217e-02,-2.159431834774265535e-01,2.062473743062183951e-01,-6.266920239779102397e-01,-2.271891268872718583e-01,-4.497944262041201902e-01,2.820726304524710445e-02,-2.531568891764387347e-02,1.115169313271160006e-01,-6.818751258896987855e-02,-1.350849051166256309e-01,-4.374740448065825849e-01,-4.162226054036327616e-01,-5.052537407284033444e-01,1.677534878114455286e-01,-2.860336146739094754e-01,-1.946815963846067477e-01,-4.292963848073380051e-01,1.490756918316621382e-02,-2.339381620746538992e-01,-1.782542214447143530e-02,2.908894318483674218e-02,9.423420172598855407e-03,-4.847065507825512598e-02,-3.551658850664460298e-01,-4.071510569603119523e-01,-3.341152427655550983e-01,-2.524347283129576569e-01,-2.341917051369916958e-01
2.278659118146756091e-01,0.000000000000000000e+00,5.288669597381587262e-02,5.131819523540894767e-01,-4.230859301766086156e-01,-4.486760336195637633e-01,6.827176394947803706e-02,6.742554657156381026e-01,-5.470203809298127551e-01,-5.226210522961944882e-01,3.700508964813342128e-01,7.329315391654005474e-01,3.134822890627988468e-01,6.289385307273815950e-01,-1.387380458842591424e-01,-4.721917189410064775e-01,5.151938340048804049e-02,6.860779975078923343e-01,6.747089127903053152e-01,8.060304304401614273e-01,-2.845491826206361097e-01,-3.227580815201187558e-01,2.806707850855901243e-01,5.211288760594579017e-01,-4.436648853080567556e-01,-5.689857906983404323e-01,-3.977649384889220818e-01,-4.841878238089680209e-01,1.825311600044970950e-02,3.239244328503278481e-01,-3.952453259579756240e-01,1.475841875812314574e-01,2.403988738990357477e-01,4.470526473947848967e-01,3.946605077171028847e-02,-3.759073071886812056e-02,-2.366141004784859947e-01,-2.130877292718396654e-01,-2.324789439418789294e-01,-5.144500382397092508e-01,-1.504461141829132875e-01,5.037880466337935764e-02,-4.111468433739449702e-01,-4.630830739704328014e-01,-1.595305291748625176e-01,-1.106049656819135529e-01,-1.305689138444702802e-01,-1.965057144074170425e-01,-4.482177846986764025e-01,-1.107088177583566146e-01,-1.441072908256907197e-02,-2.096660997793975065e-02,3.797805204945567392e-01,5.305338551521035506e-02,1.787649324784234550e-01,-2.899642561856899392e-01,4.328955992254816532e-01,8.683112342067083045e-01,1.805762048128008446e-01,1.620717023976200599e-01,6.627101539016878595e-01,4.544164314924777903e-01,5.741281358353815360e-03,2.351920483790545802e-01,2.257371964481710847e-01,2.474641521599473259e-01,-1.519330787652067305e-01,-2.781926982127556069e-01,3.637939180110917325e-01,4.664687406185216156e-01,-4.151628841063708109e-01,-1.035357418440673860e-01,-1.301009470125379097e-01,1.511570460434194796e-01,-2.373896395853307972e-01,-3.549025595112168530e-01,1.183166983168621733e-01,-7.298959473935195952e-02,1.165494257707016534e-01,-4.341412022216809552e-01,7.327311385104491592e-02,1.555872498865745190e-01,-1.334899222079508341e-01,-3.581992252551196576e-01,3.901636363127030660e-01,-2.594935401714114631e-01,-1.575837430476202117e-01,-6.004995625622240318e-01,4.352880438842124944e-01,-4.196493183413220196e-01,-1.313044949061859257e-01,-2.486976388932380100e-01,1.952214286399840959e-01,-3.032124889410843793e-01,1.671419453477476502e-01,1.246765399461456786e-01,1.101724477620180526e-01,-9.179132261176503604e-02,-4.879526392434606619e-01,-3.256827393062615705e-01,1.637800302476762893e-01,-5.104170925835452843e-01,-3.120345694517961399e-01,-6.002262668107364307e-01,1.682270355642712656e-01,-3.907681454055106918e-01,-2.582805517894058434e-01,-5.927366155433207995e-01,2.197638381997501222e-01,2.789147479772473015e-01,-6.425791065554728888e-04,-5.055222967750105934e-01,-4.422924653213732848e-01,-1.115059264480439821e-01,5.918895454931506067e-03,-5.205073029359263276e-02
3.599004582972835098e-01,5.288669597381587262e-02,0.000000000000000000e+00,6.797862378188251897e-01,-5.359665275003385743e-01,-4.978981994608195905e-01,8.767044913405123152e-01,4.099506150983633912e-01,-4.526626289760479760e-01,-5.384713604677204835e-01,-1.026887384257871016e-01,-1.664066985111828378e-01,-1.804849847095233231e-02,-1.018282011148702731e-01,-7.093887505574488772e-01,-5.770840905181569003e-01,9.186231533055091991e-02,5.322553803904365305e-02,2.068183955535693452e-01,-2.053919360680982464e-01,-2.975418776435569401e-01,-3.453738665080626213e-01,7.887107687887560115e-01,4.777780072741221185e-01,-4.043809583121483198e-01,-4.674651340293731749e-01,-4.793277559534417920e-01,-3.602477606952264599e-01,9.588191786840537245e-02,-1.720473601545398912e-01,-4.284208987017301129e-01,-1.930963247594085497e-01,2.616758320900640644e-01,-2.074074664244533461e-01,4.081303131912604187e-01,2.738927657712340036e-01,1.185522592236170347e-01,1.161667882645887710e-02,-1.011266185470119927e-01,-1.717415699446888377e-01,-1.018816709046758001e-01,-2.406875151393632339e-01,-1.160552676736416738e-01,-4.041162594320276691e-01,-2.650472885335800055e-01,-3.962909905393675603e-01,8.197913741198332993e-02,-2.351798338721173415e-02,-5.295385269455662458e-01,-6.235312721817916071e-01,-8.411499233384227281e-02,-5.332691140410449337e-01,2.431803264157429700e-01,4.499908867249029498e-01,1.494579771129498358e-01,5.726095012887694180e-02,1.419624340491142389e-01,-1.691063614776056323e-01,-3.565542879670617893e-01,-6.901260635716649494e-01,1.156082366264915701e-01,-3.363311394985383229e-01,-2.006555004742371084e-01,-2.321101501074727957e-01,5.969356012555933066e-01,-2.463936754304369425e-01,2.485177444230610155e-01,-4.626619300336466852e-03,-1.912939452008055596e-02,-1.296352045880949932e-01,-4.301000039889203985e-01,-4.014562763452028116e-01,1.566365275039280636e-01,-1.711416621242592417e-02,-3.003844950561276317e-01,-2.348192254300889570e-01,-1.892831028072797517e-01,-4.175757338804392260e-01,-2.204311758186384418e-01,-7.324983355113451333e-02,-2.797049577912743556e-01,1.791721226099321203e-04,-3.802833371664325335e-01,-2.251092204010133602e-01,2.612982051179771337e-02,2.290553269465165145e-02,-5.844512551015249580e-01,-3.597203213869676341e-01,-1.369477300613647919e-01,3.550687606580694156e-01,-2.057601341811798046e-01,-3.217262476988635295e-02,3.911113945569237860e-01,5.167830529947933238e-01,1.521774257945180120e-01,1.817110555356363788e-01,1.762415225505155336e-01,4.161259076854986749e-02,-1.863317673549284015e-01,-1.526163879278525648e-01,-2.052901205488110170e-01,3.723886808445514007e-01,-4.949668147093184700e-01,-2.574789216325237273e-01,2.002932546459793295e-01,4.936792737690890998e-01,-1.262207486314186056e-01,-4.035941065688976592e-01,6.600442495486265326e-02,1.882946024527392681e-01,8.498016846022424242e-02,-1.794187821607592381e-01,-2.621349431127871221e-01,1.651430553136926660e-01,1.815181673725614897e-01,1.245346435118125650e-01
-1.296530362646563204e-02,5.131819523540894767e-01,6.797862378188251897e-01,0.000000000000000000e+00,-6.925859740223506700e-01,-6.370258535758791529e-01,6.895194825591594023e-01,9.001052088899361703e-01,-7.219329885556670101e-01,-5.832831444560426792e-01,-1.438070423300043532e-01,3.396953120802834181e-01,-1.133315316073073842e-01,4.140619651912127996e-01,-5.785294321238446669e-01,-6.937011993393035203e-01,-1.209583702190669963e-01,4.308939642110926060e-01,2.514835022293478994e-01,1.533608037080362585e-01,-3.626536714631178882e-01,-4.353906033010162546e-01,8.215235152728169732e-01,7.861540456680826683e-01,-5.286944944214321263e-01,-6.896091150334782149e-01,-6.319594731165244506e-01,-5.724269084950105446e-01,-6.236051369369808445e-02,1.189633479754158979e-01,-4.704053563278728922e-01,-6.471180536339550537e-02,7.818645367358528775e-02,2.755978693840895749e-02,1.597306325174514541e-01,1.538067223424974539e-01,-6.196306295343769616e-02,1.435983304253958363e-02,-3.000135260530117920e-01,-4.750627729438353097e-01,-1.857802002507212280e-01,-1.461764760885589376e-01,-1.092262828004312847e-01,-3.001585418999538901e-01,-1.900185923210462036e-01,-1.845210159646673287e-01,1.034713415950449245e-01,-4.561742394771520909e-02,-5.436156174085169379e-01,-3.646874773882834986e-01,9.628772948690804412e-02,-2.065549330990737731e-01,5.725194819568313331e-01,3.339120884866665917e-01,3.810455724435187763e-01,-8.980333442939972266e-02,9.866300267748268071e-02,2.552787412206349305e-01,-3.871023362801739864e-01,-5.767235649576265555e-01,4.771388891166569168e-01,-3.286106427746098013e-02,2.937256432797620900e-02,6.918697165333474730e-02,5.172320450620897514e-01,-1.432096419047336755e-01,-1.190398112901424887e-01,-2.869120902843257936e-01,-4.695638036246113645e-02,-7.462333633963250112e-02,-5.497678986845897509e-01,-3.806522669581711149e-01,-1.012047768226593120e-01,-2.667631833720846349e-02,-3.654179219135695877e-01,-3.934713546460275602e-01,-1.418160416248427369e-01,-2.926432095036803904e-01,6.893207988415869791e-02,-1.026651268487158986e-01,-2.634530321619558968e-02,2.603366554721484594e-01,-3.474862949685939562e-01,-4.345942092724637829e-01,3.770927841731957497e-01,2.506518679832931903e-02,-5.617458271707070905e-01,-6.937931923833640102e-01,3.295550806524397136e-01,-9.683840312974574191e-03,2.149327117196628625e-02,-1.016716714368584712e-01,7.110239016628986386e-01,9.851288463921395455e-02,1.208508502149867464e-01,1.045118162685166607e-01,7.824577508019024685e-02,-1.382176244658549769e-01,-3.172179771880968557e-01,-2.622918516694751623e-01,6.954910112946538492e-02,-3.716143641102936240e-02,-6.228819992470588929e-01,-6.445445503352803529e-01,3.215814100689428634e-01,5.690809873838627991e-02,-3.017966987480518171e-01,-7.915466898727346878e-01,3.548816878590116408e-02,2.072636771466952188e-01,-6.957118372031877163e-02,-4.506756526507967320e-01,-4.343493339140092613e-01,1.034159322014539945e-01,1.390351625799335356e-01,1.303297735223014897e-01
-2.834008416696945920e-01,-4.230859301766086156e-01,-5.359665275003385743e-01,-6.925859740223506700e-01,0.000000000000000000e+00,5.631127676106141289e-01,-5.328236150934954063e-01,-6.033993437017565187e-01,8.507695038961958778e-01,6.958366681304931634e-01,-8.406849257363636918e-02,-1.995414331212180814e-01,5.658857748420540595e-02,-1.199298987032865749e-01,6.467191156333345070e-01,6.827599075657060368e-01,-8.798407742186169223e-02,-3.250565923463095142e-01,-2.936312142767755762e-01,-1.948835493422316489e-01,1.762168441989170886e-01,2.471517731500292026e-01,-5.012943954450379547e-01,-4.384828456434341493e-01,7.465351594733894425e-01,7.605202725219344373e-01,8.468543506576520219e-01,5.321293517175226251e-01,2.066837138790929840e-01,1.073901700985107621e-01,5.727606787888260831e-01,3.847176700597400023e-01,-9.176111064852546240e-02,2.067459728867885867e-04,-2.523692120530242611e-01,-9.764878410663729857e-02,-1.484159128798733240e-01,-5.026801220617485577e-02,2.449863153008426664e-01,4.441137771651118560e-01,-1.339768927550887001e-01,1.276065468713806217e-01,-5.755161583001163622e-02,2.585777456664597462e-01,6.298786679325667215e-02,6.269192638975863707e-02,-2.678495106617465038e-01,-2.008419286556430705e-01,3.863546226180024079e-01,3.494449310676575049e-01,-3.457964816390142193e-01,2.291885439527295010e-01,-7.007270446796384222e-01,-5.277138698289094432e-01,-3.954754488257539724e-01,-9.155145761917939107e-02,-4.420095315732366359e-01,-2.510826546275197191e-01,4.854023909665908243e-02,4.276613665580132340e-01,-6.189872493424013467e-01,1.184629372649799312e-01,-1.514221374939830889e-01,1.435738815045107530e-01,-4.761129141029776801e-01,3.242711571727771580e-01,-3.774796812453490996e-02,7.543949233818779410e-02,-2.737311857519397762e-01,-2.398014160459787936e-01,5.446027597679485854e-01,4.553382275489855080e-01,-5.045180366655861726e-02,3.600096778759292321e-02,3.987021338164740691e-01,4.397087647358381979e-01,1.528345264731279796e-01,4.436127378291759293e-01,-3.164371142224103178e-02,2.479513644101851572e-02,-1.352370567165552540e-01,-2.595466245030019770e-01,2.638577224976909608e-01,3.201093216832642807e-01,-3.913425014238314237e-01,-1.022623814531539938e-03,4.659519245488490391e-01,5.937315331653038042e-01,-2.633662357285422306e-01,-1.082559350347039873e-03,1.320073438107782771e-01,-5.326634743841033443e-02,-5.052736859168520667e-01,-6.481047818154775375e-02,-2.810145828800605407e-03,-7.175624427630045155e-02,4.732657764006981127e-02,1.923442549712191252e-01,3.694024939687219899e-01,3.358863872641756898e-01,1.468382829689502400e-01,-1.844900100083652073e-01,6.009034005301753245e-01,6.128266401827281440e-01,8.785719534546397591e-03,1.673399915912347053e-04,5.321892918313996246e-01,6.615212587843973813e-01,1.661687102655191872e-01,-9.509359026544492166e-02,1.057845705818409032e-01,4.250536033687051796e-01,4.274185673963293297e-01,4.523442080335195181e-02,7.946150419127556708e-02,2.201102820282790570e-02
-2.534509847679306330e-02,-4.486760336195637633e-01,-4.978981994608195905e-01,-6.370258535758791529e-01,5.631127676106141289e-01,0.000000000000000000e+00,-5.051569341917537814e-01,-6.163261324511560835e-01,6.423388646339500685e-01,5.937435119082271617e-01,4.167099797875712525e-02,-2.402678195566127495e-01,9.554118042467424354e-02,-2.052713307814373334e-01,3.428616912434833131e-01,7.420087814479923161e-01,-7.233713598233124098e-02,-3.864172554893013367e-01,-4.153195697702410927e-01,-2.014299514884041187e-01,4.913582787350868619e-01,5.856159090917312238e-01,-5.581081114106594132e-01,-4.822783325255787790e-01,5.859031676912236364e-01,8.226710201917192267e-01,5.575210935354744102e-01,7.282636652378500219e-01,-1.131173001148331470e-01,-9.339537455526784882e-02,5.620908409321736521e-01,3.461226739806665814e-02,-1.221909531627698164e-01,7.111994336511656689e-02,-2.136594082901945579e-01,-2.122713269606033015e-01,1.447580576731249957e-01,1.802734976039524484e-01,3.439202022121982671e-01,5.341551312574307486e-01,2.904019590858195610e-01,2.046208650361260040e-02,-1.126020636299330663e-01,1.467758358365505722e-01,8.797139728764612199e-02,1.296044730151960089e-01,-2.277464954791495189e-01,4.421821986553333209e-03,5.172590182997767183e-01,3.490723112885999457e-01,8.329739705036484990e-03,3.286968368860515577e-01,-3.822413677047416525e-01,-2.298762371583108199e-01,-2.063806101783444424e-01,2.829929782718683118e-01,-7.268576771134299674e-02,-2.830077568958744294e-01,2.673548444202219487e-01,4.534772493917449410e-01,-2.955437142730973354e-01,5.719619153205373480e-02,9.421874153330718482e-02,-4.602116977275345217e-02,-3.557557035043645288e-01,7.527337568707567761e-02,1.038796478896454253e-02,2.188257697702791771e-01,3.948222962010691783e-02,1.030327475135184162e-01,4.506385103743905107e-01,1.461125498148831692e-01,-2.022539435276234643e-01,-1.479562552884147453e-01,1.351659843715240783e-01,1.061496136156992037e-01,-7.762729412609628565e-02,5.877045794451585259e-02,-1.462333521377815193e-01,1.981651211624140541e-01,9.520556534956746420e-02,-7.897799907879331227e-02,3.337383505776223558e-01,4.618827694553486740e-01,-3.209336448646643580e-01,1.070518684817043098e-01,4.508565488707992341e-01,5.953721784753147617e-01,-1.271973056144339864e-01,1.558184014059544459e-02,-1.217373256977166418e-01,-2.268826633893132258e-02,-5.847167256973908600e-01,-2.663962896130863123e-01,-2.935400080253526833e-01,-2.057684642235222960e-01,-3.257520558518275378e-01,-2.659210298313439691e-01,1.316311542696562420e-01,-5.519953362994818591e-02,-1.899799749269147631e-01,-9.080843292495232796e-03,2.825121709036673145e-01,2.757657162998301548e-01,-4.233943926641847155e-01,-1.425877211494836483e-01,1.341262572453753854e-01,5.896544668668746159e-01,-3.299430010040191874e-01,-3.684527032361860632e-01,-2.576750424013142249e-01,1.318684320318352921e-01,4.997816055327775758e-03,-2.510915467952866686e-01,-3.729686242869382773e-01,-9.061291787758980754e-02
2.954635845830709817e-01,6.827176394947803706e-02,8.767044913405123152e-01,6.895194825591594023e-01,-5.328236150934954063e-01,-5.051569341917537814e-01,0.000000000000000000e+00,5.028767736883811290e-01,-4.473134135426030666e-01,-5.326161840250756008e-01,-6.288111785973593548e-02,-2.966413977891890069e-03,2.449915040731169905e-02,7.000713173878070350e-02,-7.046880454848650777e-01,-5.125941411188339458e-01,1.226733450600708819e-01,7.641085178289032387e-02,1.338417826303368030e-01,-1.878997433491685076e-01,-3.876056137572488347e-01,-3.874301302280522274e-01,7.710046488207187299e-01,5.273233591557378031e-01,-5.067605091811391294e-01,-5.159027715767241506e-01,-5.197568503455077815e-01,-4.761345371656633962e-01,1.458692563710958789e-01,-5.590067054246711242e-02,-4.502264459277635633e-01,-2.726508712935271084e-01,6.770530540064280400e-02,-2.284062357049673753e-01,1.917637052314173363e-01,1.341111055352910142e-01,-8.428908925966431542e-02,-1.579460926981415270e-01,-3.815007973332845137e-01,-3.787095685399010092e-01,-2.028568234529856407e-01,-2.806684155195979247e-01,-4.042695997102482841e-02,-3.422629680251870754e-01,-9.142693992482044119e-02,-2.155883243873494282e-01,1.788051783145276075e-01,1.074480605070822839e-02,-3.377168853906070689e-01,-3.720651034209945807e-01,9.115839234992428874e-02,-3.267312148340055233e-01,3.673416258392276923e-01,4.882408549848117341e-01,1.450029782531334910e-01,8.956288908219389722e-02,1.519102581049381895e-01,-3.642049781892225252e-02,-2.554920810917220009e-01,-5.708833849512369163e-01,2.352801237351876129e-01,-1.441369141038223167e-01,1.036252640354317356e-01,2.666891227310582563e-02,4.471598647255892733e-01,-3.873898731519841432e-01,1.348062121788525143e-02,-2.106105897383963310e-01,-9.323532906364927209e-02,-1.493065671106667824e-01,-4.570946603367718186e-01,-3.530252668235707159e-01,1.420636886245726094e-01,3.291484213823567956e-02,-3.117661022597755793e-01,-2.392151348791073939e-01,-3.181571754388302087e-01,-3.920356320525351101e-01,-2.031341049085645667e-01,-1.378129122122409844e-01,-3.045272732285189132e-01,-3.052958646230338746e-02,-4.521572110886861728e-01,-3.538748733635818100e-01,-5.444832909813096533e-02,7.314573248852831999e-02,-7.276306218759331923e-01,-4.772282683228012412e-01,-1.392903836883424840e-01,3.777708399182286292e-01,-1.870730908916416746e-01,-4.758461355916750180e-02,4.080179801014330310e-01,4.070668535445380321e-01,1.202364028512676319e-01,1.547629362354678850e-01,1.474492393628447917e-01,3.735160323682441916e-03,-1.707809664422532403e-01,-1.509209894958836451e-01,-2.511565838002932094e-01,4.331609134721692289e-01,-5.264072906813986874e-01,-2.367577989465135535e-01,2.234518047925149534e-02,4.304744544553264496e-01,-1.917151556144247038e-01,-4.759552898230393070e-01,2.080846852589208693e-02,1.342068663085059232e-01,3.861660795559418435e-02,-2.404308852550436082e-01,-2.452150168880313508e-01,1.787732281058242167e-01,8.499201573229510365e-02,1.833027447390768450e-01
-1.346034571637047539e-01,6.742554657156381026e-01,4.099506150983633912e-01,9.001052088899361703e-01,-6.033993437017565187e-01,-6.163261324511560835e-01,5.028767736883811290e-01,0.000000000000000000e+00,-6.802749975977804286e-01,-5.658573177901219386e-01,-1.535073171822182343e-02,5.943920724106875886e-01,-4.019495199877121464e-03,6.358417825456997852e-01,-3.973777868545149694e-01,-6.307795851982808122e-01,-1.060823998763689435e-01,5.940254039868646529e-01,2.634253644592662313e-01,3.759616183246006771e-01,-4.640808923005279030e-01,-5.235287313187472202e-01,7.078380239154393738e-01,8.211936932818758583e-01,-5.607873764850729303e-01,-7.063777113628575410e-01,-5.496610603015763541e-01,-6.785762587131527468e-01,3.792667124732266616e-03,3.661166023308780604e-01,-4.767732376871300914e-01,6.091216113192751691e-02,-4.868800568211580776e-02,1.962016443458112491e-01,-7.145006086008251489e-02,-5.561293378706882312e-02,-2.767190071059718592e-01,-1.221194207123958986e-01,-3.955213747398387825e-01,-6.492766858405858432e-01,-3.428406444629252259e-01,-1.610828057107902278e-01,-1.035574008664602863e-01,-2.441125883322546319e-01,-7.942462063631440528e-02,-3.784246614236964207e-02,8.873945924558417075e-02,-1.090041029880608608e-01,-4.727800445031795640e-01,-1.689023604789613997e-01,1.679426101064586049e-02,-5.593556075649841475e-02,5.843507078548986211e-01,1.728388897655350476e-01,3.404581070881209093e-01,-2.584106161017358239e-01,6.678940153286515302e-02,4.640973253916954588e-01,-3.258735953527228668e-01,-3.818238768925474313e-01,5.592017253695402701e-01,2.529471869721430788e-01,1.588399122375939998e-01,3.463057169852258865e-01,3.817611014180581352e-01,-5.008473702577655173e-02,-3.694601867398656370e-01,-5.008975345958096570e-01,-1.013705175270224884e-01,-6.217517432376105241e-02,-5.376172202832537605e-01,-2.993214497399649399e-01,-2.045831570832520596e-01,-4.209248641208618996e-02,-2.358902809497564756e-01,-3.916753323191239922e-01,-1.120200261712350348e-01,-2.138321202365132401e-01,1.987616686696515866e-01,-2.007433303695824178e-01,1.957771703473681077e-04,2.772754601081813819e-01,-3.922681561002615003e-01,-5.650298661565206215e-01,3.956916520312486751e-01,-4.364780142277210895e-02,-5.040388658965546664e-01,-7.935402877806047028e-01,4.858889503567754842e-01,-2.096210742397778548e-01,1.381560321354438625e-01,-1.153543257290461643e-01,7.140288011446345173e-01,-6.736922912257455043e-02,2.095024353699173891e-01,1.534967376785725812e-01,1.501478116889842784e-01,-8.533643722657753561e-02,-2.804431034120120070e-01,-2.018842425722671974e-01,2.376054609101895809e-01,-2.129695068444917849e-01,-4.817718881586872115e-01,-6.447104960540835927e-01,3.153276375226820027e-01,-1.209500117545764392e-01,-2.507260243067788164e-01,-8.148468124161207804e-01,8.277783405870815792e-02,2.814263960923839569e-01,-2.891150961284331272e-02,-4.270750467787301496e-01,-3.765245048397590777e-01,1.402334494646864937e-01,1.613090163469578231e-01,2.344977292353912224e-01
-2.279853817445978148e-01,-5.470203809298127551e-01,-4.526626289760479760e-01,-7.219329885556670101e-01,8.507695038961958778e-01,6.423388646339500685e-01,-4.473134135426030666e-01,-6.802749975977804286e-01,0.000000000000000000e+00,7.132210047806367692e-01,-4.170296623461117180e-02,-3.636870885272929232e-01,1.122688472644262914e-01,-2.473387742316378313e-01,5.411514506860695128e-01,6.541498451847639339e-01,4.021884161465976576e-02,-3.608447078274564235e-01,-4.235831333459640913e-01,-3.295502305110981078e-01,2.452849480685939387e-01,3.049784277570863900e-01,-5.743389570925040433e-01,-5.533187963405125087e-01,6.346848868711951752e-01,7.544895377829095029e-01,6.684210103680465753e-01,5.803352573860988128e-01,1.778680325167956988e-01,4.886471931444423197e-03,4.751774442344113836e-01,1.348458202112072513e-01,-2.712780984283887364e-01,-1.522503750870534411e-01,-1.562381935102276076e-01,-7.373018271869288820e-02,-1.485235287372175909e-02,2.849138261822975471e-02,2.768377153985197570e-01,4.618658925553069672e-01,4.923292793492225344e-02,1.038960930806949873e-01,2.567267611083998147e-02,2.615964283877793006e-01,1.612584087654251319e-01,1.234302795288559490e-01,-8.573212957663073341e-02,2.447741465461750112e-03,4.246793383696082502e-01,3.047567540709719691e-01,-2.293156077011366534e-01,1.871166449901323359e-01,-6.405910872100969433e-01,-3.476488288261569415e-01,-3.668751528822259411e-01,1.828915953472689052e-02,-3.911728630537349982e-01,-3.319308503745812544e-01,2.084412298530138319e-01,4.606635551979220145e-01,-6.185577036799783102e-01,7.572088948280185361e-02,-1.051698500854405111e-01,3.632882706321217264e-02,-3.635746813278162293e-01,3.057593690487709903e-01,6.494017617875837145e-02,1.722423772179373647e-01,-1.783719478682665172e-01,-8.802119080377761307e-02,5.141808445600904998e-01,3.855781571156104426e-01,4.141381536549982451e-02,-3.254054110827223067e-02,3.017529344498162680e-01,3.490734236275144786e-01,9.197986402427744956e-02,2.909274793825246674e-01,-1.174583854811619976e-01,1.876638757804614116e-02,-7.685481901640077440e-02,-3.147995273470097222e-01,2.741363265752268519e-01,3.848674124439266930e-01,-4.547000078495102571e-01,-7.039530734591659122e-02,4.312289506993512433e-01,5.991836837474503463e-01,-2.785045611603290672e-01,8.012687513684640939e-02,4.131220951813338593e-02,1.452294891960397294e-01,-5.120553403954778426e-01,2.488897922430187773e-02,-3.384745888077787118e-02,-4.492749740358271959e-02,4.389309629209193347e-02,1.759459513189102764e-01,3.835713378938169216e-01,2.692562586133273594e-01,4.712249542818080367e-02,7.334698052705347637e-03,6.465901959881937833e-01,6.578549916782545637e-01,-4.671188973947414114e-02,1.136960292328774262e-02,3.382685544631252039e-01,8.028452149365025159e-01,4.855970986450613980e-02,-1.460402208166033666e-01,9.427847366008518248e-02,4.569682763644133949e-01,3.815353378822440300e-01,-2.150600333712828632e-02,-4.789577435065833083e-02,8.578650958288591005e-03
-4.861594624078345306e-01,-5.226210522961944882e-01,-5.384713604677204835e-01,-5.832831444560426792e-01,6.958366681304931634e-01,5.937435119082271617e-01,-5.326161840250756008e-01,-5.658573177901219386e-01,7.132210047806367692e-01,0.000000000000000000e+00,-1.894424980892641941e-01,-1.814951203472897900e-01,-9.271812609107474290e-02,-8.829631703216987704e-02,6.000501022895622372e-01,6.804331085166188675e-01,-2.028335283347721951e-01,-3.434242910705880836e-01,-5.242211022587752733e-01,-4.481687727970351531e-01,1.813938842861411715e-01,3.016240856585010177e-01,-5.581308370134191454e-01,-4.651291292235599784e-01,5.688679467815265234e-01,7.040655336167350731e-01,6.510945238932407397e-01,5.867151945044807304e-01,7.838666295616748825e-02,4.841689255602571462e-02,5.401211731718165154e-01,1.368916866756318962e-01,-2.692545900527043012e-01,-1.605463694572626110e-01,-3.525482932801802805e-01,-1.691411750074670317e-01,-5.625133268001305392e-02,3.473605408046401277e-02,2.690240547950606964e-01,4.866623306404195826e-01,-3.774284478938961379e-02,7.032771254261151184e-02,7.598701185840174566e-02,3.935840313691894021e-01,1.527239673735405479e-01,1.990157976335140966e-01,-1.761681846976677068e-01,-2.628919677817136494e-02,5.408316386723531766e-01,3.578627821996369085e-01,-8.304731976224422052e-02,3.213282433213724976e-01,-5.737251932838154378e-01,-3.894933906152938663e-01,-3.449095330067540877e-01,6.669021248964637771e-02,-5.029819573810687672e-01,-3.454950966259865974e-01,2.349432456234935157e-02,3.327978679807089835e-01,-6.321329109209004038e-01,-2.974072302501428594e-02,-7.789830815586296087e-02,7.162765879999540009e-02,-5.197647198036500216e-01,2.181738575926303325e-01,-7.689697224878186410e-02,1.130704166992888143e-01,-3.942403675058528956e-01,-2.362715180994372222e-01,4.435383132377755944e-01,2.782782286245041314e-01,-1.354432658778734755e-01,-1.105038092611523304e-01,3.989509430017353919e-01,3.965796555724386274e-01,-2.817629863916117083e-02,2.883900766316516706e-01,-3.763491136489233863e-02,2.140743452498437560e-01,-1.270386171751762550e-02,3.549213969329911844e-02,2.422439543557949049e-01,3.808411471226180178e-01,-3.421844742934634920e-01,2.028900805218310788e-01,4.123099201874826369e-01,6.170787478917565405e-01,-2.912083342892139992e-01,3.759631763906791380e-02,8.061342817738958999e-02,7.978180832593219363e-02,-3.408016228068845299e-01,-1.198649435193173546e-01,-1.547319188470948070e-01,-1.722838196512563591e-01,-7.042377795966997533e-02,4.193515508221990623e-02,2.819933695271559793e-01,2.479813507526055782e-01,1.379274360608882290e-02,-8.078978424515983678e-03,4.728357732135868852e-01,5.312737410879240230e-01,8.216110772515378483e-03,9.086660336903498031e-04,2.137080783395211570e-01,5.701140150853765132e-01,-4.762404393231073341e-02,-2.400991789713853852e-01,-4.332754081574291538e-02,4.101513935644678921e-01,3.734193863935886259e-01,7.087676499847471445e-02,-4.499104818448282361e-02,2.907613006958073912e-02
5.318131143514016612e-01,3.700508964813342128e-01,-1.026887384257871016e-01,-1.438070423300043532e-01,-8.406849257363636918e-02,4.167099797875712525e-02,-6.288111785973593548e-02,-1.535073171822182343e-02,-4.170296623461117180e-02,-1.894424980892641941e-01,0.000000000000000000e+00,4.180357102299726568e-01,7.752748970828690078e-01,2.665813427058675855e-01,7.345598889276303001e-02,-1.016983566275098810e-01,6.249328034996921577e-01,3.658023972982523131e-01,3.444899046096233097e-01,4.488660143376942968e-01,-2.083405992872145729e-01,-1.563425183869493196e-01,-1.464882306336934281e-01,-5.580280237860409109e-02,-1.946720241143337360e-01,-1.257752360551107340e-01,-1.414929121080142349e-01,-1.083836832436745751e-01,5.702624745799195205e-01,3.003842403603113609e-01,-1.407872901560853207e-01,-5.801730868621446206e-03,1.897867045323679488e-02,1.852341755838879944e-01,-2.201669519187983981e-01,-4.432203875520079328e-01,-1.861728801499557551e-01,-3.463662953749407913e-01,-1.230730462295014649e-01,-2.928488523273847233e-01,5.585396974031924845e-03,-1.713905929109441409e-02,-3.408324545904386493e-01,-4.467469654927740397e-01,8.990300213109020389e-02,-3.518503625680825808e-03,-2.439817662228004891e-01,-3.712492682910051300e-01,-3.914499250834824889e-02,6.690940465733132871e-03,3.808380699748369069e-02,-6.447935598304090077e-02,4.455053059947595984e-02,-1.480558416126734333e-01,-2.867509649239164404e-01,-1.689348975194108760e-01,6.449303912637051051e-01,3.696836577057597273e-01,4.542001792237954638e-01,3.918206855868223148e-01,4.043342378949253413e-01,2.872012046261517293e-01,3.132468599259763398e-01,8.394325141710307081e-02,7.220230502756734559e-02,3.057950086100765311e-02,-1.488573800177805662e-01,-2.335399143837248725e-01,3.709831274590326133e-01,3.644859414236708006e-01,-1.284954197975994861e-01,-6.141283725464687787e-02,1.976564412327161957e-01,1.056903580458938147e-01,3.111439395595333793e-02,-8.865909226387669317e-02,-1.366602113771829274e-01,-2.607268742460380206e-01,-5.955638161734666536e-03,-4.004253968671139807e-01,1.539144199221974263e-01,7.625834037844736457e-02,-1.602556011495029908e-01,-2.095178491735823767e-01,8.928315122734742371e-02,-2.626386391564279332e-01,-2.478336614476696689e-02,-3.088860131274939191e-01,5.711691225697500957e-02,-3.448864473733408986e-01,-3.984657769241358172e-01,-2.851882942434768586e-01,-3.267491477680795620e-01,-3.803732176713778834e-01,1.033907652675587902e-01,1.316195029070930389e-01,9.759370606788947411e-02,-6.512348074025507694e-02,-4.351151285213151199e-01,-3.943102039516257484e-01,-1.184962043396712988e-01,-2.423735616905491053e-01,2.319475565429965705e-02,-1.753069776944362335e-01,-2.098223304679492085e-01,-2.378711689101153104e-01,-1.638107364686029466e-01,2.534170932371473256e-02,1.350855237077815962e-01,9.208631347012308233e-02,-1.362295217470105013e-01,-3.314424561872380548e-01,-3.061639607671566288e-01,-6.646896644020351685e-02,-1.714199527106270160e-01,1.199164687386214401e-01
-3.220359173606895942e-02,7.329315391654005474e-01,-1.664066985111828378e-01,3.396953120802834181e-01,-1.995414331212180814e-01,-2.402678195566127495e-01,-2.966413977891890069e-03,5.943920724106875886e-01,-3.636870885272929232e-01,-1.814951203472897900e-01,4.180357102299726568e-01,0.000000000000000000e+00,4.133862505004896604e-01,8.934606400366307266e-01,6.600057327455423339e-02,-1.394717062467422664e-01,6.662305711145997955e-02,6.458002769902138063e-01,3.958767918774435124e-01,6.444010597610226876e-01,-4.340105942857364618e-01,-3.984686549474407147e-01,2.119918132792060483e-01,5.533616932213235584e-01,-3.823030370735754357e-01,-4.259673999942450440e-01,-1.770807653222322142e-01,-5.267701100411366077e-01,2.511249638613453627e-01,6.237844714098653709e-01,-2.256471323817561547e-01,2.074025393595159972e-01,2.464651694200187607e-02,4.346333599077470966e-01,-3.618982916545419037e-01,-3.766539982279267229e-01,-5.019644054122656129e-01,-3.891268180735868443e-01,-4.043897986538669276e-01,-5.676753155904867842e-01,-3.465210829242489909e-01,-6.951372851674893216e-02,-2.882362071940603454e-01,-2.616789005783514144e-01,4.789097743224606657e-02,1.538225635648351186e-01,-1.492104294476733761e-01,-3.202347913136601165e-01,-1.697115082285285959e-01,1.774245970852814380e-01,-9.727257208429249125e-02,1.725874645660532836e-01,1.731044333513089284e-01,-1.918542585991711569e-01,-1.157136344395667538e-01,-2.903462165624041691e-01,1.856804484815805234e-01,7.032219424689253318e-01,5.457930215434731586e-02,2.356686045583338274e-01,4.708874186421256880e-01,5.917697090240486846e-01,3.259555400890472576e-01,6.105268665184979682e-01,-3.330320274038152395e-02,2.266239061142015232e-01,-5.433006430438229728e-01,-5.556515370590018321e-01,-5.142379777730182733e-02,8.956767915015537151e-02,-3.735376326233379451e-01,-9.347859935400820719e-02,-2.802760744436687546e-01,5.562288021103480723e-02,1.855959898749816317e-02,-1.519601768884580872e-01,-9.057870926546518486e-02,-1.659641174754665147e-02,1.527265235772298224e-01,-3.128689820184787918e-01,-1.011458916445047039e-03,3.840826029789070062e-01,-3.051431200294404955e-01,-4.211959230419664024e-01,2.317198145929778852e-01,8.142297243073659541e-02,-1.957528665142485025e-01,-5.267707576034414974e-01,2.930874239533996506e-01,-3.838664568788131559e-01,-1.020062224212545388e-01,-2.169348342536623897e-01,1.300266368043005716e-01,-4.205823414710389008e-01,2.221734969749408761e-01,1.592685623312696253e-01,1.785570032176099220e-01,-5.187637108126217506e-02,-4.467805211675351384e-01,-2.648085438263669267e-01,6.875329746314126633e-02,-4.555083728232032780e-01,-2.383109852715598054e-01,-4.687068216007516108e-01,4.133900884634998663e-02,-4.383302640856936438e-01,-2.464569235056310592e-01,-4.597105067302891257e-01,2.204027475003348391e-01,2.749053840735957710e-01,-5.501175722873191676e-02,-4.596984155657442006e-01,-3.068755122329580032e-01,2.082989258411850619e-02,3.993990575229890150e-02,1.922384161240481559e-01
4.166390745092092285e-01,3.134822890627988468e-01,-1.804849847095233231e-02,-1.133315316073073842e-01,5.658857748420540595e-02,9.554118042467424354e-02,2.449915040731169905e-02,-4.019495199877121464e-03,1.122688472644262914e-01,-9.271812609107474290e-02,7.752748970828690078e-01,4.133862505004896604e-01,0.000000000000000000e+00,4.160319425581774921e-01,9.814186502192726036e-02,3.704717755122937523e-02,4.269540361787916849e-01,2.171602134403425588e-01,3.177391508036432888e-01,4.004125996618010386e-01,-2.136795256958201883e-01,-1.269774813714445172e-01,-3.016336715942499053e-02,6.527085388622592965e-02,-5.829095996779087158e-02,-7.231925401587753488e-02,-5.820188367980146105e-02,-1.337418130528929827e-01,5.657381995389362261e-01,3.313020710866639296e-01,-6.681584437756037109e-02,2.716789596236176760e-02,1.180868674607416513e-01,2.344455314043245586e-01,-1.843143667638058036e-01,-3.709692657938830629e-01,-1.540630193999180109e-01,-2.726783922567417306e-01,-2.059428038519614534e-01,-2.101189852103747258e-01,-7.257075321769325404e-02,4.344217607824363281e-02,-3.742720064289176696e-01,-4.021818333168288295e-01,9.712320301220986329e-02,-3.251078757911108480e-02,-2.518842940474435577e-01,-3.944448976881756996e-01,-1.046874617185148681e-01,-9.423107495981546122e-02,-2.260522741228331578e-01,-2.261878844704928726e-01,-1.393789238772374928e-01,-2.098412160475856547e-01,-3.833973456130050916e-01,-2.715674294813372747e-01,4.591044776841677333e-01,2.803763127357878360e-01,3.984819929017870965e-01,3.961645517071822331e-01,2.659704319612697376e-01,3.735561143564560260e-01,1.862428085030092342e-02,9.339623143004861794e-02,1.070445503986491298e-01,1.966725970033265380e-01,-1.316523724688912766e-01,-2.293311934435149912e-01,2.853902871886978554e-01,3.596236344255940853e-01,-4.584236260525571816e-02,-6.065835597344378105e-02,1.245086424746409820e-01,4.272807214047334712e-02,8.603673431730067545e-02,1.016327610961086959e-02,-1.606611707190273020e-01,-1.708446459956985686e-01,-1.022076168070840292e-02,-3.192801003932181358e-01,1.216791460138324232e-01,4.503754882239319884e-02,-2.108602517710233826e-01,-2.193902612781970796e-01,8.442182083685170757e-02,-1.952652934887277036e-01,-7.835304745237307855e-02,-2.808326487354759204e-01,-2.590143807828796090e-03,-2.939331416492638738e-01,-3.778233203455449440e-01,-3.143889406831462119e-01,-3.072538425666425099e-01,-2.821056677104341048e-01,1.029184265849529406e-01,9.193601702964590561e-02,1.190442321092962524e-01,-3.733986552889261012e-02,-4.384347155833206444e-01,-3.358421136540623020e-01,-1.773949454130438197e-01,-2.352256936677272758e-01,-2.550581739432345937e-02,-9.962472163381921875e-02,-1.340903887770403813e-01,-2.291811224828035620e-01,-9.900745074064117024e-02,1.049368914273066944e-01,1.876214720122027779e-01,3.763363513835757401e-02,-1.442784267405805287e-01,-2.819430329863713558e-01,-3.641905474053009906e-01,7.971005547451290654e-03,-1.457026550232137230e-01,1.824750527704122882e-01
