0.000000000000000000e+00,3.015083904847477500e-02,-6.705233098616240894e-02,1.765738267792900384e-02,-2.811852309183692222e-01,-5.651411149000992729e-02,-9.554450374863070194e-03,1.585670885338834324e-01,-2.844896104269210579e-01,4.903798326055484880e-02,4.230962599047197181e-01,7.863446664866337310e-02,-1.135830566365132188e-01,2.742412224690525258e-01,-2.142690057642590296e-01,-2.244442798763676434e-03,3.776286285718871705e-01,-2.863516997610154324e-01,6.204820423594070711e-01,3.092452055394302457e-01,2.226311004979828478e-01,-1.899058081042976076e-01,-3.513995469616233991e-01,-2.212522904246699562e-01,-2.270333362909733865e-01,-2.154721716457381753e-01,-3.579049792496944576e-02,-2.626803778769066719e-02,4.101548779740191719e-01,-2.805359183293908987e-01,-1.490374462073451867e-01,-1.615462165823071949e-01,4.893877452441524611e-01,3.930217836167873569e-01,-1.324232308068580555e-01,-9.302575575824910403e-02,3.149222720961752930e-01,1.430255323544865065e-01,-2.264038690744412524e-02,-7.801605301983913221e-02,1.251451818382376749e-02,-3.374040415866946252e-01,-1.879646940987898251e-01,-1.049602763436991992e-01,-3.404075427048043334e-01,-3.369095701036831647e-01,1.074144703571245085e-01,3.324850868979571661e-02,-1.570246085976015060e-01,-3.125881156393965910e-01,-1.905695132904337008e-01,-1.090280166024289732e-01,1.139216352119383630e-01,-1.190820241824138218e-02,3.093574806308387048e-02,4.544550202553057638e-02,4.493273314971656385e-01,-1.731868264909413313e-01,-2.238532064792597698e-01,-3.434016642397780261e-01,-1.548463319179386836e-02,-8.195085855842125511e-02,6.839690503753495521e-02,-4.314203536630104724e-02,-2.056805660413803805e-01,1.236195949047462841e-02,-2.786595144614797959e-01,-4.027090873979196073e-01,5.518643215693287696e-02,-3.409697515223987785e-01,2.931453759744734877e-01,3.899650922091429384e-01,4.110494692007294337e-01,-1.062939053875876505e-01,1.472094177967109840e-01,-2.657523217207253402e-02,5.334198714094067206e-01,2.989452389850404401e-01,4.198548084254178359e-01,9.882994237384160052e-02,2.478438811217928417e-01,4.678861294342281929e-02,5.484001845531973063e-02,-2.380657328874296041e-01,1.152988037863694609e-01,3.091268516203844463e-01,-2.260373235279764803e-01,-3.092871282031980362e-01,-2.578924747051143940e-01,2.517065609418433006e-02,1.780672290196022023e-01,2.337721634279061461e-02,1.741709371400441617e-02,1.708813552151198234e-01,4.047596254896942414e-01,4.594946355160822726e-02,3.764843347013827612e-01,4.172290468246797057e-01,4.343185795065620525e-01,4.955440053891154717e-01,1.633946946888639451e-01,2.498885252380190491e-01,-7.908531971801160965e-02,-3.167080751581696774e-02,-1.210970082667178239e-02,1.765162630198413227e-02,3.124519151774099446e-02,1.546780577544533582e-02,3.150910806148675691e-01,5.403098882400369368e-02,6.041819666924740789e-02,3.016115465900593984e-01,1.421995223759892901e-01,-9.299643524668962935e-02,1.796352207282428393e-01,5.614497153103714666e-01
3.015083904847477500e-02,0.000000000000000000e+00,-1.754745141022350241e-01,1.553614823109881471e-01,-9.299601165026448457e-02,-3.083900393223881764e-01,-1.676234995054909638e-01,4.292340459857916235e-01,-5.704597911375890867e-02,-1.891172223613168113e-01,-1.941624866481281297e-01,7.381824761488988695e-01,-2.837551219377512646e-01,2.879428013438727896e-01,2.786645849677772332e-02,5.181755323845728400e-02,-3.692100266041147827e-01,3.623427960188616570e-01,4.924349950194707448e-01,5.908634246349828700e-01,5.187982491574985588e-02,1.949127043458417571e-02,-3.417424126540111740e-01,-1.663331566313589194e-01,-5.225541141006938561e-01,-4.795326424099165541e-01,-2.696514721642606638e-02,-1.307502681761122942e-01,-6.581464887956281484e-02,3.285394104922319536e-01,-3.440452577694397274e-01,-1.491319820534609819e-01,3.440319854903655661e-01,5.818191302888841010e-01,-1.496781190788923077e-01,4.919748793259949744e-03,-5.721257057756146125e-02,1.862048137996307751e-01,1.368049789892306078e-01,3.742407456526704035e-01,3.183064857300543782e-02,1.394902945389487892e-01,-3.386517558526353985e-04,2.080401936679780184e-01,-4.342715203235614913e-02,1.860895624208925847e-01,-1.192994947271326933e-01,2.834621310365069147e-01,-1.693118512785213303e-02,9.485956664793868121e-02,-1.304696784604157112e-01,3.695528317455941680e-01,-1.663285598895765383e-01,4.119415050004395784e-01,-2.764579375735293776e-01,6.112067383294657041e-01,-6.923580604968572472e-02,7.853160544530987108e-01,-2.655029792244895060e-04,3.580298487881636293e-01,-2.071195323731027105e-01,5.602091752482094567e-01,-3.861434568895011354e-01,6.052596197426725055e-01,-2.702340788989794351e-01,3.904911893703510439e-01,1.975595887705511311e-02,2.315657658433437072e-01,5.303068523792224820e-01,3.816743400966661759e-01,-3.745685163602165413e-01,2.206494700639543838e-01,-1.078939617266212042e-01,8.639661269235901497e-02,-1.549241344585327307e-01,-9.416346031482403234e-02,-1.508229451525152920e-01,2.640244054540459850e-01,-1.936146700604724213e-01,4.878551475628307710e-01,-4.665439051753842992e-01,5.355480070060677500e-01,2.259873157466093518e-01,3.099722561227397644e-01,-4.087377473507349257e-01,5.712258882218897993e-01,3.510184499438668837e-01,3.455091946964614635e-01,1.472973849328253482e-01,5.234630396593198398e-01,-1.157179723253688730e-01,7.709430695400903977e-01,1.744955486688643531e-01,7.738460344731417084e-01,-1.931792831032364266e-01,2.067452918813896066e-03,-2.642619339087778352e-01,-1.713336274285394423e-02,-4.541166403014544328e-01,4.076331318278595406e-01,3.353864802117167976e-01,8.154893265139419034e-01,9.933260843766655857e-02,6.861271346183567266e-01,-1.219931207638665083e-01,2.325650890042728902e-01,1.280761550074218658e-01,3.974148352357856906e-01,-1.274499360853101892e-01,1.843700180567553817e-02,-1.876167319998746086e-01,-9.286640498906723051e-02,7.605426616050166289e-02,2.256442255359248084e-01,-2.026268644220881668e-02,2.166060861877482438e-02
-6.705233098616240894e-02,-1.754745141022350241e-01,0.000000000000000000e+00,6.989841838580513889e-01,2.560976579585781399e-01,-2.002818436963450192e-03,8.837821762248889712e-01,3.508211375020978684e-01,4.286441757679548825e-01,2.257008005137746687e-01,3.811060957888983136e-01,2.034518566570819517e-02,5.392612682456429107e-01,3.196005874971435956e-02,4.400598659137222590e-01,1.728536071557940645e-01,-6.067992203219783887e-02,-3.659578879965388193e-02,2.281528439877649195e-01,1.998317832900852187e-01,2.379482906018155208e-01,3.059737016722259284e-01,8.214381567152521102e-01,8.705083081998651329e-01,1.869988512715955176e-01,2.568834896572819715e-01,-1.555316498699789995e-01,-1.889467400375020312e-01,2.257698043159670209e-01,4.833374663267303584e-02,6.215588645853316052e-01,7.386829983222732432e-01,-2.885433942198186164e-01,3.684851114441727721e-02,-3.044904496063168819e-01,-2.981437052745468733e-02,-3.476367071523320251e-02,-1.759286946050752365e-01,-1.114427600222117620e-02,-1.612981260527561189e-01,8.497688200261650782e-02,-5.219015864020788709e-02,-4.005577051677677303e-01,-3.359513235014574550e-01,-4.055967184033423267e-01,-3.531894670542879977e-01,-4.178286731883043004e-01,-2.790535876638634560e-01,-4.968517669015800609e-01,-3.079953167282183379e-01,-4.698518257348157645e-01,-3.233186823937864718e-01,-2.296273873881760352e-01,-8.230111723513723609e-02,-6.534481020546840935e-02,-1.175994552222536654e-01,-5.819366765657795204e-01,-2.594957786229218355e-01,-4.665138974221476609e-01,-2.782186857630414845e-01,-5.552687304284448233e-01,-3.701767227282051209e-01,-5.579489407843427617e-01,-3.394820737503789765e-01,-2.932692511625912823e-01,-1.365618238389916528e-01,-4.107996966475384593e-01,-3.608476848907631318e-01,-3.719286968864726761e-01,-1.946048911878741350e-01,5.377829128196416342e-01,4.312170382193768470e-01,3.816528758701582813e-01,-1.756255280437379537e-02,2.382636934240429383e-01,7.827828938232826717e-02,-1.522690930524788488e-01,-1.682857632066970255e-01,-2.100117314669950053e-01,-8.744708287134697611e-02,-2.172929574178455170e-01,-2.461774145545911896e-01,3.640658553947024867e-01,1.543803408608178385e-02,-2.489807347371179869e-01,-1.626884212928399187e-01,2.479653610229897165e-01,-6.201162384864353228e-02,-1.714497709378567658e-01,-8.716036032561880198e-02,-1.329620163603764949e-01,-5.168226068661482125e-02,-2.122669585234377154e-01,-1.014197235387305218e-01,-1.143810741128380853e-01,-1.848281584895307694e-01,-2.354245700739969749e-01,-3.273863260252481977e-01,-2.302505766532292053e-01,-1.328560893777489815e-01,-3.078147911768094325e-01,-2.242337747393856606e-01,-8.741806176879240997e-02,-2.626768772560346688e-01,8.058875825754042987e-02,1.964100469181507547e-01,-1.350701451186361313e-01,-1.242369586761526701e-01,-1.358453006658633389e-01,-1.801692518627023565e-01,-1.600657383150907651e-02,-3.405377346713469588e-01,-2.519407010403402342e-02,1.344312481524757019e-01,-1.015578841471381222e-01,-3.186330249485785221e-02
1.765738267792900384e-02,1.553614823109881471e-01,6.989841838580513889e-01,0.000000000000000000e+00,2.343689719938174543e-01,9.364033447233548191e-02,5.049374420392143126e-01,8.221754603173816456e-01,3.430129880503678952e-01,3.035636704265179953e-01,1.077193708298427172e-01,3.159899980226122396e-01,1.181216557105208564e-01,4.526311342354873979e-01,4.427703146345746132e-01,3.795071296511021153e-01,-1.711878512558512588e-01,-2.014273375749725814e-01,5.161141089712150132e-01,6.092097992811352780e-01,4.555278459553275261e-01,5.071345976714118908e-01,5.952025678334608161e-01,7.404401117652122943e-01,1.279618615001944792e-01,1.062669699401604106e-01,5.425829531599421496e-02,-9.303140128320756472e-03,1.608289916683791343e-01,1.652141098339842407e-01,6.612357810637099487e-01,7.593831129605365104e-01,-7.774687006619808438e-02,3.155868219541933528e-01,-4.939191947233421698e-01,-1.225814477286671644e-01,-1.528783879016709646e-01,-8.907415024321151120e-02,2.966692435531073646e-01,2.050968305490286359e-01,2.723779439080993847e-01,6.780055596027213805e-02,-5.056805470562631966e-01,-4.817699294393845699e-01,-4.529594466606911007e-01,-4.736903044246503769e-01,-5.728663923864080187e-01,-3.733889022049244333e-01,-5.579532891993630450e-01,-4.829573034061502290e-01,-6.105213955808191928e-01,-3.372023525645778119e-01,-4.637528636419678829e-01,1.258492097948919926e-02,-3.476624249157992397e-01,1.379848139260081152e-01,-5.475279144061401260e-01,-5.702562789618963873e-02,-4.897662586696630016e-01,-2.917007034201914428e-01,-6.292750612654357534e-01,-1.740133518878856922e-01,-5.701786724601640710e-01,-2.046396445126306418e-01,-4.179897585679887562e-01,-9.897950897362714495e-02,-4.748548328892837067e-01,-3.523554523231834379e-01,-1.155938321295394144e-01,7.586956134547591379e-02,5.696308772826176314e-01,4.813088496735811184e-01,1.817941053979369448e-01,-1.270866601897945904e-02,2.942405423571011203e-01,-1.481770025038161021e-01,-1.704850662545446260e-01,-2.405429539224442637e-01,-2.512552625222579938e-01,-1.035475360659743188e-01,-3.606468072463949737e-01,-2.312628846854785369e-01,4.542231139302410070e-01,2.549922447934309666e-01,-4.497693664381863798e-01,7.104165912068415023e-02,4.408343921079606598e-01,2.663638029951143071e-01,8.130283132440510596e-02,1.949465814278589504e-01,-2.888995862445004614e-01,2.849824175150902361e-01,-3.155519679691022317e-01,1.817819990434869915e-01,-1.158893626820059614e-01,-1.742141871158941202e-01,-3.118649342402494140e-01,-2.983386120056070179e-01,-4.499220590428219535e-01,1.436093086680545645e-02,-2.357288430141824542e-01,2.023735064820103846e-01,-2.411777517270007609e-01,9.724668084255444489e-02,-3.319575411884519850e-02,3.201288559627368802e-01,-1.893532618312293858e-01,6.487684840330724956e-02,-1.192275186326100661e-01,-2.323711688729015734e-01,-2.154589025186428308e-01,-3.141974811569953063e-01,-3.577730988270265856e-03,3.333652034001660103e-01,-5.518048842899869744e-02,3.920759971583882841e-02
-2.811852309183692222e-01,-9.299601165026448457e-02,2.560976579585781399e-01,2.343689719938174543e-01,0.000000000000000000e+00,7.034842073093547921e-01,2.444514560134020964e-01,1.928669470229909255e-01,7.303347473461277994e-01,5.549785561844849946e-01,5.903904458221709284e-02,2.007293062952811014e-01,3.541595188125741256e-01,3.522145047971818599e-01,6.658418487133188624e-01,6.209327748077798637e-01,-1.213600177289995800e-02,2.341791024590103298e-01,-1.734497045563616058e-01,-5.256742502747496076e-02,3.630676001910521089e-01,6.052039737140986198e-01,2.660498979721541701e-01,3.346136019612173662e-01,7.016027879892102748e-01,7.067549702589183136e-01,5.697451599085836538e-01,5.527018683717069836e-01,2.647827470636859859e-02,3.547774336498611403e-01,2.291303724753574744e-01,3.361369215813416744e-01,-5.874357037340106613e-01,-4.422645312083787750e-01,-3.284017649913563708e-01,-3.245428414348837665e-01,-5.746495808550405870e-01,-4.824860392928072006e-01,-4.491728858039652911e-02,8.660020690825075140e-02,2.243769047739606892e-01,1.829417012467538517e-01,-1.350556672672590941e-01,-3.521364449163187915e-01,-3.124113952942033159e-02,-1.875835209755276345e-01,-5.499820726949925520e-01,-5.231374770808272512e-01,-2.857855645062681860e-01,-2.957121209469531498e-01,-2.359131675171779463e-01,-4.335233521244978294e-01,-5.045173472449941965e-01,-1.114372101698443973e-01,-3.112202834111911787e-01,-2.149582949636149598e-01,-1.720963672863167759e-01,-1.327957621335129901e-01,-1.325466992884503925e-01,-1.622183125332182507e-01,-8.706061240564981485e-02,-3.076178525991761781e-01,9.331698275509446583e-02,-2.866142815839423097e-01,-1.654861668739478556e-02,-4.967649781580801283e-01,-1.557937340921343727e-01,-2.460152331393873348e-01,-1.899594247065406194e-01,1.068608438297125734e-01,9.423213345463758717e-02,5.979175263256691214e-02,3.898099578245380753e-02,1.489553371998662556e-01,2.887042616936083550e-01,1.871219437701977517e-01,-3.387820284925409653e-01,-4.848696951225995866e-01,-3.589480296350677779e-02,1.594206677596060606e-01,1.055648854594285202e-01,-2.357976629766022347e-01,2.246394292967615058e-01,4.937982384233486344e-01,-6.127931562319319930e-02,-3.012533021498003394e-01,3.374140425354911765e-01,4.466095145406985822e-01,1.884669334835262500e-01,1.990917044318592788e-01,-3.991958551263548594e-01,-8.863921539583979881e-02,-1.651495119805275191e-01,-1.928015762078507667e-01,-2.891669492969485833e-01,-3.293498858102839044e-01,-4.898604269466619865e-01,-5.869967502421220562e-01,-3.744423714295737060e-01,-5.654394073808316490e-01,-2.847471463297560623e-01,-5.138343140216058980e-02,-6.273992286052808287e-02,8.849166499758386040e-03,-1.421098719639899699e-01,-1.121802534962355186e-01,-2.086573559827460123e-01,1.228508844386466126e-01,-2.987942178678246741e-01,-3.808745347923904179e-01,-3.000023083050977757e-01,-3.634206259830295438e-01,-2.363737468007728049e-01,-7.050379301634206175e-02,-4.006444325533318196e-01,-3.723686153045915881e-01
-5.651411149000992729e-02,-3.083900393223881764e-01,-2.002818436963450192e-03,9.364033447233548191e-02,7.034842073093547921e-01,0.000000000000000000e+00,6.135477877686480036e-02,1.406666749288536522e-01,5.674584061378514788e-01,7.097890630289352965e-01,1.289444884453315177e-01,4.307021714380368516e-02,2.387748995008888986e-01,3.974060990456078635e-01,4.074639587143679686e-01,5.678935629846998401e-01,2.524875534312512326e-01,5.487707260719482810e-02,-1.938849263161215863e-01,-2.800912413122720879e-01,3.333913471855617372e-01,5.248534186501222498e-01,7.228840939476183225e-02,2.241429428907023291e-01,7.354076242351691439e-01,7.420812330713514315e-01,5.056165476677292325e-01,6.949172238193150886e-01,4.429307125440343218e-02,2.408194712675078841e-01,2.910818415138838877e-01,2.687257877053563782e-01,-3.921255223432462689e-01,-3.430649198583904935e-01,-1.273194338677133830e-01,-1.405943693876653411e-01,-3.607035390150020726e-01,-3.173633244491006478e-01,-5.264995391967960264e-02,3.056699955117481507e-02,-1.237921645941308935e-02,-1.957203480993823137e-03,-1.127166914124550223e-01,-3.971485253370066748e-01,-1.593247392275140908e-02,-3.272304343136790972e-01,-3.590310888343278828e-01,-5.072802760895545049e-01,-1.610172263097422174e-01,-2.647678902773047960e-01,-4.336066252487200123e-02,-4.485487152212887518e-01,-2.555574825142948314e-01,-2.608742879591208208e-01,-3.289283486217836616e-02,-2.288451767285948901e-01,6.061646170107533316e-02,-2.973849569981169561e-01,-1.109705651438876450e-01,-2.910365555484800137e-01,8.536284472465238693e-02,-2.302911103060468201e-01,3.730607782257512328e-01,-2.114312163633441100e-01,1.824103848717301968e-01,-4.296059047703893463e-01,-3.538912381087031683e-02,-2.235311593460772295e-01,-2.336051051414496371e-01,2.492032750372899855e-02,2.969684912787523001e-01,2.913118173877329506e-02,-6.200896022539741093e-02,2.512784365398769149e-01,2.232958884957764734e-01,2.098894899738231457e-01,4.708338979411264003e-02,-3.026172806808595794e-01,1.832524952793642137e-01,4.953294007146650385e-02,3.775224748625050086e-01,-1.371376733616403443e-01,-1.627561426996195215e-01,1.924863553664676319e-01,3.115072176817643701e-01,-2.343961601618859969e-01,1.161147081262888826e-02,2.416080877871966681e-01,3.038182001441365188e-01,4.226086998016186785e-02,-6.419531836010662629e-02,-2.632069185887446205e-01,-2.329103075269741974e-01,-3.551734026546707335e-01,1.363780877773390632e-01,-1.201213256416721470e-01,-2.553137494036497937e-02,-1.909551865773115031e-01,1.171119291214490349e-01,-3.697077110146614332e-01,-1.963087919935785630e-01,-1.782492155718774784e-01,-1.935964305701543377e-03,-1.461303391048724143e-01,4.933914438381681311e-02,-1.130289205766484145e-01,3.604155855121352753e-02,-2.878098943189041914e-02,-3.646689360368452620e-02,-9.956594957348510744e-02,-7.603997632055123877e-03,-3.165544210491569310e-02,2.382955103751896800e-02,6.667942801087178850e-02,-7.460642414608491257e-02,-1.032992760126724002e-01
-9.554450374863070194e-03,-1.676234995054909638e-01,8.837821762248889712e-01,5.049374420392143126e-01,2.444514560134020964e-01,6.135477877686480036e-02,0.000000000000000000e+00,2.474733094239774667e-01,5.174732768434082697e-01,1.933005145916986411e-01,6.433744104995359203e-01,3.576169830954368384e-02,8.068835687410753632e-01,-1.802447541179076629e-02,5.314561258228506224e-01,1.092477271781765735e-01,1.729186715227149507e-01,1.209535951993809672e-01,1.124205920100087158e-01,1.138310831450118632e-01,1.652247242887490697e-01,1.967984782274266875e-01,7.569332529584189562e-01,6.784639954672884166e-01,1.802140229397027615e-01,2.010824447145524996e-01,-1.837022238586781264e-01,-2.000279617020006562e-01,3.790861961335436625e-01,1.298774774945865573e-01,5.482384184333208843e-01,5.341106042474024207e-01,-3.294954289528827518e-01,-4.403204600158608373e-02,-3.162416883379410848e-01,-1.016721502363652080e-01,-7.467142425448969334e-02,-3.031877066849597568e-01,-2.433979128700852479e-01,-3.570883598848841878e-01,-3.706884826899146945e-02,-2.106241989475710619e-01,-3.953708004418380884e-01,-3.113717958327188451e-01,-4.290287611011407432e-01,-3.523598388945901605e-01,-3.962478302495429094e-01,-2.862754731844003309e-01,-5.020902388164047991e-01,-2.707077398186072958e-01,-4.736918352275172883e-01,-3.658934265756101367e-01,-2.320920689410637949e-01,-1.941661365934631844e-01,-7.438062065690631552e-02,-1.899873998420210097e-01,-5.151731549105201813e-01,-1.380599448015949471e-01,-4.421668089508929977e-01,-1.165912302149888502e-01,-4.772237526526876272e-01,-1.800050765590965329e-01,-4.722205210840244582e-01,-1.048985311442290208e-01,-2.899228072637844988e-01,2.174023906343216378e-03,-3.510290485801939586e-01,-3.124837574189423539e-01,-4.801820536353522684e-01,-9.212858726230772899e-02,5.174031947943792398e-01,2.702499901420248873e-01,4.795150300966508627e-01,2.185732951629112616e-02,2.396822605957752150e-01,1.480954291669480671e-01,-1.312932983756904537e-01,-1.405182998115209192e-01,-7.949352248887053829e-02,-5.330018028648157713e-02,-1.026924227844594611e-01,-1.240148868000654769e-01,2.822584418139423845e-01,-9.509297802540880862e-02,-1.763455440437418920e-01,-2.419176565713541116e-01,1.096547310147316517e-01,-2.337621443056817905e-01,-1.954345809844200421e-01,-2.632138697893031121e-01,-7.564990231418812494e-02,-8.389105342305173962e-02,-2.252667306768407485e-01,-1.879884671392867967e-01,-5.175157265201543039e-02,-2.119407010924780066e-01,-1.652151041945707499e-01,-2.579644891507493210e-01,-1.354323240304318721e-01,-1.166108349469763411e-01,-3.344864648906498705e-01,-2.364956616509776566e-01,-2.576508244122191135e-02,-2.498597843834397814e-01,6.322235408420914804e-02,9.266333018788303066e-02,-5.775855575024433503e-02,-1.422632562524236699e-01,-1.480853220863964370e-01,-1.187162214805432825e-01,9.417814351524346483e-02,-3.072023876648475871e-01,-6.328693988654755798e-02,8.155131420291119107e-03,-1.441562750380767366e-01,-7.691115176917064089e-02
1.585670885338834324e-01,4.292340459857916235e-01,3.508211375020978684e-01,8.221754603173816456e-01,1.928669470229909255e-01,1.406666749288536522e-01,2.474733094239774667e-01,0.000000000000000000e+00,1.659878831289628986e-01,2.423822807669772927e-01,7.451479324165059814e-02,6.631301130662649035e-01,-4.855526689928924694e-02,7.351698166167691673e-01,3.253491084419812274e-01,3.402320789194741568e-01,-2.264530440688224122e-01,-1.332584639323403930e-01,6.216453559328918299e-01,6.594479142417358775e-01,4.577133512996952036e-01,5.008997149733855903e-01,2.523149833275514231e-01,3.978716588031026569e-01,-1.116410581223019755e-01,-1.455939539719504905e-01,1.643272635790778702e-01,1.382948702490894299e-01,2.002478373252100929e-01,2.217492949260586321e-01,3.933931285303204350e-01,4.874209140580992861e-01,1.092832719144250786e-01,4.371768998744518520e-01,-5.668196292544959158e-01,-2.961564696099541205e-01,-2.407552988705746744e-01,-6.551380051333692556e-02,2.886561329954334121e-01,3.840398714366077271e-01,2.279932111711331089e-01,6.867926229888815515e-02,-5.208480803466198905e-01,-4.714514579862121302e-01,-3.592856776794892681e-01,-4.143680201786075767e-01,-5.852928905769591017e-01,-3.829114953772689844e-01,-4.342841653653719547e-01,-4.538386300478235991e-01,-6.008389706622569992e-01,-2.902681241702497195e-01,-5.435348567220530391e-01,2.402224184409444685e-02,-5.590276929476027945e-01,2.288894512414880456e-01,-3.856737572769184386e-01,1.373999728138023679e-01,-3.315571818122789449e-01,-1.855064738996021201e-01,-4.840375517488985646e-01,5.335523040984585519e-02,-4.951407950818380588e-01,5.301126853334418160e-02,-4.608521812341611068e-01,-3.272549337994657553e-02,-4.142914235488786567e-01,-3.411723390576923975e-01,4.737678077099054252e-02,1.013745930646640647e-01,4.047726004788499421e-01,5.106573818118680386e-01,1.058478986123052301e-01,7.464301378715194890e-02,2.378790923779769417e-01,-1.802816775888051171e-01,-1.705110271592950311e-01,-1.682063829541528555e-01,-9.634841151668319115e-02,-1.113695333083948580e-02,-3.644328120113358160e-01,-2.598275984535389910e-02,3.569728768066082192e-01,3.049446385688153738e-01,-4.811345026192889174e-01,2.562486793989176559e-01,3.725438003082289784e-01,3.957906046641068709e-01,5.604519063606088619e-02,3.919594043222757729e-01,-3.912466808440672184e-01,4.791453639357737826e-01,-1.772889879552191905e-01,4.039276275967640939e-01,-2.031578381967528435e-01,-2.823511908370737178e-01,-3.804732497165561056e-01,-2.386782025387060580e-01,-5.121609883635191984e-01,1.002339194270294997e-01,-1.208355055258404781e-01,4.657785013638107152e-01,-3.486424387790481583e-01,3.011338754609051427e-01,-1.823525359727139472e-01,2.419849485405965728e-01,-1.585659125238548517e-01,1.059818769129703825e-01,-1.856235326354369330e-01,-3.440713194740085967e-01,-4.010092639693956240e-01,-3.348499128704353622e-01,-9.081886068095307296e-02,1.981880902279904155e-01,-2.174654927092904699e-01,9.133654806334323695e-02
-2.844896104269210579e-01,-5.704597911375890867e-02,4.286441757679548825e-01,3.430129880503678952e-01,7.303347473461277994e-01,5.674584061378514788e-01,5.174732768434082697e-01,1.659878831289628986e-01,0.000000000000000000e+00,6.403976130499087205e-01,2.397488602243293965e-01,1.414810420131017987e-01,5.897557036917292494e-01,2.076443659358142291e-01,8.409821552403154987e-01,6.397583088259859441e-01,6.468002195707334145e-02,3.505169664845234068e-01,-1.830528743311753415e-01,-3.242681887622569231e-02,3.840603392179570141e-01,5.991931125319903684e-01,4.427691908953916844e-01,5.053040838770340715e-01,6.234096805080741044e-01,6.846841811113236753e-01,1.647993082095747519e-01,1.971093051688187492e-01,5.029239390557652123e-02,4.515943126627990911e-01,3.830688174203701335e-01,4.435692176241936568e-01,-4.593208921958824575e-01,-1.743074869761066514e-01,-8.542718091328931063e-02,4.851905418943360665e-02,-3.442640439473814706e-01,-3.540566153952107165e-01,-1.150048269773480819e-01,-1.165940658316322737e-01,1.587779513996291081e-01,-6.414346578002291799e-02,-1.947244776384983445e-01,-2.396040935582512688e-01,-6.012882903251396544e-02,-1.084398339399153255e-01,-5.253683127513280038e-01,-3.684649299958102087e-01,-2.521639673111005231e-01,-9.700120926906428964e-02,-1.882211314625062137e-01,-2.652266243656685729e-01,-4.412509124362564150e-01,-2.137712882469620101e-01,-1.249917592130564969e-01,-1.354098634347057073e-01,-1.661216874983123815e-01,1.065900732962898612e-01,-8.358403556016451297e-02,1.350531072270974575e-01,-4.497712306154610234e-02,1.424729056969845434e-02,-3.371878895410257426e-02,7.351907439229668668e-03,1.239028335168424616e-01,-9.170941354268316581e-02,5.616636233665978778e-02,4.318761950571128883e-02,-1.874965821190399118e-01,2.255045109526280511e-01,2.346138266084184243e-01,1.137345608629626997e-01,5.778155188312678048e-02,1.326608363187488371e-01,2.927765821533145907e-01,2.672128204923251427e-01,-1.793458835690982800e-01,-2.574380814855993793e-01,-2.146102069697054249e-01,1.861020564789994391e-01,-7.972682231507724482e-02,-1.063295045193006771e-01,1.127393255328531380e-01,2.663170362487439213e-01,-5.020079354951518386e-02,-2.342830066530516842e-01,4.198026096100174187e-01,2.135291883143450586e-01,2.616049249606089977e-01,2.740369159741576355e-02,-2.478771294269946079e-01,-3.447328777513350428e-02,-4.585265864428845206e-01,-2.358872175049221420e-01,-1.416326093670269015e-01,-2.275585774406753414e-01,-3.064129826021372294e-01,-4.127986080244309131e-01,-3.026828423021635794e-01,-2.482826986651602008e-01,-3.761613504583129486e-01,-3.314230217513572385e-02,1.361625689009061391e-01,4.100720542798320239e-02,6.589177063353114649e-02,1.406844237498236228e-01,2.050408989650569572e-02,6.053269330369163287e-02,-1.063124740474948038e-01,-9.403259476634048819e-02,2.337114219558163522e-02,-4.077855927857351737e-01,5.417368109290445627e-02,1.687645507777543741e-01,-6.152652864141743699e-02,-2.289444497454960481e-01
4.903798326055484880e-02,-1.891172223613168113e-01,2.257008005137746687e-01,3.035636704265179953e-01,5.549785561844849946e-01,7.097890630289352965e-01,1.933005145916986411e-01,2.423822807669772927e-01,6.403976130499087205e-01,0.000000000000000000e+00,2.664565865455685856e-01,1.182397926411191680e-01,2.232419921220913650e-01,5.584620120680576782e-01,4.836707115855027328e-01,7.725449682595069145e-01,1.649225713782950797e-01,-5.162963087084567609e-02,-1.321100602708371458e-02,-1.511800831869691553e-01,5.021377694375851464e-01,5.846912499191463386e-01,1.659459495827457498e-01,4.388234845251364757e-01,6.018450561264490073e-01,6.406818439203467719e-01,1.425480904667216497e-01,3.557963097044515854e-01,1.761375960409919672e-01,2.691102214500596945e-01,3.028184922906354548e-01,3.753468269138319213e-01,-3.203534635618616733e-01,-1.032223729327123724e-01,-1.539707071042081543e-01,-7.105366010040491120e-02,-3.845193087107189323e-01,-3.060226405196181942e-01,-5.197485184095244903e-02,-1.133327195559315432e-03,-1.620835537815421001e-02,-1.603177746930559422e-01,-3.662347488327044043e-01,-4.775081794660947510e-01,-6.111405317039239615e-02,-2.876976293179788757e-01,-5.363621451122003725e-01,-5.574973295264513684e-01,-2.054058144488570825e-01,-1.956465284796819193e-01,-2.002081327481345929e-01,-3.192845350618173650e-01,-4.236603336573041556e-01,-2.900464269517719074e-01,-1.346850139425972148e-01,-2.850361968793992951e-01,-3.070185177853392358e-02,-3.189497092961678382e-01,-2.757978755701574469e-01,-3.601890210628810873e-01,-8.889548282921710953e-02,-2.197396918972678581e-01,1.454920315250824575e-02,-2.234776004435189978e-01,6.078377420225892364e-02,-2.264808462732601224e-01,-1.550114394043225485e-01,-3.262247727234230399e-01,-2.390664746139181118e-01,-1.975331916244870700e-01,3.714537761385099390e-01,3.046706223639737976e-01,6.864644956336121706e-02,2.094260283832126146e-01,2.852633075012287467e-01,3.453607858550345466e-01,5.314263890669260193e-02,-3.104148182624918428e-01,1.264448984006424914e-01,1.079192375143498694e-01,2.657132336534542838e-01,-2.514048597110563610e-01,6.501378173324239007e-02,2.651433397255775204e-01,1.197086899928152259e-01,-5.410486889907832608e-02,6.868795758006343566e-02,2.423829823235872927e-01,6.234727912174377329e-02,1.247419438183348245e-01,-2.917746378967604470e-01,-2.426139269709408075e-01,-4.544171167763266239e-01,-2.955552037991560632e-01,9.969532289689005122e-02,-2.298962861753424958e-01,-8.620718947104152874e-02,-2.178782169444441197e-01,-1.494668625208731179e-02,-1.464937820716875339e-01,-3.779583390741156346e-01,-3.727541603858009617e-02,-1.655239054688507072e-01,-1.495163763950061175e-01,3.716759976737767091e-02,3.675464799273112093e-02,-1.815550511456940352e-01,-2.037110099967045229e-01,1.027771887511747945e-01,-1.647205970265106234e-01,-1.367054844056286855e-01,-1.143198802927202634e-01,-3.650328601610046408e-02,1.077913978356101476e-01,8.668849030453047375e-03,7.792815211794369701e-02
4.230962599047197181e-01,-1.941624866481281297e-01,3.811060957888983136e-01,1.077193708298427172e-01,5.903904458221709284e-02,1.289444884453315177e-01,6.433744104995359203e-01,7.451479324165059814e-02,2.397488602243293965e-01,2.664565865455685856e-01,0.000000000000000000e+00,6.027946780633921392e-02,7.465171849349323541e-01,1.923091363593460168e-01,3.152050362774825309e-01,1.183518421169511142e-01,5.563773228015284067e-01,-6.979357510499474559e-02,8.119862783345099810e-02,-6.764041473036480623e-02,2.295460217919217394e-01,-3.420097468837395016e-02,2.947530616916689827e-01,2.022557186124479267e-01,1.489294825085495100e-01,9.993154395437722770e-02,-1.756094253318795095e-01,-9.357475039815421614e-02,5.798080627848161139e-01,1.254886378550268584e-02,3.601408261634705399e-01,1.891616388670147586e-01,-1.629491681992363827e-01,-8.305413137307458837e-02,-2.782519304895305079e-01,-2.629459249662889908e-01,-1.602836665765096369e-01,-3.426225436474367170e-01,-5.210254531239930653e-01,-5.054325705888845777e-01,-2.918491652523600988e-01,-5.231861037068509246e-01,-4.389781505962621622e-01,-3.204746262838369386e-01,-3.043203421039543666e-01,-3.141803851733980246e-01,-3.237518830169723860e-01,-3.926451957832521322e-01,-2.881712036274071687e-01,-1.871804903708974011e-01,-3.186687976513378762e-01,-2.927577921469960431e-01,-1.866882820992426806e-01,-3.682544499240730795e-01,-7.536362758596955314e-02,-4.034870782853942628e-01,-1.091114968724866963e-01,-2.291917835461259323e-01,-4.028578913129960970e-01,-1.772746917033124481e-01,-2.296831847422592110e-01,-8.889458166527640370e-02,-1.258151189181543617e-01,-2.042270167366656841e-02,-2.227873206903087100e-01,5.458584423938391689e-02,-3.229058257958706268e-01,-4.007632601919250415e-01,-5.102460451080227388e-01,-2.597290232363624884e-01,4.291541125374034871e-01,2.004627268390101191e-01,5.713410904397976386e-01,9.108520514317321182e-02,2.005783429400133655e-01,2.727706524581295922e-01,1.496342567707323601e-01,-9.741395725573598341e-02,2.301181073878218741e-01,-1.486224344608146897e-01,3.760549847016751435e-01,-1.171212069293190161e-01,1.459636271022511367e-01,-2.660564506436886023e-01,1.515623964572032634e-01,-1.374802921267189726e-01,-3.102184964068784301e-01,-4.167223101657852036e-01,-4.211610361430179195e-01,-3.431048435844652467e-01,-2.611783516613347400e-02,-2.539687759586872762e-01,-2.445722143774873014e-01,-3.164855364433582507e-01,2.149542817173192844e-01,-3.011518227397574909e-01,9.259474416220632442e-02,-3.303084750626492788e-02,2.268484299146101557e-01,-3.762585513231022499e-03,-3.616505393524858669e-01,-2.231000810501745923e-01,-1.959639610008553634e-01,-3.650491788046350550e-01,1.087641641249705027e-01,-8.106315532255337075e-02,-6.896680141637792638e-02,-4.343504120385787148e-01,9.931111695200046940e-02,-4.741883197462239824e-02,2.668602173151157428e-02,-4.286331679200383604e-02,-1.239314210225732488e-01,-2.446874457796024693e-01,-8.924045591594410853e-02,1.359091441845190762e-01
7.863446664866337310e-02,7.381824761488988695e-01,2.034518566570819517e-02,3.159899980226122396e-01,2.007293062952811014e-01,4.307021714380368516e-02,3.576169830954368384e-02,6.631301130662649035e-01,1.414810420131017987e-01,1.182397926411191680e-01,6.027946780633921392e-02,0.000000000000000000e+00,-4.566927278308188093e-02,6.827331992842038400e-01,2.204432563757223740e-01,2.943810808289882286e-01,-3.032821005094696321e-01,3.945806651248293107e-01,3.982142055718809193e-01,4.586326007611419286e-01,3.298564534059005848e-01,3.324367560618057826e-01,-1.075242390361563771e-01,4.708231734196283852e-02,-2.687198115024898026e-01,-2.056182144268371426e-01,1.557975850985017230e-01,1.452750746755139821e-01,9.045080549260552105e-02,5.291376653034675082e-01,-6.719910888639682445e-02,1.148418551229000995e-01,1.489298366141006136e-01,4.351643661773217375e-01,-3.233347690164772303e-01,-1.809413307332755072e-01,-2.410980190754675734e-01,8.227252620118545925e-03,5.141435099527363883e-02,3.775629201874511898e-01,-9.929083882077723369e-03,1.075706086908574249e-01,-3.002074351925144158e-01,-1.765342227329805003e-01,-1.568247189713701806e-01,-7.843467300878852189e-02,-4.625968256234667120e-01,-1.359767903335387385e-01,-1.641014448379978785e-01,-9.298762801682007584e-02,-2.850230213549963532e-01,4.582016134267413027e-02,-3.569458906343245252e-01,2.282719801632727696e-01,-4.248793157558788391e-01,3.464925515748178420e-01,-9.727848777254305412e-02,5.431840286291101938e-01,-1.526610501313072077e-02,2.210113811145972551e-01,-1.892292138643675570e-01,3.427558771375823210e-01,-3.385546568001315260e-01,4.425189589440632343e-01,-3.062748471133425188e-01,1.108941441971790925e-01,-6.693737866024150607e-02,-4.422012714049081833e-02,3.334837104335758307e-01,2.528940944264517210e-01,-6.962287096349882576e-02,4.233188393322898091e-01,-7.466903927734550028e-02,3.522332014701277658e-01,4.621623515447773056e-02,7.382632862644306071e-02,-1.983109043838426344e-01,9.708936574624041360e-02,-1.030794785442240846e-01,2.822171890404506778e-01,-3.337706453641466342e-01,3.620388564244734209e-01,2.072207592757984718e-01,3.955488480690586561e-01,-3.189838627241302071e-01,4.152725749848025782e-01,2.939040542992790161e-01,4.292326869675754386e-01,5.999443524063141631e-02,5.450228531729177650e-01,-2.520193585559794558e-01,6.215493449622229161e-01,9.627727645597504436e-02,5.509472300108226861e-01,-2.692915554277325874e-01,-2.795371770810575196e-01,-4.261254913394828536e-01,-2.208415431672750284e-01,-4.897271889854653004e-01,1.620280351624489301e-01,1.069274960977954908e-01,6.373386505312103045e-01,-6.486389621507926417e-02,5.099652830709336948e-01,-9.479638619633705410e-02,1.874996923681620520e-01,-2.982426075136588098e-02,1.101724335567406954e-01,-1.837865315203902616e-01,-1.781616774514714341e-01,-3.647921426338676110e-01,-3.899854032517253710e-01,1.727579284125597969e-02,4.234466325958224225e-02,-2.205462269684232979e-01,-2.353937287196326139e-02
-1.135830566365132188e-01,-2.837551219377512646e-01,5.392612682456429107e-01,1.181216557105208564e-01,3.541595188125741256e-01,2.387748995008888986e-01,8.068835687410753632e-01,-4.855526689928924694e-02,5.897557036917292494e-01,2.232419921220913650e-01,7.465171849349323541e-01,-4.566927278308188093e-02,0.000000000000000000e+00,-5.872582813461571516e-02,6.161386164236989371e-01,1.267002120355819328e-01,3.096708556068137885e-01,1.916761694144392403e-01,-2.511705253212916378e-01,-2.030589303065168383e-01,1.302662594397648033e-01,1.683430413081767607e-01,5.939357256023037879e-01,3.912835992715136268e-01,3.704549864750095178e-01,3.395742538947493228e-01,-1.179606594722812374e-01,-5.267711280862022449e-02,2.854203519305335002e-01,1.705347258468746796e-01,4.327834249835373348e-01,3.133620640594998452e-01,-4.747965180473088243e-01,-3.690986751084656681e-01,-1.733695197174438263e-01,-1.865126772521006060e-01,-2.772721783316550170e-01,-4.492055322695931996e-01,-5.068976729791494495e-01,-5.181084120946769511e-01,-1.426505357409388886e-01,-3.192863073117206407e-01,-2.939651146295714779e-01,-2.509567620980906466e-01,-2.044439942887139594e-01,-2.070158210491538087e-01,-3.681653327567231404e-01,-3.669274286494056403e-01,-3.387710172340148707e-01,-1.247237406653608494e-01,-2.890038252784799533e-01,-3.642335950567697767e-01,-2.476923133779143638e-01,-3.448951488860516057e-01,-1.665395161780388461e-02,-4.323916862086987778e-01,-3.254676156274193821e-01,-1.039361282156686661e-01,-2.594581421782731767e-01,5.089924046590257184e-02,-1.545199229055901069e-01,-8.087018218808704473e-02,-9.809521618706686097e-02,-1.018128266057108031e-02,-6.537159192427907661e-02,-1.824222688281734034e-02,-1.432685836696808990e-01,-1.686730386629189116e-01,-5.500543154906382126e-01,-1.949180845775599219e-02,3.662306020884306124e-01,5.407975720769720579e-03,4.024279603373703829e-01,1.426181246140488801e-01,2.600224063707480826e-01,3.454639312157480879e-01,-8.120889144128760895e-02,-2.131232085797405695e-01,-4.431954496798914261e-02,-9.433753580304994613e-02,2.026588684704955512e-01,-1.191353965057643099e-01,5.444698052386194587e-02,-1.907560377128325602e-01,1.039107028194728027e-01,-4.219992063636799906e-01,-7.990946792161934820e-02,-2.969919696565763156e-01,-1.826462479827584973e-01,-3.733386967724579009e-01,-7.812025504968299339e-02,-2.585891050311278083e-01,-1.974385969096402460e-01,-4.189384803865922047e-01,-1.277791620531337213e-01,-3.288913826930452422e-01,-1.790107748218621453e-01,-3.316704308740328622e-01,-5.404120547681405540e-02,-3.131875727671765142e-01,-4.083330534788309762e-01,-3.907278076462009642e-01,4.009162105851694913e-02,-3.014682423781609999e-01,5.701596242653472063e-02,-1.080919189440023020e-01,-8.069774054607600777e-02,-2.871228063491882976e-01,-1.395470595061626962e-01,-1.397712813288049249e-01,5.928379078098246213e-02,-3.231817349497658753e-01,-1.816966040221557888e-01,-1.430039212971047358e-01,-1.968301711416247934e-01,-2.363939485359697612e-01
