0.000000000000000000e+00,7.624832070524183436e-01,3.232202894053091136e-01,-2.246610102940764520e-01,2.165506207826882468e-01,-1.268998219146822704e-01,9.895744073642465111e-02,-1.658058025199177221e-01,2.164740122208654305e-01,-1.538361922809029225e-01,5.676944431869789254e-01,3.500880806041844484e-01,2.365178660525543153e-01,-1.758731224995803699e-01,9.342475277245131104e-02,-5.233226915752328678e-02,5.183930168680788153e-01,5.101182074628941576e-01,5.776810857543978051e-01,6.171452918314878078e-01,-9.779176843283537979e-02,6.369020904059280452e-02,-2.136994009595057920e-01,-1.374494143013404168e-01,2.172021281631424106e-02,-9.294507369125153129e-02,2.874075841391608988e-01,2.879932519132744062e-01,2.080752216246508912e-01,2.377610221043548466e-01,4.786271479761885494e-01,1.570117584889409446e-01,5.061994017480774266e-01,4.069127411960222762e-01,4.486749133610657414e-01,1.989717138248314754e-01,2.319437432434525159e-01,9.851733329395037653e-02,3.880903507530991670e-01,2.572833253923839658e-01,3.374031018498002688e-01,1.673061583701894728e-01,-2.799701457676260219e-01,-5.289793987123306979e-02,-2.881695049602581160e-01,-1.785176697520469424e-01,-2.414869376020415959e-01,-1.932992372581662788e-01,-3.741223307611544757e-01,-3.515356220748786509e-01,-3.004217706171792845e-01,-4.458939714511547248e-01,-2.338947415960204168e-01,-4.283203288922011742e-01,4.269923517196696494e-01,3.794812257369836739e-01,4.626036735753327189e-01,5.775586383296333892e-01,1.707322897453135979e-01,1.379918264426070740e-01,1.265800586453026677e-01,-7.218122963428837136e-02,4.137121165188587524e-01,4.476906577691330269e-01,5.395141756099441910e-02,-3.929098631532313424e-01,4.269580046661180517e-01,4.157152675883050152e-01,5.588917468118275167e-01,4.615272609837866025e-01,4.019678953282964096e-01,-7.867975423450936090e-02,8.523387931751262581e-02,2.763212071829999061e-01,4.142331265679133900e-01,1.135181083843613131e-01,3.760010308005488633e-01,4.953408955276445425e-01,2.063812750623066627e-01,-5.328612566747059631e-02,3.984126742352093187e-01,5.991093048228832846e-02,3.685874396148063337e-01,5.790522004940606288e-02,2.046257191040769807e-01,-4.617585454016690516e-01,3.945307278853200095e-01,1.562193319758246046e-01,2.739088159287018653e-01,-1.713824257064758827e-01,-1.619866833856947463e-01,-4.204847909267889761e-01,-3.530174007905450551e-01,-1.163650530503107100e-01,1.557064292917465231e-01,-7.446747929758266993e-02,2.752837022796239541e-01,3.686761331621160043e-01,2.752953064041014364e-01,1.843215334276238071e-01,3.081629026389240411e-01,2.187960933720472234e-01,3.588757738744221548e-01,3.088294918348213347e-01,2.484755486138352232e-01,-1.214223704918542257e-01,4.115994606756960272e-01,2.911135960973654790e-01,1.479457990358468145e-01,3.117394576270561893e-02,-5.066870891381159564e-02,1.750189382042126596e-01,3.197570705037819927e-01,-2.045126661501242005e-01,-3.450265814246757379e-01,-9.195070297789809111e-02
7.624832070524183436e-01,0.000000000000000000e+00,3.078188278830666924e-01,-1.123417549020817169e-01,1.291114255775933362e-01,-1.577643030666024127e-01,1.897728496408588039e-01,-7.548603077010589135e-02,1.157702553669826412e-01,-2.674260802036657614e-01,4.455587287528504636e-01,4.421068893083655027e-01,1.719160287948265642e-01,-3.018265662948180911e-02,-1.387150317626840990e-02,-6.478989365449966398e-02,5.746267706793681818e-01,6.475803966506618048e-01,4.874468608609873743e-01,7.592074510817318211e-01,1.991609201503544840e-02,9.066202063739715877e-02,-1.220365000870505257e-01,-1.948335611274042145e-02,1.509336385977889938e-01,1.149283194759741500e-01,1.967537295059834102e-01,2.297225862280320996e-01,3.152284446135033003e-01,3.549823614106409342e-01,4.389751546399693338e-01,2.377803738498997510e-01,4.250524788112678420e-01,3.538720824864207692e-01,3.244153827134714230e-01,5.281424698164399745e-02,1.908533331975630631e-01,2.147590936175792359e-02,3.493518045931731653e-01,1.328409601161923692e-01,4.282522577055317137e-01,1.911012266164920370e-01,-2.355915894613018202e-01,-4.841268304152650248e-03,-3.195980055438216727e-01,-1.505445380582651760e-01,-2.362775055794585077e-01,-2.685592459871747884e-01,-3.846993212970156728e-01,-2.500925679931832457e-01,-2.358452298651939616e-01,-3.608750662013660571e-01,-2.466808574165120782e-01,-4.981137200187247260e-01,2.359225792955965684e-01,2.537399531120634322e-01,5.483509998329886281e-01,7.680330944519105918e-01,2.090377000296133603e-01,1.714687353738917897e-01,1.724492888007816138e-01,-1.802443768942638136e-02,5.003892601930335360e-01,5.891112584567282928e-01,9.591499108333127743e-02,-2.231088901363575405e-01,4.807222095368214321e-01,3.746333456518367022e-01,5.622556433650528485e-01,4.881389164636248390e-01,3.932709999302009818e-01,-9.035957807107653991e-03,2.378195579891367595e-01,3.917195994837556761e-01,3.930908529079915059e-01,3.388544583321843190e-02,3.295294382100613650e-01,5.374834825868766153e-01,2.820976115616205537e-01,1.540713422658642751e-01,4.378168542902434734e-01,2.262526825784120510e-01,3.161738632452066877e-01,6.379922905722322339e-03,4.075960202522968534e-02,-3.250279532054577980e-01,2.786850659584946821e-01,9.453742717845804722e-02,-1.027584124590480430e-02,-2.287259569901792244e-01,-3.550389141973079865e-01,-4.512470217754515622e-01,-2.319855320424884237e-01,-1.407009072946907580e-01,1.608434068253320470e-01,-4.052788434262387211e-03,2.583282580486858659e-01,2.785371761257631196e-01,4.768669609887765670e-02,-3.912737657885004966e-02,1.820861924072954552e-01,9.789803213793672743e-02,2.408133501157402323e-01,1.968108211269893049e-01,9.655099566218953988e-02,-1.234533183590136307e-01,2.902635709596103064e-01,1.596988822728800383e-01,1.930882918761435418e-01,1.192904312154786511e-01,-1.958154378568766618e-01,-5.955702890455755877e-02,7.152666576551698630e-02,-4.086414922183165821e-01,-3.079809133517834585e-01,4.546328433879481129e-02
3.232202894053091136e-01,3.078188278830666924e-01,0.000000000000000000e+00,-4.816245953836556515e-02,2.097942528944828910e-01,-2.529130505105647297e-01,2.681668892137756277e-01,-3.072499177883618593e-01,2.640245038809723721e-01,3.971161274935360030e-02,1.338005624583098463e-01,-1.223182914478694039e-01,2.165762640132520844e-01,-4.675497311575823461e-02,3.478035724709304666e-01,2.382708122824109542e-01,1.055889508220926448e-01,1.772312080571049331e-02,3.272499003236876147e-01,2.392272356098885111e-01,2.464440503339567767e-01,2.228440553013900649e-01,2.062385936243265050e-01,4.104735076746073297e-01,3.592391219127014090e-02,1.192148456471968238e-01,2.882956123141284799e-01,3.717139125831342983e-01,-1.058095688311796317e-01,-3.155128220161671979e-03,3.162142319773963983e-01,1.982088414073255866e-01,9.233671807168140205e-03,-1.664825193265195569e-01,3.240102350160192213e-01,1.658740897405531212e-01,2.754141556500457333e-01,2.336344889266525060e-01,2.636726733992552640e-01,2.723090370152572159e-01,1.852962604416018289e-01,3.839430111593556960e-01,-2.865951853497248902e-01,2.106913080697638430e-03,-1.024213256761861840e-01,-2.356760828469543767e-01,-2.026331752632293537e-01,-3.235042525966570770e-02,-4.009348499950862177e-01,-3.519835305683728932e-01,-3.419428668238205793e-01,-4.167459310303591180e-01,-3.911507639758854959e-01,-2.584248536821269759e-01,1.271632474641104793e-01,2.552284162170166959e-01,5.114561222570840338e-02,7.517679315878264545e-02,-3.191466956105823427e-01,-3.058636877241411867e-01,-2.182377828183707513e-01,-2.891811638439059085e-01,4.987218305324746248e-02,-4.828230478728408326e-02,2.969900688449565451e-01,-2.110792604522921667e-01,2.706609523801351003e-01,1.869825045645941708e-01,1.757994703264502412e-01,-1.423576851959087444e-03,3.193581105377373830e-01,3.867324033868542732e-01,-1.946747408360994247e-01,-3.356518994895478225e-01,-4.514745722366522089e-04,5.801681008089217689e-02,1.839790958653993169e-01,3.191664002034829695e-01,-9.046515106868784073e-02,1.437116206490487436e-01,-1.506135056123545091e-01,6.829923887595568122e-02,4.291900940546057308e-01,2.342823712005887571e-01,1.021362599435887003e-01,2.773460918174882814e-02,3.508595438240449949e-01,2.504035976438467315e-01,-1.300398821419591344e-01,-6.651697716035608445e-04,-5.830122304363933444e-02,-5.267945324351500092e-02,-2.500420455662804575e-01,2.883777130017979862e-01,-9.147229692407719825e-02,2.303788270367298011e-02,-2.516309329378073334e-02,1.309738305440015238e-01,1.879666567688843271e-01,1.954994287308574330e-01,-3.952171358808842516e-02,1.908797253736017885e-01,1.920469800506208469e-01,2.357319735489263879e-01,-5.871461742616030516e-02,8.306955390209315448e-02,2.089743752302547775e-01,1.448313992854435850e-01,-3.437216145384720811e-02,-3.471639271775074365e-01,-3.012007967840911737e-01,-5.047154119314031101e-02,9.211163336113151190e-02,-3.210704843905979877e-01,-2.189167189237867517e-01,-2.064919191737427662e-01
-2.246610102940764520e-01,-1.123417549020817169e-01,-4.816245953836556515e-02,0.000000000000000000e+00,-7.957740455982915684e-01,8.283297575584540329e-02,5.834193271317644758e-01,8.765225306089212687e-01,-5.598384365438471288e-01,1.153730881565507710e-01,6.101381841541058532e-02,8.707203088993765994e-02,2.512521831569771713e-01,5.383462669046553684e-01,-2.478931832853449313e-01,-6.494228739495517821e-01,-3.344081903599058769e-01,8.592019612989086619e-02,-3.649793411668338372e-01,9.276541572646962094e-03,-1.851228758883110004e-01,-5.477398562313381403e-01,7.326990589081815441e-01,2.259454432725137296e-02,1.466813703954633064e-01,2.144947307253952662e-01,-7.441212891761254111e-01,-7.606729306797167522e-01,-1.448558248396134285e-01,1.658794467327153466e-01,-6.479595732255540863e-01,-1.745058309315239420e-01,-1.841653790809062996e-01,-1.390589941382598949e-01,-4.463795932271855116e-01,-6.426090359255435258e-01,-5.563402066558582604e-01,-7.444649795402786818e-01,-8.062115415640571658e-01,-7.844460505929908845e-01,-3.046055993532690298e-01,-5.697994614744220643e-01,7.943319568778337558e-01,5.779989194290545695e-01,5.938188075343110439e-01,7.113518056295201619e-01,6.565056787785704673e-01,4.201117997501929713e-01,7.328734102104436099e-01,8.068862910963296997e-01,8.180959860107790416e-01,7.306488950998231147e-01,7.671707931082395460e-01,5.210200345251690957e-01,-6.744610787390731277e-01,-7.893872790022163910e-01,3.302702115148415385e-01,-2.599947714676880683e-01,3.623735706683319235e-01,-2.364855731381588777e-01,6.056243565714702903e-01,2.242495158488990725e-01,-4.358382291884576598e-01,-4.142373000418890228e-01,3.039363329885992893e-01,4.127468903695575841e-01,-2.634459619856483470e-01,-5.884601900170388644e-01,-1.980037476640670036e-01,-6.876332013521208042e-02,-5.275078886373942844e-01,-1.110256890231288429e-01,8.962946284697732857e-02,1.924697847517188865e-01,-2.234219741827052075e-01,-1.750579661727292846e-01,-1.567888306972056722e-01,-4.403236601821362006e-01,3.464355392163591674e-01,1.437891385394833021e-01,5.350839229753870385e-02,2.381748538472349200e-02,-6.848531702596527548e-01,-8.136391172568547825e-01,2.540767080794832933e-01,-5.998855127495824474e-02,-7.409939719313095585e-01,-8.813877579520156269e-01,-2.419721179496639452e-01,-6.664506448978847475e-01,2.636961698876880700e-01,-1.460686862542688765e-02,7.597900959854866354e-01,-1.434071805840789193e-01,-3.426169959299146250e-01,-2.318868844439651578e-01,-2.951807456669824359e-01,-7.162088436254127055e-01,-7.537366156716442944e-01,-7.310866638293063158e-01,-4.097733031661922043e-01,-8.053226023752576568e-01,-8.150365307519471525e-01,-8.238488578801728135e-01,-2.321605996145643946e-01,-2.910543691265638500e-01,-7.732826309995932679e-01,-8.544383422981262077e-01,1.011057833258893236e-02,3.145700227921083281e-01,-1.480275933135593858e-01,-5.197485431479542672e-01,-6.772820090641330504e-01,5.630482184701510739e-01,7.781862456352014457e-01,4.007872954784213460e-01
2.165506207826882468e-01,1.291114255775933362e-01,2.097942528944828910e-01,-7.957740455982915684e-01,0.000000000000000000e+00,7.973221604280168739e-02,-4.574803474707227480e-01,-7.520747959848729236e-01,6.940358528817961448e-01,-3.208758779539010869e-02,-1.844702988713157465e-01,-1.799671864087148965e-01,-2.100828452378072364e-01,-5.157920221423687446e-01,2.595684858330277733e-01,6.451123408618685273e-01,1.776491352987412398e-01,-2.517688444159305039e-01,3.149813172410877993e-01,4.167407273236350962e-02,3.834737286973073922e-01,7.359071669096611812e-01,-6.159612632139368493e-01,1.396378794027837156e-01,4.633370001041244718e-02,8.444537537927777893e-02,7.638047764287119179e-01,7.579584805222210342e-01,4.221502023564634859e-02,-2.600408004477445800e-01,6.895284125721425905e-01,2.253425875222462293e-01,1.230736174086679013e-01,1.521657693412097612e-01,3.663457059273426686e-01,6.352989182466810547e-01,5.639173256688054803e-01,6.946074465768153905e-01,6.880398764067864326e-01,6.897214725935886248e-01,2.816036359846388337e-01,5.215944191074451952e-01,-7.630456979676374374e-01,-5.263535765554455681e-01,-4.749616774876443959e-01,-6.940116281431023548e-01,-6.099573632028643111e-01,-4.261228297199736170e-01,-7.085755669902508158e-01,-7.789574795186607892e-01,-7.554172020912238716e-01,-7.033542053146647488e-01,-8.001904399498586118e-01,-6.759353048075869008e-01,4.939332178950531227e-01,6.801373294643986434e-01,-4.860452400628714198e-01,7.391375788240139855e-02,-5.325587173249151096e-01,6.353276609463107301e-03,-6.911424134558203924e-01,-1.928469661390836976e-01,2.508210650598011182e-01,3.465821445258572275e-01,-2.793921768646909776e-01,-2.134750478466821699e-01,2.460940706573321868e-01,6.264508807572508609e-01,3.489467780116443235e-03,-5.416243595352591284e-02,5.882805181004489015e-01,1.579677430733271992e-01,-8.460845842790037930e-02,-2.577557668579701367e-01,1.634833131580182009e-01,8.974125043492170439e-02,1.028707669501067179e-01,3.945033630493575139e-01,-3.965813764851772172e-01,-2.701763229240566888e-01,-1.496310159466076317e-01,-1.255030010842539956e-01,6.459874716508685610e-01,7.682454862407043228e-01,-2.161563824946305112e-01,1.153968335190578703e-01,6.126993287995216031e-01,8.312334497091576901e-01,6.282597187330610233e-02,5.645025773053123919e-01,-2.031707682190435071e-01,7.488140633980566729e-02,-6.586004835266409119e-01,1.819884130720754722e-01,3.113522159629620867e-01,3.766356943556695702e-01,1.573837227106154590e-01,6.810431248317750930e-01,6.570312748702319405e-01,7.116422045378956174e-01,4.268454336441868113e-01,8.067446218139016079e-01,7.877029544113647308e-01,7.815023446589989264e-01,2.575266001782421377e-01,2.929653314762573624e-01,7.896692753946618071e-01,7.615509754570398693e-01,3.568991676657826823e-02,-3.129677729517134632e-01,-3.252773292035653074e-02,3.840454793967373326e-01,5.242142585681762723e-01,-6.424787077891386256e-01,-7.011702871488778577e-01,-2.614550174819243455e-01
-1.268998219146822704e-01,-1.577643030666024127e-01,-2.529130505105647297e-01,8.283297575584540329e-02,7.973221604280168739e-02,0.000000000000000000e+00,-1.242353967213217641e-01,1.421902551478056442e-01,-1.519895411794597480e-02,3.879434693718017413e-01,-2.472915731355604385e-01,6.471938700635763162e-04,-6.509177072702197753e-02,-6.496939164143937344e-03,7.587048011344800502e-02,1.946874963817198656e-01,-4.139556816800717409e-01,-2.155215436742575208e-01,-2.393680652094500871e-01,-1.534050353606266071e-01,-3.960041171733134219e-02,-8.655731626338140916e-02,-1.688803322773984594e-01,-4.404665917792181806e-02,1.295409771454702486e-01,1.336465444739098340e-01,-1.249099006588253180e-01,-1.244075288583584571e-01,-1.446463376789466626e-01,-1.460326046419499757e-01,-1.606239748492492847e-01,-7.434721189226413396e-02,-7.016666627530532274e-02,4.734156289146144309e-02,-1.936847180599214624e-01,4.300304691311919447e-02,-3.172443743765789304e-01,-1.369336845161872318e-01,-2.952901578062764876e-01,-2.219492179464944703e-01,-3.385743893188228326e-01,-2.319898117176887042e-01,1.210941562652262798e-01,1.413630983798380425e-01,1.824360757599730043e-01,1.787608630912081165e-01,1.600281151692864168e-01,9.756574131718365184e-02,5.776738824935378352e-02,1.656616841759021852e-01,1.672922787580047033e-01,1.310703558120239753e-01,1.572008186716107314e-01,2.390125903744815331e-02,-3.291267016627048847e-02,-6.753715462098305866e-02,-1.880560412623138999e-01,-2.240285902672243812e-01,3.161563465820927538e-02,-6.355419647232336822e-02,-1.182203805138216379e-01,-6.834219128285759504e-02,-2.108265509757548395e-01,-1.229040241183994575e-01,-1.499007810534320750e-01,1.180608892691915046e-01,-8.451810553651059599e-02,-4.333853699399436987e-02,-3.093767185268399555e-01,-5.146129063905478807e-02,-1.177198096884937567e-01,1.208885605147235753e-01,5.422025703418887482e-02,-4.604573391563996504e-02,-7.283675577296924719e-02,5.755144694465619964e-02,-8.005860643876416827e-02,-2.205949167571276681e-01,-7.483694696927482848e-02,-3.344834024105406423e-01,-1.071528658744137358e-01,1.920873044843683652e-02,-1.270322986330141291e-01,8.533690703131556476e-03,1.673531095183669326e-01,9.236938221921241199e-02,-1.941369104003194679e-01,-1.000294661332081919e-01,-2.248709793683711586e-02,-2.465412711019727629e-02,1.774676885365632784e-01,7.720419804293009169e-02,1.403562375864846057e-01,-2.120077990251710287e-01,7.544154343713854738e-02,1.580452976703266565e-01,-1.160858202448316993e-02,-3.056363489391132962e-02,1.519654010448267048e-02,1.278707643482537674e-02,1.634761759254211091e-02,6.105909008191353488e-03,-1.484321969159545056e-02,-5.466245550970779549e-02,2.316430349825753243e-01,4.469563612776415035e-02,-1.140656440085156959e-01,3.724481394318875094e-02,1.044784056230609465e-01,1.066281811068328471e-02,-1.480616754702148707e-01,-1.347413868782296464e-01,-1.095159077313268559e-01,2.135327002295808185e-01,1.572037694994319890e-01,2.162723686912508825e-01
9.895744073642465111e-02,1.897728496408588039e-01,2.681668892137756277e-01,5.834193271317644758e-01,-4.574803474707227480e-01,-1.242353967213217641e-01,0.000000000000000000e+00,5.598268576640448302e-01,-1.419723728960737563e-01,7.213001534575211315e-02,2.308109657219598043e-01,1.100141025990413607e-01,5.613845536589637808e-01,3.962505344237594040e-01,-1.479367042942175692e-01,-3.964981568664195377e-01,3.003265240621751792e-02,-2.101852964087760900e-02,1.507815340006744310e-02,2.567786217481431502e-02,1.304599500916951531e-02,-2.028473726001701893e-01,6.751001319755293162e-01,1.124690922452424441e-01,2.665993724080586991e-01,3.148399362756888475e-01,-3.639995342312653537e-01,-3.518571979918920234e-01,8.305751613347887863e-02,3.684312174624879144e-02,-2.354833869582646511e-01,4.967764423250096290e-02,1.157531557534427352e-01,-4.831949324181277622e-03,-1.609496267009654646e-01,-4.200884783026083702e-01,-2.239657034056923013e-01,-3.811277364054337369e-01,-4.610712578670066453e-01,-4.046586823301248081e-01,2.673252257550879155e-02,-3.341236763472458793e-01,4.421106614197755080e-01,4.808664516754430629e-01,2.904799664347340049e-01,4.062461217175710182e-01,2.712460905579651693e-01,3.385798120367800590e-01,3.202134295670395203e-01,4.451840225935519979e-01,3.492715338168280725e-01,4.662371407888064034e-01,2.287100699426008188e-01,2.731147428338384087e-01,-4.916006846869866997e-01,-4.282798271140719759e-01,3.389188963717610914e-01,3.793527466735564790e-02,2.660019797221953586e-01,-1.201138891752011467e-01,4.987798041323872056e-01,3.791394180061306018e-01,-2.263535413076689096e-01,-2.170711037043387415e-01,2.256463179526063123e-01,3.281425805649730854e-01,1.491237738372758748e-01,-2.797483218622991985e-01,-8.853124948191107291e-02,-1.102514563981179252e-01,-2.496046171903958458e-02,-2.530753209142939247e-02,9.280485145901417460e-03,4.514702708812833032e-02,-1.126672912557760420e-01,-1.937696356370547379e-01,1.813069997227391775e-02,-2.937818484063761670e-02,1.219433335796671486e-01,4.414891444875339022e-01,-1.524564847574483295e-01,2.450052885974572936e-01,-4.149395160183569353e-01,-4.577612014441311272e-01,-1.189699300134186427e-01,1.787779408952637206e-01,-4.996517627453890831e-01,-4.770207826319614597e-01,-4.592414949344788555e-01,-3.541383021071964343e-01,-2.551060867987115510e-01,9.498029283531918276e-02,2.087438353495117138e-01,5.938563985740992479e-02,-4.603979044153320710e-01,-1.889127155518623702e-01,-4.761435239857840784e-01,-3.489354777790291129e-01,-4.345666560295686209e-01,-4.396900635964871018e-01,-3.376826868794149394e-01,-3.957182015351713433e-01,-4.654814669327645982e-01,-4.260407862631280240e-01,-4.350324645582088201e-01,-2.137739392159690721e-01,-4.146441153300293170e-01,-4.882915665420573537e-01,2.932158425308000263e-02,8.086852024323934462e-02,-2.756151999135949549e-01,-3.429133558408846705e-01,-4.290747785232681966e-01,2.005608163827475310e-01,3.658149277686561507e-01,8.721930123090698359e-03
-1.658058025199177221e-01,-7.548603077010589135e-02,-3.072499177883618593e-01,8.765225306089212687e-01,-7.520747959848729236e-01,1.421902551478056442e-01,5.598268576640448302e-01,0.000000000000000000e+00,-4.630772054892859368e-01,2.243352722365525576e-01,1.476072664457110939e-01,1.959611894248366737e-01,2.235951587782728789e-01,5.354667391677414567e-01,-3.529154720038801263e-01,-6.366029323264523754e-01,-2.848966350943521464e-01,1.108192150659505493e-01,-3.081306297245439141e-01,3.862497547379776814e-03,-1.688586671858007537e-01,-4.554605191401389086e-01,5.848795397686763486e-01,-9.088220593355972321e-02,9.481735170264830870e-02,1.775986047265921131e-01,-6.839130682631039404e-01,-6.817973150362816037e-01,-4.867342644410500851e-02,1.731954442560447449e-01,-6.275606920062078986e-01,-9.308938576001372922e-02,-7.434788731714403465e-02,-1.211999742116944001e-02,-4.780983376377249128e-01,-6.393197204632713460e-01,-5.377310436068225563e-01,-7.622405598841675012e-01,-7.678288895833053074e-01,-7.555409980992341401e-01,-3.235724967877722236e-01,-6.607747139757677024e-01,7.256270230438907065e-01,4.977985544900289661e-01,4.553788286265275653e-01,7.082743899134786858e-01,5.523480595158951623e-01,3.133122192252332239e-01,7.023512592135856547e-01,7.694702145851355368e-01,8.168050683409431301e-01,7.256864610676375671e-01,7.476522388148377773e-01,4.200677663434870812e-01,-6.441850696263891063e-01,-7.980462595438819751e-01,3.292381512859035575e-01,-2.208920171662150655e-01,4.749686142600033079e-01,-4.634635588257782907e-02,7.108318808134458378e-01,4.013830924443974602e-01,-4.267036262461227358e-01,-3.357017136717787009e-01,1.986453795483398288e-01,3.924399618798219969e-01,-3.810923369377456904e-01,-6.102492729232305013e-01,-1.481632624696239409e-01,-8.568155575091725151e-02,-3.993569246476557644e-01,-2.367103937458151508e-01,1.353135716290932156e-01,2.992402666728701255e-01,-1.556614091242102815e-01,-2.080828081601519552e-01,-1.607889321293133889e-01,-4.260662362976113116e-01,4.176972737562806293e-01,1.947197356393370049e-01,2.021322651501084311e-01,5.609119849300084337e-02,-7.024275374465110966e-01,-7.795501489825218400e-01,2.529529740133329985e-01,-7.629111263994634018e-02,-7.230867984591010655e-01,-8.214028552528718219e-01,-1.621538748285450138e-01,-6.078092804102303015e-01,1.860081690679992183e-01,-9.063954180771091607e-02,7.406409113047209836e-01,-2.386721710223250470e-01,-2.291799098314651617e-01,-1.648035404038164786e-01,-2.615436063718455384e-01,-6.427719644424293444e-01,-7.709261585506004266e-01,-7.390662535425943647e-01,-3.767048577170704071e-01,-8.141859260062336290e-01,-8.052540618562054053e-01,-8.245508236073760822e-01,-1.537235649442962315e-01,-3.146141760264465348e-01,-7.468289697672257921e-01,-8.202120146412884560e-01,1.521096311248866517e-01,4.661835238054466424e-01,-6.926476249118006245e-02,-5.251516820753583392e-01,-6.969787419340283119e-01,5.758598752179761027e-01,7.587744474717622589e-01,4.415252908811327925e-01
2.164740122208654305e-01,1.157702553669826412e-01,2.640245038809723721e-01,-5.598384365438471288e-01,6.940358528817961448e-01,-1.519895411794597480e-02,-1.419723728960737563e-01,-4.630772054892859368e-01,0.000000000000000000e+00,1.811751574461380465e-01,-2.505620901819607949e-02,9.360098506493065573e-02,6.641866775151451796e-02,-7.239295274610614561e-02,3.356899250673559543e-01,6.539230895733330051e-01,5.771392583247563629e-02,-3.123712451566828530e-01,3.092114935796754782e-01,-2.417750192805137588e-02,3.431371349790631187e-01,6.804502196253435775e-01,-3.215955097280172592e-01,2.776099406929636304e-01,9.147423341144166054e-02,2.559493095533288964e-01,7.715452963753202109e-01,7.134374491637386351e-01,-1.557091537698580830e-01,-2.577209246282672894e-01,6.923801129276451194e-01,3.743898594721646877e-01,1.164179654308948320e-01,-1.920070003911106271e-02,5.766472923409129980e-02,3.092856776941934061e-01,5.069393320353594579e-01,3.814993583097083807e-01,5.390597349709096431e-01,5.510571280050962084e-01,2.318068420242960503e-01,5.542343229199544474e-01,-5.731167492789900342e-01,-3.549323331011154381e-01,-2.382572312997029429e-01,-3.995786666755886118e-01,-5.233497734247962718e-01,-2.648378464498614693e-01,-4.651901243771628391e-01,-5.372581684896281518e-01,-4.570578647207877987e-01,-4.709143025091294121e-01,-5.967761099819122173e-01,-4.796209281248833278e-01,2.461541379851657774e-01,4.460684755316769445e-01,-4.871574729554321026e-01,-3.230973470410031939e-02,-5.954995383157528632e-01,-1.922975226176466546e-01,-5.549892162127926243e-01,-2.330730740269570389e-01,-6.679338735296243279e-02,-2.483023666648051173e-02,-2.362133204805524356e-01,-2.643384646399690174e-01,4.902946016744928054e-02,3.059552516275602096e-01,-4.088714375966147341e-02,-3.006925809773146607e-01,6.731158363389719845e-01,3.535917694513753817e-01,-6.238791886513318785e-02,-1.634185081993316802e-01,-1.339385444604579423e-01,2.778121406878529265e-01,5.488635343029631131e-02,2.555916553089701004e-01,-2.485719768737335023e-01,7.661109064913505795e-02,-1.069039431319902256e-01,2.980271867213177828e-01,6.428146838788810769e-01,6.703172561400875251e-01,-2.026721418299039512e-01,2.764360080958993549e-01,4.971447160076574168e-01,5.896522317136616564e-01,-1.806890662376600676e-01,2.719681034429502486e-01,-3.053759010542973495e-01,-1.104874776183639440e-01,-5.203287692019502586e-01,1.807176420970131037e-01,1.945086592918529866e-01,4.613631594863605856e-01,-9.729050487547100112e-02,4.853527683880587973e-01,2.598506194132543801e-01,3.338807703615395139e-01,9.999601932254992276e-02,4.461043784524305611e-01,4.159185572730479397e-01,4.409456185233825432e-01,1.009930859936025577e-01,2.153136409362307047e-01,4.377419935204023838e-01,4.077950800942491405e-01,1.414848066820562911e-01,-2.645161070563991079e-01,-2.620011471547981641e-01,7.525354910591187940e-02,1.142698609772013346e-01,-5.981974154590335990e-01,-4.346214786752969905e-01,-1.730908644885251202e-01
-1.538361922809029225e-01,-2.674260802036657614e-01,3.971161274935360030e-02,1.153730881565507710e-01,-3.208758779539010869e-02,3.879434693718017413e-01,7.213001534575211315e-02,2.243352722365525576e-01,1.811751574461380465e-01,0.000000000000000000e+00,1.175200447815435111e-02,-3.604801843988189591e-02,1.641676315856934465e-01,1.065147629775323596e-01,2.692965743286891700e-02,1.815010024365524555e-01,-1.869233839113862705e-01,-2.496566336254020801e-01,3.381943485011339873e-02,-1.160670888995948419e-01,2.012447134188132536e-01,1.499615371718421297e-01,1.854293266715056343e-01,1.213632547196651784e-01,1.480790642111301687e-02,1.672185356792695310e-01,2.089983650004572421e-03,3.321926032396428641e-02,-1.776154075769811325e-01,-2.485260051491261779e-01,-1.644868884592945446e-01,1.010675659381714137e-01,-7.680254848369889864e-02,-1.272477299270358408e-01,-2.665751577983433568e-02,-1.142116828324526989e-01,-5.634005631010578774e-02,-2.650445832796045065e-01,-2.185043859189833571e-01,-1.677329042924844138e-01,-2.320686557021956198e-01,-1.688665822717504150e-01,3.155460275223690575e-02,1.125980346555037620e-01,2.625831222254516040e-01,2.682680051125891363e-01,6.823193148841694144e-02,2.212498100492283903e-01,1.977596276809078513e-01,1.329549606874836087e-01,2.087256183973419943e-01,1.178108162181646934e-01,5.217551693132910923e-02,1.626924137591184982e-01,-2.254776961558160597e-01,-1.579048564359302464e-01,-1.058229457924947103e-01,-4.003722866751501241e-01,9.464054788396726592e-02,-2.689786459216635117e-02,1.141208535599136237e-01,2.188918902057684218e-02,-2.915781829994933960e-01,-3.771315853842602261e-01,1.495484779455538704e-01,1.078588811039541545e-01,-2.535549778860219927e-01,-1.813483687715778392e-01,-1.947064070119287060e-01,-3.952303791097695473e-01,1.443584664267517914e-02,1.421899685434759864e-01,-2.869704160670837334e-01,-2.127871653526654250e-01,-2.177436922034336475e-01,-3.250749241925764838e-02,-8.594675462765429680e-03,-1.259301487575315570e-01,-5.177876277858898396e-02,7.573210962210884245e-02,-9.474333459611578023e-02,1.876417745000096837e-01,-9.593664784358328645e-02,-1.536044485284977779e-02,1.019145167214396963e-01,3.028620546022736670e-01,-1.196252807096187948e-01,-2.152210579726526393e-02,-1.235197116323428629e-01,1.449514573237500048e-01,1.245928525373214829e-01,1.554632050420690359e-01,1.539158135066931166e-01,1.999794974575831441e-01,1.404659806147604169e-02,1.114915909315728482e-01,-1.713653481423617897e-01,-1.033738763988727993e-01,-1.330658122867396653e-01,-1.086151568385060190e-01,-1.904079848155473265e-01,-1.045683520392130111e-01,-1.958353137141301270e-01,-1.406569667503716203e-01,1.036525495317554002e-01,2.289336011886962674e-01,-3.099531945869619110e-01,-1.260836871438322238e-01,5.323457190835734903e-02,1.248531256682386820e-01,2.046370814846340189e-02,-3.409113311769112475e-01,-2.616514110541572902e-01,1.210574993276154199e-01,2.611535222819920676e-01,3.428026352976606961e-02
5.676944431869789254e-01,4.455587287528504636e-01,1.338005624583098463e-01,6.101381841541058532e-02,-1.844702988713157465e-01,-2.472915731355604385e-01,2.308109657219598043e-01,1.476072664457110939e-01,-2.505620901819607949e-02,1.175200447815435111e-02,0.000000000000000000e+00,3.594146030719873597e-01,4.106910724206143115e-01,1.769593710262538644e-01,-4.380238547156457135e-02,-2.442619516501018384e-01,4.812597075328837737e-01,4.208136359329046061e-01,3.190384512069162626e-01,3.447638156702658163e-01,-1.320961227403292804e-01,-1.925604451674981510e-01,1.253733897607411663e-01,-2.418497116381523523e-02,7.275990234380888544e-02,-1.178800331306601064e-02,2.584517010285748533e-03,5.217441705897907928e-02,3.807500515561015320e-01,3.238264449451314086e-01,8.326735512467016431e-02,1.913018228517177899e-01,3.330663731695280849e-01,1.240334482055837628e-01,2.465344491220718970e-01,-7.645615497651146730e-02,8.170705143776732515e-02,-2.110705165514045467e-01,3.967174137536303574e-02,-2.003348678222453827e-02,2.942594023362161137e-01,-2.844794348797394234e-02,1.251055127487738783e-01,1.291010608928074843e-01,6.894960696406615686e-02,1.734799852424546429e-01,1.061815473767663276e-01,1.230173762256262376e-01,7.858751414406929536e-02,2.633301836895539025e-02,1.012704788515018106e-01,-4.298246943760938854e-02,1.321894665630502785e-01,4.172219692744428415e-02,1.065364662631712728e-01,3.103377401741598540e-02,5.266715024689764268e-01,2.976210366014837572e-01,2.404693285663893898e-01,1.026506306093425830e-01,2.843055149299416051e-01,-2.907167120055805312e-02,1.691053205799915859e-01,3.108626105181656885e-02,1.072608334986893258e-01,-2.114250855591033318e-01,1.562798269242627047e-01,-8.446776035458493370e-03,3.918397276494915427e-01,2.351284096333889906e-01,1.150960290839403710e-01,-2.768632612408081228e-01,2.760757971412963752e-01,2.757675915682717416e-01,3.723140814614058214e-01,-1.571826327534606993e-01,2.931238886222217732e-01,2.739895537045138885e-01,3.079811670362007647e-01,2.413346352521239246e-01,3.704901192051724967e-01,1.011829444173410336e-01,-5.958934789102901010e-03,-2.807385931910861832e-01,9.816312305540642047e-02,-3.512116476579763558e-01,2.971793092967485103e-02,-1.339604327433621123e-01,1.425261635539207539e-01,-2.514230582141379622e-01,-7.239893373727143699e-02,-2.249168277586758302e-01,4.755814805465595485e-02,8.126256987473665094e-02,-1.645722595132352861e-01,-3.380488509737880065e-01,-2.684012661009335318e-02,-1.296888440935961284e-01,-1.808922423612040753e-01,-2.021508280864905693e-01,-8.269037301006329499e-02,-1.540313879400288521e-01,-1.027352125110719272e-01,-1.128182572129726446e-01,-4.301476937689641816e-02,-2.493336685051387447e-01,-9.761607183274186028e-02,-1.602501491312559312e-01,-1.535594359569985023e-01,7.681826695230527247e-02,-3.915226806316452618e-02,-5.462762593044355464e-02,-7.105122483292720947e-02,2.838825981756279079e-02,-4.615478829891499907e-02,-2.277814657091946915e-01
3.500880806041844484e-01,4.421068893083655027e-01,-1.223182914478694039e-01,8.707203088993765994e-02,-1.799671864087148965e-01,6.471938700635763162e-04,1.100141025990413607e-01,1.959611894248366737e-01,9.360098506493065573e-02,-3.604801843988189591e-02,3.594146030719873597e-01,0.000000000000000000e+00,3.737590948053139961e-01,5.244174652680041460e-01,1.882194855615231810e-01,-1.197766393190796003e-02,2.959202447943585779e-01,4.371856284221505295e-01,1.800696986575928693e-01,4.014748760483723422e-01,5.698140610610756551e-02,4.765975774565825440e-02,1.766081283429318805e-02,1.764208090542923879e-01,-7.729566611356963879e-02,7.607592873261850852e-02,8.315496980703045160e-02,-2.826678556821068944e-02,3.206444595816544951e-01,5.872509735928584940e-01,2.209500406574461395e-01,3.370711296059832329e-01,3.656748901410821762e-01,3.606252886634934707e-01,-8.886835295537669210e-02,-2.035814671280012089e-01,-1.269174031220660082e-01,-3.840736507055099169e-01,5.797224834273999317e-02,-1.543033038495770365e-02,2.272950424954925108e-01,9.542216478271284621e-03,-2.429638373378105107e-02,-1.204259589454208376e-03,-9.760428126800052562e-02,7.029111924847074311e-02,-3.736635496446844007e-02,-1.312954033891552685e-01,-2.509519347281549337e-02,4.829245200463096188e-02,8.859505167257936131e-02,-2.371469478351137094e-03,8.242867026568281852e-02,-9.920858344990370059e-02,8.926098924282500902e-02,7.932529842793450275e-03,1.581607349181246847e-01,4.601014204918455475e-01,2.106344454193715965e-01,2.213569402024247734e-01,1.952332870753633320e-01,7.696024165621280499e-02,9.420532886301415110e-02,2.613313201134870312e-01,-8.541798744535299137e-02,-1.278207926937979244e-01,1.033115615761876910e-01,-1.594413557254266423e-03,2.294262149443508925e-01,1.740102627052124429e-01,2.095564925601730855e-01,2.406333968826623593e-01,2.545590809739780580e-01,5.121231699390038639e-01,4.213467914756668931e-02,3.250481405760594633e-01,3.516759686255523931e-01,2.840081079428843913e-01,3.738546974536802181e-01,2.387182069999147227e-01,3.985138830839872193e-01,4.080411154132547180e-01,1.488898504902463893e-01,-4.972642679880075883e-02,-3.433040809982849245e-02,-1.991751440130488382e-01,1.011032517846263273e-01,-2.287252143172509855e-01,-2.068027943617232155e-03,-2.822960730815772257e-01,-3.259817654985538993e-01,-4.667298857643483734e-01,-7.212863437530722677e-02,-2.079076667122435607e-01,5.776525802119643338e-02,3.052576419750582803e-02,-2.122900170147569432e-02,5.654416923030015224e-02,-1.985081132938293913e-01,-2.907318158313014211e-01,-1.215908588107253580e-01,-2.002994414734892703e-01,-6.231831268751623215e-02,-1.119594315016877867e-01,-1.298889813131598459e-01,-2.099994346259361488e-01,-1.353525857196855309e-01,-1.450330747085366856e-01,2.084898907062122941e-01,8.971507877068347903e-02,-2.343714234305495081e-01,-1.368454160064559166e-01,-2.239361313117103347e-01,-2.661145239753750502e-01,-6.566612006615031583e-02,-1.843451479789113417e-02
2.365178660525543153e-01,1.719160287948265642e-01,2.165762640132520844e-01,2.512521831569771713e-01,-2.100828452378072364e-01,-6.509177072702197753e-02,5.613845536589637808e-01,2.235951587782728789e-01,6.641866775151451796e-02,1.641676315856934465e-01,4.106910724206143115e-01,3.737590948053139961e-01,0.000000000000000000e+00,6.218680130604122835e-01,2.320069171757965232e-01,-8.026797275630538631e-02,9.520458810869934785e-02,-1.279404640224938994e-01,1.283509919704766689e-01,1.342951974691910799e-01,1.202667442587389557e-01,2.179152830598392668e-02,4.992216146001404176e-01,3.801787975412382337e-01,2.181434357031738769e-01,2.153513396933653679e-01,-1.411003702460586207e-01,-1.616073364446999616e-01,1.499241499615281970e-01,6.432813178326474146e-02,-4.057648780287398393e-02,1.405702007530915121e-01,1.637900901255301134e-01,2.689725360168764012e-02,-5.657983999668374231e-03,-2.841720341019325358e-01,-2.340667585761832259e-01,-3.627943168839529720e-01,-2.923200061760608537e-01,-2.589803993025499018e-01,1.597440358135448213e-01,-1.920551334096783636e-01,1.889313814859902019e-01,2.351563804491944298e-01,2.208226691575200795e-01,2.268228030464843059e-01,1.879336106311353394e-01,2.622123308667655972e-01,2.203252621114371312e-01,2.365309324769339916e-01,1.905331007620765515e-01,2.727188890685051659e-01,1.356685003170166048e-01,2.110256125561774387e-01,-1.849407932313879011e-01,-1.209130381301901092e-01,1.614426176100954846e-01,5.101173468149801382e-02,1.893851660560338934e-01,1.746044958378642140e-02,2.474492445169046151e-01,1.885064911006926192e-01,-2.678372541454281941e-01,-1.625498410507483227e-01,1.064816456710899195e-01,1.752998415632419926e-01,-8.596987361905852887e-03,-2.653429787830287045e-01,-4.741506818471170892e-02,-1.224809701834557729e-01,6.920495076587224181e-02,1.985842145772426515e-01,-8.478538521450851295e-02,2.277847969533489027e-03,1.264416438515244233e-02,-3.840515888250444626e-02,1.394851423317610695e-01,9.891095986551232122e-02,-1.772501102188026728e-02,4.072673324430448050e-01,-2.431840730771706316e-01,3.135348254109213140e-01,-1.892411223098943440e-01,-2.025505272243612598e-01,-1.977935239087787456e-01,1.129864644802176105e-01,-2.540549429394945991e-01,-3.252926450713398698e-01,-3.056922023336032246e-01,-1.940931939988650712e-01,-2.509802893165801185e-01,1.051711116953976954e-01,5.507729575297291846e-03,2.997142106440452980e-01,-4.065355072063630004e-01,-2.201898011494110297e-01,-4.112385036593906307e-01,-1.479124250961090514e-01,-2.216153237044331814e-01,-2.473904322362555641e-01,-2.334707960324466369e-01,-1.401133337046573668e-01,-1.809651800595040994e-01,-1.283698459329374597e-01,-2.905929385681561006e-01,1.570410100704231274e-02,-2.616638617911277720e-01,-2.291292689167710728e-01,-1.327344815646358811e-01,-7.475628767511252604e-02,-3.482304016145210679e-01,-2.331483706342070417e-01,-2.147756424244199047e-01,6.693902456634845399e-02,2.013294771871711464e-01,-2.523993907842164153e-01
