0.000000000000000000e+00,6.410397291183471680e-01,2.252594828605651855e-01,1.795315593481063843e-01,-1.362038552761077881e-01,-5.293228477239608765e-02,3.241754472255706787e-01,1.711641252040863037e-01,-1.518649011850357056e-01,-1.936231404542922974e-01,1.454105824232101440e-01,2.904480695724487305e-01,2.658783495426177979e-01,1.277694553136825562e-01,2.187100984156131744e-02,2.450412362813949585e-01,2.392691001296043396e-02,2.315776348114013672e-01,4.475615620613098145e-01,3.883893191814422607e-01,3.391623497009277344e-02,-1.609211862087249756e-01,-1.057047322392463684e-01,-6.536342948675155640e-02,-2.508475482463836670e-01,-2.556122541427612305e-01,-9.506719559431076050e-02,9.578987956047058105e-03,-2.809873037040233612e-02,-3.743888810276985168e-02,-3.674043118953704834e-01,-2.704963684082031250e-01,6.753003597259521484e-02,2.727995812892913818e-02,-2.187550663948059082e-01,-3.482523858547210693e-01,-7.668291032314300537e-02,1.975488662719726562e-02,-1.017047539353370667e-01,-1.519597321748733521e-02,8.207854628562927246e-02,-6.597547233104705811e-02,-8.690495789051055908e-02,1.862563639879226685e-01,3.083671331405639648e-01,3.659485280513763428e-01,6.613902747631072998e-02,1.962878108024597168e-01,-5.964030977338552475e-03,2.514149807393550873e-02,1.473182886838912964e-01,2.817887812852859497e-02,-2.989669702947139740e-02,-1.807898283004760742e-01,-2.619548933580517769e-03,2.699398621916770935e-02,6.480024456977844238e-01,5.195574760437011719e-01,3.702659010887145996e-01,2.822428047657012939e-01,3.623177111148834229e-01,-1.686363071203231812e-01,7.875594496726989746e-02,8.541492372751235962e-02,3.718090429902076721e-02,-1.501112580299377441e-01,6.688293814659118652e-02,1.701997369527816772e-01,2.499583214521408081e-01,2.539258003234863281e-01,-3.306331932544708252e-01,-2.965405583381652832e-01,-3.028029203414916992e-02,-1.737062335014343262e-01,-1.977181732654571533e-01,-1.013452038168907166e-01,-1.401638835668563843e-01,-8.623810857534408569e-02,-2.155385315418243408e-01,-1.430084109306335449e-01,3.360219299793243408e-02,3.460159599781036377e-01,-1.984615810215473175e-02,1.785968095064163208e-01,3.688722252845764160e-01,3.415217399597167969e-01,-1.148505955934524536e-01,-2.168100327253341675e-01,4.915054142475128174e-02,-7.817023992538452148e-02,-4.973132014274597168e-01,-3.821222484111785889e-01,-3.479781746864318848e-01,-2.980883121490478516e-01,-2.394026815891265869e-01,-2.221019566059112549e-01,-4.439806342124938965e-01,-3.985520899295806885e-01,-4.256114363670349121e-01,-3.956923484802246094e-01,-1.986370682716369629e-01,-1.547143459320068359e-01,-2.636228799819946289e-01,-2.839340567588806152e-01,-2.619031369686126709e-01,-1.590099781751632690e-01,-4.444419220089912415e-02,-6.722924113273620605e-02,-9.008985012769699097e-02,-2.392643839120864868e-01,-4.321872889995574951e-01,-3.848350644111633301e-01,-3.358720839023590088e-01,-3.582910895347595215e-01,-3.532276451587677002e-01,5.323341861367225647e-02
6.410397291183471680e-01,0.000000000000000000e+00,1.782456040382385254e-01,8.260495215654373169e-02,-6.938666850328445435e-02,-1.537968218326568604e-01,3.480666503310203552e-02,-7.685120403766632080e-02,-1.979887038469314575e-01,-2.003005146980285645e-01,7.322269678115844727e-02,1.431356668472290039e-01,-9.850326925516128540e-03,7.487360388040542603e-02,-4.615245014429092407e-02,-1.335381157696247101e-02,1.187281906604766846e-01,3.355800211429595947e-01,2.938472926616668701e-01,3.950019180774688721e-01,-3.256217017769813538e-02,-1.452768743038177490e-01,-1.207393631339073181e-01,-4.522356204688549042e-03,-8.428825438022613525e-02,-1.585246026515960693e-01,-9.123355150222778320e-02,-5.832714214920997620e-02,-2.060233987867832184e-02,-9.575643576681613922e-03,-3.258458673954010010e-01,-2.745975852012634277e-01,6.016181409358978271e-02,6.321300566196441650e-02,-1.553659290075302124e-01,-3.822629451751708984e-01,-6.856688112020492554e-02,6.278903782367706299e-02,1.061094477772712708e-01,1.819649338722229004e-01,9.573964774608612061e-02,4.670781269669532776e-02,-1.466346234083175659e-01,1.375322788953781128e-01,3.738635480403900146e-01,4.002459943294525146e-01,4.030762985348701477e-02,1.381383538246154785e-01,3.443984605837613344e-04,-3.321737516671419144e-03,3.477212414145469666e-02,-1.574524678289890289e-02,-1.682891547679901123e-01,-1.635489463806152344e-01,1.008236110210418701e-01,1.723205745220184326e-01,6.951870322227478027e-01,7.395641803741455078e-01,2.147529721260070801e-01,2.251468598842620850e-01,1.214207112789154053e-01,-3.010551631450653076e-01,1.668901890516281128e-01,2.126272916793823242e-01,-4.279884696006774902e-02,-2.422157824039459229e-01,1.166444495320320129e-01,1.937332600355148315e-01,2.611889839172363281e-01,3.332332372665405273e-01,-4.212115108966827393e-01,-3.487075865268707275e-01,-5.703943967819213867e-02,-2.293718606233596802e-01,-1.396379172801971436e-01,-1.925308108329772949e-01,-2.227308303117752075e-01,-1.356670409440994263e-01,-1.682095378637313843e-01,-1.347345560789108276e-01,6.528326775878667831e-03,1.310744434595108032e-01,-5.837882868945598602e-03,8.298101276159286499e-02,2.747472524642944336e-01,2.147060483694076538e-01,1.621851697564125061e-02,-2.510326448827981949e-03,1.112597584724426270e-01,-5.831409618258476257e-02,-4.749638140201568604e-01,-4.701879620552062988e-01,-3.317394256591796875e-01,-2.802448272705078125e-01,-7.336320728063583374e-02,-1.317787021398544312e-01,-2.688839137554168701e-01,-3.471746444702148438e-01,-4.382879137992858887e-01,-4.750935435295104980e-01,-2.489741146564483643e-01,-1.020514965057373047e-01,-2.110289335250854492e-01,-2.808139324188232422e-01,-2.318143546581268311e-01,-1.941634565591812134e-01,-9.693387895822525024e-02,-1.669488251209259033e-01,-5.090165510773658752e-02,-1.281269192695617676e-01,-4.105724096298217773e-01,-3.943133354187011719e-01,-3.248833715915679932e-01,-3.751702010631561279e-01,-4.395963549613952637e-01,-4.289472103118896484e-02
2.252594828605651855e-01,1.782456040382385254e-01,0.000000000000000000e+00,5.120592713356018066e-01,2.576695196330547333e-02,7.454042881727218628e-02,5.085508823394775391e-01,2.210768312215805054e-01,1.198136433959007263e-01,4.319416731595993042e-02,-6.591639667749404907e-02,-9.373769909143447876e-02,2.512539923191070557e-01,-1.085967104882001877e-02,1.982175260782241821e-01,1.277615278959274292e-01,-5.275456979870796204e-02,4.665796458721160889e-02,3.413858711719512939e-01,2.475334405899047852e-01,7.615455985069274902e-02,-4.654381796717643738e-02,5.280810594558715820e-01,4.872437715530395508e-01,5.072487890720367432e-02,4.572279378771781921e-02,3.636540472507476807e-02,6.108103692531585693e-02,1.167447213083505630e-02,-1.108645796775817871e-01,-2.424955740571022034e-02,1.599842607975006104e-01,2.108274400234222412e-01,1.015177071094512939e-01,1.197058930993080139e-01,-1.147467717528343201e-01,-3.238400816917419434e-02,2.648826502263545990e-02,-1.204738765954971313e-01,-7.173664867877960205e-02,8.087745308876037598e-02,-1.174254417419433594e-01,-2.236571907997131348e-01,-1.536788791418075562e-01,2.025271952152252197e-02,-4.991741105914115906e-02,-1.015639975666999817e-01,-5.062627419829368591e-02,-8.932834118604660034e-02,-1.717401146888732910e-01,-1.505215167999267578e-01,-1.877747327089309692e-01,-2.641131281852722168e-01,-2.831862568855285645e-01,-4.428803175687789917e-02,-1.670898199081420898e-01,1.275672614574432373e-01,8.598355948925018311e-02,2.857857570052146912e-02,-9.190521389245986938e-02,8.702047914266586304e-02,-1.264216899871826172e-01,-7.001186162233352661e-02,4.512037150561809540e-03,3.531646430492401123e-01,2.900344505906105042e-02,1.762468069791793823e-01,-3.707364434376358986e-03,2.316876202821731567e-01,2.481123954057693481e-01,-1.422812044620513916e-02,-5.697191134095191956e-02,-7.243289053440093994e-02,-2.041662298142910004e-02,-1.057318150997161865e-01,-3.194728493690490723e-02,-6.409122049808502197e-02,-8.806374669075012207e-02,-1.048676520586013794e-01,-1.128123551607131958e-01,-4.492134600877761841e-02,1.795170456171035767e-01,3.804517909884452820e-02,4.604855552315711975e-02,1.352533549070358276e-01,2.439746633172035217e-02,-6.089268717914819717e-04,-6.084372475743293762e-02,8.109200745820999146e-02,-1.576271802186965942e-01,-2.078220993280410767e-01,-8.751317113637924194e-02,-1.462370157241821289e-01,-1.205275021493434906e-02,-1.679912060499191284e-01,-1.735596209764480591e-01,-2.855149805545806885e-01,-2.023682296276092529e-01,-2.282836139202117920e-01,-1.706917881965637207e-01,-1.679623723030090332e-01,-4.770136252045631409e-02,-3.510809689760208130e-02,-4.881732538342475891e-02,-8.329139649868011475e-02,-2.907689101994037628e-02,-4.355147946625947952e-03,-5.655039846897125244e-02,-2.566835284233093262e-02,-1.772703081369400024e-01,-2.889041006565093994e-01,-2.035002857446670532e-01,-1.418907195329666138e-01,-1.129743009805679321e-01,-4.911111295223236084e-02,1.219963878393173218e-01
1.795315593481063843e-01,8.260495215654373169e-02,5.120592713356018066e-01,0.000000000000000000e+00,1.626238226890563965e-01,2.121651321649551392e-01,4.266661107540130615e-01,5.818246603012084961e-01,1.684418767690658569e-01,6.805080175399780273e-02,-1.993155181407928467e-01,-1.863528415560722351e-02,1.599864810705184937e-01,1.103458106517791748e-01,2.267748303711414337e-02,1.948931366205215454e-01,-2.358765453100204468e-01,-9.818424284458160400e-02,1.710248440504074097e-01,2.066644430160522461e-01,9.308461099863052368e-02,-1.200182884931564331e-01,4.046984314918518066e-01,4.867758750915527344e-01,1.176353469491004944e-01,2.000024616718292236e-01,1.148779094219207764e-01,1.615209728479385376e-01,-1.568022221326828003e-01,-2.479303181171417236e-01,1.539074070751667023e-02,2.975058555603027344e-01,8.297932147979736328e-02,1.977765411138534546e-01,1.487690359354019165e-01,6.725370138883590698e-02,-2.289952710270881653e-02,5.391755700111389160e-02,-1.274976730346679688e-01,-1.459983829408884048e-02,2.577204443514347076e-02,-1.352120339870452881e-01,-2.227162867784500122e-01,-1.301774978637695312e-01,-1.305050589144229889e-02,-4.075051844120025635e-02,-2.104457318782806396e-01,-1.116632819175720215e-01,-2.665965557098388672e-01,-2.077511101961135864e-01,-1.162157282233238220e-01,-2.311443910002708435e-02,-1.853568702936172485e-01,-2.318164408206939697e-01,-6.903176754713058472e-02,-1.079796329140663147e-01,8.452942222356796265e-02,4.366000369191169739e-02,3.959658741950988770e-02,8.001901209354400635e-02,1.003390774130821228e-01,8.008822798728942871e-02,-2.625937163829803467e-01,-1.989701837301254272e-01,2.248577177524566650e-01,2.805752456188201904e-01,2.270085960626602173e-01,2.203376591205596924e-01,9.012295305728912354e-02,6.674132496118545532e-02,-6.165723130106925964e-02,-4.665521532297134399e-02,-1.249769330024719238e-01,-8.443582803010940552e-02,-1.214087530970573425e-01,-2.567108906805515289e-02,-2.192865759134292603e-01,-1.976925581693649292e-01,-3.037299513816833496e-01,-2.190006971359252930e-01,-1.677827835083007812e-01,1.886175721883773804e-01,-9.371764957904815674e-02,-3.429099684581160545e-03,7.412538863718509674e-03,1.745827496051788330e-01,-5.344511196017265320e-02,-1.213792264461517334e-01,8.959197252988815308e-02,4.280360415577888489e-02,-8.289293944835662842e-02,-6.950686126947402954e-02,-1.747626252472400665e-02,-9.703962132334709167e-04,-2.263277769088745117e-01,-1.978446096181869507e-01,-2.831712365150451660e-01,-1.716871112585067749e-01,-1.692829728126525879e-01,-1.864238828420639038e-01,-6.697642803192138672e-02,8.846230804920196533e-03,-7.475471589714288712e-03,-4.257860779762268066e-02,-5.816056951880455017e-02,-5.241890996694564819e-02,3.857834637165069580e-02,3.477547317743301392e-02,-9.880490601062774658e-02,-1.918859481811523438e-01,-2.723553478717803955e-01,-2.100248485803604126e-01,-1.710096299648284912e-01,-1.231603473424911499e-01,-8.863798528909683228e-02,3.239767625927925110e-02
-1.362038552761077881e-01,-6.938666850328445435e-02,2.576695196330547333e-02,1.626238226890563965e-01,0.000000000000000000e+00,6.078100800514221191e-01,-2.315262556076049805e-01,-1.148489713668823242e-01,5.722641944885253906e-01,4.230331778526306152e-01,-2.126512080430984497e-01,-2.654413282871246338e-01,-1.193016543984413147e-01,5.852480605244636536e-02,3.026789426803588867e-01,-5.142205208539962769e-02,-1.992373019456863403e-01,4.741048905998468399e-03,-1.128912419080734253e-01,-1.327748596668243408e-01,3.115789294242858887e-01,2.311972677707672119e-01,1.238956749439239502e-01,1.820712089538574219e-01,4.519328773021697998e-01,4.653430581092834473e-01,7.550516128540039062e-01,6.742212772369384766e-01,-7.912988215684890747e-02,-1.805202662944793701e-01,2.852549254894256592e-01,2.998379468917846680e-01,-1.112806275486946106e-01,3.147708252072334290e-02,4.909312725067138672e-02,9.386205114424228668e-03,-5.895403400063514709e-02,-3.543962538242340088e-02,-8.349658548831939697e-02,3.667349368333816528e-02,-2.102258503437042236e-01,-2.604281902313232422e-01,1.939867064356803894e-02,9.045239537954330444e-02,1.145984381437301636e-01,-3.266858682036399841e-02,1.156791392713785172e-02,-3.571561351418495178e-02,2.457601483911275864e-03,1.895599998533725739e-02,-4.185604397207498550e-03,7.755162566900253296e-02,3.491371124982833862e-02,-9.678237885236740112e-02,-1.334625929594039917e-01,1.496216654777526855e-01,5.826576426625251770e-02,5.034929886460304260e-02,-1.181884631514549255e-01,6.461662799119949341e-02,-1.429990082979202271e-01,8.287366479635238647e-03,-4.831354692578315735e-02,-8.688081800937652588e-02,1.370329856872558594e-01,4.709425941109657288e-02,2.231554500758647919e-02,3.582262620329856873e-02,-5.290431529283523560e-02,-5.165253765881061554e-03,6.625608354806900024e-02,1.677315384149551392e-01,-1.524063050746917725e-01,-8.990124613046646118e-02,1.405198723077774048e-01,2.856514474842697382e-04,-8.257783949375152588e-02,-1.518755704164505005e-01,-3.204987645149230957e-01,-9.902019053697586060e-02,-2.150374464690685272e-02,-1.782786995172500610e-01,-1.398781090974807739e-01,-8.531212806701660156e-02,-1.825480014085769653e-01,-1.365775167942047119e-01,2.559254169464111328e-01,2.504547238349914551e-01,2.030005753040313721e-01,1.239121705293655396e-01,2.966121770441532135e-02,1.753891557455062866e-01,1.925322115421295166e-01,1.904571205377578735e-01,-2.248999625444412231e-01,-1.272107660770416260e-01,-1.547748893499374390e-01,-6.084347888827323914e-02,-8.113939315080642700e-02,-4.573169723153114319e-02,-2.666276693344116211e-02,-9.560629725456237793e-02,-1.047595441341400146e-01,-1.527713425457477570e-02,1.315233856439590454e-01,1.119155511260032654e-01,7.272730767726898193e-02,4.658850282430648804e-02,-1.006469950079917908e-01,-8.447324484586715698e-02,-1.277325004339218140e-01,-2.582316286861896515e-02,-2.471645735204219818e-02,-1.151927486062049866e-01,-2.519493736326694489e-02,7.840683311223983765e-02
-5.293228477239608765e-02,-1.537968218326568604e-01,7.454042881727218628e-02,2.121651321649551392e-01,6.078100800514221191e-01,0.000000000000000000e+00,-9.537503356114029884e-04,1.005213260650634766e-01,4.867761731147766113e-01,4.573133885860443115e-01,-1.929650902748107910e-01,-3.826137632131576538e-02,7.522765547037124634e-02,2.672864794731140137e-01,3.218942284584045410e-01,2.685020864009857178e-01,-3.504242599010467529e-01,-6.903655827045440674e-02,-2.751301787793636322e-02,-9.784805774688720703e-02,3.845220804214477539e-01,1.923210918903350830e-01,1.195616461336612701e-02,1.869284063577651978e-01,3.992421925067901611e-01,4.825074374675750732e-01,6.924132108688354492e-01,6.982790231704711914e-01,1.070545054972171783e-02,-1.062139719724655151e-01,2.843069732189178467e-01,2.841806113719940186e-01,-6.047614291310310364e-02,2.864929148927330971e-03,-9.207089990377426147e-02,2.201204933226108551e-02,-1.670510321855545044e-01,2.434387058019638062e-02,-2.731774747371673584e-01,-3.702094778418540955e-02,-1.907820701599121094e-01,-2.852052152156829834e-01,-8.379962295293807983e-02,3.277811780571937561e-02,4.496980085968971252e-02,6.374497432261705399e-03,-7.657783478498458862e-02,-5.114254355430603027e-02,-2.854689769446849823e-02,2.736535109579563141e-02,1.529467403888702393e-01,1.497728526592254639e-01,1.412920802831649780e-01,-3.919232636690139771e-02,-1.769685149192810059e-01,1.091125831007957458e-01,-2.425753884017467499e-02,-6.583601236343383789e-02,8.756667375564575195e-02,1.749283224344253540e-01,4.510317370295524597e-02,1.184035465121269226e-01,-1.693428009748458862e-01,-1.352308392524719238e-01,1.581811010837554932e-01,5.983709543943405151e-02,-5.983003973960876465e-02,8.511009812355041504e-02,-4.483709856867790222e-02,4.701576253864914179e-04,1.453195959329605103e-01,1.534756124019622803e-01,-1.770097762346267700e-01,2.005178667604923248e-02,6.857057660818099976e-02,8.022778481245040894e-02,-3.478275984525680542e-02,-8.765055239200592041e-02,-4.016638100147247314e-01,-1.726075708866119385e-01,-5.250597000122070312e-02,3.123716078698635101e-02,-1.419813483953475952e-01,5.078930407762527466e-02,-3.173779323697090149e-02,9.697411209344863892e-02,3.076406382024288177e-02,7.918119430541992188e-02,1.876781731843948364e-01,7.433271408081054688e-02,6.790643185377120972e-02,1.649509817361831665e-01,2.138679772615432739e-01,2.083978056907653809e-01,-3.307160437107086182e-01,-1.221073418855667114e-01,-1.467710435390472412e-01,-5.387004464864730835e-02,-2.020842581987380981e-02,-2.145344391465187073e-03,9.939517080783843994e-02,-1.621261611580848694e-02,-1.192865427583456039e-02,6.968811154365539551e-02,1.113191619515419006e-01,5.574825406074523926e-02,4.784234613180160522e-02,1.205247864127159119e-01,-1.096718683838844299e-01,-8.790852874517440796e-02,-9.038006514310836792e-02,-5.334826931357383728e-02,-7.332630455493927002e-02,-8.709530532360076904e-02,2.246814407408237457e-02,1.204227730631828308e-01
3.241754472255706787e-01,3.480666503310203552e-02,5.085508823394775391e-01,4.266661107540130615e-01,-2.315262556076049805e-01,-9.537503356114029884e-04,0.000000000000000000e+00,5.330873727798461914e-01,8.917995542287826538e-02,-4.882054030895233154e-02,1.606516540050506592e-01,1.832796633243560791e-01,5.581572055816650391e-01,9.217544645071029663e-02,1.643403321504592896e-01,3.270670771598815918e-01,-1.945045739412307739e-01,-1.694577634334564209e-01,3.738351762294769287e-01,2.291232049465179443e-01,-1.173974666744470596e-02,-1.518009454011917114e-01,2.462911158800125122e-01,1.678809523582458496e-01,-1.208399161696434021e-01,-9.796152263879776001e-02,-1.414315253496170044e-01,-4.513826593756675720e-02,-4.657119885087013245e-02,-9.294567257165908813e-02,-1.049023717641830444e-01,6.508558988571166992e-02,1.855410784482955933e-01,6.849095225334167480e-02,-3.631454333662986755e-02,-1.211394220590591431e-01,-2.571895532310009003e-02,-6.974851340055465698e-02,-1.385723054409027100e-01,-1.784828156232833862e-01,1.228074729442596436e-01,-1.289453357458114624e-01,-2.090439349412918091e-01,-2.146587669849395752e-01,-1.347665339708328247e-01,-9.838719666004180908e-02,-1.482266038656234741e-01,-7.493686676025390625e-02,-1.532237678766250610e-01,-1.565516442060470581e-01,-7.446227967739105225e-02,-1.922796517610549927e-01,-1.605894863605499268e-01,-2.502053976058959961e-01,-1.806031316518783569e-01,-3.201606869697570801e-01,1.658234372735023499e-02,-1.410136222839355469e-01,1.395789682865142822e-01,-6.156842410564422607e-02,3.997326195240020752e-01,1.555462088435888290e-02,-2.621065676212310791e-01,-1.941611319780349731e-01,1.507084667682647705e-01,3.040878847241401672e-02,1.665062643587589264e-02,-1.341127902269363403e-01,7.619299739599227905e-02,3.945335373282432556e-02,8.230111002922058105e-02,2.930285409092903137e-02,-2.206854894757270813e-02,-1.411420200020074844e-02,-1.602049916982650757e-01,-3.705560415983200073e-02,-8.970864117145538330e-03,-5.888870730996131897e-02,-1.302952468395233154e-01,-1.167945489287376404e-01,-1.215406656265258789e-01,3.269776403903961182e-01,-1.821837387979030609e-02,9.112362563610076904e-02,1.109348312020301819e-01,1.669429689645767212e-01,-1.531875878572463989e-01,-3.113664984703063965e-01,-4.335542768239974976e-02,-1.888926923274993896e-01,-1.861594021320343018e-01,8.514543995261192322e-03,-1.723412573337554932e-01,9.261698462069034576e-03,-1.934272944927215576e-01,-1.774259507656097412e-01,-2.656770944595336914e-01,-1.749172806739807129e-01,-9.756527841091156006e-02,-1.581176742911338806e-02,-1.090667769312858582e-01,5.463289096951484680e-02,-8.104639500379562378e-02,-5.107905715703964233e-02,-5.411358922719955444e-02,4.613588750362396240e-02,9.067115187644958496e-02,7.507432997226715088e-02,-6.323183327913284302e-02,-1.918659955263137817e-01,-1.813041716814041138e-01,-9.771595150232315063e-02,-9.523747116327285767e-02,-4.446201026439666748e-02,8.083499222993850708e-02,1.604779064655303955e-01
1.711641252040863037e-01,-7.685120403766632080e-02,2.210768312215805054e-01,5.818246603012084961e-01,-1.148489713668823242e-01,1.005213260650634766e-01,5.330873727798461914e-01,0.000000000000000000e+00,4.370034858584403992e-02,8.891929686069488525e-02,3.559978306293487549e-02,3.436100184917449951e-01,2.975548505783081055e-01,2.071525007486343384e-01,4.980200901627540588e-03,3.614392578601837158e-01,-2.866301536560058594e-01,-3.632051646709442139e-01,1.259686499834060669e-01,1.706262975931167603e-01,-3.348469734191894531e-02,-2.659658789634704590e-01,7.579016685485839844e-02,1.670946478843688965e-01,-1.819659471511840820e-01,-1.571713201701641083e-02,-9.969938546419143677e-02,-1.614385657012462616e-02,-1.587221771478652954e-01,-1.970672160387039185e-01,-8.385346829891204834e-02,1.528888493776321411e-01,-3.718249127268791199e-02,1.272850483655929565e-01,-7.012494653463363647e-02,-1.043235696852207184e-02,-5.209436267614364624e-02,-5.136419460177421570e-02,-9.970812499523162842e-02,-7.922490686178207397e-02,7.281935960054397583e-02,-1.460209488868713379e-01,-2.235976308584213257e-01,-2.336703538894653320e-01,-2.035977244377136230e-01,-1.180859580636024475e-01,-2.717105150222778320e-01,-1.695185899734497070e-01,-2.986499071121215820e-01,-1.379091441631317139e-01,-4.914959892630577087e-02,5.204984173178672791e-02,-6.129322107881307602e-03,-2.636235766112804413e-02,-1.436028778553009033e-01,-2.792036831378936768e-01,-1.002532094717025757e-01,-1.691493988037109375e-01,1.434234082698822021e-01,2.256350368261337280e-01,3.288540542125701904e-01,4.142449498176574707e-01,-3.547249436378479004e-01,-2.549567520618438721e-01,-2.358253858983516693e-02,3.573773205280303955e-01,-6.793556362390518188e-02,4.545531049370765686e-02,-1.455564051866531372e-01,-1.741724908351898193e-01,4.307418130338191986e-03,-2.810258790850639343e-02,-4.407622665166854858e-02,-6.333874911069869995e-02,-1.162853166460990906e-01,-3.367857635021209717e-02,-2.213794589042663574e-01,-2.015116512775421143e-01,-2.381684333086013794e-01,-2.322448343038558960e-01,-2.042649537324905396e-01,2.377413511276245117e-01,-1.964017376303672791e-02,5.935628712177276611e-02,3.018245287239551544e-02,2.707787752151489258e-01,-2.161375135183334351e-01,-3.615412116050720215e-01,-3.200704976916313171e-02,6.405753642320632935e-02,4.420717433094978333e-02,-2.778533101081848145e-02,6.983473896980285645e-02,-2.520763687789440155e-02,-1.789081692695617676e-01,-1.054131612181663513e-01,-2.027523219585418701e-01,-1.290390789508819580e-01,-6.589758396148681641e-02,-6.605980545282363892e-02,6.725405901670455933e-02,6.432582437992095947e-02,-2.860359381884336472e-03,-5.771566182374954224e-02,-3.427182510495185852e-02,-5.035279691219329834e-02,6.563147902488708496e-02,6.259153783321380615e-02,-6.103362143039703369e-02,-1.543759852647781372e-01,-1.224803626537322998e-01,-8.640015125274658203e-02,1.038244180381298065e-02,3.451480343937873840e-02,2.055748924612998962e-02,3.201202303171157837e-02
-1.518649011850357056e-01,-1.979887038469314575e-01,1.198136433959007263e-01,1.684418767690658569e-01,5.722641944885253906e-01,4.867761731147766113e-01,8.917995542287826538e-02,4.370034858584403992e-02,0.000000000000000000e+00,6.197692751884460449e-01,-2.548129670321941376e-02,-8.880044519901275635e-02,6.987168639898300171e-02,1.876224279403686523e-01,5.389009118080139160e-01,1.207110937684774399e-03,-1.860250234603881836e-01,-6.224067881703376770e-02,-9.776508668437600136e-04,-1.805993765592575073e-01,3.166180253028869629e-01,1.522999703884124756e-01,1.264727711677551270e-01,1.570341289043426514e-01,2.524713277816772461e-01,3.952084779739379883e-01,5.621705055236816406e-01,5.332224369049072266e-01,4.688565433025360107e-02,-6.280829757452011108e-02,3.370303511619567871e-01,3.452158272266387939e-01,3.638221323490142822e-02,6.686414778232574463e-02,3.185006231069564819e-02,8.605530858039855957e-02,-1.693827658891677856e-01,-7.156755030155181885e-02,-1.928131729364395142e-01,6.968311965465545654e-02,-1.270299106836318970e-01,-3.106081187725067139e-01,-1.792168803513050079e-02,-3.588166832923889160e-02,-5.526213347911834717e-02,-1.842967867851257324e-01,-6.289137154817581177e-02,-8.963594585657119751e-02,-6.786962598562240601e-02,-6.521987915039062500e-02,-8.482120186090469360e-02,-6.252437829971313477e-02,-4.789702594280242920e-02,-1.860815286636352539e-01,-2.692179679870605469e-01,1.836859993636608124e-02,-3.623525798320770264e-02,-1.006605848670005798e-01,-1.296960264444351196e-01,-7.654131203889846802e-02,1.154754608869552612e-01,1.732864379882812500e-01,-3.784821927547454834e-02,-1.211493834853172302e-02,1.028724983334541321e-01,6.784758716821670532e-02,-1.522371172904968262e-01,-1.829884648323059082e-01,-1.058535724878311157e-01,-6.632569432258605957e-02,2.196098119020462036e-01,3.138762712478637695e-01,-3.354920074343681335e-02,2.417967282235622406e-02,1.479350328445434570e-01,4.356319829821586609e-02,5.675898119807243347e-02,-5.245736241340637207e-02,-3.182864487171173096e-01,1.257207337766885757e-02,2.825097180902957916e-02,-1.126019656658172607e-01,-2.459896951913833618e-01,-2.132412493228912354e-01,-1.886199414730072021e-01,-2.037903815507888794e-01,1.887828856706619263e-01,1.537894904613494873e-01,7.178791612386703491e-02,7.410895079374313354e-02,4.003980755805969238e-02,2.581002712249755859e-01,1.347162872552871704e-01,2.458519190549850464e-01,-2.509251534938812256e-01,-7.438001781702041626e-02,-9.951942414045333862e-02,2.645669132471084595e-02,1.172016710042953491e-01,2.062339782714843750e-01,-3.577749058604240417e-02,-1.901725865900516510e-02,-9.285765886306762695e-02,7.508432865142822266e-02,8.798956125974655151e-02,1.461845040321350098e-01,1.287798583507537842e-01,1.251731067895889282e-01,-1.219826415181159973e-01,6.236712262034416199e-02,-9.375288151204586029e-03,1.503208279609680176e-01,8.051471412181854248e-02,4.655306413769721985e-02,1.204363629221916199e-01,7.757522165775299072e-02
-1.936231404542922974e-01,-2.003005146980285645e-01,4.319416731595993042e-02,6.805080175399780273e-02,4.230331778526306152e-01,4.573133885860443115e-01,-4.882054030895233154e-02,8.891929686069488525e-02,6.197692751884460449e-01,0.000000000000000000e+00,-3.290579840540885925e-02,5.425596609711647034e-03,-7.014802843332290649e-02,2.426120638847351074e-01,4.975282251834869385e-01,-2.202689088881015778e-02,-1.317443698644638062e-01,-1.974135637283325195e-01,-2.382904663681983948e-02,-1.288359165191650391e-01,1.548152267932891846e-01,1.765802651643753052e-01,1.423432119190692902e-02,1.003622412681579590e-01,6.804401427507400513e-02,2.745353281497955322e-01,4.357295334339141846e-01,4.033778607845306396e-01,-1.946494728326797485e-02,-3.841587901115417480e-02,2.859909534454345703e-01,2.284438610076904297e-01,-1.335683017969131470e-01,-5.042150989174842834e-02,-3.871560841798782349e-02,5.867292359471321106e-02,-1.641986519098281860e-01,-1.210126578807830811e-01,-2.040520869195461273e-02,1.186348795890808105e-01,-9.011638164520263672e-02,-2.280093729496002197e-01,-7.952420413494110107e-02,-9.897509962320327759e-02,-1.690903902053833008e-01,-2.462229877710342407e-01,-1.415852457284927368e-01,-2.199121117591857910e-01,-7.152362167835235596e-02,-6.144961714744567871e-02,-5.240805819630622864e-02,-1.615260727703571320e-03,1.564375683665275574e-02,-5.855217203497886658e-02,-3.006796240806579590e-01,-2.053782157599925995e-02,-1.316601783037185669e-01,-8.446151763200759888e-02,-7.219750434160232544e-02,3.957028314471244812e-02,1.122757047414779663e-01,3.589904308319091797e-01,9.043128229677677155e-04,3.021395951509475708e-02,4.125869367271661758e-03,7.284450531005859375e-02,-3.261917233467102051e-01,-2.533851563930511475e-01,-1.411671191453933716e-01,-1.167110204696655273e-01,2.398673593997955322e-01,2.464796751737594604e-01,-4.185164719820022583e-02,1.361211985349655151e-01,2.638602256774902344e-01,6.838825345039367676e-02,4.060977324843406677e-02,-2.274561673402786255e-02,-1.473055481910705566e-01,6.846950948238372803e-02,3.376310691237449646e-02,-2.363010793924331665e-01,-7.951438426971435547e-02,-2.088592052459716797e-01,-1.736271083354949951e-01,-2.325138598680496216e-01,1.614717841148376465e-01,2.169832140207290649e-01,2.771449362626299262e-05,5.210668966174125671e-02,2.519963383674621582e-01,2.588589191436767578e-01,3.779298961162567139e-01,2.209720462560653687e-01,-2.142797410488128662e-01,-4.469043388962745667e-02,-6.939062848687171936e-03,7.716873288154602051e-02,1.494969576597213745e-01,2.107574194669723511e-01,6.558781117200851440e-02,-7.993125915527343750e-02,-4.012432321906089783e-02,1.691541075706481934e-02,1.233658492565155029e-01,6.918554008007049561e-02,1.156668886542320251e-01,8.695528656244277954e-02,-2.933599799871444702e-02,3.339448571205139160e-02,1.025525331497192383e-01,2.112727463245391846e-01,2.057666480541229248e-01,1.167051717638969421e-01,1.547891795635223389e-01,7.243155688047409058e-02
1.454105824232101440e-01,7.322269678115844727e-02,-6.591639667749404907e-02,-1.993155181407928467e-01,-2.126512080430984497e-01,-1.929650902748107910e-01,1.606516540050506592e-01,3.559978306293487549e-02,-2.548129670321941376e-02,-3.290579840540885925e-02,0.000000000000000000e+00,3.832114338874816895e-01,4.075651466846466064e-01,2.738598585128784180e-01,1.716290116310119629e-01,9.283377975225448608e-02,1.705404669046401978e-01,6.389306485652923584e-02,9.710334986448287964e-02,5.930583551526069641e-02,1.546856667846441269e-02,-2.287548035383224487e-01,-1.210910230875015259e-01,-1.954346001148223877e-01,-2.691476047039031982e-01,-3.461608290672302246e-01,-2.451734095811843872e-01,-1.625183373689651489e-01,2.325976043939590454e-01,4.058612138032913208e-02,-1.605961769819259644e-01,-1.326286345720291138e-01,-6.781554967164993286e-02,-1.143519505858421326e-01,-2.487207353115081787e-01,-2.629820108413696289e-01,-5.945354327559471130e-02,-3.991240262985229492e-02,-8.860574662685394287e-02,1.766465790569782257e-02,2.828438282012939453e-01,-2.844117768108844757e-02,-6.791827827692031860e-02,-1.681944727897644043e-02,-7.258540485054254532e-03,4.545714333653450012e-02,-1.713066995143890381e-01,-6.612685322761535645e-02,2.079418674111366272e-02,4.659942910075187683e-02,8.563391119241714478e-02,4.310724511742591858e-02,-1.375718507915735245e-02,2.465686760842800140e-02,-2.175785005092620850e-01,-1.110453829169273376e-01,5.165491625666618347e-02,7.701431959867477417e-02,1.852425932884216309e-01,1.142444759607315063e-01,4.560894370079040527e-01,2.215361744165420532e-01,2.358208447694778442e-01,2.713569998741149902e-01,-4.045259952545166016e-02,-1.100508309900760651e-02,-2.444333136081695557e-01,-3.000394105911254883e-01,-1.146433055400848389e-01,-6.516841053962707520e-02,9.825069457292556763e-02,4.496159404516220093e-02,3.801468312740325928e-01,1.249090656638145447e-01,1.296620815992355347e-02,-3.763558343052864075e-02,-4.818458110094070435e-02,-5.892605986446142197e-03,1.876311376690864563e-02,3.269769996404647827e-02,9.341447055339813232e-02,4.587974399328231812e-02,-8.134835958480834961e-02,-4.995544627308845520e-02,2.289581894874572754e-01,6.441859062761068344e-03,-1.172821819782257080e-01,-4.912352934479713440e-02,2.042198926210403442e-02,3.164519369602203369e-02,-1.007699593901634216e-01,-1.346949189901351929e-01,-1.293575614690780640e-01,-1.239134743809700012e-01,-1.571565270423889160e-01,-1.129028126597404480e-01,-2.043379098176956177e-01,-2.864260077476501465e-01,-1.316492110490798950e-01,-2.157404460012912750e-02,-1.363727599382400513e-01,-6.884109973907470703e-02,-1.861941367387771606e-01,-1.905993372201919556e-01,-1.312084048986434937e-01,-1.363898962736129761e-01,-5.207712948322296143e-02,-1.084838360548019409e-01,-1.071870699524879456e-01,2.753647416830062866e-02,-1.106228530406951904e-01,-6.420932710170745850e-02,1.352842897176742554e-01,5.777079239487648010e-02,-6.794025748968124390e-02,-1.274268478155136108e-01
2.904480695724487305e-01,1.431356668472290039e-01,-9.373769909143447876e-02,-1.863528415560722351e-02,-2.654413282871246338e-01,-3.826137632131576538e-02,1.832796633243560791e-01,3.436100184917449951e-01,-8.880044519901275635e-02,5.425596609711647034e-03,3.832114338874816895e-01,0.000000000000000000e+00,2.514916658401489258e-01,4.128203392028808594e-01,5.941086634993553162e-02,2.527003586292266846e-01,-7.889610528945922852e-02,-4.285898432135581970e-02,-5.901288706809282303e-03,-1.690079644322395325e-02,3.822337090969085693e-02,-2.815231978893280029e-01,-2.827529013156890869e-01,-1.227225288748741150e-01,-3.009627461433410645e-01,-2.127798199653625488e-01,-1.887229084968566895e-01,-1.148259788751602173e-01,9.201774746179580688e-02,6.670882552862167358e-02,-7.958985865116119385e-02,-8.482462912797927856e-02,-1.435637623071670532e-01,-1.039571389555931091e-01,-3.499375879764556885e-01,-2.138952165842056274e-01,-2.072157412767410278e-01,1.558896712958812714e-02,-1.490392386913299561e-01,9.341038763523101807e-03,1.419296860694885254e-01,-4.355106130242347717e-02,-6.667863577604293823e-02,2.636157535016536713e-02,2.277420833706855774e-02,1.196568161249160767e-01,-1.514269709587097168e-01,-5.060365796089172363e-02,-3.480044193565845490e-03,1.417012661695480347e-01,2.643564343452453613e-01,3.192430138587951660e-01,1.974021941423416138e-01,2.698921561241149902e-01,-8.920367062091827393e-02,-3.985928744077682495e-02,5.565842613577842712e-02,4.125957563519477844e-02,3.237069547176361084e-01,3.664573132991790771e-01,3.686987459659576416e-01,3.399560153484344482e-01,-1.047998815774917603e-01,8.310226351022720337e-02,-2.130493074655532837e-01,4.293577000498771667e-02,-2.948835194110870361e-01,-9.597522765398025513e-02,-2.097865194082260132e-01,-1.558818370103836060e-01,1.200707815587520599e-02,-4.599783942103385925e-02,1.131662353873252869e-01,7.050805725157260895e-03,-2.561506256461143494e-02,3.452765196561813354e-02,-1.399394124746322632e-01,-9.066506475210189819e-02,-9.948733448982238770e-02,-1.030392274260520935e-01,-2.023369260132312775e-02,1.874347776174545288e-01,-1.107591912150382996e-01,7.525351643562316895e-02,1.363390535116195679e-01,2.017692327499389648e-01,-2.027318626642227173e-01,-2.206306457519531250e-01,-9.490103274583816528e-02,1.101067513227462769e-01,-5.715049803256988525e-02,-1.009572669863700867e-01,5.600937455892562866e-02,-1.251294314861297607e-01,-1.160400584340095520e-01,2.420515520498156548e-03,-1.598775535821914673e-01,-2.080392390489578247e-01,-6.006078794598579407e-02,-5.247692763805389404e-02,1.793487370014190674e-01,-4.068392887711524963e-02,-1.567644476890563965e-01,-1.978168040513992310e-01,-1.824456155300140381e-01,-1.954766362905502319e-01,-2.732122689485549927e-02,-3.338510170578956604e-02,-3.572629392147064209e-02,6.046294048428535461e-02,-1.521570235490798950e-01,-2.251433022320270538e-02,7.959961146116256714e-02,-7.744150701910257339e-03,-1.219263672828674316e-01,-8.220729976892471313e-02
2.658783495426177979e-01,-9.850326925516128540e-03,2.512539923191070557e-01,1.599864810705184937e-01,-1.193016543984413147e-01,7.522765547037124634e-02,5.581572055816650391e-01,2.975548505783081055e-01,6.987168639898300171e-02,-7.014802843332290649e-02,4.075651466846466064e-01,2.514916658401489258e-01,0.000000000000000000e+00,3.309858143329620361e-01,3.314984440803527832e-01,3.763889670372009277e-01,-1.461417078971862793e-01,-9.277108311653137207e-02,2.221174389123916626e-01,5.420153215527534485e-02,3.036977909505367279e-02,-2.031630426645278931e-01,2.595683336257934570e-01,1.550907045602798462e-01,-1.701798103749752045e-02,-1.227133646607398987e-01,-8.813671022653579712e-02,-6.440720986574888229e-03,-5.041968822479248047e-02,-1.542730182409286499e-01,-1.542773544788360596e-01,-2.155731990933418274e-02,-3.977100178599357605e-02,-7.720540463924407959e-02,-1.835826598107814789e-02,-1.716113984584808350e-01,-1.059936359524726868e-02,-4.695963859558105469e-02,-9.054381400346755981e-02,-7.666896283626556396e-02,9.514744579792022705e-02,-1.099877431988716125e-01,-2.196067869663238525e-01,-1.192679777741432190e-01,3.312537819147109985e-02,1.277893316000699997e-02,-2.261701226234436035e-01,-1.327713131904602051e-01,-1.244821771979331970e-01,-4.853362962603569031e-02,1.259657740592956543e-01,4.305197298526763916e-02,-1.817807182669639587e-02,-1.087239757180213928e-01,-1.451911926269531250e-01,-2.030311822891235352e-01,-5.742807872593402863e-03,-1.064555123448371887e-01,2.538272738456726074e-01,3.658341988921165466e-02,4.812018871307373047e-01,-2.634715521708130836e-03,-2.321941107511520386e-01,-2.414762675762176514e-01,2.544597685337066650e-01,1.139424145221710205e-01,3.472708631306886673e-03,-1.329056769609451294e-01,1.586648076772689819e-02,2.840974740684032440e-02,8.644145727157592773e-02,1.377121731638908386e-02,3.177497535943984985e-02,-4.963298141956329346e-02,-1.590362936258316040e-01,-1.095877811312675476e-01,-1.637407690286636353e-01,-1.746563762426376343e-01,-1.266601979732513428e-01,-1.490032821893692017e-01,-1.697655618190765381e-01,2.481034249067306519e-01,2.236238867044448853e-02,1.187088340520858765e-01,2.763655185699462891e-01,2.193278819322586060e-01,3.399662207812070847e-03,-1.477226316928863525e-01,1.525678783655166626e-01,-5.175250396132469177e-02,-2.342877537012100220e-01,-1.046846136450767517e-01,-1.421423405408859253e-01,-1.083275675773620605e-02,-1.963078975677490234e-01,-2.077849805355072021e-01,-3.743279874324798584e-01,-3.964561820030212402e-01,-3.106069266796112061e-01,-1.789211779832839966e-01,-1.749029308557510376e-01,-7.789275050163269043e-02,-2.245031744241714478e-01,-2.931218147277832031e-01,-1.284349858760833740e-01,-4.072438925504684448e-02,4.716993868350982666e-02,-1.976118050515651703e-02,-3.389830142259597778e-02,-1.675161868333816528e-01,-3.158151507377624512e-01,-3.245519101619720459e-01,-8.277294039726257324e-02,-1.562314182519912720e-01,-4.351610690355300903e-02,9.857641160488128662e-02
