0.000000000000000000e+00,5.667614340782165527e-01,4.051006436347961426e-01,3.965463638305664062e-01,-1.359348297119140625e-01,-1.192445084452629089e-01,5.913118720054626465e-01,3.094547986984252930e-01,-5.966752767562866211e-02,-1.391393244266510010e-01,4.480422735214233398e-01,2.913070917129516602e-01,3.419219553470611572e-01,1.508090794086456299e-01,-2.039518952369689941e-01,4.207774624228477478e-02,8.928163349628448486e-02,2.053053304553031921e-02,5.165201425552368164e-01,5.765494704246520996e-01,-2.871018946170806885e-01,-7.741995900869369507e-02,7.628930360078811646e-02,1.929387897253036499e-01,-1.831558793783187866e-01,-1.003404930233955383e-01,-2.702103555202484131e-02,2.341685071587562561e-02,-1.323918104171752930e-01,4.538595303893089294e-02,5.881190299987792969e-03,1.947055906057357788e-01,3.086665868759155273e-01,3.208231627941131592e-01,1.415530592203140259e-01,1.792856678366661072e-02,4.283690825104713440e-02,-5.963370669633150101e-03,-6.303338706493377686e-02,6.670492887496948242e-02,1.873341500759124756e-01,8.675674349069595337e-02,-1.771443784236907959e-01,-6.317453086376190186e-02,-3.096194267272949219e-01,-6.333340704441070557e-02,-3.466444090008735657e-02,8.988866955041885376e-02,-1.345006078481674194e-01,-8.191558718681335449e-02,-1.427028328180313110e-01,-1.757238060235977173e-01,-1.882118880748748779e-01,-3.852039575576782227e-01,-1.429568529129028320e-01,-1.059434376657009125e-03,5.659386515617370605e-01,3.601791858673095703e-01,4.290329217910766602e-01,2.507891952991485596e-01,4.238749742507934570e-01,1.189028546214103699e-01,3.212585449218750000e-01,2.362956851720809937e-02,-2.683830559253692627e-01,-3.329517543315887451e-01,-1.658596843481063843e-02,2.886150032281875610e-02,4.098659753799438477e-01,4.211652278900146484e-01,1.736488193273544312e-02,2.295488268136978149e-01,3.972496986389160156e-01,1.752625405788421631e-01,-2.661489881575107574e-02,1.039069667458534241e-01,3.550639152526855469e-01,3.054394125938415527e-01,-8.487363159656524658e-02,-1.117571890354156494e-01,-1.822433173656463623e-01,1.068058833479881287e-01,-1.978627443313598633e-01,-1.252662241458892822e-01,-2.557225525379180908e-01,3.244612016715109348e-04,-1.862680725753307343e-02,-1.258256435394287109e-01,-1.440935134887695312e-01,9.058407694101333618e-02,-6.098657101392745972e-02,-1.850881613790988922e-02,-1.716785877943038940e-01,-2.147153019905090332e-01,7.615964114665985107e-02,8.194088935852050781e-02,1.652365736663341522e-02,-7.568006217479705811e-02,-1.382653042674064636e-02,1.406310647726058960e-01,-5.762147158384323120e-02,4.506292939186096191e-02,1.259423345327377319e-01,2.005136311054229736e-01,-9.820710867643356323e-02,-2.630932629108428955e-02,-5.875023547559976578e-03,5.546558275818824768e-02,2.304788529872894287e-01,6.086275354027748108e-02,-7.005172967910766602e-02,-6.197109073400497437e-02,7.676448673009872437e-02,1.882620751857757568e-01,6.868368387222290039e-02,-1.070158407092094421e-01
5.667614340782165527e-01,0.000000000000000000e+00,5.607013106346130371e-01,5.388901233673095703e-01,-5.490177497267723083e-02,-9.832179546356201172e-02,5.247876048088073730e-01,1.641875952482223511e-01,-1.231382936239242554e-01,-1.515763252973556519e-01,3.775447309017181396e-01,3.986990153789520264e-01,3.381245732307434082e-01,2.101410180330276489e-01,-2.417486459016799927e-01,2.085113376379013062e-01,1.134474053978919983e-01,-1.429305374622344971e-01,6.183927059173583984e-01,6.498939990997314453e-01,-2.906549870967864990e-01,-1.537890136241912842e-01,3.175483644008636475e-01,4.821355640888214111e-01,-1.215979456901550293e-01,6.320580840110778809e-02,-2.570642158389091492e-02,5.519071966409683228e-02,-1.973529458045959473e-01,-1.449555605649948120e-01,1.384952366352081299e-01,4.056082367897033691e-01,5.964912176132202148e-01,5.350087285041809082e-01,2.216424047946929932e-01,1.491086483001708984e-01,-2.643605135381221771e-02,5.073626525700092316e-03,-1.404861211776733398e-01,9.885620325803756714e-02,3.174152076244354248e-01,-4.066278040409088135e-02,-2.317251116037368774e-01,-2.006928026676177979e-01,-2.778662741184234619e-01,-3.920396789908409119e-02,3.295975178480148315e-02,1.783053278923034668e-01,-2.348160594701766968e-01,2.648069348651915789e-04,-2.738671004772186279e-01,-1.641023159027099609e-01,-3.914086520671844482e-01,-4.406253993511199951e-01,-2.272727340459823608e-01,1.404091715812683105e-01,5.919175148010253906e-01,6.430897712707519531e-01,3.210069537162780762e-01,3.140780925750732422e-01,2.423583418130874634e-01,1.925655007362365723e-01,5.270134210586547852e-01,1.093934699892997742e-01,-8.754409104585647583e-02,-1.109619140625000000e-01,1.939798146486282349e-01,2.051664292812347412e-01,4.408563375473022461e-01,5.669748187065124512e-01,4.942277073860168457e-02,3.653622269630432129e-01,3.062315881252288818e-01,6.264520436525344849e-02,-1.113396584987640381e-01,9.864781796932220459e-02,2.346776276826858521e-01,3.014076948165893555e-01,-2.299295365810394287e-01,-9.779966622591018677e-02,-2.023896872997283936e-01,2.902950346469879150e-01,-2.789108455181121826e-01,-6.089151278138160706e-02,-4.238138794898986816e-01,1.934953480958938599e-01,-9.896882623434066772e-02,5.692194774746894836e-02,-4.360545575618743896e-01,1.661186218261718750e-01,-3.486247062683105469e-01,-5.886404216289520264e-02,-4.054769575595855713e-01,-3.943430483341217041e-01,-2.127243950963020325e-02,-2.460515871644020081e-02,-8.881027996540069580e-02,-5.072553828358650208e-02,3.672558441758155823e-02,1.283763647079467773e-01,-2.257217466831207275e-01,5.777833610773086548e-02,2.265561074018478394e-01,3.561413586139678955e-01,-3.966399654746055603e-02,1.534723937511444092e-01,4.744381457567214966e-02,2.214226275682449341e-01,1.937858760356903076e-01,-5.627410113811492920e-02,-3.251529857516288757e-02,-9.167728573083877563e-02,1.972031593322753906e-01,1.344438046216964722e-01,1.736359447240829468e-01,-1.679274141788482666e-01
4.051006436347961426e-01,5.607013106346130371e-01,0.000000000000000000e+00,6.021161079406738281e-01,-2.393613755702972412e-01,7.817652076482772827e-02,6.805213093757629395e-01,2.567796036601066589e-04,-4.736376404762268066e-01,-3.029169440269470215e-01,2.019062936305999756e-01,1.905065774917602539e-01,2.806038856506347656e-01,3.907237201929092407e-02,-6.364041566848754883e-02,3.724237978458404541e-01,1.159330978989601135e-01,-2.593687176704406738e-02,5.759477615356445312e-01,5.335301160812377930e-01,-7.785777002573013306e-02,1.256190538406372070e-01,4.746921658515930176e-01,7.185083031654357910e-01,-3.517746552824974060e-02,2.949003279209136963e-01,-3.068979457020759583e-02,1.497702896595001221e-01,-1.246101334691047668e-01,-7.450807094573974609e-02,9.611658006906509399e-02,4.441808164119720459e-01,3.817744255065917969e-01,3.813489973545074463e-01,2.237423658370971680e-01,2.513411641120910645e-01,2.890653908252716064e-01,1.245868578553199768e-01,7.856134325265884399e-03,2.702807784080505371e-01,4.340709149837493896e-01,1.449445635080337524e-01,-5.661790370941162109e-01,-4.110025465488433838e-01,-4.930526912212371826e-01,-3.168264925479888916e-01,-3.215257823467254639e-02,1.542981564998626709e-01,-5.582215785980224609e-01,-2.068583667278289795e-01,-5.946902632713317871e-01,-3.351663351058959961e-01,-6.266984343528747559e-01,-4.996085464954376221e-01,-2.908023595809936523e-01,3.157762587070465088e-01,3.617334961891174316e-01,4.344528615474700928e-01,3.094840049743652344e-01,3.222815096378326416e-01,-4.116345196962356567e-02,5.256317555904388428e-02,4.418384134769439697e-01,6.069779023528099060e-02,-1.061444822698831558e-02,7.411409635096788406e-03,4.078032970428466797e-01,4.685810208320617676e-01,4.214334785938262939e-01,6.087751984596252441e-01,1.702915877103805542e-02,4.695893824100494385e-01,2.000364959239959717e-01,-2.411137335002422333e-02,-2.746160328388214111e-01,1.286342591047286987e-01,2.048247158527374268e-01,2.610607147216796875e-01,-3.162963390350341797e-01,-9.414911270141601562e-02,-1.457539498805999756e-01,4.478444159030914307e-01,-5.706987157464027405e-02,2.456496804952621460e-01,-4.316315054893493652e-01,1.708014011383056641e-01,4.773216694593429565e-02,3.651551306247711182e-01,-5.398645401000976562e-01,1.151830852031707764e-01,-4.816606044769287109e-01,-1.323890686035156250e-01,-5.593106150627136230e-01,-5.552220940589904785e-01,9.818214178085327148e-02,5.894656851887702942e-02,-1.061016228049993515e-03,1.887066662311553955e-01,4.650593176484107971e-02,3.305390179157257080e-01,-1.556520760059356689e-01,1.538906842470169067e-01,3.465354144573211670e-01,5.085846185684204102e-01,-2.963197231292724609e-02,1.253617107868194580e-01,7.959471642971038818e-02,3.455146849155426025e-01,2.462893724441528320e-01,-3.694073855876922607e-02,-6.909964233636856079e-02,-2.396634072065353394e-01,4.219611883163452148e-01,-7.856316119432449341e-02,2.126709744334220886e-02,5.790160503238439560e-03
3.965463638305664062e-01,5.388901233673095703e-01,6.021161079406738281e-01,0.000000000000000000e+00,-3.341604769229888916e-01,7.503715902566909790e-02,6.605252027511596680e-01,3.597680032253265381e-01,-2.994506359100341797e-01,-1.364302188158035278e-01,3.011700809001922607e-01,1.639896929264068604e-01,4.076049029827117920e-01,2.088601738214492798e-01,7.455110549926757812e-03,1.282230019569396973e-01,-6.540364772081375122e-02,-2.259247899055480957e-01,5.928275585174560547e-01,3.471434414386749268e-01,-3.713738322257995605e-01,2.068265900015830994e-02,5.740042328834533691e-01,5.154485106468200684e-01,-9.805449843406677246e-02,1.499309092760086060e-01,-3.103636503219604492e-01,9.830337762832641602e-02,-3.668018281459808350e-01,-2.841843366622924805e-01,1.911166682839393616e-02,3.211307525634765625e-01,4.068539440631866455e-01,4.909370243549346924e-01,2.537846267223358154e-01,1.482627391815185547e-01,1.220220401883125305e-01,4.641406610608100891e-02,-2.905004322528839111e-01,1.000047400593757629e-01,2.620221674442291260e-01,1.578852161765098572e-02,-3.243921995162963867e-01,-2.307008355855941772e-01,-2.634251117706298828e-01,-3.070225752890110016e-02,-1.570697426795959473e-01,6.046846136450767517e-02,-1.994078159332275391e-01,1.010412499308586121e-01,-2.476618140935897827e-01,8.956992626190185547e-02,-3.774434030055999756e-01,-3.050979375839233398e-01,-4.728948771953582764e-01,5.342926084995269775e-02,3.332083523273468018e-01,3.638522922992706299e-01,2.325956821441650391e-01,2.225654870271682739e-01,9.839023649692535400e-02,1.361005604267120361e-01,2.018103003501892090e-01,-6.212158501148223877e-02,4.074496403336524963e-02,1.429610103368759155e-01,2.355956584215164185e-01,1.830802708864212036e-01,2.745631635189056396e-01,3.633617758750915527e-01,5.431206896901130676e-02,3.313406705856323242e-01,1.057350262999534607e-01,-1.351596862077713013e-01,-2.299008816480636597e-01,1.366672962903976440e-01,1.702648848295211792e-01,1.896748840808868408e-01,-4.178956151008605957e-01,-1.979180276393890381e-01,-3.538284599781036377e-01,3.727495670318603516e-01,-3.174199759960174561e-01,-8.126049488782882690e-02,-3.878017365932464600e-01,3.759227097034454346e-01,-1.630021482706069946e-01,1.713488548994064331e-01,-4.945935010910034180e-01,4.828709363937377930e-02,-2.158704251050949097e-01,2.099189758300781250e-01,-2.724181115627288818e-01,-2.177225202322006226e-01,-1.854807734489440918e-01,-2.511678636074066162e-01,-3.070641756057739258e-01,-1.439645290374755859e-01,1.993997544050216675e-01,1.846984624862670898e-01,-1.558493971824645996e-01,-1.971450634300708771e-02,4.393196478486061096e-02,2.621404826641082764e-01,-2.159852348268032074e-02,1.077805832028388977e-01,-1.017427518963813782e-01,1.041525453329086304e-01,2.975952327251434326e-01,-2.788051366806030273e-01,-2.994308248162269592e-02,2.054761163890361786e-02,3.237044513225555420e-01,-2.736235782504081726e-02,3.500375747680664062e-01,-1.873825043439865112e-01
-1.359348297119140625e-01,-5.490177497267723083e-02,-2.393613755702972412e-01,-3.341604769229888916e-01,0.000000000000000000e+00,1.326258033514022827e-01,-3.293165564537048340e-01,-2.128839492797851562e-01,5.116057395935058594e-01,3.545961976051330566e-01,1.182970404624938965e-02,7.778640091419219971e-02,-1.612524986267089844e-01,-4.853806924074888229e-03,-1.567944586277008057e-01,2.030043751001358032e-01,-1.353791821748018265e-02,-1.710347831249237061e-01,-1.547642648220062256e-01,2.366147469729185104e-03,2.182572782039642334e-01,-1.069915667176246643e-02,-1.941309422254562378e-01,-7.156397402286529541e-02,2.405220717191696167e-01,5.473267659544944763e-02,4.573141932487487793e-01,7.260676939040422440e-03,1.070609837770462036e-01,-4.145587608218193054e-02,9.561398625373840332e-02,-3.288706764578819275e-02,2.336080558598041534e-02,-1.300436854362487793e-01,4.281973466277122498e-02,1.257622092962265015e-01,-2.431468665599822998e-01,-9.456164389848709106e-02,1.146645694971084595e-01,7.955545932054519653e-02,-4.926496371626853943e-02,-1.307373344898223877e-01,2.277059704065322876e-01,1.901184767484664917e-01,1.320865452289581299e-01,2.406860701739788055e-02,8.209714293479919434e-02,2.010959014296531677e-02,9.424208104610443115e-02,-1.020065546035766602e-01,1.091723367571830750e-01,-1.692269295454025269e-01,9.678971022367477417e-02,8.594741672277450562e-02,3.563978672027587891e-01,8.014485239982604980e-03,2.518856711685657501e-02,3.326564328745007515e-03,-6.135101243853569031e-02,-1.419976204633712769e-01,5.752811208367347717e-02,1.590038836002349854e-01,-1.089549157768487930e-02,2.761002443730831146e-02,1.628192812204360962e-01,-1.502981595695018768e-02,-1.104549621231853962e-03,1.296126935631036758e-02,9.029072523117065430e-02,-7.709003239870071411e-02,7.625692337751388550e-02,-8.089048415422439575e-02,4.251534119248390198e-03,-4.402899369597434998e-02,2.265253663063049316e-01,-1.260574609041213989e-01,-1.292005777359008789e-01,-1.309935301542282104e-01,1.942383646965026855e-01,8.920924365520477295e-02,4.019073396921157837e-02,-2.168064266443252563e-01,2.542052650824189186e-03,1.201304793357849121e-02,1.752653568983078003e-01,-1.850199252367019653e-01,1.384354382753372192e-01,1.315124705433845520e-02,1.801055818796157837e-01,3.855483606457710266e-02,-6.733242422342300415e-02,-1.459523141384124756e-01,-8.060622029006481171e-03,-2.948292158544063568e-02,-9.577227383852005005e-02,6.963204592466354370e-03,5.254441127181053162e-02,-1.066586151719093323e-01,-2.097251713275909424e-01,-6.032172590494155884e-02,-1.890669949352741241e-02,-2.673986740410327911e-02,1.548909544944763184e-01,3.631136938929557800e-02,2.826918847858905792e-02,5.152342841029167175e-02,-6.829946767538785934e-03,9.737540781497955322e-02,-2.482537180185317993e-02,7.382019888609647751e-03,-1.871737092733383179e-02,1.016882956027984619e-01,-1.307978630065917969e-01,1.393064856529235840e-01,-1.222167983651161194e-01,1.553574204444885254e-01
-1.192445084452629089e-01,-9.832179546356201172e-02,7.817652076482772827e-02,7.503715902566909790e-02,1.326258033514022827e-01,0.000000000000000000e+00,1.005792245268821716e-01,8.817478269338607788e-02,9.180562198162078857e-02,4.130006134510040283e-01,5.212571099400520325e-02,2.781413868069648743e-02,1.841273456811904907e-01,1.133861839771270752e-01,4.284346848726272583e-02,3.136425316333770752e-01,-9.583831578493118286e-02,-3.218289315700531006e-01,-4.120402038097381592e-02,-7.605768740177154541e-02,1.728289574384689331e-01,7.155006378889083862e-02,6.308249384164810181e-02,1.824208647012710571e-01,1.444202102720737457e-02,2.051204591989517212e-01,3.485426679253578186e-02,9.150595217943191528e-02,-1.022101659327745438e-02,-1.624305546283721924e-01,-1.189771760255098343e-02,1.022896170616149902e-02,-1.957590319216251373e-02,-2.035315521061420441e-02,-1.813962757587432861e-01,4.450886696577072144e-02,5.346656218171119690e-02,-1.655078977346420288e-01,-1.690143644809722900e-01,2.891457639634609222e-02,1.301973760128021240e-01,-7.151162624359130859e-02,-2.037167102098464966e-01,-1.204075291752815247e-01,-7.892913371324539185e-02,-1.001780629158020020e-01,-1.208420097827911377e-01,-8.411848545074462891e-02,-5.389881879091262817e-02,-6.488668918609619141e-02,-4.012587666511535645e-02,-1.320697925984859467e-02,-9.456174075603485107e-02,-2.933051437139511108e-02,8.287737518548965454e-02,1.786572975106537342e-03,-1.495828479528427124e-01,-3.361076489090919495e-02,2.424471452832221985e-02,8.570966869592666626e-02,6.293803453445434570e-02,3.028183579444885254e-01,6.661975639872252941e-04,1.037028431892395020e-01,2.324741929769515991e-01,2.110342234373092651e-01,-7.428976148366928101e-02,5.953399091958999634e-02,-4.972582682967185974e-02,-1.268417835235595703e-01,1.789961159229278564e-01,7.727295160293579102e-02,-1.286845505237579346e-01,-1.788870543241500854e-01,-7.689536083489656448e-03,-2.986292913556098938e-02,-1.022829636931419373e-01,-3.642399236559867859e-02,-1.091749444603919983e-01,-8.241921663284301758e-02,-6.927296519279479980e-02,5.537327751517295837e-02,-5.721788480877876282e-02,6.922961771488189697e-02,1.486139371991157532e-02,1.858321130275726318e-01,4.180997610092163086e-02,1.950938701629638672e-01,-1.231968328356742859e-01,6.316734012216329575e-03,-7.406114786863327026e-02,6.641595810651779175e-02,-1.426737159490585327e-01,-8.645376563072204590e-02,-2.037959396839141846e-01,-1.995874643325805664e-01,-1.314350664615631104e-01,-1.810242421925067902e-02,1.061525046825408936e-01,2.047121226787567139e-01,1.831323467195034027e-02,-2.012146823108196259e-02,1.610015481710433960e-01,1.626190394163131714e-01,1.176460236310958862e-01,5.857133865356445312e-02,-3.416976705193519592e-02,1.537461429834365845e-01,7.973752915859222412e-02,-2.165525257587432861e-01,-1.072378084063529968e-01,2.543864212930202484e-02,1.538375616073608398e-01,-1.467987447977066040e-01,-1.809314079582691193e-02,4.426037147641181946e-02
5.913118720054626465e-01,5.247876048088073730e-01,6.805213093757629395e-01,6.605252027511596680e-01,-3.293165564537048340e-01,1.005792245268821716e-01,0.000000000000000000e+00,3.048306107521057129e-01,-3.964347243309020996e-01,-2.676475644111633301e-01,3.790437579154968262e-01,2.767646312713623047e-01,5.351817011833190918e-01,2.197518646717071533e-01,-8.359707146883010864e-02,2.009042203426361084e-01,1.431684643030166626e-01,-2.731780521571636200e-02,5.175477862358093262e-01,5.017791986465454102e-01,-1.797621399164199829e-01,5.231985449790954590e-02,3.468670248985290527e-01,4.992068409919738770e-01,-2.059540450572967529e-01,1.037505716085433960e-01,-1.186600700020790100e-01,-8.311749435961246490e-03,-1.302892416715621948e-01,-4.139797016978263855e-02,2.774054743349552155e-02,3.165893554687500000e-01,3.645692467689514160e-01,3.947863280773162842e-01,8.813712000846862793e-02,6.344823539257049561e-02,1.649044305086135864e-01,-1.712057366967201233e-02,-1.637945771217346191e-01,1.245565339922904968e-01,3.935244083404541016e-01,1.328701823949813843e-01,-5.187743902206420898e-01,-3.673376142978668213e-01,-4.628328979015350342e-01,-2.496401816606521606e-01,-1.277348250150680542e-01,7.030189782381057739e-02,-3.860174417495727539e-01,-1.768549680709838867e-01,-4.154310524463653564e-01,-2.246952950954437256e-01,-4.363994598388671875e-01,-4.869451224803924561e-01,-3.032712340354919434e-01,1.520545333623886108e-01,3.923252224922180176e-01,3.377118706703186035e-01,3.713059723377227783e-01,2.564298212528228760e-01,2.218680828809738159e-01,7.772682607173919678e-02,3.925020396709442139e-01,1.442600935697555542e-01,-1.025421619415283203e-01,-1.180194020271301270e-01,1.605647504329681396e-01,2.518196702003479004e-01,3.918901085853576660e-01,5.000353455543518066e-01,6.353074312210083008e-02,4.109182953834533691e-01,2.374992072582244873e-01,4.017018899321556091e-02,-2.570016682147979736e-01,1.320448815822601318e-01,2.426178604364395142e-01,2.783321738243103027e-01,-2.564131021499633789e-01,-7.698442041873931885e-02,-1.252722889184951782e-01,3.223188817501068115e-01,-1.611407101154327393e-01,6.595055013895034790e-02,-3.758266866207122803e-01,1.870537102222442627e-01,-1.022146493196487427e-01,1.330997347831726074e-01,-4.406941235065460205e-01,3.579777479171752930e-02,-2.615801990032196045e-01,7.291638292372226715e-03,-3.850376904010772705e-01,-3.804247975349426270e-01,-3.419001400470733643e-02,-2.126760594546794891e-02,-1.166684404015541077e-01,-2.478641644120216370e-02,8.885621279478073120e-02,2.957971990108489990e-01,-5.092949792742729187e-02,8.134803175926208496e-02,2.566986680030822754e-01,3.971643745899200439e-01,-3.662646934390068054e-02,3.213056176900863647e-02,1.572394743561744690e-02,2.073097527027130127e-01,3.202463686466217041e-01,-1.118801459670066833e-01,-1.110289692878723145e-01,-1.170514225959777832e-01,3.050432205200195312e-01,-4.659235104918479919e-02,2.006776258349418640e-02,-7.526685297489166260e-02
3.094547986984252930e-01,1.641875952482223511e-01,2.567796036601066589e-04,3.597680032253265381e-01,-2.128839492797851562e-01,8.817478269338607788e-02,3.048306107521057129e-01,0.000000000000000000e+00,2.150557041168212891e-01,1.899759024381637573e-01,2.813482880592346191e-01,8.895625174045562744e-02,3.449072539806365967e-01,3.483034968376159668e-01,-7.820346206426620483e-02,-3.735492825508117676e-01,-2.548384070396423340e-01,-2.528813779354095459e-01,1.354582160711288452e-01,1.225875914096832275e-01,-4.625563323497772217e-01,-3.292066752910614014e-01,7.851866632699966431e-02,-1.613639146089553833e-01,-3.442127704620361328e-01,-2.795023918151855469e-01,-4.151420593261718750e-01,-1.320372223854064941e-01,-3.435133397579193115e-01,-8.017197251319885254e-02,-2.798598408699035645e-01,-1.207106187939643860e-01,1.342889368534088135e-01,2.626541554927825928e-01,-7.458461821079254150e-02,-9.193444252014160156e-02,-2.259200215339660645e-01,-2.602964639663696289e-01,-4.020700454711914062e-01,-3.235083818435668945e-01,-1.167057007551193237e-01,-1.840834170579910278e-01,5.406930670142173767e-02,1.299677938222885132e-01,-6.653125397861003876e-03,2.814565300941467285e-01,-1.125524491071701050e-01,-5.355462804436683655e-02,3.326044380664825439e-01,2.822754085063934326e-01,3.762449622154235840e-01,3.150763511657714844e-01,2.319785058498382568e-01,-6.127163767814636230e-02,-1.430239081382751465e-01,-4.087261259555816650e-01,2.361268103122711182e-01,8.649653196334838867e-02,1.537076979875564575e-01,1.962913274765014648e-01,5.380159616470336914e-01,2.924631536006927490e-01,-4.226753860712051392e-02,2.783063985407352448e-02,3.682884573936462402e-02,-9.134869277477264404e-02,-3.117073476314544678e-01,-3.589365184307098389e-01,-5.777810513973236084e-02,-1.721849739551544189e-01,2.538773715496063232e-01,-1.218661963939666748e-01,1.544219255447387695e-02,5.740001425147056580e-02,1.048901379108428955e-01,6.356759369373321533e-02,1.569328606128692627e-01,1.659098267555236816e-02,-1.909298598766326904e-01,-2.803972363471984863e-01,-2.215574383735656738e-01,-2.674011290073394775e-01,-3.623206615447998047e-01,-4.627919197082519531e-01,1.662337929010391235e-01,4.435059428215026855e-02,-2.323898077011108398e-01,-4.686358869075775146e-01,1.294130384922027588e-01,-1.797765046358108521e-01,4.153935611248016357e-01,1.830036491155624390e-01,3.816978633403778076e-01,2.500192523002624512e-01,-1.540118306875228882e-01,-2.004763185977935791e-01,-2.565053403377532959e-01,-3.646529614925384521e-01,5.170793086290359497e-02,-2.331795096397399902e-01,2.423214912414550781e-01,-1.218249723315238953e-01,-2.385192811489105225e-01,-3.185213208198547363e-01,2.697895169258117676e-01,5.854146182537078857e-02,2.757419459521770477e-02,-2.993110120296478271e-01,2.022163197398185730e-02,-8.284000307321548462e-02,7.604773342609405518e-02,6.586296856403350830e-02,-8.865144848823547363e-02,7.845769077539443970e-02,3.316153585910797119e-01,-3.086043000221252441e-01
-5.966752767562866211e-02,-1.231382936239242554e-01,-4.736376404762268066e-01,-2.994506359100341797e-01,5.116057395935058594e-01,9.180562198162078857e-02,-3.964347243309020996e-01,2.150557041168212891e-01,0.000000000000000000e+00,5.439084768295288086e-01,8.583737909793853760e-02,-5.188220366835594177e-02,-1.371469497680664062e-01,2.422623895108699799e-02,-1.060674935579299927e-01,-1.978108286857604980e-01,-3.625591397285461426e-01,-3.208476901054382324e-01,-1.255250424146652222e-01,-6.730897724628448486e-02,-1.888550072908401489e-01,-2.931229174137115479e-01,-2.882729768753051758e-01,-4.355014562606811523e-01,-1.138336956501007080e-01,-3.379372656345367432e-01,1.933480612933635712e-02,-1.630390882492065430e-01,-2.464841455221176147e-01,-8.257699757814407349e-02,-2.091569900512695312e-01,-3.778055310249328613e-01,7.776402402669191360e-03,-9.248997271060943604e-02,-2.322161383926868439e-02,-2.723295474424958229e-03,-4.195108711719512939e-01,-2.608272135257720947e-01,-1.808310598134994507e-01,-1.846181601285934448e-01,-2.491088062524795532e-01,-2.568154036998748779e-01,4.695386588573455811e-01,4.751718640327453613e-01,3.608098626136779785e-01,4.710964858531951904e-01,1.260307431221008301e-01,7.113022357225418091e-02,5.985500216484069824e-01,3.214069604873657227e-01,6.362283229827880859e-01,3.197109699249267578e-01,4.627029895782470703e-01,2.965014278888702393e-01,3.005287349224090576e-01,-3.394572138786315918e-01,6.235273182392120361e-02,-6.321023404598236084e-02,-5.362986773252487183e-02,-3.011396713554859161e-02,3.305160105228424072e-01,2.311190664768218994e-01,-2.224000096321105957e-01,-7.687179744243621826e-02,1.204696074128150940e-01,-9.265542030334472656e-02,-3.873542547225952148e-01,-4.607725739479064941e-01,-2.197270244359970093e-01,-3.769278526306152344e-01,3.374514728784561157e-02,-4.049982130527496338e-01,-9.030015766620635986e-02,-6.318390369415283203e-02,3.479765951633453369e-01,-1.212438046932220459e-01,-7.093267887830734253e-02,-2.175371944904327393e-01,-7.370080333203077316e-03,-2.148089110851287842e-01,-2.199579179286956787e-01,-3.690782785415649414e-01,-2.843419611454010010e-01,-4.043286442756652832e-01,3.897016644477844238e-01,-4.463449493050575256e-02,-8.738122880458831787e-02,-3.546582758426666260e-01,4.002509117126464844e-01,-2.264814265072345734e-02,3.956647217273712158e-01,1.768646538257598877e-01,4.313308894634246826e-01,3.880161046981811523e-01,-1.827743798494338989e-01,-1.449109464883804321e-01,-1.023106575012207031e-01,-2.805796265602111816e-01,-1.047461032867431641e-01,-2.844257056713104248e-01,6.382472813129425049e-02,-4.572584480047225952e-02,-1.365580856800079346e-01,-3.292282223701477051e-01,1.203037872910499573e-01,3.418035805225372314e-02,-1.998271979391574860e-02,-2.371899634599685669e-01,-1.038888022303581238e-01,-5.344821512699127197e-02,1.611216515302658081e-01,2.820263206958770752e-01,-2.553288638591766357e-01,2.675665616989135742e-01,2.229323834180831909e-01,-1.068549677729606628e-01
-1.391393244266510010e-01,-1.515763252973556519e-01,-3.029169440269470215e-01,-1.364302188158035278e-01,3.545961976051330566e-01,4.130006134510040283e-01,-2.676475644111633301e-01,1.899759024381637573e-01,5.439084768295288086e-01,0.000000000000000000e+00,2.284729480743408203e-01,9.636188298463821411e-02,-3.381470218300819397e-02,3.622772395610809326e-01,-1.786605268716812134e-01,1.393244117498397827e-01,-2.558790147304534912e-01,-3.708206415176391602e-01,-5.857791751623153687e-02,-1.836050301790237427e-01,-5.975881218910217285e-02,-2.617009282112121582e-01,-1.060555502772331238e-01,-1.801653057336807251e-01,-8.516469597816467285e-02,-7.517398893833160400e-02,4.628631100058555603e-02,-5.574202630668878555e-03,-9.179184585809707642e-02,-1.498663574457168579e-01,-6.224305555224418640e-02,-1.062296405434608459e-01,3.918382525444030762e-02,2.864608727395534515e-02,5.578863434493541718e-03,5.680295079946517944e-02,-2.054571062326431274e-01,-2.463137805461883545e-01,-2.522277534008026123e-01,-2.361208498477935791e-01,-1.354882419109344482e-01,-3.503461480140686035e-01,2.835089266300201416e-01,1.294312775135040283e-01,1.755228340625762939e-01,1.775402277708053589e-01,-9.889549762010574341e-02,8.188188076019287109e-02,3.274111449718475342e-01,1.614103019237518311e-01,4.045630097389221191e-01,1.846269369125366211e-01,2.146016657352447510e-01,2.096511274576187134e-01,9.671066701412200928e-02,-3.080270588397979736e-01,-1.611028015613555908e-01,-1.538211256265640259e-01,-1.444223523139953613e-01,-1.017835736274719238e-01,2.338979393243789673e-01,3.884975016117095947e-01,-1.705235838890075684e-01,2.108660712838172913e-02,1.772158890962600708e-01,7.339572161436080933e-02,-2.963687777519226074e-01,-3.745331466197967529e-01,-2.702433466911315918e-01,-4.249221980571746826e-01,1.334633380174636841e-01,-2.125283330678939819e-01,2.326762303709983826e-03,-1.631694734096527100e-01,2.520439922809600830e-01,-1.478615254163742065e-01,-8.322709053754806519e-02,-9.300097078084945679e-02,-1.893687248229980469e-02,-1.596187651157379150e-01,-2.851977348327636719e-01,-2.619516253471374512e-01,-2.726273536682128906e-01,-2.338724732398986816e-01,1.006398350000381470e-01,6.283680349588394165e-02,-5.755372345447540283e-02,-5.282831564545631409e-02,1.314734816551208496e-01,4.543363116681575775e-03,3.113729059696197510e-01,2.549716234207153320e-01,2.132323831319808960e-01,2.443048804998397827e-01,-2.376415282487869263e-01,-1.536462455987930298e-01,-8.992124348878860474e-02,-1.776875704526901245e-01,6.338979303836822510e-02,-8.961226046085357666e-02,-9.379728138446807861e-02,-2.020446807146072388e-01,-3.951740637421607971e-02,-1.851355135440826416e-01,1.388047337532043457e-01,1.492151021957397461e-01,-1.015382260084152222e-01,-3.354749456048011780e-02,-6.782016158103942871e-02,-5.827268213033676147e-02,2.274751067161560059e-01,2.275558412075042725e-01,-4.007722809910774231e-02,9.784318506717681885e-02,2.445740550756454468e-01,-4.896208643913269043e-02
4.480422735214233398e-01,3.775447309017181396e-01,2.019062936305999756e-01,3.011700809001922607e-01,1.182970404624938965e-02,5.212571099400520325e-02,3.790437579154968262e-01,2.813482880592346191e-01,8.583737909793853760e-02,2.284729480743408203e-01,0.000000000000000000e+00,3.399259448051452637e-01,4.425403475761413574e-01,4.305863678455352783e-01,-3.530993461608886719e-01,2.497611790895462036e-01,5.770741030573844910e-02,-1.235383599996566772e-01,3.441639840602874756e-01,3.757005333900451660e-01,-2.344833910465240479e-01,-1.454824358224868774e-01,1.159574165940284729e-01,1.646066457033157349e-01,-2.079345285892486572e-01,-9.805463254451751709e-02,5.574077740311622620e-02,-6.267210096120834351e-02,-8.531900495290756226e-02,5.539585277438163757e-02,-2.381737902760505676e-02,1.384315341711044312e-01,2.741189002990722656e-01,2.586021721363067627e-01,1.248265504837036133e-01,-6.340257078409194946e-02,-7.874419540166854858e-02,-8.946689218282699585e-02,-1.319134533405303955e-01,-4.289771988987922668e-02,1.082806140184402466e-01,-3.616093844175338745e-02,-1.351767126470804214e-02,-5.523243546485900879e-02,-2.355209290981292725e-01,-7.437019050121307373e-02,4.526669159531593323e-02,9.571863710880279541e-02,2.971358783543109894e-02,-5.435486137866973877e-02,6.185207050293684006e-03,-1.051220521330833435e-01,-5.790621042251586914e-02,-1.695636361837387085e-01,-6.449263542890548706e-02,-2.587649784982204437e-02,2.431403249502182007e-01,8.274051547050476074e-02,1.160662695765495300e-01,5.629717372357845306e-03,3.508585095405578613e-01,2.021490782499313354e-01,2.535288631916046143e-01,1.274795383214950562e-01,-1.196648404002189636e-01,-2.525189816951751709e-01,-1.909929364919662476e-01,-1.759947687387466431e-01,1.783477813005447388e-01,2.162015587091445923e-01,3.976750373840332031e-02,8.614621311426162720e-02,3.025362789630889893e-01,1.056083589792251587e-01,-1.524492283351719379e-03,-5.380669608712196350e-02,1.593535840511322021e-01,1.804166287183761597e-01,-1.566378399729728699e-02,-6.270628422498703003e-02,-2.994108796119689941e-01,-1.323578134179115295e-02,-2.470571398735046387e-01,-1.377129554748535156e-01,-2.966796755790710449e-01,3.975049033761024475e-02,-1.898118667304515839e-02,-3.091989271342754364e-02,-1.730508655309677124e-01,1.205011010169982910e-01,6.960730254650115967e-02,1.476123929023742676e-01,-5.188769847154617310e-02,-4.476490616798400879e-02,-3.827402368187904358e-02,3.761840611696243286e-02,-8.686675876379013062e-02,-1.746065616607666016e-01,-6.264591962099075317e-02,2.327320724725723267e-02,-2.391421422362327576e-02,-3.787029907107353210e-02,1.546892225742340088e-01,1.551356315612792969e-01,-1.042089089751243591e-01,-4.010377079248428345e-02,-9.814327210187911987e-02,1.031312867999076843e-01,1.558521240949630737e-01,4.686392098665237427e-02,2.252875082194805145e-02,-4.543722048401832581e-02,1.103094369173049927e-01,-1.242968573933467269e-04,7.409663498401641846e-02,-1.248259767889976501e-01
2.913070917129516602e-01,3.986990153789520264e-01,1.905065774917602539e-01,1.639896929264068604e-01,7.778640091419219971e-02,2.781413868069648743e-02,2.767646312713623047e-01,8.895625174045562744e-02,-5.188220366835594177e-02,9.636188298463821411e-02,3.399259448051452637e-01,0.000000000000000000e+00,2.586599588394165039e-01,5.764380097389221191e-01,-2.154857814311981201e-01,2.804260849952697754e-01,3.442076444625854492e-01,8.612263947725296021e-02,1.927101165056228638e-01,2.606883049011230469e-01,1.357072144746780396e-01,-1.263989359140396118e-01,-1.254210621118545532e-02,2.166701406240463257e-01,-5.830085277557373047e-02,6.461869180202484131e-02,2.199833095073699951e-01,-2.890187501907348633e-02,2.720633447170257568e-01,4.347516223788261414e-02,2.228403091430664062e-01,3.441788852214813232e-01,3.371032178401947021e-01,2.709763348102569580e-01,-1.257587671279907227e-01,-1.447361260652542114e-01,1.656563952565193176e-02,2.542095491662621498e-03,7.761832792311906815e-03,-6.039084866642951965e-02,2.198300063610076904e-01,-9.598154574632644653e-02,-3.155666589736938477e-02,-1.987428963184356689e-01,-6.621664762496948242e-02,-1.277619749307632446e-01,-7.997022569179534912e-02,1.331802606582641602e-01,-1.942797005176544189e-01,-9.928062558174133301e-02,-1.817145794630050659e-01,-2.675226330757141113e-01,-2.564333081245422363e-01,-2.787170112133026123e-01,-6.278566271066665649e-02,1.543115228414535522e-01,6.499836593866348267e-02,1.686312556266784668e-01,1.326256245374679565e-01,1.450199261307716370e-02,2.557842731475830078e-01,3.178789019584655762e-01,3.712980747222900391e-01,4.304057359695434570e-01,-1.243351027369499207e-01,-6.527315080165863037e-02,2.407644689083099365e-02,9.643283486366271973e-02,1.994037926197052002e-01,1.962728500366210938e-01,1.359153389930725098e-01,2.401457279920578003e-01,4.560209512710571289e-01,2.835593819618225098e-01,-6.431957334280014038e-02,-4.503871500492095947e-02,1.065310165286064148e-01,2.697873711585998535e-01,5.171332880854606628e-02,1.223506256937980652e-01,5.490927398204803467e-02,8.455913513898849487e-03,-6.076069083064794540e-03,1.219900846481323242e-01,-3.519959151744842529e-01,-9.323817491531372070e-02,-1.215557754039764404e-01,1.353566348552703857e-02,-2.891435325145721436e-01,5.659204721450805664e-02,-1.446679830551147461e-01,-9.829727560281753540e-02,-3.378271758556365967e-01,-3.302036225795745850e-01,1.396307628601789474e-02,8.789388835430145264e-02,1.473872959613800049e-01,5.147609487175941467e-02,1.138749644160270691e-01,1.909450143575668335e-01,-2.927692532539367676e-01,-1.386290341615676880e-01,1.755053699016571045e-01,2.184187322854995728e-01,-6.201672926545143127e-02,8.971915394067764282e-02,1.982657471671700478e-03,2.577465772628784180e-01,5.201697349548339844e-02,7.834114134311676025e-02,-3.933516889810562134e-02,-2.193966507911682129e-02,6.106175016611814499e-03,2.219688333570957184e-02,-3.737348690629005432e-02,9.519520401954650879e-02
3.419219553470611572e-01,3.381245732307434082e-01,2.806038856506347656e-01,4.076049029827117920e-01,-1.612524986267089844e-01,1.841273456811904907e-01,5.351817011833190918e-01,3.449072539806365967e-01,-1.371469497680664062e-01,-3.381470218300819397e-02,4.425403475761413574e-01,2.586599588394165039e-01,0.000000000000000000e+00,3.915321826934814453e-01,1.312570571899414062e-01,1.689222455024719238e-01,7.862572371959686279e-02,-1.982668638229370117e-01,2.955540120601654053e-01,2.362617254257202148e-01,-1.848359107971191406e-01,-3.962840884923934937e-02,3.606280982494354248e-01,3.049083650112152100e-01,-9.870614856481552124e-02,1.348114162683486938e-01,-5.881905183196067810e-02,3.315796330571174622e-02,-5.394170433282852173e-02,-1.589645296335220337e-01,1.062694564461708069e-01,1.710944920778274536e-01,2.962417006492614746e-01,2.819272279739379883e-01,-5.001846700906753540e-02,-6.611918658018112183e-02,-1.323255449533462524e-01,-1.340148895978927612e-01,-2.816057801246643066e-01,-2.137485146522521973e-02,1.514682769775390625e-01,-6.253914535045623779e-02,-2.041070610284805298e-01,-2.003900408744812012e-01,-2.707046568393707275e-01,-6.782629340887069702e-02,-2.138164341449737549e-01,-1.089807599782943726e-01,-8.797857910394668579e-02,2.551714517176151276e-02,-1.074313521385192871e-01,5.806201323866844177e-02,-6.155544519424438477e-02,-1.157239079475402832e-01,-1.197547614574432373e-01,-3.283681347966194153e-02,1.769242733716964722e-01,1.754750311374664307e-01,1.492740064859390259e-01,5.936256051063537598e-02,3.944680392742156982e-01,1.930234730243682861e-01,2.633787095546722412e-01,1.312194913625717163e-01,3.806246444582939148e-02,-5.009203776717185974e-02,-1.170305088162422180e-01,-7.334084808826446533e-02,2.244490981101989746e-01,1.408609300851821899e-01,1.823486834764480591e-01,1.819275319576263428e-01,7.543925940990447998e-02,-1.070066764950752258e-01,-1.021281629800796509e-01,1.606944017112255096e-02,2.674410864710807800e-02,1.516533941030502319e-01,-8.637983351945877075e-02,-2.853081747889518738e-02,-1.934321597218513489e-02,2.980828750878572464e-03,-2.228836715221405029e-01,-1.499009430408477783e-01,-8.353578299283981323e-02,2.309867292642593384e-01,-1.407467424869537354e-01,1.829200983047485352e-02,-1.844928264617919922e-01,-3.286986798048019409e-02,-1.384780108928680420e-01,1.370399892330169678e-01,-7.739188522100448608e-02,-6.311456859111785889e-02,-2.688839733600616455e-01,-2.430261075496673584e-01,-3.905752301216125488e-01,-3.477503359317779541e-01,-6.796648353338241577e-02,-6.321589648723602295e-02,8.233746886253356934e-02,-2.265214733779430389e-02,-8.837729692459106445e-03,1.276721209287643433e-01,-2.394613623619079590e-02,-4.046552628278732300e-02,-6.621731817722320557e-02,-2.681632898747920990e-02,1.553016006946563721e-01,-2.652763426303863525e-01,-1.916690021753311157e-01,-9.070732444524765015e-02,3.200463205575942993e-02,-1.323393732309341431e-01,8.039989322423934937e-02,-1.986525803804397583e-01
