0.000000000000000000e+00,6.311303377151489258e-01,2.899788618087768555e-01,2.786493301391601562e-01,7.692111283540725708e-02,-4.988470673561096191e-02,3.429839313030242920e-01,1.661079525947570801e-01,1.268580406904220581e-01,-5.077170208096504211e-02,5.175440907478332520e-01,2.132697999477386475e-01,3.091835975646972656e-01,-1.487612817436456680e-02,-1.904389560222625732e-01,-7.453495264053344727e-02,-1.650717295706272125e-02,-4.195833206176757812e-02,6.043940782546997070e-01,5.640894770622253418e-01,-6.174428015947341919e-02,-2.288456112146377563e-01,1.481165140867233276e-01,2.910051643848419189e-01,-7.544770836830139160e-02,-8.524863421916961670e-02,-1.210861504077911377e-01,-1.429601013660430908e-01,-1.874822564423084259e-02,-1.019469127058982849e-01,-4.727936163544654846e-02,-1.406923085451126099e-01,3.138377070426940918e-01,1.709888726472854614e-01,1.852852106094360352e-01,1.116548106074333191e-02,-2.434605211019515991e-01,-2.410340160131454468e-01,-2.619007825851440430e-01,-2.701885700225830078e-01,-9.200999885797500610e-02,-2.504299879074096680e-01,-1.859842240810394287e-01,8.874458819627761841e-02,-5.838241800665855408e-02,3.784764930605888367e-02,-1.118945926427841187e-01,-9.231236577033996582e-02,-2.187495678663253784e-01,-9.750332683324813843e-02,-1.832051426172256470e-01,-1.907929629087448120e-01,-2.254283875226974487e-01,-1.637459695339202881e-01,-1.178022474050521851e-01,-1.253098547458648682e-01,6.172009110450744629e-01,5.361158847808837891e-01,5.334945321083068848e-01,4.841498136520385742e-01,5.144264698028564453e-01,3.160071969032287598e-01,2.774712741374969482e-01,1.756756007671356201e-01,8.532913029193878174e-02,-1.387900263071060181e-01,9.321830421686172485e-02,-3.173443675041198730e-02,4.523381590843200684e-01,2.481181621551513672e-01,-6.530404835939407349e-02,3.074400685727596283e-02,1.808437556028366089e-01,2.417088150978088379e-01,1.397731453180313110e-01,-1.002945676445960999e-01,1.406566500663757324e-01,9.954296052455902100e-02,-1.984282284975051880e-01,1.358608752489089966e-01,-3.390295207500457764e-01,-1.375317871570587158e-01,-1.519993394613265991e-01,-3.535102605819702148e-01,-2.830021679401397705e-01,-2.720233798027038574e-01,-2.159827649593353271e-01,-3.824671208858489990e-01,-1.978656053543090820e-01,-1.778807342052459717e-01,-5.916978418827056885e-02,-5.500181764364242554e-02,-2.625799775123596191e-01,-5.207827314734458923e-02,-1.249557808041572571e-01,-1.213767454028129578e-01,-7.851199060678482056e-02,1.550202444195747375e-02,-3.766755387187004089e-02,7.465710490942001343e-02,-1.093871798366308212e-02,4.198098555207252502e-02,-1.987666636705398560e-02,-1.382303889840841293e-05,9.217114746570587158e-02,-1.890383288264274597e-02,-9.235048294067382812e-02,8.878898620605468750e-02,-1.031528413295745850e-02,-4.508480429649353027e-02,-8.102549612522125244e-02,-8.622235059738159180e-02,4.226516466587781906e-03,-2.529205754399299622e-02,-1.404443681240081787e-01,-7.139390707015991211e-02
6.311303377151489258e-01,0.000000000000000000e+00,3.483328521251678467e-01,3.030878901481628418e-01,2.057104408740997314e-01,7.029218226671218872e-02,3.311342895030975342e-01,7.843963056802749634e-02,2.317497283220291138e-01,4.288782924413681030e-02,4.705809950828552246e-01,1.418398916721343994e-01,7.834080606698989868e-02,-8.105400204658508301e-02,-1.200919076800346375e-01,7.236592471599578857e-03,8.010789752006530762e-02,1.755571551620960236e-02,6.383970379829406738e-01,6.616883277893066406e-01,-5.622859671711921692e-02,-1.980889290571212769e-01,9.906083345413208008e-02,2.957767546176910400e-01,1.155059877783060074e-02,-7.996956259012222290e-02,-3.373516723513603210e-02,2.378169819712638855e-02,3.740914165973663330e-02,-2.572545781731605530e-03,-9.335977584123611450e-02,-1.691966354846954346e-01,3.273726403713226318e-01,6.745485216379165649e-02,1.128021031618118286e-01,-2.631446346640586853e-02,-5.927054211497306824e-02,-6.704939901828765869e-02,-7.781769335269927979e-02,-3.003833591938018799e-01,2.585349604487419128e-02,-1.156472638249397278e-01,-1.024044603109359741e-01,1.368949413299560547e-01,-1.140870302915573120e-01,-1.095630750060081482e-01,-2.926762215793132782e-02,6.879208143800497055e-03,-3.436760902404785156e-01,-2.219067662954330444e-01,-3.335577845573425293e-01,-2.568318843841552734e-01,-2.895835638046264648e-01,-2.763355970382690430e-01,1.647334359586238861e-02,-4.816543310880661011e-02,6.330319643020629883e-01,6.408601999282836914e-01,4.056138396263122559e-01,3.923166394233703613e-01,2.860200107097625732e-01,1.842973977327346802e-01,2.709512114524841309e-01,2.683292031288146973e-01,-3.484460338950157166e-02,-2.225947678089141846e-01,8.515457063913345337e-02,1.149470079690217972e-02,4.928246438503265381e-01,3.265672922134399414e-01,-1.236903518438339233e-01,1.296168845146894455e-02,2.822678387165069580e-01,3.058417439460754395e-01,1.802125014364719391e-02,-7.174067944288253784e-02,2.599424123764038086e-01,2.568557262420654297e-01,-1.174895539879798889e-01,1.260559856891632080e-01,-2.559076249599456787e-01,3.399300575256347656e-02,1.854721456766128540e-02,-1.305298507213592529e-01,-2.541520595550537109e-01,-1.739011853933334351e-01,-9.465216100215911865e-02,-1.849992722272872925e-01,-2.945796251296997070e-01,-2.594331204891204834e-01,4.529478400945663452e-02,-8.382211439311504364e-03,-3.436051905155181885e-01,-1.481715738773345947e-01,-5.036194622516632080e-02,-3.839673101902008057e-02,3.837892413139343262e-02,1.778528988361358643e-01,2.340619862079620361e-01,2.961468696594238281e-01,1.362126767635345459e-01,1.902997046709060669e-01,1.553318649530410767e-01,1.403191238641738892e-01,5.882842838764190674e-02,5.161622166633605957e-02,2.736447611823678017e-03,1.877837181091308594e-01,4.524407535791397095e-02,-7.719611376523971558e-02,-6.631983071565628052e-02,1.097362339496612549e-01,1.390822976827621460e-01,1.399603858590126038e-02,-1.749362498521804810e-01,-4.668042808771133423e-02
2.899788618087768555e-01,3.483328521251678467e-01,0.000000000000000000e+00,5.536687374114990234e-01,5.125522613525390625e-01,4.134373664855957031e-01,7.351486682891845703e-01,1.207670867443084717e-01,4.584187865257263184e-01,4.370973408222198486e-01,1.518974006175994873e-01,-5.499342828989028931e-02,-1.309414207935333252e-01,-1.178873330354690552e-01,2.749154567718505859e-01,8.634564280509948730e-02,-1.590645685791969299e-02,-3.752959426492452621e-03,4.554912149906158447e-01,4.145752787590026855e-01,-1.819355636835098267e-01,-8.864582329988479614e-02,4.609417021274566650e-01,5.249661803245544434e-01,3.317715525627136230e-01,1.883055120706558228e-01,1.453260779380798340e-01,4.145032167434692383e-01,-1.957836300134658813e-01,-8.272875845432281494e-02,-2.646154351532459259e-02,-2.858707122504711151e-02,1.942416429519653320e-01,-5.739020928740501404e-02,2.498869597911834717e-02,-6.018830090761184692e-02,5.171074718236923218e-02,8.459404110908508301e-02,2.479327283799648285e-02,-1.808483451604843140e-01,5.936016142368316650e-02,-8.044258505105972290e-02,-4.498091936111450195e-01,-1.935642063617706299e-01,-3.314589262008666992e-01,-3.845478594303131104e-01,-2.666959464550018311e-01,-3.155816793441772461e-01,-5.041179656982421875e-01,-5.352530479431152344e-01,-4.797899127006530762e-01,-5.446801781654357910e-01,-3.056369423866271973e-01,-4.692586064338684082e-01,-3.965910896658897400e-02,-1.012237071990966797e-01,1.255867630243301392e-01,2.037830948829650879e-01,2.076736837625503540e-01,3.354596719145774841e-02,1.510823797434568405e-02,-1.290889829397201538e-01,5.628789588809013367e-02,9.128159284591674805e-02,2.863784879446029663e-02,-1.788108795881271362e-01,1.668281555175781250e-01,5.172909423708915710e-02,2.940080165863037109e-01,4.038141071796417236e-01,6.714048236608505249e-02,1.130233630537986755e-01,5.731645226478576660e-02,1.377364546060562134e-01,-4.599231854081153870e-02,-1.959688495844602585e-03,1.817063689231872559e-01,1.603392213582992554e-01,9.450930170714855194e-03,-9.394299983978271484e-02,-9.815077483654022217e-02,-2.486510493326932192e-04,1.518206745386123657e-01,6.958462297916412354e-02,3.452963009476661682e-02,-3.630434870719909668e-01,2.592416405677795410e-01,-1.178343817591667175e-01,3.997541218996047974e-02,-1.105265244841575623e-01,2.353414744138717651e-01,-7.679847627878189087e-02,-1.019121930003166199e-01,-2.371374666690826416e-01,4.379617981612682343e-03,-8.738208562135696411e-03,1.624165102839469910e-03,2.252855449914932251e-01,2.110386192798614502e-01,2.101232856512069702e-01,3.914968073368072510e-01,3.367727100849151611e-01,4.793714284896850586e-01,4.002462029457092285e-01,2.731545269489288330e-01,3.436901271343231201e-01,3.147327303886413574e-01,4.534189701080322266e-01,3.286273032426834106e-02,-3.131991997361183167e-02,-1.017357036471366882e-01,-2.070778422057628632e-02,1.654576063156127930e-01,4.209221899509429932e-02,-1.310861259698867798e-01,9.162298589944839478e-02
2.786493301391601562e-01,3.030878901481628418e-01,5.536687374114990234e-01,0.000000000000000000e+00,6.053261458873748779e-02,2.538292407989501953e-01,5.133470296859741211e-01,4.447721242904663086e-01,5.615799129009246826e-02,2.031784802675247192e-01,1.306986361742019653e-01,1.232937350869178772e-01,5.145100504159927368e-02,6.985055655241012573e-02,2.473765239119529724e-02,-3.966667503118515015e-02,-1.686209589242935181e-01,-9.681537747383117676e-02,4.084934294223785400e-01,3.198626935482025146e-01,-2.065025418996810913e-01,-6.394356489181518555e-02,3.061206340789794922e-01,6.620277166366577148e-01,-4.822913184762001038e-02,7.266017049551010132e-02,-5.789752677083015442e-02,7.708715647459030151e-02,-1.856427192687988281e-01,-1.126451343297958374e-01,2.489978671073913574e-01,1.680046916007995605e-01,1.929366290569305420e-01,3.952609375119209290e-02,3.282716125249862671e-02,-1.059224754571914673e-01,-1.147919222712516785e-01,-1.035715360194444656e-02,2.092386363074183464e-03,-1.474804580211639404e-01,-7.623154670000076294e-02,-1.558864861726760864e-01,-4.456561505794525146e-01,-3.016912341117858887e-01,-3.384366929531097412e-01,-4.048239588737487793e-01,-2.252463400363922119e-01,-3.564356267452239990e-01,-4.797419309616088867e-01,-4.864749014377593994e-01,-4.915442168712615967e-01,-4.469272792339324951e-01,-3.336848616600036621e-01,-4.154357314109802246e-01,6.772746145725250244e-02,8.028822392225265503e-02,9.926010668277740479e-02,2.569922208786010742e-01,1.513996869325637817e-01,8.065932989120483398e-02,3.600662201642990112e-02,1.839216239750385284e-02,-9.347739629447460175e-03,1.331082880496978760e-01,1.430743141099810600e-03,-1.471621077507734299e-02,1.296966224908828735e-01,5.003415048122406006e-02,2.339069843292236328e-01,3.221673667430877686e-01,2.376139163970947266e-01,2.974484264850616455e-01,-9.558898163959383965e-04,6.372454017400741577e-02,9.579560160636901855e-02,-8.870082907378673553e-03,1.065418422222137451e-01,1.001421213150024414e-01,-3.184526041150093079e-02,3.384969383478164673e-02,-1.506024152040481567e-01,8.863619714975357056e-02,-4.472018033266067505e-02,2.336924895644187927e-02,-3.725976496934890747e-02,-9.643816947937011719e-02,1.758981198072433472e-01,3.964415565133094788e-02,1.137378141283988953e-01,1.415810734033584595e-01,1.357275247573852539e-01,-6.191615015268325806e-03,-9.497141838073730469e-02,-8.469440788030624390e-02,-1.178308799862861633e-01,-1.391302794218063354e-01,-1.825473159551620483e-01,1.493154913187026978e-01,1.252033114433288574e-01,1.700205653905868530e-01,2.376478463411331177e-01,3.540333509445190430e-01,3.086464405059814453e-01,3.317795991897583008e-01,1.696933209896087646e-01,2.884166836738586426e-01,1.764681786298751831e-01,4.559743404388427734e-01,1.583627797663211823e-02,-6.976266205310821533e-02,-1.145164966583251953e-01,3.331981226801872253e-02,8.202437311410903931e-02,-6.716261059045791626e-02,-1.614238023757934570e-01,5.624873563647270203e-02
7.692111283540725708e-02,2.057104408740997314e-01,5.125522613525390625e-01,6.053261458873748779e-02,0.000000000000000000e+00,5.150071382522583008e-01,5.001201033592224121e-01,-2.408917993307113647e-01,7.700767517089843750e-01,5.783130526542663574e-01,9.336857497692108154e-02,-2.010015547275543213e-01,-2.024625688791275024e-01,-2.671909630298614502e-01,3.538475036621093750e-01,2.093446403741836548e-01,2.180159687995910645e-01,1.536009907722473145e-01,2.117550671100616455e-01,2.605500817298889160e-01,-4.603851214051246643e-02,-2.135623097419738770e-01,3.828462362289428711e-01,1.827350407838821411e-01,5.642440319061279297e-01,2.855840921401977539e-01,2.421410083770751953e-01,5.789737105369567871e-01,-1.269756555557250977e-01,-8.030376583337783813e-02,-3.296568989753723145e-01,-3.748741447925567627e-01,1.847183108329772949e-01,-2.641353197395801544e-02,4.802852869033813477e-02,1.526122242212295532e-01,2.501848638057708740e-01,8.857965469360351562e-02,3.736082836985588074e-02,2.187051810324192047e-02,1.546169519424438477e-01,-3.791134431958198547e-02,-7.891177386045455933e-02,9.168350696563720703e-02,-5.573679693043231964e-03,-8.445009589195251465e-02,-2.150151319801807404e-02,-2.217621915042400360e-02,-1.320603191852569580e-01,-1.549423635005950928e-01,-1.573448777198791504e-01,-1.397813111543655396e-01,-1.366831548511981964e-02,-1.260554939508438110e-01,-8.774474263191223145e-02,-1.850214451551437378e-01,1.287109404802322388e-01,1.958900317549705505e-02,3.833753615617752075e-02,-3.655848279595375061e-02,-1.256732642650604248e-01,-1.653600782155990601e-01,3.771549463272094727e-02,-4.281292110681533813e-02,2.852817252278327942e-02,-8.064337074756622314e-02,1.732425242662429810e-01,1.314335465431213379e-01,3.056304156780242920e-01,3.040359020233154297e-01,-2.077611833810806274e-01,-2.347866147756576538e-01,1.494430899620056152e-01,1.394167840480804443e-01,-6.859676539897918701e-02,3.280201926827430725e-02,1.598458141088485718e-01,1.103965193033218384e-01,-9.437629580497741699e-02,-8.318182080984115601e-02,-5.182257294654846191e-02,-2.612952841445803642e-03,3.947151303291320801e-01,1.191381290555000305e-01,-9.771418571472167969e-02,-2.092766761779785156e-01,2.241068929433822632e-01,-1.558397803455591202e-02,-2.861392199993133545e-01,-1.931976675987243652e-01,7.654161751270294189e-02,-6.294162571430206299e-02,-1.792319267988204956e-01,-3.295371532440185547e-01,5.563608184456825256e-02,-8.067707531154155731e-03,1.084702908992767334e-01,1.160067915916442871e-01,1.205395758152008057e-01,1.361966282129287720e-01,2.165304720401763916e-01,5.175407603383064270e-02,2.894568443298339844e-01,1.560095697641372681e-01,1.228344514966011047e-01,8.674646914005279541e-02,1.317419111728668213e-01,1.195321157574653625e-01,-1.553487591445446014e-02,1.103384792804718018e-02,7.731690071523189545e-03,-3.304697945713996887e-02,6.668242812156677246e-02,2.449308149516582489e-02,-1.944798417389392853e-02,7.952498644590377808e-02
-4.988470673561096191e-02,7.029218226671218872e-02,4.134373664855957031e-01,2.538292407989501953e-01,5.150071382522583008e-01,0.000000000000000000e+00,3.899365067481994629e-01,-6.148885190486907959e-02,4.589881598949432373e-01,6.245511770248413086e-01,9.385535866022109985e-02,-6.752412766218185425e-02,-1.910842210054397583e-01,-1.946979314088821411e-01,4.571209549903869629e-01,3.314281105995178223e-01,1.164218336343765259e-01,1.926753371953964233e-01,1.519446969032287598e-01,1.112704053521156311e-01,1.699936203658580780e-02,-8.661372959613800049e-02,2.459997385740280151e-01,2.705069184303283691e-01,4.073479771614074707e-01,4.003393650054931641e-01,2.947504222393035889e-01,5.862212777137756348e-01,-1.408021152019500732e-02,3.940369933843612671e-02,-1.394075155258178711e-01,-1.909128576517105103e-01,5.654750764369964600e-02,1.110946666449308395e-02,7.150330580770969391e-03,6.727723777294158936e-02,1.654016673564910889e-01,2.131135463714599609e-01,1.528308242559432983e-01,8.177617937326431274e-02,3.665959835052490234e-02,1.425014249980449677e-02,-1.312673985958099365e-01,2.622531354427337646e-02,-4.624594748020172119e-02,-2.044576555490493774e-01,-3.612667694687843323e-02,-2.992908470332622528e-02,-2.222003191709518433e-01,-2.876718044281005859e-01,-2.756794989109039307e-01,-2.059798985719680786e-01,-5.231060832738876343e-02,-2.829550206661224365e-01,5.807433649897575378e-02,-3.336082026362419128e-02,-1.769560202956199646e-02,-9.777275845408439636e-03,-3.585541248321533203e-02,-1.078583002090454102e-01,-2.165597677230834961e-01,-1.243432760238647461e-01,6.964150816202163696e-02,3.114984370768070221e-02,-7.042668759822845459e-02,-1.134623289108276367e-01,1.836922466754913330e-01,1.767065823078155518e-01,1.545037180185317993e-01,2.828438580036163330e-01,9.499682486057281494e-02,-1.596367545425891876e-02,1.131586730480194092e-01,1.194408163428306580e-01,1.445431448519229889e-02,9.273807704448699951e-02,1.610782742500305176e-01,1.461470574140548706e-01,-1.120896358042955399e-02,1.144127454608678818e-02,1.855890266597270966e-02,8.376275189220905304e-03,3.698917627334594727e-01,1.910717934370040894e-01,7.609286904335021973e-02,-1.898894459009170532e-01,3.369365930557250977e-01,1.080500334501266479e-01,1.858333498239517212e-02,-5.598624795675277710e-02,1.358159780502319336e-01,-8.177264034748077393e-02,-3.518078243359923363e-03,-3.165417313575744629e-01,1.115827038884162903e-01,7.223958522081375122e-02,9.303373098373413086e-02,1.187061741948127747e-01,1.161010637879371643e-01,1.142406761646270752e-01,2.982899248600006104e-01,1.006518229842185974e-01,3.335452377796173096e-01,2.556657791137695312e-01,-8.652533404529094696e-03,1.247922256588935852e-01,1.980646550655364990e-01,1.728621721267700195e-01,-7.994840294122695923e-02,2.061614394187927246e-02,-8.823331445455551147e-02,-3.454625606536865234e-02,1.162461787462234497e-01,6.868018209934234619e-02,-1.587339341640472412e-01,-5.460143089294433594e-02
3.429839313030242920e-01,3.311342895030975342e-01,7.351486682891845703e-01,5.133470296859741211e-01,5.001201033592224121e-01,3.899365067481994629e-01,0.000000000000000000e+00,1.739989817142486572e-01,4.670534431934356689e-01,4.623264670372009277e-01,1.669206619262695312e-01,2.840454224497079849e-03,1.717588282190263271e-03,-6.318613141775131226e-02,2.574168145656585693e-01,1.460323333740234375e-01,-2.435432747006416321e-02,3.364343196153640747e-02,4.641717076301574707e-01,4.046037495136260986e-01,-1.451657116413116455e-01,-1.744455844163894653e-01,5.303356051445007324e-01,5.112041234970092773e-01,3.664736151695251465e-01,2.407609820365905762e-01,6.177661567926406860e-02,3.241150379180908203e-01,-2.247115373611450195e-01,-1.301500201225280762e-01,-4.560986533761024475e-02,-9.492697566747665405e-02,2.875717580318450928e-01,4.951196536421775818e-02,3.854664042592048645e-02,-6.093804538249969482e-02,-4.129892215132713318e-02,1.361959706991910934e-02,-8.504515141248703003e-02,-1.689991652965545654e-01,2.243066951632499695e-02,-1.650847494602203369e-01,-4.332000911235809326e-01,-1.735409796237945557e-01,-1.945198327302932739e-01,-3.015215396881103516e-01,-3.286379575729370117e-01,-3.335121572017669678e-01,-3.731604814529418945e-01,-4.016900658607482910e-01,-3.458289206027984619e-01,-4.013115763664245605e-01,-2.965191304683685303e-01,-3.118739426136016846e-01,-1.857602596282958984e-01,-2.245214581489562988e-01,2.072627693414688110e-01,2.057951539754867554e-01,1.752446889877319336e-01,2.405039221048355103e-02,9.459391981363296509e-02,-8.970867842435836792e-02,1.354838460683822632e-01,2.186657860875129700e-02,1.126449555158615112e-01,-1.868617683649063110e-01,1.285286396741867065e-01,-2.924824506044387817e-02,3.192714452743530273e-01,3.634840846061706543e-01,2.874382026493549347e-02,5.339804291725158691e-02,2.283163182437419891e-02,1.491889804601669312e-01,-2.253208495676517487e-02,-1.006827689707279205e-02,1.006966158747673035e-01,9.334846585988998413e-02,-1.071741133928298950e-01,-9.119007736444473267e-02,-2.251036018133163452e-01,-9.167058020830154419e-02,9.154246747493743896e-02,-1.784239709377288818e-02,-4.624303057789802551e-02,-3.077150881290435791e-01,1.183091625571250916e-01,-1.756104081869125366e-01,-3.091498464345932007e-02,-9.914591163396835327e-02,1.509719491004943848e-01,9.722476825118064880e-03,-1.665845364332199097e-01,-1.655167788267135620e-01,-2.161454036831855774e-02,-5.894517898559570312e-02,-9.715391322970390320e-03,1.074582636356353760e-01,9.958698600530624390e-02,1.427609175443649292e-01,2.010312378406524658e-01,2.054112404584884644e-01,2.922092974185943604e-01,2.358484268188476562e-01,1.792786717414855957e-01,2.245176732540130615e-01,2.086472362279891968e-01,3.341010808944702148e-01,-4.671790823340415955e-02,-2.773434296250343323e-02,-1.362566053867340088e-01,-8.018256723880767822e-02,1.267284303903579712e-01,-4.488507285714149475e-02,-1.868865936994552612e-01,4.014915600419044495e-02
1.661079525947570801e-01,7.843963056802749634e-02,1.207670867443084717e-01,4.447721242904663086e-01,-2.408917993307113647e-01,-6.148885190486907959e-02,1.739989817142486572e-01,0.000000000000000000e+00,-2.051679193973541260e-01,-1.105570793151855469e-01,1.581429243087768555e-01,4.912389218807220459e-01,1.580055505037307739e-01,5.503591895103454590e-01,-1.359488368034362793e-01,2.311073057353496552e-02,-2.344014495611190796e-01,-6.333813071250915527e-02,2.379678636789321899e-01,1.767748445272445679e-01,-1.767553687095642090e-01,-8.192173391580581665e-02,-6.409087032079696655e-02,3.418202698230743408e-01,-3.503058850765228271e-01,-9.417492896318435669e-02,-3.168537914752960205e-01,-2.777709960937500000e-01,-1.482847779989242554e-01,-7.965929806232452393e-02,2.699529826641082764e-01,3.710584342479705811e-01,1.097771078348159790e-01,3.695829510688781738e-01,-1.215961482375860214e-02,-1.531873643398284912e-01,-2.705811858177185059e-01,-1.926537156105041504e-01,-1.986146867275238037e-01,-1.553296893835067749e-01,-9.638465940952301025e-02,-2.006830573081970215e-01,-3.469055294990539551e-01,-2.147479355335235596e-01,-2.286160886287689209e-01,-1.850258409976959229e-01,-2.293505370616912842e-01,-2.540942132472991943e-01,-1.940316706895828247e-01,-2.127156853675842285e-01,-1.386100798845291138e-01,-1.971774101257324219e-01,-1.166527718305587769e-01,-2.935940623283386230e-01,-6.667599081993103027e-02,8.884071372449398041e-03,-4.467596486210823059e-02,1.241464912891387939e-01,1.018335297703742981e-01,1.649018675088882446e-01,1.781157851219177246e-01,3.894005715847015381e-01,9.082418680191040039e-02,3.510457277297973633e-01,-2.927269935607910156e-01,-6.698357313871383667e-02,-1.478038430213928223e-01,1.162613742053508759e-02,-2.671300247311592102e-02,9.666384011507034302e-02,2.635707557201385498e-01,2.576721012592315674e-01,-8.465630561113357544e-02,3.161878511309623718e-02,-3.238811623305082321e-03,1.146955043077468872e-01,-6.693911273032426834e-04,-5.477617681026458740e-02,8.045462891459465027e-03,-8.627129346132278442e-02,-5.901312455534934998e-02,6.017441675066947937e-02,-2.754872441291809082e-01,-2.429293543100357056e-01,8.535651117563247681e-02,-5.257990583777427673e-02,-1.551233530044555664e-01,-1.588311046361923218e-01,1.835006624460220337e-01,-2.886434830725193024e-02,1.291033327579498291e-01,-1.634610295295715332e-01,9.435219317674636841e-02,-7.938687503337860107e-02,-1.165660321712493896e-01,-1.527991592884063721e-01,-1.466038972139358521e-01,-1.182681694626808167e-01,-1.569503918290138245e-02,-7.467894256114959717e-02,7.330359518527984619e-02,9.267149865627288818e-02,5.139476433396339417e-02,6.621192395687103271e-02,8.035463094711303711e-02,-3.438910841941833496e-02,4.135776311159133911e-02,1.816271096467971802e-01,-6.392993032932281494e-02,-5.420901626348495483e-02,-7.637809216976165771e-02,-6.055295467376708984e-02,-3.447753377258777618e-03,-6.451602280139923096e-02,-1.051358282566070557e-01,-6.596613675355911255e-02
1.268580406904220581e-01,2.317497283220291138e-01,4.584187865257263184e-01,5.615799129009246826e-02,7.700767517089843750e-01,4.589881598949432373e-01,4.670534431934356689e-01,-2.051679193973541260e-01,0.000000000000000000e+00,5.455856919288635254e-01,1.548619419336318970e-01,-1.181196793913841248e-01,-1.449494510889053345e-01,-2.098663449287414551e-01,2.824381589889526367e-01,2.365591973066329956e-01,3.032675385475158691e-01,2.406379133462905884e-01,2.338020056486129761e-01,2.931924462318420410e-01,-1.913706888444721699e-03,-2.286462038755416870e-01,3.756005465984344482e-01,2.384379208087921143e-01,5.336917638778686523e-01,2.914117276668548584e-01,2.532890737056732178e-01,4.958567321300506592e-01,-7.575688511133193970e-02,-7.282164692878723145e-02,-3.105345964431762695e-01,-3.759865462779998779e-01,2.501409947872161865e-01,5.412776768207550049e-02,1.095177605748176575e-01,2.256525009870529175e-01,2.409765571355819702e-01,7.260694168508052826e-03,3.614871762692928314e-03,7.151996344327926636e-02,1.182684600353240967e-01,-6.769769638776779175e-02,-6.156312301754951477e-02,1.664133071899414062e-01,4.917957633733749390e-02,-2.136165462434291840e-02,-2.172366343438625336e-02,3.503160551190376282e-02,-1.062380895018577576e-01,-1.338669657707214355e-01,-1.464884579181671143e-01,-1.102108359336853027e-01,7.516936864703893661e-03,-1.091927886009216309e-01,-1.279558986425399780e-01,-2.118984758853912354e-01,2.019605040550231934e-01,2.262565866112709045e-02,5.712683871388435364e-02,1.405525486916303635e-03,-8.264204859733581543e-02,-9.829059988260269165e-02,6.916818767786026001e-02,-3.683241829276084900e-02,9.623046964406967163e-02,-7.082136720418930054e-02,1.944135725498199463e-01,1.505891233682632446e-01,3.879343867301940918e-01,3.006121814250946045e-01,-2.317482084035873413e-01,-1.895246207714080811e-01,2.243697941303253174e-01,2.475137710571289062e-01,4.030071198940277100e-02,2.761604031547904015e-03,1.616145819425582886e-01,1.268263459205627441e-01,-1.906477212905883789e-01,2.447866089642047882e-02,-1.532204747200012207e-01,-1.543664280325174332e-02,3.616615235805511475e-01,8.839903026819229126e-02,-1.893215626478195190e-01,-1.713124811649322510e-01,1.598231792449951172e-01,-7.187423855066299438e-02,-3.893890976905822754e-01,-1.825368553400039673e-01,-2.821330353617668152e-02,-1.147932112216949463e-01,-2.798185646533966064e-01,-3.686501085758209229e-01,2.692088671028614044e-02,-2.135290950536727905e-02,9.794667363166809082e-02,9.849681705236434937e-02,1.146537624299526215e-02,1.438426226377487183e-01,1.495454609394073486e-01,-4.775953665375709534e-02,2.179078608751296997e-01,1.112709715962409973e-01,6.985866278409957886e-02,4.477276653051376343e-02,1.308821737766265869e-01,4.911930859088897705e-02,1.504558883607387543e-02,-2.728072367608547211e-02,-3.461828827857971191e-02,-8.963540196418762207e-02,-7.220837753266096115e-03,1.177605241537094116e-02,-3.586310893297195435e-02,-1.766672357916831970e-02
-5.077170208096504211e-02,4.288782924413681030e-02,4.370973408222198486e-01,2.031784802675247192e-01,5.783130526542663574e-01,6.245511770248413086e-01,4.623264670372009277e-01,-1.105570793151855469e-01,5.455856919288635254e-01,0.000000000000000000e+00,3.355342149734497070e-02,-1.487038582563400269e-01,-1.145020350813865662e-01,-1.877264678478240967e-01,3.929450511932373047e-01,2.943049669265747070e-01,1.197218745946884155e-01,7.240283489227294922e-02,1.130571141839027405e-01,6.149739027023315430e-02,-2.850236184895038605e-02,-3.441875055432319641e-02,3.989842534065246582e-01,2.070479691028594971e-01,5.520402789115905762e-01,4.487643837928771973e-01,2.382671236991882324e-01,5.022331476211547852e-01,-1.465221494436264038e-01,-9.075562655925750732e-02,-2.010541111230850220e-01,-2.614270150661468506e-01,4.691076651215553284e-02,-1.263464540243148804e-01,-7.264742255210876465e-02,-3.221115563064813614e-03,1.633071005344390869e-01,1.367552429437637329e-01,1.015288159251213074e-01,1.168840453028678894e-01,7.087775319814682007e-02,6.497624516487121582e-02,-1.683291792869567871e-01,-6.645695865154266357e-02,-3.118922375142574310e-02,-2.018783390522003174e-01,-1.312766671180725098e-01,-7.276850193738937378e-02,-1.065368652343750000e-01,-1.895429641008377075e-01,-2.039580047130584717e-01,-1.065331101417541504e-01,-3.894788771867752075e-02,-8.216916769742965698e-02,-6.632000952959060669e-02,-1.469876021146774292e-01,-2.704576216638088226e-02,-4.514465853571891785e-02,-1.081972643733024597e-01,-1.913056522607803345e-01,-2.019432783126831055e-01,-2.353521585464477539e-01,8.657060563564300537e-03,-1.323918849229812622e-01,4.123425111174583435e-02,-1.299199908971786499e-01,5.398587137460708618e-02,-1.845041289925575256e-02,1.276854574680328369e-01,1.857606917619705200e-01,-3.629481419920921326e-02,-3.788194432854652405e-02,1.334698591381311417e-02,7.717262208461761475e-02,-2.823335863649845123e-02,8.591100573539733887e-02,1.689504133537411690e-03,5.236025527119636536e-02,-1.229350343346595764e-01,-5.190997943282127380e-02,-9.387180954217910767e-02,-6.051287800073623657e-02,3.045075237751007080e-01,2.180489450693130493e-01,-9.620056301355361938e-02,-1.313830614089965820e-01,2.416342198848724365e-01,4.468674212694168091e-02,-4.823770001530647278e-02,4.101467505097389221e-02,-1.719944551587104797e-02,9.422188997268676758e-02,-1.273928731679916382e-01,-1.364510357379913330e-01,7.447514683008193970e-02,2.752743894234299660e-04,3.978481888771057129e-02,1.226840987801551819e-01,3.468327969312667847e-02,1.716763377189636230e-01,1.547563225030899048e-01,1.715771853923797607e-01,2.301853895187377930e-01,2.280430793762207031e-01,-2.295812405645847321e-02,1.743733137845993042e-01,1.250944882631301880e-01,1.516731381416320801e-01,2.828296273946762085e-02,-4.100940376520156860e-02,-6.713929027318954468e-02,4.214840754866600037e-02,1.019781455397605896e-02,-4.247255623340606689e-02,-6.977962702512741089e-02,4.767728224396705627e-02
5.175440907478332520e-01,4.705809950828552246e-01,1.518974006175994873e-01,1.306986361742019653e-01,9.336857497692108154e-02,9.385535866022109985e-02,1.669206619262695312e-01,1.581429243087768555e-01,1.548619419336318970e-01,3.355342149734497070e-02,0.000000000000000000e+00,2.331313937902450562e-01,3.713323175907135010e-01,1.034629438072443008e-02,-5.638675391674041748e-02,1.523018628358840942e-01,2.537810206413269043e-01,1.968935430049896240e-01,3.683949708938598633e-01,4.215927124023437500e-01,6.309703737497329712e-02,-1.112207323312759399e-01,-2.020952701568603516e-01,1.318859755992889404e-01,-1.493624001741409302e-01,-1.885936707258224487e-01,1.655522733926773071e-02,-1.087000370025634766e-01,2.941855192184448242e-01,1.722304522991180420e-01,-2.550944685935974121e-01,-2.509528994560241699e-01,1.537816077470779419e-01,2.036899328231811523e-01,7.796272635459899902e-02,4.105588421225547791e-02,-8.672215044498443604e-02,-1.879981458187103271e-01,-1.667243689298629761e-01,-2.262094914913177490e-01,-1.480390429496765137e-01,-1.385041773319244385e-01,-1.047374457120895386e-01,1.782454699277877808e-01,-1.568333655595779419e-01,-6.648840010166168213e-02,5.773552134633064270e-02,5.391899496316909790e-02,-2.954167425632476807e-01,-1.965015977621078491e-01,-3.170554339885711670e-01,-2.159421145915985107e-01,-2.077459692955017090e-01,-2.578398585319519043e-01,2.245864458382129669e-02,-6.340790539979934692e-02,4.228141307830810547e-01,3.592827916145324707e-01,4.051652550697326660e-01,3.142066597938537598e-01,3.961182832717895508e-01,3.231421113014221191e-01,3.373606801033020020e-01,3.819622397422790527e-01,-1.944573372602462769e-01,-2.093632072210311890e-01,1.727702468633651733e-02,3.322981670498847961e-02,3.008333444595336914e-01,2.204613983631134033e-01,-2.049146890640258789e-01,-3.401544317603111267e-02,2.495698630809783936e-01,3.501016497611999512e-01,1.069581955671310425e-01,-2.988932188600301743e-03,1.302176713943481445e-01,1.743817180395126343e-01,-8.765239268541336060e-02,1.338764131069183350e-01,-2.307247817516326904e-01,-1.706336997449398041e-02,-5.411878973245620728e-02,-1.790078133344650269e-01,-2.800261974334716797e-01,-2.366522103548049927e-01,-1.078817918896675110e-01,-2.750124037265777588e-01,-2.378619313240051270e-01,-1.910064369440078735e-01,-2.360272966325283051e-02,-1.305368095636367798e-01,-2.749856412410736084e-01,-1.678200513124465942e-01,5.387964472174644470e-02,3.307122737169265747e-02,1.096066012978553772e-01,2.318781465291976929e-01,4.796689003705978394e-02,1.771754771471023560e-01,1.313803195953369141e-01,1.828483790159225464e-01,1.123786792159080505e-01,1.350531578063964844e-01,3.707904368638992310e-02,1.635263860225677490e-02,5.052870619692839682e-05,1.450246423482894897e-01,1.144400462508201599e-01,-1.049375860020518303e-03,-1.000898238271474838e-02,8.903027512133121490e-03,5.535618588328361511e-02,-4.664865508675575256e-02,-2.096288353204727173e-01,-1.968133822083473206e-02
2.132697999477386475e-01,1.418398916721343994e-01,-5.499342828989028931e-02,1.232937350869178772e-01,-2.010015547275543213e-01,-6.752412766218185425e-02,2.840454224497079849e-03,4.912389218807220459e-01,-1.181196793913841248e-01,-1.487038582563400269e-01,2.331313937902450562e-01,0.000000000000000000e+00,2.000744342803955078e-01,5.912172794342041016e-01,-6.421153992414474487e-02,9.250700473785400391e-02,-3.420192375779151917e-02,2.511484026908874512e-01,2.423034757375717163e-01,1.512281745672225952e-01,8.746340125799179077e-02,3.073164075613021851e-02,-1.941765844821929932e-01,1.070713698863983154e-01,-3.574130833148956299e-01,-1.186195164918899536e-01,-1.572282016277313232e-01,-2.478523552417755127e-01,8.401046693325042725e-02,3.920845314860343933e-02,9.165892004966735840e-02,1.584081351757049561e-01,1.261507570743560791e-01,2.612838447093963623e-01,3.336217999458312988e-02,-1.387518346309661865e-01,-1.175818368792533875e-01,-9.652593731880187988e-02,-2.802462577819824219e-01,-1.210534647107124329e-01,-1.224353685975074768e-01,-1.055301055312156677e-01,-1.127007231116294861e-01,8.380980789661407471e-02,-9.596181660890579224e-02,-1.710863225162029266e-02,-1.437322348356246948e-01,-5.032943189144134521e-02,-1.301299631595611572e-01,-7.229541987180709839e-02,-5.179885774850845337e-02,-7.127852737903594971e-02,-1.359079126268625259e-02,-2.078219205141067505e-01,-1.650691963732242584e-02,-3.778672590851783752e-02,1.315216571092605591e-01,2.541912794113159180e-01,2.203068584203720093e-01,3.125155568122863770e-01,2.577815651893615723e-01,4.342599511146545410e-01,3.264778852462768555e-01,4.308481812477111816e-01,-2.101556211709976196e-01,-2.246453315019607544e-01,-2.286922037601470947e-01,-7.935713231563568115e-02,-1.051476672291755676e-01,-9.901991486549377441e-02,1.254830062389373779e-01,2.299922555685043335e-01,-1.672429218888282776e-02,9.868969023227691650e-02,5.585669353604316711e-02,1.274393945932388306e-01,-6.002616509795188904e-02,-1.217219829559326172e-01,-7.933805882930755615e-02,8.883565664291381836e-02,-1.145340874791145325e-01,1.798444837331771851e-01,-3.712834417819976807e-01,-1.436647176742553711e-01,7.552177459001541138e-02,-3.728122636675834656e-02,-3.547153770923614502e-01,-1.324985027313232422e-01,3.834000602364540100e-02,-6.017980352044105530e-02,8.641056716442108154e-02,-1.295110434293746948e-01,6.309392303228378296e-02,-8.953488618135452271e-02,-4.808016866445541382e-02,-1.395965069532394409e-01,-2.258942276239395142e-02,-3.209862858057022095e-02,3.207221627235412598e-02,8.403886854648590088e-02,9.546128660440444946e-02,-8.893995545804500580e-03,-1.664717867970466614e-02,5.703955516219139099e-02,-2.327991835772991180e-02,-1.480483859777450562e-01,-4.006045684218406677e-02,5.538972560316324234e-03,4.389781504869461060e-02,1.137327179312705994e-01,2.163261920213699341e-02,-2.339694276452064514e-02,7.563620060682296753e-02,2.532237395644187927e-02,-1.547107100486755371e-01,-9.229876846075057983e-02
3.091835975646972656e-01,7.834080606698989868e-02,-1.309414207935333252e-01,5.145100504159927368e-02,-2.024625688791275024e-01,-1.910842210054397583e-01,1.717588282190263271e-03,1.580055505037307739e-01,-1.449494510889053345e-01,-1.145020350813865662e-01,3.713323175907135010e-01,2.000744342803955078e-01,0.000000000000000000e+00,1.942816525697708130e-01,-1.547483056783676147e-01,-7.602212578058242798e-02,-1.918594539165496826e-02,-8.796188235282897949e-02,9.182579070329666138e-02,-2.429516054689884186e-02,1.635190248489379883e-01,6.765167415142059326e-02,7.912047207355499268e-02,1.580655388534069061e-02,-1.489324569702148438e-01,-8.071828633546829224e-02,-1.198215037584304810e-01,-2.736179828643798828e-01,2.548134885728359222e-02,-1.394740790128707886e-01,1.638245135545730591e-01,7.108002901077270508e-02,2.369655221700668335e-01,1.693589091300964355e-01,2.652747333049774170e-01,2.612600289285182953e-02,-1.721717566251754761e-01,-2.821113765239715576e-01,-3.229989409446716309e-01,-1.698718667030334473e-01,-1.936022639274597168e-01,-1.260985881090164185e-01,-2.449357882142066956e-02,1.966910064220428467e-02,7.402563840150833130e-02,1.269607692956924438e-01,-5.429756268858909607e-02,-1.007966771721839905e-01,8.063217252492904663e-02,1.361806243658065796e-01,4.863223433494567871e-02,9.651767462491989136e-02,-9.332787245512008667e-02,2.211710959672927856e-01,-1.598076820373535156e-01,-9.157278388738632202e-02,1.393188238143920898e-01,1.137945950031280518e-01,8.130360394716262817e-02,4.274412617087364197e-02,3.442298769950866699e-01,1.480983048677444458e-01,3.905272483825683594e-02,-1.124934852123260498e-01,1.843777000904083252e-01,-2.663253806531429291e-02,-4.287414625287055969e-02,-2.325097024440765381e-01,2.926309779286384583e-02,-1.085185483098030090e-01,3.213861957192420959e-02,1.156238615512847900e-01,7.309994101524353027e-02,1.247688531875610352e-01,1.976823210716247559e-01,-3.898767381906509399e-02,-2.105914615094661713e-02,-3.207729756832122803e-02,-2.479527592658996582e-01,8.815452456474304199e-02,-3.345478773117065430e-01,-1.461835354566574097e-01,-3.470053076744079590e-01,-2.268504202365875244e-01,-1.881505697965621948e-01,4.110695049166679382e-02,-2.506774067878723145e-01,-1.208701655268669128e-01,-1.023817062377929688e-01,1.324483454227447510e-01,-2.244178503751754761e-01,1.957922726869583130e-01,-1.968368142843246460e-01,2.373809963464736938e-01,-2.070372551679611206e-01,-2.700248360633850098e-01,-2.638446092605590820e-01,-1.109204068779945374e-01,-2.323404103517532349e-01,-1.403539627790451050e-01,-2.988486588001251221e-01,-8.090364187955856323e-02,-3.077273666858673096e-01,-2.215623557567596436e-01,-7.255112379789352417e-02,-2.046800106763839722e-01,-2.810762524604797363e-01,-4.984151199460029602e-02,-6.318502593785524368e-03,-5.522339604794979095e-03,8.686504326760768890e-03,-6.472724676132202148e-02,-1.496141850948333740e-01,-1.340039074420928955e-01,-1.067313179373741150e-01,5.753030255436897278e-02
