0.000000000000000000e+00,4.694705307483673096e-01,4.740561246871948242e-01,3.783582746982574463e-01,3.735074028372764587e-02,4.660858213901519775e-02,4.737356603145599365e-01,3.510630130767822266e-01,1.080686524510383606e-01,-1.227907761931419373e-01,3.468368053436279297e-01,2.958978712558746338e-01,3.070524632930755615e-01,2.250637710094451904e-01,-3.693494200706481934e-02,-2.309824526309967041e-01,-2.513171359896659851e-02,-4.288830980658531189e-02,4.811803698539733887e-01,4.914892613887786865e-01,-1.548594087362289429e-01,-1.695400923490524292e-01,3.084777593612670898e-01,3.000536262989044189e-01,1.446132361888885498e-01,4.480717331171035767e-02,-1.644934266805648804e-01,-1.258268505334854126e-01,-1.502744853496551514e-01,-2.127549797296524048e-01,2.512869536876678467e-01,1.973703652620315552e-01,3.698644638061523438e-01,3.659349679946899414e-01,6.959715485572814941e-02,-1.690385304391384125e-02,-9.482562541961669922e-02,-2.586639821529388428e-01,-1.901384294033050537e-01,-3.264356851577758789e-01,-9.242722392082214355e-02,7.066632062196731567e-02,1.897065551020205021e-03,-8.020748943090438843e-02,9.310588985681533813e-02,9.865755215287208557e-03,1.329645514488220215e-02,-1.216292753815650940e-01,1.034038364887237549e-01,1.398970484733581543e-01,1.486185938119888306e-01,2.840145863592624664e-02,3.200566023588180542e-02,-1.868539601564407349e-01,-1.942476332187652588e-01,-2.498301267623901367e-01,5.874941349029541016e-01,3.652279078960418701e-01,5.863374471664428711e-01,4.663548767566680908e-01,4.472424387931823730e-01,1.649252474308013916e-01,2.106770724058151245e-01,-3.144549205899238586e-02,2.243503928184509277e-01,1.714559048414230347e-01,3.543642461299896240e-01,2.804506719112396240e-01,3.774229586124420166e-01,4.469794929027557373e-01,3.083602786064147949e-01,1.880397945642471313e-01,9.871762245893478394e-02,2.662767171859741211e-01,1.261703670024871826e-01,6.662859581410884857e-03,2.204984128475189209e-01,9.324341267347335815e-02,-1.396281123161315918e-01,-2.275485247373580933e-01,-1.507960557937622070e-01,-1.248221620917320251e-01,-2.316002845764160156e-01,-1.737850904464721680e-01,7.057959586381912231e-02,-1.313578058034181595e-02,-1.431903243064880371e-01,-2.209345996379852295e-01,-5.852693319320678711e-02,-3.026994466781616211e-01,-1.689755767583847046e-01,-3.746559470891952515e-02,4.870262462645769119e-03,-7.576595991849899292e-02,-2.276312708854675293e-01,-2.493660002946853638e-01,-2.861407995223999023e-01,-1.751821488142013550e-01,-1.751992553472518921e-01,-1.671413779258728027e-01,4.403498023748397827e-02,-7.203529775142669678e-02,7.355764973908662796e-03,-1.401841267943382263e-02,-5.328951030969619751e-02,-1.037426218390464783e-01,-1.044416278600692749e-01,-1.430228203535079956e-01,1.781205460429191589e-02,-2.040144950151443481e-01,-3.911499679088592529e-01,-2.407942414283752441e-01,-1.198947876691818237e-01,-1.531986445188522339e-01,2.296062652021646500e-03,-1.387968361377716064e-01
4.694705307483673096e-01,0.000000000000000000e+00,2.578396797180175781e-01,3.991099596023559570e-01,-2.652535401284694672e-02,8.668776601552963257e-02,1.755473166704177856e-01,3.349094688892364502e-01,-2.118536978960037231e-01,-1.642157286405563354e-01,9.709162265062332153e-02,1.204168573021888733e-01,-2.465239539742469788e-02,1.540920436382293701e-01,-2.263661921024322510e-01,-1.956664323806762695e-01,1.440243124961853027e-01,1.729472279548645020e-01,5.203703045845031738e-01,6.495301723480224609e-01,-2.846517227590084076e-02,-7.064442336559295654e-02,6.408855319023132324e-02,1.717892587184906006e-01,7.023132406175136566e-03,8.372154086828231812e-02,-9.450779855251312256e-02,-1.533265113830566406e-01,-1.250002384185791016e-01,-6.078639999032020569e-02,2.660517394542694092e-01,2.246805578470230103e-01,1.560809463262557983e-01,2.548331916332244873e-01,-1.605696678161621094e-01,-9.158877283334732056e-02,-9.208089858293533325e-02,-2.612777054309844971e-01,-1.315306872129440308e-01,-1.859198063611984253e-01,8.335875719785690308e-02,-7.469906657934188843e-02,-2.893301099538803101e-02,8.985625952482223511e-02,1.203664541244506836e-01,1.766653209924697876e-01,7.234847545623779297e-02,4.350935667753219604e-02,2.370989620685577393e-01,3.267951011657714844e-01,1.266116052865982056e-01,2.418695539236068726e-01,8.714598417282104492e-02,3.618149831891059875e-02,-1.269194576889276505e-02,2.503823488950729370e-02,4.712079465389251709e-01,6.300536990165710449e-01,3.740705251693725586e-01,4.179120957851409912e-01,-2.252510935068130493e-02,1.642315089702606201e-01,-1.190478801727294922e-01,1.103008240461349487e-01,-2.153952717781066895e-01,-7.928854972124099731e-02,7.380221039056777954e-02,1.210975125432014465e-01,5.652557015419006348e-01,5.578698515892028809e-01,2.297834604978561401e-01,1.340601146221160889e-01,4.116357490420341492e-02,2.461198270320892334e-01,-3.411740437150001526e-02,-7.533687353134155273e-02,1.507429406046867371e-02,9.488390758633613586e-03,-2.482914831489324570e-03,6.679286062717437744e-02,6.242841482162475586e-02,2.068547755479812622e-01,-1.981258541345596313e-01,-1.924479939043521881e-02,-3.495881855487823486e-01,-7.597018033266067505e-03,-2.961282134056091309e-01,-2.650906741619110107e-01,-2.282923609018325806e-01,-2.434721291065216064e-01,-2.661913931369781494e-01,-5.567256733775138855e-02,-1.661332696676254272e-01,-1.303709447383880615e-01,-2.549114823341369629e-01,-1.427081078290939331e-01,-2.314767539501190186e-01,-1.752099953591823578e-02,2.449842635542154312e-03,-1.094737052917480469e-01,4.781038314104080200e-02,6.212073937058448792e-02,1.530970782041549683e-01,1.686280518770217896e-01,-1.514606624841690063e-01,-2.481033802032470703e-01,-1.459951400756835938e-01,-6.139734759926795959e-02,-1.382808238267898560e-01,-3.408963382244110107e-01,-3.018191158771514893e-01,-1.997691988945007324e-01,-3.935834765434265137e-02,-6.055113859474658966e-03,1.555883232504129410e-02,-2.098782211542129517e-01
4.740561246871948242e-01,2.578396797180175781e-01,0.000000000000000000e+00,7.522669434547424316e-01,4.445219933986663818e-01,2.472436577081680298e-01,7.830839753150939941e-01,4.630433320999145508e-01,4.042528867721557617e-01,2.680646479129791260e-01,3.383061885833740234e-01,4.813294112682342529e-01,5.918639302253723145e-01,4.002287983894348145e-01,2.316354364156723022e-01,2.745707035064697266e-01,-2.240405082702636719e-01,-1.759163290262222290e-01,5.263353586196899414e-01,3.429823815822601318e-01,-6.629738956689834595e-02,7.273896038532257080e-02,6.167253851890563965e-01,7.453481554985046387e-01,2.940982878208160400e-01,2.411163896322250366e-01,2.087109237909317017e-01,1.297583878040313721e-01,-8.059685677289962769e-02,-1.467666774988174438e-01,5.215613842010498047e-01,4.806817770004272461e-01,3.404982984066009521e-01,2.997964620590209961e-01,2.110791355371475220e-01,1.576815247535705566e-01,-1.111146956682205200e-01,-2.244222015142440796e-01,4.725709091871976852e-03,-2.495238780975341797e-01,7.738928496837615967e-02,-3.334164619445800781e-02,-2.555297315120697021e-01,-4.153357148170471191e-01,-5.382131040096282959e-02,-3.773555159568786621e-01,-1.798594892024993896e-01,-2.533527314662933350e-01,-2.969702780246734619e-01,-3.227091729640960693e-01,-3.400707542896270752e-01,-3.443036973476409912e-01,-4.156028032302856445e-01,-5.981439352035522461e-01,-2.698444724082946777e-01,-3.288973867893218994e-01,4.602191597223281860e-02,-4.118308052420616150e-02,1.698965579271316528e-01,3.349354267120361328e-01,3.159812092781066895e-01,2.553927898406982422e-01,2.405491657555103302e-02,-4.072821512818336487e-02,3.443239033222198486e-01,4.236963689327239990e-01,3.715991079807281494e-01,3.674693107604980469e-01,2.866160571575164795e-01,1.043907403945922852e-01,2.193087637424468994e-01,1.894559264183044434e-01,4.840936511754989624e-02,1.955064237117767334e-01,-1.039474830031394958e-02,6.366425752639770508e-02,2.270397692918777466e-01,2.699925005435943604e-02,-1.285922825336456299e-01,-2.333816587924957275e-01,-3.954457938671112061e-01,-3.063692748546600342e-01,-1.434723883867263794e-01,-1.962070912122726440e-01,4.835614934563636780e-02,-2.433340251445770264e-02,2.020792514085769653e-01,1.671732068061828613e-01,2.999631762504577637e-01,-1.241023316979408264e-01,-1.895661056041717529e-01,7.382068783044815063e-02,5.901960283517837524e-02,1.139208450913429260e-01,-6.409800797700881958e-02,-7.359986007213592529e-02,-1.799522191286087036e-01,-7.787083834409713745e-02,-2.761859595775604248e-01,-1.016200482845306396e-01,3.019981086254119873e-01,2.607059180736541748e-01,2.140003889799118042e-01,3.785834014415740967e-01,-2.987610697746276855e-01,-2.569074034690856934e-01,-1.914938390254974365e-01,3.594941273331642151e-02,-1.235947310924530029e-01,-2.611069977283477783e-01,-1.970098167657852173e-01,-3.449389338493347168e-01,-2.363976091146469116e-01,-1.081731170415878296e-01,-1.405299454927444458e-01,-2.477491199970245361e-01
3.783582746982574463e-01,3.991099596023559570e-01,7.522669434547424316e-01,0.000000000000000000e+00,3.550063967704772949e-01,2.488161176443099976e-01,6.767618656158447266e-01,6.147202849388122559e-01,2.997266352176666260e-01,3.250131905078887939e-01,2.928143143653869629e-01,5.514442920684814453e-01,4.810346662998199463e-01,5.130947232246398926e-01,1.823240071535110474e-01,3.519218564033508301e-01,-2.276517897844314575e-01,-2.285042852163314819e-01,5.685940980911254883e-01,3.881516456604003906e-01,-6.147302687168121338e-02,3.558286279439926147e-02,6.191413402557373047e-01,7.353165149688720703e-01,1.679766923189163208e-01,2.173394262790679932e-01,1.384811997413635254e-01,4.914878308773040771e-02,-9.219176322221755981e-02,-1.538937538862228394e-01,5.338174700736999512e-01,4.902897775173187256e-01,2.984209060668945312e-01,3.278115093708038330e-01,4.416706785559654236e-02,8.887385576963424683e-02,-1.730726957321166992e-01,-3.119562864303588867e-01,-6.937597692012786865e-02,-2.528786361217498779e-01,1.526648253202438354e-01,-8.695636689662933350e-02,-4.014222323894500732e-01,-4.556206464767456055e-01,-2.104573547840118408e-01,-3.777260482311248779e-01,-2.553359568119049072e-01,-3.051711618900299072e-01,-2.907074987888336182e-01,-2.355743944644927979e-01,-3.141432106494903564e-01,-1.763117164373397827e-01,-3.495295047760009766e-01,-4.471289515495300293e-01,-2.570731937885284424e-01,-2.127846032381057739e-01,-5.280801560729742050e-03,3.736261650919914246e-02,7.994834333658218384e-02,3.809527456760406494e-01,1.634412556886672974e-01,4.319096207618713379e-01,-3.284655511379241943e-02,1.966946274042129517e-01,2.025453746318817139e-01,3.992843627929687500e-01,1.713177114725112915e-01,2.418020814657211304e-01,2.876631021499633789e-01,9.414134919643402100e-02,2.068955004215240479e-01,1.349748373031616211e-01,5.594841018319129944e-02,1.651315689086914062e-01,-1.125815361738204956e-01,2.721921354532241821e-02,1.486487239599227905e-01,2.467923238873481750e-02,-1.135136783123016357e-01,-1.760714352130889893e-01,-3.862332999706268311e-01,-2.404389083385467529e-01,-1.405289620161056519e-01,-2.222782373428344727e-01,-6.601348519325256348e-02,1.048406139016151428e-01,9.027770906686782837e-02,1.492310166358947754e-01,2.107171416282653809e-01,3.283090144395828247e-02,-1.786985546350479126e-01,1.084752231836318970e-01,7.449397444725036621e-02,1.209590882062911987e-01,-1.283698081970214844e-01,-1.056152656674385071e-01,-2.444085180759429932e-01,-1.307295858860015869e-01,-2.310518324375152588e-01,-7.796307653188705444e-02,2.689551711082458496e-01,3.321834802627563477e-01,1.723481267690658569e-01,3.936838805675506592e-01,-2.913734912872314453e-01,-2.768863737583160400e-01,-1.890106797218322754e-01,2.601444907486438751e-02,-1.700404435396194458e-01,-2.950628995895385742e-01,-2.146057337522506714e-01,-3.686946928501129150e-01,-2.142762392759323120e-01,-1.333310902118682861e-01,-1.402218341827392578e-01,-2.623964548110961914e-01
3.735074028372764587e-02,-2.652535401284694672e-02,4.445219933986663818e-01,3.550063967704772949e-01,0.000000000000000000e+00,4.984808862209320068e-01,4.161537885665893555e-01,2.924601137638092041e-01,4.850848615169525146e-01,4.752843379974365234e-01,1.526758968830108643e-01,2.761278152465820312e-01,3.853841722011566162e-01,3.372551500797271729e-01,3.076221942901611328e-01,4.253386557102203369e-01,-1.429324597120285034e-01,-8.064946532249450684e-02,1.898895800113677979e-01,3.146047517657279968e-02,1.526335775852203369e-01,1.994502097368240356e-01,3.523764312267303467e-01,4.221372604370117188e-01,3.156963884830474854e-01,3.666168451309204102e-01,3.530408143997192383e-01,3.191184103488922119e-01,1.005465537309646606e-01,8.423326909542083740e-02,2.987275719642639160e-01,3.717630207538604736e-01,1.292570531368255615e-01,1.136570721864700317e-01,3.843558579683303833e-02,5.538823083043098450e-02,-4.289864748716354370e-02,-2.669038251042366028e-02,1.401035636663436890e-01,-3.097965382039546967e-02,1.169709339737892151e-01,-1.309529840946197510e-01,-2.072517722845077515e-01,-3.522193431854248047e-01,-2.236295342445373535e-01,-3.720599710941314697e-01,-1.530728042125701904e-01,-1.137718856334686279e-01,-4.364530146121978760e-01,-4.547479152679443359e-01,-4.333125650882720947e-01,-3.936341404914855957e-01,-4.045386016368865967e-01,-3.588396012783050537e-01,-1.067754253745079041e-01,-1.677291691303253174e-01,-1.910003572702407837e-01,-2.231509089469909668e-01,-6.226696074008941650e-02,6.775803864002227783e-02,1.037315651774406433e-01,1.244720444083213806e-01,1.861805096268653870e-02,1.431998610496520996e-02,2.078433930873870850e-01,2.530045807361602783e-01,2.020859532058238983e-02,3.525488823652267456e-02,1.467882934957742691e-02,-1.256796866655349731e-01,1.546381264925003052e-01,1.365587115287780762e-01,2.606589533388614655e-02,5.324951559305191040e-02,5.821630731225013733e-02,4.058658331632614136e-02,3.949840739369392395e-02,-1.037295535206794739e-01,5.840541422367095947e-02,-8.144435286521911621e-02,-1.859284192323684692e-01,-2.568065822124481201e-01,8.042314648628234863e-02,-4.318048804998397827e-02,6.789641082286834717e-02,-1.580322682857513428e-01,3.017088770866394043e-01,2.018389105796813965e-01,3.146805763244628906e-01,7.146351039409637451e-02,9.112747013568878174e-02,1.359921544790267944e-01,1.722421646118164062e-01,1.626086086034774780e-01,1.540283113718032837e-01,1.732973754405975342e-01,1.455547101795673370e-02,3.743753954768180847e-02,-1.250628530979156494e-01,1.367222219705581665e-01,9.020741283893585205e-02,1.897351592779159546e-01,6.674404442310333252e-02,1.994945853948593140e-01,-2.236400544643402100e-01,-1.984965950250625610e-01,-5.386714637279510498e-02,7.836272567510604858e-02,-7.477006316184997559e-02,-1.098008975386619568e-01,-4.353518411517143250e-02,-5.693128332495689392e-02,-1.702724546194076538e-01,-2.890272997319698334e-02,-1.669189929962158203e-01,-4.879703000187873840e-02
4.660858213901519775e-02,8.668776601552963257e-02,2.472436577081680298e-01,2.488161176443099976e-01,4.984808862209320068e-01,0.000000000000000000e+00,2.680328786373138428e-01,2.894420325756072998e-01,3.071185946464538574e-01,4.985828697681427002e-01,9.923990070819854736e-02,2.259147465229034424e-01,2.388986349105834961e-01,2.147309035062789917e-01,1.694371253252029419e-01,3.745596408843994141e-01,-1.632064431905746460e-01,-1.053633168339729309e-03,1.940557211637496948e-01,1.093750074505805969e-01,8.253268897533416748e-02,1.619381755590438843e-01,1.918095499277114868e-01,3.045291304588317871e-01,3.779326677322387695e-01,4.512990117073059082e-01,2.246530801057815552e-01,4.849747419357299805e-01,-5.350796133279800415e-02,4.071814939379692078e-02,2.058758735656738281e-01,3.234291672706604004e-01,-9.840399771928787231e-02,7.656837254762649536e-02,-1.540728211402893066e-01,1.058121444657444954e-03,-7.770189642906188965e-02,4.664576612412929535e-03,-1.708381436765193939e-02,1.430973038077354431e-02,-1.418193727731704712e-01,-1.464876532554626465e-01,-2.543344795703887939e-01,-1.898785680532455444e-01,-1.854027062654495239e-01,-2.087120413780212402e-01,-1.157349124550819397e-01,-5.885685980319976807e-02,-2.323376387357711792e-01,-3.367384374141693115e-01,-2.723175883293151855e-01,-3.009927570819854736e-01,-1.514766663312911987e-01,-2.575266361236572266e-01,-5.622742697596549988e-02,-5.602288246154785156e-02,-1.558725070208311081e-02,-1.202734559774398804e-02,-3.949449211359024048e-02,1.516814231872558594e-01,-7.522864732891321182e-03,1.081885620951652527e-01,2.129484154284000397e-02,1.163333207368850708e-01,-2.123103477060794830e-02,1.521416753530502319e-01,-1.022329553961753845e-01,-1.180833764374256134e-02,9.229023009538650513e-02,4.462230019271373749e-03,2.668304741382598877e-01,1.713246256113052368e-01,5.837291479110717773e-02,1.669403612613677979e-01,1.829689294099807739e-01,1.456499099731445312e-01,1.229628548026084900e-01,1.449031978845596313e-01,-4.568076133728027344e-02,-7.250953931361436844e-03,-6.415808200836181641e-02,-5.509879067540168762e-02,-3.091848827898502350e-02,-1.257876902818679810e-01,-5.990343913435935974e-02,-6.567282974720001221e-02,1.677319556474685669e-01,1.189582422375679016e-01,5.528914183378219604e-02,2.420215755701065063e-01,1.699515879154205322e-01,3.605431318283081055e-02,2.255012691020965576e-01,-7.679928839206695557e-02,-6.827209889888763428e-02,-9.096334129571914673e-02,-2.074874788522720337e-01,3.835396468639373779e-02,8.727553486824035645e-02,1.691015809774398804e-01,1.936038732528686523e-01,4.802994430065155029e-02,2.070696204900741577e-01,1.973859369754791260e-01,-1.743036508560180664e-01,-2.387634515762329102e-01,-2.198190838098526001e-01,9.657461941242218018e-02,-6.030689924955368042e-02,-1.630511134862899780e-01,9.065318107604980469e-02,7.966489344835281372e-02,1.101976409554481506e-01,1.049273163080215454e-01,-7.013405859470367432e-02,-2.103666216135025024e-01
4.737356603145599365e-01,1.755473166704177856e-01,7.830839753150939941e-01,6.767618656158447266e-01,4.161537885665893555e-01,2.680328786373138428e-01,0.000000000000000000e+00,5.042190551757812500e-01,5.297548770904541016e-01,3.119158744812011719e-01,4.658418297767639160e-01,5.337228178977966309e-01,7.080346941947937012e-01,3.889604806900024414e-01,2.654809653759002686e-01,2.053488940000534058e-01,-3.332421481609344482e-01,-2.769642770290374756e-01,4.345935881137847900e-01,2.131958752870559692e-01,-1.335253119468688965e-01,2.428367268294095993e-03,6.655895113945007324e-01,7.276341319084167480e-01,4.060957729816436768e-01,3.034662604331970215e-01,1.429734826087951660e-01,1.538346707820892334e-01,-9.273757040500640869e-02,-2.023361027240753174e-01,5.259709954261779785e-01,5.140551328659057617e-01,3.689888119697570801e-01,3.599329590797424316e-01,2.748559713363647461e-01,1.762332171201705933e-01,-1.662350445985794067e-01,-2.653142809867858887e-01,-1.852161251008510590e-02,-2.651894688606262207e-01,-4.275786876678466797e-02,-4.422527179121971130e-02,-3.077933490276336670e-01,-4.908184707164764404e-01,-8.230375498533248901e-02,-3.972091972827911377e-01,-2.831373214721679688e-01,-3.402268886566162109e-01,-2.708077132701873779e-01,-3.829206824302673340e-01,-3.138867616653442383e-01,-4.142360091209411621e-01,-3.950281739234924316e-01,-6.503196954727172852e-01,-3.227970302104949951e-01,-4.262835383415222168e-01,9.496261179447174072e-02,-9.035632014274597168e-02,2.264379560947418213e-01,3.347215056419372559e-01,4.768624305725097656e-01,3.083654940128326416e-01,1.388237327337265015e-01,-1.102914195507764816e-02,4.420475661754608154e-01,5.269824862480163574e-01,4.551937580108642578e-01,4.365420639514923096e-01,1.652129292488098145e-01,1.131982356309890747e-02,2.277593612670898438e-01,1.902859956026077271e-01,1.045376807451248169e-01,1.694104969501495361e-01,2.820739150047302246e-02,4.251071065664291382e-02,3.063483834266662598e-01,1.269705891609191895e-01,-1.378880590200424194e-01,-2.845425903797149658e-01,-4.828525781631469727e-01,-3.958259224891662598e-01,-1.949317157268524170e-01,-3.187721669673919678e-01,9.781151264905929565e-02,-3.723241388797760010e-02,1.631468087434768677e-01,1.354125291109085083e-01,2.801674902439117432e-01,-6.731401383876800537e-02,-1.898621916770935059e-01,3.836238384246826172e-02,1.276937723159790039e-01,1.288003474473953247e-01,-7.202255725860595703e-02,-1.477916985750198364e-01,-2.577300369739532471e-01,-1.928165107965469360e-01,-3.266776800155639648e-01,-1.330778300762176514e-01,2.574580311775207520e-01,2.280649244785308838e-01,1.408446729183197021e-01,2.878830134868621826e-01,-2.522243857383728027e-01,-1.936760991811752319e-01,-2.149126678705215454e-01,-1.878146198578178883e-03,-1.256539076566696167e-01,-3.298677206039428711e-01,-2.098721265792846680e-01,-3.656311035156250000e-01,-2.406495809555053711e-01,-1.855335235595703125e-01,-2.101350575685501099e-01,-2.738671004772186279e-01
3.510630130767822266e-01,3.349094688892364502e-01,4.630433320999145508e-01,6.147202849388122559e-01,2.924601137638092041e-01,2.894420325756072998e-01,5.042190551757812500e-01,0.000000000000000000e+00,3.198026716709136963e-01,4.153893589973449707e-01,2.833772301673889160e-01,6.393247842788696289e-01,3.814707398414611816e-01,5.360257029533386230e-01,1.905973553657531738e-01,3.042221069335937500e-01,-2.200680375099182129e-01,-1.968269497156143188e-01,4.663834273815155029e-01,3.498629033565521240e-01,-1.718858927488327026e-01,-1.368488967418670654e-01,5.833747386932373047e-01,5.550307631492614746e-01,1.710692793130874634e-01,2.794958055019378662e-01,-1.061768904328346252e-01,-4.887001588940620422e-02,-7.353895157575607300e-02,-8.777074515819549561e-02,3.635022342205047607e-01,3.923904597759246826e-01,3.436234891414642334e-01,4.725994467735290527e-01,-5.259644612669944763e-02,2.154606394469738007e-02,-3.338229954242706299e-01,-3.940256536006927490e-01,-2.617695927619934082e-01,-3.447945713996887207e-01,-1.085981279611587524e-01,-1.235604360699653625e-01,-4.316905736923217773e-01,-4.331002831459045410e-01,-3.259508311748504639e-01,-2.667109966278076172e-01,-3.191719353199005127e-01,-3.546987473964691162e-01,-1.961416751146316528e-01,-1.503769755363464355e-01,-2.134444862604141235e-01,-1.369040906429290771e-01,-2.038871347904205322e-01,-2.614059150218963623e-01,-2.736554443836212158e-01,-2.433641999959945679e-01,1.603882908821105957e-01,1.251110732555389404e-01,1.953100711107254028e-01,4.017567634582519531e-01,2.930597066879272461e-01,5.785034894943237305e-01,2.207027226686477661e-01,4.806097745895385742e-01,2.327749580144882202e-01,4.141880273818969727e-01,1.623674761503934860e-03,8.842120319604873657e-02,1.780801117420196533e-01,1.677637249231338501e-01,1.615268737077713013e-01,1.385635510087013245e-02,-8.962201327085494995e-02,1.491873860359191895e-01,2.281038463115692139e-02,-4.441373795270919800e-02,2.353122532367706299e-01,1.678345203399658203e-01,-1.418499052524566650e-01,-2.509319484233856201e-01,-3.263573348522186279e-01,-2.960979342460632324e-01,-2.219025939702987671e-01,-3.353249430656433105e-01,2.736247889697551727e-02,1.679223775863647461e-02,-5.062403529882431030e-02,-1.158282682299613953e-01,1.335164755582809448e-01,1.091461107134819031e-01,1.240314543247222900e-02,5.488378182053565979e-02,3.035724163055419922e-01,7.292606681585311890e-02,-2.269161045551300049e-01,-2.511626482009887695e-01,-3.509786128997802734e-01,-2.882326245307922363e-01,-2.163668274879455566e-01,-1.889245025813579559e-02,1.349738091230392456e-01,9.443289786577224731e-02,-4.287495091557502747e-02,4.489373788237571716e-02,-1.265686899423599243e-01,-2.455519735813140869e-01,-1.106867045164108276e-01,-1.335927695035934448e-01,-7.983774691820144653e-02,-2.381455153226852417e-01,-2.439939230680465698e-01,-3.195827901363372803e-01,-2.379957884550094604e-01,-2.253325730562210083e-01,-1.677184104919433594e-01,-1.215576976537704468e-01
1.080686524510383606e-01,-2.118536978960037231e-01,4.042528867721557617e-01,2.997266352176666260e-01,4.850848615169525146e-01,3.071185946464538574e-01,5.297548770904541016e-01,3.198026716709136963e-01,0.000000000000000000e+00,6.040623784065246582e-01,3.066402673721313477e-01,4.722353518009185791e-01,6.570891141891479492e-01,3.803922832012176514e-01,5.163699984550476074e-01,4.234760105609893799e-01,-3.544314205646514893e-01,-2.914621233940124512e-01,1.589349843561649323e-02,-2.022437155246734619e-01,-4.608989693224430084e-03,4.809273779392242432e-02,5.466247797012329102e-01,5.249521136283874512e-01,4.063777923583984375e-01,3.208524286746978760e-01,2.058123350143432617e-01,3.454245030879974365e-01,7.312865555286407471e-02,-7.501828670501708984e-02,2.166971862316131592e-01,3.434827029705047607e-01,1.921066492795944214e-01,1.701768487691879272e-01,3.060724139213562012e-01,1.625746786594390869e-01,-6.121053919196128845e-02,-1.134317219257354736e-01,1.536777429282665253e-02,-1.418785452842712402e-01,-1.019803732633590698e-01,-7.174710929393768311e-02,-2.778573632240295410e-01,-5.027693510055541992e-01,-2.439510226249694824e-01,-4.600941538810729980e-01,-3.216442465782165527e-01,-3.225903511047363281e-01,-4.606285393238067627e-01,-5.870375037193298340e-01,-3.641991615295410156e-01,-4.851107299327850342e-01,-3.891918659210205078e-01,-4.941136240959167480e-01,-3.839643597602844238e-01,-3.782383799552917480e-01,-8.019464462995529175e-02,-3.003019392490386963e-01,-4.212070629000663757e-02,7.803362607955932617e-02,4.780447781085968018e-01,3.023203909397125244e-01,3.108274638652801514e-01,2.090664766728878021e-02,6.114225983619689941e-01,6.059563159942626953e-01,2.866232097148895264e-01,2.367912679910659790e-01,-2.358356863260269165e-01,-3.192316293716430664e-01,1.100575774908065796e-01,1.653849929571151733e-01,1.859212517738342285e-01,-5.338174477219581604e-02,1.184462383389472961e-01,9.686762094497680664e-02,3.019216060638427734e-01,2.499459236860275269e-01,-3.282493352890014648e-02,-1.555368453264236450e-01,-4.102557301521301270e-01,-4.278221428394317627e-01,-4.610989987850189209e-02,-3.469027578830718994e-01,4.419465661048889160e-01,2.495903894305229187e-02,3.273021876811981201e-01,2.384099215269088745e-01,3.593818843364715576e-01,2.920337915420532227e-01,1.390966624021530151e-01,1.032621189951896667e-01,3.929704725742340088e-01,2.676727473735809326e-01,2.080890908837318420e-02,-4.036145284771919250e-02,-1.718967705965042114e-01,-2.185777425765991211e-01,-2.912807166576385498e-01,4.328707605600357056e-02,-2.994841895997524261e-02,1.419897377490997314e-01,-9.006100147962570190e-02,3.880242258310317993e-02,-9.986034780740737915e-02,8.478349447250366211e-02,-1.199965998530387878e-01,4.720932245254516602e-02,-4.813076928257942200e-02,-1.150440201163291931e-01,-8.391006290912628174e-02,-1.403781771659851074e-01,-1.883531659841537476e-01,-2.592419981956481934e-01,-2.382733374834060669e-01,-1.004047393798828125e-01
-1.227907761931419373e-01,-1.642157286405563354e-01,2.680646479129791260e-01,3.250131905078887939e-01,4.752843379974365234e-01,4.985828697681427002e-01,3.119158744812011719e-01,4.153893589973449707e-01,6.040623784065246582e-01,0.000000000000000000e+00,1.228662878274917603e-01,4.809210896492004395e-01,4.191351532936096191e-01,4.517228603363037109e-01,4.152289032936096191e-01,6.161817312240600586e-01,-3.216806352138519287e-01,-2.649717926979064941e-01,1.200385857373476028e-02,-1.637984216213226318e-01,-9.136197157204151154e-03,5.266205221414566040e-02,4.503839015960693359e-01,4.695225954055786133e-01,2.999853491783142090e-01,4.238279759883880615e-01,1.597058475017547607e-01,2.989751398563385010e-01,7.839602418243885040e-03,-5.492700636386871338e-02,1.751598566770553589e-01,3.464638590812683105e-01,-1.382680982351303101e-02,1.109584197402000427e-01,2.938746660947799683e-02,9.104751050472259521e-02,-2.130946367979049683e-01,-1.283324807882308960e-01,-5.861742794513702393e-02,-6.654267758131027222e-02,-2.763781324028968811e-02,-1.719820499420166016e-01,-4.903603494167327881e-01,-4.838933050632476807e-01,-4.281224310398101807e-01,-5.227377414703369141e-01,-3.791845142841339111e-01,-3.881708085536956787e-01,-5.339980125427246094e-01,-5.564010143280029297e-01,-4.698021113872528076e-01,-3.665458559989929199e-01,-3.287793397903442383e-01,-3.492091000080108643e-01,-2.330257147550582886e-01,-1.546763479709625244e-01,-2.318153083324432373e-01,-2.723082304000854492e-01,-2.651459872722625732e-01,2.289616502821445465e-02,1.435610204935073853e-01,4.032495021820068359e-01,1.533441990613937378e-01,2.660591602325439453e-01,3.251734375953674316e-01,4.335959851741790771e-01,-1.221697404980659485e-01,-6.583169847726821899e-02,-2.123088538646697998e-01,-3.611009120941162109e-01,3.239850327372550964e-02,6.026656553149223328e-02,3.705356270074844360e-02,-6.375969201326370239e-02,5.215166136622428894e-02,3.075321577489376068e-02,1.378950923681259155e-01,1.478800624608993530e-01,-1.248363032937049866e-01,-1.497138738632202148e-01,-3.405766189098358154e-01,-3.553095459938049316e-01,-7.207754999399185181e-02,-3.389173746109008789e-01,1.986271440982818604e-01,4.715272039175033569e-02,2.866590321063995361e-01,2.910459041595458984e-01,4.080422520637512207e-01,4.190839529037475586e-01,2.007485479116439819e-01,7.405973225831985474e-02,4.295391142368316650e-01,2.073679119348526001e-01,-4.951757192611694336e-02,-6.989084184169769287e-02,-2.128181606531143188e-01,-1.581550985574722290e-01,-1.380301564931869507e-01,7.796184718608856201e-02,1.058814898133277893e-01,2.510595619678497314e-01,1.203615125268697739e-02,1.437652856111526489e-01,-3.160207346081733704e-02,4.309973120689392090e-02,-4.434322193264961243e-02,-2.437399886548519135e-02,-1.243544593453407288e-01,-4.687275737524032593e-03,4.778448119759559631e-02,-9.921842068433761597e-02,-1.511182188987731934e-01,-1.012441813945770264e-01,-1.422585099935531616e-01,-7.332988828420639038e-02
3.468368053436279297e-01,9.709162265062332153e-02,3.383061885833740234e-01,2.928143143653869629e-01,1.526758968830108643e-01,9.923990070819854736e-02,4.658418297767639160e-01,2.833772301673889160e-01,3.066402673721313477e-01,1.228662878274917603e-01,0.000000000000000000e+00,3.862539231777191162e-01,5.987241268157958984e-01,3.815538585186004639e-01,-4.342796280980110168e-02,-9.148965775966644287e-02,-3.181429505348205566e-01,-2.800099849700927734e-01,1.605207920074462891e-01,-1.418564002960920334e-02,-1.578389853239059448e-01,-2.226514965295791626e-01,2.644296586513519287e-01,3.587585687637329102e-01,7.433312386274337769e-02,2.539448207244277000e-03,-1.455897539854049683e-01,-4.716898500919342041e-02,-1.822049021720886230e-01,-3.996025621891021729e-01,2.504377961158752441e-01,2.250136882066726685e-01,5.879490450024604797e-02,1.014674603939056396e-01,1.295119244605302811e-02,5.102773383259773254e-02,-1.142994537949562073e-01,-1.911805868148803711e-01,-1.313420087099075317e-01,-1.995229274034500122e-01,-8.193906396627426147e-02,5.032075196504592896e-02,-1.405232250690460205e-01,-2.523840367794036865e-01,-9.506019204854965210e-02,-1.935914158821105957e-01,-2.356953173875808716e-01,-3.270813226699829102e-01,-1.193560957908630371e-01,-1.736966818571090698e-01,1.374243944883346558e-02,-1.736724972724914551e-01,-3.528252989053726196e-02,-3.741529583930969238e-01,-6.733497977256774902e-02,-1.124220266938209534e-01,1.401931941509246826e-01,-5.850075557827949524e-02,2.968962788581848145e-01,2.686063945293426514e-01,4.105445742607116699e-01,2.080012261867523193e-01,3.349817991256713867e-01,1.172815784811973572e-01,2.455980628728866577e-01,2.302482724189758301e-01,2.597994208335876465e-01,2.083309739828109741e-01,3.635497391223907471e-02,-1.387538574635982513e-02,2.999316155910491943e-01,2.870206236839294434e-01,1.992890536785125732e-01,1.790786981582641602e-01,1.522052884101867676e-01,-4.218294471502304077e-02,2.863390445709228516e-01,1.557713150978088379e-01,-3.267495036125183105e-01,-3.072885274887084961e-01,-3.072710335254669189e-01,-2.554079592227935791e-01,-1.762603372335433960e-01,-3.204761445522308350e-01,1.734347194433212280e-01,9.045430272817611694e-02,-1.478609442710876465e-01,-1.496305596083402634e-02,1.686811745166778564e-01,-1.972401328384876251e-02,-4.133722186088562012e-02,7.141458988189697266e-02,3.840173408389091492e-02,7.794425636529922485e-02,-9.526231139898300171e-02,-1.907087713479995728e-01,-4.105395376682281494e-01,-3.772255182266235352e-01,-1.391070038080215454e-01,5.876763537526130676e-02,1.926125138998031616e-01,1.418420076370239258e-01,3.694598004221916199e-02,1.916514486074447632e-01,-1.355148404836654663e-01,-4.758093506097793579e-02,-9.947107732295989990e-02,8.973518759012222290e-02,-7.189834117889404297e-02,-3.688823878765106201e-01,-2.248345613479614258e-01,-2.108524590730667114e-01,-4.880475625395774841e-02,-1.825123280286788940e-01,-2.051462531089782715e-01,-1.690573096275329590e-01
2.958978712558746338e-01,1.204168573021888733e-01,4.813294112682342529e-01,5.514442920684814453e-01,2.761278152465820312e-01,2.259147465229034424e-01,5.337228178977966309e-01,6.393247842788696289e-01,4.722353518009185791e-01,4.809210896492004395e-01,3.862539231777191162e-01,0.000000000000000000e+00,5.350571274757385254e-01,6.874991655349731445e-01,3.288788497447967529e-01,3.885441124439239502e-01,-2.314219921827316284e-01,-2.188113033771514893e-01,3.124278783798217773e-01,1.266017556190490723e-01,-8.980272710323333740e-02,-1.976791210472583771e-02,5.751491189002990723e-01,5.717960596084594727e-01,2.133018821477890015e-01,2.425179183483123779e-01,1.444375421851873398e-02,2.880788221955299377e-02,-6.110045686364173889e-02,-1.073317825794219971e-01,3.057454526424407959e-01,3.301898241043090820e-01,2.620021104812622070e-01,3.490957617759704590e-01,1.104758158326148987e-01,9.464974701404571533e-02,-1.835351288318634033e-01,-2.928328216075897217e-01,-1.639403998851776123e-01,-2.493829131126403809e-01,-4.841372743248939514e-02,-1.249339133501052856e-01,-3.207919299602508545e-01,-4.250933229923248291e-01,-2.252118885517120361e-01,-3.113330006599426270e-01,-2.774809002876281738e-01,-3.083454668521881104e-01,-2.914493381977081299e-01,-2.650190293788909912e-01,-1.409046798944473267e-01,-1.194136291742324829e-01,-1.743386685848236084e-01,-3.737226724624633789e-01,-2.528358697891235352e-01,-2.506073713302612305e-01,1.105365529656410217e-02,-6.962709128856658936e-02,1.555591672658920288e-01,4.142797589302062988e-01,4.686679244041442871e-01,5.826724171638488770e-01,2.617065906524658203e-01,3.447421491146087646e-01,4.641895890235900879e-01,5.734049081802368164e-01,2.298938184976577759e-01,2.950289249420166016e-01,1.533346436917781830e-02,-4.185405001044273376e-02,1.261487305164337158e-01,3.899126499891281128e-02,-2.334031276404857635e-02,1.584993004798889160e-01,3.272327035665512085e-02,5.281136184930801392e-02,3.177995681762695312e-01,2.336477190256118774e-01,-2.038170695304870605e-01,-3.363464176654815674e-01,-4.516744613647460938e-01,-3.943267166614532471e-01,-2.024272531270980835e-01,-3.501135110855102539e-01,2.655043005943298340e-01,1.745607256889343262e-01,7.802236080169677734e-02,7.111004739999771118e-02,3.053644001483917236e-01,1.627491563558578491e-01,8.129964768886566162e-02,1.359045356512069702e-01,3.500835299491882324e-01,1.708441376686096191e-01,-9.146087616682052612e-02,-2.034854590892791748e-01,-3.258563578128814697e-01,-2.188238650560379028e-01,-2.418485283851623535e-01,1.570553891360759735e-02,1.449716687202453613e-01,1.793719977140426636e-01,-4.371665045619010925e-02,9.057898074388504028e-02,-1.786361038684844971e-01,-1.108563616871833801e-01,-1.935705840587615967e-01,-8.947777003049850464e-02,-1.264141350984573364e-01,-2.558256387710571289e-01,-1.390674859285354614e-01,-2.302666753530502319e-01,-2.175491899251937866e-01,-2.540386617183685303e-01,-1.239667385816574097e-01,-1.880969256162643433e-01
3.070524632930755615e-01,-2.465239539742469788e-02,5.918639302253723145e-01,4.810346662998199463e-01,3.853841722011566162e-01,2.388986349105834961e-01,7.080346941947937012e-01,3.814707398414611816e-01,6.570891141891479492e-01,4.191351532936096191e-01,5.987241268157958984e-01,5.350571274757385254e-01,0.000000000000000000e+00,4.235621392726898193e-01,3.831326365470886230e-01,2.409949153661727905e-01,-3.344756960868835449e-01,-3.201732337474822998e-01,2.211306393146514893e-01,-5.339495465159416199e-02,-1.072446703910827637e-01,-4.016714170575141907e-02,5.943122506141662598e-01,6.427606940269470215e-01,4.301823079586029053e-01,2.939296662807464600e-01,1.222023740410804749e-01,2.181336730718612671e-01,1.069329562596976757e-03,-2.080276757478713989e-01,4.256656467914581299e-01,4.460572302341461182e-01,2.187527418136596680e-01,1.843377500772476196e-01,2.939393818378448486e-01,1.992033123970031738e-01,-1.463753134012222290e-01,-1.998519599437713623e-01,-2.930316375568509102e-03,-2.083532810211181641e-01,-1.016623452305793762e-01,-4.320604354143142700e-02,-2.845206856727600098e-01,-4.720898866653442383e-01,-1.229067891836166382e-01,-4.343809485435485840e-01,-3.405547142028808594e-01,-3.495791852474212646e-01,-3.586644828319549561e-01,-4.829043447971343994e-01,-3.118851780891418457e-01,-4.580312967300415039e-01,-3.424674570560455322e-01,-5.990455150604248047e-01,-3.398713469505310059e-01,-3.692012429237365723e-01,1.301820110529661179e-02,-2.341336607933044434e-01,1.157398074865341187e-01,2.240553647279739380e-01,5.297909975051879883e-01,2.982214093208312988e-01,2.818691432476043701e-01,-1.219311822205781937e-02,5.441089868545532227e-01,5.548660755157470703e-01,4.121611416339874268e-01,3.532387316226959229e-01,-6.285046041011810303e-02,-1.828960180282592773e-01,2.309391945600509644e-01,2.359042316675186157e-01,1.512968689203262329e-01,1.121620386838912964e-01,1.360737532377243042e-01,-5.529618356376886368e-03,3.340196013450622559e-01,2.093309313058853149e-01,-1.378738284111022949e-01,-2.604859173297882080e-01,-4.520249962806701660e-01,-4.465697705745697021e-01,-1.776555180549621582e-01,-4.118707478046417236e-01,2.594329714775085449e-01,-4.949918482452630997e-03,1.579794138669967651e-01,1.673876345157623291e-01,3.243100643157958984e-01,1.042267531156539917e-01,-5.162978172302246094e-02,6.882520765066146851e-02,2.251559942960739136e-01,2.254632264375686646e-01,-4.724886268377304077e-02,-9.971094876527786255e-02,-2.680545747280120850e-01,-2.635561823844909668e-01,-3.308310210704803467e-01,-2.638916298747062683e-02,1.523634642362594604e-01,2.242633253335952759e-01,4.214512184262275696e-02,2.433272302150726318e-01,-2.135753780603408813e-01,-2.472021430730819702e-02,-1.848420947790145874e-01,7.527412474155426025e-02,-9.259700030088424683e-02,-2.761256694793701172e-01,-1.623586118221282959e-01,-3.294033706188201904e-01,-1.601772755384445190e-01,-2.333300113677978516e-01,-2.313532829284667969e-01,-2.451478689908981323e-01
