0.000000000000000000e+00,4.373458027839660645e-01,3.637698590755462646e-01,2.832660079002380371e-01,1.756390556693077087e-02,-1.121828928589820862e-01,3.932209014892578125e-01,1.707337945699691772e-01,2.476153075695037842e-01,-1.093155294656753540e-01,1.924449354410171509e-01,6.249752640724182129e-02,2.814993560314178467e-01,1.291305869817733765e-01,1.655188798904418945e-01,3.831875324249267578e-02,-6.824491918087005615e-02,-7.352925837039947510e-02,4.917430877685546875e-01,3.858110308647155762e-01,-1.104546189308166504e-01,-9.585717320442199707e-02,3.077509701251983643e-01,2.434327602386474609e-01,-7.827143371105194092e-02,-3.994993865489959717e-02,-6.261287629604339600e-02,-7.344333082437515259e-02,9.443389135412871838e-04,-1.147565692663192749e-01,2.239241153001785278e-01,1.521569341421127319e-01,2.220995724201202393e-01,1.411528289318084717e-01,7.686503976583480835e-02,8.016199618577957153e-02,-1.713128685951232910e-01,-3.352369368076324463e-01,-1.390274167060852051e-01,-3.658139333128929138e-02,5.163699015974998474e-02,3.267395496368408203e-02,1.186807639896869659e-02,-7.432534359395503998e-03,-1.643696725368499756e-01,5.369859561324119568e-02,-7.059317082166671753e-03,8.448854088783264160e-02,-1.511065810918807983e-01,-1.447336673736572266e-01,-1.502080112695693970e-01,-1.716616749763488770e-01,-6.616797298192977905e-02,-9.250689297914505005e-02,6.483020633459091187e-02,-1.175111830234527588e-01,6.009427309036254883e-01,4.590101242065429688e-01,-1.908939331769943237e-02,9.339846670627593994e-02,1.166467368602752686e-01,4.159009829163551331e-02,8.966904133558273315e-02,-5.036345869302749634e-02,-3.825163096189498901e-02,-7.724877446889877319e-02,-4.465281218290328979e-02,-1.141066700220108032e-01,3.635956645011901855e-01,1.743737421929836273e-02,2.971398532390594482e-01,4.061656072735786438e-02,4.331252723932266235e-02,1.101753674447536469e-02,3.261340558528900146e-01,-2.741761505603790283e-02,1.426520198583602905e-01,2.900770865380764008e-02,-4.142269864678382874e-02,-1.370083242654800415e-01,-7.927059382200241089e-02,-1.953945904970169067e-01,-2.546770870685577393e-01,1.088909804821014404e-01,1.215062737464904785e-01,-2.942666709423065186e-01,-1.459634397178888321e-02,-8.380501717329025269e-02,-6.621574517339468002e-03,-3.044851720333099365e-01,-8.238317072391510010e-02,-9.016155265271663666e-03,-3.937166556715965271e-02,-1.054368987679481506e-01,-2.177182734012603760e-01,-1.557419747114181519e-01,-1.809225678443908691e-01,-2.228898108005523682e-01,-1.215123981237411499e-01,-6.806042790412902832e-02,2.518842741847038269e-02,-6.631428003311157227e-02,8.328905701637268066e-02,-2.729917317628860474e-02,1.771817356348037720e-01,9.424981474876403809e-02,-1.074547320604324341e-01,-3.276989609003067017e-02,4.393199458718299866e-02,-1.584029346704483032e-01,-2.991807758808135986e-01,-1.015982851386070251e-01,1.308312863111495972e-01,1.502802968025207520e-01,7.671138644218444824e-02,-1.306074485182762146e-02
4.373458027839660645e-01,0.000000000000000000e+00,3.642588555812835693e-01,4.130462110042572021e-01,-1.279076486825942993e-01,-1.626517772674560547e-01,3.204005062580108643e-01,3.002942800521850586e-01,6.209829077124595642e-02,-1.887956634163856506e-02,2.341874092817306519e-01,4.453375041484832764e-01,2.253521382808685303e-01,3.660902380943298340e-01,1.631225198507308960e-01,6.696941703557968140e-02,4.665188025683164597e-03,2.278855144977569580e-01,4.706127047538757324e-01,6.248831152915954590e-01,-3.927589207887649536e-02,-8.714736253023147583e-02,1.475646048784255981e-01,8.728620409965515137e-02,-3.220764696598052979e-01,-3.550005257129669189e-01,-1.527321189641952515e-01,-1.645927578210830688e-01,1.984508149325847626e-02,-7.869160920381546021e-02,1.125189140439033508e-01,2.704870514571666718e-02,3.101688921451568604e-01,1.902725100517272949e-01,-1.796665042638778687e-01,-1.463198661804199219e-01,-1.156436130404472351e-01,-2.208889573812484741e-01,-2.828583717346191406e-01,-1.990918070077896118e-01,2.678963541984558105e-02,-3.688295185565948486e-02,-2.490927278995513916e-02,-7.783757150173187256e-02,-1.288675665855407715e-01,2.155284583568572998e-02,9.027101099491119385e-02,-1.993859186768531799e-02,-5.623170360922813416e-02,-4.378044977784156799e-02,-2.836654707789421082e-02,-7.022628188133239746e-02,-7.880605757236480713e-02,-1.247434318065643311e-02,8.444880694150924683e-02,-1.368497759103775024e-01,5.719065070152282715e-01,6.190853118896484375e-01,-2.650614082813262939e-02,5.695318430662155151e-02,1.332501769065856934e-01,6.064942479133605957e-02,2.687500715255737305e-01,2.237839400768280029e-01,-2.810058891773223877e-01,-3.115895986557006836e-01,-1.113391742110252380e-01,-2.757979631423950195e-01,1.076263040304183960e-01,1.244881227612495422e-01,2.428906261920928955e-01,1.996222287416458130e-01,1.749048978090286255e-01,1.857120543718338013e-01,2.488247007131576538e-01,3.996990621089935303e-02,1.399415284395217896e-01,2.410928159952163696e-01,-1.712920814752578735e-01,-3.002060949802398682e-02,4.431200399994850159e-02,-9.081534110009670258e-03,-1.854005157947540283e-01,-1.075981631875038147e-01,-3.551559150218963623e-02,-5.289940536022186279e-02,-2.602152712643146515e-02,-8.481437712907791138e-02,-1.355778574943542480e-01,-3.660429120063781738e-01,-1.058808714151382446e-01,1.035831570625305176e-01,-6.377299875020980835e-02,-1.456930190324783325e-01,-1.596764922142028809e-01,-2.925013005733489990e-01,-3.037309050559997559e-01,-3.192804753780364990e-01,8.466956019401550293e-02,-2.098027057945728302e-02,1.598221659660339355e-01,2.341662719845771790e-02,2.435228787362575531e-02,-8.613113313913345337e-02,3.613952174782752991e-02,3.406251966953277588e-02,-1.191414594650268555e-01,7.046960294246673584e-02,-4.524999111890792847e-02,-2.311391830444335938e-01,-1.580482572317123413e-01,-1.721634864807128906e-01,7.963898032903671265e-02,2.066664025187492371e-02,-1.815364509820938110e-01,-1.914945617318153381e-02
3.637698590755462646e-01,3.642588555812835693e-01,0.000000000000000000e+00,5.068029761314392090e-01,3.619975447654724121e-01,1.247377470135688782e-01,6.301171183586120605e-01,2.586201205849647522e-02,3.446070551872253418e-01,2.535097301006317139e-01,2.262465506792068481e-01,8.749026805162429810e-02,3.115058541297912598e-01,9.505377709865570068e-02,4.499317407608032227e-01,3.470272421836853027e-01,-1.307120025157928467e-01,-1.064031049609184265e-01,5.938088893890380859e-01,4.998724162578582764e-01,1.992169171571731567e-01,1.832248419523239136e-01,4.888573586940765381e-01,4.817765355110168457e-01,1.749568432569503784e-01,9.518462419509887695e-02,2.679897248744964600e-01,2.142132222652435303e-01,-2.437360025942325592e-02,-6.375955790281295776e-02,4.007426798343658447e-01,2.782561480998992920e-01,2.196630537509918213e-01,5.281233787536621094e-02,-2.869026176631450653e-02,5.251676216721534729e-02,-9.262242168188095093e-02,-1.288975775241851807e-01,2.189413830637931824e-02,1.230604480952024460e-02,2.796217054128646851e-02,-8.179210126399993896e-02,-1.325716525316238403e-01,-2.810684442520141602e-01,-2.520359158515930176e-01,-3.723517656326293945e-01,-1.779552102088928223e-01,-2.276480495929718018e-01,-4.250603020191192627e-01,-4.298195838928222656e-01,-3.680129647254943848e-01,-4.020789861679077148e-01,-1.864439845085144043e-01,-3.455924093723297119e-01,2.452681027352809906e-02,-1.536744683980941772e-01,2.901595234870910645e-01,3.308922946453094482e-01,1.035167574882507324e-01,1.422027498483657837e-01,5.800714343786239624e-02,-8.389616757631301880e-02,-5.334497243165969849e-02,-1.026428937911987305e-01,2.451691590249538422e-02,-1.503746062517166138e-01,1.447663456201553345e-01,-5.388563871383666992e-02,2.663913965225219727e-01,2.673928439617156982e-01,4.561160802841186523e-01,2.296555936336517334e-01,-5.953532829880714417e-02,8.874895982444286346e-03,2.940369844436645508e-01,6.145047768950462341e-02,1.479597836732864380e-01,1.793883442878723145e-01,-8.217380940914154053e-02,-2.559830546379089355e-01,-2.278924733400344849e-02,-1.571523249149322510e-01,2.411013469099998474e-02,7.812153548002243042e-02,1.715531200170516968e-01,-3.177209198474884033e-01,3.391458392143249512e-01,2.367065101861953735e-01,1.876074820756912231e-01,-1.857078969478607178e-01,-1.878201514482498169e-01,-5.098055675625801086e-02,-2.394486218690872192e-01,-2.178751975297927856e-01,-1.103804353624582291e-02,-8.240571618080139160e-02,-1.799050271511077881e-01,-1.597226411104202271e-01,-6.702603399753570557e-02,-3.750273585319519043e-02,1.369385719299316406e-01,7.379597425460815430e-02,1.059606969356536865e-01,4.737146198749542236e-02,-1.366059202700853348e-02,-2.254492416977882385e-02,-8.818545378744602203e-03,1.737050712108612061e-01,-9.261190891265869141e-02,-7.812865078449249268e-02,-7.853490859270095825e-02,-2.535784840583801270e-01,-2.077041566371917725e-02,-5.879558622837066650e-02,-1.870606243610382080e-01,3.019749373197555542e-02
2.832660079002380371e-01,4.130462110042572021e-01,5.068029761314392090e-01,0.000000000000000000e+00,7.320190966129302979e-02,1.134274154901504517e-01,3.764562308788299561e-01,4.451373517513275146e-01,1.559049040079116821e-01,1.015734672546386719e-01,7.645944505929946899e-02,1.367455720901489258e-01,-1.263126544654369354e-02,1.481740623712539673e-01,2.312358319759368896e-01,3.147043585777282715e-01,-2.194437980651855469e-01,-1.879994422197341919e-01,4.890871047973632812e-01,5.939986705780029297e-01,3.050461597740650177e-02,7.208910584449768066e-02,3.107236623764038086e-01,3.506212830543518066e-01,-7.762499153614044189e-02,-4.370155185461044312e-02,5.777062475681304932e-02,2.643132023513317108e-02,-4.223381355404853821e-02,-5.118045210838317871e-02,3.497266769409179688e-01,2.735046148300170898e-01,3.248176574707031250e-01,3.093390166759490967e-01,-2.320165187120437622e-02,2.435600943863391876e-02,-3.195882737636566162e-01,-2.859406769275665283e-01,-6.563456356525421143e-02,-1.246048063039779663e-01,-1.791319698095321655e-01,-1.212109848856925964e-01,-3.106651902198791504e-01,-3.984422087669372559e-01,-3.757798671722412109e-01,-3.006082475185394287e-01,-2.127413004636764526e-01,-2.222548127174377441e-01,-3.850576877593994141e-01,-4.136254191398620605e-01,-3.381712138652801514e-01,-4.079314470291137695e-01,-3.308149576187133789e-01,-2.002285867929458618e-01,1.616356195881962776e-03,-2.891987860202789307e-01,2.487805783748626709e-01,4.754852354526519775e-01,9.551006555557250977e-02,1.855754703283309937e-01,-8.812859654426574707e-02,1.416577100753784180e-01,-8.182375878095626831e-02,1.260321736335754395e-01,-3.119348287582397461e-01,-1.401156634092330933e-01,1.413932293653488159e-01,8.316261321306228638e-02,2.985254824161529541e-01,3.066357374191284180e-01,3.370243906974792480e-01,1.871267408132553101e-01,8.618858456611633301e-02,4.264623671770095825e-02,2.202628105878829956e-01,2.618373744189739227e-02,-2.451706305146217346e-02,1.000137850642204285e-01,-3.499166294932365417e-02,-2.734234333038330078e-01,-4.553408175706863403e-02,-2.607856988906860352e-01,-1.137017384171485901e-01,-3.874800354242324829e-02,-2.270999550819396973e-01,-1.157759055495262146e-01,7.857184112071990967e-02,1.104501113295555115e-01,-2.020537555217742920e-01,-3.943092003464698792e-02,-1.871025562286376953e-01,3.004413656890392303e-02,-5.267351865768432617e-02,-4.332203825470060110e-04,-1.421213746070861816e-01,-1.323995590209960938e-01,-2.230180203914642334e-01,-1.945828795433044434e-01,-1.776441037654876709e-01,-1.616529822349548340e-01,1.518756151199340820e-02,4.451449587941169739e-02,1.342192525044083595e-03,3.240481484681367874e-03,8.850073814392089844e-02,9.365162998437881470e-02,-3.961515799164772034e-02,1.360004693269729614e-01,-1.295390576124191284e-01,-1.398150473833084106e-01,-1.774625331163406372e-01,-2.444589287042617798e-01,4.990131407976150513e-02,1.992129907011985779e-02,-1.052923500537872314e-01,4.128480702638626099e-02
1.756390556693077087e-02,-1.279076486825942993e-01,3.619975447654724121e-01,7.320190966129302979e-02,0.000000000000000000e+00,5.582163333892822266e-01,1.921943575143814087e-01,-1.888873726129531860e-01,3.337844610214233398e-01,4.901762902736663818e-01,5.295104533433914185e-02,-6.490880250930786133e-02,1.187201961874961853e-01,-6.484083831310272217e-02,3.447755873203277588e-01,3.456234931945800781e-01,-2.820079028606414795e-02,2.112229540944099426e-02,1.475942283868789673e-01,3.390190191566944122e-03,3.811485171318054199e-01,3.569317162036895752e-01,1.118223890662193298e-01,2.680203020572662354e-01,3.227967619895935059e-01,3.739989697933197021e-01,6.256535053253173828e-01,5.635318756103515625e-01,3.502868115901947021e-02,1.695714592933654785e-01,3.704717755317687988e-01,2.885231971740722656e-01,-4.230584576725959778e-02,-9.325169771909713745e-02,-7.080861181020736694e-02,-2.841277234256267548e-02,3.404069319367408752e-02,2.054483741521835327e-01,2.282498329877853394e-01,1.073340550065040588e-01,-2.528191544115543365e-02,1.575688831508159637e-02,-2.173544019460678101e-01,-2.594586014747619629e-01,-1.355213224887847900e-01,-4.298176467418670654e-01,-2.376981526613235474e-01,-2.802491486072540283e-01,-2.926197946071624756e-01,-3.049727082252502441e-01,-3.476819694042205811e-01,-3.555103242397308350e-01,-1.109445095062255859e-01,-4.585112929344177246e-01,-2.693751826882362366e-02,2.550865523517131805e-02,-2.698801085352897644e-02,-5.242378264665603638e-02,1.444886028766632080e-01,1.672847270965576172e-01,-9.484256058931350708e-02,-1.509384363889694214e-01,-1.017015427350997925e-01,-1.322816610336303711e-01,4.326738789677619934e-02,-6.223142519593238831e-02,3.498439490795135498e-02,1.091183908283710480e-02,7.545732706785202026e-02,1.705783158540725708e-01,1.997823864221572876e-01,6.534992903470993042e-02,-2.220026254653930664e-01,-1.698053181171417236e-01,-2.819206332787871361e-03,-4.900539293885231018e-02,7.787032425403594971e-02,5.882871896028518677e-02,2.823451533913612366e-02,-1.417055130004882812e-01,5.570026487112045288e-02,9.459261596202850342e-02,2.647778391838073730e-01,1.317388564348220825e-01,2.312971800565719604e-01,-1.734132319688796997e-01,2.543616592884063721e-01,3.445980846881866455e-01,2.685177326202392578e-01,5.235532671213150024e-02,-1.718051284551620483e-01,-2.719947397708892822e-01,-1.446840763092041016e-01,-1.574877351522445679e-01,2.676967382431030273e-01,1.846529692411422729e-01,1.909467875957489014e-01,1.244245693087577820e-01,1.556970831006765366e-02,1.863379180431365967e-01,2.876801192760467529e-01,2.321506589651107788e-01,3.814881145954132080e-01,3.780364394187927246e-01,1.464360579848289490e-02,-2.887271903455257416e-02,1.474060267210006714e-01,1.941586285829544067e-01,-3.556107357144355774e-02,1.496744602918624878e-01,1.883054971694946289e-01,2.727919258177280426e-02,8.292519301176071167e-02,-1.667204797267913818e-01,-6.100956350564956665e-03,-7.444488815963268280e-03
-1.121828928589820862e-01,-1.626517772674560547e-01,1.247377470135688782e-01,1.134274154901504517e-01,5.582163333892822266e-01,0.000000000000000000e+00,4.499058797955513000e-02,7.934067398309707642e-03,1.685163080692291260e-01,4.616340100765228271e-01,2.435975521802902222e-02,3.925163764506578445e-03,-4.655284807085990906e-02,-1.209434717893600464e-01,6.761779636144638062e-02,1.689752191305160522e-01,2.106582559645175934e-02,-5.629329383373260498e-02,-4.471551626920700073e-02,-5.737615004181861877e-02,2.100551724433898926e-01,3.077859282493591309e-01,-1.600047796964645386e-01,1.219668760895729065e-01,1.938821077346801758e-01,2.605965733528137207e-01,4.592012166976928711e-01,5.165835618972778320e-01,3.271065652370452881e-02,1.466289162635803223e-01,2.366287708282470703e-01,2.273708730936050415e-01,-3.686841577291488647e-02,-6.836258340626955032e-03,-9.732537716627120972e-02,-8.348792046308517456e-02,-2.706332877278327942e-02,1.271571069955825806e-01,5.626776814460754395e-02,4.550866037607192993e-02,-1.701701879501342773e-01,1.649635471403598785e-02,-3.098135292530059814e-01,-3.127384483814239502e-01,-1.170725822448730469e-01,-3.611482977867126465e-01,-3.018727600574493408e-01,-2.961537539958953857e-01,-1.686394810676574707e-01,-2.099809795618057251e-01,-2.614495754241943359e-01,-3.059859275817871094e-01,-1.889537274837493896e-01,-3.902077078819274902e-01,-4.959323257207870483e-02,2.604921907186508179e-02,-6.334885954856872559e-02,-1.125003695487976074e-01,1.620221585035324097e-01,1.175578534603118896e-01,-6.356475502252578735e-02,-2.077738940715789795e-02,-9.763922542333602905e-02,-3.975616022944450378e-02,-7.120160013437271118e-02,-2.726324088871479034e-02,5.021909996867179871e-02,9.071540087461471558e-02,4.796452447772026062e-02,2.724486589431762695e-01,4.032536596059799194e-02,1.406674236059188843e-01,-9.204655140638351440e-02,-7.066310197114944458e-02,-1.568329632282257080e-01,-8.505181223154067993e-02,-7.092262059450149536e-02,-1.943574845790863037e-02,4.998532310128211975e-02,-7.723198086023330688e-02,2.613729611039161682e-02,7.705201953649520874e-02,1.152964830398559570e-01,5.213437601923942566e-02,7.268036156892776489e-02,-4.400999471545219421e-02,3.658295422792434692e-02,3.297543823719024658e-01,1.079974025487899780e-01,1.651300787925720215e-01,-1.055581569671630859e-01,-2.402651906013488770e-01,-4.134868085384368896e-02,3.313799202442169189e-02,1.711408048868179321e-01,1.237631142139434814e-01,1.349627375602722168e-01,5.911720916628837585e-02,2.655178681015968323e-02,2.138290405273437500e-01,3.079190552234649658e-01,3.163399398326873779e-01,3.988044261932373047e-01,4.546213448047637939e-01,7.324979454278945923e-02,8.019736409187316895e-02,1.536139249801635742e-01,2.622684240341186523e-01,-4.098875820636749268e-02,7.103369385004043579e-02,1.278261393308639526e-01,4.568623378872871399e-02,1.211533918976783752e-01,-2.415901571512222290e-01,-2.038986794650554657e-02,4.992206022143363953e-02
3.932209014892578125e-01,3.204005062580108643e-01,6.301171183586120605e-01,3.764562308788299561e-01,1.921943575143814087e-01,4.499058797955513000e-02,0.000000000000000000e+00,2.681737840175628662e-01,4.505842328071594238e-01,1.790339648723602295e-01,3.710850477218627930e-01,1.060428321361541748e-01,4.948278367519378662e-01,1.691931635141372681e-01,4.208502769470214844e-01,2.810782492160797119e-01,-1.086010411381721497e-01,-1.276489645242691040e-01,3.976657390594482422e-01,3.973181247711181641e-01,7.312787324190139771e-02,-8.045406430028378963e-04,4.358033537864685059e-01,4.295688271522521973e-01,4.211582988500595093e-02,-3.017062554135918617e-03,1.224524229764938354e-01,7.682587206363677979e-02,-4.664430767297744751e-02,-8.720158785581588745e-02,2.179950326681137085e-01,1.547647714614868164e-01,2.688456177711486816e-01,1.444110572338104248e-01,-2.410509064793586731e-02,-3.006865503266453743e-03,-8.366128802299499512e-02,-2.109873294830322266e-01,-1.069191470742225647e-01,-1.036189422011375427e-01,2.831126935780048370e-02,-1.103539764881134033e-01,-2.307910323143005371e-01,-3.273494541645050049e-01,-3.612293601036071777e-01,-3.389771282672882080e-01,-2.361096143722534180e-01,-2.742850780487060547e-01,-3.820122480392456055e-01,-3.927339017391204834e-01,-3.910467326641082764e-01,-4.142364561557769775e-01,-3.023591339588165283e-01,-2.992469072341918945e-01,4.145227745175361633e-02,-3.273147046566009521e-01,3.586742877960205078e-01,2.700027525424957275e-01,1.631340533494949341e-01,7.532798498868942261e-02,3.559811413288116455e-01,2.191220223903656006e-01,8.580592274665832520e-02,8.505832403898239136e-02,1.193742454051971436e-01,3.172342851758003235e-02,8.732194453477859497e-02,-1.242723762989044189e-01,1.977417021989822388e-01,1.072096377611160278e-01,3.704570829868316650e-01,2.228735089302062988e-01,-1.968931779265403748e-02,1.396197173744440079e-02,2.664476633071899414e-01,-1.891476474702358246e-02,1.212004944682121277e-01,9.560053050518035889e-02,-8.960052579641342163e-02,-1.778335869312286377e-01,-8.492298424243927002e-02,-2.097420245409011841e-01,-6.227770447731018066e-02,1.821908727288246155e-02,1.674335449934005737e-01,-2.850174605846405029e-01,2.122525125741958618e-01,9.797977656126022339e-02,2.691195011138916016e-01,-2.078521251678466797e-01,-1.802095770835876465e-01,8.408578485250473022e-02,-2.661932706832885742e-01,-1.040297001600265503e-01,-4.141307622194290161e-02,-1.616746038198471069e-01,-2.563142776489257812e-01,-2.226109951734542847e-01,-8.575378358364105225e-02,-1.594262868165969849e-01,6.614839285612106323e-02,5.625892430543899536e-02,1.848053932189941406e-02,-7.631074637174606323e-02,-3.533564135432243347e-02,5.253257695585489273e-04,4.466710239648818970e-02,1.933376938104629517e-01,-6.288223713636398315e-02,-1.087618917226791382e-01,-1.505758464336395264e-01,-3.217633366584777832e-01,-6.649818271398544312e-02,-1.351741999387741089e-01,-2.029292434453964233e-01,1.684876345098018646e-02
1.707337945699691772e-01,3.002942800521850586e-01,2.586201205849647522e-02,4.451373517513275146e-01,-1.888873726129531860e-01,7.934067398309707642e-03,2.681737840175628662e-01,0.000000000000000000e+00,1.368675231933593750e-01,-4.535196349024772644e-02,1.713071763515472412e-01,3.295048475265502930e-01,1.891637034714221954e-02,2.925961911678314209e-01,2.903242409229278564e-02,-2.660359442234039307e-02,-1.029204353690147400e-01,-9.877710044384002686e-02,5.847950652241706848e-02,3.473590314388275146e-01,-1.759245544672012329e-01,-2.365529090166091919e-01,7.010946422815322876e-02,1.395471096038818359e-01,-2.328894734382629395e-01,-1.506042480468750000e-01,-2.106303870677947998e-01,-1.768469661474227905e-01,2.219301834702491760e-02,-6.126535683870315552e-02,7.284760475158691406e-02,1.306198537349700928e-01,2.616691887378692627e-01,4.385676085948944092e-01,-6.757799535989761353e-02,-1.166961714625358582e-01,-2.901252806186676025e-01,-3.399942517280578613e-01,-2.667899429798126221e-01,-3.025895357131958008e-01,-1.944091618061065674e-01,-1.065154597163200378e-01,-3.125112354755401611e-01,-3.449841439723968506e-01,-3.258145153522491455e-01,-7.042840868234634399e-02,-1.861466467380523682e-01,-2.052439153194427490e-01,-4.705891758203506470e-02,-8.968977630138397217e-02,-6.864108145236968994e-02,-1.229446902871131897e-01,-2.393084764480590820e-01,-1.075985729694366455e-01,4.888129606842994690e-02,-3.836349546909332275e-01,2.531175017356872559e-01,3.153713941574096680e-01,1.255591362714767456e-01,1.087683886289596558e-01,2.003197073936462402e-01,5.355908870697021484e-01,1.764030903577804565e-01,3.836850821971893311e-01,-2.527421116828918457e-01,1.264615505933761597e-01,-1.973145268857479095e-02,-3.092575445771217346e-02,8.426824212074279785e-02,4.356893151998519897e-02,1.418475210666656494e-01,1.468974053859710693e-01,2.855142652988433838e-01,1.219366937875747681e-01,5.523938313126564026e-02,-3.900652378797531128e-02,-6.270761042833328247e-02,6.029198877513408661e-03,-4.256236553192138672e-02,-7.187337428331375122e-02,-6.025325506925582886e-02,-2.088860273361206055e-01,-2.745262384414672852e-01,-2.501146495342254639e-01,-2.426739633083343506e-01,-7.990153878927230835e-02,-2.555214464664459229e-01,-2.195896953344345093e-01,-1.280342191457748413e-01,-1.577327698469161987e-01,-5.139612033963203430e-02,2.005969882011413574e-01,2.593612670898437500e-02,9.181555360555648804e-02,-2.243296653032302856e-01,-2.601538300514221191e-01,-2.521472573280334473e-01,-2.470973432064056396e-01,-1.054504290223121643e-01,-1.694338619709014893e-01,-7.020547054708003998e-03,3.844619542360305786e-02,-6.051537767052650452e-02,-1.136681437492370605e-01,1.690692268311977386e-02,4.711484909057617188e-02,-4.749830067157745361e-02,7.125163823366165161e-02,-1.064835637807846069e-01,-1.625467240810394287e-01,-1.750111877918243408e-01,-2.162622213363647461e-01,5.808871611952781677e-02,-2.554770186543464661e-02,-1.227944567799568176e-01,7.070094579830765724e-04
2.476153075695037842e-01,6.209829077124595642e-02,3.446070551872253418e-01,1.559049040079116821e-01,3.337844610214233398e-01,1.685163080692291260e-01,4.505842328071594238e-01,1.368675231933593750e-01,0.000000000000000000e+00,2.339363992214202881e-01,2.572091519832611084e-01,-9.346647188067436218e-03,3.096229135990142822e-01,1.351764053106307983e-01,5.848953127861022949e-01,3.913775682449340820e-01,-1.073626652359962463e-01,-9.667076170444488525e-02,1.420800685882568359e-01,2.299624383449554443e-01,6.890509277582168579e-02,-2.161377668380737305e-01,4.046944677829742432e-01,4.646699130535125732e-01,2.282621413469314575e-01,3.000276684761047363e-01,2.291271984577178955e-01,2.587942183017730713e-01,-1.088805310428142548e-02,-1.142397522926330566e-02,1.467407643795013428e-01,3.045956790447235107e-01,1.074993386864662170e-01,1.059114485979080200e-01,1.600678265094757080e-01,1.628846377134323120e-01,1.630767062306404114e-02,-1.502249985933303833e-01,-7.493682205677032471e-02,-2.596407532691955566e-01,5.364932119846343994e-02,-1.904873698949813843e-01,-2.034289836883544922e-01,-2.739924192428588867e-01,-3.492770791053771973e-01,-2.726472616195678711e-01,-2.533200979232788086e-01,-2.838490903377532959e-01,-2.696207463741302490e-01,-3.360956013202667236e-01,-2.904835939407348633e-01,-3.485419452190399170e-01,-2.557134330272674561e-01,-3.246906101703643799e-01,3.347464799880981445e-01,-3.285804390907287598e-01,2.047883123159408569e-01,4.583101719617843628e-02,2.165876775979995728e-01,1.728658527135848999e-01,2.080595791339874268e-01,1.863621026277542114e-01,-6.389533635228872299e-03,3.601761907339096069e-02,2.629236280918121338e-01,2.053782045841217041e-01,5.278406292200088501e-02,-1.722113490104675293e-01,9.198630601167678833e-02,-6.982252001762390137e-02,2.164500355720520020e-01,1.023069322109222412e-01,4.904315993189811707e-02,3.970798105001449585e-02,3.556992709636688232e-01,-6.415281444787979126e-02,2.904104441404342651e-02,-5.020017549395561218e-02,3.761513903737068176e-02,-1.282943785190582275e-01,-2.377163805067539215e-02,-1.096555888652801514e-01,-1.550247073173522949e-01,-1.515074819326400757e-01,7.090461999177932739e-02,-4.843118488788604736e-01,1.057895496487617493e-01,1.959941834211349487e-01,4.641465246677398682e-01,-2.093182951211929321e-01,-2.800619900226593018e-01,9.539594501256942749e-02,-3.118800222873687744e-01,-8.776379376649856567e-02,4.230796173214912415e-02,-1.469045430421829224e-01,-2.056715637445449829e-01,-1.632224619388580322e-01,-4.664571024477481842e-03,-2.472877055406570435e-01,2.737402021884918213e-01,2.116422504186630249e-01,1.971281915903091431e-01,-1.818147115409374237e-02,-2.639699494466185570e-03,3.574635460972785950e-02,1.932144612073898315e-01,2.890082597732543945e-01,-1.763269156217575073e-01,-3.987959399819374084e-02,-1.542158126831054688e-01,-3.274023830890655518e-01,2.181988358497619629e-01,-1.157543733716011047e-01,-1.245606467127799988e-01,5.982593074440956116e-02
-1.093155294656753540e-01,-1.887956634163856506e-02,2.535097301006317139e-01,1.015734672546386719e-01,4.901762902736663818e-01,4.616340100765228271e-01,1.790339648723602295e-01,-4.535196349024772644e-02,2.339363992214202881e-01,0.000000000000000000e+00,6.705980747938156128e-02,4.247997328639030457e-02,1.143824905157089233e-01,9.637349843978881836e-02,3.813747465610504150e-01,4.117972254753112793e-01,-1.414834260940551758e-01,-1.961529441177845001e-02,2.092937380075454712e-01,1.033263877034187317e-01,4.524637758731842041e-01,4.280795156955718994e-01,1.601445861160755157e-02,2.424694895744323730e-01,6.578741967678070068e-02,1.117065846920013428e-01,4.984767735004425049e-01,4.910421967506408691e-01,-2.335809636861085892e-03,1.211514249444007874e-01,1.845127642154693604e-01,1.116725653409957886e-01,-5.678756907582283020e-02,-6.949023902416229248e-02,-2.086704224348068237e-01,-1.594116240739822388e-01,2.956080250442028046e-03,2.080776542425155640e-01,1.469223797321319580e-01,1.325221061706542969e-01,-1.074959523975849152e-02,-1.970637775957584381e-02,-1.901351660490036011e-01,-3.220635354518890381e-01,-1.245255023241043091e-01,-3.807316422462463379e-01,-2.108679413795471191e-01,-2.966877818107604980e-01,-1.954946517944335938e-01,-2.528132796287536621e-01,-2.512918114662170410e-01,-2.841306030750274658e-01,-1.472255289554595947e-01,-3.572896718978881836e-01,-3.256012126803398132e-02,1.232940331101417542e-01,-1.212964206933975220e-01,3.854599222540855408e-02,2.287924885749816895e-01,2.808624505996704102e-01,-7.736981660127639771e-02,6.669625639915466309e-02,-1.447587907314300537e-01,-2.962704189121723175e-02,-1.327408701181411743e-01,-6.369556486606597900e-02,-6.804755330085754395e-02,-9.042158722877502441e-02,2.975541725754737854e-02,1.956312656402587891e-01,1.251750737428665161e-01,1.727850735187530518e-02,-2.414923310279846191e-01,-1.259833276271820068e-01,9.959065169095993042e-02,-4.838405176997184753e-02,3.507399931550025940e-02,2.245451807975769043e-01,-2.074028924107551575e-02,-1.572447121143341064e-01,2.500065602362155914e-04,4.262205213308334351e-02,2.396495193243026733e-01,-2.634253911674022675e-02,9.228297322988510132e-02,-1.334490180015563965e-01,3.275596499443054199e-01,4.136906564235687256e-01,1.464551836252212524e-01,2.496081590652465820e-01,-2.239489555358886719e-01,-2.578375339508056641e-01,-1.837763786315917969e-01,-1.545207649469375610e-01,2.015388607978820801e-01,1.114702150225639343e-01,1.039309501647949219e-01,2.893992327153682709e-02,-6.226523313671350479e-03,1.333470344543457031e-01,2.303595095872879028e-01,1.681672334671020508e-01,2.850907146930694580e-01,2.805819511413574219e-01,-2.027626382187008858e-03,-7.140384986996650696e-03,6.878127902746200562e-02,1.350805610418319702e-01,-5.479118600487709045e-02,3.870800882577896118e-02,1.907806545495986938e-01,-4.799422249197959900e-02,6.237616389989852905e-02,-2.032021284103393555e-01,-9.667290747165679932e-02,1.063797175884246826e-01
1.924449354410171509e-01,2.341874092817306519e-01,2.262465506792068481e-01,7.645944505929946899e-02,5.295104533433914185e-02,2.435975521802902222e-02,3.710850477218627930e-01,1.713071763515472412e-01,2.572091519832611084e-01,6.705980747938156128e-02,0.000000000000000000e+00,4.772076308727264404e-01,6.220387816429138184e-01,4.753462672233581543e-01,2.315129339694976807e-01,5.312741547822952271e-02,3.562546670436859131e-01,2.010488361120223999e-01,1.907329559326171875e-01,2.524521946907043457e-01,3.946660086512565613e-02,-1.496198326349258423e-01,-1.759712211787700653e-02,5.000642687082290649e-02,-1.495242118835449219e-01,-1.195303797721862793e-01,-5.304104834794998169e-02,-7.476808875799179077e-02,3.668723106384277344e-01,1.995103210210800171e-01,1.207326278090476990e-01,5.099520832300186157e-02,1.033275797963142395e-01,2.018601819872856140e-02,-2.410608977079391479e-01,-2.304807156324386597e-01,9.697693586349487305e-02,-4.321743734180927277e-03,-8.934973925352096558e-02,-2.561500668525695801e-01,5.819917842745780945e-02,-1.128057837486267090e-01,-3.762385994195938110e-02,-1.874719187617301941e-02,-1.557725761085748672e-02,4.340555984526872635e-03,4.198677092790603638e-02,-3.904035314917564392e-02,2.450998686254024506e-02,5.446929857134819031e-02,5.786913912743330002e-03,-3.343630209565162659e-02,-3.237090259790420532e-02,-1.939631551504135132e-01,1.941886842250823975e-01,-1.152274906635284424e-01,3.332288563251495361e-01,1.216629147529602051e-01,4.062760248780250549e-02,-3.513479977846145630e-02,3.783859014511108398e-01,1.202262565493583679e-01,4.841972589492797852e-01,3.736876845359802246e-01,-7.319352775812149048e-02,-2.054322510957717896e-01,-2.931014597415924072e-01,-4.167646169662475586e-01,-1.598691046237945557e-01,-1.303061395883560181e-01,1.935470551252365112e-01,1.051602959632873535e-01,2.354477494955062866e-01,2.375192791223526001e-01,1.013704761862754822e-01,6.989670544862747192e-02,-1.056699529290199280e-01,-4.215192794799804688e-02,1.055021956562995911e-01,3.566158562898635864e-02,2.194708585739135742e-01,-5.354609340429306030e-02,-1.175464224070310593e-02,-1.443534493446350098e-01,1.449421644210815430e-01,-2.094256728887557983e-01,3.734084218740463257e-02,-1.253033801913261414e-02,1.664409190416336060e-01,-3.562601506710052490e-01,-1.809451133012771606e-01,6.864624470472335815e-02,-1.977699100971221924e-01,-1.154355108737945557e-01,6.567824631929397583e-02,-4.271630570292472839e-02,-7.047361135482788086e-02,-1.276245713233947754e-02,1.461641937494277954e-01,-1.609365269541740417e-02,1.805853396654129028e-01,6.774780154228210449e-02,3.314805682748556137e-03,-8.843218535184860229e-02,-9.824446588754653931e-02,-1.005928292870521545e-01,-3.363873437047004700e-02,1.109933406114578247e-01,-1.722596585750579834e-02,-1.928187347948551178e-02,2.559401467442512512e-02,-1.515960991382598877e-01,-1.369655691087245941e-02,-1.375170052051544189e-01,-2.930590510368347168e-01,-1.348934620618820190e-01
6.249752640724182129e-02,4.453375041484832764e-01,8.749026805162429810e-02,1.367455720901489258e-01,-6.490880250930786133e-02,3.925163764506578445e-03,1.060428321361541748e-01,3.295048475265502930e-01,-9.346647188067436218e-03,4.247997328639030457e-02,4.772076308727264404e-01,0.000000000000000000e+00,3.072962164878845215e-01,6.599506139755249023e-01,7.462992519140243530e-02,-1.153221447020769119e-02,3.157395720481872559e-01,4.075191318988800049e-01,1.554814726114273071e-01,3.754086494445800781e-01,-2.695170417428016663e-02,-9.200489521026611328e-02,-1.970364004373550415e-01,-1.075602918863296509e-01,-4.052152335643768311e-01,-3.738077580928802490e-01,-1.785637736320495605e-01,-1.591694951057434082e-01,3.521904945373535156e-01,2.242114990949630737e-01,-1.262741745449602604e-03,-8.202445507049560547e-02,9.019912034273147583e-02,6.627784669399261475e-02,-4.157217442989349365e-01,-4.070363044738769531e-01,-1.983327232301235199e-02,-1.727069169282913208e-02,-3.012519180774688721e-01,-2.696016430854797363e-01,-1.457843743264675140e-02,-6.628758460283279419e-02,-2.527972497045993805e-02,3.918714821338653564e-02,9.033595770597457886e-02,1.357307732105255127e-01,1.454138010740280151e-01,-1.698682829737663269e-02,2.392052263021469116e-01,2.390220612287521362e-01,1.744327247142791748e-01,1.261887848377227783e-01,-4.829251673072576523e-03,-1.014146804809570312e-01,8.376520872116088867e-02,-3.613158315420150757e-02,2.885621488094329834e-01,2.630644738674163818e-01,2.549359947443008423e-02,4.329062998294830322e-02,1.869760602712631226e-01,1.213767752051353455e-01,4.969026446342468262e-01,4.924297928810119629e-01,-3.358250558376312256e-01,-3.155437111854553223e-01,-3.396202027797698975e-01,-4.110075235366821289e-01,-2.645762860774993896e-01,-2.717197686433792114e-02,7.453326601535081863e-03,1.303197443485260010e-01,3.329099118709564209e-01,3.122478425502777100e-01,7.499080896377563477e-02,1.128766983747482300e-01,-7.956891506910324097e-02,1.364946067333221436e-01,-1.201179716736078262e-02,4.415867105126380920e-02,2.652604877948760986e-01,1.071295514702796936e-01,-7.556697726249694824e-02,-1.753845959901809692e-01,3.055270574986934662e-02,4.146779328584671021e-02,-8.886390924453735352e-02,-5.086293071508407593e-02,-9.324736893177032471e-02,-3.089985251426696777e-01,-9.684620797634124756e-02,2.204157970845699310e-02,-9.614372998476028442e-02,-1.675461381673812866e-01,-3.789709880948066711e-02,-1.499332189559936523e-01,-1.706770509481430054e-01,-1.415605396032333374e-01,2.024866491556167603e-01,6.704548001289367676e-02,2.228060364723205566e-01,1.461898088455200195e-01,5.900746956467628479e-02,1.974672451615333557e-02,-2.649336680769920349e-02,-2.561791427433490753e-02,-3.214503824710845947e-02,1.446786969900131226e-01,2.236741594970226288e-02,-1.573432534933090210e-01,-1.745441928505897522e-02,-9.869381040334701538e-02,8.945653215050697327e-03,-1.418809145689010620e-01,-3.094024360179901123e-01,-7.011227309703826904e-02
2.814993560314178467e-01,2.253521382808685303e-01,3.115058541297912598e-01,-1.263126544654369354e-02,1.187201961874961853e-01,-4.655284807085990906e-02,4.948278367519378662e-01,1.891637034714221954e-02,3.096229135990142822e-01,1.143824905157089233e-01,6.220387816429138184e-01,3.072962164878845215e-01,0.000000000000000000e+00,4.418487846851348877e-01,3.201676607131958008e-01,9.006807208061218262e-02,1.673639565706253052e-01,1.562772691249847412e-01,3.121177852153778076e-01,1.992407739162445068e-01,2.030552364885807037e-02,-6.895978748798370361e-02,1.216845959424972534e-01,1.134995967149734497e-01,-1.389885246753692627e-01,-1.848855763673782349e-01,-1.355250831693410873e-03,-6.402084231376647949e-02,1.174568235874176025e-01,1.025757938623428345e-02,2.121151052415370941e-02,-9.135882556438446045e-02,8.631896227598190308e-03,-1.133121848106384277e-01,-1.987724006175994873e-01,-1.957519650459289551e-01,1.353506445884704590e-01,8.503152988851070404e-03,-1.098502874374389648e-01,-1.359909772872924805e-01,1.777546852827072144e-01,-2.291177958250045776e-02,-9.634547866880893707e-03,2.937636710703372955e-02,-3.609888255596160889e-02,-6.760784238576889038e-02,7.341105025261640549e-03,-4.358047619462013245e-02,-6.779587268829345703e-02,-2.796068973839282990e-02,-9.285137802362442017e-02,-9.813765436410903931e-02,4.699966404587030411e-03,-2.030111551284790039e-01,1.015932261943817139e-01,-1.318484544754028320e-01,3.084927797317504883e-01,9.888871014118194580e-02,-6.063819164410233498e-04,-6.661268323659896851e-02,3.672499060630798340e-01,3.589268773794174194e-02,3.701601326465606689e-01,1.913829296827316284e-01,3.570045530796051025e-02,-2.255529314279556274e-01,-2.854205667972564697e-01,-4.572478830814361572e-01,-7.615735381841659546e-02,-8.829934895038604736e-02,1.827367395162582397e-01,1.491577774286270142e-01,5.922121927142143250e-02,1.091662049293518066e-01,1.320494860410690308e-01,7.362988591194152832e-02,7.278015464544296265e-02,-1.282462291419506073e-02,-1.076895743608474731e-01,-9.935452602803707123e-03,8.297797292470932007e-02,-4.333210736513137817e-02,5.157628282904624939e-02,7.878635823726654053e-02,3.701689243316650391e-01,-1.435776203870773315e-01,1.162019446492195129e-01,1.859383773989975452e-03,2.770166397094726562e-01,-3.431308567523956299e-01,-6.210987269878387451e-02,1.431636363267898560e-01,-1.732126623392105103e-01,-1.248781532049179077e-01,1.062860265374183655e-01,-6.904082745313644409e-02,-1.077889278531074524e-01,-8.194923400878906250e-02,1.798783540725708008e-01,3.912628442049026489e-02,1.900141686201095581e-01,7.599646598100662231e-02,3.752445802092552185e-02,-5.651317164301872253e-02,-9.277995675802230835e-02,-2.183043025434017181e-02,1.719285547733306885e-02,1.313230693340301514e-01,4.682691767811775208e-02,-2.307455427944660187e-02,7.132836617529392242e-03,-8.912927657365798950e-02,6.473097018897533417e-03,-1.763804629445075989e-02,-2.330046743154525757e-01,-6.863377243280410767e-02
