0.000000000000000000e+00,5.208147168159484863e-01,-3.485315442085266113e-01,-3.410441875457763672e-01,1.512076854705810547e-01,2.952642738819122314e-02,-2.047083079814910889e-01,-3.107067942619323730e-01,1.654800772666931152e-01,1.621740162372589111e-01,8.486565202474594116e-02,1.423700302839279175e-01,9.112808108329772949e-02,1.999327354133129120e-02,2.933392226696014404e-01,1.992428749799728394e-01,-6.046925857663154602e-02,-1.989063024520874023e-01,5.308027863502502441e-01,4.588155746459960938e-01,-4.333625733852386475e-02,-3.661638125777244568e-02,-1.491140425205230713e-01,-3.356771171092987061e-01,5.093226209282875061e-02,2.292707189917564392e-02,9.441596269607543945e-02,9.405334293842315674e-02,2.427011430263519287e-01,1.644400954246520996e-01,2.935431301593780518e-01,1.141921132802963257e-01,2.127024233341217041e-01,1.093343943357467651e-01,1.019466854631900787e-02,6.036918982863426208e-02,3.007759153842926025e-02,-7.980481535196304321e-02,-1.256265491247177124e-01,-1.010991409420967102e-01,-5.591884255409240723e-02,-2.496750652790069580e-02,-1.713671088218688965e-01,4.986015334725379944e-02,-4.596129059791564941e-02,-2.714663445949554443e-01,9.319072961807250977e-02,2.452762424945831299e-02,-5.966965481638908386e-02,-1.416414082050323486e-01,-2.940927147865295410e-01,-2.876977324485778809e-01,-3.140241503715515137e-01,-3.154757320880889893e-01,5.079595372080802917e-02,7.484685629606246948e-02,4.774420559406280518e-01,3.346317410469055176e-01,2.366327345371246338e-01,1.563596129417419434e-01,-3.232771158218383789e-02,-1.340427696704864502e-01,2.192522212862968445e-02,-1.525109261274337769e-01,-2.298048287630081177e-01,-4.686917364597320557e-01,-6.119310855865478516e-02,-1.232963055372238159e-01,3.865141868591308594e-01,3.471119999885559082e-01,3.519543707370758057e-01,2.421248257160186768e-01,2.788473665714263916e-01,1.501235663890838623e-01,8.172708004713058472e-02,3.528087958693504333e-02,1.457528024911880493e-01,1.660452038049697876e-01,1.675930023193359375e-01,-1.074901521205902100e-01,-1.470595598220825195e-01,-2.826502323150634766e-01,-7.913069427013397217e-02,-8.150596916675567627e-02,-9.307105839252471924e-02,-2.008052617311477661e-01,-1.475884765386581421e-01,4.485335201025009155e-02,-4.701814055442810059e-02,-3.706799075007438660e-02,-1.371085196733474731e-01,-1.065104007720947266e-01,-2.034438997507095337e-01,-6.721463054418563843e-02,3.185986354947090149e-02,-6.410963833332061768e-02,-1.231916323304176331e-01,-7.341624796390533447e-02,2.110646963119506836e-01,2.693573832511901855e-01,5.162368342280387878e-02,6.906615197658538818e-02,1.661810576915740967e-01,1.593562960624694824e-01,3.412442803382873535e-01,2.668497264385223389e-01,1.786754578351974487e-01,2.750249505043029785e-01,4.783654958009719849e-02,-1.227217018604278564e-01,6.981610320508480072e-03,8.401543647050857544e-02,2.467693090438842773e-01,-3.529708134010434151e-03,1.158889234066009521e-01,-1.173812709748744965e-02
5.208147168159484863e-01,0.000000000000000000e+00,-4.133828878402709961e-01,-1.861499845981597900e-01,1.969559490680694580e-01,2.452531009912490845e-01,-3.536011278629302979e-01,-1.191263869404792786e-01,3.095795512199401855e-01,2.240332067012786865e-01,9.039975702762603760e-02,2.439925968647003174e-01,-1.124105304479598999e-01,4.948689043521881104e-02,2.117405533790588379e-01,-2.717463299632072449e-02,-2.781964838504791260e-01,-1.477339416742324829e-01,2.161099314689636230e-01,4.251671135425567627e-01,-1.505659371614456177e-01,-4.378485307097434998e-02,-3.221856951713562012e-01,-3.800114691257476807e-01,5.887886509299278259e-02,1.165040805935859680e-01,1.549276709556579590e-01,1.924318969249725342e-01,2.907810807228088379e-01,1.395974159240722656e-01,2.580051124095916748e-01,1.697298735380172729e-01,1.793369799852371216e-01,1.255218386650085449e-01,-3.431449085474014282e-02,1.027336344122886658e-01,-1.654395461082458496e-01,-2.315132319927215576e-01,-1.561065763235092163e-01,-2.494094669818878174e-01,-1.708734184503555298e-01,-1.436834037303924561e-01,-2.468882203102111816e-01,-1.452172547578811646e-02,-1.187004968523979187e-01,-2.456803172826766968e-01,1.560530960559844971e-01,-6.580303609371185303e-02,-7.060435414314270020e-02,-1.277666389942169189e-01,-1.702164858579635620e-01,-2.814888358116149902e-01,-1.843374595046043396e-02,-3.457602858543395996e-01,1.045842766761779785e-01,-9.868015348911285400e-02,5.200239419937133789e-01,5.579949021339416504e-01,2.704541683197021484e-01,3.836283087730407715e-01,2.353629842400550842e-02,4.132108390331268311e-02,1.530070323497056961e-02,-6.197577714920043945e-02,-3.134862780570983887e-01,-4.781670272350311279e-01,-7.339438050985336304e-02,-6.912585347890853882e-02,2.325042337179183960e-01,3.400824368000030518e-01,2.079772055149078369e-01,7.985726743936538696e-02,1.193804219365119934e-01,1.892177760601043701e-01,3.200777620077133179e-02,2.199322171509265900e-02,3.589608892798423767e-02,7.826400548219680786e-02,4.087750017642974854e-01,-3.304054439067840576e-01,1.000317628495395184e-03,-3.434612751007080078e-01,-2.196567207574844360e-01,-2.639619112014770508e-01,-1.947461962699890137e-01,-4.391132295131683350e-01,-1.712297797203063965e-01,-2.743958868086338043e-02,-8.460286073386669159e-03,-2.646923661231994629e-01,-3.058900311589241028e-02,-2.431481033563613892e-01,-1.200993508100509644e-01,-2.947584390640258789e-01,-9.713531285524368286e-02,-1.785938888788223267e-01,-1.251763701438903809e-01,-2.100164145231246948e-01,3.285153508186340332e-01,1.305275857448577881e-01,3.193374872207641602e-01,1.635209470987319946e-01,3.285672962665557861e-01,2.545961141586303711e-01,3.761959671974182129e-01,2.567383348941802979e-01,3.496425449848175049e-01,4.480484127998352051e-01,9.331506490707397461e-02,-4.532194137573242188e-02,2.671732008457183838e-01,1.483656615018844604e-01,3.962859511375427246e-01,1.586178690195083618e-01,1.584596633911132812e-01,-2.054742127656936646e-01
-3.485315442085266113e-01,-4.133828878402709961e-01,0.000000000000000000e+00,4.603672921657562256e-01,-3.514850139617919922e-01,-3.383205831050872803e-01,5.628919005393981934e-01,2.041747123003005981e-01,-2.860011160373687744e-01,-3.035757243633270264e-01,2.166052013635635376e-01,-3.328842297196388245e-02,1.765725612640380859e-01,9.460908174514770508e-02,-3.252826631069183350e-01,-1.590654999017715454e-01,2.302516251802444458e-01,5.135412141680717468e-02,-5.263827741146087646e-02,-1.804444044828414917e-01,-1.167548671364784241e-01,-3.729251399636268616e-02,5.743322372436523438e-01,3.787669539451599121e-01,-2.958688139915466309e-02,-2.730329632759094238e-01,-3.272071778774261475e-01,-3.206377923488616943e-01,-1.008025258779525757e-01,-5.868686735630035400e-02,-3.053862750530242920e-01,-1.982913315296173096e-01,5.878284573554992676e-02,4.789045080542564392e-02,1.574381291866302490e-01,-8.623316138982772827e-02,1.728167757391929626e-02,7.408723700791597366e-03,7.122999429702758789e-02,4.642242193222045898e-02,1.589533686637878418e-02,-4.258112981915473938e-02,3.341945707798004150e-01,2.029462717473506927e-02,-4.944835230708122253e-02,3.786170780658721924e-01,-1.280908752232789993e-02,1.987956315279006958e-01,2.583621740341186523e-01,2.133963406085968018e-01,2.912192344665527344e-01,2.710567712783813477e-01,1.739204823970794678e-01,5.275474786758422852e-01,-1.802231967449188232e-01,-1.110450699925422668e-01,-2.216686755418777466e-01,-3.186689615249633789e-01,-3.286591172218322754e-01,-4.700608253479003906e-01,1.365412920713424683e-01,-2.104161232709884644e-01,9.082383476197719574e-03,-8.189900219440460205e-02,3.305158317089080811e-01,3.201980292797088623e-01,-9.238623827695846558e-02,-1.495261043310165405e-01,-4.102333486080169678e-01,-5.274275541305541992e-01,-1.868543922901153564e-01,-2.268370985984802246e-01,-1.431948095560073853e-01,-2.645125612616539001e-02,-6.578964740037918091e-02,8.591035753488540649e-02,-1.541272401809692383e-01,-1.956902295351028442e-01,-3.076166510581970215e-01,2.855888903141021729e-01,-1.184993460774421692e-01,8.539727330207824707e-02,-7.846429361961781979e-04,1.690295711159706116e-02,-2.317962422966957092e-02,2.172529250383377075e-01,7.694422453641891479e-02,-2.547609210014343262e-01,-5.806985124945640564e-02,1.742104738950729370e-01,9.355106204748153687e-02,1.926552206277847290e-01,2.006341516971588135e-01,2.741186320781707764e-01,-2.923040986061096191e-01,-1.432216316461563110e-01,3.024806641042232513e-02,-8.357483893632888794e-02,-4.164774715900421143e-01,-3.545471727848052979e-01,-4.582702517509460449e-01,-4.293797016143798828e-01,-4.649433791637420654e-01,-4.729731380939483643e-01,-3.384995460510253906e-01,-2.232453227043151855e-01,-5.024527907371520996e-01,-4.557212889194488525e-01,-2.193264216184616089e-01,-1.728498637676239014e-01,1.087296903133392334e-01,-9.635531902313232422e-02,-4.763552844524383545e-01,1.026933640241622925e-02,1.404543370008468628e-01,-7.455284148454666138e-02
-3.410441875457763672e-01,-1.861499845981597900e-01,4.603672921657562256e-01,0.000000000000000000e+00,-2.419526129961013794e-01,-2.545801401138305664e-01,2.309415340423583984e-01,3.876907229423522949e-01,-1.307820528745651245e-01,-2.040581107139587402e-01,-6.856597959995269775e-02,-3.879414871335029602e-02,-9.979835152626037598e-02,1.497848927974700928e-01,-3.588113784790039062e-01,-2.433928847312927246e-01,5.696054548025131226e-02,6.029434967786073685e-03,-9.056707471609115601e-02,-8.043046295642852783e-02,-1.012919396162033081e-01,-1.436221320182085037e-02,2.617223262786865234e-01,3.876193761825561523e-01,1.539011113345623016e-02,-8.885008096694946289e-02,-2.209463715553283691e-01,-2.038735598325729370e-01,-1.162268221378326416e-01,-1.399204600602388382e-02,-1.978004425764083862e-01,-3.323572874069213867e-02,1.168949306011199951e-01,2.223280370235443115e-01,1.131341382861137390e-01,3.057224908843636513e-03,-1.146753225475549698e-02,-5.909105762839317322e-02,-1.492043375037610531e-03,-2.798382565379142761e-02,-9.699792414903640747e-02,-6.125776842236518860e-02,1.322938948869705200e-01,-2.665808983147144318e-02,-5.700444802641868591e-03,2.926149666309356689e-01,2.577577531337738037e-02,1.960530728101730347e-01,2.409343868494033813e-01,2.206348478794097900e-01,2.772604227066040039e-01,2.767174541950225830e-01,1.438944339752197266e-01,3.173990845680236816e-01,-2.117369621992111206e-01,-8.983286470174789429e-02,-1.185892298817634583e-01,-2.091004550457000732e-01,-2.111092209815979004e-01,-2.061017006635665894e-01,-1.664010994136333466e-02,-8.790534734725952148e-02,-7.209861278533935547e-02,-3.470317646861076355e-02,9.736672043800354004e-02,3.070188462734222412e-01,4.411904513835906982e-02,2.076353430747985840e-01,-3.062922060489654541e-01,-2.363776713609695435e-01,-1.542989760637283325e-01,-1.748220622539520264e-01,-2.077233493328094482e-01,4.098458588123321533e-02,-1.099066063761711121e-01,8.367791771888732910e-02,-1.589758694171905518e-01,-1.001252159476280212e-01,-1.515284329652786255e-01,1.221643164753913879e-01,-8.219179511070251465e-02,9.285223484039306641e-02,-1.736492663621902466e-01,-5.080316960811614990e-02,-2.154629528522491455e-01,1.916835308074951172e-01,-9.303108602762222290e-02,-1.594873219728469849e-01,-2.619742751121520996e-01,4.316313937306404114e-02,1.065828129649162292e-01,-1.568048633635044098e-02,1.516632586717605591e-01,6.375636905431747437e-02,-2.644157409667968750e-01,-1.034718304872512817e-01,-1.571085005998611450e-01,-1.797062903642654419e-01,-2.400109469890594482e-01,-3.307142853736877441e-01,-2.402445226907730103e-01,-2.357555925846099854e-01,-2.398169785737991333e-01,-2.505234777927398682e-01,-1.468659490346908569e-01,-1.220044270157814026e-01,-3.147043883800506592e-01,-2.955729067325592041e-01,-1.025192961096763611e-01,-1.761993169784545898e-01,8.352727442979812622e-02,-9.564584493637084961e-02,-2.812245786190032959e-01,-2.092262171208858490e-02,1.277120709419250488e-01,-8.724603801965713501e-02
1.512076854705810547e-01,1.969559490680694580e-01,-3.514850139617919922e-01,-2.419526129961013794e-01,0.000000000000000000e+00,3.359860479831695557e-01,-2.234796136617660522e-01,-2.518116831779479980e-01,5.093696117401123047e-01,3.978463411331176758e-01,-2.907129824161529541e-01,-2.524373307824134827e-02,3.393972758203744888e-03,1.141505986452102661e-01,3.711592853069305420e-01,3.025468289852142334e-01,-1.514153182506561279e-01,-2.113883616402745247e-03,-6.309762597084045410e-02,-1.582554429769515991e-01,4.379083216190338135e-02,6.306206434965133667e-02,-1.634821295738220215e-01,3.097397461533546448e-02,3.547845482826232910e-01,4.385572075843811035e-01,5.150002241134643555e-01,4.904138147830963135e-01,1.147023513913154602e-01,1.061827316880226135e-01,4.410226643085479736e-01,3.690548837184906006e-01,8.667782694101333618e-02,-1.119764428585767746e-02,1.629656106233596802e-01,1.812625825405120850e-01,-1.326700747013092041e-01,-1.722199767827987671e-01,-2.092475295066833496e-01,-2.097611278295516968e-01,-1.879186779260635376e-01,-1.533583849668502808e-01,-3.842642605304718018e-01,-3.343203067779541016e-01,-2.699380517005920410e-01,-4.905504584312438965e-01,-1.359068751335144043e-01,-2.663182318210601807e-01,-3.840297758579254150e-01,-3.718315362930297852e-01,-4.642120897769927979e-01,-4.334616661071777344e-01,-4.093770384788513184e-01,-4.518522918224334717e-01,-1.180972754955291748e-01,-2.139708101749420166e-01,1.554976403713226318e-01,3.206048011779785156e-01,1.484343409538269043e-01,1.607160121202468872e-01,5.368294939398765564e-02,2.994344234466552734e-01,-1.649307608604431152e-01,-3.360458090901374817e-02,2.777523398399353027e-01,7.001139223575592041e-02,2.605734467506408691e-01,1.179545372724533081e-01,2.780914604663848877e-01,3.461706042289733887e-01,1.864643841981887817e-01,3.150244653224945068e-01,1.929944008588790894e-01,7.221294194459915161e-02,8.741976926103234291e-04,-8.524416014552116394e-03,9.177295863628387451e-02,1.367793530225753784e-01,2.348786443471908569e-01,4.634023830294609070e-02,1.119135841727256775e-01,2.391911111772060394e-02,-1.438809037208557129e-01,-6.895294785499572754e-02,2.439505457878112793e-01,-2.368769049644470215e-01,-9.852869063615798950e-02,1.385739743709564209e-01,7.123514264822006226e-02,-2.829870283603668213e-01,7.932803779840469360e-02,2.475842647254467010e-02,-8.851601183414459229e-02,8.297627419233322144e-02,8.732354640960693359e-02,-1.105554327368736267e-01,1.466547846794128418e-01,5.002602189779281616e-02,1.282357424497604370e-01,3.057623505592346191e-01,3.538156747817993164e-01,3.050896823406219482e-01,4.742795526981353760e-01,4.514283239841461182e-01,-3.735742345452308655e-02,8.217459917068481445e-02,3.155455589294433594e-01,3.395074605941772461e-01,-7.169031351804733276e-02,-5.543986335396766663e-02,-8.143163286149501801e-03,-1.365060657262802124e-01,2.274025827646255493e-01,3.402161598205566406e-02,-1.550478935241699219e-01,-1.834988407790660858e-02
2.952642738819122314e-02,2.452531009912490845e-01,-3.383205831050872803e-01,-2.545801401138305664e-01,3.359860479831695557e-01,0.000000000000000000e+00,-2.345685362815856934e-01,7.377860136330127716e-03,3.515631556510925293e-01,5.440343618392944336e-01,-2.939586900174617767e-02,1.439606398344039917e-01,-3.243646351620554924e-03,6.833003461360931396e-02,2.638689577579498291e-01,1.160679310560226440e-01,-1.967029422521591187e-01,6.381125748157501221e-02,-2.191155105829238892e-01,1.353526022285223007e-02,-7.184436172246932983e-02,5.552586913108825684e-02,-4.376312792301177979e-01,-2.965376377105712891e-01,7.303418964147567749e-02,4.410891234874725342e-01,4.934012591838836670e-01,5.533925890922546387e-01,1.733918190002441406e-01,7.455343753099441528e-02,1.571713387966156006e-01,2.484249919652938843e-01,-6.815905123949050903e-02,2.309150993824005127e-02,3.987854812294244766e-03,9.687761217355728149e-02,-3.946060538291931152e-01,-2.903986871242523193e-01,-3.407364487648010254e-01,-3.224017918109893799e-01,-2.526359856128692627e-01,-2.759705185890197754e-01,-3.003244400024414062e-01,-1.707740724086761475e-01,-2.083866894245147705e-01,-2.102041095495223999e-01,-1.204282324761152267e-02,-1.554559022188186646e-01,-1.863812804222106934e-01,-1.042495220899581909e-01,-1.322462409734725952e-01,-1.262825429439544678e-01,-3.391164168715476990e-02,-2.450875639915466309e-01,-1.894670873880386353e-01,-3.204739391803741455e-01,1.314980238676071167e-01,2.308086156845092773e-01,1.756997704505920410e-01,3.103007674217224121e-01,6.886490434408187866e-02,3.586424589157104492e-01,3.870837856084108353e-03,2.178685218095779419e-01,-1.266508251428604126e-01,-6.809654086828231812e-02,3.030277974903583527e-02,7.195091992616653442e-02,2.215100675821304321e-01,1.648230403661727905e-01,1.346844583749771118e-01,2.341324687004089355e-01,2.181812375783920288e-01,-4.367605317384004593e-03,9.037048369646072388e-02,-6.459584925323724747e-03,1.764052957296371460e-01,2.366176694631576538e-01,3.532910346984863281e-01,1.219499669969081879e-02,2.993361651897430420e-01,1.195014361292123795e-02,-9.546359628438949585e-02,-2.106615751981735229e-01,2.100488357245922089e-02,-1.744158864021301270e-01,-2.655954957008361816e-01,2.165719866752624512e-02,-6.871148198843002319e-02,-1.944259554147720337e-01,1.797072738409042358e-01,1.203097999095916748e-01,9.547951817512512207e-02,7.025745511054992676e-02,2.033509779721498489e-03,-1.940715014934539795e-01,4.361482337117195129e-03,-1.495885383337736130e-02,3.507900238037109375e-01,2.211220413446426392e-01,3.747940063476562500e-01,3.748891055583953857e-01,5.203154087066650391e-01,5.097248554229736328e-01,8.446270972490310669e-02,3.158170729875564575e-02,2.984264791011810303e-01,3.691879510879516602e-01,-2.086952887475490570e-02,1.087310090661048889e-01,1.333936303853988647e-01,3.453696146607398987e-02,3.725875616073608398e-01,6.490367650985717773e-02,-1.575138270854949951e-01,-5.337588489055633545e-02
-2.047083079814910889e-01,-3.536011278629302979e-01,5.628919005393981934e-01,2.309415340423583984e-01,-2.234796136617660522e-01,-2.345685362815856934e-01,0.000000000000000000e+00,4.376793801784515381e-01,3.388002049177885056e-03,-5.377940088510513306e-02,4.555893838405609131e-01,1.055216267704963684e-01,4.800956845283508301e-01,1.648044735193252563e-01,-2.454457134008407593e-01,-1.996313184499740601e-01,-8.114116266369819641e-03,-2.317476831376552582e-02,-6.026532500982284546e-02,-1.930244565010070801e-01,-1.420436799526214600e-01,-1.350701749324798584e-01,3.932735621929168701e-01,1.315702944993972778e-01,-3.147823810577392578e-01,-4.779348373413085938e-01,-4.262559413909912109e-01,-3.982841968536376953e-01,-9.851688891649246216e-02,-1.812924593687057495e-01,-3.825618624687194824e-01,-3.345038890838623047e-01,-1.397908180952072144e-01,-1.904078722000122070e-01,-1.432913839817047119e-01,-3.118383288383483887e-01,3.777650743722915649e-02,-1.244790852069854736e-02,1.277781426906585693e-01,9.965521097183227539e-02,6.484488397836685181e-02,3.918307274580001831e-02,2.821056842803955078e-01,1.273295283317565918e-01,1.077739968895912170e-01,2.677573859691619873e-01,9.288795292377471924e-03,9.514859318733215332e-02,1.993663161993026733e-01,1.903470307588577271e-01,2.324778139591217041e-01,2.675324380397796631e-01,7.057637721300125122e-02,3.343603610992431641e-01,-1.653439253568649292e-01,-2.526648044586181641e-01,-3.987002372741699219e-01,-3.641924858093261719e-01,-2.050276845693588257e-01,-3.061594665050506592e-01,4.435777068138122559e-01,4.547830671072006226e-02,1.664725840091705322e-01,1.355696320533752441e-01,1.974965333938598633e-01,2.795127630233764648e-01,-2.473657727241516113e-01,-3.053575158119201660e-01,-4.648911654949188232e-01,-5.277059078216552734e-01,-1.904274523258209229e-01,-2.725100815296173096e-01,-1.947629600763320923e-01,-1.031349673867225647e-01,-9.031117707490921021e-02,1.621173322200775146e-01,-1.823106408119201660e-01,-2.287958115339279175e-01,-2.742188870906829834e-01,1.224426105618476868e-01,-1.977202892303466797e-01,3.131174668669700623e-02,2.240568585693836212e-02,-3.821475058794021606e-02,8.161218464374542236e-02,1.166086569428443909e-01,6.784769892692565918e-02,-2.545658946037292480e-01,8.479252457618713379e-02,4.448318481445312500e-02,2.111032903194427490e-01,1.088379696011543274e-01,2.594824731349945068e-01,1.252688169479370117e-01,-2.954477667808532715e-01,-9.353139996528625488e-02,-1.411586701869964600e-01,-2.025254666805267334e-01,-3.909710943698883057e-01,-1.741834729909896851e-01,-3.667064011096954346e-01,-3.630681037902832031e-01,-4.425806999206542969e-01,-3.889596760272979736e-01,-1.193424537777900696e-01,-2.055186182260513306e-01,-3.969296216964721680e-01,-4.377973973751068115e-01,-1.351159512996673584e-01,-2.405705302953720093e-01,-2.217973023653030396e-02,-1.546952724456787109e-01,-3.029548823833465576e-01,-6.822710484266281128e-02,1.367664039134979248e-01,-2.724565006792545319e-02
-3.107067942619323730e-01,-1.191263869404792786e-01,2.041747123003005981e-01,3.876907229423522949e-01,-2.518116831779479980e-01,7.377860136330127716e-03,4.376793801784515381e-01,0.000000000000000000e+00,1.098005399107933044e-01,1.724018715322017670e-02,3.740245103836059570e-01,3.732397854328155518e-01,1.608949005603790283e-01,2.996544241905212402e-01,-3.168440163135528564e-01,-4.475881755352020264e-01,-6.123712658882141113e-02,8.539659529924392700e-02,-2.960387766361236572e-01,-1.307650655508041382e-01,-3.701569437980651855e-01,-2.944681346416473389e-01,-2.620299533009529114e-02,-1.434645615518093109e-02,-4.913037717342376709e-01,-4.195179045200347900e-01,-3.831481039524078369e-01,-3.774306774139404297e-01,5.111550912261009216e-02,-3.032107651233673096e-02,-4.654200077056884766e-01,-2.966108322143554688e-01,-1.135196611285209656e-01,-1.169326016679406166e-03,-1.904816776514053345e-01,-2.590226829051971436e-01,-2.711687982082366943e-01,-2.711622714996337891e-01,-9.297399222850799561e-02,-1.526259481906890869e-01,-1.894497573375701904e-01,-1.983785778284072876e-01,1.332833766937255859e-01,9.936165809631347656e-02,3.460434824228286743e-02,3.679391145706176758e-01,1.504892706871032715e-01,1.620965749025344849e-01,3.408207297325134277e-01,3.719134032726287842e-01,3.891436457633972168e-01,3.821770548820495605e-01,3.598304092884063721e-01,2.890084683895111084e-01,-1.766729354858398438e-01,-2.839627265930175781e-01,-2.842359840869903564e-01,-2.295394539833068848e-01,1.692413538694381714e-02,1.439463794231414795e-01,4.916044771671295166e-01,3.874725699424743652e-01,2.641180157661437988e-01,4.481378495693206787e-01,-1.997479498386383057e-01,2.190508097410202026e-01,-3.204669654369354248e-01,-1.346086263656616211e-01,-5.348180532455444336e-01,-4.073100686073303223e-01,-2.752398848533630371e-01,-3.116987943649291992e-01,-3.365664482116699219e-01,-6.095921248197555542e-02,-1.700605005025863647e-01,6.852383911609649658e-02,-2.618351280689239502e-01,-2.047673165798187256e-01,2.703601960092782974e-03,-3.387660905718803406e-02,-3.478402271866798401e-02,-4.910466820001602173e-02,-1.815406233072280884e-01,-3.211245834827423096e-01,-1.914201676845550537e-01,2.405866107437759638e-04,-1.631778329610824585e-01,-3.470443785190582275e-01,-7.133572548627853394e-02,-1.346327811479568481e-01,3.779948353767395020e-01,-8.418872952461242676e-02,3.806394338607788086e-01,-5.637087672948837280e-02,-3.310647904872894287e-01,-1.550702750682830811e-01,-1.705168187618255615e-01,-2.612739503383636475e-01,-1.301240622997283936e-01,-2.103645354509353638e-01,-7.770285755395889282e-02,-1.885818392038345337e-01,-1.321859061717987061e-01,-1.652523875236511230e-01,-1.185620855540037155e-02,-1.216904222965240479e-01,-2.193201482295989990e-01,-2.328831404447555542e-01,-1.097555905580520630e-01,-1.897740960121154785e-01,1.584149301052093506e-01,4.165305756032466888e-03,-5.774077400565147400e-02,9.268759936094284058e-02,8.118698000907897949e-02,-1.470059454441070557e-01
1.654800772666931152e-01,3.095795512199401855e-01,-2.860011160373687744e-01,-1.307820528745651245e-01,5.093696117401123047e-01,3.515631556510925293e-01,3.388002049177885056e-03,1.098005399107933044e-01,0.000000000000000000e+00,6.533548235893249512e-01,1.303392350673675537e-01,3.418884277343750000e-01,2.968342006206512451e-01,4.536171853542327881e-01,4.326058626174926758e-01,1.368795186281204224e-01,-2.520413696765899658e-01,-4.043934121727943420e-02,-8.616972714662551880e-02,1.690348610281944275e-03,-2.778922617435455322e-01,-6.196153908967971802e-02,-1.532758027315139771e-01,-1.540461629629135132e-01,1.278994679450988770e-01,8.688356727361679077e-02,2.116245329380035400e-01,2.603262960910797119e-01,2.411420047283172607e-01,1.035812348127365112e-01,1.705160588026046753e-01,7.421743869781494141e-02,1.500986367464065552e-01,7.287253439426422119e-02,-5.223185289651155472e-03,6.429067999124526978e-02,-2.934114634990692139e-01,-4.001913666725158691e-01,-2.850499451160430908e-01,-3.556831181049346924e-01,-2.530222833156585693e-01,-2.934835851192474365e-01,-2.896528840065002441e-01,-2.556730210781097412e-01,-3.455578982830047607e-01,-2.085602730512619019e-01,1.111308559775352478e-01,-4.631828889250755310e-02,-9.297751635313034058e-02,-4.280644282698631287e-02,-1.477599292993545532e-01,-1.311783194541931152e-01,-1.041325405240058899e-01,-1.836887151002883911e-01,-1.649407744407653809e-01,-4.248003959655761719e-01,1.172062307596206665e-01,3.615637719631195068e-01,2.075237929821014404e-01,2.819370925426483154e-01,3.758546113967895508e-01,3.512830138206481934e-01,1.861762702465057373e-01,2.663851976394653320e-01,6.425313185900449753e-04,-4.927469789981842041e-02,-1.463680565357208252e-01,-1.923738420009613037e-01,2.841319888830184937e-02,1.208342760801315308e-01,4.595762863755226135e-02,4.709305986762046814e-02,5.302007496356964111e-02,1.041048318147659302e-01,-1.270429044961929321e-01,1.018330156803131104e-01,-2.007290907204151154e-02,2.961842902004718781e-02,2.970669567584991455e-01,-3.171578422188758850e-02,-1.665183529257774353e-02,-2.042315453290939331e-01,-3.059760630130767822e-01,-3.735221624374389648e-01,8.768602460622787476e-02,-2.491399198770523071e-01,-2.512091100215911865e-01,-2.057166546583175659e-01,5.921073257923126221e-02,-3.255171179771423340e-01,3.322070538997650146e-01,-4.790581762790679932e-03,2.088663876056671143e-01,6.682441383600234985e-02,-2.233616113662719727e-01,-2.756331562995910645e-01,1.305010318756103516e-01,-1.919155269861221313e-01,8.007846772670745850e-02,1.999579668045043945e-01,1.965832263231277466e-01,1.444168835878372192e-01,3.831644356250762939e-01,2.658638060092926025e-01,4.618391022086143494e-02,1.461859047412872314e-01,9.563755244016647339e-02,2.183841168880462646e-01,-2.084022760391235352e-01,-2.461781948804855347e-01,1.961903423070907593e-01,-2.007705867290496826e-01,1.942068785429000854e-01,1.806077361106872559e-01,-1.977415010333061218e-02,-2.652997970581054688e-01
1.621740162372589111e-01,2.240332067012786865e-01,-3.035757243633270264e-01,-2.040581107139587402e-01,3.978463411331176758e-01,5.440343618392944336e-01,-5.377940088510513306e-02,1.724018715322017670e-02,6.533548235893249512e-01,0.000000000000000000e+00,1.199407037347555161e-02,2.318721711635589600e-01,2.647553086280822754e-01,2.834255695343017578e-01,4.893519580364227295e-01,3.456707596778869629e-01,-2.273480147123336792e-01,-9.535939991474151611e-02,-1.109504252672195435e-01,4.555981233716011047e-02,-1.111676469445228577e-01,6.364846974611282349e-02,-3.203673064708709717e-01,-2.650083303451538086e-01,3.598065301775932312e-02,1.724206358194351196e-01,2.731987833976745605e-01,3.312801718711853027e-01,1.572270840406417847e-01,2.014167048037052155e-02,8.056712150573730469e-02,7.883545756340026855e-02,2.675216086208820343e-02,5.706702917814254761e-02,-1.344090211205184460e-03,1.123342812061309814e-01,-2.432557940483093262e-01,-2.707808613777160645e-01,-2.228969335556030273e-01,-2.349286079406738281e-01,-1.959102898836135864e-01,-2.203598767518997192e-01,-3.008300960063934326e-01,-2.191879004240036011e-01,-2.920738458633422852e-01,-2.796122431755065918e-01,1.502396259456872940e-02,-6.838561594486236572e-02,-1.837861984968185425e-01,-9.967113286256790161e-02,-1.572978496551513672e-01,-1.728311181068420410e-01,-1.499225795269012451e-01,-2.215337306261062622e-01,-9.839753061532974243e-02,-3.184492588043212891e-01,6.534942984580993652e-02,2.823621630668640137e-01,2.827786803245544434e-01,3.318030238151550293e-01,2.038449198007583618e-01,3.397849202156066895e-01,7.772253453731536865e-02,2.606289386749267578e-01,-8.660168200731277466e-02,-8.400311321020126343e-02,-8.705326914787292480e-02,-4.273927956819534302e-02,1.812556684017181396e-01,1.832142174243927002e-01,2.495940402150154114e-02,1.161253526806831360e-01,7.849103212356567383e-02,7.828419096767902374e-03,-6.555265188217163086e-02,3.630751371383666992e-02,9.991037845611572266e-02,1.371034383773803711e-01,1.722827702760696411e-01,1.542415283620357513e-02,6.315243244171142578e-02,-1.784644275903701782e-01,-7.358919084072113037e-02,-1.927292197942733765e-01,1.191545128822326660e-01,-1.659957915544509888e-01,-1.959433108568191528e-01,-3.214807435870170593e-02,4.930998384952545166e-02,-1.576064378023147583e-01,2.989677190780639648e-01,2.182220667600631714e-02,2.060103118419647217e-01,9.316613525152206421e-02,-8.798453956842422485e-02,-1.747461259365081787e-01,5.650893226265907288e-02,-1.335740089416503906e-01,1.850683689117431641e-01,2.484866827726364136e-01,1.397955715656280518e-01,2.218121737241744995e-01,3.585244417190551758e-01,3.049456179141998291e-01,2.715025655925273895e-02,7.473174482583999634e-02,3.176629170775413513e-02,2.035678327083587646e-01,-1.630668938159942627e-01,-6.991281360387802124e-02,6.532876193523406982e-02,-1.866824775934219360e-01,2.262641489505767822e-01,1.225497275590896606e-01,-1.120816245675086975e-01,-1.282410621643066406e-01
8.486565202474594116e-02,9.039975702762603760e-02,2.166052013635635376e-01,-6.856597959995269775e-02,-2.907129824161529541e-01,-2.939586900174617767e-02,4.555893838405609131e-01,3.740245103836059570e-01,1.303392350673675537e-01,1.199407037347555161e-02,0.000000000000000000e+00,5.092762708663940430e-01,4.873628914356231689e-01,2.825916707515716553e-01,-1.160859987139701843e-01,-3.151864409446716309e-01,-3.891263529658317566e-02,-5.767399072647094727e-02,9.781617671251296997e-03,1.622289568185806274e-01,-4.879692494869232178e-01,-3.547516763210296631e-01,7.027475535869598389e-02,-2.151772081851959229e-01,-3.705159127712249756e-01,-4.644213020801544189e-01,-3.858807384967803955e-01,-2.871145606040954590e-01,3.045994341373443604e-01,4.004917666316032410e-02,-3.021242916584014893e-01,-2.834250628948211670e-01,6.040851771831512451e-02,-4.769531637430191040e-02,-1.977418661117553711e-01,-2.636732459068298340e-01,-2.678753137588500977e-01,-3.351688981056213379e-01,-1.879922449588775635e-01,-2.686852812767028809e-01,-1.813038587570190430e-01,-2.537353634834289551e-01,1.623768508434295654e-01,1.594578772783279419e-01,-5.383035168051719666e-02,2.896411418914794922e-01,2.833759188652038574e-01,2.632015049457550049e-01,3.484669625759124756e-01,3.552532196044921875e-01,3.304954469203948975e-01,3.259120583534240723e-01,3.176715970039367676e-01,3.527420163154602051e-01,-1.584938317537307739e-01,-3.184773921966552734e-01,-8.181337267160415649e-02,-2.675431594252586365e-02,9.956224262714385986e-02,3.514095768332481384e-02,5.237978100776672363e-01,4.094472900032997131e-02,4.812355935573577881e-01,2.483801841735839844e-01,-2.239162921905517578e-01,-1.633333712816238403e-01,-4.527807533740997314e-01,-4.676050841808319092e-01,-4.319935142993927002e-01,-4.600593745708465576e-01,-6.763241440057754517e-02,-1.869083493947982788e-01,-2.448334591463208199e-03,4.452113993465900421e-03,-2.862400561571121216e-02,1.634690463542938232e-01,-1.592686921358108521e-01,-1.933501809835433960e-01,8.376327157020568848e-02,-5.316335707902908325e-02,-1.207154095172882080e-01,-2.616957128047943115e-01,-1.899137943983078003e-01,-4.541569352149963379e-01,-1.494687199592590332e-01,-9.889269620180130005e-02,-2.172253876924514771e-01,-5.039325952529907227e-01,-2.383888512849807739e-02,-1.045895442366600037e-01,2.578497827053070068e-01,9.249989688396453857e-02,2.569929063320159912e-01,2.158480137586593628e-02,-4.575313031673431396e-01,-3.013095557689666748e-01,-1.104901134967803955e-01,-3.841193914413452148e-01,-1.137205436825752258e-01,-9.938884526491165161e-02,-1.370239704847335815e-01,-2.107243388891220093e-01,-1.116990447044372559e-01,-1.620124578475952148e-01,1.255211681127548218e-01,1.053937897086143494e-01,-2.086620628833770752e-01,-1.645787432789802551e-02,-1.466613262891769409e-01,-3.115671575069427490e-01,3.092788755893707275e-01,2.818579599261283875e-02,-7.727916352450847626e-03,2.145233601331710815e-01,2.354382127523422241e-01,-2.731746733188629150e-01
1.423700302839279175e-01,2.439925968647003174e-01,-3.328842297196388245e-02,-3.879414871335029602e-02,-2.524373307824134827e-02,1.439606398344039917e-01,1.055216267704963684e-01,3.732397854328155518e-01,3.418884277343750000e-01,2.318721711635589600e-01,5.092762708663940430e-01,0.000000000000000000e+00,2.822307348251342773e-01,5.470717549324035645e-01,6.291726231575012207e-02,-1.387424916028976440e-01,3.462735190987586975e-02,1.314294487237930298e-01,1.282852422446012497e-02,2.978151142597198486e-01,-5.877500772476196289e-01,-3.862425088882446289e-01,-1.846636533737182617e-01,-2.099609225988388062e-01,-1.835577785968780518e-01,-2.186580300331115723e-01,-1.365262866020202637e-01,-6.481726467609405518e-02,5.896060466766357422e-01,3.567588925361633301e-01,-4.988075420260429382e-02,-1.902175135910511017e-02,2.083802670240402222e-01,2.107659578323364258e-01,-1.056409031152725220e-01,-7.173269987106323242e-02,-5.089810490608215332e-01,-5.907130241394042969e-01,-4.435161650180816650e-01,-5.375025868415832520e-01,-4.766815900802612305e-01,-5.018369555473327637e-01,-2.079030126333236694e-01,-1.537851393222808838e-01,-4.233329296112060547e-01,9.373246133327484131e-02,2.579604983329772949e-01,2.296111136674880981e-01,2.786035835742950439e-01,3.349258005619049072e-01,1.418025791645050049e-01,1.984392255544662476e-01,1.763956993818283081e-01,9.457254409790039062e-02,-2.870000004768371582e-01,-3.652290999889373779e-01,5.838633701205253601e-02,2.256118357181549072e-01,3.183045387268066406e-01,3.515635430812835693e-01,5.282744169235229492e-01,3.117071688175201416e-01,5.280478000640869141e-01,5.476126074790954590e-01,-2.989766001701354980e-01,-1.459792852401733398e-01,-4.037732779979705811e-01,-3.357081115245819092e-01,-3.155402839183807373e-01,-2.847514450550079346e-01,-1.917863381095230579e-03,-3.095030970871448517e-02,5.008237808942794800e-02,1.659879386425018311e-01,-7.569620758295059204e-02,1.914138644933700562e-01,-2.014314532279968262e-01,-1.251260936260223389e-01,3.618355095386505127e-01,2.397486194968223572e-02,6.074149161577224731e-03,-2.817238271236419678e-01,-4.111869037151336670e-01,-6.419605612754821777e-01,-2.872036993503570557e-01,-1.429196298122406006e-01,-4.457771480083465576e-01,-5.157152414321899414e-01,-2.147721201181411743e-01,-2.543611824512481689e-01,3.829004764556884766e-01,-2.513569220900535583e-02,2.904557585716247559e-01,6.670735031366348267e-02,-4.758759140968322754e-01,-4.379415810108184814e-01,1.101041212677955627e-01,-3.008277416229248047e-01,1.014700811356306076e-02,-9.694230556488037109e-02,3.484781458973884583e-02,-3.779326379299163818e-02,2.460768967866897583e-01,7.551568001508712769e-02,3.991302102804183960e-02,2.544507384300231934e-01,-6.314191967248916626e-02,2.086848020553588867e-01,-2.750038504600524902e-01,-3.796853721141815186e-01,3.669232130050659180e-01,-6.250702589750289917e-02,1.649540662765502930e-01,3.849690854549407959e-01,6.967292726039886475e-02,-3.394749760627746582e-01
9.112808108329772949e-02,-1.124105304479598999e-01,1.765725612640380859e-01,-9.979835152626037598e-02,3.393972758203744888e-03,-3.243646351620554924e-03,4.800956845283508301e-01,1.608949005603790283e-01,2.968342006206512451e-01,2.647553086280822754e-01,4.873628914356231689e-01,2.822307348251342773e-01,0.000000000000000000e+00,4.029115736484527588e-01,1.041993945837020874e-01,7.845836877822875977e-02,-1.292806863784790039e-01,-3.103378415107727051e-01,6.953644752502441406e-02,-5.210293084383010864e-02,-2.412169873714447021e-01,-1.660516560077667236e-01,2.101683467626571655e-01,-1.012333706021308899e-01,-1.189152970910072327e-01,-3.103473186492919922e-01,-2.503705322742462158e-01,-1.761805713176727295e-01,2.147185802459716797e-01,-1.572350971400737762e-02,-4.165910184383392334e-02,-1.348588466644287109e-01,2.012474387884140015e-01,-2.272031269967556000e-02,1.386298611760139465e-02,-8.757325261831283569e-02,-1.288107037544250488e-01,-2.211269885301589966e-01,-1.234126463532447815e-01,-1.589576601982116699e-01,-7.198796421289443970e-02,-1.876310855150222778e-01,1.480205655097961426e-01,7.256986945867538452e-02,-7.170126587152481079e-02,1.108810529112815857e-01,2.157794237136840820e-01,2.963689565658569336e-01,1.505094468593597412e-01,1.746136695146560669e-01,3.873996064066886902e-02,9.244439750909805298e-02,-1.003173366189002991e-01,1.993325054645538330e-01,-2.344515174627304077e-01,-2.935677766799926758e-01,-8.320713788270950317e-02,-2.004551514983177185e-02,-2.414444275200366974e-02,-1.167484223842620850e-01,3.995575308799743652e-01,2.139696618542075157e-03,2.527118623256683350e-01,7.906169444322586060e-02,4.133701696991920471e-02,-6.518384814262390137e-02,-2.618242502212524414e-01,-2.832871079444885254e-01,-1.873217821121215820e-01,-2.405340224504470825e-01,1.092685610055923462e-01,5.280384421348571777e-02,8.653703331947326660e-02,5.212268792092800140e-03,-6.348271667957305908e-02,1.430305540561676025e-01,-5.977530404925346375e-02,-4.359411820769309998e-02,-8.547231554985046387e-02,3.686827421188354492e-02,-3.720335364341735840e-01,-2.121690809726715088e-01,-2.180844694375991821e-01,-2.749485671520233154e-01,-3.460172563791275024e-02,-1.565547101199626923e-02,-2.280504703521728516e-01,-3.584794700145721436e-01,2.423893660306930542e-02,9.758863598108291626e-03,2.960522174835205078e-01,1.269636452198028564e-01,2.536088228225708008e-01,2.155064940452575684e-01,-2.801788151264190674e-01,-2.464815527200698853e-01,-1.494618505239486694e-02,-3.389627635478973389e-01,-2.182737886905670166e-01,-3.674961626529693604e-02,-3.001885414123535156e-01,-2.962509989738464355e-01,-1.412936449050903320e-01,-2.478422224521636963e-01,2.464533224701881409e-02,1.633487939834594727e-01,-3.000341951847076416e-01,-9.341030567884445190e-02,-2.586003243923187256e-01,-3.649700582027435303e-01,1.743900030851364136e-01,-1.958680897951126099e-01,-6.383854150772094727e-02,1.983953267335891724e-01,2.270286977291107178e-01,-2.491079419851303101e-01
