0.000000000000000000e+00,5.019112825393676758e-01,9.261425584554672241e-02,-1.360969059169292450e-02,-9.446563571691513062e-02,6.034012511372566223e-02,1.038639098405838013e-01,-1.731406301259994507e-01,-1.626217216253280640e-01,-8.931384235620498657e-02,1.580184549093246460e-01,-2.775838971138000488e-01,1.186436489224433899e-01,-1.064930260181427002e-01,-7.647751271724700928e-02,-2.139949202537536621e-01,2.721551358699798584e-01,7.062977179884910583e-03,4.562028348445892334e-01,4.242910444736480713e-01,1.124069243669509888e-01,5.295195057988166809e-02,6.358731538057327271e-02,-1.242372021079063416e-01,-1.863305568695068359e-01,7.710564881563186646e-02,2.986516058444976807e-01,2.596651911735534668e-01,2.004708200693130493e-01,4.219456762075424194e-02,2.636123001575469971e-01,7.407304644584655762e-02,2.561143338680267334e-01,1.291178911924362183e-01,-4.186192154884338379e-02,-1.786244511604309082e-01,7.683953735977411270e-03,-1.031789258122444153e-01,-1.055353134870529175e-01,7.913644611835479736e-02,1.073299199342727661e-01,1.865701973438262939e-01,3.326581418514251709e-02,7.213722914457321167e-02,3.037891983985900879e-01,4.482917487621307373e-01,-1.110608968883752823e-02,-9.326846920885145664e-04,3.284336328506469727e-01,2.921411693096160889e-01,1.240739524364471436e-01,1.233492568135261536e-01,-6.568800657987594604e-02,-4.310317337512969971e-02,-2.043546363711357117e-02,-2.550929971039295197e-02,6.845985651016235352e-01,4.237640202045440674e-01,3.455852568149566650e-01,-5.515339970588684082e-02,1.511888355016708374e-01,-3.207552134990692139e-01,1.229334995150566101e-01,-2.588666379451751709e-01,-2.279624193906784058e-01,-3.656167387962341309e-01,1.047035381197929382e-01,-3.803832083940505981e-02,5.604996681213378906e-01,4.354413151741027832e-01,-1.246856674551963806e-01,-1.707303673028945923e-01,1.252176165580749512e-01,1.050472483038902283e-01,-1.282043308019638062e-01,1.125030145049095154e-01,-4.161331355571746826e-01,-3.155842423439025879e-01,1.939252316951751709e-01,-6.710871309041976929e-02,2.798607349395751953e-01,1.561348587274551392e-01,-7.983959466218948364e-02,-1.212238892912864685e-01,9.186331927776336670e-02,-1.006628572940826416e-01,-1.226418539881706238e-01,-6.997667253017425537e-02,-3.256974741816520691e-02,6.183124706149101257e-02,-4.403851032257080078e-01,-3.933507502079010010e-01,-4.155667424201965332e-01,-3.398565053939819336e-01,3.929060697555541992e-02,1.024807542562484741e-01,-8.634479343891143799e-02,2.057363688945770264e-01,-4.245994985103607178e-01,-4.378901124000549316e-01,-1.405322104692459106e-01,1.744836755096912384e-02,-1.154216304421424866e-01,-1.583153605461120605e-01,-2.328553795814514160e-01,-1.216658800840377808e-01,-6.635302305221557617e-02,1.689363853074610233e-03,-1.419430319219827652e-02,1.148835420608520508e-01,-1.188631281256675720e-01,-9.092199057340621948e-02,-2.161454856395721436e-01,-5.475826188921928406e-02,-1.067703589797019958e-01,-1.057245284318923950e-01
5.019112825393676758e-01,0.000000000000000000e+00,1.792963966727256775e-02,-3.210891038179397583e-02,1.389151718467473984e-02,-1.309867352247238159e-01,-2.141406536102294922e-01,1.581953372806310654e-03,-1.416976600885391235e-01,-1.278993040323257446e-01,-3.662367165088653564e-02,-8.779209852218627930e-02,-2.167882621288299561e-01,8.118641562759876251e-03,-5.267022177577018738e-02,-3.263288438320159912e-01,9.205552190542221069e-02,1.181400269269943237e-01,1.492437273263931274e-01,5.343323945999145508e-01,-3.934291750192642212e-02,-8.757609874010086060e-02,-2.346672117710113525e-01,-2.460792809724807739e-01,-2.376044392585754395e-01,-1.795807480812072754e-01,6.202118471264839172e-02,-4.181094095110893250e-02,-7.045109570026397705e-02,2.963993884623050690e-02,-3.889118880033493042e-02,-1.840472593903541565e-02,-7.262842264026403427e-03,1.388390455394983292e-02,-1.515364646911621094e-01,-6.120744720101356506e-02,3.744080662727355957e-02,-3.303796425461769104e-02,-6.225896254181861877e-02,8.118764497339725494e-03,-1.523238513618707657e-02,5.068216845393180847e-02,-2.402239590883255005e-01,-1.323273777961730957e-01,4.257099702954292297e-02,2.339101284742355347e-01,-6.327389925718307495e-02,-1.553725749254226685e-01,7.235834747552871704e-02,2.867413163185119629e-01,1.626402437686920166e-01,5.664913728833198547e-02,5.162805691361427307e-02,-3.412227332592010498e-01,3.478188216686248779e-01,-1.596568375825881958e-01,5.496120452880859375e-01,6.518463492393493652e-01,4.134972691535949707e-01,3.568480312824249268e-01,2.035022377967834473e-01,2.938649989664554596e-02,-6.078736484050750732e-02,-1.119914427399635315e-01,-3.220323622226715088e-01,-3.028944730758666992e-01,1.094220653176307678e-01,1.893840916454792023e-02,6.193368434906005859e-01,4.737123250961303711e-01,-1.003055088222026825e-02,-1.850114762783050537e-01,-7.412619888782501221e-02,5.642902478575706482e-02,-6.455747038125991821e-02,-1.210726425051689148e-01,-2.535522580146789551e-01,-2.747022509574890137e-01,1.354223489761352539e-01,-1.784213185310363770e-01,2.321404814720153809e-01,-2.328990772366523743e-02,-3.697540238499641418e-02,-2.685819268226623535e-01,1.736319810152053833e-01,-3.946625590324401855e-01,1.666346639394760132e-01,-5.188249051570892334e-02,4.468743205070495605e-01,-3.681353628635406494e-01,4.243740346282720566e-03,-3.640396296977996826e-01,3.860448673367500305e-02,-3.328266441822052002e-01,1.075721010565757751e-01,9.085774421691894531e-02,4.219063743948936462e-02,6.354273110628128052e-02,-1.002035662531852722e-02,-1.416660100221633911e-01,3.427924811840057373e-01,-1.775831431150436401e-01,2.604059278964996338e-01,-4.606129601597785950e-02,7.838960736989974976e-02,-1.107328683137893677e-01,7.773245126008987427e-02,-9.462509304285049438e-02,5.660964921116828918e-02,1.072362661361694336e-01,-7.105714175850152969e-03,7.738685607910156250e-02,-2.251967601478099823e-02,7.483443617820739746e-02,-8.054902404546737671e-02,-5.760774761438369751e-02
9.261425584554672241e-02,1.792963966727256775e-02,0.000000000000000000e+00,7.262877821922302246e-01,4.883215725421905518e-01,-2.066884044324979186e-04,4.978810846805572510e-01,3.272610902786254883e-01,1.534111201763153076e-01,-3.487334772944450378e-02,-1.053993999958038330e-01,-2.732892520725727081e-02,1.526538878679275513e-01,3.059934675693511963e-01,4.546604305505752563e-02,-2.159271687269210815e-01,-3.160487711429595947e-01,-2.720700800418853760e-01,-1.297731250524520874e-01,3.188537433743476868e-02,-1.720455139875411987e-01,-9.288452565670013428e-02,5.932873487472534180e-01,6.329466104507446289e-01,4.607568681240081787e-01,2.799334526062011719e-01,1.691005527973175049e-01,-4.325773194432258606e-02,-2.945217192173004150e-01,-2.792156934738159180e-01,3.458880186080932617e-01,4.756489098072052002e-01,-2.422930859029293060e-02,4.764658957719802856e-02,5.236218217760324478e-03,7.791890203952789307e-02,-8.498624712228775024e-02,-2.567486763000488281e-01,3.839330002665519714e-02,3.264071047306060791e-02,-1.628239303827285767e-01,-6.346207857131958008e-02,-3.408767282962799072e-01,-3.545086681842803955e-01,-1.821666955947875977e-01,-2.503956854343414307e-01,-3.958403766155242920e-01,-4.248600006103515625e-01,-1.999197602272033691e-01,-1.393165886402130127e-01,-3.154475390911102295e-01,-3.108679652214050293e-01,-2.617093026638031006e-01,-2.756327390670776367e-01,4.985717311501502991e-02,-1.770822554826736450e-01,-1.101341173052787781e-01,-2.591427266597747803e-01,-6.049280613660812378e-02,2.432639710605144501e-02,-3.162033557891845703e-01,1.582747063366696239e-04,-4.642551243305206299e-01,-3.403295874595642090e-01,1.461232155561447144e-01,1.054195500910282135e-02,5.375166982412338257e-02,-2.633163630962371826e-01,2.983032539486885071e-02,1.465376913547515869e-01,3.377796709537506104e-01,3.242307007312774658e-01,1.936148107051849365e-02,9.439048916101455688e-02,6.686522811651229858e-02,5.537194013595581055e-02,-1.139135584235191345e-01,-1.384681165218353271e-01,-1.273634880781173706e-01,-7.050071656703948975e-02,-2.961062192916870117e-01,-3.729147017002105713e-01,-7.309180684387683868e-03,-3.760350123047828674e-02,-5.557091161608695984e-02,-1.569259762763977051e-01,1.503069847822189331e-01,2.654465734958648682e-01,5.122267827391624451e-02,-1.794534921646118164e-02,5.699304491281509399e-02,-2.544614113867282867e-02,4.306796938180923462e-02,1.186622604727745056e-01,8.402615040540695190e-02,-3.871116414666175842e-02,-1.510487347841262817e-01,-1.356932222843170166e-01,-1.953969040187075734e-04,-2.555102296173572540e-02,9.993298351764678955e-02,-8.777831681072711945e-03,1.300227195024490356e-01,9.139078110456466675e-02,-1.982990093529224396e-02,-7.197856158018112183e-02,1.461126059293746948e-01,4.427705332636833191e-02,-7.435306161642074585e-02,-8.979168534278869629e-02,1.378367468714714050e-02,1.468126475811004639e-02,4.061083868145942688e-02,1.376806758344173431e-02,-1.784817874431610107e-01,-3.205846250057220459e-02
-1.360969059169292450e-02,-3.210891038179397583e-02,7.262877821922302246e-01,0.000000000000000000e+00,4.828414022922515869e-01,-6.455663591623306274e-02,4.967732727527618408e-01,4.906982779502868652e-01,2.456519156694412231e-01,-1.124730985611677170e-02,-5.227778106927871704e-02,1.852314323186874390e-01,2.040822952985763550e-01,4.586656987667083740e-01,-3.608515858650207520e-02,-2.068796306848526001e-01,-3.046651482582092285e-01,-2.071907222270965576e-01,-2.617577314376831055e-01,-1.459273509681224823e-02,-2.239677757024765015e-01,-1.047198772430419922e-01,5.727195739746093750e-01,6.613296270370483398e-01,4.181360602378845215e-01,2.281225919723510742e-01,6.497640907764434814e-02,-1.148939132690429688e-01,-2.755426466464996338e-01,-2.636407613754272461e-01,3.183494210243225098e-01,5.251841545104980469e-01,-5.383145809173583984e-02,9.015322476625442505e-02,-1.265042871236801147e-01,2.400832064449787140e-02,-1.104575917124748230e-01,-2.626992166042327881e-01,-9.802932851016521454e-03,-1.675726659595966339e-02,-1.574150919914245605e-01,-8.206085860729217529e-02,-2.901136875152587891e-01,-3.017184436321258545e-01,-2.787127792835235596e-01,-2.870566844940185547e-01,-3.227852284908294678e-01,-3.901639580726623535e-01,-1.712025851011276245e-01,-1.706239581108093262e-01,-2.558552920818328857e-01,-2.404755800962448120e-01,-1.956442147493362427e-01,-2.477287650108337402e-01,2.764840610325336456e-02,-1.332229524850845337e-01,-2.319575250148773193e-01,-2.908809185028076172e-01,-9.985193610191345215e-02,4.648776724934577942e-02,-2.984867393970489502e-01,8.449338376522064209e-02,-4.685323834419250488e-01,-2.155973762273788452e-01,7.408062461763620377e-03,3.562399744987487793e-02,-8.973468095064163208e-02,-2.515742778778076172e-01,-9.870314598083496094e-02,6.978595629334449768e-03,3.513812124729156494e-01,3.707852363586425781e-01,-5.847856868058443069e-03,9.444201737642288208e-02,1.320333033800125122e-01,9.495905786752700806e-02,-3.847067710012197495e-04,-3.948180377483367920e-02,-1.685276329517364502e-01,-7.377410680055618286e-02,-3.634434938430786133e-01,-3.847706615924835205e-01,-1.018404960632324219e-02,-3.186731413006782532e-02,-1.821274757385253906e-01,-1.262845247983932495e-01,7.971929758787155151e-02,2.237339168787002563e-01,1.690859720110893250e-02,-6.280952133238315582e-03,1.034443899989128113e-01,-3.441725671291351318e-02,9.617262333631515503e-02,8.702762424945831299e-02,4.938913881778717041e-02,-1.156960874795913696e-01,-1.578476428985595703e-01,-1.888659149408340454e-01,7.791312038898468018e-02,2.823277190327644348e-02,9.404364973306655884e-02,-3.672824427485466003e-02,8.366937935352325439e-02,8.718565851449966431e-02,-1.133159361779689789e-02,-6.952334195375442505e-02,1.031179651618003845e-01,-1.787097379565238953e-02,-2.460981719195842743e-02,-6.790291517972946167e-02,3.395022591575980186e-03,2.934669330716133118e-02,6.813296582549810410e-03,-2.332335896790027618e-02,-1.351593881845474243e-01,-1.635110005736351013e-03
-9.446563571691513062e-02,1.389151718467473984e-02,4.883215725421905518e-01,4.828414022922515869e-01,0.000000000000000000e+00,2.552845776081085205e-01,1.988372802734375000e-01,1.629533767700195312e-01,2.829551100730895996e-01,2.067630589008331299e-01,-1.723389625549316406e-01,1.011141538619995117e-01,3.904414921998977661e-02,2.506141364574432373e-01,3.775909543037414551e-01,3.827290202025324106e-04,-2.355205118656158447e-01,-1.741131544113159180e-01,-3.090896904468536377e-01,-9.078186750411987305e-02,5.311311408877372742e-02,-1.157424524426460266e-01,1.987606436014175415e-01,3.268280029296875000e-01,5.193164348602294922e-01,2.896445095539093018e-01,3.144097626209259033e-01,4.570027813315391541e-02,-1.772751063108444214e-01,-1.499940901994705200e-01,2.497288882732391357e-01,4.347597956657409668e-01,-2.728513777256011963e-01,-9.152705967426300049e-02,-6.961062550544738770e-02,2.221225798130035400e-01,-4.534784331917762756e-02,-2.607801258563995361e-01,1.699365377426147461e-01,1.157099902629852295e-01,-2.977503836154937744e-01,-1.317646205425262451e-01,-3.695673644542694092e-01,-3.595950007438659668e-01,-2.496658265590667725e-01,-3.039301037788391113e-01,-3.589144945144653320e-01,-3.678587973117828369e-01,-4.017508029937744141e-01,-2.342380769550800323e-02,-3.330191969871520996e-01,-3.481608629226684570e-01,-3.449927866458892822e-01,-4.330610334873199463e-01,3.188196718692779541e-01,-7.711148820817470551e-03,-1.840049177408218384e-01,-2.604265809059143066e-01,3.774487227201461792e-02,1.737971901893615723e-01,-4.123273789882659912e-01,5.257444828748703003e-02,-5.617386102676391602e-01,-3.036406636238098145e-01,-4.612140730023384094e-02,-8.260579407215118408e-02,2.207840792834758759e-02,-1.529846191406250000e-01,-8.368429541587829590e-02,1.953932940959930420e-01,4.275425374507904053e-01,3.458011746406555176e-01,-8.417531102895736694e-02,3.679298236966133118e-02,2.483571767807006836e-01,1.052339226007461548e-01,3.735782112926244736e-03,4.080975428223609924e-02,-3.966813907027244568e-02,1.223303452134132385e-01,-3.281022608280181885e-01,-3.713194727897644043e-01,2.062912471592426300e-02,4.942695051431655884e-02,-1.620016247034072876e-01,-2.287521064281463623e-01,4.018910229206085205e-01,5.203504562377929688e-01,1.566358208656311035e-01,-1.007574945688247681e-01,1.900196075439453125e-01,-4.807833954691886902e-02,1.176165267825126648e-01,1.081356406211853027e-01,1.221029013395309448e-01,-7.640470564365386963e-02,-1.003713980317115784e-01,-5.187609791755676270e-02,9.906602092087268829e-03,7.274150103330612183e-02,3.128834962844848633e-01,3.489233925938606262e-02,3.839226961135864258e-01,2.858424484729766846e-01,8.553978800773620605e-02,-1.183300614356994629e-01,1.799708902835845947e-01,4.537842422723770142e-02,-1.818800717592239380e-02,-7.996895909309387207e-02,1.389186084270477295e-01,-8.326793089509010315e-03,1.254788488149642944e-01,5.597678571939468384e-02,-1.981772333383560181e-01,-4.359890148043632507e-02
6.034012511372566223e-02,-1.309867352247238159e-01,-2.066884044324979186e-04,-6.455663591623306274e-02,2.552845776081085205e-01,0.000000000000000000e+00,4.483215510845184326e-02,-1.461640149354934692e-01,1.341525465250015259e-01,5.507767200469970703e-01,4.894679412245750427e-02,-1.716854125261306763e-01,1.143189817667007446e-01,-8.904853463172912598e-02,2.910129129886627197e-01,3.637241721153259277e-01,4.593819752335548401e-02,-8.065702021121978760e-02,7.682580500841140747e-02,-5.740183964371681213e-02,2.797477543354034424e-01,-2.717976085841655731e-02,2.096864767372608185e-02,-3.289878368377685547e-02,2.277701646089553833e-01,4.303568005561828613e-01,4.052464365959167480e-01,4.644194841384887695e-01,1.608156710863113403e-01,-3.874197718687355518e-04,4.048962295055389404e-01,2.650284767150878906e-01,2.739777788519859314e-03,-1.507782656699419022e-02,1.014112532138824463e-01,1.376480907201766968e-01,-9.841692447662353516e-02,-1.149880439043045044e-01,8.387865871191024780e-02,2.300807274878025055e-02,-1.975698620080947876e-01,-5.154239758849143982e-02,1.398510672152042389e-02,-3.930071368813514709e-02,1.105613783001899719e-01,6.947221606969833374e-02,-1.185414195060729980e-01,-5.130546912550926208e-02,-6.354703567922115326e-03,5.180387571454048157e-02,-2.577300071716308594e-01,-2.020338624715805054e-01,-3.139243125915527344e-01,-9.868477284908294678e-02,3.315583616495132446e-02,1.903333514928817749e-01,8.854740113019943237e-02,-1.640050113201141357e-01,7.039348036050796509e-02,-7.871741801500320435e-02,-3.100176751613616943e-01,-1.930039674043655396e-01,-7.380858063697814941e-02,-2.204450070858001709e-01,-3.442278364673256874e-03,-1.345363855361938477e-01,8.676950633525848389e-02,-9.519525803625583649e-03,-5.696539953351020813e-02,1.713140308856964111e-01,1.404612809419631958e-01,1.137910783290863037e-01,1.487968116998672485e-01,8.062689006328582764e-02,1.383224595338106155e-02,2.152167856693267822e-01,-1.961707323789596558e-01,-7.499743998050689697e-02,2.151204971596598625e-03,1.532979905605316162e-01,-7.793255150318145752e-02,8.012799918651580811e-02,-9.634415060281753540e-02,1.186317577958106995e-01,-6.877846270799636841e-02,2.250624820590019226e-02,1.949327141046524048e-01,2.951863110065460205e-01,-1.706701219081878662e-01,1.573664993047714233e-01,-1.859887093305587769e-01,-1.486161947250366211e-01,-2.758435010910034180e-01,-6.302771717309951782e-02,1.046451255679130554e-01,-4.986405372619628906e-02,-1.688376963138580322e-01,9.484366327524185181e-02,-2.567355036735534668e-01,-2.222236841917037964e-01,-2.751490846276283264e-02,2.118758261203765869e-01,1.911558806896209717e-01,2.348729670047760010e-01,-1.953931748867034912e-01,-1.972945481538772583e-01,1.361499130725860596e-01,1.617251634597778320e-01,3.871020674705505371e-02,-9.293013066053390503e-02,1.907116919755935669e-02,-1.380476057529449463e-01,-5.423966422677040100e-02,-3.841241821646690369e-02,-2.634409368038177490e-01,-1.562654972076416016e-01
1.038639098405838013e-01,-2.141406536102294922e-01,4.978810846805572510e-01,4.967732727527618408e-01,1.988372802734375000e-01,4.483215510845184326e-02,0.000000000000000000e+00,4.143160581588745117e-01,2.940780520439147949e-01,3.576343134045600891e-02,3.019987344741821289e-01,1.044374108314514160e-01,5.389521121978759766e-01,3.067246079444885254e-01,4.976575076580047607e-02,7.522816210985183716e-02,-2.658284604549407959e-01,-3.541328310966491699e-01,6.632827967405319214e-02,-1.201027352362871170e-02,-7.429222762584686279e-02,-6.697620451450347900e-02,5.873514413833618164e-01,4.536729454994201660e-01,2.203251421451568604e-01,1.222179830074310303e-01,-2.987358719110488892e-02,-4.945905134081840515e-02,-9.229820966720581055e-02,-2.679478526115417480e-01,4.362713396549224854e-01,4.075211286544799805e-01,1.332387626171112061e-01,1.653815060853958130e-01,-1.131010949611663818e-01,-7.485775649547576904e-02,-1.079772561788558960e-01,-2.146613448858261108e-01,-6.033841893076896667e-02,5.730113945901393890e-03,-1.110114604234695435e-01,-1.121608391404151917e-01,-1.008474081754684448e-01,-1.333156824111938477e-01,-1.844371408224105835e-01,-1.934669017791748047e-01,-2.415345162153244019e-01,-2.848363518714904785e-01,-1.165797802968882024e-04,-2.422055155038833618e-01,-3.019682765007019043e-01,-1.516921818256378174e-01,-2.173950672149658203e-01,4.768182337284088135e-02,-2.337380796670913696e-01,-7.934550940990447998e-02,-1.353681832551956177e-01,-3.396550714969635010e-01,-1.355122923851013184e-01,-1.530326306819915771e-01,-9.288869053125381470e-02,-4.246480017900466919e-02,-1.983997039496898651e-02,-1.255820840597152710e-01,1.379992067813873291e-01,4.452189430594444275e-03,-1.176523491740226746e-01,-3.083373308181762695e-01,-2.122504860162734985e-01,-1.751383841037750244e-01,2.680827379226684570e-01,2.092001289129257202e-01,1.730861812829971313e-01,-3.713707998394966125e-02,7.182614505290985107e-02,1.190555840730667114e-01,-2.386275865137577057e-02,5.973531678318977356e-02,-2.397513687610626221e-01,-1.058271303772926331e-01,-2.989236414432525635e-01,-1.938228756189346313e-01,-4.507397860288619995e-02,5.984223261475563049e-02,-1.516970843076705933e-01,8.089637756347656250e-02,-1.661739945411682129e-01,4.009848833084106445e-02,-2.478067427873611450e-01,2.165408134460449219e-01,-3.240412473678588867e-02,9.146218746900558472e-02,-1.232390850782394409e-01,1.433088779449462891e-01,4.575753211975097656e-02,-1.000480726361274719e-01,-1.193867027759552002e-01,-3.698339685797691345e-02,-6.610463559627532959e-02,-4.057376831769943237e-02,-1.849107444286346436e-01,1.280262768268585205e-01,-1.357441395521163940e-01,1.136301923543214798e-02,-1.674039810895919800e-01,-8.249870687723159790e-02,3.338928520679473877e-02,3.355341032147407532e-02,-1.085576694458723068e-02,-9.195096045732498169e-02,-5.806152895092964172e-02,-3.737779706716537476e-02,-9.693665802478790283e-02,-1.124569848179817200e-01,-7.003784179687500000e-02,3.964672610163688660e-02
-1.731406301259994507e-01,1.581953372806310654e-03,3.272610902786254883e-01,4.906982779502868652e-01,1.629533767700195312e-01,-1.461640149354934692e-01,4.143160581588745117e-01,0.000000000000000000e+00,4.687492847442626953e-01,1.007800400257110596e-01,2.968042790889739990e-01,5.101690292358398438e-01,3.374840617179870605e-01,6.414676308631896973e-01,2.120525203645229340e-02,-5.268377717584371567e-03,-2.877029478549957275e-01,-1.202615350484848022e-02,-2.801007926464080811e-01,1.143786758184432983e-01,-1.940195113420486450e-01,-1.627914756536483765e-01,3.493531644344329834e-01,4.087218940258026123e-01,9.789524972438812256e-02,-7.778456807136535645e-02,-2.763472199440002441e-01,-2.913987338542938232e-01,-1.184780374169349670e-01,-6.109060719609260559e-02,1.847776323556900024e-01,3.357965350151062012e-01,-9.468161314725875854e-02,1.068560704588890076e-01,-2.686565816402435303e-01,-7.858556509017944336e-02,-1.328094005584716797e-01,-1.587093323469161987e-01,-2.365211397409439087e-01,-1.653555035591125488e-01,-1.370919793844223022e-01,-1.949428170919418335e-01,-1.721390187740325928e-01,-1.973830014467239380e-01,-3.709259927272796631e-01,-2.762826085090637207e-01,-1.172234565019607544e-01,-3.048545122146606445e-01,-8.410006761550903320e-02,-2.195481806993484497e-01,-6.153947114944458008e-02,-4.322734102606773376e-02,1.134215891361236572e-01,-1.733207851648330688e-01,-7.039486616849899292e-02,-3.582241237163543701e-01,-3.142525553703308105e-01,-1.327321380376815796e-01,-2.315404862165451050e-01,1.132151484489440918e-01,1.283084154129028320e-01,3.808842003345489502e-01,-5.016565322875976562e-02,2.645051777362823486e-01,-2.162089385092258453e-02,1.653723120689392090e-01,-2.906857728958129883e-01,-3.133136630058288574e-01,-2.432442456483840942e-01,-3.626002669334411621e-01,2.718457877635955811e-01,1.809683293104171753e-01,5.532449856400489807e-02,1.179489716887474060e-01,9.531410038471221924e-02,2.950689755380153656e-02,1.299387961626052856e-01,9.208245575428009033e-02,-1.152751520276069641e-01,-1.594823300838470459e-01,-1.968455463647842407e-01,-2.333896309137344360e-01,-9.106514602899551392e-02,-2.442329227924346924e-01,-2.852074429392814636e-02,-1.799349784851074219e-01,-1.269322037696838379e-01,-1.699060946702957153e-01,1.664462983608245850e-01,-2.329898029565811157e-01,2.815465033054351807e-01,-8.893011510372161865e-02,2.663324475288391113e-01,-7.302115112543106079e-02,-9.938213229179382324e-02,-5.086698010563850403e-02,-5.214413627982139587e-02,-2.734058797359466553e-01,3.632246851921081543e-01,1.072133034467697144e-01,1.454129517078399658e-01,-1.253382265567779541e-01,-2.328919479623436928e-03,-1.134709790349006653e-01,8.005425333976745605e-02,-1.146626323461532593e-01,-2.361833583563566208e-03,-1.693182736635208130e-01,-5.031384527683258057e-02,-1.132583469152450562e-01,-2.247180230915546417e-02,6.291788071393966675e-02,-4.718805104494094849e-02,-2.844536863267421722e-02,-3.501117974519729614e-02,3.829156979918479919e-02
-1.626217216253280640e-01,-1.416976600885391235e-01,1.534111201763153076e-01,2.456519156694412231e-01,2.829551100730895996e-01,1.341525465250015259e-01,2.940780520439147949e-01,4.687492847442626953e-01,0.000000000000000000e+00,4.784296154975891113e-01,3.721101284027099609e-01,3.752172291278839111e-01,4.235218465328216553e-01,5.380507111549377441e-01,2.868793904781341553e-01,2.247433662414550781e-01,-2.438798397779464722e-01,-4.907684400677680969e-02,-3.433126807212829590e-01,-1.691800504922866821e-01,8.752048760652542114e-02,-1.220052503049373627e-02,2.563612163066864014e-01,2.352873235940933228e-01,1.822507679462432861e-01,7.549261301755905151e-02,-1.091740876436233521e-01,-4.534316062927246094e-02,-3.580982610583305359e-02,-8.357396721839904785e-02,2.444019615650177002e-01,3.140272498130798340e-01,-1.433667391538619995e-01,-2.149037271738052368e-02,-2.573792040348052979e-01,-8.950360864400863647e-02,-1.460714451968669891e-02,-1.410372704267501831e-01,-1.105571985244750977e-01,-2.654981100931763649e-03,-2.040517888963222504e-02,-1.444106251001358032e-01,-1.239787489175796509e-01,-1.566277295351028442e-01,-3.462853133678436279e-01,-2.720186412334442139e-01,-1.080069392919540405e-01,-2.797688543796539307e-01,-7.586222887039184570e-02,-5.651206895709037781e-02,2.020651660859584808e-02,5.739133059978485107e-02,6.410851329565048218e-02,-7.521341741085052490e-02,-7.425528764724731445e-02,-1.327735036611557007e-01,-2.802498340606689453e-01,-1.984671503305435181e-01,-2.000552564859390259e-01,3.351791948080062866e-02,6.737210601568222046e-02,2.039308249950408936e-01,-8.026204258203506470e-02,3.675863519310951233e-02,-4.904766380786895752e-02,4.630919918417930603e-02,-3.937008082866668701e-01,-3.833745718002319336e-01,-3.077834546566009521e-01,-2.761664390563964844e-01,3.441884219646453857e-01,3.165588974952697754e-01,1.467799842357635498e-01,1.988320052623748779e-01,1.216364204883575439e-01,1.144896596670150757e-01,4.721079394221305847e-02,8.687321096658706665e-02,-9.938116371631622314e-02,-2.363700047135353088e-02,-2.347952872514724731e-01,-2.446044683456420898e-01,-1.637125946581363678e-02,-5.775723606348037720e-03,-8.292637765407562256e-02,-1.864896416664123535e-01,-9.788527339696884155e-02,-1.174389664083719254e-02,2.852450869977474213e-02,-6.674677133560180664e-02,1.437010467052459717e-01,-1.318310946226119995e-01,5.250962078571319580e-02,-6.303328275680541992e-02,-1.019713208079338074e-01,-9.448109567165374756e-02,-1.026351526379585266e-01,-1.222194805741310120e-01,1.944062262773513794e-01,5.902294814586639404e-02,-1.571360230445861816e-02,-3.706082329154014587e-02,-5.378362163901329041e-02,-6.373967230319976807e-02,4.471915960311889648e-02,-1.115138530731201172e-01,-6.042221561074256897e-02,-3.457979485392570496e-02,-3.794112056493759155e-02,-1.525999605655670166e-01,-7.968305051326751709e-02,-4.886827431619167328e-03,-2.574749104678630829e-02,-2.120973765850067139e-01,2.064163330942392349e-03,7.273860275745391846e-02
-8.931384235620498657e-02,-1.278993040323257446e-01,-3.487334772944450378e-02,-1.124730985611677170e-02,2.067630589008331299e-01,5.507767200469970703e-01,3.576343134045600891e-02,1.007800400257110596e-01,4.784296154975891113e-01,0.000000000000000000e+00,1.691961735486984253e-01,4.649213701486587524e-02,1.765952408313751221e-01,2.277493774890899658e-01,2.521185576915740967e-01,3.760724067687988281e-01,-1.562287956476211548e-01,-5.932622402906417847e-02,-1.676163375377655029e-01,-1.689386814832687378e-01,1.643971949815750122e-01,-9.043803811073303223e-02,3.601875156164169312e-02,1.265312731266021729e-02,1.756930649280548096e-01,2.689554989337921143e-01,8.768058568239212036e-02,2.005075812339782715e-01,5.306581780314445496e-02,-3.793481737375259399e-02,2.759119868278503418e-01,2.134133577346801758e-01,-1.619150340557098389e-01,-1.265781372785568237e-01,-1.492952406406402588e-01,5.878742411732673645e-02,-6.691391021013259888e-02,-4.617059230804443359e-02,1.288779824972152710e-02,1.687459647655487061e-02,-1.050553917884826660e-01,-1.070772111415863037e-01,-1.082339733839035034e-01,-1.766320616006851196e-01,-1.332222968339920044e-01,-1.472656428813934326e-01,-1.578025221824645996e-01,-1.861507594585418701e-01,-3.801447898149490356e-02,2.700251713395118713e-02,-5.790192633867263794e-02,-6.386388558894395828e-03,-1.109565421938896179e-01,-6.432729959487915039e-02,-8.620213717222213745e-03,8.452691882848739624e-02,-8.905566483736038208e-02,-1.504326909780502319e-01,-6.176474690437316895e-02,-3.413819940760731697e-03,-1.756963580846786499e-01,-1.400417555123567581e-02,-9.892882406711578369e-02,-1.304643899202346802e-01,-1.396988034248352051e-01,-1.243359893560409546e-01,-2.328685224056243896e-01,-2.202822566032409668e-01,-1.640269905328750610e-01,3.120664623565971851e-04,3.413192331790924072e-01,3.131414949893951416e-01,1.849386096000671387e-01,2.604863941669464111e-01,4.498611763119697571e-02,1.862052381038665771e-01,-1.343392580747604370e-01,-5.317606776952743530e-02,-9.269056469202041626e-02,6.961739063262939453e-02,-1.891740411520004272e-01,-8.413783460855484009e-02,-8.989082276821136475e-02,7.627299427986145020e-02,-1.379672884941101074e-01,-1.218029856681823730e-01,5.528920143842697144e-02,1.164977550506591797e-01,-9.906331449747085571e-02,1.851248368620872498e-02,-2.448431961238384247e-02,-1.440446674823760986e-01,-9.561169892549514771e-02,-8.607713133096694946e-02,-3.729530051350593567e-02,-6.590124964714050293e-02,-1.819137781858444214e-01,2.471491927281022072e-03,-1.429655589163303375e-02,-2.100328542292118073e-02,-1.940215565264225006e-02,8.625976741313934326e-02,1.173391118645668030e-01,1.378905177116394043e-01,-9.119147807359695435e-02,-1.875138282775878906e-01,5.660209804773330688e-02,1.067916825413703918e-01,-3.173403441905975342e-02,-1.950130760669708252e-01,2.928879112005233765e-03,-1.172049567103385925e-01,3.893940942361950874e-03,-1.251408457756042480e-01,-1.214846745133399963e-01,-1.521428395062685013e-02
1.580184549093246460e-01,-3.662367165088653564e-02,-1.053993999958038330e-01,-5.227778106927871704e-02,-1.723389625549316406e-01,4.894679412245750427e-02,3.019987344741821289e-01,2.968042790889739990e-01,3.721101284027099609e-01,1.691961735486984253e-01,0.000000000000000000e+00,3.026380240917205811e-01,6.456587910652160645e-01,3.409120738506317139e-01,-2.261649817228317261e-02,1.424107402563095093e-01,7.990930229425430298e-02,6.824492011219263077e-04,9.690110385417938232e-02,6.292639672756195068e-02,3.547619655728340149e-02,1.059966459870338440e-01,1.677599251270294189e-01,-5.243907123804092407e-02,-8.831182867288589478e-02,-5.234482511878013611e-02,-2.162935137748718262e-01,3.723566234111785889e-02,1.886003166437149048e-01,-3.358347713947296143e-02,2.645610570907592773e-01,1.472151726484298706e-01,1.457181423902511597e-01,1.897645294666290283e-01,-2.382889091968536377e-01,-2.692846655845642090e-01,-1.038598120212554932e-01,-9.754064679145812988e-02,-2.262363582849502563e-01,-6.970950961112976074e-02,1.413827687501907349e-01,-3.813442587852478027e-02,1.987720131874084473e-01,1.196474432945251465e-01,1.489603309892117977e-03,1.546353250741958618e-01,2.031800746917724609e-01,5.633772350847721100e-03,3.338812589645385742e-01,1.012597829103469849e-01,2.220976948738098145e-01,2.525442242622375488e-01,2.459340244531631470e-01,1.978812962770462036e-01,-3.223572373390197754e-01,-1.247249171137809753e-01,1.271163206547498703e-02,-7.828640751540660858e-03,-9.600035846233367920e-02,-1.819078475236892700e-01,3.370356857776641846e-01,-4.314756020903587341e-02,3.937875926494598389e-01,1.450635343790054321e-01,-1.333032846450805664e-01,-9.712138772010803223e-02,-3.636913597583770752e-01,-2.798223793506622314e-01,-1.952627301216125488e-01,-3.291472196578979492e-01,5.845414474606513977e-02,6.673892494291067123e-04,2.769208848476409912e-01,1.187686771154403687e-01,2.567563578486442566e-02,1.461054831743240356e-01,-1.965259946882724762e-02,1.501006260514259338e-02,-1.418052166700363159e-01,-1.535923033952713013e-01,5.675502587109804153e-03,-6.143726874142885208e-03,-7.199083268642425537e-02,-9.238211810588836670e-02,-6.484308838844299316e-02,-1.789447292685508728e-02,-4.010768234729766846e-01,-3.474721312522888184e-01,-1.639828085899353027e-01,3.648007661104202271e-02,-1.666911393404006958e-01,-2.133881598711013794e-01,-1.699921339750289917e-01,-2.477148473262786865e-01,-2.500011622905731201e-01,-5.707478523254394531e-02,-1.177219226956367493e-01,-1.375903636217117310e-01,-4.915077984333038330e-02,-1.800836324691772461e-01,-2.810404002666473389e-01,-2.948726899921894073e-02,-2.916025817394256592e-01,-1.865860819816589355e-01,-5.290405824780464172e-02,-2.108491957187652588e-02,-1.676217615604400635e-01,-8.661857992410659790e-02,-5.663971230387687683e-02,-9.508180618286132812e-02,-2.302721291780471802e-01,-1.697898209095001221e-01,-2.574580013751983643e-01,-2.240714728832244873e-01,1.452424973249435425e-01,8.704125136137008667e-02
-2.775838971138000488e-01,-8.779209852218627930e-02,-2.732892520725727081e-02,1.852314323186874390e-01,1.011141538619995117e-01,-1.716854125261306763e-01,1.044374108314514160e-01,5.101690292358398438e-01,3.752172291278839111e-01,4.649213701486587524e-02,3.026380240917205811e-01,0.000000000000000000e+00,2.921889126300811768e-01,5.674829483032226562e-01,1.195030361413955688e-01,8.239541202783584595e-02,-1.573076099157333374e-02,2.086484283208847046e-01,-2.959969341754913330e-01,1.939100679010152817e-03,-7.498543709516525269e-02,-1.719824820756912231e-01,-3.373281564563512802e-03,7.038179785013198853e-02,-5.438754800707101822e-03,-1.665536463260650635e-01,-2.988002002239227295e-01,-3.242132663726806641e-01,1.086887270212173462e-01,1.628038883209228516e-01,-7.495563477277755737e-03,1.840027719736099243e-01,-2.648955583572387695e-01,-3.157910332083702087e-02,-3.225147724151611328e-01,-4.924200475215911865e-02,-2.121342718601226807e-01,-1.401448696851730347e-01,-2.594508528709411621e-01,-1.693464219570159912e-01,-1.865788996219635010e-01,-2.462243437767028809e-01,8.871424011886119843e-03,-6.202431395649909973e-02,-4.141406118869781494e-01,-2.222209423780441284e-01,5.673805624246597290e-02,2.690507099032402039e-02,-1.432749927043914795e-01,6.318280845880508423e-02,1.591182202100753784e-01,2.485810518264770508e-01,2.386805266141891479e-01,-7.801430765539407730e-04,1.258887350559234619e-02,-4.847124591469764709e-02,-4.051109254360198975e-01,-6.635430455207824707e-02,-1.244186013936996460e-01,1.833447962999343872e-01,1.561864018440246582e-01,3.889968395233154297e-01,1.260834001004695892e-02,3.825816214084625244e-01,-1.872238665819168091e-01,8.866385370492935181e-02,-4.580406546592712402e-01,-2.757089436054229736e-01,-3.961168229579925537e-01,-4.371652603149414062e-01,1.422382742166519165e-01,1.198990792036056519e-01,2.438806841382756829e-04,7.596965879201889038e-02,1.734275966882705688e-01,6.685024499893188477e-02,3.198414742946624756e-01,3.182689249515533447e-01,-8.385224640369415283e-02,3.280959650874137878e-02,-3.005790114402770996e-01,-3.254806399345397949e-01,-1.677219569683074951e-01,-2.280616462230682373e-01,-2.532398998737335205e-01,-2.108790427446365356e-01,-1.075161620974540710e-01,-9.332726150751113892e-02,1.106682568788528442e-01,-9.132418781518936157e-02,3.176894783973693848e-01,1.426372095011174679e-03,2.819241285324096680e-01,5.825192481279373169e-02,-1.316815763711929321e-01,-5.038584396243095398e-02,8.823163807392120361e-02,-1.886622607707977295e-01,3.490045070648193359e-01,2.425476759672164917e-01,1.624860763549804688e-01,8.564982563257217407e-02,-6.306930910795927048e-03,-2.342085167765617371e-02,8.020233362913131714e-02,-5.894580855965614319e-02,-5.767547339200973511e-02,-1.254102587699890137e-01,-4.315872211009263992e-03,-1.366210449486970901e-02,1.311138123273849487e-01,-6.861525774002075195e-02,-3.497020900249481201e-02,-1.203989796340465546e-02,2.804375067353248596e-02,-9.490177966654300690e-03
1.186436489224433899e-01,-2.167882621288299561e-01,1.526538878679275513e-01,2.040822952985763550e-01,3.904414921998977661e-02,1.143189817667007446e-01,5.389521121978759766e-01,3.374840617179870605e-01,4.235218465328216553e-01,1.765952408313751221e-01,6.456587910652160645e-01,2.921889126300811768e-01,0.000000000000000000e+00,3.831835985183715820e-01,1.144326329231262207e-01,1.466028392314910889e-01,6.878891587257385254e-02,-7.543141394853591919e-02,1.028088945895433426e-02,-6.578582525253295898e-02,7.597522437572479248e-02,5.979336798191070557e-02,3.943100273609161377e-01,2.204904258251190186e-01,1.813217848539352417e-01,2.145212739706039429e-01,-9.061761200428009033e-02,1.669381558895111084e-02,1.757516711950302124e-01,-6.722106784582138062e-02,4.739727973937988281e-01,3.961102664470672607e-01,1.228829473257064819e-01,2.014675885438919067e-01,-1.828593462705612183e-01,-1.542991250753402710e-01,-1.768157482147216797e-01,-2.084488868713378906e-01,-1.597255021333694458e-01,-2.259070612490177155e-02,3.526626154780387878e-02,-9.818644076585769653e-02,1.517641693353652954e-01,4.427041485905647278e-02,-3.442750871181488037e-02,4.492833837866783142e-02,4.020051285624504089e-02,-4.072481393814086914e-02,2.123004794120788574e-01,-2.666726149618625641e-02,-2.631702087819576263e-02,5.871327593922615051e-02,2.724613295868039131e-03,1.585796475410461426e-01,-3.534108102321624756e-01,-6.566466391086578369e-02,-9.307049959897994995e-02,-2.797077894210815430e-01,-2.054039984941482544e-01,-2.892774939537048340e-01,-9.325547143816947937e-03,-1.933263093233108521e-01,2.441985160112380981e-01,-1.646475121378898621e-02,-7.756551355123519897e-02,-1.223980635404586792e-01,-3.314525783061981201e-01,-3.355031013488769531e-01,-3.040116429328918457e-01,-3.316676616668701172e-01,1.765173077583312988e-01,1.937659531831741333e-01,2.970902323722839355e-01,9.262660145759582520e-02,1.141850426793098450e-01,2.405219823122024536e-01,8.387107402086257935e-03,6.734260171651840210e-02,-1.483040601015090942e-01,-1.445072237402200699e-03,-1.322939395904541016e-01,-8.237817138433456421e-02,-1.008673682808876038e-01,5.554550886154174805e-02,-1.322735100984573364e-01,6.954810768365859985e-02,-3.363266885280609131e-01,-1.295567750930786133e-01,-3.187730014324188232e-01,1.918176710605621338e-01,-2.059397548437118530e-01,-1.420636326074600220e-01,-2.288869470357894897e-01,-9.958539903163909912e-02,-1.786045879125595093e-01,-7.937510311603546143e-02,-1.617504507303237915e-01,-6.031005457043647766e-02,-1.445733159780502319e-01,-1.707287132740020752e-01,-3.138617873191833496e-01,9.352954477071762085e-02,-2.738302052021026611e-01,-8.465005457401275635e-02,-1.255937814712524414e-01,-4.837182909250259399e-02,-1.208992749452590942e-01,-2.690514177083969116e-02,-7.020872086286544800e-02,-1.371482163667678833e-01,-1.424444168806076050e-01,-2.000958025455474854e-01,-2.772492468357086182e-01,-2.113449424505233765e-01,8.142726868391036987e-02,7.460857182741165161e-02
