0.000000000000000000e+00,7.333023548126220703e-01,6.479133963584899902e-01,6.168576478958129883e-01,-4.412402957677841187e-02,4.525268077850341797e-02,6.525282859802246094e-01,4.197991192340850830e-01,-3.662602305412292480e-01,-2.226546108722686768e-01,1.327237784862518311e-01,1.329802814871072769e-02,4.404071345925331116e-02,1.124644055962562561e-01,-4.130644500255584717e-01,-1.430085599422454834e-01,-4.668257534503936768e-01,-4.648155272006988525e-01,7.411795258522033691e-01,7.226201295852661133e-01,-2.708191871643066406e-01,-1.132070273160934448e-01,5.325579643249511719e-01,4.772580564022064209e-01,-3.267508745193481445e-01,-3.328510224819183350e-01,1.752950102090835571e-01,8.567687869071960449e-02,-6.195333600044250488e-01,-6.335365176200866699e-01,1.429431140422821045e-01,1.250823885202407837e-01,5.423573255538940430e-01,4.939774572849273682e-01,-3.866624236106872559e-01,-2.639346718788146973e-01,-6.468631625175476074e-01,-6.228615045547485352e-01,-2.363845556974411011e-01,-2.021974325180053711e-01,-5.061368346214294434e-01,-3.760851919651031494e-01,-2.275883406400680542e-01,-4.009814262390136719e-01,-3.090289533138275146e-01,-2.130322605371475220e-01,-3.915686607360839844e-01,-4.314028620719909668e-01,-2.831216454505920410e-01,-2.784482836723327637e-01,-2.355598807334899902e-01,-2.762943804264068604e-01,-9.517099708318710327e-02,-8.512257598340511322e-03,-4.541683197021484375e-01,-4.526252448558807373e-01,7.614637017250061035e-01,4.874512851238250732e-01,1.902368068695068359e-01,1.822187155485153198e-01,1.264161020517349243e-01,2.219084091484546661e-02,-2.984145283699035645e-01,-1.999548822641372681e-01,-2.924494147300720215e-01,-2.589711248874664307e-01,3.572643920779228210e-02,-1.917089521884918213e-01,7.418965697288513184e-01,6.343317627906799316e-01,-2.744557857513427734e-01,-2.993839085102081299e-01,-4.927233755588531494e-01,-4.556075632572174072e-01,-1.348002403974533081e-01,-3.079614639282226562e-01,-4.533737897872924805e-01,-4.786689579486846924e-01,-4.320632219314575195e-01,-2.456269413232803345e-01,-4.620094001293182373e-01,-3.418509662151336670e-01,-5.012769103050231934e-01,-4.320791661739349365e-01,-2.457379251718521118e-01,-2.766233086585998535e-01,-2.524377703666687012e-01,-1.879711300134658813e-01,-2.433148324489593506e-01,-2.183505147695541382e-02,-3.664563000202178955e-01,-3.137881159782409668e-01,-3.688670396804809570e-01,-2.147281318902969360e-01,-4.617752730846405029e-01,-3.813681304454803467e-01,-6.645372509956359863e-01,-6.724831461906433105e-01,-6.620577573776245117e-01,-6.441469788551330566e-01,-2.818138599395751953e-01,-1.116062104701995850e-01,-1.318072229623794556e-01,-1.356659382581710815e-01,-4.138223230838775635e-01,-4.316591322422027588e-01,8.851135522127151489e-02,-1.201690640300512314e-02,-9.678190946578979492e-02,-4.482527673244476318e-01,-6.313089132308959961e-01,-6.238121986389160156e-01,-5.390869379043579102e-01,-5.772893428802490234e-01,-5.647947192192077637e-01,-3.823349773883819580e-01
7.333023548126220703e-01,0.000000000000000000e+00,4.961866140365600586e-01,5.160884261131286621e-01,-1.435445547103881836e-01,1.445878390222787857e-02,4.528574645519256592e-01,3.394054770469665527e-01,-3.906955420970916748e-01,-1.971770972013473511e-01,-1.120991557836532593e-01,7.499752193689346313e-02,-1.151053681969642639e-01,9.772992134094238281e-02,-4.628283679485321045e-01,-3.426351770758628845e-02,-4.427410066127777100e-01,-3.318058252334594727e-01,6.978353857994079590e-01,6.162963509559631348e-01,-2.278899699449539185e-01,-8.427174389362335205e-02,4.036053121089935303e-01,3.566962480545043945e-01,-3.290926516056060791e-01,-3.726951479911804199e-01,1.244232654571533203e-01,7.888368517160415649e-02,-6.228949427604675293e-01,-5.225307345390319824e-01,7.040549814701080322e-02,9.504742175340652466e-02,5.424425005912780762e-01,4.969525337219238281e-01,-4.373504221439361572e-01,-2.582745254039764404e-01,-5.866147875785827637e-01,-5.060585141181945801e-01,-2.049421370029449463e-01,-6.555508822202682495e-02,-4.959662556648254395e-01,-3.069835603237152100e-01,-1.680209487676620483e-01,-3.195924758911132812e-01,-2.134826630353927612e-01,-1.295304447412490845e-01,-3.720010221004486084e-01,-3.628807365894317627e-01,-2.591451704502105713e-01,-2.018966972827911377e-01,-2.699789404869079590e-01,-1.925966441631317139e-01,-1.099320128560066223e-01,7.583596557378768921e-02,-4.505539834499359131e-01,-3.499608635902404785e-01,6.620650291442871094e-01,7.253710627555847168e-01,2.095919251441955566e-01,3.760696649551391602e-01,3.298371285200119019e-02,2.126861810684204102e-01,-3.509196341037750244e-01,-8.425381034612655640e-02,-3.417716324329376221e-01,-1.916683167219161987e-01,1.180965676903724670e-01,-5.608344078063964844e-02,7.097661495208740234e-01,6.838934421539306641e-01,-3.436378538608551025e-01,-3.215711414813995361e-01,-5.046471357345581055e-01,-4.528339207172393799e-01,-2.469951659440994263e-01,-2.471285164356231689e-01,-4.537437558174133301e-01,-4.036514163017272949e-01,-3.824763894081115723e-01,-9.587962925434112549e-02,-4.925538003444671631e-01,-1.384332925081253052e-01,-4.682025611400604248e-01,-2.795645296573638916e-01,-3.391923308372497559e-01,-1.497337222099304199e-01,-2.495552897453308105e-01,-1.000028178095817566e-01,-3.383529782295227051e-01,7.535541057586669922e-02,-4.209013581275939941e-01,-2.430941611528396606e-01,-4.411256313323974609e-01,-1.637138128280639648e-01,-3.536260128021240234e-01,-2.994965910911560059e-01,-5.619879961013793945e-01,-5.358220934867858887e-01,-6.296533942222595215e-01,-5.773537158966064453e-01,-2.935189008712768555e-01,-4.208520799875259399e-02,-1.524481326341629028e-01,-8.520849049091339111e-02,-3.944363594055175781e-01,-3.549324274063110352e-01,3.510759770870208740e-02,5.479789525270462036e-02,-1.178263127803802490e-01,-3.449399173259735107e-01,-5.581421256065368652e-01,-5.368843078613281250e-01,-4.952132999897003174e-01,-5.360100865364074707e-01,-5.281764864921569824e-01,-3.617129325866699219e-01
6.479133963584899902e-01,4.961866140365600586e-01,0.000000000000000000e+00,6.901392936706542969e-01,2.733415663242340088e-01,3.266142010688781738e-01,8.264462351799011230e-01,5.987353324890136719e-01,2.401452511548995972e-02,1.330863386392593384e-01,2.428631931543350220e-01,-2.980343811213970184e-02,1.727534383535385132e-01,1.447299569845199585e-01,-1.149132996797561646e-01,1.016027107834815979e-01,-5.890233516693115234e-01,-6.091744899749755859e-01,7.446832656860351562e-01,5.552612543106079102e-01,-3.302053213119506836e-01,1.322139054536819458e-01,6.710319519042968750e-01,6.334074735641479492e-01,-4.860040545463562012e-02,-1.377169191837310791e-01,2.717542350292205811e-01,3.833464086055755615e-01,-5.190348029136657715e-01,-5.463673472404479980e-01,5.647091865539550781e-01,5.629333257675170898e-01,2.289311438798904419e-01,3.528666198253631592e-01,-5.172708034515380859e-01,-4.494737088680267334e-01,-6.045315265655517578e-01,-5.136953592300415039e-01,-5.248775333166122437e-02,-8.886382728815078735e-02,-5.351312756538391113e-01,-3.909252583980560303e-01,-5.671130418777465820e-01,-4.902408123016357422e-01,-6.285071969032287598e-01,-5.433889627456665039e-01,-6.531262993812561035e-01,-6.370136141777038574e-01,-4.118861258029937744e-01,-4.584702849388122559e-01,-3.327334523200988770e-01,-5.140365362167358398e-01,-2.064917981624603271e-01,-1.853276789188385010e-01,-5.340548753738403320e-01,-5.715782046318054199e-01,3.909901678562164307e-01,1.132740676403045654e-01,-2.390031814575195312e-01,-1.248573064804077148e-01,-1.926117986440658569e-01,-2.068006545305252075e-01,-5.099279284477233887e-01,-5.642051100730895996e-01,-5.224881172180175781e-01,-5.132794380187988281e-01,-4.327732622623443604e-01,-5.869072675704956055e-01,4.372946023941040039e-01,4.505697190761566162e-01,1.266348510980606079e-01,-1.811691559851169586e-02,-3.622117638587951660e-01,-3.521680235862731934e-01,2.338287234306335449e-02,-1.281113922595977783e-01,-4.484491646289825439e-01,-4.185199439525604248e-01,-4.878553748130798340e-01,-4.596813321113586426e-01,-5.410713553428649902e-01,-4.603340625762939453e-01,-2.751390337944030762e-01,-3.221704065799713135e-01,-2.897817790508270264e-01,-3.117941021919250488e-01,-6.693869084119796753e-02,1.136902272701263428e-01,-1.346559822559356689e-01,-1.694880276918411255e-01,-3.548941314220428467e-01,-4.597539603710174561e-01,-3.254028260707855225e-01,-1.929665356874465942e-01,-3.494200706481933594e-01,-3.300076723098754883e-01,-6.695724725723266602e-01,-6.193866133689880371e-01,-6.237782239913940430e-01,-5.986458063125610352e-01,-1.809729933738708496e-01,-2.805993892252445221e-02,6.675707548856735229e-02,8.136379183270037174e-04,-3.406683206558227539e-01,-4.035908877849578857e-01,1.355454176664352417e-01,4.218742251396179199e-02,-6.415872275829315186e-02,-4.495467841625213623e-01,-6.450053453445434570e-01,-6.652196645736694336e-01,-6.215426921844482422e-01,-5.749879479408264160e-01,-5.826480984687805176e-01,-3.410209417343139648e-01
6.168576478958129883e-01,5.160884261131286621e-01,6.901392936706542969e-01,0.000000000000000000e+00,2.076238393783569336e-01,3.402087390422821045e-01,7.593324184417724609e-01,7.795444130897521973e-01,-1.599669605493545532e-01,6.467636674642562866e-02,1.880498826503753662e-01,2.963261008262634277e-01,1.165662631392478943e-01,3.905687332153320312e-01,-3.103776872158050537e-01,-1.392021868377923965e-02,-5.011069774627685547e-01,-4.606865048408508301e-01,6.415561437606811523e-01,7.835744619369506836e-01,-2.151620835065841675e-01,-8.359751850366592407e-02,8.292284011840820312e-01,7.826820015907287598e-01,3.523436188697814941e-02,6.660925596952438354e-02,2.340370118618011475e-01,2.600373700261116028e-02,-4.910727441310882568e-01,-3.885648250579833984e-01,4.758946001529693604e-01,3.908825814723968506e-01,3.794123530387878418e-01,4.167762100696563721e-01,-5.399882793426513672e-01,-1.778253763914108276e-01,-6.223917603492736816e-01,-6.496218442916870117e-01,-3.105672895908355713e-01,-2.727964222431182861e-01,-4.054060876369476318e-01,-3.174216747283935547e-01,-2.787452638149261475e-01,-4.687114655971527100e-01,-4.373695850372314453e-01,-3.644581437110900879e-01,-4.112144410610198975e-01,-4.769294857978820801e-01,-4.856477379798889160e-01,-4.534787237644195557e-01,-3.568521142005920410e-01,-3.293223679065704346e-01,-1.257566213607788086e-01,3.728713840246200562e-02,-4.748824834823608398e-01,-4.694268107414245605e-01,3.238311409950256348e-01,1.848290115594863892e-01,-2.538160681724548340e-01,-1.784161627292633057e-01,-3.369458019733428955e-01,-7.115237414836883545e-02,-5.627492070198059082e-01,-2.058459669351577759e-01,-4.981555938720703125e-01,-4.040380120277404785e-01,-3.346635997295379639e-01,-4.501203000545501709e-01,4.314940571784973145e-01,2.458994686603546143e-01,-1.642554849386215210e-01,-1.714374423027038574e-01,-3.455094397068023682e-01,-2.323625981807708740e-01,-2.027315832674503326e-02,-3.131713271141052246e-01,-3.722603321075439453e-01,-4.191572666168212891e-01,-4.115495979785919189e-01,-2.670846283435821533e-01,-6.111545562744140625e-01,-3.952641785144805908e-01,-4.247268140316009521e-01,-3.863249123096466064e-01,-3.817673325538635254e-01,-2.659422457218170166e-01,-3.327993750572204590e-01,-1.360291689634323120e-01,-2.592015266418457031e-01,-1.098977867513895035e-02,-2.895736396312713623e-01,-2.730868458747863770e-01,-1.870078742504119873e-01,-1.714836806058883667e-01,-4.339116513729095459e-01,-3.544954657554626465e-01,-5.769894123077392578e-01,-5.773546695709228516e-01,-5.330381989479064941e-01,-5.463435649871826172e-01,-2.467155158519744873e-01,-7.148527354001998901e-02,-1.598049551248550415e-01,-1.194955781102180481e-01,-3.630939424037933350e-01,-3.436644077301025391e-01,3.997179865837097168e-02,-2.456032298505306244e-02,-1.532102078199386597e-01,-4.628938436508178711e-01,-5.907167792320251465e-01,-5.020555853843688965e-01,-4.688336253166198730e-01,-4.373114705085754395e-01,-4.741146266460418701e-01,-3.111023604869842529e-01
-4.412402957677841187e-02,-1.435445547103881836e-01,2.733415663242340088e-01,2.076238393783569336e-01,0.000000000000000000e+00,5.788950324058532715e-01,2.681898772716522217e-01,1.751385927200317383e-01,4.555286169052124023e-01,5.796680450439453125e-01,2.913669645786285400e-01,9.598293900489807129e-02,3.003512322902679443e-01,1.381012946367263794e-01,3.819674253463745117e-01,4.747262895107269287e-01,-9.091027826070785522e-02,-2.184656411409378052e-01,1.769557595252990723e-02,7.204483449459075928e-02,2.950701415538787842e-01,3.633242547512054443e-01,2.433295398950576782e-01,3.752245604991912842e-01,4.483067691326141357e-01,5.115357637405395508e-01,4.557370543479919434e-01,4.486694931983947754e-01,1.774472743272781372e-01,6.382583081722259521e-02,5.222475528717041016e-01,4.632003903388977051e-01,-2.857546508312225342e-01,-2.074215859174728394e-01,-2.186127156019210815e-01,-1.337205618619918823e-01,3.825990855693817139e-02,-2.535159885883331299e-02,2.350303232669830322e-01,2.308743596076965332e-01,2.095787227153778076e-01,2.888188883662223816e-02,-4.675583243370056152e-01,-3.723065555095672607e-01,-5.431762337684631348e-01,-5.602129697799682617e-01,-3.736984729766845703e-01,-3.911301195621490479e-01,-4.284943044185638428e-01,-4.470317661762237549e-01,-4.426259696483612061e-01,-3.961013555526733398e-01,-3.368260860443115234e-01,-2.146298587322235107e-01,-2.386562526226043701e-01,-1.093269214034080505e-01,-2.617538571357727051e-01,-3.268579244613647461e-01,-4.364257454872131348e-01,-3.586314618587493896e-01,-3.953977525234222412e-01,-3.613646328449249268e-01,-1.992463767528533936e-01,-3.592036664485931396e-01,-2.376778274774551392e-01,-4.979906380176544189e-01,-4.783399403095245361e-01,-4.082275927066802979e-01,-2.334918230772018433e-01,-1.508969366550445557e-01,3.745776116847991943e-01,5.110163092613220215e-01,2.808050513267517090e-01,1.711644977331161499e-01,1.574768424034118652e-01,1.393896788358688354e-01,6.825590878725051880e-02,5.529799684882164001e-02,-1.106042936444282532e-01,-1.790178716182708740e-01,-1.770337820053100586e-01,-1.338647007942199707e-01,1.398037374019622803e-01,1.890285909175872803e-01,-1.857316344976425171e-01,-7.073662430047988892e-02,2.119953781366348267e-01,3.857422173023223877e-01,-1.660594940185546875e-01,1.184494346380233765e-01,-3.308708369731903076e-01,-1.913894414901733398e-01,-2.012860924005508423e-01,4.795480892062187195e-02,1.754857897758483887e-01,1.399402171373367310e-01,-1.253627091646194458e-01,-2.307694591581821442e-02,-1.107646226882934570e-01,-9.847194701433181763e-02,-1.081821471452713013e-01,2.141721099615097046e-01,4.831312596797943115e-02,2.128672003746032715e-01,-1.474482566118240356e-01,4.912207275629043579e-02,9.108818322420120239e-02,1.938640028238296509e-01,1.803646236658096313e-01,-6.823282688856124878e-02,-2.178981602191925049e-01,-2.670481801033020020e-01,-2.341272085905075073e-01,-1.439058929681777954e-01,-1.435894221067428589e-01,6.016542389988899231e-02
4.525268077850341797e-02,1.445878390222787857e-02,3.266142010688781738e-01,3.402087390422821045e-01,5.788950324058532715e-01,0.000000000000000000e+00,3.332926034927368164e-01,2.762238979339599609e-01,4.228273034095764160e-01,5.012090206146240234e-01,2.150899022817611694e-01,2.478723824024200439e-01,3.364296853542327881e-01,2.830724120140075684e-01,3.446125686168670654e-01,4.808567762374877930e-01,-1.105365306138992310e-01,-1.594675630331039429e-01,1.314440071582794189e-01,2.153433412313461304e-01,1.233527883887290955e-01,3.237873017787933350e-01,3.735972642898559570e-01,5.080795288085937500e-01,4.960745871067047119e-01,4.880105257034301758e-01,4.814675450325012207e-01,4.476726055145263672e-01,8.263135701417922974e-02,4.413379728794097900e-02,5.544213652610778809e-01,5.282001495361328125e-01,-2.163389921188354492e-01,-1.218108609318733215e-01,-3.175168335437774658e-01,-8.601810783147811890e-02,-5.595210567116737366e-02,-1.227986589074134827e-01,-1.263896375894546509e-02,4.477198421955108643e-02,1.212617307901382446e-01,1.116434931755065918e-01,-4.467243254184722900e-01,-4.161294102668762207e-01,-4.785679578781127930e-01,-4.919992089271545410e-01,-3.691200315952301025e-01,-3.781176805496215820e-01,-3.857384026050567627e-01,-3.768916726112365723e-01,-4.214144349098205566e-01,-3.860043883323669434e-01,-2.668207883834838867e-01,-1.946146339178085327e-01,-2.808714807033538818e-01,-2.466149926185607910e-01,-1.839484274387359619e-01,-2.415854781866073608e-01,-5.339739918708801270e-01,-4.205107688903808594e-01,-5.277415513992309570e-01,-3.213615417480468750e-01,-2.915127575397491455e-01,-3.180595934391021729e-01,-2.896502614021301270e-01,-4.001152813434600830e-01,-4.931461811065673828e-01,-4.469166398048400879e-01,-8.393849432468414307e-02,-4.464864358305931091e-02,2.506232857704162598e-01,4.078805148601531982e-01,2.687634825706481934e-01,1.726408451795578003e-01,1.422916054725646973e-01,9.202330559492111206e-02,-2.369641140103340149e-02,-1.256042066961526871e-02,-2.180373817682266235e-01,-1.545921713113784790e-01,-2.311670482158660889e-01,-1.091220751404762268e-01,7.535185664892196655e-02,1.123872995376586914e-01,-1.929661631584167480e-01,-1.317132562398910522e-01,1.719053238630294800e-01,3.278564810752868652e-01,-1.190822422504425049e-01,5.225742608308792114e-02,-2.715126276016235352e-01,-1.693610250949859619e-01,-2.289043217897415161e-01,-2.230758592486381531e-02,-1.098474934697151184e-01,-7.321803271770477295e-02,-1.913951784372329712e-01,-1.229873374104499817e-01,-2.172773182392120361e-01,-2.159990668296813965e-01,-1.175790503621101379e-01,1.210442632436752319e-01,1.855952851474285126e-02,1.467128098011016846e-01,-1.261713653802871704e-01,2.526920102536678314e-02,-5.978201050311326981e-03,1.908429861068725586e-01,-9.085067361593246460e-02,-1.842370331287384033e-01,-2.818498015403747559e-01,-2.829474508762359619e-01,-2.389615178108215332e-01,-2.327180206775665283e-01,-2.024066746234893799e-01,-1.168836131691932678e-01
6.525282859802246094e-01,4.528574645519256592e-01,8.264462351799011230e-01,7.593324184417724609e-01,2.681898772716522217e-01,3.332926034927368164e-01,0.000000000000000000e+00,6.371199488639831543e-01,4.109327122569084167e-02,1.651119589805603027e-01,3.153148293495178223e-01,7.381951808929443359e-02,2.777796983718872070e-01,1.973849982023239136e-01,-1.815130561590194702e-01,1.375819742679595947e-01,-4.747786819934844971e-01,-6.024289131164550781e-01,7.050403952598571777e-01,6.306878328323364258e-01,-2.850445508956909180e-01,1.722039654850959778e-02,7.623583674430847168e-01,7.179592847824096680e-01,3.004043921828269958e-02,-4.741043783724308014e-03,2.276201695203781128e-01,2.608713805675506592e-01,-4.383101761341094971e-01,-5.445531606674194336e-01,5.915735960006713867e-01,5.529935359954833984e-01,3.199515342712402344e-01,3.740926086902618408e-01,-5.415084362030029297e-01,-3.604519963264465332e-01,-5.801196098327636719e-01,-5.454849004745483398e-01,-2.123102843761444092e-01,-1.537150293588638306e-01,-4.684860706329345703e-01,-3.781161010265350342e-01,-4.988482296466827393e-01,-5.157096385955810547e-01,-5.767293572425842285e-01,-4.916107952594757080e-01,-5.993352532386779785e-01,-5.903168916702270508e-01,-4.619228541851043701e-01,-4.554709494113922119e-01,-4.173825383186340332e-01,-4.099292755126953125e-01,-2.922036051750183105e-01,-2.969842776656150818e-02,-6.016416549682617188e-01,-4.753878116607666016e-01,3.616488575935363770e-01,5.965724587440490723e-02,-3.050316572189331055e-01,-2.036608904600143433e-01,-2.289951592683792114e-01,-1.872689127922058105e-01,-4.550031125545501709e-01,-5.001934766769409180e-01,-4.875176250934600830e-01,-4.428324401378631592e-01,-4.311441481113433838e-01,-5.775974392890930176e-01,3.742907643318176270e-01,3.162684738636016846e-01,-7.190484087914228439e-03,1.771952025592327118e-02,-3.027211129665374756e-01,-3.800068199634552002e-01,-7.149140536785125732e-02,-1.681322604417800903e-01,-4.337538182735443115e-01,-3.976271748542785645e-01,-4.854016900062561035e-01,-3.954539895057678223e-01,-6.140938997268676758e-01,-4.099148809909820557e-01,-3.533237576484680176e-01,-2.747379541397094727e-01,-4.407405257225036621e-01,-1.950799524784088135e-01,-2.307759523391723633e-01,6.891246885061264038e-02,-2.835811376571655273e-01,1.756059005856513977e-02,-4.123714268207550049e-01,-2.790982127189636230e-01,-3.336322307586669922e-01,-8.220997452735900879e-02,-3.651651442050933838e-01,-3.425092101097106934e-01,-6.961305737495422363e-01,-5.850470662117004395e-01,-6.103935241699218750e-01,-5.604462623596191406e-01,-3.568595647811889648e-01,5.589653179049491882e-02,-1.403560638427734375e-01,4.499992355704307556e-02,-4.462637603282928467e-01,-3.385433852672576904e-01,1.141570787876844406e-02,8.356525003910064697e-02,-8.592225611209869385e-02,-4.961997866630554199e-01,-6.603269577026367188e-01,-6.534550189971923828e-01,-6.171150207519531250e-01,-5.453734993934631348e-01,-5.730361342430114746e-01,-2.801348865032196045e-01
4.197991192340850830e-01,3.394054770469665527e-01,5.987353324890136719e-01,7.795444130897521973e-01,1.751385927200317383e-01,2.762238979339599609e-01,6.371199488639831543e-01,0.000000000000000000e+00,-1.461438685655593872e-01,2.802642807364463806e-02,1.878824234008789062e-01,3.604086041450500488e-01,1.054115891456604004e-01,5.131505131721496582e-01,-2.266661524772644043e-01,-1.048543304204940796e-01,-5.426598191261291504e-01,-3.142401278018951416e-01,4.719129800796508789e-01,6.022786498069763184e-01,-1.976896375417709351e-01,-8.240728825330734253e-02,7.702984213829040527e-01,6.825305223464965820e-01,1.314332634210586548e-01,1.055245846509933472e-01,2.349441945552825928e-01,-2.900282479822635651e-02,-4.822778701782226562e-01,-1.860071718692779541e-01,5.064663290977478027e-01,4.488086998462677002e-01,3.436789214611053467e-01,4.516060948371887207e-01,-4.004166424274444580e-01,-4.996863752603530884e-02,-5.877829194068908691e-01,-6.000881195068359375e-01,-2.834022939205169678e-01,-3.456875681877136230e-01,-4.006672501564025879e-01,-2.397071123123168945e-01,-2.331354916095733643e-01,-4.552507996559143066e-01,-4.135317802429199219e-01,-3.130074143409729004e-01,-3.553353846073150635e-01,-4.013379514217376709e-01,-4.246096014976501465e-01,-4.370267987251281738e-01,-2.091844081878662109e-01,-3.472958505153656006e-01,1.268935650587081909e-01,-6.091330945491790771e-02,-2.737041413784027100e-01,-5.080509185791015625e-01,1.764212697744369507e-01,4.783876985311508179e-02,-2.821075320243835449e-01,-2.419543564319610596e-01,-3.385985791683197021e-01,-4.805692285299301147e-02,-6.386635899543762207e-01,-1.051201000809669495e-01,-4.749814271926879883e-01,-3.473061919212341309e-01,-3.750611245632171631e-01,-4.070238471031188965e-01,3.518054187297821045e-01,9.660035371780395508e-02,4.629876464605331421e-02,-1.378932446241378784e-01,-2.513712048530578613e-01,-2.399659156799316406e-02,2.133774906396865845e-01,-3.271062672138214111e-01,-2.363396883010864258e-01,-4.040442109107971191e-01,-2.074024677276611328e-01,-3.017168343067169189e-01,-4.697261154651641846e-01,-4.135899245738983154e-01,-3.136364817619323730e-01,-3.887814879417419434e-01,-1.330747306346893311e-01,-4.095955491065979004e-01,-1.497214287519454956e-01,-2.125009745359420776e-01,-7.776658516377210617e-03,-2.196330279111862183e-01,-7.062642276287078857e-02,-3.414713740348815918e-01,-5.479744076728820801e-02,-3.305115103721618652e-01,-4.112603366374969482e-01,-2.873275578022003174e-01,-4.387291967868804932e-01,-5.421356558799743652e-01,-4.769259989261627197e-01,-5.390022397041320801e-01,3.034386597573757172e-02,-3.244956135749816895e-01,-2.757934108376502991e-02,-3.692118525505065918e-01,-2.055922448635101318e-01,-4.588625431060791016e-01,1.590868085622787476e-01,-2.688716948032379150e-01,-1.295613348484039307e-01,-4.244505465030670166e-01,-4.721163809299468994e-01,-3.617046177387237549e-01,-3.118510246276855469e-01,-2.972106635570526123e-01,-3.497684597969055176e-01,-3.098107278347015381e-01
-3.662602305412292480e-01,-3.906955420970916748e-01,2.401452511548995972e-02,-1.599669605493545532e-01,4.555286169052124023e-01,4.228273034095764160e-01,4.109327122569084167e-02,-1.461438685655593872e-01,0.000000000000000000e+00,6.010118126869201660e-01,2.317984104156494141e-01,-1.192157343029975891e-02,5.734357833862304688e-01,5.877616256475448608e-02,5.939708352088928223e-01,5.079179406166076660e-01,3.678758144378662109e-01,9.319418668746948242e-02,-2.465803921222686768e-01,-3.500396609306335449e-01,3.044717758893966675e-02,2.733303010463714600e-01,-5.196513235569000244e-02,5.086373910307884216e-02,5.600373744964599609e-01,4.890778958797454834e-01,-1.450826320797204971e-02,3.459422588348388672e-01,5.548666119575500488e-01,2.450345009565353394e-01,4.176728725433349609e-01,4.936721920967102051e-01,-3.993905186653137207e-01,-2.806111872196197510e-01,-7.839976251125335693e-02,-1.455215066671371460e-01,3.744168281555175781e-01,3.542896509170532227e-01,1.329478621482849121e-01,1.156227514147758484e-01,3.396815657615661621e-01,1.860382705926895142e-01,-3.285489976406097412e-01,-4.797745496034622192e-02,-2.540718019008636475e-01,-3.494114875793457031e-01,-2.050288766622543335e-01,-1.723298728466033936e-01,-5.535492300987243652e-02,-4.685803875327110291e-02,-2.216507643461227417e-01,-1.507868468761444092e-01,-3.983861804008483887e-01,-1.999570429325103760e-01,-1.336384266614913940e-01,4.854948818683624268e-02,-4.266568720340728760e-01,-5.261225104331970215e-01,-5.172123312950134277e-01,-4.201965928077697754e-01,-2.834488451480865479e-01,-3.387902081012725830e-01,2.191379815340042114e-01,-3.410543203353881836e-01,-6.222754344344139099e-02,-2.079754769802093506e-01,-4.832782447338104248e-01,-3.752020001411437988e-01,-5.348088741302490234e-01,-2.995948493480682373e-01,4.643158316612243652e-01,6.161581277847290039e-01,4.652373194694519043e-01,2.541263401508331299e-01,-2.416663244366645813e-02,3.535401821136474609e-01,1.908709704875946045e-01,3.111042976379394531e-01,-2.384288422763347626e-02,-2.563446760177612305e-02,1.763034611940383911e-01,1.540726423263549805e-01,4.251207113265991211e-01,3.960081934928894043e-01,-1.100820899009704590e-01,1.101516336202621460e-01,2.278675585985183716e-01,4.843739569187164307e-01,-3.403232991695404053e-02,-1.229336578398942947e-02,-1.334083527326583862e-01,3.634610772132873535e-02,-8.911602199077606201e-02,1.720350980758666992e-01,1.689580380916595459e-01,5.821397900581359863e-02,3.507755324244499207e-02,2.436469346284866333e-01,1.677375882863998413e-01,1.720567792654037476e-01,-1.272921711206436157e-01,2.540056109428405762e-01,-1.759633235633373260e-02,3.388472497463226318e-01,2.854837104678153992e-02,3.027689754962921143e-01,-9.193556010723114014e-02,2.050091028213500977e-01,6.350918114185333252e-02,1.776503026485443115e-02,5.204255878925323486e-02,-1.807380095124244690e-02,-8.450917899608612061e-02,6.608453392982482910e-02,8.813182264566421509e-02,2.239049971103668213e-01
-2.226546108722686768e-01,-1.971770972013473511e-01,1.330863386392593384e-01,6.467636674642562866e-02,5.796680450439453125e-01,5.012090206146240234e-01,1.651119589805603027e-01,2.802642807364463806e-02,6.010118126869201660e-01,0.000000000000000000e+00,1.568474918603897095e-01,6.888893246650695801e-02,2.841227650642395020e-01,9.720896929502487183e-02,4.194759130477905273e-01,6.465244293212890625e-01,1.500038355588912964e-01,-1.253252029418945312e-01,-6.665726751089096069e-02,-1.305697560310363770e-01,2.333435565233230591e-01,3.795991241931915283e-01,1.005830541253089905e-01,2.372165024280548096e-01,3.793664574623107910e-01,4.487708806991577148e-01,9.139367192983627319e-02,3.978945314884185791e-01,3.807556033134460449e-01,1.438481360673904419e-01,4.811178743839263916e-01,5.220348238945007324e-01,-3.028912544250488281e-01,-1.389002799987792969e-01,-2.733338177204132080e-01,-1.989281773567199707e-01,2.229598909616470337e-01,2.620885670185089111e-01,1.259791404008865356e-01,2.319495677947998047e-01,2.489381879568099976e-01,2.667942084372043610e-02,-4.362725615501403809e-01,-1.622668504714965820e-01,-3.874774277210235596e-01,-4.683778584003448486e-01,-3.178886473178863525e-01,-2.501979470252990723e-01,-2.527749240398406982e-01,-2.369237095117568970e-01,-4.578723013401031494e-01,-2.274470180273056030e-01,-5.158858299255371094e-01,-1.257572919130325317e-01,-3.348594605922698975e-01,7.626782637089490891e-03,-3.923613429069519043e-01,-3.570569753646850586e-01,-5.220849514007568359e-01,-3.628155887126922607e-01,-4.184206724166870117e-01,-2.649880051612854004e-01,1.464817207306623459e-02,-3.502309918403625488e-01,-2.505380809307098389e-01,-3.235585987567901611e-01,-5.099690556526184082e-01,-3.966161608695983887e-01,-4.251587092876434326e-01,-2.324796020984649658e-01,3.928296864032745361e-01,6.565693020820617676e-01,3.476873338222503662e-01,1.869311481714248657e-01,8.498588576912879944e-03,4.351988732814788818e-01,1.281125992536544800e-01,2.978428006172180176e-01,-1.245107427239418030e-01,-1.288236398249864578e-02,-1.075921803712844849e-01,9.173604846000671387e-02,2.216358631849288940e-01,4.263069331645965576e-01,-3.830650448799133301e-01,1.680406928062438965e-01,1.072801128029823303e-01,5.536625981330871582e-01,-2.399968206882476807e-01,2.136787921190261841e-01,-2.958162128925323486e-01,8.333763480186462402e-02,-2.196615338325500488e-01,2.359014749526977539e-01,1.796627789735794067e-01,2.378933131694793701e-02,-7.589787989854812622e-02,1.510556638240814209e-01,4.493226110935211182e-02,1.223816499114036560e-01,-3.261364400386810303e-01,3.624922335147857666e-01,-1.721197515726089478e-01,3.856810927391052246e-01,-1.041909977793693542e-01,2.659469246864318848e-01,-2.266799509525299072e-01,3.089538514614105225e-01,1.270549092441797256e-02,2.683074772357940674e-02,-1.600809209048748016e-02,-1.335268467664718628e-01,-1.858175247907638550e-01,-8.671787381172180176e-02,-9.607736766338348389e-02,9.667575359344482422e-02
1.327237784862518311e-01,-1.120991557836532593e-01,2.428631931543350220e-01,1.880498826503753662e-01,2.913669645786285400e-01,2.150899022817611694e-01,3.153148293495178223e-01,1.878824234008789062e-01,2.317984104156494141e-01,1.568474918603897095e-01,0.000000000000000000e+00,2.802619636058807373e-01,5.232421159744262695e-01,2.080060541629791260e-01,4.019888937473297119e-01,9.798393398523330688e-02,-6.375956349074840546e-03,-5.629650503396987915e-02,5.143677443265914917e-02,9.653798490762710571e-02,2.063735201954841614e-02,1.196587607264518738e-01,2.888422906398773193e-01,2.962607145309448242e-01,4.435210227966308594e-01,3.843261599540710449e-01,2.686984241008758545e-01,1.603129506111145020e-01,1.878724843263626099e-01,1.961255073547363281e-02,4.450706243515014648e-01,3.160125017166137695e-01,-1.031309440732002258e-01,-1.799670457839965820e-01,-1.678453236818313599e-01,-1.383203864097595215e-01,-1.291097998619079590e-01,-2.216893732547760010e-01,-1.689563691616058350e-01,-2.555315196514129639e-01,-4.592633619904518127e-02,-4.531503841280937195e-02,-1.923394054174423218e-01,-1.586925387382507324e-01,-2.127919793128967285e-01,-2.118369638919830322e-01,-2.117874920368194580e-01,-2.032287716865539551e-01,-2.195236384868621826e-01,-2.122269421815872192e-01,-1.612011939287185669e-01,-2.384688109159469604e-01,-6.515108793973922729e-02,-2.013138383626937866e-01,-1.999120265245437622e-01,-2.523708343505859375e-01,1.531568542122840881e-02,-3.057143688201904297e-01,-2.542349100112915039e-01,-3.372235000133514404e-01,-1.021188199520111084e-01,-4.072885513305664062e-01,1.652999036014080048e-02,-2.428983747959136963e-01,-3.422491624951362610e-02,-2.041312307119369507e-01,-3.394406735897064209e-01,-3.310278654098510742e-01,-6.622933596372604370e-02,-1.602949947118759155e-01,2.397006899118423462e-01,1.484140008687973022e-01,1.451872140169143677e-01,-6.334190815687179565e-02,1.384329497814178467e-01,-1.177853569388389587e-01,-5.720084533095359802e-02,-9.187733381986618042e-02,8.452912420034408569e-02,-3.188332319259643555e-01,-4.671905562281608582e-02,-3.402523100376129150e-01,7.009114325046539307e-02,-1.436350345611572266e-01,-2.747851051390171051e-02,-2.272022962570190430e-01,2.168576978147029877e-02,-6.438227742910385132e-02,-2.481869421899318695e-02,-2.195029407739639282e-01,-1.671287417411804199e-01,-2.493403851985931396e-01,-5.114971473813056946e-02,-1.316750943660736084e-01,-1.118060797452926636e-01,-5.311819538474082947e-02,-2.016627639532089233e-01,-2.002404332160949707e-01,-1.432905644178390503e-01,-1.802524775266647339e-01,-8.319098269566893578e-04,-4.785455763339996338e-02,1.454199664294719696e-03,-8.199971914291381836e-02,-9.769233316183090210e-02,-1.453268229961395264e-01,4.397390782833099365e-02,-1.387452613562345505e-02,-4.148591682314872742e-02,-2.597919404506683350e-01,-2.095344960689544678e-01,-1.945549249649047852e-01,-2.005730420351028442e-01,-1.064438894391059875e-01,-1.009225249290466309e-01,-5.980473384261131287e-02
1.329802814871072769e-02,7.499752193689346313e-02,-2.980343811213970184e-02,2.963261008262634277e-01,9.598293900489807129e-02,2.478723824024200439e-01,7.381951808929443359e-02,3.604086041450500488e-01,-1.192157343029975891e-02,6.888893246650695801e-02,2.802619636058807373e-01,0.000000000000000000e+00,2.257331609725952148e-01,6.562713384628295898e-01,8.654263615608215332e-02,9.244927018880844116e-02,-9.830350987613201141e-03,3.062852621078491211e-01,-3.598336502909660339e-02,2.401657551527023315e-01,6.625454127788543701e-02,-3.489041328430175781e-02,3.092157542705535889e-01,3.161553442478179932e-01,4.139504730701446533e-01,3.830284774303436279e-01,1.142281517386436462e-01,-1.577408462762832642e-01,1.518299151211977005e-02,3.390302658081054688e-01,2.234402298927307129e-01,1.700845956802368164e-01,4.889201745390892029e-02,5.969798937439918518e-02,-9.942794591188430786e-02,1.714478433132171631e-01,-1.411834508180618286e-01,-2.082286030054092407e-01,-3.335803151130676270e-01,-3.225211203098297119e-01,7.692904025316238403e-02,8.377829939126968384e-02,3.611207008361816406e-02,-1.642867028713226318e-01,-3.072491288185119629e-02,-3.743308829143643379e-03,-1.720296405255794525e-02,-2.067921124398708344e-02,-1.796962171792984009e-01,-8.667016774415969849e-02,-1.546641588211059570e-01,-7.282945513725280762e-02,4.203488305211067200e-02,-4.720175266265869141e-02,-9.286228567361831665e-02,-1.163132712244987488e-01,-1.336315870285034180e-01,-1.516975089907646179e-02,-2.128710895776748657e-01,-1.657512485980987549e-01,-3.182254135608673096e-01,4.189212620258331299e-02,-1.949778497219085693e-01,2.808542251586914062e-01,-1.146387383341789246e-01,9.816958568990230560e-03,-1.475131362676620483e-01,-1.668575219810009003e-02,8.354237303137779236e-03,-1.825009286403656006e-01,-4.838410019874572754e-02,1.002204511314630508e-02,1.175561547279357910e-01,2.625546753406524658e-01,9.462767094373703003e-02,-1.895106434822082520e-01,1.423827186226844788e-02,-9.801725856959819794e-03,5.771157518029212952e-02,4.840550571680068970e-02,-1.543754190206527710e-01,-6.411845330148935318e-03,-1.371506005525588989e-01,-8.514814823865890503e-02,-1.284527927637100220e-01,-1.611136496067047119e-01,-1.592554152011871338e-01,-1.995061635971069336e-01,-1.159685924649238586e-01,-8.344892412424087524e-02,-6.127905100584030151e-02,-2.678974904119968414e-02,-3.898717090487480164e-02,-1.466276049613952637e-01,-1.727493703365325928e-01,-7.542277872562408447e-02,-2.444607205688953400e-02,-7.123951613903045654e-02,-1.072931140661239624e-01,-1.422563046216964722e-01,-5.658508092164993286e-02,-1.452944725751876831e-01,-1.719130575656890869e-01,-2.047060877084732056e-01,-9.422329813241958618e-02,-4.436906054615974426e-02,-4.551156982779502869e-02,-7.025163620710372925e-02,-1.975295096635818481e-01,-1.395613253116607666e-01,-3.868868947029113770e-02,1.395166199654340744e-02,4.631818737834692001e-03,-7.299017906188964844e-02,-4.641069471836090088e-02,-1.059758141636848450e-01
4.404071345925331116e-02,-1.151053681969642639e-01,1.727534383535385132e-01,1.165662631392478943e-01,3.003512322902679443e-01,3.364296853542327881e-01,2.777796983718872070e-01,1.054115891456604004e-01,5.734357833862304688e-01,2.841227650642395020e-01,5.232421159744262695e-01,2.257331609725952148e-01,0.000000000000000000e+00,3.301306962966918945e-01,4.444335699081420898e-01,2.745611369609832764e-01,3.132489621639251709e-01,1.792478859424591064e-01,-5.679719150066375732e-02,1.799354143440723419e-02,8.793039619922637939e-02,1.220186203718185425e-01,3.050125241279602051e-01,3.707791864871978760e-01,5.589503645896911621e-01,5.276438593864440918e-01,2.763841301202774048e-02,1.034405753016471863e-01,3.371061086654663086e-01,7.721885293722152710e-02,4.579708576202392578e-01,4.752445220947265625e-01,-1.063986495137214661e-01,-9.215328097343444824e-02,-1.416735202074050903e-01,-9.872449934482574463e-02,9.536688774824142456e-02,1.393699366599321365e-02,-1.749112457036972046e-01,-1.832008659839630127e-01,1.873956024646759033e-01,1.060950756072998047e-01,-1.846317797899246216e-01,-1.444321125745773315e-01,-1.949912607669830322e-01,-2.870177626609802246e-01,-1.712986826896667480e-01,-2.093574702739715576e-01,-1.074638590216636658e-01,-4.373057931661605835e-02,-2.201050817966461182e-01,-1.757624149322509766e-01,-2.300443202257156372e-01,-2.209278345108032227e-01,-2.030712366104125977e-01,-3.606320172548294067e-02,-7.163179665803909302e-02,-3.419587016105651855e-01,-4.525731801986694336e-01,-4.736437797546386719e-01,-2.528517544269561768e-01,-3.876141607761383057e-01,1.959828585386276245e-01,-1.830603480339050293e-01,-3.626243770122528076e-02,-1.448793411254882812e-01,-3.804594278335571289e-01,-3.312582373619079590e-01,-2.133034318685531616e-01,-1.708858609199523926e-01,1.883399784564971924e-01,2.939170598983764648e-01,2.397487163543701172e-01,8.659379929304122925e-02,-7.599330693483352661e-02,4.387816414237022400e-03,1.958910375833511353e-02,6.346967816352844238e-02,2.557690255343914032e-03,-5.844141170382499695e-02,9.326683729887008667e-02,2.203787676990032196e-02,1.210948824882507324e-01,1.236713454127311707e-01,-7.346146553754806519e-02,-7.072345912456512451e-02,1.122163832187652588e-01,1.886691153049468994e-01,-5.661809071898460388e-02,-1.485906541347503662e-01,-2.393985837697982788e-01,-1.193204969167709351e-01,-1.028806194663047791e-01,-4.986413195729255676e-02,-1.737068742513656616e-01,-1.073805317282676697e-01,-1.694144457578659058e-01,-3.806092590093612671e-02,-7.992464303970336914e-02,-1.125458180904388428e-01,-1.839413940906524658e-01,6.403711438179016113e-02,-1.605639308691024780e-01,8.308599144220352173e-02,-2.365771681070327759e-01,-1.974685862660408020e-02,-8.851272612810134888e-02,3.842287883162498474e-02,2.174510061740875244e-02,-2.436635792255401611e-01,-1.454695910215377808e-01,-1.982540041208267212e-01,-1.976613700389862061e-01,-1.484542489051818848e-01,-1.490405648946762085e-01,-5.628161877393722534e-02
