0.000000000000000000e+00,5.445312261581420898e-01,3.878036886453628540e-02,2.045497298240661621e-03,6.789103895425796509e-02,-8.409114181995391846e-02,9.415612369775772095e-02,-1.714301668107509613e-02,4.440622031688690186e-02,-1.043896228075027466e-01,4.126131236553192139e-01,2.745986282825469971e-01,1.878572404384613037e-01,-4.544059187173843384e-02,-3.847452625632286072e-02,-1.603900492191314697e-01,2.041903287172317505e-01,2.533094584941864014e-01,3.891793787479400635e-01,4.739268422126770020e-01,-2.666743658483028412e-02,9.030519425868988037e-02,-1.056381464004516602e-01,-9.979832917451858521e-02,-1.595698446035385132e-01,-1.731092035770416260e-01,-8.142559975385665894e-02,-2.919615246355533600e-02,2.370349317789077759e-01,1.243163794279098511e-01,-4.714903980493545532e-02,-7.076792884618043900e-03,-4.327728599309921265e-02,-7.552844285964965820e-02,-3.343352675437927246e-01,-3.923349380493164062e-01,1.097668260335922241e-01,7.747274637222290039e-02,3.880493715405464172e-02,-3.078190051019191742e-02,6.873640418052673340e-02,1.357398033142089844e-01,-1.972961425781250000e-01,-1.496737003326416016e-01,-9.657244384288787842e-02,-1.720205508172512054e-02,-1.157345995306968689e-01,1.752591878175735474e-01,1.708426699042320251e-02,2.324902117252349854e-01,1.151480153203010559e-01,2.064943015575408936e-01,3.692268580198287964e-02,-1.962329447269439697e-02,9.242936968803405762e-03,5.516551807522773743e-02,4.514099359512329102e-01,4.972965121269226074e-01,4.732741415500640869e-01,5.026872754096984863e-01,4.608530104160308838e-01,2.916766107082366943e-01,2.868670523166656494e-01,2.546651959419250488e-01,-2.236121445894241333e-01,-3.355227112770080566e-01,-1.467113941907882690e-01,-1.819892227649688721e-01,3.764525353908538818e-01,3.431548476219177246e-01,1.842905730009078979e-01,9.736105799674987793e-02,1.020414233207702637e-01,1.259974390268325806e-01,-1.392684280872344971e-01,-6.833307445049285889e-02,-2.562269568443298340e-01,-2.815288007259368896e-01,-1.319698989391326904e-03,7.844342850148677826e-03,7.790798693895339966e-02,2.966744899749755859e-01,-1.578322052955627441e-01,-1.253886055201292038e-02,-4.723214730620384216e-02,1.345047652721405029e-01,5.453620478510856628e-02,6.271007657051086426e-02,-1.238990351557731628e-01,-5.603900551795959473e-02,-4.911197721958160400e-01,-1.385404914617538452e-01,-4.426136016845703125e-01,-1.561072915792465210e-01,2.711146883666515350e-02,-9.362618438899517059e-03,-1.770044565200805664e-01,-1.725461483001708984e-01,-2.172049582004547119e-01,-1.658328622579574585e-01,-1.811352372169494629e-01,2.008926309645175934e-02,-9.638968855142593384e-02,-1.875931955873966217e-02,-1.786880642175674438e-01,-1.790542453527450562e-01,-1.715714484453201294e-01,-2.586309053003787994e-02,-6.841346621513366699e-02,-1.203580945730209351e-01,-2.778324782848358154e-01,-3.915480673313140869e-01,-3.442727625370025635e-01,-1.505529731512069702e-01,-2.806149423122406006e-01,-1.773097664117813110e-01
5.445312261581420898e-01,0.000000000000000000e+00,-1.534492615610361099e-02,-5.009336024522781372e-02,-1.475596055388450623e-02,-1.284901350736618042e-01,-2.305143624544143677e-01,-2.663474082946777344e-01,-1.594713144004344940e-02,-1.682366132736206055e-01,2.817047201097011566e-02,-4.251371696591377258e-02,-8.717808872461318970e-02,-8.354777842760086060e-02,2.351430989801883698e-02,-2.184651941061019897e-01,6.684438884258270264e-02,1.752267777919769287e-01,3.110099136829376221e-01,4.216677546501159668e-01,-6.552283465862274170e-02,4.370015487074851990e-02,-7.355057448148727417e-02,-5.975964013487100601e-03,3.640764951705932617e-02,-9.339138120412826538e-02,1.028423383831977844e-01,1.284519881010055542e-01,-7.635927945375442505e-02,-1.290340907871723175e-02,-1.121602132916450500e-01,-2.803195454180240631e-02,1.803475618362426758e-02,-5.601154267787933350e-02,-9.591167420148849487e-02,-1.978304088115692139e-01,1.393910944461822510e-01,1.729671508073806763e-01,-3.365221992135047913e-02,-1.288316249847412109e-01,1.113386750221252441e-01,4.950297996401786804e-02,-1.312810033559799194e-01,-1.169594377279281616e-01,9.023160487413406372e-02,1.044480502605438232e-01,-9.183344244956970215e-02,1.086892262101173401e-01,1.223322078585624695e-01,2.692641913890838623e-01,2.514487206935882568e-01,2.211344987154006958e-01,2.523311972618103027e-01,9.990038722753524780e-02,-2.178846299648284912e-02,8.921258151531219482e-02,6.776516437530517578e-01,7.396329045295715332e-01,3.637770116329193115e-01,4.578361213207244873e-01,1.304164081811904907e-01,-1.602594181895256042e-02,-1.317489594221115112e-01,-6.460947543382644653e-02,-4.536670818924903870e-02,-1.240845322608947754e-01,6.953573971986770630e-02,-2.940170466899871826e-02,6.015769243240356445e-01,6.019421219825744629e-01,1.349238455295562744e-01,-1.743411645293235779e-02,-4.619893059134483337e-02,4.047101736068725586e-02,-1.954537481069564819e-01,-5.614965036511421204e-02,-3.121226131916046143e-01,-3.437034785747528076e-01,-8.683016896247863770e-02,4.795413091778755188e-02,-8.301407098770141602e-02,2.740913927555084229e-01,-2.437483817338943481e-01,-1.517870724201202393e-01,1.726806014776229858e-01,2.456542104482650757e-01,-8.374314755201339722e-02,-1.453128177672624588e-02,-4.872217774391174316e-02,-1.297395974397659302e-01,-3.170107603073120117e-01,-2.256364673376083374e-01,-2.405868172645568848e-01,-3.161902427673339844e-01,-1.602045260369777679e-02,-1.456891447305679321e-01,-1.100031733512878418e-01,-2.497494518756866455e-01,-4.442170858383178711e-01,-3.979829251766204834e-01,-8.901921659708023071e-02,-2.054968327283859253e-01,-2.175548076629638672e-01,-2.705409526824951172e-01,-7.922823727130889893e-02,-1.698557734489440918e-01,-1.964119970798492432e-01,-1.644818037748336792e-01,-2.161081284284591675e-01,-1.046793237328529358e-01,-2.463100999593734741e-01,-4.620096981525421143e-01,-3.156629204750061035e-01,-1.533685624599456787e-01,-2.317048311233520508e-01,-1.735281497240066528e-01
3.878036886453628540e-02,-1.534492615610361099e-02,0.000000000000000000e+00,6.357609033584594727e-01,-1.435253117233514786e-02,3.732866942882537842e-01,4.712479710578918457e-01,4.956535398960113525e-01,2.299349382519721985e-02,1.096070781350135803e-01,8.290303498506546021e-02,-2.227271348237991333e-02,2.574445307254791260e-01,1.807544529438018799e-01,5.831099748611450195e-01,1.586897224187850952e-01,-1.451201438903808594e-01,5.679936707019805908e-02,2.968564331531524658e-01,1.830944567918777466e-01,-1.282381732016801834e-02,3.562351688742637634e-02,6.580843329429626465e-01,6.246222257614135742e-01,1.578800231218338013e-01,2.025035582482814789e-02,9.941961616277694702e-02,-1.554026901721954346e-01,5.469270050525665283e-02,1.358865201473236084e-01,1.023332253098487854e-01,2.375120073556900024e-01,1.406812369823455811e-01,1.099991872906684875e-01,1.091908738017082214e-01,6.617496907711029053e-02,-6.406409293413162231e-02,-2.036824822425842285e-02,-1.022749245166778564e-01,-1.256054788827896118e-01,5.916543677449226379e-02,-1.251001507043838501e-01,-2.625096440315246582e-01,-3.347904384136199951e-01,-4.402070939540863037e-01,-4.288974702358245850e-01,-2.196360230445861816e-01,-3.817552626132965088e-01,-5.242714285850524902e-01,-4.500903785228729248e-01,-4.345811903476715088e-01,-4.727292358875274658e-01,-4.351543486118316650e-01,-5.125405192375183105e-01,4.992709681391716003e-02,-3.499316573143005371e-01,-1.603933572769165039e-01,-1.250405907630920410e-01,-3.208075091242790222e-02,-8.031289279460906982e-02,-7.380517572164535522e-02,-1.143607571721076965e-01,-2.382706291973590851e-02,9.407809004187583923e-03,1.543485373258590698e-01,7.880405336618423462e-02,2.410947680473327637e-01,1.378451883792877197e-01,1.002027913928031921e-01,-5.275886505842208862e-03,3.305422067642211914e-01,2.060362994670867920e-01,2.332032173871994019e-01,1.915598362684249878e-01,1.548171490430831909e-01,1.386882178485393524e-02,4.126440286636352539e-01,2.962947487831115723e-01,-2.185222357511520386e-01,-2.159982621669769287e-01,-9.373042732477188110e-02,-1.120496019721031189e-01,-6.494019925594329834e-02,-2.157180309295654297e-01,-2.214836701750755310e-02,-2.825080454349517822e-01,4.105321168899536133e-01,2.109459638595581055e-01,-5.256847012788057327e-03,-3.253867924213409424e-01,7.639216631650924683e-02,-4.705164432525634766e-01,-6.631832104176282883e-03,-7.619883120059967041e-02,1.948004066944122314e-01,-4.227326717227697372e-03,6.355048716068267822e-02,2.962129116058349609e-01,1.585159301757812500e-01,2.397845834493637085e-01,8.048275113105773926e-02,-2.559899389743804932e-01,1.865719407796859741e-01,6.313037127256393433e-02,1.510058045387268066e-01,2.137007191777229309e-02,2.045373022556304932e-01,4.570598602294921875e-01,-1.108977361582219601e-03,7.569099217653274536e-02,-3.450134024024009705e-02,2.910470962524414062e-02,-2.626750431954860687e-02,-6.591326743364334106e-02,7.742239162325859070e-03,5.494936555624008179e-02
2.045497298240661621e-03,-5.009336024522781372e-02,6.357609033584594727e-01,0.000000000000000000e+00,-2.391016483306884766e-02,3.971510529518127441e-01,2.927645444869995117e-01,5.246949195861816406e-01,-1.496484782546758652e-02,1.818135678768157959e-01,-6.193470209836959839e-02,-6.628036499023437500e-02,5.526758730411529541e-02,2.696919441223144531e-02,4.204462170600891113e-01,2.333681583404541016e-01,5.089998245239257812e-02,-2.765418216586112976e-02,1.885766535997390747e-01,1.757756918668746948e-01,-2.511137165129184723e-02,1.909572482109069824e-01,5.631033182144165039e-01,6.376952528953552246e-01,6.632901728153228760e-02,5.293615162372589111e-02,1.321180462837219238e-01,-4.194126650691032410e-02,2.310805721208453178e-03,5.482632666826248169e-02,6.040328741073608398e-02,1.878619343042373657e-01,-1.667661778628826141e-02,5.537264794111251831e-02,4.184565693140029907e-02,5.570035800337791443e-02,-5.520906997844576836e-04,-2.686099521815776825e-02,3.374249488115310669e-02,-4.020521044731140137e-02,1.146067678928375244e-02,-1.798380166292190552e-02,-3.510331809520721436e-01,-3.199091255664825439e-01,-4.345017373561859131e-01,-4.214980602264404297e-01,-2.265428304672241211e-01,-2.441899776458740234e-01,-4.863436520099639893e-01,-3.547414243221282959e-01,-4.716052412986755371e-01,-3.212200105190277100e-01,-4.681086838245391846e-01,-2.553275823593139648e-01,-6.302015483379364014e-02,-7.214452326297760010e-02,-9.848636388778686523e-02,-4.348731040954589844e-02,-4.092434793710708618e-02,-3.786356747150421143e-02,-1.503616571426391602e-01,-9.589312225580215454e-02,6.978020817041397095e-02,5.381250008940696716e-02,-1.225179177708923817e-03,3.448451310396194458e-02,1.929852962493896484e-01,1.374491304159164429e-01,3.624992445111274719e-02,-1.881182380020618439e-02,2.426378726959228516e-01,2.207205295562744141e-01,1.112596392631530762e-01,1.100534647703170776e-01,6.336070597171783447e-02,5.169726163148880005e-02,3.055619895458221436e-01,2.714006006717681885e-01,-2.243936359882354736e-01,-1.120432317256927490e-01,-4.530109465122222900e-02,1.917679607868194580e-02,-1.535531226545572281e-02,-1.450408995151519775e-01,-2.129046916961669922e-01,-3.484204411506652832e-02,3.530329763889312744e-01,3.862200677394866943e-01,-2.488077729940414429e-01,3.027414530515670776e-02,-3.450869396328926086e-02,-2.812819182872772217e-01,-1.242681145668029785e-01,5.020851269364356995e-02,1.895921081304550171e-01,1.772436648607254028e-01,7.228310406208038330e-02,3.011396229267120361e-01,1.890110671520233154e-01,1.439371407032012939e-01,-1.290477812290191650e-01,-9.076942503452301025e-02,2.031991630792617798e-01,2.219804227352142334e-01,-5.923232436180114746e-02,-4.064230248332023621e-02,1.296162158250808716e-01,4.700869321823120117e-01,-7.598941028118133545e-02,1.832037419080734253e-01,2.922333776950836182e-02,8.837268501520156860e-02,-9.816285222768783569e-02,-3.202187642455101013e-02,-7.641590386629104614e-02,1.875234246253967285e-01
6.789103895425796509e-02,-1.475596055388450623e-02,-1.435253117233514786e-02,-2.391016483306884766e-02,0.000000000000000000e+00,2.121608853340148926e-01,-2.235378138720989227e-02,-6.431595236063003540e-02,4.996857941150665283e-01,3.381707370281219482e-01,9.642659872770309448e-02,-2.077379450201988220e-02,1.138836964964866638e-01,-4.176274687051773071e-02,3.713416308164596558e-02,2.804546952247619629e-01,1.199189051985740662e-01,1.326352059841156006e-01,1.507857907563447952e-02,-2.984771877527236938e-02,1.191233396530151367e-01,2.009261399507522583e-01,1.332030743360519409e-01,-1.726260222494602203e-02,2.612009644508361816e-01,3.622399568557739258e-01,1.066978648304939270e-01,2.430446445941925049e-01,1.145159304141998291e-01,-5.714368075132369995e-02,2.626774311065673828e-01,1.685690730810165405e-01,2.355087175965309143e-02,1.736129969358444214e-01,1.169855073094367981e-01,2.167771197855472565e-02,5.833899602293968201e-02,-1.025942787528038025e-01,5.567609518766403198e-02,5.658757686614990234e-02,-6.731592118740081787e-02,-3.358859941363334656e-02,6.255262345075607300e-02,4.243899136781692505e-02,8.986602723598480225e-02,3.005539625883102417e-02,-2.200478501617908478e-02,3.168888762593269348e-02,-1.018782728351652622e-03,-3.646254539489746094e-02,-1.937286853790283203e-01,-5.381289497017860413e-02,-2.256735265254974365e-01,1.045852228999137878e-01,4.738594405353069305e-03,7.478258758783340454e-02,8.930354565382003784e-02,-7.255525793880224228e-03,2.343873865902423859e-02,8.576407097280025482e-03,-1.011355966329574585e-01,-4.784252867102622986e-02,4.653778299689292908e-02,4.165055230259895325e-03,-5.678747314959764481e-03,-4.728280473500490189e-03,3.430148586630821228e-02,-2.863335236907005310e-02,-5.790448561310768127e-02,-2.841310761868953705e-02,8.734591305255889893e-02,9.560093283653259277e-02,1.209062337875366211e-02,-2.154554240405559540e-02,-8.721774816513061523e-02,-8.098894357681274414e-02,-1.651746183633804321e-01,-1.077213510870933533e-01,5.352704972028732300e-02,1.494386196136474609e-01,-5.006644129753112793e-02,7.628004252910614014e-02,1.343292593955993652e-01,3.506404906511306763e-02,3.672687709331512451e-02,1.248076036572456360e-01,2.016111463308334351e-01,2.415504008531570435e-01,-1.257251352071762085e-01,1.826592683792114258e-01,-1.974816918373107910e-01,1.045579910278320312e-01,-1.762536615133285522e-01,4.660298582166433334e-03,-2.206669189035892487e-02,-4.198512434959411621e-02,-1.418496817350387573e-01,-1.519814729690551758e-01,-4.566779360175132751e-02,-6.931706517934799194e-02,-2.282870262861251831e-01,1.391050517559051514e-01,-9.678313136100769043e-02,3.251704201102256775e-02,-2.111065089702606201e-01,-1.197429932653903961e-02,-7.925663888454437256e-02,-3.585242852568626404e-02,5.296780914068222046e-02,-2.369224578142166138e-01,-1.774225570261478424e-02,-2.747029066085815430e-02,-5.162699893116950989e-02,-1.327566355466842651e-01,-1.264198124408721924e-01,-1.500596702098846436e-01
-8.409114181995391846e-02,-1.284901350736618042e-01,3.732866942882537842e-01,3.971510529518127441e-01,2.121608853340148926e-01,0.000000000000000000e+00,2.385537177324295044e-01,3.422956168651580811e-01,7.426564395427703857e-02,3.160088360309600830e-01,9.346366673707962036e-02,4.450279101729393005e-02,2.131904959678649902e-01,2.181888967752456665e-01,3.753894865512847900e-01,3.348653018474578857e-01,-7.129275053739547729e-02,2.232961170375347137e-02,-9.275309741497039795e-03,-8.442896604537963867e-02,1.476692557334899902e-01,1.107097566127777100e-01,4.121857881546020508e-01,4.067704975605010986e-01,7.364688813686370850e-02,1.122159212827682495e-01,9.869365952908992767e-03,-4.196507483720779419e-02,-1.862761937081813812e-02,-2.865640260279178619e-02,-2.371035329997539520e-02,2.509131841361522675e-02,-6.896236538887023926e-02,-6.639808416366577148e-02,7.295863330364227295e-02,5.924725905060768127e-02,-8.071645349264144897e-02,-1.327725313603878021e-02,-1.904996484518051147e-02,4.405121505260467529e-02,2.786600776016712189e-02,-6.218070629984140396e-03,-1.281110942363739014e-01,-1.712115854024887085e-01,-1.714572906494140625e-01,-2.289152741432189941e-01,-2.102309167385101318e-01,-5.285091698169708252e-02,-2.969555258750915527e-01,-1.858852654695510864e-01,-3.295352160930633545e-01,-1.562556624412536621e-01,-3.228878080844879150e-01,-1.011216267943382263e-01,-2.447874471545219421e-02,1.479936391115188599e-02,-1.606217622756958008e-01,-1.413484066724777222e-01,-8.162302523851394653e-02,-1.581777036190032959e-01,-1.128119379281997681e-01,-1.629290729761123657e-01,5.341711640357971191e-02,5.461852625012397766e-02,5.528581514954566956e-02,5.419783294200897217e-03,-5.944665987044572830e-03,-5.735295638442039490e-02,-6.846167147159576416e-02,-2.228107862174510956e-02,1.055207327008247375e-01,7.260555028915405273e-02,1.493556797504425049e-01,7.442462444305419922e-02,6.260684132575988770e-02,-7.134953886270523071e-02,2.005145549774169922e-01,2.020682990550994873e-01,-8.365029841661453247e-02,-9.363365918397903442e-02,-2.969878911972045898e-02,2.983969822525978088e-02,8.742640912532806396e-02,1.608281955122947693e-02,-5.359678342938423157e-02,-4.505947977304458618e-02,3.291521668434143066e-01,3.121536970138549805e-01,-6.034315377473831177e-02,2.804589085280895233e-02,2.645332738757133484e-02,-8.081943541765213013e-02,-1.146292407065629959e-02,7.256320863962173462e-02,7.959084957838058472e-02,4.500877112150192261e-02,-6.031477078795433044e-02,1.377085149288177490e-01,8.335012942552566528e-02,1.682277768850326538e-01,-7.756234705448150635e-02,-5.560616403818130493e-02,2.138044498860836029e-02,1.112176012247800827e-02,-3.674764186143875122e-02,6.917519867420196533e-02,1.758437417447566986e-02,2.390773594379425049e-01,-3.236684948205947876e-02,-4.159781709313392639e-02,9.906072914600372314e-02,8.812279999256134033e-02,3.516340628266334534e-03,-8.500809967517852783e-02,-1.552249491214752197e-02,-4.115246236324310303e-02
9.415612369775772095e-02,-2.305143624544143677e-01,4.712479710578918457e-01,2.927645444869995117e-01,-2.235378138720989227e-02,2.385537177324295044e-01,0.000000000000000000e+00,4.588586390018463135e-01,-2.536823600530624390e-02,1.569520086050033569e-01,3.144152164459228516e-01,9.559562057256698608e-02,5.025060772895812988e-01,1.465077549219131470e-01,3.301557898521423340e-01,1.232262700796127319e-01,7.398180314339697361e-04,-1.284347474575042725e-02,2.053201198577880859e-01,-3.227148577570915222e-02,-3.344729170203208923e-02,-1.074871346354484558e-01,3.812620639801025391e-01,2.194314599037170410e-01,-7.570511102676391602e-02,-1.476440280675888062e-01,-3.202808275818824768e-02,-1.384001076221466064e-01,1.976690590381622314e-01,-9.649327024817466736e-03,3.032169118523597717e-02,5.159496515989303589e-02,4.304985329508781433e-02,-1.106952037662267685e-02,-1.204752624034881592e-01,-1.636363863945007324e-01,-1.036179214715957642e-01,-1.189734041690826416e-01,-1.274146046489477158e-02,-5.330748111009597778e-02,-1.031585112214088440e-01,-6.663285195827484131e-02,-1.887485980987548828e-01,-2.173053622245788574e-01,-3.122342824935913086e-01,-2.903563678264617920e-01,-1.272632628679275513e-01,-1.939219981431961060e-01,-2.981426119804382324e-01,-2.861284613609313965e-01,-2.529910504817962646e-01,-2.103086709976196289e-01,-2.639652788639068604e-01,-3.278455734252929688e-01,-5.165516212582588196e-02,-2.022593468427658081e-01,-2.176729291677474976e-01,-2.040175944566726685e-01,-6.790316104888916016e-02,-1.042492166161537170e-01,3.448900580406188965e-01,2.426527887582778931e-01,1.674383580684661865e-01,8.585958927869796753e-02,1.773828566074371338e-01,-1.658185385167598724e-02,-2.917101047933101654e-02,-1.095988303422927856e-01,-1.228233277797698975e-01,-1.799580901861190796e-01,1.722852587699890137e-01,1.842984110116958618e-01,2.070672065019607544e-01,1.181170791387557983e-01,1.348389238119125366e-01,2.830672264099121094e-02,2.888488769531250000e-01,1.982136666774749756e-01,-6.471893936395645142e-02,-8.985195308923721313e-02,1.394010963849723339e-03,-6.782247126102447510e-02,-6.773480772972106934e-02,-4.695550352334976196e-02,-6.406566500663757324e-02,-2.117674648761749268e-01,2.501648664474487305e-01,1.550877094268798828e-01,-3.609178587794303894e-02,-7.225345075130462646e-02,-5.063382536172866821e-02,-1.147125288844108582e-01,-7.514709234237670898e-02,2.288351207971572876e-01,5.285659804940223694e-02,8.335129357874393463e-03,-4.416489601135253906e-02,1.419855803251266479e-01,1.056642010807991028e-01,1.887853443622589111e-01,1.593870110809803009e-02,1.112823784351348877e-01,8.520628511905670166e-02,9.911844879388809204e-02,2.954786270856857300e-02,8.406174369156360626e-03,2.957612834870815277e-02,2.732098996639251709e-01,1.046176776289939880e-01,8.840712718665599823e-03,-9.472590684890747070e-02,1.174498256295919418e-02,1.011776030063629150e-01,-1.436559557914733887e-01,-1.508547458797693253e-02,-2.021263353526592255e-02
-1.714301668107509613e-02,-2.663474082946777344e-01,4.956535398960113525e-01,5.246949195861816406e-01,-6.431595236063003540e-02,3.422956168651580811e-01,4.588586390018463135e-01,0.000000000000000000e+00,2.338831126689910889e-02,1.475775092840194702e-01,1.648377031087875366e-01,2.904345989227294922e-01,1.431916654109954834e-01,2.009025514125823975e-01,3.354603946208953857e-01,1.866407096385955811e-01,-1.329322606325149536e-01,-1.598623767495155334e-02,5.823275074362754822e-02,8.740417659282684326e-02,-5.626482143998146057e-02,1.258916556835174561e-01,3.386029899120330811e-01,3.666622936725616455e-01,-2.425501048564910889e-01,-1.267553567886352539e-01,-1.143710166215896606e-01,-2.954342961311340332e-01,1.210985407233238220e-01,2.554211616516113281e-01,-9.602522477507591248e-03,1.326536685228347778e-01,-5.887208133935928345e-02,1.031643971800804138e-01,-2.333649247884750366e-01,-1.496038287878036499e-01,-2.094863951206207275e-01,-1.774832755327224731e-01,2.187313046306371689e-03,-8.053640276193618774e-02,-3.392321988940238953e-02,-9.627372771501541138e-02,-2.420482337474822998e-01,-2.408415824174880981e-01,-4.744043350219726562e-01,-4.025326073169708252e-01,-9.704301506280899048e-02,-2.378206849098205566e-01,-3.791652023792266846e-01,-2.903449237346649170e-01,-3.201322257518768311e-01,-3.454517424106597900e-01,-3.738446533679962158e-01,-4.152825772762298584e-01,1.154130622744560242e-01,-2.388536632061004639e-01,-3.794331550598144531e-01,-2.516411542892456055e-01,-4.232352972030639648e-02,-2.732740342617034912e-02,9.618143737316131592e-02,2.797937691211700439e-01,2.609011530876159668e-01,3.535270988941192627e-01,-1.901312768459320068e-01,2.671689726412296295e-02,-1.863656491041183472e-01,-9.472104907035827637e-02,-2.527105808258056641e-01,-3.240777254104614258e-01,2.522760629653930664e-01,1.802120804786682129e-01,2.424492835998535156e-01,2.497954964637756348e-01,2.212281227111816406e-01,1.894028186798095703e-01,3.325208127498626709e-01,2.462688237428665161e-01,-5.783910676836967468e-02,-1.951326876878738403e-01,-1.418012194335460663e-02,-1.654478907585144043e-01,5.079819634556770325e-02,-1.102658733725547791e-01,-2.705530822277069092e-01,-3.084176480770111084e-01,3.135042190551757812e-01,1.927034854888916016e-01,5.996277928352355957e-02,-1.170727014541625977e-01,1.087197810411453247e-01,-3.027585446834564209e-01,3.409021347761154175e-02,2.914569713175296783e-02,2.573036253452301025e-01,1.516689509153366089e-01,1.567730307579040527e-01,3.629610538482666016e-01,4.081469476222991943e-01,3.927945494651794434e-01,9.406936168670654297e-02,-8.980596810579299927e-02,2.223245501518249512e-01,2.207661718130111694e-01,1.078754216432571411e-01,-3.903825953602790833e-02,2.403931170701980591e-01,3.403991758823394775e-01,1.836223304271697998e-01,1.564876288175582886e-01,1.568944305181503296e-01,1.270894855260848999e-01,-5.567315593361854553e-02,4.414551705121994019e-02,1.261128336191177368e-01,9.065963327884674072e-02
4.440622031688690186e-02,-1.594713144004344940e-02,2.299349382519721985e-02,-1.496484782546758652e-02,4.996857941150665283e-01,7.426564395427703857e-02,-2.536823600530624390e-02,2.338831126689910889e-02,0.000000000000000000e+00,3.585267663002014160e-01,1.679909229278564453e-01,-4.344166442751884460e-02,7.130966335535049438e-02,-1.690806448459625244e-01,3.199097514152526855e-02,2.938195765018463135e-01,2.312607876956462860e-02,-3.288537263870239258e-02,1.075948551297187805e-01,2.380700595676898956e-02,1.950205415487289429e-01,3.311684429645538330e-01,8.278980851173400879e-02,5.843556672334671021e-02,1.043547317385673523e-01,2.730016112327575684e-01,-3.128936514258384705e-03,1.226135864853858948e-01,1.202870607376098633e-01,2.699909731745719910e-02,2.820172309875488281e-01,1.234290376305580139e-01,1.326742470264434814e-01,1.855433136224746704e-01,2.849607542157173157e-02,1.740352436900138855e-02,1.334752440452575684e-01,-3.071024082601070404e-02,8.985287696123123169e-02,1.001602038741111755e-01,3.419162705540657043e-02,-4.164881631731987000e-02,1.062007844448089600e-01,2.765843458473682404e-02,-6.804591417312622070e-02,-5.521840602159500122e-02,-1.614581793546676636e-02,-3.958656452596187592e-03,-8.211577683687210083e-02,-8.384546637535095215e-02,-1.199860721826553345e-01,-1.425541937351226807e-01,-2.369615882635116577e-01,-9.182772040367126465e-02,1.436726306565105915e-03,-5.791910365223884583e-02,-7.396473549306392670e-03,-4.279888793826103210e-02,-4.594264924526214600e-02,-4.402988404035568237e-02,6.063224747776985168e-03,4.520664736628532410e-02,-9.774308651685714722e-02,-8.749530464410781860e-02,-1.230113115161657333e-02,1.145624592900276184e-01,-1.444027666002511978e-02,-5.842154473066329956e-02,-1.014803536236286163e-02,-3.979767858982086182e-02,1.869699209928512573e-01,1.146794855594635010e-01,-5.548074468970298767e-02,-7.855880074203014374e-03,-3.837150707840919495e-02,9.672848880290985107e-02,-2.528859376907348633e-01,-2.028887867927551270e-01,1.159170866012573242e-01,1.520822495222091675e-01,-3.413821011781692505e-02,4.994459822773933411e-02,1.603738367557525635e-01,3.740865364670753479e-02,-1.167402490973472595e-01,3.285549208521842957e-02,1.418730318546295166e-01,1.902060508728027344e-01,-5.669704452157020569e-02,5.189580470323562622e-02,-6.255329400300979614e-02,4.411733895540237427e-02,-2.772174589335918427e-02,1.790106296539306641e-02,1.396344751119613647e-01,1.595930196344852448e-02,-3.917978703975677490e-02,-4.364015907049179077e-02,1.091942749917507172e-02,-2.854335866868495941e-02,-1.907605975866317749e-01,4.266055673360824585e-02,-1.561643183231353760e-01,-5.966652184724807739e-02,-1.079961434006690979e-01,6.930375844240188599e-02,-2.318569459021091461e-02,-6.113967671990394592e-02,1.200487315654754639e-01,-1.518749147653579712e-01,-1.010063067078590393e-01,-1.265475526452064514e-03,-3.881828393787145615e-03,-5.866796523332595825e-02,-1.920874789357185364e-02,-1.579776108264923096e-01
-1.043896228075027466e-01,-1.682366132736206055e-01,1.096070781350135803e-01,1.818135678768157959e-01,3.381707370281219482e-01,3.160088360309600830e-01,1.569520086050033569e-01,1.475775092840194702e-01,3.585267663002014160e-01,0.000000000000000000e+00,-7.074300944805145264e-02,-2.029818147420883179e-01,6.215335056185722351e-02,5.083588883280754089e-02,1.427931636571884155e-01,3.957273364067077637e-01,3.627000376582145691e-02,-4.403663799166679382e-02,-6.340740621089935303e-02,-1.100961342453956604e-01,1.947235614061355591e-01,2.300370186567306519e-01,1.497592777013778687e-01,5.080331116914749146e-02,2.689465284347534180e-01,3.851197063922882080e-01,2.880287766456604004e-01,3.789870738983154297e-01,-5.268909409642219543e-02,-2.386207580566406250e-01,1.308223605155944824e-01,-2.761674299836158752e-02,6.711065769195556641e-03,1.206099167466163635e-01,7.559043914079666138e-02,6.204243376851081848e-02,1.116880588233470917e-02,1.442754361778497696e-02,5.195385962724685669e-02,1.515781432390213013e-01,-6.520106922835111618e-03,-8.923517912626266479e-02,-3.706641728058457375e-04,6.321712397038936615e-03,-8.454169146716594696e-03,-4.361933842301368713e-02,-1.562120318412780762e-01,-2.322795428335666656e-02,-1.024985536932945251e-01,-4.502918943762779236e-02,-1.799779683351516724e-01,-3.639978542923927307e-02,-3.374921977519989014e-01,1.690812595188617706e-02,-2.385717816650867462e-02,1.655525118112564087e-01,-4.234196990728378296e-02,-5.968113243579864502e-02,-4.425254650413990021e-03,-4.720251262187957764e-02,-9.065399318933486938e-02,-4.584156721830368042e-02,-7.411640137434005737e-02,-5.576364323496818542e-02,2.462693117558956146e-02,-3.899388387799263000e-02,2.922750450670719147e-02,2.952536195516586304e-02,-2.430675327777862549e-01,-9.451739490032196045e-02,8.455166220664978027e-02,1.594512313604354858e-01,-9.471086412668228149e-02,-5.464301630854606628e-02,-1.858826726675033569e-02,-9.424559772014617920e-02,-3.719967976212501526e-02,-2.332040481269359589e-02,-9.660493582487106323e-02,1.354408413171768188e-01,-7.196538150310516357e-02,7.166071236133575439e-02,9.593814611434936523e-02,1.277981847524642944e-01,-1.772272437810897827e-01,1.111204773187637329e-01,1.427076756954193115e-01,4.216287732124328613e-01,-2.561412751674652100e-01,2.957850992679595947e-01,-8.161716163158416748e-02,3.211355954408645630e-02,-9.720288217067718506e-02,1.178964972496032715e-01,2.832725178450345993e-03,-1.393597573041915894e-02,-3.526841104030609131e-02,-1.903134398162364960e-02,-2.385221794247627258e-02,-1.234074980020523071e-01,-1.612202972173690796e-01,1.727566272020339966e-01,-4.987162724137306213e-02,1.549450606107711792e-01,-1.136922463774681091e-01,3.828638046979904175e-02,-1.514319330453872681e-02,1.045049428939819336e-01,4.270669072866439819e-02,-9.271070361137390137e-02,-9.271641820669174194e-02,-3.351604565978050232e-02,-8.212162554264068604e-02,-8.595812320709228516e-02,-6.306664645671844482e-02,-4.452696815133094788e-02
4.126131236553192139e-01,2.817047201097011566e-02,8.290303498506546021e-02,-6.193470209836959839e-02,9.642659872770309448e-02,9.346366673707962036e-02,3.144152164459228516e-01,1.648377031087875366e-01,1.679909229278564453e-01,-7.074300944805145264e-02,0.000000000000000000e+00,4.004056453704833984e-01,5.412620306015014648e-01,1.601628810167312622e-01,-3.063992597162723541e-03,6.700365338474512100e-03,1.954909712076187134e-01,2.215744704008102417e-01,3.861795961856842041e-01,2.390494644641876221e-01,4.029480740427970886e-02,6.351909041404724121e-02,4.589621350169181824e-02,-3.846666216850280762e-02,-2.728699445724487305e-01,-2.686263024806976318e-01,-3.700475692749023438e-01,-3.448577225208282471e-01,4.770676195621490479e-01,2.748638391494750977e-01,1.228465214371681213e-01,4.152187332510948181e-02,5.249061807990074158e-02,-1.168519258499145508e-01,-3.876644670963287354e-01,-4.392126798629760742e-01,7.686231285333633423e-02,-1.449662297964096069e-01,-7.347571849822998047e-02,-3.109409101307392120e-02,7.353327423334121704e-02,-2.084583044052124023e-02,-7.024286687374114990e-02,-1.357521861791610718e-01,-1.670811921358108521e-01,-1.114085167646408081e-01,-4.267137870192527771e-02,6.833580881357192993e-02,-8.634659461677074432e-04,-3.071524947881698608e-02,1.372117665596306324e-03,-1.806848123669624329e-02,-5.621749535202980042e-02,-1.732132434844970703e-01,-4.636234045028686523e-02,-1.921551227569580078e-01,-2.744767069816589355e-02,-2.477588132023811340e-02,5.826387554407119751e-02,7.944068312644958496e-02,3.404363393783569336e-01,2.722352743148803711e-01,3.368825614452362061e-01,3.182538449764251709e-01,-2.551417350769042969e-01,-3.067734539508819580e-01,-4.093404710292816162e-01,-4.363561272621154785e-01,2.766232378780841827e-02,-7.861293852329254150e-02,2.454542219638824463e-01,2.059506028890609741e-01,3.590277135372161865e-01,2.309246957302093506e-01,1.328877359628677368e-01,1.093818917870521545e-01,-1.197354495525360107e-01,-1.504656225442886353e-01,1.086219027638435364e-01,1.154392808675765991e-01,1.317435055971145630e-01,1.303379386663436890e-01,6.498525291681289673e-02,2.654823102056980133e-02,-9.744014590978622437e-02,-1.510604918003082275e-01,7.069538533687591553e-02,-4.891064390540122986e-02,-6.477241218090057373e-02,-9.737795591354370117e-02,-1.873613893985748291e-01,-4.812747240066528320e-03,-1.497432887554168701e-01,1.127600669860839844e-01,1.156561002135276794e-01,-3.161445632576942444e-02,-5.045951530337333679e-02,8.122286945581436157e-02,6.897141784429550171e-02,1.205534785985946655e-01,-8.335502445697784424e-02,5.752487480640411377e-02,-1.284836828708648682e-01,-8.324860036373138428e-02,-2.955244295299053192e-02,-1.610316522419452667e-02,-2.716238796710968018e-02,3.329519182443618774e-02,1.151568293571472168e-01,-1.022197380661964417e-01,-1.608032882213592529e-01,8.693829178810119629e-03,8.430042304098606110e-03,-5.619701370596885681e-02,5.102708190679550171e-02,-9.343717992305755615e-02
2.745986282825469971e-01,-4.251371696591377258e-02,-2.227271348237991333e-02,-6.628036499023437500e-02,-2.077379450201988220e-02,4.450279101729393005e-02,9.559562057256698608e-02,2.904345989227294922e-01,-4.344166442751884460e-02,-2.029818147420883179e-01,4.004056453704833984e-01,0.000000000000000000e+00,8.538048714399337769e-02,2.369359433650970459e-01,-9.126921743154525757e-02,-1.451070308685302734e-01,2.092773467302322388e-02,2.784494459629058838e-01,-9.609724581241607666e-02,2.244761884212493896e-01,5.008982867002487183e-02,-7.141109555959701538e-03,-1.977474689483642578e-01,-1.382015943527221680e-01,-3.688430488109588623e-01,-2.077343612909317017e-01,-3.663254678249359131e-01,-4.120169878005981445e-01,3.862883150577545166e-01,4.716113805770874023e-01,3.010056354105472565e-02,1.054963022470474243e-01,1.258222269825637341e-03,-2.888430282473564148e-02,-4.570046961307525635e-01,-3.388686478137969971e-01,-1.897982656955718994e-01,-2.030612677335739136e-01,-7.093061506748199463e-02,-4.205477610230445862e-02,3.517248481512069702e-02,-3.837104514241218567e-02,2.445365116000175476e-02,-1.404648355673998594e-04,-9.430083632469177246e-02,5.381715297698974609e-02,9.880046546459197998e-02,1.411630511283874512e-01,7.282506674528121948e-02,1.532249897718429565e-01,1.135197207331657410e-01,8.088584989309310913e-02,-2.585582062602043152e-02,-1.579734981060028076e-01,2.680714726448059082e-01,-1.283841133117675781e-01,-1.955231875181198120e-01,-9.364845603704452515e-02,2.619703412055969238e-01,2.967105209827423096e-01,3.233019709587097168e-01,3.500011861324310303e-01,4.954034090042114258e-01,6.564950346946716309e-01,-4.672090113162994385e-01,-3.725500702857971191e-01,-3.053158521652221680e-01,-2.238551080226898193e-01,-9.586021304130554199e-02,-1.868703514337539673e-01,1.231581494212150574e-01,8.371398597955703735e-02,2.913397848606109619e-01,3.295139372348785400e-01,2.596110105514526367e-01,2.412751168012619019e-01,2.013972029089927673e-02,6.368449423462152481e-03,2.498331964015960693e-01,7.362429983913898468e-03,1.366044431924819946e-01,7.344300393015146255e-03,1.709019094705581665e-01,5.733014643192291260e-02,-1.610764712095260620e-01,-2.097524851560592651e-01,1.529769301414489746e-01,-9.964045882225036621e-02,2.532954514026641846e-01,-1.958996206521987915e-01,-8.602540940046310425e-02,-1.101458445191383362e-01,-1.614173799753189087e-01,-9.090024232864379883e-02,7.074335962533950806e-02,-1.018931195139884949e-01,4.450977221131324768e-02,7.086052000522613525e-02,3.017714619636535645e-01,2.614623606204986572e-01,1.256910711526870728e-01,-7.343117147684097290e-02,1.629412323236465454e-01,5.756815522909164429e-02,1.175045073032379150e-01,-4.260347411036491394e-02,1.713568419218063354e-01,2.022282406687736511e-02,2.059834003448486328e-01,-8.891423791646957397e-02,6.432778388261795044e-02,-2.102961204946041107e-02,-1.868173182010650635e-01,1.499748677015304565e-01,1.725699752569198608e-01,-1.232701539993286133e-01
1.878572404384613037e-01,-8.717808872461318970e-02,2.574445307254791260e-01,5.526758730411529541e-02,1.138836964964866638e-01,2.131904959678649902e-01,5.025060772895812988e-01,1.431916654109954834e-01,7.130966335535049438e-02,6.215335056185722351e-02,5.412620306015014648e-01,8.538048714399337769e-02,0.000000000000000000e+00,2.301789224147796631e-01,2.579559981822967529e-01,2.520683407783508301e-01,5.344750732183456421e-02,1.199875846505165100e-01,3.153342902660369873e-01,-1.223852671682834625e-02,-3.133590146899223328e-02,3.007172048091888428e-02,3.155083060264587402e-01,1.116599068045616150e-01,-1.096635162830352783e-01,-2.664381265640258789e-01,-1.832435876131057739e-01,-2.223636209964752197e-01,2.685284316539764404e-01,8.726616948843002319e-02,7.343596220016479492e-02,5.415806081146001816e-03,-2.322097308933734894e-02,-1.731551736593246460e-01,-1.387685537338256836e-01,-3.387980461120605469e-01,8.430125191807746887e-03,-1.307842731475830078e-01,-4.251041635870933533e-02,-3.961664065718650818e-02,1.064108125865459442e-02,9.546912275254726410e-03,-1.573755145072937012e-01,-1.236303672194480896e-01,-1.592412292957305908e-01,-2.114763557910919189e-01,-1.374952942132949829e-01,-2.723921835422515869e-02,-1.445116102695465088e-01,-1.524435281753540039e-01,-1.798755675554275513e-01,-1.288971304893493652e-01,-1.766165196895599365e-01,-1.198899447917938232e-01,-1.902209967374801636e-01,-1.191141009330749512e-01,-9.083148092031478882e-02,-1.211047321557998657e-01,-4.693365097045898438e-02,-1.088198721408843994e-01,1.876429021358489990e-01,1.069492176175117493e-01,1.916164457798004150e-01,5.728592723608016968e-02,1.005741134285926819e-01,-1.553943306207656860e-01,-2.282861918210983276e-01,-3.872872889041900635e-01,-5.043876543641090393e-02,-1.214836612343788147e-01,2.046933919191360474e-01,1.551755517721176147e-01,1.822877526283264160e-01,5.194594338536262512e-02,9.652808308601379395e-02,-7.799120247364044189e-02,3.884412720799446106e-02,-3.744091466069221497e-02,-1.094557810574769974e-02,1.828942634165287018e-02,6.974577903747558594e-02,4.542341083288192749e-02,3.407863155007362366e-02,4.339017346501350403e-02,1.250813901424407959e-01,-1.027879193425178528e-01,1.338599920272827148e-01,1.077258288860321045e-01,-3.799697384238243103e-02,-2.352554909884929657e-02,-1.653382927179336548e-01,3.804512321949005127e-03,-1.446897983551025391e-01,3.053729236125946045e-01,1.840979978442192078e-02,5.367123335599899292e-02,-1.119071170687675476e-01,1.899102889001369476e-02,-7.349824905395507812e-02,1.053252816200256348e-01,-9.655658900737762451e-02,1.911414787173271179e-02,-2.015003263950347900e-01,-1.085348874330520630e-01,-8.160705864429473877e-02,1.280593778938055038e-02,-1.177491173148155212e-01,5.818942561745643616e-02,3.423317149281501770e-02,-4.297724366188049316e-02,-1.090906485915184021e-01,1.691084168851375580e-02,3.985349461436271667e-02,-1.082414984703063965e-01,3.536466136574745178e-02,-7.216578815132379532e-03
