0.000000000000000000e+00,-2.011583745479583740e-01,4.519423842430114746e-01,1.612564027309417725e-01,-2.598194777965545654e-01,2.681521512567996979e-02,6.511785984039306641e-01,-6.508187204599380493e-02,1.914217323064804077e-01,2.731997668743133545e-01,3.708203732967376709e-01,-1.127135232090950012e-01,5.206238627433776855e-01,-3.617472052574157715e-01,-1.513836830854415894e-01,-2.015999704599380493e-01,-8.293729275465011597e-02,-1.138277202844619751e-01,-2.813483774662017822e-01,-2.705627381801605225e-01,-2.967150807380676270e-01,-5.932892486453056335e-02,5.203508734703063965e-01,4.665033221244812012e-01,-4.320483207702636719e-01,-4.161766469478607178e-01,3.235624134540557861e-01,1.418764591217041016e-01,-2.259115874767303467e-02,-3.384878635406494141e-01,1.118476241827011108e-01,1.367963254451751709e-01,-4.390651881694793701e-01,-2.788158357143402100e-01,-3.387880921363830566e-01,-3.818443715572357178e-01,-5.882062315940856934e-01,-8.663431555032730103e-02,-4.375727847218513489e-02,6.684442609548568726e-02,-4.546143412590026855e-01,-2.120206803083419800e-01,-2.367790639400482178e-01,-5.794494152069091797e-01,-6.004639863967895508e-01,-4.357365071773529053e-01,-3.250474333763122559e-01,-4.966773390769958496e-01,-3.918714523315429688e-01,-3.791173100471496582e-01,-1.693518012762069702e-01,-3.543574512004852295e-01,-2.698082327842712402e-01,2.594171166419982910e-01,4.749611020088195801e-02,4.081095159053802490e-01,6.707897186279296875e-01,-5.882229283452033997e-02,4.225636720657348633e-01,1.641191542148590088e-02,3.725400865077972412e-01,-3.104659616947174072e-01,1.234852825291454792e-03,1.704168468713760376e-01,-3.765513002872467041e-01,-3.916432559490203857e-01,-4.548633694648742676e-01,-4.115615487098693848e-01,-2.248767614364624023e-01,2.050712257623672485e-01,7.260390371084213257e-02,2.521111667156219482e-01,3.486878275871276855e-01,-1.760140508413314819e-01,8.832217007875442505e-02,2.743414938449859619e-01,2.112506777048110962e-01,1.311870757490396500e-02,-2.432004958391189575e-01,-1.149257868528366089e-01,-4.835534393787384033e-01,-2.054150700569152832e-01,-2.934262752532958984e-01,-1.224130466580390930e-01,-3.362433612346649170e-01,-2.367050498723983765e-01,2.619265019893646240e-02,2.219245880842208862e-01,-1.096698939800262451e-01,1.955623179674148560e-01,-4.782191812992095947e-01,-2.459490001201629639e-01,-4.204568266868591309e-01,1.563590764999389648e-01,2.743795216083526611e-01,-1.259125471115112305e-01,-5.548949167132377625e-02,-2.713454663753509521e-01,-2.965626716613769531e-01,1.666998714208602905e-01,1.188459321856498718e-01,5.420771837234497070e-01,2.945100665092468262e-01,3.689511120319366455e-01,2.422039769589900970e-02,9.778183884918689728e-03,3.502128124237060547e-01,2.406634539365768433e-01,6.292496621608734131e-02,-2.450647354125976562e-01,-3.199493288993835449e-01,-3.139171302318572998e-01,-5.222304463386535645e-01,-4.420127868652343750e-01,4.269599914550781250e-03,2.156341820955276489e-01
-2.011583745479583740e-01,0.000000000000000000e+00,-7.480245083570480347e-03,2.500615119934082031e-01,4.522017836570739746e-01,-2.543926239013671875e-01,-1.776186376810073853e-01,4.148770570755004883e-01,-1.891287118196487427e-01,-3.668347597122192383e-01,1.487518101930618286e-01,5.671690106391906738e-01,-2.625996172428131104e-01,5.499587655067443848e-01,-9.606999158859252930e-02,-1.272210329771041870e-01,-9.737639874219894409e-02,6.545428186655044556e-02,6.248768568038940430e-01,7.369900345802307129e-01,-3.381488919258117676e-01,-5.360807180404663086e-01,-3.868183493614196777e-01,-2.881982326507568359e-01,5.154256895184516907e-02,-6.987314671277999878e-02,-3.370103240013122559e-01,-1.892214715480804443e-01,-4.532279372215270996e-01,6.623896211385726929e-02,-2.435441762208938599e-01,-1.688994169235229492e-01,3.828782439231872559e-01,6.707465648651123047e-01,2.490726262331008911e-01,4.672236442565917969e-01,1.489704996347427368e-01,-4.139631688594818115e-01,-3.954559266567230225e-01,-5.541340708732604980e-01,4.805732071399688721e-01,-2.586501240730285645e-01,2.349842637777328491e-01,2.863016724586486816e-01,5.717261880636215210e-02,3.050788044929504395e-01,4.444165527820587158e-01,4.649602174758911133e-01,4.817150831222534180e-01,5.203483700752258301e-01,1.235777735710144043e-01,3.451281189918518066e-01,2.252652943134307861e-01,-1.827040761709213257e-01,-2.652654647827148438e-01,-5.715476274490356445e-01,2.704812772572040558e-02,7.613103985786437988e-01,1.621119230985641479e-01,4.842764139175415039e-01,9.721118211746215820e-02,4.114781320095062256e-01,1.951418817043304443e-01,-5.722618661820888519e-03,-7.149504870176315308e-02,8.485406637191772461e-02,3.728805184364318848e-01,3.403187692165374756e-01,3.957486152648925781e-01,9.862366132438182831e-03,-2.754346728324890137e-01,-1.041985005140304565e-01,1.654129289090633392e-02,4.405697584152221680e-01,-4.732457995414733887e-01,-2.715344727039337158e-01,3.644005358219146729e-01,-7.445049285888671875e-02,-3.065820336341857910e-01,-3.487308025360107422e-01,-1.122019886970520020e-01,-5.771443992853164673e-02,-3.348053693771362305e-01,-4.690616130828857422e-01,-9.669891744852066040e-02,-5.613116919994354248e-02,-5.415980219841003418e-01,-5.958119630813598633e-01,-2.183744609355926514e-01,-4.109904468059539795e-01,4.585872292518615723e-01,3.286522328853607178e-01,3.500006794929504395e-01,-6.567790359258651733e-02,-4.550879299640655518e-01,1.137134730815887451e-01,-9.721196256577968597e-03,-6.684077903628349304e-03,3.819647431373596191e-01,-2.142136245965957642e-01,-3.095272183418273926e-01,-5.726302862167358398e-01,-4.229232966899871826e-01,-2.981731891632080078e-01,1.481543630361557007e-01,5.608952790498733521e-02,-4.074842035770416260e-01,-2.415400147438049316e-01,1.436375677585601807e-01,3.090753257274627686e-01,4.177077412605285645e-01,1.969851851463317871e-01,4.278874695301055908e-01,3.037526607513427734e-01,3.953479696065187454e-03,-2.615078389644622803e-01
4.519423842430114746e-01,-7.480245083570480347e-03,0.000000000000000000e+00,5.819628238677978516e-01,9.067349880933761597e-02,1.789866834878921509e-01,6.902834773063659668e-01,4.113746583461761475e-01,4.236848652362823486e-01,2.437195330858230591e-01,2.453510463237762451e-01,5.084925517439842224e-02,4.413109123706817627e-01,-3.908603265881538391e-02,1.016593277454376221e-01,-3.730832412838935852e-02,-1.950810700654983521e-01,-1.458279639482498169e-01,1.929266601800918579e-01,1.045795604586601257e-01,-3.277799785137176514e-01,-2.385173738002777100e-01,5.255557298660278320e-01,6.319015026092529297e-01,-1.949273943901062012e-01,-1.596432179212570190e-01,1.681945174932479858e-01,8.688838779926300049e-02,-1.628354936838150024e-01,-1.466414034366607666e-01,1.144188195466995239e-01,1.608437448740005493e-01,1.204339601099491119e-02,7.411633431911468506e-02,-1.133654732257127762e-02,-4.413926601409912109e-02,-4.006916284561157227e-01,-3.058671951293945312e-01,-1.003880426287651062e-01,-1.167479678988456726e-01,-2.042131274938583374e-01,-2.767015695571899414e-01,-4.011504650115966797e-01,-4.183074533939361572e-01,-5.852624773979187012e-01,-3.761560618877410889e-01,-3.257306814193725586e-01,-3.080760240554809570e-01,-3.937958478927612305e-01,-3.146277964115142822e-01,-4.475083351135253906e-01,-4.527730345726013184e-01,-2.958708107471466064e-01,-1.335630565881729126e-01,-9.341400861740112305e-02,7.006987929344177246e-02,2.946587502956390381e-01,6.554587930440902710e-02,9.923158586025238037e-02,8.315845578908920288e-02,2.311003059148788452e-01,-4.622324835509061813e-03,-1.053309254348278046e-02,1.543356627225875854e-01,-1.205203011631965637e-01,-1.259138584136962891e-01,-3.033529967069625854e-02,-4.426906257867813110e-02,5.208345595747232437e-03,2.718374133110046387e-01,1.079125851392745972e-01,1.947830617427825928e-01,2.976281940937042236e-01,1.503715515136718750e-01,1.441128924489021301e-02,1.732138246297836304e-01,2.075148820877075195e-01,-1.610475033521652222e-02,-3.282707333564758301e-01,-3.199034631252288818e-01,-3.957371413707733154e-01,-2.598728239536285400e-01,-2.075929641723632812e-01,-2.483990788459777832e-01,-2.657871246337890625e-01,-3.497899770736694336e-01,1.904225349426269531e-02,4.862698540091514587e-02,-1.053226180374622345e-02,1.921639218926429749e-02,-3.092230558395385742e-01,-2.051497101783752441e-01,-3.624915480613708496e-01,-1.959782689809799194e-01,1.363585144281387329e-01,-4.180967062711715698e-02,-1.048795133829116821e-01,-1.599430590867996216e-01,-1.704027354717254639e-01,1.195150762796401978e-01,1.259683817625045776e-01,2.141901254653930664e-01,2.058094888925552368e-01,3.364562094211578369e-01,3.383116051554679871e-02,2.506056055426597595e-02,1.469824463129043579e-01,3.014023005962371826e-01,9.658820927143096924e-02,-8.142110705375671387e-02,-1.473993211984634399e-01,-3.082745969295501709e-01,-3.639606237411499023e-01,-1.629811227321624756e-01,-1.798914819955825806e-01,4.834409430623054504e-02
1.612564027309417725e-01,2.500615119934082031e-01,5.819628238677978516e-01,0.000000000000000000e+00,1.163958758115768433e-01,2.540917098522186279e-01,3.847846686840057373e-01,6.988508105278015137e-01,1.003795713186264038e-01,1.116771548986434937e-01,7.889930903911590576e-02,9.811182320117950439e-02,4.304138198494911194e-02,2.325060665607452393e-01,-1.932140067219734192e-02,5.064564570784568787e-02,-3.438954949378967285e-01,-3.063040971755981445e-01,2.874383032321929932e-01,3.863305151462554932e-01,-2.819842994213104248e-01,-3.162428438663482666e-01,2.112364023923873901e-01,4.290710091590881348e-01,-7.608274463564157486e-03,-2.213651314377784729e-02,5.172960832715034485e-02,-1.681444421410560608e-02,-3.798410892486572266e-01,-2.495059072971343994e-01,-8.836627751588821411e-02,-6.471233069896697998e-02,1.958200037479400635e-01,3.393164873123168945e-01,1.913716048002243042e-01,1.772259175777435303e-01,-1.985826492309570312e-01,-2.761490643024444580e-01,-1.538357138633728027e-01,-2.014391869306564331e-01,5.841559264808893204e-03,-2.757040560245513916e-01,-2.347566187381744385e-01,-1.782770007848739624e-01,-3.618003427982330322e-01,-1.727562099695205688e-01,-1.205565035343170166e-01,2.215835638344287872e-02,-1.455016881227493286e-01,-4.162848368287086487e-02,-2.779564261436462402e-01,-4.879799485206604004e-02,-1.580452769994735718e-01,-9.940384328365325928e-02,-1.952858120203018188e-01,-1.306524276733398438e-01,1.634605377912521362e-01,2.154666781425476074e-01,5.482543632388114929e-02,2.127389013767242432e-01,9.589011780917644501e-03,1.298952698707580566e-01,-2.365171313285827637e-01,-9.420775622129440308e-02,-9.492072463035583496e-02,1.300810575485229492e-01,1.404439508914947510e-01,2.137420326471328735e-01,3.841142356395721436e-02,7.734040915966033936e-02,-2.688094787299633026e-02,1.512392014265060425e-01,2.634413838386535645e-01,2.724039554595947266e-01,-9.140138328075408936e-02,8.633466809988021851e-02,3.506976664066314697e-01,1.348164826631546021e-01,-4.025674462318420410e-01,-3.614089488983154297e-01,-3.529115021228790283e-01,-1.508779674768447876e-01,-2.409981936216354370e-01,-2.380346506834030151e-01,-3.184981942176818848e-01,-2.513063605874776840e-03,-1.447571367025375366e-01,-1.189269497990608215e-01,-9.792224317789077759e-02,2.570020779967308044e-02,-5.833912640810012817e-02,5.199864879250526428e-02,-2.429972589015960693e-02,-1.889222562313079834e-01,-1.524432152509689331e-01,5.250298418104648590e-03,-1.289109438657760620e-01,-4.959624260663986206e-02,-1.234053820371627808e-01,-4.149879142642021179e-02,-9.232287853956222534e-02,-7.121701538562774658e-02,-5.708312988281250000e-02,1.155146956443786621e-01,1.586154103279113770e-01,1.799895018339157104e-01,-1.971080154180526733e-02,1.667215526103973389e-01,8.224343508481979370e-02,-2.263702079653739929e-02,-5.033640190958976746e-02,-1.793397665023803711e-01,-1.180620864033699036e-01,-7.812297344207763672e-02,6.371639203280210495e-03,-1.233367025852203369e-01
-2.598194777965545654e-01,4.522017836570739746e-01,9.067349880933761597e-02,1.163958758115768433e-01,0.000000000000000000e+00,-2.145698666572570801e-01,-1.160310879349708557e-01,3.347576260566711426e-01,6.676987558603286743e-02,-1.779900118708610535e-02,2.201527208089828491e-01,4.656082987785339355e-01,-1.354882866144180298e-01,4.619191884994506836e-01,1.710170805454254150e-01,1.135776191949844360e-01,1.942963339388370514e-02,-6.116127595305442810e-03,5.063717961311340332e-01,4.457760155200958252e-01,-1.723822206258773804e-01,-3.210244476795196533e-01,-3.051441907882690430e-01,-1.883335411548614502e-01,1.734292507171630859e-01,1.639436483383178711e-01,-1.888824850320816040e-01,-9.190127253532409668e-02,-1.610277891159057617e-01,1.946538239717483521e-01,-2.004317492246627808e-01,-1.310173571109771729e-01,4.520146548748016357e-01,4.184010922908782959e-01,2.186415344476699829e-01,3.225558698177337646e-01,1.646264642477035522e-01,-3.411472737789154053e-01,-2.479738742113113403e-01,-4.347264766693115234e-01,4.825624525547027588e-01,-1.275808513164520264e-01,4.854950681328773499e-02,2.448482364416122437e-01,9.596616774797439575e-02,3.380609452724456787e-01,2.306223660707473755e-01,3.790065646171569824e-01,2.893120646476745605e-01,2.213823646306991577e-01,-3.311724960803985596e-02,1.436709016561508179e-01,3.616384789347648621e-02,-2.251033931970596313e-01,-3.160824179649353027e-01,-4.168587625026702881e-01,-1.195464804768562317e-01,3.534030914306640625e-01,-4.410682246088981628e-02,1.860652267932891846e-01,7.089617103338241577e-02,3.562494218349456787e-01,1.205616891384124756e-01,-3.800323978066444397e-02,1.117379292845726013e-01,1.948552727699279785e-01,3.684469759464263916e-01,2.883451581001281738e-01,4.078915417194366455e-01,-5.034535750746726990e-02,-1.283646374940872192e-01,-2.415748871862888336e-02,2.399836294353008270e-02,4.912315309047698975e-01,-2.641035020351409912e-01,-2.311459630727767944e-01,1.195628196001052856e-01,-2.501155063509941101e-02,-8.760543167591094971e-02,-1.655366867780685425e-01,1.223724037408828735e-01,8.008383959531784058e-02,-5.033094063401222229e-02,-3.948299586772918701e-01,-8.375578559935092926e-03,5.779465660452842712e-02,-2.751335799694061279e-01,-5.021073818206787109e-01,-1.417412310838699341e-01,-3.081712424755096436e-01,2.580998837947845459e-01,1.878677457571029663e-01,2.953208982944488525e-01,-6.521914899349212646e-02,-3.045704066753387451e-01,1.393703669309616089e-01,-4.743242263793945312e-02,2.880790084600448608e-02,1.392795443534851074e-01,-6.138542667031288147e-02,-3.194594085216522217e-01,-4.244039356708526611e-01,-4.312022924423217773e-01,-2.890559434890747070e-01,-3.218324854969978333e-02,-6.381356716156005859e-02,-4.186246693134307861e-01,-1.182696595788002014e-01,2.449284940958023071e-01,2.810442149639129639e-01,2.566312849521636963e-01,1.474264543503522873e-02,3.870201408863067627e-01,2.230779975652694702e-01,-2.681329846382141113e-01,-1.857605278491973877e-01
2.681521512567996979e-02,-2.543926239013671875e-01,1.789866834878921509e-01,2.540917098522186279e-01,-2.145698666572570801e-01,0.000000000000000000e+00,6.648397445678710938e-02,8.618871122598648071e-02,3.583829402923583984e-01,3.257446289062500000e-01,-2.591135501861572266e-01,-1.765687316656112671e-01,4.997854307293891907e-02,-1.243639066815376282e-01,1.786362677812576294e-01,2.595658302307128906e-01,-1.850814521312713623e-01,-2.176802307367324829e-01,-1.293323338031768799e-01,-1.252637058496475220e-01,5.816902592778205872e-02,1.863620579242706299e-01,2.199416160583496094e-01,2.606577575206756592e-01,1.076794266700744629e-01,2.993059456348419189e-01,3.266875445842742920e-01,2.110095918178558350e-01,6.244370713829994202e-02,-1.369584500789642334e-01,1.732793003320693970e-01,1.564354151487350464e-01,2.689247950911521912e-02,-1.012210771441459656e-01,9.531708061695098877e-02,-5.551414191722869873e-02,-8.031713217496871948e-02,1.210570707917213440e-01,3.098214864730834961e-01,3.160035908222198486e-01,-2.309731841087341309e-01,1.593576371669769287e-01,-2.584235966205596924e-01,-5.696875602006912231e-02,-9.572238475084304810e-02,-2.279418110847473145e-01,-1.981983035802841187e-01,-1.400577276945114136e-01,-2.151637226343154907e-01,-1.037708818912506104e-01,-1.378554254770278931e-01,-1.223771348595619202e-01,-1.909050196409225464e-01,-6.553041934967041016e-02,1.737201213836669922e-01,1.330112367868423462e-01,-2.132436037063598633e-01,-2.339245676994323730e-01,-2.010473161935806274e-01,9.246926754713058472e-02,-2.003240734338760376e-01,-8.241543173789978027e-02,-2.126919180154800415e-01,-1.767603456974029541e-01,-1.010798439383506775e-01,9.617871046066284180e-02,-3.551357612013816833e-02,1.547938026487827301e-02,-1.529050469398498535e-01,-2.282189019024372101e-02,1.214215010404586792e-01,5.005968362092971802e-02,1.070917844772338867e-01,-1.435679495334625244e-01,1.751673370599746704e-01,8.358303457498550415e-02,9.294195100665092468e-03,2.076199054718017578e-01,-1.100575998425483704e-01,-1.072986274957656860e-01,-3.506217384710907936e-03,9.284842014312744141e-02,1.295963078737258911e-01,2.085642963647842407e-01,-2.103594876825809479e-02,4.601113870739936829e-02,2.832518815994262695e-01,3.870951235294342041e-01,2.300790399312973022e-01,2.780668139457702637e-01,-2.749691307544708252e-01,-2.042482793331146240e-01,-2.844893336296081543e-01,-4.375235438346862793e-01,1.698228865861892700e-01,7.027662545442581177e-02,-1.034253090620040894e-01,1.221411075675860047e-04,-4.263383150100708008e-02,2.610319852828979492e-01,3.123279511928558350e-01,1.508563011884689331e-01,3.558504283428192139e-01,4.064200222492218018e-01,-1.830585300922393799e-02,4.296253900974988937e-03,1.188209727406501770e-01,3.052713871002197266e-01,-4.719393327832221985e-02,-1.978733986616134644e-01,-2.316653728485107422e-01,-1.262582838535308838e-01,-2.198944538831710815e-01,-5.382569506764411926e-02,4.832699894905090332e-02,1.325604319572448730e-01
6.511785984039306641e-01,-1.776186376810073853e-01,6.902834773063659668e-01,3.847846686840057373e-01,-1.160310879349708557e-01,6.648397445678710938e-02,0.000000000000000000e+00,1.452462822198867798e-01,3.309075832366943359e-01,3.341019153594970703e-01,3.401632308959960938e-01,-1.379485130310058594e-01,6.063997149467468262e-01,-2.384898364543914795e-01,7.606010884046554565e-03,-9.493596851825714111e-02,-1.698936671018600464e-01,-1.366733014583587646e-01,-6.638895720243453979e-02,-1.571141183376312256e-01,-2.423920035362243652e-01,-4.453657567501068115e-02,6.214805841445922852e-01,5.660396218299865723e-01,-4.306212067604064941e-01,-4.141569137573242188e-01,2.152606099843978882e-01,9.329178184270858765e-02,-3.661278640265663853e-07,-2.989306151866912842e-01,2.151845246553421021e-01,2.372809350490570068e-01,-3.012197017669677734e-01,-1.777403652667999268e-01,-3.701833486557006836e-01,-3.742179274559020996e-01,-4.689299464225769043e-01,-1.194801181554794312e-01,-5.762624740600585938e-02,7.379508577287197113e-03,-4.019172489643096924e-01,-1.897342056035995483e-01,-3.417270183563232422e-01,-4.891013503074645996e-01,-5.629624724388122559e-01,-4.197984337806701660e-01,-3.860228955745697021e-01,-4.198617041110992432e-01,-4.316425919532775879e-01,-4.269998967647552490e-01,-3.527102172374725342e-01,-4.847047328948974609e-01,-3.365232050418853760e-01,1.785264313220977783e-01,-1.822843775153160095e-02,3.637678027153015137e-01,4.326895475387573242e-01,-1.226106584072113037e-01,2.728603482246398926e-01,-4.268643260002136230e-02,2.743606567382812500e-01,-2.137573510408401489e-01,5.600915104150772095e-02,1.853635758161544800e-01,-3.326396346092224121e-01,-3.761848211288452148e-01,-3.909465372562408447e-01,-4.082001149654388428e-01,-2.675616443157196045e-01,1.151080280542373657e-01,6.282278895378112793e-02,2.675203382968902588e-01,2.723265290260314941e-01,-1.139973625540733337e-01,4.696198552846908569e-02,2.813292741775512695e-01,1.360396593809127808e-01,-2.815865445882081985e-03,-3.079353868961334229e-01,-1.093556508421897888e-01,-4.374903440475463867e-01,-1.823770254850387573e-01,-1.655106544494628906e-01,-3.724107518792152405e-02,-2.183275818824768066e-01,-2.215192317962646484e-01,2.903487160801887512e-02,1.563471704721450806e-01,-8.868365734815597534e-02,1.768670380115509033e-01,-4.350641667842864990e-01,-1.076295673847198486e-01,-4.250573217868804932e-01,5.938072875142097473e-02,2.382157593965530396e-01,-1.296200156211853027e-01,-8.952454477548599243e-02,-1.666379421949386597e-01,-2.731608748435974121e-01,2.925984263420104980e-01,6.061535328626632690e-02,3.914368152618408203e-01,2.349529713392257690e-01,3.422485291957855225e-01,-7.479857653379440308e-02,1.737552578561007977e-03,2.641682624816894531e-01,3.053169846534729004e-01,-6.804173346608877182e-03,-2.091880589723587036e-01,-2.672280371189117432e-01,-3.112855553627014160e-01,-4.314469099044799805e-01,-3.669755160808563232e-01,-1.258772462606430054e-01,1.357453614473342896e-01
-6.508187204599380493e-02,4.148770570755004883e-01,4.113746583461761475e-01,6.988508105278015137e-01,3.347576260566711426e-01,8.618871122598648071e-02,1.452462822198867798e-01,0.000000000000000000e+00,3.156193299219012260e-03,-6.390029191970825195e-02,1.140536144375801086e-01,3.806386888027191162e-01,-9.125918149948120117e-02,5.004355907440185547e-01,2.420299313962459564e-02,-5.812816694378852844e-02,-3.385961651802062988e-01,-3.081191182136535645e-01,4.591434299945831299e-01,5.255201458930969238e-01,-2.675667703151702881e-01,-3.983678221702575684e-01,-1.338067799806594849e-01,1.284261494874954224e-01,6.526330113410949707e-02,3.392197191715240479e-02,-9.781040251255035400e-02,-1.333019137382507324e-01,-3.987789154052734375e-01,-1.077335402369499207e-01,-2.335785329341888428e-01,-1.914208233356475830e-01,4.049603641033172607e-01,5.291507840156555176e-01,2.740442156791687012e-01,3.013903498649597168e-01,-7.447669655084609985e-02,-3.374005556106567383e-01,-1.612583249807357788e-01,-3.247275948524475098e-01,1.065049618482589722e-01,-1.805512458086013794e-01,-1.031027808785438538e-01,2.197268977761268616e-02,-1.877652555704116821e-01,-4.854557663202285767e-02,5.470024421811103821e-02,1.860508024692535400e-01,-2.821590006351470947e-02,5.463427305221557617e-02,-2.120015323162078857e-01,6.865183264017105103e-02,-1.504800654947757721e-02,-2.007883936166763306e-01,-2.638952136039733887e-01,-3.690297603607177734e-01,1.246020197868347168e-02,3.114289641380310059e-01,3.707132488489151001e-02,2.957859933376312256e-01,2.662260271608829498e-02,3.479317128658294678e-01,-2.459725290536880493e-01,-8.023616671562194824e-02,-2.575706876814365387e-02,3.066051602363586426e-01,3.319849967956542969e-01,3.960900604724884033e-01,2.012511938810348511e-01,3.898796439170837402e-02,-5.403164029121398926e-02,1.031357496976852417e-01,1.638700366020202637e-01,4.529311060905456543e-01,-2.698641121387481689e-01,-6.988318264484405518e-02,3.637783825397491455e-01,8.734355866909027100e-02,-4.003866910934448242e-01,-4.501236081123352051e-01,-2.221555262804031372e-01,-1.006303653120994568e-01,-2.031616568565368652e-01,-4.050865173339843750e-01,-2.377093732357025146e-01,3.584020584821701050e-02,-2.610896825790405273e-01,-3.640185296535491943e-01,-8.000913262367248535e-02,-1.875410974025726318e-01,1.807506829500198364e-01,1.032584682106971741e-01,1.917495280504226685e-01,-1.422636657953262329e-01,-2.405608743429183960e-01,1.326630711555480957e-01,-7.158043235540390015e-02,2.015969250351190567e-03,-5.324703524820506573e-04,-1.621606200933456421e-01,-1.638732850551605225e-01,-2.526898980140686035e-01,-2.367917001247406006e-01,-9.575001895427703857e-02,1.718315929174423218e-01,1.414733976125717163e-01,-1.817755103111267090e-01,4.131883382797241211e-02,1.280901879072189331e-01,1.197138577699661255e-01,6.168228387832641602e-02,-1.026742309331893921e-01,5.181299149990081787e-02,6.512286514043807983e-02,-9.062635898590087891e-02,-2.354320734739303589e-01
1.914217323064804077e-01,-1.891287118196487427e-01,4.236848652362823486e-01,1.003795713186264038e-01,6.676987558603286743e-02,3.583829402923583984e-01,3.309075832366943359e-01,3.156193299219012260e-03,0.000000000000000000e+00,4.059890508651733398e-01,3.057388216257095337e-02,1.135677751153707504e-02,4.411059916019439697e-01,-9.005878120660781860e-02,4.679851531982421875e-01,1.835752725601196289e-01,1.002737507224082947e-02,-1.059036776423454285e-01,5.623438954353332520e-02,-1.360286027193069458e-01,-4.257163405418395996e-02,5.436385050415992737e-02,3.685814142227172852e-01,3.218879103660583496e-01,2.387275174260139465e-02,1.364993453025817871e-01,2.216857522726058960e-01,2.948324382305145264e-01,1.266645044088363647e-01,1.013001240789890289e-02,3.384039402008056641e-01,3.730213344097137451e-01,-8.931841701269149780e-02,-1.762758791446685791e-01,-1.052917465567588806e-01,-6.801987439393997192e-02,-1.898111850023269653e-01,-8.424865454435348511e-02,9.701457805931568146e-03,9.257823973894119263e-02,-2.758217453956604004e-01,-1.166108325123786926e-01,-3.780653774738311768e-01,-1.425615996122360229e-01,-2.959336936473846436e-01,-1.864231079816818237e-01,-2.864010632038116455e-01,-2.527498006820678711e-01,-2.685810923576354980e-01,-2.021664232015609741e-01,-2.994469404220581055e-01,-3.477486670017242432e-01,-2.754401862621307373e-01,-7.609358429908752441e-02,8.539225906133651733e-02,1.352065950632095337e-01,-8.242081105709075928e-02,-1.814297437667846680e-01,-1.086796522140502930e-01,-1.079271174967288971e-02,1.488609015941619873e-01,8.307154476642608643e-02,2.281259298324584961e-01,1.736095845699310303e-01,-4.505696147680282593e-02,-4.484949633479118347e-02,-1.390261948108673096e-01,-1.926369071006774902e-01,-2.002533338963985443e-02,1.441330611705780029e-01,3.246656358242034912e-01,1.568474769592285156e-01,2.729779183864593506e-01,-6.096571683883666992e-03,2.042569816112518311e-01,3.311101719737052917e-02,-9.232462942600250244e-02,-1.286967750638723373e-02,5.981449037790298462e-02,-2.819776162505149841e-02,8.429685607552528381e-03,-6.991675496101379395e-02,6.538064777851104736e-02,-3.448361903429031372e-02,-3.761228173971176147e-02,-3.137324452400207520e-01,1.710522621870040894e-01,1.423811465501785278e-01,2.566297352313995361e-01,1.325833648443222046e-01,-3.408680558204650879e-01,-3.477495312690734863e-01,-4.126039147377014160e-01,-3.714479804039001465e-01,2.870364785194396973e-01,-3.649980947375297546e-02,-2.850688993930816650e-02,3.015754558145999908e-02,9.084701538085937500e-02,3.896528184413909912e-01,2.905110418796539307e-01,2.154057919979095459e-01,3.731786012649536133e-01,3.815990388393402100e-01,-2.595208883285522461e-01,-1.845425218343734741e-01,5.654064938426017761e-03,1.807195097208023071e-01,5.135093256831169128e-02,4.682899639010429382e-02,-5.243664234876632690e-02,-5.556959286332130432e-02,-1.325304657220840454e-01,8.942551910877227783e-02,-1.605083495378494263e-01,1.336981803178787231e-01
2.731997668743133545e-01,-3.668347597122192383e-01,2.437195330858230591e-01,1.116771548986434937e-01,-1.779900118708610535e-02,3.257446289062500000e-01,3.341019153594970703e-01,-6.390029191970825195e-02,4.059890508651733398e-01,0.000000000000000000e+00,2.145342826843261719e-01,-8.752819895744323730e-02,4.533746242523193359e-01,-1.863631606101989746e-01,5.867014452815055847e-02,4.956410527229309082e-01,1.201949790120124817e-01,-1.330266892910003662e-01,-1.674911230802536011e-01,-2.479566335678100586e-01,-1.271492568776011467e-03,1.129043400287628174e-01,3.579552471637725830e-01,2.653889060020446777e-01,-1.059715226292610168e-01,4.501252248883247375e-02,5.542200207710266113e-01,3.993903100490570068e-01,1.721811443567276001e-01,-2.367549538612365723e-01,1.873718947172164917e-01,2.103823125362396240e-01,-1.435423344373703003e-01,-2.804383039474487305e-01,-1.459325999021530151e-01,-1.916550248861312866e-01,-1.843279898166656494e-01,3.735245391726493835e-02,6.296668667346239090e-03,1.955609172582626343e-01,-2.887372374534606934e-01,-1.299563497304916382e-01,-3.741034269332885742e-01,-2.777503430843353271e-01,-2.801747024059295654e-01,-2.046620845794677734e-01,-4.220234155654907227e-01,-3.250915408134460449e-01,-3.106270432472229004e-01,-3.178575038909912109e-01,-3.286263644695281982e-01,-2.479219585657119751e-01,-5.369681715965270996e-01,1.231086328625679016e-01,-9.920372813940048218e-02,3.107723593711853027e-01,-1.481692586094141006e-02,-2.430426776409149170e-01,-2.194663882255554199e-02,-8.460588753223419189e-02,3.182692825794219971e-02,8.229710161685943604e-03,4.106481000781059265e-02,1.460541635751724243e-01,-4.438643530011177063e-02,-7.961750775575637817e-02,-2.458971589803695679e-01,-2.787895202636718750e-01,-1.244034841656684875e-01,7.796598225831985474e-02,3.451510798186063766e-03,1.574485003948211670e-01,1.204163357615470886e-01,-2.622197866439819336e-01,1.946129649877548218e-01,3.018420934677124023e-01,-1.121917590498924255e-01,-2.828739397227764130e-02,4.052519053220748901e-02,1.228721514344215393e-01,-1.894751191139221191e-01,1.075518950819969177e-01,-1.045772358775138855e-01,2.226942777633666992e-01,-2.653385698795318604e-01,1.394675225019454956e-01,9.416533261537551880e-02,4.200625717639923096e-01,-1.228779703378677368e-01,4.716756939888000488e-01,-5.665995478630065918e-01,-1.509750336408615112e-01,-4.550228416919708252e-01,-4.952670261263847351e-02,2.512803971767425537e-01,-4.027571901679039001e-02,-1.906157582998275757e-01,-7.497579604387283325e-02,-2.634022235870361328e-01,3.245663046836853027e-01,6.506989710032939911e-03,4.486451447010040283e-01,2.423716336488723755e-01,4.367049634456634521e-01,-3.102224767208099365e-01,-1.393746435642242432e-01,6.886722147464752197e-02,3.629569411277770996e-01,-5.319983884692192078e-02,-1.420945972204208374e-01,-1.788674443960189819e-01,-2.081883847713470459e-01,-2.446939200162887573e-01,-1.767757982015609741e-01,-2.425912320613861084e-01,1.660871058702468872e-01
3.708203732967376709e-01,1.487518101930618286e-01,2.453510463237762451e-01,7.889930903911590576e-02,2.201527208089828491e-01,-2.591135501861572266e-01,3.401632308959960938e-01,1.140536144375801086e-01,3.057388216257095337e-02,2.145342826843261719e-01,0.000000000000000000e+00,3.464173376560211182e-01,4.765251874923706055e-01,1.107304468750953674e-01,-1.188424676656723022e-01,5.200737621635198593e-03,2.784613370895385742e-01,5.828076973557472229e-02,1.068583056330680847e-01,9.674353897571563721e-02,-4.251681566238403320e-01,-3.076136410236358643e-01,1.003133133053779602e-01,3.947496041655540466e-02,-2.035523504018783569e-01,-2.580385208129882812e-01,1.200452819466590881e-01,9.465179592370986938e-02,-2.234531752765178680e-02,-1.564800590276718140e-01,-5.382177978754043579e-02,-2.661113999783992767e-02,-8.440759032964706421e-02,5.871039256453514099e-02,-1.564614027738571167e-01,-1.088950335979461670e-01,-3.202877044677734375e-01,-3.133184611797332764e-01,-3.139884769916534424e-01,-2.283124923706054688e-01,5.310916155576705933e-02,-2.774384617805480957e-01,-1.039816513657569885e-01,-3.047813177108764648e-01,-3.390555381774902344e-01,-6.198758631944656372e-02,-1.523259133100509644e-01,-1.584928929805755615e-01,-4.005183652043342590e-02,-1.049297079443931580e-01,-1.857708543539047241e-01,-1.229635998606681824e-01,-2.116500586271286011e-01,5.349156260490417480e-02,-2.787240147590637207e-01,1.732855662703514099e-02,3.981013596057891846e-01,2.310148179531097412e-01,2.665596306324005127e-01,1.094856709241867065e-01,4.061486721038818359e-01,1.595819443464279175e-01,3.212064802646636963e-01,3.306462466716766357e-01,-8.457440882921218872e-02,-1.554231792688369751e-01,-9.609082341194152832e-02,-1.738142371177673340e-01,9.624313563108444214e-03,1.229110583662986755e-01,-1.864425390958786011e-01,5.795940384268760681e-02,1.813718676567077637e-01,4.287836700677871704e-02,-5.325397476553916931e-03,1.959158480167388916e-01,1.567344516515731812e-01,-2.618380784988403320e-01,-2.415266036987304688e-01,-1.638049483299255371e-01,-3.643321990966796875e-01,-7.699189335107803345e-02,-3.735775649547576904e-01,-2.931461930274963379e-01,-2.930717468261718750e-01,-3.582989051938056946e-02,-2.116331458091735840e-01,-1.085036844015121460e-01,-3.106233179569244385e-01,1.105730757117271423e-01,-1.619310081005096436e-01,3.967305272817611694e-02,-1.363813877105712891e-01,1.778098344802856445e-01,-9.089262783527374268e-02,-6.043704226613044739e-02,-2.005414217710494995e-01,-2.022098600864410400e-01,-1.016969531774520874e-01,8.382840082049369812e-03,-2.676620483398437500e-01,1.051371321082115173e-01,-1.664911359548568726e-01,4.635106772184371948e-02,-1.091832071542739868e-01,-5.234571173787117004e-02,-4.262483865022659302e-02,1.132789626717567444e-01,-2.918326761573553085e-03,-1.076257135719060898e-02,1.967898942530155182e-02,-1.407752186059951782e-01,-4.467408359050750732e-02,-9.674168378114700317e-02,-2.082151323556900024e-01,-9.107273072004318237e-02
-1.127135232090950012e-01,5.671690106391906738e-01,5.084925517439842224e-02,9.811182320117950439e-02,4.656082987785339355e-01,-1.765687316656112671e-01,-1.379485130310058594e-01,3.806386888027191162e-01,1.135677751153707504e-02,-8.752819895744323730e-02,3.464173376560211182e-01,0.000000000000000000e+00,1.664224639534950256e-02,4.022386372089385986e-01,-1.999246329069137573e-02,-5.754760280251502991e-02,7.128879427909851074e-02,7.669785618782043457e-02,4.970853030681610107e-01,4.959288239479064941e-01,-3.080158233642578125e-01,-4.092129766941070557e-01,-2.897827327251434326e-01,-2.217471450567245483e-01,5.146957561373710632e-02,3.910604119300842285e-02,-6.357257813215255737e-02,2.615209668874740601e-02,-1.892707347869873047e-01,1.915314793586730957e-01,-2.116015404462814331e-01,-1.429985761642456055e-01,3.493798375129699707e-01,4.944871962070465088e-01,2.279591858386993408e-01,3.410712182521820068e-01,6.567052751779556274e-02,-4.171870946884155273e-01,-3.634505271911621094e-01,-3.443906903266906738e-01,2.564726769924163818e-01,-1.682213246822357178e-01,1.171543002128601074e-01,1.774899363517761230e-01,-5.927372351288795471e-02,1.815382689237594604e-01,2.497586011886596680e-01,2.303432226181030273e-01,2.491105645895004272e-01,3.036821484565734863e-01,-5.436461791396141052e-02,2.257864028215408325e-01,5.173240974545478821e-02,-2.306197136640548706e-01,-2.935686707496643066e-01,-4.950269162654876709e-01,-4.781750589609146118e-02,4.786140918731689453e-01,7.522630691528320312e-02,4.011566638946533203e-01,1.780231595039367676e-01,5.294277667999267578e-01,2.058366984128952026e-01,2.122883945703506470e-01,-4.094623401761054993e-02,2.319516539573669434e-01,3.250455558300018311e-01,3.111829161643981934e-01,3.912627995014190674e-01,5.664950981736183167e-02,-2.637505531311035156e-01,-9.643899649381637573e-02,7.870559394359588623e-02,3.854306638240814209e-01,-3.320672512054443359e-01,-1.801113337278366089e-01,2.276506274938583374e-01,-1.958350092172622681e-01,-1.524506509304046631e-01,-3.485563695430755615e-01,-9.581994265317916870e-02,-9.325241297483444214e-02,-2.597421705722808838e-01,-5.373817682266235352e-01,-2.447353452444076538e-01,-2.747871540486812592e-02,-4.680407345294952393e-01,-5.292766690254211426e-01,-2.256057858467102051e-01,-2.623034417629241943e-01,2.196428924798965454e-01,-2.236557751893997192e-02,1.560663133859634399e-01,-1.297562569379806519e-01,-2.106000334024429321e-01,1.973031610250473022e-01,-3.150423616170883179e-02,7.997254841029644012e-03,3.216201663017272949e-01,-1.149426847696304321e-01,-2.246486842632293701e-01,-3.447800576686859131e-01,-3.356787860393524170e-01,-2.260769903659820557e-01,-3.503311425447463989e-02,-1.482413262128829956e-01,-3.892782628536224365e-01,-1.077969819307327271e-01,1.262637972831726074e-01,2.712058722972869873e-01,2.757461071014404297e-01,6.013773381710052490e-02,2.397958934307098389e-01,2.098545283079147339e-01,-2.348478883504867554e-01,-2.599567472934722900e-01
5.206238627433776855e-01,-2.625996172428131104e-01,4.413109123706817627e-01,4.304138198494911194e-02,-1.354882866144180298e-01,4.997854307293891907e-02,6.063997149467468262e-01,-9.125918149948120117e-02,4.411059916019439697e-01,4.533746242523193359e-01,4.765251874923706055e-01,1.664224639534950256e-02,0.000000000000000000e+00,-2.164927273988723755e-01,1.284082680940628052e-01,1.322751045227050781e-01,2.383307367563247681e-01,4.831996187567710876e-02,-1.037099659442901611e-01,-2.505528032779693604e-01,-1.950749754905700684e-01,3.562139580026268959e-03,5.733526349067687988e-01,3.882038891315460205e-01,-1.872206479310989380e-01,-1.737513542175292969e-01,3.174377679824829102e-01,3.277017772197723389e-01,2.995219528675079346e-01,-1.063001975417137146e-01,3.642908036708831787e-01,3.605875372886657715e-01,-3.201968967914581299e-01,-2.382324486970901489e-01,-2.954322993755340576e-01,-3.390111625194549561e-01,-3.984096944332122803e-01,-6.676723062992095947e-02,-1.117931753396987915e-01,1.192364692687988281e-01,-3.892378807067871094e-01,-1.609497815370559692e-01,-4.270056784152984619e-01,-4.684649109840393066e-01,-4.506627321243286133e-01,-3.240200877189636230e-01,-4.680469930171966553e-01,-5.161792039871215820e-01,-3.972032070159912109e-01,-3.799901306629180908e-01,-3.869946300983428955e-01,-4.598630070686340332e-01,-4.455345273017883301e-01,1.199549436569213867e-01,-8.691281825304031372e-02,3.442368805408477783e-01,2.183617204427719116e-01,-2.154036909341812134e-01,1.189467981457710266e-01,-1.058799922466278076e-01,3.009325265884399414e-01,-3.869137912988662720e-02,2.914048433303833008e-01,4.161510467529296875e-01,-8.487354964017868042e-02,-2.593590021133422852e-01,-3.740263581275939941e-01,-4.814997613430023193e-01,-2.694916427135467529e-01,8.442487567663192749e-02,6.259068846702575684e-02,1.065496727824211121e-01,1.907662749290466309e-01,-3.115131258964538574e-01,2.055900394916534424e-01,2.811469435691833496e-01,-1.323090344667434692e-01,-2.375167161226272583e-01,-2.263762243092060089e-02,1.596914418041706085e-02,-3.149517178535461426e-01,-1.033409759402275085e-01,-1.268283575773239136e-01,1.907972060143947601e-02,-2.677857577800750732e-01,-1.847141385078430176e-01,5.883375182747840881e-02,2.659153342247009277e-01,-8.456283062696456909e-02,2.896818220615386963e-01,-5.053771734237670898e-01,-2.502022087574005127e-01,-5.335549712181091309e-01,1.195352151989936829e-02,3.368261158466339111e-01,-1.446585357189178467e-01,-5.936867371201515198e-02,-1.309977769851684570e-01,-1.338321417570114136e-01,3.282444775104522705e-01,4.808950051665306091e-02,4.413414001464843750e-01,3.057994246482849121e-01,3.716864287853240967e-01,-3.216460049152374268e-01,-1.399898976087570190e-01,1.270441859960556030e-01,2.470189779996871948e-01,-7.340677827596664429e-02,-5.759348347783088684e-02,-1.283638179302215576e-01,-2.485675215721130371e-01,-4.123814702033996582e-01,-2.892653346061706543e-01,-2.529275119304656982e-01,9.486247599124908447e-02
