0.000000000000000000e+00,3.572412133216857910e-01,2.803043127059936523e-01,1.097428277134895325e-01,-6.845133006572723389e-02,-1.618776619434356689e-01,4.260548353195190430e-01,3.178844749927520752e-01,-3.748234361410140991e-02,-1.487696617841720581e-01,3.204956948757171631e-01,7.576733082532882690e-02,1.606043279170989990e-01,1.000817790627479553e-01,-1.444728970527648926e-01,-2.915584444999694824e-01,-1.699741780757904053e-01,-7.161229103803634644e-02,4.575189650058746338e-01,4.846196770668029785e-01,-1.512106209993362427e-01,-2.671023309230804443e-01,-5.737229064106941223e-02,-1.081925556063652039e-01,-1.306577920913696289e-01,-5.043892189860343933e-02,-1.265773773193359375e-01,-4.869649186730384827e-02,6.982195377349853516e-02,-4.846093803644180298e-02,-7.083841413259506226e-02,-1.689779199659824371e-02,3.300313055515289307e-01,2.428528666496276855e-01,-1.205563023686408997e-01,-2.441544979810714722e-01,-1.427397429943084717e-01,-5.589471384882926941e-02,4.650361370295286179e-03,-1.910518556833267212e-01,-4.798251390457153320e-02,-9.746771305799484253e-02,-2.590336278080940247e-02,9.600926190614700317e-02,-1.063225492835044861e-01,5.874322354793548584e-02,1.709015965461730957e-01,9.132929891347885132e-02,4.952229931950569153e-02,6.506506353616714478e-02,1.454898118972778320e-01,1.121732741594314575e-01,2.417286783456802368e-01,5.144881457090377808e-02,1.572742015123367310e-01,-8.456788957118988037e-02,4.073986113071441650e-01,2.480737715959548950e-01,3.202990889549255371e-01,3.496877849102020264e-01,1.591282188892364502e-01,7.720310986042022705e-02,1.710015386343002319e-01,1.885598152875900269e-01,-3.021115362644195557e-01,-3.400147259235382080e-01,-4.397548735141754150e-02,-7.749854028224945068e-02,4.623167812824249268e-01,3.241299986839294434e-01,-2.489417605102062225e-02,-1.013119295239448547e-01,-9.978646785020828247e-02,-2.669562399387359619e-01,-9.411638975143432617e-02,-7.213360071182250977e-02,1.455624401569366455e-01,-1.230536028742790222e-02,1.539847850799560547e-01,-1.567693799734115601e-01,2.161415070295333862e-01,-1.633822619915008545e-01,3.213427588343620300e-02,-1.751921623945236206e-01,1.571047306060791016e-01,-1.223781034350395203e-01,-1.493240892887115479e-01,-2.419370263814926147e-01,4.078192636370658875e-03,-1.770294010639190674e-01,-8.393970876932144165e-02,-2.570247054100036621e-01,-7.984481751918792725e-02,-2.491433620452880859e-01,1.195841878652572632e-01,1.373981386423110962e-01,5.344989895820617676e-02,-1.907461881637573242e-01,-3.401891514658927917e-02,-1.186105757951736450e-01,3.791668266057968140e-02,-1.667722910642623901e-01,-1.152652055025100708e-01,-6.089759990572929382e-02,-1.825183629989624023e-01,-2.554782927036285400e-01,-1.015500649809837341e-01,-1.298126578330993652e-01,-1.840622276067733765e-01,-6.904430687427520752e-02,3.582423552870750427e-02,-1.769677847623825073e-01,-1.428603380918502808e-01,-1.493678539991378784e-01,-1.016009747982025146e-01,-1.710352450609207153e-01
3.572412133216857910e-01,0.000000000000000000e+00,2.491997629404067993e-01,1.767325550317764282e-01,3.732933104038238525e-02,-3.689251467585563660e-02,7.708113640546798706e-02,4.451923444867134094e-02,1.120422333478927612e-01,-6.254949420690536499e-02,1.797622442245483398e-01,5.339747294783592224e-02,2.727231569588184357e-02,3.950782492756843567e-02,-2.320414781570434570e-02,-5.538632348179817200e-02,3.184089809656143188e-02,6.341357529163360596e-02,2.234485894441604614e-01,3.578927814960479736e-01,3.999346122145652771e-02,-3.579848632216453552e-02,1.622323393821716309e-01,1.094245761632919312e-01,-1.507404027506709099e-03,3.576116636395454407e-02,-6.291425973176956177e-02,9.020856022834777832e-02,7.043359428644180298e-02,8.108242601156234741e-02,1.363452970981597900e-01,1.844452470541000366e-01,3.025949895381927490e-01,2.883922755718231201e-01,8.330474048852920532e-02,-5.132798478007316589e-02,-9.068511426448822021e-02,-9.244286455214023590e-03,-4.947945103049278259e-02,-9.785394370555877686e-02,-1.191177368164062500e-01,-2.825595252215862274e-02,3.145175054669380188e-02,1.245031803846359253e-01,-4.711048211902379990e-03,3.298798203468322754e-02,7.831773906946182251e-02,8.064273744821548462e-02,-8.277554996311664581e-03,5.596211645752191544e-03,-4.358018748462200165e-03,-1.300143310800194740e-03,1.621395722031593323e-02,-8.907840587198734283e-03,4.512340575456619263e-02,4.695037379860877991e-02,2.938739955425262451e-01,3.381385505199432373e-01,1.005660668015480042e-01,6.874193996191024780e-02,-2.710196562111377716e-02,5.014644470065832138e-03,-2.442731708288192749e-02,-3.184470580890774727e-03,-1.270581595599651337e-02,-3.584312647581100464e-02,2.289911359548568726e-02,-2.545331232249736786e-02,3.684958815574645996e-01,3.698354661464691162e-01,-6.102909334003925323e-03,-4.211507737636566162e-02,-7.565568387508392334e-02,-1.242505982518196106e-01,2.999824285507202148e-02,-7.036372274160385132e-02,9.739729017019271851e-02,2.047408819198608398e-01,-8.398468047380447388e-02,5.074646323919296265e-02,-1.248861774802207947e-01,-4.552053287625312805e-02,-8.797076344490051270e-02,-7.244422100484371185e-03,-5.669792369008064270e-02,-4.558201879262924194e-02,-1.002169493585824966e-02,-4.392907768487930298e-02,-9.395176917314529419e-02,-6.515911966562271118e-02,-2.449540644884109497e-01,-6.970400363206863403e-02,-9.954185038805007935e-02,1.714711310341954231e-03,-1.844298094511032104e-02,-5.151180922985076904e-02,-1.575018614530563354e-01,-1.425108313560485840e-01,-1.427327990531921387e-01,-5.253122746944427490e-02,-1.588454991579055786e-01,-7.172201573848724365e-02,-2.467523664236068726e-01,-3.904826566576957703e-02,-1.058478374034166336e-02,-1.818827539682388306e-02,-6.379166245460510254e-02,-5.518901348114013672e-02,-1.339043527841567993e-01,-1.730082184076309204e-01,-4.380705952644348145e-02,-8.643466234207153320e-02,3.584954515099525452e-02,4.664944857358932495e-02,4.584464058279991150e-02,-1.860636919736862183e-01
2.803043127059936523e-01,2.491997629404067993e-01,0.000000000000000000e+00,3.331359624862670898e-01,2.650875151157379150e-01,1.731437295675277710e-01,4.167403578758239746e-01,2.685458958148956299e-01,2.235954850912094116e-01,1.637361347675323486e-01,9.296464174985885620e-02,2.114337384700775146e-01,1.772647947072982788e-01,1.191168371587991714e-02,2.052380442619323730e-01,1.046486664563417435e-02,-2.184950262308120728e-01,-7.113239169120788574e-02,3.525130152702331543e-01,2.394683808088302612e-01,-2.384711429476737976e-02,-8.599009364843368530e-02,3.495481908321380615e-01,4.248020052909851074e-01,2.290067076683044434e-01,2.425812631845474243e-01,1.632283069193363190e-02,1.835449635982513428e-01,-1.680044382810592651e-01,-6.337937712669372559e-02,2.762573957443237305e-01,2.623927891254425049e-01,1.160454750061035156e-01,1.510231941938400269e-01,4.817929863929748535e-02,-5.720246210694313049e-02,3.395880386233329773e-02,1.123590320348739624e-01,1.685004681348800659e-01,1.274760439991950989e-02,3.374778479337692261e-02,-1.034370884299278259e-01,-2.023246139287948608e-01,6.808620691299438477e-02,-2.367309033870697021e-01,-1.996099650859832764e-01,-1.224314942955970764e-01,-2.025143355131149292e-01,-4.749586060643196106e-02,-1.232767403125762939e-01,-1.539053320884704590e-01,-7.468678057193756104e-02,-1.632009819149971008e-02,-2.143441587686538696e-01,1.019729822874069214e-01,2.118224464356899261e-02,4.178584367036819458e-02,1.649356484413146973e-01,5.026854574680328369e-02,1.187776774168014526e-01,8.697922527790069580e-02,1.933452859520912170e-02,-6.779445707798004150e-02,-8.045843802392482758e-03,-1.276843808591365814e-02,-1.406281888484954834e-01,4.610567539930343628e-02,4.001580923795700073e-02,5.614797770977020264e-02,8.661197870969772339e-02,9.765570610761642456e-02,1.469907760620117188e-01,-8.062411099672317505e-02,8.546042442321777344e-02,-1.154865846037864685e-01,-5.691581219434738159e-02,4.542974755167961121e-03,-7.180355489253997803e-02,-1.789858490228652954e-01,-1.101363971829414368e-01,2.371468394994735718e-02,-2.006085515022277832e-01,1.401702612638473511e-01,-1.111401766538619995e-01,1.152860596776008606e-01,-3.610682785511016846e-01,1.868278086185455322e-01,8.928152732551097870e-03,2.358182072639465332e-01,-2.775783240795135498e-01,1.957943663001060486e-02,1.277718786150217056e-02,-2.444139719009399414e-01,-2.372073531150817871e-01,1.324968934059143066e-01,9.707772731781005859e-02,-9.888413548469543457e-02,-2.604679465293884277e-01,-2.345416136085987091e-02,2.915175631642341614e-02,-3.910462930798530579e-02,-1.825378984212875366e-01,-4.324763081967830658e-03,1.882859021425247192e-01,-8.362592756748199463e-02,-1.235058978199958801e-01,-6.797702517360448837e-03,1.996006518602371216e-01,-1.728071421384811401e-01,-2.796566784381866455e-01,-1.457756459712982178e-01,-9.827328473329544067e-02,9.684028103947639465e-03,-1.461442112922668457e-01,-2.440084367990493774e-01,-2.962157130241394043e-02
1.097428277134895325e-01,1.767325550317764282e-01,3.331359624862670898e-01,0.000000000000000000e+00,2.540802955627441406e-01,2.297849357128143311e-01,2.402109354734420776e-01,1.492730230093002319e-01,2.042005062103271484e-01,3.262625932693481445e-01,7.333040237426757812e-02,9.265362471342086792e-02,3.802197799086570740e-02,-5.836723372340202332e-02,-2.678853832185268402e-02,1.653767675161361694e-01,-1.141787841916084290e-01,-1.342270672321319580e-01,1.674821972846984863e-01,1.963092982769012451e-01,-1.317135691642761230e-01,-8.738621138036251068e-03,2.961378991603851318e-01,4.330751001834869385e-01,2.632775902748107910e-01,3.411097228527069092e-01,1.042551472783088684e-01,2.469096332788467407e-01,-2.103444561362266541e-02,-5.006080493330955505e-02,3.464307487010955811e-01,3.053386807441711426e-01,1.958336383104324341e-01,3.046092987060546875e-01,3.712064027786254883e-02,2.754407934844493866e-02,-1.656791195273399353e-02,8.588280528783798218e-02,3.707508742809295654e-02,-1.738914847373962402e-02,-1.838837377727031708e-02,-5.507199838757514954e-02,-2.294685542583465576e-01,-1.726067066192626953e-02,-3.692339956760406494e-01,-2.299613803625106812e-01,-1.275037080049514771e-01,-1.330097764730453491e-01,-1.932982206344604492e-01,-1.709729433059692383e-01,-2.941234409809112549e-01,-1.802294850349426270e-01,-2.048756331205368042e-01,-1.739995740354061127e-02,-1.546479910612106323e-01,4.560133814811706543e-02,-3.629111126065254211e-02,1.494732946157455444e-01,-4.736188426613807678e-02,8.417075127363204956e-02,2.627515047788619995e-02,1.873497217893600464e-01,-2.732797898352146149e-02,9.672305732965469360e-02,-5.883109569549560547e-02,7.119579613208770752e-02,1.278205960988998413e-01,1.416465044021606445e-01,4.570459946990013123e-02,1.173469349741935730e-01,1.132726222276687622e-01,1.996780037879943848e-01,9.434039145708084106e-02,7.701072096824645996e-02,-8.528735488653182983e-02,5.580330267548561096e-02,-8.574325591325759888e-02,-2.563095418736338615e-03,-2.218438088893890381e-01,1.554129831492900848e-02,-6.089140474796295166e-02,-4.736506938934326172e-02,-4.283283278346061707e-02,3.328061848878860474e-02,-1.606315076351165771e-01,-5.869350954890251160e-02,-8.923297375440597534e-02,2.858707122504711151e-02,-8.773674815893173218e-02,8.165082335472106934e-02,-8.371999859809875488e-02,1.672513335943222046e-01,-9.742952883243560791e-02,-1.233464926481246948e-01,8.083399385213851929e-02,4.765760526061058044e-02,-1.408865451812744141e-01,-1.434199959039688110e-01,-9.719231724739074707e-02,-1.026527285575866699e-01,-2.118309885263442993e-01,4.481216892600059509e-02,-1.047420352697372437e-01,2.448573261499404907e-01,-8.593825250864028931e-02,8.369891345500946045e-02,4.392786696553230286e-02,2.686824500560760498e-01,-1.017499193549156189e-01,-3.467762172222137451e-01,6.332945823669433594e-02,4.299218952655792236e-02,7.127232383936643600e-03,-5.614710599184036255e-02,-1.718378216028213501e-01,2.971531450748443604e-02
-6.845133006572723389e-02,3.732933104038238525e-02,2.650875151157379150e-01,2.540802955627441406e-01,0.000000000000000000e+00,5.929948687553405762e-01,6.337603926658630371e-02,1.014862209558486938e-01,3.069947063922882080e-01,3.434033393859863281e-01,-1.262508481740951538e-01,1.730151474475860596e-01,3.978549689054489136e-02,-1.125857010483741760e-01,1.144076287746429443e-01,1.698672920465469360e-01,7.693751156330108643e-02,1.320103704929351807e-01,9.776251763105392456e-02,-8.670026808977127075e-02,1.855383813381195068e-02,1.932553201913833618e-02,3.338367342948913574e-01,4.848289787769317627e-01,6.733225584030151367e-01,5.918903946876525879e-01,2.889128327369689941e-01,4.689477384090423584e-01,1.309990882873535156e-01,1.347834020853042603e-01,4.876826405525207520e-01,4.345277547836303711e-01,3.278655931353569031e-02,1.029601171612739563e-01,9.320007264614105225e-02,1.027285307645797729e-01,7.253810763359069824e-02,3.205627575516700745e-02,7.439572364091873169e-02,1.128341257572174072e-02,6.498399889096617699e-04,1.950667425990104675e-02,-2.912036776542663574e-01,-2.135604023933410645e-01,-2.413425296545028687e-01,-3.392355144023895264e-01,-3.167477846145629883e-01,-2.721067070960998535e-01,-2.535016834735870361e-01,-2.735911607742309570e-01,-3.173785805702209473e-01,-2.803528010845184326e-01,-1.807655394077301025e-01,-1.693567931652069092e-01,-6.466379761695861816e-02,-9.936010837554931641e-02,-1.452274527400732040e-02,1.268814802169799805e-01,-3.062844574451446533e-01,-2.615581154823303223e-01,-9.531728923320770264e-02,-2.673742361366748810e-02,-1.132692247629165649e-01,-1.195706948637962341e-01,1.558968871831893921e-01,1.508364379405975342e-01,1.523733418434858322e-02,8.464574068784713745e-02,-1.639923602342605591e-01,-6.897418200969696045e-02,2.222292870283126831e-01,2.777399122714996338e-01,2.354885190725326538e-01,1.991804540157318115e-01,3.412770852446556091e-02,2.903800457715988159e-02,8.753434568643569946e-02,-1.594118773937225342e-01,-3.194741159677505493e-02,-2.677866816520690918e-02,1.070454120635986328e-01,6.240794807672500610e-02,9.851573267951607704e-04,-1.631156951189041138e-01,-9.694910049438476562e-02,-2.391202300786972046e-01,3.256012126803398132e-02,-9.428554028272628784e-02,4.659939557313919067e-02,-1.399832814931869507e-01,-9.181599318981170654e-02,1.076207086443901062e-01,-1.184872314333915710e-01,-7.378694415092468262e-02,4.003916308283805847e-02,2.551476843655109406e-02,-3.944545239210128784e-02,-3.038492985069751740e-02,4.717399552464485168e-02,-2.066611312329769135e-02,-6.278896331787109375e-02,-3.265494597144424915e-04,1.267974376678466797e-01,1.901943385601043701e-01,1.072647944092750549e-01,8.023077249526977539e-02,9.057164937257766724e-02,1.678989976644515991e-01,-5.744008719921112061e-02,-1.816861480474472046e-01,-1.574296057224273682e-01,-6.164978072047233582e-02,1.129140108823776245e-01,-2.015164792537689209e-01,-2.261672914028167725e-01,-1.687718182802200317e-02
-1.618776619434356689e-01,-3.689251467585563660e-02,1.731437295675277710e-01,2.297849357128143311e-01,5.929948687553405762e-01,0.000000000000000000e+00,-7.685867603868246078e-03,2.170617319643497467e-02,3.707578480243682861e-01,4.085136353969573975e-01,-1.783578395843505859e-01,1.373803764581680298e-01,-9.069591015577316284e-02,-2.564753890037536621e-01,2.037061750888824463e-01,2.511357665061950684e-01,4.473425075411796570e-02,1.755955815315246582e-01,-6.536886841058731079e-02,-2.148427665233612061e-01,7.722753286361694336e-02,1.844436675310134888e-01,2.023888975381851196e-01,4.331818222999572754e-01,5.624398589134216309e-01,5.231998562812805176e-01,2.419976145029067993e-01,4.594484865665435791e-01,7.228492200374603271e-02,1.209531128406524658e-01,4.102928042411804199e-01,3.303112387657165527e-01,-8.633273839950561523e-02,6.089030206203460693e-02,5.101852118968963623e-02,8.422381430864334106e-02,5.279878899455070496e-02,-5.014604423195123672e-03,6.921663880348205566e-02,4.336096346378326416e-02,1.137211220338940620e-03,4.582272469997406006e-02,-3.024203777313232422e-01,-1.847536563873291016e-01,-1.473131328821182251e-01,-2.391786128282546997e-01,-2.989278733730316162e-01,-2.368634939193725586e-01,-1.753885149955749512e-01,-2.412811070680618286e-01,-3.316395878791809082e-01,-2.629418969154357910e-01,-2.381051182746887207e-01,-2.605986297130584717e-01,-2.753279730677604675e-02,-6.052310019731521606e-02,-1.041251346468925476e-01,3.763305023312568665e-02,-2.804452180862426758e-01,-1.943977326154708862e-01,-1.397412121295928955e-01,-9.439162909984588623e-03,-1.020620092749595642e-01,-6.452226545661687851e-03,4.952022433280944824e-02,1.572704464197158813e-01,2.534394338726997375e-02,1.501235663890838623e-01,-2.277643680572509766e-01,-1.100445166230201721e-01,1.649891138076782227e-01,2.184580862522125244e-01,8.353830873966217041e-02,1.845327019691467285e-01,7.963144034147262573e-02,1.494513917714357376e-02,-2.535680495202541351e-02,-1.978651136159896851e-01,-9.852983057498931885e-02,-4.338191449642181396e-02,9.166885167360305786e-02,1.148033589124679565e-01,-7.351156673394143581e-04,-1.291058957576751709e-01,-8.512858301401138306e-02,-2.409335672855377197e-01,1.759091466665267944e-01,-1.007306575775146484e-02,1.319995820522308350e-01,-3.776641562581062317e-02,-1.129062008112668991e-02,1.328656375408172607e-01,-1.513497084379196167e-01,-1.131736710667610168e-01,-7.476577162742614746e-02,-5.316444858908653259e-02,-1.293479055166244507e-01,4.089270904660224915e-02,7.141564786434173584e-02,5.370405688881874084e-02,3.151511400938034058e-02,-5.497032403945922852e-02,1.873164772987365723e-01,2.668806016445159912e-01,1.967305541038513184e-01,1.888587325811386108e-01,2.140454500913619995e-01,2.781921327114105225e-01,3.482383489608764648e-02,-1.500990539789199829e-01,-1.017190515995025635e-01,-7.366523891687393188e-02,5.820450559258460999e-02,-9.519051015377044678e-02,-1.539522707462310791e-01,1.338149514049291611e-02
4.260548353195190430e-01,7.708113640546798706e-02,4.167403578758239746e-01,2.402109354734420776e-01,6.337603926658630371e-02,-7.685867603868246078e-03,0.000000000000000000e+00,4.905058443546295166e-01,5.184778571128845215e-02,-2.224123477935791016e-02,2.892900705337524414e-01,1.296850889921188354e-01,3.596197068691253662e-01,1.039952859282493591e-01,6.755203753709793091e-02,-1.555165499448776245e-01,-2.203809916973114014e-01,-7.050813641399145126e-03,4.332254230976104736e-01,3.232702910900115967e-01,-1.977048665285110474e-01,-2.370742112398147583e-01,1.170358583331108093e-01,-1.062522083520889282e-02,-5.432377010583877563e-02,-5.913364514708518982e-02,-1.931003630161285400e-01,-5.301996320486068726e-02,1.043342798948287964e-01,2.247388660907745361e-02,3.438959270715713501e-02,2.397545985877513885e-02,1.855938732624053955e-01,1.477458924055099487e-01,-1.461632698774337769e-01,-2.323579192161560059e-01,-2.247599512338638306e-01,-1.754506677389144897e-01,-9.205745905637741089e-02,-3.083436191082000732e-01,-2.043181657791137695e-01,-2.612656950950622559e-01,-2.665705382823944092e-01,-6.981150060892105103e-02,-3.117995262145996094e-01,-1.311455518007278442e-01,-3.020632825791835785e-02,-1.057661399245262146e-01,-7.557628303766250610e-02,-1.226740702986717224e-01,-1.939789019525051117e-02,-6.141645088791847229e-02,1.531367152929306030e-01,-8.822034299373626709e-02,1.953333988785743713e-02,-1.611461192369461060e-01,1.306222379207611084e-01,1.913177073001861572e-01,2.646442055702209473e-01,2.986138164997100830e-01,3.463533520698547363e-01,2.319237887859344482e-01,2.362381517887115479e-01,3.055084943771362305e-01,-2.029577791690826416e-01,-2.778815031051635742e-01,5.112644284963607788e-02,1.103403605520725250e-02,1.896303892135620117e-01,1.632135808467864990e-01,1.597867161035537720e-01,6.074963882565498352e-02,7.496903836727142334e-02,6.136326119303703308e-02,-2.806611731648445129e-02,1.606444716453552246e-01,3.623278066515922546e-02,-1.193365827202796936e-01,-1.969582168385386467e-03,-1.361774653196334839e-01,1.871370524168014526e-01,-8.674998581409454346e-02,-5.162345618009567261e-02,-3.058268725872039795e-01,2.044942528009414673e-01,-2.566392123699188232e-01,-2.035378664731979370e-02,-1.791457384824752808e-01,2.477158308029174805e-01,-3.004550039768218994e-01,-3.260991349816322327e-02,-1.506294459104537964e-01,-6.178012490272521973e-02,-2.398803532123565674e-01,-1.776424422860145569e-02,-2.139715850353240967e-02,-1.058408617973327637e-01,-3.051721453666687012e-01,-4.429100453853607178e-02,-6.182448193430900574e-02,2.900518593378365040e-04,-1.234906390309333801e-01,2.725852839648723602e-02,7.904683053493499756e-02,1.274040807038545609e-02,-1.002196520566940308e-01,2.472384832799434662e-02,4.259981587529182434e-02,-1.734172254800796509e-01,-1.228928864002227783e-01,-3.835889697074890137e-02,-6.358107924461364746e-02,-1.056574061512947083e-01,-9.279469400644302368e-02,-6.006876006722450256e-02,-4.804621264338493347e-02
3.178844749927520752e-01,4.451923444867134094e-02,2.685458958148956299e-01,1.492730230093002319e-01,1.014862209558486938e-01,2.170617319643497467e-02,4.905058443546295166e-01,0.000000000000000000e+00,-8.318981528282165527e-02,-1.264144480228424072e-01,1.255458891391754150e-01,1.903363317251205444e-01,3.449468314647674561e-01,2.844282686710357666e-01,-1.351787149906158447e-01,-2.667876780033111572e-01,-1.336111873388290405e-01,1.323714852333068848e-01,2.318327873945236206e-01,2.108884900808334351e-01,-2.970201969146728516e-01,-2.509152591228485107e-01,-7.014157623052597046e-02,-1.737294793128967285e-01,-4.208774492144584656e-02,-5.010688677430152893e-02,-2.770203351974487305e-01,-1.443498134613037109e-01,1.422429084777832031e-01,1.570583134889602661e-01,-1.254731509834527969e-02,7.987621240317821503e-03,1.515388041734695435e-01,1.684500873088836670e-01,-2.420221269130706787e-01,-3.029949367046356201e-01,-3.157089948654174805e-01,-2.260016947984695435e-01,-1.341715902090072632e-01,-3.057978451251983643e-01,-2.416277825832366943e-01,-2.684081494808197021e-01,-2.066593021154403687e-01,-1.364063620567321777e-01,-2.252042293548583984e-01,-8.447157591581344604e-02,-7.303678244352340698e-02,-1.323027014732360840e-01,-5.351165309548377991e-02,-7.961828261613845825e-02,1.220013648271560669e-01,-2.943785302340984344e-02,2.399073541164398193e-01,-1.036511361598968506e-01,-8.749730139970779419e-02,-2.946809828281402588e-01,1.465921252965927124e-01,1.422149688005447388e-01,2.580185830593109131e-01,3.488321304321289062e-01,3.083206713199615479e-01,3.636850416660308838e-01,3.085793256759643555e-01,4.291067719459533691e-01,-2.833221554756164551e-01,-2.288617342710494995e-01,-1.591614447534084320e-02,7.447639107704162598e-02,8.085956424474716187e-02,-3.494740650057792664e-02,1.881258189678192139e-01,6.716825813055038452e-02,1.484858244657516479e-01,8.344888687133789062e-02,2.354697353439405560e-04,1.394318491220474243e-01,1.635230034589767456e-01,-8.379203826189041138e-02,1.770025342702865601e-01,-8.015447854995727539e-02,3.565124273300170898e-01,5.199600383639335632e-02,-7.974492013454437256e-02,-3.744136095046997070e-01,2.404829561710357666e-01,-1.235140040516853333e-01,-1.485970020294189453e-01,-3.671659231185913086e-01,2.049248814582824707e-01,-3.952682614326477051e-01,5.183286592364311218e-02,-2.911505699157714844e-01,1.357946395874023438e-01,-1.903739571571350098e-01,-7.934242486953735352e-02,-4.777827113866806030e-02,-6.008129566907882690e-02,-3.541559576988220215e-01,-9.191048331558704376e-03,-1.606227308511734009e-01,1.071137487888336182e-01,-1.540331691503524780e-01,2.555221505463123322e-02,-9.013111144304275513e-02,5.420180782675743103e-02,-2.040722072124481201e-01,-1.184932794421911240e-02,-1.061963960528373718e-01,-1.564017087221145630e-01,-1.195348948240280151e-01,-1.550237275660037994e-02,-2.144582271575927734e-01,-8.845868706703186035e-02,-4.500624537467956543e-02,-1.987448660656809807e-03,-7.990682870149612427e-02
-3.748234361410140991e-02,1.120422333478927612e-01,2.235954850912094116e-01,2.042005062103271484e-01,3.069947063922882080e-01,3.707578480243682861e-01,5.184778571128845215e-02,-8.318981528282165527e-02,0.000000000000000000e+00,3.621724247932434082e-01,-7.237148005515336990e-03,1.946156769990921021e-01,-1.177738830447196960e-01,-3.023507893085479736e-01,5.000783801078796387e-01,3.300304412841796875e-01,7.150411605834960938e-02,2.029753029346466064e-01,-4.322396591305732727e-02,-1.459050327539443970e-01,-7.573482394218444824e-02,1.627476066350936890e-01,2.444489896297454834e-01,3.556292951107025146e-01,3.597421348094940186e-01,3.471071124076843262e-01,2.566056251525878906e-01,3.302316963672637939e-01,7.465074211359024048e-02,2.138793766498565674e-01,2.661302983760833740e-01,2.401150166988372803e-01,-8.800911158323287964e-02,-5.325211212038993835e-03,-3.433110937476158142e-02,8.734247833490371704e-02,-4.348225519061088562e-02,-1.258577853441238403e-01,-6.367731094360351562e-02,-5.705501139163970947e-02,-4.517977312207221985e-02,-3.729589655995368958e-02,-2.157030105590820312e-01,-7.504571974277496338e-02,-1.304218918085098267e-01,-1.713967770338058472e-01,-1.612421125173568726e-01,-1.780683249235153198e-01,-7.435193657875061035e-02,-2.062465101480484009e-01,-2.800653874874114990e-01,-2.411727309226989746e-01,-1.845295429229736328e-01,-3.411682844161987305e-01,-8.837104588747024536e-02,-1.062910407781600952e-01,-2.534689009189605713e-02,-2.841987833380699158e-02,-1.179376989603042603e-01,-1.348908990621566772e-01,-3.139523044228553772e-02,-3.932450339198112488e-02,-5.443224310874938965e-02,-4.146891646087169647e-03,3.987674787640571594e-02,3.986544907093048096e-02,8.299507945775985718e-02,1.208960427902638912e-03,-1.547254920005798340e-01,-5.533144250512123108e-02,1.299740970134735107e-01,1.539619565010070801e-01,-8.571240119636058807e-03,8.834687620401382446e-02,-3.559400886297225952e-02,-1.125416830182075500e-01,-3.460590168833732605e-02,2.486836723983287811e-02,-1.173302158713340759e-01,-9.004767984151840210e-02,4.809468053281307220e-03,-4.354133084416389465e-02,3.038504533469676971e-02,-2.320990264415740967e-01,-1.946691609919071198e-02,-4.224033355712890625e-01,1.843409389257431030e-01,4.253233596682548523e-02,2.398027926683425903e-01,-1.997260749340057373e-01,4.337017610669136047e-02,7.362341135740280151e-02,-1.902983039617538452e-01,-2.328006476163864136e-01,-1.363308429718017578e-01,-1.351992487907409668e-01,-4.481562227010726929e-02,8.687439560890197754e-02,-5.939792096614837646e-02,-6.376107688993215561e-03,3.260108456015586853e-02,2.300488064065575600e-03,2.635199725627899170e-01,3.574833869934082031e-01,1.739821732044219971e-01,2.053724378347396851e-01,2.566034197807312012e-01,3.918618559837341309e-01,4.754840955138206482e-02,-5.742436274886131287e-02,1.686164177954196930e-02,8.939081430435180664e-02,1.542450338602066040e-01,2.568344958126544952e-02,-1.632509082555770874e-01,4.995742440223693848e-02
-1.487696617841720581e-01,-6.254949420690536499e-02,1.637361347675323486e-01,3.262625932693481445e-01,3.434033393859863281e-01,4.085136353969573975e-01,-2.224123477935791016e-02,-1.264144480228424072e-01,3.621724247932434082e-01,0.000000000000000000e+00,5.528861284255981445e-02,1.457441896200180054e-01,3.579828515648841858e-02,-1.201778724789619446e-01,3.785374164581298828e-01,5.760093927383422852e-01,-3.408893570303916931e-02,-8.055904507637023926e-02,4.525487124919891357e-02,-1.124089732766151428e-01,1.304092407226562500e-01,2.271213978528976440e-01,3.035616278648376465e-01,5.000093579292297363e-01,3.630117177963256836e-01,3.812121748924255371e-01,1.260063350200653076e-01,3.600768744945526123e-01,5.026274360716342926e-03,-1.920895092189311981e-02,2.451809048652648926e-01,2.158093899488449097e-01,-6.774055212736129761e-02,2.255123667418956757e-02,5.316707491874694824e-02,5.813585221767425537e-02,3.632309660315513611e-02,6.878965348005294800e-02,9.686966240406036377e-02,1.756708472967147827e-01,1.255082637071609497e-01,6.171599030494689941e-02,-3.303378522396087646e-01,-1.626669019460678101e-01,-3.909125626087188721e-01,-3.744992613792419434e-01,-2.817684113979339600e-01,-2.387871593236923218e-01,-2.888401150703430176e-01,-3.265339732170104980e-01,-4.901842474937438965e-01,-3.062713742256164551e-01,-3.491540253162384033e-01,-1.216571778059005737e-01,-1.629036813974380493e-01,5.156430602073669434e-02,-2.568812370300292969e-01,-5.912375077605247498e-02,-1.962483674287796021e-01,-1.663039773702621460e-01,-5.885139852762222290e-02,6.875012814998626709e-02,-1.112611740827560425e-01,-6.670819222927093506e-02,4.882045462727546692e-02,1.302813291549682617e-01,4.712343961000442505e-02,-3.584497049450874329e-02,-2.863759100437164307e-01,-1.109545826911926270e-01,9.021773189306259155e-02,3.469225466251373291e-01,2.749581821262836456e-02,1.259010136127471924e-01,-3.247622400522232056e-02,-4.761443287134170532e-02,-6.950007379055023193e-02,5.518228933215141296e-02,-2.763745188713073730e-01,-5.256405100226402283e-02,-2.143632471561431885e-01,4.425381775945425034e-03,-5.283925682306289673e-03,4.764530435204505920e-02,-2.182672619819641113e-01,-1.905154138803482056e-01,1.103115603327751160e-01,1.670798808336257935e-01,3.397398442029953003e-02,2.234587073326110840e-01,-4.182116687297821045e-02,3.611885905265808105e-01,-1.765899658203125000e-01,-4.049888998270034790e-02,3.928579855710268021e-03,-6.163446232676506042e-02,-1.419674903154373169e-01,-7.858797162771224976e-02,-2.885233238339424133e-02,-2.367392927408218384e-02,-2.134132236242294312e-01,7.976159453392028809e-02,4.217040166258811951e-02,4.063203632831573486e-01,-1.613319152966141701e-03,2.005277723073959351e-01,1.988624781370162964e-01,4.094721972942352295e-01,8.355064690113067627e-02,-1.950564384460449219e-01,-2.700904570519924164e-02,-2.029187418520450592e-02,8.609430491924285889e-02,-1.712360046803951263e-02,-1.958503574132919312e-01,6.168333813548088074e-02
3.204956948757171631e-01,1.797622442245483398e-01,9.296464174985885620e-02,7.333040237426757812e-02,-1.262508481740951538e-01,-1.783578395843505859e-01,2.892900705337524414e-01,1.255458891391754150e-01,-7.237148005515336990e-03,5.528861284255981445e-02,0.000000000000000000e+00,1.174539178609848022e-01,3.640679717063903809e-01,2.605490684509277344e-01,3.085736371576786041e-02,5.984762683510780334e-02,1.443470269441604614e-01,7.073184102773666382e-02,2.236120104789733887e-01,2.650743126869201660e-01,-1.960283517837524414e-01,-1.759983748197555542e-01,9.451778233051300049e-02,-8.009449392557144165e-02,-1.800646185874938965e-01,-1.805798858404159546e-01,-2.613271176815032959e-01,-1.070846244692802429e-01,2.913828492164611816e-01,1.471081227064132690e-01,-1.045098155736923218e-01,-1.021133884787559509e-01,1.808355450630187988e-01,1.359087675809860229e-01,-8.361001312732696533e-02,-7.987816631793975830e-02,-1.979003846645355225e-01,-1.490603089332580566e-01,-1.165012493729591370e-01,-1.870600134134292603e-01,-1.656070947647094727e-01,-2.525764405727386475e-01,-1.689969748258590698e-01,-1.192067041993141174e-01,-2.738406658172607422e-01,-7.334174215793609619e-02,2.492666430771350861e-02,-3.552277386188507080e-02,-7.096759974956512451e-02,-5.873607844114303589e-02,-9.663724899291992188e-02,-6.643607467412948608e-02,-3.689905628561973572e-02,1.689027063548564911e-03,-5.207578837871551514e-02,3.193166851997375488e-02,1.393022388219833374e-01,5.981051176786422729e-02,2.994304299354553223e-01,1.107247099280357361e-01,2.611512243747711182e-01,1.793523281812667847e-01,2.635440230369567871e-01,2.306579500436782837e-01,-4.804712161421775818e-02,-7.939708977937698364e-02,1.969715803861618042e-01,-6.912948191165924072e-02,2.114208787679672241e-01,1.445472091436386108e-01,6.738533824682235718e-02,1.595684438943862915e-01,1.154268905520439148e-01,4.365826025605201721e-03,9.594801813364028931e-02,2.824548780918121338e-01,-6.489148736000061035e-02,7.577711343765258789e-02,-6.587304174900054932e-02,1.257480587810277939e-02,-1.460573673248291016e-01,-1.125157177448272705e-01,-1.745079308748245239e-01,-1.336460113525390625e-01,-4.297589510679244995e-02,-5.893369019031524658e-02,-1.822767853736877441e-01,-2.066518645733594894e-03,7.704345881938934326e-02,4.227360337972640991e-02,-3.604296594858169556e-02,8.199247717857360840e-02,-5.999090149998664856e-02,-1.370510160923004150e-01,-7.535787671804428101e-02,-9.079210460186004639e-02,-6.296428292989730835e-02,-1.824526935815811157e-01,3.503903374075889587e-02,-3.203475847840309143e-02,-1.696638613939285278e-01,2.576688528060913086e-01,-1.069649904966354370e-01,1.401008516550064087e-01,3.982708230614662170e-02,8.045811206102371216e-02,5.507751181721687317e-02,1.965811997652053833e-01,-1.013800054788589478e-01,-1.378804147243499756e-01,2.223834246397018433e-01,9.601274877786636353e-02,7.739606499671936035e-02,9.960011392831802368e-02,-1.412899419665336609e-02,2.008390612900257111e-02
7.576733082532882690e-02,5.339747294783592224e-02,2.114337384700775146e-01,9.265362471342086792e-02,1.730151474475860596e-01,1.373803764581680298e-01,1.296850889921188354e-01,1.903363317251205444e-01,1.946156769990921021e-01,1.457441896200180054e-01,1.174539178609848022e-01,0.000000000000000000e+00,1.181644052267074585e-01,2.828401923179626465e-01,1.409280747175216675e-01,1.052547767758369446e-01,-3.714324440807104111e-03,9.515981376171112061e-02,8.275733888149261475e-02,1.328865438699722290e-01,-9.511569887399673462e-02,-3.931894525885581970e-02,7.247231155633926392e-02,1.335536539554595947e-01,1.178430020809173584e-01,1.184807643294334412e-01,-1.173795610666275024e-01,8.728503435850143433e-02,3.380872681736946106e-02,2.883922755718231201e-01,1.585373878479003906e-01,1.443251073360443115e-01,6.607059389352798462e-02,8.237361907958984375e-02,-3.276404142379760742e-01,-2.749684453010559082e-01,-1.038302108645439148e-01,-1.305875927209854126e-01,5.127248540520668030e-02,1.973369624465703964e-03,-7.203906308859586716e-03,-4.517708346247673035e-02,-2.004324346780776978e-01,-4.876777529716491699e-02,-2.265190184116363525e-01,-7.787720859050750732e-02,-2.073022909462451935e-02,-4.130309447646141052e-02,3.346192836761474609e-02,-3.344893455505371094e-02,1.113690342754125595e-02,5.768739059567451477e-02,-9.856332093477249146e-02,-2.516605854034423828e-01,3.120184876024723053e-02,9.189608693122863770e-02,6.126565486192703247e-02,-1.356118265539407730e-02,1.822464615106582642e-01,3.117458820343017578e-01,-3.059122478589415550e-03,2.068550288677215576e-01,2.293643206357955933e-01,3.221599757671356201e-01,-2.259308546781539917e-01,-2.598700523376464844e-01,-1.413320153951644897e-01,-1.569616496562957764e-01,-7.061681896448135376e-02,-1.352528482675552368e-01,-2.559653669595718384e-02,2.780984155833721161e-02,-9.038009494543075562e-02,1.358305066823959351e-01,1.022134441882371902e-02,-9.538822621107101440e-02,-1.616302281618118286e-01,1.056306995451450348e-02,-4.813849553465843201e-02,-1.247975155711174011e-01,1.804996840655803680e-02,-6.728297472000122070e-02,-1.527582574635744095e-02,-2.499472945928573608e-01,6.873398274183273315e-02,-8.259741961956024170e-02,8.495733141899108887e-02,-9.274131059646606445e-02,2.468766570091247559e-01,-2.068855017423629761e-01,4.074947163462638855e-02,-2.154453843832015991e-01,-2.808186924085021019e-03,-2.420775592327117920e-01,-1.219934299588203430e-01,-1.083872988820075989e-01,-7.037298381328582764e-02,-2.194457948207855225e-01,-1.411628723144531250e-02,-1.399509906768798828e-01,7.466958463191986084e-02,3.750927001237869263e-02,8.308607339859008789e-02,1.251295953989028931e-01,7.887984812259674072e-02,-1.440780702978372574e-03,1.222333163022994995e-01,1.266780644655227661e-01,9.026119485497474670e-03,-7.621712982654571533e-02,-1.249547079205513000e-01,-2.187681198120117188e-01,6.672604382038116455e-02,-3.194924443960189819e-02,-3.714952245354652405e-02,-1.112499311566352844e-01
1.606043279170989990e-01,2.727231569588184357e-02,1.772647947072982788e-01,3.802197799086570740e-02,3.978549689054489136e-02,-9.069591015577316284e-02,3.596197068691253662e-01,3.449468314647674561e-01,-1.177738830447196960e-01,3.579828515648841858e-02,3.640679717063903809e-01,1.181644052267074585e-01,0.000000000000000000e+00,3.685734570026397705e-01,6.872773915529251099e-02,4.737374931573867798e-02,9.026779234409332275e-02,1.013064458966255188e-01,2.116608768701553345e-01,1.681861728429794312e-01,-1.465120613574981689e-01,-5.834662914276123047e-02,1.755188703536987305e-01,-1.780909113585948944e-02,-1.200718060135841370e-01,-2.108374238014221191e-01,-2.237571924924850464e-01,-9.824222326278686523e-02,3.732069432735443115e-01,2.222046554088592529e-01,1.470348332077264786e-02,-6.354118883609771729e-02,1.633798032999038696e-01,1.018963754177093506e-01,-2.057243138551712036e-02,-1.719236820936203003e-01,-2.527237534523010254e-01,-1.471475511789321899e-01,-1.872054934501647949e-01,-2.324371635913848877e-01,-1.689773350954055786e-01,-2.657995522022247314e-01,-1.941659450531005859e-01,-2.344387620687484741e-01,-2.804204821586608887e-01,-1.922618001699447632e-01,-2.358755767345428467e-01,-2.413190752267837524e-01,-2.222303450107574463e-01,-1.968367099761962891e-01,-1.273681521415710449e-01,-1.217995285987854004e-01,-7.561022788286209106e-02,-6.587938964366912842e-02,-1.652729958295822144e-01,-1.700616329908370972e-01,1.104336082935333252e-01,1.016945764422416687e-01,1.002598926424980164e-01,8.941723965108394623e-03,3.722504377365112305e-01,2.535920441150665283e-01,3.049497902393341064e-01,2.440719008445739746e-01,5.152986943721771240e-02,2.531567960977554321e-02,1.550466865301132202e-01,2.356624603271484375e-02,3.364622592926025391e-02,2.661542408168315887e-02,1.679648607969284058e-01,2.399726063013076782e-01,1.360648721456527710e-01,2.206174582242965698e-01,6.184650212526321411e-02,1.556683927774429321e-01,6.961468607187271118e-02,1.459552645683288574e-01,1.261984556913375854e-01,8.846609294414520264e-02,7.316349446773529053e-02,1.727462261915206909e-01,-1.796463131904602051e-01,-1.885042041540145874e-01,1.611531823873519897e-01,-1.006057672202587128e-02,-6.621607393026351929e-02,-9.025791287422180176e-02,1.584968864917755127e-01,-1.420686095952987671e-01,-1.531926691532135010e-01,-5.563376471400260925e-02,-1.140234339982271194e-02,-9.442846477031707764e-02,-1.888119727373123169e-01,-1.858156323432922363e-01,-1.632789820432662964e-01,-1.974312216043472290e-01,-9.999185800552368164e-02,-1.026950702071189880e-01,-4.191407933831214905e-03,9.599323570728302002e-02,3.148268163204193115e-02,-1.747982949018478394e-02,5.379528179764747620e-02,-5.452690273523330688e-02,6.471747905015945435e-02,4.822346195578575134e-02,-5.502407625317573547e-02,-2.945093624293804169e-02,5.643977597355842590e-02,-8.279390633106231689e-02,-1.343338638544082642e-01,6.744705140590667725e-02,2.982318028807640076e-02,-9.360458701848983765e-02
