0.000000000000000000e+00,2.115092277526855469e-01,2.228575646877288818e-01,9.311245381832122803e-02,6.777720153331756592e-02,2.262391299009323120e-01,3.115703761577606201e-01,-2.332216501235961914e-02,3.348672986030578613e-01,2.327198982238769531e-01,4.172892272472381592e-01,1.621816754341125488e-01,3.378942608833312988e-01,-6.022989284247159958e-03,1.652834238484501839e-03,-6.122460216283798218e-02,-1.333321630954742432e-01,-1.625889092683792114e-01,4.316609799861907959e-01,2.866684198379516602e-01,-1.883378066122531891e-02,-2.021096795797348022e-01,3.496344015002250671e-02,-1.327798366546630859e-01,1.840293109416961670e-01,1.786882728338241577e-01,2.219632714986801147e-01,-1.079361289739608765e-01,-1.166410818696022034e-01,-2.067533880472183228e-01,2.522601485252380371e-01,6.406692415475845337e-02,1.745159775018692017e-01,7.851905375719070435e-02,-1.462670266628265381e-01,-2.828606367111206055e-01,-3.937475383281707764e-03,-1.057564914226531982e-01,5.722711980342864990e-02,-5.490477010607719421e-02,-1.445433050394058228e-01,3.051631897687911987e-02,9.923280030488967896e-02,1.235420107841491699e-01,-2.422104924917221069e-01,-2.068378031253814697e-01,-1.762540489435195923e-01,-9.383345022797584534e-03,-2.147075086832046509e-01,-1.078795492649078369e-01,-2.341667115688323975e-01,-9.748876094818115234e-02,-6.383708864450454712e-02,2.568729221820831299e-02,-2.528295665979385376e-02,9.032757580280303955e-02,4.949544370174407959e-01,1.911259442567825317e-01,1.787357479333877563e-01,1.928321458399295807e-02,1.621797978878021240e-01,8.971338160336017609e-03,1.201032027602195740e-01,-1.241071447730064392e-01,-6.612084060907363892e-02,-2.392170727252960205e-01,-4.443345591425895691e-02,-9.394712746143341064e-02,4.013925194740295410e-01,3.537189662456512451e-01,3.503476381301879883e-01,3.049937486648559570e-01,3.507991135120391846e-01,2.636299133300781250e-01,5.072337388992309570e-02,-9.287421405315399170e-02,1.521374881267547607e-01,1.972466856241226196e-01,-1.999203413724899292e-01,2.139495462179183960e-01,-1.694251298904418945e-01,1.358495354652404785e-01,-1.570840477943420410e-01,1.767847537994384766e-01,-5.225917696952819824e-02,9.116464108228683472e-02,-1.255166232585906982e-01,-1.605430617928504944e-02,-3.199382871389389038e-02,8.770339190959930420e-02,-1.295747309923171997e-01,-4.454226419329643250e-02,-9.185539931058883667e-02,-1.369779556989669800e-01,-2.398655924480408430e-04,-1.427790820598602295e-01,-1.226022019982337952e-01,1.043290868401527405e-01,-7.817073911428451538e-02,2.539250850677490234e-01,1.372064352035522461e-01,3.279109299182891846e-01,9.034891426563262939e-02,2.781245112419128418e-01,-2.621766738593578339e-02,1.065557301044464111e-01,1.293062269687652588e-01,-4.589442908763885498e-02,9.090647101402282715e-02,-7.283619791269302368e-02,5.205481871962547302e-02,4.276974126696586609e-02,-9.836793690919876099e-02,-8.650805056095123291e-02,-1.392212957143783569e-01,4.457273520529270172e-03
2.115092277526855469e-01,0.000000000000000000e+00,1.863112002611160278e-01,1.882618367671966553e-01,-3.719593863934278488e-03,3.647233173251152039e-02,-1.758678704500198364e-01,4.640726149082183838e-01,4.550686478614807129e-02,8.026519417762756348e-02,-9.422170370817184448e-02,1.829915791749954224e-01,-1.952581554651260376e-01,1.472174376249313354e-01,-1.977107375860214233e-01,-1.206673532724380493e-01,-1.946949958801269531e-02,1.953384578227996826e-01,1.739444136619567871e-01,5.306568741798400879e-01,7.736922125332057476e-04,-2.806642949581146240e-01,-1.170624047517776489e-01,-1.776217110455036163e-02,-5.522569641470909119e-02,-5.882016569375991821e-02,5.693389475345611572e-02,-3.915346169378608465e-04,-2.152170687913894653e-01,-3.587665408849716187e-02,8.793710730969905853e-03,6.144392117857933044e-02,3.685409575700759888e-02,1.942860633134841919e-01,-1.365694850683212280e-01,-1.834111213684082031e-01,8.546487241983413696e-02,-4.303920865058898926e-01,1.328227072954177856e-01,-3.491228818893432617e-01,-1.725239306688308716e-01,-1.533859670162200928e-01,5.481558665633201599e-02,3.564368188381195068e-02,-2.260093241930007935e-01,-9.162501245737075806e-02,1.664817780256271362e-01,6.891648471355438232e-02,-2.075897604227066040e-01,-1.408949494361877441e-02,7.625760138034820557e-02,4.951063916087150574e-02,2.753217220306396484e-01,-3.685560822486877441e-01,-2.001263760030269623e-02,-7.950861006975173950e-02,2.094109505414962769e-01,6.380087733268737793e-01,1.895284056663513184e-01,3.921220600605010986e-01,1.373714953660964966e-02,1.262223869562149048e-01,-1.359749883413314819e-01,2.249605506658554077e-01,-8.166703581809997559e-02,-9.947188198566436768e-02,6.626892834901809692e-02,1.776805073022842407e-01,4.313845634460449219e-01,3.848366737365722656e-01,1.579659581184387207e-01,6.144339963793754578e-02,2.850774824619293213e-01,3.429792821407318115e-01,1.111844107508659363e-01,-4.453182965517044067e-02,-1.758072152733802795e-02,-1.245804578065872192e-01,1.407022923231124878e-01,-8.812915533781051636e-02,3.759533762931823730e-01,-6.508083641529083252e-02,1.795008629560470581e-01,-3.894186392426490784e-02,3.967514038085937500e-01,-5.273802205920219421e-02,2.021073848009109497e-01,-1.196120679378509521e-01,1.503240913152694702e-01,-2.479245811700820923e-01,3.346735239028930664e-02,-4.855143129825592041e-01,1.573738008737564087e-01,-4.965588748455047607e-01,-2.704939246177673340e-01,3.320622723549604416e-03,-6.276497244834899902e-02,5.141187086701393127e-02,-1.161662209779024124e-02,9.385108947753906250e-02,6.744875013828277588e-02,-1.932394504547119141e-01,2.245528697967529297e-01,2.664241753518581390e-02,-1.334608197212219238e-01,-2.732160687446594238e-01,1.476718485355377197e-01,-3.758260309696197510e-01,1.694342941045761108e-01,1.492381542921066284e-01,5.097440257668495178e-02,1.582659780979156494e-01,4.732002690434455872e-02,1.535444110631942749e-01,2.119747251272201538e-01,7.507010549306869507e-02
2.228575646877288818e-01,1.863112002611160278e-01,0.000000000000000000e+00,3.176582753658294678e-01,-1.388545185327529907e-01,1.207763627171516418e-01,3.378762900829315186e-01,1.580153554677963257e-01,1.603703796863555908e-01,1.520188432186841965e-02,1.935387551784515381e-01,-3.780719265341758728e-02,2.133263349533081055e-01,-5.633616447448730469e-02,2.870574593544006348e-01,1.572314202785491943e-01,-7.260726392269134521e-02,-7.108029723167419434e-02,3.796868920326232910e-01,2.798454761505126953e-01,1.642660647630691528e-01,-1.962323635816574097e-01,4.345712959766387939e-01,2.190214991569519043e-01,8.583305031061172485e-02,1.682020723819732666e-01,2.050911486148834229e-01,9.702973067760467529e-03,-1.882150620222091675e-01,-1.048761755228042603e-01,1.852895468473434448e-01,1.835466623306274414e-01,2.607153356075286865e-01,2.219356298446655273e-01,4.511652141809463501e-02,-1.533237099647521973e-02,-3.457095474004745483e-02,-1.866945177316665649e-01,1.002543866634368896e-01,-8.157331496477127075e-02,-2.165503799915313721e-01,-6.668258458375930786e-02,7.847730815410614014e-02,-7.153066992759704590e-02,-1.913814395666122437e-01,-9.337502717971801758e-02,-1.299519538879394531e-01,-1.090346649289131165e-01,-3.245052993297576904e-01,-9.151448309421539307e-02,-2.181447595357894897e-01,-2.669368684291839600e-01,1.146755814552307129e-01,-2.170394808053970337e-01,-1.840360909700393677e-01,-1.974167823791503906e-01,-4.076697863638401031e-03,1.311997044831514359e-02,9.477081708610057831e-03,3.621925786137580872e-02,1.531874537467956543e-01,1.006413176655769348e-01,9.016530215740203857e-02,-2.731962800025939941e-01,3.573689758777618408e-01,5.833438411355018616e-02,3.660311400890350342e-01,2.001305818557739258e-01,2.765807211399078369e-01,3.193630278110504150e-01,2.301730960607528687e-01,2.267099469900131226e-01,1.960418820381164551e-01,4.429786279797554016e-02,1.555825024843215942e-01,-2.172987014055252075e-01,1.324377395212650299e-02,1.760657876729965210e-02,7.566796988248825073e-02,4.152391105890274048e-02,1.120201721787452698e-01,-4.282275214791297913e-02,2.311823368072509766e-01,1.103648468852043152e-01,3.205032944679260254e-01,-2.607510685920715332e-01,2.972406744956970215e-01,7.452739402651786804e-03,2.688298821449279785e-01,-1.852965950965881348e-01,8.983171731233596802e-02,-1.506309062242507935e-01,1.577770411968231201e-01,-1.563459187746047974e-01,-2.250021100044250488e-01,1.497857645153999329e-02,-2.533052563667297363e-01,-6.613643374294042587e-03,-2.333319932222366333e-01,-1.099198907613754272e-01,-5.290928483009338379e-02,1.619775034487247467e-02,4.517517983913421631e-02,3.292378783226013184e-02,-1.419857740402221680e-01,-2.294638454914093018e-01,5.793435499072074890e-02,-2.601095438003540039e-01,1.647838503122329712e-01,8.867543190717697144e-02,-9.293104708194732666e-02,-9.742028266191482544e-02,-4.524700343608856201e-03,5.450553447008132935e-02,4.644431173801422119e-02,8.120666444301605225e-02
9.311245381832122803e-02,1.882618367671966553e-01,3.176582753658294678e-01,0.000000000000000000e+00,-5.258660763502120972e-02,1.051977053284645081e-01,2.335593849420547485e-01,4.042260646820068359e-01,5.253670364618301392e-02,1.883312687277793884e-02,7.868731394410133362e-03,1.412083655595779419e-01,-3.765989840030670166e-02,3.767677396535873413e-02,2.497233450412750244e-03,7.534713298082351685e-02,-6.905978173017501831e-02,-2.556892111897468567e-02,2.171314060688018799e-01,2.950607836246490479e-01,6.454816460609436035e-02,-1.561270952224731445e-01,1.884467750787734985e-01,3.090035319328308105e-01,-4.886616393923759460e-02,1.077579706907272339e-01,1.076133921742439270e-01,-5.648228898644447327e-02,-1.762959808111190796e-01,-8.225554972887039185e-02,4.483886435627937317e-02,2.488782554864883423e-01,1.177209988236427307e-01,3.703703284263610840e-01,8.675687760114669800e-02,5.640572309494018555e-02,-1.006051450967788696e-01,-1.461051404476165771e-01,9.874878823757171631e-02,-7.697877287864685059e-02,-1.769218593835830688e-01,-2.930168807506561279e-02,5.548815429210662842e-02,6.337083131074905396e-02,-1.140610035508871078e-02,8.338648825883865356e-02,-1.280017197132110596e-01,-1.307944357395172119e-01,-1.824151873588562012e-01,-5.826808139681816101e-02,-1.263275593519210815e-01,-2.078934609889984131e-01,-2.743454463779926300e-02,-1.328633576631546021e-01,-1.228500008583068848e-01,-1.445142328739166260e-01,7.003565132617950439e-02,1.202886551618576050e-01,-7.294091861695051193e-03,4.778685793280601501e-02,5.492516607046127319e-02,3.670953214168548584e-01,3.833664208650588989e-02,2.189778909087181091e-02,7.729720324277877808e-02,3.033027052879333496e-01,2.487722784280776978e-01,4.259407818317413330e-01,3.127411007881164551e-01,2.976191341876983643e-01,9.226014465093612671e-02,5.879075452685356140e-02,8.000459522008895874e-02,1.901830434799194336e-01,2.642764896154403687e-02,1.376691088080406189e-02,-5.748460441827774048e-02,6.560475379228591919e-02,5.788427218794822693e-02,1.690669059753417969e-01,6.198595091700553894e-02,9.445884078741073608e-02,7.996296882629394531e-02,4.920422285795211792e-02,1.494234055280685425e-01,1.665692776441574097e-03,8.077847212553024292e-02,3.492088289931416512e-03,-5.062729120254516602e-03,-8.076747506856918335e-02,-6.980834901332855225e-02,-1.947658509016036987e-01,7.829372584819793701e-02,-2.526828348636627197e-01,-2.055183053016662598e-01,5.975684523582458496e-02,-2.489138394594192505e-01,5.611452832818031311e-02,-1.166798323392868042e-01,-5.842543393373489380e-02,-4.879677295684814453e-02,-3.846180811524391174e-02,-6.514842156320810318e-03,5.108210071921348572e-02,-2.525640428066253662e-01,-2.597574889659881592e-01,-9.307195991277694702e-02,-2.496268153190612793e-01,1.580739468336105347e-01,2.468615956604480743e-02,-1.194563731551170349e-01,3.256215155124664307e-02,5.370637029409408569e-02,1.131730601191520691e-01,8.851393312215805054e-02,1.587645560503005981e-01
6.777720153331756592e-02,-3.719593863934278488e-03,-1.388545185327529907e-01,-5.258660763502120972e-02,0.000000000000000000e+00,1.832977682352066040e-01,-1.892529875040054321e-01,5.762267112731933594e-02,1.950600445270538330e-01,2.961681783199310303e-01,-1.234510391950607300e-01,-4.867413267493247986e-02,-1.147215440869331360e-01,1.138764899224042892e-02,-2.082581073045730591e-02,-9.753368794918060303e-03,-5.036771669983863831e-02,-1.437168195843696594e-02,-5.329542327672243118e-04,1.678383536636829376e-02,-1.302277892827987671e-01,1.543080434203147888e-02,-8.419036120176315308e-02,-8.181703835725784302e-02,1.161310672760009766e-01,9.835390001535415649e-02,1.181476712226867676e-01,8.176540583372116089e-02,-6.938851624727249146e-02,9.248469024896621704e-02,-1.670415885746479034e-02,5.378601700067520142e-02,-5.264120176434516907e-02,-6.339943408966064453e-02,-2.728898264467716217e-02,2.006370574235916138e-02,1.311910152435302734e-01,-2.380778640508651733e-01,1.996062695980072021e-02,-1.856784671545028687e-01,-7.536625117063522339e-02,-9.397034347057342529e-02,1.175539791584014893e-01,1.540209800004959106e-01,-6.077262014150619507e-02,-9.659109264612197876e-02,3.292238712310791016e-02,1.399812400341033936e-01,-1.185922324657440186e-01,-1.139743253588676453e-01,-7.379410415887832642e-02,-6.501158326864242554e-02,-8.026883751153945923e-02,4.757272079586982727e-03,-4.186492040753364563e-02,-1.152696311473846436e-01,2.886610571295022964e-03,2.817299962043762207e-02,8.277463912963867188e-02,1.024680286645889282e-01,1.530759409070014954e-02,3.608407825231552124e-02,-1.020746752619743347e-01,8.625037223100662231e-02,-1.186495572328567505e-01,-2.500446885824203491e-02,-8.730307966470718384e-02,3.431615978479385376e-02,4.886531457304954529e-02,5.281857401132583618e-02,1.769304573535919189e-01,7.489320635795593262e-02,-4.032689332962036133e-02,3.910074010491371155e-02,-1.391324028372764587e-02,-3.560990095138549805e-02,-2.464766427874565125e-02,9.445314854383468628e-02,3.003499843180179596e-02,3.161564469337463379e-03,-4.238722473382949829e-02,2.525608427822589874e-02,-2.773791551589965820e-02,-4.453065618872642517e-02,7.955951243638992310e-02,5.082081258296966553e-02,-3.705757111310958862e-02,-8.357313275337219238e-02,-2.102155238389968872e-01,-9.290105663239955902e-03,1.739170700311660767e-01,5.945990979671478271e-02,4.531959444284439087e-02,5.382998287677764893e-02,-2.354947626590728760e-01,4.178042989224195480e-03,9.251880645751953125e-02,1.234833076596260071e-01,2.066853642463684082e-01,2.032969444990158081e-01,7.237467216327786446e-04,-6.679178681224584579e-03,1.640081256628036499e-01,1.704596877098083496e-01,-5.219376459717750549e-02,5.114686861634254456e-02,7.238207757472991943e-02,2.712867036461830139e-02,-2.172049134969711304e-01,-8.023925870656967163e-02,1.760334372520446777e-01,1.896365880966186523e-01,1.916009350679814816e-03,-5.070239678025245667e-02,2.837552689015865326e-02,1.469458788633346558e-01
2.262391299009323120e-01,3.647233173251152039e-02,1.207763627171516418e-01,1.051977053284645081e-01,1.832977682352066040e-01,0.000000000000000000e+00,1.076820343732833862e-01,1.423605135641992092e-03,4.905038475990295410e-01,6.097580194473266602e-01,8.423198014497756958e-02,7.713290303945541382e-02,8.668898046016693115e-02,4.153636470437049866e-02,4.156881943345069885e-02,2.080466449260711670e-01,-8.808468282222747803e-02,-9.563117474317550659e-02,1.168353334069252014e-01,7.860576361417770386e-02,3.879731148481369019e-02,2.695905603468418121e-02,-5.889726057648658752e-02,-6.060178577899932861e-02,3.352696001529693604e-01,4.150856137275695801e-01,4.213353991508483887e-01,2.022148221731185913e-01,-4.409660771489143372e-02,-1.728312820196151733e-01,3.127806186676025391e-01,3.861337900161743164e-01,1.172403544187545776e-01,1.736606210470199585e-01,-1.287625357508659363e-02,-2.885578200221061707e-02,1.151858642697334290e-01,-1.801957190036773682e-01,-7.847678661346435547e-02,-1.428557336330413818e-01,-2.764596045017242432e-01,-1.748122423887252808e-01,1.293288767337799072e-01,8.054119348526000977e-02,-2.509775757789611816e-01,-1.684817522764205933e-01,4.615462385118007660e-03,7.151225954294204712e-02,-1.426943838596343994e-01,-1.322850584983825684e-01,-2.996870577335357666e-01,-1.143320947885513306e-01,-1.145284473896026611e-01,3.384964913129806519e-02,6.271793693304061890e-02,6.268256902694702148e-02,1.547592878341674805e-01,8.305838704109191895e-02,2.324827015399932861e-01,1.881918013095855713e-01,3.406811878085136414e-02,2.011851966381072998e-01,-6.650286912918090820e-02,-5.739412829279899597e-02,-1.304842233657836914e-01,-5.625636503100395203e-02,6.763680279254913330e-02,1.337357908487319946e-01,1.609637290239334106e-01,1.533265262842178345e-01,3.310509026050567627e-01,3.262673914432525635e-01,-4.674427211284637451e-03,8.599678426980972290e-02,-8.010365813970565796e-02,-1.782300770282745361e-01,4.381537064909934998e-02,1.628778725862503052e-01,-1.420687139034271240e-01,1.115691661834716797e-01,-2.303872853517532349e-01,1.035843119025230408e-01,-2.046526819467544556e-01,-1.626274921000003815e-02,-1.050174087285995483e-01,1.891480525955557823e-03,-5.859125405550003052e-02,3.344393894076347351e-02,-1.374105811119079590e-01,5.906456708908081055e-02,2.810520678758621216e-02,-3.937260061502456665e-02,-5.144144967198371887e-02,-1.508937478065490723e-01,2.520496200304478407e-04,1.635236851871013641e-02,-2.240726538002490997e-02,1.652667820453643799e-01,1.004342585802078247e-01,2.472744435071945190e-01,1.407461762428283691e-01,2.113129347562789917e-01,2.246795892715454102e-01,3.715569376945495605e-01,-7.539260387420654297e-02,1.008196920156478882e-01,2.020630985498428345e-01,-7.436929643154144287e-02,6.235664337873458862e-02,-3.780750557780265808e-03,2.762220203876495361e-01,1.456101387739181519e-01,8.149989694356918335e-02,8.159714192152023315e-02,-7.360693067312240601e-02,4.665806144475936890e-02
3.115703761577606201e-01,-1.758678704500198364e-01,3.378762900829315186e-01,2.335593849420547485e-01,-1.892529875040054321e-01,1.076820343732833862e-01,0.000000000000000000e+00,-3.056518174707889557e-02,2.194337695837020874e-01,5.057900771498680115e-02,4.660605192184448242e-01,9.483244270086288452e-02,4.724480509757995605e-01,-4.781595896929502487e-03,8.294671028852462769e-02,1.397248059511184692e-01,-1.002385839819908142e-01,-2.526562809944152832e-01,3.211119771003723145e-01,4.900448489934206009e-03,7.042953372001647949e-02,-1.114595755934715271e-01,2.815633714199066162e-01,4.311209544539451599e-02,-4.131697490811347961e-02,2.490900829434394836e-02,1.399452239274978638e-01,-2.129077613353729248e-01,-1.319941282272338867e-01,-1.855635195970535278e-01,8.919398486614227295e-02,-1.119167823344469070e-02,2.877225875854492188e-01,1.881912052631378174e-01,-4.082749783992767334e-02,-2.024655044078826904e-01,-1.156171634793281555e-01,7.672639936208724976e-02,-2.644455991685390472e-02,9.338399022817611694e-02,-1.607337892055511475e-01,4.058123007416725159e-02,1.141091287136077881e-01,1.178346052765846252e-01,2.318305149674415588e-02,5.733995884656906128e-02,-2.534761130809783936e-01,-1.222570687532424927e-01,8.811582229100167751e-04,5.457649007439613342e-02,-7.074469327926635742e-02,-7.220385223627090454e-02,-1.336223781108856201e-01,2.051671743392944336e-01,-1.560826748609542847e-01,7.566290441900491714e-03,1.500526517629623413e-01,-2.464726120233535767e-01,-4.213498905301094055e-02,-2.675568759441375732e-01,2.916126549243927002e-01,8.758113533258438110e-02,2.239473909139633179e-01,-2.631736099720001221e-01,1.338896602392196655e-01,-9.127991273999214172e-03,1.132274791598320007e-01,-7.485923916101455688e-02,5.409576743841171265e-02,2.455192990601062775e-02,7.960828393697738647e-02,1.074516326189041138e-01,1.422349959611892700e-01,-2.291693910956382751e-02,3.742026397958397865e-03,-6.167211756110191345e-02,-7.466241717338562012e-03,8.791228383779525757e-02,-1.785185039043426514e-01,2.988150715827941895e-01,-2.362778335809707642e-01,2.229114621877670288e-01,-1.495525687932968140e-01,2.017095834016799927e-01,-1.630094796419143677e-01,1.398858577013015747e-01,-1.955273002386093140e-01,5.932258814573287964e-02,-1.415772456675767899e-02,1.905418932437896729e-01,-2.179927080869674683e-01,1.564406901597976685e-01,-1.229772716760635376e-01,9.377920627593994141e-02,2.868743799626827240e-02,-3.144489601254463196e-02,-1.957716494798660278e-01,1.385475993156433105e-01,-2.206026613712310791e-01,8.959789760410785675e-03,2.461119927465915680e-02,2.483393847942352295e-01,-1.992280483245849609e-01,3.313923627138137817e-02,-1.176404058933258057e-01,3.651452064514160156e-02,-6.799408793449401855e-02,-5.490339174866676331e-02,1.590850800275802612e-01,-6.490786373615264893e-02,-1.164034456014633179e-01,-9.971405565738677979e-02,-8.013184368610382080e-02,-4.306066781282424927e-02,-1.510844677686691284e-01,9.040123969316482544e-02
-2.332216501235961914e-02,4.640726149082183838e-01,1.580153554677963257e-01,4.042260646820068359e-01,5.762267112731933594e-02,1.423605135641992092e-03,-3.056518174707889557e-02,0.000000000000000000e+00,-2.133158966898918152e-02,7.264399528503417969e-02,-1.167290881276130676e-01,3.374797105789184570e-01,-1.841829419136047363e-01,2.995360791683197021e-01,-2.559625804424285889e-01,1.917603239417076111e-02,-1.681267321109771729e-01,4.074185341596603394e-02,3.506904467940330505e-02,3.811105787754058838e-01,1.055275835096836090e-02,-2.334749400615692139e-01,-5.717540159821510315e-02,1.937185525894165039e-01,-3.004680275917053223e-01,-1.959300786256790161e-01,-1.834880001842975616e-02,-1.560391336679458618e-01,-3.541394174098968506e-01,-6.643304228782653809e-02,-1.964932978153228760e-01,4.562104493379592896e-02,-3.321052342653274536e-02,2.354480326175689697e-01,-2.046615034341812134e-01,-1.563357114791870117e-01,-2.916995901614427567e-03,-4.021798372268676758e-01,3.095786459743976593e-02,-3.146027326583862305e-01,-2.052900493144989014e-01,-1.061988323926925659e-01,1.491044610738754272e-01,4.242986813187599182e-02,-1.515615731477737427e-01,6.544518750160932541e-03,1.483483016490936279e-01,9.511554986238479614e-02,-2.006208151578903198e-01,-4.374656826257705688e-02,1.523500531911849976e-01,1.666791178286075592e-02,2.818977236747741699e-01,-1.976717263460159302e-01,-3.053307905793190002e-02,-2.000039219856262207e-01,-1.784371584653854370e-01,4.154600799083709717e-01,5.222595110535621643e-02,3.610604405403137207e-01,1.662606000900268555e-01,3.653942346572875977e-01,-1.445972919464111328e-01,3.455095589160919189e-01,-7.863820344209671021e-02,1.256390064954757690e-01,8.876737207174301147e-02,2.436563223600387573e-01,2.303695529699325562e-01,2.934748828411102295e-01,-3.426408395171165466e-02,-8.645329624414443970e-02,7.175569236278533936e-02,2.316890507936477661e-01,2.630369924008846283e-02,4.676543548703193665e-02,-1.416144371032714844e-01,-1.664628237485885620e-01,7.843920588493347168e-02,-1.903034001588821411e-01,2.562063932418823242e-01,-1.230153590440750122e-01,2.965767383575439453e-01,-7.421094179153442383e-02,4.790340960025787354e-01,-4.598109796643257141e-02,2.161659896373748779e-01,-1.408610939979553223e-01,4.935581609606742859e-02,-2.492809891700744629e-01,1.669819802045822144e-01,-4.134732186794281006e-01,2.926129400730133057e-01,-3.274185955524444580e-01,-3.715083599090576172e-01,-2.104760333895683289e-02,-1.215895488858222961e-01,1.607338339090347290e-02,5.772995948791503906e-02,-3.136043250560760498e-02,1.749849617481231689e-01,-2.151780724525451660e-01,1.972237676382064819e-01,7.795379310846328735e-02,-1.469955444335937500e-01,-2.972643077373504639e-01,8.243602514266967773e-02,-4.521478414535522461e-01,1.171663030982017517e-01,1.222242787480354309e-01,5.647282302379608154e-02,1.823080927133560181e-01,1.728011369705200195e-01,1.954217106103897095e-01,3.155261278152465820e-01,1.585503071546554565e-01
3.348672986030578613e-01,4.550686478614807129e-02,1.603703796863555908e-01,5.253670364618301392e-02,1.950600445270538330e-01,4.905038475990295410e-01,2.194337695837020874e-01,-2.133158966898918152e-02,0.000000000000000000e+00,5.058792233467102051e-01,2.579774558544158936e-01,5.917054042220115662e-02,2.512501478195190430e-01,1.562776565551757812e-01,1.810842454433441162e-01,1.976003646850585938e-01,-1.254903059452772141e-02,-8.788298815488815308e-02,1.170974969863891602e-01,4.104131832718849182e-02,1.229771524667739868e-01,-2.361937612295150757e-02,-3.031658567488193512e-02,-1.359885334968566895e-01,3.229098320007324219e-01,3.443422615528106689e-01,4.881280064582824707e-01,9.092394262552261353e-02,-8.246056735515594482e-02,-1.572356522083282471e-01,2.932165563106536865e-01,2.080878019332885742e-01,9.502796828746795654e-02,7.702478766441345215e-02,-1.089244782924652100e-01,-2.203536033630371094e-01,1.485435813665390015e-01,-1.749543696641921997e-01,-6.518550217151641846e-02,-1.534077525138854980e-01,-3.699676394462585449e-01,-6.974592059850692749e-02,1.353384405374526978e-01,-3.529424592852592468e-02,-1.885713487863540649e-01,-1.622131168842315674e-01,-9.324411861598491669e-03,6.399372220039367676e-02,-1.024621650576591492e-01,-4.172658920288085938e-02,-1.748845279216766357e-01,-7.324952632188796997e-02,-7.343102246522903442e-02,8.422780781984329224e-02,9.323694556951522827e-02,1.403342634439468384e-01,2.942696809768676758e-01,6.940048187971115112e-02,2.199852317571640015e-01,7.544571906328201294e-02,1.477099359035491943e-01,-7.858633063733577728e-03,5.548744648694992065e-02,-9.273300319910049438e-02,-3.522232547402381897e-02,-1.229953393340110779e-01,3.109687566757202148e-02,-8.837749250233173370e-03,1.897273510694503784e-01,1.378263384103775024e-01,3.200634121894836426e-01,2.670882940292358398e-01,8.824984729290008545e-02,6.587159633636474609e-02,4.192603006958961487e-02,-1.496263146400451660e-01,4.669989272952079773e-02,1.765424311161041260e-01,-1.163274198770523071e-01,5.009216070175170898e-02,-2.465992420911788940e-01,1.380748394876718521e-02,-2.177408635616302490e-01,8.782412111759185791e-02,-5.467199161648750305e-02,-1.607560785487294197e-03,-9.221515804529190063e-02,-4.347251355648040771e-02,-9.900476783514022827e-03,1.702529191970825195e-01,6.356442719697952271e-02,-1.196642033755779266e-02,2.649241872131824493e-02,-4.255925863981246948e-02,-7.464767247438430786e-02,-6.870943121612071991e-03,-9.379106014966964722e-02,9.114301949739456177e-02,5.034307017922401428e-02,2.207806855440139771e-01,9.057952463626861572e-02,2.420644015073776245e-01,1.984200626611709595e-01,3.581775724887847900e-01,-1.291271597146987915e-01,3.964382410049438477e-02,1.691142469644546509e-01,-1.845432519912719727e-01,5.074918642640113831e-02,1.728388131596148014e-03,1.636819243431091309e-01,6.172709912061691284e-02,2.278362959623336792e-02,2.314055152237415314e-02,1.226350665092468262e-02,1.561517864465713501e-01
2.327198982238769531e-01,8.026519417762756348e-02,1.520188432186841965e-02,1.883312687277793884e-02,2.961681783199310303e-01,6.097580194473266602e-01,5.057900771498680115e-02,7.264399528503417969e-02,5.058792233467102051e-01,0.000000000000000000e+00,8.844342827796936035e-02,1.343810111284255981e-01,6.430802494287490845e-02,2.233761698007583618e-01,-1.071353256702423096e-02,1.941828727722167969e-01,-5.675150454044342041e-02,-9.984214603900909424e-02,3.111772052943706512e-02,5.434402450919151306e-02,-3.364112600684165955e-02,-2.177744545042514801e-02,-9.457681328058242798e-02,-9.483146667480468750e-02,3.040377199649810791e-01,3.111825585365295410e-01,4.156388938426971436e-01,1.645119637250900269e-01,-7.475256174802780151e-02,-1.179196313023567200e-01,2.641096115112304688e-01,3.161805868148803711e-01,7.360894978046417236e-02,1.018180102109909058e-01,-1.341305971145629883e-01,-2.040529847145080566e-01,1.475678235292434692e-01,-2.419949620962142944e-01,-9.433741122484207153e-02,-1.510212719440460205e-01,-2.869664430618286133e-01,-1.201136335730552673e-01,1.357132792472839355e-01,-2.046472579240798950e-02,-2.568956613540649414e-01,-2.035124301910400391e-01,1.577963121235370636e-02,7.789406180381774902e-02,-1.118164360523223877e-01,-1.341305822134017944e-01,-1.444705873727798462e-01,-4.625172540545463562e-02,-1.443423032760620117e-01,7.097134739160537720e-02,6.988327205181121826e-02,6.578359007835388184e-02,1.317580789327621460e-01,1.327401846647262573e-01,2.834034264087677002e-01,2.451606988906860352e-01,4.774686694145202637e-02,1.259480267763137817e-01,-9.787508100271224976e-02,4.653558135032653809e-02,-1.512079089879989624e-01,-8.786220103502273560e-02,1.846425794064998627e-02,6.035938486456871033e-02,1.586014032363891602e-01,1.783909350633621216e-01,2.580499351024627686e-01,2.325317859649658203e-01,-9.277582168579101562e-03,2.858514711260795593e-02,-1.002169102430343628e-01,-1.791952848434448242e-01,-1.700156554579734802e-02,1.402054727077484131e-01,-1.370348930358886719e-01,3.394388407468795776e-02,-2.794807553291320801e-01,4.066157271154224873e-04,-2.143981605768203735e-01,-5.756252259016036987e-02,-5.073059722781181335e-02,8.033469319343566895e-02,-3.793171048164367676e-02,-5.540831387042999268e-02,-1.824047118425369263e-01,1.398414373397827148e-01,4.782721027731895447e-02,-1.561694499105215073e-02,-4.923830740153789520e-03,-6.586728245019912720e-02,-8.593857288360595703e-02,3.579977527260780334e-02,5.937071144580841064e-02,1.626952588558197021e-01,1.598166376352310181e-01,2.809009253978729248e-01,2.034930437803268433e-01,2.625434696674346924e-01,2.652125358581542969e-01,4.479896724224090576e-01,-1.155780628323554993e-01,1.017003878951072693e-01,2.203311622142791748e-01,-1.304348260164260864e-01,4.206708818674087524e-02,1.808539032936096191e-02,3.385028839111328125e-01,2.041653394699096680e-01,3.813851252198219299e-02,2.134952461346983910e-03,2.298096753656864166e-02,8.219790458679199219e-02
4.172892272472381592e-01,-9.422170370817184448e-02,1.935387551784515381e-01,7.868731394410133362e-03,-1.234510391950607300e-01,8.423198014497756958e-02,4.660605192184448242e-01,-1.167290881276130676e-01,2.579774558544158936e-01,8.844342827796936035e-02,0.000000000000000000e+00,2.042697519063949585e-01,5.824556350708007812e-01,1.688595265150070190e-01,9.373919107019901276e-03,-2.589540742337703705e-02,-1.519821435213088989e-01,-2.090900987386703491e-01,3.199371993541717529e-01,-2.795144915580749512e-03,-4.100771620869636536e-02,-1.585697978734970093e-01,9.475630521774291992e-02,-1.193879097700119019e-01,1.225488483905792236e-01,1.367902010679244995e-01,7.756442576646804810e-02,-1.980778425931930542e-01,-2.641453593969345093e-02,-2.801965177059173584e-01,2.431075572967529297e-01,-3.349364036694169044e-03,2.302667051553726196e-01,8.558098226785659790e-02,-1.740991473197937012e-01,-2.205752581357955933e-01,-4.104017838835716248e-02,1.334928721189498901e-01,2.126475051045417786e-02,5.093403905630111694e-02,-5.132675915956497192e-02,2.951098605990409851e-02,3.713165875524282455e-03,-3.614221140742301941e-02,-1.166955903172492981e-01,-9.260633587837219238e-02,-1.474673449993133545e-01,-1.141939014196395874e-01,9.605881571769714355e-02,8.917368203401565552e-02,-1.199148222804069519e-01,-1.597536168992519379e-02,-1.061243414878845215e-01,2.165557295083999634e-01,-2.139934897422790527e-02,1.657455861568450928e-01,2.455453127622604370e-01,-7.168152928352355957e-02,4.364470951259136200e-03,-2.050543427467346191e-01,2.904752790927886963e-01,3.934907913208007812e-02,2.186542302370071411e-01,-1.764970421791076660e-01,-9.954919666051864624e-02,-2.809446156024932861e-01,-1.843509525060653687e-01,-3.276056051254272461e-01,5.516145005822181702e-02,3.811180219054222107e-02,1.922649592161178589e-01,2.398434281349182129e-01,6.956115365028381348e-02,7.914042472839355469e-02,-4.968814924359321594e-02,-4.956878349184989929e-02,1.968816220760345459e-01,2.552385926246643066e-01,-3.267113268375396729e-01,1.931465119123458862e-01,-3.435546457767486572e-01,1.121442019939422607e-01,-3.282205462455749512e-01,1.067658588290214539e-01,-2.761109471321105957e-01,3.029714804142713547e-03,-2.040962874889373779e-01,-8.686640113592147827e-02,8.009924553334712982e-03,2.018897533416748047e-01,-1.232906356453895569e-01,1.681884378194808960e-01,-1.443438082933425903e-01,9.965912997722625732e-02,1.491293460130691528e-01,-1.462248265743255615e-01,-1.140084043145179749e-01,2.429681364446878433e-03,-6.148886680603027344e-02,1.315886527299880981e-01,1.361485421657562256e-01,2.875272333621978760e-01,-8.289184421300888062e-02,5.296006798744201660e-02,1.321427226066589355e-01,1.383648365736007690e-01,3.848765417933464050e-02,9.542539715766906738e-02,6.229503825306892395e-02,-1.402559429407119751e-01,5.432993918657302856e-02,-9.905130416154861450e-02,-3.264854103326797485e-02,-9.350303560495376587e-02,-2.103901058435440063e-01,6.067672744393348694e-03
1.621816754341125488e-01,1.829915791749954224e-01,-3.780719265341758728e-02,1.412083655595779419e-01,-4.867413267493247986e-02,7.713290303945541382e-02,9.483244270086288452e-02,3.374797105789184570e-01,5.917054042220115662e-02,1.343810111284255981e-01,2.042697519063949585e-01,0.000000000000000000e+00,1.283621639013290405e-01,4.851058423519134521e-01,-2.202527225017547607e-01,4.681873694062232971e-02,-2.556793093681335449e-01,-1.727190017700195312e-01,1.469950675964355469e-01,2.560378611087799072e-01,3.928976878523826599e-02,-1.106491014361381531e-01,-7.111254334449768066e-02,3.400239348411560059e-02,-1.530679911375045776e-01,-9.850875288248062134e-02,4.309555515646934509e-02,-1.621095538139343262e-01,-2.062782794237136841e-01,-2.089083045721054077e-01,2.017341367900371552e-02,4.518689122051000595e-03,2.786573721095919609e-03,1.407833844423294067e-01,-2.534506320953369141e-01,-2.923585474491119385e-01,6.855253595858812332e-03,-8.641444146633148193e-02,1.372941583395004272e-02,-3.337085992097854614e-02,-1.264459341764450073e-01,-3.643209487199783325e-02,2.123630233108997345e-02,1.281522680073976517e-02,-5.490103736519813538e-02,7.254216820001602173e-02,-3.664381802082061768e-02,8.186747319996356964e-03,3.516335273161530495e-03,4.345757514238357544e-02,9.000185132026672363e-02,1.945568323135375977e-01,-3.027745708823204041e-02,1.661842167377471924e-01,7.492801547050476074e-02,1.462991535663604736e-01,7.592970039695501328e-03,2.150863707065582275e-01,5.655791237950325012e-02,1.792735010385513306e-01,1.773807592689990997e-02,1.968597620725631714e-01,8.955590426921844482e-02,3.188144564628601074e-01,-2.813386321067810059e-01,-1.015874296426773071e-01,-2.165011167526245117e-01,-1.510368734598159790e-01,4.177889600396156311e-02,7.700451463460922241e-02,5.736031755805015564e-02,1.095219794660806656e-02,5.504765361547470093e-02,1.373588442802429199e-01,-2.466517034918069839e-03,4.286094382405281067e-02,5.629513785243034363e-02,9.161413460969924927e-02,-3.201988339424133301e-01,4.162482451647520065e-03,-1.392417103052139282e-01,7.892076671123504639e-02,-5.649852752685546875e-02,4.345985874533653259e-02,3.108188696205615997e-02,2.686026990413665771e-01,-6.598724424839019775e-02,-6.788946222513914108e-03,-1.288026869297027588e-01,1.393003612756729126e-01,-1.142563670873641968e-01,-1.920042932033538818e-01,-7.020362466573715210e-02,-2.044490575790405273e-01,-4.989936202764511108e-02,-2.339230626821517944e-01,-1.212713867425918579e-01,4.035395011305809021e-02,9.935038536787033081e-02,3.176293894648551941e-02,9.066127240657806396e-02,1.488447189331054688e-02,-7.272084057331085205e-02,8.377829194068908691e-02,-3.535793349146842957e-02,1.961661316454410553e-02,-8.979593403637409210e-03,-1.212773919105529785e-01,-1.039075665175914764e-02,-3.597411885857582092e-02,6.181030347943305969e-02,-1.013136934489011765e-02,3.970451653003692627e-02,-2.044810354709625244e-02,-5.543304607272148132e-02,2.544036880135536194e-02
3.378942608833312988e-01,-1.952581554651260376e-01,2.133263349533081055e-01,-3.765989840030670166e-02,-1.147215440869331360e-01,8.668898046016693115e-02,4.724480509757995605e-01,-1.841829419136047363e-01,2.512501478195190430e-01,6.430802494287490845e-02,5.824556350708007812e-01,1.283621639013290405e-01,0.000000000000000000e+00,1.320382952690124512e-01,2.556982934474945068e-01,1.490885168313980103e-01,-9.454925358295440674e-02,-2.308094948530197144e-01,2.116161435842514038e-01,-1.403393000364303589e-01,-5.618825927376747131e-02,-9.007876738905906677e-03,2.756216824054718018e-01,9.515865892171859741e-02,1.997092217206954956e-01,1.659709662199020386e-01,1.504627466201782227e-01,-9.284324198961257935e-02,5.050864070653915405e-02,-2.420380711555480957e-01,2.366622835397720337e-01,4.825371876358985901e-02,1.693979799747467041e-01,1.488137897104024887e-02,8.077946491539478302e-03,-2.261293865740299225e-02,-1.658759266138076782e-01,1.294314265251159668e-01,-6.830412149429321289e-02,4.506243020296096802e-02,2.588658826425671577e-04,-4.061805084347724915e-02,-8.406306803226470947e-02,-1.055083200335502625e-01,-3.050966188311576843e-02,-8.442152291536331177e-02,-2.053880691528320312e-01,-2.665956020355224609e-01,5.284922569990158081e-02,1.485314518213272095e-01,-7.032781094312667847e-02,-1.554801221936941147e-02,-1.177859902381896973e-01,1.249441429972648621e-01,-1.451813578605651855e-01,4.212909378111362457e-03,1.020144894719123840e-01,-2.119694948196411133e-01,-3.630737960338592529e-02,-2.388872951269149780e-01,1.686625778675079346e-01,-4.206445813179016113e-02,3.075097203254699707e-01,-2.546929717063903809e-01,1.648997366428375244e-01,-7.251207530498504639e-02,-6.921812146902084351e-02,-2.891439795494079590e-01,-1.056773439049720764e-01,-7.145123183727264404e-02,2.237363159656524658e-01,2.269649207592010498e-01,7.168074697256088257e-02,-3.467924147844314575e-02,-4.256827011704444885e-02,-4.464837163686752319e-02,2.364418059587478638e-01,3.033620119094848633e-01,-2.688495218753814697e-01,1.370593905448913574e-01,-3.118547201156616211e-01,-2.300289645791053772e-02,-3.130562901496887207e-01,1.740948483347892761e-02,-1.945340931415557861e-01,-2.997869253158569336e-02,-1.311588436365127563e-01,1.130232820287346840e-03,6.982494890689849854e-02,1.932399719953536987e-01,-1.621622592210769653e-01,1.371748745441436768e-01,-1.460288166999816895e-01,1.250916123390197754e-01,1.261679828166961670e-01,-2.187421470880508423e-01,-1.082072407007217407e-01,-1.661338657140731812e-01,-2.239243984222412109e-01,-1.089052297174930573e-02,8.475706563331186771e-04,2.470788061618804932e-01,-1.695831865072250366e-01,-3.575669974088668823e-02,6.777998805046081543e-02,1.866101175546646118e-01,2.998966164886951447e-02,1.699829101562500000e-01,-6.900689005851745605e-02,-1.213407143950462341e-01,-1.024181842803955078e-01,-2.475612014532089233e-01,-9.981001913547515869e-02,-1.382510364055633545e-01,-3.118593692779541016e-01,3.425478236749768257e-03
