0.000000000000000000e+00,5.277404785156250000e-01,3.827334642410278320e-01,2.252987176179885864e-01,2.100905030965805054e-01,2.650872468948364258e-01,1.564655750989913940e-01,1.054987236857414246e-01,8.677343279123306274e-02,5.509839975275099277e-04,2.759954929351806641e-01,4.667936265468597412e-02,1.407970190048217773e-01,3.278272598981857300e-02,8.001235872507095337e-02,-1.153550390154123306e-02,3.218973428010940552e-02,1.668860763311386108e-01,5.932714939117431641e-01,6.017883419990539551e-01,-1.773241758346557617e-01,-3.575561046600341797e-01,2.574756741523742676e-01,3.394218087196350098e-01,-7.948647439479827881e-02,1.819862723350524902e-01,3.501725494861602783e-01,8.037789911031723022e-02,-1.260186433792114258e-01,-1.587666422128677368e-01,1.101229786872863770e-01,2.488924860954284668e-01,-1.165504846721887589e-02,-4.557214677333831787e-02,-2.213808000087738037e-01,-1.353912949562072754e-01,-1.065875813364982605e-01,-9.377653896808624268e-02,-3.462925851345062256e-01,-4.185150191187858582e-02,-1.219777166843414307e-01,-1.060635820031166077e-01,-3.964333236217498779e-01,-3.065506368875503540e-02,1.002693176269531250e-01,1.901541650295257568e-01,2.600747905671596527e-02,-1.096497289836406708e-02,-1.814377158880233765e-01,1.595374047756195068e-01,-2.285898178815841675e-01,2.605883218348026276e-02,-1.945211887359619141e-01,-1.357710957527160645e-01,-2.272437363862991333e-01,-2.422198653221130371e-01,6.242278218269348145e-01,4.468644857406616211e-01,1.843527257442474365e-01,4.447353482246398926e-01,2.274273037910461426e-01,6.876143068075180054e-02,1.324089914560317993e-01,9.246805310249328613e-02,-5.434805899858474731e-02,3.545917943120002747e-02,1.046065017580986023e-01,1.084452718496322632e-01,2.674920856952667236e-01,1.921793818473815918e-01,9.117168933153152466e-02,9.381546080112457275e-02,5.248111486434936523e-02,1.292492449283599854e-01,3.862770646810531616e-02,6.494261324405670166e-02,-1.940592378377914429e-01,-1.228796020150184631e-01,-1.202624365687370300e-01,3.993537649512290955e-02,3.721334738656878471e-03,-3.157543763518333435e-02,-2.214449197053909302e-01,-2.208185344934463501e-01,1.240111291408538818e-01,1.944128237664699554e-02,1.816955655813217163e-01,1.923380941152572632e-01,-1.590065956115722656e-01,1.452757865190505981e-01,-3.276926875114440918e-01,-2.670875787734985352e-01,-3.017237484455108643e-01,-1.815036982297897339e-01,8.387877792119979858e-02,-1.207474321126937866e-01,-7.451043277978897095e-02,-2.044159173965454102e-01,-1.640146374702453613e-01,-2.129463553428649902e-01,-1.549566984176635742e-01,-6.335618346929550171e-02,5.490985931828618050e-04,-1.127308141440153122e-02,9.561277925968170166e-03,-5.721345171332359314e-02,1.448006927967071533e-01,1.031996011734008789e-01,-3.107188045978546143e-01,-2.825336456298828125e-01,4.182083159685134888e-02,-4.970930516719818115e-02,-3.733884170651435852e-02,3.715762868523597717e-02,-1.150399073958396912e-01,-1.496505886316299438e-01
5.277404785156250000e-01,0.000000000000000000e+00,7.610125839710235596e-02,1.489424705505371094e-01,1.742228120565414429e-01,1.297623664140701294e-01,-2.396685481071472168e-01,-4.016478359699249268e-02,-1.918210983276367188e-01,-1.783648431301116943e-01,3.139797598123550415e-02,1.006712242960929871e-01,-2.604928314685821533e-01,-2.711051143705844879e-02,-2.417574524879455566e-01,-6.273302435874938965e-02,9.029255597852170467e-04,3.206761181354522705e-01,2.176732569932937622e-01,5.098975300788879395e-01,-9.531480073928833008e-02,-1.989269554615020752e-01,-3.778685256838798523e-02,9.940657019615173340e-02,5.226776376366615295e-02,7.656732946634292603e-02,2.450878173112869263e-01,2.051881104707717896e-01,-1.418466120958328247e-01,7.786382734775543213e-02,-1.619930863380432129e-01,1.663886010646820068e-02,2.940041758120059967e-02,4.984563216567039490e-02,-1.857639402151107788e-01,-1.301802843809127808e-01,-4.662456922233104706e-03,2.932856418192386627e-02,-1.754609793424606323e-01,1.134952232241630554e-01,1.331024710088968277e-02,-2.481553144752979279e-02,-3.376644551753997803e-01,1.887476891279220581e-01,1.649034619331359863e-01,3.439538180828094482e-01,-1.143547967076301575e-01,3.928710147738456726e-02,-3.979621231555938721e-01,2.291400134563446045e-01,-3.390691280364990234e-01,1.120419278740882874e-01,-2.270660996437072754e-01,-1.770096272230148315e-01,-2.702293097972869873e-01,-3.244698420166969299e-02,5.735204815864562988e-01,7.784690856933593750e-01,2.204979062080383301e-01,5.920747518539428711e-01,-1.083271652460098267e-01,-1.791224442422389984e-02,-6.598595529794692993e-02,2.338375300168991089e-01,-1.747304648160934448e-01,-1.544006168842315674e-01,6.708572804927825928e-02,1.864259243011474609e-01,2.927267849445343018e-01,2.756494283676147461e-01,-2.660954296588897705e-01,-1.935224682092666626e-01,-2.182891368865966797e-01,-5.724810436367988586e-02,-5.190791934728622437e-02,-1.665664836764335632e-02,-3.815906047821044922e-01,-4.133396744728088379e-01,-8.403158187866210938e-02,1.917096674442291260e-01,1.508060190826654434e-02,2.583587765693664551e-01,-1.647676080465316772e-01,1.139334291219711304e-01,1.877528615295886993e-02,3.330248296260833740e-01,7.122898846864700317e-02,2.797989547252655029e-01,-2.718432545661926270e-01,3.171232342720031738e-01,-5.581346154212951660e-01,-4.586811959743499756e-01,-5.296750664710998535e-01,-3.862674534320831299e-01,-1.420270055532455444e-01,2.532346732914447784e-02,-7.321833074092864990e-02,-7.325873523950576782e-02,-3.230440318584442139e-01,-2.897832989692687988e-01,-3.362314403057098389e-01,-2.858366668224334717e-01,-1.973544657230377197e-01,-1.538088023662567139e-01,9.039397537708282471e-02,-1.878483407199382782e-02,3.047919645905494690e-02,5.770928040146827698e-02,-8.383934944868087769e-02,-1.417792290449142456e-01,-3.418183699250221252e-02,-6.127118319272994995e-02,-1.627748459577560425e-01,-2.921669781208038330e-01,-3.720789402723312378e-02,3.512777388095855713e-02
3.827334642410278320e-01,7.610125839710235596e-02,0.000000000000000000e+00,7.186898589134216309e-01,3.121758699417114258e-01,4.406693279743194580e-01,7.386998534202575684e-01,4.383473992347717285e-01,6.359624266624450684e-01,4.362389743328094482e-01,1.116595640778541565e-01,-1.689962744712829590e-01,5.259245634078979492e-01,-1.842257753014564514e-02,3.905737996101379395e-01,1.407381892204284668e-01,-3.310898542404174805e-01,-3.559381365776062012e-01,3.962404727935791016e-01,3.531978428363800049e-01,-3.680271282792091370e-02,-2.127582952380180359e-02,3.336263597011566162e-01,7.451614141464233398e-01,-3.013433814048767090e-01,2.791409492492675781e-01,3.035534322261810303e-01,2.011524587869644165e-01,-1.587065011262893677e-01,-3.133542239665985107e-01,3.950873017311096191e-01,4.601781666278839111e-01,-2.275820821523666382e-01,-2.341878265142440796e-01,-1.801808327436447144e-01,-9.175534546375274658e-02,1.114387661218643188e-01,1.030923351645469666e-01,-9.975686669349670410e-03,1.407765448093414307e-01,7.605881243944168091e-02,2.203683257102966309e-01,-4.387923479080200195e-01,-3.128342032432556152e-01,-2.158257067203521729e-01,-2.606495320796966553e-01,-1.220044270157814026e-01,-1.887000054121017456e-01,-3.680118173360824585e-02,-9.885695762932300568e-03,-2.042479217052459717e-01,-2.942132949829101562e-01,-3.936201333999633789e-01,-3.423111438751220703e-01,-6.114985793828964233e-02,-1.932661235332489014e-01,-7.229104638099670410e-02,-8.477780222892761230e-02,-2.873476445674896240e-01,9.640429168939590454e-02,5.701405461877584457e-03,-1.533339023590087891e-01,-2.813564240932464600e-02,-2.486083358526229858e-01,1.748287528753280640e-01,5.962209030985832214e-02,-1.292778402566909790e-01,-1.405691504478454590e-01,-1.529340744018554688e-01,-9.227860718965530396e-02,5.733937025070190430e-01,6.203600764274597168e-01,2.571085691452026367e-01,2.513214051723480225e-01,4.217179492115974426e-02,-1.506817936897277832e-01,1.740074157714843750e-01,1.877318918704986572e-01,-3.757512867450714111e-01,-2.703736424446105957e-01,-1.720127463340759277e-01,-4.189140796661376953e-01,1.352417171001434326e-01,-1.555637177079916000e-02,1.055542305111885071e-01,-4.010015428066253662e-01,4.170654118061065674e-01,2.684902250766754150e-01,-1.768228411674499512e-01,-2.421367317438125610e-01,1.181291565299034119e-01,1.733293533325195312e-01,2.087081670761108398e-01,2.306744307279586792e-01,1.504949182271957397e-01,-9.788537025451660156e-02,-2.050586640834808350e-01,-1.962305009365081787e-01,9.006479755043983459e-03,-8.705642074346542358e-02,2.482630312442779541e-01,3.558348715305328369e-01,4.969300925731658936e-01,3.860336244106292725e-01,1.771638728678226471e-02,5.426830146461725235e-03,1.303097903728485107e-01,3.040829300880432129e-01,-1.853161491453647614e-02,-1.146929189562797546e-01,-1.139211058616638184e-01,-3.409945368766784668e-01,1.731314957141876221e-01,9.231598675251007080e-02,-1.819391846656799316e-01,-7.935881614685058594e-02
2.252987176179885864e-01,1.489424705505371094e-01,7.186898589134216309e-01,0.000000000000000000e+00,1.038413867354393005e-01,3.381275236606597900e-01,6.253490447998046875e-01,6.394692063331604004e-01,5.482203364372253418e-01,5.494662523269653320e-01,-6.166264880448579788e-03,-1.632812768220901489e-01,3.545887172222137451e-01,7.495652139186859131e-02,2.933384180068969727e-01,1.799705475568771362e-01,-3.825922310352325439e-01,-3.367742598056793213e-01,2.558174729347229004e-01,2.762770056724548340e-01,-8.234549313783645630e-02,-1.640693470835685730e-02,2.706022858619689941e-01,6.563212871551513672e-01,-3.460037112236022949e-01,2.154785096645355225e-01,1.424905806779861450e-01,9.342198073863983154e-02,-1.437859088182449341e-01,-1.966580301523208618e-01,3.877152800559997559e-01,4.786424934864044189e-01,-1.922862231731414795e-01,-1.479158997535705566e-01,-1.030162721872329712e-01,3.989330306649208069e-02,9.129416197538375854e-02,1.107807233929634094e-01,-6.168047431856393814e-03,1.344822645187377930e-01,8.736084401607513428e-02,2.207064777612686157e-01,-4.015228450298309326e-01,-2.552901506423950195e-01,-2.270263880491256714e-01,-2.405154705047607422e-01,-1.568408161401748657e-01,-2.175330519676208496e-01,-6.886044889688491821e-02,-4.716791585087776184e-02,-2.165237218141555786e-01,-2.175706475973129272e-01,-4.086613953113555908e-01,-3.290361166000366211e-01,-1.832742393016815186e-01,-1.746870726346969604e-01,-1.588175743818283081e-01,-5.716118216514587402e-02,-2.460563033819198608e-01,1.589345186948776245e-01,-3.140446171164512634e-02,1.998344995081424713e-02,-1.408762019127607346e-02,-1.082566082477569580e-01,8.320228010416030884e-02,1.603497415781021118e-01,-1.353633850812911987e-01,-7.830019295215606689e-02,-2.319236993789672852e-01,-1.655109226703643799e-01,5.101170539855957031e-01,5.403059720993041992e-01,2.125333249568939209e-01,2.767286300659179688e-01,-2.088860142976045609e-03,-1.673344969749450684e-01,1.307085603475570679e-01,1.941123455762863159e-01,-3.856661617755889893e-01,-2.110042273998260498e-01,-2.085436582565307617e-01,-3.237628936767578125e-01,7.125240564346313477e-02,3.898206353187561035e-02,2.538581145927309990e-03,-2.499683946371078491e-01,2.419715225696563721e-01,1.851845830678939819e-01,-1.816936582326889038e-01,-1.607339382171630859e-01,1.160607635974884033e-01,1.545309722423553467e-01,2.519263327121734619e-01,2.080382406711578369e-01,6.344770640134811401e-02,-1.070090457797050476e-01,-2.423979938030242920e-01,-1.941754072904586792e-01,-5.819559562951326370e-03,-1.097382083535194397e-01,2.763716876506805420e-01,3.512524962425231934e-01,4.682152569293975830e-01,3.534300029277801514e-01,2.777754887938499451e-02,1.994865201413631439e-02,9.123834222555160522e-02,3.269975185394287109e-01,-4.760742932558059692e-02,-1.572306156158447266e-01,-1.290476918220520020e-01,-3.259095549583435059e-01,1.167799606919288635e-01,-3.830675408244132996e-02,-1.269003748893737793e-01,-9.832676500082015991e-02
2.100905030965805054e-01,1.742228120565414429e-01,3.121758699417114258e-01,1.038413867354393005e-01,0.000000000000000000e+00,6.503896713256835938e-01,8.424919098615646362e-02,-7.166715711355209351e-02,3.101693689823150635e-01,1.296740323305130005e-01,6.665558367967605591e-02,1.560466438531875610e-01,1.020641475915908813e-01,-1.234672665596008301e-01,2.966702878475189209e-01,2.060920149087905884e-01,-2.250877469778060913e-01,-1.224070489406585693e-01,-8.903682231903076172e-03,1.716272979974746704e-01,1.834449470043182373e-01,2.082988470792770386e-01,1.879104673862457275e-01,4.583615660667419434e-01,2.137446254491806030e-01,4.014167189598083496e-01,7.032810449600219727e-01,6.370260119438171387e-01,-1.682207137346267700e-01,-1.239267066121101379e-01,1.928793340921401978e-01,2.751350700855255127e-01,-2.415859103202819824e-01,-2.496581077575683594e-01,-3.820265233516693115e-01,-3.506712019443511963e-01,1.582291126251220703e-01,1.683739274740219116e-01,1.848183125257492065e-01,1.308619976043701172e-01,7.081823796033859253e-02,2.437559068202972412e-01,-3.865539431571960449e-01,-8.318110555410385132e-02,-6.715472787618637085e-02,6.293158233165740967e-02,-1.342543661594390869e-01,-8.965618163347244263e-02,-2.859231233596801758e-01,1.525564771145582199e-02,-1.771119534969329834e-01,-1.866253018379211426e-01,-7.309514284133911133e-02,-2.189683467149734497e-01,1.309005171060562134e-01,-2.344541251659393311e-02,8.413385599851608276e-03,1.523409038782119751e-01,-2.421540468931198120e-01,1.537625640630722046e-01,-1.073283255100250244e-01,-1.994925886392593384e-01,-1.813552156090736389e-02,-1.023487523198127747e-01,1.626496165990829468e-01,-3.839725628495216370e-02,-1.225964874029159546e-01,-3.789136931300163269e-02,-1.347500365227460861e-02,1.128746271133422852e-01,1.111528426408767700e-01,1.733815521001815796e-01,-2.058406174182891846e-01,-7.172387838363647461e-02,-1.704932749271392822e-01,-1.273118853569030762e-01,-2.537235617637634277e-01,-1.815975904464721680e-01,-1.251861751079559326e-01,-1.055956333875656128e-01,8.474399149417877197e-02,-1.036236062645912170e-01,2.772531807422637939e-01,2.047087997198104858e-01,3.808686137199401855e-01,-2.289246395230293274e-02,5.845994353294372559e-01,5.276985168457031250e-01,-9.172304719686508179e-02,-1.994433999061584473e-02,-2.741025090217590332e-01,-2.541915476322174072e-01,-2.002239525318145752e-01,-1.726912260055541992e-01,-3.816114272922277451e-03,-3.229683265089988708e-02,-1.812129653990268707e-02,-4.125654697418212891e-02,-7.238055020570755005e-02,-2.211602032184600830e-01,-1.412502229213714600e-01,-1.600634306669235229e-01,1.013820171356201172e-01,-2.892777882516384125e-02,-3.041716292500495911e-02,-8.137851953506469727e-02,-3.824360296130180359e-02,-8.771937340497970581e-02,6.380958110094070435e-02,5.771606415510177612e-02,-1.447020173072814941e-01,-9.297825396060943604e-02,-4.136574920266866684e-03,1.085109636187553406e-01,-1.584559977054595947e-01,-9.178726933896541595e-03
2.650872468948364258e-01,1.297623664140701294e-01,4.406693279743194580e-01,3.381275236606597900e-01,6.503896713256835938e-01,0.000000000000000000e+00,2.689959704875946045e-01,2.258577495813369751e-01,5.347014069557189941e-01,4.924324452877044678e-01,8.715490996837615967e-02,3.953809291124343872e-02,2.190742492675781250e-01,-3.066388517618179321e-02,4.329312443733215332e-01,3.567685484886169434e-01,-3.145531117916107178e-01,-2.051092386245727539e-01,2.718475461006164551e-02,1.779379248619079590e-01,8.977557718753814697e-02,1.717136651277542114e-01,7.768677175045013428e-02,6.338902115821838379e-01,1.332928612828254700e-02,5.917515158653259277e-01,6.721679568290710449e-01,6.554130315780639648e-01,-1.010554134845733643e-01,-1.292458921670913696e-01,4.452929496765136719e-01,5.003298521041870117e-01,-2.714748680591583252e-01,-2.348240911960601807e-01,-3.192913234233856201e-01,-1.805352866649627686e-01,8.250376582145690918e-02,1.776823699474334717e-01,1.343042105436325073e-01,1.115908622741699219e-01,-7.357595022767782211e-03,3.061532676219940186e-01,-4.847639501094818115e-01,-2.681028544902801514e-01,-2.410655915737152100e-01,-1.714187264442443848e-01,-1.280822455883026123e-01,-2.009674012660980225e-01,-1.666416376829147339e-01,-3.066548891365528107e-02,-1.882674545049667358e-01,-2.580810487270355225e-01,-2.769663035869598389e-01,-3.423106074333190918e-01,-5.061949789524078369e-02,-7.050124555826187134e-02,-6.318322848528623581e-03,6.928705424070358276e-02,-3.347423970699310303e-01,1.567847132682800293e-01,-8.834014087915420532e-02,-8.426800370216369629e-02,-8.525949902832508087e-03,-8.776536583900451660e-02,5.565902963280677795e-02,6.647901982069015503e-02,-1.722047030925750732e-01,-9.799695014953613281e-02,-1.891816854476928711e-01,-7.953251898288726807e-02,3.562825620174407959e-01,4.028890728950500488e-01,-9.102553874254226685e-02,6.871481239795684814e-02,-1.228031516075134277e-01,-7.552289962768554688e-02,-1.592728793621063232e-01,-1.507546007633209229e-02,-2.711871862411499023e-01,-1.862357556819915771e-01,-6.201107054948806763e-02,-2.940572500228881836e-01,2.293726950883865356e-01,1.238995417952537537e-01,1.867510378360748291e-01,-2.025982290506362915e-01,5.609875321388244629e-01,5.177108645439147949e-01,-1.666611284017562866e-01,-4.566628113389015198e-02,-6.579142808914184570e-02,-4.475849494338035583e-02,1.055090129375457764e-02,-5.773814767599105835e-02,8.188609033823013306e-02,-1.003496050834655762e-01,-9.081862121820449829e-02,-1.072728037834167480e-01,1.905306614935398102e-02,-1.648520231246948242e-01,8.542726188898086548e-02,4.157492890954017639e-02,3.514909446239471436e-01,2.072419524192810059e-01,-2.170316688716411591e-02,-4.937678948044776917e-02,-1.947304466739296913e-03,9.894146025180816650e-02,-3.928456082940101624e-02,-9.790192544460296631e-02,-6.848365068435668945e-02,-1.451525837182998657e-01,1.113355979323387146e-01,1.581186354160308838e-01,-2.773928344249725342e-01,-5.135087296366691589e-02
1.564655750989913940e-01,-2.396685481071472168e-01,7.386998534202575684e-01,6.253490447998046875e-01,8.424919098615646362e-02,2.689959704875946045e-01,0.000000000000000000e+00,5.754553079605102539e-01,6.572136878967285156e-01,5.481786131858825684e-01,1.830105334520339966e-01,-1.255592405796051025e-01,7.081562876701354980e-01,1.424311101436614990e-01,5.239650011062622070e-01,2.449402809143066406e-01,-2.486120164394378662e-01,-3.756681978702545166e-01,2.923597693443298340e-01,1.077513024210929871e-01,-7.594283670186996460e-03,5.176511034369468689e-02,3.457134068012237549e-01,5.986754298210144043e-01,-3.436346054077148438e-01,2.100633233785629272e-01,9.138922393321990967e-02,1.345664821565151215e-02,4.653200134634971619e-02,-2.237896919250488281e-01,4.908646941184997559e-01,4.946047663688659668e-01,-2.292266339063644409e-01,-1.961261332035064697e-01,-6.298603862524032593e-02,3.222697600722312927e-02,9.984430857002735138e-03,4.777145013213157654e-02,5.328007787466049194e-02,3.585815429687500000e-02,-3.208236768841743469e-03,2.131095081567764282e-01,-2.841052412986755371e-01,-4.058614373207092285e-01,-3.350634276866912842e-01,-4.449699521064758301e-01,-1.591592729091644287e-01,-3.042443096637725830e-01,1.123875975608825684e-01,-1.846785843372344971e-01,-9.695468097925186157e-02,-3.057275116443634033e-01,-3.404662013053894043e-01,-1.926108747720718384e-01,1.727225631475448608e-02,-1.743481159210205078e-01,-3.084949851036071777e-01,-4.221653938293457031e-01,-3.276060521602630615e-01,-1.393548399209976196e-01,2.003813385963439941e-01,3.829392790794372559e-02,1.318960636854171753e-01,-2.142641693353652954e-01,2.659804522991180420e-01,2.501282095909118652e-01,-1.603660583496093750e-01,-2.351869493722915649e-01,-3.446588218212127686e-01,-2.695246338844299316e-01,6.513158082962036133e-01,6.787424087524414062e-01,4.133227765560150146e-01,3.568947017192840576e-01,1.060475185513496399e-01,-6.924262642860412598e-02,3.737929165363311768e-01,4.792796969413757324e-01,-2.330478280782699585e-01,-2.541262507438659668e-01,-1.061767563223838806e-01,-4.307815730571746826e-01,2.018845230340957642e-01,-8.381512016057968140e-02,2.736671455204486847e-02,-4.264766871929168701e-01,2.991673648357391357e-01,4.906677082180976868e-02,-4.058955702930688858e-03,-3.277598917484283447e-01,3.588594198226928711e-01,3.752692937850952148e-01,4.252675771713256836e-01,4.107814431190490723e-01,1.955294758081436157e-01,-1.502101719379425049e-01,-1.412260383367538452e-01,-1.061532497406005859e-01,2.133850902318954468e-01,1.192465499043464661e-01,4.650459587574005127e-01,4.437689483165740967e-01,5.334877967834472656e-01,3.873589038848876953e-01,-1.415500789880752563e-01,-9.239473193883895874e-02,8.391533978283405304e-03,2.036385387182235718e-01,-2.817063964903354645e-02,-4.437702521681785583e-02,-8.872171491384506226e-02,-2.356558591127395630e-01,2.056401968002319336e-01,2.205043584108352661e-01,-1.572987437248229980e-01,-1.966182440519332886e-01
1.054987236857414246e-01,-4.016478359699249268e-02,4.383473992347717285e-01,6.394692063331604004e-01,-7.166715711355209351e-02,2.258577495813369751e-01,5.754553079605102539e-01,0.000000000000000000e+00,4.206701517105102539e-01,6.635001897811889648e-01,2.077163308858871460e-01,6.330740451812744141e-02,4.422754049301147461e-01,4.781419634819030762e-01,3.164532184600830078e-01,3.493914902210235596e-01,-1.663409173488616943e-01,-1.940549463033676147e-01,1.170816048979759216e-01,5.675195157527923584e-02,-1.561777144670486450e-01,-6.159378588199615479e-02,2.994674146175384521e-01,4.625716507434844971e-01,-2.191592901945114136e-01,2.336483001708984375e-01,-1.625495031476020813e-02,-8.371867239475250244e-02,5.345534905791282654e-02,-1.651926152408123016e-02,3.776597976684570312e-01,4.327894449234008789e-01,-4.960094392299652100e-02,8.674152940511703491e-02,1.160584464669227600e-01,2.934839427471160889e-01,-6.985439360141754150e-02,-1.809052377939224243e-02,-1.357454508543014526e-01,-9.912384301424026489e-02,-9.077066928148269653e-02,1.414928883314132690e-01,-2.433041930198669434e-01,-2.263854444026947021e-01,-2.791419327259063721e-01,-3.263972997665405273e-01,-1.122345104813575745e-01,-3.040299117565155029e-01,4.044312611222267151e-02,-1.942983567714691162e-01,-1.155602037906646729e-01,-1.334775984287261963e-01,-3.282448351383209229e-01,-1.838645040988922119e-01,-2.109409421682357788e-01,-1.992153674364089966e-01,-1.372476965188980103e-01,-2.450550496578216553e-01,-1.178379505872726440e-01,5.845512449741363525e-02,3.311643004417419434e-01,4.679785072803497314e-01,1.966430842876434326e-01,1.744656115770339966e-01,1.022243723273277283e-01,5.501633286476135254e-01,-1.472128927707672119e-02,1.807776652276515961e-02,-2.750150859355926514e-01,-2.428276538848876953e-01,4.663908481597900391e-01,4.807186126708984375e-01,3.450308740139007568e-01,3.662628233432769775e-01,3.798373788595199585e-02,-2.462075650691986084e-02,2.107449918985366821e-01,3.372736275196075439e-01,-1.576793789863586426e-01,-1.129975989460945129e-01,-8.345596492290496826e-02,-1.707302331924438477e-01,5.079085938632488251e-03,-9.483374655246734619e-02,-9.612049907445907593e-02,-5.783339962363243103e-02,4.290625825524330139e-02,-5.012546852231025696e-02,-2.638781443238258362e-02,-1.316787600517272949e-01,1.852693408727645874e-01,1.792740672826766968e-01,3.151766657829284668e-01,2.278682142496109009e-01,1.000715419650077820e-01,-1.523636132478713989e-01,-2.258221209049224854e-01,-1.601013988256454468e-01,6.539037078619003296e-02,3.284977003931999207e-02,3.577836453914642334e-01,2.838963568210601807e-01,3.101806938648223877e-01,2.009128183126449585e-01,-9.986019134521484375e-02,-7.170623540878295898e-02,-5.627063568681478500e-03,1.841597855091094971e-01,-1.868497133255004883e-01,-2.093421965837478638e-01,-7.102716714143753052e-02,-1.974130272865295410e-01,5.806398764252662659e-02,9.753403812646865845e-02,-8.077168837189674377e-03,-2.157507836818695068e-01
8.677343279123306274e-02,-1.918210983276367188e-01,6.359624266624450684e-01,5.482203364372253418e-01,3.101693689823150635e-01,5.347014069557189941e-01,6.572136878967285156e-01,4.206701517105102539e-01,0.000000000000000000e+00,6.898851394653320312e-01,1.163789033889770508e-01,-1.305105835199356079e-01,5.686612129211425781e-01,1.742802746593952179e-02,6.324196457862854004e-01,3.425981104373931885e-01,-3.029759526252746582e-01,-4.045716226100921631e-01,7.245924323797225952e-02,2.020559273660182953e-02,8.634864538908004761e-02,2.649810910224914551e-01,4.540007188916206360e-02,6.331097483634948730e-01,-2.204032242298126221e-01,4.797295033931732178e-01,3.154683113098144531e-01,3.261611163616180420e-01,9.677110612392425537e-02,-1.389996558427810669e-01,5.843185782432556152e-01,5.407674312591552734e-01,-3.188808560371398926e-01,-2.767123281955718994e-01,-2.043891698122024536e-01,-1.294553130865097046e-01,1.479737311601638794e-01,2.091600298881530762e-01,3.061832487583160400e-01,2.268330156803131104e-01,1.257746964693069458e-01,3.822910189628601074e-01,-4.182151854038238525e-01,-4.101185798645019531e-01,-3.995151817798614502e-01,-4.761454164981842041e-01,-2.503770589828491211e-01,-3.225438892841339111e-01,-1.378775195917114615e-04,-1.773333847522735596e-01,-8.007885515689849854e-02,-3.919435143470764160e-01,-4.261600971221923828e-01,-3.869160711765289307e-01,-3.022809512913227081e-02,-7.566419243812561035e-02,-2.884514629840850830e-01,-3.002499938011169434e-01,-4.598114490509033203e-01,-1.467013210058212280e-01,-3.166175261139869690e-02,-1.091637089848518372e-01,6.812132149934768677e-02,-2.519594132900238037e-01,2.400856465101242065e-01,1.045365110039710999e-01,-3.223935067653656006e-01,-3.431926071643829346e-01,-3.902425169944763184e-01,-2.914548516273498535e-01,6.682887673377990723e-01,6.890571713447570801e-01,2.978362143039703369e-01,3.021594882011413574e-01,-5.245384946465492249e-02,-1.453518420457839966e-01,1.844598799943923950e-01,2.753174006938934326e-01,-3.169136643409729004e-01,-2.840291559696197510e-01,-1.414560377597808838e-01,-4.929135739803314209e-01,3.803841173648834229e-01,1.783548891544342041e-01,7.290042191743850708e-02,-4.691880047321319580e-01,4.046654701232910156e-01,2.675268054008483887e-01,-1.063144430518150330e-01,-2.914922833442687988e-01,2.940883636474609375e-01,3.349232971668243408e-01,3.818293511867523193e-01,3.255477249622344971e-01,4.937413334846496582e-02,-6.090349331498146057e-02,-1.919963657855987549e-01,-6.613599509000778198e-02,1.863685995340347290e-01,6.549477577209472656e-02,4.064016640186309814e-01,3.834708929061889648e-01,6.207342147827148438e-01,4.701880812644958496e-01,-5.885947123169898987e-02,-5.891957879066467285e-02,-1.865152083337306976e-02,2.924318909645080566e-01,9.657210111618041992e-02,-4.751819372177124023e-02,-1.677964627742767334e-01,-2.740907073020935059e-01,2.626676559448242188e-01,1.664568483829498291e-01,-2.565995156764984131e-01,-5.503884330391883850e-02
5.509839975275099277e-04,-1.783648431301116943e-01,4.362389743328094482e-01,5.494662523269653320e-01,1.296740323305130005e-01,4.924324452877044678e-01,5.481786131858825684e-01,6.635001897811889648e-01,6.898851394653320312e-01,0.000000000000000000e+00,6.871467828750610352e-02,-5.577475950121879578e-02,4.407557249069213867e-01,2.547795176506042480e-01,5.018754005432128906e-01,4.857568740844726562e-01,-2.937959730625152588e-01,-2.926800847053527832e-01,-4.402409866452217102e-02,-7.351601868867874146e-02,-3.350173681974411011e-02,1.637189835309982300e-01,1.207370236515998840e-01,5.089380145072937012e-01,-1.514718830585479736e-01,4.931851625442504883e-01,1.670679301023483276e-01,1.773197650909423828e-01,9.387993067502975464e-02,-2.591694705188274384e-02,5.576252341270446777e-01,5.435618758201599121e-01,-1.935349702835083008e-01,-3.797389194369316101e-02,-2.915299683809280396e-02,1.056835800409317017e-01,-3.356269001960754395e-02,1.607144325971603394e-01,8.574355393648147583e-02,-3.876388305798172951e-03,-5.090052261948585510e-02,3.273003697395324707e-01,-3.340911269187927246e-01,-3.390311896800994873e-01,-4.106475710868835449e-01,-4.106794595718383789e-01,-1.708534657955169678e-01,-3.354609608650207520e-01,3.595001995563507080e-02,-2.119091004133224487e-01,-8.499373495578765869e-02,-2.764490544795989990e-01,-4.001916050910949707e-01,-2.546174526214599609e-01,-1.658395826816558838e-01,-8.903441578149795532e-02,-2.424948066473007202e-01,-2.977457940578460693e-01,-2.950089275836944580e-01,-7.345570623874664307e-02,1.746945381164550781e-01,2.526361942291259766e-01,1.133483797311782837e-01,-1.518045458942651749e-02,1.804982721805572510e-01,4.206418395042419434e-01,-1.740995794534683228e-01,-1.785884499549865723e-01,-3.870632648468017578e-01,-3.043465316295623779e-01,5.844418406486511230e-01,6.194642186164855957e-01,2.824574410915374756e-01,3.704970777034759521e-01,-2.720988914370536804e-02,-2.383748255670070648e-02,1.406833082437515259e-01,3.492091894149780273e-01,-2.623105645179748535e-01,-1.722030043601989746e-01,-1.484682857990264893e-01,-3.453525304794311523e-01,1.854115426540374756e-01,3.863539174199104309e-02,-9.440296143293380737e-02,-2.321027517318725586e-01,1.545626372098922729e-01,1.021563485264778137e-01,-8.934642374515533447e-02,-1.856780648231506348e-01,2.953410744667053223e-01,2.908039391040802002e-01,3.955487012863159180e-01,2.579416930675506592e-01,9.142140299081802368e-02,-1.266304403543472290e-01,-1.333514004945755005e-01,-3.446885570883750916e-02,2.094109803438186646e-01,1.151804327964782715e-01,3.893270790576934814e-01,3.586091995239257812e-01,4.570680856704711914e-01,3.082156777381896973e-01,-1.110269576311111450e-01,-5.460562556982040405e-02,-3.384480252861976624e-02,2.236631810665130615e-01,-5.943615734577178955e-02,-1.600676476955413818e-01,-4.260874912142753601e-02,-1.597269326448440552e-01,1.416282504796981812e-01,2.125487327575683594e-01,-1.901568919420242310e-01,-1.569157689809799194e-01
2.759954929351806641e-01,3.139797598123550415e-02,1.116595640778541565e-01,-6.166264880448579788e-03,6.665558367967605591e-02,8.715490996837615967e-02,1.830105334520339966e-01,2.077163308858871460e-01,1.163789033889770508e-01,6.871467828750610352e-02,0.000000000000000000e+00,4.730433523654937744e-01,5.596111416816711426e-01,4.442552030086517334e-01,3.645181953907012939e-01,1.936541795730590820e-01,4.750687479972839355e-01,1.964008957147598267e-01,2.018352597951889038e-01,7.576879858970642090e-02,-5.068171396851539612e-02,-8.940753340721130371e-02,2.244585603475570679e-01,1.304427832365036011e-01,1.164236813783645630e-01,1.626945436000823975e-01,1.730537116527557373e-01,-3.473782911896705627e-02,3.981849253177642822e-01,1.550544500350952148e-01,2.244305312633514404e-01,1.908621639013290405e-01,-4.804354161024093628e-02,-8.465667068958282471e-02,-8.136378228664398193e-02,1.636579073965549469e-02,-7.741183787584304810e-02,-1.077802628278732300e-01,-1.222125664353370667e-01,-1.487354636192321777e-01,-1.180720701813697815e-01,3.309569880366325378e-02,-1.569672971963882446e-01,-1.208046153187751770e-01,-3.120402432978153229e-02,-1.153150722384452820e-01,8.951837196946144104e-03,-9.821557253599166870e-02,-1.518031395971775055e-02,-4.729136079549789429e-02,-1.640151999890804291e-02,-7.008732110261917114e-02,-9.950570017099380493e-02,-5.843731015920639038e-02,-4.484029021114110947e-03,-1.489301323890686035e-01,1.335010677576065063e-01,-9.001842141151428223e-02,-7.961215078830718994e-02,-4.746341705322265625e-02,3.628247082233428955e-01,2.164521813392639160e-01,4.918030500411987305e-01,2.719252407550811768e-01,2.249242365360260010e-02,1.622978001832962036e-01,-4.683898389339447021e-02,-9.877896308898925781e-02,-1.200622469186782837e-01,-1.943697482347488403e-01,2.394876927137374878e-01,2.363545298576354980e-01,3.970220386981964111e-01,3.188448846340179443e-01,1.133209541440010071e-01,1.367287337779998779e-01,4.585273191332817078e-02,1.003125831484794617e-01,2.298281937837600708e-01,6.981547176837921143e-02,2.489082068204879761e-01,5.738002806901931763e-02,6.587899476289749146e-02,-1.047288402915000916e-01,2.108620852231979370e-01,3.875398077070713043e-03,1.710182577371597290e-01,6.128990091383457184e-03,1.382381319999694824e-01,-7.085618562996387482e-03,-8.840799331665039062e-02,-4.620755091309547424e-02,-9.309529513120651245e-02,2.945771999657154083e-02,3.421901958063244820e-03,-1.171232387423515320e-01,-1.173816621303558350e-02,-1.261145621538162231e-02,9.244876354932785034e-02,2.889257669448852539e-02,8.863389492034912109e-02,2.342252433300018311e-02,5.226413533091545105e-02,-1.708172261714935303e-02,-2.486556619405746460e-01,-2.882541716098785400e-01,-1.122091561555862427e-01,-8.936753869056701660e-02,-2.259240895509719849e-01,-1.594914793968200684e-01,5.753603577613830566e-02,9.543144702911376953e-02,6.406747549772262573e-02,2.094880044460296631e-01,-7.150723785161972046e-02,-2.623815834522247314e-01
4.667936265468597412e-02,1.006712242960929871e-01,-1.689962744712829590e-01,-1.632812768220901489e-01,1.560466438531875610e-01,3.953809291124343872e-02,-1.255592405796051025e-01,6.330740451812744141e-02,-1.305105835199356079e-01,-5.577475950121879578e-02,4.730433523654937744e-01,0.000000000000000000e+00,1.809143126010894775e-01,5.070806741714477539e-01,1.694177985191345215e-01,3.708126246929168701e-01,3.294569253921508789e-01,4.700500369071960449e-01,-1.381081044673919678e-01,-5.784139409661293030e-02,1.000882014632225037e-01,1.766834557056427002e-01,-2.292858250439167023e-02,1.871024444699287415e-02,2.488111704587936401e-01,7.212291657924652100e-02,1.237936317920684814e-01,1.482070684432983398e-01,3.585551381111145020e-01,5.029706954956054688e-01,1.160561293363571167e-01,1.510447561740875244e-01,1.127174198627471924e-01,1.501598656177520752e-01,-2.910709381103515625e-01,-2.036392688751220703e-01,-7.736993581056594849e-02,1.460418701171875000e-01,3.903989866375923157e-02,-1.780538707971572876e-01,-6.564003881067037582e-03,1.475879549980163574e-01,-2.628400027751922607e-01,-2.828074805438518524e-02,-1.965133473277091980e-02,5.319352820515632629e-02,-2.288816273212432861e-01,-1.422996520996093750e-01,-1.157012879848480225e-01,4.459617659449577332e-02,1.058325096964836121e-01,1.706163734197616577e-01,8.141912519931793213e-03,1.776770316064357758e-02,1.076161041855812073e-01,-1.950282789766788483e-02,3.914439678192138672e-02,1.148983761668205261e-01,-5.167274922132492065e-02,9.555904567241668701e-02,1.636458635330200195e-01,3.371403813362121582e-01,3.594826459884643555e-01,5.337491035461425781e-01,1.026053130626678467e-01,2.320679277181625366e-01,-1.328577101230621338e-01,-3.140607103705406189e-02,-1.654799096286296844e-02,-7.992925494909286499e-02,-3.828442469239234924e-02,-2.926431410014629364e-02,6.140551716089248657e-02,2.619998455047607422e-01,-4.595334827899932861e-02,1.382587999105453491e-01,-3.596242368221282959e-01,-2.273226715624332428e-02,3.993086814880371094e-01,2.736589014530181885e-01,4.614808857440948486e-01,3.385999202728271484e-01,2.429948002099990845e-01,6.685101985931396484e-02,2.821427285671234131e-01,2.382414788007736206e-01,9.250663220882415771e-02,6.383316963911056519e-02,2.759133651852607727e-02,-2.369294874370098114e-02,-3.652155995368957520e-01,-2.772369086742401123e-01,-2.133988142013549805e-01,-1.549627929925918579e-01,-2.100062221288681030e-01,3.154945001006126404e-02,-8.659828454256057739e-03,2.213720828294754028e-01,9.286338835954666138e-02,1.724219298921525478e-03,-8.129180967807769775e-02,-3.412053585052490234e-01,-1.963009536266326904e-01,-2.525522112846374512e-01,-2.911581397056579590e-01,-2.224913239479064941e-01,-1.086310818791389465e-01,-2.435338795185089111e-01,3.861059993505477905e-02,-8.539692312479019165e-02,-2.088486701250076294e-01,1.302307248115539551e-01,5.368215963244438171e-03,1.676861792802810669e-01,-1.755782514810562134e-01,3.095470601692795753e-03
1.407970190048217773e-01,-2.604928314685821533e-01,5.259245634078979492e-01,3.545887172222137451e-01,1.020641475915908813e-01,2.190742492675781250e-01,7.081562876701354980e-01,4.422754049301147461e-01,5.686612129211425781e-01,4.407557249069213867e-01,5.596111416816711426e-01,1.809143126010894775e-01,0.000000000000000000e+00,3.611146807670593262e-01,6.028789281845092773e-01,3.682561814785003662e-01,1.174357756972312927e-01,-1.411620676517486572e-01,2.394059151411056519e-01,8.894857019186019897e-03,3.455636650323867798e-02,7.099620252847671509e-02,3.012557625770568848e-01,4.641200304031372070e-01,-1.564321070909500122e-01,2.135158330202102661e-01,1.240471675992012024e-01,2.313083969056606293e-02,3.126344680786132812e-01,-2.509291097521781921e-02,4.609647691249847412e-01,4.338500499725341797e-01,-1.727981716394424438e-01,-1.593403071165084839e-01,-1.461756378412246704e-01,-5.513692274689674377e-02,-7.424427196383476257e-03,3.258908540010452271e-02,7.674188911914825439e-02,-2.164982818067073822e-02,-2.289026230573654175e-02,2.081347554922103882e-01,-2.702288925647735596e-01,-3.028070330619812012e-01,-2.645429670810699463e-01,-3.620641231536865234e-01,-1.351066678762435913e-01,-2.230227291584014893e-01,7.778251916170120239e-02,-1.323004364967346191e-01,6.008190568536520004e-03,-2.168457806110382080e-01,-2.834093570709228516e-01,-1.399620473384857178e-01,9.133576601743698120e-02,-1.122224405407905579e-01,-2.192108333110809326e-01,-4.224646687507629395e-01,-3.453881144523620605e-01,-2.332360893487930298e-01,2.596536278724670410e-01,7.691635191440582275e-02,3.055784106254577637e-01,-4.988145455718040466e-02,2.826571762561798096e-01,2.504756450653076172e-01,-1.701828688383102417e-01,-2.668072581291198730e-01,-3.078690767288208008e-01,-2.718451917171478271e-01,5.883699655532836914e-01,6.302635073661804199e-01,4.854269027709960938e-01,3.818079233169555664e-01,9.254983812570571899e-02,-1.315704546868801117e-02,2.374416589736938477e-01,3.429108858108520508e-01,-5.239604506641626358e-03,-1.112523078918457031e-01,9.845753014087677002e-02,-2.166652679443359375e-01,2.415566295385360718e-01,-7.364360243082046509e-02,1.580136865377426147e-01,-3.234273195266723633e-01,2.987512648105621338e-01,4.115906357765197754e-02,5.390990898013114929e-02,-2.456643581390380859e-01,2.403185218572616577e-01,2.797119021415710449e-01,2.646371424198150635e-01,3.275810182094573975e-01,1.095323711633682251e-01,-1.875739246606826782e-01,-1.111441329121589661e-01,-1.912502199411392212e-02,2.442079186439514160e-01,1.648507863283157349e-01,4.115747809410095215e-01,3.244214057922363281e-01,4.070236682891845703e-01,2.903510630130767822e-01,-2.882442176342010498e-01,-2.512848079204559326e-01,-1.288330405950546265e-01,6.023793667554855347e-02,-3.223972022533416748e-02,-6.328468024730682373e-02,-5.881446599960327148e-02,-1.196284145116806030e-01,1.629547476768493652e-01,3.009960651397705078e-01,-1.579629629850387573e-01,-2.748767137527465820e-01
