0.000000000000000000e+00,5.192226171493530273e-01,5.242024362087249756e-02,2.755523622035980225e-01,-1.488419473171234131e-01,-4.583677276968955994e-02,1.520827114582061768e-01,8.817316591739654541e-02,-1.534491926431655884e-01,-1.348125040531158447e-01,2.450593709945678711e-01,2.152887135744094849e-01,4.401210322976112366e-02,1.704910956323146820e-02,-1.486396789550781250e-01,-1.254606693983078003e-01,2.751250565052032471e-02,-1.271180510520935059e-01,4.361198544502258301e-01,2.871337532997131348e-01,-1.493750605732202530e-02,-4.978761821985244751e-02,-3.129544481635093689e-02,-1.342861801385879517e-01,-5.516871809959411621e-02,-5.885052308440208435e-02,-1.614915728569030762e-01,-3.257433325052261353e-02,-7.156366482377052307e-03,-1.536907255649566650e-01,-2.379197329282760620e-01,-9.868147782981395721e-03,6.721375882625579834e-02,4.798831418156623840e-02,-8.440741896629333496e-02,-6.976399570703506470e-02,-1.506969630718231201e-01,-7.054778188467025757e-02,7.127805612981319427e-03,1.711855456233024597e-02,-1.228527128696441650e-01,-7.748724520206451416e-02,1.608067192137241364e-02,1.786331385374069214e-01,-2.279893010854721069e-01,-1.683049947023391724e-01,-2.673207968473434448e-02,-8.185358345508575439e-02,-2.336354553699493408e-02,-1.223490908741950989e-01,2.089982666075229645e-02,-4.017142578959465027e-02,7.821792364120483398e-02,1.763551086187362671e-01,-7.060280442237854004e-02,2.479044161736965179e-02,4.136615395545959473e-01,4.526731967926025391e-01,2.238017916679382324e-01,1.185179725289344788e-01,1.124902814626693726e-01,1.830013394355773926e-01,8.630820363759994507e-02,1.699368953704833984e-01,-1.562530249357223511e-01,-9.112095087766647339e-02,-2.314186990261077881e-01,-1.367198973894119263e-01,2.397619038820266724e-01,7.424966245889663696e-02,1.070793718099594116e-01,1.573828756809234619e-01,2.791723906993865967e-01,3.046964108943939209e-01,6.189431250095367432e-02,2.217952162027359009e-01,-1.232720166444778442e-01,-6.680531054735183716e-02,9.294445626437664032e-03,-7.245164364576339722e-02,-1.787560731172561646e-01,-7.067051529884338379e-02,-1.303170025348663330e-01,-5.769433453679084778e-03,-2.909722030162811279e-01,5.094880610704421997e-02,-9.095279872417449951e-02,8.598886430263519287e-02,4.407070949673652649e-02,1.035565137863159180e-01,2.615500688552856445e-01,6.414001435041427612e-02,1.657267212867736816e-01,1.223376542329788208e-01,3.665373474359512329e-02,7.642884552478790283e-02,5.657781660556793213e-02,1.468739658594131470e-01,2.835219800472259521e-01,3.831048011779785156e-01,2.129509486258029938e-02,1.052415817975997925e-01,1.804694831371307373e-01,6.152667105197906494e-02,-5.631573498249053955e-02,-4.269015043973922729e-02,6.612683646380901337e-03,-4.273896664381027222e-02,-7.793297618627548218e-02,-3.137386962771415710e-02,1.589154899120330811e-01,1.478051245212554932e-01,1.581743061542510986e-01,5.671584978699684143e-02,-1.608759611845016479e-01,-5.830941349267959595e-02
5.192226171493530273e-01,0.000000000000000000e+00,8.789533749222755432e-03,1.975865364074707031e-01,-1.424129158258438110e-01,-1.359986662864685059e-01,9.956336766481399536e-02,1.186253204941749573e-01,-3.727689385414123535e-02,-5.493821948766708374e-02,1.060040965676307678e-01,3.188912570476531982e-01,3.855480626225471497e-02,-4.722649976611137390e-02,-2.066728025674819946e-01,-1.141726896166801453e-01,1.664879471063613892e-01,4.598436877131462097e-03,3.216382265090942383e-01,3.256182074546813965e-01,1.318241953849792480e-01,4.976308345794677734e-02,3.988548368215560913e-02,-6.063257344067096710e-03,-9.767910093069076538e-02,5.299748480319976807e-02,-1.380116492509841919e-01,1.648842841386795044e-01,3.539411351084709167e-02,1.474533230066299438e-02,-4.135870933532714844e-02,8.236506581306457520e-02,7.703935354948043823e-02,1.288694590330123901e-01,-1.105140969157218933e-01,-1.708264052867889404e-01,-1.899127811193466187e-01,-1.859011128544807434e-02,1.661188602447509766e-01,-9.741446375846862793e-02,-1.695382446050643921e-01,-2.165105938911437988e-01,-3.262579906731843948e-03,1.168492734432220459e-01,-1.772087216377258301e-01,-1.930715143680572510e-02,-1.107233110815286636e-02,-4.313967376947402954e-02,5.366267636418342590e-02,-9.032023698091506958e-02,-9.411284327507019043e-02,-3.266545385122299194e-02,-7.240372896194458008e-02,6.098262593150138855e-02,-2.433660030364990234e-01,-1.027311943471431732e-02,4.594521820545196533e-01,4.521672129631042480e-01,9.877908974885940552e-02,-1.777579076588153839e-02,-1.036481633782386780e-01,2.253693640232086182e-01,7.388683408498764038e-02,2.178595215082168579e-01,-1.343207657337188721e-01,-3.610421717166900635e-02,-1.897203773260116577e-01,-1.530439406633377075e-01,3.416260182857513428e-01,8.390207588672637939e-02,6.735880672931671143e-02,9.594384580850601196e-02,2.752008736133575439e-01,3.165874481201171875e-01,-1.395696997642517090e-01,1.033490672707557678e-01,-1.315911710262298584e-01,-9.427528828382492065e-02,1.001365184783935547e-01,1.242954004555940628e-02,-3.088099323213100433e-02,1.225338652729988098e-01,-2.140489816665649414e-01,-2.012048661708831787e-02,-3.042215108871459961e-01,1.455982401967048645e-02,-1.298075169324874878e-01,-3.609041124582290649e-02,-7.926226593554019928e-03,-7.886633276939392090e-03,1.786943711340427399e-02,-1.383381187915802002e-01,7.962138950824737549e-02,-1.383333802223205566e-01,1.602585762739181519e-01,1.368235200643539429e-01,-1.108509115874767303e-02,3.635300323367118835e-02,1.198802441358566284e-01,7.786252349615097046e-02,-1.134185791015625000e-01,-1.234038993716239929e-01,1.046921033412218094e-02,-7.574908435344696045e-02,2.498264051973819733e-02,-1.971837691962718964e-02,1.238583102822303772e-01,-1.286721825599670410e-01,-5.044641718268394470e-02,8.150969445705413818e-02,-6.651852279901504517e-02,-7.632927503436803818e-03,6.968632340431213379e-02,-1.041989400982856750e-01,-2.492069602012634277e-01,3.755700960755348206e-02
5.242024362087249756e-02,8.789533749222755432e-03,0.000000000000000000e+00,2.964255809783935547e-01,1.570946723222732544e-01,1.826547384262084961e-01,3.683092296123504639e-01,-2.330549806356430054e-01,-1.042720377445220947e-01,1.234757453203201294e-01,-1.630973666906356812e-01,-1.981618106365203857e-01,-9.169219434261322021e-02,-2.554005682468414307e-01,8.447986841201782227e-02,-3.135574748739600182e-03,-3.410183787345886230e-01,-1.797688752412796021e-01,-8.032428473234176636e-02,-1.772796735167503357e-02,1.029653474688529968e-01,1.597053855657577515e-01,5.233758687973022461e-01,4.407324194908142090e-01,4.941808283329010010e-01,3.351086080074310303e-01,-1.119394302368164062e-01,7.137994468212127686e-02,-1.907643228769302368e-01,-3.503565192222595215e-01,4.735119268298149109e-02,2.026452720165252686e-01,2.211270183324813843e-01,9.137652069330215454e-02,3.189590275287628174e-01,1.483608335256576538e-01,3.005758859217166901e-02,2.553462386131286621e-01,9.576828032732009888e-02,-1.398069318383932114e-02,1.026919111609458923e-01,5.207626894116401672e-02,-3.648810088634490967e-01,-1.916068047285079956e-01,-1.175754070281982422e-01,-2.032364606857299805e-01,-2.999781072139739990e-01,-2.550220489501953125e-01,-1.473568230867385864e-01,-3.283693194389343262e-01,-1.973773688077926636e-01,-2.291874736547470093e-01,-2.534567415714263916e-01,-9.179131686687469482e-02,-2.740811407566070557e-01,-2.168449163436889648e-01,-1.139736473560333252e-01,-3.449318185448646545e-02,-9.079758077859878540e-02,-2.380933314561843872e-01,4.064879193902015686e-02,-2.046068944036960602e-02,-2.162612378597259521e-01,-6.272190064191818237e-02,4.883581995964050293e-01,1.205310821533203125e-01,3.429467678070068359e-01,9.836336970329284668e-02,1.230219528079032898e-01,4.607955738902091980e-02,-1.574642024934291840e-02,2.111171334981918335e-01,4.672813415527343750e-02,-1.394015084952116013e-02,-1.723905950784683228e-01,-1.975506842136383057e-01,-3.109132684767246246e-02,-1.376479864120483398e-01,-1.777939498424530029e-02,-1.431561857461929321e-01,-4.535771012306213379e-01,-2.291472405195236206e-01,2.394567131996154785e-01,1.716531962156295776e-01,3.633730858564376831e-02,-7.465358823537826538e-02,8.125020563602447510e-02,1.571644097566604614e-01,1.876498311758041382e-01,4.057122766971588135e-02,-1.323162168264389038e-01,-8.754891157150268555e-02,-1.753172464668750763e-02,-4.864941909909248352e-02,-1.118800565600395203e-01,-1.274932324886322021e-01,-3.424982354044914246e-02,-1.387539654970169067e-01,-1.217677965760231018e-01,2.885400317609310150e-02,-2.274873256683349609e-01,-6.472624838352203369e-02,-1.890748739242553711e-01,-2.605708539485931396e-01,1.310911923646926880e-01,2.877071201801300049e-01,6.595692038536071777e-02,1.332241669297218323e-02,-8.646574616432189941e-02,-1.866646483540534973e-02,-1.900155693292617798e-01,-2.953296899795532227e-01,-1.082484722137451172e-01,-2.230984568595886230e-01,-1.959869861602783203e-01,5.968860816210508347e-03
2.755523622035980225e-01,1.975865364074707031e-01,2.964255809783935547e-01,0.000000000000000000e+00,2.839086353778839111e-01,3.725259006023406982e-01,1.951926201581954956e-01,1.419473588466644287e-01,-3.369882702827453613e-01,2.631790041923522949e-01,-1.745591014623641968e-01,3.924006223678588867e-02,-2.160366624593734741e-01,-5.815305188298225403e-02,7.098846882581710815e-02,2.667937427759170532e-02,-1.926293969154357910e-01,-1.271704584360122681e-01,3.008991479873657227e-01,2.552724182605743408e-01,5.511816963553428650e-02,9.313338994979858398e-02,2.462329715490341187e-01,2.518204450607299805e-01,1.821491420269012451e-01,1.686245203018188477e-01,-1.520633399486541748e-01,-9.627531468868255615e-02,-1.354066580533981323e-01,-2.477711588144302368e-01,1.376995351165533066e-02,2.363816052675247192e-01,3.056698739528656006e-01,2.146134078502655029e-01,1.781744807958602905e-01,1.621610671281814575e-01,-1.038479898124933243e-02,7.661860436201095581e-02,4.153223708271980286e-02,1.131483763456344604e-01,8.520417660474777222e-02,5.983789917081594467e-03,-1.028818786144256592e-01,1.866344213485717773e-01,1.270103901624679565e-01,1.745167821645736694e-01,-1.996882706880569458e-01,-1.967536509037017822e-01,-1.761742518283426762e-03,-1.784405112266540527e-01,-2.211256921291351318e-01,-1.894347071647644043e-01,-2.709668278694152832e-01,-1.775316148996353149e-01,-1.169696003198623657e-01,-2.936227805912494659e-02,7.982074469327926636e-02,1.583759784698486328e-01,1.287560462951660156e-01,2.038680016994476318e-01,1.659261137247085571e-01,2.473241686820983887e-01,5.426787212491035461e-02,1.651983857154846191e-01,5.858416110277175903e-02,2.067290097475051880e-01,2.207942456007003784e-01,2.870409190654754639e-01,1.493461579084396362e-01,-7.674130797386169434e-02,-2.362328954041004181e-02,1.070150285959243774e-01,6.864705681800842285e-02,1.020263209939002991e-01,-4.187304526567459106e-02,3.401084616780281067e-02,3.692667465656995773e-03,4.662440717220306396e-02,-5.867754667997360229e-02,-5.465706065297126770e-02,-3.435478806495666504e-01,-2.146837711334228516e-01,-1.590724736452102661e-01,6.269214302301406860e-02,-2.568477690219879150e-01,3.333282470703125000e-02,-2.519980072975158691e-02,1.463549286127090454e-01,1.338836848735809326e-01,1.622255891561508179e-01,-9.146848320960998535e-02,-1.039488390088081360e-01,-1.111218240112066269e-02,-7.953529059886932373e-02,-1.128983497619628906e-01,-4.689259454607963562e-02,-1.504988223314285278e-01,1.440395042300224304e-02,1.044259667396545410e-01,1.251164823770523071e-01,-1.166304573416709900e-01,-2.361472882330417633e-02,-2.320507541298866272e-02,-2.494549565017223358e-02,-3.479148074984550476e-02,8.112625777721405029e-02,-3.695412725210189819e-02,3.897587582468986511e-02,-6.889370828866958618e-02,-1.704767644405364990e-01,-4.670713096857070923e-02,-4.775328934192657471e-02,-2.847402170300483704e-02,-1.459651142358779907e-01,-3.171576559543609619e-01,-1.404754817485809326e-01
-1.488419473171234131e-01,-1.424129158258438110e-01,1.570946723222732544e-01,2.839086353778839111e-01,0.000000000000000000e+00,4.088406264781951904e-01,-1.267699599266052246e-01,-6.662341207265853882e-02,-2.585924863815307617e-01,4.744731783866882324e-01,-2.796603441238403320e-01,-3.304080665111541748e-02,-1.083652600646018982e-01,-1.399954855442047119e-01,3.192166388034820557e-01,2.902603447437286377e-01,-2.118591219186782837e-01,-1.179927494376897812e-02,-1.462132334709167480e-01,-1.678759455680847168e-01,2.837987802922725677e-02,1.079069972038269043e-01,7.771909236907958984e-02,1.036104261875152588e-01,3.082591891288757324e-01,3.574911952018737793e-01,-3.634134680032730103e-02,-1.502745747566223145e-01,-1.851018369197845459e-01,-1.444777548313140869e-01,2.769454196095466614e-02,3.089972026646137238e-02,-4.185962304472923279e-02,-1.026978045701980591e-01,9.805118292570114136e-02,7.949762046337127686e-02,1.425201445817947388e-01,8.871395885944366455e-02,2.107699215412139893e-02,6.214840337634086609e-02,7.125904411077499390e-02,9.054982662200927734e-02,-1.899918308481574059e-03,-2.756370417773723602e-02,2.073993086814880371e-01,1.123824641108512878e-01,-1.531899124383926392e-01,-1.527943909168243408e-01,-9.936200082302093506e-02,-1.261534839868545532e-01,-2.500478923320770264e-01,-2.315008342266082764e-01,-2.064352333545684814e-01,-3.074226677417755127e-01,6.671622861176729202e-03,-1.031867042183876038e-01,-1.691448837518692017e-01,-1.199847906827926636e-01,-8.247884921729564667e-03,5.304371938109397888e-02,5.463777855038642883e-02,-8.916930109262466431e-02,-3.652325272560119629e-02,-1.527137309312820435e-01,1.206027790904045105e-01,1.036499738693237305e-01,2.330325990915298462e-01,1.680469363927841187e-01,8.822819218039512634e-03,-3.933489322662353516e-02,5.134874954819679260e-04,7.008948829025030136e-03,-1.351471692323684692e-01,-1.084022969007492065e-01,2.377959713339805603e-02,-6.530021876096725464e-02,-1.297959089279174805e-01,-1.348266005516052246e-01,4.399155080318450928e-02,-1.035242993384599686e-02,-6.830481439828872681e-02,-1.925144046545028687e-01,3.218647465109825134e-02,8.394479751586914062e-02,1.453315466642379761e-01,-1.361164003610610962e-01,1.940709799528121948e-01,7.819251716136932373e-02,1.017745435237884521e-01,1.014855131506919861e-02,-9.118999540805816650e-02,3.602574765682220459e-02,3.328311024233698845e-03,-1.138139981776475906e-02,-3.679757192730903625e-02,1.905247190734371543e-04,-6.830846518278121948e-02,-5.545844510197639465e-02,-4.030316136777400970e-03,-8.747807890176773071e-02,1.732372795231640339e-03,1.122207380831241608e-02,-9.289120882749557495e-02,3.877520933747291565e-02,7.858515530824661255e-02,6.923673301935195923e-02,7.535932213068008423e-02,-7.830419391393661499e-02,-4.081720858812332153e-02,-3.334389999508857727e-02,-8.546296507120132446e-02,-2.137348242104053497e-02,-1.730854660272598267e-01,-3.034368529915809631e-02,-1.102665364742279053e-01,1.858332753181457520e-02
-4.583677276968955994e-02,-1.359986662864685059e-01,1.826547384262084961e-01,3.725259006023406982e-01,4.088406264781951904e-01,0.000000000000000000e+00,-3.091194294393062592e-02,-5.788756906986236572e-02,-3.263758122920989990e-01,4.262236654758453369e-01,-7.589858025312423706e-02,-2.937278896570205688e-02,-9.361086785793304443e-02,5.098872631788253784e-02,1.211735084652900696e-01,1.251256465911865234e-01,-1.401784420013427734e-01,-7.238823920488357544e-02,9.192563593387603760e-02,1.018044874072074890e-01,5.233326926827430725e-02,-8.618293702602386475e-02,5.319860205054283142e-02,1.511594951152801514e-01,2.631593644618988037e-01,1.632154881954193115e-01,-2.782232500612735748e-02,-1.280801445245742798e-01,-1.343048363924026489e-01,-2.060126364231109619e-01,-1.329181939363479614e-01,1.415185928344726562e-01,9.969975799322128296e-02,6.771326065063476562e-02,7.643366605043411255e-02,3.738519921898841858e-02,9.015943855047225952e-02,6.334573030471801758e-02,-1.752152740955352783e-01,8.745975047349929810e-02,3.067454397678375244e-01,2.108241170644760132e-01,-8.565801382064819336e-02,-3.426962345838546753e-02,8.649455755949020386e-02,1.450526714324951172e-01,-1.023868769407272339e-01,-6.178911775350570679e-02,-1.132970005273818970e-01,-1.632456853985786438e-02,-2.106759846210479736e-01,-9.883718192577362061e-02,-2.105478942394256592e-01,-1.304224282503128052e-01,8.578284829854965210e-02,3.414476988837122917e-03,-1.162903085350990295e-01,-4.643463715910911560e-02,1.603337228298187256e-01,2.357648909091949463e-01,6.927509605884552002e-02,-3.758259862661361694e-02,1.430302113294601440e-01,1.785804033279418945e-01,-1.448451448231935501e-02,-5.540563259273767471e-03,1.578185707330703735e-01,2.448921352624893188e-01,-1.822691177949309349e-03,-4.037719219923019409e-02,-1.426053643226623535e-01,4.176661744713783264e-02,-4.151905328035354614e-02,-1.661924868822097778e-01,6.439276784658432007e-02,-3.693618625402450562e-02,1.385295838117599487e-01,4.086362943053245544e-02,-1.349333971738815308e-01,7.115343958139419556e-02,-1.847346425056457520e-01,-6.365913152694702148e-02,9.185101836919784546e-02,2.087108492851257324e-01,-2.941248752176761627e-02,1.326610893011093140e-01,9.248200803995132446e-02,2.507936954498291016e-01,6.793777644634246826e-02,1.947238743305206299e-01,-1.408485919237136841e-01,-1.853670179843902588e-01,-2.534510195255279541e-01,-1.612125933170318604e-01,-1.506632417440414429e-01,-2.750348150730133057e-01,-2.950466237962245941e-03,-1.262450516223907471e-01,-2.774961665272712708e-02,-7.494946569204330444e-02,-5.824681743979454041e-02,-5.442968755960464478e-02,-1.802109032869338989e-01,-8.289968222379684448e-02,2.110965782776474953e-03,8.474933356046676636e-02,4.075879696756601334e-03,1.175713092088699341e-01,-3.744198754429817200e-02,-5.892905220389366150e-02,9.271688759326934814e-03,-1.562996208667755127e-02,-1.191469840705394745e-02,9.302174299955368042e-02,1.304548680782318115e-01,-1.179470941424369812e-01
1.520827114582061768e-01,9.956336766481399536e-02,3.683092296123504639e-01,1.951926201581954956e-01,-1.267699599266052246e-01,-3.091194294393062592e-02,0.000000000000000000e+00,2.104002237319946289e-01,1.030918285250663757e-01,-1.282653212547302246e-02,3.006784059107303619e-02,-6.925247609615325928e-02,1.271165162324905396e-01,4.203810822218656540e-03,2.144780941307544708e-02,-7.606004178524017334e-02,-6.574618071317672729e-02,-1.056271493434906006e-01,1.120502278208732605e-01,1.903102546930313110e-01,-4.783044755458831787e-02,-1.142243593931198120e-01,2.272670716047286987e-01,1.093505099415779114e-01,1.165600493550300598e-01,-1.847443915903568268e-02,-5.290533974766731262e-02,-4.917265847325325012e-02,-5.328632146120071411e-02,-1.798048913478851318e-01,-1.673186896368861198e-03,9.507644921541213989e-02,2.200692892074584961e-01,9.197270870208740234e-02,8.986300230026245117e-02,5.672121420502662659e-02,-1.197065189480781555e-01,5.887374281883239746e-02,7.724715862423181534e-03,-4.388311132788658142e-02,4.076160490512847900e-03,-1.620553582906723022e-01,-1.303591877222061157e-01,-5.057067610323429108e-03,-1.359751969575881958e-01,-1.310899108648300171e-01,-2.117049992084503174e-01,-1.964665651321411133e-01,-5.574835464358329773e-02,-2.043536156415939331e-01,6.938411388546228409e-03,-9.827029705047607422e-02,1.386926230043172836e-02,1.538786385208368301e-02,-2.354750931262969971e-01,-1.838701218366622925e-01,-4.167380556464195251e-02,-8.768139779567718506e-02,-6.330127269029617310e-02,-5.884337797760963440e-02,1.985099464654922485e-01,1.067740991711616516e-01,-1.476605087518692017e-01,3.207898512482643127e-02,2.170782238245010376e-01,1.352751702070236206e-01,4.501426592469215393e-02,-1.496186386793851852e-02,7.388753443956375122e-02,-1.403782814741134644e-01,1.247171405702829361e-02,3.626893088221549988e-02,1.476336363703012466e-02,1.060428563505411148e-02,-1.761378347873687744e-01,-2.134661078453063965e-01,4.587755724787712097e-02,-6.700086593627929688e-02,-2.798595279455184937e-02,-9.123732894659042358e-02,-2.539190649986267090e-01,-1.728482842445373535e-01,1.029141061007976532e-02,-6.702540814876556396e-02,-1.190371513366699219e-01,-1.012257561087608337e-01,-1.984100788831710815e-01,-5.052067711949348450e-02,1.526516973972320557e-01,1.846004649996757507e-02,-2.767368219792842865e-02,-2.644057851284742355e-03,5.788033083081245422e-02,-2.205867134034633636e-02,-2.281775623559951782e-01,-1.295881569385528564e-01,-1.596688181161880493e-01,-1.783080846071243286e-01,-1.268050968647003174e-01,2.151157148182392120e-02,-1.761781126260757446e-01,-3.774929093196988106e-03,2.507463283836841583e-02,-2.576832175254821777e-01,3.883819654583930969e-02,7.808818668127059937e-02,-2.937476895749568939e-02,-3.118284419178962708e-02,7.530936598777770996e-02,-1.610431373119354248e-01,-1.956371963024139404e-01,-2.390905022621154785e-01,7.521334290504455566e-02,-1.587858051061630249e-01,-1.228952854871749878e-01,-1.524113211780786514e-02
8.817316591739654541e-02,1.186253204941749573e-01,-2.330549806356430054e-01,1.419473588466644287e-01,-6.662341207265853882e-02,-5.788756906986236572e-02,2.104002237319946289e-01,0.000000000000000000e+00,-9.986994788050651550e-03,-2.504845336079597473e-02,2.491332590579986572e-01,4.027360975742340088e-01,2.259781062602996826e-01,5.204709768295288086e-01,-1.587625220417976379e-02,1.360491961240768433e-01,1.054498106241226196e-01,-3.267097845673561096e-02,2.937584817409515381e-01,3.842631280422210693e-01,-4.802736267447471619e-02,-9.926105290651321411e-02,-2.455402314662933350e-01,-1.573002636432647705e-01,-3.978751897811889648e-01,-3.558097183704376221e-01,1.959126442670822144e-01,-1.726188324391841888e-02,3.096223995089530945e-02,1.586541086435317993e-01,1.119949971325695515e-03,-8.734811842441558838e-02,2.961949072778224945e-02,1.174429431557655334e-01,-1.022270470857620239e-01,-8.803773671388626099e-02,-2.646348774433135986e-01,-3.174388110637664795e-01,-4.699852317571640015e-02,-1.087292209267616272e-01,8.036763407289981842e-03,-1.352689117193222046e-01,1.369938552379608154e-01,2.561218738555908203e-01,5.324290320277214050e-02,1.665953099727630615e-01,7.850252091884613037e-02,-2.891592867672443390e-02,2.335954010486602783e-01,1.477748453617095947e-01,1.625163555145263672e-01,2.752694673836231232e-02,1.631067246198654175e-01,-1.303419172763824463e-01,1.019691675901412964e-01,9.980194270610809326e-03,4.864220693707466125e-02,-4.972534254193305969e-02,2.412922382354736328e-01,2.661426961421966553e-01,2.631979584693908691e-01,2.600650191307067871e-01,2.379238978028297424e-02,1.866660118103027344e-01,-2.448930740356445312e-01,1.432566624134778976e-02,-2.397189140319824219e-01,-1.380293667316436768e-01,6.531176157295703888e-03,9.139336645603179932e-03,-2.943753963336348534e-03,-1.723170429468154907e-01,4.973227158188819885e-02,1.130306869745254517e-01,1.039128229022026062e-01,6.434927135705947876e-02,1.573524028062820435e-01,1.321203410625457764e-01,-5.927636101841926575e-02,-3.797537088394165039e-02,7.239498198032379150e-02,-2.626537904143333435e-02,-2.019502967596054077e-01,-2.140533626079559326e-01,-1.135309189558029175e-01,-1.041830405592918396e-01,-2.140792906284332275e-01,-1.611359268426895142e-01,-3.224975243210792542e-02,-1.680731922388076782e-01,-1.890484988689422607e-02,-1.650740206241607666e-01,-2.229962497949600220e-01,-2.070954591035842896e-01,-2.035108804702758789e-01,-8.100371807813644409e-02,-1.223850771784782410e-01,-4.762711748480796814e-02,-8.666333160363137722e-04,-9.037742763757705688e-02,6.335766613483428955e-02,-1.167877539992332458e-01,9.423587471246719360e-02,-1.011761929839849472e-02,-1.303606033325195312e-01,-1.413024067878723145e-01,4.855296388268470764e-02,1.252803951501846313e-02,2.193667925894260406e-02,-1.246922314167022705e-01,-1.527445912361145020e-01,-2.809514664113521576e-02,5.292243137955665588e-02,5.072035640478134155e-02,-1.173086185008287430e-02,-2.240895777940750122e-01
-1.534491926431655884e-01,-3.727689385414123535e-02,-1.042720377445220947e-01,-3.369882702827453613e-01,-2.585924863815307617e-01,-3.263758122920989990e-01,1.030918285250663757e-01,-9.986994788050651550e-03,0.000000000000000000e+00,-2.046687155961990356e-01,3.598826006054878235e-02,-5.896148830652236938e-02,2.473420798778533936e-01,1.222100295126438141e-02,-3.116244077682495117e-02,-1.028090417385101318e-01,6.876241415739059448e-02,2.689702203497290611e-03,-1.158565655350685120e-01,8.412590250372886658e-04,1.096304133534431458e-01,2.962046489119529724e-02,-5.149620026350021362e-02,-7.413050532341003418e-02,-1.270234584808349609e-01,-5.487937107682228088e-02,1.334393024444580078e-01,1.614039987325668335e-01,1.457219570875167847e-01,2.010466903448104858e-01,2.531618177890777588e-01,9.622839838266372681e-02,-1.427950412034988403e-01,-1.207687854766845703e-01,-1.980761736631393433e-01,-1.369214206933975220e-01,2.437019906938076019e-02,-1.385310944169759750e-02,1.158899664878845215e-01,-1.291889604181051254e-02,-4.799063876271247864e-02,-1.178730353713035583e-01,-1.040547862648963928e-01,-2.068948000669479370e-01,-1.884211897850036621e-01,-2.193204164505004883e-01,-4.310814291238784790e-02,-4.022551700472831726e-02,-4.069148376584053040e-02,1.101208291947841644e-02,6.571888923645019531e-02,2.645118162035942078e-02,1.751696020364761353e-01,-9.355260059237480164e-03,-4.120105132460594177e-02,4.418179020285606384e-02,-1.108553707599639893e-01,-1.490101814270019531e-01,-1.401607692241668701e-01,-2.225667536258697510e-01,-9.396045655012130737e-02,-1.055071353912353516e-01,-8.560782670974731445e-02,-1.189189925789833069e-01,-2.611576765775680542e-02,-7.823060452938079834e-02,-1.370567083358764648e-01,-1.658733338117599487e-01,-3.855305537581443787e-02,4.259191453456878662e-02,2.284821495413780212e-02,-8.948036283254623413e-02,-8.967813849449157715e-02,-8.836844563484191895e-02,5.676030647009611130e-03,-6.894205510616302490e-02,-3.368290513753890991e-02,-9.293989092111587524e-02,-1.343928128480911255e-01,1.023580040782690048e-02,2.110129743814468384e-01,3.934231400489807129e-02,6.515922397375106812e-02,5.175478756427764893e-02,1.413618922233581543e-01,-1.165555939078330994e-01,6.897570192813873291e-02,-9.648422151803970337e-02,-9.762607514858245850e-03,-9.702923148870468140e-02,-1.701886579394340515e-02,8.031505160033702850e-03,5.362393334507942200e-03,-2.496573328971862793e-02,3.815928846597671509e-02,1.198947778902947903e-03,-3.294661268591880798e-02,-9.424893558025360107e-02,-9.658041410148143768e-03,1.732350210659205914e-03,-5.593250319361686707e-02,-1.270976960659027100e-01,-4.696333408355712891e-02,-7.508778572082519531e-02,5.201795324683189392e-02,-8.916594833135604858e-02,3.381642978638410568e-03,4.284396767616271973e-03,7.414304465055465698e-02,3.610802441835403442e-02,-1.466385424137115479e-01,-7.792609743773937225e-03,1.788138411939144135e-02,-9.040531516075134277e-02,1.464850157499313354e-01,1.317203640937805176e-01
-1.348125040531158447e-01,-5.493821948766708374e-02,1.234757453203201294e-01,2.631790041923522949e-01,4.744731783866882324e-01,4.262236654758453369e-01,-1.282653212547302246e-02,-2.504845336079597473e-02,-2.046687155961990356e-01,0.000000000000000000e+00,-1.880785226821899414e-01,2.084759064018726349e-02,2.408420853316783905e-02,-4.588157311081886292e-02,2.905560433864593506e-01,4.120468199253082275e-01,-1.081487685441970825e-01,-6.807888299226760864e-02,-5.792983621358871460e-02,-4.883510991930961609e-02,9.175641834735870361e-02,2.449346147477626801e-02,1.181449964642524719e-01,2.093368023633956909e-01,2.073591500520706177e-01,2.662935554981231689e-01,3.330032899975776672e-02,-6.505071371793746948e-02,-1.057036295533180237e-01,-1.163359284400939941e-01,8.483574539422988892e-02,1.328059434890747070e-01,-2.363978885114192963e-02,-1.253881603479385376e-01,5.125294998288154602e-02,-7.037591934204101562e-02,2.087039500474929810e-01,1.638331860303878784e-01,-3.079622983932495117e-02,1.383915543556213379e-01,-8.752337656915187836e-03,-1.634438782930374146e-01,-9.365516155958175659e-02,-1.425176709890365601e-01,8.086968213319778442e-02,1.555151194334030151e-01,-1.216393411159515381e-01,-1.253686845302581787e-01,-1.676672399044036865e-01,-6.304977089166641235e-02,-2.848706245422363281e-01,-1.561963260173797607e-01,-3.387341499328613281e-01,-3.050107955932617188e-01,-2.102632224559783936e-01,-1.164260581135749817e-01,-1.441107317805290222e-02,-9.283314645290374756e-02,-4.436533898115158081e-03,9.700054675340652466e-02,-8.599223196506500244e-02,7.163246721029281616e-02,1.117505282163619995e-01,-1.011055782437324524e-01,9.847195446491241455e-02,1.453545987606048584e-01,2.146226763725280762e-01,1.136230602860450745e-01,9.080534428358078003e-02,-1.115453168749809265e-01,8.894773200154304504e-03,4.648555815219879150e-02,-8.608487248420715332e-02,-5.544317141175270081e-02,-2.192057967185974121e-01,-1.801345646381378174e-01,9.815791249275207520e-02,5.149555951356887817e-02,-4.714134708046913147e-02,8.294463902711868286e-02,1.104872091673314571e-03,-3.096947632730007172e-02,-8.248219639062881470e-02,1.725860536098480225e-01,-8.680450171232223511e-02,-2.379696257412433624e-02,-4.789187386631965637e-02,-8.679330348968505859e-02,1.177979186177253723e-01,2.536159753799438477e-01,-3.038874566555023193e-01,-1.943463459610939026e-02,-6.340561062097549438e-02,-1.235819309949874878e-01,-1.028409693390130997e-02,-1.047362685203552246e-01,-2.960290014743804932e-01,-2.470486909151077271e-01,3.138192463666200638e-03,-1.216169297695159912e-01,-1.531322449445724487e-01,-8.300530910491943359e-02,-1.694380789995193481e-01,-1.446099672466516495e-02,1.802593655884265900e-02,-3.176925703883171082e-02,-6.876150518655776978e-02,-1.049975901842117310e-01,1.152020245790481567e-01,-9.798327088356018066e-02,-1.693595647811889648e-01,-4.842733591794967651e-02,-7.985735684633255005e-02,-5.508525297045707703e-02,-9.082306176424026489e-02,1.402176618576049805e-01
2.450593709945678711e-01,1.060040965676307678e-01,-1.630973666906356812e-01,-1.745591014623641968e-01,-2.796603441238403320e-01,-7.589858025312423706e-02,3.006784059107303619e-02,2.491332590579986572e-01,3.598826006054878235e-02,-1.880785226821899414e-01,0.000000000000000000e+00,3.232832551002502441e-01,4.198377132415771484e-01,4.280733168125152588e-01,-6.007821648381650448e-04,1.667964011430740356e-01,1.647710204124450684e-01,-1.395066641271114349e-02,2.866109311580657959e-01,2.812098562717437744e-01,-1.832872778177261353e-01,-2.021407335996627808e-01,-2.022545933723449707e-01,-2.378954589366912842e-01,-3.024917244911193848e-01,-3.137847781181335449e-01,9.152317792177200317e-02,-3.730384632945060730e-02,4.568162560462951660e-02,8.628930151462554932e-02,-1.396307945251464844e-01,-1.896748393774032593e-01,-1.701635718345642090e-01,-1.068448796868324280e-01,-2.178102731704711914e-01,-2.863245010375976562e-01,-2.419285029172897339e-01,-2.379638701677322388e-01,-2.668775022029876709e-01,-1.251276880502700806e-01,-1.534869149327278137e-02,7.126639038324356079e-02,1.112037301063537598e-01,-3.129995241761207581e-02,-2.509235441684722900e-01,-2.437001615762710571e-01,1.823846697807312012e-01,7.665679324418306351e-03,-9.673430584371089935e-03,5.784151703119277954e-02,1.434955745935440063e-01,4.836574569344520569e-02,2.027477920055389404e-01,2.223741561174392700e-01,1.002835184335708618e-01,-8.532728254795074463e-02,6.358808279037475586e-02,1.267192959785461426e-01,1.069256812334060669e-01,9.652886539697647095e-03,6.667277961969375610e-02,-2.141373045742511749e-02,1.568793058395385742e-01,8.678226172924041748e-02,-2.441329210996627808e-01,-2.722682952880859375e-01,-3.973850011825561523e-01,-3.759470880031585693e-01,-6.985028088092803955e-02,1.417950391769409180e-01,-3.205865621566772461e-02,7.712674885988235474e-02,2.451297044754028320e-01,1.819884777069091797e-01,1.212337836623191833e-01,1.573974490165710449e-01,1.813708394765853882e-01,1.227418184280395508e-01,-1.353864520788192749e-01,1.467156112194061279e-01,1.135263070464134216e-01,2.473282516002655029e-01,1.217726916074752808e-01,-3.424632921814918518e-02,5.677199736237525940e-02,1.459575444459915161e-01,-1.638932228088378906e-01,-1.531382277607917786e-02,-2.224270701408386230e-01,-6.632369756698608398e-02,9.838511049747467041e-02,3.132586926221847534e-02,-2.872927486896514893e-01,1.077737957239151001e-01,-1.372623592615127563e-01,-9.769692271947860718e-02,9.799006581306457520e-02,5.822646431624889374e-03,9.228043491020798683e-04,1.308867782354354858e-01,2.206524759531021118e-01,3.662732196971774101e-03,9.633444994688034058e-02,1.613662838935852051e-01,-6.239456310868263245e-02,-1.107390001416206360e-01,4.721117019653320312e-02,7.765310257673263550e-02,-5.383361876010894775e-02,-8.394041657447814941e-02,4.007777944207191467e-02,1.249421313405036926e-01,7.550925016403198242e-02,2.229817807674407959e-01,2.365655303001403809e-01,-2.577349841594696045e-01
2.152887135744094849e-01,3.188912570476531982e-01,-1.981618106365203857e-01,3.924006223678588867e-02,-3.304080665111541748e-02,-2.937278896570205688e-02,-6.925247609615325928e-02,4.027360975742340088e-01,-5.896148830652236938e-02,2.084759064018726349e-02,3.232832551002502441e-01,0.000000000000000000e+00,2.808525264263153076e-01,4.376201927661895752e-01,-1.091586351394653320e-01,1.376897990703582764e-01,1.528031080961227417e-01,-1.228255871683359146e-02,2.925154268741607666e-01,3.339544534683227539e-01,2.399453427642583847e-03,-5.531129986047744751e-02,-2.562086582183837891e-01,-1.977553367614746094e-01,-2.714329957962036133e-01,-1.213092356920242310e-01,4.560895264148712158e-02,1.167913526296615601e-01,-1.901886425912380219e-03,1.640707999467849731e-01,-1.651991456747055054e-01,-1.074421480298042297e-01,-1.972731649875640869e-01,-4.720300063490867615e-02,-3.613035678863525391e-01,-4.066721200942993164e-01,-2.683688998222351074e-01,-2.046559453010559082e-01,1.124987155199050903e-01,-1.176336482167243958e-01,-3.418308869004249573e-02,-1.400737762451171875e-01,1.324656903743743896e-01,1.221897229552268982e-01,-4.259696602821350098e-02,8.152642846107482910e-02,9.307944029569625854e-02,5.683468282222747803e-02,1.426745802164077759e-01,1.671394556760787964e-01,1.372658163309097290e-01,9.502653032541275024e-02,4.158028960227966309e-02,-6.928755342960357666e-02,1.900077611207962036e-02,3.726671636104583740e-02,1.198633983731269836e-01,9.506136924028396606e-02,3.469920158386230469e-01,2.208115756511688232e-01,-1.364289224147796631e-02,2.512359619140625000e-01,1.124715581536293030e-01,2.837744951248168945e-01,-3.658035397529602051e-01,-1.884984374046325684e-01,-3.972247838973999023e-01,-3.015584051609039307e-01,1.949902921915054321e-01,4.495889693498611450e-02,-1.416162401437759399e-02,-1.099193021655082703e-01,1.820465624332427979e-01,1.867149621248245239e-01,-1.812867633998394012e-02,8.744168281555175781e-02,5.959771573543548584e-02,8.833730965852737427e-02,5.726401880383491516e-02,2.788967452943325043e-02,1.577776223421096802e-01,1.929956525564193726e-01,-1.515627950429916382e-01,-5.109659209847450256e-02,-2.117437571287155151e-01,-7.066819071769714355e-02,-1.801317930221557617e-01,-9.280195832252502441e-02,-9.531676024198532104e-02,-1.125492379069328308e-01,-3.677544742822647095e-02,-2.488419562578201294e-01,-1.941627264022827148e-01,-3.076178133487701416e-01,4.288086667656898499e-02,5.828312784433364868e-02,1.213562302291393280e-02,-4.803470335900783539e-03,7.309225946664810181e-02,9.747505537234246731e-04,7.183190435171127319e-03,-2.228378355503082275e-01,-7.475376129150390625e-03,6.993399560451507568e-02,3.451295569539070129e-02,-7.675755023956298828e-02,1.575548946857452393e-01,-4.011145979166030884e-02,-3.892717137932777405e-02,5.424730852246284485e-02,-9.548841416835784912e-02,5.015037953853607178e-03,1.148121058940887451e-01,7.364661246538162231e-02,4.168556630611419678e-02,-6.514113396406173706e-02
4.401210322976112366e-02,3.855480626225471497e-02,-9.169219434261322021e-02,-2.160366624593734741e-01,-1.083652600646018982e-01,-9.361086785793304443e-02,1.271165162324905396e-01,2.259781062602996826e-01,2.473420798778533936e-01,2.408420853316783905e-02,4.198377132415771484e-01,2.808525264263153076e-01,0.000000000000000000e+00,4.070106446743011475e-01,6.561940908432006836e-02,1.773598343133926392e-01,2.194055728614330292e-02,-3.448457270860671997e-02,6.119941547513008118e-02,1.370425522327423096e-01,5.862803664058446884e-03,-6.872170418500900269e-02,-1.395723372697830200e-01,-1.199843138456344604e-01,-1.726439446210861206e-01,-2.201373577117919922e-01,1.004949212074279785e-01,8.782517910003662109e-02,2.954886585939675570e-04,3.767705708742141724e-02,-4.771659523248672485e-02,-4.555774480104446411e-02,-2.089251428842544556e-01,-2.472357898950576782e-01,-2.262490689754486084e-01,-2.401257455348968506e-01,-1.127537339925765991e-01,-7.502794265747070312e-02,-3.077979013323783875e-02,-1.047368124127388000e-01,-2.483752369880676270e-02,-8.396419137716293335e-02,2.746189199388027191e-02,-8.435542881488800049e-02,-2.622283399105072021e-01,-2.941740751266479492e-01,-1.843203790485858917e-02,-1.604456603527069092e-01,-1.052631065249443054e-01,2.056906558573246002e-02,1.039937958121299744e-01,2.521615847945213318e-02,1.706997901201248169e-01,-1.092059165239334106e-01,5.773787852376699448e-03,-1.701294630765914917e-01,-5.590425804257392883e-02,-1.594811975955963135e-01,5.473034456372261047e-02,-2.265508472919464111e-02,1.556635834276676178e-02,-1.470953375101089478e-01,-1.324566155672073364e-01,-1.119508147239685059e-01,-1.291400641202926636e-01,-2.668302059173583984e-01,-2.828001081943511963e-01,-4.074378311634063721e-01,1.153255403041839600e-01,-6.573481857776641846e-02,9.498461335897445679e-02,4.948179796338081360e-02,1.512034684419631958e-01,1.274713873863220215e-01,3.421203792095184326e-02,4.852833598852157593e-02,6.920555979013442993e-02,6.363105773925781250e-02,3.425442427396774292e-02,-1.400390565395355225e-01,2.430555522441864014e-01,7.868273556232452393e-02,8.679582178592681885e-02,-1.136598549783229828e-02,1.021323800086975098e-01,-1.719417273998260498e-01,-6.872083246707916260e-02,-1.960567235946655273e-01,3.140503913164138794e-02,-4.879879206418991089e-02,-6.004187092185020447e-02,-1.155971288681030273e-01,-1.607359647750854492e-01,-8.542086184024810791e-02,-3.084529377520084381e-02,-2.328176610171794891e-02,-6.934873759746551514e-02,-1.276302933692932129e-01,-1.310862880200147629e-02,2.280809916555881500e-03,9.488308802247047424e-03,-2.680453285574913025e-02,-6.062923371791839600e-02,-4.950013477355241776e-03,3.801343217492103577e-02,-8.710546791553497314e-02,1.163191124796867371e-01,-2.274494990706443787e-02,4.664131626486778259e-02,-4.906881973147392273e-02,-1.336199790239334106e-01,-5.372998118400573730e-02,4.250901564955711365e-02,1.261371374130249023e-01,1.319118142127990723e-01,-3.527948632836341858e-02
