0.000000000000000000e+00,1.306295096874237061e-01,3.910822868347167969e-01,3.244913816452026367e-01,1.597024649381637573e-01,-6.700394302606582642e-02,4.133034348487854004e-01,1.438220869749784470e-02,1.322075873613357544e-01,-3.777116537094116211e-02,5.143817141652107239e-02,2.878754772245883942e-02,1.521713733673095703e-01,-4.571386054158210754e-02,1.248524710536003113e-01,1.400443464517593384e-01,2.101084142923355103e-01,-2.495310753583908081e-01,5.458874702453613281e-01,2.083038985729217529e-01,2.541675604879856110e-02,3.093464300036430359e-02,4.138779938220977783e-01,1.730688363313674927e-01,1.398506760597229004e-01,1.955552250146865845e-01,1.972029507160186768e-01,1.767661422491073608e-01,2.334305793046951294e-01,-2.731709778308868408e-01,2.234797626733779907e-01,1.039042025804519653e-01,4.217893183231353760e-01,3.324944674968719482e-01,1.354260742664337158e-01,2.100148648023605347e-01,1.258424371480941772e-01,-4.990599676966667175e-02,2.864346206188201904e-01,-7.241636514663696289e-03,4.930556565523147583e-02,-4.707476869225502014e-02,-2.394236624240875244e-01,-2.992750406265258789e-01,-2.582780122756958008e-01,-3.134215474128723145e-01,-1.179457232356071472e-01,-2.911908328533172607e-01,-2.875366806983947754e-01,-3.652820289134979248e-01,-2.600463628768920898e-01,-3.980389833450317383e-01,-2.311875671148300171e-01,-2.671305239200592041e-01,-8.551693707704544067e-02,-8.774790167808532715e-02,4.504305124282836914e-01,5.165641009807586670e-02,1.834616363048553467e-01,8.104684203863143921e-02,2.897473573684692383e-01,6.295852363109588623e-02,3.038677871227264404e-01,-1.687429100275039673e-01,8.853857964277267456e-02,-3.100650012493133545e-01,2.076076269149780273e-01,1.784793436527252197e-01,4.264678955078125000e-01,2.787652611732482910e-01,1.325493603944778442e-01,2.306409925222396851e-01,2.180277109146118164e-01,-1.523325890302658081e-01,2.396274358034133911e-01,-5.268705636262893677e-02,1.433780044317245483e-01,1.683530509471893311e-01,-5.848690494894981384e-02,-4.801637306809425354e-02,-1.838360913097858429e-03,-5.582451820373535156e-02,1.401086300611495972e-01,1.268202662467956543e-01,4.798216279596090317e-03,-1.901911646127700806e-01,2.051368951797485352e-01,1.232636347413063049e-01,-7.073972374200820923e-02,-5.720175430178642273e-02,-2.285606712102890015e-01,-3.964039087295532227e-01,-3.106102049350738525e-01,-1.194512620568275452e-01,-4.103394970297813416e-02,8.277929574251174927e-02,-1.466202735900878906e-01,-5.766774713993072510e-02,-1.728801131248474121e-01,-2.299018055200576782e-01,8.037478476762771606e-02,6.968031078577041626e-02,1.447827816009521484e-01,9.767325222492218018e-02,-4.892482608556747437e-02,-1.759969294071197510e-01,1.136951968073844910e-01,1.145533993840217590e-01,-1.845120452344417572e-02,-2.033713012933731079e-01,-3.658526241779327393e-01,-3.743318617343902588e-01,-2.955595254898071289e-01,-2.307592779397964478e-01,-2.602301836013793945e-01,-1.694253087043762207e-01
1.306295096874237061e-01,0.000000000000000000e+00,2.618981003761291504e-01,5.747779011726379395e-01,2.739980220794677734e-01,1.983060389757156372e-01,-1.416434496641159058e-01,4.789054095745086670e-01,-1.777442544698715210e-01,7.568032294511795044e-02,-4.208891689777374268e-01,4.279381930828094482e-01,-2.255368530750274658e-01,3.291839063167572021e-01,1.592976599931716919e-01,2.890042066574096680e-01,-2.088151872158050537e-01,2.288011759519577026e-01,4.256878495216369629e-01,4.898501634597778320e-01,1.287451535463333130e-01,1.056666374206542969e-01,2.657194733619689941e-01,2.895374894142150879e-01,-5.091507360339164734e-02,6.464461237192153931e-02,2.686631977558135986e-01,4.186036884784698486e-01,-2.595561742782592773e-01,5.178992170840501785e-03,1.693454831838607788e-01,1.947437226772308350e-01,-6.881314795464277267e-03,2.065842598676681519e-01,-2.645786404609680176e-01,-1.841537505388259888e-01,-2.335837781429290771e-01,-1.249787434935569763e-01,2.764798104763031006e-01,1.415662169456481934e-01,-5.912320315837860107e-02,1.179146813228726387e-03,-4.555706679821014404e-01,-4.676281809806823730e-01,-4.428314566612243652e-01,-4.282897710800170898e-01,-4.083282947540283203e-01,-4.381421208381652832e-01,-5.032410621643066406e-01,-5.033922195434570312e-01,-4.600523710250854492e-01,-5.357609391212463379e-01,-2.531826794147491455e-01,-3.648178577423095703e-01,-5.180985201150178909e-03,-3.793655196204781532e-04,7.989139109849929810e-02,7.117188572883605957e-01,-2.193435579538345337e-01,3.925719559192657471e-01,-3.569909334182739258e-01,4.066119790077209473e-01,-2.523021697998046875e-01,3.819718360900878906e-01,-3.014914393424987793e-01,-4.148375615477561951e-02,-2.931288257241249084e-02,1.256536990404129028e-01,3.496203720569610596e-01,5.020555257797241211e-01,-6.775411963462829590e-02,2.002507448196411133e-01,-2.573882937431335449e-01,-1.052137687802314758e-01,-7.440537214279174805e-02,-1.190862655639648438e-01,-2.716264426708221436e-01,-8.692646771669387817e-02,-3.257827088236808777e-02,-4.281064029783010483e-03,-8.005745708942413330e-02,4.993621632456779480e-02,1.423942744731903076e-01,1.857217401266098022e-01,2.769640646874904633e-02,-2.056756913661956787e-01,3.867204785346984863e-01,3.955676853656768799e-01,9.170491993427276611e-02,-1.563196331262588501e-01,-2.513507306575775146e-01,-1.333264112472534180e-01,-2.212260067462921143e-01,1.000148952007293701e-01,-1.133186817169189453e-01,1.353691220283508301e-01,1.886278763413429260e-02,2.556814253330230713e-02,-5.798039585351943970e-02,1.129772234708070755e-02,2.111591696739196777e-01,3.210094869136810303e-01,3.810302913188934326e-01,3.264438807964324951e-01,2.233205586671829224e-01,-1.371669024229049683e-01,4.063126444816589355e-01,3.424315750598907471e-01,-1.817776076495647430e-02,-3.186197876930236816e-01,-3.489461839199066162e-01,-2.107029557228088379e-01,-1.652103513479232788e-01,-1.578658074140548706e-01,-3.071571588516235352e-01,-2.070517092943191528e-02
3.910822868347167969e-01,2.618981003761291504e-01,0.000000000000000000e+00,3.516318798065185547e-01,3.539420664310455322e-01,3.082117736339569092e-01,5.436981320381164551e-01,1.581941694021224976e-01,1.450631916522979736e-01,8.964072167873382568e-02,8.752820082008838654e-03,-1.284017562866210938e-01,2.975154817104339600e-01,-7.507286220788955688e-02,5.149776339530944824e-01,1.286508142948150635e-01,-2.811677940189838409e-02,1.124698594212532043e-01,3.994606435298919678e-01,4.880499243736267090e-01,3.151206374168395996e-01,3.522866070270538330e-01,6.200315952301025391e-01,6.367095112800598145e-01,3.355453014373779297e-01,2.566002011299133301e-01,3.639198243618011475e-01,4.244745969772338867e-01,-3.422341495752334595e-02,8.504930138587951660e-02,4.870733916759490967e-01,3.569550216197967529e-01,1.664278805255889893e-01,1.177578791975975037e-01,4.320754110813140869e-02,9.261329472064971924e-02,9.433858841657638550e-02,-1.152974460273981094e-02,3.358428180217742920e-01,-4.004402831196784973e-02,9.241772443056106567e-02,1.230737343430519104e-01,-3.885602056980133057e-01,-3.659214675426483154e-01,-3.346734642982482910e-01,-4.698759615421295166e-01,-1.953741610050201416e-01,-3.812966048717498779e-01,-4.249435365200042725e-01,-5.619667768478393555e-01,-3.987716734409332275e-01,-5.831111073493957520e-01,-1.934027373790740967e-01,-5.249013900756835938e-01,1.146500036120414734e-01,-1.538345217704772949e-01,2.523593604564666748e-01,-4.367789253592491150e-02,-1.333404481410980225e-01,-4.137979075312614441e-02,-9.405593574047088623e-02,-2.036797404289245605e-01,-4.458163306117057800e-02,-2.242087423801422119e-01,7.816616445779800415e-03,-3.938587307929992676e-01,5.083219707012176514e-02,4.431293904781341553e-02,3.484365046024322510e-01,1.963122934103012085e-01,5.097009539604187012e-01,8.080782741308212280e-02,8.241810835897922516e-03,1.130687370896339417e-01,2.578109204769134521e-01,3.859516605734825134e-02,2.218391448259353638e-01,3.555217757821083069e-03,2.012691050767898560e-01,-2.035129219293594360e-01,1.579299122095108032e-01,-7.870330661535263062e-02,2.559926807880401611e-01,8.446180820465087891e-02,2.515063583850860596e-01,-4.152962863445281982e-01,4.977243542671203613e-01,3.754149079322814941e-01,2.180252224206924438e-01,-3.334039151668548584e-01,-1.245231479406356812e-01,-3.579223453998565674e-01,-2.373880743980407715e-01,-6.292843073606491089e-02,-4.584336653351783752e-02,1.874754577875137329e-01,-1.471135579049587250e-02,5.147342756390571594e-02,2.765472792088985443e-02,5.335337948054075241e-03,4.650616943836212158e-01,1.750551015138626099e-01,4.749667346477508545e-01,3.106131255626678467e-01,3.398552834987640381e-01,-9.056330472230911255e-02,4.377420246601104736e-01,1.947169452905654907e-01,1.564113609492778778e-02,-8.606731891632080078e-02,-3.055730164051055908e-01,-3.779312968254089355e-01,-2.692205905914306641e-01,-2.468085736036300659e-01,-3.898338377475738525e-01,-2.103615105152130127e-01
3.244913816452026367e-01,5.747779011726379395e-01,3.516318798065185547e-01,0.000000000000000000e+00,3.490163087844848633e-01,1.945617794990539551e-01,8.196967840194702148e-02,5.723847150802612305e-01,3.452312573790550232e-02,1.916602998971939087e-01,-3.131464421749114990e-01,4.473862648010253906e-01,1.011594571173191071e-02,4.521310627460479736e-01,2.131497263908386230e-01,5.017452836036682129e-01,-9.748853743076324463e-02,-3.387309238314628601e-02,5.252727270126342773e-01,3.575208187103271484e-01,1.723196953535079956e-01,2.042604833841323853e-01,5.193734169006347656e-01,4.585096240043640137e-01,1.010054796934127808e-01,3.169097602367401123e-01,3.229101598262786865e-01,4.419806301593780518e-01,-2.888995781540870667e-02,-1.457096040248870850e-01,3.685841560363769531e-01,4.495408236980438232e-01,6.120237987488508224e-03,1.438558250665664673e-01,-2.214147448539733887e-01,-2.250680774450302124e-01,-1.134531199932098389e-01,-6.336067337542772293e-03,3.722749948501586914e-01,3.254947066307067871e-01,-3.907882422208786011e-02,1.435594707727432251e-01,-5.309527516365051270e-01,-4.947672188282012939e-01,-5.948331356048583984e-01,-5.391768217086791992e-01,-4.408208131790161133e-01,-4.525264799594879150e-01,-6.274730563163757324e-01,-5.559284687042236328e-01,-4.992908239364624023e-01,-5.340488553047180176e-01,-3.966327607631683350e-01,-3.433131575584411621e-01,-8.305870741605758667e-02,8.939059823751449585e-02,-3.287150338292121887e-02,4.601218998432159424e-01,-2.929871678352355957e-01,2.115848809480667114e-01,-2.915767729282379150e-01,2.427744269371032715e-01,-1.206752434372901917e-01,1.503609865903854370e-01,-2.579877972602844238e-01,-2.191544920206069946e-01,-8.471748232841491699e-02,3.513507544994354248e-02,3.119407892227172852e-01,3.649302721023559570e-01,2.295660041272640228e-02,3.717346191406250000e-01,-7.544241100549697876e-02,-1.537380516529083252e-01,3.626983240246772766e-02,-1.195475682616233826e-01,-2.164918631315231323e-01,4.993152618408203125e-02,-1.910910308361053467e-01,1.859452761709690094e-02,-1.621161848306655884e-01,2.706988900899887085e-02,8.610527217388153076e-02,4.041572809219360352e-01,-1.058895438909530640e-01,-1.313566118478775024e-01,3.661892712116241455e-01,4.851089715957641602e-01,-6.757325679063796997e-02,-3.206372633576393127e-02,-4.002168476581573486e-01,-2.366525083780288696e-01,-3.885250985622406006e-01,1.238617822527885437e-01,2.144726365804672241e-02,2.100126445293426514e-01,-3.430191427469253540e-03,1.481191515922546387e-01,1.358587760478258133e-03,4.396581649780273438e-02,2.014140784740447998e-01,3.647387921810150146e-01,3.927423954010009766e-01,4.225760102272033691e-01,1.456504613161087036e-01,-6.867647171020507812e-02,3.479790389537811279e-01,4.757352769374847412e-01,4.686556011438369751e-02,-2.286553084850311279e-01,-3.177481293678283691e-01,-1.973781138658523560e-01,-2.711919546127319336e-01,-1.877164095640182495e-01,-4.271254539489746094e-01,-8.180639892816543579e-02
1.597024649381637573e-01,2.739980220794677734e-01,3.539420664310455322e-01,3.490163087844848633e-01,0.000000000000000000e+00,3.142491579055786133e-01,4.071975499391555786e-02,1.383912414312362671e-01,2.811471819877624512e-01,3.094923496246337891e-01,-1.815421581268310547e-01,2.128531932830810547e-01,6.313915550708770752e-02,2.396855503320693970e-01,4.354526996612548828e-01,3.659793436527252197e-01,-1.392314434051513672e-01,2.687488198280334473e-01,2.261798679828643799e-01,1.186309084296226501e-01,5.392570495605468750e-01,4.283936321735382080e-01,4.632318317890167236e-01,3.585943281650543213e-01,4.760933816432952881e-01,6.056019067764282227e-01,6.015077829360961914e-01,5.759381055831909180e-01,1.306456327438354492e-01,1.352672874927520752e-01,4.900256693363189697e-01,3.994070887565612793e-01,-8.141212165355682373e-02,-1.312394142150878906e-01,-1.240147426724433899e-01,-1.433509290218353271e-01,-2.879173308610916138e-02,2.783083729445934296e-02,3.584693372249603271e-01,-2.198643778683617711e-04,5.286244302988052368e-02,-3.822265192866325378e-02,-4.129902422428131104e-01,-3.995969593524932861e-01,-3.150913715362548828e-01,-4.230488836765289307e-01,-3.869055807590484619e-01,-4.075937569141387939e-01,-4.218817651271820068e-01,-4.337526857852935791e-01,-3.802037835121154785e-01,-4.180990159511566162e-01,-2.608768641948699951e-01,-4.343765377998352051e-01,-5.494819954037666321e-02,-7.352515310049057007e-02,-1.469894684851169586e-02,1.298107653856277466e-01,-2.919862568378448486e-01,-9.091267362236976624e-03,-2.697271108627319336e-01,-1.381351798772811890e-01,-1.404187977313995361e-01,4.869258031249046326e-02,-2.221715897321701050e-01,-1.741296797990798950e-01,-1.630625277757644653e-01,-7.749748975038528442e-02,1.140022203326225281e-01,1.149243190884590149e-01,1.969751715660095215e-01,3.636478781700134277e-01,-1.230324897915124893e-02,-3.222976252436637878e-02,1.157212182879447937e-01,7.523974776268005371e-02,-1.930131018161773682e-02,1.053579375147819519e-01,7.977264374494552612e-02,-7.600200176239013672e-02,5.448808893561363220e-02,1.514037847518920898e-01,2.789584100246429443e-01,1.243507489562034607e-01,1.381968706846237183e-01,-9.060554951429367065e-02,3.990938067436218262e-01,3.413237929344177246e-01,1.125284582376480103e-01,-1.551711410284042358e-01,-2.952539324760437012e-01,-2.299022972583770752e-01,-2.210534662008285522e-01,5.447251256555318832e-03,-2.912379056215286255e-02,1.464090496301651001e-01,-4.840838722884654999e-03,-5.843244120478630066e-02,-6.766615062952041626e-02,-1.942518204450607300e-01,3.283846974372863770e-01,2.019665241241455078e-01,3.962819576263427734e-01,2.988937795162200928e-01,2.298820167779922485e-01,-1.485067307949066162e-01,3.129436671733856201e-01,2.530532181262969971e-01,-1.364616751670837402e-01,-9.080112725496292114e-02,-1.757450997829437256e-01,-2.407744079828262329e-01,-2.384542077779769897e-01,-3.108054697513580322e-01,-4.521192908287048340e-01,-7.535035163164138794e-02
-6.700394302606582642e-02,1.983060389757156372e-01,3.082117736339569092e-01,1.945617794990539551e-01,3.142491579055786133e-01,0.000000000000000000e+00,5.154615268111228943e-03,2.132814973592758179e-01,3.246036767959594727e-01,6.145728826522827148e-01,-2.923086881637573242e-01,1.218540668487548828e-01,1.729282550513744354e-02,1.598703265190124512e-01,3.981616497039794922e-01,2.503818571567535400e-01,-2.505008876323699951e-01,1.493062674999237061e-01,-7.132027298212051392e-02,1.752136945724487305e-01,4.045727252960205078e-01,5.946329236030578613e-01,3.272808194160461426e-01,5.200365781784057617e-01,2.904093265533447266e-01,3.353333473205566406e-01,2.875238955020904541e-01,4.319677352905273438e-01,-9.245537966489791870e-02,2.039579749107360840e-01,3.419651389122009277e-01,3.449506759643554688e-01,-2.058630883693695068e-01,-9.176198393106460571e-02,-3.129063174128532410e-02,-1.155560389161109924e-01,8.466715924441814423e-03,3.292922675609588623e-02,2.577555775642395020e-01,5.270031467080116272e-02,1.210485026240348816e-01,1.382310688495635986e-01,-4.454839229583740234e-01,-3.244666457176208496e-01,-3.223417401313781738e-01,-3.036764562129974365e-01,-3.570910394191741943e-01,-3.182318508625030518e-01,-3.507380783557891846e-01,-2.814439237117767334e-01,-3.564897477626800537e-01,-3.894124925136566162e-01,-2.303213328123092651e-01,-4.072740077972412109e-01,-7.100339047610759735e-03,-6.531232036650180817e-03,-1.586277782917022705e-01,4.617061838507652283e-02,-1.582557857036590576e-01,1.372855454683303833e-01,-2.071698457002639771e-01,-7.618858665227890015e-02,-2.998758256435394287e-01,6.109081208705902100e-02,-1.316758990287780762e-01,-7.900094985961914062e-02,-1.330341547727584839e-01,2.970030531287193298e-02,-8.662258833646774292e-02,-3.229101747274398804e-02,2.399696856737136841e-01,1.716462522745132446e-01,-9.109588712453842163e-02,9.972660243511199951e-02,-5.331000313162803650e-03,-4.032051563262939453e-02,-3.311248496174812317e-02,8.049096213653683662e-04,-2.916163206100463867e-02,-2.016101479530334473e-01,-9.375131875276565552e-02,-6.287851929664611816e-02,1.508630663156509399e-01,1.186752691864967346e-01,4.389873519539833069e-02,-1.897404491901397705e-01,5.217261314392089844e-01,4.402182102203369141e-01,1.436120718717575073e-01,-1.753392666578292847e-01,-1.993176639080047607e-01,-2.602991759777069092e-01,-2.072317451238632202e-01,-8.014362305402755737e-02,-1.057453379034996033e-01,1.058198437094688416e-01,4.125947132706642151e-02,8.596987277269363403e-02,-9.370815940201282501e-03,9.395561367273330688e-02,3.377428650856018066e-01,2.012034356594085693e-01,4.127169847488403320e-01,3.551281690597534180e-01,2.629837989807128906e-01,-9.035091847181320190e-02,3.675201237201690674e-01,2.364585101604461670e-01,5.048116203397512436e-03,-8.425269275903701782e-02,-1.218791157007217407e-01,-1.852509379386901855e-01,-1.758007705211639404e-01,-1.642927229404449463e-01,-4.181937575340270996e-01,-6.213176250457763672e-02
4.133034348487854004e-01,-1.416434496641159058e-01,5.436981320381164551e-01,8.196967840194702148e-02,4.071975499391555786e-02,5.154615268111228943e-03,0.000000000000000000e+00,6.007006159052252769e-04,2.356970906257629395e-01,-1.079994514584541321e-01,4.140537679195404053e-01,-2.740029096603393555e-01,5.888836979866027832e-01,-2.092278152704238892e-01,2.975932359695434570e-01,-9.261956065893173218e-02,2.456991076469421387e-01,-1.048178970813751221e-01,3.028582930564880371e-01,2.509629726409912109e-01,7.957189530134201050e-02,1.483565717935562134e-01,4.435557126998901367e-01,3.861362338066101074e-01,3.485329151153564453e-01,1.870005577802658081e-01,7.350052893161773682e-02,2.745259786024689674e-03,2.180708199739456177e-01,1.951044984161853790e-02,3.724446594715118408e-01,2.085358947515487671e-01,3.415790796279907227e-01,2.069982141256332397e-01,1.303156912326812744e-01,1.857351511716842651e-01,1.873498558998107910e-01,-2.933283895254135132e-02,1.743805855512619019e-01,-8.648476749658584595e-02,1.031328439712524414e-01,9.381830692291259766e-02,-1.973276212811470032e-02,-8.134135603904724121e-02,-1.080395728349685669e-01,-1.966651827096939087e-01,1.013172939419746399e-01,-5.101599916815757751e-02,-1.217043548822402954e-01,-2.684389352798461914e-01,-9.738030284643173218e-02,-2.133404910564422607e-01,-1.092495117336511612e-02,-1.393015384674072266e-01,6.587877124547958374e-02,-1.211069971323013306e-01,3.405540883541107178e-01,-3.466453552246093750e-01,-6.015366315841674805e-02,-3.519028723239898682e-01,1.155162155628204346e-01,-3.675787150859832764e-01,1.459619700908660889e-01,-4.764513373374938965e-01,1.222016587853431702e-01,-3.993091881275177002e-01,6.281160563230514526e-02,-8.060895651578903198e-02,2.940836548805236816e-01,2.562621980905532837e-02,4.755577147006988525e-01,-4.084034636616706848e-02,2.197959572076797485e-01,1.248809471726417542e-01,2.663601636886596680e-01,7.884203642606735229e-02,3.520680963993072510e-01,7.503918558359146118e-02,1.942784488201141357e-01,-6.573574244976043701e-02,1.936086267232894897e-01,-1.064454317092895508e-01,1.944292783737182617e-01,-5.197975784540176392e-02,1.598928719758987427e-01,-2.199937701225280762e-01,1.541949063539505005e-01,6.187075376510620117e-02,8.536534756422042847e-02,-1.394378393888473511e-01,8.324190229177474976e-02,-1.706614941358566284e-01,-8.590552955865859985e-02,-4.946834966540336609e-02,-4.825712181627750397e-03,1.386541277170181274e-01,-1.140820160508155823e-01,-1.003546267747879028e-01,-5.397438257932662964e-02,-1.131845340132713318e-01,2.015422135591506958e-01,2.463581040501594543e-02,1.374971717596054077e-01,8.067899383604526520e-03,6.398241221904754639e-02,-1.026512235403060913e-01,6.894609332084655762e-02,-6.481963396072387695e-02,-2.587856352329254150e-02,-5.228880792856216431e-02,-2.285005748271942139e-01,-3.372145295143127441e-01,-1.939176023006439209e-01,-1.639119833707809448e-01,-1.140708550810813904e-01,-2.456189244985580444e-01
1.438220869749784470e-02,4.789054095745086670e-01,1.581941694021224976e-01,5.723847150802612305e-01,1.383912414312362671e-01,2.132814973592758179e-01,6.007006159052252769e-04,0.000000000000000000e+00,-1.058765202760696411e-01,4.336385801434516907e-02,-1.449826061725616455e-01,4.677999019622802734e-01,-5.852847360074520111e-03,4.479375779628753662e-01,1.927728950977325439e-01,6.663382053375244141e-02,-3.987124562263488770e-01,1.154302731156349182e-01,1.462275385856628418e-01,4.440192580223083496e-01,1.093487143516540527e-01,1.043495163321495056e-01,2.108459919691085815e-01,3.002001643180847168e-01,5.872156098484992981e-02,1.647795587778091431e-01,4.342214763164520264e-02,1.688438653945922852e-01,-2.743270695209503174e-01,1.805263459682464600e-01,2.773785293102264404e-01,3.948904275894165039e-01,-2.166540920734405518e-01,1.010506376624107361e-01,-4.830631017684936523e-01,-2.597166299819946289e-01,-2.857110500335693359e-01,-2.245361953973770142e-01,2.829975783824920654e-01,3.644068539142608643e-02,-1.394102126359939575e-01,3.983075916767120361e-02,-1.879856139421463013e-01,-1.772342622280120850e-01,-2.673719525337219238e-01,-2.383285313844680786e-01,-1.204223185777664185e-01,-2.257715463638305664e-01,-2.461658865213394165e-01,-2.273888438940048218e-01,-1.027721315622329712e-01,-2.947697937488555908e-01,7.515413314104080200e-02,-2.903021275997161865e-01,3.163300156593322754e-01,-1.498824059963226318e-01,-2.148583233356475830e-01,2.798340022563934326e-01,-2.782160937786102295e-01,1.268058270215988159e-01,-3.484077453613281250e-01,1.635707169771194458e-01,-4.060708880424499512e-01,2.265645712614059448e-01,-4.062025845050811768e-01,-2.262407243251800537e-01,-3.077895641326904297e-01,-1.478128880262374878e-01,3.002881444990634918e-02,2.339176535606384277e-01,1.001823768019676208e-01,1.265485957264900208e-02,-2.519713342189788818e-01,9.161388874053955078e-02,-2.120416052639484406e-02,-1.304493248462677002e-01,-1.766952723264694214e-01,-2.066190093755722046e-01,6.307233124971389771e-02,-9.805153310298919678e-02,3.215222433209419250e-02,-2.064629346132278442e-01,4.909540526568889618e-03,1.720342319458723068e-03,1.492829769849777222e-01,-3.379279375076293945e-01,3.295291364192962646e-01,1.286093890666961670e-01,3.235325515270233154e-01,-3.187258243560791016e-01,-4.773168265819549561e-02,-2.682071030139923096e-01,2.104547247290611267e-02,-1.577911525964736938e-01,8.154435455799102783e-02,8.362142741680145264e-02,1.630812734365463257e-01,-3.858443349599838257e-02,1.725880354642868042e-01,-2.860191650688648224e-02,2.404143661260604858e-01,6.946570705622434616e-03,2.707665860652923584e-01,7.042788714170455933e-02,2.697779536247253418e-01,-2.809540629386901855e-01,2.221212536096572876e-01,5.071547627449035645e-02,1.062207669019699097e-01,-6.269708275794982910e-02,-7.301153987646102905e-02,7.050956133753061295e-03,2.636029943823814392e-02,-9.407670795917510986e-02,-1.902747154235839844e-01,-8.185062557458877563e-02
1.322075873613357544e-01,-1.777442544698715210e-01,1.450631916522979736e-01,3.452312573790550232e-02,2.811471819877624512e-01,3.246036767959594727e-01,2.356970906257629395e-01,-1.058765202760696411e-01,0.000000000000000000e+00,3.222561478614807129e-01,1.935904622077941895e-01,-3.164554014801979065e-02,4.732674062252044678e-01,5.373297631740570068e-02,3.206012248992919922e-01,1.736088246107101440e-01,2.713289558887481689e-01,-3.023228980600833893e-02,-4.647289961576461792e-02,-1.125822588801383972e-01,2.808964550495147705e-01,3.444140255451202393e-01,2.776266932487487793e-01,2.525748014450073242e-01,4.520587921142578125e-01,4.467717707157135010e-01,1.411657333374023438e-01,9.746778011322021484e-02,4.576525390148162842e-01,3.443731740117073059e-02,2.937762141227722168e-01,1.984317302703857422e-01,-7.923859357833862305e-02,-1.400667130947113037e-01,4.303414374589920044e-02,-6.459093838930130005e-02,2.771202027797698975e-01,9.373569488525390625e-02,1.772162020206451416e-01,-1.398460194468498230e-02,2.700167000293731689e-01,1.059018969535827637e-01,-1.833195686340332031e-01,-1.963990330696105957e-01,-1.767063289880752563e-01,-2.126828730106353760e-01,-1.509831845760345459e-01,-1.528393477201461792e-01,-1.854458749294281006e-01,-1.721532195806503296e-01,-2.018495202064514160e-01,-1.724312752485275269e-01,-2.165442407131195068e-01,-1.612165570259094238e-01,-1.643254607915878296e-01,5.616974551230669022e-03,1.913029327988624573e-02,-2.206411361694335938e-01,-1.720851361751556396e-01,-1.769505888223648071e-01,-4.260104149580001831e-02,-2.789859473705291748e-01,1.402977705001831055e-01,-2.459677159786224365e-01,6.596394628286361694e-02,-1.856383085250854492e-01,-1.244378834962844849e-01,-1.009597554802894592e-01,-5.745150521397590637e-02,-1.497468501329421997e-01,2.691950798034667969e-01,1.904327720403671265e-01,2.769412994384765625e-01,-1.410703547298908234e-02,1.225137785077095032e-01,3.216193243861198425e-02,1.794041842222213745e-01,1.360221654176712036e-01,3.790025413036346436e-02,2.581332996487617493e-02,7.477689534425735474e-02,2.090203948318958282e-02,2.829490900039672852e-01,9.223936498165130615e-02,8.650828152894973755e-03,1.435139775276184082e-02,1.272730231285095215e-01,1.045965626835823059e-01,-1.039067357778549194e-01,3.781719878315925598e-02,-1.496518552303314209e-01,-1.702009290456771851e-01,-2.498545497655868530e-01,-1.200108136981725693e-02,8.367274701595306396e-02,1.333824247121810913e-01,-1.065591629594564438e-02,3.143253922462463379e-02,-2.959493780508637428e-03,-5.500315129756927490e-02,1.143884137272834778e-01,6.959820538759231567e-02,1.889297068119049072e-01,1.742596328258514404e-01,5.326124280691146851e-02,-1.239008177071809769e-02,1.384850777685642242e-02,1.088934615254402161e-01,-3.295276686549186707e-02,7.821384817361831665e-02,-4.169433563947677612e-02,-9.938309341669082642e-02,-1.265862435102462769e-01,-5.869180709123611450e-02,-1.954142898321151733e-01,-1.141512244939804077e-01
-3.777116537094116211e-02,7.568032294511795044e-02,8.964072167873382568e-02,1.916602998971939087e-01,3.094923496246337891e-01,6.145728826522827148e-01,-1.079994514584541321e-01,4.336385801434516907e-02,3.222561478614807129e-01,0.000000000000000000e+00,-3.103424608707427979e-01,2.734539508819580078e-01,-1.068272367119789124e-01,3.636634349822998047e-01,1.075189709663391113e-01,5.119481682777404785e-01,-3.398418426513671875e-02,6.428810209035873413e-02,-5.858713760972023010e-02,-9.937785565853118896e-02,3.049155473709106445e-01,4.683650135993957520e-01,2.673388123512268066e-01,3.219951093196868896e-01,9.598886221647262573e-02,3.215837478637695312e-01,2.100331187248229980e-01,4.109241664409637451e-01,5.386840552091598511e-02,4.066934809088706970e-02,1.532544642686843872e-01,2.357948124408721924e-01,-1.406918466091156006e-01,-6.009851768612861633e-02,-6.146513856947422028e-03,-2.038433104753494263e-01,6.132382433861494064e-03,2.573234438896179199e-01,2.006880193948745728e-01,3.344480991363525391e-01,1.549222469329833984e-01,1.187165379524230957e-01,-4.499484598636627197e-01,-3.173631429672241211e-01,-3.578857183456420898e-01,-2.966778278350830078e-01,-4.242255389690399170e-01,-2.508748769760131836e-01,-4.149908423423767090e-01,-2.069111615419387817e-01,-4.224670231342315674e-01,-1.939211934804916382e-01,-4.587458074092864990e-01,-1.472400724887847900e-01,-3.056836724281311035e-01,1.564731895923614502e-01,-2.377171069383621216e-01,9.403299540281295776e-02,-1.900526583194732666e-01,8.765660971403121948e-02,-1.939960420131683350e-01,4.136040061712265015e-02,-1.695776879787445068e-01,1.209935694932937622e-01,-1.575211137533187866e-01,1.086265444755554199e-01,-1.535973101854324341e-01,-6.691955495625734329e-03,-4.255494102835655212e-02,-6.725098192691802979e-02,-6.117559224367141724e-02,3.969735205173492432e-01,-7.585244718939065933e-03,-6.330572813749313354e-02,-8.795424550771713257e-02,2.049299888312816620e-02,-2.017018496990203857e-01,1.527631580829620361e-01,-3.252300024032592773e-01,5.739141628146171570e-02,-3.546890318393707275e-01,1.853715628385543823e-01,1.052469536662101746e-01,3.675409555435180664e-01,-2.738979160785675049e-01,1.887475848197937012e-01,2.581067383289337158e-01,4.829078912734985352e-01,-2.272623777389526367e-01,2.042926400899887085e-01,-4.012765586376190186e-01,-3.095137886703014374e-02,-3.902225494384765625e-01,1.530224531888961792e-01,-6.264755874872207642e-02,1.702200472354888916e-01,-1.196424141526222229e-01,1.268168240785598755e-01,-2.011735141277313232e-01,1.742432080209255219e-02,2.055166102945804596e-02,3.139415681362152100e-01,1.543753594160079956e-01,3.655081987380981445e-01,-7.486159354448318481e-02,6.477101147174835205e-02,1.246472224593162537e-01,3.508818447589874268e-01,2.821367047727108002e-02,-8.467885851860046387e-02,-1.419361531734466553e-01,-1.927589029073715210e-01,-3.108766674995422363e-01,-2.003360390663146973e-01,-3.810013532638549805e-01,2.951387688517570496e-02
5.143817141652107239e-02,-4.208891689777374268e-01,8.752820082008838654e-03,-3.131464421749114990e-01,-1.815421581268310547e-01,-2.923086881637573242e-01,4.140537679195404053e-01,-1.449826061725616455e-01,1.935904622077941895e-01,-3.103424608707427979e-01,0.000000000000000000e+00,-2.354350537061691284e-01,6.287605762481689453e-01,-1.264804005622863770e-01,-4.873647540807723999e-02,-3.940475881099700928e-01,2.721183896064758301e-01,-1.824249625205993652e-01,-1.362496912479400635e-01,-9.050160646438598633e-02,-1.145497262477874756e-01,-2.015067785978317261e-01,-8.865647017955780029e-02,-1.393743753433227539e-01,1.115220561623573303e-01,-7.019963860511779785e-02,-2.527811229228973389e-01,-3.950080871582031250e-01,2.570613026618957520e-01,-8.134849369525909424e-03,-4.824887961149215698e-02,-1.387886852025985718e-01,1.076583191752433777e-01,-5.283769592642784119e-02,-1.486434694379568100e-02,1.470730826258659363e-02,1.914783120155334473e-01,-7.770930975675582886e-02,-1.324905753135681152e-01,-1.645595729351043701e-01,1.538472771644592285e-01,-1.372747719287872314e-01,4.368275105953216553e-01,3.088549077510833740e-01,1.906819343566894531e-01,1.433510035276412964e-01,4.174162149429321289e-01,3.266958296298980713e-01,2.928619086742401123e-01,2.411085665225982666e-01,3.795065879821777344e-01,3.597794473171234131e-01,3.190374970436096191e-01,3.184300363063812256e-01,1.878920942544937134e-01,-7.384131848812103271e-02,7.156634330749511719e-02,-4.555629193782806396e-01,-3.368194401264190674e-02,-4.393466413021087646e-01,2.057948857545852661e-01,-2.947300970554351807e-01,2.035323530435562134e-01,-3.145247995853424072e-01,1.383522301912307739e-01,-2.132558971643447876e-01,-1.977989375591278076e-01,-3.471918404102325439e-01,-1.597056537866592407e-01,-3.304701447486877441e-01,2.483061701059341431e-01,-2.532874941825866699e-01,1.567817330360412598e-01,7.678979635238647461e-02,6.787790358066558838e-02,9.505347162485122681e-02,2.848619222640991211e-01,-1.277888659387826920e-02,2.322505265474319458e-01,3.181707113981246948e-02,2.599360048770904541e-01,-1.073528081178665161e-01,-4.113777726888656616e-02,-3.123305439949035645e-01,1.790876686573028564e-01,3.234294801950454712e-02,-2.982969880104064941e-01,-3.862927258014678955e-01,7.926019281148910522e-02,5.457441508769989014e-02,2.609370648860931396e-01,1.126370579004287720e-01,1.807839572429656982e-01,-6.610449403524398804e-02,1.318232435733079910e-02,-1.903161555528640747e-01,-1.086952388286590576e-01,-1.703710407018661499e-01,5.076360702514648438e-02,-1.178684011101722717e-01,-9.270417690277099609e-02,-2.729516625404357910e-01,-2.720243334770202637e-01,-3.383368849754333496e-01,-1.173401027917861938e-01,2.178630093112587929e-03,-3.344562947750091553e-01,-3.602201342582702637e-01,-1.087545752525329590e-01,1.398505121469497681e-01,1.717454940080642700e-01,1.023262366652488708e-01,1.554258763790130615e-01,8.987305313348770142e-02,3.295354247093200684e-01,-8.447203040122985840e-02
2.878754772245883942e-02,4.279381930828094482e-01,-1.284017562866210938e-01,4.473862648010253906e-01,2.128531932830810547e-01,1.218540668487548828e-01,-2.740029096603393555e-01,4.677999019622802734e-01,-3.164554014801979065e-02,2.734539508819580078e-01,-2.354350537061691284e-01,0.000000000000000000e+00,-1.854152232408523560e-01,6.963636875152587891e-01,-1.235564276576042175e-01,4.275562763214111328e-01,-1.204063966870307922e-01,2.055631875991821289e-01,1.524948179721832275e-01,1.137598976492881775e-02,5.543071404099464417e-02,-1.330013666301965714e-02,1.554483771324157715e-01,4.340849444270133972e-02,-3.933200985193252563e-02,2.546700835227966309e-01,1.432335972785949707e-01,2.822715938091278076e-01,1.584521308541297913e-02,8.001346141099929810e-02,1.055177301168441772e-01,2.064254134893417358e-01,-1.484078764915466309e-01,8.082529157400131226e-02,-2.947211563587188721e-01,-2.563501596450805664e-01,-1.191276535391807556e-01,1.695671081542968750e-01,1.279941201210021973e-01,3.002709150314331055e-01,4.641901701688766479e-02,-4.938319791108369827e-03,-2.687712907791137695e-01,-1.922977268695831299e-01,-3.858920931816101074e-01,-2.597020864486694336e-01,-2.513269484043121338e-01,-7.098425924777984619e-02,-4.277526438236236572e-01,-1.883233785629272461e-01,-3.154197335243225098e-01,-1.628723293542861938e-01,-2.974871993064880371e-01,-7.748719770461320877e-03,-1.376433819532394409e-01,2.597931623458862305e-01,-3.515003025531768799e-01,4.422661066055297852e-01,-3.706727325916290283e-01,1.803983449935913086e-01,-3.848559856414794922e-01,4.166466891765594482e-01,-2.408569604158401489e-01,5.494629740715026855e-01,-4.776114523410797119e-01,1.136214286088943481e-01,-3.272468447685241699e-01,-9.788060188293457031e-02,-4.117115214467048645e-02,6.458063423633575439e-02,-3.276090919971466064e-01,3.684021830558776855e-01,-1.084736511111259460e-01,-1.153565272688865662e-01,-2.320453822612762451e-01,-3.218854963779449463e-02,-3.530690670013427734e-01,9.708913415670394897e-02,-3.108263611793518066e-01,1.619667559862136841e-01,-3.092660903930664062e-01,2.297213375568389893e-01,-8.772660978138446808e-03,2.755412459373474121e-01,-2.502861618995666504e-01,1.896370798349380493e-01,5.108140781521797180e-02,2.618294954299926758e-01,-1.988269090652465820e-01,2.019577920436859131e-01,-3.685816228389739990e-01,1.953393220901489258e-02,-3.015046715736389160e-01,1.635815054178237915e-01,-8.803601562976837158e-02,1.485087275505065918e-01,-9.486821293830871582e-02,1.152051165699958801e-01,-1.570697128772735596e-01,-5.813042167574167252e-03,-9.668561816215515137e-02,2.341341823339462280e-01,1.157854795455932617e-01,2.652318179607391357e-01,-5.447423085570335388e-02,-5.656649172306060791e-02,6.153546273708343506e-02,3.200976550579071045e-01,-4.502807930111885071e-02,-1.403803378343582153e-01,-1.821306049823760986e-01,-7.297361642122268677e-02,-1.623743176460266113e-01,-1.446856856346130371e-01,-1.452624648809432983e-01,2.591429278254508972e-02
1.521713733673095703e-01,-2.255368530750274658e-01,2.975154817104339600e-01,1.011594571173191071e-02,6.313915550708770752e-02,1.729282550513744354e-02,5.888836979866027832e-01,-5.852847360074520111e-03,4.732674062252044678e-01,-1.068272367119789124e-01,6.287605762481689453e-01,-1.854152232408523560e-01,0.000000000000000000e+00,-6.359771639108657837e-02,3.383132219314575195e-01,-1.124166101217269897e-01,2.878258824348449707e-01,-7.891835272312164307e-02,2.900492958724498749e-02,4.222980141639709473e-02,1.068424880504608154e-01,1.483636647462844849e-01,3.083472549915313721e-01,2.348683178424835205e-01,4.131342470645904541e-01,2.521404027938842773e-01,5.889651365578174591e-03,-1.115321740508079529e-01,3.540511131286621094e-01,4.130733385682106018e-02,3.243071138858795166e-01,1.467323154211044312e-01,3.336326032876968384e-02,-1.310938894748687744e-01,-1.289614569395780563e-02,-3.174568293616175652e-03,2.352682948112487793e-01,1.430490054190158844e-02,7.727260142564773560e-02,-6.024125963449478149e-02,2.111250013113021851e-01,1.168005689978599548e-01,7.298227399587631226e-02,-1.563461031764745712e-03,-1.052062138915061951e-01,-1.427955180406570435e-01,1.326410025358200073e-01,4.674011468887329102e-02,-5.779044330120086670e-02,-1.355445384979248047e-01,3.201105073094367981e-02,-3.246491402387619019e-02,5.050835385918617249e-02,-2.120487159118056297e-03,9.478200972080230713e-02,-1.503479573875665665e-02,9.641205519437789917e-02,-3.719008266925811768e-01,-2.600241005420684814e-01,-4.242118895053863525e-01,9.215577505528926849e-03,-3.735717236995697021e-01,1.592144817113876343e-01,-3.497311770915985107e-01,1.005767062306404114e-01,-3.357801735401153564e-01,-2.209623605012893677e-01,-2.905605435371398926e-01,-6.162990629673004150e-02,-2.314093112945556641e-01,4.459312558174133301e-01,-7.063987106084823608e-02,2.021075189113616943e-01,9.193275123834609985e-02,1.948264986276626587e-01,4.550275206565856934e-02,3.058825135231018066e-01,2.515861019492149353e-02,1.809659898281097412e-01,-7.461901009082794189e-02,2.355634272098541260e-01,-1.052648350596427917e-01,1.448329538106918335e-01,-7.626326382160186768e-02,1.868686378002166748e-01,-9.196383506059646606e-02,3.286586701869964600e-02,-1.422855909913778305e-02,8.242455869913101196e-02,-3.943861648440361023e-02,7.884214818477630615e-02,-4.638568311929702759e-02,-5.575076490640640259e-02,-1.956626772880554199e-02,6.738346815109252930e-02,-7.199287414550781250e-03,-2.417303435504436493e-02,-3.746216744184494019e-02,9.984051436185836792e-02,-1.235328987240791321e-02,1.719477474689483643e-01,-2.359319105744361877e-02,1.189813762903213501e-01,4.670024849474430084e-03,1.188588067889213562e-01,-1.189209427684545517e-02,1.762805390171706676e-03,-5.184065178036689758e-02,-3.108805231750011444e-02,9.611423313617706299e-02,1.607173122465610504e-02,-5.070491135120391846e-02,-2.067464776337146759e-02,-1.160410116426646709e-03,1.875326223671436310e-02,-1.024484857916831970e-01
