0.000000000000000000e+00,4.378892183303833008e-01,4.566022455692291260e-01,3.012110292911529541e-01,-3.017556071281433105e-01,-3.045805394649505615e-01,3.923152089118957520e-01,1.506355851888656616e-01,-2.064192593097686768e-01,-1.962976753711700439e-01,3.866257667541503906e-01,3.174982070922851562e-01,3.043141961097717285e-01,1.977444738149642944e-01,1.939469873905181885e-01,7.453767955303192139e-02,2.386276721954345703e-01,1.869562268257141113e-01,5.516973733901977539e-01,5.365617275238037109e-01,-4.049937799572944641e-02,-1.156775001436471939e-02,-2.162166088819503784e-01,9.770144522190093994e-02,-4.332655668258666992e-01,-4.314014911651611328e-01,-1.674934923648834229e-01,-2.387783825397491455e-01,1.480542272329330444e-01,1.624633818864822388e-01,2.737622559070587158e-01,1.327399015426635742e-01,2.956504225730895996e-01,3.678058981895446777e-01,-1.386745721101760864e-01,-7.518249750137329102e-02,-2.684829570353031158e-02,-6.444468349218368530e-02,-1.382004022598266602e-01,-1.196868792176246643e-01,1.958967000246047974e-01,1.474621146917343140e-01,-1.885789185762405396e-01,-1.160053983330726624e-01,-1.021000295877456665e-01,-1.811447292566299438e-01,-1.373683214187622070e-01,-1.701085120439529419e-01,-1.847370862960815430e-01,-1.432339847087860107e-01,-2.429759800434112549e-01,-2.164812237024307251e-01,-3.662127852439880371e-01,-1.558821648359298706e-01,-2.415137551724910736e-02,-1.581607758998870850e-01,6.184062957763671875e-01,4.158996343612670898e-01,3.117753267288208008e-01,1.943932026624679565e-01,2.295707166194915771e-01,-5.304622277617454529e-02,3.888382911682128906e-01,9.438224136829376221e-02,-1.250413209199905396e-01,-1.961418539285659790e-01,1.799393817782402039e-02,1.404298245906829834e-01,4.138963818550109863e-01,5.278164148330688477e-01,2.582006454467773438e-01,2.544605433940887451e-01,3.514804840087890625e-01,2.072037607431411743e-01,1.723050326108932495e-01,1.508901864290237427e-01,3.042245805263519287e-01,3.261732161045074463e-01,-9.079183638095855713e-02,-1.878245472908020020e-01,-1.202359423041343689e-01,-2.039325982332229614e-01,8.097901195287704468e-02,7.185041159391403198e-02,-1.595771312713623047e-01,-2.560838460922241211e-01,1.766381561756134033e-01,1.171177178621292114e-01,-1.705561429262161255e-01,-2.627341635525226593e-02,-1.631969213485717773e-01,-1.298155039548873901e-01,-2.766273319721221924e-01,-2.453076839447021484e-01,3.066843189299106598e-02,-4.032645374536514282e-02,-1.819198951125144958e-02,-5.900979787111282349e-02,-1.215567905455827713e-02,1.033160760998725891e-01,1.725415587425231934e-01,5.378458648920059204e-02,1.319324225187301636e-01,1.918269842863082886e-01,-1.865047216415405273e-01,-7.918553054332733154e-02,1.210441961884498596e-01,2.357586324214935303e-01,7.346629351377487183e-02,-4.611679166555404663e-02,-2.002735584974288940e-01,-2.200456559658050537e-01,-1.454142034053802490e-01,-2.214326560497283936e-01,-7.248278707265853882e-02,-6.486162543296813965e-02
4.378892183303833008e-01,0.000000000000000000e+00,5.030529499053955078e-01,3.305625915527343750e-01,-8.869787305593490601e-02,-7.495321333408355713e-02,4.588592350482940674e-01,2.875871360301971436e-01,1.246093884110450745e-01,-3.077511116862297058e-02,1.938503831624984741e-01,3.766348958015441895e-01,2.112439125776290894e-01,1.617031395435333252e-01,2.770766019821166992e-01,-1.756266802549362183e-01,4.823597148060798645e-02,3.021763563156127930e-01,4.870159626007080078e-01,5.280713438987731934e-01,-2.921479381620883942e-02,3.795716911554336548e-02,-3.739159107208251953e-01,1.435276716947555542e-01,-2.538998126983642578e-01,-2.950280904769897461e-01,-1.433769706636667252e-03,-5.824203416705131531e-02,2.071205526590347290e-02,1.612029671669006348e-01,3.554687201976776123e-01,2.663924694061279297e-01,2.749676406383514404e-01,4.850631356239318848e-01,3.349521756172180176e-02,2.210260741412639618e-02,-1.752624809741973877e-01,1.789786815643310547e-01,-1.736731850542128086e-03,-2.470107227563858032e-01,-4.636352136731147766e-02,1.206434220075607300e-01,-3.950856924057006836e-01,-1.564279794692993164e-01,-2.203183174133300781e-01,-2.174956053495407104e-01,-2.584798336029052734e-01,-2.577210366725921631e-01,-2.009937763214111328e-01,-2.744275033473968506e-01,-2.275054752826690674e-01,-4.073663055896759033e-01,-2.102503776550292969e-01,-5.585350394248962402e-01,-6.050544232130050659e-02,-4.074281156063079834e-01,5.185322761535644531e-01,7.996416687965393066e-01,2.629212439060211182e-01,6.026293039321899414e-01,1.841308772563934326e-01,5.103209614753723145e-02,2.387543320655822754e-01,2.352837324142456055e-01,-1.214779838919639587e-01,2.061975933611392975e-02,2.455515563488006592e-01,3.148296177387237549e-01,5.923493504524230957e-01,5.958474874496459961e-01,4.194866716861724854e-01,4.222325235605239868e-02,1.764529794454574585e-01,3.786739706993103027e-01,2.538715004920959473e-01,-6.844624876976013184e-02,2.800761163234710693e-01,1.067228689789772034e-01,-6.541625410318374634e-02,-4.346739649772644043e-01,-3.741762414574623108e-02,-4.008153378963470459e-01,1.366200577467679977e-02,-1.020296216011047363e-01,1.923672854900360107e-01,-5.421546697616577148e-01,3.183250427246093750e-01,1.383732855319976807e-01,1.579106897115707397e-01,-5.708387494087219238e-01,-5.968277901411056519e-02,-4.931277334690093994e-01,-3.450192213058471680e-01,-5.710317492485046387e-01,-1.107016950845718384e-01,-1.681269332766532898e-02,-3.463489934802055359e-02,-2.354747354984283447e-01,3.224603459239006042e-02,-8.285485953092575073e-02,4.611624777317047119e-01,-3.167243301868438721e-01,3.600935041904449463e-01,6.916940212249755859e-02,-1.556313503533601761e-02,-2.284662127494812012e-01,2.476821839809417725e-01,8.337467908859252930e-02,3.615822643041610718e-02,-1.549845337867736816e-01,-2.329061329364776611e-01,-2.387718707323074341e-01,-1.903228461742401123e-01,-1.529541611671447754e-01,-2.064739167690277100e-01,-3.442464023828506470e-02
4.566022455692291260e-01,5.030529499053955078e-01,0.000000000000000000e+00,5.667908787727355957e-01,-3.160092234611511230e-02,5.524331331253051758e-02,7.597948908805847168e-01,3.769436776638031006e-01,1.513367891311645508e-01,1.199885681271553040e-01,2.046325057744979858e-01,1.784000098705291748e-01,3.323748111724853516e-01,4.198480024933815002e-02,3.506907224655151367e-01,4.300166293978691101e-02,-2.312373518943786621e-01,-2.449804916977882385e-02,4.612881541252136230e-01,3.913781940937042236e-01,4.960804432630538940e-02,-7.960061542689800262e-03,4.330271389335393906e-03,5.027927160263061523e-01,-1.677786558866500854e-01,-1.651232987642288208e-01,1.690604984760284424e-01,9.617643803358078003e-02,-4.925850778818130493e-02,7.633017748594284058e-02,3.339712619781494141e-01,2.524643242359161377e-01,4.646506905555725098e-02,2.121839523315429688e-01,6.293065100908279419e-02,1.065333411097526550e-01,-2.327972352504730225e-01,2.592630870640277863e-02,9.577976912260055542e-02,-5.755271017551422119e-02,-6.835200637578964233e-02,8.327776193618774414e-02,-4.328404963016510010e-01,-3.300575613975524902e-01,-2.606393992900848389e-01,-4.087204039096832275e-01,-2.443545162677764893e-01,-3.481878340244293213e-01,-4.232112765312194824e-01,-4.452692568302154541e-01,-3.361772000789642334e-01,-5.143470764160156250e-01,-1.955066770315170288e-01,-5.566985607147216797e-01,9.514092467725276947e-03,-3.457412123680114746e-01,2.596907913684844971e-01,4.469061791896820068e-01,2.594066858291625977e-01,4.869165122509002686e-01,1.224565207958221436e-01,-9.253197908401489258e-02,1.476409882307052612e-01,5.120126903057098389e-02,-8.162822574377059937e-02,-7.630815356969833374e-02,3.207986056804656982e-01,2.934189438819885254e-01,4.684043824672698975e-01,5.056827068328857422e-01,4.203830361366271973e-01,1.226310357451438904e-01,2.790064178407192230e-02,2.401365637779235840e-01,1.864673495292663574e-01,5.789121985435485840e-02,2.581119537353515625e-01,1.914699934422969818e-02,-1.602867841720581055e-01,-5.112029910087585449e-01,-1.175423115491867065e-01,-4.268215596675872803e-01,1.488378942012786865e-01,-1.167606445960700512e-03,1.539405286312103271e-01,-5.554749965667724609e-01,4.141032993793487549e-01,2.296226173639297485e-01,2.712359726428985596e-01,-4.077488481998443604e-01,2.492710016667842865e-02,-4.920848011970520020e-01,-3.376661539077758789e-01,-5.005963444709777832e-01,-7.252426445484161377e-02,-8.113632351160049438e-02,-1.859647929668426514e-01,-3.194241523742675781e-01,-2.481671869754791260e-01,-2.413453608751296997e-01,4.835840761661529541e-01,-3.073469102382659912e-01,4.691727161407470703e-01,2.464185804128646851e-01,-4.172739759087562561e-02,-2.372379302978515625e-01,3.148916959762573242e-01,1.569490432739257812e-01,8.632549084722995758e-03,-2.369167506694793701e-01,-4.286802709102630615e-01,-4.556932151317596436e-01,-3.242889642715454102e-01,-2.281564921140670776e-01,-2.713757455348968506e-01,-2.367074042558670044e-02
3.012110292911529541e-01,3.305625915527343750e-01,5.667908787727355957e-01,0.000000000000000000e+00,2.537674903869628906e-01,2.286797612905502319e-01,5.320625305175781250e-01,5.437418818473815918e-01,4.065716266632080078e-01,3.290998935699462891e-01,1.482845842838287354e-01,1.862649619579315186e-01,2.107141613960266113e-01,1.946010887622833252e-01,-7.253415882587432861e-02,-1.158717349171638489e-01,-2.184147387742996216e-01,-1.489440351724624634e-01,5.172863602638244629e-01,5.192942619323730469e-01,-1.242457106709480286e-01,-6.307105720043182373e-02,2.217384576797485352e-01,4.892971813678741455e-01,4.793083667755126953e-02,1.435002237558364868e-01,1.560053825378417969e-01,1.691866964101791382e-01,-1.438809484243392944e-01,3.570733359083533287e-03,7.952260971069335938e-02,1.028784811496734619e-01,4.672387614846229553e-02,2.845000326633453369e-01,9.806261956691741943e-02,5.236049741506576538e-02,-1.941720843315124512e-01,2.026806771755218506e-02,-2.259657829999923706e-01,-2.214663624763488770e-01,-7.526319473981857300e-02,-3.329299390316009521e-02,-2.674985527992248535e-01,-1.561893075704574585e-01,-2.632279694080352783e-01,-1.977037489414215088e-01,-1.417673826217651367e-01,-1.312235146760940552e-01,-3.077228665351867676e-01,-3.586183786392211914e-01,-2.242020219564437866e-01,-2.786602675914764404e-01,-4.307328164577484131e-02,-3.570356070995330811e-01,-1.415840536355972290e-01,-2.342013567686080933e-01,1.432037055492401123e-01,2.447839081287384033e-01,8.949879556894302368e-02,3.094758987426757812e-01,1.754131913185119629e-01,1.966115832328796387e-01,-1.612863154150545597e-03,5.066267773509025574e-02,1.332577168941497803e-01,2.165351063013076782e-01,3.053490221500396729e-01,2.500404119491577148e-01,2.617411017417907715e-01,3.148526251316070557e-01,1.413472592830657959e-01,1.105179041624069214e-01,-1.276966929435729980e-01,1.212419345974922180e-01,-5.321232602000236511e-02,-1.237254589796066284e-01,-5.367160588502883911e-02,-5.665044113993644714e-02,3.289046138525009155e-02,-2.743432521820068359e-01,2.259605191648006439e-02,-3.920741379261016846e-02,-1.076995357871055603e-01,-2.023544311523437500e-01,1.822746396064758301e-01,-1.634754389524459839e-01,-2.459974959492683411e-02,-1.415543705224990845e-01,9.981201961636543274e-03,-3.402403593063354492e-01,-2.106965035200119019e-01,-4.144703745841979980e-01,-2.593320906162261963e-01,-3.373398780822753906e-01,-1.028347685933113098e-01,-4.063917323946952820e-02,-1.531446874141693115e-01,-2.800652086734771729e-01,-2.050038725137710571e-01,-2.065629661083221436e-01,3.991955518722534180e-01,-3.432917967438697815e-02,2.278376221656799316e-01,1.648643761873245239e-01,1.850557476282119751e-01,1.264513190835714340e-02,1.335108578205108643e-01,-1.094844788312911987e-01,-7.259313762187957764e-02,-9.530814737081527710e-02,-2.464224845170974731e-01,-2.650896608829498291e-01,-1.694201529026031494e-01,-4.420011118054389954e-02,-4.214987903833389282e-02,7.218452170491218567e-03
-3.017556071281433105e-01,-8.869787305593490601e-02,-3.160092234611511230e-02,2.537674903869628906e-01,0.000000000000000000e+00,7.261653542518615723e-01,1.092482358217239380e-01,3.327047526836395264e-01,7.205265164375305176e-01,6.896280646324157715e-01,-1.070820242166519165e-01,-5.944219604134559631e-02,-1.646056920289993286e-01,-1.010600104928016663e-01,-3.710545599460601807e-01,-1.959195733070373535e-01,-3.742179274559020996e-01,-2.918733358383178711e-01,1.278942674398422241e-01,-7.880025543272495270e-03,-3.537952154874801636e-02,-1.219884231686592102e-01,3.488494157791137695e-01,1.912224739789962769e-01,6.758868694305419922e-01,7.486334443092346191e-01,4.704263508319854736e-01,6.180740594863891602e-01,-3.176625072956085205e-01,-2.304056137800216675e-01,-3.505277037620544434e-01,-1.622990369796752930e-01,-2.869531214237213135e-01,-1.232325211167335510e-01,4.752709064632654190e-03,7.475879788398742676e-02,-3.154408931732177734e-01,-1.455760449171066284e-01,-1.020494624972343445e-01,-1.576310843229293823e-01,-2.608754336833953857e-01,-3.084881901741027832e-01,-1.453856471925973892e-02,-6.377764046192169189e-02,-2.041472941637039185e-01,-2.330297045409679413e-02,1.234175935387611389e-01,1.026560515165328979e-01,-1.722996383905410767e-01,-2.927982509136199951e-01,-7.217600941658020020e-02,-1.113497540354728699e-01,3.379355669021606445e-01,-1.405784785747528076e-01,-7.793641090393066406e-02,-4.641320183873176575e-02,-4.607048332691192627e-01,-2.021268308162689209e-01,-1.025469377636909485e-01,1.439313590526580811e-01,7.396247982978820801e-02,2.784293889999389648e-01,-1.283869147300720215e-01,1.713052541017532349e-01,1.388660222291946411e-01,2.973076105117797852e-01,5.604399368166923523e-02,-7.323429733514785767e-02,-8.106923103332519531e-02,-2.587104439735412598e-01,-2.386421710252761841e-01,-8.005411922931671143e-02,-4.531848728656768799e-01,5.382029712200164795e-02,-3.587758243083953857e-01,-2.099378108978271484e-01,-3.606318235397338867e-01,-3.421615362167358398e-01,8.681047707796096802e-02,5.739501863718032837e-02,1.723919957876205444e-01,2.627262473106384277e-01,-3.038895726203918457e-01,-2.475515902042388916e-01,3.101856708526611328e-01,1.406054794788360596e-01,-2.618143558502197266e-01,-3.895777165889739990e-01,1.013267263770103455e-01,-1.810261607170104980e-01,-1.216132789850234985e-01,-2.749388813972473145e-01,-7.475421577692031860e-02,-9.637663513422012329e-02,-1.850721538066864014e-01,-6.763438880443572998e-02,-8.360540866851806641e-02,-2.711012661457061768e-01,-2.551750242710113525e-01,-3.499024212360382080e-01,1.975160539150238037e-01,1.087921261787414551e-01,1.301010549068450928e-01,1.490423530340194702e-01,2.445807456970214844e-01,-3.848830610513687134e-02,1.851505972445011139e-02,-3.127112984657287598e-01,-1.892383247613906860e-01,-7.648342847824096680e-02,4.874281957745552063e-02,-6.129494309425354004e-02,1.867905072867870331e-02,1.593157202005386353e-01,-4.938740283250808716e-02,-1.024539843201637268e-01
-3.045805394649505615e-01,-7.495321333408355713e-02,5.524331331253051758e-02,2.286797612905502319e-01,7.261653542518615723e-01,0.000000000000000000e+00,1.563089042901992798e-01,3.413761854171752930e-01,6.438211798667907715e-01,7.424392700195312500e-01,-2.489388734102249146e-01,-1.872221678495407104e-01,-2.018970549106597900e-01,-2.906935811042785645e-01,-1.218811348080635071e-01,-1.972867408767342567e-03,-4.428443014621734619e-01,-3.263021111488342285e-01,2.510116994380950928e-02,-1.540745347738265991e-01,4.405927285552024841e-02,-2.463361024856567383e-01,3.121376931667327881e-01,3.662348687648773193e-01,7.262082099914550781e-01,7.118024230003356934e-01,6.163649559020996094e-01,6.910247802734375000e-01,-3.759877085685729980e-01,-3.212430477142333984e-01,-2.499938756227493286e-01,-7.259422540664672852e-02,-3.580926358699798584e-01,-2.103822082281112671e-01,8.005021512508392334e-02,2.221120148897171021e-01,-3.631011843681335449e-01,-2.060901373624801636e-01,1.646579504013061523e-01,9.415610879659652710e-02,-3.913773000240325928e-01,-2.617720365524291992e-01,-2.034249454736709595e-01,-2.671242356300354004e-01,-3.220071494579315186e-01,-2.698273062705993652e-01,-9.177806787192821503e-03,-9.272654354572296143e-02,-3.912490010261535645e-01,-4.752537906169891357e-01,-2.329549491405487061e-01,-3.355864286422729492e-01,1.861457377672195435e-01,-2.954733967781066895e-01,-1.300166398286819458e-01,-9.775748848915100098e-02,-5.215693712234497070e-01,-1.651909798383712769e-01,-2.383642792701721191e-01,1.885430067777633667e-01,-1.176205873489379883e-01,1.151659712195396423e-01,-1.175841838121414185e-01,9.895936399698257446e-02,1.312303096055984497e-01,2.838928103446960449e-01,6.655646860599517822e-02,-2.022814191877841949e-02,2.537846332415938377e-03,-1.889107674360275269e-01,-7.779195159673690796e-02,4.623230174183845520e-02,-5.264930725097656250e-01,8.181214332580566406e-02,-2.874017357826232910e-01,3.430218622088432312e-02,-1.772646605968475342e-01,-2.914850711822509766e-01,-1.521922647953033447e-01,-8.773598819971084595e-02,-1.926066167652606964e-02,7.286187261343002319e-02,-1.394322961568832397e-01,-1.574388444423675537e-01,2.149859815835952759e-01,1.283786538988351822e-02,2.177522284910082817e-03,-1.442421525716781616e-01,1.296905875205993652e-01,-1.199980080127716064e-01,-1.053819432854652405e-01,-4.105525612831115723e-01,-2.455613315105438232e-01,-2.232586145401000977e-01,-1.535504162311553955e-01,-3.009954653680324554e-02,-2.317335903644561768e-01,-3.098493218421936035e-01,-4.059928357601165771e-01,-4.049531519412994385e-01,2.881229519844055176e-01,-2.479531429708003998e-02,2.798256874084472656e-01,3.067985177040100098e-01,1.335144490003585815e-01,-1.460311859846115112e-01,1.549628525972366333e-01,-1.293200850486755371e-01,-2.262562215328216553e-01,-2.504330277442932129e-01,-1.229590177536010742e-01,-2.556644976139068604e-01,-1.466678380966186523e-01,-4.907168913632631302e-03,-2.209602892398834229e-01,-2.352415174245834351e-01
3.923152089118957520e-01,4.588592350482940674e-01,7.597948908805847168e-01,5.320625305175781250e-01,1.092482358217239380e-01,1.563089042901992798e-01,0.000000000000000000e+00,4.886904656887054443e-01,2.804930806159973145e-01,2.793474793434143066e-01,2.990747988224029541e-01,2.473472952842712402e-01,4.138905405998229980e-01,4.564173519611358643e-02,3.012089431285858154e-01,3.779324144124984741e-02,-2.504635453224182129e-01,-1.104985326528549194e-01,4.569758176803588867e-01,3.350074589252471924e-01,1.116606593132019043e-01,1.556265633553266525e-02,5.430808756500482559e-03,4.863795340061187744e-01,-6.958340108394622803e-02,-5.172537639737129211e-02,2.411435246467590332e-01,2.022004276514053345e-01,-3.125640004873275757e-02,1.566321589052677155e-02,3.163842558860778809e-01,2.636433839797973633e-01,-1.047951262444257736e-02,2.129760086536407471e-01,3.446484357118606567e-02,1.183091253042221069e-01,-2.789079248905181885e-01,-4.802067950367927551e-02,5.462099611759185791e-02,-1.069900020956993103e-01,-4.794079437851905823e-02,-6.697031855583190918e-02,-3.622284531593322754e-01,-3.217054009437561035e-01,-2.091571539640426636e-01,-3.636435270309448242e-01,-1.447922587394714355e-01,-2.679687738418579102e-01,-4.096064865589141846e-01,-4.692917466163635254e-01,-3.427166044712066650e-01,-4.977087378501892090e-01,-1.329671591520309448e-01,-5.563272833824157715e-01,2.133226580917835236e-02,-3.219013214111328125e-01,1.393316835165023804e-01,3.476250171661376953e-01,2.487215846776962280e-01,4.870447516441345215e-01,1.887453645467758179e-01,-3.042184188961982727e-02,5.732440575957298279e-02,1.564696431159973145e-02,-6.796623021364212036e-02,3.135198354721069336e-02,3.650408983230590820e-01,2.872511148452758789e-01,4.279135763645172119e-01,4.148314297199249268e-01,3.791282773017883301e-01,1.039051190018653870e-01,-3.460424020886421204e-02,2.281243056058883667e-01,1.128138676285743713e-01,2.839272096753120422e-02,1.870705485343933105e-01,-1.193411182612180710e-02,-9.196401387453079224e-02,-4.672422409057617188e-01,-1.078168824315071106e-01,-4.342440068721771240e-01,1.124150529503822327e-01,-5.296937376260757446e-02,1.609316468238830566e-01,-5.422968864440917969e-01,3.624656498432159424e-01,1.754040122032165527e-01,2.392581254243850708e-01,-4.245704412460327148e-01,7.194446772336959839e-02,-4.978788495063781738e-01,-3.202702105045318604e-01,-4.567029774188995361e-01,-9.128326177597045898e-02,-5.695399641990661621e-02,-1.738129109144210815e-01,-3.901391625404357910e-01,-3.082027733325958252e-01,-3.516638278961181641e-01,4.690267443656921387e-01,-3.006599843502044678e-01,4.781868457794189453e-01,2.420875430107116699e-01,-9.536705166101455688e-02,-3.034989833831787109e-01,2.564294636249542236e-01,5.124432593584060669e-02,-3.938404470682144165e-02,-2.648450434207916260e-01,-4.508072137832641602e-01,-4.797140061855316162e-01,-3.439984321594238281e-01,-2.055663168430328369e-01,-3.060945868492126465e-01,-4.089730232954025269e-02
1.506355851888656616e-01,2.875871360301971436e-01,3.769436776638031006e-01,5.437418818473815918e-01,3.327047526836395264e-01,3.413761854171752930e-01,4.886904656887054443e-01,0.000000000000000000e+00,3.740777075290679932e-01,3.860212862491607666e-01,9.008081257343292236e-02,2.709783017635345459e-01,1.027524396777153015e-01,1.895999014377593994e-01,3.708153218030929565e-02,1.460531057091429830e-04,-1.472076326608657837e-01,-9.715459309518337250e-03,4.775222837924957275e-01,2.839810252189636230e-01,-1.199019607156515121e-02,-1.891193538904190063e-01,2.931093871593475342e-01,4.615302383899688721e-01,2.879736125469207764e-01,2.116241753101348877e-01,3.648463785648345947e-01,3.028389513492584229e-01,-1.251450628042221069e-01,4.648992419242858887e-02,8.771678060293197632e-02,2.452791482210159302e-01,3.141127154231071472e-02,2.344330996274948120e-01,1.026087533682584763e-02,1.814242601394653320e-01,-3.764743506908416748e-01,-1.596609801054000854e-01,3.668578341603279114e-02,-6.856102496385574341e-02,-2.144222706556320190e-01,5.077120289206504822e-02,-3.927792012691497803e-01,-3.431330919265747070e-01,-3.419249951839447021e-01,-3.519996106624603271e-01,-1.604643613100051880e-01,-2.343742996454238892e-01,-4.531320929527282715e-01,-4.609919488430023193e-01,-3.623201251029968262e-01,-4.274772405624389648e-01,-2.876705303788185120e-02,-4.251702129840850830e-01,-1.152666732668876648e-01,-3.229634165763854980e-01,4.612865298986434937e-02,1.711048632860183716e-01,-2.789826132357120514e-02,2.262639701366424561e-01,7.467663288116455078e-02,1.131423711776733398e-01,1.721660792827606201e-01,1.041352823376655579e-01,9.811847656965255737e-02,2.002257406711578369e-01,1.634410172700881958e-01,-4.050795454531908035e-03,2.585847675800323486e-01,1.123309284448623657e-01,2.385364770889282227e-01,1.501675695180892944e-01,-2.011903226375579834e-01,2.166478782892227173e-01,-1.361220329999923706e-01,1.238303352147340775e-02,1.604533344507217407e-01,1.766326278448104858e-02,-6.707171350717544556e-02,-3.063074052333831787e-01,4.777330160140991211e-02,-1.193697005510330200e-01,-5.607010796666145325e-02,-1.602464020252227783e-01,2.077736705541610718e-01,-2.819242775440216064e-01,8.174473047256469727e-02,-1.246067360043525696e-01,1.556477397680282593e-01,-3.680809140205383301e-01,-1.333273649215698242e-01,-4.997500777244567871e-01,-2.855495810508728027e-01,-4.110734760761260986e-01,-1.019112765789031982e-01,-4.864264337811619043e-04,-1.677096784114837646e-01,-3.382052779197692871e-01,-3.493024408817291260e-01,-3.187089860439300537e-01,4.208099544048309326e-01,-1.014468148350715637e-01,3.420265018939971924e-01,2.409890145063400269e-01,-8.466616272926330566e-03,-2.065285742282867432e-01,1.264331936836242676e-01,-1.415684670209884644e-01,-1.469179540872573853e-01,-2.081510126590728760e-01,-2.674009203910827637e-01,-3.941234350204467773e-01,-3.562643826007843018e-01,-1.511846780776977539e-01,-1.867102235555648804e-01,-2.149627953767776489e-01
-2.064192593097686768e-01,1.246093884110450745e-01,1.513367891311645508e-01,4.065716266632080078e-01,7.205265164375305176e-01,6.438211798667907715e-01,2.804930806159973145e-01,3.740777075290679932e-01,0.000000000000000000e+00,7.350869774818420410e-01,-1.021574530750513077e-02,3.546066582202911377e-02,4.993588849902153015e-02,4.923101980239152908e-03,-2.556572556495666504e-01,-2.335857748985290527e-01,-3.836764991283416748e-01,-2.554176449775695801e-01,2.133240699768066406e-01,1.219390407204627991e-01,-9.625040739774703979e-02,6.964170839637517929e-03,2.222835868597030640e-01,2.970663011074066162e-01,5.070107579231262207e-01,6.362351179122924805e-01,3.436937034130096436e-01,5.329662561416625977e-01,-2.420383244752883911e-01,-2.007795274257659912e-01,-2.431464344263076782e-01,-1.137411445379257202e-01,-2.093105614185333252e-01,-1.345098484307527542e-02,2.966010570526123047e-02,-3.120893612504005432e-02,-2.516365051269531250e-01,1.260702125728130341e-02,-1.875895410776138306e-01,-2.638503909111022949e-01,-2.178347110748291016e-01,-3.485243320465087891e-01,-7.089438289403915405e-02,-2.570270560681819916e-03,-2.087430953979492188e-01,5.563056562095880508e-03,7.183013856410980225e-02,1.116024181246757507e-01,-1.940383613109588623e-01,-3.510563373565673828e-01,-8.757027983665466309e-02,-1.543755084276199341e-01,2.573258578777313232e-01,-2.689796686172485352e-01,-1.631214171648025513e-01,-4.907795041799545288e-02,-3.426401317119598389e-01,-9.926816448569297791e-03,-7.610853761434555054e-02,3.245356976985931396e-01,1.258389353752136230e-01,3.368012011051177979e-01,-2.171667963266372681e-01,1.789467334747314453e-01,1.529992222785949707e-01,3.541195690631866455e-01,2.061422467231750488e-01,1.336518079042434692e-01,6.448012590408325195e-02,-4.873823747038841248e-02,-1.340749114751815796e-01,-9.111476689577102661e-02,-3.605303764343261719e-01,3.012443333864212036e-02,-2.004334628582000732e-01,-2.532751560211181641e-01,-3.155618309974670410e-01,-3.117862045764923096e-01,1.472155898809432983e-01,-2.829738892614841461e-02,1.522096991539001465e-01,1.822224855422973633e-01,-2.287632077932357788e-01,-2.665653228759765625e-01,2.891952991485595703e-01,6.142547726631164551e-02,-2.017997801303863525e-01,-3.252480626106262207e-01,7.928851246833801270e-02,-3.190549612045288086e-01,-2.006734162569046021e-01,-3.542667329311370850e-01,-2.321335375308990479e-01,-2.191195189952850342e-01,-1.368491798639297485e-01,-3.678753273561596870e-03,-8.211768418550491333e-02,-2.635096013545989990e-01,-2.067771852016448975e-01,-3.405022621154785156e-01,2.671373784542083740e-01,4.297077283263206482e-02,1.678044646978378296e-01,1.023183017969131470e-01,1.946724355220794678e-01,-9.521401673555374146e-02,1.359173748642206192e-02,-3.585203289985656738e-01,-1.370726227760314941e-01,-3.926413506269454956e-02,-5.945242568850517273e-02,-7.031093537807464600e-02,-7.616363465785980225e-02,1.607798784971237183e-01,-7.508438080549240112e-02,1.127882674336433411e-02
-1.962976753711700439e-01,-3.077511116862297058e-02,1.199885681271553040e-01,3.290998935699462891e-01,6.896280646324157715e-01,7.424392700195312500e-01,2.793474793434143066e-01,3.860212862491607666e-01,7.350869774818420410e-01,0.000000000000000000e+00,-8.131621778011322021e-02,-6.602150201797485352e-02,-2.623452991247177124e-02,-1.203238442540168762e-01,-1.458148956298828125e-01,2.810616046190261841e-02,-4.223182499408721924e-01,-3.739081025123596191e-01,1.002734303474426270e-01,-6.699766963720321655e-02,1.603367365896701813e-02,-9.283255785703659058e-02,2.775283753871917725e-01,3.708164691925048828e-01,5.868719220161437988e-01,6.750891804695129395e-01,4.858238995075225830e-01,5.885203480720520020e-01,-2.943544089794158936e-01,-2.445634603500366211e-01,-2.296980172395706177e-01,-6.360676884651184082e-02,-3.487394452095031738e-01,-1.855991631746292114e-01,1.215890422463417053e-02,6.596251577138900757e-02,-2.912246584892272949e-01,-1.286773383617401123e-01,-3.871156647801399231e-02,-6.961131840944290161e-02,-2.771739661693572998e-01,-3.437862396240234375e-01,-9.198794513940811157e-02,-1.432242691516876221e-01,-2.194992303848266602e-01,-1.489295065402984619e-01,9.227567911148071289e-02,3.867226466536521912e-02,-3.109394609928131104e-01,-4.283325970172882080e-01,-1.751646846532821655e-01,-2.474645227193832397e-01,2.022296786308288574e-01,-2.589879333972930908e-01,-1.433248370885848999e-01,-3.685748577117919922e-02,-4.589469134807586670e-01,-1.571784019470214844e-01,-1.311382055282592773e-01,2.404606938362121582e-01,3.686492564156651497e-03,1.777657717466354370e-01,-2.345482707023620605e-01,2.506585791707038879e-02,1.211583316326141357e-01,2.570607662200927734e-01,1.823393404483795166e-01,3.250600770115852356e-02,6.903846561908721924e-02,-9.649708122014999390e-02,-1.168072968721389771e-01,-8.298738859593868256e-03,-4.996337890625000000e-01,2.750300057232379913e-02,-1.790677607059478760e-01,-3.006640635430812836e-02,-2.165683805942535400e-01,-2.231523990631103516e-01,-2.883825451135635376e-02,-2.601906098425388336e-02,4.064134787768125534e-03,9.575042873620986938e-02,-1.469613164663314819e-01,-1.879359185695648193e-01,1.784064918756484985e-01,2.483940310776233673e-02,-1.176998615264892578e-01,-2.352993488311767578e-01,7.021744549274444580e-02,-1.792178601026535034e-01,-1.384659707546234131e-01,-3.679801821708679199e-01,-2.384413182735443115e-01,-1.901696473360061646e-01,-1.472783237695693970e-01,-2.887492999434471130e-02,-1.724440008401870728e-01,-3.213827610015869141e-01,-3.795187473297119141e-01,-4.273853003978729248e-01,2.513214051723480225e-01,1.284093689173460007e-02,2.012197673320770264e-01,2.237946540117263794e-01,1.288527250289916992e-01,-1.283404678106307983e-01,8.322602510452270508e-02,-2.054329514503479004e-01,-1.720157116651535034e-01,-1.635287702083587646e-01,-1.459636837244033813e-01,-2.201929092407226562e-01,-1.652058809995651245e-01,3.765728324651718140e-02,-1.611417979001998901e-01,-1.222758442163467407e-01
3.866257667541503906e-01,1.938503831624984741e-01,2.046325057744979858e-01,1.482845842838287354e-01,-1.070820242166519165e-01,-2.489388734102249146e-01,2.990747988224029541e-01,9.008081257343292236e-02,-1.021574530750513077e-02,-8.131621778011322021e-02,0.000000000000000000e+00,6.051466464996337891e-01,5.661960244178771973e-01,5.315714478492736816e-01,-3.000077977776527405e-02,-1.871564984321594238e-01,2.410951107740402222e-01,1.103027015924453735e-01,2.808721065521240234e-01,3.492024242877960205e-01,-1.382581442594528198e-01,1.046100631356239319e-01,-1.621322929859161377e-01,-1.316733360290527344e-01,-3.272397816181182861e-01,-2.207120060920715332e-01,-3.116843700408935547e-01,-2.145981192588806152e-01,2.295173108577728271e-01,-2.341577038168907166e-02,2.431920766830444336e-01,1.658855825662612915e-01,1.873798966407775879e-01,2.774251997470855713e-01,-2.267154157161712646e-01,-2.759405076503753662e-01,1.147921662777662277e-02,-3.615222638472914696e-03,-3.437719345092773438e-01,-3.635692894458770752e-01,3.426815867424011230e-01,4.137865453958511353e-02,1.004125997424125671e-01,1.743509471416473389e-01,4.295469820499420166e-02,1.300232559442520142e-01,9.542689472436904907e-02,1.342415362596511841e-01,1.337889730930328369e-01,1.069832742214202881e-01,2.701032161712646484e-02,8.521473407745361328e-02,-3.627000376582145691e-02,1.699231006205081940e-02,5.325271189212799072e-02,8.875729516148567200e-03,3.256378173828125000e-01,1.818038523197174072e-01,3.426204621791839600e-01,7.457331568002700806e-02,5.271409153938293457e-01,3.040279448032379150e-01,2.296432554721832275e-01,3.094208836555480957e-01,-1.480635851621627808e-01,-3.018594719469547272e-02,-1.666201055049896240e-01,-3.338531777262687683e-02,5.347998812794685364e-02,2.246110737323760986e-01,6.468689441680908203e-02,1.052235215902328491e-01,3.300924599170684814e-01,1.216467246413230896e-01,-3.801747225224971771e-03,-2.049241513013839722e-01,2.822020277380943298e-02,1.401569396257400513e-01,1.618217676877975464e-01,-4.621924459934234619e-02,1.885728095658123493e-03,-7.385304570198059082e-02,-1.453088074922561646e-01,-1.011455357074737549e-01,-6.707365810871124268e-02,-1.179549172520637512e-01,-1.031035110354423523e-01,-1.141868755221366882e-01,-6.810571253299713135e-02,-9.934108704328536987e-02,-7.548759132623672485e-02,7.120868563652038574e-02,-7.228912413120269775e-02,-2.492937631905078888e-02,-2.008773684501647949e-01,-1.327942609786987305e-01,2.588889375329017639e-02,4.968070983886718750e-02,1.698970943689346313e-01,6.307611614465713501e-02,1.611449010670185089e-02,1.211911290884017944e-01,-8.352630585432052612e-02,-9.543457627296447754e-02,-2.709500305354595184e-02,-2.007311955094337463e-02,1.401235349476337433e-03,2.115877158939838409e-02,8.098778873682022095e-02,1.475689858198165894e-01,-3.563120961189270020e-02,1.001851633191108704e-01,9.324086457490921021e-02,4.558711498975753784e-02,6.706531345844268799e-02,1.408758461475372314e-01
3.174982070922851562e-01,3.766348958015441895e-01,1.784000098705291748e-01,1.862649619579315186e-01,-5.944219604134559631e-02,-1.872221678495407104e-01,2.473472952842712402e-01,2.709783017635345459e-01,3.546066582202911377e-02,-6.602150201797485352e-02,6.051466464996337891e-01,0.000000000000000000e+00,4.380368590354919434e-01,6.770756244659423828e-01,-5.077091977000236511e-02,-1.835875064134597778e-01,1.426087319850921631e-01,3.404317498207092285e-01,3.515182137489318848e-01,4.457483589649200439e-01,-2.064212262630462646e-01,9.996118955314159393e-03,-2.294393628835678101e-01,-1.761159449815750122e-01,-2.138585895299911499e-01,-1.967457681894302368e-01,-1.874148547649383545e-01,-1.633663624525070190e-01,1.146208345890045166e-01,1.422821581363677979e-01,1.664474308490753174e-01,1.355977952480316162e-01,1.510047316551208496e-01,2.887053787708282471e-01,-1.175428405404090881e-01,-1.711761951446533203e-01,-5.810858681797981262e-02,6.036044284701347351e-02,-3.221326768398284912e-01,-4.115379154682159424e-01,1.508341431617736816e-01,1.187886595726013184e-01,-1.400401536375284195e-02,8.319040387868881226e-02,-9.633226320147514343e-03,6.711914390325546265e-02,3.231306746602058411e-02,4.153745993971824646e-02,6.951013207435607910e-02,8.490525931119918823e-02,2.867340296506881714e-02,2.142704091966152191e-02,-2.688976936042308807e-02,-7.865305989980697632e-02,-4.182445630431175232e-02,-1.300143301486968994e-01,3.193300366401672363e-01,3.387236893177032471e-01,2.420715838670730591e-01,1.241758093237876892e-01,4.499193429946899414e-01,3.031588494777679443e-01,2.510074377059936523e-01,4.282748699188232422e-01,-4.720949754118919373e-02,1.260220259428024292e-01,-1.326339840888977051e-01,-1.201654877513647079e-02,1.161716952919960022e-01,2.776423990726470947e-01,1.518216282129287720e-01,1.325555741786956787e-01,2.849804461002349854e-01,3.554021120071411133e-01,-7.255131006240844727e-02,-2.325961738824844360e-01,1.076067909598350525e-01,1.854724586009979248e-01,4.055343940854072571e-02,-1.345542967319488525e-01,-8.119448088109493256e-03,-8.111362904310226440e-02,-2.414986938238143921e-01,-1.324575245380401611e-01,7.927205413579940796e-03,-1.817710548639297485e-01,-1.264451891183853149e-01,-1.262793242931365967e-01,-8.555387705564498901e-02,-2.231570035219192505e-01,-5.617087334394454956e-02,-1.904423534870147705e-02,-2.590971253812313080e-02,-1.110623851418495178e-01,-3.036915957927703857e-01,-2.040007859468460083e-01,-5.482873693108558655e-02,1.672058366239070892e-02,1.932688802480697632e-01,5.310424789786338806e-02,1.245303750038146973e-01,1.089598145335912704e-02,1.479863375425338745e-02,-6.991200149059295654e-02,7.197126746177673340e-02,-6.918854266405105591e-02,8.827058970928192139e-02,-2.216384559869766235e-02,1.101583391427993774e-01,1.604127585887908936e-01,8.540690876543521881e-03,4.401182383298873901e-02,7.378018647432327271e-02,5.624663829803466797e-02,1.185863539576530457e-01,3.864663094282150269e-02
3.043141961097717285e-01,2.112439125776290894e-01,3.323748111724853516e-01,2.107141613960266113e-01,-1.646056920289993286e-01,-2.018970549106597900e-01,4.138905405998229980e-01,1.027524396777153015e-01,4.993588849902153015e-02,-2.623452991247177124e-02,5.661960244178771973e-01,4.380368590354919434e-01,0.000000000000000000e+00,4.153657257556915283e-01,8.987799286842346191e-02,-1.462505459785461426e-01,-5.744133610278367996e-03,-5.628142505884170532e-02,1.725429445505142212e-01,2.324165850877761841e-01,-2.175381034612655640e-01,1.012280732393264771e-01,-2.080740220844745636e-02,1.040503978729248047e-01,-3.376940488815307617e-01,-2.140241116285324097e-01,-3.228315114974975586e-01,-1.886758208274841309e-01,1.833797618746757507e-02,-1.170669421553611755e-01,2.424977272748947144e-01,1.578513830900192261e-01,1.436655819416046143e-01,2.147887349128723145e-01,-4.827653244137763977e-02,-2.110145837068557739e-01,1.534404046833515167e-02,-2.039896789938211441e-03,-2.549869120121002197e-01,-2.763338387012481689e-01,1.780511438846588135e-01,-4.657092317938804626e-02,4.662102088332176208e-02,1.472198814153671265e-01,5.451120436191558838e-02,9.031991660594940186e-02,7.223366410471498966e-04,5.081330239772796631e-02,3.605647757649421692e-02,4.215240105986595154e-02,3.617781028151512146e-02,6.459470838308334351e-02,-8.525995537638664246e-03,-1.344989519566297531e-02,-8.194988593459129333e-03,6.351735442876815796e-02,1.521544009447097778e-01,1.528750061988830566e-01,1.070098727941513062e-01,9.482346475124359131e-02,2.906554341316223145e-01,1.605395227670669556e-01,-4.937342181801795959e-02,1.380036026239395142e-01,1.661642268300056458e-02,9.178581833839416504e-02,1.069725397974252701e-02,1.424780935049057007e-01,1.334370020776987076e-02,2.207791060209274292e-01,1.626120358705520630e-01,7.425188273191452026e-02,2.965221405029296875e-01,5.690684542059898376e-02,1.259056329727172852e-01,-1.197267472743988037e-01,7.253982871770858765e-02,9.287530183792114258e-02,3.336796164512634277e-02,-2.092621624469757080e-01,-1.362001895904541016e-01,-1.725356280803680420e-01,3.307097032666206360e-02,-6.441593915224075317e-02,-5.775738507509231567e-02,-8.131545782089233398e-02,1.781247369945049286e-02,4.714301228523254395e-02,-3.757773712277412415e-02,-1.279538124799728394e-01,9.307610802352428436e-03,9.147167205810546875e-02,-5.049805622547864914e-03,1.056315493769943714e-03,-1.383394002914428711e-01,-5.318770185112953186e-02,-8.133413642644882202e-02,2.337534539401531219e-02,1.476628184318542480e-01,-2.819496020674705505e-02,-1.618808507919311523e-02,-3.699462860822677612e-02,-1.916095265187323093e-03,-1.774155348539352417e-01,-1.003707721829414368e-01,-9.550936520099639893e-02,1.246768236160278320e-02,-5.825870856642723083e-02,6.659011822193861008e-03,1.119282692670822144e-01,-1.934134513139724731e-01,7.969411462545394897e-02,-2.031167969107627869e-02,1.360763907432556152e-01,6.191460788249969482e-02,8.460181951522827148e-02
