0.000000000000000000e+00,7.682361602783203125e-01,3.290776312351226807e-01,2.593499422073364258e-01,2.018862366676330566e-01,1.029345467686653137e-01,4.580945372581481934e-01,1.553903967142105103e-01,1.218425780534744263e-01,-1.273844242095947266e-01,4.591494500637054443e-01,4.455163478851318359e-01,3.480779528617858887e-01,2.093372046947479248e-01,-4.118116199970245361e-02,-7.829212397336959839e-02,2.552916407585144043e-01,2.708140909671783447e-01,5.644876360893249512e-01,4.128855168819427490e-01,-1.083354651927947998e-01,-1.746741533279418945e-01,7.988001219928264618e-03,5.765111651271581650e-03,-6.175449490547180176e-02,8.799830824136734009e-02,2.419712394475936890e-02,6.631321460008621216e-02,4.297589063644409180e-01,2.129296958446502686e-01,2.485846281051635742e-01,2.331824451684951782e-01,3.822009563446044922e-01,1.786841005086898804e-01,-2.543885819613933563e-02,-1.841084286570549011e-02,-2.481676042079925537e-01,-2.907981276512145996e-01,-2.649062275886535645e-01,-2.892883121967315674e-01,-1.216356977820396423e-01,-1.696610450744628906e-01,-3.616625070571899414e-01,-2.676528692245483398e-01,-1.338212490081787109e-01,-6.258324719965457916e-03,-2.098326385021209717e-01,-2.812845706939697266e-01,-3.727565286681056023e-03,-5.610479786992073059e-02,-1.338268965482711792e-01,-5.473596230149269104e-02,-3.486625552177429199e-01,-3.108574450016021729e-01,-5.420464277267456055e-01,-9.296080470085144043e-02,7.561700344085693359e-01,6.914289593696594238e-01,4.931690096855163574e-01,4.149790406227111816e-01,2.488375306129455566e-01,2.536633014678955078e-01,2.498996555805206299e-01,2.864905297756195068e-01,1.070033013820648193e-01,9.224961698055267334e-02,9.614076465368270874e-02,-9.140213020145893097e-03,5.020110011100769043e-01,4.244152605533599854e-01,2.106309980154037476e-01,2.435048967599868774e-01,3.518948853015899658e-01,3.424622714519500732e-01,2.548528090119361877e-02,8.592554181814193726e-02,-3.306743502616882324e-02,9.511964023113250732e-02,9.316915273666381836e-02,2.950308620929718018e-01,3.482803404331207275e-01,4.339969158172607422e-01,-2.564455568790435791e-01,-1.575351357460021973e-01,5.365314427763223648e-03,3.763468563556671143e-01,-2.965621054172515869e-01,-1.726178675889968872e-01,-3.345768749713897705e-01,-5.666704382747411728e-03,-4.953487813472747803e-01,-4.025328159332275391e-01,-4.028964638710021973e-01,-4.182762801647186279e-01,-1.219919249415397644e-01,-1.156026348471641541e-01,-5.562382191419601440e-02,1.208565458655357361e-01,-2.696820497512817383e-01,-7.150634378194808960e-02,1.062899231910705566e-01,-1.622774451971054077e-01,-3.454469740390777588e-01,1.416816264390945435e-01,-2.089430391788482666e-01,-2.751989290118217468e-02,-4.210680723190307617e-01,-6.515528541058301926e-03,3.377282246947288513e-02,1.001712605357170105e-01,-1.366866677999496460e-01,4.921108856797218323e-02,-4.090833663940429688e-01,4.120894521474838257e-02,-2.994952164590358734e-02,2.073643170297145844e-02
7.682361602783203125e-01,0.000000000000000000e+00,3.688767850399017334e-01,2.601466476917266846e-01,1.419582664966583252e-01,9.982868796214461327e-04,3.824543356895446777e-01,7.023773342370986938e-02,1.558787822723388672e-01,-1.597095876932144165e-01,3.390565216541290283e-01,3.970821499824523926e-01,2.526292204856872559e-01,8.190981298685073853e-02,-3.132688999176025391e-02,-1.283620893955230713e-01,2.127067744731903076e-01,2.820349335670471191e-01,5.443274974822998047e-01,4.683336317539215088e-01,-6.526608765125274658e-02,-1.814627349376678467e-01,9.139441698789596558e-02,4.695490747690200806e-02,-6.909373402595520020e-02,8.537683635950088501e-02,2.301301620900630951e-02,9.407819807529449463e-02,2.990801334381103516e-01,1.709870547056198120e-01,2.272813171148300171e-01,1.891492754220962524e-01,3.828150033950805664e-01,2.202978879213333130e-01,1.888323575258255005e-02,-1.783813349902629852e-02,-1.831818073987960815e-01,-2.813178598880767822e-01,-2.995350658893585205e-01,-3.007030189037322998e-01,-1.570805758237838745e-01,-2.298058718442916870e-01,-3.695350289344787598e-01,-2.990592122077941895e-01,-1.400895714759826660e-01,-8.370871655642986298e-04,-1.510269939899444580e-01,-3.026210367679595947e-01,-3.572581103071570396e-03,-8.813761919736862183e-02,-1.673385947942733765e-01,-1.274559348821640015e-01,-3.294997513294219971e-01,-2.468214631080627441e-01,-5.102956891059875488e-01,-1.525648534297943115e-01,7.984903454780578613e-01,7.669892907142639160e-01,4.179110825061798096e-01,3.708737194538116455e-01,1.556688845157623291e-01,2.036109566688537598e-01,1.574563086032867432e-01,2.101609408855438232e-01,1.511781960725784302e-01,1.027186587452888489e-01,1.451822817325592041e-01,2.711811661720275879e-02,6.436467766761779785e-01,4.742887020111083984e-01,1.026215776801109314e-01,1.428953260183334351e-01,2.924436628818511963e-01,2.651681602001190186e-01,1.801787316799163818e-02,1.447821855545043945e-01,-8.165362477302551270e-02,1.026277691125869751e-01,-4.159525502473115921e-03,3.098947107791900635e-01,3.439939320087432861e-01,4.020937681198120117e-01,-2.486884146928787231e-01,-1.878047883510589600e-01,-6.140328571200370789e-02,3.379239439964294434e-01,-2.923364341259002686e-01,-1.719842702150344849e-01,-3.250818550586700439e-01,-5.779362842440605164e-02,-4.136970937252044678e-01,-3.018836379051208496e-01,-3.238577544689178467e-01,-3.143134415149688721e-01,-1.507810652256011963e-01,-6.987520307302474976e-02,-3.724998980760574341e-02,1.333252489566802979e-01,-2.411950826644897461e-01,-4.935666173696517944e-02,9.635822474956512451e-02,-1.250595897436141968e-01,-2.876822650432586670e-01,1.286853104829788208e-01,-1.586969792842864990e-01,-1.076888106763362885e-02,-3.320597708225250244e-01,6.338065117597579956e-02,-2.684507146477699280e-02,8.079350739717483521e-02,-1.197546720504760742e-01,9.714139997959136963e-02,-3.198460638523101807e-01,-3.997901454567909241e-02,-2.612489275634288788e-02,5.066029727458953857e-02
3.290776312351226807e-01,3.688767850399017334e-01,0.000000000000000000e+00,5.716076493263244629e-01,1.677334457635879517e-01,-2.617737464606761932e-02,5.741513371467590332e-01,1.242835074663162231e-01,1.756765395402908325e-01,-8.822089433670043945e-02,-8.154480718076229095e-03,1.771454215049743652e-01,2.210628837347030640e-01,2.142992336302995682e-03,1.742587089538574219e-01,4.651224985718727112e-02,-1.435548067092895508e-02,-4.156198352575302124e-02,5.036672353744506836e-01,4.001101255416870117e-01,4.855544492602348328e-02,-2.406755089759826660e-02,6.155883073806762695e-01,5.929099917411804199e-01,1.165206059813499451e-01,3.093422949314117432e-01,1.259047091007232666e-01,1.149854511022567749e-01,1.333987861871719360e-01,1.936747133731842041e-02,2.679329514503479004e-01,3.400585055351257324e-01,4.389873743057250977e-01,3.362236022949218750e-01,4.645231068134307861e-01,3.278280794620513916e-01,-7.925266772508621216e-02,-1.974249780178070068e-01,-1.813738644123077393e-01,-1.925253123044967651e-01,-8.096199482679367065e-02,-2.267653197050094604e-01,-1.496261209249496460e-01,-1.202750056982040405e-01,-1.797327212989330292e-02,-3.291388973593711853e-02,-1.395970731973648071e-01,-1.584017872810363770e-01,-6.522626429796218872e-02,-1.873437911272048950e-01,-3.041492104530334473e-01,-2.712569236755371094e-01,-3.551581203937530518e-01,-2.631846666336059570e-01,-4.525306224822998047e-01,-1.782943159341812134e-01,3.513774275779724121e-01,3.508852720260620117e-01,-8.337821066379547119e-02,4.432570561766624451e-02,9.353007376194000244e-02,1.849324405193328857e-01,9.597499668598175049e-02,1.004548147320747375e-01,3.740109503269195557e-01,3.457134664058685303e-01,4.557963013648986816e-01,2.964182198047637939e-01,4.859151542186737061e-01,3.997702598571777344e-01,2.062588334083557129e-01,2.881118357181549072e-01,3.122608661651611328e-01,2.881146967411041260e-01,-2.129617705941200256e-02,1.828357130289077759e-01,1.540240347385406494e-01,2.342575192451477051e-01,1.454803906381130219e-02,2.594877481460571289e-01,1.605461984872817993e-01,1.921591460704803467e-01,-2.349192500114440918e-01,-2.110591679811477661e-01,7.995563745498657227e-02,2.814598679542541504e-01,-2.488436698913574219e-01,-6.137875095009803772e-02,-2.072119712829589844e-01,1.203327067196369171e-02,-3.054860830307006836e-01,-2.252766788005828857e-01,-2.853403389453887939e-01,-2.230614423751831055e-01,1.061400100588798523e-01,-5.788048729300498962e-02,2.650578878819942474e-02,3.940624371170997620e-02,-3.046807646751403809e-01,-2.364458888769149780e-02,-4.174355044960975647e-02,-2.007879465818405151e-01,-3.467656075954437256e-01,3.068891726434230804e-02,-2.777447700500488281e-01,-8.739094436168670654e-02,-1.923760771751403809e-01,2.511032521724700928e-01,9.815864264965057373e-02,1.794981360435485840e-01,7.874383777379989624e-02,-2.238421738147735596e-01,-3.411113321781158447e-01,-9.023859351873397827e-02,2.802051603794097900e-02,1.825529383495450020e-03
2.593499422073364258e-01,2.601466476917266846e-01,5.716076493263244629e-01,0.000000000000000000e+00,2.055016756057739258e-01,-1.398993004113435745e-02,5.713021159172058105e-01,4.887819588184356689e-01,2.773212492465972900e-01,1.439985167235136032e-02,3.341645002365112305e-02,3.074198365211486816e-01,1.871725171804428101e-01,1.164752095937728882e-01,2.849059924483299255e-02,1.940887868404388428e-01,-5.376176163554191589e-02,-1.220194771885871887e-01,4.488015472888946533e-01,4.754103124141693115e-01,-4.923807084560394287e-02,-1.364288032054901123e-01,4.534565806388854980e-01,6.681277155876159668e-01,-1.224114149808883667e-01,2.404041290283203125e-01,-1.920076832175254822e-02,-1.809267140924930573e-02,1.640904694795608521e-01,5.946155264973640442e-02,2.061184793710708618e-01,3.504523336887359619e-01,4.688391387462615967e-01,4.841789901256561279e-01,3.659571707248687744e-01,2.378530949354171753e-01,-1.841330081224441528e-01,-2.371198385953903198e-01,-2.420512586832046509e-01,-2.612797617912292480e-01,-1.334290355443954468e-01,-2.651650905609130859e-01,1.012945268303155899e-02,1.206431984901428223e-01,1.169513240456581116e-01,1.080222278833389282e-01,-1.066736280918121338e-01,-1.007540822029113770e-01,4.215300083160400391e-02,-8.088692277669906616e-02,-1.993357986211776733e-01,-1.984510272741317749e-01,-3.848778605461120605e-01,-2.219516187906265259e-01,-3.974606096744537354e-01,-7.454762607812881470e-02,1.850079596042633057e-01,1.494410187005996704e-01,8.240673691034317017e-02,2.617960870265960693e-01,2.487786710262298584e-01,4.487964808940887451e-01,1.721138879656791687e-02,1.860670745372772217e-01,1.555615514516830444e-01,4.228916764259338379e-01,4.450336992740631104e-01,4.807506799697875977e-01,3.932458460330963135e-01,2.379284203052520752e-01,2.432718724012374878e-01,2.548934817314147949e-01,3.846013545989990234e-01,3.278716802597045898e-01,1.378242950886487961e-02,2.094112485647201538e-01,6.266530603170394897e-02,2.688260078430175781e-01,-2.494969591498374939e-02,1.168505847454071045e-01,1.248611435294151306e-01,9.665784239768981934e-02,-3.351697623729705811e-01,-2.840522229671478271e-01,-1.258849054574966431e-01,2.412840425968170166e-01,-3.163922131061553955e-01,-1.505767256021499634e-01,-3.268051743507385254e-01,1.364600285887718201e-02,-3.194187879562377930e-01,-2.547936737537384033e-01,-3.103557825088500977e-01,-2.910034358501434326e-01,4.582856316119432449e-03,-1.898514628410339355e-01,-1.634532064199447632e-01,-9.024845808744430542e-02,-1.508191227912902832e-01,-4.041530657559633255e-03,-4.403879400342702866e-03,-2.377212494611740112e-01,-3.200703263282775879e-01,5.439315363764762878e-02,-3.027968406677246094e-01,-6.374055892229080200e-02,-1.952722966670989990e-01,1.518368870019912720e-01,1.392730325460433960e-01,6.581524014472961426e-02,-1.991960778832435608e-02,-1.868302971124649048e-01,-3.353567719459533691e-01,6.287938356399536133e-02,5.896129086613655090e-02,-8.195143938064575195e-02
2.018862366676330566e-01,1.419582664966583252e-01,1.677334457635879517e-01,2.055016756057739258e-01,0.000000000000000000e+00,2.461271584033966064e-01,1.560771167278289795e-01,1.740758270025253296e-01,6.342703104019165039e-01,3.342882692813873291e-01,-5.211389623582363129e-03,2.267224490642547607e-01,2.020842134952545166e-01,9.284713119268417358e-02,4.231575727462768555e-01,3.416179716587066650e-01,6.640128046274185181e-02,1.424475014209747314e-01,2.997800707817077637e-01,2.440434843301773071e-01,3.625530749559402466e-02,1.563310325145721436e-01,2.427607029676437378e-01,2.726062834262847900e-01,1.570765227079391479e-01,4.828798770904541016e-01,3.046814203262329102e-01,3.511242866516113281e-01,1.975638419389724731e-01,1.410222202539443970e-01,1.878454536199569702e-01,3.190686702728271484e-01,2.144071459770202637e-01,2.523280978202819824e-01,1.518298536539077759e-01,9.642225503921508789e-02,-1.047619655728340149e-01,-1.466706842184066772e-01,-4.043000191450119019e-02,-4.063233360648155212e-02,-7.727003097534179688e-02,-1.338134258985519409e-01,-2.193593084812164307e-01,-1.336159557104110718e-01,-1.256470978260040283e-01,-6.527818739414215088e-02,-2.463660985231399536e-01,-1.705520004034042358e-01,-2.406473755836486816e-01,-2.724466025829315186e-01,-4.225756227970123291e-01,-3.468686640262603760e-01,-2.842662334442138672e-01,-3.469903767108917236e-01,-1.676224321126937866e-01,-2.051014453172683716e-02,9.953421354293823242e-02,9.621042758226394653e-02,7.512992713600397110e-03,1.945981173776090145e-03,9.801898151636123657e-02,2.216273248195648193e-01,5.294781923294067383e-02,9.719311445951461792e-02,1.463679820299148560e-01,1.731907427310943604e-01,1.284809410572052002e-01,1.159842461347579956e-01,1.436193436384201050e-01,1.021940037608146667e-01,2.862589657306671143e-01,2.384796887636184692e-01,2.219653278589248657e-01,1.441417038440704346e-01,1.220316588878631592e-01,3.583041951060295105e-02,-1.050936337560415268e-02,7.827283442020416260e-02,9.263668954372406006e-02,1.835384815931320190e-01,2.871339023113250732e-01,2.648378908634185791e-01,-8.489752560853958130e-02,-3.816501423716545105e-02,5.516587570309638977e-02,1.506357789039611816e-01,-3.092325106263160706e-02,-8.327066898345947266e-02,-2.707303268834948540e-03,7.280866801738739014e-02,-2.616693377494812012e-01,-3.057010173797607422e-01,-2.852925658226013184e-01,-2.871558368206024170e-01,1.129634752869606018e-01,6.077518686652183533e-02,4.904085025191307068e-02,2.295649498701095581e-01,-1.773515529930591583e-02,5.480837821960449219e-02,2.794973850250244141e-01,-3.843154385685920715e-02,-6.002830713987350464e-02,1.599231064319610596e-01,-6.374325603246688843e-02,6.678035110235214233e-02,-1.266292631626129150e-01,4.205837612971663475e-04,1.551792323589324951e-01,1.387443691492080688e-01,-9.697271138429641724e-02,-1.204630881547927856e-01,-1.842665076255798340e-01,2.467963248491287231e-01,1.012362614274024963e-01,-6.026587635278701782e-02
1.029345467686653137e-01,9.982868796214461327e-04,-2.617737464606761932e-02,-1.398993004113435745e-02,2.461271584033966064e-01,0.000000000000000000e+00,-1.017132773995399475e-01,-5.151056870818138123e-02,9.956640750169754028e-02,2.706060111522674561e-01,-7.808248698711395264e-02,-5.147804692387580872e-02,-1.199231762439012527e-02,1.297941207885742188e-01,6.583750993013381958e-02,1.989463865756988525e-01,-9.670833498239517212e-02,-1.173583343625068665e-01,-9.661631286144256592e-02,-1.332011073827743530e-01,-7.017789781093597412e-02,2.870523743331432343e-02,-5.978167057037353516e-03,-3.058367408812046051e-02,1.765793859958648682e-01,2.340213954448699951e-01,2.444118857383728027e-01,2.441320717334747314e-01,-5.987674742937088013e-02,-1.624244302511215210e-01,-9.644086658954620361e-02,-3.744095191359519958e-02,-4.305862262845039368e-02,-4.596524685621261597e-02,5.545574799180030823e-02,6.329318881034851074e-02,-1.073086038231849670e-01,-6.451626867055892944e-02,-8.283194154500961304e-03,6.617581844329833984e-02,6.160161271691322327e-02,-2.644076012074947357e-02,-2.441091239452362061e-01,-2.057642936706542969e-01,-2.153539806604385376e-01,-1.032334119081497192e-01,-9.928781539201736450e-02,-5.308928340673446655e-02,-2.044020891189575195e-01,-1.305905729532241821e-01,-1.742425411939620972e-01,-1.221107244491577148e-01,1.416967995464801788e-02,-1.137877181172370911e-01,-1.426098402589559555e-02,3.453569021075963974e-03,8.579067140817642212e-02,1.451413780450820923e-01,1.669809222221374512e-02,3.680530190467834473e-02,1.496471911668777466e-01,1.317442655563354492e-01,-9.756886214017868042e-02,-6.191373243927955627e-02,1.069748997688293457e-01,1.514655947685241699e-01,-9.080900251865386963e-02,-6.931307166814804077e-02,-1.326236687600612640e-02,7.360009849071502686e-02,1.328843086957931519e-01,1.273215115070343018e-01,-6.579616665840148926e-02,-7.326307147741317749e-02,-7.485535740852355957e-02,-1.614707857370376587e-01,-7.817238569259643555e-02,-9.655588120222091675e-02,9.377662092447280884e-02,-5.396090447902679443e-02,5.961916409432888031e-03,6.544963270425796509e-02,3.582508116960525513e-02,4.873288050293922424e-02,2.591766417026519775e-01,5.535522475838661194e-02,8.727733790874481201e-02,1.304785311222076416e-01,2.021436989307403564e-01,2.029358148574829102e-01,-6.083669513463973999e-02,-1.692643314599990845e-01,-5.632756277918815613e-02,-7.921443134546279907e-02,8.365590125322341919e-02,-4.750388488173484802e-02,3.079570457339286804e-02,7.088059931993484497e-02,-1.055386066436767578e-01,-2.553828060626983643e-02,8.313535153865814209e-02,8.285070210695266724e-02,-8.114509284496307373e-02,4.131189361214637756e-02,2.776458114385604858e-02,3.020880930125713348e-02,-8.434771746397018433e-02,-9.431691467761993408e-02,-1.740859239362180233e-03,2.065801806747913361e-02,-5.039143189787864685e-02,-7.362737506628036499e-02,2.109458483755588531e-02,1.966867595911026001e-02,9.083104878664016724e-02,-1.128944456577301025e-01
4.580945372581481934e-01,3.824543356895446777e-01,5.741513371467590332e-01,5.713021159172058105e-01,1.560771167278289795e-01,-1.017132773995399475e-01,0.000000000000000000e+00,5.129533410072326660e-01,2.489286363124847412e-01,-1.224240213632583618e-01,3.497690558433532715e-01,4.555415809154510498e-01,4.414846301078796387e-01,2.022866904735565186e-01,-4.140719771385192871e-02,-7.909185439348220825e-02,1.027078628540039062e-01,5.822012946009635925e-02,5.429927706718444824e-01,4.532038867473602295e-01,-1.263547390699386597e-01,-2.173005342483520508e-01,3.125835061073303223e-01,3.596151769161224365e-01,-1.991163194179534912e-01,4.811006039381027222e-02,-1.377604156732559204e-01,-8.435288071632385254e-02,3.957754373550415039e-01,2.145924717187881470e-01,3.969727754592895508e-01,4.130247831344604492e-01,5.298421978950500488e-01,4.231800734996795654e-01,1.652343422174453735e-01,1.248420402407646179e-01,-3.041253089904785156e-01,-3.484376072883605957e-01,-2.851767838001251221e-01,-3.252672851085662842e-01,-1.939602345228195190e-01,-2.574935555458068848e-01,-6.457480788230895996e-02,1.814520731568336487e-02,6.798075139522552490e-02,9.084851294755935669e-02,-1.459771245718002319e-01,-1.937530487775802612e-01,5.844284966588020325e-02,-1.465004831552505493e-01,-2.196602970361709595e-01,-2.256737053394317627e-01,-4.311515986919403076e-01,-3.254241943359375000e-01,-4.848286509513854980e-01,-9.015234559774398804e-02,3.412064015865325928e-01,2.830614745616912842e-01,2.149164527654647827e-01,2.854219377040863037e-01,4.609181284904479980e-01,4.615257680416107178e-01,2.720769047737121582e-01,3.869345784187316895e-01,5.935819819569587708e-02,2.222905457019805908e-01,3.938778340816497803e-01,2.752113342285156250e-01,3.246744871139526367e-01,2.117240428924560547e-01,2.353002727031707764e-01,3.297578692436218262e-01,4.215085804462432861e-01,3.736614584922790527e-01,3.662176802754402161e-02,1.556049734354019165e-01,9.536784142255783081e-02,2.200566977262496948e-01,1.090750098228454590e-02,2.211364358663558960e-01,1.746852397918701172e-01,1.919723600149154663e-01,-4.042718112468719482e-01,-3.525521457195281982e-01,-1.772174090147018433e-01,2.023215740919113159e-01,-3.600099980831146240e-01,-2.349445521831512451e-01,-3.998717963695526123e-01,6.938637699931859970e-03,-4.245148003101348877e-01,-3.341709375381469727e-01,-3.910524249076843262e-01,-3.897753953933715820e-01,-4.717243835330009460e-02,-1.522598862648010254e-01,-9.709472209215164185e-02,2.929393202066421509e-02,-2.237300127744674683e-01,1.102245505899190903e-02,3.316788375377655029e-02,-1.576203107833862305e-01,-3.821556568145751953e-01,7.189781218767166138e-02,-3.005713224411010742e-01,-8.138561993837356567e-02,-2.444781661033630371e-01,9.531722962856292725e-02,1.096294522285461426e-01,1.585368812084197998e-01,-5.661961063742637634e-02,-1.102030947804450989e-01,-4.756790399551391602e-01,8.523982763290405273e-02,-1.434095017611980438e-02,-1.449947617948055267e-02
1.553903967142105103e-01,7.023773342370986938e-02,1.242835074663162231e-01,4.887819588184356689e-01,1.740758270025253296e-01,-5.151056870818138123e-02,5.129533410072326660e-01,0.000000000000000000e+00,3.150799870491027832e-01,2.548550665378570557e-01,2.814678251743316650e-01,4.446630477905273438e-01,3.457420468330383301e-01,4.105639755725860596e-01,-2.925077825784683228e-02,4.675728827714920044e-02,3.560710698366165161e-02,2.552597038447856903e-02,3.040212988853454590e-01,3.346051275730133057e-01,-1.549784988164901733e-01,-2.148915380239486694e-01,1.454187780618667603e-01,2.250900417566299438e-01,-2.364665120840072632e-01,2.877021767199039459e-02,-9.046493470668792725e-02,-5.224950984120368958e-02,3.079046308994293213e-01,3.058395981788635254e-01,2.243767529726028442e-01,2.951238155364990234e-01,3.679769039154052734e-01,4.113048613071441650e-01,7.983557879924774170e-02,1.147841289639472961e-01,-3.522677421569824219e-01,-4.048371315002441406e-01,-2.044940292835235596e-01,-2.634453177452087402e-01,-1.619322746992111206e-01,-3.085515797138214111e-01,1.424511075019836426e-01,2.848424613475799561e-01,5.453171208500862122e-02,1.890513151884078979e-01,-9.732229262590408325e-02,-6.553139537572860718e-02,6.220892816781997681e-02,-1.039316132664680481e-01,-4.331951960921287537e-02,-5.742296949028968811e-02,-1.490748822689056396e-01,-4.199668765068054199e-02,-1.934888660907745361e-01,-4.890058934688568115e-02,-2.880720049142837524e-02,-8.452276885509490967e-02,1.614029258489608765e-01,2.772084772586822510e-01,4.635054469108581543e-01,5.442859530448913574e-01,1.458574533462524414e-01,4.143007099628448486e-01,-1.947574019432067871e-01,4.513724148273468018e-02,6.579870730638504028e-02,1.172459349036216736e-01,4.142246767878532410e-02,-1.518453955650329590e-01,1.225839033722877502e-01,1.635964512825012207e-01,3.321846723556518555e-01,2.829211652278900146e-01,1.260309219360351562e-01,1.464773863554000854e-01,-6.335648708045482635e-03,1.318119317293167114e-01,-5.418066866695880890e-03,2.559855580329895020e-02,1.169995665550231934e-01,2.967243641614913940e-02,-3.736000061035156250e-01,-3.740707933902740479e-01,-2.140845358371734619e-01,2.582437824457883835e-03,-1.874694675207138062e-01,-2.899644970893859863e-01,-1.472804695367813110e-01,-4.423649981617927551e-02,-1.341014057397842407e-01,-1.602687835693359375e-01,-1.348093301057815552e-01,-1.854380220174789429e-01,-1.100899502635002136e-01,-1.293837577104568481e-01,-2.449072152376174927e-01,-1.016282513737678528e-01,-6.324037909507751465e-02,-9.119351208209991455e-02,7.604995369911193848e-02,-1.206759139895439148e-01,-2.004080563783645630e-01,-1.140338033437728882e-01,-2.359603345394134521e-01,-1.906526386737823486e-01,-1.237678304314613342e-01,4.400453530251979828e-03,9.539531171321868896e-02,1.781688630580902100e-02,-5.583052057772874832e-03,3.139502182602882385e-02,-2.056905180215835571e-01,2.093439251184463501e-01,1.053055003285408020e-01,-1.789968311786651611e-01
1.218425780534744263e-01,1.558787822723388672e-01,1.756765395402908325e-01,2.773212492465972900e-01,6.342703104019165039e-01,9.956640750169754028e-02,2.489286363124847412e-01,3.150799870491027832e-01,0.000000000000000000e+00,4.506250321865081787e-01,2.868705987930297852e-02,3.065128028392791748e-01,2.466876357793807983e-01,1.567134559154510498e-01,4.329964518547058105e-01,2.727447450160980225e-01,5.932201445102691650e-02,1.484461873769760132e-01,3.243197202682495117e-01,3.204721212387084961e-01,9.186915121972560883e-03,3.218880668282508850e-02,2.369508445262908936e-01,2.927745580673217773e-01,2.520817145705223083e-02,4.262360036373138428e-01,2.709698081016540527e-01,3.737537264823913574e-01,1.665782779455184937e-01,1.559424102306365967e-01,2.389001548290252686e-01,3.357274830341339111e-01,3.203187286853790283e-01,4.499449431896209717e-01,1.555269956588745117e-01,7.988988608121871948e-02,-2.066615223884582520e-01,-2.768667042255401611e-01,-2.104001790285110474e-01,-2.769666165113449097e-02,-6.417959183454513550e-02,-3.521688878536224365e-01,-1.302422583103179932e-01,-1.953750476241111755e-02,-9.488163888454437256e-02,-9.460925124585628510e-03,-1.953020542860031128e-01,-1.523608863353729248e-01,-2.003384828567504883e-01,-3.088194131851196289e-01,-2.902185022830963135e-01,-3.195101618766784668e-01,-1.943219751119613647e-01,-1.641860306262969971e-01,-8.484487980604171753e-02,2.269446477293968201e-02,7.225746661424636841e-02,4.870931804180145264e-02,8.058281987905502319e-02,8.528329432010650635e-02,2.481916844844818115e-01,3.638217747211456299e-01,1.014486551284790039e-01,2.215877622365951538e-01,2.797639183700084686e-02,7.610226422548294067e-02,1.386659145355224609e-01,1.590030044317245483e-01,1.593178659677505493e-01,3.101863153278827667e-02,2.437976449728012085e-01,3.021369576454162598e-01,2.766026854515075684e-01,1.765149980783462524e-01,1.888922452926635742e-01,1.363917291164398193e-01,-9.160364978015422821e-03,1.066481247544288635e-01,-4.399490728974342346e-02,2.100286334753036499e-01,2.660235166549682617e-01,1.978449374437332153e-01,-2.114288806915283203e-01,-2.362231165170669556e-01,-1.707363426685333252e-01,4.272782430052757263e-02,-1.483317017555236816e-01,-3.044225573539733887e-01,-3.013288602232933044e-02,8.664616197347640991e-02,-2.143103331327438354e-01,-2.830173075199127197e-01,-2.783309221267700195e-01,-2.512693405151367188e-01,-2.895732782781124115e-02,-8.858866244554519653e-02,-7.737615145742893219e-03,1.252369731664657593e-01,1.450562328100204468e-01,1.954609602689743042e-01,3.642993569374084473e-01,6.491880118846893311e-02,8.198849856853485107e-03,2.073119580745697021e-01,5.331156775355339050e-03,1.263950914144515991e-01,-6.364826112985610962e-02,1.030782908201217651e-01,1.463810261338949203e-02,1.794799230992794037e-02,-9.174308925867080688e-02,4.866050556302070618e-02,-7.582066953182220459e-02,2.436193078756332397e-01,8.939524739980697632e-02,-4.189823195338249207e-02
-1.273844242095947266e-01,-1.597095876932144165e-01,-8.822089433670043945e-02,1.439985167235136032e-02,3.342882692813873291e-01,2.706060111522674561e-01,-1.224240213632583618e-01,2.548550665378570557e-01,4.506250321865081787e-01,0.000000000000000000e+00,1.000311039388179779e-02,1.824129223823547363e-01,1.996488571166992188e-01,4.096966087818145752e-01,3.413403332233428955e-01,3.422314822673797607e-01,-2.384107559919357300e-02,1.156319603323936462e-01,-2.736282534897327423e-02,-6.285487860441207886e-02,2.133477292954921722e-02,5.462154000997543335e-02,9.436739236116409302e-02,8.943371474742889404e-02,1.600664407014846802e-01,4.095128476619720459e-01,3.320303261280059814e-01,3.874053657054901123e-01,-1.031660661101341248e-02,9.844056516885757446e-02,-2.440003678202629089e-02,1.181568652391433716e-01,9.006885439157485962e-02,2.159163951873779297e-01,1.987567991018295288e-01,1.464848220348358154e-01,-2.130692005157470703e-01,-2.607920467853546143e-01,-5.162720382213592529e-02,6.970459967851638794e-02,5.558341741561889648e-02,-2.845628559589385986e-01,-6.684669642709195614e-04,1.308145225048065186e-01,-1.757041960954666138e-01,-3.076125495135784149e-02,-1.816616058349609375e-01,-3.473322093486785889e-02,-2.577062249183654785e-01,-2.202337533235549927e-01,-3.688563778996467590e-02,-4.004182294011116028e-02,1.495966315269470215e-01,1.601780056953430176e-01,1.341377347707748413e-01,5.711385607719421387e-02,-2.114311158657073975e-01,-2.125500291585922241e-01,-7.887829840183258057e-02,-6.645376980304718018e-02,1.691339761018753052e-01,2.122979015111923218e-01,6.849031895399093628e-02,1.931091994047164917e-01,3.728665038943290710e-02,-4.681841284036636353e-02,-1.211162731051445007e-01,-6.882892549037933350e-02,-1.602321118116378784e-01,-2.663737833499908447e-01,1.864904463291168213e-01,1.979360133409500122e-01,1.437260061502456665e-01,1.085950657725334167e-01,2.127017080783843994e-01,1.501253694295883179e-01,5.526372790336608887e-02,6.222515553236007690e-02,1.777722267434000969e-03,9.655838459730148315e-02,9.461612254381179810e-02,5.113640427589416504e-02,-1.965364068746566772e-01,-2.070935517549514771e-01,-2.215986885130405426e-02,-1.295526623725891113e-01,7.801681756973266602e-02,-1.871031373739242554e-01,2.294061034917831421e-01,6.945922225713729858e-02,1.369677484035491943e-01,1.920202560722827911e-02,7.321759313344955444e-02,8.269777148962020874e-02,2.212703786790370941e-02,-5.500467866659164429e-02,2.814367227256298065e-02,-7.539313286542892456e-03,1.182302832603454590e-01,2.072143554687500000e-02,1.980388611555099487e-01,3.030670993030071259e-02,8.522933721542358398e-02,-4.958686605095863342e-02,3.802832961082458496e-02,1.273383386433124542e-02,-7.154984865337610245e-03,9.105157852172851562e-02,-4.361394420266151428e-02,8.038217201828956604e-03,8.789202570915222168e-02,1.637130528688430786e-01,2.061427086591720581e-01,2.240634709596633911e-01,2.119369059801101685e-01,-7.800532877445220947e-02
4.591494500637054443e-01,3.390565216541290283e-01,-8.154480718076229095e-03,3.341645002365112305e-02,-5.211389623582363129e-03,-7.808248698711395264e-02,3.497690558433532715e-01,2.814678251743316650e-01,2.868705987930297852e-02,1.000311039388179779e-02,0.000000000000000000e+00,5.977861285209655762e-01,6.421212553977966309e-01,4.835833907127380371e-01,-6.628967076539993286e-02,-4.050173237919807434e-02,3.737597763538360596e-01,4.547362625598907471e-01,2.959232926368713379e-01,2.270398736000061035e-01,-1.577406376600265503e-01,-3.196652829647064209e-01,-1.519242823123931885e-01,-1.565567255020141602e-01,-1.222418770194053650e-01,-1.292417347431182861e-01,-1.452530473470687866e-01,-4.139738157391548157e-02,5.044494271278381348e-01,4.856927096843719482e-01,3.333490788936614990e-01,3.204531967639923096e-01,3.559986650943756104e-01,2.413439005613327026e-01,-1.964250653982162476e-01,-1.057403460144996643e-01,-3.510527014732360840e-01,-3.518700599670410156e-01,-2.044760286808013916e-01,-4.080894291400909424e-01,-2.957964539527893066e-01,-2.656779587268829346e-01,-6.565944850444793701e-02,2.538996934890747070e-02,2.164024487137794495e-02,1.362013071775436401e-01,-1.730511188507080078e-01,-2.620298266410827637e-01,1.314274370670318604e-01,2.159460633993148804e-02,8.094651252031326294e-02,8.300665020942687988e-02,-2.213014364242553711e-01,-1.145428270101547241e-01,-3.361152112483978271e-01,-8.076656609773635864e-02,3.215700685977935791e-01,2.392798066139221191e-01,4.121482670307159424e-01,3.735826909542083740e-01,3.540126979351043701e-01,3.259390592575073242e-01,4.510713815689086914e-01,6.134801506996154785e-01,-1.287371516227722168e-01,-1.348246634006500244e-01,-9.772882610559463501e-02,-1.110876947641372681e-01,1.067507714033126831e-01,-9.801720827817916870e-02,1.246435046195983887e-01,1.587700545787811279e-01,3.177444934844970703e-01,3.154798448085784912e-01,7.578726112842559814e-02,7.436070591211318970e-02,4.729237407445907593e-03,9.494566917419433594e-02,6.448742002248764038e-02,2.586449086666107178e-01,2.289557009935379028e-01,2.794001996517181396e-01,-2.822223603725433350e-01,-1.760821789503097534e-01,-1.264149099588394165e-01,7.211866974830627441e-02,-1.360478103160858154e-01,-1.938729435205459595e-01,-2.905265390872955322e-01,-2.466475218534469604e-01,-2.375727742910385132e-01,-1.190399304032325745e-01,-1.302621960639953613e-01,-1.590992659330368042e-01,-1.684347540140151978e-01,-1.062002256512641907e-01,-9.849445521831512451e-02,-5.216835811734199524e-02,-1.365003734827041626e-01,-1.260966360569000244e-01,-4.772075265645980835e-02,-1.565781682729721069e-01,-2.098659723997116089e-01,-5.589569732546806335e-02,-1.013602167367935181e-01,-5.832386389374732971e-02,-2.687571942806243896e-01,-1.296133995056152344e-01,-2.910989336669445038e-03,1.203421428799629211e-01,-9.185779094696044922e-02,1.584401130676269531e-01,-2.796813547611236572e-01,9.362940490245819092e-02,-4.219493269920349121e-02,-3.978001404902897775e-05
4.455163478851318359e-01,3.970821499824523926e-01,1.771454215049743652e-01,3.074198365211486816e-01,2.267224490642547607e-01,-5.147804692387580872e-02,4.555415809154510498e-01,4.446630477905273438e-01,3.065128028392791748e-01,1.824129223823547363e-01,5.977861285209655762e-01,0.000000000000000000e+00,6.178096532821655273e-01,5.526642799377441406e-01,1.894654184579849243e-01,2.420854717493057251e-01,3.428778946399688721e-01,3.890291154384613037e-01,4.845336079597473145e-01,3.479043841361999512e-01,-6.291449069976806641e-02,-2.614961862564086914e-01,8.649764955043792725e-02,1.832233965396881104e-01,-8.752030879259109497e-02,1.434435099363327026e-01,5.138974636793136597e-02,1.284161955118179321e-01,5.070652961730957031e-01,4.805294573307037354e-01,4.148837625980377197e-01,4.767442941665649414e-01,5.395110845565795898e-01,4.491024017333984375e-01,2.138050738722085953e-03,9.107256680727005005e-02,-3.614272475242614746e-01,-3.943642973899841309e-01,-1.843988448381423950e-01,-3.775530755519866943e-01,-3.640741109848022461e-01,-3.889374434947967529e-01,-2.648937329649925232e-02,1.274395436048507690e-01,4.193655028939247131e-02,1.465715616941452026e-01,-2.101833373308181763e-01,-2.612784504890441895e-01,3.564452752470970154e-02,-1.817171648144721985e-02,-8.223015815019607544e-02,-1.906341128051280975e-02,-3.479847013950347900e-01,-1.922983080148696899e-01,-3.740301728248596191e-01,2.434826269745826721e-02,2.955267727375030518e-01,2.258706986904144287e-01,3.403420746326446533e-01,4.296893179416656494e-01,4.328656494617462158e-01,5.647785067558288574e-01,4.496043026447296143e-01,6.368651390075683594e-01,-1.334398891776800156e-02,6.702326238155364990e-02,4.866567254066467285e-02,1.741547323763370514e-02,1.826465427875518799e-01,-1.454926282167434692e-01,2.212582528591156006e-01,2.889146506786346436e-01,4.549559950828552246e-01,3.658457398414611816e-01,1.800124049186706543e-01,2.459588944911956787e-01,1.283449213951826096e-02,2.458761483430862427e-01,-2.547381073236465454e-02,3.874955475330352783e-01,3.491412699222564697e-01,3.674844205379486084e-01,-3.905803859233856201e-01,-2.705045044422149658e-01,-1.924786865711212158e-01,2.582266330718994141e-01,-2.791366577148437500e-01,-3.172290921211242676e-01,-2.810625433921813965e-01,-6.788919866085052490e-02,-4.644711911678314209e-01,-3.626248836517333984e-01,-3.968580365180969238e-01,-4.004060626029968262e-01,-1.281004250049591064e-01,-4.669231921434402466e-02,-9.144047647714614868e-02,1.185172647237777710e-01,-1.379673033952713013e-01,-2.825351199135184288e-03,1.613914370536804199e-01,-1.633095294237136841e-01,-3.869437575340270996e-01,5.440899258246645331e-05,-2.051235735416412354e-01,-9.682425297796726227e-03,-2.863326668739318848e-01,4.920722916722297668e-02,3.673015907406806946e-02,1.391588896512985229e-01,-3.585073351860046387e-02,1.452305167913436890e-01,-3.564661145210266113e-01,1.936776936054229736e-01,1.146009266376495361e-01,-5.147333443164825439e-02
3.480779528617858887e-01,2.526292204856872559e-01,2.210628837347030640e-01,1.871725171804428101e-01,2.020842134952545166e-01,-1.199231762439012527e-02,4.414846301078796387e-01,3.457420468330383301e-01,2.466876357793807983e-01,1.996488571166992188e-01,6.421212553977966309e-01,6.178096532821655273e-01,0.000000000000000000e+00,5.917453765869140625e-01,1.958974301815032959e-01,1.415910720825195312e-01,2.406727969646453857e-01,3.051814734935760498e-01,3.904902637004852295e-01,2.573089599609375000e-01,-1.221421509981155396e-01,-2.740199863910675049e-01,1.361886113882064819e-01,1.468570828437805176e-01,-5.878723785281181335e-02,8.990958333015441895e-02,6.115337368100881577e-03,7.980736345052719116e-02,4.494118094444274902e-01,3.835794329643249512e-01,3.289344012737274170e-01,3.877721130847930908e-01,4.209642410278320312e-01,3.612227737903594971e-01,2.971428632736206055e-02,1.169280856847763062e-01,-3.368244469165802002e-01,-3.669013381004333496e-01,-2.312163114547729492e-01,-3.976273536682128906e-01,-3.133354187011718750e-01,-3.968883752822875977e-01,-3.196378797292709351e-02,8.810754865407943726e-02,2.504276111721992493e-02,1.171675994992256165e-01,-2.014396339654922485e-01,-1.984296739101409912e-01,7.604949176311492920e-03,-2.035106532275676727e-02,-4.118806868791580200e-02,-1.242652349174022675e-02,-2.632128894329071045e-01,-1.423989832401275635e-01,-2.881523966789245605e-01,5.597792100161314011e-03,2.217854559421539307e-01,1.746562570333480835e-01,2.470385134220123291e-01,3.076554536819458008e-01,5.005806088447570801e-01,4.367493391036987305e-01,3.974852859973907471e-01,5.423750281333923340e-01,-1.096398476511240005e-02,-2.253402397036552429e-02,6.574829667806625366e-02,3.072716062888503075e-03,1.653663367033004761e-01,-7.174343615770339966e-02,2.124750316143035889e-01,3.066714406013488770e-01,4.162876307964324951e-01,3.963226079940795898e-01,1.007094010710716248e-01,1.635227799415588379e-01,8.938166499137878418e-02,2.115870267152786255e-01,3.620751574635505676e-02,2.972644865512847900e-01,2.298743873834609985e-01,2.370685338973999023e-01,-3.492294251918792725e-01,-2.624641954898834229e-01,-1.689389497041702271e-01,9.239453077316284180e-02,-2.503807544708251953e-01,-3.085811436176300049e-01,-2.314277887344360352e-01,-1.156102940440177917e-01,-3.150742053985595703e-01,-2.328330576419830322e-01,-2.616900503635406494e-01,-2.378428876399993896e-01,-2.959377504885196686e-02,-7.044595479965209961e-02,-9.086413681507110596e-02,-3.181726112961769104e-02,-1.095603257417678833e-01,1.158165186643600464e-02,8.291807770729064941e-02,-1.378304362297058105e-01,-2.428345233201980591e-01,-9.337233379483222961e-03,-1.823283433914184570e-01,-1.029928326606750488e-01,-2.612064480781555176e-01,4.856628552079200745e-02,9.807659685611724854e-02,1.580974757671356201e-01,-1.059248819947242737e-01,7.310317596420645714e-04,-2.565895318984985352e-01,1.968176215887069702e-01,9.941893070936203003e-02,1.788278855383396149e-02
