0.000000000000000000e+00,2.549208998680114746e-01,-6.753773242235183716e-02,-2.100862860679626465e-01,-7.835659198462963104e-03,3.536405041813850403e-02,3.716042265295982361e-02,-1.920563131570816040e-01,4.963535349816083908e-03,7.425621151924133301e-02,4.391419589519500732e-01,1.909474879503250122e-01,3.556429743766784668e-01,5.580997094511985779e-02,1.151777654886245728e-01,1.652822457253932953e-02,2.624196186661720276e-02,-1.425618082284927368e-01,3.109031915664672852e-01,1.051745414733886719e-01,-1.218991130590438843e-01,-1.185027807950973511e-01,-1.055973693728446960e-01,-1.658042073249816895e-01,-2.449028789997100830e-01,-3.658418655395507812e-01,1.024873927235603333e-01,-4.067432507872581482e-02,1.250542849302291870e-01,-9.585124999284744263e-02,-1.732062250375747681e-01,-2.529706060886383057e-01,-1.987046897411346436e-01,-3.564806878566741943e-01,-3.939594924449920654e-01,-2.786462008953094482e-01,-6.616930663585662842e-02,-1.868905425071716309e-01,8.701487630605697632e-02,8.649325370788574219e-02,3.271255269646644592e-02,5.708255618810653687e-02,-2.503264248371124268e-01,-1.516167167574167252e-02,-3.542167246341705322e-01,-2.003613710403442383e-01,-1.217924803495407104e-02,-8.239170908927917480e-02,-1.907623261213302612e-01,-3.920301049947738647e-02,8.406877517700195312e-02,8.055450767278671265e-02,1.209169160574674606e-02,2.959315106272697449e-02,1.145195290446281433e-01,1.019624024629592896e-01,2.449290305376052856e-01,2.551507949829101562e-01,2.532550394535064697e-01,2.719130814075469971e-01,1.704501360654830933e-01,-8.792449533939361572e-02,3.192773759365081787e-01,-2.298835106194019318e-02,-2.116070836782455444e-01,-3.680225908756256104e-01,-3.096347153186798096e-01,-4.119811356067657471e-01,9.308311343193054199e-02,-1.714474149048328400e-02,-1.868478395044803619e-02,7.687376439571380615e-02,1.859151870012283325e-01,1.739036589860916138e-01,1.038333866745233536e-03,-2.143308753147721291e-03,1.778021156787872314e-01,1.286112070083618164e-01,1.114233117550611496e-02,-2.653000131249427795e-02,-1.421182304620742798e-01,-1.012489348649978638e-01,-5.060521140694618225e-02,1.320933188253547996e-05,4.286998137831687927e-02,-3.733806312084197998e-02,6.606816500425338745e-02,9.148772060871124268e-02,7.933571189641952515e-02,-1.457576639950275421e-03,-2.645992934703826904e-01,-3.642110526561737061e-02,-2.905444502830505371e-01,-9.792631864547729492e-02,-4.436778835952281952e-03,-5.024427548050880432e-03,-3.808470815420150757e-02,3.611983731389045715e-02,3.072658181190490723e-02,1.185632869601249695e-01,-8.302780240774154663e-02,-8.158455602824687958e-03,2.173942141234874725e-02,1.145962104201316833e-01,-8.699183166027069092e-02,-5.012443661689758301e-02,-3.236646577715873718e-02,8.431614190340042114e-02,7.976761460304260254e-02,-1.028379723429679871e-01,-4.469577968120574951e-02,-2.327727824449539185e-01,2.896734699606895447e-02,-7.162167876958847046e-02,-9.707337617874145508e-02,6.466661393642425537e-02
2.549208998680114746e-01,0.000000000000000000e+00,-1.637299656867980957e-01,-5.502770841121673584e-02,1.022794619202613831e-01,-4.229301214218139648e-02,-1.174956187605857849e-01,-2.564053609967231750e-02,1.103360578417778015e-01,-1.607330888509750366e-01,2.605738043785095215e-01,3.012888133525848389e-01,1.248008310794830322e-01,2.255299091339111328e-01,-2.708640694618225098e-02,-2.409896552562713623e-01,-1.000610142946243286e-01,2.347995340824127197e-01,1.302559226751327515e-01,4.468576610088348389e-01,-1.495989263057708740e-01,-7.032356411218643188e-02,-2.164570800960063934e-02,-5.646317079663276672e-02,-9.809643030166625977e-02,-6.593770533800125122e-02,7.217781990766525269e-02,-1.235074996948242188e-01,9.265688061714172363e-02,2.256518900394439697e-01,-6.114198639988899231e-02,8.486320264637470245e-03,9.713118523359298706e-02,6.750533729791641235e-02,-1.944752931594848633e-01,-1.717545092105865479e-01,-1.700103841722011566e-02,-8.760970085859298706e-02,-5.789517983794212341e-02,-1.979340314865112305e-01,1.056609898805618286e-01,2.022918909788131714e-01,-1.528830975294113159e-01,-1.036987900733947754e-01,-7.287249714136123657e-02,1.578650772571563721e-01,-1.543174032121896744e-02,-2.199279330670833588e-02,1.601981669664382935e-01,1.246029734611511230e-01,1.192573159933090210e-01,-5.982102826237678528e-02,2.901834845542907715e-01,-6.500247120857238770e-02,2.423798143863677979e-01,3.043502755463123322e-02,5.251631140708923340e-01,4.346213042736053467e-01,8.607273548841476440e-02,-1.292159110307693481e-01,2.372262626886367798e-01,-6.005135178565979004e-02,9.121654555201530457e-03,1.132491827011108398e-01,5.289093777537345886e-02,-1.043565571308135986e-01,-1.798017024993896484e-01,-2.573921680450439453e-01,3.774054646492004395e-01,3.605449199676513672e-01,-1.675135642290115356e-01,-4.316824674606323242e-02,1.347067058086395264e-01,1.591817289590835571e-01,-1.461795624345541000e-02,7.970604300498962402e-02,-3.978511318564414978e-02,-1.901336759328842163e-01,4.769627004861831665e-02,-1.239283010363578796e-01,2.246979624032974243e-01,3.028172850608825684e-01,8.129774034023284912e-02,9.751998633146286011e-02,2.341413795948028564e-01,-2.800824865698814392e-02,-4.995774943381547928e-03,1.185159664601087570e-02,3.163170814514160156e-01,-1.391332745552062988e-01,4.142405465245246887e-02,-2.844047546386718750e-01,1.534484922885894775e-01,-1.881310939788818359e-01,-1.051500737667083740e-01,-1.182800456881523132e-01,1.631138324737548828e-01,-7.235299795866012573e-02,-2.482000440359115601e-01,-3.378005325794219971e-01,2.882791869342327118e-02,-1.574099510908126831e-01,-1.621364615857601166e-02,-3.051816523075103760e-01,9.294389933347702026e-02,-3.110253214836120605e-01,-6.934003531932830811e-02,-8.574897795915603638e-02,9.189563244581222534e-02,1.575425416231155396e-01,2.682065591216087341e-02,-1.669199764728546143e-01,-3.386180102825164795e-01,6.082789599895477295e-02,-1.883814036846160889e-01,1.464316993951797485e-01
-6.753773242235183716e-02,-1.637299656867980957e-01,0.000000000000000000e+00,1.449978947639465332e-01,1.438660770654678345e-01,7.118907570838928223e-02,3.436624407768249512e-01,-1.818708330392837524e-01,1.216687560081481934e-01,1.604725569486618042e-01,-1.772389113903045654e-01,-5.290450453758239746e-01,7.698130607604980469e-02,-3.048735260963439941e-01,1.093210801482200623e-01,1.812699884176254272e-01,1.107298862189054489e-02,-1.970708072185516357e-01,2.605246603488922119e-01,-1.106059774756431580e-01,1.808349639177322388e-01,2.374580316245555878e-02,5.283462405204772949e-01,1.252826601266860962e-01,3.619224727153778076e-01,2.528568804264068604e-01,5.498515442013740540e-02,1.899908483028411865e-01,-1.160475909709930420e-01,-2.555341720581054688e-01,1.973717212677001953e-01,1.179632246494293213e-01,5.409553647041320801e-02,-1.901629269123077393e-01,3.728320300579071045e-01,1.156028881669044495e-01,1.517729163169860840e-01,1.851059198379516602e-01,1.859663054347038269e-03,5.921344086527824402e-02,-2.643112540245056152e-01,-5.634613335132598877e-02,8.627743460237979889e-03,-1.633981019258499146e-01,-9.446247480809688568e-03,-1.473332643508911133e-01,-1.158812046051025391e-01,-1.619980633258819580e-01,-1.494716554880142212e-01,-1.477095633745193481e-01,-2.329162657260894775e-01,-1.615489870309829712e-01,-2.492690384387969971e-01,-5.099306255578994751e-02,-3.148321211338043213e-01,-1.322131603956222534e-01,-1.387653946876525879e-01,-1.454603224992752075e-01,-1.782841831445693970e-01,-1.902502477169036865e-01,2.313162200152873993e-02,-1.928444206714630127e-01,-1.458731740713119507e-01,-3.030171096324920654e-01,4.304131865501403809e-01,1.876985132694244385e-01,3.916807472705841064e-01,-2.306009642779827118e-02,1.384650766849517822e-01,-2.066306322813034058e-01,2.019477337598800659e-01,2.523103952407836914e-01,-2.128253545379266143e-04,-1.378957182168960571e-01,1.443703565746545792e-02,-2.321063913404941559e-02,4.036411177366971970e-03,3.609324246644973755e-02,-1.449977606534957886e-02,2.428403645753860474e-01,-1.737487614154815674e-01,-5.867442488670349121e-02,-2.013470977544784546e-01,6.375306402333080769e-04,9.701239317655563354e-02,-5.258331540971994400e-03,-1.049290061928331852e-03,8.954335004091262817e-02,-1.866263002157211304e-01,1.848430559039115906e-02,-1.548705548048019409e-01,1.988699585199356079e-01,-1.188529953360557556e-01,1.290803253650665283e-01,1.285508722066879272e-01,1.171108037233352661e-01,-2.199771553277969360e-01,3.379495441913604736e-02,-2.115461677312850952e-01,1.067586317658424377e-01,-1.037792712450027466e-01,1.429606676101684570e-01,-1.932757794857025146e-01,1.312997937202453613e-01,-7.683818787336349487e-02,2.452125847339630127e-01,-4.327916353940963745e-02,-7.348389364778995514e-03,-6.437240540981292725e-02,-4.019212350249290466e-02,-1.665261387825012207e-01,-1.217826269567012787e-02,-8.740567602217197418e-03,3.206778690218925476e-02,3.142851218581199646e-02,5.288412794470787048e-02
-2.100862860679626465e-01,-5.502770841121673584e-02,1.449978947639465332e-01,0.000000000000000000e+00,2.615930512547492981e-02,-1.733893752098083496e-01,4.483264982700347900e-01,4.986768066883087158e-01,8.805181086063385010e-02,-8.865585923194885254e-02,-1.587091982364654541e-01,6.858420092612504959e-03,-1.448984164744615555e-02,1.280934214591979980e-01,-3.296716511249542236e-01,-2.240468859672546387e-01,-1.487997323274612427e-01,-8.083625882863998413e-02,6.085817702114582062e-03,-2.444899454712867737e-02,-2.310197651386260986e-01,-9.022845327854156494e-02,1.599273532629013062e-01,1.748099625110626221e-01,2.188818305730819702e-01,2.857528030872344971e-01,-1.694893538951873779e-01,-2.315420955419540405e-01,-9.460365027189254761e-02,-5.483345314860343933e-02,1.676808297634124756e-01,1.587502658367156982e-01,1.816065162420272827e-01,1.741706430912017822e-01,1.474111229181289673e-01,8.102162927389144897e-02,-3.075943328440189362e-02,-5.877553671598434448e-02,-1.217791587114334106e-01,-1.932021081447601318e-01,-7.534878700971603394e-02,-8.272486180067062378e-02,1.366935223340988159e-01,-4.829233884811401367e-02,1.018137298524379730e-02,3.929117694497108459e-03,-7.085676491260528564e-02,-1.305461227893829346e-01,5.778406187891960144e-02,4.483335465192794800e-02,-1.894854009151458740e-02,9.650820493698120117e-02,-2.865993604063987732e-02,2.847362123429775238e-02,-2.570798695087432861e-01,-1.448226720094680786e-01,-6.807242333889007568e-02,-3.533579781651496887e-02,-2.948938403278589249e-03,-5.874386057257652283e-02,1.461300104856491089e-01,2.932982146739959717e-01,-1.495650708675384521e-01,5.595303699374198914e-02,1.944883316755294800e-01,4.789475500583648682e-01,2.966319918632507324e-01,3.670629858970642090e-01,-2.129813283681869507e-01,-1.450178623199462891e-01,-1.457782275974750519e-02,-6.998665630817413330e-02,4.189231246709823608e-02,-6.414940208196640015e-02,-7.506961375474929810e-02,-1.000562906265258789e-01,-1.658754348754882812e-01,-1.010015830397605896e-01,5.704728513956069946e-02,-1.093420200049877167e-03,-1.536742597818374634e-01,4.935909062623977661e-02,-3.415031731128692627e-01,-2.092266380786895752e-01,-1.071463376283645630e-01,2.364570945501327515e-01,-3.115585148334503174e-01,-2.332550734281539917e-01,-1.832488179206848145e-01,7.055288553237915039e-02,1.180163845419883728e-01,5.798506364226341248e-02,7.100264728069305420e-02,1.471367180347442627e-01,-8.536238223314285278e-02,-3.462820872664451599e-02,-7.635122537612915039e-02,-9.550207853317260742e-02,-1.681862324476242065e-01,-1.129488423466682434e-01,-7.556611299514770508e-02,1.398399472236633301e-01,-3.079239130020141602e-01,-1.272290050983428955e-01,-8.528584614396095276e-03,5.998361483216285706e-02,-9.593844413757324219e-02,-1.250534355640411377e-01,4.437830671668052673e-02,-9.483788162469863892e-02,-2.575582638382911682e-02,-3.107203915715217590e-02,-2.547052502632141113e-01,-2.180669307708740234e-01,3.353632055222988129e-03,2.289751023054122925e-01
-7.835659198462963104e-03,1.022794619202613831e-01,1.438660770654678345e-01,2.615930512547492981e-02,0.000000000000000000e+00,2.154481858015060425e-01,-1.065702456980943680e-02,-4.722660034894943237e-02,4.558024406433105469e-01,2.990514338016510010e-01,3.237619623541831970e-02,-2.710513472557067871e-01,9.555138647556304932e-02,-1.291026622056961060e-01,2.454885095357894897e-01,1.522714197635650635e-01,-3.986217081546783447e-01,4.880892112851142883e-02,5.976288020610809326e-02,-7.454439252614974976e-02,1.100015640258789062e-01,1.958697736263275146e-01,1.527437865734100342e-01,-1.737771439366042614e-03,3.068520724773406982e-01,9.991135448217391968e-02,5.393920540809631348e-01,3.234826624393463135e-01,-1.687022894620895386e-01,-9.311518818140029907e-02,8.623006939888000488e-02,-3.510178532451391220e-03,-9.060315042734146118e-02,-1.320061236619949341e-01,9.763401746749877930e-02,-1.104704104363918304e-02,1.416149549186229706e-02,1.257750391960144043e-01,1.197168081998825073e-01,1.850985288619995117e-01,6.705129146575927734e-02,1.202155053615570068e-01,-1.682588011026382446e-01,-2.507793903350830078e-01,-1.752030402421951294e-01,-1.309888660907745361e-01,-1.474683731794357300e-01,-1.668431162834167480e-01,-4.802476987242698669e-02,-1.099079176783561707e-01,-1.633077487349510193e-02,-8.551970124244689941e-02,7.831605523824691772e-02,-2.022874355316162109e-01,1.675331965088844299e-02,-1.752653419971466064e-01,2.232286930084228516e-01,1.292609721422195435e-01,-4.375653341412544250e-02,-1.520462036132812500e-01,2.025177478790283203e-01,-1.225629001855850220e-01,-1.325626391917467117e-02,-2.874504625797271729e-01,2.625547349452972412e-01,1.065059825778007507e-01,1.631800234317779541e-01,-3.659666329622268677e-02,2.345134764909744263e-01,-5.019487813115119934e-03,2.626090943813323975e-01,2.038017660379409790e-01,-7.000021170824766159e-03,-1.254847794771194458e-01,5.557632446289062500e-02,-9.734303504228591919e-02,-1.176196858286857605e-01,-2.858311533927917480e-01,6.576091516762971878e-03,1.428902745246887207e-01,2.496110796928405762e-01,1.383303254842758179e-01,2.200204730033874512e-01,1.352789700031280518e-01,3.865583240985870361e-01,-6.201033666729927063e-02,3.276911973953247070e-01,2.357786595821380615e-01,3.444134593009948730e-01,-1.230103969573974609e-01,-3.000614419579505920e-02,-1.633415520191192627e-01,1.002649441361427307e-01,-2.268696427345275879e-01,4.682035371661186218e-02,9.492281079292297363e-02,-1.825025677680969238e-01,-6.379525363445281982e-02,-3.375211060047149658e-01,-1.127831563353538513e-01,7.089786231517791748e-02,-1.918928921222686768e-01,-1.133157238364219666e-01,-2.713016569614410400e-01,5.864479765295982361e-02,-9.875071048736572266e-02,-1.199214160442352295e-01,-7.548151165246963501e-02,-8.756881579756736755e-03,1.272598505020141602e-01,-1.713080406188964844e-01,-4.594442248344421387e-02,-1.758501231670379639e-01,3.289494290947914124e-02,-1.643976569175720215e-01,-1.688490249216556549e-02
3.536405041813850403e-02,-4.229301214218139648e-02,7.118907570838928223e-02,-1.733893752098083496e-01,2.154481858015060425e-01,0.000000000000000000e+00,9.464836679399013519e-03,-2.164595574140548706e-01,2.567254900932312012e-01,3.901973068714141846e-01,1.959854364395141602e-02,-2.123360335826873779e-01,3.980305045843124390e-02,-2.488473802804946899e-01,4.291727840900421143e-01,4.638400077819824219e-01,-5.345528945326805115e-02,-2.199275195598602295e-01,-2.508108969777822495e-03,-1.544801443815231323e-01,2.610658109188079834e-01,1.721923798322677612e-01,3.956700488924980164e-02,1.432970911264419556e-01,-5.488686263561248779e-02,8.061616867780685425e-02,3.035422563552856445e-01,3.930490314960479736e-01,-6.371453404426574707e-02,-2.433352619409561157e-01,1.165948212146759033e-01,3.625225648283958435e-02,-4.362929984927177429e-02,-2.647876739501953125e-02,2.138084918260574341e-02,1.432941257953643799e-01,3.328198194503784180e-02,-1.004629768431186676e-02,1.376699358224868774e-01,3.055005371570587158e-01,1.271499097347259521e-01,6.966349482536315918e-02,-1.032446995377540588e-01,-1.449611634016036987e-01,-5.412793904542922974e-02,-9.164259582757949829e-02,-1.322506666183471680e-01,-1.485083699226379395e-01,-2.168463468551635742e-01,-2.645946443080902100e-01,-2.942494451999664307e-01,-2.912513315677642822e-01,-3.276589810848236084e-01,-1.849525719881057739e-01,7.929769903421401978e-02,6.927927583456039429e-02,3.862666711211204529e-02,-8.624222874641418457e-02,-6.334774196147918701e-02,-1.064368411898612976e-01,-4.688647389411926270e-02,-1.280708163976669312e-01,9.636235237121582031e-02,-1.683378368616104126e-01,2.467633038759231567e-02,-9.437721222639083862e-02,-4.489552602171897888e-02,-1.443340480327606201e-01,6.740861106663942337e-03,1.143640559166669846e-02,1.549313813447952271e-01,2.279626727104187012e-01,-4.533663019537925720e-02,-6.068373098969459534e-02,2.298637032508850098e-01,1.546408236026763916e-01,3.398044407367706299e-02,-1.453772187232971191e-03,-8.712445199489593506e-02,2.025255002081394196e-02,3.097034431993961334e-02,-2.692113816738128662e-02,2.570954561233520508e-01,1.761654764413833618e-01,4.647066071629524231e-02,-8.156384527683258057e-02,4.784828126430511475e-01,4.653490185737609863e-01,4.600531887263059616e-03,8.136150985956192017e-02,-1.992098055779933929e-02,5.650623887777328491e-02,-8.635774999856948853e-02,5.174549669027328491e-02,-5.161074176430702209e-02,-1.150156855583190918e-01,-2.030567526817321777e-01,-7.224781066179275513e-02,-1.458619534969329834e-01,8.706490509212017059e-03,-2.188162133097648621e-02,2.085327655076980591e-01,-5.205909535288810730e-02,1.412326544523239136e-01,-2.098878473043441772e-01,2.056973986327648163e-02,1.429646648466587067e-02,2.421577870845794678e-01,-6.919106096029281616e-02,8.891943842172622681e-02,-2.095178514719009399e-01,-1.652173101902008057e-01,-3.125118091702461243e-02,3.160621970891952515e-02,-2.024797499179840088e-01,6.074191629886627197e-02
3.716042265295982361e-02,-1.174956187605857849e-01,3.436624407768249512e-01,4.483264982700347900e-01,-1.065702456980943680e-02,9.464836679399013519e-03,0.000000000000000000e+00,1.939163058996200562e-01,2.347191870212554932e-01,4.548597149550914764e-03,5.257658660411834717e-02,-1.808701902627944946e-01,3.316592276096343994e-01,-4.607444256544113159e-02,-1.480812951922416687e-02,-3.333021327853202820e-02,-9.995654225349426270e-02,-3.665621578693389893e-01,2.480331659317016602e-01,-2.081221640110015869e-01,-2.410276234149932861e-01,-2.006200700998306274e-01,3.674386441707611084e-01,1.768372803926467896e-01,1.909194886684417725e-01,2.221419662237167358e-01,-1.161019280552864075e-01,-1.245715171098709106e-01,-8.676975965499877930e-02,-2.802748680114746094e-01,1.653310507535934448e-01,8.585175871849060059e-02,3.398333489894866943e-02,-1.096462160348892212e-01,1.420082747936248779e-01,-7.749559730291366577e-02,2.235520444810390472e-02,-9.010481089353561401e-02,-5.136540159583091736e-02,-1.445795595645904541e-01,-6.784927845001220703e-02,-1.388600170612335205e-01,6.700035929679870605e-02,-1.294697634875774384e-02,-2.559079043567180634e-02,-1.005051657557487488e-01,-9.129205346107482910e-02,-1.463625729084014893e-01,4.677623510360717773e-03,1.367125753313302994e-02,-5.819809809327125549e-02,7.771325297653675079e-03,-1.657847017049789429e-01,7.254952192306518555e-02,-2.771379053592681885e-01,-3.467173501849174500e-02,-5.951641499996185303e-02,-1.045600175857543945e-01,5.074406042695045471e-02,-1.417471915483474731e-01,2.732749879360198975e-01,9.502932429313659668e-02,-5.195865035057067871e-02,-1.238042190670967102e-01,3.577556908130645752e-01,2.831041514873504639e-01,2.968930304050445557e-01,2.899556048214435577e-02,-2.076790779829025269e-01,-2.166233360767364502e-01,4.907196387648582458e-03,1.093229353427886963e-01,-1.617398671805858612e-02,-1.484764963388442993e-01,-1.868755817413330078e-01,2.500177361071109772e-02,-1.932563493028283119e-03,6.071588397026062012e-02,1.229289174079895020e-01,1.688838563859462738e-02,-3.493003249168395996e-01,-1.512283980846405029e-01,-4.071487188339233398e-01,-2.209797650575637817e-01,5.069635226391255856e-04,1.190315559506416321e-01,-2.514517009258270264e-01,-1.474804729223251343e-01,-2.231548130512237549e-01,1.054416820406913757e-01,5.408797040581703186e-02,2.748994827270507812e-01,-6.908299773931503296e-02,3.331024348735809326e-01,-9.272188693284988403e-02,-1.357312686741352081e-02,-1.519725322723388672e-01,-5.913827568292617798e-02,-2.587200999259948730e-01,9.868596494197845459e-02,-7.297233492136001587e-02,3.155390024185180664e-01,-4.095432162284851074e-01,2.537481859326362610e-02,-1.824567914009094238e-01,1.565990895032882690e-01,-4.951658844947814941e-02,-1.431255601346492767e-02,4.546649288386106491e-03,-2.144135683774948120e-01,4.751680418848991394e-02,-2.161877229809761047e-02,-9.911716729402542114e-02,-3.963252305984497070e-01,-1.910588517785072327e-02,3.027079105377197266e-01
-1.920563131570816040e-01,-2.564053609967231750e-02,-1.818708330392837524e-01,4.986768066883087158e-01,-4.722660034894943237e-02,-2.164595574140548706e-01,1.939163058996200562e-01,0.000000000000000000e+00,7.970525324344635010e-02,-1.523167043924331665e-01,-9.250935167074203491e-02,2.748547792434692383e-01,-5.898809805512428284e-02,4.131331145763397217e-01,-2.864727377891540527e-01,-3.143473863601684570e-01,-1.657597273588180542e-01,1.117299124598503113e-01,-1.030177250504493713e-01,-2.541068568825721741e-02,-3.759406507015228271e-01,-6.545348465442657471e-02,-1.811347901821136475e-01,2.999456226825714111e-02,-1.206576079130172729e-01,9.680128842592239380e-02,-2.029676139354705811e-01,-2.629155814647674561e-01,-5.230870842933654785e-02,1.425787955522537231e-01,-4.471797496080398560e-02,1.282262504100799561e-01,1.200900226831436157e-01,3.281822204589843750e-01,-1.238597184419631958e-02,2.128165028989315033e-02,-1.059316620230674744e-01,-9.568452835083007812e-02,6.233064923435449600e-03,-2.183743864297866821e-01,-9.786471724510192871e-02,3.647579625248908997e-02,2.230222895741462708e-02,-8.456954360008239746e-02,3.129863413050770760e-03,6.242769956588745117e-02,-9.562224149703979492e-02,-1.519168019294738770e-01,1.683182269334793091e-01,9.402077645063400269e-02,1.106326505541801453e-01,5.676951259374618530e-02,1.633463650941848755e-01,-9.098598361015319824e-02,-5.852557718753814697e-02,-1.735642105340957642e-01,-2.788154967129230499e-02,8.491445332765579224e-02,2.166776955127716064e-01,9.289280325174331665e-02,3.166263997554779053e-01,5.501782894134521484e-01,-2.670309506356716156e-02,2.802770137786865234e-01,-6.927771866321563721e-02,4.146269261837005615e-01,2.009404706768691540e-04,2.651980519294738770e-01,-1.857560873031616211e-01,-7.362214475870132446e-02,3.612447157502174377e-02,-8.504457026720046997e-02,-3.923207893967628479e-02,3.752041084226220846e-04,-6.891938298940658569e-02,-9.094284474849700928e-02,-1.999493539333343506e-01,-1.013786196708679199e-01,1.737767904996871948e-01,-4.306419566273689270e-02,1.523474156856536865e-01,2.962016686797142029e-02,-1.997794806957244873e-01,-7.067971676588058472e-02,-1.225216016173362732e-01,9.005294740200042725e-02,-2.469716817140579224e-01,-3.356692194938659668e-01,5.703501030802726746e-02,7.270586211234331131e-03,2.691850960254669189e-01,-1.852067112922668457e-01,2.398819774389266968e-01,-9.150240570306777954e-02,-3.104898333549499512e-02,-5.446449387818574905e-03,1.820227131247520447e-02,-1.839728653430938721e-02,-2.212228486314415932e-03,-7.733369618654251099e-02,9.591661393642425537e-02,-1.816070675849914551e-01,-1.193070933222770691e-01,-2.710879743099212646e-01,1.315484941005706787e-01,-1.407925635576248169e-01,-1.463028788566589355e-02,-1.416840851306915283e-01,1.203927770256996155e-01,-8.058547228574752808e-02,1.181257590651512146e-01,3.651392832398414612e-02,-1.914819180965423584e-01,-9.083192795515060425e-02,-3.022847138345241547e-02,1.112009063363075256e-01
4.963535349816083908e-03,1.103360578417778015e-01,1.216687560081481934e-01,8.805181086063385010e-02,4.558024406433105469e-01,2.567254900932312012e-01,2.347191870212554932e-01,7.970525324344635010e-02,0.000000000000000000e+00,2.374334186315536499e-01,1.110652312636375427e-01,-1.728272140026092529e-01,2.736535966396331787e-01,-3.230393305420875549e-02,2.790541052818298340e-01,1.133678480982780457e-01,-2.855026721954345703e-01,-9.343628585338592529e-02,1.002497076988220215e-01,-1.685969978570938110e-01,4.374404251575469971e-02,2.262880839407444000e-02,1.635567396879196167e-01,-7.028488069772720337e-02,1.640777140855789185e-01,9.733381122350692749e-02,3.037163019180297852e-01,1.472730636596679688e-01,-2.454257309436798096e-01,-1.957119703292846680e-01,-8.243896067142486572e-02,-1.046269983053207397e-01,-1.914586722850799561e-01,-1.686964631080627441e-01,6.807643920183181763e-02,-8.889274299144744873e-02,5.368627607822418213e-02,8.565415441989898682e-02,5.702568218111991882e-02,1.081992313265800476e-01,5.119445174932479858e-02,9.362587332725524902e-02,-9.778476506471633911e-02,-2.634368240833282471e-01,-1.663410365581512451e-01,-2.010895907878875732e-01,-2.140778452157974243e-01,-2.661740481853485107e-01,-5.631462857127189636e-02,-7.594151794910430908e-02,4.148367792367935181e-02,5.430679768323898315e-03,7.014480233192443848e-02,-1.233837828040122986e-01,2.228035405278205872e-02,-1.685133725404739380e-01,1.855456382036209106e-01,1.663095504045486450e-01,1.085132732987403870e-01,-8.528913557529449463e-02,3.591149449348449707e-01,1.288225874304771423e-02,-1.013457328081130981e-01,-3.278067111968994141e-01,3.376938998699188232e-01,2.318938374519348145e-01,1.811825186014175415e-01,-7.892830669879913330e-02,1.557102650403976440e-01,-7.184106111526489258e-02,1.387310475111007690e-01,1.188271790742874146e-01,-6.458282470703125000e-02,-1.965157538652420044e-01,1.960307918488979340e-02,-4.143403843045234680e-02,-9.477771073579788208e-02,-2.413841784000396729e-01,4.172679409384727478e-02,2.602258324623107910e-02,5.385444685816764832e-02,3.021768666803836823e-02,-6.792706903070211411e-03,1.168112922459840775e-02,2.733941078186035156e-01,1.998851820826530457e-02,1.237781047821044922e-01,3.719303384423255920e-02,2.231464684009552002e-01,3.248449042439460754e-02,1.523052006959915161e-01,3.387502580881118774e-02,1.557154357433319092e-01,5.016350373625755310e-02,4.101028293371200562e-02,8.132425695657730103e-02,-2.412762939929962158e-01,-1.253390759229660034e-01,-4.156299531459808350e-01,-3.933785110712051392e-02,3.405414894223213196e-02,1.448546303436160088e-03,-3.645179569721221924e-01,-2.480397671461105347e-01,-3.667565062642097473e-02,3.701497334986925125e-03,-7.040173560380935669e-02,-1.786767542362213135e-01,-5.559508129954338074e-02,1.227727606892585754e-01,-1.381809413433074951e-01,-5.218864604830741882e-02,-2.025149166584014893e-01,-1.678094714879989624e-01,-2.274098992347717285e-01,1.741259992122650146e-01
7.425621151924133301e-02,-1.607330888509750366e-01,1.604725569486618042e-01,-8.865585923194885254e-02,2.990514338016510010e-01,3.901973068714141846e-01,4.548597149550914764e-03,-1.523167043924331665e-01,2.374334186315536499e-01,0.000000000000000000e+00,2.274481952190399170e-02,-3.135682940483093262e-01,1.387767493724822998e-01,-1.705303639173507690e-01,3.006872534751892090e-01,5.792583227157592773e-01,-1.457330137491226196e-01,-3.508462011814117432e-01,5.386124178767204285e-02,-1.906455606222152710e-01,2.360069900751113892e-01,2.643197178840637207e-01,7.686482369899749756e-02,9.205062687397003174e-02,-4.712735116481781006e-02,-4.445949196815490723e-02,4.694709479808807373e-01,3.495608270168304443e-01,-2.109269201755523682e-01,-3.365366160869598389e-01,-9.635300189256668091e-02,-2.382647097110748291e-01,-3.259069025516510010e-01,-3.182609975337982178e-01,4.057792574167251587e-02,1.514042019844055176e-01,2.282766997814178467e-02,-2.819514088332653046e-02,1.995592862367630005e-01,4.379435777664184570e-01,-5.332369357347488403e-03,5.598870292305946350e-02,-1.799378395080566406e-01,-1.135021075606346130e-01,-2.051191627979278564e-01,-2.332668006420135498e-01,-1.626692712306976318e-01,-1.373028308153152466e-01,-3.806438148021697998e-01,-2.059018611907958984e-01,-3.368718624114990234e-01,-1.050457358360290527e-01,-3.345659673213958740e-01,2.600010670721530914e-02,-1.165834069252014160e-01,6.558422744274139404e-02,-1.141806766390800476e-01,-8.980970829725265503e-02,-2.138275057077407837e-01,1.766865514218807220e-02,-1.168710589408874512e-01,-2.388199232518672943e-02,2.895842120051383972e-02,-3.388903439044952393e-01,1.011525914072990417e-01,6.041268631815910339e-02,-6.443104706704616547e-03,-1.406155675649642944e-01,7.170968502759933472e-02,-1.245605424046516418e-01,2.653829753398895264e-01,3.390142321586608887e-01,-1.628951542079448700e-02,-7.661868631839752197e-02,2.362094670534133911e-01,4.178925231099128723e-02,-2.784665673971176147e-02,5.088932812213897705e-02,-1.335436552762985229e-01,3.187980353832244873e-01,-1.464167535305023193e-01,5.459704995155334473e-02,3.303251415491104126e-02,1.525565981864929199e-01,-1.790169999003410339e-02,1.904608160257339478e-01,2.681545615196228027e-01,3.830648064613342285e-01,-1.147333383560180664e-01,2.590487003326416016e-01,-1.996060162782669067e-01,2.672616243362426758e-01,-2.533584535121917725e-01,1.322586983442306519e-01,3.948203101754188538e-02,1.960432901978492737e-02,-2.044116258621215820e-01,6.872608512639999390e-02,6.085710600018501282e-03,1.960757076740264893e-01,-1.376877874135971069e-01,2.094595730304718018e-01,-9.440279006958007812e-02,2.537344098091125488e-01,-2.040266096591949463e-01,1.119594871997833252e-01,-1.526232659816741943e-01,1.965128928422927856e-01,3.230098634958267212e-02,-2.863293141126632690e-02,-2.774579226970672607e-01,-9.062213450670242310e-02,1.197415962815284729e-01,3.958801180124282837e-02,-2.858234569430351257e-02,-3.732727095484733582e-02
4.391419589519500732e-01,2.605738043785095215e-01,-1.772389113903045654e-01,-1.587091982364654541e-01,3.237619623541831970e-02,1.959854364395141602e-02,5.257658660411834717e-02,-9.250935167074203491e-02,1.110652312636375427e-01,2.274481952190399170e-02,0.000000000000000000e+00,2.853158712387084961e-01,5.492924451828002930e-01,2.528863847255706787e-01,1.265154182910919189e-01,-2.752539515495300293e-02,-1.276434306055307388e-02,3.696049377322196960e-02,3.353070318698883057e-01,1.167272403836250305e-01,-1.172729805111885071e-01,-1.495265066623687744e-01,9.550538659095764160e-02,-4.958169534802436829e-02,-1.239385381340980530e-01,-2.041824758052825928e-01,4.845550283789634705e-02,-1.393055617809295654e-01,1.085650622844696045e-01,5.006345361471176147e-02,-4.976698756217956543e-02,-8.988121151924133301e-02,-1.021268367767333984e-01,-1.773130744695663452e-01,-2.485537976026535034e-01,-2.998239994049072266e-01,-8.748483657836914062e-02,-1.494418829679489136e-01,-7.097891718149185181e-02,-1.368265897035598755e-01,1.815615147352218628e-01,7.238655537366867065e-02,-1.353853642940521240e-01,-1.748081669211387634e-02,-2.830120325088500977e-01,-1.635794788599014282e-01,-7.488913089036941528e-02,-2.060729265213012695e-01,-6.578350812196731567e-02,-8.813107758760452271e-02,1.966715557500720024e-03,-9.095939248800277710e-02,8.297435194253921509e-02,-1.130047738552093506e-01,2.241745777428150177e-02,-8.104266226291656494e-02,3.546575903892517090e-01,2.370516508817672729e-01,2.870844304561614990e-02,-8.120229095220565796e-02,2.406539022922515869e-01,-8.752647787332534790e-02,4.050844609737396240e-01,5.946572497487068176e-02,1.308449078351259232e-02,-1.199538186192512512e-01,-2.540656924247741699e-01,-3.966096639633178711e-01,5.888530239462852478e-02,2.961622737348079681e-02,-4.166829213500022888e-02,2.901178784668445587e-02,1.473263204097747803e-01,1.551079303026199341e-01,-4.098221659660339355e-02,-2.266214229166507721e-02,1.280175298452377319e-01,-3.018352203071117401e-03,-7.218888401985168457e-02,-5.683387815952301025e-02,2.823424991220235825e-03,7.920151948928833008e-02,3.730958094820380211e-03,-1.208459865301847458e-02,2.768595516681671143e-01,-6.454523652791976929e-02,2.296800352632999420e-02,9.390941821038722992e-03,2.612247765064239502e-01,-4.810927063226699829e-02,-3.081476874649524689e-02,3.395252302289009094e-02,2.277348004281520844e-02,2.545490115880966187e-02,-1.793600916862487793e-01,-1.898376196622848511e-01,-2.735613379627466202e-03,-1.393301635980606079e-01,-1.579831987619400024e-01,9.087332338094711304e-02,-3.722817823290824890e-02,5.973298475146293640e-02,-2.045822516083717346e-02,1.133794547058641911e-03,9.056807495653629303e-03,-1.924989223480224609e-01,-1.453883200883865356e-01,-3.669387474656105042e-02,6.087713316082954407e-02,-1.706081558950245380e-03,-7.259121164679527283e-03,-1.608151644468307495e-01,-1.728265136480331421e-01,-1.573569923639297485e-01,-7.459586858749389648e-02,1.436378508806228638e-01
1.909474879503250122e-01,3.012888133525848389e-01,-5.290450453758239746e-01,6.858420092612504959e-03,-2.710513472557067871e-01,-2.123360335826873779e-01,-1.808701902627944946e-01,2.748547792434692383e-01,-1.728272140026092529e-01,-3.135682940483093262e-01,2.853158712387084961e-01,0.000000000000000000e+00,7.633808255195617676e-02,5.743144750595092773e-01,-1.802997887134552002e-01,-3.213879168033599854e-01,-5.871213972568511963e-03,2.636033892631530762e-01,-5.057497182860970497e-04,3.348770141601562500e-01,-3.263780772686004639e-01,-1.701702326536178589e-01,-3.254707753658294678e-01,-3.159509599208831787e-02,-3.670674562454223633e-01,-2.871109545230865479e-01,-2.571766674518585205e-01,-3.689779341220855713e-01,1.037904843688011169e-01,3.209675848484039307e-01,-1.150118410587310791e-01,1.883275253931060433e-04,6.181325018405914307e-02,1.777011305093765259e-01,-3.366128802299499512e-01,-1.188967153429985046e-01,-2.180470973253250122e-01,-2.689062952995300293e-01,-6.030610948801040649e-02,-2.568245530128479004e-01,1.223077327013015747e-01,9.232614934444427490e-02,-2.289179526269435883e-02,4.916717857122421265e-02,-8.389340341091156006e-02,7.156455516815185547e-02,3.248404711484909058e-02,-2.145541273057460785e-02,1.317607909440994263e-01,1.659093201160430908e-01,2.910117805004119873e-01,1.290343403816223145e-01,2.919935882091522217e-01,-3.036010079085826874e-02,2.873786091804504395e-01,1.074362099170684814e-01,1.277296990156173706e-01,1.852287054061889648e-01,2.148617506027221680e-01,1.743158996105194092e-01,1.512429863214492798e-01,1.876406222581863403e-01,1.203744933009147644e-01,3.913823664188385010e-01,-3.413332998752593994e-01,-9.459817409515380859e-02,-3.028858900070190430e-01,-2.883957512676715851e-02,-1.071951761841773987e-01,1.890100687742233276e-01,-1.717715412378311157e-01,-2.553455531597137451e-01,1.344662308692932129e-01,2.549903988838195801e-01,-4.824429750442504883e-02,3.315449506044387817e-02,3.726091608405113220e-02,8.300797082483768463e-03,-2.455725893378257751e-02,-3.123710453510284424e-01,1.645521670579910278e-01,2.676225081086158752e-02,3.219289705157279968e-02,6.453565321862697601e-03,-1.096366625279188156e-02,6.660462822765111923e-03,-1.544482260942459106e-01,-2.299166321754455566e-01,1.696546673774719238e-01,-9.222812950611114502e-02,1.416322439908981323e-01,-2.921220958232879639e-01,1.197639405727386475e-01,-1.860983967781066895e-01,-1.648181676864624023e-01,-1.733840554952621460e-01,1.336916387081146240e-01,-9.001589566469192505e-02,1.208084300160408020e-01,-1.579344868659973145e-01,1.470638066530227661e-01,-1.438974291086196899e-01,1.763639152050018311e-01,-1.697066426277160645e-01,1.381026655435562134e-01,-2.625238597393035889e-01,4.766617715358734131e-02,-3.413977473974227905e-02,3.938090056180953979e-02,6.595180369913578033e-03,1.585043072700500488e-01,-1.460035294294357300e-01,-1.199329420924186707e-01,-6.167976558208465576e-02,2.609950304031372070e-02,6.750806421041488647e-02
3.556429743766784668e-01,1.248008310794830322e-01,7.698130607604980469e-02,-1.448984164744615555e-02,9.555138647556304932e-02,3.980305045843124390e-02,3.316592276096343994e-01,-5.898809805512428284e-02,2.736535966396331787e-01,1.387767493724822998e-01,5.492924451828002930e-01,7.633808255195617676e-02,0.000000000000000000e+00,2.336821556091308594e-01,2.012921720743179321e-01,1.044640094041824341e-01,-5.316216498613357544e-02,-1.992792934179306030e-01,3.245078325271606445e-01,-8.437497913837432861e-02,-8.199964463710784912e-02,-1.575771719217300415e-01,2.902315557003021240e-01,8.043585717678070068e-02,-1.961843296885490417e-02,-1.133551746606826782e-01,6.307956576347351074e-02,-5.656096339225769043e-02,-4.952171817421913147e-02,-1.794369220733642578e-01,-8.695166558027267456e-02,-1.097669377923011780e-01,-1.431736052036285400e-01,-3.501192331314086914e-01,-1.387976557016372681e-01,-1.956704556941986084e-01,-1.817712374031543732e-02,-1.402251124382019043e-01,-5.513029918074607849e-02,-7.811503112316131592e-02,1.591191887855529785e-01,3.849786520004272461e-02,-2.145720869302749634e-01,-1.822936981916427612e-01,-3.263310790061950684e-01,-2.920010685920715332e-01,-1.706829220056533813e-01,-2.778955101966857910e-01,-2.057093381881713867e-01,-1.693159341812133789e-01,-8.004107326269149780e-02,-7.423406094312667847e-02,-7.847301661968231201e-02,-5.858684331178665161e-02,-1.780046820640563965e-01,-1.018762961030006409e-01,1.310066431760787964e-01,1.133585870265960693e-01,-4.076185170561075211e-03,-2.083760872483253479e-02,3.463549017906188965e-01,-1.305695064365863800e-02,2.292362749576568604e-01,-1.375843286514282227e-01,1.847795993089675903e-01,3.056371025741100311e-02,-9.366598725318908691e-02,-3.893197774887084961e-01,5.422110110521316528e-02,-1.787712126970291138e-01,4.186069127172231674e-03,8.817624300718307495e-02,7.967130839824676514e-02,3.104260424152016640e-03,-7.994707673788070679e-02,-5.546630173921585083e-02,5.300419777631759644e-02,6.456487625837326050e-02,-1.213902514427900314e-02,2.583017200231552124e-02,-2.051760256290435791e-01,-8.778626471757888794e-02,-5.377041921019554138e-02,-1.835713349282741547e-02,2.324108928442001343e-01,5.279552936553955078e-02,-4.231818020343780518e-02,3.964628279209136963e-02,7.931884378194808960e-02,4.730425402522087097e-02,-1.155261471867561340e-01,2.069957554340362549e-01,-9.442986547946929932e-02,1.604873836040496826e-01,-6.809148937463760376e-02,-6.482309848070144653e-02,-2.250083684921264648e-01,-9.724912792444229126e-02,-2.349371314048767090e-01,5.590257421135902405e-02,-4.810689389705657959e-02,1.935185045003890991e-01,-1.713606864213943481e-01,7.780255377292633057e-02,-1.764721423387527466e-01,-5.048403888940811157e-02,-1.050695255398750305e-01,-3.798248653765767813e-04,-4.826928302645683289e-02,-1.352994292974472046e-01,-1.118342950940132141e-01,-2.251473069190979004e-01,-6.758989393711090088e-02,-2.636181414127349854e-01,-5.233164504170417786e-02,1.323686689138412476e-01
