0.000000000000000000e+00,5.251044034957885742e-01,3.782268166542053223e-01,3.271929025650024414e-01,1.561786532402038574e-01,-1.351667195558547974e-01,4.468791186809539795e-01,2.843680977821350098e-01,1.523339450359344482e-01,-1.951777040958404541e-01,4.081109166145324707e-01,1.411484032869338989e-01,3.143343925476074219e-01,9.907348081469535828e-03,1.230766903609037399e-02,-1.745307743549346924e-01,-1.669113636016845703e-01,-1.286001652479171753e-01,4.252659976482391357e-01,4.292386174201965332e-01,-2.743453159928321838e-02,-5.272732302546501160e-02,1.198040843009948730e-01,9.118178486824035645e-02,-1.400851011276245117e-01,-1.485223621129989624e-01,9.229605644941329956e-02,-5.006638821214437485e-03,-2.362896921113133430e-03,-9.604468010365962982e-03,2.532399892807006836e-01,4.649764671921730042e-02,8.039572834968566895e-02,4.811212792992591858e-02,7.417800277471542358e-02,-1.646780818700790405e-01,-2.620738744735717773e-01,-3.315151929855346680e-01,-1.271308809518814087e-01,-1.228100359439849854e-01,-4.160130769014358521e-02,-1.138339862227439880e-01,-1.699047088623046875e-01,-5.221600830554962158e-02,1.035914272069931030e-01,8.237626403570175171e-02,-1.626989692449569702e-01,-1.934273242950439453e-01,7.673909515142440796e-02,6.592887639999389648e-02,-2.023158222436904907e-02,-2.383016608655452728e-02,-5.623833462595939636e-02,-8.719835430383682251e-02,-8.511529862880706787e-02,-3.656246513128280640e-02,4.182906746864318848e-01,3.402143120765686035e-01,3.288244605064392090e-01,3.083932995796203613e-01,3.233770728111267090e-01,2.576521039009094238e-01,1.256906241178512573e-01,1.505872607231140137e-01,-4.895681142807006836e-02,-3.742462024092674255e-02,1.781659275293350220e-01,5.637995153665542603e-02,3.912025392055511475e-01,4.492268264293670654e-01,1.951837390661239624e-01,2.397220283746719360e-01,2.002324610948562622e-01,8.414240181446075439e-02,6.355861574411392212e-02,-9.727402590215206146e-03,7.731291651725769043e-02,9.800223633646965027e-03,-1.321352422237396240e-01,-1.158837527036666870e-01,-8.919852972030639648e-02,-9.261158108711242676e-02,-2.175292074680328369e-01,-1.183385625481605530e-01,-1.187058091163635254e-01,-1.545493006706237793e-01,-7.190556265413761139e-03,-9.294703602790832520e-02,-3.051697090268135071e-02,-1.633751541376113892e-01,-1.440012902021408081e-01,-1.913678199052810669e-01,-1.570143252611160278e-01,-1.295821815729141235e-01,-5.826169252395629883e-02,-1.036045490764081478e-03,-1.288582291454076767e-02,-2.448472566902637482e-02,-9.268775582313537598e-02,8.790986612439155579e-03,-7.899820804595947266e-02,1.906945928931236267e-02,-5.910129472613334656e-02,-9.046975523233413696e-02,-1.292274296283721924e-01,-1.234164237976074219e-01,3.360354155302047729e-02,-1.569997519254684448e-02,-1.137917339801788330e-01,-1.855501681566238403e-01,-1.474985182285308838e-01,-1.103269532322883606e-01,7.292601466178894043e-02,-2.286854237318038940e-01,-7.669772207736968994e-02,4.884637519717216492e-02
5.251044034957885742e-01,0.000000000000000000e+00,2.705212831497192383e-01,2.051237225532531738e-01,3.372987732291221619e-02,-6.245062127709388733e-02,3.626267015933990479e-01,3.332788050174713135e-01,-6.083944067358970642e-02,-9.211237728595733643e-02,1.694882959127426147e-01,1.877409964799880981e-01,1.162884756922721863e-01,1.255315095186233521e-01,-1.620646119117736816e-01,-1.286538988351821899e-01,-2.496314048767089844e-01,-8.783043920993804932e-02,3.568327426910400391e-01,5.467469692230224609e-01,-2.079242765903472900e-01,-2.555072903633117676e-01,6.041696667671203613e-02,2.855609543621540070e-02,-1.280637085437774658e-01,-5.060810595750808716e-02,-3.516752645373344421e-02,-1.622609645128250122e-01,-4.640052467584609985e-02,-1.061814948916435242e-01,1.633224785327911377e-01,2.856444194912910461e-02,9.278649836778640747e-02,9.238555282354354858e-02,-3.491260856389999390e-02,-9.675990790128707886e-02,-3.100832998752593994e-01,-3.035370409488677979e-01,-2.723703384399414062e-01,-2.360817342996597290e-01,-1.331026852130889893e-01,-1.983430534601211548e-01,-1.696795225143432617e-01,4.412972182035446167e-02,6.762043386697769165e-02,2.194992750883102417e-01,-7.927621901035308838e-02,-8.861978352069854736e-02,8.201684802770614624e-02,1.292347908020019531e-01,2.685641869902610779e-02,-3.212956245988607407e-03,3.298960626125335693e-02,-2.546508610248565674e-02,-8.780264109373092651e-02,-8.719079196453094482e-02,4.729200899600982666e-01,5.522726774215698242e-01,3.414374887943267822e-01,3.243720829486846924e-01,2.357731163501739502e-01,2.813796103000640869e-01,2.803184092044830322e-02,2.652174532413482666e-01,-1.695843636989593506e-01,-2.062955349683761597e-01,4.209658876061439514e-02,3.358120098710060120e-02,4.246340692043304443e-01,3.426910638809204102e-01,1.569290012121200562e-01,1.390367597341537476e-01,9.130798280239105225e-02,6.561870127916336060e-02,1.620360463857650757e-01,-6.358063966035842896e-02,1.047731861472129822e-01,-2.782153431326150894e-03,-9.554396569728851318e-02,-1.841991692781448364e-01,-1.877723336219787598e-01,-2.351819574832916260e-01,-2.447874844074249268e-01,-2.441856265068054199e-01,-1.973252296447753906e-01,-1.723308265209197998e-01,-1.319903433322906494e-01,-2.165461033582687378e-01,-1.249381229281425476e-01,-1.849806308746337891e-01,-3.016117401421070099e-02,-1.048569679260253906e-01,-5.247307568788528442e-02,-1.491480171680450439e-01,-2.051512338221073151e-02,-7.869061827659606934e-02,-1.706839352846145630e-02,-2.138585411012172699e-02,7.126531749963760376e-02,5.793268606066703796e-02,5.952711403369903564e-02,-3.545852005481719971e-02,3.889886662364006042e-02,-6.187381967902183533e-02,-1.399899870157241821e-01,-1.690454483032226562e-01,1.308870688080787659e-02,-6.376145035028457642e-02,-1.293632537126541138e-01,-1.801016926765441895e-01,-1.384788155555725098e-01,-1.901927962899208069e-02,-1.618924085050821304e-03,-1.153434216976165771e-01,-1.386923491954803467e-01,-2.473897114396095276e-02
3.782268166542053223e-01,2.705212831497192383e-01,0.000000000000000000e+00,4.938537776470184326e-01,1.731926053762435913e-01,-1.403494924306869507e-01,6.846258044242858887e-01,2.904807217419147491e-02,2.456213235855102539e-01,-3.833278417587280273e-01,1.244486942887306213e-01,-1.114945206791162491e-02,3.559532761573791504e-01,-2.872790396213531494e-01,1.904828846454620361e-01,9.884888678789138794e-02,-1.089834421873092651e-01,-8.509681373834609985e-02,3.759171366691589355e-01,3.442627489566802979e-01,1.203896924853324890e-01,4.966059699654579163e-02,4.206726551055908203e-01,4.946743249893188477e-01,2.155100367963314056e-02,-1.352312713861465454e-01,2.078153342008590698e-01,1.326262801885604858e-01,-6.593375653028488159e-02,-1.237570308148860931e-02,4.208606779575347900e-01,2.346739172935485840e-01,-4.316176054999232292e-04,-3.581838309764862061e-02,3.461954295635223389e-01,-2.985421381890773773e-02,5.728228017687797546e-03,-1.763312518596649170e-01,4.612712562084197998e-02,5.052852258086204529e-02,1.495273709297180176e-01,-8.760966360569000244e-02,-1.966952681541442871e-01,-2.399268597364425659e-01,-3.540690243244171143e-02,-1.411027759313583374e-01,-2.587269544601440430e-01,-1.975985020399093628e-01,-9.680669754743576050e-02,-1.035631448030471802e-01,-2.389628887176513672e-01,-1.907809376716613770e-01,-3.114432990550994873e-01,-2.213544994592666626e-01,-3.305143117904663086e-01,3.656481206417083740e-02,2.434095889329910278e-01,1.662839353084564209e-01,1.621490120887756348e-01,8.660384267568588257e-02,1.018763035535812378e-01,6.216198205947875977e-02,1.469549983739852905e-01,-2.414891496300697327e-02,1.330945193767547607e-01,2.533146925270557404e-02,3.727962970733642578e-01,1.153076067566871643e-01,3.341054320335388184e-01,3.816505670547485352e-01,3.355461955070495605e-01,4.371615946292877197e-01,1.213926896452903748e-01,-7.762984838336706161e-03,9.012338519096374512e-02,8.151504397392272949e-02,1.331543177366256714e-01,1.115840580314397812e-02,-2.589214444160461426e-01,-7.888860255479812622e-02,-2.249480187892913818e-01,-1.035863161087036133e-01,-2.408295124769210815e-01,-6.643877364695072174e-03,-2.053398638963699341e-01,-9.811501950025558472e-02,3.475059568881988525e-02,1.333932131528854370e-01,-1.655841767787933350e-01,5.547093600034713745e-02,-2.580029070377349854e-01,-1.030325070023536682e-01,-2.820123136043548584e-01,1.931803673505783081e-01,3.784975409507751465e-02,4.016460105776786804e-02,-2.820299379527568817e-02,-3.331490792334079742e-03,-9.948586672544479370e-02,1.590193063020706177e-01,-1.614789068698883057e-01,1.986977308988571167e-01,6.538642942905426025e-02,1.392142027616500854e-01,-3.405768051743507385e-02,-1.422884874045848846e-02,1.226824149489402771e-01,1.799512952566146851e-01,-6.897686421871185303e-02,-2.549329996109008789e-01,-1.382962018251419067e-01,-1.787298619747161865e-01,9.626912325620651245e-02,-2.450380660593509674e-02,-5.137369781732559204e-02,5.063208565115928650e-02
3.271929025650024414e-01,2.051237225532531738e-01,4.938537776470184326e-01,0.000000000000000000e+00,2.838974595069885254e-01,-1.582246422767639160e-01,4.267572462558746338e-01,3.106236755847930908e-01,2.511048316955566406e-01,-3.293690979480743408e-01,1.657700389623641968e-01,9.311949461698532104e-02,2.192979902029037476e-01,-1.677769720554351807e-01,5.546582862734794617e-02,6.120210513472557068e-02,-1.232381016016006470e-01,-1.877092719078063965e-01,3.438191115856170654e-01,3.647043406963348389e-01,-5.116720683872699738e-03,1.334352791309356689e-01,1.531522572040557861e-01,3.548168241977691650e-01,-4.126457870006561279e-02,-9.747548401355743408e-02,1.404961943626403809e-01,4.283064231276512146e-02,-2.590827085077762604e-02,6.813317537307739258e-02,4.235371351242065430e-01,1.528702527284622192e-01,4.839517176151275635e-02,1.644835807383060455e-02,1.869189441204071045e-01,2.925417199730873108e-02,-7.464279234409332275e-02,-1.738464534282684326e-01,-1.131100021302700043e-02,-6.840489059686660767e-02,8.191045373678207397e-02,6.261207908391952515e-02,-2.719600200653076172e-01,-3.716289103031158447e-01,2.426168648526072502e-03,-8.292040228843688965e-02,-2.537855207920074463e-01,-2.023758590221405029e-01,-5.878702178597450256e-02,-9.344039857387542725e-02,-2.454815208911895752e-01,-1.666661649942398071e-01,-2.873091399669647217e-01,-1.925393193960189819e-01,-3.248972892761230469e-01,5.508643575012683868e-03,1.766133308410644531e-01,1.141951084136962891e-01,2.035077065229415894e-01,1.929861158132553101e-01,7.686705142259597778e-02,2.983060777187347412e-01,1.868148595094680786e-01,1.488478928804397583e-01,-9.988591820001602173e-02,1.005340069532394409e-01,3.953657150268554688e-01,2.759331166744232178e-01,3.479506373405456543e-01,2.962779998779296875e-01,2.631938457489013672e-01,3.473884761333465576e-01,1.694363504648208618e-01,1.273259669542312622e-01,4.030968621373176575e-02,4.082307964563369751e-02,1.419580280780792236e-01,9.786323457956314087e-02,-3.099721372127532959e-01,-1.078171953558921814e-01,-1.641260981559753418e-01,-1.972605288028717041e-02,-1.969257146120071411e-01,-1.470165103673934937e-01,-2.348524779081344604e-01,4.274946823716163635e-02,-7.667459547519683838e-02,-5.088521540164947510e-02,-2.821419835090637207e-01,6.591111421585083008e-02,-8.427298069000244141e-02,-2.706004679203033447e-01,-1.621199697256088257e-01,1.034479066729545593e-01,-3.684578463435173035e-02,-6.315940618515014648e-02,-7.138910889625549316e-02,2.707641106098890305e-03,-7.472033798694610596e-02,1.034568250179290771e-01,3.133383393287658691e-02,2.519297003746032715e-01,1.382617950439453125e-01,1.657047420740127563e-01,-1.238351911306381226e-01,-1.500631570816040039e-01,4.802642762660980225e-02,1.863975226879119873e-01,-1.031802296638488770e-01,-2.008473128080368042e-01,9.637451730668544769e-03,-2.302096188068389893e-01,7.229699939489364624e-02,-3.938164934515953064e-02,-1.807373315095901489e-01,-6.992843002080917358e-02
1.561786532402038574e-01,3.372987732291221619e-02,1.731926053762435913e-01,2.838974595069885254e-01,0.000000000000000000e+00,2.886047959327697754e-01,1.399236917495727539e-01,-5.171767622232437134e-02,5.177916884422302246e-01,4.860819876194000244e-02,1.102487519383430481e-01,-1.191465780138969421e-01,1.215067654848098755e-01,-1.889678090810775757e-01,1.971111744642257690e-01,3.030670620501041412e-02,-9.487200528383255005e-02,-1.419799327850341797e-01,7.627848535776138306e-02,8.866154402494430542e-02,1.255953609943389893e-01,2.783628106117248535e-01,-2.496895194053649902e-02,1.179354488849639893e-01,2.704806029796600342e-01,3.307904303073883057e-01,4.896544814109802246e-01,4.438032507896423340e-01,3.896649554371833801e-02,6.542310863733291626e-02,3.303758203983306885e-01,2.825853414833545685e-02,3.982522711157798767e-02,-2.486828342080116272e-02,1.850427389144897461e-01,3.277504444122314453e-02,-4.926721006631851196e-02,-2.808701805770397186e-02,1.524123996496200562e-01,-1.239824518561363220e-01,1.557860616594552994e-02,6.899106502532958984e-02,-2.289281338453292847e-01,-2.462153583765029907e-01,-1.096903085708618164e-01,-1.683840900659561157e-01,-2.520438432693481445e-01,-2.038086503744125366e-01,-8.089063316583633423e-02,-1.284527927637100220e-01,-2.173681706190109253e-01,-1.625757962465286255e-01,-2.220795452594757080e-01,-3.393802344799041748e-01,-1.688388288021087646e-01,-8.212004601955413818e-02,5.202228203415870667e-02,-3.758443146944046021e-02,6.436095573008060455e-03,8.007584512233734131e-02,5.479088425636291504e-02,-8.510825037956237793e-02,1.819662749767303467e-02,-4.499205574393272400e-02,-1.184086967259645462e-02,-7.226040214300155640e-02,1.862826347351074219e-01,9.768465906381607056e-02,6.965051591396331787e-02,1.179243028163909912e-01,1.900736615061759949e-02,1.107685118913650513e-01,1.214332655072212219e-01,-2.791767939925193787e-02,-1.416635327041149139e-02,-3.479245677590370178e-02,-1.722458750009536743e-01,-1.827719737775623798e-03,-1.738386452198028564e-01,-3.007333166897296906e-02,-1.686635240912437439e-02,1.097769439220428467e-01,-1.350387036800384521e-01,-4.085051268339157104e-02,-1.403600573539733887e-01,-1.106726825237274170e-01,1.861191093921661377e-01,-8.726552128791809082e-02,-2.919993363320827484e-03,2.283131517469882965e-02,-1.863368302583694458e-01,-1.977492123842239380e-01,-1.469271034002304077e-01,4.523698613047599792e-02,5.858955532312393188e-02,-5.954469367861747742e-02,-1.545059867203235626e-02,-3.678923100233078003e-02,-2.757671102881431580e-02,1.832115352153778076e-01,8.746239542961120605e-02,3.044381737709045410e-01,3.063725531101226807e-01,3.540815412998199463e-01,1.137815341353416443e-01,8.989174664020538330e-02,9.595380723476409912e-02,2.719953954219818115e-01,-1.294020563364028931e-01,-4.962478950619697571e-02,8.604293316602706909e-02,-9.099658578634262085e-02,1.606262475252151489e-01,1.185073424130678177e-02,3.333628550171852112e-02,-4.559331759810447693e-02
-1.351667195558547974e-01,-6.245062127709388733e-02,-1.403494924306869507e-01,-1.582246422767639160e-01,2.886047959327697754e-01,0.000000000000000000e+00,-1.285820901393890381e-01,-1.245148628950119019e-01,1.789150387048721313e-01,6.429376602172851562e-01,-1.007542982697486877e-01,-6.255742162466049194e-02,-2.348951846361160278e-01,1.373739689588546753e-01,-6.458529084920883179e-02,3.208705484867095947e-01,-8.754619210958480835e-02,4.720511287450790405e-02,-2.991189248859882355e-03,-4.149451106786727905e-02,-8.332026749849319458e-02,-1.426148414611816406e-01,-1.145209893584251404e-01,3.111261129379272461e-02,4.244289696216583252e-01,5.572585463523864746e-01,2.413328886032104492e-01,2.105300277471542358e-01,2.527211420238018036e-02,-3.719905391335487366e-02,1.309319138526916504e-01,1.708175539970397949e-01,-2.237945608794689178e-02,-3.013885021209716797e-02,1.540250959806144238e-03,1.387759745121002197e-01,-6.646241247653961182e-02,1.230892017483711243e-01,3.797255083918571472e-02,-3.949241712689399719e-03,-1.169757395982742310e-01,-6.136086303740739822e-03,-2.173696011304855347e-01,-1.241793632507324219e-01,-1.566095650196075439e-01,-1.185390949249267578e-01,-9.248661994934082031e-02,-1.207831874489784241e-01,-7.536064088344573975e-02,-3.113243915140628815e-02,-8.410035818815231323e-02,-2.752148918807506561e-02,-4.533259570598602295e-02,-1.462680995464324951e-01,-7.992876321077346802e-02,-2.211449146270751953e-01,-1.544664502143859863e-01,-1.374254971742630005e-01,-1.329868435859680176e-01,-3.607105836272239685e-02,-1.117423698306083679e-01,-1.180735006928443909e-01,6.263731978833675385e-03,-1.563441567122936249e-02,-1.565030068159103394e-01,-9.065339714288711548e-02,-3.204068914055824280e-02,-3.378406539559364319e-02,-6.763333082199096680e-02,-1.719317883253097534e-01,4.501009732484817505e-02,-8.544681966304779053e-02,2.037326432764530182e-02,9.033518284559249878e-02,6.355508416891098022e-02,-2.785725891590118408e-02,-6.636603176593780518e-02,7.617206871509552002e-02,-1.571526676416397095e-01,-7.821562886238098145e-02,-6.392114609479904175e-02,-3.879997134208679199e-02,-1.135367751121520996e-01,-2.138934135437011719e-01,-1.498053818941116333e-01,-1.254090815782546997e-01,2.782289497554302216e-02,-4.782456532120704651e-02,-1.364485621452331543e-01,-1.028136014938354492e-01,-5.107236281037330627e-02,-2.768518589437007904e-02,2.337260637432336807e-03,-7.800699770450592041e-02,1.000763773918151855e-01,-4.475745186209678650e-02,-8.002467453479766846e-02,-3.303465619683265686e-02,-2.257192321121692657e-02,1.101631969213485718e-01,9.151063114404678345e-02,7.855250686407089233e-02,2.489928603172302246e-01,2.821438610553741455e-01,1.033021956682205200e-01,8.110192418098449707e-02,3.308172523975372314e-02,1.319834291934967041e-01,-4.460206255316734314e-02,-4.261969774961471558e-02,-1.747912541031837463e-02,-1.041950806975364685e-01,-1.833834126591682434e-02,5.062456056475639343e-02,7.733754813671112061e-02,-5.937871336936950684e-02
4.468791186809539795e-01,3.626267015933990479e-01,6.846258044242858887e-01,4.267572462558746338e-01,1.399236917495727539e-01,-1.285820901393890381e-01,0.000000000000000000e+00,9.449110180139541626e-02,2.102301120758056641e-01,-3.480122387409210205e-01,1.862122118473052979e-01,7.537975907325744629e-02,3.963640928268432617e-01,-1.610427796840667725e-01,8.371391147375106812e-02,3.926876559853553772e-02,-1.390005499124526978e-01,-6.245959550142288208e-02,3.472343683242797852e-01,3.805971145629882812e-01,-3.131483867764472961e-02,-1.027277112007141113e-01,3.808338344097137451e-01,3.500109910964965820e-01,7.231853436678647995e-03,-1.287072449922561646e-01,1.578933447599411011e-01,6.511290371417999268e-02,-1.180722415447235107e-01,1.004107203334569931e-02,3.789095282554626465e-01,2.064556032419204712e-01,1.328346431255340576e-01,1.148904711008071899e-01,2.489175647497177124e-01,-8.662033081054687500e-02,-1.513427495956420898e-01,-2.611854374408721924e-01,-3.316688910126686096e-02,-2.412894368171691895e-02,5.201115459203720093e-02,-1.893457472324371338e-01,-2.355556190013885498e-01,-2.365219444036483765e-01,2.462478168308734894e-02,-6.862904876470565796e-02,-3.337360322475433350e-01,-2.669110894203186035e-01,-2.431483194231987000e-02,-3.333846107125282288e-02,-1.350877881050109863e-01,-9.133595973253250122e-02,-2.710223495960235596e-01,-1.510715484619140625e-01,-3.528249859809875488e-01,-1.471464615315198898e-02,2.890108823776245117e-01,2.516846060752868652e-01,2.202806174755096436e-01,1.612004339694976807e-01,2.426756322383880615e-01,1.533820480108261108e-01,1.832076013088226318e-01,5.240380018949508667e-02,1.039117798209190369e-01,2.329502021893858910e-03,3.024669289588928223e-01,1.767994761466979980e-01,2.939966619014739990e-01,4.232702851295471191e-01,3.615669012069702148e-01,3.402346074581146240e-01,5.946249514818191528e-02,2.390407025814056396e-02,6.122828274965286255e-02,5.924815312027931213e-03,1.210959255695343018e-01,2.315720543265342712e-02,-2.404980063438415527e-01,-5.770595371723175049e-02,-2.011077404022216797e-01,-6.135703250765800476e-02,-2.546432018280029297e-01,-5.798932909965515137e-02,-2.187579870223999023e-01,-8.004421740770339966e-02,2.073820121586322784e-02,7.894486188888549805e-02,-1.532744169235229492e-01,-1.021685451269149780e-02,-2.703283131122589111e-01,-1.160933449864387512e-01,-2.780896723270416260e-01,9.731801599264144897e-02,1.017766594886779785e-01,7.082713395357131958e-02,1.927704177796840668e-02,2.175505645573139191e-02,-9.507796168327331543e-02,1.131368055939674377e-01,-2.357982248067855835e-01,9.185536950826644897e-02,2.636381983757019043e-02,8.995269984006881714e-02,-5.822830647230148315e-02,-1.090919598937034607e-02,1.087425425648689270e-01,1.122816950082778931e-01,-5.455636233091354370e-02,-2.726122140884399414e-01,-2.053017169237136841e-01,-1.233682706952095032e-01,3.959117829799652100e-02,-1.294769793748855591e-01,-6.262079626321792603e-02,1.499796509742736816e-01
2.843680977821350098e-01,3.332788050174713135e-01,2.904807217419147491e-02,3.106236755847930908e-01,-5.171767622232437134e-02,-1.245148628950119019e-01,9.449110180139541626e-02,0.000000000000000000e+00,-1.362234801054000854e-01,-6.662552803754806519e-02,2.128978967666625977e-01,2.352415025234222412e-01,4.058696329593658447e-02,4.342277348041534424e-01,-3.103620409965515137e-01,-1.996790319681167603e-01,-2.020845711231231689e-01,-1.586069166660308838e-01,1.710596233606338501e-01,2.868414819240570068e-01,-3.173692524433135986e-01,-1.731080412864685059e-01,3.558789566159248352e-02,4.155355319380760193e-02,-1.227249950170516968e-01,-1.592526771128177643e-02,-8.415719121694564819e-02,-2.543651461601257324e-01,-3.339771553874015808e-02,-1.329875588417053223e-01,-3.715505078434944153e-02,6.935167312622070312e-02,8.855939656496047974e-02,1.138309910893440247e-01,-6.878483295440673828e-02,5.794052779674530029e-02,-4.167663455009460449e-01,-2.714897990226745605e-01,-2.994104027748107910e-01,-2.489992231130599976e-01,-2.639531791210174561e-01,-1.344892680644989014e-01,-1.318278759717941284e-01,-1.123738195747137070e-02,5.067659914493560791e-02,1.728054732084274292e-01,-5.478092283010482788e-02,-1.066353991627693176e-01,2.543115243315696716e-02,8.385934680700302124e-02,2.107014060020446777e-01,6.544809043407440186e-02,1.571483016014099121e-01,7.961345463991165161e-02,1.296343840658664703e-02,-1.832302212715148926e-01,2.289438545703887939e-01,2.497974187135696411e-01,2.079021036624908447e-01,2.694906890392303467e-01,2.767618894577026367e-01,4.814655780792236328e-01,-2.402192680165171623e-03,2.174439132213592529e-01,-1.322726011276245117e-01,7.959693670272827148e-03,8.817017078399658203e-02,1.288734078407287598e-01,2.858368158340454102e-01,1.343791186809539795e-01,6.528315693140029907e-02,3.253697231411933899e-02,1.980814151465892792e-02,1.070079579949378967e-01,-4.378726705908775330e-02,1.047774404287338257e-02,1.400514543056488037e-01,7.285606116056442261e-02,-2.229783870279788971e-02,-1.495121568441390991e-01,-7.336778193712234497e-02,-1.425035893917083740e-01,-1.991722732782363892e-01,-3.768999278545379639e-01,-4.702752828598022461e-02,-1.648973859846591949e-02,-2.977189719676971436e-01,-3.056814074516296387e-01,4.525414481759071350e-02,-2.360209077596664429e-01,2.823917269706726074e-01,-9.163205325603485107e-02,2.745120525360107422e-01,-1.731605976819992065e-01,-1.099047884345054626e-01,-1.035963892936706543e-01,-1.293666064739227295e-01,-1.798309981822967529e-01,-1.167686060070991516e-01,-2.402280271053314209e-01,9.618581086397171021e-02,-1.591671705245971680e-01,-1.380402147769927979e-01,-3.156946599483489990e-01,-2.447058707475662231e-01,-3.194536268711090088e-01,-1.226203069090843201e-01,-2.454293519258499146e-01,-9.983790665864944458e-02,-1.287002265453338623e-01,-1.149918511509895325e-01,-1.196631118655204773e-01,-1.084170266985893250e-01,-1.059772968292236328e-01,-2.137859761714935303e-01,-8.352148532867431641e-02
1.523339450359344482e-01,-6.083944067358970642e-02,2.456213235855102539e-01,2.511048316955566406e-01,5.177916884422302246e-01,1.789150387048721313e-01,2.102301120758056641e-01,-1.362234801054000854e-01,0.000000000000000000e+00,-7.181451469659805298e-02,1.867472380399703979e-01,-8.455490320920944214e-02,2.130687832832336426e-01,-1.914908289909362793e-01,3.696764409542083740e-01,1.571415960788726807e-01,-4.182856157422065735e-02,-7.538489252328872681e-02,8.453592658042907715e-02,8.020634949207305908e-02,1.110668629407882690e-01,1.856716573238372803e-01,7.704283297061920166e-02,2.270929366350173950e-01,2.536423206329345703e-01,2.365932613611221313e-01,3.419117629528045654e-01,3.893037438392639160e-01,9.915628284215927124e-02,5.967294424772262573e-02,3.825093209743499756e-01,1.393618881702423096e-01,7.661045528948307037e-03,-3.972526639699935913e-03,1.718957573175430298e-01,-3.488651243969798088e-03,-3.234053775668144226e-02,-7.374855875968933105e-02,1.714382022619247437e-01,-6.597390025854110718e-02,1.151915118098258972e-01,6.388328038156032562e-03,-1.982736885547637939e-01,-2.216869294643402100e-01,-1.375405937433242798e-01,-2.247580438852310181e-01,-2.319461256265640259e-01,-1.896819770336151123e-01,-2.653565444052219391e-02,-6.097073107957839966e-02,-1.476841270923614502e-01,-6.477849930524826050e-02,-1.886026710271835327e-01,-2.244080603122711182e-01,-1.505408138036727905e-01,1.975760422646999359e-02,-6.630774587392807007e-02,-1.565511673688888550e-01,-2.478097938001155853e-02,2.078750729560852051e-02,3.005844540894031525e-03,-1.072484105825424194e-01,6.509268283843994141e-02,-2.064079232513904572e-02,7.671093940734863281e-02,-1.537795085459947586e-02,1.005646735429763794e-01,2.238771505653858185e-02,-4.141633212566375732e-02,9.840828925371170044e-02,1.051706746220588684e-01,2.252340465784072876e-01,1.669196635484695435e-01,2.453362755477428436e-02,2.158068865537643433e-02,5.990718305110931396e-02,-5.490839015692472458e-03,9.506315737962722778e-02,-2.270388603210449219e-01,-1.333465054631233215e-02,-6.021953001618385315e-02,1.065213009715080261e-01,-1.267706751823425293e-01,5.060025677084922791e-02,-1.330895125865936279e-01,-3.502667322754859924e-02,2.043206095695495605e-01,2.275341004133224487e-02,3.024679049849510193e-02,9.092994779348373413e-02,-1.845799833536148071e-01,-8.267229050397872925e-02,-1.613311916589736938e-01,1.249739006161689758e-01,-1.802072976715862751e-03,-4.574144259095191956e-02,-1.033074185252189636e-01,-5.342550575733184814e-02,-8.547927252948284149e-03,1.959275156259536743e-01,5.610014125704765320e-02,2.636775076389312744e-01,2.476533204317092896e-01,3.005241751670837402e-01,9.714117646217346191e-02,1.463716030120849609e-01,6.250403076410293579e-02,2.224464416503906250e-01,-9.386369585990905762e-02,-7.318503409624099731e-02,6.358151137828826904e-02,-1.489866822957992554e-01,1.180027872323989868e-01,-4.323211312294006348e-02,6.231524050235748291e-02,1.562398113310337067e-02
-1.951777040958404541e-01,-9.211237728595733643e-02,-3.833278417587280273e-01,-3.293690979480743408e-01,4.860819876194000244e-02,6.429376602172851562e-01,-3.480122387409210205e-01,-6.662552803754806519e-02,-7.181451469659805298e-02,0.000000000000000000e+00,-1.312965154647827148e-01,-8.755109459161758423e-02,-3.281228244304656982e-01,2.371711879968643188e-01,-1.412459462881088257e-01,2.215112447738647461e-01,-1.170235052704811096e-01,2.093516476452350616e-02,-1.013485640287399292e-01,-1.416154056787490845e-01,-1.521138846874237061e-01,-1.677017062902450562e-01,-1.838464587926864624e-01,-1.432550549507141113e-01,2.609487771987915039e-01,4.091205894947052002e-01,3.160545602440834045e-02,3.964832425117492676e-02,-4.844715446233749390e-02,-1.196043491363525391e-01,-1.070075556635856628e-01,1.753941737115383148e-02,-1.102007366716861725e-02,-7.962257601320743561e-03,-1.544907838106155396e-01,1.004227176308631897e-01,-5.236370861530303955e-02,1.619728654623031616e-01,6.708810571581125259e-03,3.397665917873382568e-02,-1.645557731389999390e-01,1.050928793847560883e-02,-1.485201567411422729e-01,-2.975430712103843689e-02,-2.035395354032516479e-01,-8.780754357576370239e-02,-1.192201115190982819e-02,-9.706529974937438965e-02,-9.741809964179992676e-02,-5.099192261695861816e-02,5.407277494668960571e-04,-3.625335916876792908e-02,1.042196974158287048e-01,-1.156947091221809387e-01,8.037138730287551880e-02,-2.098021209239959717e-01,-1.414076834917068481e-01,-1.210413873195648193e-01,-2.060130089521408081e-01,-1.225899755954742432e-01,-1.379400789737701416e-01,-1.489743143320083618e-01,-7.312393933534622192e-02,-5.996866524219512939e-02,-1.294789016246795654e-01,-3.742513805627822876e-02,-1.642408668994903564e-01,-1.210108101367950439e-01,-1.497266739606857300e-01,-2.353661209344863892e-01,-5.565570667386054993e-02,-2.774121165275573730e-01,-9.666522592306137085e-02,1.850926503539085388e-02,-1.834983378648757935e-02,-8.030167222023010254e-02,-8.059059083461761475e-02,5.869514122605323792e-02,1.428004261106252670e-02,-9.007244557142257690e-02,3.787037357687950134e-02,-5.963053554296493530e-02,1.969066262245178223e-02,-2.131669521331787109e-01,3.519151732325553894e-02,-1.463357061147689819e-01,6.453431677073240280e-03,-1.116215735673904419e-01,3.546860069036483765e-02,-2.151853144168853760e-01,1.276522427797317505e-01,3.517037257552146912e-02,1.612530499696731567e-01,-1.457409262657165527e-01,5.665616691112518311e-02,-7.006757706403732300e-02,-2.803576737642288208e-02,-4.605936259031295776e-02,2.018359117209911346e-02,1.517870835959911346e-02,1.369062811136245728e-01,-8.929032087326049805e-02,1.405284106731414795e-01,7.070247083902359009e-02,1.370381414890289307e-01,3.018995001912117004e-02,-4.806240089237689972e-03,-1.609835587441921234e-02,2.611218392848968506e-02,9.630529582500457764e-02,2.472716011106967926e-02,-1.436571124941110611e-02,-3.985592350363731384e-02,6.030829250812530518e-02,6.226654350757598877e-02,-5.609285458922386169e-02
4.081109166145324707e-01,1.694882959127426147e-01,1.244486942887306213e-01,1.657700389623641968e-01,1.102487519383430481e-01,-1.007542982697486877e-01,1.862122118473052979e-01,2.128978967666625977e-01,1.867472380399703979e-01,-1.312965154647827148e-01,0.000000000000000000e+00,3.518762290477752686e-01,4.373555183410644531e-01,2.142000347375869751e-01,8.044909685850143433e-02,-6.430643796920776367e-02,1.629775315523147583e-01,1.577112078666687012e-01,2.485004365444183350e-01,2.265158444643020630e-01,-4.151370003819465637e-02,-6.808242946863174438e-02,3.430445864796638489e-02,2.642012760043144226e-02,6.214305013418197632e-02,-4.446365311741828918e-02,9.646631032228469849e-02,8.035930991172790527e-02,2.420014888048171997e-01,1.707033663988113403e-01,1.336014866828918457e-01,1.310936212539672852e-01,1.622365415096282959e-01,1.209909021854400635e-01,3.388278931379318237e-02,-7.521178573369979858e-02,-3.168031275272369385e-01,-3.836266100406646729e-01,-2.132284194231033325e-01,-1.443586647510528564e-01,-6.173812597990036011e-02,-1.506188213825225830e-01,-2.309157550334930420e-01,-9.241154044866561890e-02,1.098667159676551819e-01,7.175911217927932739e-02,-1.948750764131546021e-01,-1.634241193532943726e-01,2.544193901121616364e-02,6.501363962888717651e-02,1.335541438311338425e-02,6.671229749917984009e-02,-9.277240373194217682e-03,9.106924384832382202e-02,-4.246208444237709045e-02,-9.011718630790710449e-02,2.034714072942733765e-01,1.097232662141323090e-02,1.561303734779357910e-01,1.885919272899627686e-01,3.123326599597930908e-01,1.670988500118255615e-01,2.990088760852813721e-01,1.738888025283813477e-01,3.591495379805564880e-02,1.380084361881017685e-02,1.440871600061655045e-02,3.260808438062667847e-02,7.219658046960830688e-02,3.700397163629531860e-02,9.092172980308532715e-02,1.425555646419525146e-01,2.070008069276809692e-01,2.432643324136734009e-01,-4.312091320753097534e-02,1.426188200712203979e-01,1.108699068427085876e-01,1.212287694215774536e-01,-1.251275241374969482e-01,2.255918532609939575e-01,3.838950395584106445e-02,1.771458089351654053e-01,-2.679674029350280762e-01,-1.573026329278945923e-01,-7.284543663263320923e-02,3.473962843418121338e-02,2.663711644709110260e-02,2.005391987040638924e-03,6.934061646461486816e-02,-1.172931045293807983e-01,-4.186542332172393799e-02,-1.140636950731277466e-01,-1.039543654769659042e-02,-8.047501742839813232e-02,-1.654569059610366821e-01,-3.857792913913726807e-02,-5.290832370519638062e-02,-1.452876776456832886e-01,-2.635943591594696045e-01,-2.327910214662551880e-01,-1.527436543256044388e-02,-4.745640233159065247e-02,-8.033387362957000732e-02,-1.097176596522331238e-01,-1.833870559930801392e-01,-8.503007143735885620e-02,7.344245165586471558e-02,-7.514336705207824707e-02,-1.627926677465438843e-01,-1.088142171502113342e-01,-3.200419992208480835e-02,-1.897954642772674561e-01,-2.934605814516544342e-02,-3.273301720619201660e-01,-2.374103069305419922e-01,3.749220445752143860e-02
1.411484032869338989e-01,1.877409964799880981e-01,-1.114945206791162491e-02,9.311949461698532104e-02,-1.191465780138969421e-01,-6.255742162466049194e-02,7.537975907325744629e-02,2.352415025234222412e-01,-8.455490320920944214e-02,-8.755109459161758423e-02,3.518762290477752686e-01,0.000000000000000000e+00,1.353124380111694336e-01,4.576955437660217285e-01,-6.111856549978256226e-02,-1.223553065210580826e-02,1.190816909074783325e-01,3.347701132297515869e-01,2.522238492965698242e-01,2.447406500577926636e-01,-1.841130256652832031e-01,-2.780818939208984375e-01,-4.594166949391365051e-02,-8.652669191360473633e-02,1.136672794818878174e-01,-1.215278171002864838e-02,5.870522558689117432e-02,-1.361335963010787964e-01,2.869776785373687744e-01,2.529947161674499512e-01,9.090489894151687622e-02,2.504299581050872803e-01,2.429701238870620728e-01,1.391927748918533325e-01,-2.901015877723693848e-01,-1.079617366194725037e-01,-3.383173942565917969e-01,-2.114356905221939087e-01,-1.852020323276519775e-01,-1.101858243346214294e-01,-1.437293142080307007e-01,-7.695928961038589478e-02,-7.986301183700561523e-02,6.538720428943634033e-02,1.822864413261413574e-01,1.845112144947052002e-01,-9.596304595470428467e-02,-3.181465342640876770e-02,7.860123366117477417e-02,1.436919718980789185e-01,5.249843746423721313e-02,1.584406346082687378e-01,-6.712193717248737812e-04,1.003180444240570068e-01,1.210721582174301147e-02,-2.361812591552734375e-01,1.033217608928680420e-01,1.033196374773979187e-01,2.678369283676147461e-01,2.665619254112243652e-01,2.186007201671600342e-01,2.951032519340515137e-01,2.005860507488250732e-01,3.400582075119018555e-01,-2.870242595672607422e-01,-8.757395297288894653e-02,2.324998611584305763e-03,9.500178694725036621e-02,-2.439715340733528137e-02,-1.794949173927307129e-02,-4.897157847881317139e-02,7.506021647714078426e-04,2.147851735353469849e-01,3.769059777259826660e-01,8.496381342411041260e-02,1.467487663030624390e-01,-9.572272747755050659e-02,-5.526527389883995056e-02,-4.251990839838981628e-02,1.684140861034393311e-01,6.071768328547477722e-02,4.150909185409545898e-02,-6.855480372905731201e-02,-1.487086564302444458e-01,-1.615850627422332764e-01,1.477454155683517456e-01,9.696112945675849915e-03,6.448855996131896973e-02,-1.117966994643211365e-01,-1.388316154479980469e-01,-1.513760983943939209e-01,-2.734125852584838867e-01,-5.614395812153816223e-02,-2.033560425043106079e-01,-5.036082118749618530e-02,2.690254477784037590e-03,-2.177914232015609741e-01,-2.797657847404479980e-01,-2.114603668451309204e-01,-2.763082981109619141e-01,5.919422209262847900e-02,-8.698090910911560059e-02,-1.746278852224349976e-01,-1.656260639429092407e-01,-2.321851402521133423e-01,-6.525976955890655518e-02,1.780657283961772919e-02,-1.770021617412567139e-01,-3.146922588348388672e-02,-3.498546481132507324e-01,-2.689338624477386475e-01,-1.613392978906631470e-01,-6.763992458581924438e-02,-2.153901159763336182e-01,-2.639544606208801270e-01,4.234395921230316162e-03
3.143343925476074219e-01,1.162884756922721863e-01,3.559532761573791504e-01,2.192979902029037476e-01,1.215067654848098755e-01,-2.348951846361160278e-01,3.963640928268432617e-01,4.058696329593658447e-02,2.130687832832336426e-01,-3.281228244304656982e-01,4.373555183410644531e-01,1.353124380111694336e-01,0.000000000000000000e+00,-5.889091268181800842e-02,1.734884679317474365e-01,-9.787339717149734497e-02,7.937300205230712891e-02,1.483913958072662354e-01,2.115095406770706177e-01,1.860708147287368774e-01,3.646854311227798462e-02,9.487023204565048218e-02,3.150276243686676025e-01,1.598873287439346313e-01,-2.765659987926483154e-02,-1.427419334650039673e-01,7.218679785728454590e-02,3.346972912549972534e-02,7.652523368597030640e-02,7.001332193613052368e-02,1.478296369314193726e-01,1.359205693006515503e-01,1.211878135800361633e-01,9.407033771276473999e-02,2.733925879001617432e-01,-3.921055421233177185e-02,9.397789835929870605e-03,-1.527951359748840332e-01,-2.671939507126808167e-02,-8.450062014162540436e-03,1.381807774305343628e-01,-6.223763525485992432e-02,-1.248814389109611511e-01,-1.307164579629898071e-01,-7.382905483245849609e-02,-1.758034825325012207e-01,-2.653780281543731689e-01,-1.627369523048400879e-01,-1.584534496068954468e-01,-1.539309918880462646e-01,-9.333882480859756470e-02,-1.363981068134307861e-01,-1.604964733123779297e-01,-7.076846808195114136e-02,-1.725841313600540161e-01,-7.865436375141143799e-02,1.914966553449630737e-01,4.861902073025703430e-02,-4.072029143571853638e-03,-6.141636148095130920e-02,2.767864167690277100e-01,-2.949121408164501190e-02,2.324867099523544312e-01,1.078033447265625000e-02,3.702295720577239990e-01,1.511707603931427002e-01,8.519981056451797485e-02,1.081016752868890762e-02,6.378360092639923096e-02,2.207724899053573608e-01,2.240769267082214355e-01,2.696630060672760010e-01,1.645766049623489380e-01,1.128278486430644989e-02,-5.994131416082382202e-02,7.272490859031677246e-02,1.301784366369247437e-01,9.248283505439758301e-02,-1.101268604397773743e-01,9.156370908021926880e-02,-1.724773086607456207e-02,9.098338335752487183e-02,-1.560394167900085449e-01,1.774861477315425873e-02,1.175416782498359680e-01,-5.803213641047477722e-02,6.259175390005111694e-02,4.148282855749130249e-02,8.562085032463073730e-02,-8.211161196231842041e-02,-1.409191489219665527e-01,-2.101532369852066040e-02,-1.088793799281120300e-01,1.523153483867645264e-01,-1.043128222227096558e-01,-1.872552745044231415e-02,-5.745191499590873718e-02,-8.395054191350936890e-02,-2.112815082073211670e-01,-9.761849790811538696e-02,-6.422171741724014282e-02,7.323278486728668213e-02,-7.831530645489692688e-03,-4.893464222550392151e-02,-3.256303817033767700e-02,-8.326575160026550293e-03,7.323363423347473145e-02,1.013056281954050064e-02,-5.514695122838020325e-02,-1.406033188104629517e-01,-1.166801005601882935e-01,-1.593099087476730347e-01,-3.786645829677581787e-02,-1.674629449844360352e-01,-5.218585208058357239e-02,5.498800799250602722e-02
