0.000000000000000000e+00,4.366848170757293701e-01,4.786921739578247070e-01,4.325238168239593506e-01,1.523441821336746216e-01,-8.013223856687545776e-02,4.097519516944885254e-01,2.980335950851440430e-01,-7.471477985382080078e-02,1.842071712017059326e-01,4.897494316101074219e-01,2.137177437543869019e-01,3.451331853866577148e-01,2.749726176261901855e-01,-3.543893992900848389e-02,4.933637753129005432e-02,-2.108705490827560425e-01,-2.860488556325435638e-02,5.701563954353332520e-01,5.223367214202880859e-01,-3.879466354846954346e-01,-3.096174597740173340e-01,3.231382668018341064e-01,3.113082647323608398e-01,-2.613617181777954102e-01,3.891107067465782166e-02,7.509776949882507324e-02,-1.794594153761863708e-02,-1.375736147165298462e-01,-3.103420734405517578e-01,-7.829906791448593140e-02,2.867940254509449005e-02,2.089333683252334595e-01,1.769552230834960938e-01,1.532060205936431885e-01,3.375186324119567871e-01,-3.533375561237335205e-01,-2.715440392494201660e-01,-2.632499337196350098e-01,-2.019015997648239136e-01,-1.904944330453872681e-01,-3.479383885860443115e-01,-4.125463664531707764e-01,-3.068408966064453125e-01,-4.838018715381622314e-01,-1.880730390548706055e-01,-4.450081288814544678e-01,-4.401503205299377441e-01,-3.182395696640014648e-01,-1.213575303554534912e-01,-1.629794985055923462e-01,4.414633661508560181e-02,-1.464842110872268677e-01,-7.538367807865142822e-02,-1.728537976741790771e-01,-2.015159130096435547e-01,1.967065632343292236e-01,1.851673424243927002e-01,2.939718663692474365e-01,2.233544886112213135e-01,2.269426733255386353e-01,3.144057989120483398e-01,-8.796962909400463104e-03,8.156222105026245117e-02,-1.071633887477219105e-03,2.355480939149856567e-01,1.977250874042510986e-01,2.785796225070953369e-01,4.550839960575103760e-01,3.050773143768310547e-01,4.371635615825653076e-01,3.256250023841857910e-01,1.643077433109283447e-01,2.793495059013366699e-01,3.311571776866912842e-01,2.297960519790649414e-01,3.535759449005126953e-01,4.575988650321960449e-01,-2.231955230236053467e-01,2.646761201322078705e-02,-1.333347260951995850e-01,-1.715729236602783203e-01,-2.699066698551177979e-01,-2.215532213449478149e-01,-8.997783809900283813e-02,-1.188100054860115051e-01,4.923561215400695801e-02,-1.763302087783813477e-01,9.013990871608257294e-03,-2.792385779321193695e-02,-2.081854790449142456e-01,-1.938761323690414429e-01,-1.792280822992324829e-01,-1.845514178276062012e-01,-2.440409362316131592e-01,-3.683296442031860352e-01,-3.876865655183792114e-02,8.197833597660064697e-02,-2.706633508205413818e-02,6.606338918209075928e-02,-7.442624866962432861e-02,-1.970134675502777100e-01,2.313709855079650879e-01,2.194568365812301636e-01,-7.860142737627029419e-02,1.117030233144760132e-01,-1.612488478422164917e-01,4.739667847752571106e-02,7.288254052400588989e-02,1.437568664550781250e-01,-1.262108981609344482e-01,-3.834760561585426331e-02,-1.243390887975692749e-01,4.574777185916900635e-02,6.968651711940765381e-02,-2.196710854768753052e-01
4.366848170757293701e-01,0.000000000000000000e+00,8.726043999195098877e-02,1.844059526920318604e-01,1.418173462152481079e-01,-1.262555569410324097e-01,5.793070420622825623e-02,3.740346431732177734e-01,-1.141460686922073364e-01,-4.654861241579055786e-02,2.076651528477668762e-02,4.710011184215545654e-01,-6.157921254634857178e-02,4.304167330265045166e-01,-2.053373306989669800e-01,-2.543623447418212891e-01,3.096773661673069000e-02,3.901037946343421936e-02,3.660633563995361328e-01,5.313000082969665527e-01,-4.409196078777313232e-01,-4.591964185237884521e-01,-3.477247431874275208e-02,6.006575748324394226e-02,-2.048811614513397217e-01,-2.335349284112453461e-02,-6.744471192359924316e-02,-1.866261214017868042e-01,-1.918458789587020874e-01,-1.814121752977371216e-01,1.311407331377267838e-02,4.318377375602722168e-02,2.883165478706359863e-01,3.026180863380432129e-01,1.661039888858795166e-02,2.040673196315765381e-01,-3.837912678718566895e-01,-2.075698971748352051e-01,-3.348161578178405762e-01,-2.650419063866138458e-02,-1.388406455516815186e-01,-2.414631098508834839e-01,-1.581865102052688599e-01,-1.953255981206893921e-01,-1.126062199473381042e-01,-2.922234870493412018e-02,-2.336779683828353882e-01,-3.058465421199798584e-01,2.463012933731079102e-03,1.058235764503479004e-01,1.678343303501605988e-02,1.109069511294364929e-01,-3.041490726172924042e-02,7.328778505325317383e-02,-2.203917801380157471e-01,-4.879573360085487366e-02,5.046435594558715820e-01,6.470499634742736816e-01,4.245229959487915039e-01,4.929534494876861572e-01,4.228788018226623535e-01,4.475463032722473145e-01,2.634322941303253174e-01,3.824313282966613770e-01,-1.266757398843765259e-01,6.650133430957794189e-02,1.110164672136306763e-01,6.073895469307899475e-02,5.309941172599792480e-01,3.830088973045349121e-01,1.674001067876815796e-01,2.030333578586578369e-01,9.120751917362213135e-02,2.477719634771347046e-01,1.707215905189514160e-01,1.769552379846572876e-01,9.485920518636703491e-02,1.955911368131637573e-01,-3.270180523395538330e-02,8.077302575111389160e-02,7.591543719172477722e-03,-1.883827149868011475e-02,-3.865433633327484131e-01,-3.318834900856018066e-01,-2.227153033018112183e-01,1.681928709149360657e-02,-2.376532256603240967e-01,-1.293216347694396973e-01,-4.522696137428283691e-02,6.569127738475799561e-02,-1.246948242187500000e-01,-6.984899664530530572e-05,-4.209488630294799805e-02,-1.516269985586404800e-02,-3.995682299137115479e-01,-3.271042704582214355e-01,-1.586901722475886345e-03,-9.965202957391738892e-02,-3.439728170633316040e-02,-9.993965178728103638e-02,3.546278551220893860e-02,1.716946810483932495e-02,-8.911819756031036377e-02,-3.170479461550712585e-02,-2.697714269161224365e-01,-1.135107874870300293e-01,-3.305737972259521484e-01,-2.614036798477172852e-01,2.285523712635040283e-01,2.095252871513366699e-01,-2.223050296306610107e-01,2.133669406175613403e-01,1.288982331752777100e-01,-1.390605699270963669e-02,-1.961728930473327637e-01,-2.342720925807952881e-01
4.786921739578247070e-01,8.726043999195098877e-02,0.000000000000000000e+00,6.966754794120788574e-01,-3.562065958976745605e-02,1.765321195125579834e-01,7.784088850021362305e-01,3.202640712261199951e-01,-1.467574853450059891e-02,2.666122615337371826e-01,3.914292156696319580e-01,-1.157958135008811951e-01,3.047993183135986328e-01,-1.400146633386611938e-01,1.107309237122535706e-01,1.011846438050270081e-01,-4.506749510765075684e-01,-1.214525848627090454e-01,5.817909240722656250e-01,4.275175333023071289e-01,-3.107755482196807861e-01,-1.807762086391448975e-01,5.683413743972778320e-01,5.285512804985046387e-01,-2.793726623058319092e-01,2.170869410037994385e-01,1.510996073484420776e-01,2.892760559916496277e-02,-1.317477971315383911e-01,-3.298437893390655518e-01,-5.949915573000907898e-02,1.328536123037338257e-01,4.697037488222122192e-02,1.244232617318630219e-02,2.717750668525695801e-01,3.938931822776794434e-01,-1.971555501222610474e-01,-2.515058517456054688e-01,-2.127080261707305908e-01,-3.496083915233612061e-01,-1.862532198429107666e-01,-4.799857735633850098e-01,-4.060969352722167969e-01,-3.034972846508026123e-01,-4.738252162933349609e-01,-1.105796769261360168e-01,-3.002213239669799805e-01,-3.517926633358001709e-01,-3.995495140552520752e-01,-2.977669239044189453e-01,-4.998581111431121826e-01,-3.945862352848052979e-01,-5.309603810310363770e-01,-5.369750261306762695e-01,-1.358131766319274902e-01,-3.630064129829406738e-01,-1.920371204614639282e-01,-1.794676631689071655e-01,-1.823446452617645264e-01,-2.609816193580627441e-01,-1.858400404453277588e-01,-1.053998246788978577e-01,-2.442444860935211182e-01,-5.095023661851882935e-02,1.519275605678558350e-01,2.101149410009384155e-01,1.934691369533538818e-01,2.595108449459075928e-01,1.695669293403625488e-01,2.410233914852142334e-01,3.291018307209014893e-01,1.157152652740478516e-01,4.136219620704650879e-03,7.770062983036041260e-02,2.935580015182495117e-01,1.490625739097595215e-01,3.976845741271972656e-01,4.441471993923187256e-01,-4.180725514888763428e-01,-1.435218304395675659e-01,-3.212891221046447754e-01,-2.750822305679321289e-01,-8.423952013254165649e-02,-5.073232948780059814e-02,7.892782241106033325e-02,-2.736850976943969727e-01,2.970852255821228027e-01,-1.152740120887756348e-01,6.112276576459407806e-03,-2.694848477840423584e-01,-3.202862143516540527e-01,-3.264555335044860840e-01,-3.123077750205993652e-01,-3.765924870967864990e-01,-4.482855275273323059e-02,-3.962046802043914795e-01,2.148930281400680542e-01,1.198407411575317383e-01,1.616095155477523804e-01,3.562768995761871338e-01,-2.867892384529113770e-01,-4.610407948493957520e-01,5.290879607200622559e-01,4.328614771366119385e-01,2.019322365522384644e-01,3.845046460628509521e-01,-6.387454271316528320e-02,2.642858624458312988e-01,-1.615784317255020142e-01,-9.233471751213073730e-02,1.394035369157791138e-01,-1.287204772233963013e-01,-3.804585039615631104e-01,1.801948547363281250e-01,7.339991629123687744e-02,-1.338307410478591919e-01
4.325238168239593506e-01,1.844059526920318604e-01,6.966754794120788574e-01,0.000000000000000000e+00,2.816173364408314228e-04,2.141302376985549927e-01,6.557514071464538574e-01,4.796786010265350342e-01,-2.490106225013732910e-02,2.758688628673553467e-01,3.243731260299682617e-01,-7.509146234951913357e-04,1.958604156970977783e-01,-1.820722594857215881e-02,-1.269747875630855560e-02,1.140879318118095398e-01,-4.396793544292449951e-01,-2.089472860097885132e-01,6.306549906730651855e-01,4.882829487323760986e-01,-4.053912162780761719e-01,-2.936829328536987305e-01,6.100305914878845215e-01,6.536893844604492188e-01,-2.502023279666900635e-01,2.792180180549621582e-01,1.314553916454315186e-01,4.078556224703788757e-02,-1.427113562822341919e-01,-4.326461255550384521e-01,-5.193261057138442993e-02,1.722761392593383789e-01,1.875088512897491455e-01,1.444609612226486206e-01,3.353115320205688477e-01,4.688913226127624512e-01,-3.293108940124511719e-01,-2.781851589679718018e-01,-3.180873095989227295e-01,-2.973009943962097168e-01,-1.873104274272918701e-01,-5.581656098365783691e-01,-3.285628557205200195e-01,-3.012305200099945068e-01,-4.244125187397003174e-01,-2.460889145731925964e-02,-2.615974545478820801e-01,-3.266873955726623535e-01,-3.206405937671661377e-01,-2.630960345268249512e-01,-4.882516562938690186e-01,-3.657954335212707520e-01,-5.767525434494018555e-01,-4.093866646289825439e-01,-3.168481886386871338e-01,-3.649092018604278564e-01,-9.292995184659957886e-02,-8.232447318732738495e-03,-1.081307232379913330e-01,-1.224800795316696167e-01,-2.022697627544403076e-01,3.305864334106445312e-02,-2.435344308614730835e-01,1.453590672463178635e-02,1.120147556066513062e-01,3.496896624565124512e-01,3.117564022541046143e-01,3.825788497924804688e-01,3.312385976314544678e-01,3.918077051639556885e-01,3.023210763931274414e-01,1.290013641119003296e-01,7.304272055625915527e-02,6.911952048540115356e-02,3.163847029209136963e-01,1.502066999673843384e-01,3.761458098888397217e-01,3.609485626220703125e-01,-4.905894398689270020e-01,-1.203959956765174866e-01,-4.058741927146911621e-01,-2.262582182884216309e-01,-2.480692267417907715e-01,-7.255968451499938965e-02,-1.585694551467895508e-01,7.989789545536041260e-02,1.259770393371582031e-01,-1.741431206464767456e-01,-1.893323212862014771e-01,-5.942561104893684387e-02,-2.128050923347473145e-01,-2.132554352283477783e-01,-2.558785080909729004e-01,-1.860275268554687500e-01,-1.648238152265548706e-01,-4.161095023155212402e-01,1.165314391255378723e-01,3.937530890107154846e-02,1.249234005808830261e-01,2.440701425075531006e-01,-3.363711535930633545e-01,-3.097953498363494873e-01,3.659118115901947021e-01,4.613842666149139404e-01,6.181031465530395508e-02,3.862433731555938721e-01,-2.182493805885314941e-01,1.779339462518692017e-01,-9.518717229366302490e-02,-7.505026459693908691e-02,1.164782419800758362e-01,-7.676202058792114258e-02,-2.832783758640289307e-01,1.409457921981811523e-01,1.283373683691024780e-02,-1.638835519552230835e-01
1.523441821336746216e-01,1.418173462152481079e-01,-3.562065958976745605e-02,2.816173364408314228e-04,0.000000000000000000e+00,-1.453334279358386993e-02,-1.198871880769729614e-01,1.600450873374938965e-01,2.355808019638061523e-01,2.184058725833892822e-01,9.638024121522903442e-02,1.935398727655410767e-01,-2.938340790569782257e-02,2.891739606857299805e-01,1.801828145980834961e-01,3.307119309902191162e-01,8.122117072343826294e-02,1.430600285530090332e-01,1.726607792079448700e-02,7.121691852807998657e-02,5.184558779001235962e-02,5.284720566123723984e-03,-7.787848263978958130e-02,7.396292686462402344e-02,1.916445046663284302e-01,2.604919672012329102e-01,1.358432620763778687e-01,2.747019529342651367e-01,1.019163429737091064e-01,1.292790770530700684e-01,6.153792515397071838e-02,2.287701815366744995e-01,1.363669633865356445e-01,1.897836774587631226e-01,1.183982640504837036e-01,1.136741712689399719e-01,-5.889397487044334412e-02,6.980157643556594849e-02,2.511081099510192871e-01,1.992804706096649170e-01,-1.921777725219726562e-01,1.453024893999099731e-01,2.347694337368011475e-02,-5.255367234349250793e-02,1.502909231930971146e-02,-1.445248425006866455e-01,-2.077603898942470551e-02,6.954526156187057495e-02,1.151358522474765778e-02,-5.153724551200866699e-02,1.130610257387161255e-01,-4.277453944087028503e-02,1.440058499574661255e-01,3.021525591611862183e-02,9.889336675405502319e-02,1.590810120105743408e-01,1.260253190994262695e-01,1.316448152065277100e-01,2.025272883474826813e-02,8.159571886062622070e-02,1.498891711235046387e-01,1.143761724233627319e-01,1.516030579805374146e-01,9.757681749761104584e-03,9.098456799983978271e-02,-7.497985661029815674e-02,1.546959877014160156e-01,1.700425893068313599e-01,1.727882027626037598e-01,1.553378999233245850e-01,8.701352775096893311e-02,1.152949333190917969e-01,-2.708666212856769562e-02,-2.713297866284847260e-02,2.377671301364898682e-01,1.010849401354789734e-01,1.385934948921203613e-01,-3.185779973864555359e-02,1.622125357389450073e-01,1.565476357936859131e-01,1.779683828353881836e-01,1.925752013921737671e-01,1.917054653167724609e-01,7.457136362791061401e-02,2.674700692296028137e-03,9.172037988901138306e-02,2.870450615882873535e-01,1.376745402812957764e-01,1.329055577516555786e-01,8.192218095064163208e-02,2.345385700464248657e-01,9.293665736913681030e-02,1.846524029970169067e-01,2.459073066711425781e-02,2.979806438088417053e-02,1.340383440256118774e-01,3.566578775644302368e-02,5.852175503969192505e-02,1.029503718018531799e-01,-1.188880996778607368e-03,8.867606520652770996e-02,5.624318122863769531e-02,-3.254632651805877686e-02,-4.774660617113113403e-02,-1.023833453655242920e-01,-1.419158130884170532e-01,-9.603491984307765961e-03,-1.064115017652511597e-01,1.182505264878273010e-01,1.098676323890686035e-01,-9.754193574190139771e-02,1.424716226756572723e-02,9.484186023473739624e-02,-2.934161573648452759e-02,9.443596005439758301e-02,-8.086963556706905365e-03
-8.013223856687545776e-02,-1.262555569410324097e-01,1.765321195125579834e-01,2.141302376985549927e-01,-1.453334279358386993e-02,0.000000000000000000e+00,2.872052192687988281e-01,1.711489111185073853e-01,2.895522415637969971e-01,3.796143829822540283e-01,-1.209435537457466125e-01,-2.006127387285232544e-01,-7.071676850318908691e-02,-2.485200017690658569e-01,1.578010469675064087e-01,1.220627278089523315e-01,-1.775266081094741821e-01,-2.238421440124511719e-01,-1.058464124798774719e-02,3.554742783308029175e-02,1.328995823860168457e-01,1.818495243787765503e-01,7.126955687999725342e-02,1.093088462948799133e-01,1.300779879093170166e-01,2.702875733375549316e-01,4.167335033416748047e-01,3.075578808784484863e-01,1.571246683597564697e-01,-3.181531280279159546e-02,-6.722021102905273438e-02,-2.736228704452514648e-02,-2.460671365261077881e-01,-2.167435288429260254e-01,-2.204054445028305054e-01,-1.292041838169097900e-01,9.739955514669418335e-02,-6.651078909635543823e-02,-1.815163716673851013e-02,2.165544033050537109e-02,1.238050498068332672e-02,-1.153676435351371765e-01,-1.070052310824394226e-01,-8.391725271940231323e-02,-7.001680135726928711e-02,1.248187124729156494e-01,6.035500392317771912e-02,7.483530789613723755e-02,5.575178191065788269e-03,-3.367795422673225403e-02,-2.577168047428131104e-01,-2.694756090641021729e-01,-2.977468967437744141e-01,-3.795299530029296875e-01,9.312200546264648438e-02,-1.287500001490116119e-02,-2.454628646373748779e-01,-2.281670570373535156e-01,-2.582202255725860596e-01,-1.924557089805603027e-01,-3.757106363773345947e-01,-2.786115109920501709e-01,-1.438281685113906860e-01,-4.629294946789741516e-02,-2.541912198066711426e-01,1.966010965406894684e-02,-2.710633575916290283e-01,-8.155805617570877075e-02,-1.630821377038955688e-01,1.606238307431340218e-03,-3.431645035743713379e-02,-1.723602414131164551e-01,-1.801606863737106323e-01,-1.219271793961524963e-01,7.262790203094482422e-02,-7.149266451597213745e-02,-1.239821240305900574e-01,-1.770687550306320190e-01,-1.876196861267089844e-01,-2.433760166168212891e-01,-8.497380465269088745e-02,-1.265219897031784058e-01,1.785700321197509766e-01,2.083992063999176025e-01,3.745524957776069641e-02,-6.104227155447006226e-02,3.104860484600067139e-01,2.416504174470901489e-01,6.891804188489913940e-02,-9.702451527118682861e-02,-2.458067387342453003e-01,-3.600221574306488037e-01,-2.737330198287963867e-01,-2.919418811798095703e-01,2.124241292476654053e-01,-9.949832409620285034e-02,2.340651117265224457e-02,-5.034264922142028809e-02,1.737374439835548401e-02,-3.554952889680862427e-02,-2.504549026489257812e-01,-3.888432085514068604e-01,2.266822457313537598e-01,1.521193385124206543e-01,2.926960885524749756e-01,1.679947972297668457e-01,1.734993159770965576e-01,2.643421292304992676e-01,-2.645678222179412842e-01,-2.014090716838836670e-01,4.489426687359809875e-02,-3.726439476013183594e-01,-3.363315463066101074e-01,-1.528083980083465576e-01,6.513727456331253052e-02,1.900597363710403442e-01
4.097519516944885254e-01,5.793070420622825623e-02,7.784088850021362305e-01,6.557514071464538574e-01,-1.198871880769729614e-01,2.872052192687988281e-01,0.000000000000000000e+00,4.123949408531188965e-01,6.741066277027130127e-02,2.674444615840911865e-01,3.187332749366760254e-01,-6.292400509119033813e-02,3.463900387287139893e-01,-1.284772902727127075e-01,7.720547914505004883e-02,4.930023476481437683e-02,-4.136466979980468750e-01,-1.386676281690597534e-01,5.592356324195861816e-01,4.014257490634918213e-01,-3.156535029411315918e-01,-1.924030482769012451e-01,5.868538022041320801e-01,5.197714567184448242e-01,-1.795922666788101196e-01,2.488797008991241455e-01,2.034196704626083374e-01,8.294226974248886108e-02,-9.268600493669509888e-02,-2.844585478305816650e-01,-1.720662042498588562e-02,1.252976208925247192e-01,6.343907862901687622e-02,2.206066064536571503e-02,2.219586223363876343e-01,3.274199366569519043e-01,-2.253168076276779175e-01,-2.937929332256317139e-01,-2.436951845884323120e-01,-3.197266459465026855e-01,-1.927212029695510864e-01,-4.862408041954040527e-01,-4.414912164211273193e-01,-3.694527447223663330e-01,-4.261429607868194580e-01,-4.955457523465156555e-02,-3.090180456638336182e-01,-3.855136334896087646e-01,-3.497245013713836670e-01,-2.876748442649841309e-01,-5.403813719749450684e-01,-4.001508057117462158e-01,-5.797804594039916992e-01,-5.487068295478820801e-01,-1.982113271951675415e-01,-3.790836632251739502e-01,-2.014382779598236084e-01,-2.041242271661758423e-01,-2.014918029308319092e-01,-2.886501252651214600e-01,-2.067964076995849609e-01,-1.144751086831092834e-01,-2.034462988376617432e-01,-2.826463198289275169e-03,1.230647638440132141e-01,3.211460709571838379e-01,1.128480806946754456e-01,1.983087062835693359e-01,8.041419088840484619e-02,1.276010423898696899e-01,3.669756054878234863e-01,1.715372651815414429e-01,5.381883680820465088e-02,1.097224578261375427e-01,2.965409755706787109e-01,1.475305557250976562e-01,3.588718771934509277e-01,3.534114360809326172e-01,-3.869393765926361084e-01,-1.307878196239471436e-01,-3.552741408348083496e-01,-2.470870316028594971e-01,-9.183849394321441650e-02,-6.582689285278320312e-02,4.173681139945983887e-02,-2.219452857971191406e-01,2.457975000143051147e-01,-1.081122681498527527e-01,-3.560502314940094948e-03,-2.384644746780395508e-01,-3.477184772491455078e-01,-3.045001626014709473e-01,-3.583671450614929199e-01,-3.452376127243041992e-01,-7.330150157213211060e-02,-3.922891616821289062e-01,1.504703313112258911e-01,5.075645446777343750e-02,1.240062415599822998e-01,2.841967940330505371e-01,-3.555221855640411377e-01,-4.167583584785461426e-01,4.764124155044555664e-01,3.825754821300506592e-01,1.473810970783233643e-01,3.127298355102539062e-01,-8.705594390630722046e-02,2.607056796550750732e-01,-1.366486102342605591e-01,-5.581599473953247070e-02,1.469684988260269165e-01,-2.266664057970046997e-01,-3.334315121173858643e-01,2.862570807337760925e-02,-5.882662534713745117e-02,-1.508614867925643921e-01
2.980335950851440430e-01,3.740346431732177734e-01,3.202640712261199951e-01,4.796786010265350342e-01,1.600450873374938965e-01,1.711489111185073853e-01,4.123949408531188965e-01,0.000000000000000000e+00,-1.066770553588867188e-01,1.802051216363906860e-01,3.114877454936504364e-02,3.936907649040222168e-01,7.182745635509490967e-02,2.100042402744293213e-01,-1.515754312276840210e-01,-4.937409609556198120e-02,-1.095501109957695007e-01,1.002680975943803787e-03,3.768366873264312744e-01,5.427420139312744141e-01,-4.310442805290222168e-01,-3.893975913524627686e-01,2.855898439884185791e-01,3.279268443584442139e-01,-1.844737231731414795e-01,2.811942100524902344e-01,2.638836018741130829e-02,-1.568619720637798309e-02,-1.800042390823364258e-01,-1.434278786182403564e-01,6.176893040537834167e-02,2.487550526857376099e-01,2.770959436893463135e-01,3.733029365539550781e-01,2.095881551504135132e-01,2.604821324348449707e-01,-4.167974591255187988e-01,-3.852344155311584473e-01,-3.182538747787475586e-01,-2.153271287679672241e-01,-2.960787415504455566e-01,-3.954421281814575195e-01,-1.603209078311920166e-01,-2.488221824169158936e-01,-1.069133430719375610e-01,1.458848714828491211e-01,-1.317613571882247925e-01,-2.917323410511016846e-01,1.706873998045921326e-02,-5.193601548671722412e-02,-2.131342887878417969e-01,-2.460220158100128174e-01,-2.795281112194061279e-01,-2.596366107463836670e-01,-3.196852505207061768e-01,-3.066338896751403809e-01,2.050084620714187622e-01,1.236237436532974243e-01,6.127174571156501770e-02,8.377124369144439697e-02,1.785017549991607666e-01,2.702879905700683594e-01,6.114511936902999878e-02,2.835077643394470215e-01,-5.711812153458595276e-02,4.667966365814208984e-01,1.344208866357803345e-01,1.938422024250030518e-01,3.144164979457855225e-01,2.395090311765670776e-01,2.468810230493545532e-01,1.988440304994583130e-01,1.158491894602775574e-01,2.043196409940719604e-01,2.330630719661712646e-01,2.263664454221725464e-01,1.689185351133346558e-01,1.307869553565979004e-01,-1.067615449428558350e-01,6.412698887288570404e-03,-1.367522627115249634e-01,4.467362537980079651e-03,-2.543788552284240723e-01,-2.536816596984863281e-01,-1.158849522471427917e-01,1.101850420236587524e-01,-6.889555603265762329e-03,-1.200829073786735535e-01,-1.491421908140182495e-01,-1.076525151729583740e-01,4.469438642263412476e-02,-1.340080052614212036e-02,6.204548757523298264e-03,-6.897346675395965576e-02,-3.338949382305145264e-01,-3.709695935249328613e-01,-5.064959079027175903e-02,-1.843423396348953247e-01,1.162924319505691528e-01,-6.838151812553405762e-02,-1.613482385873794556e-01,-1.076257377862930298e-01,1.070298999547958374e-02,-3.822560235857963562e-02,-1.479865014553070068e-01,-7.358516007661819458e-02,-3.031297326087951660e-01,-2.245515286922454834e-01,1.408444941043853760e-01,1.260980516672134399e-01,-1.674991250038146973e-01,6.471920013427734375e-02,8.906351029872894287e-02,-1.825526356697082520e-01,-1.697478145360946655e-01,-1.834494620561599731e-01
-7.471477985382080078e-02,-1.141460686922073364e-01,-1.467574853450059891e-02,-2.490106225013732910e-02,2.355808019638061523e-01,2.895522415637969971e-01,6.741066277027130127e-02,-1.066770553588867188e-01,0.000000000000000000e+00,2.190457731485366821e-01,2.367503941059112549e-02,-1.493991166353225708e-01,-5.558350309729576111e-02,-6.230251491069793701e-02,2.990442216396331787e-01,2.160226553678512573e-02,-9.535523504018783569e-02,-3.104383125901222229e-02,-6.009243428707122803e-02,-8.751928806304931641e-02,7.731362432241439819e-02,7.288907468318939209e-02,-2.371354587376117706e-02,5.983520299196243286e-02,2.982870638370513916e-01,1.700010299682617188e-01,2.777254879474639893e-01,2.225276231765747070e-01,9.769228100776672363e-02,3.071553260087966919e-02,-1.783861662261188030e-03,2.232359111076220870e-04,-9.911708533763885498e-02,-1.303094923496246338e-01,-3.977610170841217041e-02,-1.479802727699279785e-01,5.808465555310249329e-02,-1.447210961487144232e-04,4.834692180156707764e-02,-3.354400396347045898e-03,-2.353654243052005768e-03,2.905449829995632172e-02,-1.627628877758979797e-02,6.925621535629034042e-03,4.684785008430480957e-02,3.873995691537857056e-02,3.420557454228401184e-02,4.889583960175514221e-02,4.832728952169418335e-02,7.331631332635879517e-02,-3.892284259200096130e-02,-1.076882258057594299e-01,-5.680217593908309937e-02,-2.068751901388168335e-01,1.385857909917831421e-01,-3.613253682851791382e-02,-1.279174834489822388e-01,-9.773804992437362671e-02,-1.843114495277404785e-01,-1.422252804040908813e-01,-1.956547349691390991e-01,-1.908691078424453735e-01,-1.025270819664001465e-01,-1.789502650499343872e-01,-5.759906768798828125e-02,-1.246899366378784180e-01,-1.660079658031463623e-01,-7.916512340307235718e-02,-2.116984128952026367e-01,-1.360484808683395386e-01,5.616919696331024170e-02,-7.145763188600540161e-02,-1.308205276727676392e-01,-7.153256237506866455e-02,2.869582921266555786e-02,-4.293651133775711060e-02,-9.494943171739578247e-02,-1.259678155183792114e-01,-2.099998295307159424e-02,-1.431466042995452881e-01,6.036810576915740967e-02,-4.714620485901832581e-02,1.987003087997436523e-01,5.140418186783790588e-02,2.408511191606521606e-01,-1.739582419395446777e-01,3.047251105308532715e-01,2.230516672134399414e-01,2.417414784431457520e-01,-1.455954611301422119e-01,-9.996443986892700195e-02,-1.086555570363998413e-01,-1.016191393136978149e-01,-1.494711190462112427e-01,1.546729654073715210e-01,6.375392526388168335e-02,4.248314350843429565e-02,1.050870865583419800e-01,-2.794954739511013031e-02,1.014105752110481262e-01,-9.058787673711776733e-02,-1.802041232585906982e-01,1.183834820985794067e-01,1.315640285611152649e-02,1.435002088546752930e-01,1.522264908999204636e-03,1.637909859418869019e-01,7.607922703027725220e-02,-5.162448436021804810e-02,1.505743339657783508e-02,4.838547483086585999e-02,-2.143152654170989990e-01,-9.464698284864425659e-02,-3.629378974437713623e-02,4.115875810384750366e-02,1.167159005999565125e-01
1.842071712017059326e-01,-4.654861241579055786e-02,2.666122615337371826e-01,2.758688628673553467e-01,2.184058725833892822e-01,3.796143829822540283e-01,2.674444615840911865e-01,1.802051216363906860e-01,2.190457731485366821e-01,0.000000000000000000e+00,9.480077028274536133e-02,1.395414303988218307e-02,2.324064075946807861e-01,1.072783023118972778e-01,2.663113176822662354e-01,4.423221349716186523e-01,-3.112246394157409668e-01,-2.863315641880035400e-01,8.414233475923538208e-02,4.085099697113037109e-02,-5.816017743200063705e-03,1.011366546154022217e-01,8.343552798032760620e-02,2.320667952299118042e-01,-2.085943939164280891e-03,2.336853295564651489e-01,4.478176534175872803e-01,3.009943068027496338e-01,-2.863126248121261597e-02,-1.871152371168136597e-01,-1.942305117845535278e-01,-1.119007915258407593e-01,-2.322500050067901611e-01,-2.247200757265090942e-01,2.624818496406078339e-02,9.678367525339126587e-02,-4.254459962248802185e-02,-9.585782140493392944e-02,-4.805882647633552551e-02,1.407247036695480347e-02,-1.688847988843917847e-01,-2.490652352571487427e-01,-4.179660379886627197e-01,-2.359182536602020264e-01,-4.207250773906707764e-01,-2.620157897472381592e-01,-2.924118638038635254e-01,-2.283604890108108521e-01,-3.801270723342895508e-01,-2.669408321380615234e-01,-2.680062353610992432e-01,2.241696231067180634e-02,-2.466435283422470093e-01,-1.532270759344100952e-01,1.178208622150123119e-04,-8.105429820716381073e-03,-2.898809909820556641e-01,-1.919718086719512939e-01,-4.226862639188766479e-02,3.378703445196151733e-02,-2.605571746826171875e-01,7.361675798892974854e-02,-3.502956628799438477e-01,-2.158445268869400024e-01,6.457149982452392578e-03,2.220564335584640503e-01,-1.080957800149917603e-02,3.212285339832305908e-01,4.318607971072196960e-02,1.058667525649070740e-01,1.771654486656188965e-01,4.142557829618453979e-02,-6.627675890922546387e-02,3.606349602341651917e-02,2.070646136999130249e-01,3.267080709338188171e-02,9.774257987737655640e-02,1.100151464343070984e-01,-2.776937782764434814e-01,-1.638020575046539307e-01,-2.545386254787445068e-01,-1.892476826906204224e-01,3.811971843242645264e-02,1.297640949487686157e-01,-7.320247590541839600e-02,1.023020828142762184e-03,2.810658812522888184e-01,2.008526921272277832e-01,8.464899845421314240e-03,1.061175763607025146e-01,-1.463350057601928711e-01,-3.150108754634857178e-01,-2.324180752038955688e-01,-2.781084775924682617e-01,1.795236170291900635e-01,-4.857045412063598633e-02,1.747725307941436768e-01,3.550711786374449730e-03,3.813329711556434631e-02,2.087835371494293213e-01,6.085367873311042786e-03,-3.416655957698822021e-01,2.658671438694000244e-01,2.793851494789123535e-01,2.848839759826660156e-01,2.058523148298263550e-01,2.444067299365997314e-01,2.798632681369781494e-01,-1.267521977424621582e-01,-6.811601668596267700e-02,2.268516868352890015e-01,-1.967833340167999268e-01,-3.269613385200500488e-01,4.496115818619728088e-02,2.006738930940628052e-01,1.355729401111602783e-01
4.897494316101074219e-01,2.076651528477668762e-02,3.914292156696319580e-01,3.243731260299682617e-01,9.638024121522903442e-02,-1.209435537457466125e-01,3.187332749366760254e-01,3.114877454936504364e-02,2.367503941059112549e-02,9.480077028274536133e-02,0.000000000000000000e+00,2.455327846109867096e-02,4.766173958778381348e-01,1.107899323105812073e-01,1.383958458900451660e-01,2.048479616641998291e-01,-8.713175356388092041e-02,1.211505830287933350e-01,3.556834757328033447e-01,1.350484937429428101e-01,-1.755008250474929810e-01,-1.288910508155822754e-01,4.210279583930969238e-01,3.537166416645050049e-01,8.219339698553085327e-02,1.946002840995788574e-01,-4.607749357819557190e-02,-1.905450597405433655e-02,1.627984046936035156e-01,-6.749026477336883545e-02,2.143048346042633057e-01,1.793311685323715210e-01,2.289602011442184448e-01,2.039701789617538452e-01,2.614957392215728760e-01,2.359681129455566406e-01,-1.863912194967269897e-01,-7.949388772249221802e-02,-9.510376490652561188e-03,-1.910980790853500366e-01,-8.129817992448806763e-02,-1.085771620273590088e-01,-1.934126019477844238e-01,-1.706472039222717285e-01,-1.979750543832778931e-01,-9.707699716091156006e-02,-2.657447159290313721e-01,-2.772164642810821533e-01,-2.563317120075225830e-01,-1.066648587584495544e-01,-1.230553910136222839e-01,-4.281229153275489807e-02,-1.327715516090393066e-01,-1.937888413667678833e-01,-1.171151399612426758e-01,-2.014295309782028198e-01,-1.063151434063911438e-01,-2.004364132881164551e-02,1.171667128801345825e-02,-1.013348102569580078e-01,1.848339685238897800e-03,1.045529246330261230e-01,-1.893216185271739960e-02,-6.171769276261329651e-02,1.416076719760894775e-01,1.427407711744308472e-01,1.674760133028030396e-01,2.727198898792266846e-01,1.167548000812530518e-01,3.123746067285537720e-02,4.119619131088256836e-01,2.334344089031219482e-01,1.887732744216918945e-01,2.330479025840759277e-01,3.344253599643707275e-01,2.736992835998535156e-01,4.518780410289764404e-01,4.149049222469329834e-01,-3.934985026717185974e-02,1.214065626263618469e-01,-7.367125898599624634e-02,1.520776655524969101e-02,-1.019691973924636841e-01,-1.080011650919914246e-01,9.850756824016571045e-02,-1.153373792767524719e-01,9.780104458332061768e-02,-1.075406745076179504e-01,-1.884802244603633881e-02,-2.278224080801010132e-01,-1.099170222878456116e-01,-1.264726221561431885e-01,-1.847432255744934082e-01,-2.369823604822158813e-01,-7.277509570121765137e-02,-8.450884371995925903e-02,4.402085766196250916e-02,2.721403241157531738e-01,-1.375399082899093628e-01,3.197361528873443604e-02,-1.055983677506446838e-01,-2.202862650156021118e-01,1.994518190622329712e-01,1.677561849355697632e-01,-1.278418749570846558e-01,2.835453487932682037e-02,-2.908003516495227814e-02,3.436305373907089233e-02,1.337432116270065308e-01,1.753218024969100952e-01,2.410332672297954559e-02,-6.718208640813827515e-02,-6.843185424804687500e-02,1.008031144738197327e-01,7.015058398246765137e-02,-2.582384049892425537e-01
2.137177437543869019e-01,4.710011184215545654e-01,-1.157958135008811951e-01,-7.509146234951913357e-04,1.935398727655410767e-01,-2.006127387285232544e-01,-6.292400509119033813e-02,3.936907649040222168e-01,-1.493991166353225708e-01,1.395414303988218307e-02,2.455327846109867096e-02,0.000000000000000000e+00,1.447578370571136475e-01,6.863756179809570312e-01,-1.717470213770866394e-02,9.612765163183212280e-02,3.505013883113861084e-01,3.174120783805847168e-01,9.331594407558441162e-02,2.292909324169158936e-01,-2.077255845069885254e-01,-3.055673837661743164e-01,-1.018955372273921967e-02,1.480150520801544189e-01,3.495671972632408142e-02,1.367243081331253052e-01,-1.367395818233489990e-01,-1.479370333254337311e-02,-2.860377542674541473e-03,1.657565385103225708e-01,2.934322655200958252e-01,3.248519897460937500e-01,3.664068877696990967e-01,4.615116119384765625e-01,1.008432805538177490e-01,6.881609559059143066e-02,-2.463649064302444458e-01,-9.106782078742980957e-02,-6.086305901408195496e-02,-2.240632660686969757e-02,-1.579524725675582886e-01,1.023747399449348450e-01,-4.628773033618927002e-02,-7.702707499265670776e-02,2.895665913820266724e-02,-2.002405561506748199e-02,-2.355171889066696167e-01,-2.512358427047729492e-01,-6.649621576070785522e-02,3.622364252805709839e-03,-7.114798296242952347e-03,1.764022260904312134e-01,6.440830230712890625e-02,2.157187908887863159e-01,-4.098551273345947266e-01,-3.783368691802024841e-02,3.672923147678375244e-01,4.377678334712982178e-01,2.975469827651977539e-01,4.068302512168884277e-01,4.381299614906311035e-01,5.989000797271728516e-01,4.124014675617218018e-01,4.172640442848205566e-01,9.400288760662078857e-02,2.744590044021606445e-01,1.324322521686553955e-01,1.013918146491050720e-01,3.416044116020202637e-01,1.513158231973648071e-01,8.977001905441284180e-02,2.672526836395263672e-01,2.182577252388000488e-01,2.309600710868835449e-01,1.689706593751907349e-01,2.169732898473739624e-01,8.839912712574005127e-02,1.415647119283676147e-01,2.338825017213821411e-01,3.004034459590911865e-01,3.787126019597053528e-02,3.596496880054473877e-01,-2.672455012798309326e-01,-2.946054339408874512e-01,-1.985787749290466309e-01,2.302969992160797119e-01,-3.045718967914581299e-01,-9.613526612520217896e-02,-2.091320157051086426e-01,1.249012053012847900e-01,9.747116267681121826e-02,2.410744726657867432e-01,2.013308182358741760e-02,8.268782496452331543e-02,-2.135013192892074585e-01,-2.107359655201435089e-02,1.030906587839126587e-01,3.543996438384056091e-02,-4.400943592190742493e-02,-1.381935030221939087e-01,1.786440610885620117e-02,1.885347217321395874e-01,-1.979817599058151245e-01,-1.438972204923629761e-01,-4.759197235107421875e-01,-4.066294431686401367e-01,-2.254450619220733643e-01,-3.473949432373046875e-01,3.969485759735107422e-01,3.957824110984802246e-01,-1.525664180517196655e-01,1.374759376049041748e-01,2.861706018447875977e-01,-2.157523036003112793e-01,-2.839133441448211670e-01,-1.944904476404190063e-01
3.451331853866577148e-01,-6.157921254634857178e-02,3.047993183135986328e-01,1.958604156970977783e-01,-2.938340790569782257e-02,-7.071676850318908691e-02,3.463900387287139893e-01,7.182745635509490967e-02,-5.558350309729576111e-02,2.324064075946807861e-01,4.766173958778381348e-01,1.447578370571136475e-01,0.000000000000000000e+00,1.534229069948196411e-01,3.722614645957946777e-01,2.278483808040618896e-01,-1.361888200044631958e-01,6.038961466401815414e-03,3.260600268840789795e-01,5.131066218018531799e-02,-2.028527259826660156e-01,-1.634548455476760864e-01,4.384631514549255371e-01,3.324493765830993652e-01,6.608541309833526611e-02,1.459451019763946533e-01,7.035769522190093994e-02,1.240769624710083008e-01,-4.302942007780075073e-02,-1.054740175604820251e-01,1.405728459358215332e-01,1.072557866573333740e-01,1.893695145845413208e-01,1.118606850504875183e-01,2.609041929244995117e-01,2.240956723690032959e-01,-1.433613151311874390e-01,-2.040733098983764648e-01,-8.144693076610565186e-02,-1.862463951110839844e-01,-1.706289649009704590e-01,-1.868149638175964355e-01,-2.673433125019073486e-01,-2.556007802486419678e-01,-2.857708930969238281e-01,-2.490380555391311646e-01,-3.777824342250823975e-01,-3.993975818157196045e-01,-3.630250692367553711e-01,-2.417343109846115112e-01,-2.682471871376037598e-01,4.537661559879779816e-03,-1.516120135784149170e-01,-5.980041995644569397e-02,-3.054060637950897217e-01,-2.787793278694152832e-01,-1.115615367889404297e-01,-7.035969942808151245e-02,4.587626550346612930e-03,-2.883566170930862427e-02,-3.403722494840621948e-02,1.953895986080169678e-01,-9.886977821588516235e-02,-8.082636445760726929e-02,1.944804489612579346e-01,3.016336560249328613e-01,1.689825803041458130e-01,2.540265321731567383e-01,1.028223857283592224e-01,-3.717029094696044922e-02,3.400836586952209473e-01,2.502881586551666260e-01,1.601711958646774292e-01,1.826894581317901611e-01,2.453335970640182495e-01,1.276512295007705688e-01,3.128236532211303711e-01,3.224142789840698242e-01,-9.763281047344207764e-02,1.003454104065895081e-01,-2.216001152992248535e-01,-5.049069598317146301e-02,-8.023104071617126465e-02,-1.274443864822387695e-01,-3.739717230200767517e-02,-3.177380189299583435e-02,6.752363592386245728e-02,-1.476404815912246704e-01,-1.506965309381484985e-01,-1.211701184511184692e-01,-1.075437441468238831e-01,1.736156642436981201e-02,-1.533545404672622681e-01,-4.941524192690849304e-02,-8.574667572975158691e-02,-2.004607468843460083e-01,-4.229494184255599976e-02,-9.464531205594539642e-03,-2.015822678804397583e-01,7.308770716190338135e-02,-1.299667656421661377e-01,-3.685307130217552185e-02,8.857971429824829102e-02,6.876824051141738892e-02,-1.145165637135505676e-01,6.169816106557846069e-02,-1.010114103555679321e-01,3.964763134717941284e-02,1.070305481553077698e-01,1.511679291725158691e-01,1.572600938379764557e-02,-1.120803505182266235e-01,-6.531018018722534180e-02,-2.944370731711387634e-02,2.871129103004932404e-02,-2.677199840545654297e-01
