0.000000000000000000e+00,2.180045545101165771e-01,1.047716736793518066e-01,3.778573125600814819e-02,-8.750771731138229370e-02,-8.198039233684539795e-02,1.780226081609725952e-01,3.686069697141647339e-02,-8.225972205400466919e-02,-4.273460432887077332e-02,1.826596446335315704e-02,-5.036696419119834900e-02,-8.170718699693679810e-02,-9.585018455982208252e-02,2.334628254175186157e-02,7.446274161338806152e-03,1.251787096261978149e-01,-1.492963433265686035e-01,5.265476703643798828e-01,3.060083091259002686e-01,1.185191422700881958e-01,3.883970156311988831e-02,-3.772584721446037292e-02,-6.376656144857406616e-02,-1.169837564229965210e-01,-1.325745880603790283e-01,-3.648975864052772522e-02,-7.440696004778146744e-03,9.897930920124053955e-02,-6.833461672067642212e-02,-7.449448108673095703e-02,-3.176416037604212761e-03,1.397514045238494873e-01,6.235807389020919800e-02,4.801578074693679810e-02,-3.814375028014183044e-02,-3.028334118425846100e-02,-6.420738250017166138e-02,4.826490953564643860e-02,4.405098408460617065e-02,-1.167186573147773743e-01,-3.950246050953865051e-02,-9.203545004129409790e-02,-1.009586006402969360e-01,-6.866974383592605591e-02,-1.465062350034713745e-01,-1.863931715488433838e-01,-2.388127744197845459e-01,-1.815551072359085083e-01,-1.960237026214599609e-01,-1.065167188644409180e-01,-1.164651438593864441e-01,-1.113468483090400696e-01,-8.219949156045913696e-02,-8.693841286003589630e-03,-4.451315104961395264e-02,3.045006096363067627e-01,2.895961701869964600e-02,7.726674526929855347e-02,1.350647509098052979e-01,6.481207162141799927e-02,-1.501305610872805119e-03,1.293873488903045654e-01,-9.565009921789169312e-02,-6.833380460739135742e-02,-1.321512311697006226e-01,1.028921008110046387e-01,1.131635606288909912e-01,3.616379499435424805e-01,1.419197171926498413e-01,6.616386026144027710e-02,8.898602426052093506e-02,1.513093560934066772e-01,6.324629299342632294e-03,4.536237940192222595e-02,-6.166863813996315002e-02,1.729253381490707397e-01,6.643825769424438477e-02,4.446029663085937500e-03,-6.777361035346984863e-02,1.586500704288482666e-01,-1.811845451593399048e-01,8.365161716938018799e-02,7.691936194896697998e-02,-2.522722072899341583e-02,4.217408969998359680e-02,8.160483837127685547e-02,6.695554405450820923e-02,-1.480199694633483887e-01,7.471043616533279419e-03,-2.818163931369781494e-01,-2.092138677835464478e-01,-2.659175395965576172e-01,6.414893083274364471e-03,-1.349206361919641495e-02,-6.168447062373161316e-02,3.782800585031509399e-02,9.186704643070697784e-03,-1.559806019067764282e-01,-1.377942115068435669e-01,8.225077763199806213e-03,-2.796434238553047180e-02,6.196658685803413391e-02,1.013406291604042053e-01,-2.575750946998596191e-01,-2.012891471385955811e-01,-6.354407221078872681e-02,-6.572110950946807861e-02,-9.936320036649703979e-02,5.903901159763336182e-02,-1.081933155655860901e-01,-1.431013643741607666e-01,-2.208564728498458862e-01,1.349430680274963379e-01,-5.733567103743553162e-02,-1.024851724505424500e-01
2.180045545101165771e-01,0.000000000000000000e+00,-2.353782206773757935e-01,-1.598086580634117126e-02,-1.350214183330535889e-01,7.111782324500381947e-04,-3.444522619247436523e-01,8.838255703449249268e-02,-1.847482174634933472e-01,1.174813881516456604e-02,-6.493682414293289185e-02,6.093166768550872803e-02,-7.623728364706039429e-02,-3.344529122114181519e-02,1.492357999086380005e-02,2.430397830903530121e-02,3.805154934525489807e-02,3.288957774639129639e-01,1.928134858608245850e-01,4.290743768215179443e-01,4.192208498716354370e-02,3.512259945273399353e-02,-3.245509862899780273e-01,-3.224575817584991455e-01,-1.201848313212394714e-01,-9.080743044614791870e-02,3.369401022791862488e-02,1.293497234582901001e-01,-3.493794426321983337e-02,4.771107807755470276e-02,1.366802770644426346e-02,3.431944549083709717e-02,1.254530549049377441e-01,2.861180007457733154e-01,2.148781716823577881e-02,1.635768711566925049e-01,3.024328313767910004e-02,1.950252652168273926e-01,-1.446730550378561020e-02,3.765837475657463074e-02,-1.302654594182968140e-01,3.954641520977020264e-02,-1.769527643918991089e-01,-2.933935821056365967e-02,-1.249601766467094421e-01,-1.596408188343048096e-01,-8.614040911197662354e-02,-7.554044574499130249e-02,-1.359011232852935791e-01,-3.143232464790344238e-01,-1.752102524042129517e-01,-3.434755802154541016e-01,-3.943124040961265564e-02,-3.777445256710052490e-01,-2.238209731876850128e-02,-4.806576296687126160e-02,4.711059927940368652e-01,5.971271395683288574e-01,2.056528031826019287e-01,3.804633319377899170e-01,8.291139453649520874e-02,2.293017655611038208e-01,1.761183142662048340e-01,2.467575222253799438e-01,-7.350152730941772461e-02,2.182244881987571716e-02,8.107873797416687012e-02,1.063321158289909363e-01,2.661004066467285156e-01,8.901283144950866699e-02,2.994450628757476807e-01,7.310343533754348755e-02,2.841142937541007996e-02,2.545987069606781006e-01,2.307752221822738647e-01,8.283026516437530518e-02,2.012798190116882324e-01,9.061577916145324707e-02,1.147145181894302368e-01,-1.661899089813232422e-01,3.872957080602645874e-02,2.376877069473266602e-01,-7.124412804841995239e-02,3.997704014182090759e-02,6.331826001405715942e-02,-1.819378733634948730e-01,2.990420721471309662e-02,2.209009043872356415e-02,-6.229735445231199265e-03,-2.465264946222305298e-01,-4.177899286150932312e-02,-3.101075589656829834e-01,-1.527921482920646667e-02,8.360476349480450153e-04,1.977670937776565552e-01,6.864949315786361694e-02,2.839658781886100769e-02,5.775106698274612427e-02,5.703728273510932922e-02,8.340582996606826782e-02,6.061975657939910889e-02,1.827074140310287476e-01,7.485122233629226685e-02,3.781909495592117310e-02,-8.000408113002777100e-02,-2.508882582187652588e-01,-8.710783720016479492e-02,-7.388884574174880981e-02,-5.871440842747688293e-02,-4.294428601861000061e-02,-2.130383700132369995e-01,-7.509381324052810669e-02,3.653791174292564392e-02,-1.479360163211822510e-01,-1.439389139413833618e-01,-1.610135138034820557e-01
1.047716736793518066e-01,-2.353782206773757935e-01,0.000000000000000000e+00,3.219530582427978516e-01,-8.053637295961380005e-02,-9.879624843597412109e-02,5.088540315628051758e-01,1.200035214424133301e-01,-8.461694419384002686e-02,-1.352601796388626099e-01,4.273353144526481628e-03,-1.318326294422149658e-01,-3.176155313849449158e-02,-1.140475645661354065e-01,-2.876491248607635498e-01,-3.237950801849365234e-01,-1.182297617197036743e-02,-1.156082302331924438e-01,2.882208228111267090e-01,9.951609186828136444e-03,-3.123361170291900635e-01,-2.347023934125900269e-01,5.145910978317260742e-01,2.392211854457855225e-01,6.277266889810562134e-02,-1.449185609817504883e-01,-2.506083548069000244e-01,-2.844931781291961670e-01,6.327008455991744995e-02,-4.748374596238136292e-02,-7.182510942220687866e-02,-5.393309518694877625e-02,1.265385597944259644e-01,-5.457932129502296448e-02,-6.999304145574569702e-02,-3.273536860942840576e-01,-2.368906587362289429e-01,-2.110292166471481323e-01,-2.444944679737091064e-01,-2.570013105869293213e-01,-1.769414991140365601e-01,-2.502749860286712646e-01,1.295928508043289185e-01,-5.616738274693489075e-02,-3.616648539900779724e-02,-1.379063427448272705e-01,2.116899751126766205e-02,7.531084120273590088e-03,-1.168683841824531555e-01,1.209221631288528442e-01,1.429703235626220703e-01,2.019575387239456177e-01,3.379809260368347168e-01,3.226252198219299316e-01,-1.563215404748916626e-01,-1.360329091548919678e-01,-2.714149653911590576e-01,-3.686453700065612793e-01,-2.101865708827972412e-01,-4.751417934894561768e-01,1.423387080430984497e-01,-1.660327315330505371e-01,-7.131558656692504883e-02,-2.762427367269992828e-02,2.663392126560211182e-01,1.115306615829467773e-01,-4.030537605285644531e-02,-1.630749851465225220e-01,-1.893587410449981689e-01,-2.480740547180175781e-01,-1.315770447254180908e-01,-1.357177942991256714e-01,9.401579946279525757e-02,5.585763230919837952e-02,-2.877213358879089355e-01,-3.678157329559326172e-01,-9.153480082750320435e-02,-6.485328823328018188e-02,1.830504983663558960e-01,-4.572618007659912109e-02,1.206058263778686523e-01,-1.083680093288421631e-01,-1.721823066473007202e-01,-2.723049223423004150e-01,-9.512617252767086029e-03,-4.129395261406898499e-02,-2.744121253490447998e-01,-2.337936162948608398e-01,1.268957257270812988e-01,1.415167748928070068e-01,1.762600392103195190e-01,2.339576482772827148e-01,-9.937794506549835205e-02,-3.889909386634826660e-02,-2.608652412891387939e-01,-1.614837944507598877e-01,-7.349977269768714905e-03,-3.874953091144561768e-02,-1.272639632225036621e-01,-6.609593331813812256e-02,-2.372157871723175049e-01,-1.716401278972625732e-01,-2.990301549434661865e-01,-3.383571282029151917e-02,1.427639424800872803e-01,1.168870106339454651e-01,-1.744907200336456299e-01,-1.990261077880859375e-01,-5.092334374785423279e-02,6.732671707868576050e-02,-1.048201099038124084e-01,-6.211583502590656281e-03,-1.343867629766464233e-01,1.229153051972389221e-01,7.701478153467178345e-02,3.148636221885681152e-02
3.778573125600814819e-02,-1.598086580634117126e-02,3.219530582427978516e-01,0.000000000000000000e+00,6.463266909122467041e-02,4.307765662670135498e-01,3.196015059947967529e-01,7.164592146873474121e-01,1.125479768961668015e-02,4.110422134399414062e-01,-1.148061230778694153e-01,1.727462410926818848e-01,-5.205329880118370056e-02,2.340428680181503296e-01,-1.596520394086837769e-01,-3.842285871505737305e-01,1.171217486262321472e-01,2.221697382628917694e-02,1.261753737926483154e-01,1.748730987310409546e-01,-3.031469583511352539e-01,-2.596216797828674316e-01,4.007971286773681641e-01,5.536179542541503906e-01,-2.605147473514080048e-02,1.002600509673357010e-02,-1.969196647405624390e-01,-1.446184813976287842e-01,1.939222067594528198e-01,3.295801579952239990e-01,7.084020227193832397e-02,1.083333045244216919e-01,6.916569918394088745e-02,2.103616744279861450e-01,2.443281002342700958e-02,-1.225433349609375000e-01,-3.750376403331756592e-01,-2.820061445236206055e-01,-2.096100300550460815e-01,-3.038485944271087646e-01,-2.202934324741363525e-01,-2.442173361778259277e-01,-4.732646793127059937e-02,-4.174538888037204742e-03,-6.888622790575027466e-02,-1.586474925279617310e-01,-7.305722683668136597e-02,9.930215030908584595e-02,8.288826048374176025e-02,3.391608968377113342e-02,3.376694396138191223e-02,4.714151844382286072e-03,2.098078727722167969e-01,-1.187855601310729980e-01,-1.816948205232620239e-01,-2.324532717466354370e-01,-2.126019448041915894e-01,-2.065622806549072266e-01,-7.815577089786529541e-02,-1.716936528682708740e-01,2.353875041007995605e-01,1.203594058752059937e-01,1.282721906900405884e-01,3.039490059018135071e-02,-1.150665618479251862e-02,2.339362502098083496e-01,1.536121498793363571e-02,-1.695160986855626106e-03,-1.351492851972579956e-01,-1.712225526571273804e-01,8.740571886301040649e-02,-1.095453500747680664e-01,-1.782953441143035889e-01,3.728184401988983154e-01,-1.755853146314620972e-01,-1.987855881452560425e-01,-7.085757702589035034e-02,-1.155983433127403259e-01,3.039773702621459961e-01,-3.039943277835845947e-01,1.641586422920227051e-01,-1.231151521205902100e-01,-2.099234312772750854e-01,-4.451581239700317383e-01,-8.595571666955947876e-02,-3.066953122615814209e-01,-2.677236497402191162e-01,-3.539706170558929443e-01,5.081174150109291077e-02,-2.633873820304870605e-01,3.098814487457275391e-01,-5.806069821119308472e-02,7.578364014625549316e-02,-4.733294248580932617e-02,-2.846197187900543213e-01,-2.815620303153991699e-01,5.397958680987358093e-02,-4.794688895344734192e-02,-5.132036283612251282e-02,-3.525866940617561340e-02,-2.105924636125564575e-01,-5.462744086980819702e-02,-2.311082929372787476e-01,3.853533882647752762e-03,3.546659052371978760e-01,8.074900507926940918e-02,-8.333709090948104858e-02,-2.373374402523040771e-01,2.619788423180580139e-02,1.878404803574085236e-02,1.614219159819185734e-03,7.302491925656795502e-03,-8.290790021419525146e-02,-5.913116037845611572e-02,2.038401365280151367e-01,-1.088612303137779236e-01
-8.750771731138229370e-02,-1.350214183330535889e-01,-8.053637295961380005e-02,6.463266909122467041e-02,0.000000000000000000e+00,4.717377722263336182e-01,-1.562370210886001587e-01,-5.732447654008865356e-02,6.056786179542541504e-01,4.302935004234313965e-01,-1.511864662170410156e-01,-2.219276577234268188e-01,2.810157537460327148e-01,4.858512431383132935e-02,4.903055727481842041e-01,2.707556188106536865e-01,-3.788485229015350342e-01,-3.309060335159301758e-01,-1.084361076354980469e-01,-1.185977533459663391e-01,3.807002604007720947e-01,3.173083662986755371e-01,-7.717877626419067383e-02,3.652669116854667664e-02,6.554813385009765625e-01,6.792433261871337891e-01,4.750964939594268799e-01,3.188589513301849365e-01,-2.948265969753265381e-01,-9.936318546533584595e-02,1.071465611457824707e-01,-3.343163430690765381e-02,-4.918255209922790527e-01,-3.095053434371948242e-01,5.843261256814002991e-02,1.789816021919250488e-01,-7.327141612768173218e-02,-9.762097150087356567e-02,4.889546334743499756e-01,3.412174284458160400e-01,1.799916625022888184e-01,9.312523901462554932e-02,-1.032126173377037048e-01,-2.104296684265136719e-01,-1.109415441751480103e-01,-1.443452686071395874e-01,-1.475510448217391968e-01,-2.030396312475204468e-01,2.449622936546802521e-02,-8.580540865659713745e-02,-8.289170265197753906e-02,-1.810432821512222290e-01,2.184661664068698883e-02,-1.077108681201934814e-01,3.624697625637054443e-01,4.009718894958496094e-01,-2.550546824932098389e-01,-4.817759618163108826e-02,-6.424558162689208984e-02,1.738916933536529541e-01,-3.119203448295593262e-01,-3.347033560276031494e-01,-3.422834873199462891e-01,-2.483920902013778687e-01,-1.927186399698257446e-01,-2.755617201328277588e-01,-4.174897074699401855e-02,-1.968426108360290527e-01,1.789452135562896729e-01,8.743237704038619995e-02,2.016874849796295166e-01,1.663188487291336060e-01,-2.230052649974822998e-01,6.079583242535591125e-02,3.037443757057189941e-01,2.219299077987670898e-01,-6.952773034572601318e-02,-8.398621529340744019e-02,-1.752634793519973755e-01,-2.137060463428497314e-01,-1.222888156771659851e-01,-1.564186066389083862e-01,3.871745169162750244e-01,1.811555027961730957e-01,2.300586402416229248e-01,2.417191863059997559e-01,5.086253285408020020e-01,4.503589868545532227e-01,3.104329705238342285e-01,2.354189902544021606e-01,-3.193829581141471863e-02,-6.588449701666831970e-03,1.927728205919265747e-01,2.530558705329895020e-01,9.587599337100982666e-02,9.552491456270217896e-02,6.257057934999465942e-02,-5.835119634866714478e-02,-8.470391482114791870e-02,-1.944379359483718872e-01,3.046155273914337158e-01,5.774669721722602844e-02,1.029338315129280090e-01,1.474766642786562443e-03,5.090037733316421509e-02,-1.735062152147293091e-02,8.533293008804321289e-02,2.291934341192245483e-01,9.005179256200790405e-02,2.934700809419155121e-02,7.678426802158355713e-02,-1.115486323833465576e-01,4.708217084407806396e-02,-2.426803112030029297e-01,-3.405307978391647339e-02,1.031173095107078552e-01
-8.198039233684539795e-02,7.111782324500381947e-04,-9.879624843597412109e-02,4.307765662670135498e-01,4.717377722263336182e-01,0.000000000000000000e+00,-1.337913125753402710e-01,4.829361736774444580e-01,1.835374087095260620e-01,7.809705138206481934e-01,-2.960236966609954834e-01,-6.491960585117340088e-02,2.366753295063972473e-02,2.302933335304260254e-01,5.757719278335571289e-02,-7.319849729537963867e-02,-1.446932256221771240e-01,-1.211045235395431519e-01,-1.697878688573837280e-01,-8.060984313488006592e-02,2.111541479825973511e-02,2.362831123173236847e-02,-3.524847328662872314e-02,2.428081184625625610e-01,3.200130760669708252e-01,5.070639252662658691e-01,2.002175897359848022e-01,1.645946502685546875e-01,-1.073295325040817261e-01,1.251433938741683960e-01,1.931011825799942017e-01,1.339327096939086914e-01,-3.258675336837768555e-01,-1.091585531830787659e-01,-4.379627481102943420e-02,1.232371628284454346e-01,-2.696678340435028076e-01,-1.956483572721481323e-01,2.222927361726760864e-01,1.517602056264877319e-01,-1.245619207620620728e-01,-8.864039927721023560e-02,-1.704716980457305908e-01,-9.922242164611816406e-02,-1.516549587249755859e-01,-2.071931362152099609e-01,-1.611352562904357910e-01,-1.031707301735877991e-01,3.265037015080451965e-02,-1.134569421410560608e-01,-1.222178563475608826e-01,-2.065254449844360352e-01,9.889357537031173706e-02,-1.859664916992187500e-01,1.621445715427398682e-01,2.585731446743011475e-01,-1.838232129812240601e-01,-1.379797793924808502e-02,1.404058746993541718e-02,1.035125479102134705e-01,-1.246421262621879578e-01,-1.394214481115341187e-01,-1.132271140813827515e-01,-5.373669788241386414e-02,-2.334868162870407104e-01,-5.142066255211830139e-02,-6.437692791223526001e-02,-2.168023884296417236e-01,-4.645289108157157898e-02,-1.511681526899337769e-01,2.021615952253341675e-01,4.654408991336822510e-02,-3.142247796058654785e-01,2.836494147777557373e-01,1.070967614650726318e-01,1.240104362368583679e-01,-1.392972469329833984e-01,-2.116736620664596558e-01,1.433308720588684082e-01,-3.219588994979858398e-01,-1.492377649992704391e-02,-1.062075048685073853e-01,-2.441266924142837524e-02,-1.419171094894409180e-01,1.026445478200912476e-01,-7.482495158910751343e-02,1.463552564382553101e-01,1.156515702605247498e-01,3.089404404163360596e-01,2.224744297564029694e-02,1.936242729425430298e-01,-2.528296113014221191e-01,1.843815892934799194e-01,9.009002149105072021e-02,-1.404894050210714340e-03,-3.970972821116447449e-02,7.346770912408828735e-02,-9.239750355482101440e-02,-7.495910674333572388e-02,-1.716518104076385498e-01,2.725446969270706177e-02,4.565357044339179993e-02,-6.573896855115890503e-02,-1.780167594552040100e-02,2.548122406005859375e-01,2.222151681780815125e-02,-4.206899926066398621e-02,-4.943312145769596100e-03,7.085403054952621460e-02,-1.459174789488315582e-02,5.938547104597091675e-02,-1.120104715228080750e-01,-1.193968579173088074e-02,-1.477660685777664185e-01,7.380882650613784790e-02,2.420237474143505096e-02
1.780226081609725952e-01,-3.444522619247436523e-01,5.088540315628051758e-01,3.196015059947967529e-01,-1.562370210886001587e-01,-1.337913125753402710e-01,0.000000000000000000e+00,2.097089737653732300e-01,-9.385143406689167023e-03,-1.200039610266685486e-01,2.237718701362609863e-01,7.690804451704025269e-02,-3.970094025135040283e-02,-9.269703924655914307e-02,-2.893388569355010986e-01,-4.541849792003631592e-01,1.455310583114624023e-01,-1.080963462591171265e-01,1.931827813386917114e-01,3.765642875805497169e-03,-1.953672915697097778e-01,-2.623187005519866943e-01,5.490067601203918457e-01,4.125941395759582520e-01,-1.682513654232025146e-01,-2.906815111637115479e-01,-2.679050266742706299e-01,-3.349940776824951172e-01,2.823356389999389648e-01,-1.066389307379722595e-02,-5.959938466548919678e-02,5.947468057274818420e-02,3.171046078205108643e-01,1.756942719221115112e-01,6.039746478199958801e-02,-2.614590525627136230e-01,-4.368065297603607178e-02,-1.242275536060333252e-01,-3.127937614917755127e-01,-3.242636620998382568e-01,1.277806796133518219e-02,-1.280745565891265869e-01,1.510670483112335205e-01,1.447243392467498779e-01,9.433463960886001587e-02,4.418060183525085449e-02,6.848894804716110229e-02,1.982918232679367065e-01,8.644983917474746704e-02,3.136977255344390869e-01,2.336378097534179688e-01,3.671817183494567871e-01,7.529719918966293335e-02,2.300633788108825684e-01,-2.633288800716400146e-01,-3.152871429920196533e-01,-2.485189139842987061e-01,-4.242301583290100098e-01,-1.173287257552146912e-01,-3.939749300479888916e-01,3.098746240139007568e-01,1.585789322853088379e-01,6.645410507917404175e-02,2.889171801507472992e-02,2.260142415761947632e-01,1.926686167716979980e-01,3.473701328039169312e-02,6.021291762590408325e-02,-2.550406157970428467e-01,-1.083966270089149475e-01,-1.581573933362960815e-01,-6.574137508869171143e-02,2.238931804895401001e-01,-2.709454298019409180e-02,-2.807266414165496826e-01,-3.381194174289703369e-01,3.007823135703802109e-03,9.311652183532714844e-02,1.100632399320602417e-01,1.710886657238006592e-01,5.625285580754280090e-02,-1.172505691647529602e-01,-1.955146938562393188e-01,-2.330399453639984131e-01,-3.095562458038330078e-01,-1.000712513923645020e-01,-3.714378178119659424e-01,-3.661109209060668945e-01,-1.897479742765426636e-01,-6.948668509721755981e-02,1.441334187984466553e-01,2.343257069587707520e-01,-1.159013658761978149e-01,-1.535683721303939819e-01,-2.803170680999755859e-01,-2.459360659122467041e-01,-9.682092070579528809e-02,-7.446379959583282471e-02,-3.705400601029396057e-02,1.515454985201358795e-02,-3.077251613140106201e-01,-1.489592790603637695e-01,-2.849861383438110352e-01,-5.123367533087730408e-02,6.387130171060562134e-02,1.411348283290863037e-01,-1.704031527042388916e-01,-3.440958857536315918e-01,-1.507694832980632782e-02,-4.081208258867263794e-02,4.188726097345352173e-02,7.082647830247879028e-02,-1.719954162836074829e-01,1.212227568030357361e-01,2.149224579334259033e-01,-1.104396730661392212e-01
3.686069697141647339e-02,8.838255703449249268e-02,1.200035214424133301e-01,7.164592146873474121e-01,-5.732447654008865356e-02,4.829361736774444580e-01,2.097089737653732300e-01,0.000000000000000000e+00,-1.781951338052749634e-01,5.061435103416442871e-01,-1.633865088224411011e-01,2.445658445358276367e-01,-2.386170774698257446e-01,2.141200155019760132e-01,-3.227870166301727295e-01,-4.020039439201354980e-01,1.423114538192749023e-01,7.362710684537887573e-02,8.930240571498870850e-02,1.056326031684875488e-01,-3.351997435092926025e-01,-2.921092510223388672e-01,1.526657938957214355e-01,4.277661442756652832e-01,-1.807624846696853638e-01,-5.840620398521423340e-02,-1.393960565328598022e-01,-1.792092472314834595e-01,2.499616146087646484e-01,3.689865767955780029e-01,1.504258960485458374e-01,2.843017876148223877e-01,1.364514082670211792e-01,2.475133687257766724e-01,-7.353547960519790649e-02,-9.769453108310699463e-02,-3.554620742797851562e-01,-2.059403657913208008e-01,-1.708985865116119385e-01,-2.454296648502349854e-01,-2.112280279397964478e-01,-1.897191405296325684e-01,-1.410210430622100830e-01,6.752903014421463013e-02,-1.512973755598068237e-01,-1.763322800397872925e-01,-1.219140067696571350e-01,7.479266077280044556e-02,1.198516972362995148e-02,-8.250498026609420776e-02,-5.269700661301612854e-02,-1.295644491910934448e-01,1.553508341312408447e-01,-2.186088413000106812e-01,-1.749335974454879761e-01,-1.863405704498291016e-01,-1.834813207387924194e-01,-1.529241651296615601e-01,2.087583020329475403e-02,-5.990280956029891968e-02,2.323986887931823730e-01,2.298075556755065918e-01,1.937269568443298340e-01,6.382865458726882935e-02,-8.216349780559539795e-02,2.680604457855224609e-01,-8.874016255140304565e-02,-3.269981825724244118e-03,-2.710387408733367920e-01,-3.223443329334259033e-01,1.244820728898048401e-01,-6.102091819047927856e-02,-1.302531659603118896e-01,4.570297598838806152e-01,-1.969994753599166870e-01,-1.757420599460601807e-01,-4.182115569710731506e-02,-1.177879497408866882e-01,3.843154013156890869e-01,-2.294395864009857178e-01,1.756093353033065796e-01,-1.068211719393730164e-01,-3.379817008972167969e-01,-3.670782148838043213e-01,-9.736628085374832153e-02,-3.779827952384948730e-01,-3.119475245475769043e-01,-3.240679502487182617e-01,9.917864948511123657e-02,-2.306442111730575562e-01,2.512262165546417236e-01,-2.730659246444702148e-01,2.135113626718521118e-02,-1.095506399869918823e-01,-1.490490734577178955e-01,-2.003782838582992554e-01,4.011508822441101074e-02,-7.311040908098220825e-02,-1.100313663482666016e-01,-1.116092428565025330e-01,-2.129273563623428345e-01,-1.107751429080963135e-01,-1.745348721742630005e-01,-1.640093512833118439e-02,2.395437359809875488e-01,-6.352680176496505737e-02,-6.792621314525604248e-02,-2.426937222480773926e-01,-9.078394621610641479e-03,1.846776902675628662e-02,-9.617164731025695801e-02,-5.127688869833946228e-02,-9.798862040042877197e-02,2.794937975704669952e-02,1.261625438928604126e-01,-1.523072868585586548e-01
-8.225972205400466919e-02,-1.847482174634933472e-01,-8.461694419384002686e-02,1.125479768961668015e-02,6.056786179542541504e-01,1.835374087095260620e-01,-9.385143406689167023e-03,-1.781951338052749634e-01,0.000000000000000000e+00,1.817279458045959473e-01,-4.698970913887023926e-02,-1.358858346939086914e-01,1.161042302846908569e-01,-1.386109590530395508e-01,5.553581714630126953e-01,1.086364388465881348e-01,-2.462073862552642822e-01,-2.156129479408264160e-01,-1.320029348134994507e-01,2.137780748307704926e-02,2.546575367450714111e-01,1.865349858999252319e-01,2.246037684381008148e-02,1.053286120295524597e-01,4.899423718452453613e-01,4.533825218677520752e-01,2.343671917915344238e-01,2.035567760467529297e-01,-1.883846074342727661e-01,-7.680558413267135620e-02,5.124946683645248413e-02,-6.626486033201217651e-02,-2.835856080055236816e-01,-1.343220472335815430e-01,1.254685521125793457e-01,1.239192709326744080e-01,6.756171584129333496e-02,-7.996344566345214844e-02,3.168883621692657471e-01,1.902802735567092896e-01,2.566045522689819336e-01,2.419587224721908569e-02,2.201599255204200745e-02,-1.792113333940505981e-01,-2.378520183265209198e-02,3.542904974892735481e-03,-1.286629438400268555e-01,-1.385152041912078857e-01,1.130690202116966248e-01,1.115299537777900696e-01,3.199020028114318848e-02,4.279197752475738525e-02,-8.351477980613708496e-02,4.150255769491195679e-02,2.402737885713577271e-01,2.058658748865127563e-01,-1.352882236242294312e-01,-2.486566640436649323e-02,3.814089111983776093e-03,1.254747360944747925e-01,-2.188938856124877930e-01,-1.632338464260101318e-01,-1.826050877571105957e-01,-8.272171765565872192e-02,-2.021667659282684326e-01,-2.169894427061080933e-01,8.532319962978363037e-02,-8.469721302390098572e-03,2.135967016220092773e-01,1.880669146776199341e-01,6.780894100666046143e-02,2.681195735931396484e-02,-1.498812735080718994e-01,5.189903452992439270e-02,1.462555825710296631e-01,9.474290162324905396e-02,-1.213291287422180176e-01,-1.617363095283508301e-02,-1.512608826160430908e-01,-5.801574513316154480e-02,-2.361650019884109497e-01,-9.554076939821243286e-02,4.336807131767272949e-01,1.578189432621002197e-01,-2.598024532198905945e-02,2.173296809196472168e-01,4.603307247161865234e-01,3.571283221244812012e-01,8.352220058441162109e-03,1.303612142801284790e-01,-1.075460687279701233e-01,1.299395561218261719e-01,1.406186074018478394e-01,2.056393176317214966e-01,4.551607370376586914e-02,-9.459737688302993774e-03,2.022502571344375610e-02,3.290585801005363464e-02,-4.788732528686523438e-02,-9.601673483848571777e-02,2.339460253715515137e-01,5.417364090681076050e-02,4.427790641784667969e-02,-5.365836247801780701e-02,3.143862634897232056e-02,1.305415481328964233e-01,4.616039246320724487e-02,1.749996095895767212e-01,1.394604295492172241e-01,7.807787042111158371e-03,2.320252060890197754e-01,-3.603393584489822388e-02,-2.122881636023521423e-02,-2.135544568300247192e-01,2.526416629552841187e-02,5.547552183270454407e-02
-4.273460432887077332e-02,1.174813881516456604e-02,-1.352601796388626099e-01,4.110422134399414062e-01,4.302935004234313965e-01,7.809705138206481934e-01,-1.200039610266685486e-01,5.061435103416442871e-01,1.817279458045959473e-01,0.000000000000000000e+00,-2.866989672183990479e-01,3.378629684448242188e-02,1.641445606946945190e-02,2.811754941940307617e-01,1.249301284551620483e-01,-2.575623616576194763e-02,-1.070888713002204895e-01,-5.462749674916267395e-02,-9.403392672538757324e-02,9.564580395817756653e-03,8.106494694948196411e-02,6.236981600522994995e-02,-7.216379791498184204e-02,2.347195446491241455e-01,2.083774656057357788e-01,4.058153927326202393e-01,2.346411347389221191e-01,1.848196834325790405e-01,-4.154792055487632751e-02,2.194632142782211304e-01,9.681128710508346558e-02,1.301396638154983521e-01,-3.410044908523559570e-01,-1.361251920461654663e-01,-9.498628973960876465e-02,2.534392103552818298e-02,-3.229113221168518066e-01,-2.642832696437835693e-01,2.501448094844818115e-01,1.335643529891967773e-01,-1.460508406162261963e-01,-1.270656287670135498e-01,-2.018257379531860352e-01,-8.554384112358093262e-02,-1.336265802383422852e-01,-1.462378650903701782e-01,-2.529913485050201416e-01,-1.096721664071083069e-01,3.473565354943275452e-02,-1.533809304237365723e-01,-1.759682893753051758e-01,-2.612400054931640625e-01,1.787177287042140961e-02,-2.799100279808044434e-01,9.097237139940261841e-02,1.903132051229476929e-01,-1.814548522233963013e-01,-6.032319739460945129e-02,8.656995487399399281e-04,7.873863726854324341e-02,-1.463695466518402100e-01,-8.722741156816482544e-02,-2.059291303157806396e-02,-1.622870750725269318e-02,-2.198662310838699341e-01,-1.789145753718912601e-03,-5.310877412557601929e-02,-1.539146602153778076e-01,5.743354093283414841e-03,-1.888693422079086304e-01,1.510690301656723022e-01,7.494884729385375977e-02,-3.531640470027923584e-01,2.758209407329559326e-01,1.191278547048568726e-01,1.251758635044097900e-01,-1.954710930585861206e-01,-2.485348880290985107e-01,1.383324116468429565e-01,-3.012337982654571533e-01,8.658947795629501343e-02,-4.610456153750419617e-02,6.170975044369697571e-02,-1.296279132366180420e-01,1.321513801813125610e-01,-4.037965834140777588e-02,1.493924111127853394e-01,1.153080165386199951e-01,2.591671347618103027e-01,-1.252684742212295532e-03,8.763439953327178955e-02,-3.513532280921936035e-01,1.351497322320938110e-01,1.048978045582771301e-01,-3.806577250361442566e-02,-4.917565733194351196e-03,1.797434240579605103e-01,1.584957353770732880e-02,-4.135412722826004028e-02,-1.679918766021728516e-01,6.353575736284255981e-02,1.371305808424949646e-02,-1.203207485377788544e-02,-2.200277708470821381e-02,2.105062305927276611e-01,1.565828919410705566e-02,-3.326085582375526428e-02,1.748546399176120758e-02,7.995863258838653564e-02,1.215566098690032959e-01,2.354612387716770172e-02,-4.440003260970115662e-02,5.382740404456853867e-03,-1.321601420640945435e-01,5.388338491320610046e-02,3.015083819627761841e-02
1.826596446335315704e-02,-6.493682414293289185e-02,4.273353144526481628e-03,-1.148061230778694153e-01,-1.511864662170410156e-01,-2.960236966609954834e-01,2.237718701362609863e-01,-1.633865088224411011e-01,-4.698970913887023926e-02,-2.866989672183990479e-01,0.000000000000000000e+00,3.332231640815734863e-01,4.252316951751708984e-01,2.600403130054473877e-01,-5.863955989480018616e-02,-2.156199701130390167e-02,1.679583787918090820e-01,3.689217194914817810e-02,1.872853636741638184e-01,6.083564460277557373e-02,-9.300079196691513062e-02,-3.227655589580535889e-01,1.774030476808547974e-01,1.036889031529426575e-01,-1.580739170312881470e-01,-2.309644818305969238e-01,-1.887107789516448975e-01,3.255186602473258972e-02,3.599208891391754150e-01,-9.708357974886894226e-03,7.334663718938827515e-02,5.502871423959732056e-02,2.892982661724090576e-01,2.389742434024810791e-01,2.322160601615905762e-01,1.031720489263534546e-01,4.530602693557739258e-02,-2.465967321768403053e-03,-3.042289018630981445e-01,-2.224329859018325806e-01,8.594210445880889893e-02,-1.276613026857376099e-01,1.344230026006698608e-01,1.239311248064041138e-01,-9.240548312664031982e-02,3.075742907822132111e-02,3.549846708774566650e-01,1.859840005636215210e-01,4.910018667578697205e-02,1.884892582893371582e-01,1.112488731741905212e-01,1.492042243480682373e-01,-5.643027648329734802e-02,7.810562103986740112e-02,-6.860349327325820923e-02,-2.824988663196563721e-01,9.744894504547119141e-02,6.102283671498298645e-02,1.005123481154441833e-01,5.502155795693397522e-02,3.822436630725860596e-01,3.367693126201629639e-01,6.230275332927703857e-02,7.011046260595321655e-02,2.274858951568603516e-01,1.444074660539627075e-01,3.034844435751438141e-02,1.236294582486152649e-01,-1.738617122173309326e-01,5.530344694852828979e-02,7.188817858695983887e-02,2.064709216356277466e-01,2.996209561824798584e-01,-1.344095915555953979e-02,3.771851211786270142e-02,-3.618462756276130676e-02,2.825277745723724365e-01,2.908258736133575439e-01,-5.770772695541381836e-02,3.799930512905120850e-01,-1.714431494474411011e-01,-7.228878326714038849e-03,-3.192771673202514648e-01,-1.601231843233108521e-01,-1.279212236404418945e-01,-1.425430327653884888e-01,-1.904761493206024170e-01,-2.580857276916503906e-01,-2.491879463195800781e-01,-2.319432049989700317e-01,-1.459098141640424728e-02,2.145812064409255981e-01,1.183214969933032990e-02,8.285350166261196136e-03,-8.357705175876617432e-02,-3.102910518646240234e-01,-3.921196460723876953e-01,-3.108748793601989746e-01,-1.764132641255855560e-02,1.344210654497146606e-01,1.175321172922849655e-03,7.743349671363830566e-02,1.709456555545330048e-02,7.701615244150161743e-02,9.705231525003910065e-03,-3.238764777779579163e-02,-7.978815585374832153e-02,-1.104969084262847900e-01,-6.397401541471481323e-02,-3.175423443317413330e-01,4.468945786356925964e-02,-1.486566066741943359e-01,-2.025122195482254028e-02,5.133747309446334839e-02,3.898798301815986633e-02,-3.314935564994812012e-01
-5.036696419119834900e-02,6.093166768550872803e-02,-1.318326294422149658e-01,1.727462410926818848e-01,-2.219276577234268188e-01,-6.491960585117340088e-02,7.690804451704025269e-02,2.445658445358276367e-01,-1.358858346939086914e-01,3.378629684448242188e-02,3.332231640815734863e-01,0.000000000000000000e+00,1.629063636064529419e-01,4.367743134498596191e-01,-7.412058860063552856e-02,-5.208272114396095276e-02,3.865762352943420410e-01,3.568761646747589111e-01,1.595014780759811401e-01,3.168903589248657227e-01,-1.628233939409255981e-01,-3.703255653381347656e-01,5.788981169462203979e-02,1.943297386169433594e-01,-3.759640157222747803e-01,-3.084261119365692139e-01,-2.662041485309600830e-01,9.576527401804924011e-03,5.576944947242736816e-01,5.110508203506469727e-01,-3.872908651828765869e-02,9.071406722068786621e-02,2.881618142127990723e-01,3.599402010440826416e-01,-4.040682688355445862e-03,-1.663118004798889160e-01,-2.354725450277328491e-01,-2.196976691484451294e-01,-3.808505833148956299e-01,-4.012344777584075928e-01,-2.031072974205017090e-01,-2.891259789466857910e-01,8.718765527009963989e-02,1.504712551832199097e-01,-2.859702892601490021e-02,8.986499905586242676e-02,9.669045358896255493e-02,3.237124383449554443e-01,1.242466270923614502e-01,1.042277961969375610e-01,1.371852401643991470e-02,1.142141874879598618e-02,-1.603377014398574829e-01,-1.603216826915740967e-01,-4.384461343288421631e-01,-5.198678970336914062e-01,1.301481425762176514e-01,-1.024036109447479248e-02,1.257347315549850464e-01,-1.949526555836200714e-02,3.636745512485504150e-01,4.819881021976470947e-01,4.414177238941192627e-01,4.027796983718872070e-01,1.373271942138671875e-01,3.789216279983520508e-01,4.161826893687248230e-02,2.583701908588409424e-01,-1.135967373847961426e-01,-7.420763373374938965e-02,-9.712871909141540527e-02,8.144733309745788574e-02,-6.455513834953308105e-02,1.043328940868377686e-01,-9.015150368213653564e-02,2.434275671839714050e-02,-4.346402734518051147e-02,2.337378077208995819e-02,1.636981070041656494e-01,1.230853199958801270e-01,2.330107092857360840e-01,2.749990522861480713e-01,-2.228437215089797974e-01,-2.783786952495574951e-01,-2.388697266578674316e-01,-2.063186615705490112e-01,-3.994750082492828369e-01,-4.422622621059417725e-01,-4.251158237457275391e-01,-4.363076686859130859e-01,8.168836683034896851e-02,-7.556485384702682495e-02,5.313656479120254517e-02,-1.192719042301177979e-01,-2.799579799175262451e-01,-3.235951960086822510e-01,1.219222508370876312e-02,4.399783164262771606e-02,1.863705515861511230e-01,1.557888686656951904e-01,-1.118987500667572021e-01,-1.033453620038926601e-03,1.561862230300903320e-02,3.134049847722053528e-02,2.005590796470642090e-01,2.026839554309844971e-02,-3.081104904413223267e-02,-2.061676681041717529e-01,5.155615042895078659e-03,-4.942460451275110245e-03,-9.762042202055454254e-03,1.345194429159164429e-01,1.167494803667068481e-02,-1.033612433820962906e-02,1.748431771993637085e-01,-2.642825245857238770e-01
-8.170718699693679810e-02,-7.623728364706039429e-02,-3.176155313849449158e-02,-5.205329880118370056e-02,2.810157537460327148e-01,2.366753295063972473e-02,-3.970094025135040283e-02,-2.386170774698257446e-01,1.161042302846908569e-01,1.641445606946945190e-02,4.252316951751708984e-01,1.629063636064529419e-01,0.000000000000000000e+00,4.914778172969818115e-01,3.348627388477325439e-01,3.049443960189819336e-01,-7.506458461284637451e-02,-4.539745859801769257e-03,2.770559675991535187e-02,-3.676412161439657211e-03,2.147095948457717896e-01,7.722332328557968140e-02,1.532361060380935669e-01,6.060418114066123962e-02,1.735025048255920410e-01,1.568744629621505737e-01,1.210779398679733276e-01,3.420720398426055908e-01,6.662913132458925247e-03,5.588345974683761597e-02,1.134901400655508041e-02,-6.594134867191314697e-02,-1.394731551408767700e-01,-6.785782426595687866e-02,2.010852694511413574e-01,1.556176990270614624e-01,2.647139132022857666e-02,-3.311674669384956360e-02,-3.313755989074707031e-02,-1.592491380870342255e-02,9.444923698902130127e-02,-2.032555080950260162e-02,7.546891272068023682e-02,3.750390931963920593e-02,9.173862636089324951e-02,5.488475318998098373e-03,1.076722741127014160e-01,1.515148766338825226e-02,1.391049176454544067e-01,7.698278874158859253e-02,1.087766606360673904e-03,1.122357044368982315e-02,-4.784648492932319641e-02,-1.252950131893157959e-01,-4.036925733089447021e-03,-5.470390990376472473e-02,-6.472808122634887695e-02,8.318725228309631348e-02,-1.135324388742446899e-01,-1.270671933889389038e-02,3.934251889586448669e-02,-7.803598791360855103e-02,-1.444661766290664673e-01,-8.569298079237341881e-04,1.500280201435089111e-01,-3.616935759782791138e-02,1.431674808263778687e-01,-6.672637164592742920e-02,1.159839555621147156e-01,1.694839149713516235e-01,1.917194277048110962e-01,2.944982051849365234e-01,8.661892265081405640e-02,-9.581000357866287231e-02,3.378650546073913574e-01,2.281228154897689819e-01,2.099815756082534790e-01,1.848841160535812378e-01,-1.844416856765747070e-01,7.506641745567321777e-02,8.392819762229919434e-02,1.482730209827423096e-01,8.328510820865631104e-02,-1.065101474523544312e-01,3.037067055702209473e-01,7.016407698392868042e-02,9.742444753646850586e-02,-9.446537494659423828e-02,-2.972654812037944794e-02,-2.212018519639968872e-01,4.624516889452934265e-02,1.510363519191741943e-01,1.979051530361175537e-01,-2.686134539544582367e-02,-7.671191543340682983e-02,-9.348840266466140747e-02,-6.592921912670135498e-02,-8.282326906919479370e-02,7.148780673742294312e-02,1.532741189002990723e-01,1.418128907680511475e-01,2.325863838195800781e-01,9.447810798883438110e-02,8.943615108728408813e-02,1.702771782875061035e-01,5.604881420731544495e-02,2.051988989114761353e-02,2.454681787639856339e-03,6.753206998109817505e-02,-6.785904616117477417e-02,5.650164932012557983e-02,2.414849214255809784e-02,1.094021424651145935e-01,-2.212510257959365845e-01,9.242652356624603271e-02,-6.028188392519950867e-02
