0.000000000000000000e+00,3.955111205577850342e-01,3.125053048133850098e-01,-1.416300982236862183e-01,2.977693080902099609e-01,-7.287401705980300903e-02,4.037089645862579346e-01,-2.281624637544155121e-02,2.443332821130752563e-01,2.358057200908660889e-01,5.846157073974609375e-01,4.660503268241882324e-01,6.625213027000427246e-01,1.189942359924316406e-01,3.862158358097076416e-01,-4.112132824957370758e-03,-2.214810699224472046e-01,-1.064080838114023209e-02,5.642631053924560547e-01,3.869559168815612793e-01,3.703166544437408447e-02,1.695860177278518677e-01,-2.196499705314636230e-01,-4.053118228912353516e-01,-3.640676438808441162e-01,-3.395863473415374756e-01,1.274641901254653931e-01,9.965136647224426270e-02,-4.184724763035774231e-02,-2.168944850564002991e-02,-1.976359933614730835e-01,-3.764277696609497070e-01,-2.383238673210144043e-01,-4.357993304729461670e-01,-1.337472349405288696e-01,-3.206255733966827393e-01,-2.355393171310424805e-01,-2.057221382856369019e-01,6.045195460319519043e-02,-1.440057307481765747e-01,-2.135087996721267700e-01,-1.543301492929458618e-01,-3.158566057682037354e-01,-1.375864297151565552e-01,-4.471777081489562988e-01,-3.904643952846527100e-01,-3.693799078464508057e-01,-8.414786309003829956e-02,-1.667502373456954956e-01,-1.485276967287063599e-01,-1.563369184732437134e-01,-1.104087978601455688e-01,1.658623665571212769e-02,4.295625165104866028e-02,-5.630953237414360046e-03,2.307129278779029846e-02,3.366771042346954346e-01,3.293376564979553223e-01,4.667022526264190674e-01,3.647193908691406250e-01,6.293413639068603516e-01,2.476297318935394287e-01,3.836384415626525879e-02,-1.152743250131607056e-01,-3.644205629825592041e-02,-4.631539583206176758e-01,-2.359453737735748291e-01,-3.896918892860412598e-01,3.223086893558502197e-01,-7.493665069341659546e-02,2.303234934806823730e-01,2.417912930250167847e-01,-4.733913391828536987e-02,-4.172963090240955353e-03,2.020904123783111572e-01,1.769162341952323914e-02,3.906628787517547607e-01,2.103524655103683472e-01,-9.468891471624374390e-02,-1.077510043978691101e-01,-2.425507903099060059e-01,-5.330001562833786011e-02,-1.793161928653717041e-01,-1.839293539524078369e-01,-1.794555783271789551e-01,-3.857640624046325684e-01,3.079742565751075745e-02,-7.493063062429428101e-02,2.688645124435424805e-01,-9.618967771530151367e-02,-2.556771412491798401e-02,-3.435542061924934387e-02,-2.555014789104461670e-01,-3.964632004499435425e-02,4.993911832571029663e-02,3.607159107923507690e-02,-9.131515026092529297e-02,2.009311690926551819e-02,1.135913431644439697e-01,3.611134886741638184e-01,7.765427976846694946e-02,1.226116344332695007e-01,2.028419077396392822e-01,1.790680587291717529e-01,1.288954764604568481e-01,-1.498623639345169067e-01,1.291845291852951050e-01,2.688626646995544434e-01,-1.210889816284179688e-01,-1.593576520681381226e-01,-7.476905733346939087e-02,1.606235802173614502e-01,1.513384748250246048e-02,1.003724560141563416e-01,1.358911991119384766e-01,1.134715527296066284e-01
3.955111205577850342e-01,0.000000000000000000e+00,3.970464169979095459e-01,2.318479120731353760e-01,4.615368545055389404e-01,2.153154760599136353e-01,2.817811816930770874e-02,-3.796786069869995117e-02,3.756216764450073242e-01,3.454627096652984619e-01,2.290804088115692139e-01,5.265078693628311157e-02,1.578281074762344360e-01,1.378061324357986450e-01,3.308897912502288818e-01,8.666960895061492920e-02,5.657546594738960266e-02,1.069724187254905701e-01,3.738757371902465820e-01,3.755895197391510010e-01,8.115149289369583130e-02,3.299840986728668213e-01,7.406089454889297485e-02,1.395809352397918701e-01,6.728509813547134399e-02,4.607619345188140869e-02,2.306412607431411743e-01,1.750127375125885010e-01,7.113040238618850708e-02,9.813535958528518677e-02,5.045565590262413025e-02,5.637584626674652100e-02,1.017564162611961365e-01,4.684227053076028824e-03,8.371064066886901855e-02,-5.665593594312667847e-02,-1.559092700481414795e-01,-1.552936136722564697e-01,9.570525586605072021e-02,-1.298493295907974243e-01,-1.006191074848175049e-01,-1.259504109621047974e-01,-3.224932253360748291e-01,-1.699952632188796997e-01,-3.652967512607574463e-01,-3.830370604991912842e-01,-3.057907819747924805e-01,-2.829038202762603760e-01,-3.869467675685882568e-01,-3.080283403396606445e-01,-3.917041718959808350e-01,-3.637253344058990479e-01,-3.328478932380676270e-01,-3.322828412055969238e-01,-2.220970839262008667e-01,-3.119352161884307861e-01,6.061458587646484375e-01,6.171348690986633301e-01,9.309483319520950317e-02,9.391930699348449707e-02,1.897249519824981689e-01,6.012649089097976685e-02,2.587485015392303467e-01,1.954067796468734741e-01,-1.232385784387588501e-01,-2.217173278331756592e-01,7.283004466444253922e-03,-1.263894736766815186e-01,4.089573025703430176e-01,1.484957635402679443e-01,1.722909510135650635e-01,1.715164184570312500e-01,-4.852130636572837830e-02,3.457867726683616638e-02,2.052184045314788818e-01,1.138828247785568237e-01,6.205904856324195862e-02,-5.732247233390808105e-02,7.033846527338027954e-02,-1.413634270429611206e-01,-2.297268435359001160e-02,5.864420160651206970e-02,-4.003136605024337769e-02,-7.093346863985061646e-02,-5.417431239038705826e-04,-4.274456202983856201e-01,1.924235969781875610e-01,1.471399664878845215e-01,1.474839895963668823e-01,-3.767277300357818604e-01,-3.748643398284912109e-02,-2.211486995220184326e-01,2.954123914241790771e-02,-2.988069951534271240e-01,-3.620025515556335449e-02,1.974399015307426453e-02,-1.599656194448471069e-01,-9.856235980987548828e-02,3.814039751887321472e-02,2.005880028009414673e-01,2.328465506434440613e-02,-3.205680549144744873e-01,4.340347647666931152e-01,1.553929895162582397e-01,2.154560387134552002e-01,-8.798658847808837891e-02,1.996144056320190430e-01,2.191466689109802246e-01,-9.848181903362274170e-02,-1.458527445793151855e-01,-1.828738152980804443e-01,-1.562925875186920166e-01,-2.246104776859283447e-01,7.549420930445194244e-03,-9.915580740198493004e-04,1.696828156709671021e-01
3.125053048133850098e-01,3.970464169979095459e-01,0.000000000000000000e+00,3.660424947738647461e-01,5.122970342636108398e-01,2.804759144783020020e-01,3.852663040161132812e-01,-1.241605952382087708e-01,4.759531319141387939e-01,3.706115186214447021e-01,3.978915885090827942e-02,-9.722413867712020874e-02,1.901234388351440430e-01,9.320294111967086792e-02,3.767105042934417725e-01,1.307810246944427490e-01,-1.375335454940795898e-01,-1.335074845701456070e-02,2.674874663352966309e-01,1.890824437141418457e-01,1.472801119089126587e-01,3.773336410522460938e-01,4.770568013191223145e-01,3.459314405918121338e-01,3.263920545578002930e-01,7.052085548639297485e-02,2.864301204681396484e-01,2.791781127452850342e-01,-1.143108531832695007e-01,-9.263770282268524170e-02,1.563511043787002563e-01,1.097667515277862549e-01,2.279913611710071564e-02,-1.612257063388824463e-01,2.249737232923507690e-01,7.617408782243728638e-02,-2.772642076015472412e-01,-2.615794539451599121e-01,1.027241721749305725e-01,-2.263840883970260620e-01,-1.511349827051162720e-01,-1.654934734106063843e-01,-3.107910454273223877e-01,-1.198592931032180786e-01,-2.596588432788848877e-01,-3.837933838367462158e-01,-4.027315974235534668e-01,-2.644793689250946045e-01,-3.803768157958984375e-01,-3.109606504440307617e-01,-3.973022997379302979e-01,-3.046492636203765869e-01,-4.447376728057861328e-01,-3.312702476978302002e-01,-2.073386609554290771e-01,-3.337543606758117676e-01,2.638987302780151367e-01,3.488160669803619385e-01,1.079764887690544128e-01,6.538274139165878296e-02,1.375193893909454346e-01,-3.738718852400779724e-02,-4.758373647928237915e-02,1.021528020501136780e-01,3.451461195945739746e-01,4.262203723192214966e-02,3.239836990833282471e-01,-1.420533563941717148e-02,3.252736330032348633e-01,2.952325902879238129e-02,1.763095855712890625e-01,2.615905404090881348e-01,-1.641703695058822632e-01,-5.045834556221961975e-02,8.617935329675674438e-02,-4.104812443256378174e-02,1.315984874963760376e-01,-1.254377514123916626e-01,-8.872898668050765991e-02,-2.757478952407836914e-01,-2.612528502941131592e-01,-1.823075711727142334e-01,-1.574094742536544800e-01,-2.176152169704437256e-01,-3.906267508864402771e-02,-3.653274476528167725e-01,2.596377432346343994e-01,1.859555393457412720e-01,2.107751965522766113e-01,-2.657515108585357666e-01,2.977448981255292892e-03,-6.004983559250831604e-02,9.446906298398971558e-02,-6.702068448066711426e-02,2.858614781871438026e-03,1.906001009047031403e-03,-1.941079199314117432e-01,-3.212532773613929749e-02,-3.540937975049018860e-02,2.485450655221939087e-01,-1.753992587327957153e-02,-3.065325617790222168e-01,3.373708724975585938e-01,9.718392044305801392e-02,2.876242995262145996e-01,2.505507878959178925e-02,1.669893711805343628e-01,3.518724143505096436e-01,-1.371795088052749634e-01,-2.447967678308486938e-01,-1.807489991188049316e-01,-4.060569219291210175e-03,-1.965766996145248413e-01,-3.238462656736373901e-02,-3.147713094949722290e-02,2.267659157514572144e-01
-1.416300982236862183e-01,2.318479120731353760e-01,3.660424947738647461e-01,0.000000000000000000e+00,3.262110352516174316e-01,4.077786505222320557e-01,3.212598860263824463e-01,4.844948947429656982e-01,2.049312591552734375e-01,3.606648445129394531e-01,-3.019980490207672119e-01,-1.978972554206848145e-01,-1.980820000171661377e-01,-2.804968319833278656e-02,-2.365489862859249115e-02,-3.884198889136314392e-02,-2.071246057748794556e-01,-1.982318758964538574e-01,1.849175617098808289e-02,1.224981769919395447e-01,9.034065157175064087e-02,4.427149519324302673e-02,3.747637271881103516e-01,5.603072047233581543e-01,2.426453381776809692e-01,9.106576442718505859e-02,1.743305027484893799e-01,1.270986050367355347e-01,-1.895572543144226074e-01,-1.063358485698699951e-01,2.083730101585388184e-01,3.511787354946136475e-01,1.508156210184097290e-01,2.787953913211822510e-01,3.350377976894378662e-01,3.336523175239562988e-01,-2.510495185852050781e-01,-2.811390161514282227e-01,2.169141471385955811e-01,-2.157264798879623413e-01,-3.135290741920471191e-01,-3.359221816062927246e-01,-1.413271725177764893e-01,-1.708984076976776123e-01,-4.738934338092803955e-03,-1.148732826113700867e-01,-2.285200357437133789e-01,-1.434062272310256958e-01,-2.423659414052963257e-01,-2.089497447013854980e-01,-3.383527696132659912e-01,-2.820834815502166748e-01,-3.930221498012542725e-01,-2.086266279220581055e-01,-2.975080013275146484e-01,-4.369657635688781738e-01,8.004447072744369507e-02,5.476365983486175537e-02,-2.143374830484390259e-01,-6.374026834964752197e-02,-9.557212144136428833e-02,1.098458468914031982e-01,-1.013176590204238892e-01,7.848767563700675964e-03,1.660538762807846069e-01,5.376102328300476074e-01,3.304699361324310303e-01,4.504935145378112793e-01,1.486110389232635498e-01,9.152966737747192383e-02,5.094138160347938538e-02,3.143035247921943665e-02,-1.834776252508163452e-01,5.293789133429527283e-02,8.832743763923645020e-02,8.553793653845787048e-03,-1.773611456155776978e-01,-2.161739468574523926e-01,-2.741675451397895813e-02,-2.429657429456710815e-01,-2.100013643503189087e-01,-1.215796396136283875e-01,-7.392486184835433960e-02,-2.107335031032562256e-01,-1.613659225404262543e-02,-9.186068922281265259e-02,-2.619889006018638611e-02,1.145229563117027283e-01,-4.571274295449256897e-02,-1.993123888969421387e-01,1.890741288661956787e-01,-6.402745097875595093e-02,3.853056430816650391e-01,-9.421460330486297607e-02,-1.107217073440551758e-01,1.453217417001724243e-01,-1.867056787014007568e-01,2.007571980357170105e-02,-1.638456135988235474e-01,-1.744095236063003540e-01,5.563931167125701904e-02,-3.422510027885437012e-01,2.120451033115386963e-01,7.032036781311035156e-02,3.426589071750640869e-01,5.527023971080780029e-02,1.826519668102264404e-01,1.063758283853530884e-01,-1.144544854760169983e-01,-1.953475773334503174e-01,-3.625104203820228577e-02,-2.024946808815002441e-01,-3.874595463275909424e-01,-4.607449471950531006e-02,5.283126607537269592e-02,2.524702250957489014e-01
2.977693080902099609e-01,4.615368545055389404e-01,5.122970342636108398e-01,3.262110352516174316e-01,0.000000000000000000e+00,3.922272026538848877e-01,3.700569570064544678e-01,1.057965904474258423e-01,5.627611875534057617e-01,5.133667588233947754e-01,8.387501537799835205e-02,7.513924688100814819e-02,1.898799091577529907e-01,2.606242299079895020e-01,4.588056504726409912e-01,1.717206239700317383e-01,-1.731890738010406494e-01,-1.807803101837635040e-02,3.881443440914154053e-01,3.875253200531005859e-01,1.371487677097320557e-01,3.777265250682830811e-01,2.195827811956405640e-01,1.319130063056945801e-01,1.258361935615539551e-01,-6.717897951602935791e-02,5.002872943878173828e-01,4.490709900856018066e-01,-7.290752232074737549e-02,4.196471348404884338e-02,7.559718936681747437e-02,7.853278517723083496e-02,2.297156117856502533e-02,-7.971833460032939911e-03,2.055544853210449219e-01,7.704857736825942993e-02,-3.724795877933502197e-01,-3.642761707305908203e-01,1.629574894905090332e-01,-2.931050360202789307e-01,-3.038092255592346191e-01,-3.458129167556762695e-01,-4.149433970451354980e-01,-2.765803635120391846e-01,-2.917786538600921631e-01,-4.003580212593078613e-01,-4.915644526481628418e-01,-2.363766282796859741e-01,-2.751421332359313965e-01,-2.580083310604095459e-01,-3.408096730709075928e-01,-3.195360898971557617e-01,-3.232560157775878906e-01,-1.274225711822509766e-01,-1.931326687335968018e-01,-3.090009689331054688e-01,3.523459136486053467e-01,3.568851649761199951e-01,9.034706652164459229e-02,1.200745254755020142e-01,1.646189987659454346e-01,1.591007560491561890e-01,4.402249306440353394e-02,1.496138125658035278e-01,5.788315087556838989e-02,-1.234660204499959946e-02,1.927957385778427124e-01,3.107121028006076813e-02,2.799749970436096191e-01,3.710316866636276245e-02,3.442051410675048828e-01,2.972777485847473145e-01,-1.405722498893737793e-01,1.979427598416805267e-02,3.142115175724029541e-01,-6.393582373857498169e-02,1.245102211833000183e-01,-7.560779154300689697e-02,-5.253634601831436157e-02,-2.302995473146438599e-01,-2.651014924049377441e-01,-4.676208645105361938e-02,-2.332141399383544922e-01,-2.746587693691253662e-01,-1.771208941936492920e-01,-3.513202965259552002e-01,1.118163242936134338e-01,1.551696956157684326e-01,1.691595166921615601e-01,-2.851020693778991699e-01,2.648618072271347046e-02,-1.646523028612136841e-01,8.304957300424575806e-02,-1.916227340698242188e-01,4.318590089678764343e-02,1.207211166620254517e-01,-3.075871169567108154e-01,-9.834679961204528809e-02,-1.074059903621673584e-01,9.605045616626739502e-02,2.754620742052793503e-03,-2.793948352336883545e-01,4.313681125640869141e-01,2.776538133621215820e-01,3.761823177337646484e-01,-2.850360423326492310e-02,2.555715143680572510e-01,3.793818652629852295e-01,-1.697850674390792847e-01,-2.414240390062332153e-01,-2.994866371154785156e-01,-1.369484700262546539e-02,-2.423104941844940186e-01,7.167702168226242065e-02,1.270990967750549316e-01,2.815008461475372314e-01
-7.287401705980300903e-02,2.153154760599136353e-01,2.804759144783020020e-01,4.077786505222320557e-01,3.922272026538848877e-01,0.000000000000000000e+00,1.567443013191223145e-01,1.058365404605865479e-01,3.205842077732086182e-01,4.758280813694000244e-01,-2.087350040674209595e-01,-2.074251025915145874e-01,-1.310292035341262817e-01,-5.259926617145538330e-02,1.611087322235107422e-01,2.328049093484878540e-01,1.467306613922119141e-01,9.883993119001388550e-02,5.682566016912460327e-02,5.453588441014289856e-02,1.742287538945674896e-02,1.912659555673599243e-01,2.861180007457733154e-01,3.552144467830657959e-01,3.216755092144012451e-01,2.709136307239532471e-01,2.060959339141845703e-01,1.832222193479537964e-01,3.655727207660675049e-02,1.205236688256263733e-01,2.075892388820648193e-01,2.233612388372421265e-01,8.040787279605865479e-02,1.673540025949478149e-01,1.907101869583129883e-01,1.673603057861328125e-01,-8.107376843690872192e-02,-6.185434758663177490e-02,-6.536349654197692871e-02,-6.530912965536117554e-02,4.974965471774339676e-03,-6.815265864133834839e-02,-7.750292867422103882e-02,-3.947455435991287231e-02,-2.919726260006427765e-02,-4.395294561982154846e-02,-2.681255042552947998e-01,-2.655743360519409180e-01,-2.466898411512374878e-01,-2.288669198751449585e-01,-3.725405335426330566e-01,-3.157492280006408691e-01,-4.610088467597961426e-01,-2.660340070724487305e-01,-2.904905974864959717e-01,-3.856449425220489502e-01,1.131910681724548340e-01,-2.039490081369876862e-02,-2.929601967334747314e-01,-2.525737583637237549e-01,-2.401433140039443970e-01,-1.555246263742446899e-01,4.222220554947853088e-02,3.236885741353034973e-02,2.025051265954971313e-01,2.598192989826202393e-01,2.237836867570877075e-01,1.313356906175613403e-01,5.632741376757621765e-02,1.808324009180068970e-01,9.342788904905319214e-02,7.277046144008636475e-02,-9.425941854715347290e-02,3.119689784944057465e-02,6.739389151334762573e-02,2.992357872426509857e-02,-1.023859456181526184e-01,-1.862539947032928467e-01,1.598757207393646240e-01,8.537878096103668213e-02,8.316425234079360962e-02,1.207335442304611206e-01,-3.959893248975276947e-03,1.040369831025600433e-02,6.575116515159606934e-02,-3.483591601252555847e-02,1.033128798007965088e-01,2.269376814365386963e-01,-1.204990670084953308e-01,-1.079257875680923462e-01,4.428932815790176392e-02,-4.715674743056297302e-02,1.812938898801803589e-01,-1.504407525062561035e-01,-6.951633840799331665e-02,-4.672136902809143066e-02,-7.942749559879302979e-02,-5.158411338925361633e-02,3.559948131442070007e-02,1.063691601157188416e-01,-1.415197700262069702e-01,-2.272182404994964600e-01,2.716649174690246582e-01,1.018293872475624084e-01,7.517550885677337646e-02,-2.790699340403079987e-02,7.203642278909683228e-02,2.402205914258956909e-01,-7.665871828794479370e-02,-7.967718690633773804e-02,-1.296186000108718872e-01,-6.148116290569305420e-02,-2.592674791812896729e-01,8.897385746240615845e-02,-2.717621251940727234e-02,3.341643884778022766e-02
4.037089645862579346e-01,2.817811816930770874e-02,3.852663040161132812e-01,3.212598860263824463e-01,3.700569570064544678e-01,1.567443013191223145e-01,0.000000000000000000e+00,3.352249860763549805e-01,2.297330647706985474e-01,3.465015888214111328e-01,1.440527439117431641e-01,1.282955557107925415e-01,4.593327045440673828e-01,6.939060986042022705e-02,2.771652042865753174e-01,1.266850624233484268e-02,-4.383535683155059814e-01,-3.132854104042053223e-01,3.786819875240325928e-01,2.949572503566741943e-01,1.856479793787002563e-01,1.105640307068824768e-01,1.135492995381355286e-01,-3.267445415258407593e-02,-1.787899285554885864e-01,-3.129494488239288330e-01,1.708537340164184570e-01,1.132536605000495911e-01,-2.992644608020782471e-01,-2.148191183805465698e-01,-1.102862805128097534e-01,-1.103388071060180664e-01,-2.159440964460372925e-01,-2.773382663726806641e-01,6.950660794973373413e-02,-1.137063279747962952e-01,-3.682754337787628174e-01,-4.089760780334472656e-01,2.352969348430633545e-01,-2.078362256288528442e-01,-4.959952533245086670e-01,-4.396203160285949707e-01,-2.375041991472244263e-01,-2.698613703250885010e-01,-2.702429592609405518e-01,-3.474958837032318115e-01,-5.074478387832641602e-01,-5.942891165614128113e-02,-1.890182346105575562e-01,-2.068989127874374390e-01,-2.349389791488647461e-01,-2.313428670167922974e-01,-1.691012382507324219e-01,7.742553204298019409e-02,-2.621412873268127441e-01,-2.423311620950698853e-01,-2.530451491475105286e-02,-8.190014213323593140e-02,1.028287336230278015e-01,8.697611093521118164e-02,2.872229814529418945e-01,2.194981724023818970e-01,-1.864622831344604492e-01,-2.462178170680999756e-01,2.224335074424743652e-01,1.267245709896087646e-01,1.352037489414215088e-01,-4.239409416913986206e-02,1.395512223243713379e-01,-1.321885436773300171e-01,2.540408074855804443e-01,2.258218228816986084e-01,-1.261076033115386963e-01,1.301160920411348343e-02,1.623221486806869507e-01,5.740837659686803818e-03,2.677757740020751953e-01,3.331207856535911560e-02,-9.039139002561569214e-02,-1.730265915393829346e-01,-3.463599085807800293e-01,-8.593241125345230103e-02,-1.287802159786224365e-01,-1.955383121967315674e-01,-1.283815056085586548e-01,-1.048950031399726868e-01,-1.495802849531173706e-01,1.109409052878618240e-02,1.184898763895034790e-01,-4.412939772009849548e-02,1.935284584760665894e-01,1.562035679817199707e-01,6.502212584018707275e-02,1.622425764799118042e-01,-2.498359046876430511e-02,2.220394760370254517e-01,-1.317000836133956909e-01,2.252310812473297119e-01,-3.048828057944774628e-02,1.505639404058456421e-01,5.301318690180778503e-02,1.007188484072685242e-01,1.396475434303283691e-01,2.639196515083312988e-01,3.084451258182525635e-01,1.095061302185058594e-01,2.050721645355224609e-01,2.224156409502029419e-01,-1.957579404115676880e-01,-2.403611391782760620e-01,7.234790921211242676e-02,8.122783154249191284e-02,-1.729923188686370850e-01,1.858236640691757202e-01,2.288230210542678833e-01,2.760048806667327881e-01
-2.281624637544155121e-02,-3.796786069869995117e-02,-1.241605952382087708e-01,4.844948947429656982e-01,1.057965904474258423e-01,1.058365404605865479e-01,3.352249860763549805e-01,0.000000000000000000e+00,-2.730779722332954407e-02,1.883141696453094482e-01,-8.628890663385391235e-02,2.048888504505157471e-01,-3.529497236013412476e-02,1.204661056399345398e-01,-1.210945025086402893e-01,-1.194708347320556641e-01,-2.932228446006774902e-01,-2.338431775569915771e-01,8.083164691925048828e-02,2.038121521472930908e-01,6.196473166346549988e-02,-2.613876461982727051e-01,-9.870567917823791504e-02,6.219780817627906799e-02,-2.320335209369659424e-01,-1.672590076923370361e-01,3.519388288259506226e-02,4.819953069090843201e-02,-2.126052528619766235e-01,-5.260651931166648865e-02,-1.323676202446222305e-02,1.096591427922248840e-01,5.643181037157773972e-03,2.376347035169601440e-01,-4.172559082508087158e-02,1.565862819552421570e-02,-1.494511663913726807e-01,-2.090596109628677368e-01,2.888840436935424805e-01,-8.556919544935226440e-02,-3.742086291313171387e-01,-3.369275033473968506e-01,-6.705000251531600952e-02,-2.208147644996643066e-01,-2.018919214606285095e-02,-5.675904918462038040e-03,-1.137837022542953491e-01,6.558825075626373291e-02,7.166973501443862915e-02,3.278923034667968750e-02,1.108775730244815350e-03,-1.196252647787332535e-02,6.583662331104278564e-02,1.421248316764831543e-01,-5.125463753938674927e-02,-1.060542091727256775e-01,-1.331079602241516113e-01,-1.274233907461166382e-01,-9.827869012951850891e-03,1.826144903898239136e-01,1.610950529575347900e-01,3.711731731891632080e-01,-5.190461501479148865e-02,-7.478503882884979248e-02,-1.921154111623764038e-01,2.634830772876739502e-01,1.814750581979751587e-02,3.351887762546539307e-01,-6.651359796524047852e-02,-3.799765836447477341e-03,5.907500907778739929e-02,-1.111301779747009277e-01,-1.005380824208259583e-01,9.637779742479324341e-02,1.529162228107452393e-01,3.993293270468711853e-03,-6.164301186800003052e-02,5.065590143203735352e-02,-3.027211874723434448e-02,-5.232176929712295532e-02,-1.267888396978378296e-01,4.821776598691940308e-02,6.160981580615043640e-02,-8.647325634956359863e-02,-6.225324422121047974e-02,-3.369819745421409607e-02,-1.730361431837081909e-01,-9.247799217700958252e-02,6.984739005565643311e-02,-1.241673082113265991e-01,1.674932092428207397e-01,-1.648889929056167603e-01,1.178764179348945618e-01,-1.594337821006774902e-01,-7.983154803514480591e-02,2.538078129291534424e-01,-5.112010613083839417e-02,8.748468756675720215e-02,-9.425953775644302368e-02,-2.278771400451660156e-01,1.980357915163040161e-01,-5.664238333702087402e-02,1.087379530072212219e-01,6.573601812124252319e-02,2.203812003135681152e-01,-3.358521685004234314e-02,1.717189103364944458e-01,-9.091228246688842773e-03,1.172750908881425858e-02,-5.389809235930442810e-02,1.329242289066314697e-01,-1.208095923066139221e-01,-2.341352850198745728e-01,1.203994229435920715e-01,1.938031613826751709e-01,9.086282551288604736e-02
2.443332821130752563e-01,3.756216764450073242e-01,4.759531319141387939e-01,2.049312591552734375e-01,5.627611875534057617e-01,3.205842077732086182e-01,2.297330647706985474e-01,-2.730779722332954407e-02,0.000000000000000000e+00,4.461030662059783936e-01,1.461039334535598755e-01,5.321551859378814697e-02,2.373622655868530273e-01,2.131348848342895508e-01,4.397355020046234131e-01,2.273713797330856323e-01,1.884594000875949860e-02,9.884089231491088867e-02,2.615969479084014893e-01,1.705754846334457397e-01,2.307980693876743317e-02,3.133227825164794922e-01,2.247986346483230591e-01,1.302308291196823120e-01,1.858756095170974731e-01,1.299578696489334106e-01,3.813578784465789795e-01,3.195430934429168701e-01,3.322919830679893494e-02,2.801223285496234894e-02,8.138470351696014404e-02,3.801377862691879272e-02,2.689426951110363007e-02,-1.275170594453811646e-01,-2.660827711224555969e-02,-1.249993517994880676e-01,-1.211984157562255859e-01,-1.101569831371307373e-01,-3.561210259795188904e-02,-5.789399147033691406e-02,-1.057282462716102600e-02,-8.332300931215286255e-02,-5.038313269615173340e-01,-3.315719962120056152e-01,-4.855290949344635010e-01,-4.496755897998809814e-01,-4.527326822280883789e-01,-4.111185371875762939e-01,-3.029224872589111328e-01,-2.191908061504364014e-01,-2.710774242877960205e-01,-1.971712410449981689e-01,-2.795797288417816162e-01,-3.159567415714263916e-01,-9.967788308858871460e-02,-2.810463905334472656e-01,2.799558341503143311e-01,3.457109332084655762e-01,1.983186006546020508e-01,1.384408175945281982e-01,2.258807420730590820e-01,5.380991473793983459e-02,8.762474358081817627e-02,-4.479644820094108582e-03,2.156212478876113892e-01,-1.550143305212259293e-02,5.309294536709785461e-02,-1.846067160367965698e-01,2.318591773509979248e-01,1.009191870689392090e-01,1.849443316459655762e-01,2.380868196487426758e-01,-4.483795538544654846e-02,-5.228673666715621948e-02,1.274113655090332031e-01,-7.476875558495521545e-03,9.221082925796508789e-02,-2.435001917183399200e-02,-1.484942622482776642e-02,-1.505619436502456665e-01,-4.696441814303398132e-02,-1.811467297375202179e-02,-1.098975166678428650e-01,-1.192131787538528442e-01,4.988139867782592773e-02,-2.760564684867858887e-01,2.876317203044891357e-01,2.286833971738815308e-01,3.098411262035369873e-01,-2.655299901962280273e-01,-8.856043219566345215e-02,-1.636070013046264648e-01,7.637881208211183548e-03,-2.258305549621582031e-01,-5.486817657947540283e-02,-1.174966245889663696e-01,-1.291332095861434937e-01,-1.523760110139846802e-01,-4.299442097544670105e-02,1.669805794954299927e-01,-1.449070870876312256e-02,-1.394474953413009644e-01,3.264952003955841064e-01,1.074565947055816650e-01,3.495621308684349060e-02,-1.389726400375366211e-01,1.104049384593963623e-01,2.605119347572326660e-01,-5.882380157709121704e-02,-1.299173086881637573e-01,-2.383817881345748901e-01,-1.457736194133758545e-01,-2.663711309432983398e-01,-1.342941969633102417e-01,-1.435441076755523682e-01,-7.549621164798736572e-02
2.358057200908660889e-01,3.454627096652984619e-01,3.706115186214447021e-01,3.606648445129394531e-01,5.133667588233947754e-01,4.758280813694000244e-01,3.465015888214111328e-01,1.883141696453094482e-01,4.461030662059783936e-01,0.000000000000000000e+00,1.194242388010025024e-01,6.912244111299514771e-02,1.592562496662139893e-01,1.701919287443161011e-01,3.510842323303222656e-01,2.930910885334014893e-01,-3.423693776130676270e-02,3.806440532207489014e-02,3.604086637496948242e-01,3.255150914192199707e-01,1.221456527709960938e-01,2.700812518596649170e-01,2.218722105026245117e-01,2.011953592300415039e-01,2.106169164180755615e-01,1.053544878959655762e-01,3.566068410873413086e-01,2.713902294635772705e-01,-6.011340394616127014e-02,-1.412538718432188034e-02,2.501736879348754883e-01,1.353530734777450562e-01,7.313031703233718872e-02,5.467348545789718628e-02,1.261586993932723999e-01,1.345884241163730621e-02,-1.371055394411087036e-01,-1.029069796204566956e-01,6.096370518207550049e-02,-1.672506481409072876e-01,-1.232072710990905762e-01,-1.614973992109298706e-01,-3.026025593280792236e-01,-2.430122047662734985e-01,-2.882589101791381836e-01,-3.105567991733551025e-01,-4.275539815425872803e-01,-3.035299479961395264e-01,-3.542347550392150879e-01,-3.809787929058074951e-01,-4.424881339073181152e-01,-4.305420517921447754e-01,-4.123807549476623535e-01,-2.291107773780822754e-01,-2.825597524642944336e-01,-3.854462504386901855e-01,2.810079455375671387e-01,1.374136656522750854e-01,-1.041913107037544250e-01,-3.867069631814956665e-02,8.589633554220199585e-02,9.723538905382156372e-02,1.092749685049057007e-01,2.694159746170043945e-02,2.141268700361251831e-01,1.128536686301231384e-01,6.786800920963287354e-02,5.431822035461664200e-03,1.469370275735855103e-01,1.097788289189338684e-01,1.903039962053298950e-01,1.427882611751556396e-01,-2.091273218393325806e-01,2.953020669519901276e-02,2.143263965845108032e-01,2.250782446935772896e-03,1.016488373279571533e-01,8.831487968564033508e-03,-5.295256525278091431e-02,-1.856226027011871338e-01,-1.400851458311080933e-01,-3.952556871809065342e-04,-8.635476231575012207e-02,-1.636408567428588867e-01,-7.452888041734695435e-02,-1.780727654695510864e-01,1.605197936296463013e-01,1.681005805730819702e-01,1.317129135131835938e-01,-1.914250999689102173e-01,-2.075908519327640533e-02,-8.332534879446029663e-02,1.804710365831851959e-02,-1.900694519281387329e-01,1.777322962880134583e-02,7.181682437658309937e-02,-1.162750497460365295e-01,-1.737501285970211029e-02,5.947104655206203461e-03,1.416379511356353760e-01,-1.047830805182456970e-01,-1.430707126855850220e-01,2.868356704711914062e-01,1.814296692609786987e-01,1.068216264247894287e-01,-8.929292112588882446e-02,9.836325794458389282e-02,1.841952949762344360e-01,-7.316160202026367188e-02,-8.331351727247238159e-02,-5.613839998841285706e-02,-7.747118920087814331e-02,-2.690230309963226318e-01,8.071235567331314087e-02,-3.925289586186408997e-02,6.028682738542556763e-02
5.846157073974609375e-01,2.290804088115692139e-01,3.978915885090827942e-02,-3.019980490207672119e-01,8.387501537799835205e-02,-2.087350040674209595e-01,1.440527439117431641e-01,-8.628890663385391235e-02,1.461039334535598755e-01,1.194242388010025024e-01,0.000000000000000000e+00,5.195352435111999512e-01,6.227914690971374512e-01,2.836191952228546143e-01,3.351277709007263184e-01,8.734728395938873291e-02,3.872366994619369507e-02,2.186533510684967041e-01,4.317525327205657959e-01,2.709327042102813721e-01,-1.486348658800125122e-01,7.721693068742752075e-02,-2.423473298549652100e-01,-3.972136378288269043e-01,-3.333296775817871094e-01,-2.142795324325561523e-01,1.245030537247657776e-01,1.941779069602489471e-02,1.443728208541870117e-01,1.100861653685569763e-01,-4.106630757451057434e-02,-2.890453040599822998e-01,-6.643938273191452026e-02,-3.000001013278961182e-01,-1.935298442840576172e-01,-3.222804367542266846e-01,-2.276307903230190277e-02,4.450608417391777039e-02,-1.023390144109725952e-01,-8.515705168247222900e-02,9.531684219837188721e-02,1.180220767855644226e-01,-2.519533336162567139e-01,-9.406327456235885620e-02,-3.857030272483825684e-01,-2.695989608764648438e-01,-1.887883991003036499e-01,-1.718163937330245972e-01,-1.490089297294616699e-01,-1.421149969100952148e-01,-1.088618338108062744e-01,-9.120245277881622314e-02,8.660440146923065186e-02,-8.335432969033718109e-03,3.822776023298501968e-03,3.549266234040260315e-02,2.700555920600891113e-01,1.480027288198471069e-01,3.573721647262573242e-01,2.248771488666534424e-01,5.801013708114624023e-01,2.041269093751907349e-01,3.383181393146514893e-01,4.788197204470634460e-02,-5.092808604240417480e-02,-4.010634422302246094e-01,-3.171167373657226562e-01,-4.318188130855560303e-01,7.247266918420791626e-02,-8.378161489963531494e-02,1.960521340370178223e-01,1.902491152286529541e-01,3.846717998385429382e-02,2.202284336090087891e-02,1.808514744043350220e-01,5.451529845595359802e-02,3.021790683269500732e-01,2.344443947076797485e-01,-8.532378822565078735e-02,-3.479070216417312622e-02,-6.249931827187538147e-02,-2.260290645062923431e-02,-1.655114442110061646e-01,-1.325830519199371338e-01,-6.338942050933837891e-02,-2.614149749279022217e-01,1.294036060571670532e-01,-1.162886172533035278e-01,1.841935366392135620e-01,-1.066977065056562424e-02,-1.474185287952423096e-01,-6.968345493078231812e-02,-2.765753865242004395e-01,-6.930357217788696289e-02,1.071855127811431885e-01,-1.287724673748016357e-01,4.478619992733001709e-02,-9.193062782287597656e-02,9.699027985334396362e-02,1.895277053117752075e-01,1.016480773687362671e-01,1.779126226902008057e-01,3.122551366686820984e-03,-7.747314125299453735e-02,-1.493631005287170410e-01,-3.065356314182281494e-01,-1.128382384777069092e-01,5.164658650755882263e-02,4.777229949831962585e-02,-1.741418801248073578e-02,-3.693472966551780701e-02,9.199044853448867798e-02,9.299599379301071167e-02,-3.378248587250709534e-02,-6.490470468997955322e-02,-1.549009084701538086e-01
4.660503268241882324e-01,5.265078693628311157e-02,-9.722413867712020874e-02,-1.978972554206848145e-01,7.513924688100814819e-02,-2.074251025915145874e-01,1.282955557107925415e-01,2.048888504505157471e-01,5.321551859378814697e-02,6.912244111299514771e-02,5.195352435111999512e-01,0.000000000000000000e+00,4.025990366935729980e-01,3.763155639171600342e-01,2.083390653133392334e-01,-1.946838945150375366e-02,-1.135942712426185608e-01,1.097283139824867249e-01,3.741850554943084717e-01,3.439267873764038086e-01,-1.959049999713897705e-01,-4.779273644089698792e-02,-2.563498318195343018e-01,-4.232196211814880371e-01,-4.121387302875518799e-01,-2.503947019577026367e-01,1.396822743117809296e-02,6.284437328577041626e-02,1.216123029589653015e-01,2.396296523511409760e-02,-2.920273877680301666e-02,-2.540105283260345459e-01,-5.701210722327232361e-02,-1.344646513462066650e-01,-2.631005048751831055e-01,-2.700071930885314941e-01,-1.159378886222839355e-01,-4.636659473180770874e-02,-1.140830516815185547e-01,-1.545391529798507690e-01,-2.986019663512706757e-02,3.729486837983131409e-02,-1.969193965196609497e-01,-4.854431748390197754e-02,-2.683188319206237793e-01,-8.750121295452117920e-02,-1.228814795613288879e-01,-8.870385587215423584e-02,1.985452324151992798e-01,1.846606135368347168e-01,1.989135444164276123e-01,2.706905007362365723e-01,3.304570913314819336e-01,2.244527190923690796e-01,2.225874662399291992e-01,2.508684694766998291e-01,7.009149342775344849e-02,1.491923034191131592e-01,4.838420152664184570e-01,4.977721273899078369e-01,5.360003113746643066e-01,3.836227655410766602e-01,1.642518192529678345e-01,3.107627294957637787e-02,-1.911667585372924805e-01,-3.678524196147918701e-01,-2.606740295886993408e-01,-1.616528928279876709e-01,-7.371038198471069336e-02,-1.481438726186752319e-01,2.134629338979721069e-01,1.537978947162628174e-01,7.264536619186401367e-02,1.807938218116760254e-01,2.337137013673782349e-01,1.255225092172622681e-01,2.154190689325332642e-01,3.119421303272247314e-01,-1.184491515159606934e-01,-3.919398784637451172e-02,-1.014335229992866516e-01,2.420637384057044983e-02,-1.801965087652206421e-01,-2.219116091728210449e-01,-1.737688779830932617e-01,-1.165374964475631714e-01,-3.369493642821907997e-04,-1.941083818674087524e-01,1.050272211432456970e-01,-8.263282477855682373e-02,-2.386415600776672363e-01,-2.879632413387298584e-01,-3.439500927925109863e-01,-1.926073431968688965e-01,-2.485143579542636871e-02,-1.301294267177581787e-01,-1.245870813727378845e-01,-1.542820632457733154e-01,-3.487967653200030327e-03,1.165699027478694916e-02,1.634608507156372070e-01,1.001503318548202515e-01,-8.607550710439682007e-02,-1.671876758337020874e-01,-6.251578778028488159e-02,-2.815405726432800293e-01,-1.578742265701293945e-01,-3.816269338130950928e-02,-7.680504024028778076e-02,-4.645496234297752380e-02,-1.076749488711357117e-01,8.422296494245529175e-02,4.116877168416976929e-02,-1.826042495667934418e-02,3.265096992254257202e-02,-1.702754199504852295e-01
6.625213027000427246e-01,1.578281074762344360e-01,1.901234388351440430e-01,-1.980820000171661377e-01,1.898799091577529907e-01,-1.310292035341262817e-01,4.593327045440673828e-01,-3.529497236013412476e-02,2.373622655868530273e-01,1.592562496662139893e-01,6.227914690971374512e-01,4.025990366935729980e-01,0.000000000000000000e+00,2.023425400257110596e-01,4.211447238922119141e-01,9.803042560815811157e-02,-1.761003434658050537e-01,-5.016854405403137207e-02,4.012286961078643799e-01,2.527931034564971924e-01,5.246756598353385925e-03,1.285551935434341431e-01,-2.141524255275726318e-01,-3.698793351650238037e-01,-3.541947007179260254e-01,-3.010726869106292725e-01,1.072132512927055359e-01,1.093197315931320190e-01,-4.592145793139934540e-03,-2.362652868032455444e-02,-2.204110473394393921e-01,-3.498508334159851074e-01,-2.211346328258514404e-01,-4.344318211078643799e-01,-8.203162997961044312e-02,-2.872841060161590576e-01,-2.005320787429809570e-01,-1.927085220813751221e-01,-2.037033066153526306e-02,-6.815765798091888428e-02,-1.747933924198150635e-01,-1.178643181920051575e-01,-2.735672295093536377e-01,-1.478467732667922974e-01,-4.429748654365539551e-01,-3.922057747840881348e-01,-4.043282568454742432e-01,-8.933776617050170898e-02,-1.807746589183807373e-01,-1.625985503196716309e-01,-1.502191871404647827e-01,-1.280654221773147583e-01,3.798645734786987305e-02,6.844566017389297485e-02,-5.117264389991760254e-02,2.550288569182157516e-03,1.170811727643013000e-01,1.217757910490036011e-01,3.458569347858428955e-01,2.356566339731216431e-01,5.961348414421081543e-01,2.177799940109252930e-01,-2.125741681084036827e-03,-2.295086979866027832e-01,9.594385325908660889e-02,-3.089007139205932617e-01,-2.275497466325759888e-01,-4.188425540924072266e-01,1.773261576890945435e-01,-1.052925437688827515e-01,2.716280519962310791e-01,2.811124026775360107e-01,3.841457888484001160e-02,1.258601527661085129e-02,1.963867396116256714e-01,3.275642544031143188e-02,4.279329180717468262e-01,2.736760079860687256e-01,-4.938457906246185303e-02,-5.283429846167564392e-02,-1.607582718133926392e-01,-2.367752417922019958e-02,-1.336348205804824829e-01,-1.288817226886749268e-01,-6.066710129380226135e-02,-1.871113777160644531e-01,-9.358460456132888794e-02,-1.207270175218582153e-01,2.119954675436019897e-01,5.356080830097198486e-02,-4.634013772010803223e-02,8.995883911848068237e-02,-2.533362805843353271e-01,1.152648925781250000e-01,4.238410328980535269e-04,-4.635308310389518738e-02,-4.444501921534538269e-02,1.843578368425369263e-02,6.339649111032485962e-02,3.113823533058166504e-01,7.292762398719787598e-02,2.392938137054443359e-01,4.452951624989509583e-02,1.224745586514472961e-01,1.349288225173950195e-02,-1.347145140171051025e-01,4.708114266395568848e-02,1.997917145490646362e-01,-7.136691361665725708e-02,-1.419489979743957520e-01,-6.623230874538421631e-02,1.411061137914657593e-01,6.316261831670999527e-03,9.567783772945404053e-02,6.927631050348281860e-02,-1.406351476907730103e-02
