0.000000000000000000e+00,1.657462716102600098e-01,4.968496561050415039e-01,1.858944743871688843e-01,-1.562474854290485382e-02,-5.418204516172409058e-02,5.173891782760620117e-01,-1.386501342058181763e-01,-3.006642870604991913e-02,8.285961300134658813e-02,2.885530591011047363e-01,-2.000861465930938721e-01,3.346677124500274658e-01,-4.037833511829376221e-01,1.464393287897109985e-01,6.935466080904006958e-02,-1.374658942222595215e-01,-1.840190589427947998e-01,3.361285626888275146e-01,3.422116935253143311e-01,6.827501952648162842e-02,1.144687924534082413e-02,1.346615999937057495e-01,8.561463654041290283e-02,-1.196217443794012070e-02,1.375516597181558609e-02,2.504347860813140869e-01,4.290631413459777832e-02,-1.411851942539215088e-01,-4.202753603458404541e-01,9.694991260766983032e-02,-6.718859076499938965e-02,1.561275124549865723e-01,1.041564941406250000e-01,1.110063791275024414e-01,7.805772125720977783e-02,-1.918910443782806396e-01,-3.908549249172210693e-01,-1.108584366738796234e-02,-1.025325506925582886e-01,-1.432203501462936401e-01,-3.270589411258697510e-01,-2.048322409391403198e-01,-5.138107538223266602e-01,3.386721312999725342e-01,-1.624751985073089600e-01,-2.476098090410232544e-01,-4.058470726013183594e-01,1.433904021978378296e-01,-1.139464452862739563e-01,5.653586611151695251e-02,-1.299165338277816772e-01,4.206977039575576782e-02,-8.933460712432861328e-02,1.171680763363838196e-01,-2.488007992506027222e-01,6.453551650047302246e-01,2.062072902917861938e-01,4.736922085285186768e-01,7.181069999933242798e-02,6.141906380653381348e-01,1.818288303911685944e-02,4.221478104591369629e-01,-2.020034193992614746e-01,2.905393242835998535e-01,-1.198447123169898987e-01,2.162885963916778564e-01,-1.007716432213783264e-01,4.581064879894256592e-01,4.615564346313476562e-01,2.511289156973361969e-02,-2.746793329715728760e-01,-1.077219918370246887e-01,-3.320673108100891113e-01,6.431175023317337036e-02,-1.928815618157386780e-02,-2.790649533271789551e-01,-3.564166426658630371e-01,-2.348639070987701416e-01,-4.004208445549011230e-01,-2.021103166043758392e-02,-5.224370956420898438e-01,6.492466479539871216e-02,-1.297391802072525024e-01,2.378409169614315033e-02,-3.857827186584472656e-01,2.457665055990219116e-01,7.601418346166610718e-02,2.276944071054458618e-01,-1.178591698408126831e-01,4.269694164395332336e-02,-1.981633305549621582e-01,2.314087897539138794e-01,9.046764113008975983e-03,4.448353126645088196e-02,1.953109800815582275e-01,-2.268880158662796021e-01,-3.221491277217864990e-01,4.033480212092399597e-02,-1.947808265686035156e-01,-3.309441264718770981e-03,5.737457424402236938e-02,-4.938813671469688416e-02,1.463132649660110474e-01,-3.311407566070556641e-02,1.108167245984077454e-01,1.061275899410247803e-01,2.623526453971862793e-01,1.278970986604690552e-01,1.571017652750015259e-01,-4.925069212913513184e-01,-1.128958463668823242e-01,4.664254561066627502e-02,-3.589253127574920654e-02,-1.987978667020797729e-01,2.343089878559112549e-02
1.657462716102600098e-01,0.000000000000000000e+00,-6.450074911117553711e-02,2.935430407524108887e-01,2.980013377964496613e-02,-1.092800199985504150e-01,4.162229597568511963e-02,3.593361377716064453e-01,-8.549144491553306580e-03,1.208895891904830933e-01,-1.244824007153511047e-01,3.345854282379150391e-01,-3.165915310382843018e-01,2.271014600992202759e-01,-1.841092258691787720e-01,2.116085588932037354e-02,-2.578718960285186768e-01,3.411460518836975098e-01,7.121089845895767212e-02,3.827064037322998047e-01,-8.455052971839904785e-02,-1.034072190523147583e-01,-8.248878642916679382e-03,1.422510743141174316e-01,6.416813284158706665e-02,1.409719735383987427e-01,2.410500496625900269e-01,1.641572266817092896e-01,-4.699303209781646729e-01,-7.185261696577072144e-02,1.112028583884239197e-01,6.299276649951934814e-02,2.737915515899658203e-01,2.529996335506439209e-01,6.230116821825504303e-03,-1.137253195047378540e-01,-3.563305735588073730e-01,-2.141424417495727539e-01,-1.314873546361923218e-01,3.818783536553382874e-02,-3.353907465934753418e-01,-1.660886406898498535e-01,-1.692082732915878296e-01,-2.320961058139801025e-01,6.868284940719604492e-02,-4.619099572300910950e-02,-3.139259517192840576e-01,-2.446456253528594971e-01,-1.773032173514366150e-02,2.076095193624496460e-01,-4.748050123453140259e-02,2.021706551313400269e-01,3.178441897034645081e-02,4.682771116495132446e-02,-1.670290976762771606e-01,-7.240194082260131836e-02,2.957864105701446533e-01,6.645281314849853516e-01,-9.541932493448257446e-03,4.417206346988677979e-01,1.273153573274612427e-01,5.315585732460021973e-01,-1.834765970706939697e-01,3.409516513347625732e-01,-1.720724701881408691e-01,2.712248563766479492e-01,6.006397306919097900e-02,-3.049308620393276215e-02,4.383474588394165039e-01,4.444091022014617920e-01,-1.077800169587135315e-01,-8.311145752668380737e-02,-2.696376144886016846e-01,-1.118455752730369568e-01,7.554341852664947510e-02,2.272212207317352295e-01,-3.046893179416656494e-01,-1.178157478570938110e-01,-2.045294642448425293e-01,-4.244341328740119934e-02,-4.611012637615203857e-01,1.003175135701894760e-02,-2.130771875381469727e-01,5.214046686887741089e-02,-2.765614092350006104e-01,7.927587628364562988e-02,1.134834960103034973e-01,1.884915083646774292e-01,7.922506332397460938e-02,1.258273273706436157e-01,2.812482183799147606e-03,3.856908297166228294e-04,-6.085911765694618225e-02,4.381660372018814087e-02,-1.118148043751716614e-01,1.501437723636627197e-01,-2.898389101028442383e-01,-5.711009725928306580e-02,-1.628936678171157837e-01,-8.008833229541778564e-02,2.187201380729675293e-01,1.865051127970218658e-02,-1.502860784530639648e-01,9.186499565839767456e-02,-7.354442775249481201e-02,9.464214742183685303e-02,-7.227578759193420410e-02,1.282415241003036499e-01,4.616176337003707886e-02,1.530475169420242310e-01,-3.926271796226501465e-01,6.248993799090385437e-03,-6.232932209968566895e-02,1.893489249050617218e-02,-8.526004850864410400e-02,-1.306856572628021240e-01
4.968496561050415039e-01,-6.450074911117553711e-02,0.000000000000000000e+00,2.697697281837463379e-01,-2.360693514347076416e-01,-2.170536816120147705e-01,7.048508524894714355e-01,-5.979653447866439819e-02,-3.000836372375488281e-01,1.952261030673980713e-01,1.153765022754669189e-01,-2.572940587997436523e-01,3.346015214920043945e-01,-2.552091181278228760e-01,1.940394639968872070e-01,2.082097083330154419e-01,-2.113867700099945068e-01,-4.131789505481719971e-01,4.536223113536834717e-01,2.756227254867553711e-01,1.604035347700119019e-01,1.066958755254745483e-01,2.411707788705825806e-01,2.494556903839111328e-01,-1.823298633098602295e-01,-1.781725883483886719e-01,1.130327433347702026e-01,-5.884422734379768372e-02,-9.694308787584304810e-02,-3.804022967815399170e-01,-1.263597607612609863e-01,-2.580127120018005371e-01,-6.692719459533691406e-02,-1.747749894857406616e-01,1.563971638679504395e-01,2.114837765693664551e-01,1.113253310322761536e-01,-1.177133172750473022e-01,1.451096385717391968e-01,2.022741176187992096e-02,-1.753764040768146515e-02,-1.838078498840332031e-01,-1.729643493890762329e-01,-3.630203902721405029e-01,1.905840337276458740e-01,-1.699471771717071533e-01,-1.823974028229713440e-02,-1.046624556183815002e-01,-8.812253922224044800e-02,-2.819262742996215820e-01,-8.178330957889556885e-02,-1.255842447280883789e-01,8.240389823913574219e-02,1.287844926118850708e-01,3.003313839435577393e-01,7.564277201890945435e-02,2.178930640220642090e-01,-1.728043705224990845e-01,8.151561766862869263e-02,-1.995979100465774536e-01,2.988763749599456787e-01,-1.135881170630455017e-01,1.281989365816116333e-01,-4.269725382328033447e-01,1.546161174774169922e-01,-1.868602037429809570e-01,1.369166001677513123e-02,-2.334428131580352783e-01,2.367746382951736450e-01,1.494254171848297119e-01,1.392360180616378784e-01,-8.180272579193115234e-02,1.570437848567962646e-01,-1.595251262187957764e-01,2.750517055392265320e-02,4.656996205449104309e-02,8.771877735853195190e-03,-1.998407095670700073e-01,-2.146083712577819824e-01,-3.063539266586303711e-01,4.690050333738327026e-02,-4.837944209575653076e-01,1.672123968601226807e-01,1.260586977005004883e-01,-7.836578041315078735e-02,-2.095017582178115845e-01,2.593294680118560791e-01,1.475338786840438843e-01,1.742404997348785400e-01,8.023782074451446533e-02,9.209568053483963013e-02,-1.687326584942638874e-03,1.255342662334442139e-01,2.417953461408615112e-01,2.265956550836563110e-01,1.862748116254806519e-01,6.767953932285308838e-02,-2.817512750625610352e-01,1.101119965314865112e-01,-1.086932048201560974e-01,-1.263220608234405518e-01,1.264891177415847778e-01,-1.612036973237991333e-01,1.020836085081100464e-01,-2.654729485511779785e-01,-9.995120763778686523e-02,7.031393796205520630e-02,3.350804448127746582e-01,1.113327220082283020e-01,-1.264020055532455444e-01,-1.661420613527297974e-01,-1.279671639204025269e-01,1.407930701971054077e-01,3.069960698485374451e-02,-1.086368486285209656e-01,-2.003508619964122772e-02
1.858944743871688843e-01,2.935430407524108887e-01,2.697697281837463379e-01,0.000000000000000000e+00,5.672553926706314087e-02,1.070212721824645996e-01,2.913193106651306152e-01,5.589016675949096680e-01,5.061906203627586365e-02,2.130645960569381714e-01,8.051516860723495483e-02,3.778845071792602539e-01,1.301069855690002441e-01,1.730930954217910767e-01,1.132703721523284912e-01,1.398546844720840454e-01,-2.176021784543991089e-01,5.926378443837165833e-02,2.897416651248931885e-01,4.872460663318634033e-01,9.330190718173980713e-02,9.002284146845340729e-03,2.269642949104309082e-01,4.285596609115600586e-01,8.511000126600265503e-02,1.362434625625610352e-01,2.467106282711029053e-02,4.279782250523567200e-02,-2.897198796272277832e-01,-4.624799266457557678e-02,1.236337050795555115e-02,1.939360983669757843e-02,1.001867502927780151e-01,1.691128462553024292e-01,-2.066625058650970459e-01,-4.458524659276008606e-02,-2.489995509386062622e-01,-2.686741352081298828e-01,-3.845269978046417236e-02,-1.134745553135871887e-01,-1.611408591270446777e-01,-1.687348634004592896e-01,-3.068436384201049805e-01,-3.641362190246582031e-01,-1.422086916863918304e-02,-2.579536437988281250e-01,-3.507373034954071045e-01,-3.035652041435241699e-01,-1.759825646877288818e-01,-2.276551276445388794e-01,-1.943568289279937744e-01,-1.823748052120208740e-01,-7.824786752462387085e-02,-1.001219525933265686e-01,-1.308764368295669556e-01,-1.675184071063995361e-01,1.340169552713632584e-02,2.136141061782836914e-01,-2.958416379988193512e-02,1.899107694625854492e-01,1.492527723312377930e-01,3.508828878402709961e-01,-6.097295135259628296e-02,1.490292549133300781e-01,-1.095953062176704407e-01,1.578370332717895508e-01,-1.666732132434844971e-01,-1.392429769039154053e-01,1.755264848470687866e-01,1.831280589103698730e-01,2.124374266713857651e-03,7.039412856101989746e-02,-1.507735252380371094e-01,-1.088842377066612244e-01,5.377162247896194458e-03,2.330832928419113159e-02,-4.625390097498893738e-02,2.390631102025508881e-02,-1.586435586214065552e-01,-1.854763031005859375e-01,-2.391030490398406982e-01,-2.316742092370986938e-01,-1.657609594985842705e-03,-2.718495577573776245e-02,-1.197524294257164001e-01,-1.377804726362228394e-01,9.827210009098052979e-02,1.807305775582790375e-02,1.176975965499877930e-01,-1.277248859405517578e-01,-9.011391550302505493e-02,-1.288750171661376953e-01,5.718419328331947327e-02,7.995398342609405518e-02,2.830832451581954956e-02,2.563913166522979736e-01,-1.488942205905914307e-01,-2.113532423973083496e-01,-3.715382888913154602e-02,-1.157528534531593323e-01,2.685045599937438965e-01,1.119914185255765915e-02,7.773184776306152344e-02,9.308420121669769287e-02,-4.300487414002418518e-02,1.961769536137580872e-02,-1.030430644750595093e-01,9.762252867221832275e-02,8.995180577039718628e-02,5.147726461291313171e-02,-3.061860799789428711e-01,-1.292200833559036255e-01,-1.137520447373390198e-01,1.016082316637039185e-01,-7.632096111774444580e-02,-8.198456466197967529e-02
-1.562474854290485382e-02,2.980013377964496613e-02,-2.360693514347076416e-01,5.672553926706314087e-02,0.000000000000000000e+00,6.527849435806274414e-01,-2.725476622581481934e-01,4.861114174127578735e-02,6.856313943862915039e-01,3.956137225031852722e-02,2.753638327121734619e-01,1.766532063484191895e-01,1.933488398790359497e-01,-2.026447653770446777e-02,4.134806394577026367e-01,6.123838201165199280e-02,1.799601763486862183e-01,4.382318630814552307e-02,-7.665682584047317505e-02,-5.187982693314552307e-02,3.427646681666374207e-02,1.749073714017868042e-02,-2.841816283762454987e-02,1.432784087955951691e-02,6.531321406364440918e-01,6.692916154861450195e-01,-1.710263043642044067e-01,5.688058212399482727e-02,5.908476933836936951e-02,1.172269582748413086e-01,3.562138676643371582e-01,4.085269868373870850e-01,1.062603965401649475e-01,1.520203053951263428e-01,-1.927679777145385742e-01,-1.959313154220581055e-01,-1.365062594413757324e-01,-2.546548843383789062e-01,1.070405691862106323e-01,-6.956969201564788818e-02,-1.788723766803741455e-01,1.145290285348892212e-01,-2.844714522361755371e-01,-1.100559756159782410e-01,-2.682220637798309326e-01,-1.231705173850059509e-01,-1.007653847336769104e-01,-9.191069006919860840e-02,1.135832443833351135e-01,8.064840734004974365e-02,1.699014902114868164e-01,4.869493842124938965e-02,6.578717380762100220e-02,-2.874099910259246826e-01,3.273255378007888794e-02,-1.312178671360015869e-01,9.353483095765113831e-03,-7.473698817193508148e-03,1.039258837699890137e-01,1.196825876832008362e-01,-2.310374565422534943e-02,-3.915163502097129822e-02,1.003472357988357544e-01,1.414367556571960449e-01,9.723335504531860352e-02,-3.667489811778068542e-02,3.012705966830253601e-02,1.399445235729217529e-01,-6.236008182168006897e-02,-7.703605294227600098e-02,4.271602630615234375e-02,7.961397618055343628e-02,-1.675890982151031494e-01,6.097339466214179993e-02,-1.174637675285339355e-01,-1.688395589590072632e-01,-1.127324551343917847e-01,9.723997861146926880e-02,1.228580549359321594e-01,1.398336738348007202e-01,1.165324971079826355e-01,1.461357772350311279e-01,-3.046891279518604279e-02,-1.959577500820159912e-01,3.081542849540710449e-01,-2.318872138857841492e-02,-1.935434341430664062e-02,-6.299263238906860352e-02,1.634756624698638916e-01,-1.022184416651725769e-01,-1.356868445873260498e-01,-1.893158704042434692e-01,-6.366414576768875122e-02,-2.128408253192901611e-01,-1.461038142442703247e-01,-4.872450977563858032e-02,-9.843364357948303223e-02,1.597041487693786621e-01,-1.905242055654525757e-01,-8.224527537822723389e-02,1.420759707689285278e-01,-2.659886889159679413e-02,1.519472990185022354e-02,-2.088654488325119019e-01,3.111500479280948639e-02,-5.125442985445261002e-03,7.445606403052806854e-03,-8.565678447484970093e-02,-1.947908103466033936e-01,8.783618360757827759e-02,-1.465539541095495224e-02,-1.383679956197738647e-01,-2.193615138530731201e-01,-1.067245006561279297e-01,1.911382526159286499e-01,2.803708054125308990e-02
-5.418204516172409058e-02,-1.092800199985504150e-01,-2.170536816120147705e-01,1.070212721824645996e-01,6.527849435806274414e-01,0.000000000000000000e+00,-2.339369803667068481e-01,2.427533268928527832e-02,7.286573648452758789e-01,-1.201249100267887115e-02,2.382107973098754883e-01,1.026952117681503296e-01,1.696721315383911133e-01,-2.738144807517528534e-02,3.546976745128631592e-01,2.720257081091403961e-02,1.672125607728958130e-01,4.815942794084548950e-02,-9.674596786499023438e-02,-6.918824464082717896e-02,1.023813262581825256e-01,3.930781781673431396e-02,-2.667579986155033112e-02,8.400488644838333130e-03,6.187189221382141113e-01,6.259500980377197266e-01,-2.601032555103302002e-01,-4.010029509663581848e-02,1.122928559780120850e-01,8.608262985944747925e-02,2.413297742605209351e-01,2.941211163997650146e-01,-3.051322884857654572e-02,6.195100024342536926e-02,-2.495474368333816528e-01,-2.063049226999282837e-01,-9.486217796802520752e-02,-1.841121912002563477e-01,6.100889295339584351e-02,-1.093738898634910583e-01,-4.217122867703437805e-02,8.049362152814865112e-02,-2.665427327156066895e-01,-1.380492895841598511e-01,-2.802830636501312256e-01,-1.762825250625610352e-01,-4.742363095283508301e-02,-6.141066551208496094e-02,5.747972801327705383e-02,8.837596513330936432e-03,1.436888128519058228e-01,-1.305745262652635574e-02,1.008129119873046875e-01,-1.493598371744155884e-01,2.985256724059581757e-02,-1.128555238246917725e-01,-5.385388806462287903e-02,-2.318875864148139954e-02,9.116769582033157349e-02,8.201623708009719849e-02,-8.233089745044708252e-02,-1.301124393939971924e-01,7.630698382854461670e-02,4.743066430091857910e-02,6.131920218467712402e-02,-1.478320062160491943e-01,3.708336735144257545e-03,9.628361463546752930e-02,-1.176818013191223145e-01,-9.866481274366378784e-02,-7.958413660526275635e-02,5.346990004181861877e-02,-2.047850787639617920e-01,-3.615323826670646667e-02,-1.845518946647644043e-01,-2.711875140666961670e-01,-1.964569389820098877e-01,1.549925841391086578e-02,5.215481668710708618e-02,7.109216600656509399e-02,9.689015150070190430e-02,1.082017868757247925e-01,-3.427416458725929260e-02,-1.892904043197631836e-01,2.565256059169769287e-01,-2.354578673839569092e-02,-1.741887032985687256e-01,-1.766032427549362183e-01,7.102399319410324097e-02,-1.408405154943466187e-01,-1.821949779987335205e-01,-1.408699452877044678e-01,-4.488138109445571899e-02,-1.661977320909500122e-01,-2.795323729515075684e-02,2.815766818821430206e-02,-7.638866454362869263e-02,6.608729809522628784e-02,-1.080714613199234009e-01,-1.340124905109405518e-01,1.375746577978134155e-01,-6.072431802749633789e-02,1.416313648223876953e-01,-1.469006985425949097e-01,6.125637143850326538e-02,-5.806947126984596252e-02,3.351293038576841354e-03,-1.176443099975585938e-01,-9.614522755146026611e-02,8.059450238943099976e-02,2.830402518156915903e-04,-1.137135326862335205e-01,-2.207332551479339600e-01,-5.132609978318214417e-02,1.248220354318618774e-01,-4.615614935755729675e-02
5.173891782760620117e-01,4.162229597568511963e-02,7.048508524894714355e-01,2.913193106651306152e-01,-2.725476622581481934e-01,-2.339369803667068481e-01,0.000000000000000000e+00,3.460609354078769684e-03,-2.575256526470184326e-01,1.686229407787322998e-01,1.557582169771194458e-01,-1.468064934015274048e-01,2.840119004249572754e-01,-1.827873289585113525e-01,1.154738850891590118e-02,1.868773102760314941e-01,-1.531341373920440674e-01,-2.992764711380004883e-01,3.425797224044799805e-01,2.447998523712158203e-01,4.514927044510841370e-02,2.737446501851081848e-02,3.736167252063751221e-01,3.405915498733520508e-01,-2.003805488348007202e-01,-1.682899296283721924e-01,1.821145713329315186e-01,-1.432592887431383133e-02,-1.292958557605743408e-01,-3.307045996189117432e-01,-2.859773114323616028e-02,-1.410548835992813110e-01,1.592693850398063660e-02,-4.418052360415458679e-02,1.603604704141616821e-01,1.688927263021469116e-01,-3.772564977407455444e-02,-1.454468965530395508e-01,-1.832790859043598175e-02,-7.602446526288986206e-02,-8.918453007936477661e-02,-2.000745981931686401e-01,-1.709944158792495728e-01,-3.641696274280548096e-01,1.323937475681304932e-01,-2.408357560634613037e-01,-1.596819907426834106e-01,-1.765641421079635620e-01,-1.087091788649559021e-01,-2.836923301219940186e-01,-1.060492172837257385e-01,-1.440997868776321411e-01,1.384408399462699890e-02,1.527493745088577271e-01,6.501101702451705933e-02,1.866708137094974518e-02,2.724075913429260254e-01,-3.018206357955932617e-02,7.298565655946731567e-02,-1.651787608861923218e-01,3.619783818721771240e-01,4.642052948474884033e-02,1.640164554119110107e-01,-2.591527104377746582e-01,1.642634421586990356e-01,-5.338564515113830566e-02,5.319450516253709793e-03,-2.116065472364425659e-01,3.092950284481048584e-01,2.389753758907318115e-01,1.140899658203125000e-01,-5.695289000868797302e-02,1.058245226740837097e-01,-1.554520428180694580e-01,3.490898758172988892e-02,5.591509491205215454e-02,-1.081500425934791565e-01,-2.080590277910232544e-01,-1.491461396217346191e-01,-2.559996843338012695e-01,-1.145220547914505005e-01,-3.796577453613281250e-01,-9.980601258575916290e-03,7.224860787391662598e-02,-1.352071166038513184e-01,-1.319039165973663330e-01,1.379775702953338623e-01,2.102190554141998291e-01,4.080381616950035095e-02,1.320409327745437622e-01,-1.226078160107135773e-02,1.412769556045532227e-01,6.934705376625061035e-02,2.657232284545898438e-01,1.043586060404777527e-01,1.454733908176422119e-01,-1.105044931173324585e-01,-2.395964115858078003e-01,9.995704144239425659e-02,-4.505033418536186218e-02,-8.742126077413558960e-02,1.378701478242874146e-01,-1.638335138559341431e-01,1.406026184558868408e-01,-1.504885256290435791e-01,3.859249874949455261e-02,9.710204787552356720e-03,2.944124042987823486e-01,5.752428248524665833e-02,1.700248755514621735e-02,-2.309646606445312500e-01,-3.621835634112358093e-02,1.154933217912912369e-02,3.534383699297904968e-02,-7.914018630981445312e-02,-5.981270223855972290e-02
-1.386501342058181763e-01,3.593361377716064453e-01,-5.979653447866439819e-02,5.589016675949096680e-01,4.861114174127578735e-02,2.427533268928527832e-02,3.460609354078769684e-03,0.000000000000000000e+00,8.056191727519035339e-03,2.792648971080780029e-01,-3.471402078866958618e-02,6.171849370002746582e-01,-1.162360757589340210e-01,4.184246659278869629e-01,-5.654774233698844910e-02,-6.961369514465332031e-02,-2.346734404563903809e-01,2.772049605846405029e-01,8.853439986705780029e-02,3.916320502758026123e-01,-2.416467852890491486e-02,-8.955731242895126343e-02,1.796419173479080200e-01,3.446261882781982422e-01,-1.004781760275363922e-02,3.673261404037475586e-02,9.113856405019760132e-02,1.187086626887321472e-01,-3.229538202285766602e-01,1.662679910659790039e-01,8.569412678480148315e-02,1.114713773131370544e-01,1.938969790935516357e-01,2.834867537021636963e-01,-2.244526147842407227e-01,-7.641781121492385864e-02,-2.864212989807128906e-01,-2.001656740903854370e-01,-1.273072510957717896e-01,-8.023232221603393555e-02,-1.588135212659835815e-01,-1.524862796068191528e-01,-2.015639245510101318e-01,-1.834813952445983887e-01,-1.044223681092262268e-01,-2.553079128265380859e-01,-3.944656252861022949e-01,-3.249096572399139404e-01,-3.839415609836578369e-01,-2.053339481353759766e-01,-3.090508878231048584e-01,-1.909924894571304321e-01,-1.838119775056838989e-01,-1.060041636228561401e-01,-2.951751053333282471e-01,-3.129284679889678955e-01,-2.003598660230636597e-01,2.218317091464996338e-01,-2.595037221908569336e-01,1.218820214271545410e-01,1.111031696200370789e-02,5.049692988395690918e-01,-1.910695880651473999e-01,4.020347595214843750e-01,-2.948564291000366211e-01,2.810616493225097656e-01,-3.512552678585052490e-01,-2.512263357639312744e-01,9.117437526583671570e-03,4.280420020222663879e-02,1.096228957176208496e-01,2.364868372678756714e-01,-2.866299264132976532e-02,1.574359685182571411e-01,1.083080321550369263e-01,1.692403405904769897e-01,3.869698941707611084e-02,1.626736670732498169e-01,-1.201016902923583984e-01,-9.451936185359954834e-02,-3.844605088233947754e-01,-6.074909493327140808e-02,-9.886740893125534058e-02,-4.214783385396003723e-02,-2.330446392297744751e-01,-1.197635009884834290e-01,2.169563062489032745e-02,-2.157405577600002289e-02,4.433389380574226379e-02,-1.015960127115249634e-01,-8.724470436573028564e-02,-9.077676385641098022e-02,-4.398155584931373596e-02,-1.204551663249731064e-02,-6.005753949284553528e-02,1.959661841392517090e-01,-1.805097758769989014e-01,-1.371814608573913574e-01,-1.011437624692916870e-01,-6.976960599422454834e-02,3.405181765556335449e-01,-1.954770833253860474e-02,2.228342369198799133e-02,8.190696686506271362e-02,8.373493328690528870e-03,9.761378914117813110e-02,-1.201634556055068970e-01,-2.193727903068065643e-02,8.344281464815139771e-02,1.054467633366584778e-01,-2.428437620401382446e-01,-6.520792841911315918e-02,-1.557319462299346924e-01,1.049352288246154785e-01,2.360266260802745819e-02,-1.124948188662528992e-01
-3.006642870604991913e-02,-8.549144491553306580e-03,-3.000836372375488281e-01,5.061906203627586365e-02,6.856313943862915039e-01,7.286573648452758789e-01,-2.575256526470184326e-01,8.056191727519035339e-03,0.000000000000000000e+00,8.915039151906967163e-02,2.206985652446746826e-01,9.008906781673431396e-02,1.097705587744712830e-01,-6.613572686910629272e-02,3.751948773860931396e-01,7.263941317796707153e-02,1.511660069227218628e-01,4.271386936306953430e-02,-1.381882280111312866e-01,-7.956150919198989868e-02,6.188009679317474365e-02,5.497286841273307800e-02,-8.250833489000797272e-03,-5.906601902097463608e-03,6.543040871620178223e-01,7.020946145057678223e-01,-1.522889137268066406e-01,6.638996303081512451e-02,6.562130898237228394e-02,1.216751188039779663e-01,2.995768487453460693e-01,3.108467161655426025e-01,9.388615377247333527e-03,6.317308545112609863e-02,-2.287564128637313843e-01,-2.523752450942993164e-01,-1.751073747873306274e-01,-2.185836583375930786e-01,4.847399890422821045e-02,-5.159943550825119019e-02,-1.495714336633682251e-01,6.369192898273468018e-02,-2.857339680194854736e-01,-1.175808683037757874e-01,-3.350121378898620605e-01,-1.563375741243362427e-01,-1.676952540874481201e-01,-9.364263713359832764e-02,4.843496717512607574e-03,-3.395762760192155838e-03,9.260927885770797729e-02,-8.678223937749862671e-03,2.506552450358867645e-02,-2.076497673988342285e-01,-4.019872844219207764e-02,-1.412129253149032593e-01,-8.915065787732601166e-03,2.315888367593288422e-02,9.198261797428131104e-02,9.408064931631088257e-02,-3.014396503567695618e-02,-6.514535099267959595e-02,6.182981655001640320e-02,1.012779474258422852e-01,1.258179843425750732e-01,-8.052576333284378052e-02,3.024747595191001892e-03,6.454592198133468628e-02,-5.412157624959945679e-02,-4.089773446321487427e-02,-3.083295188844203949e-02,4.211023822426795959e-02,-1.940272748470306396e-01,-1.577562652528285980e-02,-1.440899372100830078e-01,-1.590983271598815918e-01,-2.026000171899795532e-01,2.197651937603950500e-02,1.186627000570297241e-01,1.573483943939208984e-01,7.658635079860687256e-02,1.605756133794784546e-01,-6.029280275106430054e-02,-2.100162059068679810e-01,3.023000359535217285e-01,-9.967009536921977997e-03,-6.776658445596694946e-02,-1.925940997898578644e-02,1.101565137505531311e-01,-1.135070919990539551e-01,-1.778460890054702759e-01,-1.212984398007392883e-01,-5.642693117260932922e-02,-1.530351638793945312e-01,-3.932168334722518921e-02,2.280663326382637024e-02,-1.255832761526107788e-01,1.323402523994445801e-01,-1.649643331766128540e-01,-7.779247313737869263e-02,1.169892176985740662e-01,-1.914223842322826385e-02,4.780160635709762573e-02,-1.894419938325881958e-01,2.104217559099197388e-02,-1.995996944606304169e-02,8.284705132246017456e-02,-6.868754327297210693e-02,-1.374932527542114258e-01,1.357909291982650757e-01,-1.007844693958759308e-02,-6.477809697389602661e-02,-1.850425601005554199e-01,-9.402889013290405273e-02,2.141151279211044312e-01,5.234452430158853531e-03
8.285961300134658813e-02,1.208895891904830933e-01,1.952261030673980713e-01,2.130645960569381714e-01,3.956137225031852722e-02,-1.201249100267887115e-02,1.686229407787322998e-01,2.792648971080780029e-01,8.915039151906967163e-02,0.000000000000000000e+00,1.651938557624816895e-01,6.743866950273513794e-02,-6.008833274245262146e-02,4.824531078338623047e-02,3.948374986648559570e-01,3.594320118427276611e-01,-2.714199125766754150e-01,-1.455401182174682617e-01,1.412444282323122025e-02,8.164434880018234253e-02,1.316558271646499634e-01,2.271701395511627197e-01,1.805306673049926758e-01,2.298219352960586548e-01,1.662330925464630127e-01,2.800511419773101807e-01,1.757985800504684448e-01,1.195095106959342957e-01,-3.052216768264770508e-01,-4.098395258188247681e-02,1.705491989850997925e-01,-1.328590977936983109e-02,-9.593784064054489136e-02,-1.320007890462875366e-01,-1.246788352727890015e-01,-8.085050433874130249e-02,-1.204386577010154724e-01,-8.419961482286453247e-02,1.728717237710952759e-01,1.417190581560134888e-01,-2.752847075462341309e-01,-5.859757959842681885e-02,-3.934915959835052490e-01,-3.783959746360778809e-01,-2.164368182420730591e-01,-3.657266795635223389e-01,-3.105239868164062500e-01,-1.742696315050125122e-01,-3.795087039470672607e-01,-3.661909699440002441e-01,-2.361299693584442139e-01,-2.111286967992782593e-01,-4.661556705832481384e-02,-9.681245684623718262e-02,1.124676130712032318e-02,-1.837093830108642578e-01,-3.218499571084976196e-02,-9.356624633073806763e-02,-2.250948697328567505e-01,-1.733493506908416748e-01,8.958499878644943237e-02,1.220780089497566223e-01,-1.954456716775894165e-01,-4.253954626619815826e-03,-1.571469753980636597e-02,1.318713724613189697e-01,-1.544401943683624268e-01,-3.394609689712524414e-01,1.105428859591484070e-01,-2.959970571100711823e-02,3.881017863750457764e-01,1.913608461618423462e-01,1.562543660402297974e-01,7.322009652853012085e-02,7.773776352405548096e-02,3.570794463157653809e-01,5.465358868241310120e-02,-6.247976422309875488e-02,1.367513556033372879e-02,-2.038938552141189575e-02,-9.184789657592773438e-02,-1.773785054683685303e-01,1.072147861123085022e-02,-5.413925275206565857e-02,-3.162040933966636658e-02,-1.618890464305877686e-01,4.082259535789489746e-01,3.439055681228637695e-01,3.135034739971160889e-01,1.621666103601455688e-01,1.120916754007339478e-01,1.997376047074794769e-02,-1.540321682114154100e-04,6.928370147943496704e-02,1.440332382917404175e-01,2.889089286327362061e-01,-3.472275659441947937e-02,-6.555660068988800049e-02,-2.081776857376098633e-01,-1.379380282014608383e-02,9.388560056686401367e-02,3.402688726782798767e-02,-1.733533143997192383e-01,-1.595713049173355103e-01,-2.705793976783752441e-01,-1.053904294967651367e-01,2.040144652128219604e-01,3.170688450336456299e-01,-7.406708598136901855e-02,-2.367460401728749275e-03,-9.043325483798980713e-02,-1.653018295764923096e-01,-3.233945742249488831e-02,-1.040507704019546509e-01,1.984239369630813599e-01,4.056880250573158264e-02
2.885530591011047363e-01,-1.244824007153511047e-01,1.153765022754669189e-01,8.051516860723495483e-02,2.753638327121734619e-01,2.382107973098754883e-01,1.557582169771194458e-01,-3.471402078866958618e-02,2.206985652446746826e-01,1.651938557624816895e-01,0.000000000000000000e+00,1.334014832973480225e-01,4.712983965873718262e-01,-2.032170630991458893e-02,2.806104123592376709e-01,1.365172117948532104e-01,3.824767470359802246e-01,8.803029358386993408e-02,-1.161584854125976562e-01,-1.108361482620239258e-01,-1.686247587203979492e-01,-3.854789584875106812e-02,3.148708343505859375e-01,1.331747919321060181e-01,2.736805379390716553e-01,2.744357883930206299e-01,-2.696305513381958008e-02,2.154927253723144531e-01,2.070242762565612793e-01,7.218746840953826904e-02,5.075001120567321777e-01,4.491584300994873047e-01,1.928180307149887085e-01,2.057834118604660034e-01,-8.757469058036804199e-02,-3.487434610724449158e-02,-2.852522134780883789e-01,-3.412484228610992432e-01,-1.935624778270721436e-01,-2.129268497228622437e-01,-3.298847675323486328e-01,-3.708734363317489624e-02,-1.120094507932662964e-01,-1.941951811313629150e-01,-8.420899510383605957e-02,-2.561236023902893066e-01,-1.434297561645507812e-01,-1.429632604122161865e-01,1.735916137695312500e-01,-9.341837465763092041e-02,3.207966089248657227e-01,-5.120749119669198990e-03,1.538654863834381104e-01,-2.428299486637115479e-01,7.359807938337326050e-02,-2.773096263408660889e-01,2.640220522880554199e-01,-1.676925420761108398e-01,1.582030653953552246e-01,-1.532581150531768799e-01,2.549379467964172363e-01,-1.092871055006980896e-01,4.648431539535522461e-01,1.735532730817794800e-01,1.750405281782150269e-01,-2.649872936308383942e-02,5.452217161655426025e-02,-4.395904019474983215e-02,4.515293985605239868e-02,-8.308059722185134888e-02,2.021340578794479370e-01,6.925074011087417603e-02,-2.138669416308403015e-02,-1.032495573163032532e-01,1.150767803192138672e-01,-7.215539366006851196e-02,-8.609355241060256958e-02,-1.232457607984542847e-01,3.476657271385192871e-01,-1.989623717963695526e-02,8.730268478393554688e-02,1.963565312325954437e-02,-2.325848788022994995e-01,-3.427220880985260010e-01,2.941291034221649170e-01,-1.739014089107513428e-01,1.131151169538497925e-01,-9.199986234307289124e-03,2.085008621215820312e-01,-1.233829781413078308e-01,-4.894358664751052856e-02,-1.213907673954963684e-01,1.603049188852310181e-01,-2.268166691064834595e-01,-2.169436663389205933e-01,-1.256066858768463135e-01,-3.788867592811584473e-01,-4.712091386318206787e-02,-1.809253096580505371e-01,-1.111292243003845215e-01,-3.100628405809402466e-02,-1.824702471494674683e-01,-1.752125322818756104e-01,-2.916152179241180420e-01,-3.309995401650667191e-03,8.814599364995956421e-02,1.749048680067062378e-01,-1.879298873245716095e-02,-2.888353168964385986e-01,2.354009896516799927e-01,-2.490704655647277832e-01,-1.168003380298614502e-01,-1.986776441335678101e-01,-2.240967750549316406e-01,1.563836336135864258e-01,7.572446018457412720e-02
-2.000861465930938721e-01,3.345854282379150391e-01,-2.572940587997436523e-01,3.778845071792602539e-01,1.766532063484191895e-01,1.026952117681503296e-01,-1.468064934015274048e-01,6.171849370002746582e-01,9.008906781673431396e-02,6.743866950273513794e-02,1.334014832973480225e-01,0.000000000000000000e+00,-6.776088476181030273e-02,5.126188993453979492e-01,-1.431179046630859375e-01,2.417124435305595398e-02,1.840406470000743866e-02,4.078738093376159668e-01,-5.879531055688858032e-02,1.704913824796676636e-01,-1.856068819761276245e-01,-1.990887224674224854e-01,1.676834076642990112e-01,3.034389019012451172e-01,1.186240762472152710e-01,1.259756535291671753e-01,-6.522661447525024414e-02,2.101339101791381836e-01,-1.524832546710968018e-01,3.114044070243835449e-01,2.812975347042083740e-01,4.010559916496276855e-01,3.133896589279174805e-01,3.800681233406066895e-01,-1.361806243658065796e-01,-2.548862621188163757e-02,-3.446389138698577881e-01,-1.774991899728775024e-01,-2.558366358280181885e-01,-1.188804507255554199e-01,-2.306246012449264526e-01,-4.061153531074523926e-02,-8.987346291542053223e-02,-6.208889186382293701e-03,-1.454536914825439453e-01,-1.687532514333724976e-01,-3.265068531036376953e-01,-2.166985720396041870e-01,-2.036239802837371826e-01,-6.132440268993377686e-02,-1.483010500669479370e-01,-6.253487616777420044e-02,-1.130798608064651489e-01,-1.691570580005645752e-01,-3.181325793266296387e-01,-2.300019562244415283e-01,-1.495095342397689819e-01,2.280597090721130371e-01,-2.578722238540649414e-01,1.660351008176803589e-01,-3.372097387909889221e-02,5.098836421966552734e-01,-8.339376002550125122e-02,5.696916580200195312e-01,-2.184083759784698486e-01,3.523387312889099121e-01,-2.369695603847503662e-01,-9.040626138448715210e-02,1.412583515048027039e-02,-1.357932016253471375e-02,1.367239803075790405e-01,3.059085011482238770e-01,-4.778350889682769775e-02,1.597231477499008179e-01,1.961809247732162476e-01,1.279673874378204346e-01,6.847464293241500854e-02,2.572593390941619873e-01,7.027886062860488892e-02,9.094991534948348999e-02,-3.627330064773559570e-01,1.749341189861297607e-01,-2.634597718715667725e-01,-1.056925952434539795e-01,-1.542609781026840210e-01,5.407286807894706726e-02,-6.886958330869674683e-02,3.783900523558259010e-03,-3.347288817167282104e-02,-3.283479064702987671e-02,-1.403673738241195679e-01,-4.695339128375053406e-02,-4.491373896598815918e-02,-6.990507990121841431e-02,-2.637158930301666260e-01,-4.488567262887954712e-02,-3.009781241416931152e-01,-3.235909389331936836e-04,-1.306848973035812378e-01,4.751273617148399353e-02,3.112309277057647705e-01,-6.082162633538246155e-02,2.960937656462192535e-02,4.096305742859840393e-02,1.530881375074386597e-01,2.165087461471557617e-01,-8.766903728246688843e-02,-1.596181839704513550e-01,-1.200512051582336426e-01,1.969819366931915283e-01,-1.532681435346603394e-01,9.055412560701370239e-02,-2.515222430229187012e-01,9.675373882055282593e-02,1.057542487978935242e-01,-5.472762882709503174e-02
3.346677124500274658e-01,-3.165915310382843018e-01,3.346015214920043945e-01,1.301069855690002441e-01,1.933488398790359497e-01,1.696721315383911133e-01,2.840119004249572754e-01,-1.162360757589340210e-01,1.097705587744712830e-01,-6.008833274245262146e-02,4.712983965873718262e-01,-6.776088476181030273e-02,0.000000000000000000e+00,-1.515776216983795166e-01,3.588853478431701660e-01,8.632033318281173706e-02,2.450444996356964111e-01,-2.458558678627014160e-01,1.121833920478820801e-01,-3.111327812075614929e-02,-2.969904616475105286e-02,1.248427331447601318e-01,2.032541334629058838e-01,4.981963336467742920e-02,1.097116544842720032e-01,7.539246976375579834e-02,-1.502526998519897461e-01,4.725529626011848450e-02,3.464066684246063232e-01,-7.222100347280502319e-02,1.247698366641998291e-01,8.675991743803024292e-02,-7.377545535564422607e-02,-7.811791449785232544e-02,-6.316854804754257202e-02,-6.389352679252624512e-02,1.229395866394042969e-01,-1.038411408662796021e-01,3.757480904459953308e-02,-9.579483419656753540e-02,3.107778355479240417e-02,9.117285162210464478e-02,-1.072440147399902344e-01,-1.406216770410537720e-01,3.489629179239273071e-02,-1.189351454377174377e-01,1.036608591675758362e-01,4.500038176774978638e-02,1.624106317758560181e-01,-9.367511421442031860e-02,2.145044505596160889e-01,-1.278943568468093872e-01,1.133976802229881287e-01,-1.664395332336425781e-01,2.003949731588363647e-01,-1.336364448070526123e-01,1.581833511590957642e-01,-3.534218966960906982e-01,2.143844813108444214e-01,-3.036213815212249756e-01,2.239205986261367798e-01,-3.208020925521850586e-01,3.599808514118194580e-01,-1.984524130821228027e-01,3.504845201969146729e-01,-2.705811858177185059e-01,-1.307434681802988052e-02,-1.502931565046310425e-01,-6.902582244947552681e-04,-1.155929788947105408e-01,8.234940469264984131e-02,-6.223975121974945068e-02,1.274980157613754272e-01,-9.757602587342262268e-03,-4.557961970567703247e-02,-1.124300062656402588e-01,-5.790259316563606262e-02,-1.285133808851242065e-01,1.949652284383773804e-01,-3.845675662159919739e-02,4.047940373420715332e-01,-1.303392797708511353e-01,1.426325738430023193e-01,-1.919716149568557739e-01,3.613579273223876953e-01,-2.288261353969573975e-01,9.963886439800262451e-02,-1.067237108945846558e-01,1.206302419304847717e-01,-1.060468032956123352e-01,7.453425228595733643e-02,-2.503923512995243073e-02,1.144119724631309509e-01,-6.886564940214157104e-02,2.263647131621837616e-02,-1.629147529602050781e-01,4.366339370608329773e-02,-3.727045282721519470e-02,-1.014804933220148087e-03,4.953701794147491455e-02,-1.338276565074920654e-01,-4.583270102739334106e-02,-2.056309022009372711e-02,-1.887623220682144165e-01,-6.929867714643478394e-02,-1.203161105513572693e-01,1.100233271718025208e-01,7.489139679819345474e-03,-1.218651011586189270e-01,-9.444930404424667358e-02,-9.191962331533432007e-02,-1.964148730039596558e-01,-6.339917331933975220e-02,-1.742032617330551147e-01,3.285870328545570374e-02,2.156883329153060913e-01
