0.000000000000000000e+00,6.937001943588256836e-01,5.594094991683959961e-01,1.637694798409938812e-02,-5.609380081295967102e-02,-4.570724442601203918e-02,3.266170620918273926e-01,1.299248076975345612e-02,-7.491793483495712280e-02,-1.153570190072059631e-01,4.528861045837402344e-01,-4.922391101717948914e-02,3.384092152118682861e-01,-3.187320753931999207e-02,-7.053118944168090820e-02,-3.185899853706359863e-01,-3.847529888153076172e-01,1.187334656715393066e-01,6.565911769866943359e-01,5.795522928237915039e-01,-2.633110582828521729e-01,-1.754351109266281128e-01,-3.699991106986999512e-02,1.052227467298507690e-01,1.624627113342285156e-01,7.083559781312942505e-02,3.728701174259185791e-01,2.503427676856517792e-03,-4.597759246826171875e-01,-2.936670780181884766e-01,-1.194372177124023438e-01,-2.244339324533939362e-02,4.556915760040283203e-01,4.362010061740875244e-01,1.588196307420730591e-01,1.325299590826034546e-01,-4.289486110210418701e-01,-5.641607046127319336e-01,-3.243244588375091553e-01,-4.721665680408477783e-01,-2.773401737213134766e-01,-4.568246901035308838e-01,-2.256577014923095703e-01,-1.466368734836578369e-01,4.010712504386901855e-01,3.852045238018035889e-01,-2.102190814912319183e-02,-2.237446159124374390e-01,2.706806957721710205e-01,2.527003288269042969e-01,1.106029152870178223e-01,-1.917939484119415283e-01,1.343357115983963013e-01,-3.804054558277130127e-01,2.088527940213680267e-02,-2.568702995777130127e-01,7.177802920341491699e-01,6.875506639480590820e-01,5.935667753219604492e-01,4.706564843654632568e-01,5.802011489868164062e-01,7.390071637928485870e-03,2.278733253479003906e-02,-2.024399302899837494e-02,-1.352526247501373291e-01,-3.105673193931579590e-01,2.710867524147033691e-01,3.091883361339569092e-01,6.797847747802734375e-01,6.587849855422973633e-01,2.205353081226348877e-01,-4.983706399798393250e-02,-3.399350121617317200e-02,1.590030491352081299e-01,-9.262655675411224365e-02,-4.033999890089035034e-02,2.341975867748260498e-01,3.336000069975852966e-02,-1.386566311120986938e-01,-4.052818119525909424e-01,1.408387720584869385e-01,-4.335812032222747803e-01,-3.607755601406097412e-01,-5.103722810745239258e-01,2.007822692394256592e-01,-5.102918148040771484e-01,1.220907494425773621e-01,-3.485418260097503662e-01,1.769297271966934204e-01,-5.890048742294311523e-01,-2.591418623924255371e-01,-5.332241058349609375e-01,-3.427018821239471436e-01,-4.699197113513946533e-01,-4.987759292125701904e-01,-3.206253945827484131e-01,-1.295706331729888916e-01,-4.193022251129150391e-01,-6.788311153650283813e-02,-3.067125082015991211e-01,4.541425034403800964e-02,-8.863790333271026611e-02,2.211702316999435425e-01,-2.422883510589599609e-01,1.513774096965789795e-01,-1.128085106611251831e-01,2.292386256158351898e-02,1.715617477893829346e-01,4.952410981059074402e-02,2.372860312461853027e-01,-2.568259276449680328e-02,2.275943197309970856e-02,4.913777485489845276e-02,1.767711788415908813e-01,-1.153544113039970398e-01,-2.085068970918655396e-01
6.937001943588256836e-01,0.000000000000000000e+00,3.203097283840179443e-01,1.330340653657913208e-01,-1.317453384399414062e-01,-6.445606052875518799e-02,8.949887752532958984e-02,5.519431084394454956e-02,-3.436783701181411743e-02,-7.421196252107620239e-02,3.417680859565734863e-01,-9.583170711994171143e-02,2.859928905963897705e-01,9.499897062778472900e-02,-3.643186017870903015e-02,-1.304854452610015869e-01,-1.690929830074310303e-01,-8.033292740583419800e-02,6.683390736579895020e-01,6.054250597953796387e-01,-2.330396622419357300e-01,-1.823814958333969116e-01,-1.560127642005681992e-02,1.587089002132415771e-01,7.872847467660903931e-02,7.712028920650482178e-02,3.629403412342071533e-01,1.147257834672927856e-01,-3.600097596645355225e-01,-3.466298878192901611e-01,-5.964777991175651550e-02,5.892078578472137451e-02,4.335949420928955078e-01,3.886480033397674561e-01,5.680853128433227539e-02,8.162812143564224243e-02,-4.181345403194427490e-01,-4.544741213321685791e-01,-3.238959610462188721e-01,-3.709775209426879883e-01,-2.632272243499755859e-01,-3.772155046463012695e-01,-1.036928147077560425e-01,-5.290055647492408752e-02,4.229068458080291748e-01,3.609741628170013428e-01,-1.067592725157737732e-01,-1.783604472875595093e-01,2.193769812583923340e-01,2.588247358798980713e-01,-3.003981709480285645e-02,-1.381252706050872803e-01,-7.234305888414382935e-02,-2.578437626361846924e-01,-3.272520005702972412e-02,-1.849820762872695923e-01,7.257103323936462402e-01,7.553219795227050781e-01,3.956612646579742432e-01,5.048672556877136230e-01,3.126449882984161377e-01,5.859440565109252930e-02,2.548857629299163818e-01,-1.610249839723110199e-02,-1.990795731544494629e-01,-2.795286476612091064e-01,2.474166303873062134e-01,3.356029093265533447e-01,5.882404446601867676e-01,6.819264888763427734e-01,1.184840723872184753e-01,1.306765973567962646e-01,1.737910322844982147e-02,1.679804027080535889e-01,-4.177287966012954712e-02,-4.674706980586051941e-02,2.068631649017333984e-01,2.020252496004104614e-01,-2.882251739501953125e-01,-3.507508933544158936e-01,4.759742319583892822e-02,-2.833991944789886475e-01,-3.008324205875396729e-01,-3.719504475593566895e-01,-6.135730817914009094e-02,-2.746344506740570068e-01,1.783271878957748413e-01,-6.632155925035476685e-02,-4.067429900169372559e-02,-4.338766038417816162e-01,-4.446065425872802734e-01,-4.661220610141754150e-01,-3.777911365032196045e-01,-2.801845073699951172e-01,-3.932359218597412109e-01,-2.777994275093078613e-01,-1.773479878902435303e-01,-3.378669917583465576e-01,-1.413598656654357910e-01,-3.034118115901947021e-01,-7.322406768798828125e-02,-7.398424297571182251e-02,1.549231708049774170e-01,-5.184856802225112915e-02,-6.450163666158914566e-03,-9.588407725095748901e-02,-3.047523088753223419e-02,2.950868904590606689e-01,9.578914195299148560e-02,2.358651608228683472e-01,-1.110392659902572632e-01,-1.225001141428947449e-01,4.221142455935478210e-02,1.370161473751068115e-01,-1.879917234182357788e-01,-2.364739775657653809e-01
5.594094991683959961e-01,3.203097283840179443e-01,0.000000000000000000e+00,2.388420850038528442e-01,1.849881112575531006e-01,2.040013670921325684e-01,6.200424432754516602e-01,1.863454878330230713e-01,7.447935640811920166e-02,7.852655649185180664e-02,3.514616787433624268e-01,-3.851495310664176941e-02,3.050975799560546875e-01,-1.235006470233201981e-02,-2.244567312300205231e-02,-1.222358942031860352e-01,-4.552833437919616699e-01,1.420984417200088501e-01,4.848369657993316650e-01,4.345375895500183105e-01,-1.760200709104537964e-01,-1.124098338186740875e-02,1.963621675968170166e-01,4.728452265262603760e-01,1.524129658937454224e-01,1.669312119483947754e-01,2.336987853050231934e-01,-8.067913353443145752e-02,-4.712173044681549072e-01,-2.043317109346389771e-01,1.859929598867893219e-02,1.926675140857696533e-01,2.542933225631713867e-01,3.569959998130798340e-01,2.936521172523498535e-01,2.144462466239929199e-01,-2.838603854179382324e-01,-4.481467008590698242e-01,-2.587478458881378174e-01,-4.452276229858398438e-01,-1.978626400232315063e-01,-3.535534441471099854e-01,-3.618911206722259521e-01,-3.201259076595306396e-01,9.640154987573623657e-02,6.940275430679321289e-02,-4.127199202775955200e-02,-3.128009140491485596e-01,-5.164948478341102600e-02,-9.873826801776885986e-02,-2.884191833436489105e-02,-5.003137588500976562e-01,8.023965358734130859e-02,-6.744163632392883301e-01,1.237842142581939697e-01,-1.941026151180267334e-01,2.886371314525604248e-01,2.881412506103515625e-01,3.600787818431854248e-01,2.031431496143341064e-01,3.831042945384979248e-01,-1.393520385026931763e-01,-2.331301122903823853e-01,-4.689726233482360840e-02,1.049142256379127502e-01,-9.181454032659530640e-02,3.293891251087188721e-01,3.184960186481475830e-01,5.078561902046203613e-01,3.640191555023193359e-01,3.923747241497039795e-01,1.861290074884891510e-02,-3.908450156450271606e-02,1.964740455150604248e-01,3.295746399089694023e-03,3.226558864116668701e-02,3.292379677295684814e-01,1.247900351881980896e-02,-2.069980353116989136e-01,-4.345706701278686523e-01,6.713072210550308228e-02,-5.041924715042114258e-01,-2.770280539989471436e-01,-4.151135087013244629e-01,3.951164484024047852e-01,-6.137651801109313965e-01,2.939300835132598877e-01,-2.570143342018127441e-01,3.288400769233703613e-01,-5.647922754287719727e-01,1.369212120771408081e-01,-5.435003638267517090e-01,-8.840565383434295654e-02,-4.765168726444244385e-01,-3.923766613006591797e-01,-2.955060601234436035e-01,-2.120334282517433167e-02,-3.878962695598602295e-01,2.267885506153106689e-01,-1.125785112380981445e-01,2.081597149372100830e-01,-1.768756508827209473e-01,4.241623580455780029e-01,-6.333187967538833618e-02,3.518304824829101562e-01,7.115123420953750610e-02,1.120501086115837097e-01,6.568294763565063477e-02,-5.037491396069526672e-02,1.581394672393798828e-01,1.565520092844963074e-02,8.741893619298934937e-02,1.911530941724777222e-01,8.356920629739761353e-02,-2.214960157871246338e-01,2.884835936129093170e-02
1.637694798409938812e-02,1.330340653657913208e-01,2.388420850038528442e-01,0.000000000000000000e+00,1.040335148572921753e-01,2.238610237836837769e-01,2.752059102058410645e-01,7.154581546783447266e-01,2.113013565540313721e-01,2.222499102354049683e-01,-3.451393172144889832e-02,1.792384386062622070e-01,2.685921490192413330e-01,2.028289586305618286e-01,-2.293727546930313110e-02,2.184493541717529297e-01,-1.367286592721939087e-01,-3.962454795837402344e-01,2.644251585006713867e-01,3.530500829219818115e-01,-2.699941992759704590e-01,5.950252525508403778e-04,3.565848469734191895e-01,5.169125795364379883e-01,-1.531844884157180786e-01,-5.873778718523681164e-04,1.399857401847839355e-01,1.082238480448722839e-01,-1.250830292701721191e-01,-2.506199777126312256e-01,1.285292487591505051e-02,1.061155125498771667e-01,-3.445818275213241577e-02,3.108355402946472168e-02,2.269854396581649780e-01,1.286110728979110718e-01,-2.312684208154678345e-01,-1.558085978031158447e-01,-2.001129835844039917e-01,-1.614841967821121216e-01,-5.199234932661056519e-02,-1.578324735164642334e-01,-1.052914187312126160e-03,-1.820511668920516968e-01,-2.136107683181762695e-01,-2.631173431873321533e-01,-1.455011498183012009e-02,-2.049254924058914185e-01,-3.114885985851287842e-01,-3.425658345222473145e-01,-4.517115652561187744e-01,-1.617005914449691772e-01,-3.853982090950012207e-01,-1.337154507637023926e-01,-2.850541472434997559e-01,-1.446422934532165527e-02,-1.487839519977569580e-01,-1.516930572688579559e-02,-2.149176001548767090e-01,-6.686565279960632324e-02,-1.075780466198921204e-01,2.671644687652587891e-01,1.236220896244049072e-01,1.154414638876914978e-01,9.263748675584793091e-02,2.550074756145477295e-01,-9.905184805393218994e-02,2.985291741788387299e-02,3.109459765255451202e-02,3.994783386588096619e-02,2.979739941656589508e-02,2.067002803087234497e-01,-1.183856371790170670e-02,-3.726568305864930153e-03,-9.923003613948822021e-02,2.924545854330062866e-02,-7.824715971946716309e-02,1.663865000009536743e-01,-4.139191508293151855e-01,-1.853385120630264282e-01,-3.590483665466308594e-01,-1.228417456150054932e-01,-2.241405099630355835e-01,1.264758221805095673e-02,-2.519410848617553711e-01,5.358728766441345215e-02,-2.085379511117935181e-02,1.423767954111099243e-01,-2.843219041824340820e-01,2.171371690928936005e-02,2.165767177939414978e-02,4.695201292634010315e-02,1.730693131685256958e-01,2.020267955958843231e-02,-1.169642806053161621e-01,-2.240903824567794800e-01,-1.821368560194969177e-02,-3.652915358543395996e-03,7.574926316738128662e-02,6.696259975433349609e-02,1.224876493215560913e-01,-4.724926128983497620e-02,-4.566928744316101074e-02,2.706996202468872070e-01,4.786356911063194275e-02,2.804692387580871582e-01,3.714710846543312073e-02,1.337677836418151855e-01,-2.041876465082168579e-01,1.417337059974670410e-01,-2.001647800207138062e-01,-1.867462694644927979e-01,-5.474451184272766113e-02,1.895809769630432129e-01,-8.362686634063720703e-02,8.509929478168487549e-02
-5.609380081295967102e-02,-1.317453384399414062e-01,1.849881112575531006e-01,1.040335148572921753e-01,0.000000000000000000e+00,4.153628945350646973e-01,3.011761903762817383e-01,1.636753231287002563e-01,4.173677265644073486e-01,1.508905142545700073e-01,2.763059176504611969e-02,1.154016703367233276e-01,2.931396476924419403e-02,-2.847361005842685699e-02,1.424338668584823608e-01,5.235583707690238953e-02,-1.099002733826637268e-01,-2.372076921164989471e-02,-1.931154169142246246e-02,-6.726846843957901001e-02,6.636945903301239014e-02,-2.337574958801269531e-02,2.945021688938140869e-01,1.404793709516525269e-01,3.346490263938903809e-01,1.262244135141372681e-01,9.536915272474288940e-02,-7.125623524188995361e-03,-6.497396528720855713e-02,-3.738996759057044983e-02,1.666046380996704102e-01,1.626850664615631104e-01,5.736899096518754959e-03,6.256818771362304688e-02,-3.427992016077041626e-02,1.323002204298973083e-02,-1.398523449897766113e-01,-5.116627737879753113e-02,-1.156924143433570862e-01,-1.154756024479866028e-01,-1.245728805661201477e-01,-1.117583513259887695e-01,-2.326334118843078613e-01,-2.149669528007507324e-01,-1.236250177025794983e-01,-1.258599013090133667e-01,-9.599420428276062012e-02,-2.606199681758880615e-01,-1.406963467597961426e-01,-1.891606003046035767e-01,-1.039743870496749878e-01,-1.995216310024261475e-01,-2.996482141315937042e-02,-1.847500056028366089e-01,-4.792009294033050537e-02,-1.875476837158203125e-01,-1.976197510957717896e-01,-1.445774435997009277e-01,-8.597112260758876801e-03,-4.739441722631454468e-02,4.791136085987091064e-02,7.957533001899719238e-02,-1.751403957605361938e-01,-1.097708866000175476e-01,1.582554876804351807e-01,2.116883099079132080e-01,-8.211598731577396393e-03,-8.607088029384613037e-02,-8.605094254016876221e-02,-1.204304695129394531e-01,2.753845751285552979e-01,1.576231271028518677e-01,4.588048905134201050e-03,3.908635675907135010e-02,-1.382944732904434204e-02,6.275015324354171753e-02,5.835252813994884491e-03,-9.440392255783081055e-02,-8.215559273958206177e-02,-9.231752902269363403e-02,-7.991406321525573730e-02,-2.299632579088211060e-01,-1.302887499332427979e-01,-1.429352611303329468e-01,5.861133337020874023e-02,-2.113683223724365234e-01,3.251221787650138140e-04,-2.004265226423740387e-02,1.060571223497390747e-01,-1.547767072916030884e-01,1.352025866508483887e-01,-9.516362100839614868e-03,3.825596533715724945e-03,-3.907546028494834900e-02,-4.973542690277099609e-02,-7.210932672023773193e-02,-4.955123737454414368e-02,-1.477597206830978394e-01,1.289896965026855469e-01,6.728512048721313477e-02,-1.724053733050823212e-02,5.962811782956123352e-02,1.320387721061706543e-01,-1.001520315185189247e-03,5.002599954605102539e-02,1.161028221249580383e-01,-5.489169433712959290e-02,-1.307806819677352905e-01,1.320754736661911011e-01,-7.094531506299972534e-02,9.869179874658584595e-02,9.470392018556594849e-02,5.942699313163757324e-02,-4.057647287845611572e-02,-3.112068399786949158e-03,-1.561020407825708389e-02
-4.570724442601203918e-02,-6.445606052875518799e-02,2.040013670921325684e-01,2.238610237836837769e-01,4.153628945350646973e-01,0.000000000000000000e+00,2.242910116910934448e-01,2.927875518798828125e-01,2.711083889007568359e-01,4.719540774822235107e-01,-1.162771251983940601e-03,2.021623700857162476e-01,-2.398622967302799225e-02,-1.036328729242086411e-02,-4.254103079438209534e-02,1.272019296884536743e-01,-1.068430989980697632e-01,-7.095387578010559082e-02,7.207906339317560196e-03,5.640818551182746887e-02,-1.152150183916091919e-01,4.818727821111679077e-02,1.356665939092636108e-01,2.475700527429580688e-01,2.717714011669158936e-01,2.280262857675552368e-01,1.029008999466896057e-01,1.474587917327880859e-01,-9.450754523277282715e-02,-1.621262878179550171e-01,1.215715706348419189e-01,1.707935482263565063e-01,-2.386574260890483856e-02,1.502889096736907959e-01,1.365652531385421753e-01,2.125663310289382935e-01,-2.574268579483032227e-01,-1.873826533555984497e-01,-3.377671837806701660e-01,-3.162675499916076660e-01,-2.514439523220062256e-01,-2.671044468879699707e-01,-1.281948387622833252e-01,-2.199607044458389282e-01,-1.212209165096282959e-01,-1.091917753219604492e-01,9.081285446882247925e-02,-1.760518550872802734e-01,-1.400471180677413940e-01,-1.890685707330703735e-01,-5.760488659143447876e-02,-1.148099526762962341e-01,3.626608103513717651e-02,-1.434759348630905151e-01,-1.621544659137725830e-01,-1.810034215450286865e-01,-1.699892133474349976e-01,-8.184403926134109497e-02,-6.556081771850585938e-02,-6.910255551338195801e-02,1.037587597966194153e-02,7.938939332962036133e-02,3.046772629022598267e-02,1.021305471658706665e-01,-5.821515619754791260e-02,1.111526340246200562e-01,-1.053892374038696289e-01,7.379948347806930542e-02,-1.201160475611686707e-01,-1.071578934788703918e-01,2.001530379056930542e-01,3.473012149333953857e-02,7.314471900463104248e-02,1.032168418169021606e-01,-1.505279988050460815e-01,1.115212365984916687e-01,-6.882002949714660645e-02,-2.124066948890686035e-01,-1.621587723493576050e-01,-2.880371212959289551e-01,-1.880375593900680542e-01,-1.914782673120498657e-01,-1.617446392774581909e-01,-1.768714189529418945e-01,5.258582159876823425e-02,-1.727900356054306030e-01,4.174109548330307007e-03,4.925362020730972290e-02,1.056711301207542419e-01,-1.749982237815856934e-01,1.606530845165252686e-01,-1.206359490752220154e-01,5.489105731248855591e-02,-8.703226922079920769e-04,-2.295581549406051636e-01,-3.222644329071044922e-01,-1.266519427299499512e-01,-2.126121222972869873e-01,2.866522371768951416e-01,4.258849099278450012e-02,-6.710349768400192261e-02,7.024958729743957520e-02,2.324769496917724609e-01,1.655357480049133301e-01,2.773234546184539795e-01,2.881758213043212891e-01,-2.537590079009532928e-02,-3.504524379968643188e-02,-4.705950990319252014e-02,8.426511287689208984e-02,-1.801117882132530212e-02,7.158374041318893433e-02,-3.447501361370086670e-02,1.811392232775688171e-02,-7.318250089883804321e-02,6.886238604784011841e-02
3.266170620918273926e-01,8.949887752532958984e-02,6.200424432754516602e-01,2.752059102058410645e-01,3.011761903762817383e-01,2.242910116910934448e-01,0.000000000000000000e+00,3.209632933139801025e-01,3.774894475936889648e-01,1.651774644851684570e-01,3.660289645195007324e-01,1.072329133749008179e-01,4.867904186248779297e-01,1.160135399550199509e-02,4.300027713179588318e-02,-9.823996573686599731e-02,-4.614385664463043213e-01,7.604056037962436676e-03,3.121270239353179932e-01,2.308001816272735596e-01,-1.308886259794235229e-01,-5.236221849918365479e-02,3.649257421493530273e-01,2.818362712860107422e-01,1.866056770086288452e-01,8.593858778476715088e-02,1.811773627996444702e-01,-6.172633916139602661e-02,-4.170316755771636963e-01,-1.635802984237670898e-01,1.102902926504611969e-02,9.026391804218292236e-02,9.944835305213928223e-02,1.630139946937561035e-01,2.654056549072265625e-01,7.822135090827941895e-02,-3.312638103961944580e-01,-3.128937184810638428e-01,-2.199660837650299072e-01,-3.525019884109497070e-01,-1.915973573923110962e-01,-3.188219964504241943e-01,-2.620234489440917969e-01,-2.748896777629852295e-01,-4.540877044200897217e-02,-7.469901442527770996e-02,-1.253996938467025757e-01,-4.375323355197906494e-01,-2.076242566108703613e-01,-3.014913797378540039e-01,-1.879098415374755859e-01,-4.803043007850646973e-01,-3.662357479333877563e-02,-4.564225673675537109e-01,-6.501952558755874634e-02,-3.329953551292419434e-01,-6.289624609053134918e-03,2.831782773137092590e-02,1.913834959268569946e-01,-3.098388947546482086e-02,4.426173865795135498e-01,3.510154783725738525e-02,-1.941301077604293823e-01,-9.015924483537673950e-02,3.491264581680297852e-01,4.940320551395416260e-02,1.276053041219711304e-01,-8.616047911345958710e-03,2.098825871944427490e-01,3.209805116057395935e-02,3.999579548835754395e-01,1.525721400976181030e-01,1.559209823608398438e-02,1.147535294294357300e-01,9.898970834910869598e-03,9.992818534374237061e-02,1.663841903209686279e-01,-1.872403360903263092e-02,-1.298752576112747192e-01,-2.296824306249618530e-01,-3.914349898695945740e-02,-3.676857650279998779e-01,-2.780130505561828613e-01,-2.842795252799987793e-01,2.288256734609603882e-01,-5.343859791755676270e-01,1.535327546298503876e-02,-3.688284754753112793e-01,2.290147095918655396e-01,-4.819743037223815918e-01,6.100055947899818420e-02,-3.221632242202758789e-01,-7.834835350513458252e-02,-3.039806485176086426e-01,-3.159121870994567871e-01,-2.576928436756134033e-01,-8.400740474462509155e-02,-3.700541257858276367e-01,4.546603560447692871e-02,-1.003753989934921265e-01,1.057519391179084778e-01,-5.348445102572441101e-02,1.507174074649810791e-01,-1.530033946037292480e-01,2.040861248970031738e-01,5.236870795488357544e-02,-8.600652217864990234e-02,-6.389544811099767685e-03,-6.412253528833389282e-02,8.630098402500152588e-02,-1.450972408056259155e-01,2.987721189856529236e-02,4.704502597451210022e-02,5.737388506531715393e-02,-1.524499617516994476e-02,-9.646095335483551025e-02
1.299248076975345612e-02,5.519431084394454956e-02,1.863454878330230713e-01,7.154581546783447266e-01,1.636753231287002563e-01,2.927875518798828125e-01,3.209632933139801025e-01,0.000000000000000000e+00,2.457007765769958496e-01,3.447361290454864502e-01,1.210669800639152527e-01,4.643815457820892334e-01,3.285612165927886963e-01,3.526995778083801270e-01,3.080379916355013847e-03,2.308843880891799927e-01,-1.378589402884244919e-02,-1.861610859632492065e-01,2.067866176366806030e-01,2.973909974098205566e-01,-1.635420024394989014e-01,-6.702716648578643799e-02,2.887231111526489258e-01,4.418435394763946533e-01,-2.039129845798015594e-02,7.320735603570938110e-02,8.746033534407615662e-03,3.198087587952613831e-02,-3.443640191107988358e-03,-1.080462262034416199e-01,1.411889791488647461e-01,1.677520126104354858e-01,1.329311635345220566e-02,1.399346292018890381e-01,1.595762670040130615e-01,1.687752157449722290e-01,-2.310693413019180298e-01,-1.332958638668060303e-01,-1.921399086713790894e-01,-1.508399099111557007e-01,-1.307152658700942993e-01,-1.394242197275161743e-01,5.347989127039909363e-02,-5.905814934521913528e-03,-2.105795294046401978e-01,-1.505114734172821045e-01,-1.965280622243881226e-03,-1.752795279026031494e-01,-3.038028180599212646e-01,-3.262572884559631348e-01,-4.327956438064575195e-01,-1.976989358663558960e-01,-2.908571362495422363e-01,-1.381663233041763306e-01,-2.703887224197387695e-01,-8.163273334503173828e-02,-1.770379096269607544e-01,-6.340231001377105713e-02,-2.338051497936248779e-01,-1.728421300649642944e-01,5.097843706607818604e-03,4.115597009658813477e-01,2.134698927402496338e-01,3.517538309097290039e-01,2.873453497886657715e-02,3.780791759490966797e-01,-1.937821060419082642e-01,7.519751042127609253e-02,-1.293660700321197510e-01,-1.083414703607559204e-01,5.532485991716384888e-02,2.084788978099822998e-01,1.341297477483749390e-01,7.680388540029525757e-02,-1.327225267887115479e-01,8.442582935094833374e-02,-1.955631524324417114e-01,3.911274485290050507e-03,-2.035114914178848267e-01,-1.059751436114311218e-01,-2.208213210105895996e-01,-3.569056838750839233e-02,-1.705443412065505981e-01,-5.380577640607953072e-04,-1.507641226053237915e-01,4.072185605764389038e-02,-1.657022833824157715e-01,2.164656110107898712e-02,-2.729324698448181152e-01,-8.600459434092044830e-03,8.272179961204528809e-02,1.355008967220783234e-02,1.552018374204635620e-01,-8.201028406620025635e-02,-1.695988476276397705e-01,-1.940656006336212158e-01,-1.359106004238128662e-01,-8.014243096113204956e-02,1.782850176095962524e-01,1.402652356773614883e-02,1.637010872364044189e-01,-5.373749881982803345e-02,-7.679975032806396484e-02,5.617521330714225769e-02,-2.961577661335468292e-02,1.282088905572891235e-01,-8.273126929998397827e-02,-7.954208180308341980e-03,-1.585080176591873169e-01,-4.823612049221992493e-02,-2.859762012958526611e-01,-1.653343737125396729e-01,-8.362513780593872070e-02,8.667001128196716309e-02,-9.155409783124923706e-02,1.828959770500659943e-02
-7.491793483495712280e-02,-3.436783701181411743e-02,7.447935640811920166e-02,2.113013565540313721e-01,4.173677265644073486e-01,2.711083889007568359e-01,3.774894475936889648e-01,2.457007765769958496e-01,0.000000000000000000e+00,1.845998167991638184e-01,8.101475238800048828e-02,1.140058785676956177e-01,3.217717111110687256e-01,-7.770485710352659225e-03,1.004890128970146179e-01,-1.978775300085544586e-02,-1.964046619832515717e-02,-2.427030205726623535e-01,2.108216285705566406e-02,-1.717108860611915588e-02,-1.092880740761756897e-01,-2.029840350151062012e-01,3.668269515037536621e-01,1.238487660884857178e-01,2.239708602428436279e-01,2.113325297832489014e-01,3.222045302391052246e-02,2.404006011784076691e-02,-6.037884205579757690e-02,-2.284820824861526489e-01,1.622866839170455933e-01,1.262189447879791260e-01,9.752570837736129761e-02,1.011762022972106934e-01,1.475252211093902588e-01,7.101584225893020630e-02,-2.766880989074707031e-01,-7.074289023876190186e-02,-2.426423877477645874e-01,-1.928945332765579224e-01,-1.942292451858520508e-01,-2.042796611785888672e-01,1.073160395026206970e-01,-6.270285695791244507e-02,-4.498075693845748901e-02,-2.717511914670467377e-02,-1.361383944749832153e-01,-2.640749812126159668e-01,-7.472618669271469116e-02,-1.861390620470046997e-01,-1.553529649972915649e-01,-3.803486749529838562e-02,-1.524493694305419922e-01,-1.873277872800827026e-02,-2.646074593067169189e-01,-2.861596643924713135e-01,-1.815911084413528442e-01,-7.214944809675216675e-02,-9.750320017337799072e-02,5.844949744641780853e-03,7.215532660484313965e-02,2.582128345966339111e-01,1.923029497265815735e-02,-1.262065619230270386e-01,2.704999148845672607e-01,2.010701447725296021e-01,4.965604841709136963e-02,-9.580465406179428101e-02,-1.972066313028335571e-01,-1.711139380931854248e-01,1.782311350107192993e-01,2.070557624101638794e-01,8.894247561693191528e-02,1.798695512115955353e-02,8.452711999416351318e-02,2.077413350343704224e-02,-1.300134062767028809e-01,1.432300079613924026e-02,-1.755952686071395874e-01,-1.694024056196212769e-01,-1.795154958963394165e-01,-1.092858836054801941e-01,-1.687600165605545044e-01,-1.369737237691879272e-01,-1.417714804410934448e-01,-1.119905561208724976e-01,-2.029424160718917847e-01,-7.230897247791290283e-02,-1.012306511402130127e-01,-1.295484602451324463e-01,-7.106851786375045776e-02,8.335302025079727173e-02,-8.485009521245956421e-02,1.470663696527481079e-01,-2.357731610536575317e-01,-2.471985369920730591e-01,-2.919707894325256348e-01,-1.831337213516235352e-01,2.378300298005342484e-03,3.400889225304126740e-03,-2.887152135372161865e-01,2.249069977551698685e-03,-1.617353260517120361e-01,-1.160945161245763302e-03,-1.826430112123489380e-01,8.842071145772933960e-02,-2.324974536895751953e-01,-1.301559656858444214e-01,5.870953202247619629e-02,-9.407252073287963867e-02,-1.273366212844848633e-01,-1.284127235412597656e-01,-1.236774921417236328e-01,-9.769071638584136963e-02,-6.702475994825363159e-02,-1.485165208578109741e-01
-1.153570190072059631e-01,-7.421196252107620239e-02,7.852655649185180664e-02,2.222499102354049683e-01,1.508905142545700073e-01,4.719540774822235107e-01,1.651774644851684570e-01,3.447361290454864502e-01,1.845998167991638184e-01,0.000000000000000000e+00,1.440895497798919678e-01,2.213355898857116699e-01,-1.066742464900016785e-02,2.285820990800857544e-01,1.952727437019348145e-01,3.190043270587921143e-01,1.921297982335090637e-02,5.550830159336328506e-03,-1.854674704372882843e-02,2.480540983378887177e-02,7.424163818359375000e-02,8.349786698818206787e-02,1.261567622423171997e-01,2.874284982681274414e-01,3.418898284435272217e-01,4.529250562191009521e-01,7.125686109066009521e-02,1.775036156177520752e-01,-3.092254512012004852e-03,1.698372885584831238e-02,2.820426225662231445e-01,3.291019499301910400e-01,-4.062382038682699203e-03,1.582397669553756714e-01,-1.855298876762390137e-02,4.744404181838035583e-02,-1.049749925732612610e-01,-1.098349317908287048e-01,-1.456650048494338989e-01,-1.251630783081054688e-01,-2.037270814180374146e-01,-1.139143109321594238e-01,-7.614871114492416382e-02,-7.324475049972534180e-02,-1.009518131613731384e-01,-4.876369237899780273e-02,-1.365534067153930664e-01,-1.612890809774398804e-01,-2.581585645675659180e-01,-2.248818576335906982e-01,-1.386145055294036865e-01,-1.784877181053161621e-01,-4.285569116473197937e-02,-1.116285696625709534e-01,-2.176503278315067291e-02,-1.729802191257476807e-01,-1.571984440088272095e-01,-1.665700227022171021e-01,-1.582540273666381836e-01,-1.681357771158218384e-01,-1.858980581164360046e-02,1.183274164795875549e-01,1.092004477977752686e-01,1.336435079574584961e-01,-7.848746329545974731e-02,1.560657024383544922e-01,-1.325698494911193848e-01,1.301866024732589722e-01,-1.641157269477844238e-01,-1.962485313415527344e-01,1.626567691564559937e-01,1.855513006448745728e-01,2.720839977264404297e-01,1.830513775348663330e-01,-8.289108425378799438e-02,1.033342778682708740e-01,-6.840969622135162354e-02,-1.072571277618408203e-01,-1.570533029735088348e-02,-6.767899543046951294e-02,1.159510295838117599e-02,-5.536467581987380981e-02,-3.916881605982780457e-02,-3.023269586265087128e-02,3.696055337786674500e-02,-8.100340515375137329e-02,9.692083299160003662e-02,5.517935380339622498e-02,6.069310382008552551e-02,-6.935310363769531250e-02,9.557265788316726685e-02,-1.114115789532661438e-01,-4.036630690097808838e-02,-8.528541773557662964e-02,-1.460151970386505127e-01,-1.311030834913253784e-01,-2.239286452531814575e-01,-2.705844044685363770e-01,1.739408671855926514e-01,-9.428375959396362305e-02,3.755523823201656342e-03,4.177686572074890137e-02,1.008492782711982727e-01,-6.679416447877883911e-02,2.186595462262630463e-02,2.552493289113044739e-02,-1.911971122026443481e-01,-5.939848348498344421e-02,-1.060889475047588348e-02,-4.859897121787071228e-02,-1.962307840585708618e-01,1.014057546854019165e-02,1.767977699637413025e-02,-1.342467069625854492e-01,-9.480563551187515259e-02,7.811600714921951294e-02
4.528861045837402344e-01,3.417680859565734863e-01,3.514616787433624268e-01,-3.451393172144889832e-02,2.763059176504611969e-02,-1.162771251983940601e-03,3.660289645195007324e-01,1.210669800639152527e-01,8.101475238800048828e-02,1.440895497798919678e-01,0.000000000000000000e+00,2.517772316932678223e-01,4.909853339195251465e-01,2.213081419467926025e-01,1.161012351512908936e-01,-2.906870096921920776e-02,-7.995916157960891724e-02,1.663756072521209717e-01,3.229497373104095459e-01,2.322287112474441528e-01,3.618213906884193420e-02,-1.396738737821578979e-01,4.561753943562507629e-02,1.531910300254821777e-01,3.389658927917480469e-01,2.196682393550872803e-01,9.423182159662246704e-02,2.351118251681327820e-02,-1.891671419143676758e-01,-5.580630153417587280e-02,2.740226387977600098e-01,3.418435752391815186e-01,2.466248422861099243e-01,3.340956866741180420e-01,-1.480299532413482666e-01,-4.060813784599304199e-02,-1.813287287950515747e-01,-3.137486279010772705e-01,-1.226215064525604248e-01,-2.334807366132736206e-01,-2.056879997253417969e-01,-1.768473982810974121e-01,-7.696168124675750732e-02,2.312602475285530090e-02,3.468953445553779602e-02,7.656113803386688232e-02,-1.794558465480804443e-01,-2.702292203903198242e-01,-4.697460308670997620e-02,-5.166991427540779114e-02,1.579270884394645691e-02,-3.999894261360168457e-01,1.213390827178955078e-01,-4.137092828750610352e-01,1.203402355313301086e-01,-3.068309128284454346e-01,3.079697787761688232e-01,2.339827269315719604e-01,2.802422344684600830e-01,9.642583876848220825e-02,5.052327513694763184e-01,7.042896747589111328e-02,1.386168897151947021e-01,1.704025864601135254e-01,-1.497933566570281982e-01,-2.289673835039138794e-01,-1.219126284122467041e-01,4.442140460014343262e-03,2.426182329654693604e-01,1.374306678771972656e-01,1.776289343833923340e-01,9.851530939340591431e-02,7.211013138294219971e-02,1.515870839357376099e-01,-6.027742475271224976e-02,1.135870721191167831e-02,2.203531712293624878e-01,5.623218044638633728e-02,3.155576437711715698e-02,-1.421163827180862427e-01,3.105573654174804688e-01,-2.097150683403015137e-01,-5.578128620982170105e-02,-2.942271828651428223e-01,2.994752228260040283e-01,-3.902482688426971436e-01,1.084066703915596008e-01,-2.420848011970520020e-01,2.624404132366180420e-01,-3.720074594020843506e-01,-2.402965724468231201e-02,-4.227361381053924561e-01,-1.690257638692855835e-01,-4.432672858238220215e-01,-3.360044956207275391e-01,-1.218268200755119324e-01,-2.240749746561050415e-01,-4.229957461357116699e-01,1.800304055213928223e-01,-1.155535355210304260e-01,1.306854392169043422e-04,-2.348010987043380737e-01,1.535897105932235718e-01,-2.887167036533355713e-01,-8.883211761713027954e-02,-3.133291900157928467e-01,-2.542900145053863525e-01,3.736585378646850586e-02,1.602798104286193848e-01,-6.654297001659870148e-03,-4.343892913311719894e-03,2.299028187990188599e-01,1.585149168968200684e-01,-1.201705113053321838e-01,-2.238014936447143555e-01,-2.048435062170028687e-01
-4.922391101717948914e-02,-9.583170711994171143e-02,-3.851495310664176941e-02,1.792384386062622070e-01,1.154016703367233276e-01,2.021623700857162476e-01,1.072329133749008179e-01,4.643815457820892334e-01,1.140058785676956177e-01,2.213355898857116699e-01,2.517772316932678223e-01,0.000000000000000000e+00,2.929476797580718994e-01,3.939865231513977051e-01,-2.694401890039443970e-02,7.247360795736312866e-02,1.936642378568649292e-01,1.803820878267288208e-01,5.574223399162292480e-02,1.745176166296005249e-01,1.111140400171279907e-01,-1.082117259502410889e-01,1.481634080410003662e-01,1.433248966932296753e-01,1.623344570398330688e-01,5.941980518400669098e-03,-2.181269228458404541e-01,-1.384588927030563354e-01,2.540445923805236816e-01,9.992001205682754517e-02,3.133962154388427734e-01,1.811334788799285889e-01,1.114045381546020508e-01,2.162318527698516846e-01,-9.094715118408203125e-02,7.012894004583358765e-02,-5.100057274103164673e-02,2.686659246683120728e-02,-5.545266717672348022e-02,-3.600801900029182434e-02,-1.298639327287673950e-01,-6.849317345768213272e-03,2.071811258792877197e-01,2.602373063564300537e-01,-1.579931676387786865e-01,9.303561411798000336e-03,6.857691705226898193e-02,-5.518196849152445793e-04,-1.708173453807830811e-01,-2.011163830757141113e-01,-1.877439916133880615e-01,-1.101017594337463379e-01,-4.912428185343742371e-02,-6.391240749508142471e-03,-1.239164322614669800e-01,-9.350144118070602417e-02,-2.330177128314971924e-01,-1.666655689477920532e-01,-2.692009210586547852e-01,-3.061500191688537598e-01,5.928801372647285461e-02,2.315721064805984497e-01,3.536938428878784180e-01,6.059378385543823242e-01,-1.489066779613494873e-01,6.401354074478149414e-02,-4.360984265804290771e-01,-1.727260649204254150e-01,-3.578119874000549316e-01,-3.306292593479156494e-01,4.923706501722335815e-02,1.514380574226379395e-01,2.195242494344711304e-01,1.527224034070968628e-01,-7.574801146984100342e-02,2.300164997577667236e-01,-2.098644524812698364e-01,-8.316503465175628662e-02,1.448125541210174561e-01,6.492137163877487183e-02,1.329083740711212158e-01,1.825791150331497192e-01,6.279040873050689697e-02,8.358563296496868134e-03,5.490516312420368195e-03,6.653164327144622803e-02,-3.156020939350128174e-01,-8.034932613372802734e-02,-1.531198024749755859e-01,2.836618386209011078e-02,1.609383821487426758e-01,5.759067088365554810e-02,1.104839444160461426e-01,-1.019711121916770935e-01,-1.227705776691436768e-01,-6.347650289535522461e-02,-2.443454563617706299e-01,-1.080376356840133667e-01,2.746914625167846680e-01,9.652845561504364014e-03,1.143271401524543762e-01,-4.709083959460258484e-02,-1.635594367980957031e-01,-2.158480584621429443e-01,-1.859957128763198853e-01,-8.638463169336318970e-02,-1.994759142398834229e-01,-2.464529722929000854e-01,4.485297203063964844e-02,-2.767509222030639648e-01,-1.968645304441452026e-01,-8.979169651865959167e-03,-9.015857428312301636e-02,-7.532567530870437622e-02,-6.630504876375198364e-02,-1.641768962144851685e-01
3.384092152118682861e-01,2.859928905963897705e-01,3.050975799560546875e-01,2.685921490192413330e-01,2.931396476924419403e-02,-2.398622967302799225e-02,4.867904186248779297e-01,3.285612165927886963e-01,3.217717111110687256e-01,-1.066742464900016785e-02,4.909853339195251465e-01,2.929476797580718994e-01,0.000000000000000000e+00,3.203945457935333252e-01,8.490562438964843750e-02,-2.060355059802532196e-02,-1.490184813737869263e-01,-1.380880773067474365e-01,4.367266297340393066e-01,3.474188745021820068e-01,-9.413968771696090698e-02,-2.766132056713104248e-01,4.179518520832061768e-01,2.402022331953048706e-01,1.147084981203079224e-01,-6.333731114864349365e-02,1.351024955511093140e-01,-2.275127544999122620e-02,-1.244489923119544983e-01,-3.035635054111480713e-01,1.481715887784957886e-01,1.211621761322021484e-01,3.294287025928497314e-01,2.985703349113464355e-01,1.493388116359710693e-01,1.057584434747695923e-01,-4.075136184692382812e-01,-2.530282437801361084e-01,-2.815815508365631104e-01,-3.457002043724060059e-01,-2.880355417728424072e-01,-3.322607874870300293e-01,1.187339127063751221e-01,4.931646212935447693e-02,5.421885848045349121e-02,6.169252097606658936e-02,-1.048056408762931824e-01,-3.265461623668670654e-01,-5.177710205316543579e-02,-1.716366708278656006e-01,-2.107062488794326782e-01,-2.294157743453979492e-01,-2.023402154445648193e-01,-2.391342520713806152e-01,-3.244168758392333984e-01,-3.746725022792816162e-01,1.046647429466247559e-01,2.467760145664215088e-01,4.608662053942680359e-02,8.458246290683746338e-02,3.270016610622406006e-01,2.749674916267395020e-01,1.192244589328765869e-01,8.974986523389816284e-02,2.482277154922485352e-01,-6.612837780267000198e-03,-2.740732394158840179e-02,-1.182324066758155823e-01,7.277201861143112183e-02,7.184451818466186523e-02,8.169821649789810181e-02,2.271959781646728516e-01,6.881661713123321533e-02,5.200389400124549866e-02,-5.830929800868034363e-02,1.861393004655838013e-01,-4.090616013854742050e-03,1.138733476400375366e-01,-1.538846045732498169e-01,-1.856558918952941895e-01,-3.827743977308273315e-02,-9.090951085090637207e-02,-2.182076275348663330e-01,-2.310019433498382568e-01,8.057481795549392700e-02,-1.989576518535614014e-01,-1.586796194314956665e-01,-1.780794560909271240e-01,-1.621060222387313843e-01,-2.781703174114227295e-01,-1.576163917779922485e-01,-1.036836653947830200e-01,-1.493309531360864639e-02,-1.382781416177749634e-01,-4.245208203792572021e-01,-3.346372246742248535e-01,-2.918644249439239502e-01,-2.522089481353759766e-01,4.404375329613685608e-02,1.132687740027904510e-02,-1.907300390303134918e-02,-1.148164644837379456e-01,-1.540599465370178223e-01,-1.857117563486099243e-01,-1.600015014410018921e-01,-1.708205603063106537e-02,-2.057900726795196533e-01,-2.246187627315521240e-02,4.334490373730659485e-02,9.846553206443786621e-03,-1.985909193754196167e-01,-4.581145197153091431e-02,-1.669261902570724487e-01,9.117212146520614624e-02,-8.351191133260726929e-02,-2.803654074668884277e-01
