0.000000000000000000e+00,3.053951561450958252e-01,3.262266516685485840e-01,-9.806576371192932129e-02,-9.030539542436599731e-02,-7.277747243642807007e-02,4.013617038726806641e-01,-1.113294586539268494e-01,1.641335934400558472e-01,-1.050582677125930786e-01,3.374668061733245850e-01,-1.252933889627456665e-01,3.860956728458404541e-01,-1.761334538459777832e-01,1.654632538557052612e-01,-1.557110548019409180e-01,5.512974038720130920e-02,-2.047669589519500732e-01,5.417104363441467285e-01,2.819925844669342041e-01,6.619239598512649536e-02,-2.965458435937762260e-03,2.494190931320190430e-01,-2.266476005315780640e-01,4.951024428009986877e-03,-1.447376310825347900e-01,1.196082308888435364e-01,9.973023831844329834e-02,1.578223705291748047e-01,2.982033975422382355e-02,-9.411148726940155029e-02,-1.173966005444526672e-01,1.435800492763519287e-01,2.891365252435207367e-02,1.775743216276168823e-01,8.041203022003173828e-02,-2.083124369382858276e-01,-1.111606657505035400e-01,-1.462626308202743530e-01,-1.581508666276931763e-01,-3.007923662662506104e-01,-8.715700358152389526e-02,-1.052391901612281799e-01,-3.590120077133178711e-01,-3.517931103706359863e-01,-4.286856353282928467e-01,-6.956229358911514282e-02,-6.397598981857299805e-02,-3.196853995323181152e-01,-2.523915469646453857e-01,-3.310869336128234863e-01,-1.897567063570022583e-01,-8.987624943256378174e-02,-9.771426022052764893e-02,1.032701879739761353e-01,-2.958123683929443359e-01,4.261693656444549561e-01,2.708071470260620117e-01,6.319746375083923340e-02,3.334014909341931343e-03,2.166495174169540405e-01,-2.005367428064346313e-01,-6.797898560762405396e-02,-2.335022240877151489e-01,3.822038695216178894e-02,-3.297506272792816162e-01,-7.389115635305643082e-04,-2.523485422134399414e-01,3.710225522518157959e-01,3.260345160961151123e-01,-9.886738657951354980e-02,-5.087997019290924072e-02,-5.086515471339225769e-02,-1.732789129018783569e-01,-2.029410004615783691e-02,-1.287031769752502441e-01,5.315395817160606384e-02,8.091887086629867554e-02,-1.860359609127044678e-01,-6.478475034236907959e-02,-1.843294650316238403e-01,-3.198456764221191406e-01,-2.491671144962310791e-01,-2.676852643489837646e-01,-1.519637107849121094e-01,-4.038268327713012695e-01,-1.675726473331451416e-02,-1.376761049032211304e-01,-7.634668797254562378e-02,-2.793634533882141113e-01,-1.042597293853759766e-01,-1.620102487504482269e-02,-6.710379570722579956e-02,7.894489169120788574e-02,-1.078387349843978882e-01,-9.422162547707557678e-03,2.343367636203765869e-01,-1.808460503816604614e-01,8.611030876636505127e-02,-3.301040455698966980e-02,6.462087482213973999e-02,9.237240999937057495e-02,2.134065143764019012e-02,1.444637868553400040e-02,-9.545230120420455933e-02,-4.776693414896726608e-03,1.969600617885589600e-01,8.946229517459869385e-02,-5.081731453537940979e-02,-1.137419417500495911e-01,8.731199055910110474e-02,-4.138801246881484985e-02,-5.581863806582987309e-04,-1.456005126237869263e-01,6.378468871116638184e-02,7.017130404710769653e-02
3.053951561450958252e-01,0.000000000000000000e+00,2.046822756528854370e-01,1.796868443489074707e-01,-3.552072122693061829e-02,-7.300533354282379150e-02,2.978190034627914429e-02,8.388622105121612549e-02,-1.135182231664657593e-01,-6.036719679832458496e-02,4.446363076567649841e-03,9.296005964279174805e-02,7.491771876811981201e-02,1.596196740865707397e-02,-1.393263787031173706e-01,5.164950154721736908e-03,4.292764067649841309e-01,2.647055685520172119e-01,3.625192642211914062e-01,5.882192254066467285e-01,9.139230847358703613e-02,1.945711113512516022e-02,-1.052350774407386780e-01,-1.045832261443138123e-01,-1.074201390147209167e-01,-6.908581405878067017e-02,-7.664812728762626648e-03,-8.463411033153533936e-02,3.016519546508789062e-01,2.511546313762664795e-01,3.072340786457061768e-02,-2.466436475515365601e-02,2.230232357978820801e-01,2.711001038551330566e-01,-1.473457217216491699e-01,-1.592947393655776978e-01,-1.091944351792335510e-01,-8.947433531284332275e-02,-1.252499073743820190e-01,-8.349104970693588257e-02,-1.374637633562088013e-01,5.864280089735984802e-02,-7.459633052349090576e-02,3.863048553466796875e-02,-2.116925865411758423e-01,-1.382843106985092163e-01,2.014017477631568909e-02,4.389572143554687500e-02,-8.835139870643615723e-02,-6.104058027267456055e-02,-2.045190185308456421e-01,-1.280988659709692001e-02,-3.118654787540435791e-01,-2.486399859189987183e-01,-2.086529284715652466e-01,-1.886465102434158325e-01,3.297099471092224121e-01,6.617518067359924316e-01,5.143634043633937836e-03,2.130719125270843506e-01,-2.367333471775054932e-01,-1.122795268893241882e-01,1.915280520915985107e-01,1.827183514833450317e-01,-1.939822882413864136e-01,-2.217657715082168579e-01,-2.567060589790344238e-01,-9.515734761953353882e-02,3.553507030010223389e-01,3.108002245426177979e-01,7.230967283248901367e-02,7.048291712999343872e-02,-3.306084871292114258e-02,-1.601268304511904716e-03,1.491145417094230652e-02,-2.024921774864196777e-02,1.260091811418533325e-01,1.800632327795028687e-01,-5.269475281238555908e-02,4.535904154181480408e-02,-1.382009405642747879e-02,-3.158127889037132263e-02,-7.657413184642791748e-02,-4.487827792763710022e-02,-2.268405854701995850e-01,-1.464255601167678833e-01,2.643647044897079468e-02,-2.282466143369674683e-01,-3.308987319469451904e-01,-2.370822727680206299e-01,-1.226117163896560669e-01,-1.908250898122787476e-01,-1.959337592124938965e-01,-1.810612082481384277e-01,-2.937830798327922821e-02,5.075472593307495117e-02,1.234820559620857239e-01,3.084382601082324982e-02,2.600092291831970215e-01,8.235047757625579834e-02,9.272148460149765015e-02,-2.361817806959152222e-01,1.210071668028831482e-01,-2.070893943309783936e-01,-1.023497208952903748e-01,-6.302840262651443481e-02,-3.582292422652244568e-02,-2.038620412349700928e-01,4.113592207431793213e-02,-3.968855738639831543e-02,6.442490220069885254e-02,-1.122903358191251755e-02,-8.246621489524841309e-02,-7.776376605033874512e-02,6.495706737041473389e-02,8.832915127277374268e-02
3.262266516685485840e-01,2.046822756528854370e-01,0.000000000000000000e+00,4.840824902057647705e-01,3.895646631717681885e-01,3.341860473155975342e-01,5.784931182861328125e-01,1.898778975009918213e-01,1.359843611717224121e-01,6.001532450318336487e-02,-1.651832275092601776e-02,-1.527335494756698608e-02,1.838195025920867920e-01,6.610961258411407471e-02,2.186057567596435547e-01,6.775723397731781006e-02,4.852299764752388000e-02,-2.132108211517333984e-01,2.799597382545471191e-01,3.369292318820953369e-01,1.879602968692779541e-01,1.644051522016525269e-01,3.344846367835998535e-01,2.206688374280929565e-01,3.412744402885437012e-01,2.048363089561462402e-01,2.151188850402832031e-01,2.792282104492187500e-01,7.445303350687026978e-02,5.966691672801971436e-02,1.903883069753646851e-01,3.394956886768341064e-02,2.437905520200729370e-01,3.978009149432182312e-02,3.096332252025604248e-01,2.509794235229492188e-01,-4.748130962252616882e-02,-2.849004231393337250e-02,1.380483247339725494e-02,2.105285227298736572e-02,-7.517374306917190552e-02,1.213511899113655090e-01,-1.058923378586769104e-01,-1.561442017555236816e-01,-1.750469505786895752e-01,-2.868971526622772217e-01,1.033971235156059265e-01,-1.188395451754331589e-02,-1.904021352529525757e-01,-2.427964657545089722e-01,-2.328470498323440552e-01,-2.189032882452011108e-01,-1.574994325637817383e-01,-2.359839379787445068e-01,-1.636837720870971680e-01,-3.152361810207366943e-01,-5.254656821489334106e-02,4.405412077903747559e-02,-1.784857809543609619e-01,-1.535590887069702148e-01,-5.564489588141441345e-02,-1.017230376601219177e-01,-1.126279532909393311e-01,-1.555521786212921143e-01,6.336703896522521973e-02,-1.515672355890274048e-01,-5.112859653308987617e-04,-7.427349686622619629e-02,1.120937988162040710e-02,4.916889965534210205e-02,2.946208119392395020e-01,1.728656291961669922e-01,-5.130906775593757629e-02,-1.107229143381118774e-01,6.798539310693740845e-02,-8.238134533166885376e-02,3.633572459220886230e-01,3.453042209148406982e-01,-2.982116863131523132e-02,1.757451146841049194e-01,-1.887983828783035278e-01,-9.612184017896652222e-02,-2.968559563159942627e-01,-9.643818438053131104e-02,-1.425199657678604126e-01,9.379674494266510010e-02,1.628217101097106934e-01,3.082017228007316589e-02,1.688132621347904205e-02,-2.134298086166381836e-01,-9.584365040063858032e-02,6.331593543291091919e-02,-1.115794330835342407e-01,-1.061900984495878220e-02,1.051691323518753052e-01,1.847373694181442261e-01,1.683667153120040894e-01,-1.693766713142395020e-01,-1.209460124373435974e-01,-1.117110997438430786e-01,-2.693732380867004395e-01,4.610581323504447937e-02,-2.871136367321014404e-01,-1.549919694662094116e-01,-1.531631350517272949e-01,1.090178079903125763e-02,6.768193840980529785e-02,-2.117629945278167725e-01,-1.154938563704490662e-01,-2.055101245641708374e-01,-1.908341348171234131e-01,7.682987023144960403e-03,-3.486006706953048706e-02,-1.339762806892395020e-01,5.462647229433059692e-02,7.076248526573181152e-03
-9.806576371192932129e-02,1.796868443489074707e-01,4.840824902057647705e-01,0.000000000000000000e+00,3.059236109256744385e-01,2.188216298818588257e-01,3.136169612407684326e-01,6.133186817169189453e-01,-4.878624901175498962e-02,1.421115547418594360e-01,-2.110988795757293701e-01,2.877351641654968262e-01,-1.273583471775054932e-01,3.413025140762329102e-01,-5.025007203221321106e-02,2.149626463651657104e-01,6.550920754671096802e-02,-1.929794810712337494e-02,-3.729376196861267090e-02,2.496304363012313843e-01,1.065359488129615784e-01,1.199546083807945251e-01,2.332870662212371826e-01,5.204362273216247559e-01,1.212560385465621948e-01,3.074642121791839600e-01,-3.719411045312881470e-02,1.118733137845993042e-01,8.343745768070220947e-02,1.664500087499618530e-01,2.655607163906097412e-01,1.434061676263809204e-01,1.434834450483322144e-01,8.498200029134750366e-02,-8.384408429265022278e-03,2.535014785826206207e-02,2.947781234979629517e-02,9.910228662192821503e-03,-2.524027228355407715e-02,3.171862289309501648e-02,1.828094944357872009e-02,2.090460509061813354e-01,-2.442360520362854004e-01,-6.398127879947423935e-03,-8.791507035493850708e-02,-6.734749674797058105e-02,4.073527455329895020e-02,-9.679251164197921753e-02,3.050562366843223572e-02,-4.807556048035621643e-02,1.840541884303092957e-02,2.835486084222793579e-02,-1.400453150272369385e-01,-3.024637401103973389e-01,-3.076145946979522705e-01,-1.954197734594345093e-01,-1.446000784635543823e-01,2.199059166014194489e-02,-1.853025704622268677e-01,-6.790668237954378128e-03,-2.090221643447875977e-01,2.513242959976196289e-01,1.343554854393005371e-01,2.427247613668441772e-01,-6.726167351007461548e-02,2.594290375709533691e-01,-1.111737117171287537e-01,8.230691403150558472e-02,-1.837338209152221680e-01,-9.717338532209396362e-02,4.117492437362670898e-01,1.975451260805130005e-01,4.356854781508445740e-02,3.707099333405494690e-02,4.218677058815956116e-02,5.454403907060623169e-02,3.569211363792419434e-01,3.849114775657653809e-01,6.601414084434509277e-02,1.200467273592948914e-01,1.042667590081691742e-02,1.666736006736755371e-01,-1.410968452692031860e-01,9.893771260976791382e-02,-6.103710457682609558e-02,3.698462545871734619e-01,-2.281797491014003754e-02,9.105674922466278076e-03,-7.399243116378784180e-02,-1.035262122750282288e-01,-1.065179929137229919e-01,-2.140250802040100098e-02,-7.645016163587570190e-02,-2.265335768461227417e-01,3.238284587860107422e-02,9.414166957139968872e-02,-2.825433947145938873e-02,-1.143851429224014282e-01,-1.568847000598907471e-01,-3.471264243125915527e-02,-1.675074547529220581e-01,-1.851019114255905151e-01,-3.056834936141967773e-01,-2.477921545505523682e-01,-9.210455417633056641e-02,-5.610211938619613647e-02,-3.280738741159439087e-02,-2.643196284770965576e-01,-1.938797384500503540e-01,-1.700355261564254761e-01,-2.677197158336639404e-01,-4.886158183217048645e-02,-1.296222656965255737e-01,-1.445870250463485718e-01,1.551308296620845795e-02,-1.181048005819320679e-01
-9.030539542436599731e-02,-3.552072122693061829e-02,3.895646631717681885e-01,3.059236109256744385e-01,0.000000000000000000e+00,5.308459401130676270e-01,2.231332510709762573e-01,2.135790139436721802e-01,3.251279294490814209e-01,4.125026464462280273e-01,6.095513701438903809e-02,2.685055732727050781e-01,9.838053584098815918e-02,3.000609576702117920e-01,4.172051548957824707e-01,3.891745507717132568e-01,-1.290083974599838257e-01,-3.593454137444496155e-02,-8.372171223163604736e-02,-8.457809686660766602e-02,1.098431199789047241e-01,-5.506667867302894592e-02,2.125250548124313354e-01,1.920887082815170288e-01,3.923463821411132812e-01,4.276607632637023926e-01,2.363485097885131836e-01,3.507473170757293701e-01,-3.318812698125839233e-02,-8.963076025247573853e-02,3.032954335212707520e-01,1.484995633363723755e-01,1.562611162662506104e-01,1.558742765337228775e-02,1.702927649021148682e-01,2.034989595413208008e-01,-1.318135708570480347e-01,-1.114667207002639771e-01,-8.668456226587295532e-02,-1.281230598688125610e-01,-6.885325908660888672e-02,-1.637009717524051666e-02,-8.073057979345321655e-02,-4.246253892779350281e-02,3.578688716515898705e-03,1.040264368057250977e-01,-1.501777917146682739e-01,-1.164202764630317688e-01,4.247253015637397766e-02,2.841399610042572021e-02,-8.678129315376281738e-02,-5.869716033339500427e-02,-1.484643369913101196e-01,-2.074940949678421021e-01,-2.950213849544525146e-01,-1.213492527604103088e-01,-3.132673799991607666e-01,-1.130832806229591370e-01,-1.743161827325820923e-01,3.877578419633209705e-04,3.716578707098960876e-02,2.560190856456756592e-01,9.726285189390182495e-02,1.361405998468399048e-01,6.202111765742301941e-02,1.097841411828994751e-01,3.723650239408016205e-03,1.040549799799919128e-01,-2.493248134851455688e-01,-1.057685390114784241e-01,1.876481920480728149e-01,1.568353921175003052e-01,-1.010382771492004395e-01,-8.272892236709594727e-02,-3.155645728111267090e-02,-4.205833375453948975e-02,9.682675823569297791e-03,1.083248555660247803e-01,2.204195559024810791e-01,3.789066970348358154e-01,-1.077017858624458313e-01,-2.357337065041065216e-02,-1.595524102449417114e-01,-1.779697835445404053e-01,-2.542620897293090820e-02,1.928510516881942749e-01,1.195314377546310425e-01,7.124454528093338013e-02,1.501625478267669678e-01,-1.283707097172737122e-02,1.750269345939159393e-02,1.979403346776962280e-01,5.405372753739356995e-02,7.850761711597442627e-02,-1.478883922100067139e-01,-9.668326377868652344e-02,-8.504980802536010742e-02,-9.553527832031250000e-02,-2.108767032623291016e-01,-1.130281165242195129e-01,-2.530056536197662354e-01,6.684977561235427856e-02,-1.583122909069061279e-01,-1.012796349823474884e-02,1.322813630104064941e-01,2.110457718372344971e-01,8.755825459957122803e-02,-1.439843978732824326e-02,-1.769524812698364258e-01,-2.919868230819702148e-01,-2.046664953231811523e-01,6.901086866855621338e-02,1.038678884506225586e-01,-6.630590558052062988e-02,1.429585665464401245e-01,-8.567988127470016479e-02
-7.277747243642807007e-02,-7.300533354282379150e-02,3.341860473155975342e-01,2.188216298818588257e-01,5.308459401130676270e-01,0.000000000000000000e+00,9.975098073482513428e-02,9.757581353187561035e-02,2.957129776477813721e-01,5.050322413444519043e-01,-1.377941481769084930e-02,8.215355873107910156e-02,-1.101476326584815979e-02,2.471182346343994141e-01,1.770393997430801392e-01,3.992285430431365967e-01,-1.559522598981857300e-01,-1.515310555696487427e-01,-7.655664533376693726e-02,-1.147724688053131104e-01,4.434497654438018799e-02,8.558873087167739868e-02,7.677517365664243698e-03,1.595837473869323730e-01,2.923353314399719238e-01,4.668986499309539795e-01,3.325107395648956299e-01,5.601418614387512207e-01,-5.184846464544534683e-03,2.615237049758434296e-02,2.445203363895416260e-01,1.536313295364379883e-01,1.773613840341567993e-01,1.034974679350852966e-01,1.699431389570236206e-01,2.614668905735015869e-01,-2.866857945919036865e-01,-9.741544723510742188e-02,-1.426628530025482178e-01,-5.597303435206413269e-02,-2.034259140491485596e-01,-7.781592011451721191e-02,-1.258821934461593628e-01,-1.103193983435630798e-01,-4.906090348958969116e-02,1.319631095975637436e-02,-1.264707744121551514e-01,-6.140097975730895996e-02,6.917499005794525146e-02,-8.694047480821609497e-02,-1.696411073207855225e-01,-2.744760811328887939e-01,-2.179188877344131470e-01,-2.235095798969268799e-01,-2.684699892997741699e-01,-2.761939354240894318e-02,-1.210507676005363464e-01,-4.560075700283050537e-02,-2.200679183006286621e-01,-6.449174880981445312e-02,-1.784427277743816376e-02,1.274780035018920898e-01,-1.428823452442884445e-02,7.414921373128890991e-02,-8.098237216472625732e-02,5.825436487793922424e-02,2.441854774951934814e-02,1.215705201029777527e-01,-1.365375667810440063e-01,5.732187069952487946e-03,1.158585026860237122e-01,1.072179898619651794e-01,-1.447529643774032593e-01,-1.942709982395172119e-01,-1.017503589391708374e-01,-6.826858967542648315e-02,1.530047319829463959e-02,1.537981480360031128e-01,8.034972101449966431e-02,3.011361360549926758e-01,-1.730750054121017456e-01,-1.032475456595420837e-01,-3.880530893802642822e-01,-3.702576458454132080e-01,-1.757707297801971436e-01,1.107831820845603943e-01,7.425356656312942505e-02,1.360132992267608643e-01,4.308260232210159302e-02,-6.243468262255191803e-03,1.365867406129837036e-01,1.689089685678482056e-01,2.576294541358947754e-01,1.947632431983947754e-01,-1.111752688884735107e-01,9.977555833756923676e-03,-2.481954579707235098e-04,-3.635780513286590576e-02,-1.116328313946723938e-01,-7.456759363412857056e-02,-1.737841814756393433e-01,1.901717185974121094e-01,-2.051928341388702393e-01,6.039822101593017578e-02,5.445367470383644104e-02,1.844017803668975830e-01,1.346773803234100342e-01,-9.299161285161972046e-02,-1.672321856021881104e-01,-2.088688611984252930e-01,-2.506648190319538116e-02,5.503986775875091553e-02,1.229566559195518494e-01,-3.237381577491760254e-02,6.242182478308677673e-02,-9.499795734882354736e-02
4.013617038726806641e-01,2.978190034627914429e-02,5.784931182861328125e-01,3.136169612407684326e-01,2.231332510709762573e-01,9.975098073482513428e-02,0.000000000000000000e+00,2.273699343204498291e-01,2.696009278297424316e-01,-5.335124209523200989e-02,2.787659466266632080e-01,1.571032591164112091e-02,4.126889705657958984e-01,4.547342658042907715e-02,2.735025584697723389e-01,-5.093250051140785217e-02,-1.381135135889053345e-01,-3.637217283248901367e-01,2.823279798030853271e-01,9.467384964227676392e-02,8.534678071737289429e-02,1.502965670078992844e-02,4.818014502525329590e-01,8.392836153507232666e-02,2.545939087867736816e-01,8.429965376853942871e-02,5.601553246378898621e-02,1.379330158233642578e-01,1.602754741907119751e-01,-4.103428497910499573e-02,9.948042780160903931e-02,5.997373256832361221e-03,1.387768536806106567e-01,-3.635993227362632751e-02,3.442119657993316650e-01,2.669478952884674072e-01,-1.711605787277221680e-01,-1.238776147365570068e-01,-1.151046454906463623e-01,-9.495990723371505737e-02,-1.820964366197586060e-01,1.147797331213951111e-02,-7.217928767204284668e-02,-2.302206903696060181e-01,-1.939848363399505615e-01,-3.019052147865295410e-01,-2.680798433721065521e-02,-1.276011615991592407e-01,-2.648465931415557861e-01,-1.978412419557571411e-01,-2.452461868524551392e-01,-1.895482391119003296e-01,-9.000588208436965942e-02,-1.650523096323013306e-01,-2.587445452809333801e-02,-3.836999535560607910e-01,-7.337415218353271484e-02,-6.568071246147155762e-02,-4.323459044098854065e-02,-2.000728994607925415e-01,3.019019663333892822e-01,-1.906440779566764832e-02,-1.214011609554290771e-01,-1.820510923862457275e-01,2.032456696033477783e-01,-1.272924840450286865e-01,1.610638797283172607e-01,-5.048178508877754211e-02,-1.269417554140090942e-01,-7.539821416139602661e-02,2.197907865047454834e-01,1.748719066381454468e-01,3.919442370533943176e-02,-8.449072390794754028e-02,2.951925620436668396e-02,2.764768898487091064e-02,2.210995554924011230e-01,2.359506338834762573e-01,-9.604165703058242798e-02,4.032628238201141357e-02,-2.380830049514770508e-01,-2.124538719654083252e-01,-2.675309181213378906e-01,-1.709852516651153564e-01,-1.075817272067070007e-01,-8.332323282957077026e-02,-3.679516911506652832e-02,-6.227886676788330078e-02,1.772025227546691895e-02,-2.577041387557983398e-01,-1.388183236122131348e-01,1.413549855351448059e-02,-1.233770027756690979e-01,-3.424984961748123169e-02,-1.871705800294876099e-02,4.169951006770133972e-02,1.442863494157791138e-01,-2.347907572984695435e-01,-2.049131840467453003e-01,-1.770230084657669067e-01,-1.646755486726760864e-01,1.205590069293975830e-01,-2.110214531421661377e-01,-6.754198670387268066e-02,-1.003653705120086670e-01,2.248195745050907135e-02,1.969291567802429199e-01,4.560483992099761963e-02,-7.549007982015609741e-02,-2.086835950613021851e-01,-9.757885336875915527e-02,-1.047383844852447510e-01,-7.640320062637329102e-02,-1.534975916147232056e-01,4.524132981896400452e-02,-3.087664209306240082e-02
-1.113294586539268494e-01,8.388622105121612549e-02,1.898778975009918213e-01,6.133186817169189453e-01,2.135790139436721802e-01,9.757581353187561035e-02,2.273699343204498291e-01,0.000000000000000000e+00,-3.394007682800292969e-02,2.228639423847198486e-01,-1.683492958545684814e-02,4.447137415409088135e-01,-2.858581580221652985e-02,4.985962212085723877e-01,-5.249267909675836563e-03,3.477177321910858154e-01,-1.204089522361755371e-01,-1.053712889552116394e-01,-2.016426250338554382e-02,1.073231026530265808e-01,-9.112952649593353271e-02,-5.150166898965835571e-02,1.964922398328781128e-01,3.943006992340087891e-01,-5.686994642019271851e-02,2.071060985326766968e-01,-2.972185909748077393e-01,-5.560793727636337280e-02,6.416138261556625366e-02,1.658679991960525513e-01,2.605365216732025146e-01,1.572356671094894409e-01,1.319003701210021973e-01,1.584459096193313599e-01,-1.675694286823272705e-01,-2.349973097443580627e-02,-1.183110773563385010e-01,-9.463445842266082764e-02,-1.838744431734085083e-01,-1.218466386198997498e-01,-1.248240768909454346e-01,6.900475919246673584e-02,-3.059396743774414062e-01,-1.014105379581451416e-01,-2.361757159233093262e-01,-4.015543311834335327e-02,-1.071035861968994141e-01,-1.282761245965957642e-01,1.827355660498142242e-02,1.003893464803695679e-01,1.342758983373641968e-01,1.062146946787834167e-01,-4.486081749200820923e-02,-1.537036299705505371e-01,-2.641538381576538086e-01,-9.747163951396942139e-02,-1.852182596921920776e-01,-1.500101238489151001e-01,-5.150024220347404480e-02,1.782313734292984009e-01,-8.664967492222785950e-03,5.545966625213623047e-01,2.228355258703231812e-01,4.272421896457672119e-01,-2.099778801202774048e-01,3.846379220485687256e-01,-2.944701015949249268e-01,3.426172211766242981e-02,-2.474574595689773560e-01,-2.089289575815200806e-01,2.280506342649459839e-01,1.782922595739364624e-01,-8.628636598587036133e-03,-1.610393077135086060e-02,-4.959896672517061234e-03,7.776214182376861572e-02,1.539151072502136230e-01,2.211826592683792114e-01,-5.515285581350326538e-02,7.740305364131927490e-02,-4.423187300562858582e-02,9.627232700586318970e-02,-1.656671911478042603e-01,-1.538360666017979383e-04,-1.793815344572067261e-01,2.058821320533752441e-01,-3.056011497974395752e-01,-1.590466350317001343e-01,-1.274807155132293701e-01,2.592692384496331215e-03,2.847793698310852051e-02,4.969822987914085388e-02,-2.735366858541965485e-02,-2.935736477375030518e-01,-1.356701701879501343e-01,-4.874658584594726562e-02,-6.389805674552917480e-02,-8.371060341596603394e-02,-1.097115874290466309e-01,8.417568355798721313e-02,2.106762491166591644e-02,-1.725806742906570435e-01,-2.399595081806182861e-01,-1.782683283090591431e-01,-6.377223134040832520e-02,-6.712190806865692139e-02,4.829336330294609070e-02,-1.301971226930618286e-01,-1.685997098684310913e-01,-2.375476807355880737e-01,-3.042302727699279785e-01,-8.568955212831497192e-02,1.228414382785558701e-02,-1.912171691656112671e-01,-5.626300349831581116e-02,-1.519982516765594482e-01
1.641335934400558472e-01,-1.135182231664657593e-01,1.359843611717224121e-01,-4.878624901175498962e-02,3.251279294490814209e-01,2.957129776477813721e-01,2.696009278297424316e-01,-3.394007682800292969e-02,0.000000000000000000e+00,4.061082899570465088e-01,3.375325500965118408e-01,1.835382133722305298e-01,4.229595661163330078e-01,1.956970095634460449e-01,4.043594598770141602e-01,2.084643989801406860e-01,-2.588052451610565186e-01,-7.884256541728973389e-02,-1.854158192873001099e-02,-1.765616536140441895e-01,-9.490669518709182739e-02,-1.171742528676986694e-01,1.952018439769744873e-01,-4.547778144478797913e-02,1.715222001075744629e-01,2.035769522190093994e-01,2.579181492328643799e-01,3.284847140312194824e-01,-1.688625104725360870e-02,-1.227356567978858948e-01,5.095486342906951904e-02,1.219346597790718079e-01,-1.222821138799190521e-02,-5.946476012468338013e-02,1.596104204654693604e-01,1.096736565232276917e-01,-3.175820410251617432e-01,-1.381613761186599731e-01,-2.035045027732849121e-01,-2.238403856754302979e-01,-2.224797159433364868e-01,-2.359490841627120972e-01,-2.098258212208747864e-02,-1.771563440561294556e-01,3.858990222215652466e-02,1.900767907500267029e-02,-3.349946439266204834e-01,-3.139696717262268066e-01,7.531595975160598755e-02,4.221493750810623169e-02,-1.658724844455718994e-01,-7.389272004365921021e-02,-2.513962984085083008e-01,-2.512934207916259766e-01,-9.367037564516067505e-02,-1.610902696847915649e-01,-6.448994576930999756e-02,-1.064097788184881210e-02,-4.761060699820518494e-02,-1.043691337108612061e-01,3.921218812465667725e-01,9.255367517471313477e-02,-1.909018494188785553e-02,-7.410508394241333008e-02,1.903751939535140991e-01,-2.415467984974384308e-02,1.032813414931297302e-01,-1.266450583934783936e-01,-1.617456786334514618e-02,2.721558324992656708e-03,8.492499589920043945e-03,1.810429543256759644e-01,-3.462940081954002380e-02,-2.435131184756755829e-02,-6.895741820335388184e-02,-7.350936532020568848e-02,-2.262774556875228882e-01,-6.701146811246871948e-02,1.133173145353794098e-02,1.170175075531005859e-01,-1.222150474786758423e-01,-6.312706321477890015e-02,-7.391962409019470215e-02,-3.005733191967010498e-01,3.084678761661052704e-02,-1.821964830160140991e-01,7.092811167240142822e-02,3.618473559617996216e-02,1.239305734634399414e-02,-1.910187453031539917e-01,-7.836459577083587646e-02,1.690433621406555176e-01,3.360707685351371765e-02,2.968742549419403076e-01,-2.698471546173095703e-01,-2.605266571044921875e-01,-2.728182636201381683e-02,-4.900731146335601807e-02,-2.653802372515201569e-02,-1.792780868709087372e-02,-1.232108697295188904e-01,2.719523310661315918e-01,-5.614196881651878357e-02,1.445001214742660522e-01,2.299926728010177612e-01,3.138324916362762451e-01,2.507435679435729980e-01,2.207991182804107666e-01,-5.326151382178068161e-03,-1.036895588040351868e-01,1.368138045072555542e-01,1.754864118993282318e-02,7.569263130426406860e-02,2.408153004944324493e-02,9.158663451671600342e-02,-5.525690317153930664e-02
-1.050582677125930786e-01,-6.036719679832458496e-02,6.001532450318336487e-02,1.421115547418594360e-01,4.125026464462280273e-01,5.050322413444519043e-01,-5.335124209523200989e-02,2.228639423847198486e-01,4.061082899570465088e-01,0.000000000000000000e+00,6.201814487576484680e-02,2.600080966949462891e-01,7.065799087285995483e-02,3.580974340438842773e-01,2.514670193195343018e-01,4.978877902030944824e-01,-2.549880445003509521e-01,-1.441624611616134644e-01,-1.231815740466117859e-01,-1.408685445785522461e-01,-1.259960979223251343e-01,-5.156194418668746948e-02,1.185801252722740173e-02,1.202910766005516052e-01,1.117008775472640991e-01,3.256613910198211670e-01,1.712748110294342041e-01,4.200039207935333252e-01,-9.116131067276000977e-02,-8.768133819103240967e-02,9.655490517616271973e-02,9.295534342527389526e-02,-2.083904482424259186e-02,7.296723779290914536e-03,1.128175575286149979e-02,9.733283519744873047e-02,-2.922126948833465576e-01,-1.692694276571273804e-01,-2.099494338035583496e-01,-2.134259194135665894e-01,-2.265587300062179565e-01,-2.182919681072235107e-01,-2.157324999570846558e-01,-1.969417631626129150e-01,-4.055349528789520264e-02,2.695223316550254822e-02,-4.002680182456970215e-01,-3.302227854728698730e-01,1.607877463102340698e-01,-3.414644673466682434e-02,-9.342106431722640991e-02,-1.176191419363021851e-01,-3.430823981761932373e-01,-3.393317461013793945e-01,-2.017122507095336914e-01,-7.165139168500900269e-02,-1.597218364477157593e-01,-4.175465181469917297e-02,-1.274587661027908325e-01,-2.795969694852828979e-02,1.304752230644226074e-01,3.421114087104797363e-01,3.556090220808982849e-02,1.618721187114715576e-01,-2.201789431273937225e-02,2.626172304153442383e-01,-3.750305995345115662e-02,-6.145692896097898483e-03,-8.844020962715148926e-02,-7.714118063449859619e-02,2.125095948576927185e-02,1.672411262989044189e-01,-7.049089670181274414e-02,-3.707272559404373169e-02,-1.602600961923599243e-01,-8.061168715357780457e-03,-1.689582914113998413e-01,8.664985746145248413e-02,-6.879683583974838257e-03,2.012486606836318970e-01,-1.686908900737762451e-01,-2.616015449166297913e-02,-1.863171309232711792e-01,-3.512770235538482666e-01,-5.117876082658767700e-02,3.473376482725143433e-02,-1.755790226161479950e-02,1.265277527272701263e-02,-6.940030306577682495e-02,-7.482512295246124268e-02,-1.110516209155321121e-02,2.126382142305374146e-01,2.811449170112609863e-01,2.903339266777038574e-01,-3.073896765708923340e-01,-1.997761875391006470e-01,-1.472771912813186646e-01,-1.218522116541862488e-01,-3.661373630166053772e-02,-3.508428484201431274e-02,-1.176341027021408081e-01,1.895015537738800049e-01,-1.425870954990386963e-01,1.383044123649597168e-01,2.682444453239440918e-01,3.663668036460876465e-01,2.534869611263275146e-01,1.014930531382560730e-01,-1.021968871355056763e-01,-1.600638180971145630e-01,7.390590012073516846e-02,-7.902143895626068115e-02,5.309521034359931946e-02,-9.855056554079055786e-02,8.244870603084564209e-02,-4.021315649151802063e-02
3.374668061733245850e-01,4.446363076567649841e-03,-1.651832275092601776e-02,-2.110988795757293701e-01,6.095513701438903809e-02,-1.377941481769084930e-02,2.787659466266632080e-01,-1.683492958545684814e-02,3.375325500965118408e-01,6.201814487576484680e-02,0.000000000000000000e+00,2.081561833620071411e-01,6.288914084434509277e-01,1.596702784299850464e-01,3.518522679805755615e-01,1.824797987937927246e-01,-3.701361641287803650e-02,-5.397801846265792847e-02,9.684646874666213989e-02,-1.411226540803909302e-01,-8.686723560094833374e-02,-2.248243838548660278e-01,2.530842423439025879e-01,-1.813026815652847290e-01,1.567568182945251465e-01,4.557104781270027161e-03,-1.979932188987731934e-02,7.375293225049972534e-02,2.152163982391357422e-01,2.495641121640801430e-03,1.095778793096542358e-01,1.225784868001937866e-01,1.080843955278396606e-01,1.356588155031204224e-01,1.746806055307388306e-01,1.118138954043388367e-01,-3.309537470340728760e-01,-3.080506920814514160e-01,-3.844927251338958740e-01,-4.770160615444183350e-01,-4.513445496559143066e-01,-3.694964051246643066e-01,-3.456786274909973145e-02,-2.497919797897338867e-01,-2.159693241119384766e-01,-3.811829164624214172e-02,-3.197067081928253174e-01,-3.087469935417175293e-01,-1.593926995992660522e-01,-2.927600406110286713e-02,-2.134004533290863037e-01,-1.603823900222778320e-01,-1.607060432434082031e-01,-9.123960137367248535e-02,-7.274850457906723022e-02,-2.974181175231933594e-01,1.499231457710266113e-01,1.021499112248420715e-01,4.761844128370285034e-02,-4.472470283508300781e-02,5.059330463409423828e-01,1.566198766231536865e-01,2.026762813329696655e-01,6.661894172430038452e-02,1.167152598500251770e-01,-7.651288807392120361e-02,-2.067485358566045761e-03,-1.637478917837142944e-01,1.753930747509002686e-02,-8.214582339860498905e-04,-1.082783415913581848e-01,1.264805793762207031e-01,3.466339036822319031e-02,-2.260039560496807098e-02,-5.748818069696426392e-02,-3.133786609396338463e-03,-2.369861304759979248e-01,-9.123004972934722900e-02,8.117055892944335938e-02,2.332940548658370972e-01,-1.690554916858673096e-01,-1.540687829256057739e-01,-4.850525036454200745e-02,-4.013233780860900879e-01,-1.064854785799980164e-01,-4.072932302951812744e-01,-1.303041279315948486e-01,-1.867454051971435547e-01,-5.610342323780059814e-02,-2.901519536972045898e-01,-1.607062071561813354e-01,1.379167195409536362e-02,-1.481929719448089600e-01,-2.705468237400054932e-02,-3.832142055034637451e-01,-3.651029169559478760e-01,6.852514296770095825e-02,-1.021346151828765869e-01,-2.378574386239051819e-02,-5.546147748827934265e-02,3.001323156058788300e-02,7.935842871665954590e-02,6.358587741851806641e-02,2.232952415943145752e-02,2.370734959840774536e-01,2.481196522712707520e-01,3.640336990356445312e-01,3.192461729049682617e-01,-5.833569169044494629e-02,-1.420779377222061157e-01,8.748517185449600220e-02,-1.157471537590026855e-02,4.309247061610221863e-02,-1.144489645957946777e-01,1.155662611126899719e-01,4.016842693090438843e-02
-1.252933889627456665e-01,9.296005964279174805e-02,-1.527335494756698608e-02,2.877351641654968262e-01,2.685055732727050781e-01,8.215355873107910156e-02,1.571032591164112091e-02,4.447137415409088135e-01,1.835382133722305298e-01,2.600080966949462891e-01,2.081561833620071411e-01,0.000000000000000000e+00,1.546821892261505127e-01,5.360137224197387695e-01,1.853052526712417603e-01,4.179036915302276611e-01,-1.958030089735984802e-02,2.508333921432495117e-01,-1.620703488588333130e-01,-2.979321777820587158e-02,-5.091050267219543457e-02,-1.542700380086898804e-01,1.651276201009750366e-01,2.488745301961898804e-01,4.382439330220222473e-02,2.134965062141418457e-01,-4.226597025990486145e-02,7.894373685121536255e-02,4.229057207703590393e-02,8.519720286130905151e-02,3.779976665973663330e-01,3.253275156021118164e-01,1.317036151885986328e-01,2.209595888853073120e-01,-1.700285077095031738e-01,-1.929965168237686157e-01,-2.086745798587799072e-01,-2.914465367794036865e-01,-3.393425941467285156e-01,-3.692350387573242188e-01,-2.297209054231643677e-01,-1.569935381412506104e-01,-2.789865136146545410e-01,-6.288407742977142334e-02,-9.013763070106506348e-02,1.959162354469299316e-01,-3.513282835483551025e-01,-3.571398556232452393e-01,9.508629888296127319e-02,1.779383122920989990e-01,8.220917731523513794e-02,1.055136322975158691e-01,-1.341958791017532349e-01,-2.340655773878097534e-01,-3.188230991363525391e-01,-1.992516219615936279e-01,-1.054599210619926453e-01,5.155639722943305969e-03,-1.121397614479064941e-01,5.699541047215461731e-02,9.117598831653594971e-02,4.982194006443023682e-01,3.981921970844268799e-01,4.870644211769104004e-01,-6.057564169168472290e-02,3.940410315990447998e-01,-2.260063439607620239e-01,-9.625080227851867676e-02,-1.393068432807922363e-01,-1.082403063774108887e-01,1.461182236671447754e-01,2.574594616889953613e-01,-2.081035403534770012e-03,1.825267970561981201e-01,-1.336074173450469971e-01,6.300029903650283813e-02,-1.872825771570205688e-01,-2.083325013518333435e-02,1.268836259841918945e-01,2.354932427406311035e-01,-3.318622335791587830e-02,2.403643280267715454e-01,8.569677919149398804e-02,-9.379331767559051514e-02,2.587128803133964539e-02,1.295755654573440552e-01,-9.501957148313522339e-02,-5.829441547393798828e-02,-1.603821665048599243e-01,-9.921383857727050781e-02,-1.919337511062622070e-01,2.801273763179779053e-02,-1.505354493856430054e-01,-1.587264686822891235e-01,-3.308458030223846436e-01,-3.784382939338684082e-01,-1.638100445270538330e-01,-1.730684377253055573e-02,-4.870784282684326172e-02,1.141265965998172760e-02,-5.075282976031303406e-02,-1.070726066827774048e-01,-1.116392761468887329e-02,-1.126863956451416016e-01,2.411045581102371216e-01,1.419241875410079956e-01,6.301716715097427368e-02,-3.402122110128402710e-02,-2.346572130918502808e-01,-1.069253459572792053e-01,-1.207319647073745728e-01,-8.180327713489532471e-02,-7.855953276157379150e-02,-5.292583629488945007e-02,1.835690625011920929e-02,-1.293808072805404663e-01
3.860956728458404541e-01,7.491771876811981201e-02,1.838195025920867920e-01,-1.273583471775054932e-01,9.838053584098815918e-02,-1.101476326584815979e-02,4.126889705657958984e-01,-2.858581580221652985e-02,4.229595661163330078e-01,7.065799087285995483e-02,6.288914084434509277e-01,1.546821892261505127e-01,0.000000000000000000e+00,1.496130377054214478e-01,4.912644922733306885e-01,9.600018709897994995e-02,-3.676065430045127869e-02,-2.587431669235229492e-02,1.077052503824234009e-01,-9.863440692424774170e-02,1.045010704547166824e-02,-2.027347534894943237e-01,3.165001571178436279e-01,-1.323190629482269287e-01,2.185315191745758057e-01,-3.859096765518188477e-02,3.060337901115417480e-02,1.251606345176696777e-01,1.674481481313705444e-01,-7.112797349691390991e-02,1.164034381508827209e-01,7.372619211673736572e-02,1.297446787357330322e-01,2.807370759546756744e-02,3.595157563686370850e-01,1.764928698539733887e-01,-2.218331396579742432e-01,-2.387634366750717163e-01,-2.310914844274520874e-01,-3.628135323524475098e-01,-2.952255010604858398e-01,-2.414302080869674683e-01,1.286981552839279175e-01,-7.314840704202651978e-02,-3.655049577355384827e-02,2.841372415423393250e-02,-2.301878035068511963e-01,-2.472778409719467163e-01,-1.852360516786575317e-01,-3.681624308228492737e-02,-1.858787685632705688e-01,-7.055553793907165527e-02,-1.668155193328857422e-01,-1.349600553512573242e-01,-5.414171516895294189e-02,-3.215221762657165527e-01,3.126386180520057678e-02,1.048268526792526245e-01,1.412894856184720993e-02,-7.754902541637420654e-02,5.097960829734802246e-01,2.635001577436923981e-02,1.814093589782714844e-01,-1.568836569786071777e-01,2.923130989074707031e-01,-1.054732948541641235e-01,4.725984111428260803e-02,-1.190669611096382141e-01,-1.775946468114852905e-02,-5.401967838406562805e-02,4.714082181453704834e-02,2.130453139543533325e-01,3.778640413656830788e-03,-5.225615575909614563e-03,-7.372966408729553223e-02,-6.411936879158020020e-02,-1.632531881332397461e-01,-9.002339839935302734e-02,5.947654321789741516e-02,2.306519597768783569e-01,-7.429469376802444458e-02,-8.056988567113876343e-02,2.185524441301822662e-02,-2.222561538219451904e-01,1.505554839968681335e-02,-2.857438921928405762e-01,-1.325304154306650162e-03,-1.220044568181037903e-01,-3.339008241891860962e-02,-3.175067901611328125e-01,-1.794530004262924194e-01,6.546528637409210205e-02,-2.401038557291030884e-01,-2.291953191161155701e-02,-2.479158937931060791e-01,-2.655255794525146484e-01,7.344628125429153442e-02,-7.466644048690795898e-02,1.786048896610736847e-02,-6.195570342242717743e-03,-1.189009994268417358e-01,8.929763734340667725e-02,3.614440932869911194e-02,-5.109823122620582581e-02,2.393083274364471436e-01,2.120256125926971436e-01,3.106313049793243408e-01,2.407823801040649414e-01,6.013193354010581970e-02,-7.578263431787490845e-02,9.563913568854331970e-03,-4.552070796489715576e-02,5.402316525578498840e-02,-7.021569460630416870e-02,1.509216576814651489e-01,1.112941429018974304e-01
