0.000000000000000000e+00,2.086985409259796143e-01,4.009982347488403320e-01,1.396011114120483398e-01,-1.104615777730941772e-01,2.157115042209625244e-01,2.709151804447174072e-01,1.290602833032608032e-01,-1.953490376472473145e-01,1.464350223541259766e-01,3.847905397415161133e-01,2.214450389146804810e-01,2.664296030998229980e-01,1.693776249885559082e-02,-1.253339648246765137e-01,-6.079298909753561020e-03,7.953693717718124390e-02,1.824603825807571411e-01,4.696014523506164551e-01,6.133253574371337891e-01,-4.637740179896354675e-02,9.175188094377517700e-02,1.530995313078165054e-02,1.401093155145645142e-01,1.509796530008316040e-01,-1.519797593355178833e-01,3.124644756317138672e-01,2.495871633291244507e-01,-1.532250195741653442e-01,-8.729278296232223511e-02,-1.601797901093959808e-02,6.166666373610496521e-02,3.349902927875518799e-01,3.290676176548004150e-01,2.806397378444671631e-01,3.668923974037170410e-01,-8.806592971086502075e-02,-7.304781675338745117e-02,1.901451963931322098e-03,-6.272564828395843506e-02,-2.616321854293346405e-02,9.274156391620635986e-02,-2.461467981338500977e-01,-1.486035883426666260e-01,-2.086659073829650879e-01,-1.368552297353744507e-01,-1.183289736509323120e-01,-2.752275764942169189e-01,-1.730298250913619995e-01,-3.186277151107788086e-01,-1.493252962827682495e-01,-3.284479975700378418e-01,-4.159609973430633545e-02,-3.456974625587463379e-01,1.807142794132232666e-02,-2.574808299541473389e-01,5.727315545082092285e-01,2.106629908084869385e-01,3.344750404357910156e-01,9.477770328521728516e-02,4.317475855350494385e-01,6.160794943571090698e-02,2.188342660665512085e-01,3.736489266157150269e-02,7.833366841077804565e-02,-5.738481879234313965e-02,1.166838705539703369e-01,1.425423473119735718e-01,5.190174579620361328e-01,3.168731629848480225e-01,3.198830485343933105e-01,-4.828557372093200684e-02,-1.196522191166877747e-01,1.276782453060150146e-01,9.486637264490127563e-02,2.613970339298248291e-01,4.169411659240722656e-01,2.409812211990356445e-01,5.136194825172424316e-02,-2.395581156015396118e-01,8.658226579427719116e-02,-2.448053807020187378e-01,-4.470322281122207642e-02,-4.182095825672149658e-02,2.312066704034805298e-01,-3.408922851085662842e-01,2.786147892475128174e-01,5.358649045228958130e-02,2.556287348270416260e-01,-2.877596914768218994e-01,2.770923823118209839e-02,-2.136313915252685547e-01,-2.245162380859255791e-03,-1.594249308109283447e-01,3.668048232793807983e-02,-2.272063307464122772e-02,2.094316296279430389e-02,9.777535498142242432e-02,4.678250104188919067e-02,-3.621356934309005737e-02,6.844625622034072876e-02,-2.959064841270446777e-01,1.103657260537147522e-01,-2.797905206680297852e-01,1.744903475046157837e-01,-1.671064645051956177e-01,1.292691100388765335e-02,-2.382528483867645264e-01,-7.362622022628784180e-02,4.900038987398147583e-02,5.484374705702066422e-03,-8.155347406864166260e-02,-1.193608902394771576e-02,9.721980988979339600e-02,-6.185924634337425232e-02,-8.312640339136123657e-02
2.086985409259796143e-01,0.000000000000000000e+00,-8.582353591918945312e-03,1.206291094422340393e-01,-2.329696267843246460e-01,5.491585284471511841e-02,-1.249009668827056885e-01,5.522406846284866333e-02,1.683251187205314636e-02,-1.474888473749160767e-01,2.388575673103332520e-01,2.098891139030456543e-01,2.950244583189487457e-02,1.538670361042022705e-01,-1.536517888307571411e-01,-1.352140903472900391e-01,2.880706191062927246e-01,8.848684839904308319e-03,4.101247191429138184e-01,3.083143234252929688e-01,-2.378925681114196777e-01,-1.682776510715484619e-01,-8.112794905900955200e-02,4.401713237166404724e-02,-4.678531736135482788e-02,-1.301690638065338135e-01,-6.248610839247703552e-02,1.290898621082305908e-01,1.932229846715927124e-01,-2.313972264528274536e-01,-9.862897545099258423e-02,1.971569955348968506e-01,3.249212205410003662e-01,3.408287167549133301e-01,2.090403139591217041e-01,1.410309225320816040e-01,1.223611012101173401e-01,6.659398227930068970e-02,-2.872729897499084473e-01,6.113215163350105286e-02,3.798026591539382935e-02,-3.449571505188941956e-02,3.462058305740356445e-02,-1.064099743962287903e-02,4.458132386207580566e-02,9.626788645982742310e-02,-5.448831245303153992e-02,-5.220381170511245728e-02,3.830876946449279785e-02,6.662736088037490845e-02,-2.596362680196762085e-02,1.077721640467643738e-01,-1.478290706872940063e-01,1.405709385871887207e-01,-2.017349600791931152e-01,1.394517868757247925e-01,3.610984385013580322e-01,6.688197851181030273e-01,2.262272387742996216e-01,2.785714864730834961e-01,2.611815631389617920e-01,2.697650492191314697e-01,3.070358335971832275e-01,2.287372499704360962e-01,1.718810796737670898e-01,-3.123930469155311584e-02,1.213162988424301147e-01,8.895373344421386719e-02,3.416621983051300049e-01,3.680743575096130371e-01,-9.363231807947158813e-02,2.267709076404571533e-01,9.695934504270553589e-02,-6.590753793716430664e-02,-1.263573914766311646e-01,3.194022923707962036e-02,1.048639044165611267e-01,1.304045021533966064e-01,-9.950268268585205078e-02,2.778357267379760742e-01,8.878501504659652710e-02,2.009423971176147461e-01,-1.772511005401611328e-01,3.293214738368988037e-02,-1.146373748779296875e-01,2.161870747804641724e-01,-1.638335585594177246e-01,-4.891611752100288868e-04,-2.863867878913879395e-01,3.084901571273803711e-01,-2.770375013351440430e-01,3.278845548629760742e-02,-1.346556693315505981e-01,5.412904173135757446e-02,1.930153518915176392e-01,-1.418947707861661911e-02,4.650943726301193237e-02,1.917142122983932495e-01,-4.746490344405174255e-02,3.162904083728790283e-02,-2.525369822978973389e-01,1.732789129018783569e-01,-3.835314214229583740e-01,1.167148426175117493e-01,-2.914347648620605469e-01,2.025263458490371704e-01,-3.346789777278900146e-01,-8.966518938541412354e-02,1.824150420725345612e-02,2.062683850526809692e-01,1.116408258676528931e-01,-1.547159347683191299e-02,2.386084524914622307e-03,1.636064350605010986e-01,3.721850737929344177e-02,2.283287793397903442e-02
4.009982347488403320e-01,-8.582353591918945312e-03,0.000000000000000000e+00,5.998551845550537109e-01,-1.302091404795646667e-02,1.092944517731666565e-01,7.005609869956970215e-01,5.380644798278808594e-01,-5.323082953691482544e-02,2.375503331422805786e-01,1.452124118804931641e-01,7.681036368012428284e-03,4.006455242633819580e-01,1.684113293886184692e-01,1.097100670449435711e-03,1.402710378170013428e-01,-7.572384178638458252e-02,9.634605050086975098e-02,2.901774346828460693e-01,4.292051494121551514e-01,1.620920896530151367e-01,2.986644208431243896e-01,2.719865143299102783e-01,6.069514751434326172e-01,1.557437032461166382e-01,-1.659513115882873535e-01,2.990196645259857178e-01,2.084355056285858154e-01,-1.720750927925109863e-01,-9.424649924039840698e-02,1.774496734142303467e-01,1.939078718423843384e-01,2.256821095943450928e-01,1.947771906852722168e-01,5.177331343293190002e-02,2.758643627166748047e-01,-1.958971470594406128e-02,-1.141933500766754150e-01,1.012514829635620117e-01,-1.863470226526260376e-01,-9.703261777758598328e-03,5.369380861520767212e-02,-4.173862040042877197e-01,-1.335818171501159668e-01,-2.016240805387496948e-01,-1.282704323530197144e-01,-3.576005399227142334e-01,-4.034743309020996094e-01,-1.535329371690750122e-01,-4.202564358711242676e-01,-3.196162879467010498e-01,-5.410521626472473145e-01,-4.136933684349060059e-01,-5.757538080215454102e-01,-2.530899941921234131e-01,-2.641364037990570068e-01,1.528280377388000488e-01,-1.177276745438575745e-01,-3.653777763247489929e-02,3.373670950531959534e-02,9.325587749481201172e-02,4.804794862866401672e-02,-3.137184772640466690e-03,-1.309412904083728790e-02,2.254502177238464355e-01,1.176555380225181580e-01,2.490037977695465088e-01,2.489699423313140869e-01,2.515872716903686523e-01,-9.947675466537475586e-02,2.665524780750274658e-01,-4.484342411160469055e-02,-2.054686993360519409e-01,-8.494023932144045830e-04,6.724041700363159180e-02,7.393669337034225464e-02,2.490723133087158203e-01,1.937804967164993286e-01,-1.177038624882698059e-01,-4.190051555633544922e-01,-2.107827365398406982e-01,-3.546167910099029541e-01,-1.130406856536865234e-01,7.074480503797531128e-02,-4.272147268056869507e-02,-4.677868783473968506e-01,2.120059728622436523e-01,1.549194902181625366e-01,-8.775269240140914917e-02,-4.212035536766052246e-01,-2.363002598285675049e-01,-4.175078272819519043e-01,-3.580522239208221436e-01,-5.261535048484802246e-01,1.146436706185340881e-01,1.403509639203548431e-02,-2.395766377449035645e-01,1.079519540071487427e-01,-5.333809554576873779e-02,4.368739575147628784e-02,-7.971249520778656006e-02,-3.654667139053344727e-01,3.665587604045867920e-01,8.163566887378692627e-02,9.907463937997817993e-02,-3.064900636672973633e-01,3.278685510158538818e-01,2.116921097040176392e-01,5.766200274229049683e-02,-1.898973286151885986e-01,-1.068307086825370789e-01,-2.578699886798858643e-01,-3.471642136573791504e-01,-2.676891908049583435e-02,-4.153007864952087402e-01,6.429110188037157059e-03
1.396011114120483398e-01,1.206291094422340393e-01,5.998551845550537109e-01,0.000000000000000000e+00,1.070693060755729675e-01,1.556589156389236450e-01,5.636619329452514648e-01,6.657688021659851074e-01,5.771636962890625000e-02,2.201888114213943481e-01,6.506791710853576660e-02,1.318194866180419922e-01,2.863798737525939941e-01,2.732112109661102295e-01,7.708967477083206177e-02,1.946791857481002808e-01,-3.158613666892051697e-02,-2.813432365655899048e-02,2.663179337978363037e-01,2.246475368738174438e-01,1.073464378714561462e-01,2.263943552970886230e-01,3.878963887691497803e-01,5.933242440223693848e-01,-6.973126530647277832e-02,-1.257706880569458008e-01,1.182618141174316406e-01,8.330505341291427612e-02,1.294755749404430389e-02,-1.117286607623100281e-01,1.959603875875473022e-01,2.482897490262985229e-01,1.629895716905593872e-01,1.266129612922668457e-01,-1.920390687882900238e-02,9.081255644559860229e-02,8.771678805351257324e-02,-1.127878651022911072e-01,8.150105923414230347e-02,-1.391864120960235596e-01,1.027017161250114441e-01,1.445538923144340515e-02,-4.500673115253448486e-01,-2.095526903867721558e-01,-3.086417019367218018e-01,-2.788933217525482178e-01,-4.699234664440155029e-01,-4.635349512100219727e-01,-1.897094398736953735e-01,-3.759704530239105225e-01,-3.892310261726379395e-01,-4.479476809501647949e-01,-4.870124757289886475e-01,-4.340420663356781006e-01,-3.635535240173339844e-01,-1.975542902946472168e-01,-8.435387909412384033e-02,-7.982513308525085449e-02,-1.951709389686584473e-01,-2.327664569020271301e-02,-9.746392071247100830e-02,4.073550552129745483e-02,-5.793854966759681702e-02,4.449244588613510132e-02,1.905075460672378540e-01,5.676434189081192017e-02,-2.273165807127952576e-02,-3.061696188524365425e-03,8.410672843456268311e-02,-2.469665855169296265e-01,3.495908528566360474e-02,2.383141964673995972e-02,-1.069303378462791443e-01,-4.956862889230251312e-03,-6.739865988492965698e-02,-7.744677364826202393e-02,6.421022862195968628e-02,1.372799873352050781e-01,-2.396863996982574463e-01,-2.803435921669006348e-01,-2.830833792686462402e-01,-1.890120506286621094e-01,-1.600429415702819824e-01,1.377431899309158325e-01,-2.747740149497985840e-01,-3.163011074066162109e-01,1.075148507952690125e-01,2.306599318981170654e-01,-3.041305243968963623e-01,-1.305324286222457886e-01,-4.175443649291992188e-01,-3.927359879016876221e-01,-4.161114990711212158e-01,-4.873245656490325928e-01,8.152556419372558594e-02,-1.357162892818450928e-01,-3.752899765968322754e-01,-1.286810915917158127e-02,-1.944107264280319214e-01,1.829667203128337860e-02,-2.271870523691177368e-01,-2.278880625963211060e-01,1.700697839260101318e-01,1.855258494615554810e-01,-1.420636922121047974e-01,-2.781837284564971924e-01,1.808298081159591675e-01,2.421745508909225464e-01,5.778918415307998657e-02,-2.546540498733520508e-01,-1.773891299962997437e-01,-2.673935890197753906e-01,-3.730461299419403076e-01,-8.009164035320281982e-02,-4.634046852588653564e-01,2.242037840187549591e-02
-1.104615777730941772e-01,-2.329696267843246460e-01,-1.302091404795646667e-02,1.070693060755729675e-01,0.000000000000000000e+00,2.873837053775787354e-01,1.449671983718872070e-01,1.340514868497848511e-01,2.545924186706542969e-01,2.382632344961166382e-01,-1.015993356704711914e-01,-1.808090321719646454e-02,-8.298079669475555420e-02,2.248565293848514557e-02,2.201269268989562988e-01,2.481494545936584473e-01,-2.728238105773925781e-01,-4.570900276303291321e-02,-2.301605492830276489e-01,-1.623197048902511597e-01,-7.818166166543960571e-02,1.773889809846878052e-01,3.097712993621826172e-01,1.076401919126510620e-01,-2.046930603682994843e-02,2.495468854904174805e-01,1.140500605106353760e-01,2.284196019172668457e-02,-2.089254856109619141e-01,1.144515275955200195e-01,1.450343579053878784e-01,7.275433838367462158e-02,-1.944088339805603027e-01,-1.364123970270156860e-01,-2.099845856428146362e-01,-1.920040845870971680e-01,7.106834091246128082e-03,-1.499936431646347046e-01,2.478676885366439819e-01,2.976537048816680908e-01,1.836262345314025879e-01,-2.843351103365421295e-03,-2.878962755203247070e-01,-2.191640138626098633e-01,-3.166393339633941650e-01,-3.414959013462066650e-01,-2.142525613307952881e-01,-2.103812396526336670e-01,-2.849397361278533936e-01,-1.752399206161499023e-01,-1.917311400175094604e-01,-1.531778872013092041e-01,-1.934826932847499847e-02,-1.258232593536376953e-01,1.765601933002471924e-01,-1.294605582952499390e-01,-2.481440603733062744e-01,-3.149071931838989258e-01,-1.338957548141479492e-01,-2.506992518901824951e-01,-2.606064677238464355e-01,-1.745023280382156372e-01,-2.476127743721008301e-01,-2.445371299982070923e-01,-1.811208873987197876e-01,-1.341491937637329102e-01,-3.167236745357513428e-01,-2.737623155117034912e-01,-1.977272629737854004e-01,-1.922463178634643555e-01,2.650442346930503845e-02,1.320511475205421448e-02,-7.833198457956314087e-02,1.169999167323112488e-01,-3.040482662618160248e-02,-3.427937161177396774e-03,-2.502495646476745605e-01,-9.607330709695816040e-02,-1.244364771991968155e-02,-8.771382272243499756e-03,7.182700186967849731e-02,1.344766933470964432e-02,1.795216053724288940e-01,5.398560315370559692e-02,3.282583877444267273e-02,-1.615107506513595581e-01,3.035205900669097900e-01,2.181604504585266113e-01,2.347304224967956543e-01,-1.274212598800659180e-01,1.863480918109416962e-02,-1.393553763628005981e-01,-2.967427670955657959e-02,-7.636836171150207520e-02,-2.582288980484008789e-01,-2.613358199596405029e-01,-7.593137770891189575e-02,-2.104114294052124023e-01,-1.620107144117355347e-01,-1.240047290921211243e-01,1.140686571598052979e-01,-1.467703878879547119e-01,6.914808601140975952e-02,-1.068661883473396301e-01,7.992496830411255360e-04,-1.555914282798767090e-01,7.441907376050949097e-02,-5.034732166677713394e-03,-1.080421432852745056e-01,-1.166274249553680420e-01,-1.676574200391769409e-01,-6.701899319887161255e-02,-4.769800603389739990e-02,-5.873523652553558350e-02,4.056543111801147461e-02,-8.267793804407119751e-02
2.157115042209625244e-01,5.491585284471511841e-02,1.092944517731666565e-01,1.556589156389236450e-01,2.873837053775787354e-01,0.000000000000000000e+00,3.993970900774002075e-02,7.279291003942489624e-02,1.381049007177352905e-01,3.953453600406646729e-01,7.378258742392063141e-03,2.200062274932861328e-01,-6.820504367351531982e-02,1.391268819570541382e-01,1.704290695488452911e-02,1.949553340673446655e-01,-1.195376925170421600e-02,1.272551268339157104e-01,-1.781832054257392883e-02,1.086284145712852478e-01,-9.721026569604873657e-02,2.116322815418243408e-01,2.009385824203491211e-01,1.417857706546783447e-01,3.381832242012023926e-01,2.930144667625427246e-01,3.686699569225311279e-01,2.682977914810180664e-01,-8.693314343690872192e-02,1.062184497714042664e-01,3.242543637752532959e-01,3.376158773899078369e-01,-6.224748119711875916e-02,-3.789846599102020264e-02,2.245856449007987976e-02,1.042069718241691589e-01,1.948100626468658447e-01,4.297000542283058167e-02,2.075785547494888306e-01,3.299399316310882568e-01,3.794715404510498047e-01,2.849369049072265625e-01,-2.627299129962921143e-01,-2.197850048542022705e-01,-3.486621081829071045e-01,-2.712658047676086426e-01,-9.701903909444808960e-02,-1.832595318555831909e-01,-3.042886853218078613e-01,-2.485289126634597778e-01,-1.044154539704322815e-01,-2.058525532484054565e-01,8.645155280828475952e-02,-1.358898282051086426e-01,2.958755791187286377e-01,-1.237293258309364319e-01,1.038552969694137573e-01,-4.193572700023651123e-02,-1.689450442790985107e-02,-2.346533238887786865e-01,-1.441758871078491211e-01,-3.162989020347595215e-01,-4.389864206314086914e-02,-2.437090873718261719e-01,-1.106005907058715820e-01,-2.957022786140441895e-01,-2.874295115470886230e-01,-3.162226974964141846e-01,9.995277971029281616e-02,5.071231722831726074e-02,2.421190887689590454e-01,1.755961924791336060e-01,1.376350671052932739e-01,3.428595662117004395e-01,-2.951618656516075134e-02,2.843929454684257507e-02,-2.846799604594707489e-02,5.156769603490829468e-02,7.561227679252624512e-02,7.519677281379699707e-02,2.850964367389678955e-01,8.453519642353057861e-02,1.849612295627593994e-01,1.800329983234405518e-01,2.333814501762390137e-01,-1.476376056671142578e-01,3.505586385726928711e-01,3.997835218906402588e-01,2.385224997997283936e-01,-5.741898715496063232e-02,6.267651915550231934e-02,-1.377687156200408936e-01,7.097586989402770996e-02,-4.906029999256134033e-02,-1.719492077827453613e-01,-1.692619919776916504e-01,-7.874459028244018555e-02,-9.507135301828384399e-02,-8.733178488910198212e-03,-6.840662658214569092e-02,2.030043751001358032e-01,-7.304972968995571136e-03,1.537950187921524048e-01,-8.748757839202880859e-02,4.295119270682334900e-02,-1.434932351112365723e-01,6.315858662128448486e-02,-5.537298694252967834e-02,-7.228172570466995239e-02,-6.830865889787673950e-02,-4.850386455655097961e-02,-7.951208204030990601e-02,-8.477408438920974731e-03,3.295637667179107666e-02,-3.440640866756439209e-02,-1.827905774116516113e-01
2.709151804447174072e-01,-1.249009668827056885e-01,7.005609869956970215e-01,5.636619329452514648e-01,1.449671983718872070e-01,3.993970900774002075e-02,0.000000000000000000e+00,5.149401426315307617e-01,-4.167230799794197083e-02,1.939618438482284546e-01,1.509767919778823853e-01,-7.901937514543533325e-02,4.001944065093994141e-01,-6.731224129907786846e-04,-5.103809293359518051e-03,3.117423318326473236e-02,-1.769387125968933105e-01,3.265099599957466125e-02,1.692101508378982544e-01,2.723924517631530762e-01,5.584317073225975037e-02,1.716931313276290894e-01,3.281547129154205322e-01,4.899311065673828125e-01,-1.504499744623899460e-02,-2.734193205833435059e-01,2.221016734838485718e-01,3.517848625779151917e-02,-3.025057911872863770e-01,-1.072906926274299622e-01,9.031542390584945679e-02,1.016698703169822693e-01,2.339391559362411499e-01,2.299556434154510498e-01,1.022126525640487671e-02,2.045300900936126709e-01,-1.133920401334762573e-01,-2.009111195802688599e-01,1.242989525198936462e-01,-1.419304609298706055e-01,-1.004483029246330261e-01,-4.410782828927040100e-02,-3.694252669811248779e-01,-1.356779634952545166e-01,-1.981267184019088745e-01,-1.415037363767623901e-01,-3.552517890930175781e-01,-3.758866190910339355e-01,-1.381229758262634277e-01,-3.132150471210479736e-01,-3.156224191188812256e-01,-4.403201639652252197e-01,-3.467731177806854248e-01,-4.525541663169860840e-01,-2.363181263208389282e-01,-3.282940089702606201e-01,2.455360814929008484e-02,-2.306475490331649780e-01,-5.471654236316680908e-02,8.596275746822357178e-02,5.178574472665786743e-02,1.572062522172927856e-01,-1.396680027246475220e-01,9.833104908466339111e-03,1.443824768066406250e-01,2.436559200286865234e-01,1.806971728801727295e-01,2.450165301561355591e-01,7.884334772825241089e-02,-1.115688234567642212e-01,1.886662244796752930e-01,-1.652238219976425171e-01,-2.534508705139160156e-01,-8.300867676734924316e-02,-2.174660563468933105e-02,-4.894979670643806458e-02,1.496124714612960815e-01,1.357914805412292480e-01,-9.420160204172134399e-02,-3.808475732803344727e-01,-2.045702487230300903e-01,-3.398697078227996826e-01,-1.091376096010208130e-01,-8.161925524473190308e-02,-3.718002513051033020e-02,-4.509943127632141113e-01,1.649333983659744263e-01,2.830927260220050812e-02,1.560790371149778366e-02,-4.154694974422454834e-01,-1.115440130233764648e-01,-3.226457536220550537e-01,-2.272741794586181641e-01,-4.061535894870758057e-01,2.401089295744895935e-02,-3.044717758893966675e-02,-2.257466465234756470e-01,2.048224024474620819e-02,-1.115795522928237915e-01,3.124992363154888153e-03,2.368585579097270966e-02,-3.461315035820007324e-01,3.261649608612060547e-01,-3.234507143497467041e-02,1.025337055325508118e-01,-3.395087420940399170e-01,3.193804919719696045e-01,1.735860556364059448e-01,4.894486442208290100e-02,-1.825639754533767700e-01,-1.541934162378311157e-01,-2.179135680198669434e-01,-2.169141769409179688e-01,-5.874912813305854797e-02,-3.385201990604400635e-01,-3.123852051794528961e-02
1.290602833032608032e-01,5.522406846284866333e-02,5.380644798278808594e-01,6.657688021659851074e-01,1.340514868497848511e-01,7.279291003942489624e-02,5.149401426315307617e-01,0.000000000000000000e+00,2.212962657213211060e-01,3.808621168136596680e-01,-1.547135412693023682e-02,3.010686933994293213e-01,2.184833586215972900e-01,4.818849563598632812e-01,1.025268360972404480e-01,3.824943006038665771e-01,-1.433661282062530518e-01,1.024728119373321533e-01,1.820278167724609375e-01,2.014195024967193604e-01,1.503654122352600098e-01,2.326244860887527466e-01,2.769462168216705322e-01,5.149953961372375488e-01,-2.617713063955307007e-02,-1.122385188937187195e-01,1.073643714189529419e-01,9.852173924446105957e-02,1.219548378139734268e-02,1.124193221330642700e-01,2.089490294456481934e-01,2.613697946071624756e-01,1.300775408744812012e-01,1.464986205101013184e-01,-9.553418308496475220e-02,5.860203411430120468e-03,-3.231264650821685791e-02,-1.436285674571990967e-01,5.883129686117172241e-02,-6.642011553049087524e-02,7.230762392282485962e-02,-6.955321878194808960e-03,-3.518363237380981445e-01,-9.598721563816070557e-02,-3.050470054149627686e-01,-2.751511037349700928e-01,-4.114439189434051514e-01,-4.450502395629882812e-01,-1.561121940612792969e-01,-3.540549874305725098e-01,-2.634845674037933350e-01,-3.522648215293884277e-01,-3.642098903656005859e-01,-4.195828437805175781e-01,-3.466497063636779785e-01,-2.153356820344924927e-01,-1.377219408750534058e-01,-1.706759482622146606e-01,-1.191500127315521240e-01,-2.352948486804962158e-02,1.333726756274700165e-02,8.657591789960861206e-02,-1.301637738943099976e-01,6.247853860259056091e-02,8.353243023157119751e-02,-6.320492364466190338e-03,-5.054652690887451172e-02,1.324063632637262344e-02,2.808141708374023438e-02,-2.449299842119216919e-01,7.136747241020202637e-02,7.441868633031845093e-02,-8.253435045480728149e-02,8.965025842189788818e-02,-3.213007375597953796e-02,-7.939097471535205841e-03,4.954454489052295685e-03,8.933628350496292114e-02,-2.434170097112655640e-01,-2.624627053737640381e-01,-3.777625560760498047e-01,-2.207283824682235718e-01,-1.035766080021858215e-01,2.210673838853836060e-01,-3.337821066379547119e-01,-3.954372107982635498e-01,1.133909597992897034e-01,2.356591373682022095e-01,-2.157269120216369629e-01,-2.075446248054504395e-01,-3.197055459022521973e-01,-3.920711278915405273e-01,-3.917792141437530518e-01,-4.703374505043029785e-01,1.549415569752454758e-02,-1.272965222597122192e-01,-3.832737505435943604e-01,-8.341316133737564087e-02,-1.587883830070495605e-01,-8.473827689886093140e-02,-1.764207184314727783e-01,-2.738570868968963623e-01,2.099717557430267334e-01,1.392003148794174194e-01,-1.288106292486190796e-01,-3.320524096488952637e-01,1.555893421173095703e-01,2.083628475666046143e-01,7.674869149923324585e-02,-2.711473703384399414e-01,-2.030207365751266479e-01,-2.675292789936065674e-01,-3.405492901802062988e-01,-1.395743638277053833e-01,-4.702963531017303467e-01,-1.461380999535322189e-02
-1.953490376472473145e-01,1.683251187205314636e-02,-5.323082953691482544e-02,5.771636962890625000e-02,2.545924186706542969e-01,1.381049007177352905e-01,-4.167230799794197083e-02,2.212962657213211060e-01,0.000000000000000000e+00,3.815531432628631592e-01,-2.211583405733108521e-01,-1.451966539025306702e-02,-7.785126566886901855e-03,3.361204266548156738e-01,3.710271120071411133e-01,2.961732447147369385e-01,-3.174973428249359131e-01,-1.436894387006759644e-01,-3.045462667942047119e-01,-2.513338327407836914e-01,-2.109101116657257080e-01,1.106750816106796265e-01,2.111456096172332764e-01,2.467271089553833008e-01,1.596459597349166870e-01,3.214151263236999512e-01,-1.568823009729385376e-01,4.964111000299453735e-02,9.155441820621490479e-02,1.658003032207489014e-01,1.544875502586364746e-01,3.185229599475860596e-01,-3.008287549018859863e-01,-2.777598798274993896e-01,-9.417700022459030151e-02,-1.949190348386764526e-01,-5.145987495779991150e-02,-6.015917658805847168e-02,-1.036510840058326721e-01,2.056044191122055054e-01,2.232949137687683105e-01,3.579239547252655029e-02,-7.374198734760284424e-02,-6.725335121154785156e-02,-1.029319614171981812e-01,-1.106453016400337219e-01,-1.292306035757064819e-01,-8.372666686773300171e-02,1.038414165377616882e-01,1.226815953850746155e-01,1.917425990104675293e-01,1.777955442667007446e-01,4.965844005346298218e-02,9.796319156885147095e-02,-6.148167699575424194e-02,-7.272215932607650757e-02,-2.253450304269790649e-01,-9.142285585403442383e-02,1.098261177539825439e-01,2.254623360931873322e-02,-2.944753505289554596e-02,2.114845439791679382e-02,-2.621718943119049072e-01,-1.860103756189346313e-01,-5.943473894149065018e-03,-1.127794682979583740e-01,-1.010279580950737000e-01,-1.151463314890861511e-01,-5.670107156038284302e-02,-8.242697268724441528e-02,-6.055713631212711334e-03,2.603190243244171143e-01,1.777469813823699951e-01,1.803371161222457886e-01,-6.841319799423217773e-02,-5.357226729393005371e-02,-3.978179097175598145e-01,-3.065597414970397949e-01,-3.027953505516052246e-01,5.006001889705657959e-02,-2.230638265609741211e-01,-5.912384390830993652e-02,-1.680510491132736206e-02,1.672091335058212280e-01,-1.745742112398147583e-01,-3.318004682660102844e-02,-4.336642846465110779e-02,2.521776854991912842e-01,-5.272586643695831299e-02,1.099286004900932312e-01,-2.646080404520034790e-02,2.256564609706401825e-02,-1.079165786504745483e-01,9.945452213287353516e-02,-1.979106217622756958e-01,-1.082918941974639893e-01,-4.963839054107666016e-02,-1.512994170188903809e-01,-9.285574406385421753e-02,-1.489505916833877563e-01,-5.601913202553987503e-03,2.016723752021789551e-01,-3.595335781574249268e-02,1.570158600807189941e-01,-1.234127357602119446e-01,-9.657972492277622223e-03,-1.596425622701644897e-01,5.774087458848953247e-02,-2.171284705400466919e-01,-8.358746021986007690e-02,-4.595045000314712524e-02,-9.694489650428295135e-03,-6.956854462623596191e-02,-1.291625648736953735e-01,-9.444191306829452515e-02,-2.148714959621429443e-01
1.464350223541259766e-01,-1.474888473749160767e-01,2.375503331422805786e-01,2.201888114213943481e-01,2.382632344961166382e-01,3.953453600406646729e-01,1.939618438482284546e-01,3.808621168136596680e-01,3.815531432628631592e-01,0.000000000000000000e+00,-7.096641510725021362e-02,2.905077934265136719e-01,1.729215681552886963e-01,4.406525790691375732e-01,2.580150365829467773e-01,5.193557739257812500e-01,-2.617552578449249268e-01,1.504499912261962891e-01,-1.099609062075614929e-01,6.697636842727661133e-02,4.854800552129745483e-02,2.946957051753997803e-01,1.241746172308921814e-01,3.106234371662139893e-01,3.968178033828735352e-01,1.836293935775756836e-01,2.219958603382110596e-01,1.141016557812690735e-01,-4.129380360245704651e-02,3.748637437820434570e-01,3.520857095718383789e-01,3.520491123199462891e-01,-1.435854583978652954e-01,-9.779033809900283813e-02,-5.520921200513839722e-02,1.422663405537605286e-02,-8.328864723443984985e-02,-1.075313165783882141e-01,8.694439381361007690e-02,1.594542711973190308e-01,2.292194515466690063e-01,1.784055083990097046e-01,-2.417843639850616455e-01,-1.264194399118423462e-01,-2.765891849994659424e-01,-2.322177588939666748e-01,-1.378768384456634521e-01,-2.293873727321624756e-01,-2.477065660059452057e-02,-1.960062086582183838e-01,1.421079635620117188e-01,-1.661834716796875000e-01,1.282838881015777588e-01,-2.936541736125946045e-01,1.210869029164314270e-01,-3.038147985935211182e-01,-1.053809449076652527e-01,-3.032711446285247803e-01,-2.784625440835952759e-02,-2.056928575038909912e-01,5.752693978138267994e-04,-2.029369920492172241e-01,-1.413383632898330688e-01,-2.017924785614013672e-01,5.363020300865173340e-02,-1.928694099187850952e-01,-2.489687651395797729e-01,-2.224798947572708130e-01,2.562253363430500031e-02,-1.150740310549736023e-01,3.762956559658050537e-01,1.889811605215072632e-01,1.612158715724945068e-01,3.928390145301818848e-01,1.467087268829345703e-01,8.876833319664001465e-02,-5.739646777510643005e-02,-2.447197400033473969e-02,-1.008550450205802917e-01,-1.288919448852539062e-01,-1.171373650431632996e-01,-1.942605376243591309e-01,1.198760569095611572e-01,2.433512806892395020e-01,1.348972022533416748e-01,-3.707079887390136719e-01,3.467246592044830322e-01,4.441181123256683350e-01,2.387013137340545654e-01,-2.812956571578979492e-01,5.979802832007408142e-02,-2.368324995040893555e-01,4.977270960807800293e-03,-1.752658486366271973e-01,-2.297370880842208862e-01,-9.175685048103332520e-02,-1.293370872735977173e-01,-1.849896907806396484e-01,3.521183389239013195e-04,-1.166108250617980957e-01,2.302242666482925415e-01,-1.648211777210235596e-01,2.913036644458770752e-01,-1.246021091938018799e-01,1.245607882738113403e-01,-2.803455591201782227e-01,9.897743165493011475e-02,-5.254258960485458374e-02,-1.124352812767028809e-01,-1.233336925506591797e-01,-1.455609202384948730e-01,-6.164962798357009888e-02,-7.904485613107681274e-02,-1.090496331453323364e-01,-1.438703685998916626e-01,-2.014651447534561157e-01
3.847905397415161133e-01,2.388575673103332520e-01,1.452124118804931641e-01,6.506791710853576660e-02,-1.015993356704711914e-01,7.378258742392063141e-03,1.509767919778823853e-01,-1.547135412693023682e-02,-2.211583405733108521e-01,-7.096641510725021362e-02,0.000000000000000000e+00,1.976500749588012695e-01,3.437682390213012695e-01,-5.449854582548141479e-02,5.376580357551574707e-02,-1.344965994358062744e-01,3.716313838958740234e-01,5.408663302659988403e-02,2.996038496494293213e-01,3.293881416320800781e-01,-2.009385079145431519e-02,-1.330293565988540649e-01,-1.326099932193756104e-01,3.111661039292812347e-02,-1.069552749395370483e-01,-2.099472284317016602e-01,1.426617521792650223e-02,-4.911490716040134430e-03,1.281168609857559204e-01,-1.163423731923103333e-01,4.230974242091178894e-03,1.256720572710037231e-01,3.929398953914642334e-01,3.968281447887420654e-01,4.882060736417770386e-02,1.255744397640228271e-01,-9.636190719902515411e-03,-3.544566687196493149e-03,2.855009771883487701e-02,-1.165847014635801315e-02,-2.462232857942581177e-02,-6.964226812124252319e-02,9.976073354482650757e-02,4.746936634182929993e-02,6.678452342748641968e-02,9.663271903991699219e-02,1.079145744442939758e-01,3.722475469112396240e-02,-2.759290114045143127e-02,-2.914452739059925079e-02,-1.148255616426467896e-01,-1.381146758794784546e-01,-6.992012262344360352e-02,-8.314397931098937988e-02,7.017214596271514893e-02,2.290325611829757690e-02,2.673421502113342285e-01,1.733235418796539307e-01,7.395678758621215820e-02,8.425973355770111084e-02,3.877560198307037354e-01,1.219152510166168213e-01,3.646341264247894287e-01,2.429686933755874634e-01,1.835735440254211426e-01,2.984783984720706940e-02,4.121823981404304504e-02,8.962280303239822388e-02,1.929950118064880371e-01,1.410003006458282471e-01,6.558465212583541870e-02,-1.624485105276107788e-02,-5.026043951511383057e-02,-4.681869596242904663e-02,6.424016505479812622e-02,2.466326504945755005e-01,3.180186748504638672e-01,2.898369431495666504e-01,1.989344954490661621e-01,2.259856648743152618e-02,3.140792846679687500e-01,3.999597951769828796e-02,2.270558476448059082e-02,-1.030899882316589355e-01,1.137182340025901794e-01,-4.235821962356567383e-02,1.108504161238670349e-01,-1.083749607205390930e-01,7.119043171405792236e-02,-2.722248621284961700e-02,-8.081514388322830200e-02,-7.323940098285675049e-02,-3.857217356562614441e-02,-9.379357099533081055e-02,1.237788349390029907e-01,-3.848448861390352249e-03,7.373660057783126831e-02,5.935772135853767395e-02,7.632537186145782471e-02,5.547267571091651917e-02,-1.468193158507347107e-02,-7.525487244129180908e-02,-9.742482751607894897e-02,-1.683158427476882935e-01,-5.988149717450141907e-02,-1.831409987062215805e-03,-1.211872473359107971e-01,-1.515212208032608032e-01,5.032063648104667664e-02,7.541934400796890259e-02,6.118296831846237183e-02,1.505284756422042847e-02,1.104304268956184387e-01,1.176058128476142883e-01,-5.110679939389228821e-02,-5.493519827723503113e-02
2.214450389146804810e-01,2.098891139030456543e-01,7.681036368012428284e-03,1.318194866180419922e-01,-1.808090321719646454e-02,2.200062274932861328e-01,-7.901937514543533325e-02,3.010686933994293213e-01,-1.451966539025306702e-02,2.905077934265136719e-01,1.976500749588012695e-01,0.000000000000000000e+00,7.613433524966239929e-03,4.681216776371002197e-01,8.947031572461128235e-03,3.755647242069244385e-01,1.698161363601684570e-01,3.634372353553771973e-01,2.214581817388534546e-01,1.936680227518081665e-01,1.520560383796691895e-01,1.295461356639862061e-01,-2.282683551311492920e-01,-1.104143168777227402e-02,1.694771833717823029e-02,1.755316555500030518e-02,1.345421224832534790e-01,7.657471299171447754e-02,2.218579947948455811e-01,3.712644279003143311e-01,1.240513622760772705e-01,1.304108947515487671e-01,8.988091349601745605e-02,1.807519048452377319e-01,-2.985193021595478058e-02,3.215629607439041138e-02,1.196691319346427917e-01,7.486549764871597290e-02,5.279689282178878784e-02,9.028118848800659180e-02,1.739337444305419922e-01,2.042092829942703247e-01,-5.407132580876350403e-02,2.548863179981708527e-02,-2.077878862619400024e-01,-1.448711752891540527e-01,2.441380918025970459e-02,-1.308979690074920654e-01,-1.419859081506729126e-01,-1.938100457191467285e-01,8.803758770227432251e-03,-9.942083805799484253e-02,4.406052455306053162e-02,-2.180332988500595093e-01,9.582671523094177246e-02,-6.691752467304468155e-03,2.771535702049732208e-02,-7.391191320493817329e-04,-1.095771715044975281e-01,-1.952178329229354858e-01,8.508368581533432007e-02,-1.470689326524734497e-01,8.359111100435256958e-02,7.758371531963348389e-02,-8.618347346782684326e-02,-3.102254867553710938e-01,-3.138654530048370361e-01,-2.459741085767745972e-01,1.183667406439781189e-01,-5.559232458472251892e-02,1.686882376670837402e-01,1.445007324218750000e-01,1.928887665271759033e-01,3.668369054794311523e-01,8.842450380325317383e-02,1.387858539819717407e-01,1.502872109413146973e-01,1.504904031753540039e-01,7.328271120786666870e-02,4.026882350444793701e-02,1.110540628433227539e-01,1.398146152496337891e-01,2.012930363416671753e-01,3.373991549015045166e-01,4.461404681205749512e-02,-1.149585396051406860e-01,2.581765651702880859e-01,2.402639985084533691e-01,6.387495994567871094e-02,-8.940529078245162964e-02,-1.063688322901725769e-01,-2.024952769279479980e-01,-4.148023203015327454e-02,-1.860461831092834473e-01,-2.731049619615077972e-02,1.261847373098134995e-02,-6.782651692628860474e-02,-7.018209993839263916e-02,1.252704709768295288e-01,-1.764499582350254059e-02,6.879908498376607895e-03,-1.567537784576416016e-01,3.854893147945404053e-02,-9.654554724693298340e-02,3.985389322042465210e-02,-2.923149429261684418e-02,-6.380848586559295654e-02,-1.152953431010246277e-01,9.411074966192245483e-02,-7.395205646753311157e-02,-4.168389365077018738e-02,4.350811988115310669e-02,3.423563763499259949e-02,4.497992619872093201e-02,-5.066545307636260986e-02,4.955951869487762451e-02
2.664296030998229980e-01,2.950244583189487457e-02,4.006455242633819580e-01,2.863798737525939941e-01,-8.298079669475555420e-02,-6.820504367351531982e-02,4.001944065093994141e-01,2.184833586215972900e-01,-7.785126566886901855e-03,1.729215681552886963e-01,3.437682390213012695e-01,7.613433524966239929e-03,0.000000000000000000e+00,1.362745165824890137e-01,3.090756535530090332e-01,2.501016296446323395e-02,3.828622773289680481e-02,-1.525757759809494019e-01,1.666635572910308838e-01,1.580540388822555542e-01,1.525623444467782974e-02,9.987352788448333740e-02,8.405011892318725586e-02,3.492756187915802002e-01,-7.450285553932189941e-02,-2.224814444780349731e-01,-6.363042443990707397e-02,-1.227902919054031372e-01,9.100057929754257202e-02,-1.279156804084777832e-01,-8.756110444664955139e-03,1.798482835292816162e-01,8.106861263513565063e-02,7.078573852777481079e-02,-2.327278442680835724e-02,7.652503252029418945e-02,-6.669799983501434326e-02,-9.725023061037063599e-02,-6.138167902827262878e-02,-1.261475831270217896e-01,-1.584666669368743896e-01,-3.904176410287618637e-03,-2.550047636032104492e-01,-1.489462256431579590e-01,-5.824160575866699219e-02,-1.607841439545154572e-02,-2.414933294057846069e-01,-3.082035481929779053e-01,1.058901567012071609e-02,-1.272099763154983521e-01,-5.738213658332824707e-02,-1.961974054574966431e-01,-2.023581415414810181e-01,-2.766878902912139893e-01,-2.328954637050628662e-01,-1.991565376520156860e-01,9.831260144710540771e-02,1.167543977499008179e-02,6.423064321279525757e-02,9.504824876785278320e-02,2.721619904041290283e-01,1.756022572517395020e-01,1.043117642402648926e-01,-4.958428069949150085e-02,3.338800370693206787e-01,2.425150573253631592e-01,1.251180320978164673e-01,1.216902881860733032e-01,9.326586127281188965e-02,-3.739038854837417603e-02,4.608845710754394531e-02,-1.406211871653795242e-02,2.117965556681156158e-02,-4.268135875463485718e-02,3.013390861451625824e-02,2.831228077411651611e-02,9.401355683803558350e-02,-3.313066437840461731e-02,-3.066427260637283325e-02,-2.221897691488265991e-01,-2.647661045193672180e-02,-2.487231940031051636e-01,-8.543644845485687256e-02,-9.105891734361648560e-02,1.472149193286895752e-01,-1.274382621049880981e-01,1.039006188511848450e-01,9.994131512939929962e-03,-3.361540660262107849e-02,-2.665950953960418701e-01,-1.525973975658416748e-01,-2.659843266010284424e-01,-1.547567844390869141e-01,-1.444110870361328125e-01,1.317865587770938873e-02,4.145614337176084518e-03,-6.163826212286949158e-02,-1.238969340920448303e-02,-9.566421806812286377e-02,-4.401901736855506897e-02,-1.110021304339170456e-02,-1.600945442914962769e-01,5.794715881347656250e-02,-4.646125808358192444e-02,6.643300503492355347e-02,-1.131589561700820923e-01,-2.247369661927223206e-02,-4.660041630268096924e-02,4.042274504899978638e-02,-4.849785566329956055e-02,-7.564765959978103638e-02,-1.109589636325836182e-01,-1.173311546444892883e-01,8.388975262641906738e-02,-1.173992305994033813e-01,1.749762892723083496e-02
