0.000000000000000000e+00,5.489047765731811523e-01,4.786725044250488281e-01,4.088962674140930176e-01,-2.745802327990531921e-02,-1.162735968828201294e-01,4.248705506324768066e-01,2.975406944751739502e-01,-2.025575377047061920e-02,-2.279925793409347534e-01,2.647289633750915527e-01,2.762622237205505371e-01,2.451028674840927124e-01,2.329142838716506958e-01,1.167888119816780090e-01,-5.020906403660774231e-02,-1.640870869159698486e-01,7.055415213108062744e-02,4.506757259368896484e-01,4.309871494770050049e-01,-1.136562824249267578e-01,1.367425024509429932e-01,3.021216690540313721e-01,3.215360343456268311e-01,-6.814609467983245850e-02,-9.357674978673458099e-03,-6.874820590019226074e-02,-2.813335657119750977e-01,-3.783970326185226440e-02,-7.809481024742126465e-02,7.182371616363525391e-02,1.750652492046356201e-01,2.620349526405334473e-01,1.307993531227111816e-01,8.233672380447387695e-02,8.705071359872817993e-02,-2.908132672309875488e-01,-1.782319843769073486e-01,-1.958164721727371216e-01,-3.692539334297180176e-01,-1.038890182971954346e-01,-2.522710859775543213e-01,-2.307906895875930786e-01,-5.971283093094825745e-02,2.101823389530181885e-01,8.797931671142578125e-02,-4.198518693447113037e-01,-3.690058588981628418e-01,2.728286013007164001e-02,4.932096228003501892e-02,-7.149311155080795288e-02,-6.944288313388824463e-02,-2.989551424980163574e-01,-2.270855158567428589e-01,-2.742856144905090332e-01,-2.786360383033752441e-01,5.759283900260925293e-01,4.682921469211578369e-01,3.672002255916595459e-01,3.791169822216033936e-01,4.388242065906524658e-01,3.079312741756439209e-01,-3.041209653019905090e-02,2.251430153846740723e-01,9.590411931276321411e-02,1.147853061556816101e-01,2.754378616809844971e-01,2.537114620208740234e-01,3.178458213806152344e-01,1.918566673994064331e-01,2.830361127853393555e-01,1.856166273355484009e-01,1.273697763681411743e-01,3.040456473827362061e-01,1.311608552932739258e-01,1.985577344894409180e-01,5.585539340972900391e-02,5.352708324790000916e-02,-2.455927878618240356e-01,-4.986666142940521240e-02,-1.502189189195632935e-01,-1.279265135526657104e-01,3.323229029774665833e-02,-1.917677223682403564e-01,-2.155714780092239380e-01,-2.764947116374969482e-01,3.370883315801620483e-02,4.986443370580673218e-02,-6.493251770734786987e-02,-2.846830189228057861e-01,3.115123882889747620e-02,-1.068741232156753540e-01,1.965518444776535034e-01,-8.577363193035125732e-02,-2.450537979602813721e-01,-2.200516462326049805e-01,-2.401464730501174927e-01,-1.191322356462478638e-01,-4.033881798386573792e-02,3.095402196049690247e-02,2.131388932466506958e-01,-6.960150599479675293e-02,1.485121697187423706e-01,-4.140052571892738342e-02,-3.037576973438262939e-01,-2.370461076498031616e-01,8.617963641881942749e-02,-9.500206261873245239e-02,-5.794113874435424805e-02,1.268800795078277588e-01,-9.287948906421661377e-02,-7.098933309316635132e-02,-2.125077843666076660e-01,-1.825579255819320679e-01,-2.017221748828887939e-01,-1.442331820726394653e-01
5.489047765731811523e-01,0.000000000000000000e+00,2.359075248241424561e-01,2.152408361434936523e-01,-9.934311360120773315e-02,-2.303723543882369995e-01,2.276842296123504639e-01,2.820720970630645752e-01,5.336424335837364197e-03,-3.453616499900817871e-01,5.136786773800849915e-02,2.494704425334930420e-01,8.766748011112213135e-02,1.747575253248214722e-01,-1.186791136860847473e-01,-1.760442703962326050e-01,-1.717447638511657715e-01,1.387650370597839355e-01,4.052158594131469727e-01,4.154329001903533936e-01,-1.590251177549362183e-01,1.388735473155975342e-01,6.525199115276336670e-02,9.415844827890396118e-02,-2.242057472467422485e-01,-1.206553354859352112e-01,-1.880076713860034943e-02,-3.813095688819885254e-01,-1.297287195920944214e-01,-6.660753488540649414e-02,-6.133204326033592224e-02,-1.124468445777893066e-01,2.091370671987533569e-01,1.432100981473922729e-01,1.056052744388580322e-01,1.269489079713821411e-01,-1.561495512723922729e-01,-3.511830046772956848e-02,-2.488736957311630249e-01,-4.018979966640472412e-01,-1.141124144196510315e-01,-2.269988358020782471e-01,-5.751636624336242676e-02,3.608292713761329651e-02,3.729007840156555176e-01,2.348994165658950806e-01,-1.757392883300781250e-01,-1.501917690038681030e-01,1.909245401620864868e-01,2.042133510112762451e-01,2.398971766233444214e-01,-4.304273054003715515e-02,-8.158221840858459473e-02,1.801429688930511475e-02,-4.496977105736732483e-02,-1.563241891562938690e-02,6.785530447959899902e-01,6.996644139289855957e-01,2.797998189926147461e-01,2.998932301998138428e-01,4.498085081577301025e-01,4.009533226490020752e-01,-3.922233299817889929e-04,3.936878144741058350e-01,-2.248550392687320709e-02,1.289721950888633728e-02,2.092287093400955200e-01,1.967474371194839478e-01,5.008031725883483887e-01,1.380961686372756958e-01,1.958184689283370972e-01,1.006439551711082458e-01,-9.184867143630981445e-02,1.150904148817062378e-01,4.665096104145050049e-02,7.036056369543075562e-02,1.827911287546157837e-01,-1.535373390652239323e-03,-1.286571621894836426e-01,-1.269286125898361206e-01,7.631360739469528198e-02,-4.484779015183448792e-02,-4.856161400675773621e-02,-2.220918536186218262e-01,-1.731886528432369232e-02,-2.571921944618225098e-01,-1.484907418489456177e-01,-1.434706598520278931e-01,5.706352367997169495e-02,-2.896256744861602783e-01,6.000411510467529297e-02,-1.203186227940022945e-03,7.031706720590591431e-02,-5.372568219900131226e-02,-1.718970835208892822e-01,-1.309904903173446655e-01,-5.316833406686782837e-02,-1.234170515090227127e-02,2.866455912590026855e-01,1.960276961326599121e-01,7.342286407947540283e-02,-1.858767271041870117e-01,-7.474447041749954224e-02,-2.713774144649505615e-01,-2.316268384456634521e-01,-1.095676571130752563e-01,-2.582297287881374359e-02,-2.038704305887222290e-01,-6.950960308313369751e-02,2.397062778472900391e-01,1.487437188625335693e-01,7.224255800247192383e-02,-1.152087524533271790e-01,1.195387542247772217e-01,3.041497431695461273e-03,-1.682018339633941650e-01
4.786725044250488281e-01,2.359075248241424561e-01,0.000000000000000000e+00,5.060276985168457031e-01,-1.422764360904693604e-01,1.594489961862564087e-01,6.487870216369628906e-01,3.855024874210357666e-01,5.990163236856460571e-02,-1.777248084545135498e-02,2.949346005916595459e-01,3.105272352695465088e-01,4.122843444347381592e-01,2.248264998197555542e-01,9.071803092956542969e-02,-4.573094472289085388e-02,-1.650952249765396118e-01,-1.551088243722915649e-01,3.221132755279541016e-01,1.520720273256301880e-01,-1.880507916212081909e-01,1.590144336223602295e-01,5.098570585250854492e-01,4.178247153759002686e-01,-3.351534157991409302e-02,-1.567106880247592926e-02,-1.312363147735595703e-01,-2.083035111427307129e-01,8.909713476896286011e-03,-9.878647327423095703e-02,4.258226975798606873e-02,1.475060433149337769e-01,3.095180690288543701e-01,9.490261226892471313e-02,2.082691192626953125e-01,1.400481909513473511e-01,-1.342798769474029541e-01,-3.531797826290130615e-01,-1.986934691667556763e-01,-3.316214978694915771e-01,8.711524307727813721e-02,-2.065893113613128662e-01,-2.227105945348739624e-01,-1.540641020983457565e-02,1.538444459438323975e-01,1.287953853607177734e-01,-1.896987706422805786e-01,-1.711777746677398682e-01,3.054057015106081963e-03,-8.609437197446823120e-02,-1.539815217256546021e-01,-2.629991173744201660e-01,-1.577089130878448486e-01,-8.665744215250015259e-02,-3.104705512523651123e-01,-5.740089341998100281e-02,2.738266587257385254e-01,3.172058463096618652e-01,1.715601235628128052e-01,2.341768443584442139e-01,3.492273092269897461e-01,2.980916798114776611e-01,-2.329253219068050385e-02,2.055685371160507202e-01,1.717863529920578003e-01,7.441648095846176147e-02,1.876801550388336182e-01,3.168313205242156982e-01,1.891959160566329956e-01,-1.188072562217712402e-01,3.067264854907989502e-01,1.387343257665634155e-01,1.796638071537017822e-01,2.404278963804244995e-01,6.631892174482345581e-02,3.006807863712310791e-01,1.424289643764495850e-01,-9.169785678386688232e-02,-2.827621400356292725e-01,-2.390830963850021362e-01,-2.888422310352325439e-01,-3.727144598960876465e-01,1.181312352418899536e-01,-5.578922107815742493e-02,-2.585638463497161865e-01,-3.286086320877075195e-01,-9.615314751863479614e-02,1.684822738170623779e-01,-3.292592614889144897e-02,-1.621254831552505493e-01,1.527691632509231567e-01,1.155242100358009338e-01,3.303503394126892090e-01,1.974896341562271118e-02,-1.396389752626419067e-01,-2.475858628749847412e-01,-3.360605835914611816e-01,-2.965621650218963623e-01,-1.489387005567550659e-01,1.053832992911338806e-01,3.480397760868072510e-01,-9.508563578128814697e-02,1.567091494798660278e-01,-1.263841241598129272e-01,-1.963153481483459473e-01,-7.729686796665191650e-03,-7.764022797346115112e-03,-1.114993542432785034e-01,-5.772565305233001709e-02,-8.002644032239913940e-02,-1.296497136354446411e-01,-3.101169466972351074e-01,-1.686298996210098267e-01,-1.708066314458847046e-01,-4.092432931065559387e-02,-2.057834267616271973e-01
4.088962674140930176e-01,2.152408361434936523e-01,5.060276985168457031e-01,0.000000000000000000e+00,3.778436779975891113e-01,-1.238232180476188660e-01,4.744389951229095459e-01,5.579628348350524902e-01,1.236826702952384949e-01,-2.441638559103012085e-01,1.018202304840087891e-01,2.695533633232116699e-01,1.726480275392532349e-01,1.918626278638839722e-01,3.461333513259887695e-01,2.415439039468765259e-01,-3.914590477943420410e-01,-3.534493222832679749e-02,2.384911477565765381e-01,3.297636210918426514e-01,9.394728392362594604e-02,3.820782899856567383e-01,5.854533910751342773e-01,6.965034008026123047e-01,6.722421199083328247e-02,8.625630289316177368e-02,-3.625841438770294189e-02,-3.055117726325988770e-01,-3.067643344402313232e-01,-1.461672335863113403e-01,2.528395354747772217e-01,3.210263550281524658e-01,2.374114692211151123e-01,1.600486785173416138e-01,3.132848739624023438e-01,1.575757861137390137e-01,-2.484232932329177856e-01,-1.663308590650558472e-01,-6.524442881345748901e-02,-3.322252929210662842e-01,2.066486887633800507e-02,-1.837414875626564026e-02,-3.005510568618774414e-01,-1.527153104543685913e-01,2.050578892230987549e-01,-1.092365235090255737e-01,-2.890543937683105469e-01,-3.004274964332580566e-01,-1.332302838563919067e-01,-2.412986606359481812e-01,-3.510364592075347900e-01,-3.018527626991271973e-01,-3.101219832897186279e-01,-4.096323549747467041e-01,-2.476694136857986450e-01,-2.885740399360656738e-01,1.267680972814559937e-01,1.422854065895080566e-01,4.614409804344177246e-01,6.134092807769775391e-01,3.089435994625091553e-01,3.209588825702667236e-01,-1.567128449678421021e-01,1.359367817640304565e-01,2.211762070655822754e-01,3.567126393318176270e-01,5.285940170288085938e-01,5.535805225372314453e-01,8.419586718082427979e-02,1.375992745161056519e-01,3.813381493091583252e-01,3.474781513214111328e-01,1.308605819940567017e-01,2.525375187397003174e-01,3.180269598960876465e-01,1.282169818878173828e-01,5.954711511731147766e-02,4.859292507171630859e-02,-4.044767916202545166e-01,-1.719982326030731201e-01,-3.475816249847412109e-01,-4.089537262916564941e-01,2.380760908126831055e-01,-8.669997751712799072e-02,-2.319028526544570923e-01,-3.123745024204254150e-01,3.756286501884460449e-01,3.533900380134582520e-01,-1.057910919189453125e-02,-2.831299901008605957e-01,9.308946877717971802e-02,-2.363370656967163086e-01,1.923718750476837158e-01,-3.067797124385833740e-01,-2.216119170188903809e-01,-2.106473594903945923e-01,-2.964909076690673828e-01,-1.756310760974884033e-01,-2.232725024223327637e-01,-1.363814622163772583e-01,4.213489890098571777e-01,-2.028236538171768188e-01,4.178408086299896240e-01,6.967864185571670532e-02,-1.673722714185714722e-01,-2.437883913516998291e-01,3.412680029869079590e-01,3.931600227952003479e-02,6.174735259264707565e-03,8.378144353628158569e-02,-8.412936329841613770e-02,-2.411740720272064209e-01,-3.847468793392181396e-01,-3.425195813179016113e-01,-2.449266612529754639e-01,5.299266777001321316e-04
-2.745802327990531921e-02,-9.934311360120773315e-02,-1.422764360904693604e-01,3.778436779975891113e-01,0.000000000000000000e+00,-2.742739319801330566e-01,-1.350785791873931885e-01,4.617300629615783691e-02,2.592880725860595703e-01,-1.740066111087799072e-01,-3.049896657466888428e-01,-1.808224320411682129e-01,-3.106235563755035400e-01,-8.976837247610092163e-02,4.451216161251068115e-01,4.294079542160034180e-01,-3.952490687370300293e-01,1.414922252297401428e-02,-1.387650817632675171e-01,-3.241997957229614258e-02,4.344988763332366943e-01,2.662540972232818604e-01,2.802414894104003906e-01,3.950296640396118164e-01,2.982533574104309082e-01,2.879656553268432617e-01,2.119834274053573608e-01,-1.475951224565505981e-01,-4.199103415012359619e-01,-2.372151911258697510e-01,2.180424928665161133e-01,2.096907794475555420e-01,-1.514323055744171143e-01,-7.480644434690475464e-02,1.303097605705261230e-01,2.972286753356456757e-02,-2.219977676868438721e-01,1.230767294764518738e-01,1.987138092517852783e-01,6.765400618314743042e-02,-8.132852613925933838e-02,1.697750389575958252e-01,-2.323976606130599976e-01,-2.742901742458343506e-01,2.500445395708084106e-02,-3.943643867969512939e-01,-2.186136990785598755e-01,-2.760424613952636719e-01,-1.831438988447189331e-01,-1.830536276102066040e-01,-1.780956089496612549e-01,4.702088981866836548e-02,-1.874141395092010498e-01,-3.785157799720764160e-01,2.212999165058135986e-01,-3.682323694229125977e-01,-2.557438910007476807e-01,-2.858348786830902100e-01,4.176334440708160400e-01,4.195763170719146729e-01,-1.232075020670890808e-01,-1.816815137863159180e-01,-3.788681626319885254e-01,-3.091118633747100830e-01,1.272235363721847534e-01,2.814157009124755859e-01,4.070157110691070557e-01,1.803455948829650879e-01,-1.057472676038742065e-01,3.693776726722717285e-01,4.236688464879989624e-02,1.653929501771926880e-01,-4.447736591100692749e-02,-1.136992126703262329e-01,2.205048799514770508e-01,-3.470810353755950928e-01,-3.499772250652313232e-01,-6.539129465818405151e-02,-2.168481349945068359e-01,6.702435761690139771e-02,-1.732335835695266724e-01,-1.042627543210983276e-01,1.891321390867233276e-01,-3.906449675559997559e-02,1.634126752614974976e-01,-1.199476514011621475e-02,6.003874540328979492e-01,1.538828462362289429e-01,9.158912301063537598e-02,-1.144948080182075500e-01,-3.383496403694152832e-02,-3.655042648315429688e-01,-1.758971661329269409e-01,-3.024339377880096436e-01,-1.673791706562042236e-01,7.000212371349334717e-02,4.692571383202448487e-05,1.384417861700057983e-01,-2.145928442478179932e-01,-3.714426159858703613e-01,2.859063073992729187e-02,7.451109704561531544e-04,2.198250442743301392e-01,2.550071477890014648e-01,4.620533809065818787e-02,-3.072819113731384277e-01,4.411356151103973389e-01,1.751774251461029053e-01,8.578484505414962769e-02,8.340983092784881592e-02,7.849444635212421417e-03,1.034722179174423218e-01,-1.535005569458007812e-01,-3.481770455837249756e-01,-3.543420135974884033e-01,2.173318713903427124e-01
-1.162735968828201294e-01,-2.303723543882369995e-01,1.594489961862564087e-01,-1.238232180476188660e-01,-2.742739319801330566e-01,0.000000000000000000e+00,1.271758228540420532e-01,-7.276675105094909668e-02,1.575891226530075073e-01,5.304314494132995605e-01,1.096840947866439819e-01,7.923679426312446594e-03,3.460637331008911133e-01,3.212960064411163330e-02,2.701804041862487793e-02,-1.188159435987472534e-01,2.450241893529891968e-01,-1.357100456953048706e-01,-1.691111475229263306e-01,-1.218189448118209839e-01,-4.287409409880638123e-02,1.532133109867572784e-02,-1.602695584297180176e-01,-9.123434312641620636e-03,2.016391754150390625e-01,2.131630331277847290e-01,-5.316764488816261292e-02,2.067149132490158081e-01,4.432662427425384521e-01,2.205397337675094604e-01,1.323164068162441254e-02,5.599835515022277832e-02,-6.538467854261398315e-02,-1.521685272455215454e-01,-4.742240160703659058e-02,-6.075306329876184464e-03,2.840073108673095703e-01,-6.623613834381103516e-02,1.574448496103286743e-01,4.370734468102455139e-02,3.482235074043273926e-01,2.125224284827709198e-02,-5.272785574197769165e-02,6.532527506351470947e-02,-4.270306322723627090e-03,-3.144287317991256714e-02,1.145228073000907898e-01,1.456256955862045288e-01,-2.903935685753822327e-02,-1.585397422313690186e-01,-1.793939918279647827e-01,-7.238140702247619629e-02,-8.303449302911758423e-02,-5.230216681957244873e-02,-1.309786885976791382e-01,1.148915067315101624e-01,-8.187837898731231689e-02,-1.238036900758743286e-01,-1.848586797714233398e-01,-2.157059907913208008e-01,-1.623315215110778809e-01,-1.469414681196212769e-01,1.332377791404724121e-01,1.577460952103137970e-02,-1.394661664962768555e-01,-1.852908730506896973e-01,-1.678624898195266724e-01,-3.495160490274429321e-02,-1.094254180788993835e-01,-1.785058677196502686e-01,1.947247833013534546e-01,1.198617741465568542e-02,1.765431463718414307e-01,1.486050486564636230e-01,8.672052994370460510e-03,3.344233036041259766e-01,1.382602304220199585e-01,-6.498636305332183838e-02,1.903738528490066528e-01,-1.659043580293655396e-01,1.215093508362770081e-01,-1.519437581300735474e-01,2.614606320858001709e-01,3.104676008224487305e-01,-3.355618938803672791e-02,-7.373087853193283081e-02,-1.480992734432220459e-01,2.244569361209869385e-01,1.558220684528350830e-01,1.981694437563419342e-02,-1.168877333402633667e-01,3.934357315301895142e-02,1.485339105129241943e-01,-4.986231774091720581e-02,2.418511062860488892e-01,1.067564412951469421e-01,3.151635080575942993e-02,-1.790720522403717041e-01,-1.065899878740310669e-01,-3.274709451943635941e-03,9.242929518222808838e-02,-1.667149066925048828e-01,1.524697691202163696e-01,-8.364941924810409546e-02,1.026960611343383789e-01,2.500132322311401367e-01,-1.665143966674804688e-01,-3.009789586067199707e-01,-1.557662058621644974e-02,-1.734205782413482666e-01,4.143526405096054077e-02,-2.971224188804626465e-01,-4.820383340120315552e-02,1.524163633584976196e-01,1.542959064245223999e-01,-3.249128162860870361e-02
4.248705506324768066e-01,2.276842296123504639e-01,6.487870216369628906e-01,4.744389951229095459e-01,-1.350785791873931885e-01,1.271758228540420532e-01,0.000000000000000000e+00,5.878719091415405273e-01,1.851545721292495728e-01,-2.671775221824645996e-02,4.793429970741271973e-01,4.428711533546447754e-01,6.277731657028198242e-01,3.240564167499542236e-01,1.434609442949295044e-01,-1.183653995394706726e-01,-9.846281260251998901e-02,-1.704422235488891602e-01,1.431753039360046387e-01,7.159648835659027100e-02,-7.886596769094467163e-02,1.670138835906982422e-01,4.823818504810333252e-01,4.067653417587280273e-01,-1.128577720373868942e-02,-2.430773153901100159e-02,-9.223436564207077026e-02,-2.202022522687911987e-01,-6.670465692877769470e-03,-1.429361384361982346e-02,1.897852420806884766e-01,1.608378738164901733e-01,2.986460924148559570e-01,8.026062697172164917e-02,1.735053658485412598e-01,-6.304273009300231934e-02,-2.109415456652641296e-02,-2.190915197134017944e-01,-2.379691749811172485e-01,-2.938352525234222412e-01,4.306744039058685303e-02,-1.233581751585006714e-01,-1.110268682241439819e-01,8.616372942924499512e-02,1.831630766391754150e-01,2.260618209838867188e-01,-8.924805372953414917e-02,-7.289347052574157715e-02,1.569757014513015747e-01,6.924769282341003418e-02,-2.342748269438743591e-02,-1.476337611675262451e-01,-1.289629787206649780e-01,-7.327140867710113525e-02,-2.783920466899871826e-01,-9.491626173257827759e-03,2.429573088884353638e-01,3.018989861011505127e-01,1.528240740299224854e-01,1.182304769754409790e-01,5.040836930274963379e-01,3.826998472213745117e-01,-4.876896739006042480e-03,2.661558687686920166e-01,2.049778252840042114e-01,1.328521519899368286e-01,1.425142735242843628e-01,2.668408155441284180e-01,4.374559596180915833e-02,-2.665539383888244629e-01,3.414583802223205566e-01,1.919593662023544312e-01,1.063789278268814087e-01,2.237684130668640137e-01,1.037129536271095276e-01,2.652226686477661133e-01,1.908816993236541748e-01,-1.057166606187820435e-01,-2.677315473556518555e-01,-2.083879560232162476e-01,-1.607673317193984985e-01,-3.438153266906738281e-01,1.693232059478759766e-01,1.610665209591388702e-02,-1.350309848785400391e-01,-3.171090483665466309e-01,-1.028890609741210938e-01,1.142433062195777893e-01,2.281139418482780457e-02,-2.005774080753326416e-01,1.959801167249679565e-01,2.105377316474914551e-01,3.590328395366668701e-01,1.269484758377075195e-01,-1.782556027173995972e-01,-3.667703270912170410e-01,-3.723274767398834229e-01,-3.757302165031433105e-01,-7.483051717281341553e-02,1.942110359668731689e-01,3.115157783031463623e-01,-4.855301976203918457e-02,8.291511237621307373e-02,-3.268160521984100342e-01,-1.592582315206527710e-01,-3.180513158440589905e-02,-9.751111268997192383e-02,-1.590673029422760010e-01,1.705813594162464142e-02,-1.785702407360076904e-01,-2.164425998926162720e-01,-2.940423488616943359e-01,-1.824408471584320068e-01,-1.835660338401794434e-01,2.867920882999897003e-02,-3.032175898551940918e-01
2.975406944751739502e-01,2.820720970630645752e-01,3.855024874210357666e-01,5.579628348350524902e-01,4.617300629615783691e-02,-7.276675105094909668e-02,5.878719091415405273e-01,0.000000000000000000e+00,5.795515328645706177e-02,-8.651699870824813843e-02,2.814083099365234375e-01,4.704507589340209961e-01,3.565784692764282227e-01,3.728490471839904785e-01,2.407849207520484924e-02,1.789970509707927704e-02,-1.899376213550567627e-01,-1.293934583663940430e-01,1.195205748081207275e-01,2.066189795732498169e-01,-7.377530634403228760e-02,1.215959116816520691e-01,3.354062736034393311e-01,3.866749405860900879e-01,-1.110130846500396729e-01,-1.473453789949417114e-01,-4.680545628070831299e-02,-2.198833376169204712e-01,-1.632769405841827393e-01,-7.421684265136718750e-02,9.813620150089263916e-02,1.341514438390731812e-01,2.333369553089141846e-01,1.513427644968032837e-01,2.653889954090118408e-01,-1.233012881129980087e-02,-6.341090053319931030e-02,-1.553057730197906494e-01,-2.459443658590316772e-01,-3.214923143386840820e-01,3.898030892014503479e-02,-2.182760974392294884e-03,-3.730913624167442322e-02,1.307388097047805786e-01,2.469620406627655029e-01,2.048306167125701904e-01,-2.151919715106487274e-02,-5.867643654346466064e-02,1.585086286067962646e-01,8.469519764184951782e-02,-1.667527481913566589e-02,-2.141992449760437012e-01,-1.141614615917205811e-01,-9.281901270151138306e-02,-2.647384405136108398e-01,-1.532704662531614304e-02,1.515757739543914795e-01,2.761579155921936035e-01,2.827221453189849854e-01,2.695407569408416748e-01,4.936370253562927246e-01,5.633711814880371094e-01,6.973863113671541214e-03,4.092681705951690674e-01,8.610743284225463867e-02,2.184772044420242310e-01,2.351829111576080322e-01,3.765247762203216553e-01,9.607951343059539795e-02,-8.432388305664062500e-02,2.985068261623382568e-01,2.726888656616210938e-01,7.679199427366256714e-02,2.768384814262390137e-01,7.049741595983505249e-02,2.170847505331039429e-01,2.468530833721160889e-01,1.042534038424491882e-01,-2.466952949762344360e-01,-1.577988117933273315e-01,-1.836873888969421387e-01,-2.749693989753723145e-01,2.270854450762271881e-02,3.598181530833244324e-02,-1.098697185516357422e-01,-2.488895654678344727e-01,-1.552954036742448807e-02,1.481956690549850464e-01,-8.502028137445449829e-02,-2.095644325017929077e-01,4.727496951818466187e-02,4.285615682601928711e-02,1.090442985296249390e-01,-7.699320465326309204e-02,-1.367598474025726318e-01,-2.870585620403289795e-01,-3.073657751083374023e-01,-2.178405225276947021e-01,1.636410132050514221e-02,1.690756082534790039e-01,1.845574229955673218e-01,-1.592030972242355347e-01,1.996055617928504944e-02,-3.093930482864379883e-01,-2.485444396734237671e-01,-1.782438606023788452e-01,-5.359628424048423767e-02,-9.462586790323257446e-02,1.157360225915908813e-01,2.679126895964145660e-02,-1.245458051562309265e-01,-2.744705975055694580e-01,-2.520321309566497803e-01,-9.072660654783248901e-02,6.141341850161552429e-02,-2.513042986392974854e-01
-2.025575377047061920e-02,5.336424335837364197e-03,5.990163236856460571e-02,1.236826702952384949e-01,2.592880725860595703e-01,1.575891226530075073e-01,1.851545721292495728e-01,5.795515328645706177e-02,0.000000000000000000e+00,1.662286967039108276e-01,6.842785514891147614e-03,4.514653608202934265e-02,2.059614211320877075e-01,4.654464498162269592e-02,3.698130846023559570e-01,6.397041678428649902e-02,-1.833555251359939575e-01,-1.833222061395645142e-01,-1.275166571140289307e-01,-2.395744025707244873e-01,2.529044747352600098e-01,6.900727748870849609e-02,1.406199187040328979e-01,1.226198822259902954e-01,2.335604578256607056e-01,2.655487656593322754e-01,3.407865017652511597e-02,-1.202602386474609375e-01,-9.456074237823486328e-02,-9.102667868137359619e-02,1.838219165802001953e-01,1.282041966915130615e-01,-1.682407036423683167e-02,-1.110895797610282898e-01,1.409880816936492920e-01,-1.494775861501693726e-01,3.235393017530441284e-02,5.257155373692512512e-02,3.170418366789817810e-02,4.954529553651809692e-02,7.376886904239654541e-02,1.448327600955963135e-01,-1.117868572473526001e-01,-5.050230771303176880e-02,1.487767845392227173e-01,-3.829888254404067993e-02,4.638366401195526123e-02,2.609429135918617249e-02,6.010157242417335510e-02,6.232250854372978210e-02,9.262076020240783691e-02,1.227041035890579224e-01,-7.236949354410171509e-02,-1.480169892311096191e-01,8.133540302515029907e-02,-7.956193387508392334e-02,-3.153659030795097351e-02,-2.389123477041721344e-02,1.106999963521957397e-01,9.557750076055526733e-03,8.110716938972473145e-02,-8.642967790365219116e-02,-2.648536562919616699e-01,-1.075887382030487061e-01,2.515436410903930664e-01,1.840774565935134888e-01,5.650921538472175598e-02,1.017944440245628357e-01,-3.749317675828933716e-02,-4.299082234501838684e-02,1.170896515250205994e-01,1.023835502564907074e-02,9.831360541284084320e-03,2.609905600547790527e-02,1.296996623277664185e-01,-1.407493352890014648e-01,-4.298795759677886963e-02,-1.851201653480529785e-01,-1.048964634537696838e-01,-7.061589509248733521e-02,2.962269261479377747e-02,-1.310764104127883911e-01,1.702726334333419800e-01,1.861084103584289551e-01,2.990108430385589600e-01,-1.278533786535263062e-01,8.572963625192642212e-02,9.522997587919235229e-02,1.845383197069168091e-01,-8.107520639896392822e-02,-6.397017836570739746e-02,-2.779476111754775047e-03,1.260383799672126770e-02,1.828267797827720642e-02,6.065018475055694580e-03,1.955721899867057800e-02,-2.240132167935371399e-02,-9.416622668504714966e-02,-2.264144122600555420e-01,-8.067261427640914917e-02,3.643966838717460632e-02,1.584742963314056396e-02,2.486939169466495514e-02,-2.327315360307693481e-01,1.010533720254898071e-01,-2.269366756081581116e-02,-5.165959242731332779e-03,-2.343841046094894409e-01,1.576765775680541992e-01,-1.510204821825027466e-01,-2.298659980297088623e-01,-8.917333185672760010e-02,-5.040762946009635925e-02,-1.359868496656417847e-01,-2.539506554603576660e-02,-7.269032299518585205e-02
-2.279925793409347534e-01,-3.453616499900817871e-01,-1.777248084545135498e-02,-2.441638559103012085e-01,-1.740066111087799072e-01,5.304314494132995605e-01,-2.671775221824645996e-02,-8.651699870824813843e-02,1.662286967039108276e-01,0.000000000000000000e+00,8.674950897693634033e-02,7.702885195612907410e-03,2.544962465763092041e-01,1.968339979648590088e-01,1.202400177717208862e-01,1.563491076231002808e-01,1.709954291582107544e-01,-1.751474440097808838e-01,-1.518677175045013428e-01,-2.471719533205032349e-01,-2.287469618022441864e-02,-1.806284338235855103e-01,-1.693658977746963501e-01,-1.225412636995315552e-01,2.280467152595520020e-01,2.073392421007156372e-01,2.572195790708065033e-02,2.646597921848297119e-01,3.138680756092071533e-01,1.300736367702484131e-01,-6.697645038366317749e-02,1.199307665228843689e-02,-4.802735149860382080e-02,-1.082805618643760681e-01,-4.939741641283035278e-02,-9.540358185768127441e-02,1.908778846263885498e-01,-7.635045051574707031e-02,6.533248722553253174e-02,1.741369664669036865e-01,1.399759948253631592e-01,9.768180549144744873e-03,6.244051735848188400e-03,5.017521232366561890e-02,-8.485958725214004517e-02,-3.855701163411140442e-02,1.478704810142517090e-01,1.038002371788024902e-01,1.278853137046098709e-02,-5.990928784012794495e-02,-2.202199585735797882e-02,3.426169604063034058e-02,2.271042205393314362e-02,1.985975913703441620e-02,-3.795721009373664856e-02,7.917666435241699219e-02,-2.810529470443725586e-01,-2.933704257011413574e-01,-1.710972487926483154e-01,-3.450623452663421631e-01,-1.668500453233718872e-01,-1.904725134372711182e-01,-7.233781367540359497e-02,-1.402544826269149780e-01,-5.204769596457481384e-02,-6.612767279148101807e-02,-2.558950185775756836e-01,-1.614667475223541260e-01,-2.430055439472198486e-01,-1.633929908275604248e-01,-2.336012944579124451e-02,-8.547302335500717163e-02,1.772951334714889526e-01,1.640754789113998413e-01,-1.003108546137809753e-01,1.365582346916198730e-01,-2.091330476105213165e-02,-6.543111801147460938e-02,1.717300415039062500e-01,-3.626350685954093933e-02,5.863653868436813354e-02,2.716676145792007446e-02,1.130159571766853333e-01,3.349899351596832275e-01,1.728719025850296021e-01,7.339419424533843994e-02,-1.893182694911956787e-01,1.056525334715843201e-01,3.798507526516914368e-02,8.383194357156753540e-02,-1.632749736309051514e-01,1.071347370743751526e-01,-7.393283303827047348e-03,9.120895713567733765e-02,1.502715945243835449e-01,4.292274266481399536e-02,6.397696584463119507e-02,-6.471429020166397095e-02,-2.213056385517120361e-01,-6.357505172491073608e-02,-9.731082618236541748e-02,9.316837415099143982e-03,2.078495733439922333e-02,-1.494805216789245605e-01,1.598498523235321045e-01,1.760758459568023682e-01,-1.273180246353149414e-01,-2.341348081827163696e-01,-7.152430247515439987e-03,-2.143626809120178223e-01,-1.267593353986740112e-01,-2.612232565879821777e-01,-2.096665411954745650e-04,3.144198656082153320e-02,1.286904513835906982e-01,5.192688666284084320e-03
2.647289633750915527e-01,5.136786773800849915e-02,2.949346005916595459e-01,1.018202304840087891e-01,-3.049896657466888428e-01,1.096840947866439819e-01,4.793429970741271973e-01,2.814083099365234375e-01,6.842785514891147614e-03,8.674950897693634033e-02,0.000000000000000000e+00,5.157597064971923828e-01,5.930205583572387695e-01,4.022606313228607178e-01,1.085663139820098877e-01,-8.115189522504806519e-02,3.716141879558563232e-01,4.515970498323440552e-02,1.657284498214721680e-01,7.699952274560928345e-02,-1.556438803672790527e-01,-1.692580878734588623e-01,3.061761260032653809e-01,1.473934054374694824e-01,-1.001773998141288757e-01,-9.018003940582275391e-02,-1.539564877748489380e-01,-2.769774198532104492e-02,2.672360837459564209e-01,3.018602430820465088e-01,3.092828989028930664e-01,3.527494370937347412e-01,2.903914153575897217e-01,2.016914039850234985e-01,-4.166179522871971130e-02,-1.782114803791046143e-01,3.301328793168067932e-02,-1.116398647427558899e-01,-2.484742254018783569e-01,-9.823314845561981201e-02,-7.999009639024734497e-02,-1.226197779178619385e-01,3.934284299612045288e-02,3.388735949993133545e-01,-6.770970672369003296e-02,3.860299587249755859e-01,-7.951372116804122925e-02,3.689214959740638733e-02,3.056233823299407959e-01,2.631766200065612793e-01,4.531491920351982117e-02,-1.550446450710296631e-02,-2.198930531740188599e-01,-5.142412614077329636e-03,-3.230222463607788086e-01,1.699187792837619781e-02,1.324480772018432617e-01,1.026123836636543274e-01,-1.055925041437149048e-01,-1.441598832607269287e-01,2.369662672281265259e-01,1.205717697739601135e-01,3.080883622169494629e-01,2.273234128952026367e-01,2.367442697286605835e-01,-1.368369703413918614e-04,-2.270997762680053711e-01,-2.437301538884639740e-02,-1.761289238929748535e-01,-3.754245042800903320e-01,1.716624051332473755e-01,1.393872052431106567e-01,2.321669906377792358e-01,3.244893550872802734e-01,1.804002374410629272e-01,2.451651692390441895e-01,2.609229683876037598e-01,1.282461285591125488e-01,4.908985644578933716e-02,2.176620066165924072e-01,5.274952203035354614e-02,1.359561383724212646e-01,-2.223678864538669586e-03,5.558566376566886902e-02,-1.181449517607688904e-01,-9.905624203383922577e-03,-1.233227550983428955e-01,1.208729892969131470e-01,-1.338579952716827393e-01,-9.311296045780181885e-02,-5.933469627052545547e-03,1.713155806064605713e-01,2.285673022270202637e-01,1.334295719861984253e-01,-1.106291413307189941e-01,-3.060298562049865723e-01,-2.231160402297973633e-01,-2.792311310768127441e-01,-9.179353946819901466e-04,2.538689076900482178e-01,1.821010410785675049e-01,8.482888340950012207e-02,6.491412967443466187e-02,-2.403946369886398315e-01,-2.246230244636535645e-01,-9.163800626993179321e-02,-2.179814577102661133e-01,-1.321245580911636353e-01,3.355124592781066895e-02,-1.631918400526046753e-01,-2.624362409114837646e-01,-1.381042301654815674e-01,-1.607767939567565918e-01,-1.133213564753532410e-01,7.103268057107925415e-02,-3.545183539390563965e-01
2.762622237205505371e-01,2.494704425334930420e-01,3.105272352695465088e-01,2.695533633232116699e-01,-1.808224320411682129e-01,7.923679426312446594e-03,4.428711533546447754e-01,4.704507589340209961e-01,4.514653608202934265e-02,7.702885195612907410e-03,5.157597064971923828e-01,0.000000000000000000e+00,4.956673681735992432e-01,5.101087689399719238e-01,6.427332758903503418e-02,-4.435797780752182007e-02,1.885490864515304565e-01,2.169996052980422974e-01,1.713102906942367554e-01,9.604290872812271118e-02,-1.851115673780441284e-01,-4.383629187941551208e-02,3.107543885707855225e-01,2.065702974796295166e-01,-1.003869548439979553e-01,-2.817491441965103149e-02,-4.929538443684577942e-02,-6.808033585548400879e-02,4.276010766625404358e-02,2.739576995372772217e-01,3.759087026119232178e-01,3.797233104705810547e-01,2.841032147407531738e-01,1.786148548126220703e-01,2.548248693346977234e-02,-5.552902445197105408e-02,-8.187162689864635468e-03,-9.551263600587844849e-02,-2.763655483722686768e-01,-3.933743834495544434e-01,3.048483096063137054e-02,-1.326699554920196533e-01,-1.826145872473716736e-02,4.302322566509246826e-01,-4.750746116042137146e-02,5.137167572975158691e-01,-1.893728785216808319e-02,1.873210258781909943e-02,3.322006464004516602e-01,1.583195924758911133e-01,7.510511577129364014e-02,-3.005821406841278076e-01,-1.449702084064483643e-01,-1.731115626171231270e-03,-2.909186780452728271e-01,5.073788389563560486e-02,1.935058683156967163e-01,3.160125911235809326e-01,-5.231563746929168701e-02,6.795518845319747925e-02,3.952132761478424072e-01,3.460864126682281494e-01,2.204248607158660889e-01,4.155525267124176025e-01,2.340495437383651733e-01,1.063825562596321106e-01,-8.764423429965972900e-02,2.504326403141021729e-01,2.502399869263172150e-02,-3.605121076107025146e-01,3.078930675983428955e-01,3.230172768235206604e-02,1.107430607080459595e-01,3.863237202167510986e-01,1.570664793252944946e-01,2.430396378040313721e-01,4.005656242370605469e-01,8.872727304697036743e-02,1.179342716932296753e-02,4.000557214021682739e-02,-5.034364387392997742e-02,-3.526431694626808167e-02,2.358376979827880859e-03,-1.783984526991844177e-02,-4.379386082291603088e-02,-2.860067188739776611e-01,-1.674845367670059204e-01,1.168715059757232666e-01,-9.710267931222915649e-02,-3.190188407897949219e-01,4.071826860308647156e-02,1.448459625244140625e-01,2.144534736871719360e-01,-2.081182040274143219e-02,-1.378816962242126465e-01,-3.836829662322998047e-01,-2.894265055656433105e-01,-2.596030533313751221e-01,1.182003095746040344e-01,3.448567092418670654e-01,2.349418997764587402e-01,-1.780822575092315674e-01,1.039131507277488708e-01,-4.099566340446472168e-01,-2.924428582191467285e-01,-8.172500133514404297e-02,-1.618320941925048828e-01,-1.299844384193420410e-01,2.149494364857673645e-02,-1.333131641149520874e-01,-9.315598011016845703e-02,-2.526315748691558838e-01,-2.938450872898101807e-01,-1.359504181891679764e-02,1.879146844148635864e-01,-3.760757446289062500e-01
2.451028674840927124e-01,8.766748011112213135e-02,4.122843444347381592e-01,1.726480275392532349e-01,-3.106235563755035400e-01,3.460637331008911133e-01,6.277731657028198242e-01,3.565784692764282227e-01,2.059614211320877075e-01,2.544962465763092041e-01,5.930205583572387695e-01,4.956673681735992432e-01,0.000000000000000000e+00,5.120113492012023926e-01,2.288820296525955200e-01,-5.362476035952568054e-02,1.828610002994537354e-01,-1.169729307293891907e-01,-3.873750939965248108e-02,-1.044152677059173584e-01,-8.841542154550552368e-02,3.211069852113723755e-02,2.743224203586578369e-01,2.195998728275299072e-01,-2.969597652554512024e-02,-1.623762026429176331e-02,-5.813660100102424622e-02,2.806526608765125275e-03,2.858488857746124268e-01,1.990280002355575562e-01,1.816052198410034180e-01,1.908161938190460205e-01,1.946310102939605713e-01,4.087041132152080536e-03,2.116262540221214294e-02,-2.126411646604537964e-01,1.448475718498229980e-01,-1.242445409297943115e-01,-1.422165334224700928e-01,-2.025772184133529663e-01,1.422351598739624023e-01,-9.785477817058563232e-02,-3.971797972917556763e-02,2.442459464073181152e-01,1.565953642129898071e-01,3.100030124187469482e-01,2.519161812961101532e-02,4.680684208869934082e-02,2.838475108146667480e-01,1.098830327391624451e-01,3.649199753999710083e-02,-9.106195718050003052e-02,-2.010114789009094238e-01,-8.147402107715606689e-02,-3.347532153129577637e-01,5.761880427598953247e-02,1.421217918395996094e-01,1.473977118730545044e-01,2.848808362614363432e-04,-1.261702626943588257e-01,3.414231538772583008e-01,1.722329407930374146e-01,3.419014438986778259e-02,1.626137048006057739e-01,1.844241917133331299e-01,5.850349366664886475e-02,-1.512962579727172852e-01,6.714219599962234497e-02,-1.102966368198394775e-01,-3.961101770401000977e-01,2.873263061046600342e-01,9.426152706146240234e-02,2.587682008743286133e-01,2.737305164337158203e-01,1.545009016990661621e-01,3.150046169757843018e-01,2.886482477188110352e-01,-4.102519899606704712e-02,-4.630846157670021057e-02,-1.486266404390335083e-01,7.952228188514709473e-03,-1.790122538805007935e-01,2.375296354293823242e-01,1.794015169143676758e-01,4.978604614734649658e-03,-2.655584514141082764e-01,-1.669838279485702515e-01,1.697534173727035522e-01,4.596616327762603760e-02,-2.340822368860244751e-01,7.235907763242721558e-02,2.577635049819946289e-01,3.329198658466339111e-01,2.043758630752563477e-01,-4.337373375892639160e-02,-3.387649059295654297e-01,-2.807163298130035400e-01,-3.774777054786682129e-01,-6.272914260625839233e-02,2.690937817096710205e-01,2.707163691520690918e-01,-1.985709741711616516e-02,1.359705775976181030e-01,-3.972317874431610107e-01,-1.261980235576629639e-01,3.914661705493927002e-02,-2.049527466297149658e-01,-2.952025830745697021e-01,3.065057471394538879e-02,-2.724213302135467529e-01,-3.083300292491912842e-01,-3.505586683750152588e-01,-1.844099164009094238e-01,-8.572966605424880981e-02,1.412427425384521484e-01,-3.420442938804626465e-01
