0.000000000000000000e+00,3.770854175090789795e-01,9.148611128330230713e-02,-8.780708909034729004e-02,2.028542011976242065e-01,6.968905776739120483e-02,3.358119726181030273e-01,-3.010354042053222656e-01,1.903918981552124023e-01,1.523572802543640137e-01,5.206158161163330078e-01,-1.774291545152664185e-01,4.442217946052551270e-01,-4.302575588226318359e-01,-6.229610368609428406e-02,-1.894695013761520386e-01,5.049299448728561401e-02,-3.662429153919219971e-01,2.101595252752304077e-01,1.790991723537445068e-01,-1.643263697624206543e-01,9.697476029396057129e-02,9.263075888156890869e-02,-2.149126529693603516e-01,1.432448923587799072e-01,5.615220218896865845e-02,1.455715894699096680e-01,3.033878207206726074e-01,8.998318016529083252e-02,-3.405983746051788330e-01,3.225863873958587646e-01,2.361657619476318359e-01,3.594527542591094971e-01,1.822299361228942871e-01,-1.972089558839797974e-01,-1.757577061653137207e-01,-4.138081148266792297e-02,-8.072293549776077271e-02,-8.011654019355773926e-02,-1.184399276971817017e-01,-7.491923868656158447e-02,-3.220854699611663818e-01,2.058334462344646454e-02,-2.649359703063964844e-01,-2.061470150947570801e-01,-3.030262589454650879e-01,-2.620404064655303955e-01,-2.688152194023132324e-01,-1.718250960111618042e-01,-3.670283257961273193e-01,-2.373377233743667603e-01,-3.277071416378021240e-01,-8.385220170021057129e-02,1.798729151487350464e-01,-3.034343719482421875e-01,3.429655451327562332e-03,5.715281963348388672e-01,2.904300391674041748e-01,2.054694741964340210e-01,4.395535588264465332e-02,1.180511638522148132e-01,1.797017455101013184e-02,1.056725308299064636e-01,-9.443322569131851196e-02,-2.877146601676940918e-01,-2.323510795831680298e-01,8.204991370439529419e-02,-9.384226799011230469e-02,4.453975558280944824e-01,3.485883772373199463e-01,2.543038427829742432e-01,2.957296967506408691e-01,3.366237133741378784e-02,-3.204338252544403076e-01,-1.643748432397842407e-01,-1.242794096469879150e-02,-1.608581244945526123e-01,-1.160347238183021545e-01,-1.133117675781250000e-01,-2.794691361486911774e-02,-1.120117828249931335e-01,-2.353915125131607056e-01,7.791316509246826172e-02,-3.547163903713226318e-01,-1.262470781803131104e-01,7.601917535066604614e-02,2.096178941428661346e-02,2.036103792488574982e-02,-9.896039962768554688e-02,2.215567231178283691e-01,-3.243998289108276367e-01,-3.955649137496948242e-01,-2.935611009597778320e-01,1.089622750878334045e-01,1.212536096572875977e-01,1.012943759560585022e-01,-5.597690120339393616e-02,-6.443557888269424438e-02,-2.164344936609268188e-01,-2.373422682285308838e-01,-1.678121834993362427e-01,2.029475867748260498e-01,-8.722191676497459412e-03,2.090893089771270752e-01,-6.107432022690773010e-02,7.888787239789962769e-02,-1.316972076892852783e-01,1.467057913541793823e-01,-9.189851582050323486e-02,-2.054170221090316772e-01,-2.381434589624404907e-01,-1.836157888174057007e-01,-2.050190269947052002e-01,-2.682153880596160889e-01,4.562358558177947998e-02,-1.758486926555633545e-01
3.770854175090789795e-01,0.000000000000000000e+00,1.073762178421020508e-01,1.426860243082046509e-01,3.998669683933258057e-01,2.718965709209442139e-01,2.667166292667388916e-01,1.884453892707824707e-01,2.609962522983551025e-01,2.304379940032958984e-01,2.207603156566619873e-01,3.728990554809570312e-01,7.727062702178955078e-02,-1.989091001451015472e-02,-1.108270213007926941e-01,-1.229184563271701336e-03,-2.783182561397552490e-01,-8.740251511335372925e-02,3.135029673576354980e-01,4.844217002391815186e-01,-3.516900837421417236e-01,-1.468831151723861694e-01,1.055159419775009155e-01,1.283164471387863159e-01,1.939673870801925659e-01,1.523943543434143066e-01,1.654422283172607422e-01,2.227987349033355713e-01,-2.053622007369995117e-01,-1.827252507209777832e-01,3.371261060237884521e-01,2.331629097461700439e-01,3.741798698902130127e-01,3.803572654724121094e-01,-1.457640528678894043e-01,-1.033582910895347595e-01,-3.296929001808166504e-01,-1.311682462692260742e-01,-1.659323424100875854e-01,-1.996019929647445679e-01,-1.987372636795043945e-01,-2.381642758846282959e-01,-1.455264240503311157e-01,-2.531055212020874023e-01,-3.300867676734924316e-01,-4.183415770530700684e-01,-2.849711775779724121e-01,-2.938267886638641357e-01,-3.768340051174163818e-01,-4.313403964042663574e-01,-3.251442015171051025e-01,-3.883921802043914795e-01,-1.474969685077667236e-01,3.231931477785110474e-02,-3.231735527515411377e-01,-8.134592324495315552e-02,2.540867924690246582e-01,7.034572362899780273e-01,-9.805235080420970917e-03,1.618188768625259399e-01,-7.146422564983367920e-02,3.255864083766937256e-01,-2.413161098957061768e-01,3.837943673133850098e-01,-4.080564081668853760e-01,-1.441969573497772217e-01,1.812985353171825409e-02,-7.177701592445373535e-02,3.690916299819946289e-01,3.083398342132568359e-01,2.139215618371963501e-01,4.004924893379211426e-01,-8.567035943269729614e-02,-1.946700811386108398e-01,-1.749009341001510620e-01,2.309298701584339142e-02,-1.713344603776931763e-01,-8.447467535734176636e-02,-3.025459051132202148e-01,5.422569438815116882e-02,-2.475420385599136353e-01,1.507420539855957031e-01,-4.282982349395751953e-01,-2.278305143117904663e-01,-2.397262006998062134e-01,1.626090705394744873e-01,-3.015948645770549774e-02,1.261940747499465942e-01,-3.569632023572921753e-02,1.173779964447021484e-01,-3.070598542690277100e-01,-3.733193278312683105e-01,-2.461300194263458252e-01,-4.658698290586471558e-02,-3.846953436732292175e-02,-5.522681865841150284e-03,-1.901823729276657104e-01,-8.474739640951156616e-02,-1.881120204925537109e-01,-1.122234910726547241e-01,-9.146828204393386841e-02,1.199135631322860718e-01,6.642599403858184814e-02,1.853114813566207886e-01,-7.508874684572219849e-02,-1.014197524636983871e-02,-1.866914629936218262e-01,7.965879887342453003e-02,-4.637345671653747559e-02,-2.294388711452484131e-01,-2.083416730165481567e-01,-7.551629841327667236e-02,-8.043098449707031250e-02,-2.007995098829269409e-01,-4.292545467615127563e-02,4.019879177212715149e-02
9.148611128330230713e-02,1.073762178421020508e-01,0.000000000000000000e+00,6.177039742469787598e-01,1.768541485071182251e-01,1.792848855257034302e-01,6.270276308059692383e-01,3.563764095306396484e-01,7.570821046829223633e-02,1.405771821737289429e-01,-1.372202038764953613e-01,3.308634087443351746e-02,1.584509760141372681e-01,-4.580057412385940552e-02,-1.066515296697616577e-01,1.031458526849746704e-01,-2.783989608287811279e-01,-2.166066616773605347e-01,5.589363574981689453e-01,3.485150635242462158e-01,-6.965316087007522583e-02,-1.149388626217842102e-01,6.083573698997497559e-01,5.410547852516174316e-01,1.327176541090011597e-01,7.984405010938644409e-02,9.595264680683612823e-03,2.882326394319534302e-02,-2.356140315532684326e-01,-3.251548111438751221e-01,2.110642641782760620e-01,1.944103538990020752e-01,6.742504239082336426e-02,5.624616518616676331e-02,-1.099895909428596497e-01,-1.853101402521133423e-01,-2.563747763633728027e-01,-3.028466105461120605e-01,-1.028043478727340698e-01,-4.492199048399925232e-02,-1.579923182725906372e-01,-6.184965372085571289e-02,-1.624426394701004028e-01,-1.281770467758178711e-01,-3.739551082253456116e-02,5.817528441548347473e-02,-2.225721627473831177e-01,-2.416953295469284058e-01,-4.553188011050224304e-02,1.132387295365333557e-01,-1.629796177148818970e-01,7.056463509798049927e-02,-2.323597222566604614e-01,6.622715294361114502e-02,-2.784093320369720459e-01,-8.632624894380569458e-02,-8.168826252222061157e-02,3.108868934214115143e-02,-1.831610649824142456e-01,-2.276671081781387329e-01,-9.818566590547561646e-02,-1.078667044639587402e-01,-2.373834252357482910e-01,-7.126206904649734497e-02,-9.757248312234878540e-02,9.278137981891632080e-02,-1.719848960638046265e-01,-1.746539622545242310e-01,8.224241435527801514e-02,-1.569628119468688965e-01,8.520088344812393188e-02,2.218036353588104248e-01,-1.632799506187438965e-01,-2.578151822090148926e-01,-2.007022798061370850e-01,-2.121447324752807617e-01,-1.998419314622879028e-01,-9.008511900901794434e-02,-2.211219668388366699e-01,3.333344683051109314e-02,-2.585776746273040771e-01,-6.818538904190063477e-02,-2.993780374526977539e-01,-1.044680774211883545e-01,-2.676708102226257324e-01,1.584720015525817871e-01,-2.223853319883346558e-01,-2.146555334329605103e-01,-2.454070746898651123e-01,1.151878610253334045e-01,-1.684759557247161865e-01,1.407817751169204712e-01,-1.974785923957824707e-01,3.137052431702613831e-02,-5.972903221845626831e-02,-1.380667388439178467e-01,-2.476453632116317749e-01,-1.407229006290435791e-01,-1.629192084074020386e-01,-1.463965885341167450e-02,-8.300800621509552002e-02,-5.244305729866027832e-02,-2.000089585781097412e-01,-5.157605186104774475e-02,-2.269818931818008423e-01,-8.714953064918518066e-02,-3.695705533027648926e-02,8.029729127883911133e-03,-1.140980608761310577e-02,-2.100837081670761108e-01,-2.576634585857391357e-01,-9.531088918447494507e-02,-1.004372015595436096e-01,2.882506512105464935e-02,-1.122984290122985840e-01,-8.328167721629142761e-03
-8.780708909034729004e-02,1.426860243082046509e-01,6.177039742469787598e-01,0.000000000000000000e+00,1.397168487310409546e-01,1.511960476636886597e-01,4.283536970615386963e-01,4.974932968616485596e-01,-4.453904461115598679e-03,2.234798967838287354e-01,-3.531120419502258301e-01,9.456725418567657471e-02,-6.149785220623016357e-02,7.759034633636474609e-02,-1.136781498789787292e-01,1.054520979523658752e-01,-3.841276764869689941e-01,-2.035915702581405640e-01,4.700561165809631348e-01,3.563451468944549561e-01,-1.304472088813781738e-01,-3.184476867318153381e-02,6.354905962944030762e-01,6.615668535232543945e-01,1.062299013137817383e-01,9.952361881732940674e-02,2.559718675911426544e-02,-4.033805336803197861e-03,-3.415218889713287354e-01,-2.678095400333404541e-01,3.031267225742340088e-01,3.731295764446258545e-01,1.079235877841711044e-02,6.406766921281814575e-02,-1.732230633497238159e-01,-1.837567687034606934e-01,-1.810906827449798584e-01,-1.556170284748077393e-01,-1.531449239701032639e-02,4.703040793538093567e-02,-1.030959710478782654e-01,2.253424935042858124e-02,-1.901066899299621582e-01,-1.118452250957489014e-01,-1.161264404654502869e-01,-6.190463155508041382e-02,-2.442847639322280884e-01,-1.912378817796707153e-01,-1.624128073453903198e-01,5.690457671880722046e-02,-2.100799977779388428e-01,9.602874517440795898e-02,-1.804036200046539307e-01,1.315165013074874878e-01,-1.874352097511291504e-01,1.704940199851989746e-02,-2.704704105854034424e-01,3.821544721722602844e-02,-3.311573266983032227e-01,-1.939875632524490356e-01,-3.743523061275482178e-01,-8.390519022941589355e-02,-3.230219185352325439e-01,-1.229382306337356567e-02,-2.156491726636886597e-01,1.753421127796173096e-01,-2.265965640544891357e-01,-9.754550457000732422e-02,-5.268720909953117371e-02,-1.090611666440963745e-01,1.501522809267044067e-01,3.209503293037414551e-01,-3.236978650093078613e-01,-1.588041931390762329e-01,-1.702766865491867065e-01,-1.650963276624679565e-01,-1.900398284196853638e-01,-1.646419428288936615e-02,-2.702516019344329834e-01,1.174935996532440186e-01,-2.979997396469116211e-01,-1.936142507474869490e-04,-2.445965558290481567e-01,-6.119673326611518860e-02,-3.328896164894104004e-01,2.436291724443435669e-01,-1.598984897136688232e-01,-1.836183667182922363e-01,-2.581439912319183350e-01,2.330054491758346558e-01,-2.146275192499160767e-01,1.860741078853607178e-01,-2.256416231393814087e-01,1.217084303498268127e-01,-7.742577791213989258e-02,-1.582720875740051270e-01,-2.863458693027496338e-01,-1.119950935244560242e-01,-2.504582405090332031e-01,-3.866842482239007950e-03,-1.038810387253761292e-01,5.077695474028587341e-02,-1.801331490278244019e-01,-5.044176243245601654e-03,-2.235157489776611328e-01,-3.064170293509960175e-02,-7.625811547040939331e-02,8.398481458425521851e-02,-5.266959313303232193e-03,-1.865571290254592896e-01,-2.824467420578002930e-01,-1.788581758737564087e-01,-9.260780364274978638e-02,-7.788095623254776001e-02,-1.279750317335128784e-01,-3.706282749772071838e-02
2.028542011976242065e-01,3.998669683933258057e-01,1.768541485071182251e-01,1.397168487310409546e-01,0.000000000000000000e+00,6.617673039436340332e-01,2.850832045078277588e-01,3.208191692829132080e-01,5.388271212577819824e-01,4.689473509788513184e-01,1.305243968963623047e-01,3.676506578922271729e-01,2.016298770904541016e-01,1.235524713993072510e-01,3.228335976600646973e-01,1.509452313184738159e-01,-2.218171656131744385e-01,-1.573978364467620850e-01,1.722468882799148560e-01,3.503920733928680420e-01,-8.846519887447357178e-02,1.202475801110267639e-01,2.741647958755493164e-01,2.428089380264282227e-01,6.047492623329162598e-01,5.444692373275756836e-01,4.675336480140686035e-01,4.835139214992523193e-01,-1.329787075519561768e-01,-6.664248555898666382e-02,3.030062913894653320e-01,2.395120114088058472e-01,2.086718082427978516e-01,2.230898886919021606e-01,-1.777666509151458740e-01,-3.361532092094421387e-01,-4.821799397468566895e-01,-4.025344550609588623e-01,-1.537169367074966431e-01,-2.047493457794189453e-01,-2.641289234161376953e-01,-2.327200770378112793e-01,-2.322229593992233276e-01,-3.640580773353576660e-01,-3.113753497600555420e-01,-3.399570286273956299e-01,-3.064555823802947998e-01,-4.428184926509857178e-01,-1.943209916353225708e-01,-2.089951336383819580e-01,-1.005041748285293579e-01,-2.611723542213439941e-01,-3.257217630743980408e-02,-6.807508319616317749e-02,-2.365774512290954590e-01,-2.501571178436279297e-01,9.328988939523696899e-02,2.500451803207397461e-01,-2.535855174064636230e-01,-2.362844645977020264e-01,-4.348400980234146118e-02,2.552378457039594650e-03,-3.334836959838867188e-01,1.239070370793342590e-01,-1.866139769554138184e-01,-2.555158734321594238e-01,-2.125298231840133667e-01,-3.603497743606567383e-01,1.202470138669013977e-01,-3.824880346655845642e-02,4.393397569656372070e-01,3.143129348754882812e-01,-2.030667513608932495e-01,-2.677266895771026611e-01,-2.501044236123561859e-02,-9.796446561813354492e-02,-1.849952340126037598e-01,-2.896006703376770020e-01,-8.883359283208847046e-02,-2.497021574527025223e-03,-1.188562586903572083e-01,-1.768927276134490967e-01,-4.039072394371032715e-01,-2.227322459220886230e-01,-1.152526438236236572e-01,2.919054217636585236e-02,5.265169218182563782e-02,8.081246167421340942e-02,1.239164620637893677e-01,-2.131050452589988708e-02,-2.436579912900924683e-01,-2.909837663173675537e-01,-1.635291427373886108e-01,-2.544642686843872070e-01,-2.476922422647476196e-01,-7.950437068939208984e-02,-3.068318367004394531e-01,-2.896363735198974609e-01,-3.941992521286010742e-01,-4.409293532371520996e-01,-1.265592426061630249e-01,-1.630335748195648193e-01,-1.753726154565811157e-01,-1.217396482825279236e-01,-1.272375732660293579e-01,-1.893018931150436401e-01,-1.290516704320907593e-01,-1.663522869348526001e-01,-6.183061003684997559e-02,-2.053883969783782959e-01,-3.736478388309478760e-01,-3.162248432636260986e-01,-2.722570598125457764e-01,-2.067389786243438721e-01,-1.070076227188110352e-01,-1.073370799422264099e-01
6.968905776739120483e-02,2.718965709209442139e-01,1.792848855257034302e-01,1.511960476636886597e-01,6.617673039436340332e-01,0.000000000000000000e+00,1.834242790937423706e-01,3.491280078887939453e-01,4.663467407226562500e-01,4.930119216442108154e-01,1.422608047723770142e-01,4.044821560382843018e-01,2.273286879062652588e-01,1.109331101179122925e-01,1.907183527946472168e-01,1.693071424961090088e-01,-2.596847414970397949e-01,-1.823124289512634277e-01,1.134207844734191895e-01,1.685672104358673096e-01,-1.156182680279016495e-02,2.177794277667999268e-02,3.258621692657470703e-01,2.487529963254928589e-01,6.240576505661010742e-01,6.148000955581665039e-01,4.805711805820465088e-01,5.064768791198730469e-01,-1.622333079576492310e-01,-8.314706385135650635e-02,2.213120013475418091e-01,1.509637832641601562e-01,1.882557570934295654e-01,1.357048600912094116e-01,-2.805392742156982422e-01,-4.427120685577392578e-01,-5.559293031692504883e-01,-5.319986343383789062e-01,-2.079067230224609375e-01,-3.069225847721099854e-01,-4.383621513843536377e-01,-1.827087402343750000e-01,-1.122816205024719238e-01,-2.977610826492309570e-01,-1.860381513833999634e-01,-1.182788088917732239e-01,-2.128212749958038330e-01,-2.968138456344604492e-01,-6.251964252442121506e-03,3.499747440218925476e-02,2.434331225231289864e-03,-5.796459689736366272e-02,3.628609329462051392e-02,8.536535501480102539e-02,-3.112785518169403076e-01,-2.170761227607727051e-01,2.508218027651309967e-02,1.589530110359191895e-01,-2.901506423950195312e-01,-2.743962705135345459e-01,-1.183601021766662598e-01,-7.479207217693328857e-02,-3.580054640769958496e-01,8.183597028255462646e-02,-1.391596794128417969e-01,-1.807903647422790527e-01,-2.732793390750885010e-01,-3.737579882144927979e-01,7.650088518857955933e-03,-1.095000579953193665e-01,3.662856221199035645e-01,2.562677562236785889e-01,-1.983602195978164673e-01,-3.064501881599426270e-01,-1.156582087278366089e-01,-2.468084990978240967e-01,-2.171431928873062134e-01,-3.718608319759368896e-01,-1.027746051549911499e-01,-4.003232717514038086e-02,-1.406787037849426270e-01,-2.391695082187652588e-01,-4.204457700252532959e-01,-2.327167838811874390e-01,-1.523164808750152588e-01,1.333217173814773560e-01,-1.399420797824859619e-01,-7.458710670471191406e-02,5.831874534487724304e-02,3.889811411499977112e-02,-1.951197832822799683e-01,-8.295998722314834595e-02,-1.277975738048553467e-01,-1.565496176481246948e-01,-2.936176657676696777e-01,-8.528976142406463623e-02,-3.350108563899993896e-01,-3.109968304634094238e-01,-3.837554156780242920e-01,-4.391251504421234131e-01,-1.277573108673095703e-01,-2.027581632137298584e-01,-2.685326933860778809e-01,-2.119398713111877441e-01,-1.053733825683593750e-01,-1.676054447889328003e-01,-1.508720815181732178e-01,-2.343187779188156128e-01,2.367386408150196075e-02,-1.542093753814697266e-01,-3.537245988845825195e-01,-3.182262778282165527e-01,-2.630576193332672119e-01,-1.794673204421997070e-01,-3.938122838735580444e-02,-1.493680179119110107e-01
3.358119726181030273e-01,2.667166292667388916e-01,6.270276308059692383e-01,4.283536970615386963e-01,2.850832045078277588e-01,1.834242790937423706e-01,0.000000000000000000e+00,1.065831631422042847e-01,2.290624380111694336e-01,2.041620463132858276e-01,1.502211205661296844e-02,8.458529599010944366e-03,3.826364874839782715e-01,-1.146450713276863098e-01,2.347184158861637115e-02,1.872937679290771484e-01,-2.457623928785324097e-01,-2.752810418605804443e-01,6.571140289306640625e-01,3.100710511207580566e-01,-6.411499530076980591e-02,8.513890206813812256e-03,5.111891627311706543e-01,3.026574552059173584e-01,6.578047573566436768e-02,-8.217907510697841644e-03,-1.073137857019901276e-02,1.201527416706085205e-01,-9.849342703819274902e-02,-3.634180128574371338e-01,4.159944057464599609e-01,2.546751201152801514e-01,2.614423632621765137e-01,9.369618445634841919e-02,-1.940786242485046387e-01,-1.519265174865722656e-01,-2.072522193193435669e-01,-2.212920486927032471e-01,6.229183077812194824e-02,1.879034042358398438e-01,-1.010107621550559998e-01,-1.291480660438537598e-01,-1.958324164152145386e-01,-2.939260303974151611e-01,-1.969809830188751221e-01,-1.400262713432312012e-01,-3.695217669010162354e-01,-3.259367048740386963e-01,-2.452839165925979614e-01,-1.352394968271255493e-01,-4.501187205314636230e-01,-1.171828210353851318e-01,-4.862687885761260986e-01,1.320421099662780762e-01,-4.242911338806152344e-01,4.024682193994522095e-02,1.440934538841247559e-01,1.064186543226242065e-01,-1.589508503675460815e-01,-2.280630022287368774e-01,-7.523219287395477295e-02,-1.832918263971805573e-02,-2.357569187879562378e-01,-1.188726648688316345e-01,-3.540258705615997314e-01,4.782420396804809570e-02,-1.294224709272384644e-01,-2.103065848350524902e-01,3.017466664314270020e-01,-7.466812431812286377e-02,1.576416790485382080e-01,4.287537038326263428e-01,-1.023279726505279541e-01,-3.859319388866424561e-01,-2.142217457294464111e-01,7.249757181853055954e-03,-2.280329614877700806e-01,-7.629911415278911591e-04,-3.369263410568237305e-01,1.689545810222625732e-01,-4.115762412548065186e-01,-8.180746436119079590e-02,-2.308651953935623169e-01,-1.649353802204132080e-01,-4.742322266101837158e-01,1.335260421037673950e-01,-4.457295313477516174e-02,-9.546893090009689331e-02,-3.695985376834869385e-01,2.888080477714538574e-01,-4.101675152778625488e-01,-1.736851185560226440e-01,-4.270710051059722900e-01,1.966762989759445190e-01,1.165236681699752808e-01,-1.024959329515695572e-02,-2.279725819826126099e-01,3.819623496383428574e-03,-2.686786055564880371e-01,-1.489682495594024658e-02,-2.317667007446289062e-01,2.207970321178436279e-01,-2.210030704736709595e-01,2.399280220270156860e-01,-2.836835980415344238e-01,-1.327732577919960022e-02,-1.352953016757965088e-01,2.605102956295013428e-01,3.382363542914390564e-02,-2.461239546537399292e-01,-2.613842785358428955e-01,-1.309593766927719116e-01,-8.580790460109710693e-02,-1.326646357774734497e-01,-9.752333164215087891e-02,-3.376454859972000122e-02
-3.010354042053222656e-01,1.884453892707824707e-01,3.563764095306396484e-01,4.974932968616485596e-01,3.208191692829132080e-01,3.491280078887939453e-01,1.065831631422042847e-01,0.000000000000000000e+00,8.401676267385482788e-02,1.996032446622848511e-01,-3.174279630184173584e-01,4.442189633846282959e-01,-2.092099040746688843e-01,4.503243863582611084e-01,-4.149783402681350708e-02,9.676705300807952881e-02,-4.641839265823364258e-01,-4.059977456927299500e-02,8.335802704095840454e-02,4.734981358051300049e-01,-1.865866631269454956e-01,-1.773250102996826172e-01,3.915183842182159424e-01,6.344773769378662109e-01,3.278340697288513184e-01,3.115828335285186768e-01,1.654770523309707642e-01,-5.722432397305965424e-03,-5.140030384063720703e-01,-4.466810822486877441e-02,6.717094779014587402e-02,2.301323562860488892e-01,-5.289251357316970825e-02,2.648773193359375000e-01,-1.384459435939788818e-01,-3.132885396480560303e-01,-4.456622898578643799e-01,-3.331739902496337891e-01,-4.670954495668411255e-02,-2.577263712882995605e-01,-1.895313560962677002e-01,6.606067717075347900e-02,-2.072730660438537598e-01,-9.957759827375411987e-02,-1.767685264348983765e-01,-4.406410828232765198e-02,-8.271254599094390869e-02,-3.134600520133972168e-01,-1.996618881821632385e-02,1.301216632127761841e-01,1.792574226856231689e-01,4.516606219112873077e-03,2.116909474134445190e-01,-1.621957570314407349e-01,3.203189000487327576e-02,-3.437858521938323975e-01,-4.566335082054138184e-01,6.728048622608184814e-02,-4.303477108478546143e-01,-2.440414428710937500e-01,-2.509819567203521729e-01,-1.384642273187637329e-01,-4.140614867210388184e-01,1.396436840295791626e-01,8.029080927371978760e-02,-8.695019036531448364e-02,-3.408421874046325684e-01,-2.767993807792663574e-01,-1.496199369430541992e-01,-7.813233882188796997e-02,2.191017717123031616e-01,4.594929143786430359e-02,-3.577251434326171875e-01,3.615521267056465149e-02,2.967949770390987396e-02,-2.703862190246582031e-01,-1.036094352602958679e-01,-3.001031577587127686e-01,-1.620983891189098358e-02,-9.496727585792541504e-02,2.218066155910491943e-02,-7.386460900306701660e-02,-3.965643048286437988e-01,1.668730936944484711e-02,2.642116509377956390e-02,-2.173534827306866646e-03,-1.000934764742851257e-01,-6.810722500085830688e-02,2.756166756153106689e-01,-2.086145728826522827e-01,1.344189047813415527e-01,1.998787820339202881e-01,2.058064192533493042e-01,-3.225468695163726807e-01,-3.104748427867889404e-01,-1.601103544235229492e-01,-3.112328350543975830e-01,-3.721793591976165771e-01,-1.672548353672027588e-01,-2.707899808883666992e-01,6.185034662485122681e-02,-4.287637770175933838e-01,-1.210424900054931641e-01,-4.640023410320281982e-01,-8.060346543788909912e-02,-2.801512181758880615e-01,-5.581846088171005249e-02,-4.311217367649078369e-01,-1.294844597578048706e-01,-2.330711930990219116e-01,-2.849585711956024170e-01,-2.232003062963485718e-01,-1.871341168880462646e-01,5.200906097888946533e-02,-9.692975133657455444e-02,-1.704370789229869843e-02
1.903918981552124023e-01,2.609962522983551025e-01,7.570821046829223633e-02,-4.453904461115598679e-03,5.388271212577819824e-01,4.663467407226562500e-01,2.290624380111694336e-01,8.401676267385482788e-02,0.000000000000000000e+00,5.725011229515075684e-01,9.047933667898178101e-02,1.350125223398208618e-01,1.918013989925384521e-01,1.136607155203819275e-01,3.993694484233856201e-01,3.183034956455230713e-01,-1.637992560863494873e-01,-1.419379413127899170e-01,1.310583949089050293e-01,1.273812800645828247e-01,-8.477678149938583374e-02,5.170417018234729767e-03,6.672072410583496094e-02,3.660488175228238106e-03,3.229461610317230225e-01,3.583872318267822266e-01,4.337894916534423828e-01,5.097532272338867188e-01,-3.967848047614097595e-02,-1.568528115749359131e-01,1.686737090349197388e-01,8.967036008834838867e-02,1.911641806364059448e-01,2.727686166763305664e-01,-9.688277542591094971e-02,-1.711571663618087769e-01,-3.820095062255859375e-01,-3.322533965110778809e-01,-8.321236819028854370e-02,-1.256465166807174683e-01,-2.424757331609725952e-01,-2.141301333904266357e-01,-2.170607149600982666e-01,-3.509521782398223877e-01,-2.858850359916687012e-01,-2.444301992654800415e-01,-2.189927697181701660e-01,-2.871938645839691162e-01,-2.166381031274795532e-01,-2.161821424961090088e-01,-1.948437243700027466e-01,-2.755741477012634277e-01,-1.713568270206451416e-01,-1.529042273759841919e-01,-2.286616116762161255e-01,-1.532106548547744751e-01,1.282513588666915894e-01,1.176622584462165833e-01,-1.903613209724426270e-01,-1.474922001361846924e-01,6.866583228111267090e-02,2.919617295265197754e-02,-2.532450556755065918e-01,1.052496135234832764e-01,-1.804556697607040405e-01,-1.867166608572006226e-01,-1.313619762659072876e-01,-1.898010969161987305e-01,1.077542752027511597e-01,-7.164241373538970947e-02,4.110190868377685547e-01,3.678110539913177490e-01,-9.442489594221115112e-02,-3.217057883739471436e-01,-9.055878221988677979e-02,-4.810677468776702881e-02,-3.878822550177574158e-02,-1.591035723686218262e-01,-9.658648073673248291e-02,1.155085340142250061e-01,-1.349952071905136108e-01,-1.538433283567428589e-01,-3.329903781414031982e-01,-2.123939841985702515e-01,-1.263825446367263794e-01,-1.938245608471333981e-03,1.087556183338165283e-01,5.008058249950408936e-02,6.417661160230636597e-02,5.554355308413505554e-02,-1.412395834922790527e-01,-2.766054570674896240e-01,-1.018262878060340881e-01,-9.632188826799392700e-02,-8.909102529287338257e-02,7.066326588392257690e-02,-1.291003823280334473e-01,-8.962601423263549805e-02,-1.905577629804611206e-01,-1.713051050901412964e-01,-3.059357218444347382e-02,-5.985596030950546265e-02,-2.739485912024974823e-02,5.746567994356155396e-02,2.546441974118351936e-04,-1.185475476086139679e-02,-1.547717005014419556e-01,-8.900825679302215576e-02,-1.042798440903425217e-02,-1.308062821626663208e-01,-1.520209908485412598e-01,-1.185602098703384399e-01,-1.833940297365188599e-02,-1.231901254504919052e-02,7.136306911706924438e-02,-2.699903585016727448e-02
1.523572802543640137e-01,2.304379940032958984e-01,1.405771821737289429e-01,2.234798967838287354e-01,4.689473509788513184e-01,4.930119216442108154e-01,2.041620463132858276e-01,1.996032446622848511e-01,5.725011229515075684e-01,0.000000000000000000e+00,-1.720590516924858093e-02,9.281142801046371460e-02,1.408519446849822998e-01,6.437868624925613403e-02,2.666085958480834961e-01,3.532242178916931152e-01,-3.152114450931549072e-01,-2.510747909545898438e-01,1.297011524438858032e-01,1.367852985858917236e-01,-6.915879994630813599e-02,5.473921075463294983e-02,2.766067683696746826e-01,1.432178914546966553e-01,3.566065430641174316e-01,4.299167990684509277e-01,5.613135695457458496e-01,6.123538613319396973e-01,-1.646903157234191895e-01,-2.459683716297149658e-01,2.698003351688385010e-01,3.324963748455047607e-01,1.569746434688568115e-01,2.360893785953521729e-01,-1.597687304019927979e-01,-3.385998606681823730e-01,-4.167617261409759521e-01,-2.866877317428588867e-01,-4.224096238613128662e-02,-6.772174686193466187e-02,-3.214768767356872559e-01,-2.010565996170043945e-01,-1.968157142400741577e-01,-3.165920376777648926e-01,-3.876195549964904785e-01,-2.636874318122863770e-01,-3.287591040134429932e-01,-2.629156708717346191e-01,-2.783918082714080811e-01,-1.859187781810760498e-01,-2.698666751384735107e-01,-1.591675877571105957e-01,-1.947318017482757568e-01,1.579883545637130737e-01,-3.110311031341552734e-01,4.719747975468635559e-02,-2.302591502666473389e-02,2.912662364542484283e-02,-4.091657400131225586e-01,-3.056701123714447021e-01,-2.274493277072906494e-01,-8.552306145429611206e-02,-4.647246599197387695e-01,5.713191628456115723e-02,-3.640056550502777100e-01,-8.182223141193389893e-02,-2.287776172161102295e-01,-1.880820840597152710e-01,8.651426993310451508e-03,-1.448655426502227783e-01,3.524264097213745117e-01,5.223860740661621094e-01,-2.337920814752578735e-01,-3.841193914413452148e-01,-1.509566754102706909e-01,-1.031681895256042480e-01,-1.456819176673889160e-01,-1.464785188436508179e-01,-2.257162034511566162e-01,3.579606115818023682e-01,-3.062621355056762695e-01,-8.900310099124908447e-02,-2.947203516960144043e-01,-9.498791396617889404e-02,-3.136095702648162842e-01,3.131355643272399902e-01,4.642909020185470581e-02,8.427584916353225708e-02,-5.463721975684165955e-02,3.270893692970275879e-01,-3.145129978656768799e-01,-1.929319053888320923e-01,-2.285536676645278931e-01,1.257051378488540649e-01,-9.468773752450942993e-02,1.406922787427902222e-01,-2.109540700912475586e-01,-4.385725036263465881e-02,-2.973348498344421387e-01,-2.128462344408035278e-01,-2.606258094310760498e-01,-1.286319456994533539e-03,-2.746283710002899170e-01,2.998270653188228607e-02,-6.939049065113067627e-02,2.354930341243743896e-02,-3.408289849758148193e-01,-1.293723583221435547e-01,-4.057087004184722900e-03,-1.632256805896759033e-01,-3.078536391258239746e-01,-1.774037927389144897e-01,-4.471715539693832397e-02,-5.698414985090494156e-03,9.855874627828598022e-02,-1.293477714061737061e-01
5.206158161163330078e-01,2.207603156566619873e-01,-1.372202038764953613e-01,-3.531120419502258301e-01,1.305243968963623047e-01,1.422608047723770142e-01,1.502211205661296844e-02,-3.174279630184173584e-01,9.047933667898178101e-02,-1.720590516924858093e-02,0.000000000000000000e+00,6.191410869359970093e-02,5.441781878471374512e-01,-3.088624179363250732e-01,-1.897144690155982971e-02,-1.626551151275634766e-01,2.574449479579925537e-01,-1.077698916196823120e-01,-2.874839864671230316e-02,-6.238860264420509338e-02,-7.240675389766693115e-02,-2.085942216217517853e-02,-8.032879233360290527e-02,-2.532507777214050293e-01,2.043313384056091309e-01,1.701043546199798584e-01,1.201859489083290100e-01,2.067345976829528809e-01,2.946774065494537354e-01,-2.038974687457084656e-02,1.185353472828865051e-01,2.729198522865772247e-02,4.037659466266632080e-01,1.420698165893554688e-01,-2.107989490032196045e-01,-2.017042040824890137e-01,-1.824816316366195679e-01,-2.641752958297729492e-01,-2.030273228883743286e-01,-2.316019535064697266e-01,-1.588317602872848511e-01,-3.313344120979309082e-01,7.038200646638870239e-02,-2.331077754497528076e-01,-1.610026806592941284e-01,-2.061801254749298096e-01,-1.583906114101409912e-01,-1.658203303813934326e-01,-4.582474008202552795e-02,-1.922112554311752319e-01,-9.038637578487396240e-02,-1.919556409120559692e-01,6.388302147388458252e-02,2.342975884675979614e-01,-2.998183965682983398e-01,-1.030118837952613831e-01,5.687824487686157227e-01,2.149697840213775635e-01,2.077314406633377075e-01,7.834143191576004028e-02,2.603359222412109375e-01,9.830451011657714844e-02,1.666382104158401489e-01,-4.204741865396499634e-02,-1.309650540351867676e-01,-1.803312450647354126e-01,5.930087715387344360e-02,-1.884142309427261353e-01,2.578634917736053467e-01,2.587169110774993896e-01,4.161997511982917786e-02,1.445489563047885895e-02,1.160913482308387756e-01,-2.722251713275909424e-01,-1.078825816512107849e-01,1.850375439971685410e-03,-1.805035173892974854e-01,-2.407999932765960693e-01,-2.474615909159183502e-02,-6.433478742837905884e-02,-5.609887465834617615e-02,-1.963202059268951416e-01,4.401929676532745361e-02,-2.696273028850555420e-01,5.002186167985200882e-03,7.869102805852890015e-02,7.730857934802770615e-03,9.249994158744812012e-02,2.465511299669742584e-02,1.055808514356613159e-01,-1.990986466407775879e-01,-2.396854907274246216e-01,-1.263455450534820557e-01,6.920132040977478027e-02,-3.296007961034774780e-02,3.984768316149711609e-02,-3.940879926085472107e-02,-1.131831780076026917e-01,-1.873738318681716919e-01,-2.885888516902923584e-01,-1.762557774782180786e-01,8.237838745117187500e-02,-1.041423454880714417e-01,2.580391801893711090e-02,6.815638393163681030e-02,8.322858065366744995e-02,-1.196424961090087891e-01,-3.267153725028038025e-02,1.015440374612808228e-01,-3.378545492887496948e-02,-1.285830885171890259e-01,-6.577433645725250244e-02,-2.240312099456787109e-01,-1.882158219814300537e-01,1.447654068470001221e-01,-1.634050905704498291e-01
-1.774291545152664185e-01,3.728990554809570312e-01,3.308634087443351746e-02,9.456725418567657471e-02,3.676506578922271729e-01,4.044821560382843018e-01,8.458529599010944366e-03,4.442189633846282959e-01,1.350125223398208618e-01,9.281142801046371460e-02,6.191410869359970093e-02,0.000000000000000000e+00,6.116049736738204956e-02,4.775873422622680664e-01,1.400990486145019531e-01,2.993024587631225586e-01,-2.012844234704971313e-01,2.893325388431549072e-01,1.625698655843734741e-01,3.042685091495513916e-01,-1.681259721517562866e-01,-1.369533091783523560e-01,8.800991624593734741e-02,3.342774510383605957e-01,2.843462526798248291e-01,2.939788997173309326e-01,8.393222093582153320e-02,4.735350236296653748e-02,-2.209805846214294434e-01,1.723989248275756836e-01,1.561398357152938843e-01,3.811670467257499695e-02,2.497328817844390869e-01,2.517383098602294922e-01,-1.328930705785751343e-01,-1.766939014196395874e-01,-5.280702114105224609e-01,-4.133812785148620605e-01,-2.333234995603561401e-01,-2.345309406518936157e-01,-2.485434114933013916e-01,-1.864122450351715088e-01,-3.693808913230895996e-01,-3.301942348480224609e-01,-2.816469073295593262e-01,-2.389328777790069580e-01,-2.522283196449279785e-01,-3.308307528495788574e-01,-2.165026515722274780e-01,-8.462855964899063110e-02,-7.024845480918884277e-02,-1.693982779979705811e-01,8.513989858329296112e-03,-1.603375524282455444e-01,-1.087863892316818237e-01,-3.103837072849273682e-01,-1.400270685553550720e-02,2.908418774604797363e-01,-2.187148779630661011e-01,9.077982977032661438e-03,-3.661054372787475586e-02,2.217393666505813599e-01,-3.455705344676971436e-01,4.012222886085510254e-01,-1.446439474821090698e-01,-1.277241557836532593e-01,-1.411451250314712524e-01,-2.523435652256011963e-01,4.577166214585304260e-02,-1.010163649916648865e-01,1.761674880981445312e-01,9.256237000226974487e-02,-7.763358205556869507e-02,2.085000835359096527e-02,-3.591929329559206963e-03,-2.029519155621528625e-02,-8.674782514572143555e-02,-1.588380336761474609e-01,-2.632376551628112793e-01,1.011624932289123535e-02,-1.628395766019821167e-01,6.697446852922439575e-02,-5.627956986427307129e-01,-5.872260779142379761e-02,-1.132549792528152466e-01,-6.905730813741683960e-02,8.145554922521114349e-03,3.891048207879066467e-02,1.789339780807495117e-01,-1.759401708841323853e-01,-1.051009260118007660e-02,-2.561255730688571930e-02,8.516277372837066650e-02,-2.005585879087448120e-01,-3.788666725158691406e-01,-2.337513566017150879e-01,-3.431008160114288330e-01,-3.184367120265960693e-01,-1.685547977685928345e-01,-1.619628667831420898e-01,9.879191964864730835e-02,-1.547868102788925171e-01,-3.838801058009266853e-03,-1.149541363120079041e-01,1.649486273527145386e-01,-2.962585724890232086e-02,-3.153809159994125366e-02,-1.731382012367248535e-01,1.111094430088996887e-01,-2.028484493494033813e-01,-1.726388484239578247e-01,-2.506647817790508270e-02,-1.179435625672340393e-01,8.777411654591560364e-03,9.959368407726287842e-02,1.586041152477264404e-01
4.442217946052551270e-01,7.727062702178955078e-02,1.584509760141372681e-01,-6.149785220623016357e-02,2.016298770904541016e-01,2.273286879062652588e-01,3.826364874839782715e-01,-2.092099040746688843e-01,1.918013989925384521e-01,1.408519446849822998e-01,5.441781878471374512e-01,6.116049736738204956e-02,0.000000000000000000e+00,-1.449336260557174683e-01,1.478079259395599365e-01,1.531444787979125977e-01,7.225153595209121704e-02,-2.003861069679260254e-01,2.590415179729461670e-01,-8.902484923601150513e-02,-7.056327909231185913e-02,7.944854907691478729e-03,2.720480859279632568e-01,-4.167152568697929382e-02,2.269526422023773193e-01,1.415538489818572998e-01,7.138920575380325317e-02,1.831686347723007202e-01,1.569338887929916382e-01,-2.604507803916931152e-01,3.171177804470062256e-01,1.391666084527969360e-01,4.733006060123443604e-01,7.915726304054260254e-02,-2.745992541313171387e-01,-3.405800163745880127e-01,-2.920443117618560791e-01,-3.824418187141418457e-01,-1.210514158010482788e-01,4.626039881259202957e-03,-2.009721547365188599e-01,-3.418945372104644775e-01,-1.608308404684066772e-01,-4.415019154548645020e-01,-2.028571665287017822e-01,-1.467495709657669067e-01,-3.731251657009124756e-01,-3.185382485389709473e-01,-8.904658257961273193e-02,-9.171429090201854706e-03,-2.998556792736053467e-01,-1.648945175111293793e-02,-2.699973285198211670e-01,2.792192697525024414e-01,-4.355403482913970947e-01,-7.780627161264419556e-02,4.149772822856903076e-01,-6.707439199090003967e-03,-7.748874276876449585e-02,-1.664791852235794067e-01,1.068686842918395996e-01,-4.675738140940666199e-02,-5.183332785964012146e-02,-1.754453629255294800e-01,-2.400265783071517944e-01,-3.562716394662857056e-02,-1.099355295300483704e-01,-3.325655758380889893e-01,1.976432204246520996e-01,-1.744017750024795532e-02,1.571714878082275391e-01,2.204066365957260132e-01,6.750328838825225830e-02,-4.073435068130493164e-01,-1.366490572690963745e-01,-4.434326291084289551e-02,-2.528783679008483887e-01,-1.537944376468658447e-01,-2.604897618293762207e-01,9.154867380857467651e-02,-3.278012871742248535e-01,-2.925628721714019775e-01,-6.445357203483581543e-02,-2.311575114727020264e-01,-2.997824549674987793e-01,7.928458601236343384e-02,-3.549727052450180054e-02,-1.050948351621627808e-01,-1.991149336099624634e-01,2.529374361038208008e-01,-3.387081921100616455e-01,-8.788427710533142090e-02,-2.554019689559936523e-01,3.343464732170104980e-01,-6.418434530496597290e-02,-3.652811795473098755e-02,-2.291361242532730103e-01,-1.330571621656417847e-01,-3.403186500072479248e-01,-2.112641930580139160e-01,-2.724967896938323975e-01,1.646879017353057861e-01,-2.892671525478363037e-01,1.043964475393295288e-01,-4.337834659963846207e-03,1.584626883268356323e-01,-2.208848744630813599e-01,7.213710993528366089e-02,1.522496938705444336e-01,-1.859155446290969849e-01,-2.669903039932250977e-01,-1.361763030290603638e-01,-2.026321738958358765e-01,-1.598947793245315552e-01,2.133699506521224976e-01,-1.141998097300529480e-01
