0.000000000000000000e+00,2.882289290428161621e-01,4.425987601280212402e-01,3.959451019763946533e-01,-1.114669591188430786e-01,-1.701459437608718872e-01,4.718360900878906250e-01,2.441135048866271973e-01,1.181375421583652496e-02,-1.294822990894317627e-01,1.637092232704162598e-01,2.451166212558746338e-01,1.397835314273834229e-01,8.316861838102340698e-02,-1.447092592716217041e-01,-1.165812090039253235e-01,4.432553425431251526e-02,6.196620315313339233e-02,3.485906124114990234e-01,3.295581936836242676e-01,-3.218760192394256592e-01,-3.226782679557800293e-01,1.334036737680435181e-01,-6.875497102737426758e-02,-2.690897881984710693e-01,-5.005941540002822876e-02,-3.694830238819122314e-01,-2.910657525062561035e-01,1.424995809793472290e-01,-7.046204805374145508e-02,-1.009856685996055603e-01,6.698060035705566406e-02,1.856017261743545532e-01,9.943911433219909668e-02,-2.535859346389770508e-01,-3.237771987915039062e-01,-1.073582172393798828e-01,-3.116338253021240234e-01,-2.372121810913085938e-01,-1.419236063957214355e-01,-4.249478131532669067e-02,-5.797329545021057129e-02,-1.332443859428167343e-02,-4.034721478819847107e-02,1.531373411417007446e-01,1.259183436632156372e-01,3.462173789739608765e-02,-6.961721181869506836e-02,1.806391328573226929e-01,5.832012370228767395e-02,5.842111259698867798e-02,4.153876006603240967e-02,-6.363253295421600342e-02,-1.390754282474517822e-01,-4.344265535473823547e-02,-5.745390430092811584e-02,4.984068274497985840e-01,2.164941132068634033e-01,2.584619820117950439e-01,1.918428838253021240e-01,1.985706686973571777e-01,2.593462169170379639e-01,1.140267103910446167e-01,1.960810273885726929e-01,8.565049618482589722e-02,1.763759553432464600e-01,1.708030551671981812e-01,-2.194700017571449280e-02,3.752802014350891113e-01,1.235537379980087280e-01,-3.037106990814208984e-01,1.485076695680618286e-01,2.040419429540634155e-01,-2.711775479838252068e-03,-1.662192940711975098e-01,-9.115421213209629059e-03,-7.763780653476715088e-02,-6.523446738719940186e-02,-7.696992903947830200e-02,-6.247007846832275391e-02,-9.339135885238647461e-02,4.202064499258995056e-02,-1.971372216939926147e-01,-1.584907174110412598e-01,3.394650295376777649e-02,-8.249372988939285278e-02,-2.748180031776428223e-01,-1.666863858699798584e-01,-5.508788675069808960e-02,-1.783799082040786743e-01,-3.944776952266693115e-02,-1.512549072504043579e-01,-4.792660102248191833e-02,3.153574094176292419e-02,-2.140519022941589355e-01,-5.735597014427185059e-02,3.439269587397575378e-02,-4.235875979065895081e-02,5.423921719193458557e-02,6.150402873754501343e-02,1.044785603880882263e-01,2.445814907550811768e-01,9.040275961160659790e-02,1.394057422876358032e-01,-5.319296568632125854e-02,-6.798204034566879272e-02,-3.355716587975621223e-03,-3.586110658943653107e-03,-1.851813346147537231e-01,1.378772594034671783e-02,-4.582317918539047241e-02,9.818120300769805908e-02,1.506235823035240173e-02,-5.615363270044326782e-02,7.534925639629364014e-02,1.454485505819320679e-01
2.882289290428161621e-01,0.000000000000000000e+00,9.850027412176132202e-02,3.558354079723358154e-01,-9.123318642377853394e-02,-1.672092080116271973e-01,1.593634486198425293e-01,5.603023767471313477e-01,1.877891458570957184e-02,-1.114365831017494202e-01,2.073729783296585083e-01,3.570020794868469238e-01,4.859240725636482239e-02,2.815227806568145752e-01,-1.132816448807716370e-01,-1.573121994733810425e-01,-1.530761122703552246e-01,-1.113744303584098816e-01,1.400649994611740112e-01,3.554184734821319580e-01,-8.643022179603576660e-02,-6.802862882614135742e-02,3.027628920972347260e-02,1.091160997748374939e-01,-1.726672649383544922e-01,-1.802947074174880981e-01,-1.494458913803100586e-01,-1.812454909086227417e-01,-1.160913109779357910e-01,4.701848328113555908e-02,-2.687107771635055542e-03,2.294599562883377075e-01,2.991974353790283203e-01,4.239758253097534180e-01,-8.297366648912429810e-02,-4.244282469153404236e-02,-7.575167715549468994e-02,-1.600077003240585327e-01,-2.331868261098861694e-01,-3.670190870761871338e-01,3.768202662467956543e-02,-5.883875116705894470e-02,2.577567398548126221e-01,1.443588733673095703e-01,-2.254517078399658203e-01,-1.037956029176712036e-01,9.570389240980148315e-02,-1.838818192481994629e-01,-7.275845110416412354e-02,-3.061400912702083588e-02,1.520394235849380493e-01,2.431231364607810974e-02,1.065461337566375732e-01,2.161386609077453613e-01,-2.393181920051574707e-01,-2.773749232292175293e-01,4.418791234493255615e-01,5.696437954902648926e-01,2.114904224872589111e-01,-2.058166414499282837e-01,3.474175930023193359e-01,2.042999118566513062e-01,6.867953389883041382e-02,2.624678798019886017e-02,-1.789252460002899170e-01,-2.750388681888580322e-01,-2.660641372203826904e-01,-1.036487966775894165e-01,1.398998312652111053e-03,-6.753008067607879639e-02,2.069108784198760986e-01,1.015976816415786743e-01,1.244653761386871338e-01,3.637346029281616211e-01,9.614466875791549683e-02,5.149730294942855835e-02,1.705066710710525513e-01,9.992749989032745361e-02,8.108417689800262451e-02,9.274165332317352295e-02,1.016200408339500427e-01,-6.310424208641052246e-02,-1.241626739501953125e-01,-1.584632098674774170e-01,1.459333300590515137e-01,-3.660189919173717499e-03,-3.499836027622222900e-01,-3.803406655788421631e-01,-2.258565127849578857e-01,-4.026674479246139526e-02,-2.323198616504669189e-01,-1.021430492401123047e-01,4.441025201231241226e-03,-2.111620455980300903e-01,-2.650445699691772461e-01,-3.494247496128082275e-01,-2.745473086833953857e-01,-3.040274679660797119e-01,-1.183289363980293274e-01,-2.397059500217437744e-01,-3.230178952217102051e-01,-1.927819103002548218e-01,-3.761675655841827393e-01,-3.337225914001464844e-01,-1.811414025723934174e-02,6.281113624572753906e-02,-4.465272128582000732e-01,-4.176566302776336670e-01,-2.498055696487426758e-01,7.044744677841663361e-03,-3.448740765452384949e-02,4.988684505224227905e-02,6.204182654619216919e-02,2.517413794994354248e-01,2.389103323221206665e-01,1.566888988018035889e-01
4.425987601280212402e-01,9.850027412176132202e-02,0.000000000000000000e+00,2.846856415271759033e-01,-4.662881419062614441e-02,-1.210120022296905518e-01,4.002010226249694824e-01,1.611813008785247803e-01,9.977212548255920410e-02,-2.255656421184539795e-01,1.229480579495429993e-01,2.994051389396190643e-02,2.797961831092834473e-01,-1.234466582536697388e-02,-2.963694930076599121e-01,-3.172678947448730469e-01,1.719810962677001953e-01,-5.998399108648300171e-02,7.069287449121475220e-02,2.487646192312240601e-01,-2.631242275238037109e-01,-1.751984059810638428e-01,1.402970403432846069e-01,2.150123566389083862e-01,5.795019865036010742e-02,-9.709077328443527222e-02,-1.517208218574523926e-01,-2.209997773170471191e-01,3.223802149295806885e-02,1.088244318962097168e-01,-3.761424496769905090e-02,7.608900219202041626e-02,6.018385291099548340e-02,-8.148055523633956909e-03,6.923446804285049438e-02,-1.259947568178176880e-01,-6.269437074661254883e-02,-1.986604183912277222e-01,-2.484793514013290405e-01,-1.464863121509552002e-01,-5.546826869249343872e-02,-1.014558076858520508e-01,5.041216313838958740e-02,8.316359668970108032e-02,2.436706572771072388e-01,2.158028334379196167e-01,1.273987144231796265e-01,1.060609370470046997e-01,1.949935853481292725e-01,1.810178905725479126e-01,1.126486733555793762e-01,9.351254999637603760e-02,-2.650826573371887207e-01,9.239365346729755402e-03,-1.490330249071121216e-01,-3.744797781109809875e-02,7.146997749805450439e-02,1.693186163902282715e-02,4.353405535221099854e-02,2.521616220474243164e-02,1.173842847347259521e-01,-4.434071015566587448e-03,7.985488325357437134e-02,-1.388402581214904785e-01,4.155307412147521973e-01,1.253238171339035034e-01,3.215127289295196533e-01,-6.048560142517089844e-02,1.903604567050933838e-01,4.523047059774398804e-02,3.662559902295470238e-03,4.076651856303215027e-02,6.876312941312789917e-02,1.568565964698791504e-01,-7.884766906499862671e-02,6.146304681897163391e-02,5.297428742051124573e-02,-1.238388791680335999e-01,7.368554919958114624e-02,-6.839067675173282623e-03,8.837195485830307007e-02,2.060605585575103760e-02,-1.951626390218734741e-01,-3.157422244548797607e-01,1.563931815326213837e-02,-2.620494738221168518e-02,-2.449440956115722656e-01,-1.024621725082397461e-01,-2.124638408422470093e-01,5.069087818264961243e-02,-1.072399467229843140e-01,1.085313111543655396e-01,-1.944415718317031860e-01,2.403946667909622192e-01,-1.636365950107574463e-01,-5.061953514814376831e-02,9.066879004240036011e-02,1.312998533248901367e-01,3.365830704569816589e-02,2.164270430803298950e-01,1.215482801198959351e-01,2.545136809349060059e-01,2.055048346519470215e-01,2.140917479991912842e-01,-1.932072341442108154e-01,1.286178678274154663e-01,-2.748879790306091309e-02,7.235556840896606445e-02,-2.091855853796005249e-01,1.161115616559982300e-01,7.157698273658752441e-02,-2.605200372636318207e-02,-3.979864064604043961e-03,-7.521827518939971924e-02,1.356372386217117310e-01,-2.956031821668148041e-02
3.959451019763946533e-01,3.558354079723358154e-01,2.846856415271759033e-01,0.000000000000000000e+00,-1.453585326671600342e-01,-9.475283324718475342e-02,4.469690322875976562e-01,5.351029634475708008e-01,-3.394503891468048096e-02,-2.386276796460151672e-02,3.064198046922683716e-02,3.566198647022247314e-01,9.273380041122436523e-02,3.024419844150543213e-01,-1.383966356515884399e-01,-6.059150770306587219e-02,-1.814965307712554932e-01,-8.281651884317398071e-02,1.707712560892105103e-01,1.915858536958694458e-01,-3.007408380508422852e-01,-2.326688617467880249e-01,3.879208266735076904e-01,4.970326274633407593e-02,-1.410432904958724976e-01,-9.498436003923416138e-03,-2.757187187671661377e-01,-2.507545650005340576e-01,2.281429991126060486e-02,-1.300959587097167969e-01,2.732467651367187500e-02,5.207464098930358887e-02,3.361542224884033203e-01,1.930271983146667480e-01,2.159314975142478943e-02,-4.868450015783309937e-02,-2.902756929397583008e-01,-4.069978296756744385e-01,-3.845277130603790283e-01,-3.983136713504791260e-01,-1.717957109212875366e-01,-2.622875273227691650e-01,2.833739519119262695e-01,1.214646175503730774e-01,-4.950628615915775299e-03,1.249976158142089844e-01,2.053556442260742188e-01,-1.727371215820312500e-01,1.427328884601593018e-01,9.272722154855728149e-02,2.748544812202453613e-01,1.267729550600051880e-01,1.325280368328094482e-01,7.893548160791397095e-02,-2.696865797042846680e-01,-3.860629498958587646e-01,4.197812676429748535e-01,4.213428795337677002e-01,2.566857337951660156e-01,4.607313871383666992e-02,3.710750043392181396e-01,3.007979989051818848e-01,-6.557632237672805786e-02,1.926565468311309814e-01,1.078701466321945190e-01,2.682685256004333496e-01,-5.507947644218802452e-04,8.960432559251785278e-02,1.817985475063323975e-01,-8.115456998348236084e-02,-8.021882921457290649e-02,1.367580294609069824e-01,1.488231271505355835e-01,-4.631207510828971863e-02,-2.011623829603195190e-01,-2.529774419963359833e-02,-1.434900313615798950e-01,-6.994903087615966797e-02,-9.230978786945343018e-02,-6.950958818197250366e-02,-2.053488343954086304e-01,-1.215392798185348511e-01,-3.132043182849884033e-01,-2.087320089340209961e-01,1.025475263595581055e-01,-1.834846474230289459e-02,-4.502461254596710205e-01,-4.677505791187286377e-01,-1.521534174680709839e-01,-2.119567096233367920e-01,-3.701150417327880859e-02,-2.403610050678253174e-01,1.789712458848953247e-01,-2.263899147510528564e-01,-4.480158686637878418e-01,-2.630739510059356689e-01,-1.185080036520957947e-01,-2.093323767185211182e-01,-8.192499727010726929e-02,-1.847399026155471802e-01,-2.116841822862625122e-01,-1.853560656309127808e-01,-2.239895612001419067e-01,-2.194330543279647827e-01,1.414595842361450195e-01,-4.015163332223892212e-02,-3.703808486461639404e-01,-3.585164248943328857e-01,-3.038468956947326660e-01,1.011210829019546509e-01,1.035873815417289734e-01,1.587247550487518311e-01,1.067744344472885132e-01,3.001996576786041260e-01,3.131369650363922119e-01,1.574713736772537231e-01
-1.114669591188430786e-01,-9.123318642377853394e-02,-4.662881419062614441e-02,-1.453585326671600342e-01,0.000000000000000000e+00,5.310074090957641602e-01,-7.677696645259857178e-02,-1.736760437488555908e-01,3.846831917762756348e-01,4.906996190547943115e-01,-6.323473900556564331e-02,1.869372837245464325e-02,-9.106835722923278809e-02,5.412764102220535278e-02,3.307937681674957275e-01,2.824319303035736084e-01,-1.194915547966957092e-01,1.869597285985946655e-01,1.732565164566040039e-01,-3.587591275572776794e-02,2.903638482093811035e-01,2.975188791751861572e-01,1.258165240287780762e-01,-2.761212363839149475e-02,4.365743398666381836e-01,5.431820154190063477e-01,5.624307394027709961e-01,5.164332985877990723e-01,1.676950752735137939e-01,1.517447084188461304e-01,7.673597335815429688e-02,-8.853247761726379395e-02,-1.940417438745498657e-01,-2.706513404846191406e-01,1.113466098904609680e-01,1.488036215305328369e-01,-9.041481465101242065e-02,8.622764050960540771e-02,1.606663614511489868e-01,1.315518468618392944e-01,-1.185044124722480774e-01,1.014728378504514694e-02,-2.291998416185379028e-01,-2.186260372400283813e-01,-1.604092270135879517e-01,-2.296532243490219116e-01,-1.537474989891052246e-01,-1.609447449445724487e-01,-3.203131556510925293e-01,-2.567098736763000488e-01,-3.237023949623107910e-01,-3.181186020374298096e-01,-4.090686887502670288e-02,-1.806079000234603882e-01,3.838586062192916870e-02,-6.356704048812389374e-03,-2.611425817012786865e-01,-1.360765993595123291e-01,-2.876701951026916504e-01,-1.268419921398162842e-01,-2.086406648159027100e-01,-1.434848159551620483e-01,-2.189926207065582275e-01,-2.606683410704135895e-02,-6.381361745297908783e-03,-9.249263256788253784e-02,-2.055179886519908905e-02,-5.374116450548171997e-02,8.501555025577545166e-02,7.422421127557754517e-02,7.605128735303878784e-02,2.601277530193328857e-01,2.005218714475631714e-02,1.245398912578821182e-02,8.964160084724426270e-02,9.984566271305084229e-02,-1.601166650652885437e-02,5.702504888176918030e-02,1.280018538236618042e-01,1.651443541049957275e-01,1.345168799161911011e-01,1.360150426626205444e-01,1.113476231694221497e-01,1.622554361820220947e-01,1.680090464651584625e-02,-2.097453922033309937e-01,2.227926701307296753e-01,1.879069805145263672e-01,1.643731296062469482e-01,-8.246640674769878387e-03,-3.494609519839286804e-02,-2.576652765274047852e-01,-6.194012612104415894e-02,-2.098104208707809448e-01,1.146151795983314514e-01,7.627548277378082275e-02,8.198274672031402588e-02,4.169059172272682190e-02,8.805213123559951782e-02,-6.036308035254478455e-02,1.397889107465744019e-01,-1.238595843315124512e-01,9.567836672067642212e-02,3.182106092572212219e-02,-8.620293438434600830e-02,-3.055162429809570312e-01,9.555649012327194214e-02,1.561118364334106445e-01,-1.181119680404663086e-02,-1.302280463278293610e-02,-1.939471997320652008e-02,-9.557313285768032074e-03,-1.968823522329330444e-01,-5.778231471776962280e-02,-2.524285204708576202e-02,-2.007202208042144775e-01
-1.701459437608718872e-01,-1.672092080116271973e-01,-1.210120022296905518e-01,-9.475283324718475342e-02,5.310074090957641602e-01,0.000000000000000000e+00,-1.118675768375396729e-01,-2.096949070692062378e-01,3.668243587017059326e-01,5.560487508773803711e-01,4.351327940821647644e-02,-1.897520571947097778e-02,2.278841659426689148e-02,8.202055096626281738e-02,3.429166674613952637e-01,4.520018696784973145e-01,-4.369352757930755615e-02,5.430531501770019531e-02,3.948030248284339905e-02,-1.044593751430511475e-01,1.649822890758514404e-01,1.457685381174087524e-01,1.813749372959136963e-01,-1.991503387689590454e-01,3.076582551002502441e-01,4.081741571426391602e-01,4.514869749546051025e-01,4.906104207038879395e-01,2.981055378913879395e-01,-6.293299794197082520e-02,7.620188593864440918e-02,-3.512858748435974121e-01,-2.428419589996337891e-01,-4.069124460220336914e-01,4.243158176541328430e-02,3.593188524246215820e-02,-1.349276751279830933e-01,1.072665303945541382e-01,1.224806979298591614e-01,8.168102800846099854e-02,-1.933956295251846313e-01,-1.109911501407623291e-01,-3.135113418102264404e-01,-2.802099585533142090e-01,-1.144304797053337097e-01,-2.055919617414474487e-01,-1.557327955961227417e-01,-1.583864390850067139e-01,-2.726860940456390381e-01,-1.746082156896591187e-01,-2.836902141571044922e-01,-1.812999546527862549e-01,-9.506379067897796631e-02,-1.943241804838180542e-01,8.303530514240264893e-03,-7.198086008429527283e-03,-3.186398446559906006e-01,-2.176560312509536743e-01,-3.062247633934020996e-01,-6.559068709611892700e-02,-2.370071709156036377e-01,-1.296028047800064087e-01,-1.349596679210662842e-01,6.419878453016281128e-02,-1.562038320116698742e-03,-1.951408945024013519e-02,-4.229841753840446472e-02,-5.525134503841400146e-02,5.229634791612625122e-02,5.190694704651832581e-03,1.418517529964447021e-01,9.280753880739212036e-02,1.994528472423553467e-01,-1.423102766275405884e-01,6.820290535688400269e-02,1.415497809648513794e-01,-2.171878516674041748e-01,9.432204067707061768e-02,-6.408906728029251099e-02,2.106261849403381348e-01,-6.345877051353454590e-02,2.204405665397644043e-01,1.022149696946144104e-01,2.974253892898559570e-01,-1.350598782300949097e-01,-2.110774442553520203e-02,2.109610736370086670e-01,1.797136664390563965e-01,1.180668994784355164e-01,4.990258067846298218e-02,1.497899089008569717e-02,-2.523269653320312500e-01,-5.917809158563613892e-02,-1.526270210742950439e-01,1.446809470653533936e-01,5.605662986636161804e-02,6.522385776042938232e-02,6.975110620260238647e-03,1.298635303974151611e-01,-1.800935342907905579e-02,1.757066249847412109e-01,-1.069170236587524414e-01,1.230370253324508667e-01,5.170415714383125305e-02,-8.360642939805984497e-02,-2.657567858695983887e-01,2.014293670654296875e-01,2.024206221103668213e-01,-2.590121887624263763e-02,-6.521394103765487671e-02,2.116706222295761108e-02,9.758788160979747772e-03,-1.378860175609588623e-01,-8.891095966100692749e-02,-1.279504895210266113e-01,-1.920934319496154785e-01
4.718360900878906250e-01,1.593634486198425293e-01,4.002010226249694824e-01,4.469690322875976562e-01,-7.677696645259857178e-02,-1.118675768375396729e-01,0.000000000000000000e+00,1.982843279838562012e-01,2.481414973735809326e-01,-9.902907535433769226e-03,3.208691179752349854e-01,3.340417742729187012e-01,4.423923194408416748e-01,2.295088768005371094e-01,-5.763146281242370605e-02,-2.574750036001205444e-02,-5.381086841225624084e-02,-3.749528154730796814e-02,3.353425264358520508e-01,-8.413112722337245941e-03,-3.368284106254577637e-01,-2.509862184524536133e-01,4.189443886280059814e-01,-1.297337859869003296e-01,-2.552997171878814697e-01,-1.602967642247676849e-02,-3.525107204914093018e-01,-2.927858531475067139e-01,7.607077807188034058e-02,-2.219433039426803589e-01,1.221700832247734070e-01,2.729759551584720612e-02,4.054630100727081299e-01,1.775130629539489746e-01,3.448022529482841492e-02,-2.029957622289657593e-01,-9.021604061126708984e-02,-2.858708500862121582e-01,-3.310429155826568604e-01,-2.307097762823104858e-01,-3.031641803681850433e-02,-1.854738593101501465e-01,2.536415159702301025e-01,2.135451883077621460e-01,7.758816331624984741e-02,2.277192175388336182e-01,5.100002139806747437e-02,-7.735525816679000854e-02,8.665212988853454590e-02,1.837425380945205688e-01,1.353078633546829224e-01,1.946007013320922852e-01,-1.254349350929260254e-01,6.960804015398025513e-02,-2.834972739219665527e-01,-2.682536542415618896e-01,2.862212359905242920e-01,3.270941674709320068e-01,2.543129920959472656e-01,8.559191972017288208e-02,3.757866024971008301e-01,3.422416746616363525e-01,-4.578866809606552124e-02,1.383709758520126343e-01,2.293485850095748901e-01,2.625786662101745605e-01,9.941373020410537720e-02,-5.825573951005935669e-02,7.169176638126373291e-02,-2.058266550302505493e-01,-2.119428366422653198e-01,3.768956065177917480e-01,2.927682995796203613e-01,-1.067950129508972168e-01,-1.432756930589675903e-01,1.853323429822921753e-01,-5.960438866168260574e-03,1.212874203920364380e-01,-3.082760572433471680e-01,7.458747923374176025e-02,-3.654344379901885986e-01,3.259399160742759705e-02,-2.765129506587982178e-01,-1.540899872779846191e-01,-4.774373769760131836e-02,3.554159030318260193e-02,-4.340826272964477539e-01,-2.793878018856048584e-01,-1.571862697601318359e-01,-6.374286022037267685e-03,-1.562097221612930298e-01,-8.773143589496612549e-02,-1.638090461492538452e-01,9.216418117284774780e-02,-3.744559884071350098e-01,-2.148604243993759155e-01,-1.623900234699249268e-01,-2.500452399253845215e-01,-1.869753897190093994e-01,-7.510191947221755981e-02,-1.147937327623367310e-01,1.102188676595687866e-01,-1.467464566230773926e-01,-8.898469805717468262e-02,-7.330651581287384033e-02,5.065900832414627075e-02,-1.379496902227401733e-01,-1.967814862728118896e-01,-4.073177576065063477e-01,1.354037411510944366e-02,-7.083190232515335083e-02,-1.998180747032165527e-01,-2.937274239957332611e-02,9.762427210807800293e-02,-3.582252562046051025e-02,5.047470331192016602e-02
2.441135048866271973e-01,5.603023767471313477e-01,1.611813008785247803e-01,5.351029634475708008e-01,-1.736760437488555908e-01,-2.096949070692062378e-01,1.982843279838562012e-01,0.000000000000000000e+00,-5.145843327045440674e-02,-2.345577180385589600e-01,6.112019717693328857e-02,3.693220317363739014e-01,-3.965717926621437073e-02,3.118820190429687500e-01,-2.478078901767730713e-01,-3.391881585121154785e-01,-2.726855874061584473e-01,-9.462271630764007568e-02,-2.537810988724231720e-02,3.011165261268615723e-01,-2.371875941753387451e-01,-1.212693601846694946e-01,-2.670235559344291687e-02,2.889300882816314697e-01,-1.117747947573661804e-01,-1.414823383092880249e-01,-2.363713085651397705e-01,-3.177298307418823242e-01,-1.650088280439376831e-01,1.653341352939605713e-01,-1.719632744789123535e-01,2.346282303333282471e-01,2.317550182342529297e-01,4.188431799411773682e-01,-3.291053324937820435e-02,3.255475079640746117e-03,-2.995835244655609131e-01,-3.973898589611053467e-01,-4.241310358047485352e-01,-5.096797347068786621e-01,-1.426386386156082153e-01,-1.813974976539611816e-01,3.298979103565216064e-01,1.763303875923156738e-01,-1.400128304958343506e-01,-7.416380941867828369e-02,2.947129309177398682e-01,-1.486815214157104492e-01,7.042315602302551270e-02,1.845054514706134796e-02,3.481804728507995605e-01,-1.088540535420179367e-02,3.041232824325561523e-01,1.787671148777008057e-01,-2.285230904817581177e-01,-4.576995372772216797e-01,3.799686729907989502e-01,4.420045316219329834e-01,3.226444125175476074e-01,-8.496759831905364990e-02,4.700699448585510254e-01,3.050417006015777588e-01,-8.328220993280410767e-02,6.864329427480697632e-02,-3.827184066176414490e-02,-8.700399845838546753e-02,-2.022782266139984131e-01,5.013134703040122986e-02,-1.557708128530066460e-05,-3.188356384634971619e-02,1.894732117652893066e-01,4.732783883810043335e-02,-7.217103987932205200e-02,3.594042062759399414e-01,-9.762740693986415863e-03,-4.538677632808685303e-02,1.633000373840332031e-01,-5.558935180306434631e-02,1.855367720127105713e-01,-1.755824983119964600e-01,8.890800923109054565e-02,-3.030906617641448975e-01,-3.114652931690216064e-01,-2.997122704982757568e-01,2.987565994262695312e-01,-2.167997658252716064e-01,-4.273833632469177246e-01,-5.927644968032836914e-01,-1.333710998296737671e-01,-2.549758553504943848e-01,-5.649916082620620728e-02,-1.712325960397720337e-01,2.147364467382431030e-01,-2.737929821014404297e-01,-4.077258706092834473e-01,-3.560062050819396973e-01,-1.946007609367370605e-01,-2.979726493358612061e-01,-1.117993444204330444e-01,-2.823581099510192871e-01,-3.822007179260253906e-01,-2.684628367424011230e-01,-3.997055590152740479e-01,-3.920193910598754883e-01,1.313742399215698242e-01,5.520688742399215698e-02,-4.954917430877685547e-01,-4.812446534633636475e-01,-3.500832021236419678e-01,1.197365224361419678e-01,4.802991822361946106e-02,1.248670443892478943e-01,8.466680347919464111e-02,3.566883802413940430e-01,3.350042104721069336e-01,1.215310841798782349e-01
1.181375421583652496e-02,1.877891458570957184e-02,9.977212548255920410e-02,-3.394503891468048096e-02,3.846831917762756348e-01,3.668243587017059326e-01,2.481414973735809326e-01,-5.145843327045440674e-02,0.000000000000000000e+00,3.918910622596740723e-01,3.304066061973571777e-01,2.412972152233123779e-01,3.635989725589752197e-01,1.977136582136154175e-01,4.188751876354217529e-01,3.420256674289703369e-01,-1.159216240048408508e-01,3.117294050753116608e-02,1.320762485265731812e-01,-7.648734748363494873e-02,1.603928860276937485e-03,-7.260352373123168945e-02,2.396574616432189941e-01,2.545484155416488647e-02,7.399663329124450684e-02,2.202236652374267578e-01,1.553640961647033691e-01,2.146632224321365356e-01,1.422315388917922974e-01,-1.787346303462982178e-01,2.065840959548950195e-01,-2.213072329759597778e-01,5.803730338811874390e-02,-1.044281646609306335e-01,9.212658554315567017e-02,-8.269342035055160522e-02,-3.492625057697296143e-02,-8.741056174039840698e-02,-1.522367596626281738e-01,-1.712908595800399780e-01,-7.358786463737487793e-02,-1.040741950273513794e-01,9.615867584943771362e-02,1.561099886894226074e-01,-4.219746589660644531e-02,9.525788947939872742e-03,-7.232864946126937866e-02,-9.202689677476882935e-02,-2.233549505472183228e-01,5.202763155102729797e-02,-6.021410599350929260e-02,6.316707469522953033e-03,-3.862261772155761719e-02,-2.165861986577510834e-02,-1.819222271442413330e-01,-7.386139780282974243e-02,-1.107745245099067688e-01,6.769688427448272705e-02,-3.610175848007202148e-02,-1.453958302736282349e-01,1.002604067325592041e-01,5.957084149122238159e-02,-2.431516200304031372e-01,-8.837799727916717529e-02,6.867832690477371216e-02,-1.043152287602424622e-01,-1.367758363485336304e-01,-2.695228755474090576e-01,1.135930232703685760e-02,-1.221255958080291748e-01,1.774589717388153076e-01,3.582651913166046143e-01,3.345935344696044922e-01,-2.072847448289394379e-02,2.292070537805557251e-02,2.703537940979003906e-01,8.361785113811492920e-02,2.761058509349822998e-01,-1.371659487485885620e-01,2.649054527282714844e-01,-7.141632586717605591e-02,2.345638275146484375e-01,-8.472891896963119507e-02,1.734141260385513306e-01,5.385978892445564270e-02,-1.420986279845237732e-02,-1.241138726472854614e-01,-7.699686288833618164e-02,-4.316991195082664490e-02,1.972628384828567505e-02,-9.928780794143676758e-02,-1.735730618238449097e-01,-2.732048332691192627e-01,-8.108521252870559692e-02,-1.463643461465835571e-01,-1.977259665727615356e-01,-1.880564689636230469e-01,-1.872113794088363647e-01,-9.548562765121459961e-02,-7.602029293775558472e-02,-2.647504955530166626e-02,-5.543712154030799866e-02,-7.447561621665954590e-02,-4.384691268205642700e-02,-1.327164769172668457e-01,-1.398023664951324463e-01,-3.122300654649734497e-02,-5.508092790842056274e-02,-2.713444232940673828e-01,-1.127698644995689392e-01,-1.136362403631210327e-01,-1.937584728002548218e-01,-1.639202684164047241e-01,-6.033599004149436951e-02,-1.681961268186569214e-01,-1.148998811841011047e-01
-1.294822990894317627e-01,-1.114365831017494202e-01,-2.255656421184539795e-01,-2.386276796460151672e-02,4.906996190547943115e-01,5.560487508773803711e-01,-9.902907535433769226e-03,-2.345577180385589600e-01,3.918910622596740723e-01,0.000000000000000000e+00,6.508467253297567368e-03,2.219195365905761719e-01,-2.065027132630348206e-02,1.945907622575759888e-01,5.603376626968383789e-01,6.427090167999267578e-01,-1.275403648614883423e-01,1.790904849767684937e-01,2.367621511220932007e-01,-2.435972988605499268e-01,2.870088219642639160e-01,6.840639561414718628e-02,3.550277948379516602e-01,-1.939889341592788696e-01,1.242760494351387024e-01,5.174472928047180176e-01,4.248548448085784912e-01,5.692541599273681641e-01,2.340629547834396362e-01,-2.485323399305343628e-01,2.266654670238494873e-01,-2.791529297828674316e-01,-2.949525788426399231e-02,-2.409447729587554932e-01,-1.273987721651792526e-02,-1.989035680890083313e-02,-3.686618432402610779e-02,5.733223259449005127e-02,1.256439536809921265e-01,7.804806530475616455e-02,3.238128498196601868e-02,-4.408263787627220154e-02,-1.194984167814254761e-01,-1.572902053594589233e-01,-1.494090706110000610e-01,-1.193594560027122498e-01,-2.825220525264739990e-01,-2.575534582138061523e-01,-2.652694284915924072e-01,-1.674201339483261108e-01,-2.232579141855239868e-01,-1.178276613354682922e-01,-1.055682972073554993e-01,-1.312017142772674561e-01,-6.163841485977172852e-02,-2.762811491265892982e-04,-1.495642066001892090e-01,3.198218299075961113e-03,-2.093011438846588135e-01,-1.066847816109657288e-01,-1.740225106477737427e-01,-1.013292931020259857e-03,-3.329115211963653564e-01,4.510980844497680664e-02,-1.797250211238861084e-01,-2.062936872243881226e-02,-2.085808366537094116e-01,-1.777315288782119751e-01,-1.441180799156427383e-02,-1.159738004207611084e-01,-1.160657256841659546e-01,3.316533565521240234e-01,3.182629644870758057e-01,-2.631697952747344971e-01,-2.569878846406936646e-02,2.069109678268432617e-01,-1.248525381088256836e-01,1.933154314756393433e-01,-2.124002128839492798e-01,3.265567719936370850e-01,-1.835708022117614746e-01,3.332793414592742920e-01,1.255572736263275146e-01,3.493616878986358643e-01,-1.841921955347061157e-01,3.718852996826171875e-02,1.364644914865493774e-01,1.799338757991790771e-01,4.793663974851369858e-03,4.978474229574203491e-02,-1.158534437417984009e-01,-3.059076666831970215e-01,-1.196845546364784241e-01,-2.406840175390243530e-01,2.895303443074226379e-02,2.894322574138641357e-02,-6.144329532980918884e-02,-6.534130126237869263e-02,4.054222255945205688e-02,-1.603709161281585693e-01,3.420740365982055664e-02,-1.729736775159835815e-01,-1.676773652434349060e-02,-3.086880594491958618e-02,7.677710801362991333e-02,-2.291100770235061646e-01,9.890256822109222412e-02,9.077104926109313965e-02,4.313693568110466003e-02,-1.099221333861351013e-01,-1.691317409276962280e-01,-3.313964605331420898e-02,-1.703702509403228760e-01,-7.982037961483001709e-03,-1.203491017222404480e-01,-3.937072306871414185e-02
1.637092232704162598e-01,2.073729783296585083e-01,1.229480579495429993e-01,3.064198046922683716e-02,-6.323473900556564331e-02,4.351327940821647644e-02,3.208691179752349854e-01,6.112019717693328857e-02,3.304066061973571777e-01,6.508467253297567368e-03,0.000000000000000000e+00,3.226298391819000244e-01,5.688979625701904297e-01,3.448889553546905518e-01,2.162252217531204224e-01,1.377868503332138062e-01,6.627123802900314331e-02,-6.105056032538414001e-02,9.509968757629394531e-02,1.594695635139942169e-02,-1.413567364215850830e-01,-4.538878053426742554e-02,6.525177508592605591e-02,-1.833898127079010010e-01,-3.444647490978240967e-01,-2.411802709102630615e-01,-2.150249779224395752e-01,-1.647671759128570557e-01,2.423216551542282104e-01,-1.032133921980857849e-01,7.356052100658416748e-02,-2.976251766085624695e-02,1.342603117227554321e-01,9.762158244848251343e-02,-3.270258754491806030e-02,-1.877503991127014160e-01,-8.612358360551297665e-04,-1.056509688496589661e-01,-2.007161825895309448e-01,-1.670373380184173584e-01,3.980878368020057678e-02,-1.255738884210586548e-01,1.039478480815887451e-01,1.791995465755462646e-01,-1.377071738243103027e-01,1.337515711784362793e-01,1.265909820795059204e-01,5.256850644946098328e-02,-4.381384328007698059e-02,1.080652177333831787e-01,1.070789545774459839e-01,2.257394343614578247e-01,-3.575743734836578369e-02,1.958941370248794556e-01,-2.392837703227996826e-01,-2.067028880119323730e-01,1.793838739395141602e-01,2.500623166561126709e-01,1.442070901393890381e-01,-1.728385239839553833e-01,3.148926794528961182e-01,1.556595116853713989e-01,1.045109480619430542e-01,4.564945399761199951e-02,-7.491958141326904297e-02,-2.262220084667205811e-01,-1.672542989253997803e-01,-2.050795108079910278e-01,-1.345385313034057617e-01,-1.511704921722412109e-01,1.447542905807495117e-01,2.062797546386718750e-01,3.145077526569366455e-01,3.091304749250411987e-02,-1.427209228277206421e-01,2.741093337535858154e-01,-4.282824229449033737e-03,2.890010178089141846e-01,-2.318759113550186157e-01,1.766123324632644653e-01,-1.302855610847473145e-01,1.602363288402557373e-01,-1.536283791065216064e-01,1.234764531254768372e-01,-2.711824141442775726e-02,8.791513741016387939e-02,-3.366316854953765869e-01,-2.023505568504333496e-01,-1.987629234790802002e-01,9.320871531963348389e-02,-2.719592154026031494e-01,-3.677485138177871704e-02,-2.961633503437042236e-01,4.782130569219589233e-02,-2.537142634391784668e-01,-2.589029073715209961e-01,-2.785953581333160400e-01,-3.405417501926422119e-01,-2.931445240974426270e-01,-1.328514218330383301e-01,-2.131454348564147949e-01,9.639187157154083252e-02,-2.173584252595901489e-01,-1.517550647258758545e-01,-2.093100547790527344e-01,4.416125640273094177e-02,-1.555706560611724854e-01,-2.133064717054367065e-01,-3.843537569046020508e-01,-6.959857046604156494e-02,7.722194422967731953e-04,-2.601216435432434082e-01,-9.563188254833221436e-02,-1.451415126211941242e-03,-9.698086231946945190e-02,-1.085457950830459595e-01
2.451166212558746338e-01,3.570020794868469238e-01,2.994051389396190643e-02,3.566198647022247314e-01,1.869372837245464325e-02,-1.897520571947097778e-02,3.340417742729187012e-01,3.693220317363739014e-01,2.412972152233123779e-01,2.219195365905761719e-01,3.226298391819000244e-01,0.000000000000000000e+00,2.307548969984054565e-01,6.650066375732421875e-01,1.965244710445404053e-01,1.474940627813339233e-01,-1.423582434654235840e-01,1.277832239866256714e-01,2.206200510263442993e-01,-7.493211328983306885e-02,-1.586025655269622803e-01,-6.322535872459411621e-02,2.263070046901702881e-01,-9.733954817056655884e-02,-2.821844816207885742e-01,6.695844978094100952e-02,-2.235804945230484009e-01,-1.899600028991699219e-01,1.465332508087158203e-01,-6.820728629827499390e-02,9.562561661005020142e-02,5.362645164132118225e-02,2.503557801246643066e-01,2.120130807161331177e-01,-5.807967111468315125e-02,-7.944682985544204712e-02,-1.864683926105499268e-01,-3.653579354286193848e-01,-3.632566332817077637e-01,-3.247386217117309570e-01,-3.451668098568916321e-02,-1.674908697605133057e-01,2.138431370258331299e-01,1.118237525224685669e-01,-2.759495079517364502e-01,2.963339909911155701e-02,2.220407426357269287e-01,-1.669980585575103760e-01,-5.230563506484031677e-02,4.296122491359710693e-02,2.257010936737060547e-01,3.095559589564800262e-02,2.433046847581863403e-01,1.113998442888259888e-01,-1.844595074653625488e-01,-3.766154646873474121e-01,3.112260997295379639e-01,4.946604669094085693e-01,2.913905680179595947e-01,4.230354446917772293e-03,4.782947301864624023e-01,4.617413282394409180e-01,-1.278082132339477539e-01,3.003729879856109619e-01,-1.100016906857490540e-01,5.921371653676033020e-02,-1.948397904634475708e-01,1.008904422633349895e-03,-1.001592203974723816e-01,-1.499706506729125977e-01,-1.630144268274307251e-01,5.188820958137512207e-01,2.276682704687118530e-01,3.243567049503326416e-02,-1.849865764379501343e-01,1.664762645959854126e-01,-6.102470681071281433e-03,1.606325805187225342e-01,-2.659246623516082764e-01,1.341332308948040009e-02,-3.616343438625335693e-01,5.419963598251342773e-02,-4.117007851600646973e-01,-6.555437296628952026e-02,6.542461365461349487e-02,-2.394467741250991821e-01,-4.057627916336059570e-01,-3.781966567039489746e-01,-5.960674956440925598e-02,-1.577685028314590454e-01,-1.342961192131042480e-01,-3.151638805866241455e-01,-2.133079804480075836e-02,-2.681364417076110840e-01,-4.897398948669433594e-01,-3.511657416820526123e-01,-2.811109423637390137e-01,-4.556186497211456299e-01,-2.344589680433273315e-01,-3.537433445453643799e-01,-3.490470051765441895e-01,-1.699106842279434204e-01,-3.829660415649414062e-01,-3.525195419788360596e-01,3.897546976804733276e-02,4.703779704868793488e-03,-3.068908452987670898e-01,-3.652366697788238525e-01,-3.758918344974517822e-01,-2.871669456362724304e-02,7.566427346318960190e-03,-1.098218187689781189e-01,-2.295688167214393616e-02,2.565062046051025391e-01,1.752335876226425171e-01,-1.231910288333892822e-02
1.397835314273834229e-01,4.859240725636482239e-02,2.797961831092834473e-01,9.273380041122436523e-02,-9.106835722923278809e-02,2.278841659426689148e-02,4.423923194408416748e-01,-3.965717926621437073e-02,3.635989725589752197e-01,-2.065027132630348206e-02,5.688979625701904297e-01,2.307548969984054565e-01,0.000000000000000000e+00,2.518675029277801514e-01,1.337011605501174927e-01,7.145689427852630615e-02,2.202892899513244629e-01,-8.136262744665145874e-02,-7.389710843563079834e-02,-5.111872777342796326e-02,-2.396421581506729126e-01,-6.839091330766677856e-02,1.820784956216812134e-01,-6.686313450336456299e-02,-1.539371907711029053e-01,-1.963422149419784546e-01,-2.189195603132247925e-01,-2.434918284416198730e-01,2.750820219516754150e-01,-1.119700297713279724e-01,1.408155262470245361e-01,-7.768101990222930908e-02,1.340751498937606812e-01,-8.698841556906700134e-03,1.798738837242126465e-01,-1.461898684501647949e-01,5.294997617602348328e-02,-5.050683766603469849e-02,-1.690077632665634155e-01,-6.715176254510879517e-02,4.252026975154876709e-02,-1.483893245458602905e-01,9.246788173913955688e-02,1.909715384244918823e-01,1.378836389631032944e-02,3.743592202663421631e-01,1.014206334948539734e-01,1.454858928918838501e-01,1.424749642610549927e-01,2.886534929275512695e-01,1.495193839073181152e-01,3.702330589294433594e-01,-2.488828897476196289e-01,1.544714570045471191e-01,-2.671635150909423828e-01,-1.992013454437255859e-01,3.710455447435379028e-02,1.936617940664291382e-01,1.012232750654220581e-01,-6.586412340402603149e-02,2.785565555095672607e-01,1.216339096426963806e-01,1.380392760038375854e-01,-4.679229855537414551e-02,2.900016009807586670e-01,6.872697919607162476e-02,7.799969613552093506e-02,-1.352061778306961060e-01,-7.018277794122695923e-02,-1.927541941404342651e-01,1.387071907520294189e-01,1.469397097826004028e-01,3.454655408859252930e-01,-2.419102378189563751e-02,-1.515353024005889893e-01,2.237034440040588379e-01,-4.401059076189994812e-02,2.058692574501037598e-01,-2.909667193889617920e-01,2.065562009811401367e-01,-2.594536840915679932e-01,1.565651744604110718e-01,-1.754517853260040283e-01,6.367788463830947876e-02,-1.617518365383148193e-01,1.836372166872024536e-01,-3.039703071117401123e-01,-1.179635003209114075e-01,-2.064727246761322021e-01,1.698309928178787231e-01,-2.640154361724853516e-01,6.247213855385780334e-02,-3.601203858852386475e-01,2.315505146980285645e-01,-2.595814168453216553e-01,-1.405733972787857056e-01,-1.355744004249572754e-01,-2.150959819555282593e-01,-2.731726169586181641e-01,-1.463472377508878708e-03,-9.399266541004180908e-02,2.160127907991409302e-01,-5.016461014747619629e-02,-1.675705984234809875e-02,-3.259232342243194580e-01,1.349644660949707031e-01,-4.763725772500038147e-02,-8.452344685792922974e-02,-3.574745059013366699e-01,1.359528303146362305e-02,1.450145691633224487e-01,-3.849250674247741699e-01,-1.220995113253593445e-01,-8.758941292762756348e-02,-8.684802055358886719e-02,-1.811170130968093872e-01
