0.000000000000000000e+00,5.877590775489807129e-01,4.165876805782318115e-01,1.177200898528099060e-01,1.568597368896007538e-02,8.333694189786911011e-02,3.511642515659332275e-01,-1.132024545222520828e-02,-1.478740870952606201e-01,-1.861521452665328979e-01,2.363121360540390015e-01,1.895126104354858398e-01,2.476216852664947510e-01,1.348218973726034164e-02,-2.736677527427673340e-01,-1.763200610876083374e-01,2.027544081211090088e-01,6.830224394798278809e-02,4.922997951507568359e-01,6.299435496330261230e-01,-1.110307872295379639e-01,-2.957525551319122314e-01,2.462143264710903168e-02,8.749883621931076050e-02,-2.300388514995574951e-01,-2.125851809978485107e-01,1.670165173709392548e-02,-6.640895456075668335e-02,3.806841850746423006e-04,-1.146691218018531799e-01,-6.985756754875183105e-02,-9.969736635684967041e-02,2.890487015247344971e-01,3.845778107643127441e-01,-8.710893243551254272e-02,-2.660912834107875824e-02,-2.510394155979156494e-01,-2.137352377176284790e-01,-2.071370184421539307e-01,-1.485167741775512695e-01,1.940337270498275757e-01,8.320481330156326294e-02,-1.566396951675415039e-01,3.738874942064285278e-02,1.754110455513000488e-01,3.124594986438751221e-01,9.724453091621398926e-02,-1.351211816072463989e-01,-5.902088806033134460e-02,-7.068169116973876953e-02,-4.517758265137672424e-03,-2.025199122726917267e-02,-7.396788895130157471e-02,1.063732653856277466e-01,-1.633091270923614502e-01,2.103593945503234863e-02,6.206453442573547363e-01,4.937824606895446777e-01,4.574652314186096191e-01,4.300114214420318604e-01,3.893667161464691162e-01,3.293227553367614746e-01,4.727414846420288086e-01,3.881583213806152344e-01,-1.188886314630508423e-01,-1.663965433835983276e-01,3.697568774223327637e-01,3.773993849754333496e-01,5.350759029388427734e-01,5.532941222190856934e-01,8.680076897144317627e-02,1.863918006420135498e-01,2.887107729911804199e-01,6.387345492839813232e-02,4.390620067715644836e-02,-2.204273827373981476e-02,1.769118607044219971e-01,2.340830415487289429e-01,-9.052503108978271484e-02,1.688345670700073242e-01,3.253860631957650185e-03,2.073109894990921021e-01,-1.957577466964721680e-01,5.521862953901290894e-02,-2.363916300237178802e-02,3.435184955596923828e-01,-2.883438467979431152e-01,-2.268209010362625122e-01,-2.986761629581451416e-01,-1.232576929032802582e-02,-3.240819275379180908e-01,-5.376566573977470398e-02,-3.616951406002044678e-01,-1.650339066982269287e-01,-9.693631529808044434e-02,-1.980388909578323364e-01,-1.260218769311904907e-01,-6.537592038512229919e-03,-2.186416238546371460e-01,-2.910007536411285400e-01,-9.315566718578338623e-02,1.154972519725561142e-02,-2.344348877668380737e-01,-1.314289420843124390e-01,2.932363189756870270e-02,1.728692650794982910e-01,-3.267242312431335449e-01,1.175072193145751953e-01,-2.453343719244003296e-01,7.304659485816955566e-02,1.277215927839279175e-01,1.862879693508148193e-01,-1.252241879701614380e-01,-2.665284872055053711e-01,-2.674074769020080566e-01,5.131666082888841629e-03
5.877590775489807129e-01,0.000000000000000000e+00,3.097797632217407227e-01,1.378962695598602295e-01,-4.411778971552848816e-02,-9.906779974699020386e-03,1.514010131359100342e-01,-3.156548738479614258e-02,-2.140194475650787354e-01,-1.950088441371917725e-01,1.068325564265251160e-01,1.539863049983978271e-01,6.358253955841064453e-02,-9.384043514728546143e-02,-2.641681730747222900e-01,-2.035320848226547241e-01,1.851392239332199097e-01,2.038187980651855469e-01,3.558101654052734375e-01,5.876420140266418457e-01,-8.983083814382553101e-02,-2.315188497304916382e-01,8.541190624237060547e-02,1.471595168113708496e-01,-2.073600292205810547e-01,-2.191963642835617065e-01,-1.581966131925582886e-02,-9.208790957927703857e-02,3.512778505682945251e-02,-3.272600099444389343e-02,3.552053496241569519e-02,-3.847957402467727661e-02,1.733997464179992676e-01,2.707044184207916260e-01,-1.074253916740417480e-01,-1.022333353757858276e-01,-1.909720301628112793e-01,-7.647629827260971069e-02,-1.905933916568756104e-01,-1.556717008352279663e-01,2.489799857139587402e-01,2.812725305557250977e-01,-2.588478326797485352e-01,-5.763617530465126038e-02,2.019150853157043457e-01,1.939983963966369629e-01,7.617388665676116943e-02,-6.989841908216476440e-02,-1.103149652481079102e-01,-3.251187503337860107e-02,-2.718584798276424408e-02,-4.083652421832084656e-02,-1.506673842668533325e-01,-8.247639983892440796e-02,8.041806519031524658e-03,-2.096162550151348114e-02,7.034696936607360840e-01,7.194012999534606934e-01,4.456004798412322998e-01,5.010170936584472656e-01,3.508616685867309570e-01,2.463556379079818726e-01,4.704683125019073486e-01,4.612933397293090820e-01,-2.083241641521453857e-01,-1.437864601612091064e-01,3.272983133792877197e-01,3.390841186046600342e-01,5.696567893028259277e-01,6.300656199455261230e-01,1.871501803398132324e-01,1.515502929687500000e-01,1.855649799108505249e-01,1.291173100471496582e-01,-1.627617701888084412e-02,-8.940117806196212769e-02,1.302860081195831299e-01,1.965360343456268311e-01,2.845040708780288696e-02,2.209707796573638916e-01,1.097287535667419434e-01,1.636212915182113647e-01,-1.810555160045623779e-01,-2.240745723247528076e-02,1.133159026503562927e-01,1.531515717506408691e-01,-2.031690925359725952e-01,-1.968454867601394653e-01,-6.782059371471405029e-02,-1.049307212233543396e-01,-2.186395674943923950e-01,-2.153943479061126709e-01,-2.288081198930740356e-01,-2.243471890687942505e-01,-7.909784466028213501e-02,-8.453693985939025879e-02,-9.025181084871292114e-02,-7.557787001132965088e-02,-9.863014519214630127e-02,-2.521437406539916992e-01,3.362063318490982056e-02,3.412061929702758789e-02,-2.913195453584194183e-02,-8.151257783174514771e-02,8.836093544960021973e-02,1.442687213420867920e-01,-2.217525839805603027e-01,1.640324294567108154e-01,-2.461702823638916016e-01,-1.434399839490652084e-02,8.781170099973678589e-02,1.394945383071899414e-01,-1.383331120014190674e-01,-1.930310130119323730e-01,-2.189114093780517578e-01,3.745732828974723816e-02
4.165876805782318115e-01,3.097797632217407227e-01,0.000000000000000000e+00,3.713171482086181641e-01,1.144585106521844864e-02,6.792413536459207535e-03,4.401222765445709229e-01,-2.032894454896450043e-02,-5.643542855978012085e-02,-1.751072555780410767e-01,3.190286085009574890e-02,5.765131488442420959e-02,3.831070959568023682e-01,1.198939457535743713e-01,-2.661075890064239502e-01,-1.678884476423263550e-01,1.869135722517967224e-02,1.807282865047454834e-02,4.065682888031005859e-01,4.878498613834381104e-01,8.280587196350097656e-02,-1.762087047100067139e-01,4.106481373310089111e-01,4.421968162059783936e-01,-6.345870345830917358e-02,-1.856732666492462158e-01,-1.029201447963714600e-01,-1.586002856492996216e-01,-1.158581078052520752e-01,-1.989306062459945679e-01,4.665159061551094055e-02,1.099190190434455872e-01,2.048803269863128662e-01,3.231379389762878418e-01,2.295192629098892212e-01,9.470740705728530884e-02,-1.100872308015823364e-01,-8.106841146945953369e-02,-1.897097229957580566e-01,-1.754502356052398682e-01,7.324405759572982788e-02,4.356996342539787292e-02,-1.200431841425597668e-03,1.572866439819335938e-01,4.973556473851203918e-02,9.416580200195312500e-02,1.194993108510971069e-01,-8.718926459550857544e-02,-1.618599705398082733e-02,-4.235404729843139648e-02,1.865520328283309937e-02,2.824539691209793091e-02,4.874325171113014221e-02,9.065595269203186035e-02,-3.264665603637695312e-01,-2.910187542438507080e-01,4.221215248107910156e-01,3.449167013168334961e-01,4.384111166000366211e-01,2.746983468532562256e-01,3.902592658996582031e-01,1.914895772933959961e-01,2.250400632619857788e-01,1.809339225292205811e-01,2.944971621036529541e-01,4.265432059764862061e-02,4.610226750373840332e-01,3.552063107490539551e-01,4.116163551807403564e-01,4.317025542259216309e-01,1.045717969536781311e-01,1.430757641792297363e-01,1.856713593006134033e-01,3.814950105152092874e-06,1.385492682456970215e-01,-4.697867110371589661e-02,1.574748605489730835e-01,1.706495732069015503e-01,-1.878071427345275879e-01,-3.862530365586280823e-02,-7.657211273908615112e-02,-1.043450273573398590e-02,-2.937527894973754883e-01,-4.062011837959289551e-02,3.347552567720413208e-02,6.798899173736572266e-02,-2.018992900848388672e-01,-1.153338626027107239e-01,-1.461385339498519897e-01,-1.073171645402908325e-01,-3.024710118770599365e-01,4.893919453024864197e-02,-3.112474679946899414e-01,-1.102974116802215576e-01,-1.394052207469940186e-01,-2.855645120143890381e-01,-2.010415196418762207e-01,-1.596255898475646973e-01,-2.524468004703521729e-01,-3.619282543659210205e-01,-1.373312026262283325e-01,-5.792230367660522461e-02,-2.711619734764099121e-01,-2.367169409990310669e-01,-6.636781990528106689e-02,5.756037309765815735e-02,-3.405806124210357666e-01,9.039682149887084961e-02,-1.613584309816360474e-01,4.552348051220178604e-03,-5.371114984154701233e-02,1.599778980016708374e-01,-1.252409256994724274e-02,-2.372273802757263184e-01,-2.184389978647232056e-01,-3.951081633567810059e-02
1.177200898528099060e-01,1.378962695598602295e-01,3.713171482086181641e-01,0.000000000000000000e+00,-9.862695820629596710e-03,1.289748400449752808e-01,3.267873525619506836e-01,2.854556143283843994e-01,-1.315162181854248047e-01,-1.409194339066743851e-02,8.124530315399169922e-03,-5.033919587731361389e-02,-1.243283133953809738e-02,4.384575039148330688e-02,-1.653151065111160278e-01,1.356940716505050659e-01,-1.839027255773544312e-01,-1.322593837976455688e-01,4.421298503875732422e-01,3.454982638359069824e-01,-1.113299876451492310e-01,-2.356494031846523285e-02,5.220941901206970215e-01,6.325255036354064941e-01,-8.934614248573780060e-03,6.510255485773086548e-02,8.433333039283752441e-02,1.912912279367446899e-01,-3.781500160694122314e-01,-2.260501980781555176e-01,7.881090044975280762e-02,1.936233043670654297e-01,2.622281908988952637e-01,2.344184368848800659e-01,1.330494582653045654e-01,1.059512868523597717e-01,-1.917894780635833740e-01,-1.487593948841094971e-01,-1.747843474149703979e-01,-7.302665710449218750e-02,4.712293669581413269e-02,4.569805413484573364e-02,-1.937271803617477417e-01,-1.569242924451828003e-01,-2.491096034646034241e-02,-8.605475723743438721e-02,-1.374701410531997681e-01,-2.431178689002990723e-01,-1.285400707274675369e-02,2.920384332537651062e-02,-7.480757683515548706e-02,-2.365003339946269989e-02,-2.036913037300109863e-01,-8.939727395772933960e-02,-1.764723658561706543e-01,-2.885367572307586670e-01,1.338019669055938721e-01,2.607555985450744629e-01,9.745974838733673096e-02,2.275303602218627930e-01,1.702550649642944336e-01,2.010505050420761108e-01,-1.033979132771492004e-01,2.002150379121303558e-02,3.092830479145050049e-01,4.586058557033538818e-01,2.688639461994171143e-01,2.287792414426803589e-01,8.281324058771133423e-02,1.194397211074829102e-01,1.961629837751388550e-01,9.296937286853790283e-02,-1.871778219938278198e-01,-7.842848449945449829e-02,6.972418725490570068e-02,-1.615627557039260864e-01,-2.048614472150802612e-01,-2.802887931466102600e-02,-2.051499485969543457e-01,-3.022807277739048004e-02,-3.908574581146240234e-01,-2.326150387525558472e-01,-1.981223672628402710e-01,-4.990964010357856750e-02,6.079440563917160034e-02,-1.931688934564590454e-02,1.428523808717727661e-01,1.975606977939605713e-01,2.313521131873130798e-02,4.368303716182708740e-02,1.310649961233139038e-01,1.546497363597154617e-02,1.559327095746994019e-01,3.576787561178207397e-02,-1.905176639556884766e-01,-3.595220446586608887e-01,-2.708888053894042969e-01,-2.163833826780319214e-01,5.103269591927528381e-03,-2.577249109745025635e-01,1.454448401927947998e-01,7.340535521507263184e-02,9.677227586507797241e-02,-1.337709603831171989e-03,1.070720553398132324e-01,2.537753283977508545e-01,-2.271547913551330566e-01,2.742984145879745483e-02,-1.643144339323043823e-01,-9.606358595192432404e-03,6.011143326759338379e-02,-2.986764907836914062e-02,1.752635538578033447e-01,-7.596147060394287109e-02,-1.869392096996307373e-01,-7.176955044269561768e-02
1.568597368896007538e-02,-4.411778971552848816e-02,1.144585106521844864e-02,-9.862695820629596710e-03,0.000000000000000000e+00,5.945363044738769531e-01,2.298776507377624512e-01,1.728159636259078979e-01,5.534777641296386719e-01,5.122933983802795410e-01,-3.767536878585815430e-01,-2.553203999996185303e-01,-1.626060307025909424e-01,-6.114842742681503296e-02,-4.976598545908927917e-03,1.274735182523727417e-01,8.190272748470306396e-02,-4.128194153308868408e-01,1.763299256563186646e-01,9.424634277820587158e-02,-2.206643372774124146e-01,-1.223301514983177185e-01,1.954688224941492081e-03,1.024543792009353638e-01,2.558904886245727539e-01,5.701289176940917969e-01,6.393044590950012207e-01,3.069718182086944580e-01,-1.684624105691909790e-01,-2.711788117885589600e-01,2.569705247879028320e-01,4.911753535270690918e-02,4.927397239953279495e-03,1.489246040582656860e-01,-2.439052425324916840e-02,8.912351727485656738e-02,-2.198348939418792725e-01,-2.478321790695190430e-01,1.165433302521705627e-01,2.131844013929367065e-01,-7.311695255339145660e-03,5.083198100328445435e-02,-1.460769921541213989e-01,-2.561840415000915527e-01,-3.846209943294525146e-01,-5.849987640976905823e-02,-2.285805046558380127e-01,-2.891011536121368408e-01,-6.453246809542179108e-03,5.517968907952308655e-02,-1.441086232662200928e-01,-2.307700365781784058e-01,-1.081482991576194763e-01,-1.223612949252128601e-01,8.008283376693725586e-02,1.758933961391448975e-01,-8.464633673429489136e-02,-2.866729721426963806e-02,1.258608400821685791e-01,5.856166407465934753e-02,1.520827859640121460e-01,1.662257015705108643e-01,-7.152901589870452881e-02,-8.766843378543853760e-02,-6.895652413368225098e-02,-3.145007416605949402e-02,-6.876914203166961670e-02,-1.596293300390243530e-01,6.661465764045715332e-02,-5.446112900972366333e-02,5.984512716531753540e-02,2.135040163993835449e-01,-1.362205762416124344e-02,2.277052998542785645e-01,-1.427647322416305542e-01,-6.182147189974784851e-02,-3.213298693299293518e-02,-4.278333485126495361e-02,-1.380043178796768188e-01,-6.891109049320220947e-02,-3.071101903915405273e-01,-2.928420901298522949e-01,1.930245459079742432e-01,4.196949303150177002e-01,-3.908176347613334656e-02,-1.489853411912918091e-01,3.160639405250549316e-01,2.019880414009094238e-01,6.429509818553924561e-02,1.284201513044536114e-03,-1.860271953046321869e-02,-3.496459871530532837e-02,6.369116902351379395e-02,-9.177358821034431458e-03,2.558156549930572510e-01,-1.513169705867767334e-01,-3.416326344013214111e-01,-4.141167104244232178e-01,-9.883750230073928833e-02,-3.114201873540878296e-02,2.155173867940902710e-01,1.914541125297546387e-01,4.759285226464271545e-02,1.299278736114501953e-01,3.789199292659759521e-01,4.305266737937927246e-01,-2.598385512828826904e-02,1.316828001290559769e-02,-3.932231664657592773e-01,3.734294176101684570e-01,2.311715930700302124e-01,-8.812087029218673706e-02,2.974599413573741913e-02,2.310191690921783447e-01,1.519774496555328369e-01,4.654598236083984375e-01
8.333694189786911011e-02,-9.906779974699020386e-03,6.792413536459207535e-03,1.289748400449752808e-01,5.945363044738769531e-01,0.000000000000000000e+00,2.010866850614547729e-01,2.164634317159652710e-01,5.296494364738464355e-01,5.433772206306457520e-01,-1.908020861446857452e-02,-1.169030740857124329e-01,-6.506320834159851074e-02,-4.526760801672935486e-02,-8.863309770822525024e-02,1.472865045070648193e-01,6.431455910205841064e-02,-1.232291534543037415e-01,2.990151643753051758e-01,1.752965748310089111e-01,-3.099109232425689697e-01,-1.170410141348838806e-01,1.113022789359092712e-01,1.539357900619506836e-01,4.108446240425109863e-01,5.483729243278503418e-01,3.645009994506835938e-01,5.617155432701110840e-01,-6.261380761861801147e-02,-1.398073732852935791e-01,3.772054612636566162e-01,2.995862066745758057e-01,2.067281454801559448e-01,3.479052186012268066e-01,-2.152843922376632690e-01,-9.583993256092071533e-02,-4.219469428062438965e-01,-4.350042641162872314e-01,-2.584521770477294922e-01,-1.092594042420387268e-01,5.072792619466781616e-02,6.330135278403759003e-03,-1.597357690334320068e-01,-8.318829536437988281e-02,-9.069254249334335327e-02,1.191852241754531860e-01,-2.009843289852142334e-01,-2.837617993354797363e-01,1.571054011583328247e-01,2.235438823699951172e-01,2.674331422895193100e-03,-9.620526432991027832e-02,-1.031361445784568787e-01,-4.874668642878532410e-02,-1.167147010564804077e-01,-3.334050253033638000e-02,-4.353851824998855591e-02,2.193067409098148346e-02,8.353843539953231812e-02,1.199301555752754211e-01,2.116668820381164551e-01,3.388327360153198242e-01,-4.715853836387395859e-03,1.380653530359268188e-01,-6.358770281076431274e-02,8.066342771053314209e-02,-1.243441477417945862e-01,-8.273757249116897583e-02,-7.571772485971450806e-02,-5.930982530117034912e-02,2.383826673030853271e-01,2.872394025325775146e-01,-6.493736803531646729e-02,2.811341881752014160e-01,-2.855790778994560242e-02,-2.486231038346886635e-03,-1.625391542911529541e-01,-9.932643175125122070e-02,-1.118038445711135864e-01,1.669861376285552979e-01,-2.730838358402252197e-01,-1.779438555240631104e-01,-1.267328709363937378e-01,6.039629504084587097e-02,-2.345267497003078461e-02,-6.867340207099914551e-02,1.866347640752792358e-01,2.351738214492797852e-01,-1.738729327917098999e-02,2.898329123854637146e-02,-3.589051961898803711e-02,-1.002681851387023926e-01,2.300936728715896606e-02,-1.019614096730947495e-02,-5.760782957077026367e-02,-1.795671135187149048e-01,-1.697905510663986206e-01,-3.166871666908264160e-01,6.226116325706243515e-03,-9.340181946754455566e-02,2.692959606647491455e-01,1.755306571722030640e-01,8.763092011213302612e-02,1.768328994512557983e-02,3.663698732852935791e-01,4.502513706684112549e-01,-1.908947527408599854e-01,5.100708082318305969e-02,-3.612091243267059326e-01,8.586574345827102661e-02,1.392402648925781250e-01,-8.563828654587268829e-03,7.735437899827957153e-02,1.030605882406234741e-01,-1.538463234901428223e-01,2.442758679389953613e-01
3.511642515659332275e-01,1.514010131359100342e-01,4.401222765445709229e-01,3.267873525619506836e-01,2.298776507377624512e-01,2.010866850614547729e-01,0.000000000000000000e+00,3.288225233554840088e-01,1.342759430408477783e-01,4.205265268683433533e-02,9.787070006132125854e-02,9.404429048299789429e-02,2.107693552970886230e-01,5.665650963783264160e-02,-2.325883060693740845e-01,2.277239784598350525e-02,6.794583797454833984e-02,-1.730277389287948608e-01,4.589466154575347900e-01,4.662739634513854980e-01,-2.045036107301712036e-01,-1.760266721248626709e-01,2.428124845027923584e-01,2.342237830162048340e-01,-1.517664641141891479e-01,7.504467666149139404e-02,2.053662240505218506e-01,2.161604724824428558e-02,-1.793768703937530518e-01,-2.434207350015640259e-01,3.069192543625831604e-02,-8.095511049032211304e-02,1.575651019811630249e-01,2.076195329427719116e-01,-1.451114416122436523e-01,-1.219698116183280945e-01,-2.543692290782928467e-01,-3.184126019477844238e-01,-1.346674114465713501e-01,-2.444830350577831268e-02,-1.626254059374332428e-02,-9.776132553815841675e-02,-3.238539770245552063e-02,-3.804546222090721130e-02,1.198570989072322845e-02,1.572560518980026245e-01,3.485771268606185913e-02,-2.254024446010589600e-01,4.539573192596435547e-02,7.129251956939697266e-02,-1.686371564865112305e-01,-1.531970351934432983e-01,-2.195320874452590942e-01,-1.130172535777091980e-01,-1.185038387775421143e-01,-7.567298412322998047e-02,1.864483952522277832e-01,1.828414499759674072e-01,3.320172727108001709e-01,4.048307538032531738e-01,3.566275537014007568e-01,3.393794298171997070e-01,2.558709979057312012e-01,2.306581288576126099e-01,-2.708825282752513885e-02,-1.141489390283823013e-02,1.624415069818496704e-01,9.884642809629440308e-02,2.067482918500900269e-01,2.262745946645736694e-01,-5.017722025513648987e-02,6.673662364482879639e-02,-7.011176645755767822e-02,2.564102597534656525e-02,-1.734382286667823792e-02,-7.719784229993820190e-02,-6.571357697248458862e-02,1.775980740785598755e-02,-2.003254145383834839e-01,2.341283671557903290e-02,-2.638235986232757568e-01,-4.696298390626907349e-02,-1.452366858720779419e-01,1.167321950197219849e-01,-3.150989115238189697e-02,9.791304171085357666e-02,1.344358082860708237e-02,-5.556580796837806702e-02,-2.246393561363220215e-01,4.691315814852714539e-02,5.496552586555480957e-02,5.552074313163757324e-02,-4.208969417959451675e-03,2.649009786546230316e-02,-4.931387305259704590e-02,-2.872734069824218750e-01,-3.865015804767608643e-01,-2.363220751285552979e-01,-7.450738921761512756e-03,-8.755349367856979370e-02,1.202764883637428284e-01,2.158127874135971069e-01,-6.415966153144836426e-02,1.431025564670562744e-01,1.025378480553627014e-01,2.867932021617889404e-01,-1.869370639324188232e-01,7.461274415254592896e-02,-1.688188612461090088e-01,7.867720723152160645e-02,1.191489174962043762e-01,1.969573460519313812e-02,-1.085584685206413269e-01,-1.561362445354461670e-01,-1.889483034610748291e-01,1.592437177896499634e-01
-1.132024545222520828e-02,-3.156548738479614258e-02,-2.032894454896450043e-02,2.854556143283843994e-01,1.728159636259078979e-01,2.164634317159652710e-01,3.288225233554840088e-01,0.000000000000000000e+00,1.166672781109809875e-01,1.661836355924606323e-01,6.686679273843765259e-02,2.410720735788345337e-01,-3.098599612712860107e-02,1.444023549556732178e-01,-2.867445163428783417e-02,-1.385681144893169403e-02,-1.332096606492996216e-01,-1.768822222948074341e-01,1.939117312431335449e-01,1.895389556884765625e-01,-2.390432953834533691e-01,-4.691222310066223145e-02,1.409645974636077881e-01,1.235519424080848694e-01,-1.584238260984420776e-01,1.038012802600860596e-01,1.734663695096969604e-01,1.411746442317962646e-01,-1.411157101392745972e-01,-1.006307825446128845e-01,9.389428049325942993e-02,9.721197187900543213e-02,1.016908884048461914e-01,1.272879391908645630e-01,-1.557982563972473145e-01,-7.719753682613372803e-02,-2.735898494720458984e-01,-3.054501116275787354e-01,-9.695940464735031128e-02,-6.322059035301208496e-02,3.626567497849464417e-02,2.542297914624214172e-02,-1.675186902284622192e-01,-1.807039231061935425e-01,-1.695344299077987671e-01,-2.986791543662548065e-02,-1.416325718164443970e-01,-2.631143331527709961e-01,4.632659256458282471e-02,1.576639115810394287e-01,-7.997703738510608673e-03,-9.058091044425964355e-02,-5.193541571497917175e-02,-2.074606865644454956e-01,7.064496725797653198e-02,-1.925783008337020874e-01,-1.538821905851364136e-01,-4.384785890579223633e-02,1.212351992726325989e-01,2.487110495567321777e-01,3.021409213542938232e-01,4.157189726829528809e-01,1.905212178826332092e-02,1.379786878824234009e-01,-3.291581571102142334e-02,2.879386246204376221e-01,-8.719801157712936401e-02,-4.890677332878112793e-02,-1.198086515069007874e-01,-2.097035013139247894e-02,1.914261579513549805e-01,7.086832076311111450e-02,-9.479928016662597656e-02,5.018615350127220154e-02,-4.285219311714172363e-02,-1.970268338918685913e-01,1.195480395108461380e-02,5.897160619497299194e-02,-1.021054312586784363e-01,-1.018316596746444702e-01,-2.578520774841308594e-01,-2.866469025611877441e-01,-1.187161505222320557e-01,-7.141140103340148926e-02,2.411421835422515869e-01,-1.235692873597145081e-01,1.563815176486968994e-01,-9.567970037460327148e-02,2.237472385168075562e-01,-2.886646389961242676e-01,2.423186004161834717e-01,-1.587433665990829468e-01,2.855429649353027344e-01,-1.376441717147827148e-01,-8.299536257982254028e-02,-2.268123328685760498e-01,-2.319113314151763916e-01,-2.444525659084320068e-01,1.198447868227958679e-01,-6.619038432836532593e-02,2.511606514453887939e-01,6.375890970230102539e-02,1.437749713659286499e-01,2.705600298941135406e-02,1.967969536781311035e-01,1.063594296574592590e-01,-7.466626167297363281e-02,5.762889981269836426e-02,-1.417108178138732910e-01,2.986339852213859558e-02,8.841964602470397949e-02,-1.144634410738945007e-01,-2.033440582454204559e-02,-2.149568870663642883e-03,-7.458446919918060303e-02,1.109483689069747925e-01
-1.478740870952606201e-01,-2.140194475650787354e-01,-5.643542855978012085e-02,-1.315162181854248047e-01,5.534777641296386719e-01,5.296494364738464355e-01,1.342759430408477783e-01,1.166672781109809875e-01,0.000000000000000000e+00,7.226697802543640137e-01,-6.271152198314666748e-02,-1.309716552495956421e-01,1.928056403994560242e-02,9.479822963476181030e-02,2.653392851352691650e-01,2.785794734954833984e-01,-2.456889674067497253e-02,-9.434413909912109375e-02,-1.909772254293784499e-04,-1.237555593252182007e-01,-7.861457020044326782e-02,1.081520915031433105e-01,1.167664825916290283e-01,8.262500166893005371e-02,5.437715053558349609e-01,6.588618159294128418e-01,3.014544546604156494e-01,2.676498889923095703e-01,8.651857264339923859e-03,3.999385610222816467e-02,3.474984467029571533e-01,2.200281918048858643e-01,-1.108862683176994324e-01,-3.206464275717735291e-02,-1.109578907489776611e-01,-8.804088085889816284e-02,-2.792325615882873535e-02,-8.868701756000518799e-02,6.991375237703323364e-02,1.162433996796607971e-01,-1.385650932788848877e-01,5.979570001363754272e-02,-6.343106925487518311e-02,-6.287442147731781006e-02,-1.926904320716857910e-01,-1.471938490867614746e-01,-2.643772363662719727e-01,-2.136611342430114746e-01,-3.581329435110092163e-02,1.863693445920944214e-02,-7.719536870718002319e-02,-1.700128465890884399e-01,-8.247101306915283203e-02,-1.822304725646972656e-01,-3.301287814974784851e-02,-5.918563157320022583e-02,-2.150423377752304077e-01,-1.845953911542892456e-01,1.333962311036884785e-03,-1.096720919013023376e-01,1.942400634288787842e-02,1.902792975306510925e-02,-1.045622974634170532e-01,-1.399983614683151245e-01,6.661169230937957764e-03,-1.420939248055219650e-02,-2.508526146411895752e-01,-2.723971009254455566e-01,-1.555193364620208740e-01,-1.858903616666793823e-01,6.811128556728363037e-02,9.120994061231613159e-02,-3.037264943122863770e-02,2.597916424274444580e-01,-6.458566337823867798e-02,1.094666793942451477e-01,-7.279065996408462524e-02,-9.980988502502441406e-02,-9.636338055133819580e-02,-5.394673720002174377e-02,-8.533301204442977905e-02,-1.904596537351608276e-01,7.565272599458694458e-02,1.052573919296264648e-01,-5.251306574791669846e-04,-2.529000639915466309e-01,2.530982792377471924e-01,2.519196867942810059e-01,8.136409521102905273e-02,-6.391488015651702881e-02,-2.108802832663059235e-02,-1.589341759681701660e-01,2.540879882872104645e-02,-2.856454625725746155e-02,-1.811190886655822396e-04,-4.508737847208976746e-02,-1.643552333116531372e-01,-3.492480516433715820e-01,-1.910728402435779572e-02,4.698122665286064148e-02,1.367960125207901001e-01,1.856498867273330688e-01,1.671175211668014526e-01,2.437408864498138428e-01,1.192779466509819031e-01,1.131307855248451233e-01,8.764488250017166138e-02,4.661268740892410278e-02,-6.017162278294563293e-02,-3.242022916674613953e-02,-1.275881081819534302e-01,-2.410795688629150391e-01,-1.651280373334884644e-02,1.007031351327896118e-01,-6.556621193885803223e-02,2.258752584457397461e-01
-1.861521452665328979e-01,-1.950088441371917725e-01,-1.751072555780410767e-01,-1.409194339066743851e-02,5.122933983802795410e-01,5.433772206306457520e-01,4.205265268683433533e-02,1.661836355924606323e-01,7.226697802543640137e-01,0.000000000000000000e+00,-7.863055914640426636e-02,-1.766973435878753662e-01,-1.498882025480270386e-01,4.443239793181419373e-02,2.080661654472351074e-01,3.549477756023406982e-01,-7.519290596246719360e-02,-1.463311612606048584e-01,6.128669530153274536e-02,-1.185936033725738525e-01,-1.584402024745941162e-01,1.540289670228958130e-01,1.596782207489013672e-01,1.048937216401100159e-01,4.607511758804321289e-01,6.760544776916503906e-01,3.902665078639984131e-01,3.958115577697753906e-01,-1.189782768487930298e-01,-4.019193351268768311e-03,3.592870831489562988e-01,2.679088413715362549e-01,-4.877106100320816040e-02,-1.219609566032886505e-02,-9.304148703813552856e-02,-3.312479704618453979e-02,-7.530371099710464478e-02,-6.806564331054687500e-02,5.755017325282096863e-02,1.885017007589340210e-01,-1.679026894271373749e-02,9.992375969886779785e-02,-1.872906535863876343e-01,-2.153447419404983521e-01,-2.050079107284545898e-01,-2.264367938041687012e-01,-3.344759643077850342e-01,-2.289541214704513550e-01,-1.011879891157150269e-01,3.043724969029426575e-02,-1.630087941884994507e-01,-2.606595456600189209e-01,-2.383702695369720459e-01,-3.098476529121398926e-01,-1.087507605552673340e-02,-1.127655580639839172e-01,-2.708467543125152588e-01,-1.197444051504135132e-01,-1.319508552551269531e-01,-1.309098601341247559e-01,-6.014470383524894714e-02,1.240799855440855026e-02,-2.014285176992416382e-01,-1.293046325445175171e-01,4.614306613802909851e-02,1.092682406306266785e-01,-2.997739911079406738e-01,-3.115254342555999756e-01,-1.991641372442245483e-01,-2.027240842580795288e-01,2.175360620021820068e-01,1.648883372545242310e-01,-7.481453567743301392e-02,3.237985670566558838e-01,-1.494271159172058105e-01,-9.258785285055637360e-03,-1.244625970721244812e-01,-1.045986190438270569e-01,-8.650021255016326904e-02,-4.694660380482673645e-02,-1.949693262577056885e-01,-2.392981648445129395e-01,6.720119714736938477e-02,1.135245040059089661e-01,2.579376799985766411e-03,-2.862374186515808105e-01,3.079893589019775391e-01,3.624072670936584473e-01,1.405579149723052979e-01,-3.746136650443077087e-02,1.104189604520797729e-01,-1.918372809886932373e-01,1.885260194540023804e-01,-4.047342017292976379e-02,-2.566789044067263603e-03,-1.003916859626770020e-01,-2.101541310548782349e-01,-3.729824125766754150e-01,1.399343460798263550e-01,9.958481788635253906e-02,2.563272416591644287e-01,2.622556090354919434e-01,2.692109048366546631e-01,3.090312480926513672e-01,1.540749967098236084e-01,1.783840954303741455e-01,7.678917795419692993e-02,1.559364050626754761e-02,-9.947890788316726685e-02,4.445984214544296265e-02,-1.783957332372665405e-02,-2.835649549961090088e-01,9.119565784931182861e-02,2.135659158229827881e-01,-1.120798103511333466e-02,1.828855127096176147e-01
2.363121360540390015e-01,1.068325564265251160e-01,3.190286085009574890e-02,8.124530315399169922e-03,-3.767536878585815430e-01,-1.908020861446857452e-02,9.787070006132125854e-02,6.686679273843765259e-02,-6.271152198314666748e-02,-7.863055914640426636e-02,0.000000000000000000e+00,4.356122612953186035e-01,4.479039013385772705e-01,2.270908206701278687e-01,6.415416020900011063e-03,-5.337730422616004944e-02,1.894020885229110718e-01,4.348795115947723389e-01,1.140227466821670532e-01,1.238673776388168335e-01,6.335365772247314453e-02,6.094444543123245239e-02,2.596329897642135620e-02,-8.077709376811981201e-02,4.754772875458002090e-03,-2.114728093147277832e-01,-4.367234110832214355e-01,5.397372320294380188e-02,3.697007000446319580e-01,1.907518506050109863e-01,1.462574750185012817e-01,2.058447152376174927e-01,7.978743314743041992e-02,7.683353126049041748e-02,-3.304112851619720459e-01,-3.542107641696929932e-01,-1.004399582743644714e-01,-1.351787298917770386e-01,-3.523448407649993896e-01,-3.048347830772399902e-01,7.004240900278091431e-02,-1.268456429243087769e-01,-4.293918237090110779e-02,1.872704625129699707e-01,4.384298324584960938e-01,1.869221627712249756e-01,6.338978558778762817e-02,2.924903854727745056e-02,-3.387218713760375977e-02,-9.145813994109630585e-03,-2.366784401237964630e-02,-4.370300844311714172e-02,-7.470904290676116943e-02,-1.864497922360897064e-02,-3.012989759445190430e-01,-2.799330055713653564e-01,1.186287626624107361e-01,7.868617773056030273e-02,-6.407602876424789429e-02,5.544411763548851013e-02,1.968329399824142456e-02,2.051793187856674194e-01,3.242426812648773193e-01,3.431229889392852783e-01,-1.236245185136795044e-01,-1.553908456116914749e-02,-1.664339005947113037e-01,3.233213350176811218e-02,-1.546794623136520386e-01,2.639253251254558563e-02,1.195689961314201355e-01,1.635263673961162567e-02,1.815153956413269043e-01,8.191276341676712036e-02,1.669999659061431885e-01,1.966299861669540405e-01,-6.777383387088775635e-02,-7.425012439489364624e-02,2.614167928695678711e-01,2.650416195392608643e-01,2.389215379953384399e-01,3.575146496295928955e-01,-3.531893789768218994e-01,-4.338957369327545166e-01,-1.000090222805738449e-02,1.917675435543060303e-01,-2.695559859275817871e-01,-1.146674528717994690e-01,-2.123323380947113037e-01,5.115162208676338196e-02,-9.066342562437057495e-02,-2.953733690083026886e-02,-1.655600965023040771e-01,-1.231960603035986423e-03,-2.082891762256622314e-01,8.954236656427383423e-02,1.452094912528991699e-01,1.156950071454048157e-01,1.079351752996444702e-01,5.220869928598403931e-02,-8.647017925977706909e-02,2.713179029524326324e-02,2.236675098538398743e-02,-6.073226779699325562e-02,-2.192633599042892456e-01,-1.670473515987396240e-01,-1.158617734909057617e-01,-6.114691868424415588e-02,2.359041869640350342e-01,-3.316727280616760254e-01,-1.659120619297027588e-01,1.150741353631019592e-01,-9.901221841573715210e-02,-2.413722425699234009e-01,-3.186141550540924072e-01,-2.672275304794311523e-01
1.895126104354858398e-01,1.539863049983978271e-01,5.765131488442420959e-02,-5.033919587731361389e-02,-2.553203999996185303e-01,-1.169030740857124329e-01,9.404429048299789429e-02,2.410720735788345337e-01,-1.309716552495956421e-01,-1.766973435878753662e-01,4.356122612953186035e-01,0.000000000000000000e+00,3.783155977725982666e-01,5.456228852272033691e-01,-3.362194076180458069e-02,-1.944765001535415649e-01,1.514085475355386734e-02,2.517268657684326172e-01,5.086756870150566101e-02,2.447638511657714844e-01,6.065997108817100525e-02,-7.599633187055587769e-02,-2.613878808915615082e-02,-6.501694023609161377e-02,-1.988793313503265381e-01,-3.423133492469787598e-01,-3.660838603973388672e-01,-1.454933583736419678e-01,3.645204305648803711e-01,2.050495594739913940e-01,1.781332306563854218e-02,4.562934860587120056e-02,4.728144407272338867e-02,6.390698999166488647e-02,-3.343628644943237305e-01,-3.027479350566864014e-01,-5.326347053050994873e-02,-1.119242310523986816e-01,-2.074154168367385864e-01,-2.797751426696777344e-01,1.433206796646118164e-01,3.421835601329803467e-02,9.663701057434082031e-02,2.647353708744049072e-01,1.940609216690063477e-01,1.849032789468765259e-01,2.325840890407562256e-01,1.808734834194183350e-01,1.008899733424186707e-01,1.304640024900436401e-01,1.201985776424407959e-01,1.721953451633453369e-01,9.984476864337921143e-02,3.212494030594825745e-02,-1.227399110794067383e-01,-1.122095957398414612e-01,3.851485997438430786e-02,-7.968296110630035400e-02,1.767234355211257935e-01,2.128298431634902954e-01,1.461504250764846802e-01,2.794421315193176270e-01,3.761598169803619385e-01,3.615091741085052490e-01,-2.553261518478393555e-01,-3.382091224193572998e-02,-1.940115005709230900e-03,9.340998530387878418e-02,-8.139080554246902466e-02,-4.155421629548072815e-03,7.770102471113204956e-02,1.090314164757728577e-01,1.589731127023696899e-01,1.193351894617080688e-01,1.179630458354949951e-01,1.720321625471115112e-01,1.886540055274963379e-01,1.902438551187515259e-01,6.593871116638183594e-02,6.040434818714857101e-03,2.053586393594741821e-01,1.565829664468765259e-01,-2.519694268703460693e-01,-2.831435203552246094e-01,9.257137030363082886e-02,3.048352599143981934e-01,-1.993244141340255737e-01,-3.107596039772033691e-01,-1.886727809906005859e-01,-2.659932076930999756e-01,-1.052456051111221313e-01,-4.180457070469856262e-02,-1.153846755623817444e-01,-1.479725837707519531e-01,-1.995067298412322998e-01,-1.501317601650953293e-02,-2.236326411366462708e-02,1.024571135640144348e-01,7.095535099506378174e-02,5.903618037700653076e-02,-1.347226947546005249e-01,-8.672713488340377808e-02,-9.148389846086502075e-02,-9.235650300979614258e-02,-2.480978965759277344e-01,-2.350847274065017700e-01,-6.604200601577758789e-02,4.581462591886520386e-02,6.628945469856262207e-02,-2.371939122676849365e-01,-1.904956847429275513e-01,1.144740357995033264e-01,-5.534518137574195862e-02,-1.813146770000457764e-01,-2.654497623443603516e-01,-1.455592960119247437e-01
2.476216852664947510e-01,6.358253955841064453e-02,3.831070959568023682e-01,-1.243283133953809738e-02,-1.626060307025909424e-01,-6.506320834159851074e-02,2.107693552970886230e-01,-3.098599612712860107e-02,1.928056403994560242e-02,-1.498882025480270386e-01,4.479039013385772705e-01,3.783155977725982666e-01,0.000000000000000000e+00,3.721656799316406250e-01,-1.721351593732833862e-02,-2.413242161273956299e-01,1.444673985242843628e-01,2.354027032852172852e-01,2.217728830873966217e-02,1.722847074270248413e-01,2.631669044494628906e-01,-1.756318956613540649e-01,1.766712171956896782e-03,2.737534418702125549e-02,7.089970260858535767e-02,-2.858573496341705322e-01,-4.205907583236694336e-01,-2.511893212795257568e-01,2.676406204700469971e-01,6.779963150620460510e-03,2.355134859681129456e-02,9.766741096973419189e-02,-3.634443134069442749e-02,8.430280536413192749e-02,1.912313327193260193e-02,-7.405433803796768188e-02,5.735086649656295776e-02,1.695286110043525696e-02,-2.969902157783508301e-01,-3.667207956314086914e-01,3.219850361347198486e-02,-1.036177128553390503e-01,1.324462741613388062e-01,3.328336179256439209e-01,1.468101590871810913e-01,9.628357738256454468e-02,3.177552223205566406e-01,1.571776568889617920e-01,4.734521266072988510e-03,-8.967156708240509033e-02,5.027933046221733093e-02,9.885154664516448975e-02,2.769230306148529053e-01,2.344944030046463013e-01,-4.508049786090850830e-01,-1.977151036262512207e-01,1.889468282461166382e-01,-2.284717280417680740e-03,2.672726213932037354e-01,1.977507323026657104e-01,2.264626026153564453e-01,1.537673622369766235e-01,2.500178515911102295e-01,1.171053498983383179e-01,1.023576408624649048e-01,-9.426277875900268555e-02,1.653410643339157104e-01,1.823690682649612427e-01,6.390367448329925537e-02,1.485767066478729248e-01,-7.362013310194015503e-02,-3.525771573185920715e-02,1.660434752702713013e-01,-9.439498186111450195e-02,3.677209913730621338e-01,2.151651531457901001e-01,1.606671810150146484e-01,1.055466830730438232e-01,4.507339000701904297e-02,4.484635777771472931e-03,2.697845697402954102e-01,2.669536769390106201e-01,-2.746024429798126221e-01,-1.801304668188095093e-01,7.158235460519790649e-02,2.384905964136123657e-01,-2.194818407297134399e-01,-1.391594409942626953e-01,-2.315496206283569336e-01,-4.413495585322380066e-02,-4.326916038990020752e-01,1.470147520303726196e-01,-4.429911375045776367e-01,6.924561411142349243e-02,-7.254064828157424927e-02,-3.595342487096786499e-02,-2.180918678641319275e-02,-2.380076097324490547e-03,-2.632457911968231201e-01,-1.631463617086410522e-01,-4.206523895263671875e-01,-2.038432508707046509e-01,-2.632500529289245605e-01,-3.009788990020751953e-01,-3.106476664543151855e-01,-2.435155957937240601e-01,-9.559887647628784180e-02,-1.935694925487041473e-02,7.994484901428222656e-02,-1.719830930233001709e-01,-2.244861572980880737e-01,2.752648293972015381e-01,-5.200024321675300598e-02,-2.759945094585418701e-01,-2.471274286508560181e-01,-1.428391039371490479e-01
