0.000000000000000000e+00,2.684606611728668213e-01,4.429949223995208740e-01,6.513890624046325684e-02,-1.377693712711334229e-01,-1.921581625938415527e-01,4.453027546405792236e-01,8.290791511535644531e-02,5.075376853346824646e-02,-6.504911929368972778e-02,4.967842102050781250e-01,2.935942728072404861e-03,5.370224714279174805e-01,1.014200150966644287e-01,2.637400627136230469e-01,-1.654997467994689941e-01,-1.934960857033729553e-02,-6.863409280776977539e-02,5.613697171211242676e-01,2.592545151710510254e-01,1.789319515228271484e-02,-2.397795021533966064e-01,2.948662936687469482e-01,1.456133425235748291e-01,-9.385167807340621948e-02,-3.878610208630561829e-02,-3.740247711539268494e-02,-1.083777993917465210e-01,7.628628611564636230e-02,6.893109530210494995e-02,5.259913951158523560e-02,8.912940323352813721e-02,1.171602830290794373e-01,-9.124457836151123047e-03,1.361860483884811401e-01,4.887390136718750000e-02,-1.664877980947494507e-01,-3.104194700717926025e-01,2.514011971652507782e-02,-3.061165213584899902e-01,-2.805719338357448578e-02,-3.254135549068450928e-01,-1.279771178960800171e-01,-4.227676987648010254e-02,-2.164309471845626831e-01,-1.039667874574661255e-01,1.062111109495162964e-01,1.351449489593505859e-01,-1.946343630552291870e-01,-5.044129118323326111e-02,1.645516417920589447e-02,-6.693109869956970215e-02,-6.338349729776382446e-02,-7.777758687734603882e-02,-2.114841490983963013e-01,-1.331486850976943970e-01,1.980478316545486450e-01,2.120879143476486206e-01,2.743919491767883301e-01,3.096535615622997284e-02,3.562248349189758301e-01,-3.658824041485786438e-02,-5.999144539237022400e-02,-2.383122891187667847e-01,2.469691634178161621e-01,9.647777676582336426e-02,4.145466536283493042e-02,-1.139660477638244629e-01,3.223227858543395996e-01,2.208678573369979858e-01,3.382833898067474365e-01,3.313050270080566406e-01,2.780358195304870605e-01,2.017407715320587158e-01,1.473924815654754639e-01,1.111435145139694214e-01,1.773408204317092896e-01,1.699081659317016602e-01,1.055237054824829102e-01,-5.352908745408058167e-02,-5.365285277366638184e-02,-2.940994799137115479e-01,-3.833452463150024414e-01,-2.156568616628646851e-01,5.322804674506187439e-02,-4.028631150722503662e-01,-3.076458722352981567e-02,-2.791957855224609375e-01,7.017946988344192505e-02,-2.632503807544708252e-01,-5.839329957962036133e-02,-1.694561913609504700e-02,-1.074694618582725525e-01,-4.391947016119956970e-02,1.862504780292510986e-01,-8.678144216537475586e-02,2.742154896259307861e-02,-1.389821711927652359e-02,1.411404311656951904e-01,1.422693133354187012e-01,-9.600347280502319336e-02,3.057653782889246941e-03,-1.274709682911634445e-02,5.590324755758047104e-03,-1.124246940016746521e-01,1.330597698688507080e-01,9.624446183443069458e-02,1.186477765440940857e-01,7.068394124507904053e-02,2.219641581177711487e-02,2.104201167821884155e-01,6.038336083292961121e-02,-6.068854033946990967e-02,-4.061815328896045685e-03,2.762565910816192627e-01,-1.380169689655303955e-01
2.684606611728668213e-01,0.000000000000000000e+00,-3.921229764819145203e-02,7.633639127016067505e-02,-1.321241110563278198e-01,-1.501012146472930908e-01,-6.788491457700729370e-02,1.649370193481445312e-01,-1.557901501655578613e-01,-2.120788395404815674e-01,2.904257737100124359e-02,2.503485679626464844e-01,4.371881112456321716e-02,1.559376269578933716e-01,-1.304584592580795288e-01,-1.727462559938430786e-02,3.920853734016418457e-01,1.636792570352554321e-01,3.787384629249572754e-01,5.351800918579101562e-01,-2.216096222400665283e-01,-1.261165440082550049e-01,1.087116524577140808e-01,6.728886067867279053e-02,-2.661471068859100342e-01,-2.658780105412006378e-02,-2.904315292835235596e-01,-1.501262038946151733e-01,2.743883132934570312e-01,2.051876187324523926e-01,1.643754392862319946e-01,8.629667758941650391e-02,2.615425586700439453e-01,3.129982054233551025e-01,-1.430801153182983398e-01,1.103748939931392670e-02,-2.827132940292358398e-01,-2.998531162738800049e-01,9.384626150131225586e-02,-1.285499483346939087e-01,7.300844043493270874e-02,-8.096807450056076050e-02,-1.745477616786956787e-01,-3.963147103786468506e-02,-6.926493253558874130e-03,4.364560171961784363e-02,2.842182852327823639e-02,6.369198858737945557e-02,1.469116937369108200e-02,-1.388643402606248856e-02,-8.335267007350921631e-02,-4.899330437183380127e-03,-4.263586550951004028e-02,1.369552016258239746e-01,-9.317522495985031128e-02,-4.938344471156597137e-03,5.311214923858642578e-01,6.028767824172973633e-01,1.157144606113433838e-01,3.260118961334228516e-01,-7.901949435472488403e-02,1.079935431480407715e-01,1.916043013334274292e-01,2.805073261260986328e-01,-2.441873699426651001e-01,-2.065158784389495850e-01,-7.260087877511978149e-02,-1.411410886794328690e-02,4.275146424770355225e-01,3.677831292152404785e-01,1.187181025743484497e-01,6.522995978593826294e-02,2.113021612167358398e-01,2.186225056648254395e-01,5.878850817680358887e-02,2.137060165405273438e-01,4.126179590821266174e-02,2.987959384918212891e-01,-1.591880805790424347e-02,2.459937185049057007e-01,4.706821963191032410e-02,1.553603261709213257e-01,-3.653590083122253418e-01,1.104684453457593918e-02,-6.327784061431884766e-02,1.104358062148094177e-01,-1.998436897993087769e-01,-8.135662227869033813e-02,-1.878048628568649292e-01,1.299627125263214111e-01,-2.137728333473205566e-01,-1.206022105179727077e-03,-1.691091954708099365e-01,-1.658195108175277710e-01,5.563314538449048996e-03,-1.177897527813911438e-01,-5.979138240218162537e-02,6.274921447038650513e-02,1.809407770633697510e-01,-7.283640652894973755e-02,-2.064777612686157227e-01,-1.370397955179214478e-01,6.091410666704177856e-02,5.519287288188934326e-02,-7.576413452625274658e-02,-7.492094486951828003e-02,-6.476687639951705933e-02,1.578033119440078735e-01,1.713525503873825073e-02,2.320690080523490906e-02,8.515842258930206299e-02,8.641884475946426392e-02,2.087653800845146179e-02,-7.312462478876113892e-02,3.049036860466003418e-02,-1.428895443677902222e-01
4.429949223995208740e-01,-3.921229764819145203e-02,0.000000000000000000e+00,2.708702087402343750e-01,2.588362619280815125e-02,-9.680507332086563110e-02,5.620394349098205566e-01,1.888451166450977325e-02,1.268384456634521484e-01,1.723170466721057892e-02,2.613047957420349121e-01,-2.241056412458419800e-01,3.414123356342315674e-01,-1.172995269298553467e-01,2.121143788099288940e-01,-2.355962395668029785e-01,-3.141561746597290039e-01,-1.628773659467697144e-01,2.521366775035858154e-01,4.955758154392242432e-02,-7.437097374349832535e-03,-1.579287946224212646e-01,4.798505008220672607e-01,3.230277299880981445e-01,9.676473587751388550e-02,-1.035050116479396820e-02,8.464469760656356812e-02,-3.362663462758064270e-02,-8.697641640901565552e-02,-1.131495535373687744e-01,6.907504051923751831e-02,1.480007320642471313e-01,1.140900030732154846e-01,-2.041710726916790009e-02,4.067592620849609375e-01,2.056344151496887207e-01,-4.679498448967933655e-02,-1.517528891563415527e-01,2.070243358612060547e-01,-2.016946822404861450e-01,-1.163900867104530334e-01,-2.864721417427062988e-01,-1.279015094041824341e-01,-9.989573061466217041e-02,-2.930109202861785889e-01,-6.615653634071350098e-02,-3.858720650896430016e-03,6.909369677305221558e-02,-3.061772286891937256e-01,-2.375798076391220093e-01,-2.042562514543533325e-02,-1.360726654529571533e-01,-1.295258551836013794e-01,-2.137377411127090454e-01,-1.310148835182189941e-01,-1.714661270380020142e-01,-4.650541767477989197e-02,-2.814368717372417450e-02,1.487345695495605469e-01,-1.717514991760253906e-01,2.820926904678344727e-01,-1.343551725149154663e-01,-1.956552416086196899e-01,-3.720658719539642334e-01,4.457768499851226807e-01,2.835274338722229004e-01,3.848517835140228271e-01,1.247944757342338562e-01,1.609206497669219971e-01,2.027604430913925171e-01,1.786619722843170166e-01,2.226491123437881470e-01,1.257519423961639404e-02,6.543557159602642059e-03,2.366719841957092285e-01,1.422342658042907715e-01,2.921892404556274414e-01,1.733603477478027344e-01,7.715196697972714901e-04,-8.578864485025405884e-02,-1.832063496112823486e-01,-4.260145425796508789e-01,-2.473188787698745728e-01,-2.617975175380706787e-01,-1.227751895785331726e-01,-3.604192435741424561e-01,1.394627243280410767e-01,-4.271741211414337158e-02,1.711727827787399292e-01,-3.415768146514892578e-01,-6.010516360402107239e-02,-1.563162915408611298e-02,-1.026341095566749573e-01,-8.874198421835899353e-03,1.696271598339080811e-01,-4.760352894663810730e-02,1.242796331644058228e-01,6.918967515230178833e-02,-2.607180923223495483e-02,-3.070087358355522156e-02,-9.787856042385101318e-02,-1.918210275471210480e-02,-7.341630756855010986e-03,3.943153098225593567e-02,4.204007983207702637e-02,2.241651266813278198e-01,5.629379674792289734e-02,4.070584848523139954e-02,-3.451921790838241577e-02,1.670372206717729568e-03,1.992564201354980469e-01,-1.089562773704528809e-01,1.557831373065710068e-02,4.012166708707809448e-02,1.544408500194549561e-01,-6.198150292038917542e-02
6.513890624046325684e-02,7.633639127016067505e-02,2.708702087402343750e-01,0.000000000000000000e+00,6.450715661048889160e-02,2.592298090457916260e-01,2.209465950727462769e-01,6.074713468551635742e-01,1.045098453760147095e-01,2.824973165988922119e-01,-1.775732338428497314e-01,3.843579068779945374e-02,-2.539401128888130188e-02,2.162176817655563354e-01,-1.164008229970932007e-01,1.293039619922637939e-01,-8.704655617475509644e-02,-1.017589122056961060e-01,6.242739409208297729e-02,2.798217721283435822e-02,-1.661490052938461304e-01,-3.498404100537300110e-02,1.282514780759811401e-01,2.693406045436859131e-01,-1.597393453121185303e-01,2.309212833642959595e-01,3.226480633020401001e-02,2.203320898115634918e-02,1.071674525737762451e-01,1.295244693756103516e-01,9.893428534269332886e-02,2.095185518264770508e-01,9.935816377401351929e-02,2.179883569478988647e-01,1.155929341912269592e-01,1.729043424129486084e-01,-8.667127788066864014e-02,-1.609464734792709351e-01,1.357649564743041992e-01,-3.178350627422332764e-02,-1.243000105023384094e-01,-1.309103071689605713e-01,-4.023456573486328125e-01,-3.418143093585968018e-01,-2.253057956695556641e-01,-6.102350074797868729e-03,-2.166188359260559082e-01,-1.382256895303726196e-01,-3.137522339820861816e-01,-1.098362877964973450e-01,-1.811829358339309692e-01,7.539859507232904434e-03,-2.798734307289123535e-01,-1.688367575407028198e-01,-2.285768389701843262e-01,-2.045165896415710449e-01,-1.006478294730186462e-01,9.127841889858245850e-02,3.648623079061508179e-02,6.287688761949539185e-02,1.294432133436203003e-01,2.891574203968048096e-01,-8.800685405731201172e-03,1.064486578106880188e-01,-1.069817841053009033e-01,2.805211246013641357e-01,1.368837654590606689e-01,2.397032827138900757e-01,1.662594825029373169e-01,4.432354122400283813e-03,-2.613091655075550079e-02,-4.179669544100761414e-03,-1.054778322577476501e-01,-1.238971203565597534e-01,1.760431975126266479e-01,1.567156165838241577e-01,-2.984469011425971985e-02,2.283033281564712524e-01,9.043234586715698242e-02,7.249760627746582031e-02,-1.259875595569610596e-01,-7.831362634897232056e-02,-1.405932903289794922e-01,2.096911892294883728e-02,-5.029928088188171387e-01,-5.993588361889123917e-03,-2.158889081329107285e-03,-2.170466631650924683e-02,-1.449606567621231079e-01,-2.024437040090560913e-01,-2.074329406023025513e-01,-6.321547925472259521e-02,-2.521514892578125000e-01,-2.831776738166809082e-01,-1.660115830600261688e-02,-6.837820261716842651e-02,-1.868708133697509766e-01,1.192010287195444107e-02,1.101202964782714844e-01,-4.077287018299102783e-01,-1.200781986117362976e-01,-2.908581197261810303e-01,1.478371471166610718e-01,1.195590272545814514e-01,5.630857124924659729e-02,-5.195565056055784225e-03,7.969179749488830566e-02,2.544591724872589111e-01,3.170687332749366760e-02,-4.267869889736175537e-02,9.888809174299240112e-02,-2.250943928956985474e-01,1.587093807756900787e-02,-1.264638304710388184e-01,-9.476093202829360962e-02,-9.201958030462265015e-02
-1.377693712711334229e-01,-1.321241110563278198e-01,2.588362619280815125e-02,6.450715661048889160e-02,0.000000000000000000e+00,3.527368307113647461e-01,2.328190580010414124e-02,-7.565072178840637207e-02,3.729925751686096191e-01,2.676637470722198486e-01,-2.941313944756984711e-02,-2.274079620838165283e-02,-5.591468419879674911e-03,-1.146689280867576599e-01,1.692636609077453613e-01,2.148848325014114380e-01,-1.436495035886764526e-01,1.033388078212738037e-03,-6.066220626235008240e-02,-1.555276662111282349e-01,-1.269460022449493408e-01,8.618928492069244385e-02,7.010251283645629883e-02,1.683722883462905884e-01,1.441180109977722168e-01,3.601686060428619385e-01,3.967027738690376282e-02,1.669751703739166260e-01,2.444106712937355042e-02,-9.459686279296875000e-02,1.234189867973327637e-01,-6.918081082403659821e-03,3.128449898213148117e-03,-6.131986528635025024e-02,-4.592474550008773804e-02,1.741403713822364807e-02,1.554079502820968628e-01,2.284272313117980957e-01,1.180796921253204346e-01,3.153743743896484375e-01,-3.943865746259689331e-02,2.755290269851684570e-01,6.028984114527702332e-02,-1.032333448529243469e-02,-2.727996185421943665e-02,-1.319461464881896973e-01,-1.163713913410902023e-02,-5.029429867863655090e-02,-1.919702142477035522e-01,-1.801042109727859497e-01,-9.034099429845809937e-02,-2.255614548921585083e-01,-1.393257230520248413e-01,1.446252912282943726e-01,-1.281607449054718018e-01,-2.274229079484939575e-01,-8.684168010950088501e-02,-1.110396683216094971e-01,-2.480166405439376831e-01,-2.371816635131835938e-01,-5.005156621336936951e-02,-8.139015734195709229e-02,-5.038457736372947693e-02,-7.210535556077957153e-02,8.484331518411636353e-02,9.989277273416519165e-02,-3.643245669081807137e-03,9.971648454666137695e-02,-1.526627987623214722e-01,-6.840814650058746338e-02,1.502559334039688110e-01,5.826875939965248108e-02,3.813142329454421997e-02,-6.128826364874839783e-02,-9.026063233613967896e-02,-2.198780514299869537e-02,-1.756326295435428619e-02,8.624524623155593872e-02,8.924180269241333008e-02,-1.215518563985824585e-01,-1.816785484552383423e-01,-4.321897402405738831e-02,2.652738690376281738e-01,9.822881966829299927e-02,-6.490626931190490723e-02,9.509913623332977295e-02,-6.312745809555053711e-02,3.504215180873870850e-01,6.146508827805519104e-02,1.987150311470031738e-02,2.234298735857009888e-02,-4.764854442328214645e-03,-4.249691590666770935e-02,-1.211211755871772766e-01,7.786776870489120483e-02,1.855027079582214355e-01,-1.165117621421813965e-01,-1.392674893140792847e-01,7.396949827671051025e-02,-1.225305125117301941e-01,-1.876027882099151611e-01,-1.867453451268374920e-03,1.912621855735778809e-01,7.404591143131256104e-02,-1.058062463998794556e-01,-1.140823811292648315e-01,1.299418210983276367e-01,1.894655823707580566e-01,4.174910858273506165e-02,2.563421428203582764e-01,1.139847002923488617e-02,9.333038330078125000e-02,-3.200501203536987305e-02,-2.235717475414276123e-01,8.956124633550643921e-02,-2.164785265922546387e-01
-1.921581625938415527e-01,-1.501012146472930908e-01,-9.680507332086563110e-02,2.592298090457916260e-01,3.527368307113647461e-01,0.000000000000000000e+00,3.468601033091545105e-02,1.504728496074676514e-01,2.300161421298980713e-01,4.473157525062561035e-01,-2.487953566014766693e-02,1.968599110841751099e-02,-2.250280790030956268e-02,1.490375846624374390e-01,3.231219202280044556e-02,3.477817177772521973e-01,1.789974421262741089e-02,-7.823699712753295898e-02,-7.146622240543365479e-02,-2.155444473028182983e-01,-3.577737137675285339e-02,2.356962561607360840e-01,-2.968478715047240257e-03,1.710947453975677490e-01,-2.595639787614345551e-03,4.016118347644805908e-01,-8.052851073443889618e-03,1.820045858621597290e-01,2.153857611119747162e-03,-4.148862883448600769e-02,4.564520716667175293e-02,1.466047018766403198e-01,-2.008659988641738892e-01,-1.977847516536712646e-01,-1.649492233991622925e-01,-1.030115261673927307e-01,1.159345358610153198e-01,2.325094640254974365e-01,3.521871194243431091e-02,1.970174610614776611e-01,-2.506721997633576393e-03,2.405885010957717896e-01,-4.579489678144454956e-02,-6.480019073933362961e-03,-8.569163084030151367e-02,-2.470141500234603882e-01,-1.428038775920867920e-01,-2.460723668336868286e-01,-2.081422507762908936e-01,-1.474627852439880371e-01,-1.804196685552597046e-01,-2.062342166900634766e-01,-1.152595803141593933e-01,-4.297306388616561890e-02,-2.058226466178894043e-01,-1.376469284296035767e-01,-1.414313763380050659e-01,-2.056462615728378296e-01,-3.937740027904510498e-01,-3.029653728008270264e-01,-1.018632203340530396e-01,7.158483564853668213e-02,-6.241580098867416382e-02,-1.137177646160125732e-01,-8.725887164473533630e-03,2.004766464233398438e-01,-2.364435791969299316e-01,-6.302329152822494507e-02,-1.355053037405014038e-01,-1.717795729637145996e-01,7.720068842172622681e-02,-4.232490435242652893e-02,2.043487504124641418e-02,-6.552593410015106201e-02,-1.374169886112213135e-01,-1.447562873363494873e-01,-4.485752433538436890e-02,-2.417035633698105812e-03,2.300480566918849945e-02,-2.800498902797698975e-02,-1.424628496170043945e-01,-4.978792741894721985e-02,1.983784586191177368e-01,4.650355502963066101e-02,-1.915246993303298950e-01,9.305795282125473022e-02,-2.857464924454689026e-02,9.906659275293350220e-02,-1.694693416357040405e-01,-2.543377131223678589e-02,6.365243345499038696e-02,1.635743863880634308e-02,9.715190529823303223e-02,-2.494829008355736732e-03,-5.727068334817886353e-02,1.014000922441482544e-01,-1.411187946796417236e-01,-1.536288708448410034e-01,9.369103610515594482e-02,-7.190922647714614868e-02,4.307798575609922409e-03,-9.693320840597152710e-03,1.062461175024509430e-02,1.779659837484359741e-02,3.744254261255264282e-02,-1.284432709217071533e-01,6.008472293615341187e-02,1.734514534473419189e-01,1.594874635338783264e-02,1.462279111146926880e-01,-9.398580342531204224e-02,-4.061105102300643921e-02,-7.431003451347351074e-02,-1.950650662183761597e-01,-1.363584958016872406e-02,-5.958926398307085037e-03
4.453027546405792236e-01,-6.788491457700729370e-02,5.620394349098205566e-01,2.209465950727462769e-01,2.328190580010414124e-02,3.468601033091545105e-02,0.000000000000000000e+00,1.812880635261535645e-01,1.628688275814056396e-01,1.462133321911096573e-02,3.711862862110137939e-01,-1.329915821552276611e-01,4.145206809043884277e-01,-8.761668205261230469e-02,2.731215655803680420e-01,-2.338813543319702148e-01,-1.563814133405685425e-01,-1.142670661211013794e-01,3.900363445281982422e-01,6.129286810755729675e-02,1.657308544963598251e-03,-1.979655027389526367e-01,5.007491111755371094e-01,2.443879097700119019e-01,1.230478100478649139e-02,1.472330465912818909e-02,6.370864808559417725e-02,1.816732250154018402e-02,6.628756970167160034e-02,-5.499181896448135376e-02,1.191111952066421509e-01,1.098895147442817688e-01,5.043663084506988525e-02,-1.106290593743324280e-01,2.652361690998077393e-01,-2.292339503765106201e-02,-8.597813546657562256e-02,-1.843028664588928223e-01,3.281226754188537598e-02,-2.113254368305206299e-01,-1.340807974338531494e-01,-2.823988795280456543e-01,-1.848662197589874268e-01,-5.257852002978324890e-02,-2.509387731552124023e-01,-1.998421698808670044e-01,-9.686123579740524292e-02,-1.069662049412727356e-01,-2.856939435005187988e-01,-1.341905295848846436e-01,-1.638452708721160889e-01,-2.383383065462112427e-01,-2.262123972177505493e-01,-2.606748938560485840e-01,-2.920030057430267334e-01,-1.479316949844360352e-01,-7.226080447435379028e-02,-6.150047108530998230e-02,1.171877011656761169e-01,-1.531013995409011841e-01,3.233110606670379639e-01,6.659532338380813599e-02,-8.489048480987548828e-02,-2.988002002239227295e-01,4.056504964828491211e-01,2.607331573963165283e-01,1.571348011493682861e-01,-6.940667331218719482e-02,1.054384708404541016e-01,1.406825929880142212e-01,2.148106098175048828e-01,1.827832013368606567e-01,9.428675472736358643e-02,3.890944272279739380e-02,1.008628606796264648e-01,2.580814808607101440e-02,1.367745101451873779e-01,5.610948055982589722e-02,-7.475852221250534058e-02,-1.686367243528366089e-01,-2.387341409921646118e-01,-3.452737927436828613e-01,-1.379673480987548828e-01,-2.704195678234100342e-01,-5.924382805824279785e-02,-3.792667686939239502e-01,2.375798858702182770e-02,-1.833166629076004028e-01,-1.135702244937419891e-02,-2.241571247577667236e-01,-1.798086166381835938e-01,-7.922397553920745850e-02,-1.143879815936088562e-01,-3.978598862886428833e-02,1.128112822771072388e-01,-5.890931934118270874e-02,6.767302006483078003e-02,-2.030899189412593842e-02,1.157303713262081146e-02,1.194121092557907104e-01,-6.924063712358474731e-02,-1.656326092779636383e-02,-5.161962285637855530e-02,1.276836171746253967e-02,-8.100482076406478882e-02,1.140135154128074646e-01,7.182127237319946289e-02,-3.239690884947776794e-02,-1.346077397465705872e-02,2.815200760960578918e-02,7.116026431322097778e-02,-2.169325947761535645e-02,-1.480755954980850220e-01,-1.137492209672927856e-01,1.334939002990722656e-01,2.424075268208980560e-02
8.290791511535644531e-02,1.649370193481445312e-01,1.888451166450977325e-02,6.074713468551635742e-01,-7.565072178840637207e-02,1.504728496074676514e-01,1.812880635261535645e-01,0.000000000000000000e+00,2.057781442999839783e-02,2.400512546300888062e-01,-1.025560349225997925e-01,3.031134903430938721e-01,8.469426631927490234e-02,4.286163747310638428e-01,-1.245173364877700806e-01,1.474033594131469727e-01,4.848137125372886658e-02,-8.522794395685195923e-02,1.248332560062408447e-01,7.311084866523742676e-02,-1.616641730070114136e-01,-9.123284369707107544e-02,-7.681950926780700684e-02,-3.873988986015319824e-02,-3.406915068626403809e-01,3.941922262310981750e-02,-2.387889288365840912e-02,-9.689206257462501526e-03,1.873510479927062988e-01,2.482789754867553711e-01,9.793014265596866608e-03,1.096179932355880737e-01,-1.937298662960529327e-02,1.636467278003692627e-01,-9.699607640504837036e-02,-3.709684358909726143e-03,-2.716602683067321777e-01,-3.070130348205566406e-01,-5.195613950490951538e-02,-9.567815810441970825e-02,-2.370281070470809937e-01,-2.049867063760757446e-01,-4.716422259807586670e-01,-4.203012287616729736e-01,-1.874897629022598267e-01,-4.119084030389785767e-02,-2.569930553436279297e-01,-2.440402805805206299e-01,-2.688451409339904785e-01,5.226166546344757080e-02,-2.039413750171661377e-01,8.395172655582427979e-02,-2.741558849811553955e-01,-9.973131865262985229e-02,-2.632566988468170166e-01,-1.721234470605850220e-01,-8.906931430101394653e-02,1.196364015340805054e-01,1.660708189010620117e-01,2.350059598684310913e-01,2.434328198432922363e-01,4.980022907257080078e-01,1.668509542942047119e-01,3.135088682174682617e-01,-2.681554257869720459e-01,1.381595283746719360e-01,-1.342555582523345947e-01,-1.168572343885898590e-02,1.230926588177680969e-01,-7.490588724613189697e-02,-7.113243639469146729e-02,-9.124241024255752563e-02,-1.297071725130081177e-01,-1.018625274300575256e-01,1.072808951139450073e-01,1.082936972379684448e-01,-1.849527359008789062e-01,1.504185497760772705e-01,6.335718929767608643e-02,1.534781903028488159e-01,-5.711728334426879883e-02,7.013487070798873901e-02,-1.523373723030090332e-01,2.409762516617774963e-02,-4.405142962932586670e-01,-3.173895552754402161e-02,-1.420066952705383301e-01,-2.662888467311859131e-01,-2.000962197780609131e-01,-1.302560716867446899e-01,-1.829330474138259888e-01,-4.733180254697799683e-02,-2.552170753479003906e-01,-2.771560549736022949e-01,-6.183358654379844666e-02,-1.837242245674133301e-01,-2.948170602321624756e-01,-9.151943773031234741e-02,8.238802105188369751e-02,-3.238276541233062744e-01,-9.796125441789627075e-02,-2.355412393808364868e-01,1.370904594659805298e-01,7.735320925712585449e-02,-3.297665715217590332e-02,-1.032663360238075256e-01,7.378918677568435669e-02,1.779205501079559326e-01,1.887765713036060333e-03,-9.292761236429214478e-02,-6.999415159225463867e-02,-2.101508527994155884e-01,2.516040951013565063e-02,-1.969634145498275757e-01,-1.491634249687194824e-01,-6.621015071868896484e-02
5.075376853346824646e-02,-1.557901501655578613e-01,1.268384456634521484e-01,1.045098453760147095e-01,3.729925751686096191e-01,2.300161421298980713e-01,1.628688275814056396e-01,2.057781442999839783e-02,0.000000000000000000e+00,2.564610540866851807e-01,1.255270689725875854e-01,2.200651541352272034e-02,1.402464210987091064e-01,4.252762347459793091e-02,3.806188404560089111e-01,5.837762728333473206e-02,-1.625713855028152466e-01,-9.023686498403549194e-02,-8.664662018418312073e-03,-1.578680127859115601e-01,2.086090855300426483e-02,-3.189979121088981628e-02,1.091177165508270264e-01,1.710610091686248779e-01,3.588407635688781738e-01,1.809715181589126587e-01,-5.091087147593498230e-02,9.699453413486480713e-02,8.062926679849624634e-02,-1.157931387424468994e-01,1.650987416505813599e-01,-5.629509314894676208e-02,-1.137088015675544739e-01,-1.246326118707656860e-01,1.069129183888435364e-01,9.662607312202453613e-02,8.453981578350067139e-02,9.555706381797790527e-02,-1.751858741044998169e-01,-4.765540361404418945e-02,1.378723084926605225e-01,2.828232385218143463e-02,-3.291077166795730591e-02,4.058253392577171326e-02,-1.604847311973571777e-01,-1.411452516913414001e-02,4.170164465904235840e-02,7.579314708709716797e-02,-1.826947927474975586e-01,-9.481725096702575684e-02,-7.703246921300888062e-02,-8.256088197231292725e-02,1.092362776398658752e-02,-1.950629428029060364e-02,-2.613867223262786865e-01,-1.842052489519119263e-01,-1.678017675876617432e-01,-1.329849958419799805e-01,-7.212448865175247192e-02,-1.625404357910156250e-01,1.073076128959655762e-01,-5.684364214539527893e-02,-5.110958218574523926e-02,-1.306388527154922485e-01,2.124110460281372070e-01,2.619370222091674805e-01,4.892327636480331421e-02,4.254684317857027054e-03,-5.631262063980102539e-02,1.605455018579959869e-02,9.709671139717102051e-02,1.405038237571716309e-01,-2.085070125758647919e-02,-5.753392726182937622e-02,-1.072495430707931519e-01,-1.712320744991302490e-01,1.376162171363830566e-01,-4.987224563956260681e-02,-3.305144235491752625e-02,-9.996157884597778320e-02,-1.354497075080871582e-01,-1.867142170667648315e-01,-1.450953632593154907e-02,2.156324498355388641e-02,-2.075890079140663147e-02,2.067302912473678589e-02,-8.016954362392425537e-02,7.522523403167724609e-02,-1.013557985424995422e-01,-1.374459415674209595e-01,5.914993584156036377e-02,-2.235315740108489990e-02,-3.714577108621597290e-02,1.928102970123291016e-02,7.965347170829772949e-02,1.626198589801788330e-01,1.382605433464050293e-01,6.113008712418377399e-04,-5.509989336133003235e-02,-7.155905663967132568e-02,1.485956609249114990e-01,-5.199483036994934082e-02,3.010887093842029572e-02,2.130246460437774658e-01,3.684631548821926117e-03,-1.280518919229507446e-01,9.922396391630172729e-03,6.561526656150817871e-02,-8.020298928022384644e-02,1.406665146350860596e-01,1.099125370383262634e-01,-8.939094096422195435e-02,8.980878628790378571e-03,1.521793007850646973e-01,-2.412473782896995544e-02,3.169495984911918640e-02
-6.504911929368972778e-02,-2.120788395404815674e-01,1.723170466721057892e-02,2.824973165988922119e-01,2.676637470722198486e-01,4.473157525062561035e-01,1.462133321911096573e-02,2.400512546300888062e-01,2.564610540866851807e-01,0.000000000000000000e+00,-1.101641058921813965e-01,-2.793777175247669220e-02,1.867824979126453400e-02,2.156814038753509521e-01,1.020869165658950806e-01,3.276585042476654053e-01,-1.124477982521057129e-01,-1.209776252508163452e-01,-1.386644095182418823e-01,-2.899495661258697510e-01,-3.013616800308227539e-02,1.222929060459136963e-01,-1.031678020954132080e-01,2.933333627879619598e-02,7.262019440531730652e-03,2.714852690696716309e-01,1.659057140350341797e-01,2.000966519117355347e-01,-5.383886024355888367e-02,2.073711156845092773e-02,9.322586655616760254e-02,1.518665105104446411e-01,-2.407184392213821411e-01,-1.245585158467292786e-01,-1.277435570955276489e-01,-7.527062296867370605e-02,1.227444559335708618e-01,8.493733406066894531e-02,-4.528972133994102478e-02,1.234409511089324951e-01,-1.019203737378120422e-01,1.227867752313613892e-01,-7.267454639077186584e-03,-1.331657171249389648e-01,-3.992345184087753296e-02,-1.133052334189414978e-01,-1.014488935470581055e-01,-2.335834503173828125e-01,-1.650456935167312622e-01,3.307823091745376587e-02,6.263452116400003433e-03,-3.032578900456428528e-02,-1.973888427019119263e-01,-9.636333584785461426e-02,-2.552737593650817871e-01,-2.916193306446075439e-01,-2.476297169923782349e-01,-2.001321911811828613e-01,-2.064330577850341797e-01,-2.490815520286560059e-01,1.191757768392562866e-01,1.502153724431991577e-01,-1.630052030086517334e-01,-1.459121406078338623e-01,1.277954503893852234e-02,2.747083604335784912e-01,-2.174109518527984619e-01,-1.065748557448387146e-01,-1.249642372131347656e-01,-1.765840202569961548e-01,6.948449462652206421e-02,-9.446838498115539551e-02,-3.375093266367912292e-02,-5.825264379382133484e-02,6.988114118576049805e-02,1.038127318024635315e-01,-8.839426934719085693e-02,9.867095947265625000e-02,2.095017880201339722e-01,6.827726215124130249e-02,3.934073075652122498e-02,-1.396756172180175781e-01,1.679767370223999023e-01,-4.392389208078384399e-02,-3.060626387596130371e-01,-1.873357892036437988e-01,-1.493581682443618774e-01,-2.621937543153762817e-02,-1.704625487327575684e-01,-3.105399906635284424e-01,1.250334084033966064e-01,-4.340654984116554260e-02,1.351123452186584473e-01,1.378536131232976913e-02,-3.215679153800010681e-02,-5.146593227982521057e-02,-2.496803998947143555e-01,-2.535390257835388184e-01,-5.420553684234619141e-02,-2.316572964191436768e-01,-7.956076413393020630e-02,-3.423242643475532532e-02,2.294724620878696442e-02,-3.020887076854705811e-02,1.292053908109664917e-01,-6.715518236160278320e-02,1.089196354150772095e-01,1.916199326515197754e-01,-3.541212156414985657e-02,-3.842814639210700989e-02,-1.953898966312408447e-01,-7.345569133758544922e-02,5.785232782363891602e-02,-1.741990596055984497e-01,6.121570989489555359e-02,5.041969195008277893e-02
4.967842102050781250e-01,2.904257737100124359e-02,2.613047957420349121e-01,-1.775732338428497314e-01,-2.941313944756984711e-02,-2.487953566014766693e-02,3.711862862110137939e-01,-1.025560349225997925e-01,1.255270689725875854e-01,-1.101641058921813965e-01,0.000000000000000000e+00,1.969783306121826172e-01,6.877521276473999023e-01,1.757322996854782104e-01,5.051473975181579590e-01,1.378959976136684418e-02,-8.251303806900978088e-03,-1.456752717494964600e-01,4.306242167949676514e-01,2.430491335690021515e-02,1.865593940019607544e-01,-1.793610155582427979e-01,3.365800082683563232e-01,1.686336696147918701e-01,6.931379437446594238e-02,-9.194488078355789185e-02,4.281184822320938110e-02,-1.251659542322158813e-01,-4.264345765113830566e-02,-1.541208475828170776e-01,9.045686572790145874e-03,8.925870060920715332e-03,-1.318622082471847534e-01,-3.216176331043243408e-01,1.781302131712436676e-02,-1.178016066551208496e-01,-6.247300654649734497e-02,-1.781024038791656494e-01,-1.006890609860420227e-01,-2.496309429407119751e-01,3.129732236266136169e-02,-2.392880469560623169e-01,-9.349931776523590088e-02,4.677897319197654724e-02,-2.142325937747955322e-01,-3.311365544795989990e-01,-7.124195992946624756e-02,2.696507982909679413e-02,-2.662992775440216064e-01,-1.232868582010269165e-01,-1.739812046289443970e-01,-2.577077150344848633e-01,8.816487155854701996e-03,-1.531895399093627930e-01,-2.190256118774414062e-01,6.931246258318424225e-03,-3.171816840767860413e-02,-1.093642860651016235e-01,1.414940226823091507e-02,-2.281474620103836060e-01,2.318048179149627686e-01,-1.333089470863342285e-01,6.931331753730773926e-02,-2.860442101955413818e-01,4.254139363765716553e-01,1.932433545589447021e-01,-1.659056693315505981e-01,-2.874689996242523193e-01,6.541366875171661377e-02,2.431058138608932495e-02,2.436737716197967529e-01,3.180956244468688965e-01,2.060758173465728760e-01,1.328708678483963013e-01,-4.208607971668243408e-02,-7.838225364685058594e-02,2.342290133237838745e-01,4.447060078382492065e-02,-1.658160835504531860e-01,-1.833249777555465698e-01,-1.744958013296127319e-01,-1.939090192317962646e-01,-1.294399946928024292e-01,-2.143755108118057251e-01,2.858574986457824707e-01,-1.725026369094848633e-01,8.872889727354049683e-02,-1.046983525156974792e-01,1.200200915336608887e-01,-1.021635308861732483e-01,-1.004022196866571903e-03,-1.541363727301359177e-02,-7.206448912620544434e-02,2.318434417247772217e-02,2.398974746465682983e-01,-9.060852229595184326e-02,1.076838225126266479e-01,-2.795906923711299896e-02,-6.227615755051374435e-03,3.736313283443450928e-01,-2.548946999013423920e-02,1.532668322324752808e-01,-1.306590884923934937e-01,4.033764824271202087e-03,-2.606248855590820312e-01,1.789614744484424591e-02,-2.841267362236976624e-02,-1.655860058963298798e-02,-6.120139732956886292e-02,3.679581359028816223e-02,9.820917993783950806e-02,3.811487182974815369e-02,-1.519331932067871094e-01,7.790625095367431641e-02,3.206084668636322021e-01,-1.022137030959129333e-01
2.935942728072404861e-03,2.503485679626464844e-01,-2.241056412458419800e-01,3.843579068779945374e-02,-2.274079620838165283e-02,1.968599110841751099e-02,-1.329915821552276611e-01,3.031134903430938721e-01,2.200651541352272034e-02,-2.793777175247669220e-02,1.969783306121826172e-01,0.000000000000000000e+00,2.516071796417236328e-01,4.858137071132659912e-01,1.358935683965682983e-01,3.966145217418670654e-01,2.340164482593536377e-01,-1.989269070327281952e-02,1.436340808868408203e-01,1.720791012048721313e-01,-4.800052940845489502e-02,-9.891048073768615723e-02,-6.817209720611572266e-02,2.848817035555839539e-02,-1.064710319042205811e-01,-3.534442558884620667e-02,-9.710358828306198120e-02,-1.535534858703613281e-01,1.673641651868820190e-01,2.175866067409515381e-01,7.122904807329177856e-02,-5.987298209220170975e-03,-1.508386991918087006e-02,8.713264763355255127e-02,-3.460165858268737793e-01,-1.216024011373519897e-01,-2.116569131612777710e-01,-2.195946425199508667e-01,-1.370989531278610229e-01,-4.676353558897972107e-02,4.378303885459899902e-02,-5.720394477248191833e-02,-2.952629327774047852e-01,-3.092764317989349365e-01,-1.376996636390686035e-01,-1.777283847332000732e-01,-1.002863124012947083e-01,-1.354785412549972534e-01,-1.511981189250946045e-01,-3.761088848114013672e-02,-2.598548531532287598e-01,-4.008175060153007507e-02,-5.392520874738693237e-02,5.822783336043357849e-02,-8.451153337955474854e-02,-7.349506765604019165e-02,1.395276281982660294e-02,8.183461427688598633e-02,4.997923970222473145e-02,2.191230505704879761e-01,1.094627156853675842e-01,2.780872285366058350e-01,4.717528820037841797e-01,4.464981257915496826e-01,-2.544682621955871582e-01,-2.854995802044868469e-02,-3.644521832466125488e-01,-1.647469550371170044e-01,5.269391089677810669e-02,-9.555164724588394165e-02,-2.654305472970008850e-02,4.514734819531440735e-02,9.669579565525054932e-02,1.162359192967414856e-01,-8.219384402036666870e-02,-1.085582375526428223e-02,-2.006012573838233948e-02,1.775810122489929199e-01,-3.614082932472229004e-02,3.086307272315025330e-02,3.496989235281944275e-02,2.412173002958297729e-01,-8.246827125549316406e-02,4.062100499868392944e-02,9.038156270980834961e-02,2.900008559226989746e-01,-6.598147749900817871e-02,-1.219105254858732224e-02,1.887886412441730499e-02,1.089034453034400940e-01,-2.994539402425289154e-02,3.357071056962013245e-02,-1.884933412075042725e-01,-2.468688189983367920e-01,1.030444726347923279e-01,-9.946908056735992432e-02,-2.351079583168029785e-01,-8.368815481662750244e-02,2.663680724799633026e-02,-1.624434143304824829e-01,-5.800834670662879944e-02,-1.164406314492225647e-01,7.621836662292480469e-02,5.518421158194541931e-02,-2.483327984809875488e-01,-3.264926970005035400e-01,-3.905496373772621155e-02,1.191730424761772156e-01,4.230544716119766235e-02,1.485812384635210037e-02,-1.243359744548797607e-01,-8.152630925178527832e-02,1.530680153518915176e-02,-1.098081171512603760e-01,-8.127477020025253296e-02,-1.808410286903381348e-01
5.370224714279174805e-01,4.371881112456321716e-02,3.414123356342315674e-01,-2.539401128888130188e-02,-5.591468419879674911e-03,-2.250280790030956268e-02,4.145206809043884277e-01,8.469426631927490234e-02,1.402464210987091064e-01,1.867824979126453400e-02,6.877521276473999023e-01,2.516071796417236328e-01,0.000000000000000000e+00,2.702710628509521484e-01,4.476439952850341797e-01,7.085266709327697754e-02,-5.472431704401969910e-02,-1.614272743463516235e-01,3.922396898269653320e-01,-2.190104871988296509e-02,8.820576965808868408e-02,-1.877588182687759399e-01,2.522112131118774414e-01,1.066751480102539062e-01,4.394782334566116333e-02,-5.535927787423133850e-02,9.059816598892211914e-02,-9.892098605632781982e-02,4.362749680876731873e-02,-1.088745146989822388e-02,6.155700422823429108e-03,9.027741104364395142e-02,-6.938258558511734009e-02,-2.149330526590347290e-01,9.358370676636695862e-03,-1.026192158460617065e-01,-1.103730350732803345e-01,-2.248748242855072021e-01,-5.331508815288543701e-03,-1.792412102222442627e-01,-7.844926416873931885e-02,-2.619396150112152100e-01,-1.234030500054359436e-01,-5.035607889294624329e-02,-2.180711477994918823e-01,-2.594829797744750977e-01,-3.378915786743164062e-02,-1.070648245513439178e-02,-3.386453986167907715e-01,-6.546603888273239136e-02,-1.013827472925186157e-01,-1.419009715318679810e-01,-5.211976915597915649e-02,-1.202875971794128418e-01,-2.649721801280975342e-01,-1.621584296226501465e-01,-5.365443974733352661e-02,-5.815809965133666992e-02,1.698366105556488037e-01,-1.884560734033584595e-01,4.452060163021087646e-01,1.646802993491292000e-03,1.023782268166542053e-01,-2.172750681638717651e-01,3.212893903255462646e-01,2.184298187494277954e-01,-1.268255263566970825e-01,-2.411071062088012695e-01,8.412106335163116455e-02,4.210492223501205444e-02,2.446097582578659058e-01,2.750962674617767334e-01,1.713268607854843140e-01,1.170935705304145813e-01,8.443858474493026733e-02,2.006097324192523956e-02,2.089457660913467407e-01,1.105253696441650391e-01,-4.519192129373550415e-02,-1.339280307292938232e-01,-9.150993824005126953e-02,-2.531509101390838623e-01,-1.747137457132339478e-01,-3.027601838111877441e-01,1.287745386362075806e-01,-2.667503952980041504e-01,-8.285501971840858459e-03,-2.071288973093032837e-01,8.966545760631561279e-02,-2.629801630973815918e-01,-6.217812653630971909e-03,-3.374784439802169800e-02,-6.095179542899131775e-02,-7.110544946044683456e-03,2.307562232017517090e-01,-9.966930747032165527e-02,-3.388781100511550903e-02,-1.081005707383155823e-01,1.225988753139972687e-02,1.786475479602813721e-01,-8.850052952766418457e-02,1.048401817679405212e-01,-1.099789589643478394e-01,-5.683202296495437622e-02,-1.895346939563751221e-01,-1.476639602333307266e-02,-2.413344802334904671e-03,7.916318625211715698e-02,-4.882355220615863800e-03,6.571646034717559814e-02,4.221266135573387146e-02,6.124078296124935150e-03,-1.039584502577781677e-01,-1.281211152672767639e-02,2.946735620498657227e-01,-1.355823576450347900e-01
