0.000000000000000000e+00,2.883643805980682373e-01,1.914819329977035522e-01,2.629874348640441895e-01,6.004984304308891296e-02,2.493481189012527466e-01,2.298365980386734009e-01,2.226925343275070190e-01,6.161029636859893799e-02,4.551510140299797058e-02,1.513900756835937500e-01,6.676652282476425171e-02,5.270026624202728271e-02,-1.329681277275085449e-01,-3.217202425003051758e-02,-9.925296157598495483e-02,1.181290000677108765e-01,-1.655919849872589111e-01,5.013011693954467773e-01,5.032761096954345703e-01,-2.119087576866149902e-01,-3.523596525192260742e-01,-1.869305819272994995e-01,-2.121745496988296509e-01,-1.012090072035789490e-01,4.657997563481330872e-02,-4.920043796300888062e-02,2.696457318961620331e-02,-1.876822710037231445e-01,-1.868655532598495483e-01,-9.974650293588638306e-02,-9.946761280298233032e-02,4.044317081570625305e-02,1.029226556420326233e-01,3.404236584901809692e-02,-2.807626500725746155e-02,-2.283145338296890259e-01,-3.280245959758758545e-01,-4.247567616403102875e-03,-3.178181350231170654e-01,-8.688352257013320923e-02,-1.520663797855377197e-01,-1.025016978383064270e-01,-1.314004957675933838e-01,-4.883574321866035461e-02,6.538928137160837650e-04,-1.020543575286865234e-01,-1.572424918413162231e-01,3.668624162673950195e-02,2.973926626145839691e-02,2.296352833509445190e-01,2.889541909098625183e-02,2.132292650640010834e-02,-4.508077725768089294e-02,-8.933576196432113647e-02,-3.184379041194915771e-01,5.255489349365234375e-01,2.632212340831756592e-01,5.200495123863220215e-01,2.940887510776519775e-01,4.903109371662139893e-01,2.234780043363571167e-01,1.528085172176361084e-01,-1.184977069497108459e-01,1.823520511388778687e-01,-2.279652655124664307e-02,7.501579076051712036e-02,1.175932213664054871e-02,5.149972438812255859e-01,4.004201889038085938e-01,2.335153520107269287e-01,-5.071990657597780228e-03,1.328062117099761963e-01,-6.573679298162460327e-02,3.703853860497474670e-02,4.542726650834083557e-02,9.516575187444686890e-02,-7.819530367851257324e-02,-2.165658958256244659e-02,-2.071644514799118042e-01,-1.219830438494682312e-01,-2.682020664215087891e-01,-1.885360330343246460e-01,-2.402055710554122925e-01,-5.676823109388351440e-02,-3.351034224033355713e-01,-6.433963030576705933e-02,4.968853900209069252e-04,-1.027816012501716614e-01,-1.796187907457351685e-01,-2.154716700315475464e-01,-1.333302706480026245e-01,-4.224556684494018555e-02,-4.735576361417770386e-02,-2.355840504169464111e-01,-2.589785754680633545e-01,-2.679786384105682373e-01,-2.532947659492492676e-01,-2.028359770774841309e-01,-2.456311881542205811e-01,-5.867794528603553772e-02,-1.484991461038589478e-01,-1.061162725090980530e-01,-1.991370022296905518e-01,-9.642285108566284180e-02,-1.284257024526596069e-01,4.290189221501350403e-02,-1.955253928899765015e-01,-7.492562383413314819e-02,-4.270177334547042847e-02,-7.553609460592269897e-02,-1.841560006141662598e-01,-1.976331919431686401e-01,-1.167268082499504089e-01,-1.618169844150543213e-01,-1.206931471824645996e-02
2.883643805980682373e-01,0.000000000000000000e+00,5.509231612086296082e-02,2.772825956344604492e-01,-2.274251170456409454e-02,4.651558771729469299e-02,-8.615159243345260620e-02,1.461590528488159180e-01,-1.047942414879798889e-01,-9.377667307853698730e-02,-1.120307669043540955e-01,1.502495557069778442e-01,-3.359374776482582092e-02,2.565597593784332275e-01,-1.205918267369270325e-01,-1.016958653926849365e-01,6.780410557985305786e-02,1.271208673715591431e-01,4.351304471492767334e-01,4.912561476230621338e-01,-1.926943957805633545e-01,-3.269641399383544922e-01,-1.241865307092666626e-01,2.625386044383049011e-02,-5.972860008478164673e-02,-1.768922549672424793e-03,-5.912738293409347534e-02,-1.045137718319892883e-01,-7.067857682704925537e-02,-1.615394372493028641e-03,2.359345257282257080e-01,2.072163671255111694e-01,2.496370375156402588e-01,2.896490991115570068e-01,-6.895802915096282959e-02,-8.323752135038375854e-02,-3.593330383300781250e-01,-2.397520095109939575e-01,-7.941772788763046265e-02,-2.443811446428298950e-01,-3.336003795266151428e-02,-2.095397412776947021e-01,6.508013606071472168e-02,5.731211975216865540e-02,9.041772782802581787e-02,3.710024952888488770e-01,3.868008032441139221e-02,7.960038632154464722e-02,1.961138565093278885e-03,2.652063071727752686e-01,-2.383345365524291992e-01,2.731719315052032471e-01,-2.764039635658264160e-01,1.322484165430068970e-01,-1.280159056186676025e-01,5.433468520641326904e-02,3.903913497924804688e-01,6.638372540473937988e-01,1.817668974399566650e-01,5.163723826408386230e-01,-1.197506207972764969e-02,1.571452915668487549e-01,-1.938881427049636841e-01,8.479492366313934326e-02,-3.480243682861328125e-01,-5.246164277195930481e-02,1.497850120067596436e-01,2.217972725629806519e-01,5.932882428169250488e-01,6.355469822883605957e-01,-6.364799290895462036e-02,4.125560820102691650e-02,-4.679543152451515198e-02,-3.963072597980499268e-02,-1.501430571079254150e-01,-5.712585523724555969e-02,-2.603846192359924316e-01,-1.005659177899360657e-01,-1.694813817739486694e-01,-2.009348124265670776e-01,-3.623983263969421387e-01,-2.054035663604736328e-02,-3.746483922004699707e-01,-1.270772814750671387e-01,-4.469305872917175293e-01,-1.085210312157869339e-02,-3.489238619804382324e-01,1.816175132989883423e-01,-4.572397172451019287e-01,2.601344324648380280e-02,-4.102315008640289307e-01,-1.310154050588607788e-01,-2.156558781862258911e-01,1.567751541733741760e-02,-1.996702253818511963e-01,-1.631342470645904541e-01,-2.609824240207672119e-01,4.249057918787002563e-02,-2.445840984582901001e-01,-2.816866636276245117e-01,-2.554388046264648438e-01,3.007350675761699677e-02,-1.164414361119270325e-01,-6.263981014490127563e-02,-1.481973528861999512e-01,4.980381578207015991e-02,-7.894772291183471680e-02,-1.613795906305313110e-01,-1.693418473005294800e-01,1.626515947282314301e-02,-7.097687572240829468e-02,-2.252652645111083984e-01,-3.854885101318359375e-01,-2.450664639472961426e-01,-2.394396513700485229e-01,6.231426820158958435e-02
1.914819329977035522e-01,5.509231612086296082e-02,0.000000000000000000e+00,3.337183892726898193e-01,2.715952992439270020e-01,2.650565207004547119e-01,4.843466579914093018e-01,1.851727664470672607e-01,1.767427027225494385e-01,2.612911760807037354e-01,1.038430780172348022e-01,-7.065126299858093262e-02,1.048674732446670532e-01,2.735530771315097809e-02,6.650340557098388672e-02,7.838200777769088745e-02,-3.083042800426483154e-01,-4.460660517215728760e-01,3.101113438606262207e-01,3.488419353961944580e-01,-2.324240505695343018e-01,-2.924944758415222168e-01,4.585324525833129883e-01,4.798726439476013184e-01,2.958208322525024414e-01,1.750644445419311523e-01,-1.364075541496276855e-01,1.790499128401279449e-02,-3.195580542087554932e-01,-2.312394082546234131e-01,1.607354730367660522e-01,2.441466748714447021e-01,-2.019952982664108276e-02,3.292257487773895264e-01,1.599313765764236450e-01,3.209077287465333939e-03,-3.148767352104187012e-01,-3.101954162120819092e-01,3.447480499744415283e-01,-3.204634785652160645e-01,-1.735540181398391724e-01,-3.016191422939300537e-01,-8.784791827201843262e-02,-1.318644881248474121e-01,-2.945257425308227539e-01,-1.709063947200775146e-01,5.750286206603050232e-02,-1.152469888329505920e-01,-9.698398411273956299e-02,-8.782177418470382690e-02,-4.081618040800094604e-02,-1.740298867225646973e-01,1.188247650861740112e-01,-2.418882250785827637e-01,5.876279622316360474e-02,-2.220360934734344482e-01,5.915402621030807495e-02,-8.649865537881851196e-02,4.767808318138122559e-02,-2.187586948275566101e-02,1.707770824432373047e-01,-3.383967652916908264e-02,-8.927015960216522217e-02,-1.043201237916946411e-01,1.215834245085716248e-01,-1.227744594216346741e-01,4.723100736737251282e-02,-7.920453697443008423e-02,1.364175975322723389e-01,5.895591527223587036e-02,2.716871798038482666e-01,1.482278853654861450e-01,7.255508005619049072e-02,-8.493591845035552979e-02,1.148879900574684143e-02,-1.346953213214874268e-01,4.905225243419408798e-03,-1.768355518579483032e-01,-5.881052091717720032e-02,-3.923189640045166016e-01,-2.745217084884643555e-01,-3.784186542034149170e-01,-1.480985549278557301e-03,-1.886424273252487183e-01,5.137830972671508789e-02,-2.676973044872283936e-01,1.201694756746292114e-01,1.541973650455474854e-02,1.256687790155410767e-01,-2.150067985057830811e-01,-2.451417595148086548e-02,-3.542313277721405029e-01,6.037045735865831375e-03,-2.756917476654052734e-01,-1.744554936885833740e-01,-1.097648665308952332e-01,-2.183376550674438477e-01,-1.272999495267868042e-01,-5.568253993988037109e-02,-1.410136222839355469e-01,-1.249433159828186035e-01,-2.716367840766906738e-01,5.346633121371269226e-02,-1.423927247524261475e-01,2.890694141387939453e-01,1.494049653410911560e-02,1.953420937061309814e-01,-3.078415691852569580e-01,-2.103190422058105469e-01,1.391563471406698227e-02,3.215930238366127014e-02,-1.296305805444717407e-01,-1.597608476877212524e-01,6.826102733612060547e-02,2.181317955255508423e-01,2.030035406351089478e-01
2.629874348640441895e-01,2.772825956344604492e-01,3.337183892726898193e-01,0.000000000000000000e+00,3.545933067798614502e-01,2.934238910675048828e-01,3.259370923042297363e-01,4.593009650707244873e-01,1.335964798927307129e-01,3.823937177658081055e-01,-5.751323327422142029e-02,8.618175983428955078e-02,4.797285888344049454e-03,-4.148821905255317688e-02,-1.257033199071884155e-01,2.320076376199722290e-01,-8.333577215671539307e-02,-2.143058180809020996e-01,4.366592764854431152e-01,5.694786906242370605e-01,-2.197631299495697021e-01,-3.737755715847015381e-01,1.346129775047302246e-01,3.507775068283081055e-01,3.319990634918212891e-01,4.373047053813934326e-01,4.441955685615539551e-02,6.851977854967117310e-02,-2.447330653667449951e-01,-8.589769899845123291e-02,1.669748127460479736e-01,2.281966954469680786e-01,1.327201128005981445e-01,4.086915850639343262e-01,3.957506269216537476e-02,-8.008626103401184082e-02,-3.362224996089935303e-01,-3.408444821834564209e-01,1.490438580513000488e-01,-2.613326907157897949e-01,-1.746949851512908936e-01,-1.834579110145568848e-01,-1.594997197389602661e-01,-2.108702808618545532e-01,-2.478849440813064575e-01,-7.182911038398742676e-02,-1.211795508861541748e-01,-1.533020883798599243e-01,-1.365578621625900269e-01,-2.255051583051681519e-02,-1.604188233613967896e-01,5.368570983409881592e-02,-2.263383716344833374e-01,-7.272644340991973877e-02,-1.703789234161376953e-01,-2.344937175512313843e-01,1.118386760354042053e-01,2.213854342699050903e-01,2.430003881454467773e-01,2.714408338069915771e-01,1.296843886375427246e-01,2.652994990348815918e-01,-1.125622987747192383e-01,1.700886338949203491e-01,1.059870328754186630e-02,1.041561588644981384e-01,4.710561782121658325e-02,7.894407957792282104e-02,3.170893192291259766e-01,2.684592008590698242e-01,3.276009559631347656e-01,2.796636521816253662e-01,2.197920344769954681e-02,-2.767559885978698730e-02,-7.246907800436019897e-02,7.856570184230804443e-03,-4.019040614366531372e-02,-1.028239727020263672e-01,-1.635710000991821289e-01,-1.495476663112640381e-01,-3.294282257556915283e-01,-6.352110207080841064e-02,-3.051269650459289551e-01,-1.254514008760452271e-01,-2.386643886566162109e-01,1.922777481377124786e-02,-1.721133142709732056e-01,1.247459948062896729e-01,-2.528351247310638428e-01,3.271346446126699448e-03,-2.521646022796630859e-01,-2.036716043949127197e-01,-1.482745707035064697e-01,-7.215662300586700439e-02,-2.604523003101348877e-01,-1.257113665342330933e-01,-1.587955355644226074e-01,-9.361626207828521729e-02,-9.006293863058090210e-02,-1.921205520629882812e-01,-1.894963979721069336e-01,-1.396109908819198608e-01,-1.335664093494415283e-01,-1.609141528606414795e-01,4.880688712000846863e-02,6.016612425446510315e-02,-1.036495156586170197e-02,-3.157647252082824707e-01,-9.780757874250411987e-02,8.688504248857498169e-02,9.774173796176910400e-02,-9.359740465879440308e-02,-2.946092784404754639e-01,4.069568961858749390e-02,-2.296746708452701569e-02,-1.870608516037464142e-02
6.004984304308891296e-02,-2.274251170456409454e-02,2.715952992439270020e-01,3.545933067798614502e-01,0.000000000000000000e+00,2.520897090435028076e-01,2.100030481815338135e-01,5.378983542323112488e-02,3.766507506370544434e-01,4.338113665580749512e-01,5.283472314476966858e-02,9.760949760675430298e-02,2.009744793176651001e-01,4.288081824779510498e-02,2.622289955615997314e-01,3.675464093685150146e-01,-1.436802446842193604e-01,-1.503108888864517212e-01,6.579314917325973511e-02,1.248957067728042603e-01,1.172758415341377258e-01,7.234054058790206909e-02,4.700165987014770508e-01,4.929204881191253662e-01,5.335699915885925293e-01,4.029675424098968506e-01,4.439307749271392822e-01,4.354727566242218018e-01,-8.765256404876708984e-02,-1.130566000938415527e-02,4.022707939147949219e-01,3.371847569942474365e-01,1.546746790409088135e-01,3.243727684020996094e-01,9.706178307533264160e-02,-1.756610870361328125e-01,-3.213436305522918701e-01,-2.603639662265777588e-01,9.519191831350326538e-02,7.325509935617446899e-02,-9.299568831920623779e-02,3.148597106337547302e-02,-6.583631038665771484e-02,-9.348092973232269287e-02,-2.365552484989166260e-01,-1.328684538602828979e-01,-1.539204716682434082e-01,-2.665853798389434814e-01,-1.242809742689132690e-01,-2.468412667512893677e-01,-1.585559993982315063e-01,-2.459085285663604736e-01,-5.215042084455490112e-02,-1.565382480621337891e-01,-1.179230809211730957e-01,-2.049130946397781372e-01,1.244181990623474121e-01,3.740743175148963928e-02,1.073325574398040771e-01,1.229562237858772278e-02,1.098227500915527344e-01,8.851078152656555176e-02,1.639113202691078186e-02,6.617116183042526245e-02,1.792819648981094360e-01,1.483130361884832382e-02,5.210086330771446228e-02,1.361982822418212891e-01,8.453368395566940308e-02,5.873014032840728760e-02,3.397676050662994385e-01,2.428623586893081665e-01,-3.177801519632339478e-02,-1.938894763588905334e-02,6.817093491554260254e-02,-5.196540057659149170e-02,3.868042677640914917e-02,7.568212598562240601e-02,-8.441437035799026489e-02,-1.184733882546424866e-01,-1.338641047477722168e-01,-1.763866990804672241e-01,1.231887266039848328e-01,-5.549233034253120422e-02,1.637382656335830688e-01,-7.849794626235961914e-02,2.811830341815948486e-01,2.275934517383575439e-01,8.078420162200927734e-02,-1.175261959433555603e-01,-3.571532294154167175e-02,-2.953788638114929199e-01,-3.928342461585998535e-02,-1.380952745676040649e-01,-2.170739918947219849e-01,-3.433862328529357910e-02,2.436876855790615082e-02,-6.107385084033012390e-02,-9.267986565828323364e-02,-1.558432579040527344e-01,-8.954254537820816040e-02,-3.121007978916168213e-01,-1.986349672079086304e-01,-2.836638987064361572e-01,-6.197039037942886353e-03,-1.858948469161987305e-01,-1.299137435853481293e-02,-2.794739603996276855e-01,-1.200829595327377319e-01,1.220585182309150696e-01,1.000971719622612000e-01,-4.443167150020599365e-02,-1.977664381265640259e-01,-5.234498903155326843e-02,-5.237964168190956116e-02,2.880419790744781494e-02
2.493481189012527466e-01,4.651558771729469299e-02,2.650565207004547119e-01,2.934238910675048828e-01,2.520897090435028076e-01,0.000000000000000000e+00,-4.725073277950286865e-02,5.112307667732238770e-01,-1.393503844738006592e-01,5.690351724624633789e-01,1.890740990638732910e-01,1.195170953869819641e-01,9.881518036127090454e-02,-4.190095514059066772e-02,3.340283632278442383e-01,2.107172161340713501e-01,-1.642164885997772217e-01,-2.628402411937713623e-01,4.065606296062469482e-01,3.676010668277740479e-01,-1.118437498807907104e-01,-9.909068048000335693e-02,-6.811222992837429047e-03,2.290030568838119507e-02,2.657341659069061279e-01,4.667653739452362061e-01,-3.834029659628868103e-02,2.595511972904205322e-01,-1.536836028099060059e-01,-1.422671079635620117e-01,-5.135441944003105164e-02,-9.219658561050891876e-03,1.598312258720397949e-01,2.642468214035034180e-01,-2.341973483562469482e-01,-2.477028518915176392e-01,-2.654092609882354736e-01,-2.330396026372909546e-01,4.760124906897544861e-02,-1.525435298681259155e-01,-4.770120978355407715e-02,-3.661181777715682983e-02,-9.610531479120254517e-02,-1.420937757939100266e-02,-2.207968682050704956e-01,1.667493768036365509e-02,-1.520457770675420761e-02,-8.117107301950454712e-02,-1.497821807861328125e-01,1.325508859008550644e-02,1.050449460744857788e-01,-1.290785241872072220e-02,2.542015314102172852e-01,-9.334506094455718994e-02,-1.025614887475967407e-01,-2.050285488367080688e-01,-5.874922126531600952e-02,-7.497817277908325195e-02,1.839663386344909668e-01,1.563351899385452271e-01,2.463416606187820435e-01,2.440161257982254028e-01,-2.301952242851257324e-01,-2.354618906974792480e-01,6.178722158074378967e-02,1.596919149160385132e-01,-2.439753115177154541e-01,-7.067164778709411621e-02,2.639607787132263184e-01,8.656981587409973145e-02,2.088039517402648926e-01,2.278584986925125122e-02,1.763701438903808594e-01,6.438436359167098999e-02,1.832902878522872925e-01,-6.192281097173690796e-02,1.066571623086929321e-01,-4.756615497171878815e-03,8.896458894014358521e-02,-2.173627167940139771e-01,-4.645863175392150879e-02,-3.297491371631622314e-01,3.352132067084312439e-02,-9.827677160501480103e-02,1.398682892322540283e-01,-2.983714938163757324e-01,1.701631397008895874e-01,-1.952583529055118561e-02,5.679820850491523743e-02,-2.969299852848052979e-01,-2.667592465877532959e-01,-4.547118544578552246e-01,-1.146754026412963867e-01,-3.331488966941833496e-01,-1.499953120946884155e-01,-1.889737881720066071e-02,-1.047956645488739014e-01,-2.692361474037170410e-01,-3.504975140094757080e-01,-4.444623887538909912e-01,-3.152043819427490234e-01,-4.754019677639007568e-01,-3.454436957836151123e-01,-5.226953625679016113e-01,-1.646148711442947388e-01,-4.341329932212829590e-01,4.639650508761405945e-02,-3.197375535964965820e-01,-2.520766854286193848e-01,8.218849077820777893e-03,-1.054250150918960571e-01,-3.708290159702301025e-01,-3.370037078857421875e-01,-1.908219903707504272e-01,-3.666960448026657104e-02,1.257714480161666870e-01
2.298365980386734009e-01,-8.615159243345260620e-02,4.843466579914093018e-01,3.259370923042297363e-01,2.100030481815338135e-01,-4.725073277950286865e-02,0.000000000000000000e+00,1.471407711505889893e-01,4.544660151004791260e-01,2.206426300108432770e-02,1.795639693737030029e-01,1.826336830854415894e-01,2.808465361595153809e-01,6.038516014814376831e-02,-1.863780170679092407e-01,6.313478201627731323e-02,-1.112825870513916016e-01,-1.977100521326065063e-01,1.867772638797760010e-01,2.564398050308227539e-01,-1.237969174981117249e-01,-2.775660455226898193e-01,3.443848788738250732e-01,2.329795509576797485e-01,1.464886218309402466e-01,-5.216716974973678589e-02,1.365196853876113892e-01,-3.022527508437633514e-02,-2.377159595489501953e-01,3.393613174557685852e-02,2.567249834537506104e-01,3.435145616531372070e-01,4.701092839241027832e-03,2.953715324401855469e-01,2.821995615959167480e-01,2.634810842573642731e-02,-2.911538481712341309e-01,-4.550450444221496582e-01,2.141691744327545166e-01,-3.374573290348052979e-01,-4.245102405548095703e-01,-3.391486704349517822e-01,-1.507411897182464600e-01,-2.526113986968994141e-01,-2.824763357639312744e-01,-3.173436224460601807e-01,-9.513545036315917969e-02,-2.450292259454727173e-01,-4.365663230419158936e-02,-1.891657263040542603e-01,-4.546308144927024841e-02,-2.545246481895446777e-01,-4.296254366636276245e-02,-3.068532645702362061e-01,5.394002795219421387e-02,-3.710798919200897217e-01,8.750543743371963501e-02,-1.550223976373672485e-01,1.256988346576690674e-01,-1.739994287490844727e-01,3.490754067897796631e-01,1.031978130340576172e-01,1.559070497751235962e-01,2.241975665092468262e-01,3.379403054714202881e-01,-7.306412607431411743e-02,7.928077876567840576e-02,-1.390152573585510254e-01,-2.464213781058788300e-02,-1.009985059499740601e-01,4.394508302211761475e-01,2.858587801456451416e-01,8.225478976964950562e-02,-5.122086033225059509e-02,4.137137904763221741e-02,4.260981082916259766e-02,2.465648204088211060e-01,-6.462287157773971558e-03,-1.328339427709579468e-01,-2.321501970291137695e-01,-1.816054880619049072e-01,-1.959156990051269531e-01,-1.333151757717132568e-01,-3.301621377468109131e-01,-2.009690366685390472e-02,-2.500171959400177002e-01,-7.830718159675598145e-02,-1.382364034652709961e-01,1.229941248893737793e-01,-1.915408074855804443e-01,1.739831268787384033e-01,-1.143428310751914978e-01,9.702660888433456421e-02,-1.102128997445106506e-01,-2.071527838706970215e-01,-2.237924784421920776e-01,-5.751349404454231262e-02,1.292419806122779846e-02,2.718089818954467773e-01,1.402941793203353882e-01,2.409940510988235474e-01,-5.004449561238288879e-02,2.382474094629287720e-01,1.112010255455970764e-01,4.226188361644744873e-01,2.209108769893646240e-01,1.560223102569580078e-01,-1.633108407258987427e-01,4.700019583106040955e-02,-1.403678301721811295e-02,2.199342101812362671e-01,2.020240426063537598e-01,4.348149150609970093e-02,2.140475660562515259e-01,9.520388394594192505e-02,-6.107585877180099487e-02
2.226925343275070190e-01,1.461590528488159180e-01,1.851727664470672607e-01,4.593009650707244873e-01,5.378983542323112488e-02,5.112307667732238770e-01,1.471407711505889893e-01,0.000000000000000000e+00,-1.802128553390502930e-01,4.933043122291564941e-01,2.260163426399230957e-01,4.134947955608367920e-01,1.311380565166473389e-01,2.572266459465026855e-01,2.072029933333396912e-02,1.756689846515655518e-01,-1.398232728242874146e-01,-9.782040119171142578e-02,4.014695584774017334e-01,4.189336001873016357e-01,-1.254440099000930786e-01,-2.476358115673065186e-01,-1.178801506757736206e-01,-3.043217770755290985e-02,1.657570600509643555e-01,2.495088875293731689e-01,-1.682945042848587036e-01,-4.362396150827407837e-02,-2.464341223239898682e-01,4.320617392659187317e-02,-5.998166278004646301e-02,3.408799320459365845e-02,9.063841402530670166e-02,2.701020538806915283e-01,-1.690775156021118164e-01,-1.022806838154792786e-01,-3.311254084110260010e-01,-3.256433606147766113e-01,-8.585109561681747437e-02,-3.539984226226806641e-01,-1.632044017314910889e-01,-2.282121777534484863e-01,-2.135876119136810303e-01,-1.409031599760055542e-01,-3.745537102222442627e-01,-1.228989064693450928e-01,-1.117501035332679749e-01,-1.950860917568206787e-01,-3.441335856914520264e-01,-7.359439879655838013e-02,-2.275260910391807556e-02,-2.396495640277862549e-02,1.339128762483596802e-01,-1.648249179124832153e-01,-1.546504348516464233e-01,-3.149651288986206055e-01,-1.892273426055908203e-01,-2.322101034224033356e-02,1.612365245819091797e-01,1.861811429262161255e-01,4.055059850215911865e-01,5.640199184417724609e-01,-3.197543025016784668e-01,8.013527840375900269e-02,1.377332257106900215e-03,4.324291646480560303e-01,-2.785550653934478760e-01,-1.180017963051795959e-01,1.918973326683044434e-01,8.831078559160232544e-02,3.681744635105133057e-01,2.330767065286636353e-01,2.743202149868011475e-01,2.313958108425140381e-01,7.614005357027053833e-02,9.185803681612014771e-02,1.814706623554229736e-01,9.280810505151748657e-02,-3.182847425341606140e-02,-1.622737199068069458e-01,-1.582527607679367065e-01,-1.317345947027206421e-01,-1.877769976854324341e-01,-2.040533423423767090e-01,-1.663898117840290070e-02,-1.932350099086761475e-01,-7.114192843437194824e-02,-1.624266952276229858e-01,-1.860821247100830078e-02,-2.594339549541473389e-01,-2.268996089696884155e-01,-3.504009842872619629e-01,-1.403799653053283691e-01,-3.441300094127655029e-01,-2.192245572805404663e-01,-1.487648636102676392e-01,-9.359183907508850098e-02,-2.278127707540988922e-02,-1.406529843807220459e-01,-2.210227400064468384e-01,-2.451512068510055542e-01,-2.900140285491943359e-01,-2.171159088611602783e-01,-3.038898110389709473e-01,-4.511903226375579834e-02,-2.241014093160629272e-01,3.127032518386840820e-02,-2.045311778783798218e-01,-1.974992305040359497e-01,-7.708016037940979004e-02,6.107865646481513977e-02,-1.731552034616470337e-01,-1.804398298263549805e-01,8.128258399665355682e-03,-4.388292506337165833e-02,2.540071494877338409e-02
6.161029636859893799e-02,-1.047942414879798889e-01,1.767427027225494385e-01,1.335964798927307129e-01,3.766507506370544434e-01,-1.393503844738006592e-01,4.544660151004791260e-01,-1.802128553390502930e-01,0.000000000000000000e+00,-6.416196003556251526e-03,4.891244694590568542e-02,1.051741912961006165e-01,2.767182886600494385e-01,2.842620573937892914e-02,1.011049523949623108e-01,2.029664069414138794e-01,5.000293254852294922e-02,-4.174947738647460938e-02,-8.013586048036813736e-04,1.291648205369710922e-02,6.153048574924468994e-02,6.530354917049407959e-02,2.561890482902526855e-01,2.566692829132080078e-01,9.560750424861907959e-02,4.488162696361541748e-02,3.844125270843505859e-01,2.221378684043884277e-01,1.578992158174514771e-01,1.116196215152740479e-01,3.263259530067443848e-01,3.437995910644531250e-01,5.786053836345672607e-03,1.623457074165344238e-01,1.225420832633972168e-01,-1.167574003338813782e-01,-7.635703682899475098e-02,-1.939287334680557251e-01,4.362513870000839233e-02,6.163677573204040527e-02,-1.130425408482551575e-01,-3.957378491759300232e-02,-1.152388155460357666e-01,-1.188508346676826477e-01,-2.597932890057563782e-02,-1.500389426946640015e-01,-1.810310781002044678e-01,-1.852214485406875610e-01,9.861899167299270630e-02,-1.467318683862686157e-01,-6.321705132722854614e-02,-1.058313250541687012e-01,-2.769150137901306152e-01,-5.998264998197555542e-02,-2.153945714235305786e-01,-2.313395738601684570e-01,1.406282484531402588e-01,-1.098139584064483643e-01,9.041678905487060547e-02,-1.208957359194755554e-01,6.465283036231994629e-02,-3.372070565819740295e-02,2.544240653514862061e-01,1.335154622793197632e-01,1.933941245079040527e-01,-8.372110128402709961e-02,7.898747175931930542e-02,2.326293289661407471e-02,-1.117470115423202515e-02,-1.450379728339612484e-03,1.803235560655593872e-01,1.639075279235839844e-01,5.681010335683822632e-02,-3.264983370900154114e-02,-5.782979354262351990e-02,-2.551967091858386993e-02,-8.022903464734554291e-03,-1.067186146974563599e-02,3.820607811212539673e-02,1.136175915598869324e-01,9.627390652894973755e-02,-1.031199004501104355e-03,1.274512708187103271e-01,7.123457640409469604e-02,-9.016158059239387512e-03,-5.915034562349319458e-02,7.092069089412689209e-02,2.071967124938964844e-01,-7.796388119459152222e-02,5.386411771178245544e-02,1.127966493368148804e-02,-3.593414649367332458e-02,-1.737498864531517029e-02,3.369701281189918518e-02,-8.393287658691406250e-02,-1.778580993413925171e-02,2.143509313464164734e-02,-8.162369579076766968e-02,-2.442836016416549683e-02,-7.490563392639160156e-02,2.220605760812759399e-01,7.023798674345016479e-02,1.205834373831748962e-01,7.571157068014144897e-02,1.920092105865478516e-01,1.902658939361572266e-01,9.848432987928390503e-02,4.492025077342987061e-02,7.169681042432785034e-02,9.684608131647109985e-02,4.573110956698656082e-03,-6.463202647864818573e-03,-8.075237274169921875e-02,-4.602942243218421936e-02,5.547202751040458679e-02,1.791436411440372467e-02
4.551510140299797058e-02,-9.377667307853698730e-02,2.612911760807037354e-01,3.823937177658081055e-01,4.338113665580749512e-01,5.690351724624633789e-01,2.206426300108432770e-02,4.933043122291564941e-01,-6.416196003556251526e-03,0.000000000000000000e+00,1.974561363458633423e-01,1.855638474225997925e-01,1.661522239446640015e-01,1.006240919232368469e-01,3.702017962932586670e-01,5.655342936515808105e-01,-2.008981555700302124e-01,-2.464346885681152344e-01,2.439568489789962769e-01,2.182017415761947632e-01,-1.988126896321773529e-02,4.268142208456993103e-02,2.203620374202728271e-01,2.661298811435699463e-01,4.450158774852752686e-01,4.725059866905212402e-01,-1.491752918809652328e-02,2.376624345779418945e-01,-1.043069511651992798e-01,-1.075114831328392029e-01,-3.138635540381073952e-03,-5.681050941348075867e-03,1.039600670337677002e-01,2.491979897022247314e-01,-2.690086886286735535e-02,-6.257132440805435181e-02,-2.302080392837524414e-01,-1.540420800447463989e-01,1.142223253846168518e-01,1.987305842339992523e-02,2.798963151872158051e-02,-3.876131027936935425e-03,-1.987233459949493408e-01,-1.186007186770439148e-01,-4.507516920566558838e-01,-2.725780904293060303e-01,-1.966221332550048828e-01,-2.663005590438842773e-01,-3.740273714065551758e-01,-2.537935376167297363e-01,-1.066606491804122925e-01,-2.120014131069183350e-01,1.086262241005897522e-01,-8.047215640544891357e-02,-2.592357993125915527e-01,-2.711240351200103760e-01,-1.671827882528305054e-01,-1.360188573598861694e-01,7.296460121870040894e-02,5.951969698071479797e-02,2.330558300018310547e-01,3.733292520046234131e-01,-1.414124518632888794e-01,-9.123469702899456024e-03,8.941883593797683716e-02,1.957223713397979736e-01,-2.742548286914825439e-01,-1.817074716091156006e-01,2.450383454561233521e-02,-5.039932951331138611e-02,2.690320014953613281e-01,1.919547319412231445e-01,2.109267711639404297e-01,1.015279069542884827e-01,1.710117459297180176e-01,4.628917202353477478e-03,1.553744226694107056e-01,1.619213819503784180e-01,7.333771884441375732e-02,-7.830230146646499634e-02,-3.892030939459800720e-02,-1.912983506917953491e-01,1.508516818284988403e-01,1.040726006031036377e-01,2.096370011568069458e-01,-7.432606816291809082e-02,2.667010426521301270e-01,5.705353990197181702e-02,5.212363600730895996e-02,-5.900718271732330322e-02,-1.212463155388832092e-01,-3.282005488872528076e-01,-5.497155711054801941e-02,-2.288506031036376953e-01,-1.229331865906715393e-01,-7.602272089570760727e-03,-8.019711822271347046e-02,-1.507106870412826538e-01,-2.219551950693130493e-01,-3.056201636791229248e-01,-2.949067056179046631e-01,-3.550613820552825928e-01,-3.511182367801666260e-01,-4.473780095577239990e-01,-9.132445603609085083e-02,-3.621398210525512695e-01,6.533203274011611938e-02,-3.160718083381652832e-01,-2.800092399120330811e-01,-1.293191220611333847e-02,-1.974628493189811707e-02,-2.088484764099121094e-01,-2.256528288125991821e-01,-8.640480041503906250e-02,1.481675058603286743e-01,1.986587643623352051e-01
1.513900756835937500e-01,-1.120307669043540955e-01,1.038430780172348022e-01,-5.751323327422142029e-02,5.283472314476966858e-02,1.890740990638732910e-01,1.795639693737030029e-01,2.260163426399230957e-01,4.891244694590568542e-02,1.974561363458633423e-01,0.000000000000000000e+00,3.998663723468780518e-01,5.393983721733093262e-01,1.684044301509857178e-01,3.413660824298858643e-01,1.249240115284919739e-01,3.668892979621887207e-01,1.472905278205871582e-01,1.768749058246612549e-01,3.065903857350349426e-02,-5.630156397819519043e-02,2.843918092548847198e-02,1.057999655604362488e-01,-1.218933239579200745e-01,8.748812228441238403e-02,-1.160638965666294098e-02,1.194508969783782959e-01,2.620909214019775391e-01,2.530906498432159424e-01,1.464597284793853760e-01,3.911536186933517456e-02,1.028847023844718933e-01,1.636276394128799438e-01,7.372149825096130371e-02,-1.438648551702499390e-01,-2.182560265064239502e-01,-2.024780958890914917e-01,-2.569870948791503906e-01,-1.354433000087738037e-01,-4.719849675893783569e-02,-7.710380852222442627e-02,-5.797921493649482727e-02,-4.234723448753356934e-01,-4.138338863849639893e-01,-4.247091114521026611e-01,-3.318031430244445801e-01,-4.146618545055389404e-01,-4.875884652137756348e-01,-4.229144454002380371e-01,-3.181701302528381348e-01,1.582853309810161591e-02,-2.260400354862213135e-01,6.654024869203567505e-02,-2.908938191831111908e-02,-1.380622535943984985e-01,-2.033894658088684082e-01,1.085771918296813965e-01,-1.063477247953414917e-01,-1.396546419709920883e-02,-9.591935575008392334e-02,4.781693518161773682e-01,3.215940594673156738e-01,2.807699143886566162e-01,1.180528402328491211e-01,3.889332115650177002e-01,7.658253610134124756e-02,-2.990775108337402344e-01,-3.244207203388214111e-01,1.797732897102832794e-02,-1.564928703010082245e-02,3.775300681591033936e-01,3.431633114814758301e-01,4.217028021812438965e-01,1.603372842073440552e-01,2.813877165317535400e-01,1.914644688367843628e-01,1.851586401462554932e-01,1.465538889169692993e-01,2.345213741064071655e-01,-8.027244359254837036e-03,2.855319380760192871e-01,1.148227527737617493e-01,6.167927011847496033e-02,-1.043220981955528259e-01,2.171574980020523071e-01,-1.157576069235801697e-01,4.887476935982704163e-02,-1.806444376707077026e-01,1.202397644519805908e-01,1.703057810664176941e-02,1.154766045510768890e-02,-1.210231631994247437e-01,3.622113168239593506e-02,-4.718933254480361938e-02,-1.881914883852005005e-01,-8.903310447931289673e-02,1.394833624362945557e-01,1.716829985380172729e-01,3.345959261059761047e-02,-1.154739484190940857e-01,-1.065632328391075134e-01,-8.330999314785003662e-02,-3.309288620948791504e-01,-2.502493262290954590e-01,-3.184662386775016785e-02,-2.601520419120788574e-01,-1.247521713376045227e-01,-1.493781358003616333e-01,-2.806792259216308594e-01,-1.109950840473175049e-01,-5.624081194400787354e-02,4.022779688239097595e-02,-1.391813009977340698e-01,-1.183206066489219666e-01,-3.598703444004058838e-02,1.332316994667053223e-01
6.676652282476425171e-02,1.502495557069778442e-01,-7.065126299858093262e-02,8.618175983428955078e-02,9.760949760675430298e-02,1.195170953869819641e-01,1.826336830854415894e-01,4.134947955608367920e-01,1.051741912961006165e-01,1.855638474225997925e-01,3.998663723468780518e-01,0.000000000000000000e+00,4.245519936084747314e-01,5.838097333908081055e-01,8.239822089672088623e-02,1.625674217939376831e-01,1.383207887411117554e-01,2.599080502986907959e-01,2.164014577865600586e-01,1.991270631551742554e-01,9.253744781017303467e-02,1.006443868391215801e-03,-2.625982090830802917e-02,-5.805331096053123474e-02,5.458342656493186951e-02,-5.875792726874351501e-02,2.222729474306106567e-01,5.584528669714927673e-02,2.346060425043106079e-02,4.128035306930541992e-01,2.527441978454589844e-01,3.084489405155181885e-01,1.904609352350234985e-01,2.177779376506805420e-01,-1.632787883281707764e-01,-2.342561334371566772e-01,-3.235521912574768066e-01,-3.119945526123046875e-01,-3.275136649608612061e-01,-1.470469087362289429e-01,-1.479841470718383789e-01,-8.586745709180831909e-02,-2.264141738414764404e-01,-1.157249882817268372e-01,-2.637879550457000732e-01,-7.461207360029220581e-02,-2.727975845336914062e-01,-2.739284932613372803e-01,-2.687969803810119629e-01,-4.453352093696594238e-02,-8.699623495340347290e-02,-1.323562301695346832e-02,-2.612869441509246826e-02,-7.138131558895111084e-02,-2.471234649419784546e-01,-2.207438200712203979e-01,-1.093648448586463928e-01,4.893208295106887817e-02,6.911801546812057495e-02,1.483415961265563965e-01,3.889420330524444580e-01,5.536597967147827148e-01,-1.292679458856582642e-01,2.967320680618286133e-01,1.989492401480674744e-02,3.142833411693572998e-01,-2.679090201854705811e-01,-1.263267248868942261e-01,1.068914011120796204e-01,8.233669400215148926e-02,3.279066681861877441e-01,2.931230962276458740e-01,2.443233579397201538e-01,2.830255925655364990e-01,9.262029826641082764e-02,2.343185991048812866e-01,1.947648674249649048e-01,2.394813150167465210e-01,9.426005929708480835e-02,5.659363791346549988e-02,3.007948026061058044e-02,8.362012356519699097e-02,-5.039021745324134827e-02,-1.509919464588165283e-01,-5.004430562257766724e-02,-1.249554902315139771e-01,-9.411134570837020874e-02,-6.624242663383483887e-02,-5.175659433007240295e-02,-1.740398108959197998e-01,-9.780923277139663696e-02,-2.467722892761230469e-01,-1.384409070014953613e-01,-1.884492933750152588e-01,-1.709623187780380249e-01,-8.297979086637496948e-02,1.292034983634948730e-02,1.613107323646545410e-01,-7.658123224973678589e-02,-1.466425210237503052e-01,2.523327805101871490e-02,-1.125533655285835266e-01,-1.611493527889251709e-01,-1.448461115360260010e-01,-7.098891586065292358e-02,-1.341840475797653198e-01,-5.960172787308692932e-02,-3.616399690508842468e-02,-1.028352826833724976e-01,-1.536507159471511841e-01,-9.881764650344848633e-02,-8.667952567338943481e-02,-1.140804961323738098e-01,-1.695333719253540039e-01,-1.544150561094284058e-01,-3.358102962374687195e-02
5.270026624202728271e-02,-3.359374776482582092e-02,1.048674732446670532e-01,4.797285888344049454e-03,2.009744793176651001e-01,9.881518036127090454e-02,2.808465361595153809e-01,1.311380565166473389e-01,2.767182886600494385e-01,1.661522239446640015e-01,5.393983721733093262e-01,4.245519936084747314e-01,0.000000000000000000e+00,2.957824468612670898e-01,3.728616237640380859e-01,2.096449136734008789e-01,1.271346807479858398e-01,4.544043540954589844e-02,8.574115484952926636e-02,3.301123529672622681e-02,1.386358588933944702e-01,1.092094182968139648e-01,1.534652858972549438e-01,6.133589148521423340e-02,6.404786556959152222e-02,2.195497043430805206e-02,3.032496273517608643e-01,3.060780167579650879e-01,2.317694872617721558e-01,8.429258316755294800e-02,1.439315974712371826e-01,2.217952758073806763e-01,5.077699199318885803e-02,9.210066497325897217e-02,-7.100969552993774414e-02,-2.989923059940338135e-01,-1.924551725387573242e-01,-2.679105997085571289e-01,-1.947619952261447906e-02,1.303929090499877930e-01,-1.316313445568084717e-01,-4.817022942006587982e-03,-2.012569010257720947e-01,-1.557077318429946899e-01,-2.288434803485870361e-01,-1.553826481103897095e-01,-2.925880253314971924e-01,-3.179333806037902832e-01,-1.926149129867553711e-01,-2.254686951637268066e-01,-1.216951571404933929e-02,-1.713586449623107910e-01,-4.629451036453247070e-02,-1.115792524069547653e-02,-1.936429142951965332e-01,-1.524066179990768433e-01,-1.836002804338932037e-02,-1.065204888582229614e-01,-1.185503527522087097e-01,-7.281783223152160645e-02,3.321999609470367432e-01,2.204095274209976196e-01,9.972364455461502075e-02,4.153686016798019409e-02,2.709398269653320312e-01,1.643476448953151703e-02,-2.753156721591949463e-01,-2.003085911273956299e-01,-1.250141020864248276e-02,-4.535392299294471741e-02,3.179304599761962891e-01,2.914801537990570068e-01,2.834106087684631348e-01,9.450781345367431641e-02,2.608334720134735107e-01,8.218222111463546753e-02,9.488630294799804688e-02,1.291992962360382080e-01,6.644557416439056396e-02,1.302769966423511505e-02,1.909491866827011108e-01,4.322089999914169312e-02,1.664436906576156616e-01,-4.133052192628383636e-03,1.268797963857650757e-01,-7.448685169219970703e-02,1.278394609689712524e-01,6.178840994834899902e-02,-2.265328355133533478e-02,-1.063455268740653992e-02,-2.643043175339698792e-02,-2.615246772766113281e-01,4.062385857105255127e-02,-1.063349694013595581e-01,-1.561629176139831543e-01,-1.684704422950744629e-02,4.754935950040817261e-02,-2.627003414090722799e-04,-7.558277249336242676e-02,-2.034423202276229858e-01,3.352192416787147522e-02,-1.015664935111999512e-01,-2.149695307016372681e-01,-2.781772017478942871e-01,4.158790782094001770e-02,-1.294513493776321411e-01,-7.205818593502044678e-02,-1.537865102291107178e-01,-9.922463446855545044e-02,2.322968654334545135e-02,-5.897124484181404114e-02,-5.569106712937355042e-02,-1.873818337917327881e-01,-1.746255755424499512e-01,-2.985726483166217804e-02,6.115953251719474792e-02
