0.000000000000000000e+00,5.770698189735412598e-01,1.330335289239883423e-01,2.785548865795135498e-01,4.969456046819686890e-02,1.239860951900482178e-01,3.485788702964782715e-01,3.957511186599731445e-01,1.281521618366241455e-01,9.068395011126995087e-03,3.901552259922027588e-01,3.521861732006072998e-01,2.619897723197937012e-01,1.702222228050231934e-01,-2.915644273161888123e-02,-1.482937633991241455e-01,3.359007462859153748e-02,-3.038318753242492676e-01,4.432523548603057861e-01,3.270518481731414795e-01,-1.648859828710556030e-01,-2.609062790870666504e-01,2.146146725863218307e-03,1.104850918054580688e-01,6.345980614423751831e-02,4.572683572769165039e-02,-2.379895886406302452e-03,-2.480940893292427063e-02,1.014170274138450623e-01,-3.045406341552734375e-01,3.653727769851684570e-01,2.460835576057434082e-01,5.139088630676269531e-01,4.423371255397796631e-01,1.850804314017295837e-02,-9.197638183832168579e-02,-1.557470858097076416e-01,-2.192687690258026123e-01,-1.427231132984161377e-01,-1.662675738334655762e-01,-2.604633569717407227e-01,-2.695211768150329590e-01,-2.165806666016578674e-02,-1.007980108261108398e-02,-1.711217127740383148e-02,-1.123886629939079285e-01,1.871655881404876709e-02,-1.056456789374351501e-01,-1.959049701690673828e-02,-1.817008107900619507e-01,-3.814550489187240601e-02,-2.091839015483856201e-01,-1.050908043980598450e-01,-6.040767766535282135e-03,-2.035236358642578125e-01,-4.140163660049438477e-01,5.538186430931091309e-01,4.490373432636260986e-01,3.734984099864959717e-01,1.638021767139434814e-01,4.675986170768737793e-01,1.070488244295120239e-01,1.259714961051940918e-01,-9.683170169591903687e-02,5.509554967284202576e-02,-1.561679393053054810e-01,3.176084905862808228e-02,-6.016644462943077087e-02,3.428812325000762939e-01,2.608623206615447998e-01,5.213698744773864746e-02,2.016977034509181976e-02,-2.996724098920822144e-02,-1.737548261880874634e-01,4.802282154560089111e-02,-1.141582950949668884e-01,1.966838240623474121e-01,7.759254425764083862e-02,-5.311569198966026306e-03,1.024158671498298645e-02,3.808159381151199341e-02,-3.815968036651611328e-01,-2.458934634923934937e-01,-3.600832819938659668e-01,-1.326450705528259277e-01,-4.917202889919281006e-01,-1.100585907697677612e-01,-3.915285766124725342e-01,-1.538068354129791260e-01,-2.540794014930725098e-01,-3.432325124740600586e-01,-3.716582655906677246e-01,-2.098941653966903687e-01,-2.304067760705947876e-01,3.339941054582595825e-02,-8.231126517057418823e-02,-3.458265587687492371e-02,-1.512368023395538330e-01,-1.655687242746353149e-01,-2.240877449512481689e-01,-5.321744084358215332e-02,-2.414470165967941284e-02,-9.318641573190689087e-02,-8.595548570156097412e-02,-2.181569486856460571e-02,-1.780196577310562134e-01,-1.581139117479324341e-01,4.596112295985221863e-02,3.044111281633377075e-02,-1.800931692123413086e-01,-7.936522364616394043e-03,8.657251298427581787e-02,4.260112717747688293e-02,2.393583534285426140e-03,-3.631971031427383423e-02,-5.198143422603607178e-02
5.770698189735412598e-01,0.000000000000000000e+00,1.820131540298461914e-01,1.833311170339584351e-01,1.082491800189018250e-01,1.299187541007995605e-01,1.880228519439697266e-01,2.340044230222702026e-01,8.341297507286071777e-02,-1.013822332024574280e-01,2.052474617958068848e-01,2.964062988758087158e-01,2.494491189718246460e-01,1.648800075054168701e-01,-1.042306646704673767e-01,-1.909718066453933716e-01,4.094327241182327271e-02,-8.810521662235260010e-02,5.046600103378295898e-01,5.873631834983825684e-01,-1.223982721567153931e-01,-1.756826341152191162e-01,1.669500581920146942e-02,5.183827504515647888e-02,1.256852690130472183e-02,4.914899542927742004e-02,-4.312785807996988297e-03,-7.388692349195480347e-02,-7.220692187547683716e-02,6.259983871132135391e-03,2.398378103971481323e-01,3.113599121570587158e-01,4.725713729858398438e-01,5.103752613067626953e-01,-2.421430777758359909e-03,-2.185376361012458801e-02,-6.975144147872924805e-02,-5.947235599160194397e-02,-1.341051459312438965e-01,6.729517877101898193e-02,-1.562183350324630737e-01,-8.759700506925582886e-02,-2.881877124309539795e-02,6.209132820367813110e-02,-1.603023260831832886e-01,-1.544046252965927124e-01,-5.667997989803552628e-03,-5.208310857415199280e-02,-1.755421459674835205e-01,-1.618420481681823730e-01,-1.646381914615631104e-01,-1.320801675319671631e-01,-3.257040977478027344e-01,3.088368847966194153e-02,-3.085446655750274658e-01,-4.163230955600738525e-01,5.051869750022888184e-01,6.843172311782836914e-01,1.448155939579010010e-01,2.254693806171417236e-01,1.646906696259975433e-02,1.850035488605499268e-01,-9.051346778869628906e-02,1.331603080034255981e-01,-3.181336820125579834e-02,8.611848577857017517e-03,-4.096122831106185913e-02,-3.054665587842464447e-02,5.252791643142700195e-01,5.152074694633483887e-01,-8.405724912881851196e-02,-4.365186765789985657e-02,-1.842511594295501709e-01,-2.066890709102153778e-02,1.445710808038711548e-01,-8.532697334885597229e-03,1.338125765323638916e-01,1.084942817687988281e-01,5.883055925369262695e-02,2.142740041017532349e-01,2.882408350706100464e-02,-5.599736049771308899e-02,-4.617479816079139709e-02,-1.033989936113357544e-01,-1.481840461492538452e-01,-2.631958425045013428e-01,-1.700650900602340698e-02,-2.860031835734844208e-02,-1.891299635171890259e-01,-3.508037626743316650e-01,-5.272511839866638184e-01,-2.458938956260681152e-01,-3.773826360702514648e-01,5.644619464874267578e-02,2.637566067278385162e-02,5.669779703021049500e-02,-7.284960895776748657e-02,-8.129507303237915039e-02,-3.825014531612396240e-01,-2.027922421693801880e-01,-2.448078840970993042e-01,1.941656470298767090e-01,-3.738808631896972656e-01,-7.937980815768241882e-03,-1.866189688444137573e-01,-2.158583551645278931e-01,-2.035330682992935181e-01,2.232728153467178345e-01,-7.161479443311691284e-03,-7.287709414958953857e-02,-7.577720098197460175e-03,-6.753064808435738087e-04,-2.419865876436233521e-02,-7.325905561447143555e-02,-5.078924447298049927e-02,-6.437450647354125977e-02
1.330335289239883423e-01,1.820131540298461914e-01,0.000000000000000000e+00,6.440277695655822754e-01,3.700788319110870361e-01,3.108384609222412109e-01,6.828589439392089844e-01,4.973421394824981689e-01,1.938239485025405884e-01,1.610723882913589478e-01,9.549579024314880371e-02,1.584399193525314331e-01,3.445079922676086426e-01,1.486325412988662720e-01,6.057556346058845520e-02,1.290616095066070557e-01,-4.179835319519042969e-01,-1.208680719137191772e-01,4.701742529869079590e-01,4.097954630851745605e-01,5.458663776516914368e-02,8.713881671428680420e-02,6.554656624794006348e-01,7.337093949317932129e-01,2.998876273632049561e-01,2.806609570980072021e-01,2.454056441783905029e-01,2.022455781698226929e-01,-2.641661465167999268e-01,8.041670918464660645e-02,4.186443686485290527e-01,5.908190608024597168e-01,6.189282517880201340e-03,1.581073552370071411e-01,-2.695187330245971680e-01,-3.804328441619873047e-01,-1.967570036649703979e-01,-1.130589917302131653e-01,-1.467537879943847656e-01,2.453087829053401947e-02,-4.534666612744331360e-02,-2.570074424147605896e-02,-3.941397368907928467e-01,-3.959619700908660889e-01,-4.753573834896087646e-01,-4.184288382530212402e-01,-3.523250520229339600e-01,-4.413355290889739990e-01,-4.966775476932525635e-01,-2.742672562599182129e-01,-3.779357373714447021e-01,-2.526512444019317627e-01,-2.208756059408187866e-01,-1.335891932249069214e-01,-1.744668632745742798e-01,-2.747974693775177002e-01,-2.093936353921890259e-01,4.399158933665603399e-04,-3.320096433162689209e-01,-4.590266197919845581e-02,-3.127564787864685059e-01,3.056188859045505524e-02,-3.816850781440734863e-01,1.420087646692991257e-03,-3.050609529018402100e-01,-3.343016281723976135e-02,-4.984120726585388184e-01,-4.377499818801879883e-01,-5.470926314592361450e-02,-6.743550300598144531e-02,1.933109909296035767e-01,2.083696573972702026e-01,-1.083302870392799377e-01,4.858911409974098206e-02,-1.507174670696258545e-01,-4.902233183383941650e-02,-1.544443368911743164e-01,-9.557855874300003052e-02,-1.560382097959518433e-01,-5.426278710365295410e-02,-3.059908449649810791e-01,-4.771475121378898621e-02,-7.548456639051437378e-02,-1.027829945087432861e-01,-2.371308058500289917e-01,1.688632555305957794e-02,-7.063632458448410034e-02,1.925527304410934448e-02,-1.032647043466567993e-01,-8.066841401159763336e-03,-1.893605440855026245e-01,-1.096557080745697021e-01,-5.779418721795082092e-02,5.579345673322677612e-02,-8.883690834045410156e-02,-4.898827895522117615e-02,-1.505463570356369019e-01,-1.360579729080200195e-01,-1.337834596633911133e-01,-1.026641950011253357e-01,-8.037479221820831299e-02,1.137256249785423279e-01,-2.374393790960311890e-01,-1.899653486907482147e-02,-6.189757585525512695e-02,-4.679175838828086853e-02,4.138497635722160339e-02,-7.670780760236084461e-04,-1.553454548120498657e-01,-1.159770935773849487e-01,-3.004453778266906738e-01,-1.277426332235336304e-01,-1.269784420728683472e-01,-6.378956139087677002e-02,-6.885008513927459717e-02,1.506419181823730469e-01
2.785548865795135498e-01,1.833311170339584351e-01,6.440277695655822754e-01,0.000000000000000000e+00,2.017052918672561646e-01,2.069003432989120483e-01,6.569762825965881348e-01,7.459064126014709473e-01,4.633799195289611816e-03,3.190716803073883057e-01,5.846974626183509827e-02,2.699800729751586914e-01,1.892605721950531006e-01,2.415546774864196777e-01,-5.334639921784400940e-02,1.580379903316497803e-01,-3.844322264194488525e-01,-3.906055092811584473e-01,3.806650042533874512e-01,3.626502454280853271e-01,1.454836428165435791e-01,7.939150929450988770e-02,6.403299570083618164e-01,7.264866232872009277e-01,2.083751708269119263e-01,2.160872519016265869e-01,2.364837974309921265e-01,2.649841606616973877e-01,-2.405379414558410645e-01,-1.777941286563873291e-01,3.685891926288604736e-01,3.729012012481689453e-01,-3.642724454402923584e-02,5.227044224739074707e-02,-2.532632052898406982e-01,-3.802977204322814941e-01,-1.575080603361129761e-01,-1.692612618207931519e-01,-4.913645610213279724e-02,7.899437844753265381e-02,2.865705080330371857e-02,-1.320549547672271729e-01,-3.349840939044952393e-01,-3.948752284049987793e-01,-3.394098281860351562e-01,-3.896264731884002686e-01,-3.088171482086181641e-01,-4.326762557029724121e-01,-3.045109510421752930e-01,-3.367257714271545410e-01,-2.135307341814041138e-01,-2.349960058927536011e-01,-1.442722678184509277e-01,-1.873539984226226807e-01,-3.109230892732739449e-04,-2.300852835178375244e-01,-1.530891358852386475e-01,-5.687763169407844543e-02,-1.535862833261489868e-01,-9.035372734069824219e-02,3.255438804626464844e-02,-5.301904305815696716e-02,-1.947421580553054810e-01,-1.369704753160476685e-01,-2.075828313827514648e-01,-1.926881819963455200e-01,-4.541585445404052734e-01,-4.624270200729370117e-01,-1.620673984289169312e-01,-1.813557744026184082e-01,1.309974044561386108e-01,5.014215409755706787e-02,-7.710787653923034668e-02,-1.031657531857490540e-01,-2.149689048528671265e-01,-5.132359638810157776e-02,-1.260600388050079346e-01,-1.257815062999725342e-01,-6.433178484439849854e-02,-2.304687201976776123e-01,-2.072938382625579834e-01,-2.970798611640930176e-01,-6.800696253776550293e-02,-3.269824683666229248e-01,-9.185970574617385864e-02,-1.651587784290313721e-01,8.249415457248687744e-02,-1.958078742027282715e-01,6.204873323440551758e-02,1.820343285799026489e-01,-5.094354599714279175e-02,-1.133311241865158081e-01,1.532230246812105179e-02,-1.217182651162147522e-01,-3.200493752956390381e-02,-3.886324539780616760e-02,2.480279467999935150e-02,-4.444735124707221985e-02,1.262580603361129761e-01,-6.618880480527877808e-02,-2.625815942883491516e-02,-9.019443392753601074e-02,-7.412555813789367676e-02,-8.522814512252807617e-02,4.259269684553146362e-02,-2.065952867269515991e-02,5.573575943708419800e-02,7.293959707021713257e-02,-9.614864736795425415e-02,-8.017741888761520386e-02,-2.214255630970001221e-01,4.970600455999374390e-02,1.081929448992013931e-02,7.836782187223434448e-02,9.545420296490192413e-03,1.016642525792121887e-01
4.969456046819686890e-02,1.082491800189018250e-01,3.700788319110870361e-01,2.017052918672561646e-01,0.000000000000000000e+00,6.356791257858276367e-01,4.586921632289886475e-01,2.759425640106201172e-01,5.807150006294250488e-01,5.369531512260437012e-01,3.529008924961090088e-01,3.890486359596252441e-01,5.207076072692871094e-01,4.208315908908843994e-01,3.308670818805694580e-01,4.903652667999267578e-01,-1.955393254756927490e-01,1.020326763391494751e-01,2.347201108932495117e-01,3.352664411067962646e-01,1.312878280878067017e-01,1.422493308782577515e-01,4.289377033710479736e-01,3.750877678394317627e-01,5.876477360725402832e-01,6.003228425979614258e-01,6.502795815467834473e-01,5.361270308494567871e-01,8.121022023260593414e-03,1.830352842807769775e-01,4.719832241535186768e-01,5.956188440322875977e-01,2.733783125877380371e-01,4.015885293483734131e-01,-2.061637789011001587e-01,-2.567374110221862793e-01,-3.962403237819671631e-01,-2.125520110130310059e-01,-2.798540592193603516e-01,-2.649759314954280853e-02,-1.540782451629638672e-01,-8.657774329185485840e-02,-4.495859146118164062e-01,-3.996669352054595947e-01,-3.694007694721221924e-01,-3.626569509506225586e-01,-3.614629209041595459e-01,-3.779943585395812988e-01,-4.427162408828735352e-01,-2.507874369621276855e-01,-4.603343605995178223e-01,-3.580281138420104980e-01,-3.371320962905883789e-01,-2.479794770479202271e-01,-1.855113655328750610e-01,-4.006419181823730469e-01,-1.500245183706283569e-01,-8.651240495964884758e-04,-3.644731044769287109e-01,-2.035096585750579834e-01,-3.049157857894897461e-01,9.248565882444381714e-02,-3.047992289066314697e-01,1.353349983692169189e-01,-2.456278502941131592e-01,2.658066526055335999e-02,-3.674370050430297852e-01,-3.381997346878051758e-01,-3.305552294477820396e-03,-4.051388427615165710e-02,3.851090371608734131e-01,4.144411087036132812e-01,1.281245052814483643e-01,2.951570451259613037e-01,-1.073793396353721619e-01,-2.541899122297763824e-02,-1.124217882752418518e-01,-2.341543696820735931e-02,-2.600934207439422607e-01,5.010407045483589172e-02,-4.308152198791503906e-01,-1.796613782644271851e-01,-3.101732432842254639e-01,-2.850009202957153320e-01,-4.545902609825134277e-01,-1.957835257053375244e-01,-8.378033339977264404e-02,-7.724019885063171387e-02,-1.997824907302856445e-01,-1.679485291242599487e-02,-1.239605396986007690e-01,-1.422757357358932495e-01,5.720309540629386902e-02,1.262901872396469116e-01,-2.400344014167785645e-01,-2.124783247709274292e-01,-1.970923990011215210e-01,-2.410944402217864990e-01,-2.298210412263870239e-01,-2.037585675716400146e-01,3.542280197143554688e-02,2.556657493114471436e-01,-1.363559812307357788e-01,6.872879713773727417e-02,-3.980277106165885925e-02,-2.454003989696502686e-01,-4.263621196150779724e-02,4.265815764665603638e-02,-9.804597496986389160e-02,-3.010228872299194336e-01,-3.150780498981475830e-01,-2.169134914875030518e-01,-1.928533166646957397e-01,-4.092627670615911484e-03,-1.399368792772293091e-01,3.554603457450866699e-02
1.239860951900482178e-01,1.299187541007995605e-01,3.108384609222412109e-01,2.069003432989120483e-01,6.356791257858276367e-01,0.000000000000000000e+00,3.651740252971649170e-01,2.383064627647399902e-01,6.888440251350402832e-01,4.676270484924316406e-01,3.081005215644836426e-01,4.385786354541778564e-01,4.007529616355895996e-01,2.401850819587707520e-01,5.058981180191040039e-01,5.319852828979492188e-01,-1.354345828294754028e-01,-1.603080146014690399e-02,2.092466354370117188e-01,2.137831002473831177e-01,-8.812665194272994995e-02,1.326992064714431763e-01,2.524090707302093506e-01,2.735916376113891602e-01,4.686922729015350342e-01,4.455351233482360840e-01,5.209082365036010742e-01,4.950093924999237061e-01,2.965674363076686859e-02,2.600803077220916748e-01,5.404632687568664551e-01,5.574110746383666992e-01,3.068021833896636963e-01,3.752246797084808350e-01,-1.682801693677902222e-01,-1.495639681816101074e-01,-3.599070906639099121e-01,-3.508112132549285889e-01,-1.406957358121871948e-01,-5.265435948967933655e-02,-2.689762413501739502e-01,-3.140547275543212891e-01,-3.504484295845031738e-01,-3.106781840324401855e-01,-2.659188807010650635e-01,-3.760816454887390137e-01,-2.177128046751022339e-01,-3.726812005043029785e-01,-3.159048259258270264e-01,-1.116811558604240417e-01,-2.697522938251495361e-01,-1.679117381572723389e-01,-1.959096938371658325e-01,-1.460459381341934204e-01,-1.285738050937652588e-01,-3.359375894069671631e-01,-1.533351987600326538e-01,4.529021214693784714e-03,-2.755699157714843750e-01,-4.324302449822425842e-02,-2.321383208036422729e-01,1.913570314645767212e-01,-3.894631862640380859e-01,8.474395610392093658e-03,-3.158588707447052002e-01,1.639699041843414307e-01,-3.210976719856262207e-01,-2.184157818555831909e-01,-4.049419611692428589e-02,-2.788122743368148804e-02,3.370687663555145264e-01,4.212273657321929932e-01,9.996615350246429443e-02,2.246398180723190308e-01,-4.479834064841270447e-02,-1.386587917804718018e-01,-6.697552651166915894e-02,-8.471401780843734741e-02,-3.815580606460571289e-01,4.000923782587051392e-02,-3.625670671463012695e-01,-2.632721364498138428e-01,-3.202090561389923096e-01,-2.913078367710113525e-01,-5.437622666358947754e-01,-2.618430554866790771e-01,-2.382859140634536743e-01,-2.062972337007522583e-01,-3.558447062969207764e-01,-5.026603117585182190e-02,-1.771396845579147339e-01,-1.708598732948303223e-01,-5.520019680261611938e-03,2.403205633163452148e-02,-1.996230483055114746e-01,-1.970525234937667847e-01,-1.451606154441833496e-01,-2.260400950908660889e-01,-1.674111336469650269e-01,-1.570263504981994629e-01,-3.719161823391914368e-02,1.715926676988601685e-01,-1.398385167121887207e-01,1.030821055173873901e-01,3.562235087156295776e-02,-1.482918560504913330e-01,-4.329558461904525757e-02,-7.173454761505126953e-02,-1.218148842453956604e-01,-2.823173701763153076e-01,-1.400121152400970459e-01,-2.841995563358068466e-03,-3.672391921281814575e-02,3.933645412325859070e-02,2.473483234643936157e-02,5.590782687067985535e-02
3.485788702964782715e-01,1.880228519439697266e-01,6.828589439392089844e-01,6.569762825965881348e-01,4.586921632289886475e-01,3.651740252971649170e-01,0.000000000000000000e+00,6.900860071182250977e-01,2.890056073665618896e-01,3.602617681026458740e-01,3.120997846126556396e-01,3.730924129486083984e-01,4.423442184925079346e-01,3.165436387062072754e-01,3.410128131508827209e-02,2.180130034685134888e-01,-4.455883204936981201e-01,-2.268396615982055664e-01,4.733262658119201660e-01,4.259204566478729248e-01,7.525226473808288574e-02,2.365280687808990479e-02,6.351720690727233887e-01,6.844632625579833984e-01,4.253717660903930664e-01,4.257291555404663086e-01,3.096353113651275635e-01,2.996833622455596924e-01,-2.015578001737594604e-01,-1.269973069429397583e-01,5.662229657173156738e-01,6.114457845687866211e-01,2.217902839183807373e-01,3.425000309944152832e-01,-3.198802471160888672e-01,-4.316286146640777588e-01,-3.207685053348541260e-01,-2.282525002956390381e-01,-2.446386814117431641e-01,-9.347024559974670410e-02,-1.453538239002227783e-01,-1.365432441234588623e-01,-4.401955008506774902e-01,-4.486439526081085205e-01,-4.212520420551300049e-01,-3.832681477069854736e-01,-3.894680440425872803e-01,-4.592328965663909912e-01,-4.339029490947723389e-01,-3.271678388118743896e-01,-3.850669264793395996e-01,-3.782906532287597656e-01,-2.474696189165115356e-01,-2.179499864578247070e-01,-1.765240877866744995e-01,-3.676818907260894775e-01,-1.281895488500595093e-01,3.494591452181339264e-03,-2.245354950428009033e-01,-9.936936944723129272e-02,-6.409015506505966187e-02,7.295535504817962646e-02,-2.716999948024749756e-01,-4.283842630684375763e-03,-2.929035723209381104e-01,-1.446833312511444092e-01,-4.581242203712463379e-01,-4.734264314174652100e-01,-3.837146610021591187e-02,-1.122135296463966370e-01,3.677830696105957031e-01,3.380684554576873779e-01,3.772592172026634216e-03,3.557433187961578369e-02,-1.741744726896286011e-01,-1.076483130455017090e-01,-1.146839335560798645e-01,-7.420708984136581421e-02,-2.451130747795104980e-01,-1.321741342544555664e-01,-4.201485812664031982e-01,-3.334092795848846436e-01,-2.985908389091491699e-01,-3.880670368671417236e-01,-3.456070721149444580e-01,-2.473466694355010986e-01,-9.135514497756958008e-02,-2.239323705434799194e-01,-8.840344101190567017e-02,3.734896332025527954e-02,-1.389281749725341797e-01,-1.999752968549728394e-01,3.747787699103355408e-02,-5.301234126091003418e-02,-1.347074210643768311e-01,-1.653968095779418945e-01,-1.431090831756591797e-01,-1.782443076372146606e-01,-9.225489199161529541e-02,-1.967208087444305420e-01,4.803574457764625549e-02,1.019238010048866272e-01,-1.432387530803680420e-01,-4.102414101362228394e-02,-5.592109635472297668e-02,-1.434835344552993774e-01,2.929392084479331970e-02,6.082144100219011307e-03,-5.829195305705070496e-02,-2.222346663475036621e-01,-3.472819924354553223e-01,-1.252344250679016113e-01,-1.139059439301490784e-01,2.890640310943126678e-02,-1.644567251205444336e-01,8.039867877960205078e-02
3.957511186599731445e-01,2.340044230222702026e-01,4.973421394824981689e-01,7.459064126014709473e-01,2.759425640106201172e-01,2.383064627647399902e-01,6.900860071182250977e-01,0.000000000000000000e+00,1.131252422928810120e-01,4.300468266010284424e-01,2.502224743366241455e-01,4.927974939346313477e-01,3.316572010517120361e-01,4.726897180080413818e-01,-8.869124203920364380e-02,1.914453059434890747e-01,-3.440933823585510254e-01,-3.032962977886199951e-01,3.781653940677642822e-01,3.798542022705078125e-01,9.403890371322631836e-02,-2.432726696133613586e-02,5.931048393249511719e-01,6.663610935211181641e-01,3.674492537975311279e-01,3.824348151683807373e-01,2.372890561819076538e-01,2.728351652622222900e-01,-2.187724262475967407e-01,-2.039312273263931274e-01,4.202619194984436035e-01,4.455325305461883545e-01,1.472553014755249023e-01,2.272108197212219238e-01,-2.756857872009277344e-01,-4.041272401809692383e-01,-2.813891470432281494e-01,-2.273852527141571045e-01,-1.646521389484405518e-01,-7.929426431655883789e-02,-7.168906927108764648e-02,-1.429927349090576172e-01,-3.838046491146087646e-01,-4.426028430461883545e-01,-3.535385727882385254e-01,-3.625166714191436768e-01,-3.599298596382141113e-01,-4.575003087520599365e-01,-3.030463457107543945e-01,-4.089846909046173096e-01,-2.807590663433074951e-01,-3.848588168621063232e-01,-1.487859338521957397e-01,-2.298470288515090942e-01,-2.615425921976566315e-02,-3.373031914234161377e-01,-6.125744059681892395e-02,1.143721956759691238e-02,-7.992614805698394775e-02,-1.245504319667816162e-01,1.614451110363006592e-01,8.000451140105724335e-03,-9.799553453922271729e-02,-3.563417121767997742e-02,-2.097761332988739014e-01,-2.525120973587036133e-01,-3.940218091011047363e-01,-4.640924036502838135e-01,-7.685673236846923828e-02,-1.268116980791091919e-01,2.245950549840927124e-01,1.576913148164749146e-01,-2.346415445208549500e-02,-4.109322652220726013e-02,-2.179473340511322021e-01,-7.216131687164306641e-02,-1.493056416511535645e-01,-1.359124779701232910e-01,-1.103697121143341064e-01,-1.943201273679733276e-01,-2.423791736364364624e-01,-3.718479275703430176e-01,-1.883718073368072510e-01,-4.251292347908020020e-01,-1.394681632518768311e-01,-3.267645537853240967e-01,1.774383522570133209e-02,-2.939182817935943604e-01,5.651327222585678101e-02,1.428447812795639038e-01,-5.345194786787033081e-02,-1.921279132366180420e-01,1.191038042306900024e-01,-1.473361551761627197e-01,-1.187306046485900879e-01,-1.635901778936386108e-01,-1.892833225429058075e-02,-1.325529068708419800e-01,8.683556318283081055e-02,-1.930927932262420654e-01,1.123369857668876648e-01,-8.342033624649047852e-02,-1.895869709551334381e-02,-1.104269325733184814e-01,5.719247460365295410e-02,-1.149906441569328308e-01,6.835916638374328613e-02,1.697230525314807892e-02,-7.363568991422653198e-02,-1.802781671285629272e-01,-3.014349937438964844e-01,-3.602101281285285950e-02,-7.480935752391815186e-02,6.267498433589935303e-02,-7.337946444749832153e-02,8.178081363439559937e-02
1.281521618366241455e-01,8.341297507286071777e-02,1.938239485025405884e-01,4.633799195289611816e-03,5.807150006294250488e-01,6.888440251350402832e-01,2.890056073665618896e-01,1.131252422928810120e-01,0.000000000000000000e+00,4.173181056976318359e-01,4.662932455539703369e-01,5.065072774887084961e-01,5.494917035102844238e-01,2.724502384662628174e-01,5.955103635787963867e-01,4.851040840148925781e-01,1.819031499326229095e-02,1.578569561243057251e-01,1.640271246433258057e-01,7.482917606830596924e-02,-2.051059007644653320e-01,4.731632303446531296e-03,4.927233979105949402e-02,1.203623339533805847e-01,4.398334026336669922e-01,3.675536811351776123e-01,3.677648305892944336e-01,3.042326569557189941e-01,8.508373796939849854e-02,2.429703623056411743e-01,4.941422045230865479e-01,4.799182116985321045e-01,3.425806164741516113e-01,3.726997971534729004e-01,-1.431579589843750000e-01,-1.431327164173126221e-01,-3.334398269653320312e-01,-3.586168587207794189e-01,-2.329411357641220093e-01,-1.693473160266876221e-01,-3.178782761096954346e-01,-3.049804866313934326e-01,-2.646687626838684082e-01,-2.296148687601089478e-01,-2.044877856969833374e-01,-3.251822292804718018e-01,-1.711277663707733154e-01,-2.757515311241149902e-01,-2.532848119735717773e-01,-3.162277117371559143e-02,-1.944181025028228760e-01,-1.301746666431427002e-01,-9.834276139736175537e-02,-8.713564276695251465e-02,-1.421925872564315796e-01,-3.244348168373107910e-01,-1.366384029388427734e-01,1.859268918633460999e-02,-3.050713837146759033e-01,-5.846764147281646729e-02,-2.207035124301910400e-01,1.950174421072006226e-01,-2.632497549057006836e-01,1.019497215747833252e-01,-2.454493492841720581e-01,1.889289766550064087e-01,-2.511705160140991211e-01,-1.888723224401473999e-01,-3.025710955262184143e-02,-5.350919440388679504e-02,3.720381259918212891e-01,4.987651109695434570e-01,1.833164989948272705e-01,2.895339727401733398e-01,-2.328331954777240753e-02,-1.098431050777435303e-01,-6.777056306600570679e-02,-6.442271173000335693e-02,-4.775311052799224854e-01,-2.214524522423744202e-02,-3.955899477005004883e-01,-2.780795395374298096e-01,-3.442542552947998047e-01,-2.757981419563293457e-01,-4.678057134151458740e-01,-2.419285625219345093e-01,-3.442290127277374268e-01,-2.405960261821746826e-01,-3.661966025829315186e-01,-1.709679067134857178e-01,-1.205288767814636230e-01,-1.207003593444824219e-01,6.407483667135238647e-02,1.785000413656234741e-01,-1.952847689390182495e-01,-1.831923127174377441e-01,-1.586595326662063599e-01,-1.863515228033065796e-01,-1.006660982966423035e-01,-1.302115339785814285e-02,2.848065271973609924e-02,2.390745878219604492e-01,-1.283185482025146484e-01,2.273845821619033813e-01,-5.037832632660865784e-02,-1.678073853254318237e-01,-1.319952215999364853e-02,-4.472550004720687866e-02,-6.561046838760375977e-02,-2.606535851955413818e-01,-8.194660395383834839e-02,2.621442265808582306e-02,2.401911281049251556e-02,1.082904115319252014e-01,-2.023778855800628662e-02,-3.697486221790313721e-02
9.068395011126995087e-03,-1.013822332024574280e-01,1.610723882913589478e-01,3.190716803073883057e-01,5.369531512260437012e-01,4.676270484924316406e-01,3.602617681026458740e-01,4.300468266010284424e-01,4.173181056976318359e-01,0.000000000000000000e+00,3.542896211147308350e-01,5.211623907089233398e-01,4.519521892070770264e-01,5.831587910652160645e-01,2.973058223724365234e-01,6.579520106315612793e-01,-2.325223088264465332e-01,-1.078587323427200317e-01,7.916894555091857910e-02,1.513480246067047119e-01,2.187013030052185059e-01,1.152955442667007446e-01,3.982416391372680664e-01,3.233101069927215576e-01,3.762591779232025146e-01,4.545221924781799316e-01,5.203513503074645996e-01,5.320841670036315918e-01,8.031796663999557495e-02,-5.907738581299781799e-03,3.072629570960998535e-01,3.446175456047058105e-01,8.413251489400863647e-03,1.357833296060562134e-01,-2.068510055541992188e-01,-3.148963153362274170e-01,-3.619706630706787109e-01,-2.086334228515625000e-01,-2.721299827098846436e-01,-8.087774366140365601e-02,-1.532397121191024780e-01,-1.282604038715362549e-01,-4.124381542205810547e-01,-4.521487355232238770e-01,-2.394913136959075928e-01,-4.000606238842010498e-01,-2.627834379673004150e-01,-3.308975696563720703e-01,-2.394793033599853516e-01,-2.691012620925903320e-01,-2.193793207406997681e-01,-2.914715707302093506e-01,-1.371976137161254883e-01,-2.990464568138122559e-01,-3.052066452801227570e-02,-2.810618877410888672e-01,-3.492255210876464844e-01,-2.788605988025665283e-01,-3.445484638214111328e-01,-3.263878226280212402e-01,-9.046048671007156372e-02,2.101973071694374084e-02,-1.571723967790603638e-01,3.416080772876739502e-02,-1.658660918474197388e-01,-9.739218652248382568e-02,-3.829425275325775146e-01,-4.047386646270751953e-01,-3.266274929046630859e-01,-3.554320037364959717e-01,4.359327256679534912e-01,3.794646561145782471e-01,2.613011300563812256e-01,2.166172266006469727e-01,-1.913007497787475586e-01,1.493370532989501953e-02,-1.053939759731292725e-01,-4.111597314476966858e-02,-4.001638591289520264e-01,-2.344412058591842651e-01,-4.245382547378540039e-01,-3.785637021064758301e-01,-3.266382813453674316e-01,-4.693676233291625977e-01,-2.987076342105865479e-01,-1.916084140539169312e-01,-1.067165285348892212e-01,-2.862797081470489502e-01,-1.039534211158752441e-01,1.375765949487686157e-01,2.102596908807754517e-01,-1.654855720698833466e-02,3.032525181770324707e-01,1.113508492708206177e-01,-1.413039416074752808e-01,-1.647415161132812500e-01,3.034597821533679962e-02,-7.244291156530380249e-02,2.141225636005401611e-01,5.183434858918190002e-02,2.381287664175033569e-01,6.559592485427856445e-02,1.514221876859664917e-01,1.314951777458190918e-01,1.204910799860954285e-01,-1.100165992975234985e-01,-3.291237354278564453e-02,3.469358757138252258e-02,-3.037967719137668610e-02,-2.222778797149658203e-01,-1.695739030838012695e-01,9.469152241945266724e-02,7.595507055521011353e-02,2.007210254669189453e-01,3.828237578272819519e-02,6.390234455466270447e-03
3.901552259922027588e-01,2.052474617958068848e-01,9.549579024314880371e-02,5.846974626183509827e-02,3.529008924961090088e-01,3.081005215644836426e-01,3.120997846126556396e-01,2.502224743366241455e-01,4.662932455539703369e-01,3.542896211147308350e-01,0.000000000000000000e+00,5.647171735763549805e-01,6.019386053085327148e-01,4.658185839653015137e-01,2.395403534173965454e-01,3.105270564556121826e-01,1.099824234843254089e-01,8.755781501531600952e-02,3.649809658527374268e-01,2.489033043384552002e-01,-1.545528918504714966e-01,-2.744376361370086670e-01,1.578195393085479736e-01,1.320308297872543335e-01,3.976962566375732422e-01,3.820963501930236816e-01,2.440007179975509644e-01,1.920204460620880127e-01,1.862694472074508667e-01,5.754788871854543686e-03,4.396915733814239502e-01,3.849617540836334229e-01,4.471749365329742432e-01,4.680873453617095947e-01,-1.401663422584533691e-01,-1.857414394617080688e-01,-4.492010176181793213e-01,-2.972207963466644287e-01,-3.247151076793670654e-01,-2.854269146919250488e-01,-3.340478539466857910e-01,-2.598599791526794434e-01,-2.831275165081024170e-01,-3.011801838874816895e-01,-2.367585897445678711e-01,-2.847247123718261719e-01,-1.772522181272506714e-01,-1.879407316446304321e-01,-2.691293656826019287e-01,-3.429520130157470703e-01,-2.919132411479949951e-01,-4.141786396503448486e-01,-1.379898488521575928e-01,-1.877387166023254395e-01,-1.398081183433532715e-01,-3.260539472103118896e-01,1.281519681215286255e-01,8.135905861854553223e-02,-1.644976735115051270e-01,-2.664196789264678955e-01,2.765401452779769897e-02,-1.933824829757213593e-02,1.317057162523269653e-01,1.584399342536926270e-01,-1.313428580760955811e-01,-1.787735223770141602e-01,-2.285892367362976074e-01,-2.848221957683563232e-01,1.045904979109764099e-01,-3.075649961829185486e-02,3.053999543190002441e-01,3.095889091491699219e-01,1.995130330324172974e-01,1.416493803262710571e-01,-4.729356989264488220e-02,-8.059485256671905518e-02,6.049660220742225647e-02,6.185177713632583618e-02,-2.449555695056915283e-01,8.358333259820938110e-02,-2.401260733604431152e-01,-3.500281572341918945e-01,-4.520241916179656982e-01,-4.839556217193603516e-01,-3.105644583702087402e-01,-3.825649023056030273e-01,-2.475162148475646973e-01,-4.158295989036560059e-01,-1.734282225370407104e-01,-7.434207946062088013e-02,2.941882004961371422e-03,-1.085283979773521423e-01,1.786979883909225464e-01,8.327636122703552246e-02,-1.879629194736480713e-01,-2.252570390701293945e-01,-4.943556711077690125e-02,-2.133194208145141602e-01,-1.106615215539932251e-01,-1.744062453508377075e-01,1.195395737886428833e-01,1.219922155141830444e-01,-1.885439269244670868e-02,1.174859981983900070e-02,-1.127046253532171249e-02,-3.069555461406707764e-01,-1.760267317295074463e-01,-4.072255268692970276e-02,3.077358566224575043e-02,-2.477540820837020874e-01,-1.109970360994338989e-01,-8.549085259437561035e-02,-7.726377993822097778e-02,1.145690008997917175e-01,-1.145283952355384827e-01,-1.125953420996665955e-01
3.521861732006072998e-01,2.964062988758087158e-01,1.584399193525314331e-01,2.699800729751586914e-01,3.890486359596252441e-01,4.385786354541778564e-01,3.730924129486083984e-01,4.927974939346313477e-01,5.065072774887084961e-01,5.211623907089233398e-01,5.647171735763549805e-01,0.000000000000000000e+00,5.933419466018676758e-01,6.615170836448669434e-01,2.347097694873809814e-01,4.349042177200317383e-01,-1.145032048225402832e-01,1.202921792864799500e-01,3.033085763454437256e-01,3.207844495773315430e-01,-1.457334309816360474e-01,-1.479832082986831665e-01,2.495104223489761353e-01,2.844347059726715088e-01,4.443635642528533936e-01,4.262728989124298096e-01,2.832809388637542725e-01,2.381129413843154907e-01,-2.281563170254230499e-02,1.272867769002914429e-01,4.611424207687377930e-01,4.600826203823089600e-01,3.684675097465515137e-01,4.513068199157714844e-01,-2.000666260719299316e-01,-2.901733815670013428e-01,-4.529453814029693604e-01,-3.303541243076324463e-01,-3.492399454116821289e-01,-2.535502016544342041e-01,-3.142739236354827881e-01,-2.342206835746765137e-01,-3.270912468433380127e-01,-3.652012050151824951e-01,-3.026666939258575439e-01,-3.714058101177215576e-01,-2.405661940574645996e-01,-3.426399230957031250e-01,-2.773240208625793457e-01,-3.042205274105072021e-01,-2.711756527423858643e-01,-3.439588546752929688e-01,-8.966343849897384644e-02,-1.725911498069763184e-01,-1.432628035545349121e-01,-3.887317478656768799e-01,-5.945550277829170227e-02,1.334255039691925049e-01,-2.310538589954376221e-01,-1.252866238355636597e-01,-1.775472797453403473e-02,1.278330832719802856e-01,-4.680672287940979004e-02,2.534883022308349609e-01,-2.605371773242950439e-01,-8.798315376043319702e-02,-3.500441014766693115e-01,-3.702925741672515869e-01,-3.552982583642005920e-03,-9.308387339115142822e-02,3.505579233169555664e-01,3.988774716854095459e-01,1.691485047340393066e-01,2.059061974287033081e-01,-7.875952124595642090e-02,-5.918063595890998840e-02,-7.816269993782043457e-02,-2.694430947303771973e-02,-3.605014681816101074e-01,-2.647107653319835663e-02,-3.479641675949096680e-01,-3.233160078525543213e-01,-3.836419582366943359e-01,-4.147812426090240479e-01,-3.306984305381774902e-01,-3.447918891906738281e-01,-2.341991066932678223e-01,-3.442170917987823486e-01,-1.508974134922027588e-01,-5.928511545062065125e-02,-8.635613322257995605e-02,-2.204548418521881104e-01,2.139200121164321899e-01,6.448392570018768311e-02,-2.187779694795608521e-01,-2.575702965259552002e-01,-1.167131289839744568e-01,-2.122933715581893921e-01,-2.097936160862445831e-02,-1.515672653913497925e-01,1.977843791246414185e-01,1.280235797166824341e-01,-1.514743361622095108e-02,4.087438806891441345e-02,-1.008906308561563492e-02,-2.217168360948562622e-01,-7.595462258905172348e-03,-3.756745904684066772e-02,-6.925857812166213989e-02,-2.925286591053009033e-01,-2.196093052625656128e-01,-4.584774747490882874e-02,-2.551458030939102173e-02,1.078575551509857178e-01,-3.964764624834060669e-02,-4.151320829987525940e-02
2.619897723197937012e-01,2.494491189718246460e-01,3.445079922676086426e-01,1.892605721950531006e-01,5.207076072692871094e-01,4.007529616355895996e-01,4.423442184925079346e-01,3.316572010517120361e-01,5.494917035102844238e-01,4.519521892070770264e-01,6.019386053085327148e-01,5.933419466018676758e-01,0.000000000000000000e+00,6.025307774543762207e-01,3.524316549301147461e-01,3.577062785625457764e-01,-1.768746227025985718e-01,1.118011698126792908e-01,3.854267895221710205e-01,3.602315187454223633e-01,-4.012951254844665527e-02,-9.238597750663757324e-02,3.479699194431304932e-01,3.449740111827850342e-01,4.155097305774688721e-01,3.869696259498596191e-01,3.453876972198486328e-01,2.490852028131484985e-01,-3.017524071037769318e-02,6.668962538242340088e-02,4.135487079620361328e-01,5.230649709701538086e-01,3.125334680080413818e-01,4.652807414531707764e-01,-1.384720802307128906e-01,-3.191091418266296387e-01,-4.105150401592254639e-01,-2.597479820251464844e-01,-3.887627720832824707e-01,-1.712564378976821899e-01,-2.814038097858428955e-01,-1.413915753364562988e-01,-4.106406569480895996e-01,-4.297000765800476074e-01,-4.105292260646820068e-01,-4.692075550556182861e-01,-3.071798980236053467e-01,-3.841258287429809570e-01,-4.579397141933441162e-01,-3.054089248180389404e-01,-3.926702439785003662e-01,-3.885965347290039062e-01,-1.631755977869033813e-01,-1.467588394880294800e-01,-2.347522974014282227e-01,-4.493412673473358154e-01,-1.081926077604293823e-01,7.177672535181045532e-02,-3.697968721389770508e-01,-1.922523826360702515e-01,-2.199804186820983887e-01,1.082300096750259399e-01,-1.484385281801223755e-01,2.059082090854644775e-01,-1.894945055246353149e-01,-5.852374713867902756e-03,-4.058763682842254639e-01,-4.124727249145507812e-01,-3.936058282852172852e-02,-1.137964874505996704e-01,3.815001249313354492e-01,4.120070040225982666e-01,9.596514701843261719e-02,2.233173847198486328e-01,-1.127299219369888306e-01,-1.023107245564460754e-01,-1.330001801252365112e-01,-3.496265038847923279e-02,-3.762407898902893066e-01,-2.115189470350742340e-02,-4.058028459548950195e-01,-2.181934267282485962e-01,-3.304018080234527588e-01,-3.372408449649810791e-01,-2.571549713611602783e-01,-1.445604413747787476e-01,-1.643722504377365112e-01,-1.776030063629150391e-01,-1.336039900779724121e-01,-1.306622326374053955e-01,-1.378421336412429810e-01,-1.421112269163131714e-01,1.485321968793869019e-01,2.976878285408020020e-01,-1.985657811164855957e-01,-2.018995732069015503e-01,-2.199373692274093628e-01,-2.333181649446487427e-01,-1.349145621061325073e-01,-7.718315720558166504e-02,8.306336402893066406e-02,3.468476831912994385e-01,-1.622389554977416992e-01,1.698004752397537231e-01,-1.204793825745582581e-01,-2.303141504526138306e-01,-8.200915902853012085e-02,-1.300508249551057816e-02,-5.659398809075355530e-02,-2.699824273586273193e-01,-2.770175635814666748e-01,-1.130403354763984680e-01,-9.074311703443527222e-02,7.203018665313720703e-02,-9.273882210254669189e-02,-9.661417454481124878e-02
