0.000000000000000000e+00,5.513612031936645508e-01,4.536991417407989502e-01,2.886121869087219238e-01,-5.499282106757164001e-02,-2.860703766345977783e-01,5.583492517471313477e-01,3.804004490375518799e-01,3.102055490016937256e-01,-2.447303570806980133e-02,5.064368844032287598e-01,2.800624966621398926e-01,5.342769026756286621e-01,2.914169132709503174e-01,-5.597876384854316711e-02,-1.422799229621887207e-01,1.848980188369750977e-01,1.154354438185691833e-01,5.489994287490844727e-01,5.231785178184509277e-01,-3.099813461303710938e-01,-2.897929847240447998e-01,4.067498147487640381e-01,1.490393877029418945e-01,2.207345142960548401e-02,-5.589300394058227539e-02,-2.273170799016952515e-01,-3.954635858535766602e-01,2.524448037147521973e-01,2.095643430948257446e-01,4.419668316841125488e-01,3.466385900974273682e-01,4.565699696540832520e-01,2.382067888975143433e-01,-7.793720066547393799e-02,-3.564323112368583679e-02,-2.775848805904388428e-01,-4.307872056961059570e-01,-4.326751232147216797e-01,-3.885690271854400635e-01,-3.082316815853118896e-01,-4.597758650779724121e-01,-1.516570597887039185e-01,5.907985940575599670e-02,-1.966308802366256714e-01,-1.181555986404418945e-01,2.223494648933410645e-02,-7.635695487260818481e-02,-3.542847931385040283e-02,-3.375455737113952637e-02,-6.168973073363304138e-02,-1.734527200460433960e-02,1.153127029538154602e-01,-1.681136488914489746e-01,-3.796112239360809326e-01,-5.000457763671875000e-01,5.792059302330017090e-01,4.402189850807189941e-01,1.909739822149276733e-01,6.109190639108419418e-03,2.606811225414276123e-01,9.671640396118164062e-02,2.487317770719528198e-01,1.064898222684860229e-01,1.750278025865554810e-01,5.103722587227821350e-02,4.757461138069629669e-03,-6.180347129702568054e-02,3.554934561252593994e-01,3.382468223571777344e-01,3.447376191616058350e-01,4.077136889100074768e-02,2.598676383495330811e-01,4.124129414558410645e-01,-8.801792562007904053e-02,-6.859806925058364868e-02,-3.465583175420761108e-02,-1.184997856616973877e-01,2.278147786855697632e-01,1.461592763662338257e-01,1.449570208787918091e-01,-1.766498684883117676e-01,-2.514708340167999268e-01,-4.359785914421081543e-01,1.897904127836227417e-01,-7.385926321148872375e-03,-2.473800033330917358e-01,-2.806911766529083252e-01,-1.132851168513298035e-01,-3.567917644977569580e-01,-3.075516521930694580e-01,-3.490535914897918701e-01,-1.549681723117828369e-01,-1.123768836259841919e-01,-4.879984259605407715e-01,-4.214993417263031006e-01,-3.302024900913238525e-01,-4.070508480072021484e-01,-4.718391895294189453e-01,-3.852391242980957031e-01,-2.300846762955188751e-02,-1.037498936057090759e-01,-2.541694045066833496e-01,-2.810871899127960205e-01,-1.103750169277191162e-01,-6.395678222179412842e-02,-2.581686712801456451e-02,-1.822235584259033203e-01,-4.910921752452850342e-01,-2.846722602844238281e-01,2.832747809588909149e-02,-1.466600317507982254e-02,-1.433284729719161987e-01,1.237291023135185242e-01,2.098507285118103027e-01,-4.020830094814300537e-01
5.513612031936645508e-01,0.000000000000000000e+00,1.027704849839210510e-01,2.892282307147979736e-01,-8.869341015815734863e-02,-1.209839954972267151e-01,1.720910668373107910e-01,3.168942630290985107e-01,-6.575278472155332565e-03,3.387276455760002136e-02,2.652961611747741699e-01,1.419051140546798706e-01,1.205619350075721741e-01,1.620630323886871338e-01,-3.349363505840301514e-01,-8.755324780941009521e-02,2.038877755403518677e-01,2.272345870733261108e-01,6.514700651168823242e-01,6.549197435379028320e-01,-3.510181307792663574e-01,-2.788077294826507568e-01,2.037488371133804321e-01,8.282040653284639120e-05,-5.371398851275444031e-02,-1.584924757480621338e-01,-1.499975621700286865e-01,-2.343928813934326172e-01,2.283965349197387695e-01,6.574308872222900391e-02,2.741185724735260010e-01,1.454367041587829590e-01,4.105535149574279785e-01,3.569362163543701172e-01,-1.937512010335922241e-01,-7.271097600460052490e-02,-3.654040992259979248e-01,-4.685038626194000244e-01,-4.188543260097503662e-01,-3.935736417770385742e-01,-4.061463177204132080e-01,-4.014046192169189453e-01,-2.589274756610393524e-02,1.347628235816955566e-01,-2.360901534557342529e-01,-6.665575504302978516e-02,-3.881874307990074158e-02,-1.037931218743324280e-01,-9.133421815931797028e-03,4.640749469399452209e-02,-1.081551015377044678e-01,-4.044839367270469666e-02,-5.538144614547491074e-03,4.501428455114364624e-02,-3.203798830509185791e-01,-3.935298919677734375e-01,5.433883070945739746e-01,6.934043169021606445e-01,2.783450186252593994e-01,3.340060710906982422e-01,1.960602402687072754e-01,-2.751176990568637848e-02,1.589227914810180664e-01,1.811401844024658203e-01,-1.201762184500694275e-01,-2.576230764389038086e-01,-1.484708338975906372e-01,-1.038528755307197571e-01,4.391207098960876465e-01,3.846906721591949463e-01,1.988671123981475830e-01,2.742123417556285858e-02,4.120092093944549561e-01,3.834925591945648193e-01,-1.508116722106933594e-01,2.715816907584667206e-02,-7.755032181739807129e-02,3.520715981721878052e-02,1.809221208095550537e-01,1.383607238531112671e-01,2.344936318695545197e-02,-6.333733350038528442e-02,-4.737789332866668701e-01,-3.429907858371734619e-01,-1.727458387613296509e-01,-9.681589901447296143e-02,-4.361176490783691406e-01,-2.789877951145172119e-01,-3.372562527656555176e-01,-4.786286875605583191e-02,-1.430632770061492920e-01,-1.074789613485336304e-01,-6.460683792829513550e-02,-9.404481947422027588e-02,-3.807604908943176270e-01,-4.383998811244964600e-01,-3.587855994701385498e-01,-2.865135371685028076e-01,-1.832483112812042236e-01,-1.434451490640640259e-01,2.845104038715362549e-02,1.280837506055831909e-01,-1.210135817527770996e-01,-9.972104430198669434e-02,-2.693651020526885986e-01,-9.172100573778152466e-02,4.528498277068138123e-02,-1.154519692063331604e-01,-3.769483864307403564e-01,-3.685697615146636963e-01,1.155933737754821777e-02,1.581740975379943848e-01,9.950725734233856201e-02,-1.993440650403499603e-02,9.762830287218093872e-02,-3.776643276214599609e-01
4.536991417407989502e-01,1.027704849839210510e-01,0.000000000000000000e+00,6.190866827964782715e-01,-1.201666742563247681e-01,-1.119059026241302490e-01,7.490375041961669922e-01,2.335168123245239258e-01,2.763936221599578857e-01,3.862166544422507286e-03,3.315708339214324951e-01,3.477655351161956787e-01,5.239422321319580078e-01,2.625131607055664062e-01,3.277752995491027832e-01,8.122090250253677368e-02,8.753467351198196411e-02,-3.709048032760620117e-02,3.189040422439575195e-01,3.130788505077362061e-01,2.547912672162055969e-02,1.127385348081588745e-01,5.528393983840942383e-01,6.931207776069641113e-01,1.798112541437149048e-01,1.483245640993118286e-01,1.204761415719985962e-01,5.454013124108314514e-02,1.634505987167358398e-01,2.210237234830856323e-01,5.381146073341369629e-01,5.513659715652465820e-01,2.669953405857086182e-01,8.935049176216125488e-02,1.813920885324478149e-01,-3.250833973288536072e-02,7.851988077163696289e-02,2.972628176212310791e-02,-7.612689584493637085e-02,-2.920977957546710968e-02,8.733598887920379639e-02,-9.837543964385986328e-02,-3.167612552642822266e-01,-1.322998255491256714e-01,-3.118306100368499756e-01,-4.254879355430603027e-01,-1.798188984394073486e-01,-3.057894706726074219e-01,-3.914490938186645508e-01,-4.868338704109191895e-01,-3.714966177940368652e-01,-4.264191091060638428e-01,-2.706214189529418945e-01,-6.029777526855468750e-01,-6.293962895870208740e-02,-2.148883044719696045e-01,1.011645644903182983e-01,2.725571021437644958e-02,-2.073744982481002808e-01,-3.141789436340332031e-01,-6.786193698644638062e-02,1.302087754011154175e-01,9.700061380863189697e-02,-2.941505238413810730e-02,4.082167744636535645e-01,2.189657837152481079e-01,2.735611200332641602e-01,9.342198073863983154e-02,4.067970067262649536e-02,1.200462579727172852e-01,4.176982641220092773e-01,2.516246140003204346e-01,6.703696399927139282e-02,2.508805096149444580e-01,5.957283824682235718e-02,1.823236234486103058e-02,3.152737617492675781e-01,1.480776369571685791e-01,3.572570532560348511e-02,1.947789192199707031e-01,1.545030474662780762e-01,-5.965629220008850098e-02,4.585497826337814331e-02,-1.104081124067306519e-01,2.975656390190124512e-01,-1.447350084781646729e-01,1.331366300582885742e-01,2.634629234671592712e-02,1.120559275150299072e-01,-3.412279486656188965e-01,-2.649002969264984131e-01,-3.024896681308746338e-01,-4.438616633415222168e-01,-4.163382053375244141e-01,-2.663289755582809448e-02,-5.589735228568315506e-03,-1.093645244836807251e-01,-1.332782953977584839e-01,-1.314441561698913574e-01,-1.702777692116796970e-03,3.828420042991638184e-01,-5.710009932518005371e-01,2.382827103137969971e-01,2.580592036247253418e-01,2.259651720523834229e-01,1.446060985326766968e-01,-1.330033410340547562e-02,-2.999490313231945038e-02,-3.964354842901229858e-02,2.042136490345001221e-01,4.609311744570732117e-02,-1.355981230735778809e-01,-5.360628366470336914e-01,1.574704945087432861e-01,-4.100785776972770691e-02,7.920744270086288452e-02
2.886121869087219238e-01,2.892282307147979736e-01,6.190866827964782715e-01,0.000000000000000000e+00,-2.328998297452926636e-01,-7.197558134794235229e-02,5.232391953468322754e-01,3.702743649482727051e-01,4.793995246291160583e-02,1.129383966326713562e-01,1.055639088153839111e-01,2.357915490865707397e-01,2.518307268619537354e-01,2.797383666038513184e-01,1.325296014547348022e-01,2.626143693923950195e-01,5.128888785839080811e-02,-6.233517825603485107e-02,4.651533961296081543e-01,4.951686859130859375e-01,-3.989275172352790833e-02,1.645630896091461182e-01,5.514003038406372070e-01,7.282906770706176758e-01,-3.125435486435890198e-02,-1.034595593810081482e-01,7.093975692987442017e-02,1.478588134050369263e-01,1.253347694873809814e-01,5.773802101612091064e-02,4.487707018852233887e-01,4.619680941104888916e-01,2.441816031932830811e-01,2.045479118824005127e-01,1.390397101640701294e-01,-7.937058806419372559e-02,-6.144369393587112427e-02,-2.105954848229885101e-02,-8.782492578029632568e-02,3.261705115437507629e-02,-1.297767157666385174e-03,-5.171805247664451599e-02,-3.391252756118774414e-01,-1.856910437345504761e-01,-3.906085193157196045e-01,-4.164504110813140869e-01,-3.766631186008453369e-01,-3.998866379261016846e-01,-4.133336246013641357e-01,-4.763559401035308838e-01,-4.778888523578643799e-01,-4.604722857475280762e-01,-4.625933170318603516e-01,-4.616785645484924316e-01,-1.735548377037048340e-01,-1.804400384426116943e-01,8.613424003124237061e-02,1.848301887512207031e-01,-1.588876992464065552e-01,-1.339327841997146606e-01,-1.526293009519577026e-01,1.622117757797241211e-01,-6.490268558263778687e-02,4.758420959115028381e-02,3.028118312358856201e-01,1.519147902727127075e-01,2.503557205200195312e-01,1.358841061592102051e-01,1.369212567806243896e-01,1.559408456087112427e-01,3.070666790008544922e-01,2.568575441837310791e-01,1.976418197154998779e-01,1.512601077556610107e-01,6.689918693155050278e-03,1.201990842819213867e-01,2.005986422300338745e-01,2.363279163837432861e-01,-8.556120842695236206e-02,2.728296220302581787e-01,1.162242959253489971e-03,-2.933511510491371155e-02,-1.323620826005935669e-01,9.093633294105529785e-02,-9.881256148219108582e-03,-7.444367557764053345e-02,4.090582020580768585e-03,1.798783242702484131e-01,-5.980526655912399292e-02,8.457588264718651772e-04,-3.099798560142517090e-01,-1.420696228742599487e-01,-4.348016381263732910e-01,-3.873614370822906494e-01,3.348252549767494202e-02,-1.118277162313461304e-01,-2.084452658891677856e-01,-1.179345473647117615e-01,-7.806232571601867676e-02,9.023822844028472900e-02,2.561741471290588379e-01,-3.760663866996765137e-01,1.973361521959304810e-01,3.093582093715667725e-01,4.016346484422683716e-02,1.692778170108795166e-01,-1.382634602487087250e-02,1.061444263905286789e-02,2.618555165827274323e-02,7.094466686248779297e-02,-8.027414977550506592e-02,-1.165333166718482971e-01,-4.234699010848999023e-01,4.280575364828109741e-02,-6.636740267276763916e-02,6.395566463470458984e-02
-5.499282106757164001e-02,-8.869341015815734863e-02,-1.201666742563247681e-01,-2.328998297452926636e-01,0.000000000000000000e+00,2.567599117755889893e-01,-1.691016852855682373e-01,-2.816422581672668457e-01,1.769103258848190308e-01,1.098030358552932739e-01,-1.054706946015357971e-01,-1.015746127814054489e-02,-1.780239492654800415e-01,-1.148337572813034058e-01,1.548560112714767456e-01,1.042538136243820190e-01,8.609236031770706177e-02,1.205374822020530701e-01,-6.652795523405075073e-02,-7.784695923328399658e-02,-2.163302339613437653e-02,1.532071735709905624e-02,-1.223211437463760376e-01,-2.386855483055114746e-01,2.300798594951629639e-01,2.393714338541030884e-01,3.236802294850349426e-02,2.861084416508674622e-02,-3.737224265933036804e-02,6.500548869371414185e-02,-2.052877247333526611e-01,-1.774456351995468140e-01,-1.860544830560684204e-01,-1.182844713330268860e-01,-8.273604512214660645e-02,1.048106513917446136e-02,1.170502901077270508e-01,1.349310278892517090e-01,2.377657145261764526e-01,1.575091630220413208e-01,2.127470374107360840e-01,1.851882785558700562e-01,-1.556989252567291260e-01,-1.430923938751220703e-01,-9.456289559602737427e-02,-7.279674708843231201e-02,-7.232775539159774780e-02,-3.239715099334716797e-02,-3.303584828972816467e-02,-5.988588673062622547e-04,-8.349633216857910156e-02,-8.035238087177276611e-02,-7.474174350500106812e-02,1.827428787946701050e-01,1.071481034159660339e-01,-1.154984231106936932e-03,2.437990158796310425e-02,-1.301832199096679688e-01,-1.485980898141860962e-01,-1.694875061511993408e-01,-1.280620396137237549e-01,-2.176872491836547852e-01,6.935795396566390991e-02,-8.933288045227527618e-03,-1.811047494411468506e-01,-2.588840723037719727e-01,-2.610039412975311279e-01,-1.926997303962707520e-01,-8.155121468007564545e-03,-7.370981574058532715e-02,1.191378291696310043e-02,3.686004504561424255e-02,-6.825546175241470337e-02,2.464115805923938751e-02,2.357746511697769165e-01,3.489873185753822327e-02,-6.651508808135986328e-02,-9.764774143695831299e-02,1.224687248468399048e-01,-4.612942785024642944e-02,3.035691976547241211e-01,1.394915580749511719e-01,3.042937517166137695e-01,1.727825254201889038e-01,1.342293769121170044e-01,-3.784995526075363159e-02,2.840694189071655273e-01,1.438284218311309814e-01,2.114350199699401855e-01,9.388851001858711243e-03,8.093535900115966797e-02,-5.327013880014419556e-02,-2.619752660393714905e-02,-6.214211508631706238e-02,1.171265244483947754e-01,2.018646746873855591e-01,2.194919586181640625e-01,2.006507366895675659e-01,3.824560344219207764e-02,-2.067514508962631226e-02,-1.575160585343837738e-02,-2.730105258524417877e-02,5.001396313309669495e-02,-2.794783562421798706e-02,8.583258092403411865e-02,-6.914063123986124992e-04,-4.607495665550231934e-02,-7.836056873202323914e-03,1.145843714475631714e-01,5.644225329160690308e-02,1.357646882534027100e-01,8.458040654659271240e-02,1.544983964413404465e-02,5.003548413515090942e-02,8.261407166719436646e-02,4.162754118442535400e-02
-2.860703766345977783e-01,-1.209839954972267151e-01,-1.119059026241302490e-01,-7.197558134794235229e-02,2.567599117755889893e-01,0.000000000000000000e+00,-1.766272187232971191e-01,-2.112804502248764038e-01,6.598825752735137939e-02,1.937810182571411133e-01,-1.378595381975173950e-01,-2.137678209692239761e-03,-1.782947778701782227e-01,-2.683006823062896729e-01,3.337658196687698364e-02,5.662573501467704773e-03,2.344639413058757782e-02,2.901583164930343628e-02,-1.304792761802673340e-01,-9.545306116342544556e-02,1.163126975297927856e-01,2.937532961368560791e-01,-6.737155467271804810e-02,1.898568682372570038e-02,2.290701866149902344e-01,4.619497358798980713e-01,1.863914281129837036e-01,3.635255396366119385e-01,8.380765095353126526e-03,-2.486457861959934235e-02,6.142098456621170044e-02,4.441735893487930298e-02,-1.270236968994140625e-01,-1.667474955320358276e-02,-4.138026759028434753e-02,-5.395969375967979431e-02,1.175068169832229614e-01,1.828083395957946777e-01,1.671557128429412842e-01,9.395782649517059326e-02,1.561694126576185226e-02,1.708886474370956421e-01,-2.666060030460357666e-01,-2.306018918752670288e-01,-1.786966621875762939e-01,-1.501914262771606445e-01,-3.169713616371154785e-01,-2.213358730077743530e-01,-1.837346851825714111e-01,-1.453221291303634644e-01,-1.333297342061996460e-01,-1.023023352026939392e-01,-2.102712243795394897e-01,6.935655325651168823e-02,4.421392828226089478e-02,1.559325903654098511e-01,-1.770157366991043091e-01,-7.966004312038421631e-02,-1.418114453554153442e-01,-9.386616945266723633e-02,-9.609980881214141846e-02,-1.105836778879165649e-02,3.646283596754074097e-02,9.323060512542724609e-02,-6.918755173683166504e-02,-5.729045718908309937e-02,-1.043416857719421387e-01,-1.282974481582641602e-01,-6.606359034776687622e-02,-3.113001212477684021e-02,-6.443718075752258301e-02,8.830939233303070068e-02,-4.815042018890380859e-02,-1.632293313741683960e-01,-8.064714074134826660e-02,-4.115955531597137451e-02,4.773514345288276672e-02,9.217515587806701660e-02,-5.274790897965431213e-02,1.182648390531539917e-01,-3.553895279765129089e-02,1.014734506607055664e-01,3.508738800883293152e-02,2.072391957044601440e-01,-2.640270292758941650e-01,-1.596762239933013916e-02,-8.693735301494598389e-02,1.146306097507476807e-01,-2.430762350559234619e-01,2.284369021654129028e-01,2.236852794885635376e-01,2.590689957141876221e-01,-2.198256552219390869e-02,7.120461761951446533e-02,2.219822257757186890e-01,1.642294228076934814e-01,2.889022417366504669e-02,2.634681165218353271e-01,2.926731705665588379e-01,2.803106307983398438e-01,1.830486357212066650e-01,2.907842211425304413e-02,2.632431387901306152e-01,3.486824631690979004e-01,-2.441718615591526031e-02,-1.758537255227565765e-02,1.045953780412673950e-01,1.448492854833602905e-01,1.910331100225448608e-01,1.829516291618347168e-01,-8.014456927776336670e-02,3.869547322392463684e-02,-6.516025960445404053e-02,-9.213291108608245850e-02,-2.551199793815612793e-01,2.037638425827026367e-01
5.583492517471313477e-01,1.720910668373107910e-01,7.490375041961669922e-01,5.232391953468322754e-01,-1.691016852855682373e-01,-1.766272187232971191e-01,0.000000000000000000e+00,4.560935199260711670e-01,2.585617899894714355e-01,-7.040596008300781250e-02,4.454830288887023926e-01,3.085550963878631592e-01,6.048575639724731445e-01,3.599261939525604248e-01,1.779033839702606201e-01,-4.441486671566963196e-02,1.024528592824935913e-01,-2.152430359274148941e-03,4.260270297527313232e-01,4.025632143020629883e-01,-9.580253064632415771e-02,1.285331137478351593e-02,5.009974241256713867e-01,5.186763405799865723e-01,2.041590400040149689e-02,5.656791105866432190e-02,-3.305436670780181885e-02,-9.275025129318237305e-02,2.727173864841461182e-01,2.775064110755920410e-01,6.007309556007385254e-01,5.550699830055236816e-01,4.142835140228271484e-01,2.322404980659484863e-01,4.416970163583755493e-02,2.598835900425910950e-02,-8.597487211227416992e-02,-1.405806541442871094e-01,-1.674276739358901978e-01,-1.122669130563735962e-01,-4.000172764062881470e-02,-1.984533071517944336e-01,-3.351445794105529785e-01,-1.356730610132217407e-01,-2.756368815898895264e-01,-3.329032361507415771e-01,-1.744614988565444946e-01,-3.163963556289672852e-01,-2.972275614738464355e-01,-3.756207227706909180e-01,-3.123988211154937744e-01,-3.078384101390838623e-01,-2.024727016687393188e-01,-5.263352990150451660e-01,-1.630301028490066528e-01,-3.503955304622650146e-01,1.748923957347869873e-01,1.065998300909996033e-01,-5.841150879859924316e-02,-1.891490370035171509e-01,8.654149621725082397e-02,1.973585933446884155e-01,1.442689597606658936e-01,6.210374087095260620e-02,3.201855421066284180e-01,2.423416078090667725e-01,2.940185368061065674e-01,1.696207374334335327e-01,1.431193202733993530e-01,2.604257464408874512e-01,4.245081841945648193e-01,2.300643175840377808e-01,1.478785425424575806e-01,2.962929010391235352e-01,4.240013659000396729e-02,3.792793676257133484e-02,1.839209198951721191e-01,9.420072287321090698e-02,7.469023019075393677e-02,2.054286599159240723e-01,1.685328334569931030e-01,-5.798717588186264038e-02,-6.651548296213150024e-02,-1.969166398048400879e-01,2.361342161893844604e-01,-9.905081987380981445e-02,1.671672984957695007e-02,-3.070913441479206085e-02,8.314072340726852417e-02,-3.517670929431915283e-01,-3.541930317878723145e-01,-3.548722267150878906e-01,-3.707018196582794189e-01,-3.685902059078216553e-01,-1.647416502237319946e-01,-1.339401602745056152e-01,-1.617410182952880859e-01,-2.307081669569015503e-01,-2.589048147201538086e-01,-1.836237460374832153e-01,2.234651446342468262e-01,-4.655903875827789307e-01,7.092536240816116333e-02,4.651830717921257019e-02,1.502585560083389282e-01,7.795286923646926880e-02,-5.641152337193489075e-02,-4.050468280911445618e-02,-1.702753752470016479e-01,7.583153247833251953e-02,3.279964998364448547e-02,-1.471716165542602539e-01,-4.734601676464080811e-01,1.355261802673339844e-01,7.042433321475982666e-02,-5.935306847095489502e-02
3.804004490375518799e-01,3.168942630290985107e-01,2.335168123245239258e-01,3.702743649482727051e-01,-2.816422581672668457e-01,-2.112804502248764038e-01,4.560935199260711670e-01,0.000000000000000000e+00,-1.547147240489721298e-02,-5.660764127969741821e-02,2.814895510673522949e-01,1.473744064569473267e-01,2.537702322006225586e-01,4.760249257087707520e-01,-3.406915068626403809e-01,-9.520056843757629395e-02,5.495966412127017975e-03,-4.579547047615051270e-02,4.375186562538146973e-01,4.860728085041046143e-01,-2.923805415630340576e-01,-1.889342963695526123e-01,2.436523288488388062e-01,1.626390218734741211e-01,-2.718141376972198486e-01,-1.659501940011978149e-01,-2.814775109291076660e-01,-2.820312380790710449e-01,2.293708622455596924e-01,8.439021557569503784e-02,4.129018187522888184e-01,3.256202042102813721e-01,5.267589092254638672e-01,4.599785804748535156e-01,-1.145934015512466431e-01,9.615922719240188599e-02,-3.393828868865966797e-01,-3.765993714332580566e-01,-3.313224911689758301e-01,-2.700718343257904053e-01,-3.341253995895385742e-01,-4.057939946651458740e-01,-1.857295483350753784e-01,-4.871908575296401978e-02,-5.350004881620407104e-02,7.031014561653137207e-02,-6.416840106248855591e-02,-1.906310766935348511e-01,8.171258121728897095e-02,2.008825074881315231e-03,-4.900769144296646118e-02,-9.910050779581069946e-03,2.780495584011077881e-02,-2.515064477920532227e-01,-2.957186102867126465e-01,-4.308705627918243408e-01,1.983228921890258789e-01,2.210323512554168701e-01,2.526120841503143311e-01,1.983350813388824463e-01,1.693068593740463257e-01,3.499005436897277832e-01,3.057277388870716095e-02,2.688573896884918213e-01,4.077389463782310486e-02,1.916985064744949341e-01,2.172845155000686646e-01,3.116688132286071777e-01,2.556026577949523926e-01,2.972531318664550781e-01,2.492106854915618896e-01,9.966760128736495972e-02,2.198385447263717651e-01,1.999977529048919678e-01,-2.135214209556579590e-01,-5.282176658511161804e-03,-1.101368069648742676e-01,-2.078401856124401093e-03,4.550808295607566833e-02,1.334886699914932251e-01,-2.151023596525192261e-02,-1.115177795290946960e-01,-3.964393138885498047e-01,-2.677315771579742432e-01,-7.444970309734344482e-02,-9.993727505207061768e-02,-3.014843165874481201e-01,-2.001819461584091187e-01,-2.227715849876403809e-01,-2.714816629886627197e-01,-2.298280000686645508e-01,-1.949996203184127808e-01,9.566891007125377655e-03,-1.323981434106826782e-01,-3.579227030277252197e-01,-3.565691113471984863e-01,-3.578273952007293701e-01,-4.124035835266113281e-01,-3.281543254852294922e-01,-2.995557487010955811e-01,-7.817742228507995605e-02,-4.274243488907814026e-02,-2.329511493444442749e-01,-2.001783549785614014e-01,-3.607396036386489868e-02,-1.438933145254850388e-02,2.675553411245346069e-02,-1.047391816973686218e-01,-3.193393647670745850e-01,-2.906419336795806885e-01,-1.250855177640914917e-01,-1.450709700584411621e-01,-1.873647272586822510e-01,-8.662883192300796509e-02,1.219413504004478455e-01,-2.617835998535156250e-01
3.102055490016937256e-01,-6.575278472155332565e-03,2.763936221599578857e-01,4.793995246291160583e-02,1.769103258848190308e-01,6.598825752735137939e-02,2.585617899894714355e-01,-1.547147240489721298e-02,0.000000000000000000e+00,4.637606069445610046e-02,3.296430408954620361e-01,3.739414215087890625e-01,5.296777486801147461e-01,1.436168849468231201e-01,3.061631917953491211e-01,-1.046990603208541870e-01,1.859625726938247681e-01,6.216688081622123718e-02,4.411240667104721069e-02,5.341404676437377930e-02,-7.892722636461257935e-02,-1.278180927038192749e-01,3.562565743923187256e-01,1.837424784898757935e-01,2.859859168529510498e-01,3.755958378314971924e-01,6.565555930137634277e-02,-9.881808608770370483e-02,1.402373909950256348e-01,2.406495362520217896e-01,3.113934099674224854e-01,3.557325005531311035e-01,1.450558453798294067e-01,2.105787396430969238e-02,1.793952845036983490e-02,-2.195331454277038574e-01,1.787123829126358032e-01,-1.909135580062866211e-01,-2.846989631652832031e-01,-3.281486034393310547e-01,-1.739055216312408447e-01,-2.111306488513946533e-01,-1.027676835656166077e-01,3.840435529127717018e-03,-2.487490326166152954e-01,-1.956828385591506958e-01,-1.446113884449005127e-01,-1.364092435687780380e-02,-2.473083585500717163e-01,-1.882872283458709717e-01,-7.626330852508544922e-02,-8.053177595138549805e-02,1.397618837654590607e-02,4.679372534155845642e-02,-3.419224321842193604e-01,-2.546064853668212891e-01,2.314500361680984497e-01,6.103699281811714172e-02,-1.091972142457962036e-01,-3.069060146808624268e-01,2.568162977695465088e-01,1.239534765481948853e-01,2.468046098947525024e-01,-2.904472500085830688e-02,3.941400647163391113e-01,1.647561341524124146e-01,-5.114662647247314453e-02,-2.576448023319244385e-01,7.345088571310043335e-02,1.233903020620346069e-01,1.973629593849182129e-01,1.996937245130538940e-01,-1.947976765222847462e-03,1.400195509195327759e-01,-1.841571927070617676e-01,-1.622307151556015015e-01,3.398326411843299866e-02,-2.021000087261199951e-01,2.012149095535278320e-01,2.471317797899246216e-01,2.566180229187011719e-01,-5.285470932722091675e-02,9.064090251922607422e-02,-2.994570434093475342e-01,3.340833783149719238e-01,3.148576915264129639e-01,-7.315251976251602173e-02,-1.859698742628097534e-01,-3.912642598152160645e-02,-1.004434153437614441e-01,-1.755744814872741699e-01,-2.110597640275955200e-01,-1.014105528593063354e-01,-2.595982514321804047e-02,-2.998774647712707520e-01,-1.898125708103179932e-01,-1.216137781739234924e-01,-8.370023965835571289e-02,-3.912598788738250732e-01,-2.444583922624588013e-01,-5.226738005876541138e-02,-6.256719678640365601e-02,-1.720401644706726074e-01,-2.141773998737335205e-01,-1.752183139324188232e-01,-1.294085532426834106e-01,-2.925946563482284546e-02,-1.736083328723907471e-01,-3.800652623176574707e-01,1.721974276006221771e-02,1.214917935431003571e-02,4.265573807060718536e-03,-1.402117460966110229e-01,1.628978848457336426e-01,8.985412120819091797e-02,-2.679030299186706543e-01
-2.447303570806980133e-02,3.387276455760002136e-02,3.862166544422507286e-03,1.129383966326713562e-01,1.098030358552932739e-01,1.937810182571411133e-01,-7.040596008300781250e-02,-5.660764127969741821e-02,4.637606069445610046e-02,0.000000000000000000e+00,-1.363828480243682861e-01,-8.523541688919067383e-02,-6.102764606475830078e-02,-6.874401122331619263e-02,7.617380470037460327e-02,6.725752949714660645e-01,-1.716240793466567993e-01,-1.752883940935134888e-01,-1.031913384795188904e-01,-1.129568591713905334e-01,5.877805501222610474e-02,4.822684451937675476e-02,1.043211147189140320e-01,1.505112946033477783e-01,1.139786913990974426e-01,2.814385853707790375e-02,7.986538112163543701e-02,1.740802824497222900e-01,-1.159770414233207703e-01,-7.838030904531478882e-02,-8.293436467647552490e-02,8.849629200994968414e-03,-1.400694847106933594e-01,-1.731587797403335571e-01,8.580318838357925415e-02,-9.272526949644088745e-02,1.885406672954559326e-01,1.360601633787155151e-01,1.476902812719345093e-01,-5.861245468258857727e-02,4.155061393976211548e-02,-3.107200004160404205e-02,-1.156560853123664856e-01,-2.019527852535247803e-01,-2.314512059092521667e-02,-1.042025312781333923e-01,-1.541870683431625366e-01,-1.362497061491012573e-01,-3.881976753473281860e-02,-8.342149853706359863e-02,1.103615295141935349e-02,-5.654112249612808228e-02,3.446015994995832443e-03,-1.176663264632225037e-01,3.178405389189720154e-02,-8.153600245714187622e-02,-1.096200048923492432e-01,-1.405753493309020996e-01,-2.002194374799728394e-01,-1.788154840469360352e-01,-7.455866783857345581e-02,1.087766662240028381e-01,-1.579222679138183594e-01,-1.330652534961700439e-01,2.231492400169372559e-01,1.663693785667419434e-01,4.048827104270458221e-03,-1.006066873669624329e-01,-9.530424326658248901e-02,-1.576354503631591797e-01,-5.229804664850234985e-02,-5.821217969059944153e-02,-6.986603140830993652e-02,-1.079811006784439087e-01,-1.736166626214981079e-01,-1.616171002388000488e-01,2.356787212193012238e-02,5.196340009570121765e-02,-1.366347968578338623e-01,-1.479858756065368652e-01,-1.996916085481643677e-01,-7.361668348312377930e-02,3.100564517080783844e-02,1.052677854895591736e-01,-3.434669598937034607e-02,-1.297674328088760376e-01,-4.545802250504493713e-02,-7.093660533428192139e-02,-1.994623243808746338e-01,-9.920630604028701782e-02,9.939277172088623047e-02,2.092257887125015259e-01,2.092327922582626343e-02,1.949924677610397339e-01,7.328903675079345703e-02,1.258503347635269165e-01,2.152241952717304230e-02,4.975228384137153625e-02,6.664126366376876831e-02,1.613584160804748535e-01,2.500667981803417206e-02,5.643230304121971130e-02,2.735955454409122467e-02,6.750411540269851685e-02,-1.356324404478073120e-01,-4.117717593908309937e-02,-9.053185582160949707e-03,2.057903259992599487e-01,1.773620769381523132e-02,1.028093770146369934e-01,-8.632422983646392822e-02,-1.623073220252990723e-01,-2.754459157586097717e-02,2.076351083815097809e-02,-6.691840291023254395e-02,-1.538227219134569168e-02
5.064368844032287598e-01,2.652961611747741699e-01,3.315708339214324951e-01,1.055639088153839111e-01,-1.054706946015357971e-01,-1.378595381975173950e-01,4.454830288887023926e-01,2.814895510673522949e-01,3.296430408954620361e-01,-1.363828480243682861e-01,0.000000000000000000e+00,4.368532598018646240e-01,5.620381236076354980e-01,3.289957344532012939e-01,2.645688690245151520e-02,-2.672708332538604736e-01,3.802307546138763428e-01,3.612758517265319824e-01,3.065745234489440918e-01,3.316541016101837158e-01,-9.689707309007644653e-02,-1.699390709400177002e-01,5.372953787446022034e-02,5.039006471633911133e-02,-5.305021628737449646e-02,1.593969911336898804e-01,-6.214769557118415833e-02,-2.403357625007629395e-01,4.734452962875366211e-01,4.748847484588623047e-01,4.098523855209350586e-01,3.096551001071929932e-01,4.736711382865905762e-01,3.243357539176940918e-01,-2.632683813571929932e-01,-3.152931109070777893e-02,-1.704751849174499512e-01,-2.715469896793365479e-01,-3.463581502437591553e-01,-3.462624251842498779e-01,-1.535732597112655640e-01,-2.673690617084503174e-01,-2.418521344661712646e-01,5.051526427268981934e-02,-2.453642636537551880e-01,-1.125737950205802917e-01,-9.685232490301132202e-02,-1.309230774641036987e-01,-1.037239357829093933e-01,-8.516976982355117798e-02,-1.573218852281570435e-01,-1.115235313773155212e-02,1.501015853136777878e-02,-2.354484200477600098e-01,-3.265402615070343018e-01,-3.837310969829559326e-01,3.139225244522094727e-01,2.739196419715881348e-01,2.739741206169128418e-01,1.209221631288528442e-01,3.986538350582122803e-01,3.392564356327056885e-01,5.608582496643066406e-01,3.784603774547576904e-01,-3.466854104772210121e-03,5.220793187618255615e-02,-1.011640354990959167e-01,-2.814387902617454529e-02,2.119655609130859375e-01,2.509737312793731689e-01,1.344125717878341675e-01,3.814248368144035339e-03,2.261676341295242310e-01,3.781460523605346680e-01,-1.762421987950801849e-02,-5.340512096881866455e-02,-2.636713348329067230e-02,-1.008284613490104675e-01,1.639160513877868652e-01,1.436351686716079712e-01,3.002364635467529297e-01,9.555846452713012695e-02,-7.912445813417434692e-02,-3.496743142604827881e-01,1.639241874217987061e-01,1.069678887724876404e-01,-2.325272560119628906e-01,-2.138094455003738403e-01,-1.128106787800788879e-01,-2.832700014114379883e-01,-3.133283853530883789e-01,-3.690102100372314453e-01,-2.163588255643844604e-01,-2.157980203628540039e-01,-3.176088035106658936e-01,-2.598648071289062500e-01,-2.952107489109039307e-01,-1.841319501399993896e-01,-3.534764051437377930e-01,-2.438286989927291870e-01,1.414922326803207397e-01,-2.546665668487548828e-01,-1.047210544347763062e-01,-1.344386041164398193e-01,-6.211208645254373550e-03,-4.844628646969795227e-02,1.463709473609924316e-01,-1.018536314368247986e-01,-4.000342488288879395e-01,-5.283042788505554199e-02,-2.293768711388111115e-02,-5.510859563946723938e-02,-2.740565836429595947e-01,3.239201381802558899e-02,-3.506899997591972351e-02,-2.580313682556152344e-01
2.800624966621398926e-01,1.419051140546798706e-01,3.477655351161956787e-01,2.357915490865707397e-01,-1.015746127814054489e-02,-2.137678209692239761e-03,3.085550963878631592e-01,1.473744064569473267e-01,3.739414215087890625e-01,-8.523541688919067383e-02,4.368532598018646240e-01,0.000000000000000000e+00,4.494203329086303711e-01,4.334408044815063477e-01,2.391234636306762695e-01,-7.907183468341827393e-02,8.646056801080703735e-02,1.852494478225708008e-01,2.167812436819076538e-01,2.671445310115814209e-01,-7.196546345949172974e-02,-8.104606717824935913e-02,2.693120539188385010e-01,2.922653555870056152e-01,1.939534246921539307e-01,2.851580381393432617e-01,1.731924563646316528e-01,1.926404610276222229e-02,2.124513089656829834e-01,4.300005137920379639e-01,3.815115392208099365e-01,4.135298132896423340e-01,2.173069417476654053e-01,2.079435884952545166e-01,-1.196571812033653259e-01,-2.166104018688201904e-01,2.960766293108463287e-02,-1.857842206954956055e-01,-1.953239142894744873e-01,-1.941847950220108032e-01,2.942891791462898254e-02,-8.552883565425872803e-02,-3.063407242298126221e-01,-1.819243878126144409e-01,-4.180944561958312988e-01,-3.112805485725402832e-01,-3.047064244747161865e-01,-3.089488744735717773e-01,-2.760125398635864258e-01,-1.725109964609146118e-01,-1.635963022708892822e-01,-1.065376922488212585e-01,-5.220402032136917114e-02,-2.300882041454315186e-01,-1.298330724239349365e-01,-1.391487568616867065e-01,2.185940556228160858e-02,1.246294006705284119e-01,-9.284808486700057983e-02,-5.150587856769561768e-02,2.506231665611267090e-01,2.664905786514282227e-01,3.570362031459808350e-01,2.722487151622772217e-01,1.650656759738922119e-01,6.872994452714920044e-02,-1.939641982316970825e-01,-1.649675369262695312e-01,1.310270838439464569e-02,1.931613087654113770e-01,3.107804656028747559e-01,2.006751298904418945e-01,2.352655380964279175e-01,4.200399219989776611e-01,-2.199629507958889008e-02,1.059990078210830688e-01,1.035805419087409973e-01,5.360664799809455872e-02,1.156412437558174133e-01,1.869105696678161621e-01,2.258037030696868896e-01,1.217429563403129578e-01,-5.267236381769180298e-03,-1.736496835947036743e-01,1.709166616201400757e-01,1.276546716690063477e-01,-3.527511144056916237e-03,-1.490963548421859741e-01,-2.707712410483509302e-04,-8.308229595422744751e-02,-9.849667549133300781e-02,-1.995136886835098267e-01,-9.450432658195495605e-02,-2.486799806356430054e-01,-1.081158444285392761e-01,-1.797538697719573975e-01,-2.322244793176651001e-01,-7.203854620456695557e-02,-1.812912672758102417e-01,-1.572828590869903564e-01,5.225514620542526245e-02,-1.273598670959472656e-01,2.930098213255405426e-02,2.198915928602218628e-02,-9.809847921133041382e-02,-1.675798892974853516e-01,-1.637494936585426331e-02,-3.733031451702117920e-02,-1.918283551931381226e-01,8.813893049955368042e-02,-1.469331830739974976e-01,-1.186430752277374268e-01,-2.340756207704544067e-01,5.600832030177116394e-02,-1.141782328486442566e-01,-1.245395392179489136e-01
5.342769026756286621e-01,1.205619350075721741e-01,5.239422321319580078e-01,2.518307268619537354e-01,-1.780239492654800415e-01,-1.782947778701782227e-01,6.048575639724731445e-01,2.537702322006225586e-01,5.296777486801147461e-01,-6.102764606475830078e-02,5.620381236076354980e-01,4.494203329086303711e-01,0.000000000000000000e+00,3.478158116340637207e-01,2.963908016681671143e-01,-1.101238951086997986e-01,4.683236405253410339e-02,-6.921692937612533569e-02,2.326640784740447998e-01,1.895227283239364624e-01,-1.737514585256576538e-01,-1.751997023820877075e-01,4.922377765178680420e-01,3.479728698730468750e-01,8.067166060209274292e-02,1.175162270665168762e-01,-1.038512438535690308e-01,-2.208632975816726685e-01,1.945606768131256104e-01,2.744712531566619873e-01,4.580720365047454834e-01,4.824299812316894531e-01,2.589121162891387939e-01,5.812917277216911316e-02,9.276700764894485474e-02,-8.373456448316574097e-02,-7.295154966413974762e-03,-2.309611439704895020e-01,-3.643925487995147705e-01,-2.652386724948883057e-01,-1.292393803596496582e-01,-2.290754765272140503e-01,-2.305378913879394531e-01,-1.436553597450256348e-01,-2.558189630508422852e-01,-2.921028733253479004e-01,-1.877487003803253174e-01,-1.900148987770080566e-01,-2.250154465436935425e-01,-1.745500415563583374e-01,-1.210880354046821594e-01,-4.807663708925247192e-02,3.718618303537368774e-02,-2.388861775398254395e-01,-3.833313584327697754e-01,-3.561566770076751709e-01,1.977972686290740967e-01,1.015779227018356323e-01,-1.156289279460906982e-01,-2.556892335414886475e-01,3.586194217205047607e-01,3.600259125232696533e-01,2.186226248741149902e-01,5.092056002467870712e-03,4.735171198844909668e-01,3.619609773159027100e-01,9.491161257028579712e-02,-1.461254805326461792e-01,3.462842851877212524e-02,2.095042318105697632e-01,3.122925758361816406e-01,1.423441022634506226e-01,1.105289533734321594e-01,2.256818413734436035e-01,-8.477181941270828247e-02,-2.580362744629383087e-02,1.247898638248443604e-01,-3.764726594090461731e-02,9.404250234365463257e-02,2.252561300992965698e-01,1.192487776279449463e-01,-1.958996504545211792e-01,-3.602970391511917114e-02,-3.240731656551361084e-01,3.107462525367736816e-01,1.911046504974365234e-01,-9.960707277059555054e-02,-1.810814142227172852e-01,-2.711495850235223770e-03,-2.776222229003906250e-01,-3.202225863933563232e-01,-2.137021422386169434e-01,-2.348515987396240234e-01,-1.165535598993301392e-01,-3.358120024204254150e-01,-3.287671506404876709e-01,-2.842426896095275879e-01,-2.174995839595794678e-01,-4.699676036834716797e-01,-2.812521159648895264e-01,-5.760348960757255554e-02,-1.975768655538558960e-01,-2.535358965396881104e-01,-2.682396769523620605e-01,-1.504948139190673828e-01,-1.005094945430755615e-01,-1.124328523874282837e-01,-1.278462409973144531e-01,-3.762522637844085693e-01,-1.848428137600421906e-02,-1.685321517288684845e-02,-8.632263541221618652e-02,-2.117138653993606567e-01,2.126878947019577026e-01,9.378016740083694458e-02,-2.603509128093719482e-01
