0.000000000000000000e+00,3.814735710620880127e-01,3.375551402568817139e-01,4.234066903591156006e-01,1.197894364595413208e-01,-9.037590771913528442e-02,6.515201330184936523e-01,2.273614704608917236e-01,2.444890886545181274e-01,-1.576698943972587585e-02,6.324076056480407715e-01,3.259137570858001709e-01,6.314253211021423340e-01,3.144132792949676514e-01,-9.673089534044265747e-02,1.105376109480857849e-01,3.608548641204833984e-01,2.588506974279880524e-02,5.894563198089599609e-01,6.008119583129882812e-01,-3.503950834274291992e-01,-2.108436077833175659e-01,1.858685314655303955e-01,2.824680209159851074e-01,-3.129512667655944824e-01,-2.927502691745758057e-01,7.120872288942337036e-02,1.879545003175735474e-01,4.949363470077514648e-01,1.381798237562179565e-01,2.936879992485046387e-01,1.127123162150382996e-01,2.865418195724487305e-01,3.447952568531036377e-01,-1.083535030484199524e-01,-4.806986451148986816e-01,-4.611548781394958496e-01,-6.100472211837768555e-01,-1.549759060144424438e-01,-3.539990484714508057e-01,-3.598100841045379639e-01,-3.305548727512359619e-01,-2.945128679275512695e-01,2.756477892398834229e-02,2.117741703987121582e-01,3.852810561656951904e-01,-2.807189822196960449e-01,-4.265932142734527588e-01,5.077499747276306152e-01,3.050454556941986084e-01,5.599789619445800781e-01,2.856581807136535645e-01,-2.738759815692901611e-01,1.191072985529899597e-01,-3.129310607910156250e-01,-2.216963171958923340e-01,7.685479521751403809e-01,2.255367636680603027e-01,4.614059031009674072e-01,2.729714848101139069e-02,5.795530080795288086e-01,1.316675394773483276e-01,6.462514996528625488e-01,3.864547610282897949e-01,1.737667769193649292e-01,-6.151842698454856873e-02,1.154772099107503891e-02,-1.538485437631607056e-01,-2.144809365272521973e-01,-1.227290332317352295e-01,3.289565443992614746e-01,3.812242150306701660e-01,5.831020474433898926e-01,3.911129832267761230e-01,3.006502091884613037e-01,3.208377957344055176e-01,-7.719723880290985107e-02,-1.010640859603881836e-01,2.158992737531661987e-01,1.614580303430557251e-01,2.416956424713134766e-01,5.315501242876052856e-02,-2.943435013294219971e-01,-2.187139242887496948e-01,3.806512951850891113e-01,3.544755578041076660e-01,-1.150963976979255676e-01,4.041950777173042297e-02,-4.520349800586700439e-01,1.903648860752582550e-02,-5.365967154502868652e-01,-3.740556836128234863e-01,-2.929262816905975342e-01,-2.418191283941268921e-01,2.402216345071792603e-01,7.797315716743469238e-02,-7.117222249507904053e-02,1.873451918363571167e-01,-6.717336364090442657e-03,-4.520479738712310791e-01,-8.621554076671600342e-02,4.802538082003593445e-02,-1.819393932819366455e-01,1.168151795864105225e-01,-1.942590773105621338e-01,-2.042858302593231201e-01,-2.046505361795425415e-01,-1.033661738038063049e-01,-2.075007259845733643e-01,3.297789990901947021e-01,-4.887646734714508057e-01,-1.772394925355911255e-01,-2.287618517875671387e-01,3.563319100067019463e-03,1.715287566184997559e-01,1.395436525344848633e-01
3.814735710620880127e-01,0.000000000000000000e+00,2.732713520526885986e-01,5.853363871574401855e-01,-1.837106794118881226e-01,-2.585825026035308838e-01,4.076564311981201172e-01,5.503405332565307617e-01,-1.260902583599090576e-01,-2.638286650180816650e-01,2.836220264434814453e-01,4.597853720188140869e-01,2.009738683700561523e-01,4.074105620384216309e-01,-2.617468535900115967e-01,-2.075129747390747070e-01,2.075045406818389893e-01,3.720724284648895264e-01,4.517493247985839844e-01,5.308582186698913574e-01,-3.343425393104553223e-01,-3.328114449977874756e-01,2.192219495773315430e-01,2.242168635129928589e-01,1.273218449205160141e-02,-8.522775024175643921e-02,-2.494919747114181519e-01,-1.928570717573165894e-01,3.921373188495635986e-01,3.743718266487121582e-01,4.002435505390167236e-01,4.279492199420928955e-01,3.939202129840850830e-01,4.363741874694824219e-01,7.509834319353103638e-02,-3.993476033210754395e-01,-5.283446907997131348e-01,-4.413575232028961182e-01,-1.468898206949234009e-01,-3.224779665470123291e-01,-3.674109578132629395e-01,-2.797822058200836182e-01,-1.854388415813446045e-01,2.168741971254348755e-01,2.488742023706436157e-01,4.218772053718566895e-01,-3.140289485454559326e-01,-3.384517729282379150e-01,1.604549437761306763e-01,3.059719800949096680e-01,1.437503546476364136e-01,2.592577338218688965e-01,-2.362106293439865112e-01,3.986594453454017639e-02,-4.459041953086853027e-01,-3.583680391311645508e-01,4.345442950725555420e-01,7.740460634231567383e-01,4.134427383542060852e-02,-5.442592129111289978e-02,2.501278519630432129e-01,3.295538425445556641e-01,1.853960007429122925e-01,4.601559042930603027e-01,1.654631942510604858e-01,2.404680550098419189e-01,-4.121738299727439880e-02,-2.825280278921127319e-02,-1.554877012968063354e-01,1.877979724667966366e-03,3.404735624790191650e-01,4.511004984378814697e-01,4.431172013282775879e-01,5.804811716079711914e-01,2.940287590026855469e-01,2.696899771690368652e-01,1.028446778655052185e-01,1.715506911277770996e-01,3.054616749286651611e-01,3.588262796401977539e-01,1.118737310171127319e-01,4.068213105201721191e-01,-3.704337775707244873e-01,-1.872307211160659790e-01,-6.240015476942062378e-02,1.133605241775512695e-01,-1.963688284158706665e-01,-1.590950489044189453e-01,-2.157960385084152222e-01,-2.935751080513000488e-01,-4.084067642688751221e-01,-2.189881950616836548e-01,-2.521739006042480469e-01,-3.002310097217559814e-01,2.688339538872241974e-02,8.305908739566802979e-02,-8.896641433238983154e-03,1.544196754693984985e-01,-2.806411683559417725e-01,-3.022842407226562500e-01,-6.481827795505523682e-02,-2.174727469682693481e-01,-8.653654158115386963e-02,-1.165131926536560059e-01,-2.319910936057567596e-02,-5.093307420611381531e-02,3.656947985291481018e-02,-1.338015198707580566e-01,-2.618429958820343018e-01,2.331500202417373657e-01,-4.544897079467773438e-01,-3.539200723171234131e-01,-5.950782448053359985e-02,8.231856045313179493e-04,1.689755916595458984e-01,1.865795850753784180e-01
3.375551402568817139e-01,2.732713520526885986e-01,0.000000000000000000e+00,5.259894132614135742e-01,3.100592792034149170e-01,1.202602386474609375e-01,6.325905919075012207e-01,1.586563587188720703e-01,2.304402440786361694e-01,1.374146193265914917e-01,3.245999515056610107e-01,1.499807238578796387e-01,3.923734128475189209e-01,1.935740113258361816e-01,2.391758263111114502e-01,1.423626095056533813e-01,1.004638150334358215e-01,5.641048029065132141e-02,3.617764711380004883e-01,2.978307902812957764e-01,-1.844256818294525146e-01,4.793980345129966736e-02,6.568817496299743652e-01,7.187741398811340332e-01,3.521056771278381348e-01,2.983168661594390869e-01,2.509016394615173340e-01,2.821698784828186035e-01,2.151418626308441162e-01,-2.657890133559703827e-02,4.577251672744750977e-01,4.898227453231811523e-01,4.136357307434082031e-01,3.826040029525756836e-01,3.930872678756713867e-01,6.889238953590393066e-02,-1.522006541490554810e-01,-3.579983115196228027e-01,1.294466853141784668e-01,-1.159076988697052002e-01,-1.202298328280448914e-01,-2.117952555418014526e-01,-3.468389511108398438e-01,-8.561931550502777100e-02,2.714542672038078308e-03,6.269749253988265991e-02,-3.587301075458526611e-01,-4.221527874469757080e-01,1.327311098575592041e-01,5.912888050079345703e-02,7.970673590898513794e-02,-9.222740679979324341e-02,-5.490757226943969727e-01,-4.768829047679901123e-01,-4.068703949451446533e-01,-3.828299939632415771e-01,3.614602684974670410e-01,2.937324047088623047e-01,3.482007980346679688e-01,2.219015508890151978e-01,3.480761349201202393e-01,3.261068761348724365e-01,7.815245538949966431e-02,5.117197334766387939e-02,5.537699460983276367e-01,4.378522634506225586e-01,4.544025957584381104e-01,3.266668617725372314e-01,-6.992345303297042847e-02,6.708744913339614868e-02,8.837223798036575317e-02,1.042168959975242615e-01,1.867635995149612427e-01,1.220830753445625305e-01,2.567277550697326660e-01,1.778295040130615234e-01,9.408262372016906738e-02,1.535713374614715576e-01,-4.230228438973426819e-02,7.562427222728729248e-02,-4.785328730940818787e-02,-6.557875871658325195e-02,-1.277303099632263184e-01,-6.079311668872833252e-02,-9.106156229972839355e-02,-3.117619454860687256e-01,1.962294578552246094e-01,1.987778395414352417e-01,-3.749969601631164551e-01,-4.061407148838043213e-01,-4.678593575954437256e-01,-5.550266504287719727e-01,-3.375394642353057861e-01,-3.841872513294219971e-01,2.491896301507949829e-01,4.386332258582115173e-02,-2.600777149200439453e-02,1.519056111574172974e-01,-7.561048865318298340e-02,-3.477469384670257568e-01,5.015042051672935486e-02,-2.075336277484893799e-01,1.860721558332443237e-01,1.750502288341522217e-01,-1.061182618141174316e-01,-1.477347463369369507e-01,5.360090732574462891e-02,2.660816311836242676e-01,1.109112799167633057e-02,2.273109853267669678e-01,-7.001084089279174805e-02,-3.008629083633422852e-01,-3.732491731643676758e-01,-1.941626220941543579e-01,-2.321809679269790649e-01,-4.216638952493667603e-02
4.234066903591156006e-01,5.853363871574401855e-01,5.259894132614135742e-01,0.000000000000000000e+00,2.861703000962734222e-02,-6.203327327966690063e-02,6.411129832267761230e-01,6.479237079620361328e-01,1.004852205514907837e-01,-1.341115981340408325e-01,3.461111485958099365e-01,2.610868811607360840e-01,3.327457308769226074e-01,3.667913675308227539e-01,-2.049104422330856323e-01,-1.033976450562477112e-01,6.223907321691513062e-02,2.498718164861202240e-02,3.236114978790283203e-01,3.814994394779205322e-01,-3.275579512119293213e-01,-2.978039979934692383e-01,4.422701597213745117e-01,4.921782612800598145e-01,2.163451910018920898e-01,6.215484440326690674e-02,-1.110162362456321716e-01,-8.020588010549545288e-02,2.978285253047943115e-01,8.512136526405811310e-03,3.969190716743469238e-01,4.944663941860198975e-01,4.918549954891204834e-01,5.240508913993835449e-01,4.149548113346099854e-01,-2.073475122451782227e-01,-4.134027361869812012e-01,-4.064287841320037842e-01,-1.932912170886993408e-01,-3.181460201740264893e-01,-3.308172225952148438e-01,-3.128830492496490479e-01,-2.232133448123931885e-01,7.552129775285720825e-02,1.962607651948928833e-01,2.041754722595214844e-01,-2.696007192134857178e-01,-3.348492980003356934e-01,8.128584921360015869e-02,2.026958465576171875e-01,1.178113892674446106e-01,1.866456419229507446e-01,-3.251857459545135498e-01,-3.423079848289489746e-02,-5.734291076660156250e-01,-4.568119347095489502e-01,3.779577612876892090e-01,5.393415689468383789e-01,3.534072265028953552e-02,-1.391106545925140381e-01,3.885960876941680908e-01,5.396737456321716309e-01,9.660226851701736450e-02,2.845524549484252930e-01,4.940213561058044434e-01,5.521885752677917480e-01,1.526456922292709351e-01,2.004696130752563477e-01,-2.754850983619689941e-01,-1.564968824386596680e-01,3.547648787498474121e-01,5.173887610435485840e-01,4.488802850246429443e-01,4.681255817413330078e-01,3.713769316673278809e-01,2.954168021678924561e-01,1.018856465816497803e-01,1.753275394439697266e-01,7.502013444900512695e-02,2.220796048641204834e-01,-8.967695385217666626e-02,1.657393872737884521e-01,-3.962896466255187988e-01,-2.579162716865539551e-01,-1.309627443552017212e-01,8.089558780193328857e-02,-2.139712870121002197e-01,-4.149277880787849426e-02,-3.246255517005920410e-01,-2.266127765178680420e-01,-3.488558232784271240e-01,-2.569599449634552002e-01,-2.642814517021179199e-01,-2.195706665515899658e-01,3.685113787651062012e-02,3.973813354969024658e-02,-3.811276331543922424e-02,1.675220429897308350e-01,-3.024224638938903809e-01,-3.397892117500305176e-01,-1.814690828323364258e-01,-9.371832013130187988e-02,-6.211793422698974609e-02,1.748286560177803040e-02,4.264514893293380737e-02,1.241470407694578171e-02,2.663137950003147125e-02,-1.143633648753166199e-01,-3.214441537857055664e-01,2.791784405708312988e-01,-4.342296719551086426e-01,-2.446315884590148926e-01,-1.275488734245300293e-01,-1.803317852318286896e-02,2.877932414412498474e-02,-1.883732154965400696e-02
1.197894364595413208e-01,-1.837106794118881226e-01,3.100592792034149170e-01,2.861703000962734222e-02,0.000000000000000000e+00,4.734447598457336426e-01,1.090626716613769531e-01,-1.485248655080795288e-01,4.435019791126251221e-01,4.106256961822509766e-01,9.181297570466995239e-02,-1.685223728418350220e-01,1.692176461219787598e-01,3.397588431835174561e-02,4.381401538848876953e-01,3.440203666687011719e-01,-1.768815889954566956e-02,-2.370405644178390503e-01,-1.441920828074216843e-02,3.245086595416069031e-02,2.833959758281707764e-01,4.357531964778900146e-01,2.183020412921905518e-01,3.430196344852447510e-01,1.653062701225280762e-01,3.019691705703735352e-01,5.155159235000610352e-01,4.384501278400421143e-01,-4.770126566290855408e-02,-2.213013917207717896e-01,6.177700683474540710e-02,2.424195408821105957e-02,1.472661942243576050e-01,1.001161783933639526e-01,2.063019871711730957e-01,2.479662299156188965e-01,2.760211527347564697e-01,1.244062408804893494e-01,-1.758888177573680878e-02,2.862894237041473389e-01,3.129112720489501953e-01,2.188179641962051392e-01,-2.280045896768569946e-01,-2.539749741554260254e-01,-8.334147185087203979e-02,-2.302743196487426758e-01,-1.920331418514251709e-01,-1.687947660684585571e-01,-9.080498665571212769e-02,-2.722637057304382324e-01,-1.308766454458236694e-01,-3.545080721378326416e-01,-2.581404745578765869e-01,-3.323588073253631592e-01,-5.643835291266441345e-02,-1.992442645132541656e-02,9.041149914264678955e-02,-2.275066524744033813e-01,2.908328473567962646e-01,1.577381044626235962e-01,1.074459478259086609e-01,8.459605276584625244e-02,1.017436943948268890e-02,-2.118939459323883057e-01,7.520487159490585327e-02,-5.632795393466949463e-02,2.371173202991485596e-01,1.983172148466110229e-01,6.554540246725082397e-02,1.424249261617660522e-01,7.295559346675872803e-02,2.632839232683181763e-02,5.184960737824440002e-02,-8.482729643583297729e-02,2.104696780443191528e-01,5.234414711594581604e-02,2.888099849224090576e-01,2.132555693387985229e-01,-1.521569490432739258e-01,-2.561843693256378174e-01,1.201213598251342773e-01,-1.277034282684326172e-01,2.692121267318725586e-01,2.841320931911468506e-01,6.152689922600984573e-03,-1.367449313402175903e-01,2.631307542324066162e-01,3.337900638580322266e-01,-2.320370972156524658e-01,-1.674938760697841644e-02,-2.935468256473541260e-01,-3.007740676403045654e-01,-3.013567328453063965e-01,-1.348194926977157593e-01,-3.465333953499794006e-02,-2.419831752777099609e-01,-3.041112124919891357e-01,-1.767344325780868530e-01,-6.815902888774871826e-02,-2.606701254844665527e-01,-2.249082922935485840e-01,-1.069237664341926575e-01,-4.593198373913764954e-02,1.375718712806701660e-01,5.123057961463928223e-02,3.743254393339157104e-02,2.281765453517436981e-02,2.075894922018051147e-01,-1.535820402204990387e-02,-2.347373217344284058e-01,9.658732265233993530e-02,-1.183874234557151794e-01,-3.080607652664184570e-01,-1.862606257200241089e-01,-2.716038823127746582e-01,-1.959472149610519409e-01
-9.037590771913528442e-02,-2.585825026035308838e-01,1.202602386474609375e-01,-6.203327327966690063e-02,4.734447598457336426e-01,0.000000000000000000e+00,-1.320757567882537842e-01,-1.214787960052490234e-01,4.768765568733215332e-01,6.644183397293090820e-01,-1.570006459951400757e-02,-3.879750892519950867e-02,-2.614239417016506195e-02,1.010281965136528015e-02,5.207910537719726562e-01,4.729701280593872070e-01,-6.101278588175773621e-02,-2.026998549699783325e-01,-1.050437465310096741e-01,-1.349370330572128296e-01,2.912695705890655518e-01,4.696531593799591064e-01,9.195153415203094482e-02,1.684075742959976196e-01,1.938561052083969116e-01,3.997764587402343750e-01,5.242042541503906250e-01,4.734017848968505859e-01,-1.429765075445175171e-01,-1.973752379417419434e-01,5.062035098671913147e-02,1.187284477055072784e-02,-8.116303384304046631e-02,-8.548568189144134521e-02,2.091522514820098877e-02,2.730926871299743652e-01,3.013492524623870850e-01,1.510990113019943237e-01,1.654272228479385376e-01,3.572604358196258545e-01,2.081024050712585449e-01,1.877553313970565796e-01,-2.434734851121902466e-01,-3.259393870830535889e-01,-1.676202118396759033e-01,-3.183346092700958252e-01,-2.052162140607833862e-01,-1.945173889398574829e-01,-1.376621425151824951e-01,-2.767088711261749268e-01,-2.487397491931915283e-01,-4.219689667224884033e-01,-2.475404739379882812e-01,-4.277160167694091797e-01,3.838526085019111633e-02,-7.833585143089294434e-02,-1.557887345552444458e-01,-3.119579255580902100e-01,2.002479135990142822e-01,2.759998738765716553e-01,-1.159149482846260071e-01,1.538237333297729492e-01,-1.419287621974945068e-01,-1.668455749750137329e-01,-1.130811795592308044e-01,-2.572288177907466888e-02,1.226459741592407227e-01,1.399768590927124023e-01,1.059030666947364807e-01,1.972021162509918213e-01,-6.980755180120468140e-02,-1.364405155181884766e-01,-2.641128897666931152e-01,-2.733996212482452393e-01,2.546769939363002777e-02,-3.568805009126663208e-02,1.297418028116226196e-01,1.139020696282386780e-01,-2.606848478317260742e-01,-2.433133423328399658e-01,-1.096897013485431671e-02,-7.288730144500732422e-02,3.187605440616607666e-01,3.297620713710784912e-01,-5.863644555211067200e-02,-2.191599458456039429e-01,3.402606546878814697e-01,3.637488186359405518e-01,-6.218134239315986633e-02,6.148583255708217621e-03,-8.912201970815658569e-02,-2.173580527305603027e-01,-4.522281512618064880e-02,-1.901242136955261230e-02,4.796263948082923889e-02,-2.433015853166580200e-01,-2.122011333703994751e-01,-1.630878001451492310e-01,-8.954556286334991455e-02,-1.055167317390441895e-01,-3.074794635176658630e-02,-5.152326077222824097e-02,-4.910023510456085205e-02,1.260194629430770874e-01,-2.157841622829437256e-02,-1.709656976163387299e-02,2.243000827729701996e-02,1.465556621551513672e-01,4.848287627100944519e-02,-1.804898977279663086e-01,2.434718310832977295e-01,-7.890462130308151245e-02,-1.857298761606216431e-01,-2.026253491640090942e-01,-2.579141855239868164e-01,-1.527234017848968506e-01
6.515201330184936523e-01,4.076564311981201172e-01,6.325905919075012207e-01,6.411129832267761230e-01,1.090626716613769531e-01,-1.320757567882537842e-01,0.000000000000000000e+00,4.167010486125946045e-01,2.111197561025619507e-01,-1.247668266296386719e-01,5.395408868789672852e-01,2.689706683158874512e-01,6.403762698173522949e-01,2.955320775508880615e-01,-1.053401976823806763e-01,-4.246092587709426880e-02,1.656954884529113770e-01,-3.212562575936317444e-02,4.553118050098419189e-01,4.379483163356781006e-01,-3.680689334869384766e-01,-3.115319609642028809e-01,5.400678515434265137e-01,4.711646735668182373e-01,1.327950786799192429e-02,-7.792697101831436157e-02,-1.470639463514089584e-02,9.037579596042633057e-02,4.088726639747619629e-01,8.326856419444084167e-03,3.383346498012542725e-01,3.410480916500091553e-01,4.851598441600799561e-01,4.705108404159545898e-01,2.662960290908813477e-01,-2.810483276844024658e-01,-4.714782536029815674e-01,-6.015184521675109863e-01,-1.815648823976516724e-01,-3.941522240638732910e-01,-3.736757934093475342e-01,-3.539745807647705078e-01,-2.510150372982025146e-01,9.162528812885284424e-02,2.055492550134658813e-01,2.861167192459106445e-01,-3.258218467235565186e-01,-4.089122116565704346e-01,2.887277603149414062e-01,2.157109677791595459e-01,3.630611598491668701e-01,2.236239016056060791e-01,-3.482919335365295410e-01,4.511862993240356445e-03,-4.411618411540985107e-01,-4.328193366527557373e-01,5.786482095718383789e-01,3.626177906990051270e-01,2.499970495700836182e-01,-7.347890734672546387e-02,6.133130788803100586e-01,3.185279667377471924e-01,3.583572804927825928e-01,2.751516997814178467e-01,5.909994840621948242e-01,3.504624664783477783e-01,2.740948498249053955e-01,1.356887221336364746e-01,-2.798956036567687988e-01,-1.946888118982315063e-01,3.471381366252899170e-01,4.130733013153076172e-01,5.383263826370239258e-01,4.084362089633941650e-01,3.064922392368316650e-01,3.172726631164550781e-01,4.992141202092170715e-02,4.842700436711311340e-02,1.479863524436950684e-01,1.772221177816390991e-01,6.440544873476028442e-02,3.396466001868247986e-02,-3.605559468269348145e-01,-3.012785613536834717e-01,1.982568800449371338e-01,1.218010783195495605e-01,-1.892267465591430664e-01,-6.260524690151214600e-02,-3.895780444145202637e-01,-1.938920766115188599e-01,-4.712088108062744141e-01,-3.750710785388946533e-01,-3.116993904113769531e-01,-2.969291806221008301e-01,1.512105911970138550e-01,7.843533903360366821e-02,-3.078765608370304108e-02,1.856980919837951660e-01,-1.407798230648040771e-01,-4.300450980663299561e-01,-9.741211682558059692e-02,-1.168328989297151566e-02,-9.496901184320449829e-02,2.687393501400947571e-02,-1.032587438821792603e-01,-1.703574657440185547e-01,-1.153606548905372620e-01,-5.958151817321777344e-02,-2.268283218145370483e-01,3.241132795810699463e-01,-4.438954889774322510e-01,-2.527467310428619385e-01,-1.917040944099426270e-01,2.733201347291469574e-02,1.255041062831878662e-01,5.199781805276870728e-02
2.273614704608917236e-01,5.503405332565307617e-01,1.586563587188720703e-01,6.479237079620361328e-01,-1.485248655080795288e-01,-1.214787960052490234e-01,4.167010486125946045e-01,0.000000000000000000e+00,5.426486954092979431e-02,-2.402557581663131714e-01,2.234201282262802124e-01,3.738912343978881836e-01,1.958993822336196899e-01,4.353557527065277100e-01,-2.719767093658447266e-01,-2.267433553934097290e-01,-3.038300015032291412e-02,2.467588335275650024e-02,1.546802669763565063e-01,2.579928934574127197e-01,-2.162523716688156128e-01,-3.470275402069091797e-01,1.687768399715423584e-01,1.260014325380325317e-01,8.087066560983657837e-02,-1.013150438666343689e-02,-2.810463607311248779e-01,-1.916619390249252319e-01,2.948394715785980225e-01,1.065347492694854736e-01,1.379993408918380737e-01,2.738836705684661865e-01,3.778465390205383301e-01,4.271352589130401611e-01,2.232509702444076538e-01,-2.997524142265319824e-01,-5.322390198707580566e-01,-3.776561021804809570e-01,-3.697063028812408447e-01,-3.733315467834472656e-01,-3.665631413459777832e-01,-2.505923509597778320e-01,-8.284803479909896851e-02,2.337506413459777832e-01,2.135487347841262817e-01,2.054026722908020020e-01,-2.597411274909973145e-01,-2.624668478965759277e-01,-1.017296463251113892e-01,1.163905933499336243e-01,-5.969390273094177246e-03,2.020911127328872681e-01,-6.359971314668655396e-02,1.766437590122222900e-01,-3.741405606269836426e-01,-4.919005036354064941e-01,1.836599409580230713e-01,5.168117880821228027e-01,-2.351227402687072754e-01,-2.688954174518585205e-01,3.203983306884765625e-01,5.059284567832946777e-01,3.371628001332283020e-02,3.638995885848999023e-01,3.021535277366638184e-01,3.437977433204650879e-01,-4.929715767502784729e-02,6.642417609691619873e-02,-2.560063302516937256e-01,-1.861381679773330688e-01,4.841685891151428223e-01,5.566310882568359375e-01,3.773583173751831055e-01,5.128109455108642578e-01,2.645109295845031738e-01,1.551661640405654907e-01,1.819493621587753296e-01,1.838284730911254883e-01,1.619261950254440308e-01,2.138675153255462646e-01,1.623921282589435577e-02,3.641022145748138428e-01,-3.526953458786010742e-01,-2.832226455211639404e-01,7.791855372488498688e-03,1.836730539798736572e-01,-4.078825116157531738e-01,-3.493458926677703857e-01,-3.820974007248878479e-02,-2.384022325277328491e-01,-1.818660199642181396e-01,-4.348413273692131042e-02,-1.171532273292541504e-01,-2.194816023111343384e-01,-1.504246890544891357e-01,-8.948358893394470215e-02,-9.784661978483200073e-02,1.379623822867870331e-02,-4.059744179248809814e-01,-2.373772114515304565e-01,-1.624503582715988159e-01,-4.941210150718688965e-02,-2.741429209709167480e-01,-2.836750447750091553e-01,1.485571861267089844e-01,4.988542944192886353e-02,-1.114083267748355865e-02,-3.653076589107513428e-01,-4.786059558391571045e-01,1.144148856401443481e-01,-4.581297934055328369e-01,-2.475246489048004150e-01,9.900642931461334229e-02,1.690389513969421387e-01,2.647005319595336914e-01,5.916072800755500793e-02
2.444890886545181274e-01,-1.260902583599090576e-01,2.304402440786361694e-01,1.004852205514907837e-01,4.435019791126251221e-01,4.768765568733215332e-01,2.111197561025619507e-01,5.426486954092979431e-02,0.000000000000000000e+00,5.091302990913391113e-01,4.022631645202636719e-01,1.828285157680511475e-01,3.907093405723571777e-01,2.533881962299346924e-01,5.120055079460144043e-01,5.510109663009643555e-01,1.073792278766632080e-01,-1.335224211215972900e-01,7.700970768928527832e-02,4.232021421194076538e-02,-4.321248456835746765e-02,1.603914946317672729e-01,9.408421814441680908e-02,2.366643995046615601e-01,-1.786000467836856842e-02,1.277177631855010986e-01,4.586856663227081299e-01,5.076606869697570801e-01,1.602221280336380005e-01,-1.845401711761951447e-02,1.313748955726623535e-01,2.751938253641128540e-02,-1.753890141844749451e-02,-1.350894197821617126e-02,-5.266844108700752258e-02,-3.795187920331954956e-03,-4.960362240672111511e-02,-1.871327608823776245e-01,1.201446354389190674e-01,6.525278836488723755e-02,-1.191274896264076233e-01,-1.203091889619827271e-01,-2.856302857398986816e-01,-1.794554442167282104e-01,-8.391189575195312500e-02,-1.827784776687622070e-01,-2.953545749187469482e-01,-3.948905467987060547e-01,1.539325155317783356e-02,-1.985009908676147461e-01,-2.047121711075305939e-02,-2.981331646442413330e-01,-3.201259970664978027e-01,-2.879619896411895752e-01,-2.022690139710903168e-02,-2.655742764472961426e-01,9.508126974105834961e-02,-2.489440441131591797e-01,1.781334578990936279e-01,8.588197082281112671e-02,1.927868276834487915e-01,1.255771815776824951e-01,1.917113959789276123e-01,8.898632973432540894e-02,1.185310035943984985e-01,-3.502239659428596497e-02,3.901520743966102600e-02,-8.188767731189727783e-02,8.758915215730667114e-02,1.213327944278717041e-01,9.342573583126068115e-02,5.605389550328254700e-02,2.707717008888721466e-02,-9.137459844350814819e-02,1.770229637622833252e-01,3.597884997725486755e-02,8.839241228997707367e-03,1.597895473241806030e-02,-1.743930429220199585e-01,3.780257655307650566e-03,9.942562133073806763e-02,1.477780519053339958e-03,7.555132359266281128e-02,1.549121439456939697e-01,2.595932185649871826e-01,6.744858622550964355e-02,2.278664559125900269e-01,3.092031478881835938e-01,-1.654993891716003418e-01,2.348048426210880280e-02,-3.201464712619781494e-01,-3.020368218421936035e-01,-7.414044812321662903e-03,-5.316021293401718140e-02,2.037303894758224487e-01,-6.064729019999504089e-02,-1.067055538296699524e-01,1.150483917444944382e-02,-1.172377914190292358e-01,-2.850853204727172852e-01,-6.483335047960281372e-02,5.497014150023460388e-03,-1.572875082492828369e-01,8.987975120544433594e-02,-1.909702420234680176e-01,-2.243399918079376221e-01,-1.000997275114059448e-01,1.289365291595458984e-01,5.751389637589454651e-02,3.486644849181175232e-02,-7.883063517510890961e-03,-1.032223552465438843e-01,-2.265272438526153564e-01,-3.471385687589645386e-02,6.440178491175174713e-03,1.554799149744212627e-03
-1.576698943972587585e-02,-2.638286650180816650e-01,1.374146193265914917e-01,-1.341115981340408325e-01,4.106256961822509766e-01,6.644183397293090820e-01,-1.247668266296386719e-01,-2.402557581663131714e-01,5.091302990913391113e-01,0.000000000000000000e+00,7.377393543720245361e-02,4.503562301397323608e-02,4.811009764671325684e-02,7.255066186189651489e-02,6.879088282585144043e-01,7.767727971076965332e-01,-5.146806128323078156e-03,-1.397715508937835693e-01,-5.541234742850065231e-03,-2.878452278673648834e-02,1.712307035923004150e-01,5.698866248130798340e-01,5.668890103697776794e-02,2.241684943437576294e-01,1.565911993384361267e-02,2.306692451238632202e-01,7.692065238952636719e-01,6.603373289108276367e-01,-2.164521664381027222e-01,-1.971081644296646118e-01,-4.329026862978935242e-02,-6.742182374000549316e-02,-1.524905115365982056e-01,-1.223557293415069580e-01,-5.599564313888549805e-02,2.373154610395431519e-01,2.658115327358245850e-01,8.263211697340011597e-02,2.486449182033538818e-01,4.936394989490509033e-01,1.555308997631072998e-01,8.103943616151809692e-02,-2.500256896018981934e-01,-2.755031585693359375e-01,-2.565175890922546387e-01,-3.880448937416076660e-01,-2.875508666038513184e-01,-3.498071134090423584e-01,-8.844316005706787109e-02,-3.763363361358642578e-01,-2.381084263324737549e-01,-5.142729878425598145e-01,-4.200543761253356934e-01,-4.533087015151977539e-01,3.285504132509231567e-02,2.684087678790092468e-02,-8.560731261968612671e-02,-3.253295719623565674e-01,2.995901405811309814e-01,2.996921241283416748e-01,-1.845876574516296387e-01,-2.598122693598270416e-02,-8.124556392431259155e-02,-1.534707844257354736e-01,-1.509099453687667847e-01,-1.652607917785644531e-01,1.826401501893997192e-01,1.070489957928657532e-01,1.897315979003906250e-01,3.183026015758514404e-01,-2.088477462530136108e-01,-2.107798904180526733e-01,-3.585712015628814697e-01,-4.304346442222595215e-01,7.294067740440368652e-02,7.884126156568527222e-03,1.360513921827077866e-02,7.376491278409957886e-02,-3.694183528423309326e-01,-1.881420165300369263e-01,-1.492247581481933594e-01,-8.610799163579940796e-02,3.538822531700134277e-01,4.816547036170959473e-01,-7.535170018672943115e-02,-9.764596819877624512e-02,5.626641511917114258e-01,6.349397301673889160e-01,-1.879195123910903931e-01,1.387256234884262085e-01,-2.242775559425354004e-01,-2.166322767734527588e-01,-1.535021513700485229e-02,9.189904481172561646e-02,2.011601924896240234e-01,-2.465826123952865601e-01,-2.795267999172210693e-01,-1.588225662708282471e-01,-7.544706761837005615e-02,-1.984129697084426880e-01,-2.971151657402515411e-02,5.451598763465881348e-02,-1.934610605239868164e-01,1.433636546134948730e-01,-1.535418480634689331e-01,-9.875697642564773560e-02,-8.967454195953905582e-04,2.508050501346588135e-01,7.856051623821258545e-02,-1.290025115013122559e-01,2.877589464187622070e-01,-8.466520160436630249e-02,-3.047205507755279541e-01,-2.141409814357757568e-01,-1.906153261661529541e-01,-1.076319366693496704e-01
6.324076056480407715e-01,2.836220264434814453e-01,3.245999515056610107e-01,3.461111485958099365e-01,9.181297570466995239e-02,-1.570006459951400757e-02,5.395408868789672852e-01,2.234201282262802124e-01,4.022631645202636719e-01,7.377393543720245361e-02,0.000000000000000000e+00,4.616615772247314453e-01,7.065820693969726562e-01,4.373065233230590820e-01,8.273117244243621826e-02,2.759939730167388916e-01,5.037726759910583496e-01,1.427259743213653564e-01,4.569446146488189697e-01,4.265288412570953369e-01,-3.358008265495300293e-01,-1.317796409130096436e-01,1.674434542655944824e-01,3.085538446903228760e-01,-1.713368445634841919e-01,-1.583675891160964966e-01,1.140039041638374329e-01,2.079661786556243896e-01,6.382754445075988770e-01,2.393902242183685303e-01,3.279095888137817383e-01,1.543724387884140015e-01,1.657536029815673828e-01,2.131525129079818726e-01,-1.114884838461875916e-01,-4.105406999588012695e-01,-3.312453627586364746e-01,-5.252213478088378906e-01,-3.488949313759803772e-02,-3.393914997577667236e-01,-3.847249150276184082e-01,-3.544643521308898926e-01,-3.114427030086517334e-01,2.169386483728885651e-02,8.339466154575347900e-02,2.162121832370758057e-01,-2.873425483703613281e-01,-4.499371051788330078e-01,3.536737859249114990e-01,1.819776594638824463e-01,3.355461657047271729e-01,7.266467809677124023e-02,-3.101082146167755127e-01,-2.514366619288921356e-02,-2.887833714485168457e-01,-3.903045356273651123e-01,4.975309073925018311e-01,9.546350687742233276e-02,3.056835234165191650e-01,4.253226891160011292e-02,4.593936204910278320e-01,1.926949173212051392e-01,5.445947647094726562e-01,4.183922410011291504e-01,2.408439815044403076e-01,5.821314826607704163e-02,-7.903283834457397461e-02,-2.283063828945159912e-01,-2.238732874393463135e-01,-1.119991391897201538e-01,1.978516131639480591e-01,2.313923537731170654e-01,4.294199943542480469e-01,3.057717084884643555e-01,2.121162265539169312e-01,2.202482670545578003e-01,-7.198443263769149780e-02,4.396363627165555954e-03,1.268606632947921753e-01,2.362195402383804321e-01,3.239644467830657959e-01,2.079036533832550049e-01,-1.938056796789169312e-01,-1.549153625965118408e-01,3.807033896446228027e-01,2.568205595016479492e-01,-2.934646047651767731e-02,4.455696046352386475e-02,-3.680488169193267822e-01,-3.688156604766845703e-02,-4.983126819133758545e-01,-4.581694006919860840e-01,-2.100789248943328857e-01,-1.886748969554901123e-01,3.155810534954071045e-01,1.084230467677116394e-01,1.161704026162624359e-02,2.345742732286453247e-01,-4.878113046288490295e-02,-3.966767489910125732e-01,-1.486669294536113739e-02,2.041924744844436646e-02,-1.320587992668151855e-01,1.141664683818817139e-01,-3.174892067909240723e-01,-3.030458390712738037e-01,-2.409214079380035400e-01,6.565172225236892700e-02,-7.698575407266616821e-02,3.306488692760467529e-01,-3.243158459663391113e-01,-1.247144937515258789e-01,-1.257040202617645264e-01,-2.583432756364345551e-02,1.157698258757591248e-01,1.804394423961639404e-01
3.259137570858001709e-01,4.597853720188140869e-01,1.499807238578796387e-01,2.610868811607360840e-01,-1.685223728418350220e-01,-3.879750892519950867e-02,2.689706683158874512e-01,3.738912343978881836e-01,1.828285157680511475e-01,4.503562301397323608e-02,4.616615772247314453e-01,0.000000000000000000e+00,3.181898295879364014e-01,6.435852646827697754e-01,7.570952177047729492e-02,1.824415475130081177e-01,4.047878682613372803e-01,4.391916990280151367e-01,3.431120514869689941e-01,3.856085240840911865e-01,-2.886364459991455078e-01,-1.916659325361251831e-01,1.963262557983398438e-01,2.153751701116561890e-01,-1.706826984882354736e-01,-1.842519491910934448e-01,7.687123026698827744e-03,6.875190883874893188e-02,3.843104839324951172e-01,4.547929763793945312e-01,3.262433707714080811e-01,2.598468363285064697e-01,1.503212898969650269e-01,2.243525683879852295e-01,-2.438665032386779785e-01,-2.930329740047454834e-01,-4.037136733531951904e-01,-4.758667051792144775e-01,5.093676969408988953e-03,-2.747481465339660645e-01,-3.632081151008605957e-01,-3.257396221160888672e-01,-2.923755049705505371e-01,6.737426668405532837e-02,2.552729658782482147e-02,3.357264399528503418e-01,-3.245923221111297607e-01,-4.271531105041503906e-01,3.074373900890350342e-01,2.455332279205322266e-01,2.048445940017700195e-01,8.453731238842010498e-02,-3.168853223323822021e-01,-1.242100298404693604e-01,-1.875349581241607666e-01,-2.673665881156921387e-01,2.722510099411010742e-01,3.171286582946777344e-01,8.831150084733963013e-02,8.861868083477020264e-02,1.858150511980056763e-01,3.120156824588775635e-01,4.102137982845306396e-01,6.398426294326782227e-01,8.681101724505424500e-03,9.031245857477188110e-02,-2.022937536239624023e-01,-2.491144686937332153e-01,-7.414389401674270630e-02,5.375373642891645432e-03,4.206230863928794861e-02,1.082300320267677307e-01,2.435641437768936157e-01,3.588496446609497070e-01,1.710378527641296387e-01,1.523678898811340332e-01,-4.407779127359390259e-02,8.045223355293273926e-02,2.038432061672210693e-01,3.149354755878448486e-01,2.657370269298553467e-01,2.871487140655517578e-01,-2.545706033706665039e-01,-1.170809492468833923e-01,1.248303130269050598e-01,9.952984750270843506e-02,-1.520183216780424118e-02,-6.618833541870117188e-02,-1.580687314271926880e-01,-1.697209179401397705e-01,-4.254955947399139404e-01,-3.910246491432189941e-01,-1.528083682060241699e-01,-1.893422454595565796e-01,2.126706689596176147e-01,1.810511946678161621e-02,1.001540645956993103e-01,2.370782345533370972e-01,-4.287847504019737244e-02,-1.137537211179733276e-01,7.227894663810729980e-02,9.721756796352565289e-04,-7.461765408515930176e-02,-2.494864352047443390e-02,-2.397281527519226074e-01,-2.937953174114227295e-01,-2.923680469393730164e-02,7.887525111436843872e-02,-9.133080393075942993e-02,2.768722176551818848e-01,-1.263585388660430908e-01,-1.855251789093017578e-01,-1.581882126629352570e-02,-1.432800665497779846e-02,5.454914644360542297e-02,1.620851755142211914e-01
6.314253211021423340e-01,2.009738683700561523e-01,3.923734128475189209e-01,3.327457308769226074e-01,1.692176461219787598e-01,-2.614239417016506195e-02,6.403762698173522949e-01,1.958993822336196899e-01,3.907093405723571777e-01,4.811009764671325684e-02,7.065820693969726562e-01,3.181898295879364014e-01,0.000000000000000000e+00,4.497429132461547852e-01,1.775418817996978760e-01,1.815779954195022583e-01,3.215464353561401367e-01,2.753351069986820221e-02,3.875246047973632812e-01,3.016836047172546387e-01,-3.562952578067779541e-01,-1.942978650331497192e-01,3.451291620731353760e-01,2.729800343513488770e-01,-8.879338949918746948e-02,-1.097000241279602051e-01,1.576972156763076782e-01,2.727089524269104004e-01,4.810734689235687256e-01,9.514775872230529785e-02,2.660369873046875000e-01,1.663883924484252930e-01,1.951000839471817017e-01,1.754820942878723145e-01,-9.791142307221889496e-03,-3.332047462463378906e-01,-4.372857511043548584e-01,-6.163709163665771484e-01,-2.585725113749504089e-02,-3.475714623928070068e-01,-4.272598624229431152e-01,-4.346557259559631348e-01,-1.955905258655548096e-01,1.468806117773056030e-01,1.292430311441421509e-01,2.051623761653900146e-01,-2.870492935180664062e-01,-4.214973747730255127e-01,2.789131999015808105e-01,1.317675709724426270e-01,3.875684142112731934e-01,1.106015816330909729e-01,-2.613783776760101318e-01,3.953145816922187805e-02,-1.621548086404800415e-01,-3.548981249332427979e-01,4.954738914966583252e-01,1.126550659537315369e-01,2.653768360614776611e-01,-1.294449716806411743e-01,5.836849212646484375e-01,5.720527097582817078e-02,4.505134224891662598e-01,2.020121216773986816e-01,3.964328467845916748e-01,9.997960180044174194e-02,1.133215054869651794e-01,-1.194787546992301941e-01,-1.311273276805877686e-01,-1.327351480722427368e-01,2.581514120101928711e-01,2.505211830139160156e-01,4.058282971382141113e-01,2.632241845130920410e-01,1.818730086088180542e-01,1.591695845127105713e-01,-9.185734391212463379e-02,-1.117340549826622009e-01,1.277926713228225708e-01,2.532140314579010010e-01,1.880523264408111572e-01,1.284509431570768356e-02,-2.854046523571014404e-01,-2.885667681694030762e-01,4.199305176734924316e-01,1.677882820367813110e-01,-9.240128844976425171e-02,-2.573510073125362396e-02,-2.572121024131774902e-01,-5.557119473814964294e-02,-4.410678446292877197e-01,-3.460950553417205811e-01,-1.438084244728088379e-01,-1.964552104473114014e-01,2.589040398597717285e-01,2.554098144173622131e-02,-1.487294398248195648e-02,1.903132051229476929e-01,-8.920615166425704956e-02,-4.477348327636718750e-01,-5.025253444910049438e-02,-8.408068120479583740e-02,-1.659019440412521362e-01,-5.820117890834808350e-02,-2.937012910842895508e-01,-3.216467499732971191e-01,-2.771068215370178223e-01,-1.113137453794479370e-01,-1.338317841291427612e-01,3.780636191368103027e-01,-3.076632022857666016e-01,-1.679043322801589966e-01,-6.084273383021354675e-02,1.557819694280624390e-01,2.585674822330474854e-01,1.347603499889373779e-01
