0.000000000000000000e+00,5.561636686325073242e-01,1.154099330306053162e-01,2.426309511065483093e-02,5.757572501897811890e-02,1.887956559658050537e-01,8.516610413789749146e-02,4.517571069300174713e-03,2.293822169303894043e-01,1.583126485347747803e-01,3.279567658901214600e-01,1.446134299039840698e-01,3.093839287757873535e-01,6.053556129336357117e-02,2.173951417207717896e-01,-8.939631283283233643e-02,-9.742104448378086090e-03,-4.078830778598785400e-02,4.053687155246734619e-01,4.132094681262969971e-01,-2.989656329154968262e-01,-2.942621409893035889e-01,-1.397454887628555298e-01,-1.017678901553153992e-01,-3.009079098701477051e-01,-1.946408301591873169e-02,2.743355631828308105e-01,2.038730308413505554e-03,-2.642930746078491211e-01,-2.337797582149505615e-01,-6.061581522226333618e-02,-5.993379652500152588e-02,2.223752439022064209e-01,1.833324581384658813e-01,-8.485525101423263550e-02,5.059134960174560547e-02,-3.172968327999114990e-01,-3.499950468540191650e-01,-2.880122363567352295e-01,-2.855646908283233643e-01,-2.630511820316314697e-01,-2.086602449417114258e-01,-1.177480369806289673e-01,-1.171079948544502258e-01,-9.563086181879043579e-02,1.746373772621154785e-01,-2.487816512584686279e-01,-1.049105152487754822e-01,1.788149774074554443e-01,2.324829250574111938e-01,2.470218986272811890e-01,2.081639915704727173e-01,-5.825383961200714111e-02,-1.728112399578094482e-01,8.726666867733001709e-02,2.189984545111656189e-02,5.334113836288452148e-01,4.925147294998168945e-01,5.885763168334960938e-01,5.645354986190795898e-01,4.422235190868377686e-01,1.176594197750091553e-01,1.647692322731018066e-01,-2.721833251416683197e-02,5.358777567744255066e-02,-1.369591802358627319e-01,2.768027186393737793e-01,1.765984296798706055e-01,4.616858661174774170e-01,2.639172375202178955e-01,2.679570019245147705e-01,1.496264338493347168e-01,-3.037060238420963287e-02,1.064944788813591003e-01,1.796548813581466675e-01,6.855281442403793335e-02,-2.646341025829315186e-01,-2.372610270977020264e-01,-1.634867042303085327e-01,-1.992113292217254639e-01,6.791181117296218872e-02,6.562241166830062866e-02,-2.329507619142532349e-01,-3.641302287578582764e-01,1.934086382389068604e-01,-2.612804770469665527e-01,9.930083528161048889e-03,-5.081662908196449280e-02,1.387901306152343750e-01,-2.158977687358856201e-01,-2.129900753498077393e-01,-3.449802100658416748e-01,-3.815804719924926758e-01,-3.341670334339141846e-01,-2.658863961696624756e-01,-3.056616485118865967e-01,-1.426202356815338135e-01,-1.887129992246627808e-01,5.923495814204216003e-02,1.266885846853256226e-01,1.347628086805343628e-01,-2.884021699428558350e-01,1.978500038385391235e-01,4.729266464710235596e-02,-1.344509422779083252e-01,-2.023006677627563477e-01,-1.674528903095051646e-04,2.391378134489059448e-01,1.042838767170906067e-01,3.059081733226776123e-01,2.515378296375274658e-01,3.977803140878677368e-02,-7.119672000408172607e-02,-6.367478519678115845e-02,-2.595127820968627930e-01,-6.423144787549972534e-02
5.561636686325073242e-01,0.000000000000000000e+00,-1.671471260488033295e-02,-2.193701453506946564e-02,7.783775031566619873e-02,1.087897419929504395e-01,-2.005958408117294312e-01,3.337585180997848511e-02,-5.489053949713706970e-02,-1.537114381790161133e-01,2.474386692047119141e-01,1.895539909601211548e-01,1.536809653043746948e-02,7.245222479104995728e-02,-3.856286779046058655e-02,-2.820568382740020752e-01,1.971131861209869385e-01,2.081625908613204956e-01,2.272000312805175781e-01,5.188134908676147461e-01,-1.913124471902847290e-01,-2.762929201126098633e-01,-1.500038653612136841e-01,-1.342654228210449219e-01,-3.775846660137176514e-01,-2.805971801280975342e-01,1.095546856522560120e-01,2.658245526254177094e-02,-1.556153297424316406e-01,-3.610625490546226501e-02,-1.724886745214462280e-01,-2.097833603620529175e-01,1.386948227882385254e-01,1.572325527667999268e-01,-2.664480805397033691e-01,-9.427122026681900024e-02,-2.807880043983459473e-01,-3.228086233139038086e-01,-2.307678610086441040e-01,-2.012911587953567505e-01,-2.478508651256561279e-01,-2.801700532436370850e-01,-1.893221028149127960e-02,-1.681812852621078491e-02,-9.202021360397338867e-02,2.571552991867065430e-01,-1.062316522002220154e-01,5.249526351690292358e-02,2.411752194166183472e-01,4.362681806087493896e-01,2.679861783981323242e-01,4.203273653984069824e-01,1.797099262475967407e-01,1.685306578874588013e-01,2.047502696514129639e-01,2.354829609394073486e-01,6.724564433097839355e-01,7.599952220916748047e-01,4.757278263568878174e-01,5.955327153205871582e-01,2.956768870353698730e-01,2.200110852718353271e-01,1.698352247476577759e-01,1.685949265956878662e-01,-1.756813079118728638e-01,-2.364902794361114502e-01,7.408769335597753525e-03,7.451315969228744507e-02,4.316572248935699463e-01,5.664234161376953125e-01,6.362942606210708618e-02,-5.437018722295761108e-02,-1.501126885414123535e-01,1.905893981456756592e-01,-5.172105506062507629e-02,-1.008325070142745972e-01,-2.932960391044616699e-01,-3.202096223831176758e-01,-4.109069705009460449e-02,-3.326330333948135376e-02,1.649495959281921387e-01,1.088006645441055298e-01,-2.672374248504638672e-01,-3.444149196147918701e-01,1.361249685287475586e-01,-1.003139764070510864e-01,-2.564752101898193359e-01,-2.857454717159271240e-01,-3.416629135608673096e-02,-1.325763463973999023e-01,-1.629682928323745728e-01,-3.351047039031982422e-01,-2.072443962097167969e-01,-2.280874997377395630e-01,-1.549524217844009399e-01,-1.319760829210281372e-01,-1.649277284741401672e-02,2.085433341562747955e-02,7.515151053667068481e-02,4.626199603080749512e-02,7.704498618841171265e-02,-1.917053014039993286e-01,4.406728222966194153e-02,-1.085992380976676941e-01,-1.275291740894317627e-01,-1.769030243158340454e-01,-1.954220682382583618e-01,1.917652338743209839e-01,1.066345348954200745e-01,2.123637348413467407e-01,1.900676786899566650e-01,2.057323455810546875e-01,4.337491467595100403e-02,-1.125069987028837204e-02,-1.474605351686477661e-01,-2.744335494935512543e-02
1.154099330306053162e-01,-1.671471260488033295e-02,0.000000000000000000e+00,5.952376723289489746e-01,3.469726070761680603e-02,-3.587746918201446533e-01,6.325061917304992676e-01,3.345156610012054443e-01,1.724216900765895844e-02,-1.440891027450561523e-01,7.599282264709472656e-02,-2.379947155714035034e-01,4.022853076457977295e-01,5.061633884906768799e-02,-2.761397063732147217e-01,-3.440683782100677490e-01,-1.377724111080169678e-01,-2.551593184471130371e-01,2.215645462274551392e-01,-3.910312429070472717e-03,-3.403334617614746094e-01,-2.924202084541320801e-01,6.736881136894226074e-01,7.156730294227600098e-01,-1.153536513447761536e-01,1.265199948102235794e-02,-2.222561389207839966e-01,-2.985508143901824951e-01,-1.319704204797744751e-01,-2.956470847129821777e-01,-9.964915364980697632e-02,3.371928259730339050e-02,1.527184247970581055e-01,5.611440166831016541e-02,1.802396774291992188e-01,-1.899250037968158722e-02,-2.811699807643890381e-01,-1.433077454566955566e-01,-3.007779717445373535e-01,-2.786483764648437500e-01,-3.087043166160583496e-01,-2.752129435539245605e-01,-2.189514636993408203e-01,-3.665482699871063232e-01,-2.288585752248764038e-01,-2.705169320106506348e-01,-3.103858232498168945e-01,-3.639803826808929443e-01,-8.492131531238555908e-02,-5.306434258818626404e-02,-2.968039363622665405e-02,-8.793434500694274902e-02,-2.305425889790058136e-02,7.099687308073043823e-02,-2.359520792961120605e-01,-2.428730726242065430e-01,1.479874998331069946e-01,5.702926218509674072e-02,-2.060816995799541473e-02,-5.271235480904579163e-02,1.841034889221191406e-01,1.955465972423553467e-02,4.430368542671203613e-02,-2.546459436416625977e-01,3.323836028575897217e-01,-1.272756606340408325e-02,3.810764476656913757e-02,-1.977498382329940796e-01,6.471081823110580444e-02,-9.334206581115722656e-02,1.394672393798828125e-01,3.222790360450744629e-01,-2.206104621291160583e-02,-1.476978510618209839e-01,-1.470629125833511353e-01,-9.436733275651931763e-02,4.478322342038154602e-02,-1.563564091920852661e-01,-2.024466991424560547e-01,-6.644712295383214951e-03,-2.566071450710296631e-01,1.150475069880485535e-01,-4.688405394554138184e-01,-2.970180809497833252e-01,1.271338909864425659e-01,1.021264418959617615e-01,-1.913753300905227661e-01,-1.186781823635101318e-01,-6.159222498536109924e-02,2.576011419296264648e-01,-3.015021681785583496e-01,2.285179495811462402e-01,5.848161876201629639e-02,2.740204930305480957e-01,-2.867723703384399414e-01,-2.348404675722122192e-01,-3.836668729782104492e-01,-3.506826162338256836e-01,-3.846155703067779541e-01,-3.314318060874938965e-01,-3.401594460010528564e-01,1.773365885019302368e-01,-2.755275964736938477e-01,-1.718397587537765503e-01,-8.990319073200225830e-02,4.521078243851661682e-02,-1.457425653934478760e-01,-2.760805375874042511e-02,1.847143471240997314e-01,2.675622403621673584e-01,-2.044349722564220428e-02,-2.303516268730163574e-01,-3.195120692253112793e-01,-1.146323680877685547e-01,2.753628045320510864e-02,-2.286512032151222229e-02
2.426309511065483093e-02,-2.193701453506946564e-02,5.952376723289489746e-01,0.000000000000000000e+00,5.487000569701194763e-02,-1.826278865337371826e-01,5.144566893577575684e-01,6.617679595947265625e-01,1.810766570270061493e-02,-3.327100351452827454e-02,-1.144873946905136108e-01,2.654873020946979523e-02,1.238546296954154968e-01,1.444201171398162842e-01,-3.412379026412963867e-01,-3.080011904239654541e-01,-1.719149351119995117e-01,-2.564665675163269043e-01,7.030010968446731567e-02,1.438399553298950195e-01,-3.264994323253631592e-01,-2.725454270839691162e-01,4.747499823570251465e-01,6.669829487800598145e-01,-2.160131186246871948e-01,1.861352100968360901e-02,-2.803975939750671387e-01,-3.924579024314880371e-01,-1.599812954664230347e-01,-2.137147188186645508e-01,-1.220660805702209473e-01,9.233853220939636230e-02,2.414875924587249756e-01,3.240923881530761719e-01,7.456011325120925903e-02,8.485788851976394653e-02,-3.324708640575408936e-01,-1.800084412097930908e-01,-2.678854763507843018e-01,-2.586763203144073486e-01,-3.049444556236267090e-01,-2.808806598186492920e-01,-2.568731307983398438e-01,-3.512227535247802734e-01,-1.843219846487045288e-01,-1.708897799253463745e-01,-3.796076476573944092e-01,-3.883915543556213379e-01,-4.472199827432632446e-02,-1.712955832481384277e-01,-1.269001811742782593e-01,-2.063652276992797852e-01,-1.953891813755035400e-01,-1.013440787792205811e-01,-3.427635431289672852e-01,-4.013219773769378662e-01,4.211561381816864014e-02,7.066615391522645950e-03,-1.059249043464660645e-02,-9.274999797344207764e-02,1.922196596860885620e-01,2.702189683914184570e-01,8.704219758510589600e-02,-8.698823302984237671e-02,1.380930840969085693e-01,1.738205552101135254e-01,-3.781882114708423615e-03,-2.836035937070846558e-02,1.476221159100532532e-02,-4.273928701877593994e-02,2.313764393329620361e-01,2.734671831130981445e-01,-2.511584758758544922e-02,-9.727884083986282349e-03,-6.166233867406845093e-02,-5.709486827254295349e-02,-3.237005556002259254e-03,-6.938242912292480469e-02,-1.493969261646270752e-01,-9.975282102823257446e-02,-2.459422200918197632e-01,-9.526715427637100220e-02,-4.387290477752685547e-01,-3.256408274173736572e-01,-5.233203992247581482e-02,2.963726175948977470e-03,-1.060278043150901794e-01,-5.967795848846435547e-02,-1.381727606058120728e-01,9.584759175777435303e-02,-2.033790200948715210e-01,5.938169360160827637e-02,1.183033660054206848e-01,8.680309355258941650e-02,-3.554448783397674561e-01,-3.377309739589691162e-01,-3.787436485290527344e-01,-4.658470153808593750e-01,-3.749503493309020996e-01,-3.939499557018280029e-01,-2.732873558998107910e-01,6.313803791999816895e-02,-2.799988687038421631e-01,-2.040439397096633911e-01,-8.008081465959548950e-02,-3.929611295461654663e-02,-1.337458938360214233e-01,1.412431336939334869e-02,1.686452180147171021e-01,2.854256331920623779e-01,-2.530905976891517639e-02,-3.389992117881774902e-01,-4.058331847190856934e-01,-2.607516348361968994e-01,-4.739983007311820984e-02,1.939825899899005890e-02
5.757572501897811890e-02,7.783775031566619873e-02,3.469726070761680603e-02,5.487000569701194763e-02,0.000000000000000000e+00,3.677366673946380615e-01,1.887341029942035675e-02,1.316002309322357178e-01,1.475431770086288452e-01,1.559674181044101715e-02,5.597538128495216370e-02,-5.496180802583694458e-02,-2.637987583875656128e-02,-6.159098818898200989e-02,2.484379857778549194e-01,7.493175566196441650e-02,1.748297959566116333e-01,1.148882582783699036e-01,-8.967228233814239502e-03,1.203638911247253418e-01,1.893880218267440796e-01,1.867019683122634888e-01,5.165709555149078369e-02,1.715906430035829544e-03,1.060118973255157471e-01,4.762075841426849365e-02,1.625439673662185669e-01,1.478793323040008545e-01,-3.178358078002929688e-02,-3.590629249811172485e-02,2.034298777580261230e-01,-1.954644471406936646e-01,-1.087152734398841858e-01,-1.648432761430740356e-01,-1.673506796360015869e-01,-1.925909072160720825e-01,2.981639467179775238e-02,-1.853750646114349365e-01,8.290252834558486938e-02,3.919550031423568726e-02,1.733323335647583008e-01,-1.496598683297634125e-02,-3.366925939917564392e-02,7.491146028041839600e-02,-5.864505097270011902e-02,5.671688541769981384e-02,5.988873168826103210e-02,4.993862286210060120e-02,9.291216731071472168e-02,4.507322981953620911e-02,7.113537192344665527e-02,-2.229335904121398926e-02,-8.668620884418487549e-02,-2.246948927640914917e-01,1.078055240213871002e-02,-4.305032081902027130e-03,1.989544369280338287e-02,1.028023101389408112e-02,1.658126115798950195e-01,1.863961517810821533e-01,2.766259200870990753e-02,-1.164999902248382568e-01,1.336855292320251465e-01,-4.986598715186119080e-02,-6.828168034553527832e-02,-2.526889741420745850e-01,1.765920221805572510e-02,4.046373814344406128e-02,1.995797827839851379e-02,-2.602825686335563660e-02,2.215147018432617188e-01,5.235810950398445129e-02,-2.459765225648880005e-01,2.383356690406799316e-01,-7.356458157300949097e-02,-1.913527101278305054e-01,1.878626495599746704e-01,-4.044589027762413025e-02,-6.684724986553192139e-02,-9.901130199432373047e-02,-2.156123146414756775e-02,-6.483140587806701660e-02,1.581135839223861694e-01,9.109791368246078491e-02,9.894065558910369873e-03,-1.396699249744415283e-01,3.393170982599258423e-02,-6.209453940391540527e-02,-7.464932650327682495e-02,-1.923161447048187256e-01,-1.976367272436618805e-02,-3.114267587661743164e-01,-2.355282008647918701e-01,-2.787789106369018555e-01,-4.316029325127601624e-02,1.847307533025741577e-01,-1.293256282806396484e-01,4.181470349431037903e-02,2.869817987084388733e-02,8.844233304262161255e-02,1.626144796609878540e-01,-1.961206346750259399e-01,2.207718342542648315e-01,3.077262639999389648e-02,5.544181913137435913e-02,-8.038797974586486816e-02,-3.637448698282241821e-02,1.500540375709533691e-01,-9.970737248659133911e-02,-3.071213960647583008e-01,-2.264971137046813965e-01,-6.300738453865051270e-02,1.730824708938598633e-01,1.482274830341339111e-01,-8.374833315610885620e-02,-7.697787135839462280e-02
1.887956559658050537e-01,1.087897419929504395e-01,-3.587746918201446533e-01,-1.826278865337371826e-01,3.677366673946380615e-01,0.000000000000000000e+00,-2.127333432435989380e-01,-3.983169794082641602e-02,4.455263614654541016e-01,4.224320352077484131e-01,6.949436664581298828e-02,1.528504937887191772e-01,-6.841072440147399902e-02,-1.555064413696527481e-02,5.375220179557800293e-01,3.909341394901275635e-01,5.746721848845481873e-02,1.243288069963455200e-01,-5.387179087847471237e-03,1.426373124122619629e-01,1.602606326341629028e-01,9.203931689262390137e-02,-3.163512051105499268e-01,-3.351541161537170410e-01,1.321497708559036255e-01,2.602419257164001465e-01,5.286030173301696777e-01,4.062416553497314453e-01,-1.957025192677974701e-02,4.686901345849037170e-02,2.648920416831970215e-01,3.249668702483177185e-02,-2.914818376302719116e-02,5.337878596037626266e-03,-1.434729397296905518e-01,-5.203228816390037537e-02,1.473285630345344543e-02,-1.573461741209030151e-01,5.234612524509429932e-02,4.698467999696731567e-02,9.703986346721649170e-02,2.009709551930427551e-02,-1.679240539669990540e-02,1.601183712482452393e-01,1.362885981798171997e-01,2.598578929901123047e-01,3.667722269892692566e-02,1.152326464653015137e-01,1.357659846544265747e-01,4.741903394460678101e-02,2.644252404570579529e-02,-1.993630267679691315e-02,-1.365158408880233765e-01,-3.595917522907257080e-01,4.248535633087158203e-02,5.741711333394050598e-02,1.407649647444486618e-02,1.749788783490657806e-02,2.763483226299285889e-01,3.096280992031097412e-01,1.393406391143798828e-01,1.713300794363021851e-01,9.757570177316665649e-02,8.700982481241226196e-02,-3.967241197824478149e-02,7.009435910731554031e-03,1.445332914590835571e-01,2.332073003053665161e-01,8.421178162097930908e-02,1.687719114124774933e-02,1.644029468297958374e-01,-4.413554072380065918e-02,-1.594696491956710815e-01,1.840965598821640015e-01,7.986592501401901245e-02,-6.992751359939575195e-02,-1.048691719770431519e-01,-1.128821447491645813e-01,2.129846997559070587e-02,-1.001535076647996902e-02,9.068205952644348145e-02,-1.139922216534614563e-01,2.263145446777343750e-01,5.744995549321174622e-02,-5.471215583384037018e-03,-2.434430718421936035e-01,2.206446379423141479e-01,1.543169170618057251e-01,1.539683640003204346e-01,-2.520282268524169922e-01,1.186899393796920776e-01,-3.648865818977355957e-01,-2.529010176658630371e-01,-4.578017294406890869e-01,1.310396045446395874e-01,1.363789141178131104e-01,1.278229653835296631e-01,1.861590445041656494e-01,2.762098610401153564e-01,2.622460424900054932e-01,3.601826131343841553e-01,-3.033081591129302979e-01,3.479507267475128174e-01,1.367762088775634766e-01,-3.811428323388099670e-02,-2.104104459285736084e-01,1.004561260342597961e-01,6.550122052431106567e-02,-1.330809593200683594e-01,-1.409302502870559692e-01,-1.912743039429187775e-02,1.238400265574455261e-01,2.203893065452575684e-01,6.068602204322814941e-02,-2.695600986480712891e-01,2.700493671000003815e-02
8.516610413789749146e-02,-2.005958408117294312e-01,6.325061917304992676e-01,5.144566893577575684e-01,1.887341029942035675e-02,-2.127333432435989380e-01,0.000000000000000000e+00,4.084549844264984131e-01,9.911771118640899658e-02,-5.295900162309408188e-03,4.626289755105972290e-02,-5.144729465246200562e-02,4.318254888057708740e-01,5.841228365898132324e-02,-1.495005637407302856e-01,-2.260605841875076294e-01,-2.327775806188583374e-01,-3.197849988937377930e-01,1.460673809051513672e-01,-8.338619768619537354e-02,-3.143647611141204834e-01,-2.183245867490768433e-01,3.852919340133666992e-01,4.579366445541381836e-01,-1.047070920467376709e-01,2.148501761257648468e-02,-1.620121300220489502e-01,-2.294674366712570190e-01,-1.143900454044342041e-01,-3.030169010162353516e-01,-1.132651120424270630e-01,5.401391535997390747e-02,2.168865203857421875e-01,1.609426736831665039e-01,2.915879786014556885e-01,1.943067759275436401e-01,-2.975650131702423096e-01,-1.783791631460189819e-01,-2.896882295608520508e-01,-3.133484423160552979e-01,-2.837674915790557861e-01,-2.111319005489349365e-01,-1.064539402723312378e-01,-2.140232622623443604e-01,-9.445638954639434814e-02,-1.360468268394470215e-01,-2.390986979007720947e-01,-2.880139648914337158e-01,-5.246122553944587708e-02,-1.544506549835205078e-01,1.659975573420524597e-02,-1.684458702802658081e-01,-9.859538823366165161e-02,-9.432173520326614380e-02,-2.406744360923767090e-01,-3.704204857349395752e-01,-1.223739311099052429e-01,-1.885649710893630981e-01,-3.084169700741767883e-02,-1.413571983575820923e-01,3.736428916454315186e-01,1.948840469121932983e-01,4.034818336367607117e-02,-2.890958189964294434e-01,4.401667118072509766e-01,1.929662674665451050e-01,1.841789335012435913e-01,1.596936956048011780e-02,-1.983857005834579468e-01,-3.071083426475524902e-01,1.111485138535499573e-01,1.766264736652374268e-01,-7.777971774339675903e-02,-1.376303583383560181e-01,-3.944692015647888184e-02,-1.000850424170494080e-01,1.658981442451477051e-01,7.126805372536182404e-03,-2.895913720130920410e-01,-5.190163850784301758e-02,-3.725464940071105957e-01,-8.970089256763458252e-02,-4.043629169464111328e-01,-2.579226791858673096e-01,-5.555124208331108093e-02,-4.888065904378890991e-02,-1.289314180612564087e-01,-9.601350873708724976e-02,-2.492071688175201416e-02,2.183826081454753876e-02,-2.919768542051315308e-02,2.574969232082366943e-01,1.357073187828063965e-01,1.601642072200775146e-01,-3.012351095676422119e-01,-2.669241726398468018e-01,-4.022709727287292480e-01,-4.480366706848144531e-01,-2.521108686923980713e-01,-2.162979245185852051e-01,-1.965250521898269653e-01,1.642308980226516724e-01,-1.352721303701400757e-01,-2.832330949604511261e-02,-9.351698309183120728e-02,1.800533384084701538e-02,-3.993596136569976807e-02,7.086291164159774780e-02,2.532766759395599365e-01,2.024404406547546387e-01,-5.777559056878089905e-02,-2.514773607254028320e-01,-2.430630773305892944e-01,-1.318617761135101318e-01,7.615176495164632797e-03,-3.509639576077461243e-02
4.517571069300174713e-03,3.337585180997848511e-02,3.345156610012054443e-01,6.617679595947265625e-01,1.316002309322357178e-01,-3.983169794082641602e-02,4.084549844264984131e-01,0.000000000000000000e+00,-7.791449874639511108e-02,-9.594597667455673218e-02,-1.174084469676017761e-02,3.427775204181671143e-01,7.542715966701507568e-02,3.846438527107238770e-01,-3.653667867183685303e-01,-3.703713417053222656e-01,8.638280630111694336e-02,9.327160567045211792e-02,-6.542137823998928070e-03,1.662456095218658447e-01,-2.068181931972503662e-01,-2.421603351831436157e-01,1.981905847787857056e-01,3.918606042861938477e-01,-2.725570797920227051e-01,-1.906964778900146484e-01,-3.150707483291625977e-01,-3.911812603473663330e-01,4.273974895477294922e-02,2.013232372701168060e-02,-1.492337137460708618e-01,5.392367485910654068e-03,2.663139402866363525e-01,3.964505791664123535e-01,-1.343314498662948608e-01,-7.081443071365356445e-02,-3.611908853054046631e-01,-2.248207926750183105e-01,-1.699251979589462280e-01,-1.736714392900466919e-01,-2.595827877521514893e-01,-2.692169547080993652e-01,-6.673721969127655029e-02,-8.774071186780929565e-02,-6.461941450834274292e-02,1.051111426204442978e-02,-2.233709245920181274e-01,-1.884231418371200562e-01,-1.885061338543891907e-02,-1.023864224553108215e-01,-2.372438088059425354e-02,-1.420202106237411499e-01,-8.296905457973480225e-02,-1.322663873434066772e-01,-2.450782209634780884e-01,-4.380765259265899658e-01,6.044606491923332214e-02,4.578425362706184387e-02,-1.199466735124588013e-02,-4.749944061040878296e-02,2.878383696079254150e-01,4.121443033218383789e-01,2.580359280109405518e-01,2.305011302232742310e-01,-8.070247620344161987e-02,6.168610602617263794e-02,-1.684503704309463501e-01,-2.821150794625282288e-02,-1.150487065315246582e-01,-8.788990788161754608e-03,1.283014863729476929e-01,9.550771862268447876e-02,-2.803768962621688843e-02,-1.817097701132297516e-02,-1.077931523323059082e-01,-1.119726896286010742e-01,8.285968564450740814e-03,1.734413951635360718e-02,3.282998129725456238e-02,2.962290076538920403e-03,-8.165130019187927246e-02,-9.225270152091979980e-02,-4.143719971179962158e-01,-3.912930190563201904e-01,-1.901971101760864258e-01,-7.077182084321975708e-02,-2.561099231243133545e-01,-3.255518972873687744e-01,-1.950782686471939087e-01,-1.127178072929382324e-01,-1.446175277233123779e-01,-9.816875308752059937e-02,4.370491951704025269e-02,-9.783019870519638062e-02,-3.022739291191101074e-01,-3.015753924846649170e-01,-2.883166074752807617e-01,-4.185817837715148926e-01,-2.398560792207717896e-01,-3.241811096668243408e-01,-1.475757807493209839e-01,-2.003123052418231964e-02,-2.127646952867507935e-01,-2.527224421501159668e-01,-7.663959264755249023e-02,-1.345889121294021606e-01,-2.088610529899597168e-01,-4.520754516124725342e-02,2.117992490530014038e-01,1.640780568122863770e-01,-1.476458013057708740e-01,-2.392617166042327881e-01,-2.928009927272796631e-01,-2.605363130569458008e-01,-7.605066895484924316e-02,4.695134237408638000e-03
2.293822169303894043e-01,-5.489053949713706970e-02,1.724216900765895844e-02,1.810766570270061493e-02,1.475431770086288452e-01,4.455263614654541016e-01,9.911771118640899658e-02,-7.791449874639511108e-02,0.000000000000000000e+00,7.423673868179321289e-01,-1.305110454559326172e-01,-6.418286822736263275e-03,2.381775826215744019e-01,1.262364443391561508e-02,5.364563465118408203e-01,3.992819488048553467e-01,-4.241159260272979736e-01,-2.723057270050048828e-01,-2.429484762251377106e-02,-9.231328964233398438e-02,-9.828927367925643921e-02,3.539947420358657837e-02,-1.007910817861557007e-01,-3.323573619127273560e-02,9.443946927785873413e-02,5.499354004859924316e-01,4.768803417682647705e-01,1.306964606046676636e-01,-2.218557745218276978e-01,-2.021270394325256348e-01,2.709660232067108154e-01,1.856712847948074341e-01,-7.351703196763992310e-02,-1.440124493092298508e-02,-6.974548846483230591e-02,-3.431055694818496704e-02,6.747891008853912354e-02,8.705245330929756165e-03,-1.677341312170028687e-01,-1.488561332225799561e-01,-3.906775265932083130e-02,6.876278668642044067e-02,-2.819922566413879395e-01,-1.616458892822265625e-01,5.224891379475593567e-02,-5.446399096399545670e-03,-1.265840381383895874e-01,-2.186378538608551025e-01,7.612809538841247559e-02,-1.436059027910232544e-01,1.566196046769618988e-02,-1.045316681265830994e-01,-2.871148288249969482e-01,-4.851077497005462646e-01,-1.234141513705253601e-01,-5.436550080776214600e-02,-7.595386356115341187e-02,-4.943002387881278992e-02,3.830268681049346924e-01,2.980968654155731201e-01,1.488130986690521240e-01,-9.425594471395015717e-03,1.607218571007251740e-02,-3.045592829585075378e-02,1.296942383050918579e-01,2.664524689316749573e-02,2.330667227506637573e-01,9.787113219499588013e-02,1.338734626770019531e-01,-2.648110389709472656e-01,4.720578789710998535e-01,4.408353567123413086e-01,1.844594925642013550e-01,2.223967015743255615e-02,3.372785747051239014e-01,2.220647931098937988e-01,-2.658968269824981689e-01,-1.902668736875057220e-02,-1.411647349596023560e-01,-1.781967878341674805e-01,-1.041594073176383972e-01,-6.816516816616058350e-02,-7.852974347770214081e-03,-6.212829053401947021e-02,1.459499597549438477e-01,-2.874656319618225098e-01,3.381934165954589844e-01,3.576619327068328857e-01,4.855757951736450195e-01,-1.294632107019424438e-01,-1.233389005064964294e-01,-2.936834990978240967e-01,-4.429752528667449951e-01,-4.260812103748321533e-01,-2.188664302229881287e-02,-1.749972552061080933e-01,-5.062247067689895630e-02,-2.103064581751823425e-02,2.157371044158935547e-01,2.020874917507171631e-01,3.637999594211578369e-01,-2.789481878280639648e-01,4.306660890579223633e-01,3.346844017505645752e-01,-1.784347295761108398e-01,-2.439438402652740479e-01,2.974704205989837646e-01,9.604550898075103760e-02,1.227367855608463287e-02,1.131806001067161560e-01,1.862108409404754639e-01,-1.474522650241851807e-01,1.275507733225822449e-02,-1.508160978555679321e-01,-4.132927954196929932e-01,6.208585947751998901e-02
1.583126485347747803e-01,-1.537114381790161133e-01,-1.440891027450561523e-01,-3.327100351452827454e-02,1.559674181044101715e-02,4.224320352077484131e-01,-5.295900162309408188e-03,-9.594597667455673218e-02,7.423673868179321289e-01,0.000000000000000000e+00,-1.400002092123031616e-01,2.261510305106639862e-02,1.572165787220001221e-01,3.999628871679306030e-02,5.358424782752990723e-01,5.403391122817993164e-01,-4.198363125324249268e-01,-2.540477216243743896e-01,-4.268779978156089783e-02,-1.369579583406448364e-01,-6.756418198347091675e-02,4.683028906583786011e-02,-1.728297322988510132e-01,-1.091148480772972107e-01,1.338129788637161255e-01,5.601114630699157715e-01,4.607093036174774170e-01,9.979781508445739746e-02,-2.297361195087432861e-01,-1.427058428525924683e-01,2.491248399019241333e-01,2.292700111865997314e-01,-3.198882192373275757e-02,3.049352206289768219e-02,2.250275202095508575e-02,5.302853137254714966e-02,1.212814673781394958e-01,8.552855253219604492e-02,-7.960127294063568115e-02,-6.329799443483352661e-02,1.046672184020280838e-02,1.297194361686706543e-01,-3.069641292095184326e-01,-1.695718914270401001e-01,8.817498385906219482e-02,-4.482369124889373779e-02,-1.959829479455947876e-01,-2.388474792242050171e-01,7.507858332246541977e-03,-2.465350180864334106e-01,-6.607193499803543091e-02,-2.139912396669387817e-01,-4.234904050827026367e-01,-5.572639107704162598e-01,-1.899596005678176880e-01,-9.943014383316040039e-02,-1.684116870164871216e-01,-1.239697411656379700e-01,2.500296831130981445e-01,1.648595482110977173e-01,6.479950249195098877e-02,7.497453480027616024e-04,-2.451652474701404572e-02,-3.973783925175666809e-02,1.344425827264785767e-01,9.303350746631622314e-02,1.925679445266723633e-01,7.408390194177627563e-02,7.593402266502380371e-02,-3.380549252033233643e-01,3.792148530483245850e-01,3.189512193202972412e-01,2.011862844228744507e-01,-7.477639615535736084e-02,4.082251191139221191e-01,3.321958184242248535e-01,-2.881007194519042969e-01,3.915175423026084900e-02,-1.524907648563385010e-01,-2.017830163240432739e-01,-9.105179458856582642e-02,-7.295939326286315918e-02,1.036429032683372498e-01,-5.832067690789699554e-04,7.884373515844345093e-02,-3.165231943130493164e-01,5.077961087226867676e-01,5.272248387336730957e-01,4.381527602672576904e-01,-7.694733887910842896e-02,-9.851303696632385254e-02,-2.951414287090301514e-01,-4.322049617767333984e-01,-4.163087308406829834e-01,-4.744639247655868530e-02,-2.094711661338806152e-01,-2.778081595897674561e-02,-1.222571358084678650e-02,2.181196808815002441e-01,2.192895859479904175e-01,3.105507791042327881e-01,-3.152312636375427246e-01,4.091477990150451660e-01,3.476940393447875977e-01,-1.841899454593658447e-01,-2.331038564443588257e-01,3.598777949810028076e-01,1.251095384359359741e-01,-1.131126005202531815e-02,1.005171164870262146e-01,1.839517503976821899e-01,-1.685098260641098022e-01,-6.188119947910308838e-02,-1.505452096462249756e-01,-4.286631643772125244e-01,1.158977374434471130e-01
3.279567658901214600e-01,2.474386692047119141e-01,7.599282264709472656e-02,-1.144873946905136108e-01,5.597538128495216370e-02,6.949436664581298828e-02,4.626289755105972290e-02,-1.174084469676017761e-02,-1.305110454559326172e-01,-1.400002092123031616e-01,0.000000000000000000e+00,1.283098608255386353e-01,4.979397058486938477e-01,2.254649102687835693e-01,2.501749992370605469e-01,3.245161846280097961e-02,4.318749010562896729e-01,3.496695458889007568e-01,3.699151277542114258e-01,2.479748874902725220e-01,1.750373095273971558e-01,-2.711097002029418945e-01,1.977068632841110229e-01,2.144896984100341797e-02,-3.213833644986152649e-02,-2.477351576089859009e-01,7.098075002431869507e-02,5.062146577984094620e-03,7.336651533842086792e-02,1.974139213562011719e-01,2.333250343799591064e-01,6.343059241771697998e-02,3.103896975517272949e-01,1.230411157011985779e-01,8.163301646709442139e-02,-4.099361971020698547e-02,-2.420480549335479736e-01,-3.514438271522521973e-01,9.548226743936538696e-02,5.405862629413604736e-02,-1.274976432323455811e-01,-1.457470357418060303e-01,9.182951599359512329e-02,7.946412265300750732e-02,4.005457088351249695e-02,5.802683532238006592e-02,-1.104504391551017761e-01,3.909404948353767395e-02,-1.796049922704696655e-01,1.757533848285675049e-01,1.008897721767425537e-01,7.748610526323318481e-02,6.054106354713439941e-02,1.367590203881263733e-02,-8.337634801864624023e-02,-2.888002805411815643e-02,2.458367049694061279e-01,1.657887548208236694e-01,2.133909426629543304e-02,1.950614452362060547e-01,2.641975879669189453e-01,1.189638487994670868e-02,3.647886514663696289e-01,-2.166239172220230103e-02,1.974248290061950684e-01,-1.350104659795761108e-01,-7.485496997833251953e-02,-1.297578811645507812e-01,4.512411355972290039e-02,1.686428114771842957e-02,4.803192242980003357e-02,-1.720790416002273560e-01,-5.254132673144340515e-02,-5.918584018945693970e-02,1.297540515661239624e-01,-3.895445540547370911e-02,8.177327364683151245e-02,-1.462035179138183594e-01,1.180014908313751221e-01,1.868541687726974487e-01,2.342631518840789795e-01,1.531022787094116211e-01,1.702506840229034424e-02,-2.658389806747436523e-01,3.301390111446380615e-01,-9.736102819442749023e-02,7.975306361913681030e-03,-1.870317012071609497e-01,-1.600029915571212769e-01,-2.289648503065109253e-01,2.417749539017677307e-02,-1.179249659180641174e-01,-1.012971028685569763e-01,-1.344046890735626221e-01,-1.520566791296005249e-01,-1.333578079938888550e-01,-9.972520917654037476e-02,-1.443019360303878784e-01,-3.153043985366821289e-02,-3.885792940855026245e-02,-5.211112275719642639e-02,-2.195259928703308105e-01,-9.235699474811553955e-02,-3.221011161804199219e-01,-3.343668580055236816e-01,-3.408584594726562500e-01,-4.426354765892028809e-01,3.694362938404083252e-02,-8.257295936346054077e-02,-4.419878125190734863e-02,-8.126743137836456299e-02,2.092546038329601288e-02,-2.322602644562721252e-02,-2.126907370984554291e-02,-1.376045644283294678e-01,-8.799320459365844727e-02
1.446134299039840698e-01,1.895539909601211548e-01,-2.379947155714035034e-01,2.654873020946979523e-02,-5.496180802583694458e-02,1.528504937887191772e-01,-5.144729465246200562e-02,3.427775204181671143e-01,-6.418286822736263275e-03,2.261510305106639862e-02,1.283098608255386353e-01,0.000000000000000000e+00,2.620344981551170349e-02,5.736796855926513672e-01,-2.231951989233493805e-02,-2.870223112404346466e-02,1.693955659866333008e-01,2.839096784591674805e-01,-5.710930377244949341e-02,1.948706507682800293e-01,4.336399585008621216e-02,-1.558789014816284180e-01,-2.932021915912628174e-01,-1.454499661922454834e-01,-2.556778788566589355e-01,-2.531386613845825195e-01,-2.415047213435173035e-02,-2.281190268695354462e-02,8.740531653165817261e-02,1.735344976186752319e-01,-5.339892208576202393e-02,1.052588373422622681e-01,1.509187519550323486e-01,2.933485805988311768e-01,-1.655676215887069702e-01,4.773820191621780396e-02,-2.369990646839141846e-01,-2.454792112112045288e-01,-5.034978315234184265e-02,-7.942771166563034058e-02,-1.258591711521148682e-01,-1.283546686172485352e-01,2.010854780673980713e-01,2.547690868377685547e-01,7.726116478443145752e-02,2.257178574800491333e-01,1.184755861759185791e-01,1.736704260110855103e-01,1.420912053436040878e-02,3.926701471209526062e-02,9.840492159128189087e-02,1.324562579393386841e-01,1.050322055816650391e-01,-2.372756041586399078e-02,6.681777536869049072e-02,-1.159127503633499146e-01,6.406456977128982544e-02,9.079108387231826782e-02,6.611762195825576782e-02,1.139234602451324463e-01,3.176028728485107422e-01,4.937039911746978760e-01,2.091912031173706055e-01,4.475307464599609375e-01,-1.162928640842437744e-01,2.846920788288116455e-01,-1.199876666069030762e-01,1.821701526641845703e-01,-1.292547434568405151e-01,5.212938785552978516e-02,3.523148596286773682e-02,-6.822317093610763550e-02,7.189290225505828857e-02,1.172309890389442444e-01,4.078123345971107483e-02,1.266504079103469849e-02,-1.150850132107734680e-01,8.679699152708053589e-02,1.995459198951721191e-01,8.327227830886840820e-02,2.129654437303543091e-01,-4.599313065409660339e-02,-1.670255959033966064e-01,-2.606365382671356201e-01,-5.196189135313034058e-02,5.794973671436309814e-02,-2.493300735950469971e-01,-3.321745395660400391e-01,-1.113324910402297974e-01,-3.334869444370269775e-01,2.178106904029846191e-01,-2.369757741689682007e-01,8.590973913669586182e-02,-2.755743861198425293e-01,-1.033698394894599915e-01,-1.465722024440765381e-01,-4.490225017070770264e-02,-7.322057336568832397e-02,1.278495639562606812e-01,1.265615224838256836e-02,1.972225755453109741e-01,-1.500742733478546143e-01,3.521640226244926453e-02,-1.419740021228790283e-01,-1.743315756320953369e-01,-2.930012941360473633e-01,-2.890884280204772949e-01,3.648725152015686035e-02,1.027852948755025864e-02,3.145768493413925171e-02,2.866376005113124847e-02,6.190368533134460449e-02,2.910109609365463257e-02,-1.917970478534698486e-01,-8.958794921636581421e-02,-9.134736657142639160e-02
3.093839287757873535e-01,1.536809653043746948e-02,4.022853076457977295e-01,1.238546296954154968e-01,-2.637987583875656128e-02,-6.841072440147399902e-02,4.318254888057708740e-01,7.542715966701507568e-02,2.381775826215744019e-01,1.572165787220001221e-01,4.979397058486938477e-01,2.620344981551170349e-02,0.000000000000000000e+00,2.074596285820007324e-01,2.949206233024597168e-01,6.527014821767807007e-02,-6.692919880151748657e-02,-4.319878295063972473e-02,2.613325417041778564e-01,-1.497209072113037109e-02,-9.872257709503173828e-02,-1.835752427577972412e-01,3.377500474452972412e-01,2.823386192321777344e-01,-1.914716511964797974e-02,3.290841728448867798e-02,8.045022189617156982e-02,-1.449041962623596191e-01,-1.135343909263610840e-01,-9.670396149158477783e-02,1.965605020523071289e-01,1.510242223739624023e-01,1.304578334093093872e-01,3.164730034768581390e-03,1.954483687877655029e-01,2.484222501516342163e-02,-2.048690021038055420e-01,-2.220772802829742432e-01,-1.195842623710632324e-01,-1.383590251207351685e-01,-1.678334921598434448e-01,-8.761783689260482788e-02,-1.941243372857570648e-02,-5.864087119698524475e-02,-2.744686789810657501e-02,-1.220239326357841492e-01,-1.539663374423980713e-01,-1.226683408021926880e-01,-6.323868781328201294e-02,5.869825184345245361e-02,1.802467703819274902e-01,-6.158465053886175156e-03,-1.670000143349170685e-02,-1.492971777915954590e-01,-1.444556862115859985e-01,-1.510960459709167480e-01,5.746280401945114136e-02,-1.034334418363869190e-03,6.303218752145767212e-02,9.798886626958847046e-02,3.453621566295623779e-01,-1.204640883952379227e-02,1.981530636548995972e-01,-2.231034338474273682e-01,4.178344905376434326e-01,-8.537110686302185059e-02,3.833732753992080688e-02,-1.996855735778808594e-01,1.155269239097833633e-02,-2.753937542438507080e-01,2.549243569374084473e-01,1.419576704502105713e-01,1.940963976085186005e-02,-1.314061582088470459e-01,1.761000901460647583e-01,2.880371920764446259e-02,3.433051332831382751e-02,-8.787766098976135254e-02,-5.913922563195228577e-02,3.633197396993637085e-02,-3.855366026982665062e-03,8.255276829004287720e-02,-1.555226594209671021e-01,-2.588381469249725342e-01,2.628727555274963379e-01,-2.189946770668029785e-01,4.432303458452224731e-02,-8.387002348899841309e-02,7.213798165321350098e-02,-1.931845098733901978e-01,-1.322133541107177734e-01,-1.325363107025623322e-02,-1.882795095443725586e-01,-6.549537181854248047e-02,-2.076504528522491455e-01,-2.425156831741333008e-01,-2.322319597005844116e-01,-2.573889195919036865e-01,-1.061072647571563721e-01,-3.288160264492034912e-02,-8.177672326564788818e-02,-1.116367205977439880e-01,-7.978915236890316010e-03,-1.261906325817108154e-01,-2.982122302055358887e-01,-2.597999870777130127e-01,-1.256171911954879761e-01,4.557149112224578857e-02,8.675793558359146118e-02,9.703207015991210938e-02,1.288264244794845581e-02,-1.514915525913238525e-01,-1.217050850391387939e-01,-1.079268231987953186e-01,-1.014798432588577271e-01,-7.470484822988510132e-02
