0.000000000000000000e+00,5.045259594917297363e-01,2.987807095050811768e-01,2.754797637462615967e-01,-1.681536287069320679e-01,-1.825953274965286255e-01,4.429158270359039307e-01,2.609778046607971191e-01,-8.431275188922882080e-02,-1.624986678361892700e-01,4.354304075241088867e-01,4.057650864124298096e-01,4.624239504337310791e-01,2.862711250782012939e-01,-1.476325243711471558e-01,-2.667490839958190918e-01,-1.671855337917804718e-02,1.291596889495849609e-01,4.744649827480316162e-01,4.362456202507019043e-01,-6.493335962295532227e-02,-8.900313079357147217e-02,6.648153811693191528e-02,2.182239443063735962e-01,-2.649223208427429199e-01,-2.545945644378662109e-01,-1.968842446804046631e-01,-2.181342840194702148e-01,9.266076982021331787e-02,3.091625310480594635e-02,3.300333023071289062e-01,2.157009840011596680e-01,2.922233045101165771e-01,2.781534790992736816e-01,-2.156713157892227173e-01,-2.857953906059265137e-01,-7.492057979106903076e-02,-2.226150035858154297e-01,-7.297226786613464355e-02,-1.804010123014450073e-01,-6.291518360376358032e-02,-1.013444215059280396e-01,-1.052329614758491516e-01,3.383892029523849487e-02,-1.235933005809783936e-01,-5.769164860248565674e-02,-8.456007391214370728e-02,-1.633383631706237793e-01,4.455883987247943878e-03,1.067044809460639954e-01,1.462709507904946804e-03,-1.566853560507297516e-02,-8.412224054336547852e-02,-2.751137316226959229e-01,4.178338125348091125e-02,-9.278605878353118896e-02,6.070875525474548340e-01,4.642574787139892578e-01,4.671027660369873047e-01,4.021206498146057129e-01,2.655684351921081543e-01,1.562151908874511719e-01,1.183461770415306091e-01,1.878993511199951172e-01,-1.578624099493026733e-01,-1.129015311598777771e-01,-6.383444648236036301e-03,-8.255312591791152954e-02,3.909443914890289307e-01,3.144142627716064453e-01,3.087626099586486816e-01,2.329297810792922974e-01,3.195604681968688965e-01,3.405542969703674316e-01,2.859001234173774719e-02,3.493057563900947571e-02,2.394122481346130371e-01,2.033686786890029907e-01,2.839167043566703796e-02,-1.887330710887908936e-01,1.765140444040298462e-01,4.230745881795883179e-02,-1.537067443132400513e-01,-2.133118510246276855e-01,6.942438427358865738e-03,-2.113721072673797607e-01,-1.248150691390037537e-01,-1.088161841034889221e-01,1.076788529753684998e-01,-2.961789965629577637e-01,-3.606563434004783630e-02,-1.969855278730392456e-01,-1.502065509557723999e-01,-4.025537371635437012e-01,7.417225837707519531e-02,-5.564551800489425659e-02,7.699998468160629272e-02,9.763821959495544434e-03,3.376205265522003174e-02,8.265804499387741089e-02,7.564334571361541748e-02,-2.621769607067108154e-01,1.055287122726440430e-01,-1.104878932237625122e-01,5.882982164621353149e-02,-5.800426751375198364e-02,-4.323839023709297180e-02,-1.474418328143656254e-03,9.970299154520034790e-02,1.100842952728271484e-01,-5.006262287497520447e-02,-1.874229460954666138e-01,-3.225003182888031006e-02,8.523833751678466797e-02,1.742181926965713501e-01,-7.510149478912353516e-02
5.045259594917297363e-01,0.000000000000000000e+00,2.773728072643280029e-01,1.136559247970581055e-01,-1.393818110227584839e-01,-1.554818004369735718e-01,3.433409333229064941e-01,1.838191151618957520e-01,-1.852578967809677124e-01,-1.978945136070251465e-01,3.870222568511962891e-01,4.015821218490600586e-01,3.286695480346679688e-01,1.888795495033264160e-01,-2.324842065572738647e-01,-3.479390442371368408e-01,1.555425822734832764e-01,2.663611769676208496e-01,5.190849900245666504e-01,4.923183917999267578e-01,-1.795625686645507812e-01,-1.873857825994491577e-01,-4.296587035059928894e-02,4.945430532097816467e-02,-3.019898235797882080e-01,-2.315387725830078125e-01,-1.897556781768798828e-01,-2.469348907470703125e-01,2.840856611728668213e-01,1.469225585460662842e-01,2.253303378820419312e-01,1.669032722711563110e-01,3.924457132816314697e-01,4.543083012104034424e-01,-1.291577517986297607e-01,-2.780103385448455811e-01,-5.472883209586143494e-02,-1.583583950996398926e-01,-7.555560022592544556e-02,-1.090127155184745789e-01,-1.225927248597145081e-01,1.960992813110351562e-02,-3.351181978359818459e-03,9.651152789592742920e-02,-8.583941310644149780e-02,-3.658997640013694763e-02,6.027697026729583740e-02,1.308279484510421753e-02,-8.171796053647994995e-02,-1.216495484113693237e-01,-8.828885108232498169e-02,-4.845694825053215027e-02,-1.579396277666091919e-01,-1.873944252729415894e-01,-9.325006604194641113e-02,-3.335692360997200012e-02,4.759284555912017822e-01,6.377080082893371582e-01,3.225260078907012939e-01,2.691309750080108643e-01,1.863848976790904999e-02,7.062585651874542236e-02,1.724219620227813721e-01,1.447741240262985229e-01,-8.930445462465286255e-02,-9.407965093851089478e-02,1.274634301662445068e-01,1.157301198691129684e-02,4.637436568737030029e-01,2.970919013023376465e-01,1.613615751266479492e-01,2.760410308837890625e-01,2.872813344001770020e-01,2.776154577732086182e-01,4.812650755047798157e-02,2.012428492307662964e-01,2.449800521135330200e-01,2.400800585746765137e-01,-1.527786813676357269e-02,2.170860953629016876e-02,7.004651427268981934e-02,1.159767135977745056e-01,-1.730259954929351807e-01,-1.345813572406768799e-01,-4.364693164825439453e-02,-2.193793356418609619e-01,-2.041086107492446899e-01,-1.924760937690734863e-01,-1.680951863527297974e-01,-1.981493234634399414e-01,-1.871135458350181580e-02,-8.545752614736557007e-02,-2.966070771217346191e-01,-2.776426076889038086e-01,2.684425003826618195e-02,7.129738479852676392e-02,2.427249848842620850e-01,1.707191318273544312e-01,2.996816635131835938e-01,3.202122449874877930e-01,6.193938478827476501e-02,-7.408189028501510620e-02,4.670241475105285645e-02,7.346560806035995483e-02,-7.354656234383583069e-03,-4.976588860154151917e-02,-6.985349208116531372e-02,-4.114589467644691467e-02,2.805207967758178711e-01,1.860893368721008301e-01,2.942362800240516663e-02,-6.815139669924974442e-03,-1.502043306827545166e-01,2.819390892982482910e-01,1.689545363187789917e-01,3.819627687335014343e-02
2.987807095050811768e-01,2.773728072643280029e-01,0.000000000000000000e+00,3.990223109722137451e-01,1.706351898610591888e-02,6.409332156181335449e-02,6.009917259216308594e-01,3.146106600761413574e-01,-5.213543027639389038e-02,-5.823761597275733948e-02,2.239471822977066040e-01,2.246352136135101318e-01,2.626354992389678955e-01,1.635627299547195435e-01,-1.825234144926071167e-01,-1.278175786137580872e-02,-1.163879781961441040e-01,-7.351972907781600952e-02,2.605226039886474609e-01,3.147716820240020752e-01,-4.095311462879180908e-02,-1.427893899381160736e-02,3.944606184959411621e-01,3.419782519340515137e-01,-1.117945984005928040e-01,-8.127752691507339478e-03,-2.938453108072280884e-02,-1.127192154526710510e-01,1.708152890205383301e-01,-9.187600761651992798e-02,3.889727592468261719e-01,3.841123282909393311e-01,3.403817117214202881e-01,3.031130433082580566e-01,1.640163064002990723e-01,-1.016078516840934753e-01,-3.332712873816490173e-02,-1.593042016029357910e-01,-1.980699598789215088e-01,-1.629421710968017578e-01,-1.863093376159667969e-01,-1.386243999004364014e-01,-1.481726858764886856e-02,3.472337871789932251e-02,-5.846092104911804199e-02,-2.415533810853958130e-01,-1.140725519508123398e-02,-3.094208538532257080e-01,-1.662469655275344849e-01,-1.575722396373748779e-01,-1.037481874227523804e-01,-1.780067235231399536e-01,-6.533786654472351074e-02,-3.854971528053283691e-01,2.317789010703563690e-02,-2.850589156150817871e-01,1.676011085510253906e-01,1.067049652338027954e-01,9.310995787382125854e-02,4.483714699745178223e-02,5.539906024932861328e-02,-4.560887068510055542e-02,-3.627388179302215576e-02,1.793853789567947388e-01,1.806000769138336182e-01,-1.533187739551067352e-02,3.482251167297363281e-01,2.996543049812316895e-01,1.841109842061996460e-01,2.089684903621673584e-01,3.339082896709442139e-01,2.407197952270507812e-01,2.906232140958309174e-02,2.401944994926452637e-01,1.523064374923706055e-01,2.179620116949081421e-01,3.029694557189941406e-01,2.430513501167297363e-01,-8.724641799926757812e-02,-2.744359076023101807e-01,-5.017548426985740662e-02,-3.583268448710441589e-02,-1.800364255905151367e-01,-2.264553159475326538e-01,9.175478667020797729e-02,-3.517983853816986084e-01,-5.998314544558525085e-02,-4.284286126494407654e-02,3.933512791991233826e-02,-2.372739762067794800e-01,8.363512344658374786e-03,-2.817350327968597412e-01,-1.249793469905853271e-01,-3.648378252983093262e-01,4.022527113556861877e-02,-4.414981976151466370e-02,4.885201901197433472e-02,-1.415298413485288620e-02,9.785217791795730591e-02,-3.431985853239893913e-03,2.964445650577545166e-01,-3.260119855403900146e-01,2.873642444610595703e-01,9.771781414747238159e-02,7.904704660177230835e-02,-1.216528788208961487e-01,1.283198893070220947e-01,5.181407928466796875e-02,-2.432959526777267456e-02,-2.638701163232326508e-02,-1.290612667798995972e-01,-2.460241764783859253e-01,-1.904140263795852661e-01,1.506352871656417847e-01,1.312551796436309814e-01,-1.040465384721755981e-02
2.754797637462615967e-01,1.136559247970581055e-01,3.990223109722137451e-01,0.000000000000000000e+00,-2.082186192274093628e-01,-4.708364605903625488e-02,3.856613636016845703e-01,6.500493884086608887e-01,-1.960380375385284424e-01,-1.566178649663925171e-01,-9.967661648988723755e-02,1.427465677261352539e-01,2.749939560890197754e-01,3.714550435543060303e-01,-2.433174699544906616e-01,3.279431909322738647e-02,-1.581514179706573486e-01,-1.881139725446701050e-01,6.798847019672393799e-02,2.667421698570251465e-01,1.152053400874137878e-01,1.612827740609645844e-02,4.159820675849914551e-01,6.262556314468383789e-01,-1.369993984699249268e-01,-8.415596187114715576e-02,-5.325350165367126465e-02,-1.865555942058563232e-01,-7.016407698392868042e-02,-5.643784627318382263e-02,5.192153453826904297e-01,5.590987205505371094e-01,2.810818552970886230e-01,3.060881495475769043e-01,2.014612704515457153e-01,2.872696146368980408e-02,1.051763519644737244e-01,3.565904917195439339e-03,-7.170984987169504166e-03,-1.274324674159288406e-02,-1.458925306797027588e-01,-1.201176866888999939e-01,-1.446354668587446213e-02,2.051392197608947754e-01,1.103633269667625427e-02,-3.492657840251922607e-02,-3.083616681396961212e-02,-1.263869851827621460e-01,-1.718004792928695679e-01,-1.003483012318611145e-01,-1.079525798559188843e-01,-1.717922985553741455e-01,-2.105514556169509888e-01,-4.274749755859375000e-01,-3.338033705949783325e-02,-2.741739712655544281e-02,1.358575671911239624e-01,3.807934001088142395e-02,4.716227203607559204e-02,-8.621143549680709839e-02,-5.604052171111106873e-02,2.412079870700836182e-01,-4.114520251750946045e-01,2.616672962903976440e-02,1.281993687152862549e-01,3.883364498615264893e-01,2.988404929637908936e-01,3.938260078430175781e-01,2.299048602581024170e-01,3.056680560111999512e-01,4.079282283782958984e-01,3.685849308967590332e-01,2.206954509019851685e-01,3.550816178321838379e-01,1.868988573551177979e-01,-5.414489656686782837e-02,9.711629152297973633e-02,1.154604926705360413e-01,3.017279785126447678e-03,-2.170998305082321167e-01,-1.517329663038253784e-01,-1.487033069133758545e-01,-1.505403369665145874e-01,-2.853547930717468262e-01,-1.810408830642700195e-01,4.385282844305038452e-02,4.115324094891548157e-02,1.506761610507965088e-01,2.169346958398818970e-01,-2.130898274481296539e-02,1.063449531793594360e-01,-2.457742691040039062e-01,-2.934574894607067108e-02,-4.168601334095001221e-01,4.780128970742225647e-02,8.905547438189387321e-04,2.675820700824260712e-02,4.470146819949150085e-02,-4.391152039170265198e-02,-1.304657310247421265e-01,2.293017506599426270e-01,-3.424274921417236328e-01,2.620754837989807129e-01,3.879847750067710876e-02,2.594206929206848145e-01,-1.519781537353992462e-02,5.694862455129623413e-02,3.501434251666069031e-02,8.877950906753540039e-02,5.470937490463256836e-02,-1.244154721498489380e-01,-1.427901834249496460e-01,-1.371331978589296341e-02,1.386628597974777222e-01,2.572762072086334229e-01,1.108139157295227051e-01
-1.681536287069320679e-01,-1.393818110227584839e-01,1.706351898610591888e-02,-2.082186192274093628e-01,0.000000000000000000e+00,7.313169240951538086e-01,-1.377246826887130737e-01,-6.449898332357406616e-02,6.705750226974487305e-01,6.916946768760681152e-01,1.113440394401550293e-01,-6.957390159368515015e-02,-1.412749439477920532e-01,-1.062180846929550171e-01,4.491572678089141846e-01,4.631439149379730225e-01,-3.977878764271736145e-02,8.263741619884967804e-04,-3.666875511407852173e-02,-1.307535320520401001e-01,6.015750393271446228e-02,6.067307293415069580e-02,1.964371651411056519e-01,-1.911960355937480927e-02,6.164939999580383301e-01,6.094118356704711914e-01,1.127078682184219360e-01,5.035006999969482422e-01,-1.106140464544296265e-01,-1.731496900320053101e-01,-3.060511052608489990e-01,-2.881214022636413574e-01,-2.252453565597534180e-01,-2.087168991565704346e-01,1.154008209705352783e-01,2.475197166204452515e-01,-5.951934680342674255e-02,-1.970793306827545166e-02,-1.050856411457061768e-01,-9.029874950647354126e-02,-1.070131585001945496e-01,-7.457900047302246094e-02,-1.301421672105789185e-01,-1.599850356578826904e-01,-1.640318334102630615e-01,-2.898382544517517090e-01,-9.449466317892074585e-02,-2.118367701768875122e-02,-1.008392050862312317e-01,-1.342489272356033325e-01,-1.276981681585311890e-01,-1.112129986286163330e-01,-2.021571993827819824e-02,1.923532970249652863e-02,-2.169795036315917969e-01,-4.000191763043403625e-02,-1.777448654174804688e-01,-1.841301023960113525e-01,-2.307704687118530273e-01,-1.904867589473724365e-01,9.157038480043411255e-02,-2.325277309864759445e-03,1.183824688196182251e-01,4.464232549071311951e-02,6.140668317675590515e-02,-4.675341024994850159e-02,-1.983431577682495117e-01,-1.622949987649917603e-01,-3.010511100292205811e-01,-2.977464199066162109e-01,-3.019056916236877441e-01,-2.758519053459167480e-01,-3.813948035240173340e-01,-3.230660855770111084e-01,-1.505629122257232666e-01,-2.413330785930156708e-02,-1.264685690402984619e-01,1.046575699001550674e-02,-1.089040338993072510e-01,7.102117408066987991e-03,-2.452978938817977905e-01,-2.473910450935363770e-01,3.423843160271644592e-02,1.540504693984985352e-01,5.647148564457893372e-02,-2.008081972599029541e-01,2.384447306394577026e-02,1.143985055387020111e-02,-1.747603267431259155e-01,-1.398294866085052490e-01,-1.625521034002304077e-01,1.199181675910949707e-01,-1.254920959472656250e-01,8.398739993572235107e-02,-1.752180606126785278e-01,-1.058822870254516602e-01,-9.614615887403488159e-02,-2.377583459019660950e-02,2.341138431802392006e-03,-6.415945291519165039e-02,1.728611439466476440e-01,8.064738661050796509e-02,1.424538344144821167e-01,1.903675347566604614e-01,-1.147302091121673584e-01,-1.034224107861518860e-01,3.341964259743690491e-02,-1.900194585323333740e-02,-8.217225968837738037e-02,-1.508723050355911255e-01,1.189279928803443909e-02,8.665473759174346924e-02,3.444095700979232788e-02,6.358888000249862671e-02,-1.669405102729797363e-01,1.889457181096076965e-02
-1.825953274965286255e-01,-1.554818004369735718e-01,6.409332156181335449e-02,-4.708364605903625488e-02,7.313169240951538086e-01,0.000000000000000000e+00,-6.487778574228286743e-02,1.184116154909133911e-01,6.535227298736572266e-01,7.036930918693542480e-01,4.753057658672332764e-02,-1.109704934060573578e-02,-9.989710152149200439e-02,1.505439728498458862e-02,4.194175004959106445e-01,5.389789938926696777e-01,-3.826420009136199951e-02,-2.347635105252265930e-02,-7.770762592554092407e-02,-7.158140838146209717e-02,9.139809757471084595e-02,8.534507453441619873e-02,2.166331559419631958e-01,8.752895891666412354e-02,5.935363769531250000e-01,6.365178227424621582e-01,1.085789799690246582e-01,4.973792731761932373e-01,-1.487147361040115356e-01,-1.371119171380996704e-01,-2.453614473342895508e-01,-2.126520276069641113e-01,-2.282940447330474854e-01,-1.809165030717849731e-01,1.311760991811752319e-01,2.508608698844909668e-01,-3.038039663806557655e-03,2.551430836319923401e-02,-8.547698706388473511e-02,-8.725994825363159180e-02,-8.879954367876052856e-02,-9.876718372106552124e-02,-1.488400697708129883e-01,-1.269781887531280518e-01,-1.907697916030883789e-01,-2.901429235935211182e-01,-9.248618036508560181e-02,-2.763081900775432587e-02,-1.936688721179962158e-01,-1.903724819421768188e-01,-1.685196310281753540e-01,-1.804329901933670044e-01,2.883947454392910004e-03,-5.409622937440872192e-02,-1.622721999883651733e-01,-3.116553463041782379e-02,-1.783875823020935059e-01,-2.001092284917831421e-01,-2.682568430900573730e-01,-2.249883562326431274e-01,9.997286647558212280e-02,1.283843964338302612e-01,4.117765277624130249e-02,1.112462505698204041e-01,9.394811093807220459e-02,7.195384055376052856e-02,-1.700887233018875122e-01,-9.690910577774047852e-02,-2.803952097892761230e-01,-2.733621299266815186e-01,-2.548620700836181641e-01,-2.290957123041152954e-01,-3.851382136344909668e-01,-2.723365724086761475e-01,-5.573240667581558228e-02,-5.326647683978080750e-02,-1.330385059118270874e-01,1.944287121295928955e-02,-1.180830821394920349e-01,-5.302031710743904114e-02,-2.610498070716857910e-01,-2.581734359264373779e-01,3.958502784371376038e-02,9.583307802677154541e-02,-2.136776968836784363e-02,-1.929396837949752808e-01,1.838379353284835815e-02,2.233847975730895996e-02,-1.258991956710815430e-01,-1.210413128137588501e-01,-3.672597184777259827e-02,6.646769493818283081e-02,-1.436810493469238281e-01,-8.855924941599369049e-03,-1.548888832330703735e-01,-1.666851490736007690e-01,-1.136891320347785950e-01,-5.342237651348114014e-02,6.136793643236160278e-02,-5.970930680632591248e-02,2.640004158020019531e-01,-4.315866623073816299e-03,2.221352607011795044e-01,2.042398601770401001e-01,-7.758487015962600708e-02,-1.203933805227279663e-01,6.434522569179534912e-02,6.680173333734273911e-03,-1.399672180414199829e-01,-1.692158430814743042e-01,1.011787448078393936e-02,9.464735537767410278e-02,7.522651553153991699e-02,1.093013659119606018e-01,-1.614967137575149536e-01,1.804690062999725342e-02
4.429158270359039307e-01,3.433409333229064941e-01,6.009917259216308594e-01,3.856613636016845703e-01,-1.377246826887130737e-01,-6.487778574228286743e-02,0.000000000000000000e+00,4.132717847824096680e-01,-2.035115659236907959e-01,-2.266089171171188354e-01,2.000150084495544434e-01,3.300647437572479248e-01,4.802630841732025146e-01,2.053943872451782227e-01,-1.681444346904754639e-01,-1.707701534032821655e-01,-1.475103944540023804e-01,1.500477269291877747e-02,3.402462899684906006e-01,3.943526446819305420e-01,-5.283700302243232727e-02,2.343766205012798309e-02,1.501296907663345337e-01,3.199365139007568359e-01,-3.295122981071472168e-01,-1.976932585239410400e-01,-5.763871222734451294e-02,-1.942200213670730591e-01,1.183572411537170410e-01,4.134542774409055710e-03,4.362178742885589600e-01,3.502368330955505371e-01,3.499910533428192139e-01,3.578794598579406738e-01,4.786768462508916855e-03,-1.587251275777816772e-01,3.378700464963912964e-02,-1.673651933670043945e-01,-5.552397295832633972e-02,-1.012397259473800659e-01,-1.023646593093872070e-01,-1.435243934392929077e-01,-7.731504738330841064e-02,1.132631674408912659e-01,-1.759934872388839722e-01,-9.713706374168395996e-02,-4.750304296612739563e-02,-2.305315732955932617e-01,-2.051951736211776733e-01,-1.360162347555160522e-01,-1.726103425025939941e-01,-2.747927010059356689e-01,-2.189389243721961975e-02,-4.317860007286071777e-01,1.564742475748062134e-01,-2.383083254098892212e-01,2.688921988010406494e-01,1.697545945644378662e-01,1.342492848634719849e-01,4.844280332326889038e-02,1.982479393482208252e-01,1.697736978530883789e-01,2.228941954672336578e-02,1.619543880224227905e-01,1.707565784454345703e-02,-5.697037279605865479e-02,2.439436465501785278e-01,1.453316509723663330e-01,2.598563730716705322e-01,2.516466081142425537e-01,4.342102408409118652e-01,3.904870450496673584e-01,2.264161705970764160e-01,3.277856409549713135e-01,9.198685735464096069e-02,1.930385082960128784e-01,3.248446583747863770e-01,2.408585697412490845e-01,-5.886046588420867920e-02,-2.560803890228271484e-01,1.341524720191955566e-02,-9.870901703834533691e-02,-7.466471195220947266e-02,-2.213865518569946289e-01,1.708814129233360291e-02,-3.258708715438842773e-01,1.687672571279108524e-03,-3.644212335348129272e-02,1.880478709936141968e-01,-1.607727855443954468e-01,1.595137119293212891e-01,-3.107887804508209229e-01,-1.238118633627891541e-01,-3.948127627372741699e-01,9.708549827337265015e-02,6.964825559407472610e-03,1.521014720201492310e-01,1.889583840966224670e-02,1.961182802915573120e-01,1.061319112777709961e-01,3.340965211391448975e-01,-2.931446433067321777e-01,3.159308731555938721e-01,5.493564531207084656e-02,2.093823701143264771e-01,-5.902578681707382202e-02,1.596930176019668579e-01,9.231603145599365234e-02,4.921446368098258972e-02,6.221400946378707886e-02,2.016969397664070129e-02,-1.641371250152587891e-01,-2.054541260004043579e-01,1.222933083772659302e-01,2.700154781341552734e-01,1.088867429643869400e-02
2.609778046607971191e-01,1.838191151618957520e-01,3.146106600761413574e-01,6.500493884086608887e-01,-6.449898332357406616e-02,1.184116154909133911e-01,4.132717847824096680e-01,0.000000000000000000e+00,-1.948877424001693726e-02,-3.965840151067823172e-04,1.691485010087490082e-02,3.711313009262084961e-01,3.958548605442047119e-01,5.530282258987426758e-01,-7.920234650373458862e-02,1.212126016616821289e-01,-1.364261656999588013e-01,-5.165740847587585449e-02,1.611570119857788086e-01,4.108907580375671387e-01,6.729633361101150513e-02,9.807030670344829559e-03,2.353980839252471924e-01,5.608715415000915527e-01,-3.590935841202735901e-02,4.785320907831192017e-02,-9.716941416263580322e-02,-6.855846941471099854e-02,-1.260631978511810303e-01,4.302386939525604248e-02,2.965991795063018799e-01,3.122178316116333008e-01,2.014127820730209351e-01,2.643364965915679932e-01,3.415615484118461609e-02,-8.582448586821556091e-03,1.041824817657470703e-01,2.654728293418884277e-02,3.575398400425910950e-02,1.139840576797723770e-02,-9.243398904800415039e-02,-8.002296835184097290e-02,-1.305535584688186646e-01,1.126057282090187073e-01,-1.786276549100875854e-01,-1.135077625513076782e-01,-8.580283075571060181e-02,-1.360623836517333984e-01,-2.844493985176086426e-01,-1.517335474491119385e-01,-1.969801932573318481e-01,-2.529720366001129150e-01,-2.217030227184295654e-01,-4.102235734462738037e-01,-7.635278161615133286e-03,-3.406151011586189270e-02,1.563421189785003662e-01,9.447425603866577148e-02,-6.525220721960067749e-02,-1.070700958371162415e-01,1.211751550436019897e-01,4.832804799079895020e-01,-2.541618645191192627e-01,1.650185883045196533e-01,3.750084713101387024e-02,4.208813309669494629e-01,7.204241305589675903e-02,2.033816576004028320e-01,1.385007202625274658e-01,1.792741417884826660e-01,2.547159790992736816e-01,3.162329792976379395e-01,2.238349616527557373e-01,2.553124725818634033e-01,8.956145495176315308e-02,-6.985124200582504272e-02,8.901225775480270386e-02,1.809281408786773682e-01,-8.224052190780639648e-02,-1.857960373163223267e-01,-1.128350645303726196e-01,-1.215888708829879761e-01,-2.815455757081508636e-02,-1.824580729007720947e-01,-2.566682100296020508e-01,-8.284210227429866791e-03,1.876619644463062286e-02,8.836513757705688477e-02,1.462218761444091797e-01,-4.415113106369972229e-02,1.294060051441192627e-01,-2.662746906280517578e-01,-9.138354659080505371e-02,-4.375340044498443604e-01,-4.773839935660362244e-02,-7.082538306713104248e-02,1.501712575554847717e-02,-2.057756483554840088e-02,5.400377884507179260e-02,-9.241663664579391479e-02,2.034008055925369263e-01,-3.202074468135833740e-01,2.324023246765136719e-01,3.635535016655921936e-02,1.933463215827941895e-01,-3.327675536274909973e-02,-9.192631114274263382e-05,4.498831555247306824e-02,2.958244085311889648e-02,-2.353355474770069122e-02,-3.427116572856903076e-02,-1.705811768770217896e-01,-3.042280860245227814e-02,9.358303248882293701e-02,2.020978182554244995e-01,4.625372588634490967e-02
-8.431275188922882080e-02,-1.852578967809677124e-01,-5.213543027639389038e-02,-1.960380375385284424e-01,6.705750226974487305e-01,6.535227298736572266e-01,-2.035115659236907959e-01,-1.948877424001693726e-02,0.000000000000000000e+00,7.348526716232299805e-01,1.513358354568481445e-01,-4.729651380330324173e-03,-4.832489788532257080e-02,3.489949181675910950e-02,4.481782615184783936e-01,4.560492932796478271e-01,-7.361178100109100342e-02,-7.239692658185958862e-02,2.192820608615875244e-02,-1.004569530487060547e-01,-5.400320515036582947e-02,-6.695900112390518188e-02,1.213056966662406921e-01,-5.047431215643882751e-02,6.299123167991638184e-01,5.709568262100219727e-01,-2.221372444182634354e-03,4.384056627750396729e-01,-1.762673258781433105e-01,-2.007228881120681763e-01,-3.934889435768127441e-01,-4.291954934597015381e-01,-2.452739328145980835e-01,-3.463020026683807373e-01,-1.307430490851402283e-02,1.203321069478988647e-01,-1.461196690797805786e-01,-4.514120146632194519e-02,-1.118149012327194214e-01,-2.046170085668563843e-01,-9.191554039716720581e-02,-1.409936696290969849e-01,-9.016694873571395874e-02,-1.389453113079071045e-01,-8.857405185699462891e-02,-1.944119334220886230e-01,-7.587538659572601318e-02,2.588149160146713257e-02,5.291403736919164658e-03,4.397001489996910095e-02,3.396314755082130432e-02,4.544778913259506226e-02,6.741171330213546753e-02,1.048054173588752747e-01,-1.645919829607009888e-01,3.254823759198188782e-02,-1.600526422262191772e-01,-1.647298783063888550e-01,-1.036189272999763489e-01,-6.710977852344512939e-02,2.763776481151580811e-01,1.301570981740951538e-01,9.881738573312759399e-02,7.469392567873001099e-02,3.416408225893974304e-02,1.930489204823970795e-02,-3.043312430381774902e-01,-3.011581599712371826e-01,-2.310122251510620117e-01,-2.296925038099288940e-01,-3.094137012958526611e-01,-2.995819449424743652e-01,-3.213422298431396484e-01,-2.980317771434783936e-01,-1.331850290298461914e-01,-1.353709101676940918e-01,-1.935739070177078247e-01,-6.719423830509185791e-02,-2.237784713506698608e-01,-1.432073116302490234e-01,-2.124739587306976318e-01,-1.650444418191909790e-01,2.260829508304595947e-02,5.394908413290977478e-02,-8.018696680665016174e-04,-1.287669241428375244e-01,-8.579017966985702515e-02,-4.581315815448760986e-02,-1.855375319719314575e-01,-1.140371710062026978e-01,-2.104978710412979126e-01,1.566869467496871948e-01,-1.272385567426681519e-01,1.120031625032424927e-01,-1.101603060960769653e-01,-1.799769848585128784e-01,-1.408239006996154785e-01,-9.215348958969116211e-02,-8.667303621768951416e-02,-5.926290154457092285e-02,8.402382582426071167e-02,4.743201285600662231e-02,6.107414141297340393e-02,1.049653291702270508e-01,-1.967970728874206543e-01,-8.592361956834793091e-02,4.503646865487098694e-03,3.543686121702194214e-02,-2.015140652656555176e-01,-1.969942450523376465e-01,-4.991051275283098221e-03,3.258732333779335022e-02,1.071802005171775818e-01,-4.583339020609855652e-02,-2.481622844934463501e-01,-7.479535043239593506e-02
-1.624986678361892700e-01,-1.978945136070251465e-01,-5.823761597275733948e-02,-1.566178649663925171e-01,6.916946768760681152e-01,7.036930918693542480e-01,-2.266089171171188354e-01,-3.965840151067823172e-04,7.348526716232299805e-01,0.000000000000000000e+00,5.560767650604248047e-02,-9.088940173387527466e-02,-1.487468779087066650e-01,4.489691182971000671e-02,4.807654321193695068e-01,5.153220295906066895e-01,3.232168778777122498e-02,1.041059941053390503e-02,-2.608603425323963165e-02,-9.704997390508651733e-02,5.993496999144554138e-02,1.579752936959266663e-02,1.852783411741256714e-01,2.579249069094657898e-02,6.556395888328552246e-01,6.353050470352172852e-01,6.600961834192276001e-02,5.148671269416809082e-01,-1.768044680356979370e-01,-1.359700858592987061e-01,-4.097205400466918945e-01,-3.572351932525634766e-01,-2.740713357925415039e-01,-2.944906651973724365e-01,3.411351516842842102e-02,1.724130213260650635e-01,-2.375278249382972717e-02,4.131674766540527344e-02,-3.386145457625389099e-02,-4.125298932194709778e-02,-7.006721198558807373e-02,-4.232243075966835022e-02,-1.370565891265869141e-01,-1.473116278648376465e-01,-1.736321300268173218e-01,-2.533324658870697021e-01,-1.417210847139358521e-01,1.293530687689781189e-02,-1.177995726466178894e-01,-7.945795357227325439e-02,-8.760206401348114014e-02,-7.058695703744888306e-02,-2.400978654623031616e-02,7.835290580987930298e-02,-2.118883877992630005e-01,6.477518379688262939e-02,-1.167145147919654846e-01,-1.300692856311798096e-01,-2.482620626688003540e-01,-1.816805601119995117e-01,8.763825148344039917e-02,4.986731335520744324e-02,3.605970740318298340e-02,4.553185775876045227e-02,7.186282426118850708e-03,3.807533904910087585e-02,-2.700054943561553955e-01,-2.428072988986968994e-01,-2.104885727167129517e-01,-2.686677277088165283e-01,-3.556039333343505859e-01,-3.232180476188659668e-01,-3.463168442249298096e-01,-3.462219834327697754e-01,-1.666685491800308228e-01,-1.332992315292358398e-01,-2.012664675712585449e-01,-6.743604689836502075e-02,-1.250049769878387451e-01,-3.923010081052780151e-02,-2.086113095283508301e-01,-2.100870311260223389e-01,8.835432678461074829e-02,1.974589973688125610e-01,-9.414173662662506104e-02,-1.919550597667694092e-01,-2.442331612110137939e-02,6.272001564502716064e-02,-1.849667876958847046e-01,-1.015010178089141846e-01,-7.214973866939544678e-02,1.841029524803161621e-01,-1.198493912816047668e-01,9.880714863538742065e-02,-1.474110335111618042e-01,-1.346122920513153076e-01,-9.718156605958938599e-02,-1.779514364898204803e-02,2.120911143720149994e-02,-9.516227245330810547e-02,8.011084049940109253e-02,2.512947656214237213e-02,7.257186621427536011e-02,1.429614424705505371e-01,-1.794196516275405884e-01,-9.115723520517349243e-02,-7.083088904619216919e-02,-5.390352010726928711e-02,-1.212148517370223999e-01,-1.293199658393859863e-01,1.231746398843824863e-03,7.785879075527191162e-02,1.555001288652420044e-01,5.824793502688407898e-02,-1.505607664585113525e-01,3.471690788865089417e-02
4.354304075241088867e-01,3.870222568511962891e-01,2.239471822977066040e-01,-9.967661648988723755e-02,1.113440394401550293e-01,4.753057658672332764e-02,2.000150084495544434e-01,1.691485010087490082e-02,1.513358354568481445e-01,5.560767650604248047e-02,0.000000000000000000e+00,3.749350607395172119e-01,4.225672781467437744e-01,2.552248835563659668e-01,-2.587744733318686485e-03,-5.137600749731063843e-02,1.527030169963836670e-01,2.336644679307937622e-01,3.624668419361114502e-01,1.999337077140808105e-01,-1.434718817472457886e-01,-1.816906183958053589e-01,-5.855786800384521484e-02,-9.083701670169830322e-02,-3.619732707738876343e-02,-2.179157175123691559e-02,-2.037803530693054199e-01,-6.531687825918197632e-02,3.231752514839172363e-01,1.271700859069824219e-01,5.700527131557464600e-02,-3.971916437149047852e-02,1.958271861076354980e-01,1.061191260814666748e-01,-1.678105443716049194e-01,-1.991869807243347168e-01,-1.879607290029525757e-01,-2.089354693889617920e-01,-1.926168799400329590e-01,-1.568628400564193726e-01,-5.810708552598953247e-02,-8.934942632913589478e-02,-1.372436434030532837e-01,-1.826019138097763062e-01,-1.584558039903640747e-01,-1.772919148206710815e-01,-3.315833956003189087e-02,-9.133689850568771362e-02,6.425717473030090332e-02,1.026645153760910034e-01,-2.194659598171710968e-02,7.233847677707672119e-02,-2.168081887066364288e-02,-3.822992369532585144e-02,-2.763748914003372192e-02,-6.547990441322326660e-02,3.894416987895965576e-01,4.041295945644378662e-01,2.948766946792602539e-01,3.741562664508819580e-01,3.358549475669860840e-01,1.475516110658645630e-01,4.353378415107727051e-01,4.360111653804779053e-01,-1.956107765436172485e-01,-2.430869489908218384e-01,-1.446405351161956787e-01,-1.815978288650512695e-01,1.051257625222206116e-01,8.814308047294616699e-02,-2.088026702404022217e-02,8.502876013517379761e-02,1.244794577360153198e-01,2.004090696573257446e-01,-3.914096951484680176e-02,1.750404238700866699e-01,1.855270266532897949e-01,1.952557563781738281e-01,-9.648196399211883545e-02,-5.238046497106552124e-02,2.126265466213226318e-01,2.501905262470245361e-01,-4.965787753462791443e-02,-2.539784274995326996e-02,2.241775020956993103e-02,-2.967779636383056641e-01,-1.780244857072830200e-01,-1.798015236854553223e-01,-2.084669768810272217e-01,-2.124178707599639893e-01,-2.845155298709869385e-01,-8.078729361295700073e-02,-2.284739762544631958e-01,-1.756375879049301147e-01,-1.115591973066329956e-01,-1.350572556257247925e-01,-2.934963256120681763e-02,-6.963262706995010376e-02,6.167482957243919373e-02,1.395752876996994019e-01,4.814911633729934692e-02,-4.522721469402313232e-02,2.920478396117687225e-02,5.851129442453384399e-02,-1.292847841978073120e-01,-9.008458256721496582e-02,-2.998732216656208038e-02,9.572686254978179932e-02,-7.424326241016387939e-02,-1.226195842027664185e-01,3.543075174093246460e-02,-1.175071820616722107e-01,-7.259433716535568237e-02,2.382309548556804657e-02,-1.425909847021102905e-01,-1.893255114555358887e-01
4.057650864124298096e-01,4.015821218490600586e-01,2.246352136135101318e-01,1.427465677261352539e-01,-6.957390159368515015e-02,-1.109704934060573578e-02,3.300647437572479248e-01,3.711313009262084961e-01,-4.729651380330324173e-03,-9.088940173387527466e-02,3.749350607395172119e-01,0.000000000000000000e+00,4.056273996829986572e-01,3.591272234916687012e-01,-4.339754953980445862e-02,-3.749204054474830627e-02,-1.485688835382461548e-01,3.195269405841827393e-02,3.578952550888061523e-01,5.041176080703735352e-01,-1.648489981889724731e-01,-1.366835683584213257e-01,-7.364223152399063110e-02,5.123537033796310425e-02,-2.010441720485687256e-01,-1.418559104204177856e-01,-1.960984468460083008e-01,-1.517474502325057983e-01,7.928933203220367432e-02,1.244931295514106750e-01,9.599228203296661377e-02,4.279312118887901306e-02,1.901416629552841187e-01,2.018288075923919678e-01,-2.796621024608612061e-01,-3.014551997184753418e-01,-1.138253808021545410e-01,-2.040562182664871216e-01,-1.361229419708251953e-01,-1.945453584194183350e-01,-1.444658488035202026e-01,-1.509016603231430054e-01,-1.032685413956642151e-01,-9.240277111530303955e-02,-2.137074321508407593e-01,-1.376515179872512817e-01,-4.059750214219093323e-02,-1.201788857579231262e-01,-9.400036185979843140e-02,-7.318833470344543457e-02,-1.372845917940139771e-01,-9.389546513557434082e-02,-7.400285452604293823e-02,-1.932847201824188232e-01,-1.344082318246364594e-02,-2.264062762260437012e-01,1.792023479938507080e-01,2.129226326942443848e-01,9.962303191423416138e-02,1.949935853481292725e-01,2.243735641241073608e-01,3.829442560672760010e-01,1.346299201250076294e-01,4.047544598579406738e-01,-1.434308886528015137e-01,4.012973234057426453e-02,-1.479868888854980469e-01,-1.284176260232925415e-01,2.333795577287673950e-01,1.499091833829879761e-01,1.813160777091979980e-01,1.636850684881210327e-01,1.639422178268432617e-01,2.394358217716217041e-01,4.817349091172218323e-02,1.626141965389251709e-01,6.188356876373291016e-02,1.319597363471984863e-01,-1.493198573589324951e-01,-1.410082727670669556e-01,-4.851493611931800842e-02,7.439026981592178345e-02,-1.116903349757194519e-01,-2.020846605300903320e-01,-1.606542617082595825e-01,-7.127358019351959229e-02,-1.282712072134017944e-01,-2.189843505620956421e-01,-2.534977905452251434e-02,-1.573883444070816040e-01,1.255902647972106934e-01,-1.268838793039321899e-01,1.098970603197813034e-02,-2.622103989124298096e-01,-6.068505719304084778e-02,-1.051097363233566284e-01,-3.778722882270812988e-02,-1.027268320322036743e-01,5.310140177607536316e-02,6.203035358339548111e-03,6.613711267709732056e-02,-6.591144949197769165e-02,2.633740566670894623e-02,-1.180635765194892883e-01,2.516931109130382538e-02,-7.815890759229660034e-02,-2.886037714779376984e-02,3.996355459094047546e-02,-5.414902791380882263e-02,-7.766525447368621826e-02,4.134565591812133789e-02,-1.794186532497406006e-01,-9.211038053035736084e-02,-8.231945335865020752e-03,8.415418863296508789e-02,-9.726001322269439697e-02
4.624239504337310791e-01,3.286695480346679688e-01,2.626354992389678955e-01,2.749939560890197754e-01,-1.412749439477920532e-01,-9.989710152149200439e-02,4.802630841732025146e-01,3.958548605442047119e-01,-4.832489788532257080e-02,-1.487468779087066650e-01,4.225672781467437744e-01,4.056273996829986572e-01,0.000000000000000000e+00,4.687314629554748535e-01,-1.724357157945632935e-02,-1.115063056349754333e-01,-1.221476495265960693e-01,3.332120552659034729e-02,3.150160312652587891e-01,3.133295476436614990e-01,-1.067235395312309265e-01,-9.693609178066253662e-02,3.080710396170616150e-02,2.516991496086120605e-01,-2.356065809726715088e-01,-1.886915266513824463e-01,-2.550219893455505371e-01,-1.743925660848617554e-01,1.041713356971740723e-01,7.771101593971252441e-02,2.327763289213180542e-01,1.415347754955291748e-01,3.253325521945953369e-01,2.761411666870117188e-01,-5.040017887949943542e-02,-1.393462121486663818e-01,-4.671795293688774109e-02,-1.247626617550849915e-01,-5.134542658925056458e-02,-9.832505136728286743e-02,-8.554964512586593628e-02,-1.845533698797225952e-01,-1.364377886056900024e-01,-5.798212252557277679e-03,-1.193809732794761658e-01,-1.421793084591627121e-02,-1.162695884704589844e-01,-7.781153172254562378e-02,-5.912316963076591492e-02,8.437153697013854980e-02,-9.457781165838241577e-02,-3.350632637739181519e-02,-1.359107047319412231e-01,-1.846092790365219116e-01,-3.770031407475471497e-02,-4.717661067843437195e-02,3.066410422325134277e-01,2.816916704177856445e-01,2.013627886772155762e-01,2.005998790264129639e-01,3.654342889785766602e-01,3.613377809524536133e-01,2.116526663303375244e-01,2.652360796928405762e-01,-3.830573335289955139e-02,6.323897838592529297e-02,-2.299261651933193207e-02,-7.047290354967117310e-02,1.884615421295166016e-01,1.879885047674179077e-01,2.765284478664398193e-01,3.533792793750762939e-01,2.707929313182830811e-01,2.887172698974609375e-01,-4.607364535331726074e-02,8.707794547080993652e-02,2.358860224485397339e-01,2.207568287849426270e-01,-1.779096573591232300e-01,-1.652134805917739868e-01,5.397591367363929749e-02,1.805919222533702850e-02,-5.170472711324691772e-02,-2.094573825597763062e-01,-3.475108742713928223e-02,-9.262424707412719727e-02,-9.921138733625411987e-02,-7.691119611263275146e-02,2.179007790982723236e-02,-1.054155081510543823e-01,-8.315012603998184204e-02,-8.142327517271041870e-02,-2.135017365217208862e-01,-2.647166252136230469e-01,-1.034120395779609680e-01,-1.372956484556198120e-01,-1.371521782130002975e-02,-1.227723136544227600e-01,-1.063560415059328079e-02,2.284162119030952454e-02,6.123559176921844482e-02,-1.991166919469833374e-01,7.843537628650665283e-02,-2.307337708771228790e-02,-1.542206201702356339e-02,-5.645523965358734131e-02,-8.049857616424560547e-02,-2.625710144639015198e-02,-3.160324320197105408e-02,-1.227846220135688782e-01,3.439802909269928932e-03,-1.086491793394088745e-01,-8.533889055252075195e-02,-9.934140741825103760e-02,7.321901619434356689e-02,-1.815907955169677734e-01
