0.000000000000000000e+00,1.155426651239395142e-01,3.979769647121429443e-01,2.065615803003311157e-01,1.371708214282989502e-01,1.294640749692916870e-01,5.408816933631896973e-01,1.185641512274742126e-01,1.580300331115722656e-01,4.181187599897384644e-02,3.349443674087524414e-01,-9.856178611516952515e-02,4.627868533134460449e-01,1.102849934250116348e-02,2.735192775726318359e-01,6.724949181079864502e-02,-1.170404478907585144e-01,-1.424475461244583130e-01,5.081827044486999512e-01,3.601533174514770508e-01,-7.556289434432983398e-02,2.031150758266448975e-01,3.625839650630950928e-01,1.221133917570114136e-01,1.187848895788192749e-01,1.039621531963348389e-01,4.969635233283042908e-02,1.818810030817985535e-02,8.471401780843734741e-02,6.624697148799896240e-02,2.137419730424880981e-01,1.176804006099700928e-01,3.917206227779388428e-01,1.035771667957305908e-01,-2.204476110637187958e-02,1.899971812963485718e-02,-1.460930407047271729e-01,6.489428877830505371e-02,-1.414163857698440552e-01,-1.075743976980447769e-02,-1.558635234832763672e-01,-3.841872885823249817e-02,-2.058810889720916748e-01,-2.216673642396926880e-01,-2.529336810111999512e-01,-3.521508872509002686e-01,-4.423903301358222961e-02,-1.378149725496768951e-02,-2.687433958053588867e-01,-3.496477901935577393e-01,-1.688550114631652832e-01,-2.482292354106903076e-01,-2.129153609275817871e-01,-6.049998477101325989e-02,-1.201286911964416504e-02,-6.189972534775733948e-02,5.559927821159362793e-01,5.697011947631835938e-02,1.447329521179199219e-01,-2.101463451981544495e-02,1.761591732501983643e-01,-1.464731842279434204e-01,1.318526268005371094e-01,-8.901954442262649536e-02,-1.810991615056991577e-01,-2.141412794589996338e-01,1.052774041891098022e-01,-9.759863466024398804e-02,3.774642050266265869e-01,2.649459540843963623e-01,2.495669573545455933e-01,-3.569893911480903625e-02,1.012538447976112366e-01,7.181033492088317871e-02,2.585042417049407959e-01,1.048339083790779114e-01,1.475068479776382446e-01,1.210212185978889465e-01,-1.490628570318222046e-01,-1.715280711650848389e-01,-1.888139545917510986e-01,-2.896114587783813477e-01,3.159683197736740112e-02,3.161146864295005798e-02,4.819309338927268982e-02,-2.638091742992401123e-01,7.345044612884521484e-02,-7.370745297521352768e-03,1.072470545768737793e-01,6.731879897415637970e-03,-2.061641067266464233e-01,-2.541138231754302979e-01,-9.598069638013839722e-02,-1.625215560197830200e-01,-1.153070852160453796e-01,-9.447901695966720581e-02,-2.082082629203796387e-01,-1.255227029323577881e-01,-1.207045912742614746e-01,-8.074326813220977783e-02,-1.527551114559173584e-01,-8.212942630052566528e-02,-1.705332249402999878e-01,-1.065421476960182190e-01,1.602898910641670227e-02,-2.275011874735355377e-02,-4.463454335927963257e-02,-5.403082817792892456e-02,1.802706569433212280e-01,-4.641972482204437256e-02,3.934742510318756104e-02,-1.395400166511535645e-01,-2.530140578746795654e-01,4.107243847101926804e-03,-1.410077959299087524e-01,-1.176615431904792786e-01
1.155426651239395142e-01,0.000000000000000000e+00,1.306910961866378784e-01,3.857212364673614502e-01,-5.136357620358467102e-02,7.554919272661209106e-02,1.644550114870071411e-01,5.430269241333007812e-01,9.274011850357055664e-02,8.604378998279571533e-02,1.354959905147552490e-01,4.929340779781341553e-01,1.469390839338302612e-01,3.997802436351776123e-01,3.276284039020538330e-02,9.705109149217605591e-02,-9.778968989849090576e-02,6.055293232202529907e-02,2.868892252445220947e-01,4.823352098464965820e-01,-5.786237120628356934e-02,-7.045560330152511597e-02,1.405109763145446777e-01,1.906265616416931152e-01,1.664325408637523651e-02,-4.631832242012023926e-03,-7.819335907697677612e-02,-5.027215927839279175e-02,-1.174396201968193054e-01,-1.823857426643371582e-02,1.301566660404205322e-01,1.416525542736053467e-01,1.521440595388412476e-01,2.919977307319641113e-01,-1.779508739709854126e-01,-1.210932880640029907e-01,-1.380320936441421509e-01,-1.869816333055496216e-01,-1.163102686405181885e-02,-8.913931250572204590e-02,-7.748206704854965210e-02,-6.001130491495132446e-02,-3.596336245536804199e-01,-3.134359121322631836e-01,-2.688826620578765869e-01,-2.381502836942672729e-01,-2.270064055919647217e-01,-2.709746658802032471e-01,-2.849670648574829102e-01,-2.084895074367523193e-01,-2.632058858871459961e-01,-3.244214355945587158e-01,-2.620047926902770996e-01,-2.177883684635162354e-01,-1.367687284946441650e-01,-2.569203376770019531e-01,2.390248626470565796e-01,5.575822591781616211e-01,1.575294435024261475e-01,4.289674162864685059e-01,1.634586006402969360e-01,2.057435363531112671e-01,8.736003190279006958e-02,1.433171331882476807e-01,-8.645308762788772583e-02,-1.393515616655349731e-01,-4.465091228485107422e-02,-1.356316059827804565e-01,1.963857710361480713e-01,2.859233617782592773e-01,1.191750541329383850e-01,9.252981841564178467e-02,-7.287015765905380249e-02,2.447455190122127533e-02,7.339591532945632935e-02,-3.610270470380783081e-02,-1.104792859405279160e-02,-6.474102288484573364e-02,-8.576344698667526245e-02,2.147937379777431488e-02,-7.488001137971878052e-02,-1.306629031896591187e-01,2.348198182880878448e-02,-1.105567812919616699e-01,1.014032438397407532e-01,-2.722712755203247070e-01,6.449328362941741943e-02,-4.313926398754119873e-02,1.733379364013671875e-01,-2.724502086639404297e-01,-2.846036851406097412e-01,-1.426271498203277588e-01,-2.225330024957656860e-01,-2.674387395381927490e-01,-1.342011243104934692e-01,-1.249032542109489441e-01,-3.018001616001129150e-01,-2.295859605073928833e-01,-2.515440881252288818e-01,-2.728175818920135498e-01,-1.960055828094482422e-01,-1.983651816844940186e-01,-1.563781201839447021e-01,-1.872926019132137299e-02,7.893197983503341675e-02,2.917190827429294586e-02,-1.229259446263313293e-01,-1.350240111351013184e-01,9.826704114675521851e-02,-1.171085163950920105e-01,-1.985366493463516235e-01,-3.744678497314453125e-01,-1.826901584863662720e-01,-1.673697680234909058e-01,-1.503033339977264404e-01,-2.909327112138271332e-02
3.979769647121429443e-01,1.306910961866378784e-01,0.000000000000000000e+00,4.417027533054351807e-01,3.523765504360198975e-01,2.514192759990692139e-01,5.229910016059875488e-01,3.576765060424804688e-01,6.723235547542572021e-02,1.357630938291549683e-01,1.572483927011489868e-01,2.775778248906135559e-02,2.304228544235229492e-01,1.870378404855728149e-01,9.509649127721786499e-02,1.203489899635314941e-01,-5.416954308748245239e-02,-1.202386692166328430e-01,4.379595518112182617e-01,3.921382725238800049e-01,1.194314807653427124e-01,1.843373775482177734e-01,6.358553171157836914e-01,5.452959537506103516e-01,4.286247789859771729e-01,3.360713422298431396e-01,2.821088731288909912e-01,3.048694729804992676e-01,-9.038505144417285919e-03,-6.157072633504867554e-02,5.222611427307128906e-01,5.113478302955627441e-01,1.935863345861434937e-01,8.885540068149566650e-02,-8.792346715927124023e-02,-1.168009340763092041e-01,-2.119477242231369019e-01,-2.423867732286453247e-01,-2.664357721805572510e-01,-3.215558528900146484e-01,-1.700039952993392944e-01,-5.161353200674057007e-02,-1.920247226953506470e-01,-2.294889688491821289e-01,-1.782981902360916138e-01,-2.271009981632232666e-01,-1.407572925090789795e-01,-1.174201890826225281e-01,-2.039531767368316650e-01,-2.208651602268218994e-01,-1.699324548244476318e-01,-2.686041295528411865e-01,-1.273294985294342041e-01,-9.302321821451187134e-02,-1.170627102255821228e-01,-2.534687817096710205e-01,1.167052462697029114e-01,-1.042972728610038757e-01,-2.793240547180175781e-02,-9.312235750257968903e-03,-6.314691156148910522e-02,-1.039677783846855164e-01,-1.189473830163478851e-02,-1.076566725969314575e-01,4.031970724463462830e-02,-1.881777048110961914e-01,-4.656186699867248535e-02,-1.045072227716445923e-01,2.613949477672576904e-01,1.235082671046257019e-01,3.360854387283325195e-01,3.437378108501434326e-01,1.456528902053833008e-01,4.704953357577323914e-02,6.549004465341567993e-02,-1.690698266029357910e-01,3.319234587252140045e-03,-2.608509548008441925e-02,-1.876479089260101318e-01,-1.283726003021001816e-02,-1.490220725536346436e-01,-3.106415867805480957e-01,-2.244685888290405273e-01,-2.446080893278121948e-01,-1.756876558065414429e-01,-3.129406571388244629e-01,-2.051874995231628418e-01,-8.521110564470291138e-02,-1.285626590251922607e-01,-1.409186571836471558e-01,-1.169571280479431152e-02,-4.274312779307365417e-02,6.018124893307685852e-02,-6.113168969750404358e-02,-1.437848955392837524e-01,-1.086605787277221680e-01,-1.434502899646759033e-01,-6.824805587530136108e-02,4.019584506750106812e-02,1.956667378544807434e-02,2.687004627659916878e-03,5.301898811012506485e-03,5.678805708885192871e-02,7.167392969131469727e-02,-2.746901474893093109e-02,-1.774211414158344269e-03,8.436571806669235229e-02,6.209132447838783264e-02,2.175218611955642700e-01,-1.929681003093719482e-01,-7.075524330139160156e-02,-6.757216155529022217e-02,-1.033548340201377869e-01,5.160724371671676636e-02,-5.759691447019577026e-02,-3.570001199841499329e-02
2.065615803003311157e-01,3.857212364673614502e-01,4.417027533054351807e-01,0.000000000000000000e+00,2.146732211112976074e-01,4.479506909847259521e-01,4.675746262073516846e-01,7.457028031349182129e-01,3.363586068153381348e-01,2.580988109111785889e-01,1.080697402358055115e-01,3.794341981410980225e-01,1.075660884380340576e-01,5.843881964683532715e-01,-1.284208334982395172e-02,7.071715593338012695e-02,-2.024602741003036499e-01,-1.147364079952239990e-01,3.314718604087829590e-01,3.768192231655120850e-01,-1.533763408660888672e-01,9.079245850443840027e-03,5.706167817115783691e-01,6.933938264846801758e-01,2.143328487873077393e-01,2.720316350460052490e-01,-8.173462748527526855e-02,-7.897919416427612305e-02,-1.411611884832382202e-01,2.038478106260299683e-02,3.724368810653686523e-01,4.285712540149688721e-01,1.884755790233612061e-01,2.513215243816375732e-01,-3.480097651481628418e-02,-2.153440564870834351e-02,-9.646298736333847046e-02,-1.628927737474441528e-01,-1.861743628978729248e-02,-1.286734491586685181e-01,-5.120766535401344299e-02,1.771262474358081818e-02,-2.479896843433380127e-01,-3.725714087486267090e-01,-6.545904278755187988e-02,-2.555782198905944824e-01,-2.786208391189575195e-01,-2.785229682922363281e-01,-1.153609752655029297e-01,-2.786983251571655273e-01,-3.792898654937744141e-01,-4.183209836483001709e-01,-3.147245943546295166e-01,-2.399699836969375610e-01,-1.409569382667541504e-01,-3.583016991615295410e-01,1.807657033205032349e-01,2.559598386287689209e-01,2.880122661590576172e-01,2.347431331872940063e-01,1.698704808950424194e-01,1.338306218385696411e-01,-1.201367974281311035e-01,-1.317776143550872803e-01,3.053601272404193878e-02,-1.004757806658744812e-01,1.401500105857849121e-01,-1.051075011491775513e-01,6.432268768548965454e-02,-1.507436297833919525e-02,1.558675616979598999e-01,2.309860289096832275e-01,-2.900251885876059532e-03,-7.622016221284866333e-02,6.232363358139991760e-02,-9.885808080434799194e-02,-1.486349403858184814e-01,-8.997680246829986572e-02,-1.487196683883666992e-01,-3.372161090373992920e-02,-1.620915979146957397e-01,-1.333662718534469604e-01,2.114131301641464233e-02,4.311021044850349426e-02,3.759775683283805847e-02,-3.189026415348052979e-01,9.221635013818740845e-02,2.381941117346286774e-02,9.180450439453125000e-02,-2.298528552055358887e-01,-1.647594720125198364e-01,-2.773614525794982910e-01,-2.268490344285964966e-01,-2.618190050125122070e-01,-1.761253327131271362e-01,-1.493506580591201782e-01,-3.474393188953399658e-01,-2.507320642471313477e-01,-2.838312685489654541e-01,-2.694342434406280518e-01,-2.140357047319412231e-01,-1.430421769618988037e-01,-1.617643684148788452e-01,-1.839366257190704346e-01,-1.494503114372491837e-02,-1.046796068549156189e-01,-2.278122119605541229e-02,-1.883831620216369629e-01,1.377067714929580688e-01,-1.666941940784454346e-01,-3.085244596004486084e-01,-4.556837677955627441e-01,-1.357508897781372070e-01,-2.050765901803970337e-01,-1.718162000179290771e-01,-5.095543805509805679e-03
1.371708214282989502e-01,-5.136357620358467102e-02,3.523765504360198975e-01,2.146732211112976074e-01,0.000000000000000000e+00,5.467488765716552734e-01,5.253366753458976746e-02,1.001683995127677917e-01,3.451524376869201660e-01,3.615631759166717529e-01,-2.430388331413269043e-02,-5.434826016426086426e-02,1.261350512504577637e-01,1.649032384157180786e-01,3.301431238651275635e-01,9.742799401283264160e-02,-6.474237889051437378e-02,4.881693515926599503e-03,7.260216027498245239e-02,5.086929071694612503e-03,2.185757607221603394e-01,2.561878263950347900e-01,3.886575996875762939e-01,4.240095913410186768e-01,6.148779392242431641e-01,5.754058361053466797e-01,5.936776995658874512e-01,5.650645494461059570e-01,1.811283528804779053e-01,1.410213708877563477e-01,5.464426875114440918e-01,4.919581413269042969e-01,-3.746179863810539246e-02,-1.976994872093200684e-01,-5.720137804746627808e-02,-8.496493101119995117e-02,-1.126284450292587280e-01,-1.050883810967206955e-02,-3.550074696540832520e-01,-4.564016461372375488e-01,-1.761727780103683472e-01,-1.356014758348464966e-01,-3.370042890310287476e-02,-1.293027102947235107e-01,-1.323999166488647461e-01,-4.356542602181434631e-02,-4.065072908997535706e-02,-3.952956572175025940e-02,-3.723925352096557617e-02,-1.132164672017097473e-01,3.077377006411552429e-02,-1.432159096002578735e-01,9.148014336824417114e-02,-1.390742957592010498e-01,5.164705682545900345e-03,-2.357974946498870850e-01,9.824545681476593018e-02,-1.640004962682723999e-01,2.632409520447254181e-02,-1.395534444600343704e-02,-6.075872574001550674e-03,-1.601632088422775269e-01,-3.597049787640571594e-02,-4.346415773034095764e-02,-3.216660395264625549e-02,-1.027685925364494324e-01,-1.629457995295524597e-02,-4.536535125225782394e-03,4.134481027722358704e-02,-5.692613124847412109e-02,3.826755881309509277e-01,3.936485052108764648e-01,4.298677742481231689e-01,8.879500627517700195e-02,3.903140127658843994e-02,-2.431372255086898804e-01,-1.051844060420989990e-01,-1.370693445205688477e-01,-4.169895872473716736e-02,-8.845118433237075806e-02,-3.443630412220954895e-02,-1.866489052772521973e-01,-3.643795251846313477e-01,-2.391394823789596558e-01,-1.894626468420028687e-01,-2.847730815410614014e-01,-3.785702884197235107e-01,-3.277645707130432129e-01,-1.118240803480148315e-01,2.759044058620929718e-02,1.195734068751335144e-01,6.784267723560333252e-02,1.422448605298995972e-01,4.608267918229103088e-02,3.787318617105484009e-02,3.259243071079254150e-02,7.991261780261993408e-02,7.573212683200836182e-02,2.454352974891662598e-01,1.696882098913192749e-01,7.292129844427108765e-02,3.990904241800308228e-02,3.143827021121978760e-01,2.139025032520294189e-01,-8.134016394615173340e-02,-2.679791115224361420e-02,3.263914212584495544e-02,1.060392186045646667e-01,1.806596070528030396e-01,-2.947385795414447784e-02,1.813381761312484741e-01,1.310679409652948380e-02,5.559981800615787506e-03,2.146102637052536011e-01,2.242039144039154053e-02,-8.096572011709213257e-03
1.294640749692916870e-01,7.554919272661209106e-02,2.514192759990692139e-01,4.479506909847259521e-01,5.467488765716552734e-01,0.000000000000000000e+00,1.558141559362411499e-01,2.812731266021728516e-01,4.942673146724700928e-01,5.513948798179626465e-01,3.523273766040802002e-02,1.234749630093574524e-01,2.580930292606353760e-02,2.936258614063262939e-01,1.005129441618919373e-01,5.781809240579605103e-02,-1.498392820358276367e-01,-1.072119474411010742e-01,1.393009070307016373e-02,-2.175160497426986694e-02,-1.416052728891372681e-01,3.988121449947357178e-02,4.230456948280334473e-01,5.545122027397155762e-01,4.570666849613189697e-01,5.583939552307128906e-01,3.103449940681457520e-01,3.332820534706115723e-01,-2.203098312020301819e-02,6.510516256093978882e-02,4.134098589420318604e-01,4.462307989597320557e-01,-4.262552410364151001e-02,-2.042542211711406708e-02,-3.809381648898124695e-02,1.430664658546447754e-01,-1.562306433916091919e-01,-7.118497788906097412e-02,-2.275726348161697388e-01,-3.082417547702789307e-01,-6.264038383960723877e-02,-1.506586372852325439e-01,-1.269256621599197388e-01,-3.089851737022399902e-01,-5.663814954459667206e-03,-1.016190126538276672e-01,-1.699323952198028564e-01,-1.921963244676589966e-01,-4.105478897690773010e-02,-1.938115805387496948e-01,-1.473078131675720215e-01,-3.056658804416656494e-01,-3.740882873535156250e-02,-2.132552564144134521e-01,-1.026084199547767639e-01,-2.104081511497497559e-01,1.685041338205337524e-01,9.699864685535430908e-02,2.937347292900085449e-01,1.499888151884078979e-01,9.205903857946395874e-02,8.115474134683609009e-02,-6.220331415534019470e-02,-5.071684252470731735e-03,-1.299616098403930664e-01,-2.766981162130832672e-02,1.885460466146469116e-01,5.399443581700325012e-02,5.186007916927337646e-02,-9.801442921161651611e-02,3.088333010673522949e-01,3.621979057788848877e-01,2.549474835395812988e-01,1.676190085709095001e-02,9.171667695045471191e-02,-3.430952727794647217e-01,-3.544211685657501221e-01,-2.657847702503204346e-01,-9.286570549011230469e-02,-1.305318772792816162e-01,-3.969508782029151917e-02,-1.119329333305358887e-01,-2.418933510780334473e-01,-4.044547304511070251e-02,-9.062738716602325439e-02,-2.243458628654479980e-01,-1.614168137311935425e-01,-1.222341507673263550e-01,2.412629686295986176e-02,1.095748022198677063e-01,-1.440749317407608032e-01,-1.515412032604217529e-01,-1.335569173097610474e-01,-1.290258765220642090e-01,-5.872040614485740662e-02,-4.509946331381797791e-02,-1.100599989295005798e-01,-1.454616039991378784e-01,-5.430390313267707825e-02,-1.267900317907333374e-01,-1.102143153548240662e-01,-1.339988200925290585e-03,1.217621862888336182e-01,7.456751912832260132e-02,-8.158154040575027466e-02,-1.660486459732055664e-01,1.617329567670822144e-02,-1.839765533804893494e-02,1.005112975835800171e-01,1.296574249863624573e-02,-1.020192280411720276e-01,-2.723876535892486572e-01,-2.665025182068347931e-02,-2.242070995271205902e-02,-7.655338197946548462e-02,1.194587424397468567e-01
5.408816933631896973e-01,1.644550114870071411e-01,5.229910016059875488e-01,4.675746262073516846e-01,5.253366753458976746e-02,1.558141559362411499e-01,0.000000000000000000e+00,3.755591511726379395e-01,1.375238001346588135e-01,1.145009300671517849e-03,3.694593608379364014e-01,1.329943686723709106e-01,3.550023436546325684e-01,2.256860733032226562e-01,4.682357236742973328e-02,7.267218083143234253e-02,6.723897904157638550e-02,-5.630637984722852707e-03,5.261000990867614746e-01,4.311116635799407959e-01,-8.520604670047760010e-02,-3.113849461078643799e-02,5.620455741882324219e-01,3.049965798854827881e-01,2.962105162441730499e-02,5.964515358209609985e-02,-1.139717474579811096e-01,-1.512733399868011475e-01,-2.513073757290840149e-02,1.063253916800022125e-02,2.819287180900573730e-01,2.364917844533920288e-01,4.008965790271759033e-01,2.570735216140747070e-01,1.036177016794681549e-02,-2.511069178581237793e-02,-1.416420638561248779e-01,-1.176922619342803955e-01,1.866411976516246796e-02,-4.863143432885408401e-03,-2.875836566090583801e-02,2.440436184406280518e-02,-2.586182355880737305e-01,-2.841660976409912109e-01,-1.061691269278526306e-01,-3.096948862075805664e-01,-2.312644273042678833e-01,-1.137298420071601868e-01,-9.833224117755889893e-02,-2.740354537963867188e-01,-3.681139349937438965e-01,-2.464958429336547852e-01,-3.213854432106018066e-01,3.132255375385284424e-02,-1.367411762475967407e-01,-9.067723900079727173e-02,3.432164788246154785e-01,1.259012818336486816e-01,2.244173735380172729e-01,5.983129143714904785e-02,2.041073590517044067e-01,5.154680833220481873e-02,4.567011073231697083e-02,-6.349541246891021729e-03,8.740945160388946533e-02,-1.449132263660430908e-01,6.242521107196807861e-02,-1.525323390960693359e-01,1.986549347639083862e-01,1.340349018573760986e-01,1.701692938804626465e-01,-6.396169960498809814e-02,-6.739458441734313965e-02,1.105203409679234028e-03,5.178997293114662170e-02,4.656222090125083923e-02,6.644637882709503174e-02,5.206412449479103088e-02,1.047579851001501083e-02,3.268561512231826782e-02,-1.296794787049293518e-02,-4.806268215179443359e-02,1.358461529016494751e-01,5.524611473083496094e-02,3.823148831725120544e-02,-2.416176944971084595e-01,1.031458079814910889e-01,2.737377025187015533e-02,-3.053221665322780609e-02,-1.412076652050018311e-01,-8.461631834506988525e-02,-2.350461781024932861e-01,-2.198806554079055786e-01,-2.525017857551574707e-01,-1.167989596724510193e-01,-1.042236015200614929e-01,-2.740741074085235596e-01,-1.805121451616287231e-01,-2.493016570806503296e-01,-1.226304545998573303e-01,-3.396179974079132080e-01,-7.177506387233734131e-02,-2.532352507114410400e-01,-2.743431925773620605e-01,-7.561489194631576538e-02,-9.219351410865783691e-02,-5.534095689654350281e-02,-1.932002454996109009e-01,8.702600002288818359e-02,-1.292246431112289429e-01,-2.521013915538787842e-01,-2.768723368644714355e-01,-2.027995884418487549e-01,-1.024032682180404663e-01,-1.099014878273010254e-01,-1.925961859524250031e-02
1.185641512274742126e-01,5.430269241333007812e-01,3.576765060424804688e-01,7.457028031349182129e-01,1.001683995127677917e-01,2.812731266021728516e-01,3.755591511726379395e-01,0.000000000000000000e+00,2.481089979410171509e-01,1.742412596940994263e-01,1.069251522421836853e-01,5.309012532234191895e-01,8.788298070430755615e-02,6.882939338684082031e-01,-2.534722350537776947e-02,6.642723828554153442e-02,-2.151717543601989746e-01,-6.795927137136459351e-02,2.814262509346008301e-01,4.135886430740356445e-01,-6.902462244033813477e-02,-4.289304465055465698e-02,4.322447478771209717e-01,5.816699862480163574e-01,7.332372665405273438e-02,1.148449033498764038e-01,-1.865660548210144043e-01,-1.643684655427932739e-01,-1.605171561241149902e-01,3.727274015545845032e-02,2.514081001281738281e-01,3.302347064018249512e-01,1.594368666410446167e-01,2.116007059812545776e-01,-8.946426212787628174e-02,-1.134766191244125366e-01,-1.376363039016723633e-01,-1.796458065509796143e-01,-4.158782772719860077e-03,-1.213561072945594788e-01,-6.885819882154464722e-02,3.346403315663337708e-02,-3.349350690841674805e-01,-3.785174489021301270e-01,-1.264740675687789917e-01,-2.497116923332214355e-01,-2.867910563945770264e-01,-2.711417376995086670e-01,-2.066423147916793823e-01,-2.430671453475952148e-01,-3.982015550136566162e-01,-4.383600950241088867e-01,-3.257644474506378174e-01,-2.435493022203445435e-01,-1.243726462125778198e-01,-3.353657126426696777e-01,1.249335482716560364e-01,3.498345911502838135e-01,2.976973950862884521e-01,3.436957001686096191e-01,2.284203916788101196e-01,1.927718371152877808e-01,-8.341102302074432373e-02,-7.255455851554870605e-02,6.212393939495086670e-02,-1.311431378126144409e-01,5.809829756617546082e-02,-1.164124086499214172e-01,4.207551106810569763e-02,2.464602328836917877e-02,4.621665179729461670e-02,1.749164611101150513e-01,-8.130571991205215454e-02,-1.528667211532592773e-01,4.165150690823793411e-03,-3.644109144806861877e-02,-9.169024229049682617e-02,-7.145373523235321045e-02,-1.489800661802291870e-01,-3.710260987281799316e-02,-1.627532541751861572e-01,-1.614316701889038086e-01,4.127405956387519836e-02,-1.436456665396690369e-02,7.532187551259994507e-02,-3.453327119350433350e-01,1.182670369744300842e-01,-1.402008533477783203e-02,6.306868791580200195e-02,-3.465112447738647461e-01,-1.965730190277099609e-01,-2.045263200998306274e-01,-2.424442470073699951e-01,-2.790093123912811279e-01,-1.701844483613967896e-01,-1.515195965766906738e-01,-3.626995086669921875e-01,-3.055236041545867920e-01,-3.496641218662261963e-01,-3.187712430953979492e-01,-2.452753335237503052e-01,-2.297170013189315796e-01,-2.556900978088378906e-01,-2.486955821514129639e-01,-2.938167005777359009e-02,-1.367965936660766602e-01,-1.007304564118385315e-01,-2.303633987903594971e-01,1.663640290498733521e-01,-2.057155370712280273e-01,-3.258843123912811279e-01,-4.355661571025848389e-01,-2.138857692480087280e-01,-2.385565489530563354e-01,-2.462562918663024902e-01,-3.382511809468269348e-02
1.580300331115722656e-01,9.274011850357055664e-02,6.723235547542572021e-02,3.363586068153381348e-01,3.451524376869201660e-01,4.942673146724700928e-01,1.375238001346588135e-01,2.481089979410171509e-01,0.000000000000000000e+00,4.952242672443389893e-01,1.089436560869216919e-01,1.789798289537429810e-01,1.310247480869293213e-01,2.102256119251251221e-01,2.829998433589935303e-01,1.418960690498352051e-01,-1.328417509794235229e-01,-6.399463117122650146e-02,1.534496545791625977e-01,8.585444837808609009e-02,-2.896486222743988037e-01,1.626710407435894012e-02,1.649742424488067627e-01,3.341743052005767822e-01,1.290516853332519531e-01,2.324585467576980591e-01,2.683536522090435028e-02,-1.572859659790992737e-02,-3.050086461007595062e-02,8.579743653535842896e-02,1.075891926884651184e-01,1.552020758390426636e-01,1.278137266635894775e-01,1.456985324621200562e-01,1.952466368675231934e-02,1.530451923608779907e-01,-9.335825592279434204e-02,-3.666413575410842896e-02,-4.739744961261749268e-02,-6.922058016061782837e-02,-6.459714472293853760e-02,-1.334942430257797241e-01,-1.619424670934677124e-01,-2.282554656267166138e-01,-2.838143706321716309e-02,-4.488196969032287598e-02,-4.772663116455078125e-02,-1.674825549125671387e-01,-8.984888345003128052e-02,-9.625922888517379761e-02,-1.380612254142761230e-01,-2.718173861503601074e-01,-8.730474114418029785e-02,-2.094518095254898071e-01,3.670079261064529419e-02,-1.515966504812240601e-01,2.220871001482009888e-01,2.390063256025314331e-01,3.066825866699218750e-01,1.993520855903625488e-01,2.658524513244628906e-01,1.644086092710494995e-01,1.161184161901473999e-01,5.870359018445014954e-02,-1.088188737630844116e-01,9.201165288686752319e-02,1.987463682889938354e-01,2.767924070358276367e-01,2.868301980197429657e-02,-7.769872248172760010e-02,1.340290755033493042e-01,1.267671883106231689e-01,1.229918003082275391e-01,-3.939156234264373779e-02,1.496132314205169678e-01,-5.653708800673484802e-02,-2.041140794754028320e-01,-3.946888446807861328e-02,-3.687374293804168701e-02,-1.403512954711914062e-01,1.950907893478870392e-02,-3.917427361011505127e-02,1.127183064818382263e-01,1.048266515135765076e-01,2.384829074144363403e-01,-9.965816140174865723e-02,9.690532088279724121e-02,-2.609829790890216827e-02,1.989085078239440918e-01,-4.326146095991134644e-02,-2.740030586719512939e-01,-2.859115004539489746e-01,-2.714119255542755127e-01,-1.408895999193191528e-01,-6.710554659366607666e-02,-5.761449038982391357e-02,-2.495300918817520142e-01,-2.399991899728775024e-01,-2.737379968166351318e-01,-2.533409595489501953e-01,-2.222287207841873169e-01,-1.119904443621635437e-01,-1.296016275882720947e-01,-1.542159914970397949e-01,-1.228725090622901917e-01,-1.794687062501907349e-01,-4.750040918588638306e-02,-1.270601749420166016e-01,1.692961156368255615e-02,-9.737404435873031616e-02,-4.483256861567497253e-02,-3.236363530158996582e-01,-1.395036131143569946e-01,-1.249931082129478455e-01,-2.732187211513519287e-01,-3.109217796009033918e-04
4.181187599897384644e-02,8.604378998279571533e-02,1.357630938291549683e-01,2.580988109111785889e-01,3.615631759166717529e-01,5.513948798179626465e-01,1.145009300671517849e-03,1.742412596940994263e-01,4.952242672443389893e-01,0.000000000000000000e+00,6.250021979212760925e-03,1.735965907573699951e-01,-4.593587946146726608e-03,2.319539338350296021e-01,1.249920725822448730e-01,3.430322110652923584e-01,-5.517664551734924316e-02,-1.485494524240493774e-01,7.703387737274169922e-02,6.229402124881744385e-02,-1.953444778919219971e-01,7.861534506082534790e-02,1.923535317182540894e-01,2.775931954383850098e-01,2.793799340724945068e-01,3.255591392517089844e-01,1.968809068202972412e-01,2.367429137229919434e-01,-5.168214067816734314e-02,9.624933451414108276e-02,1.588421314954757690e-01,2.019101232290267944e-01,7.154362974688410759e-04,1.964918337762355804e-02,1.161862909793853760e-02,1.225283890962600708e-01,-1.483215987682342529e-01,-8.383822441101074219e-02,-2.622798383235931396e-01,-2.262875735759735107e-01,-1.164206415414810181e-01,-1.512029916048049927e-01,-8.587811887264251709e-02,-1.789635717868804932e-01,4.837496578693389893e-02,4.935710504651069641e-02,-5.374210700392723083e-02,-1.078593507409095764e-01,-4.690906032919883728e-02,2.701562363654375076e-03,1.773501187562942505e-02,-1.533976197242736816e-01,-4.201002046465873718e-02,-2.351228743791580200e-01,-1.246225014328956604e-01,-1.693240404129028320e-01,7.971361279487609863e-02,1.652210801839828491e-01,1.396663933992385864e-01,2.156991511583328247e-01,5.569189414381980896e-02,2.238219529390335083e-01,4.453854262828826904e-02,9.940426796674728394e-02,-1.698435842990875244e-01,1.472571045160293579e-01,1.953028440475463867e-01,2.305195480585098267e-01,2.372825331985950470e-02,-3.857733681797981262e-02,1.411190032958984375e-01,2.771301269531250000e-01,1.288470625877380371e-01,5.638930946588516235e-02,6.447350233793258667e-02,-2.230677902698516846e-01,-3.127572238445281982e-01,-2.161668390035629272e-01,-8.158112317323684692e-02,-8.546058833599090576e-02,-2.257655188441276550e-02,5.567307583987712860e-03,-8.961939066648483276e-02,-9.022230282425880432e-03,1.176864653825759888e-02,-5.649622157216072083e-02,-1.411451697349548340e-01,-8.488319814205169678e-02,1.742512919008731842e-02,8.719143271446228027e-02,-1.612953990697860718e-01,-5.304422229528427124e-02,-6.698822975158691406e-02,-1.344927307218313217e-02,-3.717725723981857300e-02,4.946533963084220886e-02,-5.599037185311317444e-02,-1.167877539992332458e-01,-7.248867303133010864e-02,-1.430755257606506348e-01,-2.305525168776512146e-02,-5.907965824007987976e-02,8.191758394241333008e-02,5.227214470505714417e-02,-1.161267533898353577e-01,-1.518119126558303833e-01,1.042308565229177475e-02,4.950930550694465637e-02,8.748346567153930664e-02,-1.008380055427551270e-01,5.277394875884056091e-02,-2.005326747894287109e-01,-8.836532384157180786e-02,-7.622024416923522949e-02,-1.892607957124710083e-01,2.090365253388881683e-02
3.349443674087524414e-01,1.354959905147552490e-01,1.572483927011489868e-01,1.080697402358055115e-01,-2.430388331413269043e-02,3.523273766040802002e-02,3.694593608379364014e-01,1.069251522421836853e-01,1.089436560869216919e-01,6.250021979212760925e-03,0.000000000000000000e+00,1.454166620969772339e-01,6.093976497650146484e-01,7.667045295238494873e-02,2.058859169483184814e-01,1.785193830728530884e-01,1.321534216403961182e-01,1.295590698719024658e-01,2.304679304361343384e-01,1.353550702333450317e-01,-5.566170439124107361e-02,-4.656549543142318726e-02,2.798507809638977051e-01,7.069926708936691284e-02,-9.629490226507186890e-02,-3.066351450979709625e-02,-1.638434380292892456e-01,-1.251365840435028076e-01,3.947682678699493408e-02,1.107062995433807373e-01,1.158281639218330383e-01,4.488955438137054443e-02,2.610312402248382568e-01,1.073950529098510742e-01,-5.398480221629142761e-02,1.640226244926452637e-01,-2.172228395938873291e-01,1.718641631305217743e-02,8.059149980545043945e-02,1.461048871278762817e-01,3.241475522518157959e-01,-8.092474192380905151e-02,-2.562771737575531006e-01,-1.922475844621658325e-01,-8.468009531497955322e-02,-7.429008185863494873e-02,-1.598002016544342041e-01,4.477741569280624390e-02,-1.037880331277847290e-01,-3.488551080226898193e-02,-1.330017894506454468e-01,-1.182536333799362183e-01,-1.319359093904495239e-01,-6.358634680509567261e-02,-2.033220231533050537e-01,-2.434725500643253326e-02,3.169964253902435303e-01,1.561132073402404785e-01,1.897129267454147339e-01,1.205252110958099365e-01,3.367661535739898682e-01,1.606852114200592041e-01,5.265169739723205566e-01,1.497304141521453857e-01,2.330538630485534668e-02,8.189617842435836792e-02,1.562488079071044922e-01,-7.499457150697708130e-02,5.776831507682800293e-02,1.185447275638580322e-01,1.305562108755111694e-01,-1.511121094226837158e-01,9.574576281011104584e-03,5.389165505766868591e-02,1.487159878015518188e-01,1.379651278257369995e-01,5.998996272683143616e-02,-2.998620085418224335e-02,9.120941907167434692e-02,1.046463921666145325e-01,2.581017315387725830e-01,-7.560271769762039185e-02,2.846418023109436035e-01,6.432718038558959961e-02,1.662656813859939575e-01,-2.631757855415344238e-01,1.603790521621704102e-01,9.600784629583358765e-02,1.573817431926727295e-01,2.204241044819355011e-02,-1.907234489917755127e-01,-1.184096112847328186e-01,-8.016642928123474121e-02,-5.809992551803588867e-02,1.545782685279846191e-01,1.225279867649078369e-01,3.343119844794273376e-02,3.642605617642402649e-02,-2.021156847476959229e-01,-1.214612051844596863e-01,-1.079989671707153320e-01,-2.577008120715618134e-02,-1.296125501394271851e-01,-1.130518615245819092e-01,-1.734823137521743774e-01,-2.128518819808959961e-01,-1.437892913818359375e-01,-1.605870015919208527e-02,-5.783045291900634766e-02,4.442903026938438416e-02,-6.811517756432294846e-03,-1.885590106248855591e-01,-3.682810962200164795e-01,2.764977701008319855e-02,-8.741568773984909058e-02,2.057532519102096558e-01
-9.856178611516952515e-02,4.929340779781341553e-01,2.775778248906135559e-02,3.794341981410980225e-01,-5.434826016426086426e-02,1.234749630093574524e-01,1.329943686723709106e-01,5.309012532234191895e-01,1.789798289537429810e-01,1.735965907573699951e-01,1.454166620969772339e-01,0.000000000000000000e+00,5.263400450348854065e-02,6.102077364921569824e-01,-1.525010541081428528e-02,1.113983318209648132e-01,2.497452124953269958e-02,2.107731550931930542e-01,1.010354906320571899e-01,1.979335993528366089e-01,-4.904013127088546753e-02,-1.802177727222442627e-01,1.693379133939743042e-01,2.446594983339309692e-01,-9.584777057170867920e-02,2.245935611426830292e-02,-2.346853464841842651e-01,-1.863075792789459229e-01,-1.098548844456672668e-01,6.899494677782058716e-02,4.140769690275192261e-02,1.440173983573913574e-01,1.577640324831008911e-01,2.858214974403381348e-01,-2.570107579231262207e-03,6.536819040775299072e-02,-2.156792283058166504e-01,-1.601744294166564941e-01,9.831096976995468140e-02,-1.983712054789066315e-02,1.477010995149612427e-01,-9.191776067018508911e-02,-4.119497239589691162e-01,-3.605969846248626709e-01,-1.717949211597442627e-01,-1.272586137056350708e-01,-3.404380381107330322e-01,-2.138431519269943237e-01,-1.871131807565689087e-01,-3.653898090124130249e-02,-4.002527594566345215e-01,-2.552125751972198486e-01,-2.550557255744934082e-01,-4.180990904569625854e-02,-2.401002943515777588e-01,-2.115385830402374268e-01,-3.403954673558473587e-03,4.257378876209259033e-01,2.942309081554412842e-01,4.041621685028076172e-01,3.385432064533233643e-01,4.007646143436431885e-01,1.041444391012191772e-01,2.652529776096343994e-01,1.548522859811782837e-01,1.472505629062652588e-01,1.165760532021522522e-01,-9.923423640429973602e-03,-1.414190679788589478e-01,9.766719490289688110e-02,1.667343452572822571e-02,1.550460904836654663e-01,-3.595974668860435486e-02,-1.373111158609390259e-01,-6.936878710985183716e-02,-5.021484196186065674e-02,-1.469092965126037598e-01,-8.349706232547760010e-02,6.856229156255722046e-02,1.205228418111801147e-01,1.437775790691375732e-01,1.322843283414840698e-01,8.849101513624191284e-02,-1.315435767173767090e-02,1.068897172808647156e-01,-9.884059429168701172e-02,7.293149083852767944e-02,2.069414779543876648e-02,-2.880422770977020264e-02,-2.434633076190948486e-01,-2.482056170701980591e-01,-2.505088448524475098e-01,-3.227188289165496826e-01,-2.391014844179153442e-01,-8.992900140583515167e-03,-3.079680167138576508e-02,-2.843879461288452148e-01,-2.618098855018615723e-01,-4.646527767181396484e-01,-3.833362460136413574e-01,-3.304665386676788330e-01,-2.165214866399765015e-01,-2.949467301368713379e-01,-2.905435264110565186e-01,-1.541425138711929321e-01,-2.953896522521972656e-01,-2.238676995038986206e-01,-1.931744068861007690e-01,-9.717572480440139771e-02,-1.052254065871238708e-01,-3.424663245677947998e-01,-4.560646116733551025e-01,-3.348497152328491211e-01,-2.765132188796997070e-01,-2.323301285505294800e-01,9.727560728788375854e-02
4.627868533134460449e-01,1.469390839338302612e-01,2.304228544235229492e-01,1.075660884380340576e-01,1.261350512504577637e-01,2.580930292606353760e-02,3.550023436546325684e-01,8.788298070430755615e-02,1.310247480869293213e-01,-4.593587946146726608e-03,6.093976497650146484e-01,5.263400450348854065e-02,0.000000000000000000e+00,1.304519921541213989e-01,4.324003159999847412e-01,2.521626055240631104e-01,1.865272037684917450e-02,2.682415954768657684e-02,3.772118389606475830e-01,2.349494397640228271e-01,3.973132371902465820e-02,1.089896336197853088e-01,2.859038710594177246e-01,1.055423542857170105e-01,7.196439802646636963e-02,5.908557027578353882e-02,-9.333902038633823395e-03,-4.188402369618415833e-02,7.569494843482971191e-02,1.129756215959787369e-02,2.087574154138565063e-01,1.088943779468536377e-01,2.318288832902908325e-01,8.150524646043777466e-02,-6.472687423229217529e-02,-6.771421991288661957e-03,-1.244377642869949341e-01,6.281066685914993286e-02,5.368589982390403748e-02,9.028767049312591553e-02,1.343560069799423218e-01,2.522215619683265686e-02,-3.182508647441864014e-01,-2.378493100404739380e-01,-2.382789552211761475e-01,-2.367586940526962280e-01,-2.560152411460876465e-01,-7.970244437456130981e-02,-1.444843411445617676e-01,-1.347513198852539062e-01,-8.809638768434524536e-02,-1.452761739492416382e-01,-2.327855229377746582e-01,-1.468179821968078613e-01,-8.179361373186111450e-02,-1.120628267526626587e-01,3.629364967346191406e-01,8.122282475233078003e-02,6.645292788743972778e-02,5.310437455773353577e-02,2.102328389883041382e-01,-1.592775061726570129e-02,3.163301050662994385e-01,-2.618088619783520699e-04,-7.841747999191284180e-02,1.366629847325384617e-03,2.579986117780208588e-02,-1.139625012874603271e-01,1.266431659460067749e-01,2.533757984638214111e-01,2.100498378276824951e-01,-5.174015834927558899e-02,8.811410516500473022e-02,3.099225275218486786e-02,1.183272078633308411e-01,2.695083022117614746e-01,1.577147841453552246e-01,1.613110899925231934e-01,-1.063689813017845154e-01,-1.001371890306472778e-01,2.228797413408756256e-03,-2.619853615760803223e-01,1.761266589164733887e-01,1.181325837969779968e-01,-8.440547622740268707e-03,-2.577711045742034912e-01,1.427508890628814697e-01,1.019086763262748718e-01,1.767233312129974365e-01,-4.835532046854496002e-03,-1.395209878683090210e-01,-8.444298803806304932e-02,-3.445301204919815063e-02,-1.878512278199195862e-02,-1.628902275115251541e-03,-2.911542728543281555e-02,-4.956291615962982178e-02,7.676624506711959839e-02,-9.722188115119934082e-02,-7.008974254131317139e-02,-7.121604681015014648e-02,-6.095612421631813049e-02,-8.260534703731536865e-02,-5.479104071855545044e-02,-1.960003003478050232e-02,-4.986306279897689819e-02,3.954835701733827591e-03,7.351005077362060547e-02,2.035748958587646484e-02,-3.268287703394889832e-02,5.097322911024093628e-02,-1.271867007017135620e-01,-2.887705266475677490e-01,4.151042550802230835e-02,-4.515562206506729126e-02,1.183347702026367188e-01
