0.000000000000000000e+00,7.919908165931701660e-01,6.793014407157897949e-01,4.862604737281799316e-01,2.234440483152866364e-02,-1.545245200395584106e-02,6.411346197128295898e-01,5.402641296386718750e-01,1.154692918062210083e-01,2.338457107543945312e-01,-2.262160927057266235e-01,2.695657312870025635e-01,4.746022634208202362e-03,-1.593361198902130127e-01,-3.306335210800170898e-01,-3.758971095085144043e-01,-3.436550199985504150e-01,-4.071972072124481201e-01,6.001821160316467285e-01,6.820150017738342285e-01,9.843000024557113647e-02,2.271916866302490234e-01,4.414199888706207275e-01,1.975136697292327881e-01,9.013770520687103271e-02,-9.447236359119415283e-02,3.747570812702178955e-01,3.278315961360931396e-01,-4.857679605484008789e-01,-6.275519132614135742e-01,-2.104251272976398468e-02,1.677621155977249146e-01,3.612925708293914795e-01,4.513228535652160645e-01,-3.338289260864257812e-01,-4.052162468433380127e-01,-4.271814227104187012e-01,-3.506331443786621094e-01,-7.144606113433837891e-02,-2.235922031104564667e-02,-8.574122190475463867e-02,-2.558889091014862061e-01,-3.031604886054992676e-01,-4.387606084346771240e-01,-5.524613857269287109e-01,-4.163662493228912354e-01,-4.390247464179992676e-01,-4.147444367408752441e-01,-5.286793112754821777e-01,-5.035445690155029297e-01,-3.423045873641967773e-01,-3.205964863300323486e-01,5.275856703519821167e-02,-5.026569217443466187e-02,-2.143972665071487427e-01,-2.918166518211364746e-01,7.022463679313659668e-01,7.525166273117065430e-01,4.422008395195007324e-01,6.825000047683715820e-01,2.179148793220520020e-01,-5.418225377798080444e-02,-1.755140572786331177e-01,-2.173215001821517944e-01,-3.538519144058227539e-01,-2.378523051738739014e-01,4.235847890377044678e-01,1.238095667213201523e-02,7.162921428680419922e-01,5.157275795936584473e-01,-2.335342913866043091e-01,-1.177216619253158569e-01,-4.103798568248748779e-01,-3.415746092796325684e-01,8.610699325799942017e-02,-1.857938617467880249e-01,-2.704002261161804199e-01,-3.901818394660949707e-01,-2.593092024326324463e-01,-2.574321329593658447e-01,-3.148851394653320312e-01,-6.163386106491088867e-01,-5.561227798461914062e-01,-4.749749600887298584e-01,-5.409236550331115723e-01,-6.566333174705505371e-01,-1.027123779058456421e-01,-8.252621442079544067e-02,1.766432821750640869e-01,3.287225067615509033e-01,-1.204130128026008606e-01,3.483786061406135559e-02,5.678083747625350952e-02,2.708943486213684082e-01,-2.928628921508789062e-01,-5.526248365640640259e-02,-5.982959866523742676e-01,-6.781397461891174316e-01,-4.639358818531036377e-01,-5.345106720924377441e-01,5.806771665811538696e-02,2.029278427362442017e-01,-8.985128998756408691e-02,1.579490676522254944e-02,-1.175251081585884094e-01,-2.067576050758361816e-01,-1.909872740507125854e-01,2.396244257688522339e-01,-4.141217768192291260e-01,-6.427381038665771484e-01,-6.674547791481018066e-01,-3.826449513435363770e-01,-3.447297215461730957e-01,-2.433716654777526855e-01,-2.419148236513137817e-01,-5.284034013748168945e-01
7.919908165931701660e-01,0.000000000000000000e+00,6.462140679359436035e-01,5.554657578468322754e-01,1.359175592660903931e-01,1.162268370389938354e-01,5.301969051361083984e-01,6.324507594108581543e-01,7.240721583366394043e-02,2.579041719436645508e-01,-3.738897144794464111e-01,1.284156441688537598e-01,-1.591105163097381592e-01,-2.919015288352966309e-01,-3.207428157329559326e-01,-2.913833558559417725e-01,-3.627724349498748779e-01,-4.360128641128540039e-01,6.018185019493103027e-01,7.399880290031433105e-01,1.052012965083122253e-01,2.304611504077911377e-01,4.555450081825256348e-01,2.249981611967086792e-01,7.112101465463638306e-02,-8.023931831121444702e-02,4.623294174671173096e-01,3.874693810939788818e-01,-5.228948593139648438e-01,-6.226413249969482422e-01,2.764094434678554535e-02,2.442980259656906128e-01,2.531741261482238770e-01,3.854299187660217285e-01,-4.660280346870422363e-01,-5.627099871635437012e-01,-4.294531941413879395e-01,-3.640131652355194092e-01,-5.506015568971633911e-02,-1.356087066233158112e-02,-7.356615364551544189e-02,-2.828074097633361816e-01,-3.128327429294586182e-01,-4.229318201541900635e-01,-5.423118472099304199e-01,-3.769933879375457764e-01,-4.923268854618072510e-01,-4.182719290256500244e-01,-5.989858508110046387e-01,-5.101200342178344727e-01,-3.147472143173217773e-01,-3.177702724933624268e-01,7.056589424610137939e-02,9.749894589185714722e-02,-1.741663813591003418e-01,-3.261593580245971680e-01,7.192400693893432617e-01,8.381959795951843262e-01,3.017373681068420410e-01,7.282553911209106445e-01,1.155192311853170395e-02,1.891365274786949158e-02,-2.422488778829574585e-01,-1.583481132984161377e-01,-5.174180269241333008e-01,-3.115580976009368896e-01,2.384734600782394409e-01,-1.783452481031417847e-01,7.274470925331115723e-01,5.241900682449340820e-01,-2.485176324844360352e-01,-2.181024849414825439e-01,-4.529102444648742676e-01,-3.898480832576751709e-01,5.261390283703804016e-02,-2.274703830480575562e-01,-2.915646433830261230e-01,-3.288305997848510742e-01,-2.838006317615509033e-01,-1.868554353713989258e-01,-2.859019935131072998e-01,-5.564684271812438965e-01,-5.529353618621826172e-01,-4.445402920246124268e-01,-5.228124856948852539e-01,-5.268192291259765625e-01,-2.499491907656192780e-02,-1.754711009562015533e-02,1.290566921234130859e-01,3.703928887844085693e-01,-6.853508204221725464e-02,6.811377406120300293e-02,1.158144250512123108e-01,2.950946688652038574e-01,-3.335701823234558105e-01,-1.470824629068374634e-01,-6.182014942169189453e-01,-6.494376659393310547e-01,-4.746406674385070801e-01,-5.167687535285949707e-01,1.521674990653991699e-01,2.763368487358093262e-01,-5.407238495536148548e-04,9.834540635347366333e-02,-6.281542778015136719e-02,-1.723520010709762573e-01,-2.611263990402221680e-01,2.134343236684799194e-01,-4.172817170619964600e-01,-6.153857111930847168e-01,-6.539241671562194824e-01,-3.161064088344573975e-01,-2.731836736202239990e-01,-2.081802785396575928e-01,-1.711755096912384033e-01,-4.499797523021697998e-01
6.793014407157897949e-01,6.462140679359436035e-01,0.000000000000000000e+00,7.015870809555053711e-01,1.541360765695571899e-01,1.678032279014587402e-01,7.807400226593017578e-01,6.902185678482055664e-01,2.071303725242614746e-01,3.486906290054321289e-01,-3.300564289093017578e-01,9.608772397041320801e-02,-1.258485857397317886e-02,-1.933244466781616211e-01,-2.663413286209106445e-01,-2.412810325622558594e-01,-5.266441702842712402e-01,-5.187560915946960449e-01,6.611413359642028809e-01,7.156328558921813965e-01,2.574911713600158691e-01,2.558818161487579346e-01,7.296168804168701172e-01,5.415295958518981934e-01,1.277063935995101929e-01,2.289150469005107880e-02,4.214574694633483887e-01,3.926324844360351562e-01,-5.712463855743408203e-01,-6.630315780639648438e-01,1.089429929852485657e-01,3.161945044994354248e-01,2.493016719818115234e-01,3.300177752971649170e-01,-1.516283154487609863e-01,-3.601410686969757080e-01,-4.399725794792175293e-01,-3.519823253154754639e-01,1.171220000833272934e-02,-1.236174628138542175e-02,-9.416060894727706909e-02,-2.268025577068328857e-01,-2.781369090080261230e-01,-4.119869172573089600e-01,-6.222190260887145996e-01,-5.303489565849304199e-01,-3.923751115798950195e-01,-3.916448950767517090e-01,-6.785014867782592773e-01,-5.883956551551818848e-01,-4.355628788471221924e-01,-3.704763352870941162e-01,9.886623173952102661e-02,1.447642035782337189e-02,-2.409771978855133057e-01,-2.189346849918365479e-01,4.228603541851043701e-01,5.511463284492492676e-01,1.363964229822158813e-01,4.947921633720397949e-01,-3.285059705376625061e-02,1.237920299172401428e-02,-4.092046618461608887e-01,-2.597224414348602295e-01,-3.049772381782531738e-01,-1.219199448823928833e-01,2.545354664325714111e-01,-9.615462273359298706e-02,6.819509267807006836e-01,6.331168413162231445e-01,-5.537150800228118896e-02,4.831042140722274780e-02,-2.597401142120361328e-01,-2.062187045812606812e-01,1.860894858837127686e-01,-7.783561199903488159e-02,-1.786111444234848022e-01,-3.047910034656524658e-01,-3.186001181602478027e-01,-2.451120913028717041e-01,-3.531399369239807129e-01,-5.391557812690734863e-01,-4.886296987533569336e-01,-3.761550784111022949e-01,-3.996416330337524414e-01,-4.714062511920928955e-01,-3.464204445481300354e-02,2.263624221086502075e-02,2.440480291843414307e-01,3.975725471973419189e-01,9.826709330081939697e-02,2.915225327014923096e-01,2.880635857582092285e-01,4.343192577362060547e-01,-2.857621610164642334e-01,-1.079523786902427673e-01,-5.305219888687133789e-01,-5.551373362541198730e-01,-3.224279582500457764e-01,-3.568757474422454834e-01,2.830778434872627258e-02,1.735085248947143555e-01,-2.006661146879196167e-01,-8.938885480165481567e-02,-1.734372973442077637e-01,-1.818929761648178101e-01,-2.869208455085754395e-01,1.900037229061126709e-01,-5.123383998870849609e-01,-6.428338289260864258e-01,-6.111144423484802246e-01,-2.623448967933654785e-01,-2.400603443384170532e-01,-1.059639155864715576e-01,-1.205891966819763184e-01,-4.522444009780883789e-01
4.862604737281799316e-01,5.554657578468322754e-01,7.015870809555053711e-01,0.000000000000000000e+00,2.072771936655044556e-01,3.215489983558654785e-01,6.092919707298278809e-01,7.402225732803344727e-01,1.158517301082611084e-01,2.637219429016113281e-01,-4.246140122413635254e-01,-2.524820528924465179e-02,-3.245208561420440674e-01,-1.217383742332458496e-01,-2.293964624404907227e-01,-2.184213101863861084e-01,-5.893286466598510742e-01,-5.560869574546813965e-01,6.905421614646911621e-01,7.289292216300964355e-01,1.457936614751815796e-01,1.061147749423980713e-01,4.813149571418762207e-01,5.184380412101745605e-01,-8.235324919223785400e-02,3.295960277318954468e-02,3.431856632232666016e-01,3.831103146076202393e-01,-6.594277620315551758e-01,-6.680985689163208008e-01,-4.634605720639228821e-02,1.139204651117324829e-01,1.901022642850875854e-01,2.535275220870971680e-01,-2.488579601049423218e-01,-3.271186947822570801e-01,-3.956193625926971436e-01,-4.070262908935546875e-01,-2.832548692822456360e-03,-9.425859898328781128e-02,-1.394448280334472656e-01,-2.063081413507461548e-01,-1.860563457012176514e-01,-2.675181031227111816e-01,-4.761673808097839355e-01,-3.245260715484619141e-01,-2.874246537685394287e-01,-3.547548949718475342e-01,-6.049483418464660645e-01,-4.639714956283569336e-01,-2.765347063541412354e-01,-3.251476287841796875e-01,2.940966188907623291e-01,1.546039432287216187e-01,-2.206448018550872803e-01,-1.571506857872009277e-01,3.134433627128601074e-01,4.937397539615631104e-01,1.858031302690505981e-01,4.626425802707672119e-01,-1.259444057941436768e-01,6.542531400918960571e-02,-5.159385204315185547e-01,-2.332591116428375244e-01,-4.757532775402069092e-01,-2.726247608661651611e-01,-6.744778156280517578e-02,-1.745568066835403442e-01,6.778793334960937500e-01,5.818012952804565430e-01,-1.072489917278289795e-01,-1.245560348033905029e-01,-3.977087438106536865e-01,-2.604745030403137207e-01,3.274319320917129517e-02,-1.518126726150512695e-01,-3.377779424190521240e-01,-3.542784750461578369e-01,-2.651311755180358887e-01,-3.491367995738983154e-01,-3.942972123622894287e-01,-4.955120682716369629e-01,-4.463363289833068848e-01,-4.699977934360504150e-01,-3.316633403301239014e-01,-3.166619241237640381e-01,-1.175573989748954773e-01,-8.868193626403808594e-02,2.532159388065338135e-01,4.459590017795562744e-01,3.859314918518066406e-01,3.867223560810089111e-01,5.399538278579711914e-01,4.687349498271942139e-01,-2.157693356275558472e-01,-7.356720417737960815e-02,-3.923161327838897705e-01,-4.366203248500823975e-01,-1.545683592557907104e-01,-1.620466858148574829e-01,1.580611914396286011e-01,2.211563587188720703e-01,-1.686004698276519775e-01,-7.313480228185653687e-02,-1.727956980466842651e-01,-2.245900928974151611e-01,-3.858170211315155029e-01,9.936730563640594482e-02,-4.828626811504364014e-01,-4.631881415843963623e-01,-5.343053340911865234e-01,-5.590257048606872559e-02,-2.593647129833698273e-02,-3.306337632238864899e-03,-7.022194564342498779e-02,-4.214906394481658936e-01
2.234440483152866364e-02,1.359175592660903931e-01,1.541360765695571899e-01,2.072771936655044556e-01,0.000000000000000000e+00,6.221829056739807129e-01,8.171298354864120483e-02,2.130118608474731445e-01,6.075052618980407715e-01,6.126000285148620605e-01,-2.757627665996551514e-01,-9.850019961595535278e-02,-3.015515208244323730e-01,-1.667694374918937683e-02,4.130835235118865967e-01,5.035151839256286621e-01,-3.991603553295135498e-01,-3.838845491409301758e-01,1.614295095205307007e-01,1.572615206241607666e-01,2.967843413352966309e-01,3.215394318103790283e-01,2.416617721319198608e-01,4.457450807094573975e-01,5.394490957260131836e-01,6.093701124191284180e-01,6.699281334877014160e-01,6.825947165489196777e-01,-3.209580779075622559e-01,-2.396571040153503418e-01,2.320809066295623779e-01,2.867367267608642578e-01,-7.763097435235977173e-02,1.162145137786865234e-01,1.147042028605937958e-02,-2.103119492530822754e-01,-4.360279440879821777e-01,-3.857596516609191895e-01,1.605213582515716553e-01,9.420901536941528320e-02,-2.406856417655944824e-01,-1.627659648656845093e-01,-2.056234776973724365e-01,-1.946233659982681274e-01,-3.435637652873992920e-01,-2.197212725877761841e-01,-1.389639675617218018e-01,-3.094955682754516602e-01,-4.004272520542144775e-01,-3.624473810195922852e-01,-2.451004087924957275e-01,-2.200636565685272217e-01,4.004895687103271484e-02,-5.694142729043960571e-02,5.487875081598758698e-03,5.874570086598396301e-02,-2.463862858712673187e-02,1.213319227099418640e-01,-6.563869863748550415e-02,1.519961953163146973e-01,-2.770450413227081299e-01,-5.147029180079698563e-03,-2.861072719097137451e-01,-2.088397368788719177e-02,-1.130426898598670959e-01,-8.108104579150676727e-03,7.152074575424194336e-02,-9.799503535032272339e-02,2.609608173370361328e-01,3.344300389289855957e-01,2.583802044391632080e-01,-5.481996573507785797e-03,-1.898296028375625610e-01,-1.700789779424667358e-01,1.992136090993881226e-01,3.644134104251861572e-02,1.608359813690185547e-02,-5.559685081243515015e-02,-1.154368370771408081e-01,-1.390506327152252197e-01,-1.860153526067733765e-01,-1.904193162918090820e-01,-2.377604991197586060e-01,1.612393110990524292e-01,-6.419114023447036743e-02,-9.990775585174560547e-02,2.371812313795089722e-01,3.043863177299499512e-01,4.715245664119720459e-01,3.453253209590911865e-01,2.746228277683258057e-01,4.276879597455263138e-03,2.288552075624465942e-01,1.229790411889553070e-02,1.935064792633056641e-01,-1.201168745756149292e-01,-6.093661300837993622e-03,-7.456356287002563477e-02,2.325039356946945190e-02,-3.200475126504898071e-02,2.303352057933807373e-01,4.855364095419645309e-03,9.139492362737655640e-02,1.286895126104354858e-01,5.297578405588865280e-03,1.289337035268545151e-02,-1.216048970818519592e-01,3.684158623218536377e-01,-1.929108202457427979e-01,-1.698371022939682007e-01,-1.814717799425125122e-01,1.039328351616859436e-01,-1.777657270431518555e-01,-1.798957213759422302e-02,-1.215752065181732178e-01,-1.613171100616455078e-01
-1.545245200395584106e-02,1.162268370389938354e-01,1.678032279014587402e-01,3.215489983558654785e-01,6.221829056739807129e-01,0.000000000000000000e+00,1.170294731855392456e-01,1.853533089160919189e-01,3.425163030624389648e-01,2.826768457889556885e-01,-2.828698456287384033e-01,-3.056917786598205566e-01,-4.851040840148925781e-01,-3.096699528396129608e-02,4.062779545783996582e-01,3.611871898174285889e-01,-4.047704637050628662e-01,-2.664687931537628174e-01,2.002847641706466675e-01,2.633055150508880615e-01,2.829083204269409180e-01,1.886341422796249390e-01,1.300749182701110840e-01,4.673337936401367188e-01,9.552520513534545898e-02,4.173908531665802002e-01,5.185134410858154297e-01,5.646200180053710938e-01,-3.716877400875091553e-01,-2.759467065334320068e-01,3.177476525306701660e-01,3.507464528083801270e-01,-1.356647312641143799e-01,-2.600187435746192932e-02,-2.528820931911468506e-01,-2.536890804767608643e-01,-1.436380892992019653e-01,-3.126510977745056152e-01,2.512135803699493408e-01,1.547358185052871704e-01,-3.917509689927101135e-02,-5.411801487207412720e-02,-1.269826143980026245e-01,-1.442864984273910522e-01,-3.180115520954132080e-01,-1.901280730962753296e-01,-2.638970911502838135e-01,-3.110104501247406006e-01,-3.963759541511535645e-01,-3.273841440677642822e-01,-2.908517718315124512e-01,-3.892776966094970703e-01,-2.033670060336589813e-02,5.406679119914770126e-03,6.439037621021270752e-02,-5.996255204081535339e-02,-5.211215838789939880e-02,1.098383590579032898e-01,1.053489279001951218e-02,5.427948385477066040e-02,-3.443625867366790771e-01,-1.151507645845413208e-01,-3.517731428146362305e-01,2.204315923154354095e-02,-2.598896026611328125e-01,-2.935639917850494385e-01,-2.079292535781860352e-01,-2.468345165252685547e-01,3.123352527618408203e-01,2.961252629756927490e-01,1.709659546613693237e-01,-1.234690994024276733e-01,-2.031999975442886353e-01,-1.417940109968185425e-01,-5.615451559424400330e-02,-1.616847813129425049e-01,-1.211631596088409424e-01,-2.589957229793071747e-02,-2.575234472751617432e-01,-2.106996178627014160e-01,-2.965992987155914307e-01,-1.456296592950820923e-01,-4.252475872635841370e-02,-7.294370327144861221e-03,-4.346532002091407776e-02,1.934770680963993073e-02,4.223162531852722168e-01,4.495934545993804932e-01,4.276992976665496826e-01,3.845944404602050781e-01,2.337677776813507080e-01,1.467510759830474854e-01,1.955010443925857544e-01,1.369157731533050537e-01,1.737304180860519409e-01,-1.169318780303001404e-01,-1.117743775248527527e-01,-1.426686793565750122e-01,-8.938304334878921509e-02,5.633567925542593002e-03,1.881900131702423096e-01,1.505208015441894531e-01,1.615006029605865479e-01,1.655178666114807129e-01,-6.599401682615280151e-02,-1.059739962220191956e-01,-2.421649247407913208e-01,1.776589602231979370e-01,-2.382835149765014648e-01,-1.016410514712333679e-01,-2.689132690429687500e-01,3.091270476579666138e-02,-2.658535540103912354e-02,-1.023894548416137695e-01,-1.917028874158859253e-01,-1.776380240917205811e-01
6.411346197128295898e-01,5.301969051361083984e-01,7.807400226593017578e-01,6.092919707298278809e-01,8.171298354864120483e-02,1.170294731855392456e-01,0.000000000000000000e+00,6.073436737060546875e-01,9.626640379428863525e-02,2.056099325418472290e-01,-1.540107429027557373e-01,2.278135120868682861e-01,5.165088549256324768e-02,-7.679644040763378143e-03,-2.011601328849792480e-01,-2.626999318599700928e-01,-4.229556024074554443e-01,-4.166344702243804932e-01,6.097458600997924805e-01,6.448074579238891602e-01,9.846878796815872192e-02,5.729020014405250549e-02,6.013229489326477051e-01,4.706050753593444824e-01,4.016155004501342773e-02,4.268281534314155579e-02,2.826329469680786133e-01,3.034727573394775391e-01,-4.344812631607055664e-01,-6.200891733169555664e-01,1.269245147705078125e-01,2.901595830917358398e-01,3.756799697875976562e-01,4.398208260536193848e-01,-1.050814837217330933e-01,-2.339629977941513062e-01,-3.743689954280853271e-01,-3.623486757278442383e-01,-3.491228818893432617e-02,-5.940232798457145691e-02,-1.105326041579246521e-01,-2.785616815090179443e-01,-2.873004078865051270e-01,-3.771731555461883545e-01,-6.092889308929443359e-01,-5.751966238021850586e-01,-3.462326526641845703e-01,-2.967355251312255859e-01,-6.016134023666381836e-01,-5.711295008659362793e-01,-4.670925140380859375e-01,-4.326237738132476807e-01,6.764347851276397705e-02,-1.324162036180496216e-01,-2.577500045299530029e-01,-2.840632200241088867e-01,3.763789534568786621e-01,4.683802425861358643e-01,1.652814298868179321e-01,3.840739428997039795e-01,1.539747416973114014e-01,4.491019248962402344e-02,-3.025566637516021729e-01,-1.209002882242202759e-01,-2.966596484184265137e-01,-1.511152684688568115e-01,1.984275132417678833e-01,-8.985786139965057373e-02,5.463037490844726562e-01,4.686463177204132080e-01,7.463099062442779541e-02,1.104749962687492371e-01,-1.836956739425659180e-01,-1.190114095807075500e-01,1.831338256597518921e-01,-8.658727258443832397e-02,-1.092343553900718689e-01,-2.098625302314758301e-01,-1.522185206413269043e-01,-1.815953105688095093e-01,-3.386870324611663818e-01,-4.522894024848937988e-01,-3.918550312519073486e-01,-4.332977533340454102e-01,-3.453634083271026611e-01,-4.230869114398956299e-01,-9.440658241510391235e-02,-2.197148092091083527e-02,2.061585485935211182e-01,3.024576306343078613e-01,3.267826884984970093e-02,2.482310533523559570e-01,2.069194614887237549e-01,3.809790015220642090e-01,-2.857920229434967041e-01,-9.689779579639434814e-02,-5.105786323547363281e-01,-5.401209592819213867e-01,-2.990599572658538818e-01,-3.169078528881072998e-01,2.758052013814449310e-02,1.898318380117416382e-01,-1.681469827890396118e-01,-7.068803161382675171e-02,-6.624753028154373169e-02,-1.721996366977691650e-01,-2.644203901290893555e-01,1.424172669649124146e-01,-4.544098079204559326e-01,-5.711948871612548828e-01,-5.918120741844177246e-01,-3.102283477783203125e-01,-1.798663437366485596e-01,-6.293073296546936035e-02,-6.664445996284484863e-02,-4.361621439456939697e-01
5.402641296386718750e-01,6.324507594108581543e-01,6.902185678482055664e-01,7.402225732803344727e-01,2.130118608474731445e-01,1.853533089160919189e-01,6.073436737060546875e-01,0.000000000000000000e+00,1.347418278455734253e-01,3.540943861007690430e-01,-4.869602024555206299e-01,1.870487630367279053e-01,-2.471413761377334595e-01,-9.507926553487777710e-02,-2.714390456676483154e-01,-1.306677609682083130e-01,-6.038987636566162109e-01,-6.043902635574340820e-01,4.939460754394531250e-01,6.606720685958862305e-01,1.597584486007690430e-01,1.884560883045196533e-01,6.047350764274597168e-01,4.810587167739868164e-01,3.031409159302711487e-02,6.354341655969619751e-02,3.847615122795104980e-01,4.018978476524353027e-01,-6.299822330474853516e-01,-6.435413956642150879e-01,4.256870225071907043e-02,2.569585144519805908e-01,1.346965879201889038e-01,3.076088130474090576e-01,-2.382101714611053467e-01,-3.828474283218383789e-01,-4.799724519252777100e-01,-4.393119215965270996e-01,-7.390134036540985107e-02,-1.413338780403137207e-01,-1.697262078523635864e-01,-2.895748913288116455e-01,-2.689176499843597412e-01,-3.371929526329040527e-01,-5.972543954849243164e-01,-4.811395704746246338e-01,-3.568293750286102295e-01,-2.862230539321899414e-01,-6.330133676528930664e-01,-5.090652704238891602e-01,-3.143829405307769775e-01,-3.140436410903930664e-01,2.328441292047500610e-01,1.136532351374626160e-01,-8.091337233781814575e-02,-1.889442354440689087e-01,2.770136296749114990e-01,5.344627499580383301e-01,1.078047528862953186e-01,5.811573266983032227e-01,-3.638703376054763794e-02,2.658756673336029053e-01,-4.449464976787567139e-01,-7.061672210693359375e-02,-5.623825788497924805e-01,-1.100120246410369873e-01,6.824210286140441895e-02,-1.506190896034240723e-01,5.842773318290710449e-01,4.764025807380676270e-01,-3.668169304728507996e-02,2.523564733564853668e-02,-3.271919488906860352e-01,-1.994210928678512573e-01,8.530752360820770264e-02,-1.689736545085906982e-01,-3.161209821701049805e-01,-3.387435972690582275e-01,-3.074587583541870117e-01,-2.833251953125000000e-01,-3.881601691246032715e-01,-5.067087411880493164e-01,-4.928440451622009277e-01,-4.846329689025878906e-01,-4.152385294437408447e-01,-3.089762628078460693e-01,-1.138385683298110962e-01,-1.214841827750205994e-01,2.032047212123870850e-01,4.108515977859497070e-01,2.200186848640441895e-01,2.178633213043212891e-01,3.489062786102294922e-01,3.056977689266204834e-01,-2.181513011455535889e-01,-9.673997014760971069e-02,-4.551243484020233154e-01,-4.666832387447357178e-01,-3.147810399532318115e-01,-3.117692172527313232e-01,1.482788175344467163e-01,1.913800239562988281e-01,-1.317173093557357788e-01,-8.405221253633499146e-02,-1.013051345944404602e-02,-1.923927068710327148e-01,-3.623055219650268555e-01,3.552135080099105835e-02,-4.677260518074035645e-01,-5.655193328857421875e-01,-4.939984083175659180e-01,-2.332944273948669434e-01,-1.931954920291900635e-01,-7.709106802940368652e-02,4.106198251247406006e-02,-3.918547928333282471e-01
1.154692918062210083e-01,7.240721583366394043e-02,2.071303725242614746e-01,1.158517301082611084e-01,6.075052618980407715e-01,3.425163030624389648e-01,9.626640379428863525e-02,1.347418278455734253e-01,0.000000000000000000e+00,7.488900423049926758e-01,-1.737141162157058716e-01,3.986564278602600098e-02,-7.058969885110855103e-02,2.213732711970806122e-02,2.910996675491333008e-01,3.053941726684570312e-01,-3.041667044162750244e-01,-3.902201056480407715e-01,1.149748936295509338e-01,4.585014283657073975e-02,2.675774395465850830e-01,2.997480928897857666e-01,2.735187411308288574e-01,3.415340781211853027e-01,6.376947164535522461e-01,5.286048054695129395e-01,4.826325774192810059e-01,5.918519496917724609e-01,-2.108930945396423340e-01,-1.927827149629592896e-01,1.497248262166976929e-01,1.781399399042129517e-01,2.072899229824542999e-02,2.428723573684692383e-01,2.485665231943130493e-01,4.135340824723243713e-02,-5.166289806365966797e-01,-3.258949816226959229e-01,4.860062524676322937e-02,6.617922335863113403e-02,-3.956595063209533691e-01,-1.842357814311981201e-01,-2.195938676595687866e-01,-2.369607985019683838e-01,-3.150121569633483887e-01,-2.067876905202865601e-01,4.851907491683959961e-03,-2.631912529468536377e-01,-3.046738207340240479e-01,-3.431648612022399902e-01,-1.739016622304916382e-01,-8.064764738082885742e-02,1.518610119819641113e-01,-1.234868988394737244e-01,-1.012874022126197815e-01,3.025756180286407471e-01,3.973728790879249573e-02,9.366766363382339478e-02,3.079187311232089996e-02,1.676144301891326904e-01,-5.438579246401786804e-02,-4.817289859056472778e-02,-1.772534251213073730e-01,-1.733126640319824219e-01,8.624871075153350830e-02,1.551165282726287842e-01,3.774897456169128418e-01,1.360306888818740845e-01,2.351567596197128296e-01,4.181481301784515381e-01,2.047345638275146484e-01,1.523613780736923218e-01,-1.322751492261886597e-02,-5.191422533243894577e-03,3.122116923332214355e-01,3.129054903984069824e-01,1.811041086912155151e-01,-7.543789595365524292e-02,4.341447353363037109e-02,-8.292191475629806519e-02,-6.250854581594467163e-02,-2.613466680049896240e-01,-3.424306213855743408e-01,2.181683480739593506e-01,-2.017863094806671143e-01,-3.433726131916046143e-01,-2.339646779000759125e-02,3.315823525190353394e-02,4.696163237094879150e-01,2.235233336687088013e-01,3.089539408683776855e-01,-8.791184052824974060e-03,2.699175179004669189e-01,2.858298271894454956e-02,1.068404093384742737e-01,3.132393956184387207e-02,7.521528750658035278e-02,-1.083326712250709534e-02,1.698756515979766846e-01,-2.213508076965808868e-02,1.668679267168045044e-01,-1.153045799583196640e-02,-5.112067237496376038e-02,6.932865083217620850e-02,-2.896193973720073700e-02,1.472528129816055298e-01,5.102710425853729248e-02,4.480711519718170166e-01,-2.672970592975616455e-01,-1.619141697883605957e-01,-9.301051497459411621e-02,1.598278284072875977e-01,-1.894865036010742188e-01,4.154046997427940369e-02,-1.252282410860061646e-01,-1.775644868612289429e-01
2.338457107543945312e-01,2.579041719436645508e-01,3.486906290054321289e-01,2.637219429016113281e-01,6.126000285148620605e-01,2.826768457889556885e-01,2.056099325418472290e-01,3.540943861007690430e-01,7.488900423049926758e-01,0.000000000000000000e+00,-3.152619898319244385e-01,6.770391762256622314e-02,-7.552442699670791626e-02,-1.143383085727691650e-01,2.090455591678619385e-01,3.646267056465148926e-01,-3.825187385082244873e-01,-5.528144836425781250e-01,2.462165653705596924e-01,2.313524186611175537e-01,3.267680108547210693e-01,4.012717902660369873e-01,4.562336504459381104e-01,4.455883204936981201e-01,6.436805129051208496e-01,4.665522277355194092e-01,5.684252381324768066e-01,6.222870945930480957e-01,-3.508181273937225342e-01,-3.410009443759918213e-01,8.856530487537384033e-02,1.938243210315704346e-01,-1.594125106930732727e-02,2.067849636077880859e-01,1.793523281812667847e-01,-1.315594464540481567e-01,-6.123816967010498047e-01,-3.531402051448822021e-01,6.994556635618209839e-02,7.920487225055694580e-02,-3.362012803554534912e-01,-2.076729387044906616e-01,-2.740158736705780029e-01,-2.355362176895141602e-01,-4.481194019317626953e-01,-3.297238349914550781e-01,-6.346787512302398682e-02,-2.298335731029510498e-01,-4.582764804363250732e-01,-4.651746749877929688e-01,-2.829998135566711426e-01,-8.535226434469223022e-02,1.159284785389900208e-01,-6.820751726627349854e-02,-9.154746681451797485e-02,3.153813779354095459e-01,8.380992710590362549e-02,1.994276642799377441e-01,-8.876230567693710327e-02,2.564209997653961182e-01,-1.569108366966247559e-01,4.841409996151924133e-02,-1.929960697889328003e-01,-1.403626501560211182e-01,-6.082825362682342529e-02,1.446381062269210815e-01,3.535636961460113525e-01,7.231371849775314331e-02,3.330454528331756592e-01,4.905716180801391602e-01,1.612307727336883545e-01,1.076291278004646301e-01,-1.146887764334678650e-01,-1.163856685161590576e-01,4.112279117107391357e-01,3.016238212585449219e-01,1.314521580934524536e-01,-1.229213699698448181e-01,-5.482234433293342590e-02,-1.080713197588920593e-01,-8.262984454631805420e-02,-3.370139598846435547e-01,-3.918295204639434814e-01,2.084964513778686523e-01,-2.591769397258758545e-01,-3.401667475700378418e-01,2.350381389260292053e-02,1.013290733098983765e-01,3.999797403812408447e-01,3.540836274623870850e-01,3.355567753314971924e-01,9.237369894981384277e-02,3.128374814987182617e-01,8.899588137865066528e-02,6.522542238235473633e-02,-6.203453615307807922e-02,-1.673260517418384552e-02,-7.747309654951095581e-02,1.385305076837539673e-01,-5.241728946566581726e-02,2.755954563617706299e-01,-2.127116546034812927e-02,1.668347232043743134e-02,1.082628220319747925e-01,-4.617581609636545181e-03,9.734247624874114990e-02,7.231650874018669128e-03,4.590336978435516357e-01,-2.985113561153411865e-01,-3.249712586402893066e-01,-1.206294670701026917e-01,1.158449128270149231e-01,-2.107475399971008301e-01,9.596518427133560181e-02,-7.503494620323181152e-02,-1.803655326366424561e-01
-2.262160927057266235e-01,-3.738897144794464111e-01,-3.300564289093017578e-01,-4.246140122413635254e-01,-2.757627665996551514e-01,-2.828698456287384033e-01,-1.540107429027557373e-01,-4.869602024555206299e-01,-1.737141162157058716e-01,-3.152619898319244385e-01,0.000000000000000000e+00,1.947864443063735962e-01,5.657098889350891113e-01,4.145552515983581543e-01,4.496791958808898926e-02,-6.389088183641433716e-02,4.593139886856079102e-01,4.742823839187622070e-01,-1.872906982898712158e-01,-3.902364969253540039e-01,-3.309594690799713135e-01,-4.261045157909393311e-01,-2.145967483520507812e-01,-1.550223380327224731e-01,-1.146934628486633301e-01,-9.835704416036605835e-02,-4.561702013015747070e-01,-4.205313920974731445e-01,6.084624528884887695e-01,4.265061318874359131e-01,1.023412793874740601e-01,-2.278302982449531555e-02,2.999143004417419434e-01,1.451554298400878906e-01,2.708423733711242676e-01,4.150001704692840576e-01,1.882102191448211670e-01,1.181481853127479553e-01,-2.551245987415313721e-01,-2.459199577569961548e-01,-1.158280372619628906e-01,-6.091297045350074768e-02,7.650810480117797852e-02,1.326313316822052002e-01,3.219020962715148926e-01,2.018483728170394897e-01,1.588101387023925781e-01,2.086801528930664062e-01,3.466642498970031738e-01,2.912261188030242920e-01,4.178275913000106812e-02,8.941202610731124878e-02,-2.205171585083007812e-01,-3.419313430786132812e-01,-1.565762460231781006e-01,-1.332519650459289551e-01,-7.555487006902694702e-02,-3.123145997524261475e-01,-6.217404454946517944e-02,-3.879990577697753906e-01,3.042211532592773438e-01,-3.083811607211828232e-03,4.783141314983367920e-01,1.641233861446380615e-01,5.423659086227416992e-01,1.863981783390045166e-01,-6.499419454485177994e-03,1.711373776197433472e-01,-3.955722451210021973e-01,-3.300356268882751465e-01,1.407604515552520752e-01,1.958138495683670044e-01,4.205635190010070801e-01,3.291883766651153564e-01,3.959669545292854309e-02,1.980420202016830444e-01,2.811550796031951904e-01,2.826413512229919434e-01,3.989807069301605225e-01,2.834101915359497070e-01,2.886896431446075439e-01,3.760727047920227051e-01,2.926199734210968018e-01,1.840949803590774536e-01,3.456381857395172119e-01,1.421176046133041382e-01,-7.837325334548950195e-02,-1.109395921230316162e-01,-2.485240995883941650e-01,-5.189874768257141113e-01,-2.943881452083587646e-01,-2.858355045318603516e-01,-2.188834846019744873e-01,-2.337993979454040527e-01,-4.530666396021842957e-02,1.928394138813018799e-01,1.336125582456588745e-01,1.491818130016326904e-01,5.792940780520439148e-02,5.074596032500267029e-03,-2.568025887012481689e-01,-2.158504128456115723e-01,-1.471944600343704224e-01,-1.528835743665695190e-01,1.932059973478317261e-01,1.856378465890884399e-01,1.880839765071868896e-01,-1.983886659145355225e-01,3.028824031352996826e-01,2.771828472614288330e-01,2.029269933700561523e-01,-8.805767446756362915e-02,2.571594715118408203e-02,8.774856477975845337e-02,1.622389107942581177e-01,2.463229298591613770e-01
2.695657312870025635e-01,1.284156441688537598e-01,9.608772397041320801e-02,-2.524820528924465179e-02,-9.850019961595535278e-02,-3.056917786598205566e-01,2.278135120868682861e-01,1.870487630367279053e-01,3.986564278602600098e-02,6.770391762256622314e-02,1.947864443063735962e-01,0.000000000000000000e+00,2.623069882392883301e-01,4.480106532573699951e-01,-1.751058697700500488e-01,-1.013154089450836182e-01,5.742289125919342041e-02,1.809435524046421051e-02,3.809607028961181641e-02,5.825968086719512939e-02,-1.980576366186141968e-01,-1.308332085609436035e-01,1.222954764962196350e-01,3.364596515893936157e-02,9.635567665100097656e-02,3.915689885616302490e-02,-3.422910347580909729e-02,-2.534573525190353394e-02,1.197382360696792603e-01,6.029370706528425217e-03,1.237812787294387817e-01,1.346393078565597534e-01,4.571681022644042969e-01,4.869566261768341064e-01,7.786618173122406006e-02,1.946305297315120697e-02,-3.139136135578155518e-01,-2.498172372579574585e-01,-2.502709031105041504e-01,-2.828827500343322754e-01,-2.865837812423706055e-01,-3.073531985282897949e-01,-2.630781829357147217e-01,-2.597459554672241211e-01,-2.301831990480422974e-01,-2.236948013305664062e-01,-9.477543085813522339e-02,-2.859499305486679077e-02,-1.358319520950317383e-01,-1.836758852005004883e-01,-2.215912789106369019e-01,-1.557328850030899048e-01,-4.151542484760284424e-02,-3.089534938335418701e-01,-1.153055354952812195e-01,-1.154904663562774658e-01,1.716607958078384399e-01,1.520707607269287109e-01,1.547194868326187134e-01,1.496979892253875732e-01,4.699429869651794434e-01,3.937160968780517578e-01,1.971298605203628540e-01,3.272487223148345947e-01,-5.866686999797821045e-02,1.885704547166824341e-01,2.295414209365844727e-01,1.349147856235504150e-01,2.164919115602970123e-02,1.109985169023275375e-02,6.977752596139907837e-02,1.817644089460372925e-01,6.723888218402862549e-02,1.106072366237640381e-01,1.024866253137588501e-01,7.702649384737014771e-02,2.306935936212539673e-02,-4.401349648833274841e-02,1.666718125343322754e-01,1.353934109210968018e-01,1.179683767259120941e-02,-9.365597367286682129e-02,-2.377232313156127930e-01,-2.088225334882736206e-01,-2.665142118930816650e-01,-3.150679767131805420e-01,-2.562369406223297119e-01,-2.798739373683929443e-01,-5.880056694149971008e-02,-1.417388767004013062e-01,-1.568108499050140381e-01,-2.373134195804595947e-01,-1.983853615820407867e-02,-1.349111795425415039e-01,-8.887747675180435181e-02,1.242382526397705078e-01,-1.139730513095855713e-01,-1.731447577476501465e-01,-1.141914278268814087e-01,-2.723146677017211914e-01,-6.367588043212890625e-02,-1.080009341239929199e-01,-1.437285691499710083e-01,-8.706777542829513550e-02,2.079009562730789185e-01,1.307606250047683716e-01,1.526996940374374390e-01,5.918859969824552536e-03,1.538107916712760925e-02,-1.983617991209030151e-01,-1.595553904771804810e-01,-2.213849872350692749e-01,-1.711011081933975220e-01,5.467196181416511536e-02,1.285048127174377441e-01,-1.257925182580947876e-01
4.746022634208202362e-03,-1.591105163097381592e-01,-1.258485857397317886e-02,-3.245208561420440674e-01,-3.015515208244323730e-01,-4.851040840148925781e-01,5.165088549256324768e-02,-2.471413761377334595e-01,-7.058969885110855103e-02,-7.552442699670791626e-02,5.657098889350891113e-01,2.623069882392883301e-01,0.000000000000000000e+00,1.645403057336807251e-01,-1.182079315185546875e-01,-4.832919687032699585e-02,3.469202518463134766e-01,3.113384842872619629e-01,-5.057736113667488098e-02,-2.455996274948120117e-01,-2.061910182237625122e-01,-1.643319427967071533e-01,2.165588587522506714e-01,-1.983849797397851944e-03,9.942369908094406128e-02,-1.535994559526443481e-01,-3.075992465019226074e-01,-3.617224097251892090e-01,4.522220492362976074e-01,2.860470712184906006e-01,1.772520244121551514e-01,1.054240241646766663e-01,2.077394723892211914e-01,1.153363510966300964e-01,3.290899991989135742e-01,2.549751698970794678e-01,-2.732766047120094299e-02,1.173255741596221924e-01,-2.660704851150512695e-01,-1.747996062040328979e-01,-1.234264969825744629e-01,-1.274357587099075317e-01,-1.386244744062423706e-01,-1.522724926471710205e-01,6.167386844754219055e-02,-8.469819277524948120e-02,7.743605878204107285e-03,1.864616125822067261e-01,9.849610924720764160e-02,2.338999323546886444e-02,-1.738436222076416016e-01,5.050345137715339661e-02,-3.145929872989654541e-01,-3.407967686653137207e-01,-2.475277334451675415e-01,-1.417046487331390381e-01,1.951621659100055695e-02,-1.929821819067001343e-01,-2.282083630561828613e-01,-2.725047171115875244e-01,1.741815656423568726e-01,2.460427209734916687e-02,4.098533689975738525e-01,-2.580269007012248039e-03,5.450185537338256836e-01,4.240998029708862305e-01,2.220060825347900391e-01,1.170819476246833801e-01,-2.099702805280685425e-01,-1.749966144561767578e-01,9.576529264450073242e-02,2.731076776981353760e-01,3.869147896766662598e-01,2.277438193559646606e-01,2.550809979438781738e-01,2.812277376651763916e-01,3.479891121387481689e-01,1.980855017900466919e-01,2.203154265880584717e-01,3.491604030132293701e-01,3.347906768321990967e-01,2.254942953586578369e-01,1.031700000166893005e-01,1.923032999038696289e-01,1.854924708604812622e-01,-6.542004644870758057e-02,-1.046974435448646545e-01,-8.432599157094955444e-02,-2.575976550579071045e-01,-3.591728508472442627e-01,-3.271528482437133789e-01,-9.261956810951232910e-02,-1.854771077632904053e-01,-4.473692551255226135e-02,-1.689449101686477661e-01,2.100810855627059937e-01,-6.307848263531923294e-03,3.102667815983295441e-02,-6.240892410278320312e-02,-1.724819242954254150e-01,-2.699451446533203125e-01,-2.234060764312744141e-01,-1.932207792997360229e-01,-1.789325326681137085e-01,9.418913722038269043e-02,1.699578315019607544e-01,2.076007872819900513e-01,-8.825753629207611084e-02,2.018332034349441528e-01,8.737933821976184845e-03,1.261003017425537109e-01,-2.097543030977249146e-01,-1.039302498102188110e-01,5.427770689129829407e-02,1.030686795711517334e-01,1.689066141843795776e-01
