0.000000000000000000e+00,4.662422835826873779e-01,5.403888225555419922e-01,5.421963334083557129e-01,3.999584913253784180e-01,2.289717346429824829e-01,3.014503121376037598e-01,2.229072451591491699e-01,-4.723670333623886108e-02,9.342812746763229370e-02,3.765096887946128845e-02,4.225219190120697021e-01,-7.217260450124740601e-02,-1.763967424631118774e-01,1.669963002204895020e-01,3.145588636398315430e-01,6.740880012512207031e-02,-7.327309995889663696e-02,6.125209331512451172e-01,4.427612721920013428e-01,-1.036771237850189209e-01,1.098350584506988525e-01,1.666796654462814331e-01,4.218566119670867920e-01,2.439590245485305786e-01,5.417821556329727173e-02,2.136987894773483276e-01,1.960782259702682495e-01,-1.023231260478496552e-02,-1.276773363351821899e-01,5.245037674903869629e-01,2.754780352115631104e-01,4.615473747253417969e-01,4.595933556556701660e-01,-1.906528025865554810e-01,-6.608845293521881104e-02,-1.117797419428825378e-01,-2.912152707576751709e-01,1.818633228540420532e-01,2.589783668518066406e-01,-1.399974972009658813e-01,-1.437011547386646271e-02,-3.508249819278717041e-01,-1.509689837694168091e-01,-3.110664486885070801e-01,-3.188748359680175781e-01,-2.575227916240692139e-01,-1.992631852626800537e-01,-2.966066002845764160e-01,-4.446697831153869629e-01,-4.833008348941802979e-01,-5.207855105400085449e-01,-3.839746117591857910e-01,-5.172997713088989258e-01,1.177844330668449402e-01,2.974666059017181396e-01,7.131426334381103516e-01,3.363744318485260010e-01,3.465813696384429932e-01,5.261589884757995605e-01,-1.157321259379386902e-01,-7.446653395891189575e-02,2.580376267433166504e-01,1.015783324837684631e-01,-3.235548734664916992e-01,-4.233064055442810059e-01,2.222380042076110840e-01,3.597138524055480957e-01,5.591043233871459961e-01,5.623372793197631836e-01,4.193093180656433105e-01,3.420427739620208740e-01,2.478871196508407593e-01,1.217892691493034363e-01,3.638830482959747314e-01,3.045985996723175049e-01,1.929349750280380249e-01,2.933346927165985107e-01,-2.339218109846115112e-01,-2.337885275483131409e-02,-1.974061131477355957e-01,-4.160270467400550842e-02,2.496799826622009277e-02,4.209382534027099609e-01,-4.555502831935882568e-01,-1.436094045639038086e-01,4.699409604072570801e-01,4.910986423492431641e-01,-2.797510623931884766e-01,5.800556391477584839e-02,-6.288032531738281250e-01,-6.137274503707885742e-01,-5.550973415374755859e-01,-5.231577157974243164e-01,-3.515281947329640388e-03,-1.682835072278976440e-01,-7.338055968284606934e-02,1.643761992454528809e-01,2.053934931755065918e-01,-1.233744174242019653e-01,4.571257829666137695e-01,1.921302527189254761e-01,4.649875462055206299e-01,4.794820547103881836e-01,-2.167853415012359619e-01,-6.884622573852539062e-02,2.737900316715240479e-01,5.178693532943725586e-01,-4.287025704979896545e-02,-2.707795500755310059e-01,-2.696323990821838379e-01,-2.834147214889526367e-01,-1.596228331327438354e-01,-2.960904836654663086e-01,-4.391151368618011475e-01,-1.430405080318450928e-01
4.662422835826873779e-01,0.000000000000000000e+00,1.579001545906066895e-01,3.177031874656677246e-01,7.862417399883270264e-02,-8.441609144210815430e-02,6.705152243375778198e-02,2.524300217628479004e-01,-1.631897687911987305e-01,-1.681779175996780396e-01,-3.485583001747727394e-03,6.372679769992828369e-02,-7.730234414339065552e-02,-1.140538752079010010e-01,-1.421708464622497559e-01,-7.345484197139739990e-02,1.599637567996978760e-01,5.595010146498680115e-02,2.831074297428131104e-01,4.578461050987243652e-01,-1.762799024581909180e-01,-5.620777979493141174e-02,-7.489374279975891113e-02,7.228509336709976196e-02,-6.628153473138809204e-02,-1.970389634370803833e-01,-7.264833152294158936e-02,-6.473261862993240356e-02,-5.344178644008934498e-04,-4.697991907596588135e-02,1.695061326026916504e-01,7.662012428045272827e-02,3.410136401653289795e-01,4.612983465194702148e-01,-1.864886730909347534e-01,-1.944730728864669800e-01,-5.916033685207366943e-02,-1.233143731951713562e-01,-9.847098030149936676e-03,1.097362935543060303e-01,2.245516702532768250e-02,1.693050563335418701e-01,-1.144880205392837524e-01,-1.487303152680397034e-02,-7.479158788919448853e-02,3.787008812651038170e-03,-9.648304432630538940e-02,-1.315588802099227905e-01,-1.538009010255336761e-02,-4.171558097004890442e-02,-1.514551937580108643e-01,-1.392308324575424194e-01,-1.769489198923110962e-01,-1.703183799982070923e-01,8.178431540727615356e-02,7.156314700841903687e-02,5.037307739257812500e-01,7.292420864105224609e-01,2.020274847745895386e-01,2.257670164108276367e-01,-8.762093633413314819e-02,4.848424345254898071e-02,1.211969330906867981e-01,1.765056140720844269e-02,-2.120524495840072632e-01,-2.375060021877288818e-01,6.594306230545043945e-02,1.576228588819503784e-01,3.962492644786834717e-01,4.512555301189422607e-01,1.060381159186363220e-01,7.311591506004333496e-02,1.760910153388977051e-01,1.817657947540283203e-01,1.013432368636131287e-01,3.748060017824172974e-02,-2.284436114132404327e-02,5.721466243267059326e-02,-9.136859327554702759e-02,5.577640980482101440e-02,-4.812086373567581177e-02,1.391255706548690796e-01,1.115715876221656799e-01,2.398976236581802368e-01,-2.400428503751754761e-01,-1.093755736947059631e-01,9.836248308420181274e-02,1.512537747621536255e-01,-3.350162804126739502e-01,2.927824156358838081e-03,-2.735638022422790527e-01,-3.448418676853179932e-01,-3.136723041534423828e-01,-2.663410604000091553e-01,1.484600156545639038e-01,6.124956905841827393e-02,1.452539116144180298e-01,2.762973010540008545e-01,1.566782891750335693e-01,-6.864548474550247192e-02,1.865881234407424927e-01,-8.709902316331863403e-02,1.943534165620803833e-01,1.758546084165573120e-01,-1.430817544460296631e-01,-6.829027086496353149e-02,1.642844974994659424e-01,1.405589878559112549e-01,6.140599027276039124e-02,-1.462681442499160767e-01,4.197314754128456116e-02,-1.502623856067657471e-01,-1.788967400789260864e-01,-1.048241555690765381e-01,-2.559284865856170654e-01,-6.855905055999755859e-02
5.403888225555419922e-01,1.579001545906066895e-01,0.000000000000000000e+00,7.763502597808837891e-01,7.653072476387023926e-01,5.554195046424865723e-01,5.632461905479431152e-01,1.208567991852760315e-01,4.148338139057159424e-01,3.921883106231689453e-01,-1.736195534467697144e-01,1.655593216419219971e-01,-3.483206033706665039e-02,-1.561535000801086426e-01,6.486343145370483398e-01,6.861353516578674316e-01,-2.429560199379920959e-02,-1.683847308158874512e-01,5.626550912857055664e-01,2.234922051429748535e-01,1.412945892661809921e-02,2.823206484317779541e-01,5.408776998519897461e-01,8.106845021247863770e-01,6.549487709999084473e-01,4.930994808673858643e-01,5.998113751411437988e-01,5.548892021179199219e-01,2.664767578244209290e-02,-2.043414860963821411e-01,7.489956617355346680e-01,4.724110066890716553e-01,3.208709955215454102e-01,2.079069018363952637e-01,2.209348082542419434e-01,2.046115249395370483e-01,7.931310683488845825e-02,-2.063596993684768677e-01,2.614885866641998291e-01,4.097820222377777100e-01,-1.655606031417846680e-01,-1.123621389269828796e-01,-6.379256248474121094e-01,-4.654766619205474854e-01,-4.431206881999969482e-01,-6.488321423530578613e-01,-4.687115848064422607e-01,-4.230042099952697754e-01,-6.602883338928222656e-01,-7.419742941856384277e-01,-7.610841393470764160e-01,-7.838805913925170898e-01,-6.821117401123046875e-01,-6.846719980239868164e-01,-4.103247448801994324e-02,3.165997564792633057e-01,4.057359695434570312e-01,-3.469561785459518433e-02,-2.208549901843070984e-02,4.250208437442779541e-01,-3.928123712539672852e-01,-2.847364842891693115e-01,2.056362777948379517e-01,1.063048988580703735e-01,8.619837462902069092e-02,-3.090156912803649902e-01,4.109950363636016846e-01,4.978616535663604736e-01,3.113123178482055664e-01,5.474271178245544434e-01,5.988085865974426270e-01,6.303644776344299316e-01,2.996005415916442871e-01,7.663540542125701904e-02,3.686231672763824463e-01,4.116036593914031982e-01,2.279356271028518677e-01,4.271632432937622070e-01,-2.898744344711303711e-01,-6.813527643680572510e-02,-2.131282836198806763e-01,8.273515850305557251e-02,-2.863810025155544281e-02,5.023982524871826172e-01,-2.843096852302551270e-01,-6.352520734071731567e-02,6.676403284072875977e-01,7.219761013984680176e-01,-2.941004335880279541e-01,-5.267320945858955383e-02,-7.062766551971435547e-01,-4.855764806270599365e-01,-6.694195270538330078e-01,-6.496604681015014648e-01,-3.160094469785690308e-02,-2.163203358650207520e-01,-1.332946270704269409e-01,1.378926634788513184e-01,7.243272662162780762e-02,-4.041283205151557922e-02,5.106491446495056152e-01,3.054434955120086670e-01,6.475266814231872559e-01,7.074758410453796387e-01,-2.363602668046951294e-01,-1.062437221407890320e-01,4.185879528522491455e-01,7.667284011840820312e-01,-2.803833968937397003e-02,-1.652100235223770142e-01,-2.751958072185516357e-01,-3.056119680404663086e-01,-1.535753756761550903e-01,-3.506203591823577881e-01,-4.910725951194763184e-01,-2.285531610250473022e-01
5.421963334083557129e-01,3.177031874656677246e-01,7.763502597808837891e-01,0.000000000000000000e+00,6.804831624031066895e-01,4.559687972068786621e-01,4.427059888839721680e-01,2.611279785633087158e-01,3.076306581497192383e-01,2.471040487289428711e-01,-1.542533636093139648e-01,2.244327068328857422e-01,-1.061195731163024902e-01,-2.424500435590744019e-01,4.514961242675781250e-01,5.252425074577331543e-01,1.948111318051815033e-02,-1.489206105470657349e-01,5.328246355056762695e-01,3.801509141921997070e-01,-6.356458365917205811e-02,1.747147887945175171e-01,4.186138510704040527e-01,7.394356131553649902e-01,5.551422834396362305e-01,3.820421695709228516e-01,4.977445006370544434e-01,4.441339075565338135e-01,5.388564430177211761e-03,-1.672538965940475464e-01,6.746044754981994629e-01,3.911207020282745361e-01,2.927903831005096436e-01,2.992879450321197510e-01,1.034205257892608643e-01,1.233076676726341248e-01,5.488346517086029053e-02,-1.772321611642837524e-01,2.319214642047882080e-01,3.314860463142395020e-01,-1.225562766194343567e-01,-1.274776086211204529e-02,-5.036374330520629883e-01,-3.437606692314147949e-01,-3.014342188835144043e-01,-5.428289175033569336e-01,-3.350710868835449219e-01,-3.339940905570983887e-01,-5.248844623565673828e-01,-6.316277980804443359e-01,-6.806882023811340332e-01,-6.616252660751342773e-01,-6.089249849319458008e-01,-6.474468708038330078e-01,7.743266224861145020e-02,3.883345723152160645e-01,4.224845468997955322e-01,8.868480473756790161e-02,1.321955621242523193e-01,4.919654130935668945e-01,-3.532928526401519775e-01,-2.643386721611022949e-01,2.051850855350494385e-01,9.629783779382705688e-02,-2.382078580558300018e-02,-2.954692244529724121e-01,4.478860199451446533e-01,5.636988878250122070e-01,2.822401523590087891e-01,5.777776837348937988e-01,4.971506893634796143e-01,5.038892626762390137e-01,2.026595473289489746e-01,2.588616311550140381e-02,3.121398985385894775e-01,3.517322838306427002e-01,1.554019302129745483e-01,3.429136276245117188e-01,-3.210402429103851318e-01,-5.269511789083480835e-02,-2.399870306253433228e-01,5.777284875512123108e-02,2.743845060467720032e-02,5.214857459068298340e-01,-3.342755436897277832e-01,-4.707510024309158325e-02,5.450865626335144043e-01,6.615225076675415039e-01,-3.453153073787689209e-01,-2.026839926838874817e-02,-6.748406291007995605e-01,-5.398288369178771973e-01,-6.772522330284118652e-01,-6.999676823616027832e-01,-5.524325370788574219e-02,-1.460942775011062622e-01,-9.305898845195770264e-02,2.059839665889739990e-01,1.640500128269195557e-01,-3.006472438573837280e-02,5.651291012763977051e-01,3.371637165546417236e-01,6.786210536956787109e-01,7.360582351684570312e-01,-2.644666135311126709e-01,-1.321602761745452881e-01,4.852884411811828613e-01,7.530881166458129883e-01,-5.212965770624577999e-04,-2.923425137996673584e-01,-2.348353862762451172e-01,-2.595396339893341064e-01,-1.182546466588973999e-01,-2.914716601371765137e-01,-4.716187119483947754e-01,-2.088377624750137329e-01
3.999584913253784180e-01,7.862417399883270264e-02,7.653072476387023926e-01,6.804831624031066895e-01,0.000000000000000000e+00,5.750180482864379883e-01,4.219729900360107422e-01,-1.816999167203903198e-03,5.676931738853454590e-01,4.497886896133422852e-01,-1.366141885519027710e-01,7.220182567834854126e-02,-6.610263139009475708e-02,-2.109160125255584717e-01,6.474187374114990234e-01,6.863591670989990234e-01,5.348161235451698303e-02,-1.410042643547058105e-01,4.870862960815429688e-01,1.664338260889053345e-01,1.337281912565231323e-01,3.086441457271575928e-01,4.636743664741516113e-01,7.029479742050170898e-01,6.489389538764953613e-01,5.005347728729248047e-01,6.691109538078308105e-01,6.800570487976074219e-01,5.569659173488616943e-02,-2.284941226243972778e-01,6.748239398002624512e-01,3.795876502990722656e-01,2.069776058197021484e-01,1.117552295327186584e-01,1.877522319555282593e-01,1.192497238516807556e-01,9.961956739425659180e-02,-4.852962866425514221e-02,3.900282680988311768e-01,2.851630449295043945e-01,3.587466198951005936e-03,-7.489445060491561890e-02,-4.872284233570098877e-01,-3.000952899456024170e-01,-2.434674501419067383e-01,-5.446138978004455566e-01,-4.056305587291717529e-01,-3.946319222450256348e-01,-5.736438035964965820e-01,-6.954498887062072754e-01,-7.512847185134887695e-01,-7.191619277000427246e-01,-6.221015453338623047e-01,-7.112474441528320312e-01,8.652184903621673584e-02,4.161409437656402588e-01,2.915805280208587646e-01,-1.072358042001724243e-01,2.589652873575687408e-02,3.418658077716827393e-01,-3.726047873497009277e-01,-3.267353475093841553e-01,1.771327257156372070e-01,3.924205526709556580e-02,9.512303024530410767e-02,-2.951698303222656250e-01,3.956256210803985596e-01,4.753091335296630859e-01,2.420876473188400269e-01,5.364673733711242676e-01,5.112017393112182617e-01,5.407745838165283203e-01,2.079886496067047119e-01,-2.550426498055458069e-02,3.494017422199249268e-01,3.632912635803222656e-01,1.672655940055847168e-01,3.606639802455902100e-01,-2.394247651100158691e-01,-1.200655624270439148e-01,-3.145650029182434082e-01,4.785920679569244385e-02,-2.491948939859867096e-02,4.509267210960388184e-01,-2.651467919349670410e-01,-1.201455816626548767e-01,5.663846135139465332e-01,6.026236414909362793e-01,-3.478377163410186768e-01,-1.444578729569911957e-02,-6.059610843658447266e-01,-4.133932888507843018e-01,-6.693227291107177734e-01,-6.569744348526000977e-01,2.683925814926624298e-02,-1.227561980485916138e-01,-8.270141482353210449e-02,1.083896607160568237e-01,7.925921678543090820e-02,5.973157659173011780e-02,4.499538540840148926e-01,2.285367548465728760e-01,5.284058451652526855e-01,6.463704705238342285e-01,-2.332898378372192383e-01,-2.418363839387893677e-02,3.718776404857635498e-01,6.865632534027099609e-01,-7.940850406885147095e-02,-2.318022102117538452e-01,-1.881445944309234619e-01,-2.334232479333877563e-01,-3.926015272736549377e-02,-3.414141833782196045e-01,-4.198804795742034912e-01,-7.303316146135330200e-02
2.289717346429824829e-01,-8.441609144210815430e-02,5.554195046424865723e-01,4.559687972068786621e-01,5.750180482864379883e-01,0.000000000000000000e+00,2.903368175029754639e-01,3.134845290333032608e-03,6.026408672332763672e-01,6.412779688835144043e-01,-4.364288970828056335e-02,9.575189650058746338e-02,-1.657099425792694092e-01,-6.608591973781585693e-02,6.182605624198913574e-01,5.852592587471008301e-01,-6.542366743087768555e-02,-1.340575367212295532e-01,2.838411629199981689e-01,-5.364909023046493530e-02,5.961202457547187805e-02,3.658273816108703613e-01,2.856851518154144287e-01,5.692713260650634766e-01,4.361748993396759033e-01,5.118503570556640625e-01,5.708461999893188477e-01,6.468137502670288086e-01,7.075549568980932236e-03,-2.034061998128890991e-01,4.697607159614562988e-01,2.993471622467041016e-01,1.314458400011062622e-01,7.027673721313476562e-02,1.669257134199142456e-01,2.115675806999206543e-01,1.083047911524772644e-01,-1.027694270014762878e-01,2.854563295841217041e-01,2.434464395046234131e-01,-2.091686427593231201e-01,-9.819169342517852783e-02,-4.384495317935943604e-01,-3.519114255905151367e-01,-2.658547163009643555e-01,-4.338826239109039307e-01,-3.339917957782745361e-01,-2.802403569221496582e-01,-5.183498859405517578e-01,-5.415651202201843262e-01,-5.964392423629760742e-01,-5.594927072525024414e-01,-4.305448532104492188e-01,-5.080227851867675781e-01,-5.094495788216590881e-02,2.019974291324615479e-01,1.363668590784072876e-01,-1.399286687374114990e-01,-1.400786191225051880e-01,3.181578814983367920e-01,-2.541863024234771729e-01,-1.182971671223640442e-01,9.796442836523056030e-02,1.184516102075576782e-01,7.975269854068756104e-02,-2.590030245482921600e-02,3.196628093719482422e-01,3.572169542312622070e-01,1.596410274505615234e-01,3.184379339218139648e-01,3.875966668128967285e-01,4.374817609786987305e-01,1.615915149450302124e-01,-7.104974240064620972e-02,3.922177553176879883e-01,3.905077576637268066e-01,1.934884041547775269e-01,2.887304127216339111e-01,-1.040568277239799500e-01,-2.174279540777206421e-01,-2.495063692331314087e-01,-7.414035499095916748e-02,-1.041500866413116455e-01,2.830855846405029297e-01,-2.856999337673187256e-01,-9.740295261144638062e-02,4.843252599239349365e-01,4.882524907588958740e-01,-6.006263196468353271e-02,-7.668462395668029785e-02,-4.369035661220550537e-01,-3.467388153076171875e-01,-4.378553926944732666e-01,-4.163759648799896240e-01,-1.093108206987380981e-01,-1.594466120004653931e-01,-1.342279165983200073e-01,3.395242244005203247e-02,-1.155366748571395874e-02,-4.078523442149162292e-02,3.447520136833190918e-01,1.666542589664459229e-01,3.882727324962615967e-01,4.428763985633850098e-01,-1.155627518892288208e-01,1.022357046604156494e-01,2.494580596685409546e-01,4.651135504245758057e-01,7.318156957626342773e-02,-1.595518290996551514e-01,-1.219939962029457092e-01,-2.378798723220825195e-01,-5.866710096597671509e-03,-3.174722790718078613e-01,-2.568919360637664795e-01,-1.447738856077194214e-01
3.014503121376037598e-01,6.705152243375778198e-02,5.632461905479431152e-01,4.427059888839721680e-01,4.219729900360107422e-01,2.903368175029754639e-01,0.000000000000000000e+00,4.075849354267120361e-01,3.678232729434967041e-01,2.612577974796295166e-01,2.113475799560546875e-01,7.898885756731033325e-02,3.738372921943664551e-01,1.109434291720390320e-01,3.570345640182495117e-01,3.761859834194183350e-01,-1.872467696666717529e-01,-2.286853641271591187e-01,3.964417874813079834e-01,2.431112080812454224e-01,-5.664915964007377625e-02,3.531137108802795410e-02,6.214908957481384277e-01,4.801906049251556396e-01,3.989546895027160645e-01,3.468685150146484375e-01,1.824923604726791382e-01,2.134906798601150513e-01,-8.511212468147277832e-02,-1.822907030582427979e-01,4.767120480537414551e-01,4.621912539005279541e-01,3.339837193489074707e-01,3.016593456268310547e-01,1.775563657283782959e-01,6.865976005792617798e-02,-1.306834369897842407e-01,-2.583801448345184326e-01,1.004447788000106812e-02,2.278600633144378662e-01,-9.382363408803939819e-02,-1.685936450958251953e-01,-4.537096321582794189e-01,-2.874992489814758301e-01,-3.763116598129272461e-01,-3.419608771800994873e-01,-4.046489894390106201e-01,-3.995171785354614258e-01,-4.182156026363372803e-01,-3.985701203346252441e-01,-3.941365182399749756e-01,-4.729907214641571045e-01,-3.807435929775238037e-01,-2.738866806030273438e-01,-8.701492100954055786e-02,-5.942538753151893616e-02,2.133675813674926758e-01,-1.124340295791625977e-01,-5.944332480430603027e-02,7.484225928783416748e-02,7.995207607746124268e-02,4.856083169579505920e-02,1.035719960927963257e-01,2.564311213791370392e-02,3.179174959659576416e-01,6.213779374957084656e-02,1.439361125230789185e-01,1.036938801407814026e-01,9.491202235221862793e-02,2.258131355047225952e-01,4.437467455863952637e-01,3.910928368568420410e-01,2.796047031879425049e-01,1.331217736005783081e-01,1.042217761278152466e-01,1.466003060340881348e-01,1.630479544401168823e-01,2.536296248435974121e-01,-2.666317820549011230e-01,1.473754364997148514e-02,-3.007202595472335815e-02,4.094446823000907898e-02,-7.226907461881637573e-02,1.614418625831604004e-01,6.160172633826732635e-03,-3.088477440178394318e-02,2.131026238203048706e-01,2.594353854656219482e-01,-1.068108305335044861e-01,-5.225474014878273010e-02,-3.816000819206237793e-01,-1.668315827846527100e-01,-2.697827816009521484e-01,-2.199690490961074829e-01,8.791980333626270294e-03,-1.627568006515502930e-01,-1.751461923122406006e-01,1.681374013423919678e-02,-8.973883837461471558e-02,-3.792443498969078064e-02,1.189623624086380005e-01,2.781631648540496826e-01,2.287906855344772339e-01,2.769713997840881348e-01,-2.128681242465972900e-01,-1.838931292295455933e-01,1.310187429189682007e-01,3.397575914859771729e-01,-1.095569580793380737e-01,-9.544514119625091553e-02,-3.378022313117980957e-01,-2.059335857629776001e-01,-2.269427180290222168e-01,-2.135431170463562012e-01,-2.542960643768310547e-01,-6.541802734136581421e-02
2.229072451591491699e-01,2.524300217628479004e-01,1.208567991852760315e-01,2.611279785633087158e-01,-1.816999167203903198e-03,3.134845290333032608e-03,4.075849354267120361e-01,0.000000000000000000e+00,3.120834007859230042e-02,-4.946310073137283325e-02,1.963546872138977051e-01,3.530125319957733154e-01,2.453784942626953125e-01,3.129198551177978516e-01,-7.384786009788513184e-02,7.198966294527053833e-02,-7.074090838432312012e-02,-1.895386725664138794e-01,1.013383343815803528e-01,2.134633660316467285e-01,-5.107982829213142395e-02,-2.510327287018299103e-02,1.919631361961364746e-01,1.645999103784561157e-01,1.508778333663940430e-02,3.165921196341514587e-02,-1.089153885841369629e-01,-1.062704026699066162e-01,-1.616903394460678101e-02,3.030986338853836060e-02,1.359565109014511108e-01,1.361577063798904419e-01,2.422992885112762451e-01,3.773181736469268799e-01,-9.401440620422363281e-02,3.895061463117599487e-02,-2.436752021312713623e-01,-1.495798677206039429e-01,-1.208281517028808594e-01,-1.986102201044559479e-02,-1.055792942643165588e-01,-1.305640190839767456e-01,-2.214208096265792847e-01,-6.178233399987220764e-02,-2.814499139785766602e-01,-4.533356055617332458e-02,-2.137379497289657593e-01,-1.720069646835327148e-01,-1.256038993597030640e-01,-7.579410821199417114e-02,-4.262154549360275269e-02,-7.652448862791061401e-02,-4.119016230106353760e-02,1.145873777568340302e-02,3.488588333129882812e-02,-6.253742426633834839e-02,7.847891002893447876e-02,1.334393024444580078e-01,8.350362186320126057e-04,6.290491670370101929e-02,2.342780381441116333e-01,3.093546032905578613e-01,1.157300099730491638e-01,1.448837965726852417e-01,-4.996534436941146851e-02,2.075658589601516724e-01,-1.199668124318122864e-01,7.267219573259353638e-02,8.268814533948898315e-02,5.607938766479492188e-02,1.344405263662338257e-01,1.114415749907493591e-01,1.749381721019744873e-01,1.374937742948532104e-01,1.230640482390299439e-04,2.232618071138858795e-02,-7.709689438343048096e-02,7.691553980112075806e-02,-3.357531502842903137e-02,6.735257804393768311e-02,1.721190512180328369e-01,1.507333070039749146e-01,-1.062807999551296234e-02,7.599361240863800049e-02,4.766654968261718750e-02,1.375174820423126221e-01,-3.501713648438453674e-02,-6.466269027441740036e-03,-1.051970049738883972e-01,-6.607911735773086548e-02,-5.874823033809661865e-02,-1.688764542341232300e-01,-7.154799252748489380e-02,-1.085689216852188110e-01,1.201867870986461639e-02,-5.282833799719810486e-02,-1.356875747442245483e-01,1.359853707253932953e-02,9.842551499605178833e-02,4.897430073469877243e-03,1.589422225952148438e-01,1.389962732791900635e-01,2.251239493489265442e-02,4.025537148118019104e-02,-7.574211061000823975e-02,-4.412164166569709778e-02,-2.185980603098869324e-02,4.848412051796913147e-02,-1.143218129873275757e-01,-6.580007821321487427e-02,-2.120025455951690674e-01,-7.356843352317810059e-02,7.610905170440673828e-02,-1.348497718572616577e-01,-8.147364854812622070e-02,-2.814209647476673126e-02
-4.723670333623886108e-02,-1.631897687911987305e-01,4.148338139057159424e-01,3.076306581497192383e-01,5.676931738853454590e-01,6.026408672332763672e-01,3.678232729434967041e-01,3.120834007859230042e-02,0.000000000000000000e+00,5.523281693458557129e-01,1.146139800548553467e-01,-9.482607990503311157e-02,1.837633103132247925e-01,5.955441668629646301e-02,5.805189609527587891e-01,4.909445643424987793e-01,-8.247560262680053711e-02,-1.066727861762046814e-01,1.353747546672821045e-01,2.132803946733474731e-02,1.429564207792282104e-01,1.494871079921722412e-01,3.636046350002288818e-01,4.108848869800567627e-01,3.568706214427947998e-01,4.770975112915039062e-01,4.598440825939178467e-01,5.356743931770324707e-01,2.614037878811359406e-02,-1.704243868589401245e-01,3.101830482482910156e-01,2.853350043296813965e-01,4.972514882683753967e-02,3.309660404920578003e-02,1.673663109540939331e-01,3.167007863521575928e-02,-1.533618010580539703e-02,-5.368431657552719116e-02,1.855578124523162842e-01,5.952413007616996765e-02,1.739037781953811646e-02,-7.150548696517944336e-02,-2.795756459236145020e-01,-1.649721115827560425e-01,-8.995437622070312500e-02,-2.666104137897491455e-01,-2.762292027473449707e-01,-2.768667936325073242e-01,-3.519848287105560303e-01,-3.398372828960418701e-01,-3.919892609119415283e-01,-3.603845834732055664e-01,-2.706425786018371582e-01,-3.656075596809387207e-01,5.352050811052322388e-02,7.979641109704971313e-02,-1.441963016986846924e-02,-2.831656932830810547e-01,-1.154994741082191467e-01,2.484877966344356537e-02,-2.363353781402111053e-02,-1.280686408281326294e-01,1.186235547065734863e-01,2.980935014784336090e-02,1.973089873790740967e-01,-3.453382849693298340e-02,1.655009388923645020e-01,1.167965978384017944e-01,-7.645903527736663818e-02,1.750117689371109009e-01,2.477063983678817749e-01,2.595521509647369385e-01,1.408192068338394165e-01,-5.507606267929077148e-02,1.902230530977249146e-01,2.849123775959014893e-01,1.108051091432571411e-01,1.867723464965820312e-01,-1.287348717451095581e-01,-1.070175766944885254e-01,-1.451718807220458984e-01,-8.048409968614578247e-02,-7.792175561189651489e-02,1.150435730814933777e-01,5.384997278451919556e-02,-1.746811717748641968e-01,2.177440822124481201e-01,1.794748753309249878e-01,-8.393573015928268433e-02,-1.024659126996994019e-01,-1.961607336997985840e-01,-1.164217442274093628e-01,-2.770957052707672119e-01,-2.463601827621459961e-01,-4.649021849036216736e-02,-9.470596909523010254e-02,-1.442985683679580688e-01,-1.264455020427703857e-01,-9.154766052961349487e-02,3.818053007125854492e-02,1.175463125109672546e-01,1.445877701044082642e-01,1.643422842025756836e-01,2.614035010337829590e-01,-9.674998372793197632e-02,7.944738864898681641e-02,1.474385559558868408e-01,2.502139508724212646e-01,-9.020479768514633179e-02,-1.432323604822158813e-01,-1.284040063619613647e-01,-8.221004903316497803e-02,1.902524754405021667e-02,-1.820264309644699097e-01,-8.873032778501510620e-02,3.150804340839385986e-02
9.342812746763229370e-02,-1.681779175996780396e-01,3.921883106231689453e-01,2.471040487289428711e-01,4.497886896133422852e-01,6.412779688835144043e-01,2.612577974796295166e-01,-4.946310073137283325e-02,5.523281693458557129e-01,0.000000000000000000e+00,-7.532858848571777344e-02,1.132698506116867065e-01,-4.120326414704322815e-02,1.296531111001968384e-01,6.002788543701171875e-01,5.989204645156860352e-01,-1.895956993103027344e-01,-8.223708719015121460e-02,1.483844518661499023e-01,-2.020983397960662842e-01,9.394064545631408691e-03,2.888771593570709229e-01,3.161563277244567871e-01,4.551564455032348633e-01,3.770980834960937500e-01,4.427332580089569092e-01,5.085013508796691895e-01,5.178714990615844727e-01,-1.244643107056617737e-01,-2.167453169822692871e-01,3.424449563026428223e-01,1.416090726852416992e-01,-1.504108658991754055e-03,-9.770009666681289673e-02,2.429006248712539673e-01,2.246384173631668091e-01,1.860446035861968994e-01,-6.121162325143814087e-02,1.952921152114868164e-01,2.823868095874786377e-01,-8.028928935527801514e-02,-6.493878364562988281e-02,-3.373629748821258545e-01,-2.928797602653503418e-01,-2.819217741489410400e-01,-4.281718134880065918e-01,-3.220738768577575684e-01,-2.605238258838653564e-01,-4.498333036899566650e-01,-4.689103364944458008e-01,-4.397674798965454102e-01,-4.596190452575683594e-01,-3.103370964527130127e-01,-3.087438642978668213e-01,-2.739068120718002319e-02,5.063778162002563477e-02,1.504882145673036575e-02,-1.983754634857177734e-01,-1.913965195417404175e-01,2.143358290195465088e-01,-1.922677159309387207e-01,-7.616014033555984497e-02,-1.208106894046068192e-02,8.525361120700836182e-02,1.647952347993850708e-01,3.039997071027755737e-02,1.393942236900329590e-01,1.690370440483093262e-01,2.403785288333892822e-02,1.646573543548583984e-01,2.077030390501022339e-01,2.402069568634033203e-01,-3.466841578483581543e-02,-1.239885464310646057e-01,3.365186750888824463e-01,4.244450628757476807e-01,1.919979155063629150e-01,2.069325894117355347e-01,-2.103546708822250366e-01,-1.642433404922485352e-01,-2.368634194135665894e-01,-6.895482540130615234e-02,-7.234084606170654297e-02,2.174400091171264648e-01,-1.062899976968765259e-01,-3.274925425648689270e-02,3.542754948139190674e-01,3.505106866359710693e-01,1.576405204832553864e-02,-1.385405361652374268e-01,-2.491580694913864136e-01,-8.934233337640762329e-02,-2.001983076333999634e-01,-1.913172453641891479e-01,-1.291386932134628296e-01,-1.188351735472679138e-01,-1.574069857597351074e-01,-8.194386959075927734e-02,-1.026981472969055176e-01,-6.727520842105150223e-03,9.665873646736145020e-02,1.258638650178909302e-01,1.896210759878158569e-01,2.618699073791503906e-01,-5.109925568103790283e-02,4.175347462296485901e-02,1.579207628965377808e-01,3.086882829666137695e-01,2.803522348403930664e-02,-1.192905679345130920e-01,-1.565962731838226318e-01,-5.301038175821304321e-02,4.768788348883390427e-03,-1.417348384857177734e-01,-1.027869954705238342e-01,-1.491409540176391602e-01
3.765096887946128845e-02,-3.485583001747727394e-03,-1.736195534467697144e-01,-1.542533636093139648e-01,-1.366141885519027710e-01,-4.364288970828056335e-02,2.113475799560546875e-01,1.963546872138977051e-01,1.146139800548553467e-01,-7.532858848571777344e-02,0.000000000000000000e+00,1.469968259334564209e-01,5.446515679359436035e-01,2.703487277030944824e-01,-1.118932142853736877e-01,-1.845306158065795898e-01,9.190046042203903198e-02,1.558389887213706970e-02,1.886950731277465820e-01,3.071419894695281982e-01,-3.857578709721565247e-02,-2.026797831058502197e-01,4.057363048195838928e-02,-2.173409610986709595e-01,-2.610399425029754639e-01,-1.852940768003463745e-01,-2.304710894823074341e-01,-1.288420408964157104e-01,8.042322844266891479e-02,8.573612570762634277e-02,-9.913758933544158936e-02,-3.814169438555836678e-03,4.988608136773109436e-02,2.185638397932052612e-01,-3.353927135467529297e-01,-3.717505037784576416e-01,-2.176179438829421997e-01,-1.096521317958831787e-01,-1.510427147150039673e-01,-3.299137353897094727e-01,1.986259594559669495e-02,8.719702810049057007e-02,1.804728358983993530e-01,2.302988022565841675e-01,9.722431749105453491e-02,2.323481291532516479e-01,1.785075664520263672e-02,3.609418636187911034e-03,1.728914231061935425e-01,2.092526555061340332e-01,1.506885588169097900e-01,1.583795696496963501e-01,2.295771539211273193e-01,7.686731964349746704e-02,1.134118735790252686e-01,-1.455052196979522705e-01,5.743482336401939392e-02,-1.394374202936887741e-02,2.477477341890335083e-01,-8.586041629314422607e-02,5.608997941017150879e-01,2.528055310249328613e-01,3.233947455883026123e-01,4.106501862406730652e-02,-5.384623259305953979e-02,1.113037094473838806e-01,-2.064276039600372314e-01,-3.222267329692840576e-01,6.070347735658288002e-04,-9.412351250648498535e-02,-1.382990181446075439e-01,-2.245589047670364380e-01,7.128774374723434448e-02,8.041683584451675415e-02,-9.323610365390777588e-02,-9.637401252985000610e-02,1.394731644541025162e-02,-1.298820376396179199e-01,1.927344128489494324e-02,3.981268778443336487e-02,5.706692114472389221e-02,-1.609073430299758911e-01,-2.557989396154880524e-02,-2.226302772760391235e-01,1.488742083311080933e-01,-2.234991043806076050e-01,-3.582105636596679688e-01,-3.684372305870056152e-01,1.271006371825933456e-02,1.312961131334304810e-01,8.877374976873397827e-02,-6.544423848390579224e-02,4.138617590069770813e-02,1.223813667893409729e-01,-8.256496489048004150e-02,-3.334986791014671326e-02,-1.700078845024108887e-01,-2.841475605964660645e-01,-3.216567635536193848e-02,-1.924773119390010834e-02,-1.807800233364105225e-01,5.264990776777267456e-02,-2.200146615505218506e-01,-1.774105727672576904e-01,-1.698237210512161255e-01,-8.701134473085403442e-03,-1.294685006141662598e-01,-2.409577220678329468e-01,-7.072615437209606171e-03,-1.928038597106933594e-01,-1.236381828784942627e-01,4.364927485585212708e-02,4.800448939204216003e-02,-1.875167153775691986e-02,1.017850413918495178e-01,1.758287400007247925e-01
4.225219190120697021e-01,6.372679769992828369e-02,1.655593216419219971e-01,2.244327068328857422e-01,7.220182567834854126e-02,9.575189650058746338e-02,7.898885756731033325e-02,3.530125319957733154e-01,-9.482607990503311157e-02,1.132698506116867065e-01,1.469968259334564209e-01,0.000000000000000000e+00,-3.024168312549591064e-02,1.349618136882781982e-01,3.482081368565559387e-02,1.615768074989318848e-01,-2.284825295209884644e-01,4.285593703389167786e-02,2.685921490192413330e-01,1.215780004858970642e-01,-1.863707453012466431e-01,-5.642877519130706787e-02,5.892834067344665527e-02,1.739605069160461426e-01,5.954954400658607483e-02,-3.543467447161674500e-02,3.831955045461654663e-02,2.257091924548149109e-02,-1.889833062887191772e-01,-6.852707266807556152e-02,2.073334604501724243e-01,1.165568083524703979e-01,1.667612344026565552e-01,1.907803267240524292e-01,-2.179069370031356812e-01,4.155300930142402649e-02,-4.609050229191780090e-02,-2.913906872272491455e-01,-1.182702463120222092e-02,1.728330999612808228e-01,-2.411846220493316650e-01,-1.366077810525894165e-01,-1.705808788537979126e-01,-7.361990213394165039e-02,-2.817236185073852539e-01,-2.260007411241531372e-01,-1.541866362094879150e-01,-9.760675579309463501e-02,-1.598750650882720947e-01,-2.397242337465286255e-01,-1.681222021579742432e-01,-2.053123712539672852e-01,-5.599428713321685791e-02,-1.368970423936843872e-01,5.780111253261566162e-02,6.098054721951484680e-02,1.098149046301841736e-01,7.200949639081954956e-02,9.885676950216293335e-02,4.490764439105987549e-01,3.255636990070343018e-02,2.248021364212036133e-01,1.476574242115020752e-01,4.471521973609924316e-01,-3.646560907363891602e-01,-1.321882605552673340e-01,2.697973325848579407e-02,1.766298711299896240e-01,2.693519890308380127e-01,7.662637531757354736e-02,1.427143663167953491e-01,7.969939708709716797e-02,5.212194751948118210e-03,1.134613230824470520e-01,3.330786526203155518e-01,2.853581905364990234e-01,1.700878888368606567e-01,6.162913516163825989e-02,-2.576377093791961670e-01,-1.384214907884597778e-01,-1.696488410234451294e-01,-1.334946006536483765e-01,-7.222520560026168823e-02,1.372270435094833374e-01,-2.087941318750381470e-01,6.621935963630676270e-02,2.734008729457855225e-01,2.738433480262756348e-01,1.248512566089630127e-01,-1.299910247325897217e-02,-2.697183787822723389e-01,-3.557819426059722900e-01,-1.936722695827484131e-01,-2.290131598711013794e-01,-1.699017733335494995e-01,-1.639807075262069702e-01,-1.522707194089889526e-01,-1.049370411783456802e-02,1.693547517061233521e-01,-1.309168338775634766e-01,2.719315290451049805e-01,1.979747265577316284e-01,2.631916105747222900e-01,2.254342436790466309e-01,-3.678911365568637848e-03,-1.015503108501434326e-01,1.438598483800888062e-01,2.660208344459533691e-01,-7.197565585374832153e-02,-1.914405226707458496e-01,-3.243088424205780029e-01,-9.234460443258285522e-02,1.054090913385152817e-02,-1.435608416795730591e-01,-1.851967871189117432e-01,-1.631985902786254883e-01
-7.217260450124740601e-02,-7.730234414339065552e-02,-3.483206033706665039e-02,-1.061195731163024902e-01,-6.610263139009475708e-02,-1.657099425792694092e-01,3.738372921943664551e-01,2.453784942626953125e-01,1.837633103132247925e-01,-4.120326414704322815e-02,5.446515679359436035e-01,-3.024168312549591064e-02,0.000000000000000000e+00,4.264313280582427979e-01,4.904059320688247681e-02,-2.682295255362987518e-02,3.570366883650422096e-03,-8.935506641864776611e-02,1.372453477233648300e-02,2.352029979228973389e-01,7.603524625301361084e-02,-1.778475046157836914e-01,2.928746342658996582e-01,-8.049706369638442993e-02,-6.983046233654022217e-02,-4.657003097236156464e-03,-1.334167122840881348e-01,-1.554244011640548706e-01,5.175764486193656921e-02,1.735705323517322540e-02,-2.532223984599113464e-02,3.044897876679897308e-02,-1.043443381786346436e-02,4.886616393923759460e-02,-1.145648420788347721e-03,-2.450094372034072876e-01,-2.465014159679412842e-01,-1.052865236997604370e-01,-3.058128952980041504e-01,-2.245559841394424438e-01,8.676111698150634766e-02,-6.340795010328292847e-02,-3.626038134098052979e-02,1.504829432815313339e-02,-1.593322008848190308e-01,-2.230624109506607056e-02,-5.892832204699516296e-02,-6.976062059402465820e-02,-6.496975664049386978e-03,8.253239840269088745e-02,1.323513835668563843e-01,9.847798198461532593e-02,7.358358055353164673e-02,1.702799201011657715e-01,1.802492327988147736e-02,-2.138044238090515137e-01,-2.101464755833148956e-02,-1.680540591478347778e-01,2.593239210546016693e-02,-2.575167715549468994e-01,4.342323243618011475e-01,1.391809135675430298e-01,2.287382483482360840e-01,-4.966805875301361084e-02,9.540734440088272095e-02,9.298822283744812012e-02,-2.253227680921554565e-01,-2.961141765117645264e-01,-1.996534317731857300e-01,-1.844861656427383423e-01,-1.137123033404350281e-01,-1.325455754995346069e-01,4.541499074548482895e-04,-4.075279459357261658e-02,-2.334386855363845825e-01,-1.355893611907958984e-01,-4.540221393108367920e-02,4.545636847615242004e-02,-1.084474027156829834e-01,1.719076931476593018e-01,2.086746692657470703e-01,7.873167842626571655e-02,-7.378870248794555664e-02,-1.334281116724014282e-01,3.620008230209350586e-01,-2.711058408021926880e-02,-2.850012481212615967e-01,-2.852698564529418945e-01,-1.265177130699157715e-01,1.172858104109764099e-01,1.721445322036743164e-01,1.762311309576034546e-01,1.275895386934280396e-01,1.690147519111633301e-01,1.608064025640487671e-02,-1.254281699657440186e-01,-2.340505719184875488e-01,-2.854075431823730469e-01,-3.852353617548942566e-02,1.150879487395286560e-01,-1.531769484281539917e-01,1.430396139621734619e-01,-2.073998302221298218e-01,-1.747539341449737549e-01,1.742755249142646790e-02,-8.118880540132522583e-02,-4.702898114919662476e-02,-1.799565553665161133e-01,-1.277070790529251099e-01,7.897306233644485474e-02,-1.091015189886093140e-01,5.033555254340171814e-02,6.456622481346130371e-02,9.801281988620758057e-02,1.142336279153823853e-01,1.216915398836135864e-01
