0.000000000000000000e+00,5.762774944305419922e-01,3.060193173587322235e-02,1.945503354072570801e-01,-2.114963084459304810e-01,-1.511018574237823486e-01,4.461504220962524414e-01,2.180071622133255005e-01,4.859240725636482239e-02,2.551683224737644196e-02,4.482280313968658447e-01,3.392825126647949219e-01,3.324549496173858643e-01,2.488016933202743530e-01,-1.887108385562896729e-01,-1.456578820943832397e-01,2.105745375156402588e-01,-6.956589967012405396e-02,6.048072576522827148e-01,4.786897599697113037e-01,-1.775034964084625244e-01,2.001737989485263824e-02,7.234843447804450989e-03,-1.151743754744529724e-01,-3.373860120773315430e-01,-2.943459451198577881e-01,5.474824085831642151e-02,-1.134364306926727295e-01,1.592749208211898804e-01,-2.936252579092979431e-02,4.458903893828392029e-02,-6.008317321538925171e-02,2.095064222812652588e-01,2.248087674379348755e-01,-1.107169911265373230e-01,-1.293507367372512817e-01,-2.705826461315155029e-01,-5.667849257588386536e-02,9.391819685697555542e-02,-2.185796350240707397e-01,-1.970799267292022705e-01,-8.910486102104187012e-02,-1.993831396102905273e-01,-1.586307138204574585e-01,-3.158305585384368896e-01,-1.271352022886276245e-01,-1.467524468898773193e-01,-1.967884153127670288e-01,-2.017764449119567871e-01,-4.896705504506826401e-03,-1.484764814376831055e-01,-1.749766469001770020e-01,-9.904210269451141357e-02,-1.500176731497049332e-02,-1.191943138837814331e-01,-1.335306167602539062e-01,5.969067811965942383e-01,4.366762042045593262e-01,5.122729539871215820e-01,3.959575593471527100e-01,4.734201133251190186e-01,4.174360930919647217e-01,3.083299994468688965e-01,2.775439023971557617e-01,-1.308956891298294067e-01,-1.701814979314804077e-01,-5.463914945721626282e-02,-2.729404531419277191e-02,3.525484502315521240e-01,2.602724134922027588e-01,1.803801655769348145e-01,2.025866806507110596e-01,1.605867147445678711e-01,-5.605246871709823608e-03,2.701356709003448486e-01,-6.040550023317337036e-02,1.820677369832992554e-01,2.083546668291091919e-01,6.293160468339920044e-02,-6.006402894854545593e-02,-5.534937139600515366e-03,-8.360695093870162964e-02,-4.060752689838409424e-01,-1.234477013349533081e-01,-2.561973929405212402e-01,1.426348369568586349e-02,-1.778372675180435181e-01,-3.942884132266044617e-02,-5.336758680641651154e-03,1.548918634653091431e-01,-1.481490433216094971e-01,-1.298739761114120483e-01,-2.467335313558578491e-01,-2.007723897695541382e-01,2.075262181460857391e-02,-2.144008725881576538e-01,-2.741223275661468506e-01,-1.384251117706298828e-01,-1.329606175422668457e-01,1.036810725927352905e-01,6.176648661494255066e-02,-5.526062101125717163e-02,6.900202482938766479e-02,2.737117558717727661e-02,-1.355466544628143311e-01,-1.668103635311126709e-01,-2.366602271795272827e-01,-1.063915714621543884e-02,-1.377256065607070923e-01,-1.902870535850524902e-01,-1.356817185878753662e-01,9.108559787273406982e-02,-5.569224711507558823e-03,4.325600713491439819e-02,-2.000332623720169067e-01,-2.246069759130477905e-01
5.762774944305419922e-01,0.000000000000000000e+00,1.294544637203216553e-01,2.143580913543701172e-01,-1.470368951559066772e-01,3.018984198570251465e-02,3.724043071269989014e-01,2.770620882511138916e-01,8.176852017641067505e-02,-1.658570393919944763e-02,3.740213513374328613e-01,4.341261684894561768e-01,2.808319926261901855e-01,3.005993068218231201e-01,-7.270751148462295532e-02,-9.971188008785247803e-02,1.830088198184967041e-01,1.259070634841918945e-01,5.214761495590209961e-01,5.558243393898010254e-01,-1.890229433774948120e-01,-5.017045885324478149e-02,4.629896953701972961e-02,-1.445372030138969421e-02,-2.017342150211334229e-01,-1.726203858852386475e-01,6.619410961866378784e-02,1.010274607688188553e-02,1.909133195877075195e-01,-3.252465976402163506e-04,7.663961499929428101e-02,-2.760172635316848755e-02,2.746476233005523682e-01,3.388741016387939453e-01,-1.184967383742332458e-01,-1.515038311481475830e-01,-1.806714534759521484e-01,-1.448257081210613251e-02,9.689579904079437256e-02,-1.542798876762390137e-01,-1.247244626283645630e-01,-1.184633467346429825e-03,-2.212726920843124390e-01,-1.177297011017799377e-01,-2.790393531322479248e-01,-1.175376474857330322e-01,-6.933169066905975342e-02,-1.481081247329711914e-01,-1.314803808927536011e-01,3.515993803739547729e-02,-1.021203622221946716e-01,-2.250409126281738281e-01,1.189698372036218643e-02,-1.633702516555786133e-01,5.630499497056007385e-02,-7.155916839838027954e-02,5.530558824539184570e-01,5.576333999633789062e-01,4.490956664085388184e-01,3.623851835727691650e-01,4.222503304481506348e-01,3.405301868915557861e-01,3.324035108089447021e-01,3.460653424263000488e-01,-1.217890307307243347e-01,-1.322355568408966064e-01,2.149036340415477753e-02,-1.250645425170660019e-02,3.497520387172698975e-01,3.160335123538970947e-01,1.500162482261657715e-01,1.318194866180419922e-01,2.396588027477264404e-01,1.519996076822280884e-01,2.686904966831207275e-01,-8.057474344968795776e-02,2.623349428176879883e-01,2.456327378749847412e-01,5.039815977215766907e-02,2.138445153832435608e-02,1.210581436753273010e-01,-5.368174612522125244e-02,-3.675836324691772461e-01,-1.648963242769241333e-01,-1.411202698945999146e-01,-3.826289623975753784e-02,-8.089203387498855591e-02,-1.302930414676666260e-01,1.265526115894317627e-01,2.928155660629272461e-02,-1.490997672080993652e-01,-2.468592822551727295e-01,-2.767660915851593018e-01,-3.282603919506072998e-01,1.538918819278478622e-02,-2.338338047266006470e-01,-2.673164010047912598e-01,-1.552407443523406982e-01,-7.485741376876831055e-02,1.056533977389335632e-01,6.240576133131980896e-02,-1.623851507902145386e-01,1.175720021128654480e-01,-6.037198938429355621e-03,-9.578920155763626099e-02,-2.053270488977432251e-01,-1.943231225013732910e-01,-6.394834071397781372e-02,-1.877319961786270142e-01,-1.274080425500869751e-01,-1.089201346039772034e-01,1.487183272838592529e-01,7.866167277097702026e-02,5.173955485224723816e-02,-1.767867952585220337e-01,-2.074488401412963867e-01
3.060193173587322235e-02,1.294544637203216553e-01,0.000000000000000000e+00,2.972110211849212646e-01,3.008933961391448975e-01,1.258794516324996948e-01,6.313391029834747314e-02,-1.382643431425094604e-01,-1.307786554098129272e-01,-6.376869231462478638e-02,-9.261573106050491333e-02,-1.291465014219284058e-01,5.442596226930618286e-02,-1.044803559780120850e-01,3.011987209320068359e-01,1.381899714469909668e-01,-3.092052601277828217e-02,-1.833412796258926392e-02,9.206232428550720215e-02,1.151633039116859436e-01,1.406804025173187256e-01,-1.280441731214523315e-01,5.178084373474121094e-01,5.800531506538391113e-01,3.444701433181762695e-01,4.204655885696411133e-01,1.701908707618713379e-01,-1.540130004286766052e-02,4.136466607451438904e-02,-7.163909077644348145e-02,9.540765732526779175e-02,2.497066706418991089e-01,1.922404021024703979e-01,1.413562595844268799e-01,2.934943735599517822e-01,1.558165699243545532e-01,1.547020375728607178e-01,-3.112505935132503510e-02,-1.049197930842638016e-02,1.393898874521255493e-01,2.689903974533081055e-01,2.867286503314971924e-01,-1.064126342535018921e-01,-1.140625476837158203e-01,1.047647073864936829e-01,-1.895361542701721191e-01,-2.535378336906433105e-01,-2.416122257709503174e-01,-1.932192891836166382e-01,-2.850264310836791992e-01,-1.967624574899673462e-01,-1.073778122663497925e-01,-2.442151010036468506e-01,-2.342597842216491699e-01,-1.155518218874931335e-01,-7.802248001098632812e-02,1.968433409929275513e-01,1.224580109119415283e-01,-2.096405178308486938e-01,-9.866264462471008301e-02,-2.177414745092391968e-01,-3.395780324935913086e-01,-6.212517246603965759e-02,-9.357571601867675781e-03,4.404269754886627197e-01,4.015671610832214355e-01,4.501646757125854492e-01,3.761612772941589355e-01,2.151700556278228760e-01,3.545109927654266357e-01,1.419816911220550537e-01,7.201913744211196899e-02,1.243891641497612000e-01,1.379872113466262817e-01,1.584780029952526093e-02,1.220662072300910950e-01,1.617467552423477173e-01,5.335969105362892151e-02,-1.394319068640470505e-02,2.075518518686294556e-01,-9.944896399974822998e-02,-4.339541867375373840e-02,-6.079643219709396362e-02,-1.614713855087757111e-02,1.181755438446998596e-01,-1.023008525371551514e-01,1.520299464464187622e-01,2.919084727764129639e-01,-4.320681840181350708e-02,-1.187094375491142273e-01,-2.320065349340438843e-01,-1.833149343729019165e-01,-2.325329929590225220e-01,-1.343215256929397583e-01,-2.634928189218044281e-02,-1.703998148441314697e-01,-1.948643848299980164e-02,-3.406626358628273010e-02,-1.757229119539260864e-01,-2.547290921211242676e-01,-6.899515632539987564e-03,-3.206827342510223389e-01,7.003930956125259399e-02,-5.529607087373733521e-02,-1.817366480827331543e-01,-1.299982964992523193e-01,-7.495640777051448822e-03,-2.094598710536956787e-01,-1.483625173568725586e-01,4.372717812657356262e-02,-2.322032302618026733e-01,-5.501917004585266113e-02,-8.223684877157211304e-02,-1.308748964220285416e-02,-2.845660150051116943e-01,-1.297450959682464600e-01
1.945503354072570801e-01,2.143580913543701172e-01,2.972110211849212646e-01,0.000000000000000000e+00,-4.638734459877014160e-02,-1.942641660571098328e-02,3.385377526283264160e-01,2.638633251190185547e-01,7.544324547052383423e-02,2.082803845405578613e-02,-1.023640297353267670e-02,1.859803050756454468e-01,1.584531813859939575e-01,2.101774513721466064e-01,-1.618230491876602173e-01,-1.857099831104278564e-01,-1.675136238336563110e-01,-1.172873154282569885e-01,3.376027643680572510e-01,3.670352995395660400e-01,-1.606766134500503540e-01,-1.189920902252197266e-01,4.896542429924011230e-01,3.397019803524017334e-01,1.868535429239273071e-01,9.226049878634512424e-04,-1.436347663402557373e-01,-9.178879857063293457e-02,-3.039600513875484467e-02,-2.844031155109405518e-01,-5.936338007450103760e-02,5.821425095200538635e-02,3.322155475616455078e-01,2.660170495510101318e-01,1.097215935587882996e-01,2.842303179204463959e-02,-1.196064054965972900e-01,-5.586365982890129089e-02,-1.060978844761848450e-01,-1.563810855150222778e-01,-1.567436149343848228e-03,-2.442092262208461761e-02,1.188913956284523010e-01,-3.463773801922798157e-02,1.709772832691669464e-02,7.694267481565475464e-02,-1.180629208683967590e-01,-1.799709796905517578e-01,6.016857922077178955e-02,1.840644329786300659e-02,6.245600804686546326e-02,1.484363824129104614e-01,-1.588527113199234009e-02,4.314446449279785156e-02,-2.944067120552062988e-01,-1.444392949342727661e-01,1.236301362514495850e-01,1.166960895061492920e-01,5.848022550344467163e-02,-1.989512145519256592e-02,5.678143724799156189e-02,3.789583966135978699e-02,-1.579008065164089203e-02,-1.487622316926717758e-02,1.921653598546981812e-01,2.518949806690216064e-01,3.305042982101440430e-01,2.685112357139587402e-01,3.889046609401702881e-01,2.307440489530563354e-01,1.808829978108406067e-02,9.239227324724197388e-02,6.101720780134201050e-02,-1.849446096457540989e-03,6.340846419334411621e-02,3.901004791259765625e-02,3.367502242326736450e-02,8.528155274689197540e-03,-2.259667813777923584e-01,5.458660423755645752e-03,-2.327269911766052246e-01,-1.010595858097076416e-01,-3.743874430656433105e-01,-1.895849555730819702e-01,4.409842565655708313e-02,7.241223752498626709e-02,-1.231986135244369507e-01,7.269207388162612915e-02,-1.344503313302993774e-01,-1.304295100271701813e-02,-1.447731256484985352e-01,4.488995764404535294e-03,-1.380958855152130127e-01,9.052024222910404205e-03,-3.501490652561187744e-01,-2.900988459587097168e-01,-3.462353050708770752e-01,-1.682116538286209106e-01,-2.822325229644775391e-01,-2.751323580741882324e-01,-1.903369724750518799e-01,-2.316035777330398560e-01,-1.716395765542984009e-01,-3.202831149101257324e-01,-2.424939572811126709e-01,-1.851379126310348511e-01,-1.394528150558471680e-01,-1.321593672037124634e-01,-2.759322524070739746e-01,-1.339162141084671021e-01,-1.973215937614440918e-01,3.038207255303859711e-02,-4.317811131477355957e-02,-7.378179579973220825e-02,-1.484055817127227783e-01,-1.954274028539657593e-01
-2.114963084459304810e-01,-1.470368951559066772e-01,3.008933961391448975e-01,-4.638734459877014160e-02,0.000000000000000000e+00,3.948461115360260010e-01,-9.794392436742782593e-02,-2.044207155704498291e-01,2.345272600650787354e-01,-2.509164437651634216e-02,-1.911282539367675781e-02,-8.809999376535415649e-02,2.988573105540126562e-04,-1.182852163910865784e-01,1.606716215610504150e-01,2.656328976154327393e-01,7.046495378017425537e-02,-4.413477703928947449e-02,-2.496597617864608765e-01,-2.536772191524505615e-01,3.321822583675384521e-01,9.782421588897705078e-02,1.883264631032943726e-01,3.621543347835540771e-01,3.771391212940216064e-01,4.661495089530944824e-01,1.841476857662200928e-01,-5.462513864040374756e-02,1.090223416686058044e-01,2.157437056303024292e-02,3.476077690720558167e-02,2.279408872127532959e-01,8.290401101112365723e-02,-8.644998073577880859e-02,1.208904385566711426e-01,4.371019825339317322e-02,2.226367294788360596e-01,6.629878282546997070e-02,-8.282402902841567993e-02,1.383537650108337402e-01,2.299503237009048462e-01,5.931496992707252502e-02,-8.827191591262817383e-02,-4.923363775014877319e-02,2.037752568721771240e-01,-1.091644074767827988e-02,-1.136677786707878113e-01,-1.000301688909530640e-01,-1.806665807962417603e-01,-2.146159410476684570e-01,-1.901647597551345825e-01,-9.238976240158081055e-02,-2.009433358907699585e-01,-8.437667787075042725e-02,-1.258653402328491211e-01,1.225694119930267334e-01,-5.767179280519485474e-02,-1.935355961322784424e-01,-2.450503706932067871e-01,-1.492321491241455078e-01,-3.025890588760375977e-01,-1.790570318698883057e-01,-6.298147141933441162e-02,-4.463993385434150696e-02,2.672479152679443359e-01,1.921081393957138062e-01,2.320857048034667969e-01,1.628894209861755371e-01,-1.083836555480957031e-01,-2.679454348981380463e-02,-1.587591469287872314e-01,-2.976177446544170380e-02,-5.311524495482444763e-02,-6.220717355608940125e-02,-5.566498637199401855e-02,-2.125627174973487854e-02,3.210096806287765503e-02,-1.421639416366815567e-02,4.037915915250778198e-02,1.079464517533779144e-02,-4.527049511671066284e-02,1.600901037454605103e-01,1.741368472576141357e-01,2.154066413640975952e-01,-1.167933456599712372e-02,5.521269142627716064e-02,-6.818677484989166260e-02,1.607992798089981079e-01,-2.671977579593658447e-01,1.909981667995452881e-02,-2.480043619871139526e-01,-1.507347226142883301e-01,-1.140086129307746887e-01,-7.472142577171325684e-02,5.877180397510528564e-02,7.661610841751098633e-02,-1.863709650933742523e-02,4.656494408845901489e-02,-4.877448547631502151e-03,-2.720484696328639984e-02,5.566370859742164612e-02,8.879511058330535889e-02,1.617292761802673340e-01,1.164735257625579834e-01,-4.445662349462509155e-02,9.588425979018211365e-03,1.286769472062587738e-02,3.051750175654888153e-02,2.875047735869884491e-02,-3.435037657618522644e-02,-4.874492809176445007e-02,-7.402520626783370972e-02,-1.374731361865997314e-01,-1.448061764240264893e-01,1.693274825811386108e-02,8.330723643302917480e-02
-1.511018574237823486e-01,3.018984198570251465e-02,1.258794516324996948e-01,-1.942641660571098328e-02,3.948461115360260010e-01,0.000000000000000000e+00,-3.615105152130126953e-02,1.620921492576599121e-01,2.411561757326126099e-01,9.727708995342254639e-02,4.220820590853691101e-02,1.605703532695770264e-01,9.900213032960891724e-02,7.645484060049057007e-02,1.484098136425018311e-01,1.269675493240356445e-01,8.983669430017471313e-02,1.426701992750167847e-01,-2.108146846294403076e-01,-1.068462878465652466e-01,4.211083985865116119e-03,2.105282098054885864e-01,2.445315383374691010e-02,1.849383115768432617e-01,2.915852963924407959e-01,3.348377048969268799e-01,8.482784032821655273e-02,1.980765610933303833e-01,1.025654450058937073e-01,2.052521407604217529e-01,7.164010405540466309e-02,2.087734043598175049e-01,1.754282042384147644e-02,-6.036572158336639404e-02,9.823095798492431641e-02,5.176364630460739136e-02,-1.039187312126159668e-01,-7.586848735809326172e-02,3.446245938539505005e-02,3.647080063819885254e-02,-8.902002871036529541e-02,1.574766449630260468e-02,-1.966695040464401245e-01,1.790833100676536560e-02,2.848141826689243317e-02,-4.291174933314323425e-02,5.960122868418693542e-02,4.502518102526664734e-03,-3.510329173877835274e-03,-1.657805442810058594e-01,8.103497326374053955e-02,-1.826531887054443359e-01,4.486374184489250183e-02,-1.870339363813400269e-01,9.212177246809005737e-02,-9.366590529680252075e-03,-1.010117083787918091e-01,-3.705698298290371895e-03,-1.073221042752265930e-01,-4.355974495410919189e-02,-6.243266910314559937e-02,-1.012942120432853699e-01,-6.334384530782699585e-02,-1.571870036423206329e-02,1.098116859793663025e-01,2.974402345716953278e-02,2.667333371937274933e-02,-2.215241827070713043e-02,-2.311809211969375610e-01,-1.146373972296714783e-01,4.908804967999458313e-02,5.005063116550445557e-02,-4.494678974151611328e-02,1.207433193922042847e-01,-8.464095741510391235e-02,-6.271134316921234131e-02,1.703732460737228394e-01,4.827063903212547302e-02,2.390162795782089233e-01,-4.511136934161186218e-02,2.525694966316223145e-01,-1.974034309387207031e-02,8.037184923887252808e-02,2.966754138469696045e-02,9.866037219762802124e-02,-1.607809811830520630e-01,2.659014053642749786e-02,-1.593511551618576050e-02,6.561840325593948364e-02,-2.841781377792358398e-01,-9.249468892812728882e-02,-3.339059948921203613e-01,-1.468630228191614151e-02,-2.104819864034652710e-01,6.108935922384262085e-02,3.215869143605232239e-02,-2.171452715992927551e-02,-1.062421128153800964e-01,-1.042552888393402100e-01,-7.631664723157882690e-02,1.919878721237182617e-01,-5.225140135735273361e-03,1.928129941225051880e-01,4.141869395971298218e-02,1.821064203977584839e-01,-1.367535907775163651e-02,1.287140697240829468e-01,4.967508837580680847e-02,1.048229634761810303e-01,1.210406050086021423e-02,-4.690191242843866348e-03,-1.219523623585700989e-01,6.135856892797164619e-06,3.665594756603240967e-02,8.693118393421173096e-02,6.315489858388900757e-02
4.461504220962524414e-01,3.724043071269989014e-01,6.313391029834747314e-02,3.385377526283264160e-01,-9.794392436742782593e-02,-3.615105152130126953e-02,0.000000000000000000e+00,3.412955701351165771e-01,2.667604088783264160e-01,-1.563429459929466248e-02,3.993636667728424072e-01,4.264159500598907471e-01,5.441785454750061035e-01,4.081078469753265381e-01,-2.982823848724365234e-01,-1.201127395033836365e-01,2.118843607604503632e-02,-1.850211024284362793e-01,4.064826965332031250e-01,4.564448893070220947e-01,-2.353618592023849487e-01,4.583345726132392883e-03,1.316363066434860229e-01,-1.425020098686218262e-01,-2.281673699617385864e-01,-3.546546697616577148e-01,-2.289356589317321777e-01,-1.842195838689804077e-01,9.878720343112945557e-02,-1.826657503843307495e-01,-1.244715005159378052e-01,-1.816086471080780029e-01,1.873849928379058838e-01,2.056709527969360352e-01,-1.984180659055709839e-01,-3.122355639934539795e-01,-2.327395677566528320e-01,3.283946961164474487e-02,-5.613093823194503784e-02,-2.378115653991699219e-01,-1.756017953157424927e-01,-2.083887457847595215e-01,3.151933103799819946e-02,-1.343478113412857056e-01,-1.946784555912017822e-01,2.937339805066585541e-02,-1.264758557081222534e-01,-1.550756841897964478e-01,-6.145851686596870422e-02,1.071881428360939026e-01,7.134621590375900269e-02,1.005591526627540588e-01,9.460827708244323730e-02,2.502977550029754639e-01,-2.808390557765960693e-01,-1.243812739849090576e-01,2.829294502735137939e-01,1.059169322252273560e-01,3.299357295036315918e-01,8.032403886318206787e-03,5.008345246315002441e-01,3.659369349479675293e-01,2.123525440692901611e-01,2.436868101358413696e-01,-1.193318050354719162e-02,-1.757732182741165161e-01,-6.134327501058578491e-02,-1.907917261123657227e-01,3.220424056053161621e-01,1.399300694465637207e-01,-5.478664115071296692e-02,6.593309342861175537e-02,8.847469091415405273e-02,-5.258177407085895538e-03,1.013746410608291626e-01,-1.452748030424118042e-01,7.556563615798950195e-02,7.042791694402694702e-02,-1.314556896686553955e-01,-8.256429433822631836e-02,-1.558456271886825562e-01,1.441794633865356445e-01,-3.639066219329833984e-01,-8.999186009168624878e-02,-1.511235386133193970e-01,2.363995313644409180e-01,-3.572652637958526611e-01,-1.203656941652297974e-01,-9.640872478485107422e-02,2.140771150588989258e-01,-1.016729101538658142e-01,9.126156568527221680e-02,-1.082838773727416992e-01,7.292902469635009766e-02,-2.338708937168121338e-01,-2.869564294815063477e-01,-4.578117132186889648e-01,-2.167839407920837402e-01,-2.307881861925125122e-01,-3.919977694749832153e-02,-1.704078465700149536e-01,-7.502482738345861435e-03,-2.316882163286209106e-01,-2.272912114858627319e-01,-2.016444206237792969e-01,-1.736897677183151245e-01,-2.860623896121978760e-01,-3.356325998902320862e-02,-1.966732144355773926e-01,-3.011520504951477051e-01,-2.137580215930938721e-01,2.673445455729961395e-02,-4.751265794038772583e-02,-1.329336315393447876e-01,-6.318233162164688110e-02,-1.799475699663162231e-01
2.180071622133255005e-01,2.770620882511138916e-01,-1.382643431425094604e-01,2.638633251190185547e-01,-2.044207155704498291e-01,1.620921492576599121e-01,3.412955701351165771e-01,0.000000000000000000e+00,2.812048653140664101e-03,9.391474723815917969e-02,1.066168695688247681e-01,4.807028472423553467e-01,1.809615492820739746e-01,4.055701196193695068e-01,-1.948428452014923096e-01,-3.252926468849182129e-01,-8.358882367610931396e-02,8.273046463727951050e-02,1.593681126832962036e-01,2.559706866741180420e-01,-4.179668426513671875e-01,-8.524403721094131470e-02,-1.222994700074195862e-01,-9.325721859931945801e-02,-1.394313275814056396e-01,-1.780157238245010376e-01,-3.166899681091308594e-01,-8.685049414634704590e-02,3.416398912668228149e-02,-2.476654946804046631e-02,-1.151480898261070251e-01,-1.514184027910232544e-01,-1.325405947864055634e-02,1.126803085207939148e-01,-7.682453840970993042e-02,-6.412190943956375122e-02,-2.736399769783020020e-01,-1.259173303842544556e-01,-6.854081898927688599e-02,-2.026467919349670410e-01,-2.598505914211273193e-01,-6.665426772087812424e-03,1.404989324510097504e-02,6.113560404628515244e-03,-2.029187232255935669e-01,4.297243803739547729e-02,4.186389595270156860e-02,-1.421658601611852646e-02,1.213179007172584534e-01,1.702956259250640869e-01,3.158939480781555176e-01,-2.443842357024550438e-03,3.789096772670745850e-01,-8.124320767819881439e-03,6.890445947647094727e-02,-1.941691637039184570e-01,7.692869752645492554e-02,2.204995155334472656e-01,3.824863433837890625e-01,1.724702417850494385e-01,4.589237570762634277e-01,3.963751494884490967e-01,3.238359466195106506e-02,2.005170285701751709e-01,-1.157933324575424194e-01,-1.193452477455139160e-01,-1.782393008470535278e-01,-5.905717983841896057e-02,1.047811880707740784e-01,-1.709707453846931458e-02,1.566916406154632568e-01,1.238195598125457764e-02,3.008788451552391052e-02,1.713519096374511719e-01,-6.427914649248123169e-02,-1.705885827541351318e-01,5.804187059402465820e-02,-1.418111938983201981e-02,-1.647704467177391052e-02,-1.399503946304321289e-01,1.756938546895980835e-01,-1.244969889521598816e-01,-3.125294446945190430e-01,-3.594107031822204590e-01,2.528740651905536652e-02,-1.457821130752563477e-01,-6.732881814241409302e-02,-2.937725484371185303e-01,3.006996810436248779e-01,-2.378528565168380737e-01,2.406948208808898926e-01,-1.150603815913200378e-01,1.714502274990081787e-02,-1.648867875337600708e-01,-1.725808531045913696e-01,-2.094081044197082520e-01,-1.421663165092468262e-01,-1.803543418645858765e-01,-5.004104599356651306e-02,-4.961931146681308746e-03,7.746674120426177979e-02,-1.548878997564315796e-01,-1.481132060289382935e-01,-1.574512124061584473e-01,1.390231680124998093e-02,-1.900101602077484131e-01,-9.418521076440811157e-03,-1.570111811161041260e-01,-1.100782975554466248e-01,3.850160539150238037e-02,1.019968315958976746e-01,8.915331214666366577e-02,2.176845371723175049e-01,1.529435068368911743e-01,-8.821968920528888702e-03,-1.371295154094696045e-01
4.859240725636482239e-02,8.176852017641067505e-02,-1.307786554098129272e-01,7.544324547052383423e-02,2.345272600650787354e-01,2.411561757326126099e-01,2.667604088783264160e-01,2.812048653140664101e-03,0.000000000000000000e+00,3.340245783329010010e-01,2.555928528308868408e-01,3.066984713077545166e-01,2.787291705608367920e-01,3.137611150741577148e-01,3.765822388231754303e-03,1.729546189308166504e-01,-2.515513077378273010e-02,-6.091772392392158508e-02,8.026010543107986450e-02,1.053685769438743591e-01,1.034999787807464600e-01,-6.466535851359367371e-03,6.906561553478240967e-02,-3.869853168725967407e-02,7.742789387702941895e-02,-7.105214148759841919e-02,-2.603419683873653412e-02,6.396647542715072632e-02,1.251140683889389038e-01,-7.881610840559005737e-02,5.976421758532524109e-02,6.571917980909347534e-02,2.382858395576477051e-01,9.827692061662673950e-02,-1.542776972055435181e-01,-1.702085435390472412e-01,6.062911357730627060e-03,4.820517823100090027e-02,-1.472201198339462280e-01,-7.737475633621215820e-02,-6.050809845328330994e-02,-1.753910332918167114e-01,7.126098871231079102e-02,-1.252449154853820801e-01,1.403717100620269775e-01,2.333711087703704834e-01,-7.619977742433547974e-02,-1.329070180654525757e-01,7.827454805374145508e-02,4.771538823843002319e-02,6.400921382009983063e-03,-1.660117879509925842e-02,-1.038074586540460587e-02,5.105672031641006470e-02,-1.771257668733596802e-01,1.288830339908599854e-01,-4.156604036688804626e-02,-6.989220529794692993e-02,7.635288685560226440e-02,-1.835437119007110596e-02,1.507214754819869995e-01,2.691020369529724121e-01,7.571020722389221191e-02,-3.965832293033599854e-02,3.255674988031387329e-02,-1.076586768031120300e-01,3.778956830501556396e-02,-1.113781481981277466e-01,7.652460038661956787e-02,-1.752087660133838654e-02,-6.330163031816482544e-02,1.444018036127090454e-01,9.546285122632980347e-02,-7.213515788316726685e-02,1.297547966241836548e-01,6.454575061798095703e-02,3.584976121783256531e-02,1.208573132753372192e-01,-1.788515299558639526e-01,-1.321537047624588013e-02,-1.430523674935102463e-02,2.442092001438140869e-01,-4.515577107667922974e-02,7.729820907115936279e-02,2.743003331124782562e-02,1.698170453310012817e-01,-2.338412702083587646e-01,-4.897964373230934143e-02,-2.165774852037429810e-01,8.598890155553817749e-02,-2.822001576423645020e-01,-5.789028853178024292e-02,-1.930960118770599365e-01,-2.941113710403442383e-02,-1.407334506511688232e-01,-1.860952377319335938e-02,-2.945546805858612061e-01,2.348688198253512383e-03,-8.219869434833526611e-02,3.402790054678916931e-02,-6.070081144571304321e-02,1.859285980463027954e-01,-2.594732120633125305e-02,-1.229763925075531006e-01,-1.279061287641525269e-01,-1.163251847028732300e-01,-1.713802665472030640e-01,1.554207503795623779e-01,-1.311369687318801880e-01,-1.513309180736541748e-01,-1.718765646219253540e-01,3.909721598029136658e-02,-2.252724468708038330e-01,-1.956266611814498901e-01,1.965689659118652344e-02,-2.354378625750541687e-02
2.551683224737644196e-02,-1.658570393919944763e-02,-6.376869231462478638e-02,2.082803845405578613e-02,-2.509164437651634216e-02,9.727708995342254639e-02,-1.563429459929466248e-02,9.391474723815917969e-02,3.340245783329010010e-01,0.000000000000000000e+00,-2.007693983614444733e-02,1.064922958612442017e-01,-5.753664765506982803e-03,1.877254843711853027e-01,1.924659609794616699e-01,3.573973178863525391e-01,-1.109771206974983215e-01,-7.978833466768264771e-02,1.891774497926235199e-02,-1.745937764644622803e-02,-2.983500622212886810e-02,-1.861725151538848877e-01,-1.510706990957260132e-01,5.363441631197929382e-02,-2.441109903156757355e-02,3.585401922464370728e-02,5.844225361943244934e-02,2.683416903018951416e-01,8.204825222492218018e-02,-7.843785732984542847e-02,8.632865548133850098e-02,9.630044549703598022e-02,-8.094150573015213013e-02,-1.100294068455696106e-01,-1.410455107688903809e-01,-1.032897457480430603e-01,3.381643677130341530e-03,-1.970007419586181641e-01,-2.398272752761840820e-01,1.568455398082733154e-01,-1.051758155226707458e-01,3.529089968651533127e-03,-7.668650895357131958e-02,-1.890705376863479614e-01,2.873677760362625122e-02,-1.435359660536050797e-02,-2.689780294895172119e-01,-1.729613542556762695e-01,6.313879787921905518e-02,2.119698747992515564e-02,1.249254867434501648e-02,-8.170685172080993652e-02,-2.885240316390991211e-02,-6.984084844589233398e-02,-1.808520872145891190e-03,3.165915608406066895e-02,-8.115727454423904419e-02,-1.457188930362462997e-02,6.765823811292648315e-02,1.773746907711029053e-01,7.498774677515029907e-02,2.565446794033050537e-01,3.067771904170513153e-02,-1.599673368036746979e-02,-4.774117842316627502e-02,-1.200340036302804947e-02,-8.209099620580673218e-02,-5.639114417135715485e-03,-1.318282564170658588e-03,7.286022882908582687e-03,1.280087828636169434e-01,1.021702289581298828e-01,9.252518415451049805e-02,-4.204258322715759277e-02,5.489630997180938721e-02,2.545828372240066528e-02,-1.014827564358711243e-01,9.618295356631278992e-03,-1.930090636014938354e-01,1.630095392465591431e-01,-1.732243224978446960e-02,-6.920525920577347279e-04,-1.197464205324649811e-02,-1.602495647966861725e-02,-5.576912313699722290e-02,-5.860803648829460144e-02,-1.111342012882232666e-02,1.241815313696861267e-01,-1.008181646466255188e-01,2.059126971289515495e-03,-1.113892346620559692e-01,5.898536369204521179e-02,-1.137238070368766785e-01,5.954192578792572021e-02,-1.856727749109268188e-01,-3.676081448793411255e-02,-8.995738625526428223e-02,6.606469303369522095e-02,1.032386571168899536e-01,2.962957322597503662e-02,-7.425519078969955444e-02,1.216459870338439941e-01,5.795137956738471985e-02,1.634648256003856659e-02,-1.806236654520034790e-01,-6.021242588758468628e-02,-2.372119762003421783e-02,2.191279083490371704e-02,-1.007856801152229309e-01,9.724448621273040771e-02,-1.793984919786453247e-01,-9.299231320619583130e-02,-5.197818577289581299e-02,-8.427248150110244751e-02,-1.866697669029235840e-01,-2.282912470400333405e-02
4.482280313968658447e-01,3.740213513374328613e-01,-9.261573106050491333e-02,-1.023640297353267670e-02,-1.911282539367675781e-02,4.220820590853691101e-02,3.993636667728424072e-01,1.066168695688247681e-01,2.555928528308868408e-01,-2.007693983614444733e-02,0.000000000000000000e+00,4.502274394035339355e-01,5.168067812919616699e-01,3.983216285705566406e-01,3.513686731457710266e-02,-1.774000748991966248e-02,3.469975590705871582e-01,1.280972659587860107e-01,3.560971915721893311e-01,3.808187842369079590e-01,-2.884748950600624084e-02,-5.485144630074501038e-02,2.320641279220581055e-02,-8.338475227355957031e-02,-8.139612525701522827e-02,-1.137812212109565735e-01,-6.117344647645950317e-02,-1.962169632315635681e-02,5.058583021163940430e-01,1.923079788684844971e-01,2.129668444395065308e-01,1.905536651611328125e-01,2.392990440130233765e-01,2.442356795072555542e-01,-2.067669034004211426e-01,-2.587061822414398193e-01,-2.611148953437805176e-01,-2.494368515908718109e-02,1.365424245595932007e-01,-3.414405584335327148e-01,-1.366796642541885376e-01,-2.282323315739631653e-03,-1.034995168447494507e-01,-7.110733538866043091e-03,-2.240419760346412659e-02,1.002026870846748352e-01,-5.296247079968452454e-02,-1.171722933650016785e-01,2.006666921079158783e-02,1.783804744482040405e-01,5.361523106694221497e-02,2.087513543665409088e-02,6.487393379211425781e-02,9.562234580516815186e-02,-5.873252078890800476e-02,3.397531574591994286e-03,3.094376921653747559e-01,1.649391949176788330e-01,3.164041042327880859e-01,7.586023956537246704e-02,3.359728157520294189e-01,2.800623774528503418e-01,3.658417165279388428e-01,3.694536089897155762e-01,-7.748734951019287109e-02,-6.138242408633232117e-02,-5.222414806485176086e-02,-1.750041097402572632e-01,2.118066847324371338e-01,3.772921487689018250e-02,1.036581322550773621e-01,1.388875991106033325e-01,2.754347324371337891e-01,-3.761291503906250000e-02,1.983100175857543945e-01,-7.107490301132202148e-02,2.292197644710540771e-01,2.505544126033782959e-01,1.497846692800521851e-01,6.146989297121763229e-03,9.335665404796600342e-02,1.161767840385437012e-01,-3.432297110557556152e-01,-1.572240293025970459e-01,-2.084300965070724487e-01,7.772950083017349243e-02,-3.631615936756134033e-01,-1.926936805248260498e-01,-6.953775137662887573e-02,1.365964859724044800e-01,-2.244607359170913696e-01,-1.167662292718887329e-01,-1.476256698369979858e-01,-1.574512273073196411e-01,5.086532793939113617e-03,-1.062945425510406494e-01,-1.801690608263015747e-01,-1.895663142204284668e-02,-1.236779689788818359e-01,4.856881499290466309e-02,-2.387729287147521973e-02,-4.016287252306938171e-02,3.315602225484326482e-05,-1.037002801895141602e-01,-1.870601177215576172e-01,-3.237766623497009277e-01,-4.066732227802276611e-01,4.497382044792175293e-02,-7.059776037931442261e-02,-2.451498359441757202e-01,-2.069722563028335571e-01,5.829771235585212708e-02,-7.264316082000732422e-02,-6.717495620250701904e-03,-1.488505303859710693e-01,-1.523445546627044678e-01
3.392825126647949219e-01,4.341261684894561768e-01,-1.291465014219284058e-01,1.859803050756454468e-01,-8.809999376535415649e-02,1.605703532695770264e-01,4.264159500598907471e-01,4.807028472423553467e-01,3.066984713077545166e-01,1.064922958612442017e-01,4.502274394035339355e-01,0.000000000000000000e+00,4.584267437458038330e-01,6.407935619354248047e-01,-1.596110016107559204e-01,-1.594063341617584229e-01,1.288928687572479248e-01,2.562946081161499023e-01,3.727160990238189697e-01,4.313893914222717285e-01,-2.538215517997741699e-01,-1.183151919394731522e-02,2.439381927251815796e-02,-5.103407427668571472e-02,-1.375952959060668945e-01,-2.479710578918457031e-01,-2.180022895336151123e-01,-2.924554981291294098e-02,2.525300979614257812e-01,5.692670494318008423e-02,5.940841510891914368e-02,2.899366989731788635e-02,1.426322460174560547e-01,1.994618773460388184e-01,-2.063209265470504761e-01,-1.896767765283584595e-01,-1.912809610366821289e-01,2.010941319167613983e-02,-1.427300870418548584e-01,-3.241530060768127441e-01,-1.529720723628997803e-01,-4.929323494434356689e-02,-4.051898047327995300e-02,-3.283661231398582458e-02,-7.726966589689254761e-02,1.070589795708656311e-01,-1.667518913745880127e-02,-6.463325768709182739e-02,1.403561979532241821e-01,2.189169377088546753e-01,1.580974310636520386e-01,1.819292642176151276e-02,1.423283517360687256e-01,-2.938936464488506317e-03,-7.736459374427795410e-02,6.659504142589867115e-04,2.015450894832611084e-01,2.698296606540679932e-01,4.024072289466857910e-01,1.667495369911193848e-01,4.462994635105133057e-01,4.207203984260559082e-01,3.518630564212799072e-01,4.161891341209411621e-01,-2.089080959558486938e-01,-8.180300891399383545e-02,-1.224525496363639832e-01,-1.922462135553359985e-01,2.174826860427856445e-01,1.820376887917518616e-02,8.559798449277877808e-02,1.603072136640548706e-01,1.937879472970962524e-01,1.668117642402648926e-01,1.280984729528427124e-01,2.073105797171592712e-02,1.486582756042480469e-01,1.292406916618347168e-01,-2.807549946010112762e-02,-1.305817663669586182e-01,1.812033057212829590e-01,1.912461966276168823e-01,-3.908256888389587402e-01,-2.549259066581726074e-01,-9.345378726720809937e-02,4.413395375013351440e-02,-3.148864507675170898e-01,-2.712667584419250488e-01,1.515815034508705139e-02,-7.557057589292526245e-02,-9.899954497814178467e-02,-2.075985670089721680e-01,-2.213167846202850342e-01,-2.914647758007049561e-01,-1.970410495996475220e-01,-2.713231146335601807e-01,-3.551006615161895752e-01,-2.348710447549819946e-01,-4.351344704627990723e-02,1.315368413925170898e-01,6.314165145158767700e-02,-6.248682271689176559e-03,8.528881589882075787e-04,-3.987606987357139587e-02,-1.145429387688636780e-01,-2.323841005563735962e-01,-2.200944572687149048e-01,-7.076020538806915283e-02,-1.778558045625686646e-01,-1.782312840223312378e-01,-8.179739117622375488e-02,1.341219991445541382e-01,-3.438624739646911621e-02,4.787245765328407288e-02,-5.040022358298301697e-02,-9.471318870782852173e-02
3.324549496173858643e-01,2.808319926261901855e-01,5.442596226930618286e-02,1.584531813859939575e-01,2.988573105540126562e-04,9.900213032960891724e-02,5.441785454750061035e-01,1.809615492820739746e-01,2.787291705608367920e-01,-5.753664765506982803e-03,5.168067812919616699e-01,4.584267437458038330e-01,0.000000000000000000e+00,4.936136901378631592e-01,-7.082618772983551025e-02,-2.777526155114173889e-02,1.292779892683029175e-01,8.839531987905502319e-02,2.344472259283065796e-01,2.902296781539916992e-01,-7.986555993556976318e-02,9.397951513528823853e-02,1.515700370073318481e-01,-6.869526952505111694e-02,-3.807369247078895569e-02,-2.001819908618927002e-01,-1.096120104193687439e-01,-3.682999312877655029e-02,2.047290503978729248e-01,7.120630145072937012e-02,5.293069407343864441e-02,3.407076746225357056e-02,2.083777487277984619e-01,1.749127507209777832e-01,-2.216532081365585327e-02,-1.323399543762207031e-01,-1.025757268071174622e-01,1.496175527572631836e-01,-3.760666772723197937e-02,-2.069045305252075195e-01,-4.517192766070365906e-02,-1.143500357866287231e-01,6.909460294991731644e-03,-5.514501128345727921e-03,-7.797975838184356689e-02,9.463154710829257965e-03,-2.488992176949977875e-03,5.917268339544534683e-03,-6.478077918291091919e-02,-4.373440891504287720e-02,4.341527074575424194e-02,1.023807283490896225e-02,4.491029307246208191e-02,1.531787216663360596e-01,-1.718433499336242676e-01,2.347037382423877716e-02,1.848106682300567627e-01,7.217456400394439697e-02,1.384550482034683228e-01,-1.706887334585189819e-01,3.378416597843170166e-01,1.602461636066436768e-01,1.903062760829925537e-01,1.465300768613815308e-01,8.623849600553512573e-02,-1.130987890064716339e-02,-3.060895949602127075e-02,-1.522406935691833496e-01,1.536861807107925415e-01,3.594437986612319946e-02,8.777806907892227173e-02,2.125827074050903320e-01,2.491429001092910767e-01,7.138019800186157227e-02,1.067260056734085083e-01,-3.211029246449470520e-02,2.334080785512924194e-01,1.754498928785324097e-01,3.896022215485572815e-02,-7.614296674728393555e-02,4.428646340966224670e-02,2.088003456592559814e-01,-2.327030003070831299e-01,-8.075572550296783447e-02,-1.334803644567728043e-02,2.310948073863983154e-01,-3.031657934188842773e-01,-1.603317856788635254e-01,-2.037741243839263916e-02,5.086997523903846741e-02,-1.555859744548797607e-01,-1.064716130495071411e-01,-9.346228837966918945e-02,-1.201388835906982422e-01,-1.045640781521797180e-01,-2.531493008136749268e-01,-3.117811083793640137e-01,-2.487848699092864990e-01,-2.333071827888488770e-01,1.826822198927402496e-02,-6.730539351701736450e-02,-6.327956169843673706e-02,-1.214245930314064026e-01,-1.126224622130393982e-01,-1.513726413249969482e-01,-1.373578459024429321e-01,-2.346306443214416504e-01,-4.987900331616401672e-02,-9.229309856891632080e-02,-2.150168120861053467e-01,-2.344466149806976318e-01,-6.378432363271713257e-02,-1.994418203830718994e-01,-4.629717022180557251e-02,-2.933321753516793251e-03,-7.889539748430252075e-02
