0.000000000000000000e+00,3.207317292690277100e-01,9.832862764596939087e-02,1.622916311025619507e-01,6.191512197256088257e-02,-7.545953243970870972e-02,1.094012483954429626e-01,-1.723068952560424805e-01,1.740494072437286377e-01,-9.585034847259521484e-02,2.546838819980621338e-01,-7.308370620012283325e-02,1.324524134397506714e-01,-1.120181232690811157e-01,4.414665699005126953e-02,1.340388786047697067e-02,-1.473657935857772827e-01,-1.218172535300254822e-01,4.144400954246520996e-01,4.802686572074890137e-01,-2.704136967658996582e-01,-2.083945125341415405e-01,-5.074751377105712891e-02,9.632228873670101166e-03,-1.606823951005935669e-01,-1.525811553001403809e-01,-3.736092522740364075e-02,-1.329328492283821106e-02,-5.655909329652786255e-02,-3.514694571495056152e-01,-2.616212330758571625e-02,-3.201381489634513855e-02,1.912837773561477661e-01,7.768521457910537720e-02,-2.093240618705749512e-03,4.127620533108711243e-02,-2.395706176757812500e-01,-3.212047517299652100e-01,-2.793569266796112061e-01,-1.631432622671127319e-01,-1.423530727624893188e-01,-1.791296303272247314e-01,-2.895536720752716064e-01,-1.752224862575531006e-01,-4.508427083492279053e-01,-2.276538461446762085e-01,-2.119401246309280396e-01,-1.928616464138031006e-01,-1.980195194482803345e-01,-9.773792326450347900e-02,-2.353709787130355835e-01,-1.426356285810470581e-01,-3.114109635353088379e-01,-2.111489623785018921e-01,-1.389007717370986938e-01,-3.174078464508056641e-02,5.825187563896179199e-01,4.391539394855499268e-01,4.429106712341308594e-01,1.775766611099243164e-01,3.111564815044403076e-01,-1.355705112218856812e-01,2.392739951610565186e-01,1.860971748828887939e-01,-1.003725156188011169e-01,-2.799488306045532227e-01,-8.144941926002502441e-02,-2.395582199096679688e-01,4.409517943859100342e-01,3.265098333358764648e-01,6.356159597635269165e-02,1.067244783043861389e-01,3.706533908843994141e-01,2.052670568227767944e-01,1.268543899059295654e-01,1.424447298049926758e-01,1.524294167757034302e-01,5.397528409957885742e-02,-3.196301758289337158e-01,-3.790351748466491699e-01,-3.119497597217559814e-01,-3.269269168376922607e-01,-1.517936140298843384e-01,1.451017707586288452e-01,-1.136416867375373840e-01,-2.801090180873870850e-01,2.722961828112602234e-02,9.895076602697372437e-02,-4.057889804244041443e-02,1.202920731157064438e-02,-1.614041924476623535e-01,4.932877421379089355e-02,-1.380395293235778809e-01,-5.093231797218322754e-03,-1.615715473890304565e-01,-1.801643818616867065e-01,-3.228450715541839600e-01,-7.024043053388595581e-02,-2.903325110673904419e-02,2.326189875602722168e-01,1.377460956573486328e-01,-5.002576112747192383e-02,5.594524741172790527e-02,2.308400869369506836e-01,9.686218202114105225e-02,3.260953351855278015e-02,-1.890093833208084106e-01,3.473624121397733688e-03,4.050394892692565918e-02,1.945232599973678589e-01,8.736830949783325195e-02,6.212474405765533447e-02,-1.439155451953411102e-02,-4.522898793220520020e-02,1.153154820203781128e-01,-4.931537434458732605e-02
3.207317292690277100e-01,0.000000000000000000e+00,-2.434795796871185303e-01,4.368235170841217041e-02,5.057926848530769348e-02,-4.237359762191772461e-02,-3.580614030361175537e-01,-3.157093226909637451e-01,2.041911035776138306e-01,7.031632214784622192e-02,1.061784029006958008e-01,7.988533377647399902e-02,-3.051844537258148193e-01,-2.464100122451782227e-01,3.173451498150825500e-02,-8.452636003494262695e-02,1.461361944675445557e-01,3.694910109043121338e-01,1.132240518927574158e-01,4.261212348937988281e-01,-2.189754694700241089e-02,5.622072517871856689e-02,-3.826049566268920898e-01,-3.154934644699096680e-01,-1.575331240892410278e-01,-7.411650568246841431e-02,4.573170840740203857e-02,1.116375550627708435e-01,1.401661187410354614e-01,-1.190853640437126160e-01,-1.129319742321968079e-01,-1.595450639724731445e-01,9.841166436672210693e-02,-3.149346262216567993e-02,-1.616232246160507202e-01,5.791538208723068237e-02,2.090952545404434204e-02,1.154514774680137634e-02,-6.778159737586975098e-02,-3.280287981033325195e-02,-1.128034517168998718e-01,-7.745101302862167358e-02,-2.220640182495117188e-01,-1.592888236045837402e-01,-3.453224897384643555e-01,-3.500035405158996582e-01,3.936732187867164612e-02,2.414132934063673019e-03,-3.686517775058746338e-01,-1.977252662181854248e-01,-2.009396255016326904e-01,-1.678652614355087280e-01,-2.027923762798309326e-01,-3.971819207072257996e-02,1.204584985971450806e-01,-4.885735362768173218e-02,4.915226101875305176e-01,7.694803476333618164e-01,5.047889351844787598e-01,3.032080531120300293e-01,2.827934920787811279e-01,-1.310707032680511475e-01,3.321034610271453857e-01,4.049245715141296387e-01,-3.977338075637817383e-01,-4.308142662048339844e-01,-7.773754000663757324e-02,-5.295200645923614502e-02,3.386271893978118896e-01,3.803732097148895264e-01,8.931086957454681396e-02,1.603315919637680054e-01,2.710014581680297852e-01,3.091017305850982666e-01,1.800583899021148682e-01,2.025603353977203369e-01,-9.857974946498870850e-03,2.757991254329681396e-01,-1.163957491517066956e-01,-9.994799643754959106e-02,-1.712853014469146729e-01,-3.182364106178283691e-01,-9.021976590156555176e-02,9.719906747341156006e-02,-4.279437363147735596e-01,-1.663695871829986572e-01,1.551814842969179153e-02,9.838185459375381470e-02,-1.020579691976308823e-02,1.188437268137931824e-01,-2.789338827133178711e-01,-3.049529492855072021e-01,-1.241452023386955261e-01,-3.265993297100067139e-01,6.400635000318288803e-03,-3.183647524565458298e-03,-6.033614277839660645e-02,-8.226921409368515015e-02,3.025985658168792725e-01,1.096690073609352112e-03,3.354228138923645020e-01,-1.009663641452789307e-01,9.491966664791107178e-02,7.538259774446487427e-02,7.147257030010223389e-02,-2.901453338563442230e-02,-2.206366360187530518e-01,-2.768813446164131165e-02,-2.763536199927330017e-02,1.425319612026214600e-01,1.147376596927642822e-01,1.001652330160140991e-01,-2.163007259368896484e-01,-1.987456381320953369e-01,-5.608624592423439026e-02,-1.989040337502956390e-02
9.832862764596939087e-02,-2.434795796871185303e-01,0.000000000000000000e+00,3.990158438682556152e-01,-2.103392221033573151e-02,-3.253327012062072754e-01,5.295827388763427734e-01,1.090383455157279968e-01,-7.891934365034103394e-02,-1.772990524768829346e-01,7.080887258052825928e-02,1.712522283196449280e-02,3.456486761569976807e-01,3.184641003608703613e-01,-7.145690917968750000e-02,-4.112240672111511230e-02,-1.690884679555892944e-01,-4.929757416248321533e-01,4.803250133991241455e-01,1.866497099399566650e-01,-2.422700971364974976e-01,-3.917804062366485596e-01,6.581833958625793457e-01,2.601371109485626221e-01,-9.889987995848059654e-04,-2.872814834117889404e-01,-2.497432827949523926e-01,3.366287797689437866e-02,-1.448255777359008789e-01,-1.966232210397720337e-01,2.455455511808395386e-01,2.305290102958679199e-01,2.558561265468597412e-01,3.587184548377990723e-01,2.942014038562774658e-01,1.167722642421722412e-01,-1.690115481615066528e-01,-2.101034373044967651e-01,-3.003842234611511230e-01,-1.297085583209991455e-01,-3.002707660198211670e-01,-8.271485567092895508e-02,2.634273469448089600e-01,2.719004750251770020e-01,1.039881780743598938e-01,2.734680473804473877e-01,-7.701779715716838837e-03,-1.910622045397758484e-02,2.295692116022109985e-01,2.510952353477478027e-01,4.979609325528144836e-02,1.058709025382995605e-01,-7.962390035390853882e-02,1.776971220970153809e-01,-4.085168540477752686e-01,-1.058660373091697693e-01,-1.098339483141899109e-01,-2.304405868053436279e-01,-2.644733488559722900e-01,-3.098622262477874756e-01,-7.962419837713241577e-02,8.684312552213668823e-02,-1.772213429212570190e-01,-2.667602002620697021e-01,5.096340775489807129e-01,2.676464319229125977e-01,1.235185749828815460e-02,-1.312952116131782532e-02,-2.717432081699371338e-01,-2.238019704818725586e-01,-2.434258908033370972e-02,-2.921661734580993652e-02,-1.034423783421516418e-01,-5.461674556136131287e-02,-1.387427896261215210e-01,4.218839854001998901e-02,-8.278959244489669800e-02,-6.800356507301330566e-02,-2.409275174140930176e-01,-1.054491288959980011e-02,-2.127759456634521484e-01,6.314220838248729706e-03,-3.147014677524566650e-01,-8.166564255952835083e-02,3.030931651592254639e-01,9.730133414268493652e-02,-2.982663810253143311e-01,-7.847539335489273071e-02,-2.484015077352523804e-01,-1.910339295864105225e-02,2.046140879392623901e-01,4.055590331554412842e-01,1.190498992800712585e-01,2.451129704713821411e-01,-3.292167782783508301e-01,-2.320079058408737183e-01,-2.829882800579071045e-01,-4.193459823727607727e-02,-3.612782061100006104e-01,6.635771691799163818e-02,-1.641150712966918945e-01,2.582226693630218506e-01,-2.244584709405899048e-01,-9.589071385562419891e-03,-5.215202271938323975e-02,-6.676047295331954956e-02,7.527241110801696777e-02,4.584200680255889893e-02,-1.545203030109405518e-01,-8.793944865465164185e-02,-1.492066532373428345e-01,-6.206335034221410751e-03,1.824301034212112427e-01,2.266726344823837280e-01,8.841567486524581909e-02,-1.747771352529525757e-01
1.622916311025619507e-01,4.368235170841217041e-02,3.990158438682556152e-01,0.000000000000000000e+00,4.813016578555107117e-02,-1.453418433666229248e-01,3.106181621551513672e-01,3.553413748741149902e-01,5.703150108456611633e-02,-6.216925382614135742e-02,2.714330144226551056e-02,1.472701877355575562e-01,-1.904965005815029144e-02,1.610176414251327515e-01,-1.019935384392738342e-01,-9.200406819581985474e-02,-5.033153668045997620e-02,-2.773787379264831543e-01,2.337637543678283691e-01,4.292116165161132812e-01,-2.276804447174072266e-01,-3.256974220275878906e-01,4.478658437728881836e-01,4.441286623477935791e-01,2.414041757583618164e-02,-1.882067769765853882e-01,-9.833114594221115112e-02,1.115617230534553528e-01,-1.121505126357078552e-01,-2.985125482082366943e-01,1.665903478860855103e-01,2.513830661773681641e-01,3.536169826984405518e-01,4.971529543399810791e-01,3.224886655807495117e-01,2.923577427864074707e-01,-1.645756959915161133e-01,-2.622675001621246338e-01,-2.190217971801757812e-01,-1.159452199935913086e-01,-3.405454754829406738e-01,-1.010026559233665466e-01,-7.862413674592971802e-02,5.967430770397186279e-02,-1.701766997575759888e-01,1.462715771049261093e-02,-6.370737403631210327e-02,-1.920588612556457520e-01,-4.626071080565452576e-02,1.029855906963348389e-01,-1.451824605464935303e-01,-8.804558962583541870e-02,-3.161345422267913818e-01,-1.062126234173774719e-01,-1.848514527082443237e-01,-2.520484030246734619e-01,1.775022447109222412e-01,5.382656306028366089e-02,-7.640030235052108765e-02,-1.274152398109436035e-01,-2.379832044243812561e-02,2.051101177930831909e-01,1.706302538514137268e-02,6.291802227497100830e-02,3.045806288719177246e-01,2.559243440628051758e-01,1.341510713100433350e-01,1.603762656450271606e-01,1.425487548112869263e-01,5.570570752024650574e-02,1.519383639097213745e-01,1.794165931642055511e-02,8.309898548759520054e-04,5.340949632227420807e-03,7.390203326940536499e-02,1.161310449242591858e-01,-7.053985446691513062e-02,4.660300537943840027e-02,-2.198708057403564453e-01,-2.234522253274917603e-01,-2.295832931995391846e-01,-2.023004442453384399e-01,-2.840390205383300781e-01,-2.270038574934005737e-01,6.905257701873779297e-02,-4.079560935497283936e-02,-1.341713219881057739e-01,-8.430914580821990967e-02,-2.095915228128433228e-01,-1.797582358121871948e-01,2.534788288176059723e-02,-4.342254251241683960e-03,-8.008708059787750244e-02,-9.887195378541946411e-02,-2.678291201591491699e-01,-1.870618015527725220e-01,-2.641191184520721436e-01,-7.642615586519241333e-02,-2.264264523983001709e-01,-3.641045466065406799e-02,-1.065483167767524719e-01,1.127831414341926575e-01,-1.250797063112258911e-01,-1.828133501112461090e-02,1.909131649881601334e-03,-7.302149385213851929e-02,6.839039269834756851e-03,8.064585924148559570e-02,-2.557334005832672119e-01,9.383884072303771973e-02,-7.510033436119556427e-03,-1.039162427186965942e-01,-2.328615263104438782e-02,1.329213082790374756e-01,2.069228142499923706e-02,-2.148744165897369385e-01
6.191512197256088257e-02,5.057926848530769348e-02,-2.103392221033573151e-02,4.813016578555107117e-02,0.000000000000000000e+00,3.022165596485137939e-01,4.364611580967903137e-02,-2.113153040409088135e-02,6.050400137901306152e-01,3.193722367286682129e-01,-2.338500693440437317e-02,-2.921554259955883026e-03,1.572802215814590454e-01,6.552414596080780029e-02,5.496124625205993652e-01,2.793219089508056641e-01,-5.860955640673637390e-02,-3.699374943971633911e-02,1.048292964696884155e-01,1.689751744270324707e-01,9.732452034950256348e-02,1.999824047088623047e-01,1.113119721412658691e-01,2.624296545982360840e-01,4.023766219615936279e-01,3.070439696311950684e-01,4.005553126335144043e-01,3.068545460700988770e-01,3.325731307268142700e-02,-1.189586073160171509e-01,2.973916232585906982e-01,3.154293298721313477e-01,1.880946382880210876e-02,1.306072920560836792e-01,4.210480675101280212e-02,-3.987867757678031921e-02,-1.005693897604942322e-01,-6.264701485633850098e-02,3.567675873637199402e-02,-4.704718664288520813e-02,3.945127874612808228e-02,-1.819426268339157104e-01,-2.633248269557952881e-01,-1.976543813943862915e-01,-1.675209105014801025e-01,-1.689843237400054932e-01,-1.679985225200653076e-01,-2.541491091251373291e-01,-2.582104504108428955e-01,-2.867422699928283691e-01,-4.277468919754028320e-01,-4.256100952625274658e-01,-1.777224242687225342e-01,-4.192167818546295166e-01,1.431430131196975708e-01,1.103795543313026428e-01,-6.724834442138671875e-02,3.353262692689895630e-02,9.334377944469451904e-03,2.644838690757751465e-01,-4.730590060353279114e-02,9.830747544765472412e-02,1.600687764585018158e-02,8.833079040050506592e-02,6.258139759302139282e-02,-3.603733703494071960e-02,1.418635845184326172e-01,1.107705086469650269e-01,5.879215896129608154e-02,1.816776096820831299e-01,2.613856494426727295e-01,3.117906749248504639e-01,6.557817012071609497e-02,1.792188882827758789e-01,1.503193229436874390e-01,1.726976633071899414e-01,2.233946174383163452e-01,2.133011370897293091e-01,-4.912694916129112244e-02,-7.096040248870849609e-02,6.150333955883979797e-02,-6.360473483800888062e-02,7.070173323154449463e-02,2.210555970668792725e-01,1.362561583518981934e-01,-3.266078829765319824e-01,2.934923768043518066e-01,3.224954605102539062e-01,5.087233334779739380e-02,-2.033821940422058105e-01,-1.470619440078735352e-01,-1.308705806732177734e-01,-5.316942557692527771e-02,6.343098729848861694e-02,1.541390269994735718e-01,-4.626611992716789246e-02,-7.225696742534637451e-02,-1.617587059736251831e-01,2.323954105377197266e-01,-5.463298782706260681e-02,1.431503593921661377e-01,-2.776421010494232178e-01,3.040241301059722900e-01,1.530020684003829956e-01,1.040579602122306824e-01,7.329907268285751343e-02,2.262298762798309326e-02,-1.062551438808441162e-01,2.432696819305419922e-01,1.051708161830902100e-01,-8.260569721460342407e-02,-2.801125347614288330e-01,-4.160727262496948242e-01,-2.206894308328628540e-01,4.537620395421981812e-02,2.345311790704727173e-01
-7.545953243970870972e-02,-4.237359762191772461e-02,-3.253327012062072754e-01,-1.453418433666229248e-01,3.022165596485137939e-01,0.000000000000000000e+00,6.795993074774742126e-03,1.702408939599990845e-01,1.582309007644653320e-01,4.287898242473602295e-01,-2.777039706707000732e-01,-3.107394278049468994e-01,-1.645834296941757202e-01,-2.700952589511871338e-01,2.532942891120910645e-01,4.067232310771942139e-01,-2.891799211502075195e-01,1.851928234100341797e-01,-1.859064251184463501e-01,-2.002534568309783936e-01,2.854641675949096680e-01,4.838905334472656250e-01,-1.363760679960250854e-01,3.030430376529693604e-01,2.720538675785064697e-01,5.882312059402465820e-01,4.480850100517272949e-01,3.286115825176239014e-02,-1.736285835504531860e-01,6.795855704694986343e-03,3.048154525458812714e-02,7.465613633394241333e-02,-3.904111683368682861e-01,-1.883787661790847778e-01,2.561440318822860718e-02,-6.088761985301971436e-02,-1.578610539436340332e-01,5.036574602127075195e-02,3.266988694667816162e-01,-5.078744888305664062e-02,4.932504594326019287e-01,7.461740076541900635e-02,-3.741495907306671143e-01,-4.812455475330352783e-01,-2.561766207218170166e-01,-4.491561055183410645e-01,-2.205954790115356445e-01,-1.466984301805496216e-01,-3.857373595237731934e-01,-5.525265932083129883e-01,-3.326751589775085449e-01,-3.916177749633789062e-01,1.367036551237106323e-01,-4.893119335174560547e-01,2.604098618030548096e-01,4.152382612228393555e-01,-2.306271344423294067e-01,-6.552812457084655762e-02,-1.065658312290906906e-02,3.472951352596282959e-01,-1.247936859726905823e-01,1.590064465999603271e-01,-2.284325361251831055e-01,1.005947683006525040e-02,-2.356105297803878784e-02,6.880049407482147217e-02,4.716717451810836792e-02,4.624163731932640076e-02,-1.532382424920797348e-02,1.016627475619316101e-01,1.121024265885353088e-01,3.001570999622344971e-01,-1.458729058504104614e-01,-1.405439078807830811e-01,1.539035420864820480e-02,-2.930471487343311310e-02,2.390779256820678711e-01,9.289670735597610474e-02,1.727224700152873993e-02,-1.867366582155227661e-01,-1.046820431947708130e-01,-4.698379710316658020e-02,3.826226592063903809e-01,2.963216602802276611e-01,-1.449708193540573120e-01,-3.706875443458557129e-01,5.765989422798156738e-01,2.619871199131011963e-01,3.237787485122680664e-01,4.154121503233909607e-02,-1.271227747201919556e-01,-1.891590952873229980e-01,2.960123308002948761e-02,1.004383340477943420e-01,2.511907815933227539e-01,8.867498487234115601e-02,1.661132574081420898e-01,6.320740282535552979e-02,3.133864402770996094e-01,-1.206765621900558472e-01,1.643072068691253662e-01,-4.188443720340728760e-01,4.639274477958679199e-01,3.071643710136413574e-01,2.891318500041961670e-01,2.826953530311584473e-01,-3.053272701799869537e-02,-9.359028190374374390e-02,3.501706123352050781e-01,1.583285629749298096e-01,5.806725844740867615e-02,-7.967037148773670197e-03,-3.411391973495483398e-01,-6.538929790258407593e-02,1.979330778121948242e-01,1.690680086612701416e-01
1.094012483954429626e-01,-3.580614030361175537e-01,5.295827388763427734e-01,3.106181621551513672e-01,4.364611580967903137e-02,6.795993074774742126e-03,0.000000000000000000e+00,2.792438268661499023e-01,-1.189760863780975342e-02,1.514523028163239360e-04,5.091113597154617310e-02,-1.716986298561096191e-01,4.500567317008972168e-01,1.826861798763275146e-01,2.470454573631286621e-02,1.116136610507965088e-01,-2.927441298961639404e-01,-4.449036717414855957e-01,3.215641975402832031e-01,-3.581805899739265442e-02,-1.721208542585372925e-01,-2.341525405645370483e-01,5.285457968711853027e-01,3.880560994148254395e-01,-6.719886511564254761e-02,-7.229433953762054443e-02,-1.090009883046150208e-01,-5.874916166067123413e-02,-2.042761892080307007e-01,-1.505261510610580444e-01,7.004389911890029907e-02,9.275526553392410278e-02,-6.156985461711883545e-02,1.470737457275390625e-01,3.096893429756164551e-01,7.429534941911697388e-02,-2.126876115798950195e-01,-2.041706740856170654e-01,-1.628141254186630249e-01,-3.819178044795989990e-02,-1.653223633766174316e-01,2.535669505596160889e-02,3.712279722094535828e-02,9.655901789665222168e-02,-2.644063718616962433e-02,1.506889909505844116e-01,-5.011267215013504028e-02,-9.473682940006256104e-02,6.999483704566955566e-02,1.081997156143188477e-01,-7.017875462770462036e-02,3.719088435173034668e-02,-9.551257640123367310e-02,-3.818248584866523743e-02,-2.080257683992385864e-01,-5.630773305892944336e-02,-2.279024571180343628e-01,-3.136749565601348877e-01,-2.593569457530975342e-01,-2.317603081464767456e-01,-2.874853461980819702e-02,2.086433619260787964e-01,-2.947946190834045410e-01,-2.744124531745910645e-01,5.478849411010742188e-01,3.753639161586761475e-01,5.661959946155548096e-02,-3.248627856373786926e-02,-2.572502791881561279e-01,-1.646702885627746582e-01,-4.147726669907569885e-02,2.851214446127414703e-02,-1.024870947003364563e-01,-1.632698327302932739e-01,-5.785088613629341125e-02,2.269176952540874481e-02,-9.545773267745971680e-02,-1.673670262098312378e-01,-1.890174895524978638e-01,-6.105560436844825745e-02,-2.352801561355590820e-01,2.582332864403724670e-02,-1.162252500653266907e-01,5.219461396336555481e-02,2.647637128829956055e-01,6.135543063282966614e-02,-8.808086067438125610e-02,1.104842647910118103e-01,-1.247327104210853577e-01,-7.828113436698913574e-02,1.754686236381530762e-01,1.166044101119041443e-01,5.296056345105171204e-02,1.792667061090469360e-01,-1.953294426202774048e-01,-8.603607863187789917e-02,-1.354699283838272095e-01,8.208017051219940186e-02,-2.156414687633514404e-01,2.837058901786804199e-02,-2.571249306201934814e-01,1.308943629264831543e-01,-1.909914799034595490e-02,1.618576049804687500e-01,1.370763331651687622e-01,1.030154824256896973e-01,7.142391055822372437e-03,3.649217309430241585e-03,-6.634148210287094116e-02,2.737833186984062195e-02,-1.612345427274703979e-01,-6.335460394620895386e-02,1.189082488417625427e-01,2.608893215656280518e-01,6.075491756200790405e-02,-2.127754092216491699e-01
-1.723068952560424805e-01,-3.157093226909637451e-01,1.090383455157279968e-01,3.553413748741149902e-01,-2.113153040409088135e-02,1.702408939599990845e-01,2.792438268661499023e-01,0.000000000000000000e+00,-3.304780274629592896e-02,-6.209641322493553162e-02,-2.760493382811546326e-02,1.467376500368118286e-01,8.054976165294647217e-02,1.282839626073837280e-01,-3.269025310873985291e-02,-1.784294098615646362e-01,-2.716658115386962891e-01,-1.467992216348648071e-01,-1.283538490533828735e-01,-3.988642245531082153e-02,-1.835930347442626953e-01,-1.513032168149948120e-01,2.288900315761566162e-01,2.957898676395416260e-01,-7.522246986627578735e-02,7.495196163654327393e-02,-1.419987250119447708e-02,-5.923282355070114136e-02,-1.738396883010864258e-01,-1.455725580453872681e-01,1.967446506023406982e-02,1.528048366308212280e-01,3.140215948224067688e-02,2.589512765407562256e-01,5.950761586427688599e-02,1.144743412733078003e-01,-2.702471613883972168e-01,-3.123930394649505615e-01,-1.986175961792469025e-02,-1.785631924867630005e-01,-7.349917199462652206e-03,-3.464152663946151733e-02,-9.308926016092300415e-02,-3.931326791644096375e-02,-2.849960699677467346e-02,-1.952245831489562988e-02,-1.527165621519088745e-01,-1.690076291561126709e-01,1.484186053276062012e-01,1.017576083540916443e-02,1.176910027861595154e-01,-2.083908300846815109e-03,1.619645357131958008e-01,-1.656853109598159790e-01,-1.174666825681924820e-02,-9.857426583766937256e-02,-1.236751973628997803e-01,-2.562875747680664062e-01,-1.585603356361389160e-01,4.951714724302291870e-02,1.390171051025390625e-01,5.577719807624816895e-01,-2.097569257020950317e-01,3.049957752227783203e-02,1.252275407314300537e-01,2.568508982658386230e-01,-8.783107250928878784e-02,3.459457680583000183e-02,-5.216973647475242615e-02,-1.353335529565811157e-01,1.430613696575164795e-01,-5.301316082477569580e-02,-1.484267562627792358e-01,-1.823998093605041504e-01,-3.748128935694694519e-02,-3.299852460622787476e-02,2.293897792696952820e-02,-1.412467360496520996e-01,1.474928949028253555e-02,-2.475103139877319336e-01,-4.385901987552642822e-02,-1.577955931425094604e-01,-6.781753152608871460e-02,-3.951087296009063721e-01,1.253310143947601318e-01,-1.847006827592849731e-01,7.774194329977035522e-02,-3.613182306289672852e-01,1.834916919469833374e-01,-2.293292880058288574e-01,4.247375472914427519e-04,3.161742642987519503e-04,-1.130763292312622070e-01,-1.326504498720169067e-01,-2.186004370450973511e-01,-1.916498988866806030e-01,-1.194239929318428040e-01,-1.881737634539604187e-02,-2.821235656738281250e-01,-1.263310760259628296e-01,-3.314502537250518799e-02,-1.867745071649551392e-02,-8.997371420264244080e-03,-1.596039831638336182e-01,3.879044950008392334e-02,-5.895892903208732605e-02,3.744059707969427109e-03,8.059342205524444580e-02,-1.242756024003028870e-01,9.907683357596397400e-03,3.544460609555244446e-02,8.301546424627304077e-02,-1.486936658620834351e-01,1.428094953298568726e-01,2.036070637404918671e-02,-1.893407404422760010e-01
1.740494072437286377e-01,2.041911035776138306e-01,-7.891934365034103394e-02,5.703150108456611633e-02,6.050400137901306152e-01,1.582309007644653320e-01,-1.189760863780975342e-02,-3.304780274629592896e-02,0.000000000000000000e+00,3.266696929931640625e-01,7.506832480430603027e-02,6.821302324533462524e-02,1.644518673419952393e-01,-1.369921863079071045e-02,6.688998937606811523e-01,1.757961809635162354e-01,3.560905158519744873e-02,3.737597167491912842e-02,9.228735417127609253e-02,2.350588440895080566e-01,6.374786049127578735e-02,3.810143470764160156e-02,-3.714642301201820374e-02,6.033610925078392029e-02,2.382308840751647949e-01,1.328087598085403442e-01,2.856663167476654053e-01,2.860633730888366699e-01,1.039827391505241394e-01,-1.100951433181762695e-01,2.188163995742797852e-01,1.970188915729522705e-01,1.078755483031272888e-01,1.452507078647613525e-01,-3.828898444771766663e-02,1.737931743264198303e-02,-4.188653454184532166e-02,-1.385085284709930420e-01,2.152103930711746216e-02,-5.311060696840286255e-02,-9.888367354869842529e-02,-1.799760162830352783e-01,-2.524802088737487793e-01,-1.535271108150482178e-01,-2.961613833904266357e-01,-2.630227208137512207e-01,-1.069728210568428040e-01,-2.284461259841918945e-01,-3.601069450378417969e-01,-2.159509658813476562e-01,-3.846704959869384766e-01,-3.211493790149688721e-01,-2.311684787273406982e-01,-3.300016820430755615e-01,1.560518592596054077e-01,-9.956593811511993408e-02,1.707444041967391968e-01,2.333196401596069336e-01,1.771246790885925293e-01,2.917751073837280273e-01,1.605563461780548096e-01,1.238510236144065857e-01,1.708711534738540649e-01,2.642261683940887451e-01,-6.955897063016891479e-02,-1.306106597185134888e-01,6.197094172239303589e-02,2.785677649080753326e-02,1.564578413963317871e-01,1.938752979040145874e-01,3.163031637668609619e-01,2.238548845052719116e-01,1.484662890434265137e-01,2.206244766712188721e-01,2.057033926248550415e-01,1.607321351766586304e-01,2.030758857727050781e-01,2.284100502729415894e-01,-5.436334013938903809e-02,-7.880440354347229004e-02,3.904513269662857056e-02,-1.860165297985076904e-01,4.448699206113815308e-02,1.661874651908874512e-01,2.913957647979259491e-02,-3.344098031520843506e-01,2.733434736728668213e-01,2.309129387140274048e-01,4.040615633130073547e-02,-2.152041345834732056e-01,-2.549920678138732910e-01,-2.722642123699188232e-01,-2.367755174636840820e-01,-2.317515015602111816e-01,6.513199210166931152e-02,-4.503748193383216858e-02,-8.459411561489105225e-02,-1.682469099760055542e-01,1.269308179616928101e-01,-1.450821161270141602e-01,1.603542566299438477e-01,-1.718428879976272583e-01,1.921862810850143433e-01,5.419444665312767029e-02,3.966661542654037476e-02,-3.245032206177711487e-02,-8.715655654668807983e-03,-1.832102835178375244e-01,4.266026988625526428e-02,8.284129202365875244e-02,-6.164446845650672913e-02,-1.723788976669311523e-01,-3.428471088409423828e-01,-1.904056966304779053e-01,-3.792149201035499573e-02,1.259204447269439697e-01
-9.585034847259521484e-02,7.031632214784622192e-02,-1.772990524768829346e-01,-6.216925382614135742e-02,3.193722367286682129e-01,4.287898242473602295e-01,1.514523028163239360e-04,-6.209641322493553162e-02,3.266696929931640625e-01,0.000000000000000000e+00,-1.799777746200561523e-01,-4.177635535597801208e-02,-1.574648469686508179e-01,-4.698902741074562073e-02,2.619720101356506348e-01,2.743456363677978516e-01,-1.639063656330108643e-02,1.453485637903213501e-01,-1.028986200690269470e-01,-8.920777589082717896e-02,1.381522119045257568e-01,2.247008234262466431e-01,-1.781843230128288269e-02,1.457940936088562012e-01,1.136369928717613220e-01,1.984295845031738281e-01,2.416118532419204712e-01,2.725403904914855957e-01,8.912282995879650116e-03,-1.919582672417163849e-02,9.983436763286590576e-02,9.886423498392105103e-02,-8.203157782554626465e-02,-3.463876247406005859e-02,7.401211559772491455e-02,6.053482368588447571e-02,-1.259487122297286987e-02,4.787750914692878723e-02,7.411310076713562012e-02,1.105281338095664978e-02,4.556177183985710144e-02,-4.180296882987022400e-02,-2.759853899478912354e-01,-2.184731960296630859e-01,-1.844787448644638062e-01,-2.714780271053314209e-01,-4.106966778635978699e-02,-1.086684688925743103e-01,-3.333032429218292236e-01,-2.284431904554367065e-01,-2.589735686779022217e-01,-2.177169322967529297e-01,-1.169978156685829163e-01,-1.970250308513641357e-01,7.812336832284927368e-02,3.810985013842582703e-02,-1.127854436635971069e-01,5.832413583993911743e-02,-3.459650278091430664e-02,1.518759578466415405e-01,-8.284654468297958374e-02,1.050492003560066223e-01,1.212452817708253860e-02,1.629807502031326294e-01,4.720963537693023682e-02,7.925764471292495728e-02,1.671882569789886475e-01,2.048563510179519653e-01,-5.987941473722457886e-02,9.844630211591720581e-02,1.177510172128677368e-01,3.087077736854553223e-01,-1.000985801219940186e-01,-1.968055777251720428e-02,1.989219039678573608e-01,3.680972382426261902e-02,1.325900852680206299e-01,2.665346264839172363e-01,-2.414572611451148987e-02,7.190593332052230835e-02,-5.146849527955055237e-02,4.510093107819557190e-02,9.527691453695297241e-02,3.081550300121307373e-01,-9.212125092744827271e-02,-6.115504354238510132e-02,2.058009058237075806e-01,3.885611295700073242e-01,-7.992248982191085815e-02,6.206035614013671875e-02,-5.805909633636474609e-02,-2.883565723896026611e-01,3.304470703005790710e-02,-6.680768728256225586e-02,1.609874814748764038e-01,1.595716923475265503e-02,-1.230652164667844772e-02,-8.522386103868484497e-02,1.855003833770751953e-01,-1.880976706743240356e-01,1.070618256926536560e-01,-2.029170244932174683e-01,1.583791822195053101e-01,1.860454380512237549e-01,1.669581830501556396e-01,2.582308351993560791e-01,-2.565738512203097343e-03,-1.046334579586982727e-01,1.540287286043167114e-01,1.183355376124382019e-01,-2.815902791917324066e-02,-2.332480400800704956e-01,-2.250598371028900146e-01,-1.092309281229972839e-01,2.878389507532119751e-02,9.032166749238967896e-02
2.546838819980621338e-01,1.061784029006958008e-01,7.080887258052825928e-02,2.714330144226551056e-02,-2.338500693440437317e-02,-2.777039706707000732e-01,5.091113597154617310e-02,-2.760493382811546326e-02,7.506832480430603027e-02,-1.799777746200561523e-01,0.000000000000000000e+00,4.348913729190826416e-01,4.927482903003692627e-01,3.430871367454528809e-01,-6.153422594070434570e-02,-1.370724141597747803e-01,2.080901563167572021e-01,-5.977372825145721436e-02,1.075819805264472961e-01,1.973359286785125732e-01,-1.590423732995986938e-01,-2.212056517601013184e-01,-1.137467939406633377e-02,-8.146376162767410278e-02,-9.028269350528717041e-02,-2.794523239135742188e-01,-2.381497770547866821e-01,-2.987067215144634247e-02,2.389309555292129517e-01,-1.588141620159149170e-01,7.099902629852294922e-02,7.945648580789566040e-02,2.053067982196807861e-01,7.419133093208074570e-03,-2.143111377954483032e-01,-4.660015180706977844e-02,-6.203964725136756897e-02,-9.611748903989791870e-02,-1.618817001581192017e-01,-9.074158035218715668e-03,-1.366007477045059204e-01,-2.558949887752532959e-01,-2.327827736735343933e-03,1.017709970474243164e-01,-8.574109524488449097e-02,1.024226844310760498e-02,-7.487244158983230591e-02,-5.603418871760368347e-02,-3.775125602260231972e-03,1.846883893013000488e-01,4.145970195531845093e-02,1.620771288871765137e-01,-2.467812448740005493e-01,1.007797196507453918e-01,-7.148575782775878906e-02,-1.532791703939437866e-01,2.880102396011352539e-01,1.341620385646820068e-01,1.784569174051284790e-01,3.037363477051258087e-02,4.353403151035308838e-01,1.541347503662109375e-01,3.765470385551452637e-01,2.400448620319366455e-01,-1.004856452345848083e-01,-8.721756935119628906e-02,-1.610281616449356079e-01,-1.848560869693756104e-01,3.276193514466285706e-02,-6.726716458797454834e-02,-3.280254546552896500e-03,-1.297605186700820923e-01,2.266107499599456787e-01,2.115449011325836182e-01,-1.279902160167694092e-01,4.280854761600494385e-02,2.821444161236286163e-02,7.390387356281280518e-02,-1.399543434381484985e-01,-2.714381925761699677e-02,3.726473823189735413e-02,-1.666663438081741333e-01,-2.839300036430358887e-01,-1.111713349819183350e-01,-8.971621096134185791e-02,2.946229651570320129e-02,-2.766755223274230957e-01,-7.023393362760543823e-02,-1.860560923814773560e-01,1.932623051106929779e-02,-1.104580834507942200e-01,-1.987155899405479431e-02,-1.637374311685562134e-01,-8.152260631322860718e-02,-3.454222157597541809e-02,-1.059910953044891357e-01,-2.048577517271041870e-01,-2.021950185298919678e-01,-1.309825927019119263e-01,5.250710621476173401e-02,-7.210639119148254395e-02,1.079301908612251282e-01,-1.851744204759597778e-01,-1.713940948247909546e-01,-2.875634431838989258e-01,-2.419458329677581787e-01,-1.476522721350193024e-02,-5.337790772318840027e-02,-1.367707550525665283e-01,-2.128066681325435638e-02,-1.209308952093124390e-02,-1.342682093381881714e-01,-9.395075961947441101e-03,-1.857313513755798340e-01,-2.182233631610870361e-01,7.192670553922653198e-02
-7.308370620012283325e-02,7.988533377647399902e-02,1.712522283196449280e-02,1.472701877355575562e-01,-2.921554259955883026e-03,-3.107394278049468994e-01,-1.716986298561096191e-01,1.467376500368118286e-01,6.821302324533462524e-02,-4.177635535597801208e-02,4.348913729190826416e-01,0.000000000000000000e+00,1.890588551759719849e-01,5.651582479476928711e-01,-3.629455342888832092e-02,-1.707873046398162842e-01,3.278826773166656494e-01,3.195454925298690796e-02,-6.538821011781692505e-02,1.441721022129058838e-01,-1.019043922424316406e-01,-2.344982475042343140e-01,8.196623623371124268e-02,-2.614470943808555603e-02,2.166367508471012115e-02,-2.516962289810180664e-01,-3.139339387416839600e-01,2.066137492656707764e-01,2.260900735855102539e-01,-1.096148639917373657e-01,1.907426863908767700e-01,2.436945885419845581e-01,3.583179414272308350e-01,1.548605710268020630e-01,-1.082481369376182556e-01,-3.280847519636154175e-02,1.317726224660873413e-01,8.219479769468307495e-02,-1.327361315488815308e-01,1.249352097511291504e-01,-2.901622354984283447e-01,-2.638950943946838379e-01,1.448914408683776855e-01,2.755210697650909424e-01,1.924279183149337769e-01,1.650632172822952271e-01,1.299797147512435913e-01,-2.053515800071181729e-06,9.821102768182754517e-02,3.098048865795135498e-01,1.741531491279602051e-01,1.825959384441375732e-01,-1.959235966205596924e-01,1.542088985443115234e-01,1.360583771020174026e-02,-3.135569095611572266e-01,1.517817527055740356e-01,2.700055390596389771e-02,-3.046573512256145477e-02,-1.764716021716594696e-02,1.988173723220825195e-01,1.975101232528686523e-01,3.786928653717041016e-01,2.262737005949020386e-01,-8.279871940612792969e-02,-4.451068490743637085e-02,-5.059567093849182129e-02,4.818814620375633240e-02,-1.873251982033252716e-02,-1.677779108285903931e-01,-7.755185943096876144e-03,-2.099784836173057556e-02,7.299960404634475708e-02,7.456707954406738281e-02,-1.336578000336885452e-02,1.031527575105428696e-02,-1.674932427704334259e-02,1.666937917470932007e-01,8.654893375933170319e-03,1.510620266199111938e-01,1.778098344802856445e-01,1.314015500247478485e-02,-2.959372699260711670e-01,-2.258466035127639771e-01,2.308691106736660004e-02,1.573571711778640747e-01,-3.733052313327789307e-01,-1.132767125964164734e-01,-3.389977812767028809e-01,-1.508616209030151367e-01,-1.681437157094478607e-02,-1.365780085325241089e-01,-7.202146947383880615e-02,-2.583538889884948730e-01,4.194915294647216797e-02,-1.476215571165084839e-01,-2.488036453723907471e-01,-3.813862800598144531e-01,-1.215401589870452881e-01,-1.157917231321334839e-01,-1.054827272891998291e-01,1.836339533329010010e-01,-2.778926193714141846e-01,-3.314452767372131348e-01,-2.802745997905731201e-01,-2.020493894815444946e-01,6.516132503747940063e-02,-4.369612410664558411e-02,-1.920126974582672119e-01,-1.937311440706253052e-01,-1.413544565439224243e-01,-3.026248216629028320e-01,-6.442484259605407715e-02,-2.726707458496093750e-01,-2.833617329597473145e-01,9.119226783514022827e-02
1.324524134397506714e-01,-3.051844537258148193e-01,3.456486761569976807e-01,-1.904965005815029144e-02,1.572802215814590454e-01,-1.645834296941757202e-01,4.500567317008972168e-01,8.054976165294647217e-02,1.644518673419952393e-01,-1.574648469686508179e-01,4.927482903003692627e-01,1.890588551759719849e-01,0.000000000000000000e+00,4.162615835666656494e-01,1.909973174333572388e-01,5.865542218089103699e-02,-1.668702065944671631e-02,-3.097152113914489746e-01,3.249856829643249512e-01,1.051146304234862328e-03,-3.556683287024497986e-02,-1.530633270740509033e-01,3.242849707603454590e-01,1.263287961483001709e-01,5.402214452624320984e-02,-1.043144315481185913e-01,-1.835522800683975220e-01,-7.884648442268371582e-02,-2.506156638264656067e-02,-8.984684944152832031e-02,2.169439643621444702e-01,1.747623831033706665e-01,5.824502930045127869e-02,4.210357740521430969e-02,-1.579880528151988983e-02,-1.542993336915969849e-01,-2.831572480499744415e-02,-2.572609297931194305e-02,-6.773552298545837402e-02,-7.879168726503849030e-03,-8.389982581138610840e-02,-9.101783484220504761e-02,1.067216992378234863e-01,1.599496901035308838e-01,1.266931146383285522e-01,1.611024141311645508e-01,-3.884122520685195923e-02,-6.413559615612030029e-02,7.307334989309310913e-02,9.383670240640640259e-02,-5.546190217137336731e-02,-2.869004942476749420e-02,-9.209604561328887939e-02,1.192883937619626522e-03,-8.551215380430221558e-02,-6.898054480552673340e-02,-1.061903610825538635e-01,-2.570440471172332764e-01,-1.551820188760757446e-01,-8.358864486217498779e-02,1.703966557979583740e-01,2.034588158130645752e-01,-5.307173728942871094e-02,-1.617434471845626831e-01,2.471426576375961304e-01,7.552857697010040283e-02,-1.470534652471542358e-01,-1.865000426769256592e-01,-2.051097005605697632e-01,-2.074344009160995483e-01,-9.846584871411323547e-03,-1.207787636667490005e-02,6.990754604339599609e-02,4.203666374087333679e-02,-2.056079655885696411e-01,-2.852386981248855591e-02,-1.341681741178035736e-02,-1.090549975633621216e-01,-8.048536628484725952e-02,6.306486576795578003e-02,1.151524260640144348e-01,7.816807180643081665e-02,-1.153863593935966492e-01,-1.007308345288038254e-02,2.947409749031066895e-01,-3.471362963318824768e-02,-1.720448285341262817e-01,6.236531212925910950e-02,-1.288501024246215820e-01,-1.860713362693786621e-01,5.115896835923194885e-02,1.263560801744461060e-01,6.150284316390752792e-03,1.278633177280426025e-01,-2.469570003449916840e-02,-8.698164671659469604e-02,-9.851436316967010498e-02,-1.287703961133956909e-01,-1.537365019321441650e-01,-1.525447820313274860e-03,-2.549368143081665039e-01,1.221632286906242371e-01,-6.992414593696594238e-02,-2.729988098144531250e-02,-1.021056324243545532e-01,-6.624669581651687622e-02,1.126457005739212036e-01,-6.507144123315811157e-02,-2.470351383090019226e-02,-1.880826503038406372e-01,-2.494918406009674072e-01,-1.947915852069854736e-01,3.388328850269317627e-02,-1.482624933123588562e-02,-1.182872205972671509e-01,4.831741005182266235e-02
