0.000000000000000000e+00,5.440095663070678711e-01,4.463618993759155273e-02,1.587600409984588623e-01,-1.690139323472976685e-01,-1.134921163320541382e-01,2.287240773439407349e-01,3.654180765151977539e-01,-1.253510117530822754e-01,-1.784680187702178955e-01,3.755457103252410889e-01,5.563986897468566895e-01,2.866137921810150146e-01,3.508623540401458740e-01,6.089556962251663208e-02,-2.008523792028427124e-01,4.918520450592041016e-01,4.057601392269134521e-01,6.836596727371215820e-01,6.839456558227539062e-01,-2.873206436634063721e-01,-1.628361642360687256e-01,5.235484801232814789e-03,1.612895876169204712e-01,-1.132097095251083374e-01,-1.826864667236804962e-02,-1.649491637945175171e-01,-2.321845740079879761e-01,4.336527884006500244e-01,2.897446453571319580e-01,2.180758565664291382e-01,2.028982937335968018e-01,5.460714101791381836e-01,5.391253829002380371e-01,-1.517813950777053833e-01,-8.779084682464599609e-02,-2.832359075546264648e-01,-2.579969167709350586e-01,-1.760077029466629028e-01,-2.564717531204223633e-01,-1.607426851987838745e-01,-9.120890498161315918e-02,-2.767964899539947510e-01,-1.135971695184707642e-01,-3.065752089023590088e-01,-2.195743620395660400e-01,-4.707084894180297852e-01,-4.494596719741821289e-01,-2.598350942134857178e-01,-2.485930323600769043e-01,-1.745817512273788452e-01,-1.613173335790634155e-01,-4.468989670276641846e-01,-3.446463942527770996e-01,-4.809176623821258545e-01,-3.857037127017974854e-01,6.516211628913879395e-01,4.651984870433807373e-01,1.817962676286697388e-01,2.238447815179824829e-01,3.590746223926544189e-01,3.586436808109283447e-01,4.666620194911956787e-01,4.191174805164337158e-01,5.003267526626586914e-02,6.214358657598495483e-02,7.182773202657699585e-03,2.191903768107295036e-03,5.251804590225219727e-01,3.691732585430145264e-01,3.283488154411315918e-01,-5.387745797634124756e-03,4.310910403728485107e-01,4.659827649593353271e-01,1.823421865701675415e-01,5.024510622024536133e-02,2.534965574741363525e-01,1.893884539604187012e-01,1.926251500844955444e-01,2.999955713748931885e-01,3.242864012718200684e-01,3.493502438068389893e-01,-5.787886306643486023e-02,-1.837012469768524170e-01,9.902939945459365845e-02,-6.058894470334053040e-02,1.263301819562911987e-02,-1.586460471153259277e-01,5.310506094247102737e-03,-3.174785673618316650e-01,-3.490512371063232422e-01,-3.921844065189361572e-01,-2.886121571063995361e-01,-3.122258782386779785e-01,-1.413637250661849976e-01,-2.062074244022369385e-01,1.105418726801872253e-01,-1.830396056175231934e-02,-2.760908901691436768e-01,-3.221023678779602051e-01,-1.354223936796188354e-01,-2.382767498493194580e-01,-9.197998442687094212e-04,-2.969895899295806885e-01,-4.315150529146194458e-02,-2.229464799165725708e-01,-1.690419763326644897e-01,7.507802546024322510e-02,2.279058545827865601e-01,-1.186880245804786682e-01,-2.475906610488891602e-01,-3.801935017108917236e-01,-1.682036966085433960e-01,-8.918388187885284424e-02,8.941479027271270752e-02,-1.190433129668235779e-01
5.440095663070678711e-01,0.000000000000000000e+00,2.909883670508861542e-02,2.465684115886688232e-01,-9.393299371004104614e-02,-8.463944494724273682e-02,-9.058639989234507084e-04,2.704681754112243652e-01,-1.183222979307174683e-01,-1.374202817678451538e-01,1.192023828625679016e-01,4.447495937347412109e-01,-2.791195921599864960e-02,5.962065234780311584e-02,-2.099063396453857422e-01,-2.651122808456420898e-01,5.201942324638366699e-01,4.033985733985900879e-01,5.427206158638000488e-01,6.684516668319702148e-01,-3.348289430141448975e-01,-1.923433393239974976e-01,-1.046894937753677368e-01,1.725707054138183594e-01,-8.134476095438003540e-02,1.198176387697458267e-02,-1.390727609395980835e-01,-1.858218610286712646e-01,4.197129011154174805e-01,1.323916912078857422e-01,3.888905420899391174e-02,4.611578211188316345e-02,4.299484789371490479e-01,4.747298061847686768e-01,-1.229147538542747498e-01,-3.018878400325775146e-02,-3.775953352451324463e-01,-3.095532059669494629e-01,-2.641706764698028564e-01,-3.523873686790466309e-01,-1.735181659460067749e-01,-9.808393567800521851e-02,-2.230989336967468262e-01,-1.414074376225471497e-02,-1.838195174932479858e-01,4.764785245060920715e-02,-3.641720116138458252e-01,-2.958997189998626709e-01,-4.748237878084182739e-02,3.175822645425796509e-02,-9.107789397239685059e-02,4.836579784750938416e-02,-2.816137373447418213e-01,-4.345994442701339722e-02,-4.278448224067687988e-01,-2.417234182357788086e-01,6.015972495079040527e-01,7.298220396041870117e-01,2.093905508518218994e-01,2.858062982559204102e-01,1.372591406106948853e-01,3.118029236793518066e-01,3.534825146198272705e-01,3.509227335453033447e-01,-1.358701586723327637e-01,2.723626978695392609e-02,-1.198189258575439453e-01,-1.430019829422235489e-02,5.292493700981140137e-01,5.262807607650756836e-01,1.733342409133911133e-01,1.390348970890045166e-01,3.193839490413665771e-01,4.378935098648071289e-01,1.706767380237579346e-01,1.505908817052841187e-01,8.382038027048110962e-02,1.162615790963172913e-01,-2.145932987332344055e-02,3.278712332248687744e-01,1.367524713277816772e-01,3.215241432189941406e-01,-2.191179692745208740e-01,-1.382056176662445068e-01,-1.325591951608657837e-01,1.993873342871665955e-02,4.305461421608924866e-02,-1.313041001558303833e-01,-9.242165833711624146e-02,-1.772353202104568481e-01,-1.619620025157928467e-01,-2.640870809555053711e-01,-3.571177646517753601e-02,-1.333227753639221191e-01,-3.492161333560943604e-01,-2.058644443750381470e-01,-1.171981915831565857e-03,-1.692327484488487244e-02,-1.660032868385314941e-01,-2.890642285346984863e-01,-1.386188119649887085e-01,-2.506142668426036835e-02,-1.638191789388656616e-01,-2.533079683780670166e-01,-1.397500932216644287e-01,-1.748381853103637695e-01,-2.796421051025390625e-01,2.744493260979652405e-02,3.130041062831878662e-01,-3.208922594785690308e-02,-1.448267549276351929e-01,-1.937056034803390503e-01,-2.205694019794464111e-01,-1.998331844806671143e-01,-1.395512092858552933e-02,-1.670056432485580444e-01
4.463618993759155273e-02,2.909883670508861542e-02,0.000000000000000000e+00,1.993138045072555542e-01,4.152695536613464355e-01,1.286053955554962158e-01,4.262454509735107422e-01,-2.466748505830764771e-01,3.388065397739410400e-01,2.264914214611053467e-01,1.688925772905349731e-01,-2.138860076665878296e-01,9.261684864759445190e-02,-2.564201951026916504e-01,2.436779141426086426e-01,8.490416407585144043e-02,2.758664824068546295e-02,3.310261294245719910e-02,4.791365563869476318e-02,-3.434144333004951477e-02,3.161374852061271667e-02,6.628648191690444946e-02,6.982946395874023438e-01,6.005479097366333008e-01,5.116017460823059082e-01,3.329432606697082520e-01,2.571271061897277832e-01,2.169501185417175293e-01,8.407007902860641479e-02,-1.930899322032928467e-01,3.897857367992401123e-01,4.604158997535705566e-01,3.462676107883453369e-01,2.261538058519363403e-01,5.866939425468444824e-01,4.412504136562347412e-01,-3.249970613978803158e-04,1.181606482714414597e-02,2.551006712019443512e-02,4.988117143511772156e-02,-2.512767314910888672e-01,2.805393375456333160e-02,-1.127700358629226685e-01,-5.574175342917442322e-02,2.768447995185852051e-02,-1.172086372971534729e-01,-2.850819826126098633e-01,-3.135084211826324463e-01,-2.800644934177398682e-01,-2.420198619365692139e-01,-3.340994715690612793e-01,-4.264502823352813721e-01,-2.767918407917022705e-01,-1.240483969449996948e-01,-2.850999832153320312e-01,-3.488579392433166504e-01,8.879669010639190674e-02,2.925750054419040680e-02,-2.270833104848861694e-01,-3.649151027202606201e-01,1.489744186401367188e-01,8.447075262665748596e-03,2.266192063689231873e-02,-3.155482709407806396e-01,6.160754561424255371e-01,3.345689773559570312e-01,4.779022336006164551e-01,2.009769380092620850e-01,-1.080049648880958557e-01,9.239806234836578369e-02,-8.375401794910430908e-02,1.734084039926528931e-01,8.324135094881057739e-02,8.003892749547958374e-02,-2.610427737236022949e-01,-1.424006521701812744e-01,1.195008233189582825e-01,6.986141949892044067e-02,-3.723423928022384644e-02,2.491617649793624878e-01,9.164587594568729401e-03,1.693459898233413696e-01,-1.569750308990478516e-01,-3.449913486838340759e-02,2.638852298259735107e-01,2.777510695159435272e-02,6.625229120254516602e-02,-6.619247142225503922e-03,2.651781961321830750e-02,6.777261197566986084e-02,-1.256763041019439697e-01,6.545323133468627930e-02,-1.030638739466667175e-01,1.243912056088447571e-01,-2.367467433214187622e-01,-2.264358401298522949e-01,-2.365756183862686157e-01,-7.519567757844924927e-02,-4.031960368156433105e-01,-3.568559885025024414e-01,-3.896811902523040771e-01,1.081978753209114075e-01,-3.850676417350769043e-01,-2.874632775783538818e-01,-3.579523861408233643e-01,-1.623560488224029541e-01,-2.045782059431076050e-01,-2.167420983314514160e-01,1.138813197612762451e-01,6.551516242325305939e-03,-1.952571421861648560e-01,-3.104806840419769287e-01,-3.574719130992889404e-01,-3.042647242546081543e-01,-2.422576211392879486e-02,-1.625529080629348755e-01
1.587600409984588623e-01,2.465684115886688232e-01,1.993138045072555542e-01,0.000000000000000000e+00,-1.199629083275794983e-01,3.001171164214611053e-03,4.112325310707092285e-01,4.400179684162139893e-01,-1.476902961730957031e-01,4.184340685606002808e-02,3.223271369934082031e-01,2.542970776557922363e-01,2.238065898418426514e-01,1.014638245105743408e-01,-3.755819424986839294e-02,1.112637966871261597e-01,1.096275821328163147e-02,-1.286797374486923218e-01,3.048206865787506104e-01,2.536473572254180908e-01,-3.296250104904174805e-01,-1.682873666286468506e-01,3.035203516483306885e-01,4.872469007968902588e-01,-1.458741873502731323e-01,-1.220702901482582092e-01,-2.640900909900665283e-01,-1.980269253253936768e-01,-6.917116791009902954e-02,-2.364230751991271973e-01,-5.458414927124977112e-02,1.596761196851730347e-01,2.855905592441558838e-01,2.897243499755859375e-01,1.872059702873229980e-01,1.443126201629638672e-01,-3.547096252441406250e-01,-1.765609979629516602e-01,-1.698968559503555298e-01,-3.491581082344055176e-01,-3.503225445747375488e-01,-2.355539053678512573e-01,-2.536147832870483398e-01,-1.322147846221923828e-01,-3.582159802317619324e-02,-5.562279000878334045e-02,-3.224247097969055176e-01,-3.780435919761657715e-01,-8.063144236803054810e-02,-3.111031837761402130e-02,-1.341084986925125122e-01,-9.176471829414367676e-02,-2.131564468145370483e-01,-8.051656186580657959e-02,-3.127211332321166992e-01,-3.230973780155181885e-01,1.102235764265060425e-01,1.802003532648086548e-01,4.007996618747711182e-02,2.253354899585247040e-02,2.220124006271362305e-01,4.884947836399078369e-01,1.638978533446788788e-02,6.819982826709747314e-02,1.537392437458038330e-01,4.408168792724609375e-01,1.330934911966323853e-01,1.461499333381652832e-01,1.397031843662261963e-01,2.985238730907440186e-01,1.367861628532409668e-01,-4.830446094274520874e-02,-3.886564821004867554e-02,1.708799898624420166e-01,9.383715689182281494e-02,1.305676996707916260e-01,1.548856049776077271e-01,1.624118685722351074e-01,-1.100417971611022949e-01,-1.258270442485809326e-01,-1.044502556324005127e-01,3.886747360229492188e-02,-3.535970151424407959e-01,-3.043693304061889648e-01,1.550448499619960785e-02,4.332667589187622070e-02,2.849536389112472534e-02,-1.704579293727874756e-01,1.112970933318138123e-01,-1.656410284340381622e-02,1.122138947248458862e-01,3.952580317854881287e-02,8.052334934473037720e-02,7.128187268972396851e-02,-3.127393722534179688e-01,-2.299211472272872925e-01,-3.582806512713432312e-02,-1.495736688375473022e-01,-5.783266574144363403e-02,-1.366441845893859863e-01,-5.498651787638664246e-02,1.186284348368644714e-01,-2.439980357885360718e-01,-3.843233287334442139e-01,-1.562758237123489380e-01,-2.139756083488464355e-01,-9.437475353479385376e-02,-2.371571771800518036e-02,2.115830779075622559e-01,4.024055786430835724e-03,-8.038638532161712646e-02,-1.594032645225524902e-01,-2.503775358200073242e-01,-2.385694086551666260e-01,4.831580072641372681e-02,-1.608689129352569580e-01
-1.690139323472976685e-01,-9.393299371004104614e-02,4.152695536613464355e-01,-1.199629083275794983e-01,0.000000000000000000e+00,5.131134390830993652e-01,-2.575366944074630737e-02,-2.901981770992279053e-01,6.145476698875427246e-01,4.010638594627380371e-01,-1.050679087638854980e-01,-2.597144246101379395e-01,-1.801543384790420532e-01,-2.560517787933349609e-01,3.000755608081817627e-01,7.385542988777160645e-02,-3.793924301862716675e-02,9.927581250667572021e-02,-2.498411685228347778e-01,-2.241970300674438477e-01,2.494123727083206177e-01,1.535650342702865601e-01,2.286786586046218872e-01,1.860090047121047974e-01,7.030854821205139160e-01,6.198518872261047363e-01,5.675498843193054199e-01,4.765856862068176270e-01,4.489919543266296387e-02,3.193271905183792114e-02,3.536555171012878418e-01,4.136467278003692627e-01,-6.046933680772781372e-02,-8.210193365812301636e-02,1.881487220525741577e-01,1.999145895242691040e-01,1.665347963571548462e-01,6.888311356306076050e-02,9.862890839576721191e-02,3.212836086750030518e-01,1.241259574890136719e-01,1.610430479049682617e-01,1.172792911529541016e-01,1.373816281557083130e-03,1.044946312904357910e-01,-3.356499969959259033e-02,1.913514733314514160e-02,-2.332771196961402893e-02,-1.287967562675476074e-01,-1.146875470876693726e-01,-1.697125136852264404e-01,-2.756162881851196289e-01,-5.200918018817901611e-02,-1.013873517513275146e-01,-6.437006592750549316e-02,-1.335521787405014038e-01,-1.375484913587570190e-01,-8.086355030536651611e-02,-3.490871191024780273e-01,-3.176995515823364258e-01,-5.108385905623435974e-02,-1.752966791391372681e-01,-1.054106205701828003e-01,-2.294776439666748047e-01,2.878615856170654297e-01,1.083585545420646667e-01,1.867284327745437622e-01,7.201028615236282349e-02,-2.541389167308807373e-01,-1.217131763696670532e-01,-9.999838471412658691e-02,1.019143164157867432e-01,4.113180190324783325e-02,-1.042205318808555603e-01,-3.824844658374786377e-01,-4.107725024223327637e-01,-1.860853284597396851e-01,-4.443996399641036987e-02,9.731490910053253174e-02,3.257388770580291748e-01,7.329865545034408569e-02,1.014245823025703430e-01,5.372787266969680786e-02,1.040998846292495728e-01,2.412106841802597046e-01,-1.191303890664130449e-04,-1.707200855016708374e-01,-1.132796630263328552e-01,-1.388300210237503052e-01,6.353723257780075073e-02,-1.397756934165954590e-01,-1.081847399473190308e-01,-9.387239813804626465e-03,-8.691594004631042480e-02,9.744587540626525879e-02,-1.329214274883270264e-01,-5.417977273464202881e-02,2.851402200758457184e-02,-2.115303575992584229e-01,-2.299833148717880249e-01,-1.150447204709053040e-01,-9.578833729028701782e-02,-1.201288178563117981e-01,-2.535168640315532684e-02,-3.081018328666687012e-01,-1.158196479082107544e-01,6.108325906097888947e-03,4.248411208391189575e-02,-8.050285279750823975e-02,-1.971938274800777435e-02,-1.443857550621032715e-01,-1.689734160900115967e-01,-1.255646999925374985e-02,-9.778473526239395142e-02,-1.968242377042770386e-01,4.517721757292747498e-02
-1.134921163320541382e-01,-8.463944494724273682e-02,1.286053955554962158e-01,3.001171164214611053e-03,5.131134390830993652e-01,0.000000000000000000e+00,-7.853230834007263184e-02,-8.558597415685653687e-02,5.351160764694213867e-01,4.914045333862304688e-01,4.861643537878990173e-02,-1.809753924608230591e-01,-1.165238395333290100e-02,-1.573125422000885010e-01,4.668579399585723877e-01,1.552855521440505981e-01,-1.323398947715759277e-01,7.922727614641189575e-02,-2.289052307605743408e-01,-1.818073391914367676e-01,1.857447773218154907e-01,5.767915863543748856e-03,2.494733035564422607e-02,1.853789016604423523e-02,5.605965256690979004e-01,6.006214618682861328e-01,3.950816392898559570e-01,5.138509869575500488e-01,-1.421283483505249023e-01,7.820547372102737427e-02,3.270042836666107178e-01,3.479749560356140137e-01,-1.500334888696670532e-01,-1.207164674997329712e-01,1.142607927322387695e-01,1.073628887534141541e-01,1.853342205286026001e-01,2.155724763870239258e-01,1.749361753463745117e-01,2.576172053813934326e-01,1.438775062561035156e-01,5.339471623301506042e-02,3.399742394685745239e-02,3.764864057302474976e-02,3.940891474485397339e-02,-3.316102782264351845e-03,7.177563756704330444e-02,-2.828529849648475647e-02,-1.226463913917541504e-01,-1.367019116878509521e-01,-2.039749771356582642e-01,-3.403892815113067627e-01,-7.158326357603073120e-02,-3.529237806797027588e-01,-1.152105182409286499e-01,-2.823971807956695557e-01,-2.552105113863945007e-02,-5.898260325193405151e-02,-3.176702558994293213e-01,-2.509453892707824707e-01,1.962338387966156006e-02,-5.207968130707740784e-02,-1.629913449287414551e-01,-1.584672033786773682e-01,2.022550851106643677e-01,1.799077838659286499e-01,1.245815083384513855e-01,1.156574338674545288e-01,-1.830710470676422119e-01,-1.150898337364196777e-01,1.901004463434219360e-01,1.125818863511085510e-02,4.365701228380203247e-02,1.805273257195949554e-02,-2.486713826656341553e-01,-4.296448230743408203e-01,-6.565883010625839233e-02,1.088479440659284592e-02,2.751681804656982422e-01,1.742859035730361938e-01,1.871071606874465942e-01,1.716994307935237885e-02,6.148161739110946655e-02,4.205276444554328918e-02,2.399547398090362549e-01,-1.430303305387496948e-01,-1.866797953844070435e-01,-2.329880893230438232e-01,1.219056397676467896e-01,-2.358021885156631470e-01,-2.641797065734863281e-02,-3.092541396617889404e-01,1.220605671405792236e-01,-3.180906176567077637e-01,1.960251927375793457e-01,-7.514983415603637695e-02,1.207714974880218506e-01,7.407921552658081055e-02,-6.527093797922134399e-02,-5.676043406128883362e-02,9.208104014396667480e-02,-3.022503256797790527e-01,1.030132174491882324e-01,-8.736080676317214966e-02,2.216589264571666718e-02,-2.016163617372512817e-01,1.698552519083023071e-01,1.357067674398422241e-01,-1.843434721231460571e-01,1.027814000844955444e-01,-1.753163039684295654e-01,-1.133341118693351746e-01,1.592671871185302734e-01,-1.013584434986114502e-01,-6.004928424954414368e-02,2.014343999326229095e-02
2.287240773439407349e-01,-9.058639989234507084e-04,4.262454509735107422e-01,4.112325310707092285e-01,-2.575366944074630737e-02,-7.853230834007263184e-02,0.000000000000000000e+00,2.820578515529632568e-01,-1.747545301914215088e-01,2.940296754240989685e-02,4.601807296276092529e-01,1.190801262855529785e-01,5.557917952537536621e-01,2.021355032920837402e-01,4.727906361222267151e-02,1.583510041236877441e-01,-2.347573637962341309e-02,-1.564885973930358887e-01,1.979522109031677246e-01,8.354058861732482910e-02,-1.875201910734176636e-01,-1.440598666667938232e-01,5.059739351272583008e-01,3.688689172267913818e-01,-4.639276862144470215e-02,-9.813900291919708252e-02,-1.279247552156448364e-01,-1.007242500782012939e-01,7.541562616825103760e-02,-7.887170463800430298e-02,1.134074181318283081e-01,2.072687298059463501e-01,3.536931872367858887e-01,2.965459227561950684e-01,2.983892261981964111e-01,1.181514486670494080e-01,-1.114381775259971619e-01,-5.608170852065086365e-02,-5.092488974332809448e-02,-7.285139057785272598e-03,-3.005990386009216309e-01,-3.050340898334980011e-02,-8.940895646810531616e-02,-8.516830950975418091e-02,-1.408259719610214233e-01,-2.566874623298645020e-01,-3.003453016281127930e-01,-3.812187910079956055e-01,-2.834624350070953369e-01,-3.133923709392547607e-01,-1.848220229148864746e-01,-2.704845964908599854e-01,-3.425617814064025879e-01,-9.356357902288436890e-02,-3.138743340969085693e-01,-1.965889632701873779e-01,1.290531456470489502e-01,9.608880500309169292e-04,5.538672953844070435e-02,-2.082580327987670898e-01,4.875355958938598633e-01,4.096442461013793945e-01,1.492031514644622803e-01,-1.169450208544731140e-02,4.439108967781066895e-01,4.345541894435882568e-01,4.252917468547821045e-01,2.340020686388015747e-01,9.409684687852859497e-03,8.364515751600265503e-02,1.257328391075134277e-01,7.012840360403060913e-02,7.608269155025482178e-02,2.126325964927673340e-01,-1.351108253002166748e-01,5.073367804288864136e-02,2.362945973873138428e-01,1.043114662170410156e-01,-3.631576523184776306e-02,-4.263698123395442963e-03,-2.992214076220989227e-02,1.021219864487648010e-01,-1.503062844276428223e-01,-1.236906349658966064e-01,2.166878134012222290e-01,1.341776251792907715e-01,-1.514773368835449219e-01,-5.804832652211189270e-02,-2.759055793285369873e-02,1.537157148122787476e-01,-1.465637683868408203e-01,2.255459427833557129e-01,-2.206257879734039307e-01,2.103457897901535034e-01,-1.184876039624214172e-01,-2.568095922470092773e-01,-9.241068363189697266e-02,-1.361485123634338379e-01,-2.400766462087631226e-01,-2.102837115526199341e-01,-2.867504358291625977e-01,1.982966661453247070e-01,-3.025255799293518066e-01,-2.764481604099273682e-01,-2.694368958473205566e-01,-8.090572804212570190e-02,-1.945474594831466675e-01,-2.613117396831512451e-01,7.645875215530395508e-02,-1.495988667011260986e-01,-1.534081548452377319e-01,-3.142799139022827148e-01,-2.790301442146301270e-01,-1.883959621191024780e-01,9.206961840391159058e-02,-6.901329010725021362e-02
3.654180765151977539e-01,2.704681754112243652e-01,-2.466748505830764771e-01,4.400179684162139893e-01,-2.901981770992279053e-01,-8.558597415685653687e-02,2.820578515529632568e-01,0.000000000000000000e+00,-1.868500411510467529e-01,-2.363666594028472900e-01,2.559013366699218750e-01,6.668138504028320312e-01,2.341013699769973755e-01,4.881091713905334473e-01,-1.307365894317626953e-01,-8.914908766746520996e-02,9.037374705076217651e-02,7.407219707965850830e-02,3.482276201248168945e-01,3.819678425788879395e-01,-5.104297399520874023e-01,-4.757834672927856445e-01,-1.430552154779434204e-01,1.572809927165508270e-02,-3.757825791835784912e-01,-1.535503119230270386e-01,-4.398224353790283203e-01,-3.405776321887969971e-01,5.304710566997528076e-02,9.059042483568191528e-02,-2.370176017284393311e-01,-9.458984434604644775e-02,2.118811905384063721e-01,3.841021358966827393e-01,-2.873169183731079102e-01,-1.966586261987686157e-01,-4.906128346920013428e-01,-3.722301721572875977e-01,-3.592161238193511963e-01,-3.461080789566040039e-01,-3.034372031688690186e-01,-1.617930233478546143e-01,-9.649273008108139038e-03,1.030437275767326355e-01,-4.122418910264968872e-02,8.513065427541732788e-02,-1.297561824321746826e-01,-2.211907804012298584e-01,6.237252801656723022e-02,1.155781596899032593e-01,2.908022999763488770e-01,2.934676110744476318e-01,5.880079232156276703e-03,4.460038989782333374e-02,-1.727519482374191284e-01,-1.132194250822067261e-01,2.701853513717651367e-01,3.100283145904541016e-01,3.731301426887512207e-01,3.555555343627929688e-01,4.067125320434570312e-01,5.248131752014160156e-01,2.295361161231994629e-01,5.248317718505859375e-01,-1.877237111330032349e-01,1.612676233053207397e-01,-1.826675683259963989e-01,-3.236541897058486938e-02,2.689152061939239502e-01,3.118366599082946777e-01,3.050724864006042480e-01,-1.185326948761940002e-01,1.397668123245239258e-01,2.549213767051696777e-01,1.628742963075637817e-01,5.149290338158607483e-02,-4.718421399593353271e-02,-4.058649390935897827e-02,-3.398701921105384827e-02,-1.102263778448104858e-01,4.682706668972969055e-02,5.853751301765441895e-02,-2.641865015029907227e-01,-3.953690826892852783e-01,-3.131675720214843750e-02,4.505475610494613647e-02,-2.867432534694671631e-01,-4.158264398574829102e-01,1.264025568962097168e-01,-1.563769131898880005e-01,5.154854059219360352e-02,-1.165055260062217712e-01,6.156553700566291809e-02,-1.423265337944030762e-01,-1.080211400985717773e-01,-2.524182200431823730e-01,8.235870301723480225e-02,-9.271942824125289917e-02,6.607808917760848999e-02,-1.075510233640670776e-01,3.407719731330871582e-02,-9.266754239797592163e-02,-6.708610057830810547e-02,-3.739184737205505371e-01,-4.703141003847122192e-02,-2.539576292037963867e-01,-1.597452908754348755e-01,-2.015388011932373047e-01,1.566522866487503052e-01,-4.180447012186050415e-02,-1.261377893388271332e-02,-1.686096936464309692e-01,-2.448827624320983887e-01,-2.038009613752365112e-01,4.822210222482681274e-02,2.728062216192483902e-03
-1.253510117530822754e-01,-1.183222979307174683e-01,3.388065397739410400e-01,-1.476902961730957031e-01,6.145476698875427246e-01,5.351160764694213867e-01,-1.747545301914215088e-01,-1.868500411510467529e-01,0.000000000000000000e+00,3.662694692611694336e-01,-2.454377561807632446e-01,-1.994904577732086182e-01,-2.918979823589324951e-01,-3.099571168422698975e-01,3.887536525726318359e-01,-6.424661725759506226e-02,-1.427228152751922607e-01,7.357165962457656860e-02,-2.907875180244445801e-01,-1.837872862815856934e-01,1.319043934345245361e-01,-1.214953232556581497e-02,8.020584285259246826e-02,1.778347939252853394e-01,6.710188984870910645e-01,6.831738948822021484e-01,3.813462853431701660e-01,4.276309907436370850e-01,-1.089675202965736389e-01,-1.085376217961311340e-01,2.803252637386322021e-01,4.190696179866790771e-01,-5.347106233239173889e-02,-3.218042850494384766e-02,2.361757159233093262e-01,2.773624956607818604e-01,9.614882059395313263e-03,-9.118761867284774780e-03,5.888664349913597107e-02,1.294362545013427734e-01,7.674094289541244507e-02,-4.122558236122131348e-02,-1.017350703477859497e-02,-5.237651988863945007e-03,1.961627751588821411e-01,1.307869553565979004e-01,1.539410743862390518e-02,-1.503804326057434082e-02,-3.497916506603360176e-03,2.420088043436408043e-03,-3.252671286463737488e-02,-1.653928458690643311e-01,3.779521957039833069e-02,-1.334956735372543335e-01,-1.740003190934658051e-02,-2.482855319976806641e-01,-6.988454610109329224e-02,-7.954795658588409424e-02,-1.357237100601196289e-01,-1.731289774179458618e-01,8.971636742353439331e-02,-1.749972552061080933e-01,-2.203897684812545776e-01,-2.591884732246398926e-01,2.920456230640411377e-01,7.604651898145675659e-02,2.046799212694168091e-01,1.359271854162216187e-01,-1.960461884737014771e-01,3.877524286508560181e-02,-6.937573850154876709e-02,3.676396235823631287e-02,2.745841443538665771e-02,-1.383609026670455933e-01,-2.579349577426910400e-01,-4.314881563186645508e-01,-1.377744972705841064e-01,-9.200429171323776245e-02,9.490644559264183044e-03,1.641955077648162842e-01,2.945829555392265320e-02,-2.536877617239952087e-02,-1.613470017910003662e-01,-8.525317907333374023e-02,1.848454624414443970e-01,-1.730556339025497437e-01,-2.610243558883666992e-01,-2.850227355957031250e-01,1.655318439006805420e-01,-2.004203349351882935e-01,1.209715381264686584e-02,-2.383079826831817627e-01,6.070137396454811096e-02,-2.450209558010101318e-01,3.046192601323127747e-02,-1.556923836469650269e-01,-6.869713962078094482e-02,1.421651244163513184e-02,-1.616156846284866333e-01,-1.520216912031173706e-01,-7.261623628437519073e-03,-1.992399841547012329e-01,1.945696584880352020e-02,-8.701648563146591187e-02,-1.514952182769775391e-01,-2.130565196275711060e-01,5.821790173649787903e-02,2.097966382279992104e-03,1.150814536958932877e-02,9.516408294439315796e-02,-7.822170853614807129e-02,-1.056224405765533447e-01,-8.920733630657196045e-02,-2.186871767044067383e-01,-1.786940991878509521e-01,-8.141410350799560547e-02
-1.784680187702178955e-01,-1.374202817678451538e-01,2.264914214611053467e-01,4.184340685606002808e-02,4.010638594627380371e-01,4.914045333862304688e-01,2.940296754240989685e-02,-2.363666594028472900e-01,3.662694692611694336e-01,0.000000000000000000e+00,5.020323395729064941e-02,-2.525822520256042480e-01,5.578621849417686462e-02,-1.070407107472419739e-01,3.921443223953247070e-01,2.987354099750518799e-01,-1.292399764060974121e-01,-1.241644695401191711e-01,-2.299582362174987793e-01,-2.438145279884338379e-01,1.262790113687515259e-01,2.080460935831069946e-01,1.776294112205505371e-01,1.373589038848876953e-01,4.266347289085388184e-01,3.536465167999267578e-01,4.171710312366485596e-01,4.534369409084320068e-01,-1.233202591538429260e-01,-1.073591485619544983e-01,2.337494045495986938e-01,3.640300333499908447e-01,-1.074571833014488220e-01,-1.322322338819503784e-01,2.565050125122070312e-01,2.139863371849060059e-01,1.340706199407577515e-01,8.533357828855514526e-02,1.730628162622451782e-01,2.539324760437011719e-01,1.045654639601707458e-01,-1.075606327503919601e-03,-1.018542796373367310e-03,-5.146938562393188477e-02,2.096692472696304321e-01,6.181745603680610657e-02,-8.708220720291137695e-02,-6.399918347597122192e-02,-1.067902892827987671e-02,-6.061639264225959778e-02,-2.874326109886169434e-01,-2.707231044769287109e-01,-2.751870751380920410e-01,-2.272141426801681519e-01,-4.174130409955978394e-02,-6.899388134479522705e-02,-1.811836510896682739e-01,-1.864091753959655762e-01,-2.409566491842269897e-01,-2.182966172695159912e-01,3.844749554991722107e-02,-1.147712115198373795e-02,-2.686260640621185303e-01,-3.163128495216369629e-01,2.625655829906463623e-01,1.985881775617599487e-01,2.439819872379302979e-01,1.160864904522895813e-01,-2.193475365638732910e-01,-3.380519151687622070e-02,6.850881129503250122e-02,1.008876264095306396e-01,-8.975224941968917847e-02,-7.317589968442916870e-02,-2.513417005538940430e-01,-6.478120386600494385e-02,7.997164875268936157e-02,1.132874488830566406e-01,1.392507087439298630e-02,6.684698909521102905e-02,-3.468249365687370300e-02,-6.640081852674484253e-02,-5.530548840761184692e-02,1.121843829751014709e-01,6.881395727396011353e-02,-7.053048908710479736e-02,-7.358708232641220093e-02,-6.724944710731506348e-02,-9.859048575162887573e-02,7.375763356685638428e-02,-2.203132361173629761e-01,-4.613002389669418335e-02,-1.396280676126480103e-01,-8.509598672389984131e-02,7.684612274169921875e-02,1.950083486735820770e-02,-7.817169534973800182e-04,-3.334521129727363586e-02,1.479839161038398743e-02,-6.976050883531570435e-02,3.588655963540077209e-02,-2.077153697609901428e-02,2.095529437065124512e-02,1.587775303050875664e-03,-1.700645983219146729e-01,-1.256188154220581055e-01,1.199677735567092896e-01,3.023246228694915771e-01,-2.408733032643795013e-02,1.336484123021364212e-02,-9.183185547590255737e-02,1.604186743497848511e-02,1.885067224502563477e-01,7.517052441835403442e-02,-1.818180233240127563e-01,-2.553204447031021118e-02
3.755457103252410889e-01,1.192023828625679016e-01,1.688925772905349731e-01,3.223271369934082031e-01,-1.050679087638854980e-01,4.861643537878990173e-02,4.601807296276092529e-01,2.559013366699218750e-01,-2.454377561807632446e-01,5.020323395729064941e-02,0.000000000000000000e+00,2.639414966106414795e-01,6.512294411659240723e-01,3.711091578006744385e-01,2.954125702381134033e-01,2.566851079463958740e-01,1.524294912815093994e-01,4.955703765153884888e-02,2.711036205291748047e-01,1.609827578067779541e-01,-1.293859779834747314e-01,-1.735341995954513550e-01,3.599507808685302734e-01,2.696514427661895752e-01,-1.629977375268936157e-01,-9.731011092662811279e-02,-7.149825990200042725e-02,-1.439028531312942505e-01,6.404261291027069092e-02,2.246328815817832947e-02,8.766254782676696777e-02,1.650558412075042725e-01,3.088402450084686279e-01,2.286536395549774170e-01,6.269791722297668457e-02,-8.223804831504821777e-02,-3.789139678701758385e-03,1.190499216318130493e-02,-3.673667833209037781e-02,-9.167123585939407349e-02,-1.208808422088623047e-01,2.137201465666294098e-02,-1.606160402297973633e-02,1.003569923341274261e-02,-1.217875033617019653e-01,-2.067258358001708984e-01,-2.886218130588531494e-01,-3.712161183357238770e-01,-2.064222991466522217e-01,-2.452881336212158203e-01,-2.339579612016677856e-01,-2.399421036243438721e-01,-4.026357233524322510e-01,-3.064776659011840820e-01,-3.094597160816192627e-01,-3.000365793704986572e-01,2.485941797494888306e-01,2.747838944196701050e-02,-2.885737083852291107e-02,-1.509260535240173340e-01,3.551973104476928711e-01,3.417907357215881348e-01,2.704077959060668945e-01,1.468706429004669189e-01,2.987286746501922607e-01,3.467599749565124512e-01,1.178708225488662720e-01,-1.854630000889301300e-02,7.653354108333587646e-02,4.260551929473876953e-02,3.072179257869720459e-01,-1.171960011124610901e-01,1.478242427110671997e-01,2.228776961565017700e-01,4.227819852530956268e-03,1.407644450664520264e-01,1.912387609481811523e-01,1.409105062484741211e-01,1.645403653383255005e-01,3.015517443418502808e-02,1.380257010459899902e-01,1.751603931188583374e-01,7.655588537454605103e-02,-1.245710477232933044e-01,2.878305315971374512e-01,2.080420590937137604e-02,7.435139268636703491e-02,-5.449346452951431274e-02,8.724278956651687622e-02,-1.074418649077415466e-01,-2.652063667774200439e-01,-6.399235874414443970e-02,-2.141524702310562134e-01,-1.859199106693267822e-01,6.391713768243789673e-02,-1.688970178365707397e-01,2.421775013208389282e-01,9.867579489946365356e-02,-1.782558485865592957e-02,-5.187524110078811646e-02,-4.281585291028022766e-02,-1.924469023942947388e-01,9.411370381712913513e-03,-3.094398081302642822e-01,-9.855120629072189331e-02,-3.091455101966857910e-01,1.269708573818206787e-01,5.197466537356376648e-02,9.982850402593612671e-02,-2.254955619573593140e-01,-1.293892413377761841e-01,-1.870947629213333130e-01,-4.848486930131912231e-02,2.312655560672283173e-03,5.641372501850128174e-02,-6.226453930139541626e-02
5.563986897468566895e-01,4.447495937347412109e-01,-2.138860076665878296e-01,2.542970776557922363e-01,-2.597144246101379395e-01,-1.809753924608230591e-01,1.190801262855529785e-01,6.668138504028320312e-01,-1.994904577732086182e-01,-2.525822520256042480e-01,2.639414966106414795e-01,0.000000000000000000e+00,2.608472704887390137e-01,5.374940037727355957e-01,-1.281441897153854370e-01,-1.279807537794113159e-01,3.092795908451080322e-01,2.814576923847198486e-01,5.299621224403381348e-01,5.402166843414306641e-01,-4.830979704856872559e-01,-3.323362469673156738e-01,-1.651227027177810669e-01,-3.406956791877746582e-02,-3.515937328338623047e-01,-1.808759570121765137e-01,-3.628759086132049561e-01,-3.755749464035034180e-01,2.625757455825805664e-01,1.717852056026458740e-01,-1.741611063480377197e-01,-8.005326241254806519e-02,3.472537696361541748e-01,4.614129662513732910e-01,-3.389414250850677490e-01,-2.599608600139617920e-01,-4.613289535045623779e-01,-4.596755802631378174e-01,-3.421904742717742920e-01,-4.282721281051635742e-01,-2.392317801713943481e-01,-1.420453190803527832e-01,-1.177149116992950439e-01,1.579613983631134033e-02,-1.264552325010299683e-01,2.398310974240303040e-02,-2.699099779129028320e-01,-2.898105382919311523e-01,3.029827773571014404e-02,7.964123040437698364e-02,1.610977947711944580e-01,2.532432079315185547e-01,-1.604778319597244263e-01,-9.377820417284965515e-03,-3.181185424327850342e-01,-1.585572659969329834e-01,3.468308448791503906e-01,4.489705860614776611e-01,3.813503980636596680e-01,4.355874061584472656e-01,3.670221269130706787e-01,4.952706098556518555e-01,3.328731656074523926e-01,6.024738550186157227e-01,-2.151984423398971558e-01,4.892556369304656982e-02,-2.954033613204956055e-01,-1.720025390386581421e-01,3.684173226356506348e-01,3.920444548130035400e-01,2.725402712821960449e-01,-7.148328423500061035e-02,2.344999462366104126e-01,3.381768167018890381e-01,2.368879020214080811e-01,1.585427224636077881e-01,3.927414654754102230e-04,1.007653865963220596e-02,-3.651264682412147522e-02,6.497397273778915405e-02,5.423427745699882507e-02,1.395501643419265747e-01,-2.364377081394195557e-01,-3.396868109703063965e-01,-1.379785388708114624e-01,-1.759080402553081512e-02,-1.364006102085113525e-01,-2.547468543052673340e-01,4.596410691738128662e-02,-1.610464304685592651e-01,-1.248405277729034424e-01,-2.341021746397018433e-01,-4.253331199288368225e-02,-1.987546682357788086e-01,-1.890554726123809814e-01,-1.829001605510711670e-01,7.288330048322677612e-02,-2.673980779945850372e-02,-3.771524876356124878e-02,-2.150554656982421875e-01,-1.541195809841156006e-02,-1.116611063480377197e-01,-9.382290393114089966e-02,-3.385220468044281006e-01,-1.108104214072227478e-01,-2.598277628421783447e-01,-2.151338309049606323e-01,-1.784299872815608978e-02,2.531062662601470947e-01,-8.396216481924057007e-02,-4.801108688116073608e-02,-2.247505486011505127e-01,-2.586587965488433838e-01,-1.516271084547042847e-01,3.719965741038322449e-02,-6.254217773675918579e-02
2.866137921810150146e-01,-2.791195921599864960e-02,9.261684864759445190e-02,2.238065898418426514e-01,-1.801543384790420532e-01,-1.165238395333290100e-02,5.557917952537536621e-01,2.341013699769973755e-01,-2.918979823589324951e-01,5.578621849417686462e-02,6.512294411659240723e-01,2.608472704887390137e-01,0.000000000000000000e+00,4.558801352977752686e-01,3.122604787349700928e-01,3.351778388023376465e-01,3.404432907700538635e-02,-5.345779005438089371e-03,1.872938871383666992e-01,1.020466163754463196e-01,-2.058717235922813416e-02,-9.317968040704727173e-03,3.963839411735534668e-01,1.592579483985900879e-01,-1.781903058290481567e-01,-1.651663184165954590e-01,-1.064525768160820007e-01,-7.900652289390563965e-02,6.429597735404968262e-02,1.117568165063858032e-01,5.455655232071876526e-02,7.279950380325317383e-02,2.926214635372161865e-01,2.632903456687927246e-01,1.578363776206970215e-01,-1.152520403265953064e-01,1.046253517270088196e-01,1.333368755877017975e-02,2.504257252439856529e-03,2.483418025076389313e-02,-5.422839522361755371e-02,6.884561479091644287e-02,-4.539056122303009033e-02,-6.903611868619918823e-02,-2.002802789211273193e-01,-3.620342016220092773e-01,-2.547070980072021484e-01,-3.348231315612792969e-01,-3.321214914321899414e-01,-3.886830806732177734e-01,-2.560368478298187256e-01,-2.932753562927246094e-01,-4.278611242771148682e-01,-3.370915651321411133e-01,-2.646396458148956299e-01,-2.591806054115295410e-01,5.472072958946228027e-02,-9.523952752351760864e-02,5.247768387198448181e-02,-2.249511033296585083e-01,4.994041025638580322e-01,3.056756258010864258e-01,2.128835767507553101e-01,1.025376468896865845e-01,3.889763057231903076e-01,3.124938607215881348e-01,1.758410185575485229e-01,-6.622477620840072632e-02,7.529223710298538208e-02,-4.330983385443687439e-02,2.467507719993591309e-01,-7.307759672403335571e-02,1.165249943733215332e-01,2.642920911312103271e-01,1.136757154017686844e-02,2.051070630550384521e-01,2.080738842487335205e-01,5.405344814062118530e-02,1.554617583751678467e-01,-2.081763371825218201e-02,1.809293627738952637e-01,1.337234973907470703e-01,1.640153825283050537e-01,2.860478684306144714e-02,3.249335587024688721e-01,4.569953307509422302e-02,6.893998384475708008e-02,5.775220692157745361e-02,1.284711807966232300e-01,-3.321289643645286560e-02,-2.947512567043304443e-01,-6.509009283035993576e-03,-2.357073575258255005e-01,-5.613987892866134644e-02,9.162034094333648682e-02,-1.485686898231506348e-01,1.438855677843093872e-01,-3.439750522375106812e-02,-1.271382272243499756e-01,-1.045946627855300903e-01,-9.923892468214035034e-02,-1.195256337523460388e-01,-6.013280525803565979e-02,-3.002818822860717773e-01,-1.066796854138374329e-01,-1.770745664834976196e-01,5.522075295448303223e-02,-4.862728342413902283e-02,-4.355013370513916016e-02,-2.719883918762207031e-01,-1.903134584426879883e-01,-2.529273927211761475e-01,-7.502052932977676392e-02,-7.555372267961502075e-02,1.030600517988204956e-01,-2.100758440792560577e-02
