0.000000000000000000e+00,6.717647910118103027e-01,1.467275172472000122e-01,1.782751828432083130e-01,7.362597435712814331e-02,-1.013688445091247559e-01,2.057681530714035034e-01,-1.666964031755924225e-03,3.064901195466518402e-02,-1.367383301258087158e-01,5.302627682685852051e-01,2.925535738468170166e-01,3.210017085075378418e-01,6.617049872875213623e-02,-1.710124164819717407e-01,-1.983178853988647461e-01,1.632608324289321899e-01,1.311607658863067627e-01,5.501064062118530273e-01,4.712873101234436035e-01,-1.790878623723983765e-01,-2.546127438545227051e-01,-8.037327229976654053e-02,-6.962352991104125977e-02,-3.524160385131835938e-01,-3.761261403560638428e-01,-8.157362788915634155e-02,-1.696055382490158081e-02,3.816185146570205688e-02,-7.855447381734848022e-02,-2.373674362897872925e-01,-5.498192831873893738e-02,1.053205877542495728e-01,2.284380346536636353e-01,-2.468967735767364502e-01,-2.122807651758193970e-01,-3.702647089958190918e-01,-3.248089551925659180e-01,-1.647666543722152710e-01,-3.399291336536407471e-01,-6.612941622734069824e-02,-4.850934445858001709e-02,4.735077172517776489e-02,7.035974878817796707e-03,-2.613201737403869629e-03,1.712837070226669312e-01,-2.573173940181732178e-01,-2.664522528648376465e-01,-1.054585427045822144e-01,-9.928489476442337036e-02,9.107305854558944702e-02,9.106723219156265259e-02,8.514223992824554443e-02,3.079017996788024902e-02,1.747327670454978943e-02,-3.737971559166908264e-02,5.730135440826416016e-01,5.381749272346496582e-01,2.650888562202453613e-01,2.530017197132110596e-01,5.267151594161987305e-01,1.888280361890792847e-01,3.190208673477172852e-01,2.662955820560455322e-01,-2.919832468032836914e-01,-2.962915897369384766e-01,-1.998985260725021362e-01,-2.377813905477523804e-01,2.654593586921691895e-01,1.023603379726409912e-01,5.214579775929450989e-02,1.341035775840282440e-02,9.460187703371047974e-02,1.871993243694305420e-01,1.523480266332626343e-01,2.008154839277267456e-01,-3.905637562274932861e-02,-1.254529356956481934e-01,-1.635677963495254517e-01,1.030178219079971313e-01,1.295135617256164551e-01,1.665263324975967407e-01,-2.625760436058044434e-01,-2.471417784690856934e-01,-6.816055625677108765e-02,-1.022037193179130554e-01,-1.587846726179122925e-01,-1.496864259243011475e-01,1.997645199298858643e-02,-1.845272183418273926e-01,4.809062927961349487e-03,1.993327289819717407e-01,-5.124792456626892090e-02,-1.707586646080017090e-02,-2.715772390365600586e-01,-3.178811073303222656e-01,-2.840024828910827637e-01,3.555713221430778503e-02,1.490972489118576050e-01,1.881427764892578125e-01,7.722716778516769409e-02,2.790421843528747559e-01,-7.812610827386379242e-03,-2.151402086019515991e-01,-2.540766298770904541e-01,-1.436681002378463745e-01,-2.662805281579494476e-02,-4.953919351100921631e-02,-6.443514674901962280e-02,6.901752203702926636e-02,-2.443110048770904541e-01,2.014188468456268311e-01,1.729086637496948242e-01,-6.583502888679504395e-02,-1.820390112698078156e-02,-3.784939413890242577e-03
6.717647910118103027e-01,0.000000000000000000e+00,-3.255453705787658691e-02,3.492920845746994019e-02,1.140946149826049805e-01,-1.517190039157867432e-02,-4.806145280599594116e-02,-1.865321211516857147e-02,-1.456504613161087036e-01,-1.138311028480529785e-01,3.881009817123413086e-01,2.740527689456939697e-01,1.791238486766815186e-01,2.991949580609798431e-02,-1.406046599149703979e-01,-2.095607072114944458e-01,2.789986133575439453e-01,3.323125839233398438e-01,4.334721863269805908e-01,5.374433994293212891e-01,-8.443592488765716553e-02,-1.691818088293075562e-01,-2.166129201650619507e-01,-1.945984661579132080e-01,-2.525574862957000732e-01,-2.420608550310134888e-01,4.405922815203666687e-02,5.838353559374809265e-02,8.628112822771072388e-02,1.880224607884883881e-02,-2.599039673805236816e-01,-1.644014120101928711e-01,-5.671110376715660095e-02,1.333124488592147827e-01,-3.011687099933624268e-01,-2.387239187955856323e-01,-2.905879020690917969e-01,-2.617788314819335938e-01,-1.884106546640396118e-01,-3.498364686965942383e-01,1.418175082653760910e-02,7.236474007368087769e-02,-8.851540833711624146e-02,-2.309361286461353302e-02,-3.920347616076469421e-02,6.197775900363922119e-02,-3.204367160797119141e-01,-2.121768444776535034e-01,-1.925910264253616333e-01,-1.524742245674133301e-01,-6.020238250494003296e-02,-6.667510420083999634e-02,6.194575130939483643e-02,-6.113646924495697021e-02,-2.609215676784515381e-02,-1.065527126193046570e-01,6.096619963645935059e-01,6.444125175476074219e-01,2.741824090480804443e-01,2.511544525623321533e-01,3.809139132499694824e-01,1.067762225866317749e-01,3.105168044567108154e-01,2.524926066398620605e-01,-3.420224785804748535e-01,-3.450116813182830811e-01,-2.448877543210983276e-01,-3.180226683616638184e-01,3.338912725448608398e-01,1.418383717536926270e-01,8.855155110359191895e-02,4.285537078976631165e-02,2.378805130720138550e-01,3.465247452259063721e-01,9.483961760997772217e-02,2.353238463401794434e-01,-6.638030707836151123e-02,-1.707952618598937988e-01,-3.037825971841812134e-02,1.920921355485916138e-01,2.386359125375747681e-01,2.073282748460769653e-01,-1.640276759862899780e-01,-1.700245738029479980e-01,-1.076737344264984131e-01,-1.858282685279846191e-01,-1.174412295222282410e-01,-1.542783230543136597e-01,9.400696307420730591e-02,-2.192342132329940796e-01,-5.662750825285911560e-02,1.718956679105758667e-01,2.810432948172092438e-02,-9.561916813254356384e-03,-1.973909139633178711e-01,-2.334119975566864014e-01,-1.639490872621536255e-01,4.232212156057357788e-02,2.002399414777755737e-01,1.864475458860397339e-01,1.425192803144454956e-01,2.639097571372985840e-01,2.919377759099006653e-02,-2.107418924570083618e-01,-1.886721700429916382e-01,-1.039123833179473877e-01,4.379930347204208374e-02,-4.778255894780158997e-02,-1.263567805290222168e-01,5.729910731315612793e-02,-1.741663664579391479e-01,2.771393656730651855e-01,1.996149718761444092e-01,-4.575271159410476685e-02,8.915146812796592712e-03,5.014687031507492065e-02
1.467275172472000122e-01,-3.255453705787658691e-02,0.000000000000000000e+00,3.836410641670227051e-01,-1.573492288589477539e-01,-1.245311051607131958e-01,5.426121354103088379e-01,-7.691915333271026611e-02,2.726687490940093994e-01,-3.145192861557006836e-01,2.750182151794433594e-02,-1.654655635356903076e-01,1.447067260742187500e-01,-1.313157081604003906e-01,1.875309050083160400e-01,5.060779303312301636e-02,-1.947826892137527466e-01,-1.645657718181610107e-01,2.431218326091766357e-01,6.997628509998321533e-02,-9.559495002031326294e-02,-2.109946012496948242e-01,6.444587707519531250e-01,5.211672782897949219e-01,1.377506460994482040e-02,-2.432345896959304810e-01,-1.087758392095565796e-01,-2.220931798219680786e-01,1.318004680797457695e-03,-1.923361867666244507e-01,4.083759710192680359e-02,1.828350573778152466e-01,3.489584326744079590e-01,1.828195452690124512e-01,1.875912398099899292e-01,-1.705470308661460876e-02,-8.435481041669845581e-02,-1.257970780134201050e-01,2.202086895704269409e-02,-8.988302201032638550e-02,-1.462200134992599487e-01,-1.701506823301315308e-01,3.585458546876907349e-02,-2.053555250167846680e-01,2.651665508747100830e-01,6.677734106779098511e-02,-7.524810731410980225e-02,-2.543301880359649658e-01,2.049444615840911865e-01,8.295036852359771729e-02,1.349008977413177490e-01,7.469178736209869385e-02,-7.352472841739654541e-02,-8.691099286079406738e-02,2.262214571237564087e-01,7.620815187692642212e-03,5.479311943054199219e-02,-8.538831025362014771e-02,5.619119107723236084e-02,-1.035310924053192139e-01,1.184298917651176453e-01,-7.444967329502105713e-02,-1.168093606829643250e-01,4.476083442568778992e-03,3.136160373687744141e-01,1.515981703996658325e-01,2.139491587877273560e-01,-1.653622649610042572e-02,2.920644823461771011e-03,1.723547577857971191e-01,-2.785322023555636406e-03,-2.065355479717254639e-01,-2.566929459571838379e-01,-2.166102379560470581e-01,-3.989987075328826904e-02,-8.675716072320938110e-02,-1.427284777164459229e-01,-2.164735347032546997e-01,-2.340140044689178467e-01,-1.387330442667007446e-01,-1.255919188261032104e-01,-1.211682483553886414e-01,-8.313117921352386475e-02,-1.724868416786193848e-01,2.039349526166915894e-01,-1.714434288442134857e-02,9.596848487854003906e-02,1.835451573133468628e-01,-8.797965012490749359e-03,-2.432294338941574097e-01,-2.643232233822345734e-03,-1.687358617782592773e-01,1.008367314934730530e-01,-1.792160123586654663e-01,-1.681702136993408203e-01,-1.465173661708831787e-01,-1.637653857469558716e-01,-2.547975257039070129e-02,-1.163453310728073120e-01,-1.921091824769973755e-01,-3.757894039154052734e-02,-1.089139096438884735e-02,-3.566485270857810974e-02,-2.246031910181045532e-01,-1.646900177001953125e-01,-4.770332202315330505e-02,-7.696582376956939697e-02,1.292905863374471664e-02,-1.701284945011138916e-02,1.866640150547027588e-01,-1.769772022962570190e-01,-1.276510208845138550e-01,-1.599833220243453979e-01,-1.389783024787902832e-01,-5.136480554938316345e-02,-1.983725577592849731e-01
1.782751828432083130e-01,3.492920845746994019e-02,3.836410641670227051e-01,0.000000000000000000e+00,-1.346745491027832031e-01,-6.533459573984146118e-02,5.124502182006835938e-01,5.515877008438110352e-01,2.393303364515304565e-01,-1.106587052345275879e-01,3.190336003899574280e-02,1.324936002492904663e-01,-3.876036778092384338e-02,8.616004139184951782e-02,-1.925931572914123535e-01,4.251873120665550232e-03,-3.319460749626159668e-01,-3.184708058834075928e-01,3.106398880481719971e-01,2.074737101793289185e-01,-3.411113619804382324e-01,-3.401196300983428955e-01,2.585779726505279541e-01,4.509488940238952637e-01,-1.521076261997222900e-01,-2.838360071182250977e-01,-1.999147981405258179e-01,-2.228583693504333496e-01,1.426563132554292679e-03,-5.540700256824493408e-02,-1.445467621088027954e-01,1.530979424715042114e-01,2.177501022815704346e-01,2.984609007835388184e-01,1.431041490286588669e-02,-1.094162538647651672e-01,-3.305419385433197021e-01,-3.205801844596862793e-01,-1.849759966135025024e-01,-1.886710673570632935e-01,-1.074848845601081848e-01,-1.003841608762741089e-01,2.467948198318481445e-01,-4.754764586687088013e-02,1.605553776025772095e-01,1.564822196960449219e-01,2.343394979834556580e-02,-1.648759394884109497e-01,5.224445462226867676e-02,-9.930999577045440674e-02,2.011239826679229736e-01,1.202751100063323975e-01,9.505414217710494995e-02,1.826839447021484375e-01,2.162669552490115166e-03,-3.832782059907913208e-02,-9.568816423416137695e-02,-1.064968556165695190e-01,-1.463531982153654099e-02,6.929676979780197144e-02,3.118722736835479736e-01,4.168015122413635254e-01,-1.471158862113952637e-02,2.525882422924041748e-01,7.492509484291076660e-02,1.556694507598876953e-01,2.065054140985012054e-02,6.510315835475921631e-02,-2.257919013500213623e-01,-1.216009631752967834e-01,-1.559208482503890991e-01,-2.276532500982284546e-01,-1.883516758680343628e-01,-1.942639648914337158e-01,-6.121092010289430618e-03,3.433356806635856628e-02,-1.370255500078201294e-01,-8.197977393865585327e-02,-3.242553770542144775e-01,-1.224375963211059570e-01,-3.741981387138366699e-01,-1.922360360622406006e-01,-2.882646918296813965e-01,-2.712529897689819336e-01,-5.462449416518211365e-02,1.585800200700759888e-01,-2.366006970405578613e-01,-8.599074184894561768e-02,-7.697247713804244995e-02,1.765567809343338013e-02,2.658339738845825195e-01,7.303781062364578247e-02,1.252822875976562500e-01,-4.646607860922813416e-02,-3.573548793792724609e-01,-2.897353172302246094e-01,-3.939291834831237793e-01,-1.496048569679260254e-01,-1.262034624814987183e-01,-1.522345691919326782e-01,-8.865413814783096313e-02,9.847311675548553467e-02,-1.689759343862533569e-01,-2.763569355010986328e-01,-2.205316424369812012e-01,-1.548716574907302856e-01,-8.098344504833221436e-02,-8.999733626842498779e-02,-8.206621557474136353e-02,1.380268037319183350e-01,-2.998881340026855469e-01,-6.579996645450592041e-02,8.475576341152191162e-02,7.538020610809326172e-02,6.904268264770507812e-02,-2.264714837074279785e-01
7.362597435712814331e-02,1.140946149826049805e-01,-1.573492288589477539e-01,-1.346745491027832031e-01,0.000000000000000000e+00,3.579645752906799316e-01,-1.208384335041046143e-01,1.432371977716684341e-02,3.202562928199768066e-01,4.830198585987091064e-01,1.575218886137008667e-01,6.710301339626312256e-02,1.709383167326450348e-02,1.264576017856597900e-01,-2.598461695015430450e-03,2.818635404109954834e-01,1.103385537862777710e-01,9.115260094404220581e-03,6.840830296277999878e-02,6.876461207866668701e-02,-5.756486952304840088e-02,-5.776118487119674683e-02,-4.193998756818473339e-04,-8.630705624818801880e-02,1.023035570979118347e-01,1.863106787204742432e-01,1.737521141767501831e-01,3.914956450462341309e-01,1.464978456497192383e-01,7.387236505746841431e-02,8.731927722692489624e-02,1.067210957407951355e-01,-3.204762004315853119e-03,3.814799711108207703e-02,-6.107215583324432373e-02,-6.314529478549957275e-02,-1.571557521820068359e-01,-1.528789252042770386e-01,4.137480165809392929e-03,-1.768769770860671997e-01,2.718897163867950439e-02,-6.224848330020904541e-02,-1.026972010731697083e-01,-4.979299753904342651e-02,3.149005025625228882e-02,2.457671612501144409e-02,-1.227452307939529419e-01,-1.242974027991294861e-01,5.599008128046989441e-02,1.950693428516387939e-01,-4.985882341861724854e-02,-8.715390227735042572e-03,-1.183133795857429504e-01,-6.485479325056076050e-02,-1.059372276067733765e-01,-1.154013946652412415e-01,8.353856205940246582e-02,1.956668943166732788e-01,1.645331382751464844e-01,7.695837318897247314e-02,2.957229875028133392e-02,1.225627958774566650e-01,-3.089665994048118591e-02,9.470147080719470978e-03,-1.027485430240631104e-01,-1.278946995735168457e-01,-6.614498049020767212e-02,-5.231492593884468079e-02,5.843660607933998108e-02,-3.624738007783889771e-02,7.206469029188156128e-02,1.879757344722747803e-01,2.467757835984230042e-02,1.604991704225540161e-01,2.446951158344745636e-02,5.769930407404899597e-02,-1.697581857442855835e-01,-1.575086563825607300e-01,-1.405767649412155151e-01,1.417937036603689194e-02,-1.163692772388458252e-01,-1.315944194793701172e-01,-1.402174960821866989e-02,-1.381974667310714722e-01,-7.858395576477050781e-02,-2.297597974538803101e-01,1.626760214567184448e-01,6.278542429208755493e-02,9.984607808291912079e-03,-1.657934859395027161e-02,-1.739480346441268921e-01,-1.390798836946487427e-01,-2.162979841232299805e-01,-3.653826192021369934e-02,-1.426903158426284790e-01,-3.677391633391380310e-02,-1.616089642047882080e-01,-1.076567694544792175e-01,-3.776919096708297729e-02,-2.321998402476310730e-02,-9.494263678789138794e-02,-1.775498688220977783e-01,-5.354477837681770325e-02,-1.717050969600677490e-01,3.804584592580795288e-02,5.756580084562301636e-02,1.466970592737197876e-01,2.819254994392395020e-02,-9.643458575010299683e-02,-1.535848155617713928e-02,-1.539287567138671875e-01,-1.777087152004241943e-01,-7.195744197815656662e-03,-1.762320995330810547e-01,-7.885822653770446777e-02,-4.472080990672111511e-02
-1.013688445091247559e-01,-1.517190039157867432e-02,-1.245311051607131958e-01,-6.533459573984146118e-02,3.579645752906799316e-01,0.000000000000000000e+00,3.275216370820999146e-02,2.026448398828506470e-01,4.246284067630767822e-02,2.826516926288604736e-01,-1.752646174281835556e-03,4.461032152175903320e-02,8.096469193696975708e-02,8.023440837860107422e-02,1.781239360570907593e-01,2.294499278068542480e-01,-6.269672513008117676e-02,-1.000155359506607056e-01,-1.623911857604980469e-01,-1.742967814207077026e-01,9.857086092233657837e-02,-3.611207008361816406e-02,1.187204848974943161e-02,-1.955726882442831993e-03,3.699490129947662354e-01,4.250275194644927979e-01,4.392849802970886230e-01,2.840826511383056641e-01,1.341156214475631714e-01,6.566011160612106323e-02,1.469585746526718140e-01,2.149059921503067017e-01,-1.146519258618354797e-01,-8.647144772112369537e-03,3.094828501343727112e-02,-8.723647333681583405e-03,6.731222569942474365e-02,6.852542050182819366e-03,1.301576495170593262e-01,2.055377326905727386e-02,-1.174914240837097168e-01,-9.674265235662460327e-02,-2.130026519298553467e-01,-2.149364650249481201e-01,1.749292314052581787e-01,-6.423465907573699951e-02,-1.459658890962600708e-01,-2.206876128911972046e-01,5.918882787227630615e-02,1.675305664539337158e-01,-1.093719825148582458e-01,-1.583357304334640503e-01,-1.798394918441772461e-01,-1.860344111919403076e-01,-5.769615247845649719e-02,-1.473761796951293945e-01,3.337213071063160896e-03,-2.998273633420467377e-02,3.590887412428855896e-02,-4.359643906354904175e-02,1.807467453181743622e-02,1.679518669843673706e-01,-1.537481248378753662e-01,-6.009040027856826782e-02,6.055722758173942566e-02,1.061477810144424438e-01,2.440239116549491882e-02,2.867349795997142792e-02,-5.194352939724922180e-02,-2.373074293136596680e-01,2.470184713602066040e-01,2.395831793546676636e-01,1.710411161184310913e-01,1.704542189836502075e-01,9.422080963850021362e-02,6.861438602209091187e-02,-6.566108763217926025e-02,-1.078582555055618286e-01,-1.015538796782493591e-01,-1.822045147418975830e-01,-2.170514315366744995e-01,-2.335369884967803955e-01,-3.305079415440559387e-02,-1.225300133228302002e-01,-4.925053566694259644e-02,-6.797190755605697632e-02,1.263273358345031738e-01,8.106897771358489990e-02,-1.697558164596557617e-01,-1.101210480555891991e-03,-4.135879278182983398e-01,-2.684375345706939697e-01,-3.990666270256042480e-01,-1.739715635776519775e-01,-7.291771471500396729e-02,-4.430785775184631348e-02,-2.267478592693805695e-02,-1.370362788438796997e-01,-4.802784323692321777e-02,-3.529404103755950928e-02,-1.465765107423067093e-02,-1.583166867494583130e-01,1.335130929946899414e-01,-1.658541411161422729e-01,1.708701699972152710e-01,1.983300745487213135e-01,3.009640574455261230e-01,1.122158914804458618e-01,-1.461725831031799316e-01,4.715365357697010040e-03,-1.274499595165252686e-01,-1.172619536519050598e-01,-2.273252904415130615e-01,-1.488268524408340454e-01,5.820642784237861633e-02,9.207971394062042236e-02
2.057681530714035034e-01,-4.806145280599594116e-02,5.426121354103088379e-01,5.124502182006835938e-01,-1.208384335041046143e-01,3.275216370820999146e-02,0.000000000000000000e+00,3.317449092864990234e-01,3.057364523410797119e-01,-5.191305652260780334e-02,1.649579852819442749e-01,-5.152584239840507507e-02,3.402931690216064453e-01,-2.956906147301197052e-02,5.966432765126228333e-02,3.946581482887268066e-02,-3.709776997566223145e-01,-3.955785930156707764e-01,1.293677389621734619e-01,-9.199646860361099243e-02,-1.510055363178253174e-01,-2.941384017467498779e-01,5.081001520156860352e-01,4.260302186012268066e-01,5.197049304842948914e-02,-1.450860649347305298e-01,4.150700941681861877e-02,-1.371038854122161865e-01,-3.347644582390785217e-02,-2.626549005508422852e-01,-2.765849605202674866e-02,2.637181282043457031e-01,3.331669270992279053e-01,2.647294402122497559e-01,2.501851916313171387e-01,1.492777466773986816e-02,-1.223691478371620178e-01,-1.815297007560729980e-01,7.673834264278411865e-02,-9.302564896643161774e-03,-2.380763739347457886e-01,-2.639694809913635254e-01,1.265797764062881470e-01,-1.940024048089981079e-01,3.117180764675140381e-01,5.700305849313735962e-02,-1.373945474624633789e-01,-4.240207374095916748e-01,6.238679587841033936e-02,-2.312633395195007324e-02,1.737224012613296509e-01,4.026968404650688171e-02,-1.270432621240615845e-01,-6.255552172660827637e-02,1.406157668679952621e-02,-1.081540659070014954e-01,1.898354676086455584e-04,-1.537882834672927856e-01,4.099683463573455811e-02,-7.097686827182769775e-02,4.022690057754516602e-01,2.735264599323272705e-01,-1.844838112592697144e-01,-1.067083422094583511e-02,3.719269335269927979e-01,3.280583620071411133e-01,2.527011334896087646e-01,1.364909857511520386e-01,-1.176091879606246948e-01,-8.347526937723159790e-02,-8.449499495327472687e-03,-6.925196200609207153e-02,-1.574186235666275024e-01,-1.325315982103347778e-01,-5.858381628058850765e-04,-5.018515884876251221e-02,-1.733506768941879272e-01,-1.732517182826995850e-01,-3.523429036140441895e-01,-2.529855072498321533e-01,-3.365609645843505859e-01,-2.042500823736190796e-01,-2.158445119857788086e-01,-2.786949276924133301e-01,1.998740434646606445e-01,1.587945520877838135e-01,-4.154658317565917969e-02,7.641470432281494141e-02,-1.309158653020858765e-01,-1.104515492916107178e-01,-3.102847374975681305e-02,-1.791775785386562347e-02,-8.724422752857208252e-02,-8.799877017736434937e-02,-2.435068488121032715e-01,-2.154472321271896362e-01,-3.122876882553100586e-01,-9.611603617668151855e-02,-1.793861687183380127e-01,-5.072097852826118469e-02,-1.296895593404769897e-01,-4.802695009857416153e-03,-1.522253155708312988e-01,-2.748005390167236328e-01,-2.208100408315658569e-01,-7.076147198677062988e-02,-7.426801323890686035e-02,9.415218979120254517e-02,-9.233015030622482300e-02,1.029323190450668335e-01,-3.086886107921600342e-01,-1.260860413312911987e-01,-1.136455088853836060e-01,-5.542127043008804321e-02,-2.580603770911693573e-02,-1.438526511192321777e-01
-1.666964031755924225e-03,-1.865321211516857147e-02,-7.691915333271026611e-02,5.515877008438110352e-01,1.432371977716684341e-02,2.026448398828506470e-01,3.317449092864990234e-01,0.000000000000000000e+00,1.171618625521659851e-01,2.583535909652709961e-01,-1.651408709585666656e-02,1.721149682998657227e-01,-8.638761192560195923e-02,1.444887518882751465e-01,-1.924921870231628418e-01,8.636275678873062134e-02,-3.140552341938018799e-01,-3.549847006797790527e-01,6.680091377347707748e-03,-2.286892943084239960e-02,-2.446294873952865601e-01,-2.746491730213165283e-01,-4.313305392861366272e-02,2.193242311477661133e-01,4.003487527370452881e-02,5.385609343647956848e-02,3.543443605303764343e-02,2.513438090682029724e-02,7.099694758653640747e-02,2.827193774282932281e-02,-5.504501238465309143e-02,2.665021419525146484e-01,7.573256641626358032e-02,2.599056065082550049e-01,2.046732418239116669e-02,-5.651254206895828247e-02,-2.141649872064590454e-01,-2.141216397285461426e-01,-5.091106146574020386e-02,-5.252262577414512634e-02,-9.388449043035507202e-02,-5.247122049331665039e-02,1.429510712623596191e-01,-3.329870849847793579e-02,1.309348642826080322e-01,1.037611737847328186e-01,-4.760914295911788940e-02,-2.238656878471374512e-01,-3.469630330801010132e-02,-6.446503102779388428e-02,9.277692437171936035e-02,-2.009415253996849060e-02,1.541872881352901459e-02,9.996093064546585083e-02,-2.195291221141815186e-01,-1.891540139913558960e-01,-1.526122987270355225e-01,-1.170725524425506592e-01,-3.644251450896263123e-02,1.042145863175392151e-01,3.463831543922424316e-01,6.271523237228393555e-01,-4.916872456669807434e-02,1.998093426227569580e-01,2.602015063166618347e-02,2.942790687084197998e-01,-2.522911643609404564e-03,1.808004230260848999e-01,-2.532274127006530762e-01,-3.207015991210937500e-01,8.848193101584911346e-03,6.336941570043563843e-02,4.181339591741561890e-02,6.691513117402791977e-03,1.053119450807571411e-01,8.208715915679931641e-02,-1.264719814062118530e-01,-3.873025253415107727e-02,-2.707604169845581055e-01,-1.484053134918212891e-01,-4.057307541370391846e-01,-2.509301602840423584e-01,-3.088774383068084717e-01,-2.773982286453247070e-01,-7.126364856958389282e-02,2.032286822795867920e-01,-2.096472680568695068e-01,-1.876151710748672485e-01,-2.144127190113067627e-01,8.563221991062164307e-02,1.106047630310058594e-01,4.756418243050575256e-02,-9.992051124572753906e-02,-5.629483982920646667e-02,-2.776480019092559814e-01,-1.788589358329772949e-01,-3.078946173191070557e-01,-1.638772785663604736e-01,-7.172954827547073364e-02,5.024421028792858124e-03,-9.325722604990005493e-02,8.095115423202514648e-03,-1.241257935762405396e-01,-2.137704640626907349e-01,-1.144329756498336792e-01,-1.517891287803649902e-01,2.908309549093246460e-02,3.064376488327980042e-02,-9.184385836124420166e-02,7.570148259401321411e-02,-2.936170101165771484e-01,-1.089446768164634705e-01,3.713876381516456604e-02,7.803414016962051392e-02,7.180483639240264893e-02,-8.000554889440536499e-02
3.064901195466518402e-02,-1.456504613161087036e-01,2.726687490940093994e-01,2.393303364515304565e-01,3.202562928199768066e-01,4.246284067630767822e-02,3.057364523410797119e-01,1.171618625521659851e-01,0.000000000000000000e+00,2.376778870820999146e-01,1.780928671360015869e-01,1.305869370698928833e-01,1.327290534973144531e-01,2.056247889995574951e-01,8.286187797784805298e-02,3.824433982372283936e-01,-9.889409691095352173e-02,-1.210469752550125122e-01,1.592745929956436157e-01,3.496077656745910645e-02,-1.890639960765838623e-01,-1.331771910190582275e-01,3.459487557411193848e-01,2.925447821617126465e-01,-1.671027988195419312e-01,-1.635269522666931152e-01,-1.319749057292938232e-01,7.284680008888244629e-02,1.526366472244262695e-01,-3.283916274085640907e-03,5.017875134944915771e-02,1.318957358598709106e-01,2.066776007413864136e-01,1.609677523374557495e-01,-2.613619714975357056e-02,-1.835407018661499023e-01,-1.493901908397674561e-01,-1.361237317323684692e-01,-1.097190454602241516e-01,-1.151848435401916504e-01,-3.566605225205421448e-02,-1.013995110988616943e-01,8.245644159615039825e-03,-1.754625327885150909e-02,2.026615440845489502e-01,2.299251407384872437e-01,-1.239707022905349731e-01,-2.663316428661346436e-01,2.825640738010406494e-01,2.432266473770141602e-01,1.807339340448379517e-01,1.813746541738510132e-01,-6.732203811407089233e-02,-2.663145028054714203e-02,-4.954908788204193115e-02,3.059011884033679962e-02,-1.022999212145805359e-01,-1.960025429725646973e-01,-1.082386523485183716e-01,-8.732167631387710571e-02,1.164424642920494080e-01,1.787438392639160156e-01,1.638770848512649536e-02,1.722790300846099854e-01,2.003352157771587372e-02,8.496077358722686768e-02,-1.357532739639282227e-01,-1.143727526068687439e-01,-2.120264917612075806e-01,-9.672111272811889648e-02,-7.786077260971069336e-02,-5.731228273361921310e-03,-8.980423957109451294e-02,-4.453306086361408234e-03,-1.039023473858833313e-01,-2.306554839015007019e-02,-1.619242429733276367e-01,-1.480637937784194946e-01,-2.257705330848693848e-01,-7.034997642040252686e-02,-1.631140410900115967e-01,-3.971621021628379822e-02,-1.074938476085662842e-01,-1.283828318119049072e-01,2.267045713961124420e-02,6.314991414546966553e-02,1.044239103794097900e-01,9.049473702907562256e-02,-2.059351205825805664e-01,-1.332780569791793823e-01,1.090161036700010300e-02,-1.658187955617904663e-01,-1.036062017083168030e-01,-1.321047693490982056e-01,-1.404490172863006592e-01,-7.897545397281646729e-02,-3.119776844978332520e-01,-1.635641455650329590e-01,-5.279417335987091064e-02,-9.806835651397705078e-02,-2.676201052963733673e-02,-6.214938685297966003e-02,-1.085718721151351929e-01,-2.064065337181091309e-01,-1.763648986816406250e-01,-1.614136248826980591e-01,-6.723362207412719727e-02,4.454945772886276245e-02,6.410258263349533081e-02,4.701847583055496216e-02,-3.179266154766082764e-01,-2.730773389339447021e-01,-5.435704439878463745e-02,-8.011941611766815186e-02,-1.561764329671859741e-01,-3.070017099380493164e-01
-1.367383301258087158e-01,-1.138311028480529785e-01,-3.145192861557006836e-01,-1.106587052345275879e-01,4.830198585987091064e-01,2.826516926288604736e-01,-5.191305652260780334e-02,2.583535909652709961e-01,2.376778870820999146e-01,0.000000000000000000e+00,6.833401322364807129e-02,-8.837867528200149536e-03,-2.609973959624767303e-02,1.282596588134765625e-01,-5.860999226570129395e-02,3.518253862857818604e-01,1.288514025509357452e-02,-1.077312007546424866e-01,-5.853331834077835083e-02,-8.020474016666412354e-02,-3.818326815962791443e-02,-9.317528456449508667e-03,-5.216402187943458557e-02,-1.100931242108345032e-01,1.906096637248992920e-01,3.297233581542968750e-01,1.440412402153015137e-01,3.838428258895874023e-01,1.414904445409774780e-01,4.956599697470664978e-02,1.489714533090591431e-01,1.562163233757019043e-01,2.193585410714149475e-02,4.270341247320175171e-02,1.942095719277858734e-02,-5.739781633019447327e-02,-6.357257068157196045e-02,-1.284199506044387817e-01,6.021098792552947998e-02,-5.046419426798820496e-02,-1.631705649197101593e-02,-1.084417775273323059e-01,-8.025671541690826416e-02,5.717997439205646515e-03,-3.739641606807708740e-02,-6.812224537134170532e-02,-1.500523537397384644e-01,-1.760785728693008423e-01,-3.385388478636741638e-02,8.733481913805007935e-02,-8.289621770381927490e-02,-9.353473037481307983e-02,-1.621166616678237915e-01,2.868318557739257812e-02,-4.206084311008453369e-01,-2.253019660711288452e-01,-7.573293149471282959e-02,-2.005266211926937103e-02,-3.091261722147464752e-02,-9.891292452812194824e-02,-8.033853373490273952e-05,2.691622674465179443e-01,-1.125757098197937012e-01,-9.001520276069641113e-02,-2.162073215004056692e-04,1.246559694409370422e-01,-6.922031193971633911e-02,3.818553313612937927e-02,-7.178498804569244385e-02,-1.414256393909454346e-01,8.818968385457992554e-02,2.841770052909851074e-01,8.217167109251022339e-02,9.209780395030975342e-02,-5.600799340754747391e-03,-7.210960984230041504e-02,-4.748659208416938782e-02,-4.142676293849945068e-02,-6.081685051321983337e-02,6.280442327260971069e-02,-1.698366850614547729e-01,-9.328625351190567017e-02,-1.255918890237808228e-01,-9.916301816701889038e-02,-6.878658384084701538e-02,2.076608128845691681e-02,6.283143907785415649e-02,-2.187887765467166901e-02,-1.850904971361160278e-01,1.384457945823669434e-01,-6.857269257307052612e-02,7.267922163009643555e-02,-2.570902407169342041e-01,1.172054335474967957e-01,-8.925508707761764526e-03,6.591541320085525513e-02,-1.106370761990547180e-01,-7.209207862615585327e-02,-4.344236850738525391e-02,7.696413993835449219e-02,-1.653368175029754639e-01,-8.412692695856094360e-02,-1.371182948350906372e-01,-3.234291914850473404e-03,-3.049719892442226410e-02,-9.311747550964355469e-02,6.550278980284929276e-03,1.444343030452728271e-01,4.658942576497793198e-03,-8.153805509209632874e-03,-9.190757572650909424e-02,-1.649881303310394287e-01,-1.742349565029144287e-02,-9.755666367709636688e-03,1.857094466686248779e-02,-4.833647608757019043e-02
5.302627682685852051e-01,3.881009817123413086e-01,2.750182151794433594e-02,3.190336003899574280e-02,1.575218886137008667e-01,-1.752646174281835556e-03,1.649579852819442749e-01,-1.651408709585666656e-02,1.780928671360015869e-01,6.833401322364807129e-02,0.000000000000000000e+00,4.293824136257171631e-01,5.218120813369750977e-01,3.137755692005157471e-01,-4.610936623066663742e-03,3.089641034603118896e-02,2.723850011825561523e-01,2.318978458642959595e-01,3.314580321311950684e-01,4.000617563724517822e-01,-9.262263029813766479e-02,-1.128108352422714233e-01,-1.139767933636903763e-02,-6.351962685585021973e-02,-2.932411730289459229e-01,-2.125553488731384277e-01,-3.179816529154777527e-02,1.411615014076232910e-01,2.249929755926132202e-01,1.525868624448776245e-01,-1.218919530510902405e-01,-4.457939788699150085e-02,2.266164124011993408e-02,7.669589668512344360e-02,-2.852926552295684814e-01,-3.231027126312255859e-01,-3.190588355064392090e-01,-2.402976900339126587e-01,-2.522454559803009033e-01,-4.001097381114959717e-01,3.016035072505474091e-02,3.358144685626029968e-02,-7.410021126270294189e-02,-9.829714894294738770e-03,-2.581620588898658752e-03,1.318483650684356689e-01,-2.967335581779479980e-01,-2.428768277168273926e-01,3.875805437564849854e-02,3.703036904335021973e-02,3.506712615489959717e-02,5.034088715910911560e-02,4.225737228989601135e-02,-2.674554847180843353e-02,-1.000042855739593506e-01,-8.102235943078994751e-02,3.198282420635223389e-01,2.642531394958496094e-01,1.708095371723175049e-01,1.354062259197235107e-01,4.199594259262084961e-01,1.717637926340103149e-01,4.484002292156219482e-01,3.656995296478271484e-01,-2.608876526355743408e-01,-3.142695426940917969e-01,-2.987269461154937744e-01,-3.774069249629974365e-01,1.255922615528106689e-01,3.842357173562049866e-02,2.665627561509609222e-02,3.898636251688003540e-02,1.561707407236099243e-01,1.889539211988449097e-01,5.339435487985610962e-02,9.535099565982818604e-02,-2.491487190127372742e-02,-1.076242700219154358e-01,-3.610363975167274475e-02,2.142432928085327148e-01,2.349926233291625977e-01,3.152363300323486328e-01,-1.436696499586105347e-01,-8.464502543210983276e-02,-2.140507288277149200e-02,-7.873272895812988281e-02,-8.329684846103191376e-03,2.924703527241945267e-03,5.130693316459655762e-02,-1.923768520355224609e-01,2.392885647714138031e-02,5.290784686803817749e-02,-6.391738355159759521e-02,-7.384281605482101440e-02,-2.067812532186508179e-01,-2.270736992359161377e-01,-3.493578433990478516e-01,-1.003315597772598267e-01,5.315044149756431580e-02,1.787147969007492065e-01,1.627364307641983032e-01,1.854788810014724731e-01,5.561647936701774597e-02,-1.849739402532577515e-01,-1.568800956010818481e-01,-1.543410122394561768e-01,-2.830611914396286011e-02,2.791123837232589722e-02,-4.714720696210861206e-02,-6.551928818225860596e-02,-2.585720717906951904e-01,-4.181896150112152100e-02,9.719444066286087036e-02,-1.331281512975692749e-01,-1.227953657507896423e-01,-9.434771537780761719e-02
2.925535738468170166e-01,2.740527689456939697e-01,-1.654655635356903076e-01,1.324936002492904663e-01,6.710301339626312256e-02,4.461032152175903320e-02,-5.152584239840507507e-02,1.721149682998657227e-01,1.305869370698928833e-01,-8.837867528200149536e-03,4.293824136257171631e-01,0.000000000000000000e+00,2.737725079059600830e-01,5.691672563552856445e-01,7.376585900783538818e-02,9.235510230064392090e-02,3.325198888778686523e-01,4.154837429523468018e-01,1.942157000303268433e-01,4.065248072147369385e-01,-6.991626694798469543e-03,3.509160876274108887e-02,-2.603397667407989502e-01,-1.207289844751358032e-01,-4.890909194946289062e-01,-2.639794647693634033e-01,-2.582412660121917725e-01,-1.087802425026893616e-01,3.121905624866485596e-01,5.331764817237854004e-01,1.037908345460891724e-02,-5.700593814253807068e-02,-2.529836297035217285e-01,4.279107600450515747e-02,-6.317026615142822266e-01,-5.777313709259033203e-01,-2.162919342517852783e-01,-1.324701458215713501e-01,-2.987074255943298340e-01,-2.972708940505981445e-01,-3.011440858244895935e-02,1.718398928642272949e-01,-8.185239136219024658e-02,1.867990791797637939e-01,-6.760243326425552368e-02,2.696529924869537354e-01,-2.215505838394165039e-01,-1.110339760780334473e-01,6.023690477013587952e-02,2.780199609696865082e-02,-7.623264938592910767e-02,7.063358556479215622e-03,6.981239467859268188e-02,-3.488482162356376648e-02,-5.132244154810905457e-02,6.350427865982055664e-02,8.740358799695968628e-02,2.603043988347053528e-02,-8.770027756690979004e-02,1.910000592470169067e-01,2.295831739902496338e-01,3.022699654102325439e-01,5.872146487236022949e-01,6.676144003868103027e-01,-5.866310596466064453e-01,-3.945221006870269775e-01,-5.738443136215209961e-01,-4.488759636878967285e-01,-8.094161748886108398e-02,-2.704719901084899902e-01,-9.108463674783706665e-02,-9.907817095518112183e-02,2.210509628057479858e-01,3.039093613624572754e-01,9.762912988662719727e-02,2.574247419834136963e-01,1.001628711819648743e-01,-1.023940928280353546e-02,2.144687175750732422e-01,2.601282298564910889e-01,2.984827160835266113e-01,4.044275581836700439e-01,-3.477275371551513672e-02,1.081958115100860596e-01,-2.543557286262512207e-01,1.821875572204589844e-02,-1.668515950441360474e-01,-2.034663707017898560e-01,-1.305924654006958008e-01,-2.189590334892272949e-01,6.670121103525161743e-02,2.151554822921752930e-02,8.773883432149887085e-02,-9.454797953367233276e-02,1.110287569463253021e-02,-4.593298584222793579e-02,-8.537327498197555542e-02,-7.465869188308715820e-02,2.329836785793304443e-01,2.197858095169067383e-01,2.878692746162414551e-01,2.199351042509078979e-01,9.821873158216476440e-02,-9.621573239564895630e-02,-1.491311639547348022e-01,-2.554143667221069336e-01,-8.082445710897445679e-04,4.270612820982933044e-02,1.124492883682250977e-01,-4.732659086585044861e-02,-2.544900476932525635e-01,-1.423625200986862183e-01,6.220478564500808716e-02,1.291786520596360788e-05,-1.685243695974349976e-01,-3.745872294530272484e-03
3.210017085075378418e-01,1.791238486766815186e-01,1.447067260742187500e-01,-3.876036778092384338e-02,1.709383167326450348e-02,8.096469193696975708e-02,3.402931690216064453e-01,-8.638761192560195923e-02,1.327290534973144531e-01,-2.609973959624767303e-02,5.218120813369750977e-01,2.737725079059600830e-01,0.000000000000000000e+00,3.604525327682495117e-01,4.213122725486755371e-01,1.508805155754089355e-01,9.322198480367660522e-02,1.177477315068244934e-01,8.837539702653884888e-02,5.721772462129592896e-02,1.764120012521743774e-01,4.120634496212005615e-02,2.553989291191101074e-01,8.992943167686462402e-02,-5.069985613226890564e-02,-8.977749198675155640e-02,8.870513737201690674e-02,-1.294536888599395752e-01,1.803589612245559692e-01,9.429922699928283691e-02,1.276775747537612915e-01,1.295819431543350220e-01,3.989739716053009033e-02,1.160054281353950500e-02,-8.938152343034744263e-02,-3.093132674694061279e-01,-3.907683491706848145e-02,-5.502600222826004028e-02,-4.667732492089271545e-02,-9.840065985918045044e-02,-1.693867295980453491e-01,-9.286788851022720337e-02,-1.411604434251785278e-01,-1.199766695499420166e-01,1.161452978849411011e-01,5.032820254564285278e-02,-3.343701958656311035e-01,-4.375897645950317383e-01,9.009690582752227783e-02,9.106345474720001221e-02,3.488278761506080627e-02,-4.488829895853996277e-02,-1.588390320539474487e-01,-2.233507484197616577e-01,5.069556459784507751e-02,-3.077813796699047089e-02,1.987747699022293091e-01,-7.203156128525733948e-03,-1.782817021012306213e-02,-1.466130167245864868e-01,3.000867962837219238e-01,-3.414180129766464233e-02,1.628933995962142944e-01,1.139682680368423462e-01,2.271305210888385773e-02,-1.194072365760803223e-01,-1.647401154041290283e-01,-3.539829850196838379e-01,8.898584544658660889e-02,-5.371560528874397278e-02,1.224526092410087585e-01,1.628436334431171417e-02,1.674662679433822632e-01,2.178368568420410156e-01,1.166601404547691345e-01,1.644742637872695923e-01,5.107112973928451538e-02,-1.586226522922515869e-01,8.575362712144851685e-02,4.364871606230735779e-02,2.250705808401107788e-01,1.928478926420211792e-01,-1.248011365532875061e-02,-1.402262412011623383e-02,2.304014861583709717e-01,-9.849983453750610352e-02,6.560007482767105103e-02,8.763591945171356201e-02,-7.102818787097930908e-02,-3.166831135749816895e-01,-1.773020029067993164e-01,-4.852212220430374146e-02,-1.686300039291381836e-01,-1.341435760259628296e-01,1.605701632797718048e-02,-1.234722658991813660e-01,-1.132343187928199768e-01,-3.065609000623226166e-02,-4.510519560426473618e-03,1.705610156059265137e-01,7.974404841661453247e-02,-1.242084801197052002e-02,4.964757338166236877e-02,-2.367555946111679077e-01,-1.658499240875244141e-01,-1.135389283299446106e-01,-3.364535793662071228e-02,5.533563345670700073e-02,5.398217216134071350e-02,-3.317036479711532593e-02,-2.616955637931823730e-01,-1.483773142099380493e-01,-9.322271496057510376e-02,-9.612726420164108276e-02,-1.342498958110809326e-01,-9.168790280818939209e-02
