0.000000000000000000e+00,6.216012239456176758e-01,3.162745535373687744e-01,9.530717134475708008e-02,-2.478591501712799072e-01,-2.798142731189727783e-01,1.305334270000457764e-01,-2.044021040201187134e-01,-1.528857797384262085e-01,-1.666419506072998047e-01,5.482295751571655273e-01,3.522485792636871338e-01,4.154753386974334717e-01,2.117980122566223145e-01,1.122882142663002014e-01,-5.259725451469421387e-02,3.546519577503204346e-01,3.735653162002563477e-01,6.366601586341857910e-01,6.061978936195373535e-01,-1.256537437438964844e-01,-2.337112277746200562e-01,8.039974421262741089e-02,-7.343587279319763184e-02,-3.141121566295623779e-01,-2.809511721134185791e-01,-6.900630891323089600e-02,-1.271796375513076782e-01,2.793710231781005859e-01,1.024842634797096252e-01,-6.967324763536453247e-02,-9.887627512216567993e-02,2.260242961347103119e-02,2.031997777521610260e-02,-2.142684310674667358e-01,-2.579143643379211426e-01,-3.923006355762481689e-02,-1.646431162953376770e-02,-1.241531819105148315e-01,-1.875065416097640991e-01,1.148896068334579468e-01,-2.999835461378097534e-02,-6.130957230925559998e-02,1.804737895727157593e-01,-1.561302691698074341e-01,4.295216873288154602e-03,-2.366927638649940491e-02,1.100484002381563187e-02,-2.737616896629333496e-01,1.440568417310714722e-01,-2.987807095050811768e-01,1.188822090625762939e-01,4.046785831451416016e-02,-4.995064809918403625e-02,-1.321391463279724121e-01,-3.140674903988838196e-02,6.513368487358093262e-01,5.400595664978027344e-01,4.281050264835357666e-01,2.050797790288925171e-01,3.949808776378631592e-01,-3.578363684937357903e-03,4.021921157836914062e-01,2.348562628030776978e-01,2.566997706890106201e-02,-2.164800167083740234e-01,-3.047441244125366211e-01,-2.635110616683959961e-01,4.585357308387756348e-01,1.484803706407546997e-01,-1.814056634902954102e-01,-1.525764614343643188e-01,-2.044099420309066772e-01,-2.490010559558868408e-01,-4.782332107424736023e-02,-8.269381523132324219e-02,-1.654558181762695312e-01,-9.202198684215545654e-02,-4.254647716879844666e-02,5.526500754058361053e-03,1.542782038450241089e-01,7.403054833412170410e-02,1.211644783616065979e-01,6.554594729095697403e-03,2.306145429611206055e-01,-1.110728010535240173e-01,-1.418275199830532074e-02,-1.637373864650726318e-01,7.150229066610336304e-02,-1.501877456903457642e-01,-2.191768735647201538e-01,-2.859891951084136963e-01,-3.190833628177642822e-01,-3.771799206733703613e-01,-9.089717268943786621e-02,-1.257282048463821411e-01,-2.565873563289642334e-01,-1.177919954061508179e-01,-2.803508043289184570e-01,-2.763760089874267578e-01,-9.888106584548950195e-02,-3.175971806049346924e-01,-1.632274985313415527e-01,-2.810430824756622314e-01,-1.302092714468017220e-04,-1.689751744270324707e-01,-1.215064898133277893e-01,-1.473977714776992798e-01,-1.616640388965606689e-01,-7.033590972423553467e-02,-1.201194077730178833e-01,-2.575730383396148682e-01,-5.819362774491310120e-02,1.626705378293991089e-02,-6.595843937247991562e-03,6.252781301736831665e-02
6.216012239456176758e-01,0.000000000000000000e+00,1.452505141496658325e-01,4.827369377017021179e-02,-8.033201098442077637e-02,-1.492532938718795776e-01,-1.383744925260543823e-01,-2.195073068141937256e-01,-2.006750851869583130e-01,-7.262765616178512573e-02,3.110584318637847900e-01,3.428376019001007080e-01,2.043308615684509277e-01,1.888617873191833496e-01,4.316743090748786926e-02,4.238741844892501831e-02,3.047755658626556396e-01,4.172371923923492432e-01,4.844699203968048096e-01,5.565758943557739258e-01,-8.819264173507690430e-02,-1.354995816946029663e-01,-1.396943442523479462e-02,-1.019913554191589355e-01,-1.507670134305953979e-01,-1.499973088502883911e-01,3.555569797754287720e-02,-2.025174908339977264e-02,1.307050436735153198e-01,8.313573896884918213e-02,-5.136375129222869873e-02,-6.358540803194046021e-02,-8.900641649961471558e-02,-6.557862460613250732e-02,-3.174181282520294189e-01,-3.561616241931915283e-01,-8.217914402484893799e-02,-1.828809827566146851e-02,3.071833774447441101e-02,2.873332053422927856e-02,5.040685459971427917e-02,-8.514611981809139252e-03,-6.846690177917480469e-02,9.970478713512420654e-02,-1.266087889671325684e-01,-4.797673597931861877e-02,-5.439537391066551208e-02,-8.775573223829269409e-02,-2.869365811347961426e-01,5.036118254065513611e-02,-2.857699692249298096e-01,1.299464516341686249e-02,1.048537790775299072e-01,-4.493441805243492126e-02,2.036943286657333374e-02,-3.529322519898414612e-02,6.220554113388061523e-01,7.095719575881958008e-01,2.014020383358001709e-01,2.474394142627716064e-01,1.878673583269119263e-01,-1.034116148948669434e-01,2.639018595218658447e-01,2.389370054006576538e-01,-7.278306782245635986e-02,-3.025749027729034424e-01,-3.649331033229827881e-01,-3.327940702438354492e-01,4.222969412803649902e-01,2.754442691802978516e-01,-2.676507234573364258e-01,-2.026406377553939819e-01,-3.426063656806945801e-01,-2.554156482219696045e-01,-1.755352616310119629e-01,-9.765741974115371704e-02,-2.658599019050598145e-01,-1.423607766628265381e-01,-4.161237739026546478e-03,8.811414986848831177e-02,2.452589869499206543e-01,9.966345131397247314e-02,1.867693513631820679e-01,1.079463399946689606e-02,2.487874031066894531e-01,-3.885179385542869568e-02,3.987293690443038940e-02,-3.649450838565826416e-02,1.599151492118835449e-01,-8.014427125453948975e-02,-3.074363768100738525e-01,-4.157629013061523438e-01,-3.617695271968841553e-01,-4.127884209156036377e-01,-4.688297957181930542e-02,-5.379541218280792236e-02,-2.542323470115661621e-01,-1.365278214216232300e-01,-1.721510142087936401e-01,-3.626200258731842041e-01,7.442580163478851318e-02,-3.086302876472473145e-01,-8.328382670879364014e-02,-2.636443972587585449e-01,9.274133294820785522e-02,-1.201359257102012634e-01,-9.630350768566131592e-02,-1.512865573167800903e-01,-9.354148060083389282e-02,-4.870250821113586426e-02,-2.442092299461364746e-01,-3.280846774578094482e-01,-4.511063918471336365e-02,-1.458280067890882492e-02,9.192682057619094849e-02,1.824726611375808716e-01
3.162745535373687744e-01,1.452505141496658325e-01,0.000000000000000000e+00,3.615303337574005127e-01,-2.916811108589172363e-01,-2.630651593208312988e-01,4.843304455280303955e-01,-4.667794331908226013e-02,3.955448791384696960e-02,-8.377850800752639771e-02,1.576500535011291504e-01,-1.271472591906785965e-02,2.975121140480041504e-01,-7.242996990680694580e-02,1.868394315242767334e-01,-1.857166141271591187e-01,1.765096336603164673e-01,1.182082667946815491e-01,3.405209779739379883e-01,3.498796224594116211e-01,-5.626819282770156860e-02,-2.545168995857238770e-01,5.830348730087280273e-01,3.007224500179290771e-01,-1.010209098458290100e-01,-1.527356207370758057e-01,-1.846063286066055298e-01,-2.517736852169036865e-01,2.080802321434020996e-01,1.861858516931533813e-01,1.181635931134223938e-01,1.572343558073043823e-01,1.803510785102844238e-01,1.075005903840065002e-01,2.387306392192840576e-01,6.051621958613395691e-02,1.072610844857990742e-03,-1.047262474894523621e-01,-2.885931730270385742e-01,-4.018017053604125977e-01,7.352807372808456421e-02,-2.196650356054306030e-01,2.501325607299804688e-01,3.137578666210174561e-01,2.339670360088348389e-01,2.796463072299957275e-01,2.018350958824157715e-01,2.038263678550720215e-01,8.019170165061950684e-02,1.812394410371780396e-01,7.355602830648422241e-02,8.308592438697814941e-02,-1.945876628160476685e-01,-2.128435820341110229e-01,-2.546093761920928955e-01,-9.628477692604064941e-02,1.646457612514495850e-01,9.995679371058940887e-03,2.130397856235504150e-01,-1.410445570945739746e-01,8.935895562171936035e-02,-2.295553833246231079e-01,2.001854404807090759e-02,-2.261753231287002563e-01,4.615415632724761963e-01,7.252191007137298584e-02,2.163053750991821289e-01,1.093649342656135559e-01,1.654708236455917358e-01,-1.605760008096694946e-01,-1.772925071418285370e-02,-3.431384451687335968e-03,8.494706451892852783e-02,7.256968319416046143e-02,2.168363519012928009e-02,4.299994185566902161e-02,5.917325243353843689e-02,2.095125429332256317e-02,1.682894527912139893e-01,-3.963989019393920898e-02,-8.397983759641647339e-02,-4.313505440950393677e-02,-1.646671742200851440e-01,-2.184628099203109741e-01,-6.077369675040245056e-02,-2.298859208822250366e-01,-1.728489696979522705e-01,-2.862264215946197510e-01,-2.100338637828826904e-01,-2.813933789730072021e-01,-8.221597224473953247e-02,9.138292074203491211e-02,-4.048854857683181763e-02,3.473530709743499756e-02,-1.217346414923667908e-01,-2.054283022880554199e-02,-1.441222131252288818e-01,1.977094449102878571e-02,-1.083230674266815186e-01,5.195445567369461060e-02,-1.540833413600921631e-01,-1.102344691753387451e-02,-8.889314532279968262e-02,-5.278626456856727600e-02,-2.811039090156555176e-01,-2.504564225673675537e-01,-1.715891808271408081e-01,-2.437423318624496460e-01,-1.169094294309616089e-01,7.835892587900161743e-02,-9.474059939384460449e-02,4.309827461838722229e-02,7.312260102480649948e-03,1.390292793512344360e-01,-6.514254212379455566e-02,-1.478601396083831787e-01
9.530717134475708008e-02,4.827369377017021179e-02,3.615303337574005127e-01,0.000000000000000000e+00,-1.556725502014160156e-01,-1.649851351976394653e-02,3.025121092796325684e-01,2.718132734298706055e-01,1.170209348201751709e-01,1.710041463375091553e-01,-1.267510652542114258e-01,-5.060597136616706848e-02,7.036758214235305786e-02,1.751880645751953125e-01,2.813079953193664551e-02,1.312907189130783081e-01,1.269387602806091309e-01,-1.002580150961875916e-01,2.171030044555664062e-01,2.355057597160339355e-01,-2.206083238124847412e-01,-1.592139005661010742e-01,4.227500557899475098e-01,2.828543782234191895e-01,8.092271536588668823e-02,1.573362946510314941e-01,-4.863018635660409927e-03,-6.239334866404533386e-02,1.803542375564575195e-01,1.673619598150253296e-01,-4.840333014726638794e-02,1.173653379082679749e-01,1.878212019801139832e-02,1.462929546833038330e-01,1.368578821420669556e-01,5.195305123925209045e-02,-1.085035428404808044e-01,-5.761212483048439026e-02,-3.660282194614410400e-01,-2.758203744888305664e-01,-1.069612279534339905e-01,-2.931958138942718506e-01,6.840618699789047241e-02,5.546578019857406616e-02,9.079781174659729004e-02,1.091163381934165955e-01,4.815407842397689819e-02,4.569644108414649963e-02,-7.777596265077590942e-02,-9.184118360280990601e-02,-7.425052672624588013e-02,-6.457246840000152588e-02,-3.278116583824157715e-01,1.325059775263071060e-02,-4.433579742908477783e-01,-2.458437681198120117e-01,6.944354623556137085e-02,3.594645857810974121e-02,1.446948945522308350e-01,-1.703205257654190063e-01,3.025768883526325226e-02,1.363856643438339233e-01,-6.637546420097351074e-02,-1.295694708824157715e-01,2.089890688657760620e-01,2.372303903102874756e-01,8.175176382064819336e-02,1.937938779592514038e-01,2.128454595804214478e-01,4.082516208291053772e-02,-2.270591817796230316e-02,2.046680450439453125e-01,7.269267737865447998e-02,7.382551580667495728e-02,1.811237656511366367e-03,1.766794621944427490e-01,-7.988744229078292847e-02,8.835475891828536987e-02,1.217564120888710022e-01,2.220266312360763550e-01,-4.937015473842620850e-04,2.103315889835357666e-01,-2.808686494827270508e-01,-2.475989051163196564e-02,-2.044235020875930786e-01,1.037406250834465027e-01,-3.332551121711730957e-01,-1.140211746096611023e-01,-4.004256427288055420e-01,3.247226774692535400e-02,6.410331279039382935e-02,1.893665939569473267e-01,4.583217948675155640e-02,2.649051249027252197e-01,-2.459200471639633179e-01,1.600998491048812866e-01,-2.111772447824478149e-02,1.644101440906524658e-01,-1.163685396313667297e-01,-8.899480104446411133e-03,-1.844848394393920898e-01,-3.768311813473701477e-02,-2.441404163837432861e-01,-1.305033415555953979e-01,-4.255118072032928467e-01,-3.444401323795318604e-01,-3.614158034324645996e-01,-2.326973378658294678e-01,-7.937763631343841553e-02,2.388285547494888306e-01,5.877854302525520325e-03,1.592314541339874268e-01,-1.781490072607994080e-02,1.955747455358505249e-01,1.508374810218811035e-01,-5.656548961997032166e-02
-2.478591501712799072e-01,-8.033201098442077637e-02,-2.916811108589172363e-01,-1.556725502014160156e-01,0.000000000000000000e+00,5.832025408744812012e-01,-4.657172858715057373e-01,-1.803237795829772949e-01,3.288878202438354492e-01,1.181481927633285522e-01,-1.872106194496154785e-01,-2.403449416160583496e-01,-2.981764674186706543e-01,-1.720731705427169800e-01,1.948890239000320435e-01,3.905609846115112305e-01,-2.896870374679565430e-01,-2.784048616886138916e-01,-2.031195908784866333e-01,-1.225690245628356934e-01,1.767644435167312622e-01,4.604540169239044189e-01,-2.517969012260437012e-01,1.751836687326431274e-01,5.384550094604492188e-01,5.590593218803405762e-01,5.053011178970336914e-01,5.915588736534118652e-01,-2.161267399787902832e-01,-1.824149191379547119e-01,1.393322348594665527e-01,1.207469105720520020e-01,-1.600661724805831909e-01,-2.481908053159713745e-01,-2.206267863512039185e-01,-2.404972910881042480e-01,-1.991591155529022217e-01,-8.310482650995254517e-02,4.739860594272613525e-01,5.143077373504638672e-01,-2.411805279552936554e-02,2.831653356552124023e-01,-1.788251698017120361e-01,-2.175114601850509644e-01,-1.497057974338531494e-01,-2.920690476894378662e-01,-1.390047818422317505e-01,-2.007191926240921021e-01,-1.336548626422882080e-01,-1.838146597146987915e-01,-2.398217171430587769e-01,-2.124285548925399780e-01,1.164941489696502686e-01,3.677677735686302185e-02,4.349346160888671875e-01,1.847671717405319214e-01,-2.416170388460159302e-01,2.364836260676383972e-02,-2.983509600162506104e-01,1.454946100711822510e-01,-3.390362262725830078e-01,-1.660683304071426392e-01,-2.093595266342163086e-01,-2.075948379933834076e-02,-1.407235562801361084e-01,-1.913707405328750610e-01,-1.357494890689849854e-01,-1.599149852991104126e-01,-1.252242326736450195e-01,1.238432079553604126e-01,1.613932475447654724e-02,3.994854167103767395e-03,-2.232614457607269287e-01,-1.611196547746658325e-01,1.613999456167221069e-01,1.481092534959316254e-02,-2.396892160177230835e-01,-1.501910388469696045e-01,-1.364427059888839722e-01,-2.733145095407962799e-02,1.136887259781360626e-02,-1.884732693433761597e-01,2.315733581781387329e-01,1.525890380144119263e-01,1.518348008394241333e-01,8.129159361124038696e-02,3.432103395462036133e-01,3.621582388877868652e-01,3.351503312587738037e-01,1.884857565164566040e-01,-2.896449267864227295e-01,-3.005565702915191650e-01,-2.759129405021667480e-01,-1.678717285394668579e-01,3.184306621551513672e-01,1.389671862125396729e-01,5.883107706904411316e-02,-3.276335448026657104e-02,-4.641011357307434082e-02,-1.832722723484039307e-01,5.026891827583312988e-02,8.151426166296005249e-02,8.147409558296203613e-02,7.620995491743087769e-02,1.728565841913223267e-01,1.412702351808547974e-01,7.940378785133361816e-02,2.253577560186386108e-01,1.887598782777786255e-01,6.162563338875770569e-02,-3.025429248809814453e-01,-3.156126439571380615e-01,-9.908618777990341187e-02,-7.818362861871719360e-02,6.045332551002502441e-02,1.828548908233642578e-01
-2.798142731189727783e-01,-1.492532938718795776e-01,-2.630651593208312988e-01,-1.649851351976394653e-02,5.832025408744812012e-01,0.000000000000000000e+00,-3.446821868419647217e-01,-1.624669996090233326e-03,4.064893424510955811e-01,4.074432551860809326e-01,-2.585666179656982422e-01,-2.699783444404602051e-01,-3.294772505760192871e-01,-1.742155700922012329e-01,1.390451490879058838e-01,3.361104130744934082e-01,-2.098801583051681519e-01,-2.683073580265045166e-01,-1.964294761419296265e-01,-1.148405224084854126e-01,9.940268099308013916e-02,3.436433672904968262e-01,-1.831947118043899536e-01,1.565768569707870483e-01,4.904417991638183594e-01,5.716014504432678223e-01,3.609965443611145020e-01,4.537690877914428711e-01,-1.299817711114883423e-01,-7.335126399993896484e-02,1.680860817432403564e-01,2.386763840913772583e-01,-8.696816861629486084e-02,-5.373366177082061768e-02,-1.136534959077835083e-01,-1.002903357148170471e-01,-2.266999483108520508e-01,-9.437604248523712158e-02,2.722859084606170654e-01,3.644914627075195312e-01,-1.004458069801330566e-01,1.463304013013839722e-01,-1.016021594405174255e-01,-2.095773965120315552e-01,-6.542465835809707642e-02,-2.068904489278793335e-01,-9.612433612346649170e-02,-1.502468138933181763e-01,-1.363695692270994186e-02,-1.781883835792541504e-01,-1.062243804335594177e-01,-2.630252540111541748e-01,4.058267921209335327e-02,-1.172894891351461411e-02,2.254711538553237915e-01,3.647731989622116089e-02,-2.342997640371322632e-01,-9.438616037368774414e-02,-2.460901439189910889e-01,1.282203663140535355e-02,-2.605030238628387451e-01,-7.636632025241851807e-02,-1.901123821735382080e-01,-5.581792071461677551e-02,-1.108898073434829712e-01,-8.900410681962966919e-02,-7.663442194461822510e-02,-5.045333504676818848e-02,-6.197004765272140503e-02,1.541592031717300415e-01,-2.595451846718788147e-02,6.758361309766769409e-02,-9.218882024288177490e-02,-1.116170808672904968e-01,1.606042236089706421e-01,1.554499100893735886e-02,-2.141221016645431519e-01,-1.449048519134521484e-01,-6.235524266958236694e-02,2.840314060449600220e-02,-9.168378077447414398e-03,-1.333825588226318359e-01,7.149782031774520874e-02,8.551503717899322510e-02,1.380775868892669678e-02,8.019370585680007935e-02,1.741226613521575928e-01,2.811731696128845215e-01,2.318649291992187500e-01,1.837878525257110596e-01,-1.243217810988426208e-01,-1.528177857398986816e-01,-1.743552386760711670e-01,-7.286760956048965454e-02,2.277584224939346313e-01,1.863198578357696533e-01,1.568834781646728516e-01,4.809414967894554138e-02,7.132838480174541473e-03,-1.390215754508972168e-01,-4.019558057188987732e-02,1.620041206479072571e-02,-6.802988052368164062e-02,-2.738479152321815491e-02,1.765481196343898773e-02,-2.717172028496861458e-03,-1.360073965042829514e-02,6.531208753585815430e-02,2.045206874608993530e-01,1.654179543256759644e-01,-1.526289284229278564e-01,-9.586606174707412720e-02,-3.266464546322822571e-02,-4.874520748853683472e-02,8.084551990032196045e-02,6.450799852609634399e-02
1.305334270000457764e-01,-1.383744925260543823e-01,4.843304455280303955e-01,3.025121092796325684e-01,-4.657172858715057373e-01,-3.446821868419647217e-01,0.000000000000000000e+00,3.346835374832153320e-01,-5.504224076867103577e-02,-6.333235651254653931e-02,1.419956386089324951e-01,2.373582124710083008e-02,2.883028388023376465e-01,3.997396677732467651e-02,-8.509618043899536133e-02,-2.408636659383773804e-01,2.000035196542739868e-01,1.047033518552780151e-01,2.012749612331390381e-01,7.254851609468460083e-02,-1.657007634639739990e-01,-2.785656750202178955e-01,4.499543607234954834e-01,-2.876041829586029053e-02,-2.858945727348327637e-01,-2.746582627296447754e-01,-3.891369700431823730e-01,-3.441318273544311523e-01,1.530010104179382324e-01,8.015590906143188477e-02,1.209947988390922546e-01,9.129165112972259521e-02,3.413078188896179199e-01,3.296442925930023193e-01,3.555532693862915039e-01,2.098004817962646484e-01,8.441425859928131104e-02,-3.034981666132807732e-03,-3.816393017768859863e-01,-4.240945875644683838e-01,-5.745211616158485413e-02,-2.618299126625061035e-01,1.554177850484848022e-01,1.638830900192260742e-01,1.710126996040344238e-01,2.243787348270416260e-01,1.073396578431129456e-01,1.535879522562026978e-01,1.114011183381080627e-01,1.198781207203865051e-01,1.735623329877853394e-01,7.169003784656524658e-02,-2.191502749919891357e-01,-1.259976476430892944e-01,-4.333177804946899414e-01,-1.791686862707138062e-01,4.412089288234710693e-02,-1.800220906734466553e-01,2.772660553455352783e-01,-2.179070115089416504e-01,2.864801883697509766e-01,1.802940666675567627e-01,1.165775582194328308e-02,-1.444651484489440918e-01,2.019477635622024536e-01,2.840543091297149658e-01,3.045858740806579590e-01,2.657767236232757568e-01,3.024647757411003113e-02,-1.813266277313232422e-01,1.302370578050613403e-01,1.112330555915832520e-01,2.281159758567810059e-01,1.906935870647430420e-01,-4.703045357018709183e-03,7.522206008434295654e-02,3.278112709522247314e-01,2.421666979789733887e-01,1.770585626363754272e-01,5.769809335470199585e-02,-1.494178473949432373e-01,9.804182685911655426e-03,-2.306402176618576050e-01,-2.004940509796142578e-01,-2.973538339138031006e-01,-1.897811144590377808e-01,-3.691732287406921387e-01,-3.748405575752258301e-01,-3.305943310260772705e-01,-2.123479843139648438e-01,2.188412696123123169e-01,2.665035128593444824e-01,1.899322569370269775e-01,2.076950520277023315e-01,-2.158778458833694458e-01,-5.107675865292549133e-02,-1.158848404884338379e-01,3.179252892732620239e-02,2.738566510379314423e-02,2.097357511520385742e-01,-1.214761510491371155e-01,7.072456181049346924e-02,-5.755399167537689209e-02,7.375443819910287857e-03,-2.468240410089492798e-01,-1.882217973470687866e-01,-1.695695370435714722e-01,-1.673020571470260620e-01,-5.968940258026123047e-02,-1.047930773347616196e-02,4.221662133932113647e-02,2.439625263214111328e-01,7.858707755804061890e-02,1.320053935050964355e-01,-1.226071733981370926e-02,-1.155002862215042114e-01
-2.044021040201187134e-01,-2.195073068141937256e-01,-4.667794331908226013e-02,2.718132734298706055e-01,-1.803237795829772949e-01,-1.624669996090233326e-03,3.346835374832153320e-01,0.000000000000000000e+00,4.304311797022819519e-02,3.194326460361480713e-01,-1.630366742610931396e-01,1.310595273971557617e-01,8.297589421272277832e-02,6.913310289382934570e-02,-1.736069619655609131e-01,-1.789492517709732056e-01,4.832721874117851257e-02,2.378519997000694275e-02,-1.327438503503799438e-01,-1.349162906408309937e-01,-1.330187767744064331e-01,-1.781015098094940186e-01,9.727209806442260742e-02,-1.399149000644683838e-01,-1.244926974177360535e-01,-6.327828019857406616e-02,-1.833391934633255005e-01,-1.958151608705520630e-01,-1.919810920953750610e-01,3.299578651785850525e-02,-1.610794067382812500e-01,-1.288725137710571289e-01,-4.412008076906204224e-02,1.184353902935981750e-01,8.374865353107452393e-02,1.379606723785400391e-01,-1.268522590398788452e-01,-1.095884591341018677e-01,-2.265591025352478027e-01,-2.137145549058914185e-01,-3.158195316791534424e-01,-3.015305697917938232e-01,-1.043305099010467529e-01,-1.930845230817794800e-01,-2.461900003254413605e-04,-3.012052364647388458e-02,-7.829687744379043579e-02,-8.798559010028839111e-02,2.228217571973800659e-01,3.114935196936130524e-02,2.507842481136322021e-01,-3.952278941869735718e-02,5.654328037053346634e-03,-1.222655400633811951e-01,-2.903334796428680420e-01,-5.035768747329711914e-01,-1.251428127288818359e-01,-1.584417968988418579e-01,1.392600089311599731e-01,2.562223933637142181e-03,1.802899390459060669e-01,5.400391221046447754e-01,-2.302748411893844604e-01,-1.134140715003013611e-01,-1.144953891634941101e-01,3.480166494846343994e-01,3.517293371260166168e-03,1.737124174833297729e-01,-1.169721931219100952e-01,-1.324115991592407227e-01,1.752462834119796753e-01,4.086263850331306458e-02,2.130268216133117676e-01,2.633457183837890625e-01,1.459604501724243164e-02,1.266593765467405319e-02,1.683478057384490967e-01,3.354408591985702515e-02,1.929410547018051147e-01,-1.043239235877990723e-02,-1.224290058016777039e-01,-9.333461523056030273e-02,-9.884751588106155396e-02,-3.067910671234130859e-01,-2.749201357364654541e-01,-2.488837838172912598e-01,-2.316597700119018555e-01,-2.779953777790069580e-01,-7.002333551645278931e-02,-1.972183883190155029e-01,3.291109204292297363e-01,2.060729861259460449e-01,4.074892997741699219e-01,2.189025878906250000e-01,-2.376505136489868164e-01,5.946082621812820435e-02,1.195127442479133606e-01,8.593982458114624023e-02,2.894601821899414062e-01,2.455688863992691040e-01,6.215259805321693420e-02,1.317889839410781860e-01,1.660340428352355957e-01,1.440207213163375854e-01,-1.142659187316894531e-01,-1.730550676584243774e-01,-1.206981465220451355e-01,-1.245522275567054749e-01,4.301645793020725250e-03,2.727554924786090851e-02,1.662538200616836548e-01,3.967423439025878906e-01,1.238649040460586548e-01,1.867695897817611694e-02,6.378899514675140381e-02,-4.881625249981880188e-02
-1.528857797384262085e-01,-2.006750851869583130e-01,3.955448791384696960e-02,1.170209348201751709e-01,3.288878202438354492e-01,4.064893424510955811e-01,-5.504224076867103577e-02,4.304311797022819519e-02,0.000000000000000000e+00,3.986625075340270996e-01,-2.088629901409149170e-01,-2.145407497882843018e-01,-2.294044010341167450e-02,-1.209053471684455872e-01,7.283041626214981079e-02,1.701294034719467163e-01,-5.150687694549560547e-02,-2.134479284286499023e-01,-1.165646836161613464e-01,-1.158652827143669128e-01,1.309253089129924774e-02,8.023797720670700073e-02,5.727396160364151001e-02,1.863055527210235596e-01,4.241389036178588867e-01,3.661402761936187744e-01,2.128833830356597900e-01,1.975075751543045044e-01,-4.751147702336311340e-02,-2.752858586609363556e-02,8.729829639196395874e-02,1.405697613954544067e-01,2.032174728810787201e-02,2.701240032911300659e-02,4.655518010258674622e-02,1.667778752744197845e-02,-8.748877793550491333e-02,-4.969464614987373352e-02,8.874697377905249596e-04,1.095955073833465576e-02,-9.020094573497772217e-02,-1.963400281965732574e-02,4.353861883282661438e-02,-1.357671245932579041e-02,3.118443302810192108e-02,-3.427175432443618774e-02,2.442821487784385681e-02,2.440601214766502380e-02,7.268888875842094421e-03,3.554192185401916504e-02,3.704613074660301208e-02,6.164725497364997864e-02,1.654646184761077166e-04,1.385000050067901611e-01,-3.776636440306901932e-03,4.249224066734313965e-02,-8.488610386848449707e-02,-1.552861630916595459e-01,-7.013299316167831421e-02,-8.716862648725509644e-02,-4.037033393979072571e-02,-1.812966354191303253e-02,-1.423343420028686523e-01,-1.610510051250457764e-01,2.262137979269027710e-01,5.165657401084899902e-02,-7.176165003329515457e-03,-4.017640650272369385e-02,9.682093746960163116e-03,2.943769656121730804e-02,2.084669284522533417e-02,8.270864933729171753e-02,4.075596854090690613e-02,-4.910334572196006775e-02,-1.991151459515094757e-02,-1.631616503000259399e-01,-1.425906419754028320e-01,-1.023785918951034546e-01,4.815981164574623108e-02,6.539984024129807949e-04,7.214445620775222778e-03,3.717454150319099426e-03,-9.472683817148208618e-02,2.456871792674064636e-02,3.643761947751045227e-02,7.273580878973007202e-02,-7.306892424821853638e-02,2.459924295544624329e-02,-3.570876270532608032e-02,8.837208896875381470e-02,-2.393964305520057678e-02,1.268323510885238647e-01,-2.766778692603111267e-02,8.856046199798583984e-02,-1.794240176677703857e-01,6.560960412025451660e-02,-4.043610394001007080e-02,1.042621880769729614e-01,-7.117853313684463501e-02,-4.207162931561470032e-02,-1.879929751157760620e-01,7.658001035451889038e-03,-1.066969484090805054e-01,-2.245204523205757141e-02,-1.252876669168472290e-01,-3.821306675672531128e-02,-6.369088590145111084e-02,-6.164155527949333191e-02,-8.107974380254745483e-02,8.636981248855590820e-02,-7.866876199841499329e-03,7.087419182062149048e-02,-8.027173578739166260e-02,1.212089732289314270e-01,1.223078817129135132e-01,3.222973272204399109e-02
-1.666419506072998047e-01,-7.262765616178512573e-02,-8.377850800752639771e-02,1.710041463375091553e-01,1.181481927633285522e-01,4.074432551860809326e-01,-6.333235651254653931e-02,3.194326460361480713e-01,3.986625075340270996e-01,0.000000000000000000e+00,-2.412724643945693970e-01,-4.796686116605997086e-03,-9.916722774505615234e-02,-5.832578241825103760e-02,-1.152539700269699097e-01,1.069915816187858582e-01,-1.322769466787576675e-02,-5.347933247685432434e-02,-2.414938211441040039e-01,-1.650749891996383667e-01,8.683359622955322266e-02,8.398292213678359985e-02,9.879707545042037964e-02,1.264183521270751953e-01,2.405194640159606934e-01,3.074632585048675537e-01,-1.215997431427240372e-02,6.584603339433670044e-03,-2.440731823444366455e-01,-8.781489729881286621e-02,7.487356662750244141e-02,1.035499200224876404e-01,-1.849777530878782272e-03,1.323762834072113037e-01,1.309923678636550903e-01,1.226022914052009583e-01,1.365545764565467834e-02,9.920397400856018066e-02,-7.787197828292846680e-02,2.105388231575489044e-02,-5.010934546589851379e-02,-3.325918316841125488e-02,9.980391710996627808e-03,-1.638582199811935425e-01,-7.910569012165069580e-02,-1.557270884513854980e-01,1.665320829488337040e-03,-3.910303488373756409e-02,1.861714944243431091e-02,-9.913936257362365723e-02,7.087548822164535522e-02,-1.831417381763458252e-01,1.172244399785995483e-01,-1.175928860902786255e-02,-9.277895838022232056e-02,-1.528838574886322021e-01,-2.070217579603195190e-02,-5.422957614064216614e-02,2.112075872719287872e-02,-5.168077722191810608e-02,6.052109599113464355e-02,1.834729760885238647e-01,-1.787867546081542969e-01,-1.041824668645858765e-01,1.191548183560371399e-01,2.270526736974716187e-01,1.269844826310873032e-02,9.151255339384078979e-02,4.380549862980842590e-02,2.738981507718563080e-02,1.158107295632362366e-01,5.125122144818305969e-02,4.119617491960525513e-02,9.294258803129196167e-02,8.239546418190002441e-02,-3.209282457828521729e-02,5.486325174570083618e-02,7.076885551214218140e-02,-1.793103176169097424e-03,-6.447585672140121460e-02,2.549710869789123535e-02,-2.516453526914119720e-02,-7.272009551525115967e-02,-5.983696132898330688e-02,-3.705670684576034546e-02,-5.082810670137405396e-02,-1.629893630743026733e-01,-1.467723250389099121e-01,9.845270961523056030e-02,-8.372511714696884155e-03,2.262731790542602539e-01,1.513141244649887085e-01,1.432446241378784180e-01,8.177049458026885986e-02,-1.467331945896148682e-01,-6.139948219060897827e-02,-8.406840264797210693e-02,-3.732442855834960938e-02,5.991975590586662292e-02,-4.416470881551504135e-03,-1.090266555547714233e-02,-1.404074877500534058e-01,-1.207432299852371216e-01,-1.782884150743484497e-01,3.177324309945106506e-02,-7.550575584173202515e-02,-1.065017506480216980e-01,-2.382674813270568848e-01,2.489632926881313324e-02,-4.621898010373115540e-02,4.220161959528923035e-02,2.147052586078643799e-01,5.790848657488822937e-02,7.290013879537582397e-02,1.663243621587753296e-01,5.160819739103317261e-03
5.482295751571655273e-01,3.110584318637847900e-01,1.576500535011291504e-01,-1.267510652542114258e-01,-1.872106194496154785e-01,-2.585666179656982422e-01,1.419956386089324951e-01,-1.630366742610931396e-01,-2.088629901409149170e-01,-2.412724643945693970e-01,0.000000000000000000e+00,5.086678862571716309e-01,5.286975502967834473e-01,3.440780341625213623e-01,1.489418745040893555e-01,-9.495591372251510620e-02,2.907876372337341309e-01,3.385136127471923828e-01,4.292353987693786621e-01,3.714129328727722168e-01,-8.516793139278888702e-03,-1.974561214447021484e-01,-1.588203907012939453e-01,-1.542221307754516602e-01,-3.604901432991027832e-01,-3.526853322982788086e-01,-6.727603077888488770e-02,-7.179766893386840820e-02,3.150137066841125488e-01,1.945668458938598633e-01,-2.392934449017047882e-02,-1.218819916248321533e-01,-7.245688140392303467e-02,-6.522127985954284668e-02,-1.949635744094848633e-01,-2.545037567615509033e-01,-8.363194018602371216e-02,-7.050297409296035767e-02,-4.059563577175140381e-02,-1.297128349542617798e-01,1.551171392202377319e-01,5.595518648624420166e-02,-1.938959509134292603e-01,2.768808603286743164e-02,-3.066401481628417969e-01,-1.041377559304237366e-01,-7.678599655628204346e-02,-7.884063757956027985e-03,-2.647947371006011963e-01,1.728727966547012329e-01,-2.177545428276062012e-01,2.289820611476898193e-01,1.815324127674102783e-01,-3.371104225516319275e-02,5.864071100950241089e-02,7.245607674121856689e-02,3.885400891304016113e-01,3.397876322269439697e-01,3.600239455699920654e-01,2.795739173889160156e-01,4.621131718158721924e-01,4.773616045713424683e-02,4.563205838203430176e-01,3.068672716617584229e-01,-6.205690279603004456e-02,-2.331937402486801147e-01,-3.303105533123016357e-01,-3.045366704463958740e-01,1.924209445714950562e-01,-1.164602395147085190e-02,6.542311608791351318e-02,-3.808173909783363342e-02,-3.429757058620452881e-02,-1.181454285979270935e-01,5.215275660157203674e-02,-1.422402858734130859e-01,-2.905043400824069977e-02,-3.638428077101707458e-02,3.695970028638839722e-02,-3.413175418972969055e-02,1.332598924636840820e-01,-4.707165807485580444e-02,1.208994314074516296e-01,-1.125850435346364975e-02,2.120733410120010376e-01,-1.536751985549926758e-01,-4.245123825967311859e-03,-1.507386863231658936e-01,2.300240099430084229e-01,-1.180712133646011353e-01,-1.646694689989089966e-01,-2.583958804607391357e-01,-2.067413479089736938e-01,-2.955047190189361572e-01,2.628544345498085022e-02,-1.427642256021499634e-01,-1.254195719957351685e-01,-1.361971199512481689e-01,-1.840659528970718384e-01,-1.371464729309082031e-01,-8.757501095533370972e-02,-2.179006189107894897e-01,-6.482896953821182251e-02,-1.805229634046554565e-01,5.633659195154905319e-03,-1.152251139283180237e-01,-2.566674537956714630e-02,-1.189877837896347046e-01,-2.124770581722259521e-01,-6.071128696203231812e-02,-7.934591174125671387e-02,-2.102878540754318237e-01,-1.564895361661911011e-02,-1.071813236922025681e-02,-1.375005692243576050e-01,-7.227045297622680664e-02
3.522485792636871338e-01,3.428376019001007080e-01,-1.271472591906785965e-02,-5.060597136616706848e-02,-2.403449416160583496e-01,-2.699783444404602051e-01,2.373582124710083008e-02,1.310595273971557617e-01,-2.145407497882843018e-01,-4.796686116605997086e-03,5.086678862571716309e-01,0.000000000000000000e+00,4.681990146636962891e-01,5.281334519386291504e-01,-1.634051278233528137e-02,-5.453858524560928345e-02,3.019399344921112061e-01,4.054722189903259277e-01,2.679767906665802002e-01,2.701931297779083252e-01,1.859050057828426361e-02,-1.760105937719345093e-01,-8.838760852813720703e-02,-1.873687654733657837e-01,-3.289179503917694092e-01,-3.613655269145965576e-01,-1.364873647689819336e-01,-2.011172473430633545e-01,7.225057482719421387e-02,1.522812992334365845e-01,-1.388457119464874268e-01,-1.478102505207061768e-01,-2.025670260190963745e-01,-6.266990303993225098e-02,-2.119381725788116455e-01,-2.140553742647171021e-01,-2.828881330788135529e-02,-1.090163215994834900e-01,-6.225456297397613525e-02,-1.229522377252578735e-01,5.831639096140861511e-02,-4.093246534466743469e-02,-3.588526844978332520e-01,-2.452307492494583130e-01,-3.635733723640441895e-01,-2.494928538799285889e-01,-2.469122707843780518e-01,-2.152325063943862915e-01,-2.052843868732452393e-01,4.597240686416625977e-02,-1.838696151971817017e-01,1.654084771871566772e-01,1.452741920948028564e-01,2.029579505324363708e-02,-8.535182476043701172e-02,-1.056370958685874939e-01,3.372464478015899658e-01,3.901569545269012451e-01,1.849409341812133789e-01,2.870426177978515625e-01,3.801850080490112305e-01,2.838162183761596680e-01,2.908795475959777832e-01,3.918435275554656982e-01,-8.377802371978759766e-02,-1.956101693212985992e-02,-4.078025221824645996e-01,-3.451920151710510254e-01,1.046801209449768066e-01,-2.119978517293930054e-02,7.233336102217435837e-03,-1.420766953378915787e-02,1.813177205622196198e-02,4.591299220919609070e-02,-5.111801251769065857e-02,-6.786485761404037476e-02,-1.975924335420131683e-02,-1.006423588842153549e-02,3.026820905506610870e-02,3.724876418709754944e-02,1.001801118254661560e-01,5.836426094174385071e-02,1.007080450654029846e-01,-3.231916576623916626e-03,1.808551102876663208e-01,-5.871016159653663635e-02,-4.657479375600814819e-02,-1.088480800390243530e-01,2.168266028165817261e-01,-3.321682661771774292e-02,-2.697658911347389221e-02,-1.750472635030746460e-01,-8.667000569403171539e-03,-1.406964808702468872e-01,-4.503346607089042664e-02,-1.654282659292221069e-01,-5.578673630952835083e-02,-1.139840111136436462e-01,-1.094191428273916245e-02,-2.130933478474617004e-02,-1.632166281342506409e-02,-1.369565874338150024e-01,-1.011127419769763947e-02,-1.155605241656303406e-01,1.175040155649185181e-01,-4.608836770057678223e-02,2.173651196062564850e-02,-1.478741317987442017e-01,-2.190592437982559204e-01,-1.182393059134483337e-01,2.069059759378433228e-02,-8.959604799747467041e-02,3.250888548791408539e-03,-5.947997048497200012e-02,-1.065711230039596558e-01,-7.705943286418914795e-02
4.154753386974334717e-01,2.043308615684509277e-01,2.975121140480041504e-01,7.036758214235305786e-02,-2.981764674186706543e-01,-3.294772505760192871e-01,2.883028388023376465e-01,8.297589421272277832e-02,-2.294044010341167450e-02,-9.916722774505615234e-02,5.286975502967834473e-01,4.681990146636962891e-01,0.000000000000000000e+00,5.243968963623046875e-01,2.625547051429748535e-01,5.476944148540496826e-03,2.160466164350509644e-01,1.806144267320632935e-01,4.710188210010528564e-01,3.507146835327148438e-01,-1.606799513101577759e-01,-2.737167477607727051e-01,1.740872561931610107e-01,-4.518319293856620789e-02,-3.661798536777496338e-01,-4.006697535514831543e-01,-1.663461178541183472e-01,-2.235733717679977417e-01,2.154868096113204956e-01,1.920571029186248779e-01,-1.255090683698654175e-01,-2.247853726148605347e-01,-1.014799252152442932e-01,-7.018643617630004883e-02,-2.139840833842754364e-02,-1.337703615427017212e-01,-6.934176385402679443e-02,-6.551814079284667969e-02,-2.018029093742370605e-01,-2.838933467864990234e-01,3.185941651463508606e-02,-8.512651920318603516e-02,-1.404279470443725586e-01,3.095279447734355927e-03,-2.378689646720886230e-01,-6.288245320320129395e-02,-9.297043085098266602e-02,-4.578307643532752991e-02,-2.918526232242584229e-01,-2.151632495224475861e-02,-1.652213037014007568e-01,1.370719969272613525e-01,9.687667340040206909e-02,9.366551786661148071e-02,-1.696704626083374023e-01,-8.575760573148727417e-02,2.904031276702880859e-01,1.376764774322509766e-01,1.962139904499053955e-01,3.405898809432983398e-02,4.549322724342346191e-01,1.570851951837539673e-01,2.645889818668365479e-01,4.282997921109199524e-02,1.720408350229263306e-01,5.857482552528381348e-02,-2.411935627460479736e-01,-2.290469110012054443e-01,2.729251384735107422e-01,5.859801545739173889e-02,1.412052810192108154e-01,1.263573467731475830e-01,7.773371040821075439e-02,4.997877776622772217e-02,-7.872114889323711395e-03,-1.102169305086135864e-01,5.524888262152671814e-02,9.957940131425857544e-02,1.039587557315826416e-01,4.885427281260490417e-02,1.419202685356140137e-01,1.236092299222946167e-01,4.187480360269546509e-02,-1.082511618733406067e-01,2.408265173435211182e-01,-4.698540549725294113e-03,-2.517755627632141113e-01,-2.591342926025390625e-01,1.085416693240404129e-02,-1.115717664361000061e-01,2.097072824835777283e-02,1.215821038931608200e-02,5.301477387547492981e-02,-5.455058068037033081e-02,-1.188397482037544250e-01,-5.161722749471664429e-02,-3.684006631374359131e-02,1.743658632040023804e-02,-9.895835071802139282e-02,-9.949653409421443939e-03,-2.064033299684524536e-01,-2.108153998851776123e-01,-1.932940483093261719e-01,-2.477166503667831421e-01,-1.417469084262847900e-01,-2.891579270362854004e-01,-1.584010124206542969e-01,-3.347229063510894775e-01,-2.752133905887603760e-01,2.802443504333496094e-02,4.502019658684730530e-02,7.270323485136032104e-02,8.132543414831161499e-02,1.741504967212677002e-01,8.281974121928215027e-03,-9.278573095798492432e-02
