0.000000000000000000e+00,5.798993706703186035e-01,-1.533280760049819946e-01,-2.521860003471374512e-01,-6.823058426380157471e-02,3.488138690590858459e-02,-6.718972325325012207e-02,-2.928583025932312012e-01,1.508310586214065552e-01,2.657677829265594482e-01,1.141114905476570129e-01,5.920320749282836914e-02,-2.216068804264068604e-01,-1.716221123933792114e-01,-4.760114103555679321e-02,1.738298982381820679e-01,3.044911026954650879e-01,2.807517051696777344e-01,3.979062438011169434e-01,3.530191779136657715e-01,-1.292395144701004028e-01,-4.797459393739700317e-02,3.229102119803428650e-02,-2.141992300748825073e-01,1.366713494062423706e-01,-1.832027584314346313e-01,2.228362672030925751e-02,1.293686926364898682e-01,1.985707134008407593e-01,1.116179153323173523e-01,1.644633859395980835e-01,-2.471908926963806152e-02,2.764953076839447021e-01,2.189122736454010010e-01,2.982075884938240051e-02,-1.480343490839004517e-01,-1.104485020041465759e-01,-1.396973617374897003e-02,-8.773057162761688232e-02,-1.401678770780563354e-01,1.870020478963851929e-01,2.778493426740169525e-02,-6.604634225368499756e-02,1.090075001120567322e-01,-1.810045838356018066e-01,-3.607553243637084961e-02,-1.028233207762241364e-02,5.532110854983329773e-02,-1.619585156440734863e-01,-5.647222325205802917e-02,-2.327859699726104736e-01,-1.859386712312698364e-01,-1.419182270765304565e-01,-1.627743244171142578e-01,-1.573215574026107788e-01,1.229457370936870575e-02,5.888217091560363770e-01,3.764310777187347412e-01,3.849164769053459167e-02,-6.368179619312286377e-02,2.531460523605346680e-01,-1.844534128904342651e-01,2.958574593067169189e-01,3.420384228229522705e-02,7.397402077913284302e-02,-8.524693548679351807e-02,-1.808739267289638519e-02,-4.201840236783027649e-02,3.669476509094238281e-01,2.780651152133941650e-01,1.577353775501251221e-01,6.294317543506622314e-02,1.367186307907104492e-01,7.221591472625732422e-02,7.071888446807861328e-02,6.334248930215835571e-02,-1.519074756652116776e-02,-2.591158077120780945e-02,2.185006141662597656e-01,2.016603499650955200e-01,2.290692478418350220e-01,2.080004960298538208e-01,1.084212437272071838e-01,4.108188301324844360e-02,7.525017112493515015e-02,7.550713419914245605e-02,1.324715763330459595e-01,7.153123617172241211e-02,2.324286382645368576e-03,-1.084443554282188416e-01,-3.184552788734436035e-01,-1.456797271966934204e-01,-1.715547889471054077e-01,-1.754121631383895874e-01,-1.669652573764324188e-02,2.882643975317478180e-02,-1.869037300348281860e-01,-7.386799156665802002e-02,-1.314745545387268066e-01,-7.656614482402801514e-02,-2.985014617443084717e-01,-9.298536926507949829e-02,-1.001738011837005615e-01,3.323324397206306458e-02,-7.195176184177398682e-02,5.262149125337600708e-02,1.593678295612335205e-01,2.267859876155853271e-01,9.437144547700881958e-02,-1.422500014305114746e-01,-2.916523814201354980e-01,-2.629196941852569580e-01,-3.343388140201568604e-01,-1.416831761598587036e-01,-1.808659583330154419e-01,8.992172032594680786e-02
5.798993706703186035e-01,0.000000000000000000e+00,-1.788106858730316162e-01,-2.065027058124542236e-01,5.893764644861221313e-02,9.726379066705703735e-02,-1.773357987403869629e-01,-1.783170402050018311e-01,9.822680056095123291e-02,1.508326083421707153e-01,-4.135860502719879150e-02,-1.056520566344261169e-01,-3.118779063224792480e-01,-2.558763921260833740e-01,-1.201844140887260437e-01,-3.484438732266426086e-02,2.363847047090530396e-01,3.037571012973785400e-01,1.552611589431762695e-01,3.850937783718109131e-01,-7.994518429040908813e-02,-1.840873435139656067e-02,-1.306648552417755127e-01,-2.434394657611846924e-01,8.081595599651336670e-02,-1.137047931551933289e-01,6.467560306191444397e-03,1.256783455610275269e-01,2.179006189107894897e-01,1.951726078987121582e-01,9.176662564277648926e-02,-4.697547852993011475e-02,2.197225391864776611e-01,2.604925632476806641e-01,-8.851131796836853027e-02,-1.639251708984375000e-01,-9.520651400089263916e-02,-5.054719373583793640e-02,-6.528178928419947624e-04,-5.222239717841148376e-02,1.535372883081436157e-01,-8.980947546660900116e-03,-8.055325597524642944e-03,1.438218206167221069e-01,-1.153931543231010437e-01,2.313278988003730774e-02,5.376319587230682373e-02,5.433575809001922607e-02,-1.322922557592391968e-01,-8.816678822040557861e-02,-2.035562843084335327e-01,-2.304655611515045166e-01,-1.155740693211555481e-01,-1.753873825073242188e-01,3.725774958729743958e-02,1.688401773571968079e-02,6.799092292785644531e-01,6.387771964073181152e-01,-4.179252684116363525e-02,-1.167379617691040039e-01,3.282552212476730347e-02,-1.118943989276885986e-01,3.011055588722229004e-01,2.151916921138763428e-01,-1.430476158857345581e-01,-2.041531205177307129e-01,-3.937337920069694519e-02,-3.978409804403781891e-03,4.219251275062561035e-01,4.003973901271820068e-01,-3.656982257962226868e-02,-1.737062782049179077e-01,-5.223482847213745117e-02,-6.721650715917348862e-03,6.121946126222610474e-02,2.194451168179512024e-02,2.581391669809818268e-02,1.877895556390285492e-02,2.726925313472747803e-01,1.994190365076065063e-01,2.851487398147583008e-01,1.959665268659591675e-01,-1.880665682256221771e-02,6.696869432926177979e-02,5.195267125964164734e-02,-2.686147391796112061e-02,1.596772074699401855e-01,8.091781288385391235e-02,1.002437919378280640e-01,-8.873406052589416504e-02,-3.301619291305541992e-01,-3.081821799278259277e-01,-1.565561741590499878e-01,-2.447941303253173828e-01,-1.286690961569547653e-02,-6.926506292074918747e-03,-2.671183086931705475e-02,-6.049850210547447205e-02,-5.389319360256195068e-02,-1.326181739568710327e-01,-2.258277088403701782e-01,-1.675854027271270752e-01,-1.177365407347679138e-01,-5.794139578938484192e-02,-2.924485504627227783e-02,-1.012297254055738449e-02,1.218249872326850891e-01,1.498225927352905273e-01,4.229225963354110718e-02,-4.331444576382637024e-02,-1.221580281853675842e-01,-1.914318054914474487e-01,-2.928144037723541260e-01,-1.325346380472183228e-01,-1.931343674659729004e-01,2.187818661332130432e-02
-1.533280760049819946e-01,-1.788106858730316162e-01,0.000000000000000000e+00,5.144764780998229980e-01,1.157702133059501648e-01,-1.063654795289039612e-01,3.929786086082458496e-01,4.980393350124359131e-01,-2.649600207805633545e-01,-3.655280768871307373e-01,2.423698008060455322e-01,8.312920480966567993e-02,1.658458411693572998e-01,-5.661676172167062759e-03,-3.981757909059524536e-02,-2.624460458755493164e-01,-1.121663898229598999e-01,-1.972266882658004761e-01,-5.143762007355690002e-02,3.115676902234554291e-02,7.314762473106384277e-02,3.278215229511260986e-02,4.351527094841003418e-01,5.377983450889587402e-01,9.553707391023635864e-02,1.210557967424392700e-01,-1.206817105412483215e-01,-1.608053743839263916e-01,-1.461493968963623047e-01,-1.261379867792129517e-01,-6.456760223954916000e-03,3.011519648134708405e-02,-6.922715902328491211e-02,6.411266326904296875e-02,1.115230917930603027e-01,1.450286805629730225e-01,7.960627228021621704e-02,6.915137171745300293e-02,-1.088370978832244873e-01,-1.557202637195587158e-01,-6.119963526725769043e-02,-2.220906317234039307e-02,-1.347254812717437744e-01,-2.766827344894409180e-01,8.580343425273895264e-02,-1.121510788798332214e-01,-1.574012339115142822e-01,-2.244641333818435669e-01,1.236215084791183472e-01,1.525939325802028179e-03,2.014746814966201782e-01,1.238113790750503540e-01,2.125422805547714233e-01,1.125813573598861694e-01,-3.725788742303848267e-02,-2.855096459388732910e-01,-1.079182326793670654e-01,-9.937870502471923828e-02,3.814989700913429260e-02,7.363709062337875366e-02,1.127591207623481750e-01,1.445039063692092896e-01,-1.606240123510360718e-01,-7.285200059413909912e-02,1.925659328699111938e-01,2.728651091456413269e-02,-6.097048521041870117e-02,-1.903543025255203247e-01,6.166740879416465759e-02,-6.089703366160392761e-02,-5.876271426677703857e-02,-8.441776782274246216e-02,-1.568379700183868408e-01,-9.248848259449005127e-02,-1.874938011169433594e-01,-1.742842495441436768e-01,-3.131023794412612915e-02,-7.610321044921875000e-02,-7.824171334505081177e-02,-8.422709256410598755e-02,-3.913744166493415833e-02,-3.085674643516540527e-01,1.844315091148018837e-03,-5.843929573893547058e-02,1.532631814479827881e-01,-2.050428390502929688e-01,-1.218705773353576660e-01,-1.477032154798507690e-01,-4.327796865254640579e-03,-5.844457447528839111e-02,9.052944928407669067e-02,6.577115505933761597e-02,1.829884797334671021e-01,1.025276258587837219e-01,-1.355933547019958496e-01,-7.300058752298355103e-02,-1.260183155536651611e-01,-2.127699255943298340e-01,-1.547684371471405029e-01,-2.003116607666015625e-01,2.343200147151947021e-02,-8.324448764324188232e-02,-1.318745315074920654e-01,-2.054813653230667114e-01,-1.774493902921676636e-01,-2.092294394969940186e-01,-2.104819566011428833e-01,-2.883847057819366455e-01,-1.356655657291412354e-01,-1.773348599672317505e-01,-3.124604001641273499e-03,1.229054704308509827e-01,9.981704503297805786e-02,-7.522769272327423096e-03,5.902039259672164917e-02,-2.328784018754959106e-01
-2.521860003471374512e-01,-2.065027058124542236e-01,5.144764780998229980e-01,0.000000000000000000e+00,-1.154100671410560608e-01,-8.886918425559997559e-02,4.148735404014587402e-01,5.833060145378112793e-01,-2.174326777458190918e-01,-2.362348586320877075e-01,-5.033098161220550537e-02,-2.417965605854988098e-02,-1.753693213686347008e-03,-6.505395472049713135e-02,-1.752879470586776733e-01,-3.270366787910461426e-01,-1.398646831512451172e-01,-1.968534290790557861e-01,-7.510655373334884644e-02,-5.889964476227760315e-02,-8.727180957794189453e-02,-9.608704596757888794e-02,4.560813605785369873e-01,6.035877466201782227e-01,1.884979940950870514e-02,2.193367779254913330e-01,-6.615395098924636841e-02,-1.358709782361984253e-01,-2.054997831583023071e-01,-1.227784678339958191e-01,-2.236645855009555817e-02,5.382126197218894958e-02,1.663969829678535461e-02,1.154963150620460510e-01,1.270333677530288696e-01,1.741407811641693115e-01,-1.001963764429092407e-02,-3.084279783070087433e-02,-1.397859752178192139e-01,-2.224775254726409912e-01,-1.063835993409156799e-01,-3.770703077316284180e-02,1.685383357107639313e-02,-2.125768065452575684e-01,1.857705414295196533e-01,-8.335997350513935089e-03,-7.434584945440292358e-02,-8.405976742506027222e-02,1.323037892580032349e-01,2.510510198771953583e-02,1.670115292072296143e-01,9.012468904256820679e-02,1.798626482486724854e-01,1.564420312643051147e-01,-1.054484769701957703e-01,-1.936508715152740479e-01,-2.041743993759155273e-01,-2.249031513929367065e-01,-4.041967913508415222e-02,3.987397532910108566e-03,3.737618029117584229e-02,1.784747093915939331e-01,-1.220140382647514343e-01,-4.884007945656776428e-02,6.673441082239151001e-02,1.915903091430664062e-01,6.132493913173675537e-02,6.090123578906059265e-02,3.870008140802383423e-02,-9.351865947246551514e-02,2.915771864354610443e-02,3.015950508415699005e-02,-1.026408523321151733e-01,-1.846932321786880493e-01,-4.710651934146881104e-02,-4.093301296234130859e-02,-1.444467306137084961e-01,-7.123693078756332397e-02,-5.552868172526359558e-02,4.225869488436728716e-04,-7.160443067550659180e-02,-1.615892797708511353e-01,-1.155256703495979309e-01,-1.172064468264579773e-01,5.122051108628511429e-03,1.403472386300563812e-02,-2.342400103807449341e-01,-2.356729507446289062e-01,-5.856896936893463135e-02,-5.261434242129325867e-02,5.280460417270660400e-02,1.285625547170639038e-01,1.067251414060592651e-01,8.390164375305175781e-02,-1.362358629703521729e-01,-7.995068281888961792e-02,-1.853126734495162964e-01,-2.071332186460494995e-01,-1.832488775253295898e-01,-2.587606906890869141e-01,-1.107801645994186401e-01,-1.030889973044395447e-01,-3.208146691322326660e-01,-3.103043735027313232e-01,-2.318736612796783447e-01,-2.252643704414367676e-01,-2.286703437566757202e-01,-3.295081555843353271e-01,-1.390458047389984131e-01,-1.771662682294845581e-01,-1.882054284214973450e-02,1.268949508666992188e-01,7.084782421588897705e-02,1.380750350654125214e-02,7.935955375432968140e-02,-1.642592996358871460e-01
-6.823058426380157471e-02,5.893764644861221313e-02,1.157702133059501648e-01,-1.154100671410560608e-01,0.000000000000000000e+00,4.478852450847625732e-01,-6.008343026041984558e-02,9.898395836353302002e-02,2.953208684921264648e-01,1.808942854404449463e-01,2.314454168081283569e-01,1.341758072376251221e-01,1.301838159561157227e-01,4.517870396375656128e-02,2.177562750875949860e-02,-3.466359153389930725e-02,-1.468115746974945068e-01,4.867694526910781860e-02,4.496142268180847168e-02,1.473517864942550659e-01,2.405613511800765991e-01,1.484762430191040039e-01,-2.016503810882568359e-01,8.071610331535339355e-02,2.384066134691238403e-01,3.585903644561767578e-01,1.463912278413772583e-01,9.287742525339126587e-02,1.049348637461662292e-01,1.157689616084098816e-01,1.259578615427017212e-01,1.090134158730506897e-01,3.371749818325042725e-02,1.334649324417114258e-01,-7.744979113340377808e-02,2.635225281119346619e-02,-2.320731431245803833e-01,-2.992779314517974854e-01,1.580787748098373413e-01,1.342740207910537720e-01,-2.233682572841644287e-01,-2.540273070335388184e-01,-1.493781507015228271e-01,-5.643881112337112427e-02,-1.063886508345603943e-01,1.586449652677401900e-04,-1.115387305617332458e-01,-1.342510581016540527e-01,-6.032421812415122986e-02,-7.924962788820266724e-02,-6.800659745931625366e-02,-1.954098492860794067e-01,3.336631134152412415e-02,-2.647216022014617920e-01,7.773641496896743774e-02,-1.090644896030426025e-01,-1.678540953435003757e-03,1.766989231109619141e-01,-1.595584861934185028e-02,5.329907406121492386e-03,4.474796727299690247e-02,4.085355438292026520e-03,7.377422600984573364e-02,1.273265480995178223e-01,-1.682168841361999512e-01,-9.158171713352203369e-02,-8.389552682638168335e-02,-3.595046326518058777e-02,-1.200061012059450150e-02,-4.161794856190681458e-02,2.328234016895294189e-01,8.794991672039031982e-02,1.422115564346313477e-01,1.039219424128532410e-01,2.445199787616729736e-01,1.580579578876495361e-01,-4.853987321257591248e-02,-1.125782951712608337e-01,1.714991033077239990e-01,1.333152409642934799e-02,1.103669628500938416e-01,-8.835294283926486969e-03,2.574383616447448730e-01,-1.408310532569885254e-01,1.268266290426254272e-01,-1.371632814407348633e-01,1.814708560705184937e-01,3.674111142754554749e-02,3.458010256290435791e-01,-1.337365508079528809e-01,-5.501317977905273438e-02,-3.268581926822662354e-01,6.694440543651580811e-02,-2.547474503517150879e-01,-6.529591977596282959e-02,-9.997099637985229492e-02,-1.519177574664354324e-02,-2.272508144378662109e-01,3.458828851580619812e-02,-1.396458148956298828e-01,5.327760055661201477e-02,-2.988432049751281738e-01,-2.586995437741279602e-02,-1.727997511625289917e-01,2.306735888123512268e-02,-1.524081975221633911e-01,1.282330006361007690e-01,4.755492135882377625e-02,-4.848871007561683655e-02,2.386018075048923492e-02,-3.222523629665374756e-02,-7.626478374004364014e-02,-1.225104480981826782e-01,-9.375641494989395142e-02,-1.316550374031066895e-01,4.994582384824752808e-02
3.488138690590858459e-02,9.726379066705703735e-02,-1.063654795289039612e-01,-8.886918425559997559e-02,4.478852450847625732e-01,0.000000000000000000e+00,1.735848933458328247e-02,4.778084158897399902e-02,3.584489226341247559e-01,3.855617046356201172e-01,5.268111452460289001e-02,2.405267953872680664e-01,-5.040945112705230713e-02,5.857439711689949036e-02,-9.849352762103080750e-03,6.560683995485305786e-02,-1.125763356685638428e-01,2.537688612937927246e-01,2.419422119855880737e-01,2.771761715412139893e-01,4.039207100868225098e-02,1.293104328215122223e-02,-1.715666204690933228e-01,1.807701587677001953e-02,2.995560169219970703e-01,3.147704601287841797e-01,2.650613188743591309e-01,1.717076748609542847e-01,1.545912325382232666e-01,2.640545964241027832e-01,1.409406810998916626e-01,2.261039055883884430e-02,1.727465391159057617e-01,2.399078458547592163e-01,-2.699547819793224335e-02,3.302083909511566162e-02,-3.001675605773925781e-01,-3.231759667396545410e-01,8.685055375099182129e-02,-3.497333265841007233e-03,-1.103819012641906738e-01,-2.670911252498626709e-01,-8.909084647893905640e-02,8.094592951238155365e-03,-1.389886718243360519e-02,1.034255549311637878e-01,-4.964450746774673462e-02,5.895749479532241821e-02,-6.209785491228103638e-02,-3.520662337541580200e-02,-1.140383780002593994e-01,-2.149524092674255371e-01,-5.833695828914642334e-02,-1.975892484188079834e-01,-1.210890859365463257e-01,5.207257345318794250e-02,-5.930286645889282227e-02,7.584033906459808350e-02,-7.401622086763381958e-02,-6.449393928050994873e-02,9.032347239553928375e-03,-1.029681041836738586e-01,6.538609415292739868e-02,2.167426422238349915e-02,-2.282550036907196045e-01,-6.855445355176925659e-02,-2.584816142916679382e-02,7.719098031520843506e-02,4.692730680108070374e-02,-3.579274937510490417e-02,3.590315878391265869e-01,2.678305506706237793e-01,1.948978304862976074e-01,3.123602643609046936e-02,2.594380378723144531e-01,3.150481879711151123e-01,-1.833401173353195190e-01,-1.316052526235580444e-01,6.751330941915512085e-02,7.972167804837226868e-03,2.826540265232324600e-03,1.484231948852539062e-01,2.194027006626129150e-01,-2.451581060886383057e-01,-6.978516280651092529e-02,7.432981580495834351e-02,7.846473902463912964e-02,-1.033026278018951416e-01,2.842141985893249512e-01,-1.637384891510009766e-01,-1.163440793752670288e-01,-1.941864788532257080e-01,3.550412505865097046e-02,-1.981004029512405396e-01,-5.832876637578010559e-02,-6.203636154532432556e-02,-6.221909448504447937e-02,-1.119818091392517090e-01,-1.416096201865002513e-04,-6.464986503124237061e-02,-1.080547496676445007e-01,-2.481377869844436646e-01,-1.729453951120376587e-01,-1.893852353096008301e-01,-3.361143544316291809e-02,-4.239744693040847778e-02,2.031367868185043335e-01,1.585496962070465088e-01,5.793800950050354004e-02,-8.684197440743446350e-03,6.755316164344549179e-03,-1.643512845039367676e-01,-2.638533711433410645e-01,-6.645981967449188232e-02,-1.434568464756011963e-01,1.618885993957519531e-01
-6.718972325325012207e-02,-1.773357987403869629e-01,3.929786086082458496e-01,4.148735404014587402e-01,-6.008343026041984558e-02,1.735848933458328247e-02,0.000000000000000000e+00,3.715394735336303711e-01,-2.184963077306747437e-01,-1.223495900630950928e-01,1.308896839618682861e-01,5.581011623144149780e-02,7.094907574355602264e-03,-1.207812801003456116e-01,-7.933840900659561157e-02,-2.043809890747070312e-01,2.150908112525939941e-02,-3.055058047175407410e-02,1.861323416233062744e-01,1.994676329195499420e-02,-4.430376738309860229e-02,2.550865337252616882e-02,5.136168599128723145e-01,3.665358126163482666e-01,3.739121183753013611e-02,2.609227411448955536e-02,-1.197612956166267395e-01,-1.239462047815322876e-01,5.739192664623260498e-02,1.341490633785724640e-02,1.792829856276512146e-02,-4.427740722894668579e-02,2.306965291500091553e-01,2.103539258241653442e-01,1.497997939586639404e-01,1.404535174369812012e-01,-1.823353231884539127e-03,1.891663856804370880e-02,-1.770702190697193146e-02,-8.485587686300277710e-02,2.287110779434442520e-03,-4.659608751535415649e-02,-8.858403563499450684e-02,-1.017832756042480469e-01,3.127022832632064819e-02,-9.688606113195419312e-02,-8.983092010021209717e-02,-7.264147698879241943e-02,-1.213623359799385071e-01,-5.635029450058937073e-02,-1.809814386069774628e-02,2.837770432233810425e-02,-4.051284864544868469e-02,1.682029515504837036e-01,-2.384154945611953735e-01,-4.512611776590347290e-02,-1.408336609601974487e-01,-1.937794089317321777e-01,-4.897275939583778381e-02,-1.997509412467479706e-02,2.045651227235794067e-01,2.000079602003097534e-01,-1.071095746010541916e-02,6.027616560459136963e-02,8.074995875358581543e-02,2.012671530246734619e-01,-1.331024616956710815e-02,-2.038070745766162872e-02,-1.683156937360763550e-01,-2.631402015686035156e-01,6.349138170480728149e-02,1.625893563032150269e-01,1.212866306304931641e-01,-6.868360191583633423e-02,6.524048745632171631e-02,1.318365782499313354e-01,-8.755584806203842163e-02,-3.128621354699134827e-02,-3.388240188360214233e-02,-3.201615065336227417e-03,-9.436341375112533569e-02,-9.052541851997375488e-02,-1.933769322931766510e-02,-3.129035606980323792e-02,-1.952341645956039429e-01,1.203625053167343140e-01,-2.252790033817291260e-01,-1.040854007005691528e-01,-9.359164535999298096e-02,1.663088239729404449e-02,-1.546301394701004028e-01,1.887028366327285767e-01,-2.373524755239486694e-02,1.449375003576278687e-01,5.284754186868667603e-02,4.468504339456558228e-02,-1.284696757793426514e-01,-4.154131934046745300e-02,-6.103214621543884277e-02,-8.415874093770980835e-02,-1.967862844467163086e-01,-4.363550618290901184e-02,-3.203752338886260986e-01,-2.422391474246978760e-01,-3.119238317012786865e-01,-1.015750765800476074e-01,-6.449099630117416382e-02,-2.685846984386444092e-01,-1.813920140266418457e-01,-2.063378691673278809e-01,5.272480845451354980e-02,3.877136259688995779e-05,-6.638292223215103149e-02,-2.934461832046508789e-02,9.302023798227310181e-02,-1.013701558113098145e-01
-2.928583025932312012e-01,-1.783170402050018311e-01,4.980393350124359131e-01,5.833060145378112793e-01,9.898395836353302002e-02,4.778084158897399902e-02,3.715394735336303711e-01,0.000000000000000000e+00,-2.199719548225402832e-01,-3.491638004779815674e-01,9.490898251533508301e-02,2.087692469358444214e-01,2.681799605488777161e-02,2.154731191694736481e-02,-9.615544974803924561e-02,-4.146942198276519775e-01,-2.169594764709472656e-01,-1.527879294008016586e-02,-7.897502928972244263e-02,-1.225496921688318253e-02,5.911001935601234436e-02,2.475225739181041718e-02,2.472453266382217407e-01,4.692152142524719238e-01,-1.153379157185554504e-01,1.212664172053337097e-01,-8.646364510059356689e-02,-1.343338042497634888e-01,-1.003228574991226196e-01,1.167714595794677734e-01,-1.068807840347290039e-01,-7.033039629459381104e-02,1.925308443605899811e-02,1.007800474762916565e-01,-7.328739017248153687e-02,1.418064087629318237e-01,-2.265661768615245819e-02,-2.641444443725049496e-04,1.132820919156074524e-02,-1.326819211244583130e-01,-1.992764770984649658e-01,-1.566043496131896973e-01,-4.180620983242988586e-02,-9.891334921121597290e-02,1.158539652824401855e-01,-4.268701002001762390e-02,-1.648367941379547119e-02,-1.052135154604911804e-01,1.197056174278259277e-01,1.621075160801410675e-02,3.355393111705780029e-01,1.013122275471687317e-01,2.926014661788940430e-01,6.998726725578308105e-02,4.582221060991287231e-02,-3.098981380462646484e-01,-1.691821366548538208e-01,-6.322644650936126709e-02,3.204518184065818787e-02,1.223404780030250549e-01,1.836033314466476440e-01,3.293145000934600830e-01,-8.059252984821796417e-03,1.701439023017883301e-01,-5.789658799767494202e-02,9.762436151504516602e-02,-1.307347416877746582e-01,-6.995718181133270264e-02,-1.309505254030227661e-01,-2.487280517816543579e-01,9.335456416010856628e-03,-9.541071206331253052e-02,-8.167364448308944702e-02,-5.113603174686431885e-02,-1.783265918493270874e-02,-8.457354456186294556e-02,-1.129830181598663330e-01,-1.474286019802093506e-01,7.576965540647506714e-02,-1.911201775074005127e-01,5.336430668830871582e-02,-2.565310895442962646e-01,-3.914248198270797729e-02,-1.938447207212448120e-01,1.771101355552673340e-01,-2.599784135818481445e-01,-1.353583037853240967e-01,-3.094561994075775146e-01,1.916046887636184692e-01,-3.254246711730957031e-01,2.230015397071838379e-01,-1.413857797160744667e-03,3.660945296287536621e-01,4.559592157602310181e-02,-1.029922068119049072e-01,-1.889795064926147461e-01,-7.209920138120651245e-02,-2.736023962497711182e-01,-1.831834018230438232e-02,-1.364613920450210571e-01,1.051247939467430115e-01,-2.806437015533447266e-01,-2.558084130287170410e-01,-4.309353232383728027e-01,-1.888239085674285889e-01,-2.291289716958999634e-01,-2.895024716854095459e-01,-3.336107730865478516e-01,-2.608835101127624512e-01,-1.421898752450942993e-01,7.170748710632324219e-02,1.721816956996917725e-01,1.446998864412307739e-01,5.380982905626296997e-02,2.001655995845794678e-01,-3.232732415199279785e-01
1.508310586214065552e-01,9.822680056095123291e-02,-2.649600207805633545e-01,-2.174326777458190918e-01,2.953208684921264648e-01,3.584489226341247559e-01,-2.184963077306747437e-01,-2.199719548225402832e-01,0.000000000000000000e+00,5.592072606086730957e-01,1.045022979378700256e-01,1.755358427762985229e-01,1.441010832786560059e-01,2.062923461198806763e-01,1.815912276506423950e-01,3.832890987396240234e-01,-5.997151881456375122e-02,5.699781328439712524e-02,1.647708415985107422e-01,1.046339720487594604e-01,-5.581120774149894714e-02,-1.441728472709655762e-01,-2.391253560781478882e-01,-1.458616405725479126e-01,2.976534366607666016e-01,2.510791122913360596e-01,2.446415275335311890e-01,2.322863489389419556e-01,-3.165382519364356995e-02,1.443135738372802734e-02,1.803517155349254608e-02,-5.151398852467536926e-02,-1.919488981366157532e-02,2.504999004304409027e-02,-1.655432768166065216e-02,-9.515964984893798828e-02,-2.198956757783889771e-01,-2.343817204236984253e-01,-3.477229038253426552e-03,-1.359257549047470093e-01,-2.041676640510559082e-02,-1.194078996777534485e-01,-2.123353630304336548e-02,9.640660881996154785e-02,-1.169314160943031311e-01,2.118356153368949890e-02,2.370783686637878418e-02,9.085249155759811401e-02,-8.392187952995300293e-02,-6.625062972307205200e-02,-1.799645572900772095e-01,-2.316618859767913818e-01,-3.095558285713195801e-02,-2.485992759466171265e-01,-4.436069633811712265e-03,6.750107556581497192e-02,-2.779620327055454254e-02,2.255642227828502655e-02,-1.363050844520330429e-02,-2.682862989604473114e-02,9.509196877479553223e-02,-2.142988741397857666e-01,3.942042961716651917e-02,-1.600871235132217407e-01,-1.230638474225997925e-01,-7.885801047086715698e-02,-2.484927326440811157e-02,4.813442379236221313e-02,6.658961623907089233e-02,-7.354032993316650391e-02,3.163754343986511230e-01,1.473851948976516724e-01,1.153117790818214417e-01,-4.526260495185852051e-02,2.741953432559967041e-01,1.767940819263458252e-01,-2.047568261623382568e-01,-1.932172626256942749e-01,1.580167934298515320e-02,1.139326114207506180e-02,-5.452546477317810059e-02,1.017411500215530396e-01,1.951981037855148315e-01,-1.915020197629928589e-01,9.451803565025329590e-02,8.232705295085906982e-02,1.136927753686904907e-01,-2.838217094540596008e-02,2.368644326925277710e-01,-1.623732745647430420e-01,-1.895258016884326935e-02,-1.893719434738159180e-01,-9.656412526965141296e-03,-2.584769129753112793e-01,-3.642927482724189758e-02,3.708920255303382874e-02,-1.162330061197280884e-01,-1.403012275695800781e-01,2.242608554661273956e-02,-2.967717684805393219e-02,-1.219892054796218872e-01,-2.421995103359222412e-01,-4.059862345457077026e-02,-6.915986537933349609e-02,5.937908217310905457e-02,-6.397909671068191528e-02,2.275743484497070312e-01,1.922108083963394165e-01,1.641789227724075317e-01,-5.425645411014556885e-02,-1.517685353755950928e-01,-1.663856506347656250e-01,-1.888705492019653320e-01,-1.073611783795058727e-04,-1.414550244808197021e-01,1.398629546165466309e-01
2.657677829265594482e-01,1.508326083421707153e-01,-3.655280768871307373e-01,-2.362348586320877075e-01,1.808942854404449463e-01,3.855617046356201172e-01,-1.223495900630950928e-01,-3.491638004779815674e-01,5.592072606086730957e-01,0.000000000000000000e+00,-4.954041540622711182e-02,7.079187035560607910e-02,-5.701660737395286560e-02,5.055151507258415222e-02,-3.712189197540283203e-02,3.880286514759063721e-01,8.502214401960372925e-02,1.518890261650085449e-01,3.519295156002044678e-01,1.848334819078445435e-01,-2.147829234600067139e-01,-1.618425101041793823e-01,-1.674943566322326660e-01,-1.505438983440399170e-01,3.163745701313018799e-01,2.726729214191436768e-01,3.061791956424713135e-01,2.630762159824371338e-01,3.391880542039871216e-02,4.605552647262811661e-03,1.380562484264373779e-01,7.083737105131149292e-02,2.149340808391571045e-01,1.932034939527511597e-01,2.737274579703807831e-02,-1.234145089983940125e-01,-3.567356169223785400e-01,-3.242368698120117188e-01,-6.538134813308715820e-02,-1.206393688917160034e-01,-1.927212253212928772e-02,-1.477063745260238647e-01,1.956110633909702301e-02,7.604721188545227051e-02,-1.168173253536224365e-01,1.072061285376548767e-01,-5.420832335948944092e-02,1.023157536983489990e-01,-1.685720086097717285e-01,-4.748142883181571960e-02,-3.042349219322204590e-01,-2.991562187671661377e-01,-1.603292822837829590e-01,-2.299020737409591675e-01,-2.195685803890228271e-01,2.188811004161834717e-01,2.616529352962970734e-02,2.319674380123615265e-02,-6.614720821380615234e-02,-8.322108536958694458e-02,8.473425358533859253e-02,-2.200431972742080688e-01,1.672773659229278564e-01,-1.079025343060493469e-01,-1.033491864800453186e-01,1.060340274125337601e-02,8.312656730413436890e-02,1.725140213966369629e-01,7.556133717298507690e-02,-1.660547032952308655e-02,4.032655656337738037e-01,3.301778733730316162e-01,2.383963763713836670e-01,-3.305384144186973572e-02,3.876845538616180420e-01,3.381516933441162109e-01,-1.961661428213119507e-01,-8.606254309415817261e-02,1.514550298452377319e-01,2.394398003816604614e-01,-4.961406812071800232e-02,2.835408747196197510e-01,1.563208848237991333e-01,-1.371126323938369751e-01,-1.026815697550773621e-01,3.046446144580841064e-01,4.966805502772331238e-02,-2.249035798013210297e-02,1.660574227571487427e-01,-5.934256315231323242e-02,-2.529570162296295166e-01,-1.807379871606826782e-01,-2.166364341974258423e-01,-2.744021713733673096e-01,1.607224717736244202e-02,6.931394338607788086e-02,-1.992068290710449219e-01,-1.321455389261245728e-01,-5.068918317556381226e-02,-9.889048337936401367e-02,-2.817534506320953369e-01,-1.725615113973617554e-01,-1.619664132595062256e-01,-4.858914390206336975e-02,3.908133506774902344e-02,-1.291863992810249329e-02,3.755925595760345459e-01,2.553283274173736572e-01,2.032839953899383545e-01,-9.979829192161560059e-02,-2.243296653032302856e-01,-2.572847306728363037e-01,-3.507667481899261475e-01,-7.278068363666534424e-02,-2.827728688716888428e-01,2.995924949645996094e-01
1.141114905476570129e-01,-4.135860502719879150e-02,2.423698008060455322e-01,-5.033098161220550537e-02,2.314454168081283569e-01,5.268111452460289001e-02,1.308896839618682861e-01,9.490898251533508301e-02,1.045022979378700256e-01,-4.954041540622711182e-02,0.000000000000000000e+00,3.650933206081390381e-01,4.274970293045043945e-01,3.283165693283081055e-01,2.190864682197570801e-01,1.513482481241226196e-01,2.946694195270538330e-02,-2.926486544311046600e-02,3.145831078290939331e-02,-8.496457710862159729e-03,1.750288158655166626e-01,-1.652973890304565430e-02,1.619035452604293823e-01,1.824812442064285278e-01,2.942497730255126953e-01,9.805253893136978149e-02,9.905859827995300293e-02,8.456676453351974487e-02,1.153937652707099915e-01,1.103124096989631653e-01,2.038973271846771240e-01,1.448191851377487183e-01,9.081786498427391052e-03,-1.063881325535476208e-03,-1.070318445563316345e-01,-1.258842647075653076e-01,6.852649897336959839e-02,1.543955504894256592e-01,1.750825345516204834e-02,-1.013573780655860901e-01,1.197199597954750061e-01,1.331630796194076538e-01,-3.657325506210327148e-01,-1.087917611002922058e-01,-2.061656862497329712e-01,-2.016287893056869507e-01,-1.279491484165191650e-01,-2.060081809759140015e-01,9.057994000613689423e-03,-9.906221926212310791e-02,-3.653636947274208069e-02,-2.018001861870288849e-02,3.873192891478538513e-02,-2.240478247404098511e-01,4.650429263710975647e-02,-2.298281937837600708e-01,-5.369618907570838928e-02,1.349937822669744492e-02,-3.269777446985244751e-02,1.963974982500076294e-01,2.692092359066009521e-01,2.435936927795410156e-01,-7.843441516160964966e-02,-4.173931106925010681e-02,1.796943098306655884e-01,2.190599963068962097e-02,-3.149853944778442383e-01,-3.688651025295257568e-01,-9.458317607641220093e-02,-1.897882670164108276e-01,1.587719917297363281e-01,2.721799537539482117e-02,1.151660690084099770e-03,3.084029629826545715e-02,-2.028599232435226440e-01,-2.091554254293441772e-01,4.976728931069374084e-02,-4.237248003482818604e-02,-6.311982870101928711e-02,-1.346276402473449707e-01,1.690505072474479675e-02,-1.848956644535064697e-01,2.639151215553283691e-01,-4.003706946969032288e-02,3.230725824832916260e-01,-2.048233300447463989e-01,1.241665333509445190e-01,-4.188617318868637085e-02,1.268114149570465088e-01,-1.342712193727493286e-01,5.773341283202171326e-03,-1.690612733364105225e-01,3.428336977958679199e-02,-1.020697876811027527e-01,-4.670432209968566895e-02,1.240902207791805267e-02,-7.084656506776809692e-02,-1.540103554725646973e-01,-7.364420220255851746e-03,-3.940952196717262268e-02,8.233533054590225220e-02,-3.016220219433307648e-02,1.459110230207443237e-01,3.137960284948348999e-02,4.403702449053525925e-03,-9.295761585235595703e-02,3.095929883420467377e-02,6.954550743103027344e-02,-5.446965992450714111e-02,-1.333225816488265991e-01,-1.162101253867149353e-01,-2.154483199119567871e-01,-7.835898548364639282e-02,-1.989513263106346130e-02,-3.863809630274772644e-02,-5.949879065155982971e-02
5.920320749282836914e-02,-1.056520566344261169e-01,8.312920480966567993e-02,-2.417965605854988098e-02,1.341758072376251221e-01,2.405267953872680664e-01,5.581011623144149780e-02,2.087692469358444214e-01,1.755358427762985229e-01,7.079187035560607910e-02,3.650933206081390381e-01,0.000000000000000000e+00,2.784070372581481934e-01,4.943782985210418701e-01,3.821707665920257568e-01,2.580142021179199219e-01,1.228761114180088043e-02,2.293814122676849365e-01,1.520365178585052490e-01,5.393053218722343445e-02,6.953447312116622925e-02,-1.790623553097248077e-02,3.290317207574844360e-02,6.686532497406005859e-02,-1.139244344085454941e-02,-3.354172036051750183e-02,-2.018283493816852570e-02,-1.222327500581741333e-01,1.310601234436035156e-01,3.435789346694946289e-01,6.781691312789916992e-02,3.714047744870185852e-02,1.429825127124786377e-01,1.306505352258682251e-01,-1.705170869827270508e-01,-7.748806476593017578e-02,-1.493669697083532810e-03,1.154708042740821838e-01,1.210220158100128174e-02,-1.025857254862785339e-01,-1.189506053924560547e-01,-1.205585896968841553e-01,-1.881398409605026245e-01,-1.525797531940042973e-03,-1.868451200425624847e-02,-4.285676777362823486e-02,-1.051600277423858643e-01,-7.515029609203338623e-02,1.297783404588699341e-01,5.908295139670372009e-02,2.117619514465332031e-01,9.497997909784317017e-02,1.127219349145889282e-01,-3.821823745965957642e-02,-1.827223151922225952e-01,-3.216962516307830811e-01,-1.417401134967803955e-01,-1.508419513702392578e-01,-2.063667029142379761e-02,6.479161977767944336e-02,1.755565404891967773e-01,1.656270585954189301e-02,-1.546244166092947125e-04,-6.114553194493055344e-03,-5.152048915624618530e-02,-8.221317082643508911e-02,-3.823928236961364746e-01,-3.498774766921997070e-01,-1.661658436059951782e-01,-2.677319049835205078e-01,1.736457794904708862e-01,4.940307140350341797e-02,3.122043050825595856e-02,1.170701384544372559e-01,-3.505408763885498047e-02,-2.535385824739933014e-02,-2.268046736717224121e-01,-2.382113039493560791e-01,3.881752118468284607e-02,-5.346299335360527039e-02,5.057935416698455811e-02,-2.822360768914222717e-02,2.031148225069046021e-01,-2.302346229553222656e-01,1.783327162265777588e-01,-1.177491322159767151e-01,-9.540329687297344208e-03,-2.422727793455123901e-01,5.183524638414382935e-02,-2.679158449172973633e-01,2.179079353809356689e-01,8.395367860794067383e-02,3.309037089347839355e-01,6.596838682889938354e-02,-1.001030281186103821e-01,-5.183724313974380493e-02,-6.857468187808990479e-02,-6.762196123600006104e-02,-2.737795189023017883e-02,3.825360536575317383e-02,3.097918629646301270e-02,-2.305524498224258423e-01,-8.726840838789939880e-03,-2.041159570217132568e-01,-1.053792759776115417e-01,-4.979100450873374939e-02,-8.032427728176116943e-02,-2.034086920320987701e-02,-1.495408415794372559e-01,-1.144251599907875061e-01,-1.272591389715671539e-02,-3.337332606315612793e-02,-4.368039965629577637e-02,1.391489803791046143e-01,1.797142922878265381e-01,-1.123893409967422485e-01
-2.216068804264068604e-01,-3.118779063224792480e-01,1.658458411693572998e-01,-1.753693213686347008e-03,1.301838159561157227e-01,-5.040945112705230713e-02,7.094907574355602264e-03,2.681799605488777161e-02,1.441010832786560059e-01,-5.701660737395286560e-02,4.274970293045043945e-01,2.784070372581481934e-01,0.000000000000000000e+00,6.224784851074218750e-01,4.695547223091125488e-01,2.819032073020935059e-01,-1.385365724563598633e-01,-3.545944392681121826e-01,-1.977456212043762207e-01,-2.269715666770935059e-01,1.776872575283050537e-01,-5.774514749646186829e-02,-1.029972452670335770e-03,1.473987549543380737e-01,2.028027623891830444e-01,2.958060204982757568e-01,1.959946304559707642e-01,-6.962268799543380737e-02,-1.788673922419548035e-02,-8.850481361150741577e-02,1.942223757505416870e-01,3.400581479072570801e-01,-1.954882442951202393e-01,-2.146326154470443726e-01,-7.618553191423416138e-02,-1.240222677588462830e-01,1.579082012176513672e-01,1.254409998655319214e-01,-6.542305648326873779e-02,-6.337485462427139282e-02,1.073770318180322647e-02,1.396860331296920776e-01,-1.914284527301788330e-01,-7.742202281951904297e-02,-1.104576960206031799e-01,-1.367324590682983398e-01,-1.008807420730590820e-01,-1.918819248676300049e-01,1.229832917451858521e-01,-8.386360714212059975e-04,2.662245556712150574e-02,5.628458783030509949e-02,4.220420494675636292e-02,-6.663320213556289673e-02,-7.153715472668409348e-03,-2.356440424919128418e-01,-2.998252511024475098e-01,-2.478259503841400146e-01,-4.964407533407211304e-02,6.999339908361434937e-02,6.059511750936508179e-02,9.388143569231033325e-02,-2.863148450851440430e-01,-2.760798037052154541e-01,1.259937286376953125e-01,-2.665099687874317169e-02,-2.783285677433013916e-01,-3.129054307937622070e-01,-2.314481884241104126e-01,-2.934972047805786133e-01,4.321343079209327698e-02,2.771629393100738525e-02,-1.123230159282684326e-01,4.727033525705337524e-02,-1.781344413757324219e-01,-2.432089447975158691e-01,3.934238106012344360e-02,-4.657995887100696564e-03,-2.364046573638916016e-01,-1.223697215318679810e-01,-1.085099652409553528e-01,-1.857542991638183594e-01,1.955710053443908691e-01,2.622742578387260437e-02,2.114757299423217773e-01,-1.660698652267456055e-01,3.797322884202003479e-02,-5.790155008435249329e-02,-8.636173605918884277e-02,8.627408184111118317e-03,1.320551633834838867e-01,-3.726960346102714539e-02,6.765068322420120239e-02,3.379347547888755798e-02,-1.123896762728691101e-01,2.185851149260997772e-02,-7.025300711393356323e-02,-9.542395919561386108e-02,-6.552536040544509888e-02,-1.017398908734321594e-01,1.863344460725784302e-01,8.571789413690567017e-02,2.533892691135406494e-01,1.254813671112060547e-01,5.441278964281082153e-02,-1.734771579504013062e-01,-3.220048174262046814e-02,-2.459256723523139954e-02,-9.482509642839431763e-02,-1.186174899339675903e-01,-6.928151100873947144e-02,-8.500003814697265625e-02,4.110751673579216003e-02,4.551747813820838928e-02,1.281618885695934296e-02,-3.553050756454467773e-02
