0.000000000000000000e+00,6.291249394416809082e-01,1.453190594911575317e-01,-1.887791007757186890e-01,4.636411741375923157e-02,-4.854116588830947876e-02,-1.017601191997528076e-01,-9.726069867610931396e-02,1.596302241086959839e-01,4.982594400644302368e-02,7.333713024854660034e-02,1.814164221286773682e-01,8.403186500072479248e-02,-4.501488432288169861e-02,1.193847805261611938e-01,4.666994139552116394e-02,-3.495059907436370850e-02,1.276728510856628418e-01,3.348621428012847900e-01,3.085626661777496338e-01,4.231588914990425110e-02,3.310401737689971924e-02,-2.759221754968166351e-02,-3.861759230494499207e-02,-7.253752648830413818e-02,-1.771571040153503418e-01,-1.152909919619560242e-02,-5.901101604104042053e-02,-2.962628751993179321e-02,-3.647866472601890564e-02,2.357875928282737732e-02,1.614585518836975098e-01,2.433310747146606445e-01,1.389767825603485107e-01,-2.280306816101074219e-01,-2.443518638610839844e-01,-1.761846095323562622e-01,-2.545707114040851593e-02,-7.462209463119506836e-02,6.285677850246429443e-02,-3.865841031074523926e-02,1.804655194282531738e-01,-6.147694587707519531e-02,-3.329396247863769531e-02,-1.100734993815422058e-01,2.862465009093284607e-02,-1.217968314886093140e-01,-1.198522225022315979e-01,-2.949961647391319275e-02,-6.216438114643096924e-02,-2.013246417045593262e-01,-1.293104439973831177e-01,7.236497942358255386e-03,-9.647440910339355469e-02,-1.436498910188674927e-01,-8.237190544605255127e-02,6.629187464714050293e-01,5.656748414039611816e-01,4.139977395534515381e-01,2.276572734117507935e-01,3.755260109901428223e-01,1.148887127637863159e-01,1.427878588438034058e-01,7.694671303033828735e-02,-1.498628109693527222e-01,-3.275581300258636475e-01,-7.923036068677902222e-02,-9.228169173002243042e-02,3.421762585639953613e-01,3.227048516273498535e-01,-5.682525038719177246e-02,-4.397423192858695984e-02,-3.634164109826087952e-02,-3.505423292517662048e-02,6.415573507547378540e-02,3.163382411003112793e-02,-9.886252880096435547e-02,-4.579789564013481140e-02,-1.174572110176086426e-01,1.070027947425842285e-01,6.572898477315902710e-02,-5.711966753005981445e-02,1.635188609361648560e-01,-6.919086724519729614e-02,-8.455370366573333740e-02,-1.511491388082504272e-01,3.235825523734092712e-02,2.692868001759052277e-02,-8.195775747299194336e-02,-4.775693640112876892e-02,-2.111958414316177368e-01,-2.103507369756698608e-01,-2.575323879718780518e-01,-2.125861048698425293e-01,1.594644598662853241e-02,-1.109771803021430969e-01,-4.752372205257415771e-02,-8.612842857837677002e-02,-1.478154808282852173e-01,-1.479739695787429810e-01,-5.581135675311088562e-02,-1.262265741825103760e-01,-1.123021021485328674e-01,-2.084062099456787109e-01,-9.466096758842468262e-02,-9.223970770835876465e-02,2.413405030965805054e-01,-8.538794517517089844e-02,7.328315079212188721e-02,-1.302351802587509155e-01,-7.899518311023712158e-02,-8.852061629295349121e-02,-3.782497346401214600e-02,-1.014528572559356689e-01,-9.023647010326385498e-02,-1.000271067023277283e-01
6.291249394416809082e-01,0.000000000000000000e+00,2.710239030420780182e-02,2.103864215314388275e-02,-1.063610911369323730e-01,-1.856067776679992676e-01,-6.521575152873992920e-02,1.926367580890655518e-01,1.404559612274169922e-02,-1.394868493080139160e-01,1.613331884145736694e-01,1.903127729892730713e-01,9.184040874242782593e-02,1.993741542100906372e-01,-4.098052531480789185e-02,-9.503592550754547119e-02,1.173805096186697483e-03,8.909676223993301392e-02,2.437431812286376953e-01,4.074843823909759521e-01,-9.376751631498336792e-02,-1.057051718235015869e-01,-1.268233656883239746e-01,-1.158000454306602478e-01,-1.561717391014099121e-01,-2.702494263648986816e-01,1.001770514994859695e-02,-9.096805006265640259e-02,-6.502603739500045776e-02,4.615420475602149963e-02,7.509309053421020508e-02,2.790334820747375488e-01,2.068348377943038940e-01,2.628107666969299316e-01,-2.236529439687728882e-01,-2.479701936244964600e-01,-2.131292819976806641e-01,-1.244935244321823120e-01,-1.510981470346450806e-01,1.459352578967809677e-02,-5.397368222475051880e-02,1.868045628070831299e-01,-2.212663367390632629e-02,-5.280514806509017944e-02,-9.675654768943786621e-02,5.727523192763328552e-02,-1.947518140077590942e-01,-1.784581840038299561e-01,5.455163773149251938e-04,-2.000588551163673401e-02,-2.124867886304855347e-01,-2.003058493137359619e-01,2.178534865379333496e-02,-7.859631627798080444e-02,-1.564366370439529419e-01,-1.544989198446273804e-01,5.721102356910705566e-01,5.962114930152893066e-01,2.654013335704803467e-01,2.703627347946166992e-01,3.240470886230468750e-01,2.361758798360824585e-01,1.153603494167327881e-01,1.885672807693481445e-01,-1.657894402742385864e-01,-2.373251914978027344e-01,-1.676338165998458862e-01,-1.535157263278961182e-01,3.274841606616973877e-01,3.520527780055999756e-01,3.946841508150100708e-02,5.882022157311439514e-02,-3.090342879295349121e-02,6.230562925338745117e-02,-3.120339475572109222e-02,-2.334113791584968567e-02,3.683433635160326958e-03,2.743517234921455383e-02,-1.919658109545707703e-02,2.292845398187637329e-01,1.708028018474578857e-01,7.873657159507274628e-03,9.536136686801910400e-02,-4.759346693754196167e-02,-1.297046393156051636e-01,-2.867477238178253174e-01,-4.874465055763721466e-03,-3.616306930780410767e-02,-2.505186200141906738e-02,-1.052064150571823120e-01,-1.505039483308792114e-01,-1.888324320316314697e-01,-1.826756447553634644e-01,-2.085293084383010864e-01,-4.472892731428146362e-02,-8.111629635095596313e-02,-8.270166069269180298e-02,-1.935390681028366089e-01,-1.095478534698486328e-01,-2.429135888814926147e-01,7.423492521047592163e-02,-1.727156788110733032e-01,-7.337186485528945923e-02,-1.948407888412475586e-01,-7.131424546241760254e-02,-7.262010127305984497e-02,1.421297788619995117e-01,-9.965132921934127808e-02,6.908133625984191895e-02,-1.715913414955139160e-01,-1.846350282430648804e-01,-4.561614990234375000e-02,-5.129184201359748840e-02,-9.476691484451293945e-03,-8.392532914876937866e-02,-1.457433700561523438e-01
1.453190594911575317e-01,2.710239030420780182e-02,0.000000000000000000e+00,-8.003174513578414917e-02,6.482415199279785156e-01,5.917412042617797852e-01,-3.217764571309089661e-02,-5.751788020133972168e-01,6.656037569046020508e-01,7.138915657997131348e-01,-5.292693376541137695e-01,7.223466038703918457e-02,2.401358634233474731e-02,-6.200639009475708008e-01,6.772235035896301270e-01,2.647569179534912109e-01,-2.769603431224822998e-01,3.110805153846740723e-02,3.619197607040405273e-01,2.396790236234664917e-01,-1.536493003368377686e-01,-1.527117043733596802e-01,6.295689344406127930e-01,5.124050974845886230e-01,5.764219760894775391e-01,2.842962741851806641e-01,5.444660037755966187e-02,-3.752836585044860840e-01,-2.714094519615173340e-01,-1.134180128574371338e-01,-2.823145687580108643e-01,-5.109797120094299316e-01,-1.624954640865325928e-01,-7.345584034919738770e-02,-9.443046152591705322e-02,-2.236962318420410156e-01,1.804231549613177776e-03,-4.326098039746284485e-02,4.093651473522186279e-02,-9.921314567327499390e-02,3.285361528396606445e-01,-3.539332747459411621e-02,-2.940591797232627869e-02,-8.247026801109313965e-02,1.340231448411941528e-01,3.380505368113517761e-02,1.457643806934356689e-01,4.539084434509277344e-02,2.550459206104278564e-01,1.375655233860015869e-01,1.783307492733001709e-01,1.545363813638687134e-01,9.034500271081924438e-02,-1.694532781839370728e-01,5.630146712064743042e-02,-1.175482198596000671e-01,-1.081440318375825882e-02,1.776126623153686523e-01,1.312901079654693604e-01,1.089022830128669739e-01,2.099102437496185303e-01,8.082080632448196411e-02,-1.846606433391571045e-01,-2.228259146213531494e-01,-3.316192701458930969e-02,7.452172227203845978e-03,1.533194333314895630e-01,-5.145613104104995728e-02,1.611218154430389404e-01,-9.702003002166748047e-02,-3.393339514732360840e-01,-2.530104815959930420e-01,-2.642205953598022461e-01,-1.585179120302200317e-01,-1.043706610798835754e-01,-3.365862071514129639e-01,-3.016152381896972656e-01,-3.732542395591735840e-01,2.763830125331878662e-01,-2.294754385948181152e-01,-2.553769648075103760e-01,-2.572799324989318848e-01,5.046639591455459595e-03,-1.299061626195907593e-01,1.310768872499465942e-01,-2.168638110160827637e-01,-8.551466464996337891e-02,-2.963152229785919189e-01,1.271669119596481323e-01,-3.207518756389617920e-01,2.464439570903778076e-01,-2.107416279613971710e-02,8.270217478275299072e-02,-8.802391588687896729e-02,-3.046027123928070068e-01,7.461064308881759644e-02,-2.685807645320892334e-01,-2.428157329559326172e-01,-1.337548792362213135e-01,-8.883524686098098755e-02,-1.165926922112703323e-02,-1.007433831691741943e-01,-2.028131335973739624e-01,-2.681429088115692139e-01,-3.624415770173072815e-02,-2.280999571084976196e-01,-1.491000205278396606e-01,-1.434838026762008667e-01,-1.605392247438430786e-01,-2.108672633767127991e-02,-4.371234774589538574e-02,-2.329727560281753540e-01,1.471912264823913574e-01,1.318478435277938843e-01,-4.897409304976463318e-02,-2.638632059097290039e-01
-1.887791007757186890e-01,2.103864215314388275e-02,-8.003174513578414917e-02,0.000000000000000000e+00,-2.069028019905090332e-01,-2.584672272205352783e-01,1.965573281049728394e-01,3.400804996490478516e-01,-2.863937318325042725e-01,-2.126683145761489868e-01,2.589383125305175781e-01,-1.695121079683303833e-01,6.175708025693893433e-02,1.574190109968185425e-01,-3.118756711483001709e-01,-1.573775112628936768e-01,-1.118941232562065125e-01,-1.213078424334526062e-01,2.473316043615341187e-01,8.487249910831451416e-02,1.287936121225357056e-01,-5.537065863609313965e-02,3.862256929278373718e-02,3.045481741428375244e-01,-2.909103780984878540e-02,1.828634180128574371e-02,-8.804023265838623047e-02,-5.036376416683197021e-02,1.735443174839019775e-01,-2.350351028144359589e-02,4.672372248023748398e-03,-3.000610508024692535e-03,4.672724008560180664e-02,6.302921473979949951e-02,1.019421815872192383e-01,9.485929459333419800e-02,2.272992581129074097e-02,-1.838872730731964111e-01,1.116372793912887573e-01,-6.064188480377197266e-02,1.020763441920280457e-01,-3.136233985424041748e-02,1.305621713399887085e-01,6.658428907394409180e-02,-5.781165510416030884e-02,-8.555508218705654144e-03,-1.200103387236595154e-01,-2.501656860113143921e-02,-2.018143385648727417e-01,-1.196255013346672058e-01,-1.563019752502441406e-01,-1.350549459457397461e-01,-1.913691312074661255e-01,1.757812052965164185e-01,-5.665347352623939514e-02,7.733743637800216675e-02,-3.107357919216156006e-01,-2.242845594882965088e-01,-3.456001877784729004e-01,-1.320367157459259033e-01,-4.880098253488540649e-02,-8.678678423166275024e-02,1.171861737966537476e-01,9.064321964979171753e-02,1.430093348026275635e-01,2.154061347246170044e-01,-1.242140159010887146e-01,-1.023989357054233551e-02,-2.935429103672504425e-02,2.632510662078857422e-02,2.378140240907669067e-01,1.285950541496276855e-01,5.393256247043609619e-02,1.683831512928009033e-01,-6.264461576938629150e-02,4.331154376268386841e-02,-1.379758026450872421e-02,1.986142992973327637e-01,4.959935322403907776e-02,1.549085825681686401e-01,-3.987290337681770325e-02,-1.298104226589202881e-01,-1.212338544428348541e-02,-5.338827148079872131e-02,-1.961083114147186279e-01,1.606065034866333008e-02,-8.024924248456954956e-02,-3.511110320687294006e-02,6.388243287801742554e-02,1.753386408090591431e-01,1.552331168204545975e-02,1.980521976947784424e-01,1.015867665410041809e-02,2.860907912254333496e-01,4.514117911458015442e-02,3.797680605202913284e-03,3.926341980695724487e-02,-7.069236785173416138e-02,8.024741709232330322e-02,6.131138652563095093e-02,1.289892196655273438e-01,3.193175494670867920e-01,-3.304490819573402405e-02,1.599421948194503784e-01,-2.582395970821380615e-01,-1.166186407208442688e-01,4.942503944039344788e-02,-1.275594085454940796e-01,4.070002213120460510e-02,4.710346087813377380e-02,8.178537338972091675e-02,2.585551440715789795e-01,1.178723876364529133e-03,6.720472127199172974e-02,3.625975688919425011e-03,-8.720151335000991821e-02
4.636411741375923157e-02,-1.063610911369323730e-01,6.482415199279785156e-01,-2.069028019905090332e-01,0.000000000000000000e+00,5.424904823303222656e-01,-1.857398450374603271e-01,-5.660185217857360840e-01,5.822842717170715332e-01,6.635749340057373047e-01,-4.870338141918182373e-01,-6.246286258101463318e-02,2.375487238168716431e-03,-5.276453495025634766e-01,6.346294879913330078e-01,2.973570227622985840e-01,-1.963449269533157349e-01,1.138741616159677505e-02,2.384346276521682739e-01,3.888292238116264343e-02,-1.342599242925643921e-01,-5.476358160376548767e-02,5.004860758781433105e-01,4.021834135055541992e-01,4.973916411399841309e-01,1.963295936584472656e-01,1.596604734659194946e-01,-1.936140954494476318e-01,-1.981166154146194458e-01,-1.525692492723464966e-01,-3.252266645431518555e-01,-5.672218799591064453e-01,-2.720876336097717285e-01,-2.103485167026519775e-01,-4.852842912077903748e-02,-1.446017920970916748e-01,1.255905814468860626e-02,1.428431272506713867e-01,4.205286502838134766e-02,5.327543616294860840e-02,2.279613316059112549e-01,5.298047512769699097e-02,-8.453108370304107666e-02,-7.336018979549407959e-02,1.756401807069778442e-01,6.457278132438659668e-02,1.169338375329971313e-01,1.612726971507072449e-02,2.461548596620559692e-01,5.463550984859466553e-02,1.144778653979301453e-01,1.640873700380325317e-01,6.916885823011398315e-02,-1.856411844491958618e-01,-1.005536317825317383e-02,-1.134871393442153931e-01,-5.368057265877723694e-02,6.354878842830657959e-02,1.596702486276626587e-01,8.257122337818145752e-02,7.368577271699905396e-02,-3.492271155118942261e-02,-2.057074755430221558e-01,-2.620769739151000977e-01,-2.805248834192752838e-02,2.433303743600845337e-03,2.213095128536224365e-01,5.213658139109611511e-02,1.009302362799644470e-01,-1.751969754695892334e-01,-3.119505643844604492e-01,-2.766128480434417725e-01,-2.427385300397872925e-01,-1.579278111457824707e-01,-1.765778660774230957e-02,-2.622639238834381104e-01,-2.659890055656433105e-01,-3.568471968173980713e-01,2.294243276119232178e-01,-2.639195024967193604e-01,-2.848873138427734375e-01,-1.706229895353317261e-01,5.752142518758773804e-02,8.498377166688442230e-03,2.271366268396377563e-01,2.516776248739915900e-06,-1.225969269871711731e-01,-1.671597063541412354e-01,-1.711933873593807220e-02,-2.241366356611251831e-01,1.496829390525817871e-01,-1.208036020398139954e-01,2.816465310752391815e-02,-1.587845385074615479e-01,-3.124488890171051025e-01,1.618889421224594116e-01,-2.870998978614807129e-01,-1.538020968437194824e-01,-1.692302674055099487e-01,-1.063630953431129456e-01,-1.825936883687973022e-01,-1.546530276536941528e-01,-2.552603781223297119e-01,-2.842972576618194580e-01,-2.102525532245635986e-02,-2.064661830663681030e-01,-1.663146018981933594e-01,-1.331807971000671387e-01,-1.295370757579803467e-01,-4.748508334159851074e-03,-6.776499748229980469e-02,-2.560639977455139160e-01,7.704829424619674683e-02,6.437374651432037354e-02,-1.991940476000308990e-02,-1.407705247402191162e-01
-4.854116588830947876e-02,-1.856067776679992676e-01,5.917412042617797852e-01,-2.584672272205352783e-01,5.424904823303222656e-01,0.000000000000000000e+00,-7.703199516981840134e-03,-6.584025621414184570e-01,6.047196984291076660e-01,7.379704713821411133e-01,-5.561050772666931152e-01,7.129503041505813599e-02,-1.523882802575826645e-02,-6.723225116729736328e-01,6.871687173843383789e-01,4.053411781787872314e-01,-8.072834461927413940e-02,3.556209430098533630e-02,5.170238763093948364e-02,1.041609346866607666e-01,-1.948922127485275269e-01,-6.896837800741195679e-02,5.947377681732177734e-01,3.385775387287139893e-01,5.854511260986328125e-01,4.345151484012603760e-01,6.762417405843734741e-02,-2.012587636709213257e-01,-2.526653409004211426e-01,-8.474685251712799072e-02,-2.464276403188705444e-01,-5.223496556282043457e-01,-1.110706999897956848e-01,-3.970878943800926208e-02,-6.065375171601772308e-03,-2.354740351438522339e-02,1.187688112258911133e-01,9.751844406127929688e-02,-1.064553633332252502e-01,-1.622132658958435059e-01,1.889668256044387817e-01,-8.096589148044586182e-02,-6.780268251895904541e-02,-1.163523197174072266e-01,1.763264983892440796e-01,1.164057478308677673e-01,9.966035932302474976e-02,-5.882781930267810822e-03,2.281316667795181274e-01,1.284756213426589966e-01,1.501241028308868408e-01,2.091679424047470093e-01,4.464443400502204895e-02,-1.209733337163925171e-01,-4.674642905592918396e-02,-2.083126455545425415e-01,-4.066833481192588806e-02,7.849319279193878174e-02,7.723882794380187988e-02,1.698349863290786743e-01,3.551553562283515930e-02,8.190847933292388916e-02,-3.076398074626922607e-01,-1.870408505201339722e-01,-8.156251907348632812e-02,7.689356803894042969e-02,2.571652233600616455e-01,1.511878222227096558e-01,2.414781041443347931e-02,-7.278821617364883423e-02,-4.444895088672637939e-01,-3.544355928897857666e-01,-1.587050706148147583e-01,-1.557736545801162720e-01,1.664062589406967163e-02,-1.769411712884902954e-01,-1.369089186191558838e-01,-3.690435886383056641e-01,1.210083290934562683e-01,-4.868737161159515381e-01,-2.471444457769393921e-01,-1.253084391355514526e-01,-7.164739817380905151e-02,2.080831304192543030e-02,2.426896393299102783e-01,-6.710053980350494385e-02,-1.609985679388046265e-01,-2.301447838544845581e-01,4.869087785482406616e-02,-2.465040385723114014e-01,1.071736142039299011e-01,-3.731744736433029175e-02,3.338843956589698792e-02,-1.262660175561904907e-01,-2.487585395574569702e-01,5.126698315143585205e-02,-2.122550904750823975e-01,-1.437604576349258423e-01,-1.900856792926788330e-01,-1.281168162822723389e-01,-2.044617980718612671e-01,-1.821755915880203247e-01,-1.728196293115615845e-01,-2.377754896879196167e-01,9.920403361320495605e-02,-9.453380107879638672e-02,-2.006564587354660034e-01,-4.127135965973138809e-03,-2.242727428674697876e-01,-1.750809997320175171e-01,-1.086048483848571777e-01,-2.489538788795471191e-01,7.319632917642593384e-02,1.313600987195968628e-01,8.207456767559051514e-02,-1.379622966051101685e-01
-1.017601191997528076e-01,-6.521575152873992920e-02,-3.217764571309089661e-02,1.965573281049728394e-01,-1.857398450374603271e-01,-7.703199516981840134e-03,0.000000000000000000e+00,1.236824989318847656e-01,-1.207524314522743225e-01,-8.358579874038696289e-02,3.008294999599456787e-01,1.899203285574913025e-02,5.051617622375488281e-01,5.123120173811912537e-02,-1.697023212909698486e-01,5.266572535037994385e-02,1.236755624413490295e-01,-3.050732016563415527e-01,2.031018212437629700e-02,-3.633501008152961731e-02,1.598319387994706631e-03,3.807389363646507263e-02,1.764812171459197998e-01,7.053521275520324707e-02,-5.719836056232452393e-02,1.465360820293426514e-01,8.634310215711593628e-03,1.399259269237518311e-01,8.335861563682556152e-02,-9.741108864545822144e-02,3.580735027790069580e-01,1.989356428384780884e-01,1.279550492763519287e-01,3.334649652242660522e-02,2.559740543365478516e-01,2.219190001487731934e-01,1.538794785737991333e-01,-9.738608263432979584e-03,2.215215703472495079e-03,-1.079801283776760101e-02,9.693628549575805664e-02,-1.078725978732109070e-01,1.153868362307548523e-01,3.366462141275405884e-02,2.635448239743709564e-02,-3.461235761642456055e-02,-9.067451208829879761e-02,5.821058154106140137e-02,-1.624950170516967773e-01,9.610067307949066162e-02,4.684210568666458130e-02,-1.835191622376441956e-02,-3.117302060127258301e-01,2.597071230411529541e-01,-2.880784869194030762e-01,4.570132121443748474e-02,-7.023070752620697021e-02,-7.332269847393035889e-02,-1.813189089298248291e-01,-3.769608587026596069e-02,-5.238591507077217102e-02,1.989407390356063843e-01,-9.143266081809997559e-02,-1.621477305889129639e-01,3.502837121486663818e-01,1.010291278362274170e-01,-2.187490016222000122e-01,-2.014139145612716675e-01,-2.700392305850982666e-01,-5.945587065070867538e-03,2.148189842700958252e-01,3.441268503665924072e-01,3.079178333282470703e-01,2.305439859628677368e-01,1.605040021240711212e-02,2.203007936477661133e-01,2.064763754606246948e-01,3.306414484977722168e-01,-2.567166090011596680e-01,9.942204505205154419e-02,-1.884936839342117310e-01,-1.733522862195968628e-01,-1.608545333147048950e-01,2.018457511439919472e-03,-2.566208541393280029e-01,-1.422062218189239502e-01,-2.159319669008255005e-01,4.881804436445236206e-02,-2.460877001285552979e-01,2.420338839292526245e-01,-1.673943549394607544e-01,2.570139169692993164e-01,-1.319443434476852417e-01,3.500593006610870361e-01,3.311930922791361809e-03,-1.841924041509628296e-01,-3.352341800928115845e-02,1.153803989291191101e-01,4.684862866997718811e-02,1.286825239658355713e-01,-7.521918416023254395e-02,3.223316967487335205e-01,6.242543831467628479e-02,1.710586249828338623e-01,-1.292536109685897827e-01,7.938663661479949951e-02,-1.725726947188377380e-02,-4.378452524542808533e-02,-1.352904587984085083e-01,-1.442137211561203003e-01,6.573698669672012329e-02,5.125237628817558289e-02,-8.292581886053085327e-03,-1.022799387574195862e-01,1.478232443332672119e-01,-1.493776291608810425e-01
-9.726069867610931396e-02,1.926367580890655518e-01,-5.751788020133972168e-01,3.400804996490478516e-01,-5.660185217857360840e-01,-6.584025621414184570e-01,1.236824989318847656e-01,0.000000000000000000e+00,-6.269273757934570312e-01,-7.247101664543151855e-01,5.325167775154113770e-01,8.576550334692001343e-02,4.232119768857955933e-02,7.716181874275207520e-01,-6.643994450569152832e-01,-4.444112479686737061e-01,1.337060891091823578e-02,-7.604609709233045578e-04,-1.448178887367248535e-01,5.579547211527824402e-02,5.342287197709083557e-02,2.384678227826952934e-03,-4.428067803382873535e-01,-3.125540614128112793e-01,-4.959384500980377197e-01,-3.716084659099578857e-01,-9.142310358583927155e-03,1.885492950677871704e-01,8.086099475622177124e-02,1.786889135837554932e-01,2.740237414836883545e-01,5.434641838073730469e-01,1.859058737754821777e-01,2.543361485004425049e-01,4.493987932801246643e-02,5.864815786480903625e-02,-9.222099930047988892e-02,-1.778742820024490356e-01,5.476466566324234009e-02,-3.469009697437286377e-02,-1.625321507453918457e-01,4.424383863806724548e-02,3.051915951073169708e-02,5.942704901099205017e-02,-1.179642751812934875e-01,-1.307059451937675476e-02,-9.325345605611801147e-02,-3.395145013928413391e-02,-1.694296151399612427e-01,-4.737142473459243774e-02,-1.029369011521339417e-01,-2.130730897188186646e-01,-1.202724874019622803e-02,2.049278467893600464e-02,-5.237898789346218109e-03,-9.473152458667755127e-03,-4.938277974724769592e-02,-1.162619069218635559e-01,-1.641626805067062378e-01,-1.167670115828514099e-01,8.212831616401672363e-02,8.032324165105819702e-02,1.692460626363754272e-01,2.846268117427825928e-01,4.565125703811645508e-02,9.947553277015686035e-03,-2.523321509361267090e-01,-1.308767348527908325e-01,-3.156692534685134888e-02,2.330078184604644775e-02,4.303735494613647461e-01,3.014394342899322510e-01,1.280416250228881836e-01,1.731338500976562500e-01,-7.763653248548507690e-02,1.065625548362731934e-01,1.947575956583023071e-01,2.706233561038970947e-01,-2.135985158383846283e-02,4.273453354835510254e-01,3.046900331974029541e-01,1.769726276397705078e-01,-9.553538262844085693e-02,-8.061749488115310669e-02,-9.790050983428955078e-02,-5.575549975037574768e-02,1.261937171220779419e-01,-2.738646604120731354e-02,9.583178162574768066e-02,3.096822835505008698e-02,-1.170220784842967987e-02,-6.771207787096500397e-03,4.585060104727745056e-02,8.841403760015964508e-03,3.153341263532638550e-02,-1.160877346992492676e-01,1.795206815004348755e-01,-5.754378810524940491e-02,1.681394875049591064e-02,-6.527247279882431030e-02,2.195100635290145874e-01,1.224330533295869827e-02,3.532755002379417419e-02,6.888463348150253296e-02,-6.523066759109497070e-02,-3.470927849411964417e-02,4.823689162731170654e-02,-1.093853414058685303e-01,1.824444346129894257e-02,5.078945308923721313e-02,1.006699427962303162e-01,1.773699671030044556e-01,-1.031347885727882385e-01,-5.555649101734161377e-02,-1.072150096297264099e-01,-1.885611750185489655e-02
1.596302241086959839e-01,1.404559612274169922e-02,6.656037569046020508e-01,-2.863937318325042725e-01,5.822842717170715332e-01,6.047196984291076660e-01,-1.207524314522743225e-01,-6.269273757934570312e-01,0.000000000000000000e+00,6.720865964889526367e-01,-5.878291130065917969e-01,1.061216145753860474e-01,-7.665234804153442383e-02,-6.057545542716979980e-01,7.287255525588989258e-01,4.220822751522064209e-01,-2.077535986900329590e-01,1.299780458211898804e-01,1.924911737442016602e-01,1.049795001745223999e-01,-6.369441002607345581e-02,-3.070754185318946838e-02,5.053005218505859375e-01,3.730106055736541748e-01,4.931510984897613525e-01,2.567588984966278076e-01,1.837822422385215759e-02,-2.655682563781738281e-01,-2.161134034395217896e-01,-6.903824955224990845e-02,-3.366515636444091797e-01,-4.719723463058471680e-01,-2.245964258909225464e-01,-1.303242892026901245e-01,-1.549413055181503296e-01,-1.740012019872665405e-01,-8.713808655738830566e-02,-2.383589185774326324e-02,-7.455925643444061279e-02,-1.267730295658111572e-01,2.427052259445190430e-01,-7.867501117289066315e-03,-7.296983897686004639e-02,-1.371166706085205078e-01,9.686776250600814819e-02,8.861460373736917973e-04,1.229546144604682922e-01,-1.561932824552059174e-02,2.909042239189147949e-01,1.854313611984252930e-01,2.264781594276428223e-01,2.571657896041870117e-01,2.503522932529449463e-01,-1.354588568210601807e-01,3.215819597244262695e-02,-1.025360822677612305e-01,6.985350698232650757e-02,2.141786962747573853e-01,1.969981491565704346e-01,1.843062639236450195e-01,1.289891749620437622e-01,5.987340211868286133e-02,-2.535790503025054932e-01,-2.326685935258865356e-01,-1.551736444234848022e-01,9.233537130057811737e-03,1.300608068704605103e-01,7.869228720664978027e-03,7.693701237440109253e-02,-1.054570972919464111e-01,-4.253489971160888672e-01,-3.312960565090179443e-01,-2.192455232143402100e-01,-1.599764972925186157e-01,-7.088924944400787354e-02,-3.089128732681274414e-01,-3.087250292301177979e-01,-3.751212954521179199e-01,1.984391361474990845e-01,-3.095722496509552002e-01,-2.938887476921081543e-01,-2.074125707149505615e-01,1.225778483785688877e-03,-3.721554577350616455e-02,1.510093361139297485e-01,-1.178146153688430786e-01,-6.268509477376937866e-02,-1.657918989658355713e-01,5.357260257005691528e-02,-2.870204150676727295e-01,2.118644118309020996e-01,-9.197179228067398071e-02,6.826221942901611328e-02,-1.588451415300369263e-01,-2.466727346181869507e-01,5.160589516162872314e-02,-2.495035231113433838e-01,-2.544986009597778320e-01,-1.871475875377655029e-01,-1.247270256280899048e-01,-4.940816015005111694e-02,-1.612821370363235474e-01,-1.441922932863235474e-01,-2.810492515563964844e-01,4.894131794571876526e-02,-1.482501924037933350e-01,-1.288248877972364426e-02,-5.229657143354415894e-02,-1.344825625419616699e-01,-2.883910015225410461e-02,-7.661820203065872192e-02,-2.482791692018508911e-01,4.226995259523391724e-02,1.190164387226104736e-01,-6.163695454597473145e-02,-1.559198498725891113e-01
4.982594400644302368e-02,-1.394868493080139160e-01,7.138915657997131348e-01,-2.126683145761489868e-01,6.635749340057373047e-01,7.379704713821411133e-01,-8.358579874038696289e-02,-7.247101664543151855e-01,6.720865964889526367e-01,0.000000000000000000e+00,-5.632624030113220215e-01,7.400108128786087036e-02,1.185938064008951187e-02,-7.308564782142639160e-01,7.405902147293090820e-01,4.375206828117370605e-01,-1.228632479906082153e-01,5.412745475769042969e-02,2.235333323478698730e-01,1.631466597318649292e-01,-1.722234636545181274e-01,-6.286191195249557495e-02,6.082055568695068359e-01,4.583061635494232178e-01,6.029554605484008789e-01,3.361188769340515137e-01,4.788699746131896973e-02,-3.089646399021148682e-01,-2.585141658782958984e-01,-1.760992556810379028e-01,-3.456070721149444580e-01,-5.956404209136962891e-01,-1.693296879529953003e-01,-9.460178017616271973e-02,-8.956824243068695068e-02,-1.423150748014450073e-01,3.909565880894660950e-02,9.643822163343429565e-02,-7.232213765382766724e-02,-7.658559828996658325e-02,2.638162970542907715e-01,-3.848431259393692017e-02,-9.695219993591308594e-02,-1.251207441091537476e-01,1.243568137288093567e-01,7.801631838083267212e-02,8.211527019739151001e-02,-1.161523861810564995e-03,2.132240682840347290e-01,1.303416192531585693e-01,1.518359780311584473e-01,2.259785532951354980e-01,8.551286160945892334e-02,-1.199508085846900940e-01,-8.014301769435405731e-03,-1.136129796504974365e-01,-2.880134433507919312e-02,1.282049268484115601e-01,1.483256071805953979e-01,1.623817086219787598e-01,9.791703522205352783e-02,9.624128043651580811e-02,-2.090771645307540894e-01,-1.874054819345474243e-01,-1.086531132459640503e-01,6.057157739996910095e-02,2.323681265115737915e-01,1.064561307430267334e-01,1.391796320676803589e-01,-5.761220678687095642e-02,-4.545401930809020996e-01,-3.530038893222808838e-01,-2.081125825643539429e-01,-1.415246129035949707e-01,-2.072704210877418518e-02,-2.397714853286743164e-01,-2.537169754505157471e-01,-3.997226953506469727e-01,1.364859640598297119e-01,-4.499661624431610107e-01,-2.618991136550903320e-01,-2.116688489913940430e-01,8.495128713548183441e-03,-1.695813983678817749e-02,2.175203859806060791e-01,-6.671135127544403076e-02,-1.467691957950592041e-01,-2.211868464946746826e-01,4.529215022921562195e-02,-2.277474105358123779e-01,1.096772029995918274e-01,-8.015268296003341675e-02,4.569604527205228806e-03,-1.610549539327621460e-01,-2.632237076759338379e-01,4.311057180166244507e-02,-2.609491348266601562e-01,-1.976247727870941162e-01,-2.112166434526443481e-01,-1.502885222434997559e-01,-1.751060634851455688e-01,-1.505151391029357910e-01,-2.361898273229598999e-01,-2.988967001438140869e-01,3.410883713513612747e-03,-1.941151469945907593e-01,-1.528236269950866699e-01,-7.842986285686492920e-02,-1.759940087795257568e-01,-9.490835666656494141e-02,-7.072928547859191895e-02,-2.539948225021362305e-01,7.760747522115707397e-02,1.076053455471992493e-01,1.328151579946279526e-02,-1.844382733106613159e-01
7.333713024854660034e-02,1.613331884145736694e-01,-5.292693376541137695e-01,2.589383125305175781e-01,-4.870338141918182373e-01,-5.561050772666931152e-01,3.008294999599456787e-01,5.325167775154113770e-01,-5.878291130065917969e-01,-5.632624030113220215e-01,0.000000000000000000e+00,4.996949061751365662e-02,4.540512859821319580e-01,5.259247422218322754e-01,-6.160789132118225098e-01,-3.371329307556152344e-01,3.269680142402648926e-01,-9.309408254921436310e-03,-7.372031453996896744e-03,-6.428343802690505981e-02,9.595515578985214233e-02,6.443689018487930298e-02,-4.305748939514160156e-01,-3.602361679077148438e-01,-4.876990020275115967e-01,-3.009762167930603027e-01,5.499056074768304825e-03,1.624545454978942871e-01,3.063145875930786133e-01,1.012341119349002838e-02,2.982778847217559814e-01,4.399884939193725586e-01,1.667443662881851196e-01,5.386069789528846741e-02,2.433116734027862549e-02,4.906613007187843323e-02,-7.135245203971862793e-02,-4.711005091667175293e-02,8.609298616647720337e-02,1.642047911882400513e-01,-2.073128968477249146e-01,3.699058294296264648e-02,5.658198520541191101e-02,9.467674791812896729e-02,-1.777311414480209351e-01,-6.491424888372421265e-02,-2.054538279771804810e-01,-3.319814801216125488e-02,-3.620598912239074707e-01,-8.147562295198440552e-02,-1.811993867158889771e-01,-1.834158748388290405e-01,-2.125312089920043945e-01,2.585428357124328613e-01,-1.522735208272933960e-01,2.215884625911712646e-01,7.934375852346420288e-02,-3.233530372381210327e-02,-3.279220685362815857e-02,-3.994715958833694458e-02,-1.705799810588359833e-02,3.754553943872451782e-02,3.396456539630889893e-01,1.834307014942169189e-01,1.315544545650482178e-01,-5.900996923446655273e-02,-3.462430834770202637e-01,-1.683929562568664551e-01,-9.196906536817550659e-02,1.488167345523834229e-01,2.757820487022399902e-01,2.930702865123748779e-01,2.869718968868255615e-01,2.528328597545623779e-01,-1.092943549156188965e-02,2.965122461318969727e-01,1.884913742542266846e-01,4.627824127674102783e-01,-3.434078991413116455e-01,3.249524831771850586e-01,7.111787796020507812e-02,8.160246908664703369e-02,5.847165361046791077e-02,-9.999555535614490509e-03,-2.963752746582031250e-01,-5.942156538367271423e-03,-5.064185336232185364e-02,2.353277355432510376e-01,-1.241299957036972046e-01,3.767469227313995361e-01,-2.908979654312133789e-01,8.512719720602035522e-02,-2.279599159955978394e-01,2.208425849676132202e-01,2.398443520069122314e-01,-1.115406155586242676e-01,1.464166045188903809e-01,1.426102370023727417e-01,9.858936816453933716e-02,4.907894134521484375e-02,7.359229773283004761e-02,3.166963160037994385e-01,1.654891520738601685e-01,2.892002165317535400e-01,-1.780821532011032104e-01,1.417725831270217896e-01,1.553508043289184570e-01,-2.645321376621723175e-02,1.486960649490356445e-01,2.999901771545410156e-02,3.197149932384490967e-02,1.620933115482330322e-01,-7.075195014476776123e-02,-1.932299733161926270e-01,-1.690824050456285477e-03,5.574151873588562012e-02
1.814164221286773682e-01,1.903127729892730713e-01,7.223466038703918457e-02,-1.695121079683303833e-01,-6.246286258101463318e-02,7.129503041505813599e-02,1.899203285574913025e-02,8.576550334692001343e-02,1.061216145753860474e-01,7.400108128786087036e-02,4.996949061751365662e-02,0.000000000000000000e+00,8.754941076040267944e-02,1.013177484273910522e-01,1.212431639432907104e-01,1.150807887315750122e-01,-3.417358174920082092e-02,3.449451625347137451e-01,2.579759806394577026e-02,4.351786375045776367e-01,-2.183891534805297852e-01,-7.078538835048675537e-02,-6.297893077135086060e-02,-1.369392722845077515e-01,-1.119588464498519897e-01,-9.683743119239807129e-02,1.643675416707992554e-01,-2.826949022710323334e-02,-1.419513970613479614e-01,2.953783571720123291e-01,1.495895981788635254e-01,2.127668261528015137e-01,2.695632874965667725e-01,3.964269161224365234e-01,-2.334406375885009766e-01,-1.786148548126220703e-01,-2.447029948234558105e-01,-1.868790239095687866e-01,-1.360002607107162476e-01,-2.497677952051162720e-01,-3.123304061591625214e-02,2.813072316348552704e-02,-2.474835664033889771e-01,-2.517083287239074707e-01,-2.477534413337707520e-01,-1.473246514797210693e-01,-9.971653670072555542e-02,-1.800288110971450806e-01,-3.775770217180252075e-02,1.321993917226791382e-01,5.337828397750854492e-02,-5.391124635934829712e-02,1.184384748339653015e-01,-2.066612541675567627e-01,9.832461178302764893e-02,-1.068883165717124939e-01,1.996612697839736938e-01,2.505328655242919922e-01,1.980244219303131104e-01,3.283565044403076172e-01,3.854091465473175049e-01,4.978286027908325195e-01,1.076552942395210266e-01,4.937681853771209717e-01,-2.575857639312744141e-01,9.372695535421371460e-02,-9.676177799701690674e-02,-3.725921735167503357e-02,1.625409573316574097e-01,1.485528945922851562e-01,-1.172936484217643738e-01,-1.224345644004642963e-03,-3.978375717997550964e-02,-1.023601833730936050e-02,-6.815115362405776978e-02,-4.557551071047782898e-02,7.326970994472503662e-02,-2.429499477148056030e-02,-7.580483704805374146e-02,4.095244780182838440e-02,3.272683173418045044e-02,9.522514790296554565e-02,-2.549611032009124756e-01,-2.101666480302810669e-01,-8.300810120999813080e-03,-3.000472486019134521e-01,8.162458240985870361e-02,-1.491348296403884888e-01,2.222743183374404907e-01,-2.546927928924560547e-01,2.102238982915878296e-01,-1.016947031021118164e-01,1.326967328786849976e-01,-3.012196123600006104e-01,-4.098143428564071655e-02,-1.620682030916213989e-01,2.967425435781478882e-02,-2.857995927333831787e-01,-1.239551678299903870e-01,-2.680418193340301514e-01,1.743269562721252441e-01,-2.624244689941406250e-01,-1.382163260132074356e-02,-2.233137190341949463e-01,1.459509432315826416e-01,-9.522484987974166870e-02,-5.593081936240196228e-02,-6.972218304872512817e-02,-4.431891068816184998e-02,1.905334182083606720e-02,2.843375317752361298e-02,-1.079093590378761292e-01,-2.215765044093132019e-02,8.567827753722667694e-03,-2.364607155323028564e-01,-1.160732433199882507e-01
8.403186500072479248e-02,9.184040874242782593e-02,2.401358634233474731e-02,6.175708025693893433e-02,2.375487238168716431e-03,-1.523882802575826645e-02,5.051617622375488281e-01,4.232119768857955933e-02,-7.665234804153442383e-02,1.185938064008951187e-02,4.540512859821319580e-01,8.754941076040267944e-02,0.000000000000000000e+00,6.767054647207260132e-02,-6.009578704833984375e-02,1.047683283686637878e-01,2.461652308702468872e-01,-1.340996623039245605e-01,1.070643141865730286e-01,-8.586861938238143921e-02,-6.977155059576034546e-02,9.600993990898132324e-02,8.221137523651123047e-02,-2.739931084215641022e-02,-4.648372158408164978e-02,4.579073283821344376e-03,7.142574340105056763e-02,4.485952481627464294e-02,1.177203878760337830e-01,-1.533663570880889893e-01,2.344850152730941772e-01,1.291507035493850708e-01,-6.753275543451309204e-02,-9.526588022708892822e-02,1.928767263889312744e-01,5.169510096311569214e-02,6.198360770940780640e-02,4.816319793462753296e-02,9.803107939660549164e-03,8.749821782112121582e-02,7.962422817945480347e-02,-6.434053182601928711e-03,8.217730559408664703e-03,1.416603918187320232e-03,-9.111225605010986328e-02,-9.079334139823913574e-02,-1.007304713129997253e-01,-2.450610278174281120e-03,-2.261649668216705322e-01,8.945994824171066284e-02,5.560682341456413269e-02,4.532390832901000977e-02,-1.845099180936813354e-01,2.575412392616271973e-01,-2.855720520019531250e-01,1.418247967958450317e-01,6.363579630851745605e-02,4.836761578917503357e-02,9.378035552799701691e-03,8.559735119342803955e-02,1.983179710805416107e-02,2.203982919454574585e-01,5.997756123542785645e-02,-1.467127948999404907e-01,3.392019271850585938e-01,3.763666376471519470e-02,-2.500993013381958008e-01,-1.736720651388168335e-01,-1.069582998752593994e-01,2.451041527092456818e-02,8.516436070203781128e-02,2.169094830751419067e-01,2.765139639377593994e-01,2.818008065223693848e-01,1.001701205968856812e-01,1.839020252227783203e-01,9.217753261327743530e-02,3.219727873802185059e-01,-3.742631673812866211e-01,7.352468371391296387e-02,-2.686560451984405518e-01,-9.261318296194076538e-02,-6.015907227993011475e-02,-3.459153324365615845e-02,-2.351822704076766968e-01,-1.635582000017166138e-01,-2.428518682718276978e-01,1.079473793506622314e-01,-2.897366285324096680e-01,2.249720096588134766e-01,-2.241790890693664551e-01,1.381482481956481934e-01,-2.028719037771224976e-01,2.327705025672912598e-01,-7.985501550137996674e-03,-1.118579953908920288e-01,-1.013225838541984558e-01,-3.337994217872619629e-02,-2.573093026876449585e-02,4.549059271812438965e-02,-6.266921758651733398e-02,2.905535697937011719e-01,7.181899249553680420e-02,1.477230042219161987e-01,-1.204401180148124695e-01,8.235120773315429688e-02,1.680044271051883698e-02,-3.102093376219272614e-02,-9.134580194950103760e-02,-9.913717210292816162e-02,-4.849871620535850525e-02,-8.740231394767761230e-02,-3.247534483671188354e-02,-1.767960488796234131e-01,4.689387604594230652e-02,-1.272358596324920654e-01
