0.000000000000000000e+00,6.572211647057828454e-01,6.768287744418068907e-01,6.466859891792895443e-01,-5.974419116176987732e-02,-9.050297255967118537e-02,6.207293822859638599e-01,4.580855871338060936e-01,7.969864297413033205e-02,1.322931408522824981e-01,1.488269956554361118e-01,2.631650850469225422e-01,1.602163267201781593e-01,1.307391634707768049e-02,6.074030835100573122e-03,-1.005952910735472411e-01,-1.480986522832583863e-01,9.550902904768329704e-02,7.787488596582818889e-01,7.310131398016412874e-01,3.381705774636424577e-02,1.784121536452646928e-01,4.620146796802966360e-01,3.369110991495268270e-01,-8.282541263899670381e-02,-7.703277410210986054e-02,-2.335734507769848811e-01,-5.823067697062386805e-02,5.213594571556636609e-02,1.952702402226255962e-01,1.126369787164802766e-01,1.878112942888776893e-01,3.383885695519628922e-01,1.068877935114732058e-01,-2.207537234565038475e-01,-2.395182708567539787e-01,-3.796967531062582224e-01,-3.382399159962177215e-01,-3.120397182086026566e-01,-1.588064785261530942e-01,8.731691423847852407e-02,-2.937055308502865662e-03,-4.294638701184825824e-01,-4.887061227897769866e-01,-4.541767362909855943e-01,-4.340463932420997595e-01,-4.621859905805532076e-01,-4.816911951934245151e-01,-5.096818720011663251e-01,-4.761839162104551382e-01,-5.038144434467342059e-01,-4.882674069808308759e-01,-2.185251253629650336e-01,-1.869377682472126712e-01,-2.964972272405252962e-01,-4.147899501260043365e-01,6.373266882091260799e-01,5.424905367293684222e-01,3.143767050026282650e-01,2.511209626053099719e-01,6.153444685567223404e-02,6.756989288243261949e-02,-1.380876224609273450e-01,1.427010940879539294e-02,-3.703470142478436089e-01,-3.594076284816613565e-01,-2.640861990496497225e-02,-2.450079872101758593e-01,5.005416848289109266e-01,2.368781232745134913e-01,1.224809105255117991e-01,6.880045483806594697e-02,-2.315846047086841109e-01,-1.467249193853256695e-01,-1.054638618739501821e-01,-3.038817329815733381e-01,-1.350980796479017143e-01,-1.738879558573901418e-01,1.349361263756743839e-02,-1.021164390928154392e-01,-2.198029627142791820e-01,-2.913666224370353164e-01,-8.852607076036660139e-02,-1.732544294652302863e-01,-3.257908084052592579e-01,-3.947689173764279413e-01,-2.584089544171356279e-01,-4.372494813849315265e-01,-1.234409155008156511e-01,-3.920352521441896609e-01,-4.479733363353723408e-01,-2.601964202946399074e-01,-2.847191647962649674e-01,-2.682904314989385530e-01,2.593220635796699147e-01,2.682899642430886522e-01,-3.684989191871779757e-01,-3.974396136142490099e-01,-5.581058904506257523e-01,-5.165560252001902830e-01,-1.426754745397411928e-01,2.275879680714452680e-01,-1.009771424867035305e-01,1.877030084548566083e-02,-3.548729619072679697e-01,-2.808725627221018151e-01,2.105999623523636954e-01,-1.021816116424662663e-02,1.998715531752187913e-01,-3.313126231540697297e-01,-5.452841366541016921e-01,-5.631630898580169964e-01,-5.167372551682556381e-01,-2.541069645019402024e-01,-1.490982053567505294e-01,-4.135793903718616021e-02
6.572211647057828454e-01,0.000000000000000000e+00,4.968634694427064291e-01,5.654999581573426637e-01,-1.165072675533031787e-01,3.193392231589188557e-02,3.846808209509422483e-01,4.440628180335803310e-01,-2.140271488239543080e-02,4.337030312032760099e-02,-2.115118378465042758e-03,3.237777632479507672e-01,1.632824908197235206e-02,5.882336611010078459e-02,-6.550514621425193584e-02,-8.026866270028423789e-02,-1.064162216378093523e-01,1.604394500696594006e-01,6.143530692142357141e-01,7.625570156218284268e-01,-5.758631486132537863e-02,3.485093242008366343e-02,3.818295903309122941e-01,3.637812115940765589e-01,-4.211492559350894088e-02,1.691835318212683154e-02,-1.294798203271568249e-01,3.320720669891619875e-02,-5.862028995076777084e-03,1.767394653176613539e-01,1.392783467577675960e-01,2.592041427533325892e-01,3.531162545193496927e-01,3.168187024009371244e-01,-1.108699595473641442e-01,1.774341550173051327e-02,-3.747672675731142933e-01,-3.171963650301477533e-01,-2.571174150614657372e-01,-7.370817632195153513e-02,5.318958446684377353e-03,-7.785679890387713076e-02,-2.683448922711419993e-01,-2.545568579639941875e-01,-2.900318846948888862e-01,-2.171801351662357715e-01,-3.548317815388715157e-01,-2.888725357601195087e-01,-3.992584443163162411e-01,-2.782146521527883998e-01,-5.111322056634646227e-01,-3.945727216273188231e-01,-3.282093911642455786e-01,-1.422728758649247915e-01,-3.095718556879223926e-01,-3.633251517136253939e-01,5.586691029842248968e-01,7.744170518332277320e-01,1.217961755044027067e-01,2.959183248424919754e-01,-1.028275364078364562e-01,1.641886546186283047e-01,-2.292620781017376819e-01,2.060919386998529834e-01,-4.025078094219950997e-01,-2.047195522052965289e-01,-5.091281699504694030e-02,-4.293570401231049799e-02,4.615763925343265850e-01,4.209439023588142370e-01,8.248873518842235464e-02,1.119733972003279648e-01,-2.514595588125347336e-01,-7.479104166622750627e-02,-7.503336440744831637e-02,-2.124511109961291222e-01,-2.190192973572398505e-01,-1.753587750418671709e-01,-3.080104831606704681e-03,-9.087270957086457379e-02,-3.209157633314209113e-01,-2.293784804333308947e-01,-1.410680373504678287e-01,-2.093851419249752044e-01,-3.800804054752356387e-01,-2.128727178409482168e-01,-2.790207274615362221e-01,-3.168999411949503520e-01,-1.562839980335540557e-01,-2.621871066292216779e-01,-5.111364785587825255e-01,-3.029129286344404703e-01,-3.044853019233305091e-01,-2.908714575518410728e-01,2.091879276155624856e-01,2.226392820394652583e-01,-3.174069663524413110e-01,-3.782109568497743490e-01,-5.169824787366206209e-01,-5.151595400815033310e-01,-1.617194918022898387e-01,2.409977576700792767e-01,-7.372663439213712755e-02,7.890596301979255559e-03,-3.276865178264129486e-01,-2.392849806941518276e-01,2.312018135786132744e-01,9.841767897462848358e-03,1.877272330611352846e-01,-2.294362086889579766e-01,-5.114401917290065658e-01,-5.303830040144806857e-01,-4.596214700180777379e-01,-2.658557793078654696e-01,-2.331549099094546995e-01,-8.791919743552559230e-02
6.768287744418068907e-01,4.968634694427064291e-01,0.000000000000000000e+00,7.906186470532943211e-01,1.843829789035931754e-01,2.097455992029735317e-01,8.564157326393773140e-01,6.426062573774039555e-01,2.320646647351569114e-01,2.065366492410474486e-01,3.204768343190078084e-01,4.307474394123637085e-01,3.571810659898191909e-01,2.174875377715548841e-01,1.113862156115792562e-01,-2.698650949128974380e-02,-2.489664296689149681e-01,-3.480406135925630251e-02,7.426728032743340480e-01,5.948925875814657926e-01,2.422440662553571392e-02,1.258791504493970426e-01,7.733991015927944579e-01,6.905139151384311891e-01,1.406292654939690356e-01,1.717520360179940753e-01,-1.594458319099515686e-01,2.765723592491135807e-02,6.611881055798959905e-02,1.494683285606102641e-01,3.812275334741505595e-01,5.371454836964212332e-01,4.535275818502766954e-01,3.001786556151708751e-01,-8.836031376927712400e-02,-1.666067246302553317e-01,-5.392711542434777128e-01,-5.052428325249012087e-01,-4.001282977385384187e-01,-2.794168589282861048e-01,-5.551253804432240008e-02,-2.384780258670898268e-01,-5.056313025933475425e-01,-5.278654718551917258e-01,-4.693485483055705454e-01,-4.919707936833661588e-01,-5.319453945006699103e-01,-5.338092643707531559e-01,-5.385990650749397091e-01,-5.172881890573501895e-01,-5.870930888192440467e-01,-5.394249425862782665e-01,-2.941783140290786802e-01,-2.657208162878146318e-01,-4.217152133170834483e-01,-6.049186450685835048e-01,2.806319285571988731e-01,3.622117544452856941e-01,2.374309602550734588e-01,1.659577198287823796e-01,1.156576039708779036e-01,1.153024615545167747e-01,-9.531669462834323203e-02,1.609752619165955856e-01,-3.193661927880644957e-01,-3.251075503083795115e-01,-8.690787348123113487e-02,-2.404138498981910066e-01,2.617461949011418154e-01,1.089330356577378617e-01,3.625714072268556576e-01,3.382762976846150904e-01,-7.029087585658870541e-02,3.599247094725976231e-02,-5.969182606201175328e-02,-3.507179936845644108e-01,-1.884685821092614844e-01,-2.382944540653537668e-01,-3.458980340874805853e-02,-1.664793970610154994e-01,-3.209773226002713420e-01,-2.982912735428654427e-01,-2.574006566673643359e-01,-2.293992681754168650e-01,-3.914141545570942182e-01,-4.529503522912399771e-01,-3.696685298465972602e-01,-3.731718849965825480e-01,-1.322229676570588208e-01,-3.746105782100933590e-01,-4.642055497701760292e-01,-3.130229389097136661e-01,-2.651409020698371477e-01,-1.958126702526345186e-01,1.686532760095050265e-01,1.835802509547176387e-01,-5.178557995191360730e-01,-5.562791903163943896e-01,-6.414317734619662259e-01,-6.423295924407751434e-01,-2.582850997521568548e-01,7.360379175382789074e-02,-2.400713181559147313e-01,-1.892479422725492355e-01,-3.926998408720970279e-01,-2.964794345996354941e-01,1.103260609112287488e-01,-1.027404475675174622e-01,1.708013144564061170e-01,-3.822424777203132784e-01,-6.649928716933698469e-01,-5.913279542386329357e-01,-4.545351195681963663e-01,-3.887329385261472092e-01,-2.395671941499624980e-01,-8.670863587871009692e-02
6.466859891792895443e-01,5.654999581573426637e-01,7.906186470532943211e-01,0.000000000000000000e+00,1.266588566478575872e-01,2.485993323342031991e-01,7.350733464607426271e-01,8.032277453409429890e-01,2.011271102268956112e-01,2.906666234491195877e-01,1.291708086562462776e-01,5.168127249243941179e-01,2.128556402072944165e-01,3.766764953420077555e-01,-4.286142598171418377e-03,4.145811414469509348e-02,-3.651775493764524150e-01,-8.480203791946003267e-02,6.848008376978413914e-01,6.559465839788380936e-01,-2.309349859945495059e-03,1.061788109800785446e-01,6.009744012303590566e-01,7.006553590747773841e-01,6.607551178920607893e-02,1.688053287975147254e-01,-2.617790921288223327e-01,-7.147366538432615990e-02,6.123235636749849338e-03,2.106543011490192019e-01,2.486160715272026644e-01,4.489586659146139747e-01,2.643214379598736730e-01,2.319276937184274190e-01,-2.429438418783502196e-01,-1.332829415741946799e-01,-4.933249963442131736e-01,-4.402030373044320544e-01,-4.159139281103226282e-01,-2.880921373839634980e-01,-9.802669304642581960e-02,-1.494437915864851585e-01,-4.786987795263212830e-01,-4.953924217253420359e-01,-4.774935342911749703e-01,-4.580920758779203905e-01,-4.981305856253810393e-01,-5.009442751511584691e-01,-5.085709186900493339e-01,-4.496570698549635647e-01,-5.058010118928712995e-01,-4.341856031329336951e-01,-3.011110518943445058e-01,-2.718500226315040402e-01,-4.006886894616810135e-01,-5.498436951947404117e-01,1.977908476619527067e-01,4.225654525600942568e-01,2.529465322000670202e-01,3.283417535460029790e-01,9.841814103040816275e-03,3.025516200437470826e-01,-2.992580819477533294e-01,2.191787481850900610e-01,-4.842261173427479526e-01,-1.040975643802006662e-01,-1.907549902465395242e-01,-1.566906426383582740e-01,2.642970910266927986e-01,1.152299186220333421e-01,3.045551043230330102e-01,3.603622549506447781e-01,-1.272561808801679628e-01,1.300480331920386423e-01,-4.577978136755120331e-02,-3.978067095381805363e-01,-1.798032605218371216e-01,-1.291797536442561845e-01,-9.681896366598728709e-02,-2.404632861611332717e-01,-4.074231238031320590e-01,-3.606702364235697678e-01,-2.289710109104952096e-01,-2.275917745461238095e-01,-5.172341906612804019e-01,-3.726625026209287039e-01,-4.347602080929944823e-01,-4.298887927364636319e-01,-2.026473380633242449e-01,-4.082864438910183136e-01,-4.604619056064902516e-01,-3.735662106760556656e-01,-2.341574682314513933e-01,-2.493728129424652995e-01,2.408007515328572379e-01,2.469111039460745727e-01,-4.452690785185536848e-01,-5.003791754009271342e-01,-6.299650696037502051e-01,-6.283677391183528638e-01,-2.525849781303472485e-01,8.598695000320356885e-02,-1.891117979801781035e-01,-1.905207535496766802e-01,-3.910685116102877168e-01,-3.114444113926527202e-01,1.112895803537914396e-01,-1.531881387882161605e-01,2.166874106076971396e-01,-3.850788059499533067e-01,-6.233131895768050379e-01,-5.827028130801831241e-01,-4.492957160275241613e-01,-3.255968780883372049e-01,-1.837965647017639481e-01,-7.701410002589598180e-02
-5.974419116176987732e-02,-1.165072675533031787e-01,1.843829789035931754e-01,1.266588566478575872e-01,0.000000000000000000e+00,6.172873717890139389e-01,2.771763154699989351e-01,2.361430579216484971e-01,7.150066557801365574e-01,6.434373514591741339e-01,2.204495159697412165e-01,3.575745782720815003e-01,3.659856842267851795e-01,3.922663897852670112e-01,5.355173142458475866e-01,4.591065501080782707e-01,-4.292137926932505787e-02,-1.066658169547731877e-01,3.300222646661257059e-02,-8.960184258869180463e-02,2.092740175852226270e-01,-1.916126985421452364e-02,2.395126183013729926e-01,2.598081069868774517e-01,7.407408810975969482e-01,7.156275742256059669e-01,1.037302575319488107e-01,2.069650991408642504e-01,2.352713036910110134e-01,-4.683073905418053844e-04,3.646179420987743502e-01,3.898233272419366346e-01,1.441335278299608058e-01,2.361346359629316605e-01,7.154049166894654865e-02,7.108244461512851220e-02,-7.950625119016556386e-02,-9.366937720722308403e-02,-1.066406291287958809e-02,1.002159566997215256e-01,1.227315779631541794e-02,-1.543271576979900195e-01,-1.037421231756038009e-01,-1.281507079022556894e-01,-1.271349297995530980e-01,-1.474750189181825710e-01,-1.762915876830168371e-01,-1.861160699691469800e-01,-7.726067334339914439e-02,-1.567101604337603482e-01,-5.872776044568354774e-03,1.044287448946828144e-02,1.761884986369799677e-01,1.046615648539180321e-01,-3.569897844243088980e-02,-2.367554988627869617e-01,-2.904254870148510470e-01,-1.806706290920789548e-01,9.890621915438628509e-02,2.482744990328237394e-02,2.038975221154123996e-01,1.515883835484101438e-01,2.386166267038366748e-02,1.371829103479556833e-01,-5.447849497658775048e-02,-1.392750863121338355e-02,-2.283596329556075444e-01,-1.800712380577904337e-01,-2.809075095208463657e-01,-1.571946386720909361e-01,4.905990496443187188e-01,4.793805042266244820e-01,2.602957172495178884e-01,3.135789338565136974e-01,2.194774076155802667e-01,3.245534720406206830e-02,1.040973995726151430e-01,4.027996246477803105e-02,-1.643224766875382714e-02,-1.550400062437011783e-01,-1.600973969010018594e-01,-1.401797001854352374e-02,-2.449310403426444016e-01,-1.062008483000353304e-01,1.453626952737701039e-01,2.470348884706703024e-02,-7.899558025815852161e-03,1.283434233422908466e-01,3.347682270399963689e-01,3.179145976590548872e-01,-1.566714878234319944e-02,5.951459156292788349e-02,3.098159221850893541e-01,3.120105237149057853e-01,-9.254227048994652371e-02,-1.065456501694935915e-01,-2.980830473864548025e-01,-3.133731783471040422e-01,-2.053840822515638209e-01,-2.515844557929615699e-01,5.465583022634386279e-02,5.618319175724324765e-02,-1.179409956480007154e-01,-5.773224555042276440e-02,-4.550177078402620895e-02,3.167867034838861562e-02,4.105123162974700507e-02,4.870830701880639324e-02,-4.046315874577843807e-02,-3.736235893306852351e-02,-3.509764146839709498e-01,-1.095761814654614974e-01,6.021411736555380700e-02,-1.765004102038209288e-01,-3.516742720372140890e-02,-1.317674915742789721e-01
-9.050297255967118537e-02,3.193392231589188557e-02,2.097455992029735317e-01,2.485993323342031991e-01,6.172873717890139389e-01,0.000000000000000000e+00,2.396672101639629737e-01,4.108543189948178909e-01,4.945407023235359190e-01,5.049041157954188286e-01,1.425713451092697204e-01,4.160080448976872236e-01,1.916616003869147655e-01,4.336653855012351788e-01,3.101197079699927195e-01,4.456692851217205487e-01,-1.598274420096640613e-01,-1.558350309923775823e-01,-3.608023140440357046e-02,-5.889340079239226838e-02,1.269267938511585703e-01,-8.160365339436177756e-02,2.293055153334996599e-01,4.188691825639058730e-01,5.598976383142819646e-01,7.004512623493367451e-01,1.965479342987307143e-01,3.057261232341014212e-01,1.412142568165567214e-01,3.646885964599066998e-02,3.690625292427879289e-01,5.419805088221892886e-01,1.086090745541458819e-01,3.218757398619856991e-01,-1.053104517595341780e-02,2.417262987511915595e-01,-1.366905696224766376e-01,-2.911869354513834524e-02,-8.322895678884779935e-02,1.077544883695267797e-01,-7.689214984340422832e-02,-2.585408272794509354e-01,-1.396029453239955309e-01,-7.180336890677714579e-02,-1.136168412510338704e-01,-6.671651747962321910e-02,-1.420285791943479425e-01,-1.277853515402518625e-01,-2.882153470263173339e-02,-5.390405653204952130e-02,-2.539466443357617925e-02,6.607543887348936440e-02,7.040803462827951997e-02,8.023927678337175462e-02,-8.803441217237509275e-02,-1.933543994243089315e-01,-3.049720250413214262e-01,-1.653663580578154310e-02,1.026905642356730486e-02,1.156916281381635825e-01,9.276920407196460883e-02,3.153843751925075600e-01,-1.106041657854173049e-01,3.542369664083229730e-01,-2.293611022889297246e-01,1.058508354559973969e-01,-3.962677448905510547e-01,-4.251385217489484641e-02,-3.190978159745404552e-01,-1.120640627180470167e-01,4.479743074291094862e-01,5.749604038532282191e-01,2.070485951216613496e-01,4.412415012735196873e-01,1.354647721999120424e-01,9.249854561238925188e-02,-1.396571307648106497e-01,-2.011364206957783757e-02,-1.082241310874074575e-01,-1.949800894389504269e-01,-2.894334217886313509e-01,-6.119329206263023069e-02,-3.312313489472738515e-01,-1.096393731933195670e-01,-6.794086438580755616e-02,1.596311353044934100e-01,-1.687956204394227278e-01,2.508310182020219714e-01,1.891992714458432812e-01,3.621208118707964219e-01,-1.461608651030541495e-01,-1.366311472880894495e-01,5.837154322580444948e-02,2.130763501637364388e-01,-4.853493421618221282e-02,-1.890043077990683287e-02,-2.755142852201852288e-01,-2.477195027822065021e-01,-2.106763771202983526e-01,-2.510418324975412507e-01,-2.245770299814641713e-01,-5.519367182850551390e-02,-2.058465591485735269e-01,-2.044575104621938200e-01,-1.091875755135273546e-01,-4.312913112229890822e-02,-4.824819146849370494e-02,-1.166339400537105414e-01,7.845499389492446851e-02,2.926731907775667607e-02,-3.378912538800437626e-01,-4.328908386794880214e-02,1.512119702402897337e-01,-1.833156236994730459e-01,-1.748053567844108647e-01,-2.426548364492741028e-01
6.207293822859638599e-01,3.846808209509422483e-01,8.564157326393773140e-01,7.350733464607426271e-01,2.771763154699989351e-01,2.396672101639629737e-01,0.000000000000000000e+00,6.587344482164417814e-01,3.119782577992279982e-01,2.406583912078092968e-01,4.251934572316691807e-01,4.894083188994198808e-01,4.624310983911729123e-01,2.769254374739745228e-01,1.826636563763312515e-01,-4.198675393724538886e-03,-2.244907451869624926e-01,-7.304936608990175717e-02,6.762231786582808546e-01,4.866970381745012175e-01,1.220140983422645341e-02,8.441768388485498820e-02,7.686003671562229300e-01,6.811229230970379245e-01,1.934685424077384752e-01,2.054769089304797902e-01,-1.279548703579032609e-01,4.232434817967718754e-02,1.114589501997976101e-01,9.492675784577278564e-02,4.169766920506874919e-01,5.363445260532854197e-01,4.640482395013334482e-01,3.350763749404210290e-01,-4.330020059755785439e-02,-1.614932186215506105e-01,-5.333110241280598629e-01,-5.354177605127887762e-01,-3.918340393497027341e-01,-3.059925651174220662e-01,-7.256396063029944832e-02,-2.921780771271301202e-01,-5.287540749746626467e-01,-5.539900669367763264e-01,-4.708074129717186307e-01,-5.001113371452216017e-01,-5.625850441654670631e-01,-5.918461331443497508e-01,-5.075323871732747572e-01,-5.308170272015885205e-01,-5.278365786394929593e-01,-5.069546578335689668e-01,-2.235813937496440029e-01,-2.497602317087087020e-01,-4.162663151887424084e-01,-6.052540791054094038e-01,1.854455224543904435e-01,2.463796017457756393e-01,2.586196325259703110e-01,1.430715907648076046e-01,2.822737598619344257e-01,1.887878902481103793e-01,-7.544557872237557701e-03,1.898357707367963609e-01,-2.312368991627652415e-01,-2.584817208078147854e-01,-9.703126141328156928e-02,-2.531088402115076463e-01,1.260230356981850430e-01,1.524446207515530935e-02,3.943384131689106620e-01,3.647032679854809167e-01,-3.470774025567096438e-02,3.169453874022858109e-02,-2.274533812220263726e-02,-3.054466191793948071e-01,-1.381501757893263960e-01,-2.144235912480693118e-01,-7.040125088230843320e-02,-1.740875256603563459e-01,-2.867643653118240321e-01,-2.739840808554113161e-01,-2.770992016682163883e-01,-2.251415063088097746e-01,-2.980749966227257408e-01,-4.420409862080051377e-01,-3.395887369011441059e-01,-3.213036414406923447e-01,-6.732747185458244632e-02,-3.408669301656499506e-01,-4.107247807268822881e-01,-3.002742773940088594e-01,-1.703482839905644530e-01,-1.249350332936317726e-01,1.193860574315638717e-01,1.153189234354520115e-01,-5.435073079473854429e-01,-5.890665955824812006e-01,-6.216289203733308399e-01,-6.112921947174730919e-01,-1.926499654354315583e-01,8.273996753656424896e-02,-2.194184880872728227e-01,-1.719053637657145250e-01,-3.714414232732280441e-01,-2.479200456810771724e-01,1.090367400986830410e-01,-3.854770419232620565e-02,1.148240003404092796e-01,-3.992342606380004932e-01,-6.574149917248282016e-01,-5.655664037806503730e-01,-4.097670786778409013e-01,-3.633379208251700243e-01,-2.128704709843935727e-01,-9.104426156979157636e-02
4.580855871338060936e-01,4.440628180335803310e-01,6.426062573774039555e-01,8.032277453409429890e-01,2.361430579216484971e-01,4.108543189948178909e-01,6.587344482164417814e-01,0.000000000000000000e+00,2.510473905664823979e-01,3.347604072476799142e-01,1.005390084814778151e-01,6.309692561094596419e-01,1.825679992022738174e-01,5.127539069523340265e-01,9.282119025082731165e-03,1.045223861068985405e-01,-3.473051855459670101e-01,-1.472982299259641970e-01,4.622019992791965848e-01,4.825809028709781567e-01,-4.245741954844219068e-02,1.346428760753934535e-02,5.008360410699457255e-01,6.878567928262694364e-01,1.467715177603264587e-01,2.666534458035129118e-01,-1.280499214274998521e-01,2.101538741644794553e-02,3.876946215962744774e-02,1.562487486775592516e-01,2.588097990055880926e-01,4.803897148025059183e-01,2.173489530139923742e-01,3.175691550400024377e-01,-2.365753998226687860e-01,6.326450897053779304e-03,-4.905712350543662836e-01,-4.364112931219064628e-01,-4.252056185180843051e-01,-2.886962831139316399e-01,-2.108847585776671418e-01,-2.966707893451943634e-01,-4.552884127649335921e-01,-4.494053611210346300e-01,-4.215294111231879803e-01,-3.899618493896919169e-01,-4.648969460247394658e-01,-4.616720033816811286e-01,-3.692136303887142423e-01,-3.280128831082651519e-01,-3.442327634941541592e-01,-2.367084945447960886e-01,-2.024648838035273124e-01,-1.977710516818597941e-01,-3.970571690351123451e-01,-4.826558167048338177e-01,4.109521870868808324e-02,3.529053632563314835e-01,2.832717497835101073e-01,4.314622275676078256e-01,1.588503517186269365e-01,5.001806991434544214e-01,-2.704200878442120648e-01,4.065071065372251602e-01,-4.775086045823870862e-01,1.003861249021587576e-01,-2.498765855804375990e-01,-4.164175468002849489e-02,4.422434238870761453e-02,1.911071784147750849e-02,3.244604643633598462e-01,4.441312261638332148e-01,-6.588791710367565557e-02,2.277816704857663910e-01,-4.293888609332831285e-02,-2.742697891903965179e-01,-2.000285840673460824e-01,-1.207869278804413193e-01,-1.651132555885756470e-01,-2.852677970120871542e-01,-4.518708919171297578e-01,-3.521945433991644503e-01,-3.107539123317998864e-01,-2.893756635505863595e-01,-4.931298999622589219e-01,-2.109027293082949006e-01,-5.103803450271697795e-01,-3.771394476368064574e-01,-2.002817119904828080e-01,-2.561902884840244754e-01,-4.434375480420119087e-01,-4.614526548910857229e-01,-1.604914940584590277e-01,-2.246308482012099317e-01,1.983118184180048538e-01,1.962174019320953866e-01,-4.250213210778425732e-01,-4.912276502242445275e-01,-5.759999176869741166e-01,-5.776004643668761762e-01,-2.500324327102871336e-01,2.808180022149737651e-02,-2.201327457700856249e-01,-2.726458991862791836e-01,-3.777469209022642493e-01,-2.684769697015648715e-01,9.780159401181824641e-02,-1.635500256469629154e-01,2.021518523005977896e-01,-3.347581136048444206e-01,-5.820270781025073115e-01,-4.857045759685954534e-01,-3.453871932156613589e-01,-3.368950998142208331e-01,-2.221484939959678384e-01,-1.479377348525689750e-01
7.969864297413033205e-02,-2.140271488239543080e-02,2.320646647351569114e-01,2.011271102268956112e-01,7.150066557801365574e-01,4.945407023235359190e-01,3.119782577992279982e-01,2.510473905664823979e-01,0.000000000000000000e+00,7.246998439421250549e-01,2.493778992295948849e-01,3.830752673991029700e-01,3.722068443166202667e-01,3.850754330682528703e-01,6.002536179909558900e-01,3.919081522266348316e-01,-1.204806118198734066e-02,4.055771660393165529e-02,1.373834263590227589e-01,2.509025486786641175e-03,1.720270743012528303e-01,3.592878625716744434e-02,1.901508861635092529e-01,1.984932281813110155e-01,7.065045708196018293e-01,6.643432023284567833e-01,-2.407744463825729486e-01,-1.251470280029407800e-01,2.554269413633087349e-01,1.192362979378323445e-01,3.173556527401999450e-01,2.823927827051194717e-01,1.205673491293941385e-01,2.219751228929530418e-01,1.037691526093707933e-01,-2.150622429527890636e-02,-3.525424429567124152e-02,-1.244656177917674578e-01,-8.879028448324516321e-02,2.558427154209749754e-02,9.293533794457868591e-02,2.652878704201382110e-02,-5.999074098897960033e-02,-8.800973426192493232e-02,-2.062849741665130632e-01,-2.152982789384597917e-01,-2.206909808831570563e-01,-2.315972310057330674e-01,-1.817033770304692653e-01,-2.564720028096326154e-01,-9.173729749155062896e-02,-8.637577217096234494e-02,1.050841085139626041e-01,5.086854098214834558e-02,-1.041616094817594540e-01,-3.724488163992915601e-01,-2.143424021529728996e-01,-1.744522581576803955e-01,1.515756931499502302e-01,5.353370132247747826e-02,2.014586663229181174e-01,1.315957156135437178e-01,2.099772755432474311e-02,1.226517932328029525e-01,-3.188580942826892139e-02,1.808311427263274360e-02,-1.857516853001670853e-01,-2.008811108337605345e-01,-1.741653582448677573e-01,-7.255691633546718089e-02,4.467962937524581624e-01,4.415442592347333939e-01,2.134906998314258508e-01,2.350255324680392832e-01,2.890654482250725188e-01,-1.531853277884102638e-01,2.825482230465831690e-01,1.673384754676049413e-01,8.465992636449462538e-02,-8.629817085596323822e-02,-1.946670215814713389e-01,-2.235401368780363593e-02,-2.923983319960143379e-01,-6.220850831024247324e-02,1.807441214968475152e-01,-1.039085323637008174e-01,-1.673661262910501916e-04,1.952285073346436348e-02,3.640109667065708487e-01,2.003581205810577026e-01,-2.499865447804559479e-02,1.469317296697990050e-01,3.925249333173329580e-01,4.317155614022653021e-01,-1.165977571227848480e-01,-1.481279911560292317e-01,-4.062383091336023155e-01,-4.225704563930369750e-01,-3.103649903579463465e-01,-3.140120933892800448e-01,3.263804168418802526e-02,1.326453084913841174e-01,-1.367535321749513422e-01,4.807486937676357791e-02,-1.276751990160019667e-01,6.282479274825676641e-03,8.081114297326125184e-02,1.913646988791280756e-01,-9.471260889060416355e-02,-1.444933629154997179e-01,-3.747250624660554141e-01,-1.493098718471422837e-01,-7.528245307184798507e-02,-7.724973462870068919e-02,1.256418186029830131e-01,-6.063652190392052055e-02
1.322931408522824981e-01,4.337030312032760099e-02,2.065366492410474486e-01,2.906666234491195877e-01,6.434373514591741339e-01,5.049041157954188286e-01,2.406583912078092968e-01,3.347604072476799142e-01,7.246998439421250549e-01,0.000000000000000000e+00,5.297170903532394393e-02,3.320892247066699610e-01,2.076582726609953744e-01,3.649642111736872696e-01,4.846287647669694221e-01,5.738922366737388980e-01,-1.088912365228563439e-01,8.714941859407757119e-03,1.843597063684445647e-01,1.196792104956325292e-01,1.893527814234008677e-01,6.738918840773949759e-02,1.127736321325098628e-01,1.769808953068828239e-01,6.134274458594686230e-01,6.448454170721079626e-01,-1.684503258771330725e-01,-2.846645629681561138e-02,1.542099175262618693e-01,1.464559366243404215e-01,2.046957629926945132e-01,2.109047125811488177e-01,1.895376238100342572e-02,7.043282986170223969e-02,-1.493802528248265316e-01,-3.122549758892183974e-02,-9.954002912207089715e-02,-6.325450799838180926e-02,-8.338100865007874729e-02,1.120678792350492115e-01,6.456431942077237029e-02,6.007313202571307881e-02,-9.179662838684200799e-02,-1.377051999357175593e-01,-2.341899667893950765e-01,-2.180624302369146283e-01,-2.198193978035122287e-01,-2.019046929657663803e-01,-2.287671569330751165e-01,-2.747744180142474013e-01,-7.237961515178126248e-02,-9.491502725002960716e-02,1.564107830947840116e-01,1.315228027222557772e-01,-9.180346562364331831e-02,-3.178563479204932207e-01,-1.590433737686001159e-01,-6.004853589999006175e-02,8.607670993447133490e-02,1.238429622238935157e-01,3.838365840470267000e-03,1.592780923007585392e-01,-1.599745603177714914e-01,6.254381174480519445e-02,-2.347850471850184972e-01,4.158526607042586920e-02,-2.321391654897798362e-01,-9.441165351403525696e-02,-4.000179379269328678e-02,-1.675367346688532572e-02,2.803532855498742649e-01,3.265662520948113823e-01,-1.521366227553621253e-03,2.197296976056672679e-01,2.563020985098614091e-01,-5.838855294910210575e-02,1.445968832501967893e-01,1.371043203309912362e-01,2.770328575954348477e-02,-1.527957432971270013e-01,-2.365381551428210327e-01,-5.470162022702182436e-02,-2.046625056453771907e-01,-7.674468826169937585e-02,-2.108319970936298887e-02,-6.133668402858884596e-04,-1.727893052974015589e-02,-3.356333126333992112e-02,2.192618374395908509e-01,2.435450804142581527e-01,4.935740003649103508e-02,1.048782526684787358e-01,4.021337864805225037e-01,3.122153463482466029e-01,-4.949418832861152140e-03,-4.863020934175021209e-02,-3.337014205082478591e-01,-3.545257097937036250e-01,-3.052212596246217102e-01,-3.426431730798393249e-01,1.121929258209856811e-01,1.268798019458155513e-01,-2.784276646247395640e-02,9.590467547285307440e-03,-7.752078376792505277e-02,-1.753731827191110093e-02,8.315702934874918961e-02,4.232107836653354466e-02,-1.993991148156281160e-02,-1.415429804691479831e-01,-3.709087191737220901e-01,-1.793895555429419475e-01,-2.660665044901420334e-02,-1.089948980303824533e-01,8.655111514980121101e-02,-5.468759414914088623e-02
1.488269956554361118e-01,-2.115118378465042758e-03,3.204768343190078084e-01,1.291708086562462776e-01,2.204495159697412165e-01,1.425713451092697204e-01,4.251934572316691807e-01,1.005390084814778151e-01,2.493778992295948849e-01,5.297170903532394393e-02,0.000000000000000000e+00,3.915587396013893162e-01,6.855698438182208365e-01,3.311830449670828402e-01,2.903980473024596609e-01,-5.567598222076028565e-03,1.044931865690923029e-01,5.751127208715049732e-02,1.938806448223946988e-01,-9.244318125725173307e-02,-2.823161384653622916e-02,-6.409086326320204141e-02,4.493979606393610493e-01,3.534778903264787497e-01,2.109085683808237799e-01,1.272300076457112683e-01,-2.642075321234564622e-02,1.537991976246261619e-02,1.731645556109335793e-01,-1.450404263819084771e-01,4.041210810553370059e-01,4.164724997419618213e-01,1.474694811342654455e-01,1.050205261511599902e-01,1.141279641918332977e-01,-2.050497142560514241e-01,-1.136263843465522005e-01,-2.509714409939465263e-01,-1.166790659082319048e-01,-9.523240858263262720e-02,-2.259761843733220157e-02,-1.678929041459600868e-01,-1.848623825381930930e-01,-1.723141186035141437e-01,-9.716648240325451158e-02,-1.591953755629447742e-01,-1.964604220420641256e-01,-3.309371286848046267e-01,-1.660252525360715603e-01,-2.792228193705721950e-01,-2.470243926633979015e-01,-2.941531771841771059e-01,-7.630005153457207479e-02,-1.710852027254726182e-01,-2.120382701728290298e-01,-3.386217781132809246e-01,-2.924097236734060287e-02,-1.964589382550153418e-01,-1.881402545849563956e-01,-3.391050803623426035e-01,1.541876794696525610e-01,-1.139955187075799709e-01,4.844185924201446225e-01,9.210359855354252612e-02,2.938727954801218512e-01,-1.725127856378503299e-01,-1.785356923798562534e-01,-3.019800759020437320e-01,-2.077807872680748069e-01,-2.291248938067390051e-01,3.711127912333826995e-01,2.893221520648051048e-01,2.768765402538398424e-01,4.236772974986637019e-02,9.249785515672330483e-02,-1.270014648875323060e-01,6.394188520964216860e-02,-4.998650951905355549e-02,2.384986133136756184e-02,8.386116290077490210e-02,9.898162079073478947e-02,1.652917647836938120e-01,-2.586311008473978768e-01,9.766537536287100280e-03,2.190706281775245123e-01,-2.875670129850423917e-01,-1.958600431974078307e-02,1.582008124786855319e-01,1.429758318706337850e-01,-1.000655329632298834e-01,-4.635276807338872818e-02,4.918987511385352479e-02,4.013871114182413630e-02,1.711367244209683613e-01,-3.197761062694634560e-01,-2.938971820347476838e-01,-3.651728144840882262e-01,-3.482614791770581308e-01,-1.236378077769838962e-01,-1.521826641678264702e-01,-3.429717285180829134e-02,-8.951964610405357958e-02,-4.759693557933324104e-02,-1.182025190426332639e-01,-2.381774627659702381e-02,1.665781805141055422e-02,-8.815117091319914222e-02,9.062638917796635163e-02,-2.656576693918233922e-01,-2.189249074820169561e-01,-2.452553912984749562e-01,-1.094375318500794975e-01,-1.601542623447163756e-03,-8.899366006427379683e-02,-5.384097132619882625e-02,-5.858726661096980148e-02
2.631650850469225422e-01,3.237777632479507672e-01,4.307474394123637085e-01,5.168127249243941179e-01,3.575745782720815003e-01,4.160080448976872236e-01,4.894083188994198808e-01,6.309692561094596419e-01,3.830752673991029700e-01,3.320892247066699610e-01,3.915587396013893162e-01,0.000000000000000000e+00,4.675590276035399562e-01,7.298005020415290200e-01,2.681180874910454870e-01,2.577912686012706622e-01,-1.166286223082767387e-01,1.577223795269288575e-01,3.256446085126773471e-01,2.717929725800119489e-01,4.201933522993517300e-02,2.225310897845380470e-02,4.343632683075932532e-01,5.938954268331562147e-01,3.251747452506781322e-01,3.700558817703294978e-01,-3.385055367405180593e-02,8.704012552740082731e-02,1.273470433788752854e-01,1.253848574748456790e-01,3.626940687538879882e-01,5.786784699271381172e-01,1.210131874609856190e-01,2.823725224653544363e-01,-1.474182641531668614e-01,-9.681623031332005358e-02,-3.112003635084241715e-01,-3.377491190240486385e-01,-2.832669191073292625e-01,-1.520492774458514496e-01,-1.150153336359520662e-01,-2.884548529288258334e-01,-3.989710755466731040e-01,-3.066908287000166822e-01,-3.978212549714397750e-01,-3.547658283039989979e-01,-3.211842277636414722e-01,-3.747732644337856134e-01,-3.485822463420853445e-01,-3.266095720650797896e-01,-3.568579342336455906e-01,-2.047101759648484731e-01,-9.796384802796695435e-02,-1.034101080907235265e-01,-3.588075446755677467e-01,-4.651956471663911685e-01,-9.689382843362673303e-02,1.965822902692819507e-01,3.438833919983090570e-02,1.638882688015244615e-01,7.756378091913519734e-02,2.894424535487393757e-01,8.119352571320359591e-02,5.781087265474481596e-01,-1.719842825952587473e-01,3.793530471534104637e-02,-3.381502453961796606e-01,-2.342242502715839447e-01,-1.595920266778037000e-01,-1.190312525791487885e-01,4.479097616466585774e-01,5.872720450031388983e-01,2.095972435570725712e-01,3.834495756178633585e-01,6.357779135739242971e-02,-2.464657449059058925e-01,7.020271183232205253e-03,4.861687865038528955e-02,1.307753862459361781e-02,8.182122215619614183e-03,-2.355127679887986658e-01,6.751878971116967443e-02,-3.831259035017015591e-01,-1.024713579894565851e-01,-1.281553171497846200e-01,-3.847539996670307216e-02,-4.263066050110849159e-01,-9.165705001868014457e-02,-5.925045936279156600e-02,-6.036391157755718190e-02,-3.450049873588091898e-01,-2.365587078255207976e-01,-1.014577309734162325e-01,-6.830171817001122470e-02,-1.244187964828065568e-01,-1.113357707870008262e-01,-5.227963193790495788e-01,-5.106649610705269460e-01,-4.332125265717862717e-01,-4.398412172210062199e-01,-2.701320665642678032e-01,-1.063105465645346887e-01,-3.014180609474636507e-01,-3.445343020895744734e-01,-3.255668269308748530e-01,-2.602295366149433020e-01,-4.721727960059906443e-02,-1.028503973620540218e-01,-8.376308720267831853e-02,-3.162355734456988587e-01,-5.013405520107622193e-01,-3.231919956866279864e-01,-2.293697780410920983e-01,-3.341936224133669753e-01,-2.618665421065528021e-01,-2.346406518183219159e-01
1.602163267201781593e-01,1.632824908197235206e-02,3.571810659898191909e-01,2.128556402072944165e-01,3.659856842267851795e-01,1.916616003869147655e-01,4.624310983911729123e-01,1.825679992022738174e-01,3.722068443166202667e-01,2.076582726609953744e-01,6.855698438182208365e-01,4.675590276035399562e-01,0.000000000000000000e+00,4.138083197703846250e-01,4.128041234948282012e-01,1.406959348333385595e-01,9.888041624007805341e-02,1.306298435767076771e-01,2.324696497195548606e-01,-2.476507742992986247e-02,-8.556708665120391077e-02,-1.113803388803035893e-01,4.869662419090538541e-01,3.754860484232627194e-01,3.589485580769237738e-01,2.477932183019453949e-01,-1.762990413302336148e-02,1.379182328948105017e-02,2.515197654449681242e-01,-9.220873361235015081e-03,4.221020544929939833e-01,4.431481848895423847e-01,1.343575921033513809e-01,6.477797455024104922e-02,1.348428221668611093e-01,-2.759620139825237350e-01,-2.062390361278813311e-01,-2.772186577679442432e-01,-1.582481701339076563e-01,-1.581024737743280950e-01,-1.143200317117443049e-01,-2.000955225979954566e-01,-2.164231441206619366e-01,-2.094491121877891104e-01,-1.843071839321208660e-01,-2.381871790152952639e-01,-2.068176219761093670e-01,-3.653541577415876374e-01,-2.444093981823522166e-01,-3.183947998249280209e-01,-2.572904478793889282e-01,-2.859752117553228667e-01,-5.528124641154319452e-03,-1.059645517387270558e-01,-2.859791916337877660e-01,-3.631879678567079273e-01,-8.041233365671605904e-02,-1.145372597405027448e-01,-1.715062400688074640e-01,-2.920443855492321217e-01,6.802170056135435627e-02,-1.212573454916948124e-01,2.987347645329024304e-01,1.089310161659587106e-01,2.275358275013815434e-01,-1.225145365205867753e-01,-1.573703233051129968e-01,-3.469716518890375023e-01,-1.677998228693345084e-01,-2.192481476957215958e-01,4.197331844490835850e-01,3.525897873028634444e-01,3.003134950020859839e-01,1.504075871542073783e-01,1.655759494651359853e-01,-1.366951452702006575e-01,8.407200744376336354e-02,-1.183823373743719994e-02,4.719698087740439862e-02,8.417796871411276083e-02,2.280466298609294326e-02,1.467728473122454358e-01,-2.825836096074999526e-01,-3.999720131772325354e-02,1.389820750976890062e-01,-2.571454706390816081e-01,-7.884881137739112311e-02,6.129106697403294279e-02,5.912797283470982990e-02,-1.452087616818966420e-01,-1.444881445724250091e-01,-5.154423453546599226e-02,3.322024687959612005e-02,1.017925408501164225e-01,-2.396623914531774147e-01,-2.346215562422623579e-01,-3.933452351605638553e-01,-3.880963458867490723e-01,-2.071697650957624037e-01,-1.657883759902782361e-01,-1.283170437485902649e-01,-1.616390041543233624e-01,-1.898402019665056950e-01,-2.101037272492284613e-01,-1.380632464548370852e-01,-1.535802683569273928e-02,-7.375425038539663858e-02,-3.874797756476136210e-03,-2.151417933686723960e-01,-2.262639068408036080e-01,-2.828869242457665578e-01,-1.414639063806590047e-01,-9.446837150211509493e-02,-1.399254572784915385e-01,-6.631300412927033927e-02,-4.156060364881292157e-02
