0.000000000000000000e+00,6.720193028450012207e-01,2.010582685470581055e-01,1.861095875501632690e-01,5.410462990403175354e-02,1.151963174343109131e-01,2.653792798519134521e-01,3.137679994106292725e-01,-2.518210932612419128e-02,3.827967494726181030e-02,3.857797086238861084e-01,2.933554947376251221e-01,3.728619813919067383e-01,2.467607259750366211e-01,3.048102557659149170e-02,2.308071218430995941e-02,1.310124695301055908e-01,5.071659684181213379e-01,4.026074409484863281e-01,4.475980401039123535e-01,-1.278212070465087891e-01,-7.702770829200744629e-02,1.514736413955688477e-01,1.359127312898635864e-01,1.001248881220817566e-01,1.034071147441864014e-01,1.449926495552062988e-01,2.254064083099365234e-01,2.408471703529357910e-01,1.246645078063011169e-01,2.064497023820877075e-01,1.893809139728546143e-01,3.815446496009826660e-01,3.528315424919128418e-01,-2.813137769699096680e-01,-1.595799624919891357e-01,-2.511995844542980194e-02,-8.812665939331054688e-03,-1.612899005413055420e-01,-2.745776996016502380e-02,3.260699287056922913e-02,2.434767186641693115e-01,2.642528153955936432e-03,1.207119226455688477e-01,-5.795423686504364014e-02,8.224410563707351685e-02,7.945033907890319824e-02,8.743458986282348633e-02,2.275451086461544037e-02,-1.408807635307312012e-01,-6.713425368070602417e-02,-9.190173447132110596e-02,-5.946445465087890625e-02,-6.088485196232795715e-02,-1.961105465888977051e-01,-7.726483047008514404e-02,6.301879286766052246e-01,6.088647842407226562e-01,2.578902244567871094e-01,3.580428361892700195e-01,1.813398301601409912e-01,1.936818659305572510e-01,1.565702408552169800e-01,9.477013349533081055e-02,-2.285161614418029785e-01,-1.533001512289047241e-01,5.596952885389328003e-02,2.476011067628860474e-01,4.993571341037750244e-01,5.282019376754760742e-01,2.750119268894195557e-01,9.559909254312515259e-02,2.828379571437835693e-01,3.124818801879882812e-01,6.239385530352592468e-02,1.048116609454154968e-01,-1.556823700666427612e-01,-1.511376500129699707e-01,-1.208312157541513443e-02,2.225427031517028809e-01,1.114464402198791504e-01,2.700072228908538818e-01,1.543913632631301880e-01,6.424324214458465576e-02,-2.059791237115859985e-01,-2.141954153776168823e-01,-1.496438868343830109e-02,-2.217770554125308990e-02,-2.621286213397979736e-01,-2.977178692817687988e-01,-1.654450446367263794e-01,-2.159140408039093018e-01,-2.302426099777221680e-01,-1.735909432172775269e-01,-3.553918376564979553e-02,-4.323645681142807007e-02,1.692380942404270172e-02,-3.288324922323226929e-02,-5.363098159432411194e-02,1.861352473497390747e-02,-9.609066694974899292e-02,-2.733150720596313477e-01,-3.253915905952453613e-02,-3.702302277088165283e-02,-5.351538956165313721e-02,-2.049479931592941284e-01,-4.928457364439964294e-02,-9.408057481050491333e-02,-4.488596692681312561e-02,1.493619680404663086e-01,2.657228522002696991e-02,-3.797687124460935593e-03,1.730817854404449463e-01,1.605042368173599243e-01,1.769768297672271729e-01,1.059363596141338348e-02
6.720193028450012207e-01,0.000000000000000000e+00,-3.361774235963821411e-02,-8.388742804527282715e-02,-3.501371666789054871e-02,1.333575993776321411e-01,6.391727924346923828e-02,3.039667606353759766e-01,3.157334029674530029e-02,-1.726238131523132324e-01,2.825323343276977539e-01,1.320420354604721069e-01,2.760353982448577881e-01,1.675026714801788330e-01,-1.271395683288574219e-01,-1.205230355262756348e-01,1.622477918863296509e-01,5.957176089286804199e-01,1.513070911169052124e-01,2.893474102020263672e-01,-3.204225897789001465e-01,-2.274422943592071533e-01,1.034651696681976318e-01,-7.393156737089157104e-02,-2.616170234978199005e-02,2.217029966413974762e-02,2.759737521409988403e-02,1.204708665609359741e-01,2.438826858997344971e-01,2.310084551572799683e-01,1.644863337278366089e-01,1.248775050044059753e-01,4.694470167160034180e-01,4.782613217830657959e-01,-3.611831367015838623e-01,-2.708164453506469727e-01,-1.693259179592132568e-01,-1.979686319828033447e-01,-2.940736413002014160e-01,-8.187787979841232300e-02,-5.548319313675165176e-03,1.536805182695388794e-01,1.859984099864959717e-01,2.311567664146423340e-01,4.877585917711257935e-02,2.262880355119705200e-01,2.266988307237625122e-01,2.280729115009307861e-01,8.147288858890533447e-02,-1.308781206607818604e-01,1.251654475927352905e-01,-5.129912495613098145e-02,1.388733536005020142e-01,5.693363398313522339e-02,-1.376896649599075317e-01,-9.477289766073226929e-02,7.390952110290527344e-01,7.814311981201171875e-01,1.749378591775894165e-01,3.344163298606872559e-01,1.252354383468627930e-01,1.511904317885637283e-02,-1.044051535427570343e-02,-6.904973089694976807e-02,-2.001234889030456543e-01,-2.190766185522079468e-01,1.901632845401763916e-01,2.442692518234252930e-01,5.921237468719482422e-01,5.687922239303588867e-01,1.321553289890289307e-01,-9.829350560903549194e-02,3.095088005065917969e-01,4.030426442623138428e-01,2.202078886330127716e-02,8.668836951255798340e-02,-3.390409052371978760e-01,-3.554792702198028564e-01,1.107227578759193420e-01,3.815120458602905273e-01,3.201526105403900146e-01,2.149352729320526123e-01,1.604571044445037842e-01,-4.419180378317832947e-02,-1.005141660571098328e-01,-2.446554303169250488e-01,-1.513336300849914551e-01,-1.993275582790374756e-01,-1.633244156837463379e-01,-5.014696717262268066e-01,-5.731249973177909851e-02,-1.364744156599044800e-01,-5.083433538675308228e-02,7.879206677898764610e-04,-8.315554261207580566e-02,3.064607502892613411e-03,1.414349395781755447e-02,-7.680561393499374390e-02,-2.293539196252822876e-01,-1.950585842132568359e-01,-3.563966751098632812e-01,-3.971405327320098877e-01,-2.530247569084167480e-01,-3.028472363948822021e-01,-2.601761929690837860e-02,-2.892477512359619141e-01,-1.198797300457954407e-01,-3.471139967441558838e-01,-1.056667417287826538e-01,1.963271945714950562e-01,7.278596609830856323e-02,1.011842936277389526e-01,4.302912205457687378e-02,3.645981848239898682e-01,3.049389421939849854e-01,-1.128799282014369965e-02
2.010582685470581055e-01,-3.361774235963821411e-02,0.000000000000000000e+00,7.524037957191467285e-01,5.053874254226684570e-01,1.826215237379074097e-01,7.044595479965209961e-01,9.092351794242858887e-02,8.428825996816158295e-03,6.014056205749511719e-01,2.395437955856323242e-01,3.329609930515289307e-01,4.847867488861083984e-01,2.247784137725830078e-01,5.397906303405761719e-01,4.919292926788330078e-01,5.827403813600540161e-02,1.146721020340919495e-01,6.919451951980590820e-01,7.138425111770629883e-01,5.944629311561584473e-01,5.296746492385864258e-01,6.073056459426879883e-01,8.240883350372314453e-01,7.185701727867126465e-01,6.207932233810424805e-01,3.658964037895202637e-01,4.186806976795196533e-01,1.985140740871429443e-01,1.595723256468772888e-02,6.277499794960021973e-01,6.185928583145141602e-01,6.734289228916168213e-03,-6.386167556047439575e-02,1.962540298700332642e-01,2.703544199466705322e-01,4.623605310916900635e-01,5.626296401023864746e-01,3.814591169357299805e-01,3.159298002719879150e-01,2.774416804313659668e-01,4.023471176624298096e-01,-5.042113065719604492e-01,-2.355891466140747070e-01,-3.038074970245361328e-01,-4.018904864788055420e-01,-5.410240888595581055e-01,-5.394968986511230469e-01,-4.442858695983886719e-01,-3.331514894962310791e-01,-6.884725689888000488e-01,-5.865453481674194336e-01,-5.789628028869628906e-01,-5.893594622611999512e-01,-3.326962888240814209e-01,-3.605249822139739990e-01,-2.050714641809463501e-01,-1.265298277139663696e-01,-1.649181693792343140e-01,-2.288670241832733154e-01,-9.300912916660308838e-02,2.046137750148773193e-01,2.550608217716217041e-01,3.839499056339263916e-01,7.313288748264312744e-02,-2.549591101706027985e-02,-1.538132596760988235e-02,1.714295148849487305e-01,-8.888197690248489380e-02,1.734108328819274902e-01,4.891473054885864258e-01,5.350952148437500000e-01,1.302403956651687622e-02,2.822647104039788246e-03,7.553067058324813843e-02,-8.412554860115051270e-02,3.969574868679046631e-01,4.138892590999603271e-01,-2.550163865089416504e-01,-1.412598192691802979e-01,-2.784013450145721436e-01,3.203675746917724609e-01,2.249145656824111938e-01,4.133541584014892578e-01,-1.117879822850227356e-01,-1.363089978694915771e-01,5.811539888381958008e-01,5.726689100265502930e-01,-1.784421205520629883e-01,6.447204947471618652e-02,-4.681348502635955811e-01,-4.627245366573333740e-01,-6.362637877464294434e-01,-6.620916128158569336e-01,1.649611145257949829e-01,-8.437442034482955933e-02,2.263753861188888550e-01,3.454467654228210449e-01,3.819881975650787354e-01,4.523654878139495850e-01,5.841662287712097168e-01,-1.505873501300811768e-01,6.114854216575622559e-01,5.690173506736755371e-01,-5.132645368576049805e-02,2.508313655853271484e-01,2.996705770492553711e-01,5.452855825424194336e-01,1.150765493512153625e-01,-1.937228441238403320e-01,-1.376942247152328491e-01,-3.680751919746398926e-01,8.464140444993972778e-02,-4.319120645523071289e-01,-3.745333552360534668e-01,5.503987893462181091e-02
1.861095875501632690e-01,-8.388742804527282715e-02,7.524037957191467285e-01,0.000000000000000000e+00,4.756035804748535156e-01,1.681304574012756348e-01,6.654615402221679688e-01,2.952622175216674805e-01,7.442053407430648804e-02,7.074928283691406250e-01,2.160582691431045532e-01,4.615548253059387207e-01,4.240156412124633789e-01,3.943651914596557617e-01,4.182148575782775879e-01,5.830476284027099609e-01,1.484324485063552856e-01,5.796602368354797363e-02,6.331053376197814941e-01,6.131106615066528320e-01,5.041974186897277832e-01,4.591172039508819580e-01,4.952123463153839111e-01,7.709813117980957031e-01,5.421234369277954102e-01,5.071365237236022949e-01,3.412866294384002686e-01,3.883718848228454590e-01,2.049453109502792358e-01,-1.837389171123504639e-02,4.389491975307464600e-01,4.836260676383972168e-01,-6.502991914749145508e-02,-8.203429728746414185e-02,1.625827699899673462e-01,2.945990264415740967e-01,4.992631971836090088e-01,4.844666123390197754e-01,3.341563045978546143e-01,2.885394096374511719e-01,1.933384090662002563e-01,3.001484870910644531e-01,-4.724557101726531982e-01,-2.161432206630706787e-01,-2.317877858877182007e-01,-2.791681587696075439e-01,-5.217748284339904785e-01,-4.541950523853302002e-01,-3.471986651420593262e-01,-2.068526893854141235e-01,-6.951475143432617188e-01,-3.935448825359344482e-01,-6.593111157417297363e-01,-4.896710813045501709e-01,-5.095248818397521973e-01,-1.854948401451110840e-01,-2.316216230392456055e-01,-1.077984943985939026e-01,-2.158520668745040894e-01,-8.902747184038162231e-02,-1.288663148880004883e-01,4.393354356288909912e-01,3.534438908100128174e-01,3.971373140811920166e-01,1.451245229691267014e-02,2.717607021331787109e-01,-1.051808223128318787e-01,1.549383699893951416e-01,-2.266955971717834473e-01,1.288689952343702316e-02,3.304068148136138916e-01,5.776493549346923828e-01,4.398088902235031128e-02,-4.879135265946388245e-02,-4.038183018565177917e-02,-7.593733817338943481e-02,3.693635463714599609e-01,5.327397584915161133e-01,-3.161833882331848145e-01,-8.508331328630447388e-02,-4.238696992397308350e-01,3.717650473117828369e-01,1.801575273275375366e-01,4.922106266021728516e-01,-3.402980864048004150e-01,1.356811076402664185e-01,4.451247155666351318e-01,6.071407198905944824e-01,-4.763816595077514648e-01,2.689780294895172119e-01,-4.564911127090454102e-01,-3.137555420398712158e-01,-5.695722103118896484e-01,-4.865255653858184814e-01,1.858230978250503540e-01,-3.370140120387077332e-02,1.733273714780807495e-01,3.311854898929595947e-01,3.328694701194763184e-01,4.480139315128326416e-01,4.692504703998565674e-01,9.426613152027130127e-02,5.034779906272888184e-01,5.688155889511108398e-01,-1.228586509823799133e-01,3.819473683834075928e-01,1.990535557270050049e-01,5.303819179534912109e-01,1.643911562860012054e-02,-1.610792428255081177e-01,-1.185796037316322327e-01,-3.601652979850769043e-01,5.063137039542198181e-02,-4.469135999679565430e-01,-3.178936839103698730e-01,7.048232108354568481e-02
5.410462990403175354e-02,-3.501371666789054871e-02,5.053874254226684570e-01,4.756035804748535156e-01,0.000000000000000000e+00,4.723257422447204590e-01,1.961062103509902954e-01,-1.447405666112899780e-01,2.866463959217071533e-01,5.619487166404724121e-01,-7.262560725212097168e-02,1.110931709408760071e-01,2.707631886005401611e-01,5.653258785605430603e-02,5.637444257736206055e-01,4.530465006828308105e-01,1.610742360353469849e-01,2.327669262886047363e-01,2.503810524940490723e-01,3.308292031288146973e-01,4.869633615016937256e-01,4.679256379604339600e-01,2.396930903196334839e-01,5.080453157424926758e-01,6.383502483367919922e-01,6.845552921295166016e-01,3.956680595874786377e-01,4.498192965984344482e-01,2.938106358051300049e-01,5.572072789072990417e-02,5.332247018814086914e-01,5.079014897346496582e-01,-7.826732844114303589e-02,-1.680696755647659302e-01,-1.624412238597869873e-01,-1.094541177153587341e-01,4.946597218513488770e-01,3.843933641910552979e-01,2.796516418457031250e-01,3.152316212654113770e-01,3.220701813697814941e-01,2.508508861064910889e-01,-4.363317489624023438e-01,-2.174255400896072388e-01,-1.373008936643600464e-01,-8.826740831136703491e-02,-4.071003794670104980e-01,-3.283093273639678955e-01,-2.856846451759338379e-01,-1.188273876905441284e-01,-6.226001977920532227e-01,-4.348520338535308838e-01,-5.872582197189331055e-01,-5.385466814041137695e-01,-3.066422343254089355e-01,-2.877706587314605713e-01,-1.267056539654731750e-02,2.809272147715091705e-02,-2.762306332588195801e-01,-1.881846934556961060e-01,-1.804131418466567993e-01,5.215251073241233826e-02,1.718677431344985962e-01,3.476175963878631592e-01,-1.649199724197387695e-01,-1.320665180683135986e-01,-1.666709333658218384e-01,1.533437371253967285e-01,-1.592174321413040161e-01,1.657842695713043213e-01,4.586460590362548828e-01,5.241139531135559082e-01,2.809455245733261108e-02,1.490447390824556351e-02,-1.853456497192382812e-01,-1.159754768013954163e-01,1.544741690158843994e-01,2.273073792457580566e-01,-9.793590009212493896e-02,1.438296735286712646e-01,-1.305973231792449951e-01,3.912052214145660400e-01,8.607722073793411255e-02,4.113134741783142090e-01,-3.776773810386657715e-01,-8.381720632314682007e-02,2.826873660087585449e-01,5.039536356925964355e-01,-4.145124554634094238e-01,1.450388580560684204e-01,-5.269042849540710449e-01,-4.425858855247497559e-01,-5.123791098594665527e-01,-5.174763202667236328e-01,4.225126504898071289e-01,1.578059643507003784e-01,3.710195720195770264e-01,5.600704550743103027e-01,3.526628613471984863e-01,3.349924981594085693e-01,5.022972226142883301e-01,2.423984929919242859e-02,5.802664160728454590e-01,5.454066991806030273e-01,3.488771617412567139e-02,3.227592110633850098e-01,9.012531489133834839e-02,4.823684692382812500e-01,1.992686539888381958e-01,3.365308046340942383e-02,6.951928138732910156e-02,-1.624083369970321655e-01,1.003795936703681946e-01,-2.610494792461395264e-01,-2.580189704895019531e-01,2.989698760211467743e-02
1.151963174343109131e-01,1.333575993776321411e-01,1.826215237379074097e-01,1.681304574012756348e-01,4.723257422447204590e-01,0.000000000000000000e+00,1.054575294256210327e-01,1.738658249378204346e-01,3.561275303363800049e-01,2.283957749605178833e-01,-1.952717453241348267e-02,1.388805806636810303e-01,2.136574983596801758e-01,5.156778916716575623e-02,3.214072287082672119e-01,1.053165867924690247e-01,7.025749236345291138e-02,2.988972663879394531e-01,1.550313667394220829e-03,1.622364073991775513e-01,9.565299749374389648e-02,9.428148716688156128e-02,4.031629115343093872e-02,1.670716702938079834e-01,3.722436130046844482e-01,3.763953149318695068e-01,1.754375398159027100e-01,1.811264306306838989e-01,1.962425261735916138e-01,1.494351625442504883e-01,3.015972673892974854e-01,2.536933124065399170e-01,3.548565134406089783e-02,7.084218412637710571e-02,-9.570407122373580933e-02,-1.241277977824211121e-01,1.471267491579055786e-01,1.608944088220596313e-01,-6.459903717041015625e-02,3.854678571224212646e-02,2.487465925514698029e-02,1.545494049787521362e-01,-2.467953413724899292e-01,-1.160212904214859009e-01,-8.892460167407989502e-02,2.651343494653701782e-02,-1.200824454426765442e-01,-1.164227817207574844e-02,-1.337013095617294312e-01,-1.705704778432846069e-01,-2.591910362243652344e-01,-2.964689135551452637e-01,-1.479146629571914673e-01,-2.800787985324859619e-01,-2.328050285577774048e-01,-2.793057858943939209e-01,2.019690871238708496e-01,1.978232860565185547e-01,-1.267420873045921326e-02,4.983334615826606750e-02,8.648043125867843628e-02,4.377267882227897644e-02,8.781291544437408447e-03,2.283928990364074707e-01,-8.811096847057342529e-02,-4.568471759557723999e-02,-5.581383593380451202e-03,7.783989608287811279e-02,-3.150175558403134346e-03,1.665295511484146118e-01,2.095147371292114258e-01,1.023722290992736816e-01,5.502099543809890747e-02,1.369224786758422852e-01,-1.820674389600753784e-01,-9.098567068576812744e-03,-3.599658980965614319e-02,-7.463099062442779541e-02,1.019504368305206299e-01,1.488655209541320801e-01,1.219743788242340088e-01,1.431243717670440674e-01,6.150149181485176086e-02,4.958365485072135925e-02,-1.178676038980484009e-01,-2.257716059684753418e-01,-2.938341349363327026e-02,1.514340471476316452e-02,-2.116992324590682983e-01,-2.326522469520568848e-01,-1.867302507162094116e-01,-3.159545958042144775e-01,-1.964537203311920166e-01,-2.277392596006393433e-01,1.921388208866119385e-01,7.764095813035964966e-02,2.262475192546844482e-01,2.077044695615768433e-01,5.097605660557746887e-02,9.975093603134155273e-02,1.689817607402801514e-01,-2.475341260433197021e-01,2.347960621118545532e-01,8.809123188257217407e-02,9.535286575555801392e-02,-8.391984552145004272e-02,-4.828601703047752380e-02,2.188261039555072784e-02,1.903740167617797852e-01,1.593378186225891113e-01,1.401577591896057129e-01,-5.824811384081840515e-02,-2.293855138123035431e-02,3.910560160875320435e-02,-5.354704707860946655e-02,-7.228116691112518311e-02
2.653792798519134521e-01,6.391727924346923828e-02,7.044595479965209961e-01,6.654615402221679688e-01,1.961062103509902954e-01,1.054575294256210327e-01,0.000000000000000000e+00,4.655575156211853027e-01,1.275107562541961670e-01,4.170398116111755371e-01,5.485735535621643066e-01,5.173301100730895996e-01,6.333434581756591797e-01,4.408552050590515137e-01,2.861252725124359131e-01,3.411562144756317139e-01,3.485207259654998779e-02,8.233557641506195068e-02,5.781490802764892578e-01,5.602223873138427734e-01,2.632427215576171875e-01,1.853080987930297852e-01,6.310833096504211426e-01,6.132667660713195801e-01,4.855521023273468018e-01,3.330646455287933350e-01,1.781173199415206909e-01,2.415801435708999634e-01,1.471960991621017456e-01,4.050739109516143799e-02,4.011822938919067383e-01,4.048837423324584961e-01,1.568211615085601807e-01,1.247484534978866577e-01,3.401198387145996094e-01,3.342507481575012207e-01,2.004880160093307495e-01,3.015316724777221680e-01,1.706758588552474976e-01,1.181189268827438354e-01,5.095001682639122009e-02,2.467069625854492188e-01,-2.854509949684143066e-01,-1.739926487207412720e-01,-3.149882555007934570e-01,-3.992566764354705811e-01,-3.632875680923461914e-01,-3.822788298130035400e-01,-4.006423652172088623e-01,-3.876285851001739502e-01,-3.803102374076843262e-01,-3.430106341838836670e-01,-2.892983853816986084e-01,-3.452016115188598633e-01,-3.402992784976959229e-01,-2.636173367500305176e-01,-1.383613348007202148e-01,-8.502805233001708984e-02,-5.973813310265541077e-02,-6.404691189527511597e-02,9.845960140228271484e-02,3.657458722591400146e-01,1.850245743989944458e-01,2.234286814928054810e-01,3.124071955680847168e-01,2.565200030803680420e-01,1.076130494475364685e-01,4.297979176044464111e-02,-1.250085979700088501e-01,-2.436606585979461670e-02,1.585710942745208740e-01,2.080711126327514648e-01,1.537775713950395584e-02,-2.063203789293766022e-02,1.625539660453796387e-01,3.902302309870719910e-02,2.654679715633392334e-01,2.950223386287689209e-01,-1.851702779531478882e-01,-1.860811412334442139e-01,-2.454532682895660400e-01,1.512615978717803955e-01,1.738165467977523804e-01,1.725683510303497314e-01,9.149175137281417847e-02,-3.835429670289158821e-03,3.495680689811706543e-01,2.615544497966766357e-01,-9.983888268470764160e-02,-7.182306051254272461e-02,-1.485157012939453125e-01,-1.783621013164520264e-01,-3.412961661815643311e-01,-3.026661574840545654e-01,-1.303722560405731201e-01,-1.937972605228424072e-01,-6.120313331484794617e-02,-3.378547728061676025e-02,4.764102026820182800e-02,2.432885169982910156e-01,2.355015873908996582e-01,-1.555685251951217651e-01,2.233776003122329712e-01,2.220110893249511719e-01,-1.161108911037445068e-01,7.532603293657302856e-02,1.663811355829238892e-01,1.890146136283874512e-01,-3.626744076609611511e-02,-1.978267282247543335e-01,-2.769741714000701904e-01,-3.893434405326843262e-01,-9.016262367367744446e-03,-2.532242536544799805e-01,-1.831336915493011475e-01,-1.724057830870151520e-02
3.137679994106292725e-01,3.039667606353759766e-01,9.092351794242858887e-02,2.952622175216674805e-01,-1.447405666112899780e-01,1.738658249378204346e-01,4.655575156211853027e-01,0.000000000000000000e+00,2.105336636304855347e-01,-4.574985709041357040e-03,5.117617845535278320e-01,5.559974908828735352e-01,3.251852989196777344e-01,4.863530993461608887e-01,-2.176719903945922852e-01,-7.533112168312072754e-02,5.929480493068695068e-02,1.077725291252136230e-01,2.060387581586837769e-01,2.015079557895660400e-01,-3.711037635803222656e-01,-3.504710197448730469e-01,2.808898687362670898e-01,1.088707447052001953e-01,-9.959025681018829346e-02,-1.094367578625679016e-01,-2.412853389978408813e-01,-6.185615062713623047e-02,2.746265195310115814e-02,1.273157447576522827e-01,6.877524778246879578e-03,3.194360435009002686e-02,4.008090198040008545e-01,4.974306225776672363e-01,1.224648505449295044e-01,2.936190068721771240e-01,-2.825520634651184082e-01,-2.026535123586654663e-01,-3.484960794448852539e-01,-2.694029808044433594e-01,-2.161011546850204468e-01,-4.005223512649536133e-02,2.391098588705062866e-01,1.976860910654067993e-01,-3.075993852689862251e-03,8.517657220363616943e-02,1.737209707498550415e-01,2.088910490274429321e-01,1.823726668953895569e-02,-1.802324950695037842e-01,1.601329743862152100e-01,1.123036667704582214e-01,1.433819383382797241e-01,1.462334841489791870e-01,-2.665005624294281006e-01,-1.718856580555438995e-02,1.763767898082733154e-01,1.652049571275711060e-01,6.779130548238754272e-02,2.258012443780899048e-01,1.387570202350616455e-01,4.289308488368988037e-01,3.357006981968879700e-02,-1.563126035034656525e-02,1.124265864491462708e-01,4.419768154621124268e-01,1.553326994180679321e-01,9.854272007942199707e-02,4.694928415119647980e-03,-7.126902788877487183e-02,-8.032652735710144043e-02,-1.779945492744445801e-01,1.549697667360305786e-01,1.501770168542861938e-01,5.303784459829330444e-02,2.360408455133438110e-01,8.569055795669555664e-02,9.502676874399185181e-02,2.708344161510467529e-02,3.286540135741233826e-02,6.993754953145980835e-02,2.559962309896945953e-02,3.165714442729949951e-03,-1.946454793214797974e-01,1.168552711606025696e-01,1.820120662450790405e-01,-3.006029427051544189e-01,-3.233071267604827881e-01,-1.547359526157379150e-01,-2.629944682121276855e-01,2.173063606023788452e-01,1.708766967058181763e-01,2.191396206617355347e-01,2.369819879531860352e-01,-2.680606544017791748e-01,-1.682203263044357300e-01,-2.127133160829544067e-01,-3.533893227577209473e-01,-2.670935690402984619e-01,-1.337707787752151489e-01,-2.788976430892944336e-01,-1.949120908975601196e-01,-3.569951355457305908e-01,-3.274259269237518311e-01,-6.787813454866409302e-02,-2.237373590469360352e-01,-1.959134489297866821e-01,-3.531291484832763672e-01,-1.283905357122421265e-01,2.391035854816436768e-02,-8.530768752098083496e-02,-7.551077008247375488e-02,-8.669510483741760254e-02,1.699029356241226196e-01,2.330345362424850464e-01,-1.926156431436538696e-01
-2.518210932612419128e-02,3.157334029674530029e-02,8.428825996816158295e-03,7.442053407430648804e-02,2.866463959217071533e-01,3.561275303363800049e-01,1.275107562541961670e-01,2.105336636304855347e-01,0.000000000000000000e+00,2.167400717735290527e-01,1.234109848737716675e-01,1.220038235187530518e-01,1.068923547863960266e-01,1.495236158370971680e-01,1.571089625358581543e-01,9.415517002344131470e-02,1.368669569492340088e-01,1.345225423574447632e-01,-1.611140519380569458e-01,-6.311377137899398804e-02,-1.393897831439971924e-02,-3.417588071897625923e-03,-1.014659628272056580e-01,-4.199739545583724976e-03,1.568264067173004150e-01,2.735148668289184570e-01,-1.640048027038574219e-01,6.341242045164108276e-02,1.618634313344955444e-01,4.540166258811950684e-02,-2.454734593629837036e-02,2.653088793158531189e-02,-2.489386871457099915e-02,-8.195877820253372192e-02,-1.606428027153015137e-01,-1.369270384311676025e-01,9.358883835375308990e-03,-8.773312717676162720e-02,-1.241727545857429504e-01,-4.442002251744270325e-02,-3.234702721238136292e-02,-4.910897836089134216e-02,2.485085511580109596e-03,7.335535716265439987e-03,7.524137943983078003e-02,1.605618000030517578e-01,4.988302662968635559e-02,5.548466369509696960e-02,1.735670678317546844e-02,5.913104861974716187e-03,-9.006683528423309326e-02,1.083439029753208160e-02,-7.810857146978378296e-02,-7.119409739971160889e-02,-2.639981210231781006e-01,-4.944586381316184998e-02,1.165649369359016418e-01,7.038837671279907227e-02,-7.584028691053390503e-02,1.216309424489736557e-02,-6.371747236698865891e-03,2.991287223994731903e-02,6.039348989725112915e-02,-4.642424732446670532e-02,9.221713989973068237e-03,1.177063062787055969e-01,-5.623839050531387329e-02,2.138512581586837769e-02,-1.596471071243286133e-01,-3.201483935117721558e-02,-1.590884774923324585e-01,-5.350950639694929123e-03,8.816791698336601257e-03,-3.803376853466033936e-02,-1.296732276678085327e-01,-3.908822685480117798e-02,-6.402976065874099731e-02,-2.745333313941955566e-02,1.071487739682197571e-01,1.289293318986892700e-01,-2.760408073663711548e-02,1.885899603366851807e-01,4.128913581371307373e-02,2.854664437472820282e-02,-1.420513242483139038e-01,1.373793184757232666e-01,-4.980826005339622498e-02,-3.007841762155294418e-03,-2.646928727626800537e-01,-9.523625671863555908e-02,-2.456571534276008606e-02,-2.834071591496467590e-02,-1.792629063129425049e-02,2.400116994976997375e-02,-2.048267982900142670e-02,1.359595060348510742e-01,1.165146008133888245e-02,3.643045946955680847e-02,-1.077134013175964355e-01,-3.420072793960571289e-02,-9.352927654981613159e-02,-4.715581983327865601e-02,-1.172836683690547943e-02,-1.619097962975502014e-02,-2.429447881877422333e-02,-2.521659247577190399e-02,-1.511196494102478027e-01,-7.098815590143203735e-02,1.155962273478507996e-01,8.423567563295364380e-02,2.091583423316478729e-02,-1.317912191152572632e-01,-2.127396687865257263e-02,7.549393922090530396e-02,6.469128653407096863e-03,-8.132442086935043335e-02
3.827967494726181030e-02,-1.726238131523132324e-01,6.014056205749511719e-01,7.074928283691406250e-01,5.619487166404724121e-01,2.283957749605178833e-01,4.170398116111755371e-01,-4.574985709041357040e-03,2.167400717735290527e-01,0.000000000000000000e+00,-2.504954673349857330e-02,2.827129364013671875e-01,3.341655433177947998e-01,3.279493451118469238e-01,5.749354958534240723e-01,7.094232439994812012e-01,1.158604547381401062e-01,9.550134837627410889e-02,3.984070122241973877e-01,4.471075534820556641e-01,6.598156094551086426e-01,6.034871339797973633e-01,2.816242873668670654e-01,6.653776764869689941e-01,6.523643732070922852e-01,6.439991593360900879e-01,5.158005356788635254e-01,5.018157362937927246e-01,2.236950397491455078e-01,-5.712602660059928894e-02,4.095812439918518066e-01,4.175342321395874023e-01,-2.162975966930389404e-01,-2.956057488918304443e-01,7.812786102294921875e-02,8.901254832744598389e-02,5.843313932418823242e-01,4.888224005699157715e-01,4.713601768016815186e-01,4.486351013183593750e-01,2.341642081737518311e-01,2.634748220443725586e-01,-5.660485029220581055e-01,-2.911539971828460693e-01,-2.365009784698486328e-01,-2.829393446445465088e-01,-6.050022840499877930e-01,-5.442586541175842285e-01,-3.382053375244140625e-01,-2.291785776615142822e-01,-7.660561800003051758e-01,-4.855597019195556641e-01,-7.023137807846069336e-01,-5.919272899627685547e-01,-4.471133649349212646e-01,-2.119983881711959839e-01,-2.415158599615097046e-01,-1.063745468854904175e-01,-3.181836903095245361e-01,-2.088567763566970825e-01,-1.853951960802078247e-01,3.385896682739257812e-01,3.113214075565338135e-01,4.149407744407653809e-01,-4.960814118385314941e-02,1.512020528316497803e-01,-1.524591445922851562e-01,1.442907750606536865e-01,-2.758565247058868408e-01,5.454364046454429626e-02,3.076453506946563721e-01,5.777878761291503906e-01,-1.190855056047439575e-01,-1.580116301774978638e-01,-1.812881231307983398e-02,-1.228605359792709351e-01,2.443991452455520630e-01,4.263229668140411377e-01,-2.399338781833648682e-01,-3.071394562721252441e-02,-3.634644448757171631e-01,4.230728447437286377e-01,1.831472963094711304e-01,5.782538056373596191e-01,-3.434981703758239746e-01,9.684000909328460693e-02,5.329264998435974121e-01,7.279454469680786133e-01,-4.638536870479583740e-01,3.090780377388000488e-01,-5.516189336776733398e-01,-4.322658777236938477e-01,-6.402102708816528320e-01,-5.542354583740234375e-01,2.669504284858703613e-01,6.335750222206115723e-02,2.699147164821624756e-01,4.609268605709075928e-01,4.002703130245208740e-01,4.516020417213439941e-01,5.239723324775695801e-01,1.113101094961166382e-01,5.737380385398864746e-01,6.148771643638610840e-01,-8.569045364856719971e-02,3.894675076007843018e-01,2.216934710741043091e-01,5.490918755531311035e-01,1.925544440746307373e-01,-6.507758051156997681e-02,-2.547638490796089172e-02,-2.930374145507812500e-01,1.049616336822509766e-01,-4.107349812984466553e-01,-3.955774307250976562e-01,1.291571408510208130e-01
3.857797086238861084e-01,2.825323343276977539e-01,2.395437955856323242e-01,2.160582691431045532e-01,-7.262560725212097168e-02,-1.952717453241348267e-02,5.485735535621643066e-01,5.117617845535278320e-01,1.234109848737716675e-01,-2.504954673349857330e-02,0.000000000000000000e+00,6.392469406127929688e-01,5.322704315185546875e-01,4.905470907688140869e-01,-4.589019715785980225e-02,5.110191646963357925e-03,1.901654154062271118e-01,1.996408551931381226e-01,2.999285459518432617e-01,2.651534080505371094e-01,-1.334955990314483643e-01,-1.191598176956176758e-01,3.355885744094848633e-01,1.470249444246292114e-01,6.920534372329711914e-02,8.954258635640144348e-03,-2.088846862316131592e-01,-2.314488962292671204e-02,2.612574398517608643e-01,1.798657178878784180e-01,1.435288786888122559e-01,2.224028408527374268e-01,2.494640350341796875e-01,2.770926058292388916e-01,2.365137636661529541e-01,2.669838964939117432e-01,-1.395900249481201172e-01,-2.143208310008049011e-02,-1.351763308048248291e-01,-7.669502496719360352e-02,-2.611250802874565125e-02,1.772826313972473145e-01,4.966426640748977661e-02,-3.991529718041419983e-02,-2.067423462867736816e-01,-2.111511081457138062e-01,2.099012583494186401e-02,1.155256479978561401e-02,-1.476458460092544556e-01,-2.555184364318847656e-01,8.607228845357894897e-02,1.891635544598102570e-02,8.498778939247131348e-02,2.991031669080257416e-02,-1.836902052164077759e-01,-5.538349971175193787e-02,1.116114631295204163e-01,8.977985382080078125e-02,9.843820333480834961e-02,1.726972460746765137e-01,1.577523797750473022e-01,2.769353985786437988e-01,7.415881007909774780e-02,-3.191749379038810730e-02,2.653059065341949463e-01,2.543627917766571045e-01,1.740176528692245483e-01,-1.041132062673568726e-01,1.671956032514572144e-01,6.398541480302810669e-02,-1.596760586835443974e-03,-1.246286481618881226e-01,7.786678522825241089e-02,1.351027190685272217e-01,1.381065845489501953e-01,1.380792707204818726e-01,1.637856811285018921e-01,7.265296578407287598e-02,7.532078027725219727e-02,-9.584201872348785400e-02,-2.512353472411632538e-02,-1.886919513344764709e-02,3.359713125973939896e-03,-1.390217840671539307e-01,1.929572373628616333e-01,5.583135038614273071e-02,-8.755809813737869263e-02,-1.799574196338653564e-01,5.609143152832984924e-02,-2.191030830144882202e-01,1.941929310560226440e-01,8.140945434570312500e-02,7.308749109506607056e-02,5.489780753850936890e-02,-2.556919455528259277e-01,-1.975993439555168152e-02,-1.619877368211746216e-01,-3.133229911327362061e-01,-2.439258247613906860e-01,-4.391064122319221497e-02,-1.797303408384323120e-01,-2.271737158298492432e-01,-2.067350000143051147e-01,-1.976883858442306519e-01,-2.041893750429153442e-01,-3.106891214847564697e-01,-2.849037386476993561e-02,-1.485730409622192383e-01,-1.838873326778411865e-02,1.147794649004936218e-01,-2.658889591693878174e-01,-2.702053487300872803e-01,-1.115657687187194824e-01,9.660014882683753967e-03,4.446638002991676331e-02,-2.113640010356903076e-01
2.933554947376251221e-01,1.320420354604721069e-01,3.329609930515289307e-01,4.615548253059387207e-01,1.110931709408760071e-01,1.388805806636810303e-01,5.173301100730895996e-01,5.559974908828735352e-01,1.220038235187530518e-01,2.827129364013671875e-01,6.392469406127929688e-01,0.000000000000000000e+00,4.273676872253417969e-01,6.466613411903381348e-01,2.895955182611942291e-02,1.945750415325164795e-01,2.185840457677841187e-01,1.637075096368789673e-01,4.008548855781555176e-01,3.846029341220855713e-01,3.802882507443428040e-02,4.933511838316917419e-02,3.136595189571380615e-01,3.353142738342285156e-01,1.795163005590438843e-01,1.579374819993972778e-01,-1.233008950948715210e-01,5.318562686443328857e-02,2.906376123428344727e-01,2.306072413921356201e-01,2.067520320415496826e-01,3.097865283489227295e-01,1.464190930128097534e-01,2.045696824789047241e-01,2.603296339511871338e-01,3.327842652797698975e-01,4.991678893566131592e-02,1.796462386846542358e-01,3.056526882573962212e-03,5.418063327670097351e-02,8.355452120304107666e-02,2.195722162723541260e-01,-1.629319787025451660e-01,-1.387186050415039062e-01,-2.319205701351165771e-01,-2.320305705070495605e-01,-1.614764034748077393e-01,-6.101103499531745911e-02,-1.827889382839202881e-01,-2.428554594516754150e-01,-2.159400880336761475e-01,-9.542619436979293823e-02,-2.247047126293182373e-01,-1.182414367794990540e-01,-3.771770000457763672e-01,-9.019073098897933960e-02,-6.286185979843139648e-02,-9.963084012269973755e-03,-9.314193576574325562e-02,1.275603026151657104e-01,-1.145081222057342529e-02,5.027874112129211426e-01,2.216456085443496704e-01,2.891777753829956055e-01,6.090321019291877747e-02,4.001613259315490723e-01,-1.855101808905601501e-02,-1.246116217225790024e-02,7.641215343028306961e-03,1.558083016425371170e-02,6.592374294996261597e-02,7.686673849821090698e-02,7.504034042358398438e-02,8.781635761260986328e-02,4.429074376821517944e-02,1.131074056029319763e-01,2.705779671669006348e-01,3.306384682655334473e-01,2.323718555271625519e-02,-9.702896326780319214e-02,-1.305181235074996948e-01,1.387388408184051514e-01,-4.829777032136917114e-02,3.484281897544860840e-02,-1.058944687247276306e-02,2.385121434926986694e-01,-4.615332186222076416e-02,1.542940363287925720e-02,-2.261154949665069580e-01,2.551943808794021606e-02,-1.220627594739198685e-02,-4.072903096675872803e-02,-1.189948245882987976e-01,-9.781013429164886475e-02,-1.108213812112808228e-01,-1.199896913021802902e-02,-5.816715210676193237e-02,-1.380158215761184692e-01,-6.690839678049087524e-02,1.074426397681236267e-01,6.273368000984191895e-02,-1.872837543487548828e-02,4.621712863445281982e-02,1.048444136977195740e-01,-1.315037906169891357e-01,-5.580604821443557739e-02,2.952419593930244446e-02,5.025481432676315308e-02,5.236990004777908325e-02,7.791637629270553589e-02,-1.904937177896499634e-01,-3.322480022907257080e-01,-1.131504625082015991e-01,-1.527895778417587280e-01,-6.564424186944961548e-02,-1.586167216300964355e-01
3.728619813919067383e-01,2.760353982448577881e-01,4.847867488861083984e-01,4.240156412124633789e-01,2.707631886005401611e-01,2.136574983596801758e-01,6.333434581756591797e-01,3.251852989196777344e-01,1.068923547863960266e-01,3.341655433177947998e-01,5.322704315185546875e-01,4.273676872253417969e-01,0.000000000000000000e+00,4.938491284847259521e-01,4.118354022502899170e-01,3.129050731658935547e-01,1.052940711379051208e-01,3.286743164062500000e-01,3.378045558929443359e-01,4.215143620967864990e-01,1.998302489519119263e-01,1.309699118137359619e-01,5.130369067192077637e-01,4.680526852607727051e-01,4.690495133399963379e-01,3.089863657951354980e-01,3.029765784740447998e-01,2.998307943344116211e-01,3.107713162899017334e-01,1.192790791392326355e-01,4.797846674919128418e-01,4.461227357387542725e-01,1.604413688182830811e-01,1.269028186798095703e-01,1.420369744300842285e-01,4.465036094188690186e-02,1.336997747421264648e-01,1.719674319028854370e-01,6.031267344951629639e-02,9.627588838338851929e-02,3.021904081106185913e-02,1.868121623992919922e-01,-2.437827140092849731e-01,-1.661140024662017822e-01,-3.262223005294799805e-01,-2.889900803565979004e-01,-2.818106114864349365e-01,-3.588608503341674805e-01,-3.384799957275390625e-01,-3.823853135108947754e-01,-2.800420522689819336e-01,-2.886818349361419678e-01,-2.204208523035049438e-01,-3.225382268428802490e-01,-2.654281556606292725e-01,-3.460827767848968506e-01,1.532794237136840820e-01,1.896892935037612915e-01,-6.469498574733734131e-02,-3.656306117773056030e-02,1.400216370820999146e-01,2.978447377681732178e-01,1.242047473788261414e-01,2.758050858974456787e-01,2.214927077293395996e-01,1.656730324029922485e-01,1.125262379646301270e-01,1.366245001554489136e-01,-3.616179898381233215e-02,1.228067278861999512e-01,2.496728897094726562e-01,1.486036479473114014e-01,5.456245038658380508e-03,3.986812662333250046e-03,1.693548560142517090e-01,4.184635356068611145e-02,-1.188303716480731964e-02,-1.030740328133106232e-02,-7.646573334932327271e-02,-1.846862584352493286e-02,-9.395528584718704224e-02,1.746958196163177490e-01,1.291514635086059570e-01,2.014192640781402588e-01,1.338613219559192657e-02,-1.161730512976646423e-01,2.221817374229431152e-01,2.230383306741714478e-01,-1.545094549655914307e-01,-1.717654615640640259e-01,-2.432317286729812622e-01,-2.847101688385009766e-01,-3.199381828308105469e-01,-2.772362828254699707e-01,-4.886697977781295776e-02,-1.638121157884597778e-01,-8.692124485969543457e-02,1.038891449570655823e-02,-9.608425199985504150e-02,4.120339080691337585e-02,1.154553070664405823e-01,-2.394494414329528809e-01,1.417760699987411499e-01,8.284175395965576172e-02,-1.713965237140655518e-01,-5.773353949189186096e-02,-1.774257048964500427e-02,9.875799715518951416e-02,8.964144438505172729e-02,5.801156535744667053e-02,-2.965679466724395752e-01,-3.024752438068389893e-01,-9.537436813116073608e-02,-1.524210870265960693e-01,-1.054423153400421143e-01,7.823715358972549438e-02
