0.000000000000000000e+00,4.037745300849828745e-01,3.895138130945333677e-01,3.638272870816591786e-01,1.082378331954973738e-01,1.869252011188443918e-01,5.751132423583847908e-01,9.437080847787947258e-02,2.690640935744273432e-01,9.589623372426937797e-02,5.717773435963972029e-01,1.729786908511527499e-01,5.059701906753568679e-01,2.169752533331749736e-02,1.788997073959982531e-01,4.858095276098746418e-02,-1.008369410883908912e-01,3.699182307217711851e-02,4.940211808308493935e-01,1.791751016957891240e-01,2.937333004008321757e-02,1.530470050507600280e-02,3.945059379558846224e-01,8.550405913994876816e-02,9.547255015524885868e-02,-3.005403851448992109e-02,-1.685051399088962482e-02,7.953089960988610208e-02,2.165990935769584735e-01,3.591467913074585655e-02,3.697866491275032808e-02,1.524433013727134190e-01,1.518024296858758448e-01,1.034662611813638722e-01,-1.317067035772971351e-01,-1.113985938349939114e-01,-2.216682123471073740e-01,-1.229928716562266461e-01,-2.933863087142318804e-02,-1.004507770456597726e-01,-2.149637325121429021e-01,2.166110359429576984e-02,-1.832604339091850332e-01,-2.200426709780283485e-01,-1.289359254174489156e-01,2.650905101211921064e-02,-5.399014184919987552e-02,-1.618012678118043446e-01,-9.673931091791008584e-04,-5.558371693687344517e-02,1.567884003176069421e-02,-4.343819884054971048e-02,-8.873938695826485978e-02,-1.852479683206800509e-01,8.231839447103136975e-02,7.681413824934178736e-02,6.490292786866842523e-01,3.944887847130463809e-01,3.587157358056570766e-01,1.258089650114248004e-01,3.967791193289160745e-01,1.846872188290345912e-02,-7.317632916719798292e-03,-4.920983632905533839e-02,3.607387830038653181e-02,-6.233342880033685557e-02,1.363294212861211607e-01,-6.268813534072181781e-02,4.272594965091937591e-01,3.578262182357060950e-01,2.517493240364361839e-01,2.086410772560748708e-02,2.414947528141107302e-01,1.130906415997200015e-01,-1.698049690480435969e-01,-8.559946773225715622e-02,8.787184217315663348e-02,8.780144772920808749e-02,-2.774071618341089063e-01,-1.221093489175476832e-01,-3.701052403153752557e-02,-2.462510055277628562e-01,-4.574560139646013240e-02,-1.054444349420695370e-01,1.733678234025868847e-01,-2.160789670952333319e-01,4.321534225980833838e-02,-6.833520789673269702e-02,1.621935974235260147e-01,-5.635903032470006985e-02,-2.461838518128968700e-01,-1.131351830673297809e-01,9.818831617434772840e-02,-4.119230265809244174e-02,7.064089548147700626e-02,-6.091418184631718774e-02,7.264310506677203183e-02,1.908245405151602972e-02,-1.801090082417860505e-01,-5.740041964654641476e-02,6.734942383791071852e-02,9.492089270602377393e-02,9.708309341569243411e-02,5.598913602376022480e-02,-1.186990991671296458e-01,5.785239855281383223e-03,1.011261539712722535e-01,-9.614945270415276718e-03,5.055136251547785037e-02,1.148932273987034597e-01,-5.765858657162948459e-02,-1.537881195351172570e-01,1.162563263184403228e-01,1.901725912772854188e-01,1.863094843637162074e-02,-1.394110464878100808e-01
4.037745300849828745e-01,0.000000000000000000e+00,1.683587648021153127e-01,2.826106703994943348e-01,2.791642578323474955e-02,7.861741888927442287e-03,5.581870925008538403e-02,3.234159774163746781e-01,1.028323896528383907e-02,8.239960494869814911e-02,1.321496796699846432e-01,4.080422474100718899e-01,7.243727182502150697e-02,3.527525823001012584e-01,-6.006674118685813996e-02,6.344524058550440881e-02,-9.777879580660495118e-02,1.655253093014463495e-01,3.787117048384066598e-01,4.926076928751804140e-01,5.504385354327805471e-03,-5.298389787560763009e-02,-1.810820165631106538e-02,1.422141010596727206e-01,-6.688684632159620780e-02,-5.717732270450707078e-04,-4.197868103218888730e-02,-3.518448079849662014e-02,8.108092461378925420e-02,-6.195457442715330415e-02,-1.184974447206429277e-01,1.308201258322009564e-01,1.165053169517337867e-01,2.733748949935933537e-01,-1.174255295826266698e-01,-1.436714972585150241e-01,-2.291075264629567898e-01,-1.863224045472489654e-01,-1.137492708272744985e-01,-1.651625499357377846e-01,-1.928978059494091957e-01,-1.597441330346752175e-01,6.300613735588785243e-03,-1.687086980822398441e-02,8.080161021464465909e-02,2.474739840393906931e-01,-1.126167773429287942e-02,-6.699924660342132521e-02,6.895657662683607469e-02,1.232053161214432813e-01,5.685511066677168684e-02,1.700858605275697710e-01,-2.964421620700430360e-02,-9.121238359287210662e-02,-1.062656817691540329e-01,3.964520433065021193e-02,4.298555178713726610e-01,6.866398650167728768e-01,3.159641121725193513e-01,3.287465975491210002e-01,2.206819474202590114e-01,2.344390902307743885e-01,-4.649989154073334852e-02,2.123576602530378721e-01,-3.133767007329030241e-02,7.769443064857779746e-02,1.850079373001387584e-01,1.285246354162292437e-01,4.601819411293265882e-01,4.462773050819156540e-01,-8.980704333440343856e-03,2.026250543441918128e-01,1.667936206451093306e-01,-1.312195502806933443e-02,-1.970132755830948101e-01,8.305719302483420552e-02,-7.336100132603216861e-02,1.128303150639273084e-01,-2.062939735346522308e-01,-3.704732561704011939e-02,-2.091661667863504714e-01,6.482634990232599703e-02,-2.353824730982815028e-01,-9.401999023556170676e-02,-6.025578765256194708e-02,-2.984521212576873514e-02,-1.155541194717240872e-01,-7.452049772412654149e-02,-6.571160272488765774e-02,-3.599303118170595756e-02,-2.209156158975315032e-01,-1.536988414325358432e-01,-8.522146406965179499e-02,-1.699887112603920558e-01,-2.710404697817429126e-02,-1.101262843519698192e-01,4.007603187478298024e-02,4.165270673597250457e-03,-1.427997560270362065e-01,-9.031119265101096583e-02,5.107826498262115628e-02,-3.171817687604804644e-03,9.715190963180059258e-02,7.860352906467532597e-02,-8.050640547908594069e-02,-1.568035165404169096e-02,6.274663978104746270e-03,1.832328592443857032e-03,2.645366803885310092e-02,8.279845757916463878e-02,3.323397346505190669e-02,-1.956178069919783241e-02,7.717480966894539607e-02,1.529963055018455087e-01,8.871817941838128219e-02,-6.993697212603786073e-02
3.895138130945333677e-01,1.683587648021153127e-01,0.000000000000000000e+00,3.188734748773162653e-01,-1.302558010273345834e-01,4.041954701532163297e-02,4.625852454197483254e-01,4.771672823945660169e-01,5.345322877241653458e-04,-7.891424013533180834e-03,4.193334846279697659e-01,2.611451551651809977e-01,2.317586413688113856e-01,1.113710411088809082e-01,-1.281867265391066768e-01,-6.886895918026303409e-02,-2.538229515923781654e-02,7.525030909159848014e-02,3.961949904316414139e-01,4.242698745017176587e-01,-1.590413508938241238e-01,-1.870912781624418375e-01,4.456590838250799047e-01,5.303990888608016707e-01,-9.820760785949116112e-02,6.534509602757530844e-02,-3.009695692162623892e-01,-1.399941081175913038e-01,3.169341877242981553e-01,-9.391352347869326433e-02,2.013007785351229317e-01,3.679697609249358292e-01,-1.193091535460699126e-01,-6.411638091676423283e-04,-9.799486663803284869e-02,-2.608873046023615361e-01,-1.440047345629528186e-01,-2.049566360014227206e-01,-8.067789305425708546e-02,-2.162139514621099767e-01,-2.652422216523251941e-01,-1.074479486965891906e-01,-3.637476377539305417e-01,-4.187248209019860390e-01,-2.744941833889865124e-01,-2.080790654160459829e-01,-3.440343436356657625e-01,-3.647900887886863508e-01,-1.452266360693330316e-01,-1.013086534050250398e-01,-2.967100728692311229e-01,-3.727642169486952012e-02,-1.691219885897482789e-01,-3.205424373067167210e-02,-2.474802604636479331e-01,-2.043873840404273889e-01,1.330915664247405983e-01,1.592833583608800063e-01,1.807766119280765915e-01,1.517133423789146229e-01,3.117285827254092506e-03,9.046106966866906962e-02,-6.033413406828982278e-02,8.617119437768797074e-02,-7.832222334954606902e-02,4.344386083224058975e-02,-1.067129013727534936e-01,-1.230018520412136662e-01,1.615816667174376775e-01,6.969955094969892961e-02,-1.553665958418949944e-01,1.802241869330977464e-01,3.439326101438380801e-01,-1.113711041140511560e-01,-2.908897606407729111e-02,1.394215364191531137e-01,-2.284710670696682155e-01,-2.407632963259955239e-01,3.653893839704382140e-02,8.821319526515191897e-03,-1.481581497620422239e-01,-1.048817566936029178e-01,-1.188391781691403443e-01,-1.053772647444495142e-01,-1.331610285496215573e-01,-9.945030662417284062e-02,-1.121598949289816516e-01,-1.728222761705802135e-01,-1.839824239742243739e-01,-6.023713849386521518e-02,-1.179664963886524753e-01,-2.156040338605231532e-01,-5.427555367177903933e-02,-1.494013458249825455e-01,-7.624905681813931579e-02,-2.384962861628824315e-01,-2.179376223715042971e-01,-1.872312879936333385e-01,-1.960649204472402485e-01,-3.292693586899422820e-01,-2.456763101559257256e-01,-1.923730440583789614e-01,-2.645415089058706926e-01,-2.377422611387828844e-01,-2.616665689435652142e-01,-1.516645439002418660e-01,-1.986451923540249742e-01,-1.947148059324135816e-02,-1.036717702648290093e-02,-9.779233327899572448e-02,-2.789811989500716738e-01,-2.899360130147229930e-01,-2.404361468673786029e-01,-1.549150604908368090e-01,-2.670335019143306732e-01,-1.004141925972297927e-01
3.638272870816591786e-01,2.826106703994943348e-01,3.188734748773162653e-01,0.000000000000000000e+00,2.683209965943655351e-01,3.382495215926693000e-01,5.350932956439977684e-01,4.010056983755959092e-01,3.301199182086356210e-01,2.854615836935021078e-01,1.500573903223116623e-01,2.185583427433128167e-01,3.286351600033113329e-01,2.098229986412592507e-01,2.751253784021780446e-01,2.641109464313077249e-01,-1.776289944093914774e-01,-2.432049161924072084e-02,4.237328562982214386e-01,1.008423216442619341e-01,1.255051163213214416e-01,1.504521006062274624e-01,6.401083266713486486e-01,3.736884624570777635e-01,3.212722060640689214e-01,2.509185097697267941e-01,9.924267570651877646e-02,2.540781122131439695e-01,-1.436760382752792602e-02,2.136695505893664582e-01,2.989347072291831386e-01,3.916502865746606110e-01,1.693789079868945335e-01,1.779389300941751906e-01,-9.607207299674873358e-02,3.760855810038260440e-03,-1.921325925932108880e-01,3.516191650341837782e-02,8.705682325040774855e-03,8.204180697771856767e-02,1.903298711774065871e-02,1.036087126287876248e-01,-1.957381266636581407e-01,-2.381923819977823653e-01,-1.173092874165754113e-01,-3.616209758169814520e-02,-1.359082222237927573e-01,-1.911762583711371366e-01,-9.700768645821927771e-02,-2.018213113672182035e-01,-1.267301569309809417e-01,-1.704827121980637961e-01,-2.060405391642419759e-01,-2.532321867759804723e-01,8.237359178732568676e-02,1.411506752588138347e-01,2.524402622766624416e-01,1.371748767352483078e-01,4.541229502354763442e-02,-1.152886140139826876e-01,8.628516335844960139e-02,-3.350480596594793137e-02,-2.749621326397880261e-01,-1.998057742431662565e-01,-1.529036268836553858e-01,-1.124938189639939218e-01,-1.457575313061339022e-02,1.870343264377829356e-02,1.435636571181237164e-01,1.669520027579639854e-01,3.555022919528242342e-01,1.115368516231840940e-01,1.271698648378111751e-01,3.137712974711587277e-01,-7.330702280344538087e-03,-1.162575695482022525e-01,8.500989908687564545e-02,4.129998815823526792e-02,-2.928369313739916935e-01,-1.372243313074669457e-01,-1.457022599910934024e-01,-2.035318507291068724e-01,-2.968463235932191063e-03,8.295095642058393504e-02,2.310497210969097298e-02,-1.222781660054159114e-01,1.044830448340703655e-01,1.563026632887223877e-01,1.470186499192998042e-01,-8.852956487597389915e-03,-2.616772391585839852e-01,-2.179512515036657327e-01,5.734433065136038121e-02,-1.175765033361137468e-01,-2.056081186959692747e-02,2.037117144024525386e-02,-4.576098090740829405e-02,-1.518500407173814792e-01,-3.208859071505987259e-01,-1.964663312281100804e-01,-5.311701739723519167e-02,-1.051020405606322566e-01,-1.267303749619156650e-01,-3.982578001708601823e-02,-1.861130852211020925e-01,-1.824861541106613805e-01,1.190950742559944986e-01,-2.838193985366170222e-02,3.571513941502409833e-02,7.855845707244120402e-02,-1.041449925163224072e-01,-2.930229373448443586e-01,-8.077906852518300374e-02,4.823214616323802384e-02,-1.191036586181544732e-01,-2.096383431866710723e-01
1.082378331954973738e-01,2.791642578323474955e-02,-1.302558010273345834e-01,2.683209965943655351e-01,0.000000000000000000e+00,6.303843391593940693e-01,2.443796781628501114e-01,9.574302669395209908e-02,7.213457656566174547e-01,7.294115964701710642e-01,-6.904937647753643659e-02,-2.530675468189557895e-03,3.336927516973876018e-01,3.540497111687230802e-01,7.108935365990256550e-01,6.957721116311866849e-01,-9.367602471679246923e-02,-1.767829768380682343e-01,-8.353871387954733829e-02,-1.257687943649155315e-01,5.791859133004281235e-01,5.436186493109191886e-01,1.544139854459246897e-01,2.438229604380372784e-01,6.082535562227221471e-01,5.121342549618920215e-01,6.167944342343362196e-01,5.249359211074664522e-01,-1.032122881817937148e-02,4.200866142628826433e-02,1.154762586109947392e-01,1.781441534894365186e-01,3.224585248122141534e-01,2.803352994169013290e-01,7.738222970529833045e-02,2.241727427037205067e-01,5.184183267093012137e-02,1.200720014571775851e-01,1.623153086655297062e-01,4.005064592905102638e-01,2.586462975260379049e-01,2.772950685375824009e-01,5.017208053907722468e-03,2.429313515705363094e-02,-7.590600580915533857e-02,-4.189088400601154172e-02,1.654544641488859824e-01,4.911739927962833346e-02,-1.652601297602481478e-01,-2.978532300922345777e-01,1.965394114898696629e-02,-3.003145395069027890e-01,3.899931178448939190e-02,-2.135527745744354444e-01,4.779126236319000687e-01,3.769451979388793728e-01,2.769004085746657462e-01,-5.977338822788334088e-02,-5.934525696318916632e-02,-3.300528643362612424e-01,2.283212705453898927e-01,-1.393899716104817776e-01,-1.914161072602683089e-01,-2.706960770312811237e-01,9.888028566665015007e-02,-2.049600065972580765e-01,8.711298810374129564e-02,4.235106475777620366e-02,-1.089958375620998787e-02,7.479279433342368721e-02,4.770947621430709495e-01,2.540926930714574317e-01,-5.866835781032328501e-02,1.528611623037050560e-01,-1.400525432265487535e-01,-3.102989279370360620e-01,3.812059858200153584e-01,2.998125281784589369e-01,-3.601354843592444732e-01,-2.184508951046160441e-01,1.252784086781751904e-01,-9.501327347821003633e-02,3.136660250744714440e-01,4.273927388328569443e-01,3.153542263696859638e-01,1.639452694417552203e-01,4.459579461601648198e-01,4.756807356714003454e-01,5.121043560009843620e-01,3.602995212419576321e-01,-8.082841651493988255e-02,5.316326210558481452e-02,1.759446890277612252e-01,2.111586765330546178e-01,1.497995058179587835e-01,3.709191798051744149e-01,1.681377830941319373e-01,-1.026023864311378757e-02,-1.169966318002585715e-01,5.610880000527922488e-04,2.597541220714033594e-01,2.813700546240172629e-01,2.106687256460528235e-01,2.381980615988525396e-01,3.631365779392937976e-02,-2.593931742538073057e-02,4.370300504279937548e-01,1.689004628499766320e-02,1.175084748993825839e-01,1.738199177765726855e-01,6.100851157852433398e-02,-1.129521183108383869e-01,1.227800762166603998e-01,1.616390738312316888e-01,4.563043546186783955e-02,-1.476504891200774161e-01
1.869252011188443918e-01,7.861741888927442287e-03,4.041954701532163297e-02,3.382495215926693000e-01,6.303843391593940693e-01,0.000000000000000000e+00,2.985863565912337814e-01,1.732208170226189892e-01,7.093478219675209973e-01,7.433635311360945463e-01,8.585483963318737977e-02,6.872315746502508094e-02,3.544295218108756140e-01,2.599452114302944206e-01,6.646390381380580248e-01,6.330598013329969964e-01,-1.592133053312746668e-02,-6.217810838694682457e-02,5.659099259868741877e-02,-9.280078538480369954e-02,5.862579026438201613e-01,6.361297821058515822e-01,3.239259145390756545e-01,2.058843104700861237e-01,6.461794502214464053e-01,4.978113554008153918e-01,5.950690722982883152e-01,6.732481736870136180e-01,5.464402710838256461e-02,2.377456822283416649e-01,2.445880589697431440e-01,2.061187147103472339e-01,2.957004002788712338e-01,2.508441993788045332e-01,2.827840483787005116e-03,1.089450870185744158e-01,6.393716059714409095e-02,1.651654808420682796e-01,2.356491215765748326e-01,4.338187347071044697e-01,2.654632506375947387e-01,3.419890275947550795e-01,-2.518166672204555367e-02,-6.436984956093187715e-02,-1.366340156456986310e-01,-1.077153837214423759e-01,4.484323042008333399e-02,-6.178344380626787924e-02,-2.302471829792285818e-01,-3.476427081702581634e-01,-1.097347809216038667e-01,-2.713612332510258462e-01,-6.477557980902784451e-02,-1.811205840272930578e-01,4.027553551119261166e-01,4.349982282850307080e-01,2.248540982393130438e-01,-7.478976038257320082e-03,-1.561989868006156967e-02,-3.268902592810802310e-01,1.832350738112471789e-01,-1.092739875345314499e-01,-2.322135295554608181e-01,-2.408421639088756672e-01,5.587989257335445464e-02,-2.334129551398802793e-01,-1.569117952488404549e-02,-2.756906171311815368e-02,1.281954407444044902e-02,9.553776809138569970e-02,5.519812465653676226e-01,2.576946028276027589e-01,8.178043067212610118e-04,2.530203191193010626e-01,-7.993177097609106829e-02,-2.880328790767896496e-01,4.235986985143932460e-01,3.601816419750158982e-01,-2.498412970123422561e-01,-2.068517684940545942e-01,9.101458628901605563e-02,-8.435064791498861347e-02,2.783986716699919373e-01,4.129857073457690597e-01,2.195500916631539789e-01,1.635928211024517964e-01,4.302288176969438216e-01,4.425978849695023087e-01,4.911407418374233447e-01,3.730337422883264198e-01,-1.727699059341908372e-01,1.230821128046467525e-02,5.774168970634543235e-02,1.432348214541093734e-01,1.205823917956237029e-01,3.015938590801530705e-01,8.863891120585669359e-02,-2.719829199708970538e-02,-2.109728256494176057e-01,-3.286064074971516841e-02,1.681503748561238021e-01,2.589066945755816862e-01,9.078516944457457050e-02,2.319917188931892027e-01,-6.590056970796477620e-02,-9.075411516263441614e-02,3.758589544238569724e-01,6.573764359136723134e-02,1.030025145607787185e-01,1.769306759002587937e-01,1.043190389245683171e-02,-2.452690128994693963e-01,2.869682787807577642e-02,9.624231151292417241e-02,-1.032891755069925005e-01,-2.388200191912281112e-01
5.751132423583847908e-01,5.581870925008538403e-02,4.625852454197483254e-01,5.350932956439977684e-01,2.443796781628501114e-01,2.985863565912337814e-01,0.000000000000000000e+00,2.528698485496555515e-01,3.549106944215383308e-01,1.967955218606159407e-01,4.317305370879200854e-01,1.041503702996798009e-01,6.091645758424417689e-01,5.977139630416326149e-02,2.978345231264654114e-01,1.543568040783190043e-01,-4.565723649831469888e-02,-1.636034214398358888e-01,3.267057870885043958e-01,2.486256986130201685e-02,1.179269709718642756e-01,6.210616790228922629e-02,6.133405549347774599e-01,3.552966159829544779e-01,2.349989569087537755e-01,1.953013585619614023e-01,5.666307943412172282e-02,2.144915402938553095e-01,2.340466760001833624e-01,9.356063690730430371e-02,2.887839932006809884e-01,3.815367281892142470e-01,1.527195869936240069e-01,1.233077341777786828e-01,-9.732465486783734021e-02,-7.228716965728657073e-02,-2.231191974658500443e-01,-7.032579572471341078e-02,-3.122910206253022916e-02,-4.221099985048765851e-02,-7.150374218214024247e-02,5.615102018360655645e-02,-2.653087026875960430e-01,-2.791270112265120118e-01,-2.409090731876665781e-01,-1.270196338027090033e-01,-1.138451094662790430e-01,-2.471316420245621148e-01,-1.419739752651894005e-01,-2.097401055736617115e-01,-8.435881152718294196e-02,-1.475696973337867202e-01,-9.297595796866195417e-02,-1.461671680891637737e-01,1.371884334359511348e-01,3.259435486592676678e-02,4.189525080986530869e-01,-4.569212676009883761e-02,5.031876212920797370e-02,-1.134479683594006999e-01,2.965900064071202991e-01,-6.914653724190761297e-02,-5.272334050818067164e-02,-1.465086634488957373e-01,2.300634304940398639e-03,-8.735038206681271233e-02,-2.872984301370645061e-02,-1.445069758895281831e-01,1.028863909063378046e-01,2.250714245154853549e-02,3.450333949190306781e-01,6.897701441259365684e-02,2.102665714234637218e-01,1.753428779312940500e-01,-4.821392317210391326e-02,-1.376408170758200433e-01,9.391510329144817093e-02,3.162023590665839073e-02,-3.124093784212114699e-01,-1.368812208387554796e-01,3.179416062829677758e-02,-2.395577959496486553e-01,7.230400692327482127e-04,-1.898225948725611179e-02,1.952703452486242996e-01,-1.724247058016034340e-01,1.193310176822407059e-01,4.657492335374563419e-02,1.432339011320688804e-01,2.407100316154456993e-02,-1.854138759742819942e-01,-9.714139654355882780e-02,1.962015793852027734e-01,5.761005194046370931e-02,4.974960825333343828e-02,-1.700299576695491616e-02,3.332983449915372098e-02,-8.553230328492972268e-02,-2.369451258463138865e-01,-1.342624322362145906e-01,3.341019067567303075e-02,3.756295220586869377e-02,-4.848248945547561917e-02,-5.353570763994315584e-02,-1.216063786592195689e-01,-7.152837993090560564e-02,1.024986095716285406e-01,-4.971470449813399084e-02,5.016233603702396210e-02,1.239562067209633300e-01,-7.640868575079882985e-02,-2.168856784582308128e-01,4.556509159967843392e-02,8.904490389741301359e-02,-6.105018530735750737e-02,-1.676416998974729067e-01
9.437080847787947258e-02,3.234159774163746781e-01,4.771672823945660169e-01,4.010056983755959092e-01,9.574302669395209908e-02,1.732208170226189892e-01,2.528698485496555515e-01,0.000000000000000000e+00,7.295620567504143561e-02,2.542963053699748843e-01,2.996495271163654526e-03,5.664938925320180951e-01,3.230524109244012343e-02,5.234471799477392606e-01,-1.572894679763138862e-02,2.230199995285655490e-01,-1.862390916198437552e-01,2.329323899955890731e-01,2.273040217949858222e-01,4.174104139827405358e-01,4.432442643435847984e-03,2.876201136030785352e-02,2.315296330086005216e-01,6.301820156980781906e-01,1.052242877194900375e-03,2.286368508717542547e-01,-4.347733489336767093e-02,-1.397286041200260925e-02,8.206989917696204395e-02,5.141425764779296304e-02,2.093447992004820180e-01,4.351534072391908259e-01,-3.683378340685844465e-02,1.380898614437039984e-01,-1.150662262720015122e-01,-1.872103460394926033e-01,-9.399201305554172325e-02,-5.471698372197184024e-02,-6.017045686524472720e-02,4.356932922259605656e-02,-2.582758653987849221e-02,4.883517963296653275e-02,-2.995947618680704361e-01,-2.544314122603640871e-01,-3.130061040111726811e-01,-1.847670322643379937e-01,-3.021822171704857674e-01,-3.059297352348829269e-01,-2.911534117156743817e-01,-1.619514361084319065e-01,-3.639401870214776236e-01,-1.247832730945671043e-01,-2.608915886177863852e-01,-1.821065920904402571e-02,-9.016836933612723537e-02,1.142152745570712731e-02,-9.708529172182307071e-03,2.813225309347882619e-01,-1.078676859321459416e-02,2.897262291022087780e-02,-9.440906263608299376e-02,2.130166977087886437e-01,-2.768355181632743411e-01,2.475825157702512547e-01,-1.783267715692655464e-01,2.314186644938181006e-02,-2.041512328249995845e-01,-1.192638266445503192e-01,1.330440188151859326e-01,4.635475268285561140e-02,-1.835394606456300648e-01,3.222320691433708251e-01,1.713845223413165697e-01,-4.207427970667853429e-02,-1.583134379223642141e-01,7.469626959137279365e-02,-1.897502724087306025e-01,-6.674740561640760128e-02,-1.229381133641056778e-01,1.083931692700543931e-01,-3.067871232972408380e-01,2.246629147706113994e-01,-8.154913161238090680e-02,2.376349980690782848e-01,-2.831437259307291732e-01,2.250877509100628615e-01,8.887847616468508294e-02,1.521589892969032465e-01,-6.766481203850037429e-02,2.302416445613715834e-01,-2.667573221277533824e-01,-1.738296463225687261e-01,-1.049815672169512742e-01,-3.192119063516184879e-02,-1.364779064542628317e-01,-3.714230352439539667e-02,-3.419838249445734113e-01,-2.621214095038789105e-01,-3.645441976803907025e-01,-3.704335509973275542e-01,-1.421581250439334088e-01,-3.345122542426615803e-02,-1.076779087512975547e-01,-2.828480828619061790e-02,-2.387263907255882667e-01,-1.779179228293197579e-01,-2.626396155583956768e-02,9.632493802389616167e-02,-2.056419056437117435e-02,-1.409521568683427539e-01,-3.416756741996103686e-01,-4.220490298271207252e-01,-2.421893374863689219e-01,-1.641741861483952958e-01,-2.496158300470452396e-01,-1.727632823494230641e-01
2.690640935744273432e-01,1.028323896528383907e-02,5.345322877241653458e-04,3.301199182086356210e-01,7.213457656566174547e-01,7.093478219675209973e-01,3.549106944215383308e-01,7.295620567504143561e-02,0.000000000000000000e+00,7.459231401147305984e-01,1.415032827176629093e-01,5.570015508234815553e-03,4.916013718019640599e-01,2.049383807726871953e-01,7.626626571312403735e-01,6.697016362807688417e-01,-9.939121216114428503e-02,-1.812793857107452555e-01,7.468561090713984885e-02,-1.749908513101945673e-01,5.062628524731831448e-01,5.420315742526135017e-01,3.572031051542529645e-01,1.648583792772906342e-01,7.049806774136874177e-01,3.885247117187988208e-01,5.722483352562744985e-01,5.455893054050767743e-01,1.206152383659833509e-02,1.619932237380656559e-01,9.976182786160166238e-02,8.762959280285451125e-02,3.095501391172804651e-01,2.447831107374208726e-01,6.929345289260663288e-02,1.772490092302459186e-01,-1.665064979552196081e-02,1.666983690169862586e-01,2.052604760794985161e-01,4.007501422811171055e-01,1.914490047828576735e-01,3.464005353504083784e-01,9.702574016765638408e-04,-5.916148780466929519e-02,-9.202849995586803722e-02,-7.296633081528176856e-02,1.829594474333464948e-01,3.308664207107306354e-02,-1.545014564601280282e-01,-3.107220747367380742e-01,1.000884225422322363e-03,-2.454757084233201714e-01,2.572389879092140674e-02,-1.688650898158831071e-01,4.980232712266193240e-01,4.383987935436767236e-01,3.522857530525749792e-01,-2.920834307136329581e-03,1.295168562505545108e-02,-2.627538603523363880e-01,2.650784600395878488e-01,-8.530156278818182281e-02,-1.542982623015038413e-01,-2.739964435030736722e-01,6.675124231496844251e-02,-1.858085315593887288e-01,1.049216608167861386e-01,2.385820398771656276e-02,7.426152697174370765e-02,1.176225568992798898e-01,5.159005543091105261e-01,1.000407441139310460e-01,9.146649300318218830e-04,2.421421893943939418e-01,-1.329046347912798132e-01,-2.467890211816227697e-01,4.220663229803561234e-01,3.497171788704634410e-01,-3.361779958360917031e-01,-3.383916215376403525e-01,1.662422351092818773e-01,-1.417675590619117409e-01,3.203967869912652811e-01,3.762673104447815664e-01,3.518409803278144121e-01,8.469587127443060914e-02,4.711882067628376802e-01,4.589545212230157212e-01,5.466583691732553874e-01,3.620576764338246933e-01,-1.020311199344563630e-01,1.105036413557288211e-01,2.289129993866513002e-01,2.811316151575374844e-01,1.318466460521458550e-01,3.339839792026251808e-01,1.821905730003123836e-01,2.141548378104358649e-02,-1.294972110889295314e-01,3.052371164240187673e-02,3.265143940887462737e-01,3.014036874235336838e-01,2.267626557872225446e-01,2.749111539398171877e-01,2.261860037010081717e-02,5.154339790839754937e-02,3.841750035209884895e-01,1.675312264429051207e-02,1.446095674611007353e-01,1.906022078521123209e-01,5.934949339824719533e-02,-1.505029779727851125e-01,1.692053115364502702e-01,2.279802087041495340e-01,4.380884344504178129e-02,-1.682456206693361545e-01
9.589623372426937797e-02,8.239960494869814911e-02,-7.891424013533180834e-03,2.854615836935021078e-01,7.294115964701710642e-01,7.433635311360945463e-01,1.967955218606159407e-01,2.542963053699748843e-01,7.459231401147305984e-01,0.000000000000000000e+00,-7.829930540616748813e-02,9.667277592468359604e-02,2.564566502242424106e-01,4.193354666057811375e-01,7.071659297739116834e-01,7.646031627777788442e-01,-1.483210757299045224e-01,-5.797674081901062898e-02,-2.137552804341042237e-02,-5.433701379062932935e-02,5.853381624535396455e-01,6.457342259119712713e-01,2.035387569998149959e-01,2.974250452804266254e-01,6.430580939319612277e-01,4.558686980222779184e-01,6.325491760112653683e-01,5.790455750222824882e-01,-1.505571527617140595e-02,1.144281556769005809e-01,7.836544432990903697e-02,1.650707519733033701e-01,2.633867105997471647e-01,2.504492864083394665e-01,6.298941358970255866e-02,8.894366898157370083e-02,7.165997061482395902e-02,2.144627232709565290e-01,2.405448495573872802e-01,5.034819752712582641e-01,3.170581571742617788e-01,4.010168704010199647e-01,-7.066574134951822406e-02,-1.038489202678367640e-01,-1.404744385521142780e-01,-1.431663658449966736e-01,4.308529712979364268e-02,-8.171783783178121485e-02,-2.602370473137768925e-01,-3.695412766623562550e-01,-1.677998558376001259e-01,-3.279051024836924233e-01,-9.332810491435876432e-02,-1.894291954268014500e-01,4.529143707191170543e-01,4.335230447885796146e-01,2.115104833993662059e-01,4.870618860900594732e-02,-3.576539121949588035e-02,-3.435650266999279445e-01,1.546721504319266138e-01,-8.624151995197934517e-02,-2.998650685089904178e-01,-2.123419735040833478e-01,7.605912962609799599e-02,-2.338524028735571303e-01,-1.512534796305014606e-03,-1.050360808072159369e-02,6.022901767326468980e-02,1.429869465944202112e-01,3.812997214377355504e-01,2.700981074021951422e-01,-3.291806936016693219e-02,1.363385584123023020e-01,-1.625576681263541656e-01,-2.213898847936068004e-01,3.248922095897279205e-01,3.141509058726957293e-01,-3.303368382010007931e-01,-2.088012112460506942e-01,5.130041629529063542e-03,8.535340741152131622e-03,3.537202685095223731e-01,5.405975999037515578e-01,1.795131117025333956e-01,2.408611108727562178e-01,5.353801666321954533e-01,5.860410528338912961e-01,5.073177570076405907e-01,4.894460446890403493e-01,-1.844498305081599121e-01,2.728582816397939759e-02,8.667623709717610370e-02,2.354307193334848891e-01,8.827057331164984977e-02,3.393322270020100451e-01,1.580311413298616727e-03,-1.175521767897999004e-01,-2.674169073034845523e-01,-1.231081036109137744e-01,1.966523724249512328e-01,2.456297613635520516e-01,1.213595189171110672e-01,2.485254582942080515e-01,-9.500753973288440790e-02,-8.690101373836904564e-02,3.575135336564849720e-01,1.036485283316595646e-01,9.593180078382453069e-02,8.797801196835346171e-02,-7.269494376925754453e-02,-2.709575639965463578e-01,1.239875816558572846e-02,5.521027908483978203e-02,-8.595661833166221011e-02,-2.198199253071775328e-01
5.717773435963972029e-01,1.321496796699846432e-01,4.193334846279697659e-01,1.500573903223116623e-01,-6.904937647753643659e-02,8.585483963318737977e-02,4.317305370879200854e-01,2.996495271163654526e-03,1.415032827176629093e-01,-7.829930540616748813e-02,0.000000000000000000e+00,2.313509378623597734e-01,5.862857310160786151e-01,1.132779244485584459e-02,7.725811349249804560e-02,-6.943551007039576450e-02,-1.703263781229540780e-02,3.087103442753092938e-02,2.414008285654868080e-01,1.379265231326137764e-01,-1.214665277455451858e-01,-1.262470329172775130e-01,4.059752238222540388e-01,1.258632650823306720e-01,7.110844598994160715e-02,2.448448244737481960e-02,-1.073288639097829678e-01,6.517714525663598213e-02,3.917085906254477168e-01,1.808512611331626052e-01,1.516218398491138986e-01,2.259822317280957560e-01,9.382243496205877609e-02,8.507594573767239543e-02,-1.965710008889302862e-02,-8.385674877571742958e-02,-1.636832548187766023e-01,-8.177952071067638717e-02,2.663139474828131459e-02,-1.612249693234256154e-01,-3.140009004065899001e-01,1.159477194345847131e-02,-1.531835535385969171e-01,-1.687916676101276214e-01,-1.006377351694890954e-01,6.136182910562102549e-02,-5.591274747825644015e-02,-1.070842915709259158e-01,4.662919029472754190e-02,2.112639094142245225e-02,9.396531435944194266e-02,8.688200441787191641e-02,9.723653875244900324e-02,2.192886858718073005e-03,1.382213939114384973e-03,4.797451437560536908e-02,3.543983678135523285e-01,1.164143612649582299e-01,2.462511986359555149e-01,1.116593077899777214e-01,2.625505945778334738e-01,5.067921950358334621e-02,2.322300554493892388e-01,1.287184525186583495e-01,1.218166173466198737e-01,5.970699850866312969e-02,8.310307544622176634e-02,2.696366269738321997e-02,1.310284004447287709e-01,1.028216538085563320e-01,1.774730766448221198e-01,-6.325301273804188884e-02,2.855947731032449366e-01,1.268470004251326666e-01,3.630793718160085217e-04,-4.794576325985313442e-03,5.736282600729013248e-02,9.986077342788771127e-02,-3.423692771469648982e-02,-1.325023152792264569e-01,8.757767179150283132e-02,-2.222545526871263499e-01,1.045616890993263624e-02,-2.315637154697475497e-01,2.019051855240124871e-01,-1.809580812739549627e-01,-4.267066891060162376e-02,-1.959414448689507371e-01,7.901107696840518890e-02,-8.902833052193200036e-02,-7.448373724682755097e-03,-1.039217713903867607e-01,4.130455018952069318e-02,-8.840538384278348594e-02,7.717628277805434200e-02,-1.457117696916699900e-01,1.492447256811007261e-01,1.359905380371861927e-01,2.012331717730034622e-02,-1.145757532769055287e-02,5.256669331457165112e-02,6.771066873758935234e-02,2.745169964938314403e-02,6.613167350309295117e-03,-3.651056239335637860e-02,4.296904819676324039e-02,-1.037037977001590561e-01,4.184348929486214619e-02,3.270873150962595038e-02,1.007715135726532513e-01,4.222395440945610201e-02,-7.834663351275662768e-02,5.083338373468263699e-02,1.339176923564908972e-01,-4.791831194952928669e-02,-1.774027151001326616e-02
1.729786908511527499e-01,4.080422474100718899e-01,2.611451551651809977e-01,2.185583427433128167e-01,-2.530675468189557895e-03,6.872315746502508094e-02,1.041503702996798009e-01,5.664938925320180951e-01,5.570015508234815553e-03,9.667277592468359604e-02,2.313509378623597734e-01,0.000000000000000000e+00,7.789803399517349070e-02,5.382077777101476057e-01,-1.058174082432278840e-01,1.593204602780614043e-01,-1.376880906034567698e-01,3.646339033995167345e-01,1.156662983052117177e-01,3.078226246631806662e-01,-7.962465322848009952e-02,-8.812194678528624536e-02,1.011961822295436991e-01,4.014870168472557399e-01,-4.766072036540715956e-02,1.870540924549607686e-01,-1.026622256253413162e-01,-6.669767891176370256e-02,1.752272355864659681e-01,2.430790798934318320e-01,2.398927851607183526e-01,4.420768160880237940e-01,1.327632925049003140e-02,1.168098163504925208e-01,-1.025065171722847751e-01,-2.305859574972393966e-01,-1.316050457604958090e-01,-7.966674476162963203e-02,-1.110346053304679809e-01,-5.972960503642916336e-02,-3.921453173136025400e-02,1.135303630905776457e-03,-1.893725707118648627e-01,-1.508808568803596817e-01,-1.138312142746521760e-01,4.778081456764168844e-02,-2.067738773528180751e-01,-1.948511071296440689e-01,-9.528873234527587832e-02,5.736443515516857772e-02,-1.632363478743707463e-01,1.213457264927776252e-01,-1.424340017732063368e-01,1.025151493882082293e-01,-6.761584291050300177e-02,4.245142122133964413e-02,7.211594722582222172e-02,4.125557203125293504e-01,1.529683859416966496e-01,1.995110375923972446e-01,1.775577230705364246e-02,3.319696467650792848e-01,-1.843068055831090790e-01,4.489119657342942049e-01,-1.048696946284428527e-01,2.405018580194251410e-01,-3.364676266721609854e-02,1.900091415203127368e-02,1.970276777262110757e-01,8.811811531650660945e-02,-1.256861441479880381e-01,2.543535703716203744e-01,1.470157305404869996e-01,3.955505032385321640e-02,-1.883554863979033100e-01,4.154293072332208153e-02,-2.266412582358369454e-01,3.711666281625884689e-02,-1.677283939582225047e-01,-7.381830297373535334e-04,-3.564769910950493781e-01,3.136201213276575972e-01,-1.841115227816966238e-01,1.460540397814358571e-01,-2.885898140277513568e-01,2.843917003241897556e-01,-7.575627019689656905e-02,-2.632354683365640061e-02,-1.197886931232758079e-01,1.427447561118897756e-01,-2.434334951385536960e-01,-8.335507692090494969e-02,-8.860254267578882015e-02,9.560260373860887673e-03,-1.603965719576718463e-01,-1.231469546173744462e-01,-2.437883676685602408e-01,-1.072828244038836337e-01,-3.001185153627818347e-01,-2.284110367455309543e-01,-3.557479588405557808e-02,5.254566384419891156e-02,-1.282381872712173984e-03,5.338679294602408781e-02,-1.495681568860396937e-01,-9.223317680499732926e-03,-1.290654310730710574e-01,-3.858084180512769135e-02,-7.586626294339691989e-02,-2.620990858460239825e-02,-1.925808349191202029e-01,-2.972955433265438430e-01,-1.080845550861228022e-01,-1.435187561772337250e-02,-1.072438139613826058e-01,-4.520049769464686007e-02
5.059701906753568679e-01,7.243727182502150697e-02,2.317586413688113856e-01,3.286351600033113329e-01,3.336927516973876018e-01,3.544295218108756140e-01,6.091645758424417689e-01,3.230524109244012343e-02,4.916013718019640599e-01,2.564566502242424106e-01,5.862857310160786151e-01,7.789803399517349070e-02,0.000000000000000000e+00,1.613275020784079583e-01,4.983150553843126440e-01,2.520860095345779928e-01,-1.010539302472570067e-01,-2.730166991013658895e-01,1.872996416730314806e-01,-9.089285955094308922e-02,1.783819240881797108e-01,1.401320165244011318e-01,4.721764507595228033e-01,1.196934859101893012e-01,4.387605527161649865e-01,2.200175673026794898e-01,2.701343253763442420e-01,3.293026260301271102e-01,2.199266178655934212e-01,1.529043069658680420e-01,1.118531425502916760e-01,2.035833219670761807e-01,2.576571421140725349e-01,2.221463593338825759e-01,-1.969849005244065851e-02,1.101006648606121380e-01,-2.929358665130376016e-01,-8.813762674492466379e-03,1.250139807440658890e-02,-2.852724482758202743e-02,-1.449996723385743869e-01,7.588455037704110173e-02,-1.006341700575756198e-01,-1.127522209445408208e-01,-1.172587472211195359e-01,3.672839274215070060e-02,9.660997437560830958e-02,-7.381554465707325374e-02,-2.633649551385051218e-02,-1.794891115673653559e-01,1.259210601439690047e-01,-1.105471551031023125e-01,1.726145651719859231e-01,-1.185444844648635282e-01,2.423460313999159788e-01,1.806377540188888187e-01,5.062538335700571546e-01,-3.829993140425657500e-02,6.856933998503242367e-02,-7.248129788660964690e-02,3.623991259742093685e-01,-7.579310980467128533e-02,9.852243399999173479e-02,-1.443281802991272789e-01,1.531249708973322354e-01,-6.760324291830525911e-02,1.676879741383740796e-01,6.336787492403421485e-02,4.469583613822323415e-02,6.380956557693422126e-02,4.238820489165553429e-01,-8.878962838726928153e-02,1.428686582955874806e-01,2.105139556881571172e-01,-1.224977036552953175e-01,-1.946160222221932357e-01,1.892046443495176145e-01,1.802290304696997081e-01,-2.957305015715218643e-01,-2.430342752286578090e-01,1.541431240622292698e-01,-2.942381844061848772e-01,1.040387034396048072e-01,-9.966513262203915979e-02,4.127551781727860636e-01,-2.272463833540949441e-01,2.232668726295919115e-01,8.376386576841435283e-02,2.820533696395751133e-01,2.024759705876850308e-02,-2.062436342342204715e-02,-6.196989895641354801e-02,1.806843886424270573e-01,4.371009308505815344e-02,9.133262030621253080e-02,4.313816581024831898e-02,2.432238005673092451e-01,1.281525482039812536e-01,-3.571359106796331145e-02,2.363331903499988132e-02,2.253701403630610500e-01,1.630944563077516840e-01,1.615581488756403228e-01,1.095279291194102000e-01,5.702786114382598498e-02,3.172757086380894459e-02,1.101575478367979588e-01,1.239209489811812434e-02,1.510365190314515438e-01,1.725058090131877386e-01,9.260733317246006013e-02,-5.169924421290412325e-02,1.699606002208126354e-01,2.083041064023678224e-01,1.819788299765042958e-02,-1.208364560607365773e-01
