0.000000000000000000e+00,5.981989502906799316e-01,4.410309791564941406e-01,3.957821130752563477e-01,-2.752054333686828613e-01,-7.326446473598480225e-03,4.555835723876953125e-01,3.201290965080261230e-01,5.942266061902046204e-02,-3.075580596923828125e-01,3.190996646881103516e-01,2.849632203578948975e-01,3.657825589179992676e-01,3.109900355339050293e-01,4.587466269731521606e-02,-9.777348488569259644e-02,2.357782423496246338e-01,2.043296694755554199e-01,5.804958343505859375e-01,5.358684062957763672e-01,-9.019602835178375244e-02,-2.111282497644424438e-01,2.338809221982955933e-01,1.846670955419540405e-01,-2.881945669651031494e-01,-3.421650826930999756e-01,-1.104001998901367188e-01,-8.593844622373580933e-02,1.364110112190246582e-01,2.546642161905765533e-02,-3.633224964141845703e-02,6.114735081791877747e-02,2.539204359054565430e-01,1.830499917268753052e-01,-1.739894412457942963e-02,7.448264956474304199e-02,-4.756380617618560791e-02,4.864941164851188660e-02,-2.573113739490509033e-01,-3.199093043804168701e-01,1.578382700681686401e-01,1.490571945905685425e-01,-3.129401803016662598e-02,2.017017155885696411e-01,7.571323215961456299e-02,8.418142795562744141e-02,4.101005569100379944e-02,-4.512556642293930054e-02,3.741403296589851379e-02,1.042764931917190552e-01,-1.202062219381332397e-01,-7.536263018846511841e-02,-2.477025091648101807e-01,-1.993227005004882812e-01,-2.426147460937500000e-01,-1.735485345125198364e-01,5.083262920379638672e-01,4.147492051124572754e-01,3.932253122329711914e-01,1.990159898996353149e-01,3.705199658870697021e-01,1.882442384958267212e-01,2.174626141786575317e-01,2.082427293062210083e-01,1.624489873647689819e-01,-7.345309108495712280e-02,1.684918850660324097e-01,1.287372224032878876e-02,4.128653109073638916e-01,4.025672078132629395e-01,-2.016931585967540741e-02,8.982579410076141357e-02,2.567975819110870361e-01,8.158780634403228760e-02,1.725743524730205536e-02,8.349395543336868286e-02,2.342026680707931519e-01,3.359591066837310791e-01,-1.369233876466751099e-01,3.563380613923072815e-02,-6.171470880508422852e-02,-6.279627978801727295e-02,-1.862840168178081512e-02,5.017004441469907761e-03,-9.856779128313064575e-02,-1.887231916189193726e-01,-8.444124460220336914e-02,-4.317290335893630981e-02,-2.230755984783172607e-01,-2.027474939823150635e-01,-1.077150627970695496e-01,-3.847750602290034294e-03,-2.276441305875778198e-01,-2.317217290401458740e-01,-5.905575677752494812e-02,-4.105854034423828125e-02,-6.504306942224502563e-02,-2.208565734326839447e-02,1.231844276189804077e-01,2.385093718767166138e-01,1.000727415084838867e-01,1.135961040854454041e-01,1.052683815360069275e-01,9.998339414596557617e-02,-5.672115832567214966e-02,8.289524167776107788e-02,-2.978642657399177551e-02,1.053469181060791016e-01,-4.760932934004813433e-04,8.688561618328094482e-02,1.465924233198165894e-01,6.341326236724853516e-02,2.129399217665195465e-02,3.632769361138343811e-02,-1.808442473411560059e-01,3.516406565904617310e-02
5.981989502906799316e-01,0.000000000000000000e+00,3.260994553565979004e-01,4.315542280673980713e-01,-2.899496257305145264e-01,3.936904668807983398e-02,2.321133315563201904e-01,2.718022763729095459e-01,-3.796867653727531433e-02,-2.708816528320312500e-01,6.477764248847961426e-02,2.824697792530059814e-01,1.098271980881690979e-01,2.487746924161911011e-01,-6.200662627816200256e-02,-5.978916585445404053e-02,2.352024316787719727e-01,3.042424917221069336e-01,5.329468250274658203e-01,6.160452961921691895e-01,-1.228128671646118164e-01,-1.586039364337921143e-01,1.992783546447753906e-01,1.840057671070098877e-01,-2.846768796443939209e-01,-3.058441579341888428e-01,-1.858643293380737305e-01,-1.378818601369857788e-01,2.790204249322414398e-02,-6.111914664506912231e-02,-2.110717073082923889e-02,1.596715301275253296e-01,3.811187744140625000e-01,2.025369554758071899e-01,-1.893425583839416504e-01,-6.077846512198448181e-02,-1.746533066034317017e-01,-2.836296148598194122e-02,-3.481492400169372559e-01,-2.469727545976638794e-01,2.521601133048534393e-02,1.795164942741394043e-01,2.641671709716320038e-02,1.955732256174087524e-01,2.415707856416702271e-01,1.521669775247573853e-01,7.619749754667282104e-02,5.092331394553184509e-02,2.014959007501602173e-01,1.635725200176239014e-01,-1.010493040084838867e-01,-2.774108760058879852e-02,-1.768933087587356567e-01,-1.058555021882057190e-01,-3.014246821403503418e-01,-2.100763022899627686e-01,6.480748057365417480e-01,5.495744943618774414e-01,3.516484498977661133e-01,1.890987902879714966e-01,2.209544181823730469e-01,1.359643042087554932e-01,2.172289639711380005e-01,2.239329218864440918e-01,9.625323861837387085e-02,-3.850259631872177124e-02,1.842161864042282104e-01,7.537028938531875610e-02,5.031785964965820312e-01,5.493269562721252441e-01,-1.464229822158813477e-01,1.227644681930541992e-01,2.270888090133666992e-01,1.148745417594909668e-01,2.473356761038303375e-02,4.375933855772018433e-02,1.411373168230056763e-01,2.827936708927154541e-01,-1.652074009180068970e-01,4.438356030732393265e-03,3.731836332008242607e-03,1.006611213088035583e-01,-3.421907499432563782e-02,5.428820848464965820e-02,-1.893326789140701294e-01,-9.204472601413726807e-02,-1.455709785223007202e-01,1.841641403734683990e-02,-3.987194597721099854e-01,-2.173019796609878540e-01,-2.716847062110900879e-01,-7.542891055345535278e-02,-2.707592844963073730e-01,-3.295961022377014160e-01,-1.630331128835678101e-01,-1.759857535362243652e-01,-2.137420624494552612e-01,-1.841348856687545776e-01,4.457952827215194702e-02,9.684246033430099487e-02,1.036775410175323486e-01,-7.391755282878875732e-02,1.999972760677337646e-02,1.266822312027215958e-02,-1.484870612621307373e-01,5.357958376407623291e-02,-1.377528905868530273e-01,1.984058134257793427e-02,4.066899791359901428e-02,6.201229616999626160e-02,5.544019863009452820e-02,3.805558010935783386e-02,-6.375044584274291992e-02,-4.034485295414924622e-02,-1.930445432662963867e-01,4.560905322432518005e-02
4.410309791564941406e-01,3.260994553565979004e-01,0.000000000000000000e+00,5.330330133438110352e-01,-3.186267018318176270e-01,1.173141449689865112e-01,5.975869297981262207e-01,4.601960480213165283e-01,-4.109152778983116150e-02,-2.063674628734588623e-01,4.946142807602882385e-02,1.132037565112113953e-01,1.638087183237075806e-01,-1.578589156270027161e-02,-9.191776067018508911e-02,-8.894704282283782959e-02,9.399592876434326172e-02,-3.356163389980792999e-03,4.986716806888580322e-01,4.094659090042114258e-01,7.246817462146282196e-03,1.219087988138198853e-01,4.954109787940979004e-01,4.725787341594696045e-01,-2.112277150154113770e-01,-2.708156704902648926e-01,8.740013092756271362e-02,7.637069374322891235e-02,-4.617608711123466492e-02,-3.693333268165588379e-02,-2.453622221946716309e-02,-3.966982662677764893e-02,-2.870276337489485741e-03,-3.706744685769081116e-02,-6.098364666104316711e-02,1.443731933832168579e-01,1.812788695096969604e-01,-1.930107176303863525e-02,-8.933681994676589966e-03,-2.321054488420486450e-01,2.894844114780426025e-01,3.063054978847503662e-01,-4.318744540214538574e-01,-1.094971671700477600e-01,-9.040814638137817383e-02,-1.425611823797225952e-01,-1.735144406557083130e-01,-2.195478975772857666e-01,-2.395251989364624023e-01,-1.650409251451492310e-01,-4.974859952926635742e-01,-4.669443368911743164e-01,-5.722202062606811523e-01,-5.595041513442993164e-01,-1.193580627441406250e-01,-1.256370544433593750e-01,1.796740144491195679e-01,6.015747785568237305e-02,1.425070166587829590e-01,9.028103202581405640e-02,1.090634521096944809e-02,5.298288539052009583e-02,5.017613247036933899e-02,1.224813833832740784e-01,8.666867017745971680e-02,1.239034999161958694e-02,2.608882784843444824e-01,2.248036414384841919e-01,2.282798439264297485e-01,7.723361253738403320e-02,3.018174879252910614e-02,-3.518653661012649536e-02,-5.867514014244079590e-02,-1.649489551782608032e-01,-6.418512016534805298e-02,-6.505413353443145752e-02,2.518315613269805908e-01,1.956306248903274536e-01,-1.640247851610183716e-01,-1.711965650320053101e-01,-2.728927135467529297e-01,-2.070019990205764771e-01,1.371176242828369141e-01,8.307281881570816040e-02,-1.137134507298469543e-01,-4.676310420036315918e-01,2.847860753536224365e-01,2.105137407779693604e-01,-1.735110431909561157e-01,-2.801369130611419678e-01,-5.354900285601615906e-02,-1.622467637062072754e-01,-2.777519524097442627e-01,-3.027279675006866455e-01,4.735115915536880493e-02,3.685599565505981445e-02,1.039570048451423645e-01,-9.252990782260894775e-02,2.101712524890899658e-01,3.968583941459655762e-01,3.808151483535766602e-01,1.484709233045578003e-01,5.087555050849914551e-01,4.507659971714019775e-01,2.956980764865875244e-01,2.184993475675582886e-01,3.757154345512390137e-01,2.715915739536285400e-01,7.166897412389516830e-03,2.408834360539913177e-02,2.198713272809982300e-01,1.497349143028259277e-01,2.691010832786560059e-01,2.572969794273376465e-01,-1.940114200115203857e-01,9.197615087032318115e-02
3.957821130752563477e-01,4.315542280673980713e-01,5.330330133438110352e-01,0.000000000000000000e+00,-3.066918849945068359e-01,2.094010561704635620e-01,4.626455605030059814e-01,5.839176177978515625e-01,2.464330382645130157e-02,-2.327942997217178345e-01,1.044530142098665237e-02,3.413075804710388184e-01,1.510675102472305298e-01,1.990407854318618774e-01,-9.606895595788955688e-02,6.664445251226425171e-02,2.005973160266876221e-01,9.793221205472946167e-02,3.870384693145751953e-01,4.654708802700042725e-01,-9.598256647586822510e-02,-7.572998851537704468e-02,3.959265649318695068e-01,5.400677323341369629e-01,-2.363261729478836060e-01,-2.536793351173400879e-01,-9.888138622045516968e-02,2.938782563433051109e-03,7.083670049905776978e-02,-9.208837151527404785e-02,2.006347989663481712e-03,1.754269003868103027e-01,2.766601145267486572e-01,7.286985963582992554e-02,-9.313379228115081787e-02,2.067330628633499146e-01,-1.963808201253414154e-02,1.874187961220741272e-02,-1.770720928907394409e-01,-1.671890914440155029e-01,2.301626205444335938e-01,1.495793312788009644e-01,-2.118115127086639404e-01,3.886638954281806946e-02,-5.864289030432701111e-02,-9.860757738351821899e-02,-9.256011992692947388e-02,-1.259454190731048584e-01,-6.458543241024017334e-02,-6.766855716705322266e-02,-3.293432593345642090e-01,-1.498471647500991821e-01,-5.318251252174377441e-01,-2.446342110633850098e-01,-4.165764153003692627e-01,-1.589845567941665649e-01,2.305115312337875366e-01,4.448850154876708984e-01,2.707381844520568848e-01,3.227427601814270020e-01,4.992137104272842407e-02,3.229768276214599609e-01,1.118278801441192627e-01,2.756893038749694824e-01,1.002297103404998779e-01,2.207310646772384644e-01,3.299704790115356445e-01,3.477715551853179932e-01,2.404683381319046021e-01,2.817020714282989502e-01,-2.226627618074417114e-01,7.167442142963409424e-02,2.033115737140178680e-02,-1.739757210016250610e-01,-1.505587399005889893e-01,6.251823157072067261e-02,2.099076844751834869e-02,2.856199443340301514e-01,-2.607866525650024414e-01,-3.881259262561798096e-02,-3.071819543838500977e-01,-3.455336019396781921e-02,-4.393229633569717407e-02,2.235221266746520996e-01,-3.495858311653137207e-01,-1.054446995258331299e-01,-6.180851534008979797e-02,1.843357384204864502e-01,-4.838555157184600830e-01,-3.835412487387657166e-02,-8.097941428422927856e-02,9.687743335962295532e-02,-1.698187142610549927e-01,-7.491385936737060547e-02,-7.401325553655624390e-02,-4.648654535412788391e-02,-2.155088633298873901e-01,-1.723334640264511108e-01,1.908386871218681335e-02,2.536031007766723633e-01,1.505175828933715820e-01,2.905128598213195801e-01,1.518120318651199341e-01,2.738500237464904785e-01,2.013615891337394714e-02,2.609333693981170654e-01,1.510864961892366409e-02,1.982541680335998535e-01,-1.357738859951496124e-03,1.072342917323112488e-01,1.515541970729827881e-01,4.538079351186752319e-02,8.180575817823410034e-02,7.930408418178558350e-02,-2.028984427452087402e-01,8.144897967576980591e-02
-2.752054333686828613e-01,-2.899496257305145264e-01,-3.186267018318176270e-01,-3.066918849945068359e-01,0.000000000000000000e+00,3.548797592520713806e-02,-3.480065762996673584e-01,-3.737568259239196777e-01,2.141788005828857422e-01,2.936013936996459961e-01,-6.388539075851440430e-02,-2.996041774749755859e-01,-7.423008978366851807e-02,-1.158176288008689880e-01,3.245563507080078125e-01,5.694481730461120605e-02,-1.983243077993392944e-01,-2.633087933063507080e-01,-2.188768833875656128e-01,-2.894813716411590576e-01,3.259103000164031982e-01,1.027166470885276794e-01,-1.536078900098800659e-01,-2.135290354490280151e-01,3.435843288898468018e-01,2.997413873672485352e-01,1.442597210407257080e-01,1.529908925294876099e-01,2.667581895366311073e-03,3.868332132697105408e-02,-1.168674007058143616e-01,-7.028536498546600342e-02,-1.427378132939338684e-02,6.487493216991424561e-02,3.153071552515029907e-02,-1.508562564849853516e-01,1.005874499678611755e-01,1.635806560516357422e-01,2.265401333570480347e-01,1.927668005228042603e-01,-1.039279103279113770e-01,-9.941612929105758667e-02,3.982966020703315735e-02,-6.548238545656204224e-02,-9.827419184148311615e-03,5.080687999725341797e-02,-5.983813107013702393e-02,-3.621703758835792542e-02,1.878111972473561764e-03,3.553779795765876770e-02,1.455754935741424561e-01,3.468867018818855286e-02,2.228813022375106812e-01,1.343193054199218750e-01,1.650425195693969727e-01,1.205601915717124939e-01,-1.676206588745117188e-01,-1.811508834362030029e-01,-2.157997041940689087e-01,-2.257910221815109253e-01,-4.065461084246635437e-02,-2.537929713726043701e-01,-2.858627736568450928e-01,-3.829728364944458008e-01,-7.215185556560754776e-03,-1.993561834096908569e-01,-1.914983093738555908e-01,-1.642840206623077393e-01,-1.549180597066879272e-01,-1.852496713399887085e-01,8.468524366617202759e-02,-4.846163094043731689e-02,-9.176631458103656769e-03,6.881514191627502441e-02,-1.894494518637657166e-03,-8.115503191947937012e-02,-2.502338588237762451e-01,-2.156257629394531250e-01,2.341510504484176636e-01,3.521314263343811035e-02,2.724510133266448975e-01,-6.644000113010406494e-02,9.781130403280258179e-02,7.169624418020248413e-02,3.532666563987731934e-01,1.784425228834152222e-01,1.008596345782279968e-01,7.556347548961639404e-02,2.395977973937988281e-01,7.679160684347152710e-02,-7.301485538482666016e-02,-1.627782545983791351e-02,1.079073455184698105e-02,5.199567228555679321e-02,1.676443964242935181e-01,9.826896339654922485e-02,1.736812293529510498e-01,1.965577751398086548e-01,-1.389018893241882324e-01,-2.060339003801345825e-01,-2.616441249847412109e-01,-4.747556522488594055e-02,-1.453000307083129883e-01,-2.210960388183593750e-01,-4.777432233095169067e-02,-9.873901307582855225e-02,-6.194910779595375061e-02,-1.233178079128265381e-01,-3.562030568718910217e-02,-1.079317182302474976e-01,-2.724983990192413330e-01,-1.523247510194778442e-01,-9.703595191240310669e-02,-1.137860491871833801e-01,1.031574383378028870e-01,-8.153467439115047455e-03
-7.326446473598480225e-03,3.936904668807983398e-02,1.173141449689865112e-01,2.094010561704635620e-01,3.548797592520713806e-02,0.000000000000000000e+00,1.691037565469741821e-01,2.754211425781250000e-01,1.713204532861709595e-01,-1.061609610915184021e-01,-4.564856737852096558e-02,1.232926249504089355e-01,5.685040727257728577e-02,9.797182679176330566e-02,-3.776339814066886902e-02,2.456242777407169342e-02,7.365309167653322220e-03,-3.877912089228630066e-02,-3.823747159913182259e-03,6.274397671222686768e-02,-1.823155768215656281e-02,-2.192541211843490601e-02,-8.093836717307567596e-03,2.934410795569419861e-02,-2.718819014262408018e-04,-1.662221103906631470e-01,-1.341472659260034561e-02,2.283130139112472534e-01,-1.073465030640363693e-02,-1.276790350675582886e-02,-2.635151445865631104e-01,-8.735621348023414612e-03,1.515912711620330811e-01,-9.541614353656768799e-02,-7.222194224596023560e-02,8.037342876195907593e-02,-1.908296048641204834e-01,-3.286170214414596558e-02,-2.776196599006652832e-02,-1.625874787569046021e-01,2.618987560272216797e-01,-1.232780609279870987e-02,-1.045642420649528503e-01,-3.130580065771937370e-03,-1.466440111398696899e-01,-1.980084478855133057e-01,-1.736464947462081909e-01,-1.681133508682250977e-01,-9.077917039394378662e-02,-9.304923564195632935e-02,-9.872686117887496948e-02,-6.401336938142776489e-02,-1.063996180891990662e-01,-6.625894457101821899e-02,-2.797017991542816162e-01,-1.705130487680435181e-01,-1.218980401754379272e-01,6.573173403739929199e-02,1.452809423208236694e-01,1.868336647748947144e-01,1.521777063608169556e-01,2.403215914964675903e-01,9.349230676889419556e-02,1.511981636285781860e-01,1.480108201503753662e-01,2.125667631626129150e-01,2.445083111524581909e-01,2.111579924821853638e-01,-7.621712982654571533e-02,3.932325914502143860e-02,-1.294219195842742920e-01,-1.138997450470924377e-01,-9.042677283287048340e-02,-5.859339609742164612e-02,-3.683298453688621521e-02,4.071749746799468994e-02,-1.326020956039428711e-01,1.175016239285469055e-01,2.741243876516819000e-02,-7.444895803928375244e-02,-8.333702385425567627e-02,8.588575571775436401e-02,-5.544799938797950745e-02,1.772516667842864990e-01,-1.175342351198196411e-01,-7.705503702163696289e-02,-1.685732044279575348e-02,-2.262911759316921234e-02,-1.159804016351699829e-01,-2.220598608255386353e-02,1.869660317897796631e-01,2.017115801572799683e-01,1.453738659620285034e-01,1.121232733130455017e-01,7.381070405244827271e-02,2.053844183683395386e-01,-7.934506051242351532e-03,-1.484585106372833252e-01,4.056030511856079102e-02,1.681940853595733643e-01,1.719233095645904541e-01,2.034667730331420898e-01,3.306704759597778320e-02,-1.464120345190167427e-03,-1.026375591754913330e-02,1.042425781488418579e-01,-4.958749189972877502e-02,-1.352210938930511475e-01,8.081914857029914856e-03,2.115522921085357666e-01,5.287579447031021118e-02,7.321181148290634155e-02,1.545258760452270508e-01,1.847354024648666382e-01,1.877521127462387085e-01,9.305214136838912964e-02
4.555835723876953125e-01,2.321133315563201904e-01,5.975869297981262207e-01,4.626455605030059814e-01,-3.480065762996673584e-01,1.691037565469741821e-01,0.000000000000000000e+00,6.401360630989074707e-01,8.566527813673019409e-02,-2.473965436220169067e-01,1.424887180328369141e-01,2.447718828916549683e-01,2.972482144832611084e-01,1.619758009910583496e-01,-8.061560988426208496e-02,-3.775574639439582825e-02,1.133589744567871094e-01,7.609730213880538940e-02,3.758894205093383789e-01,3.131579160690307617e-01,-7.221781462430953979e-02,-4.258225485682487488e-02,2.888189852237701416e-01,2.783905565738677979e-01,-2.679555118083953857e-01,-2.830104827880859375e-01,-3.018973395228385925e-02,7.291737943887710571e-02,1.125058382749557495e-01,2.684170939028263092e-02,3.257256001234054565e-03,4.186802729964256287e-02,4.436612501740455627e-02,1.860201172530651093e-02,-4.744311049580574036e-02,1.269311755895614624e-01,-1.392451394349336624e-02,-1.167466267943382263e-01,-1.180283501744270325e-01,-2.013158649206161499e-01,2.262544184923171997e-01,1.215779110789299011e-01,-2.795693576335906982e-01,-5.947454273700714111e-02,-2.187410742044448853e-01,-2.342752963304519653e-01,-1.799842119216918945e-01,-2.314989268779754639e-01,-2.365596294403076172e-01,-2.300261557102203369e-01,-3.026250600814819336e-01,-2.944487333297729492e-01,-3.800751268863677979e-01,-3.321000635623931885e-01,-2.390491217374801636e-01,-1.927535235881805420e-01,3.126098588109016418e-02,1.404633671045303345e-01,2.452466040849685669e-01,2.306399196386337280e-01,1.980043649673461914e-01,3.526755273342132568e-01,2.232827544212341309e-01,3.904482424259185791e-01,1.262688934803009033e-01,1.436010599136352539e-01,2.198582738637924194e-01,1.472168415784835815e-01,5.164962261915206909e-02,3.036212548613548279e-02,1.357749104499816895e-02,7.311303913593292236e-02,3.242010995745658875e-02,-6.130515784025192261e-02,-9.195356816053390503e-02,3.346716519445180893e-03,2.518900930881500244e-01,2.840719819068908691e-01,-2.178304642438888550e-01,-4.080092906951904297e-02,-2.552176117897033691e-01,-1.080729514360427856e-01,1.120045967400074005e-02,-2.115729264914989471e-02,-2.416146844625473022e-01,-3.416427373886108398e-01,8.633605390787124634e-02,-3.334052115678787231e-02,-1.694669425487518311e-01,-1.445651054382324219e-01,1.162656247615814209e-01,5.481935292482376099e-02,-7.385034859180450439e-02,-4.806057736277580261e-02,-3.684986755251884460e-02,-2.153044566512107849e-02,-7.024343311786651611e-02,-1.323140859603881836e-01,1.076085641980171204e-01,3.058723509311676025e-01,2.475016117095947266e-01,2.752725780010223389e-01,2.476022839546203613e-01,2.630370557308197021e-01,4.876233264803886414e-02,8.325170725584030151e-02,1.360311508178710938e-01,1.644189953804016113e-01,3.600667789578437805e-02,1.999370753765106201e-02,2.296634614467620850e-01,9.991830587387084961e-02,1.385463029146194458e-01,1.313127130270004272e-01,-1.507451087236404419e-01,8.297348767518997192e-02
3.201290965080261230e-01,2.718022763729095459e-01,4.601960480213165283e-01,5.839176177978515625e-01,-3.737568259239196777e-01,2.754211425781250000e-01,6.401360630989074707e-01,0.000000000000000000e+00,7.516349107027053833e-02,-1.868181228637695312e-01,-1.274120993912220001e-02,3.644509315490722656e-01,1.687367111444473267e-01,2.406229674816131592e-01,-1.949250102043151855e-01,-4.655480384826660156e-02,7.559536397457122803e-02,5.951385572552680969e-02,2.509440481662750244e-01,3.674411773681640625e-01,-8.607101440429687500e-02,-1.531921885907649994e-02,1.456023454666137695e-01,3.318334817886352539e-01,-2.996119558811187744e-01,-2.943843901157379150e-01,-7.838194817304611206e-02,5.734070762991905212e-02,7.546362280845642090e-02,-4.541230946779251099e-02,1.138138584792613983e-02,1.504915505647659302e-01,1.254891455173492432e-01,7.324922829866409302e-02,-1.486839205026626587e-01,1.304236650466918945e-01,-5.907325446605682373e-02,-1.755764782428741455e-01,-1.432618945837020874e-01,-2.041005343198776245e-01,1.757813096046447754e-01,1.225007697939872742e-01,-2.418678998947143555e-01,-1.750367134809494019e-02,-1.583780497312545776e-01,-1.683419048786163330e-01,-1.506245881319046021e-01,-1.637184172868728638e-01,-9.971638768911361694e-02,-1.115826740860939026e-01,-2.092964649200439453e-01,-1.416392922401428223e-01,-3.923863470554351807e-01,-2.517659068107604980e-01,-2.782052457332611084e-01,-1.327937543392181396e-01,5.856703035533428192e-03,3.075613379478454590e-01,2.662605047225952148e-01,3.483234643936157227e-01,1.343465596437454224e-01,5.142985582351684570e-01,2.653010487556457520e-01,5.435224771499633789e-01,8.429823443293571472e-03,2.611635625362396240e-01,1.447309702634811401e-01,2.080799043178558350e-01,1.651190221309661865e-02,9.367245435714721680e-02,-8.423988521099090576e-02,1.039898246526718140e-01,7.683423161506652832e-02,-1.131545677781105042e-01,-7.196550071239471436e-02,9.674189239740371704e-02,1.411616653203964233e-01,2.816200554370880127e-01,-2.677122354507446289e-01,-1.151424571871757507e-01,-3.166364729404449463e-01,-1.159672662615776062e-01,-1.395899616181850433e-02,1.325012594461441040e-01,-4.055777192115783691e-01,-2.138419449329376221e-01,-2.136539481580257416e-02,1.315510272979736328e-02,-3.371778428554534912e-01,-7.790275663137435913e-02,1.615524739027023315e-01,6.470097601413726807e-02,-9.144456125795841217e-03,1.706979237496852875e-03,-7.278651744127273560e-02,-6.953791528940200806e-02,-1.812905371189117432e-01,-2.306208014488220215e-01,9.992110729217529297e-02,3.479820787906646729e-01,2.818091213703155518e-01,3.258811235427856445e-01,1.940233409404754639e-01,2.512995898723602295e-01,3.384711965918540955e-02,1.470358669757843018e-01,4.860205575823783875e-02,9.654525667428970337e-02,2.657503634691238403e-02,4.989754036068916321e-02,1.922049969434738159e-01,1.135110408067703247e-01,1.108810380101203918e-01,1.094947382807731628e-01,-1.608585566282272339e-01,5.745863541960716248e-02
5.942266061902046204e-02,-3.796867653727531433e-02,-4.109152778983116150e-02,2.464330382645130157e-02,2.141788005828857422e-01,1.713204532861709595e-01,8.566527813673019409e-02,7.516349107027053833e-02,0.000000000000000000e+00,2.963275313377380371e-01,1.297293156385421753e-01,1.310634166002273560e-01,2.801364958286285400e-01,1.815017163753509521e-01,3.730023503303527832e-01,3.572742342948913574e-01,-6.401728838682174683e-02,-1.502603106200695038e-02,9.137289598584175110e-03,-4.279463086277246475e-03,-5.094017460942268372e-02,-1.286893784999847412e-01,1.326654404401779175e-01,1.413714438676834106e-01,4.297689348459243774e-02,1.540289819240570068e-01,2.014142647385597229e-02,1.923892796039581299e-01,1.299519836902618408e-01,1.951245404779911041e-02,1.405972242355346680e-01,1.932490468025207520e-01,1.295340657234191895e-01,1.237994879484176636e-01,9.002769738435745239e-02,5.930534750223159790e-02,-2.276468425989151001e-01,-6.276483088731765747e-02,-1.029848679900169373e-01,-5.139626096934080124e-03,-4.879460483789443970e-02,-8.551479876041412354e-02,9.833613783121109009e-02,8.936578780412673950e-02,-2.230902612209320068e-01,-1.026028916239738464e-01,4.448817297816276550e-02,5.612355098128318787e-02,-1.291573941707611084e-01,-1.751421764492988586e-02,1.215333119034767151e-02,9.905946440994739532e-03,-6.413792725652456284e-03,2.090290337800979614e-01,-1.127195432782173157e-01,-1.404308713972568512e-02,-1.598533391952514648e-01,1.254854947328567505e-01,1.020299419760704041e-01,1.075557991862297058e-01,2.569049894809722900e-01,2.076273113489151001e-01,-3.163406252861022949e-02,1.257192343473434448e-02,2.409410327672958374e-01,1.720756292343139648e-01,1.546024382114410400e-01,2.018238045275211334e-02,-8.863095939159393311e-02,6.494348496198654175e-02,8.077973127365112305e-02,1.478125602006912231e-01,2.284691929817199707e-01,9.201781451702117920e-02,-6.988485157489776611e-02,1.824431493878364563e-02,3.329196944832801819e-02,1.494314372539520264e-01,-1.422556340694427490e-01,1.283311694860458374e-01,-4.724514111876487732e-02,1.448049559257924557e-03,-1.100177094340324402e-01,7.895689457654953003e-02,-4.116432368755340576e-02,2.396205216646194458e-01,-1.202701553702354431e-01,-6.512901186943054199e-02,-3.493385389447212219e-02,2.237842231988906860e-01,7.065908610820770264e-02,2.113921195268630981e-01,1.914874836802482605e-02,2.443669736385345459e-01,-4.166448116302490234e-02,-9.912244230508804321e-02,-1.656275093555450439e-01,8.303309790790081024e-03,-4.988363385200500488e-02,-9.901606477797031403e-03,-1.471722722053527832e-01,2.989253997802734375e-01,-1.601616889238357544e-01,-7.397401332855224609e-02,-1.927422285079956055e-01,4.823535308241844177e-02,-2.368792444467544556e-01,-3.811933472752571106e-02,-8.272616192698478699e-03,3.819607198238372803e-02,1.052033528685569763e-01,-7.676540873944759369e-03,-1.152398064732551575e-01,-1.111109480261802673e-01,9.523103386163711548e-02,-1.428562798537313938e-03
-3.075580596923828125e-01,-2.708816528320312500e-01,-2.063674628734588623e-01,-2.327942997217178345e-01,2.936013936996459961e-01,-1.061609610915184021e-01,-2.473965436220169067e-01,-1.868181228637695312e-01,2.963275313377380371e-01,0.000000000000000000e+00,3.171861916780471802e-02,-1.345390733331441879e-02,-3.186670131981372833e-03,5.468179006129503250e-03,2.744355201721191406e-01,2.774055302143096924e-01,-1.892840713262557983e-01,-1.672206223011016846e-01,-1.232664883136749268e-01,-2.962028384208679199e-01,6.530087441205978394e-02,1.058584749698638916e-01,3.662795946002006531e-02,4.939173534512519836e-02,2.348385155200958252e-01,4.578317403793334961e-01,2.492324560880661011e-01,1.449541002511978149e-01,-6.926932185888290405e-02,-9.047519415616989136e-03,2.455479502677917480e-01,-1.254418399184942245e-02,-2.232271581888198853e-01,9.317976422607898712e-03,-2.611125120893120766e-03,-2.024902552366256714e-01,3.402927424758672714e-03,-1.463454365730285645e-01,1.247620657086372375e-01,1.545407027006149292e-01,-2.702319920063018799e-01,-1.135335564613342285e-01,-1.018968373537063599e-01,-2.465336471796035767e-01,-1.626330316066741943e-01,-1.063897311687469482e-01,-1.119256690144538879e-01,-1.157825738191604614e-01,-1.627273410558700562e-01,-1.145727783441543579e-01,-6.850777566432952881e-02,-1.459674537181854248e-01,-7.645179983228445053e-03,2.243085578083992004e-02,1.912883073091506958e-01,1.332430839538574219e-01,-1.998617798089981079e-01,-2.148832529783248901e-01,-3.864962458610534668e-01,-3.127445280551910400e-01,-1.329009532928466797e-01,-1.437138617038726807e-01,-1.205015629529953003e-01,-1.755493581295013428e-01,-2.374174818396568298e-02,6.957584619522094727e-02,-2.767184078693389893e-01,-1.446703225374221802e-01,-1.913386732339859009e-01,-2.725222408771514893e-01,2.407039999961853027e-01,5.284043401479721069e-02,8.089433610439300537e-02,3.400556743144989014e-02,8.129703998565673828e-02,-1.430210173130035400e-01,-4.962486028671264648e-02,-2.677530646324157715e-01,-6.413367390632629395e-02,-7.224907726049423218e-02,-1.895776949822902679e-02,-1.877298355102539062e-01,-9.767839685082435608e-03,-8.818408101797103882e-02,1.954033821821212769e-01,1.397890299558639526e-01,1.952747851610183716e-01,1.215692684054374695e-01,1.405063420534133911e-01,1.878482401371002197e-01,-2.499731183052062988e-01,-2.425107657909393311e-01,-2.257926911115646362e-01,-7.137086242437362671e-02,9.874485433101654053e-03,-1.131870672106742859e-01,4.234502464532852173e-02,4.254001006484031677e-02,-2.538290917873382568e-01,-2.909677624702453613e-01,-2.760094106197357178e-01,-1.286300420761108398e-01,-8.486778289079666138e-02,-5.495402216911315918e-02,-6.762565672397613525e-02,-1.378141939640045166e-01,7.926370203495025635e-02,1.275898236781358719e-02,-8.579259365797042847e-02,-9.929195046424865723e-02,-2.034630924463272095e-01,-1.443386226892471313e-01,-2.072668522596359253e-01,-1.199287399649620056e-01,6.495711207389831543e-02,-1.589010208845138550e-01
3.190996646881103516e-01,6.477764248847961426e-02,4.946142807602882385e-02,1.044530142098665237e-02,-6.388539075851440430e-02,-4.564856737852096558e-02,1.424887180328369141e-01,-1.274120993912220001e-02,1.297293156385421753e-01,3.171861916780471802e-02,0.000000000000000000e+00,2.259713560342788696e-01,5.610503554344177246e-01,3.168419003486633301e-01,3.000751137733459473e-01,1.697369664907455444e-01,3.645373284816741943e-01,2.644564807415008545e-01,1.917342692613601685e-01,5.419954657554626465e-02,-1.015475317835807800e-01,-9.934105724096298218e-02,1.333592832088470459e-01,1.063880627043545246e-03,6.667872518301010132e-02,-8.196049183607101440e-02,2.170988172292709351e-02,-1.047642827033996582e-01,3.772283792495727539e-01,3.123115897178649902e-01,1.597045212984085083e-01,4.201426729559898376e-02,-3.438281267881393433e-02,-1.212529540061950684e-01,6.488093733787536621e-02,-6.384057551622390747e-02,-4.002302139997482300e-02,1.570534408092498779e-01,-1.994479149580001831e-01,-9.252583235502243042e-02,1.746392436325550079e-02,-8.616093546152114868e-02,2.039977461099624634e-01,2.226585596799850464e-01,-2.349003404378890991e-02,3.857643529772758484e-02,2.866538800299167633e-02,1.936684548854827881e-02,-2.913955785334110260e-02,-7.588208466768264771e-02,-2.413834631443023682e-02,7.301762700080871582e-03,-5.091910064220428467e-02,3.511502966284751892e-02,-1.482190191745758057e-01,-1.359078586101531982e-01,8.647590130567550659e-02,-7.947304286062717438e-03,-1.291533280164003372e-02,-1.478248387575149536e-01,1.808248013257980347e-01,4.281707480549812317e-02,1.983339637517929077e-01,6.539779156446456909e-02,3.688389360904693604e-01,1.152808368206024170e-01,-2.333485893905162811e-02,-1.978904008865356445e-01,8.686914108693599701e-03,8.903511613607406616e-02,3.872492164373397827e-02,-2.862737514078617096e-02,1.086677908897399902e-01,1.199139207601547241e-01,2.091898024082183838e-02,4.255689308047294617e-02,1.228803768754005432e-01,7.038680464029312134e-02,7.494721561670303345e-02,2.764467597007751465e-01,-3.781759645789861679e-03,-8.054219186305999756e-02,-2.695471346378326416e-01,-1.879341304302215576e-01,1.739017367362976074e-01,-7.158591412007808685e-03,-1.712444424629211426e-01,-1.426592618227005005e-01,4.226769134402275085e-02,-1.779882609844207764e-02,-1.310426741838455200e-01,1.221183538436889648e-01,-7.475072145462036133e-02,7.485883682966232300e-02,5.446355789899826050e-02,1.476180106401443481e-01,3.988716378808021545e-02,1.944581270217895508e-01,-1.519566215574741364e-02,-1.396895665675401688e-02,-1.907739043235778809e-01,2.895414270460605621e-02,-1.582472920417785645e-01,-1.326044797897338867e-01,-2.707286477088928223e-01,-2.347081601619720459e-01,-1.506393998861312866e-01,3.345728293061256409e-02,-4.147627577185630798e-02,1.207526922225952148e-01,-9.272269904613494873e-02,-1.678279191255569458e-01,-1.702407896518707275e-01,-9.045550227165222168e-02,-2.039397694170475006e-02,-2.267749980092048645e-02
2.849632203578948975e-01,2.824697792530059814e-01,1.132037565112113953e-01,3.413075804710388184e-01,-2.996041774749755859e-01,1.232926249504089355e-01,2.447718828916549683e-01,3.644509315490722656e-01,1.310634166002273560e-01,-1.345390733331441879e-02,2.259713560342788696e-01,0.000000000000000000e+00,3.280275762081146240e-01,4.447911977767944336e-01,3.796228766441345215e-02,2.066980153322219849e-01,2.867690622806549072e-01,4.162962734699249268e-01,1.049404516816139221e-01,2.462005615234375000e-01,-3.626728355884552002e-01,-2.359275668859481812e-01,1.078349053859710693e-01,2.167571634054183960e-01,-1.162358149886131287e-01,-9.249027073383331299e-02,-1.189108267426490784e-01,3.305587172508239746e-02,9.173206239938735962e-02,7.392206043004989624e-02,3.520399034023284912e-01,3.902372717857360840e-01,2.456473261117935181e-01,5.587184429168701172e-02,-9.525021910667419434e-02,9.226586669683456421e-02,-3.020479083061218262e-01,-1.330213695764541626e-01,-3.150195181369781494e-01,6.299648433923721313e-03,-1.452893316745758057e-01,-1.412092447280883789e-01,1.999803036451339722e-01,2.937026321887969971e-01,1.146533153951168060e-02,8.009306341409683228e-02,1.100416034460067749e-01,1.385651081800460815e-01,6.386923789978027344e-02,1.262829452753067017e-01,-4.701016470789909363e-03,1.290296465158462524e-01,-1.166392415761947632e-01,1.508967019617557526e-02,-3.675894737243652344e-01,-1.931668519973754883e-01,1.254504173994064331e-01,3.324708342552185059e-01,2.506501376628875732e-01,2.718732059001922607e-01,2.151508927345275879e-01,2.940278053283691406e-01,2.607239186763763428e-01,3.801101148128509521e-01,1.979013085365295410e-01,3.477792441844940186e-01,1.513401120901107788e-01,2.011623084545135498e-01,-1.758089102804660797e-02,2.021508067846298218e-01,6.856125593185424805e-02,2.600034773349761963e-01,1.367721557617187500e-01,9.571412950754165649e-02,1.101074591279029846e-01,2.095755338668823242e-01,1.469761282205581665e-01,3.203701376914978027e-01,-4.032593667507171631e-01,9.785460680723190308e-02,-3.173261284828186035e-01,-3.111697547137737274e-02,-4.524463415145874023e-01,-2.139560431241989136e-01,-2.351234406232833862e-01,9.543173760175704956e-02,-1.484697461128234863e-01,-7.100678980350494385e-02,-3.057274222373962402e-01,4.757045768201351166e-03,-2.225075848400592804e-02,9.477072954177856445e-02,-1.970324199646711349e-03,-6.063412502408027649e-02,-3.799739480018615723e-01,-3.191780447959899902e-01,-3.836303055286407471e-01,-2.605983614921569824e-01,-7.613103371113538742e-03,-6.973124295473098755e-02,-4.270926117897033691e-02,9.818888455629348755e-02,-1.466017365455627441e-01,-5.488613992929458618e-02,-1.838448643684387207e-01,-1.002421155571937561e-01,-1.938896924257278442e-01,-5.294536706060171127e-03,-1.121525838971138000e-01,2.528220415115356445e-01,1.272558569908142090e-01,-3.067135997116565704e-02,-2.686453163623809814e-01,-2.543234527111053467e-01,-1.580569446086883545e-01,-1.022508591413497925e-01
3.657825589179992676e-01,1.098271980881690979e-01,1.638087183237075806e-01,1.510675102472305298e-01,-7.423008978366851807e-02,5.685040727257728577e-02,2.972482144832611084e-01,1.687367111444473267e-01,2.801364958286285400e-01,-3.186670131981372833e-03,5.610503554344177246e-01,3.280275762081146240e-01,0.000000000000000000e+00,4.798671603202819824e-01,4.083396792411804199e-01,1.902400553226470947e-01,2.215279042720794678e-01,2.723485231399536133e-01,1.777740120887756348e-01,1.339922100305557251e-01,-1.425030529499053955e-01,-1.931985765695571899e-01,1.626878380775451660e-01,9.194441139698028564e-03,-4.593342542648315430e-02,-1.595773547887802124e-01,-1.537168025970458984e-01,-1.546753942966461182e-01,2.201825678348541260e-01,1.757006943225860596e-01,7.245634496212005615e-02,1.574378609657287598e-01,1.754537969827651978e-01,-3.323727473616600037e-02,-1.106999907642602921e-02,6.440590322017669678e-02,-1.419304013252258301e-01,1.853978782892227173e-01,-2.526519596576690674e-01,-2.552566491067409515e-02,1.630822941660881042e-02,-6.132576614618301392e-02,1.722706854343414307e-01,2.167232483625411987e-01,-9.424484521150588989e-02,-5.525340512394905090e-02,-9.301874786615371704e-03,-5.303870141506195068e-02,-4.872728139162063599e-02,-4.892727732658386230e-02,-2.547228522598743439e-02,1.497604511678218842e-02,-7.223308831453323364e-02,-1.567354612052440643e-02,-2.789792120456695557e-01,-2.665219008922576904e-01,4.923959821462631226e-02,5.920771509408950806e-02,1.217098906636238098e-01,-1.686972798779606819e-03,3.753201067447662354e-01,1.752190440893173218e-01,2.153742611408233643e-01,2.377362102270126343e-01,4.762641787528991699e-01,2.404416203498840332e-01,1.219391673803329468e-01,3.675810294225811958e-03,-2.254978567361831665e-02,1.982105970382690430e-01,1.021658852696418762e-01,6.870566308498382568e-02,1.360328644514083862e-01,2.042617201805114746e-01,-2.219571731984615326e-02,1.376968026161193848e-01,1.072760373353958130e-01,2.108154892921447754e-01,-9.576543420553207397e-02,1.295511126518249512e-01,8.359323255717754364e-03,-2.039157040417194366e-02,-2.010347843170166016e-01,-1.469592899084091187e-01,9.518025070428848267e-02,-7.250088453292846680e-02,-9.099162369966506958e-02,-1.367694437503814697e-01,3.791170893236994743e-03,-5.369758978486061096e-02,2.688754815608263016e-03,2.270767837762832642e-01,5.807076767086982727e-02,7.243515551090240479e-02,-9.568160027265548706e-02,-8.342524059116840363e-03,-1.564056724309921265e-01,-4.890016838908195496e-02,2.483875118196010590e-02,-4.244459047913551331e-02,-9.385734051465988159e-02,-1.186889596283435822e-02,-2.112944126129150391e-01,-2.208075821399688721e-01,-2.448033839464187622e-01,-2.340545654296875000e-01,-2.087686806917190552e-01,-3.610053285956382751e-02,5.897314473986625671e-02,5.794522166252136230e-02,-4.702553153038024902e-02,-2.081941813230514526e-01,-2.266041487455368042e-01,-2.061134278774261475e-01,-1.769840121269226074e-01,5.602508038282394409e-02
