0.000000000000000000e+00,5.657446384429931641e-01,9.341009706258773804e-02,2.869854569435119629e-01,-1.638371050357818604e-01,-9.411916136741638184e-02,3.602364063262939453e-01,1.970989406108856201e-01,-2.707259058952331543e-01,-2.677587866783142090e-01,3.165504932403564453e-01,3.711000978946685791e-01,2.784810066223144531e-01,-5.397073179483413696e-02,-2.912895381450653076e-01,-2.565492689609527588e-01,1.332532316446304321e-01,-1.223866045475006104e-01,5.201371908187866211e-01,4.865189790725708008e-01,-1.648044288158416748e-01,-1.457449495792388916e-01,1.892655193805694580e-01,1.952280476689338684e-02,-1.099513694643974304e-01,-9.972050786018371582e-02,-1.079484298825263977e-01,-1.426159888505935669e-01,1.295851077884435654e-02,-2.357099205255508423e-01,-1.016897056251764297e-02,1.279213726520538330e-01,4.641081988811492920e-01,4.226510822772979736e-01,-1.187082193791866302e-02,1.529273688793182373e-01,6.775042414665222168e-02,6.668296456336975098e-02,-1.904832124710083008e-01,-2.327239699661731720e-02,-4.482553154230117798e-02,-9.714886546134948730e-04,-5.818870663642883301e-02,-2.425001375377178192e-02,1.107936277985572815e-01,-4.179969802498817444e-02,1.019467040896415710e-01,4.363051801919937134e-02,4.595854133367538452e-02,-2.461583912372589111e-02,-5.546849966049194336e-02,7.668890804052352905e-02,-1.811206638813018799e-01,-8.153894543647766113e-02,-2.574292123317718506e-01,-5.821359530091285706e-02,6.584383249282836914e-01,4.995075166225433350e-01,4.163877964019775391e-01,3.952623903751373291e-01,3.639389276504516602e-01,3.627780377864837646e-01,4.251531660556793213e-01,2.543829381465911865e-01,-2.218829244375228882e-01,-1.490505225956439972e-02,2.864779531955718994e-01,3.529929816722869873e-01,4.989422857761383057e-01,3.007108867168426514e-01,-2.418755739927291870e-01,-1.208434775471687317e-01,-1.212008446455001831e-01,-2.587804496288299561e-01,2.233750559389591217e-02,2.194750607013702393e-01,-4.734771326184272766e-02,-4.902163986116647720e-03,-3.388639912009239197e-02,-1.194770112633705139e-01,-1.535417735576629639e-01,-1.590859740972518921e-01,-1.342446208000183105e-01,-1.055940166115760803e-01,-2.510130405426025391e-01,9.863100945949554443e-02,-2.335291802883148193e-01,-1.194503828883171082e-01,-2.611201107501983643e-01,-5.193708464503288269e-02,1.492336508817970753e-03,2.057412825524806976e-02,2.111995667219161987e-01,-2.752683684229850769e-02,-5.470548197627067566e-02,-1.063148211687803268e-02,-7.067285478115081787e-02,1.396412253379821777e-01,-1.679085940122604370e-01,6.887789815664291382e-02,-2.476725727319717407e-01,-1.415547281503677368e-01,-1.690952181816101074e-01,-1.618959754705429077e-02,-2.614845335483551025e-01,-4.070053622126579285e-02,-1.875782161951065063e-01,4.094000905752182007e-02,2.005939632654190063e-01,1.344703882932662964e-01,-5.568590387701988220e-02,-6.354915350675582886e-02,-1.124951317906379700e-01,-1.570365577936172485e-01,-1.031587645411491394e-01,-6.501064449548721313e-02
5.657446384429931641e-01,0.000000000000000000e+00,1.242541521787643433e-01,3.627521395683288574e-01,-2.278127074241638184e-01,-3.168039023876190186e-03,3.391752243041992188e-01,4.493629336357116699e-01,-1.361702084541320801e-01,-1.533668637275695801e-01,2.658715546131134033e-01,5.472086071968078613e-01,3.520150482654571533e-01,3.525189757347106934e-01,-2.838189005851745605e-01,-2.648510634899139404e-01,-7.369758188724517822e-02,4.701415076851844788e-02,4.002735316753387451e-01,5.496196746826171875e-01,-2.318318933248519897e-01,-1.668938100337982178e-01,2.228002399206161499e-01,1.207091510295867920e-01,-1.109891533851623535e-01,6.418290734291076660e-02,-1.308829635381698608e-01,-2.012904137372970581e-01,-1.426426172256469727e-01,-1.230447217822074890e-01,1.725103408098220825e-01,3.090447783470153809e-01,3.154435455799102783e-01,4.903190732002258301e-01,-1.689592748880386353e-01,4.335219413042068481e-02,-3.042341582477092743e-02,-1.646523177623748779e-01,-2.512468993663787842e-01,-1.537016630172729492e-01,-9.733074903488159180e-02,2.468445338308811188e-02,-2.259442955255508423e-02,4.829434677958488464e-02,1.840239912271499634e-01,6.853395700454711914e-02,8.768063038587570190e-02,2.556110173463821411e-02,2.199974656105041504e-01,7.026194781064987183e-02,1.700835376977920532e-01,6.485912948846817017e-02,6.063389405608177185e-02,-1.058511957526206970e-01,-3.132059276103973389e-01,-3.362823724746704102e-01,5.021253824234008789e-01,6.504166126251220703e-01,4.031217098236083984e-01,4.002047181129455566e-01,2.749455571174621582e-01,3.511148393154144287e-01,2.755191326141357422e-01,3.483452498912811279e-01,-3.210615515708923340e-01,-1.064922660589218140e-01,9.538428485393524170e-02,1.540198624134063721e-01,5.162285566329956055e-01,3.273470997810363770e-01,-9.992497414350509644e-02,-5.788268893957138062e-02,-1.579025685787200928e-01,-3.063683165237307549e-03,6.858912855386734009e-02,1.940995901823043823e-01,-1.686798036098480225e-01,-1.541665047407150269e-01,6.272571533918380737e-02,-1.386415958404541016e-01,-1.483582109212875366e-01,-3.027001023292541504e-01,-2.305824309587478638e-01,-2.272132635116577148e-01,-1.245324611663818359e-01,-8.838345855474472046e-02,-3.028854727745056152e-01,-3.171367347240447998e-01,-2.352824509143829346e-01,-3.080383241176605225e-01,1.979892700910568237e-01,-1.135648414492607117e-01,3.826773762702941895e-01,-1.413873676210641861e-02,-2.407761365175247192e-01,-1.233061179518699646e-01,-1.097328811883926392e-01,-1.144820973277091980e-01,-1.499277800321578979e-01,-1.296492516994476318e-01,-2.252722531557083130e-01,-3.694326058030128479e-02,-1.184865683317184448e-01,-7.082232087850570679e-02,-1.791238337755203247e-01,-1.821270287036895752e-01,-1.576884090900421143e-01,-1.580439358949661255e-01,5.396430939435958862e-02,-4.007440805435180664e-02,-2.016171813011169434e-01,-8.317638188600540161e-02,-7.600530807394534349e-05,-9.274580329656600952e-02,-1.574797779321670532e-01,-2.111651003360748291e-01
9.341009706258773804e-02,1.242541521787643433e-01,0.000000000000000000e+00,3.522657752037048340e-01,4.856087639927864075e-02,4.819368198513984680e-02,5.530053377151489258e-01,3.464269042015075684e-01,1.672728955745697021e-01,1.560458540916442871e-01,-4.702136293053627014e-02,3.677006065845489502e-02,1.965752691030502319e-01,1.608984470367431641e-01,1.837406903505325317e-01,1.025796495378017426e-02,-1.280739009380340576e-01,2.115654796361923218e-01,3.547594845294952393e-01,4.443544447422027588e-01,1.443400979042053223e-01,9.777171909809112549e-02,3.253858685493469238e-01,6.663164496421813965e-01,1.204142868518829346e-01,1.777712553739547729e-01,-1.284928768873214722e-01,-1.281809806823730469e-01,-9.452181309461593628e-02,1.574821770191192627e-01,2.838269472122192383e-01,3.327296078205108643e-01,2.211271971464157104e-02,1.023832932114601135e-01,-8.500008285045623779e-02,-5.251379311084747314e-02,2.119112759828567505e-01,-2.636552415788173676e-02,8.354712277650833130e-02,-8.452732115983963013e-02,5.686079710721969604e-02,2.136662900447845459e-01,-4.780883193016052246e-01,-4.178632199764251709e-01,-3.792611062526702881e-01,-4.606171846389770508e-01,-2.301900088787078857e-01,-3.399151563644409180e-01,-4.072668850421905518e-01,-5.388444066047668457e-01,-3.752329945564270020e-01,-5.200419425964355469e-01,-2.387285381555557251e-01,-5.517196059226989746e-01,7.087611407041549683e-02,-2.042592912912368774e-01,8.909957110881805420e-02,1.380589157342910767e-01,3.137623667716979980e-01,6.137511879205703735e-02,-9.723701514303684235e-03,-2.012908607721328735e-01,-1.670400947332382202e-01,-6.082461914047598839e-04,2.134675830602645874e-01,-2.151701450347900391e-01,3.107969760894775391e-01,2.636359930038452148e-01,1.864660680294036865e-01,3.491819202899932861e-01,1.922163814306259155e-01,8.702539652585983276e-02,-4.774430021643638611e-02,2.221310436725616455e-01,-1.855360902845859528e-02,-1.982331648468971252e-02,2.350370287895202637e-01,6.179454922676086426e-02,-9.147621691226959229e-02,-2.163485884666442871e-01,-7.781322300434112549e-02,-2.768301963806152344e-01,9.568879753351211548e-02,2.554518356919288635e-02,2.003679871559143066e-01,-3.404748141765594482e-01,1.405647397041320801e-01,-5.642035976052284241e-02,1.210293620824813843e-01,-2.795694470405578613e-01,1.393054574728012085e-01,-2.327194213867187500e-01,1.814393699169158936e-02,-1.402837485074996948e-01,1.371197402477264404e-01,-4.038210213184356689e-02,1.793214119970798492e-02,5.141989514231681824e-02,-9.672163426876068115e-02,-7.330420613288879395e-02,4.063010811805725098e-01,2.427665591239929199e-01,5.315667390823364258e-01,4.482300877571105957e-01,4.291500896215438843e-02,-2.310240566730499268e-01,4.439487159252166748e-01,2.926033139228820801e-01,9.417571127414703369e-02,3.455100953578948975e-02,-2.127385735511779785e-01,9.969723969697952271e-02,2.427978068590164185e-01,-1.428919583559036255e-01,-1.862565577030181885e-01,-4.776804242283105850e-03
2.869854569435119629e-01,3.627521395683288574e-01,3.522657752037048340e-01,0.000000000000000000e+00,-1.174272596836090088e-01,-8.310258388519287109e-02,5.460724234580993652e-01,4.143381714820861816e-01,2.075331062078475952e-01,-1.271889060735702515e-01,8.684927225112915039e-02,2.621465921401977539e-01,3.955131471157073975e-01,1.414913386106491089e-01,-2.947782874107360840e-01,-2.648424804210662842e-01,5.657226219773292542e-02,-5.816558748483657837e-02,4.357276260852813721e-01,3.896811902523040771e-01,-4.243214800953865051e-02,-1.668499708175659180e-01,6.891776919364929199e-01,4.458654522895812988e-01,8.644732832908630371e-02,2.778567075729370117e-01,-2.707979381084442139e-01,-2.383693605661392212e-01,1.296473443508148193e-01,8.024919778108596802e-03,1.970181912183761597e-01,3.630035519599914551e-01,8.787872642278671265e-02,2.432200163602828979e-01,3.534513711929321289e-02,6.776522845029830933e-02,-1.098631247878074646e-01,-3.354454040527343750e-02,-3.969007730484008789e-01,-1.984837353229522705e-01,-1.481829434633255005e-01,7.394096348434686661e-03,1.859534904360771179e-02,4.872355610132217407e-02,1.168934255838394165e-01,2.210860513150691986e-02,-6.141342595219612122e-02,4.304911941289901733e-02,5.853905156254768372e-02,-3.232847154140472412e-02,-1.126001998782157898e-01,9.527230262756347656e-02,-2.895277142524719238e-01,1.569671928882598877e-02,-5.096991658210754395e-01,-1.545864641666412354e-01,2.024472355842590332e-01,2.144044041633605957e-01,2.988113760948181152e-01,9.375644475221633911e-02,5.345967784523963928e-02,9.959506988525390625e-02,8.128563314676284790e-02,-3.804656863212585449e-02,7.983371615409851074e-02,1.635886728763580322e-01,2.440428286790847778e-01,2.636773288249969482e-01,3.100714981555938721e-01,4.020690917968750000e-02,-3.066481649875640869e-01,1.007722988724708557e-01,2.050339058041572571e-02,-1.829462498426437378e-01,-3.702958524227142334e-01,5.023844167590141296e-02,-1.164259463548660278e-01,3.360255062580108643e-02,-2.047127932310104370e-01,-1.328258812427520752e-01,-4.551036357879638672e-01,-3.284070193767547607e-01,-4.474660456180572510e-01,-2.875854372978210449e-01,-3.403226435184478760e-01,1.531186550855636597e-01,-4.448319673538208008e-01,-2.514413893222808838e-01,-4.494364261627197266e-01,6.050973664969205856e-03,-1.414125263690948486e-01,1.925714910030364990e-01,2.736440896987915039e-01,2.899991273880004883e-01,-7.568008452653884888e-02,-5.777478218078613281e-02,-1.140073388814926147e-01,2.270912006497383118e-02,-2.586571872234344482e-01,5.651529505848884583e-02,1.747139496728777885e-03,2.701703906059265137e-01,-3.147774934768676758e-02,2.335880100727081299e-01,-3.021663427352905273e-01,1.052270084619522095e-02,-1.389620155096054077e-01,1.886180639266967773e-01,1.693591475486755371e-01,-3.710740804672241211e-02,-1.630990952253341675e-01,1.422147303819656372e-01,1.560481786727905273e-01,-1.160900741815567017e-01,-3.282400220632553101e-02,6.688122451305389404e-02
-1.638371050357818604e-01,-2.278127074241638184e-01,4.856087639927864075e-02,-1.174272596836090088e-01,0.000000000000000000e+00,3.047440052032470703e-01,-2.467644959688186646e-01,-1.318786591291427612e-01,2.502288520336151123e-01,4.060824513435363770e-01,-2.060353457927703857e-01,-2.472235448658466339e-02,-2.766549289226531982e-01,-1.255109459161758423e-01,3.994659483432769775e-01,2.973116338253021240e-01,-1.028511747717857361e-01,-6.708054244518280029e-02,-2.861091792583465576e-01,-3.520693182945251465e-01,4.783239066600799561e-01,3.316873610019683838e-01,-2.071314677596092224e-02,6.008143350481987000e-02,5.791175365447998047e-01,3.554539084434509277e-01,3.573228716850280762e-01,2.231118530035018921e-01,1.548301428556442261e-01,1.094101816415786743e-01,3.359718322753906250e-01,7.515538483858108521e-02,-3.159896731376647949e-01,-2.842319309711456299e-01,-5.586722865700721741e-02,-1.546542719006538391e-02,4.537670314311981201e-02,9.106878936290740967e-02,3.369731009006500244e-01,3.947091102600097656e-01,-1.723257824778556824e-02,-1.296887993812561035e-01,-2.203301191329956055e-01,-2.094327658414840698e-01,-2.412273585796356201e-01,-2.196507006883621216e-01,-3.421741724014282227e-01,-2.341952472925186157e-01,-2.758756577968597412e-01,-2.541514933109283447e-01,-2.979478836059570312e-01,-1.813377737998962402e-01,-2.132399976253509521e-01,-1.129999458789825439e-01,2.162377983331680298e-01,2.789139151573181152e-01,-2.619918882846832275e-01,-1.012593209743499756e-01,-7.947831600904464722e-02,-1.949363499879837036e-01,-2.619202136993408203e-01,-3.476273417472839355e-01,-1.781003177165985107e-01,-1.520507186651229858e-01,8.721350133419036865e-02,-2.266886532306671143e-01,-1.190098673105239868e-01,-2.147727906703948975e-01,-4.066061675548553467e-01,-2.348844110965728760e-01,2.465354949235916138e-01,3.673432171344757080e-01,2.574161291122436523e-01,6.207459419965744019e-02,1.274404078722000122e-01,6.217229738831520081e-02,4.767298698425292969e-02,2.123525738716125488e-01,-2.430599182844161987e-01,1.083757877349853516e-01,-7.791963405907154083e-03,6.974362581968307495e-02,2.202857136726379395e-01,3.238507807254791260e-01,9.113249927759170532e-02,6.579342484474182129e-02,4.024370908737182617e-01,4.189129471778869629e-01,1.278237551450729370e-01,2.264396250247955322e-01,-1.443208456039428711e-01,-5.213639698922634125e-03,-1.981965005397796631e-01,3.112139925360679626e-02,3.026447594165802002e-01,2.848583273589611053e-02,-4.084966331720352173e-02,-1.574132777750492096e-02,-4.240144416689872742e-02,-1.151485666632652283e-01,1.705400049686431885e-01,7.588452845811843872e-02,2.222521454095840454e-01,2.281024605035781860e-01,-6.584431976079940796e-02,-1.588740646839141846e-01,1.154024600982666016e-01,3.070023059844970703e-01,2.201098762452602386e-02,-7.776551693677902222e-02,-1.639637649059295654e-01,2.183871716260910034e-02,8.106696605682373047e-02,-1.942667961120605469e-01,-1.539250016212463379e-01,-1.206738036125898361e-02
-9.411916136741638184e-02,-3.168039023876190186e-03,4.819368198513984680e-02,-8.310258388519287109e-02,3.047440052032470703e-01,0.000000000000000000e+00,-3.931675478816032410e-02,-6.494438741356134415e-03,1.565015614032745361e-01,5.732625722885131836e-01,9.532097727060317993e-03,1.695747375488281250e-01,9.111682325601577759e-02,2.084456682205200195e-01,4.698834121227264404e-01,5.400785803794860840e-01,-4.893298260867595673e-03,2.254096716642379761e-01,-1.405846178531646729e-01,-3.478626161813735962e-02,1.610060036182403564e-01,3.765000104904174805e-01,-1.089411526918411255e-01,2.814655900001525879e-01,3.576793968677520752e-01,4.867182374000549316e-01,6.452139616012573242e-01,6.063722372055053711e-01,-7.657811790704727173e-02,2.169411331415176392e-01,2.829577028751373291e-01,4.039182662963867188e-01,-2.101116925477981567e-01,-1.785509847104549408e-02,-1.841547340154647827e-01,-1.763347536325454712e-01,-5.995240435004234314e-02,-1.691990345716476440e-01,1.258442178368568420e-02,-2.452418766915798187e-02,9.333612024784088135e-02,8.465477824211120605e-02,-3.518205285072326660e-01,-3.423972725868225098e-01,-3.628781735897064209e-01,-3.273070454597473145e-01,-2.399215400218963623e-01,-3.587290942668914795e-01,-2.217372804880142212e-01,-2.160445451736450195e-01,-1.831776499748229980e-01,-2.674161195755004883e-01,-5.058332905173301697e-02,-2.371295541524887085e-01,-1.266102772206068039e-02,-1.578264832496643066e-01,-3.025359287858009338e-02,6.906480342149734497e-02,-1.799096316099166870e-01,-1.432666629552841187e-01,-1.147219017148017883e-01,-1.158840656280517578e-01,1.424978836439549923e-03,1.511448174715042114e-01,-2.608107402920722961e-02,-1.977865099906921387e-01,-1.485785841941833496e-01,-9.187231957912445068e-02,-1.999080777168273926e-01,-6.033955886960029602e-02,3.611546754837036133e-01,3.858657777309417725e-01,9.267771244049072266e-02,2.497535794973373413e-01,3.733864128589630127e-01,1.553719192743301392e-01,-8.574667572975158691e-02,-3.653690591454505920e-02,1.056371331214904785e-01,8.825030922889709473e-02,1.493776291608810425e-01,-1.120000984519720078e-02,1.260429173707962036e-01,9.449380636215209961e-02,8.833576738834381104e-02,-1.893584579229354858e-01,2.661065757274627686e-01,2.445566505193710327e-01,1.077544689178466797e-01,-1.968512386083602905e-01,5.256367847323417664e-02,-2.060707509517669678e-01,-8.805674314498901367e-02,-2.123662978410720825e-01,-1.114616170525550842e-01,-2.008490115404129028e-01,-2.499261796474456787e-01,-2.522181868553161621e-01,-7.695490866899490356e-02,-1.637595891952514648e-01,1.304700523614883423e-01,-1.160971596837043762e-01,1.972869932651519775e-01,5.868269130587577820e-02,1.665595173835754395e-01,-1.031781658530235291e-01,1.737767308950424194e-01,6.110519915819168091e-02,-5.585383623838424683e-02,-1.752160787582397461e-01,-4.116973578929901123e-01,-1.339583843946456909e-01,4.410842806100845337e-02,-1.011106520891189575e-01,-8.520498871803283691e-02,-4.404474981129169464e-03
3.602364063262939453e-01,3.391752243041992188e-01,5.530053377151489258e-01,5.460724234580993652e-01,-2.467644959688186646e-01,-3.931675478816032410e-02,0.000000000000000000e+00,4.041720628738403320e-01,3.461920842528343201e-02,-7.413892447948455811e-02,1.392288208007812500e-01,1.363789439201354980e-01,4.135740697383880615e-01,1.022897437214851379e-01,-1.404780149459838867e-01,-1.970027089118957520e-01,-2.695964090526103973e-02,4.116295650601387024e-02,5.955637693405151367e-01,6.007806062698364258e-01,-8.767225593328475952e-02,-1.192802116274833679e-01,4.467461407184600830e-01,4.946872889995574951e-01,-1.419638693332672119e-01,3.229474276304244995e-02,-2.064962536096572876e-01,-2.001776397228240967e-01,-1.077422723174095154e-01,-4.476950317621231079e-02,1.325958669185638428e-01,3.466945886611938477e-01,2.033507972955703735e-01,3.327710330486297607e-01,7.600303739309310913e-02,8.169570565223693848e-02,-1.664217445068061352e-03,-1.245980560779571533e-01,-2.318413406610488892e-01,-2.369593828916549683e-01,-1.076722294092178345e-01,1.380981951951980591e-01,-2.184034883975982666e-01,-1.698795109987258911e-01,-1.282661855220794678e-01,-2.139578908681869507e-01,-3.013076074421405792e-02,-7.340671867132186890e-02,-1.476638764142990112e-01,-2.305998206138610840e-01,-1.571443080902099609e-01,-1.845974475145339966e-01,-1.685356199741363525e-01,-2.794844508171081543e-01,-2.286797761917114258e-01,-2.959686219692230225e-01,2.923195362091064453e-01,2.330953031778335571e-01,2.562483847141265869e-01,8.314871042966842651e-02,8.586538583040237427e-02,7.959087193012237549e-02,5.361824855208396912e-02,4.826409742236137390e-02,1.987200379371643066e-01,6.813485920429229736e-02,3.378001451492309570e-01,3.538513183593750000e-01,4.172225594520568848e-01,3.162726163864135742e-01,-6.804603338241577148e-02,8.377447724342346191e-03,-1.383960396051406860e-01,-1.951310038566589355e-02,-8.377283811569213867e-02,1.201832294464111328e-01,1.452275831252336502e-02,-1.004917398095130920e-01,-6.821722537279129028e-02,-1.991528123617172241e-01,-2.302330881357192993e-01,-3.493496775627136230e-01,-1.520795673131942749e-01,-2.509342432022094727e-01,-3.886252269148826599e-02,-1.381657868623733521e-01,-2.332638800144195557e-01,-2.618637084960937500e-01,-1.450587958097457886e-01,-2.650141119956970215e-01,1.156989857554435730e-01,-7.169052958488464355e-02,2.152954936027526855e-01,4.857668187469244003e-03,-1.801052503287792206e-02,-1.353762894868850708e-01,-8.155797608196735382e-03,1.626210846006870270e-02,-1.000053584575653076e-01,8.758472651243209839e-02,1.103572994470596313e-01,2.110749930143356323e-01,1.789569854736328125e-01,2.523705065250396729e-01,-1.102251112461090088e-01,-5.387132987380027771e-02,1.322882920503616333e-01,1.212747395038604736e-01,1.482089161872863770e-01,9.774427860975265503e-02,-1.461564600467681885e-01,5.498622357845306396e-02,1.386846452951431274e-01,-6.450771540403366089e-02,-1.024152487516403198e-01,-6.357046961784362793e-02
1.970989406108856201e-01,4.493629336357116699e-01,3.464269042015075684e-01,4.143381714820861816e-01,-1.318786591291427612e-01,-6.494438741356134415e-03,4.041720628738403320e-01,0.000000000000000000e+00,-7.467503845691680908e-02,1.962644420564174652e-02,3.553522378206253052e-02,4.594245851039886475e-01,1.600728631019592285e-01,5.512030720710754395e-01,-1.401727348566055298e-01,-2.746946811676025391e-01,-3.938397169113159180e-01,1.351312994956970215e-01,2.670257687568664551e-01,4.456459581851959229e-01,-1.571199595928192139e-01,-9.556356817483901978e-02,3.158128261566162109e-01,3.063115179538726807e-01,5.237543582916259766e-02,2.481700330972671509e-01,-1.823186874389648438e-01,-2.541060149669647217e-01,-2.678798735141754150e-01,7.917754352092742920e-02,2.432800084352493286e-01,4.270495772361755371e-01,2.124733477830886841e-01,4.964589476585388184e-01,-2.256709039211273193e-01,1.231923252344131470e-01,-8.081705123186111450e-02,-3.722831010818481445e-01,-1.248745769262313843e-01,-2.170070409774780273e-01,-1.176378205418586731e-01,5.615225806832313538e-02,-1.678852140903472900e-01,-8.833193778991699219e-02,-9.978362172842025757e-02,-1.495472788810729980e-01,-1.076576113700866699e-01,-1.875284016132354736e-01,5.016012489795684814e-02,-1.399496644735336304e-01,1.800476312637329102e-01,-2.183475494384765625e-01,2.459107488393783569e-01,-3.258452117443084717e-01,-1.131792366504669189e-01,-5.469933152198791504e-01,2.204950898885726929e-01,2.819811701774597168e-01,2.182909846305847168e-01,3.115361183881759644e-02,1.469956636428833008e-01,1.473517268896102905e-01,-7.330977171659469604e-02,9.078296273946762085e-02,-1.897864788770675659e-01,-2.119706422090530396e-01,-9.687582403421401978e-02,7.830100506544113159e-02,3.509679734706878662e-01,1.905615031719207764e-01,2.187091857194900513e-01,-2.732478268444538116e-02,-1.856811940670013428e-01,2.558126449584960938e-01,-1.247285958379507065e-02,-6.682976149022579193e-03,4.847197979688644409e-02,-1.938436925411224365e-01,1.852270066738128662e-01,-3.154346644878387451e-01,-2.324889972805976868e-02,-4.536326527595520020e-01,-2.152017205953598022e-01,-2.309419214725494385e-01,1.542597860097885132e-01,-4.227214455604553223e-01,-2.471264898777008057e-01,-4.724869728088378906e-01,5.376833304762840271e-02,-5.368227958679199219e-01,4.583857953548431396e-01,-3.593660891056060791e-01,4.485115706920623779e-01,-1.508596986532211304e-01,-3.111340105533599854e-01,-1.013224869966506958e-01,-1.907402090728282928e-02,-2.678096592426300049e-01,-9.671360999345779419e-02,-2.701544165611267090e-01,2.338097244501113892e-02,5.591627582907676697e-02,9.435919672250747681e-02,-5.280955135822296143e-02,2.361652627587318420e-02,-2.834999263286590576e-01,1.620004922151565552e-01,-2.491473704576492310e-01,5.496502295136451721e-02,-2.156534492969512939e-01,-2.690090537071228027e-01,5.556526593863964081e-03,3.037676215171813965e-02,5.998515710234642029e-02,-1.173963174223899841e-01,-1.528222709894180298e-01
-2.707259058952331543e-01,-1.361702084541320801e-01,1.672728955745697021e-01,2.075331062078475952e-01,2.502288520336151123e-01,1.565015614032745361e-01,3.461920842528343201e-02,-7.467503845691680908e-02,0.000000000000000000e+00,2.429742217063903809e-01,4.090869054198265076e-02,-1.049821730703115463e-02,1.380416601896286011e-01,7.481255382299423218e-02,2.092592269182205200e-01,2.422289848327636719e-01,1.917195618152618408e-01,8.243534713983535767e-02,-1.425044685602188110e-01,-1.381349414587020874e-01,2.575402259826660156e-01,1.979893893003463745e-01,1.700693070888519287e-01,3.103522360324859619e-01,3.288654983043670654e-01,3.104729056358337402e-01,4.908253252506256104e-02,1.219343766570091248e-01,3.046926856040954590e-01,3.177127838134765625e-01,3.498147726058959961e-01,1.434664726257324219e-01,-2.971262633800506592e-01,-2.167682647705078125e-01,-3.943461179733276367e-02,-1.959103196859359741e-01,-6.060577929019927979e-02,5.318584293127059937e-02,-7.889555394649505615e-02,-5.428806692361831665e-02,-1.229901425540447235e-02,-5.271691828966140747e-02,-6.336901336908340454e-02,-1.464711129665374756e-01,-8.811438828706741333e-02,-6.167771294713020325e-02,-2.326888293027877808e-01,-1.417898684740066528e-01,-1.718581616878509521e-01,-1.326685100793838501e-01,-3.067665398120880127e-01,-6.956273317337036133e-02,-3.393453061580657959e-01,-1.219658646732568741e-02,-1.184669584035873413e-01,1.032835543155670166e-01,-4.044887423515319824e-01,-1.688281893730163574e-01,-5.709309875965118408e-02,-3.312088176608085632e-02,-2.084354460239410400e-01,-9.230932593345642090e-02,-1.317025870084762573e-01,-4.507899284362792969e-02,3.222229182720184326e-01,2.020415961742401123e-01,1.019289568066596985e-01,-9.144380688667297363e-02,-3.167864382266998291e-01,-2.048114985227584839e-01,-6.599071621894836426e-02,2.337714284658432007e-01,2.574708163738250732e-01,-6.865337491035461426e-03,-1.019609346985816956e-01,-3.420688211917877197e-02,-1.463370490819215775e-02,1.610815972089767456e-01,-2.429416179656982422e-01,1.145295053720474243e-01,-1.731245219707489014e-01,1.643699221312999725e-02,-1.444148458540439606e-02,1.391608151607215405e-03,-1.695445924997329712e-01,1.213690862059593201e-01,1.754227466881275177e-02,8.079516142606735229e-02,-1.827363669872283936e-01,1.683979481458663940e-01,-2.929390668869018555e-01,2.358469665050506592e-01,-1.399441361427307129e-01,3.213502764701843262e-01,1.362517327070236206e-01,-9.035419672727584839e-02,-2.216689884662628174e-01,-1.951933652162551880e-02,-1.531242728233337402e-01,3.362302854657173157e-02,2.361361086368560791e-01,4.113244116306304932e-01,2.600119113922119141e-01,4.541493952274322510e-01,-8.073770999908447266e-02,1.151151489466428757e-02,2.310526324436068535e-03,3.605279326438903809e-01,-1.753277331590652466e-01,-1.216609105467796326e-01,-2.372386008501052856e-01,-7.962718605995178223e-03,2.917819321155548096e-01,-2.434395253658294678e-01,-1.679954826831817627e-01,7.697439193725585938e-02
-2.677587866783142090e-01,-1.533668637275695801e-01,1.560458540916442871e-01,-1.271889060735702515e-01,4.060824513435363770e-01,5.732625722885131836e-01,-7.413892447948455811e-02,1.962644420564174652e-02,2.429742217063903809e-01,0.000000000000000000e+00,-1.174010559916496277e-01,-8.845435455441474915e-03,-9.399290196597576141e-03,1.868791431188583374e-01,4.864049553871154785e-01,4.881006479263305664e-01,-1.695781052112579346e-01,7.262540608644485474e-02,-1.408465951681137085e-01,-1.317067891359329224e-01,2.012253105640411377e-01,3.749707937240600586e-01,-1.709367632865905762e-01,2.954826354980468750e-01,3.629266619682312012e-01,3.629313409328460693e-01,4.433720111846923828e-01,3.626327812671661377e-01,-1.168119385838508606e-01,1.552501916885375977e-01,3.516485095024108887e-01,3.798417448997497559e-01,-2.780764698982238770e-01,1.430640835314989090e-02,-6.262961030006408691e-02,-8.508038520812988281e-02,-4.052954912185668945e-02,-1.867375671863555908e-01,1.820751875638961792e-01,1.225995421409606934e-01,-1.086218282580375671e-01,-8.916828781366348267e-02,-3.041005134582519531e-01,-2.922483384609222412e-01,-3.370545804500579834e-01,-3.100087046623229980e-01,-3.596384525299072266e-01,-4.285166263580322266e-01,-2.271756827831268311e-01,-2.495772838592529297e-01,-1.741118580102920532e-01,-3.081944286823272705e-01,-3.620219230651855469e-02,-2.642034888267517090e-01,6.135844439268112183e-02,-1.376720666885375977e-01,-2.278162091970443726e-01,-5.841057747602462769e-02,-1.186155974864959717e-01,-2.628685235977172852e-01,-2.071460187435150146e-01,-2.569498717784881592e-01,-2.821089029312133789e-01,-1.137955933809280396e-01,1.293659955263137817e-01,-2.048696726560592651e-01,-1.148125901818275452e-01,-9.921135008335113525e-02,-2.600753605365753174e-01,-1.405189484357833862e-01,4.662402868270874023e-01,3.820713460445404053e-01,5.849774554371833801e-02,2.144007086753845215e-01,3.019314110279083252e-01,1.258319616317749023e-02,1.752002164721488953e-02,-3.731013089418411255e-02,-5.669317394495010376e-02,7.006005197763442993e-02,4.718255624175071716e-02,-1.466608345508575439e-01,1.747303307056427002e-01,1.114962920546531677e-01,1.656711846590042114e-01,-2.371955066919326782e-01,3.315351605415344238e-01,2.629337906837463379e-01,1.302687674760818481e-01,-1.679416894912719727e-01,4.950473830103874207e-02,-2.363698780536651611e-01,-1.175183802843093872e-01,-1.763391643762588501e-01,-1.346418727189302444e-02,-1.898262500762939453e-01,-2.182804197072982788e-01,-3.315960466861724854e-01,-4.706900939345359802e-02,-1.888698190450668335e-01,1.467437297105789185e-01,3.744205087423324585e-02,2.198565006256103516e-01,7.190889865159988403e-02,8.815423399209976196e-02,-1.563820242881774902e-01,2.069202065467834473e-01,7.839699834585189819e-02,-7.113339845091104507e-03,-1.861484199762344360e-01,-3.186056017875671387e-01,-8.198922127485275269e-02,1.162930354475975037e-01,-6.214106827974319458e-02,-1.447606384754180908e-01,-6.040187925100326538e-02
3.165504932403564453e-01,2.658715546131134033e-01,-4.702136293053627014e-02,8.684927225112915039e-02,-2.060353457927703857e-01,9.532097727060317993e-03,1.392288208007812500e-01,3.553522378206253052e-02,4.090869054198265076e-02,-1.174010559916496277e-01,0.000000000000000000e+00,2.876965105533599854e-01,4.691430330276489258e-01,1.540865600109100342e-01,4.485504701733589172e-03,8.050715550780296326e-03,2.970097661018371582e-01,5.900200456380844116e-02,1.516561806201934814e-01,1.641484200954437256e-01,-1.878031939268112183e-01,-9.498472325503826141e-03,6.088513135910034180e-02,1.970184035599231720e-02,3.753667324781417847e-02,6.019281595945358276e-02,-4.274114966392517090e-03,6.262921541929244995e-02,2.785842418670654297e-01,9.575553238391876221e-02,-1.889175921678543091e-02,6.987749040126800537e-02,1.474623084068298340e-01,1.806422919034957886e-01,-1.143396198749542236e-01,-3.920891508460044861e-02,-6.820959597826004028e-02,-8.845638483762741089e-02,-2.025666832923889160e-01,-1.862907558679580688e-01,-3.996374085545539856e-02,-3.974392637610435486e-02,6.239908561110496521e-02,3.634764254093170166e-02,9.111418575048446655e-02,6.782154552638530731e-03,1.545961052179336548e-01,6.721299886703491211e-02,1.410378664731979370e-01,1.333857923746109009e-01,3.250419721007347107e-02,1.578890681266784668e-01,-7.874230295419692993e-02,8.170130103826522827e-02,-1.826705187559127808e-01,-1.579672247171401978e-01,2.022316306829452515e-01,1.356699913740158081e-01,1.765356361865997314e-01,1.488019376993179321e-01,2.584221959114074707e-01,2.465719580650329590e-01,3.959238231182098389e-01,2.824695706367492676e-01,-1.393677443265914917e-01,2.417789306491613388e-03,5.523305758833885193e-02,2.344420738518238068e-02,1.620815992355346680e-01,-4.173853248357772827e-02,-1.738929152488708496e-01,-8.144609630107879639e-02,1.634640991687774658e-02,-2.119307518005371094e-01,3.386369720101356506e-02,1.240910217165946960e-01,-2.925306372344493866e-02,9.982459992170333862e-02,1.132901478558778763e-02,-8.159587532281875610e-02,1.563312299549579620e-02,-1.830071397125720978e-02,-4.672689735889434814e-02,-1.191448494791984558e-01,-2.955131530761718750e-01,1.044734045863151550e-01,-2.348692268133163452e-01,-1.894219368696212769e-01,-2.356095761060714722e-01,-6.036691740155220032e-02,-2.839491702616214752e-02,2.232423275709152222e-01,1.725134849548339844e-01,1.937959641218185425e-01,-1.336968243122100830e-01,-1.688640564680099487e-01,-2.852118909358978271e-01,-3.549906611442565918e-02,-4.283693432807922363e-02,1.190907806158065796e-01,-2.227423042058944702e-01,5.947375297546386719e-02,-1.775267720222473145e-01,8.096969872713088989e-02,-9.569173306226730347e-02,9.549281746149063110e-02,-2.442869842052459717e-01,-2.338167279958724976e-02,-6.040260568261146545e-02,-5.376811698079109192e-02,-1.529344320297241211e-01,-2.929596900939941406e-01,3.157889470458030701e-02,-1.217926070094108582e-01,-1.233939677476882935e-01,-1.486531049013137817e-01
3.711000978946685791e-01,5.472086071968078613e-01,3.677006065845489502e-02,2.621465921401977539e-01,-2.472235448658466339e-02,1.695747375488281250e-01,1.363789439201354980e-01,4.594245851039886475e-01,-1.049821730703115463e-02,-8.845435455441474915e-03,2.876965105533599854e-01,0.000000000000000000e+00,1.740191280841827393e-01,4.181085824966430664e-01,-4.988992959260940552e-02,2.114372327923774719e-02,-7.108205556869506836e-02,1.026871725916862488e-01,2.248838543891906738e-01,3.363200426101684570e-01,-1.347202621400356293e-02,1.183722615242004395e-01,1.851897835731506348e-01,8.579213917255401611e-02,1.073396503925323486e-01,3.028346300125122070e-01,6.842695921659469604e-02,4.651688970625400543e-03,-2.147780545055866241e-02,1.028956472873687744e-01,1.785379797220230103e-01,3.315177559852600098e-01,1.707008630037307739e-01,3.264768123626708984e-01,-3.262522518634796143e-01,-6.779934465885162354e-02,2.426452236250042915e-03,-1.669356226921081543e-01,-1.212522387504577637e-01,-3.604717180132865906e-02,-3.199706599116325378e-02,7.854197174310684204e-02,-1.188666597008705139e-01,-2.756771631538867950e-02,-1.614239253103733063e-02,-9.004797041416168213e-02,-8.373746275901794434e-02,-1.132539436221122742e-01,4.312431812286376953e-02,-3.988108783960342407e-02,1.050957478582859039e-02,-3.445185720920562744e-02,-2.886915393173694611e-02,-1.533623933792114258e-01,-2.892715632915496826e-01,-2.592680752277374268e-01,2.712154090404510498e-01,3.295686244964599609e-01,1.759131401777267456e-01,2.120761573314666748e-01,1.135505735874176025e-01,2.904237210750579834e-01,2.804721891880035400e-01,2.558491230010986328e-01,-3.862570822238922119e-01,-1.819398850202560425e-01,-1.471265256404876709e-01,-2.933203056454658508e-02,2.427835911512374878e-01,9.596152603626251221e-02,-4.787678271532058716e-02,9.556917846202850342e-02,-2.850979007780551910e-02,1.092069670557975769e-01,5.339695885777473450e-02,2.392403036355972290e-01,-4.915636032819747925e-02,4.889510944485664368e-02,1.449431926012039185e-01,-1.254997551441192627e-01,-1.075142249464988708e-01,-1.797055602073669434e-01,-1.851961165666580200e-01,-3.646065667271614075e-02,-1.595750898122787476e-01,-8.138015121221542358e-02,-2.024452537298202515e-01,-2.090220004320144653e-01,-2.344683706760406494e-01,-2.385280132293701172e-01,1.731273978948593140e-01,-1.029067859053611755e-01,3.509268760681152344e-01,-6.368317455053329468e-02,-2.700766921043395996e-01,-6.780262291431427002e-02,-2.070509344339370728e-01,-1.259371936321258545e-01,-1.701343655586242676e-01,-1.268438547849655151e-01,-1.057934388518333435e-01,-1.310316473245620728e-01,-5.902422964572906494e-02,-4.892378672957420349e-02,-1.751819103956222534e-01,-1.980925798416137695e-01,-8.635050803422927856e-02,-4.153661802411079407e-02,4.742000997066497803e-02,-2.004693895578384399e-01,-3.123564124107360840e-01,-5.484906211495399475e-02,-1.124161109328269958e-02,-1.476291716098785400e-01,-1.672489792108535767e-01,-1.087047234177589417e-01
2.784810066223144531e-01,3.520150482654571533e-01,1.965752691030502319e-01,3.955131471157073975e-01,-2.766549289226531982e-01,9.111682325601577759e-02,4.135740697383880615e-01,1.600728631019592285e-01,1.380416601896286011e-01,-9.399290196597576141e-03,4.691430330276489258e-01,1.740191280841827393e-01,0.000000000000000000e+00,2.753307819366455078e-01,-5.191364884376525879e-02,-6.184507533907890320e-02,1.722298711538314819e-01,5.387049913406372070e-02,2.679524123668670654e-01,2.815695106983184814e-01,-2.989285290241241455e-01,-1.048175320029258728e-01,3.143822848796844482e-01,3.015771210193634033e-01,3.551776753738522530e-03,2.173683345317840576e-01,-7.138732820749282837e-02,-2.059414982795715332e-02,1.052721142768859863e-01,-6.611675489693880081e-03,1.559807211160659790e-01,3.511415123939514160e-01,1.607104241847991943e-01,2.990627288818359375e-01,-5.288682412356138229e-03,-4.715724661946296692e-02,-4.405035823583602905e-02,-1.186199486255645752e-01,-3.439172804355621338e-01,-2.504521906375885010e-01,-6.319380551576614380e-02,2.035061083734035492e-02,-7.601173222064971924e-02,-8.902367949485778809e-02,8.745421469211578369e-02,-1.716251857578754425e-02,-3.595509799197316170e-03,-2.725962363183498383e-02,1.464277356863021851e-01,7.722583413124084473e-02,3.675476647913455963e-03,9.211874008178710938e-02,-1.600578576326370239e-01,5.238175857812166214e-03,-3.639021813869476318e-01,-2.910761535167694092e-01,3.083723485469818115e-01,3.456557095050811768e-01,3.219277858734130859e-01,1.667565554380416870e-01,2.426432073116302490e-01,1.528834402561187744e-01,2.093093842267990112e-01,1.361628174781799316e-01,9.033898822963237762e-03,7.965432107448577881e-02,2.789172828197479248e-01,2.042350023984909058e-01,3.386006057262420654e-01,1.306076943874359131e-01,-1.538826227188110352e-01,9.156094864010810852e-03,-1.178891360759735107e-01,-1.796872466802597046e-01,-2.200271375477313995e-02,1.326800286769866943e-01,-1.976957023143768311e-01,-1.124518886208534241e-01,-1.042575314640998840e-01,-1.779249757528305054e-01,-1.814621835947036743e-01,-2.937957644462585449e-01,-1.963396221399307251e-01,-2.262615114450454712e-01,-2.563773095607757568e-01,3.395469486713409424e-02,-2.310041636228561401e-01,-1.614493727684020996e-01,-3.012819290161132812e-01,-1.603389084339141846e-01,-6.586700677871704102e-02,1.488186717033386230e-01,2.166048437356948853e-01,2.094764411449432373e-01,-1.518874615430831909e-01,-2.501340806484222412e-01,-3.210348486900329590e-01,-1.463799178600311279e-01,-2.668505907058715820e-01,-5.163390189409255981e-02,-1.853572577238082886e-01,1.484723389148712158e-01,-1.158452928066253662e-01,1.145353540778160095e-01,-1.825446188449859619e-01,-1.341892220079898834e-02,-2.082644999027252197e-01,2.559948479756712914e-03,2.742638811469078064e-03,-7.753391563892364502e-02,-2.972810864448547363e-01,-2.204643785953521729e-01,3.627679497003555298e-02,-1.401014775037765503e-01,-1.714529246091842651e-01,-1.557059139013290405e-01
