0.000000000000000000e+00,5.597420930862426758e-01,3.239800035953521729e-01,7.036612927913665771e-02,7.454758882522583008e-02,-8.824702352285385132e-02,3.173019886016845703e-01,-1.158718988299369812e-01,-1.056039556860923767e-01,-2.556424438953399658e-01,4.736268520355224609e-01,1.600932478904724121e-01,4.533218443393707275e-01,3.120513074100017548e-02,-2.883292175829410553e-02,-1.862493157386779785e-01,3.513795137405395508e-01,2.362771928310394287e-01,4.599321484565734863e-01,4.959533810615539551e-01,-9.357287734746932983e-02,-1.392783522605895996e-01,-2.282575471326708794e-03,5.111150816082954407e-02,-4.920182377099990845e-02,-1.454969942569732666e-01,3.992741182446479797e-02,-9.078567475080490112e-02,3.106680810451507568e-01,1.238516867160797119e-01,-6.911429017782211304e-02,-8.213831484317779541e-02,2.439728528261184692e-01,1.468901336193084717e-01,-1.100531034171581268e-02,-1.827718168497085571e-01,-4.047682508826255798e-02,9.372843801975250244e-02,-5.137737467885017395e-02,3.345116600394248962e-02,-1.766849542036652565e-03,3.381742537021636963e-02,-1.138797327876091003e-01,-1.461203396320343018e-01,-8.324461430311203003e-02,-5.029051750898361206e-02,-4.441312327980995178e-02,-4.178019613027572632e-02,-7.414425164461135864e-02,-8.698216080665588379e-02,-1.294582933187484741e-01,-1.651382148265838623e-01,-1.168046370148658752e-01,-5.512156710028648376e-02,1.516311150044202805e-02,1.114120036363601685e-01,6.138905882835388184e-01,4.757418632507324219e-01,1.539189517498016357e-01,2.400265038013458252e-01,3.347953408956527710e-02,-1.129035130143165588e-01,1.470421701669692993e-01,-7.859364151954650879e-02,-1.868566572666168213e-01,-2.929456830024719238e-01,-2.304341495037078857e-01,-2.839588522911071777e-01,5.920410156250000000e-01,2.270035147666931152e-01,5.191764235496520996e-02,3.644468635320663452e-02,2.531622648239135742e-01,1.308972090482711792e-01,1.783568263053894043e-01,5.378656834363937378e-02,1.638687849044799805e-01,1.528215706348419189e-01,1.132160946726799011e-01,1.778179556131362915e-01,1.543360650539398193e-01,3.275658562779426575e-02,2.161960154771804810e-01,-2.629444748163223267e-02,-8.879957720637321472e-03,-2.856754958629608154e-01,-7.438361644744873047e-02,7.720340788364410400e-02,-4.535094648599624634e-02,-6.177014205604791641e-03,-2.479850202798843384e-01,1.307215243577957153e-01,-1.294932365417480469e-01,-1.209840085357427597e-02,1.307709962129592896e-01,-8.394971489906311035e-02,-1.655035316944122314e-01,-1.820539124310016632e-02,-1.843053400516510010e-01,-7.163412868976593018e-02,-1.891053281724452972e-02,1.478425264358520508e-01,9.446836262941360474e-02,2.213029861450195312e-01,-1.675177812576293945e-01,-9.703277796506881714e-02,7.722903788089752197e-02,1.596299111843109131e-01,1.134615987539291382e-01,-1.705214008688926697e-02,-1.869914382696151733e-01,-1.795656085014343262e-01,-3.872191160917282104e-02,-1.081916838884353638e-01,-2.300412207841873169e-01,-6.639371626079082489e-03
5.597420930862426758e-01,0.000000000000000000e+00,1.263270676136016846e-01,6.212439015507698059e-02,4.282425343990325928e-02,5.010049045085906982e-02,6.481041014194488525e-02,-4.620753973722457886e-02,-1.815228760242462158e-01,-2.260406762361526489e-01,2.641575932502746582e-01,1.744614988565444946e-01,1.687687188386917114e-01,4.490375518798828125e-02,-6.465150415897369385e-02,-1.445639878511428833e-01,2.798036038875579834e-01,3.239131867885589600e-01,4.325779974460601807e-01,6.121436357498168945e-01,-8.536894805729389191e-03,3.185556456446647644e-02,-8.321649581193923950e-02,-1.048289462924003601e-01,-1.500030048191547394e-02,-6.838183850049972534e-02,1.016989126801490784e-01,2.561657922342419624e-03,2.491504102945327759e-01,1.420934200286865234e-01,9.965185075998306274e-03,-3.982146084308624268e-02,3.556831181049346924e-01,3.186078071594238281e-01,-4.039274156093597412e-02,-8.222151547670364380e-02,-6.933698058128356934e-02,4.361254349350929260e-02,-2.574669755995273590e-02,6.687877327203750610e-02,4.688681662082672119e-02,3.607384115457534790e-02,-5.241477116942405701e-02,-5.567786097526550293e-02,-1.205549389123916626e-01,-4.040123894810676575e-02,5.546046793460845947e-02,9.328627586364746094e-02,-2.695477604866027832e-01,-1.684416532516479492e-01,-1.637339740991592407e-01,-1.892072558403015137e-01,6.992142647504806519e-02,-6.085022166371345520e-02,1.755538582801818848e-01,1.342354565858840942e-01,5.008804798126220703e-01,6.165540218353271484e-01,7.860896736383438110e-02,2.636503279209136963e-01,-1.119372695684432983e-01,-1.488476246595382690e-02,1.659935861825942993e-01,1.408209353685379028e-01,-2.985599935054779053e-01,-3.236291408538818359e-01,-3.171259462833404541e-01,-2.778700888156890869e-01,5.507844090461730957e-01,2.715152204036712646e-01,4.859665408730506897e-02,6.538903340697288513e-03,1.778322309255599976e-01,1.506698578596115112e-01,1.827292740345001221e-01,4.723008722066879272e-02,2.684886753559112549e-01,2.818459272384643555e-01,8.556909859180450439e-02,1.990903615951538086e-01,1.520388275384902954e-01,9.242822229862213135e-02,1.845276504755020142e-01,-6.905473768711090088e-02,-5.517258122563362122e-02,-2.066794782876968384e-01,9.533814154565334320e-03,4.180657677352428436e-03,9.909152239561080933e-02,-4.840747639536857605e-02,-1.730112582445144653e-01,-1.968541368842124939e-02,-3.134711459279060364e-02,-1.084095686674118042e-01,1.238290742039680481e-01,-4.984522238373756409e-02,-6.130716949701309204e-02,-2.335144951939582825e-02,-1.112643554806709290e-01,-1.495801508426666260e-01,-2.884247712790966034e-02,3.530201315879821777e-02,1.006075292825698853e-01,1.073958501219749451e-01,-8.390191942453384399e-02,-6.266012042760848999e-02,2.448735199868679047e-02,7.284436374902725220e-02,1.638794094324111938e-01,1.428053528070449829e-01,-1.143850758671760559e-01,-1.222728863358497620e-01,7.847380824387073517e-03,2.772290073335170746e-02,-1.986023336648941040e-01,-4.975812882184982300e-02
3.239800035953521729e-01,1.263270676136016846e-01,0.000000000000000000e+00,6.116117238998413086e-01,3.051695525646209717e-01,1.672679334878921509e-01,6.340151429176330566e-01,2.774298787117004395e-01,1.360826045274734497e-01,1.579047292470932007e-01,2.700248062610626221e-01,2.103645354509353638e-01,3.531644642353057861e-01,3.667855858802795410e-01,3.067891895771026611e-01,2.184819281101226807e-01,-1.692606061697006226e-01,-1.954873204231262207e-01,3.521458506584167480e-01,3.314764201641082764e-01,1.685357242822647095e-01,7.384672760963439941e-02,3.248604238033294678e-01,5.415403842926025391e-01,3.746476173400878906e-01,2.852267920970916748e-01,1.588148921728134155e-01,2.741125226020812988e-01,1.348057389259338379e-01,6.345490366220474243e-02,1.647759228944778442e-01,2.776217758655548096e-01,3.897416964173316956e-02,4.307788796722888947e-03,6.500606238842010498e-02,-6.132534146308898926e-02,-2.076575011014938354e-01,2.748736739158630371e-02,-1.543456017971038818e-01,-1.025341004133224487e-01,-7.533810287714004517e-02,-1.460887640714645386e-01,-2.350367009639739990e-01,-3.051568269729614258e-01,-1.748193204402923584e-01,-2.557052969932556152e-01,-2.294971942901611328e-01,-3.283888399600982666e-01,-1.756045073270797729e-01,-2.659442424774169922e-01,-2.217529267072677612e-01,-3.958594501018524170e-01,-3.215174376964569092e-01,-2.578338980674743652e-01,-1.083102300763130188e-01,-5.211929976940155029e-02,3.814490139484405518e-02,1.944771152921020985e-03,6.545272469520568848e-02,-1.261655092239379883e-01,2.638556435704231262e-02,-1.831835210323333740e-01,-1.310446858406066895e-01,-3.164157867431640625e-01,1.215787827968597412e-01,-1.026495918631553650e-01,1.901404261589050293e-01,1.479890383780002594e-02,1.425375342369079590e-01,1.507997363805770874e-01,2.546255886554718018e-01,3.478519022464752197e-01,1.159674823284149170e-01,1.163887828588485718e-01,1.326938569545745850e-01,-1.457060724496841431e-01,1.884170919656753540e-01,1.849553883075714111e-01,-1.285820305347442627e-01,-2.434691973030567169e-02,-1.161151230335235596e-01,-2.142872512340545654e-01,7.618406414985656738e-02,6.512364000082015991e-02,4.137852042913436890e-02,-1.795733422040939331e-01,6.696861237287521362e-02,2.303291857242584229e-01,-5.116444081068038940e-02,-1.463725119829177856e-01,-5.496441572904586792e-02,1.227304190397262573e-01,2.383427694439888000e-02,8.072131127119064331e-02,2.067159563302993774e-01,1.969888992607593536e-02,-9.045649319887161255e-02,-1.658506244421005249e-01,-1.672871857881546021e-01,-1.942584961652755737e-01,1.049456223845481873e-01,-1.607618480920791626e-01,5.256074666976928711e-02,-1.390264276415109634e-02,-8.107974380254745483e-02,-5.790308490395545959e-02,1.527450680732727051e-01,6.631255149841308594e-02,1.603329479694366455e-01,-1.035825610160827637e-01,-2.333378642797470093e-01,-3.014777600765228271e-01,-7.101171463727951050e-02,-4.513976722955703735e-02,-2.157927155494689941e-01,8.149068057537078857e-02
7.036612927913665771e-02,6.212439015507698059e-02,6.116117238998413086e-01,0.000000000000000000e+00,6.550146639347076416e-02,1.032471507787704468e-01,5.059208869934082031e-01,5.598099231719970703e-01,3.431997075676918030e-02,1.458113193511962891e-01,9.832923114299774170e-02,2.767739295959472656e-01,1.519897431135177612e-01,3.407188057899475098e-01,2.356781363487243652e-01,2.232383787631988525e-01,-2.732754945755004883e-01,-3.162534832954406738e-01,2.882041335105895996e-01,2.898212373256683350e-01,1.035559549927711487e-01,1.719911023974418640e-02,4.683209061622619629e-01,5.444277524948120117e-01,2.905171513557434082e-01,2.374435663223266602e-01,-1.558057218790054321e-02,1.264065653085708618e-01,-3.641160950064659119e-02,8.500100113451480865e-03,1.232514902949333191e-01,2.403145730495452881e-01,1.120010986924171448e-01,1.072021052241325378e-01,1.509308367967605591e-01,1.768310815095901489e-01,-9.223885089159011841e-02,-4.879442602396011353e-02,-1.095458194613456726e-01,-1.315714605152606964e-02,-1.444162568077445030e-03,-1.310557126998901367e-01,-2.350311428308486938e-01,-2.455303519964218140e-01,-2.696267962455749512e-01,-2.809617817401885986e-01,-2.117239385843276978e-01,-3.228751122951507568e-01,-2.416382730007171631e-01,-2.857006788253784180e-01,-1.817720234394073486e-01,-2.804261744022369385e-01,-2.160474509000778198e-01,-2.238784134387969971e-01,-2.242751419544219971e-01,-1.684741228818893433e-01,-1.725024133920669556e-01,-7.783581316471099854e-02,-1.423621773719787598e-01,-2.340183258056640625e-01,-8.862350136041641235e-03,-2.944679697975516319e-03,-1.949702948331832886e-01,-1.703980416059494019e-01,2.282464802265167236e-01,1.800613552331924438e-01,1.659018844366073608e-01,1.432866156101226807e-01,-9.599703364074230194e-03,6.717680394649505615e-02,2.929868400096893311e-01,2.909251153469085693e-01,9.357372671365737915e-02,1.605030000209808350e-01,5.080260708928108215e-02,-1.959496363997459412e-02,1.271127313375473022e-01,2.057177424430847168e-01,-1.517840921878814697e-01,-1.306133568286895752e-01,-8.345256000757217407e-02,-7.368203252553939819e-02,5.169441550970077515e-02,7.024746388196945190e-02,1.321601271629333496e-01,3.622781112790107727e-02,4.329379647970199585e-02,8.610112965106964111e-02,-6.956703215837478638e-02,-1.815405786037445068e-01,1.039469093084335327e-01,1.852648332715034485e-02,1.991730332374572754e-01,1.203432772308588028e-02,4.253793507814407349e-02,1.475190557539463043e-02,-5.437458679080009460e-02,-2.028149217367172241e-01,-1.477453112602233887e-01,-2.168842852115631104e-01,-9.204426407814025879e-02,-1.785536110401153564e-01,-3.975720703601837158e-02,-1.592578738927841187e-01,-1.419091820716857910e-01,-1.790850758552551270e-01,5.173595994710922241e-02,-7.577867805957794189e-02,6.727356929332017899e-03,-1.017642691731452942e-01,-1.542218774557113647e-01,-2.576489150524139404e-01,-5.536289885640144348e-02,5.085382610559463501e-02,-1.661368757486343384e-01,-9.853631258010864258e-02
7.454758882522583008e-02,4.282425343990325928e-02,3.051695525646209717e-01,6.550146639347076416e-02,0.000000000000000000e+00,3.719909191131591797e-01,1.981462091207504272e-01,-6.284212321043014526e-02,3.791805803775787354e-01,2.853609621524810791e-01,1.670006811618804932e-01,1.290317028760910034e-01,2.439884394407272339e-01,3.068060874938964844e-01,3.021392822265625000e-01,3.638491630554199219e-01,4.751869663596153259e-02,1.606200039386749268e-01,1.434623897075653076e-01,1.581557989120483398e-01,5.165967941284179688e-01,2.750872075557708740e-01,-1.249130889773368835e-01,1.763304322957992554e-01,4.873100221157073975e-01,3.885113894939422607e-01,5.358844399452209473e-01,5.292951464653015137e-01,3.204348385334014893e-01,2.356401234865188599e-01,3.474298119544982910e-01,3.901726007461547852e-01,-1.022214218974113464e-01,2.978077903389930725e-02,-8.534457534551620483e-02,-1.109903082251548767e-01,-9.257370978593826294e-02,2.472503185272216797e-01,7.975638844072818756e-03,8.117982000112533569e-02,-1.189100742340087891e-02,-6.606283783912658691e-02,-3.743495345115661621e-01,-4.157669842243194580e-01,-1.735237389802932739e-01,-3.064727783203125000e-01,-1.925372481346130371e-01,-2.143479138612747192e-01,-1.512449234724044800e-01,-2.820647358894348145e-01,-3.699564337730407715e-01,-4.074336886405944824e-01,-2.994711995124816895e-01,-2.554674446582794189e-01,1.109750792384147644e-01,1.551784127950668335e-01,1.944495830684900284e-03,-2.900284901261329651e-02,3.818647190928459167e-02,-1.223801448941230774e-01,-3.188442066311836243e-02,-3.982365876436233521e-02,1.945218257606029510e-02,-3.643748536705970764e-02,-6.664271652698516846e-02,-1.157334372401237488e-01,1.461985409259796143e-01,1.718510687351226807e-01,4.582479968667030334e-02,2.869102358818054199e-01,3.406397402286529541e-01,4.264232218265533447e-01,2.463225871324539185e-01,7.441021502017974854e-02,7.513230293989181519e-02,-1.082844063639640808e-01,3.392624109983444214e-02,1.366876065731048584e-01,3.475220873951911926e-02,1.660571396350860596e-01,-3.163607791066169739e-02,-7.902718335390090942e-02,6.937129795551300049e-02,1.281863152980804443e-01,-1.642573028802871704e-01,-9.622558951377868652e-02,2.160877138376235962e-01,4.013009369373321533e-01,2.774174883961677551e-02,2.647302672266960144e-02,-2.307245433330535889e-01,1.404401957988739014e-01,-1.466344445943832397e-01,-4.026946425437927246e-02,2.953742146492004395e-01,5.228893086314201355e-02,-9.386985749006271362e-02,-7.736369222402572632e-02,-1.289183944463729858e-01,-1.650902181863784790e-01,1.568150520324707031e-01,-4.545437172055244446e-02,1.990038454532623291e-01,1.662229597568511963e-01,2.263433299958705902e-02,5.482704192399978638e-02,1.997120827436447144e-01,3.442761301994323730e-01,4.050075411796569824e-01,9.733691066503524780e-02,-2.275239229202270508e-01,-1.552226245403289795e-01,1.931194681674242020e-03,-8.863202482461929321e-02,-2.170049399137496948e-01,7.698994874954223633e-02
-8.824702352285385132e-02,5.010049045085906982e-02,1.672679334878921509e-01,1.032471507787704468e-01,3.719909191131591797e-01,0.000000000000000000e+00,1.148330699652433395e-02,-4.215271025896072388e-02,3.477960824966430664e-01,4.846244752407073975e-01,-3.458355739712715149e-02,1.819174364209175110e-02,9.073723107576370239e-02,1.904404461383819580e-01,3.849235177040100098e-01,4.721058309078216553e-01,-1.150128021836280823e-01,-8.786835707724094391e-03,-2.413206547498703003e-02,1.115115359425544739e-01,2.469143420457839966e-01,4.003741443157196045e-01,-2.352064251899719238e-01,-3.890525549650192261e-02,3.332634866237640381e-01,4.498043060302734375e-01,2.339833080768585205e-01,3.881537318229675293e-01,1.011186763644218445e-01,5.634482949972152710e-02,4.200131595134735107e-01,3.949886262416839600e-01,-3.001085482537746429e-02,4.597152397036552429e-02,-8.801058679819107056e-02,2.535118721425533295e-02,2.704301290214061737e-02,6.210516393184661865e-02,1.459842827171087265e-02,1.186108291149139404e-01,-4.140233621001243591e-03,-1.409658491611480713e-01,-2.770057618618011475e-01,-2.128439694643020630e-01,-1.798473447561264038e-01,-2.360042035579681396e-01,-1.976729780435562134e-01,-2.446917146444320679e-01,-1.389870941638946533e-01,-2.030920833349227905e-01,-2.799436450004577637e-01,-3.158986568450927734e-01,-2.209190577268600464e-01,-3.571195602416992188e-01,1.716320514678955078e-01,1.057301461696624756e-01,-1.467279493808746338e-01,-8.934505283832550049e-02,-4.781974852085113525e-02,-1.304493099451065063e-01,-1.379861086606979370e-01,-1.116368547081947327e-02,-9.743823856115341187e-02,1.052213907241821289e-01,-1.567367017269134521e-01,-7.748236507177352905e-02,4.964907094836235046e-02,1.056172177195549011e-01,-8.712781220674514771e-02,2.617235183715820312e-01,3.854822516441345215e-01,3.684602379798889160e-01,1.521918922662734985e-01,1.489905864000320435e-01,-1.511494219303131104e-01,1.327927261590957642e-01,4.227210953831672668e-02,3.840729221701622009e-02,2.955748513340950012e-02,2.813723124563694000e-02,-4.832476750016212463e-02,4.082920402288436890e-02,1.668102853000164032e-02,1.145262196660041809e-01,-6.477542221546173096e-02,-3.224372491240501404e-02,4.257641136646270752e-01,3.310843110084533691e-01,1.641656756401062012e-01,-4.996465146541595459e-02,-1.935403235256671906e-02,6.114470213651657104e-02,4.651778191328048706e-02,-1.228920742869377136e-01,1.925212889909744263e-01,1.697377860546112061e-01,3.104350715875625610e-02,-8.771052584052085876e-03,1.060839667916297913e-01,-5.688616074621677399e-03,1.575082689523696899e-01,-1.491678040474653244e-02,3.010680675506591797e-01,1.596573293209075928e-01,1.595626026391983032e-01,1.704152077436447144e-01,2.376160919666290283e-01,2.489179223775863647e-01,2.663890719413757324e-01,1.202711164951324463e-01,-1.461099237203598022e-01,1.060830429196357727e-02,1.260860264301300049e-01,1.932534796651452780e-04,-1.126635447144508362e-01,6.796267628669738770e-02
3.173019886016845703e-01,6.481041014194488525e-02,6.340151429176330566e-01,5.059208869934082031e-01,1.981462091207504272e-01,1.148330699652433395e-02,0.000000000000000000e+00,3.344532847404479980e-01,2.203481495380401611e-01,1.116710901260375977e-01,4.049327671527862549e-01,1.950264424085617065e-01,4.597714543342590332e-01,2.314239740371704102e-01,1.813126802444458008e-01,1.190427541732788086e-01,-1.774614006280899048e-01,-2.513086199760437012e-01,4.243520200252532959e-01,2.305484712123870850e-01,1.513519436120986938e-01,1.324699819087982178e-02,2.758550643920898438e-01,3.655141592025756836e-01,2.383592873811721802e-01,5.749794095754623413e-02,1.427753418684005737e-01,1.779195219278335571e-01,1.917908340692520142e-02,-9.976850450038909912e-02,6.792473793029785156e-02,1.127820387482643127e-01,3.575458750128746033e-02,-3.686711937189102173e-02,2.525373399257659912e-01,4.367719590663909912e-02,-2.228271961212158203e-01,6.178529001772403717e-04,-1.262336075305938721e-01,-1.655867397785186768e-01,-1.162784174084663391e-01,-5.493110790848731995e-02,-2.599604129791259766e-01,-2.790215015411376953e-01,-2.726533114910125732e-01,-2.716952860355377197e-01,-2.295072674751281738e-01,-2.639382481575012207e-01,-2.149238735437393188e-01,-2.604366838932037354e-01,-2.277721464633941650e-01,-3.416092097759246826e-01,-2.749930918216705322e-01,-1.714289337396621704e-01,-1.477315276861190796e-01,-3.961185738444328308e-02,5.642268806695938110e-02,-4.181803390383720398e-02,1.284797936677932739e-01,-4.750758036971092224e-02,2.013050317764282227e-01,-2.708207815885543823e-02,-4.530860483646392822e-02,-3.110160529613494873e-01,2.607067227363586426e-01,6.676422804594039917e-02,2.926693856716156006e-01,1.010376065969467163e-01,1.099792644381523132e-01,3.730936720967292786e-02,2.406270354986190796e-01,3.031264841556549072e-01,9.678576886653900146e-02,3.549884632229804993e-02,2.219092696905136108e-01,-2.049269676208496094e-01,2.549799084663391113e-01,1.877044737339019775e-01,-2.200857549905776978e-01,-7.752238959074020386e-02,-1.990321278572082520e-01,-2.222527265548706055e-01,-8.141110092401504517e-02,-3.988396748900413513e-02,3.881944576278328896e-03,-1.420214176177978516e-01,-8.342467993497848511e-02,1.077584698796272278e-01,-1.158456802368164062e-01,-5.516180396080017090e-02,-1.350238826125860214e-02,1.923058629035949707e-01,6.978712975978851318e-02,1.446395814418792725e-01,1.909042000770568848e-01,-7.149912416934967041e-02,-1.399498283863067627e-01,-1.090342402458190918e-01,-7.011962682008743286e-02,1.236635819077491760e-02,2.234360203146934509e-02,8.395679295063018799e-03,4.690891131758689880e-02,4.371284320950508118e-02,-3.489490970969200134e-02,-1.658104732632637024e-02,6.089057400822639465e-02,4.854074865579605103e-02,4.486664384603500366e-02,-2.029706239700317383e-01,-1.453025341033935547e-01,-1.473628878593444824e-01,4.197645559906959534e-02,3.909365087747573853e-02,-8.995304256677627563e-02,5.952212214469909668e-02
-1.158718988299369812e-01,-4.620753973722457886e-02,2.774298787117004395e-01,5.598099231719970703e-01,-6.284212321043014526e-02,-4.215271025896072388e-02,3.344532847404479980e-01,0.000000000000000000e+00,6.636628508567810059e-02,1.692156940698623657e-01,4.033196344971656799e-02,2.588643431663513184e-01,1.482632942497730255e-02,2.990014851093292236e-01,1.421984583139419556e-01,1.562947630882263184e-01,-2.884432077407836914e-01,-2.544714510440826416e-01,1.495804488658905029e-01,1.110673919320106506e-01,1.316022425889968872e-01,-6.699578464031219482e-02,3.885022103786468506e-01,2.830392718315124512e-01,5.455273389816284180e-02,8.874943107366561890e-02,-3.383761644363403320e-02,2.016695775091648102e-02,-1.603577733039855957e-01,1.314969956874847412e-01,-2.934139780700206757e-02,1.024712771177291870e-01,2.165039628744125366e-02,8.706421405076980591e-02,3.179799765348434448e-02,1.023604422807693481e-01,-2.208783626556396484e-01,-2.464180737733840942e-01,-8.863410353660583496e-02,-1.195207759737968445e-01,3.513091057538986206e-02,-1.083775162696838379e-01,-1.707534343004226685e-01,-1.250764876604080200e-01,-1.718037426471710205e-01,-6.856470555067062378e-02,-2.027280628681182861e-01,-2.777624726295471191e-01,-1.476641893386840820e-01,-1.311745345592498779e-01,-1.442795526236295700e-02,-1.249457374215126038e-01,-1.933913491666316986e-02,-1.501057744026184082e-01,-2.440261989831924438e-01,-2.786982059478759766e-01,-1.563438922166824341e-01,-1.864850968122482300e-01,-3.944351151585578918e-02,-1.520237922668457031e-01,1.683654040098190308e-01,2.142648249864578247e-01,-4.992115776985883713e-03,-9.836232289671897888e-03,2.371669560670852661e-01,2.412311583757400513e-01,1.037223190069198608e-01,1.414324492216110229e-01,-1.456505209207534790e-01,-9.231170266866683960e-02,1.991801112890243530e-01,8.646173030138015747e-02,-1.815601065754890442e-02,1.428371965885162354e-01,3.957365453243255615e-02,-6.445675343275070190e-02,9.682586789131164551e-02,3.538256511092185974e-02,-9.314549714326858521e-02,-1.849471926689147949e-01,-4.352537915110588074e-02,-1.347533464431762695e-01,1.758100837469100952e-02,-2.408488839864730835e-02,8.845620602369308472e-02,-1.182585358619689941e-01,-1.880200579762458801e-03,-1.227996423840522766e-01,1.464675646275281906e-02,-2.612308263778686523e-01,2.003560811281204224e-01,-2.128128856420516968e-01,1.595089584589004517e-01,-6.232108920812606812e-02,-8.544909954071044922e-02,4.290379956364631653e-02,-3.391503170132637024e-02,-1.427372843027114868e-01,-1.437320709228515625e-01,-2.032661736011505127e-01,-1.363509520888328552e-02,-2.970398664474487305e-01,-1.646009981632232666e-01,-3.244773745536804199e-01,-1.548254042863845825e-01,-2.447543442249298096e-01,-1.234537363052368164e-01,-1.914244145154953003e-01,-1.821245625615119934e-02,-5.007702112197875977e-02,-5.302963033318519592e-02,-1.778329461812973022e-01,-6.979447603225708008e-02,1.811471208930015564e-02,-3.812363743782043457e-02,-1.549104452133178711e-01
-1.056039556860923767e-01,-1.815228760242462158e-01,1.360826045274734497e-01,3.431997075676918030e-02,3.791805803775787354e-01,3.477960824966430664e-01,2.203481495380401611e-01,6.636628508567810059e-02,0.000000000000000000e+00,5.733578801155090332e-01,1.763276010751724243e-02,6.429610773921012878e-03,1.879711300134658813e-01,2.225533127784729004e-01,3.860794007778167725e-01,4.480462074279785156e-01,-6.183213368058204651e-02,-3.793472051620483398e-02,-1.791334301233291626e-01,-1.315805166959762573e-01,3.246733546257019043e-01,1.628290563821792603e-01,-2.105579227209091187e-01,-3.733244538307189941e-02,1.782380640506744385e-01,2.508352100849151611e-01,2.461125403642654419e-01,3.184645473957061768e-01,1.382986605167388916e-01,2.996329404413700104e-02,1.657654196023941040e-01,2.651876807212829590e-01,-1.693402379751205444e-01,-1.183945015072822571e-01,-1.392286363989114761e-02,-1.360762268304824829e-01,-2.202427014708518982e-02,8.843607455492019653e-02,7.753641903400421143e-02,4.781956970691680908e-02,5.177658796310424805e-02,-4.882429167628288269e-02,-2.570245862007141113e-01,-2.587005794048309326e-01,-4.230154678225517273e-02,-1.520580500364303589e-01,-3.107469677925109863e-01,-3.237766921520233154e-01,1.113799586892127991e-01,-8.550931513309478760e-02,-1.750292330980300903e-01,-1.214557439088821411e-01,-2.972237765789031982e-01,-2.492683827877044678e-01,-1.871526688337326050e-01,6.590167433023452759e-02,-7.068828493356704712e-02,-6.445647031068801880e-02,1.812506765127182007e-01,-4.598139226436614990e-02,2.568010613322257996e-02,1.215698346495628357e-01,7.798992097377777100e-02,2.756750769913196564e-02,1.764531619846820831e-02,2.409088797867298126e-02,2.465997189283370972e-01,1.611165404319763184e-01,-2.651653587818145752e-01,-7.468732073903083801e-03,1.808983236551284790e-01,3.011050820350646973e-01,2.173786759376525879e-01,4.003061354160308838e-02,-4.772826284170150757e-02,1.000709980726242065e-01,-5.862015485763549805e-02,-7.812633365392684937e-02,-1.355127096176147461e-01,3.675262629985809326e-02,-2.172171324491500854e-01,-6.264232844114303589e-02,-2.014779672026634216e-02,2.273642867803573608e-01,-3.037483096122741699e-01,3.180190548300743103e-02,1.164246276021003723e-01,3.131269216537475586e-01,-1.962576806545257568e-01,1.110091879963874817e-01,-2.251612395048141479e-01,1.278223693370819092e-01,-2.208973318338394165e-01,-1.145009323954582214e-02,2.935093827545642853e-02,-1.201226264238357544e-01,-2.510959208011627197e-01,1.328087411820888519e-02,-1.077215000987052917e-01,5.726698786020278931e-02,-7.205784786492586136e-03,9.392897784709930420e-02,7.639382779598236084e-02,2.123483568429946899e-01,-2.474484033882617950e-02,1.096339598298072815e-01,5.510532855987548828e-02,2.750093340873718262e-01,1.290779858827590942e-01,-9.756226837635040283e-02,-2.025408297777175903e-01,-1.281516849994659424e-01,1.062201708555221558e-01,-1.515590846538543701e-01,-1.905126273632049561e-01,9.500696510076522827e-02
-2.556424438953399658e-01,-2.260406762361526489e-01,1.579047292470932007e-01,1.458113193511962891e-01,2.853609621524810791e-01,4.846244752407073975e-01,1.116710901260375977e-01,1.692156940698623657e-01,5.733578801155090332e-01,0.000000000000000000e+00,-1.749275773763656616e-01,-2.173970267176628113e-02,-2.905898436438292265e-04,2.799577116966247559e-01,4.340119957923889160e-01,7.110996842384338379e-01,-1.313865780830383301e-01,-6.664182990789413452e-02,-1.691164523363113403e-01,-1.136919558048248291e-01,3.519014418125152588e-01,4.038677215576171875e-01,-2.261779159307479858e-01,-1.854151673614978790e-02,1.890626102685928345e-01,4.122686684131622314e-01,1.404674649238586426e-01,4.423180222511291504e-01,7.005546987056732178e-02,7.457867264747619629e-02,2.499326020479202271e-01,4.287184774875640869e-01,-1.897028535604476929e-01,-9.848463535308837891e-02,-1.213800236582756042e-01,-3.781981393694877625e-02,1.444047689437866211e-01,9.954236447811126709e-02,1.119716018438339233e-01,1.885505765676498413e-01,1.419669240713119507e-01,-4.086909815669059753e-02,-3.634986877441406250e-01,-2.709442079067230225e-01,-1.249690875411033630e-01,-2.546659111976623535e-01,-4.423115253448486328e-01,-4.507177770137786865e-01,3.396917879581451416e-02,-1.381837874650955200e-01,-2.908123731613159180e-01,-2.387026548385620117e-01,-3.845964968204498291e-01,-3.983489573001861572e-01,-1.460938304662704468e-01,9.634454618208110332e-04,-3.013904392719268799e-01,-1.872258931398391724e-01,2.298168279230594635e-02,-2.107180058956146240e-01,-2.270697243511676788e-02,2.002093940973281860e-01,-1.873004809021949768e-02,1.698911637067794800e-01,-1.428158208727836609e-02,6.717288494110107422e-02,1.649504154920578003e-01,1.865871250629425049e-01,-4.334341883659362793e-01,9.800156205892562866e-02,2.153914570808410645e-01,3.987123370170593262e-01,3.752903081476688385e-03,2.655231580138206482e-02,-2.379159927368164062e-01,1.713775396347045898e-01,-7.571313530206680298e-02,-1.243427209556102753e-02,-1.631509214639663696e-01,4.483216442167758942e-03,-1.244439929723739624e-01,6.247884035110473633e-02,-1.939480938017368317e-02,4.004512429237365723e-01,-2.232059389352798462e-01,1.540375798940658569e-01,3.728961348533630371e-01,4.571196734905242920e-01,-3.272217512130737305e-02,1.174753308296203613e-01,-1.006477400660514832e-01,1.427987962961196899e-01,-1.328374594449996948e-01,1.835278421640396118e-02,1.557399183511734009e-01,6.974795460700988770e-02,-8.405858278274536133e-02,-5.983610637485980988e-03,-1.745278015732765198e-02,5.561206117272377014e-02,1.475560218095779419e-01,7.173358649015426636e-02,2.022930532693862915e-01,2.027613967657089233e-01,-5.277516692876815796e-02,4.091847687959671021e-02,2.110182940959930420e-01,3.289058506488800049e-01,1.440496742725372314e-01,-4.590378329157829285e-02,-2.816719114780426025e-01,-8.550557494163513184e-02,2.991685084998607635e-02,-1.453484743833541870e-01,-2.646515965461730957e-01,3.519381210207939148e-02
4.736268520355224609e-01,2.641575932502746582e-01,2.700248062610626221e-01,9.832923114299774170e-02,1.670006811618804932e-01,-3.458355739712715149e-02,4.049327671527862549e-01,4.033196344971656799e-02,1.763276010751724243e-02,-1.749275773763656616e-01,0.000000000000000000e+00,2.028005868196487427e-01,6.266213655471801758e-01,1.747462451457977295e-01,3.423928096890449524e-02,-1.040910631418228149e-01,1.149203479290008545e-01,8.951584249734878540e-02,4.232088923454284668e-01,2.574083209037780762e-01,2.367398329079151154e-02,-7.424462586641311646e-02,1.504251062870025635e-01,8.030552417039871216e-02,6.966874748468399048e-02,-8.598058670759201050e-02,7.436753809452056885e-02,-4.959890246391296387e-02,2.193861305713653564e-01,1.164991408586502075e-01,2.781771868467330933e-02,-1.092321425676345825e-01,1.662813276052474976e-01,1.125422194600105286e-01,1.115413308143615723e-01,-1.092098131775856018e-01,-1.310902535915374756e-01,1.049804091453552246e-01,-7.222692668437957764e-02,2.093428629450500011e-04,-7.009186595678329468e-02,2.602109499275684357e-02,-2.151841968297958374e-01,-2.840406298637390137e-01,-2.565520703792572021e-01,-1.775620281696319580e-01,-1.183390468358993530e-01,-1.139392778277397156e-01,-2.390867322683334351e-01,-2.120639532804489136e-01,-1.557836830615997314e-01,-2.014210224151611328e-01,-9.296482801437377930e-02,2.850543824024498463e-04,5.648494884371757507e-02,2.644649893045425415e-02,2.071260511875152588e-01,1.191244274377822876e-01,1.583717465400695801e-01,7.498967647552490234e-02,2.816514074802398682e-01,-1.263072062283754349e-02,1.192888244986534119e-01,-2.691122293472290039e-01,-4.382460564374923706e-02,-8.017700165510177612e-02,-6.667597591876983643e-02,-1.937201172113418579e-01,3.151431977748870850e-01,1.724113225936889648e-01,1.388514637947082520e-01,6.840001791715621948e-02,1.891632378101348877e-01,1.342685222625732422e-01,1.069375947117805481e-01,-4.784570634365081787e-02,2.470637112855911255e-01,1.091308817267417908e-01,3.199924156069755554e-02,1.442295163869857788e-01,4.362470656633377075e-02,-5.083167459815740585e-03,1.716858148574829102e-01,-5.868949368596076965e-02,4.030681774020195007e-02,-2.496629953384399414e-01,-1.085401028394699097e-01,1.674580760300159454e-02,3.710432210937142372e-03,-7.523471023887395859e-03,-1.329269111156463623e-01,5.101178586483001709e-02,-1.050086505711078644e-02,2.447931095957756042e-02,1.142031177878379822e-01,-5.306916311383247375e-02,-1.720909923315048218e-01,-9.984049201011657715e-02,-1.990989446640014648e-01,-8.981623500585556030e-02,-4.618427157402038574e-02,-3.504788130521774292e-02,-1.250364538282155991e-02,1.793516427278518677e-02,-5.653732642531394958e-02,-6.130880862474441528e-02,-5.092386901378631592e-02,3.487228974699974060e-02,1.475108265876770020e-01,-1.115078385919332504e-02,-1.721033751964569092e-01,-1.933297216892242432e-01,-1.063397005200386047e-01,-6.129314750432968140e-02,-9.342478960752487183e-02,-3.091453388333320618e-02
1.600932478904724121e-01,1.744614988565444946e-01,2.103645354509353638e-01,2.767739295959472656e-01,1.290317028760910034e-01,1.819174364209175110e-02,1.950264424085617065e-01,2.588643431663513184e-01,6.429610773921012878e-03,-2.173970267176628113e-02,2.028005868196487427e-01,0.000000000000000000e+00,2.032699584960937500e-01,4.623737335205078125e-01,2.850790023803710938e-01,1.602967232465744019e-01,1.400162279605865479e-01,2.553165853023529053e-01,1.712172031402587891e-01,3.758746981620788574e-01,2.744586765766143799e-01,1.428393870592117310e-01,1.354382187128067017e-01,2.710942924022674561e-01,2.954731285572052002e-01,1.117331981658935547e-01,2.066320776939392090e-01,1.280503720045089722e-01,3.240532577037811279e-01,4.770760536193847656e-01,2.561782598495483398e-01,2.802902460098266602e-01,1.507916599512100220e-01,2.051420062780380249e-01,-7.678277790546417236e-02,-1.193632856011390686e-01,-7.229021191596984863e-02,1.778479665517807007e-02,-1.053519621491432190e-01,5.165019631385803223e-02,9.658315777778625488e-02,8.468758314847946167e-02,-1.268749237060546875e-01,-1.146814972162246704e-01,-1.177384927868843079e-01,-1.538818180561065674e-01,-9.194906055927276611e-02,-1.582457721233367920e-01,-1.141409128904342651e-01,-1.154218465089797974e-01,-1.889571994543075562e-01,-1.783451437950134277e-01,-1.734298467636108398e-01,-2.878742516040802002e-01,-7.894007861614227295e-02,6.503030192106962204e-03,6.543707102537155151e-02,-4.877244308590888977e-02,-1.950140148401260376e-01,-8.545903116464614868e-02,-2.436318993568420410e-01,-9.260715544223785400e-02,2.723559439182281494e-01,2.646011412143707275e-01,-5.130228400230407715e-02,-1.077642440795898438e-01,-1.625802665948867798e-01,-9.073416888713836670e-02,3.231582418084144592e-02,9.588459134101867676e-02,3.080442249774932861e-01,2.254751324653625488e-01,3.494217991828918457e-01,3.122285306453704834e-01,1.755279153585433960e-01,1.425109989941120148e-02,1.508014202117919922e-01,2.068950533866882324e-01,1.332781314849853516e-01,9.030679613351821899e-02,2.200703769922256470e-01,1.467509567737579346e-01,2.207514196634292603e-01,1.236667037010192871e-01,6.056880578398704529e-02,-1.268728226423263550e-01,7.169708609580993652e-02,1.349436491727828979e-01,-8.670506626367568970e-02,-2.158913016319274902e-01,-1.659694612026214600e-01,-1.651408374309539795e-01,-6.455954164266586304e-02,-2.692149877548217773e-01,4.977043718099594116e-02,8.552920818328857422e-02,-8.860544115304946899e-02,-1.175857409834861755e-01,-1.963763087987899780e-01,-2.634691298007965088e-01,-8.858726918697357178e-02,-9.853853285312652588e-02,1.029449999332427979e-01,3.035499714314937592e-03,-6.771858781576156616e-03,2.131435833871364594e-02,3.692031279206275940e-02,3.668449446558952332e-02,1.459668576717376709e-01,1.175772100687026978e-01,-2.417079508304595947e-01,-2.656859755516052246e-01,1.819297112524509430e-02,8.068984001874923706e-02,-1.493845731019973755e-01,-4.877861961722373962e-02
4.533218443393707275e-01,1.687687188386917114e-01,3.531644642353057861e-01,1.519897431135177612e-01,2.439884394407272339e-01,9.073723107576370239e-02,4.597714543342590332e-01,1.482632942497730255e-02,1.879711300134658813e-01,-2.905898436438292265e-04,6.266213655471801758e-01,2.032699584960937500e-01,0.000000000000000000e+00,3.010882735252380371e-01,2.836600244045257568e-01,7.898343354463577271e-02,1.486491858959197998e-01,4.116016253829002380e-02,3.234944045543670654e-01,2.661569118499755859e-01,5.963549762964248657e-02,-3.129814192652702332e-02,1.629804223775863647e-01,1.571172028779983521e-01,2.211159020662307739e-01,1.228413283824920654e-01,8.645313978195190430e-02,1.383416913449764252e-02,2.703189849853515625e-01,5.685266479849815369e-02,1.656478643417358398e-01,1.084354296326637268e-01,2.116368710994720459e-01,1.842833757400512695e-01,9.864316880702972412e-02,-1.012848615646362305e-01,-1.278194934129714966e-01,-4.774274711962789297e-04,-1.702818572521209717e-01,3.139469772577285767e-02,-9.407857805490493774e-02,-7.221163064241409302e-02,-2.720619440078735352e-01,-2.853941321372985840e-01,-2.189666926860809326e-01,-2.224770188331604004e-01,-1.797818541526794434e-01,-2.828139960765838623e-01,-9.057592600584030151e-02,-1.863407641649246216e-01,-1.490062624216079712e-01,-1.757835149765014648e-01,-1.859441697597503662e-01,-1.197222992777824402e-01,-7.694768160581588745e-02,-4.904428496956825256e-02,1.846057921648025513e-01,9.621511399745941162e-02,1.385052651166915894e-01,2.769731171429157257e-02,3.517100214958190918e-01,1.391839608550071716e-02,6.988719850778579712e-02,-2.217695116996765137e-01,8.591081947088241577e-02,3.910380974411964417e-02,6.857492029666900635e-02,-5.641351267695426941e-02,2.424499541521072388e-01,1.972845643758773804e-01,2.002896666526794434e-01,1.894043385982513428e-01,2.800913155078887939e-01,1.744065582752227783e-01,6.325978320091962814e-03,-4.267252981662750244e-02,1.495700776576995850e-01,6.372562795877456665e-02,3.795611113309860229e-02,1.045578792691230774e-01,7.400168478488922119e-02,6.274073384702205658e-03,1.296757608652114868e-01,-3.136102482676506042e-02,1.269386410713195801e-01,-1.662871688604354858e-01,-6.012870743870735168e-02,7.264424115419387817e-02,-8.427509665489196777e-02,-6.152500957250595093e-02,-3.405597805976867676e-01,4.075103253126144409e-02,-1.777203381061553955e-01,-2.906796894967556000e-02,3.477539494633674622e-02,-1.355764418840408325e-01,-2.745943665504455566e-01,-1.797469407320022583e-01,-2.998248338699340820e-01,-1.663366705179214478e-01,-1.094762161374092102e-01,-2.353431098163127899e-02,-4.631044343113899231e-02,2.111121080815792084e-02,-1.481590569019317627e-01,-1.205593124032020569e-01,-8.977536857128143311e-02,3.582583740353584290e-02,8.327739685773849487e-02,-2.307469956576824188e-02,-2.556097805500030518e-01,-1.942551434040069580e-01,-1.096796616911888123e-01,-4.894143342971801758e-02,-1.432541459798812866e-01,-9.746041148900985718e-02
