0.000000000000000000e+00,6.647222638130187988e-01,3.295246958732604980e-01,-4.323030710220336914e-01,-8.481197804212570190e-02,-2.686401605606079102e-01,1.455431878566741943e-01,-4.935767054557800293e-01,-7.657145708799362183e-02,-3.412313759326934814e-01,7.544880360364913940e-02,-2.163479626178741455e-01,3.089472651481628418e-01,-5.109948515892028809e-01,8.605193346738815308e-02,-4.751923978328704834e-01,1.456565707921981812e-01,1.645675748586654663e-01,5.412498712539672852e-01,3.580105006694793701e-01,-2.091129273176193237e-01,-1.882762163877487183e-01,8.534767478704452515e-02,-3.072167336940765381e-01,2.239777706563472748e-03,-2.707514166831970215e-01,-1.878325343132019043e-01,-3.491986989974975586e-01,7.455430924892425537e-02,-1.390859037637710571e-01,-1.363791525363922119e-01,-1.895145475864410400e-01,-8.484783023595809937e-02,-1.943459957838058472e-01,-5.489509180188179016e-02,-1.845951080322265625e-01,-8.989991247653961182e-02,-8.160234987735748291e-02,-1.006640419363975525e-01,-3.824888169765472412e-02,-1.853347420692443848e-01,-1.558900624513626099e-01,-2.726037502288818359e-01,-2.092903405427932739e-01,-1.364434957504272461e-01,-9.252813458442687988e-02,-2.684419043362140656e-02,1.250813603401184082e-01,3.811417147517204285e-02,3.242763280868530273e-01,2.138041108846664429e-01,3.371153175830841064e-01,2.334021925926208496e-01,4.032351672649383545e-01,1.037357375025749207e-01,2.101838737726211548e-01,6.048580408096313477e-01,5.729658007621765137e-01,2.143864035606384277e-01,2.644233703613281250e-01,6.322245579212903976e-03,-4.364029765129089355e-01,3.343850076198577881e-01,-1.044958755373954773e-01,5.816440656781196594e-02,-4.440340995788574219e-01,-1.229414865374565125e-01,-3.745974898338317871e-01,5.465105772018432617e-01,5.247592926025390625e-01,-4.447733238339424133e-02,-3.776051849126815796e-02,3.211583942174911499e-02,-3.102803044021129608e-02,-7.466648519039154053e-02,-1.835820823907852173e-01,-9.613888710737228394e-02,-1.981114000082015991e-01,-8.092384040355682373e-02,5.073820054531097412e-02,-3.981534019112586975e-02,-1.207131799310445786e-02,-4.392188042402267456e-02,-8.594075590372085571e-02,8.142260462045669556e-02,-4.620983600616455078e-01,-9.909790754318237305e-02,-6.972600519657135010e-02,5.278411135077476501e-02,-2.588414847850799561e-01,-4.044803380966186523e-01,6.639839708805084229e-02,-3.633013069629669189e-01,2.332438528537750244e-02,-1.409500837326049805e-01,-2.717568352818489075e-02,1.121613010764122009e-01,1.052296310663223267e-01,-2.647980116307735443e-02,8.645726740360260010e-02,3.224733471870422363e-02,8.930060267448425293e-02,-7.630368322134017944e-02,9.131261147558689117e-03,-1.220000088214874268e-01,7.645453792065382004e-03,2.646735310554504395e-02,-4.268346354365348816e-02,4.243989661335945129e-02,9.507602226221933961e-05,-7.227556407451629639e-02,2.491006553173065186e-01,7.199560850858688354e-02,-2.070170044898986816e-01,1.083315014839172363e-01,9.313884377479553223e-02
6.647222638130187988e-01,0.000000000000000000e+00,1.586413085460662842e-01,-4.107209146022796631e-01,4.516597464680671692e-02,-7.985181361436843872e-02,-1.376543194055557251e-01,-5.163645148277282715e-01,-1.507033221423625946e-02,-2.903447151184082031e-01,-7.745841890573501587e-02,-1.263616234064102173e-01,2.277127280831336975e-02,-4.802941679954528809e-01,-5.335434898734092712e-02,-4.102624356746673584e-01,3.525050580501556396e-01,3.875506520271301270e-01,3.042942285537719727e-01,3.013832271099090576e-01,-1.044821962714195251e-01,-1.528567671775817871e-01,9.315492585301399231e-03,-3.327397704124450684e-01,1.119071915745735168e-01,-1.052176579833030701e-01,-1.504252254962921143e-01,-1.956849694252014160e-01,9.210076183080673218e-02,-6.987115833908319473e-03,-1.419577747583389282e-01,-2.281391248106956482e-02,-6.207146495580673218e-02,-1.136030629277229309e-01,4.669387266039848328e-02,-1.384060829877853394e-01,-3.645918145775794983e-02,-3.742574155330657959e-02,-1.408563256263732910e-01,-1.074348576366901398e-02,-1.163800433278083801e-01,-9.247802197933197021e-02,-4.222895801067352295e-01,-3.588584661483764648e-01,7.649446371942758560e-03,-2.160420455038547516e-02,-3.865972533822059631e-02,-1.664825901389122009e-02,1.302945762872695923e-01,3.835881352424621582e-01,3.379177749156951904e-01,3.922686278820037842e-01,3.092077076435089111e-01,4.841930568218231201e-01,1.236767917871475220e-01,1.140848994255065918e-01,7.479506134986877441e-01,7.494785785675048828e-01,1.579496860504150391e-01,3.946784734725952148e-01,-5.006708949804306030e-02,-3.809673786163330078e-01,3.477364778518676758e-01,-3.810485824942588806e-02,1.187971159815788269e-01,-3.153173029422760010e-01,-6.176166608929634094e-02,-2.854630649089813232e-01,6.167439818382263184e-01,6.105244755744934082e-01,-5.541911721229553223e-02,3.470133058726787567e-03,-5.517515819519758224e-03,6.124228704720735550e-03,-1.931488215923309326e-01,-2.236604839563369751e-01,-1.677409857511520386e-01,-1.248749867081642151e-01,1.282886713743209839e-01,9.866079688072204590e-02,1.429911404848098755e-01,2.058776468038558960e-01,-3.205145522952079773e-02,-1.279585063457489014e-01,1.342951506376266479e-01,-3.268124461174011230e-01,-8.726962655782699585e-02,-1.265490707010030746e-02,6.678204238414764404e-02,-2.531427443027496338e-01,-5.185355544090270996e-01,-1.072630882263183594e-01,-3.742037415504455566e-01,-1.129112839698791504e-01,-2.476654350757598877e-01,-1.627450585365295410e-01,3.851495310664176941e-02,1.270927488803863525e-01,-1.230697482824325562e-01,-1.237113699316978455e-01,1.058276742696762085e-02,-4.762877151370048523e-02,-1.473895013332366943e-01,-9.856851398944854736e-02,-2.112279385328292847e-01,-1.065827757120132446e-01,6.596246361732482910e-02,1.491709705442190170e-02,-1.176260709762573242e-01,-6.455313414335250854e-02,-9.481577575206756592e-02,2.160867005586624146e-01,2.993890829384326935e-02,-3.531595766544342041e-01,4.937144741415977478e-02,2.444523153826594353e-03
3.295246958732604980e-01,1.586413085460662842e-01,0.000000000000000000e+00,-8.551862835884094238e-02,9.972860664129257202e-02,-1.169071942567825317e-01,5.324349403381347656e-01,-1.740737110376358032e-01,1.868318766355514526e-01,-1.950110495090484619e-01,-3.422121284529566765e-03,-3.270701169967651367e-01,4.731336832046508789e-01,-2.363290637731552124e-01,1.797622442245483398e-01,-2.278363406658172607e-01,-1.436659395694732666e-01,-1.723454594612121582e-01,3.704202473163604736e-01,2.052725553512573242e-01,-1.557661890983581543e-01,-1.939862519502639771e-01,5.367612242698669434e-01,-1.372918114066123962e-02,1.794725060462951660e-01,-4.984854161739349365e-02,-2.031331062316894531e-01,-2.452990561723709106e-01,-1.844051480293273926e-02,-2.945260703563690186e-01,2.205324023962020874e-01,-7.807357609272003174e-02,-3.068768605589866638e-02,-1.399438232183456421e-01,-6.602927297353744507e-02,-1.423529982566833496e-01,-1.336818784475326538e-01,-1.082635372877120972e-01,-1.234843581914901733e-01,-1.034602895379066467e-01,-2.473658621311187744e-01,-3.487704098224639893e-01,4.231522604823112488e-02,2.495409175753593445e-02,-3.138109743595123291e-01,-3.249529898166656494e-01,-3.421689942479133606e-02,1.409613154828548431e-02,-1.972370743751525879e-01,-2.067883685231208801e-02,-1.643715500831604004e-01,-4.038133472204208374e-02,-1.138687320053577423e-02,4.337065666913986206e-02,-1.705047786235809326e-01,-4.963942244648933411e-02,8.279011398553848267e-02,3.980919718742370605e-02,1.097119674086570740e-01,-1.993393898010253906e-01,1.402962803840637207e-01,-2.757011353969573975e-01,-2.419411577284336090e-02,-2.530821859836578369e-01,2.137659639120101929e-01,-3.112323284149169922e-01,-9.922236204147338867e-02,-3.572463095188140869e-01,1.965147852897644043e-01,2.433865368366241455e-01,1.241417974233627319e-01,1.203715279698371887e-01,1.582337021827697754e-01,1.679020747542381287e-02,7.787930965423583984e-02,-4.481340199708938599e-02,7.783006876707077026e-02,-1.304433196783065796e-01,-1.962315589189529419e-01,-1.780041903257369995e-01,-3.169953525066375732e-01,-2.561024725437164307e-01,-2.155652344226837158e-01,-1.951419562101364136e-01,2.434903755784034729e-02,-3.833625316619873047e-01,-1.758716106414794922e-01,-2.559144198894500732e-01,-1.157734170556068420e-02,-2.951203584671020508e-01,-1.090612169355154037e-02,4.571628868579864502e-01,-8.007381111383438110e-02,1.421051025390625000e-01,2.267685951665043831e-03,3.619588911533355713e-03,1.611443422734737396e-02,-4.251467436552047729e-02,2.116484940052032471e-02,3.137982785701751709e-01,7.505460083484649658e-02,-2.636738494038581848e-02,9.050182253122329712e-02,3.637187555432319641e-02,-3.592362254858016968e-02,1.607285290956497192e-01,4.206834360957145691e-02,-1.866138540208339691e-02,1.346267908811569214e-01,-7.759976387023925781e-02,-1.369639337062835693e-01,1.063266862183809280e-02,-6.578962504863739014e-02,1.360356956720352173e-01,1.190082058310508728e-01,5.648304522037506104e-02
-4.323030710220336914e-01,-4.107209146022796631e-01,-8.551862835884094238e-02,0.000000000000000000e+00,-8.912266045808792114e-02,8.204604685306549072e-02,1.150002330541610718e-01,6.844412088394165039e-01,-7.227063924074172974e-02,3.285419046878814697e-01,-8.593529462814331055e-02,1.094117462635040283e-01,-2.198896706104278564e-01,5.005456209182739258e-01,-1.650922000408172607e-01,2.411904782056808472e-01,-3.511199057102203369e-01,-4.325576126575469971e-01,-3.196815550327301025e-01,-3.516684100031852722e-02,-9.952185302972793579e-02,-3.510331967845559120e-03,9.993150085210800171e-02,5.993940234184265137e-01,-1.809468418359756470e-01,7.033722102642059326e-02,-1.348100304603576660e-01,2.659401111304759979e-02,-4.051580727100372314e-01,-2.792783379554748535e-01,-4.569552093744277954e-02,8.812486380338668823e-02,2.129397243261337280e-01,2.951419949531555176e-01,1.269673854112625122e-01,3.846334517002105713e-01,-9.838800877332687378e-02,-7.132175564765930176e-02,5.027430504560470581e-02,-1.821091631427407265e-03,-8.255434036254882812e-02,-5.894458666443824768e-02,4.086460173130035400e-02,1.902250014245510101e-02,-2.787547409534454346e-01,-1.271060407161712646e-01,-2.251348495483398438e-01,-1.435212492942810059e-01,-1.689037829637527466e-01,-3.540305495262145996e-01,-2.442083358764648438e-01,-2.634602189064025879e-01,-2.018757015466690063e-01,-4.404354989528656006e-01,-3.168900012969970703e-01,-3.007553219795227051e-01,-4.441420137882232666e-01,-4.559679925441741943e-01,4.836729168891906738e-02,-9.499142318964004517e-02,2.723839282989501953e-01,5.350631475448608398e-01,-3.904646933078765869e-01,3.077163733541965485e-02,1.219552829861640930e-01,6.363254785537719727e-01,2.923630177974700928e-01,3.855420351028442383e-01,-3.382511138916015625e-01,-4.481907188892364502e-01,5.183073133230209351e-02,-1.577000878751277924e-02,-8.826899528503417969e-02,-9.625209122896194458e-02,-9.441643953323364258e-02,-1.197551935911178589e-02,-3.775223623961210251e-03,3.845653682947158813e-02,-1.117077395319938660e-01,-1.204489916563034058e-01,-3.924245536327362061e-01,-3.317914307117462158e-01,-2.121130079030990601e-01,-3.113585524260997772e-03,-2.635361552238464355e-01,4.494423568248748779e-01,5.514946207404136658e-02,-1.701007969677448273e-02,6.197015754878520966e-03,1.504607796669006348e-01,5.473300814628601074e-01,-5.050059407949447632e-02,3.514082431793212891e-01,-5.775126162916421890e-03,1.328475028276443481e-01,9.816662967205047607e-02,-1.367850750684738159e-01,-2.690956294536590576e-01,-7.444025576114654541e-02,-9.626144915819168091e-02,6.534086912870407104e-02,-3.833048045635223389e-02,2.411208748817443848e-01,1.045655682682991028e-01,8.672193437814712524e-02,1.289704740047454834e-01,1.328074932098388672e-01,-4.239381849765777588e-02,1.140571832656860352e-01,8.871636539697647095e-02,-1.899974644184112549e-01,-2.546864151954650879e-01,-1.068972423672676086e-01,3.585473895072937012e-01,8.019211888313293457e-02,-2.379355952143669128e-02
-8.481197804212570190e-02,4.516597464680671692e-02,9.972860664129257202e-02,-8.912266045808792114e-02,0.000000000000000000e+00,4.911452531814575195e-01,-2.713002637028694153e-02,-1.246456652879714966e-01,5.330132842063903809e-01,2.515371441841125488e-01,-3.635336458683013916e-02,-2.728592976927757263e-02,-9.032676368951797485e-02,-8.495096117258071899e-02,1.153465807437896729e-01,1.827106773853302002e-01,1.336797624826431274e-01,2.807419514283537865e-04,5.622278898954391479e-03,6.919135898351669312e-02,2.222703099250793457e-01,7.764812558889389038e-03,7.443021237850189209e-02,-1.218550577759742737e-01,3.483133614063262939e-01,4.910276532173156738e-01,2.777576744556427002e-01,2.175366282463073730e-01,5.519873648881912231e-02,3.353932499885559082e-02,2.354067862033843994e-01,2.838706970214843750e-01,1.733492165803909302e-01,2.083698958158493042e-01,-1.494769752025604248e-02,-6.637181341648101807e-02,-6.177354976534843445e-02,-3.229179233312606812e-02,-1.424662321805953979e-01,4.206447303295135498e-02,-1.286586225032806396e-01,-1.073419451713562012e-01,-1.632275432348251343e-02,4.302867501974105835e-02,1.625641435384750366e-02,-3.737162426114082336e-02,1.244079768657684326e-01,-1.589251011610031128e-01,-4.025187343358993530e-02,-2.073124283924698830e-03,8.173027075827121735e-03,-6.779585778713226318e-02,-1.451104432344436646e-01,-4.279219731688499451e-02,-2.792506013065576553e-03,-1.106089204549789429e-01,9.982522577047348022e-02,4.862744361162185669e-02,-3.341815993189811707e-02,-5.166208744049072266e-02,-2.071633934974670410e-02,-1.600350998342037201e-02,1.333480179309844971e-01,3.545764461159706116e-02,4.510631039738655090e-02,-1.130364164710044861e-01,8.574801497161388397e-03,1.112812664359807968e-02,4.930097982287406921e-02,1.355601996183395386e-01,3.742932379245758057e-01,2.652206420898437500e-01,5.595729872584342957e-02,5.039883777499198914e-02,5.673933401703834534e-02,5.944934114813804626e-02,4.484287649393081665e-02,7.687430083751678467e-02,6.023798603564500809e-03,-7.680954784154891968e-02,8.381342142820358276e-02,7.557904720306396484e-02,-1.277362704277038574e-01,-2.480118572711944580e-01,1.010570023208856583e-02,-1.195894554257392883e-01,-4.171499237418174744e-02,-4.376437515020370483e-02,-1.847194880247116089e-01,-7.145894318819046021e-02,-1.213702037930488586e-01,7.779112458229064941e-02,-3.217912092804908752e-02,-2.162276357412338257e-01,-7.644072920083999634e-02,-2.208752632141113281e-01,-4.627381265163421631e-02,-7.201378047466278076e-02,1.501681562513113022e-02,-1.246061455458402634e-02,-1.794807985424995422e-02,-1.018295213580131531e-01,-2.302529104053974152e-02,-1.072568297386169434e-01,-1.460909992456436157e-01,-8.296842128038406372e-02,1.203889697790145874e-01,-3.853348270058631897e-02,-1.616073399782180786e-01,7.632541656494140625e-02,-1.062419451773166656e-02,2.876251004636287689e-02,-6.953756511211395264e-02,5.240688100457191467e-02,1.054386794567108154e-01,-2.829917669296264648e-01
-2.686401605606079102e-01,-7.985181361436843872e-02,-1.169071942567825317e-01,8.204604685306549072e-02,4.911452531814575195e-01,0.000000000000000000e+00,-1.372204273939132690e-01,6.604184955358505249e-02,3.728894591331481934e-01,3.485883772373199463e-01,1.761582493782043457e-02,2.295793145895004272e-01,-2.072553336620330811e-01,1.422683894634246826e-01,5.293469410389661789e-03,3.236371874809265137e-01,1.885014176368713379e-01,5.809457600116729736e-02,-1.407483816146850586e-01,3.551907092332839966e-02,1.371575444936752319e-01,-3.589821606874465942e-02,-8.795502781867980957e-02,-6.277282536029815674e-02,1.936535239219665527e-01,4.113273024559020996e-01,1.948629915714263916e-01,3.111586570739746094e-01,9.264945983886718750e-02,1.737584024667739868e-01,1.794940233230590820e-01,3.182279169559478760e-01,2.024528086185455322e-01,2.716804742813110352e-01,-1.846416387706995010e-03,-2.668218873441219330e-02,-9.494037181138992310e-02,-9.114589542150497437e-02,-1.621327847242355347e-01,-8.915512263774871826e-02,-6.608720123767852783e-02,-1.543201878666877747e-02,-2.877230942249298096e-02,2.690003812313079834e-02,1.431067585945129395e-01,1.449082195758819580e-01,1.131283119320869446e-01,-1.894417107105255127e-01,1.010293290019035339e-01,-1.756479777395725250e-02,5.559675022959709167e-02,-6.720174103975296021e-02,-1.241207048296928406e-01,-9.119906276464462280e-02,1.534944493323564529e-02,-1.552783250808715820e-01,-3.790273517370223999e-02,-6.247754022479057312e-02,-6.017725449055433273e-03,1.043881848454475403e-02,1.104770824313163757e-01,2.202481776475906372e-01,7.315827161073684692e-02,1.944742202758789062e-01,8.127190172672271729e-03,8.553709089756011963e-02,1.180590502917766571e-02,1.573466956615447998e-01,-1.699484735727310181e-01,-3.929734602570533752e-02,2.670314610004425049e-01,2.231059670448303223e-01,1.411254610866308212e-02,2.406654879450798035e-02,5.051082000136375427e-02,5.965670943260192871e-02,-1.616910658776760101e-02,1.451652795076370239e-01,1.014927476644515991e-01,4.582872614264488220e-02,1.252823472023010254e-01,1.197030618786811829e-01,-1.063504740595817566e-01,-1.710009574890136719e-01,-1.036728098988533020e-01,2.880507335066795349e-02,-1.001713275909423828e-01,-2.353678271174430847e-02,-1.773785054683685303e-01,2.717093005776405334e-02,-3.276700526475906372e-02,-9.261036664247512817e-02,7.416525389999151230e-03,-2.207805514335632324e-01,-9.276279807090759277e-02,-2.625321149826049805e-01,-1.091200336813926697e-01,-8.481480181217193604e-02,-1.648300886154174805e-02,-1.354211866855621338e-01,-4.096014052629470825e-02,-1.124414950609207153e-01,-2.810698747634887695e-02,-3.980039432644844055e-02,-7.840816676616668701e-02,-1.192498803138732910e-01,1.093369722366333008e-01,-6.345112342387437820e-03,-2.490827888250350952e-01,3.599537536501884460e-02,-4.461455345153808594e-02,-5.796453356742858887e-02,-3.143923729658126831e-02,8.191440999507904053e-02,1.013015136122703552e-01,-2.647710144519805908e-01
1.455431878566741943e-01,-1.376543194055557251e-01,5.324349403381347656e-01,1.150002330541610718e-01,-2.713002637028694153e-02,-1.372204273939132690e-01,0.000000000000000000e+00,2.416941374540328979e-01,1.316487193107604980e-01,6.792896986007690430e-02,2.845147848129272461e-01,-7.477508485317230225e-02,5.759061574935913086e-01,2.617635950446128845e-02,2.389637976884841919e-01,-2.822555601596832275e-03,-3.146924972534179688e-01,-4.139878749847412109e-01,4.931618273258209229e-01,2.611822485923767090e-01,-1.541033536195755005e-01,-1.384452879428863525e-01,1.558002233505249023e-01,-1.526915375143289566e-02,-1.644662618637084961e-01,-1.814462989568710327e-01,-6.143841519951820374e-02,-9.761224687099456787e-02,-1.226012688130140305e-02,-2.184129506349563599e-01,1.824680268764495850e-01,-2.653602659702301025e-01,6.491132080554962158e-02,-7.666166871786117554e-02,-3.397226333618164062e-01,-1.894752532243728638e-01,-3.095887005329132080e-01,-2.469133734703063965e-01,-6.946549564599990845e-02,-1.381231397390365601e-01,-2.852103710174560547e-01,-3.277448713779449463e-01,1.711980104446411133e-01,1.873092502355575562e-01,-4.175553023815155029e-01,-2.829886674880981445e-01,-1.056195572018623352e-01,7.588282972574234009e-02,-2.032238095998764038e-01,-1.520631462335586548e-01,-3.946223556995391846e-01,-2.329547852277755737e-01,-1.896840631961822510e-01,-2.397839874029159546e-01,-2.228149175643920898e-01,-4.216989036649465561e-03,-2.718351781368255615e-01,-3.082160949707031250e-01,1.778437495231628418e-01,-2.591348886489868164e-01,3.064841330051422119e-01,6.291867047548294067e-02,-4.678452759981155396e-02,-5.426723510026931763e-02,-1.201511099934577942e-01,-2.297112941741943359e-01,-2.563157081604003906e-01,-3.245065510272979736e-01,-7.413188368082046509e-02,-4.566957801580429077e-02,2.237779200077056885e-01,1.416711062192916870e-01,1.599658429622650146e-01,9.766939282417297363e-02,1.769664436578750610e-01,4.008569195866584778e-02,2.436580955982208252e-01,1.274892129004001617e-03,-3.257525861263275146e-01,-1.656142324209213257e-01,-4.219519495964050293e-01,-4.434575736522674561e-01,-2.026080489158630371e-01,-6.142593175172805786e-02,-1.945158392190933228e-01,-3.482077121734619141e-01,-1.681203246116638184e-01,-2.731126248836517334e-01,-6.040460616350173950e-02,-1.105676963925361633e-01,3.084003925323486328e-01,4.607562720775604248e-01,1.542928516864776611e-01,3.095554113388061523e-01,1.608471423387527466e-01,1.607600599527359009e-01,1.339384764432907104e-01,-3.684797510504722595e-02,2.151041775941848755e-01,4.566705822944641113e-01,2.190354317426681519e-01,2.698960602283477783e-01,2.742271721363067627e-01,2.873267233371734619e-01,1.487840712070465088e-01,2.618673443794250488e-01,5.284977704286575317e-02,-5.057846009731292725e-02,2.189797759056091309e-01,9.100761264562606812e-02,-1.808339543640613556e-02,-4.659006372094154358e-03,2.532586269080638885e-02,2.589052915573120117e-01,1.798330396413803101e-01,1.443412005901336670e-01
-4.935767054557800293e-01,-5.163645148277282715e-01,-1.740737110376358032e-01,6.844412088394165039e-01,-1.246456652879714966e-01,6.604184955358505249e-02,2.416941374540328979e-01,0.000000000000000000e+00,-6.170347705483436584e-02,3.168319165706634521e-01,7.901638746261596680e-02,3.118754625320434570e-01,-9.128791093826293945e-02,6.131901741027832031e-01,-1.603526324033737183e-01,2.657130360603332520e-01,-3.245870471000671387e-01,-3.963853120803833008e-01,-2.253641635179519653e-01,-3.909833729267120361e-02,-1.116464734077453613e-01,-8.948303014039993286e-02,-6.317723542451858521e-02,3.896523118019104004e-01,-2.535493671894073486e-01,6.843398511409759521e-02,-1.133472621440887451e-01,5.655176565051078796e-02,-1.881865262985229492e-01,-9.881746023893356323e-02,1.255539506673812866e-01,1.124883443117141724e-01,2.106360793113708496e-01,3.025099337100982666e-01,-7.526398450136184692e-02,2.156904786825180054e-01,-1.673711091279983521e-01,-1.210822835564613342e-01,-1.098279375582933426e-02,-1.002098843455314636e-01,-1.131374612450599670e-01,-1.528417319059371948e-01,2.122643738985061646e-01,1.972970813512802124e-01,-1.737910807132720947e-01,-2.437895163893699646e-02,-1.249466538429260254e-01,-1.069777905941009521e-01,-7.311981171369552612e-02,-3.495213985443115234e-01,-3.575205504894256592e-01,-3.897713422775268555e-01,-1.978553235530853271e-01,-5.363656878471374512e-01,-3.248106837272644043e-01,-3.285806775093078613e-01,-5.448699593544006348e-01,-5.886800289154052734e-01,2.362602762877941132e-02,-1.763750016689300537e-01,3.031110465526580811e-01,6.457775831222534180e-01,-3.178836405277252197e-01,1.283927112817764282e-01,-9.378610551357269287e-02,5.175432562828063965e-01,9.421870112419128418e-02,3.037950098514556885e-01,-4.738043844699859619e-01,-5.235020518302917480e-01,1.229557916522026062e-01,9.051042795181274414e-02,4.864759370684623718e-02,8.188127726316452026e-02,1.750462502241134644e-02,1.794137209653854370e-01,4.613718762993812561e-02,7.578338682651519775e-02,-8.141981065273284912e-02,-5.575567856431007385e-02,-2.668714821338653564e-01,-2.674461603164672852e-01,-2.213757634162902832e-01,-6.073893234133720398e-02,-3.040580749511718750e-01,3.052830696105957031e-01,-7.073595374822616577e-02,-1.576653271913528442e-01,-1.123289465904235840e-01,1.149239167571067810e-01,6.313069462776184082e-01,1.803389936685562134e-02,4.059315323829650879e-01,5.556767433881759644e-02,1.048861443996429443e-01,6.054453179240226746e-02,-1.055567637085914612e-01,-2.376779019832611084e-01,8.832507580518722534e-02,3.902927739545702934e-03,1.467175036668777466e-01,9.891069680452346802e-02,2.876252532005310059e-01,1.696068495512008667e-01,8.841837942600250244e-02,9.593068808317184448e-02,7.652444392442703247e-02,-2.331847697496414185e-02,5.739398300647735596e-02,1.035301387310028076e-01,-1.257862597703933716e-01,-2.252337634563446045e-01,-5.103227496147155762e-02,3.679153919219970703e-01,8.605358749628067017e-02,-3.586439788341522217e-02
-7.657145708799362183e-02,-1.507033221423625946e-02,1.868318766355514526e-01,-7.227063924074172974e-02,5.330132842063903809e-01,3.728894591331481934e-01,1.316487193107604980e-01,-6.170347705483436584e-02,0.000000000000000000e+00,4.400440752506256104e-01,1.413564682006835938e-01,7.550465315580368042e-02,1.920000463724136353e-01,7.080862671136856079e-02,3.244935870170593262e-01,3.013540208339691162e-01,1.175945438444614410e-02,-5.986291542649269104e-02,1.645783148705959320e-02,2.585547231137752533e-02,1.558139771223068237e-01,-6.074178963899612427e-02,6.691859662532806396e-02,-1.192316412925720215e-01,1.496311128139495850e-01,1.875867247581481934e-01,2.886959314346313477e-01,2.942637205123901367e-01,6.602494418621063232e-02,2.765050530433654785e-02,7.537391781806945801e-02,3.726640343666076660e-02,-3.975808620452880859e-02,-2.436902187764644623e-02,-2.481873184442520142e-01,-2.670499980449676514e-01,-2.613404691219329834e-01,-2.709532380104064941e-01,-2.885571122169494629e-01,-1.878184676170349121e-01,-1.447197794914245605e-01,-1.737591624259948730e-01,-4.519269615411758423e-02,2.654329873621463776e-02,-6.882295757532119751e-02,-8.886973559856414795e-02,8.032570034265518188e-02,-9.966776520013809204e-02,-2.683659270405769348e-02,1.265004090964794159e-02,-1.519620697945356369e-02,-7.175220549106597900e-02,-1.988398283720016479e-01,-1.595741324126720428e-02,-1.362927556037902832e-01,-1.390197426080703735e-01,-4.586118459701538086e-02,-5.061488226056098938e-02,5.053411796689033508e-02,-1.199281737208366394e-01,2.498512119054794312e-01,3.302000090479850769e-02,1.208246350288391113e-01,5.303980037569999695e-02,-7.301654201000928879e-03,-1.480898857116699219e-01,-2.598541975021362305e-01,-2.815711796283721924e-01,5.831647291779518127e-02,1.242750734090805054e-01,2.487795650959014893e-01,1.652024388313293457e-01,4.951699450612068176e-02,1.861419901251792908e-02,1.006125658750534058e-01,3.046023100614547729e-02,3.576342016458511353e-02,6.830711662769317627e-02,-9.690026193857192993e-02,-1.069021373987197876e-01,3.887053579092025757e-02,7.594165951013565063e-02,-1.129944548010826111e-01,-1.799623221158981323e-01,1.012896299362182617e-01,-8.921731263399124146e-02,-9.672154486179351807e-02,-4.551171511411666870e-02,-1.174149736762046814e-01,-1.050202623009681702e-01,-2.935476042330265045e-02,2.956317663192749023e-01,8.394528180360794067e-02,-2.684441395103931427e-02,-1.304363310337066650e-01,-2.101486772298812866e-01,-1.468240618705749512e-01,-1.783489286899566650e-01,-1.176373288035392761e-02,1.001375690102577209e-01,-8.132163435220718384e-02,-1.367147564888000488e-01,-9.053551405668258667e-02,-1.689732372760772705e-01,-1.654445827007293701e-01,-1.211998015642166138e-01,9.405166655778884888e-02,-5.834570899605751038e-02,-1.564241945743560791e-01,1.219074521213769913e-02,-3.607242600992321968e-03,-2.963152341544628143e-02,2.615367062389850616e-02,3.620930388569831848e-02,6.534262746572494507e-02,-2.020738273859024048e-01
-3.412313759326934814e-01,-2.903447151184082031e-01,-1.950110495090484619e-01,3.285419046878814697e-01,2.515371441841125488e-01,3.485883772373199463e-01,6.792896986007690430e-02,3.168319165706634521e-01,4.400440752506256104e-01,0.000000000000000000e+00,1.342206448316574097e-01,2.598829269409179688e-01,-2.363525703549385071e-02,3.813097178936004639e-01,3.428793847560882568e-01,6.298880577087402344e-01,-2.282188683748245239e-01,-2.739145457744598389e-01,-1.476055979728698730e-01,-2.363143488764762878e-02,1.504833549261093140e-01,5.237594246864318848e-02,-1.668588072061538696e-01,1.586522012948989868e-01,-9.404289722442626953e-02,7.387959957122802734e-02,3.697283864021301270e-01,3.730694353580474854e-01,-1.811868101358413696e-01,-1.826541684567928314e-02,-1.024935021996498108e-01,-2.527577057480812073e-02,8.353459835052490234e-02,1.296651959419250488e-01,-1.671556383371353149e-01,1.694492809474468231e-02,-2.660851478576660156e-01,-1.980437040328979492e-01,-1.004929766058921814e-01,-1.075124517083168030e-01,-1.267697215080261230e-01,-2.524447068572044373e-02,-1.165119931101799011e-02,4.616136103868484497e-02,-7.740943133831024170e-02,7.084637135267257690e-02,-7.091257721185684204e-02,-1.070610582828521729e-01,1.042202860116958618e-02,-9.810651838779449463e-02,-1.115009263157844543e-01,-1.017093583941459656e-01,-3.105269968509674072e-01,-2.700529694557189941e-01,-2.084472179412841797e-01,-1.346773654222488403e-01,-3.756865262985229492e-01,-3.200307488441467285e-01,4.202038422226905823e-02,-3.194165974855422974e-02,2.354324907064437866e-01,3.471025526523590088e-01,-1.517667621374130249e-01,1.009599640965461731e-01,-1.279762238264083862e-01,2.202139943838119507e-01,-6.109469756484031677e-02,8.394835144281387329e-02,-2.067763060331344604e-01,-1.487782448530197144e-01,1.909562051296234131e-01,5.383975431323051453e-02,-1.236324459314346313e-01,-1.040721386671066284e-01,1.364404261112213135e-01,-2.126119658350944519e-02,1.140431389212608337e-01,1.921795904636383057e-01,-2.320061773061752319e-01,-9.547405689954757690e-02,-1.242247968912124634e-01,-1.553054153919219971e-01,-1.002705395221710205e-01,9.783291816711425781e-02,-1.261151582002639771e-01,2.056526541709899902e-01,6.222620233893394470e-02,1.064187735319137573e-01,-5.901713296771049500e-02,1.502611786127090454e-01,2.800582051277160645e-01,2.093330211937427521e-02,2.182076126337051392e-01,1.440076623111963272e-02,-6.694470345973968506e-02,-9.266889840364456177e-02,-5.546813830733299255e-02,-2.105151116847991943e-01,-6.840547174215316772e-02,1.673206128180027008e-02,-1.033245623111724854e-01,-9.601363539695739746e-02,1.257977355271577835e-02,1.947066746652126312e-02,5.548530444502830505e-02,-2.443834580481052399e-02,3.408680483698844910e-02,-1.610469967126846313e-01,-5.448298901319503784e-02,1.923539787530899048e-01,-6.236573681235313416e-03,-2.379931360483169556e-01,-6.975713372230529785e-02,1.601684987545013428e-01,6.710171699523925781e-02,-1.511559039354324341e-01
7.544880360364913940e-02,-7.745841890573501587e-02,-3.422121284529566765e-03,-8.593529462814331055e-02,-3.635336458683013916e-02,1.761582493782043457e-02,2.845147848129272461e-01,7.901638746261596680e-02,1.413564682006835938e-01,1.342206448316574097e-01,0.000000000000000000e+00,3.953396975994110107e-01,3.634032905101776123e-01,1.616166681051254272e-01,1.618709564208984375e-01,1.205761358141899109e-01,1.404003053903579712e-01,-3.208307549357414246e-02,2.974572479724884033e-01,3.063319027423858643e-01,-1.425477415323257446e-01,-2.224971503019332886e-01,-2.240820080041885376e-01,-2.455786615610122681e-01,-2.902359068393707275e-01,-2.002407908439636230e-01,1.310340594500303268e-02,1.545982062816619873e-02,3.135719597339630127e-01,1.784858107566833496e-01,1.074296459555625916e-01,-1.895441114902496338e-01,1.253856867551803589e-01,4.291424900293350220e-02,-4.796394407749176025e-01,-3.696530461311340332e-01,-3.396400213241577148e-01,-3.317308723926544189e-01,-2.957034111022949219e-01,-3.967984020709991455e-01,-1.551907658576965332e-01,-1.665224432945251465e-01,1.730388104915618896e-01,2.474375367164611816e-01,-6.702372431755065918e-02,7.344573736190795898e-02,1.275141686201095581e-01,8.410914242267608643e-02,1.072189286351203918e-01,1.221116166561841965e-02,-1.236440390348434448e-01,-1.605082005262374878e-01,-1.212410405278205872e-01,-1.905832141637802124e-01,-2.495534271001815796e-01,-7.807818800210952759e-02,-1.246499866247177124e-01,-2.037907838821411133e-01,1.132954657077789307e-01,-2.153274044394493103e-02,2.381211519241333008e-01,1.971036940813064575e-01,3.183805644512176514e-01,3.622108697891235352e-01,-4.424777925014495850e-01,-2.808176577091217041e-01,-4.128912389278411865e-01,-2.411227226257324219e-01,-2.240132540464401245e-01,-1.117620021104812622e-01,1.073522493243217468e-01,2.308311499655246735e-02,1.158162727952003479e-01,1.257891207933425903e-01,2.217694222927093506e-01,8.099763840436935425e-02,1.434717923402786255e-01,1.201483532786369324e-01,-4.332293570041656494e-02,1.359451115131378174e-01,-5.324563384056091309e-02,-2.929389104247093201e-02,-1.619815453886985779e-02,-5.861990153789520264e-02,-3.034368157386779785e-01,-2.696538865566253662e-01,-2.487878799438476562e-01,-1.937557607889175415e-01,-1.764939278364181519e-01,-1.703923754394054413e-02,3.687978908419609070e-02,1.179987043142318726e-01,9.691245853900909424e-03,1.079917401075363159e-01,-5.296853557229042053e-02,-1.018449850380420685e-02,-6.160251051187515259e-02,-1.305083483457565308e-01,8.626586198806762695e-02,1.787732690572738647e-01,1.819431334733963013e-01,1.863628327846527100e-01,6.502489000558853149e-02,1.681508868932723999e-01,5.621224641799926758e-02,7.935412973165512085e-02,3.158082440495491028e-02,-3.972578048706054688e-02,3.082283399999141693e-02,6.217148527503013611e-02,-2.841527573764324188e-03,-8.483229205012321472e-03,2.854228764772415161e-02,2.284976653754711151e-02,4.225704818964004517e-02,-4.175884649157524109e-03
-2.163479626178741455e-01,-1.263616234064102173e-01,-3.270701169967651367e-01,1.094117462635040283e-01,-2.728592976927757263e-02,2.295793145895004272e-01,-7.477508485317230225e-02,3.118754625320434570e-01,7.550465315580368042e-02,2.598829269409179688e-01,3.953396975994110107e-01,0.000000000000000000e+00,-6.734835356473922729e-02,4.346174001693725586e-01,-9.319855272769927979e-02,2.767086327075958252e-01,1.173135042190551758e-01,9.463591128587722778e-02,-6.439214199781417847e-02,1.406129449605941772e-01,-2.703323587775230408e-02,-1.712058931589126587e-01,-3.767895698547363281e-01,-1.016557440161705017e-01,-2.932930290699005127e-01,-2.553779259324073792e-02,-2.900183387100696564e-02,1.468106061220169067e-01,2.758573889732360840e-01,2.954644560813903809e-01,1.594946533441543579e-01,1.646858751773834229e-01,1.863535344600677490e-01,2.911120355129241943e-01,-3.471943140029907227e-01,-1.928469985723495483e-01,-2.513553202152252197e-01,-2.620867788791656494e-01,-2.971743941307067871e-01,-3.657276928424835205e-01,-4.564112424850463867e-02,-1.208957657217979431e-01,1.620164811611175537e-01,2.790125012397766113e-01,2.498889267444610596e-01,3.235885500907897949e-01,1.468236893415451050e-01,-1.014586761593818665e-01,2.960550785064697266e-01,6.881976127624511719e-02,2.326482906937599182e-02,-9.365935623645782471e-02,-6.360708922147750854e-02,-2.575575411319732666e-01,-2.785915434360504150e-01,-3.319748640060424805e-01,-2.006565630435943604e-01,-2.353273630142211914e-01,1.753770411014556885e-01,1.715909242630004883e-01,2.369276583194732666e-01,5.510706901550292969e-01,2.725364565849304199e-01,5.512337088584899902e-01,-3.964497447013854980e-01,7.937853783369064331e-02,-2.523328661918640137e-01,9.159804880619049072e-02,-3.936449289321899414e-01,-2.926543653011322021e-01,1.718788594007492065e-01,1.373423337936401367e-01,1.514951139688491821e-01,1.526144444942474365e-01,8.684240281581878662e-02,7.894763350486755371e-02,8.624182641506195068e-02,2.583051621913909912e-01,5.003219842910766602e-02,1.364597678184509277e-01,1.019637510180473328e-01,1.598418354988098145e-01,-1.100653558969497681e-01,-1.536974906921386719e-01,-2.827341556549072266e-01,6.437820196151733398e-02,-2.460451424121856689e-01,-1.483847349882125854e-01,-2.307947129011154175e-01,2.646706998348236084e-02,1.238761916756629944e-01,-1.487979739904403687e-01,3.812452033162117004e-02,-2.051765173673629761e-01,-2.513104379177093506e-01,-2.948350012302398682e-01,-3.047924041748046875e-01,-2.948998808860778809e-01,1.148862857371568680e-02,-1.193586885929107666e-01,3.804655000567436218e-02,-1.438234839588403702e-02,-3.088433109223842621e-02,-9.937061369419097900e-02,-1.545810103416442871e-01,-2.050345391035079956e-01,-5.252810940146446228e-02,8.406209200620651245e-02,-3.126672208309173584e-01,-4.098258540034294128e-02,-4.786409810185432434e-02,-7.402282953262329102e-02,4.237063229084014893e-02,-7.487864792346954346e-02,-8.178575336933135986e-02,-2.162646353244781494e-01
3.089472651481628418e-01,2.277127280831336975e-02,4.731336832046508789e-01,-2.198896706104278564e-01,-9.032676368951797485e-02,-2.072553336620330811e-01,5.759061574935913086e-01,-9.128791093826293945e-02,1.920000463724136353e-01,-2.363525703549385071e-02,3.634032905101776123e-01,-6.734835356473922729e-02,0.000000000000000000e+00,-3.061943221837282181e-03,5.176581740379333496e-01,-7.570776343345642090e-02,-2.320023626089096069e-01,-2.143498063087463379e-01,4.963372647762298584e-01,1.546727716922760010e-01,-1.380776464939117432e-01,-1.542411148548126221e-01,1.577339172363281250e-01,-1.472913473844528198e-01,-1.645440012216567993e-01,-3.239969909191131592e-01,-8.316450566053390503e-02,-1.745936125516891479e-01,7.429454475641250610e-02,-1.551977246999740601e-01,2.775995433330535889e-02,-3.322432637214660645e-01,-1.631777435541152954e-01,-2.806288301944732666e-01,-3.035391569137573242e-01,-2.877480983734130859e-01,-2.522488236427307129e-01,-1.928156018257141113e-01,-1.172989830374717712e-01,-2.495787590742111206e-01,-2.262295037508010864e-01,-2.735832929611206055e-01,1.223666965961456299e-01,1.241102665662765503e-01,-2.252966612577438354e-01,-1.982346475124359131e-01,-5.484948307275772095e-02,1.325464993715286255e-01,-1.120359897613525391e-01,3.690504236146807671e-03,-2.537167966365814209e-01,-1.187073439359664917e-01,-6.417253613471984863e-02,-3.242617007344961166e-03,-1.932564377784729004e-01,3.204002743586897850e-03,-9.086332470178604126e-02,-1.098319143056869507e-01,1.546290516853332520e-01,-1.538845449686050415e-01,2.467353194952011108e-01,-1.639845073223114014e-01,2.929827664047479630e-03,-1.501945108175277710e-01,-2.340940758585929871e-02,-3.462281823158264160e-01,-3.305313587188720703e-01,-4.657194018363952637e-01,6.507625430822372437e-02,8.192493766546249390e-02,1.297891438007354736e-01,4.840028658509254456e-02,1.564676314592361450e-01,8.665254339575767517e-03,2.192591726779937744e-01,8.308292366564273834e-03,1.291084140539169312e-01,-8.918286114931106567e-02,-2.825554311275482178e-01,-5.015173554420471191e-02,-1.703126281499862671e-01,-2.246859371662139893e-01,-8.171739429235458374e-02,-5.192926526069641113e-02,1.552422940731048584e-01,-3.476931750774383545e-01,-9.954243898391723633e-02,-1.885846853256225586e-01,-5.354387685656547546e-03,-2.200809121131896973e-01,7.116825878620147705e-02,3.782849907875061035e-01,3.543665632605552673e-02,2.409226298332214355e-01,-2.728159911930561066e-02,3.032378852367401123e-02,1.083635464310646057e-01,2.304078079760074615e-02,7.989650219678878784e-02,3.384882807731628418e-01,6.523969769477844238e-02,1.505881249904632568e-01,3.338953852653503418e-02,9.323192387819290161e-02,5.213207378983497620e-02,9.781324118375778198e-02,-6.253861635923385620e-02,-1.409734934568405151e-01,6.835352629423141479e-02,-1.467513386160135269e-02,7.153742760419845581e-02,9.876760840415954590e-02,2.062002941966056824e-02,1.329448968172073364e-01,1.926924139261245728e-01,1.546725630760192871e-01
