0.000000000000000000e+00,1.841636896133422852e-01,-6.334359943866729736e-02,-9.276117198169231415e-03,-1.886606216430664062e-01,5.271172150969505310e-02,2.187829613685607910e-01,2.487438172101974487e-01,-1.432817578315734863e-01,4.998741671442985535e-02,3.759465515613555908e-01,3.581483662128448486e-01,1.552432328462600708e-01,1.756194531917572021e-01,-1.691939979791641235e-01,-2.270664125680923462e-01,6.053419038653373718e-02,1.946630477905273438e-01,4.914788901805877686e-01,3.850647509098052979e-01,-1.008669435977935791e-01,-2.248587161302566528e-01,-1.892782598733901978e-01,-1.760431677103042603e-01,-2.517898082733154297e-01,-2.521306872367858887e-01,-2.304178029298782349e-01,-2.479174584150314331e-01,1.516890823841094971e-01,1.014632061123847961e-01,-3.660114109516143799e-02,-4.580425564199686050e-03,1.476024538278579712e-01,1.513267457485198975e-01,-2.110855579376220703e-01,-2.563298940658569336e-01,-3.643105179071426392e-02,-9.733754396438598633e-02,-1.016550138592720032e-01,-7.262364029884338379e-02,6.120804324746131897e-02,-1.080377325415611267e-01,8.253651857376098633e-02,1.653303056955337524e-01,-8.260086178779602051e-02,7.747983187437057495e-02,1.284624636173248291e-01,1.325518488883972168e-01,3.183235228061676025e-02,1.368742883205413818e-01,7.365965843200683594e-02,8.634458482265472412e-02,2.719909884035587311e-02,-9.535114467144012451e-02,1.106057018041610718e-01,1.519896537065505981e-01,4.772018194198608398e-01,1.599066555500030518e-01,3.896582126617431641e-01,1.853932440280914307e-01,3.821315467357635498e-01,2.225604951381683350e-01,1.858382821083068848e-01,1.529749035835266113e-01,-2.232707738876342773e-01,-9.881987422704696655e-02,-1.254241019487380981e-01,-1.495412588119506836e-01,4.816973805427551270e-01,2.610365748405456543e-01,-9.323884546756744385e-02,-5.240702256560325623e-02,2.036177180707454681e-02,-5.605052039027214050e-02,-6.839757412672042847e-02,-1.374659091234207153e-01,1.023902557790279388e-02,1.627538539469242096e-02,5.375694856047630310e-02,3.174882754683494568e-02,-1.072241459041833878e-02,-9.113024920225143433e-02,8.846464566886425018e-03,-3.634414076805114746e-02,-1.033603847026824951e-01,-3.394452333450317383e-01,-4.619913548231124878e-02,-1.079960092902183533e-01,8.814842253923416138e-02,-1.627265661954879761e-01,-7.690593600273132324e-02,-2.297608107328414917e-01,-2.266706153750419617e-02,-2.214312106370925903e-01,-1.990354210138320923e-01,-1.335029602050781250e-01,-1.573224216699600220e-01,5.087821185588836670e-02,-1.529348939657211304e-01,-8.050721138715744019e-02,-2.930429577827453613e-02,-9.073717892169952393e-02,-1.939041614532470703e-01,-1.823747903108596802e-01,-1.036075353622436523e-01,-9.205770492553710938e-02,-1.078447625041007996e-01,-6.440562009811401367e-02,9.038459509611129761e-02,-4.109486564993858337e-02,-1.131036970764398575e-02,3.483442962169647217e-02,-6.018637493252754211e-02,-4.337954148650169373e-02,-9.320186078548431396e-02,1.028848905116319656e-02
1.841636896133422852e-01,0.000000000000000000e+00,9.294567257165908813e-02,-8.787649124860763550e-02,6.884969770908355713e-02,-1.119757443666458130e-01,-1.300283125601708889e-03,-5.987564474344253540e-02,2.438640967011451721e-02,-2.348844110965728760e-01,3.779096156358718872e-02,-7.515943050384521484e-02,-1.188675910234451294e-01,-2.895798534154891968e-02,-1.646862626075744629e-01,-2.056206464767456055e-01,1.173979938030242920e-01,3.224604129791259766e-01,1.066569164395332336e-01,3.291834890842437744e-01,-1.028700992465019226e-01,-1.092140078544616699e-01,-8.973340690135955811e-02,-1.842513978481292725e-01,6.940113753080368042e-02,5.214716866612434387e-02,-6.087629497051239014e-02,-3.252042084932327271e-02,-7.054825127124786377e-02,2.258777804672718048e-02,-9.952810406684875488e-02,-4.505620151758193970e-02,-4.855163767933845520e-02,2.198844216763973236e-02,-8.954196423292160034e-02,-1.920230090618133545e-01,-6.993999239057302475e-03,1.692355275154113770e-01,-5.187489092350006104e-02,-7.388729602098464966e-02,2.341791987419128418e-02,-4.096222296357154846e-02,-2.218217849731445312e-01,-1.302459686994552612e-01,-1.112177148461341858e-01,-1.867792457342147827e-01,-1.064378246665000916e-01,-1.333770155906677246e-01,-1.174378469586372375e-01,-1.565554924309253693e-02,2.479735761880874634e-02,-5.812390148639678955e-02,7.534693926572799683e-02,4.244129359722137451e-02,-1.223544031381607056e-02,-2.795620262622833252e-02,2.853458821773529053e-01,5.382819175720214844e-01,1.655291467905044556e-01,6.087391451001167297e-02,5.523218959569931030e-02,-2.514974474906921387e-01,2.124120481312274933e-02,1.210877671837806702e-01,7.527535408735275269e-02,-3.834223449230194092e-01,3.647376224398612976e-02,-2.613221108913421631e-01,2.030907124280929565e-01,2.938723564147949219e-01,1.761176250874996185e-02,2.213471196591854095e-02,-7.182363420724868774e-03,1.485536098480224609e-01,-1.057986766099929810e-01,-4.933440685272216797e-02,3.322241827845573425e-02,-4.093381762504577637e-02,1.443670690059661865e-01,-2.127070724964141846e-02,1.617672145366668701e-01,2.477129697799682617e-01,-5.324000120162963867e-02,8.581879734992980957e-02,8.434706181287765503e-02,3.695095330476760864e-02,1.463308464735746384e-02,4.304125532507896423e-02,-1.953929290175437927e-02,-1.338419467210769653e-01,-7.603022456169128418e-02,-6.910137087106704712e-02,-1.077537834644317627e-01,6.933758407831192017e-02,-3.807569295167922974e-02,-1.827750951051712036e-01,5.021203309297561646e-02,4.653915390372276306e-02,3.005396127700805664e-01,7.269222289323806763e-02,-9.911496192216873169e-02,-9.205210208892822266e-02,-2.205207385122776031e-02,-7.246570289134979248e-02,1.392519380897283554e-02,7.424855977296829224e-02,1.083189155906438828e-02,-5.857791751623153687e-02,2.581847310066223145e-01,-9.497008472681045532e-02,1.743583194911479950e-02,6.384334713220596313e-02,-9.819123148918151855e-02,-5.911359563469886780e-02,-3.839452564716339111e-02,9.074801206588745117e-02
-6.334359943866729736e-02,9.294567257165908813e-02,0.000000000000000000e+00,2.184474468231201172e-01,3.374399542808532715e-01,1.675638109445571899e-01,4.553300440311431885e-01,1.379871964454650879e-01,3.387887775897979736e-01,-4.415180906653404236e-02,-1.926032453775405884e-01,-2.599785849452018738e-02,1.591166555881500244e-01,-5.897532217204570770e-03,3.883119523525238037e-01,3.792216181755065918e-01,-2.219395935535430908e-01,-1.841273345053195953e-02,9.947840869426727295e-02,1.039140969514846802e-01,1.145183220505714417e-01,5.885438248515129089e-02,5.429280400276184082e-01,4.437113702297210693e-01,3.473893702030181885e-01,3.423673212528228760e-01,2.432536780834197998e-01,1.741490811109542847e-01,-2.557883858680725098e-01,-3.915417194366455078e-02,1.166269704699516296e-01,1.453895270824432373e-01,2.240727096796035767e-01,2.593202590942382812e-01,4.376445412635803223e-01,2.856804132461547852e-01,6.976094096899032593e-02,6.126891076564788818e-02,5.939558520913124084e-02,-1.073543652892112732e-01,1.523028016090393066e-01,1.381600741297006607e-02,-3.220530152320861816e-01,-2.380656003952026367e-01,1.812556013464927673e-02,-1.653437763452529907e-01,-3.942911699414253235e-02,-1.782705336809158325e-01,-2.060149461030960083e-01,-3.553263247013092041e-01,-2.356866598129272461e-01,-3.929328918457031250e-01,-7.383720576763153076e-02,-3.570865094661712646e-01,-6.979232281446456909e-02,-2.815167903900146484e-01,3.713506460189819336e-02,-1.238659210503101349e-02,-1.543792635202407837e-01,-2.508225142955780029e-01,9.227699786424636841e-02,-2.266284972429275513e-01,-2.318547815084457397e-01,-2.216821312904357910e-01,2.196817398071289062e-01,1.184757426381111145e-01,4.438862502574920654e-01,3.052319586277008057e-01,1.540038455277681351e-02,1.560526713728904724e-02,2.672295868396759033e-01,7.624001055955886841e-02,-3.600838780403137207e-02,7.980692386627197266e-02,1.922701448202133179e-01,2.086008936166763306e-01,7.256224006414413452e-02,-1.692337244749069214e-01,-3.858067467808723450e-02,-2.704535126686096191e-01,4.759179055690765381e-02,3.666576230898499489e-03,1.595803499221801758e-01,-1.897979825735092163e-01,1.359003335237503052e-01,-2.141738384962081909e-01,2.817685604095458984e-01,2.504374086856842041e-01,1.552297025918960571e-01,-3.879979252815246582e-01,8.266650140285491943e-02,-2.812828123569488525e-01,-1.366071105003356934e-01,-8.736401051282882690e-02,-4.723647981882095337e-02,-1.073322445154190063e-01,4.211899638175964355e-02,-1.632881313562393188e-01,3.039296530187129974e-02,-2.216129601001739502e-01,-1.588302291929721832e-02,-7.185485213994979858e-03,9.064972400665283203e-02,-2.691279649734497070e-01,1.237961053848266602e-01,-5.333222448825836182e-02,7.296968251466751099e-02,2.083826251327991486e-02,2.018738240003585815e-01,6.366483867168426514e-02,1.354073882102966309e-01,1.185553893446922302e-01,-4.510429203510284424e-01,-2.186915725469589233e-01,-2.045725584030151367e-01,-1.309105381369590759e-02
-9.276117198169231415e-03,-8.787649124860763550e-02,2.184474468231201172e-01,0.000000000000000000e+00,-2.334484159946441650e-01,1.333337575197219849e-01,2.965853810310363770e-01,3.699243366718292236e-01,-8.802619576454162598e-02,5.039420723915100098e-01,4.020075500011444092e-02,8.102969825267791748e-02,1.234386041760444641e-01,-6.947691738605499268e-02,8.728789538145065308e-02,1.988486647605895996e-01,7.008656114339828491e-02,-7.358738780021667480e-02,1.550818234682083130e-01,-6.296260654926300049e-02,8.617357164621353149e-02,-2.128263004124164581e-02,2.669860720634460449e-01,4.072506129741668701e-01,-1.015718802809715271e-01,7.057162374258041382e-02,-1.933947950601577759e-02,-3.128319233655929565e-02,2.574776671826839447e-02,-3.592270240187644958e-02,2.916728258132934570e-01,2.914600074291229248e-01,6.793075054883956909e-02,1.009068340063095093e-01,2.684600651264190674e-01,3.299086987972259521e-01,-1.452309787273406982e-01,-8.423895388841629028e-02,-2.427010983228683472e-01,-7.680327631533145905e-03,-1.324334889650344849e-01,4.820691049098968506e-02,-2.131863981485366821e-01,-1.521363258361816406e-01,-1.160662099719047546e-01,-7.025536615401506424e-03,-1.323567479848861694e-01,-1.459271460771560669e-01,-2.937949001789093018e-01,-1.357237249612808228e-01,-4.325140118598937988e-01,-2.285378575325012207e-01,-3.808788657188415527e-01,-1.470854878425598145e-01,-4.336133301258087158e-01,-1.625439077615737915e-01,-1.590460091829299927e-01,-9.867340326309204102e-03,-1.760980188846588135e-01,7.758739590644836426e-02,7.033219188451766968e-02,3.035494089126586914e-01,-4.239005967974662781e-03,8.618117123842239380e-02,1.328761503100395203e-02,3.611658811569213867e-01,1.122993677854537964e-01,1.804693788290023804e-01,-9.123589843511581421e-02,-1.190631166100502014e-01,1.423722319304943085e-02,2.503258287906646729e-01,-1.946914643049240112e-01,-2.266230881214141846e-01,1.895607113838195801e-01,6.063152104616165161e-03,-1.134349703788757324e-01,-7.293338328599929810e-02,-2.145977318286895752e-01,-4.104265570640563965e-02,-2.193550169467926025e-01,5.516728013753890991e-02,-8.537402749061584473e-02,3.293959051370620728e-02,-2.635348141193389893e-01,6.166721880435943604e-02,-4.415915161371231079e-02,1.014235839247703552e-01,-3.033816218376159668e-01,7.805955410003662109e-02,-2.366150766611099243e-01,1.898199766874313354e-01,4.661484155803918839e-03,3.043702542781829834e-01,-1.133023276925086975e-01,-4.224818199872970581e-02,-2.140036076307296753e-01,2.025621086359024048e-01,-1.453231722116470337e-01,4.411141574382781982e-02,-1.976478099822998047e-01,-1.160080805420875549e-01,-7.045634090900421143e-02,3.434304893016815186e-02,-1.661618351936340332e-01,1.759865321218967438e-02,-5.171862989664077759e-02,1.987251192331314087e-01,1.352315694093704224e-01,-1.248958334326744080e-02,1.191054135560989380e-01,-3.996770083904266357e-02,7.319819997064769268e-05,-2.709686756134033203e-01,-2.364180386066436768e-01,6.827206164598464966e-02
-1.886606216430664062e-01,6.884969770908355713e-02,3.374399542808532715e-01,-2.334484159946441650e-01,0.000000000000000000e+00,-7.692393660545349121e-02,-1.470292806625366211e-01,-1.972730457782745361e-01,6.593385934829711914e-01,-5.189533829689025879e-01,-1.688157916069030762e-01,-2.472400218248367310e-01,-1.553326100111007690e-01,1.707316376268863678e-02,3.377691507339477539e-01,2.735866010189056396e-01,-1.805533617734909058e-01,-1.101614087820053101e-01,-1.729665994644165039e-01,-1.669846288859844208e-02,5.421796441078186035e-02,4.951357096433639526e-02,1.568226814270019531e-01,1.206815149635076523e-02,6.505803465843200684e-01,4.542067646980285645e-01,5.043879151344299316e-01,5.276635289192199707e-01,-2.401708960533142090e-01,-7.006084918975830078e-02,-2.442759573459625244e-01,-1.631713509559631348e-01,-2.429424040019512177e-02,-5.756888538599014282e-02,-1.941486075520515442e-02,-1.285895258188247681e-01,6.149755790829658508e-02,2.444296889007091522e-02,7.290510088205337524e-02,-7.716300338506698608e-02,6.236748024821281433e-02,-5.832544714212417603e-02,-1.030842885375022888e-01,-2.447689622640609741e-01,2.426652461290359497e-01,-9.961704909801483154e-02,9.705522097647190094e-03,-3.056486696004867554e-02,9.099847823381423950e-02,-3.142311796545982361e-02,6.278332322835922241e-02,1.110132969915866852e-02,4.569746926426887512e-02,-6.017505377531051636e-02,5.027881637215614319e-02,-1.672607660293579102e-01,9.233240038156509399e-02,1.618252545595169067e-01,9.567537158727645874e-02,1.928470283746719360e-02,-1.589713245630264282e-01,-3.695935010910034180e-01,-1.872021108865737915e-01,-1.564067900180816650e-01,6.391409784555435181e-02,-2.049509137868881226e-01,4.202103987336158752e-02,-8.112246543169021606e-02,-5.037645623087882996e-02,1.941430270671844482e-01,1.991806738078594208e-02,-6.055314093828201294e-02,6.059622764587402344e-02,3.577471524477005005e-02,-3.281083703041076660e-02,2.469431310892105103e-01,-8.730370551347732544e-03,-1.600891947746276855e-01,1.689317449927330017e-02,-1.028407290577888489e-01,1.750900447368621826e-01,1.462425589561462402e-01,3.406183794140815735e-02,-1.415457855910062790e-02,2.329346388578414917e-01,1.110789626836776733e-01,-3.453793749213218689e-02,9.344852715730667114e-02,1.801168173551559448e-01,-1.312108039855957031e-01,1.274981945753097534e-01,-1.103435531258583069e-01,-2.231068164110183716e-01,-1.248721107840538025e-01,-2.222147956490516663e-02,-2.760984189808368683e-02,1.024474874138832092e-01,-2.789597511291503906e-01,2.409810125827789307e-01,2.121683442965149879e-03,3.875444084405899048e-02,2.097515016794204712e-01,1.388506591320037842e-01,6.386085599660873413e-02,1.180484294891357422e-01,-4.734872654080390930e-02,2.179254218935966492e-02,-1.884670257568359375e-01,7.110278587788343430e-03,6.749857217073440552e-02,2.276951633393764496e-02,1.224750727415084839e-01,-1.815395951271057129e-01,-4.236754495650529861e-03,1.823441870510578156e-02,5.052894353866577148e-02
5.271172150969505310e-02,-1.119757443666458130e-01,1.675638109445571899e-01,1.333337575197219849e-01,-7.692393660545349121e-02,0.000000000000000000e+00,3.209600746631622314e-01,2.575193643569946289e-01,7.847258448600769043e-02,3.253107368946075439e-01,1.022907346487045288e-01,1.860501915216445923e-01,2.392459809780120850e-01,5.146707594394683838e-02,9.575175493955612183e-02,1.376442462205886841e-01,6.546739488840103149e-02,1.486808657646179199e-01,1.237646117806434631e-01,-6.626599351875483990e-04,5.534499511122703552e-02,4.238984733819961548e-02,1.334852874279022217e-01,1.255848556756973267e-01,-5.974407494068145752e-02,9.418094903230667114e-02,5.971080437302589417e-02,4.449158534407615662e-02,7.538864016532897949e-02,6.965038925409317017e-02,2.880712747573852539e-01,2.183959186077117920e-01,7.849410176277160645e-02,1.074572131037712097e-01,1.153936609625816345e-01,1.272033452987670898e-01,-5.843035876750946045e-02,3.865733742713928223e-02,1.269198507070541382e-01,1.594946831464767456e-01,5.300658196210861206e-02,4.808027669787406921e-02,-1.220230385661125183e-01,-2.663968689739704132e-02,-6.986996531486511230e-02,-7.571418583393096924e-02,7.616512477397918701e-02,-4.331376031041145325e-02,-2.181124389171600342e-01,-2.428963631391525269e-01,-3.189004361629486084e-01,-2.948000431060791016e-01,-3.266314864158630371e-01,-4.191798269748687744e-01,-1.096190363168716431e-01,-7.168176025152206421e-02,-1.813929975032806396e-01,-1.237243115901947021e-01,-1.573779881000518799e-01,-3.185609728097915649e-02,9.236071258783340454e-02,6.100206077098846436e-02,-4.293622914701700211e-03,-6.750816106796264648e-02,-1.084143441403284669e-04,1.410691887140274048e-01,2.274429947137832642e-01,3.255837559700012207e-01,-1.676557958126068115e-01,-2.334632277488708496e-01,2.445094734430313110e-01,2.321705967187881470e-01,7.076134532690048218e-02,1.761021614074707031e-01,8.698574453592300415e-02,7.956187427043914795e-02,8.040929585695266724e-02,7.764972001314163208e-02,5.295745097100734711e-03,-3.893615305423736572e-02,4.170799255371093750e-02,-1.092781871557235718e-01,5.568686127662658691e-02,-1.448999792337417603e-01,-4.926373437047004700e-02,-2.729348838329315186e-01,2.723747193813323975e-01,1.736451387405395508e-01,-9.779118746519088745e-02,-1.977801024913787842e-01,-2.354528605937957764e-01,-2.511322200298309326e-01,1.910617947578430176e-01,-1.644572010263800621e-03,8.608858287334442139e-02,-1.313625872135162354e-01,-1.577458158135414124e-02,1.559475660324096680e-01,-9.478623420000076294e-02,-2.055414319038391113e-01,-9.714456647634506226e-02,-1.983725726604461670e-01,1.668603718280792236e-01,-5.177899077534675598e-02,2.604969777166843414e-02,6.032306700944900513e-02,1.580751836299896240e-01,3.788519501686096191e-01,2.715174853801727295e-01,1.402969956398010254e-01,6.804645061492919922e-02,-5.160151049494743347e-03,-3.230926394462585449e-01,-1.881639510393142700e-01,-2.262190431356430054e-01,-3.497580811381340027e-02
2.187829613685607910e-01,-1.300283125601708889e-03,4.553300440311431885e-01,2.965853810310363770e-01,-1.470292806625366211e-01,3.209600746631622314e-01,0.000000000000000000e+00,4.978662133216857910e-01,3.364786878228187561e-02,2.670235633850097656e-01,8.176855742931365967e-02,2.847706377506256104e-01,4.210913479328155518e-01,1.188220605254173279e-01,1.238602325320243835e-01,5.592824146151542664e-02,-6.927482038736343384e-02,8.681472390890121460e-02,3.779231011867523193e-01,2.018259018659591675e-01,-4.338558763265609741e-02,-8.286818116903305054e-02,2.477966845035552979e-01,2.052515745162963867e-01,-1.479398757219314575e-01,-1.392280161380767822e-01,-1.262621581554412842e-01,-2.366795688867568970e-01,-9.241611510515213013e-02,4.684085492044687271e-03,1.695874631404876709e-01,1.324247419834136963e-01,2.958541214466094971e-01,2.868932783603668213e-01,2.440263032913208008e-01,2.173849791288375854e-01,-3.359407186508178711e-02,-1.024092063307762146e-01,1.229787617921829224e-02,-1.408066302537918091e-01,4.316104948520660400e-02,-2.435329556465148926e-02,-1.873227953910827637e-01,-3.503766655921936035e-02,-2.035211473703384399e-01,5.537114292383193970e-02,3.156556189060211182e-02,-9.689737856388092041e-02,-3.007949590682983398e-01,-3.435400128364562988e-01,-3.477338850498199463e-01,-4.074476361274719238e-01,-1.539386957883834839e-01,-4.179572761058807373e-01,-8.746327459812164307e-02,-1.392285972833633423e-01,1.106292754411697388e-02,-1.508659422397613525e-01,-8.473858982324600220e-02,-1.302238404750823975e-01,3.761399090290069580e-01,1.744980514049530029e-01,-7.049020379781723022e-02,-4.806450009346008301e-02,-1.773865520954132080e-02,2.079284191131591797e-01,3.410471975803375244e-01,3.681800067424774170e-01,1.560826897621154785e-01,-3.107948973774909973e-02,2.270065993070602417e-01,6.325329095125198364e-02,-1.823898777365684509e-02,1.234105452895164490e-01,2.519458532333374023e-01,9.256695955991744995e-02,1.558368206024169922e-01,1.451636292040348053e-02,-2.099967747926712036e-02,-2.771724462509155273e-01,-8.915144950151443481e-02,-2.434209287166595459e-01,4.081786796450614929e-02,-3.100834190845489502e-01,-9.722165763378143311e-02,-4.464179277420043945e-01,2.096984982490539551e-01,8.579097688198089600e-03,7.650549709796905518e-02,-3.993405699729919434e-01,6.999951601028442383e-02,-2.391305565834045410e-01,-4.153335094451904297e-02,-2.830572053790092468e-02,-4.432061314582824707e-02,-1.891718655824661255e-01,-2.392296865582466125e-02,4.320329800248146057e-02,-1.006427109241485596e-01,-2.049802988767623901e-01,3.021266311407089233e-04,-2.281456291675567627e-01,5.558899044990539551e-02,-3.574458062648773193e-01,2.153631299734115601e-02,-1.150237396359443665e-01,9.050670079886913300e-03,1.535899639129638672e-01,3.347850441932678223e-01,3.363050287589430809e-03,1.019763797521591187e-01,1.347965002059936523e-02,-3.678631186485290527e-01,-2.317931503057479858e-01,-2.730678617954254150e-01,-1.953954249620437622e-02
2.487438172101974487e-01,-5.987564474344253540e-02,1.379871964454650879e-01,3.699243366718292236e-01,-1.972730457782745361e-01,2.575193643569946289e-01,4.978662133216857910e-01,0.000000000000000000e+00,-8.384332060813903809e-02,2.977018058300018311e-01,9.856972843408584595e-02,4.678524732589721680e-01,3.086559176445007324e-01,2.261761128902435303e-01,-1.319124642759561539e-02,-8.040291070938110352e-02,-1.577122323215007782e-02,7.818924635648727417e-02,3.401291072368621826e-01,2.774426639080047607e-01,-1.400930583477020264e-01,-1.193670779466629028e-01,-9.455235302448272705e-02,-1.554365828633308411e-02,-2.602745294570922852e-01,-2.298956662416458130e-01,-8.836290985345840454e-02,-2.671527862548828125e-01,-1.089072413742542267e-02,1.260787993669509888e-01,1.518677920103073120e-01,9.899035096168518066e-02,1.552689075469970703e-01,1.876010596752166748e-01,-7.887756079435348511e-02,3.240786865353584290e-02,-1.384536474943161011e-01,-1.996937841176986694e-01,-2.272401005029678345e-01,-3.193668127059936523e-01,-1.813163161277770996e-01,-1.183587759733200073e-01,-2.027663439512252808e-01,-4.459780082106590271e-02,-2.300989925861358643e-01,1.018710527569055557e-02,6.201179325580596924e-02,-9.546297043561935425e-02,-1.846361160278320312e-01,-6.488315761089324951e-02,-1.993457674980163574e-01,-1.919860243797302246e-01,-9.394136816263198853e-02,-3.109460771083831787e-01,-1.011804267764091492e-01,-1.834928244352340698e-01,1.016207039356231689e-01,-2.364485897123813629e-02,1.359708309173583984e-01,2.265426218509674072e-01,4.073370993137359619e-01,4.474447965621948242e-01,3.000313416123390198e-02,2.404257357120513916e-01,-1.156382709741592407e-01,1.409524083137512207e-01,-3.543125092983245850e-02,2.086731344461441040e-01,2.467538267374038696e-01,1.315237581729888916e-01,1.939516812562942505e-01,-1.620244979858398438e-02,-1.027294620871543884e-01,1.046177968382835388e-01,2.448840141296386719e-01,-3.169258311390876770e-02,9.917178004980087280e-02,8.955399505794048309e-03,4.004626348614692688e-02,-2.167470902204513550e-01,2.166650956496596336e-03,-2.949498891830444336e-01,-7.532515376806259155e-02,-3.025176525115966797e-01,-4.182436689734458923e-02,-3.819922208786010742e-01,5.028758943080902100e-02,-2.174165844917297363e-01,-3.489072993397712708e-02,-3.336078822612762451e-01,5.126293003559112549e-02,-2.118306010961532593e-01,2.833474054932594299e-02,-4.539300873875617981e-02,-1.509261131286621094e-01,-1.177010238170623779e-01,-8.432349562644958496e-02,9.612199664115905762e-02,-1.262384355068206787e-01,-1.949045509099960327e-01,-1.178161576390266418e-01,-3.419749736785888672e-01,4.476833716034889221e-02,-3.795661628246307373e-01,-5.310453101992607117e-02,-1.656302213668823242e-01,4.289898276329040527e-02,5.460337549448013306e-02,2.621695101261138916e-01,-1.431296318769454956e-01,1.136429756879806519e-01,-4.573872685432434082e-02,-2.553238272666931152e-01,-4.500975832343101501e-02,-1.982904672622680664e-01,1.276937574148178101e-01
-1.432817578315734863e-01,2.438640967011451721e-02,3.387887775897979736e-01,-8.802619576454162598e-02,6.593385934829711914e-01,7.847258448600769043e-02,3.364786878228187561e-02,-8.384332060813903809e-02,0.000000000000000000e+00,-2.622759640216827393e-01,-7.536224275827407837e-02,-1.484278589487075806e-01,2.728474512696266174e-02,8.812007308006286621e-02,4.071393907070159912e-01,3.079573214054107666e-01,-1.132167875766754150e-01,-7.659843564033508301e-02,-1.146521493792533875e-01,-1.460173912346363068e-02,3.743628412485122681e-02,-5.017802119255065918e-02,1.328459680080413818e-01,8.090078085660934448e-02,5.431420207023620605e-01,4.412793815135955811e-01,4.245558679103851318e-01,4.651547372341156006e-01,-1.321665197610855103e-01,-4.254669696092605591e-02,-1.115052700042724609e-01,-3.420853614807128906e-02,-3.116419538855552673e-02,-6.611607968807220459e-02,-1.796272001229226589e-03,-1.103562936186790466e-01,3.269873932003974915e-02,-4.295948892831802368e-02,3.996996581554412842e-02,-3.883047774434089661e-02,2.289690822362899780e-02,-7.949119806289672852e-02,-1.546725481748580933e-01,-2.418150305747985840e-01,1.316596120595932007e-01,-1.083356663584709167e-01,-1.049421727657318115e-02,-3.033705614507198334e-02,-1.867690123617649078e-02,-9.547545015811920166e-02,-4.318341985344886780e-02,-6.591944396495819092e-02,-4.919762909412384033e-02,-1.270794570446014404e-01,-5.926840752363204956e-02,-1.979321986436843872e-01,3.144925460219383240e-02,1.186605393886566162e-01,-2.807088568806648254e-02,2.568680047988891602e-02,-4.330621659755706787e-02,-2.130913436412811279e-01,-2.126280814409255981e-01,-1.709017604589462280e-01,9.215214289724826813e-03,-9.165151417255401611e-02,1.712984219193458557e-02,-8.103002607822418213e-02,-1.507744044065475464e-01,1.423201058059930801e-02,8.078542351722717285e-02,1.136992201209068298e-01,8.984655886888504028e-02,1.544741727411746979e-02,-2.538778074085712433e-02,2.376003116369247437e-01,6.285832729190587997e-03,-1.071492955088615417e-01,-2.111392281949520111e-02,-9.341558814048767090e-02,1.556039005517959595e-01,1.245568469166755676e-01,-6.107597146183252335e-03,-9.459673613309860229e-02,1.838686764240264893e-01,8.120369166135787964e-02,1.935611665248870850e-02,7.709152251482009888e-02,1.496980339288711548e-01,-1.061149612069129944e-01,4.766036570072174072e-02,-1.409110575914382935e-01,-1.049185246229171753e-01,-9.015487134456634521e-02,-6.419391185045242310e-02,-9.116231650114059448e-02,1.781447231769561768e-02,-1.568691134452819824e-01,1.742587536573410034e-01,1.453757099807262421e-02,1.796630397439002991e-02,1.761138141155242920e-01,1.272042691707611084e-01,2.903929725289344788e-02,7.271907478570938110e-02,-6.325061619281768799e-02,1.007916927337646484e-01,-1.377905905246734619e-01,8.957631886005401611e-02,5.445209518074989319e-02,1.036855801939964294e-01,4.927877336740493774e-02,-1.454161703586578369e-01,-6.191416084766387939e-02,-9.399486333131790161e-02,9.244069457054138184e-02
4.998741671442985535e-02,-2.348844110965728760e-01,-4.415180906653404236e-02,5.039420723915100098e-01,-5.189533829689025879e-01,3.253107368946075439e-01,2.670235633850097656e-01,2.977018058300018311e-01,-2.622759640216827393e-01,0.000000000000000000e+00,1.479033678770065308e-01,2.340304255485534668e-01,3.009620904922485352e-01,9.130238741636276245e-02,-1.227065827697515488e-02,1.233950033783912659e-01,8.904449641704559326e-02,2.111514844000339508e-02,1.596472561359405518e-01,-6.267309188842773438e-02,1.338348537683486938e-01,8.183892816305160522e-02,3.852733597159385681e-02,2.611176967620849609e-01,-3.040736913681030273e-01,-5.515644326806068420e-02,-2.244495749473571777e-01,-2.186243236064910889e-01,1.774243563413619995e-01,4.023052752017974854e-02,4.058967828750610352e-01,3.399276137351989746e-01,1.981575787067413330e-02,5.165240168571472168e-02,2.144249528646469116e-01,3.295575678348541260e-01,-9.228557348251342773e-02,-1.012180652469396591e-02,-7.895402610301971436e-02,1.728203594684600830e-01,1.014907285571098328e-02,1.085717752575874329e-01,-5.583859235048294067e-02,7.129730284214019775e-02,-2.845906615257263184e-01,-3.217183798551559448e-02,-9.904979914426803589e-02,-7.859060168266296387e-02,-3.176530897617340088e-01,-1.805556416511535645e-01,-3.467034697532653809e-01,-2.192140370607376099e-01,-2.847834825515747070e-01,-1.706945300102233887e-01,-2.264519631862640381e-01,-1.839784532785415649e-02,-2.912687957286834717e-01,-2.852942347526550293e-01,-3.595974743366241455e-01,-1.303175836801528931e-01,4.935187101364135742e-02,3.260193765163421631e-01,2.578848600387573242e-02,1.921558752655982971e-02,-2.123040705919265747e-02,3.539650142192840576e-01,3.477984340861439705e-03,1.849678158760070801e-01,-1.853940486907958984e-01,-3.198586404323577881e-01,1.666720211505889893e-01,2.806462943553924561e-01,-5.848556756973266602e-02,-6.807222217321395874e-02,2.995935268700122833e-02,-1.518136411905288696e-01,2.264358289539813995e-02,1.463218778371810913e-01,-8.517165482044219971e-02,6.217751279473304749e-02,-1.668723821640014648e-01,-1.058906763792037964e-01,4.156661033630371094e-02,-1.427839510142803192e-02,-2.310182303190231323e-01,-7.982195913791656494e-02,1.770464777946472168e-01,1.098405867815017700e-01,-1.543453186750411987e-01,1.070625483989715576e-01,-2.206877022981643677e-01,-2.387778833508491516e-02,2.961728870868682861e-01,1.661124229431152344e-01,6.289621442556381226e-02,7.195950299501419067e-02,-9.203251451253890991e-02,3.290038108825683594e-01,-3.335153460502624512e-01,-1.311270296573638916e-01,-5.521987378597259521e-02,-1.994794607162475586e-01,-9.634044766426086426e-02,-7.892379164695739746e-02,-1.333561986684799194e-01,1.944882981479167938e-02,8.020296692848205566e-02,2.868391275405883789e-01,8.144178241491317749e-02,2.919771336019039154e-02,1.126449778676033020e-01,-1.921011358499526978e-01,8.036693185567855835e-02,-1.516785323619842529e-01,-1.539408415555953979e-01,1.751998625695705414e-02
3.759465515613555908e-01,3.779096156358718872e-02,-1.926032453775405884e-01,4.020075500011444092e-02,-1.688157916069030762e-01,1.022907346487045288e-01,8.176855742931365967e-02,9.856972843408584595e-02,-7.536224275827407837e-02,1.479033678770065308e-01,0.000000000000000000e+00,3.378852605819702148e-01,3.775036931037902832e-01,2.129400819540023804e-01,1.314624249935150146e-01,6.666857749223709106e-03,2.891084253787994385e-01,3.975537717342376709e-01,3.132807612419128418e-01,1.896099895238876343e-01,3.352429345250129700e-02,-7.646708190441131592e-02,-2.312982827425003052e-01,-4.366810753708705306e-05,-2.132010459899902344e-01,-2.046950906515121460e-01,-1.545653492212295532e-01,-1.137873977422714233e-01,2.791556715965270996e-01,1.143324822187423706e-01,4.970998317003250122e-02,-2.651942148804664612e-02,-3.911522775888442993e-02,-5.256436020135879517e-02,-1.777876019477844238e-01,-1.743351370096206665e-01,-7.100097090005874634e-02,6.021997332572937012e-02,-1.314092520624399185e-02,1.090050786733627319e-01,1.087884306907653809e-01,-6.050759553909301758e-02,-2.791178598999977112e-02,1.970818452537059784e-02,-2.429464906454086304e-01,-1.209427937865257263e-01,-1.157016400247812271e-02,-7.172816246747970581e-02,-2.455532848834991455e-01,-2.655719220638275146e-02,-1.643876582384109497e-01,-1.084236055612564087e-02,-1.866181492805480957e-01,-1.207908987998962402e-01,-4.398480057716369629e-02,1.027280390262603760e-01,1.723777502775192261e-01,6.350713968276977539e-02,6.185685284435749054e-03,9.500778466463088989e-02,1.146956458687782288e-01,1.311157494783401489e-01,4.363738000392913818e-01,3.790467977523803711e-01,7.934120483696460724e-03,-1.523810625076293945e-01,-3.052528500556945801e-01,-1.688227504491806030e-01,9.476780891418457031e-02,5.004339665174484253e-02,-7.086407393217086792e-02,6.839711219072341919e-02,-6.753536313772201538e-02,4.909956362098455429e-03,-6.515309959650039673e-02,-1.440537273883819580e-01,-6.857058033347129822e-04,1.762183010578155518e-01,7.089903205633163452e-02,1.361825317144393921e-01,8.099146187305450439e-02,1.488508284091949463e-01,6.750275194644927979e-02,9.454371035099029541e-02,-7.828171551227569580e-02,-2.038209699094295502e-02,-1.761454902589321136e-02,7.866250723600387573e-02,-1.762007325887680054e-01,2.297579124569892883e-02,-1.874475926160812378e-01,-2.626516297459602356e-02,1.751171648502349854e-01,1.546273976564407349e-01,-2.123209834098815918e-02,-2.097845673561096191e-01,-2.152823507785797119e-01,1.814518570899963379e-01,-2.042857557535171509e-01,-2.267110049724578857e-01,1.096258163452148438e-01,-5.532687529921531677e-02,-1.071732025593519211e-02,8.275574445724487305e-02,-8.712689578533172607e-02,4.635365307331085205e-02,-5.982313677668571472e-02,2.833638489246368408e-01,2.631526589393615723e-01,1.087004765868186951e-01,-8.883519470691680908e-02,-1.172288358211517334e-01,-1.013270951807498932e-02,-3.032808899879455566e-01,-2.563730180263519287e-01,-2.924834005534648895e-02
3.581483662128448486e-01,-7.515943050384521484e-02,-2.599785849452018738e-02,8.102969825267791748e-02,-2.472400218248367310e-01,1.860501915216445923e-01,2.847706377506256104e-01,4.678524732589721680e-01,-1.484278589487075806e-01,2.340304255485534668e-01,3.378852605819702148e-01,0.000000000000000000e+00,4.611852765083312988e-01,4.405482411384582520e-01,7.018987834453582764e-02,1.988651230931282043e-02,3.657311201095581055e-03,1.794793307781219482e-01,3.379967212677001953e-01,3.131467700004577637e-01,2.896836725994944572e-03,6.668044626712799072e-02,-1.098813414573669434e-01,1.027809903025627136e-01,-2.945403456687927246e-01,-2.464211136102676392e-01,-1.785842180252075195e-01,-3.131807744503021240e-01,6.898523122072219849e-02,9.857301414012908936e-02,1.634392589330673218e-01,1.792362183332443237e-01,2.287701666355133057e-01,2.950411736965179443e-01,-1.193234231323003769e-02,1.108360216021537781e-01,2.339353971183300018e-02,-9.122735820710659027e-03,-1.751672476530075073e-01,-3.098549246788024902e-01,-2.868182957172393799e-02,-5.533949472010135651e-03,-3.772736713290214539e-02,6.230079382658004761e-02,-2.125615626573562622e-01,-5.538812279701232910e-02,9.550372511148452759e-02,-2.749643847346305847e-02,-1.875471621751785278e-01,-9.853112697601318359e-02,-1.472652256488800049e-01,-2.221285253763198853e-01,-6.747516244649887085e-02,-2.759970426559448242e-01,-1.614280417561531067e-02,-1.480886936187744141e-01,1.608779132366180420e-01,-1.239748299121856689e-01,5.309672281146049500e-02,2.783074416220188141e-02,3.132281303405761719e-01,3.864446282386779785e-01,2.082079648971557617e-01,3.224390745162963867e-01,-4.151971265673637390e-02,9.463065117597579956e-02,-1.314063370227813721e-01,9.462853521108627319e-02,2.083327770233154297e-01,6.287362426519393921e-02,1.588172912597656250e-01,6.181222852319478989e-03,-1.198434755206108093e-01,1.128650158643722534e-01,6.088809296488761902e-02,-1.110522672533988953e-01,1.834573000669479370e-01,1.934483051300048828e-01,2.125514671206474304e-02,-8.228248357772827148e-02,-3.585080429911613464e-02,-2.642658948898315430e-01,-2.691790275275707245e-02,-2.509513199329376221e-01,-6.052571535110473633e-02,-4.060934782028198242e-01,6.292809545993804932e-02,-1.138694733381271362e-01,-2.411177195608615875e-02,-3.391898274421691895e-01,1.907316409051418304e-02,-2.870981693267822266e-01,2.439329028129577637e-01,-6.614910811185836792e-02,-6.556674093008041382e-02,-1.623943261802196503e-02,-1.052860021591186523e-01,7.709895819425582886e-02,-2.572528123855590820e-01,-3.336725234985351562e-01,8.949624747037887573e-02,-2.905037999153137207e-01,-3.697278723120689392e-02,-3.289302885532379150e-01,-9.687567129731178284e-03,-7.584604620933532715e-02,1.858167052268981934e-01,1.304757446050643921e-01,1.917881518602371216e-01,-6.402240693569183350e-02,6.334158778190612793e-02,-1.575025022029876709e-01,-1.705673933029174805e-01,-1.108908057212829590e-01,-1.588818281888961792e-01,2.821362391114234924e-02
1.552432328462600708e-01,-1.188675910234451294e-01,1.591166555881500244e-01,1.234386041760444641e-01,-1.553326100111007690e-01,2.392459809780120850e-01,4.210913479328155518e-01,3.086559176445007324e-01,2.728474512696266174e-02,3.009620904922485352e-01,3.775036931037902832e-01,4.611852765083312988e-01,0.000000000000000000e+00,3.944455683231353760e-01,4.313497841358184814e-01,1.826519817113876343e-01,-2.205962128937244415e-02,1.741322427988052368e-01,2.289912402629852295e-01,1.622529774904251099e-01,1.416202867403626442e-03,7.892243564128875732e-02,3.860768303275108337e-02,2.239007353782653809e-01,-1.516778618097305298e-01,-1.448707282543182373e-01,-1.203365549445152283e-01,-1.776413172483444214e-01,-6.810837239027023315e-02,-6.232118979096412659e-02,2.530919313430786133e-01,1.871735453605651855e-01,1.337257325649261475e-01,1.275019794702529907e-01,7.829161733388900757e-02,1.593562066555023193e-01,2.717184601351618767e-03,3.508069366216659546e-02,-1.933258958160877228e-03,-1.023320481181144714e-01,1.047947183251380920e-01,-3.800203278660774231e-02,-2.669599056243896484e-01,-1.203621253371238708e-01,-2.646236121654510498e-01,-2.197019755840301514e-01,-2.265814132988452911e-02,-1.383900642395019531e-01,-2.864507436752319336e-01,-2.267003208398818970e-01,-2.498012334108352661e-01,-3.110629022121429443e-01,-1.414867788553237915e-01,-3.969318866729736328e-01,-7.802515476942062378e-02,-1.546721458435058594e-01,1.983407512307167053e-02,-5.649792775511741638e-02,-1.176898255944252014e-01,1.320306025445461273e-02,3.664352595806121826e-01,2.872215807437896729e-01,1.975890398025512695e-01,2.281894236803054810e-01,8.125569671392440796e-02,-1.638720743358135223e-02,-1.085712239146232605e-01,1.099163442850112915e-01,-8.002831786870956421e-02,-8.927907049655914307e-02,2.845852375030517578e-01,1.110776513814926147e-01,-9.388231486082077026e-02,1.145394071936607361e-01,1.421448886394500732e-01,4.050483927130699158e-02,2.366848737001419067e-01,2.455465048551559448e-01,-1.177120301872491837e-02,-1.503496468067169189e-01,1.044550538063049316e-01,-1.294844597578048706e-01,1.708470880985260010e-01,-2.405778765678405762e-01,1.124659106135368347e-01,-3.074116706848144531e-01,2.952877283096313477e-01,1.297093778848648071e-01,9.581696242094039917e-02,-2.608392238616943359e-01,1.713445596396923065e-02,-3.392266631126403809e-01,3.006246387958526611e-01,-4.190434142947196960e-02,2.224074304103851318e-02,-1.403158754110336304e-01,-4.880867525935173035e-02,4.668563231825828552e-02,-1.561024934053421021e-01,-3.644088804721832275e-01,2.144493907690048218e-01,-1.306865215301513672e-01,8.012948185205459595e-02,-2.346793711185455322e-01,1.318481415510177612e-01,4.304803442209959030e-03,1.470391005277633667e-01,2.162577211856842041e-01,2.507801949977874756e-01,8.798058331012725830e-02,9.304092824459075928e-02,-1.532435566186904907e-01,-3.088537454605102539e-01,-2.368840277194976807e-01,-2.796809375286102295e-01,-2.530120313167572021e-02
