0.000000000000000000e+00,5.860036015510559082e-01,2.224656492471694946e-01,9.651896543800830841e-03,6.060016900300979614e-02,4.683045670390129089e-02,2.682871520519256592e-01,3.055657492950558662e-03,7.521883398294448853e-02,-2.078023739159107208e-02,2.199003696441650391e-01,1.157843843102455139e-01,1.388444453477859497e-01,1.591989845037460327e-01,-8.646724373102188110e-02,-2.249562144279479980e-01,5.786494538187980652e-02,2.476038038730621338e-01,5.529901385307312012e-01,2.843838334083557129e-01,-1.634431928396224976e-01,-2.743158638477325439e-01,-8.644551038742065430e-02,-2.007839083671569824e-01,-7.006846368312835693e-02,-6.005312874913215637e-02,-1.454107761383056641e-01,-1.814930140972137451e-01,9.678170830011367798e-02,-1.223777681589126587e-01,8.776271343231201172e-02,-4.646415822207927704e-03,3.041697740554809570e-01,1.733177304267883301e-01,-1.058742478489875793e-01,-2.436028569936752319e-01,-2.488531470298767090e-01,-3.095515370368957520e-01,-2.825110852718353271e-01,-3.104629218578338623e-01,1.313632875680923462e-01,-3.614981770515441895e-01,1.409399658441543579e-01,3.032419979572296143e-01,-1.836479902267456055e-01,-2.827293612062931061e-02,-2.005203440785408020e-02,-2.207310311496257782e-02,3.987362608313560486e-02,6.563767045736312866e-02,5.036019161343574524e-02,3.633851185441017151e-02,-8.835986256599426270e-02,3.587658284232020378e-03,-1.766222566366195679e-01,-6.887746602296829224e-02,6.545202136039733887e-01,5.602546334266662598e-01,3.448460400104522705e-01,2.006753534078598022e-01,2.409160584211349487e-01,5.396051704883575439e-02,1.459678560495376587e-01,2.433807998895645142e-01,-1.603200882673263550e-01,-2.992590069770812988e-01,6.429962813854217529e-02,-1.474590301513671875e-01,3.983719050884246826e-01,1.855525374412536621e-01,2.050395607948303223e-01,3.913940191268920898e-01,2.823410332202911377e-01,2.234758585691452026e-01,1.451374776661396027e-02,6.829433143138885498e-02,2.264989763498306274e-01,1.798280626535415649e-01,6.005040183663368225e-02,3.157861158251762390e-02,-1.455798298120498657e-01,-5.841121450066566467e-02,-3.677363693714141846e-01,-1.695756018161773682e-01,-1.728265136480331421e-01,-1.089703217148780823e-01,-3.049738705158233643e-01,-3.231464028358459473e-01,-1.963202357292175293e-01,-7.943459600210189819e-02,-4.106116294860839844e-01,-2.132490575313568115e-01,-2.588399350643157959e-01,-6.260874867439270020e-02,-3.994674980640411377e-02,2.885882183909416199e-02,-1.721515059471130371e-01,1.269155144691467285e-01,4.931171610951423645e-02,2.870047986507415771e-01,3.250462934374809265e-02,1.585887372493743896e-01,-2.596514485776424408e-02,8.712836354970932007e-02,-2.069603949785232544e-01,2.115197479724884033e-01,-3.312844634056091309e-01,-2.985251843929290771e-01,9.443491697311401367e-02,6.219666451215744019e-02,-5.524751916527748108e-02,1.117454394698143005e-01,-1.673001237213611603e-02,1.838500797748565674e-01,1.025496572256088257e-01,-7.757424563169479370e-02
5.860036015510559082e-01,0.000000000000000000e+00,9.116649627685546875e-02,-3.389348974451422691e-03,-1.451643556356430054e-02,2.083418518304824829e-01,1.520627886056900024e-01,4.568894580006599426e-02,6.860612332820892334e-02,6.127799674868583679e-02,9.338741749525070190e-02,2.599313259124755859e-01,6.782951951026916504e-02,4.076186418533325195e-01,-9.235084056854248047e-02,-1.040331125259399414e-01,9.725481271743774414e-02,2.371814399957656860e-01,4.458808898925781250e-01,2.504090070724487305e-01,-1.193621531128883362e-01,-2.295801937580108643e-01,-1.501198559999465942e-01,-2.413989603519439697e-01,-2.940117754042148590e-02,-9.922256693243980408e-03,-1.212271153926849365e-01,-1.694282740354537964e-01,5.853611230850219727e-02,-3.481294726952910423e-03,1.445921510457992554e-01,-1.512795314192771912e-02,3.519062399864196777e-01,3.025247156620025635e-01,-1.322434842586517334e-01,-1.287045478820800781e-01,-1.895987540483474731e-01,-2.051772624254226685e-01,-3.358865976333618164e-01,-2.913109660148620605e-01,1.552046686410903931e-01,-2.256412506103515625e-01,2.434891313314437866e-01,4.076688289642333984e-01,-6.545625627040863037e-02,2.048494815826416016e-01,5.336152389645576477e-02,-5.351013503968715668e-03,1.627596914768218994e-01,1.483378112316131592e-01,1.111084744334220886e-01,1.160495877265930176e-01,1.927612721920013428e-02,3.365106135606765747e-02,-1.650098264217376709e-01,-3.973354771733283997e-02,5.643119812011718750e-01,6.110066175460815430e-01,4.171778559684753418e-01,3.514890372753143311e-01,1.772712171077728271e-01,9.599331766366958618e-02,1.014235019683837891e-01,3.412764370441436768e-01,-2.601118087768554688e-01,-3.562258183956146240e-01,-4.279640689492225647e-02,-1.663265228271484375e-01,3.688511550426483154e-01,3.363393247127532959e-01,1.904634237289428711e-01,3.560552000999450684e-01,3.041377067565917969e-01,3.169122338294982910e-01,5.092992633581161499e-02,8.055903762578964233e-02,1.756860166788101196e-01,1.845092773437500000e-01,6.923615187406539917e-02,-1.646230183541774750e-02,-7.253608107566833496e-02,-5.860174819827079773e-02,-3.175642788410186768e-01,-2.065831869840621948e-01,-2.969333529472351074e-01,-2.146072089672088623e-01,-3.949943482875823975e-01,-4.128848016262054443e-01,-1.658250838518142700e-01,-1.463207453489303589e-01,-2.986764013767242432e-01,-1.624385565519332886e-01,-1.472177654504776001e-01,-1.089593768119812012e-01,2.992331236600875854e-02,3.821687400341033936e-02,-1.587083339691162109e-01,3.440423309803009033e-02,1.089052855968475342e-01,1.246214658021926880e-01,9.394190460443496704e-02,7.439451664686203003e-02,-5.882519483566284180e-02,-4.626522585749626160e-02,-7.759211212396621704e-02,2.157966792583465576e-01,-3.461706042289733887e-01,-2.078643143177032471e-01,1.370648741722106934e-01,1.410073637962341309e-01,1.203671749681234360e-02,3.824215009808540344e-02,5.358724296092987061e-02,1.588585972785949707e-01,4.627792164683341980e-02,-7.591113448143005371e-02
2.224656492471694946e-01,9.116649627685546875e-02,0.000000000000000000e+00,5.180082917213439941e-01,2.640202343463897705e-01,-5.391232296824455261e-02,5.970626473426818848e-01,8.857897669076919556e-02,7.579629868268966675e-02,2.206454873085021973e-01,-1.993548683822154999e-02,-2.729851901531219482e-01,5.549487844109535217e-02,-1.284107863903045654e-01,9.580188989639282227e-02,-3.467124700546264648e-02,-2.685380540788173676e-02,-4.766194894909858704e-02,3.854057192802429199e-01,3.533441722393035889e-01,8.413237333297729492e-02,1.261939643882215023e-03,5.494459271430969238e-01,5.293533205986022949e-01,2.435095161199569702e-01,1.413367539644241333e-01,-3.220414742827415466e-02,1.484840810298919678e-01,-5.966432392597198486e-02,-2.799195945262908936e-01,1.504791676998138428e-01,3.140103518962860107e-01,1.973025053739547729e-01,9.682763367891311646e-02,4.792772233486175537e-01,2.428819239139556885e-01,-3.633429110050201416e-02,-1.885840296745300293e-02,6.212141737341880798e-02,-1.710586436092853546e-02,2.168526649475097656e-01,9.348016977310180664e-02,-2.224932760000228882e-01,-5.609885230660438538e-02,-1.961382180452346802e-01,-2.613960504531860352e-01,-3.462044298648834229e-01,-2.971808612346649170e-01,-1.635366380214691162e-01,-4.059772491455078125e-01,-4.034964740276336670e-01,-4.826292693614959717e-01,-3.115105926990509033e-01,-2.188441604375839233e-01,-1.835850030183792114e-01,-1.924999058246612549e-01,1.427341997623443604e-02,-5.991795565932989120e-03,-1.012708991765975952e-01,-2.250300198793411255e-01,-1.237464621663093567e-01,-8.778898417949676514e-02,-2.746742665767669678e-01,-2.120350897312164307e-01,3.768952786922454834e-01,1.428772062063217163e-01,4.759986102581024170e-01,2.436691671609878540e-01,3.902215063571929932e-01,2.344611287117004395e-01,2.212107479572296143e-01,1.786201000213623047e-01,5.835205316543579102e-02,1.044347137212753296e-01,4.757744818925857544e-02,5.881154164671897888e-02,2.036148160696029663e-01,1.724019944667816162e-01,-1.101852431893348694e-01,-1.866508126258850098e-01,-1.649022847414016724e-01,-1.661003679037094116e-01,-1.618523299694061279e-01,-1.101922988891601562e-01,2.887647449970245361e-01,-7.484383881092071533e-02,1.726030409336090088e-01,1.904443800449371338e-01,-1.010507065802812576e-02,-9.350611269474029541e-02,-6.853055208921432495e-02,4.823239054530858994e-03,-1.752658979967236519e-03,-2.397353649139404297e-01,1.506152600049972534e-01,1.031680405139923096e-01,-1.620380133390426636e-01,-1.030919551849365234e-01,-2.003311216831207275e-01,2.563876807689666748e-01,1.270322948694229126e-01,-1.267033629119396210e-02,2.234819382429122925e-01,2.301163375377655029e-01,-1.691454276442527771e-02,1.334253847599029541e-01,-1.213141679763793945e-01,-4.961665719747543335e-02,8.843838423490524292e-02,-1.798206269741058350e-01,-9.032322466373443604e-02,-9.846925735473632812e-02,-1.049745380878448486e-01,2.079346217215061188e-02,-1.091538742184638977e-01,7.344260811805725098e-02
9.651896543800830841e-03,-3.389348974451422691e-03,5.180082917213439941e-01,0.000000000000000000e+00,-2.136922255158424377e-02,-9.094357490539550781e-02,4.461464285850524902e-01,3.939907848834991455e-01,-1.614596396684646606e-01,1.350839287042617798e-01,-1.433131247758865356e-01,-1.482682377099990845e-01,-2.004492282867431641e-01,4.478043876588344574e-03,7.994853705167770386e-02,2.440944612026214600e-01,-3.150387853384017944e-02,-2.787451446056365967e-01,2.917293012142181396e-01,3.875699937343597412e-01,-3.465751931071281433e-02,-1.345068514347076416e-01,4.591779410839080811e-01,6.486002802848815918e-01,-1.569750346243381500e-02,1.052894145250320435e-01,-7.767719030380249023e-02,6.169335101731121540e-04,-1.986099481582641602e-01,-3.011757135391235352e-01,8.092126995325088501e-02,4.118652641773223877e-01,1.970963627099990845e-01,2.267280369997024536e-01,1.965467780828475952e-01,1.512906551361083984e-01,-2.627705633640289307e-01,-1.953008919954299927e-01,-6.536077708005905151e-02,-1.657134294509887695e-01,5.174384266138076782e-02,1.041011698544025421e-02,-3.510673642158508301e-01,-2.256039232015609741e-01,-2.563723027706146240e-01,-2.301825433969497681e-01,-4.130976200103759766e-01,-3.095197379589080811e-01,-3.980371356010437012e-02,-3.277226686477661133e-01,-3.879295885562896729e-01,-3.396073877811431885e-01,-2.681225240230560303e-01,-7.381284143775701523e-03,-3.775037229061126709e-01,-2.148343920707702637e-01,-7.824995368719100952e-02,-1.211591362953186035e-01,-2.577562630176544189e-01,-4.068604856729507446e-02,-2.228345125913619995e-01,2.676485776901245117e-01,-1.969520896673202515e-01,-1.132265776395797729e-01,1.842299550771713257e-01,3.486528992652893066e-01,2.649961113929748535e-01,2.899136245250701904e-01,1.590759903192520142e-01,3.009832277894020081e-02,1.301851421594619751e-01,1.848552674055099487e-01,2.270141802728176117e-02,1.668180674314498901e-01,7.652518153190612793e-02,-7.763121277093887329e-02,-8.983817696571350098e-02,1.585889048874378204e-02,1.128462259657680988e-03,-1.993209719657897949e-01,-1.737636029720306396e-01,-2.148035019636154175e-01,-1.915348470211029053e-01,-1.161190196871757507e-01,1.241880133748054504e-01,1.840018332004547119e-01,3.961466625332832336e-02,2.487557530403137207e-01,-1.480726748704910278e-01,4.089112207293510437e-02,-2.586904726922512054e-02,-3.009244240820407867e-02,-4.262915626168251038e-02,-2.237735688686370850e-01,1.920808292925357819e-02,3.869744390249252319e-02,-3.817724585533142090e-01,-2.436580508947372437e-01,-2.590908408164978027e-01,9.208353236317634583e-03,-8.960020542144775391e-02,7.029182463884353638e-02,-4.465828463435173035e-02,1.496463716030120850e-01,-1.729429066181182861e-01,1.093360781669616699e-01,-1.608190387487411499e-01,-7.200361788272857666e-02,1.597565412521362305e-01,-2.580667138099670410e-01,-2.224895954132080078e-01,-2.304842621088027954e-01,-1.983306705951690674e-01,-7.819294929504394531e-02,-1.283578127622604370e-01,-5.562584474682807922e-02
6.060016900300979614e-02,-1.451643556356430054e-02,2.640202343463897705e-01,-2.136922255158424377e-02,0.000000000000000000e+00,2.598201632499694824e-01,4.619143158197402954e-02,5.586308240890502930e-02,4.571044743061065674e-01,4.273844957351684570e-01,-3.621071204543113708e-02,-1.197106242179870605e-01,-5.488594621419906616e-02,-2.096056491136550903e-01,-9.706585854291915894e-02,-1.737491041421890259e-01,-2.421232014894485474e-01,-6.002241373062133789e-02,1.259284168481826782e-01,1.076894402503967285e-01,2.590577006340026855e-01,3.114576339721679688e-01,2.972995042800903320e-01,1.351098418235778809e-01,5.174700021743774414e-01,4.592270255088806152e-01,2.165620476007461548e-01,4.051530361175537109e-01,2.720366930589079857e-03,-1.401736494153738022e-02,2.253364026546478271e-01,1.469580829143524170e-01,2.212048880755901337e-02,-7.302015088498592377e-03,2.443243861198425293e-01,4.542792961001396179e-02,4.712468385696411133e-02,1.452618688344955444e-01,4.594573751091957092e-02,5.805269628763198853e-02,1.661992520093917847e-01,2.299188971519470215e-01,-6.139873061329126358e-03,1.230263616889715195e-02,-1.828280650079250336e-02,4.297463595867156982e-02,-8.271240442991256714e-02,1.868531480431556702e-02,-1.545424852520227432e-02,-1.086338534951210022e-01,-6.622876226902008057e-02,-1.977887302637100220e-01,9.702128916978836060e-02,-1.769844889640808105e-01,9.650237113237380981e-02,8.287943899631500244e-03,-8.838040381669998169e-02,-1.248689740896224976e-01,-9.700332581996917725e-02,-1.413317918777465820e-01,-1.154910996556282043e-01,-1.153404414653778076e-01,-2.697940468788146973e-01,-2.465933561325073242e-01,2.351401448249816895e-01,1.095693930983543396e-01,1.378109753131866455e-01,1.158623918890953064e-01,1.556054949760437012e-01,1.427399665117263794e-01,3.924465775489807129e-01,1.332231163978576660e-01,6.752289086580276489e-02,9.218555688858032227e-02,-6.613297015428543091e-02,-2.290992438793182373e-01,7.241585850715637207e-02,9.356759488582611084e-02,-1.577709615230560303e-01,-1.423600129783153534e-03,-4.092286527156829834e-02,6.245459243655204773e-02,-1.657271236181259155e-01,-9.941848367452621460e-02,2.274934947490692139e-01,-6.558435410261154175e-02,2.558002471923828125e-01,7.137468457221984863e-02,6.225796416401863098e-02,-3.707074746489524841e-02,-2.820257656276226044e-02,9.667223319411277771e-03,7.915633916854858398e-02,-9.141583740711212158e-02,-4.074755311012268066e-02,9.024152904748916626e-02,3.918522223830223083e-02,7.287613581866025925e-03,-1.483548283576965332e-01,2.117860764265060425e-01,1.166197657585144043e-01,-1.698771566152572632e-01,2.523517608642578125e-01,1.186023876070976257e-01,7.339062541723251343e-02,1.474505066871643066e-01,-9.414089471101760864e-02,-3.309858441352844238e-01,-5.143676325678825378e-02,-7.876212149858474731e-02,1.046024858951568604e-01,4.280046001076698303e-02,8.759539574384689331e-02,4.343412071466445923e-02,-2.850293554365634918e-02,1.114147752523422241e-01
4.683045670390129089e-02,2.083418518304824829e-01,-5.391232296824455261e-02,-9.094357490539550781e-02,2.598201632499694824e-01,0.000000000000000000e+00,-1.607501879334449768e-02,1.939898729324340820e-01,4.221938252449035645e-01,3.115756511688232422e-01,-1.895911246538162231e-01,-6.340266019105911255e-02,-1.950338482856750488e-01,6.624519079923629761e-02,-1.633252650499343872e-01,-2.233904302120208740e-01,-1.747109740972518921e-01,1.821584813296794891e-02,1.000564098358154297e-01,-5.087024718523025513e-02,-5.807415768504142761e-02,-9.646084159612655640e-03,4.837910179048776627e-03,-3.679312393069267273e-02,2.903470098972320557e-01,3.393623232841491699e-01,3.956910073757171631e-01,3.289504349231719971e-01,-2.763943970203399658e-01,-5.643698200583457947e-02,1.424482315778732300e-01,3.848527371883392334e-02,1.096770912408828735e-01,9.763207286596298218e-02,1.609425432980060577e-02,6.364026665687561035e-02,-1.948995143175125122e-01,-6.892832368612289429e-02,-9.074166417121887207e-02,-7.062359899282455444e-02,8.996669203042984009e-02,7.274521887302398682e-02,1.523328125476837158e-01,2.622663080692291260e-01,2.213750407099723816e-02,2.168864607810974121e-01,-8.240456692874431610e-03,-5.728736985474824905e-03,4.211306571960449219e-03,7.494861632585525513e-02,1.820336878299713135e-01,-9.071484208106994629e-02,3.066457509994506836e-01,-1.647847294807434082e-01,1.104870140552520752e-01,-3.046984970569610596e-01,1.438255757093429565e-01,1.403076797723770142e-01,1.555188298225402832e-01,1.685076653957366943e-01,8.698682487010955811e-02,1.209929957985877991e-02,-1.139891147613525391e-01,1.046772077679634094e-01,-3.777603805065155029e-02,-1.632972061634063721e-02,5.237993225455284119e-02,-1.384866144508123398e-02,2.154516279697418213e-01,1.601327508687973022e-01,2.655505537986755371e-01,-4.553947225213050842e-02,4.227523505687713623e-02,8.363760076463222504e-03,-1.407191306352615356e-01,-2.070324867963790894e-01,-3.524950146675109863e-02,-2.160340994596481323e-01,1.547883749008178711e-01,-1.414564847946166992e-01,1.439400464296340942e-01,-1.816431879997253418e-01,-2.377793490886688232e-01,-2.661297619342803955e-01,7.665541768074035645e-02,-3.599458038806915283e-01,1.554838754236698151e-02,-1.861462295055389404e-01,3.652856647968292236e-01,-2.621878981590270996e-01,3.029766380786895752e-01,-5.306303501129150391e-02,3.713842034339904785e-01,-1.594594269990921021e-01,5.399623420089483261e-03,1.822615861892700195e-01,-1.055507436394691467e-01,-8.014179766178131104e-02,9.022737294435501099e-02,-1.944154947996139526e-01,2.320510149002075195e-01,-3.474183976650238037e-01,3.289135694503784180e-01,-1.176309138536453247e-01,1.750011742115020752e-01,1.350169181823730469e-01,-5.737283453345298767e-02,-1.109012141823768616e-01,7.771240919828414917e-02,4.549876600503921509e-02,6.600222550332546234e-03,-6.216366961598396301e-02,2.958743646740913391e-02,1.972737163305282593e-01,-5.633570998907089233e-02,4.925882071256637573e-02
2.682871520519256592e-01,1.520627886056900024e-01,5.970626473426818848e-01,4.461464285850524902e-01,4.619143158197402954e-02,-1.607501879334449768e-02,0.000000000000000000e+00,2.468613833189010620e-01,7.409228384494781494e-02,1.394989192485809326e-01,1.132842153310775757e-01,-2.009517699480056763e-01,2.432900816202163696e-01,8.997882157564163208e-02,8.197690546512603760e-02,-8.499757945537567139e-02,-1.230306252837181091e-01,-1.549481898546218872e-01,3.751283586025238037e-01,2.925521731376647949e-01,-9.018914401531219482e-02,-2.469047755002975464e-01,3.837645947933197021e-01,4.523366391658782959e-01,-1.805149950087070465e-02,-1.039695888757705688e-01,2.100415527820587158e-02,-2.911426685750484467e-02,-1.790631860494613647e-01,-3.711636662483215332e-01,-7.810208015143871307e-03,1.385268867015838623e-01,1.503682881593704224e-01,9.606605023145675659e-02,3.020723164081573486e-01,6.090036407113075256e-02,-1.967608928680419922e-01,-1.796815991401672363e-01,-5.703454371541738510e-03,-1.128929853439331055e-01,9.812129288911819458e-02,-8.538515120744705200e-02,-2.074166387319564819e-01,2.131914906203746796e-02,-1.987106800079345703e-01,-2.067804634571075439e-01,-2.739606201648712158e-01,-2.133673578500747681e-01,-5.960756167769432068e-02,-1.533729135990142822e-01,-1.730008274316787720e-01,-2.654358148574829102e-01,-2.547691166400909424e-01,-1.569312661886215210e-01,-1.801419854164123535e-01,-2.535375952720642090e-01,3.437299281358718872e-02,-6.437314674258232117e-03,3.603705018758773804e-02,-3.824724629521369934e-02,1.593874990940093994e-01,8.702735602855682373e-02,-2.497370094060897827e-01,-1.887025982141494751e-01,3.689776659011840820e-01,2.133692651987075806e-01,4.414218664169311523e-01,1.302816867828369141e-01,2.645687162876129150e-01,1.081609800457954407e-01,1.164861917495727539e-01,1.586552113294601440e-01,3.422948345541954041e-02,1.278910785913467407e-01,2.780845575034618378e-02,9.310214221477508545e-02,1.025389134883880615e-01,2.756691165268421173e-02,-8.406709879636764526e-02,-2.840431034564971924e-01,-2.573671638965606689e-01,-3.604497313499450684e-01,-2.536766827106475830e-01,-2.014673054218292236e-01,1.537460088729858398e-01,-2.772620618343353271e-01,4.358027596026659012e-03,-3.547377511858940125e-02,6.046522781252861023e-02,-2.164589464664459229e-01,-5.891865864396095276e-02,-1.164732351899147034e-01,5.347617901861667633e-03,-6.113252788782119751e-02,8.180367946624755859e-02,7.014913111925125122e-02,-2.624533772468566895e-01,-1.689139604568481445e-01,-2.196581363677978516e-01,1.314579546451568604e-01,1.836181879043579102e-01,1.401572078466415405e-01,1.035844087600708008e-01,7.829326391220092773e-02,-1.533567309379577637e-01,8.579470217227935791e-02,-1.536824107170104980e-01,-5.863159429281949997e-03,1.257027834653854370e-01,-1.596992909908294678e-01,-2.438680529594421387e-01,-1.444717645645141602e-01,-7.539232820272445679e-02,1.267818212509155273e-01,-2.108202315866947174e-02,-2.474097907543182373e-02
3.055657492950558662e-03,4.568894580006599426e-02,8.857897669076919556e-02,3.939907848834991455e-01,5.586308240890502930e-02,1.939898729324340820e-01,2.468613833189010620e-01,0.000000000000000000e+00,7.268054783344268799e-02,3.165854215621948242e-01,3.845111280679702759e-02,1.126822605729103088e-01,-1.177734881639480591e-01,3.355056345462799072e-01,-7.099756598472595215e-02,4.970353469252586365e-02,-4.201889038085937500e-01,-3.831036686897277832e-01,5.747943371534347534e-02,2.728464007377624512e-01,-1.663798838853836060e-01,-2.349302023649215698e-01,8.518011868000030518e-02,2.740289568901062012e-01,-1.048098728060722351e-01,8.048353344202041626e-02,-2.119473926723003387e-02,-4.941855743527412415e-02,-3.740774691104888916e-01,-2.481578290462493896e-01,1.203520447015762329e-01,2.950212359428405762e-01,1.729646176099777222e-01,4.035656154155731201e-01,-1.978471577167510986e-01,-1.711710095405578613e-01,-4.966269433498382568e-01,-3.449156880378723145e-01,-2.928645312786102295e-01,-4.169020354747772217e-01,-1.464039981365203857e-01,3.124081762507557869e-03,2.240841090679168701e-02,1.360226571559906006e-01,-2.700496837496757507e-02,2.478913813829421997e-01,-2.159171998500823975e-01,-1.672819256782531738e-01,1.898346841335296631e-01,4.526645317673683167e-02,1.359759718179702759e-01,-4.190951958298683167e-02,2.744741141796112061e-01,1.448453813791275024e-01,-2.091845422983169556e-01,-3.734003603458404541e-01,9.364948607981204987e-03,-4.064422473311424255e-02,1.856863684952259064e-02,4.197282195091247559e-01,2.318872660398483276e-01,6.079782843589782715e-01,-1.571398824453353882e-01,1.240183785557746887e-01,-1.676833257079124451e-02,3.862781226634979248e-01,1.361125987023115158e-02,1.767606437206268311e-01,-1.187877729535102844e-02,-1.046698093414306641e-01,2.906765639781951904e-01,5.829003825783729553e-02,-7.892034947872161865e-02,2.158614248037338257e-01,9.430684149265289307e-03,-1.542292088270187378e-01,-3.026711046695709229e-01,-1.666113436222076416e-01,-1.123282760381698608e-01,-3.671919405460357666e-01,-4.980563744902610779e-02,-3.144048750400543213e-01,-3.555467426776885986e-01,-3.565711677074432373e-01,-5.249354615807533264e-02,-1.016819179058074951e-01,-1.637594699859619141e-01,-2.977368235588073730e-01,1.315374523401260376e-01,-2.031001746654510498e-01,1.796920597553253174e-01,-2.213319987058639526e-01,2.253293842077255249e-01,-1.295360177755355835e-01,-1.039444208145141602e-01,6.255403161048889160e-03,-3.219245076179504395e-01,-3.107433021068572998e-01,-6.209169700741767883e-02,-7.148832082748413086e-02,9.786339849233627319e-02,-9.449961781501770020e-02,-1.698357053101062775e-02,-2.101293057203292847e-01,-2.246665805578231812e-01,2.865694649517536163e-02,-1.854978948831558228e-01,-2.727856338024139404e-01,1.956351697444915771e-01,-1.963481009006500244e-01,-1.163522824645042419e-01,-1.266370713710784912e-02,1.372994184494018555e-01,2.395506799221038818e-01,-1.280252784490585327e-01,-6.281804293394088745e-02
7.521883398294448853e-02,6.860612332820892334e-02,7.579629868268966675e-02,-1.614596396684646606e-01,4.571044743061065674e-01,4.221938252449035645e-01,7.409228384494781494e-02,7.268054783344268799e-02,0.000000000000000000e+00,4.942979216575622559e-01,-1.755207590758800507e-02,-1.043354272842407227e-01,1.173246055841445923e-01,-6.406419724225997925e-02,-8.186225779354572296e-03,-1.344660073518753052e-01,-2.729118764400482178e-01,7.134699262678623199e-03,1.036425754427909851e-01,-2.027168869972229004e-02,9.307891875505447388e-02,1.946786791086196899e-01,7.877890765666961670e-02,-2.707942016422748566e-02,3.986777067184448242e-01,4.165801703929901123e-01,3.071671724319458008e-01,4.474221765995025635e-01,6.267163902521133423e-02,1.650315709412097931e-02,1.583071649074554443e-01,4.357233271002769470e-02,-1.306163519620895386e-01,-1.160835698246955872e-01,9.890053421258926392e-02,-3.622818365693092346e-02,3.903520107269287109e-02,4.271677881479263306e-02,7.445473968982696533e-02,8.361852169036865234e-02,1.958423852920532227e-01,1.331255733966827393e-01,1.012102961540222168e-01,1.758997142314910889e-01,1.083764806389808655e-02,7.363465428352355957e-02,1.200427561998367310e-01,1.065081804990768433e-01,-2.341738902032375336e-02,8.140208572149276733e-02,3.107533417642116547e-02,-6.753510236740112305e-02,1.087952628731727600e-01,-2.119865864515304565e-01,1.482321321964263916e-01,-7.579868286848068237e-02,-7.958466559648513794e-02,-8.986160904169082642e-02,2.974235825240612030e-02,-2.617020346224308014e-02,-1.767480629496276379e-03,-1.482350975275039673e-01,-2.050431519746780396e-01,-1.644902080297470093e-01,1.644960492849349976e-01,1.543061807751655579e-02,-3.208702430129051208e-03,-6.390677392482757568e-02,5.603640154004096985e-02,1.026529148221015930e-01,2.504248917102813721e-01,1.005257666110992432e-01,1.682220995426177979e-01,-9.718372486531734467e-03,-1.081234440207481384e-01,-1.716996729373931885e-01,5.862456932663917542e-02,-6.608473509550094604e-02,-2.236547321081161499e-02,2.467032149434089661e-02,4.336916655302047729e-02,2.212959341704845428e-02,-1.212322562932968140e-01,-4.215054586529731750e-02,1.767226457595825195e-01,-2.293154895305633545e-01,1.600289195775985718e-01,-3.543788567185401917e-02,2.035640031099319458e-01,-1.405109018087387085e-01,1.025487408041954041e-01,-6.190209463238716125e-02,1.363344937562942505e-01,-4.065715149044990540e-02,3.904230892658233643e-03,-6.084096152335405350e-03,4.338558018207550049e-02,-3.567417617887258530e-03,2.760569192469120026e-02,6.569170951843261719e-02,1.467587947845458984e-01,-1.370834410190582275e-01,2.712472081184387207e-01,3.732595965266227722e-02,1.404596120119094849e-01,8.606455475091934204e-02,4.028967767953872681e-02,-3.184396028518676758e-02,-1.061568409204483032e-01,1.139073166996240616e-02,4.627245070878416300e-04,3.352496307343244553e-03,1.518667489290237427e-01,1.556627005338668823e-01,-3.851471096277236938e-02,-2.535589970648288727e-02
-2.078023739159107208e-02,6.127799674868583679e-02,2.206454873085021973e-01,1.350839287042617798e-01,4.273844957351684570e-01,3.115756511688232422e-01,1.394989192485809326e-01,3.165854215621948242e-01,4.942979216575622559e-01,0.000000000000000000e+00,-7.620996236801147461e-02,-6.496314704418182373e-02,4.738206975162029266e-03,8.558743447065353394e-02,5.260978266596794128e-02,1.595028191804885864e-01,-2.879133522510528564e-01,-1.645303517580032349e-01,1.549149453639984131e-01,1.040364727377891541e-01,-3.726391354575753212e-03,8.750753104686737061e-02,2.378021478652954102e-01,2.231970876455307007e-01,3.542140126228332520e-01,3.832835555076599121e-01,2.264022976160049438e-01,3.789320588111877441e-01,-4.437186568975448608e-02,-2.804643660783767700e-02,1.484568566083908081e-01,1.788145601749420166e-01,1.940885931253433228e-02,6.569755077362060547e-02,1.683408468961715698e-01,5.943906679749488831e-02,-6.592640280723571777e-02,-7.424586266279220581e-02,-3.779515624046325684e-02,-5.608366429805755615e-02,1.372336894273757935e-01,2.054358422756195068e-01,-2.321681007742881775e-02,7.734510302543640137e-02,1.525254175066947937e-02,7.996772229671478271e-02,-1.138943880796432495e-01,-7.562185078859329224e-02,5.913870036602020264e-02,-1.777662523090839386e-02,-1.131162792444229126e-01,-1.979316473007202148e-01,5.414993688464164734e-02,-2.006047405302524567e-02,-9.330294281244277954e-02,-1.250185966491699219e-01,-2.080244719982147217e-01,-1.584630161523818970e-01,-1.049055233597755432e-01,2.722964622080326080e-02,-1.477845907211303711e-01,5.194836109876632690e-02,-4.013278186321258545e-01,-2.707520425319671631e-01,2.039846926927566528e-01,2.248261570930480957e-01,-1.179693732410669327e-02,2.918411791324615479e-02,7.264369726181030273e-02,9.275619685649871826e-02,2.833883762359619141e-01,2.514711618423461914e-01,2.308826446533203125e-01,1.956478655338287354e-01,-8.555530756711959839e-02,-2.196428924798965454e-01,-8.828071504831314087e-02,4.986905958503484726e-03,-7.786379009485244751e-02,-2.593387663364410400e-02,-5.523135140538215637e-02,-9.733711369335651398e-03,-1.614159345626831055e-01,-7.579804211854934692e-02,1.928325891494750977e-01,-1.197256743907928467e-01,1.213601306080818176e-01,3.703188523650169373e-02,4.502136632800102234e-02,5.016226693987846375e-02,1.083722710609436035e-01,-1.508443057537078857e-02,9.131763875484466553e-02,-1.065859347581863403e-01,-2.139661461114883423e-02,-8.510101586580276489e-02,-1.512213349342346191e-01,-2.040858119726181030e-01,-6.220733374357223511e-02,1.569928042590618134e-02,6.684110313653945923e-02,-9.375280141830444336e-02,1.331517696380615234e-01,9.063813835382461548e-02,1.079477369785308838e-01,1.750580221414566040e-01,-3.141902014613151550e-02,-7.964052259922027588e-02,6.896709091961383820e-03,-1.220835670828819275e-01,-7.827469706535339355e-02,-8.414123952388763428e-02,7.709070295095443726e-02,1.494630426168441772e-01,-6.011167168617248535e-02,1.174529176205396652e-02
2.199003696441650391e-01,9.338741749525070190e-02,-1.993548683822154999e-02,-1.433131247758865356e-01,-3.621071204543113708e-02,-1.895911246538162231e-01,1.132842153310775757e-01,3.845111280679702759e-02,-1.755207590758800507e-02,-7.620996236801147461e-02,0.000000000000000000e+00,4.753594696521759033e-01,5.468099713325500488e-01,3.357887268066406250e-01,3.297722339630126953e-01,1.799272000789642334e-01,1.248328015208244324e-01,6.566073745489120483e-02,6.614883244037628174e-02,1.210133358836174011e-01,8.543480932712554932e-02,5.260600522160530090e-02,2.861350029706954956e-02,-1.197216734290122986e-01,-4.907900094985961914e-02,-9.319212287664413452e-02,-2.793727517127990723e-01,-1.508923768997192383e-01,3.116149902343750000e-01,1.120677068829536438e-01,3.179028034210205078e-01,1.297277361154556274e-01,2.712982296943664551e-01,2.025917321443557739e-01,-1.554200202226638794e-01,-3.319981396198272705e-01,-2.089285664260387421e-02,-7.742968946695327759e-02,-1.944674104452133179e-01,-1.914756745100021362e-01,-1.041116118431091309e-01,-2.934416756033897400e-02,2.007104754447937012e-01,4.044708982110023499e-02,1.999981105327606201e-01,7.397860288619995117e-02,-3.678204491734504700e-02,-1.508837640285491943e-01,-8.038868755102157593e-02,7.855933159589767456e-02,9.841606020927429199e-02,8.325689285993576050e-02,-5.623485520482063293e-02,9.277692437171936035e-02,-1.960492432117462158e-01,-2.261830680072307587e-02,1.835428923368453979e-01,7.789469510316848755e-02,-4.435824602842330933e-02,5.435774801298975945e-04,3.057802319526672363e-01,2.155630290508270264e-01,1.696740984916687012e-01,1.953469067811965942e-01,1.529157906770706177e-01,4.012204706668853760e-02,-1.088652312755584717e-01,-1.737719029188156128e-01,-1.678982079029083252e-01,-2.075688540935516357e-01,5.400021374225616455e-02,6.491100043058395386e-02,1.394384354352951050e-01,3.016058504581451416e-01,1.361493468284606934e-01,2.285222113132476807e-01,1.342651993036270142e-01,2.553045153617858887e-01,-1.858565658330917358e-01,3.912988584488630295e-03,1.889342069625854492e-01,1.029567420482635498e-01,1.328614205121994019e-01,-2.029504626989364624e-01,-2.076077647507190704e-02,-1.272585839033126831e-01,-2.186289876699447632e-01,-1.968540251255035400e-01,-1.552360057830810547e-01,-2.213809788227081299e-01,-2.772489786148071289e-01,-2.423301786184310913e-01,-1.616920083761215210e-01,-2.172316052019596100e-02,1.482339054346084595e-01,-1.759085655212402344e-01,1.286741439253091812e-02,5.088113248348236084e-02,-6.562342494726181030e-02,3.190515935420989990e-01,-1.016973033547401428e-01,1.340896934270858765e-01,-2.625506520271301270e-01,-3.363680839538574219e-01,-2.847388088703155518e-01,-1.248150318861007690e-01,-2.544520497322082520e-01,-1.334196031093597412e-01,2.002294361591339111e-01,9.954657405614852905e-02,2.294358313083648682e-01,1.174836084246635437e-01,2.195286899805068970e-01,4.496334865689277649e-02,-1.429565399885177612e-01,-2.191628217697143555e-01
1.157843843102455139e-01,2.599313259124755859e-01,-2.729851901531219482e-01,-1.482682377099990845e-01,-1.197106242179870605e-01,-6.340266019105911255e-02,-2.009517699480056763e-01,1.126822605729103088e-01,-1.043354272842407227e-01,-6.496314704418182373e-02,4.753594696521759033e-01,0.000000000000000000e+00,2.337205559015274048e-01,5.944824218750000000e-01,2.578385770320892334e-01,3.806351125240325928e-01,2.621360123157501221e-01,2.362856864929199219e-01,-1.143061090260744095e-02,1.901597976684570312e-01,9.439267963171005249e-02,1.006229221820831299e-01,-2.324816882610321045e-01,-2.882101833820343018e-01,-5.355647206306457520e-02,3.009421378374099731e-02,-2.760822474956512451e-01,-1.518735289573669434e-01,3.859807550907135010e-01,2.886536121368408203e-01,3.871590793132781982e-01,2.167218178510665894e-01,2.843221426010131836e-01,3.345089554786682129e-01,-3.523344397544860840e-01,-2.987937927246093750e-01,-6.819439679384231567e-02,-6.910595297813415527e-02,-3.520929813385009766e-01,-1.594874858856201172e-01,-1.124945580959320068e-01,-2.850442752242088318e-02,3.208106756210327148e-01,1.014239788055419922e-01,2.129304856061935425e-01,2.513307929039001465e-01,8.544753305613994598e-03,-1.668209582567214966e-01,1.609662175178527832e-02,7.135412842035293579e-02,1.649239659309387207e-01,1.994207650423049927e-01,9.280371665954589844e-02,2.252688556909561157e-01,-1.577365696430206299e-01,4.646374657750129700e-02,2.106457650661468506e-01,2.494091540575027466e-01,4.924353584647178650e-02,2.563497126102447510e-01,1.652742922306060791e-01,3.355512917041778564e-01,3.316530585289001465e-01,5.203929543495178223e-01,-1.913521438837051392e-01,-6.421120464801788330e-02,-3.635272383689880371e-01,-1.246445849537849426e-01,-2.066056728363037109e-01,-1.462935656309127808e-01,2.717572264373302460e-02,1.602252721786499023e-01,1.930527389049530029e-01,3.616424798965454102e-01,1.581641286611557007e-01,1.905995756387710571e-01,6.207379978150129318e-03,2.705750763416290283e-01,-6.642373651266098022e-02,9.074562042951583862e-02,4.334157407283782959e-01,3.209898769855499268e-01,1.544039994478225708e-01,-2.283759117126464844e-01,-3.146416544914245605e-01,3.115951083600521088e-02,-3.738923668861389160e-01,-2.873561978340148926e-01,-2.751204669475555420e-01,-1.182823106646537781e-01,-2.605821788311004639e-01,-2.373970299959182739e-01,-1.802382320165634155e-01,-2.334594130516052246e-01,1.621311604976654053e-01,-1.961451172828674316e-01,-7.445348054170608521e-02,2.974268049001693726e-02,1.752371201291680336e-03,4.292479157447814941e-02,-1.676676720380783081e-01,8.672655560076236725e-03,-3.301853239536285400e-01,-4.036961495876312256e-01,-2.539002895355224609e-01,-1.891140490770339966e-01,-2.678534388542175293e-01,-1.355624347925186157e-01,1.949934661388397217e-01,1.789074838161468506e-01,3.009222447872161865e-01,5.404610931873321533e-02,1.703607290983200073e-01,-1.121831908822059631e-01,-2.665258646011352539e-01,-2.841099202632904053e-01
1.388444453477859497e-01,6.782951951026916504e-02,5.549487844109535217e-02,-2.004492282867431641e-01,-5.488594621419906616e-02,-1.950338482856750488e-01,2.432900816202163696e-01,-1.177734881639480591e-01,1.173246055841445923e-01,4.738206975162029266e-03,5.468099713325500488e-01,2.337205559015274048e-01,0.000000000000000000e+00,3.113181293010711670e-01,3.614252507686614990e-01,1.089285090565681458e-01,1.114083155989646912e-01,9.895424544811248779e-02,2.867947891354560852e-02,-4.643814638257026672e-02,6.023365631699562073e-02,3.255183622241020203e-02,4.745332896709442139e-02,-5.435243621468544006e-02,-6.057375669479370117e-02,-2.076193690299987793e-01,-1.679615974426269531e-01,-1.082359626889228821e-01,2.919504046440124512e-01,3.422531485557556152e-02,1.167826130986213684e-01,-4.078524187207221985e-02,6.427513808012008667e-02,-4.929152876138687134e-02,-3.285653889179229736e-02,-2.048303782939910889e-01,1.687597781419754028e-01,8.603030443191528320e-02,-3.126315400004386902e-02,-1.677960157394409180e-02,1.042077913880348206e-01,1.051249075680971146e-02,5.307618528604507446e-02,-6.633828394114971161e-03,9.203867614269256592e-02,-7.344946265220642090e-02,4.123081453144550323e-03,-1.185647249221801758e-01,-1.011810377240180969e-01,1.649668514728546143e-01,8.182627707719802856e-02,6.031107902526855469e-02,-1.656754761934280396e-01,2.794193476438522339e-02,-6.860154867172241211e-02,-2.685244940221309662e-02,1.790646091103553772e-02,8.584666997194290161e-02,8.859969675540924072e-02,-3.982318565249443054e-02,3.268931210041046143e-01,-7.956843823194503784e-03,1.616728119552135468e-02,-3.145966678857803345e-02,1.964745968580245972e-01,-2.043616399168968201e-02,-9.116131067276000977e-02,-3.578631281852722168e-01,-4.606312140822410583e-02,-6.925372779369354248e-02,7.315200753509998322e-03,9.836788475513458252e-02,1.817843616008758545e-01,2.339605540037155151e-01,7.966713607311248779e-02,2.896484732627868652e-01,1.807867437601089478e-01,2.034866660833358765e-01,-2.059474736452102661e-01,-3.621295839548110962e-02,7.575008273124694824e-02,7.576738297939300537e-02,1.340233236551284790e-01,-9.863276034593582153e-02,2.246699109673500061e-02,-2.842795848846435547e-01,-1.357020437717437744e-01,-1.228349208831787109e-01,-7.773041259497404099e-03,-1.978560984134674072e-01,-8.976146578788757324e-02,-5.393752455711364746e-02,-8.123798668384552002e-02,1.666025370359420776e-01,1.633768528699874878e-01,-1.203765496611595154e-01,5.862411856651306152e-02,4.386974498629570007e-02,-5.807537958025932312e-02,2.738760709762573242e-01,4.380265250802040100e-02,2.653683423995971680e-01,-1.062524095177650452e-01,-1.996527165174484253e-01,-1.397269666194915771e-01,-6.953463703393936157e-02,-1.156363561749458313e-01,1.219032518565654755e-02,1.196139454841613770e-01,1.547407954931259155e-01,1.505439132452011108e-01,8.557455986738204956e-02,2.020771503448486328e-01,4.386171326041221619e-02,-1.520563755184412003e-02,-1.345985382795333862e-01
