0.000000000000000000e+00,6.502925157546997070e-01,5.962961316108703613e-01,5.686153769493103027e-01,1.419769823551177979e-01,5.489737540483474731e-02,6.117053627967834473e-01,4.661089777946472168e-01,2.221760004758834839e-01,-1.177405752241611481e-02,5.907973051071166992e-01,4.173901677131652832e-01,5.197014212608337402e-01,4.914317429065704346e-01,1.167175844311714172e-01,-1.649281568825244904e-02,5.858691781759262085e-02,6.899975240230560303e-02,5.341799259185791016e-01,5.828147530555725098e-01,-1.285275816917419434e-01,-6.412580143660306931e-03,3.417152166366577148e-01,3.067259788513183594e-01,2.151357829570770264e-01,1.755834519863128662e-01,9.852801449596881866e-03,-1.079950015991926193e-02,3.491516113281250000e-01,8.800967782735824585e-02,2.237292677164077759e-01,2.635921239852905273e-01,4.652603566646575928e-01,5.439341664314270020e-01,2.122012674808502197e-01,6.165597587823867798e-02,-2.605225145816802979e-01,-2.328641712665557861e-01,-1.068144440650939941e-01,8.314038626849651337e-03,-8.406014740467071533e-02,-1.620120406150817871e-01,-2.460803538560867310e-01,-2.473003119230270386e-01,-8.659853786230087280e-02,-2.143094316124916077e-02,-2.656596014276146889e-03,-1.351797133684158325e-01,-9.400367736816406250e-02,-2.578354813158512115e-02,-6.321900337934494019e-02,-1.671106554567813873e-02,-6.790142506361007690e-02,-2.839262187480926514e-01,-1.661896258592605591e-01,-1.284848302602767944e-01,5.854412317276000977e-01,5.808585286140441895e-01,1.411686837673187256e-01,2.281747460365295410e-01,4.517671465873718262e-01,4.220547080039978027e-01,3.445746302604675293e-01,3.374783098697662354e-01,1.186000034213066101e-01,9.589492529630661011e-02,1.367539316415786743e-01,1.377437263727188110e-01,1.829778403043746948e-01,1.056119501590728760e-01,3.482261598110198975e-01,3.029015362262725830e-01,3.098324835300445557e-01,3.157735168933868408e-01,1.817133873701095581e-01,2.288516163825988770e-01,3.238248229026794434e-01,2.229353487491607666e-01,7.228910923004150391e-02,2.354040294885635376e-01,-8.527832478284835815e-02,2.701004967093467712e-02,-2.419515848159790039e-01,-1.793781369924545288e-01,-4.763112589716911316e-02,-2.254141420125961304e-01,-7.996760308742523193e-02,2.435806021094322205e-02,-2.636861242353916168e-02,-2.349502444267272949e-01,-3.294068872928619385e-01,-3.972117304801940918e-01,-3.190696239471435547e-01,-3.013918697834014893e-01,-2.495749853551387787e-02,1.337604820728302002e-01,1.338021364063024521e-02,-7.664884626865386963e-02,-1.193783432245254517e-01,-9.673383831977844238e-02,-1.358257979154586792e-01,-1.587533503770828247e-01,-1.761184073984622955e-02,-3.748710155487060547e-01,-3.553317394107580185e-03,-1.837070286273956299e-01,7.102965563535690308e-02,-1.518012583255767822e-01,1.214373856782913208e-01,4.283743351697921753e-02,-2.810747325420379639e-01,-3.504547476768493652e-01,-2.428793907165527344e-01,-1.102144196629524231e-01,-2.414763718843460083e-02,-1.927871406078338623e-01
6.502925157546997070e-01,0.000000000000000000e+00,5.954640507698059082e-01,4.835385084152221680e-01,1.375675499439239502e-01,1.192967817187309265e-01,4.644664227962493896e-01,3.982557952404022217e-01,8.079612255096435547e-02,1.056185066699981689e-01,3.536953926086425781e-01,3.524800240993499756e-01,2.126239985227584839e-01,3.746708035469055176e-01,1.876640915870666504e-01,7.859839498996734619e-02,-5.238605663180351257e-02,4.307476431131362915e-02,3.098961710929870605e-01,3.707042336463928223e-01,-2.487045824527740479e-01,-2.857561111450195312e-01,3.773923218250274658e-01,3.527147471904754639e-01,1.830083578824996948e-01,1.462918519973754883e-01,2.250938117504119873e-01,1.703107059001922607e-01,3.506283164024353027e-01,2.031695693731307983e-01,1.926692128181457520e-01,2.297829389572143555e-01,4.464054703712463379e-01,5.229086875915527344e-01,-2.430651150643825531e-02,-9.094694256782531738e-02,-2.981390357017517090e-01,-3.535660207271575928e-01,-5.178401991724967957e-02,-2.624735981225967407e-02,-3.432199954986572266e-01,-2.479619234800338745e-01,-3.912074267864227295e-01,-3.431023657321929932e-01,-1.528256237506866455e-01,-1.811402738094329834e-01,-2.031079977750778198e-01,-3.047836124897003174e-01,-1.771062016487121582e-01,-2.241500020027160645e-01,-3.203756213188171387e-01,-1.435250937938690186e-01,-2.139188498258590698e-01,-2.174589633941650391e-01,-1.489616632461547852e-01,-3.194291293621063232e-01,4.290928542613983154e-01,6.503121852874755859e-01,-2.358730137348175049e-01,1.852055341005325317e-01,2.226043343544006348e-01,4.397247433662414551e-01,3.782716095447540283e-01,3.658927083015441895e-01,8.107800781726837158e-02,-3.701070323586463928e-02,1.941954940557479858e-01,-1.477388739585876465e-01,3.852836787700653076e-01,2.657750807702541351e-02,4.301868379116058350e-01,4.349371790885925293e-01,2.425165176391601562e-01,2.671456038951873779e-01,1.637398898601531982e-01,1.719875782728195190e-01,2.348492145538330078e-01,1.563972532749176025e-01,3.005969226360321045e-01,3.418415486812591553e-01,-6.072707846760749817e-02,7.545506954193115234e-02,-3.483050167560577393e-01,-2.199504077434539795e-01,-5.048619583249092102e-02,-1.815418452024459839e-01,7.807370275259017944e-02,2.408998273313045502e-02,1.399753242731094360e-01,-1.713968664407730103e-01,-2.843962907791137695e-01,-3.763090670108795166e-01,-1.661504358053207397e-01,-2.312493175268173218e-01,6.140112131834030151e-02,2.360830008983612061e-01,1.569251567125320435e-01,-1.218018773943185806e-02,-1.325819045305252075e-01,-2.592315375804901123e-01,-1.408713161945343018e-01,2.049412392079830170e-02,2.826394699513912201e-02,-2.961339354515075684e-01,-3.135004267096519470e-02,-2.309947609901428223e-01,5.110460892319679260e-02,4.678595066070556641e-02,1.589640080928802490e-01,2.709429711103439331e-02,-1.972158104181289673e-01,-2.028076797723770142e-01,-2.640753388404846191e-01,-1.312557701021432877e-02,-8.050454407930374146e-02,-5.100324377417564392e-02
5.962961316108703613e-01,5.954640507698059082e-01,0.000000000000000000e+00,5.817807316780090332e-01,2.420682758092880249e-01,1.897834837436676025e-01,7.002049088478088379e-01,4.518305063247680664e-01,2.173830866813659668e-01,1.381796300411224365e-01,3.531680405139923096e-01,2.680499851703643799e-01,3.538824319839477539e-01,3.774938285350799561e-01,2.828476727008819580e-01,1.391685009002685547e-01,-1.504104286432266235e-01,-7.287880033254623413e-02,4.606018960475921631e-01,3.405167162418365479e-01,-1.473129391670227051e-01,-9.116917848587036133e-02,5.960627794265747070e-01,5.072299242019653320e-01,2.958151698112487793e-01,2.267482727766036987e-01,1.753054410219192505e-01,1.224059239029884338e-01,2.182680666446685791e-01,1.687875948846340179e-02,1.305958479642868042e-01,1.640247404575347900e-01,2.748841643333435059e-01,3.506069183349609375e-01,5.572926253080368042e-02,-8.505585789680480957e-02,-1.746227145195007324e-01,-3.181753456592559814e-01,5.880159884691238403e-02,9.957290440797805786e-02,-1.457375884056091309e-01,-7.159078121185302734e-02,-2.618125677108764648e-01,-2.403855174779891968e-01,-2.292407006025314331e-01,-2.517730593681335449e-01,-1.516375690698623657e-01,-2.836518585681915283e-01,-2.101431190967559814e-01,-1.838494241237640381e-01,-1.465055197477340698e-01,-6.227292492985725403e-02,-3.314248472452163696e-02,-1.010459139943122864e-01,6.971587985754013062e-02,-2.014457583427429199e-01,1.968946903944015503e-01,3.082320690155029297e-01,-1.960922479629516602e-01,9.401793777942657471e-02,2.713248431682586670e-01,2.687241137027740479e-01,2.307387441396713257e-01,1.275992542505264282e-01,2.630859017372131348e-01,8.052581548690795898e-02,2.758058309555053711e-01,-8.900719135999679565e-02,1.794611066579818726e-01,-7.378789037466049194e-02,3.815486133098602295e-01,3.423510491847991943e-01,2.775163948535919189e-01,2.639607489109039307e-01,9.660020470619201660e-02,1.663099378347396851e-01,3.345990777015686035e-01,1.943343579769134521e-01,1.986998021602630615e-01,2.313401997089385986e-01,1.805800758302211761e-02,6.652702391147613525e-02,-1.192464679479598999e-01,-8.781417272984981537e-03,1.351148337125778198e-01,-1.516881734132766724e-01,7.316847145557403564e-02,1.489260941743850708e-01,2.657262980937957764e-01,-1.544514894485473633e-01,-3.410127162933349609e-01,-4.459074437618255615e-01,-2.224504649639129639e-01,-2.933621108531951904e-01,5.239810422062873840e-02,9.208495169878005981e-02,-5.163327604532241821e-02,1.682905852794647217e-02,-1.013066470623016357e-01,-2.324849069118499756e-01,-1.382882744073867798e-01,-3.381566330790519714e-02,-3.890018211677670479e-03,-3.030986785888671875e-01,-1.336828321218490601e-01,-2.504109144210815430e-01,-3.100408241152763367e-02,-3.025703690946102142e-02,1.000810489058494568e-01,-8.479303121566772461e-02,-3.372027873992919922e-01,-2.463338077068328857e-01,-2.855920493602752686e-01,-4.306498914957046509e-02,-1.163712069392204285e-01,-1.186751276254653931e-01
5.686153769493103027e-01,4.835385084152221680e-01,5.817807316780090332e-01,0.000000000000000000e+00,1.530262827873229980e-01,1.393752247095108032e-01,6.618591547012329102e-01,7.495686411857604980e-01,3.053584396839141846e-01,2.207327783107757568e-01,3.300656080245971680e-01,3.331550359725952148e-01,3.686630129814147949e-01,4.874198138713836670e-01,5.185341089963912964e-02,1.521008163690567017e-01,-1.111037507653236389e-01,-3.256431221961975098e-02,5.481061935424804688e-01,5.943902730941772461e-01,-1.527827233076095581e-01,2.411889284849166870e-02,4.478347003459930420e-01,4.751057624816894531e-01,1.042900234460830688e-01,1.434226781129837036e-01,-8.446489274501800537e-02,-4.555824398994445801e-02,1.506826579570770264e-01,-3.314283490180969238e-02,9.710992127656936646e-02,2.238716930150985718e-01,3.434716761112213135e-01,4.817439913749694824e-01,1.992439180612564087e-01,1.184173002839088440e-01,-2.530774176120758057e-01,-3.169940114021301270e-01,-4.245514795184135437e-02,1.484373956918716431e-02,-8.347517997026443481e-02,-2.263602167367935181e-01,-1.671845316886901855e-01,-2.243212610483169556e-01,-2.267669886350631714e-01,-1.218387484550476074e-01,-6.746691465377807617e-02,-1.016393527388572693e-01,-3.000603914260864258e-01,-2.372091114521026611e-01,-1.678366661071777344e-01,-2.036992013454437256e-01,-4.451040923595428467e-02,-2.158727943897247314e-01,-6.235700100660324097e-02,-1.263418346643447876e-01,2.798494994640350342e-01,3.701524734497070312e-01,9.736853092908859253e-02,2.352741807699203491e-01,2.733753025531768799e-01,3.301238119602203369e-01,1.535200923681259155e-01,2.773381769657135010e-01,2.190071390941739082e-03,2.176412045955657959e-01,2.051319479942321777e-01,2.792198061943054199e-01,1.764511018991470337e-01,2.259165197610855103e-01,2.556605339050292969e-01,1.992159634828567505e-01,1.609883010387420654e-01,1.916790306568145752e-01,1.780565977096557617e-01,2.310989946126937866e-01,3.546054959297180176e-01,2.311186045408248901e-01,-2.318662963807582855e-02,1.219338774681091309e-01,-8.863607048988342285e-02,-4.280450521036982536e-04,-1.332430094480514526e-01,-6.890366971492767334e-02,-1.485887076705694199e-02,-1.558193415403366089e-01,-1.248195618391036987e-01,3.490107879042625427e-02,-2.643571980297565460e-02,-1.187220439314842224e-01,-1.319396197795867920e-01,-2.223286628723144531e-01,-8.710033446550369263e-02,-1.337186396121978760e-01,4.076228663325309753e-02,1.110030710697174072e-01,-7.854349911212921143e-02,-5.430642515420913696e-02,-6.344504654407501221e-02,-7.859440147876739502e-02,-4.208939522504806519e-02,-1.257967948913574219e-01,2.064224891364574432e-02,-2.311679273843765259e-01,-8.373747766017913818e-02,-2.220423519611358643e-01,2.796023711562156677e-02,-7.248500734567642212e-02,3.951407968997955322e-02,-4.055172950029373169e-02,-2.420348525047302246e-01,-2.777618765830993652e-01,-2.637262642383575439e-01,-5.238482356071472168e-02,-2.760314196348190308e-02,-1.845574826002120972e-01
1.419769823551177979e-01,1.375675499439239502e-01,2.420682758092880249e-01,1.530262827873229980e-01,0.000000000000000000e+00,7.179291248321533203e-01,9.886091202497482300e-02,3.132512047886848450e-02,3.882841169834136963e-01,2.304360419511795044e-01,1.523365676403045654e-01,1.436651945114135742e-01,1.571659147739410400e-01,1.973567008972167969e-01,2.166730314493179321e-01,1.121001169085502625e-01,-2.678551478311419487e-03,1.610846724361181259e-03,-7.730552926659584045e-03,4.330729320645332336e-02,8.444458246231079102e-02,1.627610921859741211e-01,1.035017967224121094e-01,1.904578506946563721e-01,5.898046493530273438e-01,6.757704615592956543e-01,3.619638383388519287e-01,5.245131850242614746e-01,1.610506922006607056e-01,5.406991764903068542e-02,2.484462708234786987e-01,2.999328374862670898e-01,5.668847635388374329e-02,6.346441805362701416e-02,-1.058020964264869690e-01,-9.814339131116867065e-02,-6.184614077210426331e-02,-1.139211207628250122e-01,-1.466844696551561356e-02,-1.162557452917098999e-01,-5.631668865680694580e-02,-1.387876421213150024e-01,-8.797392994165420532e-02,-7.466584444046020508e-03,-6.979588419198989868e-02,-3.576600924134254456e-02,-1.006224229931831360e-01,-5.971984565258026123e-02,8.689592778682708740e-02,6.773990392684936523e-02,3.768427670001983643e-02,1.071347743272781372e-01,1.099545229226350784e-02,5.811201035976409912e-02,-6.193681061267852783e-02,-1.195411235094070435e-01,7.192168384790420532e-02,6.460204720497131348e-02,1.289036963135004044e-02,1.458249986171722412e-01,1.449969708919525146e-01,1.381952315568923950e-01,3.080187924206256866e-02,-3.905909508466720581e-02,7.954402267932891846e-02,-5.144780874252319336e-02,-3.243266791105270386e-02,-6.416323781013488770e-02,-7.786986231803894043e-02,-1.440212875604629517e-01,9.292087703943252563e-02,9.888663142919540405e-02,6.937900185585021973e-02,1.469084918498992920e-01,-8.508940041065216064e-02,2.434157207608222961e-02,-1.532444655895233154e-01,-1.174680590629577637e-01,3.753483295440673828e-02,-3.184712678194046021e-02,-1.332648992538452148e-01,-9.331226348876953125e-02,-5.755239352583885193e-02,-8.366131782531738281e-02,-1.563754379749298096e-01,-1.084757670760154724e-01,2.789961993694305420e-01,8.938022702932357788e-02,1.291193366050720215e-01,-9.787295758724212646e-02,-3.487580716609954834e-01,-2.080091834068298340e-01,-1.923530995845794678e-01,-1.761563122272491455e-01,-3.795951232314109802e-02,1.009511873126029968e-01,2.122401818633079529e-02,-2.598872408270835876e-02,-2.759214043617248535e-01,-2.723703086376190186e-01,-1.949422657489776611e-01,5.909451749175786972e-03,-1.279401332139968872e-01,-2.328538447618484497e-01,-5.705583840608596802e-02,-9.111311286687850952e-02,2.666078135371208191e-02,-2.625016309320926666e-02,1.261015832424163818e-01,-8.253990858793258667e-02,-1.825731992721557617e-01,-1.285136640071868896e-01,-1.525863558053970337e-01,-1.722766160964965820e-01,-1.479414757341146469e-02,3.823161125183105469e-02
5.489737540483474731e-02,1.192967817187309265e-01,1.897834837436676025e-01,1.393752247095108032e-01,7.179291248321533203e-01,0.000000000000000000e+00,3.486307337880134583e-02,6.604871153831481934e-02,3.009028136730194092e-01,3.663794100284576416e-01,3.805402293801307678e-02,1.690464019775390625e-01,8.839827030897140503e-02,2.220745980739593506e-01,3.458826243877410889e-01,3.275378942489624023e-01,2.110044471919536591e-02,7.400890439748764038e-02,-5.881248041987419128e-02,4.570828285068273544e-03,1.395922005176544189e-01,1.490976810455322266e-01,1.532207727432250977e-01,2.738070785999298096e-01,6.219100952148437500e-01,6.957848668098449707e-01,4.517962932586669922e-01,5.896825194358825684e-01,2.212873846292495728e-01,2.390535026788711548e-01,2.957857251167297363e-01,3.599008321762084961e-01,1.852341368794441223e-02,5.965971201658248901e-02,-1.432778984308242798e-01,-1.957315206527709961e-01,-1.487652510404586792e-01,-1.650928109884262085e-01,-4.887147992849349976e-02,-1.119999587535858154e-01,-6.872072815895080566e-02,-8.364429324865341187e-02,-1.381075531244277954e-01,-3.315783292055130005e-02,-3.142460808157920837e-02,-2.295863255858421326e-02,-2.187494933605194092e-01,-2.233032882213592529e-01,1.053776741027832031e-01,-1.241281279362738132e-03,-3.922581672668457031e-02,5.492955818772315979e-02,-9.301245212554931641e-02,3.962380811572074890e-02,-6.361677497625350952e-02,-1.576411426067352295e-01,-2.166001871228218079e-02,-2.133039198815822601e-02,-1.095985397696495056e-01,7.821750640869140625e-02,8.024605922400951385e-03,1.449538767337799072e-01,1.133360713720321655e-01,4.648834094405174255e-02,8.963959664106369019e-02,1.162150315940380096e-02,-2.492609061300754547e-02,-1.039090082049369812e-01,-1.461394131183624268e-01,-2.116362005472183228e-01,1.570298522710800171e-01,1.323753595352172852e-01,6.083677336573600769e-02,1.909312456846237183e-01,-6.324305385351181030e-02,6.065773218870162964e-02,-2.026415467262268066e-01,-9.591033309698104858e-02,2.172348946332931519e-01,7.202342152595520020e-02,3.346322569996118546e-03,4.642920196056365967e-02,-6.502579897642135620e-03,-4.942435771226882935e-02,-1.388964056968688965e-01,1.574396714568138123e-02,3.242435157299041748e-01,1.305183917284011841e-01,1.576905548572540283e-01,-1.147046163678169250e-01,-3.884135484695434570e-01,-2.905118465423583984e-01,-1.980926543474197388e-01,-2.918330132961273193e-01,-1.185623481869697571e-01,4.303974658250808716e-02,-2.538821101188659668e-02,-2.802695520222187042e-02,-3.155446052551269531e-01,-3.865485787391662598e-01,-2.348991483449935913e-01,-4.105767607688903809e-02,-2.299655675888061523e-01,-2.465761303901672363e-01,-1.436765342950820923e-01,-9.990517050027847290e-02,5.461034178733825684e-02,-8.386439643800258636e-03,1.709916740655899048e-01,-1.020441353321075439e-01,-2.120933383703231812e-01,-1.483210623264312744e-01,-2.273278832435607910e-01,-2.216416597366333008e-01,-3.536667674779891968e-02,1.305723190307617188e-01
6.117053627967834473e-01,4.644664227962493896e-01,7.002049088478088379e-01,6.618591547012329102e-01,9.886091202497482300e-02,3.486307337880134583e-02,0.000000000000000000e+00,6.720363497734069824e-01,3.883406221866607666e-01,1.115544289350509644e-01,5.480127930641174316e-01,3.880136609077453613e-01,6.227638125419616699e-01,5.351315736770629883e-01,2.399400174617767334e-01,1.088080480694770813e-01,-5.022596940398216248e-02,2.291155606508255005e-02,6.499768495559692383e-01,5.709465146064758301e-01,-1.987185627222061157e-01,-3.934450075030326843e-02,5.593888163566589355e-01,4.193479418754577637e-01,1.150774285197257996e-01,6.357613950967788696e-02,-2.960292808711528778e-02,-9.042941778898239136e-02,2.894721329212188721e-01,6.259423494338989258e-02,1.573914289474487305e-01,2.221057862043380737e-01,4.229374527931213379e-01,4.963184893131256104e-01,2.651747763156890869e-01,5.317579209804534912e-02,-2.831111848354339600e-01,-3.773193657398223877e-01,-7.471436262130737305e-02,-3.330798819661140442e-02,-9.726538509130477905e-02,-2.255899757146835327e-01,-2.343303114175796509e-01,-2.679600119590759277e-01,-2.206214517354965210e-01,-1.578558981418609619e-01,-1.107087507843971252e-01,-1.918895095586776733e-01,-2.805925309658050537e-01,-1.893209964036941528e-01,-1.545720249414443970e-01,-1.185468211770057678e-01,-5.762655660510063171e-02,-2.094050645828247070e-01,-7.685413956642150879e-02,-1.768403649330139160e-01,3.157949745655059814e-01,3.378910422325134277e-01,5.018442124128341675e-02,9.839557856321334839e-02,4.391456842422485352e-01,3.512802720069885254e-01,2.760725319385528564e-01,2.506653964519500732e-01,1.997217088937759399e-01,2.310162931680679321e-01,2.908983230590820312e-01,1.870966106653213501e-01,7.229529321193695068e-02,9.318288415670394897e-02,2.652072012424468994e-01,2.492834776639938354e-01,1.982171088457107544e-01,2.161931991577148438e-01,1.319976598024368286e-01,2.242211550474166870e-01,3.562785685062408447e-01,2.018279880285263062e-01,1.045105978846549988e-01,2.394322603940963745e-01,-3.967284038662910461e-02,6.212305650115013123e-02,-1.926462650299072266e-01,-1.363002508878707886e-01,5.951115116477012634e-02,-1.972137093544006348e-01,-1.177009567618370056e-01,-7.007122039794921875e-03,4.414388909935951233e-02,-2.188339233398437500e-01,-1.643978357315063477e-01,-3.028233051300048828e-01,-1.841878443956375122e-01,-1.532916128635406494e-01,1.893684675451368093e-04,1.574928909540176392e-01,-3.431630879640579224e-02,-4.773106426000595093e-02,-4.970501735806465149e-02,-4.480085149407386780e-02,-9.011101722717285156e-02,-9.347487241029739380e-02,7.656865287572145462e-03,-3.060584962368011475e-01,-5.630839616060256958e-02,-1.121637970209121704e-01,9.821615181863307953e-03,-6.944001466035842896e-02,1.486928462982177734e-01,1.957868412137031555e-02,-3.063786327838897705e-01,-2.624575495719909668e-01,-2.568903267383575439e-01,-5.444361642003059387e-02,2.303548902273178101e-02,-2.402712851762771606e-01
4.661089777946472168e-01,3.982557952404022217e-01,4.518305063247680664e-01,7.495686411857604980e-01,3.132512047886848450e-02,6.604871153831481934e-02,6.720363497734069824e-01,0.000000000000000000e+00,3.140942454338073730e-01,2.730136811733245850e-01,4.101745486259460449e-01,5.037478804588317871e-01,4.665796458721160889e-01,6.335363388061523438e-01,1.073341518640518188e-01,2.392922788858413696e-01,-1.379784345626831055e-01,-3.592710942029953003e-02,5.202420949935913086e-01,5.651330351829528809e-01,-1.684872657060623169e-01,-1.856144331395626068e-02,3.837042152881622314e-01,3.935727179050445557e-01,-5.836413055658340454e-02,-1.320843119174242020e-02,-1.412761360406875610e-01,-9.855596721172332764e-02,1.975851505994796753e-01,5.700803920626640320e-02,8.922270685434341431e-02,2.522463798522949219e-01,3.647429347038269043e-01,5.402060747146606445e-01,2.260844260454177856e-01,8.966775983572006226e-02,-3.586789071559906006e-01,-3.643129765987396240e-01,-4.454717040061950684e-02,2.705596573650836945e-02,-1.052859351038932800e-01,-2.141662240028381348e-01,-1.389758288860321045e-01,-1.532849371433258057e-01,-2.016544193029403687e-01,-7.261894643306732178e-02,-1.246503517031669617e-01,-1.762240678071975708e-01,-2.831788957118988037e-01,-2.091772556304931641e-01,-1.612143665552139282e-01,-1.109594404697418213e-01,-9.581069648265838623e-02,-2.376551032066345215e-01,-2.392417937517166138e-02,-1.371644437313079834e-01,2.090159654617309570e-01,2.682474851608276367e-01,4.228942096233367920e-02,1.901552826166152954e-01,3.512286245822906494e-01,4.364462494850158691e-01,2.122796922922134399e-01,3.674295246601104736e-01,-1.917572878301143646e-02,3.451897799968719482e-01,1.800422519445419312e-01,2.848208546638488770e-01,3.018211945891380310e-02,1.098362207412719727e-01,1.898625344038009644e-01,2.040024697780609131e-01,1.327806413173675537e-01,1.912521421909332275e-01,1.630254089832305908e-01,2.420781850814819336e-01,4.060614407062530518e-01,2.781081199645996094e-01,8.046845346689224243e-02,1.896154284477233887e-01,-6.627494096755981445e-02,7.883491367101669312e-02,-1.416561752557754517e-01,-7.687029987573623657e-02,9.641648270189762115e-03,-7.313241064548492432e-02,-7.633700966835021973e-02,5.272051319479942322e-02,9.758662199601531029e-04,-1.468524187803268433e-01,-5.700464919209480286e-02,-2.851178050041198730e-01,-3.829933702945709229e-02,-1.507917493581771851e-01,3.387790638953447342e-03,8.145317435264587402e-02,-5.602407455444335938e-02,-3.884304687380790710e-02,-2.872093813493847847e-03,-5.661159381270408630e-02,1.781596802175045013e-05,-8.723897486925125122e-02,-1.067577395588159561e-02,-2.689411342144012451e-01,-5.961663648486137390e-02,-1.549385786056518555e-01,3.657042235136032104e-02,-3.415593132376670837e-02,8.291065692901611328e-02,-4.902181029319763184e-02,-2.626900672912597656e-01,-2.712310254573822021e-01,-2.445466667413711548e-01,-2.538304217159748077e-02,2.583653293550014496e-02,-1.799083948135375977e-01
2.221760004758834839e-01,8.079612255096435547e-02,2.173830866813659668e-01,3.053584396839141846e-01,3.882841169834136963e-01,3.009028136730194092e-01,3.883406221866607666e-01,3.140942454338073730e-01,0.000000000000000000e+00,4.311651289463043213e-01,4.387405216693878174e-01,3.638434708118438721e-01,5.375683903694152832e-01,4.356108903884887695e-01,3.609217703342437744e-01,2.497910261154174805e-01,1.328250020742416382e-01,1.484007090330123901e-01,2.932601273059844971e-01,3.040331006050109863e-01,-1.353846956044435501e-02,2.567445039749145508e-01,1.379247158765792847e-01,1.737345010042190552e-02,1.928868442773818970e-01,1.987217962741851807e-01,1.175464764237403870e-01,9.065481275320053101e-02,2.195949554443359375e-01,1.124593392014503479e-01,2.245233058929443359e-01,2.166366130113601685e-01,2.099392116069793701e-01,1.948426961898803711e-01,1.816814988851547241e-01,8.429884165525436401e-02,-3.177061975002288818e-01,-2.016681134700775146e-01,-1.942455470561981201e-01,-1.817649453878402710e-01,7.122365385293960571e-02,-2.119144052267074585e-01,-1.343183219432830811e-01,-1.682858616113662720e-01,-4.898649081587791443e-02,6.137249618768692017e-02,-1.138053908944129944e-01,-5.741234496235847473e-02,-9.612207114696502686e-02,1.892286539077758789e-02,1.061299722641706467e-02,-4.633407574146986008e-03,-1.705113053321838379e-01,-1.534369885921478271e-01,-2.301382273435592651e-01,-8.878303691744804382e-03,1.912385225296020508e-01,1.404973864555358887e-01,2.934162020683288574e-01,1.697921603918075562e-01,4.791468083858489990e-01,3.050176203250885010e-01,2.379714846611022949e-01,1.915783733129501343e-01,1.565609574317932129e-01,2.579980194568634033e-01,3.218859201297163963e-03,2.648735344409942627e-01,-7.962550967931747437e-02,7.526537775993347168e-02,-7.332785520702600479e-03,-1.927189901471138000e-02,4.343482106924057007e-02,1.023428514599800110e-01,1.013543978333473206e-01,1.191157177090644836e-01,-6.710581481456756592e-02,-1.107201650738716125e-01,-2.947452850639820099e-02,-5.343736265785992146e-04,-8.492906391620635986e-02,3.804456442594528198e-02,-9.671099483966827393e-02,-1.994694769382476807e-01,-1.352894306182861328e-01,-2.618931978940963745e-02,5.852095637237653136e-05,-6.308370828628540039e-02,-1.927716583013534546e-01,-1.419058889150619507e-01,-1.595212966203689575e-01,-1.063622310757637024e-01,-1.973350495100021362e-01,-4.358880221843719482e-02,-1.469379514455795288e-01,3.272822499275207520e-02,-1.742843389511108398e-01,-2.583838999271392822e-01,-1.735530197620391846e-01,-7.477688603103160858e-03,7.162610068917274475e-03,-1.659858375787734985e-01,-9.485182911157608032e-02,-1.121915727853775024e-01,-5.965289473533630371e-02,2.159651182591915131e-02,3.575825318694114685e-02,-2.593971788883209229e-01,7.067976891994476318e-02,9.220004826784133911e-02,-2.693727016448974609e-01,-3.317992687225341797e-01,-1.259845644235610962e-01,-2.901143729686737061e-01,-1.138894185423851013e-01,-2.465086430311203003e-01
-1.177405752241611481e-02,1.056185066699981689e-01,1.381796300411224365e-01,2.207327783107757568e-01,2.304360419511795044e-01,3.663794100284576416e-01,1.115544289350509644e-01,2.730136811733245850e-01,4.311651289463043213e-01,0.000000000000000000e+00,1.308536082506179810e-01,3.261891901493072510e-01,4.775284230709075928e-02,2.300688475370407104e-01,2.784562110900878906e-01,4.695029854774475098e-01,-1.258719265460968018e-01,-1.166719198226928711e-01,-3.595279902219772339e-02,-2.363127842545509338e-02,-1.236827522516250610e-01,-5.506356060504913330e-02,1.486491039395332336e-02,-1.087709050625562668e-02,-1.406767964363098145e-02,8.862711489200592041e-02,3.690162003040313721e-01,3.359261751174926758e-01,1.713261567056179047e-02,8.112704753875732422e-02,5.659785494208335876e-02,5.745340511202812195e-02,-1.293189637362957001e-02,9.654137492179870605e-02,-1.562793254852294922e-01,-4.331015050411224365e-02,-2.683953046798706055e-01,-1.793828010559082031e-01,-3.491882607340812683e-02,-6.406302750110626221e-02,-2.324225008487701416e-01,-2.309631556272506714e-01,-1.766759753227233887e-01,-1.819301992654800415e-01,-2.383283525705337524e-01,-1.735911220312118530e-01,-1.665061563253402710e-01,-1.213617026805877686e-01,-1.202050521969795227e-01,1.686198520474135876e-03,-3.292300924658775330e-02,4.177998751401901245e-02,-1.171617731451988220e-01,6.647922098636627197e-02,-3.599021211266517639e-02,-1.994630880653858185e-02,-1.957881301641464233e-01,-4.393309354782104492e-02,-1.406327486038208008e-01,1.925418227910995483e-01,4.495273157954216003e-02,3.186319768428802490e-01,2.071161195635795593e-02,5.400335788726806641e-02,-1.393617093563079834e-01,1.496503800153732300e-01,2.717318199574947357e-02,-6.764554232358932495e-02,6.566672772169113159e-02,-1.040286570787429810e-01,1.379336416721343994e-01,2.243104130029678345e-01,-4.655055701732635498e-02,1.004663109779357910e-02,-7.250878959894180298e-03,5.066713690757751465e-02,-2.904114127159118652e-02,-6.516796350479125977e-02,1.398862898349761963e-01,3.620327636599540710e-02,-1.300163865089416504e-01,1.341984327882528305e-02,-1.921598166227340698e-01,-1.904511153697967529e-01,-1.911431998014450073e-01,5.787733942270278931e-02,3.165427595376968384e-02,-6.214957684278488159e-02,-4.896184429526329041e-02,1.232845261693000793e-01,-1.222115475684404373e-03,-5.326964706182479858e-02,4.086969420313835144e-02,-9.339497424662113190e-03,-4.755108058452606201e-02,1.154558137059211731e-01,-4.238297045230865479e-02,-1.266361027956008911e-01,-3.823108226060867310e-02,-1.559116244316101074e-01,1.303016245365142822e-01,5.959435179829597473e-02,2.191985258832573891e-03,4.183826595544815063e-02,-7.616720348596572876e-02,-2.985269762575626373e-02,-8.436883799731731415e-03,1.215003896504640579e-02,-6.948941200971603394e-02,4.127919673919677734e-02,-6.161795184016227722e-02,-4.998512193560600281e-02,-9.513359516859054565e-03,-1.496331542730331421e-01,-5.832526832818984985e-02,-5.506744608283042908e-02
5.907973051071166992e-01,3.536953926086425781e-01,3.531680405139923096e-01,3.300656080245971680e-01,1.523365676403045654e-01,3.805402293801307678e-02,5.480127930641174316e-01,4.101745486259460449e-01,4.387405216693878174e-01,1.308536082506179810e-01,0.000000000000000000e+00,6.267926096916198730e-01,7.033352851867675781e-01,6.369298696517944336e-01,1.722283363342285156e-01,-1.025467086583375931e-02,1.804260164499282837e-01,9.398902952671051025e-02,3.995523452758789062e-01,4.799319803714752197e-01,-1.662482917308807373e-01,-3.076495137065649033e-03,1.335346251726150513e-01,4.364545270800590515e-02,8.703979849815368652e-02,1.088246107101440430e-01,-6.667155027389526367e-02,-4.542908072471618652e-02,3.921932578086853027e-01,1.301541924476623535e-01,3.450877368450164795e-01,3.188674449920654297e-01,4.730264544486999512e-01,5.304064750671386719e-01,2.008502483367919922e-01,1.045677289366722107e-01,-3.783907890319824219e-01,-2.734842002391815186e-01,-2.056921720504760742e-01,-1.554501652717590332e-01,-1.265396326780319214e-01,-2.935700416564941406e-01,-2.195556461811065674e-01,-2.292127758264541626e-01,-8.688832074403762817e-02,3.338255360722541809e-02,-8.886039257049560547e-03,-7.546412199735641479e-02,-3.753352165222167969e-02,1.464646756649017334e-01,5.692115798592567444e-02,1.177386865019798279e-01,-5.795983970165252686e-02,-2.148873955011367798e-01,-1.953606307506561279e-01,3.742826404049992561e-03,4.787857532501220703e-01,4.018073081970214844e-01,3.174180090427398682e-01,3.205868303775787354e-01,6.490325927734375000e-01,5.568387508392333984e-01,3.564366400241851807e-01,4.008955955505371094e-01,1.937236264348030090e-02,1.518051326274871826e-01,2.259259857237339020e-02,2.067481428384780884e-01,-7.124369591474533081e-02,2.303296700119972229e-02,7.994078099727630615e-02,1.436513513326644897e-01,7.971145212650299072e-02,8.828338980674743652e-02,1.223469823598861694e-01,1.720864623785018921e-01,1.886662393808364868e-01,5.089166387915611267e-02,1.792434789240360260e-02,2.037043422460556030e-01,-3.331539630889892578e-01,-1.284979730844497681e-01,-3.623513579368591309e-01,-3.774817287921905518e-01,-2.626048624515533447e-01,-2.640825510025024414e-01,-1.303142905235290527e-01,-9.085289388895034790e-02,-1.153622046113014221e-01,-1.392745077610015869e-01,-1.862432062625885010e-01,-2.145825028419494629e-01,-2.555071413516998291e-01,-1.229768991470336914e-01,-9.669110924005508423e-02,1.991344690322875977e-01,3.427623584866523743e-02,-2.093054801225662231e-01,-9.400945901870727539e-02,-1.288897451013326645e-02,2.404711768031120300e-02,-3.495725616812705994e-02,3.092916158493608236e-04,-2.650247812271118164e-01,1.782192438840866089e-01,6.349562853574752808e-02,1.110111176967620850e-01,-1.140776798129081726e-01,8.395718783140182495e-02,1.838906109333038330e-01,-2.306328117847442627e-01,-2.794873416423797607e-01,-1.269522607326507568e-01,-1.295118331909179688e-01,1.124735474586486816e-01,-2.143387794494628906e-01
4.173901677131652832e-01,3.524800240993499756e-01,2.680499851703643799e-01,3.331550359725952148e-01,1.436651945114135742e-01,1.690464019775390625e-01,3.880136609077453613e-01,5.037478804588317871e-01,3.638434708118438721e-01,3.261891901493072510e-01,6.267926096916198730e-01,0.000000000000000000e+00,5.084896683692932129e-01,6.980733275413513184e-01,2.582236230373382568e-01,2.703138291835784912e-01,-4.250076040625572205e-02,-5.239777266979217529e-02,2.824346423149108887e-01,3.440400958061218262e-01,-7.851678133010864258e-02,-8.739919215440750122e-02,7.860089093446731567e-02,3.827782347798347473e-03,-2.948090247809886932e-02,4.929541796445846558e-02,6.882191449403762817e-02,1.731609553098678589e-01,3.006417751312255859e-01,2.196976840496063232e-01,2.807206809520721436e-01,2.886929512023925781e-01,3.622959256172180176e-01,4.834690690040588379e-01,-8.174136281013488770e-02,-1.553767472505569458e-01,-5.342360138893127441e-01,-4.581483602523803711e-01,-1.645332127809524536e-01,-1.099957376718521118e-01,-2.365310341119766235e-01,-1.409033238887786865e-01,-9.309985488653182983e-02,-6.191005930304527283e-02,-8.611840754747390747e-02,-1.293428428471088409e-02,-1.666771024465560913e-01,-3.094520568847656250e-01,8.392673730850219727e-02,2.204830050468444824e-01,4.919663444161415100e-02,3.146746456623077393e-01,-7.662758976221084595e-02,-8.228527731262147427e-04,-1.547250244766473770e-02,-3.237265720963478088e-02,1.824647486209869385e-01,2.335092127323150635e-01,9.300080686807632446e-02,4.306869804859161377e-01,4.595605432987213135e-01,6.121600270271301270e-01,3.392551839351654053e-01,3.804194927215576172e-01,-1.383018642663955688e-01,9.883582592010498047e-02,4.868010804057121277e-02,4.953137040138244629e-02,-1.405366361141204834e-01,-1.407164186239242554e-01,9.133592993021011353e-02,1.849419027566909790e-01,1.691887155175209045e-02,1.494112610816955566e-01,3.818395361304283142e-02,1.613871604204177856e-01,1.976028829813003540e-01,9.336727112531661987e-02,2.305191308259963989e-01,1.794136315584182739e-01,-2.021229565143585205e-01,-1.129997372627258301e-01,-2.313595414161682129e-01,-1.897093951702117920e-01,-2.985400259494781494e-01,-1.390346139669418335e-01,4.384206980466842651e-02,7.200389169156551361e-03,6.491498649120330811e-02,7.051954045891761780e-03,-2.552445530891418457e-01,-3.921712934970855713e-01,-2.177013754844665527e-01,-2.474227100610733032e-01,-2.381241023540496826e-01,-1.585783436894416809e-02,-5.115266144275665283e-02,-1.133794113993644714e-01,-1.320770084857940674e-01,-2.633327543735504150e-01,-1.306014508008956909e-02,1.484839469194412231e-01,-1.033911481499671936e-01,-2.425576001405715942e-01,2.588187716901302338e-02,-1.543641742318868637e-02,1.687310487031936646e-01,1.413327008485794067e-01,8.786658197641372681e-02,-6.287160515785217285e-02,-3.287511169910430908e-01,-2.613714635372161865e-01,-1.852972209453582764e-01,-9.597308933734893799e-02,2.284754998981952667e-02,-1.808123849332332611e-02
5.197014212608337402e-01,2.126239985227584839e-01,3.538824319839477539e-01,3.686630129814147949e-01,1.571659147739410400e-01,8.839827030897140503e-02,6.227638125419616699e-01,4.665796458721160889e-01,5.375683903694152832e-01,4.775284230709075928e-02,7.033352851867675781e-01,5.084896683692932129e-01,0.000000000000000000e+00,6.815932989120483398e-01,3.798278272151947021e-01,1.727430820465087891e-01,2.169952243566513062e-01,2.402805089950561523e-01,5.478753447532653809e-01,5.653046369552612305e-01,6.869760900735855103e-02,2.599001228809356689e-01,3.325478136539459229e-01,2.125390172004699707e-01,2.046429514884948730e-01,1.712247729301452637e-01,-9.718333929777145386e-02,-9.856691211462020874e-02,4.302152395248413086e-01,2.146212458610534668e-01,3.691701591014862061e-01,3.344480097293853760e-01,4.429941177368164062e-01,4.465730190277099609e-01,3.564202785491943359e-01,7.130587846040725708e-02,-3.932044804096221924e-01,-2.844862341880798340e-01,-2.460898756980895996e-01,-1.404040306806564331e-01,1.247449591755867004e-01,-1.548377424478530884e-01,-1.792792230844497681e-01,-2.040021121501922607e-01,2.088476158678531647e-02,1.479116529226303101e-01,-1.023648530244827271e-01,-1.875734031200408936e-01,-9.668987989425659180e-02,4.776274040341377258e-02,2.063568867743015289e-02,3.617950156331062317e-02,-1.290514767169952393e-01,-2.675511240959167480e-01,-2.322241812944412231e-01,-3.757075592875480652e-02,4.508577287197113037e-01,3.059958219528198242e-01,3.866851627826690674e-01,1.521539688110351562e-01,6.089049577713012695e-01,3.712328374385833740e-01,3.694464266300201416e-01,3.945387303829193115e-01,2.234448045492172241e-01,2.750968933105468750e-01,7.723192125558853149e-02,3.663286566734313965e-01,-1.721957623958587646e-01,1.679983139038085938e-01,8.364013582468032837e-02,8.481334894895553589e-02,2.230689823627471924e-01,2.327306121587753296e-01,1.296771913766860962e-01,2.224506139755249023e-01,1.437890678644180298e-01,1.120304539799690247e-01,4.123637452721595764e-02,1.483767777681350708e-01,-7.531259674578905106e-03,1.125568449497222900e-01,-8.343772590160369873e-02,-1.916036307811737061e-01,-8.006270043551921844e-03,-4.662809893488883972e-02,-5.912929773330688477e-02,-2.132685855031013489e-02,-1.416768580675125122e-01,-2.706348001956939697e-01,-3.138326108455657959e-01,-3.323756158351898193e-01,-4.064961671829223633e-01,-2.558073103427886963e-01,-2.480659931898117065e-01,-1.988894306123256683e-02,-1.887319087982177734e-01,-2.211327403783798218e-01,-2.209378629922866821e-01,-8.946065604686737061e-02,-1.037251949310302734e-01,-2.410877346992492676e-01,-1.274643540382385254e-01,-3.119071424007415771e-01,-1.090401317924261093e-02,1.072065718472003937e-02,4.611720889806747437e-02,-2.645390033721923828e-01,1.204548254609107971e-01,8.700587600469589233e-02,-4.510341584682464600e-01,-4.700267612934112549e-01,-3.234130740165710449e-01,-2.771536409854888916e-01,1.412289403378963470e-02,-2.326339632272720337e-01
