0.000000000000000000e+00,7.602312564849853516e-01,5.425232052803039551e-01,5.116740465164184570e-01,4.039337038993835449e-01,3.585039675235748291e-01,3.112051486968994141e-01,5.660232156515121460e-02,1.091588288545608521e-01,1.326751410961151123e-01,2.337842434644699097e-01,-5.713783949613571167e-02,6.808704137802124023e-02,-2.411852404475212097e-02,3.008390069007873535e-01,2.831433201208710670e-03,3.751435503363609314e-02,-1.861463487148284912e-01,5.214921832084655762e-01,4.365909099578857422e-01,3.727278113365173340e-01,2.135273069143295288e-01,3.952688872814178467e-01,3.768731057643890381e-01,2.300028353929519653e-01,1.317203044891357422e-01,2.651126086711883545e-01,2.560066878795623779e-01,6.980256736278533936e-02,-1.083576455712318420e-01,3.222166299819946289e-01,4.262273609638214111e-01,4.552419483661651611e-01,2.762816846370697021e-01,-1.486913263797760010e-01,1.087594702839851379e-01,1.043458580970764160e-01,-6.561870872974395752e-02,1.502943485975265503e-01,3.402862846851348877e-01,-4.430052824318408966e-03,2.173434346914291382e-01,-4.806720018386840820e-01,-3.075680136680603027e-01,-3.300037086009979248e-01,-2.374232113361358643e-01,-3.093441724777221680e-01,-2.807623744010925293e-01,-4.195999205112457275e-01,-3.075551986694335938e-01,-4.133912324905395508e-01,-4.706851243972778320e-01,-4.488950073719024658e-01,-4.435354471206665039e-01,-2.047414779663085938e-01,-2.770860493183135986e-01,7.435078024864196777e-01,7.288538813591003418e-01,5.512385368347167969e-01,5.196704864501953125e-01,5.203417502343654633e-03,3.623932600021362305e-02,-1.787746138870716095e-02,-1.096849068999290466e-01,-2.443000376224517822e-01,-2.640966475009918213e-01,4.159236252307891846e-01,1.682561039924621582e-01,6.434696316719055176e-01,5.096140503883361816e-01,1.086147278547286987e-01,2.546730041503906250e-01,-2.374258786439895630e-01,-1.450061798095703125e-01,-1.759810000658035278e-01,-2.687165737152099609e-01,1.516127437353134155e-01,1.527559161186218262e-01,-6.809844076633453369e-02,9.731121361255645752e-02,5.532725900411605835e-02,8.234990388154983521e-02,3.149099946022033691e-01,1.833658814430236816e-01,1.036571040749549866e-01,-1.723266839981079102e-01,4.165867567062377930e-01,3.711933791637420654e-01,2.074749022722244263e-01,1.235458403825759888e-01,-4.613129496574401855e-01,-3.815400898456573486e-01,-4.367209374904632568e-01,-3.922940492630004883e-01,2.560520172119140625e-01,1.036034058779478073e-02,-3.321851789951324463e-01,-2.918959259986877441e-01,-3.510989546775817871e-01,-5.371733307838439941e-01,8.993826806545257568e-03,-4.345903396606445312e-01,-5.299230292439460754e-02,-9.127818048000335693e-02,-2.602389454841613770e-01,-4.405042231082916260e-01,-1.210291385650634766e-01,-2.906013131141662598e-01,-1.927413642406463623e-01,-2.026219666004180908e-01,-7.652721554040908813e-02,-3.401114046573638916e-01,-4.689959585666656494e-01,-4.059212803840637207e-01,-4.291135072708129883e-01,-3.470831811428070068e-01
7.602312564849853516e-01,0.000000000000000000e+00,5.665345788002014160e-01,6.026876568794250488e-01,5.007706284523010254e-01,4.226420819759368896e-01,1.489197611808776855e-01,1.534894257783889771e-01,1.353388130664825439e-01,1.742747128009796143e-01,1.096422970294952393e-01,-9.558649361133575439e-02,-3.871744964271783829e-03,-1.316341571509838104e-02,3.567421436309814453e-01,-2.116788551211357117e-02,-4.338424280285835266e-02,-2.330273985862731934e-01,5.474730134010314941e-01,5.155466794967651367e-01,4.150165021419525146e-01,2.542509734630584717e-01,5.188353657722473145e-01,4.831538796424865723e-01,3.400833308696746826e-01,2.007330507040023804e-01,3.499051332473754883e-01,3.707641661167144775e-01,1.514878310263156891e-02,-1.180730015039443970e-01,4.397150874137878418e-01,5.007330179214477539e-01,4.768200814723968506e-01,3.383300006389617920e-01,-2.219501733779907227e-01,-4.511198028922080994e-02,7.428280264139175415e-02,-9.173001348972320557e-02,1.557284444570541382e-01,3.938336670398712158e-01,-9.794609248638153076e-02,1.274766027927398682e-01,-5.232331156730651855e-01,-3.463400304317474365e-01,-4.207791090011596680e-01,-2.741230726242065430e-01,-3.617117404937744141e-01,-3.455612361431121826e-01,-5.144354104995727539e-01,-3.926908373832702637e-01,-5.132553577423095703e-01,-5.710529685020446777e-01,-4.850988090038299561e-01,-4.396108686923980713e-01,-1.684938222169876099e-01,-2.717147171497344971e-01,7.351813316345214844e-01,7.782630920410156250e-01,5.161389112472534180e-01,5.931373238563537598e-01,-1.744720488786697388e-01,8.457589894533157349e-02,-1.255367100238800049e-01,-9.180769324302673340e-02,-3.064915239810943604e-01,-2.865061461925506592e-01,3.531239032745361328e-01,5.340505018830299377e-02,6.556279063224792480e-01,5.248018503189086914e-01,1.818184554576873779e-01,2.500160932540893555e-01,-1.975239962339401245e-01,-1.271000951528549194e-01,-1.607110053300857544e-01,-3.192766308784484863e-01,1.121549904346466064e-01,1.136612817645072937e-01,-1.072839424014091492e-01,6.468302011489868164e-02,3.869696706533432007e-02,-3.069377318024635315e-02,3.283723592758178711e-01,4.288869351148605347e-02,1.022165343165397644e-01,-2.051597684621810913e-01,4.735074043273925781e-01,4.237585663795471191e-01,3.370349109172821045e-01,2.220476269721984863e-01,-4.691829681396484375e-01,-4.862369298934936523e-01,-4.202200174331665039e-01,-4.082648158073425293e-01,2.561496198177337646e-01,4.620809853076934814e-02,-3.835656046867370605e-01,-3.308957219123840332e-01,-4.010408222675323486e-01,-6.645713448524475098e-01,1.542151123285293579e-01,-3.320786356925964355e-01,5.426727980375289917e-02,-1.034059301018714905e-01,-2.220849543809890747e-01,-4.779725372791290283e-01,-8.242096751928329468e-02,-3.187188208103179932e-01,-2.279054522514343262e-01,-1.949293464422225952e-01,-2.082973569631576538e-01,-4.419737756252288818e-01,-4.917236268520355225e-01,-3.242679536342620850e-01,-5.232536196708679199e-01,-3.661163747310638428e-01
5.425232052803039551e-01,5.665345788002014160e-01,0.000000000000000000e+00,6.674969792366027832e-01,5.976540446281433105e-01,4.921353161334991455e-01,3.731668591499328613e-01,2.439003065228462219e-02,1.833700239658355713e-01,2.817380726337432861e-01,2.617030143737792969e-01,-3.066107034683227539e-01,2.362289093434810638e-02,-5.831308197230100632e-03,5.898038744926452637e-01,7.976627349853515625e-02,-1.638659834861755371e-01,-4.652460813522338867e-01,4.623543024063110352e-01,3.191840052604675293e-01,5.707410573959350586e-01,4.202461838722229004e-01,7.190930843353271484e-01,7.120378613471984863e-01,4.174562692642211914e-01,2.323637306690216064e-01,4.792966842651367188e-01,5.492849946022033691e-01,-4.650892317295074463e-02,-1.964639127254486084e-01,4.671508371829986572e-01,6.628323793411254883e-01,5.154117941856384277e-01,2.760179340839385986e-01,1.289175823330879211e-03,1.324125565588474274e-03,1.498428881168365479e-01,-1.028499379754066467e-01,2.606044709682464600e-01,5.001084804534912109e-01,-1.506083607673645020e-01,2.018836885690689087e-01,-5.859646797180175781e-01,-4.619692862033843994e-01,-6.403227448463439941e-01,-5.736502408981323242e-01,-3.989135324954986572e-01,-4.691348075866699219e-01,-6.766692996025085449e-01,-6.671211123466491699e-01,-5.816937685012817383e-01,-7.035661935806274414e-01,-5.274919867515563965e-01,-5.336776971817016602e-01,-1.601112782955169678e-01,-1.881596446037292480e-01,4.440284967422485352e-01,4.453087449073791504e-01,4.584542214870452881e-01,5.754192471504211426e-01,-2.834061086177825928e-01,-7.840333878993988037e-02,-2.896610498428344727e-01,-3.517415225505828857e-01,-5.008009448647499084e-02,-1.778038740158081055e-01,5.024770498275756836e-01,8.685833960771560669e-02,4.340314865112304688e-01,2.948575913906097412e-01,4.436164200305938721e-01,4.838721752166748047e-01,8.143502473831176758e-02,7.551635056734085083e-02,-8.548120036721229553e-03,-2.536940872669219971e-01,3.511013090610504150e-01,3.137763440608978271e-01,-4.619844630360603333e-02,1.159257292747497559e-01,-4.876474291086196899e-02,-9.257224947214126587e-02,4.816703796386718750e-01,8.069294691085815430e-02,2.565618455410003662e-01,-2.095228433609008789e-01,5.572624206542968750e-01,5.111906528472900391e-01,3.541721701622009277e-01,1.852820962667465210e-01,-5.118706226348876953e-01,-6.053554415702819824e-01,-6.170082092285156250e-01,-6.182074546813964844e-01,2.931062877178192139e-01,9.214463084936141968e-02,-3.452558815479278564e-01,-2.643865048885345459e-01,-3.176157772541046143e-01,-5.159457921981811523e-01,1.912902742624282837e-01,-3.344041407108306885e-01,8.728253841400146484e-02,-6.157537549734115601e-02,6.282969564199447632e-02,-2.578829228878021240e-01,-8.222680538892745972e-03,-2.508766651153564453e-01,-1.011162400245666504e-01,-3.132331669330596924e-01,-2.844388186931610107e-01,-4.723351597785949707e-01,-3.366799950599670410e-01,-3.583531975746154785e-01,-4.126232266426086426e-01,-3.536298573017120361e-01
5.116740465164184570e-01,6.026876568794250488e-01,6.674969792366027832e-01,0.000000000000000000e+00,4.318844079971313477e-01,3.926622867584228516e-01,3.772322535514831543e-01,4.174434244632720947e-01,5.313234031200408936e-02,3.056048750877380371e-01,1.497802138328552246e-01,9.708672761917114258e-03,9.627766162157058716e-02,2.656416893005371094e-01,4.565128684043884277e-01,2.582059502601623535e-01,2.533782646059989929e-02,-5.094852447509765625e-01,4.873063266277313232e-01,4.056200683116912842e-01,3.173412382602691650e-01,3.916274607181549072e-01,5.884405970573425293e-01,5.849757194519042969e-01,2.803705632686614990e-01,1.508225947618484497e-01,3.582264780998229980e-01,4.604367911815643311e-01,-1.112265065312385559e-01,-1.542295217514038086e-01,3.898150622844696045e-01,5.693396925926208496e-01,3.454943597316741943e-01,3.910124897956848145e-01,-1.852215081453323364e-01,-2.689149044454097748e-02,-9.656400233507156372e-02,-2.969197034835815430e-01,1.603569835424423218e-01,4.154760241508483887e-01,-7.634464651346206665e-02,5.822567641735076904e-02,-5.732963085174560547e-01,-3.805835247039794922e-01,-5.332133173942565918e-01,-4.955646395683288574e-01,-4.057180881500244141e-01,-3.652883172035217285e-01,-5.770068764686584473e-01,-5.703052878379821777e-01,-5.778973102569580078e-01,-6.031901836395263672e-01,-4.097865819931030273e-01,-3.097708225250244141e-01,-3.105140030384063721e-01,-3.306873142719268799e-01,3.875965476036071777e-01,4.395566284656524658e-01,2.385522425174713135e-01,4.336027204990386963e-01,-3.222595155239105225e-01,4.274497181177139282e-02,-7.525599747896194458e-02,-1.499243825674057007e-01,-2.610880136489868164e-01,-2.264199107885360718e-01,1.727790832519531250e-01,-1.313448250293731689e-01,4.159360826015472412e-01,2.459897845983505249e-01,3.074105679988861084e-01,2.250726968050003052e-01,-1.449053138494491577e-01,-9.169146418571472168e-02,-1.342580914497375488e-01,-1.677622050046920776e-01,3.647739440202713013e-02,3.642171388491988182e-03,-2.699163183569908142e-02,-3.873446583747863770e-02,-4.098410159349441528e-02,-2.485331445932388306e-01,3.605175912380218506e-01,1.105622425675392151e-01,1.436033695936203003e-01,-2.910032868385314941e-01,4.147143661975860596e-01,3.470454514026641846e-01,2.214506119489669800e-01,7.101096212863922119e-02,-3.334499895572662354e-01,-3.971709609031677246e-01,-3.420546948909759521e-01,-3.445181250572204590e-01,1.747570484876632690e-01,1.123486682772636414e-01,-3.256636261940002441e-01,-3.301876783370971680e-01,-4.312441945075988770e-01,-5.249339342117309570e-01,5.248177796602249146e-02,-2.857587933540344238e-01,-9.047228842973709106e-02,3.583355993032455444e-02,-9.164516627788543701e-02,-3.812442719936370850e-01,-2.218439728021621704e-01,-3.441834747791290283e-01,-5.640692263841629028e-02,-1.476068347692489624e-01,-1.792504936456680298e-01,-3.263881802558898926e-01,-4.039832055568695068e-01,-3.891376554965972900e-01,-2.915784716606140137e-01,-3.488532304763793945e-01
4.039337038993835449e-01,5.007706284523010254e-01,5.976540446281433105e-01,4.318844079971313477e-01,0.000000000000000000e+00,4.626986384391784668e-01,1.744659394025802612e-01,-1.721211075782775879e-01,4.445737898349761963e-01,3.250476121902465820e-01,2.249630838632583618e-01,-1.732144206762313843e-01,6.960704922676086426e-02,3.536387160420417786e-02,5.983543395996093750e-01,5.993407592177391052e-02,-1.242047250270843506e-01,-2.871284484863281250e-01,3.992189466953277588e-01,3.388806283473968506e-01,5.657389760017395020e-01,3.224177062511444092e-01,5.768336057662963867e-01,6.431691646575927734e-01,4.901461303234100342e-01,5.872825384140014648e-01,6.363567113876342773e-01,6.110467910766601562e-01,7.697980105876922607e-02,-1.339746266603469849e-01,4.105367958545684814e-01,4.786297082901000977e-01,3.465182185173034668e-01,1.242716312408447266e-01,-6.243499368429183960e-02,-9.640455245971679688e-02,1.187948659062385559e-01,-6.815042346715927124e-02,-1.284781284630298615e-02,3.304152786731719971e-01,-1.722368150949478149e-01,5.305636674165725708e-02,-3.759287893772125244e-01,-3.416525423526763916e-01,-3.603084385395050049e-01,-2.771751582622528076e-01,-2.792685925960540771e-01,-4.031285643577575684e-01,-4.804614484310150146e-01,-4.344604313373565674e-01,-4.322658181190490723e-01,-5.199265480041503906e-01,-5.419298410415649414e-01,-3.814030885696411133e-01,-1.603746712207794189e-01,-4.085820168256759644e-02,4.647295176982879639e-01,4.371030032634735107e-01,3.516530692577362061e-01,4.125788509845733643e-01,-3.993541896343231201e-01,-1.485919952392578125e-01,-3.328818380832672119e-01,-3.287093639373779297e-01,1.848099008202552795e-02,-1.571304649114608765e-01,3.535106480121612549e-01,1.183586567640304565e-01,4.698406755924224854e-01,4.443712532520294189e-01,2.175752371549606323e-01,3.482300341129302979e-01,-3.396362438797950745e-02,-5.850388202816247940e-03,-1.344645470380783081e-01,-3.804670274257659912e-01,1.980496197938919067e-01,2.232641726732254028e-01,-1.569651439785957336e-02,1.182691231369972229e-01,-1.209594011306762695e-01,4.102399572730064392e-02,2.797378897666931152e-01,3.259561955928802490e-02,3.160775825381278992e-02,-4.201515112072229385e-03,3.480006456375122070e-01,4.307015240192413330e-01,1.200768053531646729e-01,3.128192126750946045e-01,-5.693405270576477051e-01,-5.180773138999938965e-01,-6.046800613403320312e-01,-5.383929610252380371e-01,1.325484961271286011e-01,8.003445714712142944e-02,-3.606493473052978516e-01,-1.766597479581832886e-01,-3.407458961009979248e-01,-4.452565908432006836e-01,8.169516921043395996e-02,-2.026327103376388550e-01,1.003617048263549805e-01,-1.561611294746398926e-01,-1.430658437311649323e-02,-1.509263515472412109e-01,5.718836560845375061e-02,-1.593610644340515137e-01,-1.525695919990539551e-01,-3.323618173599243164e-01,-4.006923139095306396e-01,-5.777288675308227539e-01,-3.352191150188446045e-01,-2.914296090602874756e-01,-4.512402415275573730e-01,-1.663236767053604126e-01
3.585039675235748291e-01,4.226420819759368896e-01,4.921353161334991455e-01,3.926622867584228516e-01,4.626986384391784668e-01,0.000000000000000000e+00,1.267802119255065918e-01,-1.225556656718254089e-01,4.499032497406005859e-01,5.965017080307006836e-01,2.090603411197662354e-01,-3.747469484806060791e-01,-2.039674483239650726e-02,1.047570705413818359e-01,4.207708537578582764e-01,-4.660300910472869873e-02,-2.673507928848266602e-01,-3.200796842575073242e-01,2.214755266904830933e-01,5.161737650632858276e-02,4.962784945964813232e-01,3.278698027133941650e-01,4.716666936874389648e-01,3.634984493255615234e-01,3.785016536712646484e-01,2.812066078186035156e-01,4.416508376598358154e-01,6.521738171577453613e-01,7.326708734035491943e-02,-9.920044243335723877e-02,3.525902628898620605e-01,5.601735115051269531e-01,4.493561387062072754e-01,1.046416312456130981e-01,-1.836243569850921631e-01,-2.094732373952865601e-01,2.671509385108947754e-01,2.409741654992103577e-02,8.238848298788070679e-02,5.760063529014587402e-01,-4.525929689407348633e-01,4.852780327200889587e-02,-4.158080220222473145e-01,-4.088799357414245605e-01,-4.141154289245605469e-01,-3.837704062461853027e-01,-3.571451008319854736e-01,-4.724387824535369873e-01,-5.781280398368835449e-01,-5.354872345924377441e-01,-5.920369625091552734e-01,-5.120073556900024414e-01,-5.442433953285217285e-01,-2.559795379638671875e-01,-1.925749182701110840e-01,1.262415349483489990e-01,3.701671957969665527e-01,3.472079038619995117e-01,3.868215084075927734e-01,3.922634720802307129e-01,-2.118777781724929810e-01,6.133328378200531006e-02,-4.791864156723022461e-01,-3.165754377841949463e-01,-9.977407753467559814e-02,-6.907998770475387573e-02,2.942945063114166260e-01,6.421937607228755951e-03,2.141108661890029907e-01,2.487480640411376953e-01,2.149624377489089966e-01,5.124579668045043945e-01,-1.464561969041824341e-01,-1.467041969299316406e-01,-1.254268921911716461e-02,-3.090344667434692383e-01,3.589455783367156982e-01,3.786402344703674316e-01,-2.247063256800174713e-02,3.786492049694061279e-01,1.549327373504638672e-01,2.966926097869873047e-01,4.212904274463653564e-01,1.815489828586578369e-01,2.729891538619995117e-01,2.366996407508850098e-01,4.133530855178833008e-01,5.850608944892883301e-01,1.953092515468597412e-01,5.589748620986938477e-01,-5.988241434097290039e-01,-5.547027587890625000e-01,-5.483914017677307129e-01,-4.370841383934020996e-01,1.743140071630477905e-01,9.857799857854843140e-02,-2.998081743717193604e-01,-7.705902308225631714e-02,-2.040732055902481079e-01,-4.294361770153045654e-01,2.287561297416687012e-01,4.437165334820747375e-03,7.462871819734573364e-02,-1.433739364147186279e-01,-1.093909889459609985e-01,-8.385625481605529785e-02,1.769624352455139160e-01,6.925489753484725952e-02,-2.893063426017761230e-02,-1.065918058156967163e-01,-4.205193817615509033e-01,-4.615941643714904785e-01,-1.938877105712890625e-01,-1.586125791072845459e-01,-4.456326365470886230e-01,-9.607046842575073242e-02
3.112051486968994141e-01,1.489197611808776855e-01,3.731668591499328613e-01,3.772322535514831543e-01,1.744659394025802612e-01,1.267802119255065918e-01,0.000000000000000000e+00,2.781541645526885986e-01,1.290728896856307983e-01,1.026622764766216278e-02,4.855143725872039795e-01,1.270058751106262207e-01,3.229834139347076416e-01,2.100581079721450806e-01,1.806789636611938477e-01,9.466548264026641846e-02,1.380785852670669556e-01,-1.726794987916946411e-01,3.930433988571166992e-01,2.764452099800109863e-01,5.228321626782417297e-02,1.578959263861179352e-02,3.401048779487609863e-01,3.399671912193298340e-01,1.884775310754776001e-01,2.214897125959396362e-01,1.259399801492691040e-01,1.275936663150787354e-01,1.884942054748535156e-01,-5.259005352854728699e-02,2.001116573810577393e-01,3.384928703308105469e-01,1.433115452527999878e-01,2.461708635091781616e-01,-1.082399562001228333e-01,-3.663032501935958862e-02,-6.138064339756965637e-02,-1.420091241598129272e-01,-1.233056113123893738e-01,-8.918851613998413086e-03,6.738938391208648682e-02,5.937004089355468750e-02,-2.920409739017486572e-01,-2.965195178985595703e-01,-2.329506874084472656e-01,-2.661936879158020020e-01,-2.461227476596832275e-01,-1.845972388982772827e-01,-2.701268792152404785e-01,-2.681110203266143799e-01,-3.039150834083557129e-01,-3.037112057209014893e-01,-2.174299210309982300e-01,-9.216871112585067749e-02,-3.178042471408843994e-01,-2.843443453311920166e-01,1.596584469079971313e-01,4.950062558054924011e-02,-7.250842452049255371e-02,-3.090949356555938721e-02,-1.608956418931484222e-02,-1.437927335500717163e-01,2.730883844196796417e-02,-1.867024004459381104e-01,-4.780691862106323242e-02,-2.228125482797622681e-01,-5.871763825416564941e-02,-2.704870402812957764e-01,2.388250678777694702e-01,1.993008889257907867e-02,1.700924634933471680e-01,1.391379833221435547e-01,-3.393330797553062439e-02,-3.537563607096672058e-02,4.489073157310485840e-02,-4.325635358691215515e-02,7.480086386203765869e-02,5.746093764901161194e-02,2.300273394212126732e-03,-3.779849782586097717e-02,2.523077279329299927e-02,-7.748039066791534424e-02,4.285911470651626587e-02,1.025433242321014404e-01,1.694596745073795319e-02,-2.283082157373428345e-01,5.009216256439685822e-03,8.465967141091823578e-03,-1.928170323371887207e-01,-1.061325371265411377e-01,-1.156475394964218140e-01,-3.800757974386215210e-02,-1.959120035171508789e-01,-1.380707919597625732e-01,6.989764422178268433e-02,-8.131592720746994019e-02,-1.236147657036781311e-01,-1.714397221803665161e-01,-1.881548911333084106e-01,-9.089849889278411865e-02,-1.349468678236007690e-01,-8.920115232467651367e-02,-1.716667860746383667e-01,4.289982095360755920e-02,-1.325370520353317261e-01,-1.180211976170539856e-01,-1.582464575767517090e-01,-1.322465389966964722e-01,-1.377988308668136597e-01,-2.009059675037860870e-02,-8.050353080034255981e-02,-7.358250021934509277e-02,-2.058255970478057861e-01,-2.474921196699142456e-01,-8.732125163078308105e-02,-1.935852617025375366e-01
5.660232156515121460e-02,1.534894257783889771e-01,2.439003065228462219e-02,4.174434244632720947e-01,-1.721211075782775879e-01,-1.225556656718254089e-01,2.781541645526885986e-01,0.000000000000000000e+00,-2.853163182735443115e-01,2.006518095731735229e-02,-1.867065206170082092e-02,4.890158474445343018e-01,1.556804180145263672e-01,4.485728144645690918e-01,-1.000499352812767029e-01,3.055739104747772217e-01,6.122624874114990234e-02,-2.581375837326049805e-01,3.409862220287322998e-01,3.292767405509948730e-01,-3.096351623535156250e-01,-4.727235808968544006e-02,1.619887053966522217e-01,1.360846161842346191e-01,-3.440604731440544128e-02,-5.642759799957275391e-02,-7.186585664749145508e-02,-3.120066225528717041e-02,-2.084451466798782349e-01,-8.682730048894882202e-02,1.585240215063095093e-01,1.305274963378906250e-01,2.395525202155113220e-02,4.340068697929382324e-01,-3.704436123371124268e-01,-1.786648780107498169e-01,-4.668469429016113281e-01,-4.555356800556182861e-01,-7.123471051454544067e-02,-1.091415956616401672e-01,1.590366065502166748e-01,-2.282702922821044922e-01,-2.526698112487792969e-01,-1.871826350688934326e-01,-1.108722612261772156e-01,-1.649014800786972046e-01,-2.446741610765457153e-01,-7.618166506290435791e-02,-7.651367038488388062e-02,-9.285743534564971924e-02,-2.290239781141281128e-01,-1.190471351146697998e-01,-4.351854324340820312e-02,9.060438722372055054e-02,-2.941303849220275879e-01,-3.725436627864837646e-01,-5.118136852979660034e-02,6.540305167436599731e-02,-1.309863328933715820e-01,5.732405558228492737e-02,4.138138145208358765e-02,2.999427914619445801e-01,2.506587803363800049e-01,2.383879423141479492e-01,-3.316041231155395508e-01,-1.155744567513465881e-01,-3.505311608314514160e-01,-2.806682288646697998e-01,4.488258436322212219e-02,4.535040259361267090e-02,1.597971096634864807e-02,-2.024148106575012207e-01,-2.051868289709091187e-01,-1.297061890363693237e-01,-4.342440888285636902e-02,1.039995774626731873e-01,-3.487806320190429688e-01,-3.830509185791015625e-01,-1.130429431796073914e-01,-2.769976258277893066e-01,-9.335183352231979370e-02,-4.165494143962860107e-01,-1.245733201503753662e-01,-1.016175299882888794e-01,-1.612512916326522827e-01,-3.511284291744232178e-01,-5.575434863567352295e-02,-1.746546179056167603e-01,-2.526038326323032379e-02,-1.786083728075027466e-01,1.822832375764846802e-01,1.121082752943038940e-01,2.007891982793807983e-01,1.406771391630172729e-01,-1.259180754423141479e-01,-7.549949735403060913e-02,-1.249123886227607727e-01,-2.749453783035278320e-01,-2.438642680644989014e-01,-1.787468343973159790e-01,-7.616160809993743896e-02,3.060892224311828613e-02,-1.988836973905563354e-01,3.079686872661113739e-02,-2.045330107212066650e-01,-2.720869481563568115e-01,-3.112641274929046631e-01,-3.136849105358123779e-01,-1.289757341146469116e-01,-6.376320961862802505e-03,-3.896487643942236900e-03,-7.236527744680643082e-04,-2.572750747203826904e-01,-9.148000925779342651e-02,1.983121037483215332e-03,-1.449758112430572510e-01
1.091588288545608521e-01,1.353388130664825439e-01,1.833700239658355713e-01,5.313234031200408936e-02,4.445737898349761963e-01,4.499032497406005859e-01,1.290728896856307983e-01,-2.853163182735443115e-01,0.000000000000000000e+00,3.522546589374542236e-01,4.167218804359436035e-01,-2.314978092908859253e-01,2.722716629505157471e-01,1.698135137557983398e-01,3.519486486911773682e-01,-2.383785098791122437e-01,-3.098742663860321045e-01,-3.135128691792488098e-02,8.301206864416599274e-03,-9.345333278179168701e-02,2.804270088672637939e-01,-1.279298961162567139e-01,2.453630715608596802e-01,2.625927329063415527e-01,2.976201772689819336e-01,5.131855607032775879e-01,4.030145704746246338e-01,4.699489474296569824e-01,3.074758648872375488e-01,4.659067466855049133e-02,1.567169278860092163e-01,2.429971247911453247e-01,2.837089002132415771e-01,-5.110546946525573730e-02,-7.653504610061645508e-02,-2.505683898925781250e-01,3.110099732875823975e-01,2.182523161172866821e-01,-3.269852399826049805e-01,7.829421758651733398e-02,-3.386376202106475830e-01,-8.886655420064926147e-02,2.090998180210590363e-02,-1.994922459125518799e-01,-1.282910723239183426e-02,1.585042476654052734e-02,-6.261635571718215942e-02,-2.398921549320220947e-01,-2.589831650257110596e-01,-1.606930047273635864e-01,-1.621983051300048828e-01,-9.936216473579406738e-02,-3.337091505527496338e-01,1.995987445116043091e-02,-2.510994113981723785e-02,2.035235017538070679e-01,2.568303048610687256e-01,6.133738532662391663e-02,1.574960649013519287e-01,-7.058126851916313171e-03,4.467251244932413101e-03,-1.194505393505096436e-01,-5.076344609260559082e-01,-3.554815948009490967e-01,1.642021834850311279e-01,-2.798064239323139191e-02,2.038678824901580811e-01,7.239229977130889893e-02,6.421657651662826538e-02,7.245759665966033936e-02,1.616023853421211243e-02,3.669917881488800049e-01,-9.894914925098419189e-02,-9.484171867370605469e-02,-2.044392377138137817e-01,-2.735460698604583740e-01,2.478821426630020142e-01,3.444756865501403809e-01,1.024384349584579468e-01,3.976249396800994873e-01,1.401746273040771484e-01,3.885572552680969238e-01,-1.489265169948339462e-02,-8.854399621486663818e-02,-1.178993880748748779e-01,2.332803308963775635e-01,-8.322934806346893311e-02,1.045079082250595093e-01,-3.702412918210029602e-02,3.671414852142333984e-01,-4.340963363647460938e-01,-2.749830782413482666e-01,-3.528468012809753418e-01,-1.959009170532226562e-01,1.808938831090927124e-01,6.575421243906021118e-02,-1.052846312522888184e-01,1.307139247655868530e-01,-5.465433746576309204e-02,-1.070641726255416870e-01,2.479237318038940430e-01,1.963968425989151001e-01,2.971037030220031738e-01,-8.846955746412277222e-02,-8.947313763201236725e-03,1.509691029787063599e-01,3.423812091350555420e-01,2.006074786186218262e-01,-2.209915220737457275e-02,-7.249773293733596802e-02,-4.245065748691558838e-01,-3.686857521533966064e-01,-5.875764042139053345e-02,4.128955677151679993e-02,-2.916969358921051025e-01,1.372031122446060181e-01
1.326751410961151123e-01,1.742747128009796143e-01,2.817380726337432861e-01,3.056048750877380371e-01,3.250476121902465820e-01,5.965017080307006836e-01,1.026622764766216278e-02,2.006518095731735229e-02,3.522546589374542236e-01,0.000000000000000000e+00,8.411608636379241943e-02,-7.792337238788604736e-02,1.534155756235122681e-01,3.435351848602294922e-01,4.387778341770172119e-01,3.904576003551483154e-01,-1.836244910955429077e-01,-3.845715820789337158e-01,1.908099353313446045e-01,4.147626087069511414e-02,1.940862834453582764e-01,2.826327979564666748e-01,3.304557800292968750e-01,2.842384576797485352e-01,2.274298071861267090e-01,2.154283672571182251e-01,3.543580472469329834e-01,5.926833152770996094e-01,-1.940975487232208252e-01,-2.634488940238952637e-01,2.444517612457275391e-01,3.741328716278076172e-01,3.213169574737548828e-01,1.235045418143272400e-01,-9.281039237976074219e-02,-2.198472768068313599e-01,-8.486320823431015015e-02,-2.005358785390853882e-01,4.706413671374320984e-02,4.183548986911773682e-01,-1.847158521413803101e-01,-2.840673550963401794e-04,-2.429968565702438354e-01,-1.538325548171997070e-01,-1.562547385692596436e-01,-2.211053371429443359e-01,-2.536705136299133301e-01,-2.224239706993103027e-01,-2.889473140239715576e-01,-3.196630775928497314e-01,-4.068191945552825928e-01,-3.157558739185333252e-01,-3.865204751491546631e-01,-6.192218139767646790e-02,-2.749421596527099609e-01,-1.811017096042633057e-02,2.133404314517974854e-01,2.273174226284027100e-01,2.529137134552001953e-01,2.493258267641067505e-01,-1.300522983074188232e-01,7.998901605606079102e-02,-2.157096564769744873e-01,-1.929721832275390625e-01,-1.974492333829402924e-02,1.731155999004840851e-02,1.371634304523468018e-01,2.445855736732482910e-02,1.304634213447570801e-01,2.462974488735198975e-01,6.310138106346130371e-02,1.665123999118804932e-01,-2.389618605375289917e-01,-2.520346045494079590e-01,-6.876226514577865601e-02,-1.094177663326263428e-01,-2.387984469532966614e-02,1.020346581935882568e-02,-5.389731004834175110e-02,6.315094232559204102e-02,-8.053801208734512329e-02,9.947711974382400513e-02,1.943084746599197388e-01,2.241187989711761475e-01,3.513265028595924377e-02,1.389852017164230347e-01,3.032949864864349365e-01,4.132092297077178955e-01,6.997969001531600952e-02,2.787346541881561279e-01,-3.369852900505065918e-01,-2.632446289062500000e-01,-2.831842005252838135e-01,-1.395805776119232178e-01,1.888461410999298096e-02,2.723656035959720612e-02,-2.673972845077514648e-01,-2.087780088186264038e-01,-3.265194296836853027e-01,-2.799878120422363281e-01,-1.555601251311600208e-03,-1.991363242268562317e-02,-6.740556657314300537e-02,2.686714380979537964e-02,-1.766865104436874390e-01,-1.564938724040985107e-01,-1.082230657339096069e-01,-1.847608387470245361e-01,-5.278515443205833435e-02,-1.677538082003593445e-02,-2.502413392066955566e-01,-2.934646606445312500e-01,-2.060397863388061523e-01,-2.681806981563568115e-01,-2.492976039648056030e-01,-2.117583304643630981e-01
2.337842434644699097e-01,1.096422970294952393e-01,2.617030143737792969e-01,1.497802138328552246e-01,2.249630838632583618e-01,2.090603411197662354e-01,4.855143725872039795e-01,-1.867065206170082092e-02,4.167218804359436035e-01,8.411608636379241943e-02,0.000000000000000000e+00,3.170105814933776855e-02,6.563020348548889160e-01,3.599979877471923828e-01,2.680679857730865479e-01,-7.619684189558029175e-02,2.570335520431399345e-03,1.189127750694751740e-02,1.721542775630950928e-01,6.280629336833953857e-02,1.605577766895294189e-01,-1.198258176445960999e-01,2.490050047636032104e-01,3.133706450462341309e-01,2.160109281539916992e-01,2.339707314968109131e-01,1.667871028184890747e-01,2.013065963983535767e-01,3.886283040046691895e-01,5.177240446209907532e-02,1.681742072105407715e-01,3.101996481418609619e-01,1.750249862670898438e-01,9.232657402753829956e-02,-7.297407090663909912e-02,-3.206133842468261719e-02,1.870647370815277100e-01,8.686565607786178589e-02,-2.244298905134201050e-01,-9.939303994178771973e-02,5.923949182033538818e-02,6.025312095880508423e-02,-1.429152041673660278e-01,-1.601653099060058594e-01,-7.299160212278366089e-02,-7.268872857093811035e-02,-9.564476460218429565e-02,-1.358917951583862305e-01,-1.723134368658065796e-01,-8.678741753101348877e-02,-1.160403639078140259e-01,-1.197277754545211792e-01,-1.626639515161514282e-01,-5.471304431557655334e-02,-9.228968620300292969e-02,-5.231945589184761047e-02,2.322025597095489502e-01,4.930463805794715881e-02,3.506285371258854866e-03,-5.069772526621818542e-02,5.048165842890739441e-02,-8.335495740175247192e-02,-1.395738273859024048e-01,-1.942351907491683960e-01,5.639742314815521240e-02,-8.494438230991363525e-02,6.733559072017669678e-02,-9.621226787567138672e-02,1.489551216363906860e-01,-1.132716704159975052e-02,1.530034542083740234e-01,2.785772383213043213e-01,1.149324029684066772e-01,1.516063064336776733e-01,-3.333883360028266907e-02,-4.645135253667831421e-02,1.809261441230773926e-01,2.027546912431716919e-01,2.940180338919162750e-02,1.240475475788116455e-01,6.728064268827438354e-02,1.762043237686157227e-01,-8.916913717985153198e-02,6.418137345463037491e-04,-8.173840492963790894e-02,-6.520787626504898071e-02,-9.900534152984619141e-02,-5.248719453811645508e-02,-1.162739396095275879e-01,-5.182911083102226257e-02,-1.498795002698898315e-01,-6.366304308176040649e-02,-1.745091974735260010e-01,-1.232261955738067627e-01,1.722533106803894043e-01,-1.391446404159069061e-02,-4.366384819149971008e-02,1.874088123440742493e-02,-4.236994683742523193e-02,-3.450755262747406960e-03,8.104440569877624512e-02,-2.324325777590274811e-02,1.620801240205764771e-01,8.087559789419174194e-02,8.678763173520565033e-03,-3.190444037318229675e-02,4.807019606232643127e-02,-4.029852524399757385e-02,-4.083279147744178772e-02,-4.616900533437728882e-02,-1.434100121259689331e-01,-1.417619436979293823e-01,-8.785042166709899902e-02,-5.558289587497711182e-02,-8.815541863441467285e-02,-6.013159453868865967e-02
-5.713783949613571167e-02,-9.558649361133575439e-02,-3.066107034683227539e-01,9.708672761917114258e-03,-1.732144206762313843e-01,-3.747469484806060791e-01,1.270058751106262207e-01,4.890158474445343018e-01,-2.314978092908859253e-01,-7.792337238788604736e-02,3.170105814933776855e-02,0.000000000000000000e+00,3.673892915248870850e-01,5.668547749519348145e-01,-1.906393915414810181e-01,4.417664408683776855e-01,2.775501310825347900e-01,1.018250659108161926e-01,2.151757031679153442e-01,3.104198276996612549e-01,-3.332971334457397461e-01,-1.568591147661209106e-01,-7.140884548425674438e-02,9.473422542214393616e-03,-1.499744504690170288e-01,7.694344967603683472e-02,-2.152392119169235229e-01,-2.472529411315917969e-01,-9.109572321176528931e-02,-4.346558824181556702e-02,-3.349966555833816528e-02,-1.356413215398788452e-01,-2.320034801959991455e-01,2.026346176862716675e-01,-1.735207140445709229e-01,3.376517072319984436e-02,-4.043388664722442627e-01,-2.204674184322357178e-01,-1.545753777027130127e-01,-3.818076550960540771e-01,5.410401821136474609e-01,-5.667557008564472198e-03,3.552985936403274536e-02,1.739159375429153442e-01,2.492088079452514648e-01,2.263862341642379761e-01,6.186374276876449585e-02,2.617929875850677490e-01,3.635693192481994629e-01,3.359726667404174805e-01,1.792821586132049561e-01,2.526693642139434814e-01,1.896423995494842529e-01,1.492754071950912476e-01,-1.626546829938888550e-01,-3.494271039962768555e-01,-8.625176548957824707e-02,1.785250008106231689e-02,-3.403828144073486328e-01,-2.347359359264373779e-01,-1.192622259259223938e-02,2.949349349364638329e-03,4.930433630943298340e-01,2.997387647628784180e-01,-2.674565613269805908e-01,-1.802938282489776611e-01,-4.502203762531280518e-01,-1.623639315366744995e-01,1.173736825585365295e-01,1.100062653422355652e-01,-2.236500084400177002e-01,-4.637909531593322754e-01,-1.634864211082458496e-01,-8.327198773622512817e-02,-1.401134282350540161e-01,2.016753405332565308e-01,-5.765568017959594727e-01,-5.405353307723999023e-01,-1.931668072938919067e-01,-4.822636246681213379e-01,-2.335096299648284912e-01,-2.684594094753265381e-01,-3.490851521492004395e-01,8.090917021036148071e-02,-3.959460556507110596e-01,-2.336372286081314087e-01,-2.463573813438415527e-01,-3.656743764877319336e-01,-3.217360079288482666e-01,-3.845575153827667236e-01,3.799212872982025146e-01,5.044061541557312012e-01,3.780186474323272705e-01,3.439177274703979492e-01,-2.844552099704742432e-01,-2.079853415489196777e-01,-1.053769886493682861e-02,-2.203277498483657837e-01,-9.637505561113357544e-02,1.654018163681030273e-01,-4.041514098644256592e-01,-1.059286221861839294e-01,-2.411514967679977417e-01,1.353631615638732910e-01,-2.089508473873138428e-01,-1.574803292751312256e-01,-3.816568255424499512e-01,-3.203948736190795898e-01,-1.003482416272163391e-01,5.529677867889404297e-02,2.796371281147003174e-01,2.316345125436782837e-01,-1.663247346878051758e-01,-8.189809322357177734e-02,1.894680410623550415e-01,-1.373481657356023788e-02
6.808704137802124023e-02,-3.871744964271783829e-03,2.362289093434810638e-02,9.627766162157058716e-02,6.960704922676086426e-02,-2.039674483239650726e-02,3.229834139347076416e-01,1.556804180145263672e-01,2.722716629505157471e-01,1.534155756235122681e-01,6.563020348548889160e-01,3.673892915248870850e-01,0.000000000000000000e+00,5.992669463157653809e-01,1.826030761003494263e-01,2.292743623256683350e-01,1.530120521783828735e-01,-1.021930575370788574e-02,1.673971712589263916e-01,9.745133668184280396e-02,-8.135309815406799316e-02,-1.607424616813659668e-01,1.680876910686492920e-01,2.099828869104385376e-01,1.300120651721954346e-01,1.567408889532089233e-01,6.594403088092803955e-02,2.832757495343685150e-02,2.264932543039321899e-01,-6.074674800038337708e-02,1.443487554788589478e-01,1.558631807565689087e-01,6.253571715205907822e-03,9.013082832098007202e-02,-1.330144554376602173e-01,-6.575342267751693726e-02,-9.199255704879760742e-02,-1.091261431574821472e-01,-2.176378518342971802e-01,-1.907249689102172852e-01,2.794818282127380371e-01,-1.417631283402442932e-02,-2.969499677419662476e-02,1.386277005076408386e-02,1.399233788251876831e-01,6.831351667642593384e-02,-2.005120366811752319e-02,2.525423467159271240e-02,6.665059924125671387e-02,1.145739331841468811e-01,2.471693046391010284e-02,7.199028879404067993e-02,2.727398648858070374e-03,1.304127126932144165e-01,-1.257962733507156372e-01,-1.768652200698852539e-01,1.453564763069152832e-01,-6.412815768271684647e-03,-1.610011011362075806e-01,-2.037753760814666748e-01,1.279498171061277390e-02,-1.063037961721420288e-01,1.057748124003410339e-01,-2.390833385288715363e-02,-1.019592955708503723e-01,-1.964617818593978882e-01,-1.669272333383560181e-01,-2.021282166242599487e-01,9.442552179098129272e-02,-6.481150165200233459e-03,-4.821812734007835388e-02,-1.107844412326812744e-01,-4.773806408047676086e-02,-9.645538404583930969e-03,-1.104318276047706604e-01,5.941070616245269775e-02,-1.951988339424133301e-01,-1.522062122821807861e-01,-8.978959172964096069e-02,-1.794501096010208130e-01,-1.413052529096603394e-01,-4.692059382796287537e-02,-3.228288590908050537e-01,-2.504411712288856506e-02,-3.660406768321990967e-01,-2.474164515733718872e-01,-1.766398102045059204e-01,-1.878458708524703979e-01,-2.024766504764556885e-01,-1.628571003675460815e-01,1.577243506908416748e-01,2.318658381700515747e-01,1.680007427930831909e-01,2.379654347896575928e-01,-5.145803466439247131e-02,-1.411430537700653076e-01,-4.983483627438545227e-02,-1.636338979005813599e-01,-1.018345430493354797e-01,8.824399113655090332e-02,-4.536276310682296753e-02,3.619341924786567688e-02,1.809124797582626343e-01,2.926918268203735352e-01,-2.333905734121799469e-02,-5.883446335792541504e-02,-1.763769835233688354e-01,-2.354060411453247070e-01,-1.265291422605514526e-01,2.520514093339443207e-02,3.426920250058174133e-02,4.110084101557731628e-02,-1.013575047254562378e-01,-5.827842652797698975e-02,8.788132667541503906e-02,-1.565940827131271362e-01
