0.000000000000000000e+00,6.362461447715759277e-01,2.188221365213394165e-01,1.328416019678115845e-01,7.961002737283706665e-02,1.261712908744812012e-01,2.379790693521499634e-01,-1.100611984729766846e-01,1.150878742337226868e-01,-1.226812005043029785e-01,4.421892762184143066e-01,2.077132910490036011e-01,4.045230150222778320e-01,-8.475175499916076660e-02,-2.904450520873069763e-03,-2.071435004472732544e-01,6.894928216934204102e-02,2.520139887928962708e-02,2.447772771120071411e-01,3.539791703224182129e-01,-1.240323930978775024e-01,-1.752207875251770020e-01,1.655426435172557831e-02,1.132418066263198853e-01,7.689809799194335938e-02,1.465537678450345993e-02,1.003110408782958984e-01,9.921889007091522217e-02,1.567818075418472290e-01,2.934321016073226929e-02,8.911680430173873901e-02,5.951552465558052063e-02,2.106273733079433441e-02,-2.227743389084935188e-03,-1.691976338624954224e-01,-3.482745289802551270e-01,-1.956343203783035278e-01,-2.828575372695922852e-01,-8.899890631437301636e-02,-1.895345598459243774e-01,-8.752413839101791382e-02,-1.606747955083847046e-01,-1.090495511889457703e-01,-1.328031420707702637e-01,6.534810364246368408e-02,-9.885159321129322052e-03,4.847504198551177979e-02,-8.518111892044544220e-03,1.266081724315881729e-02,1.044002249836921692e-01,7.686152309179306030e-02,1.019520461559295654e-01,8.981328457593917847e-02,-8.587658405303955078e-02,3.352475818246603012e-03,-7.016714662313461304e-03,6.513321995735168457e-01,5.445410013198852539e-01,3.401261866092681885e-01,2.733981311321258545e-01,3.965691328048706055e-01,2.211850434541702271e-01,1.662886738777160645e-01,7.939252071082592010e-03,-1.007959544658660889e-01,-1.657033562660217285e-01,-4.684021696448326111e-02,-2.325563132762908936e-01,5.313709974288940430e-01,5.202067494392395020e-01,-4.842333495616912842e-03,-4.410596936941146851e-02,-1.019593775272369385e-01,-5.088039860129356384e-02,3.142380341887474060e-02,-5.581019073724746704e-02,-7.563166320323944092e-02,2.454270236194133759e-02,-8.489216677844524384e-03,-1.154306624084711075e-02,3.295096755027770996e-02,9.711132198572158813e-02,-1.817990988492965698e-01,-2.806039750576019287e-01,7.907766103744506836e-02,-1.583999395370483398e-01,-1.194887235760688782e-01,-1.347419917583465576e-01,5.331335589289665222e-03,-5.306630209088325500e-02,-2.256726026535034180e-01,2.109116129577159882e-02,-6.873590499162673950e-02,1.143343374133110046e-01,3.696667402982711792e-02,-1.452094465494155884e-01,-5.730615556240081787e-02,-1.068750247359275818e-01,-4.871532693505287170e-02,-1.463944166898727417e-01,-1.722019016742706299e-01,1.466960459947586060e-01,3.887986764311790466e-02,7.974492013454437256e-02,7.896614819765090942e-02,1.045286953449249268e-01,-5.466513801366090775e-03,2.974880672991275787e-02,-1.044307425618171692e-01,-3.609308600425720215e-02,-2.202655673027038574e-01,-1.705587655305862427e-01,-2.475325018167495728e-01,-1.874494850635528564e-01,-2.142447978258132935e-01,4.062966629862785339e-02
6.362461447715759277e-01,0.000000000000000000e+00,4.720197990536689758e-02,9.675348550081253052e-02,-3.882789239287376404e-02,-9.472949430346488953e-03,3.665778785943984985e-02,-8.952037245035171509e-02,-5.985639989376068115e-02,-1.252353787422180176e-01,2.071353793144226074e-01,2.310491055250167847e-01,2.717214822769165039e-01,-3.012571856379508972e-02,-1.742522865533828735e-01,2.441910654306411743e-02,2.386811524629592896e-01,1.464745253324508667e-01,2.582975327968597412e-01,3.802798390388488770e-01,-7.368560135364532471e-02,-1.141360104084014893e-01,-4.296571388840675354e-02,4.917749017477035522e-02,-6.343921273946762085e-02,-9.846222400665283203e-02,1.336147785186767578e-01,1.531586796045303345e-01,3.057409822940826416e-01,7.804843038320541382e-02,9.367509186267852783e-02,1.592864096164703369e-01,1.148175075650215149e-01,1.151975840330123901e-01,-1.771071404218673706e-01,-3.258938193321228027e-01,-1.083322688937187195e-01,-1.903959959745407104e-01,-1.766449958086013794e-01,-4.039186239242553711e-02,-1.177020296454429626e-01,-1.341710090637207031e-01,-9.507017582654953003e-02,-4.905230551958084106e-02,1.663956418633460999e-02,-1.755969971418380737e-02,-7.007288187742233276e-02,9.274123236536979675e-03,-1.709905713796615601e-01,1.445209514349699020e-02,-1.518018990755081177e-01,8.869490772485733032e-02,-1.128667071461677551e-01,-2.389277517795562744e-02,-2.623046934604644775e-02,1.361622065305709839e-01,6.252139806747436523e-01,7.277790904045104980e-01,1.465458124876022339e-01,2.907266318798065186e-01,2.122431546449661255e-01,3.332411944866180420e-01,2.503510117530822754e-01,2.235595881938934326e-01,-1.310953497886657715e-01,-9.348013997077941895e-02,-4.648359864950180054e-02,-1.786479502916336060e-01,5.134721994400024414e-01,5.009568929672241211e-01,-1.341113448143005371e-01,1.143936365842819214e-01,-9.583681076765060425e-02,-9.727273881435394287e-02,-3.183372318744659424e-02,3.203478828072547913e-02,-1.988430768251419067e-01,-2.346087433397769928e-02,-2.243499085307121277e-02,2.693943977355957031e-01,-8.071133494377136230e-02,3.724571168422698975e-01,-1.376307457685470581e-01,-8.840873092412948608e-02,-1.198593974113464355e-01,1.352069526910781860e-01,-1.721075326204299927e-01,5.454078316688537598e-02,-1.488489657640457153e-01,2.480296939611434937e-01,-2.639999985694885254e-01,8.494052104651927948e-03,-1.227084100246429443e-01,2.313303947448730469e-01,1.224026903510093689e-01,1.088837720453739166e-02,3.586244210600852966e-02,1.047941073775291443e-01,-6.234482675790786743e-02,6.946814805269241333e-02,-1.668092012405395508e-01,1.119749322533607483e-01,-4.679298400878906250e-02,8.769932389259338379e-02,8.117841184139251709e-02,2.194565683603286743e-01,4.127340763807296753e-02,3.713756054639816284e-02,-1.214744076132774353e-01,-1.582984812557697296e-02,-6.530299782752990723e-02,-1.551866233348846436e-01,-3.013129830360412598e-01,-1.297589838504791260e-01,-1.570418179035186768e-01,3.614761680364608765e-02
2.188221365213394165e-01,4.720197990536689758e-02,0.000000000000000000e+00,5.935742855072021484e-01,2.763000726699829102e-01,2.984741628170013428e-01,6.030317544937133789e-01,1.751027703285217285e-01,3.433676362037658691e-01,-2.075844071805477142e-02,3.235358297824859619e-01,-4.376032203435897827e-02,3.175950050354003906e-01,-6.297601759433746338e-02,1.029800400137901306e-01,-3.326398730278015137e-01,-1.304947286844253540e-01,-7.216840982437133789e-02,1.903956755995750427e-02,1.799245923757553101e-01,1.474019289016723633e-01,-1.067340746521949768e-01,5.767622590065002441e-01,6.492491960525512695e-01,4.423728883266448975e-01,4.786345958709716797e-01,2.036204561591148376e-02,3.623047843575477600e-02,-1.306609660387039185e-01,-1.393904238939285278e-01,4.015719592571258545e-01,2.746951580047607422e-01,-3.782491758465766907e-02,3.760448098182678223e-02,2.301575392484664917e-01,8.339606970548629761e-02,7.006073836237192154e-03,-4.931061342358589172e-02,1.593111902475357056e-01,-3.500648960471153259e-02,5.365199223160743713e-02,-4.803856834769248962e-02,-2.604379355907440186e-01,-3.053298592567443848e-01,7.157208770513534546e-02,-7.440886646509170532e-02,-4.359000548720359802e-02,-1.262055039405822754e-01,1.020906120538711548e-01,2.138571254909038544e-02,4.703461751341819763e-02,-2.386379800736904144e-02,3.993889316916465759e-02,-1.134657040238380432e-01,8.802460134029388428e-02,-1.176725849509239197e-01,4.769938439130783081e-02,7.541466038674116135e-03,-1.007985323667526245e-02,-5.365572869777679443e-02,5.305980890989303589e-02,-1.125961020588874817e-01,-3.090804815292358398e-01,-3.600063920021057129e-01,2.303507328033447266e-01,-1.671215593814849854e-01,1.602544635534286499e-01,-6.377049535512924194e-02,9.940689057111740112e-02,1.353520900011062622e-01,2.011464983224868774e-01,5.017028003931045532e-02,1.102651879191398621e-01,1.789550036191940308e-01,3.304316475987434387e-02,-8.315832912921905518e-02,9.138703346252441406e-02,-4.574856162071228027e-02,4.687933542300015688e-04,-1.968385130167007446e-01,-5.474622920155525208e-02,-1.210802569985389709e-01,-2.059432715177536011e-01,-4.087843000888824463e-01,1.647342741489410400e-01,-2.571492493152618408e-01,5.283672828227281570e-03,-1.855173856019973755e-01,8.878173679113388062e-02,-1.017149090766906738e-01,-2.472214847803115845e-01,-2.359514981508255005e-01,-4.533836618065834045e-02,-1.224954128265380859e-01,-1.734016463160514832e-02,-1.325862109661102295e-01,-1.055320799350738525e-01,-1.926860064268112183e-01,-2.649778127670288086e-01,-2.843743264675140381e-01,-1.648333966732025146e-01,-7.959738373756408691e-02,-2.148133665323257446e-01,-2.217550724744796753e-01,-7.758956402540206909e-02,-3.050091303884983063e-02,-2.625217288732528687e-02,4.430638998746871948e-02,3.549492359161376953e-02,-7.209781557321548462e-02,-2.248951941728591919e-01,-2.096648663282394409e-01,-1.876776665449142456e-01,-2.340577840805053711e-01,-7.838694751262664795e-02,-7.361019402742385864e-02
1.328416019678115845e-01,9.675348550081253052e-02,5.935742855072021484e-01,0.000000000000000000e+00,1.711632609367370605e-01,1.910189092159271240e-01,5.642922520637512207e-01,3.034154176712036133e-01,2.152275592088699341e-01,7.062651962041854858e-02,2.017325609922409058e-01,1.053534373641014099e-01,2.382047474384307861e-01,1.007536351680755615e-01,-1.392187178134918213e-01,-2.092085480690002441e-01,5.530603695660829544e-03,-5.974394083023071289e-02,1.419550925493240356e-01,2.319560945034027100e-01,7.074881345033645630e-02,-2.056247889995574951e-01,6.009914875030517578e-01,7.267718315124511719e-01,4.317939877510070801e-01,4.637705683708190918e-01,-1.180196329951286316e-01,3.083721920847892761e-02,9.829030605033040047e-04,-1.468295753002166748e-01,3.804166018962860107e-01,2.854272425174713135e-01,-1.632284000515937805e-02,1.421843916177749634e-01,1.523832231760025024e-01,4.938766825944185257e-03,-4.034844227135181427e-03,-3.019081987440586090e-02,-4.958653077483177185e-02,-2.209983021020889282e-02,7.155715674161911011e-02,-1.048408076167106628e-01,-2.971326410770416260e-01,-2.603589296340942383e-01,-1.138420542702078819e-03,-1.152129769325256348e-01,-1.097162663936614990e-01,-9.728349745273590088e-02,-1.601969823241233826e-02,-8.419403433799743652e-02,-9.718275815248489380e-02,-2.978050522506237030e-02,-1.302774250507354736e-01,-1.119726616889238358e-02,-9.161973744630813599e-02,-1.020632535219192505e-01,-4.513017460703849792e-02,7.397424429655075073e-02,-1.110994666814804077e-01,2.596990577876567841e-02,-5.536161363124847412e-02,1.284910142421722412e-01,-2.511355876922607422e-01,-1.908604502677917480e-01,2.260603159666061401e-01,1.172958835959434509e-01,7.320872694253921509e-02,4.490934684872627258e-02,6.440197676420211792e-02,1.017294526100158691e-01,1.535523775964975357e-02,1.076560467481613159e-01,1.521916389465332031e-01,9.737652540206909180e-02,-5.634226649999618530e-02,-2.307608909904956818e-02,-3.575821593403816223e-02,-1.057904493063688278e-02,-1.614974588155746460e-01,-2.127623185515403748e-02,-2.437260150909423828e-01,1.113542318344116211e-01,-2.456280142068862915e-01,-3.232726752758026123e-01,-4.530949518084526062e-02,-4.123398289084434509e-02,-1.950736939907073975e-01,-8.700057119131088257e-02,-1.132016852498054504e-01,5.165046826004981995e-02,-2.007770538330078125e-01,-9.644637256860733032e-02,-1.809305995702743530e-01,6.558152288198471069e-02,-3.805886581540107727e-02,-8.004006743431091309e-02,-1.415239870548248291e-01,-1.892278790473937988e-01,-2.257740646600723267e-01,-9.193666279315948486e-02,-4.829680174589157104e-02,8.714500814676284790e-02,-1.565058380365371704e-01,-7.856179028749465942e-02,-3.901485726237297058e-02,7.307919859886169434e-02,4.778209701180458069e-02,3.293786197900772095e-02,1.173194032162427902e-02,-4.283044114708900452e-02,-2.142193168401718140e-01,-1.725548356771469116e-01,-1.597712486982345581e-01,-1.316193491220474243e-01,-8.519984036684036255e-02,-1.249833479523658752e-01
7.961002737283706665e-02,-3.882789239287376404e-02,2.763000726699829102e-01,1.711632609367370605e-01,0.000000000000000000e+00,4.842273592948913574e-01,4.094817489385604858e-02,-1.418522596359252930e-01,3.884500265121459961e-01,3.643305003643035889e-01,4.195442423224449158e-02,-7.473382353782653809e-02,-3.375612199306488037e-02,-1.226686313748359680e-01,2.772255241870880127e-01,-1.702059209346771240e-01,-1.873934715986251831e-01,-1.818343182094395161e-03,-2.866281270980834961e-01,-2.369140386581420898e-01,1.300099343061447144e-01,2.286499440670013428e-01,1.352083384990692139e-01,3.223011791706085205e-01,4.279002249240875244e-01,5.721607804298400879e-01,3.462578952312469482e-01,2.656884789466857910e-01,-1.715429574251174927e-01,-6.701270490884780884e-02,3.418271541595458984e-01,1.708690226078033447e-01,-2.277664467692375183e-02,-1.634076833724975586e-01,1.227103620767593384e-01,1.291049569845199585e-01,3.851886093616485596e-02,8.798629045486450195e-02,6.990810483694076538e-02,9.443698078393936157e-02,-3.338443115353584290e-02,-4.664708860218524933e-03,-2.711913585662841797e-01,-2.417973279953002930e-01,-1.145986020565032959e-01,-1.560488492250442505e-01,-1.344333440065383911e-01,-2.035410255193710327e-01,-4.843182116746902466e-02,-6.099586561322212219e-02,-5.636166036128997803e-02,-5.529629439115524292e-02,1.643555425107479095e-02,-1.621385961771011353e-01,2.618563175201416016e-01,9.507389366626739502e-02,-5.848333612084388733e-02,-6.572086364030838013e-02,-1.469724774360656738e-01,-1.875846385955810547e-01,-5.050368141382932663e-03,-2.475122064352035522e-01,-1.873903721570968628e-01,-3.635118603706359863e-01,2.210587561130523682e-01,-7.808936387300491333e-02,1.165662482380867004e-01,1.406654156744480133e-02,8.982613682746887207e-03,-9.297710843384265900e-03,2.245661467313766479e-01,8.130457252264022827e-02,8.355249464511871338e-02,1.102088615298271179e-01,1.497211903333663940e-01,-6.689326371997594833e-03,9.806222468614578247e-02,-1.777585223317146301e-02,1.269714832305908203e-01,3.039129637181758881e-02,4.972727969288825989e-02,-9.969425946474075317e-02,-2.884349226951599121e-01,-1.714231520891189575e-01,2.577809691429138184e-01,-4.941021278500556946e-02,3.488526046276092529e-01,6.095378845930099487e-02,3.255893886089324951e-01,1.280891522765159607e-02,-2.433547526597976685e-01,-1.664188355207443237e-01,6.640417128801345825e-02,-7.010859996080398560e-02,7.627460360527038574e-02,3.443620353937149048e-02,-3.778148815035820007e-02,4.608015343546867371e-02,-2.300574928522109985e-01,-1.430153697729110718e-01,-1.041756421327590942e-01,-8.056820183992385864e-02,-1.623187661170959473e-01,-9.802521020174026489e-02,-7.427105307579040527e-02,-3.431762009859085083e-02,4.755330272018909454e-03,1.600125432014465332e-02,1.387056428939104080e-02,2.253197692334651947e-02,-3.498249500989913940e-02,-1.688716113567352295e-01,-1.803261041641235352e-01,-3.155959546566009521e-01,-1.757402718067169189e-01,-6.431898567825555801e-03
1.261712908744812012e-01,-9.472949430346488953e-03,2.984741628170013428e-01,1.910189092159271240e-01,4.842273592948913574e-01,0.000000000000000000e+00,1.920645236968994141e-01,-6.575167924165725708e-02,5.874527692794799805e-01,3.079150021076202393e-01,1.233126670122146606e-01,-2.144593000411987305e-02,8.654727786779403687e-02,-8.260654658079147339e-02,2.272512316703796387e-01,-2.412027567625045776e-01,-1.645438373088836670e-01,-5.245069041848182678e-02,-8.108261972665786743e-02,2.756965346634387970e-02,-1.213681418448686600e-02,5.662949755787849426e-03,3.980708867311477661e-02,1.872923970222473145e-01,4.200911521911621094e-01,4.799230694770812988e-01,2.146210819482803345e-01,1.293562352657318115e-01,-6.501337140798568726e-02,1.221076119691133499e-02,3.016919791698455811e-01,3.807185590267181396e-02,-8.441043645143508911e-02,1.783817075192928314e-03,-1.904545351862907410e-02,2.005030773580074310e-02,-1.387539207935333252e-01,-5.430993065237998962e-02,1.621459843590855598e-03,-1.872667670249938965e-01,-1.674100905656814575e-01,-1.928934901952743530e-01,-2.090736925601959229e-01,-2.529374361038208008e-01,-6.713027507066726685e-02,-9.156519174575805664e-02,-1.186900585889816284e-01,-1.004646196961402893e-01,3.477199003100395203e-02,4.348135739564895630e-02,-2.349628694355487823e-02,4.271819256246089935e-03,5.021576955914497375e-02,-2.591165341436862946e-02,4.304140806198120117e-03,-1.409356296062469482e-02,-3.838687017560005188e-02,-2.395943738520145416e-03,4.468456283211708069e-02,5.279874801635742188e-02,1.110523790121078491e-01,2.925396151840686798e-02,-1.299975365400314331e-01,-1.668307930231094360e-01,2.691944502294063568e-02,-1.129679381847381592e-01,-5.969181284308433533e-02,-5.604201555252075195e-02,9.422744065523147583e-02,1.410467326641082764e-01,3.013781905174255371e-01,6.977774202823638916e-02,1.203317940235137939e-01,1.439648419618606567e-01,-4.767207428812980652e-02,-2.498256564140319824e-01,4.724580794572830200e-02,-2.357507683336734772e-02,7.859503477811813354e-02,6.735251843929290771e-02,6.029163300991058350e-02,1.842930912971496582e-02,-2.737731039524078369e-01,-3.176807463169097900e-01,1.719688177108764648e-01,-1.093007177114486694e-01,-2.821558900177478790e-02,-1.102688685059547424e-01,3.680768981575965881e-02,-4.764084145426750183e-02,-6.845316290855407715e-02,9.706402570009231567e-02,1.470971573144197464e-02,5.414007604122161865e-02,-7.199860364198684692e-02,-7.872661948204040527e-02,-1.178615763783454895e-01,-7.728796452283859253e-02,-1.703323125839233398e-01,-1.312450170516967773e-01,-9.128534793853759766e-02,8.243566006422042847e-02,-5.325497314333915710e-02,6.921100616455078125e-02,-3.938025608658790588e-02,-6.952641159296035767e-02,3.496418148279190063e-02,-3.915520384907722473e-02,-7.669290900230407715e-02,-8.556460589170455933e-02,-6.043845415115356445e-02,-4.755901917815208435e-02,-6.321132183074951172e-02,-1.120075583457946777e-01,-1.265964359045028687e-01,-2.553500607609748840e-02
2.379790693521499634e-01,3.665778785943984985e-02,6.030317544937133789e-01,5.642922520637512207e-01,4.094817489385604858e-02,1.920645236968994141e-01,0.000000000000000000e+00,3.861551582813262939e-01,2.390779703855514526e-01,-4.754766821861267090e-02,4.813129007816314697e-01,2.178267389535903931e-01,4.377584457397460938e-01,1.842627227306365967e-01,3.370673954486846924e-02,-3.406663537025451660e-01,-7.786703854799270630e-02,-2.749969717115163803e-03,3.970231711864471436e-01,3.806973993778228760e-01,-9.113074839115142822e-02,-2.221115827560424805e-01,5.725852251052856445e-01,4.620219171047210693e-01,2.969562411308288574e-01,2.099853605031967163e-01,-1.575977206230163574e-01,-1.545813083648681641e-01,1.572631485760211945e-02,5.302194878458976746e-02,3.896263241767883301e-01,1.762527525424957275e-01,1.508613824844360352e-01,3.255781233310699463e-01,1.315793395042419434e-01,1.739806309342384338e-02,-1.571117490530014038e-01,-1.694558411836624146e-01,-4.172606766223907471e-02,-2.290356755256652832e-01,-5.344584584236145020e-02,-1.573614925146102905e-01,-1.707848161458969116e-01,-1.697551161050796509e-01,5.304467305541038513e-02,-4.536078497767448425e-02,-1.141543984413146973e-01,-1.268329322338104248e-01,8.900868892669677734e-02,-6.399709731340408325e-02,-3.350901883095502853e-03,-1.011174172163009644e-01,-4.735353868454694748e-03,-1.551519334316253662e-01,-1.578539162874221802e-01,-3.171785473823547363e-01,6.676916778087615967e-02,-4.717363789677619934e-02,1.743669509887695312e-01,9.674863517284393311e-02,1.615590900182723999e-01,1.061279103159904480e-01,-9.879103302955627441e-02,-7.359940558671951294e-02,9.326969832181930542e-02,7.025510072708129883e-02,1.159643456339836121e-01,5.962463095784187317e-02,9.659036993980407715e-02,1.045910567045211792e-01,2.429271489381790161e-01,5.073590576648712158e-02,2.488357871770858765e-01,2.399420738220214844e-01,-4.900784045457839966e-02,-1.069587171077728271e-01,9.929133206605911255e-02,-3.022682294249534607e-02,4.345144610852003098e-03,-1.263155639171600342e-01,3.883554786443710327e-02,-6.887103430926799774e-03,-1.864873468875885010e-01,-4.348421990871429443e-01,1.107367798686027527e-01,-2.272619754076004028e-01,-1.974660307168960571e-01,-3.403588235378265381e-01,2.749157324433326721e-02,-2.372908443212509155e-01,-4.547262936830520630e-02,-6.660024076700210571e-02,-9.993587434291839600e-02,2.926967665553092957e-02,-1.575278341770172119e-01,-1.608468592166900635e-01,-1.650719195604324341e-01,-2.770021855831146240e-01,-1.103324443101882935e-01,-1.676234602928161621e-01,1.614875718951225281e-02,7.612501829862594604e-02,-1.180084049701690674e-02,-7.213958352804183960e-02,6.086360663175582886e-02,1.013676542788743973e-02,-5.029230937361717224e-02,6.643925327807664871e-03,-1.634458079934120178e-02,-2.088900208473205566e-01,-2.137055546045303345e-01,-7.927832752466201782e-02,-7.923135161399841309e-02,-6.662242114543914795e-02,-7.936380058526992798e-02,-5.909821391105651855e-02
-1.100611984729766846e-01,-8.952037245035171509e-02,1.751027703285217285e-01,3.034154176712036133e-01,-1.418522596359252930e-01,-6.575167924165725708e-02,3.861551582813262939e-01,0.000000000000000000e+00,-8.506240695714950562e-02,-7.886053994297981262e-03,2.270884215831756592e-01,4.907338619232177734e-01,1.896758675575256348e-01,5.365513563156127930e-01,3.943889960646629333e-02,-2.294403500854969025e-02,1.355081647634506226e-01,2.363157719373703003e-01,2.695423662662506104e-01,1.421892493963241577e-01,4.079783800989389420e-03,-2.195993810892105103e-02,2.748174071311950684e-01,1.721743196249008179e-01,-2.375700473785400391e-01,-3.993310406804084778e-02,-2.685751914978027344e-01,-2.324219942092895508e-01,6.860612332820892334e-02,1.844502091407775879e-01,2.923358976840972900e-01,3.486458361148834229e-01,3.694515824317932129e-01,3.278220295906066895e-01,6.994362175464630127e-02,1.090654879808425903e-01,1.020264849066734314e-01,3.689695615321397781e-03,-5.866614356637001038e-02,1.914373226463794708e-02,8.816631138324737549e-02,1.211848482489585876e-01,-3.117973804473876953e-01,-2.624841630458831787e-01,-2.749552428722381592e-01,-2.384006977081298828e-01,-2.323122024536132812e-01,-3.197649419307708740e-01,-1.500547230243682861e-01,-3.062572777271270752e-01,-1.488187760114669800e-01,-2.882004082202911377e-01,-1.582600027322769165e-01,-2.246064990758895874e-01,-8.688140660524368286e-02,-3.164560496807098389e-01,-1.408258080482482910e-01,-1.798320710659027100e-01,-6.826511770486831665e-02,-1.741709373891353607e-02,1.172012835741043091e-01,1.612640023231506348e-01,2.911462783813476562e-01,2.595122456550598145e-01,-3.105364553630352020e-02,2.137269675731658936e-01,-1.761025935411453247e-02,4.603764414787292480e-02,-3.255435526371002197e-01,-2.549132704734802246e-01,2.850164473056793213e-01,2.044248282909393311e-01,3.776246607303619385e-01,3.732803761959075928e-01,1.216484308242797852e-01,1.560741364955902100e-01,2.556938491761684418e-02,-1.098545715212821960e-01,1.595396995544433594e-01,1.295936852693557739e-02,1.633375585079193115e-01,1.390386372804641724e-02,3.562850877642631531e-02,-2.373699285089969635e-02,2.042143605649471283e-02,5.089918151497840881e-02,-1.450118329375982285e-02,-1.431048661470413208e-01,4.277194663882255554e-02,-1.448635607957839966e-01,2.483980730175971985e-02,-1.908062994480133057e-01,-9.131003916263580322e-02,-7.300584018230438232e-02,-1.143182665109634399e-01,-7.389575988054275513e-02,-1.297599673271179199e-01,-1.207329034805297852e-01,-9.455600380897521973e-02,-5.896619707345962524e-02,8.216025680303573608e-02,-1.113887876272201538e-01,-6.958081573247909546e-02,-1.650660485029220581e-01,-1.382085233926773071e-01,-2.088211327791213989e-01,-1.792308525182306767e-03,-4.758178070187568665e-02,8.270934224128723145e-02,-2.107332274317741394e-02,-1.454915702342987061e-01,1.383926719427108765e-02,-1.756479591131210327e-02,-1.603825576603412628e-02,-6.851534545421600342e-02,-2.177719622850418091e-01
1.150878742337226868e-01,-5.985639989376068115e-02,3.433676362037658691e-01,2.152275592088699341e-01,3.884500265121459961e-01,5.874527692794799805e-01,2.390779703855514526e-01,-8.506240695714950562e-02,0.000000000000000000e+00,3.474989831447601318e-01,1.862548738718032837e-01,1.342544984072446823e-02,1.597512364387512207e-01,-1.782216317951679230e-02,3.151959776878356934e-01,-1.785629540681838989e-01,-1.872351467609405518e-01,-1.592792421579360962e-01,-3.714720020070672035e-03,4.659035801887512207e-02,-5.366380885243415833e-02,4.641044070012867451e-04,8.074211329221725464e-02,2.119739949703216553e-01,4.187154173851013184e-01,4.557321667671203613e-01,6.952620297670364380e-02,7.811850309371948242e-02,-3.657224029302597046e-02,-9.580341726541519165e-02,1.714811027050018311e-01,-2.160737104713916779e-02,-1.662201732397079468e-01,-6.989630311727523804e-02,-9.121683984994888306e-02,-8.617652207612991333e-02,-1.872949600219726562e-01,-1.120668500661849976e-01,5.139888077974319458e-02,-1.467591077089309692e-01,-5.319327861070632935e-02,-1.497506499290466309e-01,-1.732441186904907227e-01,-2.179686576128005981e-01,-6.234942376613616943e-02,-9.645317494869232178e-02,-8.247551321983337402e-02,-8.966705203056335449e-02,9.347946941852569580e-02,5.092084780335426331e-02,4.644995555281639099e-02,6.391769647598266602e-02,9.000066667795181274e-02,1.043584849685430527e-02,-7.310710102319717407e-02,-4.719474166631698608e-02,-7.898855954408645630e-02,-3.191675990819931030e-02,7.641471177339553833e-02,1.033815890550613403e-01,1.110605373978614807e-01,3.511347621679306030e-02,-1.578798890113830566e-01,-1.228678748011589050e-01,-3.213053196668624878e-02,-1.133785396814346313e-01,-1.180309802293777466e-01,-1.100337654352188110e-01,6.936265528202056885e-02,1.109817102551460266e-01,1.874410659074783325e-01,3.534407913684844971e-02,9.784986823797225952e-02,9.661570191383361816e-02,-1.100438088178634644e-01,-1.359720379114151001e-01,2.571369521319866180e-02,4.905643314123153687e-02,-1.303631067276000977e-02,-3.601082600653171539e-03,9.151288308203220367e-03,-9.553456306457519531e-02,-1.309542655944824219e-01,-2.252259701490402222e-01,8.515980094671249390e-02,-1.523617058992385864e-01,-1.244403608143329620e-02,-9.609279036521911621e-02,-4.554282128810882568e-02,-9.133205562829971313e-02,-5.977176874876022339e-02,-1.762571744620800018e-03,-3.276269882917404175e-02,-3.418348357081413269e-02,-1.196741536259651184e-01,-1.156973913311958313e-01,-1.696894764900207520e-01,-1.646913588047027588e-01,-1.528010070323944092e-01,-1.523219048976898193e-01,-9.235037863254547119e-02,1.177618466317653656e-02,-2.924825809895992279e-02,6.533917039632797241e-02,-2.816748246550559998e-02,-4.918878152966499329e-02,5.597410723567008972e-02,-8.755653351545333862e-02,-4.947529360651969910e-02,-1.618014127016067505e-01,-1.551723033189773560e-01,-5.039380863308906555e-02,-1.227062847465276718e-02,-6.874535232782363892e-02,-7.466620951890945435e-02,4.432976245880126953e-02
-1.226812005043029785e-01,-1.252353787422180176e-01,-2.075844071805477142e-02,7.062651962041854858e-02,3.643305003643035889e-01,3.079150021076202393e-01,-4.754766821861267090e-02,-7.886053994297981262e-03,3.474989831447601318e-01,0.000000000000000000e+00,-6.526146829128265381e-02,8.485709130764007568e-02,-1.632760912179946899e-01,5.572853237390518188e-02,2.798036336898803711e-01,1.647145152091979980e-01,-1.310631334781646729e-01,-6.706263870000839233e-02,-6.196799501776695251e-02,-1.477247029542922974e-01,-1.481226272881031036e-02,1.746059209108352661e-01,-1.272172760218381882e-02,3.430261462926864624e-02,1.637775003910064697e-01,1.942459791898727417e-01,2.621132433414459229e-01,2.495547533035278320e-01,-6.392461061477661133e-02,5.724459514021873474e-02,9.605504572391510010e-02,2.755482681095600128e-02,-3.532498702406883240e-02,1.402952894568443298e-02,-2.031840570271015167e-02,4.798176139593124390e-02,-6.508773565292358398e-02,-2.163922600448131561e-02,6.757029332220554352e-03,2.546190842986106873e-02,8.521149307489395142e-02,2.746859937906265259e-02,-2.486764043569564819e-01,-1.798791736364364624e-01,-3.281945288181304932e-01,-2.446132451295852661e-01,-2.927522063255310059e-01,-2.778722047805786133e-01,-2.342479526996612549e-01,-3.451826870441436768e-01,-2.570985853672027588e-01,-2.522571384906768799e-01,-1.263111382722854614e-01,-1.656077057123184204e-01,-4.171794652938842773e-02,1.319090952165424824e-04,-2.972970902919769287e-01,-2.215936928987503052e-01,-2.043510675430297852e-01,-1.746992468833923340e-01,-1.043542847037315369e-01,-2.474483288824558258e-02,-2.168706804513931274e-02,2.554170787334442139e-02,-4.728445410728454590e-02,9.668311476707458496e-02,-9.883554279804229736e-02,4.345039196778088808e-04,-1.282695829868316650e-01,-1.634849011898040771e-01,1.103101745247840881e-01,6.460988521575927734e-02,1.819051504135131836e-01,1.218117251992225647e-01,1.502854973077774048e-01,-5.549939349293708801e-03,4.946440830826759338e-02,-5.062837153673171997e-03,5.015483871102333069e-02,1.651848554611206055e-01,3.237320110201835632e-02,-6.113530322909355164e-02,4.894510656595230103e-02,4.137225076556205750e-02,4.452707245945930481e-03,5.500001087784767151e-02,1.969202607870101929e-01,7.325186580419540405e-02,1.168139576911926270e-01,2.364325709640979767e-02,1.908718794584274292e-02,2.487705275416374207e-02,1.608252078294754028e-01,1.248900312930345535e-02,-1.155613176524639130e-02,1.126914024353027344e-01,-3.604480251669883728e-02,8.152875304222106934e-02,-1.498629748821258545e-01,-5.166032910346984863e-02,-9.372615069150924683e-02,-1.949793845415115356e-02,-3.585422784090042114e-02,4.792462289333343506e-02,9.090283513069152832e-02,7.493748515844345093e-02,4.397015646100044250e-02,-8.694031834602355957e-02,-1.459114253520965576e-03,-7.372397184371948242e-02,-7.547987997531890869e-02,-1.369170397520065308e-01,-1.883785426616668701e-02,-1.067263707518577576e-01,-1.145710423588752747e-01,1.018519178032875061e-01
4.421892762184143066e-01,2.071353793144226074e-01,3.235358297824859619e-01,2.017325609922409058e-01,4.195442423224449158e-02,1.233126670122146606e-01,4.813129007816314697e-01,2.270884215831756592e-01,1.862548738718032837e-01,-6.526146829128265381e-02,0.000000000000000000e+00,4.193387329578399658e-01,5.477436184883117676e-01,2.619473040103912354e-01,1.870115697383880615e-01,-2.312228828668594360e-01,6.748490780591964722e-02,1.643296629190444946e-01,3.987041711807250977e-01,3.107559978961944580e-01,-7.688521593809127808e-02,-4.362694546580314636e-02,2.276504039764404297e-01,1.428703516721725464e-01,5.619598180055618286e-02,1.832068711519241333e-02,-6.550173461437225342e-02,-1.301361173391342163e-01,1.117175072431564331e-01,2.000088393688201904e-01,2.593657970428466797e-01,1.160008907318115234e-01,6.740520149469375610e-02,1.042268723249435425e-01,-1.340263932943344116e-01,-2.400956600904464722e-01,-2.022942751646041870e-01,-2.042724788188934326e-01,-5.731282010674476624e-02,-2.728760242462158203e-01,-1.743253320455551147e-02,-3.701301291584968567e-02,-2.112925499677658081e-01,-2.052312642335891724e-01,-1.229611858725547791e-01,-1.359841674566268921e-01,-3.895881026983261108e-02,-1.555076837539672852e-01,-7.331878296099603176e-04,-7.791391015052795410e-02,3.328880295157432556e-02,-1.005373969674110413e-01,3.196072950959205627e-02,-2.451116442680358887e-01,-1.047006621956825256e-01,-3.000942468643188477e-01,2.878402471542358398e-01,1.077288612723350525e-01,1.836037784814834595e-01,1.006071716547012329e-01,3.835691511631011963e-01,1.475885063409805298e-01,2.530950903892517090e-01,1.005270853638648987e-01,-1.017190888524055481e-01,-9.654005058109760284e-03,-1.520842909812927246e-01,-2.237071692943572998e-01,1.095792129635810852e-01,1.388923227787017822e-01,3.087711930274963379e-01,-6.314525380730628967e-04,2.022431194782257080e-01,2.342173457145690918e-01,1.884444063762202859e-04,-3.934393823146820068e-02,-7.391238957643508911e-02,-1.102090254426002502e-01,7.461366057395935059e-02,-8.623483777046203613e-02,1.925913989543914795e-01,1.451641973108053207e-02,-9.099142998456954956e-02,-2.407833933830261230e-01,2.257843911647796631e-01,-1.624623537063598633e-01,-9.787722676992416382e-02,-2.609621882438659668e-01,1.082011163234710693e-01,-2.916631996631622314e-01,-4.598709940910339355e-02,-1.001127413474023342e-03,-8.797158300876617432e-02,5.026485025882720947e-02,-1.240185424685478210e-01,-1.553346812725067139e-01,-1.309231221675872803e-01,-1.545184105634689331e-01,2.820743806660175323e-02,-7.638495415449142456e-02,1.325883809477090836e-02,1.187677532434463501e-01,1.522961407899856567e-01,9.517843276262283325e-02,6.456372886896133423e-02,-4.808028787374496460e-02,7.200112938880920410e-02,8.490713080391287804e-04,6.168182939291000366e-03,-5.725015327334403992e-02,-1.934019327163696289e-01,5.692902207374572754e-02,-9.292662143707275391e-02,-9.532326459884643555e-02,-1.375843584537506104e-01,-2.385742962360382080e-02
2.077132910490036011e-01,2.310491055250167847e-01,-4.376032203435897827e-02,1.053534373641014099e-01,-7.473382353782653809e-02,-2.144593000411987305e-02,2.178267389535903931e-01,4.907338619232177734e-01,1.342544984072446823e-02,8.485709130764007568e-02,4.193387329578399658e-01,0.000000000000000000e+00,3.856965303421020508e-01,6.043000817298889160e-01,7.910230010747909546e-02,7.265182584524154663e-02,2.545275092124938965e-01,2.098979651927947998e-01,4.146148860454559326e-01,2.650631964206695557e-01,-8.993473649024963379e-02,-9.987718425691127777e-03,1.362774670124053955e-01,1.444361545145511627e-02,-1.903769820928573608e-01,-1.220686510205268860e-01,-1.204333379864692688e-01,-1.071869134902954102e-01,2.991852760314941406e-01,3.343642354011535645e-01,3.177564740180969238e-01,2.985321879386901855e-01,2.853777408599853516e-01,2.612359523773193359e-01,-2.136266529560089111e-01,-2.561429142951965332e-01,-9.148003906011581421e-02,-1.452489793300628662e-01,-2.365595847368240356e-01,-1.017521992325782776e-01,-3.765323013067245483e-02,-6.559384055435657501e-03,-2.703815400600433350e-01,-1.843597143888473511e-01,-2.667455375194549561e-01,-2.142353653907775879e-01,-1.772465705871582031e-01,-2.383201718330383301e-01,-1.469943523406982422e-01,-2.179317623376846313e-01,-1.282068192958831787e-01,-7.957190275192260742e-02,-1.583654880523681641e-01,-1.392497420310974121e-01,-1.184356883168220520e-01,-2.030536532402038574e-01,1.052726283669471741e-01,1.151527687907218933e-01,5.957486107945442200e-03,1.540742218494415283e-01,2.317522019147872925e-01,3.790522217750549316e-01,4.831350743770599365e-01,4.575639665126800537e-01,-2.152005732059478760e-01,1.597682237625122070e-01,-2.452471405267715454e-01,-2.039134949445724487e-01,-6.683961302042007446e-02,-4.033498093485832214e-02,1.827227324247360229e-01,1.891081929206848145e-01,3.279973268508911133e-01,2.575191259384155273e-01,6.870995461940765381e-02,1.167966574430465698e-01,-1.674478650093078613e-01,-1.211133003234863281e-01,1.281389743089675903e-01,9.494255483150482178e-02,1.122975870966911316e-01,1.998231858015060425e-01,6.016885396093130112e-03,3.604627400636672974e-02,-5.659643933176994324e-02,1.340847760438919067e-01,-6.450875103473663330e-02,-1.962796784937381744e-02,-5.672926455736160278e-02,-3.422392159700393677e-02,-2.091244608163833618e-02,4.821415245532989502e-02,-1.515724658966064453e-01,1.256524324417114258e-01,-1.218105033040046692e-01,-1.103036776185035706e-01,-2.063028067350387573e-01,-1.233910247683525085e-01,1.322240848094224930e-02,3.180544450879096985e-02,1.166223511099815369e-01,1.629288643598556519e-01,1.632397919893264771e-01,1.768584251403808594e-01,-7.424806244671344757e-03,-1.027557253837585449e-02,2.956884913146495819e-02,1.500492449849843979e-02,-7.359234988689422607e-02,-5.770665779709815979e-02,-2.835445702075958252e-01,-1.261796802282333374e-02,-6.846172362565994263e-02,3.161149844527244568e-02,-2.230827808380126953e-01,-7.645292580127716064e-02
4.045230150222778320e-01,2.717214822769165039e-01,3.175950050354003906e-01,2.382047474384307861e-01,-3.375612199306488037e-02,8.654727786779403687e-02,4.377584457397460938e-01,1.896758675575256348e-01,1.597512364387512207e-01,-1.632760912179946899e-01,5.477436184883117676e-01,3.856965303421020508e-01,0.000000000000000000e+00,3.545527458190917969e-01,1.582571119070053101e-01,2.985269203782081604e-02,1.742172241210937500e-01,2.259781025350093842e-02,2.505649626255035400e-01,1.789436787366867065e-01,-2.327421121299266815e-02,2.024697512388229370e-02,2.219886481761932373e-01,1.443524807691574097e-01,1.876691356301307678e-02,1.465911511331796646e-02,-7.580874860286712646e-02,-1.582119055092334747e-02,2.987090051174163818e-01,6.071184203028678894e-02,2.029903084039688110e-01,1.647520214319229126e-01,2.253007516264915466e-02,2.813331782817840576e-02,-1.367353051900863647e-01,-2.595882713794708252e-01,-1.284453272819519043e-01,-1.069110259413719177e-01,-1.076645627617835999e-01,-5.931489169597625732e-02,-2.039195038378238678e-02,-6.366449873894453049e-03,-1.497930288314819336e-01,-1.647985875606536865e-01,-3.017143718898296356e-02,-9.976132214069366455e-02,-1.918108575046062469e-02,-7.097187638282775879e-02,1.716251485049724579e-02,6.632065773010253906e-02,2.867418713867664337e-02,1.406356692314147949e-01,-1.253483723849058151e-02,3.541060164570808411e-02,-1.201307103037834167e-01,-1.695411838591098785e-02,2.083785533905029297e-01,2.151872962713241577e-01,1.061546877026557922e-01,1.310364007949829102e-01,3.408688604831695557e-01,2.257139682769775391e-01,1.721810847520828247e-01,1.396801620721817017e-01,-2.686189487576484680e-02,-1.900214888155460358e-02,-1.062428057193756104e-01,-2.140748053789138794e-01,9.175615012645721436e-02,2.066326141357421875e-01,5.993818491697311401e-02,1.449066698551177979e-01,1.204830035567283630e-01,6.947858631610870361e-02,-3.009006194770336151e-02,1.294084191322326660e-01,-7.758379727602005005e-02,5.582888051867485046e-02,-5.228035897016525269e-02,6.912509351968765259e-02,-7.009327411651611328e-02,2.103821933269500732e-01,-1.078734695911407471e-01,-1.194078251719474792e-01,-7.564722746610641479e-02,6.805232167243957520e-02,-1.634633988142013550e-01,5.755293183028697968e-03,-6.693331897258758545e-02,3.417498990893363953e-02,-2.495278716087341309e-01,-4.475284740328788757e-02,-2.145926058292388916e-01,7.027392089366912842e-02,-1.062603369355201721e-01,-9.886956214904785156e-02,-2.105475962162017822e-01,-9.744046628475189209e-02,-1.029492542147636414e-01,-4.108202643692493439e-03,-1.052440702915191650e-01,5.846958234906196594e-02,-2.744252979755401611e-02,9.311578422784805298e-02,1.829531602561473846e-02,3.999351710081100464e-02,1.235873475670814514e-01,-2.259103953838348389e-02,-8.361484110355377197e-02,-9.305094182491302490e-02,-2.060564905405044556e-01,-5.738974362611770630e-02,-2.114337235689163208e-01,-1.304912865161895752e-01,-1.875983327627182007e-01,-2.226197393611073494e-03
