0.000000000000000000e+00,5.033630728721618652e-01,3.703686594963073730e-01,3.185155689716339111e-01,7.353418972343206406e-03,-2.879666350781917572e-02,2.386559844017028809e-01,1.330634206533432007e-01,-2.179956436157226562e-01,-2.613463103771209717e-01,1.837840080261230469e-01,-2.027194574475288391e-02,-1.187115758657455444e-01,3.345760330557823181e-02,7.213061302900314331e-02,1.255170106887817383e-01,1.600489318370819092e-01,3.620640039443969727e-01,6.873045563697814941e-01,6.285808086395263672e-01,5.314842611551284790e-02,1.112835481762886047e-01,-1.120169684290885925e-01,7.033118605613708496e-02,-1.692114174365997314e-01,-2.747487425804138184e-01,2.099908888339996338e-01,1.434004604816436768e-01,8.143798261880874634e-02,1.890829205513000488e-01,-1.974583789706230164e-02,-2.388900667428970337e-01,4.170551300048828125e-01,4.576064944267272949e-01,1.409573704004287720e-01,3.038259148597717285e-01,1.450744569301605225e-01,-2.696011215448379517e-02,3.558506071567535400e-01,2.072267681360244751e-01,3.286642730236053467e-01,1.241351366043090820e-01,-3.906091451644897461e-01,-2.881909608840942383e-01,-3.441009819507598877e-01,-3.957873582839965820e-01,-3.087464272975921631e-01,-2.313755452632904053e-01,-4.808183312416076660e-01,-4.472742676734924316e-01,-5.102546811103820801e-01,-5.441030263900756836e-01,-4.980530142784118652e-01,-3.960374593734741211e-01,1.091392263770103455e-01,-7.659433037042617798e-02,5.888394117355346680e-01,4.150899350643157959e-01,4.029182717204093933e-03,2.156920135021209717e-01,2.817900478839874268e-01,2.354469001293182373e-01,2.569751143455505371e-01,4.076290428638458252e-01,8.868527412414550781e-02,-2.131988704204559326e-01,1.563717424869537354e-01,7.688304036855697632e-02,5.389875173568725586e-01,4.547730088233947754e-01,2.701806724071502686e-01,1.345574706792831421e-01,2.497757971286773682e-01,3.811433911323547363e-01,3.258173465728759766e-01,2.952670753002166748e-01,4.922105371952056885e-01,5.023234486579895020e-01,1.086489930748939514e-01,2.568401396274566650e-01,3.728596270084381104e-01,4.210540950298309326e-01,1.986539363861083984e-01,1.912158429622650146e-01,2.141348272562026978e-01,-2.018177807331085205e-01,3.950632810592651367e-01,4.389511346817016602e-01,-1.323873996734619141e-01,-2.040118873119354248e-01,-4.556941688060760498e-01,-2.280068248510360718e-01,-3.236396014690399170e-01,-1.668338477611541748e-01,2.885254323482513428e-01,2.583400905132293701e-01,-2.121630497276782990e-02,-3.334316611289978027e-02,-2.417939305305480957e-01,-3.136129677295684814e-02,1.945387125015258789e-01,-1.999114640057086945e-02,2.378018647432327271e-01,2.901658788323402405e-02,1.377269160002470016e-02,-6.601490080356597900e-02,2.220467478036880493e-01,1.563764214515686035e-01,2.906067669391632080e-01,2.108030170202255249e-01,5.890076514333486557e-03,-3.602117300033569336e-01,-4.165348410606384277e-01,-2.055123299360275269e-01,-6.226621940732002258e-02,3.494584560394287109e-02
5.033630728721618652e-01,0.000000000000000000e+00,2.071697115898132324e-01,1.756275892257690430e-01,2.016538055613636971e-03,-1.404811739921569824e-01,-4.212209954857826233e-02,2.296626269817352295e-01,-2.649576961994171143e-01,-3.223444819450378418e-01,-1.810401976108551025e-01,2.010662853717803955e-01,-2.471650540828704834e-01,-6.845278292894363403e-02,-2.204437367618083954e-02,4.497801139950752258e-02,-1.591291427612304688e-01,3.646151125431060791e-01,4.323916435241699219e-01,5.783857107162475586e-01,-6.610081344842910767e-02,-6.583679467439651489e-03,-2.006751000881195068e-01,-6.171714887022972107e-02,-2.347641438245773315e-01,-3.586340248584747314e-01,1.638523340225219727e-01,6.552932411432266235e-02,-5.742795765399932861e-02,3.881793320178985596e-01,-7.323299348354339600e-02,-2.397563755512237549e-01,4.180373251438140869e-01,4.835036993026733398e-01,5.688526108860969543e-02,2.535668611526489258e-01,1.266246289014816284e-01,-2.024806588888168335e-01,2.472047656774520874e-01,-7.736204564571380615e-02,2.799050211906433105e-01,3.408436104655265808e-02,-3.878115117549896240e-01,-3.163340985774993896e-01,-4.905448257923126221e-01,-3.471897244453430176e-01,-2.902091443538665771e-01,-3.179806172847747803e-01,-3.861683905124664307e-01,-3.495069742202758789e-01,-3.951165676116943359e-01,-4.431510865688323975e-01,-1.918768435716629028e-01,-3.907227218151092529e-01,2.329082041978836060e-01,-1.133212745189666748e-01,6.466650366783142090e-01,6.352073550224304199e-01,-3.968241065740585327e-02,3.703054189682006836e-01,3.079575300216674805e-01,2.219748497009277344e-01,2.246547043323516846e-01,3.632239997386932373e-01,2.057418413460254669e-02,-1.982801705598831177e-01,1.313829123973846436e-01,3.259446471929550171e-02,5.120515227317810059e-01,5.129702091217041016e-01,2.238714396953582764e-01,-1.066131740808486938e-01,2.148949168622493744e-02,2.839575707912445068e-01,1.064840033650398254e-01,1.451994478702545166e-01,4.694360494613647461e-01,3.221971094608306885e-01,3.596693873405456543e-01,1.034535840153694153e-01,4.073649346828460693e-01,1.212204247713088989e-01,1.529454588890075684e-01,1.279082298278808594e-01,1.236728802323341370e-01,-1.881687194108963013e-01,2.930230796337127686e-01,2.025816887617111206e-01,1.270822584629058838e-01,-3.180664181709289551e-01,-2.327641695737838745e-01,-3.461488783359527588e-01,-1.009315252304077148e-01,-2.707776129245758057e-01,2.226433753967285156e-01,3.588615357875823975e-01,1.049008816480636597e-01,-8.156056702136993408e-02,-8.019407838582992554e-02,-1.369784176349639893e-01,2.796767055988311768e-01,-7.772739976644515991e-02,2.484112679958343506e-01,-2.579091116786003113e-02,9.908512234687805176e-02,-1.122267618775367737e-01,2.688094377517700195e-01,6.657586991786956787e-02,4.035241901874542236e-01,3.041240870952606201e-01,1.120631545782089233e-01,-2.410687208175659180e-01,-3.605375289916992188e-01,-1.420769244432449341e-01,8.169139735400676727e-03,-6.292181555181741714e-03
3.703686594963073730e-01,2.071697115898132324e-01,0.000000000000000000e+00,6.727179288864135742e-01,4.053229391574859619e-01,3.975482285022735596e-01,5.535652041435241699e-01,4.131380021572113037e-01,3.613037765026092529e-01,2.478103339672088623e-01,-1.049914211034774780e-02,-9.560763090848922729e-02,2.812858819961547852e-01,1.663431525230407715e-01,4.586237072944641113e-01,1.548908650875091553e-01,-3.044121861457824707e-01,9.077583253383636475e-02,3.432910442352294922e-01,2.111310064792633057e-01,1.762134283781051636e-01,1.950313746929168701e-01,4.082523882389068604e-01,6.280570030212402344e-01,3.916942179203033447e-01,2.317823022603988647e-01,2.801509499549865723e-01,3.302455544471740723e-01,3.571791946887969971e-02,-4.543635062873363495e-03,4.398097097873687744e-01,2.444805055856704712e-01,1.473180651664733887e-01,2.630412280559539795e-01,2.218144983053207397e-01,1.476028561592102051e-01,-1.428004205226898193e-01,-2.062170952558517456e-01,2.195008695125579834e-01,1.990940794348716736e-02,1.449435353279113770e-01,-1.746272593736648560e-01,-4.562117755413055420e-01,-3.786963224411010742e-01,-1.495358347892761230e-01,1.734542543999850750e-03,-3.519262373447418213e-01,-4.157587289810180664e-01,-2.627975344657897949e-01,-2.426540404558181763e-01,-5.078524351119995117e-01,-4.612381458282470703e-01,-4.662885367870330811e-01,-4.805170297622680664e-01,-9.158220142126083374e-02,-2.305767685174942017e-01,2.269908040761947632e-01,1.897009313106536865e-01,3.742337524890899658e-01,4.262704849243164062e-01,3.944080770015716553e-01,3.051259517669677734e-01,-1.672533005475997925e-01,9.681385010480880737e-02,1.392192542552947998e-01,2.473406791687011719e-01,4.773992002010345459e-01,3.671250939369201660e-01,2.390666306018829346e-01,2.178903222084045410e-01,4.032984375953674316e-01,3.137062788009643555e-01,2.012436464428901672e-02,7.622553408145904541e-02,3.195766806602478027e-01,7.340711355209350586e-02,1.749527007341384888e-01,8.467572182416915894e-02,-1.852133274078369141e-01,-1.004784777760505676e-01,-4.151887446641921997e-02,1.120591815561056137e-02,2.704282104969024658e-01,-3.405804559588432312e-02,-1.015329360961914062e-01,-4.596163034439086914e-01,4.945018887519836426e-01,3.464763164520263672e-01,-1.964400857686996460e-01,-3.767451941967010498e-01,-3.854474425315856934e-01,-3.607686758041381836e-01,-2.466470301151275635e-01,-2.843045294284820557e-01,1.070327684283256531e-01,1.736562401056289673e-01,-1.460996866226196289e-01,-2.555422186851501465e-01,-2.380002290010452271e-01,4.415179044008255005e-02,1.214163377881050110e-01,-6.817156821489334106e-02,2.666853070259094238e-01,6.898542866110801697e-03,-8.520717918872833252e-02,-2.245027422904968262e-01,4.145796298980712891e-01,1.852514296770095825e-01,3.865937143564224243e-02,-1.157722398638725281e-01,-3.948071971535682678e-02,-2.151758521795272827e-01,-4.675001502037048340e-01,-2.325076013803482056e-01,4.822811111807823181e-02,-5.328842904418706894e-03
3.185155689716339111e-01,1.756275892257690430e-01,6.727179288864135742e-01,0.000000000000000000e+00,2.321123182773590088e-01,3.732927739620208740e-01,5.375534892082214355e-01,4.127666950225830078e-01,2.562015354633331299e-01,1.399074047803878784e-01,8.350262418389320374e-03,1.312480121850967407e-02,2.410714030265808105e-01,2.266784757375717163e-01,3.571469187736511230e-01,8.544906228780746460e-02,-1.247205361723899841e-01,6.341325491666793823e-02,3.261108100414276123e-01,2.246298640966415405e-01,1.624142080545425415e-01,1.972893774509429932e-01,4.094134569168090820e-01,5.489153265953063965e-01,3.735115528106689453e-01,2.500801682472229004e-01,2.763288021087646484e-01,3.068894743919372559e-01,1.779548674821853638e-01,4.479670897126197815e-02,4.542139172554016113e-01,2.385859936475753784e-01,1.932932883501052856e-01,2.663013637065887451e-01,1.134435459971427917e-01,1.566687822341918945e-01,-1.810349673032760620e-01,-2.020893841981887817e-01,1.928448975086212158e-01,8.007706701755523682e-02,1.396685540676116943e-01,-1.443537026643753052e-01,-4.482389688491821289e-01,-4.020712971687316895e-01,-1.015282869338989258e-01,3.390832245349884033e-02,-3.208531141281127930e-01,-3.844810426235198975e-01,-2.655805051326751709e-01,-1.952495574951171875e-01,-4.530151784420013428e-01,-3.198579549789428711e-01,-4.483598470687866211e-01,-4.157694578170776367e-01,-1.394744869321584702e-02,-1.220620200037956238e-01,1.905415654182434082e-01,1.934179514646530151e-01,3.580635786056518555e-01,4.196363389492034912e-01,2.133520245552062988e-01,2.192969620227813721e-01,-1.625832170248031616e-01,1.028269529342651367e-01,-2.110977470874786377e-02,1.978352963924407959e-01,3.986262381076812744e-01,3.469742834568023682e-01,2.495784759521484375e-01,2.346627861261367798e-01,3.238615095615386963e-01,2.751770019531250000e-01,9.860885888338088989e-02,1.042590662837028503e-01,2.518326342105865479e-01,5.046480894088745117e-02,1.161957532167434692e-01,7.423115521669387817e-02,-1.737572848796844482e-01,-1.016630530357360840e-01,-2.566607668995857239e-02,1.253274152986705303e-03,2.803627252578735352e-01,5.371786653995513916e-02,-1.497998684644699097e-01,-3.252900242805480957e-01,4.230565726757049561e-01,3.462416827678680420e-01,-1.225799843668937683e-01,-2.168398499488830566e-01,-3.567300438880920410e-01,-3.170075118541717529e-01,-2.805292010307312012e-01,-2.417762279510498047e-01,-1.396329700946807861e-02,1.201624944806098938e-01,-3.082097172737121582e-01,-3.612024486064910889e-01,-3.002839088439941406e-01,-4.301881045103073120e-02,1.045518070459365845e-01,-5.281964689493179321e-02,2.293933331966400146e-01,-1.037141121923923492e-02,-6.030661240220069885e-02,-1.522369682788848877e-01,3.664269149303436279e-01,9.440222382545471191e-02,4.553804546594619751e-02,-1.689539700746536255e-01,-4.870236292481422424e-02,-3.088333606719970703e-01,-5.142321586608886719e-01,-2.861525118350982666e-01,-1.116061396896839142e-02,-4.099533706903457642e-02
7.353418972343206406e-03,2.016538055613636971e-03,4.053229391574859619e-01,2.321123182773590088e-01,0.000000000000000000e+00,5.164301991462707520e-01,1.776615679264068604e-01,1.006919667124748230e-01,4.731143712997436523e-01,4.055573344230651855e-01,-2.385254800319671631e-01,-3.331782817840576172e-01,2.702621519565582275e-01,-4.340638965368270874e-02,5.017785429954528809e-01,3.045970797538757324e-01,-4.415886998176574707e-01,-3.611375018954277039e-02,-8.134007453918457031e-02,-1.126445010304450989e-01,2.040524035692214966e-01,2.623423635959625244e-01,2.184696197509765625e-01,4.846498370170593262e-01,4.675682485103607178e-01,3.402678072452545166e-01,2.463690191507339478e-01,2.771585583686828613e-01,-1.527651250362396240e-01,-3.506779298186302185e-02,4.221609234809875488e-01,2.736719250679016113e-01,-5.746312439441680908e-02,1.453804434277117252e-03,1.495922505855560303e-01,6.145063415169715881e-02,-1.336036473512649536e-01,-6.667037308216094971e-02,1.502661556005477905e-01,-3.879185765981674194e-02,1.310395747423171997e-01,-7.291440665721893311e-02,-3.175685405731201172e-01,-2.383480072021484375e-01,-1.423220802098512650e-02,1.389547139406204224e-01,-1.879689991474151611e-01,-2.831543684005737305e-01,6.967116147279739380e-02,5.190065875649452209e-02,-1.834620982408523560e-01,-1.194524988532066345e-01,-1.399359703063964844e-01,-3.488386869430541992e-01,5.204505100846290588e-02,-7.216788083314895630e-02,3.430192917585372925e-02,7.781036198139190674e-02,3.771537542343139648e-01,3.302699923515319824e-01,2.659009099006652832e-01,1.655464768409729004e-01,-1.511799842119216919e-01,-8.988764137029647827e-03,1.093195453286170959e-01,2.261609137058258057e-01,3.568130731582641602e-01,3.137339949607849121e-01,7.029086351394653320e-02,1.306665875017642975e-02,3.744278848171234131e-01,2.568301856517791748e-01,-2.245218157768249512e-01,-3.574685752391815186e-02,3.372597992420196533e-01,9.384576231241226196e-02,8.939180523157119751e-03,-5.829695239663124084e-02,-1.909701526165008545e-01,-2.608935534954071045e-01,-1.888516843318939209e-01,-1.983710825443267822e-01,1.513069719076156616e-01,-2.818069159984588623e-01,-1.522887200117111206e-01,-2.721526622772216797e-01,3.442170321941375732e-01,1.269667893648147583e-01,-3.932690620422363281e-02,-2.781120836734771729e-01,-2.606909275054931641e-01,-2.911014556884765625e-01,-5.509427189826965332e-02,-2.871707081794738770e-01,-8.072406798601150513e-02,-4.052134230732917786e-02,-5.411530658602714539e-02,-8.418678492307662964e-02,6.003516912460327148e-02,5.552817508578300476e-02,8.526476472616195679e-02,-2.018743306398391724e-01,2.017085552215576172e-01,7.379821687936782837e-02,-7.361298054456710815e-02,-1.935582756996154785e-01,2.439954876899719238e-01,1.093633994460105896e-01,-5.514602735638618469e-02,-2.532228231430053711e-01,-2.993468951899558306e-04,1.023438200354576111e-02,-2.242001444101333618e-01,-9.363801032304763794e-02,-8.352054655551910400e-02,-4.566969349980354309e-02
-2.879666350781917572e-02,-1.404811739921569824e-01,3.975482285022735596e-01,3.732927739620208740e-01,5.164301991462707520e-01,0.000000000000000000e+00,3.265570700168609619e-01,1.790511161088943481e-01,4.983815252780914307e-01,3.873361945152282715e-01,8.302883361466228962e-04,-2.098989337682723999e-01,5.081146359443664551e-01,1.104973629117012024e-01,5.829488039016723633e-01,3.594286739826202393e-01,-2.721309959888458252e-01,-9.562408179044723511e-02,-3.149330988526344299e-02,-1.216955408453941345e-01,2.534834146499633789e-01,2.436251938343048096e-01,2.638417780399322510e-01,4.485159814357757568e-01,6.199538111686706543e-01,4.592696428298950195e-01,3.734617829322814941e-01,4.142248034477233887e-01,4.884213209152221680e-02,-7.045833021402359009e-02,5.029572248458862305e-01,4.068410396575927734e-01,-4.876858368515968323e-02,-2.436602860689163208e-02,4.592604935169219971e-02,-4.448173567652702332e-02,-2.490829676389694214e-01,-8.886474370956420898e-02,9.725729376077651978e-02,2.250511385500431061e-02,-2.305116504430770874e-02,-1.283367872238159180e-01,-3.115482926368713379e-01,-3.232800960540771484e-01,1.436570137739181519e-01,2.031797021627426147e-01,-2.368065863847732544e-01,-3.738818764686584473e-01,3.132945299148559570e-02,1.589436829090118408e-01,-2.364209443330764771e-01,-8.450908958911895752e-02,-2.402703762054443359e-01,-3.613669276237487793e-01,-3.095388971269130707e-02,-1.641307771205902100e-01,-9.049787372350692749e-02,-3.652997314929962158e-02,3.199922442436218262e-01,2.550733387470245361e-01,1.918430775403976440e-01,8.365934342145919800e-02,-1.717546731233596802e-01,-4.925185814499855042e-02,5.235489457845687866e-03,2.423938512802124023e-01,2.657049596309661865e-01,2.319184094667434692e-01,-3.518382087349891663e-03,-1.157886311411857605e-01,3.887244462966918945e-01,4.335618317127227783e-01,-9.729205816984176636e-02,-6.810625642538070679e-02,3.840854763984680176e-01,4.417894780635833740e-02,-6.830284744501113892e-02,-7.829109579324722290e-02,-3.219121992588043213e-01,-3.027852177619934082e-01,-2.288514226675033569e-01,-1.243593022227287292e-01,2.284423857927322388e-01,-1.503668278455734253e-01,-2.638711333274841309e-01,-2.102248817682266235e-01,3.598988354206085205e-01,1.925501078367233276e-01,-6.137816607952117920e-02,-2.322217226028442383e-01,-2.295774519443511963e-01,-2.370494902133941650e-01,-5.723152682185173035e-02,-1.891555935144424438e-01,-2.009035497903823853e-01,-9.411601722240447998e-02,-2.118927985429763794e-01,-1.636435389518737793e-01,1.692408323287963867e-02,8.194933831691741943e-02,-2.005822211503982544e-02,-1.432322561740875244e-01,1.255345940589904785e-01,2.141549997031688690e-02,3.280099853873252869e-02,-6.616080552339553833e-02,2.365419268608093262e-01,4.280877858400344849e-02,-6.619083136320114136e-02,-2.619877457618713379e-01,-2.951583825051784515e-02,-4.576177522540092468e-02,-3.001140058040618896e-01,-1.518252193927764893e-01,-1.439734548330307007e-01,-3.096183645538985729e-04
2.386559844017028809e-01,-4.212209954857826233e-02,5.535652041435241699e-01,5.375534892082214355e-01,1.776615679264068604e-01,3.265570700168609619e-01,0.000000000000000000e+00,3.448300659656524658e-01,2.957918941974639893e-01,2.081279158592224121e-01,3.092636764049530029e-01,4.219458252191543579e-02,3.567646443843841553e-01,2.883969843387603760e-01,3.076114058494567871e-01,1.196174789220094681e-02,-5.883280560374259949e-02,-9.015879034996032715e-02,2.220174074172973633e-01,4.933855682611465454e-02,1.801862120628356934e-01,1.501587629318237305e-01,4.478970766067504883e-01,4.863396584987640381e-01,3.845955133438110352e-01,3.296928107738494873e-01,1.917066127061843872e-01,2.779070436954498291e-01,2.532389163970947266e-01,-1.275149881839752197e-01,3.454903960227966309e-01,2.824198901653289795e-01,7.628776133060455322e-02,1.045488193631172180e-01,1.366785764694213867e-01,7.509218156337738037e-02,-1.602505296468734741e-01,-9.166984260082244873e-02,1.078801676630973816e-01,1.561844348907470703e-01,-7.742983102798461914e-02,-3.002282679080963135e-01,-2.621313333511352539e-01,-2.831541001796722412e-01,1.016699150204658508e-01,7.696069777011871338e-02,-3.569200932979583740e-01,-3.044713139533996582e-01,-1.222737133502960205e-01,-9.049019217491149902e-02,-3.300329744815826416e-01,-2.374109476804733276e-01,-4.202136099338531494e-01,-2.707378566265106201e-01,-2.681089639663696289e-01,-2.232766896486282349e-01,8.726684376597404480e-03,2.665732614696025848e-02,1.644071042537689209e-01,2.039055377244949341e-01,2.256306856870651245e-01,2.976748347282409668e-01,-2.125660777091979980e-01,2.752965874969959259e-02,1.467616558074951172e-01,2.525110244750976562e-01,3.204673230648040771e-01,2.303489148616790771e-01,3.169466182589530945e-02,1.756530441343784332e-02,2.514207661151885986e-01,2.725809216499328613e-01,1.348808407783508301e-01,-3.861086070537567139e-02,1.018802598118782043e-01,1.671437919139862061e-01,-1.519189123064279556e-02,-2.483342774212360382e-02,-2.369793802499771118e-01,-4.721856117248535156e-02,-9.274988621473312378e-02,5.010550096631050110e-02,1.210651919245719910e-01,1.275487542152404785e-01,-7.078979909420013428e-02,-1.894253492355346680e-01,2.830874621868133545e-01,2.790060341358184814e-01,-1.610266715288162231e-01,-1.348208785057067871e-01,-2.831560373306274414e-01,-1.889738291501998901e-01,-1.913221627473831177e-01,-5.145576968789100647e-02,1.471539400517940521e-02,5.167010426521301270e-02,-3.373533487319946289e-01,-3.563230633735656738e-01,-3.234279751777648926e-01,-9.211334586143493652e-02,-1.133160367608070374e-01,-8.943731337785720825e-02,-2.860600315034389496e-02,-1.260535866022109985e-01,-1.702835410833358765e-01,-1.265540271997451782e-01,7.102921605110168457e-02,9.775217622518539429e-02,-3.131826873868703842e-03,-2.244673073291778564e-01,-1.311894059181213379e-01,-3.151614964008331299e-01,-3.760206401348114014e-01,-1.423356831073760986e-01,2.336242236196994781e-02,-9.770807623863220215e-02
1.330634206533432007e-01,2.296626269817352295e-01,4.131380021572113037e-01,4.127666950225830078e-01,1.006919667124748230e-01,1.790511161088943481e-01,3.448300659656524658e-01,0.000000000000000000e+00,9.332739748060703278e-03,8.209653943777084351e-02,4.794077575206756592e-02,3.379841744899749756e-01,1.079768240451812744e-01,2.748236060142517090e-01,2.479452639818191528e-01,3.519535064697265625e-02,-3.046724200248718262e-01,1.298010200262069702e-01,2.466835528612136841e-01,1.251804977655410767e-01,4.940706863999366760e-02,1.652769185602664948e-02,3.674505650997161865e-01,3.054850697517395020e-01,1.312100589275360107e-01,1.559175699949264526e-01,6.289786100387573242e-02,6.122571602463722229e-02,-8.333244174718856812e-02,8.566474914550781250e-02,2.276533097028732300e-01,3.080624938011169434e-01,1.898925006389617920e-01,2.610266804695129395e-01,1.267913281917572021e-01,3.154241293668746948e-02,-9.542014449834823608e-02,-1.968479007482528687e-01,1.338350474834442139e-01,-1.640942990779876709e-01,-4.666527360677719116e-02,-2.722800672054290771e-01,-2.165463268756866455e-01,-2.103009372949600220e-01,-1.440222263336181641e-01,-5.248977243900299072e-02,-2.815357148647308350e-01,-2.870763242244720459e-01,-6.638647615909576416e-02,-8.847912400960922241e-02,-1.400573998689651489e-01,-2.798534333705902100e-01,-1.212988346815109253e-01,-3.056401312351226807e-01,-3.829742595553398132e-02,-3.119675815105438232e-01,2.643356472253799438e-02,1.257776021957397461e-01,-6.461389362812042236e-02,2.411889880895614624e-01,3.947836458683013916e-01,2.474569231271743774e-01,-3.187471032142639160e-01,4.891457781195640564e-02,1.700159907341003418e-01,9.973949193954467773e-02,1.288865357637405396e-01,4.885274544358253479e-02,-4.226356744766235352e-03,-1.456238329410552979e-02,2.097802162170410156e-01,5.052244290709495544e-02,-1.773777045309543610e-02,1.041740179061889648e-01,1.077519059181213379e-01,-6.011178344488143921e-02,7.224741578102111816e-02,-4.433016851544380188e-02,1.847461163997650146e-01,-1.985411345958709717e-01,7.872159034013748169e-02,-6.839194893836975098e-02,1.257759332656860352e-01,-8.346362411975860596e-02,1.226529572159051895e-02,-3.159125149250030518e-01,2.155735194683074951e-01,1.311130374670028687e-01,6.322836130857467651e-02,-3.639662861824035645e-01,-3.577441349625587463e-02,-3.408311903476715088e-01,1.282600611448287964e-01,-1.284098476171493530e-01,1.336762029677629471e-02,1.108391210436820984e-01,-1.879348754882812500e-01,-3.875502645969390869e-01,-2.240587174892425537e-01,-2.277212142944335938e-01,-4.900396615266799927e-02,-1.847703307867050171e-01,-3.391622006893157959e-02,-3.146437704563140869e-01,-3.397389501333236694e-02,-1.758827418088912964e-01,1.309054642915725708e-01,-1.745576262474060059e-01,5.086709558963775635e-02,-6.798934936523437500e-02,-1.818836480379104614e-01,-2.778041064739227295e-01,-2.840019762516021729e-01,3.269452229142189026e-02,1.125209778547286987e-01,-8.598417788743972778e-02
-2.179956436157226562e-01,-2.649576961994171143e-01,3.613037765026092529e-01,2.562015354633331299e-01,4.731143712997436523e-01,4.983815252780914307e-01,2.957918941974639893e-01,9.332739748060703278e-03,0.000000000000000000e+00,5.903692841529846191e-01,-5.511386319994926453e-02,-2.362383306026458740e-01,4.535900056362152100e-01,8.625079691410064697e-02,5.075011253356933594e-01,1.054201051592826843e-01,-2.907269895076751709e-01,-7.537992298603057861e-02,-2.022802829742431641e-01,-3.294251263141632080e-01,2.252190858125686646e-01,1.902862936258316040e-01,3.260366320610046387e-01,4.787173271179199219e-01,5.516378879547119141e-01,4.412712156772613525e-01,1.553694009780883789e-01,2.783644795417785645e-01,4.788519814610481262e-02,-2.439573854207992554e-01,3.796239793300628662e-01,3.405615985393524170e-01,-2.476453930139541626e-01,-2.182063758373260498e-01,-3.717184811830520630e-02,-1.974789351224899292e-01,-1.850717514753341675e-01,-1.274172067642211914e-01,-1.310285627841949463e-01,-1.186136454343795776e-01,-6.443013995885848999e-02,-2.313956171274185181e-01,-1.276023089885711670e-01,-1.588505357503890991e-01,1.847953796386718750e-01,3.125208914279937744e-01,-1.729423366487026215e-02,-2.066667228937149048e-01,1.303175240755081177e-01,7.627951353788375854e-02,-7.324596494436264038e-02,-3.354603191837668419e-03,-7.965103723108768463e-03,-1.145537197589874268e-01,-2.083179354667663574e-01,-1.350041478872299194e-01,-2.220382094383239746e-01,-1.828758120536804199e-01,4.192824065685272217e-01,1.212935373187065125e-01,4.384685307741165161e-02,-6.857179105281829834e-02,-1.965134590864181519e-01,-3.168122172355651855e-01,-6.063329800963401794e-02,2.676146328449249268e-01,2.416885197162628174e-01,2.239729017019271851e-01,-1.718921065330505371e-01,-1.526785343885421753e-01,2.889817357063293457e-01,2.864667177200317383e-01,-1.054709404706954956e-01,-2.388994246721267700e-01,1.914433985948562622e-01,1.674266718327999115e-02,-2.423463314771652222e-01,-2.653037905693054199e-01,-2.528496980667114258e-01,-2.872045636177062988e-01,-2.409796416759490967e-01,-2.096845358610153198e-01,1.528326421976089478e-01,-1.812648177146911621e-01,-1.955797076225280762e-01,-3.197775483131408691e-01,1.476256251335144043e-01,-5.838285386562347412e-02,-1.429795771837234497e-01,-2.374575734138488770e-01,-3.579803183674812317e-02,-9.455855190753936768e-02,-5.857834219932556152e-02,-1.422545909881591797e-01,-1.326202750205993652e-01,-1.229477450251579285e-01,-6.424386054277420044e-02,-8.469398319721221924e-02,6.171693280339241028e-02,2.109178304672241211e-01,4.226146265864372253e-02,2.367085404694080353e-02,1.475171744823455811e-01,1.438255310058593750e-01,-3.468568995594978333e-02,-1.074148640036582947e-01,2.275189310312271118e-01,1.586840152740478516e-01,-1.484419405460357666e-01,-2.927146553993225098e-01,-9.679906815290451050e-02,1.508060246706008911e-01,-3.659607842564582825e-02,-1.198484376072883606e-01,-8.194320648908615112e-02,-2.117725275456905365e-02
-2.613463103771209717e-01,-3.223444819450378418e-01,2.478103339672088623e-01,1.399074047803878784e-01,4.055573344230651855e-01,3.873361945152282715e-01,2.081279158592224121e-01,8.209653943777084351e-02,5.903692841529846191e-01,0.000000000000000000e+00,3.088379977270960808e-03,-1.181921809911727905e-01,3.595417737960815430e-01,1.740416884422302246e-01,3.870647847652435303e-01,2.385332733392715454e-01,-2.750513255596160889e-01,-2.200902849435806274e-01,-2.512638568878173828e-01,-3.243286013603210449e-01,1.754733920097351074e-01,1.609347611665725708e-01,3.095953762531280518e-01,4.042903780937194824e-01,3.934686481952667236e-01,3.655612766742706299e-01,1.486090421676635742e-01,2.747208476066589355e-01,-1.498057693243026733e-01,-2.699891626834869385e-01,2.528490722179412842e-01,3.546240031719207764e-01,-2.246034443378448486e-01,-2.573340833187103271e-01,-1.557921990752220154e-02,-2.271846681833267212e-01,-2.069951593875885010e-01,-7.285736035555601120e-03,-2.185304462909698486e-01,-5.612748861312866211e-02,-1.370448619127273560e-01,-1.942565590143203735e-01,-4.072335548698902130e-03,-8.562009036540985107e-02,1.946869790554046631e-01,2.674361467361450195e-01,-8.516383171081542969e-02,-1.414359062910079956e-01,2.208690345287322998e-01,2.482301890850067139e-01,4.285991191864013672e-03,4.763589054346084595e-02,8.908145874738693237e-02,-1.243729726411402225e-03,-3.102369904518127441e-01,-1.724814921617507935e-01,-2.361802160739898682e-01,-2.680795788764953613e-01,2.243092805147171021e-01,-3.894139081239700317e-02,8.407870680093765259e-02,-3.324805572628974915e-02,-1.746980398893356323e-01,-3.369196653366088867e-01,1.099850237369537354e-01,2.228165715932846069e-01,1.295495182275772095e-01,5.425886064767837524e-02,-2.691061794757843018e-01,-2.843470275402069092e-01,5.504251271486282349e-02,2.057292908430099487e-01,-1.436508744955062866e-01,-2.904379665851593018e-01,4.962495341897010803e-02,2.170810475945472717e-02,-3.256821334362030029e-01,-2.534970939159393311e-01,-2.784372568130493164e-01,-1.262044459581375122e-01,-2.886107563972473145e-01,-1.536060869693756104e-01,-5.482887849211692810e-02,-1.123658940196037292e-01,-1.889315396547317505e-01,-9.854176640510559082e-02,-4.153786227107048035e-02,-5.550594627857208252e-02,-2.199326902627944946e-01,-8.979011327028274536e-03,5.241490155458450317e-02,-2.240285836160182953e-02,-2.191316895186901093e-02,6.344467983581125736e-04,-1.213695034384727478e-01,-1.432569772005081177e-01,-5.017831176519393921e-02,-6.895901262760162354e-02,6.991437822580337524e-02,5.845364928245544434e-02,-1.217921525239944458e-01,5.020813643932342529e-02,-9.516382217407226562e-02,2.552177058532834053e-03,-8.252345770597457886e-02,-4.915096238255500793e-02,-3.000976983457803726e-03,7.842547446489334106e-02,-1.922692209482192993e-01,-2.371877133846282959e-01,-1.179378256201744080e-01,1.455555558204650879e-01,3.540430963039398193e-02,3.191234916448593140e-02,6.905322521924972534e-02,3.039418533444404602e-02
1.837840080261230469e-01,-1.810401976108551025e-01,-1.049914211034774780e-02,8.350262418389320374e-03,-2.385254800319671631e-01,8.302883361466228962e-04,3.092636764049530029e-01,4.794077575206756592e-02,-5.511386319994926453e-02,3.088379977270960808e-03,0.000000000000000000e+00,1.449319124221801758e-01,3.041419386863708496e-01,3.393473923206329346e-01,3.243942512199282646e-03,8.952034637331962585e-03,4.055898189544677734e-01,1.267759501934051514e-02,2.749977111816406250e-01,8.062109351158142090e-02,7.427700608968734741e-02,-1.958373747766017914e-02,1.295031011104583740e-01,-5.459230765700340271e-02,4.206613521091639996e-04,1.010801121592521667e-01,-6.823423318564891815e-04,6.506686657667160034e-02,2.684907019138336182e-01,-1.011808291077613831e-01,-6.636947393417358398e-02,7.391997426748275757e-02,4.058913886547088623e-02,-6.142392382025718689e-02,-8.342287689447402954e-02,-1.285480409860610962e-01,-5.309770628809928894e-02,1.360831260681152344e-01,3.193692490458488464e-02,2.074693739414215088e-01,-1.334478259086608887e-01,-4.387464001774787903e-02,1.468271464109420776e-01,5.648749321699142456e-02,1.786058098077774048e-01,-6.143542472273111343e-03,-8.021789789199829102e-02,3.423055633902549744e-02,-2.938675880432128906e-02,2.968731150031089783e-02,-1.765411719679832458e-02,-3.375744819641113281e-02,-1.458929181098937988e-01,1.094704195857048035e-01,-3.205226957798004150e-01,-1.652173697948455811e-01,-6.806079298257827759e-02,-1.387328803539276123e-01,-1.927526593208312988e-01,-2.500379085540771484e-01,-5.542380735278129578e-02,-3.223950788378715515e-02,1.383124738931655884e-01,-3.710951656103134155e-02,-8.480387739837169647e-03,-1.210086271166801453e-01,-2.002180814743041992e-01,-2.176182568073272705e-01,-1.345821171998977661e-01,-1.625739783048629761e-01,-4.301221668720245361e-02,1.487873196601867676e-01,4.007478058338165283e-01,1.016251370310783386e-01,5.284755304455757141e-02,1.037495136260986328e-01,-6.686927750706672668e-03,9.175822883844375610e-02,-5.377215147018432617e-02,1.905622333288192749e-01,1.133756339550018311e-01,3.056252002716064453e-01,-8.867756277322769165e-02,1.846359521150588989e-01,1.061062067747116089e-01,8.972487598657608032e-02,-1.226043254137039185e-01,6.375609338283538818e-02,-1.443522125482559204e-01,1.379220485687255859e-01,-1.494179107248783112e-02,1.041549369692802429e-01,-8.372525125741958618e-02,2.451249957084655762e-01,4.114477336406707764e-02,-9.129946678876876831e-02,-1.880785673856735229e-01,-7.857709378004074097e-02,-2.457945197820663452e-01,-9.557168185710906982e-02,-3.287120163440704346e-01,5.226124078035354614e-02,-3.009172379970550537e-01,-1.332324594259262085e-01,-1.302151083946228027e-01,4.341270402073860168e-02,-3.108489513397216797e-01,-2.807324752211570740e-02,-1.290821582078933716e-01,-3.079808549955487251e-03,-2.497195005416870117e-01,-2.211019694805145264e-01,-6.677667796611785889e-02,-2.665814198553562164e-02,-8.507301099598407745e-03,3.566817566752433777e-02
-2.027194574475288391e-02,2.010662853717803955e-01,-9.560763090848922729e-02,1.312480121850967407e-02,-3.331782817840576172e-01,-2.098989337682723999e-01,4.219458252191543579e-02,3.379841744899749756e-01,-2.362383306026458740e-01,-1.181921809911727905e-01,1.449319124221801758e-01,0.000000000000000000e+00,-1.689733006060123444e-02,3.276685178279876709e-01,-1.022881120443344116e-01,-2.555655539035797119e-01,1.393438875675201416e-02,1.742751449346542358e-01,9.344822913408279419e-02,1.009931936860084534e-01,-2.063197940587997437e-01,-1.339924633502960205e-01,1.238329038023948669e-01,-2.023746967315673828e-01,-1.794998943805694580e-01,-7.612301409244537354e-02,-1.015977114439010620e-01,-1.119825690984725952e-01,5.436733737587928772e-02,2.467712759971618652e-01,-1.249006465077400208e-01,5.555344000458717346e-02,2.915574051439762115e-02,3.533140197396278381e-02,-2.123229652643203735e-01,-1.045899465680122375e-01,4.107677377760410309e-03,-1.987364292144775391e-01,-5.240937322378158569e-02,-1.062481030821800232e-01,-7.140323519706726074e-02,-2.508248388767242432e-01,3.947276249527931213e-02,-1.019616201519966125e-01,-4.548733308911323547e-02,-5.646448582410812378e-02,-5.089347437024116516e-02,-3.700159862637519836e-02,-1.286541577428579330e-02,-5.294017493724822998e-02,1.555436998605728149e-01,-2.522532828152179718e-02,1.259678900241851807e-01,8.399102836847305298e-02,-1.060180515050888062e-01,-3.678932040929794312e-02,-2.369639091193675995e-02,-1.726868003606796265e-02,-3.184904754161834717e-01,-5.921858549118041992e-02,-6.207568943500518799e-02,-2.066475106403231621e-03,3.907839208841323853e-02,-1.245773658156394958e-01,-1.169292628765106201e-02,-1.092221811413764954e-01,-2.073540240526199341e-01,-3.059505224227905273e-01,-9.498434513807296753e-02,-1.058681532740592957e-01,-1.154973357915878296e-01,-2.160408943891525269e-01,1.453154385089874268e-01,6.044965237379074097e-02,-3.235858678817749023e-01,5.266606342047452927e-03,2.222349494695663452e-02,-1.124337911605834961e-01,3.475986719131469727e-01,2.911630645394325256e-02,2.834160625934600830e-01,4.417689889669418335e-02,-4.384013637900352478e-02,2.119992077350616455e-01,2.521377205848693848e-01,3.359940275549888611e-02,-5.619300529360771179e-02,-8.815568685531616211e-02,3.128644824028015137e-01,-1.759027689695358276e-02,2.681114673614501953e-01,-5.238359048962593079e-02,1.745963990688323975e-01,5.186095088720321655e-02,-9.777965396642684937e-02,-1.863046921789646149e-02,-1.751518696546554565e-01,-3.240872621536254883e-01,-2.010118514299392700e-01,-1.982554942369461060e-01,-1.295961067080497742e-02,-4.787592682987451553e-03,-1.367873996496200562e-01,-2.959654033184051514e-01,1.628858447074890137e-01,1.507566571235656738e-01,-3.542647138237953186e-02,-2.783108055591583252e-01,1.347073167562484741e-01,1.716753095388412476e-01,-1.112160459160804749e-01,-1.106800064444541931e-01,1.961310952901840210e-02,4.108731448650360107e-02,1.335976123809814453e-01,8.795146644115447998e-02
-1.187115758657455444e-01,-2.471650540828704834e-01,2.812858819961547852e-01,2.410714030265808105e-01,2.702621519565582275e-01,5.081146359443664551e-01,3.567646443843841553e-01,1.079768240451812744e-01,4.535900056362152100e-01,3.595417737960815430e-01,3.041419386863708496e-01,-1.689733006060123444e-02,0.000000000000000000e+00,2.510793209075927734e-01,4.749268591403961182e-01,1.287649869918823242e-01,-7.486388087272644043e-02,-9.550788998603820801e-02,-9.586589038372039795e-02,-2.350398302078247070e-01,1.475575417280197144e-01,8.309971541166305542e-02,3.843079805374145508e-01,3.077471852302551270e-01,5.084022283554077148e-01,4.961342811584472656e-01,1.297556012868881226e-01,2.126202285289764404e-01,1.858898103237152100e-01,-4.248552024364471436e-02,4.269108176231384277e-01,4.773695766925811768e-01,-1.692832410335540771e-01,-1.315445154905319214e-01,-1.480363160371780396e-01,-2.240215092897415161e-01,-2.980598807334899902e-01,-1.579680740833282471e-01,-7.413395494222640991e-02,-2.356453984975814819e-02,-2.004859596490859985e-01,-1.952918469905853271e-01,-3.140897303819656372e-02,-1.511364132165908813e-01,3.507205545902252197e-01,3.972770273685455322e-01,-1.662769764661788940e-01,-2.800179719924926758e-01,1.859735846519470215e-01,2.647417783737182617e-01,-4.322100803256034851e-02,7.289258390665054321e-02,-1.516420543193817139e-01,-1.302856057882308960e-01,-2.557384669780731201e-01,-1.628434658050537109e-01,-1.606919467449188232e-01,-1.826029568910598755e-01,2.368950992822647095e-01,1.133706867694854736e-01,7.758879661560058594e-02,1.248270366340875626e-02,-7.971753180027008057e-02,-1.692208349704742432e-01,-4.744785651564598083e-02,1.967671066522598267e-01,1.090009734034538269e-01,5.040385574102401733e-02,-2.341834008693695068e-01,-3.161182403564453125e-01,1.955924928188323975e-01,3.810124099254608154e-01,7.155214995145797729e-02,-5.632099136710166931e-02,2.152307182550430298e-01,2.212075144052505493e-02,-1.794047504663467407e-01,-1.622645258903503418e-01,-2.395908236503601074e-01,-1.452203691005706787e-01,-1.682179570198059082e-01,-1.100205183029174805e-01,1.055091172456741333e-01,-1.055035814642906189e-01,-1.879155933856964111e-01,-1.060931384563446045e-01,1.163377538323402405e-01,-4.147761687636375427e-02,-7.521048933267593384e-02,-1.306145936250686646e-01,-1.056810319423675537e-01,-1.812819540500640869e-01,-5.805969983339309692e-02,-7.171037793159484863e-02,-2.603988349437713623e-01,-2.287547439336776733e-01,-2.441451698541641235e-01,-2.301684767007827759e-01,-1.065602526068687439e-01,2.473656833171844482e-02,-2.245590239763259888e-01,-1.344845592975616455e-01,-1.444646865129470825e-01,-1.336904019117355347e-01,-5.899407342076301575e-02,-4.449536651372909546e-02,2.391489222645759583e-02,-4.108678549528121948e-02,-1.160432621836662292e-01,-1.950580179691314697e-01,-1.222078576683998108e-01,1.104982662945985794e-02,-1.628575623035430908e-01,-1.453704088926315308e-01,-7.977951318025588989e-02,4.260149225592613220e-02
