0.000000000000000000e+00,7.288306355476379395e-01,4.802086353302001953e-01,3.151171207427978516e-01,-3.500166535377502441e-01,-1.248441450297832489e-02,3.322526216506958008e-01,4.641954600811004639e-02,3.883932158350944519e-02,-2.376341819763183594e-01,2.553976140916347504e-02,-1.115298271179199219e-02,-2.374424971640110016e-02,2.085123397409915924e-02,2.897883951663970947e-01,-2.742107510566711426e-01,1.166193336248397827e-01,3.210748434066772461e-01,3.766374886035919189e-01,5.773413181304931641e-01,-1.525623947381973267e-01,-8.376801759004592896e-02,4.660129547119140625e-03,2.844876646995544434e-01,-6.652150303125381470e-02,-2.069489210844039917e-01,1.152855530381202698e-01,-1.377105116844177246e-01,1.459576785564422607e-01,1.603507697582244873e-01,1.448721438646316528e-01,1.772666871547698975e-01,1.417091339826583862e-01,1.828701198101043701e-01,1.899074576795101166e-02,-1.825879067182540894e-01,-2.807102203369140625e-01,-5.506064891815185547e-01,4.222657531499862671e-02,-3.186184763908386230e-01,-3.574974536895751953e-01,-3.413653746247291565e-02,-4.964155554771423340e-01,-2.295483946800231934e-01,-1.940449029207229614e-01,-2.191568762063980103e-01,-3.183804154396057129e-01,-4.594276249408721924e-01,-5.964128673076629639e-02,2.087354511022567749e-01,1.053233221173286438e-01,-3.926300629973411560e-02,-6.666788458824157715e-02,-4.555450677871704102e-01,2.884258329868316650e-01,-3.937222063541412354e-01,7.012643218040466309e-01,4.091294109821319580e-01,3.129527270793914795e-01,-8.786145597696304321e-02,4.250131249427795410e-01,-4.952516406774520874e-02,2.956147193908691406e-01,2.825522422790527344e-01,-3.028273768723011017e-02,-1.377531141042709351e-01,1.685053110122680664e-01,1.694564968347549438e-01,4.583278894424438477e-01,3.247087299823760986e-01,3.760437667369842529e-01,2.842419743537902832e-01,3.502655625343322754e-01,3.822214305400848389e-01,2.533358633518218994e-01,2.213953435420989990e-01,4.446168839931488037e-01,3.834070563316345215e-01,2.381431311368942261e-01,-1.348866075277328491e-01,3.271020650863647461e-01,-1.701391041278839111e-01,-6.385724991559982300e-02,-1.479401588439941406e-01,3.007876873016357422e-01,-2.490943372249603271e-01,3.469376862049102783e-01,-1.464110165834426880e-01,3.507566452026367188e-01,-4.867852926254272461e-01,-1.314115971326828003e-01,-4.990445375442504883e-01,-4.383337795734405518e-01,-5.073890089988708496e-01,-1.118634119629859924e-01,6.083367392420768738e-02,1.570530384778976440e-01,9.323249757289886475e-02,2.266298085451126099e-01,1.898034363985061646e-01,3.154047727584838867e-01,-3.652085959911346436e-01,3.104878067970275879e-01,-5.288924276828765869e-02,1.249251887202262878e-01,-2.598682045936584473e-01,1.445263717323541641e-02,-2.366445511579513550e-01,1.984231919050216675e-01,1.182278767228126526e-01,-1.612761914730072021e-01,-1.529299020767211914e-01,-2.395875938236713409e-02,2.024624347686767578e-01,-9.470853954553604126e-02,1.610552705824375153e-02
7.288306355476379395e-01,0.000000000000000000e+00,6.109587550163269043e-01,4.688839018344879150e-01,-4.059218764305114746e-01,4.899272695183753967e-02,3.244106173515319824e-01,1.155494675040245056e-01,-5.370049178600311279e-02,-2.686291635036468506e-01,-5.522477999329566956e-02,-5.602806061506271362e-02,-1.608522087335586548e-01,1.567942462861537933e-02,3.148196637630462646e-01,-3.316324651241302490e-01,8.836201392114162445e-03,4.064951539039611816e-01,4.410414397716522217e-01,7.100869417190551758e-01,-1.452823430299758911e-01,-1.756500005722045898e-01,1.267027407884597778e-01,4.840825796127319336e-01,-6.654630601406097412e-02,-2.271377742290496826e-01,1.308236271142959595e-01,-3.743778169155120850e-02,9.529314935207366943e-02,1.891553699970245361e-01,2.512581050395965576e-01,2.260931283235549927e-01,1.692740768194198608e-01,3.130622506141662598e-01,1.638167053461074829e-01,-3.304997459053993225e-02,-3.690214157104492188e-01,-5.840026140213012695e-01,6.745073199272155762e-02,-3.777168095111846924e-01,-4.175330102443695068e-01,-1.684945635497570038e-02,-5.336654782295227051e-01,-2.309839874505996704e-01,-1.972139030694961548e-01,-2.749815285205841064e-01,-3.141781687736511230e-01,-4.595018029212951660e-01,-1.382048428058624268e-01,1.599898189306259155e-01,-2.212273515760898590e-02,-1.903422623872756958e-01,-1.535332798957824707e-01,-5.771403312683105469e-01,2.977346181869506836e-01,-5.602093935012817383e-01,6.364088058471679688e-01,4.238945841789245605e-01,2.177521735429763794e-01,-1.983264237642288208e-01,3.257949054241180420e-01,-1.042980551719665527e-01,2.413473427295684814e-01,3.339210748672485352e-01,1.269275229424238205e-02,-5.981324985623359680e-02,3.030612766742706299e-01,3.133662939071655273e-01,4.873733222484588623e-01,3.570620715618133545e-01,3.850640058517456055e-01,3.509988486766815186e-01,3.374381363391876221e-01,4.474754333496093750e-01,2.910668253898620605e-01,1.760952323675155640e-01,4.425791501998901367e-01,3.702620863914489746e-01,2.211539596319198608e-01,-1.519781202077865601e-01,4.344631433486938477e-01,-2.196706235408782959e-01,-1.452796459197998047e-01,-1.187489330768585205e-01,3.809150755405426025e-01,-3.445592820644378662e-01,4.260356128215789795e-01,-1.806664913892745972e-01,4.085866510868072510e-01,-5.766378045082092285e-01,-5.166140198707580566e-02,-5.445612072944641113e-01,-3.375358283519744873e-01,-5.961261391639709473e-01,-1.039499267935752869e-01,1.155157759785652161e-01,2.016166597604751587e-01,5.902389530092477798e-03,2.995321154594421387e-01,1.984003931283950806e-01,3.700124025344848633e-01,-4.331457316875457764e-01,4.463775753974914551e-01,1.152001693844795227e-02,2.357096225023269653e-01,-2.037981003522872925e-01,3.435130044817924500e-02,-2.398231923580169678e-01,1.655976921319961548e-01,2.296630106866359711e-02,-1.154510602355003357e-01,-9.032454341650009155e-02,4.023076500743627548e-03,2.169756591320037842e-01,-5.526365712285041809e-02,4.659216105937957764e-02
4.802086353302001953e-01,6.109587550163269043e-01,0.000000000000000000e+00,5.697407722473144531e-01,-3.523733019828796387e-01,9.275805205106735229e-02,5.174886584281921387e-01,1.336241215467453003e-01,1.159212067723274231e-01,-2.568570375442504883e-01,-1.597296893596649170e-01,-1.768878698348999023e-01,-2.262502312660217285e-01,-8.529055118560791016e-02,5.401800274848937988e-01,-2.075538784265518188e-01,-1.469546556472778320e-01,3.867346048355102539e-01,4.804333150386810303e-01,7.012467384338378906e-01,-8.375053852796554565e-02,3.872976452112197876e-02,4.463925957679748535e-01,6.618092656135559082e-01,6.572447455255314708e-05,-3.448151051998138428e-03,9.592316299676895142e-02,3.264680132269859314e-02,-5.290264636278152466e-02,1.721795052289962769e-01,3.338432013988494873e-01,2.626721262931823730e-01,6.422544270753860474e-02,2.237914949655532837e-01,1.286639273166656494e-01,8.623747527599334717e-02,-1.982288807630538940e-01,-5.297550559043884277e-01,1.732138246297836304e-01,-2.303611636161804199e-01,-1.912403255701065063e-01,8.843235671520233154e-02,-4.624046087265014648e-01,-2.229698747396469116e-01,-1.416642516851425171e-01,-2.108735889196395874e-01,-2.491372376680374146e-01,-4.060864448547363281e-01,-3.532308936119079590e-01,1.573535650968551636e-01,-3.501429259777069092e-01,-4.703401923179626465e-01,-3.305414021015167236e-01,-7.012719511985778809e-01,1.845557540655136108e-01,-6.368519663810729980e-01,3.631701767444610596e-01,1.750065945088863373e-02,-1.796890608966350555e-02,-4.190873801708221436e-01,2.005826979875564575e-01,-2.609929442405700684e-01,1.889306008815765381e-01,2.671245634555816650e-01,1.878515630960464478e-01,-3.329640254378318787e-02,3.167091906070709229e-01,4.898220002651214600e-01,4.868285953998565674e-01,1.202767863869667053e-01,4.527681171894073486e-01,3.294101357460021973e-01,2.372822165489196777e-01,2.564413249492645264e-01,1.848034560680389404e-01,7.551329582929611206e-02,1.801858842372894287e-01,1.674204021692276001e-01,2.357270568609237671e-01,-2.357151210308074951e-01,4.230088889598846436e-01,-3.657039999961853027e-01,-1.531633138656616211e-01,-9.486698545515537262e-03,4.712236523628234863e-01,-4.932622611522674561e-01,5.495437979698181152e-01,-1.282943338155746460e-01,4.709837138652801514e-01,-6.423565149307250977e-01,1.220975443720817566e-01,-3.781846165657043457e-01,-1.982457935810089111e-01,-6.541550755500793457e-01,-7.863073050975799561e-02,8.987788856029510498e-02,1.140235289931297302e-01,-7.185033708810806274e-02,2.900142371654510498e-01,2.141191363334655762e-01,4.529234468936920166e-01,-4.228182435035705566e-01,5.501639246940612793e-01,5.566776171326637268e-02,1.686574667692184448e-01,-3.150943219661712646e-01,1.278104633092880249e-02,-1.854453533887863159e-01,6.310048699378967285e-02,-9.785430133342742920e-02,-1.407677531242370605e-01,-8.154152333736419678e-02,1.659753359854221344e-02,1.152349710464477539e-01,-6.601438671350479126e-02,4.842072352766990662e-02
3.151171207427978516e-01,4.688839018344879150e-01,5.697407722473144531e-01,0.000000000000000000e+00,-1.642599403858184814e-01,2.189356535673141479e-01,3.161318600177764893e-01,1.588227450847625732e-01,2.840370638296008110e-03,6.577103585004806519e-02,-6.195473670959472656e-02,-4.393325001001358032e-02,-1.170890927314758301e-01,-6.284666061401367188e-02,2.704350650310516357e-01,-1.809451542794704437e-02,-1.929063498973846436e-01,4.074269533157348633e-02,5.143772363662719727e-01,5.521320104598999023e-01,-1.276500523090362549e-01,-1.583731770515441895e-01,4.515656530857086182e-01,6.564095020294189453e-01,4.417940974235534668e-02,-4.266391322016716003e-02,1.429958939552307129e-01,8.413559943437576294e-02,-6.490626931190490723e-02,-6.334568560123443604e-02,2.242282927036285400e-01,2.714656889438629150e-01,1.303484737873077393e-01,2.715561687946319580e-01,2.989019155502319336e-01,2.788030505180358887e-01,-3.017489910125732422e-01,-4.194329679012298584e-01,-3.380944207310676575e-02,-1.926355659961700439e-01,-3.655729591846466064e-01,-1.340080648660659790e-01,-2.325969487428665161e-01,-9.520637989044189453e-02,-7.527943700551986694e-02,-2.284061163663864136e-01,-7.663168758153915405e-02,-1.413011103868484497e-01,-1.265183240175247192e-01,1.173927560448646545e-01,-2.641136348247528076e-01,-2.800673544406890869e-01,-3.405910134315490723e-01,-3.437540531158447266e-01,6.801442801952362061e-02,-3.624778985977172852e-01,2.769265472888946533e-01,1.653132140636444092e-01,-2.369037270545959473e-02,-1.169345378875732422e-01,8.790275454521179199e-02,8.100820332765579224e-02,1.356595903635025024e-01,2.772105336189270020e-01,7.470425218343734741e-02,1.293593496084213257e-01,3.688491880893707275e-01,4.715679883956909180e-01,4.252440035343170166e-01,2.597104310989379883e-01,2.213627994060516357e-01,3.940573930740356445e-01,1.597743481397628784e-01,2.126086652278900146e-01,1.196221187710762024e-01,3.820250276476144791e-03,1.894124001264572144e-01,2.406962215900421143e-01,-3.219600394368171692e-02,-9.730373322963714600e-02,1.089743673801422119e-01,-2.550655305385589600e-01,-3.091609477996826172e-01,5.835261568427085876e-02,2.947702631354331970e-02,-1.729892939329147339e-01,2.588281631469726562e-01,9.194245934486389160e-02,2.338722720742225647e-02,-1.964922100305557251e-01,3.016388230025768280e-02,-1.468447148799896240e-01,-1.625434160232543945e-01,-3.598144054412841797e-01,-1.254571229219436646e-01,1.979667320847511292e-02,-9.016730636358261108e-02,-7.681734859943389893e-02,2.130882889032363892e-01,8.954379707574844360e-02,2.144919484853744507e-01,-2.057356536388397217e-01,3.308820128440856934e-01,3.286225497722625732e-01,1.229508072137832642e-01,-7.308956235647201538e-02,-2.205119095742702484e-02,6.191498041152954102e-02,6.509029865264892578e-02,-2.635370790958404541e-01,-6.283172219991683960e-02,-1.571706384420394897e-01,-6.759209185838699341e-02,1.594948619604110718e-01,5.946721509099006653e-02,-1.563183218240737915e-02
-3.500166535377502441e-01,-4.059218764305114746e-01,-3.523733019828796387e-01,-1.642599403858184814e-01,0.000000000000000000e+00,2.876060009002685547e-01,-1.010798141360282898e-01,1.209903322160243988e-02,5.338739231228828430e-02,3.548125326633453369e-01,1.684639751911163330e-01,7.922664284706115723e-02,2.826319336891174316e-01,1.121102198958396912e-01,-9.850199520587921143e-02,3.101157546043395996e-01,6.959443539381027222e-02,-3.723021149635314941e-01,-1.298444867134094238e-01,-2.692852914333343506e-01,-5.587654933333396912e-02,-6.014772877097129822e-02,5.515584722161293030e-02,-1.716442704200744629e-01,2.352728992700576782e-01,2.043234705924987793e-01,4.536390304565429688e-03,1.169456094503402710e-01,4.889946803450584412e-02,-1.883099079132080078e-01,-7.458358258008956909e-02,2.771505899727344513e-02,1.304757446050643921e-01,8.104414492845535278e-02,7.145582884550094604e-02,1.466336846351623535e-01,1.254846062511205673e-02,1.712541729211807251e-01,-4.643605276942253113e-02,4.997489228844642639e-02,5.867224931716918945e-02,-1.714811325073242188e-01,3.692221939563751221e-01,2.271442413330078125e-01,1.628458946943283081e-01,5.565323308110237122e-02,1.239170655608177185e-01,2.558991611003875732e-01,1.650315225124359131e-01,-2.432756870985031128e-01,-1.525190658867359161e-02,1.099402531981468201e-01,-7.488333620131015778e-03,4.241991341114044189e-01,-2.422167807817459106e-01,3.319618105888366699e-01,-2.662026286125183105e-01,-1.682606935501098633e-01,-2.031345218420028687e-01,3.768506646156311035e-02,-1.988321691751480103e-01,1.495185345411300659e-01,-1.130775213241577148e-01,-2.305243462324142456e-01,1.749587208032608032e-01,1.751919239759445190e-01,-1.418481171131134033e-01,-1.899111270904541016e-01,-3.047167956829071045e-01,-1.064610630273818970e-01,-1.839908212423324585e-01,2.361503057181835175e-02,2.693113684654235840e-02,-6.454042345285415649e-02,-1.583929806947708130e-01,1.076786741614341736e-01,-1.049846634268760681e-01,-6.981229037046432495e-02,-1.977568417787551880e-01,2.275667935609817505e-01,-3.096150457859039307e-01,1.428229212760925293e-01,1.050798892974853516e-01,1.387076824903488159e-01,-3.856009542942047119e-01,2.675991356372833252e-01,-3.698920905590057373e-01,2.561342418193817139e-01,-4.051700830459594727e-01,4.432550966739654541e-01,-1.465744823217391968e-01,2.606100738048553467e-01,2.079057842493057251e-01,4.319232404232025146e-01,1.088250987231731415e-02,7.137528061866760254e-02,-1.020902395248413086e-01,2.084994874894618988e-02,-2.116934657096862793e-01,-1.035155206918716431e-01,-3.329944014549255371e-01,3.167667984962463379e-01,-3.681691288948059082e-01,1.352303661406040192e-02,-1.360013186931610107e-01,2.303137034177780151e-01,-2.797468937933444977e-02,1.399654895067214966e-01,-2.097278274595737457e-02,-1.676018163561820984e-02,1.605265401303768158e-02,1.199244484305381775e-01,-5.502490326762199402e-03,5.843525752425193787e-02,2.128828912973403931e-01,4.142146557569503784e-02
-1.248441450297832489e-02,4.899272695183753967e-02,9.275805205106735229e-02,2.189356535673141479e-01,2.876060009002685547e-01,0.000000000000000000e+00,4.270125553011894226e-02,-7.104334235191345215e-02,1.286735087633132935e-01,3.387247622013092041e-01,-1.772409654222428799e-03,7.439472526311874390e-02,-2.080875821411609650e-02,-9.579003788530826569e-03,1.646795570850372314e-01,1.749904751777648926e-01,1.155615411698818207e-02,-5.541425570845603943e-02,-8.224309422075748444e-03,1.244696900248527527e-01,-2.588463714346289635e-03,-3.483433276414871216e-02,1.875958740711212158e-01,2.954772710800170898e-01,4.094091653823852539e-01,2.636071145534515381e-01,2.252188473939895630e-01,2.497749179601669312e-01,6.972168385982513428e-02,7.164467871189117432e-02,1.690786927938461304e-01,1.887688040733337402e-01,7.681711018085479736e-02,1.952863484621047974e-01,2.819205634295940399e-02,-4.695026669651269913e-03,-1.030944809317588806e-01,-1.868509203195571899e-01,9.423494338989257812e-02,-3.253936022520065308e-02,-1.435669064521789551e-01,-4.178551957011222839e-02,-1.121426075696945190e-01,-8.408825844526290894e-02,-1.199428364634513855e-01,-3.017947375774383545e-01,-1.440163403749465942e-01,-1.428153961896896362e-01,-1.021307855844497681e-01,-1.159365326166152954e-01,-2.213426679372787476e-01,-1.839375793933868408e-01,-2.855387628078460693e-01,-7.701936364173889160e-02,-8.075747638940811157e-02,-1.245831698179244995e-01,-2.410837262868881226e-02,-9.880679845809936523e-02,-1.834660172462463379e-01,-1.727062314748764038e-01,-8.045730739831924438e-02,1.024591363966464996e-02,-2.615526318550109863e-02,2.588130719959735870e-02,9.297995269298553467e-02,1.690939813852310181e-01,-1.039244383573532104e-01,6.952603906393051147e-02,2.475527487695217133e-02,-2.218717522919178009e-02,3.554461151361465454e-02,2.334177345037460327e-01,1.754425466060638428e-01,1.349928081035614014e-01,4.313895478844642639e-02,4.578327015042304993e-02,8.026412874460220337e-02,7.659794390201568604e-02,1.975086927413940430e-01,7.778207212686538696e-02,4.126422107219696045e-03,-5.129357799887657166e-02,1.635674200952053070e-02,2.698395252227783203e-01,-7.888950407505035400e-02,1.223818119615316391e-02,7.663299143314361572e-02,1.761992424726486206e-01,-1.035725548863410950e-01,2.780763246119022369e-02,1.716658286750316620e-02,-1.254293769598007202e-01,2.412562072277069092e-02,-3.138783946633338928e-02,1.158921346068382263e-01,1.211263313889503479e-01,1.108385100960731506e-01,1.343528367578983307e-02,3.800919651985168457e-02,7.679307460784912109e-02,-4.887302964925765991e-02,-8.006942807696759701e-04,-2.992219105362892151e-02,5.834666267037391663e-02,3.099275636486709118e-04,6.019148044288158417e-03,2.562060020864009857e-02,6.620799005031585693e-02,4.818856343626976013e-02,2.942181006073951721e-02,-6.938670575618743896e-02,-2.303369808942079544e-03,-4.212110489606857300e-02,5.120817199349403381e-02,9.812327474355697632e-02,9.086769819259643555e-02
3.322526216506958008e-01,3.244106173515319824e-01,5.174886584281921387e-01,3.161318600177764893e-01,-1.010798141360282898e-01,4.270125553011894226e-02,0.000000000000000000e+00,3.935850560665130615e-01,2.116266787052154541e-01,-2.523823454976081848e-02,2.947619557380676270e-01,2.570844292640686035e-01,3.923338055610656738e-01,3.387077748775482178e-01,3.842408359050750732e-01,3.816550225019454956e-02,1.362154912203550339e-02,1.358042955398559570e-01,4.691970646381378174e-01,3.767141103744506836e-01,-1.635144501924514771e-01,-1.450645327568054199e-01,4.577766358852386475e-01,3.149720728397369385e-01,-2.859098091721534729e-02,-1.695088744163513184e-01,3.824982047080993652e-02,-7.091372460126876831e-02,6.699446588754653931e-02,1.594848558306694031e-02,1.950291991233825684e-01,2.154730260372161865e-01,3.194288611412048340e-01,2.951651215553283691e-01,1.474153250455856323e-01,-1.225125323981046677e-02,-2.957807481288909912e-01,-4.678520858287811279e-01,-4.071187227964401245e-02,-3.074752390384674072e-01,-2.806536257266998291e-01,-1.777471005916595459e-01,-1.006654798984527588e-01,2.346870750188827515e-01,1.135965138673782349e-01,-3.200386837124824524e-02,-2.020007967948913574e-01,-2.008331418037414551e-01,-8.562982082366943359e-02,-1.229855716228485107e-01,-1.632809638977050781e-01,-2.141317874193191528e-01,-2.219063043594360352e-01,-2.038150280714035034e-01,-1.174899786710739136e-01,-3.113035261631011963e-01,2.366480678319931030e-01,3.359732776880264282e-02,-6.653227377682924271e-03,-3.220813274383544922e-01,4.087597131729125977e-01,6.208498775959014893e-02,3.240030109882354736e-01,2.372714728116989136e-01,5.471595525741577148e-01,6.027491763234138489e-02,1.180943325161933899e-01,3.567883372306823730e-02,9.187431633472442627e-02,6.718205660581588745e-02,3.530988991260528564e-01,3.750173449516296387e-01,3.396081328392028809e-01,3.134147524833679199e-01,1.126056909561157227e-01,1.168899685144424438e-01,1.611167937517166138e-01,2.333569973707199097e-01,8.005973696708679199e-02,9.261178970336914062e-02,7.466316968202590942e-02,-1.197045370936393738e-01,-1.214820221066474915e-01,3.806604072451591492e-02,9.828268736600875854e-02,-1.102702021598815918e-01,5.163701623678207397e-02,-8.125912398099899292e-02,8.025688678026199341e-02,-2.777373492717742920e-01,-1.625429242849349976e-01,-2.584879100322723389e-01,-1.979996711015701294e-01,-1.285064518451690674e-01,-2.467999160289764404e-01,1.333413925021886826e-02,-4.870470985770225525e-02,-1.005597412586212158e-01,-2.862567454576492310e-02,4.216936975717544556e-02,-2.675312012434005737e-02,5.856102332472801208e-03,2.642816305160522461e-02,-1.276308447122573853e-01,-2.536092652007937431e-03,-9.779465198516845703e-02,-1.582369506359100342e-01,-2.910136580467224121e-01,9.724491974338889122e-04,-1.089538484811782837e-01,-2.592137157917022705e-01,-1.516368389129638672e-01,-5.554052814841270447e-02,6.289803981781005859e-02,1.320906132459640503e-01,-2.260153926908969879e-02
4.641954600811004639e-02,1.155494675040245056e-01,1.336241215467453003e-01,1.588227450847625732e-01,1.209903322160243988e-02,-7.104334235191345215e-02,3.935850560665130615e-01,0.000000000000000000e+00,1.326426863670349121e-01,1.355235129594802856e-01,2.609261274337768555e-01,3.467311263084411621e-01,3.316356837749481201e-01,4.844389259815216064e-01,9.840165823698043823e-02,4.475560411810874939e-02,-1.739155203104019165e-01,-1.239747107028961182e-01,2.315730303525924683e-01,9.363204985857009888e-02,-7.661363482475280762e-02,-2.569321393966674805e-01,2.526190578937530518e-01,-3.357674553990364075e-02,-1.864760369062423706e-01,-2.411267310380935669e-01,-2.781121432781219482e-02,-1.387270390987396240e-01,-6.735779345035552979e-02,-1.698238588869571686e-02,-1.148786768317222595e-01,-5.211482197046279907e-02,2.508074343204498291e-01,2.444418519735336304e-01,3.039562106132507324e-01,2.076722979545593262e-01,-2.633367776870727539e-01,-2.105000168085098267e-01,-1.384137868881225586e-01,-2.226073592901229858e-01,-2.494272589683532715e-01,-2.243731617927551270e-01,6.346195936203002930e-02,2.814480066299438477e-01,6.589980795979499817e-03,4.394943639636039734e-02,-4.001969099044799805e-02,1.571950167417526245e-01,3.224418684840202332e-02,-1.684876531362533569e-01,1.936616003513336182e-01,5.942746624350547791e-02,9.887290000915527344e-02,1.267754137516021729e-01,-5.884855613112449646e-02,-8.531290292739868164e-02,3.788695484399795532e-02,2.315755784511566162e-01,1.120247617363929749e-01,4.271746054291725159e-02,3.493187725543975830e-01,4.418631792068481445e-01,6.668491661548614502e-02,2.084325253963470459e-01,3.922866284847259521e-01,2.157851606607437134e-01,1.440998464822769165e-01,-1.322967410087585449e-01,-1.680256277322769165e-01,3.644912317395210266e-02,9.297715872526168823e-02,1.891424953937530518e-01,8.604236692190170288e-02,7.617338746786117554e-02,6.768654286861419678e-02,1.215635463595390320e-01,-1.568500138819217682e-02,8.668806403875350952e-02,-1.926862299442291260e-01,3.288014605641365051e-02,-1.715267449617385864e-01,-1.599286943674087524e-01,-1.695261001586914062e-01,-1.621886193752288818e-01,4.892762377858161926e-02,3.091196343302726746e-02,-2.500324249267578125e-01,-1.813756078481674194e-01,1.317073404788970947e-02,-3.884721174836158752e-02,-2.187194824218750000e-01,-4.068062081933021545e-02,1.244995221495628357e-01,2.109988480806350708e-01,-3.492556214332580566e-01,-1.282501220703125000e-01,-1.840519160032272339e-01,-2.167638093233108521e-01,-2.728863358497619629e-01,-2.057668119668960571e-01,-6.411424279212951660e-02,1.746399849653244019e-01,-1.380756199359893799e-01,-1.915441006422042847e-01,-5.469623953104019165e-02,2.205010317265987396e-02,-4.364217221736907959e-01,-3.194328546524047852e-01,-2.792636305093765259e-02,-2.171684205532073975e-01,-1.863234043121337891e-01,-1.350576728582382202e-01,-4.348797351121902466e-02,-1.113299187272787094e-02,2.174402177333831787e-01,-1.681051701307296753e-01
3.883932158350944519e-02,-5.370049178600311279e-02,1.159212067723274231e-01,2.840370638296008110e-03,5.338739231228828430e-02,1.286735087633132935e-01,2.116266787052154541e-01,1.326426863670349121e-01,0.000000000000000000e+00,3.192463815212249756e-01,2.707262337207794189e-01,2.346286028623580933e-01,1.850212812423706055e-01,1.287475526332855225e-01,3.452875316143035889e-01,3.722925782203674316e-01,-6.915755569934844971e-03,4.290910437703132629e-02,1.127418130636215210e-01,-3.899617120623588562e-02,-3.419844061136245728e-02,8.917012065649032593e-02,3.196379840373992920e-01,1.437708586454391479e-01,2.194125503301620483e-01,2.315668910741806030e-01,2.765134871006011963e-01,1.586855798959732056e-01,3.063119202852249146e-02,3.387759253382682800e-02,9.059782326221466064e-02,1.810541749000549316e-01,1.343536078929901123e-01,6.006180122494697571e-02,-1.735948920249938965e-01,-1.458187550306320190e-01,-5.464572086930274963e-02,-2.359878569841384888e-01,-1.765001118183135986e-01,-1.190972551703453064e-01,-1.683111116290092468e-02,-1.572162061929702759e-01,-1.824870556592941284e-01,-1.048703268170356750e-01,-9.831817448139190674e-02,-1.894652396440505981e-01,-2.089252471923828125e-01,-1.640377640724182129e-01,-1.358179748058319092e-01,2.924099564552307129e-02,1.048424746841192245e-02,5.545947700738906860e-02,-7.737640291452407837e-02,-4.944452643394470215e-02,-1.278732530772686005e-02,-6.254845112562179565e-02,-8.670066297054290771e-02,-1.302681416273117065e-01,1.080762158380821347e-04,-1.285597085952758789e-01,2.746953666210174561e-01,6.857969611883163452e-02,2.234879136085510254e-01,1.835771799087524414e-01,2.238805294036865234e-01,-2.113694883882999420e-02,-2.286966890096664429e-01,-1.438626945018768311e-01,-1.435505002737045288e-01,-1.569557636976242065e-01,1.714857816696166992e-01,9.749321639537811279e-02,1.534189283847808838e-01,-9.618581086397171021e-02,5.080420151352882385e-02,-3.399826120585203171e-03,2.025817055255174637e-03,7.008569687604904175e-02,6.274762749671936035e-02,3.424830362200737000e-02,-5.224743112921714783e-02,-3.576207533478736877e-02,-1.133750453591346741e-01,-7.232967764139175415e-02,5.748818162828683853e-03,3.068581782281398773e-02,2.986264973878860474e-02,7.220925390720367432e-02,-3.173831105232238770e-02,-5.815831571817398071e-02,3.924152627587318420e-02,-6.869009137153625488e-02,1.723994500935077667e-02,3.549641370773315430e-02,-8.968946337699890137e-02,-1.328377574682235718e-01,-1.363503187894821167e-01,-1.267811059951782227e-01,5.210188217461109161e-03,9.891600906848907471e-02,-3.019065968692302704e-02,9.327707439661026001e-02,-1.003816649317741394e-01,-5.831907689571380615e-02,-5.561222508549690247e-02,-9.708816558122634888e-02,-7.944234460592269897e-02,-1.464275419712066650e-01,-1.350797861814498901e-01,1.133362576365470886e-02,-1.355384290218353271e-01,-1.701718717813491821e-01,-1.630571484565734863e-02,-9.041983634233474731e-02,-6.379206478595733643e-02,-2.677433006465435028e-02
-2.376341819763183594e-01,-2.686291635036468506e-01,-2.568570375442504883e-01,6.577103585004806519e-02,3.548125326633453369e-01,3.387247622013092041e-01,-2.523823454976081848e-02,1.355235129594802856e-01,3.192463815212249756e-01,0.000000000000000000e+00,3.276425898075103760e-01,3.823449313640594482e-01,3.136515617370605469e-01,1.780669987201690674e-01,1.617640852928161621e-01,5.946990847587585449e-01,7.056428492069244385e-02,-2.904763519763946533e-01,3.094564005732536316e-02,-2.406051605939865112e-01,-9.622998535633087158e-02,-5.868418887257575989e-02,1.530688703060150146e-01,3.127895668148994446e-02,3.610890209674835205e-01,2.502005398273468018e-01,2.676817178726196289e-01,4.192480444908142090e-02,1.399744302034378052e-01,-9.850848466157913208e-02,7.196589559316635132e-02,1.857046186923980713e-01,2.242743968963623047e-01,1.235706284642219543e-01,1.452889479696750641e-02,-3.702830895781517029e-02,-4.315205663442611694e-02,-4.479658976197242737e-02,-1.962059438228607178e-01,-7.397568784654140472e-03,-1.230606213212013245e-01,-3.359431326389312744e-01,1.689934581518173218e-01,1.969547569751739502e-01,9.313663840293884277e-02,-9.467457979917526245e-02,-2.357604540884494781e-02,6.618703156709671021e-02,1.593495011329650879e-01,-8.872012048959732056e-02,3.916819021105766296e-02,1.593425720930099487e-01,-6.363859772682189941e-02,3.750072717666625977e-01,-2.994275093078613281e-01,2.346376776695251465e-01,-2.598066329956054688e-01,-1.187898889183998108e-01,-1.691032201051712036e-01,5.272965505719184875e-02,2.493854239583015442e-02,3.099914789199829102e-01,9.491309523582458496e-02,-4.385173693299293518e-02,1.388449370861053467e-01,1.354289799928665161e-01,-2.640010118484497070e-01,-2.387696057558059692e-01,-3.094355463981628418e-01,-1.176820471882820129e-01,-1.251506805419921875e-01,1.735770702362060547e-01,1.336598396301269531e-01,6.221378222107887268e-03,-2.555818483233451843e-02,6.635963916778564453e-02,2.480830252170562744e-02,2.102321088314056396e-01,-1.290598213672637939e-01,3.415107131004333496e-01,-3.889976143836975098e-01,1.145580038428306580e-01,-1.645288057625293732e-02,1.262774616479873657e-01,-4.698969125747680664e-01,3.696421086788177490e-01,-3.474256694316864014e-01,2.465582489967346191e-01,-4.970129430294036865e-01,3.828685283660888672e-01,-2.304669171571731567e-01,1.549992859363555908e-01,3.382284566760063171e-02,3.651223182678222656e-01,-5.942118912935256958e-02,-1.039068326354026794e-01,-2.826504111289978027e-01,-5.571045726537704468e-02,-2.217887490987777710e-01,-9.409986436367034912e-02,-3.912875652313232422e-01,2.699277698993682861e-01,-4.567269980907440186e-01,3.751054778695106506e-02,-1.021996960043907166e-01,1.901001632213592529e-01,-1.784846335649490356e-01,5.433785915374755859e-02,2.098201774060726166e-02,4.096658155322074890e-02,-5.869238078594207764e-02,-1.427258700132369995e-01,-1.107230260968208313e-01,-6.092233583331108093e-02,1.639585494995117188e-01,-5.281618330627679825e-03
2.553976140916347504e-02,-5.522477999329566956e-02,-1.597296893596649170e-01,-6.195473670959472656e-02,1.684639751911163330e-01,-1.772409654222428799e-03,2.947619557380676270e-01,2.609261274337768555e-01,2.707262337207794189e-01,3.276425898075103760e-01,0.000000000000000000e+00,5.019479990005493164e-01,5.982818007469177246e-01,4.781589508056640625e-01,-2.034724503755569458e-02,2.900550067424774170e-01,3.437782227993011475e-01,-2.216420881450176239e-02,2.179664373397827148e-01,-7.537838816642761230e-02,-2.066773921251296997e-01,-2.064110636711120605e-01,1.018609702587127686e-01,-1.021293997764587402e-01,9.232558310031890869e-02,-3.442644700407981873e-02,2.116532325744628906e-01,-1.208949983119964600e-01,2.411266118288040161e-01,-7.573370635509490967e-02,-1.153614278882741928e-02,3.164978325366973877e-02,3.852403163909912109e-01,2.129698991775512695e-01,1.431515663862228394e-01,-2.552741765975952148e-02,-2.022879570722579956e-01,-1.193394735455513000e-01,-2.308104783296585083e-01,-2.309612333774566650e-01,-1.920277923345565796e-01,-3.571314215660095215e-01,2.530596852302551270e-01,3.905875682830810547e-01,2.814977765083312988e-01,1.021075025200843811e-01,-8.344927430152893066e-02,8.611200749874114990e-02,2.874639332294464111e-01,-1.952515989542007446e-01,1.484923511743545532e-01,1.868532747030258179e-01,-9.386459738016128540e-02,3.239793181419372559e-01,-2.074172347784042358e-01,1.365464031696319580e-01,-2.337065525352954865e-02,1.468576788902282715e-01,-5.404322594404220581e-02,-3.007083386182785034e-02,2.107999324798583984e-01,2.787837684154510498e-01,3.028915524482727051e-01,2.473160028457641602e-01,2.682335674762725830e-01,8.559794165194034576e-03,-9.572747349739074707e-02,-3.247471749782562256e-01,-2.884646654129028320e-01,1.403024792671203613e-01,9.270649403333663940e-02,2.245732545852661133e-01,2.707700431346893311e-01,2.138376086950302124e-01,-2.908346056938171387e-02,1.097753942012786865e-01,1.942277848720550537e-01,2.116096168756484985e-01,-5.757803469896316528e-02,3.920283913612365723e-01,-1.486475169658660889e-01,2.853654325008392334e-01,-8.943336457014083862e-02,-1.110322028398513794e-01,-2.884320020675659180e-01,2.868894338607788086e-01,-3.999426960945129395e-01,-9.421388804912567139e-02,-3.913100659847259521e-01,2.002253383398056030e-01,-3.345900177955627441e-01,-3.448953479528427124e-02,-4.377416148781776428e-02,3.513051569461822510e-01,-1.871633380651473999e-01,-1.106191724538803101e-01,-1.515820473432540894e-01,-1.008676588535308838e-01,-2.353318333625793457e-01,-3.398550301790237427e-02,-4.240905940532684326e-01,2.733159959316253662e-01,-3.912101686000823975e-01,-8.561617136001586914e-02,-1.491809189319610596e-01,1.354064047336578369e-01,-1.578684598207473755e-01,-1.134941726922988892e-01,-7.695397734642028809e-02,1.441049948334693909e-02,-1.663037836551666260e-01,-1.352829337120056152e-01,-1.485644280910491943e-01,8.201175369322299957e-03,2.100504636764526367e-01,-1.035836935043334961e-01
-1.115298271179199219e-02,-5.602806061506271362e-02,-1.768878698348999023e-01,-4.393325001001358032e-02,7.922664284706115723e-02,7.439472526311874390e-02,2.570844292640686035e-01,3.467311263084411621e-01,2.346286028623580933e-01,3.823449313640594482e-01,5.019479990005493164e-01,0.000000000000000000e+00,4.767668545246124268e-01,5.797180533409118652e-01,-9.799151681363582611e-03,2.847349345684051514e-01,1.375454813241958618e-01,-1.010769903659820557e-01,1.050468012690544128e-01,-1.579013615846633911e-01,-8.807051926851272583e-02,-1.749899536371231079e-01,1.423851847648620605e-01,-8.707844465970993042e-02,1.290996186435222626e-02,-1.520386338233947754e-01,6.285831332206726074e-02,-1.686512827873229980e-01,1.578608304262161255e-01,-5.220876634120941162e-02,-8.461860567331314087e-02,2.867498435080051422e-02,3.315403759479522705e-01,2.042086124420166016e-01,1.866456866264343262e-02,-1.380022019147872925e-01,-1.798169165849685669e-01,-1.284027844667434692e-01,-2.455716580152511597e-01,-1.187135875225067139e-01,-1.903387010097503662e-01,-2.949618399143218994e-01,3.957652673125267029e-02,2.585819065570831299e-01,3.583515807986259460e-02,-7.450065016746520996e-02,-2.341876924037933350e-01,-6.342563778162002563e-02,1.145899519324302673e-01,-2.036649882793426514e-01,2.223918139934539795e-01,2.473584711551666260e-01,-1.106113195419311523e-02,2.729257941246032715e-01,-1.337210237979888916e-01,1.151546984910964966e-01,-9.826241433620452881e-02,8.723702281713485718e-02,1.905354787595570087e-03,6.922839581966400146e-02,2.748965322971343994e-01,3.462730944156646729e-01,3.364147841930389404e-01,2.632691562175750732e-01,2.874284982681274414e-01,9.412339329719543457e-02,-2.852670550346374512e-01,-3.983930051326751709e-01,-3.743471205234527588e-01,-5.674510076642036438e-02,3.265004232525825500e-02,1.461300849914550781e-01,1.652320027351379395e-01,8.835344761610031128e-02,2.867478877305984497e-02,-1.389252580702304840e-02,8.486501127481460571e-02,2.048151195049285889e-01,-1.015813648700714111e-01,1.876967847347259521e-01,-2.572095990180969238e-01,1.359444260597229004e-01,-1.429761201143264771e-01,1.141143217682838440e-01,-2.572292983531951904e-01,3.674948513507843018e-01,-3.231592774391174316e-01,5.268948525190353394e-02,-2.879957258701324463e-01,2.028204202651977539e-01,-3.166018426418304443e-01,-9.582043439149856567e-02,1.718539185822010040e-02,3.390999436378479004e-01,-1.692406982183456421e-01,-1.907347142696380615e-01,-2.233999967575073242e-01,-1.283421814441680908e-01,-2.888641953468322754e-01,-1.733623296022415161e-01,-3.207094073295593262e-01,1.992535740137100220e-01,-4.144156277179718018e-01,-1.893444806337356567e-01,-8.935172110795974731e-02,1.500891745090484619e-01,-2.529086470603942871e-01,-6.877937912940979004e-02,-1.215106323361396790e-01,2.302872203290462494e-02,-2.580322325229644775e-01,-2.417873144149780273e-01,-2.025466561317443848e-01,-1.531603336334228516e-01,1.220889165997505188e-01,-1.089501827955245972e-01
-2.374424971640110016e-02,-1.608522087335586548e-01,-2.262502312660217285e-01,-1.170890927314758301e-01,2.826319336891174316e-01,-2.080875821411609650e-02,3.923338055610656738e-01,3.316356837749481201e-01,1.850212812423706055e-01,3.136515617370605469e-01,5.982818007469177246e-01,4.767668545246124268e-01,0.000000000000000000e+00,5.435764193534851074e-01,-2.353986352682113647e-02,3.700796067714691162e-01,2.677379548549652100e-01,-2.616024315357208252e-01,1.099778711795806885e-01,-2.206487953662872314e-01,-1.343420296907424927e-01,-1.721895039081573486e-01,1.417851448059082031e-01,-1.955224424600601196e-01,-7.141289114952087402e-02,-1.830044835805892944e-01,-5.378834158182144165e-02,-1.332394480705261230e-01,2.069000303745269775e-01,-1.405448466539382935e-01,-1.078729033470153809e-01,-1.593342632986605167e-03,3.860823512077331543e-01,1.400715261697769165e-01,1.053640469908714294e-01,-4.627097398042678833e-02,-1.416043639183044434e-01,-4.930092394351959229e-02,-1.485090106725692749e-01,-7.028223574161529541e-02,-9.640558063983917236e-02,-3.406725227832794189e-01,3.096093237400054932e-01,4.705203473567962646e-01,2.514754831790924072e-01,1.465615481138229370e-01,-7.411437481641769409e-02,1.598535329103469849e-01,3.275874257087707520e-01,-2.438788861036300659e-01,2.255695462226867676e-01,3.096137642860412598e-01,-4.466729611158370972e-02,4.653916358947753906e-01,-2.640911936759948730e-01,2.858478128910064697e-01,-1.113594919443130493e-01,4.871508479118347168e-02,2.126831002533435822e-02,9.684285521507263184e-02,2.800176143646240234e-01,4.057752788066864014e-01,1.962629407644271851e-01,-8.396624587476253510e-03,4.620355665683746338e-01,1.565590500831604004e-01,-1.547006219625473022e-01,-3.929687440395355225e-01,-3.751143515110015869e-01,-6.298876367509365082e-03,-1.348764356225728989e-02,2.227836996316909790e-01,2.220951169729232788e-01,1.194444820284843445e-01,-1.028215661644935608e-01,8.937742561101913452e-02,6.244558095932006836e-02,1.305012553930282593e-01,-1.986264735460281372e-01,3.885168731212615967e-01,-3.956083655357360840e-01,2.263031750917434692e-01,1.795915141701698303e-02,4.102843627333641052e-02,-3.642641007900238037e-01,4.331571757793426514e-01,-4.958112239837646484e-01,1.305503994226455688e-01,-4.110152721405029297e-01,3.802416920661926270e-01,-4.238933324813842773e-01,3.828738629817962646e-02,-3.881844505667686462e-02,4.730485975742340088e-01,-2.004296630620956421e-01,-1.328425407409667969e-01,-2.452958822250366211e-01,-2.610823325812816620e-02,-3.521736562252044678e-01,-1.609426736831665039e-01,-4.941500425338745117e-01,4.424868226051330566e-01,-4.950871765613555908e-01,-1.616990119218826294e-01,-2.110914140939712524e-01,1.958685815334320068e-01,-1.795790046453475952e-01,-1.210074275732040405e-01,-9.240203537046909332e-03,-1.550566218793392181e-02,-2.093243449926376343e-01,-1.558969318866729736e-01,-1.117301508784294128e-01,-4.869094584137201309e-03,2.687839865684509277e-01,-1.177816316485404968e-01
