0.000000000000000000e+00,4.069620966911315918e-01,5.243962258100509644e-02,9.249626845121383667e-02,1.468549817800521851e-01,1.588709205389022827e-01,3.675017505884170532e-02,9.872690588235855103e-02,1.777935177087783813e-01,1.774724423885345459e-01,4.896551966667175293e-01,3.594350218772888184e-01,3.575845658779144287e-01,1.844654381275177002e-01,7.005679607391357422e-02,7.479427009820938110e-02,6.201188266277313232e-02,9.949038922786712646e-02,3.692753016948699951e-01,3.954284489154815674e-01,-6.344671547412872314e-02,-1.488429214805364609e-02,-1.133167147636413574e-01,6.274150311946868896e-02,1.204304024577140808e-01,1.137554198503494263e-01,-7.252848148345947266e-02,3.176965564489364624e-02,-7.800965756177902222e-02,-1.161559447646141052e-01,-1.818712428212165833e-02,4.047780111432075500e-02,1.161176860332489014e-01,1.686254888772964478e-01,-6.265733391046524048e-02,-1.058964729309082031e-01,-2.225260287523269653e-01,-1.888627856969833374e-01,-2.154967933893203735e-01,-1.878434568643569946e-01,-1.101375520229339600e-01,-6.664936989545822144e-02,-1.430926918983459473e-01,-1.433032155036926270e-01,-1.379986107349395752e-01,-7.940793037414550781e-02,2.350714756175875664e-03,-5.206859484314918518e-02,-1.192960441112518311e-01,-1.177208200097084045e-01,9.096394293010234833e-03,-1.169835701584815979e-01,6.675298791378736496e-03,-8.260270208120346069e-02,-2.354563027620315552e-02,-1.016343086957931519e-01,4.309174418449401855e-01,3.877793550491333008e-01,2.240364849567413330e-01,2.691753804683685303e-01,3.344863653182983398e-01,6.272240728139877319e-02,1.668548882007598877e-01,1.196790784597396851e-01,-2.363103032112121582e-01,-2.765847742557525635e-01,-1.782605648040771484e-01,-1.727196872234344482e-01,3.730102479457855225e-01,2.495653033256530762e-01,1.497702896595001221e-01,1.722276657819747925e-01,2.745775878429412842e-01,1.833077818155288696e-01,-3.425696492195129395e-02,-6.187069043517112732e-02,4.840280488133430481e-02,9.018958359956741333e-02,7.131802290678024292e-02,-1.717602461576461792e-02,-3.045367822051048279e-02,-5.926361680030822754e-02,-2.003922015428543091e-01,-1.394765079021453857e-01,7.192413508892059326e-02,-3.260842338204383850e-02,-3.087386302649974823e-02,3.696428611874580383e-02,-4.332621023058891296e-02,-1.978438198566436768e-01,-1.294892132282257080e-01,-1.875739842653274536e-01,-9.440162032842636108e-02,-1.397165954113006592e-01,-1.691789031028747559e-01,6.344069261103868484e-03,-1.398278325796127319e-01,-6.126756593585014343e-02,-2.013747692108154297e-01,-9.958087466657161713e-03,4.626101627945899963e-02,-1.855345326475799084e-03,-1.077731996774673462e-01,-1.187085509300231934e-01,-2.402993291616439819e-01,-5.994204431772232056e-02,-1.088464632630348206e-01,5.038127768784761429e-03,1.335150301456451416e-01,-1.482750773429870605e-01,9.199377894401550293e-02,2.715173922479152679e-02,-2.524581551551818848e-01,9.084663540124893188e-02,1.435355693101882935e-01,-1.075753867626190186e-01
4.069620966911315918e-01,0.000000000000000000e+00,-1.468032747507095337e-01,1.631140708923339844e-01,-1.720446348190307617e-01,-4.159141331911087036e-02,-2.979887425899505615e-01,3.249211907386779785e-01,-1.264350861310958862e-01,1.522258203476667404e-02,2.597878575325012207e-01,5.581679344177246094e-01,1.523989737033843994e-01,2.684597969055175781e-01,8.505715429782867432e-02,2.265371829271316528e-01,3.165178298950195312e-01,2.867582142353057861e-01,5.309696793556213379e-01,5.355685353279113770e-01,5.450902506709098816e-02,2.097107283771038055e-02,-7.605227082967758179e-02,-1.427118480205535889e-01,-1.063146665692329407e-01,-6.109414622187614441e-02,2.349790371954441071e-02,3.360063210129737854e-02,1.824822574853897095e-01,-3.691985458135604858e-02,1.881193220615386963e-01,9.753145277500152588e-02,2.731995582580566406e-01,3.407175838947296143e-01,-2.329438626766204834e-01,-2.097820043563842773e-01,-2.868197858333587646e-01,-2.698846757411956787e-01,-1.935704499483108521e-01,-1.410589069128036499e-01,-1.980440914630889893e-01,-9.240427613258361816e-02,-2.242837101221084595e-01,-2.222852706909179688e-01,-2.391537725925445557e-01,-1.020924448966979980e-01,-5.976270511746406555e-02,-4.156343638896942139e-02,-1.637719720602035522e-01,-3.124329261481761932e-02,-2.032328546047210693e-01,-7.351072970777750015e-03,-8.543933928012847900e-02,2.684816420078277588e-01,-3.397567570209503174e-02,-9.039606899023056030e-02,5.060283541679382324e-01,6.747414469718933105e-01,5.895307287573814392e-02,1.980656385421752930e-01,1.062142848968505859e-02,1.327930539846420288e-01,3.159786164760589600e-01,3.708158433437347412e-01,-3.852023780345916748e-01,-3.004345893859863281e-01,-3.361193835735321045e-01,-2.316612750291824341e-01,4.523059129714965820e-01,3.393158912658691406e-01,1.359308958053588867e-01,3.707254230976104736e-01,2.231523245573043823e-01,1.573902517557144165e-01,-5.290768668055534363e-02,1.941043767146766186e-03,-4.513947293162345886e-02,2.386624068021774292e-01,-9.315680712461471558e-02,2.421110123395919800e-02,-6.438100337982177734e-02,7.936381548643112183e-02,-2.773282229900360107e-01,-3.210023790597915649e-02,-2.051293849945068359e-01,2.229556143283843994e-01,-1.118222847580909729e-01,-2.095474675297737122e-02,-3.295997977256774902e-01,9.848954528570175171e-02,-2.613590359687805176e-01,-6.735400110483169556e-02,-1.651825755834579468e-01,6.625518947839736938e-02,-2.069520503282546997e-01,3.837275318801403046e-03,-2.882505357265472412e-01,-6.779982149600982666e-02,-2.084720581769943237e-01,-1.223072037100791931e-01,-7.091647386550903320e-02,1.295432746410369873e-01,-9.040447324514389038e-02,3.381273895502090454e-02,-3.695505857467651367e-01,-9.373799897730350494e-03,-1.856492906808853149e-01,1.952370703220367432e-01,1.888044327497482300e-01,-2.310293167829513550e-01,-1.789968758821487427e-01,1.099461987614631653e-01,-2.753753662109375000e-01,1.531332880258560181e-01,1.484404057264328003e-01,-1.419955343008041382e-01
5.243962258100509644e-02,-1.468032747507095337e-01,0.000000000000000000e+00,4.164790213108062744e-01,1.472168415784835815e-01,3.963923081755638123e-02,6.173630952835083008e-01,1.457907110452651978e-01,1.458198726177215576e-01,1.411940306425094604e-01,5.440566316246986389e-02,-3.281129002571105957e-01,-1.032474637031555176e-01,-3.501520752906799316e-01,-7.076203078031539917e-02,-2.155385613441467285e-01,-2.763289511203765869e-01,-2.568109035491943359e-01,2.728243730962276459e-02,1.095280200242996216e-01,-7.373694796115159988e-03,-6.680817157030105591e-02,5.163406133651733398e-01,4.550722539424896240e-01,1.608951389789581299e-01,3.137432932853698730e-01,-1.807862967252731323e-01,-1.538777649402618408e-01,-1.274801045656204224e-01,-5.250126495957374573e-02,2.689080834388732910e-01,3.434472978115081787e-01,-5.757710710167884827e-02,-2.029812894761562347e-03,2.818033695220947266e-01,3.403030037879943848e-01,2.062285691499710083e-01,1.179789230227470398e-01,-1.178067699074745178e-01,-1.128856763243675232e-01,5.043955147266387939e-02,1.789962798357009888e-01,1.383890211582183838e-01,2.474036812782287598e-01,9.109350293874740601e-02,-1.159707270562648773e-02,1.475603878498077393e-01,1.393423527479171753e-01,1.176865175366401672e-01,7.701659947633743286e-02,2.437125891447067261e-01,3.806402906775474548e-02,-7.076936960220336914e-02,-1.308007687330245972e-01,-9.891706705093383789e-02,-8.351878076791763306e-02,-1.670888662338256836e-01,-1.882599890232086182e-01,4.405910521745681763e-02,-1.799196898937225342e-01,-1.428850833326578140e-02,-1.213999539613723755e-01,-4.467242360115051270e-01,-2.991839349269866943e-01,3.843624591827392578e-01,3.381301760673522949e-01,4.141650199890136719e-01,2.551815211772918701e-01,2.089679986238479614e-02,5.714334174990653992e-02,4.236479476094245911e-02,-1.774294115602970123e-02,1.093816086649894714e-01,1.893536746501922607e-01,9.003653377294540405e-02,6.922679394483566284e-02,1.694790422916412354e-01,6.801541149616241455e-02,-2.669200114905834198e-02,-1.988340467214584351e-01,-1.020726785063743591e-01,-1.143643334507942200e-01,-1.036459654569625854e-01,-1.137086004018783569e-01,4.000605642795562744e-02,-2.306067347526550293e-01,-1.547226905822753906e-01,6.034815683960914612e-02,-5.138792563229799271e-03,-2.881973087787628174e-01,1.266420334577560425e-01,3.895907104015350342e-02,1.118779927492141724e-01,-1.194368600845336914e-01,-2.379945963621139526e-01,1.046266183257102966e-01,-1.035225018858909607e-01,-3.462709486484527588e-02,-2.964132130146026611e-01,-1.922711171209812164e-02,1.678822003304958344e-02,-1.020045354962348938e-01,-2.096350640058517456e-01,-2.836731970310211182e-01,-1.062534153461456299e-01,-1.021704971790313721e-01,-5.984997004270553589e-02,-3.384874761104583740e-02,2.224777452647686005e-02,3.421252220869064331e-02,1.070615798234939575e-01,-2.430921234190464020e-02,-1.689756214618682861e-01,-1.947858184576034546e-01,-3.259816020727157593e-02,-2.377314418554306030e-01
9.249626845121383667e-02,1.631140708923339844e-01,4.164790213108062744e-01,0.000000000000000000e+00,-1.547771096229553223e-01,-1.214470788836479187e-01,4.648337066173553467e-01,6.610452532768249512e-01,-4.249243438243865967e-02,-1.036376133561134338e-01,1.034497022628784180e-01,-1.655245199799537659e-02,-1.815547049045562744e-02,-3.132021520286798477e-03,-1.972301155328750610e-01,-2.700593881309032440e-02,-1.761601865291595459e-01,-2.559404075145721436e-01,2.554849386215209961e-01,1.479532867670059204e-01,1.953774131834506989e-02,3.097488544881343842e-03,3.325153589248657227e-01,2.049270421266555786e-01,-1.916808784008026123e-01,-7.211863994598388672e-02,-6.991869211196899414e-02,-2.331264168024063110e-01,-9.491174668073654175e-02,-1.886126995086669922e-01,3.277170062065124512e-01,2.575315535068511963e-01,-5.187345668673515320e-02,2.660404331982135773e-02,1.899996101856231689e-01,2.484742850065231323e-01,1.256265789270401001e-01,1.466117948293685913e-01,-6.321941316127777100e-02,8.930353075265884399e-02,-4.494605213403701782e-02,1.486868262290954590e-01,8.148395270109176636e-02,2.293299734592437744e-01,-5.951565131545066833e-02,-1.092320829629898071e-01,4.281502217054367065e-02,5.675367265939712524e-02,-8.925236016511917114e-02,6.955898553133010864e-02,-2.260158583521842957e-02,9.106689132750034332e-03,-3.033246994018554688e-01,6.485126796178519726e-04,-1.381824165582656860e-01,7.514327019453048706e-02,-3.734574094414710999e-02,3.606617450714111328e-02,-4.200704023241996765e-02,-1.406889110803604126e-01,-1.209821403026580811e-01,5.351664125919342041e-02,-3.574275672435760498e-01,-2.494356185197830200e-01,2.109028398990631104e-01,3.582511842250823975e-01,1.792019605636596680e-01,2.657503485679626465e-01,2.561814896762371063e-02,8.190157264471054077e-02,1.942312717437744141e-02,2.258603274822235107e-01,8.951271325349807739e-02,3.292238339781761169e-02,-7.535438984632492065e-02,1.550600528717041016e-01,1.496213227510452271e-01,2.551575601100921631e-01,-2.115740031003952026e-01,-1.950606405735015869e-01,-1.980428844690322876e-01,2.780734002590179443e-02,-1.279089450836181641e-01,-2.473113872110843658e-02,-1.881887763738632202e-01,-3.456195816397666931e-02,-1.227525100111961365e-01,5.188577249646186829e-02,-2.503452301025390625e-01,1.104276478290557861e-01,-9.872560203075408936e-02,1.832099556922912598e-01,1.186897531151771545e-01,1.578638404607772827e-01,-2.652175128459930420e-01,3.373832255601882935e-02,-1.759641915559768677e-01,1.176774650812149048e-01,-1.554808616638183594e-01,1.353573501110076904e-01,-6.411475688219070435e-02,1.485087126493453979e-01,-1.123731881380081177e-01,-1.411267672665417194e-03,-1.548537611961364746e-01,-2.719578891992568970e-02,-1.505385041236877441e-01,5.347403138875961304e-02,1.521961688995361328e-01,-1.333442777395248413e-01,1.946129091084003448e-02,-3.211163356900215149e-02,-1.062686294317245483e-01,-9.344652295112609863e-02,-1.437478605657815933e-02,-1.875109672546386719e-01
1.468549817800521851e-01,-1.720446348190307617e-01,1.472168415784835815e-01,-1.547771096229553223e-01,0.000000000000000000e+00,6.162576675415039062e-01,2.581571042537689209e-01,-3.037550151348114014e-01,5.870898365974426270e-01,4.373424649238586426e-01,-3.767434507608413696e-03,-2.248057425022125244e-01,1.454580426216125488e-01,-2.988099157810211182e-01,1.770546883344650269e-01,-2.088808566331863403e-01,-2.550638318061828613e-01,-1.285007894039154053e-01,-1.877176463603973389e-01,-1.487542241811752319e-01,-5.135492607951164246e-02,5.087045952677726746e-02,3.857037425041198730e-02,4.681133925914764404e-01,7.039302587509155273e-01,5.176691412925720215e-01,2.056546062231063843e-01,3.787210285663604736e-01,-2.068577557802200317e-01,-2.485520392656326294e-01,-3.729335218667984009e-02,3.995997458696365356e-02,-1.128858420997858047e-02,4.842279106378555298e-02,7.499351352453231812e-02,-2.599557675421237946e-02,-1.360205858945846558e-01,-1.569768637418746948e-01,5.365739390254020691e-02,-5.669395625591278076e-02,-1.166865974664688110e-01,-2.285663187503814697e-01,-1.381124556064605713e-01,-2.087020128965377808e-01,-1.288452595472335815e-01,-1.333750486373901367e-01,-1.463011950254440308e-01,-1.922746896743774414e-01,-1.756336241960525513e-01,-3.474148213863372803e-01,-9.573322534561157227e-02,-3.177819848060607910e-01,2.870657444000244141e-01,-2.106622606515884399e-01,9.069955907762050629e-03,-1.382192820310592651e-01,-3.793599084019660950e-02,-1.115594729781150818e-01,2.553140521049499512e-01,5.964243039488792419e-02,2.642402648925781250e-01,1.819163933396339417e-02,-8.049544692039489746e-02,-3.776230663061141968e-02,2.769948728382587433e-02,-4.795983433723449707e-02,1.830293685197830200e-01,1.115006655454635620e-01,-6.937777251005172729e-02,1.678747981786727905e-01,2.629050314426422119e-01,-1.142066046595573425e-01,3.950163722038269043e-03,7.210348546504974365e-02,7.408756017684936523e-02,-1.828149259090423584e-01,1.067944839596748352e-01,-1.648284941911697388e-01,7.823126018047332764e-02,-1.404803991317749023e-01,-1.795241609215736389e-02,-2.502137124538421631e-01,-1.612268388271331787e-02,-2.503861486911773682e-01,3.450733125209808350e-01,-1.978256851434707642e-01,2.674650549888610840e-01,1.645291596651077271e-01,4.319238662719726562e-01,-3.118264973163604736e-01,-8.684705197811126709e-02,-3.735845386981964111e-01,-2.156655043363571167e-01,-3.834298849105834961e-01,1.170682683587074280e-01,-9.593434631824493408e-02,-1.456516887992620468e-02,-2.062398940324783325e-01,-1.451954990625381470e-01,-2.790710143744945526e-02,1.752545125782489777e-02,-1.091032288968563080e-02,2.010914087295532227e-01,-7.374249398708343506e-03,1.751689314842224121e-01,-2.274554409086704254e-02,5.608673021197319031e-02,-1.131715532392263412e-02,1.284503936767578125e-01,-1.098121032118797302e-01,-4.433910548686981201e-02,3.929396718740463257e-02,5.519467964768409729e-02,9.048773348331451416e-02,2.412701398134231567e-02,1.315378546714782715e-01
1.588709205389022827e-01,-4.159141331911087036e-02,3.963923081755638123e-02,-1.214470788836479187e-01,6.162576675415039062e-01,0.000000000000000000e+00,1.163545325398445129e-01,-1.714463680982589722e-01,4.688690900802612305e-01,4.141846597194671631e-01,7.246451079845428467e-02,-8.355181664228439331e-02,1.153149083256721497e-01,-8.650520443916320801e-02,1.259439885616302490e-01,-7.046106457710266113e-02,-1.150336042046546936e-01,-1.269770227372646332e-02,-5.664765834808349609e-02,-6.335668265819549561e-02,-1.021784916520118713e-02,3.084014542400836945e-02,-5.831977352499961853e-03,3.823480308055877686e-01,5.282414555549621582e-01,3.980524837970733643e-01,1.246580034494400024e-01,3.849439024925231934e-01,-1.669643074274063110e-01,-2.087980806827545166e-01,-2.551899477839469910e-02,4.843898490071296692e-02,5.462769046425819397e-02,1.517038792371749878e-01,2.936328575015068054e-02,-7.752233743667602539e-02,-2.361607998609542847e-01,-2.452304363250732422e-01,-1.439399900846183300e-03,-1.031156703829765320e-01,-2.033539712429046631e-01,-2.658384144306182861e-01,-2.321614325046539307e-01,-2.711408138275146484e-01,-2.149360179901123047e-01,-1.802188307046890259e-01,-1.785155981779098511e-01,-1.732087880373001099e-01,-2.061933428049087524e-01,-3.465242087841033936e-01,-1.572346538305282593e-01,-3.690597712993621826e-01,2.626895010471343994e-01,-1.687663793563842773e-01,2.588170347735285759e-03,-1.887512654066085815e-01,1.063456684350967407e-01,2.569225244224071503e-02,1.700982004404067993e-01,3.282544389367103577e-02,1.397948116064071655e-01,2.683958970010280609e-02,2.567315660417079926e-02,1.974304951727390289e-02,-1.253882497549057007e-01,-9.817474335432052612e-02,4.352769255638122559e-02,7.767803966999053955e-02,2.980155870318412781e-02,2.564175128936767578e-01,3.061205446720123291e-01,-2.160333469510078430e-02,1.776452548801898956e-02,8.699515461921691895e-02,4.101445153355598450e-02,-1.945246160030364990e-01,1.491614878177642822e-01,-1.053107604384422302e-01,-6.047461181879043579e-02,-9.141602367162704468e-02,2.135230042040348053e-02,-1.584178954362869263e-01,-9.030584990978240967e-02,-2.059371918439865112e-01,2.491538226604461670e-01,-1.299259066581726074e-01,1.674577742815017700e-01,1.672339290380477905e-01,3.432817459106445312e-01,-2.321662753820419312e-01,-5.616068840026855469e-02,-3.131146430969238281e-01,-1.928740590810775757e-01,-2.710954546928405762e-01,9.664414823055267334e-02,-1.208404749631881714e-01,-6.756132096052169800e-02,-1.976040899753570557e-01,-1.066875383257865906e-01,-2.199023775756359100e-02,2.783036790788173676e-02,-1.352242194116115570e-02,2.253013998270034790e-01,4.931889846920967102e-02,1.166675612330436707e-01,-3.472723811864852905e-02,4.266260936856269836e-02,-2.969525288790464401e-03,1.457116603851318359e-01,-1.650056391954421997e-01,-6.816346198320388794e-02,1.382684707641601562e-01,4.861453920602798462e-02,1.078213006258010864e-01,1.479389704763889313e-02,1.068785488605499268e-01
3.675017505884170532e-02,-2.979887425899505615e-01,6.173630952835083008e-01,4.648337066173553467e-01,2.581571042537689209e-01,1.163545325398445129e-01,0.000000000000000000e+00,2.045768350362777710e-01,3.517850935459136963e-01,1.053186599165201187e-02,5.602365359663963318e-02,-3.532330691814422607e-01,2.993112616240978241e-02,-2.839895188808441162e-01,-8.468721061944961548e-02,-3.242368400096893311e-01,-4.480644762516021729e-01,-3.655581474304199219e-01,-8.001543581485748291e-02,-1.508157849311828613e-01,-9.752051532268524170e-02,-8.237646520137786865e-02,3.752842545509338379e-01,4.601905643939971924e-01,2.045836448669433594e-01,1.897283196449279785e-01,-1.615797542035579681e-02,-5.113115534186363220e-02,-2.469007968902587891e-01,-2.694907188415527344e-01,2.474611252546310425e-01,3.005314469337463379e-01,-2.239800803363323212e-02,4.105653148144483566e-03,3.719488382339477539e-01,2.940821647644042969e-01,6.792490929365158081e-02,3.983081504702568054e-02,7.215013355016708374e-02,-5.283075384795665741e-03,-8.313205838203430176e-02,-3.344593942165374756e-02,9.953284263610839844e-02,1.509200781583786011e-01,-9.463269263505935669e-02,-1.972698867321014404e-01,-4.644821211695671082e-02,-4.293024539947509766e-02,-6.199301034212112427e-02,-1.445759534835815430e-01,6.171277537941932678e-02,-2.014054507017135620e-01,-2.675121650099754333e-02,-2.685723304748535156e-01,-3.816556930541992188e-02,-5.396360903978347778e-02,-1.903541386127471924e-01,-2.931923568248748779e-01,9.929624944925308228e-02,-2.260320037603378296e-01,1.656748205423355103e-01,-1.097657345235347748e-02,-4.597215056419372559e-01,-4.444848001003265381e-01,4.401148557662963867e-01,4.303468763828277588e-01,5.292450785636901855e-01,3.372019529342651367e-01,-1.773934066295623779e-01,-2.487531630322337151e-03,1.746916919946670532e-01,3.238155692815780640e-02,-4.752304404973983765e-02,-6.566572468727827072e-03,7.899770140647888184e-02,4.862828180193901062e-02,1.336313039064407349e-01,-1.681852154433727264e-02,-7.919158041477203369e-02,-2.486702799797058105e-01,-2.118450105190277100e-01,-2.185336798429489136e-01,-7.917867600917816162e-02,-2.818572223186492920e-01,3.236629441380500793e-02,-3.716608285903930664e-01,4.224089905619621277e-02,8.878337591886520386e-02,1.581912189722061157e-01,-2.576161324977874756e-01,5.959651991724967957e-02,-2.440208755433559418e-02,4.771767184138298035e-02,-6.894430518150329590e-02,9.747060947120189667e-03,-1.824201829731464386e-02,9.921642951667308807e-03,-4.464056342840194702e-02,-1.008958443999290466e-01,7.946229726076126099e-02,4.596699401736259460e-02,1.780997990863397717e-04,7.531212270259857178e-02,-3.030488267540931702e-02,1.784139722585678101e-01,3.489942848682403564e-02,2.508429624140262604e-02,-1.465001516044139862e-02,9.148932993412017822e-02,-5.548841878771781921e-02,1.164659336209297180e-01,8.110278286039829254e-03,8.804381638765335083e-02,-1.877021417021751404e-02,7.980877533555030823e-03,3.167156130075454712e-02
9.872690588235855103e-02,3.249211907386779785e-01,1.457907110452651978e-01,6.610452532768249512e-01,-3.037550151348114014e-01,-1.714463680982589722e-01,2.045768350362777710e-01,0.000000000000000000e+00,-1.569499820470809937e-01,-1.445105522871017456e-01,1.899293065071105957e-01,3.013518750667572021e-01,6.342142820358276367e-02,3.134030103683471680e-01,-8.609734475612640381e-02,2.324727177619934082e-01,8.933049975894391537e-04,-8.342751860618591309e-02,3.275193870067596436e-01,2.070343494415283203e-01,7.096689194440841675e-02,-6.314034014940261841e-02,1.320288926362991333e-01,-6.366053968667984009e-02,-3.884736597537994385e-01,-2.906821668148040771e-01,4.046197608113288879e-02,-1.591901034116744995e-01,4.477121680974960327e-02,-9.720860421657562256e-02,3.208385705947875977e-01,2.212253957986831665e-01,1.215118020772933960e-01,1.622162312269210815e-01,2.481002733111381531e-02,3.759932890534400940e-02,-6.054611504077911377e-02,-3.525896742939949036e-02,-5.341318994760513306e-02,-7.859979756176471710e-03,-1.624071300029754639e-01,5.779990181326866150e-02,-1.143493503332138062e-01,5.898597650229930878e-03,-2.384300678968429565e-01,-2.259586900472640991e-01,-1.154042035341262817e-01,-3.956828638911247253e-02,-2.183811813592910767e-01,2.443335577845573425e-02,-1.802193224430084229e-01,-4.172821715474128723e-02,-3.578932881355285645e-01,3.747155517339706421e-02,-1.406096369028091431e-01,-4.082660004496574402e-02,1.663966029882431030e-01,2.707961201667785645e-01,-1.691593527793884277e-01,-5.898979306221008301e-02,-9.100611507892608643e-02,2.882499396800994873e-01,-1.218896582722663879e-01,-2.682321704924106598e-02,3.265084698796272278e-03,2.021834254264831543e-01,-6.485285121016204357e-04,8.601886034011840820e-02,8.419561386108398438e-02,7.451879978179931641e-02,1.272047609090805054e-01,3.706609010696411133e-01,9.318280965089797974e-02,5.048828572034835815e-02,9.748584590852260590e-03,1.812407523393630981e-01,6.955699622631072998e-02,3.037729561328887939e-01,-1.932442635297775269e-01,-1.413732171058654785e-01,-1.991868168115615845e-01,5.260682478547096252e-02,-1.943247318267822266e-01,-5.854624137282371521e-02,-2.876982390880584717e-01,6.011233106255531311e-02,-1.453664600849151611e-01,-1.000039950013160706e-01,-3.653412759304046631e-01,1.222241967916488647e-01,-1.601983159780502319e-01,1.244513541460037231e-01,1.060658097267150879e-01,2.485359758138656616e-01,-2.113929837942123413e-01,1.467063277959823608e-02,-2.259076088666915894e-01,1.692820154130458832e-02,-1.135508492588996887e-01,1.026238407939672470e-02,-3.782790526747703552e-02,1.787435263395309448e-01,-6.471565365791320801e-02,9.768225252628326416e-02,-1.764419376850128174e-01,8.645877987146377563e-02,-5.602071434259414673e-02,1.860728859901428223e-01,1.310141086578369141e-01,-2.380526065826416016e-01,-1.009578183293342590e-01,7.577772438526153564e-02,-1.593675762414932251e-01,1.222080811858177185e-01,1.338198184967041016e-01,-1.320546716451644897e-01
1.777935177087783813e-01,-1.264350861310958862e-01,1.458198726177215576e-01,-4.249243438243865967e-02,5.870898365974426270e-01,4.688690900802612305e-01,3.517850935459136963e-01,-1.569499820470809937e-01,0.000000000000000000e+00,3.852787911891937256e-01,8.501165360212326050e-02,-1.959233433008193970e-01,1.496331393718719482e-01,-2.142068296670913696e-01,2.447430342435836792e-01,-2.073451429605484009e-01,-3.348208665847778320e-01,-1.508021801710128784e-01,-8.599326014518737793e-02,-1.708969622850418091e-01,-1.655900329351425171e-01,-1.461072862148284912e-01,1.460409909486770630e-01,3.512289524078369141e-01,5.064111351966857910e-01,3.728786706924438477e-01,1.800355464220046997e-01,3.087894916534423828e-01,-1.705171465873718262e-01,-3.090760707855224609e-01,-4.157335031777620316e-03,1.206145212054252625e-01,7.238213717937469482e-02,9.543175995349884033e-02,1.162739694118499756e-01,-1.382589433342218399e-02,-2.550019323825836182e-01,-2.459918409585952759e-01,-4.110404103994369507e-02,-1.807341277599334717e-01,-2.172580510377883911e-01,-2.943333089351654053e-01,-1.240688636898994446e-01,-2.465230077505111694e-01,-2.311366796493530273e-01,-1.825337707996368408e-01,-1.957966238260269165e-01,-1.611564904451370239e-01,-8.483398705720901489e-02,-2.295699417591094971e-01,-2.971808798611164093e-02,-2.641592323780059814e-01,2.176660448312759399e-01,-4.195794463157653809e-02,-5.077547580003738403e-02,-1.144463941454887390e-01,4.124568775296211243e-03,-4.839529469609260559e-02,2.915856242179870605e-01,1.492015719413757324e-01,3.684523403644561768e-01,1.754413098096847534e-01,-1.899790763854980469e-01,-2.039990425109863281e-01,9.931681305170059204e-02,4.522912576794624329e-02,2.089717239141464233e-01,2.112832292914390564e-02,-9.224003553390502930e-02,6.702612340450286865e-02,2.296284437179565430e-01,-5.487434566020965576e-03,-6.899471580982208252e-02,-1.115729883313179016e-01,7.326690852642059326e-02,-1.558816283941268921e-01,3.160293400287628174e-02,-1.415662467479705811e-01,-7.157752662897109985e-02,-1.353591680526733398e-01,-1.846067458391189575e-01,-3.335830271244049072e-01,-1.434334814548492432e-01,-3.439718186855316162e-01,1.472499966621398926e-01,-3.010378479957580566e-01,1.348666846752166748e-01,1.934676058590412140e-02,1.957515627145767212e-01,-2.111839652061462402e-01,7.823872566223144531e-02,-6.541454046964645386e-02,-6.301444768905639648e-02,-1.116238012909889221e-01,8.135058730840682983e-02,-1.263824664056301117e-02,-3.374959528446197510e-02,-2.529223263263702393e-01,-7.499941438436508179e-02,9.975281544029712677e-03,1.794130504131317139e-01,7.157219201326370239e-02,1.609955430030822754e-01,2.252927422523498535e-02,1.620043516159057617e-01,5.037276819348335266e-02,6.031525135040283203e-02,9.406105428934097290e-02,5.292259529232978821e-02,-2.788252532482147217e-01,-7.347035408020019531e-02,1.208178400993347168e-01,1.144541874527931213e-01,1.338960975408554077e-01,5.541194230318069458e-02,1.825259774923324585e-01
1.774724423885345459e-01,1.522258203476667404e-02,1.411940306425094604e-01,-1.036376133561134338e-01,4.373424649238586426e-01,4.141846597194671631e-01,1.053186599165201187e-02,-1.445105522871017456e-01,3.852787911891937256e-01,0.000000000000000000e+00,1.029143705964088440e-01,-1.151354834437370300e-01,2.113930322229862213e-02,-1.641516983509063721e-01,1.374299228191375732e-01,1.038502529263496399e-01,-2.042576968669891357e-01,-2.255415767431259155e-01,-7.787740975618362427e-02,8.060894906520843506e-02,-7.791025191545486450e-02,-7.006610184907913208e-02,1.636835485696792603e-01,1.670380979776382446e-01,3.452663421630859375e-01,3.999864459037780762e-01,-4.404304921627044678e-02,3.111954219639301300e-02,-2.680318355560302734e-01,-1.907475888729095459e-01,-2.346831560134887695e-01,-7.124555855989456177e-02,-1.316520869731903076e-01,-1.204017363488674164e-02,-1.344278305768966675e-01,-1.240909472107887268e-01,-6.399199366569519043e-02,-1.026488617062568665e-01,-3.389115333557128906e-01,-3.864356875419616699e-01,-1.573510654270648956e-02,-7.279081642627716064e-02,1.658066734671592712e-02,-8.133715391159057617e-02,-2.582289092242717743e-02,4.787262901663780212e-02,9.976173192262649536e-02,1.382571458816528320e-01,1.404013931751251221e-01,1.154447868466377258e-01,2.836578190326690674e-01,9.774369001388549805e-02,1.788360178470611572e-01,1.183056831359863281e-01,-4.622445628046989441e-02,-9.324711561203002930e-02,-1.688588038086891174e-02,8.222132176160812378e-02,1.804466992616653442e-01,3.279029726982116699e-01,1.208343878388404846e-01,1.711922138929367065e-01,-1.300239115953445435e-01,-7.169585675001144409e-02,-7.503896206617355347e-02,-1.211980208754539490e-01,-1.112767830491065979e-01,-7.561556994915008545e-02,1.395280659198760986e-01,1.168537661433219910e-01,-1.181339751929044724e-02,-1.643065065145492554e-01,-4.185081645846366882e-02,-6.095936521887779236e-02,-8.554057218134403229e-03,-2.057942450046539307e-01,1.560617238283157349e-01,5.722000729292631149e-03,-5.760512501001358032e-02,-2.100081592798233032e-01,-5.142874270677566528e-02,-3.008104860782623291e-01,-1.875848472118377686e-01,-8.471423387527465820e-02,1.448503732681274414e-01,-8.875169605016708374e-02,-1.844195127487182617e-01,-1.920469850301742554e-01,-5.982880294322967529e-02,-2.114831805229187012e-01,2.615556418895721436e-01,3.375338762998580933e-02,2.319931238889694214e-01,-5.418682098388671875e-02,-2.013237178325653076e-01,1.726275980472564697e-01,-1.685724556446075439e-01,-1.376229971647262573e-01,-1.392782479524612427e-01,-1.019316623569466174e-04,2.035498023033142090e-01,-1.565093994140625000e-01,-2.141086608171463013e-01,-2.983385026454925537e-01,-1.643485724925994873e-01,-1.846631467342376709e-01,5.103517323732376099e-02,-8.812189102172851562e-03,8.275460451841354370e-02,-1.040545925498008728e-01,8.942472934722900391e-02,1.467591673135757446e-01,-1.731847971677780151e-01,-7.350182533264160156e-02,-1.783761940896511078e-02,-9.492040425539016724e-02
4.896551966667175293e-01,2.597878575325012207e-01,5.440566316246986389e-02,1.034497022628784180e-01,-3.767434507608413696e-03,7.246451079845428467e-02,5.602365359663963318e-02,1.899293065071105957e-01,8.501165360212326050e-02,1.029143705964088440e-01,0.000000000000000000e+00,4.173991680145263672e-01,4.959955513477325439e-01,3.764178156852722168e-01,2.367036044597625732e-01,2.708618342876434326e-01,6.900229305028915405e-02,8.480146527290344238e-02,3.846391737461090088e-01,2.921346426010131836e-01,4.055004939436912537e-02,-8.948845416307449341e-02,-6.165727972984313965e-02,-1.201577135361731052e-03,-5.663050711154937744e-02,5.773396696895360947e-03,4.010551422834396362e-02,6.104775518178939819e-02,1.835178397595882416e-02,3.403609618544578552e-02,-3.511362150311470032e-02,1.030943989753723145e-01,1.108193621039390564e-01,1.432225704193115234e-01,-1.301743835210800171e-01,-2.061466574668884277e-01,-1.731284111738204956e-01,-1.529902219772338867e-01,-9.321574121713638306e-02,-1.318240910768508911e-01,-1.735066622495651245e-02,-3.044032864272594452e-02,-1.582234203815460205e-01,-1.521243005990982056e-01,-1.624139845371246338e-01,-7.695623487234115601e-02,-1.603237241506576538e-01,-1.318957954645156860e-01,-1.817300617694854736e-01,-1.866325885057449341e-01,-1.358480751514434814e-01,-2.123286128044128418e-01,-1.694657057523727417e-01,2.587969042360782623e-02,-1.407371163368225098e-01,-1.886920481920242310e-01,2.316771447658538818e-01,2.520561218261718750e-01,3.580754995346069336e-02,7.387276738882064819e-02,9.194110333919525146e-02,1.904894858598709106e-01,5.821766704320907593e-02,-2.219848893582820892e-02,-1.624805778264999390e-01,-1.681626737117767334e-01,-2.888061702251434326e-01,-2.309087514877319336e-01,9.176676720380783081e-02,1.625197827816009521e-01,1.611601710319519043e-01,2.345233410596847534e-01,2.133394777774810791e-01,1.096034422516822815e-01,4.844679497182369232e-03,8.055327087640762329e-02,1.112778298556804657e-02,1.546542942523956299e-01,1.578078418970108032e-02,1.845882646739482880e-02,6.119475886225700378e-02,1.082956194877624512e-01,-4.830133169889450073e-02,-4.798011854290962219e-02,1.138427183032035828e-01,1.223809346556663513e-01,4.543090984225273132e-02,-2.107895165681838989e-02,-1.499672532081604004e-01,-7.045513391494750977e-02,-1.559202522039413452e-01,-7.815387845039367676e-02,-2.371557801961898804e-02,1.693318411707878113e-02,-9.200337529182434082e-02,-5.829913169145584106e-02,-1.648048013448715210e-01,-1.424767971038818359e-01,-1.917490363121032715e-01,-1.084663867950439453e-01,3.026770241558551788e-02,1.066772714257240295e-01,-7.300696521997451782e-02,-5.385345313698053360e-03,-1.399041712284088135e-01,1.533699873834848404e-02,-5.525324959307909012e-04,2.302535176277160645e-01,-3.776453062891960144e-02,-1.612218469381332397e-01,-2.305724425241351128e-03,-2.290306426584720612e-02,-2.142116427421569824e-01,1.758789569139480591e-01,1.747910976409912109e-01,-2.363366074860095978e-02
3.594350218772888184e-01,5.581679344177246094e-01,-3.281129002571105957e-01,-1.655245199799537659e-02,-2.248057425022125244e-01,-8.355181664228439331e-02,-3.532330691814422607e-01,3.013518750667572021e-01,-1.959233433008193970e-01,-1.151354834437370300e-01,4.173991680145263672e-01,0.000000000000000000e+00,3.958928287029266357e-01,5.409446954727172852e-01,8.558318018913269043e-02,3.251180946826934814e-01,3.597160875797271729e-01,3.391835391521453857e-01,4.209361076354980469e-01,4.292885363101959229e-01,2.060800045728683472e-02,-6.425257027149200439e-02,-2.155729085206985474e-01,-2.674906253814697266e-01,-1.844539493322372437e-01,-1.800013482570648193e-01,1.601852178573608398e-01,1.591800451278686523e-01,2.269588857889175415e-01,6.674944609403610229e-02,1.317767500877380371e-01,7.727845013141632080e-02,3.804083764553070068e-01,3.846106529235839844e-01,-2.593944668769836426e-01,-3.387024998664855957e-01,-4.102588891983032227e-01,-3.555871248245239258e-01,-6.940368562936782837e-02,-1.353331208229064941e-01,-2.257745265960693359e-01,-2.075222283601760864e-01,-2.910918593406677246e-01,-2.782334685325622559e-01,-3.068296313285827637e-01,-1.743096113204956055e-01,-2.285215705633163452e-01,-1.950736045837402344e-01,-2.738456130027770996e-01,-1.547292917966842651e-01,-2.710853815078735352e-01,-1.015904098749160767e-01,-9.065919369459152222e-02,1.042902991175651550e-01,5.170576646924018860e-02,-1.087338700890541077e-01,5.100352764129638672e-01,6.152446866035461426e-01,4.157204553484916687e-02,2.082642614841461182e-01,1.114037483930587769e-01,2.502402365207672119e-01,4.480560123920440674e-01,4.462895095348358154e-01,-4.718575477600097656e-01,-3.619674146175384521e-01,-3.978703022003173828e-01,-3.205235600471496582e-01,2.811524271965026855e-01,2.638984024524688721e-01,2.011540979146957397e-01,3.829009830951690674e-01,1.846514940261840820e-01,1.752237528562545776e-01,6.060193292796611786e-03,1.096931919455528259e-01,-7.033311575651168823e-02,2.482032626867294312e-01,-1.761205680668354034e-02,8.441261202096939087e-02,-4.188119247555732727e-02,1.199570149183273315e-01,-2.404790818691253662e-01,-1.376309841871261597e-01,-2.322063446044921875e-01,1.724212467670440674e-01,2.390192449092864990e-02,-1.422331929206848145e-01,-2.230101525783538818e-01,3.943545743823051453e-02,-2.660377025604248047e-01,-2.000643908977508545e-01,-1.826927363872528076e-01,3.147310018539428711e-02,-5.660461261868476868e-02,-9.312410652637481689e-02,-2.306657731533050537e-01,-1.895049363374710083e-01,-7.874658703804016113e-02,-1.553418636322021484e-01,-9.711001813411712646e-02,1.649381518363952637e-01,4.789640381932258606e-02,1.305007636547088623e-01,-1.240524277091026306e-01,2.057795673608779907e-01,-4.808111488819122314e-02,2.752686738967895508e-01,7.293592393398284912e-02,-2.898844778537750244e-01,-2.479991018772125244e-01,1.298506110906600952e-01,-1.440319269895553589e-01,4.113770723342895508e-01,3.260042369365692139e-01,-1.915265806019306183e-03
3.575845658779144287e-01,1.523989737033843994e-01,-1.032474637031555176e-01,-1.815547049045562744e-02,1.454580426216125488e-01,1.153149083256721497e-01,2.993112616240978241e-02,6.342142820358276367e-02,1.496331393718719482e-01,2.113930322229862213e-02,4.959955513477325439e-01,3.958928287029266357e-01,0.000000000000000000e+00,3.694885075092315674e-01,3.651418089866638184e-01,1.642594039440155029e-01,2.715020440518856049e-02,1.455352753400802612e-01,9.090948849916458130e-03,3.581999568268656731e-03,6.622587144374847412e-02,-3.022255608811974525e-03,-2.066462785005569458e-01,6.720323860645294189e-02,1.324762254953384399e-01,1.376009825617074966e-02,1.931313723325729370e-01,2.410751432180404663e-01,-3.387061133980751038e-02,5.808332934975624084e-03,-1.595387160778045654e-01,-9.873230010271072388e-02,1.364449858665466309e-01,5.554868280887603760e-02,-1.493135392665863037e-01,-2.248617857694625854e-01,-2.478446960449218750e-01,-2.157278060913085938e-01,7.275512814521789551e-02,3.436692059040069580e-02,-3.715377300977706909e-02,-5.413411557674407959e-02,-1.352088153362274170e-01,-2.104222625494003296e-01,-1.285395473241806030e-01,-2.676851674914360046e-02,-3.119508624076843262e-01,-3.313659429550170898e-01,-2.467740029096603394e-01,-2.388633042573928833e-01,-1.886731088161468506e-01,-1.828163713216781616e-01,1.098555047065019608e-03,-5.448332056403160095e-03,-7.395569980144500732e-02,2.266147918999195099e-02,6.047673895955085754e-02,2.004047632217407227e-01,3.126758337020874023e-01,2.786939740180969238e-01,3.301917016506195068e-01,2.767489254474639893e-01,1.404090225696563721e-01,2.019850313663482666e-01,-2.974182367324829102e-02,-1.660022069700062275e-03,-2.484319359064102173e-01,-1.594205349683761597e-01,-1.257195919752120972e-01,7.097109407186508179e-02,6.673035770654678345e-02,1.783677935600280762e-01,8.119033277034759521e-02,-7.038696855306625366e-02,-4.404179006814956665e-02,4.931647330522537231e-02,-1.259060949087142944e-01,1.033562794327735901e-01,-3.587356209754943848e-02,1.107699871063232422e-01,4.002227447926998138e-03,1.865284889936447144e-01,1.125281676650047302e-01,-4.887987300753593445e-02,1.812477409839630127e-01,1.989223659038543701e-01,3.723460435867309570e-01,1.236740425229072571e-01,4.651608318090438843e-02,1.448809057474136353e-01,-3.129256665706634521e-01,-2.460739612579345703e-01,-2.556779980659484863e-01,-1.180414780974388123e-01,1.426756754517555237e-02,-3.015514612197875977e-01,-2.428596764802932739e-01,-2.904940247535705566e-01,-2.550362050533294678e-01,-1.511323451995849609e-01,-7.010884582996368408e-02,1.593680232763290405e-01,6.747149676084518433e-02,6.579444557428359985e-02,7.871960289776325226e-03,2.430911175906658173e-02,-1.286172568798065186e-01,1.151018366217613220e-01,-1.525295823812484741e-01,-1.712855100631713867e-01,-2.185826003551483154e-01,-1.511742621660232544e-01,-3.139203414320945740e-02,2.423500865697860718e-01,1.677437573671340942e-01,2.125126309692859650e-02
