0.000000000000000000e+00,2.746973931789398193e-01,4.420979619026184082e-01,2.236243933439254761e-01,4.898979887366294861e-02,-2.857057563960552216e-02,4.998440444469451904e-01,2.844181358814239502e-01,3.339999914169311523e-01,-2.054037898778915405e-02,4.602901935577392578e-01,-1.567805558443069458e-02,4.600782394409179688e-01,4.621972795575857162e-03,3.185240626335144043e-01,-3.134717792272567749e-02,-2.013393491506576538e-01,-3.069496452808380127e-01,5.797529816627502441e-01,4.393004179000854492e-01,-2.841481864452362061e-01,-3.008478283882141113e-01,8.014628291130065918e-02,-3.378270566463470459e-02,-5.928168073296546936e-02,-9.677512198686599731e-02,6.589781492948532104e-02,-4.936415702104568481e-02,5.858259275555610657e-02,-3.545759012922644615e-03,-2.539847493171691895e-01,-9.756286442279815674e-02,3.175114393234252930e-01,5.199010297656059265e-02,4.468009248375892639e-02,-2.252375185489654541e-01,-3.771210834383964539e-02,-2.536927461624145508e-01,1.491572521626949310e-02,1.746156364679336548e-01,-1.973766274750232697e-02,-1.945389062166213989e-01,-6.255098432302474976e-02,4.832616820931434631e-02,-6.342695653438568115e-02,-2.450250461697578430e-02,-1.450925916433334351e-01,-3.324454724788665771e-01,-8.740480244159698486e-02,-9.624490886926651001e-02,8.587980642914772034e-03,-3.876739367842674255e-02,-1.413189768791198730e-01,-1.800845861434936523e-01,-1.133968234062194824e-01,-6.887502968311309814e-02,3.240231573581695557e-01,2.735775411128997803e-01,4.913032650947570801e-01,2.831545770168304443e-01,5.556423068046569824e-01,8.196131139993667603e-02,-4.088249430060386658e-02,-1.600003689527511597e-01,1.715588867664337158e-01,-2.567079663276672363e-01,1.159433349967002869e-01,-3.092442825436592102e-02,4.543596506118774414e-01,4.215910136699676514e-01,2.650718390941619873e-01,1.994121372699737549e-01,2.958503961563110352e-01,3.205314874649047852e-01,1.911717951297760010e-01,1.926333010196685791e-01,3.321242034435272217e-01,3.297938406467437744e-01,-2.086645811796188354e-01,9.790072590112686157e-02,-2.204117923974990845e-01,-2.209212481975555420e-01,-2.446949779987335205e-01,-1.138824895024299622e-01,1.842667534947395325e-02,-2.170239388942718506e-01,3.281384333968162537e-02,2.224049903452396393e-02,-1.087277978658676147e-01,-2.601193822920322418e-02,-3.434662222862243652e-01,-1.620040684938430786e-01,-4.391154646873474121e-01,-7.028421014547348022e-02,-2.221915423870086670e-01,-1.187151297926902771e-01,4.420091398060321808e-03,-5.803241208195686340e-02,-8.289436995983123779e-02,1.969492137432098389e-01,1.660828590393066406e-01,1.671085059642791748e-01,5.011821910738945007e-02,1.055694073438644409e-01,2.232773415744304657e-02,2.485924027860164642e-02,9.110836684703826904e-02,1.962129324674606323e-01,-1.072573661804199219e-01,-3.651872575283050537e-01,-2.946853041648864746e-01,-1.601437926292419434e-01,9.421762079000473022e-02,1.733184754848480225e-01,-1.574279181659221649e-02,-2.838204503059387207e-01
2.746973931789398193e-01,0.000000000000000000e+00,4.337891936302185059e-02,3.063148856163024902e-01,6.861078739166259766e-02,1.252149939537048340e-01,2.698658220469951630e-02,1.720222681760787964e-01,-5.461747944355010986e-02,-3.022506088018417358e-02,-6.755758821964263916e-02,1.940630376338958740e-01,-7.386674731969833374e-02,1.492246687412261963e-01,-8.038411289453506470e-02,-5.042758584022521973e-02,1.461840271949768066e-01,2.021867483854293823e-01,2.945784032344818115e-01,5.953697562217712402e-01,-1.790049374103546143e-01,-2.651622593402862549e-01,8.232116699218750000e-02,2.465467303991317749e-01,5.483300611376762390e-02,-4.270683228969573975e-02,-1.416157037019729614e-01,-7.553262636065483093e-03,7.250875979661941528e-02,5.720605701208114624e-02,-2.197933755815029144e-02,1.837234497070312500e-01,2.904434502124786377e-01,3.814873397350311279e-01,3.521831706166267395e-03,-1.159950792789459229e-01,-1.688493788242340088e-01,-3.787465691566467285e-01,-7.439869642257690430e-02,-8.401576429605484009e-02,-6.090354919433593750e-02,7.725352048873901367e-02,7.171839475631713867e-03,1.534076482057571411e-01,1.142617911100387573e-01,3.845903575420379639e-01,4.491529241204261780e-02,4.729370400309562683e-02,2.866515517234802246e-01,2.232279032468795776e-01,1.307402849197387695e-01,3.765071928501129150e-02,1.094383820891380310e-01,1.411263942718505859e-01,2.079967968165874481e-02,-4.710624739527702332e-02,6.275379657745361328e-01,6.890855431556701660e-01,1.573599725961685181e-01,1.288439631462097168e-01,1.184700652956962585e-01,-9.407600015401840210e-02,3.755113184452056885e-01,3.890515565872192383e-01,-1.825761646032333374e-01,-3.461422920227050781e-01,-1.165532767772674561e-01,7.558421045541763306e-02,2.826740443706512451e-01,4.788996577262878418e-01,7.923451811075210571e-02,-3.455632831901311874e-04,3.896419107913970947e-01,4.860400259494781494e-01,1.416501104831695557e-01,1.763023287057876587e-01,3.345654308795928955e-01,3.886412382125854492e-01,-5.563418194651603699e-02,1.655561849474906921e-02,1.851047724485397339e-01,3.123398721218109131e-01,-2.014392018318176270e-01,3.036977257579565048e-03,-3.196202218532562256e-02,2.617239952087402344e-01,-1.179753020405769348e-01,4.718811437487602234e-02,-3.241641819477081299e-01,4.653310403227806091e-02,-4.014074504375457764e-01,-3.140740096569061279e-01,-3.819884061813354492e-01,-3.911836743354797363e-01,-3.407092094421386719e-01,-1.870766878128051758e-01,-1.206537634134292603e-01,-1.382436752319335938e-01,5.868223682045936584e-02,-1.784411668777465820e-01,7.180905342102050781e-02,1.282874029129743576e-02,9.731556475162506104e-02,1.355435466393828392e-03,-1.219798699021339417e-01,-1.174999177455902100e-01,7.103876024484634399e-02,1.327432543039321899e-01,-1.969826817512512207e-01,-4.287626743316650391e-01,-2.729374468326568604e-01,-1.860615164041519165e-01,-1.047500222921371460e-02,6.530138850212097168e-02,-9.050887823104858398e-02,-2.900200486183166504e-01
4.420979619026184082e-01,4.337891936302185059e-02,0.000000000000000000e+00,3.254979550838470459e-01,2.720382809638977051e-01,-1.674260571599006653e-02,7.575032114982604980e-01,2.573931962251663208e-02,2.875080406665802002e-01,-7.257404923439025879e-02,2.021641284227371216e-01,-4.449256360530853271e-01,3.610567748546600342e-01,-1.700407415628433228e-01,2.608472108840942383e-01,-2.414457686245441437e-02,-2.437654584646224976e-01,-2.160395085811614990e-01,3.904218971729278564e-01,1.952450424432754517e-01,-2.630232572555541992e-01,-2.824303507804870605e-01,4.479955732822418213e-01,3.880960345268249512e-01,3.192215263843536377e-01,2.920155823230743408e-01,1.788690835237503052e-01,9.877204895019531250e-02,-3.483209758996963501e-02,-1.368806213140487671e-01,-7.946743816137313843e-02,1.568258106708526611e-01,3.476018607616424561e-01,-9.999671019613742828e-03,4.050942063331604004e-01,5.818156898021697998e-02,2.420768141746520996e-02,-9.006268531084060669e-02,-1.108273863792419434e-02,1.247838214039802551e-01,-7.627777755260467529e-02,-1.565723270177841187e-01,4.454638808965682983e-02,5.502128601074218750e-02,1.130325868725776672e-01,-3.311718255281448364e-02,-5.899875238537788391e-02,-2.096973657608032227e-01,-5.320695042610168457e-02,-1.816169023513793945e-01,-4.879202693700790405e-02,-2.134000211954116821e-01,-1.958696544170379639e-01,-3.427474200725555420e-01,-1.116312965750694275e-01,-1.167631894350051880e-01,1.727527081966400146e-01,7.533402740955352783e-02,8.915779739618301392e-02,-1.378104388713836670e-01,9.896513819694519043e-02,-1.102667152881622314e-01,-1.653988361358642578e-01,-3.873330950736999512e-01,5.052762031555175781e-01,1.455717533826828003e-01,4.061035811901092529e-01,4.928609728813171387e-02,3.471414744853973389e-01,3.214560449123382568e-01,2.287603467702865601e-01,1.477596610784530640e-01,9.557908028364181519e-02,4.376804828643798828e-02,1.251675933599472046e-01,-5.363863892853260040e-03,2.420435398817062378e-01,1.229132488369941711e-01,-1.881477534770965576e-01,3.989145532250404358e-02,-1.994137763977050781e-01,-2.450600415468215942e-01,-1.993035525083541870e-01,-2.154033333063125610e-01,-1.592289470136165619e-02,-3.842183351516723633e-01,9.399591386318206787e-02,-4.816051200032234192e-02,-3.062366135418415070e-02,-3.388355970382690430e-01,-1.515290439128875732e-01,-4.832825437188148499e-02,-2.625525295734405518e-01,2.120962738990783691e-01,-1.793469786643981934e-01,-1.392281949520111084e-01,3.778730705380439758e-02,-5.172672867774963379e-02,-2.571407556533813477e-01,1.266696155071258545e-01,3.096502088010311127e-02,2.158494144678115845e-01,5.895181372761726379e-02,1.579247862100601196e-01,9.597232192754745483e-02,1.023343056440353394e-01,-5.617293994873762131e-03,9.740997850894927979e-02,-1.250274032354354858e-01,-3.057671189308166504e-01,-2.667766809463500977e-01,-9.690054506063461304e-02,1.610097736120223999e-01,1.758677810430526733e-01,1.304494030773639679e-02,-1.616256684064865112e-01
2.236243933439254761e-01,3.063148856163024902e-01,3.254979550838470459e-01,0.000000000000000000e+00,5.661885812878608704e-02,2.478115558624267578e-01,3.330204784870147705e-01,5.377064943313598633e-01,3.944879770278930664e-02,3.043005466461181641e-01,-1.033901125192642212e-01,-8.865451067686080933e-02,-1.377673298120498657e-01,6.012448668479919434e-02,-2.091675996780395508e-01,1.223688647150993347e-01,-1.075029298663139343e-01,-4.588264226913452148e-02,1.485284417867660522e-01,3.408484458923339844e-01,-2.928579151630401611e-01,-2.764103710651397705e-01,7.433852553367614746e-02,3.307926952838897705e-01,1.300287246704101562e-01,1.655866056680679321e-01,-1.200111210346221924e-01,2.308299019932746887e-02,-4.605258256196975708e-02,-3.853313624858856201e-02,7.556703686714172363e-02,3.170079886913299561e-01,2.627292573451995850e-01,3.744710981845855713e-01,2.383234500885009766e-01,1.392989158630371094e-01,-1.395803540945053101e-01,-1.422953307628631592e-01,-1.360484026372432709e-02,5.795307084918022156e-02,-1.245957314968109131e-01,-6.741439551115036011e-02,-8.501810580492019653e-02,-6.340815126895904541e-02,5.461807921528816223e-02,4.047590866684913635e-02,-2.997058033943176270e-01,-3.097429871559143066e-01,-7.780355215072631836e-02,-2.056135386228561401e-01,-2.892355918884277344e-01,-2.841996252536773682e-01,-3.806204497814178467e-01,-2.905478179454803467e-01,-4.043979346752166748e-01,-1.988469511270523071e-01,2.973523437976837158e-01,3.204734623432159424e-01,4.515201598405838013e-02,6.898400187492370605e-02,1.301655173301696777e-01,2.830971181392669678e-01,1.775754056870937347e-02,5.128115415573120117e-02,9.673660621047019958e-03,2.672894597053527832e-01,2.108182162046432495e-01,3.602316975593566895e-01,1.553135663270950317e-01,3.473788797855377197e-01,1.922008544206619263e-01,5.272359773516654968e-02,9.713706374168395996e-02,2.061089724302291870e-01,1.418174207210540771e-01,1.304773092269897461e-01,3.328115642070770264e-01,3.394379913806915283e-01,-2.015590518712997437e-01,1.317857299000024796e-02,-8.689456433057785034e-02,2.913019992411136627e-02,-2.089515924453735352e-01,-1.915930956602096558e-01,-2.843327224254608154e-01,1.774485409259796143e-02,1.250698044896125793e-02,1.866294443607330322e-01,-2.937791049480438232e-01,-3.701390698552131653e-02,-1.601444333791732788e-01,-8.803845942020416260e-02,-2.479728907346725464e-01,-1.300396919250488281e-01,-2.247406244277954102e-01,-2.624793350696563721e-01,-1.484549045562744141e-01,-5.680840089917182922e-02,-1.073095053434371948e-01,-1.390752792358398438e-01,1.017511561512947083e-01,1.708098351955413818e-01,9.412688761949539185e-02,1.850543022155761719e-01,-5.670661479234695435e-02,-8.180485107004642487e-03,-8.090989291667938232e-02,8.243563026189804077e-02,-6.027241051197052002e-02,-2.684851884841918945e-01,-2.517605125904083252e-01,-1.469569355249404907e-01,-4.454037174582481384e-02,1.127964258193969727e-01,-2.401206195354461670e-01,-1.255698800086975098e-01
4.898979887366294861e-02,6.861078739166259766e-02,2.720382809638977051e-01,5.661885812878608704e-02,0.000000000000000000e+00,3.613717555999755859e-01,2.972345054149627686e-01,-8.679717034101486206e-02,4.163675308227539062e-01,7.806219160556793213e-02,-8.985159546136856079e-02,-1.689379513263702393e-01,1.248357445001602173e-01,-7.558051496744155884e-02,1.412943452596664429e-01,-2.504274994134902954e-02,-6.325232982635498047e-02,-1.039115153253078461e-02,7.574803382158279419e-02,1.022750884294509888e-01,1.315417233854532242e-02,-1.166634187102317810e-01,3.410242795944213867e-01,2.830010056495666504e-01,4.408309459686279297e-01,3.605672419071197510e-01,3.172008991241455078e-01,3.834906816482543945e-01,9.402202814817428589e-02,-1.366350241005420685e-02,1.399301290512084961e-01,2.621212899684906006e-01,2.749598324298858643e-01,1.109252125024795532e-01,2.591713666915893555e-01,7.454864680767059326e-02,-3.343530371785163879e-02,-1.977285593748092651e-01,-1.582277268171310425e-01,-1.699711829423904419e-01,-2.042903751134872437e-01,-1.331570595502853394e-01,2.083248458802700043e-02,1.715283468365669250e-02,-6.514199823141098022e-02,9.901569224894046783e-03,3.671092540025711060e-02,-1.009886246174573898e-02,1.210896950215101242e-02,-7.597994804382324219e-02,5.333747714757919312e-03,-1.031235158443450928e-01,7.345839403569698334e-03,-6.779794394969940186e-02,2.273090928792953491e-02,-7.574626058340072632e-02,1.458245217800140381e-01,9.537561982870101929e-02,-9.413015097379684448e-02,-1.481833904981613159e-01,-1.317788660526275635e-01,-1.043419688940048218e-01,-4.248848930001258850e-02,-1.121219620108604431e-02,3.226815760135650635e-01,-1.507077104179188609e-04,1.608877182006835938e-01,6.155445706099271774e-03,8.657683432102203369e-02,1.393720060586929321e-01,9.312909841537475586e-02,1.694967597723007202e-01,1.754579395055770874e-01,-6.824075710028409958e-03,-5.648865923285484314e-02,-7.687562704086303711e-02,4.583108797669410706e-02,-1.526799611747264862e-02,-4.258329793810844421e-02,-2.926014177501201630e-02,6.541234254837036133e-02,2.903480827808380127e-02,-1.872140467166900635e-01,-2.003739625215530396e-01,-3.061861358582973480e-02,-9.854657202959060669e-02,-2.248738110065460205e-01,-2.290351837873458862e-01,-1.446160525083541870e-01,-1.972591131925582886e-01,-4.983619973063468933e-02,6.976946443319320679e-02,-1.030966863036155701e-01,1.214597076177597046e-01,-9.937775135040283203e-02,-8.728963136672973633e-02,-5.945773795247077942e-02,-1.385197937488555908e-01,-2.167331874370574951e-01,3.052735142409801483e-02,-5.668101832270622253e-02,1.229118034243583679e-01,2.133350446820259094e-02,1.177617162466049194e-01,1.685033738613128662e-02,1.192286834120750427e-01,-1.902498118579387665e-02,9.256547316908836365e-03,-3.437973931431770325e-02,-1.857025027275085449e-01,-1.091692671179771423e-01,-1.180089041590690613e-01,5.802119523286819458e-02,2.131088636815547943e-02,-2.604484930634498596e-02,-9.840515255928039551e-02
-2.857057563960552216e-02,1.252149939537048340e-01,-1.674260571599006653e-02,2.478115558624267578e-01,3.613717555999755859e-01,0.000000000000000000e+00,2.719595655798912048e-02,2.852362394332885742e-01,3.821828663349151611e-01,5.747205615043640137e-01,-5.336414277553558350e-02,8.595354855060577393e-02,-6.272867321968078613e-02,1.841378808021545410e-01,-1.042788755148649216e-02,2.784345448017120361e-01,6.655603181570768356e-03,1.634133458137512207e-01,7.180652022361755371e-02,1.071385741233825684e-01,-7.589952647686004639e-02,-9.508345276117324829e-02,9.577454626560211182e-02,1.233745813369750977e-01,6.546618044376373291e-02,1.648570001125335693e-01,9.862633049488067627e-02,2.730816006660461426e-01,5.529564991593360901e-02,4.417511448264122009e-02,1.319373846054077148e-01,2.477947771549224854e-01,9.341132640838623047e-02,2.146571725606918335e-01,-2.542320825159549713e-02,-2.433088794350624084e-02,-4.951089620590209961e-03,-8.077968657016754150e-02,-1.005912870168685913e-01,-1.705926656723022461e-01,-9.659270197153091431e-02,1.693472564220428467e-01,-1.744890809059143066e-01,-1.736804842948913574e-01,-1.827849894762039185e-01,-9.276007115840911865e-02,-2.406726479530334473e-01,-2.205261737108230591e-01,-1.957206726074218750e-01,-2.206365168094635010e-01,-2.395263910293579102e-01,-2.237098515033721924e-01,-1.708322018384933472e-01,-9.495484828948974609e-02,-2.619903087615966797e-01,-2.655313014984130859e-01,1.682006120681762695e-01,2.565014064311981201e-01,-1.269837766885757446e-01,3.952651470899581909e-02,1.947346888482570648e-02,3.242066800594329834e-01,8.198922127485275269e-02,2.263758778572082520e-01,9.423983097076416016e-02,1.453497707843780518e-01,-1.810971051454544067e-01,-7.803122699260711670e-02,2.078606002032756805e-02,1.168900430202484131e-01,1.534861922264099121e-01,1.734750419855117798e-01,8.929247409105300903e-02,1.121713500469923019e-02,-3.780232742428779602e-02,7.956899702548980713e-02,4.443568177521228790e-03,1.330252643674612045e-02,-6.937299668788909912e-02,1.020481064915657043e-02,1.223397627472877502e-01,1.081256419420242310e-01,-1.491738855838775635e-01,-3.970531746745109558e-02,-2.729732356965541840e-02,5.165098607540130615e-02,-2.978860437870025635e-01,-1.019291952252388000e-01,-1.585443913936614990e-01,-2.469638828188180923e-03,3.105238825082778931e-02,7.273577898740768433e-02,9.018997848033905029e-02,2.022440731525421143e-02,-1.434815973043441772e-01,-1.022052317857742310e-01,-1.076065003871917725e-01,-1.856713742017745972e-01,-1.393259409815073013e-02,-4.868389293551445007e-02,4.161119088530540466e-02,1.352656483650207520e-01,2.791516296565532684e-02,1.368046253919601440e-01,-3.999496623873710632e-02,-1.664504967629909515e-02,-6.506632268428802490e-02,-1.329141259193420410e-01,-3.270040452480316162e-02,-2.561411261558532715e-02,-7.393129914999008179e-02,-8.176299929618835449e-02,-1.274044662714004517e-01,-6.112124770879745483e-02,-1.853082776069641113e-01,4.892224073410034180e-02
4.998440444469451904e-01,2.698658220469951630e-02,7.575032114982604980e-01,3.330204784870147705e-01,2.972345054149627686e-01,2.719595655798912048e-02,0.000000000000000000e+00,1.325510889291763306e-01,3.899774253368377686e-01,-1.182406395673751831e-02,2.725772559642791748e-01,-4.022925198078155518e-01,4.386427700519561768e-01,-1.347587853670120239e-01,2.498326152563095093e-01,-1.918985694646835327e-02,-2.441414594650268555e-01,-1.880014687776565552e-01,3.918239772319793701e-01,1.950866878032684326e-01,-2.774484753608703613e-01,-3.251546919345855713e-01,3.606064319610595703e-01,2.584258913993835449e-01,3.137471973896026611e-01,1.969110667705535889e-01,1.380111426115036011e-01,9.351570904254913330e-02,1.275152526795864105e-02,-1.014455854892730713e-01,-2.601309493184089661e-02,1.350357830524444580e-01,4.256433546543121338e-01,5.017446726560592651e-02,4.055558145046234131e-01,1.145410314202308655e-01,-2.085589244961738586e-02,-1.307148635387420654e-01,-6.905604898929595947e-02,5.348775535821914673e-02,-1.501315832138061523e-01,-1.753685474395751953e-01,6.094210222363471985e-02,-9.046986233443021774e-04,4.168456047773361206e-02,-9.431751817464828491e-02,-1.018890440464019775e-01,-2.581665217876434326e-01,-1.552635133266448975e-01,-2.707072496414184570e-01,-1.010224446654319763e-01,-2.417523413896560669e-01,-2.479165196418762207e-01,-3.741069734096527100e-01,-1.528173983097076416e-01,-1.395517438650131226e-01,1.860597729682922363e-01,7.037527859210968018e-02,1.382621675729751587e-01,-7.735245674848556519e-02,2.047832906246185303e-01,-3.609312325716018677e-02,-1.400064975023269653e-01,-3.191282153129577637e-01,4.797721207141876221e-01,1.043590530753135681e-01,4.414707720279693604e-01,1.248742267489433289e-01,3.323250710964202881e-01,2.922289073467254639e-01,2.726859152317047119e-01,2.081627696752548218e-01,1.507488042116165161e-01,8.376610279083251953e-02,9.487758576869964600e-02,8.015640079975128174e-02,2.586143612861633301e-01,1.527932882308959961e-01,-1.895660310983657837e-01,2.770923636853694916e-02,-2.142803817987442017e-01,-2.405156791210174561e-01,-2.000886052846908569e-01,-2.493843436241149902e-01,-9.587650001049041748e-02,-4.038446843624114990e-01,-4.078029096126556396e-02,-1.679845005273818970e-01,-6.796491146087646484e-02,-3.555438816547393799e-01,-1.248917728662490845e-01,2.223728410899639130e-02,-2.791500091552734375e-01,2.413100749254226685e-01,-1.609564572572708130e-01,-1.597990691661834717e-01,4.399474337697029114e-02,-3.975088894367218018e-02,-2.368516623973846436e-01,2.117604762315750122e-01,1.167004406452178955e-01,3.243509232997894287e-01,1.285221278667449951e-01,2.482643574476242065e-01,4.866849258542060852e-02,1.478256136178970337e-01,-2.726446837186813354e-02,6.072702631354331970e-02,-8.521884679794311523e-02,-2.600712478160858154e-01,-2.044805437326431274e-01,-7.281801849603652954e-02,1.217890158295631409e-01,1.284081935882568359e-01,6.006191950291395187e-03,-1.133789643645286560e-01
2.844181358814239502e-01,1.720222681760787964e-01,2.573931962251663208e-02,5.377064943313598633e-01,-8.679717034101486206e-02,2.852362394332885742e-01,1.325510889291763306e-01,0.000000000000000000e+00,1.377483904361724854e-01,5.169472098350524902e-01,2.302831560373306274e-01,3.118404448032379150e-01,1.446388959884643555e-01,4.005509018898010254e-01,-1.275053769350051880e-01,1.906009614467620850e-01,-1.391813904047012329e-01,-8.284800499677658081e-02,1.627928614616394043e-01,3.092879056930541992e-01,-2.344757169485092163e-01,-2.777517735958099365e-01,-1.273380368947982788e-01,-6.021872628480195999e-03,-2.730640470981597900e-01,-2.334466725587844849e-01,-3.075554668903350830e-01,-2.113891243934631348e-01,9.571541100740432739e-02,1.038803532719612122e-01,1.760812848806381226e-02,1.131287813186645508e-01,1.525781452655792236e-01,3.785806298255920410e-01,-2.407447807490825653e-02,-3.020525537431240082e-02,-3.158661127090454102e-01,-2.517505884170532227e-01,-1.458527296781539917e-01,-1.027023047208786011e-01,-2.685979902744293213e-01,-1.538060754537582397e-01,-2.401351034641265869e-01,-2.446571141481399536e-01,-1.640439927577972412e-01,-1.073561981320381165e-01,-3.531813621520996094e-01,-3.511965274810791016e-01,-1.627648621797561646e-01,-1.898851692676544189e-01,-2.285471707582473755e-01,-1.387305855751037598e-01,-2.360215783119201660e-01,-1.491561084985733032e-01,-3.609923124313354492e-01,-2.280209064483642578e-01,1.260562241077423096e-01,1.502339988946914673e-01,2.939057946205139160e-01,3.844166696071624756e-01,5.108571052551269531e-01,6.321595311164855957e-01,6.657729297876358032e-02,2.674321234226226807e-01,-2.348306775093078613e-02,1.726148426532745361e-01,-6.663260608911514282e-02,1.486021131277084351e-01,-3.203731402754783630e-02,9.462943673133850098e-02,1.697504967451095581e-01,-3.015285544097423553e-02,8.359574526548385620e-02,1.824618577957153320e-01,5.881283059716224670e-02,-5.738652776926755905e-03,2.265923321247100830e-01,2.739056646823883057e-01,-1.194479987025260925e-01,-9.218873083591461182e-02,-1.300250738859176636e-01,-1.978215016424655914e-02,-2.399960160255432129e-01,-2.067306190729141235e-01,-2.291461676359176636e-01,6.594470143318176270e-02,-1.712675392627716064e-01,1.670690812170505524e-02,-2.134349495172500610e-01,2.621119283139705658e-02,-4.187074303627014160e-02,-6.504062563180923462e-02,-8.201187849044799805e-02,-1.697118133306503296e-01,-1.997215598821640015e-01,-1.463322639465332031e-01,-2.892515659332275391e-01,-2.027082890272140503e-01,5.262778326869010925e-02,-5.404115468263626099e-02,2.123740315437316895e-01,1.195601895451545715e-01,6.616196781396865845e-02,1.139105036854743958e-01,-1.191415637731552124e-01,-8.848325163125991821e-02,-1.208061426877975464e-01,-1.001979112625122070e-01,-6.462717801332473755e-02,-1.037875562906265259e-01,-1.181498914957046509e-01,-9.325210750102996826e-02,-5.725038051605224609e-02,8.589576184749603271e-02,-2.439349591732025146e-01,-1.662775129079818726e-02
3.339999914169311523e-01,-5.461747944355010986e-02,2.875080406665802002e-01,3.944879770278930664e-02,4.163675308227539062e-01,3.821828663349151611e-01,3.899774253368377686e-01,1.377483904361724854e-01,0.000000000000000000e+00,2.923903167247772217e-01,2.875671386718750000e-01,-1.268505603075027466e-01,3.507459461688995361e-01,-2.089796587824821472e-03,3.765802383422851562e-01,1.592613160610198975e-01,-1.139828488230705261e-01,-1.099021360278129578e-01,2.758115530014038086e-01,1.147851198911666870e-01,-8.182232826948165894e-02,-2.352677732706069946e-01,1.350219398736953735e-01,-8.827127516269683838e-02,6.104672327637672424e-02,1.308780759572982788e-01,2.462942749261856079e-01,1.411989629268646240e-01,1.732251346111297607e-01,5.159937962889671326e-02,-1.477191410958766937e-02,2.964997850358486176e-02,2.008246928453445435e-01,-5.875403061509132385e-03,2.678991109132766724e-02,-1.034626811742782593e-01,6.271260976791381836e-02,-1.097845211625099182e-01,-5.546060204505920410e-02,-8.060302585363388062e-02,-1.041003614664077759e-01,-4.769614432007074356e-03,-2.310492098331451416e-01,-1.877337694168090820e-01,-2.586109042167663574e-01,-2.450086474418640137e-01,-1.752734482288360596e-01,-2.906567454338073730e-01,-2.971310913562774658e-01,-2.563002705574035645e-01,-1.418162286281585693e-01,-1.726804375648498535e-01,-1.434884071350097656e-01,-2.285796701908111572e-01,-6.310765445232391357e-02,-1.101382896304130554e-01,1.520863622426986694e-01,7.072890549898147583e-02,7.920844107866287231e-02,6.698554009199142456e-02,2.235179245471954346e-01,1.247111484408378601e-01,-5.864464119076728821e-02,-1.008591204881668091e-01,3.361951410770416260e-01,-6.789996474981307983e-02,-6.328255869448184967e-03,-1.346572786569595337e-01,2.551937699317932129e-01,2.065888941287994385e-01,2.732559740543365479e-01,3.691504597663879395e-01,2.068525254726409912e-01,1.145061291754245758e-02,6.060117855668067932e-02,9.812013059854507446e-02,4.392907768487930298e-02,-2.975103631615638733e-02,-2.889227122068405151e-02,8.252623677253723145e-02,-4.312502220273017883e-02,-1.643072217702865601e-01,-2.116888612508773804e-01,-1.534546315670013428e-01,-9.348534792661666870e-02,-3.222208023071289062e-01,-2.403201013803482056e-01,-2.756681442260742188e-01,-8.350263535976409912e-02,-8.410730212926864624e-02,-4.452445358037948608e-02,1.417419463396072388e-01,-1.334624439477920532e-01,2.067699879407882690e-01,-4.691962152719497681e-02,-1.226355228573083878e-02,7.373364269733428955e-02,-7.553244382143020630e-02,-5.961018055677413940e-02,3.039328753948211670e-01,2.031535804271697998e-01,3.348126113414764404e-01,1.464831829071044922e-01,2.544474005699157715e-01,8.983597904443740845e-02,1.277657002210617065e-01,3.603187948465347290e-02,4.150726646184921265e-02,4.201786965131759644e-02,-9.465914964675903320e-02,-7.249180227518081665e-02,-3.221087530255317688e-02,5.095750838518142700e-02,5.081291496753692627e-02,-1.285695750266313553e-02,-6.433597952127456665e-02
-2.054037898778915405e-02,-3.022506088018417358e-02,-7.257404923439025879e-02,3.043005466461181641e-01,7.806219160556793213e-02,5.747205615043640137e-01,-1.182406395673751831e-02,5.169472098350524902e-01,2.923903167247772217e-01,0.000000000000000000e+00,7.641393691301345825e-02,1.337999999523162842e-01,-1.522762048989534378e-02,3.103381097316741943e-01,-6.877560168504714966e-02,3.308542370796203613e-01,1.092604640871286392e-02,1.043512299656867981e-01,1.406293269246816635e-02,3.853671625256538391e-02,-1.005632728338241577e-01,-4.743600264191627502e-02,-1.754955798387527466e-01,-8.707918226718902588e-02,-1.771078109741210938e-01,5.173157434910535812e-03,-4.508577659726142883e-02,7.305534183979034424e-02,1.478475630283355713e-01,1.427850276231765747e-01,1.029871776700019836e-01,1.338700205087661743e-01,-4.620054736733436584e-02,1.799090802669525146e-01,-1.176731213927268982e-01,-5.072166025638580322e-02,-1.341413408517837524e-01,4.884573072195053101e-02,-1.300150156021118164e-01,-1.256084293127059937e-01,-1.417935490608215332e-01,8.698268234729766846e-02,-2.674429416656494141e-01,-3.049315810203552246e-01,-2.587613761425018311e-01,-2.616993784904479980e-01,-3.878701925277709961e-01,-3.670992851257324219e-01,-3.197405636310577393e-01,-3.213332593441009521e-01,-3.256372511386871338e-01,-2.470675110816955566e-01,-2.695555686950683594e-01,-2.060383409261703491e-01,-3.571782112121582031e-01,-2.860470712184906006e-01,5.438017100095748901e-02,1.044421419501304626e-01,-5.194054543972015381e-02,1.461805701255798340e-01,1.990825533866882324e-01,5.482922792434692383e-01,3.583302721381187439e-02,1.788613200187683105e-01,-2.354663424193859100e-02,2.387465238571166992e-01,-2.545191049575805664e-01,-8.908899873495101929e-02,-6.100147590041160583e-02,1.817343384027481079e-02,1.464781910181045532e-01,8.075826615095138550e-02,-1.700503379106521606e-02,-4.355466738343238831e-02,-1.081178616732358932e-02,-2.435833401978015900e-02,-2.267178148031234741e-02,4.311948642134666443e-02,1.047347672283649445e-02,6.202257797122001648e-02,1.004154905676841736e-01,7.200840115547180176e-02,-5.941895768046379089e-02,-9.888401627540588379e-02,-1.740623265504837036e-01,-2.453915961086750031e-02,-2.377993911504745483e-01,-1.936535909771919250e-02,-1.343802511692047119e-01,-4.066205583512783051e-04,8.976966887712478638e-02,4.593575373291969299e-02,1.588638573884963989e-01,2.587951533496379852e-02,-8.022174239158630371e-02,-7.605675607919692993e-02,-1.823933571577072144e-01,-1.521985977888107300e-01,4.495158046483993530e-02,-6.567264348268508911e-02,1.384652554988861084e-01,1.726332157850265503e-01,2.098157443106174469e-02,1.306225210428237915e-01,-8.786734193563461304e-02,-1.163527294993400574e-01,-1.826404333114624023e-01,-1.526454240083694458e-01,8.535729348659515381e-02,7.602782547473907471e-02,-8.569712750613689423e-03,1.172113139182329178e-02,-1.585455089807510376e-01,-1.665226556360721588e-02,-1.660024672746658325e-01,1.411660909652709961e-01
4.602901935577392578e-01,-6.755758821964263916e-02,2.021641284227371216e-01,-1.033901125192642212e-01,-8.985159546136856079e-02,-5.336414277553558350e-02,2.725772559642791748e-01,2.302831560373306274e-01,2.875671386718750000e-01,7.641393691301345825e-02,0.000000000000000000e+00,1.708986163139343262e-01,6.611621379852294922e-01,3.034980595111846924e-01,3.421652019023895264e-01,1.042820364236831665e-01,-9.453019499778747559e-02,-1.441932916641235352e-01,3.654602766036987305e-01,1.189563795924186707e-01,-1.567012220621109009e-01,-2.158548980951309204e-01,1.378023177385330200e-01,-1.155670508742332458e-01,-2.438756972551345825e-01,-2.360571920871734619e-01,-9.495628625154495239e-02,-2.178174406290054321e-01,2.265912890434265137e-01,3.030412271618843079e-02,-2.178772352635860443e-02,-8.864858001470565796e-02,5.451405793428421021e-02,-6.707090884447097778e-02,-8.403735607862472534e-02,-1.937469244003295898e-01,-1.247589513659477234e-01,-1.651598811149597168e-01,-1.691642850637435913e-01,-8.959680795669555664e-02,-1.793474406003952026e-01,-1.374219357967376709e-01,-1.293701678514480591e-01,-1.598066091537475586e-01,-2.086499929428100586e-01,-2.058093696832656860e-01,-1.165202111005783081e-01,-1.878713965415954590e-01,-2.175588160753250122e-01,-1.104908883571624756e-01,-1.248221006244421005e-02,1.880782097578048706e-02,-2.907588332891464233e-02,-7.503915578126907349e-02,-4.933029785752296448e-02,-6.738940626382827759e-02,3.073398768901824951e-02,-6.613530963659286499e-02,3.194201588630676270e-01,2.329326122999191284e-01,4.803270399570465088e-01,1.978394836187362671e-01,1.074392572045326233e-01,-3.099044971168041229e-02,2.814358770847320557e-01,-6.799750775098800659e-02,-7.877124845981597900e-02,-2.202957570552825928e-01,1.230324953794479370e-01,1.459111273288726807e-02,1.456890553236007690e-01,1.223504766821861267e-01,8.623550087213516235e-02,4.551990702748298645e-02,-9.844455868005752563e-03,-6.604192405939102173e-02,5.527627840638160706e-02,1.702911034226417542e-02,-2.857911027967929840e-02,-1.579428277909755707e-02,-2.451229542493820190e-01,-2.694837749004364014e-01,-2.056484371423721313e-01,-1.432116180658340454e-01,-3.123952448368072510e-02,-2.555707991123199463e-01,-1.562844812870025635e-01,-2.468423396348953247e-01,2.229450037702918053e-03,-4.700043424963951111e-02,-3.256380185484886169e-02,1.729900948703289032e-02,-8.147942274808883667e-02,1.898632049560546875e-01,-2.646476728841662407e-03,5.856722593307495117e-02,-9.144507348537445068e-03,-6.135058775544166565e-02,7.336215674877166748e-02,3.049401640892028809e-01,1.598193049430847168e-01,2.406625598669052124e-01,8.054160326719284058e-02,1.275550723075866699e-01,-2.316520176827907562e-02,-3.954051434993743896e-02,-1.140962988138198853e-01,-8.266413956880569458e-02,8.215174078941345215e-03,-9.931555017828941345e-03,5.277084931731224060e-02,3.596188127994537354e-02,8.729501813650131226e-02,1.192882806062698364e-01,1.512974593788385391e-02,4.416000843048095703e-02
-1.567805558443069458e-02,1.940630376338958740e-01,-4.449256360530853271e-01,-8.865451067686080933e-02,-1.689379513263702393e-01,8.595354855060577393e-02,-4.022925198078155518e-01,3.118404448032379150e-01,-1.268505603075027466e-01,1.337999999523162842e-01,1.708986163139343262e-01,0.000000000000000000e+00,3.956392407417297363e-02,5.276532769203186035e-01,-5.445202440023422241e-02,1.539045870304107666e-01,8.817329257726669312e-02,7.276660203933715820e-02,6.346106529235839844e-02,2.661136090755462646e-01,5.397385358810424805e-02,-1.085577066987752914e-02,-1.942757964134216309e-01,-1.447881758213043213e-01,-4.187300503253936768e-01,-4.191488623619079590e-01,-3.330158889293670654e-01,-2.924647331237792969e-01,1.683796495199203491e-01,2.477764189243316650e-01,1.215225178748369217e-02,-1.056438311934471130e-01,-1.515267193317413330e-01,1.569530367851257324e-01,-4.496905207633972168e-01,-2.696304023265838623e-01,-2.797237038612365723e-01,-3.159742057323455811e-01,-5.467635393142700195e-02,-1.958130151033401489e-01,-1.182046681642532349e-01,2.137728035449981689e-02,-2.213640660047531128e-01,-1.524912863969802856e-01,-2.698093950748443604e-01,6.567458040080964565e-04,-3.717371821403503418e-02,5.072918161749839783e-02,9.120552986860275269e-02,2.174584418535232544e-01,1.886986941099166870e-01,3.178622424602508545e-01,3.065791726112365723e-01,2.955819070339202881e-01,1.106628701090812683e-01,5.451079457998275757e-02,-3.465406596660614014e-02,3.475438803434371948e-02,2.997454106807708740e-01,4.329010248184204102e-01,3.040503859519958496e-01,2.880713641643524170e-01,2.618378400802612305e-01,5.612342357635498047e-01,-3.329453468322753906e-01,-2.570410072803497314e-01,-4.964129328727722168e-01,-1.650224179029464722e-01,-1.834477037191390991e-01,-1.654126495122909546e-01,-1.474905461072921753e-01,-1.850858181715011597e-01,8.912831544876098633e-02,2.910566627979278564e-01,2.435403503477573395e-02,-5.627124011516571045e-02,-1.378551032394170761e-02,1.073940694332122803e-01,1.222759857773780823e-01,-2.183706015348434448e-01,1.073303371667861938e-01,1.608456969261169434e-01,-4.525852948427200317e-02,3.805495426058769226e-02,3.433668985962867737e-02,3.476577997207641602e-01,-1.485587507486343384e-01,2.562473528087139130e-02,-4.578427877277135849e-03,2.227356284856796265e-01,-7.634234428405761719e-02,-1.943874806165695190e-01,-3.075561486184597015e-02,-3.853625953197479248e-01,-4.777604714035987854e-02,1.041345447301864624e-01,-2.020171284675598145e-01,-1.765151619911193848e-01,2.799086868762969971e-01,-1.101787835359573364e-01,1.054857596755027771e-01,-2.210127711296081543e-01,3.561489284038543701e-02,-1.693584322929382324e-01,-2.014963924884796143e-01,-2.304529547691345215e-01,-6.269729137420654297e-02,-8.144333213567733765e-02,-1.203323602676391602e-01,3.099335543811321259e-02,6.344247609376907349e-02,-4.478174075484275818e-02,-7.337277382612228394e-02,1.268892548978328705e-02,-1.270154267549514771e-01,6.026328727602958679e-02
4.600782394409179688e-01,-7.386674731969833374e-02,3.610567748546600342e-01,-1.377673298120498657e-01,1.248357445001602173e-01,-6.272867321968078613e-02,4.386427700519561768e-01,1.446388959884643555e-01,3.507459461688995361e-01,-1.522762048989534378e-02,6.611621379852294922e-01,3.956392407417297363e-02,0.000000000000000000e+00,3.060217201709747314e-01,3.729275166988372803e-01,1.154382154345512390e-01,-1.419862657785415649e-01,-1.958130151033401489e-01,3.381370604038238525e-01,1.059145182371139526e-01,-1.071107238531112671e-01,-2.217685878276824951e-01,2.839900553226470947e-01,5.329409986734390259e-02,-4.143359139561653137e-02,-1.481358408927917480e-01,-4.315602034330368042e-02,-7.981650531291961670e-02,1.743421554565429688e-01,1.717599108815193176e-02,-4.104021191596984863e-02,-5.728603526949882507e-02,2.131446301937103271e-01,-6.618090718984603882e-02,9.630330651998519897e-02,-9.791216999292373657e-02,-1.569590419530868530e-01,-2.413309216499328613e-01,-1.909509152173995972e-01,-1.305657774209976196e-01,-2.352433353662490845e-01,-1.348134428262710571e-01,-4.119374230504035950e-02,-4.686813056468963623e-02,-1.375585347414016724e-01,-1.507290303707122803e-01,-1.531677227467298508e-02,-1.073250025510787964e-01,-9.642995893955230713e-02,-5.727288126945495605e-02,1.623916029930114746e-01,1.050558462738990784e-01,7.750461250543594360e-02,1.176732126623392105e-02,8.895827829837799072e-02,3.166799899190664291e-03,-4.861434921622276306e-03,-1.036198586225509644e-01,3.201255202293395996e-01,1.541769653558731079e-01,3.835611045360565186e-01,3.278380259871482849e-02,7.471016049385070801e-02,-6.987197697162628174e-02,4.371748566627502441e-01,-1.084507182240486145e-01,7.120837271213531494e-02,-1.715815365314483643e-01,1.256453245878219604e-01,4.116293042898178101e-02,1.286654472351074219e-01,1.248674243688583374e-01,1.562148332595825195e-01,8.894856274127960205e-02,-9.268303960561752319e-02,-1.161790117621421814e-01,1.406272649765014648e-01,7.452747970819473267e-02,-3.464892506599426270e-02,-1.506151407957077026e-01,-2.139926701784133911e-01,-1.885882467031478882e-01,-2.199920415878295898e-01,-1.327359825372695923e-01,3.181045502424240112e-02,-1.983907669782638550e-01,-2.066642791032791138e-01,-2.789674103260040283e-01,-1.628866232931613922e-02,-1.758980900049209595e-01,-1.337156444787979126e-01,-7.157804444432258606e-03,-1.812076270580291748e-01,2.100307047367095947e-01,-1.071301251649856567e-01,9.629206731915473938e-03,-8.972291648387908936e-02,-1.700796037912368774e-01,-1.124085336923599243e-01,2.537735104560852051e-01,1.051262393593788147e-01,2.239186018705368042e-01,5.767440423369407654e-02,1.145632341504096985e-01,-3.842320293188095093e-02,4.697504267096519470e-02,-2.392907626926898956e-02,-8.536620996892452240e-03,-9.288263320922851562e-02,-1.172460094094276428e-01,-5.188710615038871765e-02,-6.366287916898727417e-02,9.929540753364562988e-02,9.130103886127471924e-02,6.593314558267593384e-02,-6.972185522317886353e-02
