0.000000000000000000e+00,3.829136192798614502e-01,-1.202048808336257935e-01,-1.204414665699005127e-01,-1.865685582160949707e-01,-2.290259599685668945e-01,-9.807224571704864502e-02,-3.642576932907104492e-02,-1.226548701524734497e-01,-2.316052764654159546e-01,2.183231264352798462e-01,1.225051283836364746e-01,1.407774239778518677e-01,1.338812261819839478e-01,-1.613652557134628296e-01,-1.521537154912948608e-01,9.777585417032241821e-02,-5.556320771574974060e-02,6.049746274948120117e-01,5.188440084457397461e-01,1.013525053858757019e-01,-4.061765596270561218e-02,-2.375230938196182251e-01,-2.818604111671447754e-01,-1.901421546936035156e-01,-1.695503890514373779e-01,-1.743536442518234253e-01,-1.298292726278305054e-01,1.693289279937744141e-01,1.214197054505348206e-01,-8.697518147528171539e-03,3.778875619173049927e-02,-6.272444501519203186e-03,7.224319875240325928e-02,-9.719840437173843384e-02,-1.213486269116401672e-01,-6.510478258132934570e-02,-2.937780134379863739e-02,1.230828464031219482e-01,1.626933962106704712e-01,4.193845018744468689e-02,1.450695693492889404e-01,-1.236833184957504272e-01,-1.187525782734155655e-02,5.766848474740982056e-02,1.032076701521873474e-01,5.195835232734680176e-02,1.635627597570419312e-01,1.390475630760192871e-01,2.476074844598770142e-01,2.331392019987106323e-01,3.106872737407684326e-01,2.799857258796691895e-01,-1.243270486593246460e-01,2.566612660884857178e-01,-3.534705936908721924e-02,4.579106569290161133e-01,1.871998012065887451e-01,2.577098309993743896e-01,2.648727893829345703e-01,-3.214806690812110901e-02,-1.029624640941619873e-01,2.098444104194641113e-01,4.563692957162857056e-02,-3.376416563987731934e-01,-2.264082580804824829e-01,-4.063766449689865112e-02,-4.873313382267951965e-02,1.819168925285339355e-01,1.545155197381973267e-01,1.963445916771888733e-02,-1.218741685152053833e-01,1.462643444538116455e-01,1.647879779338836670e-01,1.299568414688110352e-01,-3.826980292797088623e-02,1.444117911159992218e-02,-6.130015105009078979e-02,1.137907728552818298e-01,-8.349787443876266479e-02,1.393264625221490860e-02,-2.035383880138397217e-02,3.875292092561721802e-02,4.175753798335790634e-03,-9.883951395750045776e-02,-5.496418103575706482e-03,-4.470575600862503052e-02,6.594769656658172607e-02,-5.252494663000106812e-02,1.761351712048053741e-02,-3.226805627346038818e-01,-2.931922972202301025e-01,-2.378433644771575928e-01,-2.363951057195663452e-01,8.623089641332626343e-02,-6.903731077909469604e-02,-7.206867635250091553e-02,6.583728641271591187e-02,-2.081735432147979736e-01,-1.888877302408218384e-01,7.073280960321426392e-02,2.845204994082450867e-02,3.806944563984870911e-02,1.141400188207626343e-01,4.764097929000854492e-02,-2.028447017073631287e-02,3.407301381230354309e-02,-8.337354660034179688e-02,3.506176918745040894e-02,7.233484834432601929e-02,-2.131680399179458618e-01,-1.486013382673263550e-01,-9.127378463745117188e-02,2.871992066502571106e-03,1.132335513830184937e-01,-9.314300119876861572e-02
3.829136192798614502e-01,0.000000000000000000e+00,-2.552964389324188232e-01,-1.584671586751937866e-01,-3.108897805213928223e-01,-3.053138852119445801e-01,-2.156496644020080566e-01,-3.988276422023773193e-02,-2.132084369659423828e-01,-3.862200677394866943e-01,5.240710079669952393e-02,3.719067573547363281e-02,-1.101867780089378357e-01,3.949434310197830200e-02,-3.410098254680633545e-01,-2.327346354722976685e-01,2.976816594600677490e-01,2.654732465744018555e-01,2.380217313766479492e-01,4.365603327751159668e-01,-2.475026696920394897e-01,-1.775711625814437866e-01,-3.329658806324005127e-01,-4.486106932163238525e-01,-3.480198979377746582e-01,-3.545821011066436768e-01,-2.651455700397491455e-01,-2.901503443717956543e-01,2.189062237739562988e-01,1.647450476884841919e-01,-2.826218865811824799e-02,-1.285016238689422607e-01,2.126780450344085693e-01,3.214369714260101318e-01,-1.158907264471054077e-01,-1.016374006867408752e-01,-2.911839783191680908e-01,-3.487207889556884766e-01,-2.925955057144165039e-01,-1.574304699897766113e-01,-1.514138281345367432e-01,-2.307908795773983002e-02,7.817310839891433716e-02,3.892453759908676147e-02,2.742860019207000732e-01,3.819156289100646973e-01,2.700390815734863281e-01,2.542608678340911865e-01,4.587603807449340820e-01,4.375296533107757568e-01,3.680858016014099121e-01,3.123432993888854980e-01,3.124349117279052734e-01,-2.883002394810318947e-03,3.087735474109649658e-01,1.202551051974296570e-01,6.461492776870727539e-01,6.060315370559692383e-01,3.600192368030548096e-01,2.270290702581405640e-01,2.489420026540756226e-01,-1.708919368684291840e-02,4.849677085876464844e-01,3.757755756378173828e-01,-3.641401231288909912e-01,-3.803913891315460205e-01,-1.944159865379333496e-01,-1.250548809766769409e-01,3.203417873010039330e-03,3.134930431842803955e-01,-1.216710209846496582e-01,-1.655596196651458740e-01,1.829442940652370453e-02,8.632235229015350342e-02,1.472980380058288574e-01,1.629088446497917175e-02,-7.382754981517791748e-02,-1.596549898386001587e-01,1.770630925893783569e-01,3.376777842640876770e-02,1.601961851119995117e-01,1.108558475971221924e-01,-3.668824210762977600e-02,-1.197318732738494873e-01,-1.685432493686676025e-01,-3.162020444869995117e-02,-2.327977418899536133e-01,-1.150790303945541382e-01,-1.829567551612854004e-01,-1.411632597446441650e-01,-1.273543685674667358e-01,-1.447489559650421143e-01,-1.985226422548294067e-01,-2.178525179624557495e-01,-1.107483357191085815e-01,8.093024790287017822e-02,1.893150955438613892e-01,2.534219622611999512e-01,8.967438340187072754e-02,5.305016785860061646e-02,1.597701162099838257e-01,8.954162895679473877e-02,5.810118094086647034e-02,2.103557623922824860e-02,5.822385102510452271e-02,-1.628660783171653748e-02,-1.022610589861869812e-01,-1.626445055007934570e-01,-3.701221942901611328e-02,1.403969824314117432e-01,-3.611437603831291199e-02,1.289350390434265137e-01,7.916895300149917603e-02,1.709153503179550171e-01,3.334090858697891235e-02,-5.071852356195449829e-02
-1.202048808336257935e-01,-2.552964389324188232e-01,0.000000000000000000e+00,5.070344209671020508e-01,4.570235908031463623e-01,4.287901222705841064e-01,4.799727499485015869e-01,6.885542720556259155e-02,5.307484865188598633e-01,3.638004064559936523e-01,-1.702271252870559692e-01,-3.621126711368560791e-01,2.795429155230522156e-02,-6.859864294528961182e-02,-6.267208606004714966e-03,-2.407070845365524292e-01,-2.547146081924438477e-01,-2.075022459030151367e-01,-1.262917369604110718e-01,-1.331784129142761230e-01,-5.154067277908325195e-02,-1.930418908596038818e-01,5.896136164665222168e-01,4.492251873016357422e-01,4.168668985366821289e-01,3.704536557197570801e-01,-1.629836112260818481e-01,-7.600574940443038940e-02,-9.495703876018524170e-02,-2.525018453598022461e-01,1.075114607810974121e-01,1.159046217799186707e-01,1.734091043472290039e-01,-1.341575989499688148e-03,1.509864032268524170e-01,1.286404021084308624e-02,-1.306862831115722656e-01,-4.512274265289306641e-02,6.756260246038436890e-02,-1.171264797449111938e-01,-6.578978896141052246e-02,-1.828434467315673828e-01,-9.255443513393402100e-02,-1.451905965805053711e-01,1.498542353510856628e-02,-1.812278926372528076e-01,-2.626121640205383301e-01,-1.809411346912384033e-01,-9.754210710525512695e-02,-4.600272700190544128e-02,-2.978988923132419586e-03,-6.230644881725311279e-02,9.123320877552032471e-02,1.669102013111114502e-01,-1.125424057245254517e-01,-2.555232346057891846e-01,-2.214578539133071899e-01,-2.021226286888122559e-01,-2.580674886703491211e-01,-2.056477069854736328e-01,-9.752018749713897705e-02,-1.613232195377349854e-01,-2.190260291099548340e-01,-2.163967043161392212e-01,3.222545683383941650e-01,-1.616837829351425171e-01,3.158263489603996277e-02,-1.758365929126739502e-01,-8.402933180332183838e-02,6.986059248447418213e-02,-1.668881326913833618e-01,-4.774626344442367554e-02,-1.586074382066726685e-01,-2.813378572463989258e-01,-2.778565585613250732e-01,-9.124508500099182129e-02,-2.618067562580108643e-01,-2.937802672386169434e-01,-1.839259713888168335e-01,-1.744816154241561890e-01,-3.286702334880828857e-01,-3.996480703353881836e-01,-3.752066195011138916e-01,-3.655233383178710938e-01,3.097212128341197968e-02,-9.346444904804229736e-02,-2.641021907329559326e-01,-1.471695303916931152e-01,4.361771419644355774e-02,1.034896895289421082e-01,-1.858334541320800781e-01,2.148101627826690674e-01,2.242656350135803223e-01,3.277584016323089600e-01,8.521845191717147827e-02,2.268763817846775055e-02,-9.872963279485702515e-02,-1.913796365261077881e-01,-4.398768246173858643e-01,-3.913393020629882812e-01,-1.725297570228576660e-01,1.070225983858108521e-01,-2.670183479785919189e-01,-1.425629407167434692e-01,-5.917499214410781860e-02,3.172034323215484619e-01,-1.823794990777969360e-01,-2.239074558019638062e-01,-1.437700993847101927e-04,-4.992964863777160645e-02,-1.835243403911590576e-01,-1.813226938247680664e-01,1.515886485576629639e-01,2.573547698557376862e-02,-6.769341230392456055e-02,1.841622442007064819e-01
-1.204414665699005127e-01,-1.584671586751937866e-01,5.070344209671020508e-01,0.000000000000000000e+00,2.650332450866699219e-01,4.195227622985839844e-01,4.060229063034057617e-01,4.594331383705139160e-01,3.507784307003021240e-01,3.867505490779876709e-01,-3.044037148356437683e-02,-1.153806373476982117e-01,1.038412004709243774e-02,1.366574317216873169e-01,-6.590037047863006592e-02,-1.655994057655334473e-01,-1.985623836517333984e-01,-1.968062222003936768e-01,-3.566218540072441101e-02,-7.484045624732971191e-02,-1.707679480314254761e-01,-1.273486167192459106e-01,4.710547029972076416e-01,5.410466790199279785e-01,2.014323323965072632e-01,3.288116157054901123e-01,-1.674865484237670898e-01,-3.814927861094474792e-02,-2.425555884838104248e-02,-2.306852042675018311e-01,1.586147695779800415e-01,2.893114984035491943e-01,1.663335859775543213e-01,1.260814219713211060e-01,8.754860609769821167e-02,-1.693259342573583126e-03,-1.770979762077331543e-01,2.603553468361496925e-03,-6.495872884988784790e-02,-1.489601433277130127e-01,-3.149450197815895081e-02,-1.924190521240234375e-01,-1.864980012178421021e-01,-3.743276000022888184e-01,-9.743762016296386719e-02,-3.020499646663665771e-01,-3.246283829212188721e-01,-3.512891232967376709e-01,-2.711260616779327393e-01,-1.594853401184082031e-01,-2.297344058752059937e-01,-1.959852427244186401e-01,-1.614198237657546997e-01,5.723933875560760498e-02,-2.167737185955047607e-01,-3.469534814357757568e-01,-2.402181029319763184e-01,-2.514512240886688232e-01,-3.785395026206970215e-01,-1.639086455106735229e-01,1.428038626909255981e-02,1.765873730182647705e-01,-2.868482172489166260e-01,-2.785081267356872559e-01,2.017382234334945679e-01,1.985085755586624146e-01,-1.420433372259140015e-01,-1.818169951438903809e-01,-1.202380061149597168e-01,4.823078960180282593e-02,-6.469900161027908325e-02,6.542379409074783325e-02,-5.917510017752647400e-02,-9.070440381765365601e-02,-1.162754092365503311e-02,-1.136936321854591370e-01,-5.897923186421394348e-02,-3.629541397094726562e-02,-1.365659981966018677e-01,-1.188961938023567200e-01,-2.149900645017623901e-01,-2.238839566707611084e-01,-3.123684525489807129e-01,-2.283889651298522949e-01,-4.391744732856750488e-02,-2.261404097080230713e-01,-2.453546971082687378e-01,-1.490073800086975098e-01,-4.995046555995941162e-02,-1.124954447150230408e-01,-4.687495902180671692e-02,1.280213147401809692e-01,2.785106003284454346e-01,1.935187727212905884e-01,1.632917374372482300e-01,1.362648904323577881e-01,9.574293345212936401e-02,-7.915073633193969727e-02,-2.572499513626098633e-01,-3.271410465240478516e-01,-1.473298966884613037e-01,1.820607576519250870e-03,-1.808360219001770020e-01,-1.845220476388931274e-01,1.433035880327224731e-01,2.374949753284454346e-01,-1.418817639350891113e-01,-1.360379457473754883e-01,-2.049188129603862762e-02,4.525297135114669800e-02,-1.604719758033752441e-01,-2.134171873331069946e-01,8.192666620016098022e-02,7.763149589300155640e-02,4.359148815274238586e-02,1.993668079376220703e-01
-1.865685582160949707e-01,-3.108897805213928223e-01,4.570235908031463623e-01,2.650332450866699219e-01,0.000000000000000000e+00,5.621496438980102539e-01,2.720217704772949219e-01,1.850370168685913086e-01,7.420547604560852051e-01,6.120867729187011719e-01,6.498443335294723511e-02,1.734405197203159332e-02,4.730173572897911072e-02,1.256052851676940918e-01,3.339230418205261230e-01,1.448502987623214722e-01,-1.438130587339401245e-01,-6.685187667608261108e-02,-2.366986572742462158e-01,-2.269464433193206787e-01,-1.154622435569763184e-01,-1.059141755104064941e-01,1.907962411642074585e-01,2.642272114753723145e-01,2.932264208793640137e-01,3.369919657707214355e-01,2.208491265773773193e-01,2.453632205724716187e-01,-5.838333442807197571e-02,-9.863217920064926147e-02,3.152407333254814148e-02,1.008925735950469971e-01,-4.039545357227325439e-02,-7.624077051877975464e-02,-1.079371124505996704e-01,-1.643406748771667480e-01,-7.154490053653717041e-02,-1.169422343373298645e-01,1.935328473336994648e-04,-2.176371514797210693e-01,-1.913107633590698242e-01,-2.228323817253112793e-01,-8.190638571977615356e-02,-6.968412548303604126e-02,-6.466618180274963379e-02,-1.414745151996612549e-01,-1.468024253845214844e-01,-2.218318432569503784e-01,-6.412333250045776367e-02,-7.935421913862228394e-02,-5.975817888975143433e-02,-7.735653966665267944e-02,-3.200422599911689758e-02,9.328527003526687622e-02,-8.017286658287048340e-02,-8.012773096561431885e-02,-2.706096470355987549e-01,-2.860201597213745117e-01,-2.305610179901123047e-01,-7.352677732706069946e-02,-1.550714857876300812e-02,1.605825126171112061e-02,-2.162566184997558594e-01,-1.691969782114028931e-01,9.603113681077957153e-02,4.817673936486244202e-02,-1.390404701232910156e-01,-2.397860139608383179e-01,-2.203972786664962769e-01,-2.178457826375961304e-01,2.129887789487838745e-02,7.174821197986602783e-02,-6.917772442102432251e-02,-1.437375247478485107e-01,-1.550393700599670410e-01,5.431805551052093506e-02,-1.019342839717864990e-01,-1.498049311339855194e-02,-1.197545155882835388e-01,1.387758739292621613e-02,-8.029185980558395386e-02,-1.218923479318618774e-01,-2.441228926181793213e-01,-2.539812624454498291e-01,2.907403558492660522e-02,-3.470735996961593628e-02,-6.438935548067092896e-02,-1.346118599176406860e-01,-4.739492014050483704e-02,8.482864126563072205e-03,-9.709639847278594971e-02,4.748168587684631348e-02,1.143419668078422546e-01,1.725446879863739014e-01,-4.975444078445434570e-02,4.685539752244949341e-02,-1.041596606373786926e-01,-1.153426617383956909e-01,-1.727844774723052979e-01,-1.648345738649368286e-01,-6.639003753662109375e-02,-2.972957305610179901e-02,-1.645873785018920898e-01,-1.494384855031967163e-01,-1.316411495208740234e-01,6.805475056171417236e-02,-1.287065893411636353e-01,-9.298030287027359009e-03,1.556137762963771820e-02,-1.406776756048202515e-01,-1.367170810699462891e-01,-9.560210257768630981e-02,2.598988637328147888e-02,-1.639593392610549927e-01,-9.655504673719406128e-02,1.706417798995971680e-01
-2.290259599685668945e-01,-3.053138852119445801e-01,4.287901222705841064e-01,4.195227622985839844e-01,5.621496438980102539e-01,0.000000000000000000e+00,2.814047038555145264e-01,3.410616219043731689e-01,5.726748704910278320e-01,5.690602064132690430e-01,7.865024358034133911e-02,-4.365503042936325073e-02,5.158129706978797913e-02,1.287495195865631104e-01,1.580328345298767090e-01,4.575046151876449585e-02,-1.698021143674850464e-01,-4.328998923301696777e-02,-2.114669233560562134e-01,-2.628027498722076416e-01,-9.859801828861236572e-02,-4.072337970137596130e-02,2.494487911462783813e-01,4.167045950889587402e-01,2.965494990348815918e-01,4.537726938724517822e-01,5.253161117434501648e-02,1.380281299352645874e-01,-9.880499541759490967e-02,-7.730752974748611450e-02,6.254645437002182007e-02,1.616524755954742432e-01,-3.676058351993560791e-02,-1.294369399547576904e-01,-1.528414040803909302e-01,-2.085357755422592163e-01,5.495896935462951660e-02,-1.727165095508098602e-02,5.994257982820272446e-03,-1.576455235481262207e-01,-2.095568180084228516e-02,-1.017323806881904602e-01,-2.136859595775604248e-01,-2.353307902812957764e-01,-2.076858431100845337e-01,-2.899197041988372803e-01,-2.420513033866882324e-01,-3.295858800411224365e-01,-2.086553126573562622e-01,-1.764447987079620361e-01,-2.602647542953491211e-01,-2.512759268283843994e-01,-1.079036444425582886e-01,1.157632991671562195e-01,-2.721590101718902588e-01,-8.810754120349884033e-02,-2.679385840892791748e-01,-2.708259522914886475e-01,-4.285446405410766602e-01,-2.669978439807891846e-01,-4.192648455500602722e-02,6.118856370449066162e-02,-2.882370650768280029e-01,-2.390868812799453735e-01,8.397562801837921143e-02,8.558940887451171875e-02,-2.229514718055725098e-01,-3.314212858676910400e-01,-9.552765637636184692e-02,-1.194233223795890808e-01,6.285502761602401733e-02,1.366760134696960449e-01,1.642514951527118683e-02,-5.783949047327041626e-02,-2.098502367734909058e-01,-1.493370532989501953e-01,-2.600404433906078339e-02,2.265480905771255493e-02,-5.066330730915069580e-02,1.097564846277236938e-01,2.083667181432247162e-02,-7.648951141163706779e-04,-1.865079104900360107e-01,-1.763981133699417114e-01,5.216000974178314209e-02,-7.522796839475631714e-02,-3.884753212332725525e-02,-1.422026902437210083e-01,-6.272497028112411499e-02,3.526043891906738281e-02,5.845927633345127106e-03,7.031991332769393921e-02,2.293383181095123291e-01,1.739282459020614624e-01,-2.111362060531973839e-03,1.450812094844877720e-03,-8.286999166011810303e-02,-1.575556099414825439e-01,-1.215061992406845093e-01,-9.453511983156204224e-02,-2.959690243005752563e-02,2.010368742048740387e-02,-7.443684339523315430e-02,-1.479966472834348679e-02,-1.184069290757179260e-01,5.127498134970664978e-02,-2.363516539335250854e-01,-6.669330596923828125e-02,-5.491977930068969727e-02,-1.472160220146179199e-01,-8.357965201139450073e-02,-9.002185612916946411e-02,4.424790665507316589e-02,1.145169232040643692e-02,-3.649849444627761841e-02,1.147972643375396729e-01
-9.807224571704864502e-02,-2.156496644020080566e-01,4.799727499485015869e-01,4.060229063034057617e-01,2.720217704772949219e-01,2.814047038555145264e-01,0.000000000000000000e+00,4.484005272388458252e-01,4.018622934818267822e-01,3.894377946853637695e-01,5.886683985590934753e-02,7.212402671575546265e-02,3.637595176696777344e-01,1.736038327217102051e-01,6.638392060995101929e-02,-1.200934126973152161e-01,-2.864235341548919678e-01,-1.699693053960800171e-01,4.839476197957992554e-02,-1.170285120606422424e-01,-1.359356045722961426e-01,-2.781694233417510986e-01,3.511537015438079834e-01,3.261885046958923340e-01,-1.693406142294406891e-03,5.782334133982658386e-02,-1.641217321157455444e-01,-1.080832350999116898e-02,-6.319577805697917938e-03,-1.977404356002807617e-01,3.675995394587516785e-02,1.772552728652954102e-01,-3.463495522737503052e-02,-6.673470884561538696e-02,-1.041841059923171997e-01,-2.512813210487365723e-01,-3.036417663097381592e-01,-1.200002059340476990e-01,4.603895545005798340e-02,-1.903853863477706909e-01,-1.751747131347656250e-01,-2.727794349193572998e-01,3.033318743109703064e-02,-9.014762938022613525e-02,-2.088197320699691772e-01,-2.674823999404907227e-01,-3.242079317569732666e-01,-2.276709228754043579e-01,-2.097502648830413818e-01,-9.008225798606872559e-02,-1.628928333520889282e-01,-1.511926800012588501e-01,-1.087861955165863037e-01,2.246338427066802979e-01,-3.429600000381469727e-01,-2.903138101100921631e-01,-2.578523755073547363e-01,-1.198781281709671021e-01,-1.669766455888748169e-01,-2.335256338119506836e-01,3.034509420394897461e-01,2.972952723503112793e-01,-2.031421512365341187e-01,-1.961905956268310547e-01,1.576684862375259399e-01,1.160375922918319702e-01,-2.128164768218994141e-01,-3.149533271789550781e-01,-1.448197811841964722e-01,1.746503561735153198e-01,-5.760782957077026367e-02,1.399073898792266846e-01,-2.988205477595329285e-02,-1.080258861184120178e-01,-7.915689051151275635e-02,6.085496023297309875e-02,-2.383563518524169922e-01,-2.163484692573547363e-01,-2.752930223941802979e-01,-9.576867520809173584e-02,-2.736754119396209717e-01,-2.807624936103820801e-01,-4.238628149032592773e-01,-3.069694042205810547e-01,-1.709217280149459839e-01,-1.791194230318069458e-01,-2.784548103809356689e-01,-2.719854712486267090e-01,-1.167626008391380310e-01,1.284578442573547363e-01,-7.435540109872817993e-02,2.987869679927825928e-01,3.251339197158813477e-01,4.024119079113006592e-01,8.743721991777420044e-02,8.175575174391269684e-03,-1.822057962417602539e-01,-2.795218229293823242e-01,-2.875118851661682129e-01,-2.884057760238647461e-01,-5.910582467913627625e-02,2.283912748098373413e-01,-3.020118772983551025e-01,-1.480796635150909424e-01,-2.877239286899566650e-01,9.472062438726425171e-02,-9.552840143442153931e-02,-1.601136773824691772e-01,-7.124503701925277710e-02,-2.281906828284263611e-02,-2.440439313650131226e-01,-1.244482770562171936e-01,2.564183175563812256e-01,-3.712006285786628723e-02,-1.120981201529502869e-01,1.664255857467651367e-01
-3.642576932907104492e-02,-3.988276422023773193e-02,6.885542720556259155e-02,4.594331383705139160e-01,1.850370168685913086e-01,3.410616219043731689e-01,4.484005272388458252e-01,0.000000000000000000e+00,2.447598427534103394e-01,3.284921944141387939e-01,2.174038290977478027e-01,3.208194971084594727e-01,1.684813797473907471e-01,2.947502434253692627e-01,-1.059086248278617859e-01,-1.557404994964599609e-01,-1.764288991689682007e-01,-7.459589093923568726e-02,1.833599954843521118e-01,5.485565867274999619e-03,-3.521700501441955566e-01,-2.641024291515350342e-01,-1.869291812181472778e-02,2.328922599554061890e-01,-3.173207342624664307e-01,-1.395043581724166870e-01,-2.381863445043563843e-01,-1.045608818531036377e-01,-2.963997237384319305e-02,-1.085548996925354004e-01,-1.364895999431610107e-01,8.883959054946899414e-02,-1.890860944986343384e-01,-4.873470589518547058e-02,-3.566172122955322266e-01,-3.550021648406982422e-01,-3.104383051395416260e-01,-1.820984333753585815e-01,-1.680537462234497070e-01,-3.137464225292205811e-01,-2.654870450496673584e-01,-3.126944601535797119e-01,5.461054854094982147e-03,-1.539877653121948242e-01,-1.871725320816040039e-01,-2.051674127578735352e-01,-1.055088713765144348e-01,-2.145351618528366089e-01,-1.228848621249198914e-01,4.510071128606796265e-02,-2.539064586162567139e-01,-9.167335182428359985e-02,-1.030836030840873718e-01,1.739760041236877441e-01,-2.814773321151733398e-01,-2.552187442779541016e-01,-2.178309112787246704e-01,-7.443749159574508667e-02,-1.643506139516830444e-01,-5.634179711341857910e-02,3.554348647594451904e-01,6.039328575134277344e-01,-1.793540567159652710e-01,-1.568185985088348389e-01,-2.252360880374908447e-01,3.636839985847473145e-01,-5.459479689598083496e-01,-4.014564454555511475e-01,-2.157547324895858765e-01,8.514978736639022827e-02,-9.130053967237472534e-02,4.949595779180526733e-02,1.544500514864921570e-02,-1.762930490076541901e-02,4.015982151031494141e-02,-1.127680316567420959e-01,-1.599609404802322388e-01,-6.588068604469299316e-02,-1.157870516180992126e-01,5.141123011708259583e-02,-2.924740128219127655e-02,-2.567483298480510712e-02,-3.197571933269500732e-01,-3.015328645706176758e-01,-2.711666226387023926e-01,-3.066223859786987305e-01,-2.825128138065338135e-01,-2.884972095489501953e-01,-2.395257353782653809e-01,-1.042108982801437378e-01,9.132425487041473389e-02,1.099040657281875610e-01,3.413785099983215332e-01,1.657917946577072144e-01,7.227828353643417358e-02,1.228721439838409424e-01,5.487342923879623413e-02,-1.134666427969932556e-01,-6.069711409509181976e-03,-1.372613310813903809e-01,8.725637942552566528e-02,1.340202540159225464e-01,-1.712970882654190063e-01,-1.428409069776535034e-01,-4.310942813754081726e-02,-8.182810246944427490e-02,-5.672059208154678345e-02,-1.368450075387954712e-01,-3.608704730868339539e-02,1.939512416720390320e-02,-8.933486789464950562e-02,-3.978589549660682678e-02,1.800117790699005127e-01,3.656036406755447388e-02,-5.626987665891647339e-02,2.030159085988998413e-01
-1.226548701524734497e-01,-2.132084369659423828e-01,5.307484865188598633e-01,3.507784307003021240e-01,7.420547604560852051e-01,5.726748704910278320e-01,4.018622934818267822e-01,2.447598427534103394e-01,0.000000000000000000e+00,6.565613746643066406e-01,1.460862718522548676e-02,-4.986129328608512878e-02,1.184346750378608704e-01,1.486202627420425415e-01,1.567626595497131348e-01,-4.174026101827621460e-02,-2.035266309976577759e-01,-7.242089509963989258e-02,-1.771178841590881348e-01,-1.913763880729675293e-01,-1.825140714645385742e-01,-2.473046034574508667e-01,1.525611579418182373e-01,1.958310902118682861e-01,1.682249307632446289e-01,2.409236580133438110e-01,-6.433508545160293579e-02,3.070249781012535095e-02,-3.274064883589744568e-02,-1.486314833164215088e-01,-5.634320899844169617e-03,6.356240808963775635e-02,-3.593232110142707825e-02,-1.013595536351203918e-01,-1.958142668008804321e-01,-2.333466112613677979e-01,-2.028356641530990601e-01,-1.823902130126953125e-01,5.890696123242378235e-02,-2.174960225820541382e-01,-2.097987085580825806e-01,-2.411013841629028320e-01,-5.874479934573173523e-02,-1.269875019788742065e-01,-1.139608845114707947e-01,-1.351045966148376465e-01,-1.710554659366607666e-01,-2.157781124114990234e-01,-4.824538901448249817e-02,4.778651986271142960e-03,-2.518665604293346405e-02,-4.431708902120590210e-02,3.279517963528633118e-02,1.759653538465499878e-01,-1.339763998985290527e-01,-1.912723779678344727e-01,-2.256492674350738525e-01,-1.688236594200134277e-01,-2.180711030960083008e-01,-8.988375961780548096e-02,-8.079075254499912262e-03,-5.598379764705896378e-03,-1.466119885444641113e-01,-1.125179007649421692e-01,-9.123966097831726074e-03,-7.368079572916030884e-02,-2.409887313842773438e-01,-3.290866911411285400e-01,-2.342294156551361084e-01,-1.095577254891395569e-01,-7.694922387599945068e-02,1.895346119999885559e-02,-1.243141666054725647e-01,-2.167075425386428833e-01,-1.374194920063018799e-01,6.121698766946792603e-02,-2.105566412210464478e-01,-7.320602983236312866e-02,-2.009274810552597046e-01,-5.274961143732070923e-02,-1.461369097232818604e-01,-2.022368609905242920e-01,-3.489463925361633301e-01,-3.930676877498626709e-01,-5.565853789448738098e-02,-1.008878424763679504e-01,-1.487916260957717896e-01,-1.858049184083938599e-01,-6.429740041494369507e-02,2.243127673864364624e-03,-1.583408117294311523e-01,5.365188047289848328e-02,9.902380406856536865e-02,2.202855497598648071e-01,1.886681281030178070e-02,6.665264070034027100e-02,-7.695946842432022095e-02,-8.562429994344711304e-02,-2.009150683879852295e-01,-1.940159946680068970e-01,1.449885661713778973e-03,8.287970721721649170e-02,-1.346994042396545410e-01,-8.402084559202194214e-02,-1.858361661434173584e-01,6.735233962535858154e-02,-1.719025075435638428e-01,-1.241832077503204346e-01,-2.650810778141021729e-02,-1.275688856840133667e-01,-1.502608209848403931e-01,-6.029038131237030029e-02,1.001378223299980164e-01,-5.806147307157516479e-02,-1.699382513761520386e-01,2.008028179407119751e-01
-2.316052764654159546e-01,-3.862200677394866943e-01,3.638004064559936523e-01,3.867505490779876709e-01,6.120867729187011719e-01,5.690602064132690430e-01,3.894377946853637695e-01,3.284921944141387939e-01,6.565613746643066406e-01,0.000000000000000000e+00,7.726272940635681152e-02,1.295714825391769409e-01,2.192880660295486450e-01,2.593533098697662354e-01,3.622780144214630127e-01,2.446912378072738647e-01,-2.433473914861679077e-01,-5.338265746831893921e-02,-2.486809790134429932e-01,-3.456667363643646240e-01,-1.184872388839721680e-01,-1.035615354776382446e-01,2.221589982509613037e-01,3.399096727371215820e-01,1.786044836044311523e-01,2.896474897861480713e-01,1.524109840393066406e-01,2.785009741783142090e-01,-9.033120423555374146e-02,-1.607380211353302002e-01,4.154271259903907776e-02,1.940250396728515625e-01,-1.260146200656890869e-01,-1.806473881006240845e-01,-1.891969591379165649e-01,-1.908846646547317505e-01,-1.266233772039413452e-01,2.483059838414192200e-02,1.254512220621109009e-01,-9.841395169496536255e-02,-1.260932236909866333e-01,-2.274788767099380493e-01,-8.697687834501266479e-02,-1.926415264606475830e-01,-2.798979878425598145e-01,-3.275125920772552490e-01,-3.320256173610687256e-01,-4.252904355525970459e-01,-2.856467366218566895e-01,-2.125197052955627441e-01,-2.305044382810592651e-01,-2.200639396905899048e-01,-2.790396511554718018e-01,7.995704561471939087e-02,-3.224590122699737549e-01,-2.805191278457641602e-01,-3.816954195499420166e-01,-2.971289455890655518e-01,-3.752277791500091553e-01,-1.450196951627731323e-01,-4.550693184137344360e-02,1.681530773639678955e-01,-2.800493836402893066e-01,-1.512112617492675781e-01,1.285341978073120117e-01,2.305746525526046753e-01,-2.000459134578704834e-01,-2.874649465084075928e-01,-2.333282381296157837e-01,-1.391643732786178589e-01,4.628310352563858032e-02,1.943946480751037598e-01,-3.097937628626823425e-02,-1.265077739953994751e-01,-4.080709442496299744e-02,1.167110502719879150e-01,-6.860751658678054810e-02,1.239187866449356079e-01,-2.681127786636352539e-01,5.141659826040267944e-02,-1.080755293369293213e-01,-7.862595468759536743e-02,-2.702861130237579346e-01,-1.932775825262069702e-01,5.056086182594299316e-02,-4.340721294283866882e-02,1.000544875860214233e-01,6.129673868417739868e-02,2.278701029717922211e-02,7.044485211372375488e-02,-9.685762226581573486e-02,4.586447402834892273e-02,9.202803671360015869e-02,1.753694862127304077e-01,3.029264335054904222e-04,3.645225241780281067e-02,-1.273266822099685669e-01,-1.317024230957031250e-01,-6.085975095629692078e-02,-1.181046888232231140e-01,-1.720654815435409546e-01,-7.148528844118118286e-02,-8.027680218219757080e-02,-1.074776500463485718e-01,-2.122266739606857300e-01,-8.166420273482799530e-03,-1.990395598113536835e-02,4.277143999934196472e-02,-4.620942473411560059e-02,-1.824281513690948486e-01,-7.721938192844390869e-02,-2.007566578686237335e-02,-4.179398342967033386e-02,-5.120482668280601501e-02,-1.217290312051773071e-01,1.649962514638900757e-01
2.183231264352798462e-01,5.240710079669952393e-02,-1.702271252870559692e-01,-3.044037148356437683e-02,6.498443335294723511e-02,7.865024358034133911e-02,5.886683985590934753e-02,2.174038290977478027e-01,1.460862718522548676e-02,7.726272940635681152e-02,0.000000000000000000e+00,4.861066341400146484e-01,5.218142271041870117e-01,4.209046959877014160e-01,1.307433843612670898e-01,2.068873941898345947e-01,2.664804458618164062e-01,2.801416218280792236e-01,3.168416917324066162e-01,6.291415542364120483e-02,-8.592290803790092468e-03,-4.099363833665847778e-02,3.464244073256850243e-03,4.684465378522872925e-02,-2.098978124558925629e-02,-1.498460117727518082e-02,7.589332759380340576e-02,9.181479364633560181e-02,2.165321111679077148e-01,1.948944181203842163e-01,2.623634040355682373e-01,1.176463887095451355e-01,-9.668271988630294800e-02,-5.117662250995635986e-02,-2.322328388690948486e-01,-1.429570019245147705e-01,-2.630709297955036163e-02,-5.229542031884193420e-02,-1.661298274993896484e-01,-1.692556440830230713e-01,-2.831661701202392578e-02,1.444957405328750610e-02,-6.114483997225761414e-02,-5.978768318891525269e-02,-3.722096383571624756e-01,-1.876306235790252686e-01,-1.205615624785423279e-01,-3.047203719615936279e-01,-1.788711398839950562e-01,-1.699011325836181641e-01,-8.521657437086105347e-02,-3.658767789602279663e-02,-1.145867109298706055e-01,1.338454708456993103e-02,-1.916527301073074341e-01,-3.858248889446258545e-02,-3.191974386572837830e-02,-2.019835449755191803e-02,-1.997550576925277710e-01,-2.107670158147811890e-01,1.116789598017930984e-02,8.133305609226226807e-02,1.620195060968399048e-01,1.333757489919662476e-01,-1.022492572665214539e-01,1.416850835084915161e-01,-2.764015793800354004e-01,-2.956274151802062988e-01,-2.423481643199920654e-02,-1.195848062634468079e-01,1.917701661586761475e-01,2.226128429174423218e-01,3.223890364170074463e-01,3.020785152912139893e-01,7.525793462991714478e-02,6.011674180626869202e-02,1.842150688171386719e-01,1.746118515729904175e-01,1.848045736551284790e-01,2.871481478214263916e-01,3.613355755805969238e-01,2.781330943107604980e-01,4.840358719229698181e-02,-1.279633399099111557e-02,1.951771974563598633e-01,9.417003951966762543e-03,1.148226931691169739e-01,-1.260244250297546387e-01,-4.219840094447135925e-02,-2.048396691679954529e-02,-3.167519718408584595e-02,-2.031283229589462280e-01,-7.925350964069366455e-02,-1.599641591310501099e-01,-1.870740801095962524e-01,-9.466189891099929810e-02,-1.191300600767135620e-01,-1.755427718162536621e-01,4.987662285566329956e-02,1.105957552790641785e-01,-1.168680340051651001e-01,-1.476573646068572998e-01,-1.722430288791656494e-01,-1.219256222248077393e-01,-2.381449490785598755e-01,-3.094970881938934326e-01,-5.888317525386810303e-02,-1.271071135997772217e-01,-3.401613608002662659e-02,-8.181752264499664307e-02,-1.194271594285964966e-01,-1.684880107641220093e-01,-2.310834676027297974e-01,-1.639948338270187378e-01,-4.436974599957466125e-02,3.936876356601715088e-02
1.225051283836364746e-01,3.719067573547363281e-02,-3.621126711368560791e-01,-1.153806373476982117e-01,1.734405197203159332e-02,-4.365503042936325073e-02,7.212402671575546265e-02,3.208194971084594727e-01,-4.986129328608512878e-02,1.295714825391769409e-01,4.861066341400146484e-01,0.000000000000000000e+00,4.506877362728118896e-01,5.600319504737854004e-01,2.811151444911956787e-01,4.109449088573455811e-01,2.431388199329376221e-01,2.559321224689483643e-01,2.504613697528839111e-01,8.527623862028121948e-02,-3.707707673311233521e-02,-3.346708416938781738e-02,-1.862195730209350586e-01,2.576122246682643890e-02,-2.140752077102661133e-01,-1.797390431165695190e-01,1.719797700643539429e-01,2.288312613964080811e-01,3.001159429550170898e-01,2.870453000068664551e-01,9.870791435241699219e-02,2.260566204786300659e-01,-2.644671797752380371e-01,-2.274047955870628357e-02,-3.592079281806945801e-01,-3.316980898380279541e-01,-5.430920422077178955e-02,-9.698396921157836914e-02,-1.509024053812026978e-01,-1.161884218454360962e-01,-7.211092859506607056e-02,-1.439376734197139740e-02,8.249431848526000977e-02,1.466774642467498779e-01,-2.800572216510772705e-01,-1.567781269550323486e-01,1.410980243235826492e-02,-1.363514661788940430e-01,-1.024880036711692810e-01,-1.032026112079620361e-01,-6.137450411915779114e-02,1.509184762835502625e-02,-2.248374074697494507e-01,-5.961476266384124756e-02,-1.808203905820846558e-01,8.342235535383224487e-02,-3.635639697313308716e-02,-9.400539100170135498e-02,-1.650183089077472687e-02,-1.816380396485328674e-02,1.927064955234527588e-01,3.742799460887908936e-01,1.293282955884933472e-01,1.333043575286865234e-01,-2.310558408498764038e-01,3.157119452953338623e-01,-3.285635709762573242e-01,-2.305610924959182739e-01,-5.161481723189353943e-02,-1.534965932369232178e-01,1.998366862535476685e-01,2.631196379661560059e-01,2.766577303409576416e-01,3.441748321056365967e-01,1.969436556100845337e-01,1.809971332550048828e-01,2.016508281230926514e-01,2.932453453540802002e-01,5.765745416283607483e-02,3.229018449783325195e-01,2.205351740121841431e-01,2.867000401020050049e-01,-1.378398481756448746e-02,5.893413349986076355e-02,-1.506561785936355591e-02,1.454541385173797607e-01,1.111196577548980713e-01,1.628248393535614014e-02,-2.263996154069900513e-01,8.604654669761657715e-02,-4.111687466502189636e-02,-2.154462337493896484e-01,-9.482481330633163452e-02,-1.559602022171020508e-01,-2.113408893346786499e-01,-1.518970131874084473e-01,-2.296306043863296509e-01,-1.798696815967559814e-01,1.282660067081451416e-01,7.685851305723190308e-02,-9.427773207426071167e-02,-1.662410348653793335e-01,-1.015964150428771973e-01,-1.284848600625991821e-01,-2.907549440860748291e-01,-3.779820799827575684e-01,8.247202634811401367e-02,7.859620451927185059e-02,-1.243707835674285889e-01,-9.043513238430023193e-02,-1.232502534985542297e-01,-1.050386577844619751e-01,-1.637845039367675781e-01,-2.995769977569580078e-01,1.336340978741645813e-02,-1.680959463119506836e-01
1.407774239778518677e-01,-1.101867780089378357e-01,2.795429155230522156e-02,1.038412004709243774e-02,4.730173572897911072e-02,5.158129706978797913e-02,3.637595176696777344e-01,1.684813797473907471e-01,1.184346750378608704e-01,2.192880660295486450e-01,5.218142271041870117e-01,4.506877362728118896e-01,0.000000000000000000e+00,4.584399759769439697e-01,2.147979140281677246e-01,2.178709059953689575e-01,3.742913529276847839e-02,1.474628746509552002e-01,2.623193264007568359e-01,1.707435003481805325e-03,6.201870739459991455e-02,-9.972886741161346436e-02,1.590765118598937988e-01,1.924677342176437378e-01,-2.657384611666202545e-02,-2.657239697873592377e-02,-1.855606958270072937e-02,1.061978861689567566e-01,2.453914284706115723e-01,1.208240389823913574e-01,1.922574639320373535e-01,1.908103227615356445e-01,-2.211502939462661743e-01,-2.369430959224700928e-01,-2.193289101123809814e-01,-2.281998097896575928e-01,-5.475032329559326172e-02,8.572354167699813843e-02,1.027045175433158875e-01,9.568708948791027069e-03,2.940793707966804504e-02,4.138541221618652344e-02,-4.788845777511596680e-02,-3.350533172488212585e-02,-4.280107617378234863e-01,-3.173345327377319336e-01,-2.157621830701828003e-01,-2.175600975751876831e-01,-2.833601832389831543e-01,-2.077091187238693237e-01,-1.229432001709938049e-01,-1.118964403867721558e-01,-1.012692898511886597e-01,2.580217830836772919e-02,-2.936273515224456787e-01,-1.370105296373367310e-01,-1.694189608097076416e-01,-8.295251429080963135e-02,-2.218739390373229980e-01,-2.938882410526275635e-01,1.143363025039434433e-02,3.490410372614860535e-02,1.596457883715629578e-02,-2.945989370346069336e-02,-1.764496229588985443e-02,6.566021591424942017e-02,-1.949953138828277588e-01,-3.296139836311340332e-01,2.109587937593460083e-02,5.047854036092758179e-02,2.072113901376724243e-01,2.865459620952606201e-01,3.010692000389099121e-01,2.772524952888488770e-01,8.259629458189010620e-02,1.793549805879592896e-01,-2.585810422897338867e-02,5.260963737964630127e-02,-4.681801423430442810e-02,1.880272626876831055e-01,1.186963021755218506e-01,1.404941231012344360e-01,-8.720206469297409058e-02,-1.981562934815883636e-02,1.983266323804855347e-01,2.892132103443145752e-02,1.050917133688926697e-01,-5.133279599249362946e-03,6.139302626252174377e-02,8.725383877754211426e-02,-1.278158128261566162e-01,-9.667944163084030151e-02,-5.080072209239006042e-02,-3.100155293941497803e-02,-6.067132204771041870e-02,-1.975413560867309570e-01,-2.881977856159210205e-01,-3.362860083580017090e-01,-5.781954899430274963e-02,8.145789615809917450e-03,-9.439247846603393555e-02,-8.020101487636566162e-02,-1.735983043909072876e-01,-1.026036068797111511e-01,-3.999866843223571777e-01,-2.979618906974792480e-01,5.373408645391464233e-02,-1.441258192062377930e-01,-1.123338565230369568e-01,-1.163615286350250244e-01,-1.702947467565536499e-01,-1.446418762207031250e-01,-1.457143276929855347e-01,-1.885779052972793579e-01,-4.710063710808753967e-02,-3.965244814753532410e-02
