0.000000000000000000e+00,5.550541281700134277e-01,3.163294196128845215e-01,2.124833166599273682e-01,-8.763432502746582031e-03,-1.661399453878402710e-01,2.775553166866302490e-01,1.989853382110595703e-01,8.745739609003067017e-02,-3.452575206756591797e-02,3.133209049701690674e-01,1.901014149188995361e-01,3.153920769691467285e-01,1.088764294981956482e-01,2.192899584770202637e-01,5.945349112153053284e-02,7.992731779813766479e-02,1.184624135494232178e-01,4.188918173313140869e-01,3.499727249145507812e-01,-1.087653338909149170e-01,-4.634679108858108521e-02,1.630924642086029053e-01,5.725319311022758484e-02,-5.452927574515342712e-02,-6.698884069919586182e-02,-3.210447728633880615e-02,3.250724449753761292e-02,1.723355799913406372e-01,6.996171176433563232e-02,1.623923927545547485e-01,6.312731653451919556e-02,3.308125436305999756e-01,3.089103698730468750e-01,8.817376941442489624e-02,1.580501208081841469e-03,-2.423369139432907104e-01,-2.963323891162872314e-01,-2.879695296287536621e-01,-1.663071066141128540e-01,-2.377927675843238831e-02,-8.409062772989273071e-02,-2.541727721691131592e-01,1.049008965492248535e-01,-1.357115209102630615e-01,-3.321465849876403809e-01,-3.804575800895690918e-01,-3.478518426418304443e-01,-4.763549193739891052e-02,-4.239138215780258179e-03,-2.489415369927883148e-02,-1.545903086662292480e-01,-3.377193808555603027e-01,-3.763588368892669678e-01,-2.759724557399749756e-01,-2.247608006000518799e-01,5.330591201782226562e-01,4.107677042484283447e-01,2.383187264204025269e-01,1.789057403802871704e-01,3.842014074325561523e-01,2.222843021154403687e-01,3.238791525363922119e-01,3.064442873001098633e-01,1.566564142704010010e-01,-6.838875263929367065e-02,-8.479735255241394043e-02,-1.028800755739212036e-01,3.984552323818206787e-01,8.531483262777328491e-02,1.885841190814971924e-01,1.067099198698997498e-01,2.807955741882324219e-01,2.184548527002334595e-01,-5.747311189770698547e-02,1.220236644148826599e-01,2.093497961759567261e-01,1.289627254009246826e-01,4.563810303807258606e-02,1.122029945254325867e-01,-1.060962025076150894e-02,4.971709474921226501e-02,-1.665237918496131897e-02,-1.344359219074249268e-01,1.550286114215850830e-01,-9.034787863492965698e-02,3.206249698996543884e-02,-8.725237101316452026e-02,2.958668954670429230e-02,-3.303299546241760254e-01,-3.995899856090545654e-01,-2.992297708988189697e-01,-4.192719161510467529e-01,-2.392122894525527954e-01,-1.740352064371109009e-01,-2.567736506462097168e-01,-1.221939176321029663e-01,-5.448146164417266846e-02,-2.977022230625152588e-01,-9.424506872892379761e-02,-1.126219183206558228e-01,-6.757318228483200073e-02,-1.026083454489707947e-01,-3.776945546269416809e-02,-1.256301403045654297e-01,-1.096760779619216919e-01,-3.455626592040061951e-02,4.710739478468894958e-02,7.061372697353363037e-02,-3.920151665806770325e-02,-3.303487598896026611e-01,-8.680652827024459839e-02,-2.751991748809814453e-01,4.917467758059501648e-02,-2.200655788183212280e-01,-1.215400323271751404e-01
5.550541281700134277e-01,0.000000000000000000e+00,2.358431071043014526e-01,3.536432683467864990e-01,1.276067048311233521e-01,-1.413914114236831665e-01,1.890720725059509277e-01,3.619843721389770508e-01,1.200583279132843018e-01,-3.215207159519195557e-02,3.128261268138885498e-01,1.761055290699005127e-01,2.408744543790817261e-01,-1.285295840352773666e-02,1.122378706932067871e-01,2.114087902009487152e-02,1.029020175337791443e-01,6.350874900817871094e-02,3.873944878578186035e-01,4.986871778964996338e-01,-1.529039591550827026e-01,-3.353423997759819031e-02,2.469833195209503174e-01,2.081428766250610352e-01,-8.840351551771163940e-02,-7.417197525501251221e-02,-9.461916238069534302e-02,1.081599220633506775e-01,2.086792588233947754e-01,5.722216144204139709e-02,2.428372055292129517e-01,2.077951580286026001e-01,3.031566441059112549e-01,3.997941613197326660e-01,1.227682456374168396e-01,1.023840606212615967e-01,-3.120625615119934082e-01,-2.702459990978240967e-01,-3.115103542804718018e-01,-1.925886124372482300e-01,-5.109256878495216370e-02,-7.180177420377731323e-02,-8.588695526123046875e-02,1.291279643774032593e-01,-7.709119468927383423e-02,-3.903900682926177979e-01,-2.640099227428436279e-01,-2.689573764801025391e-01,-7.776376605033874512e-02,6.880023051053285599e-03,-1.626031100749969482e-02,1.354056689888238907e-02,-2.856250405311584473e-01,-3.286064863204956055e-01,-2.262006402015686035e-01,-2.811553180217742920e-01,6.071185469627380371e-01,5.252076983451843262e-01,1.899658292531967163e-01,1.804902404546737671e-01,3.354946374893188477e-01,2.285627871751785278e-01,2.523763179779052734e-01,2.803009152412414551e-01,2.611452899873256683e-02,-7.641819864511489868e-02,-3.195431828498840332e-02,1.213168911635875702e-02,3.764575719833374023e-01,2.359341382980346680e-01,1.076951622962951660e-01,1.300422996282577515e-01,4.186666905879974365e-01,3.428403735160827637e-01,1.013528779149055481e-01,3.267540782690048218e-02,2.604552209377288818e-01,2.623927891254425049e-01,2.077849358320236206e-01,2.904760539531707764e-01,1.684190146625041962e-02,2.647001296281814575e-02,-5.918390303850173950e-02,-1.745757460594177246e-02,-2.009632810950279236e-02,-1.036071181297302246e-01,-1.325360387563705444e-01,-1.235768869519233704e-01,-6.921558827161788940e-02,-4.054538011550903320e-01,-4.047790467739105225e-01,-3.023259639739990234e-01,-3.913750052452087402e-01,-2.568702995777130127e-01,-8.131373673677444458e-02,-2.075088620185852051e-01,-9.298786520957946777e-02,-7.036279886960983276e-02,-3.596387803554534912e-01,-1.634249836206436157e-01,-1.421404331922531128e-01,-2.523935958743095398e-02,-1.043221279978752136e-01,2.977650845423340797e-03,-1.284909248352050781e-01,-1.361622810363769531e-01,-1.082798764109611511e-01,-7.903604954481124878e-02,-3.632428497076034546e-02,8.007666468620300293e-02,-2.883754670619964600e-01,-1.576091200113296509e-01,-2.777655720710754395e-01,7.595579326152801514e-02,-6.511638313531875610e-02,-2.633315324783325195e-01
3.163294196128845215e-01,2.358431071043014526e-01,0.000000000000000000e+00,4.092085063457489014e-01,-4.155803099274635315e-02,-1.568334847688674927e-01,4.690080881118774414e-01,2.985515892505645752e-01,1.208036094903945923e-01,1.292509436607360840e-01,-6.321312859654426575e-03,9.178563207387924194e-02,2.690065279603004456e-02,1.771628111600875854e-01,-2.838844619691371918e-02,-1.022041961550712585e-01,-3.706315755844116211e-01,-3.026931285858154297e-01,4.742203354835510254e-01,3.091239929199218750e-01,-1.736117154359817505e-01,-1.204340755939483643e-01,3.630014955997467041e-01,3.852023482322692871e-01,-4.837117716670036316e-02,5.137891974300146103e-03,7.645122823305428028e-04,1.079699844121932983e-01,-3.625371158123016357e-01,-3.228041529655456543e-01,-8.228824473917484283e-03,1.173928901553153992e-01,-1.211819499731063843e-01,2.802164759486913681e-03,2.600130140781402588e-01,1.546833366155624390e-01,5.039841309189796448e-02,-1.622428596019744873e-01,-2.359162867069244385e-01,-1.819180399179458618e-01,-1.438980102539062500e-01,-1.198739260435104370e-01,-1.254998594522476196e-01,-1.043468117713928223e-01,-1.329423934221267700e-01,-2.722635269165039062e-01,-1.039837077260017395e-01,-1.734623312950134277e-01,-1.180741190910339355e-01,-9.809856116771697998e-02,-1.516367793083190918e-01,-2.587157487869262695e-01,-1.714367866516113281e-01,-1.476616412401199341e-01,8.134810626506805420e-02,-6.913408637046813965e-02,1.414646059274673462e-01,2.524396479129791260e-01,-2.422234416007995605e-02,-2.128078415989875793e-02,5.501229315996170044e-02,1.743439137935638428e-01,-2.183703780174255371e-01,-2.582502365112304688e-01,2.861624658107757568e-01,2.170768678188323975e-01,1.282570511102676392e-01,1.140048205852508545e-01,3.397555351257324219e-01,5.998187139630317688e-02,2.012750655412673950e-01,1.107337698340415955e-01,1.848468035459518433e-01,1.656795889139175415e-01,6.277645379304885864e-02,1.013367921113967896e-01,7.404388487339019775e-02,1.394437402486801147e-01,-1.434389054775238037e-01,-2.428345829248428345e-01,-3.098151981830596924e-01,-3.230984807014465332e-01,-2.547149062156677246e-01,-2.450632601976394653e-01,9.477796405553817749e-02,-3.163202702999114990e-01,2.650935947895050049e-01,1.769937276840209961e-01,1.589228957891464233e-01,-2.010841369628906250e-01,-1.847624219954013824e-02,-6.635493785142898560e-02,8.932770788669586182e-02,-5.981002375483512878e-02,-2.620933651924133301e-01,-2.113032042980194092e-01,-1.212863549590110779e-01,-1.762500219047069550e-02,-7.706638425588607788e-02,9.265235811471939087e-02,8.906418085098266602e-02,3.130640834569931030e-02,1.361311078071594238e-01,-2.336281351745128632e-02,-5.525650084018707275e-02,-9.889344871044158936e-02,-2.577083930373191833e-02,1.272981893271207809e-02,-1.317580491304397583e-01,-1.372642964124679565e-01,-1.028712838888168335e-01,-7.705834507942199707e-02,3.570114448666572571e-02,-4.789507761597633362e-02,3.714285790920257568e-02,-1.283282190561294556e-01
2.124833166599273682e-01,3.536432683467864990e-01,4.092085063457489014e-01,0.000000000000000000e+00,1.883888542652130127e-01,8.727329224348068237e-02,4.954693317413330078e-01,6.411849260330200195e-01,1.861502528190612793e-01,2.242888957262039185e-01,-6.311440956778824329e-04,1.454551517963409424e-01,-2.224549464881420135e-02,7.516954839229583740e-02,-6.088629737496376038e-02,4.177095741033554077e-02,-1.576430350542068481e-01,-1.910393983125686646e-01,2.642976045608520508e-01,3.729310035705566406e-01,-2.751232683658599854e-01,-1.096635684370994568e-01,4.422670006752014160e-01,5.455923676490783691e-01,1.972857490181922913e-02,2.073750048875808716e-01,7.087561301887035370e-03,2.158405780792236328e-01,-8.468836545944213867e-02,-1.289128959178924561e-01,1.473233252763748169e-01,4.067064523696899414e-01,2.135356329381465912e-02,2.736752927303314209e-01,3.755047619342803955e-01,3.653314113616943359e-01,-2.293121516704559326e-01,-3.302042782306671143e-01,-2.590383589267730713e-01,-1.160524934530258179e-01,-1.839626878499984741e-01,-1.547953933477401733e-01,3.266476839780807495e-02,8.293967694044113159e-02,-2.033849991858005524e-02,-3.336651027202606201e-01,-1.559769809246063232e-01,-2.827384471893310547e-01,-1.563698053359985352e-01,-9.056800603866577148e-02,-2.295144274830818176e-02,-1.339568942785263062e-01,-3.388864099979400635e-01,-1.085464879870414734e-01,-7.525174319744110107e-02,-6.016080453991889954e-02,2.806634604930877686e-01,2.637822628021240234e-01,-3.827329026535153389e-03,1.627537012100219727e-01,2.277146428823471069e-01,4.502019584178924561e-01,-1.018624529242515564e-01,-8.367320895195007324e-02,2.692484557628631592e-01,4.679166078567504883e-01,3.698055148124694824e-01,4.399608671665191650e-01,1.456057876348495483e-01,3.403826653957366943e-01,1.052241995930671692e-01,4.630945622920989990e-02,2.060058265924453735e-01,1.993367969989776611e-01,1.114415377378463745e-01,2.775568328797817230e-02,2.584445774555206299e-01,2.968485951423645020e-01,1.640947163105010986e-01,5.651424452662467957e-02,-4.634074121713638306e-02,-1.215876489877700806e-01,-2.609309256076812744e-01,-1.495396643877029419e-01,-1.636434644460678101e-01,-1.178615838289260864e-01,-2.741355076432228088e-02,1.260607503354549408e-02,8.043879270553588867e-02,-2.003233730792999268e-01,-2.676115632057189941e-01,-3.663492798805236816e-01,-1.038007885217666626e-01,-1.933258026838302612e-01,-2.123714089393615723e-01,-2.484875917434692383e-01,-2.628522515296936035e-01,-1.280329227447509766e-01,-3.883283734321594238e-01,-2.231060266494750977e-01,4.115073010325431824e-02,3.360988572239875793e-02,-4.646400921046733856e-03,-9.996644407510757446e-02,-4.358302056789398193e-02,-9.278429299592971802e-02,-3.369305282831192017e-02,4.454806819558143616e-02,-1.688001751899719238e-01,-1.090762466192245483e-01,-2.854135632514953613e-01,-2.120770961046218872e-01,-2.411847263574600220e-01,4.809859022498130798e-02,-4.745228961110115051e-02,-1.867127418518066406e-01
-8.763432502746582031e-03,1.276067048311233521e-01,-4.155803099274635315e-02,1.883888542652130127e-01,0.000000000000000000e+00,2.059646546840667725e-01,1.390639394521713257e-01,2.148442864418029785e-01,2.751154005527496338e-01,1.787021160125732422e-01,-2.237599343061447144e-02,-1.263238489627838135e-01,-6.438760459423065186e-02,-1.209234669804573059e-01,5.238842219114303589e-02,7.727406919002532959e-02,-4.566306713968515396e-03,-2.189375646412372589e-02,-2.036924660205841064e-02,-3.081189095973968506e-02,-7.468431442975997925e-02,-6.089830026030540466e-02,1.562769562005996704e-01,1.272018104791641235e-01,3.726928681135177612e-02,1.285421997308731079e-01,1.472042798995971680e-01,1.803517788648605347e-01,1.364709734916687012e-01,6.690975278615951538e-04,2.476010322570800781e-01,1.510239094495773315e-01,2.115708589553833008e-01,2.626325488090515137e-01,6.132888048887252808e-02,7.137119024991989136e-02,-1.430780589580535889e-01,-2.278073318302631378e-02,-1.298603415489196777e-01,-1.408603787422180176e-01,-1.280842274427413940e-01,-1.630349308252334595e-01,-1.089612692594528198e-01,-1.294973492622375488e-01,-9.827334433794021606e-02,-1.713022142648696899e-01,-8.974891155958175659e-02,-5.247867107391357422e-02,-5.275008082389831543e-02,-1.550679802894592285e-01,-5.590673908591270447e-02,-3.903282806277275085e-02,2.602786943316459656e-02,-1.188208088278770447e-01,6.171293184161186218e-02,-1.370322406291961670e-01,1.166211366653442383e-01,1.069547142833471298e-02,6.342043727636337280e-02,1.934939026832580566e-01,2.289746850728988647e-01,2.387301325798034668e-01,1.855763979256153107e-02,9.763260930776596069e-02,1.372683513909578323e-02,3.119270317256450653e-02,1.602668166160583496e-01,1.734268367290496826e-01,-1.906254142522811890e-01,-1.167779862880706787e-01,1.123933792114257812e-01,1.144269406795501709e-01,-3.050433099269866943e-02,-6.683959625661373138e-03,-3.378332033753395081e-02,1.378828436136245728e-01,9.836401045322418213e-02,3.878799453377723694e-02,8.619029819965362549e-02,7.822698354721069336e-02,-7.628102321177721024e-03,-3.793193027377128601e-02,-7.805235683917999268e-02,-1.520707458257675171e-02,-2.235027253627777100e-01,-1.059437356889247894e-02,-9.172731637954711914e-02,-2.514942884445190430e-01,-1.403267960995435715e-02,-1.181512884795665741e-02,-1.005021184682846069e-01,-1.354542672634124756e-01,-1.174702271819114685e-01,-2.443104982376098633e-02,-2.924586273729801178e-02,-1.058442145586013794e-01,-3.946299105882644653e-02,-1.069605946540832520e-01,-1.228066682815551758e-01,-1.344194561243057251e-01,-1.442558038979768753e-02,9.223676472902297974e-02,-1.775652915239334106e-02,1.217379514127969742e-02,-1.256682071834802628e-02,-4.296706616878509521e-02,-2.673515863716602325e-02,1.598060596734285355e-03,7.798567414283752441e-02,5.293010175228118896e-02,-8.221971988677978516e-02,8.650703355669975281e-03,-1.947624534368515015e-01,-1.317444350570440292e-02,-5.574536696076393127e-02,6.511776894330978394e-02
-1.661399453878402710e-01,-1.413914114236831665e-01,-1.568334847688674927e-01,8.727329224348068237e-02,2.059646546840667725e-01,0.000000000000000000e+00,1.206634640693664551e-01,1.469515860080718994e-01,3.082720339298248291e-01,2.386015206575393677e-01,-3.557702004909515381e-01,2.266749739646911621e-02,-3.044978678226470947e-01,-9.253931045532226562e-02,-7.402871549129486084e-02,-7.805522531270980835e-02,-2.170242071151733398e-01,-9.679736196994781494e-02,-4.324728995561599731e-02,-7.336448878049850464e-02,1.386145129799842834e-02,-2.100821584463119507e-02,3.936489298939704895e-02,4.971181973814964294e-02,-1.925804093480110168e-02,-2.422155346721410751e-03,1.038921922445297241e-01,1.102482080459594727e-01,-9.168910235166549683e-02,2.747960761189460754e-02,6.020291522145271301e-02,8.700125664472579956e-02,1.799122989177703857e-01,2.061832696199417114e-01,2.317714542150497437e-01,3.338404595851898193e-01,-1.544566750526428223e-01,-9.951303899288177490e-02,-1.049004197120666504e-01,-1.305981725454330444e-01,1.350526884198188782e-02,4.587323591113090515e-02,2.129953652620315552e-01,-1.176421716809272766e-01,1.031027063727378845e-01,1.812199689447879791e-02,1.930292397737503052e-01,1.007979437708854675e-01,-1.863862276077270508e-01,-3.659872710704803467e-02,-7.745546102523803711e-02,-1.481342464685440063e-01,3.627027571201324463e-02,3.824056684970855713e-02,8.195099234580993652e-02,1.063670516014099121e-01,-2.389879971742630005e-01,3.906413912773132324e-03,1.746232807636260986e-01,2.969390153884887695e-01,2.014933824539184570e-01,2.301643043756484985e-01,-1.994529180228710175e-02,-5.368920415639877319e-02,4.381617158651351929e-02,8.815309405326843262e-02,2.910250425338745117e-01,3.812726736068725586e-01,-1.354275047779083252e-01,5.429221317172050476e-02,-4.124441370368003845e-02,-1.412976235151290894e-01,-1.974047422409057617e-01,3.241195157170295715e-02,9.698714315891265869e-02,-5.102154240012168884e-02,4.997741896659135818e-03,5.639766901731491089e-02,-4.045462235808372498e-03,-1.643788069486618042e-01,-4.247475042939186096e-02,-7.558290660381317139e-02,-1.864196807146072388e-01,-1.362240910530090332e-01,-2.559479176998138428e-01,-9.260632097721099854e-02,-1.821632087230682373e-01,5.950796976685523987e-02,1.009183228015899658e-01,1.387379318475723267e-01,1.704203635454177856e-01,2.717325091361999512e-02,8.948360383510589600e-02,-8.658735081553459167e-03,7.178179919719696045e-02,-5.142876133322715759e-02,-1.079860702157020569e-02,-5.719375237822532654e-02,1.192552819848060608e-01,-1.191020384430885315e-01,1.877185553312301636e-01,-7.897806167602539062e-02,8.185462653636932373e-02,-1.616580486297607422e-01,1.214670483022928238e-02,5.831338092684745789e-02,1.167666465044021606e-01,8.569714426994323730e-02,-9.232570976018905640e-02,4.484235122799873352e-02,2.199340239167213440e-02,7.566966116428375244e-02,1.460643112659454346e-02,-1.259658671915531158e-02,-8.545635640621185303e-02,-5.168206989765167236e-02
2.775553166866302490e-01,1.890720725059509277e-01,4.690080881118774414e-01,4.954693317413330078e-01,1.390639394521713257e-01,1.206634640693664551e-01,0.000000000000000000e+00,5.951318740844726562e-01,3.237022459506988525e-01,6.584032624959945679e-02,-2.907483875751495361e-01,3.314366340637207031e-01,-1.165808215737342834e-01,2.389144301414489746e-01,-1.734868586063385010e-01,-3.273514509201049805e-01,-2.905666232109069824e-01,-6.816329434514045715e-03,1.499588042497634888e-01,1.170833408832550049e-01,-7.939317822456359863e-02,-6.257294863462448120e-02,2.237448543310165405e-01,3.319835364818572998e-01,1.007422897964715958e-02,-1.679296954534947872e-03,1.811210624873638153e-02,5.697893723845481873e-02,-2.972840666770935059e-01,2.338355779647827148e-02,5.608985573053359985e-02,2.399562001228332520e-01,1.340089887380599976e-01,2.375099807977676392e-01,4.534140229225158691e-01,4.611466228961944580e-01,-1.289076805114746094e-01,-3.641079068183898926e-01,-2.257571220397949219e-01,-2.011173665523529053e-01,-1.778157800436019897e-01,-9.390898793935775757e-02,-2.630283497273921967e-02,-5.430607870221138000e-02,9.755212068557739258e-02,-2.293207645416259766e-01,-9.136682003736495972e-02,-1.896217018365859985e-01,-1.695158332586288452e-01,-9.649685025215148926e-02,-1.238368265330791473e-02,-3.320655524730682373e-01,-1.477119922637939453e-01,-1.697206199169158936e-01,-3.246716037392616272e-02,-5.188368260860443115e-02,6.098867580294609070e-02,3.877517282962799072e-01,1.674571633338928223e-01,1.391411274671554565e-01,4.053447544574737549e-01,4.037328660488128662e-01,-2.178899496793746948e-01,-9.275411069393157959e-02,4.239283502101898193e-01,3.493132293224334717e-01,4.482956826686859131e-01,4.770811200141906738e-01,6.073655188083648682e-02,1.464803814888000488e-01,5.219684541225433350e-02,-1.634289622306823730e-01,-3.734688460826873779e-02,2.650558575987815857e-02,8.924941718578338623e-02,-1.040906552225351334e-02,6.733746081590652466e-02,1.884060949087142944e-01,1.715857684612274170e-01,-9.892962872982025146e-02,-8.374739438295364380e-02,-2.875459194183349609e-01,-2.202977985143661499e-01,-3.657618165016174316e-01,-8.422730863094329834e-02,-4.592778384685516357e-01,2.974747680127620697e-02,2.458076924085617065e-01,1.896460652351379395e-01,-3.002946674823760986e-01,-1.342342793941497803e-01,-2.416581213474273682e-01,-6.505443900823593140e-02,-2.560120224952697754e-01,-2.025847733020782471e-01,-2.171870321035385132e-01,-1.214668061584234238e-02,2.281092107295989990e-02,-2.024526149034500122e-01,-5.651440843939781189e-02,1.592317372560501099e-01,-2.134588360786437988e-01,1.152169629931449890e-01,-2.340022474527359009e-01,-4.574288055300712585e-02,-1.926465034484863281e-01,8.685556240379810333e-03,2.301327511668205261e-02,-1.087534651160240173e-01,-3.268690034747123718e-02,-2.392667084932327271e-01,-1.103825345635414124e-01,-2.796008624136447906e-02,2.688871137797832489e-02,-1.988945901393890381e-02,-1.221778243780136108e-01
1.989853382110595703e-01,3.619843721389770508e-01,2.985515892505645752e-01,6.411849260330200195e-01,2.148442864418029785e-01,1.469515860080718994e-01,5.951318740844726562e-01,0.000000000000000000e+00,2.341216802597045898e-01,2.500110305845737457e-02,-6.845583766698837280e-02,3.467003405094146729e-01,2.796070650219917297e-02,2.265599370002746582e-01,-8.975146710872650146e-02,-1.150773316621780396e-01,-8.285402506589889526e-02,3.175236284732818604e-02,2.066266834735870361e-01,2.654300630092620850e-01,-1.472588777542114258e-01,-6.309625506401062012e-02,3.050844073295593262e-01,4.252489209175109863e-01,-1.230566203594207764e-02,2.197869308292865753e-02,-1.306479275226593018e-01,5.694407224655151367e-02,-7.929944247007369995e-02,9.718912839889526367e-02,1.682870835065841675e-01,4.281605184078216553e-01,2.282655090093612671e-01,4.213696718215942383e-01,3.979431390762329102e-01,4.430788457393646240e-01,-2.796494066715240479e-01,-4.168066680431365967e-01,-2.022007107734680176e-01,-1.904036700725555420e-01,-1.855869591236114502e-01,-1.260816305875778198e-01,4.616459086537361145e-02,8.876296132802963257e-02,1.043117865920066833e-01,-3.144564926624298096e-01,-2.175824195146560669e-01,-3.316287398338317871e-01,-9.210253506898880005e-02,-1.048569232225418091e-01,6.483714282512664795e-02,-2.538546025753021240e-01,-2.534491121768951416e-01,-2.318693101406097412e-01,-1.206062510609626770e-01,-1.860292702913284302e-01,2.820109426975250244e-01,3.903800547122955322e-01,4.559490829706192017e-02,1.952191144227981567e-01,4.423809349536895752e-01,5.377816557884216309e-01,-8.922198414802551270e-02,6.877946853637695312e-02,2.488883137702941895e-01,3.907264471054077148e-01,3.635575473308563232e-01,4.682486057281494141e-01,-6.491044536232948303e-03,2.430805861949920654e-01,3.728234022855758667e-02,-1.180870607495307922e-01,1.458054333925247192e-01,1.649885326623916626e-01,1.050428822636604309e-01,1.167975948192179203e-03,2.139204144477844238e-01,2.652222812175750732e-01,3.256184756755828857e-01,3.392180427908897400e-02,5.207410827279090881e-02,-8.147398382425308228e-02,-1.224997490644454956e-01,-2.122503370046615601e-01,-6.793148070573806763e-02,-2.960315048694610596e-01,-6.890629976987838745e-02,6.418742984533309937e-02,1.062478870153427124e-01,-3.683621883392333984e-01,-2.874752581119537354e-01,-4.101340472698211670e-01,-1.499570310115814209e-01,-3.559010326862335205e-01,-2.150292396545410156e-01,-2.724274396896362305e-01,-1.733357757329940796e-01,-1.536544114351272583e-01,-4.269801974296569824e-01,-2.212058454751968384e-01,7.955829054117202759e-02,-1.493709236383438110e-01,-3.974068537354469299e-02,-2.954308688640594482e-01,-8.803914487361907959e-02,-2.262438684701919556e-01,-8.920243382453918457e-02,-5.665059760212898254e-02,-1.675149947404861450e-01,-9.019243717193603516e-02,-4.035030901432037354e-01,-2.916735112667083740e-01,-2.557163834571838379e-01,-3.797813504934310913e-02,-1.417129300534725189e-02,-1.499063968658447266e-01
8.745739609003067017e-02,1.200583279132843018e-01,1.208036094903945923e-01,1.861502528190612793e-01,2.751154005527496338e-01,3.082720339298248291e-01,3.237022459506988525e-01,2.341216802597045898e-01,0.000000000000000000e+00,4.646425545215606689e-01,-1.929571926593780518e-01,2.846140265464782715e-01,-2.473608553409576416e-01,-1.993542723357677460e-02,9.800659120082855225e-02,-1.769418269395828247e-01,-3.148927688598632812e-01,1.864042505621910095e-02,1.872015595436096191e-01,4.591282084584236145e-02,-8.139058947563171387e-02,-8.694950491189956665e-02,4.901045188307762146e-02,1.182951927185058594e-01,3.941558673977851868e-02,5.882143042981624603e-03,3.172352313995361328e-01,2.870290875434875488e-01,-1.767091453075408936e-01,9.495195932686328888e-03,1.493538916110992432e-01,2.142669856548309326e-01,2.400865256786346436e-01,2.176058441400527954e-01,2.367585599422454834e-01,2.745743095874786377e-01,-5.847709835506975651e-04,-2.336088418960571289e-01,-1.422253251075744629e-01,-1.251193322241306305e-02,-6.075209937989711761e-03,-2.599418722093105316e-02,-5.137157067656517029e-02,-8.396736532449722290e-02,6.350027024745941162e-02,-9.958112239837646484e-02,-5.481669679284095764e-02,-1.786134392023086548e-01,-2.035914734005928040e-02,-2.344965785741806030e-01,-1.220537722110748291e-01,-1.393549293279647827e-01,-1.099110096693038940e-01,-2.613961696624755859e-01,1.132392417639493942e-02,-1.906051635742187500e-01,-1.428672075271606445e-01,2.578911185264587402e-01,1.809209138154983521e-01,2.489511817693710327e-01,2.811046838760375977e-01,1.494801938533782959e-01,-4.609009716659784317e-03,-7.187242805957794189e-02,1.897157132625579834e-01,4.256164655089378357e-02,2.628175318241119385e-01,3.058739304542541504e-01,5.220839381217956543e-02,4.111088812351226807e-02,3.995542228221893311e-02,5.666110292077064514e-02,-8.030826225876808167e-03,4.828979820013046265e-02,1.413951665163040161e-01,-1.764424592256546021e-01,9.795345366001129150e-03,3.459703549742698669e-02,2.349337749183177948e-02,-7.470056414604187012e-02,-3.163342550396919250e-02,-1.043107584118843079e-01,-1.127662435173988342e-01,-1.354848444461822510e-01,-1.641101241111755371e-01,-3.213487565517425537e-01,2.417452819645404816e-02,2.993461191654205322e-01,3.700952231884002686e-02,-1.758983284235000610e-01,-4.737794771790504456e-02,-2.218926995992660522e-01,-1.196176558732986450e-01,-3.227776587009429932e-01,-4.242116212844848633e-02,-3.811673074960708618e-02,8.893139660358428955e-02,-1.965688169002532959e-02,5.650319508276879787e-05,2.915203571319580078e-02,2.541888952255249023e-01,-1.806750297546386719e-01,2.779589295387268066e-01,-7.648891955614089966e-02,5.422451347112655640e-02,-1.223940104246139526e-01,1.211664974689483643e-01,-5.408148281276226044e-03,3.669582679867744446e-02,3.351081162691116333e-02,-1.217778474092483521e-01,-1.957964710891246796e-02,1.356384903192520142e-01,-8.879348635673522949e-02,1.081618387252092361e-02,3.186358371749520302e-03
-3.452575206756591797e-02,-3.215207159519195557e-02,1.292509436607360840e-01,2.242888957262039185e-01,1.787021160125732422e-01,2.386015206575393677e-01,6.584032624959945679e-02,2.500110305845737457e-02,4.646425545215606689e-01,0.000000000000000000e+00,-3.226726083084940910e-03,-1.063750758767127991e-01,-1.753371506929397583e-01,-1.911693960428237915e-01,2.179072946310043335e-01,2.897736132144927979e-01,-3.075281083583831787e-01,-2.922904193401336670e-01,1.537726968526840210e-01,4.184257984161376953e-02,-1.265473663806915283e-01,-3.575925529003143311e-02,3.011014461517333984e-01,2.639397382736206055e-01,1.064497455954551697e-01,2.658091187477111816e-01,4.013922512531280518e-01,4.982691705226898193e-01,-8.802482485771179199e-02,-2.501959800720214844e-01,1.774894893169403076e-01,2.484332770109176636e-01,2.597468718886375427e-02,1.697619557380676270e-01,1.738693118095397949e-01,1.628923863172531128e-01,-1.479586400091648102e-02,-7.660607993602752686e-02,-1.493486911058425903e-01,4.531154409050941467e-02,-9.032413363456726074e-02,-2.012924253940582275e-01,-1.568074673414230347e-01,-1.756777465343475342e-01,-2.091466337442398071e-01,-2.095437347888946533e-01,5.398456007242202759e-03,-1.397447288036346436e-01,-1.093380376696586609e-01,-3.026601076126098633e-01,-2.664185762405395508e-01,-6.579305976629257202e-02,-1.932747960090637207e-01,-1.475994288921356201e-01,1.098793670535087585e-01,-1.229451745748519897e-01,-1.227678805589675903e-01,-5.431816354393959045e-02,-7.507801800966262817e-02,1.863039135932922363e-01,-1.206312701106071472e-02,1.965141147375106812e-01,-3.113406337797641754e-02,-1.874583959579467773e-01,1.429092437028884888e-01,1.856204420328140259e-01,1.583775132894515991e-01,2.040285021066665649e-01,1.963489776244387031e-04,-1.138857677578926086e-01,1.041096374392509460e-01,2.501775920391082764e-01,5.303995311260223389e-02,-6.435336917638778687e-02,7.249223440885543823e-02,-7.268152385950088501e-02,6.426947563886642456e-02,2.792553231120109558e-02,-2.397824078798294067e-01,-8.884077519178390503e-02,-1.333099156618118286e-01,-1.407372206449508667e-01,-1.455640345811843872e-01,6.864966452121734619e-02,-2.158021181821823120e-01,4.896203801035881042e-02,1.537987440824508667e-01,6.787746399641036987e-02,-5.480252951383590698e-02,1.071923300623893738e-01,-1.355790300294756889e-03,-2.184161245822906494e-01,-1.690723001956939697e-02,-9.890840947628021240e-02,-6.602212786674499512e-02,-1.347101330757141113e-01,-1.132303550839424133e-01,-1.768293380737304688e-01,-6.684511899948120117e-02,-1.327131241559982300e-01,2.142255939543247223e-02,-1.267971354536712170e-03,4.100422561168670654e-02,1.675349473953247070e-02,5.855557322502136230e-02,-5.984048172831535339e-02,9.252894669771194458e-02,3.532318025827407837e-02,1.828878000378608704e-02,3.133482113480567932e-02,-2.328997291624546051e-02,-1.177736371755599976e-01,8.832114399410784245e-04,-1.483168900012969971e-01,-1.067027896642684937e-01,-2.801575139164924622e-02
3.133209049701690674e-01,3.128261268138885498e-01,-6.321312859654426575e-03,-6.311440956778824329e-04,-2.237599343061447144e-02,-3.557702004909515381e-01,-2.907483875751495361e-01,-6.845583766698837280e-02,-1.929571926593780518e-01,-3.226726083084940910e-03,0.000000000000000000e+00,-1.211553588509559631e-01,6.402530074119567871e-01,-6.883215159177780151e-02,3.630818426609039307e-01,4.314144551753997803e-01,2.970969080924987793e-01,-7.593498565256595612e-03,3.187815546989440918e-01,2.964476644992828369e-01,-4.124542698264122009e-02,1.993024349212646484e-01,1.714698821306228638e-01,-2.418779395520687103e-02,-9.476488083600997925e-02,-9.671752341091632843e-04,-1.326812207698822021e-01,5.119624733924865723e-02,4.053023159503936768e-01,-3.916494920849800110e-02,2.217228263616561890e-01,3.434896841645240784e-02,5.577428638935089111e-02,4.099669307470321655e-02,-2.752516567707061768e-01,-4.172843098640441895e-01,-1.319252252578735352e-01,1.127795968204736710e-02,-6.066639721393585205e-02,-9.538158774375915527e-02,2.610580436885356903e-02,-1.623454988002777100e-01,-2.734344601631164551e-01,1.682534217834472656e-01,-2.630359828472137451e-01,-2.115541696548461914e-01,-2.301046103239059448e-01,-2.037048488855361938e-01,7.431410253047943115e-02,-2.113702008500695229e-03,5.310915037989616394e-02,1.691300570964813232e-01,-1.825900375843048096e-01,-1.779617220163345337e-01,-1.755017191171646118e-01,-2.087370902299880981e-01,4.167052805423736572e-01,-1.128149479627609253e-01,-1.856405138969421387e-01,-5.078836809843778610e-03,-1.651236554607748985e-03,-7.936649955809116364e-03,2.745269238948822021e-01,1.924981474876403809e-01,-2.429746836423873901e-01,-2.049621939659118652e-01,-4.194552004337310791e-01,-4.737764298915863037e-01,1.458984017372131348e-01,-3.799074888229370117e-02,2.155109792947769165e-01,2.682268321514129639e-01,3.943223059177398682e-01,1.380658447742462158e-01,-5.301447212696075439e-02,1.690686643123626709e-01,1.814810037612915039e-01,-5.335738137364387512e-02,-1.505333036184310913e-01,1.203512176871299744e-01,-2.924057096242904663e-02,1.463156938552856445e-01,1.377488076686859131e-01,1.946505010128021240e-01,3.112683892250061035e-01,2.749705612659454346e-01,1.274083107709884644e-01,-4.083499014377593994e-01,-9.397208690643310547e-02,-9.163449704647064209e-02,-2.773622274398803711e-01,-1.676280796527862549e-01,-2.712691128253936768e-01,-3.286660090088844299e-02,-1.248901337385177612e-01,-1.741126328706741333e-01,-2.513541877269744873e-01,-2.387710362672805786e-01,-2.975837588310241699e-01,-1.049960553646087646e-01,-3.663503229618072510e-01,6.787508726119995117e-02,-3.223357498645782471e-01,6.877464801073074341e-02,-1.061934828758239746e-01,-7.858657836914062500e-02,-1.642698794603347778e-01,-1.083448827266693115e-01,7.109919190406799316e-02,-1.285232156515121460e-01,-2.106405049562454224e-01,-2.440702021121978760e-01,-3.771975338459014893e-01,1.177466381341218948e-02,-5.238658934831619263e-02,-9.965787827968597412e-02
1.901014149188995361e-01,1.761055290699005127e-01,9.178563207387924194e-02,1.454551517963409424e-01,-1.263238489627838135e-01,2.266749739646911621e-02,3.314366340637207031e-01,3.467003405094146729e-01,2.846140265464782715e-01,-1.063750758767127991e-01,-1.211553588509559631e-01,0.000000000000000000e+00,8.031821995973587036e-02,5.604463815689086914e-01,-1.397018134593963623e-01,-3.664595186710357666e-01,-4.076445475220680237e-02,4.146836996078491211e-01,1.676305830478668213e-01,1.558544784784317017e-01,6.883821636438369751e-02,-1.458678692579269409e-01,-1.870702803134918213e-01,6.680377572774887085e-02,1.095474883913993835e-01,-1.196957752108573914e-01,-2.652080915868282318e-02,-3.597234562039375305e-02,-1.629411280155181885e-01,3.967064917087554932e-01,1.043672207742929459e-02,2.170896232128143311e-01,2.473598569631576538e-01,8.222345262765884399e-02,2.080729901790618896e-01,2.402747422456741333e-01,-4.510026797652244568e-02,-4.555086493492126465e-01,-7.237470149993896484e-02,-7.228075712919235229e-02,-5.722185224294662476e-02,1.535160690546035767e-01,-3.035969845950603485e-02,2.663090825080871582e-01,2.784336209297180176e-01,1.206064131110906601e-02,-2.364955544471740723e-01,-2.957122623920440674e-01,1.660790145397186279e-01,1.251869648694992065e-01,1.827296167612075806e-01,-2.530609667301177979e-01,-1.582761555910110474e-01,-1.283427327871322632e-01,-2.495997101068496704e-01,-1.374075263738632202e-01,-1.309595257043838501e-02,4.999779462814331055e-01,9.436478465795516968e-02,-4.564867541193962097e-02,2.489392906427383423e-01,9.868865460157394409e-02,-2.409029379487037659e-02,1.935198158025741577e-01,1.347190141677856445e-01,8.839374780654907227e-02,2.714985236525535583e-02,1.275568008422851562e-01,1.007568761706352234e-01,1.950461864471435547e-01,-6.051858887076377869e-02,-1.622744351625442505e-01,1.766177415847778320e-01,3.096754848957061768e-01,2.415131330490112305e-01,-2.064521312713623047e-01,4.408636316657066345e-02,1.324635446071624756e-01,2.839975357055664062e-01,2.031002938747406006e-02,1.908344328403472900e-01,8.795944601297378540e-02,2.659396640956401825e-02,-3.690277040004730225e-01,1.074612662196159363e-01,-4.437013566493988037e-01,-2.600508369505405426e-02,5.402546525001525879e-01,1.832042038440704346e-01,-3.665044903755187988e-01,-2.037615925073623657e-01,-2.877472639083862305e-01,-1.713596284389495850e-01,-4.451955854892730713e-01,-1.183921657502651215e-02,-7.866673916578292847e-02,2.121711522340774536e-01,1.700803041458129883e-01,-1.320241093635559082e-01,7.514261454343795776e-02,2.358649522066116333e-01,-2.911772429943084717e-01,2.130249738693237305e-01,-2.096793651580810547e-01,-2.052312251180410385e-03,-1.861443221569061279e-01,-2.237254753708839417e-02,-3.674098104238510132e-02,2.061415836215019226e-02,1.403997391462326050e-01,-3.212600350379943848e-01,-1.654345393180847168e-01,3.398614376783370972e-02,8.133344352245330811e-03,1.239310577511787415e-01,-1.778292097151279449e-02
3.153920769691467285e-01,2.408744543790817261e-01,2.690065279603004456e-02,-2.224549464881420135e-02,-6.438760459423065186e-02,-3.044978678226470947e-01,-1.165808215737342834e-01,2.796070650219917297e-02,-2.473608553409576416e-01,-1.753371506929397583e-01,6.402530074119567871e-01,8.031821995973587036e-02,0.000000000000000000e+00,2.186148017644882202e-01,2.630152404308319092e-01,3.357294499874114990e-01,3.138943612575531006e-01,5.899411067366600037e-02,2.320971041917800903e-01,1.867909133434295654e-01,7.187399268150329590e-02,9.142396599054336548e-02,9.074940532445907593e-02,-2.695904672145843506e-02,7.819129386916756630e-04,-1.918240822851657867e-02,-2.726446986198425293e-01,-9.213032573461532593e-02,3.573952019214630127e-01,1.311217546463012695e-01,2.543935775756835938e-01,3.619253635406494141e-02,1.559593826532363892e-01,4.714195057749748230e-02,-1.680575013160705566e-01,-3.186275362968444824e-01,-1.637236773967742920e-01,-1.198138073086738586e-01,-1.231780424714088440e-01,-1.829953938722610474e-01,-5.573544278740882874e-02,-8.540599048137664795e-02,-3.039657771587371826e-01,1.908648759126663208e-01,-2.041218727827072144e-01,-2.702054381370544434e-01,-2.957688868045806885e-01,-2.351230978965759277e-01,1.110854297876358032e-01,1.274020224809646606e-01,8.184186369180679321e-02,7.044197060167789459e-03,-1.814038157463073730e-01,-6.961403787136077881e-02,-2.766234278678894043e-01,-1.854916363954544067e-01,3.371411561965942383e-01,-3.017443418502807617e-02,-1.292228549718856812e-01,-7.220162451267242432e-02,9.241417795419692993e-02,1.198110356926918030e-01,2.027073651552200317e-01,2.943659424781799316e-01,-1.371660828590393066e-01,-1.666658818721771240e-01,-4.374181628227233887e-01,-4.519460797309875488e-01,4.964332282543182373e-02,-6.600914895534515381e-02,1.804171800613403320e-01,1.287114471197128296e-01,2.925070226192474365e-01,1.209472790360450745e-01,-3.477922081947326660e-02,1.678855866193771362e-01,1.654810011386871338e-01,-3.141542151570320129e-02,-8.585158735513687134e-03,1.010759025812149048e-01,-3.606679150834679604e-03,1.178219839930534363e-01,1.148355454206466675e-01,-4.437012597918510437e-03,2.179958969354629517e-01,1.149315536022186279e-01,1.178896427154541016e-01,-3.061130344867706299e-01,-6.254347506910562515e-03,-8.785270154476165771e-02,-3.087052702903747559e-01,-1.595695465803146362e-01,-2.708978652954101562e-01,1.255032699555158615e-02,-1.281897723674774170e-01,-2.613033950328826904e-01,-1.696295291185379028e-01,-1.238533705472946167e-01,-3.275494277477264404e-01,-1.386161595582962036e-01,-3.741493523120880127e-01,4.488094523549079895e-02,-3.789182901382446289e-01,-1.168902963399887085e-01,-1.111752837896347046e-01,-9.756766259670257568e-02,-1.581967473030090332e-01,-2.081084623932838440e-02,7.485758513212203979e-02,-6.731065362691879272e-02,-2.960766851902008057e-01,-2.825629413127899170e-01,-3.824721872806549072e-01,3.348823264241218567e-02,-3.124151378870010376e-02,-2.481957152485847473e-02
