0.000000000000000000e+00,6.023899316787719727e-01,5.048165321350097656e-01,5.353035330772399902e-01,-2.791319787502288818e-01,-2.882975637912750244e-01,4.561726450920104980e-01,1.698854416608810425e-01,-2.132406830787658691e-01,-2.136646211147308350e-01,2.243115156888961792e-01,2.076582014560699463e-01,3.840342462062835693e-01,1.246483772993087769e-01,7.606910914182662964e-02,-1.973067224025726318e-01,-7.912670075893402100e-02,3.093564324080944061e-02,5.455169677734375000e-01,4.791190624237060547e-01,-7.358555495738983154e-02,-1.058734878897666931e-01,4.098295867443084717e-01,3.794788420200347900e-01,-1.836574971675872803e-01,-2.080584466457366943e-01,-1.825181692838668823e-01,-2.210905998945236206e-01,1.032791510224342346e-01,-1.550322920083999634e-01,-7.875753939151763916e-02,-1.884168684482574463e-01,-8.079852908849716187e-02,8.153665810823440552e-02,-1.285786181688308716e-01,2.328559458255767822e-01,-2.883943319320678711e-01,-2.159349173307418823e-01,-3.339907154440879822e-02,-7.587302476167678833e-02,2.117995768785476685e-01,-1.194558199495077133e-02,-2.980440855026245117e-01,-3.379643261432647705e-01,-1.800099611282348633e-01,-2.010246068239212036e-01,-3.638047575950622559e-01,-3.456080555915832520e-01,-2.165483087301254272e-01,-1.168206706643104553e-01,-1.787347793579101562e-01,-1.705119460821151733e-01,-3.515298962593078613e-01,-1.825910955667495728e-01,-2.827705144882202148e-01,-2.735636234283447266e-01,5.200400948524475098e-01,4.900837242603302002e-01,2.468820661306381226e-01,2.933094501495361328e-01,3.962520360946655273e-01,3.013575375080108643e-01,2.710763812065124512e-01,1.094456389546394348e-01,5.714196339249610901e-02,-2.344254590570926666e-02,-1.942919194698333740e-01,-1.640378087759017944e-01,2.567869722843170166e-01,9.435374289751052856e-02,-8.672147244215011597e-02,-3.403370454907417297e-02,-1.387396603822708130e-01,-5.991271138191223145e-02,-2.643667161464691162e-01,-2.734041213989257812e-01,-1.308950483798980713e-01,-1.146281883120536804e-01,-6.434503197669982910e-02,8.204086683690547943e-03,-5.988349765539169312e-02,-8.909925818443298340e-02,-1.755847930908203125e-01,-8.635505288839340210e-02,1.938557624816894531e-01,-6.783919408917427063e-03,1.833119690418243408e-01,1.872244030237197876e-01,-6.261214613914489746e-02,6.223169621080160141e-03,-3.004734814167022705e-01,-2.441333979368209839e-01,-1.857166290283203125e-01,-2.397226095199584961e-01,-2.774557173252105713e-01,-1.927549540996551514e-01,-2.072500586509704590e-01,-1.791157722473144531e-01,-3.716343268752098083e-02,-1.391815990209579468e-01,-1.976248621940612793e-01,-5.135554447770118713e-02,-2.600683867931365967e-01,-3.083872497081756592e-01,-2.760434746742248535e-01,-2.382162511348724365e-01,-2.689506858587265015e-02,-7.471714168787002563e-02,5.472705513238906860e-02,4.586498439311981201e-02,-1.786073595285415649e-01,-1.721322536468505859e-01,-1.061468124389648438e-01,-2.119281291961669922e-01,-9.739825129508972168e-02,-2.108551412820816040e-01
6.023899316787719727e-01,0.000000000000000000e+00,4.278071522712707520e-01,5.016189217567443848e-01,-2.538749575614929199e-01,-2.191838473081588745e-01,2.962690591812133789e-01,1.482685506343841553e-01,-1.398052722215652466e-01,-9.347245097160339355e-02,9.064980596303939819e-02,3.301781415939331055e-02,1.641120016574859619e-01,6.588025391101837158e-02,2.024777792394161224e-02,-6.032332405447959900e-02,-1.048825979232788086e-01,2.368170619010925293e-01,4.821873307228088379e-01,5.220891237258911133e-01,-2.867636270821094513e-02,-1.073115766048431396e-01,3.003121018409729004e-01,2.854928374290466309e-01,-1.469999402761459351e-01,-1.520774215459823608e-01,-2.001030296087265015e-01,-1.713150292634963989e-01,1.300102770328521729e-01,-1.033771634101867676e-01,-6.981171667575836182e-02,-2.253794372081756592e-01,-4.447551071643829346e-02,1.090763807296752930e-01,-5.534905567765235901e-02,1.578214764595031738e-01,-2.767982482910156250e-01,-2.631245553493499756e-01,-7.256393879652023315e-02,-9.537639468908309937e-02,2.459343820810317993e-01,-3.202654654160141945e-03,-1.913639158010482788e-02,-8.953180164098739624e-02,1.483918130397796631e-01,1.006258130073547363e-01,-1.533568650484085083e-01,-1.418596208095550537e-01,-1.772180572152137756e-02,7.490531355142593384e-02,-9.823374450206756592e-02,-9.249166399240493774e-02,-4.376866519451141357e-01,-3.501891493797302246e-01,-1.496513336896896362e-01,-1.682627350091934204e-01,5.745140910148620605e-01,6.420498490333557129e-01,2.377636134624481201e-01,2.769901752471923828e-01,2.947747707366943359e-01,1.728986650705337524e-01,3.604754209518432617e-01,4.174274206161499023e-02,-2.364174276590347290e-02,-1.708760559558868408e-01,-1.328040752559900284e-02,-4.002327099442481995e-02,3.264835178852081299e-01,1.765951067209243774e-01,-1.496935933828353882e-01,-1.655300706624984741e-01,-1.704186201095581055e-01,-5.945577472448348999e-02,-2.715688943862915039e-01,-3.259146213531494141e-01,-2.284193187952041626e-01,-1.499869674444198608e-01,-5.729822069406509399e-02,6.924117356538772583e-02,-4.494967311620712280e-02,-8.695606142282485962e-02,-1.607480943202972412e-01,-1.463523209095001221e-01,7.177916914224624634e-02,-2.379068881273269653e-01,1.289845705032348633e-01,1.244851276278495789e-01,-2.424860894680023193e-01,-1.707848906517028809e-01,-4.547442495822906494e-01,-4.409874975681304932e-01,-2.904798984527587891e-01,-3.672397732734680176e-01,-2.707656323909759521e-01,-2.389032691717147827e-01,-1.603068411350250244e-01,-1.924439370632171631e-01,-5.329264327883720398e-03,-1.205751821398735046e-01,-1.644406616687774658e-01,2.114616148173809052e-02,-2.250995486974716187e-01,-3.281644880771636963e-01,-2.249880135059356689e-01,-2.457139641046524048e-01,-4.162441194057464600e-02,-4.942074045538902283e-02,-1.768375001847743988e-02,6.707092747092247009e-03,-2.000341713428497314e-01,-2.553864717483520508e-01,-2.221783101558685303e-01,-3.451461493968963623e-01,-2.365582287311553955e-01,-2.061901241540908813e-01
5.048165321350097656e-01,4.278071522712707520e-01,0.000000000000000000e+00,5.718706250190734863e-01,-3.327825665473937988e-01,-3.183710575103759766e-01,6.272965073585510254e-01,-2.383554540574550629e-02,-4.019909203052520752e-01,-4.707123637199401855e-01,4.988034721463918686e-03,-6.856750696897506714e-03,2.591440379619598389e-01,-3.633322939276695251e-02,1.219322625547647476e-02,-4.120375514030456543e-01,-2.394646555185317993e-01,-8.554671704769134521e-02,4.007745683193206787e-01,3.820565342903137207e-01,-1.538147479295730591e-01,-5.472610704600811005e-03,5.361283421516418457e-01,6.073611378669738770e-01,-2.752546966075897217e-01,-3.891692757606506348e-01,-1.346399039030075073e-01,-1.128789111971855164e-01,-2.031909115612506866e-02,-1.928769350051879883e-01,-2.138092368841171265e-01,-2.458664774894714355e-01,-1.402410417795181274e-01,-7.602509111166000366e-02,1.532090604305267334e-01,1.651114225387573242e-01,-1.997532993555068970e-01,-1.855020970106124878e-01,1.127722635865211487e-01,1.049816608428955078e-01,2.318714857101440430e-01,-1.085639968514442444e-01,-1.110648736357688904e-01,-1.201176196336746216e-01,-4.554957151412963867e-03,-8.322086930274963379e-02,-1.571635901927947998e-01,-2.025378048419952393e-01,-9.294184297323226929e-02,-1.700874976813793182e-02,-1.492031812667846680e-01,-7.116774469614028931e-02,-4.000726938247680664e-01,-2.686796188354492188e-01,-1.227352097630500793e-01,-1.038798913359642029e-01,3.566412925720214844e-01,3.318309187889099121e-01,2.185419797897338867e-01,2.965126037597656250e-01,2.763774394989013672e-01,1.357297599315643311e-01,1.737058609724044800e-01,-9.035475552082061768e-02,3.333553075790405273e-01,4.430313780903816223e-02,3.027275577187538147e-02,-7.506722956895828247e-02,8.936568349599838257e-02,7.260351907461881638e-03,-2.022175937891006470e-01,-1.493375599384307861e-01,-1.246973350644111633e-01,-5.417088046669960022e-02,-1.233509480953216553e-01,-1.154091656208038330e-01,3.466647863388061523e-02,5.712101608514785767e-02,-1.565568894147872925e-01,-5.109604448080062866e-02,-1.353288590908050537e-01,-5.663280561566352844e-02,-4.365531727671623230e-02,-7.398626953363418579e-02,2.489473819732666016e-01,2.637602388858795166e-02,3.229265213012695312e-01,2.713455557823181152e-01,-9.266544878482818604e-02,9.550764225423336029e-03,-2.640223503112792969e-01,-2.263237237930297852e-01,-1.734428703784942627e-01,-1.061330586671829224e-01,-1.735115200281143188e-01,-2.197319567203521729e-01,-1.020173877477645874e-01,-1.186193525791168213e-01,-2.237095497548580170e-02,1.257625222206115723e-02,-1.543488204479217529e-01,1.260825712233781815e-02,-1.011465862393379211e-01,-1.017186865210533142e-01,-1.027609780430793762e-01,-8.406288921833038330e-02,1.089747995138168335e-01,-1.560909766703844070e-02,4.782965034246444702e-02,-1.181509271264076233e-01,-1.814178675413131714e-01,-1.611458361148834229e-01,-1.047660261392593384e-01,-6.235830113291740417e-02,-8.728552609682083130e-02,-7.179364562034606934e-02
5.353035330772399902e-01,5.016189217567443848e-01,5.718706250190734863e-01,0.000000000000000000e+00,-3.684909343719482422e-01,-2.589601874351501465e-01,5.837942957878112793e-01,2.574542760848999023e-01,-2.654781043529510498e-01,-3.584604263305664062e-01,1.569229215383529663e-01,7.562108337879180908e-02,2.564212381839752197e-01,1.506362110376358032e-01,-2.316471189260482788e-02,-3.212760388851165771e-01,-2.534525394439697266e-01,-1.446023881435394287e-01,5.160363316535949707e-01,4.828509688377380371e-01,-3.618370741605758667e-02,1.332390354946255684e-03,4.059660732746124268e-01,6.043934822082519531e-01,-3.183713257312774658e-01,-3.464393019676208496e-01,-1.044877991080284119e-01,-1.533611416816711426e-01,3.810851275920867920e-02,-5.506421625614166260e-02,-1.898621320724487305e-01,-1.493010669946670532e-01,-9.707311540842056274e-02,4.198070988059043884e-02,-3.920705243945121765e-02,1.571952849626541138e-01,-1.752008348703384399e-01,-1.950223296880722046e-01,1.675971448421478271e-01,1.469116657972335815e-01,1.667668670415878296e-01,5.496861413121223450e-02,-3.008908331394195557e-01,-2.824707627296447754e-01,-1.336466968059539795e-01,-1.955229490995407104e-01,-3.263337314128875732e-01,-3.366610109806060791e-01,-2.148611247539520264e-01,-1.065963357686996460e-01,-2.157970964908599854e-01,-7.880273461341857910e-02,-3.166806101799011230e-01,-2.391853481531143188e-01,-9.704447537660598755e-02,-9.672154486179351807e-02,2.559310495853424072e-01,3.162761330604553223e-01,2.170099765062332153e-01,4.351058304309844971e-01,3.106146156787872314e-01,3.537566661834716797e-01,1.144441813230514526e-01,7.155582308769226074e-02,1.870894730091094971e-01,9.055663645267486572e-02,-1.368114948272705078e-01,-1.198697388172149658e-01,2.229134738445281982e-01,1.077784746885299683e-01,-9.433956444263458252e-02,-2.022809721529483795e-02,-6.246895715594291687e-02,6.694412976503372192e-02,-1.266653239727020264e-01,-2.111282944679260254e-01,1.958075724542140961e-02,6.006646901369094849e-02,-1.883365064859390259e-01,-2.108100950717926025e-01,-1.902402937412261963e-01,-1.857853978872299194e-01,-4.964745789766311646e-02,-9.793692827224731445e-02,6.026435643434524536e-02,-2.128865383565425873e-02,3.142285346984863281e-01,1.986780911684036255e-01,-1.249844431877136230e-01,1.692772470414638519e-02,-3.166466057300567627e-01,-3.293170630931854248e-01,-2.413932830095291138e-01,-2.674607932567596436e-01,-1.585049182176589966e-01,-1.893171221017837524e-01,-7.968436926603317261e-03,-3.954511135816574097e-02,8.957220613956451416e-02,5.534464120864868164e-02,-2.337034977972507477e-02,5.196594819426536560e-02,-1.387348584830760956e-02,-7.196712493896484375e-02,1.212532073259353638e-02,-3.601023554801940918e-02,9.612297266721725464e-02,2.775606326758861542e-02,4.452981799840927124e-02,-9.503893554210662842e-02,-1.119305491447448730e-01,-4.663122445344924927e-02,-4.081174358725547791e-02,-4.483792930841445923e-02,-1.947277039289474487e-01,-3.799111768603324890e-02
-2.791319787502288818e-01,-2.538749575614929199e-01,-3.327825665473937988e-01,-3.684909343719482422e-01,0.000000000000000000e+00,4.223685264587402344e-01,-3.689879775047302246e-01,2.044264785945415497e-02,5.987520813941955566e-01,5.322411656379699707e-01,-5.587971210479736328e-02,-9.883403033018112183e-02,-1.930135190486907959e-01,-1.974148117005825043e-02,3.010328114032745361e-01,3.633010685443878174e-01,-5.758130922913551331e-02,-1.278224289417266846e-01,-2.315330505371093750e-01,-1.998523473739624023e-01,1.799721866846084595e-01,1.457817703485488892e-01,-2.906048595905303955e-01,-2.740441262722015381e-01,4.917617440223693848e-01,5.163592100143432617e-01,4.408647418022155762e-01,1.417203694581985474e-01,-3.689042851328849792e-02,9.480580687522888184e-02,2.271646410226821899e-01,1.468795388936996460e-01,-2.154430449008941650e-01,-1.895807385444641113e-01,1.102408319711685181e-01,8.445451036095619202e-03,2.177873998880386353e-01,2.380568981170654297e-01,1.728338152170181274e-01,1.407984942197799683e-01,-1.845283061265945435e-02,-2.420720271766185760e-02,3.426512703299522400e-03,7.303588837385177612e-02,-1.010659560561180115e-01,-6.002848595380783081e-02,9.750562161207199097e-02,2.116329520940780640e-01,-3.323819953948259354e-03,-6.528872251510620117e-02,6.738419830799102783e-02,-7.087657600641250610e-02,1.860709935426712036e-01,-2.088060835376381874e-03,6.505975872278213501e-02,-2.456976473331451416e-02,-1.845712959766387939e-01,-2.312850952148437500e-01,-1.413610875606536865e-01,-1.098555102944374084e-01,-3.078808784484863281e-01,-2.534416615962982178e-01,-2.848181426525115967e-01,-2.116215527057647705e-01,-6.208662316203117371e-02,-4.592050611972808838e-02,1.977827027440071106e-02,6.464948505163192749e-02,-1.130892857909202576e-01,-1.273839268833398819e-02,3.921458870172500610e-02,-1.323315687477588654e-02,-8.138207346200942993e-02,-1.292545199394226074e-01,8.386351168155670166e-03,1.913176500238478184e-03,-1.160712093114852905e-01,-1.534613817930221558e-01,3.468777285888791084e-03,2.440404333174228668e-02,8.118239790201187134e-02,7.102039456367492676e-02,2.044924050569534302e-01,2.457126528024673462e-01,-4.283202346414327621e-03,-7.334052771329879761e-02,-1.246323287487030029e-01,1.084241718053817749e-01,1.164863854646682739e-01,-9.803181886672973633e-02,8.520198613405227661e-02,5.746439099311828613e-02,7.786472886800765991e-02,-7.533170282840728760e-02,1.481663584709167480e-01,2.449527941644191742e-02,-1.043032333254814148e-01,-4.488087072968482971e-02,-2.441527545452117920e-01,-1.305101513862609863e-01,1.014895066618919373e-01,3.811446204781532288e-02,1.676504611968994141e-01,1.557155400514602661e-01,1.761394888162612915e-01,2.990118861198425293e-01,1.393377631902694702e-01,2.700282931327819824e-01,2.178499400615692139e-01,-1.986969113349914551e-01,7.143254857510328293e-03,-1.594469398260116577e-01,-2.047325111925601959e-02,1.237528119236230850e-02,-4.027771949768066406e-02,1.899444609880447388e-01
-2.882975637912750244e-01,-2.191838473081588745e-01,-3.183710575103759766e-01,-2.589601874351501465e-01,4.223685264587402344e-01,0.000000000000000000e+00,-2.834540903568267822e-01,1.281855069100856781e-02,5.767411589622497559e-01,4.052823483943939209e-01,1.237110979855060577e-02,-3.013458102941513062e-02,-8.424110710620880127e-02,4.179366305470466614e-02,2.652665376663208008e-01,3.378578126430511475e-01,-4.202592000365257263e-02,4.637568071484565735e-02,-2.481675148010253906e-01,-2.381027787923812866e-01,2.518847286701202393e-01,2.056542932987213135e-01,-1.628234237432479858e-01,-1.302386075258255005e-01,3.730944991111755371e-01,3.679053783416748047e-01,2.302961647510528564e-01,2.988321185111999512e-01,-1.109225004911422729e-01,-4.388954117894172668e-02,1.843915283679962158e-01,2.632739841938018799e-01,1.045492850244045258e-02,3.415314480662345886e-02,-3.133132681250572205e-02,-4.132847860455513000e-02,2.530813813209533691e-01,1.352024972438812256e-01,3.707515075802803040e-02,1.287176739424467087e-02,-2.058409005403518677e-01,9.059837460517883301e-02,-5.832389369606971741e-02,-5.486981477588415146e-03,-1.318794637918472290e-01,-8.779914677143096924e-02,-2.718570828437805176e-02,-3.291557729244232178e-02,-3.283577039837837219e-02,-1.131929382681846619e-01,-1.864154823124408722e-02,-1.074700057506561279e-01,9.105633199214935303e-02,1.243882905691862106e-02,2.079856395721435547e-01,-2.373512275516986847e-02,-1.646897792816162109e-01,-1.751527786254882812e-01,-1.831797957420349121e-01,-1.769966483116149902e-01,-1.518505364656448364e-01,-7.659508287906646729e-02,-7.467182725667953491e-02,-9.425576776266098022e-03,5.745192244648933411e-02,5.481306836009025574e-02,-9.091472625732421875e-02,-7.734575867652893066e-02,-2.702921032905578613e-01,-1.985232681035995483e-01,-7.295948266983032227e-02,-2.055840566754341125e-02,5.468855425715446472e-02,-1.078122034668922424e-01,2.010136395692825317e-01,1.222508400678634644e-01,-2.225321345031261444e-02,-5.954209715127944946e-02,1.019441857933998108e-01,3.983936086297035217e-02,2.068680524826049805e-01,2.148670107126235962e-01,7.912243902683258057e-02,1.139317229390144348e-01,2.230780199170112610e-02,1.055570840835571289e-01,-1.421571429818868637e-02,5.504091829061508179e-02,1.110107377171516418e-01,5.072288215160369873e-02,1.792481169104576111e-03,-7.274653762578964233e-02,-7.259515672922134399e-02,-8.041572570800781250e-02,2.027647495269775391e-01,2.320161759853363037e-01,2.025684863328933716e-01,-3.335121320560574532e-03,-6.579837948083877563e-02,-4.483018442988395691e-02,6.663715839385986328e-02,-5.233450233936309814e-02,3.783299401402473450e-02,1.253995448350906372e-01,7.040445506572723389e-02,-5.116643384099006653e-02,9.873215109109878540e-02,-1.033332273364067078e-01,-1.502344012260437012e-01,1.868645101785659790e-01,3.747447580099105835e-02,1.249282956123352051e-01,-1.893171221017837524e-01,-1.007158234715461731e-01,-1.198029592633247375e-01,1.530789732933044434e-01
4.561726450920104980e-01,2.962690591812133789e-01,6.272965073585510254e-01,5.837942957878112793e-01,-3.689879775047302246e-01,-2.834540903568267822e-01,0.000000000000000000e+00,3.313973546028137207e-01,-2.792994379997253418e-01,-3.642197549343109131e-01,2.484901994466781616e-01,2.292160093784332275e-01,4.978576898574829102e-01,1.306389272212982178e-01,4.461015760898590088e-02,-2.823786735534667969e-01,-1.399802863597869873e-01,-1.607563793659210205e-01,4.406526684761047363e-01,4.264716207981109619e-01,-1.246449351310729980e-01,-9.515447914600372314e-02,5.657483339309692383e-01,4.910949170589447021e-01,-2.364726960659027100e-01,-3.699101805686950684e-01,-1.709015965461730957e-01,-1.670381426811218262e-01,9.398648887872695923e-02,-2.802178822457790375e-02,-9.645639359951019287e-02,-1.086223199963569641e-01,-5.354943871498107910e-02,1.015229523181915283e-01,1.113717854022979736e-01,2.529803514480590820e-01,-2.440382987260818481e-01,-2.765001952648162842e-01,4.551442712545394897e-02,1.347098592668771744e-02,1.304618120193481445e-01,-8.400631695985794067e-02,-3.417948484420776367e-01,-3.110840022563934326e-01,-1.780542582273483276e-01,-2.277148365974426270e-01,-3.714989423751831055e-01,-4.280751943588256836e-01,-2.944195866584777832e-01,-1.851462274789810181e-01,-3.769932389259338379e-01,-2.117435038089752197e-01,-4.257210493087768555e-01,-2.163828164339065552e-01,-3.323445618152618408e-01,-2.833733260631561279e-01,9.452479332685470581e-02,6.661548465490341187e-02,7.893034070730209351e-02,2.194793373346328735e-01,4.116891920566558838e-01,3.958489596843719482e-01,7.990003377199172974e-02,1.308714896440505981e-01,4.372200667858123779e-01,2.321106940507888794e-01,-1.542181521654129028e-01,-2.289491891860961914e-01,6.329019367694854736e-02,-5.874598026275634766e-02,2.602494135499000549e-02,1.183539330959320068e-01,3.210127353668212891e-02,1.133813932538032532e-01,-1.153428480029106140e-01,-1.117689013481140137e-01,2.207570523023605347e-01,2.413795888423919678e-01,-1.983826458454132080e-01,-1.717064380645751953e-01,-2.012341171503067017e-01,-1.550394892692565918e-01,-1.461090892553329468e-01,-1.178851947188377380e-01,5.487003177404403687e-02,6.564284116029739380e-02,1.190253794193267822e-01,1.039500460028648376e-01,-1.183512136340141296e-01,3.894577501341700554e-03,-1.246731951832771301e-01,-1.807491481304168701e-01,-8.836817741394042969e-02,2.629873342812061310e-03,-1.813237369060516357e-01,-1.410866379737854004e-01,-5.668726563453674316e-02,-8.718046545982360840e-02,6.599263846874237061e-02,3.517279773950576782e-02,-1.550030857324600220e-01,3.722190484404563904e-02,-1.460201889276504517e-01,-1.186744645237922668e-01,-8.216105401515960693e-02,-1.200386881828308105e-01,1.220391169190406799e-01,-1.284695230424404144e-02,4.914247989654541016e-02,-2.296070568263530731e-02,-5.586579814553260803e-02,2.799214981496334076e-02,2.191558293998241425e-02,-4.675131756812334061e-03,2.618378400802612305e-02,-5.363269150257110596e-02
1.698854416608810425e-01,1.482685506343841553e-01,-2.383554540574550629e-02,2.574542760848999023e-01,2.044264785945415497e-02,1.281855069100856781e-02,3.313973546028137207e-01,0.000000000000000000e+00,2.262891680002212524e-01,3.541851639747619629e-01,3.848599493503570557e-01,5.227625966072082520e-01,3.858767449855804443e-01,4.577161669731140137e-01,1.453832089900970459e-01,4.149754643440246582e-01,1.421231776475906372e-02,-9.832789748907089233e-02,2.686865627765655518e-01,3.637605607509613037e-01,1.648925710469484329e-03,-1.787254065275192261e-01,1.367454677820205688e-01,2.408693917095661163e-02,4.746744781732559204e-02,1.051115617156028748e-01,-7.056859880685806274e-02,-2.962037026882171631e-01,1.872799992561340332e-01,2.989010512828826904e-01,1.315294504165649414e-01,1.543868780136108398e-01,3.868703544139862061e-02,3.227077722549438477e-01,-1.148876696825027466e-01,2.972941398620605469e-01,-2.837143242359161377e-01,-2.658303380012512207e-01,-1.579697579145431519e-01,-2.031348794698715210e-01,6.537839770317077637e-02,5.425588041543960571e-02,-4.791664183139801025e-01,-4.540394544601440430e-01,-3.196024894714355469e-01,-3.286108672618865967e-01,-5.157700777053833008e-01,-4.724202454090118408e-01,-4.308777153491973877e-01,-4.043027758598327637e-01,-4.322469830513000488e-01,-4.241580069065093994e-01,-2.181879132986068726e-01,-1.498180478811264038e-01,-3.908779919147491455e-01,-3.868232071399688721e-01,-1.680320501327514648e-01,-1.294072270393371582e-01,-6.680127978324890137e-02,7.627291232347488403e-02,2.686166763305664062e-01,5.440938472747802734e-01,-9.005548059940338135e-02,4.666946232318878174e-01,1.504974365234375000e-01,2.383987158536911011e-01,-3.675463199615478516e-01,-3.184613287448883057e-01,6.153571978211402893e-02,-6.147629022598266602e-02,3.069041967391967773e-01,3.300545811653137207e-01,1.715905368328094482e-01,3.005239963531494141e-01,-4.557443037629127502e-02,-1.854331791400909424e-01,2.326558679342269897e-01,2.790773510932922363e-01,-2.027696222066879272e-01,-1.709831357002258301e-01,-1.199437901377677917e-01,-2.055858522653579712e-01,-1.311388164758682251e-01,2.695980295538902283e-02,-1.398377418518066406e-01,-5.664263293147087097e-02,-1.923742741346359253e-01,-1.361741870641708374e-01,-1.048698201775550842e-01,-1.379049569368362427e-01,1.941303722560405731e-02,-1.265967935323715210e-01,7.062121480703353882e-02,-2.365451119840145111e-02,-1.664388924837112427e-01,-1.262694448232650757e-01,-9.595785290002822876e-02,-9.066615998744964600e-02,1.051457375288009644e-01,3.142295405268669128e-02,-6.399939954280853271e-02,8.991584181785583496e-02,-8.182191848754882812e-02,-1.077086031436920166e-01,-3.961972426623106003e-03,-4.137663543224334717e-02,1.210183557122945786e-02,6.648480892181396484e-03,4.896980896592140198e-02,1.227389322593808174e-03,7.034459710121154785e-02,8.985626697540283203e-02,1.480572968721389771e-01,-5.696681141853332520e-02,5.710450187325477600e-02,-2.394480444490909576e-02
-2.132406830787658691e-01,-1.398052722215652466e-01,-4.019909203052520752e-01,-2.654781043529510498e-01,5.987520813941955566e-01,5.767411589622497559e-01,-2.792994379997253418e-01,2.262891680002212524e-01,0.000000000000000000e+00,6.451923251152038574e-01,1.276499927043914795e-01,-4.470449406653642654e-03,-5.772046372294425964e-02,9.800554066896438599e-02,4.057041108608245850e-01,5.216989517211914062e-01,-3.734958171844482422e-02,-4.000308737158775330e-02,-1.270570158958435059e-01,-1.157536506652832031e-01,2.561787962913513184e-01,1.056399270892143250e-01,-2.138641327619552612e-01,-2.876430451869964600e-01,4.826536178588867188e-01,4.973388910293579102e-01,2.973294258117675781e-01,2.023605257272720337e-01,3.239653073251247406e-03,4.054573923349380493e-02,2.401214092969894409e-01,1.736639589071273804e-01,-5.821118503808975220e-02,-4.276322666555643082e-03,6.105567794293165207e-03,-9.622649289667606354e-03,1.551036089658737183e-01,5.931888148188591003e-02,3.315440192818641663e-02,-9.207257628440856934e-02,-1.177939400076866150e-01,3.708937764167785645e-02,-9.035650640726089478e-02,-4.999897629022598267e-02,-8.571656048297882080e-02,-8.425283432006835938e-02,-4.350969940423965454e-02,8.835004991851747036e-04,-2.506411075592041016e-02,-1.153700947761535645e-01,-2.142365463078022003e-02,-1.542928218841552734e-01,5.768278986215591431e-02,-6.863193213939666748e-02,8.950777351856231689e-02,-1.464046388864517212e-01,-1.519774943590164185e-01,-1.801726073026657104e-01,-1.192036569118499756e-01,-1.275267153978347778e-01,-1.002881079912185669e-01,-6.463753432035446167e-02,-1.536087691783905029e-01,-5.716893821954727173e-02,1.326987333595752716e-02,2.996696345508098602e-02,-7.595402747392654419e-02,-6.802681088447570801e-02,-1.189025565981864929e-01,-8.973921090364456177e-02,2.707537263631820679e-02,5.547459051012992859e-02,4.848945140838623047e-02,-7.117857784032821655e-02,7.727056741714477539e-02,5.973791703581809998e-03,-7.861697673797607422e-02,-1.169399693608283997e-01,8.487206883728504181e-03,-6.807629764080047607e-02,1.105773895978927612e-01,7.837776094675064087e-02,1.832850091159343719e-02,8.228886127471923828e-02,-3.163971006870269775e-02,-7.530049234628677368e-02,-1.040603667497634888e-01,4.077387042343616486e-03,1.139632761478424072e-01,-1.384408622980117798e-01,-3.838191553950309753e-02,-7.828272134065628052e-02,-2.578737027943134308e-02,-1.072176098823547363e-01,8.257631212472915649e-02,6.808350980281829834e-02,5.316030606627464294e-02,-2.276651747524738312e-02,-1.360613703727722168e-01,-1.375443488359451294e-01,4.279216751456260681e-02,8.513622917234897614e-03,3.604226559400558472e-02,4.635164514183998108e-02,9.367058426141738892e-02,2.393464185297489166e-02,8.839436620473861694e-02,-2.382153272628784180e-02,-3.092397190630435944e-02,5.363573506474494934e-02,2.303412742912769318e-02,-1.716238074004650116e-02,-1.675655245780944824e-01,-2.028446346521377563e-01,-1.847383230924606323e-01,9.940645098686218262e-02
-2.136646211147308350e-01,-9.347245097160339355e-02,-4.707123637199401855e-01,-3.584604263305664062e-01,5.322411656379699707e-01,4.052823483943939209e-01,-3.642197549343109131e-01,3.541851639747619629e-01,6.451923251152038574e-01,0.000000000000000000e+00,8.974788337945938110e-02,1.235772445797920227e-01,-3.518678992986679077e-02,1.529047787189483643e-01,2.909645140171051025e-01,7.555634975433349609e-01,3.215478733181953430e-02,2.637126669287681580e-02,-2.257128208875656128e-01,-1.109328642487525940e-01,1.804442554712295532e-01,-5.249379202723503113e-03,-2.377483993768692017e-01,-4.232412278652191162e-01,4.685970544815063477e-01,5.240004062652587891e-01,1.719407588243484497e-01,2.114952914416790009e-02,2.200933173298835754e-02,1.559714376926422119e-01,2.404027581214904785e-01,1.359162777662277222e-01,-4.994072020053863525e-02,3.825423121452331543e-02,-4.967427998781204224e-02,4.345434904098510742e-02,8.210746198892593384e-02,5.629359185695648193e-02,-1.419154703617095947e-01,-1.949959248304367065e-01,1.148878037929534912e-02,6.768241524696350098e-02,-1.010631173849105835e-01,-1.192351654171943665e-01,-8.293420076370239258e-02,-1.038605049252510071e-01,-7.718989253044128418e-02,-3.142335452139377594e-03,-4.804539307951927185e-02,-1.767797768115997314e-01,-2.234073728322982788e-02,-2.421263009309768677e-01,2.673756517469882965e-02,-1.192079782485961914e-01,-5.580468103289604187e-02,-1.775842010974884033e-01,-1.428257972002029419e-01,-1.346621662378311157e-01,-1.491760760545730591e-01,-1.785441786050796509e-01,-9.059885144233703613e-02,6.567666307091712952e-03,-1.436394751071929932e-01,6.768223643302917480e-02,-3.224449232220649719e-02,2.703225612640380859e-02,-1.254208534955978394e-01,-1.212916374206542969e-01,-1.038606464862823486e-01,-1.015067473053932190e-01,1.488767713308334351e-01,6.080828234553337097e-02,2.643978223204612732e-02,5.956655368208885193e-03,-2.903676033020019531e-02,-6.875883042812347412e-02,-6.950671970844268799e-02,-9.812734276056289673e-02,1.160677708685398102e-02,9.124915115535259247e-03,1.333092302083969116e-01,1.679384894669055939e-02,3.843720629811286926e-02,1.144171655178070068e-01,-4.420287907123565674e-02,-1.787659674882888794e-01,-2.922268807888031006e-01,-1.309397071599960327e-01,2.704630233347415924e-02,-2.780218422412872314e-01,2.004096843302249908e-02,-9.207087010145187378e-02,5.652097612619400024e-02,-1.141878217458724976e-01,9.019137918949127197e-02,4.155299440026283264e-02,-5.669703707098960876e-02,-1.035711467266082764e-01,-6.474802643060684204e-02,-8.970784395933151245e-02,2.544120699167251587e-02,7.722343504428863525e-02,3.284671530127525330e-02,-6.979992613196372986e-03,7.461356371641159058e-02,4.705781489610671997e-02,-8.513652533292770386e-02,2.751092240214347839e-02,-3.351321816444396973e-02,1.701556146144866943e-02,7.321230322122573853e-02,-1.380746951326727867e-03,-3.710236772894859314e-02,-2.086855024099349976e-01,-5.482757091522216797e-02,6.443239748477935791e-02
2.243115156888961792e-01,9.064980596303939819e-02,4.988034721463918686e-03,1.569229215383529663e-01,-5.587971210479736328e-02,1.237110979855060577e-02,2.484901994466781616e-01,3.848599493503570557e-01,1.276499927043914795e-01,8.974788337945938110e-02,0.000000000000000000e+00,4.973587691783905029e-01,5.841741561889648438e-01,4.583667516708374023e-01,3.698953986167907715e-01,1.482616662979125977e-01,2.402171641588211060e-01,-5.875858664512634277e-02,1.744762808084487915e-01,1.325801461935043335e-01,-5.296629294753074646e-02,-2.636890672147274017e-02,1.314600557088851929e-01,-9.149176999926567078e-03,-6.216358393430709839e-02,1.019038911908864975e-02,-1.505717039108276367e-01,-4.682372882962226868e-02,3.496746420860290527e-01,2.846292257308959961e-01,9.837468713521957397e-02,2.023071497678756714e-01,6.707376334816217422e-03,1.338775157928466797e-01,-3.452245295047760010e-01,-2.446722052991390228e-02,-1.924623250961303711e-01,-1.044880971312522888e-01,-1.214398294687271118e-01,-5.850577354431152344e-02,3.062287718057632446e-02,1.503556966781616211e-01,-4.291550219058990479e-01,-3.966293632984161377e-01,-3.528888225555419922e-01,-3.318122923374176025e-01,-4.429161548614501953e-01,-4.098424613475799561e-01,-3.841174244880676270e-01,-2.611327171325683594e-01,-2.110784649848937988e-01,-1.574208438396453857e-01,-1.073019579052925110e-01,-7.791711390018463135e-02,-1.614879071712493896e-01,-2.232484072446823120e-01,-1.158756762742996216e-01,-6.840086728334426880e-02,-8.391137234866619110e-03,1.565335094928741455e-01,3.399547338485717773e-01,3.298778533935546875e-01,3.736649826169013977e-02,1.550400257110595703e-01,1.341746747493743896e-01,1.231265887618064880e-01,-3.925431072711944580e-01,-3.682829737663269043e-01,5.285265389829874039e-03,-8.747886121273040771e-02,1.467393636703491211e-01,2.391093671321868896e-01,5.832827091217041016e-02,1.186934486031532288e-01,-1.106356009840965271e-01,-2.005420327186584473e-01,-3.726324811577796936e-02,-1.471403893083333969e-02,1.796808689832687378e-01,-8.942616730928421021e-02,8.922810107469558716e-02,-7.261791825294494629e-02,-2.130379714071750641e-02,6.073816120624542236e-02,4.499033093452453613e-03,7.707291096448898315e-02,-1.146088447421789169e-02,1.169089414179325104e-02,1.774591207504272461e-01,1.633571460843086243e-02,-1.546484529972076416e-01,-1.660464406013488770e-01,-9.353857487440109253e-02,-1.167461872100830078e-01,3.954791277647018433e-02,3.160630166530609131e-01,-6.899852305650711060e-02,-1.605629920959472656e-01,9.751915186643600464e-02,-7.084322720766067505e-02,1.236763224005699158e-01,2.886160649359226227e-02,-7.632005214691162109e-02,-8.004603534936904907e-02,-2.705262415111064911e-02,-1.313461661338806152e-01,-5.511295422911643982e-02,-7.313497364521026611e-02,-7.715103775262832642e-02,1.838727146387100220e-01,-2.527338862419128418e-01,1.333777606487274170e-01,-1.102850586175918579e-02,-1.309498101472854614e-01,1.167111620306968689e-01,1.389913111925125122e-01
2.076582014560699463e-01,3.301781415939331055e-02,-6.856750696897506714e-03,7.562108337879180908e-02,-9.883403033018112183e-02,-3.013458102941513062e-02,2.292160093784332275e-01,5.227625966072082520e-01,-4.470449406653642654e-03,1.235772445797920227e-01,4.973587691783905029e-01,0.000000000000000000e+00,5.832368731498718262e-01,6.753385066986083984e-01,2.169138193130493164e-01,2.872208058834075928e-01,2.147590368986129761e-01,8.212645538151264191e-03,2.339462041854858398e-01,3.163790702819824219e-01,7.776003796607255936e-03,-1.576094478368759155e-01,2.449994087219238281e-01,1.080738380551338196e-01,3.396564349532127380e-02,9.495265036821365356e-02,-2.140587419271469116e-01,-2.475139498710632324e-01,2.015749812126159668e-01,2.970204651355743408e-01,1.835850477218627930e-01,2.895617187023162842e-01,1.063403487205505371e-01,3.545138239860534668e-01,-2.174140065908432007e-01,2.069078385829925537e-01,-2.531901299953460693e-01,-1.299104392528533936e-01,-3.652716279029846191e-01,-2.395355254411697388e-01,9.336022287607192993e-02,1.674302220344543457e-01,-4.361271560192108154e-01,-4.327239096164703369e-01,-4.166060984134674072e-01,-3.315840661525726318e-01,-5.285216569900512695e-01,-4.663063883781433105e-01,-4.987736642360687256e-01,-3.076570034027099609e-01,-2.950135469436645508e-01,-2.200930416584014893e-01,-5.394849181175231934e-02,1.041976287961006165e-01,-2.860317230224609375e-01,-1.894883215427398682e-01,-2.214878648519515991e-01,-2.140064537525177002e-01,-2.068734616041183472e-01,-2.412894554436206818e-02,2.300206720829010010e-01,3.844923079013824463e-01,9.251908399164676666e-03,4.236618578433990479e-01,1.792870610952377319e-01,3.552785515785217285e-01,-4.710737168788909912e-01,-3.598855733871459961e-01,-2.181036397814750671e-02,-1.396711021661758423e-01,3.141064643859863281e-01,3.656935393810272217e-01,1.364221125841140747e-01,2.231666892766952515e-01,-6.912118941545486450e-02,-1.752217411994934082e-01,2.001400589942932129e-01,2.649503052234649658e-01,1.576155796647071838e-02,5.082105845212936401e-02,9.235230088233947754e-02,6.151633337140083313e-02,-1.801845878362655640e-01,3.944300487637519836e-02,2.933776006102561951e-02,2.522844076156616211e-01,-2.252375632524490356e-01,-1.635912060737609863e-01,-6.908730417490005493e-02,-6.126103922724723816e-03,5.120155960321426392e-02,1.040898263454437256e-02,2.079684287309646606e-01,1.180856227874755859e-01,-1.313273459672927856e-01,4.307230934500694275e-02,-2.214645594358444214e-01,-2.187725901603698730e-01,9.954058378934860229e-02,6.150827556848526001e-02,-1.463986784219741821e-01,-1.614144258201122284e-02,-2.574609518051147461e-01,-2.530831396579742432e-01,-1.645841449499130249e-01,-2.034534662961959839e-01,-1.823523491621017456e-01,-1.884721666574478149e-01,-7.285658270120620728e-02,1.610798537731170654e-01,-3.593143075704574585e-02,9.459247440099716187e-02,1.468767076730728149e-01,-2.996941469609737396e-02,2.153125554323196411e-01,-1.242892965674400330e-01
3.840342462062835693e-01,1.641120016574859619e-01,2.591440379619598389e-01,2.564212381839752197e-01,-1.930135190486907959e-01,-8.424110710620880127e-02,4.978576898574829102e-01,3.858767449855804443e-01,-5.772046372294425964e-02,-3.518678992986679077e-02,5.841741561889648438e-01,5.832368731498718262e-01,0.000000000000000000e+00,4.973617792129516602e-01,3.394465148448944092e-01,5.208586156368255615e-02,1.099787726998329163e-01,-9.705581516027450562e-02,3.281702697277069092e-01,2.926834821701049805e-01,-4.113314300775527954e-02,-3.071240149438381195e-02,4.056347012519836426e-01,2.262595444917678833e-01,-7.871173322200775146e-02,-9.439658373594284058e-02,-2.340205162763595581e-01,-1.432452499866485596e-01,1.658115535974502563e-01,1.475060135126113892e-01,4.397768527269363403e-02,1.413813531398773193e-01,-8.456131070852279663e-02,1.458479464054107666e-01,-2.012844085693359375e-01,1.412053555250167847e-01,-1.426791846752166748e-01,-5.791414156556129456e-02,-1.995314210653305054e-01,-7.595023512840270996e-02,1.575606614351272583e-01,1.110353693366050720e-01,-4.749186933040618896e-01,-4.780713915824890137e-01,-3.945277035236358643e-01,-3.828803896903991699e-01,-5.170812010765075684e-01,-4.862087070941925049e-01,-4.699022173881530762e-01,-3.105933368206024170e-01,-3.547665476799011230e-01,-2.089971601963043213e-01,-2.773058116436004639e-01,-1.157919168472290039e-01,-2.838411927223205566e-01,-2.232962697744369507e-01,-7.836101204156875610e-02,-8.014556020498275757e-02,-1.206135228276252747e-01,6.635057181119918823e-02,3.701163530349731445e-01,3.457010388374328613e-01,8.673398941755294800e-02,1.607047021389007568e-01,3.505379557609558105e-01,2.830097973346710205e-01,-4.574156701564788818e-01,-4.577780365943908691e-01,-7.412848062813282013e-03,-1.927162259817123413e-01,1.027078703045845032e-01,2.253505140542984009e-01,3.119736909866333008e-02,5.680590495467185974e-02,-1.898812800645828247e-01,-2.230748534202575684e-01,9.938343614339828491e-02,1.445395052433013916e-01,4.780967161059379578e-02,1.773020811378955841e-02,1.083186268806457520e-01,7.427786290645599365e-02,-7.699297368526458740e-02,7.345409691333770752e-02,1.443379223346710205e-01,2.712118327617645264e-01,-5.772724375128746033e-02,2.740553952753543854e-02,2.910447772592306137e-03,-2.048845216631889343e-02,-1.328917592763900757e-01,-1.349658221006393433e-01,5.849284678697586060e-02,1.538347080349922180e-02,-3.967292606830596924e-02,7.041290402412414551e-02,-1.781710982322692871e-01,-1.844689995050430298e-01,1.006765589118003845e-01,4.403778910636901855e-02,-9.628637880086898804e-02,5.634507164359092712e-02,-1.966426670551300049e-01,-1.989501565694808960e-01,-1.485890299081802368e-01,-1.633616387844085693e-01,-8.185552060604095459e-02,-1.193925514817237854e-01,-1.090172007679939270e-01,1.078634783625602722e-01,-1.257874518632888794e-01,8.221464604139328003e-02,3.438183292746543884e-02,-1.019252836704254150e-01,1.133448258042335510e-01,-1.083027850836515427e-02
