0.000000000000000000e+00,6.482881307601928711e-01,6.058337688446044922e-01,9.766851551830768585e-03,-1.652677655220031738e-01,-2.388587594032287598e-01,4.235062599182128906e-01,-4.008497297763824463e-01,8.371168375015258789e-02,-3.554752171039581299e-01,3.414680659770965576e-01,4.938246011734008789e-01,2.738835811614990234e-01,1.200838834047317505e-01,3.289582729339599609e-01,2.481888830661773682e-01,-2.290991321206092834e-02,-2.670767717063426971e-02,6.005987524986267090e-01,6.085572838783264160e-01,2.337630540132522583e-01,2.984988093376159668e-01,4.514893591403961182e-01,3.593854904174804688e-01,1.810316145420074463e-01,5.201304703950881958e-02,3.423052132129669189e-01,4.196367263793945312e-01,-5.626294016838073730e-02,-3.491785749793052673e-02,3.734648525714874268e-01,2.751809060573577881e-01,1.008695363998413086e-01,1.371593028306961060e-01,-1.000994443893432617e-01,-2.747370600700378418e-01,1.176571920514106750e-01,1.851609796285629272e-01,1.509372740983963013e-01,1.109681352972984314e-01,2.127366811037063599e-01,5.227674171328544617e-02,-4.897010028362274170e-01,-5.648687481880187988e-01,-5.073503255844116211e-01,-4.970046579837799072e-01,-2.670993506908416748e-01,-3.314454853534698486e-01,-5.258446335792541504e-01,-5.511635541915893555e-01,-5.230882167816162109e-01,-5.101714134216308594e-01,-4.499341845512390137e-01,-4.157269597053527832e-01,6.612717360258102417e-02,1.250917315483093262e-01,5.957499742507934570e-01,5.852277874946594238e-01,4.153999388217926025e-01,3.896377384662628174e-01,1.515269726514816284e-01,-1.074069514870643616e-01,2.798561751842498779e-01,1.841734498739242554e-01,-1.494592707604169846e-02,-4.624384641647338867e-01,1.529642194509506226e-01,-7.530214497819542885e-04,3.673432767391204834e-01,3.290651142597198486e-01,3.748749792575836182e-01,3.358389437198638916e-01,8.731631189584732056e-02,-2.428608760237693787e-02,-7.566751539707183838e-02,-5.695690587162971497e-02,3.741741180419921875e-01,3.162428736686706543e-01,-3.507820889353752136e-02,-5.478996410965919495e-02,-2.875585341826081276e-03,9.990594536066055298e-02,1.929280459880828857e-01,2.343399673700332642e-01,3.603262454271316528e-02,-1.776867955923080444e-01,3.245093822479248047e-01,3.206027448177337646e-01,-9.646555036306381226e-02,-1.206005588173866272e-01,-2.133903056383132935e-01,-3.080435097217559814e-01,-5.457069277763366699e-01,-2.286201119422912598e-01,-1.247548032552003860e-02,-1.282377392053604126e-01,-1.120139434933662415e-01,-6.911639869213104248e-02,2.630847096443176270e-01,2.367624640464782715e-01,2.169294655323028564e-01,3.357530832290649414e-01,3.591003119945526123e-01,3.299199938774108887e-01,1.020693928003311157e-01,1.143333166837692261e-01,3.170870542526245117e-01,2.419073432683944702e-01,1.366549432277679443e-01,-3.199135139584541321e-02,-7.660353928804397583e-02,-5.644953623414039612e-02,8.130441419780254364e-03,-4.468678534030914307e-01,-3.583913743495941162e-01,-1.695249676704406738e-01
6.482881307601928711e-01,0.000000000000000000e+00,4.463883042335510254e-01,1.111518293619155884e-01,-2.056155353784561157e-02,-5.327168852090835571e-02,3.385420441627502441e-01,-7.887741923332214355e-02,1.741291135549545288e-01,-2.905833423137664795e-01,1.069937720894813538e-01,5.186740756034851074e-01,7.583831250667572021e-02,7.005023211240768433e-02,1.482712924480438232e-01,2.872612886130809784e-02,-8.462877012789249420e-03,1.535056233406066895e-01,5.186202526092529297e-01,5.852844119071960449e-01,7.594522833824157715e-02,1.698820739984512329e-01,2.616629004478454590e-01,2.599238753318786621e-01,2.172146886587142944e-01,1.136693209409713745e-01,2.617392838001251221e-01,3.306261301040649414e-01,-1.835509017109870911e-02,9.977705776691436768e-02,2.432667016983032227e-01,2.168485820293426514e-01,5.922384560108184814e-02,1.089744046330451965e-01,-2.239053100347518921e-01,-3.307068049907684326e-01,-1.252021174877882004e-03,4.465316981077194214e-02,-2.695946022868156433e-02,-5.642640963196754456e-02,8.455818891525268555e-02,5.073563009500503540e-02,-3.101164698600769043e-01,-3.058218359947204590e-01,-2.658829987049102783e-01,-2.070762813091278076e-01,-1.426439732313156128e-01,-1.802263557910919189e-01,-1.898655444383621216e-01,-3.163291811943054199e-01,-2.981076240539550781e-01,-3.497982025146484375e-01,-2.395485937595367432e-01,-3.154655992984771729e-01,-9.600559622049331665e-02,-9.596402943134307861e-02,6.644278168678283691e-01,7.779064178466796875e-01,1.403850913047790527e-01,2.671729028224945068e-01,7.570756599307060242e-03,-6.229680776596069336e-02,2.332358509302139282e-01,3.628974556922912598e-01,-1.538344621658325195e-01,-3.524917662143707275e-01,-3.371932730078697205e-02,-1.003255248069763184e-01,4.931652545928955078e-01,4.149341285228729248e-01,2.030660510063171387e-01,1.500557512044906616e-01,-4.192816466093063354e-02,-2.333404682576656342e-02,-4.041728377342224121e-02,1.899132318794727325e-02,1.474118381738662720e-01,1.080640628933906555e-01,4.645178839564323425e-02,-4.170306026935577393e-03,3.627239540219306946e-02,1.807362884283065796e-01,1.158393323421478271e-01,7.214799523353576660e-02,-2.545879781246185303e-02,-2.299511581659317017e-01,1.990354061126708984e-01,7.877007871866226196e-02,-5.099918693304061890e-02,-1.698959022760391235e-01,-1.088453978300094604e-01,-3.175225257873535156e-01,-2.708719074726104736e-01,-2.507765591144561768e-01,-1.484686285257339478e-01,-1.565616279840469360e-01,-1.315777748823165894e-01,-1.960646957159042358e-01,1.997515857219696045e-01,6.088762357831001282e-02,6.056274101138114929e-02,1.318710893392562866e-01,1.351715475320816040e-01,9.096829593181610107e-02,3.057471849024295807e-02,-4.120064526796340942e-02,1.854502707719802856e-01,-2.721903659403324127e-02,4.031134396791458130e-02,-1.004565134644508362e-01,-1.697637736797332764e-01,-1.654348373413085938e-01,-7.355631887912750244e-02,-3.615489900112152100e-01,-2.853765189647674561e-01,-1.480970531702041626e-01
6.058337688446044922e-01,4.463883042335510254e-01,0.000000000000000000e+00,7.139735668897628784e-02,-8.668068796396255493e-02,-3.229202032089233398e-01,4.520758092403411865e-01,-3.422498404979705811e-01,2.757798135280609131e-01,-2.934834957122802734e-01,1.723676025867462158e-01,4.063709676265716553e-01,3.739410936832427979e-01,1.004154831171035767e-01,5.464422702789306641e-01,1.998595446348190308e-01,-6.665799766778945923e-02,7.823686301708221436e-02,4.816933274269104004e-01,5.217169523239135742e-01,2.523433268070220947e-01,3.708425462245941162e-01,5.655410885810852051e-01,6.023966670036315918e-01,2.462050169706344604e-01,6.640133261680603027e-02,3.559915721416473389e-01,5.013750791549682617e-01,-8.244000375270843506e-02,-5.550795048475265503e-02,3.557262420654296875e-01,3.658128082752227783e-01,7.702399790287017822e-02,2.104250490665435791e-01,9.302822500467300415e-02,-1.179505065083503723e-01,6.437610089778900146e-02,5.687552317976951599e-02,1.434436291456222534e-01,-4.070034995675086975e-02,2.574698030948638916e-01,2.382799237966537476e-02,-5.419742465019226074e-01,-5.932042598724365234e-01,-4.568172097206115723e-01,-5.296980738639831543e-01,-2.695475220680236816e-01,-3.562966883182525635e-01,-5.148084163665771484e-01,-5.830770730972290039e-01,-4.834470152854919434e-01,-6.662305593490600586e-01,-3.654609918594360352e-01,-6.279020309448242188e-01,1.781274825334548950e-01,4.675867035984992981e-02,2.576385438442230225e-01,4.700283110141754150e-01,4.074548780918121338e-01,4.531920254230499268e-01,1.642306298017501831e-01,-1.309086680412292480e-01,1.276051849126815796e-01,-1.162591483443975449e-02,1.293331980705261230e-01,-4.878971278667449951e-01,3.255456387996673584e-01,1.670149713754653931e-01,1.158713400363922119e-01,9.474803507328033447e-02,5.603145360946655273e-01,4.284160137176513672e-01,1.993044167757034302e-01,1.799507439136505127e-01,-6.775878369808197021e-02,7.265701889991760254e-02,4.096006155014038086e-01,3.129313290119171143e-01,8.961658924818038940e-02,-2.705516815185546875e-01,-4.433257970958948135e-03,-1.746576428413391113e-01,1.987272202968597412e-01,3.662571683526039124e-02,1.235596761107444763e-01,-4.566814899444580078e-01,4.620379805564880371e-01,3.009751737117767334e-01,1.437633782625198364e-01,-3.955628573894500732e-01,1.610050201416015625e-01,-3.510230779647827148e-01,-4.481591582298278809e-01,-2.642370462417602539e-01,7.428134977817535400e-02,4.415659978985786438e-02,-5.255379527807235718e-02,-1.807047724723815918e-01,3.722231090068817139e-01,3.045206367969512939e-01,3.943473994731903076e-01,3.743985891342163086e-01,4.977932870388031006e-01,3.803936839103698730e-01,2.111263275146484375e-01,-7.741386536508798599e-03,4.745674431324005127e-01,2.476705610752105713e-01,2.300390899181365967e-01,5.967077240347862244e-02,-1.316345781087875366e-01,-1.187558993697166443e-01,-3.112580860033631325e-03,-3.644725084304809570e-01,-3.956997692584991455e-01,1.356827653944492340e-02
9.766851551830768585e-03,1.111518293619155884e-01,7.139735668897628784e-02,0.000000000000000000e+00,4.101267457008361816e-01,3.122424185276031494e-01,3.111777901649475098e-01,3.116598725318908691e-01,3.083434104919433594e-01,2.704716026782989502e-01,1.748791933059692383e-01,2.558876201510429382e-02,9.793242812156677246e-02,-1.456028819084167480e-01,-1.753642037510871887e-02,-9.198168665170669556e-02,1.787359714508056641e-01,-2.801091372966766357e-01,2.908959984779357910e-01,1.721459031105041504e-01,1.670171134173870087e-02,-1.528561264276504517e-01,1.026805862784385681e-01,1.995310187339782715e-01,4.035022258758544922e-01,3.519814014434814453e-01,4.876895993947982788e-02,1.062110364437103271e-01,3.323379531502723694e-02,6.728111207485198975e-02,7.661080360412597656e-02,1.986856609582901001e-01,3.113440871238708496e-01,4.675461053848266602e-01,3.581510111689567566e-02,1.997631192207336426e-01,-3.317714631557464600e-01,-3.582474589347839355e-01,-3.332434296607971191e-01,-2.802285850048065186e-01,-8.570693433284759521e-02,-3.129343390464782715e-01,1.212250217795372009e-01,2.086350768804550171e-01,1.710962951183319092e-01,2.887676060199737549e-01,-2.679106220602989197e-02,1.585730016231536865e-01,2.583494186401367188e-01,2.450333982706069946e-01,1.828554868698120117e-01,2.267039269208908081e-01,1.154080107808113098e-01,1.828724145889282227e-01,-3.311221897602081299e-01,-2.586839795112609863e-01,1.171133667230606079e-01,-1.934980973601341248e-02,-1.196506768465042114e-01,-2.426283061504364014e-01,3.796251490712165833e-02,2.852497398853302002e-01,8.481178432703018188e-02,7.827872782945632935e-02,1.926486045122146606e-01,3.253104686737060547e-01,6.556552369147539139e-03,5.324532836675643921e-02,1.893794238567352295e-01,1.345362961292266846e-01,5.165729299187660217e-02,2.712250687181949615e-02,1.224614586681127548e-02,-3.434214368462562561e-02,-1.577590010128915310e-03,1.553425043821334839e-01,-2.906312793493270874e-02,3.738355636596679688e-02,2.175906002521514893e-01,1.128870919346809387e-01,2.897731587290763855e-02,7.741312962025403976e-03,-2.796687781810760498e-01,-1.510197967290878296e-01,-1.271126866340637207e-01,2.172703444957733154e-01,-4.051495194435119629e-01,-3.548568785190582275e-01,-1.385472118854522705e-01,1.123119443655014038e-01,-5.469501949846744537e-03,2.184056192636489868e-01,1.737160533666610718e-01,1.658616773784160614e-02,-4.309132397174835205e-01,-3.480574786663055420e-01,-3.421196341514587402e-01,-2.822873890399932861e-01,-1.563616991043090820e-01,-2.224527299404144287e-01,-3.870789408683776855e-01,-2.988205850124359131e-01,-4.354021847248077393e-01,-3.659916520118713379e-01,-2.683712840080261230e-01,-2.190999984741210938e-01,-9.512569755315780640e-02,-3.997661769390106201e-01,4.474590718746185303e-02,-1.649330705404281616e-01,-8.255943655967712402e-02,-3.133791983127593994e-01,-1.642975956201553345e-01,1.243806332349777222e-01,5.912606790661811829e-02,-2.343006879091262817e-01
-1.652677655220031738e-01,-2.056155353784561157e-02,-8.668068796396255493e-02,4.101267457008361816e-01,0.000000000000000000e+00,4.872128665447235107e-01,-3.530558943748474121e-02,5.370733141899108887e-01,5.381934642791748047e-01,5.066044330596923828e-01,1.123084425926208496e-01,-8.134409040212631226e-02,4.597433283925056458e-02,1.236721947789192200e-01,-2.457729354500770569e-02,-1.780946999788284302e-01,-3.777827322483062744e-02,-1.156117394566535950e-02,-7.931906729936599731e-02,-1.018325164914131165e-01,-6.189658865332603455e-02,8.249442093074321747e-03,-2.539322972297668457e-01,5.662072449922561646e-02,4.745990335941314697e-01,4.135994315147399902e-01,9.089388698339462280e-02,2.070279046893119812e-02,6.894847750663757324e-02,2.032781690359115601e-01,-1.729471832513809204e-01,-2.467095665633678436e-02,1.151319313794374466e-02,1.485568732023239136e-01,-7.061633467674255371e-02,-3.221672028303146362e-02,-1.896567642688751221e-01,-4.120107293128967285e-01,-1.547852009534835815e-01,-2.098868191242218018e-01,-1.501531153917312622e-01,-1.112134605646133423e-01,1.990440189838409424e-01,2.156069725751876831e-01,1.516155451536178589e-01,1.934683769941329956e-01,8.979912102222442627e-02,1.289762258529663086e-01,4.118410050868988037e-01,3.405578136444091797e-01,4.293699860572814941e-01,2.374708652496337891e-01,4.147336781024932861e-01,1.527457684278488159e-01,-1.169444695115089417e-01,-4.447014927864074707e-01,-6.615208089351654053e-02,-3.841734305024147034e-02,-3.637457787990570068e-01,-3.891345560550689697e-01,-1.189924180507659912e-01,-1.427586227655410767e-01,-2.034303098917007446e-01,-1.808608472347259521e-01,6.229003518819808960e-02,1.006625369191169739e-01,-2.825212478637695312e-01,-2.784662842750549316e-01,6.454506516456604004e-02,3.292494220659136772e-04,6.276665627956390381e-02,-1.343809962272644043e-01,-9.562115371227264404e-02,-2.000071806833148003e-03,1.653225161135196686e-02,1.435743086040019989e-02,-3.415342271327972412e-01,-3.823317885398864746e-01,2.844664454460144043e-01,1.436104476451873779e-01,2.705988883972167969e-01,8.149547874927520752e-02,-1.300389915704727173e-01,-2.871688604354858398e-01,1.552122980356216431e-01,-1.863852888345718384e-02,-1.919990181922912598e-01,-5.029291510581970215e-01,1.653941273689270020e-01,-1.627312600612640381e-01,1.048165038228034973e-01,-6.417641788721084595e-02,4.475544095039367676e-01,-7.632778584957122803e-02,-2.094555944204330444e-01,-1.318876594305038452e-01,-5.297921970486640930e-02,-1.943472176790237427e-01,-2.684372365474700928e-01,-3.856142461299896240e-01,-2.548426985740661621e-01,-4.379455745220184326e-01,-4.465527534484863281e-01,-5.280732512474060059e-01,-4.172554984688758850e-02,-2.764648795127868652e-01,-1.751302778720855713e-01,-4.155190289020538330e-01,-1.201709657907485962e-01,-1.629200577735900879e-02,-1.820098757743835449e-01,-2.095176428556442261e-01,-2.735220454633235931e-02,2.893886566162109375e-01,2.160606831312179565e-01,-2.214074581861495972e-01
-2.388587594032287598e-01,-5.327168852090835571e-02,-3.229202032089233398e-01,3.122424185276031494e-01,4.872128665447235107e-01,0.000000000000000000e+00,-1.710256561636924744e-02,4.466455280780792236e-01,1.962953060865402222e-01,5.399969816207885742e-01,-6.873876601457595825e-02,-1.687619090080261230e-01,-1.133605018258094788e-01,-2.192433029413223267e-01,-2.098497152328491211e-01,-1.239574328064918518e-01,1.072468832135200500e-01,-1.544773578643798828e-01,-1.319227069616317749e-01,-1.583006978034973145e-01,-1.249900385737419128e-01,-1.377018988132476807e-01,-3.989052772521972656e-01,-1.435106247663497925e-01,2.337440997362136841e-01,3.539347052574157715e-01,-1.768455468118190765e-02,2.035896852612495422e-02,1.518381536006927490e-01,2.262636572122573853e-01,-1.585169434547424316e-01,-1.093748360872268677e-01,2.375568263232707977e-02,1.430044919252395630e-01,-3.218105435371398926e-01,-4.320431128144264221e-02,-3.226158916950225830e-01,-2.938826382160186768e-01,-2.417986840009689331e-01,-1.390246897935867310e-01,-1.930912882089614868e-01,-8.464840799570083618e-02,2.950001955032348633e-01,3.820915818214416504e-01,2.992235422134399414e-01,4.064944684505462646e-01,1.069746688008308411e-01,2.303588837385177612e-01,5.652640461921691895e-01,5.327435731887817383e-01,4.578784108161926270e-01,4.720975756645202637e-01,3.399615287780761719e-01,3.661254942417144775e-01,-2.764887213706970215e-01,-3.239474296569824219e-01,3.034298866987228394e-02,-1.473498344421386719e-01,-3.271249830722808838e-01,-3.656682074069976807e-01,-7.005368918180465698e-02,1.387017816305160522e-01,-1.575192511081695557e-01,1.389779150485992432e-02,-1.498807966709136963e-01,2.777571380138397217e-01,-4.481965303421020508e-01,-3.778209686279296875e-01,1.141527108848094940e-02,-1.940896362066268921e-02,-9.001858532428741455e-02,-1.372916698455810547e-01,-2.420980483293533325e-01,-5.707256868481636047e-02,1.236027553677558899e-01,3.432761132717132568e-02,-4.415815472602844238e-01,-3.578948080539703369e-01,1.858631968498229980e-01,2.317176163196563721e-01,1.226199269294738770e-01,5.084247142076492310e-02,-1.717903465032577515e-01,-8.020132035017013550e-02,-6.538521498441696167e-02,2.322009354829788208e-01,-3.012272119522094727e-01,-4.063023626804351807e-01,-7.000500708818435669e-02,1.086628586053848267e-01,-4.262007400393486023e-02,1.064159274101257324e-01,4.748476445674896240e-01,9.583803266286849976e-02,-2.278588861227035522e-01,-1.576496660709381104e-01,-4.861728474497795105e-02,-1.177711412310600281e-01,-3.853487670421600342e-01,-3.973078727722167969e-01,-4.539974033832550049e-01,-4.523930549621582031e-01,-5.423218011856079102e-01,-4.351353645324707031e-01,-1.692158281803131104e-01,-1.619409173727035522e-01,-3.100277483463287354e-01,-2.887157499790191650e-01,-2.449747025966644287e-01,-1.118131056427955627e-01,-1.102613359689712524e-01,-1.636702418327331543e-01,-2.529838979244232178e-01,1.657876223325729370e-01,2.753586769104003906e-01,-2.033910155296325684e-01
4.235062599182128906e-01,3.385420441627502441e-01,4.520758092403411865e-01,3.111777901649475098e-01,-3.530558943748474121e-02,-1.710256561636924744e-02,0.000000000000000000e+00,-1.169989332556724548e-01,3.205160498619079590e-01,-2.574287168681621552e-02,1.155090183019638062e-01,3.697206676006317139e-01,2.969677746295928955e-01,-1.371647566556930542e-01,1.950305849313735962e-01,1.978044658899307251e-01,-1.161968568339943886e-03,-2.973760962486267090e-01,5.182057023048400879e-01,4.256252646446228027e-01,1.460971385240554810e-01,-3.703202120959758759e-03,4.232648611068725586e-01,3.964771926403045654e-01,3.009770214557647705e-01,2.862775325775146484e-01,2.691478133201599121e-01,3.972862362861633301e-01,2.119538374245166779e-02,-9.359479695558547974e-02,3.740549683570861816e-01,3.338976502418518066e-01,3.701781630516052246e-01,4.889776110649108887e-01,7.668120414018630981e-02,7.050248980522155762e-02,-1.975205540657043457e-01,9.270164370536804199e-02,-1.071189269423484802e-01,-1.444439310580492020e-02,5.019583180546760559e-02,-4.378636181354522705e-02,-2.324180305004119873e-01,-1.889859586954116821e-01,-2.076287418603897095e-01,-1.112082675099372864e-01,-2.672266066074371338e-01,-1.094152852892875671e-01,-1.926569342613220215e-01,-1.305113583803176880e-01,-3.419572710990905762e-01,-1.559200137853622437e-01,-4.267210960388183594e-01,-1.696401238441467285e-01,-2.898472547531127930e-01,3.437092155218124390e-02,3.001989722251892090e-01,2.073969393968582153e-01,3.711279630661010742e-01,3.227210044860839844e-01,2.869274020195007324e-01,3.118869364261627197e-01,2.588929831981658936e-01,1.478947550058364868e-01,2.887624688446521759e-02,-7.969110272824764252e-03,1.978809982538223267e-01,1.144317835569381714e-01,1.376786082983016968e-01,1.437591612339019775e-01,2.916836440563201904e-01,4.607831537723541260e-01,1.910762935876846313e-01,7.007447630167007446e-02,-4.745295643806457520e-02,1.637501418590545654e-01,2.577811181545257568e-01,3.313807845115661621e-01,-7.959872484207153320e-02,-1.942665874958038330e-02,-3.296628296375274658e-01,-1.821907311677932739e-01,-7.264648377895355225e-02,9.394687414169311523e-02,-3.347583413124084473e-01,3.776367753744125366e-02,-6.776241958141326904e-02,8.559720218181610107e-02,-3.310552835464477539e-01,1.582244187593460083e-01,-1.554784923791885376e-01,9.640759974718093872e-02,-3.212147951126098633e-01,2.901468239724636078e-02,-1.486276835203170776e-01,-1.967231333255767822e-01,-1.881679147481918335e-01,-1.112402752041816711e-01,1.143615990877151489e-01,2.151974439620971680e-01,-1.888717114925384521e-01,2.161215543746948242e-01,1.260161865502595901e-02,1.787526607513427734e-01,-1.002716720104217529e-01,8.928675204515457153e-02,-2.013549953699111938e-02,7.779861986637115479e-02,5.038605630397796631e-02,-7.499213516712188721e-02,-7.261660695075988770e-02,-1.908321231603622437e-01,-9.081251174211502075e-02,-1.974814981222152710e-01,-1.782980561256408691e-01,-7.543671876192092896e-02
-4.008497297763824463e-01,-7.887741923332214355e-02,-3.422498404979705811e-01,3.116598725318908691e-01,5.370733141899108887e-01,4.466455280780792236e-01,-1.169989332556724548e-01,0.000000000000000000e+00,2.846186161041259766e-01,5.193794965744018555e-01,-1.292078047990798950e-01,-2.153859883546829224e-01,-4.986455664038658142e-02,2.098758518695831299e-01,-2.810502350330352783e-01,-4.417132735252380371e-01,-1.706133037805557251e-01,2.016119807958602905e-01,-3.153595328330993652e-01,-3.370375335216522217e-01,-3.141257166862487793e-01,-2.267041802406311035e-01,-3.257765769958496094e-01,-1.228106021881103516e-01,7.719995826482772827e-02,1.654146909713745117e-01,-1.921460777521133423e-01,-2.770529985427856445e-01,-4.106439650058746338e-03,1.048375591635704041e-01,-2.676408588886260986e-01,-1.315280199050903320e-01,2.952721528708934784e-02,3.965940326452255249e-02,-7.338975369930267334e-02,5.550052039325237274e-03,-1.634234637022018433e-01,-4.607479572296142578e-01,-2.352218180894851685e-01,-3.217600286006927490e-01,-2.479256987571716309e-01,1.180409453809261322e-02,4.353444576263427734e-01,4.488152265548706055e-01,4.055217802524566650e-01,4.170177578926086426e-01,2.688542604446411133e-01,2.164159864187240601e-01,5.749989748001098633e-01,4.752193093299865723e-01,5.725358724594116211e-01,3.581811189651489258e-01,6.155589222908020020e-01,2.615719139575958252e-01,-7.268581539392471313e-02,-4.813516139984130859e-01,-1.929702907800674438e-01,-1.122656241059303284e-01,-5.583184957504272461e-01,-4.491015076637268066e-01,-1.413211822509765625e-01,-1.054396182298660278e-01,-3.619165122509002686e-01,-1.181850060820579529e-01,-3.817668557167053223e-02,2.570323050022125244e-01,-3.514000773429870605e-01,-2.625629603862762451e-01,-1.937933824956417084e-02,-1.684550791978836060e-01,-1.144532412290573120e-01,-3.196662366390228271e-01,-1.402897238731384277e-01,-4.157356545329093933e-02,3.217649087309837341e-02,2.052210643887519836e-02,-4.099447727203369141e-01,-5.142141580581665039e-01,1.654494106769561768e-01,6.098702922463417053e-02,2.530601322650909424e-01,9.044311009347438812e-03,-1.887900680303573608e-01,-4.974864721298217773e-01,1.816567629575729370e-01,-9.026878327131271362e-02,-2.826897501945495605e-01,-6.046488881111145020e-01,2.769045233726501465e-01,-1.976925134658813477e-01,2.489124089479446411e-01,-2.343597821891307831e-02,6.549999117851257324e-01,-5.042736604809761047e-02,-2.217968553304672241e-01,-7.976745069026947021e-02,4.612806811928749084e-02,-1.093123406171798706e-01,-2.828534543514251709e-01,-4.422807097434997559e-01,-2.284695953130722046e-01,-5.515862703323364258e-01,-4.689261019229888916e-01,-5.858812928199768066e-01,-3.995428979396820068e-02,-3.014118075370788574e-01,-3.253042399883270264e-01,-5.171111226081848145e-01,-1.672777533531188965e-01,-1.120927184820175171e-02,-1.208742782473564148e-01,-1.163806691765785217e-01,6.528154015541076660e-03,3.932753205299377441e-01,3.160526752471923828e-01,-2.442920207977294922e-02
8.371168375015258789e-02,1.741291135549545288e-01,2.757798135280609131e-01,3.083434104919433594e-01,5.381934642791748047e-01,1.962953060865402222e-01,3.205160498619079590e-01,2.846186161041259766e-01,0.000000000000000000e+00,3.184304237365722656e-01,1.549702584743499756e-01,2.678898274898529053e-01,3.259883224964141846e-01,7.755622267723083496e-02,3.397408425807952881e-01,2.104868553578853607e-02,-2.066160179674625397e-02,8.771733194589614868e-02,1.754378974437713623e-01,5.685579776763916016e-02,1.098000630736351013e-01,1.219919100403785706e-01,1.416326910257339478e-01,2.770616710186004639e-01,5.887283086776733398e-01,4.663239717483520508e-01,3.061248958110809326e-01,2.755638659000396729e-01,1.280124634504318237e-01,2.157029360532760620e-01,1.610676012933254242e-02,2.421059310436248779e-01,1.034898385405540466e-01,2.105891853570938110e-01,1.750949025154113770e-01,8.849009871482849121e-02,-1.944173872470855713e-01,-2.352473139762878418e-01,-1.365557014942169189e-01,-2.938276529312133789e-01,8.956094086170196533e-02,-1.481601297855377197e-01,-1.079024598002433777e-01,-7.168401777744293213e-02,-7.403144240379333496e-02,-1.541763823479413986e-02,-1.788899749517440796e-01,-6.124538183212280273e-02,8.924000710248947144e-02,6.411793828010559082e-02,3.066981583833694458e-02,-1.087505221366882324e-01,-3.501147730275988579e-03,-2.229222357273101807e-01,-1.999270617961883545e-01,-3.235143721103668213e-01,4.263143241405487061e-02,1.607499867677688599e-01,-8.283689618110656738e-02,-1.542540546506643295e-02,7.238759845495223999e-02,3.109567239880561829e-02,2.685991302132606506e-02,1.219656667672097683e-03,1.492044180631637573e-01,3.064385429024696350e-02,4.616264998912811279e-02,-7.702540606260299683e-02,3.441371396183967590e-02,-1.643592491745948792e-02,3.228683769702911377e-01,2.060701549053192139e-01,1.289114356040954590e-01,1.227618753910064697e-01,3.848024830222129822e-02,1.179872006177902222e-01,1.467410940676927567e-02,-4.437322169542312622e-02,2.406418472528457642e-01,-5.541573837399482727e-02,2.292436175048351288e-02,-9.482485055923461914e-02,-6.170605495572090149e-02,-1.668537855148315430e-01,9.005640633404254913e-03,-2.303923964500427246e-01,-6.458478420972824097e-02,-2.825538814067840576e-01,8.439121395349502563e-02,-2.257117033004760742e-01,6.996392458677291870e-02,-1.467181742191314697e-01,1.072798520326614380e-01,-1.651675552129745483e-01,-1.443679034709930420e-01,-9.948694705963134766e-02,-6.280171126127243042e-02,-2.326565980911254883e-01,1.895114220678806305e-02,-6.948664784431457520e-02,-9.193187206983566284e-02,-1.848881542682647705e-01,-1.537306159734725952e-01,-1.998653262853622437e-01,-7.354989182204008102e-03,-1.466460525989532471e-01,2.492814883589744568e-02,-2.155781090259552002e-01,6.166310049593448639e-03,1.315151154994964600e-02,-2.087290287017822266e-01,-3.065964281558990479e-01,4.745803773403167725e-03,6.404107064008712769e-02,-3.771615400910377502e-02,-1.876907050609588623e-02
-3.554752171039581299e-01,-2.905833423137664795e-01,-2.934834957122802734e-01,2.704716026782989502e-01,5.066044330596923828e-01,5.399969816207885742e-01,-2.574287168681621552e-02,5.193794965744018555e-01,3.184304237365722656e-01,0.000000000000000000e+00,-1.051802113652229309e-01,-3.194448649883270264e-01,-4.334862157702445984e-02,4.452309105545282364e-03,-9.955268353223800659e-02,-1.779075898230075836e-02,-3.714148327708244324e-02,-3.680423647165298462e-02,-2.574594914913177490e-01,-2.704466879367828369e-01,-1.466632634401321411e-01,-5.366237461566925049e-02,-2.754039764404296875e-01,2.095513232052326202e-02,1.602352112531661987e-01,2.913051247596740723e-01,-5.357715860009193420e-02,-1.344083249568939209e-01,1.899984031915664673e-01,1.033129096031188965e-01,-2.171883434057235718e-01,-1.352380961179733276e-01,1.496477983891963959e-02,1.390908062458038330e-01,-6.155573949217796326e-02,6.562585383653640747e-02,-2.318083494901657104e-01,-2.550350129604339600e-01,-1.692600697278976440e-01,-5.593321844935417175e-02,-1.849059164524078369e-01,6.122825294733047485e-02,3.172141015529632568e-01,3.461494743824005127e-01,2.667258083820343018e-01,2.926485538482666016e-01,1.375756710767745972e-01,1.390941590070724487e-01,4.178295731544494629e-01,3.990170657634735107e-01,2.995534539222717285e-01,2.994303107261657715e-01,2.484297305345535278e-01,2.026330083608627319e-01,-2.292356789112091064e-01,-3.461274802684783936e-01,-2.917144298553466797e-01,-3.495557308197021484e-01,-3.785893619060516357e-01,-3.577164113521575928e-01,-1.487939059734344482e-01,6.544568459503352642e-04,-3.329698145389556885e-01,-2.277730703353881836e-01,-3.747824206948280334e-02,3.000873923301696777e-01,-2.886828482151031494e-01,-1.950725466012954712e-01,-1.571772992610931396e-01,-1.801350265741348267e-01,-6.660451740026473999e-02,-1.136073395609855652e-01,-8.852460980415344238e-02,-1.567212305963039398e-02,1.253779679536819458e-01,-3.575646842364221811e-04,-3.285079896450042725e-01,-3.647385239601135254e-01,5.773722007870674133e-02,1.903177052736282349e-01,5.020990222692489624e-02,-8.672652393579483032e-02,-2.282349020242691040e-01,-2.495744079351425171e-01,-1.853076741099357605e-02,9.103742986917495728e-02,-2.354364991188049316e-01,-3.375663757324218750e-01,9.370581828989088535e-04,-2.175338938832283020e-02,6.783727556467056274e-02,3.261586278676986694e-02,4.247026741504669189e-01,8.593861013650894165e-02,-6.227676570415496826e-02,-6.453130394220352173e-02,5.563011858612298965e-03,-7.858206331729888916e-02,-2.901296317577362061e-01,-2.598202228546142578e-01,-2.925312221050262451e-01,-3.095466494560241699e-01,-3.569712936878204346e-01,-3.091583251953125000e-01,-2.582422643899917603e-02,-8.732105046510696411e-02,-3.577503859996795654e-01,-1.850844770669937134e-01,-1.850133389234542847e-01,4.269023239612579346e-02,-1.416821628808975220e-01,-5.328318104147911072e-02,-5.726110190153121948e-02,3.297609686851501465e-01,3.189810812473297119e-01,-7.097413763403892517e-03
3.414680659770965576e-01,1.069937720894813538e-01,1.723676025867462158e-01,1.748791933059692383e-01,1.123084425926208496e-01,-6.873876601457595825e-02,1.155090183019638062e-01,-1.292078047990798950e-01,1.549702584743499756e-01,-1.051802113652229309e-01,0.000000000000000000e+00,3.430739045143127441e-01,4.091647267341613770e-01,9.842605143785476685e-02,1.725647747516632080e-01,1.141993030905723572e-01,1.784559488296508789e-01,-1.628296971321105957e-01,2.471482157707214355e-01,1.616893559694290161e-01,2.449849247932434082e-01,1.042800098657608032e-01,9.458273649215698242e-02,6.219821050763130188e-02,2.254450023174285889e-01,1.526288688182830811e-01,1.493062973022460938e-01,1.658509522676467896e-01,1.669443696737289429e-01,1.258796900510787964e-01,1.036108061671257019e-01,5.707100406289100647e-02,5.045174062252044678e-02,1.871044747531414032e-02,-3.273629769682884216e-02,-3.725646436214447021e-02,8.014456368982791901e-03,-2.473598578944802284e-03,-3.883575275540351868e-02,-9.607710689306259155e-02,1.022942513227462769e-01,-2.297025173902511597e-01,-2.385648339986801147e-01,-2.030805945396423340e-01,-2.903076410293579102e-01,-1.983280032873153687e-01,-1.850852519273757935e-01,-1.661777682602405548e-02,-1.906331926584243774e-01,-1.638114899396896362e-01,-1.017754003405570984e-01,-8.903818577527999878e-02,-1.225391030311584473e-01,-3.201888501644134521e-02,-1.587411388754844666e-02,7.536798715591430664e-02,2.239924371242523193e-01,1.100591272115707397e-01,1.986715048551559448e-01,9.302762895822525024e-02,2.574015855789184570e-01,1.721483319997787476e-01,3.715323209762573242e-01,1.626071333885192871e-01,1.560291647911071777e-01,-7.582578063011169434e-02,3.023316524922847748e-02,-5.075186956673860550e-03,8.069734275341033936e-02,6.555655598640441895e-02,1.843029856681823730e-01,1.670080870389938354e-01,5.144368484616279602e-02,-7.226702570915222168e-02,-9.225724264979362488e-03,1.368069276213645935e-02,1.308342665433883667e-01,1.747438907623291016e-01,1.058376580476760864e-01,-3.147133439779281616e-02,6.222359836101531982e-02,9.928923845291137695e-02,9.056887589395046234e-03,1.574874967336654663e-01,6.385711580514907837e-02,3.816586360335350037e-02,-6.263990700244903564e-02,-2.593942917883396149e-02,-7.213038951158523560e-02,8.248639106750488281e-02,-1.804440319538116455e-01,6.839888542890548706e-02,-2.145329117774963379e-01,1.677394658327102661e-02,-9.680689126253128052e-02,-2.220298200845718384e-01,-6.051998957991600037e-02,-3.236243128776550293e-02,1.160943284630775452e-01,1.587332189083099365e-01,2.237248234450817108e-02,8.839296549558639526e-02,2.164657227694988251e-02,7.730911672115325928e-02,-8.552402257919311523e-03,4.713791236281394958e-02,1.752346009016036987e-01,3.552271798253059387e-02,1.529199033975601196e-01,4.404892027378082275e-02,8.473436534404754639e-02,-2.066079340875148773e-02,1.456030607223510742e-01,-4.976386576890945435e-02,-1.611645966768264771e-01,-3.175332546234130859e-01
4.938246011734008789e-01,5.186740756034851074e-01,4.063709676265716553e-01,2.558876201510429382e-02,-8.134409040212631226e-02,-1.687619090080261230e-01,3.697206676006317139e-01,-2.153859883546829224e-01,2.678898274898529053e-01,-3.194448649883270264e-01,3.430739045143127441e-01,0.000000000000000000e+00,3.067786395549774170e-01,1.322752982378005981e-01,2.330852150917053223e-01,1.192273274064064026e-01,1.659177988767623901e-01,7.291065063327550888e-03,4.403742551803588867e-01,4.436352252960205078e-01,2.831258773803710938e-01,1.211209967732429504e-01,3.164216876029968262e-01,2.155333757400512695e-01,2.646601498126983643e-01,1.450254172086715698e-01,2.564845383167266846e-01,3.766948282718658447e-01,9.662628173828125000e-02,2.300808131694793701e-01,2.708920836448669434e-01,2.965188920497894287e-01,6.993339210748672485e-02,1.228553578257560730e-01,-3.143279999494552612e-02,-1.257419884204864502e-01,-4.960592091083526611e-02,6.346242129802703857e-02,-1.268559843301773071e-01,-1.992862224578857422e-01,1.952233612537384033e-01,-1.895758956670761108e-01,-3.048327863216400146e-01,-2.951077222824096680e-01,-3.251002430915832520e-01,-2.555538415908813477e-01,-1.758298277854919434e-01,-1.032861322164535522e-01,-2.623432874679565430e-01,-2.481308728456497192e-01,-3.103361725807189941e-01,-3.062399029731750488e-01,-3.130366206169128418e-01,-2.871333956718444824e-01,-2.934700064361095428e-02,1.165572255849838257e-01,3.615202307701110840e-01,4.031250178813934326e-01,2.883488833904266357e-01,3.936427235603332520e-01,1.718528717756271362e-01,1.931775063276290894e-01,3.565699756145477295e-01,3.920049369335174561e-01,-3.478433936834335327e-02,-2.492323368787765503e-01,1.069741621613502502e-01,-3.873495385050773621e-03,3.083633184432983398e-01,2.673563361167907715e-01,2.483224272727966309e-01,3.004286587238311768e-01,1.500411480665206909e-01,1.184943318367004395e-01,6.524206697940826416e-02,6.309209764003753662e-02,3.477072119712829590e-01,3.537850081920623779e-01,9.958709031343460083e-02,-2.553335018455982208e-02,-6.934529542922973633e-02,5.391655489802360535e-02,1.609677262604236603e-02,1.232508420944213867e-01,-9.438557177782058716e-02,-1.440777331590652466e-01,4.256417602300643921e-02,4.213914275169372559e-02,-8.447264134883880615e-02,-2.685154974460601807e-02,-1.654236018657684326e-01,-1.277327090501785278e-01,-3.724636137485504150e-01,-2.260210216045379639e-01,-7.634526491165161133e-02,-7.129707187414169312e-02,-1.120811626315116882e-01,-2.585782110691070557e-02,2.861371040344238281e-01,1.776960641145706177e-01,1.255399882793426514e-01,2.433364689350128174e-01,2.023275047540664673e-01,2.137317806482315063e-01,-2.976553700864315033e-02,4.490408115088939667e-03,3.217246532440185547e-01,1.096376962959766388e-02,2.544378042221069336e-01,-4.494422301650047302e-02,-3.222401812672615051e-02,-1.791935414075851440e-01,9.256864339113235474e-02,-2.489232569932937622e-01,-3.558991849422454834e-01,-2.344951778650283813e-01
2.738835811614990234e-01,7.583831250667572021e-02,3.739410936832427979e-01,9.793242812156677246e-02,4.597433283925056458e-02,-1.133605018258094788e-01,2.969677746295928955e-01,-4.986455664038658142e-02,3.259883224964141846e-01,-4.334862157702445984e-02,4.091647267341613770e-01,3.067786395549774170e-01,0.000000000000000000e+00,3.337156772613525391e-01,4.349756836891174316e-01,1.582136452198028564e-01,-8.201090246438980103e-02,-2.406722493469715118e-02,2.253370583057403564e-01,1.095651760697364807e-01,1.384203732013702393e-01,3.586698696017265320e-02,3.072169423103332520e-01,2.702563107013702393e-01,1.776195466518402100e-01,9.592172503471374512e-02,1.859121173620223999e-01,1.932952553033828735e-01,1.063660606741905212e-01,3.519387170672416687e-02,1.150257214903831482e-01,9.984238445758819580e-02,1.018451452255249023e-01,1.363389194011688232e-02,2.109753191471099854e-01,-1.371661107987165451e-02,-1.338863074779510498e-01,-1.231599748134613037e-01,3.809821605682373047e-02,-8.513385057449340820e-02,4.185634851455688477e-02,-2.099423408508300781e-01,-2.554799318313598633e-01,-3.087600171566009521e-01,-3.764620423316955566e-01,-3.233247697353363037e-01,-2.927617430686950684e-01,-2.518243789672851562e-01,-2.808576226234436035e-01,-2.115054279565811157e-01,-1.573777645826339722e-01,-1.998187601566314697e-01,-1.140941232442855835e-01,-1.525076925754547119e-01,4.865424241870641708e-03,2.999052964150905609e-02,8.403236418962478638e-02,9.309323877096176147e-02,1.150506660342216492e-01,1.281535178422927856e-01,3.301821053028106689e-01,2.672216109931468964e-02,1.975218951702117920e-01,2.463866584002971649e-02,2.660720646381378174e-01,-8.754851669073104858e-02,1.771333813667297363e-01,1.832081191241741180e-02,-6.502425670623779297e-02,-1.307061314582824707e-01,3.274520039558410645e-01,2.012322694063186646e-01,2.030684985220432281e-02,-8.784542232751846313e-02,2.425422891974449158e-02,-1.883196964627131820e-04,1.825940608978271484e-01,1.123987212777137756e-01,2.826325036585330963e-02,-5.056891217827796936e-02,5.947997048497200012e-02,-4.452139139175415039e-02,2.115666568279266357e-01,4.763242602348327637e-02,2.293185293674468994e-01,-1.053426191210746765e-01,1.160660162568092346e-01,7.660076767206192017e-02,6.330325454473495483e-02,-6.306704133749008179e-02,-5.547944456338882446e-02,6.991258822381496429e-03,-1.301879137754440308e-01,-2.095051668584346771e-02,-1.289380621165037155e-02,-1.709852218627929688e-01,9.591262787580490112e-03,-2.319266200065612793e-01,4.249281063675880432e-02,4.746500775218009949e-02,5.371376872062683105e-02,1.206734776496887207e-01,8.030138164758682251e-02,9.364495426416397095e-02,1.131486613303422928e-02,-2.540358528494834900e-02,7.691214233636856079e-02,1.003106907010078430e-01,-6.759639829397201538e-02,4.777840152382850647e-02,-1.178761795163154602e-01,-1.570948362350463867e-01,-2.803746238350868225e-02,-1.447930634021759033e-01,-1.299072802066802979e-01,-7.731214165687561035e-02
