0.000000000000000000e+00,6.377131342887878418e-01,5.515928268432617188e-01,3.441086709499359131e-01,-2.053444460034370422e-02,1.808872222900390625e-01,9.535977989435195923e-02,-3.526052534580230713e-01,1.349706351757049561e-01,1.570495069026947021e-01,3.373998403549194336e-01,1.392975151538848877e-01,2.693771198391914368e-02,-1.602547913789749146e-01,2.298427224159240723e-01,2.163229286670684814e-01,2.830753028392791748e-01,2.790884971618652344e-01,6.191299557685852051e-01,5.329945683479309082e-01,-1.433975845575332642e-01,9.670139104127883911e-02,-2.484607994556427002e-01,2.743307650089263916e-01,-1.273699849843978882e-01,-1.453415304422378540e-01,1.555819809436798096e-01,2.401208579540252686e-01,1.643857359886169434e-01,-2.743689902126789093e-02,4.243517220020294189e-01,3.448195457458496094e-01,5.739233493804931641e-01,1.973660886287689209e-01,-7.902298122644424438e-02,-5.529173836112022400e-02,-6.219777464866638184e-02,4.466545581817626953e-02,8.516079187393188477e-02,2.522051036357879639e-01,-1.405089050531387329e-01,-1.316587328910827637e-01,-4.604361355304718018e-01,-1.977288126945495605e-01,-2.129219174385070801e-01,1.597391217947006226e-01,-3.519589900970458984e-01,-3.625109493732452393e-01,-2.611094713211059570e-01,-3.881254792213439941e-01,-4.559036195278167725e-01,-4.284124374389648438e-01,-5.598158240318298340e-01,-4.561647474765777588e-01,-2.950796484947204590e-01,1.454389095306396484e-01,7.563511729240417480e-01,6.263523697853088379e-01,4.618017077445983887e-01,2.241677790880203247e-01,7.541468739509582520e-02,-1.931993514299392700e-01,2.224279940128326416e-01,8.426190912723541260e-02,3.263328224420547485e-02,-7.614459842443466187e-02,4.966322779655456543e-01,4.197966456413269043e-01,7.102638483047485352e-01,6.191355586051940918e-01,2.104532271623611450e-01,2.945089638233184814e-01,-4.191765189170837402e-02,-7.274093478918075562e-02,1.683811098337173462e-02,2.053835988044738770e-01,3.388681411743164062e-01,2.967811524868011475e-01,-2.489240765571594238e-01,3.290860950946807861e-01,6.462805718183517456e-02,5.357947945594787598e-01,1.463903784751892090e-01,4.471240937709808350e-01,4.089473187923431396e-02,2.052841633558273315e-01,4.089359939098358154e-01,4.162375032901763916e-01,-1.590930223464965820e-01,1.095617935061454773e-01,-6.330386400222778320e-01,-4.718003869056701660e-01,-6.045717597007751465e-01,-4.616431593894958496e-01,-1.591113507747650146e-01,-3.929157257080078125e-01,-4.481830298900604248e-01,1.673206984996795654e-01,3.641572222113609314e-02,-9.999673068523406982e-02,1.431380212306976318e-01,5.656357482075691223e-02,2.775014638900756836e-01,2.517789304256439209e-01,-3.253769576549530029e-01,-3.506182432174682617e-01,4.239688068628311157e-02,1.877785623073577881e-01,1.480335444211959839e-01,-4.096550643444061279e-01,-3.058553636074066162e-01,-1.091449856758117676e-01,-4.412378072738647461e-01,-1.739359647035598755e-01,-4.346900582313537598e-01,-3.633396029472351074e-01
6.377131342887878418e-01,0.000000000000000000e+00,3.072676658630371094e-01,2.118606120347976685e-01,-2.965421378612518311e-01,-1.149151846766471863e-01,8.242186903953552246e-02,-2.782698869705200195e-01,-2.281848937273025513e-01,-1.472793072462081909e-01,2.919214665889739990e-01,2.656668126583099365e-01,1.301219463348388672e-01,1.594552397727966309e-01,-1.742633879184722900e-01,1.610868871212005615e-01,4.895966053009033203e-01,5.508290529251098633e-01,4.428820013999938965e-01,5.233358144760131836e-01,-1.948485374450683594e-01,-3.017926402390003204e-02,-3.688496947288513184e-01,1.285105049610137939e-01,-3.273813128471374512e-01,-3.732345104217529297e-01,-1.878382638096809387e-02,6.395605206489562988e-02,3.794673979282379150e-01,1.628168672323226929e-01,4.566458165645599365e-01,3.302262425422668457e-01,5.502437949180603027e-01,2.706751227378845215e-01,-2.110418528318405151e-01,-1.536781638860702515e-01,-3.210916742682456970e-02,7.123161107301712036e-02,8.432876318693161011e-02,1.139837950468063354e-01,2.898369356989860535e-02,-3.205013275146484375e-02,-4.443397819995880127e-01,-1.420061290264129639e-01,9.431727230548858643e-03,2.506502270698547363e-01,-2.584553658962249756e-01,-2.508140206336975098e-01,-8.433242887258529663e-02,-1.447792351245880127e-01,-2.971648871898651123e-01,-2.943800687789916992e-01,-3.109171092510223389e-01,-3.397947251796722412e-01,-4.100596159696578979e-02,7.152327895164489746e-02,7.688266634941101074e-01,8.394579887390136719e-01,3.923904597759246826e-01,3.596310913562774658e-01,4.655472002923488617e-03,-2.459989935159683228e-01,2.626583278179168701e-01,2.140865623950958252e-01,-1.298109441995620728e-01,-1.876370012760162354e-01,2.592979669570922852e-01,2.409982234239578247e-01,5.654494166374206543e-01,5.827420353889465332e-01,3.100503981113433838e-01,2.720000743865966797e-01,-8.458758890628814697e-02,-9.700649976730346680e-02,-1.275325194001197815e-02,1.171272173523902893e-01,3.360498249530792236e-01,2.404252439737319946e-01,1.489798724651336670e-01,4.232836067676544189e-01,4.056149721145629883e-01,6.367336511611938477e-01,-7.898630201816558838e-02,4.661984145641326904e-01,9.229874610900878906e-02,1.753260493278503418e-01,1.541859507560729980e-01,3.393835425376892090e-01,-2.195838652551174164e-02,-2.430992946028709412e-02,-4.057685434818267822e-01,-5.003172755241394043e-01,-3.766760826110839844e-01,-4.985401630401611328e-01,-2.096202969551086426e-01,-2.971338629722595215e-01,-2.323891222476959229e-01,9.903201460838317871e-02,2.027701884508132935e-01,-3.419242426753044128e-02,1.885699182748794556e-01,6.725729443132877350e-03,3.667250573635101318e-01,2.656629681587219238e-01,-3.861954808235168457e-01,-4.741899371147155762e-01,4.669395834207534790e-02,9.646280854940414429e-02,3.695401176810264587e-02,-2.234554141759872437e-01,-2.752470970153808594e-01,-1.108982861042022705e-01,-2.997219562530517578e-01,-3.570792451500892639e-02,-4.290627241134643555e-01,-3.088437020778656006e-01
5.515928268432617188e-01,3.072676658630371094e-01,0.000000000000000000e+00,5.512636303901672363e-01,-7.629437372088432312e-03,1.546375006437301636e-01,4.503220319747924805e-01,-1.595033556222915649e-01,4.912200197577476501e-02,1.002305969595909119e-01,1.905100792646408081e-01,1.091338768601417542e-01,1.368920952081680298e-01,-1.312551051378250122e-01,2.089922726154327393e-01,3.814741075038909912e-01,-6.435071676969528198e-02,-2.029573172330856323e-02,6.017400622367858887e-01,5.202772617340087891e-01,-1.980381458997726440e-01,3.190835118293762207e-01,-1.207443997263908386e-01,5.811685919761657715e-01,-1.039772108197212219e-01,-1.093918308615684509e-01,2.460706681013107300e-01,4.182533919811248779e-01,1.288568973541259766e-01,-1.372896730899810791e-01,5.539877414703369141e-01,5.476604700088500977e-01,4.688683450222015381e-01,1.862473040819168091e-01,1.627704948186874390e-01,2.178457379341125488e-01,9.928210079669952393e-02,1.076017022132873535e-01,3.593193739652633667e-02,2.448662370443344116e-01,-2.171530723571777344e-01,-2.029331624507904053e-01,-3.573506474494934082e-01,-8.430966734886169434e-02,-2.645003497600555420e-01,1.030167341232299805e-01,-2.327935546636581421e-01,-2.351159453392028809e-01,-3.836828470230102539e-01,-3.963198065757751465e-01,-4.450950622558593750e-01,-4.815577268600463867e-01,-5.987685918807983398e-01,-5.806631445884704590e-01,-1.313895136117935181e-01,1.808203756809234619e-01,4.428268969058990479e-01,3.005773723125457764e-01,4.187649190425872803e-01,1.376954019069671631e-01,9.399204701185226440e-02,-1.480515208095312119e-02,6.799697130918502808e-02,2.068275120109319687e-03,2.569611668586730957e-01,2.073600441217422485e-01,6.571184396743774414e-01,5.880275368690490723e-01,5.932096242904663086e-01,6.189303398132324219e-01,4.240647256374359131e-01,4.711594581604003906e-01,1.125141382217407227e-01,1.514105498790740967e-01,1.941902041435241699e-01,2.876932919025421143e-01,3.763778805732727051e-01,3.195177614688873291e-01,-2.755067050457000732e-01,1.058402806520462036e-01,-3.967868536710739136e-02,2.772107124328613281e-01,4.164917767047882080e-02,4.416055679321289062e-01,6.102782115340232849e-02,3.134220093488693237e-02,3.806655704975128174e-01,5.239924788475036621e-01,-1.634036004543304443e-02,1.259308755397796631e-01,-4.790352284908294678e-01,-4.637815356254577637e-01,-4.630532264709472656e-01,-3.188106715679168701e-01,-1.019815206527709961e-01,-4.219409227371215820e-01,-3.639819324016571045e-01,1.125977560877799988e-01,6.109463423490524292e-02,4.161965847015380859e-02,3.456222116947174072e-01,3.334571719169616699e-01,3.911663889884948730e-01,2.440112382173538208e-01,-3.809847235679626465e-01,-3.445034623146057129e-01,1.252377033233642578e-01,4.229078888893127441e-01,1.702498793601989746e-01,-4.351161122322082520e-01,-1.690636277198791504e-01,-5.394554510712623596e-02,-3.442165553569793701e-01,-6.352587044239044189e-02,-3.644788265228271484e-01,-4.617811739444732666e-01
3.441086709499359131e-01,2.118606120347976685e-01,5.512636303901672363e-01,0.000000000000000000e+00,-7.572642713785171509e-02,-5.007915943861007690e-02,5.021949410438537598e-01,2.533785104751586914e-01,-5.796250421553850174e-03,-1.128771249204874039e-02,2.220762073993682861e-01,1.580389291048049927e-01,2.290686219930648804e-01,1.122816279530525208e-01,4.957833141088485718e-02,2.741074264049530029e-01,-2.451571077108383179e-01,-5.240792408585548401e-02,5.692023038864135742e-01,4.744114577770233154e-01,-3.603748381137847900e-01,-7.157959789037704468e-02,-2.891114540398120880e-02,4.378972649574279785e-01,-9.859336912631988525e-02,-5.292335525155067444e-02,2.111215516924858093e-02,1.480147540569305420e-01,4.611917585134506226e-02,-1.026105582714080811e-01,4.263446927070617676e-01,5.356879234313964844e-01,5.048806667327880859e-01,3.856761157512664795e-01,1.682398468255996704e-01,1.547072529792785645e-01,-3.353599831461906433e-02,-2.517743967473506927e-02,-1.316965371370315552e-01,3.677922487258911133e-02,-2.027873694896697998e-01,-1.834914982318878174e-01,-2.282876819372177124e-01,-4.237237945199012756e-02,-2.632071077823638916e-01,1.312685906887054443e-01,-1.417152583599090576e-01,-2.258398085832595825e-01,-2.061415761709213257e-01,-2.839267551898956299e-01,-3.978341221809387207e-01,-2.673625648021697998e-01,-4.078318178653717041e-01,-3.941987156867980957e-01,-2.336142510175704956e-01,-1.858154870569705963e-02,2.720589339733123779e-01,1.474291533231735229e-01,2.197168767452239990e-01,1.766911000013351440e-01,3.290531337261199951e-01,3.745155036449432373e-01,-8.110010996460914612e-03,5.082004144787788391e-02,1.953408271074295044e-01,3.548718392848968506e-01,4.627870023250579834e-01,4.559982419013977051e-01,4.363066852092742920e-01,3.297257423400878906e-01,2.757100462913513184e-01,1.978525072336196899e-01,2.120828032493591309e-01,8.319770544767379761e-02,-5.880275275558233261e-03,2.078361660242080688e-01,2.485872209072113037e-01,1.820429861545562744e-01,-2.899369895458221436e-01,9.279065765440464020e-03,-1.516018211841583252e-01,1.275675743818283081e-01,-2.135365009307861328e-01,1.710823178291320801e-01,-7.512333244085311890e-02,-9.814188815653324127e-04,1.120906695723533630e-01,3.014324307441711426e-01,8.206010609865188599e-02,-4.250494018197059631e-02,-2.960019409656524658e-01,-3.560087382793426514e-01,-2.423624396324157715e-01,-2.841399013996124268e-01,-1.222607567906379700e-01,-3.554009795188903809e-01,-3.492631912231445312e-01,-1.661136746406555176e-01,-7.713177800178527832e-02,-1.815614849328994751e-01,2.632616162300109863e-01,6.077032536268234253e-02,2.251934707164764404e-01,7.400009781122207642e-02,-1.858225315809249878e-01,-3.390983641147613525e-01,1.413431614637374878e-01,1.733595728874206543e-01,5.908135208301246166e-04,-3.188289999961853027e-01,-2.981763780117034912e-01,-1.393129229545593262e-01,-1.409588456153869629e-01,-1.340752094984054565e-01,-2.810920476913452148e-01,-3.819798231124877930e-01
-2.053444460034370422e-02,-2.965421378612518311e-01,-7.629437372088432312e-03,-7.572642713785171509e-02,0.000000000000000000e+00,5.885808467864990234e-01,-2.575955092906951904e-01,-5.226450040936470032e-02,7.000472545623779297e-01,4.214909970760345459e-01,-3.009430468082427979e-01,-2.649062275886535645e-01,-3.038974106311798096e-01,-3.240734338760375977e-01,6.446192264556884766e-01,9.347137063741683960e-02,-2.203416377305984497e-01,-2.028707265853881836e-01,-1.060648262500762939e-01,-1.918747276067733765e-01,3.420629724860191345e-02,5.966231599450111389e-02,1.715319007635116577e-01,9.532169438898563385e-03,7.923076152801513672e-01,7.630052566528320312e-01,5.486409664154052734e-01,4.515150189399719238e-01,-2.929692268371582031e-01,-6.786186993122100830e-02,-3.773054182529449463e-01,-2.276933342218399048e-01,-1.195703521370887756e-01,-8.180551975965499878e-02,2.318890839815139771e-01,2.489028573036193848e-01,7.912827283143997192e-02,-8.832988888025283813e-02,-3.358272463083267212e-02,-9.201936423778533936e-02,4.845374450087547302e-02,8.268444240093231201e-02,2.965097315609455109e-02,-2.945101633667945862e-02,-1.275657117366790771e-01,-1.977896839380264282e-01,1.126150228083133698e-02,-9.909668564796447754e-02,-7.358151674270629883e-02,-1.615468561649322510e-01,-1.858576759696006775e-02,-7.068285346031188965e-02,-2.950343675911426544e-02,4.024664312601089478e-02,-1.722688525915145874e-01,-6.100330501794815063e-02,-1.674514412879943848e-01,-2.922968864440917969e-01,-2.103064954280853271e-01,-2.961022555828094482e-01,-1.232349649071693420e-01,1.093013491481542587e-02,-1.763326674699783325e-01,-1.585651040077209473e-01,1.950742118060588837e-02,-2.079129032790660858e-02,9.828053414821624756e-02,3.082441864535212517e-03,-3.289487212896347046e-02,-1.102572157979011536e-01,-2.597706913948059082e-01,-7.424387335777282715e-02,4.886015318334102631e-03,-1.813012361526489258e-02,3.068790771067142487e-02,6.572855263948440552e-02,-9.494664520025253296e-02,-3.804130107164382935e-02,-7.475541532039642334e-02,-1.616186648607254028e-01,-3.376583158969879150e-01,-2.422051876783370972e-01,4.186275005340576172e-01,-1.801735907793045044e-01,-6.796512007713317871e-02,-1.168850362300872803e-01,5.400868877768516541e-02,-1.527942121028900146e-01,-1.514289230108261108e-01,-4.734518006443977356e-03,-3.606693819165229797e-02,7.271141558885574341e-02,-3.276286646723747253e-02,1.098054498434066772e-01,5.985670164227485657e-02,1.450840830802917480e-01,6.090129911899566650e-02,2.701067738234996796e-02,-1.349074393510818481e-01,-6.758168339729309082e-02,-1.290135830640792847e-01,-1.373883634805679321e-01,-1.916879564523696899e-01,-1.304739117622375488e-01,8.543021976947784424e-02,1.534973233938217163e-01,5.084933340549468994e-02,-8.027419447898864746e-02,-4.314535111188888550e-02,5.626191850751638412e-03,-6.625067442655563354e-02,4.528568312525749207e-02,-1.568795293569564819e-01,3.538132458925247192e-02,1.316666007041931152e-01,1.251123249530792236e-01
1.808872222900390625e-01,-1.149151846766471863e-01,1.546375006437301636e-01,-5.007915943861007690e-02,5.885808467864990234e-01,0.000000000000000000e+00,-2.208993434906005859e-01,-1.381201595067977905e-01,5.615935325622558594e-01,5.871347784996032715e-01,-1.752653717994689941e-01,7.139638811349868774e-02,-3.703840076923370361e-01,-3.536078035831451416e-01,6.403917670249938965e-01,2.794313132762908936e-01,-5.715108662843704224e-02,-1.545551866292953491e-01,-3.534749895334243774e-02,-5.511286109685897827e-02,1.018326580524444580e-01,2.950806319713592529e-01,-1.232277229428291321e-01,-8.774952962994575500e-03,4.387611746788024902e-01,4.594875276088714600e-01,3.782322704792022705e-01,3.710515499114990234e-01,-2.401786148548126221e-01,-1.628469526767730713e-01,-6.458313018083572388e-02,-4.505293071269989014e-02,-9.331582486629486084e-02,-2.023803628981113434e-02,-3.410212323069572449e-02,9.890519082546234131e-02,9.607794880867004395e-02,-2.702612988650798798e-02,2.119193971157073975e-01,1.780159920454025269e-01,-1.680383235216140747e-01,-7.001593708992004395e-02,1.210868265479803085e-02,-3.676964715123176575e-02,-2.194329202175140381e-01,-2.626430690288543701e-01,-2.522943355143070221e-02,-7.760389894247055054e-02,-3.124100863933563232e-01,-2.215137630701065063e-01,-1.742386966943740845e-01,-1.440138369798660278e-01,-3.023529648780822754e-01,-1.727590560913085938e-01,-1.532388478517532349e-01,1.934937089681625366e-01,3.252245858311653137e-02,-4.430944845080375671e-02,1.159097254276275635e-01,3.476187959313392639e-02,-2.137922942638397217e-01,4.462963342666625977e-02,1.606670953333377838e-02,5.479877442121505737e-02,-1.234266087412834167e-01,-1.645050048828125000e-01,1.869715601205825806e-01,2.370366454124450684e-01,7.215233892202377319e-02,1.335723847150802612e-01,-3.999347612261772156e-02,1.985327303409576416e-01,-2.578737959265708923e-02,8.194557577371597290e-02,2.848283052444458008e-01,2.632748186588287354e-01,9.241070598363876343e-02,2.256247252225875854e-01,-1.466133594512939453e-01,7.497464120388031006e-02,-3.679342567920684814e-01,-1.164299249649047852e-01,4.204731881618499756e-01,1.186206489801406860e-01,-3.105253279209136963e-01,-1.094931587576866150e-01,3.797782957553863525e-01,9.529536962509155273e-02,-3.178745508193969727e-01,2.649647891521453857e-01,-7.900082319974899292e-02,-3.405407443642616272e-02,-3.041767477989196777e-01,-8.864348381757736206e-02,1.208725646138191223e-01,-1.343557089567184448e-01,-5.787127465009689331e-02,2.326105982065200806e-01,1.318381875753402710e-01,1.367038637399673462e-01,7.853858172893524170e-02,1.779612004756927490e-01,8.724772185087203979e-02,1.614903956651687622e-01,-1.236833631992340088e-01,-9.584197774529457092e-03,9.536092728376388550e-02,1.681019663810729980e-01,3.450621291995048523e-02,-1.231731474399566650e-01,4.520921036601066589e-02,1.122638359665870667e-01,-3.197715580463409424e-01,-8.808460831642150879e-02,-8.938050270080566406e-02,4.381602630019187927e-02
9.535977989435195923e-02,8.242186903953552246e-02,4.503220319747924805e-01,5.021949410438537598e-01,-2.575955092906951904e-01,-2.208993434906005859e-01,0.000000000000000000e+00,2.185880988836288452e-01,-2.884500026702880859e-01,-2.851608693599700928e-01,4.651223123073577881e-01,2.939018309116363525e-01,5.712429881095886230e-01,3.118104636669158936e-01,-1.748448014259338379e-01,1.634820848703384399e-01,-2.181729525327682495e-01,-5.092706903815269470e-02,4.192884266376495361e-01,2.240954786539077759e-01,-3.318524658679962158e-01,-2.372976019978523254e-02,-2.064936757087707520e-01,2.049563974142074585e-01,-2.124617099761962891e-01,-2.769511342048645020e-01,-1.154027283191680908e-01,-2.513071894645690918e-02,2.087862342596054077e-01,-9.774243831634521484e-02,3.277032673358917236e-01,3.171131014823913574e-01,2.686338424682617188e-01,1.368091255426406860e-01,-5.058762151747941971e-03,-6.796735525131225586e-02,-1.025519967079162598e-01,-6.826280802488327026e-02,-8.988562226295471191e-02,9.578636288642883301e-02,-1.685644984245300293e-01,-9.784212708473205566e-02,-9.562265127897262573e-02,1.175481081008911133e-01,-1.655951291322708130e-01,1.734093576669692993e-01,-3.456347063183784485e-02,-7.661199569702148438e-02,-9.351093322038650513e-02,-6.711488217115402222e-02,-1.085069030523300171e-01,-7.816795259714126587e-02,-2.000404298305511475e-01,-2.833640277385711670e-01,1.600192934274673462e-01,1.107974946498870850e-01,8.700007200241088867e-02,2.257053181529045105e-02,3.114723265171051025e-01,2.283644527196884155e-01,4.201869070529937744e-01,2.710995078086853027e-01,1.068893298506736755e-01,9.822974354028701782e-02,1.518484801054000854e-01,2.005116343498229980e-01,3.186601102352142334e-01,2.808077931404113770e-01,2.397456914186477661e-01,2.687311470508575439e-01,4.155227839946746826e-01,3.140337169170379639e-01,2.915814816951751709e-01,2.384219020605087280e-01,1.021472439169883728e-01,1.604239493608474731e-01,2.953782379627227783e-01,2.425525039434432983e-01,-1.485323309898376465e-01,-2.870527468621730804e-02,-9.433273226022720337e-03,5.334346741437911987e-02,-3.776944279670715332e-01,4.784070327877998352e-02,-3.903276845812797546e-02,-5.205992143601179123e-03,-2.828740328550338745e-02,2.275402247905731201e-01,2.891423106193542480e-01,6.009869277477264404e-02,-1.509244590997695923e-01,-2.470376640558242798e-01,-1.286992579698562622e-01,-8.310919255018234253e-02,6.915027648210525513e-02,-1.955017000436782837e-01,-1.418130248785018921e-01,-1.094492897391319275e-01,1.205413937568664551e-01,1.183274686336517334e-01,4.366526305675506592e-01,2.541081905364990234e-01,3.136346340179443359e-01,1.482028812170028687e-01,-1.694858670234680176e-01,-2.121006995439529419e-01,1.621046215295791626e-01,2.211697697639465332e-01,-2.589238248765468597e-02,-1.025101542472839355e-01,-6.310365349054336548e-02,2.378733269870281219e-02,1.384439878165721893e-02,5.084654688835144043e-02,-2.072811871767044067e-01,-2.838184833526611328e-01
-3.526052534580230713e-01,-2.782698869705200195e-01,-1.595033556222915649e-01,2.533785104751586914e-01,-5.226450040936470032e-02,-1.381201595067977905e-01,2.185880988836288452e-01,0.000000000000000000e+00,5.047053564339876175e-03,-1.397824380546808243e-02,-5.879369378089904785e-02,6.385028362274169922e-02,1.952446401119232178e-01,4.368180930614471436e-01,-1.347314566373825073e-01,-2.503656446933746338e-01,-3.554361462593078613e-01,-7.933336496353149414e-02,-1.041195262223482132e-02,3.911941125988960266e-02,-1.709061712026596069e-01,-3.383264839649200439e-01,2.204643040895462036e-01,-8.009774237871170044e-02,1.147230435162782669e-02,1.065991297364234924e-01,-3.191082775592803955e-01,-3.653876483440399170e-01,-1.718966662883758545e-01,1.335780918598175049e-01,-2.127228081226348877e-01,2.512388303875923157e-02,-2.080268599092960358e-02,3.358006775379180908e-01,5.836028978228569031e-02,-4.495074227452278137e-02,-1.679984480142593384e-01,-2.532344162464141846e-01,-3.503810465335845947e-01,-3.610188364982604980e-01,-2.066136337816715240e-02,-3.954502567648887634e-02,1.286155283451080322e-01,1.284967660903930664e-01,-2.410803176462650299e-02,-9.569148719310760498e-02,1.040473394095897675e-02,1.120622977614402771e-01,1.453713178634643555e-01,1.013421416282653809e-01,1.504283100366592407e-01,1.986387819051742554e-01,3.120774328708648682e-01,1.662881076335906982e-01,7.215873152017593384e-02,-3.567975759506225586e-01,-4.347577393054962158e-01,-3.057476580142974854e-01,-3.332586288452148438e-01,-9.129448235034942627e-02,2.903303503990173340e-01,5.518358945846557617e-01,5.277467425912618637e-03,1.628229320049285889e-01,2.036260440945625305e-03,2.498374879360198975e-01,-2.376975864171981812e-01,-1.423308849334716797e-01,-3.615152239799499512e-01,-3.973271548748016357e-01,-1.444548368453979492e-01,-2.490790784358978271e-01,2.062386274337768555e-01,1.392914056777954102e-01,-5.175319314002990723e-02,-9.435645490884780884e-02,-7.841204851865768433e-02,-1.209296062588691711e-01,8.938117325305938721e-02,-1.115407422184944153e-01,2.238203957676887512e-02,-1.903885006904602051e-01,-3.160297870635986328e-01,-3.947684168815612793e-01,-3.795488178730010986e-02,-3.182009756565093994e-01,-4.055346846580505371e-01,-3.690236806869506836e-01,2.545959055423736572e-01,-3.563851118087768555e-01,3.091901838779449463e-01,6.638717651367187500e-02,4.683106243610382080e-01,1.982103139162063599e-01,-4.136016592383384705e-02,6.808116286993026733e-02,2.495169788599014282e-01,-2.618569135665893555e-01,-5.447880923748016357e-02,-1.369784027338027954e-01,-2.814437495544552803e-03,-1.899594515562057495e-01,-1.658564507961273193e-01,-2.609468400478363037e-01,2.406645119190216064e-01,1.734077632427215576e-01,-3.660411760210990906e-02,-2.013560831546783447e-01,-4.548879712820053101e-02,1.926204115152359009e-01,8.801168203353881836e-02,3.115385957062244415e-02,3.445999920368194580e-01,1.474853008985519409e-01,2.409119457006454468e-01,3.096584230661392212e-02
1.349706351757049561e-01,-2.281848937273025513e-01,4.912200197577476501e-02,-5.796250421553850174e-03,7.000472545623779297e-01,5.615935325622558594e-01,-2.884500026702880859e-01,5.047053564339876175e-03,0.000000000000000000e+00,5.531410574913024902e-01,-3.210957944393157959e-01,-3.049233257770538330e-01,-4.164493680000305176e-01,-4.042176008224487305e-01,7.887147665023803711e-01,2.517449297010898590e-02,-2.444902211427688599e-01,-1.410778313875198364e-01,-6.277330219745635986e-03,-9.671164304018020630e-02,7.250785082578659058e-02,-3.376272693276405334e-02,2.043118476867675781e-01,3.602160513401031494e-02,5.247834324836730957e-01,5.805667638778686523e-01,3.301013708114624023e-01,2.261927127838134766e-01,-4.530581235885620117e-01,-4.966933280229568481e-03,-2.032089382410049438e-01,-1.027096584439277649e-01,-3.155146911740303040e-02,-3.799373656511306763e-02,1.687493026256561279e-01,1.243190094828605652e-01,9.424006938934326172e-02,-1.651107147336006165e-02,-5.473997071385383606e-02,-1.333362013101577759e-01,5.362660437822341919e-02,5.806757509708404541e-02,-2.165030874311923981e-02,-1.306643635034561157e-01,-1.047833338379859924e-01,-2.413196712732315063e-01,-9.608966112136840820e-02,-1.210120171308517456e-01,-1.210243403911590576e-01,-2.270222753286361694e-01,-8.415775001049041748e-02,-9.056763350963592529e-02,-5.961555987596511841e-02,5.428993329405784607e-02,-3.602296411991119385e-01,-7.486700266599655151e-02,-1.180686354637145996e-01,-2.366047650575637817e-01,-2.288808822631835938e-01,-3.124055564403533936e-01,-1.577433496713638306e-01,-5.791042372584342957e-02,-1.160738840699195862e-01,-1.828045099973678589e-01,-5.806202068924903870e-02,-7.287456095218658447e-02,6.510988622903823853e-02,-3.148480132222175598e-02,1.414398103952407837e-02,-1.268704831600189209e-01,-3.052985668182373047e-01,-1.156455725431442261e-01,-1.753851026296615601e-02,-2.865318208932876587e-02,-7.683694362640380859e-02,-1.429491490125656128e-02,-1.388501971960067749e-01,-1.270747929811477661e-01,-1.592938005924224854e-01,-5.902382731437683105e-02,-3.315053284168243408e-01,-1.309053897857666016e-01,4.183524250984191895e-01,-9.088180214166641235e-02,-1.784802973270416260e-01,-1.524519473314285278e-01,1.383228320628404617e-02,-1.336818635463714600e-01,-2.717911899089813232e-01,1.506518106907606125e-02,-7.830857485532760620e-02,1.067667976021766663e-01,-3.886437788605690002e-02,1.879991739988327026e-01,4.097107425332069397e-02,2.440931275486946106e-02,-3.886781632900238037e-02,8.484800159931182861e-02,-2.085310667753219604e-01,-1.122942343354225159e-01,-1.807637363672256470e-01,-7.535085082054138184e-02,-1.940255165100097656e-01,-4.727462306618690491e-02,7.135271281003952026e-02,1.280173808336257935e-01,3.055354952812194824e-02,-3.489747270941734314e-02,5.103957653045654297e-02,-1.167361140251159668e-01,-1.089360117912292480e-01,-5.958588328212499619e-03,-1.660381704568862915e-01,-1.200780421495437622e-01,1.045975834131240845e-01,1.233611851930618286e-01
1.570495069026947021e-01,-1.472793072462081909e-01,1.002305969595909119e-01,-1.128771249204874039e-02,4.214909970760345459e-01,5.871347784996032715e-01,-2.851608693599700928e-01,-1.397824380546808243e-02,5.531410574913024902e-01,0.000000000000000000e+00,-1.976177096366882324e-01,-2.206387668848037720e-01,-3.466112613677978516e-01,-4.319506883621215820e-01,5.950183272361755371e-01,-9.135743603110313416e-03,-2.097883261740207672e-02,-2.422939985990524292e-01,-3.114327043294906616e-02,7.350919395685195923e-02,1.211753115057945251e-01,8.529791235923767090e-02,2.464608997106552124e-01,1.186340376734733582e-01,3.343891501426696777e-01,3.777581155300140381e-01,2.800121903419494629e-01,2.121984809637069702e-01,-3.815646171569824219e-01,-9.324492514133453369e-02,-1.435408294200897217e-01,-8.912874758243560791e-02,-1.025179214775562286e-02,6.757234036922454834e-02,1.889501661062240601e-01,1.129631027579307556e-01,9.434316307306289673e-02,-1.731447316706180573e-02,9.362871199846267700e-02,6.165599077939987183e-02,-7.389137148857116699e-02,-1.745225861668586731e-02,-1.743131428956985474e-01,-1.881187558174133301e-01,-1.759932637214660645e-01,-3.055434525012969971e-01,-2.526490390300750732e-01,-2.075933367013931274e-01,-2.709870040416717529e-01,-2.601771652698516846e-01,-1.153762862086296082e-01,-1.698727756738662720e-01,-2.058046311140060425e-01,-5.688624456524848938e-02,-3.716537952423095703e-01,-1.773640215396881104e-01,-7.895370572805404663e-02,-1.121583804488182068e-01,-1.829986572265625000e-01,-3.169408738613128662e-01,-1.467516869306564331e-01,2.069725841283798218e-02,-1.173376850783824921e-02,-9.309395402669906616e-02,1.156928092241287231e-01,3.400231897830963135e-02,1.147804036736488342e-01,2.742918580770492554e-02,8.407877758145332336e-03,-1.202531978487968445e-01,-3.568876087665557861e-01,-1.311419457197189331e-01,-2.197366207838058472e-01,-1.135991290211677551e-01,6.401000916957855225e-02,-2.355603128671646118e-02,-1.453187763690948486e-01,-9.994187206029891968e-02,-1.456880420446395874e-01,-9.617438167333602905e-02,-2.380987405776977539e-01,-1.174778193235397339e-01,4.735149741172790527e-01,-6.648039817810058594e-02,-1.703030429780483246e-02,-6.798360496759414673e-02,2.332431077957153320e-01,-7.211476564407348633e-02,-3.009722232818603516e-01,1.783877983689308167e-02,-7.303992658853530884e-02,1.283743828535079956e-01,-5.186139419674873352e-02,7.533722370862960815e-02,-8.898767828941345215e-02,3.333890438079833984e-02,3.573853755369782448e-03,1.812638193368911743e-01,-2.140618413686752319e-01,-8.337146788835525513e-02,-3.229828476905822754e-01,-7.527530193328857422e-02,-2.887121140956878662e-01,-1.492092013359069824e-01,1.502934563905000687e-02,2.085687667131423950e-01,3.099137730896472931e-02,-1.152896434068679810e-01,8.684822916984558105e-02,-1.101511716842651367e-01,-3.534357296302914619e-03,-9.079669415950775146e-02,-1.916440874338150024e-01,-7.093910872936248779e-02,1.848046779632568359e-01,3.145344927906990051e-02
3.373998403549194336e-01,2.919214665889739990e-01,1.905100792646408081e-01,2.220762073993682861e-01,-3.009430468082427979e-01,-1.752653717994689941e-01,4.651223123073577881e-01,-5.879369378089904785e-02,-3.210957944393157959e-01,-1.976177096366882324e-01,0.000000000000000000e+00,4.332870841026306152e-01,5.841310620307922363e-01,2.970032095909118652e-01,-2.079260349273681641e-01,3.300639241933822632e-02,2.092726230621337891e-01,9.583875536918640137e-02,4.639921784400939941e-01,1.926625072956085205e-01,-2.157922685146331787e-01,-3.564322367310523987e-03,-2.604448199272155762e-01,-5.658381804823875427e-02,-2.266382575035095215e-01,-2.796038985252380371e-01,-1.911024004220962524e-01,-1.310926228761672974e-01,3.556598722934722900e-01,-1.128971204161643982e-01,1.938944905996322632e-01,5.937016755342483521e-02,2.909950613975524902e-01,9.691774100065231323e-02,-2.736675441265106201e-01,-2.296460717916488647e-01,-2.249235957860946655e-01,-5.312936007976531982e-02,-5.468541011214256287e-02,1.936203837394714355e-01,-2.437610477209091187e-01,-1.283902823925018311e-01,-1.495083719491958618e-01,5.158737301826477051e-02,-2.243368029594421387e-01,2.391087263822555542e-01,-5.478677898645401001e-02,-1.053885892033576965e-01,-2.269631437957286835e-02,-1.124478206038475037e-01,-1.336075216531753540e-01,-6.051979959011077881e-02,-2.035703808069229126e-01,-2.080327868461608887e-01,8.113583177328109741e-02,1.498652398586273193e-01,3.287918269634246826e-01,2.342257350683212280e-01,3.170552253723144531e-01,2.601959109306335449e-01,3.636966645717620850e-01,1.711214333772659302e-01,3.985473811626434326e-01,2.789707779884338379e-01,-7.822345010936260223e-03,-5.891595780849456787e-02,1.316028088331222534e-01,1.507854312658309937e-01,2.462556511163711548e-01,2.400550991296768188e-01,1.713513880968093872e-01,1.661980301141738892e-01,1.286453157663345337e-01,7.814475148916244507e-02,5.464231595396995544e-02,1.524825245141983032e-01,2.846661508083343506e-01,2.513006627559661865e-01,-1.789550334215164185e-01,1.506742686033248901e-01,6.943583488464355469e-02,2.162475436925888062e-01,-2.207189649343490601e-01,1.166737973690032959e-01,1.130869641201570630e-04,1.920962035655975342e-01,1.116892844438552856e-01,1.511495411396026611e-01,1.215140298008918762e-01,1.032539531588554382e-01,-2.891995012760162354e-01,-2.554059028625488281e-01,-3.116391301155090332e-01,-2.470817267894744873e-01,-5.664364621043205261e-02,-1.706385910511016846e-01,-2.126763761043548584e-01,5.353074055165052414e-03,1.893681585788726807e-01,5.366591364145278931e-02,2.746543586254119873e-01,1.019383221864700317e-01,2.221904993057250977e-01,1.289841979742050171e-01,-9.686866402626037598e-02,-1.956962347030639648e-01,2.132817357778549194e-01,5.030459910631179810e-02,1.148587763309478760e-01,-1.082362532615661621e-01,-7.948614656925201416e-02,5.098229274153709412e-02,-1.322818249464035034e-01,9.222911298274993896e-02,-1.813456416130065918e-01,-1.692187190055847168e-01
1.392975151538848877e-01,2.656668126583099365e-01,1.091338768601417542e-01,1.580389291048049927e-01,-2.649062275886535645e-01,7.139638811349868774e-02,2.939018309116363525e-01,6.385028362274169922e-02,-3.049233257770538330e-01,-2.206387668848037720e-01,4.332870841026306152e-01,0.000000000000000000e+00,3.053390383720397949e-01,4.196978211402893066e-01,-1.820530742406845093e-01,3.429155647754669189e-01,2.795319259166717529e-01,2.934347689151763916e-01,1.465904116630554199e-01,6.920940428972244263e-02,-1.035051718354225159e-01,1.595263183116912842e-01,-5.828325152397155762e-01,-2.280532270669937134e-01,-2.819502353668212891e-01,-3.604403436183929443e-01,-3.061119019985198975e-01,-1.470397710800170898e-01,4.518621265888214111e-01,1.293052583932876587e-01,2.037532329559326172e-01,5.293665081262588501e-02,1.004279926419258118e-01,1.080956384539604187e-01,-5.649373531341552734e-01,-3.544260859489440918e-01,-1.417859196662902832e-01,-4.937646910548210144e-02,1.245229691267013550e-01,2.548204064369201660e-01,-2.766292095184326172e-01,-1.555237025022506714e-01,1.332710087299346924e-01,2.931581437587738037e-01,-7.259625941514968872e-02,2.324605584144592285e-01,2.119543999433517456e-01,1.875748038291931152e-01,-6.346520036458969116e-02,1.893688142299652100e-01,-7.681773602962493896e-02,1.448831856250762939e-01,-1.884978860616683960e-01,-1.716092824935913086e-01,3.179873824119567871e-01,4.559483230113983154e-01,2.380539029836654663e-01,2.624588310718536377e-01,4.504345655441284180e-01,6.809005737304687500e-01,1.042826548218727112e-01,1.963603496551513672e-01,4.582681059837341309e-01,5.769546031951904297e-01,-3.803096413612365723e-01,-2.501947879791259766e-01,-1.213332451879978180e-02,2.628381550312042236e-01,9.883773326873779297e-02,3.018944859504699707e-01,2.911301851272583008e-01,3.369956016540527344e-01,2.442678958177566528e-01,2.975034117698669434e-01,3.503517806529998779e-01,4.181621968746185303e-01,2.876897752285003662e-01,3.849305510520935059e-01,1.234082803130149841e-01,3.314493298530578613e-01,1.143179312348365784e-01,1.866575330495834351e-01,-1.638642847537994385e-01,3.013021349906921387e-01,-3.460792005062103271e-01,8.127759397029876709e-02,1.675941497087478638e-01,2.172950953245162964e-01,-4.163113236427307129e-02,3.379550278186798096e-01,-6.713172793388366699e-02,-3.593966364860534668e-01,-3.142959773540496826e-01,-3.667562007904052734e-01,2.400698699057102203e-02,-2.647580504417419434e-01,-4.491709545254707336e-02,1.438235789537429810e-01,5.256760716438293457e-01,2.823186814785003662e-01,5.613318085670471191e-01,3.576661050319671631e-01,5.274339914321899414e-01,3.998964130878448486e-01,-2.497511059045791626e-01,-3.026457130908966064e-01,1.961929798126220703e-01,3.274447619915008545e-01,-4.306827858090400696e-02,-4.362760484218597412e-02,1.330961138010025024e-01,2.082277536392211914e-01,-1.535124331712722778e-01,1.327800899744033813e-01,-1.707396805286407471e-01,-1.703696846961975098e-01
2.693771198391914368e-02,1.301219463348388672e-01,1.368920952081680298e-01,2.290686219930648804e-01,-3.038974106311798096e-01,-3.703840076923370361e-01,5.712429881095886230e-01,1.952446401119232178e-01,-4.164493680000305176e-01,-3.466112613677978516e-01,5.841310620307922363e-01,3.053390383720397949e-01,0.000000000000000000e+00,5.278756618499755859e-01,-3.140735626220703125e-01,9.920397400856018066e-02,1.904042810201644897e-02,6.036639958620071411e-02,3.124191462993621826e-01,1.900038123130798340e-01,-3.225760757923126221e-01,-5.708511918783187866e-02,-3.268253523856401443e-03,1.153712049126625061e-01,-2.501897215843200684e-01,-3.110193014144897461e-01,-1.839899420738220215e-01,-1.594466418027877808e-01,3.428051471710205078e-01,-6.264482624828815460e-03,1.487601846456527710e-01,1.439810693264007568e-01,1.775839775800704956e-01,6.146488711237907410e-02,-6.034547090530395508e-02,-1.134648472070693970e-01,-2.049569040536880493e-01,-1.445844620466232300e-01,-1.660041958093643188e-01,-1.945539843291044235e-03,-9.997806698083877563e-02,-4.151318967342376709e-02,-1.940689086914062500e-01,5.453463643789291382e-02,-1.939142197370529175e-01,2.253606766462326050e-01,-4.978330805897712708e-02,-1.151455566287040710e-01,1.073899418115615845e-01,3.830122575163841248e-02,2.401562640443444252e-03,2.347593428567051888e-03,-3.463464230298995972e-02,-1.858656257390975952e-01,2.331010103225708008e-01,-4.700623452663421631e-02,8.929761499166488647e-02,7.861738651990890503e-02,6.100312620401382446e-02,9.209656715393066406e-02,4.407025873661041260e-01,2.437024563550949097e-01,1.991419494152069092e-01,2.020576447248458862e-01,2.013564407825469971e-01,1.489444375038146973e-01,2.039341256022453308e-02,-4.762952402234077454e-02,1.062900498509407043e-01,1.081797033548355103e-01,2.638398706912994385e-01,1.491573303937911987e-01,2.085764855146408081e-01,1.328479647636413574e-01,-1.805550418794155121e-02,1.109478250145912170e-01,1.993718445301055908e-01,1.150913015007972717e-01,1.018231287598609924e-01,-2.597780199721455574e-03,2.291002124547958374e-01,8.413600921630859375e-02,-3.220467567443847656e-01,-1.097019482403993607e-02,2.890818715095520020e-01,1.023496389389038086e-01,-1.336338371038436890e-01,1.124762818217277527e-01,3.614812791347503662e-01,-1.145524010062217712e-01,-4.543208330869674683e-02,-1.047535911202430725e-01,8.456094563007354736e-02,-1.433198433369398117e-02,-9.478322416543960571e-02,-4.382495582103729248e-02,-2.864893712103366852e-02,-1.024609729647636414e-01,9.292004257440567017e-02,1.066890805959701538e-01,2.520854771137237549e-01,5.386283621191978455e-02,1.428367346525192261e-01,-1.976511999964714050e-02,-4.746392741799354553e-02,-1.745560616254806519e-01,2.430089116096496582e-01,-5.891408398747444153e-02,-5.239889491349458694e-03,3.559981472790241241e-03,-6.366132944822311401e-02,-5.024553835391998291e-02,-1.174529269337654114e-02,2.645715475082397461e-01,-1.674902439117431641e-02,-1.316729038953781128e-01
