0.000000000000000000e+00,6.236495971679687500e-01,2.943299114704132080e-01,4.108206331729888916e-01,-1.492873430252075195e-01,5.693615972995758057e-02,5.205801129341125488e-01,5.010385513305664062e-01,-1.737779080867767334e-01,-6.475445628166198730e-02,3.432143330574035645e-01,3.766775429248809814e-01,3.633611798286437988e-01,1.087626069784164429e-01,-1.042341217398643494e-01,-2.924362123012542725e-01,-2.993297576904296875e-01,-3.045438528060913086e-01,6.223276257514953613e-01,6.229086518287658691e-01,-5.467957630753517151e-02,-3.578011989593505859e-01,1.829687058925628662e-01,6.911469995975494385e-02,-3.248129487037658691e-01,-2.127774804830551147e-01,-7.901318371295928955e-02,-6.171680986881256104e-02,-1.668813824653625488e-02,-2.354930043220520020e-01,1.730408072471618652e-01,9.219995886087417603e-02,4.191764295101165771e-01,3.356297016143798828e-01,1.044347733259201050e-01,2.886403352022171021e-02,-2.950051426887512207e-01,-2.866435050964355469e-01,-1.562731266021728516e-01,-2.060717940330505371e-01,-3.315626382827758789e-01,-4.198659956455230713e-01,-8.629411458969116211e-02,-1.317782402038574219e-01,-2.493013590574264526e-01,-1.332992613315582275e-01,2.148123830556869507e-01,7.405884563922882080e-02,-1.505353748798370361e-01,-4.587885737419128418e-02,9.847281128168106079e-02,3.103933110833168030e-02,1.998513489961624146e-01,1.397559493780136108e-01,3.347379341721534729e-02,-1.805943548679351807e-01,5.752756595611572266e-01,5.119367241859436035e-01,4.653149247169494629e-01,3.182698488235473633e-01,4.894870221614837646e-01,2.765379250049591064e-01,1.997577399015426636e-01,5.913850665092468262e-02,-1.639327704906463623e-01,-2.536508440971374512e-01,-1.493324637413024902e-01,4.223200306296348572e-02,4.693080782890319824e-01,3.860865533351898193e-01,2.297572195529937744e-01,3.321083486080169678e-01,3.925522565841674805e-01,3.141926825046539307e-01,-1.199217140674591064e-01,9.800322353839874268e-02,2.966964840888977051e-01,2.158158570528030396e-01,-2.317061722278594971e-01,-3.210278227925300598e-02,-2.910843491554260254e-01,-4.417791366577148438e-01,-2.527698874473571777e-01,-3.475231528282165527e-01,-2.356977909803390503e-01,-3.371545374393463135e-01,-2.696530520915985107e-01,-3.625439107418060303e-01,-4.871906712651252747e-02,-2.071255147457122803e-01,9.977225214242935181e-03,-1.744259595870971680e-01,9.735026955604553223e-02,-4.435744136571884155e-02,1.392785906791687012e-01,1.899317651987075806e-01,1.647910475730895996e-01,2.636346966028213501e-02,-1.908198557794094086e-02,1.776120960712432861e-01,9.646265208721160889e-02,-7.671622931957244873e-02,1.756326258182525635e-01,3.531712293624877930e-02,6.755392998456954956e-02,1.026819944381713867e-01,-8.333588391542434692e-02,-1.813302375376224518e-02,3.143500089645385742e-01,2.421981468796730042e-02,3.487630188465118408e-02,-9.176819026470184326e-02,-7.181364297866821289e-02,2.520638108253479004e-01,6.483735144138336182e-02,5.368809029459953308e-02
6.236495971679687500e-01,0.000000000000000000e+00,2.387097626924514771e-01,4.060625135898590088e-01,-1.663669049739837646e-01,3.457507118582725525e-02,3.343746662139892578e-01,4.744299948215484619e-01,-2.206705212593078613e-01,-2.430378496646881104e-01,4.155408740043640137e-01,3.887348473072052002e-01,8.832520991563796997e-02,1.837710589170455933e-01,-3.698968291282653809e-01,-3.218626976013183594e-01,-3.225396573543548584e-01,-2.696962058544158936e-01,6.930118203163146973e-01,7.216245532035827637e-01,-4.769954457879066467e-02,-4.764447808265686035e-01,2.388029694557189941e-01,1.580191254615783691e-01,-3.932304084300994873e-01,-2.726856768131256104e-01,-1.778578162193298340e-01,-1.003689169883728027e-01,4.086636006832122803e-02,-2.711082398891448975e-01,1.471861004829406738e-01,8.635357022285461426e-02,4.969812333583831787e-01,5.082810521125793457e-01,1.921737790107727051e-01,1.511062234640121460e-01,-3.150492906570434570e-01,-3.633697330951690674e-01,-7.271409034729003906e-02,-1.108575463294982910e-01,-3.589849770069122314e-01,-4.870692193508148193e-01,-2.900646999478340149e-02,-2.063993364572525024e-02,-2.156454473733901978e-01,-4.819537699222564697e-02,2.694188356399536133e-01,1.799434870481491089e-01,-8.372045308351516724e-02,2.276714704930782318e-02,1.685408055782318115e-01,1.381510347127914429e-01,2.006002515554428101e-01,2.151365727186203003e-01,3.399506583809852600e-02,-1.474889367818832397e-01,6.694434285163879395e-01,6.405823230743408203e-01,4.256970584392547607e-01,2.661599814891815186e-01,2.440522611141204834e-01,2.675380371510982513e-02,2.078152298927307129e-01,1.298384070396423340e-01,-2.168782055377960205e-01,-3.129958510398864746e-01,-1.140440627932548523e-01,1.344654262065887451e-01,4.464315176010131836e-01,4.719145298004150391e-01,1.930389404296875000e-01,3.305405378341674805e-01,2.144936919212341309e-01,2.910407483577728271e-01,-6.090525537729263306e-02,8.940437436103820801e-02,2.917577624320983887e-01,1.959891319274902344e-01,-3.263832926750183105e-01,6.250510364770889282e-02,-3.969727754592895508e-01,-4.152139425277709961e-01,-3.517383635044097900e-01,-3.380553424358367920e-01,-3.709745407104492188e-01,-1.829819530248641968e-01,-3.461869359016418457e-01,-3.288141787052154541e-01,-1.013556048274040222e-01,-1.698918938636779785e-01,8.200602978467941284e-02,-2.343330383300781250e-01,1.280778348445892334e-01,-3.248712047934532166e-02,2.343923300504684448e-01,2.614138722419738770e-01,3.324471712112426758e-01,6.600292772054672241e-02,5.969290435314178467e-02,1.924160420894622803e-01,1.868857145309448242e-01,-1.347093582153320312e-01,2.107460349798202515e-01,7.000138610601425171e-02,1.183384880423545837e-01,6.891120225191116333e-02,-1.488822400569915771e-01,-1.269170343875885010e-01,4.004311263561248779e-01,1.089298352599143982e-01,1.430087238550186157e-01,7.285734638571739197e-03,3.767209500074386597e-02,3.464767634868621826e-01,1.606543362140655518e-01,1.535900086164474487e-01
2.943299114704132080e-01,2.387097626924514771e-01,0.000000000000000000e+00,6.665061116218566895e-01,-9.229091554880142212e-02,3.049200773239135742e-01,5.769739747047424316e-01,1.586893498897552490e-01,4.491631686687469482e-02,-3.393471613526344299e-02,1.561507135629653931e-01,8.482702821493148804e-02,2.990044057369232178e-01,4.950988292694091797e-02,2.877765297889709473e-01,-8.810022473335266113e-02,-2.563902437686920166e-01,-2.340922057628631592e-01,2.581805884838104248e-01,2.788175344467163086e-01,1.607019901275634766e-01,-1.394538432359695435e-01,3.209644556045532227e-01,6.586497426033020020e-01,2.532508969306945801e-01,3.864880204200744629e-01,4.310731291770935059e-01,4.722356796264648438e-01,-3.443324938416481018e-02,-1.010664179921150208e-01,4.047994017601013184e-01,5.559428930282592773e-01,3.885891735553741455e-01,4.033600986003875732e-01,2.547154128551483154e-01,2.384996265172958374e-01,-1.577279716730117798e-01,-2.807125076651573181e-02,-1.050183176994323730e-01,-5.673672631382942200e-02,-2.314690053462982178e-01,-1.571294069290161133e-01,-3.550926148891448975e-01,-2.150409370660781860e-01,-2.570903897285461426e-01,-3.669354915618896484e-01,-1.861597746610641479e-01,-1.669691354036331177e-01,-4.205846786499023438e-01,-5.129493474960327148e-01,-2.578521072864532471e-01,-5.013608336448669434e-01,-1.955789029598236084e-01,-4.126276075839996338e-01,1.297663301229476929e-01,4.086230695247650146e-02,1.647889316082000732e-01,3.033595383167266846e-01,9.106958284974098206e-03,3.365627527236938477e-01,5.746916681528091431e-02,6.726820766925811768e-02,3.089851140975952148e-01,2.044090032577514648e-01,2.017491608858108521e-01,1.189235225319862366e-01,4.550828337669372559e-01,3.788670599460601807e-01,2.838921844959259033e-01,2.717903852462768555e-01,4.519964158535003662e-01,5.479038357734680176e-01,1.432664543390274048e-01,2.408908456563949585e-01,-1.008588299155235291e-01,3.080365993082523346e-02,1.502528339624404907e-01,7.568283379077911377e-02,-2.820123434066772461e-01,-8.967590332031250000e-02,-2.234714627265930176e-01,8.090615272521972656e-03,-1.051628738641738892e-01,-5.971861258149147034e-02,2.651407122611999512e-01,-3.263203054666519165e-02,2.415056526660919189e-01,9.399888664484024048e-02,3.373412415385246277e-02,1.077499613165855408e-01,1.715181171894073486e-01,-2.486356496810913086e-01,-1.928858757019042969e-01,-5.607953644357621670e-04,4.201868548989295959e-02,-7.854565232992172241e-02,-1.341339349746704102e-01,-2.094262093305587769e-02,-4.846706986427307129e-02,7.654734700918197632e-02,3.972872197628021240e-01,1.647009551525115967e-01,3.978473842144012451e-01,3.389638960361480713e-01,-9.059333801269531250e-02,-3.265921771526336670e-02,1.766007095575332642e-01,4.728768020868301392e-02,4.113358631730079651e-02,-7.905028015375137329e-02,-2.737314105033874512e-01,-7.675125449895858765e-02,-1.979812234640121460e-02,4.618680849671363831e-02,-1.996045112609863281e-01,-9.491073340177536011e-02
4.108206331729888916e-01,4.060625135898590088e-01,6.665061116218566895e-01,0.000000000000000000e+00,-8.252564072608947754e-02,1.570591032505035400e-01,5.660284161567687988e-01,3.756503164768218994e-01,-5.596836656332015991e-02,-6.429225951433181763e-02,2.598226368427276611e-01,2.083131074905395508e-01,2.139565646648406982e-01,1.814003586769104004e-01,2.485693246126174927e-02,-1.444034576416015625e-01,-3.392655849456787109e-01,-3.711432516574859619e-01,4.050369560718536377e-01,4.563369750976562500e-01,9.861107915639877319e-02,-3.301980495452880859e-01,4.601510763168334961e-01,6.350158452987670898e-01,2.362674474716186523e-02,1.255762875080108643e-01,2.612245976924896240e-01,2.737379968166351318e-01,-1.262998580932617188e-01,-2.666892111301422119e-01,3.054172098636627197e-01,3.569520115852355957e-01,4.554816484451293945e-01,4.605844318866729736e-01,4.000737965106964111e-01,3.352392613887786865e-01,-2.626534998416900635e-01,-2.189020663499832153e-01,-8.738529682159423828e-02,-1.170740425586700439e-01,-2.783664166927337646e-01,-2.938177287578582764e-01,-3.294812738895416260e-01,-1.939567476511001587e-01,-3.012192845344543457e-01,-3.106141984462738037e-01,-1.152340248227119446e-01,-1.232449114322662354e-01,-3.788333833217620850e-01,-3.877596557140350342e-01,-1.364632695913314819e-01,-2.787461578845977783e-01,-8.894537389278411865e-02,-1.728399097919464111e-01,1.760973781347274780e-01,8.080824464559555054e-02,3.322595953941345215e-01,3.973800837993621826e-01,1.980873644351959229e-01,3.588961958885192871e-01,7.430181652307510376e-02,3.991710394620895386e-02,3.118985295295715332e-01,2.701013684272766113e-01,1.052802503108978271e-01,6.739581376314163208e-02,3.377240300178527832e-01,4.055522084236145020e-01,3.200708329677581787e-01,3.423825502395629883e-01,2.993181347846984863e-01,4.217881262302398682e-01,1.560794115066528320e-01,2.111777812242507935e-01,-1.815391704440116882e-02,1.564368456602096558e-01,2.848995625972747803e-01,2.703469097614288330e-01,-3.693540394306182861e-01,-7.101587951183319092e-02,-3.565182685852050781e-01,-1.345927417278289795e-01,-2.405332624912261963e-01,-1.052383109927177429e-01,6.910592317581176758e-02,3.496400639414787292e-02,1.242965981364250183e-01,4.648373275995254517e-02,6.987395137548446655e-02,7.885011285543441772e-02,9.193134307861328125e-02,-2.473115473985671997e-01,-6.903112679719924927e-02,-2.728397399187088013e-02,8.949369192123413086e-02,8.153416961431503296e-02,6.611521542072296143e-02,2.530100569128990173e-02,6.073657423257827759e-02,9.374334663152694702e-02,3.331433832645416260e-01,8.147097378969192505e-02,3.412218689918518066e-01,2.656424641609191895e-01,1.146516948938369751e-02,-2.473095804452896118e-02,2.995430305600166321e-02,-4.157570004463195801e-02,1.477257460355758667e-01,4.570200666785240173e-02,-1.636023819446563721e-01,-6.335788220167160034e-02,1.255758386105298996e-02,1.709767878055572510e-01,-6.327940523624420166e-02,2.721411362290382385e-02
-1.492873430252075195e-01,-1.663669049739837646e-01,-9.229091554880142212e-02,-8.252564072608947754e-02,0.000000000000000000e+00,4.059303700923919678e-01,-2.472469396889209747e-02,-1.729890890419483185e-02,4.691217243671417236e-01,6.043152809143066406e-01,-2.882801182568073273e-02,6.183219328522682190e-02,-2.397745847702026367e-02,8.832726627588272095e-02,3.097740709781646729e-01,4.014628231525421143e-01,8.745903521776199341e-02,3.086773678660392761e-02,-2.913478314876556396e-01,-1.831973642110824585e-01,-5.660423263907432556e-02,4.763459786772727966e-02,3.382248431444168091e-02,1.846735924482345581e-02,2.195783555507659912e-01,5.473717674612998962e-02,2.315918207168579102e-01,1.973077058792114258e-01,-2.492332085967063904e-02,1.834609508514404297e-01,1.099050715565681458e-01,4.335569590330123901e-02,-9.182140231132507324e-02,-4.777050390839576721e-02,-2.656546421349048615e-02,-8.365420997142791748e-02,-1.629039794206619263e-01,-1.693192571401596069e-01,-1.480679214000701904e-01,-8.819712698459625244e-02,-1.031968221068382263e-01,4.507920239120721817e-03,-2.490548342466354370e-01,-2.401589006185531616e-01,-1.242743209004402161e-01,-8.994355052709579468e-02,-3.641516268253326416e-01,-3.399100303649902344e-01,-1.151069924235343933e-01,-8.277839049696922302e-03,-1.569719612598419189e-01,-1.753756962716579437e-02,-8.088523149490356445e-02,-1.015102714300155640e-01,-5.014288797974586487e-02,-5.513045564293861389e-02,-9.557539224624633789e-02,3.132748603820800781e-02,-3.602664172649383545e-02,1.897245496511459351e-01,-6.185264512896537781e-02,7.073868811130523682e-02,5.340220034122467041e-02,2.092370092868804932e-01,-8.048787713050842285e-02,2.931536920368671417e-02,-1.438389271497726440e-01,-6.596218794584274292e-02,-5.143845081329345703e-02,-1.180780455470085144e-01,-1.879964917898178101e-01,-1.970629543066024780e-01,-4.450209811329841614e-02,-1.466373801231384277e-01,1.569858342409133911e-01,-7.312948000617325306e-04,-2.946060895919799805e-02,-2.190673723816871643e-02,1.716248989105224609e-01,-9.290281683206558228e-02,1.411232799291610718e-01,-3.585224505513906479e-03,1.256121397018432617e-01,2.816572785377502441e-01,-7.579710334539413452e-02,-3.727971762418746948e-02,3.213393986225128174e-01,3.643169105052947998e-01,1.232939437031745911e-01,1.233962923288345337e-01,-2.346035689115524292e-01,-1.825648248195648193e-01,-1.061681285500526428e-01,3.375286236405372620e-02,-2.125584185123443604e-01,-1.284939944744110107e-01,-1.498944014310836792e-01,-1.917257755994796753e-01,-8.803442120552062988e-03,-2.232261300086975098e-01,-7.273538038134574890e-03,9.770478308200836182e-02,-3.634602949023246765e-02,6.370576564222574234e-03,1.522932052612304688e-01,5.993103608489036560e-02,1.743298321962356567e-01,-1.211739331483840942e-01,-2.943062782287597656e-02,6.485443562269210815e-03,-1.401376351714134216e-02,-1.502191573381423950e-01,1.108449175953865051e-01,-1.319185793399810791e-01,1.119470670819282532e-01,-2.677395706996321678e-03
5.693615972995758057e-02,3.457507118582725525e-02,3.049200773239135742e-01,1.570591032505035400e-01,4.059303700923919678e-01,0.000000000000000000e+00,2.488549500703811646e-01,6.378550082445144653e-02,2.834035456180572510e-01,5.244890451431274414e-01,-7.055567950010299683e-02,7.116849534213542938e-03,7.514040917158126831e-02,-9.095437824726104736e-03,2.795618176460266113e-01,3.105580806732177734e-01,-1.191664338111877441e-01,-1.185483783483505249e-01,-9.116761386394500732e-02,-2.583720721304416656e-02,6.124017015099525452e-02,-2.293170802295207977e-02,1.664133220911026001e-01,2.659721374511718750e-01,2.793952822685241699e-01,1.724063307046890259e-01,4.018619358539581299e-01,4.425666332244873047e-01,-1.468435078859329224e-01,-1.087809577584266663e-01,1.721785962581634521e-01,1.899315863847732544e-01,9.369277954101562500e-02,8.355099707841873169e-02,6.677198410034179688e-02,2.811159752309322357e-02,-1.148221790790557861e-01,-1.686876118183135986e-01,-4.697100818157196045e-02,-2.928968332707881927e-02,-5.736793205142021179e-02,-8.052720874547958374e-02,-2.255547940731048584e-01,-1.832150816917419434e-01,-1.711001992225646973e-01,-2.361565381288528442e-01,-1.110890805721282959e-01,-1.780487149953842163e-01,-2.050910890102386475e-01,-2.024468332529067993e-01,-2.264331281185150146e-01,-2.009891718626022339e-01,-1.127203553915023804e-01,-2.465258687734603882e-01,1.386159211397171021e-01,-5.345748737454414368e-02,-4.294631630182266235e-02,1.605305224657058716e-01,-2.679303102195262909e-02,2.618531286716461182e-01,5.310097709298133850e-02,1.959801316261291504e-01,7.330038398504257202e-02,1.147332191467285156e-01,3.076646476984024048e-02,9.169357270002365112e-02,7.547708600759506226e-02,7.860318571329116821e-02,7.915142923593521118e-02,3.844124451279640198e-02,1.365389972925186157e-01,9.045416861772537231e-02,-6.912725977599620819e-03,-6.214762479066848755e-02,-8.000125735998153687e-02,-9.175609052181243896e-02,-2.763530984520912170e-02,-1.532510370016098022e-01,2.351065911352634430e-02,-9.220008552074432373e-02,-1.603299006819725037e-02,-2.796919271349906921e-02,1.156063377857208252e-01,2.555792331695556641e-01,9.984937310218811035e-02,-2.897436916828155518e-02,2.118024379014968872e-01,1.830565631389617920e-01,1.779749542474746704e-01,1.356138437986373901e-01,4.363570362329483032e-02,-1.784888356924057007e-01,-1.121809855103492737e-01,1.822587102651596069e-02,-4.029344767332077026e-03,-5.474998801946640015e-02,-4.880727455019950867e-02,-6.936100125312805176e-02,2.846650220453739166e-02,-1.590422391891479492e-01,1.341484338045120239e-01,-2.501472830772399902e-02,1.534558981657028198e-01,3.330257534980773926e-02,3.697921056300401688e-03,-7.930974662303924561e-02,1.170432344079017639e-01,-7.416176958940923214e-04,1.701685041189193726e-02,-4.595242068171501160e-02,-1.642634719610214233e-01,-1.885451674461364746e-01,4.366899654269218445e-02,-1.402832716703414917e-01,1.094375271350145340e-02,1.046549230813980103e-01
5.205801129341125488e-01,3.343746662139892578e-01,5.769739747047424316e-01,5.660284161567687988e-01,-2.472469396889209747e-02,2.488549500703811646e-01,0.000000000000000000e+00,5.424255132675170898e-01,1.671042591333389282e-01,1.550037115812301636e-01,1.751815527677536011e-01,1.747464239597320557e-01,4.306305348873138428e-01,1.715209484100341797e-01,8.335565775632858276e-02,-9.341196715831756592e-02,-3.985131084918975830e-01,-4.123105108737945557e-01,3.238431215286254883e-01,3.217316567897796631e-01,8.642234653234481812e-02,-4.091965258121490479e-01,4.607354104518890381e-01,3.983422219753265381e-01,-2.122998051345348358e-02,-4.507887363433837891e-02,1.331915259361267090e-01,1.810202300548553467e-01,-2.708893120288848877e-01,-2.847623229026794434e-01,2.601443529129028320e-01,2.676312923431396484e-01,4.074973464012145996e-01,3.207946121692657471e-01,2.756704986095428467e-01,1.565233319997787476e-01,-3.463488817214965820e-01,-2.501824498176574707e-01,-9.699055552482604980e-02,-1.726791709661483765e-01,-3.503751456737518311e-01,-3.862057626247406006e-01,-3.030439317226409912e-01,-2.305780351161956787e-01,-2.274081259965896606e-01,-2.878754734992980957e-01,-4.671645164489746094e-02,-1.800162345170974731e-01,-3.401377499103546143e-01,-3.209335207939147949e-01,-1.376454830169677734e-01,-2.719503045082092285e-01,-3.705723956227302551e-02,-1.597809642553329468e-01,1.827161312103271484e-01,-6.446111947298049927e-03,2.609995901584625244e-01,3.573883473873138428e-01,1.540934145450592041e-01,2.922099530696868896e-01,3.320208787918090820e-01,3.233061134815216064e-01,2.881417572498321533e-01,1.485435366630554199e-01,-1.056533772498369217e-03,-4.201051965355873108e-02,1.498983800411224365e-01,1.128133907914161682e-01,2.576555907726287842e-01,2.233397066593170166e-01,2.257321625947952271e-01,2.850574254989624023e-01,1.933297067880630493e-01,1.572011858224868774e-01,2.485586330294609070e-02,4.248859733343124390e-02,3.124942183494567871e-01,1.634546071290969849e-01,-3.420623242855072021e-01,-1.518881618976593018e-01,-4.081000685691833496e-01,-2.598069608211517334e-01,-1.983580887317657471e-01,-7.805652916431427002e-02,-3.630694001913070679e-02,-1.929805576801300049e-01,5.846957117319107056e-02,-1.606554351747035980e-02,4.150505363941192627e-02,8.892702311277389526e-02,4.071830585598945618e-02,-1.301367282867431641e-01,9.312030673027038574e-02,1.854340583086013794e-01,1.410090178251266479e-01,1.270987987518310547e-01,1.302211880683898926e-01,2.568604052066802979e-02,1.032264828681945801e-01,1.252183914184570312e-01,2.717202007770538330e-01,8.252302557229995728e-02,2.754754126071929932e-01,2.513055503368377686e-01,-2.666083455551415682e-04,4.180852696299552917e-02,4.087012261152267456e-02,9.671147912740707397e-03,1.986310184001922607e-01,7.781773060560226440e-02,-1.631082147359848022e-01,-5.135470256209373474e-02,2.667714841663837433e-02,1.767263114452362061e-01,7.326920330524444580e-02,3.309363126754760742e-02
5.010385513305664062e-01,4.744299948215484619e-01,1.586893498897552490e-01,3.756503164768218994e-01,-1.729890890419483185e-02,6.378550082445144653e-02,5.424255132675170898e-01,0.000000000000000000e+00,-5.017965566366910934e-03,1.256354004144668579e-01,2.433771044015884399e-01,3.191680312156677246e-01,2.453326731920242310e-01,2.543509602546691895e-01,-3.076994121074676514e-01,-5.886350199580192566e-02,-4.021055400371551514e-01,-3.955416977405548096e-01,3.480064272880554199e-01,3.860242962837219238e-01,-6.089590862393379211e-02,-4.148302674293518066e-01,3.188610076904296875e-01,3.884679079055786133e-02,-3.319707214832305908e-01,-3.944625556468963623e-01,-1.798374056816101074e-01,-1.105785444378852844e-01,-2.286993265151977539e-01,-3.791102766990661621e-01,3.758602961897850037e-02,-5.923695862293243408e-02,3.421517610549926758e-01,2.713702619075775146e-01,2.010339945554733276e-01,1.497262250632047653e-02,-3.338204920291900635e-01,-3.595857322216033936e-01,-6.749756634235382080e-02,-1.440084278583526611e-01,-2.763281464576721191e-01,-3.974807262420654297e-01,-1.763644628226757050e-02,-5.522111430764198303e-02,-9.946981072425842285e-02,8.638059720396995544e-03,1.524912118911743164e-01,-2.092921361327171326e-02,-5.502987280488014221e-02,9.869613498449325562e-02,1.736635267734527588e-01,2.117321342229843140e-01,1.770034283399581909e-01,2.922314107418060303e-01,8.081377297639846802e-02,-8.596035838127136230e-02,3.837820887565612793e-01,4.465461969375610352e-01,3.577636480331420898e-01,1.870184391736984253e-01,4.640538096427917480e-01,3.971583247184753418e-01,7.308482378721237183e-02,7.928718626499176025e-02,-1.647967398166656494e-01,-1.227298900485038757e-01,-2.173924893140792847e-01,-7.223745435476303101e-02,1.383940726518630981e-01,2.178306281566619873e-01,-8.403131738305091858e-03,1.260955631732940674e-01,1.325070410966873169e-01,7.178903557360172272e-03,2.245646342635154724e-02,1.640208251774311066e-02,3.255639076232910156e-01,1.749857068061828613e-01,-3.082693815231323242e-01,-3.131662309169769287e-02,-4.016034007072448730e-01,-3.668391406536102295e-01,-2.528754174709320068e-01,-1.474048644304275513e-01,-2.710983753204345703e-01,-8.396308124065399170e-02,-2.021648734807968140e-01,-1.779576689004898071e-01,9.530719369649887085e-02,-4.259027913212776184e-02,-3.214569017291069031e-02,-1.110450085252523422e-02,2.466116398572921753e-01,1.215058192610740662e-01,1.396539360284805298e-01,2.397923469543457031e-01,2.540154457092285156e-01,5.155727267265319824e-02,1.070756465196609497e-01,6.713487952947616577e-02,-4.652232397347688675e-03,-1.259280443191528320e-01,-4.691246524453163147e-02,-7.099851220846176147e-02,4.559711739420890808e-02,4.180888831615447998e-02,-7.896553725004196167e-02,-1.674564182758331299e-01,2.740458846092224121e-01,1.556053757667541504e-01,1.794762723147869110e-02,-5.029158666729927063e-02,1.383531093597412109e-01,2.442807555198669434e-01,2.648099958896636963e-01,1.329857409000396729e-01
-1.737779080867767334e-01,-2.206705212593078613e-01,4.491631686687469482e-02,-5.596836656332015991e-02,4.691217243671417236e-01,2.834035456180572510e-01,1.671042591333389282e-01,-5.017965566366910934e-03,0.000000000000000000e+00,5.894475579261779785e-01,-1.685932725667953491e-01,-3.922102600336074829e-02,6.208556145429611206e-02,7.989401370286941528e-02,3.904607295989990234e-01,4.153563380241394043e-01,5.353963375091552734e-02,2.646029368042945862e-02,-3.865263164043426514e-01,-2.908560037612915039e-01,6.390790641307830811e-02,-3.437324659898877144e-03,1.498822420835494995e-01,1.206156983971595764e-01,3.886019885540008545e-01,1.262190639972686768e-01,3.075502812862396240e-01,2.287903726100921631e-01,-6.974905729293823242e-02,1.723827570676803589e-01,1.325868070125579834e-01,1.342894136905670166e-01,-6.020402163267135620e-02,-7.460898160934448242e-02,6.892164796590805054e-02,3.374998643994331360e-02,-1.774290651082992554e-01,-1.259162276983261108e-01,-1.533873975276947021e-01,-1.246495395898818970e-01,-1.605522483587265015e-01,-6.385954469442367554e-02,-2.537954747676849365e-01,-3.054597675800323486e-01,-5.447885766625404358e-02,-1.958610415458679199e-01,-3.540572524070739746e-01,-3.854828774929046631e-01,-1.973890960216522217e-01,-1.271166056394577026e-01,-1.974806785583496094e-01,-1.322333514690399170e-01,-3.356661647558212280e-02,-2.037505358457565308e-01,-1.016370132565498352e-01,-6.864854693412780762e-02,-1.856975257396697998e-01,-7.244407385587692261e-02,-1.900795698165893555e-01,8.200646191835403442e-02,-5.225929990410804749e-02,1.647696793079376221e-01,7.336910068988800049e-02,1.319718658924102783e-01,7.817411795258522034e-03,9.568712115287780762e-02,-3.231181949377059937e-02,-1.292442977428436279e-01,-1.569976657629013062e-01,-3.505564630031585693e-01,-1.751869916915893555e-01,-1.899018436670303345e-01,-1.389784216880798340e-01,-1.469564884901046753e-01,1.971279531717300415e-01,2.677354216575622559e-02,9.017766453325748444e-03,9.326982311904430389e-03,1.280538588762283325e-01,-4.891370236873626709e-02,5.631360784173011780e-02,-1.210127398371696472e-02,-1.773775322362780571e-03,2.747197151184082031e-01,-5.449474975466728210e-02,-8.348044753074645996e-02,3.159394860267639160e-01,3.179120719432830811e-01,4.909786581993103027e-02,1.545895487070083618e-01,-1.982067078351974487e-01,-8.387227356433868408e-02,4.809490591287612915e-02,1.796176433563232422e-01,-2.783196270465850830e-01,-1.524901688098907471e-01,-8.157066255807876587e-02,-2.352505922317504883e-01,-2.263168618083000183e-02,-2.744497060775756836e-01,1.174513921141624451e-01,2.558328807353973389e-01,6.993018090724945068e-02,1.819228529930114746e-01,1.292847990989685059e-01,1.171836629509925842e-01,1.158115044236183167e-01,-9.614963084459304810e-02,-7.489509135484695435e-02,6.206294894218444824e-02,-5.679455585777759552e-03,-5.113156512379646301e-02,3.000692930072546005e-03,2.042393013834953308e-02,2.337365001440048218e-01,-1.128171756863594055e-01
-6.475445628166198730e-02,-2.430378496646881104e-01,-3.393471613526344299e-02,-6.429225951433181763e-02,6.043152809143066406e-01,5.244890451431274414e-01,1.550037115812301636e-01,1.256354004144668579e-01,5.894475579261779785e-01,0.000000000000000000e+00,-1.539516448974609375e-01,2.597460150718688965e-02,1.418763399124145508e-01,2.625961974263191223e-02,4.176176488399505615e-01,5.014729499816894531e-01,4.485316574573516846e-02,-3.755793720483779907e-02,-3.978980481624603271e-01,-2.518844306468963623e-01,-3.222179040312767029e-02,4.745647683739662170e-02,7.109379023313522339e-02,3.601545095443725586e-02,2.822898924350738525e-01,5.691353231668472290e-02,3.166671097278594971e-01,2.366320937871932983e-01,-1.503186523914337158e-01,6.516432762145996094e-02,1.208051666617393494e-01,5.430790036916732788e-02,-8.271718025207519531e-02,-1.188473924994468689e-01,-2.369161508977413177e-02,-7.386371493339538574e-02,-1.765909492969512939e-01,-2.011999934911727905e-01,-1.397777497768402100e-01,-8.055169880390167236e-02,-1.276281476020812988e-01,-3.950491920113563538e-02,-2.772527635097503662e-01,-3.653662204742431641e-01,-1.708878129720687866e-01,-2.517584562301635742e-01,-2.961668372154235840e-01,-4.004200994968414307e-01,-2.175329029560089111e-01,-1.403758674860000610e-01,-2.791964411735534668e-01,-1.121312454342842102e-01,-3.321060538291931152e-02,-1.318124383687973022e-01,-2.679547853767871857e-02,-9.725436568260192871e-02,-2.182875871658325195e-01,-5.210015457123517990e-03,-1.272482424974441528e-01,1.957016587257385254e-01,6.259997934103012085e-02,3.838914334774017334e-01,4.417494405061006546e-03,1.223275214433670044e-01,-6.322705000638961792e-02,9.786074608564376831e-02,-1.832477897405624390e-01,-1.781588941812515259e-01,-1.151611506938934326e-01,-2.531039416790008545e-01,-1.298035085201263428e-01,-1.961158961057662964e-01,-7.447557896375656128e-02,-1.796778589487075806e-01,1.144734621047973633e-01,-1.826685667037963867e-02,-4.885265603661537170e-03,-5.225012451410293579e-02,1.612236350774765015e-01,-6.502984464168548584e-02,7.501154392957687378e-02,-7.116714119911193848e-02,1.339437216520309448e-01,3.598961532115936279e-01,-7.217690348625183105e-02,-1.037363037467002869e-01,3.198532164096832275e-01,3.186082839965820312e-01,1.638726741075515747e-01,1.671073138713836670e-01,-2.122930437326431274e-01,-9.218610078096389771e-02,4.290062934160232544e-02,1.186757832765579224e-01,-2.271513938903808594e-01,-1.567730456590652466e-01,-1.314307898283004761e-01,-2.142986506223678589e-01,4.396710079163312912e-03,-2.899346649646759033e-01,8.980259008239954710e-05,1.671696305274963379e-01,2.083348110318183899e-02,3.647641092538833618e-02,1.248331218957901001e-01,8.077497035264968872e-02,1.162519305944442749e-01,-1.183042749762535095e-01,-3.267346322536468506e-02,-1.726742275059223175e-02,-2.118511311709880829e-02,-1.216474920511245728e-01,5.335489753633737564e-03,-1.092018261551856995e-01,1.750148832798004150e-01,2.735930308699607849e-02
3.432143330574035645e-01,4.155408740043640137e-01,1.561507135629653931e-01,2.598226368427276611e-01,-2.882801182568073273e-02,-7.055567950010299683e-02,1.751815527677536011e-01,2.433771044015884399e-01,-1.685932725667953491e-01,-1.539516448974609375e-01,0.000000000000000000e+00,6.064245104789733887e-01,4.153449535369873047e-01,4.649654924869537354e-01,-8.483275026082992554e-02,-1.469931453466415405e-01,1.753059029579162598e-02,3.188276663422584534e-02,3.592387437820434570e-01,3.527938723564147949e-01,-2.709342241287231445e-01,-3.004713952541351318e-01,8.352793008089065552e-02,1.505638808012008667e-01,-1.976986080408096313e-01,3.094736300408840179e-02,-2.330705337226390839e-02,-1.049520373344421387e-01,3.101375997066497803e-01,1.062860414385795593e-01,4.895877242088317871e-01,3.913880288600921631e-01,3.889475464820861816e-01,4.238339066505432129e-01,5.806918442249298096e-02,-5.325649864971637726e-03,-3.802711963653564453e-01,-4.062736034393310547e-01,-3.544451892375946045e-01,-3.779622614383697510e-01,-3.951707780361175537e-01,-3.513018786907196045e-01,-2.374532818794250488e-01,-1.983746141195297241e-01,-2.185104340314865112e-01,-1.291126459836959839e-01,-2.066455930471420288e-01,-2.158375680446624756e-01,-1.103217378258705139e-01,-9.076556563377380371e-02,-9.162206947803497314e-02,-6.846151500940322876e-02,-1.117178201675415039e-01,-6.652552634477615356e-02,-2.734547853469848633e-01,-2.977524399757385254e-01,4.063165187835693359e-01,5.205165743827819824e-01,2.310884296894073486e-01,1.098411455750465393e-01,2.924717664718627930e-01,1.040004193782806396e-01,3.514650762081146240e-01,2.492363750934600830e-01,-7.162531465291976929e-02,-9.551900625228881836e-02,-1.178594455122947693e-01,1.931779831647872925e-01,9.092427045106887817e-02,2.587189674377441406e-01,1.912367492914199829e-01,3.060170412063598633e-01,9.351146221160888672e-02,1.196958199143409729e-01,-8.786904066801071167e-02,1.176554784178733826e-01,1.596585661172866821e-01,1.183559745550155640e-01,-1.127526257187128067e-02,9.675908088684082031e-02,-6.090885773301124573e-02,-1.619701236486434937e-01,-3.093140125274658203e-01,-2.687795758247375488e-01,-2.437988221645355225e-01,-1.961964070796966553e-01,-1.524786055088043213e-01,-1.500917524099349976e-01,-2.208475023508071899e-01,-2.888939380645751953e-01,-1.119539067149162292e-01,-1.540989577770233154e-01,-1.995223807170987129e-03,6.010759249329566956e-02,-1.825793385505676270e-01,-1.272281557321548462e-01,1.886267401278018951e-02,-1.965577751398086548e-01,-1.844192668795585632e-02,-3.673606365919113159e-02,2.272361963987350464e-01,2.148091197013854980e-01,1.745754033327102661e-01,2.711618244647979736e-01,2.878320515155792236e-01,2.931385636329650879e-01,6.775750219821929932e-02,-1.163388416171073914e-01,1.130086928606033325e-01,-1.943383067846298218e-01,1.869349330663681030e-01,-7.074277848005294800e-02,2.048779465258121490e-02,2.186197787523269653e-01,1.401056647300720215e-01,1.697838604450225830e-01
3.766775429248809814e-01,3.887348473072052002e-01,8.482702821493148804e-02,2.083131074905395508e-01,6.183219328522682190e-02,7.116849534213542938e-03,1.747464239597320557e-01,3.191680312156677246e-01,-3.922102600336074829e-02,2.597460150718688965e-02,6.064245104789733887e-01,0.000000000000000000e+00,3.658367097377777100e-01,5.782850980758666992e-01,-6.455129012465476990e-03,-3.795568598434329033e-03,1.234272196888923645e-01,9.300806373357772827e-02,1.946517080068588257e-01,3.314378857612609863e-01,-3.047767281532287598e-01,-2.563578188419342041e-01,-3.547829762101173401e-02,5.236870795488357544e-02,-2.988949716091156006e-01,-7.971584564074873924e-04,-4.940630123019218445e-02,-1.782681196928024292e-01,3.933207988739013672e-01,2.674305737018585205e-01,4.586627483367919922e-01,3.057267069816589355e-01,3.644710183143615723e-01,4.221045672893524170e-01,-9.195627644658088684e-03,-5.804450064897537231e-02,-4.978063702583312988e-01,-4.631505310535430908e-01,-4.756105244159698486e-01,-3.985143899917602539e-01,-4.719153940677642822e-01,-3.430629074573516846e-01,-3.475196957588195801e-01,-3.586914837360382080e-01,-3.197102844715118408e-01,-1.622620671987533569e-01,-1.894764304161071777e-01,-2.418149560689926147e-01,-8.587144315242767334e-02,-1.232325937598943710e-02,7.138486206531524658e-02,1.345721483230590820e-01,1.327491104602813721e-01,6.254491209983825684e-02,-1.955305784940719604e-01,-1.999538689851760864e-01,4.986553490161895752e-01,6.460447311401367188e-01,4.856809973716735840e-01,3.345614969730377197e-01,4.357625544071197510e-01,2.798844277858734131e-01,4.480776488780975342e-01,4.772309064865112305e-01,-1.883536428213119507e-01,-1.664918959140777588e-01,-2.894197702407836914e-01,1.184327378869056702e-01,1.630793064832687378e-01,3.331210017204284668e-01,1.208835616707801819e-01,2.017021626234054565e-01,1.798607707023620605e-01,1.709345132112503052e-01,3.775885701179504395e-02,1.606207340955734253e-01,2.965511679649353027e-01,2.011732161045074463e-01,1.207669377326965332e-01,1.394672244787216187e-01,1.954298093914985657e-02,-2.597433924674987793e-01,-2.229325175285339355e-01,-2.406026124954223633e-01,-3.492614328861236572e-01,-1.681782156229019165e-01,-1.486764997243881226e-01,-1.683138310909271240e-01,-2.119332253932952881e-01,-2.382725477218627930e-01,-2.077397704124450684e-01,-3.692477941513061523e-01,-2.928771823644638062e-02,-1.264660060405731201e-01,-2.565514743328094482e-01,-2.273392081260681152e-01,-1.373860836029052734e-01,-3.555639684200286865e-01,-7.736835628747940063e-02,-1.578357815742492676e-01,1.913361698389053345e-01,1.606024950742721558e-01,1.036510989069938660e-01,1.235256493091583252e-01,3.099847435951232910e-01,2.813724875450134277e-01,1.190325058996677399e-02,-2.727234065532684326e-01,1.153927668929100037e-01,-2.126517146825790405e-01,1.698939353227615356e-01,5.551001522690057755e-03,-5.352236703038215637e-02,1.788130849599838257e-01,2.021000832319259644e-01,1.636820733547210693e-01
3.633611798286437988e-01,8.832520991563796997e-02,2.990044057369232178e-01,2.139565646648406982e-01,-2.397745847702026367e-02,7.514040917158126831e-02,4.306305348873138428e-01,2.453326731920242310e-01,6.208556145429611206e-02,1.418763399124145508e-01,4.153449535369873047e-01,3.658367097377777100e-01,0.000000000000000000e+00,4.501967728137969971e-01,3.096490800380706787e-01,1.298725605010986328e-01,4.292509984225034714e-03,-2.708435617387294769e-02,4.999054968357086182e-02,2.677615359425544739e-02,-1.541694402694702148e-01,-1.679365783929824829e-01,2.567172944545745850e-01,2.623780965805053711e-01,7.145215570926666260e-02,2.028042674064636230e-01,1.714851260185241699e-01,9.791872464120388031e-03,1.091542243957519531e-01,5.549918115139007568e-02,5.143239498138427734e-01,4.762371778488159180e-01,3.483806252479553223e-01,2.557754516601562500e-01,1.339068114757537842e-01,-1.240335841430351138e-04,-3.882098197937011719e-01,-3.387937247753143311e-01,-4.111395478248596191e-01,-3.809286057949066162e-01,-3.690577447414398193e-01,-2.947555482387542725e-01,-2.635740041732788086e-01,-3.462144434452056885e-01,-2.166513651609420776e-01,-2.639488875865936279e-01,-2.697524130344390869e-01,-3.885410726070404053e-01,-2.979033291339874268e-01,-2.611132860183715820e-01,-2.110169231891632080e-01,-2.741862535476684570e-01,-1.070620939135551453e-01,-1.971319615840911865e-01,-2.829916775226593018e-01,-3.923461437225341797e-01,1.942353546619415283e-01,3.265633583068847656e-01,3.687284514307975769e-02,5.226473137736320496e-02,4.926233589649200439e-01,4.829963743686676025e-01,2.826176881790161133e-01,1.127191632986068726e-01,2.362966537475585938e-01,2.126879245042800903e-01,-2.458284236490726471e-02,7.608242332935333252e-02,-4.419362172484397888e-02,3.471427783370018005e-02,2.951026558876037598e-01,2.482195496559143066e-01,1.876440644264221191e-01,7.925240695476531982e-02,-2.624638564884662628e-02,1.159403622150421143e-01,2.254643887281417847e-01,1.391073018312454224e-01,8.024869114160537720e-02,2.740144729614257812e-02,-2.664755098521709442e-02,-9.247293323278427124e-02,-1.906141340732574463e-01,-9.713985770940780640e-02,-6.301262881606817245e-03,-2.220040410757064819e-01,-3.729609306901693344e-03,-6.329586356878280640e-02,-9.065969288349151611e-02,-1.605918705463409424e-01,-1.052145883440971375e-01,3.142791567370295525e-03,5.595036968588829041e-02,1.331784874200820923e-01,-2.381315827369689941e-01,-2.372287809848785400e-01,-1.905701309442520142e-01,-3.296886384487152100e-01,-1.672374457120895386e-01,-1.946798264980316162e-01,8.305139094591140747e-02,2.623660266399383545e-01,1.403330266475677490e-01,1.646494269371032715e-01,1.997372210025787354e-01,3.288594484329223633e-01,8.723114430904388428e-02,-1.126553416252136230e-01,4.700654000043869019e-02,-2.162423878908157349e-01,-8.213188499212265015e-03,-9.839561581611633301e-02,-2.453356795012950897e-02,8.382304012775421143e-02,1.309870183467864990e-01,1.755853369832038879e-02
