0.000000000000000000e+00,4.506764113903045654e-01,1.078411042690277100e-01,2.708347514271736145e-02,7.419154047966003418e-02,4.701968654990196228e-02,1.466835886240005493e-01,-5.224175006151199341e-02,7.943128049373626709e-02,-1.768327504396438599e-02,3.390344381332397461e-01,1.895346194505691528e-01,1.218573376536369324e-01,5.232373252511024475e-02,8.713356405496597290e-02,1.270595341920852661e-01,2.025749236345291138e-01,3.023398518562316895e-01,3.812958002090454102e-01,4.020489156246185303e-01,-4.796126112341880798e-02,-2.031243778765201569e-02,2.614250639453530312e-03,1.481166332960128784e-01,-2.961517777293920517e-03,-3.184514492750167847e-02,1.366260498762130737e-01,1.008296683430671692e-01,2.237457185983657837e-01,9.290021657943725586e-02,1.000247672200202942e-01,6.803138554096221924e-02,3.400947153568267822e-02,6.544332951307296753e-02,-7.735000550746917725e-02,-1.026222631335258484e-01,3.344718832522630692e-03,8.792453259229660034e-02,-7.966396212577819824e-02,-1.089263930916786194e-01,7.127029448747634888e-02,-3.141171485185623169e-02,-1.389387249946594238e-01,-1.432406604290008545e-01,-2.084122300148010254e-01,-4.415835440158843994e-02,5.080140382051467896e-02,-1.347462739795446396e-02,-1.979150623083114624e-01,-1.908108144998550415e-01,-4.111820161342620850e-01,-3.607324063777923584e-01,-3.182372748851776123e-01,-3.674920797348022461e-01,-5.137227475643157959e-02,-2.550471425056457520e-01,4.703523516654968262e-01,3.525745868682861328e-01,3.084174990653991699e-01,1.706826090812683105e-01,6.785951554775238037e-02,-6.648784875869750977e-02,1.423321366310119629e-01,1.170935183763504028e-01,-3.984165564179420471e-02,-1.655020713806152344e-01,-1.771855950355529785e-01,-9.157565981149673462e-02,4.689873158931732178e-01,3.377138674259185791e-01,1.340368986129760742e-01,1.812482476234436035e-01,2.841331958770751953e-01,1.192992478609085083e-01,4.191299900412559509e-02,2.203534245491027832e-01,1.219670549035072327e-01,1.106545105576515198e-01,1.245888695120811462e-01,6.730263587087392807e-03,3.357426077127456665e-02,8.256328105926513672e-02,-1.237856689840555191e-02,-7.256599492393434048e-04,-5.507356487214565277e-03,-7.574500888586044312e-02,4.782319068908691406e-02,-1.338227535597980022e-03,1.715173013508319855e-02,-1.015073060989379883e-01,-4.326512813568115234e-01,-3.541011214256286621e-01,-3.740411102771759033e-01,-1.445399522781372070e-01,4.684982821345329285e-02,-8.402922004461288452e-02,5.156669393181800842e-02,-4.254705458879470825e-02,1.622277200222015381e-01,1.893948465585708618e-01,1.539575308561325073e-02,-6.651170551776885986e-02,2.518212795257568359e-01,3.676874637603759766e-01,-9.004801511764526367e-03,1.802264899015426636e-01,-1.183526497334241867e-02,1.551566720008850098e-01,3.315550461411476135e-02,-8.824083954095840454e-02,-6.072537507861852646e-03,8.729188889265060425e-02,-3.075206279754638672e-01,1.049885824322700500e-01,-1.690458953380584717e-01,1.651729494333267212e-01
4.506764113903045654e-01,0.000000000000000000e+00,9.025077521800994873e-02,1.912083923816680908e-01,-9.617366828024387360e-03,1.489081233739852905e-01,1.012796461582183838e-01,2.092113941907882690e-01,1.190241351723670959e-01,-4.312696307897567749e-02,1.668722033500671387e-01,9.774318337440490723e-02,-1.293324530124664307e-01,-6.520049273967742920e-02,-9.136090427637100220e-02,-7.088473439216613770e-02,3.149370849132537842e-01,1.609707027673721313e-01,1.478290706872940063e-01,3.110441267490386963e-01,-5.939656868577003479e-02,-1.951877959072589874e-02,4.901239275932312012e-02,1.756296455860137939e-01,6.574998795986175537e-02,3.115146234631538391e-02,9.094846248626708984e-02,6.741347163915634155e-02,1.863685846328735352e-01,-7.776661962270736694e-02,-2.651137299835681915e-02,4.148576036095619202e-02,9.201935678720474243e-02,1.483975648880004883e-01,3.933789208531379700e-02,1.131261214613914490e-01,-2.325358688831329346e-01,-9.897837042808532715e-02,-1.371631473302841187e-01,-1.657903790473937988e-01,-9.968499094247817993e-02,-1.657635718584060669e-01,-1.429930627346038818e-01,-2.019939869642257690e-01,-2.747876048088073730e-01,-1.672196574509143829e-02,2.596638724207878113e-02,9.224992245435714722e-02,-2.996905893087387085e-02,-1.068893969058990479e-01,-2.050045281648635864e-01,-2.007016092538833618e-01,-3.573840484023094177e-02,-1.338634192943572998e-01,1.674354262650012970e-02,-7.522375136613845825e-02,6.239033341407775879e-01,5.974878072738647461e-01,1.680977344512939453e-01,1.278135925531387329e-01,1.659661531448364258e-01,7.732476294040679932e-02,1.416581571102142334e-01,1.465541720390319824e-01,-6.494771689176559448e-02,-5.687141418457031250e-02,-1.333827972412109375e-01,-4.581687226891517639e-02,3.435850441455841064e-01,3.582061827182769775e-01,4.749755933880805969e-02,-6.570298224687576294e-02,1.250615566968917847e-01,2.152082510292530060e-02,8.447324484586715698e-02,1.445154249668121338e-01,3.556093573570251465e-02,8.057712577283382416e-03,1.171462312340736389e-01,-2.530792541801929474e-02,-1.113486513495445251e-01,-1.039125025272369385e-02,-3.051753640174865723e-01,-2.561704218387603760e-01,-1.777431517839431763e-01,-1.672657728195190430e-01,-4.908688366413116455e-02,-1.369876861572265625e-01,1.203143075108528137e-01,-1.217984408140182495e-01,-1.964282542467117310e-01,-1.557077020406723022e-01,-9.293456375598907471e-02,3.173631057143211365e-02,-1.442046314477920532e-01,-2.504875957965850830e-01,-1.230590641498565674e-01,-2.385331690311431885e-01,2.291373759508132935e-01,-3.335477784276008606e-02,2.923643961548805237e-02,-2.584935165941715240e-02,1.463377177715301514e-01,1.046373173594474792e-01,-5.802238360047340393e-02,1.311431527137756348e-01,-1.170306950807571411e-01,1.045434921979904175e-02,-5.030485615134239197e-02,-2.906597256660461426e-01,-5.863194912672042847e-02,-4.315072670578956604e-02,-9.305515140295028687e-02,6.847999524325132370e-03,-1.569278687238693237e-01,5.092734098434448242e-02
1.078411042690277100e-01,9.025077521800994873e-02,0.000000000000000000e+00,4.220964610576629639e-01,2.546722590923309326e-01,2.712315618991851807e-01,5.809376835823059082e-01,-1.081877015531063080e-02,1.220258772373199463e-01,6.423780322074890137e-02,-4.974672943353652954e-02,-2.889179885387420654e-01,-3.202532231807708740e-02,-3.536276221275329590e-01,1.900126487016677856e-01,1.224581245332956314e-02,-5.666147172451019287e-02,-2.208700478076934814e-01,1.595544517040252686e-01,1.536781638860702515e-01,-1.694106757640838623e-01,-3.830512240529060364e-02,4.479624032974243164e-01,4.805932044982910156e-01,3.162976503372192383e-01,2.800707817077636719e-01,3.029146790504455566e-01,1.092208102345466614e-01,-1.946809291839599609e-01,-3.953469395637512207e-01,2.713911607861518860e-02,4.241074621677398682e-02,1.618782244622707367e-02,-9.828332811594009399e-02,3.886689841747283936e-01,2.055203169584274292e-01,-1.806808263063430786e-01,-1.909736357629299164e-02,-1.411814689636230469e-01,-1.352715790271759033e-01,-2.596684098243713379e-01,-2.302601486444473267e-01,-2.450321465730667114e-01,-2.939103543758392334e-01,-2.377307713031768799e-01,-3.472438454627990723e-01,-2.363061718642711639e-02,-7.974091917276382446e-02,-2.984903156757354736e-01,-2.503262758255004883e-01,-2.493276447057723999e-01,-3.010561168193817139e-01,-7.558409124612808228e-02,-1.937150359153747559e-01,7.707079499959945679e-02,5.817329045385122299e-03,5.022466555237770081e-02,4.896497726440429688e-02,6.205731630325317383e-02,4.347912594676017761e-02,9.759580343961715698e-02,-2.587701380252838135e-01,-3.006007969379425049e-01,-4.451968967914581299e-01,4.859900176525115967e-01,2.074972391128540039e-01,3.478991091251373291e-01,2.348415553569793701e-02,1.743523329496383667e-01,8.089556545019149780e-02,8.424784243106842041e-02,6.627923250198364258e-02,1.068410053849220276e-01,-3.973243013024330139e-02,8.227963745594024658e-02,-2.969777397811412811e-02,-1.267357319593429565e-01,-2.067957371473312378e-01,-3.916539717465639114e-04,-7.080558687448501587e-02,-1.817214190959930420e-01,-2.101426422595977783e-01,-1.727509349584579468e-01,-1.482300609350204468e-01,1.606586948037147522e-02,-2.748761177062988281e-01,1.740730553865432739e-01,1.566178053617477417e-01,1.765376925468444824e-01,1.644855365157127380e-02,-1.179358065128326416e-01,-5.688078328967094421e-02,-6.782023608684539795e-02,6.032875925302505493e-02,6.823207437992095947e-02,-8.165496401488780975e-03,-2.226527631282806396e-01,-8.680733293294906616e-02,-5.566483736038208008e-02,1.961226947605609894e-02,9.373353421688079834e-02,5.006346106529235840e-02,2.994150519371032715e-01,2.070478647947311401e-01,1.627659946680068970e-01,2.298167347908020020e-01,4.272462055087089539e-02,9.897234290838241577e-02,1.005892157554626465e-01,-1.606707125902175903e-01,-2.971716225147247314e-01,-1.157936900854110718e-01,-1.256919056177139282e-01,1.736058145761489868e-01,1.840760186314582825e-02,1.095249578356742859e-01
2.708347514271736145e-02,1.912083923816680908e-01,4.220964610576629639e-01,0.000000000000000000e+00,4.939581826329231262e-02,1.343926340341567993e-01,4.250425398349761963e-01,3.833122551441192627e-01,-1.753581501543521881e-02,1.115171834826469421e-01,-1.935907900333404541e-01,-1.781816631555557251e-01,-2.660345733165740967e-01,-2.237660586833953857e-01,-8.859110623598098755e-02,-3.905122354626655579e-02,-7.224279642105102539e-02,-3.682548105716705322e-01,9.099163860082626343e-02,1.882317066192626953e-01,-2.635940313339233398e-01,-8.242768794298171997e-02,2.819480895996093750e-01,2.858394980430603027e-01,7.136701792478561401e-02,1.127811819314956665e-01,9.680279344320297241e-02,-6.408547610044479370e-02,-2.845016419887542725e-01,-3.378621041774749756e-01,-1.722725033760070801e-01,-5.638447031378746033e-02,3.820892423391342163e-02,-3.123722271993756294e-03,1.157141178846359253e-01,1.607784032821655273e-01,-3.385562300682067871e-01,-1.303157508373260498e-01,-1.662437617778778076e-01,-1.502478867769241333e-01,-2.786929309368133545e-01,-2.778122127056121826e-01,-1.788517981767654419e-01,-1.709849089384078979e-01,-1.891666501760482788e-01,-1.763450056314468384e-01,9.247031807899475098e-02,4.697197303175926208e-02,5.744557827711105347e-03,-7.544561289250850677e-03,-2.019972912967205048e-02,-2.667711116373538971e-02,1.056992858648300171e-01,-2.303632907569408417e-02,4.421474784612655640e-02,3.257684782147407532e-02,6.911645829677581787e-02,1.112933978438377380e-01,4.089145362377166748e-02,1.512635052204132080e-01,-4.445790871977806091e-02,2.498440816998481750e-02,-3.207310140132904053e-01,-1.832906752824783325e-01,1.301535516977310181e-01,2.314504235982894897e-01,1.388714462518692017e-01,3.876692801713943481e-02,1.504866033792495728e-01,1.743218004703521729e-01,1.315282098948955536e-02,-1.164908111095428467e-01,-1.501349508762359619e-01,-1.788800805807113647e-01,-6.413523852825164795e-02,-2.014646232128143311e-01,-2.721220850944519043e-01,-3.685871660709381104e-01,-1.207013130187988281e-01,-1.246671527624130249e-01,-2.034435272216796875e-01,-2.625381350517272949e-01,-2.518368065357208252e-01,-2.600553035736083984e-01,-9.097702056169509888e-02,-1.230394095182418823e-01,-5.873294547200202942e-02,-3.870474919676780701e-02,2.218643762171268463e-02,3.492932394146919250e-02,5.681721866130828857e-02,-3.836248070001602173e-02,8.526761084794998169e-02,-6.630690768361091614e-03,-2.668932313099503517e-03,-7.514299452304840088e-02,-1.784363090991973877e-01,-1.727181524038314819e-01,4.960905387997627258e-02,4.589175805449485779e-03,5.256088450551033020e-02,-2.856147475540637970e-02,1.850257813930511475e-01,3.995098173618316650e-02,1.797953248023986816e-01,2.559171617031097412e-01,-7.308100908994674683e-02,4.286494478583335876e-02,8.128966391086578369e-02,-2.445811182260513306e-01,-1.433126032352447510e-01,-1.737264916300773621e-02,4.003258049488067627e-02,2.429561913013458252e-01,1.345683336257934570e-01,4.514185711741447449e-02
7.419154047966003418e-02,-9.617366828024387360e-03,2.546722590923309326e-01,4.939581826329231262e-02,0.000000000000000000e+00,5.281012654304504395e-01,3.088300526142120361e-01,-1.475638300180435181e-01,4.379909038543701172e-01,3.635792732238769531e-01,3.539087250828742981e-02,-1.185280531644821167e-01,6.674914807081222534e-02,-1.723412126302719116e-01,3.214193880558013916e-01,1.554554253816604614e-01,-1.267567425966262817e-01,-1.019372940063476562e-01,2.033751457929611206e-01,1.387151330709457397e-01,-1.372702326625585556e-02,6.660546176135540009e-03,3.494375944137573242e-01,3.608018457889556885e-01,4.546364545822143555e-01,3.835909366607666016e-01,5.257943272590637207e-01,3.663224577903747559e-01,-8.143326640129089355e-02,-1.872922629117965698e-01,1.799389421939849854e-01,1.514030694961547852e-01,-9.195443987846374512e-02,-1.729018539190292358e-01,2.408125996589660645e-01,1.463088691234588623e-01,-1.208109930157661438e-01,1.068441569805145264e-02,-9.073623269796371460e-02,-1.838641241192817688e-02,-1.779442429542541504e-01,-1.219642162322998047e-01,-3.715111315250396729e-01,-3.749628365039825439e-01,-1.886028349399566650e-01,-3.301647305488586426e-01,-7.460794597864151001e-02,-1.419095546007156372e-01,-1.831080764532089233e-01,-2.169838845729827881e-01,-3.477464616298675537e-01,-3.256607353687286377e-01,-2.775916457176208496e-01,-3.201744258403778076e-01,-7.203630357980728149e-02,1.944744959473609924e-02,-9.352815151214599609e-02,-4.199851676821708679e-02,2.378781512379646301e-02,1.116043701767921448e-02,4.078526794910430908e-02,-1.543929725885391235e-01,-2.150570750236511230e-01,-2.695776522159576416e-01,2.699481248855590820e-01,2.453373000025749207e-02,1.494562625885009766e-01,-4.025506973266601562e-02,7.815719395875930786e-02,1.001920178532600403e-01,1.322401762008666992e-01,1.991612613201141357e-01,9.026964008808135986e-02,5.280385166406631470e-02,1.470012217760086060e-01,1.433534473180770874e-01,-3.527733683586120605e-02,-8.368168771266937256e-02,-5.719573050737380981e-02,5.024794489145278931e-02,-1.617475152015686035e-01,-8.406759053468704224e-02,-2.692352980375289917e-03,1.085316389799118042e-02,-2.962829731404781342e-02,-2.286555171012878418e-01,2.305171787738800049e-01,3.448721468448638916e-01,1.149809062480926514e-01,9.011179953813552856e-02,-1.841806769371032715e-01,-2.074724882841110229e-01,-1.969071626663208008e-01,-1.838818192481994629e-01,1.250660866498947144e-01,1.069298945367336273e-02,-1.263577193021774292e-01,1.428338233381509781e-03,4.706035926938056946e-02,4.269483312964439392e-02,1.877482980489730835e-01,-6.231882423162460327e-02,3.837244510650634766e-01,3.410618901252746582e-01,1.022811383008956909e-01,1.499778032302856445e-01,8.913718909025192261e-02,1.774864643812179565e-01,1.948689669370651245e-01,-8.612630516290664673e-02,-2.189581245183944702e-01,-2.506010234355926514e-01,-2.023673355579376221e-01,1.940238475799560547e-01,-1.202509701251983643e-01,1.372471302747726440e-01
4.701968654990196228e-02,1.489081233739852905e-01,2.712315618991851807e-01,1.343926340341567993e-01,5.281012654304504395e-01,0.000000000000000000e+00,2.426230460405349731e-01,-4.743789508938789368e-02,4.106268882751464844e-01,4.681841433048248291e-01,-3.295189514756202698e-02,-1.119538769125938416e-01,-7.409477978944778442e-02,-6.956473737955093384e-02,2.762939929962158203e-01,2.124845236539840698e-01,-7.692889869213104248e-02,-1.711292266845703125e-01,1.254618912935256958e-01,1.012089475989341736e-01,1.244496479630470276e-01,1.821502298116683960e-01,3.251145482063293457e-01,4.000014662742614746e-01,4.566544890403747559e-01,4.007080793380737305e-01,5.559205412864685059e-01,5.115787386894226074e-01,-5.271966010332107544e-02,-2.406754493713378906e-01,2.655311226844787598e-01,1.689581423997879028e-01,1.996909826993942261e-02,-5.387747287750244141e-02,2.366948276758193970e-01,1.568741649389266968e-01,-1.619330644607543945e-01,-1.719644479453563690e-02,-4.146462306380271912e-02,3.115727007389068604e-02,-1.035901084542274475e-01,-1.464140862226486206e-01,-4.083727300167083740e-01,-4.150086641311645508e-01,-2.697122693061828613e-01,-2.930099964141845703e-01,-8.533753454685211182e-02,-1.627854108810424805e-01,-1.954118609428405762e-01,-2.223127037286758423e-01,-4.165718257427215576e-01,-3.684688210487365723e-01,-2.548712491989135742e-01,-3.461236655712127686e-01,9.687156230211257935e-02,1.271907985210418701e-01,9.698620997369289398e-03,8.022920042276382446e-02,-3.405413404107093811e-02,4.144676402211189270e-02,-3.343880234751850367e-04,-8.412009477615356445e-02,-2.023773342370986938e-01,-1.695068627595901489e-01,1.260567009449005127e-01,5.654036253690719604e-02,9.297703206539154053e-02,-6.427426636219024658e-02,6.535556912422180176e-02,1.091546490788459778e-01,2.012602090835571289e-01,1.424649059772491455e-01,1.811610907316207886e-01,1.418809145689010620e-01,1.143485158681869507e-01,1.074159145355224609e-01,9.845318272709846497e-03,-3.536338359117507935e-02,-3.923866897821426392e-02,-7.080647349357604980e-02,-1.889610141515731812e-01,-1.009606868028640747e-01,-9.388378262519836426e-02,-2.986742556095123291e-02,-1.389570981264114380e-01,-2.853385508060455322e-01,2.768658995628356934e-01,2.801271378993988037e-01,2.264602184295654297e-01,1.415568888187408447e-01,-1.902472972869873047e-01,-2.898258566856384277e-01,-2.383962124586105347e-01,-1.680303215980529785e-01,1.074052155017852783e-01,4.073207452893257141e-02,-2.211457788944244385e-01,-7.902282476425170898e-02,5.882684490643441677e-04,-1.489620208740234375e-01,1.646144837141036987e-01,-1.199394762516021729e-01,3.668283522129058838e-01,2.966440320014953613e-01,6.306049972772598267e-02,1.754803508520126343e-01,1.095767170190811157e-01,2.072926163673400879e-01,2.172624170780181885e-01,-2.037562876939773560e-01,-2.661588788032531738e-01,-3.862954974174499512e-01,-2.093777954578399658e-01,1.851782500743865967e-01,-1.819489300251007080e-01,3.294019401073455811e-02
1.466835886240005493e-01,1.012796461582183838e-01,5.809376835823059082e-01,4.250425398349761963e-01,3.088300526142120361e-01,2.426230460405349731e-01,0.000000000000000000e+00,2.414061427116394043e-01,1.785505115985870361e-01,7.875090092420578003e-02,-6.841985136270523071e-02,-2.019115686416625977e-01,3.105339221656322479e-02,-2.324940711259841919e-01,2.132434844970703125e-01,2.418444119393825531e-02,-1.141602396965026855e-01,-2.889901101589202881e-01,2.229866236448287964e-01,2.675985097885131836e-01,-2.012694478034973145e-01,-1.079183518886566162e-01,4.259263575077056885e-01,3.351356387138366699e-01,2.692681849002838135e-01,1.353519260883331299e-01,2.415085732936859131e-01,6.753822416067123413e-02,-2.080050110816955566e-01,-3.771450221538543701e-01,-3.916503861546516418e-02,4.593352600932121277e-02,1.410331279039382935e-01,-5.081566516309976578e-03,3.023378252983093262e-01,1.755458116531372070e-01,-2.993921935558319092e-01,-9.867351502180099487e-02,-2.705203294754028320e-01,-2.311041504144668579e-01,-3.815187811851501465e-01,-3.000010550022125244e-01,-2.369950115680694580e-01,-2.755061388015747070e-01,-2.561405003070831299e-01,-3.252529203891754150e-01,1.093429848551750183e-01,3.038647398352622986e-02,-2.526693940162658691e-01,-2.439306378364562988e-01,-1.972395032644271851e-01,-2.658534049987792969e-01,-6.418317556381225586e-02,-1.999705880880355835e-01,-8.196928352117538452e-02,-8.775270730257034302e-02,1.196931023150682449e-02,5.019031465053558350e-02,8.969196677207946777e-02,7.630680501461029053e-02,2.062477469444274902e-01,-5.260774865746498108e-02,-2.681203186511993408e-01,-3.403431475162506104e-01,3.806084394454956055e-01,1.488371938467025757e-01,3.577729463577270508e-01,8.667559921741485596e-02,1.498045921325683594e-01,1.646501868963241577e-01,1.223163753747940063e-01,9.327666461467742920e-02,2.188500389456748962e-02,-1.517476439476013184e-01,7.555301487445831299e-02,-1.751802861690521240e-02,-1.568738967180252075e-01,-2.711976468563079834e-01,-1.214840784668922424e-01,-4.112226516008377075e-02,-2.590526640415191650e-01,-2.226804047822952271e-01,-2.341197878122329712e-01,-2.800714671611785889e-01,2.025601640343666077e-02,-3.039613664150238037e-01,1.062097325921058655e-01,4.624595865607261658e-02,1.089598610997200012e-01,-1.207671537995338440e-01,-4.752049595117568970e-02,-6.208478286862373352e-02,7.821006700396537781e-03,3.061296045780181885e-02,1.225861534476280212e-02,-1.378862112760543823e-01,-2.770024836063385010e-01,-1.934799849987030029e-01,1.360250823199748993e-02,4.047242924571037292e-02,9.332273155450820923e-02,7.496847957372665405e-02,2.443746477365493774e-01,1.180070787668228149e-01,1.835459321737289429e-01,2.723729908466339111e-01,-2.248249202966690063e-02,6.763634830713272095e-02,1.376419067382812500e-01,-1.940889805555343628e-01,-2.601351737976074219e-01,-1.073863208293914795e-01,-3.329153358936309814e-02,2.412134259939193726e-01,1.111013963818550110e-01,9.936869889497756958e-02
-5.224175006151199341e-02,2.092113941907882690e-01,-1.081877015531063080e-02,3.833122551441192627e-01,-1.475638300180435181e-01,-4.743789508938789368e-02,2.414061427116394043e-01,0.000000000000000000e+00,-2.120842039585113525e-02,3.770751506090164185e-02,-9.705808013677597046e-02,1.016322225332260132e-01,-1.010980829596519470e-01,1.743864864110946655e-01,-1.569622755050659180e-01,-9.331943839788436890e-02,7.209328562021255493e-02,-1.412787139415740967e-01,-9.013168513774871826e-02,1.329362988471984863e-01,-8.147110044956207275e-02,-5.881525203585624695e-02,-6.295090168714523315e-02,-2.253636345267295837e-02,-1.627051532268524170e-01,-7.531668245792388916e-02,-2.085741758346557617e-01,-1.675017625093460083e-01,-5.364581942558288574e-02,-1.021673455834388733e-01,-1.024579182267189026e-01,1.069163531064987183e-01,2.963055372238159180e-01,3.682129681110382080e-01,1.280607134103775024e-01,1.555479913949966431e-01,-3.019256591796875000e-01,-2.937892079353332520e-01,-2.919395267963409424e-01,-3.307093679904937744e-01,-2.160115092992782593e-01,-2.565721869468688965e-01,9.198665618896484375e-03,-8.874765783548355103e-02,-1.862581521272659302e-01,-1.936160586774349213e-02,-6.768682599067687988e-02,3.084366209805011749e-03,-4.406318441033363342e-02,-1.049557179212570190e-01,1.088595315814018250e-01,1.870461739599704742e-02,1.192134618759155273e-01,5.745201557874679565e-02,-2.164601534605026245e-01,-2.073655277490615845e-01,1.638001650571823120e-01,2.205206155776977539e-01,5.650076270103454590e-02,1.726238429546356201e-01,3.043832480907440186e-01,5.500698089599609375e-01,8.607757836580276489e-02,1.397707760334014893e-01,-6.010539457201957703e-02,3.061271905899047852e-01,1.882532387971878052e-01,3.314058482646942139e-01,6.091367825865745544e-02,8.753133565187454224e-02,-5.790786445140838623e-02,-9.049015492200851440e-02,-2.310864627361297607e-01,-2.184957563877105713e-01,-3.921522945165634155e-02,-1.306727644987404346e-03,-3.987327218055725098e-02,-8.980147540569305420e-02,-5.533038079738616943e-02,-8.782300353050231934e-02,1.911620423197746277e-02,-5.892245844006538391e-02,-3.044981360435485840e-01,-3.482291698455810547e-01,-1.217855066061019897e-01,-4.345549643039703369e-02,-3.825577795505523682e-01,-3.656617105007171631e-01,-2.066157609224319458e-01,-1.576206982135772705e-01,1.815450787544250488e-01,2.740412577986717224e-02,1.939953714609146118e-01,6.822085380554199219e-02,-2.594572603702545166e-01,-2.497098296880722046e-01,-1.302253156900405884e-01,-2.357218414545059204e-01,1.070154830813407898e-01,-1.045357137918472290e-01,-8.250667899847030640e-02,-7.382776122540235519e-03,-1.853486895561218262e-01,-2.135364413261413574e-01,-9.810683876276016235e-02,-1.257912348955869675e-02,-2.622359991073608398e-01,-2.181440889835357666e-01,-1.385701894760131836e-01,-1.757501512765884399e-01,-6.225076317787170410e-02,4.311773926019668579e-02,1.578627824783325195e-01,-4.883408546447753906e-02,3.756722062826156616e-02,-1.318503171205520630e-01
7.943128049373626709e-02,1.190241351723670959e-01,1.220258772373199463e-01,-1.753581501543521881e-02,4.379909038543701172e-01,4.106268882751464844e-01,1.785505115985870361e-01,-2.120842039585113525e-02,0.000000000000000000e+00,4.125025570392608643e-01,5.157596990466117859e-02,1.049771159887313843e-01,1.023292690515518188e-01,1.132071204483509064e-02,2.047467529773712158e-01,3.691640449687838554e-04,-5.912411957979202271e-02,-8.977560326457023621e-03,1.792757026851177216e-02,4.639372974634170532e-02,1.596044003963470459e-01,1.531390398740768433e-01,9.274487942457199097e-02,2.053826004266738892e-01,2.608613967895507812e-01,1.693940758705139160e-01,4.553411304950714111e-01,3.858322501182556152e-01,-1.784729305654764175e-03,-1.626744270324707031e-01,8.652732521295547485e-02,7.831780239939689636e-03,-1.576685607433319092e-01,-1.491368114948272705e-01,1.445868015289306641e-01,1.077808812260627747e-01,-1.277049034833908081e-01,-1.017798930406570435e-01,-1.875222027301788330e-01,-1.450408399105072021e-01,-1.463621854782104492e-01,-1.372423768043518066e-01,-3.327269256114959717e-01,-3.899180293083190918e-01,-3.017140626907348633e-01,-3.029438853263854980e-01,-2.155144214630126953e-01,-1.621967405080795288e-01,-2.496649920940399170e-01,-1.919426470994949341e-01,-2.357183098793029785e-01,-2.763278782367706299e-01,-1.858650296926498413e-01,-2.853265106678009033e-01,2.658716170117259026e-03,-2.191199921071529388e-02,2.161712758243083954e-02,8.300895243883132935e-02,1.067736595869064331e-01,1.210083365440368652e-01,2.483545094728469849e-01,1.213128305971622467e-02,-7.095793634653091431e-02,-1.803332418203353882e-01,2.364451438188552856e-01,1.387441158294677734e-01,6.663826107978820801e-02,4.409408569335937500e-02,1.248809471726417542e-01,8.189991861581802368e-02,1.473479270935058594e-01,1.013893634080886841e-01,1.410754770040512085e-01,1.088553294539451599e-01,1.743064224720001221e-01,1.982028931379318237e-01,1.188436299562454224e-01,9.742517769336700439e-02,1.226482614874839783e-01,-9.049455076456069946e-02,-1.214448437094688416e-01,-9.540409594774246216e-02,-1.128992438316345215e-01,-1.535696089267730713e-01,-5.145149305462837219e-02,-2.457439452409744263e-01,9.922679513692855835e-02,6.681418418884277344e-02,1.884344816207885742e-01,-1.799011975526809692e-02,-1.296746581792831421e-01,-2.744622528553009033e-01,-1.657443046569824219e-01,-1.788861453533172607e-01,-1.260542869567871094e-02,-4.209586232900619507e-02,-3.625280410051345825e-02,-1.793476007878780365e-02,1.520833373069763184e-01,-7.239704579114913940e-02,1.074422150850296021e-01,-1.055533662438392639e-01,2.514204680919647217e-01,1.594498008489608765e-01,-4.679640382528305054e-02,5.204453691840171814e-02,-8.395558223128318787e-03,9.667196869850158691e-02,4.270800203084945679e-02,-1.401315927505493164e-01,-9.196165949106216431e-02,-1.309481561183929443e-01,-2.139328867197036743e-01,-2.261523157358169556e-02,-1.980756223201751709e-01,4.211595281958580017e-02
-1.768327504396438599e-02,-4.312696307897567749e-02,6.423780322074890137e-02,1.115171834826469421e-01,3.635792732238769531e-01,4.681841433048248291e-01,7.875090092420578003e-02,3.770751506090164185e-02,4.125025570392608643e-01,0.000000000000000000e+00,1.434591505676507950e-02,6.896750628948211670e-02,5.426555871963500977e-02,1.455849558115005493e-01,2.272183597087860107e-01,1.698136329650878906e-01,-7.398681342601776123e-02,-1.280964761972427368e-01,3.426983207464218140e-02,5.733869597315788269e-02,1.338703185319900513e-01,2.896298766136169434e-01,1.426392048597335815e-01,2.701161503791809082e-01,1.691487282514572144e-01,1.623884290456771851e-01,4.604911208152770996e-01,3.469263315200805664e-01,-4.854200035333633423e-02,-1.432392597198486328e-01,4.965729638934135437e-02,8.022224158048629761e-02,-1.439391672611236572e-01,-1.573305428028106689e-01,2.199726998805999756e-01,1.654489487409591675e-01,-1.587888002395629883e-01,-8.184254169464111328e-02,-1.739027500152587891e-01,-5.187943577766418457e-02,-7.181473821401596069e-02,-8.456844091415405273e-02,-3.859035074710845947e-01,-3.298793435096740723e-01,-3.474233150482177734e-01,-3.770726621150970459e-01,-1.507129073143005371e-01,-8.175482600927352905e-02,-2.338727116584777832e-01,-2.069732546806335449e-01,-2.755478322505950928e-01,-2.318802326917648315e-01,-1.972883939743041992e-01,-2.197752296924591064e-01,-5.550622940063476562e-02,8.046241849660873413e-02,-1.531711220741271973e-01,-4.081321880221366882e-02,-7.786315400153398514e-03,1.867476850748062134e-01,-1.640662550926208496e-02,1.014485955238342285e-01,-1.191590726375579834e-01,-8.109258115291595459e-02,1.307825744152069092e-01,1.996214240789413452e-01,-2.050791308283805847e-02,8.885387331247329712e-03,-9.357294067740440369e-03,1.201526224613189697e-01,1.333647519350051880e-01,1.261897534132003784e-01,1.122081354260444641e-01,1.552769094705581665e-01,5.877594649791717529e-02,9.033469855785369873e-02,1.533509604632854462e-02,3.934387490153312683e-02,-7.006720453500747681e-02,-3.999730199575424194e-02,-1.007229983806610107e-01,-1.238151192665100098e-01,-8.110921829938888550e-02,-5.237272009253501892e-02,-1.193377897143363953e-01,-1.526853442192077637e-01,7.373885065317153931e-02,1.859301477670669556e-01,-2.663771994411945343e-02,1.614790707826614380e-01,-7.541445642709732056e-02,-2.355212122201919556e-01,-9.296838194131851196e-02,-2.584132552146911621e-01,7.543139904737472534e-02,7.010780274868011475e-02,-3.123942762613296509e-02,-1.873832754790782928e-02,-3.056255541741847992e-02,-1.120900586247444153e-01,8.135459572076797485e-02,-1.113604530692100525e-01,2.534860670566558838e-01,2.607078254222869873e-01,5.532420426607131958e-02,1.488081067800521851e-01,3.787716105580329895e-02,2.165553271770477295e-01,1.527896523475646973e-01,-1.368124783039093018e-01,-6.375337392091751099e-02,-2.557964622974395752e-01,-1.256227642297744751e-01,1.331544816493988037e-01,-9.014194458723068237e-02,3.047306835651397705e-02
3.390344381332397461e-01,1.668722033500671387e-01,-4.974672943353652954e-02,-1.935907900333404541e-01,3.539087250828742981e-02,-3.295189514756202698e-02,-6.841985136270523071e-02,-9.705808013677597046e-02,5.157596990466117859e-02,1.434591505676507950e-02,0.000000000000000000e+00,4.327319860458374023e-01,4.557090997695922852e-01,2.298084944486618042e-01,1.253112256526947021e-01,-3.042264841496944427e-02,2.451352775096893311e-01,2.028805464506149292e-01,3.288416564464569092e-01,2.586677968502044678e-01,8.233345299959182739e-02,3.408975154161453247e-02,-5.053355172276496887e-02,-4.599669575691223145e-02,-7.998257130384445190e-02,-1.307900156825780869e-02,-4.980748053640127182e-03,-4.292278550565242767e-03,3.500279784202575684e-01,1.534124463796615601e-02,1.096482127904891968e-01,1.306067407131195068e-01,-7.712469995021820068e-02,6.383624672889709473e-02,-2.262341417372226715e-02,-8.283489197492599487e-02,-6.824243068695068359e-02,-2.151979655027389526e-01,-1.128135621547698975e-01,-1.349438428878784180e-01,-3.763659298419952393e-02,-3.100040741264820099e-02,-5.557103827595710754e-02,-7.414793968200683594e-02,-3.204408586025238037e-01,-1.387372314929962158e-01,-9.655941277742385864e-02,5.591797176748514175e-03,-1.819191128015518188e-01,-1.254526376724243164e-01,-1.529589444398880005e-01,-1.561104208230972290e-01,-1.379498839378356934e-01,-9.681709110736846924e-02,7.686892524361610413e-03,-9.179758280515670776e-02,2.276513576507568359e-01,1.290866136550903320e-01,3.024641871452331543e-01,5.483890324831008911e-02,2.390831112861633301e-01,1.077247411012649536e-01,4.304700791835784912e-01,2.584047615528106689e-01,-1.306945364922285080e-02,-9.281913191080093384e-02,-3.222140669822692871e-01,-2.448992878198623657e-01,2.227134630084037781e-02,4.971301532350480556e-04,1.470566093921661377e-01,2.139887213706970215e-01,3.114385306835174561e-01,2.472945004701614380e-01,6.595762819051742554e-02,2.319870293140411377e-01,1.715558916330337524e-01,2.892122566699981689e-01,1.983935236930847168e-01,3.968291729688644409e-02,1.542254239320755005e-01,7.031589746475219727e-02,-8.593311160802841187e-02,-1.061394363641738892e-01,4.777111858129501343e-02,-8.116985857486724854e-02,-5.313840880990028381e-02,-5.380627885460853577e-02,1.878375001251697540e-02,-1.119934245944023132e-01,-2.040280103683471680e-01,-8.519887924194335938e-02,-1.595390439033508301e-01,-1.149930581450462341e-01,-5.872187763452529907e-02,-9.838993847370147705e-02,1.711850613355636597e-01,-3.798545524477958679e-02,-1.224248018115758896e-02,1.126595884561538696e-01,-5.678144842386245728e-02,1.492836512625217438e-03,-1.370892301201820374e-02,1.199147999286651611e-01,-2.248827368021011353e-01,-6.228378415107727051e-02,-2.033815830945968628e-01,-7.620586454868316650e-02,-1.102404855191707611e-02,1.239334978163242340e-02,5.852489545941352844e-02,-2.165968297049403191e-03,-3.248993307352066040e-02,-4.275446012616157532e-02,-1.454185098409652710e-01,7.503490895032882690e-02
1.895346194505691528e-01,9.774318337440490723e-02,-2.889179885387420654e-01,-1.781816631555557251e-01,-1.185280531644821167e-01,-1.119538769125938416e-01,-2.019115686416625977e-01,1.016322225332260132e-01,1.049771159887313843e-01,6.896750628948211670e-02,4.327319860458374023e-01,0.000000000000000000e+00,4.370135068893432617e-01,5.881352424621582031e-01,1.222566068172454834e-01,8.598148077726364136e-02,1.078426837921142578e-01,2.097979038953781128e-01,9.696443378925323486e-02,1.342384219169616699e-01,1.649592071771621704e-01,6.959024071693420410e-02,-1.627652496099472046e-01,-1.101233363151550293e-01,-2.237050831317901611e-01,-1.273422986268997192e-01,-1.718436777591705322e-01,-5.682086944580078125e-02,3.095228374004364014e-01,2.345748096704483032e-01,1.522453129291534424e-01,1.494414508342742920e-01,-3.318797796964645386e-02,1.355476081371307373e-01,-2.263757437467575073e-01,-1.976089328527450562e-01,-7.341464981436729431e-03,-1.934576928615570068e-01,-1.174260377883911133e-01,-1.254154443740844727e-01,7.749991863965988159e-02,-6.867122370749711990e-03,5.716891493648290634e-03,-6.754929572343826294e-02,-2.324627041816711426e-01,8.299517631530761719e-02,-2.228131592273712158e-01,-1.098103523254394531e-01,-5.989696085453033447e-02,-1.964355446398258209e-02,-4.207346588373184204e-02,-8.410549908876419067e-02,-1.295061707496643066e-01,-1.337690055370330811e-01,6.345730274915695190e-03,-1.261538565158843994e-01,9.042235463857650757e-02,4.796449095010757446e-02,2.017471790313720703e-01,1.102712824940681458e-01,2.246985435485839844e-01,2.584434449672698975e-01,4.398308396339416504e-01,4.190883040428161621e-01,-1.811425536870956421e-01,1.208738144487142563e-02,-3.310607671737670898e-01,-4.410320147871971130e-02,5.996853858232498169e-02,-1.071089804172515869e-01,1.446265131235122681e-01,1.132267862558364868e-01,1.233086735010147095e-01,1.941114068031311035e-01,8.121506124734878540e-02,1.503133177757263184e-01,2.432728558778762817e-01,3.604047298431396484e-01,2.306946814060211182e-01,-1.001015678048133850e-01,2.733801603317260742e-01,2.518362402915954590e-01,-1.962367258965969086e-02,-7.997427135705947876e-02,1.620499193668365479e-01,1.428302191197872162e-02,-1.115265414118766785e-01,-2.146921753883361816e-01,-3.158848360180854797e-02,-2.163611799478530884e-01,-1.278748214244842529e-01,-1.972767412662506104e-01,-7.228939235210418701e-02,-9.537026286125183105e-02,-1.429383009672164917e-01,-1.183943450450897217e-01,1.793065965175628662e-01,1.167355291545391083e-02,1.329403966665267944e-01,-2.173770451918244362e-03,-1.530561298131942749e-01,-7.702995091676712036e-02,-1.824300587177276611e-01,-6.708861887454986572e-02,-3.233152329921722412e-01,-3.020940721035003662e-01,-4.988460242748260498e-02,-1.832115352153778076e-01,-1.463956236839294434e-01,6.017840281128883362e-02,1.176176592707633972e-01,5.453209206461906433e-02,-6.879500299692153931e-02,-2.123964577913284302e-01,-1.569787412881851196e-01,-1.271626725792884827e-02
1.218573376536369324e-01,-1.293324530124664307e-01,-3.202532231807708740e-02,-2.660345733165740967e-01,6.674914807081222534e-02,-7.409477978944778442e-02,3.105339221656322479e-02,-1.010980829596519470e-01,1.023292690515518188e-01,5.426555871963500977e-02,4.557090997695922852e-01,4.370135068893432617e-01,0.000000000000000000e+00,3.773437440395355225e-01,2.941510379314422607e-01,2.701293863356113434e-02,-7.960468530654907227e-02,4.936021193861961365e-02,2.512426078319549561e-01,1.299102455377578735e-01,5.197284743189811707e-02,-4.720688331872224808e-03,8.808964863419532776e-03,-6.571757048368453979e-02,-1.359449923038482666e-01,-7.570956647396087646e-02,-6.572717428207397461e-02,-1.911970227956771851e-02,9.508223086595535278e-02,5.216329172253608704e-02,1.117998957633972168e-01,1.533007919788360596e-01,-1.252803951501846313e-01,-4.645003378391265869e-02,-2.539681084454059601e-02,-1.684070825576782227e-01,3.837163373827934265e-02,-1.204452365636825562e-01,-1.245454400777816772e-01,-6.856205314397811890e-02,-4.948204383254051208e-02,5.048745777457952499e-03,3.309252858161926270e-02,-3.768317168578505516e-03,-1.959470212459564209e-01,-1.185248196125030518e-01,-8.507245033979415894e-02,-5.082726851105690002e-02,-2.017887681722640991e-01,-1.281504034996032715e-01,-3.919137641787528992e-02,1.489762449637055397e-03,-1.203941255807876587e-01,-3.571293503046035767e-02,-1.516027897596359253e-01,-1.224822774529457092e-01,-1.198325231671333313e-01,-9.340032935142517090e-02,2.252293527126312256e-01,2.767107635736465454e-02,2.850171327590942383e-01,9.105403721332550049e-02,2.933401763439178467e-01,1.168984398245811462e-01,1.374018788337707520e-01,-3.884090110659599304e-02,-1.566935032606124878e-01,-1.617109924554824829e-01,-9.156100451946258545e-02,-1.586882621049880981e-01,1.419663578271865845e-01,3.165667057037353516e-01,1.233760491013526917e-01,1.422636210918426514e-01,1.362261176109313965e-01,2.015267610549926758e-01,1.330615580081939697e-01,2.574539184570312500e-01,-5.428418889641761780e-02,5.758067965507507324e-02,1.061928942799568176e-01,7.282340526580810547e-02,4.595080018043518066e-02,7.135123014450073242e-02,1.961509585380554199e-01,3.927542641758918762e-02,-7.480662316083908081e-02,-5.459837149828672409e-03,-8.542972803115844727e-02,-9.152974933385848999e-02,-5.698769167065620422e-02,-8.118216693401336670e-02,-1.009764522314071655e-01,-2.212113738059997559e-01,-4.803010821342468262e-02,-8.648097515106201172e-02,8.441966772079467773e-02,7.088999450206756592e-02,-1.622512787580490112e-01,1.705587655305862427e-01,-7.467778027057647705e-02,-8.268798142671585083e-02,-1.532069295644760132e-01,8.537834882736206055e-02,-2.200468629598617554e-01,-1.911178082227706909e-01,-4.461289197206497192e-02,-8.936362713575363159e-02,-1.949889399111270905e-02,1.872554868459701538e-01,1.618230715394020081e-03,1.265399716794490814e-02,-3.528422489762306213e-02,-1.323956847190856934e-01,1.506914995843544602e-04,3.354865312576293945e-02
