0.000000000000000000e+00,6.374394297599792480e-01,6.332871317863464355e-01,5.452622771263122559e-01,9.942574799060821533e-02,2.950549423694610596e-01,4.983628392219543457e-01,4.466809928417205811e-01,3.212333917617797852e-01,3.054141700267791748e-01,1.682224422693252563e-01,1.495603919029235840e-01,1.173232793807983398e-01,6.103331595659255981e-02,4.829918220639228821e-02,1.102976202964782715e-01,-1.974426060914993286e-01,-3.080740272998809814e-01,5.569227337837219238e-01,5.535182356834411621e-01,-2.065372020006179810e-01,-2.232138365507125854e-01,1.690415292978286743e-01,5.141899585723876953e-01,5.700398981571197510e-02,1.066940501332283020e-01,3.358808159828186035e-01,-2.723676525056362152e-02,-2.434648387134075165e-02,-1.842192113399505615e-01,2.434285134077072144e-01,2.481709867715835571e-01,3.486188650131225586e-01,3.159321248531341553e-01,-1.241565868258476257e-01,-2.922406494617462158e-01,-3.716490864753723145e-01,-3.300217986106872559e-01,-1.991687119007110596e-01,-1.835937500000000000e-01,-1.681403666734695435e-01,-2.544977068901062012e-01,-4.314495325088500977e-01,-3.840503096580505371e-01,-2.684896886348724365e-01,-1.759453415870666504e-01,-4.649843871593475342e-01,-3.670983612537384033e-01,-1.758150607347488403e-01,-2.042897939682006836e-01,-1.933433413505554199e-01,-2.418055236339569092e-01,-3.676245212554931641e-01,-3.820137381553649902e-01,-3.816051781177520752e-01,-3.135917186737060547e-01,4.438970983028411865e-01,4.936555027961730957e-01,3.995715081691741943e-01,4.468136429786682129e-01,4.443176090717315674e-01,3.392478823661804199e-01,3.914865255355834961e-01,2.498583048582077026e-01,4.947002232074737549e-02,4.927291721105575562e-02,2.856269478797912598e-01,2.200598865747451782e-01,6.085358858108520508e-01,3.875828087329864502e-01,2.690775394439697266e-01,2.055021077394485474e-01,6.617522239685058594e-02,-7.167212665081024170e-02,1.104063726961612701e-02,9.678800404071807861e-02,6.941001117229461670e-02,-8.805751055479049683e-02,-3.243457153439521790e-02,1.713848672807216644e-02,-2.729015983641147614e-02,-1.404847502708435059e-01,-2.258774489164352417e-01,-2.389654070138931274e-01,-1.508013308048248291e-01,-7.786203175783157349e-02,2.894032597541809082e-01,-6.395696848630905151e-02,-2.518152296543121338e-01,-7.061593234539031982e-02,-4.269311726093292236e-01,-4.097718596458435059e-01,-2.612792253494262695e-01,-3.537542819976806641e-01,-1.729269176721572876e-01,-1.987225264310836792e-01,-1.804424971342086792e-01,-1.839446723461151123e-01,-3.137284517288208008e-01,-1.044548526406288147e-01,1.045348569750785828e-01,-3.771597892045974731e-02,1.967873722314834595e-01,2.238390147686004639e-01,-5.275169014930725098e-02,-9.471141546964645386e-02,1.037150323390960693e-01,1.752523034811019897e-01,6.128753721714019775e-02,8.129930496215820312e-02,-2.488134801387786865e-01,-2.621900439262390137e-01,-4.639871418476104736e-01,-5.182945132255554199e-01,-2.538699209690093994e-01,-1.211412400007247925e-01
6.374394297599792480e-01,0.000000000000000000e+00,5.291773676872253418e-01,5.846934914588928223e-01,-4.106625914573669434e-02,1.616819947957992554e-01,5.873121023178100586e-01,5.969839692115783691e-01,1.390004158020019531e-01,1.861768513917922974e-01,3.990196287631988525e-01,2.653831839561462402e-01,3.411187529563903809e-01,2.073782533407211304e-01,1.185948494821786880e-02,3.552904725074768066e-02,-1.743407398462295532e-01,-7.018042355775833130e-02,6.085240244865417480e-01,5.806645154953002930e-01,-2.139994055032730103e-01,-1.493672132492065430e-01,2.822610139846801758e-01,5.218252539634704590e-01,1.293562650680541992e-01,1.436052024364471436e-01,1.001665890216827393e-01,-2.129364013671875000e-01,9.903604537248611450e-02,-1.141647771000862122e-01,3.709551095962524414e-01,4.122309684753417969e-01,5.290333032608032227e-01,5.083895921707153320e-01,-2.495929785072803497e-02,-1.330755054950714111e-01,-3.756425678730010986e-01,-4.003073871135711670e-01,-2.982848286628723145e-01,-3.112413883209228516e-01,-9.365034848451614380e-02,-1.994522213935852051e-01,-3.179035484790802002e-01,-3.416569828987121582e-01,-2.763047516345977783e-01,2.776267565786838531e-02,-3.110923171043395996e-01,-3.595720529556274414e-01,-1.600451916456222534e-01,-1.713009178638458252e-01,-1.917581856250762939e-01,-2.320120930671691895e-01,-3.373137712478637695e-01,-3.362098932266235352e-01,-3.197019994258880615e-01,-3.420662581920623779e-01,5.335812568664550781e-01,5.651847720146179199e-01,1.529526412487030029e-01,1.596577018499374390e-01,3.576754331588745117e-01,4.094766378402709961e-01,4.191099405288696289e-01,3.483259081840515137e-01,3.592254966497421265e-02,1.510190963745117188e-01,1.931393146514892578e-01,3.067814111709594727e-01,5.642815828323364258e-01,2.935798168182373047e-01,2.198456972837448120e-01,2.454913258552551270e-01,1.270490437746047974e-01,-1.871247775852680206e-02,1.293340027332305908e-01,1.285191178321838379e-01,3.716926276683807373e-02,-4.766294732689857483e-02,-5.128079280257225037e-02,9.347038716077804565e-02,8.066511154174804688e-02,-9.879083931446075439e-02,-1.877275407314300537e-01,-2.937523424625396729e-01,-2.299996614456176758e-01,-1.047151163220405579e-01,6.647270172834396362e-02,-2.408515512943267822e-01,-1.375975161790847778e-01,-1.161369681358337402e-01,-2.872478067874908447e-01,-2.717822492122650146e-01,-2.102767676115036011e-01,-2.327280491590499878e-01,-2.720805704593658447e-01,-1.238661706447601318e-01,-1.309652477502822876e-01,-2.331801801919937134e-01,-2.235808074474334717e-01,-1.387376636266708374e-01,-7.496203482151031494e-02,-7.119996100664138794e-02,3.467276459559798241e-03,3.961058333516120911e-02,-1.913990676403045654e-01,-2.268480956554412842e-01,8.297596871852874756e-02,1.399662643671035767e-01,-1.533142179250717163e-01,1.695263199508190155e-02,-2.742259800434112549e-01,-1.121915206313133240e-01,-3.741145431995391846e-01,-2.916250824928283691e-01,-3.747830390930175781e-01,-8.599387854337692261e-02
6.332871317863464355e-01,5.291773676872253418e-01,0.000000000000000000e+00,6.667708754539489746e-01,3.304715752601623535e-01,4.982553720474243164e-01,5.853375792503356934e-01,5.413073897361755371e-01,4.560089409351348877e-01,4.069285690784454346e-01,9.587404876947402954e-02,1.358693391084671021e-01,1.048877537250518799e-01,1.654367148876190186e-01,1.790444403886795044e-01,2.472410202026367188e-01,-4.038481116294860840e-01,-2.858930230140686035e-01,6.260238885879516602e-01,6.025376915931701660e-01,-1.225966736674308777e-01,-1.691212654113769531e-01,2.071063071489334106e-01,6.548293828964233398e-01,2.300224080681800842e-02,3.514968454837799072e-01,4.663670659065246582e-01,1.469652652740478516e-01,-9.782966226339340210e-02,-2.014167159795761108e-01,3.442295491695404053e-01,3.669406473636627197e-01,3.321157097816467285e-01,3.492801487445831299e-01,2.975257812067866325e-03,-8.266301453113555908e-02,-4.590045213699340820e-01,-4.385573863983154297e-01,-1.121258959174156189e-01,-2.222426086664199829e-01,-2.264952212572097778e-01,-3.106976747512817383e-01,-3.829323053359985352e-01,-2.673308849334716797e-01,-3.282486796379089355e-01,-1.318728923797607422e-01,-4.372217953205108643e-01,-3.443104028701782227e-01,-2.981983721256256104e-01,-2.504101693630218506e-01,-2.407510429620742798e-01,-3.348219692707061768e-01,-3.241464793682098389e-01,-4.472670853137969971e-01,-2.812334001064300537e-01,-2.992645204067230225e-01,1.454871743917465210e-01,2.804631292819976807e-01,2.993773221969604492e-01,3.988174498081207275e-01,3.036847412586212158e-01,3.306910693645477295e-01,1.365217864513397217e-01,1.540306806564331055e-01,7.839252054691314697e-02,1.398391425609588623e-01,2.934190034866333008e-01,3.251597881317138672e-01,4.805901348590850830e-01,2.968184053897857666e-01,4.412305951118469238e-01,3.513087034225463867e-01,1.289868354797363281e-01,7.604832760989665985e-03,7.740228623151779175e-02,1.729417890310287476e-01,1.722198873758316040e-01,-1.098500005900859833e-02,4.187419638037681580e-02,-4.121638834476470947e-02,-7.751034945249557495e-02,-2.824551463127136230e-01,-2.446769177913665771e-01,-3.158683776855468750e-01,-1.794059127569198608e-01,-2.180941849946975708e-01,2.397504150867462158e-01,-3.912146389484405518e-02,-2.031900882720947266e-01,-2.338335812091827393e-01,-2.023638337850570679e-01,-2.683506309986114502e-01,-1.541611850261688232e-01,-3.036319613456726074e-01,-1.255215555429458618e-01,-6.879797577857971191e-02,-5.273488909006118774e-02,-1.709158867597579956e-01,-1.327338069677352905e-01,1.144140787801006809e-05,2.531851232051849365e-01,-4.392797127366065979e-03,2.706409990787506104e-01,2.437501996755599976e-01,-2.399680949747562408e-02,-4.741362482309341431e-02,3.196648955345153809e-01,1.972925215959548950e-01,-1.758619397878646851e-02,5.302299279719591141e-03,-1.708981692790985107e-01,-2.342977970838546753e-01,-3.967460393905639648e-01,-3.598698377609252930e-01,-2.035553455352783203e-01,3.762655332684516907e-02
5.452622771263122559e-01,5.846934914588928223e-01,6.667708754539489746e-01,0.000000000000000000e+00,1.084872856736183167e-01,3.228117823600769043e-01,6.922553777694702148e-01,7.175332903861999512e-01,1.997730135917663574e-01,2.474396824836730957e-01,1.943472921848297119e-01,1.722597926855087280e-01,2.875414490699768066e-01,1.710871458053588867e-01,-5.143306683748960495e-03,9.259797632694244385e-02,-3.769523799419403076e-01,-3.608653545379638672e-01,5.582253932952880859e-01,5.645101666450500488e-01,-1.915896087884902954e-01,-1.580289155244827271e-01,3.697859644889831543e-01,7.364700436592102051e-01,-3.037188015878200531e-02,2.350524067878723145e-01,1.695340424776077271e-01,-5.375346168875694275e-02,-1.153979673981666565e-01,-2.688480317592620850e-01,2.833220660686492920e-01,3.801091313362121582e-01,3.879318833351135254e-01,4.302484691143035889e-01,-4.109216108918190002e-02,-5.773644894361495972e-02,-4.607769250869750977e-01,-4.725786149501800537e-01,-1.534867882728576660e-01,-2.229892164468765259e-01,-1.649070382118225098e-01,-2.675335705280303955e-01,-3.023369312286376953e-01,-3.096204996109008789e-01,-3.526493310928344727e-01,-8.670416474342346191e-02,-4.208697378635406494e-01,-3.799855113029479980e-01,-2.809691727161407471e-01,-2.570044100284576416e-01,-2.306187152862548828e-01,-2.486282587051391602e-01,-3.126330077648162842e-01,-2.946772873401641846e-01,-2.807549834251403809e-01,-3.189452290534973145e-01,2.016788423061370850e-01,2.417054623365402222e-01,1.954582035541534424e-01,2.602990269660949707e-01,3.019722104072570801e-01,4.145286381244659424e-01,2.567916922271251678e-02,2.869695983827114105e-02,2.014430798590183258e-02,2.294406294822692871e-01,1.677930802106857300e-01,2.864083051681518555e-01,4.049505889415740967e-01,2.409118264913558960e-01,3.226679563522338867e-01,2.223252058029174805e-01,6.108382344245910645e-02,-7.024873793125152588e-02,3.745226934552192688e-02,1.223437786102294922e-01,5.573605373501777649e-02,-2.317433804273605347e-02,-1.409897655248641968e-01,7.844483852386474609e-02,-1.127645820379257202e-01,-3.372251689434051514e-01,-2.345313876867294312e-01,-3.451468944549560547e-01,-2.421115636825561523e-01,-8.245110511779785156e-02,5.812606588006019592e-02,-1.880379319190979004e-01,-1.017417833209037781e-01,-7.509905844926834106e-02,-1.563141196966171265e-01,-1.451090723276138306e-01,2.112182229757308960e-02,-6.023424491286277771e-02,-2.326149046421051025e-01,-1.527291089296340942e-01,-1.935601085424423218e-01,-2.528915405273437500e-01,-2.120200246572494507e-01,-2.039914429187774658e-01,5.852609500288963318e-02,4.566597938537597656e-02,-2.969223074615001678e-02,-1.247226912528276443e-02,-1.021773666143417358e-01,-1.629802435636520386e-01,2.119787335395812988e-01,1.225159466266632080e-01,-9.301356226205825806e-02,-4.345646873116493225e-02,-2.492115646600723267e-01,-2.055427283048629761e-01,-2.386323958635330200e-01,-2.636153697967529297e-01,-3.011452555656433105e-01,8.615630865097045898e-02
9.942574799060821533e-02,-4.106625914573669434e-02,3.304715752601623535e-01,1.084872856736183167e-01,0.000000000000000000e+00,6.030197739601135254e-01,4.091305285692214966e-02,4.342164471745491028e-02,6.665685176849365234e-01,5.868593454360961914e-01,-1.648314744234085083e-01,7.080594450235366821e-02,-9.881470352411270142e-02,1.338502615690231323e-01,5.964905023574829102e-01,5.669822096824645996e-01,-2.176546007394790649e-01,-7.529412209987640381e-02,1.678993105888366699e-01,8.062636107206344604e-02,1.791813671588897705e-01,1.160892099142074585e-01,-7.615976035594940186e-03,1.527523845434188843e-01,9.327866882085800171e-02,3.591726720333099365e-01,5.457839369773864746e-01,4.936955273151397705e-01,-1.960181146860122681e-01,-1.837045550346374512e-01,-4.433070868253707886e-02,1.957786828279495239e-02,1.128125004470348358e-03,6.565549969673156738e-02,5.123407021164894104e-02,-1.656050235033035278e-01,-2.155390083789825439e-01,-1.040508598089218140e-01,2.439674288034439087e-01,-6.219533458352088928e-02,-9.726191312074661255e-02,4.827019199728965759e-02,-2.767606973648071289e-01,-1.977601051330566406e-01,-2.087239027023315430e-01,-1.347092986106872559e-01,-1.960427761077880859e-01,-2.540009021759033203e-01,-2.734709978103637695e-01,-1.935355365276336670e-01,-2.200906127691268921e-01,-2.181602865457534790e-01,-8.093120157718658447e-02,-2.791467905044555664e-01,-1.385051161050796509e-01,-7.145018875598907471e-02,-2.359944283962249756e-01,-8.872055262327194214e-02,2.007994204759597778e-01,2.715201079845428467e-01,-1.918692328035831451e-02,9.147618710994720459e-02,-8.844019845128059387e-03,-3.990810830146074295e-03,7.619622349739074707e-02,8.467308431863784790e-02,4.076604172587394714e-02,9.115071594715118408e-02,3.035797551274299622e-02,-6.977634876966476440e-02,2.661894857883453369e-01,2.562639713287353516e-01,2.556302957236766815e-02,5.821156129240989685e-02,1.162253320217132568e-01,3.408082947134971619e-02,3.458856046199798584e-02,-2.180456183850765228e-02,1.292988955974578857e-01,-4.679260402917861938e-02,9.542585164308547974e-02,-4.217687621712684631e-02,-2.897456847131252289e-02,-5.940473824739456177e-02,6.683993339538574219e-02,-4.144623503088951111e-02,2.991421520709991455e-01,1.590995937585830688e-01,5.837719142436981201e-02,-7.158965617418289185e-02,-2.374278940260410309e-02,-1.564639508724212646e-01,1.876861089840531349e-03,-1.332617253065109253e-01,4.835315793752670288e-02,2.540310919284820557e-01,3.572387993335723877e-02,-8.414667099714279175e-02,-4.234138131141662598e-02,-1.899321563541889191e-03,2.531795799732208252e-01,4.456007853150367737e-02,1.874035298824310303e-01,1.961561739444732666e-01,-5.852750688791275024e-02,-1.030655279755592346e-01,2.576289176940917969e-01,1.372899562120437622e-01,-1.349411010742187500e-01,-6.140147149562835693e-02,-1.685451865196228027e-01,-7.324376702308654785e-02,-2.420403510332107544e-01,-1.280896216630935669e-01,-6.165556609630584717e-02,-1.447194442152976990e-02
2.950549423694610596e-01,1.616819947957992554e-01,4.982553720474243164e-01,3.228117823600769043e-01,6.030197739601135254e-01,0.000000000000000000e+00,2.698760330677032471e-01,2.765872776508331299e-01,6.365306973457336426e-01,6.807832121849060059e-01,-4.688128083944320679e-02,9.345460683107376099e-02,2.392436563968658447e-02,2.003179639577865601e-01,4.436646401882171631e-01,5.780379176139831543e-01,-3.505008816719055176e-01,-1.801561862230300903e-01,2.542055845260620117e-01,2.231808304786682129e-01,1.025402173399925232e-01,-1.608639582991600037e-02,4.017708078026771545e-02,3.080021142959594727e-01,1.678517162799835205e-01,4.815018177032470703e-01,5.986017584800720215e-01,3.544660210609436035e-01,-1.459883302450180054e-01,-1.830636560916900635e-01,2.134339958429336548e-01,3.001205027103424072e-01,1.833475679159164429e-01,2.599807083606719971e-01,1.007849499583244324e-01,-1.137740239500999451e-01,-3.432926535606384277e-01,-2.825331389904022217e-01,1.075395643711090088e-01,-1.841602027416229248e-01,-6.241266801953315735e-02,-6.862371414899826050e-02,-2.962281107902526855e-01,-2.562839090824127197e-01,-2.667875289916992188e-01,-2.071234881877899170e-01,-3.663119971752166748e-01,-2.767403423786163330e-01,-3.288685381412506104e-01,-3.345995843410491943e-01,-3.636147379875183105e-01,-3.582824766635894775e-01,-2.754244208335876465e-01,-3.067653179168701172e-01,-2.516919672489166260e-01,-8.631407469511032104e-02,-4.775262251496315002e-02,1.362273693084716797e-01,1.840186864137649536e-01,2.716847658157348633e-01,1.471394151449203491e-01,2.195852398872375488e-01,3.163200616836547852e-02,-7.493589539080858231e-03,8.227205276489257812e-02,1.783174127340316772e-01,1.573117971420288086e-01,1.764090508222579956e-01,1.814749091863632202e-01,5.333376303315162659e-02,4.183949530124664307e-01,4.172756373882293701e-01,8.526016771793365479e-02,6.177936214953660965e-03,1.531732678413391113e-01,2.899922616779804230e-02,6.921812146902084351e-02,-3.393506258726119995e-02,9.699194133281707764e-02,5.202478170394897461e-02,3.080927021801471710e-02,-1.523331701755523682e-01,-9.355691075325012207e-02,-1.177038550376892090e-01,-2.568907663226127625e-02,2.289179898798465729e-02,2.959270775318145752e-01,1.731414198875427246e-01,-4.204201325774192810e-02,-5.748296901583671570e-02,-1.397493332624435425e-01,-2.179649770259857178e-01,4.444501549005508423e-02,-9.123952686786651611e-02,-9.744767099618911743e-02,1.134640052914619446e-01,-3.380840644240379333e-02,-1.273551285266876221e-01,-1.108736917376518250e-01,-1.397278755903244019e-01,1.985992640256881714e-01,-6.077304482460021973e-03,1.122275069355964661e-01,1.112114489078521729e-01,-8.114918135106563568e-03,-9.724646061658859253e-02,3.469112813472747803e-01,1.649871319532394409e-01,-5.050418525934219360e-02,-1.477289646863937378e-01,-2.164163887500762939e-01,-2.915808856487274170e-01,-2.543005347251892090e-01,-2.240661829710006714e-01,-1.177720054984092712e-01,-2.689864858984947205e-02
4.983628392219543457e-01,5.873121023178100586e-01,5.853375792503356934e-01,6.922553777694702148e-01,4.091305285692214966e-02,2.698760330677032471e-01,0.000000000000000000e+00,7.535131573677062988e-01,2.185849845409393311e-01,2.319659888744354248e-01,3.571108281612396240e-01,2.640146315097808838e-01,5.037859678268432617e-01,2.551181614398956299e-01,3.825009614229202271e-02,5.334252491593360901e-02,-3.943160176277160645e-01,-2.545270919799804688e-01,5.402479767799377441e-01,5.385949611663818359e-01,-1.930324882268905640e-01,-1.733312755823135376e-01,4.980493187904357910e-01,5.991164445877075195e-01,1.067119389772415161e-01,2.339864522218704224e-01,8.953221887350082397e-02,-2.032963186502456665e-01,-5.440926179289817810e-03,-1.615806967020034790e-01,3.374892175197601318e-01,3.606666326522827148e-01,4.853944778442382812e-01,5.408031940460205078e-01,-2.015508897602558136e-02,-1.244992017745971680e-01,-4.769892990589141846e-01,-5.291640758514404297e-01,-2.783709168434143066e-01,-3.288597166538238525e-01,-5.405466631054878235e-02,-3.038210570812225342e-01,-2.907497882843017578e-01,-3.218725919723510742e-01,-3.563909828662872314e-01,-2.657262980937957764e-02,-4.021826386451721191e-01,-3.430707454681396484e-01,-2.069538235664367676e-01,-1.848089993000030518e-01,-1.995485723018646240e-01,-1.932912021875381470e-01,-3.221468627452850342e-01,-2.194970399141311646e-01,-2.861215472221374512e-01,-3.078702688217163086e-01,1.734968423843383789e-01,2.531172633171081543e-01,1.327517926692962646e-01,8.909362554550170898e-02,4.305736124515533447e-01,4.410464167594909668e-01,5.289898067712783813e-02,5.883850529789924622e-02,1.196515560150146484e-01,2.214910835027694702e-01,1.275137215852737427e-01,2.261729538440704346e-01,3.433274030685424805e-01,2.035704851150512695e-01,3.733282089233398438e-01,3.077976405620574951e-01,1.511811316013336182e-01,-1.826895028352737427e-02,1.614694744348526001e-01,1.971076428890228271e-01,1.799451112747192383e-01,6.395339965820312500e-02,-7.619775831699371338e-02,7.691393047571182251e-02,-1.417029798030853271e-01,-3.439938426017761230e-01,-2.199420034885406494e-01,-3.796511292457580566e-01,-2.951377630233764648e-01,-1.485188156366348267e-01,-1.174942627549171448e-01,-3.256384134292602539e-01,-5.526187270879745483e-02,-1.828472614288330078e-01,-7.143135368824005127e-02,-6.259442120790481567e-02,1.087245568633079529e-01,4.631462693214416504e-02,-2.783033549785614014e-01,-1.631411761045455933e-01,-1.560113131999969482e-01,-3.311591744422912598e-01,-2.019675076007843018e-01,-2.594860792160034180e-01,-7.804615795612335205e-02,-2.672793157398700714e-02,-1.445959061384201050e-01,-1.693302392959594727e-01,-1.362209767103195190e-01,-1.829206794500350952e-01,1.081007868051528931e-01,1.221951395273208618e-01,-7.182093709707260132e-02,-3.737767413258552551e-02,-2.857696115970611572e-01,-1.493938714265823364e-01,-1.124575659632682800e-01,-1.728145331144332886e-01,-3.017707467079162598e-01,-7.044669706374406815e-03
4.466809928417205811e-01,5.969839692115783691e-01,5.413073897361755371e-01,7.175332903861999512e-01,4.342164471745491028e-02,2.765872776508331299e-01,7.535131573677062988e-01,0.000000000000000000e+00,2.143094092607498169e-01,2.627819478511810303e-01,4.136888384819030762e-01,4.051994979381561279e-01,4.584004580974578857e-01,3.975382745265960693e-01,1.802372979000210762e-03,6.605014204978942871e-02,-3.721891343593597412e-01,-1.331322789192199707e-01,5.312761068344116211e-01,5.700861811637878418e-01,-1.848342120647430420e-01,-1.217401474714279175e-01,3.660895228385925293e-01,5.820321440696716309e-01,-8.801215328276157379e-03,2.363050282001495361e-01,4.137983545660972595e-02,-2.056640684604644775e-01,2.198144607245922089e-02,-8.770266175270080566e-02,3.191272020339965820e-01,3.838959932327270508e-01,4.947427809238433838e-01,6.122793555259704590e-01,-7.887849211692810059e-02,-4.730959609150886536e-02,-4.773991107940673828e-01,-5.589417815208435059e-01,-3.044114410877227783e-01,-3.962904810905456543e-01,-2.292827703058719635e-02,-2.888882160186767578e-01,-2.583461701869964600e-01,-2.912343144416809082e-01,-3.671672344207763672e-01,3.335264697670936584e-02,-3.624368309974670410e-01,-3.372938632965087891e-01,-2.346144020557403564e-01,-1.921796351671218872e-01,-2.184059172868728638e-01,-2.265027016401290894e-01,-3.409955203533172607e-01,-2.472685426473617554e-01,-2.615019679069519043e-01,-2.557848989963531494e-01,1.798252761363983154e-01,2.708148062229156494e-01,8.477885276079177856e-02,7.634854316711425781e-02,4.224604070186614990e-01,5.318559408187866211e-01,1.349084079265594482e-01,1.648069173097610474e-01,2.175636962056159973e-02,2.847847640514373779e-01,1.079800575971603394e-01,3.071286082267761230e-01,3.271554112434387207e-01,1.914680302143096924e-01,3.265975415706634521e-01,3.043324947357177734e-01,2.088640183210372925e-01,3.764431923627853394e-02,1.177932396531105042e-01,1.331678777933120728e-01,1.900421082973480225e-01,4.905095696449279785e-02,-6.336306035518646240e-02,5.582207813858985901e-02,-6.248443946242332458e-02,-2.991688549518585205e-01,-2.302349805831909180e-01,-3.368353843688964844e-01,-2.860131263732910156e-01,-6.390898674726486206e-02,-1.209032163023948669e-01,-3.041197657585144043e-01,2.196740731596946716e-02,-2.341701984405517578e-01,-1.827833056449890137e-02,-9.872911125421524048e-02,1.613827496767044067e-01,2.360371686518192291e-02,-3.085722029209136963e-01,-1.363964080810546875e-01,-1.103492826223373413e-01,-3.040861487388610840e-01,-1.476559489965438843e-01,-2.431469708681106567e-01,-1.465548202395439148e-02,-3.515294939279556274e-02,-1.396710127592086792e-01,-1.742472946643829346e-01,-9.791553020477294922e-02,-1.840895712375640869e-01,1.799029111862182617e-01,2.432576864957809448e-01,-1.213879063725471497e-01,-8.366124331951141357e-02,-2.491727024316787720e-01,-1.342091560363769531e-01,-1.390455514192581177e-01,-1.170895174145698547e-01,-2.716150283813476562e-01,1.544282026588916779e-02
3.212333917617797852e-01,1.390004158020019531e-01,4.560089409351348877e-01,1.997730135917663574e-01,6.665685176849365234e-01,6.365306973457336426e-01,2.185849845409393311e-01,2.143094092607498169e-01,0.000000000000000000e+00,7.401635646820068359e-01,3.702614828944206238e-02,1.432104408740997314e-01,1.350525021553039551e-02,1.760584712028503418e-01,4.506248533725738525e-01,4.490985870361328125e-01,-3.871636390686035156e-01,-1.373539268970489502e-01,2.481414824724197388e-01,3.355570435523986816e-01,8.314473181962966919e-02,3.399671241641044617e-02,-4.062784090638160706e-02,1.625004559755325317e-01,1.307161301374435425e-01,3.739785552024841309e-01,5.880472064018249512e-01,3.200539946556091309e-01,-2.131751626729965210e-01,-1.623415499925613403e-01,-3.399341925978660583e-02,-8.600696921348571777e-03,9.423750638961791992e-02,2.352617532014846802e-01,5.718497931957244873e-02,-1.968644708395004272e-01,-4.063594639301300049e-01,-3.710669875144958496e-01,2.246118895709514618e-02,-3.236498832702636719e-01,7.183588296175003052e-02,-1.122315600514411926e-01,-2.487487345933914185e-01,-2.361942827701568604e-01,-1.560565531253814697e-01,-5.050382763147354126e-02,-2.438686192035675049e-01,-1.800307482481002808e-01,-1.302075535058975220e-01,-1.460715234279632568e-01,-1.592512726783752441e-01,-1.162413656711578369e-01,-1.749733388423919678e-01,-2.052182406187057495e-01,-1.746040433645248413e-01,5.718890950083732605e-02,-3.146450221538543701e-02,1.858232170343399048e-01,3.939941227436065674e-01,2.946902215480804443e-01,2.606122493743896484e-01,2.469131350517272949e-01,1.206764876842498779e-01,6.249570846557617188e-02,1.398323476314544678e-01,1.480320096015930176e-01,2.966510951519012451e-01,2.850779294967651367e-01,3.115030825138092041e-01,2.275016754865646362e-01,2.723681032657623291e-01,3.056705892086029053e-01,6.337207555770874023e-02,-1.259679533541202545e-02,1.799439489841461182e-01,7.042136788368225098e-02,1.855554580688476562e-01,-2.304398268461227417e-02,2.567315101623535156e-02,-2.128099463880062103e-02,-4.536857083439826965e-02,-1.425866931676864624e-01,-1.058826297521591187e-01,-1.947694271802902222e-01,-6.576348096132278442e-02,6.532646715641021729e-02,2.091046720743179321e-01,4.578089714050292969e-02,5.235383287072181702e-02,-2.169382870197296143e-01,2.327246032655239105e-02,-9.787684679031372070e-02,1.352847814559936523e-01,-7.258876413106918335e-02,-8.454602211713790894e-02,7.111970335245132446e-02,-4.080962017178535461e-02,-2.110292464494705200e-01,1.626322604715824127e-02,-7.426074892282485962e-02,2.930580079555511475e-01,-4.439353570342063904e-02,2.026542276144027710e-01,1.513155102729797363e-01,8.293049782514572144e-02,3.894456103444099426e-02,3.197915256023406982e-01,2.871919870376586914e-01,-8.078373968601226807e-03,-1.447190046310424805e-01,-2.172493487596511841e-01,-1.610635519027709961e-01,-1.325081288814544678e-01,-1.965875923633575439e-01,1.965414732694625854e-02,-6.720825564116239548e-03
3.054141700267791748e-01,1.861768513917922974e-01,4.069285690784454346e-01,2.474396824836730957e-01,5.868593454360961914e-01,6.807832121849060059e-01,2.319659888744354248e-01,2.627819478511810303e-01,7.401635646820068359e-01,0.000000000000000000e+00,1.521368175745010376e-01,1.665782481431961060e-01,9.276016801595687866e-02,2.184499353170394897e-01,3.718347847461700439e-01,5.441532731056213379e-01,-3.275850713253021240e-01,-1.410305500030517578e-01,2.173742949962615967e-01,3.441337347030639648e-01,7.345738261938095093e-02,1.514473408460617065e-01,-4.431983083486557007e-02,1.799613833427429199e-01,2.188046276569366455e-01,3.859133422374725342e-01,5.629436969757080078e-01,3.005260527133941650e-01,-1.066124811768531799e-01,-1.465675532817840576e-01,4.262522608041763306e-02,1.252997219562530518e-01,1.319793611764907837e-01,3.140183985233306885e-01,7.607740163803100586e-02,-2.017197310924530029e-01,-4.015352427959442139e-01,-3.575297296047210693e-01,-4.467219859361648560e-02,-3.327810764312744141e-01,1.390635669231414795e-01,-1.236567646265029907e-01,-2.387881129980087280e-01,-2.637144923210144043e-01,-1.920010894536972046e-01,-6.574829667806625366e-02,-2.391349822282791138e-01,-1.814694404602050781e-01,-1.875807642936706543e-01,-2.105540931224822998e-01,-2.597808241844177246e-01,-1.616774052381515503e-01,-3.200057744979858398e-01,-2.174009382724761963e-01,-2.866356968879699707e-01,5.201294273138046265e-02,3.972823172807693481e-02,2.406805902719497681e-01,3.547438383102416992e-01,2.393488585948944092e-01,2.134892940521240234e-01,2.906180024147033691e-01,1.673567295074462891e-01,8.660513162612915039e-02,7.541284710168838501e-02,2.035706043243408203e-01,2.531212866306304932e-01,2.726601958274841309e-01,2.746396362781524658e-01,1.750854104757308960e-01,2.240397036075592041e-01,3.562747240066528320e-01,5.061290040612220764e-02,-6.881663203239440918e-02,1.967437267303466797e-01,1.083525940775871277e-01,1.013277918100357056e-01,-8.860500156879425049e-02,-3.392487764358520508e-02,6.772370636463165283e-02,-5.204851180315017700e-02,-1.210605278611183167e-01,-3.008128143846988678e-02,-1.677200794219970703e-01,-1.321557313203811646e-01,2.100093215703964233e-01,1.476337015628814697e-01,1.037157028913497925e-01,3.227209299802780151e-02,-1.349063813686370850e-01,-2.480529807507991791e-02,-1.369284540414810181e-01,1.252075284719467163e-01,-5.084817763417959213e-03,-7.726515829563140869e-02,-1.389392092823982239e-02,-7.799143344163894653e-02,-1.668631434440612793e-01,-1.664707623422145844e-02,-1.492377370595932007e-01,1.890991628170013428e-01,-4.500082507729530334e-02,6.676417589187622070e-02,5.560253933072090149e-02,3.915686532855033875e-02,-1.885079406201839447e-02,3.158854246139526367e-01,3.136825561523437500e-01,-4.181087017059326172e-02,-1.507962644100189209e-01,-2.176750004291534424e-01,-1.856793463230133057e-01,-1.397523730993270874e-01,-2.407335937023162842e-01,-1.361005008220672607e-02,-4.153751581907272339e-02
1.682224422693252563e-01,3.990196287631988525e-01,9.587404876947402954e-02,1.943472921848297119e-01,-1.648314744234085083e-01,-4.688128083944320679e-02,3.571108281612396240e-01,4.136888384819030762e-01,3.702614828944206238e-02,1.521368175745010376e-01,0.000000000000000000e+00,4.349013268947601318e-01,5.673807859420776367e-01,4.028451144695281982e-01,-1.175111532211303711e-01,-3.296190500259399414e-02,7.224277406930923462e-02,2.822525799274444580e-01,2.167977839708328247e-01,3.521697819232940674e-01,-1.663219332695007324e-01,5.936957895755767822e-02,1.452980637550354004e-01,6.321054697036743164e-02,8.649323880672454834e-02,-4.130950570106506348e-02,-1.548517644405364990e-01,-3.097470700740814209e-01,5.062667727470397949e-01,2.181768566370010376e-01,2.867773175239562988e-01,2.590794563293457031e-01,3.953590989112854004e-01,5.213265419006347656e-01,-5.434813909232616425e-03,-9.005415439605712891e-02,-2.932680547237396240e-01,-3.950679004192352295e-01,-3.182409107685089111e-01,-3.860477209091186523e-01,1.620350480079650879e-01,-9.466479718685150146e-02,5.040879175066947937e-02,-3.573149815201759338e-02,-9.631485678255558014e-03,2.858751416206359863e-01,4.269760474562644958e-02,-1.401716470718383789e-02,1.085809096693992615e-01,3.257476165890693665e-02,-2.035153098404407501e-02,1.872265152633190155e-02,-2.011482268571853638e-01,-2.156222984194755554e-02,-1.114313378930091858e-01,2.772542461752891541e-02,3.975848257541656494e-01,4.273968338966369629e-01,-3.088622353971004486e-02,-2.811731100082397461e-01,3.350028395652770996e-01,3.305812180042266846e-01,4.045802354812622070e-01,4.328146576881408691e-01,-3.237611055374145508e-02,7.631555944681167603e-02,2.852408774197101593e-02,1.663264781236648560e-01,2.248651534318923950e-01,1.122550815343856812e-01,7.149613648653030396e-02,1.886894404888153076e-01,1.580887436866760254e-01,7.673624902963638306e-02,1.648859530687332153e-01,2.251074165105819702e-01,4.574498534202575684e-02,-1.227784249931573868e-02,6.947068125009536743e-02,2.125990837812423706e-01,2.088917940855026245e-01,6.390361487865447998e-02,-8.464052341878414154e-03,-2.111880928277969360e-01,-2.086406648159027100e-01,8.545468002557754517e-02,-2.729955017566680908e-01,-2.888252437114715576e-01,7.281593978404998779e-02,-2.076397538185119629e-01,5.040706321597099304e-02,-3.104680776596069336e-02,1.121069192886352539e-01,1.128506138920783997e-01,-2.398775815963745117e-01,-1.643544435501098633e-01,-1.223327741026878357e-01,-2.596420347690582275e-01,-1.082955393940210342e-03,-2.342091947793960571e-01,-2.062478065490722656e-01,-2.322034537792205811e-01,-2.550809383392333984e-01,-3.018051683902740479e-01,-9.233804792165756226e-02,-1.878403127193450928e-01,-4.114874824881553650e-02,1.939585804939270020e-01,-1.350490450859069824e-01,-1.550519615411758423e-01,-2.532147765159606934e-01,1.135686412453651428e-01,9.096699208021163940e-02,3.039108589291572571e-03,-7.875236868858337402e-02,-9.777750074863433838e-02
1.495603919029235840e-01,2.653831839561462402e-01,1.358693391084671021e-01,1.722597926855087280e-01,7.080594450235366821e-02,9.345460683107376099e-02,2.640146315097808838e-01,4.051994979381561279e-01,1.432104408740997314e-01,1.665782481431961060e-01,4.349013268947601318e-01,0.000000000000000000e+00,4.716073870658874512e-01,7.167007327079772949e-01,1.760612726211547852e-01,2.495615780353546143e-01,8.878006786108016968e-02,3.252397775650024414e-01,1.685889065265655518e-01,1.260755211114883423e-01,1.230646390467882156e-02,7.554854452610015869e-02,4.417982697486877441e-02,1.032733544707298279e-01,1.791756786406040192e-02,4.753580689430236816e-02,-1.034810096025466919e-01,-5.280378088355064392e-02,2.363129109144210815e-01,1.267400085926055908e-01,1.055352985858917236e-01,1.440641283988952637e-01,3.623093068599700928e-01,3.824942409992218018e-01,-4.743131622672080994e-02,-3.630059957504272461e-02,-2.033594846725463867e-01,-2.386815100908279419e-01,-2.284030318260192871e-01,-2.097668498754501343e-01,3.044120967388153076e-02,-5.740507692098617554e-02,-1.610523313283920288e-01,-1.267143785953521729e-01,-1.166190430521965027e-01,1.409255117177963257e-01,-9.569999575614929199e-02,-2.351118177175521851e-01,1.409109961241483688e-02,1.306264996528625488e-01,2.424696832895278931e-02,6.253319978713989258e-02,-1.341538578271865845e-01,-1.571010053157806396e-01,-2.365449070930480957e-01,-1.066221445798873901e-01,1.050925180315971375e-01,2.063472121953964233e-01,1.015035063028335571e-01,1.859604148194193840e-03,3.870629668235778809e-01,3.917201757431030273e-01,4.104660451412200928e-01,4.967201352119445801e-01,5.712835490703582764e-02,1.243804246187210083e-01,-5.316346138715744019e-02,1.096705570816993713e-01,9.427586570382118225e-03,-1.289973855018615723e-01,1.521722376346588135e-01,2.666113674640655518e-01,2.267376929521560669e-01,1.626322567462921143e-01,5.410989001393318176e-02,1.765110716223716736e-02,1.516779214143753052e-01,9.201742708683013916e-02,9.557066857814788818e-02,5.714730918407440186e-02,2.619779407978057861e-01,1.676772087812423706e-01,-6.375434994697570801e-02,-1.222073882818222046e-01,6.748944520950317383e-02,1.316224634647369385e-01,-2.208638638257980347e-01,-2.888108193874359131e-01,5.037706345319747925e-02,-1.506912708282470703e-01,4.187415540218353271e-02,-9.302013367414474487e-02,2.246866375207901001e-02,-2.693718671798706055e-02,-1.763436496257781982e-01,-4.482154920697212219e-02,-8.916050195693969727e-02,-2.354932129383087158e-01,-1.008460968732833862e-01,-1.834199726581573486e-01,6.213001906871795654e-02,2.203503623604774475e-02,-1.219954863190650940e-01,-1.464687883853912354e-01,-1.341314166784286499e-01,-1.381739526987075806e-01,9.521351754665374756e-02,2.366993725299835205e-01,-1.830700933933258057e-01,-1.388994306325912476e-01,-1.819354891777038574e-01,1.676316708326339722e-01,-1.502828449010848999e-01,-5.333909392356872559e-02,-1.726069301366806030e-01,-1.383311599493026733e-01
1.173232793807983398e-01,3.411187529563903809e-01,1.048877537250518799e-01,2.875414490699768066e-01,-9.881470352411270142e-02,2.392436563968658447e-02,5.037859678268432617e-01,4.584004580974578857e-01,1.350525021553039551e-02,9.276016801595687866e-02,5.673807859420776367e-01,4.716073870658874512e-01,0.000000000000000000e+00,4.926647543907165527e-01,1.611481308937072754e-01,9.851460158824920654e-02,-6.079788133502006531e-02,1.015406250953674316e-01,2.566106617450714111e-01,1.728434860706329346e-01,4.871669411659240723e-02,1.237698048353195190e-01,4.398093521595001221e-01,1.958815753459930420e-01,2.561271190643310547e-01,6.611926108598709106e-02,-1.664760559797286987e-01,-2.978008985519409180e-01,2.949387133121490479e-01,1.336841657757759094e-02,2.643936574459075928e-01,2.550366520881652832e-01,5.050384402275085449e-01,5.222521424293518066e-01,1.482515037059783936e-01,-9.303347021341323853e-02,-2.037793099880218506e-01,-3.352197110652923584e-01,-2.099395692348480225e-01,-2.876119613647460938e-01,2.210065126419067383e-01,4.119882732629776001e-02,-1.352892816066741943e-01,-2.825864553451538086e-01,-1.335450559854507446e-01,2.393734902143478394e-01,-1.511255204677581787e-01,-3.005518913269042969e-01,7.588954269886016846e-02,2.727156132459640503e-02,-3.691581077873706818e-03,5.296132713556289673e-02,-1.943884938955307007e-01,-5.567432940006256104e-02,-2.295250892639160156e-01,-1.459917128086090088e-01,2.260714769363403320e-01,2.273743748664855957e-01,-5.162702873349189758e-02,-2.732272446155548096e-01,3.893313407897949219e-01,3.821240663528442383e-01,1.452009230852127075e-01,1.306925863027572632e-01,2.361053377389907837e-01,2.134409993886947632e-01,-1.277230829000473022e-01,2.290513366460800171e-02,7.541607320308685303e-02,-5.403229221701622009e-02,2.193611711263656616e-01,3.421503901481628418e-01,2.151306271553039551e-01,1.286910176277160645e-01,2.075429856777191162e-01,2.266355156898498535e-01,7.650155574083328247e-02,1.069412976503372192e-01,-2.127762325108051300e-02,2.127571403980255127e-01,1.718822419643402100e-01,1.091036293655633926e-02,5.025520175695419312e-02,-1.863103210926055908e-01,4.551589023321866989e-03,3.936804458498954773e-02,-3.215485811233520508e-01,-3.526113033294677734e-01,1.913273930549621582e-01,-8.194914460182189941e-02,4.164912551641464233e-02,1.694472432136535645e-01,2.522711753845214844e-01,3.672586381435394287e-01,-2.898905873298645020e-01,-1.583239138126373291e-01,-2.513662874698638916e-01,-3.922030925750732422e-01,-1.925242692232131958e-01,-4.455223679542541504e-01,-3.182946741580963135e-01,-3.820676729083061218e-02,-5.070280432701110840e-01,-4.732716679573059082e-01,-2.899746000766754150e-01,-3.246672153472900391e-01,-3.516822680830955505e-02,2.100945077836513519e-02,-2.896066009998321533e-01,-1.907436996698379517e-01,-3.841169178485870361e-01,1.420737802982330322e-01,1.005295068025588989e-01,4.422020167112350464e-03,-3.126347064971923828e-01,-7.634025067090988159e-02
