0.000000000000000000e+00,7.020395398139953613e-01,1.678366959095001221e-01,4.068424105644226074e-01,-4.296695441007614136e-02,1.932510733604431152e-01,6.526532024145126343e-02,-2.102138847112655640e-02,-2.504930198192596436e-01,5.467242002487182617e-02,1.056656092405319214e-01,2.479154765605926514e-01,-2.524833679199218750e-01,-5.129386186599731445e-01,-2.533143572509288788e-02,1.823038756847381592e-01,6.977852433919906616e-02,-5.255487188696861267e-02,6.442270874977111816e-01,5.433577299118041992e-01,4.922583401203155518e-01,4.132856428623199463e-01,2.549401223659515381e-01,1.762729138135910034e-01,7.811564952135086060e-02,5.420888308435678482e-03,3.823249340057373047e-01,2.681515514850616455e-01,1.646073162555694580e-01,-3.225658237934112549e-01,1.654180139303207397e-01,2.988028228282928467e-01,4.892546236515045166e-01,4.718498885631561279e-01,9.781858325004577637e-02,8.677319437265396118e-02,2.835166826844215393e-02,7.127406448125839233e-02,3.108260631561279297e-01,3.423469066619873047e-01,2.071122229099273682e-01,3.375776112079620361e-01,-4.229843914508819580e-01,-3.341325223445892334e-01,-5.436818003654479980e-01,-6.077684164047241211e-01,-4.122975170612335205e-01,-2.152318358421325684e-01,-6.166874766349792480e-01,-5.064843893051147461e-01,-6.560878753662109375e-01,-5.936096310615539551e-01,-4.871120750904083252e-01,-2.031795233488082886e-01,-1.733126044273376465e-01,1.272329688072204590e-01,6.084370017051696777e-01,6.042491197586059570e-01,3.169151246547698975e-01,3.351519107818603516e-01,4.567934870719909668e-01,3.242205083370208740e-01,5.161944627761840820e-01,3.658269047737121582e-01,7.824599742889404297e-02,-3.394691050052642822e-01,2.471099048852920532e-01,8.109895139932632446e-02,5.923846364021301270e-01,2.980595163535326719e-04,4.000196456909179688e-01,4.070455431938171387e-01,3.385834693908691406e-01,3.172810375690460205e-02,2.893821895122528076e-01,-6.965134292840957642e-03,3.522668480873107910e-01,3.018923401832580566e-01,-3.609177470207214355e-01,2.747959792613983154e-01,-1.198730524629354477e-02,-1.028417423367500305e-01,-1.298229955136775970e-02,3.765601813793182373e-01,-3.382454812526702881e-01,-4.156188070774078369e-01,3.374297618865966797e-01,4.822313785552978516e-01,-2.478351444005966187e-01,3.834694027900695801e-01,2.485451251268386841e-01,2.752617001533508301e-01,1.679469048976898193e-01,4.257182180881500244e-01,3.803406357765197754e-01,3.790357112884521484e-01,2.982380390167236328e-01,5.599756240844726562e-01,4.202079474925994873e-01,4.352548718452453613e-01,2.707175910472869873e-01,1.512617319822311401e-01,5.762822628021240234e-01,6.048942804336547852e-01,3.426777720451354980e-01,4.828462898731231689e-01,4.159053564071655273e-01,4.035094380378723145e-01,3.355814516544342041e-01,-3.302094340324401855e-02,-2.191103696823120117e-01,-1.564438790082931519e-01,3.732541576027870178e-02,1.200195103883743286e-01,-2.460852563381195068e-01,3.608631491661071777e-01
7.020395398139953613e-01,0.000000000000000000e+00,1.418506801128387451e-01,5.151395201683044434e-01,-8.856689929962158203e-02,2.018430829048156738e-01,-3.492698818445205688e-02,1.414436548948287964e-01,-2.537210285663604736e-01,1.088925749063491821e-01,6.753633171319961548e-02,3.744200468063354492e-01,-3.712384402751922607e-01,-3.765689730644226074e-01,-9.767116606235504150e-02,2.083551287651062012e-01,5.635764077305793762e-02,6.740230321884155273e-02,5.337575078010559082e-01,6.510017514228820801e-01,4.908148050308227539e-01,4.873229563236236572e-01,2.161072045564651489e-01,2.792487740516662598e-01,1.095349490642547607e-01,2.332099713385105133e-02,3.722990453243255615e-01,2.517166137695312500e-01,1.757257878780364990e-01,-1.454601138830184937e-01,1.911706179380416870e-01,3.876086473464965820e-01,4.100030958652496338e-01,4.542725980281829834e-01,9.179540909826755524e-03,1.634596101939678192e-02,3.944637253880500793e-02,3.619059547781944275e-02,2.302392274141311646e-01,2.806264460086822510e-01,2.044860124588012695e-01,3.546788692474365234e-01,-4.664296805858612061e-01,-3.333202302455902100e-01,-5.985406041145324707e-01,-5.905691981315612793e-01,-4.062419533729553223e-01,-2.301795333623886108e-01,-6.190305352210998535e-01,-5.303156375885009766e-01,-6.217756867408752441e-01,-6.240059137344360352e-01,-4.745669960975646973e-01,-2.381784468889236450e-01,-1.014222577214241028e-01,8.932149410247802734e-02,5.844962596893310547e-01,6.832295060157775879e-01,3.159905672073364258e-01,3.594721853733062744e-01,3.219881355762481689e-01,2.244825512170791626e-01,5.408512353897094727e-01,4.562407433986663818e-01,-5.587903782725334167e-02,-4.372892379760742188e-01,9.640768915414810181e-02,2.874068170785903931e-02,5.708060860633850098e-01,6.341621279716491699e-02,4.563056230545043945e-01,4.361222386360168457e-01,3.484953641891479492e-01,1.517544835805892944e-01,2.785971462726593018e-01,4.491821862757205963e-03,2.972997128963470459e-01,3.188384175300598145e-01,-3.395960927009582520e-01,1.547707319259643555e-01,1.593771763145923615e-02,-9.332350641489028931e-02,-1.543067023158073425e-02,3.328880071640014648e-01,-2.758854627609252930e-01,-5.199398994445800781e-01,3.454397916793823242e-01,4.974588751792907715e-01,-2.002827972173690796e-01,2.994904518127441406e-01,2.683275341987609863e-01,1.727851182222366333e-01,1.888684034347534180e-01,3.812654614448547363e-01,3.334748744964599609e-01,3.465377390384674072e-01,2.944105863571166992e-01,4.755311906337738037e-01,4.137308299541473389e-01,3.306297659873962402e-01,3.682377040386199951e-01,1.603055447340011597e-01,6.357666850090026855e-01,5.909968614578247070e-01,4.561837911605834961e-01,4.452114105224609375e-01,4.114590287208557129e-01,3.868736326694488525e-01,3.000252246856689453e-01,4.451022017747163773e-03,-3.611558377742767334e-01,-1.852464973926544189e-01,-2.361715398728847504e-02,1.334551870822906494e-01,-2.423533648252487183e-01,3.568309545516967773e-01
1.678366959095001221e-01,1.418506801128387451e-01,0.000000000000000000e+00,4.741124510765075684e-01,2.882946431636810303e-01,-2.507455646991729736e-01,5.417246818542480469e-01,4.258735179901123047e-01,-1.590905934572219849e-01,-3.895889818668365479e-01,2.582788094878196716e-02,4.118456505239009857e-03,1.420712769031524658e-01,1.284929960966110229e-01,-5.565865635871887207e-01,-4.864410459995269775e-01,-2.071925103664398193e-01,-1.774616688489913940e-01,4.448049664497375488e-01,3.806773722171783447e-01,1.495908051729202271e-01,4.935511946678161621e-02,5.829157829284667969e-01,5.307074189186096191e-01,4.482763409614562988e-01,4.482902586460113525e-01,-9.580526500940322876e-02,-3.014073371887207031e-01,-6.478977203369140625e-02,-4.978488385677337646e-02,4.100456833839416504e-01,4.351805448532104492e-01,2.810414135456085205e-01,3.642832636833190918e-01,1.276860237121582031e-01,2.008674144744873047e-01,-3.768005371093750000e-01,-3.149425387382507324e-01,-1.686744391918182373e-01,-1.336492747068405151e-01,-2.135012745857238770e-01,-5.454862117767333984e-02,7.328651845455169678e-02,7.233037799596786499e-02,-6.519545614719390869e-02,-1.310991495847702026e-01,2.722836658358573914e-02,1.865180283784866333e-01,-8.325593173503875732e-02,-1.262810677289962769e-01,-6.527516059577465057e-03,-3.315023705363273621e-02,2.402353286743164062e-01,3.745529055595397949e-01,1.615038365125656128e-01,3.052270412445068359e-01,2.045619636774063110e-01,2.002768032252788544e-02,2.894739210605621338e-01,-2.828979194164276123e-01,1.264843344688415527e-01,-2.424914576113224030e-02,-1.176653578877449036e-01,-1.694526076316833496e-01,2.842098474502563477e-01,-1.305814534425735474e-01,1.776530146598815918e-01,-5.237879604101181030e-02,3.353942930698394775e-01,4.292416870594024658e-01,3.450424671173095703e-01,2.785085141658782959e-01,2.900393307209014893e-02,7.200668752193450928e-02,-5.683989077806472778e-02,-4.458233714103698730e-02,-6.584063638001680374e-03,4.788298159837722778e-02,-2.520467042922973633e-01,1.212074309587478638e-01,-1.619989871978759766e-01,-3.384065032005310059e-01,-3.394751846790313721e-01,-1.990216225385665894e-01,-6.373801082372665405e-02,-2.400228530168533325e-01,-4.115188121795654297e-02,7.211982458829879761e-02,2.632373571395874023e-01,2.897619903087615967e-01,3.112999498844146729e-01,1.547686010599136353e-01,1.786354929208755493e-01,2.041368782520294189e-01,-2.672280669212341309e-01,-2.780874967575073242e-01,-3.801129460334777832e-01,-2.433468773961067200e-02,1.950998008251190186e-01,1.724058389663696289e-01,-4.419027268886566162e-02,2.499873042106628418e-01,1.450523883104324341e-01,6.573101878166198730e-02,2.774263918399810791e-02,1.389814913272857666e-01,-1.306310147047042847e-01,-1.430323123931884766e-01,-2.626625001430511475e-01,-3.472319245338439941e-01,-4.940994083881378174e-01,2.072624862194061279e-01,1.244975626468658447e-02,4.076794981956481934e-01,2.499258667230606079e-01,-1.778537184000015259e-01
4.068424105644226074e-01,5.151395201683044434e-01,4.741124510765075684e-01,0.000000000000000000e+00,5.852713808417320251e-02,4.043978825211524963e-02,1.665793657302856445e-01,4.137699306011199951e-01,-1.748463213443756104e-01,-1.053120344877243042e-01,-8.540951460599899292e-02,2.853302955627441406e-01,-2.242691963911056519e-01,-1.104169785976409912e-01,-3.033222258090972900e-01,-4.080460965633392334e-02,-1.880861520767211914e-01,-6.970544159412384033e-02,5.287566184997558594e-01,6.685180068016052246e-01,3.075337111949920654e-01,2.585916817188262939e-01,4.971594810485839844e-01,4.785019457340240479e-01,2.181830406188964844e-01,1.854204237461090088e-01,5.140238255262374878e-02,-6.760870665311813354e-02,-1.393813341856002808e-01,-4.697769880294799805e-02,2.775851488113403320e-01,4.299393892288208008e-01,3.216958343982696533e-01,3.164843320846557617e-01,2.100530080497264862e-02,9.760535508394241333e-02,-2.343876808881759644e-01,-2.327781170606613159e-01,-1.873136162757873535e-01,-1.297498941421508789e-01,-1.451924294233322144e-01,4.608492180705070496e-02,-2.125194221735000610e-01,-2.851522713899612427e-02,-4.317816495895385742e-01,-4.167736172676086426e-01,-1.074446886777877808e-01,4.959287866950035095e-02,-3.910955190658569336e-01,-3.819304108619689941e-01,-3.307876884937286377e-01,-3.848732709884643555e-01,-6.167651712894439697e-02,1.456019431352615356e-01,1.081590577960014343e-01,2.906508743762969971e-01,3.352311551570892334e-01,3.004326522350311279e-01,4.838100671768188477e-01,1.011275425553321838e-01,1.980466693639755249e-01,5.031346902251243591e-02,1.540919542312622070e-01,4.224985092878341675e-02,1.427245438098907471e-01,-3.307065963745117188e-01,1.268247663974761963e-01,-4.662099853157997131e-02,5.400832891464233398e-01,2.617670893669128418e-01,3.286960721015930176e-01,3.468192219734191895e-01,1.399351656436920166e-01,2.558149695396423340e-01,1.006193384528160095e-01,3.533421829342842102e-02,9.234543889760971069e-02,1.080622822046279907e-01,-3.424281775951385498e-01,-4.434131830930709839e-02,-2.495188415050506592e-01,-3.077875673770904541e-01,-2.780998945236206055e-01,-2.650019526481628418e-02,-2.090536803007125854e-01,-5.948490500450134277e-01,1.358995586633682251e-01,2.682497501373291016e-01,3.760102763772010803e-02,2.567660510540008545e-01,4.431148171424865723e-01,1.834833174943923950e-01,3.307453393936157227e-01,3.397479951381683350e-01,-9.021624922752380371e-03,-1.427608262747526169e-02,-4.421295598149299622e-02,2.642692327499389648e-01,4.202840924263000488e-01,2.825074195861816406e-01,2.869359552860260010e-01,2.255388349294662476e-01,5.144973993301391602e-01,4.796040952205657959e-01,4.097827374935150146e-01,4.224020838737487793e-01,1.910289525985717773e-01,2.007812261581420898e-01,2.587335743010044098e-02,-1.945749819278717041e-01,-4.995306730270385742e-01,3.852564096450805664e-02,-3.693302720785140991e-02,4.106384515762329102e-01,8.957947604358196259e-03,1.957757025957107544e-01
-4.296695441007614136e-02,-8.856689929962158203e-02,2.882946431636810303e-01,5.852713808417320251e-02,0.000000000000000000e+00,-1.699966145679354668e-03,7.555507123470306396e-02,-2.069143811240792274e-03,3.053534328937530518e-01,-3.124771416187286377e-01,-3.241793513298034668e-01,-4.592365771532058716e-02,1.463593244552612305e-01,1.096029803156852722e-01,-2.743240594863891602e-01,-3.281467854976654053e-01,-2.649333141744136810e-02,-4.027438908815383911e-02,2.326529473066329956e-02,-5.441047251224517822e-02,2.914904952049255371e-01,1.723459362983703613e-01,1.992419064044952393e-01,2.510281801223754883e-01,5.744405984878540039e-01,5.801423788070678711e-01,2.195297032594680786e-01,8.603628724813461304e-02,-1.792300306260585785e-02,5.627171322703361511e-02,3.772510588169097900e-01,3.724912405014038086e-01,2.282674312591552734e-01,1.153371483087539673e-01,7.478593289852142334e-02,7.097022980451583862e-02,9.107897058129310608e-03,3.762220218777656555e-02,6.620417535305023193e-02,1.092764735221862793e-01,1.769575625658035278e-01,2.065874934196472168e-01,1.722913086414337158e-01,1.217118054628372192e-01,1.830714046955108643e-01,1.340680271387100220e-01,1.136567071080207825e-01,1.723521053791046143e-01,1.140324622392654419e-01,1.883276104927062988e-01,1.361331087537109852e-03,5.714217945933341980e-02,1.644188351929187775e-02,6.937740743160247803e-02,1.234501898288726807e-01,1.172502264380455017e-01,-5.027751997113227844e-02,-1.141297221183776855e-01,-5.334561690688133240e-02,-1.657124310731887817e-01,-1.432740688323974609e-01,-2.133349180221557617e-01,-1.368939876556396484e-01,-5.549687892198562622e-02,1.225360259413719177e-01,-5.715156719088554382e-02,1.819211542606353760e-01,9.611226618289947510e-02,-1.014795526862144470e-01,1.476340889930725098e-01,1.407430320978164673e-01,2.121950387954711914e-01,1.391032785177230835e-01,1.102473065257072449e-01,-1.067820489406585693e-01,2.079969793558120728e-01,-2.753270603716373444e-02,7.837908715009689331e-02,-5.922770127654075623e-02,6.287853419780731201e-02,-7.708110660314559937e-02,2.344139292836189270e-02,8.102467656135559082e-02,7.913029938936233521e-02,-4.110933840274810791e-02,1.177639290690422058e-01,1.646357178688049316e-01,7.890167832374572754e-02,1.103858500719070435e-01,1.597229242324829102e-01,-7.139723002910614014e-02,1.215908117592334747e-02,-3.748031798750162125e-03,7.822241634130477905e-02,-1.762509532272815704e-02,-5.801019072532653809e-02,-2.312056720256805420e-01,-1.236371621489524841e-01,-2.335589379072189331e-02,-1.490641385316848755e-02,-1.578742116689682007e-01,9.181904792785644531e-02,-1.202492788434028625e-02,-3.250050917267799377e-02,-1.237612143158912659e-01,-7.664442062377929688e-02,-3.068226948380470276e-02,2.572262287139892578e-02,-1.292558666318655014e-02,-2.485055178403854370e-01,-1.955228745937347412e-01,4.748360440135002136e-02,9.393499791622161865e-02,3.280048072338104248e-02,-2.889588009566068649e-03,-2.091433480381965637e-02
1.932510733604431152e-01,2.018430829048156738e-01,-2.507455646991729736e-01,4.043978825211524963e-02,-1.699966145679354668e-03,0.000000000000000000e+00,-4.035964608192443848e-01,-2.415587455034255981e-01,-9.691284038126468658e-03,6.552032828330993652e-01,-2.208308130502700806e-01,8.838931471109390259e-02,-4.321360290050506592e-01,-4.520483016967773438e-01,2.601356506347656250e-01,6.200377941131591797e-01,-3.141482546925544739e-02,-1.464308332651853561e-02,1.643501408398151398e-02,-5.211907625198364258e-02,2.392930835485458374e-01,2.341862767934799194e-01,-3.920367732644081116e-02,1.950053684413433075e-02,-1.153627112507820129e-01,-1.921684592962265015e-01,5.321795940399169922e-01,6.087828278541564941e-01,1.472412496805191040e-01,-1.977991312742233276e-01,-1.091698408126831055e-01,1.955916918814182281e-02,7.110136002302169800e-02,3.658955171704292297e-02,8.270380645990371704e-02,4.518967494368553162e-02,2.549597322940826416e-01,2.002293467521667480e-01,2.336732745170593262e-01,2.168855518102645874e-01,3.521082103252410889e-01,2.023316770792007446e-01,-4.211692214012145996e-01,-3.638365268707275391e-01,-2.497734427452087402e-01,-2.921957969665527344e-01,-3.655183613300323486e-01,-3.724005818367004395e-01,-2.458477318286895752e-01,-1.637658029794692993e-01,-3.415941298007965088e-01,-2.642683684825897217e-01,-4.006261527538299561e-01,-3.466845750808715820e-01,-2.092539966106414795e-01,-2.035663723945617676e-01,-1.415843516588211060e-02,4.486148804426193237e-02,-1.390630304813385010e-01,1.430051624774932861e-01,-2.365660108625888824e-02,-1.097400323487818241e-03,1.659022420644760132e-01,1.860506832599639893e-01,5.803518369793891907e-02,2.017596177756786346e-02,1.428357213735580444e-01,1.193440109491348267e-01,-2.489389292895793915e-02,-1.719720214605331421e-01,4.031008854508399963e-02,9.853393584489822388e-02,1.369429975748062134e-01,-1.439788788557052612e-01,2.317334339022636414e-02,-7.763578742742538452e-02,8.219634741544723511e-02,6.202875450253486633e-02,-1.248315796256065369e-01,-6.242415681481361389e-02,-8.001028001308441162e-02,4.350740835070610046e-02,1.516406238079071045e-01,1.696282029151916504e-01,-2.387398034334182739e-01,-1.720781922340393066e-01,1.584415286779403687e-01,1.210674196481704712e-01,-4.282722771167755127e-01,-1.595849394798278809e-01,-1.161442622542381287e-01,-1.355000436305999756e-01,5.689195822924375534e-03,7.921773358248174191e-04,2.872027456760406494e-01,2.615172863006591797e-01,2.576235234737396240e-01,1.296366751194000244e-01,5.118627473711967468e-02,-1.032208204269409180e-01,9.378187358379364014e-02,-8.633928000926971436e-02,2.599773406982421875e-01,1.397647708654403687e-01,2.091850638389587402e-01,1.769184321165084839e-01,2.179834842681884766e-01,3.029197156429290771e-01,2.274592965841293335e-01,1.872936487197875977e-01,-3.818313777446746826e-02,-2.523981034755706787e-01,-9.849563986063003540e-02,-1.537118554115295410e-01,-2.180404365062713623e-01,2.654029130935668945e-01
6.526532024145126343e-02,-3.492698818445205688e-02,5.417246818542480469e-01,1.665793657302856445e-01,7.555507123470306396e-02,-4.035964608192443848e-01,0.000000000000000000e+00,5.257186889648437500e-01,3.435501828789710999e-02,-3.789244592189788818e-01,3.228553831577301025e-01,1.701731979846954346e-02,4.321223497390747070e-01,2.942302525043487549e-01,-2.261554449796676636e-01,-4.600679874420166016e-01,-1.910938471555709839e-01,-1.855370849370956421e-01,2.951915562152862549e-01,1.670214235782623291e-01,-1.823134124279022217e-01,-2.455555349588394165e-01,2.851632237434387207e-01,3.939143568277359009e-02,1.289070099592208862e-01,2.060674726963043213e-01,-3.069354295730590820e-01,-4.605561494827270508e-01,-8.632729202508926392e-02,6.179146096110343933e-02,2.148071378469467163e-01,1.106876060366630554e-01,6.936427205801010132e-02,1.816701292991638184e-01,-4.307813569903373718e-02,2.473868615925312042e-02,-4.362424910068511963e-01,-3.642148673534393311e-01,-1.689886301755905151e-01,-2.498666942119598389e-01,-3.397080302238464355e-01,-2.722779512405395508e-01,1.712596789002418518e-02,-8.027102798223495483e-02,-1.998941600322723389e-02,-5.130871012806892395e-02,-1.140730753540992737e-01,-2.796948328614234924e-02,5.346341058611869812e-02,-9.436923265457153320e-02,1.412021517753601074e-01,8.710067719221115112e-02,2.262824475765228271e-01,2.346452027559280396e-01,-7.953108847141265869e-02,-2.935531549155712128e-02,1.655667573213577271e-01,6.666833162307739258e-02,1.609029918909072876e-01,-7.639062404632568359e-02,3.517547547817230225e-01,3.935634493827819824e-01,-2.521064504981040955e-02,-7.965701073408126831e-02,3.764789178967475891e-02,2.515559270977973938e-02,-6.876572966575622559e-02,-1.945775747299194336e-01,1.878679692745208740e-01,1.422013640403747559e-01,2.082738578319549561e-01,1.708419770002365112e-01,-4.928288236260414124e-02,4.177085682749748230e-02,-2.971984818577766418e-02,-2.097094058990478516e-02,-8.550171554088592529e-02,-1.210986673831939697e-01,-3.355573117733001709e-02,1.665740013122558594e-01,6.576920300722122192e-02,-1.765775531530380249e-01,-3.976246416568756104e-01,-3.010970652103424072e-01,1.258125752210617065e-01,3.192831203341484070e-02,-1.976396441459655762e-01,-1.387921124696731567e-01,3.221137523651123047e-01,4.558308050036430359e-02,1.039912849664688110e-01,2.030102722346782684e-02,1.779958955012261868e-03,-2.938706986606121063e-02,-3.706164956092834473e-01,-3.592714071273803711e-01,-3.935178816318511963e-01,-1.174475997686386108e-01,-1.816569454967975616e-02,2.499133534729480743e-02,-2.360670417547225952e-01,5.699648708105087280e-02,-1.532070636749267578e-01,-1.494186371564865112e-01,-1.685902625322341919e-01,-9.735510498285293579e-02,-2.390335202217102051e-01,-2.519393563270568848e-01,-4.014697670936584473e-01,-2.760878205299377441e-01,-1.098954007029533386e-01,1.152670979499816895e-01,-3.785851597785949707e-02,1.382482200860977173e-01,1.517345756292343140e-01,-3.111066222190856934e-01
-2.102138847112655640e-02,1.414436548948287964e-01,4.258735179901123047e-01,4.137699306011199951e-01,-2.069143811240792274e-03,-2.415587455034255981e-01,5.257186889648437500e-01,0.000000000000000000e+00,-1.679792813956737518e-02,-2.390481829643249512e-01,1.956492811441421509e-01,3.370074629783630371e-01,2.553850412368774414e-01,4.092171490192413330e-01,-3.124930560588836670e-01,-3.125943243503570557e-01,-3.001314103603363037e-01,2.824001014232635498e-02,2.717498540878295898e-01,3.273466229438781738e-01,-1.828992664813995361e-01,-2.332180440425872803e-01,2.529904544353485107e-01,1.236882507801055908e-01,6.939678639173507690e-02,1.363662779331207275e-01,-2.979098856449127197e-01,-4.052822291851043701e-01,-2.367517501115798950e-01,2.463572174310684204e-01,1.249089986085891724e-01,1.551124453544616699e-01,-6.086285039782524109e-02,9.557367116212844849e-02,-2.192601114511489868e-01,-7.860603928565979004e-02,-4.244499802589416504e-01,-5.168637037277221680e-01,-3.412258028984069824e-01,-4.091885089874267578e-01,-3.225840330123901367e-01,-3.056847155094146729e-01,-3.284799680113792419e-02,-7.070593535900115967e-02,-1.890001147985458374e-01,-1.107716485857963562e-01,-3.485539555549621582e-02,-2.459691138938069344e-03,2.367251552641391754e-02,-1.391724795103073120e-01,1.662437319755554199e-01,2.241568081080913544e-02,3.413572311401367188e-01,2.882267236709594727e-01,1.608250886201858521e-01,1.661766320466995239e-02,6.074689328670501709e-02,8.148975670337677002e-02,2.760827839374542236e-01,1.527825463563203812e-02,2.876162827014923096e-01,3.706265985965728760e-01,-1.406711041927337646e-01,-3.514091670513153076e-02,-1.675350815057754517e-01,-9.950830042362213135e-02,-3.233103156089782715e-01,-3.846952319145202637e-01,2.251832783222198486e-01,1.493253707885742188e-01,1.974942982196807861e-01,1.926939338445663452e-01,-3.986449167132377625e-02,2.699336707592010498e-01,-4.599025472998619080e-02,1.061426848173141479e-02,-1.256606876850128174e-01,-6.953001767396926880e-02,4.761627409607172012e-03,-4.729340597987174988e-02,-4.317831993103027344e-02,-2.237761914730072021e-01,-3.898303210735321045e-01,-4.119472801685333252e-01,1.201177537441253662e-01,-2.660705447196960449e-01,-2.607832849025726318e-01,-2.084635347127914429e-01,3.589675128459930420e-01,-5.846171826124191284e-02,2.557666301727294922e-01,-1.037552282214164734e-01,1.180729344487190247e-01,-3.333026915788650513e-02,-4.075850844383239746e-01,-4.043080806732177734e-01,-3.716488182544708252e-01,-2.031624168157577515e-01,9.683625400066375732e-02,-5.743813887238502502e-02,-1.093917265534400940e-01,1.578113734722137451e-01,9.040797129273414612e-03,-1.058382913470268250e-01,3.602881729602813721e-02,-7.739417254924774170e-02,-2.367896884679794312e-01,-2.047250121831893921e-01,-3.906874656677246094e-01,-3.386360704898834229e-01,-2.919797301292419434e-01,1.232170760631561279e-01,-1.708010882139205933e-01,2.746464908123016357e-01,2.503134608268737793e-01,-2.567255496978759766e-01
-2.504930198192596436e-01,-2.537210285663604736e-01,-1.590905934572219849e-01,-1.748463213443756104e-01,3.053534328937530518e-01,-9.691284038126468658e-03,3.435501828789710999e-02,-1.679792813956737518e-02,0.000000000000000000e+00,-6.950215995311737061e-02,-2.064799964427947998e-01,2.873655594885349274e-02,2.167442888021469116e-01,1.906283497810363770e-01,1.694995313882827759e-01,-2.374581247568130493e-02,-8.409708738327026367e-03,3.514437004923820496e-02,-2.751106917858123779e-01,-1.840541958808898926e-01,-1.294246464967727661e-01,-1.566272079944610596e-01,-1.287999153137207031e-01,-1.655431091785430908e-01,1.449979692697525024e-01,2.128054648637771606e-01,4.205427318811416626e-02,1.068792585283517838e-02,-1.181255280971527100e-01,2.088549286127090454e-01,7.813258469104766846e-02,-3.416857868432998657e-02,-1.728511005640029907e-01,-2.571789324283599854e-01,-8.034448325634002686e-02,-1.235439628362655640e-01,2.063236385583877563e-02,2.158365771174430847e-02,-2.821900136768817902e-02,-1.385916024446487427e-01,-3.043108806014060974e-02,-1.062638238072395325e-01,3.935844451189041138e-02,9.346043225377798080e-04,1.991811990737915039e-01,1.906304657459259033e-01,-3.293042257428169250e-02,-7.253181189298629761e-02,2.116956263780593872e-01,2.031703442335128784e-01,1.440661400556564331e-01,1.446688622236251831e-01,-1.635902002453804016e-02,-8.616308122873306274e-02,-7.612326741218566895e-02,-2.153712511062622070e-01,-1.053436547517776489e-01,-8.097395300865173340e-02,-8.654005825519561768e-02,2.849819324910640717e-02,-2.761470526456832886e-02,-4.011707380414009094e-03,-3.002933971583843231e-02,-7.560628652572631836e-02,-3.790838271379470825e-02,1.155755892395973206e-01,-1.087420359253883362e-01,-2.470583841204643250e-02,-2.538324892520904541e-01,-8.286730200052261353e-02,-1.579576283693313599e-01,-2.666742773726582527e-03,8.314748853445053101e-02,1.536536216735839844e-01,-6.078504398465156555e-02,1.082375273108482361e-01,-7.463918626308441162e-02,-9.400063753128051758e-02,1.806464195251464844e-01,-1.384085416793823242e-01,-2.921377681195735931e-02,1.456764340400695801e-01,-1.682960987091064453e-02,-5.670528113842010498e-02,1.088625118136405945e-01,2.798057794570922852e-01,7.526351511478424072e-02,-1.012151911854743958e-01,8.634784072637557983e-02,-2.028665244579315186e-01,-3.424712717533111572e-01,-1.416056305170059204e-01,-2.013929635286331177e-01,-1.496343463659286499e-01,-1.217342168092727661e-01,-1.419211179018020630e-01,-1.506379544734954834e-01,-2.224265187978744507e-01,-2.469104528427124023e-01,-1.774815320968627930e-01,-2.431124895811080933e-01,-1.499684154987335205e-01,-3.016619980335235596e-01,-1.682543307542800903e-01,-1.761315166950225830e-01,-2.036843597888946533e-01,-1.327533721923828125e-01,-1.625199685804545879e-03,-1.031293347477912903e-01,-6.184339150786399841e-02,1.000865548849105835e-01,-3.108298964798450470e-02,5.916870757937431335e-02,-1.846336573362350464e-01,-1.004747673869132996e-01,-4.482274875044822693e-02
5.467242002487182617e-02,1.088925749063491821e-01,-3.895889818668365479e-01,-1.053120344877243042e-01,-3.124771416187286377e-01,6.552032828330993652e-01,-3.789244592189788818e-01,-2.390481829643249512e-01,-6.950215995311737061e-02,0.000000000000000000e+00,8.520349860191345215e-02,-1.945297233760356903e-02,-3.914426863193511963e-01,-3.384029865264892578e-01,3.828158974647521973e-01,7.044130563735961914e-01,-5.423145741224288940e-02,-3.632040321826934814e-02,-1.021680012345314026e-01,-9.887172281742095947e-02,-1.449497789144515991e-02,5.223336443305015564e-02,-2.876506447792053223e-01,-2.014543861150741577e-01,-4.370221793651580811e-01,-5.062096118927001953e-01,2.764530479907989502e-01,3.819795250892639160e-01,8.636865019798278809e-02,-2.526535391807556152e-01,-3.295613825321197510e-01,-2.480719685554504395e-01,-1.288451254367828369e-01,-1.080754846334457397e-01,-1.350903883576393127e-02,-6.231212615966796875e-02,1.070401445031166077e-01,5.668634548783302307e-02,8.303786069154739380e-02,8.084303140640258789e-02,1.117876842617988586e-01,-5.171746015548706055e-02,-3.232828974723815918e-01,-2.881511449813842773e-01,-2.312665134668350220e-01,-2.351796925067901611e-01,-3.109440505504608154e-01,-3.398224413394927979e-01,-1.616489887237548828e-01,-2.117121070623397827e-01,-2.193767279386520386e-01,-1.748221814632415771e-01,-2.688113749027252197e-01,-2.756307721138000488e-01,-2.632695138454437256e-01,-3.029832839965820312e-01,-5.932919308543205261e-02,6.403082609176635742e-02,-1.816858202219009399e-01,1.089058443903923035e-01,1.429366692900657654e-02,6.430236250162124634e-02,1.053101196885108948e-01,1.006367132067680359e-01,-5.095268785953521729e-02,5.387404561042785645e-02,-1.051180996000766754e-02,-3.704105690121650696e-02,-8.280538767576217651e-02,-2.864673137664794922e-01,-8.125396817922592163e-02,-9.301144629716873169e-02,-4.587991163134574890e-02,-2.084241062402725220e-01,9.928916580975055695e-03,-2.103030234575271606e-01,-5.763107538223266602e-02,-1.206122115254402161e-01,-8.851355314254760742e-02,-1.362851709127426147e-01,-2.495685033500194550e-02,-7.358956616371870041e-03,1.642291806638240814e-02,4.364435561001300812e-03,-1.132982745766639709e-01,-1.327931284904479980e-01,-2.540364675223827362e-02,-3.544665127992630005e-02,-3.621326088905334473e-01,-2.737683355808258057e-01,-9.365765750408172607e-02,-1.591382026672363281e-01,-3.127808496356010437e-02,-1.001293286681175232e-01,1.523753851652145386e-01,1.604644954204559326e-01,2.602697610855102539e-01,7.006374001502990723e-02,-8.959671482443809509e-03,-1.447779536247253418e-01,1.009302437305450439e-01,-8.644556999206542969e-02,8.761665225028991699e-02,1.499642338603734970e-02,1.296709477901458740e-01,8.441811054944992065e-02,1.143093034625053406e-01,1.619876623153686523e-01,9.554277360439300537e-02,2.904166877269744873e-01,1.255247443914413452e-01,-1.678720414638519287e-01,-9.343282133340835571e-02,-1.680444329977035522e-01,-1.483333557844161987e-01,1.340368986129760742e-01
1.056656092405319214e-01,6.753633171319961548e-02,2.582788094878196716e-02,-8.540951460599899292e-02,-3.241793513298034668e-01,-2.208308130502700806e-01,3.228553831577301025e-01,1.956492811441421509e-01,-2.064799964427947998e-01,8.520349860191345215e-02,0.000000000000000000e+00,8.383224159479141235e-02,2.818496525287628174e-01,1.120570227503776550e-01,1.601412147283554077e-01,4.374174401164054871e-02,4.625783767551183701e-04,-1.152546424418687820e-02,9.834454953670501709e-02,2.435186132788658142e-02,-2.791296243667602539e-01,-2.628630697727203369e-01,-9.570246934890747070e-02,-2.264940291643142700e-01,-2.921617329120635986e-01,-2.706639766693115234e-01,-2.323600798845291138e-01,-2.456302344799041748e-01,1.194898188114166260e-01,-3.646227344870567322e-02,-6.409043818712234497e-02,-1.205456331372261047e-01,-1.615502871572971344e-02,1.157444342970848083e-01,-2.602146193385124207e-02,-3.459560498595237732e-02,-2.028298527002334595e-01,-2.089000344276428223e-01,-4.802989959716796875e-02,-5.041099712252616882e-02,-2.316199690103530884e-01,-2.356168925762176514e-01,-8.121936023235321045e-02,-1.492655724287033081e-01,-8.234049379825592041e-02,-6.606985628604888916e-02,-1.872719973325729370e-01,-1.797453910112380981e-01,7.498121703974902630e-04,-1.290264874696731567e-01,6.110319495201110840e-02,2.104531787335872650e-02,2.376624010503292084e-02,-2.238402701914310455e-02,-2.809192538261413574e-01,-2.170636355876922607e-01,1.230097562074661255e-01,2.056871056556701660e-01,9.408534318208694458e-02,1.049884855747222900e-01,4.445876181125640869e-01,4.405427575111389160e-01,1.298687160015106201e-01,4.301686957478523254e-02,-6.326443701982498169e-02,1.223568394780158997e-01,-6.804235279560089111e-02,-1.192749887704849243e-01,2.797815576195716858e-02,-2.177061885595321655e-01,9.254840761423110962e-02,1.896389015018939972e-02,-1.010596156120300293e-01,2.077688276767730713e-02,1.704586446285247803e-01,-1.219739541411399841e-01,8.544570952653884888e-02,-2.945496700704097748e-02,8.046433329582214355e-02,1.216371878981590271e-01,1.965642571449279785e-01,1.311559043824672699e-02,-1.925667077302932739e-01,-1.496552228927612305e-01,1.849141865968704224e-01,3.417527303099632263e-02,-2.253006547689437866e-01,-1.103412061929702759e-01,2.933120355010032654e-02,-1.463412791490554810e-01,-3.756904602050781250e-02,-7.928458601236343384e-02,-9.085363894701004028e-02,-1.629097014665603638e-01,-1.542971730232238770e-01,-1.132792681455612183e-01,-7.384414970874786377e-02,1.752767525613307953e-02,-1.168464645743370056e-01,-6.519792973995208740e-02,-1.092175170779228210e-01,-8.476255834102630615e-02,-1.176190078258514404e-01,-1.214982196688652039e-01,-1.911108493804931641e-01,-1.828690022230148315e-01,-1.079022809863090515e-01,-1.985650658607482910e-01,-2.394154220819473267e-01,-7.631156127899885178e-03,1.864632964134216309e-01,-9.337940812110900879e-02,-1.735008358955383301e-01,-1.101959422230720520e-01,-6.666968762874603271e-02,-2.231456786394119263e-01
2.479154765605926514e-01,3.744200468063354492e-01,4.118456505239009857e-03,2.853302955627441406e-01,-4.592365771532058716e-02,8.838931471109390259e-02,1.701731979846954346e-02,3.370074629783630371e-01,2.873655594885349274e-02,-1.945297233760356903e-02,8.383224159479141235e-02,0.000000000000000000e+00,7.881883531808853149e-02,4.551537707448005676e-02,2.604704163968563080e-02,1.474267244338989258e-01,-9.435895830392837524e-02,3.381512761116027832e-01,1.239982917904853821e-01,3.313748836517333984e-01,5.896532908082008362e-02,3.516641259193420410e-02,2.527838349342346191e-01,9.775504469871520996e-02,8.711254596710205078e-02,1.285472661256790161e-01,4.638547822833061218e-02,5.750537663698196411e-02,-3.233057260513305664e-02,3.572230935096740723e-01,2.470777481794357300e-01,2.448349893093109131e-01,1.099556237459182739e-01,1.556048244237899780e-01,-4.487261921167373657e-02,-2.509058639407157898e-02,-5.938298255205154419e-02,-1.475341022014617920e-01,1.529209613800048828e-01,-2.297963388264179230e-02,9.139825403690338135e-02,5.075407028198242188e-02,-2.408156543970108032e-01,-3.060026168823242188e-01,-1.877429783344268799e-01,-2.579763233661651611e-01,-2.226092815399169922e-01,-2.854014635086059570e-01,-2.287355810403823853e-01,-1.956977099180221558e-01,-2.093985378742218018e-01,-2.851576507091522217e-01,-1.909363865852355957e-01,-2.124919891357421875e-01,-1.097640581429004669e-02,-5.271289497613906860e-02,1.837333887815475464e-01,3.347326517105102539e-01,3.252965211868286133e-01,2.997552454471588135e-01,3.157677054405212402e-01,2.862261831760406494e-01,2.172915488481521606e-01,2.781979739665985107e-01,-5.494390428066253662e-02,-1.417728066444396973e-01,-9.655413776636123657e-02,-4.695802554488182068e-02,2.247177213430404663e-01,-9.491883963346481323e-02,1.639780253171920776e-01,1.983524262905120850e-01,1.926333159208297729e-01,4.159874618053436279e-01,2.311702072620391846e-01,1.211352273821830750e-01,2.082913666963577271e-01,2.504861652851104736e-01,-1.325634568929672241e-01,-8.027011901140213013e-02,-1.345770359039306641e-01,-9.550283662974834442e-03,-6.626616418361663818e-02,2.147612906992435455e-02,-6.547657400369644165e-02,-3.218463957309722900e-01,1.373094171285629272e-01,1.458797454833984375e-01,2.874296344816684723e-02,-4.738996177911758423e-02,2.108333073556423187e-02,-2.116626948118209839e-01,-7.083811610937118530e-02,-8.085884898900985718e-02,1.124211698770523071e-01,1.154991835355758667e-01,9.777217172086238861e-03,1.344325542449951172e-01,1.561062037944793701e-01,-3.066319040954113007e-02,4.373483359813690186e-02,-1.260797679424285889e-01,1.575964987277984619e-01,1.824500113725662231e-01,1.242578178644180298e-01,-2.110345289111137390e-02,1.997960805892944336e-01,2.154252380132675171e-01,8.570661395788192749e-02,-2.114115506410598755e-01,-1.984249204397201538e-01,-2.535410821437835693e-01,-9.976486861705780029e-02,-1.007507219910621643e-01,-2.264529317617416382e-01,1.901494115591049194e-01
-2.524833679199218750e-01,-3.712384402751922607e-01,1.420712769031524658e-01,-2.242691963911056519e-01,1.463593244552612305e-01,-4.321360290050506592e-01,4.321223497390747070e-01,2.553850412368774414e-01,2.167442888021469116e-01,-3.914426863193511963e-01,2.818496525287628174e-01,7.881883531808853149e-02,0.000000000000000000e+00,5.446718931198120117e-01,5.953628197312355042e-02,-3.699192404747009277e-01,6.499557197093963623e-02,1.482285261154174805e-01,-9.882065653800964355e-02,-1.949815303087234497e-01,-3.501900732517242432e-01,-3.708053827285766602e-01,6.804540008306503296e-02,-1.321788430213928223e-01,1.014970168471336365e-01,1.924322694540023804e-01,-3.742630779743194580e-01,-3.695699274539947510e-01,-1.323590576648712158e-01,3.152332603931427002e-01,1.653858125209808350e-01,-9.912028908729553223e-04,-9.849439561367034912e-02,-9.096589684486389160e-02,-5.361662805080413818e-02,-1.006809696555137634e-01,-2.050782889127731323e-01,-2.370179295539855957e-01,-8.661216497421264648e-02,-2.096617519855499268e-01,-2.633252441883087158e-01,-2.948937714099884033e-01,2.266780436038970947e-01,4.390977788716554642e-03,3.563277423381805420e-01,2.890273630619049072e-01,8.081462979316711426e-02,-1.753416843712329865e-02,3.640354871749877930e-01,2.481006234884262085e-01,4.014007747173309326e-01,3.061697781085968018e-01,3.198232650756835938e-01,1.524358093738555908e-01,-4.680974781513214111e-02,-1.621194928884506226e-01,-7.755185663700103760e-02,-1.400714814662933350e-01,4.341131541877985001e-03,-1.428438425064086914e-01,2.296298146247863770e-01,2.621219754219055176e-01,-1.700128763914108276e-01,-1.847963333129882812e-01,5.549198389053344727e-02,2.859701216220855713e-01,-1.804908514022827148e-01,-1.301428973674774170e-01,-1.960215568542480469e-01,1.958373188972473145e-02,3.121658228337764740e-02,-7.368216756731271744e-03,-5.621601268649101257e-02,2.116530537605285645e-01,-5.728999897837638855e-02,3.845660015940666199e-02,-3.585497848689556122e-03,7.679111789911985397e-03,2.837078273296356201e-01,9.562486410140991211e-02,1.430703997611999512e-01,1.508852243423461914e-01,-9.612796455621719360e-02,-2.482343167066574097e-01,4.049040973186492920e-01,3.308724761009216309e-01,-2.303916513919830322e-01,-3.100008666515350342e-01,3.718482553958892822e-01,-1.897714436054229736e-01,-1.811795979738235474e-01,-1.396831572055816650e-01,-1.578397750854492188e-01,-2.587742209434509277e-01,-3.739798069000244141e-01,-3.625185489654541016e-01,-4.237431585788726807e-01,-3.132877945899963379e-01,-2.784311175346374512e-01,-2.041430771350860596e-01,-3.408947885036468506e-01,-1.564478725194931030e-01,-4.872106611728668213e-01,-4.072473943233489990e-01,-5.177276730537414551e-01,-4.909906387329101562e-01,-3.336188793182373047e-01,-3.572132289409637451e-01,-3.400804400444030762e-01,-3.474746048450469971e-01,9.193774312734603882e-02,3.600435331463813782e-02,2.038781531155109406e-02,-1.388230323791503906e-01,7.130785286426544189e-02,-3.964724838733673096e-01
