0.000000000000000000e+00,5.905599594116210938e-01,1.175140440464019775e-01,9.778945893049240112e-02,-8.820306509733200073e-02,7.029942423105239868e-02,1.081886440515518188e-01,3.929740935564041138e-02,5.986454710364341736e-02,-4.438487440347671509e-02,2.096864879131317139e-01,7.622884213924407959e-02,1.818842291831970215e-01,-2.136658877134323120e-01,1.589920930564403534e-02,-2.373151294887065887e-02,-1.315819621086120605e-01,-2.255779951810836792e-01,4.033600986003875732e-01,4.276382923126220703e-01,-1.002488583326339722e-01,3.450330719351768494e-02,-9.945408999919891357e-02,-7.181325554847717285e-02,-1.382815539836883545e-01,-4.406029358506202698e-02,3.444963321089744568e-02,-1.149039715528488159e-01,-5.106494575738906860e-02,-1.368125528097152710e-01,9.323909878730773926e-03,-8.984848856925964355e-02,7.946811616420745850e-02,1.662766784429550171e-01,-2.207452207803726196e-01,-1.827987432479858398e-01,-1.707446724176406860e-01,-1.067867875099182129e-01,-7.757271826267242432e-02,-1.569126695394515991e-01,-7.686756551265716553e-02,-7.237823307514190674e-02,-5.290549993515014648e-02,-2.984324097633361816e-02,-7.024614512920379639e-02,-9.692250937223434448e-02,-6.902927905321121216e-02,-2.173019200563430786e-02,1.388737112283706665e-01,6.982952356338500977e-02,1.773825474083423615e-02,-8.507756888866424561e-02,-6.777895241975784302e-02,-1.639285087585449219e-01,1.409258041530847549e-02,-1.636956930160522461e-01,4.011984467506408691e-01,3.729175627231597900e-01,4.738726019859313965e-01,3.582765758037567139e-01,3.864975869655609131e-01,3.048343360424041748e-01,1.998648345470428467e-01,1.070612226612865925e-03,-1.926304847002029419e-01,-2.861394584178924561e-01,-1.489512175321578979e-01,-1.130250096321105957e-01,2.477535009384155273e-01,6.068982183933258057e-02,1.643486917018890381e-01,1.256131231784820557e-01,4.907420650124549866e-02,2.326699346303939819e-02,-3.023895435035228729e-02,-4.809024184942245483e-02,-3.582356497645378113e-02,-1.536502242088317871e-01,-6.029258295893669128e-02,-1.279875189065933228e-01,-5.857382342219352722e-02,-3.250024914741516113e-01,-7.939206063747406006e-02,-1.464728862047195435e-01,-1.827507615089416504e-01,-3.841696977615356445e-01,9.214254468679428101e-02,-1.939034014940261841e-01,3.974954783916473389e-02,-2.541751861572265625e-01,-1.775757968425750732e-01,-2.136690318584442139e-01,-2.762359678745269775e-01,-1.172486469149589539e-01,2.537487633526325226e-02,1.984529756009578705e-02,-9.137902408838272095e-02,-9.690030664205551147e-02,-1.687237322330474854e-01,-1.712534427642822266e-01,-1.270241197198629379e-02,1.639603972434997559e-01,6.709692627191543579e-02,-5.764956772327423096e-02,5.413887649774551392e-02,1.982604712247848511e-02,-2.362847626209259033e-01,-1.165721341967582703e-01,-4.660663381218910217e-02,6.267705559730529785e-02,-1.298516392707824707e-01,-1.637324243783950806e-01,-1.168696507811546326e-01,-2.067262530326843262e-01,-1.110547222197055817e-02,-3.211406618356704712e-02
5.905599594116210938e-01,0.000000000000000000e+00,5.021683126688003540e-02,1.008065864443778992e-01,4.651929065585136414e-02,1.548679769039154053e-01,-4.059007391333580017e-02,-3.314360976219177246e-02,8.245258778333663940e-02,-1.279081404209136963e-01,9.609164297580718994e-02,6.270200479775667191e-03,1.775191910564899445e-02,-2.738993465900421143e-01,-3.396758437156677246e-02,-1.443817019462585449e-01,5.355998408049345016e-03,-1.242770180106163025e-01,3.656435608863830566e-01,4.850722849369049072e-01,-1.432175189256668091e-01,6.487329304218292236e-02,-9.918133169412612915e-02,-3.382543846964836121e-02,6.824196130037307739e-02,1.579150408506393433e-01,1.496761739253997803e-01,-4.560134187340736389e-02,-3.101020585745573044e-03,-1.997222155332565308e-01,1.695433706045150757e-01,4.749158024787902832e-02,3.238344192504882812e-01,3.911081254482269287e-01,-7.441840320825576782e-02,1.489424332976341248e-02,-1.849281191825866699e-01,-1.673129945993423462e-01,-8.448951691389083862e-02,-2.143373042345046997e-01,-1.228744536638259888e-01,-4.718241747468709946e-03,1.044151932001113892e-01,9.782680869102478027e-02,1.303937472403049469e-02,1.007798239588737488e-01,8.472157269716262817e-02,7.462384551763534546e-02,2.547252476215362549e-01,1.750999242067337036e-01,4.568136297166347504e-03,-7.547364383935928345e-02,-8.642883598804473877e-02,-2.054855078458786011e-01,-2.418723516166210175e-02,-1.239912658929824829e-01,5.190178751945495605e-01,5.878711938858032227e-01,3.745438456535339355e-01,3.246101140975952148e-01,2.845648527145385742e-01,3.102446794509887695e-01,3.023794293403625488e-01,3.716800734400749207e-02,-2.083263546228408813e-01,-2.791600525379180908e-01,9.642957150936126709e-02,8.719942718744277954e-02,3.407786190509796143e-01,1.092993393540382385e-01,8.278271555900573730e-02,3.878969326615333557e-02,-2.166655100882053375e-02,-7.682017236948013306e-02,-2.579595427960157394e-03,-1.052555516362190247e-01,-1.201902851462364197e-01,-2.234927862882614136e-01,6.124005839228630066e-02,-1.187319308519363403e-01,3.477092087268829346e-02,-2.530364990234375000e-01,2.830984257161617279e-02,-1.327423900365829468e-01,-1.778558194637298584e-01,-5.087384581565856934e-01,1.594375669956207275e-01,-6.953076273202896118e-02,-7.012177258729934692e-02,-3.508616387844085693e-01,-2.774647176265716553e-01,-4.002180695533752441e-01,-4.735948443412780762e-01,-3.326562047004699707e-01,-1.286208629608154297e-02,3.077683970332145691e-02,-8.380813151597976685e-02,-1.685059070587158203e-01,-2.426946461200714111e-01,-3.191001415252685547e-01,-1.183357238769531250e-01,1.397085487842559814e-01,4.404804855585098267e-02,-6.097318232059478760e-02,-3.559202700853347778e-02,-1.212425902485847473e-01,-1.753155738115310669e-01,-2.007132279686629772e-04,-5.672658979892730713e-02,1.022458747029304504e-01,-1.624983400106430054e-01,-3.044847846031188965e-01,-2.572229802608489990e-01,-3.396641314029693604e-01,-1.465596854686737061e-01,-8.836662769317626953e-02
1.175140440464019775e-01,5.021683126688003540e-02,0.000000000000000000e+00,5.355690121650695801e-01,-4.284131899476051331e-02,-5.727335810661315918e-02,5.494459867477416992e-01,3.089719712734222412e-01,-1.278773993253707886e-01,3.220427334308624268e-01,2.181521207094192505e-01,-4.767952859401702881e-02,2.328940182924270630e-01,-1.945312833413481712e-03,-9.468474239110946655e-02,1.137965768575668335e-01,-1.016895473003387451e-01,-8.444882929325103760e-02,4.406163096427917480e-01,1.597674787044525146e-01,5.707869306206703186e-02,-1.925822496414184570e-01,5.998317599296569824e-01,5.627669095993041992e-01,1.634691208600997925e-01,-8.774847537279129028e-02,-2.259639352560043335e-01,1.075020432472229004e-01,-1.044211834669113159e-01,-1.366717964410781860e-01,2.101285010576248169e-01,3.422340154647827148e-01,3.506934642791748047e-02,1.092852205038070679e-01,1.866177767515182495e-01,-1.431021392345428467e-01,-2.406866401433944702e-01,-3.588030934333801270e-01,4.857816267758607864e-03,-2.701137661933898926e-01,-5.437380447983741760e-02,-2.160554379224777222e-01,3.660466521978378296e-02,-2.158222794532775879e-01,2.273817211389541626e-01,-8.595912903547286987e-02,-1.148777380585670471e-01,-2.735621333122253418e-01,-1.986236572265625000e-01,-2.673653066158294678e-01,-2.466821670532226562e-01,-3.078509569168090820e-01,-3.413187265396118164e-01,-3.051078021526336670e-01,-3.125029802322387695e-01,-3.618946671485900879e-01,-1.441049668937921524e-02,-5.588113516569137573e-02,-1.462948173284530640e-01,-1.055178195238113403e-01,-1.979303359985351562e-01,-2.228630483150482178e-01,-2.629406750202178955e-01,-1.857735067605972290e-01,3.417792320251464844e-01,2.203741669654846191e-01,1.533387452363967896e-01,4.513323656283318996e-04,8.034741878509521484e-02,-1.047080382704734802e-01,2.339529544115066528e-01,7.751197367906570435e-02,2.119490653276443481e-01,1.228086054325103760e-01,1.032250374555587769e-01,2.806825563311576843e-02,8.023656904697418213e-02,1.715490967035293579e-01,-5.761069059371948242e-02,-1.217315495014190674e-01,-1.067212969064712524e-01,-1.142977327108383179e-01,-2.522162199020385742e-01,-3.073713481426239014e-01,-6.385182589292526245e-02,-1.165269389748573303e-01,-1.792817562818527222e-01,-1.754074096679687500e-01,5.757160857319831848e-02,-2.142243683338165283e-01,-6.565696746110916138e-02,3.245446085929870605e-02,9.752859920263290405e-02,1.302518397569656372e-01,-7.705233991146087646e-02,-1.898399293422698975e-01,-1.648463308811187744e-01,-2.233783900737762451e-01,2.829346805810928345e-03,-1.020568162202835083e-01,-2.292149513959884644e-02,-2.488304860889911652e-02,2.025823108851909637e-02,-2.631871588528156281e-02,-3.518567979335784912e-02,5.619877949357032776e-02,-9.116274863481521606e-02,-4.290875792503356934e-02,5.187380686402320862e-02,-2.126412987709045410e-01,-2.445008456707000732e-01,-1.219846829771995544e-01,-1.287483274936676025e-01,-2.921131439507007599e-03,-1.852571666240692139e-01,-1.483367532491683960e-01
9.778945893049240112e-02,1.008065864443778992e-01,5.355690121650695801e-01,0.000000000000000000e+00,-1.411070954054594040e-02,-2.502160891890525818e-02,2.952283024787902832e-01,5.452955365180969238e-01,-7.741299271583557129e-02,1.791358143091201782e-01,4.142374545335769653e-02,1.220854222774505615e-01,7.231649011373519897e-02,-1.995651051402091980e-02,-1.604069471359252930e-01,6.087533757090568542e-02,-2.288375198841094971e-01,-3.083837926387786865e-01,1.333553791046142578e-01,3.548189764842391014e-03,-8.620399981737136841e-02,-1.348012387752532959e-01,3.700650930404663086e-01,4.717601239681243896e-01,1.086414530873298645e-01,-2.918563783168792725e-02,-2.052842229604721069e-01,-1.121807098388671875e-02,-1.683451682329177856e-01,-2.558535039424896240e-01,1.325879693031311035e-01,2.578935623168945312e-01,1.909276284277439117e-02,1.830636411905288696e-01,8.583004027605056763e-02,-6.997915357351303101e-02,-2.651623189449310303e-01,-2.892987728118896484e-01,-1.227897182106971741e-01,-2.295036762952804565e-01,-8.011555671691894531e-02,-1.347132772207260132e-01,8.168281614780426025e-02,-1.501751989126205444e-01,1.329984664916992188e-01,8.056973665952682495e-02,-9.435512870550155640e-02,-1.471427679061889648e-01,-5.398094654083251953e-02,-2.488354593515396118e-02,-1.415723189711570740e-02,1.335127162747085094e-03,-1.324080079793930054e-01,-2.432197481393814087e-01,-1.618199348449707031e-01,-1.834588795900344849e-01,-1.086367443203926086e-01,2.023228444159030914e-03,-6.968684960156679153e-03,1.024349220097064972e-02,-1.402439475059509277e-01,-3.896818310022354126e-02,-3.543069064617156982e-01,-8.319335430860519409e-02,1.011153906583786011e-01,3.491491675376892090e-01,2.468867450952529907e-01,2.689651250839233398e-01,3.335692360997200012e-02,-3.940460458397865295e-02,1.303923875093460083e-01,-1.182966902852058411e-01,-1.530095003545284271e-02,6.607963144779205322e-02,1.800983957946300507e-02,-3.176439926028251648e-02,6.851284764707088470e-03,1.270878762006759644e-01,-1.635974645614624023e-01,-3.037645518779754639e-01,-2.556779682636260986e-01,-2.502644062042236328e-01,-2.505253851413726807e-01,-3.992876708507537842e-01,-1.643462628126144409e-01,-6.536666303873062134e-02,-1.313398033380508423e-01,-3.272016942501068115e-01,-2.780297584831714630e-02,-1.770768016576766968e-01,-7.083049416542053223e-02,-1.243670657277107239e-01,1.828450411558151245e-01,-4.935272410511970520e-02,-1.106627061963081360e-01,-1.833946853876113892e-01,-1.331920623779296875e-01,-2.377027869224548340e-01,-1.105437651276588440e-01,-2.389959990978240967e-01,-1.474810764193534851e-02,-1.242718994617462158e-01,-1.125898286700248718e-01,-1.535412967205047607e-01,3.877006703987717628e-03,-8.419923484325408936e-02,-7.367176935076713562e-03,1.362699363380670547e-02,6.314302235841751099e-02,-1.166121214628219604e-01,-2.067619711160659790e-01,-1.999692767858505249e-01,-1.805811077356338501e-01,-7.688697427511215210e-02,-2.150728106498718262e-01,-1.901390403509140015e-01
-8.820306509733200073e-02,4.651929065585136414e-02,-4.284131899476051331e-02,-1.411070954054594040e-02,0.000000000000000000e+00,6.525525450706481934e-01,-4.391710087656974792e-02,6.592400372028350830e-02,7.379242777824401855e-01,1.338714733719825745e-02,4.753853380680084229e-02,1.311917752027511597e-01,-2.297022193670272827e-02,9.438361972570419312e-02,4.844333827495574951e-01,4.099644720554351807e-01,1.546233147382736206e-01,1.269630342721939087e-01,6.261982023715972900e-02,8.324207365512847900e-02,-8.677968382835388184e-02,1.426140069961547852e-01,-9.443973004817962646e-02,-6.788550317287445068e-02,3.184010088443756104e-01,5.037354826927185059e-01,4.572152197360992432e-01,1.471791416406631470e-01,1.932442784309387207e-01,1.764465868473052979e-01,2.955088019371032715e-01,2.533778548240661621e-01,2.314619570970535278e-01,1.652970016002655029e-01,-4.150255396962165833e-02,8.624424785375595093e-02,-2.990243956446647644e-03,9.267570823431015015e-02,-6.443893653340637684e-04,3.948214277625083923e-02,-1.123593002557754517e-01,2.414346858859062195e-02,-2.337984293699264526e-01,-1.667674072086811066e-02,-1.302257776260375977e-01,-1.568749099969863892e-01,-2.984790802001953125e-01,-1.982310563325881958e-01,-1.394729763269424438e-01,-1.093772202730178833e-01,-8.510781079530715942e-02,-5.960379168391227722e-02,-3.337769536301493645e-03,-1.120046600699424744e-01,-1.353973299264907837e-01,-1.470371633768081665e-01,3.938363806810230017e-04,-7.908871024847030640e-02,-1.298794448375701904e-01,-1.356707811355590820e-01,-2.819167217239737511e-03,3.530522435903549194e-02,9.010746330022811890e-02,-1.515297591686248779e-01,-8.398291654884815216e-03,1.204498112201690674e-01,-1.905452460050582886e-03,3.561873361468315125e-02,-9.965184144675731659e-03,-2.977539971470832825e-02,9.134944528341293335e-02,9.250636398792266846e-02,-5.246146582067012787e-03,-5.633567273616790771e-02,1.933968216180801392e-01,2.536985576152801514e-01,4.321080446243286133e-02,-1.106260046362876892e-01,2.633835375308990479e-01,2.523266971111297607e-01,2.715678513050079346e-01,3.185838833451271057e-02,2.145490348339080811e-01,5.771207809448242188e-02,2.531572878360748291e-01,-5.191795900464057922e-02,2.441181838512420654e-01,3.429016098380088806e-02,-4.069165512919425964e-02,-1.555581837892532349e-01,-1.647947877645492554e-01,-2.735706567764282227e-01,-1.010747253894805908e-01,-2.668325304985046387e-01,-9.469453990459442139e-02,-8.786687394604086876e-04,1.077911853790283203e-01,-7.951491326093673706e-02,-1.072580739855766296e-01,-1.533138304948806763e-01,-3.867746796458959579e-03,-2.661153972148895264e-01,3.746534511446952820e-02,-1.561639159917831421e-01,5.129925161600112915e-02,-1.099797189235687256e-01,1.442869156599044800e-01,3.541749343276023865e-02,2.206243202090263367e-02,8.422095328569412231e-02,-5.303189530968666077e-02,-2.100424915552139282e-01,-6.091621890664100647e-02,8.355941623449325562e-03,-2.994829602539539337e-02,8.791971951723098755e-02
7.029942423105239868e-02,1.548679769039154053e-01,-5.727335810661315918e-02,-2.502160891890525818e-02,6.525525450706481934e-01,0.000000000000000000e+00,-3.629497811198234558e-02,5.868923291563987732e-02,5.624346733093261719e-01,3.129780590534210205e-01,4.127921164035797119e-02,1.260253638029098511e-01,6.258603185415267944e-02,4.478134959936141968e-02,4.267846345901489258e-01,4.881626963615417480e-01,2.296586483716964722e-01,2.471289038658142090e-01,1.652479469776153564e-01,2.673285305500030518e-01,1.347462683916091919e-01,1.380359288305044174e-02,-4.880234599113464355e-02,-2.661326667293906212e-03,3.387404084205627441e-01,4.378122985363006592e-01,3.117119669914245605e-01,3.719127774238586426e-01,2.813966572284698486e-01,2.072554975748062134e-01,3.332636952400207520e-01,2.629178166389465332e-01,2.043748497962951660e-01,1.481457203626632690e-01,-4.690737649798393250e-02,3.401662409305572510e-02,1.684780418872833252e-02,5.684073641896247864e-02,7.420084625482559204e-02,-1.173573285341262817e-01,3.273164853453636169e-02,-1.743102222681045532e-01,-2.500925660133361816e-01,-1.520833820104598999e-01,-2.566293776035308838e-01,-2.398322671651840210e-01,-2.786741256713867188e-01,-1.835057735443115234e-01,-1.861336529254913330e-01,-1.503340750932693481e-01,-7.731586694717407227e-02,-4.064649716019630432e-02,2.235451713204383850e-02,1.969313435256481171e-02,2.411310002207756042e-02,-1.590673066675662994e-02,8.856767416000366211e-02,3.385358722880482674e-03,-9.409026801586151123e-02,-1.109047085046768188e-01,-3.586370870471000671e-02,-3.818013705313205719e-03,8.086317777633666992e-02,-9.565945714712142944e-02,4.335547797381877899e-03,1.113782227039337158e-01,-1.215425226837396622e-02,6.756535917520523071e-02,1.445062309503555298e-01,9.964989870786666870e-02,9.011310338973999023e-02,-2.706199139356613159e-02,1.015634275972843170e-02,-2.224206738173961639e-02,1.276734173297882080e-01,9.576789289712905884e-02,-1.456593722105026245e-01,-2.232538461685180664e-01,1.845047771930694580e-01,1.554026007652282715e-01,2.621566355228424072e-01,-2.299125771969556808e-03,1.485986113548278809e-01,-1.392853856086730957e-01,1.456058472394943237e-01,-9.064874053001403809e-02,1.185636296868324280e-01,1.470060944557189941e-01,1.277671903371810913e-01,-1.286913454532623291e-01,-2.269012778997421265e-01,-2.837804853916168213e-01,-2.974513471126556396e-01,-3.054322600364685059e-01,2.075295150279998779e-02,6.870396435260772705e-02,-1.827167719602584839e-02,-6.441592425107955933e-02,-2.278931885957717896e-01,-2.618277370929718018e-01,-1.860177814960479736e-01,-1.175716966390609741e-01,1.057065874338150024e-01,-2.587272524833679199e-01,-9.792157262563705444e-02,-9.061475098133087158e-02,-1.246679499745368958e-01,-2.263158261775970459e-01,-6.441050767898559570e-02,1.312717497348785400e-01,-1.837154924869537354e-01,-2.855761647224426270e-01,-2.456351518630981445e-01,-2.392087429761886597e-01,-7.223363965749740601e-02,7.392173260450363159e-02
1.081886440515518188e-01,-4.059007391333580017e-02,5.494459867477416992e-01,2.952283024787902832e-01,-4.391710087656974792e-02,-3.629497811198234558e-02,0.000000000000000000e+00,4.972726106643676758e-01,-6.171648576855659485e-02,3.523638546466827393e-01,4.372774362564086914e-01,2.574284672737121582e-01,5.497491955757141113e-01,1.343440860509872437e-01,-1.131881996989250183e-01,1.671677976846694946e-01,-3.103304468095302582e-02,-7.326395809650421143e-02,4.034938514232635498e-01,4.311661422252655029e-02,8.063047192990779877e-03,-2.918911576271057129e-01,5.343213677406311035e-01,3.575669229030609131e-01,3.542870763340033591e-05,-2.422623783349990845e-01,-2.552195787429809570e-01,4.446261096745729446e-03,1.556132547557353973e-02,-1.680460758507251740e-02,1.982901841402053833e-01,2.133180201053619385e-01,2.337635122239589691e-02,1.189764216542243958e-01,-1.668374240398406982e-02,-3.269268274307250977e-01,-3.195421099662780762e-01,-3.697038292884826660e-01,4.183705151081085205e-02,-3.408447504043579102e-01,6.788082420825958252e-02,-2.152742445468902588e-01,-1.585004925727844238e-01,-3.839556872844696045e-01,8.346545696258544922e-02,-2.299734205007553101e-01,-3.177397847175598145e-01,-4.435752332210540771e-01,-2.560258805751800537e-01,-2.848622202873229980e-01,-2.859434783458709717e-01,-3.159513473510742188e-01,-4.452741444110870361e-01,-3.411224484443664551e-01,-4.038330018520355225e-01,-4.767105579376220703e-01,-1.140274628996849060e-01,-1.978844106197357178e-01,-8.322197198867797852e-02,-1.614653170108795166e-01,1.861299097072333097e-04,-4.189452156424522400e-02,-2.628758549690246582e-01,-7.450144737958908081e-02,5.038499236106872559e-01,3.797794282436370850e-01,-1.113469898700714111e-01,-2.439491748809814453e-01,-1.654367744922637939e-01,-3.344479501247406006e-01,2.783198356628417969e-01,1.537998318672180176e-01,3.863146305084228516e-01,3.311119079589843750e-01,4.752581194043159485e-02,2.015915364027023315e-01,1.467920690774917603e-01,2.472431361675262451e-01,-6.348133832216262817e-02,-2.334024310111999512e-01,-2.336019873619079590e-01,-2.647922933101654053e-01,-4.031601250171661377e-01,-2.598171532154083252e-01,-8.673353493213653564e-02,-9.821180999279022217e-02,-3.339500129222869873e-01,-2.701286077499389648e-01,1.122900545597076416e-01,-2.071693390607833862e-01,1.652668714523315430e-01,2.133317142724990845e-01,1.292686760425567627e-01,2.943604588508605957e-01,-9.217529743909835815e-02,-1.266727149486541748e-01,-1.199158430099487305e-01,-1.722202152013778687e-01,1.604061722755432129e-01,1.443758904933929443e-01,-5.391639657318592072e-03,1.487520784139633179e-01,6.354200094938278198e-02,-1.583790220320224762e-02,1.517771463841199875e-02,1.387385874986648560e-01,-1.297305971384048462e-01,-1.248233839869499207e-01,2.015500664710998535e-01,-1.498445123434066772e-01,-3.270611763000488281e-01,6.903376430273056030e-02,5.568357557058334351e-02,9.235426783561706543e-02,7.918903231620788574e-02,-2.606714144349098206e-03
3.929740935564041138e-02,-3.314360976219177246e-02,3.089719712734222412e-01,5.452955365180969238e-01,6.592400372028350830e-02,5.868923291563987732e-02,4.972726106643676758e-01,0.000000000000000000e+00,9.132237732410430908e-02,1.633122265338897705e-01,2.670216858386993408e-01,4.967642128467559814e-01,3.113073408603668213e-01,1.534681171178817749e-01,-6.440845876932144165e-02,1.512945890426635742e-01,-1.484367996454238892e-01,-2.555307745933532715e-01,1.118743345141410828e-01,-2.067605964839458466e-02,-9.690491110086441040e-02,-1.090422719717025757e-01,2.370325773954391479e-01,3.054586052894592285e-01,-5.727175250649452209e-02,-1.047660186886787415e-01,-9.119400382041931152e-02,-7.555060833692550659e-02,-2.981469966471195221e-02,-8.580492436885833740e-02,1.795669347047805786e-01,2.180696874856948853e-01,1.271316409111022949e-01,2.826563417911529541e-01,-1.535045802593231201e-01,-1.838652640581130981e-01,-3.133628964424133301e-01,-2.579819262027740479e-01,-5.118244513869285583e-02,-2.128716707229614258e-01,-5.386840086430311203e-03,-1.081012636423110962e-01,-2.351045459508895874e-01,-3.471353352069854736e-01,-1.580313891172409058e-01,-2.115851640701293945e-01,-3.980156183242797852e-01,-4.160906374454498291e-01,-2.136449366807937622e-01,-1.312908232212066650e-01,-7.766068726778030396e-02,-4.125969111919403076e-02,-1.632089465856552124e-01,-2.384426742792129517e-01,-2.529646158218383789e-01,-2.888604402542114258e-01,-2.262462526559829712e-01,-2.004783749580383301e-01,-3.091961517930030823e-02,-5.946620181202888489e-02,1.269060838967561722e-02,2.136797755956649780e-01,-2.905679643154144287e-01,-5.310716480016708374e-02,1.302628666162490845e-01,5.803403854370117188e-01,-1.434184145182371140e-03,1.746702641248703003e-01,-1.413644701242446899e-01,-1.931514292955398560e-01,1.031082719564437866e-01,-6.589344888925552368e-02,4.100413247942924500e-02,1.349620223045349121e-01,7.793332636356353760e-02,2.281447649002075195e-01,1.416760236024856567e-01,1.663350164890289307e-01,-1.365764290094375610e-01,-3.582061827182769775e-01,-2.765157818794250488e-01,-4.268605113029479980e-01,-2.918722927570343018e-01,-3.395311534404754639e-01,-1.106061041355133057e-01,-8.447459340095520020e-02,-1.315530985593795776e-01,-3.382908999919891357e-01,1.053486317396163940e-01,-1.709713190793991089e-01,1.330689936876296997e-01,-8.360764384269714355e-02,2.191890031099319458e-01,-3.147843480110168457e-02,-1.346992999315261841e-01,-1.344377547502517700e-01,-8.603574335575103760e-02,-2.146049439907073975e-01,-3.026316314935684204e-02,-7.224616408348083496e-02,1.000568941235542297e-01,-1.949121430516242981e-02,-6.690454483032226562e-02,-2.070272713899612427e-01,-2.108763001160696149e-04,-8.697056770324707031e-02,2.517960499972105026e-03,-9.556925296783447266e-02,1.305451989173889160e-01,-2.972980588674545288e-02,-2.271898686885833740e-01,-9.446308761835098267e-02,9.190801647491753101e-04,-5.697454139590263367e-02,-6.605461239814758301e-02,-4.627408832311630249e-02
5.986454710364341736e-02,8.245258778333663940e-02,-1.278773993253707886e-01,-7.741299271583557129e-02,7.379242777824401855e-01,5.624346733093261719e-01,-6.171648576855659485e-02,9.132237732410430908e-02,0.000000000000000000e+00,-1.397823542356491089e-01,1.643924862146377563e-01,2.057623416185379028e-01,6.167114526033401489e-02,9.481909126043319702e-02,5.068970918655395508e-01,3.277863860130310059e-01,7.095551490783691406e-02,3.284309431910514832e-02,7.127064466476440430e-02,1.004435494542121887e-01,-1.836890280246734619e-01,2.671227157115936279e-01,-2.547272443771362305e-01,-2.192577123641967773e-01,1.527234762907028198e-01,4.561630785465240479e-01,4.817120134830474854e-01,-8.987234532833099365e-02,1.561038047075271606e-01,1.074138954281806946e-01,1.912769228219985962e-01,8.938001841306686401e-02,2.141777724027633667e-01,1.691464781761169434e-01,-1.372755914926528931e-01,7.441142201423645020e-02,-7.296647131443023682e-02,1.708743125200271606e-01,-1.110912933945655823e-01,3.871291875839233398e-02,-1.846787184476852417e-01,5.076884850859642029e-02,-2.243215143680572510e-01,7.451543956995010376e-02,-1.914274245500564575e-01,-1.468547433614730835e-01,-3.133800923824310303e-01,-1.504022032022476196e-01,-7.115226984024047852e-02,-4.353849217295646667e-02,-4.616243764758110046e-02,-6.002487614750862122e-02,3.231566771864891052e-02,-1.411049216985702515e-01,-1.202820762991905212e-01,-1.971265375614166260e-01,-7.622507959604263306e-02,-1.011065244674682617e-01,-5.446026567369699478e-03,-7.860422134399414062e-02,1.078474745154380798e-01,1.375110745429992676e-01,7.645627856254577637e-02,-1.811601519584655762e-01,-1.374718099832534790e-01,3.698367252945899963e-02,-6.155405938625335693e-02,-1.166530186310410500e-03,-6.839825212955474854e-02,-1.937275938689708710e-02,1.341728270053863525e-01,2.075371444225311279e-01,-1.503688655793666840e-02,-6.171977147459983826e-02,2.295497655868530273e-01,2.893415987491607666e-01,1.232107579708099365e-01,-9.029003232717514038e-02,2.201485633850097656e-01,2.523348331451416016e-01,2.202472984790802002e-01,-5.287408083677291870e-02,2.018307745456695557e-01,4.031848534941673279e-02,2.116529345512390137e-01,-1.471197754144668579e-01,3.116466403007507324e-01,-5.057720839977264404e-02,-4.435412958264350891e-02,-1.750991642475128174e-01,-1.105411276221275330e-01,-2.496081590652465820e-01,-7.899400591850280762e-02,-2.507517933845520020e-01,-1.195244044065475464e-01,3.006641566753387451e-02,1.421495378017425537e-01,-3.647280484437942505e-02,-3.956744447350502014e-02,-8.272125571966171265e-02,8.512134850025177002e-02,-1.915083974599838257e-01,1.868908177129924297e-03,-1.109286621212959290e-01,1.486440896987915039e-01,-7.206528633832931519e-02,1.484016329050064087e-01,7.919888198375701904e-02,9.321806952357292175e-03,1.564217954874038696e-01,4.800735041499137878e-02,-1.597400605678558350e-01,4.438640177249908447e-02,3.242347016930580139e-02,6.428304314613342285e-02,1.442511677742004395e-01
-4.438487440347671509e-02,-1.279081404209136963e-01,3.220427334308624268e-01,1.791358143091201782e-01,1.338714733719825745e-02,3.129780590534210205e-01,3.523638546466827393e-01,1.633122265338897705e-01,-1.397823542356491089e-01,0.000000000000000000e+00,9.866973012685775757e-02,5.605132132768630981e-02,2.573613226413726807e-01,3.476761281490325928e-02,-1.544795278459787369e-02,4.632079601287841797e-01,8.407937735319137573e-02,1.441497802734375000e-01,1.892818063497543335e-01,6.391037255525588989e-02,4.327574968338012695e-01,-3.556248247623443604e-01,4.199254214763641357e-01,4.148215055465698242e-01,2.002789974212646484e-01,-1.424875706434249878e-01,-3.241991698741912842e-01,5.312492251396179199e-01,1.485688686370849609e-01,1.820525825023651123e-01,2.260154783725738525e-01,2.841617465019226074e-01,-1.239349991083145142e-01,-6.847449392080307007e-02,9.108196198940277100e-02,-2.116314768791198730e-01,-7.862883061170578003e-02,-2.756332755088806152e-01,2.372876554727554321e-01,-3.166189491748809814e-01,3.352290689945220947e-01,-3.467653393745422363e-01,-1.127151995897293091e-01,-3.964573144912719727e-01,2.569100074470043182e-02,-2.625930011272430420e-01,-1.537767052650451660e-01,-3.300084769725799561e-01,-2.803728878498077393e-01,-3.108680248260498047e-01,-1.877963989973068237e-01,-1.582329124212265015e-01,-2.598965167999267578e-01,-2.813991717994213104e-02,-1.502525527030229568e-02,-4.167702049016952515e-02,-1.225218251347541809e-01,-1.754525452852249146e-01,-1.985578238964080811e-01,-1.334396898746490479e-01,-1.966288983821868896e-01,-2.252321094274520874e-01,-2.861600816249847412e-01,-6.674510240554809570e-02,3.773191571235656738e-01,2.918903827667236328e-01,-6.366132944822311401e-02,-1.301468908786773682e-01,-7.385437842458486557e-03,-1.211711168289184570e-01,8.868619799613952637e-02,-1.634265184402465820e-01,1.933388859033584595e-01,2.168510556221008301e-01,-1.412764340639114380e-01,-1.126968413591384888e-01,-1.726162284612655640e-01,6.839559972286224365e-02,-3.890844061970710754e-02,-1.221473142504692078e-01,-3.353640809655189514e-02,-1.011516433209180832e-02,-2.526782155036926270e-01,-2.842690348625183105e-01,-1.305601447820663452e-01,7.339873164892196655e-02,-3.572430908679962158e-01,1.127058491110801697e-01,2.613482773303985596e-01,3.535904921591281891e-03,-4.480524919927120209e-03,1.375493705272674561e-01,-5.854055657982826233e-02,1.543521732091903687e-01,3.207859396934509277e-02,-7.647348195314407349e-02,-2.134188413619995117e-01,-1.705793738365173340e-01,-2.420251443982124329e-02,-4.152311757206916809e-02,-2.325623929500579834e-01,1.736152619123458862e-01,1.807808429002761841e-01,-1.298278868198394775e-01,-1.987590938806533813e-01,1.189790740609169006e-01,-2.245556861162185669e-01,-3.500780761241912842e-01,1.010542735457420349e-01,-2.312270551919937134e-01,-4.433221220970153809e-01,-8.704585582017898560e-02,-1.819383203983306885e-01,-1.669661402702331543e-01,-4.133829474449157715e-02,2.830774150788784027e-02
2.096864879131317139e-01,9.609164297580718994e-02,2.181521207094192505e-01,4.142374545335769653e-02,4.753853380680084229e-02,4.127921164035797119e-02,4.372774362564086914e-01,2.670216858386993408e-01,1.643924862146377563e-01,9.866973012685775757e-02,0.000000000000000000e+00,2.604722082614898682e-01,6.436599493026733398e-01,1.350568234920501709e-01,1.140320897102355957e-01,2.761969342827796936e-02,5.360446497797966003e-02,4.018018022179603577e-02,3.472434282302856445e-01,1.362372785806655884e-01,-3.178057447075843811e-02,8.654430508613586426e-03,1.896443217992782593e-01,1.773544400930404663e-01,7.913478463888168335e-02,3.137496113777160645e-02,7.976557314395904541e-02,-8.849451318383216858e-03,8.527154475450515747e-02,9.825930930674076080e-03,2.305135428905487061e-01,1.381904780864715576e-01,1.393417716026306152e-01,1.907606422901153564e-01,-5.390688311308622360e-03,-1.229985132813453674e-01,-2.844230830669403076e-01,-1.608844697475433350e-01,3.029431030154228210e-02,-1.866469532251358032e-01,1.469447836279869080e-02,-1.882462948560714722e-01,-1.135319173336029053e-01,-2.010097205638885498e-01,-6.936857104301452637e-02,-2.072500586509704590e-01,-2.188977599143981934e-01,-3.275297284126281738e-01,-2.340139746665954590e-01,-2.534312605857849121e-01,-3.083602786064147949e-01,-2.659797966480255127e-01,-2.374149560928344727e-01,-2.912184596061706543e-01,-2.720972895622253418e-01,-3.956337273120880127e-01,5.507388152182102203e-03,3.667433338705450296e-04,-7.274657487869262695e-02,-1.393696665763854980e-01,4.510908573865890503e-02,4.351391270756721497e-02,-7.815216481685638428e-02,-6.459800153970718384e-02,2.419281899929046631e-01,2.725133299827575684e-01,-1.016958877444267273e-01,-1.051373332738876343e-01,4.840292781591415405e-02,-1.492432653903961182e-01,2.523038685321807861e-01,2.186154574155807495e-01,1.922760456800460815e-01,1.869945824146270752e-01,-5.950962379574775696e-02,1.143596023321151733e-01,1.642490178346633911e-02,6.121503561735153198e-02,1.325556188821792603e-01,1.534540392458438873e-02,9.653539955615997314e-02,-8.373107016086578369e-02,-7.925563305616378784e-02,-1.312592029571533203e-01,2.468988299369812012e-02,-1.918756067752838135e-01,-3.819685801863670349e-02,-8.856307715177536011e-02,3.980749845504760742e-02,-1.263989359140396118e-01,-8.812960237264633179e-03,-7.090453058481216431e-02,-8.908586949110031128e-02,-3.717906028032302856e-02,-1.024521514773368835e-01,3.261603415012359619e-03,-4.885124042630195618e-03,-1.574159860610961914e-01,3.459085710346698761e-03,-3.659339994192123413e-02,-8.291056379675865173e-03,-2.452304773032665253e-02,3.215079382061958313e-02,-6.976921856403350830e-02,5.764800310134887695e-02,-2.271884493529796600e-02,5.455538630485534668e-04,5.339140538126230240e-03,1.632335335016250610e-01,-4.896193742752075195e-02,-2.401436269283294678e-01,-8.026178181171417236e-02,-3.343897685408592224e-02,1.511107664555311203e-02,1.075108274817466736e-01,1.459102928638458252e-01
7.622884213924407959e-02,6.270200479775667191e-03,-4.767952859401702881e-02,1.220854222774505615e-01,1.311917752027511597e-01,1.260253638029098511e-01,2.574284672737121582e-01,4.967642128467559814e-01,2.057623416185379028e-01,5.605132132768630981e-02,2.604722082614898682e-01,0.000000000000000000e+00,4.200794696807861328e-01,4.449864923954010010e-01,2.396546304225921631e-02,1.691191643476486206e-01,1.357431411743164062e-01,1.062331795692443848e-01,-7.897987961769104004e-02,-9.905112534761428833e-02,-5.129562318325042725e-02,-4.357653111219406128e-02,-2.059249579906463623e-02,-7.884902507066726685e-02,1.183219719678163528e-02,1.799462735652923584e-02,-5.010780692100524902e-02,-7.682678103446960449e-02,3.239071369171142578e-01,2.085769027471542358e-01,1.977567523717880249e-01,1.262486129999160767e-01,-1.032897457480430603e-02,1.149093136191368103e-01,-2.502593398094177246e-01,-2.658683955669403076e-01,-2.416231036186218262e-01,-1.262835599482059479e-02,-5.418473109602928162e-02,-1.322315782308578491e-01,1.356846839189529419e-01,-1.019966751337051392e-01,-2.093664109706878662e-01,-1.525087803602218628e-01,-1.285290271043777466e-01,-1.391999572515487671e-01,-4.041940569877624512e-01,-2.610068321228027344e-01,9.219847270287573338e-04,6.629326194524765015e-02,1.829450428485870361e-01,1.976745128631591797e-01,-2.864516340196132660e-02,-9.316143393516540527e-02,-1.043896526098251343e-01,-1.006862223148345947e-01,-2.028012573719024658e-01,-1.219142600893974304e-01,9.050655364990234375e-02,-2.738067135214805603e-02,1.742245554924011230e-01,3.369674086570739746e-01,-7.216383516788482666e-02,2.989677786827087402e-01,-2.995942533016204834e-02,2.524498999118804932e-01,-1.695307940244674683e-01,-4.424860328435897827e-02,-2.792736887931823730e-01,-2.310641556978225708e-01,1.126938089728355408e-01,1.269112825393676758e-01,3.100219368934631348e-01,3.798336684703826904e-01,-8.461399935185909271e-03,2.999089956283569336e-01,1.508058160543441772e-01,1.996987909078598022e-01,4.030303284525871277e-02,-1.418630778789520264e-01,-1.804910451173782349e-01,-2.069777548313140869e-01,-2.599087655544281006e-01,-1.332904994487762451e-01,-1.364642679691314697e-01,4.378896951675415039e-02,-1.461346596479415894e-01,-1.545090079307556152e-01,-2.245878428220748901e-02,-1.794161945581436157e-01,-2.326527051627635956e-02,-1.090174093842506409e-01,-3.175632283091545105e-02,-7.833795249462127686e-02,-1.281612962484359741e-01,5.996667593717575073e-02,1.473900228738784790e-01,4.650643467903137207e-02,2.329291217029094696e-02,2.901883982121944427e-02,1.898437179625034332e-02,-1.058495137840509415e-02,-1.143557578325271606e-01,-1.489258259534835815e-01,-7.102991640567779541e-02,-2.043646275997161865e-01,-2.888090535998344421e-02,-2.493443153798580170e-02,2.312401831150054932e-01,1.342873722314834595e-01,-1.874154508113861084e-01,-7.997842878103256226e-02,2.255355380475521088e-02,-3.677862137556076050e-02,6.144464388489723206e-02,-1.195413712412118912e-02
1.818842291831970215e-01,1.775191910564899445e-02,2.328940182924270630e-01,7.231649011373519897e-02,-2.297022193670272827e-02,6.258603185415267944e-02,5.497491955757141113e-01,3.113073408603668213e-01,6.167114526033401489e-02,2.573613226413726807e-01,6.436599493026733398e-01,4.200794696807861328e-01,0.000000000000000000e+00,3.312074840068817139e-01,9.546024352312088013e-02,1.355989724397659302e-01,1.265105158090591431e-01,1.459561884403228760e-01,2.511487305164337158e-01,-3.632576554082334042e-04,1.027047634124755859e-01,-1.305052638053894043e-01,3.180234432220458984e-01,1.694979667663574219e-01,1.151171475648880005e-01,-6.387843936681747437e-02,-8.658751100301742554e-02,9.009904414415359497e-02,2.146075665950775146e-01,1.043273210525512695e-01,1.717633306980133057e-01,1.107254698872566223e-01,-7.997351139783859253e-02,-5.690256133675575256e-03,1.767595880664885044e-03,-2.436828911304473877e-01,-2.161235213279724121e-01,-1.758044809103012085e-01,6.061912700533866882e-02,-2.595100402832031250e-01,1.669009625911712646e-01,-2.745153605937957764e-01,-1.548293232917785645e-01,-2.535074949264526367e-01,-1.760913617908954620e-02,-2.383599728345870972e-01,-2.746424674987792969e-01,-3.330592513084411621e-01,-2.308691591024398804e-01,-2.247350811958312988e-01,-1.913554370403289795e-01,-1.591577678918838501e-01,-2.451483756303787231e-01,-2.298210412263870239e-01,-1.894816607236862183e-01,-3.387019038200378418e-01,-7.917519658803939819e-02,-5.783689022064208984e-02,-7.725432515144348145e-02,-1.743805855512619019e-01,2.280542440712451935e-02,-3.214333578944206238e-02,-2.068874090909957886e-01,7.205634564161300659e-02,3.712038993835449219e-01,2.244291454553604126e-01,-1.807570159435272217e-01,-2.392466068267822266e-01,-9.602987021207809448e-02,-2.243348360061645508e-01,2.459944933652877808e-01,1.554713249206542969e-01,3.535152375698089600e-01,3.300172984600067139e-01,-1.164824888110160828e-02,1.034373492002487183e-01,-7.917827926576137543e-03,1.207803785800933838e-01,8.593785017728805542e-02,-1.832014136016368866e-02,-4.537813365459442139e-02,-8.801516145467758179e-02,-2.305956631898880005e-01,-2.246881723403930664e-01,6.410489976406097412e-02,-4.726757109165191650e-02,-1.995912790298461914e-01,-1.446907818317413330e-01,1.360728591680526733e-01,-1.927521973848342896e-01,2.460272610187530518e-02,4.300747811794281006e-02,-6.730757653713226318e-02,1.145740672945976257e-01,-8.147273957729339600e-02,4.232211410999298096e-02,5.017920583486557007e-02,-5.716131627559661865e-02,5.495231598615646362e-02,3.528893366456031799e-02,-6.952004879713058472e-02,5.379922315478324890e-02,4.356249049305915833e-02,-9.493380784988403320e-02,-5.753153562545776367e-02,-5.496902391314506531e-02,-1.265029460191726685e-01,-1.291862130165100098e-01,1.890653669834136963e-01,1.283726468682289124e-02,-3.054906129837036133e-01,-1.139947213232517242e-02,-5.083887279033660889e-02,1.822321675717830658e-02,8.512240648269653320e-02,7.242920994758605957e-02
