0.000000000000000000e+00,5.516830682754516602e-01,-7.680545747280120850e-02,-1.678234934806823730e-01,9.687854349613189697e-02,-8.086208999156951904e-02,-1.190271507948637009e-02,-2.207150012254714966e-01,2.272786945104598999e-01,1.624412685632705688e-01,-4.550236463546752930e-02,-1.739086359739303589e-01,3.993031714344397187e-05,-2.208193391561508179e-01,1.615269035100936890e-01,1.174249337054789066e-03,4.229263365268707275e-01,-7.792741525918245316e-03,4.365870058536529541e-01,5.516955852508544922e-01,4.160054400563240051e-02,4.823633655905723572e-02,-3.972422480583190918e-01,-3.775843083858489990e-01,-3.397741019725799561e-01,-3.193830847740173340e-01,-1.599238216876983643e-01,-1.963154375553131104e-01,2.531677186489105225e-01,9.306555986404418945e-02,-2.089281082153320312e-01,-3.481658101081848145e-01,7.591098546981811523e-02,-2.898348681628704071e-02,-3.018148541450500488e-01,-1.928134411573410034e-01,2.238269001245498657e-01,1.524043679237365723e-01,-1.871895790100097656e-01,-7.931149005889892578e-02,1.090162098407745361e-01,1.461628675460815430e-01,-4.839857295155525208e-02,7.619901746511459351e-02,7.280734367668628693e-03,1.154297031462192535e-02,-1.365284323692321777e-01,8.261877298355102539e-02,-1.852407753467559814e-01,8.892937749624252319e-02,-2.740314900875091553e-01,-1.797903887927532196e-02,-3.209463655948638916e-01,2.529943585395812988e-01,-2.763434350490570068e-01,3.450204432010650635e-01,5.952008962631225586e-01,4.849914014339447021e-01,1.587875038385391235e-01,3.344520032405853271e-01,1.930575668811798096e-01,2.230245918035507202e-01,5.164383053779602051e-01,3.133549690246582031e-01,-3.585081994533538818e-01,-2.824433445930480957e-01,-2.393295522779226303e-03,1.108636781573295593e-01,5.067617297172546387e-01,5.043766498565673828e-01,-1.993646025657653809e-01,-2.762292921543121338e-01,-1.588252633810043335e-01,-5.743550509214401245e-02,-1.033685132861137390e-01,-1.133268624544143677e-01,-5.197684094309806824e-02,-7.010704278945922852e-02,-1.530965119600296021e-01,4.445594921708106995e-02,1.249384433031082153e-01,2.375594973564147949e-01,7.887085527181625366e-02,1.243643164634704590e-01,-2.278994172811508179e-01,3.816293925046920776e-02,1.279572844505310059e-01,-1.836374588310718536e-02,-3.415341973304748535e-01,2.480082362890243530e-01,-4.821029603481292725e-01,-1.787599772214889526e-01,-4.803553521633148193e-01,-1.630839146673679352e-02,-1.852061226963996887e-02,1.276540011167526245e-01,6.392438709735870361e-02,6.527184695005416870e-02,-6.739600747823715210e-02,-1.188225001096725464e-01,-3.153519332408905029e-01,1.515574939548969269e-02,1.524972766637802124e-01,1.704263538122177124e-01,-3.141317665576934814e-01,-2.260886728763580322e-01,3.881540521979331970e-02,2.102613449096679688e-01,-1.945210844278335571e-01,4.435053095221519470e-02,-8.169741928577423096e-02,-2.983475625514984131e-01,-1.747557371854782104e-01,2.290105521678924561e-01,-1.800260245800018311e-01,-1.054538637399673462e-01
5.516830682754516602e-01,0.000000000000000000e+00,-1.704670190811157227e-01,-9.041225910186767578e-02,4.760918673127889633e-03,-5.073098093271255493e-02,-2.825421392917633057e-01,-1.652733534574508667e-01,2.323769927024841309e-01,1.680605560541152954e-01,-2.262056618928909302e-01,-1.271151155233383179e-01,-1.550041586160659790e-01,-1.270888298749923706e-01,1.666417568922042847e-01,5.502823367714881897e-02,3.902498781681060791e-01,1.837214827537536621e-01,2.288397103548049927e-01,5.476218461990356445e-01,9.226115792989730835e-02,1.366895884275436401e-01,-4.109783470630645752e-01,-2.833505570888519287e-01,-2.119950950145721436e-01,-1.440313011407852173e-01,-1.111823096871376038e-01,-2.103524804115295410e-01,-5.613372195512056351e-03,1.341506391763687134e-01,-2.206052094697952271e-01,-3.071945309638977051e-01,8.365355432033538818e-02,1.098939925432205200e-01,-2.066391557455062866e-01,-7.936559617519378662e-02,2.429719865322113037e-01,2.435254454612731934e-01,-1.087387725710868835e-01,-4.164236597716808319e-03,2.084633708000183105e-02,1.312884688377380371e-01,5.865540727972984314e-02,1.325249969959259033e-01,1.128052845597267151e-01,1.220301464200019836e-01,-1.767945587635040283e-01,-3.376691043376922607e-02,-2.334390431642532349e-01,6.995340436697006226e-02,-2.697038054466247559e-01,-1.669495999813079834e-01,-3.165124952793121338e-01,2.020682394504547119e-02,-2.063674926757812500e-01,2.559682726860046387e-01,7.502458691596984863e-01,7.971102595329284668e-01,2.696349751204252243e-03,3.797078430652618408e-01,3.847708692774176598e-03,1.469147652387619019e-01,5.325146317481994629e-01,5.338391661643981934e-01,-3.197742998600006104e-01,-1.169393137097358704e-01,5.791072174906730652e-02,2.239465415477752686e-01,6.924632191658020020e-01,6.534153223037719727e-01,-2.634180486202239990e-01,-3.396293222904205322e-01,-3.604585230350494385e-01,-1.684792041778564453e-01,-2.505252659320831299e-01,-7.279659062623977661e-02,-1.273036450147628784e-01,-7.705251872539520264e-02,-3.703414695337414742e-03,-4.002238810062408447e-02,3.211119174957275391e-01,4.011319279670715332e-01,1.075744032859802246e-01,2.310122400522232056e-01,-3.195174336433410645e-01,-7.115069776773452759e-02,9.712772071361541748e-02,5.015175789594650269e-02,-1.883009225130081177e-01,2.980721369385719299e-02,-3.868671655654907227e-01,-4.100806713104248047e-01,-3.746268451213836670e-01,-1.232764050364494324e-01,-8.372597396373748779e-02,1.019707545638084412e-01,1.115640774369239807e-01,-2.943078055977821350e-02,-2.420589327812194824e-01,-3.474696874618530273e-01,-2.440160959959030151e-01,-8.800854533910751343e-02,1.693965345621109009e-01,8.222799003124237061e-02,-3.279427886009216309e-01,-3.763709068298339844e-01,1.514630913734436035e-01,2.183261662721633911e-01,-2.086118012666702271e-01,5.681545659899711609e-02,-8.996251225471496582e-02,-2.787495255470275879e-01,-1.975473612546920776e-01,2.455484867095947266e-01,-2.610079050064086914e-01,-1.187479123473167419e-01
-7.680545747280120850e-02,-1.704670190811157227e-01,0.000000000000000000e+00,6.068122386932373047e-01,-3.543476760387420654e-01,-4.252014458179473877e-01,5.565514564514160156e-01,3.956964910030364990e-01,-5.435311198234558105e-01,-4.834511280059814453e-01,2.062914520502090454e-01,3.385921716690063477e-01,1.736006289720535278e-01,2.042555660009384155e-01,-3.991115987300872803e-01,-3.896065354347229004e-01,-3.743538260459899902e-02,-1.981392875313758850e-02,-5.406232550740242004e-02,-2.154047251679003239e-04,-3.382644057273864746e-02,4.577450826764106750e-02,6.663955450057983398e-01,5.892168283462524414e-01,-2.840113043785095215e-01,-2.860438823699951172e-01,-2.514158189296722412e-01,-1.464491337537765503e-01,-1.358528584241867065e-01,-1.037817969918251038e-01,-1.687237769365310669e-01,-2.853843010962009430e-02,4.965372383594512939e-02,-6.539718713611364365e-03,2.279019653797149658e-01,1.030050814151763916e-01,4.185316339135169983e-02,5.816060677170753479e-02,-1.296027451753616333e-01,-1.677510440349578857e-01,-1.546948552131652832e-01,-1.241962332278490067e-02,-6.674307584762573242e-02,-2.975999936461448669e-02,3.290032036602497101e-03,1.325481683015823364e-01,3.339209780097007751e-02,9.651733189821243286e-02,8.300920575857162476e-02,-2.517636865377426147e-02,-5.124768987298011780e-02,-6.463096290826797485e-02,-9.105619788169860840e-02,9.893829375505447388e-02,-5.098586902022361755e-02,7.931733131408691406e-02,-5.243026185780763626e-03,-9.918132424354553223e-02,-1.443389356136322021e-01,-5.096200704574584961e-01,-2.275307625532150269e-01,-2.314607501029968262e-01,-1.637200117111206055e-01,-1.596776992082595825e-01,2.448860406875610352e-01,3.910566680133342743e-03,-1.696661710739135742e-01,1.712223887443542480e-02,-3.974005579948425293e-02,-8.246062695980072021e-02,-1.315226685255765915e-02,-3.165088593959808350e-02,-1.105035319924354553e-01,-1.176927685737609863e-01,1.561951264739036560e-02,3.043374978005886078e-02,-2.713347785174846649e-02,7.595188915729522705e-02,-1.810264438390731812e-01,-3.202201426029205322e-02,-1.064411178231239319e-01,-5.485046282410621643e-02,-2.582864463329315186e-01,-1.740111410617828369e-01,-1.542420089244842529e-01,1.544624119997024536e-01,-1.773233413696289062e-01,-1.779637187719345093e-01,-2.730144560337066650e-01,9.094552695751190186e-02,-5.651379935443401337e-03,1.380698233842849731e-01,-4.967936500906944275e-02,1.352434605360031128e-01,7.477460056543350220e-02,1.158691346645355225e-01,-1.456777751445770264e-02,-1.325385179370641708e-02,-1.890389621257781982e-01,-1.112956106662750244e-01,-1.968544274568557739e-01,1.508317291736602783e-01,-3.108077347278594971e-01,-4.113291203975677490e-02,2.500355243682861328e-02,1.794185489416122437e-01,-9.180583804845809937e-02,4.758857656270265579e-03,-8.627019077539443970e-02,8.139060228131711483e-04,-1.174221858382225037e-01,-8.377004414796829224e-02,-2.131968438625335693e-01,1.019217893481254578e-01,8.061119168996810913e-02,1.064471155405044556e-01
-1.678234934806823730e-01,-9.041225910186767578e-02,6.068122386932373047e-01,0.000000000000000000e+00,-4.960968494415283203e-01,-4.022535085678100586e-01,3.855734467506408691e-01,6.834470629692077637e-01,-5.271778702735900879e-01,-6.050953269004821777e-01,9.110213071107864380e-02,5.241360664367675781e-01,1.469913274049758911e-01,5.035221576690673828e-01,-5.622680783271789551e-01,-4.021500945091247559e-01,-1.763855516910552979e-01,1.083628758788108826e-01,-1.105446591973304749e-01,5.649621598422527313e-04,5.895500630140304565e-02,4.021758958697319031e-02,5.945322513580322266e-01,7.005796432495117188e-01,-3.017537295818328857e-01,-1.934957057237625122e-01,-1.004687175154685974e-01,-1.483778059482574463e-01,-2.868157923221588135e-01,-9.198660962283611298e-03,-1.406422853469848633e-01,9.555162489414215088e-02,-6.968093663454055786e-02,-1.193761546164751053e-02,6.822164356708526611e-02,3.122974187135696411e-02,-1.684784144163131714e-01,-1.133371442556381226e-01,-3.542766273021697998e-01,-2.621471285820007324e-01,1.228361297398805618e-02,-2.405228465795516968e-02,7.001238316297531128e-02,-1.184750348329544067e-03,5.128991603851318359e-02,1.630863845348358154e-01,1.770665049552917480e-01,7.357240468263626099e-02,1.032800450921058655e-01,2.483369968831539154e-02,4.578275978565216064e-02,-4.907575249671936035e-02,1.656605675816535950e-02,-9.612704813480377197e-02,-5.941974371671676636e-02,-1.078593432903289795e-01,-4.283980280160903931e-02,-2.305619232356548309e-02,-4.546054825186729431e-02,-3.210934102535247803e-01,-1.621462851762771606e-01,-1.294134557247161865e-01,-1.692352741956710815e-01,-7.204229384660720825e-02,1.176115125417709351e-01,-1.176511496305465698e-02,-2.191015779972076416e-01,-7.298897951841354370e-02,-7.298158109188079834e-02,-8.323664218187332153e-02,5.892264842987060547e-02,8.321241289377212524e-02,-5.756267160177230835e-02,4.737858474254608154e-02,-1.941799074411392212e-01,-1.301329284906387329e-01,-2.409229613840579987e-02,-3.514549508690834045e-02,-6.976021826267242432e-02,-2.096685171127319336e-01,1.165080294013023376e-01,-5.373948719352483749e-03,-3.777462840080261230e-01,-2.142698168754577637e-01,-8.559428155422210693e-02,-9.215840697288513184e-02,-4.097248017787933350e-01,-3.955576419830322266e-01,4.770633578300476074e-02,4.811313468962907791e-03,4.541755840182304382e-02,1.647099554538726807e-01,8.089715987443923950e-02,2.529229596257209778e-02,2.795972488820552826e-02,3.472213074564933777e-02,-2.169753611087799072e-01,-2.263837009668350220e-01,-1.226233839988708496e-01,-8.227615058422088623e-02,-1.977770030498504639e-01,-1.940583065152168274e-02,-2.981331944465637207e-01,-2.732942104339599609e-01,2.063329368829727173e-01,4.502387717366218567e-02,-1.446687877178192139e-01,-2.446533888578414917e-01,2.365323901176452637e-02,-3.264385461807250977e-02,-1.362482160329818726e-01,-2.517501823604106903e-02,-8.719144016504287720e-02,3.963103517889976501e-02,4.045786336064338684e-02,1.960589438676834106e-01
9.687854349613189697e-02,4.760918673127889633e-03,-3.543476760387420654e-01,-4.960968494415283203e-01,0.000000000000000000e+00,3.463173508644104004e-01,-2.920508086681365967e-01,-2.679989039897918701e-01,5.906360745429992676e-01,4.625560939311981201e-01,-2.918191440403461456e-02,-3.020409941673278809e-01,-6.259112060070037842e-02,-3.002516925334930420e-01,5.663897395133972168e-01,3.486082255840301514e-01,2.585873305797576904e-01,8.737090229988098145e-02,9.512132406234741211e-02,-2.015891298651695251e-02,7.685843110084533691e-02,-7.453451305627822876e-02,-3.205630779266357422e-01,-4.766799509525299072e-01,2.060035169124603271e-01,-6.331825256347656250e-02,4.685310646891593933e-02,2.199668884277343750e-01,1.941929012537002563e-01,4.925851896405220032e-02,-1.497682835906744003e-02,-8.471079915761947632e-02,1.516687311232089996e-02,9.757884778082370758e-03,-4.980134218931198120e-02,-8.558516204357147217e-02,1.414749175310134888e-01,3.009243495762348175e-02,1.463406533002853394e-01,8.413984626531600952e-02,8.608811348676681519e-02,5.016456544399261475e-02,-3.960235416889190674e-02,2.603277005255222321e-02,3.854304552078247070e-02,-5.439617857336997986e-02,-7.856631278991699219e-02,2.796581946313381195e-03,2.431859821081161499e-02,4.072812944650650024e-02,3.392094001173973083e-02,9.082143194973468781e-03,6.668480485677719116e-02,-1.167025696486234665e-02,-1.953451707959175110e-02,-3.271446749567985535e-02,5.493308883160352707e-03,-3.207986056804656982e-02,4.314880445599555969e-02,1.022465080022811890e-01,2.203141301870346069e-01,1.492722034454345703e-01,1.433396041393280029e-01,7.964514195919036865e-02,4.001366719603538513e-02,-1.059593260288238525e-02,4.871958121657371521e-02,2.270860224962234497e-02,-4.553007893264293671e-03,1.145901810377836227e-02,-1.169402599334716797e-01,-2.380209416151046753e-01,-2.103555761277675629e-02,-4.816752672195434570e-02,1.733964830636978149e-01,2.336592413485050201e-02,2.108424901962280273e-01,9.373254328966140747e-02,-4.889027029275894165e-02,-1.156407445669174194e-01,8.840177953243255615e-02,-2.140501327812671661e-02,2.746716439723968506e-01,1.542214155197143555e-01,2.088382542133331299e-01,-1.033339351415634155e-01,3.662467598915100098e-01,1.728141605854034424e-01,4.959767684340476990e-02,-1.734722554683685303e-01,3.723764419555664062e-02,5.690710991621017456e-02,6.933357566595077515e-02,1.242720261216163635e-01,2.742374874651432037e-02,-1.429372280836105347e-01,1.827043145895004272e-01,1.748334169387817383e-01,5.021915212273597717e-02,-8.749225176870822906e-03,2.653841972351074219e-01,6.975211948156356812e-02,1.692294478416442871e-01,2.110185846686363220e-02,-1.438695788383483887e-01,-9.738678485155105591e-02,1.731993071734905243e-02,2.718577347695827484e-02,-6.367883086204528809e-02,3.019881621003150940e-02,5.670521035790443420e-02,-1.111855357885360718e-01,1.877055764198303223e-01,-1.204696297645568848e-01,-4.894903674721717834e-02,-1.984478086233139038e-01
-8.086208999156951904e-02,-5.073098093271255493e-02,-4.252014458179473877e-01,-4.022535085678100586e-01,3.463173508644104004e-01,0.000000000000000000e+00,-4.124369919300079346e-01,-3.601879179477691650e-01,3.363451361656188965e-01,3.688868880271911621e-01,-1.191817894577980042e-01,-3.134177029132843018e-01,-1.595914065837860107e-01,-2.598238885402679443e-01,3.636822700500488281e-01,3.532886207103729248e-01,-6.252782046794891357e-02,-2.312416732311248779e-01,5.226724594831466675e-02,3.548447275534272194e-03,1.472654491662979126e-01,1.677904725074768066e-01,-2.162305861711502075e-01,-2.360424399375915527e-01,3.834025263786315918e-01,4.893977642059326172e-01,2.807198762893676758e-01,3.866988122463226318e-01,1.563543267548084259e-02,-1.396519988775253296e-01,4.475725293159484863e-01,2.602599561214447021e-01,7.209489494562149048e-02,6.817667931318283081e-02,1.369560360908508301e-01,1.197315976023674011e-01,1.311004161834716797e-01,6.252858042716979980e-02,3.622604608535766602e-01,3.264029324054718018e-01,1.334723830223083496e-01,9.726894646883010864e-02,-1.670032739639282227e-01,-2.100425511598587036e-01,-1.372926533222198486e-01,-2.852393686771392822e-01,-2.572866678237915039e-01,-1.804895848035812378e-01,-2.311635315418243408e-01,-1.696015596389770508e-01,-3.837634995579719543e-02,-7.062806189060211182e-02,2.660194784402847290e-02,-1.984066516160964966e-01,4.112905822694301605e-03,-1.338054835796356201e-01,-9.973534196615219116e-02,-3.868223726749420166e-02,-2.030286788940429688e-01,2.382810711860656738e-01,-6.548276543617248535e-02,5.682310834527015686e-02,2.692559920251369476e-02,-1.347443312406539917e-01,7.191094011068344116e-02,1.952968090772628784e-01,1.720368862152099609e-01,1.767050921916961670e-01,-7.572636008262634277e-02,1.312253624200820923e-02,2.839510440826416016e-01,2.002098411321640015e-01,2.890549600124359131e-01,1.857057213783264160e-01,3.114834427833557129e-02,-1.035064533352851868e-01,1.142572611570358276e-01,1.856843940913677216e-02,1.262120008468627930e-01,-4.419485852122306824e-02,-5.110109969973564148e-02,-7.385614514350891113e-02,2.535546720027923584e-01,6.212273240089416504e-02,8.118178695440292358e-02,-7.319825142621994019e-02,2.387505471706390381e-01,2.995308637619018555e-01,1.249930188059806824e-01,-5.613389611244201660e-02,7.176966965198516846e-02,6.018422544002532959e-03,1.007400453090667725e-01,9.771763347089290619e-03,-1.911807619035243988e-02,-1.123775914311408997e-01,4.977758601307868958e-02,1.390268467366695404e-02,6.402250379323959351e-02,6.093483045697212219e-02,2.028606981039047241e-01,-8.270527422428131104e-02,1.214537248015403748e-01,-1.443976163864135742e-02,-5.902634933590888977e-02,-1.141973957419395447e-01,-1.796133071184158325e-02,1.952524035004898906e-04,8.643450587987899780e-02,-1.878411471843719482e-01,1.871816962957382202e-01,-3.294046968221664429e-02,1.358231157064437866e-01,-3.105682432651519775e-01,-9.289991855621337891e-02,-1.056495308876037598e-01
-1.190271507948637009e-02,-2.825421392917633057e-01,5.565514564514160156e-01,3.855734467506408691e-01,-2.920508086681365967e-01,-4.124369919300079346e-01,0.000000000000000000e+00,4.218865334987640381e-01,-3.692738711833953857e-01,-2.604814767837524414e-01,4.341933727264404297e-01,3.082524538040161133e-01,3.424235582351684570e-01,1.258804649114608765e-01,-2.991814613342285156e-01,-2.964447736740112305e-01,-6.529178470373153687e-02,3.782468382269144058e-03,1.916550099849700928e-01,2.279135584831237793e-02,-1.994151324033737183e-01,-1.419439017772674561e-01,4.372327327728271484e-01,3.053489327430725098e-01,-1.961850523948669434e-01,-2.830248177051544189e-01,-2.772165834903717041e-01,-2.061693370342254639e-01,1.011277586221694946e-01,-8.594906330108642578e-02,-2.016527056694030762e-01,-8.307098597288131714e-02,7.847382873296737671e-02,6.091235950589179993e-02,6.080674007534980774e-02,-3.504997119307518005e-02,-1.139042899012565613e-01,-4.850365594029426575e-02,-1.653731614351272583e-01,-1.903032213449478149e-01,-7.876047492027282715e-02,-1.003768146038055420e-01,-8.599216490983963013e-02,1.431575510650873184e-02,-1.667183935642242432e-01,9.625060856342315674e-02,4.749754071235656738e-02,-1.480675488710403442e-02,1.094520092010498047e-01,-3.643369302153587341e-02,2.704396843910217285e-02,1.505357772111892700e-02,6.004820764064788818e-02,2.453119754791259766e-01,3.719579800963401794e-02,7.021270692348480225e-02,-2.024606317281723022e-01,-3.000591397285461426e-01,1.043708994984626770e-01,-4.471536576747894287e-01,2.192730903625488281e-01,-6.895122677087783813e-02,-2.329697757959365845e-01,-1.684756875038146973e-01,8.556739240884780884e-02,-1.529753506183624268e-01,-2.033843249082565308e-01,-2.569857537746429443e-01,-2.407095879316329956e-01,-2.164599001407623291e-01,-8.239012956619262695e-02,1.997580938041210175e-02,2.482935378793627024e-04,-9.459368139505386353e-02,1.712915599346160889e-01,1.580016016960144043e-01,7.150507718324661255e-02,1.305212825536727905e-01,-1.571817547082901001e-01,4.743139445781707764e-02,-3.153909146785736084e-01,-2.178045064210891724e-01,-2.079809755086898804e-01,-5.953773856163024902e-02,-1.024675145745277405e-01,6.525269150733947754e-02,-1.900582909584045410e-01,-1.874808967113494873e-01,-1.887923330068588257e-01,1.252756267786026001e-01,4.446324706077575684e-02,2.597520649433135986e-01,-6.756689399480819702e-03,2.479453086853027344e-01,8.142707496881484985e-02,3.676654025912284851e-02,-3.049501590430736542e-02,1.355759892612695694e-02,-1.714225299656391144e-02,1.034476161003112793e-01,-3.268938139081001282e-02,2.362696975469589233e-01,-1.564459353685379028e-01,5.420782417058944702e-02,1.210591718554496765e-01,1.953125745058059692e-01,-1.078453138470649719e-01,-2.247815765440464020e-02,-2.189132943749427795e-02,2.945830672979354858e-02,-8.379839360713958740e-02,-2.623444795608520508e-02,-3.242310136556625366e-02,1.109820697456598282e-02,6.564635783433914185e-02,1.276017278432846069e-01
-2.207150012254714966e-01,-1.652733534574508667e-01,3.956964910030364990e-01,6.834470629692077637e-01,-2.679989039897918701e-01,-3.601879179477691650e-01,4.218865334987640381e-01,0.000000000000000000e+00,-3.235140144824981689e-01,-4.304180443286895752e-01,2.724899649620056152e-01,6.165861487388610840e-01,2.395381331443786621e-01,5.508987307548522949e-01,-3.812062144279479980e-01,-3.512230217456817627e-01,-2.069832384586334229e-01,1.896865814924240112e-01,-2.700265729799866676e-03,-3.171107172966003418e-02,-8.510106056928634644e-02,-9.176015853881835938e-02,4.717588424682617188e-01,5.433120131492614746e-01,-1.626276373863220215e-01,-2.309249639511108398e-01,-1.165961176156997681e-01,-1.595001369714736938e-01,-2.460834383964538574e-01,-4.148776456713676453e-02,-2.253149747848510742e-01,5.879835039377212524e-02,-1.414404958486557007e-01,8.020734414458274841e-03,-4.730394482612609863e-02,-4.687191173434257507e-02,-3.327033519744873047e-01,-2.872354388236999512e-01,-3.705011606216430664e-01,-3.166986405849456787e-01,-2.571388892829418182e-02,-1.294694095849990845e-01,5.939078330993652344e-02,4.900360107421875000e-02,-2.329918928444385529e-02,1.590974181890487671e-01,1.997562944889068604e-01,8.704131469130516052e-03,1.726237833499908447e-01,2.568076737225055695e-02,1.975271701812744141e-01,-2.459364198148250580e-02,2.355601340532302856e-01,-1.601550579071044922e-01,4.250088334083557129e-02,-2.407741844654083252e-01,-2.042194753885269165e-01,-1.561406850814819336e-01,9.094875305891036987e-02,-2.986128628253936768e-01,1.524883955717086792e-01,6.171928718686103821e-02,-2.179165333509445190e-01,-3.068624995648860931e-02,6.172232702374458313e-02,-8.416449651122093201e-03,-2.575471699237823486e-01,-2.339042127132415771e-01,-2.184540033340454102e-01,-2.172574549913406372e-01,-4.181460291147232056e-02,4.148447141051292419e-02,-3.448458760976791382e-02,2.082629501819610596e-02,-9.674961119890213013e-02,-4.730651527643203735e-02,8.702266961336135864e-02,6.929326057434082031e-02,-5.373584479093551636e-02,-2.222910821437835693e-01,1.327317953109741211e-01,-1.180789694190025330e-01,-3.753026723861694336e-01,-2.009692639112472534e-01,-1.726490817964076996e-02,-2.505082488059997559e-01,-4.097221791744232178e-01,-4.617189168930053711e-01,2.094515711069107056e-01,-1.568378359079360962e-01,2.312428951263427734e-01,2.409175485372543335e-01,2.607685625553131104e-01,8.740551769733428955e-02,6.251872400753200054e-04,-5.421206355094909668e-02,-1.975811123847961426e-01,-2.187005728483200073e-01,-3.612973541021347046e-02,-1.413286663591861725e-02,5.361096560955047607e-02,2.754077315330505371e-02,-2.807875275611877441e-01,-3.618243634700775146e-01,2.912383675575256348e-01,-1.283295825123786926e-02,-1.236058697104454041e-01,-3.360829949378967285e-01,3.395693004131317139e-02,2.716946601867675781e-02,-1.655909866094589233e-01,6.977240741252899170e-02,6.630582362413406372e-02,-3.413293138146400452e-02,9.111420065164566040e-02,2.049514800310134888e-01
2.272786945104598999e-01,2.323769927024841309e-01,-5.435311198234558105e-01,-5.271778702735900879e-01,5.906360745429992676e-01,3.363451361656188965e-01,-3.692738711833953857e-01,-3.235140144824981689e-01,0.000000000000000000e+00,6.779152750968933105e-01,-7.610813528299331665e-02,-4.066044986248016357e-01,-1.140608862042427063e-01,-3.809532523155212402e-01,6.302718520164489746e-01,4.102293848991394043e-01,2.482827603816986084e-01,7.713756710290908813e-02,2.119509279727935791e-01,1.293840259313583374e-01,8.830398321151733398e-02,2.081202156841754913e-02,-4.684509336948394775e-01,-6.070591211318969727e-01,2.159633040428161621e-01,-2.037333883345127106e-02,-2.208449505269527435e-02,1.042642295360565186e-01,1.360152214765548706e-01,5.461124703288078308e-02,-1.342214737087488174e-02,-6.470786780118942261e-02,6.722924113273620605e-02,1.324913054704666138e-01,-3.942621871829032898e-02,-3.171431273221969604e-02,1.413243114948272705e-01,4.864099249243736267e-02,8.073401451110839844e-02,1.475421786308288574e-01,1.288316249847412109e-01,7.527029514312744141e-02,-3.027125261723995209e-02,-1.131792087107896805e-02,-8.570605516433715820e-02,-8.043911308050155640e-02,-1.721727997064590454e-01,-1.055056974291801453e-01,-1.667954474687576294e-01,-5.882063880562782288e-02,-6.267032027244567871e-02,-5.763873457908630371e-02,-2.013030275702476501e-02,-3.935369104146957397e-02,-1.106944978237152100e-01,-2.345535717904567719e-02,1.127642616629600525e-01,1.288818120956420898e-01,6.304845213890075684e-02,2.798872888088226318e-01,2.355789840221405029e-01,2.770220637321472168e-01,2.901444435119628906e-01,2.673751115798950195e-01,3.019361197948455811e-02,2.725798077881336212e-02,1.163231506943702698e-01,6.875247508287429810e-02,7.837323844432830811e-02,1.205568462610244751e-01,-1.470449715852737427e-01,-1.520563662052154541e-01,-3.230947628617286682e-02,4.681682586669921875e-02,4.489400610327720642e-02,1.202515605837106705e-02,6.156934052705764771e-02,-1.445761136710643768e-02,-7.872835546731948853e-02,-6.882724910974502563e-02,1.299712061882019043e-01,1.243702843785285950e-01,2.486422210931777954e-01,2.137037515640258789e-01,6.294258683919906616e-02,-1.263565868139266968e-01,3.336793184280395508e-01,9.898868948221206665e-02,5.733566731214523315e-02,-1.581545472145080566e-01,-4.542424529790878296e-02,-8.026241511106491089e-02,3.177049569785594940e-03,5.757291615009307861e-02,-1.307255625724792480e-01,-9.228582680225372314e-02,1.108444258570671082e-01,6.347590684890747070e-02,9.604864567518234253e-02,-1.192153524607419968e-02,1.678259819746017456e-01,5.039060115814208984e-02,1.877319514751434326e-01,1.444540452212095261e-02,-1.601702719926834106e-01,-1.823561042547225952e-01,1.042892783880233765e-01,3.904404491186141968e-02,-1.704182475805282593e-01,4.789712838828563690e-03,4.741184040904045105e-02,-1.467220634222030640e-01,1.591531038284301758e-01,-1.387173533439636230e-01,-1.239721402525901794e-01,-1.955627948045730591e-01
1.624412685632705688e-01,1.680605560541152954e-01,-4.834511280059814453e-01,-6.050953269004821777e-01,4.625560939311981201e-01,3.688868880271911621e-01,-2.604814767837524414e-01,-4.304180443286895752e-01,6.779152750968933105e-01,0.000000000000000000e+00,-7.019320502877235413e-03,-4.982238411903381348e-01,-1.621327102184295654e-01,-5.625281333923339844e-01,7.267169356346130371e-01,4.597703814506530762e-01,2.184241712093353271e-01,2.111124619841575623e-02,2.994807958602905273e-01,1.563574224710464478e-01,3.156846016645431519e-02,3.656934713944792747e-03,-4.186986088752746582e-01,-6.322210431098937988e-01,3.703178465366363525e-01,1.279810667037963867e-01,-1.054360065609216690e-02,5.704118311405181885e-02,1.250647157430648804e-01,-1.851953193545341492e-02,7.987926900386810303e-02,-7.455464452505111694e-02,1.229452043771743774e-01,2.003630101680755615e-01,6.660073995590209961e-02,3.939457237720489502e-02,1.846326142549514771e-01,1.080999001860618591e-01,1.856213361024856567e-01,2.372321337461471558e-01,7.935985922813415527e-02,4.792955517768859863e-02,-1.649646311998367310e-01,-8.822068572044372559e-02,-2.052609920501708984e-01,-1.795334666967391968e-01,-3.426138460636138916e-01,-2.594459652900695801e-01,-2.727285623550415039e-01,-2.391350567340850830e-01,-1.575372815132141113e-01,-1.826843321323394775e-01,-3.005230985581874847e-02,-5.130591336637735367e-03,-1.076166853308677673e-01,-4.304049536585807800e-02,5.957658588886260986e-02,9.354812651872634888e-02,-3.153359144926071167e-02,2.271339893341064453e-01,1.452926844358444214e-01,2.278217673301696777e-01,1.983328014612197876e-01,1.908161044120788574e-01,5.436054989695549011e-02,9.212347120046615601e-02,1.762946248054504395e-01,5.975613370537757874e-02,7.830943167209625244e-02,8.860773593187332153e-02,-1.042399629950523376e-01,-1.259017735719680786e-01,3.124365955591201782e-02,1.248531229794025421e-02,1.705781817436218262e-01,1.613196730613708496e-01,1.018575429916381836e-01,8.396147936582565308e-02,1.653578318655490875e-02,7.020533084869384766e-02,6.129142828285694122e-03,5.302876606583595276e-02,3.271932303905487061e-01,3.378916978836059570e-01,6.396114360541105270e-03,-9.796870872378349304e-03,3.902994692325592041e-01,2.846952378749847412e-01,-3.046930767595767975e-02,-1.194908395409584045e-01,-2.892417088150978088e-02,-1.113268136978149414e-01,-7.805522996932268143e-03,8.922241628170013428e-02,-4.064483568072319031e-02,-8.478617668151855469e-02,2.420477122068405151e-01,1.922494620084762573e-01,9.962905198335647583e-02,5.062307789921760559e-02,2.394969612360000610e-01,8.578890562057495117e-02,2.317958325147628784e-01,1.193024665117263794e-01,-1.741328388452529907e-01,-1.094059795141220093e-01,7.337677478790283203e-02,1.323152631521224976e-01,-1.165524497628211975e-01,3.217458352446556091e-02,1.088540628552436829e-01,-1.033386513590812683e-01,1.279513984918594360e-01,-2.174661606550216675e-01,-1.823024004697799683e-01,-2.142182737588882446e-01
-4.550236463546752930e-02,-2.262056618928909302e-01,2.062914520502090454e-01,9.110213071107864380e-02,-2.918191440403461456e-02,-1.191817894577980042e-01,4.341933727264404297e-01,2.724899649620056152e-01,-7.610813528299331665e-02,-7.019320502877235413e-03,0.000000000000000000e+00,2.507778704166412354e-01,6.191546916961669922e-01,2.084151953458786011e-01,3.038043342530727386e-02,3.351913392543792725e-02,-1.127586960792541504e-01,3.901926334947347641e-03,3.032867908477783203e-01,1.055776625871658325e-01,-9.257259219884872437e-02,-1.101075708866119385e-01,2.019964158535003662e-01,8.020970225334167480e-02,7.229091133922338486e-03,-1.890707761049270630e-01,-1.150104403495788574e-01,8.973896503448486328e-02,4.115249216556549072e-02,-2.160360366106033325e-01,-1.370482593774795532e-01,4.376809298992156982e-02,-1.136989444494247437e-01,-4.344130307435989380e-02,2.771052997559309006e-03,-4.514162242412567139e-02,-1.567604988813400269e-01,-1.928808391094207764e-01,-3.071390092372894287e-02,-7.070167362689971924e-02,2.789965458214282990e-02,-5.515424162149429321e-02,-1.800722777843475342e-01,-1.316687315702438354e-01,-2.904382646083831787e-01,-1.316359192132949829e-01,3.921805880963802338e-03,-4.800063744187355042e-02,-3.970822691917419434e-02,-1.292337924242019653e-01,8.033578284084796906e-03,-7.241868972778320312e-02,9.597088396549224854e-02,-1.013682130724191666e-02,-3.640470281243324280e-02,-1.289593279361724854e-01,-2.558881044387817383e-01,-2.892578542232513428e-01,-9.280966594815254211e-03,-2.576478421688079834e-01,1.366790682077407837e-01,2.928196638822555542e-02,-7.109891623258590698e-02,-1.043312698602676392e-01,9.370153397321701050e-02,-1.089067235589027405e-01,-2.464241981506347656e-01,-2.607299387454986572e-01,-2.628913521766662598e-01,-2.179761528968811035e-01,-1.157629396766424179e-02,2.098142951726913452e-01,1.198037415742874146e-01,1.464740000665187836e-02,-1.215264853090047836e-02,1.395396143198013306e-02,2.877272665500640869e-01,2.486529499292373657e-01,-5.255140736699104309e-02,-1.807799935340881348e-02,-2.239702343940734863e-01,-1.628145575523376465e-01,-2.559983730316162109e-01,-1.321654468774795532e-01,-2.145806849002838135e-01,-1.157738044857978821e-01,-1.694306582212448120e-01,-1.709659099578857422e-01,-5.274121463298797607e-02,4.341822490096092224e-02,8.407076448202133179e-02,2.910983860492706299e-01,6.336008757352828979e-02,1.116746887564659119e-01,-5.925269331783056259e-03,-1.284164786338806152e-01,-1.649207621812820435e-01,-1.538624018430709839e-01,2.431217283010482788e-01,1.864571124315261841e-01,1.045956760644912720e-01,1.281369626522064209e-01,-3.600717708468437195e-02,-1.099738851189613342e-02,1.992781609296798706e-01,9.952332824468612671e-02,-2.492181025445461273e-02,-1.771533638238906860e-01,6.450861692428588867e-02,-7.629419863224029541e-02,1.968132890760898590e-02,-5.659180134534835815e-02,1.247039213776588440e-01,-1.980119347572326660e-01,-2.110871428158134222e-04,5.299428850412368774e-02
-1.739086359739303589e-01,-1.271151155233383179e-01,3.385921716690063477e-01,5.241360664367675781e-01,-3.020409941673278809e-01,-3.134177029132843018e-01,3.082524538040161133e-01,6.165861487388610840e-01,-4.066044986248016357e-01,-4.982238411903381348e-01,2.507778704166412354e-01,0.000000000000000000e+00,2.207582145929336548e-01,5.972132682800292969e-01,-4.233703613281250000e-01,-2.750344276428222656e-01,-1.815228015184402466e-01,2.252158373594284058e-01,-1.130235865712165833e-01,-4.795107245445251465e-02,-2.501606941223144531e-01,-1.233233660459518433e-01,3.607263863086700439e-01,4.870985746383666992e-01,-1.526838690042495728e-01,-8.110627532005310059e-02,-8.591723628342151642e-03,-2.109429091215133667e-01,-2.680400907993316650e-01,-1.142110116779804230e-02,-1.803794503211975098e-01,-2.440740354359149933e-02,-2.479649484157562256e-01,-1.768198162317276001e-01,-1.326988339424133301e-01,-8.213762938976287842e-02,-3.576653003692626953e-01,-2.597432136535644531e-01,-2.738115787506103516e-01,-3.173243105411529541e-01,-2.640941143035888672e-01,-2.343318164348602295e-01,1.131815686821937561e-01,2.203681617975234985e-01,8.493972569704055786e-02,1.457707136869430542e-01,1.985516697168350220e-01,3.774221241474151611e-02,2.368463873863220215e-01,1.216686517000198364e-01,1.972688734531402588e-01,5.486968904733657837e-02,1.876761019229888916e-01,-1.327353119850158691e-01,1.838898360729217529e-01,-1.281840652227401733e-01,-1.293667554855346680e-01,-6.588830798864364624e-02,1.324700862169265747e-01,-2.403690516948699951e-01,9.834855049848556519e-02,6.787317991256713867e-02,-1.851373910903930664e-01,3.763639926910400391e-02,-3.438957408070564270e-02,9.334133006632328033e-03,-2.296591699123382568e-01,-2.309526056051254272e-01,-1.377025097608566284e-01,-1.504805684089660645e-01,-3.161197900772094727e-02,-5.299700796604156494e-02,-1.839470565319061279e-01,-1.783123314380645752e-01,-4.999530315399169922e-02,1.056610420346260071e-01,7.921619340777397156e-03,1.093947440385818481e-01,8.711402118206024170e-02,-7.829935289919376373e-03,6.617573648691177368e-02,-4.522208124399185181e-02,-3.190415501594543457e-01,-2.092465162277221680e-01,3.612456470727920532e-02,-1.063565537333488464e-01,-2.007772624492645264e-01,-2.194388210773468018e-01,1.440151482820510864e-01,-2.054402083158493042e-01,1.960247457027435303e-01,2.155995182693004608e-02,1.366928964853286743e-01,1.550169382244348526e-02,-1.450116932392120361e-01,5.778046697378158569e-02,-1.985275447368621826e-01,-2.199850827455520630e-01,-2.127340584993362427e-01,-1.230007708072662354e-01,7.750795781612396240e-02,-8.363061398267745972e-02,-2.732902169227600098e-01,-2.615063488483428955e-01,2.357971370220184326e-01,-1.483740471303462982e-02,3.632921352982521057e-02,-9.155985713005065918e-02,4.008869081735610962e-02,6.668275594711303711e-02,-3.026199936866760254e-01,1.219430044293403625e-01,-1.052255406975746155e-01,3.180239349603652954e-02,2.249073833227157593e-01,2.315553575754165649e-01
3.993031714344397187e-05,-1.550041586160659790e-01,1.736006289720535278e-01,1.469913274049758911e-01,-6.259112060070037842e-02,-1.595914065837860107e-01,3.424235582351684570e-01,2.395381331443786621e-01,-1.140608862042427063e-01,-1.621327102184295654e-01,6.191546916961669922e-01,2.207582145929336548e-01,0.000000000000000000e+00,3.565239012241363525e-01,-1.421144306659698486e-01,-9.004076942801475525e-03,-4.486952349543571472e-02,-3.885353356599807739e-02,1.699133813381195068e-01,5.499058961868286133e-02,1.551860570907592773e-01,1.069029886275529861e-02,1.829296350479125977e-01,1.492650061845779419e-01,-8.469820953905582428e-03,-1.785400509834289551e-01,-1.029149442911148071e-01,1.553686410188674927e-01,9.703058749437332153e-02,-9.690022096037864685e-03,-1.243576332926750183e-01,2.490510419011116028e-02,-1.253007501363754272e-01,-6.263829767704010010e-02,-1.250435113906860352e-01,-1.146103441715240479e-01,-1.355995982885360718e-01,-2.224897891283035278e-01,-3.650986030697822571e-02,-1.612360328435897827e-01,1.788139045238494873e-01,6.976260244846343994e-02,-4.246546328067779541e-02,-1.059849634766578674e-01,-1.297838091850280762e-01,-1.407217048108577728e-02,1.259717792272567749e-01,9.278570115566253662e-02,-3.872086759656667709e-03,1.270494982600212097e-02,5.292310938239097595e-02,6.212933734059333801e-02,3.742235153913497925e-02,2.355771698057651520e-02,-1.332318484783172607e-01,-3.826159611344337463e-02,-1.923495978116989136e-01,-2.553903758525848389e-01,2.029504440724849701e-02,-2.370658963918685913e-01,1.070579811930656433e-01,7.841316983103752136e-03,9.969159960746765137e-02,-6.636566668748855591e-02,2.138428948819637299e-02,-2.747127413749694824e-01,-2.187675535678863525e-01,-1.488135457038879395e-01,-2.327041327953338623e-01,-1.819982528686523438e-01,6.648731976747512817e-02,2.760939300060272217e-01,1.693570017814636230e-01,1.679126620292663574e-01,-1.590515375137329102e-01,-2.213874608278274536e-01,1.337454766035079956e-01,-1.214197953231632710e-03,-1.704112440347671509e-01,-1.867079436779022217e-01,2.934652380645275116e-02,1.428917422890663147e-02,-3.139114677906036377e-01,-2.879316210746765137e-01,-2.123709768056869507e-01,-1.242099106311798096e-01,-2.900843918323516846e-01,-4.197273254394531250e-01,3.797947242856025696e-02,2.025320976972579956e-01,-2.344785444438457489e-02,3.298777043819427490e-01,4.309925064444541931e-02,3.627391532063484192e-02,-3.771927580237388611e-02,5.963318049907684326e-03,-3.179245889186859131e-01,-2.262452989816665649e-01,2.447409480810165405e-01,1.563125103712081909e-01,-1.227158084511756897e-01,2.373641543090343475e-02,-1.420369595289230347e-01,-9.780719876289367676e-02,2.191236466169357300e-01,1.377685368061065674e-01,-1.085554435849189758e-01,-2.842554152011871338e-01,4.971462860703468323e-02,-2.001760527491569519e-02,-7.403975818306207657e-03,-9.400355815887451172e-02,9.437819570302963257e-02,-7.571335136890411377e-02,2.858341298997402191e-02,1.197571456432342529e-01
