0.000000000000000000e+00,4.692824482917785645e-01,4.977668523788452148e-01,4.862248301506042480e-01,-5.827011540532112122e-02,-1.559070497751235962e-01,2.450011074542999268e-01,3.307827115058898926e-01,-4.274694621562957764e-02,2.931011281907558441e-02,2.578632831573486328e-01,2.685512900352478027e-01,1.764732785522937775e-02,1.158555373549461365e-01,-3.692713752388954163e-02,-9.455724805593490601e-02,8.261439949274063110e-02,4.449389502406120300e-02,5.872328281402587891e-01,5.872507095336914062e-01,-1.693201959133148193e-01,-1.464143693447113037e-01,1.351434886455535889e-01,1.319965571165084839e-01,-7.573663443326950073e-02,-4.643690586090087891e-02,-1.572615206241607666e-01,-4.639709368348121643e-02,2.008216455578804016e-02,-1.567152887582778931e-01,-4.387972131371498108e-02,-4.254046082496643066e-02,1.542599052190780640e-01,1.469511687755584717e-01,-2.628138363361358643e-01,-3.904386162757873535e-01,-1.479867398738861084e-01,-2.850780263543128967e-02,-1.788124442100524902e-01,-5.315222591161727905e-02,-4.440578818321228027e-02,4.472521319985389709e-02,-3.356207907199859619e-01,-3.204986751079559326e-01,-1.438861526548862457e-02,-1.919334679841995239e-01,-1.711084842681884766e-01,-1.616737395524978638e-01,-2.367227971553802490e-01,-1.306642740964889526e-01,-9.708242118358612061e-02,-1.046568676829338074e-01,-1.269609034061431885e-01,-9.711951017379760742e-02,-1.135242357850074768e-01,-4.262246657162904739e-03,4.256591796875000000e-01,3.308025002479553223e-01,1.574669033288955688e-01,-1.570154167711734772e-02,1.117361411452293396e-01,-7.288266718387603760e-02,1.450647711753845215e-01,5.523013696074485779e-02,3.726134309545159340e-03,-1.617198437452316284e-01,-1.999795287847518921e-01,-2.500132024288177490e-01,5.803242921829223633e-01,2.506096959114074707e-01,2.369185537099838257e-02,4.214787110686302185e-02,-3.244014456868171692e-02,-5.799313634634017944e-02,-2.591501772403717041e-01,-2.696205377578735352e-01,-3.282446265220642090e-01,-3.333574235439300537e-01,-1.310371309518814087e-01,-1.816561967134475708e-01,-1.552199274301528931e-01,-1.926212161779403687e-01,-2.371344417333602905e-01,-1.662624478340148926e-01,-8.897753059864044189e-02,-2.341307103633880615e-01,-6.808507442474365234e-02,-1.598242074251174927e-01,-2.294453233480453491e-02,-1.728185415267944336e-01,-1.889630258083343506e-01,-1.287057846784591675e-01,-7.949092984199523926e-02,-4.079541936516761780e-02,-1.071832031011581421e-01,-7.100329548120498657e-02,-1.735085695981979370e-01,-1.115497350692749023e-01,-3.300545364618301392e-02,8.802049607038497925e-02,-8.931393176317214966e-02,-6.258600950241088867e-02,-1.385990977287292480e-01,-1.170985102653503418e-01,-4.204320535063743591e-02,-7.263997942209243774e-02,1.109382957220077515e-01,2.455436438322067261e-02,-8.369307033717632294e-03,5.254606530070304871e-02,-1.470204740762710571e-01,-1.197009831666946411e-01,-3.133386746048927307e-02,4.127682372927665710e-02,2.006834140047430992e-03,8.330870419740676880e-03
4.692824482917785645e-01,0.000000000000000000e+00,1.515555381774902344e-01,1.539071351289749146e-01,-7.420060038566589355e-02,-1.918613463640213013e-01,6.313294917345046997e-02,1.927544027566909790e-01,-1.105717942118644714e-01,2.994226291775703430e-02,1.772785931825637817e-01,3.125653266906738281e-01,3.542199358344078064e-02,1.698630601167678833e-01,-1.034536883234977722e-01,1.107054017484188080e-02,1.612922698259353638e-01,1.450697630643844604e-01,1.960381269454956055e-01,2.497931718826293945e-01,-9.911211580038070679e-02,-1.393743455410003662e-01,2.609768137335777283e-02,-6.412686407566070557e-02,-5.380172654986381531e-02,-6.093202903866767883e-02,-1.036418080329895020e-01,-3.978560119867324829e-02,-5.138398706912994385e-02,-4.634268581867218018e-02,2.375580370426177979e-02,3.346801176667213440e-02,2.427246272563934326e-01,2.054142206907272339e-01,-9.517028927803039551e-02,-2.563388347625732422e-01,-1.441191136837005615e-01,-1.259024888277053833e-01,-2.114724218845367432e-01,-1.196068897843360901e-01,-3.882459551095962524e-02,-1.617259904742240906e-02,-3.829219639301300049e-01,-4.342584013938903809e-01,1.814552545547485352e-01,-4.625357314944267273e-02,-1.740131229162216187e-01,-2.244375646114349365e-01,-1.960565745830535889e-01,-9.211544692516326904e-02,-1.888576596975326538e-01,-1.455173045396804810e-01,-5.058593675494194031e-02,-1.310264915227890015e-01,-1.958971768617630005e-01,-8.946618437767028809e-02,6.518656015396118164e-01,6.968840360641479492e-01,1.856487989425659180e-01,2.679469883441925049e-01,9.986787289381027222e-02,5.779496207833290100e-02,1.417267620563507080e-01,8.790571242570877075e-02,4.677234590053558350e-02,2.828500233590602875e-02,-2.452959539368748665e-03,8.282221853733062744e-02,5.032817721366882324e-01,4.893452227115631104e-01,-1.123973131179809570e-01,-1.345552355051040649e-01,-1.565504521131515503e-01,-1.577966809272766113e-01,-3.395959138870239258e-01,-2.669524550437927246e-01,-4.039795994758605957e-01,-4.104589819908142090e-01,-1.913890689611434937e-01,-2.172787487506866455e-01,-2.404462248086929321e-01,-2.653788030147552490e-01,-1.434990614652633667e-01,-1.871875971555709839e-01,-6.047223135828971863e-02,-1.037739515304565430e-01,5.002754274755716324e-03,-1.826837100088596344e-02,8.915743976831436157e-02,9.225782752037048340e-02,-3.640781641006469727e-01,-2.351323813199996948e-01,-1.756196171045303345e-01,-1.366223543882369995e-01,-1.946659833192825317e-01,-8.297166228294372559e-02,-3.547167181968688965e-01,-3.464502692222595215e-01,-2.629099488258361816e-01,-2.063529938459396362e-01,-9.232535958290100098e-02,-1.063142418861389160e-01,-9.014335274696350098e-02,-1.275884509086608887e-01,-5.538180470466613770e-03,-8.229487389326095581e-02,7.093799114227294922e-02,8.609566837549209595e-02,1.271664053201675415e-01,-7.607049494981765747e-02,-3.272490799427032471e-01,-2.795767188072204590e-01,-2.652600407600402832e-01,-4.307097569108009338e-02,-7.787940651178359985e-02,-6.416297703981399536e-02
4.977668523788452148e-01,1.515555381774902344e-01,0.000000000000000000e+00,6.521967649459838867e-01,4.511216655373573303e-02,-4.966814070940017700e-02,4.814750552177429199e-01,2.623231410980224609e-01,5.324649438261985779e-02,4.858735203742980957e-02,9.724029898643493652e-02,-3.015268407762050629e-02,6.396750360727310181e-02,1.328208111226558685e-02,1.431186348199844360e-01,-6.656014174222946167e-02,-1.266147643327713013e-01,-1.465629190206527710e-01,6.222348809242248535e-01,6.251267790794372559e-01,-4.864836856722831726e-02,-1.204641163349151611e-01,4.745445847511291504e-01,3.808082044124603271e-01,4.426650702953338623e-02,4.985981434583663940e-02,-1.819653660058975220e-01,-6.673363596200942993e-02,-1.284515261650085449e-01,-1.952885240316390991e-01,-1.021371185779571533e-01,-5.668158084154129028e-02,-6.941831856966018677e-02,-5.723898857831954956e-02,-1.273890733718872070e-01,-2.697200775146484375e-01,-4.104306921362876892e-02,3.192763030529022217e-02,1.895424164831638336e-02,2.645837143063545227e-02,-1.173090469092130661e-02,4.814150929450988770e-02,-2.272656857967376709e-01,-1.947382837533950806e-01,-5.929207429289817810e-02,-2.779721021652221680e-01,-1.853691488504409790e-01,-1.580212563276290894e-01,-3.124054670333862305e-01,-2.225280106067657471e-01,-1.017462015151977539e-01,-1.001493111252784729e-01,-1.403010338544845581e-01,-9.103889018297195435e-02,-7.379693537950515747e-02,-9.057953953742980957e-03,5.291514098644256592e-02,1.061476953327655792e-02,-4.453530535101890564e-02,-2.223359495401382446e-01,1.174772381782531738e-01,-5.340509861707687378e-02,-5.180933326482772827e-02,-1.510058790445327759e-01,1.922765076160430908e-01,-2.973015792667865753e-02,-2.379311770200729370e-01,-3.676519393920898438e-01,4.534814953804016113e-01,3.240590170025825500e-02,5.764918867498636246e-03,-4.061713442206382751e-02,-7.996119558811187744e-02,-1.041903495788574219e-01,-1.813898235559463501e-01,-2.418614774942398071e-01,-1.984744518995285034e-01,-2.080713957548141479e-01,-8.021729066967964172e-03,-1.504984647035598755e-01,-9.287251532077789307e-02,-1.223959252238273621e-01,-8.089207857847213745e-02,-1.037800014019012451e-01,6.306764483451843262e-02,-1.356540173292160034e-01,6.242249161005020142e-02,-8.256176114082336426e-02,1.415824294090270996e-01,-2.089564353227615356e-01,9.507481008768081665e-03,-3.516708966344594955e-03,3.856963664293289185e-02,6.674213707447052002e-02,-1.447619497776031494e-02,5.637776851654052734e-02,1.866172440350055695e-02,-2.170772477984428406e-02,1.716167181730270386e-01,2.729149162769317627e-01,-1.166948769241571426e-02,-3.685683757066726685e-02,-5.509256944060325623e-02,-7.652659714221954346e-02,2.572885155677795410e-02,1.647367142140865326e-02,1.691689342260360718e-01,5.191974714398384094e-02,-1.172395888715982437e-02,7.651481032371520996e-02,-4.115033149719238281e-02,1.218496728688478470e-02,4.120454192161560059e-02,1.207952275872230530e-01,8.886627852916717529e-02,1.642069667577743530e-01
4.862248301506042480e-01,1.539071351289749146e-01,6.521967649459838867e-01,0.000000000000000000e+00,6.737242639064788818e-02,-3.617412969470024109e-02,3.363431692123413086e-01,3.762517869472503662e-01,9.623778052628040314e-03,5.349168926477432251e-02,-2.443241328001022339e-02,-1.924050040543079376e-02,-7.167298346757888794e-02,3.332325816154479980e-02,5.754318088293075562e-02,-4.148783162236213684e-02,-1.574605554342269897e-01,-1.803077161312103271e-01,6.289248466491699219e-01,6.511086821556091309e-01,-3.695878386497497559e-02,-1.482373178005218506e-01,3.579415082931518555e-01,4.684019386768341064e-01,-5.450014397501945496e-02,-1.082212012261152267e-02,-1.281475573778152466e-01,-8.685741573572158813e-02,-1.572845727205276489e-01,-1.938002407550811768e-01,-9.341784566640853882e-02,-6.721767596900463104e-03,-1.711986400187015533e-02,1.164700929075479507e-02,-1.829202771186828613e-01,-2.477382719516754150e-01,-1.051990315318107605e-01,-1.089389435946941376e-02,1.529972907155752182e-02,4.703206941485404968e-02,1.333212945610284805e-02,6.114326789975166321e-02,-1.653575152158737183e-01,-1.580566763877868652e-01,-9.410772472620010376e-02,-1.854679733514785767e-01,-1.078383922576904297e-01,-8.379153162240982056e-02,-2.199907153844833374e-01,-1.941504180431365967e-01,-1.293756812810897827e-01,-1.436193138360977173e-01,-1.107441782951354980e-01,-8.292879909276962280e-02,-1.282898243516683578e-02,3.874407708644866943e-02,5.020907148718833923e-02,2.101137069985270500e-03,1.236644294112920761e-02,-1.362965703010559082e-01,-2.701823972165584564e-02,6.305395159870386124e-03,-5.240095779299736023e-02,-1.038111746311187744e-01,2.430918440222740173e-02,-3.046076558530330658e-02,-1.513475775718688965e-01,-2.507914304733276367e-01,4.746141135692596436e-01,9.741300344467163086e-02,-8.387647569179534912e-02,-6.928783655166625977e-02,-1.039044335484504700e-01,-1.455623507499694824e-01,-2.230652272701263428e-01,-2.771681845188140869e-01,-2.734326124191284180e-01,-2.460035830736160278e-01,-1.139341387897729874e-02,-2.102035284042358398e-01,-1.306274086236953735e-01,-1.623338162899017334e-01,-5.119432136416435242e-02,-6.003554537892341614e-02,-6.066434830427169800e-02,-9.058218449354171753e-02,6.645725667476654053e-02,-4.378886893391609192e-02,3.867296967655420303e-03,-1.474970579147338867e-01,1.769923837855458260e-04,-5.624100565910339355e-02,1.302920002490282059e-02,3.497404605150222778e-02,1.841933280229568481e-02,1.154391616582870483e-01,3.103175200521945953e-02,2.609978057444095612e-02,1.883704811334609985e-01,2.585472464561462402e-01,3.149947151541709900e-02,-2.395211160182952881e-02,1.899278908967971802e-02,-1.626358181238174438e-02,3.748795017600059509e-02,3.496516123414039612e-02,1.650520414113998413e-01,1.041168496012687683e-01,3.733112290501594543e-02,5.628455802798271179e-02,-4.549813643097877502e-02,2.756631746888160706e-02,6.735113263130187988e-02,1.278638839721679688e-01,6.866796314716339111e-02,1.537934541702270508e-01
-5.827011540532112122e-02,-7.420060038566589355e-02,4.511216655373573303e-02,6.737242639064788818e-02,0.000000000000000000e+00,3.188673257827758789e-01,1.304328441619873047e-01,-1.282048784196376801e-02,4.127364456653594971e-01,3.638452589511871338e-01,-1.455637067556381226e-01,-1.456627547740936279e-01,1.233861967921257019e-01,-9.593759477138519287e-02,3.703431785106658936e-01,2.510472536087036133e-01,-1.796264946460723877e-01,-2.272143727168440819e-03,-1.116934511810541153e-02,-1.406260672956705093e-02,1.585013121366500854e-01,2.052700668573379517e-01,1.603200733661651611e-01,1.716644912958145142e-01,1.851501315832138062e-01,2.550566494464874268e-01,2.903684973716735840e-01,2.469495385885238647e-01,-1.021308898925781250e-01,-1.471919007599353790e-02,-8.980700746178627014e-03,1.528739482164382935e-01,-8.844812214374542236e-02,-4.249433428049087524e-02,6.188011541962623596e-02,-1.561449281871318817e-02,1.290995627641677856e-01,7.916643470525741577e-02,1.746197640895843506e-01,1.683741807937622070e-01,6.041507050395011902e-02,4.410855472087860107e-02,-5.918921902775764465e-02,2.776296250522136688e-02,2.428848482668399811e-02,-7.940622419118881226e-02,-1.375115513801574707e-01,-1.430495977401733398e-01,-2.243995219469070435e-01,-2.630673944950103760e-01,-2.776260077953338623e-01,-2.885011434555053711e-01,-2.148374766111373901e-01,-3.069343864917755127e-01,-7.468188554048538208e-02,-4.469676315784454346e-02,-1.057150959968566895e-01,-9.848678857088088989e-02,-2.059106677770614624e-01,-6.639951467514038086e-02,-5.811978876590728760e-02,6.118308752775192261e-02,-1.514114588499069214e-01,-1.084581837058067322e-01,1.284667849540710449e-01,1.255486309528350830e-01,2.136960998177528381e-02,-2.835772931575775146e-02,4.094229266047477722e-02,-1.895632408559322357e-02,1.148448288440704346e-01,6.029449775815010071e-02,1.212626174092292786e-01,2.107475325465202332e-02,1.240432783961296082e-01,1.289767213165760040e-02,1.506754010915756226e-01,1.400757133960723877e-01,1.988195581361651421e-03,7.672258466482162476e-02,3.094494715332984924e-02,1.272712796926498413e-01,1.983237415552139282e-01,1.693577319383621216e-01,2.094407677650451660e-01,6.288837641477584839e-02,3.502445816993713379e-01,1.958837956190109253e-01,5.829083546996116638e-02,-1.349855214357376099e-01,1.804658919572830200e-01,-3.394315019249916077e-02,-4.814162850379943848e-02,-5.399276688694953918e-02,1.679234057664871216e-01,8.737219870090484619e-02,1.311317235231399536e-01,1.358950883150100708e-01,1.517500281333923340e-01,1.686858832836151123e-01,1.936214230954647064e-02,8.860081434249877930e-03,1.135068759322166443e-01,1.157406643033027649e-01,2.884780243039131165e-02,7.018636446446180344e-03,9.697570651769638062e-02,1.925352960824966431e-01,-9.843491017818450928e-02,7.301855087280273438e-02,5.058221518993377686e-02,1.697115004062652588e-01,4.869063571095466614e-02,-6.436277180910110474e-02,-7.890857756137847900e-02,-4.507067054510116577e-02
-1.559070497751235962e-01,-1.918613463640213013e-01,-4.966814070940017700e-02,-3.617412969470024109e-02,3.188673257827758789e-01,0.000000000000000000e+00,1.247687339782714844e-01,1.398337911814451218e-02,2.589638829231262207e-01,3.420275747776031494e-01,-1.692587733268737793e-01,-2.357318997383117676e-01,9.091522544622421265e-03,-2.330132201313972473e-02,7.760749012231826782e-02,3.236159682273864746e-02,-8.194622397422790527e-02,-1.279116719961166382e-01,-1.185255572199821472e-01,-1.354904621839523315e-01,1.237704232335090637e-01,2.259965240955352783e-01,1.021187603473663330e-01,1.149924397468566895e-01,2.958163321018218994e-01,3.395763337612152100e-01,2.040486633777618408e-01,1.656111329793930054e-01,-1.243979036808013916e-01,-1.226344332098960876e-02,-1.341264098882675171e-01,-6.026986241340637207e-02,-1.641135513782501221e-01,-1.060502529144287109e-01,1.044188663363456726e-01,4.776572436094284058e-02,1.754132509231567383e-01,1.454808562994003296e-01,1.090640872716903687e-01,-2.892991900444030762e-02,2.790517732501029968e-02,-3.811617568135261536e-02,-1.277635805308818817e-03,1.270920336246490479e-01,3.275684267282485962e-02,-4.689727351069450378e-02,-7.642543315887451172e-02,-8.994637429714202881e-02,-1.164308711886405945e-01,-1.093147397041320801e-01,-5.300247669219970703e-02,-1.062571182847023010e-01,-1.844369769096374512e-01,-1.570191383361816406e-01,-5.097766965627670288e-02,-1.135359108448028564e-01,-1.906444132328033447e-01,-1.770362108945846558e-01,-1.594013571739196777e-01,-1.812434047460556030e-01,3.883708734065294266e-03,1.051662936806678772e-01,-1.678201556205749512e-01,-1.175675094127655029e-01,1.731441468000411987e-01,1.774476319551467896e-01,-5.545785278081893921e-02,-8.121572434902191162e-02,-1.392972916364669800e-01,-1.572211682796478271e-01,1.260946393013000488e-01,4.770712181925773621e-02,1.302967071533203125e-01,9.448735415935516357e-02,2.272358983755111694e-01,1.077920123934745789e-01,1.989879310131072998e-01,2.063954621553421021e-01,4.251663759350776672e-02,-1.358222914859652519e-03,-8.551374077796936035e-03,9.295655041933059692e-02,-5.601738020777702332e-02,-2.450442872941493988e-02,9.709253162145614624e-02,6.373839080333709717e-02,-2.661821432411670685e-02,-3.093072399497032166e-02,-1.064525395631790161e-01,-1.411765515804290771e-01,1.451189815998077393e-01,6.918416917324066162e-02,4.770087078213691711e-02,7.458728738129138947e-03,-2.308570779860019684e-02,9.220674633979797363e-02,9.842111170291900635e-02,7.273492217063903809e-02,6.066646799445152283e-02,4.880111664533615112e-02,-1.182746291160583496e-01,1.684548556804656982e-01,6.593929603695869446e-03,1.394569575786590576e-01,3.374877199530601501e-02,6.303554773330688477e-02,1.011657044291496277e-01,-1.987023837864398956e-02,-6.087382137775421143e-02,2.403041720390319824e-02,-3.549292311072349548e-02,4.012330994009971619e-02,1.814018748700618744e-02,-4.495636746287345886e-02,9.216030687093734741e-02,-1.658367551863193512e-02
2.450011074542999268e-01,6.313294917345046997e-02,4.814750552177429199e-01,3.363431692123413086e-01,1.304328441619873047e-01,1.247687339782714844e-01,0.000000000000000000e+00,2.095823585987091064e-01,9.818015992641448975e-02,1.823997348546981812e-01,1.751872599124908447e-01,-4.733714833855628967e-02,2.229471653699874878e-01,4.787278920412063599e-02,2.117538303136825562e-01,-2.851776406168937683e-02,-1.629992425441741943e-01,-1.267357319593429565e-01,2.333320528268814087e-01,2.416504174470901489e-01,3.631506115198135376e-02,-3.195741400122642517e-02,5.198662877082824707e-01,1.940595507621765137e-01,2.858229577541351318e-01,2.879270911216735840e-01,-2.434055088087916374e-03,2.194504626095294952e-02,-2.356361150741577148e-01,-2.055857628583908081e-01,-1.543132215738296509e-01,-1.422068625688552856e-01,-1.449503004550933838e-01,-1.326610296964645386e-01,-1.251426991075277328e-02,-1.619431823492050171e-01,1.145231630653142929e-02,-2.147078700363636017e-02,6.550674140453338623e-02,-1.833669655025005341e-02,-3.815003484487533569e-02,5.958686117082834244e-03,-3.099465966224670410e-01,-2.345682084560394287e-01,-9.212371706962585449e-02,-4.091033339500427246e-01,-2.978453338146209717e-01,-2.616278529167175293e-01,-3.752360939979553223e-01,-2.664385437965393066e-01,-1.487352401018142700e-01,-8.057730644941329956e-02,-1.959643065929412842e-01,-1.149447634816169739e-01,-1.967609077692031860e-01,-9.793979674577713013e-02,-3.010408952832221985e-02,-4.261112771928310394e-03,-7.630370557308197021e-02,-1.906208395957946777e-01,3.289367556571960449e-01,-2.346121706068515778e-03,-1.136359572410583496e-01,-1.872356235980987549e-01,3.710351586341857910e-01,1.337148696184158325e-01,-1.188646331429481506e-01,-3.202782273292541504e-01,2.176983058452606201e-01,-4.276511073112487793e-02,1.638122648000717163e-01,5.708951130509376526e-02,-4.309551790356636047e-02,-8.515660464763641357e-02,-8.551467210054397583e-02,-1.955698430538177490e-01,-5.399239435791969299e-02,-9.806378185749053955e-02,6.383960694074630737e-02,-2.739597298204898834e-02,-6.660376489162445068e-02,-1.398121751844882965e-02,-3.938429057598114014e-02,-7.693774253129959106e-02,1.617614179849624634e-01,-1.166857853531837463e-01,1.303637493401765823e-02,-7.930176705121994019e-02,2.194411754608154297e-01,-1.049228161573410034e-01,5.851760134100914001e-02,6.954476237297058105e-02,3.486692532896995544e-02,1.217577829957008362e-01,-4.120931401848793030e-02,7.460182905197143555e-02,1.366388797760009766e-02,-3.359065949916839600e-02,5.116888880729675293e-02,1.463514119386672974e-01,-9.172956645488739014e-02,1.378536783158779144e-02,-7.172817736864089966e-02,-9.854087978601455688e-02,3.309391811490058899e-02,2.078816853463649750e-02,1.150124520063400269e-01,7.541684806346893311e-02,1.522299367934465408e-02,7.264370471239089966e-02,-7.251999527215957642e-02,-4.886918701231479645e-03,2.487403713166713715e-02,6.934700906276702881e-02,8.169427514076232910e-02,1.116687282919883728e-01
3.307827115058898926e-01,1.927544027566909790e-01,2.623231410980224609e-01,3.762517869472503662e-01,-1.282048784196376801e-02,1.398337911814451218e-02,2.095823585987091064e-01,0.000000000000000000e+00,8.109140209853649139e-03,4.481750354170799255e-02,4.896554350852966309e-02,2.000282108783721924e-01,-6.446676701307296753e-02,3.483564257621765137e-01,-6.668778508901596069e-02,2.035538479685783386e-02,7.096577435731887817e-02,-2.005564607679843903e-02,2.743021845817565918e-01,2.780091166496276855e-01,-1.133546158671379089e-01,-1.493157297372817993e-01,2.493276596069335938e-01,3.576727211475372314e-01,-8.070544153451919556e-02,4.191432148218154907e-03,-1.218691170215606689e-01,-1.617396473884582520e-01,-1.945468038320541382e-02,-1.422083675861358643e-01,1.075778603553771973e-01,2.163435071706771851e-01,2.675402462482452393e-01,3.719216585159301758e-01,-2.915295399725437164e-02,-1.078778281807899475e-01,-3.630846738815307617e-01,-2.463943660259246826e-01,-1.727809607982635498e-01,-1.281578540802001953e-01,-1.458539813756942749e-01,-1.396845132112503052e-01,-1.435864269733428955e-01,-1.811658293008804321e-01,6.785974651575088501e-02,2.821812033653259277e-02,-4.013159498572349548e-02,-6.017879024147987366e-02,-1.170695424079895020e-01,-1.143634244799613953e-01,-1.685484498739242554e-01,-1.814655065536499023e-01,-1.854328215122222900e-01,-9.400596469640731812e-02,-4.778768122196197510e-02,-2.835481986403465271e-02,1.519728899002075195e-01,1.334859281778335571e-01,6.928375363349914551e-02,-3.058773465454578400e-02,9.841196984052658081e-02,2.758999466896057129e-01,1.109157428145408630e-01,1.860214024782180786e-01,6.006533652544021606e-02,8.991480618715286255e-02,8.639425784349441528e-02,3.279223293066024780e-02,1.804783344268798828e-01,1.846165806055068970e-01,-6.226274371147155762e-02,4.823132231831550598e-02,-1.049922406673431396e-01,-1.537259072065353394e-01,-2.622035145759582520e-01,-2.493623197078704834e-01,-3.152545690536499023e-01,-2.612865865230560303e-01,1.222498528659343719e-02,-1.548818200826644897e-01,-8.063909411430358887e-02,-1.353929340839385986e-01,-1.269517987966537476e-01,-1.589341908693313599e-01,-1.578069329261779785e-01,-2.399496287107467651e-01,-8.708699792623519897e-02,-9.213909506797790527e-02,-1.513191461563110352e-01,-1.091613098978996277e-01,-8.353325724601745605e-02,-3.186726570129394531e-02,4.257334023714065552e-02,1.249871496111154556e-02,-1.193497776985168457e-01,4.857437312602996826e-02,-1.333296298980712891e-01,-1.098825484514236450e-01,-5.900939926505088806e-02,-6.643289327621459961e-02,1.624354347586631775e-02,-3.726916387677192688e-02,-7.722684647887945175e-03,-2.907968685030937195e-02,5.326082929968833923e-02,2.224867790937423706e-02,9.203050285577774048e-02,-6.301328539848327637e-02,6.732890754938125610e-02,3.703544661402702332e-02,-1.158968731760978699e-01,-6.684726476669311523e-02,-1.024398580193519592e-02,1.727120131254196167e-01,1.418847143650054932e-01,3.677184507250785828e-02
-4.274694621562957764e-02,-1.105717942118644714e-01,5.324649438261985779e-02,9.623778052628040314e-03,4.127364456653594971e-01,2.589638829231262207e-01,9.818015992641448975e-02,8.109140209853649139e-03,0.000000000000000000e+00,3.645231723785400391e-01,4.869133606553077698e-02,1.158446911722421646e-02,1.897474229335784912e-01,1.390969753265380859e-01,3.441467285156250000e-01,2.342154830694198608e-01,2.672678045928478241e-02,-2.579675801098346710e-02,-2.439801814034581184e-03,-2.439809031784534454e-02,-3.232649713754653931e-02,1.643650175537914038e-04,1.306386739015579224e-01,1.320078223943710327e-01,7.185236364603042603e-02,8.205407857894897461e-02,1.905425786972045898e-01,6.524203717708587646e-02,7.387462258338928223e-02,-2.937514707446098328e-02,1.119118090718984604e-02,1.470619589090347290e-01,-9.364961087703704834e-02,-6.433226168155670166e-02,5.096488445997238159e-02,-2.988540567457675934e-02,-2.745631383731961250e-03,1.675054989755153656e-02,6.182990968227386475e-02,4.866684228181838989e-02,2.922854153439402580e-03,-6.864099204540252686e-02,-5.558801069855690002e-02,-2.101650694385170937e-03,3.061136975884437561e-02,-5.938658118247985840e-02,-2.363403141498565674e-02,2.195143885910511017e-02,-1.378762274980545044e-01,-1.524829417467117310e-01,-1.198307499289512634e-01,-1.369256973266601562e-01,-1.076769530773162842e-01,-1.839800328016281128e-01,-7.063050754368305206e-03,-4.845668748021125793e-02,-1.048052236437797546e-01,-9.368350356817245483e-02,-1.145589053630828857e-01,2.574300579726696014e-02,1.096056327223777771e-01,1.697456836700439453e-01,-1.342048216611146927e-02,5.866317078471183777e-02,1.665434688329696655e-01,9.445739537477493286e-02,-5.981428548693656921e-03,-1.810482144355773926e-02,-3.822693973779678345e-02,-2.556182257831096649e-02,1.686320267617702484e-02,6.795969605445861816e-02,-2.396220900118350983e-02,-1.064062938094139099e-01,5.277229472994804382e-02,8.055042126215994358e-04,-7.158005028031766415e-04,3.269968554377555847e-03,-7.782398164272308350e-02,1.662135124206542969e-02,-1.483843009918928146e-02,-3.344993665814399719e-02,9.387744963169097900e-02,-1.352046802639961243e-02,1.796965599060058594e-01,1.676767691969871521e-02,2.078082859516143799e-01,7.254503667354583740e-02,1.230787187814712524e-01,-1.002014279365539551e-01,8.763222396373748779e-02,-1.903480663895606995e-02,-2.730562165379524231e-02,-7.127507776021957397e-02,-2.360193990170955658e-02,1.690508984029293060e-02,3.280392289161682129e-02,-6.692026276141405106e-03,1.073601394891738892e-01,1.232157722115516663e-01,9.718775749206542969e-02,1.800266280770301819e-02,1.467591226100921631e-01,8.915175497531890869e-02,5.816279351711273193e-02,5.755736306309700012e-02,8.065195381641387939e-02,4.848834127187728882e-02,-3.971089050173759460e-02,1.129469051957130432e-01,1.720063984394073486e-01,6.831815838813781738e-02,1.273172050714492798e-01,-2.468142658472061157e-02,2.329922653734683990e-02,6.190034747123718262e-02
2.931011281907558441e-02,2.994226291775703430e-02,4.858735203742980957e-02,5.349168926477432251e-02,3.638452589511871338e-01,3.420275747776031494e-01,1.823997348546981812e-01,4.481750354170799255e-02,3.645231723785400391e-01,0.000000000000000000e+00,-5.285371467471122742e-02,-3.665097756311297417e-03,8.756989240646362305e-02,1.041650995612144470e-01,2.860125005245208740e-01,3.959783017635345459e-01,-9.699049592018127441e-02,-4.589535295963287354e-02,2.922716550529003143e-02,1.996963284909725189e-02,1.523325294256210327e-01,9.155755490064620972e-02,5.374085530638694763e-02,1.064726710319519043e-02,3.392606079578399658e-01,4.022503197193145752e-01,2.364664077758789062e-01,2.328727543354034424e-01,-3.976209461688995361e-02,-3.870982676744461060e-02,-5.858575180172920227e-02,-3.091654740273952484e-02,-2.808368019759654999e-02,3.262637928128242493e-02,8.865746110677719116e-02,-1.158328144811093807e-03,4.979034885764122009e-02,5.086351931095123291e-02,6.162693351507186890e-02,1.153571531176567078e-01,-8.833810687065124512e-03,-1.827587001025676727e-02,-1.677146255970001221e-01,-2.566528879106044769e-02,6.922306865453720093e-02,-5.388969182968139648e-02,-1.533126980066299438e-01,-1.294171363115310669e-01,-2.096548378467559814e-01,-2.016796618700027466e-01,-1.817814409732818604e-01,-2.076873034238815308e-01,-2.636681795120239258e-01,-2.730647921562194824e-01,-1.298930048942565918e-01,-7.812487334012985229e-02,-3.274408727884292603e-02,1.248814351856708527e-02,-5.843697488307952881e-02,5.684884265065193176e-02,4.564477875828742981e-02,1.623125523328781128e-01,-5.238035693764686584e-03,4.087254777550697327e-02,1.227427124977111816e-01,1.801280677318572998e-01,-1.106863003224134445e-02,1.865448057651519775e-02,7.631541043519973755e-02,-8.859831839799880981e-03,8.941412717103958130e-02,1.345545351505279541e-01,9.734357148408889771e-02,1.383747998625040054e-02,9.457495063543319702e-02,7.429122924804687500e-02,7.948582619428634644e-02,7.804051041603088379e-02,-1.246112883090972900e-01,-2.079193014651536942e-03,-1.191639453172683716e-01,1.391529943794012070e-02,1.762906461954116821e-02,4.613785073161125183e-02,7.803347706794738770e-02,6.836646795272827148e-02,1.223853155970573425e-01,1.071793586015701294e-01,-1.158354207873344421e-01,-9.967324882745742798e-02,1.098520867526531219e-02,-5.925501137971878052e-02,-8.950218558311462402e-02,-3.847308689728379250e-03,1.744812913239002228e-02,6.956536322832107544e-02,-2.962371334433555603e-02,5.292690545320510864e-02,8.627164363861083984e-02,3.992329537868499756e-02,-7.106653600931167603e-02,6.177447363734245300e-02,2.319709770381450653e-02,4.554620385169982910e-02,5.930970609188079834e-02,5.010510608553886414e-02,1.399764120578765869e-01,5.225530266761779785e-02,-1.920528523623943329e-02,1.086533293128013611e-01,-4.162585362792015076e-02,2.511495724320411682e-02,2.014303207397460938e-02,1.148753426969051361e-02,6.709394603967666626e-02,-5.407307296991348267e-02
2.578632831573486328e-01,1.772785931825637817e-01,9.724029898643493652e-02,-2.443241328001022339e-02,-1.455637067556381226e-01,-1.692587733268737793e-01,1.751872599124908447e-01,4.896554350852966309e-02,4.869133606553077698e-02,-5.285371467471122742e-02,0.000000000000000000e+00,4.369843602180480957e-01,2.876829802989959717e-01,2.212182730436325073e-01,6.586900353431701660e-02,-5.920542776584625244e-02,1.975232660770416260e-01,8.355758339166641235e-02,1.340925991535186768e-01,1.332636922597885132e-01,-8.223297446966171265e-02,-2.423496395349502563e-01,2.034116163849830627e-02,-1.195220723748207092e-01,-2.156129479408264160e-01,-2.322706282138824463e-01,-7.944610714912414551e-02,-4.395918548107147217e-02,1.215611100196838379e-01,-4.258290305733680725e-02,-3.861518949270248413e-02,-9.287841618061065674e-02,-1.035235449671745300e-02,-5.746880918741226196e-02,-2.839072942733764648e-01,-2.651649415493011475e-01,-2.164012491703033447e-01,-2.243824452161788940e-01,-1.999746859073638916e-01,-1.494745314121246338e-01,-9.004817157983779907e-02,-5.981894675642251968e-03,-1.476179063320159912e-01,-2.150193154811859131e-01,-2.230718918144702911e-02,-1.395967155694961548e-01,8.233693242073059082e-02,3.362708911299705505e-02,1.116490084677934647e-02,1.086687445640563965e-01,4.862637817859649658e-02,1.344309747219085693e-01,1.115881428122520447e-01,9.398870170116424561e-02,6.796877831220626831e-02,5.306919291615486145e-02,1.821926385164260864e-01,1.689835935831069946e-01,1.226146519184112549e-01,2.110569775104522705e-01,3.002372980117797852e-01,2.825385332107543945e-02,3.407005667686462402e-01,2.343513965606689453e-01,-1.196222007274627686e-01,-2.259253561496734619e-01,-1.188163682818412781e-01,-1.394180804491043091e-01,5.143159627914428711e-02,1.605007052421569824e-01,8.646093308925628662e-02,1.881654933094978333e-02,-9.404772520065307617e-02,-9.535437077283859253e-02,-2.001883536577224731e-01,-1.859304457902908325e-01,-2.150963395833969116e-01,-2.815456688404083252e-01,-7.775118201971054077e-02,-5.974720045924186707e-02,-7.286907732486724854e-02,-2.248013764619827271e-01,3.342586755752563477e-02,-1.807961016893386841e-01,-8.191803842782974243e-02,-2.675379216670989990e-01,-6.948152929544448853e-02,-1.062419861555099487e-01,1.816433817148208618e-01,8.154453337192535400e-02,-8.177884668111801147e-02,-1.429027970880270004e-02,-4.902042075991630554e-02,-3.549461439251899719e-02,-1.330228745937347412e-01,-1.600022166967391968e-01,-1.558408290147781372e-01,-1.753111928701400757e-01,-2.248873002827167511e-03,9.604547522030770779e-04,-3.391429409384727478e-02,-1.868517994880676270e-01,-8.988765627145767212e-02,-2.532576024532318115e-01,-5.202716588973999023e-02,-1.101634725928306580e-01,-5.292454734444618225e-02,-1.979666016995906830e-02,1.274431198835372925e-01,5.101904273033142090e-02,5.579946562647819519e-02,-5.847508087754249573e-02,5.036994069814682007e-02,3.150821477174758911e-02,6.271189451217651367e-02,2.951586619019508362e-02
2.685512900352478027e-01,3.125653266906738281e-01,-3.015268407762050629e-02,-1.924050040543079376e-02,-1.456627547740936279e-01,-2.357318997383117676e-01,-4.733714833855628967e-02,2.000282108783721924e-01,1.158446911722421646e-02,-3.665097756311297417e-03,4.369843602180480957e-01,0.000000000000000000e+00,2.305880337953567505e-01,4.256026446819305420e-01,4.652692936360836029e-03,6.443003565073013306e-02,3.129158318042755127e-01,2.954178154468536377e-01,6.457231938838958740e-02,5.955407768487930298e-02,-2.843165099620819092e-01,-3.281565308570861816e-01,-1.079662293195724487e-01,-1.076174080371856689e-01,-1.836506724357604980e-01,-1.877360939979553223e-01,-5.950734391808509827e-02,-4.217206314206123352e-02,2.233578562736511230e-01,4.804655909538269043e-02,2.549143135547637939e-01,2.330221682786941528e-01,3.257922232151031494e-01,2.800808846950531006e-01,-2.599059343338012695e-01,-2.602307498455047607e-01,-3.535136878490447998e-01,-2.739125192165374756e-01,-2.568802237510681152e-01,-6.624872237443923950e-02,-1.020959839224815369e-01,-2.052804827690124512e-01,-1.897026151418685913e-01,-1.819952875375747681e-01,7.699685543775558472e-02,1.102383956313133240e-01,4.016429185867309570e-03,-2.162440866231918335e-02,3.792215138673782349e-02,1.263245195150375366e-01,-1.172307506203651428e-02,6.509888172149658203e-02,-1.478284131735563278e-02,6.532808765769004822e-03,1.228631846606731415e-02,1.341645512729883194e-02,2.719447016716003418e-01,2.800704836845397949e-01,2.079656571149826050e-01,3.749716877937316895e-01,2.743055820465087891e-01,2.861449122428894043e-01,3.546556532382965088e-01,4.503389298915863037e-01,-1.268845647573471069e-01,-4.085823893547058105e-02,3.004819899797439575e-02,1.228057220578193665e-01,1.122864708304405212e-02,1.034861430525779724e-01,-7.596014533191919327e-03,4.459041729569435120e-02,-7.145643979310989380e-02,-4.518000036478042603e-02,-1.781712919473648071e-01,-1.217631623148918152e-01,-2.300739139318466187e-01,-2.544037103652954102e-01,-7.645078003406524658e-02,8.595707267522811890e-02,-2.517593465745449066e-02,-1.563347876071929932e-01,-1.450994163751602173e-01,-1.160521358251571655e-01,-1.876447945833206177e-01,-1.918246746063232422e-01,-1.008431464433670044e-01,-1.135963201522827148e-01,-8.463640511035919189e-02,9.412077255547046661e-03,-2.490302622318267822e-01,-1.832928657531738281e-01,-1.492050290107727051e-01,-1.760775297880172729e-01,-1.609828621149063110e-01,-2.225948423147201538e-01,-2.501012086868286133e-01,-1.185211986303329468e-01,-1.711677610874176025e-01,-2.021957486867904663e-01,-8.221574127674102783e-02,-2.748374938964843750e-01,-1.084095016121864319e-01,-2.475145161151885986e-01,-3.053712286055088043e-02,-1.178729236125946045e-01,-1.358949393033981323e-01,-4.802915081381797791e-02,-1.968141086399555206e-02,1.690668612718582153e-01,-5.472059175372123718e-02,-1.180210262537002563e-01,-3.771204128861427307e-02,1.374185737222433090e-02,5.793969333171844482e-02,-1.012298092246055603e-01
1.764732785522937775e-02,3.542199358344078064e-02,6.396750360727310181e-02,-7.167298346757888794e-02,1.233861967921257019e-01,9.091522544622421265e-03,2.229471653699874878e-01,-6.446676701307296753e-02,1.897474229335784912e-01,8.756989240646362305e-02,2.876829802989959717e-01,2.305880337953567505e-01,0.000000000000000000e+00,2.727285325527191162e-01,4.249077439308166504e-01,2.080952972173690796e-01,1.893094927072525024e-01,3.047504127025604248e-01,1.016821712255477905e-02,-5.239862948656082153e-03,-1.719029620289802551e-02,-5.638561397790908813e-02,2.215942144393920898e-01,5.813771113753318787e-02,6.940824445337057114e-03,-5.311250686645507812e-02,1.526998579502105713e-01,2.381055057048797607e-01,6.968136876821517944e-02,1.187780648469924927e-01,2.020454853773117065e-01,9.444393217563629150e-02,-9.131822735071182251e-02,-1.276536285877227783e-01,-2.195398807525634766e-01,-2.704983353614807129e-01,-6.738805770874023438e-02,-1.826496720314025879e-01,3.507526963949203491e-02,1.186292245984077454e-01,1.009828820824623108e-01,-5.946299433708190918e-02,-7.404874265193939209e-02,-1.029006838798522949e-01,-1.227748915553092957e-01,-1.752059161663055420e-01,-9.054352343082427979e-02,-1.359465718269348145e-01,-2.158795148134231567e-01,-1.118775084614753723e-01,-2.149270474910736084e-01,-7.417716085910797119e-02,-3.092687390744686127e-02,-2.403862774372100830e-02,-7.249090075492858887e-02,5.055322125554084778e-02,1.207801699638366699e-01,4.891620948910713196e-02,-2.414110004901885986e-01,9.265413391403853893e-04,7.299704104661941528e-02,8.760442584753036499e-02,1.769944876432418823e-01,1.898104697465896606e-01,7.240547239780426025e-02,-1.941645704209804535e-02,-1.726469844579696655e-01,-1.453739404678344727e-01,-1.155288070440292358e-01,-1.152042970061302185e-01,-3.722877055406570435e-02,-8.254507184028625488e-02,-8.565818518400192261e-02,-1.212314665317535400e-01,-6.196345388889312744e-02,-4.304873570799827576e-02,-1.056549474596977234e-01,-1.410254240036010742e-01,-4.183292388916015625e-02,1.384492665529251099e-01,1.748152971267700195e-01,7.016499340534210205e-02,1.947674751281738281e-01,1.958396285772323608e-01,2.871683537960052490e-01,4.020255059003829956e-02,1.667366325855255127e-01,1.566211432218551636e-01,1.546936035156250000e-01,6.893513351678848267e-02,3.263128382968716323e-05,4.294482991099357605e-03,1.170370448380708694e-02,9.921429306268692017e-02,-2.279632538557052612e-02,-2.583001852035522461e-01,-2.859866246581077576e-02,2.491776086390018463e-02,-6.409037858247756958e-02,-1.481000334024429321e-01,-1.506060510873794556e-01,-1.726463139057159424e-01,-7.636962085962295532e-02,-1.236401200294494629e-01,-2.316477894783020020e-01,-1.829711198806762695e-01,-4.871951416134834290e-02,7.803255319595336914e-02,-1.570260971784591675e-01,-1.402849052101373672e-02,9.765462577342987061e-02,3.789775818586349487e-02,-1.216739229857921600e-02,-1.562229245901107788e-01,-1.772592216730117798e-01,-2.064326405525207520e-01
