0.000000000000000000e+00,3.855990767478942871e-01,7.596478611230850220e-02,-1.712822318077087402e-01,3.003661707043647766e-02,-2.098830416798591614e-02,-1.929688500240445137e-03,-1.548802256584167480e-01,-3.283965960144996643e-02,1.676217168569564819e-01,3.462721109390258789e-01,2.727223038673400879e-01,3.572340607643127441e-01,-1.937600597739219666e-02,-1.353004276752471924e-01,-2.256517112255096436e-01,1.698292940855026245e-01,7.476533204317092896e-02,4.798797070980072021e-01,2.841876149177551270e-01,-2.085944563150405884e-01,-1.261221468448638916e-01,-3.859414458274841309e-01,-1.828051209449768066e-01,-4.156870245933532715e-01,-3.516859710216522217e-01,8.147645741701126099e-02,-4.201833531260490417e-02,3.063410148024559021e-02,-1.279421597719192505e-01,-2.170598059892654419e-01,-2.004458010196685791e-01,-4.411272108554840088e-01,-4.045748114585876465e-01,-3.893214762210845947e-01,-3.958763778209686279e-01,-1.107889786362648010e-01,-8.345046639442443848e-02,-7.868149131536483765e-02,-1.008223742246627808e-01,-1.690328270196914673e-01,-7.796829938888549805e-02,-7.676059007644653320e-02,-1.386635750532150269e-01,-2.021416723728179932e-01,-9.204290062189102173e-02,-1.324259042739868164e-01,-4.824020341038703918e-02,-1.350405216217041016e-01,1.321838945150375366e-01,5.217537656426429749e-02,7.162433117628097534e-02,5.587791278958320618e-02,1.579381972551345825e-01,-9.845053404569625854e-02,1.019067782908678055e-02,6.011731624603271484e-01,4.889547824859619141e-01,4.529154896736145020e-01,2.455677539110183716e-01,4.370137453079223633e-01,7.829872518777847290e-02,1.615894772112369537e-02,-2.519050836563110352e-01,-3.538355827331542969e-01,-5.027000904083251953e-01,-4.534170031547546387e-01,-5.548027157783508301e-01,4.006792306900024414e-01,2.221952974796295166e-01,-1.838749647140502930e-02,2.798862755298614502e-01,1.291563175618648529e-02,2.057679295539855957e-01,-7.174774538725614548e-03,-1.420765519142150879e-01,-4.158081859350204468e-02,-2.926117181777954102e-02,1.904492378234863281e-01,1.316743344068527222e-01,6.501465290784835815e-02,4.741173237562179565e-02,-2.849030196666717529e-01,-1.014499589800834656e-01,-1.801727153360843658e-02,-1.362895369529724121e-01,-1.910014897584915161e-01,4.274870082736015320e-02,1.261002123355865479e-01,2.749355137348175049e-01,-2.132021337747573853e-01,5.614363029599189758e-02,-2.906412817537784576e-02,4.430907219648361206e-02,1.339289080351591110e-02,-7.392426580190658569e-02,3.327990695834159851e-02,1.595119573175907135e-02,-1.099455803632736206e-01,1.152005940675735474e-01,-1.788835376501083374e-01,3.397433459758758545e-01,-1.729521751403808594e-01,7.107964158058166504e-02,-5.843405146151781082e-03,-1.056669279932975769e-03,-2.385876327753067017e-01,7.137467712163925171e-02,-6.088349595665931702e-02,1.734117604792118073e-02,-1.465736478567123413e-01,7.569857686758041382e-02,-1.689343303442001343e-01,-1.571167707443237305e-01,1.224618852138519287e-01,2.982474491000175476e-02
3.855990767478942871e-01,0.000000000000000000e+00,-4.360443912446498871e-03,-1.421357411891222000e-02,4.283020272850990295e-02,-5.956549569964408875e-02,-5.023307749070227146e-04,2.244042418897151947e-02,1.764887869358062744e-01,-1.623556613922119141e-01,-1.914637722074985504e-02,1.589158736169338226e-02,1.135635469108819962e-02,-1.475502848625183105e-01,-7.442737370729446411e-02,-1.136986389756202698e-01,7.564081344753503799e-03,2.268395870923995972e-01,3.409803509712219238e-01,2.810506820678710938e-01,3.800999838858842850e-03,-1.539365500211715698e-01,-2.633243501186370850e-01,-1.521372646093368530e-01,-2.692933678627014160e-01,-2.900404036045074463e-01,2.727846428751945496e-02,1.636017812415957451e-03,-1.312490254640579224e-01,-1.540607810020446777e-01,-9.958896040916442871e-02,-1.182075664401054382e-01,-3.524490594863891602e-01,-3.031879067420959473e-01,-3.941420018672943115e-01,-3.803364336490631104e-01,-3.804754465818405151e-02,-1.395097225904464722e-01,8.248179405927658081e-02,-4.174654185771942139e-02,-1.187665611505508423e-01,-5.243626609444618225e-02,5.554183572530746460e-02,7.051169872283935547e-02,2.668338641524314880e-02,9.532006084918975830e-02,-9.130681306123733521e-02,-9.635417908430099487e-02,9.348050504922866821e-02,1.620991677045822144e-01,1.462904214859008789e-01,4.971889406442642212e-02,6.988695263862609863e-02,4.629462212324142456e-02,6.889867782592773438e-02,1.184426024556159973e-01,4.529589712619781494e-01,5.646853446960449219e-01,2.454443573951721191e-01,2.708990573883056641e-01,1.411029100418090820e-01,-2.014901116490364075e-02,2.762802643701434135e-03,3.387819603085517883e-02,-3.186447024345397949e-01,-3.981404900550842285e-01,-2.955381572246551514e-01,-2.985947728157043457e-01,3.915824294090270996e-01,4.282970726490020752e-01,-1.673549599945545197e-02,8.982791006565093994e-02,-1.424844712018966675e-01,2.520421892404556274e-02,-1.025171279907226562e-01,-1.139423847198486328e-01,-1.927387118339538574e-01,-8.725283667445182800e-03,2.184378206729888916e-01,-4.938185680657625198e-03,2.134543508291244507e-01,5.554116517305374146e-02,-5.536318197846412659e-02,-1.380217913538217545e-02,3.588997945189476013e-02,-2.491213381290435791e-01,1.283127814531326294e-01,1.204983796924352646e-02,1.760977506637573242e-01,-9.637147304601967335e-04,3.513315320014953613e-02,-8.804403990507125854e-02,1.665665507316589355e-01,-2.399066695943474770e-03,-8.041706681251525879e-02,-6.654577702283859253e-02,-2.179030179977416992e-01,-1.270812451839447021e-01,-1.054629459977149963e-01,4.675234109163284302e-02,6.723722815513610840e-02,1.074306741356849670e-01,5.144969746470451355e-02,1.071627065539360046e-01,1.999130547046661377e-01,7.566118240356445312e-02,-7.478219270706176758e-02,1.379458904266357422e-01,-1.088963672518730164e-01,-2.634833194315433502e-02,-1.873009204864501953e-01,-9.730271995067596436e-02,-1.845630407333374023e-01,-1.015455722808837891e-01,-5.593216419219970703e-02,-1.587475538253784180e-01
7.596478611230850220e-02,-4.360443912446498871e-03,0.000000000000000000e+00,1.275624483823776245e-01,1.054202839732170105e-01,-8.702688664197921753e-02,5.421410799026489258e-01,-8.026937954127788544e-03,9.555228054523468018e-02,1.006873622536659241e-01,-1.722374409437179565e-01,-2.546005249023437500e-01,5.028294399380683899e-03,-1.939202249050140381e-01,2.605075202882289886e-02,-2.315626442432403564e-01,-2.140253186225891113e-01,-1.565658450126647949e-01,1.911475807428359985e-01,1.002030521631240845e-01,-9.483204782009124756e-02,-2.265545912086963654e-02,3.455222547054290771e-01,2.668114006519317627e-01,1.415591388940811157e-01,1.532260626554489136e-01,2.094770818948745728e-01,1.779403984546661377e-01,-2.544395029544830322e-01,-3.242996037006378174e-01,6.565504521131515503e-02,1.426684707403182983e-01,-3.445421159267425537e-02,-1.840369775891304016e-02,4.370733723044395447e-02,-2.532028965651988983e-02,4.119520634412765503e-02,-9.331662207841873169e-02,1.289367675781250000e-01,-4.701055958867073059e-02,-3.132109045982360840e-01,1.822181232273578644e-02,-1.987198293209075928e-01,-1.806794553995132446e-01,-8.591248840093612671e-02,-1.214640960097312927e-01,-2.579829990863800049e-01,-2.728181183338165283e-01,-1.576736718416213989e-01,-1.318963170051574707e-01,-1.666843891143798828e-01,-1.881548315286636353e-01,-1.801743358373641968e-01,-1.813040375709533691e-01,9.692929685115814209e-02,3.471541404724121094e-02,3.910199552774429321e-02,2.962830103933811188e-02,1.146704796701669693e-02,-9.245329350233078003e-02,1.179057657718658447e-01,-1.529772281646728516e-01,-3.445484489202499390e-02,-1.542497873306274414e-01,3.046991527080535889e-01,6.164130941033363342e-02,1.950084418058395386e-01,4.342407733201980591e-02,2.361723035573959351e-01,2.487101852893829346e-01,-7.493165135383605957e-02,2.910709753632545471e-02,-2.015682123601436615e-02,-3.189349081367254257e-03,-4.255608096718788147e-02,-1.417033821344375610e-01,6.666434556245803833e-02,5.674226954579353333e-02,1.325709372758865356e-01,-8.512945473194122314e-02,-4.794691503047943115e-02,-1.585990749299526215e-02,-2.359663881361484528e-02,-1.191006973385810852e-02,2.431708723306655884e-01,8.793470263481140137e-02,1.712078452110290527e-01,1.175114437937736511e-01,8.991926163434982300e-02,8.603482693433761597e-02,-1.097771227359771729e-01,2.047349363565444946e-01,-2.510799765586853027e-01,-3.587144240736961365e-02,-5.473602935671806335e-02,-1.131476387381553650e-01,-1.117936223745346069e-01,-2.679021097719669342e-02,1.020517200231552124e-01,1.604895442724227905e-01,6.569568812847137451e-02,1.309658586978912354e-01,2.236872762441635132e-01,3.552027940750122070e-01,1.383343487977981567e-01,1.202095299959182739e-01,-4.841733723878860474e-02,1.019752863794565201e-02,-9.073228389024734497e-02,-4.022175818681716919e-02,-1.212344020605087280e-01,1.054181754589080811e-01,1.421830505132675171e-01,-6.893706321716308594e-02,5.333206430077552795e-02,-1.623138189315795898e-01
-1.712822318077087402e-01,-1.421357411891222000e-02,1.275624483823776245e-01,0.000000000000000000e+00,-4.649604484438896179e-02,-2.143590003252029419e-01,2.662547826766967773e-01,3.892649710178375244e-01,-1.427592039108276367e-01,-8.099401742219924927e-02,-1.791087538003921509e-01,-6.992227863520383835e-04,-2.079710811376571655e-01,2.845482341945171356e-02,-2.345324009656906128e-01,1.548863053321838379e-01,-3.166024982929229736e-01,-1.473107486963272095e-01,5.646943300962448120e-02,2.045869678258895874e-01,-6.610058993101119995e-02,4.983145371079444885e-02,1.868850141763687134e-01,1.737218797206878662e-01,-7.571019977331161499e-02,-4.018446058034896851e-02,-1.693478375673294067e-01,2.456484138965606689e-01,-2.091385126113891602e-01,-3.368802666664123535e-01,2.010989636182785034e-01,3.058933019638061523e-01,2.270139455795288086e-01,3.401893377304077148e-01,-9.026891738176345825e-02,-1.108095422387123108e-02,-1.822169274091720581e-01,-2.499449551105499268e-01,1.276396512985229492e-01,-2.084080725908279419e-01,-1.178599707782268524e-02,-2.311037033796310425e-01,2.219278737902641296e-02,-4.515233263373374939e-02,2.086233049631118774e-01,1.788810342550277710e-01,-5.035284161567687988e-02,-1.384917646646499634e-01,1.428997665643692017e-01,1.895463466644287109e-02,1.375858783721923828e-01,1.176913753151893616e-01,-1.879885606467723846e-02,1.146992854773998260e-02,-3.599242866039276123e-02,-2.047568187117576599e-02,-1.159991845488548279e-01,3.583424165844917297e-02,-9.624554961919784546e-02,1.664136350154876709e-01,-1.432046741247177124e-01,2.672668993473052979e-01,1.264695823192596436e-01,2.347088754177093506e-01,2.796676009893417358e-02,2.707116901874542236e-01,1.426079869270324707e-01,2.247585058212280273e-01,9.631449729204177856e-02,3.214754909276962280e-02,4.428029060363769531e-04,-1.976904571056365967e-01,-1.965537294745445251e-02,1.070382259786128998e-02,6.463597714900970459e-02,1.108277067542076111e-01,-1.200768128037452698e-01,4.649164155125617981e-02,1.536387056112289429e-01,-2.969003617763519287e-01,1.094882935285568237e-01,-1.015884652733802795e-01,6.003125011920928955e-02,-1.009050831198692322e-01,-1.434610635042190552e-01,2.902233600616455078e-01,-5.944291502237319946e-02,7.022341340780258179e-02,-1.540986299514770508e-01,1.062928438186645508e-01,1.630096435546875000e-01,-1.357820443809032440e-02,9.548328816890716553e-02,-6.643503159284591675e-02,-6.879751384258270264e-02,-1.006266102194786072e-01,-5.788324400782585144e-02,-2.397315502166748047e-01,4.965064302086830139e-02,-1.163819208741188049e-01,-2.210696041584014893e-02,5.705076456069946289e-02,-5.176788568496704102e-02,5.515271425247192383e-02,1.159971877932548523e-01,9.501156955957412720e-02,4.732846096158027649e-02,9.054605662822723389e-02,2.275180071592330933e-01,-1.715727746486663818e-01,-2.245407551527023315e-01,3.707764297723770142e-02,-9.561135619878768921e-02,-1.697325380519032478e-03,-1.621271818876266479e-01,-1.535120457410812378e-01
3.003661707043647766e-02,4.283020272850990295e-02,1.054202839732170105e-01,-4.649604484438896179e-02,0.000000000000000000e+00,1.462577879428863525e-01,8.291909843683242798e-02,4.040410369634628296e-02,6.979208439588546753e-02,3.039939329028129578e-02,-2.551340498030185699e-03,-4.484442621469497681e-02,-5.083763971924781799e-02,-9.803591668605804443e-02,-3.517412580549716949e-03,9.884188883006572723e-03,-1.275144703686237335e-02,7.001435756683349609e-02,5.257048830389976501e-02,-4.292343929409980774e-02,5.753606557846069336e-02,4.211806505918502808e-02,4.210504516959190369e-02,-1.136350538581609726e-02,-1.120347306132316589e-01,-1.226133331656455994e-01,3.853559494018554688e-02,-1.888698525726795197e-02,-4.460779484361410141e-03,-1.591278761625289917e-01,-1.082387566566467285e-01,-9.985733032226562500e-02,-1.031073182821273804e-01,-1.277378797531127930e-01,-3.892705310136079788e-03,-2.261304482817649841e-02,4.064567759633064270e-02,-1.068834289908409119e-01,-8.047728240489959717e-02,4.158786684274673462e-02,6.280957162380218506e-02,-9.566596895456314087e-02,-1.051977723836898804e-01,-6.152228638529777527e-02,1.013090610504150391e-01,2.170606516301631927e-02,-1.456831544637680054e-01,-5.843820422887802124e-02,-1.898170635104179382e-02,3.543162718415260315e-02,1.777903921902179718e-02,-1.128132566809654236e-01,4.913328960537910461e-02,-1.343848109245300293e-01,1.217813938856124878e-01,6.353891640901565552e-02,9.725345671176910400e-02,8.901637047529220581e-02,6.731359753757715225e-03,3.096663579344749451e-02,-3.032708540558815002e-02,-8.653132617473602295e-02,1.417196244001388550e-01,-1.969989016652107239e-02,-3.393054008483886719e-02,-1.291725784540176392e-01,-1.000433787703514099e-02,-7.215155661106109619e-02,1.504232455044984818e-02,8.164714276790618896e-02,-2.414848655462265015e-01,-6.200505420565605164e-02,-8.646415174007415771e-02,-5.353991687297821045e-02,-3.568493947386741638e-02,-6.174280121922492981e-02,-2.053303122520446777e-01,-1.243860349059104919e-01,-1.794981956481933594e-02,-1.847937586717307568e-03,1.310070306062698364e-01,2.396116256713867188e-01,1.886522769927978516e-02,1.027712896466255188e-01,9.922233968973159790e-02,-5.804105475544929504e-02,1.655548512935638428e-01,1.212741732597351074e-01,9.498480707406997681e-02,2.419632859528064728e-02,-5.815285257995128632e-03,-1.414989382028579712e-01,-1.342749595642089844e-02,-1.326728910207748413e-01,3.067430667579174042e-02,-1.602782867848873138e-02,-7.973722368478775024e-02,-3.499772027134895325e-02,3.637263178825378418e-02,8.243726938962936401e-02,-3.368689864873886108e-02,4.072590544819831848e-02,5.550333485007286072e-02,1.438943296670913696e-01,1.178648620843887329e-01,8.088908344507217407e-02,6.019854173064231873e-02,1.338185220956802368e-01,1.757565140724182129e-02,-8.111666142940521240e-02,-1.652113348245620728e-02,5.704567581415176392e-02,-1.112066879868507385e-01,-1.640702039003372192e-01,3.462457284331321716e-02,-1.604560203850269318e-02
-2.098830416798591614e-02,-5.956549569964408875e-02,-8.702688664197921753e-02,-2.143590003252029419e-01,1.462577879428863525e-01,0.000000000000000000e+00,-4.685491323471069336e-02,1.465104520320892334e-02,1.791078150272369385e-01,1.486862301826477051e-01,1.375174969434738159e-01,2.043791674077510834e-02,3.853270784020423889e-02,6.955291330814361572e-02,1.437178254127502441e-01,3.467402607202529907e-02,1.900817453861236572e-01,8.669494092464447021e-02,-6.029518321156501770e-02,-1.312183439731597900e-01,-2.308989129960536957e-02,9.722910821437835693e-02,-7.200896739959716797e-02,-3.276787698268890381e-02,5.365594290196895599e-03,9.507147967815399170e-02,9.079239517450332642e-02,-4.125883057713508606e-02,1.058391481637954712e-01,1.634576171636581421e-01,-5.077183991670608521e-02,-4.840256273746490479e-02,-7.954564690589904785e-02,-1.482698023319244385e-01,-3.509338945150375366e-03,6.422293838113546371e-03,-8.138565719127655029e-02,3.999851271510124207e-02,-1.176205575466156006e-01,5.074692890048027039e-03,-4.239995032548904419e-03,1.060236766934394836e-01,-5.137771740555763245e-02,-1.913730427622795105e-02,-1.554690301418304443e-01,-1.183370724320411682e-01,-1.042573805898427963e-02,5.464150011539459229e-02,-9.954497963190078735e-02,-5.249682068824768066e-02,-9.096027910709381104e-02,-1.239544004201889038e-01,5.126550421118736267e-02,-4.865351319313049316e-02,-5.087625607848167419e-02,-1.639525592327117920e-01,3.905220329761505127e-02,-9.680642932653427124e-02,-6.340801715850830078e-02,-3.894010558724403381e-02,4.366618022322654724e-02,8.677296340465545654e-03,6.008440628647804260e-02,-7.132101058959960938e-02,-1.503866631537675858e-03,-2.800355199724435806e-03,-8.296924084424972534e-02,-6.016988679766654968e-02,-4.977484047412872314e-02,-2.063567563891410828e-02,6.945682317018508911e-02,5.399442464113235474e-02,1.770880259573459625e-02,-6.238995864987373352e-02,-7.347838580608367920e-02,-6.759497523307800293e-02,-1.648793183267116547e-02,-6.879819091409444809e-03,3.075060434639453888e-02,1.338994204998016357e-01,1.064913272857666016e-01,8.222340047359466553e-02,6.600204855203628540e-02,7.271620631217956543e-02,1.459206789731979370e-01,-1.225138530135154724e-01,-3.608392179012298584e-02,-1.406165510416030884e-01,4.550965130329132080e-02,-1.025246232748031616e-01,-2.155264839529991150e-02,-2.832572720944881439e-02,-8.160153776407241821e-02,-1.694617718458175659e-01,-3.485820954665541649e-03,1.273970454931259155e-01,1.239691004157066345e-01,8.736456185579299927e-02,6.465458869934082031e-02,3.690537065267562866e-02,-1.270779967308044434e-01,-5.144293420016765594e-03,-3.933673724532127380e-02,-6.377967447042465210e-02,4.811162874102592468e-02,4.365003854036331177e-02,6.159440800547599792e-02,6.547918915748596191e-02,-7.580380886793136597e-02,-7.873359322547912598e-02,6.353693082928657532e-03,6.979468744248151779e-03,-3.377668932080268860e-02,3.743300959467887878e-02,2.174842655658721924e-01,9.990721940994262695e-02
-1.929688500240445137e-03,-5.023307749070227146e-04,5.421410799026489258e-01,2.662547826766967773e-01,8.291909843683242798e-02,-4.685491323471069336e-02,0.000000000000000000e+00,1.596882492303848267e-01,1.190595552325248718e-01,-2.394574508070945740e-02,-1.408348232507705688e-01,-1.830413639545440674e-01,1.470937430858612061e-01,-1.300316751003265381e-01,8.983246982097625732e-02,-1.078186258673667908e-01,-2.393183708190917969e-01,-2.229955643415451050e-01,1.190579459071159363e-01,5.771655216813087463e-02,-1.265312135219573975e-01,-9.555252641439437866e-02,2.476549446582794189e-01,1.552135944366455078e-01,-8.985228836536407471e-03,-2.076780796051025391e-02,1.219344325363636017e-02,6.783702969551086426e-02,-1.776956319808959961e-01,-3.030223250389099121e-01,3.287257254123687744e-02,6.112826243042945862e-02,5.144139751791954041e-02,6.865306943655014038e-02,-3.620489034801721573e-03,-6.865759193897247314e-02,-1.324554532766342163e-01,-2.839915156364440918e-01,1.990834437310695648e-02,-7.583092153072357178e-02,-2.738472521305084229e-01,-6.813216954469680786e-02,-1.723263412714004517e-01,-1.551964432001113892e-01,6.421229988336563110e-02,7.220759242773056030e-02,-1.902227550745010376e-01,-2.431789934635162354e-01,5.133045092225074768e-02,5.278828740119934082e-02,-5.921014118939638138e-03,1.890513580292463303e-03,-6.674136221408843994e-02,-2.409513853490352631e-02,-4.179995507001876831e-03,6.211616471409797668e-02,-5.685434862971305847e-02,3.797949478030204773e-02,1.123154610395431519e-01,3.739473223686218262e-02,1.861958503723144531e-01,-7.236215472221374512e-02,-9.992074966430664062e-02,-2.798573300242424011e-02,1.755546480417251587e-01,1.681457646191120148e-02,1.806795299053192139e-01,6.103221699595451355e-02,1.877831667661666870e-01,1.396821886301040649e-01,1.843592617660760880e-03,-1.087497696280479431e-01,-7.579180598258972168e-02,-3.951091319322586060e-02,-5.389526113867759705e-02,-3.745459392666816711e-02,-1.332839429378509521e-01,4.179473035037517548e-03,7.351739797741174698e-03,-1.397736221551895142e-01,-2.384760230779647827e-02,-7.503463327884674072e-02,-5.904236808419227600e-02,-1.423850655555725098e-01,9.170809388160705566e-02,2.888103574514389038e-02,1.032893285155296326e-01,1.100162118673324585e-01,5.099648237228393555e-02,2.100083976984024048e-02,5.076790228486061096e-02,2.120290249586105347e-01,-4.686071723699569702e-02,6.909323483705520630e-02,-8.102739602327346802e-02,-1.230710670351982117e-01,-2.625629007816314697e-01,-1.736030429601669312e-01,-6.740384548902511597e-02,-3.653940185904502869e-02,4.014665260910987854e-02,7.224696129560470581e-02,9.460850059986114502e-02,1.266313642263412476e-01,4.866966977715492249e-03,9.881751239299774170e-02,-6.020002067089080811e-02,-1.762340217828750610e-02,-4.260431230068206787e-02,-8.776590228080749512e-02,-1.868500858545303345e-01,-7.042513042688369751e-02,4.012382775545120239e-02,-1.280545443296432495e-01,-1.057876423001289368e-01,-2.292038798332214355e-01
-1.548802256584167480e-01,2.244042418897151947e-02,-8.026937954127788544e-03,3.892649710178375244e-01,4.040410369634628296e-02,1.465104520320892334e-02,1.596882492303848267e-01,0.000000000000000000e+00,-3.774723038077354431e-02,-6.773751974105834961e-02,-1.923433691263198853e-02,1.229416728019714355e-01,-2.989171147346496582e-01,2.160835117101669312e-01,-9.667260199785232544e-02,-2.391716651618480682e-02,-2.527109086513519287e-01,1.191105600446462631e-02,-6.371852755546569824e-02,1.113887503743171692e-01,-1.138919070363044739e-01,-1.194819360971450806e-01,7.712649554014205933e-02,-1.269713230431079865e-02,-6.916594505310058594e-02,-5.857498943805694580e-02,-2.514522671699523926e-01,-4.791877418756484985e-02,-7.744660973548889160e-02,-9.405597299337387085e-02,9.631174057722091675e-02,2.249834835529327393e-01,9.343837946653366089e-02,2.174618691205978394e-01,-1.475602835416793823e-01,4.288589581847190857e-02,-1.634480506181716919e-01,-2.198308855295181274e-01,-3.156420541927218437e-03,-3.390060067176818848e-01,-2.970175445079803467e-02,1.777942408807575703e-03,-4.242957383394241333e-02,-5.612097680568695068e-02,9.767553955316543579e-02,6.717595458030700684e-02,1.565832644701004028e-02,-3.878867253661155701e-02,7.834577001631259918e-03,-1.206443086266517639e-01,2.150273025035858154e-01,-1.170548722147941589e-01,2.341962456703186035e-01,-1.876969337463378906e-01,1.266763210296630859e-01,-1.811017543077468872e-01,-1.523736417293548584e-01,-2.246299758553504944e-02,-1.308877766132354736e-01,1.630531251430511475e-01,-1.826735958456993103e-02,3.031764626502990723e-01,2.292153798043727875e-02,1.734515130519866943e-01,8.137112483382225037e-03,2.543603479862213135e-01,1.989986002445220947e-02,1.741923987865447998e-01,8.657311648130416870e-02,4.023501276969909668e-02,1.069772168993949890e-01,-1.169898509979248047e-01,1.083380430936813354e-01,4.616183787584304810e-02,-5.569776520133018494e-03,3.608034551143646240e-02,-5.586923658847808838e-02,5.023557692766189575e-02,6.686485558748245239e-02,-2.337372153997421265e-01,1.537531763315200806e-01,-8.469326794147491455e-02,8.847917616367340088e-02,-1.250163614749908447e-01,-4.791118670254945755e-03,-6.263818591833114624e-02,3.256363049149513245e-02,-2.675134837627410889e-01,1.393626630306243896e-01,-2.225712835788726807e-01,3.559354841709136963e-01,-2.639703452587127686e-01,2.203402221202850342e-01,-2.613167166709899902e-01,-5.222634598612785339e-02,-6.110749021172523499e-02,-4.319126531481742859e-02,-7.488342374563217163e-02,7.810132205486297607e-02,-8.875271677970886230e-02,-9.332607686519622803e-02,-1.988896727561950684e-01,7.800301164388656616e-02,-7.050265371799468994e-02,1.678022146224975586e-01,-9.451094269752502441e-02,1.552145928144454956e-01,-7.245291024446487427e-02,1.063417941331863403e-01,6.219512224197387695e-02,1.173565979115664959e-03,8.916017599403858185e-03,-1.583900004625320435e-01,1.352766156196594238e-01,-5.314664170145988464e-02,-2.084565162658691406e-01
-3.283965960144996643e-02,1.764887869358062744e-01,9.555228054523468018e-02,-1.427592039108276367e-01,6.979208439588546753e-02,1.791078150272369385e-01,1.190595552325248718e-01,-3.774723038077354431e-02,0.000000000000000000e+00,1.099677011370658875e-01,-4.114530980587005615e-02,-1.296382695436477661e-01,5.356890708208084106e-02,-8.363320678472518921e-02,2.777514457702636719e-01,9.946382790803909302e-02,7.170926034450531006e-02,5.326656997203826904e-02,-1.010008249431848526e-02,-4.120510071516036987e-02,1.287635117769241333e-01,1.388177275657653809e-01,6.135758012533187866e-02,1.250958293676376343e-01,7.144360244274139404e-02,1.096096932888031006e-01,2.458573281764984131e-01,8.043165504932403564e-02,3.453775867819786072e-02,-1.093893218785524368e-02,8.944798260927200317e-02,9.445593506097793579e-02,-5.248594284057617188e-02,-2.020406723022460938e-01,-3.192087635397911072e-02,-1.232454255223274231e-01,2.438820339739322662e-02,2.162626385688781738e-02,6.976502388715744019e-02,5.204721540212631226e-02,-6.353972107172012329e-02,-7.248757779598236084e-02,-7.587998360395431519e-02,-3.362330421805381775e-02,-1.608013510704040527e-01,-1.396481245756149292e-01,-1.088366210460662842e-01,-9.478268027305603027e-02,-7.142568379640579224e-02,-6.723484396934509277e-02,-2.580626308917999268e-01,-1.341034024953842163e-01,-1.663547009229660034e-01,-9.300174564123153687e-02,-2.792325615882873535e-02,8.927090466022491455e-02,1.001072749495506287e-01,9.668394923210144043e-02,3.089113347232341766e-02,5.912395939230918884e-02,1.514092087745666504e-01,1.779023930430412292e-02,4.416412115097045898e-02,-1.320982072502374649e-02,9.493070840835571289e-02,-1.140082906931638718e-02,8.130886591970920563e-03,-5.763608962297439575e-02,1.644265465438365936e-02,4.861393570899963379e-02,9.597332775592803955e-02,1.554351747035980225e-01,-4.564526677131652832e-02,-1.030742377042770386e-02,-7.297695428133010864e-02,-4.045760259032249451e-02,1.887347735464572906e-02,4.975107312202453613e-02,-5.879890173673629761e-02,1.382724195718765259e-01,-4.930523410439491272e-02,1.032923609018325806e-01,7.193839550018310547e-02,2.293504960834980011e-02,1.443146765232086182e-01,-1.165055558085441589e-01,1.022955328226089478e-01,6.879161298274993896e-02,-5.190889351069927216e-04,-1.942588575184345245e-02,-1.910873204469680786e-01,3.686814755201339722e-02,-1.937481909990310669e-01,-1.955003244802355766e-05,6.520976126194000244e-02,-9.624902904033660889e-02,-1.176466941833496094e-01,7.038365304470062256e-02,-1.012680605053901672e-01,1.075689047574996948e-01,-1.182511523365974426e-01,-4.593047127127647400e-02,1.119331419467926025e-01,9.162136912345886230e-02,-5.064149200916290283e-02,1.465011760592460632e-02,1.925638914108276367e-01,1.934627443552017212e-02,2.208704128861427307e-02,4.656295105814933777e-02,-8.233686536550521851e-02,-1.533478312194347382e-02,-8.174804598093032837e-02,1.038158237934112549e-01,8.224978111684322357e-03,-6.487164180725812912e-03
1.676217168569564819e-01,-1.623556613922119141e-01,1.006873622536659241e-01,-8.099401742219924927e-02,3.039939329028129578e-02,1.486862301826477051e-01,-2.394574508070945740e-02,-6.773751974105834961e-02,1.099677011370658875e-01,0.000000000000000000e+00,1.498289853334426880e-01,2.562860250473022461e-01,1.564234793186187744e-01,1.819476783275604248e-01,-9.706231206655502319e-02,8.142817020416259766e-02,1.639273762702941895e-02,-1.643010079860687256e-01,5.179636180400848389e-02,-8.701118081808090210e-02,2.862965688109397888e-03,1.223874911665916443e-01,-9.804371744394302368e-02,1.390329748392105103e-01,-7.030598819255828857e-02,3.748391196131706238e-02,2.597515881061553955e-01,2.312322705984115601e-01,6.115495041012763977e-02,-1.185384690761566162e-01,4.425931721925735474e-02,6.247788295149803162e-02,-1.341240853071212769e-01,-7.473158836364746094e-02,7.156460732221603394e-02,-4.898448660969734192e-02,-3.925069794058799744e-02,1.822601109743118286e-01,-6.664104014635086060e-02,-4.438583180308341980e-02,2.261962555348873138e-02,-9.362360090017318726e-02,-2.636062800884246826e-01,-2.894587218761444092e-01,-2.478306144475936890e-01,-2.466084063053131104e-01,-1.749082654714584351e-01,-1.080084741115570068e-01,-2.327556014060974121e-01,-8.453306555747985840e-02,-2.595131099224090576e-01,-6.125944107770919800e-02,-2.713377177715301514e-01,2.838298678398132324e-02,-2.673475742340087891e-01,3.346480953041464090e-04,7.985871285200119019e-02,4.764143005013465881e-02,7.635078579187393188e-02,1.165227591991424561e-01,2.185978293418884277e-01,3.380426764488220215e-01,-1.145449187606573105e-02,-2.375693172216415405e-01,2.034587785601615906e-02,4.052598774433135986e-02,-7.542251795530319214e-02,-1.924746036529541016e-01,-5.521975923329591751e-03,-2.856715209782123566e-02,-2.890777215361595154e-02,2.293520420789718628e-01,2.415736019611358643e-01,1.212946027517318726e-01,-1.744692772626876831e-02,-5.211079493165016174e-02,9.188343584537506104e-02,-8.033052831888198853e-02,-2.625505812466144562e-02,2.735300064086914062e-01,-1.366902887821197510e-01,1.075761094689369202e-01,-1.795933693647384644e-01,8.283411711454391479e-02,-8.067595213651657104e-02,2.486937493085861206e-01,-2.411079555749893188e-01,1.458766907453536987e-01,-1.489958763122558594e-01,3.870576918125152588e-01,-2.686786949634552002e-01,1.376077234745025635e-01,-2.587314546108245850e-01,2.602657303214073181e-02,1.589802950620651245e-01,-2.819357614498585463e-04,2.556622922420501709e-01,2.211756110191345215e-01,-7.129035890102386475e-02,-1.937773637473583221e-02,-3.943933248519897461e-01,2.336717993021011353e-01,-1.696039587259292603e-01,7.506418973207473755e-02,-1.300267577171325684e-01,5.430597066879272461e-02,-2.316844463348388672e-02,1.260027140378952026e-01,1.361989527940750122e-01,1.276797503232955933e-01,5.210452899336814880e-02,1.414831280708312988e-01,-1.660957187414169312e-02,-3.688971325755119324e-02,7.844098657369613647e-02,1.261521279811859131e-01
3.462721109390258789e-01,-1.914637722074985504e-02,-1.722374409437179565e-01,-1.791087538003921509e-01,-2.551340498030185699e-03,1.375174969434738159e-01,-1.408348232507705688e-01,-1.923433691263198853e-02,-4.114530980587005615e-02,1.498289853334426880e-01,0.000000000000000000e+00,5.236640572547912598e-01,4.047777056694030762e-01,3.566223084926605225e-01,1.231670975685119629e-01,3.575079143047332764e-02,1.696272045373916626e-01,2.475255355238914490e-02,-2.222421392798423767e-02,-6.461997330188751221e-02,-1.498986184597015381e-01,5.670630559325218201e-02,-4.475841820240020752e-01,-2.610443830490112305e-01,-1.832139939069747925e-01,-1.306848973035812378e-01,-1.243508532643318176e-01,-1.473415493965148926e-01,4.348976910114288330e-01,2.236682772636413574e-01,-1.398211866617202759e-01,-1.428540945053100586e-01,-1.067352890968322754e-01,-1.424348503351211548e-01,-1.141421645879745483e-01,3.513090685009956360e-02,-2.307144701480865479e-01,-5.853766202926635742e-02,-3.534599542617797852e-01,-2.564229369163513184e-01,1.509739160537719727e-01,-1.819328367710113525e-01,-1.627316027879714966e-01,-1.908732205629348755e-01,-3.840939700603485107e-01,-3.162347078323364258e-01,6.391535699367523193e-02,2.597727775573730469e-01,-2.363320291042327881e-01,-4.295171424746513367e-02,6.900890171527862549e-02,8.908496238291263580e-03,2.148395180702209473e-01,1.319143027067184448e-01,-7.025237381458282471e-02,-2.309429645538330078e-01,2.691776454448699951e-01,1.103232726454734802e-01,3.897430598735809326e-01,2.298507094383239746e-01,4.184271395206451416e-01,2.750461101531982422e-01,1.008219569921493530e-01,-6.619264930486679077e-02,-2.444565892219543457e-01,-2.479778230190277100e-01,-2.587752938270568848e-01,-3.429923355579376221e-01,-7.308335043489933014e-03,-1.732843518257141113e-01,4.475017637014389038e-02,9.841579198837280273e-02,1.031552925705909729e-01,8.232394605875015259e-02,1.807260960340499878e-01,-6.682425737380981445e-02,8.190304040908813477e-02,-2.532025985419750214e-02,-1.960826516151428223e-01,1.064028367400169373e-01,-1.573554277420043945e-01,-1.078523620963096619e-01,-3.935903012752532959e-01,-3.280556499958038330e-01,-1.142187938094139099e-01,-1.755237281322479248e-01,-3.860043287277221680e-01,-2.217872291803359985e-01,5.409063398838043213e-02,9.122801572084426880e-02,-5.178308486938476562e-02,-1.372210681438446045e-01,9.127222001552581787e-02,-4.045760631561279297e-02,2.213529497385025024e-01,-9.021915495395660400e-02,2.154784202575683594e-01,2.035650461912155151e-01,-1.655861288309097290e-01,3.763375803828239441e-02,-2.143537849187850952e-01,-1.776853576302528381e-02,-2.916394770145416260e-01,-1.988836079835891724e-01,-2.374427616596221924e-01,-2.569698989391326904e-01,-6.327301263809204102e-02,-6.410831958055496216e-02,1.703328490257263184e-01,3.985356912016868591e-02,2.471851557493209839e-01,-3.916895389556884766e-02,-1.703720986843109131e-01,-9.204827249050140381e-02,8.259305357933044434e-02,1.336427032947540283e-01
2.727223038673400879e-01,1.589158736169338226e-02,-2.546005249023437500e-01,-6.992227863520383835e-04,-4.484442621469497681e-02,2.043791674077510834e-02,-1.830413639545440674e-01,1.229416728019714355e-01,-1.296382695436477661e-01,2.562860250473022461e-01,5.236640572547912598e-01,0.000000000000000000e+00,2.453351616859436035e-01,5.292314291000366211e-01,-3.498633578419685364e-02,2.179284393787384033e-01,7.497516274452209473e-02,8.522089570760726929e-02,3.095501475036144257e-02,7.878452539443969727e-02,-9.405196458101272583e-02,4.119153320789337158e-02,-4.339347481727600098e-01,-1.021083816885948181e-01,-2.327038347721099854e-01,-1.548942923545837402e-01,-9.557546675205230713e-02,3.857466205954551697e-02,3.306228220462799072e-01,1.013934686779975891e-01,-4.604510962963104248e-02,-7.439869642257690430e-02,-7.229105383157730103e-02,8.670424111187458038e-03,-1.427450925111770630e-01,-1.343177817761898041e-02,-2.099021524190902710e-01,-2.534047327935695648e-02,-2.051092088222503662e-01,-2.251385003328323364e-01,1.942101567983627319e-01,-2.472084015607833862e-01,-1.125423461198806763e-01,-1.455648839473724365e-01,-1.347597539424896240e-01,-1.090231984853744507e-01,1.521880738437175751e-02,1.459109038114547729e-01,-5.491162836551666260e-02,8.948331326246261597e-02,1.151419505476951599e-01,1.286632120609283447e-01,9.262249618768692017e-02,1.023197770118713379e-01,-1.526399552822113037e-01,-1.248439326882362366e-01,2.381616979837417603e-01,2.003495544195175171e-01,2.755424380302429199e-01,3.805991709232330322e-01,2.939292490482330322e-01,4.839057922363281250e-01,8.276218920946121216e-02,2.346606552600860596e-02,-3.283581435680389404e-01,-1.386472284793853760e-01,-2.910858094692230225e-01,-2.691690623760223389e-01,-7.853858172893524170e-02,-1.235145032405853271e-01,3.345122188329696655e-02,1.676870733499526978e-01,1.346786022186279297e-01,7.991710305213928223e-02,1.132156252861022949e-01,4.115429893136024475e-02,1.167626027017831802e-02,1.621918007731437683e-02,-7.753997296094894409e-02,1.002773642539978027e-01,-2.705535106360912323e-02,-2.154225483536720276e-02,-2.315472364425659180e-01,-2.344561815261840820e-01,-3.358300924301147461e-01,1.224719546735286713e-02,-3.325416445732116699e-01,-6.879587471485137939e-02,4.694357048720121384e-03,2.412343770265579224e-01,-7.819733023643493652e-02,-2.310581654310226440e-01,4.478435590863227844e-02,-6.620903313159942627e-02,2.332588583230972290e-01,-3.528961213305592537e-03,2.066550403833389282e-01,6.375511735677719116e-02,-1.362425684928894043e-01,-1.242254227399826050e-01,-3.830471634864807129e-01,4.004649445414543152e-02,-2.884990274906158447e-01,-1.664157360792160034e-01,-1.702053695917129517e-01,-2.044988870620727539e-01,-1.207307651638984680e-01,4.553950205445289612e-02,2.088920176029205322e-01,6.378598511219024658e-02,1.108783185482025146e-01,-3.696054965257644653e-02,-2.356771975755691528e-01,-1.237998083233833313e-01,-7.206790149211883545e-02,6.321199238300323486e-02
3.572340607643127441e-01,1.135635469108819962e-02,5.028294399380683899e-03,-2.079710811376571655e-01,-5.083763971924781799e-02,3.853270784020423889e-02,1.470937430858612061e-01,-2.989171147346496582e-01,5.356890708208084106e-02,1.564234793186187744e-01,4.047777056694030762e-01,2.453351616859436035e-01,0.000000000000000000e+00,1.746822446584701538e-01,7.376180589199066162e-02,-1.262750327587127686e-01,9.749260544776916504e-02,-1.700990200042724609e-01,1.411978006362915039e-01,-1.513411253690719604e-01,-1.487102359533309937e-01,-3.795129060745239258e-02,-2.705141305923461914e-01,-1.852454245090484619e-01,-1.690297126770019531e-01,-1.291578710079193115e-01,-3.123007342219352722e-02,-1.532019227743148804e-01,1.737921833992004395e-01,-3.379028663039207458e-02,-2.048822939395904541e-01,-2.025621235370635986e-01,-2.174483686685562134e-01,-2.769053876399993896e-01,-4.172373190522193909e-02,-1.453624218702316284e-01,-1.011508256196975708e-01,-3.690396435558795929e-03,-1.918218284845352173e-01,-2.969423867762088776e-02,-2.469774708151817322e-02,-1.297071427106857300e-01,-2.107849121093750000e-01,-3.425473868846893311e-01,-1.849470585584640503e-01,-1.198112890124320984e-01,-8.359564095735549927e-02,8.130218833684921265e-02,-7.356818020343780518e-02,1.971873939037322998e-01,-2.187207154929637909e-02,2.199486941099166870e-01,6.822167336940765381e-02,3.762703835964202881e-01,-2.266019284725189209e-01,-4.804348573088645935e-03,2.605828046798706055e-01,2.083687335252761841e-01,4.803000092506408691e-01,1.397132575511932373e-01,5.132436156272888184e-01,1.125182062387466431e-01,-1.784228235483169556e-01,-3.174126148223876953e-01,-9.436190128326416016e-02,-3.328273892402648926e-01,-2.045201957225799561e-01,-3.975753784179687500e-01,8.754517883062362671e-02,-5.516365170478820801e-02,-4.103864543139934540e-03,1.259121596813201904e-01,2.280357852578163147e-02,2.882638014853000641e-02,1.187423430383205414e-02,-6.864631082862615585e-03,-2.536427788436412811e-02,-5.326810851693153381e-02,-1.198236644268035889e-01,1.202054917812347412e-01,-2.459935694932937622e-01,-1.230332627892494202e-01,-3.944066762924194336e-01,-1.814673691987991333e-01,-8.742304891347885132e-02,7.622411008924245834e-03,-3.328924179077148438e-01,2.228115499019622803e-02,-8.676779270172119141e-02,2.837470769882202148e-01,-1.562910526990890503e-01,3.538315296173095703e-01,7.332477718591690063e-02,3.555861711502075195e-01,6.704842671751976013e-03,-2.018330991268157959e-01,-6.152943521738052368e-02,1.821978949010372162e-02,-2.829580307006835938e-01,-4.651952162384986877e-02,-1.752636730670928955e-01,2.163029760122299194e-01,-3.343224525451660156e-01,-1.286606341600418091e-01,-1.991523653268814087e-01,-8.266587555408477783e-02,-2.981358766555786133e-01,7.594168186187744141e-02,4.255337640643119812e-03,1.257447805255651474e-02,1.937682973220944405e-03,-1.098447293043136597e-01,-1.523194760084152222e-01,-2.411080896854400635e-01,1.002658903598785400e-01,8.231551200151443481e-02
