0.000000000000000000e+00,3.083548247814178467e-01,-4.346553981304168701e-02,6.788530945777893066e-02,-2.178062498569488525e-01,-9.291531145572662354e-02,4.383682310581207275e-01,4.516786336898803711e-01,-6.477926671504974365e-02,-8.577608317136764526e-02,4.771422743797302246e-01,2.964947521686553955e-01,2.761967480182647705e-01,2.798328101634979248e-01,-3.983755959779955447e-05,-3.081277310848236084e-01,2.730800397694110870e-02,9.186192601919174194e-02,4.262717664241790771e-01,4.834796190261840820e-01,-1.210317611694335938e-01,-1.504688411951065063e-01,-2.347036302089691162e-01,-2.909786105155944824e-01,-3.265939056873321533e-01,-3.967057764530181885e-01,2.124358899891376495e-02,-1.870778799057006836e-01,1.221889480948448181e-01,2.842676937580108643e-01,-4.810903593897819519e-02,6.921754032373428345e-02,1.535023599863052368e-01,1.354558318853378296e-01,-2.320328503847122192e-01,-2.451158761978149414e-01,-2.861720025539398193e-01,-1.758609861135482788e-01,-2.963738329708576202e-02,-7.879192382097244263e-02,-6.695542484521865845e-02,-5.349720828235149384e-03,-9.984164685010910034e-02,1.671919971704483032e-01,4.117739573121070862e-02,1.356619000434875488e-01,2.357350587844848633e-01,8.405393362045288086e-02,1.278689950704574585e-01,1.315120607614517212e-01,2.274683415889739990e-01,-1.363762374967336655e-02,4.953312873840332031e-02,-1.803103685379028320e-01,3.912947773933410645e-01,1.235153824090957642e-01,4.664830565452575684e-01,1.747299581766128540e-01,3.400188982486724854e-01,2.382387518882751465e-01,-3.170585632324218750e-02,5.248415097594261169e-02,3.678065836429595947e-01,2.267553061246871948e-01,-4.467407464981079102e-01,-5.312178730964660645e-01,-2.491227239370346069e-01,-1.764082014560699463e-01,3.179975450038909912e-01,1.863606274127960205e-01,2.008892595767974854e-01,-9.412652999162673950e-02,4.105845093727111816e-02,4.075528979301452637e-01,3.508092761039733887e-01,-1.537275016307830811e-01,3.298959732055664062e-01,2.594914138317108154e-01,1.557045131921768188e-01,-1.464373320341110229e-01,1.914640963077545166e-01,-2.021452039480209351e-01,-9.558934718370437622e-02,-1.120766624808311462e-01,4.905770719051361084e-02,-2.453921437263488770e-01,9.843929857015609741e-02,-1.672369688749313354e-01,2.284312993288040161e-01,-2.461817413568496704e-01,-1.178412586450576782e-01,-3.327288329601287842e-01,-3.443075418472290039e-01,-2.665392756462097168e-01,5.149906966835260391e-03,6.385956704616546631e-02,-1.766805052757263184e-01,-1.604162454605102539e-01,1.446184515953063965e-01,-1.045722216367721558e-01,1.255529075860977173e-01,-2.469310760498046875e-01,1.454427987337112427e-01,-1.528501659631729126e-01,8.702677488327026367e-02,-2.260240167379379272e-01,2.573266923427581787e-01,7.086095958948135376e-02,-2.642466127872467041e-01,-1.433632969856262207e-01,-2.289244681596755981e-01,-7.837206870317459106e-02,9.203589707612991333e-02,-8.016384392976760864e-02,9.387484192848205566e-02,-1.851087901741266251e-03
3.083548247814178467e-01,0.000000000000000000e+00,-1.565066874027252197e-01,2.271237820386886597e-01,-4.086624830961227417e-03,1.309068221598863602e-02,1.533436775207519531e-01,5.136518478393554688e-01,1.815386414527893066e-01,5.388554930686950684e-02,3.278226256370544434e-01,6.321801543235778809e-01,4.465325474739074707e-01,4.758321940898895264e-01,8.619596809148788452e-02,-1.941405683755874634e-01,-1.841201037168502808e-01,-2.174101211130619049e-02,1.963565051555633545e-01,4.686281085014343262e-01,-4.490529894828796387e-01,-3.551465868949890137e-01,-1.121757999062538147e-01,-1.777623891830444336e-01,-2.235686779022216797e-01,-2.963871657848358154e-01,-1.013552770018577576e-01,-1.836653053760528564e-01,-9.901053458452224731e-02,2.315296381711959839e-01,7.549485564231872559e-02,-5.872913636267185211e-03,4.696295857429504395e-01,5.640454888343811035e-01,1.455015540122985840e-01,-8.801454678177833557e-03,-3.549511432647705078e-01,-3.569257259368896484e-01,-2.679193615913391113e-01,-4.527915120124816895e-01,-3.439735472202301025e-01,-1.026757284998893738e-01,-1.765272766351699829e-01,6.359271705150604248e-02,-3.023204803466796875e-01,2.658270858228206635e-02,1.373701691627502441e-01,1.546981483697891235e-01,6.002659350633621216e-02,8.307553827762603760e-02,1.203036606311798096e-01,5.563413724303245544e-02,-4.896151646971702576e-02,-6.314356625080108643e-02,-1.480352506041526794e-02,-7.042258232831954956e-02,5.829734802246093750e-01,6.370562911033630371e-01,2.780256271362304688e-01,4.079801440238952637e-01,1.689820885658264160e-01,3.439633250236511230e-01,1.897600442171096802e-01,2.268345952033996582e-01,-3.373200893402099609e-01,-3.018843829631805420e-01,-4.028343036770820618e-02,-1.175851970911026001e-01,3.343974351882934570e-01,1.632117629051208496e-01,1.359664946794509888e-01,1.111049652099609375e-01,-2.438930422067642212e-02,1.609719395637512207e-01,3.929475694894790649e-02,-8.248958736658096313e-02,1.488088220357894897e-01,9.086588770151138306e-02,-1.417113095521926880e-01,-3.097410202026367188e-01,-3.396666795015335083e-02,-1.954251527786254883e-01,-4.284068346023559570e-01,-4.525310397148132324e-01,-1.768317967653274536e-01,-1.164040639996528625e-01,-3.656271696090698242e-01,-2.513390183448791504e-01,-3.562923893332481384e-02,-1.582629233598709106e-01,-7.676979899406433105e-02,-2.341118454933166504e-01,-2.103705406188964844e-01,-1.782682090997695923e-01,-1.293323338031768799e-01,-2.065141499042510986e-01,-3.962148129940032959e-01,-3.868235945701599121e-01,-1.170263290405273438e-01,-1.459338217973709106e-01,-5.888351052999496460e-02,-1.788287758827209473e-01,1.647529308684170246e-03,-6.968814134597778320e-02,1.379977613687515259e-01,1.175502762198448181e-01,-1.849977858364582062e-02,-2.338660508394241333e-01,-4.520986378192901611e-01,1.496918648481369019e-01,-2.039799094200134277e-01,-1.449458003044128418e-01,1.463084015995264053e-02,-1.264464110136032104e-01,2.888258099555969238e-01,3.107798844575881958e-02
-4.346553981304168701e-02,-1.565066874027252197e-01,0.000000000000000000e+00,4.352253079414367676e-01,1.749022305011749268e-01,7.800640165805816650e-02,3.887671530246734619e-01,-1.731074787676334381e-02,-1.667293608188629150e-01,-2.304551564157009125e-02,-1.160312443971633911e-01,-2.207451015710830688e-01,-2.846578657627105713e-01,-2.543853521347045898e-01,-3.147017061710357666e-01,-4.312558472156524658e-02,-1.941433995962142944e-01,-1.939454525709152222e-01,3.578360676765441895e-01,1.335050910711288452e-01,3.185231685638427734e-01,2.576187551021575928e-01,5.326174497604370117e-01,3.969381153583526611e-01,3.204974234104156494e-01,3.289816379547119141e-01,1.324401143938302994e-02,-4.816278442740440369e-02,-2.398584485054016113e-01,-2.683405280113220215e-01,1.547400802373886108e-01,3.079068064689636230e-01,-7.055366039276123047e-02,-1.221672669053077698e-01,5.279042571783065796e-02,-3.983912616968154907e-02,2.473900318145751953e-01,3.375059664249420166e-01,1.236200258135795593e-01,7.211366295814514160e-02,2.082401961088180542e-01,9.202495217323303223e-02,-1.846167296171188354e-01,-1.630482524633407593e-01,1.282920986413955688e-01,-3.606805205345153809e-01,-1.191843077540397644e-01,-1.712007820606231689e-01,-2.791629135608673096e-01,-3.930389285087585449e-01,-2.580577433109283447e-01,-4.317572116851806641e-01,1.402621120214462280e-01,-3.895971179008483887e-01,2.711848020553588867e-01,-1.904081255197525024e-01,-2.911062166094779968e-02,-2.615442872047424316e-01,-2.164883166551589966e-01,-3.023910224437713623e-01,7.695112377405166626e-02,-3.081373274326324463e-01,-1.507676392793655396e-01,-3.650619983673095703e-01,3.849005699157714844e-01,2.522575557231903076e-01,1.651240140199661255e-01,1.564393788576126099e-01,2.160396873950958252e-01,1.874517202377319336e-01,2.786544561386108398e-01,1.567141860723495483e-01,1.217931695282459259e-02,9.386386722326278687e-02,-5.034813284873962402e-02,-2.417771518230438232e-01,2.143460512161254883e-01,1.170560270547866821e-01,8.783020079135894775e-02,-1.164596527814865112e-01,3.342691436409950256e-02,-1.300370842218399048e-01,2.260722666978836060e-01,1.963629722595214844e-01,3.868646621704101562e-01,-2.707991302013397217e-01,2.678731083869934082e-01,1.331395953893661499e-01,3.800829052925109863e-01,-3.021763861179351807e-01,2.619669139385223389e-01,8.501760661602020264e-02,-1.180003210902214050e-01,-2.276360839605331421e-01,2.743565142154693604e-01,2.205576747655868530e-01,2.609301805496215820e-01,2.108624875545501709e-01,2.443556636571884155e-01,1.523594558238983154e-01,1.882484108209609985e-01,-2.256125509738922119e-01,1.415312588214874268e-01,-1.564245074987411499e-01,-1.024750526994466782e-03,-2.265098690986633301e-01,3.569559156894683838e-01,4.170053601264953613e-01,5.132556334137916565e-02,-2.289797812700271606e-01,5.453121289610862732e-02,-1.118658632040023804e-01,-6.180826202034950256e-02,6.657665222883224487e-02,-1.052028983831405640e-01,-1.384704094380140305e-02
6.788530945777893066e-02,2.271237820386886597e-01,4.352253079414367676e-01,0.000000000000000000e+00,1.447262465953826904e-01,8.691860735416412354e-02,3.666583597660064697e-01,3.003635108470916748e-01,-1.133248861879110336e-02,-1.390707194805145264e-01,-8.655553311109542847e-02,9.143935143947601318e-02,-8.969862014055252075e-03,9.975399076938629150e-02,-1.431182175874710083e-01,-2.949870824813842773e-01,-3.292973041534423828e-01,-2.256511449813842773e-01,2.505387961864471436e-01,2.656228840351104736e-01,7.303745299577713013e-02,2.231428027153015137e-02,3.914364576339721680e-01,3.387756645679473877e-01,3.137344121932983398e-01,2.943793833255767822e-01,2.790124341845512390e-02,-1.382255107164382935e-01,-3.142336606979370117e-01,-1.094052493572235107e-01,2.828655242919921875e-01,3.324914872646331787e-01,2.241411805152893066e-01,2.263207584619522095e-01,1.738152652978897095e-01,9.505723416805267334e-02,1.133301332592964172e-01,1.586686372756958008e-01,-4.736075550317764282e-02,-3.754922375082969666e-02,2.460896037518978119e-02,-1.687619648873806000e-02,-2.102731913328170776e-01,-1.334015876054763794e-01,-3.481983020901679993e-02,-3.543911576271057129e-01,-2.270968444645404816e-02,-1.975847035646438599e-02,-3.214335441589355469e-01,-3.482870757579803467e-01,-2.765801548957824707e-01,-3.385512232780456543e-01,-2.936476469039916992e-02,-3.675740659236907959e-01,1.972265690565109253e-01,-5.678496509790420532e-02,7.192594558000564575e-02,1.902965307235717773e-01,-4.220337048172950745e-02,4.639903083443641663e-02,8.844820410013198853e-02,3.657136484980583191e-02,-2.505550086498260498e-01,-2.569528222084045410e-01,1.274664551019668579e-01,2.263708710670471191e-01,2.844430506229400635e-01,3.285496532917022705e-01,3.270638883113861084e-01,3.626364767551422119e-01,2.646621167659759521e-01,1.684924960136413574e-01,-5.903720855712890625e-02,1.355496942996978760e-01,6.012655328959226608e-03,-1.909020543098449707e-01,2.643021643161773682e-01,2.444235086441040039e-01,-4.004695266485214233e-02,-3.020866215229034424e-01,-8.992195129394531250e-02,-2.015668898820877075e-01,-9.608335047960281372e-02,-5.890596285462379456e-02,5.757214501500129700e-02,-2.191243469715118408e-01,-1.471916865557432175e-02,7.993683218955993652e-02,2.486455887556076050e-01,-1.460762619972229004e-01,1.971670091152191162e-01,-3.892348706722259521e-02,-1.981806159019470215e-01,-3.288623094558715820e-01,1.531695425510406494e-01,1.074246838688850403e-01,1.623519510030746460e-02,6.816388666629791260e-02,1.361278295516967773e-01,3.330328315496444702e-02,7.061006873846054077e-02,-2.668702602386474609e-01,7.305883616209030151e-02,-1.035882979631423950e-01,-7.084476761519908905e-03,-7.241220027208328247e-02,2.151456475257873535e-01,2.511694729328155518e-01,-1.115698143839836121e-01,-1.247166618704795837e-01,-8.535310626029968262e-02,-3.210448622703552246e-01,-1.723434627056121826e-01,-1.145124062895774841e-01,-7.843565195798873901e-03,-5.183747969567775726e-03
-2.178062498569488525e-01,-4.086624830961227417e-03,1.749022305011749268e-01,1.447262465953826904e-01,0.000000000000000000e+00,5.139688849449157715e-01,5.953904613852500916e-02,-6.888782978057861328e-02,2.624209523200988770e-01,1.639782190322875977e-01,-9.379574656486511230e-02,1.118154153227806091e-01,8.326824754476547241e-02,3.845880180597305298e-02,3.045040369033813477e-01,1.341316998004913330e-01,-1.513157188892364502e-01,5.440044775605201721e-02,3.651390969753265381e-02,-1.304669231176376343e-01,-1.715757399797439575e-01,3.669706638902425766e-03,1.746181249618530273e-01,1.590466648340225220e-01,4.298251867294311523e-01,4.314458668231964111e-01,4.814296364784240723e-01,5.088331699371337891e-01,-9.297763556241989136e-02,6.903631985187530518e-02,3.773477673530578613e-01,3.457843661308288574e-01,4.696425795555114746e-02,1.746046841144561768e-01,2.406602501869201660e-01,2.827427685260772705e-01,-1.151526067405939102e-02,3.114677965641021729e-02,8.445487916469573975e-02,-3.011166118085384369e-02,-1.680249124765396118e-01,1.035819724202156067e-01,-3.057909607887268066e-01,-4.426071941852569580e-01,-4.883974790573120117e-01,-4.293316006660461426e-01,-2.597641646862030029e-01,-2.553625106811523438e-01,-5.279684066772460938e-01,-4.686691462993621826e-01,-4.541198909282684326e-01,-4.618287682533264160e-01,-6.465099006891250610e-02,-3.954197764396667480e-01,5.569984391331672668e-02,-1.226472109556198120e-01,-9.878822416067123413e-02,-3.555870056152343750e-02,-1.090863049030303955e-01,-4.779453575611114502e-02,2.949153780937194824e-01,6.530303508043289185e-03,-1.883126944303512573e-01,-1.498175859451293945e-01,2.400618344545364380e-01,2.942405939102172852e-01,3.450680077075958252e-01,3.385396599769592285e-01,1.178898438811302185e-01,8.213450759649276733e-02,4.506558775901794434e-01,3.887840807437896729e-01,-1.136354729533195496e-01,1.554876659065485001e-02,-4.173373430967330933e-02,3.745552524924278259e-02,2.317655384540557861e-01,2.020414173603057861e-01,1.090535521507263184e-01,-9.440118074417114258e-02,1.155640929937362671e-01,-1.047520712018013000e-01,-5.443657189607620239e-02,-2.378193289041519165e-01,9.173842519521713257e-02,-2.875676155090332031e-01,2.701788544654846191e-01,2.140690386295318604e-01,3.045595586299896240e-01,-7.779042422771453857e-02,-7.710776478052139282e-02,-2.762753069400787354e-01,-2.822161018848419189e-01,-2.677575945854187012e-01,-4.017531871795654297e-02,-3.619231581687927246e-01,-1.880409196019172668e-02,-1.001502722501754761e-01,-6.523562967777252197e-02,-1.904594451189041138e-01,3.790209293365478516e-01,-1.611926555633544922e-01,3.917552232742309570e-01,3.149828910827636719e-01,3.682864904403686523e-01,3.059521876275539398e-02,6.422542035579681396e-02,1.341259926557540894e-01,-1.309034675359725952e-01,2.251572012901306152e-01,1.946305632591247559e-01,-3.382050991058349609e-01,-1.201199069619178772e-01,4.655836895108222961e-02,-2.535915002226829529e-02,-8.903253823518753052e-02
-9.291531145572662354e-02,1.309068221598863602e-02,7.800640165805816650e-02,8.691860735416412354e-02,5.139688849449157715e-01,0.000000000000000000e+00,2.446256130933761597e-01,1.009035259485244751e-01,2.851683795452117920e-01,4.445430636405944824e-01,-6.238378584384918213e-03,8.539442718029022217e-02,7.018064707517623901e-02,7.550575584173202515e-02,1.620623320341110229e-01,2.400636970996856689e-01,-9.448271989822387695e-02,-9.230837225914001465e-03,1.820682883262634277e-01,6.138125061988830566e-02,-1.031147465109825134e-01,8.939510583877563477e-02,7.323466241359710693e-02,-7.017625868320465088e-02,1.171395927667617798e-01,3.021695911884307861e-01,3.292756080627441406e-01,4.785938560962677002e-01,-5.052394047379493713e-02,5.564669892191886902e-02,2.394064813852310181e-01,1.487267613410949707e-01,-7.898971438407897949e-02,5.472768470644950867e-02,1.867978647351264954e-02,2.654975280165672302e-02,-9.558515995740890503e-02,1.620974205434322357e-02,8.739036321640014648e-02,5.282539129257202148e-02,-6.227421760559082031e-02,1.378615051507949829e-01,-2.263339608907699585e-01,-2.397051900625228882e-01,-2.425690889358520508e-01,-2.441346943378448486e-01,-1.058006957173347473e-01,-1.798606216907501221e-01,-3.511239886283874512e-01,-2.993709444999694824e-01,-2.716087400913238525e-01,-3.199874162673950195e-01,-7.892394065856933594e-02,-3.796828091144561768e-01,2.557846009731292725e-01,4.363539814949035645e-02,3.450545296072959900e-02,-1.038150712847709656e-01,2.496943995356559753e-02,3.938078880310058594e-02,1.852607876062393188e-01,4.221613332629203796e-02,-9.903854131698608398e-02,-5.050777271389961243e-02,1.013611406087875366e-01,1.294687986373901367e-01,1.920818239450454712e-01,2.091707438230514526e-01,1.764759570360183716e-01,1.126101762056350708e-01,3.291413784027099609e-01,2.469443827867507935e-01,-1.607286632061004639e-01,2.753659337759017944e-02,3.548462688922882080e-02,-1.626480221748352051e-01,1.056303977966308594e-01,-2.347098104655742645e-02,1.080737262964248657e-01,-7.080289721488952637e-02,2.369422167539596558e-01,-8.688115328550338745e-02,8.023758977651596069e-02,-1.975508406758308411e-02,2.328951656818389893e-01,-2.120465785264968872e-01,2.389479279518127441e-01,2.356743067502975464e-01,3.716959059238433838e-01,-6.468178331851959229e-02,-6.519286334514617920e-02,-3.438479602336883545e-01,-3.803580105304718018e-01,-3.230696320533752441e-01,-2.005254626274108887e-01,-2.681290209293365479e-01,-9.468273073434829712e-02,-1.428627520799636841e-01,8.820286393165588379e-02,-2.096778899431228638e-01,3.881208598613739014e-01,-1.812396645545959473e-01,3.449262380599975586e-01,2.818731367588043213e-01,1.933644711971282959e-01,-9.464063495397567749e-02,1.106335967779159546e-01,2.111855894327163696e-01,-6.441204994916915894e-02,2.619520947337150574e-02,2.182720974087715149e-02,-2.356476932764053345e-01,-5.045615509152412415e-02,1.071489006280899048e-01,-4.006219282746315002e-02,-5.814827978610992432e-02
4.383682310581207275e-01,1.533436775207519531e-01,3.887671530246734619e-01,3.666583597660064697e-01,5.953904613852500916e-02,2.446256130933761597e-01,0.000000000000000000e+00,3.936480581760406494e-01,-2.726674079895019531e-02,1.145612075924873352e-02,3.622079789638519287e-01,1.234371438622474670e-01,1.344338506460189819e-01,1.081085577607154846e-01,-3.516791388392448425e-02,-1.893117129802703857e-01,-1.481627076864242554e-01,-5.184333026409149170e-02,5.690760612487792969e-01,3.620675802230834961e-01,-3.103186562657356262e-02,-2.518535777926445007e-02,1.374822854995727539e-01,-4.484094679355621338e-02,-6.633987277746200562e-02,-7.762829773128032684e-03,1.609673649072647095e-01,-3.547050803899765015e-02,-3.510034643113613129e-03,1.195626780390739441e-01,1.917764544486999512e-01,2.502363622188568115e-01,1.421622335910797119e-01,1.204331964254379272e-01,-1.635011732578277588e-01,-2.219798713922500610e-01,-1.176037490367889404e-01,-1.352250203490257263e-02,4.030888900160789490e-02,-1.189934164285659790e-01,3.498278558254241943e-02,1.550575159490108490e-02,-2.467236369848251343e-01,2.766547026112675667e-03,-2.045596204698085785e-02,-1.571375578641891479e-01,1.240268498659133911e-01,-2.390172891318798065e-02,-1.730882972478866577e-01,-1.855160892009735107e-01,-8.987117558717727661e-02,-2.761097252368927002e-01,-8.329494856297969818e-03,-4.797571301460266113e-01,4.925844371318817139e-01,1.886753551661968231e-02,3.341283500194549561e-01,3.987943008542060852e-02,6.555511057376861572e-02,8.122748881578445435e-02,1.488567739725112915e-01,-2.878935821354389191e-02,1.635597050189971924e-01,4.602470248937606812e-02,-8.710955828428268433e-02,-1.759638935327529907e-01,4.509001225233078003e-02,1.034718528389930725e-01,3.831405341625213623e-01,3.079195320606231689e-01,3.787186145782470703e-01,7.397796958684921265e-02,6.347453594207763672e-02,2.354833185672760010e-01,2.044531255960464478e-01,-3.116888105869293213e-01,3.704132437705993652e-01,2.257557809352874756e-01,1.723173558712005615e-01,-2.217682749032974243e-01,2.193148732185363770e-01,-2.132223695516586304e-01,3.120404109358787537e-02,-6.247248500585556030e-02,2.633047997951507568e-01,-4.177153706550598145e-01,2.346310317516326904e-01,-3.757501021027565002e-02,4.153587222099304199e-01,-3.888256549835205078e-01,-9.057267569005489349e-03,-3.146415352821350098e-01,-4.488802254199981689e-01,-4.034183323383331299e-01,-1.379367313347756863e-03,6.403474137187004089e-03,-1.105827614665031433e-01,-9.460376203060150146e-02,2.858033478260040283e-01,-7.687152922153472900e-02,3.480701446533203125e-01,-3.330176770687103271e-01,3.451347053050994873e-01,-7.043899595737457275e-02,1.690639704465866089e-01,-2.693527936935424805e-01,3.713397979736328125e-01,3.581179380416870117e-01,-1.544900536537170410e-01,-2.069120854139328003e-01,-1.425905972719192505e-01,-1.247113123536109924e-01,4.434527456760406494e-02,8.806930482387542725e-02,1.596531644463539124e-02,-1.328115761280059814e-01
4.516786336898803711e-01,5.136518478393554688e-01,-1.731074787676334381e-02,3.003635108470916748e-01,-6.888782978057861328e-02,1.009035259485244751e-01,3.936480581760406494e-01,0.000000000000000000e+00,2.144797518849372864e-02,-3.123275563120841980e-02,3.381958305835723877e-01,5.705136060714721680e-01,2.366577088832855225e-01,5.280985832214355469e-01,-1.102113202214241028e-01,-2.630636692047119141e-01,-8.076856285333633423e-02,4.079046100378036499e-02,3.065222203731536865e-01,4.962406456470489502e-01,-9.353580325841903687e-02,-6.469396501779556274e-02,-1.427992284297943115e-01,-1.333933770656585693e-01,-3.356607854366302490e-01,-2.661340534687042236e-01,-4.182843491435050964e-02,-1.656031310558319092e-01,9.179490804672241211e-02,3.372927606105804443e-01,-2.049316465854644775e-02,1.653862893581390381e-01,1.642675250768661499e-01,2.978480756282806396e-01,-2.757259607315063477e-01,-2.971232831478118896e-01,-2.180750817060470581e-01,-1.034058257937431335e-01,-7.471048086881637573e-02,-2.440669238567352295e-01,-7.657676190137863159e-02,9.310133755207061768e-02,-2.538281083106994629e-01,-2.018751949071884155e-02,-5.409295111894607544e-02,-6.716522574424743652e-02,1.050249412655830383e-01,-1.255811098963022232e-02,1.800335571169853210e-02,-5.689432471990585327e-02,1.455641388893127441e-01,-1.342963427305221558e-01,1.024520993232727051e-01,-3.849324882030487061e-01,3.283898532390594482e-01,-3.489073715172708035e-04,3.735107481479644775e-01,2.207079082727432251e-01,2.082072496414184570e-01,2.425815612077713013e-01,-9.996254742145538330e-02,1.828494369983673096e-01,3.032476305961608887e-01,2.644998431205749512e-01,-4.194139540195465088e-01,-3.471556305885314941e-01,-2.513313591480255127e-01,-7.917527854442596436e-02,3.744688034057617188e-01,2.393800616264343262e-01,2.557086646556854248e-01,3.503461182117462158e-02,4.687992855906486511e-02,3.831455409526824951e-01,1.625586599111557007e-01,-2.508515417575836182e-01,3.106432259082794189e-01,5.350386351346969604e-02,1.215811222791671753e-01,-1.830809712409973145e-01,2.359219938516616821e-01,-1.526601463556289673e-01,-6.646461784839630127e-02,-1.675579100847244263e-01,1.387710422277450562e-01,-2.585652768611907959e-01,-1.018997281789779663e-01,-1.540218144655227661e-01,2.413215339183807373e-01,-3.394692242145538330e-01,6.490440666675567627e-02,-2.933415472507476807e-01,-3.072021603584289551e-01,-4.377821981906890869e-01,-8.729474246501922607e-02,-1.031624060124158859e-02,-1.069047003984451294e-01,-8.890294283628463745e-02,2.973873913288116455e-01,-8.247819542884826660e-02,2.094800472259521484e-01,-4.698309600353240967e-01,1.888327151536941528e-01,-2.132716476917266846e-01,7.285031676292419434e-02,-2.530058920383453369e-01,1.604484915733337402e-01,6.143241748213768005e-02,-1.303379982709884644e-01,-1.259529292583465576e-01,-1.797522157430648804e-01,-1.397397667169570923e-01,1.035270188003778458e-02,-1.548170447349548340e-01,-2.651333436369895935e-02,-7.092177867889404297e-02
-6.477926671504974365e-02,1.815386414527893066e-01,-1.667293608188629150e-01,-1.133248861879110336e-02,2.624209523200988770e-01,2.851683795452117920e-01,-2.726674079895019531e-02,2.144797518849372864e-02,0.000000000000000000e+00,2.638536393642425537e-01,-5.563969165086746216e-02,-4.135121591389179230e-03,3.370950520038604736e-01,-3.962607879657298326e-04,3.799980580806732178e-01,4.894255194813013077e-03,-2.272249907255172729e-01,-1.582446545362472534e-01,7.339373230934143066e-02,4.777499660849571228e-02,-1.726785898208618164e-01,-9.757222235202789307e-02,-1.067334637045860291e-01,-2.290357947349548340e-01,1.912843249738216400e-02,-2.238602563738822937e-02,-7.208038121461868286e-03,7.923664525151252747e-03,-2.491840869188308716e-01,-1.050060540437698364e-01,3.929428011178970337e-02,-2.795701473951339722e-02,1.223850399255752563e-01,1.297349482774734497e-01,1.281835585832595825e-01,5.965264514088630676e-02,-4.566774517297744751e-02,-1.947063603438436985e-03,-9.138355404138565063e-02,9.839940816164016724e-03,-1.673803776502609253e-01,1.824702322483062744e-02,6.953665614128112793e-02,1.302643120288848877e-01,-6.971818208694458008e-02,1.460852771997451782e-01,2.250193059444427490e-02,2.337789386510848999e-01,8.076635748147964478e-02,1.251419931650161743e-01,2.640846371650695801e-02,1.550923138856887817e-01,-1.575749367475509644e-01,8.168450742959976196e-02,-7.663087546825408936e-02,9.035229682922363281e-02,-9.997742250561714172e-03,1.000848636031150818e-01,6.476310640573501587e-02,2.339514493942260742e-01,1.097169145941734314e-01,8.688880503177642822e-02,-3.129976391792297363e-01,-1.152946874499320984e-01,-9.807568043470382690e-02,-3.859173506498336792e-03,9.858214855194091797e-02,1.587615311145782471e-01,4.370603337883949280e-02,-2.096961811184883118e-02,6.604691036045551300e-03,7.003053277730941772e-02,5.629136040806770325e-02,-6.289102137088775635e-02,-4.989840462803840637e-02,4.532732814550399780e-02,3.067418560385704041e-02,7.094127684831619263e-02,-2.239394932985305786e-01,-1.152264848351478577e-01,-1.916041076183319092e-01,-7.753168791532516479e-02,-2.058582454919815063e-01,-1.407953351736068726e-01,-2.272535413503646851e-01,-6.098782178014516830e-04,-8.135765045881271362e-02,1.349562704563140869e-01,-8.824042975902557373e-02,1.010373607277870178e-01,-7.943391799926757812e-02,-1.116803884506225586e-01,-1.059975177049636841e-01,-9.583369828760623932e-03,-1.562126874923706055e-01,-1.237635314464569092e-01,-1.618688404560089111e-01,-1.563227921724319458e-01,-1.048757582902908325e-01,-1.325786560773849487e-01,-9.252044558525085449e-02,-2.620004117488861084e-02,-5.126604437828063965e-02,-5.949913710355758667e-02,-5.871753674000501633e-03,1.086163073778152466e-01,-4.632215946912765503e-02,-1.488190740346908569e-01,-1.476168483495712280e-01,7.496155798435211182e-02,-7.938712835311889648e-02,-2.742627821862697601e-02,1.523480191826820374e-02,-2.216529548168182373e-01,4.101113602519035339e-02,3.656876087188720703e-02
-8.577608317136764526e-02,5.388554930686950684e-02,-2.304551564157009125e-02,-1.390707194805145264e-01,1.639782190322875977e-01,4.445430636405944824e-01,1.145612075924873352e-02,-3.123275563120841980e-02,2.638536393642425537e-01,0.000000000000000000e+00,1.292111165821552277e-02,8.595951646566390991e-02,4.627416655421257019e-02,1.124626174569129944e-01,1.250639557838439941e-01,5.011362433433532715e-01,-5.546887218952178955e-02,-1.645154356956481934e-01,3.841336816549301147e-03,1.183367073535919189e-01,-2.378135025501251221e-01,-1.204122379422187805e-01,4.155494272708892822e-02,-1.046645939350128174e-01,7.074263691902160645e-02,8.907546103000640869e-02,9.932325780391693115e-02,2.718111276626586914e-01,1.663625054061412811e-02,1.865678094327449799e-02,1.186706349253654480e-01,-5.524684861302375793e-02,7.039310876280069351e-04,3.526652604341506958e-02,7.010457664728164673e-02,-3.434082120656967163e-02,-2.425955235958099365e-01,-2.330176830291748047e-01,-1.455720067024230957e-01,-1.715167760848999023e-01,-1.633749157190322876e-01,-6.572289764881134033e-02,-6.633671373128890991e-02,1.786097139120101929e-02,-1.558151394128799438e-01,2.052602916955947876e-02,1.293724775314331055e-01,7.222769409418106079e-02,-2.855912595987319946e-02,1.862121187150478363e-02,-4.519558977335691452e-03,3.017186000943183899e-02,4.043086431920528412e-03,4.663994535803794861e-02,8.377976715564727783e-02,1.042507812380790710e-01,1.205417811870574951e-01,-3.273655474185943604e-02,1.043541431427001953e-01,1.438135504722595215e-01,6.973486393690109253e-02,1.332438290119171143e-01,-4.636873304843902588e-02,1.104013174772262573e-01,-7.812077552080154419e-02,-4.912543296813964844e-02,-1.808112487196922302e-02,-1.159464642405509949e-01,1.099042668938636780e-01,-4.227823764085769653e-02,3.603697568178176880e-02,1.586195379495620728e-01,-4.039318114519119263e-02,-1.270742118358612061e-01,1.300674304366111755e-02,-1.649843752384185791e-01,-1.469130516052246094e-01,-9.719958156347274780e-02,-6.220175325870513916e-02,-1.784611940383911133e-01,3.466314822435379028e-02,-1.344213038682937622e-01,-1.039349362254142761e-01,-9.131005406379699707e-02,1.031696423888206482e-02,1.376246567815542221e-02,-3.814414143562316895e-02,-9.047494828701019287e-02,3.950747102499008179e-02,5.433090031147003174e-02,-5.907473713159561157e-02,-2.570783197879791260e-01,-6.047016754746437073e-02,-1.142486184835433960e-01,-2.364817261695861816e-01,-2.061226069927215576e-01,-2.234472185373306274e-01,-2.776772379875183105e-01,-8.546493947505950928e-02,-2.255671024322509766e-01,7.130794972181320190e-02,7.700727880001068115e-02,2.864813432097434998e-02,1.944537162780761719e-01,8.934440463781356812e-02,3.422231413424015045e-03,3.097080811858177185e-02,2.439031749963760376e-02,-2.208555787801742554e-01,3.546809032559394836e-02,1.473439042456448078e-03,1.647273078560829163e-02,7.683952152729034424e-02,1.032934486865997314e-01,6.026745960116386414e-02,8.648771047592163086e-02
4.771422743797302246e-01,3.278226256370544434e-01,-1.160312443971633911e-01,-8.655553311109542847e-02,-9.379574656486511230e-02,-6.238378584384918213e-03,3.622079789638519287e-01,3.381958305835723877e-01,-5.563969165086746216e-02,1.292111165821552277e-02,0.000000000000000000e+00,4.466538429260253906e-01,4.997621774673461914e-01,4.667084813117980957e-01,2.246036082506179810e-01,-1.289193630218505859e-01,8.196370303630828857e-02,3.261765837669372559e-02,2.322246581315994263e-01,1.803252398967742920e-01,-4.009546041488647461e-01,-3.333178758621215820e-01,-1.570921540260314941e-01,-2.029235363006591797e-01,-2.180456072092056274e-01,-2.770226001739501953e-01,6.844010204076766968e-02,-8.411120623350143433e-02,9.571027010679244995e-02,3.165872097015380859e-01,6.793358922004699707e-02,-5.890494957566261292e-02,2.211321890354156494e-01,2.329256087541580200e-01,-3.970406576991081238e-02,-7.198219001293182373e-02,-3.303126692771911621e-01,-3.623890876770019531e-01,-1.075247898697853088e-01,-3.469933569431304932e-01,-1.990912556648254395e-01,-1.463711857795715332e-01,-9.909009933471679688e-02,9.584580361843109131e-02,-2.388355433940887451e-01,1.181266009807586670e-01,1.367470920085906982e-01,5.497723817825317383e-02,1.115836501121520996e-01,1.703740060329437256e-01,1.478642523288726807e-01,8.501999825239181519e-02,-4.552535712718963623e-02,-4.429791495203971863e-02,9.768746793270111084e-02,-5.410045385360717773e-02,4.468353688716888428e-01,2.661849856376647949e-01,1.758400499820709229e-01,2.621950805187225342e-01,1.718026995658874512e-01,3.168022334575653076e-01,4.295628666877746582e-01,3.418652117252349854e-01,-3.557426631450653076e-01,-3.411675393581390381e-01,-1.442042291164398193e-01,-1.674401164054870605e-01,1.019963696599006653e-01,4.723649471998214722e-02,1.182987093925476074e-01,-7.525191456079483032e-02,1.498713344335556030e-01,2.154136002063751221e-01,2.081790417432785034e-01,-1.232054904103279114e-01,1.468776464462280273e-01,4.305106401443481445e-02,6.130531430244445801e-02,-2.214128226041793823e-01,1.174235045909881592e-01,-2.006516009569168091e-01,-2.386097908020019531e-01,-3.864739835262298584e-01,3.960063308477401733e-02,-1.344909816980361938e-01,-4.685484245419502258e-02,-3.298274874687194824e-01,4.533138498663902283e-02,-2.291842401027679443e-01,-2.025211304426193237e-01,-3.290581405162811279e-01,-1.666658818721771240e-01,-5.212620645761489868e-02,-1.437289565801620483e-01,-2.363575994968414307e-01,-3.807558119297027588e-01,-4.016019105911254883e-01,-1.009458750486373901e-01,-2.987698614597320557e-01,1.335718333721160889e-01,1.058708317577838898e-02,1.078043207526206970e-01,-4.626199603080749512e-03,2.583742737770080566e-01,-3.096812590956687927e-02,5.256909504532814026e-02,-1.108823269605636597e-01,-3.468198776245117188e-01,1.211681663990020752e-01,-6.297802180051803589e-02,2.646174281835556030e-02,1.780248880386352539e-01,3.481689468026161194e-02,2.384357005357742310e-01,-1.725807227194309235e-02
2.964947521686553955e-01,6.321801543235778809e-01,-2.207451015710830688e-01,9.143935143947601318e-02,1.118154153227806091e-01,8.539442718029022217e-02,1.234371438622474670e-01,5.705136060714721680e-01,-4.135121591389179230e-03,8.595951646566390991e-02,4.466538429260253906e-01,0.000000000000000000e+00,3.784063756465911865e-01,6.819301247596740723e-01,1.426100581884384155e-01,2.524906769394874573e-02,1.026657074689865112e-01,1.946024000644683838e-01,8.732444047927856445e-02,2.684588432312011719e-01,-4.141494333744049072e-01,-2.410077005624771118e-01,-1.712590903043746948e-01,-9.594949334859848022e-02,-2.453715950250625610e-01,-1.786075532436370850e-01,8.131742477416992188e-02,4.973026365041732788e-02,2.131727039813995361e-01,4.819247126579284668e-01,1.250754296779632568e-01,7.325107604265213013e-02,2.072803676128387451e-01,3.924709856510162354e-01,-2.867369167506694794e-02,-9.344353526830673218e-02,-3.186733126640319824e-01,-3.053286969661712646e-01,-9.347197413444519043e-02,-3.342519998550415039e-01,-1.967800855636596680e-01,2.849287725985050201e-02,-1.809064745903015137e-01,-1.668342947959899902e-01,-3.772298395633697510e-01,-2.177437953650951385e-02,-1.899362169206142426e-02,-9.545567631721496582e-02,-8.416948467493057251e-02,-5.762163549661636353e-02,-5.592957139015197754e-02,-1.181274428963661194e-01,-1.520480215549468994e-01,-1.837017089128494263e-01,-5.360918119549751282e-02,-1.011866703629493713e-01,3.808987140655517578e-01,4.824090003967285156e-01,1.516407281160354614e-01,2.380320578813552856e-01,1.256454288959503174e-01,4.510980248451232910e-01,4.090525507926940918e-01,4.264758527278900146e-01,-3.282841145992279053e-01,-2.380509376525878906e-01,-1.679233610630035400e-01,-1.641463339328765869e-01,1.106209456920623779e-01,4.866025969386100769e-02,2.220969945192337036e-01,1.909827589988708496e-01,7.606293261051177979e-02,2.090775668621063232e-01,1.182187199592590332e-01,1.653970032930374146e-02,1.363447457551956177e-01,1.158940792083740234e-01,1.007020324468612671e-01,-1.327981352806091309e-01,2.097648382186889648e-01,-6.878593564033508301e-02,-2.662158906459808350e-01,-4.014044702053070068e-01,-5.572140216827392578e-03,-1.002869457006454468e-01,-2.095323354005813599e-01,-2.019739896059036255e-01,2.299897605553269386e-04,-1.627057343721389771e-01,-2.119026184082031250e-01,-3.658882975578308105e-01,-2.953648567199707031e-01,-2.494057565927505493e-01,-2.128777205944061279e-01,-3.250133991241455078e-01,-2.712859213352203369e-01,-3.316773176193237305e-01,-1.198208406567573547e-01,-2.543398141860961914e-01,1.278434097766876221e-01,-2.062200307846069336e-01,1.486552804708480835e-01,1.323931217193603516e-01,2.088947743177413940e-01,4.132514446973800659e-02,-1.255720406770706177e-01,-1.663836389780044556e-01,-2.603229582309722900e-01,2.923061251640319824e-01,-8.114953339099884033e-02,-1.981286406517028809e-01,-3.629159182310104370e-02,-5.082397535443305969e-02,1.576712578535079956e-01,-9.838044643402099609e-02
2.761967480182647705e-01,4.465325474739074707e-01,-2.846578657627105713e-01,-8.969862014055252075e-03,8.326824754476547241e-02,7.018064707517623901e-02,1.344338506460189819e-01,2.366577088832855225e-01,3.370950520038604736e-01,4.627416655421257019e-02,4.997621774673461914e-01,3.784063756465911865e-01,0.000000000000000000e+00,4.801855981349945068e-01,4.167174696922302246e-01,-1.767615675926208496e-01,-1.940105110406875610e-01,-4.339876025915145874e-02,-1.572836376726627350e-02,8.774355798959732056e-02,-5.169940590858459473e-01,-4.187416136264801025e-01,-2.110679745674133301e-01,-2.154321074485778809e-01,-1.528939455747604370e-01,-2.306488156318664551e-01,9.113076329231262207e-02,-1.083340793848037720e-01,-1.440263986587524414e-01,1.332531571388244629e-01,4.451796784996986389e-02,-1.073334589600563049e-01,3.715606331825256348e-01,4.164552986621856689e-01,2.052040696144104004e-01,1.380753666162490845e-01,-3.364169895648956299e-01,-3.450866639614105225e-01,-3.321608006954193115e-01,-3.276588022708892822e-01,-4.093838334083557129e-01,-1.169200837612152100e-01,-1.081144064664840698e-01,6.310033053159713745e-02,-3.499770462512969971e-01,9.073574841022491455e-02,6.911490857601165771e-02,1.735673844814300537e-01,9.217882156372070312e-02,1.721211224794387817e-01,9.252941608428955078e-02,1.853955686092376709e-01,-1.063083261251449585e-01,1.591350585222244263e-01,-1.502178162336349487e-01,4.877853393554687500e-02,2.925500869750976562e-01,3.625309169292449951e-01,1.634603887796401978e-01,3.344080448150634766e-01,2.697062492370605469e-01,3.035870492458343506e-01,1.411389410495758057e-01,1.901348680257797241e-01,-2.961398065090179443e-01,-2.421803027391433716e-01,-1.484105363488197327e-02,5.875469185411930084e-03,7.386081665754318237e-02,5.423407256603240967e-02,7.664538174867630005e-02,1.305554211139678955e-01,-4.076294228434562683e-02,1.156240850687026978e-01,5.328042432665824890e-03,-2.575089596211910248e-02,1.150180846452713013e-01,8.284220844507217407e-02,-1.849197298288345337e-01,-2.061946094036102295e-01,-1.103186681866645813e-01,-1.029190048575401306e-01,-4.863577485084533691e-01,-5.102428197860717773e-01,-2.858948111534118652e-01,2.700624242424964905e-02,-1.953162401914596558e-01,-1.151045709848403931e-01,-1.247525140643119812e-01,3.307617828249931335e-02,-1.460556834936141968e-01,-1.610271632671356201e-01,-7.229552417993545532e-02,6.513526290655136108e-02,-2.827511131763458252e-01,-3.334280252456665039e-01,-5.243547558784484863e-01,-4.870374798774719238e-01,-2.370332926511764526e-01,-2.239380031824111938e-01,-5.620504915714263916e-02,1.049472540616989136e-01,-4.079393669962882996e-02,-2.718120440840721130e-02,1.190505176782608032e-01,1.764459460973739624e-01,-1.419063657522201538e-01,-2.994410991668701172e-01,-3.802307248115539551e-01,2.041795253753662109e-01,-1.152098998427391052e-01,-4.945082217454910278e-02,1.038955003023147583e-01,-2.341348379850387573e-01,1.984348744153976440e-01,5.016031116247177124e-02
