0.000000000000000000e+00,6.378586292266845703e-01,3.862515687942504883e-01,2.837506532669067383e-01,-5.969175323843955994e-02,-2.036390453577041626e-01,4.629074931144714355e-01,4.559684693813323975e-01,1.190929785370826721e-01,-2.135692238807678223e-01,4.716318547725677490e-01,4.436627328395843506e-01,2.965174615383148193e-01,2.596427500247955322e-01,-6.996078789234161377e-02,-1.495787054300308228e-01,6.615132093429565430e-02,-8.327699266374111176e-03,4.906292259693145752e-01,4.908425211906433105e-01,-3.112027049064636230e-01,-3.425448238849639893e-01,-2.596129849553108215e-02,-3.150068921968340874e-03,-1.956550776958465576e-01,-2.050207853317260742e-01,-1.637155860662460327e-01,-9.437090903520584106e-02,1.846615076065063477e-01,1.012226939201354980e-02,-3.133285418152809143e-02,1.040874496102333069e-01,1.775176376104354858e-01,3.736345767974853516e-01,-4.952770844101905823e-02,-2.069810628890991211e-01,-1.956231892108917236e-01,-3.208458125591278076e-01,-3.741417527198791504e-01,-3.267562687397003174e-01,1.055928692221641541e-01,-2.251038998365402222e-01,-1.301224678754806519e-01,1.033054441213607788e-01,-4.221680387854576111e-02,-6.284974981099367142e-03,1.498987078666687012e-01,1.044395044445991516e-01,1.122376844286918640e-01,1.996939629316329956e-01,1.471323519945144653e-01,1.973650306463241577e-01,-7.761517167091369629e-02,-1.084027439355850220e-01,-1.536909639835357666e-01,1.762212812900543213e-02,5.018191933631896973e-01,4.860149919986724854e-01,5.637642741203308105e-01,2.005435228347778320e-01,3.459804058074951172e-01,2.766670882701873779e-01,2.195578366518020630e-01,3.437298238277435303e-01,7.874981313943862915e-02,-2.699149250984191895e-01,-2.491623014211654663e-01,-1.990101784467697144e-01,4.804051816463470459e-01,4.076967537403106689e-01,4.546772316098213196e-02,-9.324623644351959229e-02,2.005209177732467651e-01,1.693165600299835205e-01,6.833301484584808350e-02,-5.075874924659729004e-02,7.359611243009567261e-02,-1.540304347872734070e-02,-4.597517848014831543e-02,-8.224600926041603088e-03,-5.731829255819320679e-02,-7.301600277423858643e-02,-1.977923214435577393e-01,-3.018298149108886719e-01,-2.643822729587554932e-01,-3.647854924201965332e-02,-2.620841562747955322e-01,-2.824955880641937256e-01,-2.267547547817230225e-01,-1.953524649143218994e-01,-2.058569192886352539e-01,-1.085338890552520752e-01,-3.172573447227478027e-01,-1.974979490041732788e-01,-3.158162161707878113e-02,-1.074490323662757874e-01,-2.700329422950744629e-01,-2.558991312980651855e-01,2.536540664732456207e-02,-8.024314790964126587e-02,-2.254922688007354736e-01,-1.059017553925514221e-01,-1.708527356386184692e-01,-1.459181010723114014e-01,-1.142086386680603027e-01,-2.215630859136581421e-01,-1.798564195632934570e-01,-1.442163586616516113e-01,4.263471812009811401e-02,-3.076005578041076660e-01,-2.144507169723510742e-01,-8.197735995054244995e-03,-9.713590890169143677e-02,-5.011380463838577271e-02,-2.665609866380691528e-02,-6.918475031852722168e-02
6.378586292266845703e-01,0.000000000000000000e+00,2.962586581707000732e-01,4.133037030696868896e-01,-2.268641293048858643e-01,-6.954016536474227905e-02,4.231111109256744385e-01,5.778964161872863770e-01,1.729406565427780151e-01,-7.707113772630691528e-02,3.536201119422912598e-01,4.722143411636352539e-01,1.714887768030166626e-01,2.562561929225921631e-01,-7.353492081165313721e-02,-9.713818877935409546e-02,7.981147617101669312e-02,7.566533982753753662e-02,5.254884958267211914e-01,5.781776905059814453e-01,-4.647881388664245605e-01,-4.308891892433166504e-01,-2.960042282938957214e-02,1.041224971413612366e-01,-2.010831087827682495e-01,-1.639986634254455566e-01,-1.458129733800888062e-01,-3.140830248594284058e-02,3.105858266353607178e-01,2.468768320977687836e-02,3.281378746032714844e-02,2.524056434631347656e-01,2.130000740289688110e-01,5.227347016334533691e-01,9.817340411245822906e-03,-9.107358008623123169e-02,-3.007102012634277344e-01,-4.501930475234985352e-01,-4.099217951297760010e-01,-2.482017278671264648e-01,8.928103372454643250e-03,-3.392527699470520020e-01,-2.164405733346939087e-01,3.211985528469085693e-02,-9.920521080493927002e-02,-4.201190173625946045e-02,1.986696273088455200e-01,2.243220508098602295e-01,5.101652070879936218e-02,1.705067455768585205e-01,1.587229035794734955e-02,6.249807775020599365e-02,-2.220848947763442993e-02,-2.366686612367630005e-01,-1.209780722856521606e-01,1.376016065478324890e-02,6.246373653411865234e-01,6.215507388114929199e-01,4.673742949962615967e-01,2.824421226978302002e-01,2.850679457187652588e-01,4.011730551719665527e-01,2.267600595951080322e-01,4.332263469696044922e-01,-6.879346072673797607e-02,-3.033392429351806641e-01,-1.756778806447982788e-01,-1.311438083648681641e-01,4.448551833629608154e-01,3.991212546825408936e-01,9.062417596578598022e-02,-1.765198409557342529e-01,6.963788717985153198e-02,1.415264457464218140e-01,8.143770694732666016e-02,4.571581084746867418e-04,7.789310812950134277e-02,5.365791544318199158e-02,-6.766577064990997314e-02,-1.352732032537460327e-01,-1.071899533271789551e-01,-1.290738284587860107e-01,-3.594121634960174561e-01,-3.863843679428100586e-01,-4.316770434379577637e-01,-2.227879613637924194e-01,-1.381812542676925659e-01,-2.038335353136062622e-01,-2.488919049501419067e-01,-1.806888878345489502e-01,-2.864789664745330811e-01,-2.418767958879470825e-01,-1.899862587451934814e-01,-1.853078603744506836e-01,-3.658281639218330383e-02,-1.784842461347579956e-01,-2.867305576801300049e-01,-2.650595903396606445e-01,7.527653872966766357e-02,-7.296078652143478394e-02,-5.482837185263633728e-02,-1.988947391510009766e-02,2.078189142048358917e-02,2.905951626598834991e-02,-1.539860069751739502e-01,-3.413479328155517578e-01,-1.499437540769577026e-01,-6.211755052208900452e-02,3.217250108718872070e-02,-3.382672369480133057e-01,-1.073709800839424133e-01,7.564308494329452515e-02,-7.889810204505920410e-02,-2.070636302232742310e-02,-9.341471642255783081e-02,-1.078584268689155579e-01
3.862515687942504883e-01,2.962586581707000732e-01,0.000000000000000000e+00,5.037823915481567383e-01,9.754761122167110443e-03,-7.397338747978210449e-02,6.445615887641906738e-01,4.510050415992736816e-01,2.608537375926971436e-01,1.114587951451539993e-02,3.136833608150482178e-01,7.187634706497192383e-02,3.472218513488769531e-01,1.477565914392471313e-01,7.859740406274795532e-02,-8.947577327489852905e-02,-1.361083686351776123e-01,-2.758081853389739990e-01,3.486128151416778564e-01,2.672827243804931641e-01,-3.813109695911407471e-01,-2.349722385406494141e-01,4.047364592552185059e-01,4.133256971836090088e-01,1.264458149671554565e-01,1.111279204487800598e-01,1.554108858108520508e-01,1.070942357182502747e-01,1.361639797687530518e-02,-1.632204502820968628e-01,1.161995381116867065e-01,3.045355975627899170e-01,1.816937476396560669e-01,3.200427889823913574e-01,3.407802581787109375e-01,1.799524873495101929e-01,1.938851363956928253e-02,-2.324496954679489136e-01,-3.697200417518615723e-01,-2.704203426837921143e-01,9.207345545291900635e-02,-3.153644800186157227e-01,-2.208806127309799194e-01,-7.843200862407684326e-02,-2.819266319274902344e-01,-2.892864942550659180e-01,-3.896086290478706360e-02,-7.421569526195526123e-02,-2.950291633605957031e-01,-2.642842233180999756e-01,-1.422566175460815430e-01,-1.846259087324142456e-01,-3.078947663307189941e-01,-3.414846360683441162e-01,-1.376332938671112061e-01,-8.893706649541854858e-02,1.608522087335586548e-01,1.817230284214019775e-01,1.619587540626525879e-01,-2.087791562080383301e-01,2.710390686988830566e-01,-2.713313139975070953e-02,3.235773369669914246e-02,-7.661406695842742920e-02,4.115095734596252441e-01,7.242266088724136353e-02,1.351155042648315430e-01,1.017659306526184082e-01,2.100835591554641724e-01,1.770678311586380005e-01,1.908100843429565430e-01,2.047260291874408722e-02,-9.025190025568008423e-03,-5.089163780212402344e-03,9.903595782816410065e-03,-5.715552344918251038e-02,8.874480426311492920e-02,8.761582896113395691e-03,-5.983216688036918640e-03,-1.760078370571136475e-01,-1.706888824701309204e-01,-2.408069819211959839e-01,-2.863484323024749756e-01,-3.319811224937438965e-01,1.083848699927330017e-01,-9.256801009178161621e-02,6.762448698282241821e-02,-4.049582406878471375e-03,-6.974772363901138306e-02,-1.236353442072868347e-01,-1.824250519275665283e-01,9.344182163476943970e-02,-1.732010394334793091e-01,9.313565492630004883e-02,1.103923022747039795e-01,-1.049050241708755493e-01,-2.945678830146789551e-01,-2.362626940011978149e-01,-1.163281351327896118e-01,8.699255064129829407e-03,-6.302740424871444702e-02,8.122798055410385132e-02,8.743221312761306763e-02,1.002004370093345642e-01,2.354389429092407227e-02,-1.180364489555358887e-01,-2.108762506395578384e-03,8.170755952596664429e-02,1.058683991432189941e-01,-3.338638544082641602e-01,-2.870561182498931885e-01,-9.365217387676239014e-02,-4.022666066884994507e-02,3.191667050123214722e-02,-3.549513220787048340e-02,1.933294162154197693e-02
2.837506532669067383e-01,4.133037030696868896e-01,5.037823915481567383e-01,0.000000000000000000e+00,-1.349928826093673706e-01,3.170274794101715088e-01,5.148138403892517090e-01,6.314297914505004883e-01,2.521598041057586670e-01,3.455676436424255371e-01,-1.982462778687477112e-02,1.086102426052093506e-01,-6.024123355746269226e-02,1.121361404657363892e-01,-2.854955010116100311e-02,1.549312174320220947e-01,-1.327653229236602783e-01,-1.685172170400619507e-01,4.843692779541015625e-01,4.884590506553649902e-01,-4.161832034587860107e-01,-2.369525134563446045e-01,3.885238468647003174e-01,5.641782879829406738e-01,-7.299459725618362427e-02,9.025325626134872437e-02,1.603914797306060791e-01,1.846614629030227661e-01,4.927834495902061462e-02,-1.058376207947731018e-01,2.011488974094390869e-01,3.926087021827697754e-01,1.871213465929031372e-01,4.120271801948547363e-01,2.387291640043258667e-01,2.154004722833633423e-01,-1.610053330659866333e-01,-2.838187515735626221e-01,-2.828572690486907959e-01,-4.440730065107345581e-02,-5.276209488511085510e-02,-3.081727325916290283e-01,-4.074577689170837402e-01,-2.112501561641693115e-01,-3.854888379573822021e-01,-3.751516044139862061e-01,-8.504684269428253174e-02,-1.238750591874122620e-01,-4.169910848140716553e-01,-3.636105656623840332e-01,-3.948355019092559814e-01,-3.820406794548034668e-01,-2.557159364223480225e-01,-4.817649126052856445e-01,-1.097882911562919617e-01,-5.057309940457344055e-02,2.501757442951202393e-01,2.338077872991561890e-01,8.617974817752838135e-02,-6.496533751487731934e-02,6.941585801541805267e-03,1.238573491573333740e-01,-8.836144208908081055e-02,7.428039610385894775e-02,-1.818212796933948994e-03,-7.044941652566194534e-03,6.536369770765304565e-02,1.050902232527732849e-01,3.204068243503570557e-01,1.905587166547775269e-01,3.175365626811981201e-01,-3.363405540585517883e-02,7.180712372064590454e-02,1.691276729106903076e-01,1.477687060832977295e-01,1.152947098016738892e-01,-7.798578124493360519e-03,6.772388517856597900e-02,-3.036051057279109955e-02,-3.451539278030395508e-01,-1.669712513685226440e-01,-2.531012296676635742e-01,-3.579184710979461670e-01,-2.978576123714447021e-01,-1.679155379533767700e-01,-2.353448122739791870e-01,2.551516890525817871e-01,2.171530276536941528e-01,-5.508825182914733887e-02,-5.005450919270515442e-02,-1.303360015153884888e-01,-8.565297722816467285e-02,9.551206231117248535e-02,5.059457570314407349e-02,1.002942770719528198e-01,-1.237737461924552917e-01,-1.809613853693008423e-01,-1.609560698270797729e-01,4.637523368000984192e-02,1.199738383293151855e-01,2.316848635673522949e-01,2.473490089178085327e-01,3.379991352558135986e-01,3.359143137931823730e-01,-1.123586818575859070e-01,-2.457302957773208618e-01,1.020967587828636169e-01,2.429478317499160767e-01,1.203708872199058533e-01,-3.210879564285278320e-01,-8.231557160615921021e-02,4.579318314790725708e-02,8.059431612491607666e-02,1.173631772398948669e-01,-2.124711871147155762e-01,1.783373393118381500e-02
-5.969175323843955994e-02,-2.268641293048858643e-01,9.754761122167110443e-03,-1.349928826093673706e-01,0.000000000000000000e+00,4.870554432272911072e-03,-7.662323862314224243e-02,-2.016004025936126709e-01,1.347380876541137695e-01,3.440035879611968994e-02,7.336968928575515747e-02,-8.070209296420216560e-04,6.800103932619094849e-02,-6.356219202280044556e-02,2.674270272254943848e-01,6.751674413681030273e-02,5.323339626193046570e-02,1.758415810763835907e-02,-1.438683122396469116e-01,-1.521420925855636597e-01,2.259004712104797363e-01,-1.802943088114261627e-02,1.478611677885055542e-01,1.166016533970832825e-01,2.509856820106506348e-01,1.918127387762069702e-01,2.149380296468734741e-01,7.725720107555389404e-02,-1.242116913199424744e-01,5.254997313022613525e-02,2.026158273220062256e-01,1.310313194990158081e-01,2.358711361885070801e-01,-5.371565464884042740e-03,2.150379419326782227e-01,5.844004452228546143e-02,-9.813259355723857880e-03,1.013865098357200623e-01,2.416266053915023804e-01,1.181595027446746826e-01,-9.665733575820922852e-02,4.642247781157493591e-02,6.841365247964859009e-02,-6.660290062427520752e-02,3.043600171804428101e-02,-1.467248648405075073e-01,-2.333403974771499634e-01,-1.249467357993125916e-01,-8.872752636671066284e-02,-1.512466222047805786e-01,-1.499639898538589478e-01,-9.142708033323287964e-02,-2.974547743797302246e-01,-1.179560739547014236e-02,-1.698717772960662842e-01,-4.014630615711212158e-02,-5.260340124368667603e-02,-1.621564626693725586e-01,3.850900568068027496e-03,-2.453215718269348145e-01,-4.199124872684478760e-02,-2.401331365108489990e-01,9.220503270626068115e-02,-1.900569647550582886e-01,2.414927780628204346e-01,1.673018634319305420e-01,1.968037784099578857e-01,2.366966456174850464e-01,-1.435394436120986938e-01,-5.688782036304473877e-02,6.996321678161621094e-02,1.004628092050552368e-01,2.310187071561813354e-01,1.184224337339401245e-01,1.928535550832748413e-01,1.401314437389373779e-01,1.928167939186096191e-01,4.830829799175262451e-02,-1.576743125915527344e-01,1.695061922073364258e-01,8.849256485700607300e-02,6.336109340190887451e-02,2.319506555795669556e-01,1.837854534387588501e-01,3.030436635017395020e-01,8.459631353616714478e-02,8.994095027446746826e-02,1.601812094449996948e-01,1.395980715751647949e-01,-2.468254119157791138e-01,-1.953970193862915039e-01,-1.059687212109565735e-01,-2.196554839611053467e-01,-1.285609304904937744e-01,-2.773456871509552002e-01,-1.598886698484420776e-01,-3.469804301857948303e-03,9.723021835088729858e-02,-1.313394457101821899e-01,-1.697431504726409912e-01,-2.459322661161422729e-01,-1.767874062061309814e-01,-1.680062115192413330e-01,-1.707839369773864746e-01,-1.168245226144790649e-01,5.315227434039115906e-02,9.308442473411560059e-03,1.399333868175745010e-02,-2.869619131088256836e-01,7.927710562944412231e-02,-1.692333072423934937e-01,-2.857109606266021729e-01,-2.399444878101348877e-01,-4.155460745096206665e-02,-3.024921379983425140e-02,1.289338171482086182e-01
-2.036390453577041626e-01,-6.954016536474227905e-02,-7.397338747978210449e-02,3.170274794101715088e-01,4.870554432272911072e-03,0.000000000000000000e+00,-7.883342914283275604e-03,1.123147606849670410e-01,1.289389282464981079e-01,6.483345031738281250e-01,-2.480796575546264648e-01,1.594371045939624310e-03,-1.960486769676208496e-01,8.720327913761138916e-02,1.243412941694259644e-01,4.347718954086303711e-01,-8.436428010463714600e-02,7.629615813493728638e-02,1.130295470356941223e-01,8.255515247583389282e-02,-6.432726234197616577e-02,-7.654157280921936035e-02,7.652280479669570923e-02,2.677516043186187744e-01,-6.649483740329742432e-02,1.424407213926315308e-01,2.496416866779327393e-01,2.445440739393234253e-01,3.717180341482162476e-02,3.111040778458118439e-02,1.558816134929656982e-01,1.109019517898559570e-01,-4.696026816964149475e-02,3.054668754339218140e-02,4.442291706800460815e-02,6.695899367332458496e-02,-2.434806078672409058e-01,-3.383350744843482971e-02,2.603296637535095215e-01,4.043198227882385254e-01,-2.495427429676055908e-01,-2.828390896320343018e-02,-3.664584457874298096e-01,-3.297143876552581787e-01,-3.710415661334991455e-01,-3.758916258811950684e-01,-2.954199612140655518e-01,-1.721211224794387817e-01,-4.290927350521087646e-01,-3.855041861534118652e-01,-4.762863218784332275e-01,-4.779607951641082764e-01,-1.072134599089622498e-01,-2.717747688293457031e-01,-1.959568820893764496e-02,-2.104439400136470795e-02,-2.485095337033271790e-02,-7.674060016870498657e-02,-2.771022915840148926e-01,4.293275624513626099e-02,-1.032809168100357056e-01,7.239177823066711426e-02,-2.755132019519805908e-01,3.715917468070983887e-02,-3.537332117557525635e-01,-2.207037433981895447e-02,1.820898950099945068e-01,3.989295288920402527e-02,-5.614627525210380554e-02,-1.490392684936523438e-01,2.328864037990570068e-01,-1.752583193592727184e-04,5.061127990484237671e-02,1.106231212615966797e-01,1.739501208066940308e-01,2.870968580245971680e-01,-1.171805337071418762e-01,3.959849104285240173e-02,-1.047173514962196350e-01,-2.345475554466247559e-01,-6.282290816307067871e-02,-7.397621870040893555e-02,-1.646840013563632965e-02,1.797499209642410278e-01,5.939021706581115723e-02,-2.228986769914627075e-01,5.031651258468627930e-01,4.867405891418457031e-01,2.412641048431396484e-01,9.862048923969268799e-02,-7.212318480014801025e-02,-2.055720537900924683e-01,1.919380277395248413e-01,5.247485265135765076e-02,-7.851239293813705444e-02,-6.947510689496994019e-02,5.195730552077293396e-02,8.648043125867843628e-02,-5.482475832104682922e-02,3.283614292740821838e-02,2.996622622013092041e-01,3.127461373805999756e-01,4.365829229354858398e-01,4.126458764076232910e-01,-1.090006753802299500e-01,-8.826816827058792114e-02,2.073618173599243164e-01,4.883611202239990234e-01,-5.758585408329963684e-02,9.691467881202697754e-02,8.399529755115509033e-02,-2.979792654514312744e-02,1.857344508171081543e-01,8.537301421165466309e-02,-3.473625481128692627e-01,6.879313290119171143e-02
4.629074931144714355e-01,4.231111109256744385e-01,6.445615887641906738e-01,5.148138403892517090e-01,-7.662323862314224243e-02,-7.883342914283275604e-03,0.000000000000000000e+00,5.718033313751220703e-01,3.458181023597717285e-01,1.666586101055145264e-02,3.892070949077606201e-01,2.157423347234725952e-01,3.893272578716278076e-01,2.482625842094421387e-01,1.215211451053619385e-01,-1.747301407158374786e-02,-1.586039364337921143e-01,-2.168592363595962524e-01,5.425142645835876465e-01,3.627713918685913086e-01,-3.834399580955505371e-01,-2.697535753250122070e-01,3.364321887493133545e-01,2.857488691806793213e-01,-4.527223482728004456e-02,-8.557330071926116943e-02,1.593821309506893158e-02,2.749848179519176483e-02,1.734432131052017212e-01,-9.568926692008972168e-02,1.266168355941772461e-01,2.542335093021392822e-01,2.517549097537994385e-01,3.427823185920715332e-01,1.706995218992233276e-01,5.509801954030990601e-02,-1.713311523199081421e-01,-3.434015214443206787e-01,-3.381783962249755859e-01,-1.937777549028396606e-01,-1.889531128108501434e-02,-2.986931502819061279e-01,-3.404458761215209961e-01,-1.491687595844268799e-01,-3.049024641513824463e-01,-2.861018776893615723e-01,-2.061918377876281738e-02,-8.357769995927810669e-02,-2.365014404058456421e-01,-2.412345409393310547e-01,-2.178835421800613403e-01,-2.406042218208312988e-01,-3.442538678646087646e-01,-3.982415199279785156e-01,-1.827137023210525513e-01,-7.330923527479171753e-02,2.862116992473602295e-01,3.055382966995239258e-01,1.740285605192184448e-01,-6.129696220159530640e-02,3.056491017341613770e-01,1.704165339469909668e-01,1.408053487539291382e-01,1.279383599758148193e-01,3.168551325798034668e-01,-1.021553203463554382e-01,-6.750276777893304825e-03,-7.640933990478515625e-02,2.144088894128799438e-01,1.563550233840942383e-01,2.171999067068099976e-01,-2.544771693646907806e-02,9.743247926235198975e-02,1.013099998235702515e-01,6.926111131906509399e-02,-5.182270426303148270e-03,1.482018828392028809e-01,4.786249995231628418e-02,-3.046244755387306213e-02,-2.120993435382843018e-01,-1.510772407054901123e-01,-2.204577475786209106e-01,-2.596465349197387695e-01,-2.681252658367156982e-01,-1.043365150690078735e-01,-2.778996229171752930e-01,9.674756228923797607e-02,1.244612969458103180e-02,-4.464993625879287720e-02,-1.952113509178161621e-01,-2.972220182418823242e-01,-4.278276115655899048e-02,-1.859386116266250610e-01,-5.330452695488929749e-03,1.070401221513748169e-01,-1.415955126285552979e-01,-3.165584206581115723e-01,-2.818269431591033936e-01,-6.583715975284576416e-02,5.112210288643836975e-02,-3.680908679962158203e-02,1.123313233256340027e-01,7.283924520015716553e-02,1.242242902517318726e-01,-9.069250524044036865e-02,-2.235618978738784790e-01,-8.459192700684070587e-03,6.845609843730926514e-02,7.058189809322357178e-02,-3.531580567359924316e-01,-2.843558490276336670e-01,-3.119644150137901306e-02,-6.097381003201007843e-03,2.435694076120853424e-02,-1.275357455015182495e-01,5.815929919481277466e-02
4.559684693813323975e-01,5.778964161872863770e-01,4.510050415992736816e-01,6.314297914505004883e-01,-2.016004025936126709e-01,1.123147606849670410e-01,5.718033313751220703e-01,0.000000000000000000e+00,2.908347845077514648e-01,1.814134120941162109e-01,2.737921774387359619e-01,3.571892380714416504e-01,1.582520604133605957e-01,2.933403849601745605e-01,-2.862884849309921265e-02,6.211753934621810913e-02,-1.074227169156074524e-01,-1.585364490747451782e-01,5.099155902862548828e-01,5.308133959770202637e-01,-4.017185568809509277e-01,-3.448842167854309082e-01,9.760320931673049927e-02,2.775700688362121582e-01,-2.794066965579986572e-01,-1.483494639396667480e-01,-3.717243671417236328e-02,4.336995258927345276e-02,2.071340233087539673e-01,-2.049558050930500031e-02,1.845973730087280273e-02,2.611088156700134277e-01,1.522000432014465332e-01,4.742170870304107666e-01,2.286804653704166412e-02,-5.510932207107543945e-02,-2.523123323917388916e-01,-3.953006565570831299e-01,-3.503167033195495605e-01,-1.823738366365432739e-01,-1.835318282246589661e-02,-3.082162141799926758e-01,-4.589269459247589111e-01,-2.325447648763656616e-01,-3.112291693687438965e-01,-3.074314296245574951e-01,-3.683576732873916626e-02,-8.365017175674438477e-02,-2.429406940937042236e-01,-1.537318229675292969e-01,-2.281204015016555786e-01,-2.192131280899047852e-01,-2.364172637462615967e-01,-4.638827741146087646e-01,-1.729126870632171631e-01,-9.938387572765350342e-02,3.314261734485626221e-01,3.827703595161437988e-01,3.109534978866577148e-01,1.725085228681564331e-01,2.934601902961730957e-01,4.832380115985870361e-01,9.565757215023040771e-02,3.449879884719848633e-01,5.294975638389587402e-02,-1.103734225034713745e-01,-1.459577530622482300e-01,-9.553909301757812500e-02,3.432865738868713379e-01,3.308919072151184082e-01,2.226020842790603638e-01,-5.382084473967552185e-02,1.718124002218246460e-02,1.041017249226570129e-01,6.989744305610656738e-02,2.399489516392350197e-03,3.738800436258316040e-02,6.795719265937805176e-02,-6.397216022014617920e-02,-2.815842330455780029e-01,-1.568788290023803711e-01,-2.299043089151382446e-01,-2.929754257202148438e-01,-3.466114401817321777e-01,-3.404733240604400635e-01,-3.204255700111389160e-01,2.321624569594860077e-02,-1.332429703325033188e-02,-1.734235137701034546e-01,-2.172864973545074463e-01,-2.073625624179840088e-01,-1.447289139032363892e-01,-8.164415508508682251e-02,-9.238314628601074219e-02,1.133281290531158447e-01,-9.934605658054351807e-02,-1.939023137092590332e-01,-1.945669353008270264e-01,6.292855739593505859e-02,4.547404125332832336e-02,5.561883002519607544e-02,1.010280326008796692e-01,1.290852576494216919e-01,1.584707349538803101e-01,-6.918860226869583130e-02,-2.616246640682220459e-01,2.722801268100738525e-02,5.562778934836387634e-02,6.046846508979797363e-02,-3.432729244232177734e-01,-1.550202816724777222e-01,3.191304951906204224e-02,-5.414961278438568115e-02,3.172999015077948570e-03,-1.512039303779602051e-01,2.177178859710693359e-02
1.190929785370826721e-01,1.729406565427780151e-01,2.608537375926971436e-01,2.521598041057586670e-01,1.347380876541137695e-01,1.289389282464981079e-01,3.458181023597717285e-01,2.908347845077514648e-01,0.000000000000000000e+00,2.513774335384368896e-01,3.096731305122375488e-01,2.505434453487396240e-01,3.318842649459838867e-01,2.071997672319412231e-01,3.344618976116180420e-01,1.114370524883270264e-01,-1.537706255912780762e-01,-1.518745273351669312e-01,1.964057683944702148e-01,1.493342369794845581e-01,-1.489783376455307007e-01,-3.328922688961029053e-01,1.077293083071708679e-01,1.176028177142143250e-01,1.127096861600875854e-01,2.548455493524670601e-03,5.527275055646896362e-02,7.459353655576705933e-02,1.373994909226894379e-02,-6.188958510756492615e-02,1.116316542029380798e-01,8.225998282432556152e-02,1.189142744988203049e-02,9.335730224847793579e-02,2.075481042265892029e-02,-8.097585290670394897e-02,-1.242310628294944763e-01,-1.442725360393524170e-01,1.523220259696245193e-02,9.159073233604431152e-02,-1.002913564443588257e-01,-5.187993496656417847e-02,-3.962540924549102783e-01,-3.192557096481323242e-01,-3.134823143482208252e-01,-3.354606330394744873e-01,-2.305207848548889160e-01,-1.198542043566703796e-01,-2.355767190456390381e-01,-2.174094915390014648e-01,-2.798921167850494385e-01,-2.940609753131866455e-01,-2.968226075172424316e-01,-3.444492816925048828e-01,-1.533574610948562622e-01,-3.094555437564849854e-02,1.794986873865127563e-01,1.402355134487152100e-01,9.279052913188934326e-02,-7.396823912858963013e-02,3.005632758140563965e-01,1.704573184251785278e-01,2.114310264587402344e-01,7.780384272336959839e-02,2.083322405815124512e-01,-1.322825700044631958e-01,-1.753750890493392944e-01,-2.246413528919219971e-01,1.140982098877429962e-02,1.808322593569755554e-02,2.821302711963653564e-01,5.537456646561622620e-02,-4.525984451174736023e-02,3.980471938848495483e-02,5.356201156973838806e-02,9.019033610820770264e-02,1.172037050127983093e-01,-4.937722533941268921e-02,-1.450514793395996094e-01,-1.668150126934051514e-01,-6.881397217512130737e-02,-1.744243502616882324e-01,2.351417765021324158e-02,-4.939161706715822220e-03,-3.647769242525100708e-02,-3.519137799739837646e-01,1.543186604976654053e-01,8.262800425291061401e-02,1.438525468111038208e-01,-2.384384125471115112e-01,-3.721431493759155273e-01,-1.976723819971084595e-01,-1.700718700885772705e-01,-6.537626683712005615e-02,-1.240144968032836914e-01,-2.334659099578857422e-01,-1.715216934680938721e-01,-1.494870036840438843e-01,-1.302750557661056519e-01,-3.699407353997230530e-02,-1.185678914189338684e-01,1.056975126266479492e-02,9.243103116750717163e-02,5.718731135129928589e-02,3.213758766651153564e-02,-4.513803869485855103e-02,1.092260777950286865e-01,7.846946269273757935e-02,-2.097495794296264648e-01,-1.874018609523773193e-01,-2.037585675716400146e-01,-1.422153711318969727e-01,-8.751095086336135864e-02,-5.695840716361999512e-02,-9.580220282077789307e-02,4.140691086649894714e-02
-2.135692238807678223e-01,-7.707113772630691528e-02,1.114587951451539993e-02,3.455676436424255371e-01,3.440035879611968994e-02,6.483345031738281250e-01,1.666586101055145264e-02,1.814134120941162109e-01,2.513774335384368896e-01,0.000000000000000000e+00,-1.774878501892089844e-01,3.244404867291450500e-02,-5.239250510931015015e-02,1.208533570170402527e-01,2.257507443428039551e-01,4.893566071987152100e-01,-1.746144294738769531e-01,-6.286154687404632568e-02,2.818225510418415070e-02,2.830225042998790741e-02,-5.214869230985641479e-02,-8.217806369066238403e-02,4.306744039058685303e-02,2.404671609401702881e-01,2.839719504117965698e-02,2.220776230096817017e-01,3.724023997783660889e-01,2.867334187030792236e-01,-3.146896138787269592e-02,-4.084858670830726624e-02,1.424210071563720703e-01,6.377675384283065796e-02,-1.789431124925613403e-01,-9.143987670540809631e-03,6.499338150024414062e-02,6.321115046739578247e-02,-2.596196532249450684e-01,-3.839305415749549866e-02,2.565079331398010254e-01,4.806723296642303467e-01,-3.144874572753906250e-01,-2.648527175188064575e-02,-4.482271969318389893e-01,-3.860946297645568848e-01,-4.043726027011871338e-01,-4.096707999706268311e-01,-3.523245751857757568e-01,-2.557317912578582764e-01,-3.963278234004974365e-01,-3.855784535408020020e-01,-4.395067393779754639e-01,-5.262256860733032227e-01,-8.112852275371551514e-02,-3.578678667545318604e-01,-4.306159168481826782e-02,-9.534975141286849976e-02,-4.403499141335487366e-02,-9.260312467813491821e-02,-2.583649456501007080e-01,3.937243297696113586e-02,-4.428318887948989868e-02,7.091119885444641113e-02,-2.849573493003845215e-01,-8.647602796554565430e-02,-2.729669511318206787e-01,5.473929340951144695e-04,1.374407261610031128e-01,-4.309740662574768066e-02,-1.045008301734924316e-01,-1.694593727588653564e-01,3.021085858345031738e-01,9.513728320598602295e-03,-5.727834999561309814e-02,7.937029749155044556e-02,8.185970038175582886e-02,2.348943352699279785e-01,-6.138366460800170898e-02,8.868793398141860962e-02,-1.793063730001449585e-01,-2.643231749534606934e-01,-1.306770592927932739e-01,-2.281434834003448486e-01,-3.132524341344833374e-02,1.212379708886146545e-01,8.968148380517959595e-02,-3.023006618022918701e-01,5.546880960464477539e-01,4.935688972473144531e-01,2.617515325546264648e-01,2.233029529452323914e-02,-1.402087360620498657e-01,-2.106822878122329712e-01,2.149877995252609253e-01,3.549489751458168030e-02,-6.909582018852233887e-02,-1.105563193559646606e-01,5.635125190019607544e-02,7.954758405685424805e-02,-1.355474591255187988e-01,7.435405254364013672e-02,2.908231019973754883e-01,2.895514369010925293e-01,4.205849766731262207e-01,3.759817183017730713e-01,-1.214976087212562561e-01,-1.334110349416732788e-01,1.823271214962005615e-01,4.473076462745666504e-01,-7.944016903638839722e-02,1.078033968806266785e-01,4.148045554757118225e-02,-6.246656179428100586e-02,2.346525043249130249e-01,1.041108071804046631e-01,-3.724407553672790527e-01,1.108569279313087463e-01
4.716318547725677490e-01,3.536201119422912598e-01,3.136833608150482178e-01,-1.982462778687477112e-02,7.336968928575515747e-02,-2.480796575546264648e-01,3.892070949077606201e-01,2.737921774387359619e-01,3.096731305122375488e-01,-1.774878501892089844e-01,0.000000000000000000e+00,5.219336748123168945e-01,7.078781723976135254e-01,5.181903839111328125e-01,2.580784559249877930e-01,3.799050673842430115e-02,1.066684722900390625e-01,-6.450850982218980789e-03,3.010314106941223145e-01,2.261738926172256470e-01,-1.295117288827896118e-01,-3.163031637668609619e-01,-4.326595738530158997e-02,-1.613199710845947266e-01,-2.225127071142196655e-02,-1.526499390602111816e-01,-1.839018017053604126e-01,-1.339967399835586548e-01,2.984357178211212158e-01,1.522610485553741455e-01,-6.792317330837249756e-02,-1.830589957535266876e-02,1.742352098226547241e-01,2.674081027507781982e-01,-4.746503382921218872e-02,-2.714264988899230957e-01,-2.746912539005279541e-01,-3.483481407165527344e-01,-1.000952124595642090e-01,-1.703232079744338989e-01,2.849276363849639893e-02,-1.236917376518249512e-01,-1.331099122762680054e-01,3.237457945942878723e-02,-2.216987498104572296e-02,-5.596546456217765808e-02,2.702896669507026672e-02,6.951376795768737793e-02,1.315397173166275024e-01,1.348222643136978149e-01,5.526226758956909180e-02,4.800093173980712891e-02,-2.127664089202880859e-01,-1.254344433546066284e-01,-3.449307084083557129e-01,-1.484619528055191040e-01,3.183154165744781494e-01,3.238465785980224609e-01,3.259077370166778564e-01,8.367070555686950684e-02,5.997502803802490234e-01,3.949026167392730713e-01,4.462427496910095215e-01,3.327465653419494629e-01,3.183523416519165039e-01,-6.207308545708656311e-02,-1.908833235502243042e-01,-1.975120007991790771e-01,1.203754022717475891e-01,2.080226689577102661e-01,2.809155359864234924e-02,-2.544515766203403473e-02,1.219990402460098267e-01,1.026277020573616028e-01,-5.600792914628982544e-02,-4.751095548272132874e-02,2.137982547283172607e-01,-4.356433171778917313e-03,-1.161638125777244568e-01,9.947728365659713745e-02,-7.551484275609254837e-03,-7.469086349010467529e-02,2.798685245215892792e-02,-1.173577457666397095e-01,-1.793714761734008789e-01,-1.772137284278869629e-01,-2.300134152173995972e-01,-3.044107556343078613e-01,-1.302958130836486816e-01,-3.764863610267639160e-01,-3.958473205566406250e-01,-1.808548569679260254e-01,-3.964669108390808105e-01,-1.808501482009887695e-01,-1.673192977905273438e-01,-1.775474697351455688e-01,-2.084478735923767090e-01,-1.987809538841247559e-01,-1.368701159954071045e-01,-2.101145982742309570e-01,-3.752747476100921631e-01,-2.667100429534912109e-01,-3.240288794040679932e-01,-3.111923933029174805e-01,-1.207782402634620667e-01,-1.545169651508331299e-01,-2.282439321279525757e-01,-1.645998209714889526e-01,-1.727618575096130371e-01,-1.128195896744728088e-01,-2.909929454326629639e-01,-2.563296854496002197e-01,-2.592180967330932617e-01,-1.903630048036575317e-01,-5.665334686636924744e-02,3.127959743142127991e-02
4.436627328395843506e-01,4.722143411636352539e-01,7.187634706497192383e-02,1.086102426052093506e-01,-8.070209296420216560e-04,1.594371045939624310e-03,2.157423347234725952e-01,3.571892380714416504e-01,2.505434453487396240e-01,3.244404867291450500e-02,5.219336748123168945e-01,0.000000000000000000e+00,3.768896758556365967e-01,6.354683637619018555e-01,1.745558381080627441e-01,1.555313020944595337e-01,1.478463411331176758e-01,1.630324274301528931e-01,2.983114123344421387e-01,3.630542159080505371e-01,-1.211578771471977234e-01,-3.417423665523529053e-01,-2.951881587505340576e-01,-2.447527498006820679e-01,-2.464964091777801514e-01,-2.372174113988876343e-01,-1.825022101402282715e-01,-5.414623394608497620e-02,3.499617278575897217e-01,2.666136324405670166e-01,-1.270497143268585205e-01,-1.202000230550765991e-01,9.965439885854721069e-02,2.566547989845275879e-01,-2.076611220836639404e-01,-3.739492595195770264e-01,-3.744083344936370850e-01,-3.177727460861206055e-01,1.216212636791169643e-03,1.621118187904357910e-02,-7.707092911005020142e-02,-1.202720254659652710e-01,-3.218202888965606689e-01,-1.022747084498405457e-01,-1.446249783039093018e-01,-1.481667011976242065e-01,-7.310942560434341431e-02,7.013466209173202515e-02,6.186477839946746826e-02,2.003069669008255005e-01,-2.931406348943710327e-02,7.024244219064712524e-02,-1.066366881132125854e-01,-2.148466557264328003e-01,-1.225716620683670044e-01,5.113996565341949463e-02,4.147993326187133789e-01,3.813321888446807861e-01,4.456860423088073730e-01,4.469908773899078369e-01,5.156344771385192871e-01,6.188425421714782715e-01,3.562476634979248047e-01,5.649271011352539062e-01,-1.258845254778862000e-02,-2.770388424396514893e-01,-1.396014094352722168e-01,-2.162436991930007935e-01,2.420406639575958252e-01,1.725097447633743286e-01,7.663591206073760986e-02,-3.916530311107635498e-02,9.807416051626205444e-02,2.039624005556106567e-01,8.583123236894607544e-02,1.241616830229759216e-01,1.448873281478881836e-01,3.754668682813644409e-02,-1.949210464954376221e-01,6.232694536447525024e-02,6.774265319108963013e-02,-1.621655072085559368e-03,1.050914917141199112e-02,-5.485109239816665649e-02,-2.942370772361755371e-01,-2.272682338953018188e-01,-9.292215853929519653e-02,-1.020205914974212646e-01,-1.096959039568901062e-01,-2.309390753507614136e-01,-4.462902843952178955e-01,-3.930806815624237061e-01,-3.105436265468597412e-01,-2.887490987777709961e-01,-2.336051911115646362e-01,-1.917832642793655396e-01,-8.408176898956298828e-02,-6.866879016160964966e-02,-4.425643011927604675e-02,-2.091786414384841919e-01,-1.944765895605087280e-01,-2.044947445392608643e-01,-1.546107083559036255e-01,-1.883970797061920166e-01,-2.304408997297286987e-01,-2.675734758377075195e-01,-1.639932543039321899e-01,-4.987923055887222290e-02,-2.051140218973159790e-01,-5.195907503366470337e-02,-2.048246264457702637e-01,-1.959742307662963867e-01,-2.208233624696731567e-01,-2.507676184177398682e-01,-1.594817936420440674e-01,-3.263764083385467529e-03
2.965174615383148193e-01,1.714887768030166626e-01,3.472218513488769531e-01,-6.024123355746269226e-02,6.800103932619094849e-02,-1.960486769676208496e-01,3.893272578716278076e-01,1.582520604133605957e-01,3.318842649459838867e-01,-5.239250510931015015e-02,7.078781723976135254e-01,3.768896758556365967e-01,0.000000000000000000e+00,4.746216833591461182e-01,4.302098453044891357e-01,1.423506587743759155e-01,1.042982190847396851e-02,4.161041695624589920e-03,1.735533326864242554e-01,2.934310585260391235e-02,-3.116532228887081146e-02,-2.343178689479827881e-01,-6.853854283690452576e-04,-1.296879500150680542e-01,1.365059465169906616e-01,1.866661943495273590e-02,-2.639741636812686920e-02,-3.247270360589027405e-02,2.853722274303436279e-01,6.950177252292633057e-02,4.327687248587608337e-02,-4.636282846331596375e-02,6.784699112176895142e-02,1.328899711370468140e-01,-6.649055867455899715e-04,-1.952431052923202515e-01,-2.152439504861831665e-01,-1.970984190702438354e-01,-7.322436664253473282e-03,-1.082563847303390503e-01,-1.243557687848806381e-02,-8.049406856298446655e-02,-1.264709085226058960e-01,-3.040399774909019470e-02,-6.984289735555648804e-02,-8.924559503793716431e-02,-3.447919711470603943e-02,2.060450613498687744e-02,5.140398815274238586e-02,4.557575657963752747e-02,5.132716894149780273e-02,-4.101485013961791992e-02,-2.222112417221069336e-01,-8.701420575380325317e-02,-3.439524173736572266e-01,-1.982564181089401245e-01,2.077400833368301392e-01,2.197705805301666260e-01,5.101723223924636841e-02,2.145595476031303406e-02,5.747639536857604980e-01,2.892739772796630859e-01,2.244740724563598633e-01,1.103067919611930847e-01,3.477562665939331055e-01,6.622990965843200684e-02,-6.237694621086120605e-02,-1.921494156122207642e-01,-6.218701228499412537e-02,2.741488069295883179e-02,4.060014151036739349e-03,1.219364535063505173e-02,4.622210189700126648e-02,1.032679229974746704e-01,-1.663200706243515015e-01,-4.739318042993545532e-02,1.397118121385574341e-01,-1.785637065768241882e-02,-2.109090238809585571e-01,4.745704680681228638e-02,-7.635299116373062134e-02,-1.155859604477882385e-01,5.308082327246665955e-02,-5.810481682419776917e-02,1.982018724083900452e-02,-1.929452419281005859e-01,-1.408450603485107422e-01,-1.876751035451889038e-01,-5.730384588241577148e-02,-3.367204070091247559e-01,-3.839656710624694824e-01,-1.159844920039176941e-01,-3.259057998657226562e-01,-1.192176863551139832e-01,-1.489749848842620850e-01,-1.994420737028121948e-01,-1.948863565921783447e-01,-7.560238987207412720e-02,-2.844753563404083252e-01,-1.575510501861572266e-01,-3.352809250354766846e-01,-1.884241998195648193e-01,-2.651748955249786377e-01,-2.757364511489868164e-01,-1.061265766620635986e-01,-1.054628640413284302e-01,-2.400574237108230591e-01,-6.909515708684921265e-02,-2.063167244195938110e-01,9.835255891084671021e-02,-2.741578221321105957e-01,-2.639442980289459229e-01,-1.286766827106475830e-01,-1.561710834503173828e-01,-1.385328918695449829e-01,1.314468830823898315e-01
