0.000000000000000000e+00,5.414024591445922852e-01,4.062652587890625000e-01,2.166609168052673340e-01,1.494062393903732300e-01,4.198006913065910339e-02,3.318645656108856201e-01,7.797249406576156616e-02,1.210058182477951050e-01,1.813915558159351349e-02,1.154643744230270386e-01,2.903902530670166016e-01,8.171659708023071289e-02,-2.099905461072921753e-01,2.058555036783218384e-01,-4.671456664800643921e-02,-7.727602124214172363e-02,1.992394328117370605e-01,5.349527597427368164e-01,4.426045417785644531e-01,1.315088719129562378e-01,1.803014427423477173e-01,2.484414726495742798e-01,2.436647415161132812e-01,5.720674991607666016e-03,-7.137717306613922119e-02,8.942502737045288086e-02,7.365711033344268799e-02,1.493352949619293213e-01,1.570603698492050171e-01,3.098762333393096924e-01,2.546518445014953613e-01,2.371016591787338257e-01,1.405856013298034668e-01,4.675213620066642761e-02,-7.909362763166427612e-02,-7.244443148374557495e-02,-8.971230685710906982e-02,7.353892922401428223e-02,-1.171998530626296997e-01,2.397903501987457275e-01,1.303615421056747437e-01,-2.478138804435729980e-01,-3.291875123977661133e-01,-4.488649964332580566e-01,-3.492504954338073730e-01,-2.218345366418361664e-02,-2.228812724351882935e-01,-3.252032995223999023e-01,-4.333295226097106934e-01,-2.542180716991424561e-01,-3.977302908897399902e-01,-6.022745370864868164e-02,-3.406508564949035645e-01,2.518837749958038330e-01,-1.675230562686920166e-01,4.135498404502868652e-01,3.826234638690948486e-01,1.621521115303039551e-01,-1.157694160938262939e-01,3.777936398983001709e-01,2.190859615802764893e-02,7.954780012369155884e-02,6.350895762443542480e-02,-1.661559343338012695e-01,-1.032424494624137878e-01,-4.644671827554702759e-02,-1.126570254564285278e-01,4.105478823184967041e-01,3.391600549221038818e-01,2.698019444942474365e-01,4.726302996277809143e-02,1.176280453801155090e-01,2.123432010412216187e-01,2.649275362491607666e-01,2.128957211971282959e-02,1.320819854736328125e-01,-9.137895703315734863e-02,-1.519981212913990021e-02,-1.702971458435058594e-01,-2.586278878152370453e-02,-1.458803862333297729e-01,2.526925206184387207e-01,-8.768958598375320435e-02,1.282491683959960938e-01,-3.286543488502502441e-01,2.705386281013488770e-01,-4.449019581079483032e-02,1.965170949697494507e-01,-3.267160654067993164e-01,-1.441165357828140259e-01,-2.820267677307128906e-01,-1.652949154376983643e-01,-2.691555321216583252e-01,-1.745186001062393188e-02,2.942854762077331543e-01,2.214783243834972382e-02,-9.499227255582809448e-02,1.108975932002067566e-01,9.213894605636596680e-02,3.752350807189941406e-01,-1.606295704841613770e-01,3.674910962581634521e-01,1.783387362957000732e-01,7.083118706941604614e-02,-1.810932904481887817e-01,3.377086818218231201e-01,-7.329551875591278076e-02,1.993604302406311035e-01,-1.796380579471588135e-01,-1.937421262264251709e-01,-1.146607697010040283e-01,-1.575452983379364014e-01,6.683037430047988892e-02,-1.961332410573959351e-01,1.682645827531814575e-01
5.414024591445922852e-01,0.000000000000000000e+00,4.749892950057983398e-01,1.104626581072807312e-01,7.501558214426040649e-02,-9.044726938009262085e-02,9.846739470958709717e-02,-1.195089444518089294e-01,-1.129318326711654663e-01,-1.472426205873489380e-01,-8.517717570066452026e-02,1.645421087741851807e-01,-4.936804249882698059e-02,-2.827013432979583740e-01,2.184459418058395386e-01,-3.130444139242172241e-02,1.135585457086563110e-01,4.500867724418640137e-01,5.865997672080993652e-01,6.188423037528991699e-01,6.930031627416610718e-02,1.508341729640960693e-01,2.817366123199462891e-01,2.368431985378265381e-01,6.609523296356201172e-02,-8.988709747791290283e-02,-3.198529127985239029e-03,-4.744033515453338623e-02,1.351898461580276489e-01,3.655790686607360840e-01,2.863554656505584717e-01,1.629633903503417969e-01,3.311885297298431396e-01,2.465420067310333252e-01,-5.654143914580345154e-02,-8.201193809509277344e-02,1.096727140247821808e-02,7.110879570245742798e-02,1.142797544598579407e-01,-1.476884633302688599e-01,1.903048008680343628e-01,2.067017257213592529e-01,-1.756777465343475342e-01,-1.979640573263168335e-01,-3.094407916069030762e-01,-1.686306744813919067e-01,-1.358079444617033005e-02,-1.671378612518310547e-01,-2.959334254264831543e-01,-3.611705303192138672e-01,-3.266990482807159424e-01,-4.524741768836975098e-01,-9.290548413991928101e-02,-4.184724688529968262e-01,2.565161287784576416e-01,-1.659475266933441162e-01,5.155007839202880859e-01,6.124453544616699219e-01,-6.935381144285202026e-02,-1.743494570255279541e-01,1.277927588671445847e-02,-1.823349148035049438e-01,1.002244949340820312e-01,2.360187321901321411e-01,-2.888192236423492432e-01,-3.295091688632965088e-01,-1.228683218359947205e-01,5.320569965988397598e-03,5.253303050994873047e-01,4.126712679862976074e-01,3.579295873641967773e-01,6.343198567628860474e-02,1.941358000040054321e-01,2.698849439620971680e-01,3.309017419815063477e-01,1.342817395925521851e-01,2.706659138202667236e-01,1.230969130992889404e-01,1.009299680590629578e-01,-1.687767505645751953e-01,1.388355344533920288e-01,-5.378905683755874634e-02,3.159371316432952881e-01,-8.342526853084564209e-02,1.633529514074325562e-01,-3.860583007335662842e-01,2.997057139873504639e-01,-1.711775064468383789e-01,1.900356709957122803e-01,-4.324392974376678467e-01,-2.034670710563659668e-01,-3.971011042594909668e-01,-2.860040068626403809e-01,-4.020892083644866943e-01,4.203059151768684387e-02,2.674447894096374512e-01,1.213684678077697754e-01,-1.122200563549995422e-01,5.987249780446290970e-03,-4.292203485965728760e-02,5.040789842605590820e-01,-2.026967108249664307e-01,4.302048981189727783e-01,1.526517122983932495e-01,2.072484493255615234e-01,-1.707306057214736938e-01,4.034848213195800781e-01,-6.190793961286544800e-02,1.771322935819625854e-01,-1.345891356468200684e-01,-2.340350113809108734e-02,7.073965389281511307e-03,-1.832644045352935791e-01,-9.166881442070007324e-02,-2.443313300609588623e-01,1.001230478286743164e-01
4.062652587890625000e-01,4.749892950057983398e-01,0.000000000000000000e+00,3.957093060016632080e-01,4.708086848258972168e-01,2.548077404499053955e-01,4.697057604789733887e-01,6.815443933010101318e-02,3.678729236125946045e-01,2.896200418472290039e-01,-2.385037094354629517e-01,3.833731114864349365e-01,-8.413457125425338745e-02,-1.642078906297683716e-01,6.830637454986572266e-01,2.737236618995666504e-01,-2.273618131875991821e-01,5.428361892700195312e-01,3.487330973148345947e-01,4.070789813995361328e-01,3.610150218009948730e-01,4.300932586193084717e-01,6.540833115577697754e-01,5.323245525360107422e-01,4.348185062408447266e-01,8.885095268487930298e-02,3.211596310138702393e-01,2.017262578010559082e-01,-1.050861105322837830e-01,3.997717201709747314e-01,5.289154052734375000e-01,3.365101218223571777e-01,1.595216393470764160e-01,7.191792130470275879e-02,3.832701593637466431e-02,-3.031557984650135040e-02,1.446221470832824707e-01,1.729031354188919067e-01,3.773814737796783447e-01,-3.681406006217002869e-02,3.111081719398498535e-01,2.274219095706939697e-01,-5.280367732048034668e-01,-5.387578606605529785e-01,-4.218841195106506348e-01,-4.306592941284179688e-01,-1.954971849918365479e-01,-4.245624840259552002e-01,-5.121704936027526855e-01,-5.712510943412780762e-01,-5.376919507980346680e-01,-7.599505782127380371e-01,-3.028232753276824951e-01,-7.783467173576354980e-01,4.502049684524536133e-01,-3.856933116912841797e-01,4.654993861913681030e-02,2.862668335437774658e-01,-1.885919272899627686e-01,-5.609632134437561035e-01,5.000772699713706970e-02,-2.509024143218994141e-01,1.720311306416988373e-02,2.861001193523406982e-01,4.509079456329345703e-02,-2.359103225171566010e-02,-6.504774093627929688e-02,4.033715277910232544e-02,2.869833409786224365e-01,2.957823574542999268e-01,6.788963675498962402e-01,2.241877652704715729e-02,1.960778385400772095e-01,3.706990778446197510e-01,3.774595558643341064e-01,1.023662686347961426e-01,3.913321495056152344e-01,1.790527552366256714e-01,2.684765160083770752e-01,-4.031401574611663818e-01,3.223576545715332031e-01,-2.399646341800689697e-01,6.492406725883483887e-01,2.419346198439598083e-02,4.718756675720214844e-01,-5.037530660629272461e-01,7.162970900535583496e-01,9.734497219324111938e-02,5.863052606582641602e-01,-6.294900774955749512e-01,-1.115584447979927063e-01,-5.843537449836730957e-01,-4.040468931198120117e-01,-5.838672518730163574e-01,2.025266438722610474e-01,3.053556084632873535e-01,1.562635898590087891e-01,-2.279925495386123657e-01,-2.523643895983695984e-02,-2.268714755773544312e-01,6.362858414649963379e-01,-5.070478320121765137e-01,6.504982709884643555e-01,6.883293390274047852e-02,4.708476066589355469e-01,-3.379676043987274170e-01,5.042352676391601562e-01,-8.202708512544631958e-02,3.219721019268035889e-01,7.957361638545989990e-02,-1.876761019229888916e-01,-2.121569812297821045e-01,-2.648917138576507568e-01,-2.902406156063079834e-01,-5.176597833633422852e-01,-4.965510684996843338e-03
2.166609168052673340e-01,1.104626581072807312e-01,3.957093060016632080e-01,0.000000000000000000e+00,2.607475519180297852e-01,4.084093272686004639e-01,2.454717606306076050e-01,3.660760521888732910e-01,3.143923282623291016e-01,3.913163244724273682e-01,-2.003257125616073608e-01,6.197891831398010254e-01,-2.749484479427337646e-01,7.175695896148681641e-02,2.902117073535919189e-01,3.003025949001312256e-01,-3.274993225932121277e-02,1.294188946485519409e-01,3.212076425552368164e-01,2.682891786098480225e-01,2.698300480842590332e-01,2.189618051052093506e-01,3.533212542533874512e-01,5.629667043685913086e-01,2.591331303119659424e-01,3.762425482273101807e-01,3.237741589546203613e-01,4.352478981018066406e-01,1.069824621081352234e-01,3.004221022129058838e-01,4.090219140052795410e-01,4.122421741485595703e-01,2.701617479324340820e-01,3.359062671661376953e-01,2.732366323471069336e-01,2.745542228221893311e-01,6.552667170763015747e-02,1.084988340735435486e-01,2.010680437088012695e-01,1.098993420600891113e-01,1.458694636821746826e-01,1.214277371764183044e-01,-2.950815558433532715e-01,-2.560035884380340576e-01,-3.052763342857360840e-01,-2.568872869014739990e-01,-1.218890100717544556e-01,-2.677007019519805908e-01,-4.365699887275695801e-01,-4.590561091899871826e-01,-4.534062743186950684e-01,-3.901609778404235840e-01,-3.405880928039550781e-01,-3.315413892269134521e-01,3.217086941003799438e-02,-1.952010840177536011e-01,-7.570229470729827881e-02,2.444022521376609802e-02,-7.675617188215255737e-02,-1.116006970405578613e-01,6.533200293779373169e-02,3.609062433242797852e-01,2.218257486820220947e-01,3.587111532688140869e-01,-3.236803412437438965e-02,3.694720268249511719e-01,-7.357683777809143066e-02,2.363174557685852051e-01,2.139219939708709717e-01,1.685230731964111328e-01,3.035825788974761963e-01,1.493842601776123047e-01,2.028647810220718384e-01,2.753172218799591064e-01,2.050321400165557861e-01,1.575367748737335205e-01,1.838910728693008423e-01,2.440468817949295044e-01,9.673353284597396851e-02,-7.878097146749496460e-02,2.074441313743591309e-02,-8.916581980884075165e-03,1.944987177848815918e-01,1.304987072944641113e-01,-4.750299081206321716e-02,-5.790079012513160706e-02,3.609448075294494629e-01,1.292109638452529907e-01,1.489533334970474243e-01,-9.616544842720031738e-02,-3.054636418819427490e-01,-3.530748188495635986e-01,-2.924201190471649170e-01,-3.831009864807128906e-01,2.817374765872955322e-01,1.703480333089828491e-01,2.586949802935123444e-02,-1.298878490924835205e-01,1.458865255117416382e-01,-7.695457339286804199e-02,1.895855367183685303e-01,-3.034337460994720459e-01,2.963492274284362793e-01,1.899657398462295532e-01,8.835785835981369019e-02,-1.673449724912643433e-01,1.212650537490844727e-01,1.536682099103927612e-01,2.669796347618103027e-01,1.085518579930067062e-02,-3.168341144919395447e-02,-2.208068668842315674e-01,-4.057797491550445557e-01,-2.288015782833099365e-01,-2.451873570680618286e-01,-7.183433324098587036e-02
1.494062393903732300e-01,7.501558214426040649e-02,4.708086848258972168e-01,2.607475519180297852e-01,0.000000000000000000e+00,5.699657797813415527e-01,2.190477848052978516e-01,1.361682116985321045e-01,5.058509707450866699e-01,3.028705418109893799e-01,-4.969275742769241333e-02,2.871597111225128174e-01,5.639800429344177246e-02,2.880366146564483643e-02,6.179158091545104980e-01,2.737964689731597900e-01,-2.713528871536254883e-01,3.401991128921508789e-01,1.094191819429397583e-01,1.863169297575950623e-02,3.568126261234283447e-01,5.647568702697753906e-01,3.957150578498840332e-01,4.057374894618988037e-01,5.871273875236511230e-01,3.276098668575286865e-01,6.644500494003295898e-01,5.618932843208312988e-01,-1.909634470939636230e-01,3.171378970146179199e-01,5.342160463333129883e-01,2.427218854427337646e-01,8.522154763340950012e-03,-1.072196215391159058e-01,1.154545042663812637e-02,-8.342783898115158081e-03,-3.267999738454818726e-02,3.588149324059486389e-02,1.934077143669128418e-01,2.238223701715469360e-02,3.368208706378936768e-01,2.451249957084655762e-01,-4.339599609375000000e-01,-5.200029015541076660e-01,-3.055425286293029785e-01,-2.729437053203582764e-01,-2.005936950445175171e-01,-3.539955317974090576e-01,-3.668183386325836182e-01,-4.102552533149719238e-01,-3.561303913593292236e-01,-5.270044803619384766e-01,-2.919936478137969971e-01,-4.878273904323577881e-01,1.628602743148803711e-01,-4.376228153705596924e-01,-6.513696908950805664e-02,9.283874183893203735e-02,-4.597852751612663269e-02,-4.204942286014556885e-01,1.634913384914398193e-01,-1.801710575819015503e-01,9.005723893642425537e-02,2.802014946937561035e-01,1.863872855901718140e-01,1.484806388616561890e-01,-8.530694991350173950e-03,8.193101733922958374e-02,-6.298778206110000610e-02,-2.372795157134532928e-02,4.281860589981079102e-01,-2.932508587837219238e-01,-3.123675286769866943e-02,1.443963199853897095e-01,5.675265565514564514e-02,-1.387886255979537964e-01,3.889068663120269775e-01,8.066551759839057922e-03,2.133541703224182129e-01,-4.929753839969635010e-01,2.632762789726257324e-01,-3.055302798748016357e-01,5.742749571800231934e-01,-8.888567984104156494e-02,3.977997601032257080e-01,-4.131296873092651367e-01,5.858811736106872559e-01,3.211886435747146606e-02,5.307432413101196289e-01,-3.940445184707641602e-01,-5.095715634524822235e-03,-4.688862264156341553e-01,-2.022095024585723877e-01,-4.023303389549255371e-01,6.624065339565277100e-02,1.510069668292999268e-01,2.839804440736770630e-02,-7.005174458026885986e-02,1.153410598635673523e-01,-1.043350845575332642e-01,3.784074485301971436e-01,-3.921566903591156006e-01,5.284162163734436035e-01,1.132860779762268066e-01,3.150968849658966064e-01,-1.255055069923400879e-01,1.996351778507232666e-01,3.328725323081016541e-02,1.596291065216064453e-01,5.011450871825218201e-02,-2.453328818082809448e-01,-1.201562806963920593e-01,-2.292027622461318970e-01,-2.097108215093612671e-01,-4.410633146762847900e-01,-7.422663271427154541e-02
4.198006913065910339e-02,-9.044726938009262085e-02,2.548077404499053955e-01,4.084093272686004639e-01,5.699657797813415527e-01,0.000000000000000000e+00,1.061778292059898376e-01,2.225161194801330566e-01,5.611453056335449219e-01,5.043501853942871094e-01,-9.735863655805587769e-02,4.133500754833221436e-01,-1.232103854417800903e-01,4.695695266127586365e-02,3.976918160915374756e-01,3.154383003711700439e-01,-8.139444887638092041e-02,1.734865158796310425e-01,-2.019034139811992645e-02,-9.369686245918273926e-03,1.604305058717727661e-01,3.986837267875671387e-01,2.499941140413284302e-01,3.715223073959350586e-01,4.954344630241394043e-01,4.515485763549804688e-01,6.087715625762939453e-01,6.572653651237487793e-01,1.301990821957588196e-02,2.324586510658264160e-01,4.270568490028381348e-01,3.479618430137634277e-01,4.544528573751449585e-02,4.237924516201019287e-02,9.180504083633422852e-02,5.592968314886093140e-02,-1.441680192947387695e-01,-4.922927916049957275e-02,-3.648219630122184753e-02,-3.642706573009490967e-02,1.251915395259857178e-01,8.511176705360412598e-02,-3.004702329635620117e-01,-3.723648488521575928e-01,-3.031038641929626465e-01,-2.103315591812133789e-01,-2.572925686836242676e-01,-3.525703549385070801e-01,-4.225668609142303467e-01,-3.430762290954589844e-01,-3.532817065715789795e-01,-3.305526971817016602e-01,-3.102747201919555664e-01,-2.687422037124633789e-01,-1.359821707010269165e-01,-3.577899932861328125e-01,-1.695004254579544067e-01,8.347786031663417816e-03,-1.210872158408164978e-01,-1.447235792875289917e-01,1.485365629196166992e-01,1.768736243247985840e-01,1.432053446769714355e-01,2.163845151662826538e-01,2.325626164674758911e-01,3.789664208889007568e-01,1.386246383190155029e-01,2.197283357381820679e-01,-1.036901026964187622e-01,-1.513960808515548706e-01,3.353339135646820068e-01,-4.262797906994819641e-02,1.955514103174209595e-01,1.846202611923217773e-01,-6.575084477663040161e-02,-1.001620963215827942e-01,1.583292484283447266e-01,9.749375749379396439e-04,1.598279327154159546e-01,-1.471676975488662720e-01,1.595157682895660400e-01,2.414249256253242493e-02,2.033451348543167114e-01,-9.950193762779235840e-02,1.757128983736038208e-01,-1.333198416978120804e-02,3.537410795688629150e-01,3.529530018568038940e-02,2.450444549322128296e-01,-1.119679659605026245e-01,-1.405883580446243286e-01,-2.885012328624725342e-01,-1.887040287256240845e-01,-2.910768091678619385e-01,-3.138639032840728760e-02,5.510278791189193726e-02,-6.878054887056350708e-02,3.290679305791854858e-03,-3.396361693739891052e-02,-1.945371329784393311e-01,4.990070685744285583e-02,-2.934045791625976562e-01,2.454847395420074463e-01,8.878311514854431152e-02,1.249799206852912903e-01,2.264980413019657135e-02,5.973465740680694580e-02,4.608820751309394836e-02,8.127478882670402527e-03,-5.547867715358734131e-02,-1.273237913846969604e-01,-1.292342394590377808e-01,-2.252296954393386841e-01,-2.703465819358825684e-01,-2.026576995849609375e-01,1.550402212888002396e-02
3.318645656108856201e-01,9.846739470958709717e-02,4.697057604789733887e-01,2.454717606306076050e-01,2.190477848052978516e-01,1.061778292059898376e-01,0.000000000000000000e+00,1.878720521926879883e-01,4.075706899166107178e-01,2.429853379726409912e-01,3.587729856371879578e-02,2.686786949634552002e-01,2.595296800136566162e-01,-1.601177603006362915e-01,3.963359296321868896e-01,5.599684268236160278e-02,-4.120162129402160645e-01,4.987701401114463806e-02,1.399599909782409668e-01,1.253292858600616455e-01,8.753377944231033325e-02,7.654022425413131714e-02,4.150178134441375732e-01,1.566897332668304443e-01,-5.231222882866859436e-02,-2.394327074289321899e-01,-1.227576192468404770e-02,-4.589028656482696533e-02,-1.066595986485481262e-01,-2.895347960293292999e-02,1.758199781179428101e-01,5.750557780265808105e-02,-6.010621413588523865e-02,-1.337762475013732910e-01,1.657287031412124634e-01,-1.155612766742706299e-01,-5.090189352631568909e-02,-1.267120987176895142e-01,8.514795452356338501e-02,-9.819722175598144531e-02,-2.804490551352500916e-02,-1.799557954072952271e-01,-3.376690745353698730e-01,-3.685365021228790283e-01,-3.069019913673400879e-01,-3.447846472263336182e-01,-7.683214545249938965e-02,-2.151638269424438477e-01,-2.595013976097106934e-01,-3.377878963947296143e-01,-2.651597857475280762e-01,-3.713951110839843750e-01,-7.178819924592971802e-02,-3.250199854373931885e-01,8.919040113687515259e-02,-2.713546752929687500e-01,-2.094096392393112183e-01,-6.370456516742706299e-02,7.548377662897109985e-02,-2.231450974941253662e-01,4.113811552524566650e-01,5.312573164701461792e-02,-1.772387176752090454e-01,-9.440167248249053955e-02,2.549712955951690674e-01,1.073156967759132385e-01,1.113726422190666199e-01,-1.548343896865844727e-01,-1.136542763561010361e-02,1.872791051864624023e-01,2.698139250278472900e-01,-5.024848878383636475e-02,-4.365402460098266602e-02,7.415500283241271973e-02,1.372861564159393311e-01,7.724650949239730835e-02,5.069988220930099487e-02,-1.620662510395050049e-01,2.776895835995674133e-02,-1.765973418951034546e-01,-1.189136654138565063e-01,-2.470974624156951904e-01,2.737715244293212891e-01,-5.951992794871330261e-02,3.606089949607849121e-01,-2.827737033367156982e-01,2.895704507827758789e-01,-8.820413798093795776e-02,2.467805296182632446e-01,-3.156840205192565918e-01,-1.146325170993804932e-01,-1.493715792894363403e-01,-2.574924826622009277e-01,-1.688695698976516724e-01,9.399171918630599976e-02,1.926225423812866211e-01,-1.464509218931198120e-01,-3.134905099868774414e-01,-3.195137903094291687e-02,6.308902055025100708e-02,2.021295428276062012e-01,-2.306906580924987793e-01,3.394491076469421387e-01,1.246967017650604248e-01,9.355875104665756226e-02,-1.956826597452163696e-01,3.309868872165679932e-01,2.632429637014865875e-02,3.290070891380310059e-01,-4.114226251840591431e-02,-2.453360259532928467e-01,-3.165821731090545654e-01,-1.534415781497955322e-01,-4.025310277938842773e-02,-1.828689724206924438e-01,5.654943175613880157e-03
7.797249406576156616e-02,-1.195089444518089294e-01,6.815443933010101318e-02,3.660760521888732910e-01,1.361682116985321045e-01,2.225161194801330566e-01,1.878720521926879883e-01,0.000000000000000000e+00,3.265749514102935791e-01,3.729650974273681641e-01,-2.497629374265670776e-01,4.087685048580169678e-01,-2.656551003456115723e-01,2.516732215881347656e-01,-3.053612820804119110e-02,-2.088917344808578491e-01,-2.755921781063079834e-01,-5.222726613283157349e-03,-1.360376924276351929e-01,-4.863115400075912476e-02,-1.729573011398315430e-01,-1.105105802416801453e-01,6.240546703338623047e-02,2.101142406463623047e-01,9.959509968757629395e-02,1.277151256799697876e-01,7.846941053867340088e-02,1.143476590514183044e-01,-2.122479528188705444e-01,1.116466522216796875e-01,1.143206432461738586e-01,1.946250945329666138e-01,8.983829617500305176e-02,2.366788089275360107e-01,3.470178544521331787e-01,3.913297951221466064e-01,-2.427059262990951538e-01,-2.303469479084014893e-01,-1.745773106813430786e-01,-3.047975301742553711e-01,-1.851257085800170898e-01,-1.553707122802734375e-01,-2.046626806259155273e-02,-1.365260481834411621e-01,-1.217851489782333374e-01,-9.259737282991409302e-02,8.361312001943588257e-02,-5.461845919489860535e-02,-7.133697718381881714e-02,-1.471848040819168091e-01,1.140240579843521118e-01,-1.070600077509880066e-01,1.772943735122680664e-01,-1.659005284309387207e-01,-9.391233325004577637e-02,-2.827962934970855713e-01,-1.878443360328674316e-01,-1.600324213504791260e-01,1.452253013849258423e-02,1.241801306605339050e-02,1.873719394207000732e-01,3.803390860557556152e-01,-1.856724172830581665e-01,7.538870722055435181e-02,2.524994909763336182e-01,6.537497639656066895e-01,2.532890141010284424e-01,3.798652589321136475e-01,-1.562951356172561646e-01,-7.467538118362426758e-02,1.648749113082885742e-01,-1.681663841009140015e-01,-1.170906610786914825e-02,5.411416664719581604e-02,-4.291107878088951111e-02,-1.897611171007156372e-01,-1.554561704397201538e-01,-2.327218949794769287e-01,1.372127979993820190e-01,-1.981808245182037354e-01,6.632117182016372681e-02,-3.047873675823211670e-01,-9.975530207157135010e-02,-3.844212591648101807e-01,1.794694364070892334e-01,-1.349839419126510620e-01,1.860351674258708954e-02,-2.802980244159698486e-01,2.226235419511795044e-01,-2.715190947055816650e-01,2.436479479074478149e-01,-2.048983573913574219e-01,1.755981445312500000e-01,-2.532781064510345459e-01,-1.143828257918357849e-01,7.155780494213104248e-02,-8.808176964521408081e-02,-1.776718050241470337e-01,7.581068575382232666e-02,-2.375272959470748901e-01,9.324177354574203491e-02,-4.191738069057464600e-01,9.317785501480102539e-02,-3.522271811962127686e-01,1.288033723831176758e-01,-2.505758106708526611e-01,1.311567574739456177e-01,-2.760798335075378418e-01,1.768845468759536743e-01,-1.089643687009811401e-01,-1.942294389009475708e-01,-3.433338403701782227e-01,5.207414180040359497e-02,1.096386238932609558e-01,5.943581461906433105e-03,-5.626890063285827637e-02
1.210058182477951050e-01,-1.129318326711654663e-01,3.678729236125946045e-01,3.143923282623291016e-01,5.058509707450866699e-01,5.611453056335449219e-01,4.075706899166107178e-01,3.265749514102935791e-01,0.000000000000000000e+00,6.081213355064392090e-01,-9.693524241447448730e-02,3.316186666488647461e-01,-1.180989667773246765e-02,1.964620314538478851e-02,4.323615729808807373e-01,2.712120413780212402e-01,-2.563627064228057861e-01,1.710209846496582031e-01,-5.553925782442092896e-02,-3.269974142313003540e-02,1.960964500904083252e-01,2.648208737373352051e-01,2.389154732227325439e-01,2.793742418289184570e-01,3.214297294616699219e-01,2.180799096822738647e-01,4.474075138568878174e-01,4.742223322391510010e-01,-9.032218158245086670e-02,1.671846956014633179e-01,3.424522876739501953e-01,2.848887145519256592e-01,-1.026052236557006836e-01,-9.306169301271438599e-02,5.387973040342330933e-02,-1.949471235275268555e-02,-5.349181964993476868e-02,-8.499941229820251465e-02,-1.648750901222229004e-02,-5.657836049795150757e-02,1.012320071458816528e-01,2.817091997712850571e-03,-3.741034567356109619e-01,-4.557173252105712891e-01,-2.871373891830444336e-01,-2.832899987697601318e-01,-2.761972248554229736e-01,-3.846897184848785400e-01,-3.460746407508850098e-01,-3.809227645397186279e-01,-2.758063375949859619e-01,-3.736037909984588623e-01,-1.318641304969787598e-01,-3.703905642032623291e-01,-3.835832327604293823e-02,-4.216485917568206787e-01,-2.087958902120590210e-01,-2.682106383144855499e-02,-7.019615918397903442e-02,-2.768900394439697266e-01,2.140965163707733154e-01,1.016801521182060242e-01,-2.549538761377334595e-02,8.608611673116683960e-02,2.652891874313354492e-01,3.469498157501220703e-01,1.188084110617637634e-01,4.725273698568344116e-02,-1.205388978123664856e-01,-7.529775798320770264e-02,3.208618760108947754e-01,-3.793461248278617859e-03,7.710391283035278320e-02,1.458003968000411987e-01,8.230648934841156006e-03,-8.774911612272262573e-02,1.058037802577018738e-01,-1.084356009960174561e-01,1.890377551317214966e-01,-1.451388746500015259e-01,1.304699033498764038e-01,-4.599069803953170776e-02,2.466385215520858765e-01,-5.077613145112991333e-02,3.165568709373474121e-01,-1.255349665880203247e-01,3.535607159137725830e-01,9.362568147480487823e-03,3.212208151817321777e-01,-2.175961434841156006e-01,4.102839156985282898e-02,-2.272037863731384277e-01,-9.948001801967620850e-02,-1.864198446273803711e-01,-9.193942882120609283e-03,8.692552149295806885e-02,-5.073977634310722351e-02,-7.830859720706939697e-02,-1.219305116683244705e-02,-1.324959695339202881e-01,1.249887794256210327e-01,-3.132308721542358398e-01,2.761764228343963623e-01,-5.813663825392723083e-03,1.531073004007339478e-01,-5.887314677238464355e-02,1.855117231607437134e-01,-7.145927101373672485e-02,1.138836741447448730e-01,2.448972128331661224e-02,-2.464672327041625977e-01,-2.522176802158355713e-01,-2.241315096616744995e-01,-2.709309756755828857e-01,-2.543887495994567871e-01,-2.248069271445274353e-02
1.813915558159351349e-02,-1.472426205873489380e-01,2.896200418472290039e-01,3.913163244724273682e-01,3.028705418109893799e-01,5.043501853942871094e-01,2.429853379726409912e-01,3.729650974273681641e-01,6.081213355064392090e-01,0.000000000000000000e+00,-1.546101570129394531e-01,4.200890064239501953e-01,-1.004899069666862488e-01,1.712953448295593262e-01,3.486983180046081543e-01,2.975277602672576904e-01,-1.159289479255676270e-01,1.737349927425384521e-01,-1.101704016327857971e-01,-4.907181859016418457e-02,3.185788169503211975e-02,1.226588338613510132e-01,2.716690599918365479e-01,2.271042615175247192e-01,2.816838920116424561e-01,3.118995428085327148e-01,2.833940386772155762e-01,3.772365152835845947e-01,-7.657086849212646484e-02,1.288638710975646973e-01,2.327715754508972168e-01,3.160118460655212402e-01,-5.455892160534858704e-02,5.905043333768844604e-02,-4.671638086438179016e-02,3.391770645976066589e-02,-1.806715279817581177e-01,-1.193673834204673767e-01,-9.409614652395248413e-02,-1.545100361108779907e-01,-1.296103596687316895e-01,-1.798201352357864380e-01,-3.742074668407440186e-01,-3.202894926071166992e-01,-3.017531633377075195e-01,-2.936766743659973145e-01,-3.876753449440002441e-01,-4.730777740478515625e-01,-3.611527383327484131e-01,-2.410091459751129150e-01,-2.271825522184371948e-01,-2.808902263641357422e-01,-2.233989834785461426e-01,-2.527616918087005615e-01,-1.586765795946121216e-01,-4.767221510410308838e-01,-1.558596938848495483e-01,-1.663056015968322754e-02,-1.413592100143432617e-01,-1.815239787101745605e-01,1.248516887426376343e-01,2.761630415916442871e-01,3.825213760137557983e-02,1.067243814468383789e-01,2.737206518650054932e-01,4.632291495800018311e-01,2.015140652656555176e-02,1.442233771085739136e-01,-9.189278632402420044e-02,-3.290311247110366821e-02,3.636385798454284668e-01,1.456105560064315796e-01,1.583793312311172485e-01,1.310133486986160278e-01,9.507633000612258911e-02,9.383651614189147949e-02,-4.046707879751920700e-03,-4.760593175888061523e-02,2.212960571050643921e-01,1.120190043002367020e-02,1.734620630741119385e-01,1.138604208827018738e-01,6.657461076974868774e-02,-2.955269999802112579e-02,2.254210561513900757e-01,4.992409422993659973e-02,2.522212862968444824e-01,6.006935611367225647e-02,1.709537357091903687e-01,-1.412275731563568115e-01,6.180958822369575500e-02,-1.335769891738891602e-01,-8.915259689092636108e-02,-2.282198220491409302e-01,-7.669530808925628662e-02,1.476563978940248489e-02,-4.821428284049034119e-02,-3.283000364899635315e-02,-1.518717259168624878e-01,-3.065458238124847412e-01,2.475305227562785149e-04,-2.564829587936401367e-01,5.721435695886611938e-02,-1.356563717126846313e-01,6.176306307315826416e-02,-1.311494410037994385e-01,1.009725183248519897e-01,-1.652047783136367798e-01,-1.063246428966522217e-01,-4.815600812435150146e-02,-1.947188824415206909e-01,-1.292846500873565674e-01,-1.392927318811416626e-01,-2.847320437431335449e-01,-5.586436763405799866e-02,3.902446478605270386e-02
1.154643744230270386e-01,-8.517717570066452026e-02,-2.385037094354629517e-01,-2.003257125616073608e-01,-4.969275742769241333e-02,-9.735863655805587769e-02,3.587729856371879578e-02,-2.497629374265670776e-01,-9.693524241447448730e-02,-1.546101570129394531e-01,0.000000000000000000e+00,-4.572937637567520142e-02,6.734283566474914551e-01,1.685775518417358398e-01,-9.128834307193756104e-02,4.676891118288040161e-02,2.801526486873626709e-01,-8.777532726526260376e-02,8.564238995313644409e-02,-1.426435112953186035e-01,-9.118563681840896606e-02,-2.567048184573650360e-02,-1.958732753992080688e-01,-1.827164292335510254e-01,-3.119506835937500000e-01,-1.361341625452041626e-01,-1.230103150010108948e-01,-9.250620752573013306e-02,2.220916450023651123e-01,-1.566020995378494263e-01,-1.959548443555831909e-01,-1.553495377302169800e-01,-1.689858883619308472e-01,-2.306997328996658325e-01,-2.644824981689453125e-01,-3.656374812126159668e-01,-4.124592989683151245e-02,-2.558223344385623932e-02,-1.149434000253677368e-01,5.582343414425849915e-02,7.825553417205810547e-02,1.344878319650888443e-02,-8.416035026311874390e-02,-6.910119950771331787e-02,-7.556855678558349609e-02,-1.551909744739532471e-01,-2.213745862245559692e-01,-9.520800411701202393e-02,-2.855500392615795135e-02,2.299779467284679413e-02,1.358659286051988602e-02,1.186674386262893677e-01,-8.200037479400634766e-02,2.614655196666717529e-01,-1.831135004758834839e-01,-3.498237952589988708e-02,1.035549715161323547e-01,-3.784116357564926147e-02,1.937707811594009399e-01,7.960622012615203857e-02,3.093507587909698486e-01,3.353067487478256226e-02,3.120277822017669678e-01,-7.854103296995162964e-02,-1.016065701842308044e-01,-2.499195039272308350e-01,-2.832404375076293945e-01,-5.121194720268249512e-01,-9.697539359331130981e-02,-7.176581025123596191e-02,-2.821901440620422363e-01,4.122402891516685486e-02,5.456892400979995728e-02,-4.618264362215995789e-02,-1.613557897508144379e-02,1.117226853966712952e-01,4.603765532374382019e-02,-6.157574430108070374e-02,-2.101585119962692261e-01,1.059854179620742798e-01,-8.743435889482498169e-02,1.524576395750045776e-01,-1.376105844974517822e-01,1.157588139176368713e-01,-1.701545119285583496e-01,1.128463000059127808e-01,-2.310636192560195923e-01,6.942015886306762695e-02,-1.883522719144821167e-01,2.463950663805007935e-01,-2.439069095999002457e-03,1.878786534070968628e-01,1.481995582580566406e-01,2.292301952838897705e-01,-1.160976737737655640e-01,-1.688905060291290283e-01,2.887992374598979950e-02,2.827604413032531738e-01,5.563950166106224060e-02,2.546672224998474121e-01,-1.376139074563980103e-01,3.843168616294860840e-01,-1.968582570552825928e-01,1.612747460603713989e-01,-1.904242932796478271e-01,7.513840496540069580e-02,-2.080194056034088135e-01,2.085520140826702118e-02,-1.303447335958480835e-01,2.809698134660720825e-02,6.837391294538974762e-03,2.583824992179870605e-01,5.931824818253517151e-02,4.456671699881553650e-02,5.294972658157348633e-02,-3.392544388771057129e-02
2.903902530670166016e-01,1.645421087741851807e-01,3.833731114864349365e-01,6.197891831398010254e-01,2.871597111225128174e-01,4.133500754833221436e-01,2.686786949634552002e-01,4.087685048580169678e-01,3.316186666488647461e-01,4.200890064239501953e-01,-4.572937637567520142e-02,0.000000000000000000e+00,-1.804352253675460815e-01,8.044086396694183350e-02,3.263490200042724609e-01,2.019852548837661743e-01,-7.183570414781570435e-02,3.030728697776794434e-01,2.130697369575500488e-01,1.783049553632736206e-01,9.701196849346160889e-02,2.497175633907318115e-01,2.218458056449890137e-01,3.735713362693786621e-01,1.654083132743835449e-01,1.835446655750274658e-01,2.442685961723327637e-01,3.236956894397735596e-01,1.407067030668258667e-01,3.925851285457611084e-01,3.589917421340942383e-01,4.371169805526733398e-01,2.762777507305145264e-01,3.311559855937957764e-01,2.070816755294799805e-01,1.780276000499725342e-01,-7.454594224691390991e-02,2.043583057820796967e-02,1.039509251713752747e-01,-1.150199547410011292e-01,1.183569580316543579e-01,1.001734510064125061e-01,-3.095580339431762695e-01,-3.360335230827331543e-01,-3.920216858386993408e-01,-3.581900298595428467e-01,-1.413428783416748047e-01,-2.946447730064392090e-01,-5.341975092887878418e-01,-4.961775243282318115e-01,-4.593878090381622314e-01,-5.129126906394958496e-01,-3.304206430912017822e-01,-4.490046501159667969e-01,1.241182759404182434e-01,-2.443456202745437622e-01,-1.065297871828079224e-01,4.318071529269218445e-02,6.095110904425382614e-03,-1.484221220016479492e-01,3.002464473247528076e-01,4.066763520240783691e-01,2.596080005168914795e-01,4.525343477725982666e-01,-1.678557135164737701e-02,3.292941153049468994e-01,-1.519004069268703461e-02,1.869056671857833862e-01,7.750897854566574097e-02,3.433049470186233521e-02,4.248665571212768555e-01,9.173919260501861572e-02,2.041291594505310059e-01,2.707128226757049561e-01,2.593545317649841309e-01,1.805966049432754517e-01,1.518677771091461182e-01,1.165990009903907776e-01,1.042396798729896545e-01,-2.061712443828582764e-01,7.589697837829589844e-02,-3.782229870557785034e-02,1.772276461124420166e-01,-6.495387852191925049e-02,9.670937806367874146e-02,-2.302590757608413696e-01,4.170785248279571533e-01,6.241767201572656631e-03,2.603343725204467773e-01,-2.758370041847229004e-01,-2.179647833108901978e-01,-4.700110256671905518e-01,-2.863608300685882568e-01,-5.233035683631896973e-01,8.136926591396331787e-02,1.889673769474029541e-01,1.728890985250473022e-01,1.620801351964473724e-02,2.153709530830383301e-01,-1.169252097606658936e-01,3.672490119934082031e-01,-3.309909999370574951e-01,4.099675714969635010e-01,1.322646141052246094e-01,2.070022374391555786e-01,-1.648947149515151978e-01,2.103071808815002441e-01,-1.033058390021324158e-01,1.877382993698120117e-01,1.602647267282009125e-02,-1.300061345100402832e-01,-1.669389307498931885e-01,-2.088075876235961914e-01,-1.598588228225708008e-01,-3.548980057239532471e-01,-2.769885398447513580e-02
8.171659708023071289e-02,-4.936804249882698059e-02,-8.413457125425338745e-02,-2.749484479427337646e-01,5.639800429344177246e-02,-1.232103854417800903e-01,2.595296800136566162e-01,-2.656551003456115723e-01,-1.180989667773246765e-02,-1.004899069666862488e-01,6.734283566474914551e-01,-1.804352253675460815e-01,0.000000000000000000e+00,1.622313559055328369e-01,1.332731395959854126e-01,4.741372540593147278e-02,1.570995897054672241e-02,-9.444750845432281494e-02,-6.588352844119071960e-03,-1.800196766853332520e-01,-1.337065845727920532e-01,-1.216805577278137207e-01,6.639246642589569092e-02,-1.432896554470062256e-01,-2.132109105587005615e-01,-1.878470927476882935e-01,-1.618342250585556030e-01,-1.891866177320480347e-01,-5.323364213109016418e-02,-2.218862026929855347e-01,-2.011195868253707886e-01,-2.913934588432312012e-01,-3.393562734127044678e-01,-4.311912953853607178e-01,-3.226257264614105225e-01,-4.607568383216857910e-01,-6.415460258722305298e-02,-5.055462941527366638e-02,-8.917878568172454834e-02,-6.041620671749114990e-02,3.668908402323722839e-02,-1.081134006381034851e-01,-1.275689750909805298e-01,-1.103203520178794861e-01,3.730810014531016350e-03,-1.248020902276039124e-01,-1.970854401588439941e-01,-1.441812217235565186e-01,8.677008748054504395e-02,1.240368336439132690e-01,7.461327314376831055e-02,7.060187309980392456e-02,2.027535997331142426e-02,1.756727844476699829e-01,-1.327041834592819214e-01,-1.264105290174484253e-01,4.850173741579055786e-02,-8.459198474884033203e-02,1.781980991363525391e-01,1.949843950569629669e-02,2.500718533992767334e-01,-1.788938045501708984e-01,5.701802298426628113e-02,-2.040769010782241821e-01,7.183282077312469482e-02,-3.093227148056030273e-01,-2.056327015161514282e-01,-5.478960871696472168e-01,-1.545813381671905518e-01,1.033759582787752151e-02,-1.835705488920211792e-01,-1.419952064752578735e-01,-1.045375764369964600e-01,-1.386140882968902588e-01,-4.459266364574432373e-02,8.946774154901504517e-02,9.788635373115539551e-02,-1.271872371435165405e-01,-1.345378756523132324e-01,-5.741672217845916748e-02,-3.941689059138298035e-02,2.059049159288406372e-02,3.013489767909049988e-02,8.827523142099380493e-02,1.757933050394058228e-01,-4.864485934376716614e-03,-9.571897238492965698e-02,-1.023927889764308929e-02,-1.249749795533716679e-03,4.631324484944343567e-02,-8.344050496816635132e-03,1.571403890848159790e-01,1.090604513883590698e-01,2.010289281606674194e-01,-1.647993326187133789e-01,-2.200775146484375000e-01,-1.277028173208236694e-01,9.787763655185699463e-02,-1.227258145809173584e-01,1.601911336183547974e-01,-7.792535424232482910e-02,3.035949468612670898e-01,-1.232737004756927490e-01,6.780274957418441772e-02,-1.345199942588806152e-01,-2.164317667484283447e-02,-1.192549839615821838e-01,-2.955689840018749237e-02,-1.329530328512191772e-01,-6.315971165895462036e-02,-7.204498350620269775e-02,1.698538362979888916e-01,1.655927859246730804e-02,2.895292267203330994e-02,8.015491813421249390e-02,-6.155874207615852356e-02
