0.000000000000000000e+00,2.813783288002014160e-01,3.712355196475982666e-01,8.856267482042312622e-02,-1.309929192066192627e-01,-1.966778486967086792e-01,5.137803554534912109e-01,-1.378124803304672241e-01,5.096757784485816956e-02,-3.069186806678771973e-01,1.976360976696014404e-01,-4.115530848503112793e-02,1.581065654754638672e-01,-3.049331605434417725e-01,7.911849021911621094e-02,-4.137864336371421814e-02,-2.141148597002029419e-01,-2.436603903770446777e-01,3.845286965370178223e-01,3.778885304927825928e-01,-3.478682041168212891e-01,-1.636495143175125122e-01,1.607360243797302246e-01,-4.236325621604919434e-02,-1.258202791213989258e-01,-4.047481119632720947e-01,1.397973671555519104e-02,-2.661223523318767548e-02,-2.516556680202484131e-01,-1.915039122104644775e-01,-1.307150125503540039e-01,-3.244869112968444824e-01,1.925204135477542877e-02,-5.584315955638885498e-02,-2.744374573230743408e-01,-2.523223757743835449e-01,-2.042113691568374634e-01,-2.524608373641967773e-01,-6.973790377378463745e-02,-2.634488642215728760e-01,5.395868793129920959e-02,2.215398661792278290e-02,1.103832721710205078e-01,-8.091054111719131470e-02,-1.948270946741104126e-01,-9.147781133651733398e-02,1.394256651401519775e-01,8.441582322120666504e-02,-5.683011934161186218e-02,1.296767406165599823e-02,7.116492837667465210e-02,-1.432338356971740723e-01,1.010579764842987061e-01,-2.644317150115966797e-01,1.193012576550245285e-02,-1.313960403203964233e-01,4.531428515911102295e-01,1.029335111379623413e-01,5.469908118247985840e-01,2.327327132225036621e-01,4.173730313777923584e-01,4.113490693271160126e-03,2.990892231464385986e-01,3.760323300957679749e-02,-3.609760850667953491e-02,-3.634397685527801514e-01,1.154061481356620789e-01,-2.868792042136192322e-02,3.072614073753356934e-01,1.161892563104629517e-01,1.270075440406799316e-01,-2.101317048072814941e-01,-1.683136075735092163e-01,-9.907985478639602661e-02,1.012358814477920532e-02,-3.573274984955787659e-02,-9.312286972999572754e-02,-2.685419321060180664e-01,-5.871336441487073898e-03,-3.695115745067596436e-01,1.719873845577239990e-01,-4.452551901340484619e-01,7.727731950581073761e-03,-1.447462439537048340e-01,1.491131186485290527e-01,-2.621303498744964600e-01,1.286899447441101074e-01,5.085726827383041382e-02,1.541253626346588135e-01,-1.339115649461746216e-01,1.236396133899688721e-01,-1.992214620113372803e-01,3.023301623761653900e-02,-1.856787651777267456e-01,-2.852807641029357910e-01,-2.321981787681579590e-01,-8.422065526247024536e-02,-2.628260850906372070e-01,1.195904761552810669e-01,2.251654863357543945e-01,1.173955351114273071e-01,-1.441024541854858398e-01,1.394956260919570923e-01,-5.551170930266380310e-02,4.914286360144615173e-02,-8.267609775066375732e-02,-7.971570012159645557e-04,1.611205786466598511e-01,-1.010054945945739746e-01,-1.980832219123840332e-01,3.138449043035507202e-02,1.497074365615844727e-01,4.652569070458412170e-02,-4.343830794095993042e-02,-8.637368679046630859e-02,2.989221177995204926e-02
2.813783288002014160e-01,0.000000000000000000e+00,-2.400453835725784302e-01,4.055584669113159180e-01,-3.179540932178497314e-01,1.612762212753295898e-01,2.350253611803054810e-02,-2.399755083024501801e-02,-2.194620072841644287e-01,-1.694277673959732056e-01,5.350232496857643127e-02,2.617041766643524170e-01,1.491558998823165894e-01,3.511683642864227295e-02,-2.722977101802825928e-01,2.632776796817779541e-01,2.979422509670257568e-01,7.393896114081144333e-03,4.278560280799865723e-01,2.638232409954071045e-01,-1.709130108356475830e-01,-1.406744122505187988e-01,-5.258075520396232605e-02,-6.538189202547073364e-02,-2.610725462436676025e-01,-1.277064234018325806e-01,5.736338719725608826e-02,-7.267540693283081055e-02,2.043028026819229126e-01,-2.165930271148681641e-01,-4.657665640115737915e-02,1.098627075552940369e-01,1.788855046033859253e-01,3.498637676239013672e-01,-8.362683653831481934e-02,1.983458697795867920e-01,-1.411886662244796753e-01,-2.050369381904602051e-01,-4.265106320381164551e-01,-1.464840620756149292e-01,-2.858039140701293945e-01,-1.198067963123321533e-01,1.751917749643325806e-01,1.952899843454360962e-01,-1.253584474325180054e-01,2.762854397296905518e-01,6.119187921285629272e-02,1.138615980744361877e-01,-1.177734695374965668e-03,2.751598060131072998e-01,-1.633661836385726929e-01,3.145903646945953369e-01,-3.321993947029113770e-01,3.175771832466125488e-01,-3.724293112754821777e-01,3.419039845466613770e-01,1.666933596134185791e-01,7.372922301292419434e-01,3.528768122196197510e-01,4.738806784152984619e-01,-9.148093871772289276e-03,5.503185391426086426e-01,2.836728235706686974e-03,4.190351366996765137e-01,-2.700986564159393311e-01,3.161044418811798096e-01,3.246660530567169189e-01,3.499061465263366699e-01,4.124076962471008301e-01,2.795999050140380859e-01,-3.597249686717987061e-01,2.591162919998168945e-01,1.735221222043037415e-02,-2.371325194835662842e-01,-1.953643858432769775e-01,-9.185972623527050018e-03,1.191875338554382324e-02,1.557347327470779419e-01,-3.107536137104034424e-01,2.744400501251220703e-01,-3.817344605922698975e-01,1.233530193567276001e-01,-4.117911756038665771e-01,1.482901722192764282e-01,-4.228769242763519287e-01,4.285118281841278076e-01,-4.368305504322052002e-01,1.134866699576377869e-01,-3.394758999347686768e-01,3.975901007652282715e-01,-3.494555950164794922e-01,3.453371524810791016e-01,-4.353962838649749756e-01,3.273364901542663574e-01,-1.431903839111328125e-01,3.248430788516998291e-02,-3.849161267280578613e-01,2.229436933994293213e-01,1.360040307044982910e-01,2.333391457796096802e-01,-3.478656709194183350e-01,3.474044501781463623e-01,-4.228136241436004639e-01,2.555688619613647461e-01,-2.705833911895751953e-01,2.474846392869949341e-01,-1.773122251033782959e-01,-2.157639265060424805e-01,-8.852347731590270996e-02,-3.282164335250854492e-01,-1.656963117420673370e-02,-3.678229451179504395e-02,-7.801286876201629639e-02,-2.681030631065368652e-01,-7.661560922861099243e-02,-1.331969499588012695e-01
3.712355196475982666e-01,-2.400453835725784302e-01,0.000000000000000000e+00,-2.603269815444946289e-01,9.770797938108444214e-02,-2.535171210765838623e-01,4.502152204513549805e-01,1.692818105220794678e-01,2.220858037471771240e-01,-1.195596009492874146e-01,2.336182259023189545e-02,-3.493718802928924561e-01,-6.537985801696777344e-02,-1.564683318138122559e-01,3.164021670818328857e-01,-2.154993563890457153e-01,-4.892906844615936279e-01,-1.406690180301666260e-01,6.763068027794361115e-03,4.352558255195617676e-01,7.389957085251808167e-03,6.956670433282852173e-02,3.057947456836700439e-01,3.246637880802154541e-01,1.028621345758438110e-01,-2.319584935903549194e-01,1.860903501510620117e-01,1.565981954336166382e-01,-5.128608942031860352e-01,2.388930693268775940e-02,-2.210849151015281677e-02,-1.739752739667892456e-01,3.018813673406839371e-03,-6.453642249107360840e-02,5.579739436507225037e-02,-1.900360733270645142e-01,-2.403413504362106323e-01,-1.116536557674407959e-01,1.635450422763824463e-01,-3.547940254211425781e-01,2.181901931762695312e-01,1.436923816800117493e-02,-8.342351019382476807e-02,-2.150520831346511841e-01,-2.045261263847351074e-01,-4.797177612781524658e-01,-2.860140614211559296e-02,-1.448421776294708252e-01,-1.868380159139633179e-01,-4.664583802223205566e-01,8.066671341657638550e-02,-5.837531089782714844e-01,4.889711141586303711e-01,-6.485624313354492188e-01,4.209564328193664551e-01,-5.021308064460754395e-01,4.438644349575042725e-01,-3.757406175136566162e-01,8.617790788412094116e-02,-2.638365328311920166e-01,3.721617758274078369e-01,-4.936336576938629150e-01,1.368825286626815796e-01,-1.939623504877090454e-01,3.350405991077423096e-01,-5.233437418937683105e-01,-1.192185431718826294e-01,-2.765446901321411133e-01,4.044931381940841675e-02,8.345510065555572510e-02,5.371460914611816406e-01,-4.191880524158477783e-01,-2.622546851634979248e-01,9.626773186028003693e-03,3.098475039005279541e-01,-9.144690632820129395e-02,-6.977758556604385376e-02,-3.580972850322723389e-01,2.848255634307861328e-01,-5.880285501480102539e-01,4.793081283569335938e-01,-5.285318493843078613e-01,2.639996707439422607e-01,-2.758585512638092041e-01,6.027442216873168945e-01,-6.442471146583557129e-01,5.174348354339599609e-01,-1.596354693174362183e-01,5.520515441894531250e-01,-5.734986662864685059e-01,5.744843482971191406e-01,-5.741350650787353516e-01,4.435828328132629395e-01,-5.197620987892150879e-01,-2.580141723155975342e-01,-2.884910702705383301e-01,2.677904963493347168e-01,-3.305867910385131836e-01,-5.236345902085304260e-02,6.611165404319763184e-02,2.795835137367248535e-01,-5.770363211631774902e-01,4.351338744163513184e-01,-3.597421348094940186e-01,4.098767340183258057e-01,-3.450376391410827637e-01,1.060923933982849121e-01,3.521304428577423096e-01,-7.256691157817840576e-02,-5.541942664422094822e-04,1.688553690910339355e-01,1.460503637790679932e-01,7.111804187297821045e-02,2.514886856079101562e-01,8.356154710054397583e-02,1.986094117164611816e-01
8.856267482042312622e-02,4.055584669113159180e-01,-2.603269815444946289e-01,0.000000000000000000e+00,-2.064304649829864502e-01,3.446114361286163330e-01,1.966205239295959473e-01,-2.106736600399017334e-01,-2.546947300434112549e-01,-1.085639521479606628e-01,1.126738935708999634e-01,3.055595159530639648e-01,2.808180153369903564e-01,2.904215082526206970e-02,-2.912366390228271484e-01,3.723792135715484619e-01,4.415321648120880127e-01,-1.751151531934738159e-01,5.703456997871398926e-01,5.201346054673194885e-02,-7.249243557453155518e-02,7.801606506109237671e-02,3.690650463104248047e-01,2.864289581775665283e-01,8.083195239305496216e-02,1.174364089965820312e-01,-1.252035493962466717e-03,-1.211093366146087646e-01,4.249307811260223389e-01,-1.537774950265884399e-01,3.441886603832244873e-01,3.042632341384887695e-01,7.934939861297607422e-02,1.689503937959671021e-01,4.085072875022888184e-02,3.371314704418182373e-01,1.254094243049621582e-01,-3.343514353036880493e-02,-2.898287177085876465e-01,1.926361918449401855e-01,-8.517272025346755981e-02,4.506296664476394653e-02,5.199263617396354675e-02,2.327195256948471069e-01,-2.072113901376724243e-01,2.850698530673980713e-01,8.028181642293930054e-02,2.076545059680938721e-01,-2.230003625154495239e-01,1.764274835586547852e-01,-4.426605403423309326e-01,3.617378175258636475e-01,-6.814156770706176758e-01,4.735712409019470215e-01,-5.194043517112731934e-01,4.595097601413726807e-01,-2.777245640754699707e-01,3.315024077892303467e-01,-9.701407514512538910e-03,9.480550885200500488e-02,-4.126980006694793701e-01,4.538250863552093506e-01,-1.922117024660110474e-01,1.302087157964706421e-01,-5.034812092781066895e-01,4.036076068878173828e-01,1.655564308166503906e-01,1.625024974346160889e-01,1.238553225994110107e-01,1.449773609638214111e-01,-2.051097154617309570e-01,5.802326798439025879e-01,1.797005236148834229e-01,-7.444681972265243530e-02,-2.687549591064453125e-01,6.815800070762634277e-02,6.429576128721237183e-02,3.357736766338348389e-01,-4.159916043281555176e-01,4.107291400432586670e-01,-4.940711855888366699e-01,2.059022635221481323e-01,-2.878549695014953613e-01,4.561749100685119629e-01,-6.311497688293457031e-01,5.870856046676635742e-01,-5.396292805671691895e-01,3.033197224140167236e-01,-6.125952601432800293e-01,6.709845066070556641e-01,-5.421907901763916016e-01,4.841362833976745605e-01,-4.832704961299896240e-01,5.467326045036315918e-01,1.345424056053161621e-01,2.957542538642883301e-01,-3.880726099014282227e-01,3.189846277236938477e-01,2.430503368377685547e-01,-2.724391222000122070e-02,-3.756516575813293457e-01,5.763356685638427734e-01,-4.208221733570098877e-01,5.416595339775085449e-01,-4.585829675197601318e-01,5.234652161598205566e-01,-6.281061470508575439e-02,-2.180230468511581421e-01,-1.833618991076946259e-02,-1.832081079483032227e-01,1.143009886145591736e-01,-3.157782554626464844e-02,-1.875849664211273193e-01,-3.603824079036712646e-01,-2.097291052341461182e-01,-1.622509770095348358e-02
-1.309929192066192627e-01,-3.179540932178497314e-01,9.770797938108444214e-02,-2.064304649829864502e-01,0.000000000000000000e+00,3.333135545253753662e-01,1.006997600197792053e-01,4.247780442237854004e-01,6.484727263450622559e-01,5.098965167999267578e-01,2.642937600612640381e-01,-2.004348672926425934e-02,1.588646024465560913e-01,1.692396849393844604e-01,2.885891795158386230e-01,5.333622102625668049e-04,-1.392287909984588623e-01,9.726366400718688965e-02,-2.619536817073822021e-01,-2.610788345336914062e-01,1.639549061655998230e-02,1.094240397214889526e-01,-3.391651809215545654e-01,-1.925417631864547729e-01,5.107530951499938965e-01,5.353034734725952148e-01,6.346171349287033081e-02,1.379233747720718384e-01,-6.548644509166479111e-03,1.278438717126846313e-01,1.559587270021438599e-01,1.635246910154819489e-03,-1.600968092679977417e-01,-2.573556602001190186e-01,-8.612973615527153015e-03,-1.440912038087844849e-01,7.727887481451034546e-02,-1.695566326379776001e-01,2.375862002372741699e-01,1.091095283627510071e-01,-3.367188153788447380e-03,-1.648979783058166504e-01,-3.172629773616790771e-01,-2.641419172286987305e-01,-1.519389599561691284e-01,-2.686169147491455078e-01,-2.398988306522369385e-01,-2.071201652288436890e-01,-2.477821856737136841e-01,-2.330528646707534790e-01,-2.592325210571289062e-01,-1.806715577840805054e-01,2.135469578206539154e-02,-1.241468861699104309e-01,5.519081279635429382e-02,-1.369043886661529541e-01,-8.810696750879287720e-02,-2.842886745929718018e-01,-2.720902860164642334e-01,-2.319691330194473267e-01,-9.186409413814544678e-02,-2.447691559791564941e-01,-1.775633990764617920e-01,-1.344470381736755371e-01,-8.232215046882629395e-02,-1.956961750984191895e-01,-2.891017198562622070e-01,-4.211476445198059082e-01,-2.662131786346435547e-01,-3.025627136230468750e-01,9.502038359642028809e-02,1.617876067757606506e-02,-1.632061228156089783e-02,1.632951665669679642e-03,1.805458962917327881e-01,2.880129031836986542e-02,-6.309969723224639893e-02,-9.370329231023788452e-02,3.929771855473518372e-02,-3.504823893308639526e-02,5.622355639934539795e-02,8.149667829275131226e-02,1.044967919588088989e-01,-1.543568819761276245e-01,9.167122840881347656e-02,-1.468954980373382568e-01,1.986616849899291992e-01,-6.838192045688629150e-02,-8.158527198247611523e-04,-8.533142507076263428e-02,1.400146782398223877e-01,-5.816872045397758484e-02,1.197052001953125000e-01,-5.365835130214691162e-02,1.503406465053558350e-01,2.602798398584127426e-03,1.603871881961822510e-01,3.686890751123428345e-02,-3.950288146734237671e-02,-5.427308380603790283e-02,1.317217499017715454e-01,-8.797983080148696899e-02,1.137297153472900391e-01,-1.248848587274551392e-01,-6.348880380392074585e-02,-1.876029372215270996e-01,-1.496873646974563599e-01,-1.297754198312759399e-01,-9.310761466622352600e-03,1.417792588472366333e-01,-5.809935554862022400e-02,6.108367815613746643e-02,-4.185903817415237427e-02,-6.682118028402328491e-02,7.136873435229063034e-03,-6.584997288882732391e-03
-1.966778486967086792e-01,1.612762212753295898e-01,-2.535171210765838623e-01,3.446114361286163330e-01,3.333135545253753662e-01,0.000000000000000000e+00,1.890280749648809433e-03,3.622907698154449463e-01,3.293567597866058350e-01,4.946377575397491455e-01,2.316492944955825806e-01,2.946374714374542236e-01,2.889351844787597656e-01,2.545000612735748291e-01,3.222261369228363037e-02,5.040252208709716797e-01,2.102202624082565308e-01,7.127876393496990204e-03,1.382291167974472046e-01,-1.791227161884307861e-01,1.223235875368118286e-01,1.379623711109161377e-01,-1.301155686378479004e-01,4.537270963191986084e-02,4.698473513126373291e-01,6.053329110145568848e-01,3.303964436054229736e-01,2.711342573165893555e-01,3.990470767021179199e-01,-1.205869168043136597e-01,2.253167331218719482e-01,4.156151711940765381e-01,8.568571507930755615e-02,1.777553409337997437e-01,-8.408313617110252380e-03,2.384711056947708130e-01,1.073673442006111145e-01,-2.492321189492940903e-03,-7.592236995697021484e-02,2.026064097881317139e-01,-8.428598195314407349e-02,-3.760566562414169312e-02,-1.024112179875373840e-01,7.482846826314926147e-02,-2.346986234188079834e-01,9.122835099697113037e-02,-9.241208434104919434e-02,-4.338482022285461426e-02,-2.358667552471160889e-01,-3.754104673862457275e-02,-5.195759534835815430e-01,1.167886778712272644e-01,-4.550249576568603516e-01,3.083023726940155029e-01,-2.729168832302093506e-01,2.581855356693267822e-01,-2.056809067726135254e-01,2.326154708862304688e-01,-2.261450439691543579e-01,-2.003121562302112579e-02,-3.253138363361358643e-01,2.772990763187408447e-01,-2.430971711874008179e-01,6.981971114873886108e-02,-3.618963360786437988e-01,2.199015021324157715e-01,1.490378566086292267e-02,-7.008771598339080811e-02,-1.828940063714981079e-01,-7.929015159606933594e-02,-2.239615619182586670e-01,5.950231552124023438e-01,1.497098803520202637e-01,-9.775720536708831787e-02,-9.463563561439514160e-03,1.883681714534759521e-01,4.735224321484565735e-02,3.263024091720581055e-01,-1.936951875686645508e-01,4.994265735149383545e-01,-3.370546698570251465e-01,3.114506006240844727e-01,-2.132688611745834351e-01,2.757289111614227295e-01,-4.426201879978179932e-01,4.974283277988433838e-01,-2.942551970481872559e-01,1.818834245204925537e-01,-4.144539535045623779e-01,4.349790215492248535e-01,-4.267377555370330811e-01,3.181205987930297852e-01,-4.436972141265869141e-01,3.908771574497222900e-01,1.787536293268203735e-01,2.368883490562438965e-01,-2.111641317605972290e-01,3.574760258197784424e-01,3.218111768364906311e-02,-9.845755249261856079e-02,-2.960955500602722168e-01,4.195495843887329102e-01,-3.566544353961944580e-01,3.314814865589141846e-01,-4.577587842941284180e-01,2.622161805629730225e-01,-2.097795009613037109e-01,-3.529587090015411377e-01,-2.678786218166351318e-02,-7.883252948522567749e-02,1.842083409428596497e-02,-5.153837054967880249e-02,-1.742758005857467651e-01,-2.433101981878280640e-01,-1.698505729436874390e-01,-1.956705935299396515e-02
5.137803554534912109e-01,2.350253611803054810e-02,4.502152204513549805e-01,1.966205239295959473e-01,1.006997600197792053e-01,1.890280749648809433e-03,0.000000000000000000e+00,7.618932425975799561e-02,2.135483175516128540e-01,-7.645020633935928345e-02,3.209933042526245117e-01,1.229019537568092346e-01,3.003404736518859863e-01,-7.336641848087310791e-02,1.228293403983116150e-01,-3.010417520999908447e-02,-7.491033524274826050e-02,-6.709312554448843002e-03,2.566224634647369385e-01,3.196152448654174805e-01,-1.889380812644958496e-01,-5.701882392168045044e-02,3.434078693389892578e-01,1.677469909191131592e-01,1.159358918666839600e-01,-1.159132868051528931e-01,1.258278917521238327e-02,-8.942914754152297974e-02,-9.635508805513381958e-02,7.817385345697402954e-02,2.576967775821685791e-01,-1.129966974258422852e-01,-5.945344455540180206e-03,-6.775053590536117554e-02,-1.544719934463500977e-01,-8.484159409999847412e-02,-1.396132707595825195e-01,-1.538257598876953125e-01,-4.020146653056144714e-02,-1.952371746301651001e-01,1.092031598091125488e-01,2.543039992451667786e-02,-1.117609888315200806e-01,-3.749427385628223419e-03,-3.380883634090423584e-01,-2.093070298433303833e-01,1.277095973491668701e-01,1.165755391120910645e-01,-2.952641546726226807e-01,-2.421050667762756348e-01,-2.140280008316040039e-01,-2.945986390113830566e-01,-2.186129428446292877e-02,-3.115354180335998535e-01,-8.876665495336055756e-03,-1.103762835264205933e-01,1.549274623394012451e-01,-1.813708245754241943e-01,1.517826020717620850e-01,-1.904671937227249146e-01,2.343754023313522339e-01,-1.028174534440040588e-01,2.478993833065032959e-01,1.032043248414993286e-01,-1.529375612735748291e-01,-3.230163156986236572e-01,-6.854081153869628906e-02,-1.935395002365112305e-01,-4.311539698392152786e-03,7.562471926212310791e-02,3.004912734031677246e-01,-2.212775871157646179e-02,-9.355745278298854828e-03,8.654284477233886719e-02,8.652714639902114868e-02,-1.872793585062026978e-02,-3.246980905532836914e-02,-8.628293126821517944e-02,2.226828970015048981e-02,-2.674947082996368408e-01,2.271529734134674072e-01,-2.831295430660247803e-01,1.190653666853904724e-01,-9.943971410393714905e-03,7.916134595870971680e-02,-2.695321738719940186e-01,9.598442912101745605e-02,7.191526889801025391e-02,4.823588207364082336e-02,-9.592143446207046509e-02,1.642005294561386108e-01,-2.467622160911560059e-01,1.150274947285652161e-01,-1.881149411201477051e-01,-1.319527029991149902e-01,-1.188093051314353943e-01,-1.548069249838590622e-02,-1.784770041704177856e-01,2.222020030021667480e-01,1.692025065422058105e-01,1.784000545740127563e-01,-9.442122280597686768e-02,2.121582478284835815e-01,1.481182314455509186e-02,9.787092357873916626e-02,-1.679160818457603455e-02,3.302517905831336975e-02,1.992543786764144897e-01,-1.590845435857772827e-01,-4.437766596674919128e-02,2.573787271976470947e-01,1.856415271759033203e-01,5.377909168601036072e-02,6.752550601959228516e-02,2.036660537123680115e-02,1.181655600666999817e-01
-1.378124803304672241e-01,-2.399755083024501801e-02,1.692818105220794678e-01,-2.106736600399017334e-01,4.247780442237854004e-01,3.622907698154449463e-01,7.618932425975799561e-02,0.000000000000000000e+00,4.700239300727844238e-01,5.137632489204406738e-01,9.368205070495605469e-02,3.065028227865695953e-02,3.016426786780357361e-02,2.030498683452606201e-01,-1.429777964949607849e-02,-8.340274542570114136e-02,-1.055744364857673645e-01,1.100028529763221741e-01,-1.386457085609436035e-01,1.523646339774131775e-02,-3.455769736319780350e-03,-4.049396887421607971e-02,-2.840144336223602295e-01,-1.413719952106475830e-01,3.750053942203521729e-01,3.944523334503173828e-01,1.145857274532318115e-01,6.179517880082130432e-02,3.134651482105255127e-02,8.460934460163116455e-02,2.390021085739135742e-02,4.626858979463577271e-02,3.544844314455986023e-02,6.172740086913108826e-02,4.742544516921043396e-02,1.305273734033107758e-02,-5.879985913634300232e-02,-4.356838017702102661e-02,-8.917352557182312012e-02,-2.025553137063980103e-01,-5.068726837635040283e-02,-1.643085968680679798e-03,-4.661920294165611267e-02,-6.527359783649444580e-02,-5.533295869827270508e-02,-1.350711137056350708e-01,2.056657150387763977e-02,-9.232962876558303833e-02,-2.925312146544456482e-02,-1.102527081966400146e-01,-1.282283663749694824e-01,-1.039726585149765015e-01,1.105540767312049866e-01,-1.277566701173782349e-01,5.861337110400199890e-02,-9.825097769498825073e-02,9.545367211103439331e-02,-2.371411025524139404e-02,-1.142664253711700439e-01,-1.061815097928047180e-01,3.727418556809425354e-02,-8.300404250621795654e-02,-1.162263303995132446e-01,5.128651484847068787e-02,2.981303818523883820e-02,-4.101691395044326782e-02,-1.080374494194984436e-01,-1.363653093576431274e-01,-5.951860919594764709e-02,-1.153718009591102600e-01,3.652223572134971619e-02,5.520580336451530457e-02,-2.954222261905670166e-02,-8.289974927902221680e-02,1.097523197531700134e-01,-8.241347968578338623e-02,-5.877644196152687073e-02,-9.747506678104400635e-02,-1.327789388597011566e-03,-4.104313999414443970e-02,-3.659234195947647095e-02,5.765320267528295517e-03,-2.321709245443344116e-01,-2.385614961385726929e-01,2.434701099991798401e-02,-7.468871027231216431e-02,-3.629038110375404358e-02,-2.859847545623779297e-01,1.982630230486392975e-02,-1.839526146650314331e-01,1.969049274921417236e-01,-8.044993132352828979e-02,4.943855851888656616e-02,-9.002810716629028320e-02,-1.319288760423660278e-01,-3.504626825451850891e-02,5.417534708976745605e-02,1.041761636734008789e-01,-4.569731652736663818e-02,7.443500310182571411e-02,-1.066174209117889404e-01,-1.271648705005645752e-01,-1.920329965651035309e-02,-1.815542131662368774e-01,8.939282596111297607e-02,-1.581467092037200928e-01,-2.656773924827575684e-01,-2.302061766386032104e-01,-1.637228019535541534e-02,-4.484037682414054871e-02,6.254184246063232422e-02,1.767810434103012085e-01,8.121820539236068726e-02,1.068542301654815674e-01,1.881529688835144043e-01,1.013811081647872925e-01
5.096757784485816956e-02,-2.194620072841644287e-01,2.220858037471771240e-01,-2.546947300434112549e-01,6.484727263450622559e-01,3.293567597866058350e-01,2.135483175516128540e-01,4.700239300727844238e-01,0.000000000000000000e+00,3.716427683830261230e-01,3.086893260478973389e-01,-4.750430583953857422e-02,2.400754988193511963e-01,-4.510404914617538452e-02,3.930174708366394043e-01,-7.742286659777164459e-03,-2.316050231456756592e-01,2.569120004773139954e-02,-1.609107404947280884e-01,-7.489412277936935425e-02,5.357551202178001404e-02,8.747270703315734863e-02,-2.670028507709503174e-01,-2.177995890378952026e-01,5.372401475906372070e-01,3.565625250339508057e-01,2.838074266910552979e-01,2.649236917495727539e-01,-5.661474913358688354e-02,4.290952906012535095e-02,9.206538647413253784e-02,-6.031067669391632080e-02,-6.677918881177902222e-02,-1.404227614402770996e-01,-6.035919860005378723e-02,-1.702804714441299438e-01,-6.818937510251998901e-02,-1.028678268194198608e-01,1.556439101696014404e-01,-1.087932363152503967e-01,3.937622904777526855e-02,-1.386259403079748154e-02,-2.576473951339721680e-01,-2.858357429504394531e-01,-2.401550561189651489e-01,-3.607944548130035400e-01,-1.121185198426246643e-01,-1.839867085218429565e-01,-2.410455346107482910e-01,-3.112618327140808105e-01,-2.332061082124710083e-01,-3.023494184017181396e-01,1.591844856739044189e-01,-2.638849020004272461e-01,1.522648334503173828e-01,-2.482020705938339233e-01,1.196275502443313599e-01,-1.931771337985992432e-01,-9.902439266443252563e-02,-2.415585070848464966e-01,1.113616451621055603e-01,-2.276709824800491333e-01,-4.785143584012985229e-02,-6.365055590867996216e-02,-6.133072078227996826e-02,-3.077646791934967041e-01,-1.392042338848114014e-01,-3.522458672523498535e-01,-1.655931323766708374e-01,-1.722700744867324829e-01,1.873680502176284790e-01,-4.413295909762382507e-02,-6.954441964626312256e-02,2.759356517344713211e-03,1.739429682493209839e-01,3.654465451836585999e-02,-5.527528747916221619e-02,-1.564936637878417969e-01,2.233219444751739502e-01,-1.248311847448348999e-01,2.109424322843551636e-01,-1.548463255167007446e-01,8.006460219621658325e-02,-2.042308300733566284e-01,1.793834269046783447e-01,-2.308420389890670776e-01,1.992697566747665405e-01,-1.661932021379470825e-01,1.614691168069839478e-01,-2.240235656499862671e-01,1.316161155700683594e-01,-2.179021537303924561e-01,8.201801776885986328e-02,-1.707366704940795898e-01,-9.949521161615848541e-03,-4.068299755454063416e-02,1.399409174919128418e-01,-1.143389716744422913e-01,-1.859533637762069702e-01,-6.575413048267364502e-03,1.641119420528411865e-01,-2.016252726316452026e-01,1.677257269620895386e-01,-2.327229231595993042e-01,2.171468921005725861e-02,-2.751708626747131348e-01,-1.539469510316848755e-01,-9.409199655055999756e-02,1.198452152311801910e-02,8.754798024892807007e-02,-4.781804606318473816e-02,7.704187929630279541e-02,-1.026476249098777771e-01,-6.572915613651275635e-02,-5.425419658422470093e-02,3.520584851503372192e-02
-3.069186806678771973e-01,-1.694277673959732056e-01,-1.195596009492874146e-01,-1.085639521479606628e-01,5.098965167999267578e-01,4.946377575397491455e-01,-7.645020633935928345e-02,5.137632489204406738e-01,3.716427683830261230e-01,0.000000000000000000e+00,1.249736547470092773e-01,1.816443800926208496e-01,9.700508415699005127e-02,3.174222707748413086e-01,-9.290663525462150574e-03,1.275222450494766235e-01,5.038884282112121582e-02,1.443410664796829224e-01,-1.994345933198928833e-01,-3.208529651165008545e-01,-2.456161892041563988e-03,6.983885169029235840e-02,-3.632115721702575684e-01,-2.171412855386734009e-01,3.628475964069366455e-01,5.488259792327880859e-01,4.304834082722663879e-02,1.020027175545692444e-01,1.815749257802963257e-01,1.096389368176460266e-01,1.000925339758396149e-02,5.037720501422882080e-02,-1.018592044711112976e-01,-9.633312374353408813e-02,-1.368888746947050095e-02,8.646501600742340088e-02,5.532547459006309509e-02,-1.298258006572723389e-01,-2.590261213481426239e-02,1.158110275864601135e-01,-1.120417565107345581e-01,-7.115988433361053467e-02,-1.492809504270553589e-01,3.109481558203697205e-02,-7.324871420860290527e-02,-2.390679530799388885e-02,-8.584885299205780029e-02,-4.536289721727371216e-02,-1.244157850742340088e-01,-7.360979914665222168e-02,-2.188518792390823364e-01,-1.049210596829652786e-02,-1.269798576831817627e-01,1.029215306043624878e-01,-6.495662778615951538e-02,9.062235802412033081e-02,-2.002265751361846924e-01,-1.103380098938941956e-01,-2.559496462345123291e-01,-1.387958675622940063e-01,-1.900833249092102051e-01,-3.266801685094833374e-02,-1.782493293285369873e-01,-8.520346879959106445e-02,-1.395760327577590942e-01,5.827074125409126282e-02,-1.898787021636962891e-01,-1.668789386749267578e-01,-3.042509555816650391e-01,-2.063974440097808838e-01,-2.183428853750228882e-01,1.841706037521362305e-01,9.189535677433013916e-02,3.510748222470283508e-02,1.438984721899032593e-01,1.841219067573547363e-01,8.177546784281730652e-03,9.548151493072509766e-02,-8.716715872287750244e-02,2.211193740367889404e-01,-1.391956061124801636e-01,2.593652307987213135e-01,-1.124310418963432312e-01,-1.371198985725641251e-02,-1.690173447132110596e-01,1.488171517848968506e-01,-9.495572745800018311e-02,-6.510503590106964111e-02,-2.015270739793777466e-01,8.604851365089416504e-02,-7.676117122173309326e-02,1.157897710800170898e-01,-7.352072745561599731e-02,9.317037463188171387e-02,6.014361977577209473e-02,1.196288391947746277e-01,-6.080098077654838562e-02,1.476867049932479858e-01,-4.232092946767807007e-02,-9.491491317749023438e-02,-1.176730021834373474e-01,1.594607979059219360e-01,-1.041290611028671265e-01,4.069636762142181396e-02,-1.014322265982627869e-01,4.317238554358482361e-02,-2.301737964153289795e-01,-2.672755718231201172e-01,-2.143178880214691162e-02,1.232234295457601547e-02,2.796674147248268127e-02,2.385712414979934692e-02,6.346435751765966415e-03,3.547892207279801369e-03,1.238717287778854370e-01,1.510689500719308853e-02
1.976360976696014404e-01,5.350232496857643127e-02,2.336182259023189545e-02,1.126738935708999634e-01,2.642937600612640381e-01,2.316492944955825806e-01,3.209933042526245117e-01,9.368205070495605469e-02,3.086893260478973389e-01,1.249736547470092773e-01,0.000000000000000000e+00,3.515243530273437500e-01,5.711396932601928711e-01,1.032781451940536499e-01,1.795159280300140381e-01,2.085257023572921753e-01,1.572374254465103149e-01,4.207740351557731628e-02,5.312022939324378967e-02,9.359491616487503052e-02,-2.544005028903484344e-02,5.586720630526542664e-02,2.617055177688598633e-02,-8.507931977510452271e-02,2.220964133739471436e-01,7.363153994083404541e-02,1.383095085620880127e-01,7.252852618694305420e-02,2.011801004409790039e-01,1.579650491476058960e-01,2.530722618103027344e-01,2.988427318632602692e-02,1.064926292747259140e-02,5.959541723132133484e-02,-1.850105226039886475e-01,-8.192981034517288208e-02,-1.154659986495971680e-01,-9.870523214340209961e-02,-6.512799113988876343e-02,5.278678983449935913e-02,-7.329206168651580811e-02,-1.590577960014343262e-01,-2.177896201610565186e-01,-7.838069647550582886e-02,-3.159891963005065918e-01,-6.356184184551239014e-02,-5.053257942199707031e-02,-5.650689825415611267e-02,-2.675576210021972656e-01,-1.010668948292732239e-01,-3.160288035869598389e-01,-1.525361984968185425e-01,-1.146993115544319153e-01,-5.786018073558807373e-02,-5.612154304981231689e-02,2.274182438850402832e-02,-1.934732310473918915e-02,-7.412914931774139404e-02,7.929936051368713379e-02,-2.626660764217376709e-01,1.076661422848701477e-01,1.398331820964813232e-01,1.375366896390914917e-01,1.698883622884750366e-01,-3.329251706600189209e-01,-2.258870601654052734e-01,-4.436337575316429138e-02,-2.879088819026947021e-01,-2.132213413715362549e-01,-1.924158930778503418e-01,3.387248888611793518e-02,1.858619898557662964e-01,1.594537198543548584e-01,1.747309863567352295e-01,1.447968184947967529e-01,1.142593175172805786e-01,7.723814994096755981e-02,9.749785065650939941e-02,9.482382237911224365e-02,8.586897514760494232e-03,6.291817873716354370e-02,-1.639651320874691010e-02,5.632755532860755920e-02,1.686721444129943848e-01,-1.305530220270156860e-01,-3.911552485078573227e-03,-4.143209196627140045e-03,1.896241456270217896e-01,-8.136638253927230835e-02,8.915489912033081055e-02,-1.405023932456970215e-01,-4.625204578042030334e-02,-1.386252194643020630e-01,-1.320087816566228867e-02,2.891341410577297211e-02,-6.424397230148315430e-02,-1.009366959333419800e-01,1.078570261597633362e-02,4.397079721093177795e-02,6.722923368215560913e-02,2.853001467883586884e-02,9.557535499334335327e-02,-2.732504904270172119e-02,4.648503661155700684e-02,-2.090864181518554688e-01,-1.055609621107578278e-02,-5.524053052067756653e-02,2.274600788950920105e-02,-8.433875441551208496e-02,1.398162841796875000e-01,5.136271566152572632e-02,1.294799149036407471e-01,1.000137254595756531e-01,-2.143192104995250702e-02,-2.560905553400516510e-02,-1.010602191090583801e-01
-4.115530848503112793e-02,2.617041766643524170e-01,-3.493718802928924561e-01,3.055595159530639648e-01,-2.004348672926425934e-02,2.946374714374542236e-01,1.229019537568092346e-01,3.065028227865695953e-02,-4.750430583953857422e-02,1.816443800926208496e-01,3.515243530273437500e-01,0.000000000000000000e+00,3.049198985099792480e-01,4.492948949337005615e-01,-1.752651780843734741e-01,3.112914264202117920e-01,5.080222487449645996e-01,3.192350566387176514e-01,9.690750390291213989e-02,-6.764076650142669678e-02,-1.625086963176727295e-01,2.565708570182323456e-02,7.484344765543937683e-03,-1.153478771448135376e-01,-1.051525771617889404e-01,7.715042680501937866e-02,-1.311350911855697632e-01,-1.522427350282669067e-01,4.567401707172393799e-01,2.780394554138183594e-01,1.924731433391571045e-01,1.219423264265060425e-01,1.073657050728797913e-01,1.581702083349227905e-01,-1.920852363109588623e-01,1.732067912817001343e-01,-4.438183829188346863e-02,-4.762108996510505676e-02,-3.217002153396606445e-01,1.167380884289741516e-01,-2.729577422142028809e-01,-1.301023215055465698e-01,-5.626630038022994995e-02,1.979954838752746582e-01,-2.030561715364456177e-01,2.379499077796936035e-01,1.020699292421340942e-01,1.187159493565559387e-01,-7.928330451250076294e-02,2.109177559614181519e-01,-2.231698483228683472e-01,2.082379907369613647e-01,-3.728819191455841064e-01,2.162814289331436157e-01,-2.913541197776794434e-01,2.999546825885772705e-01,-3.248278200626373291e-01,1.563852429389953613e-01,3.356672450900077820e-02,1.042740419507026672e-02,-6.206722930073738098e-02,4.145858287811279297e-01,1.027155444025993347e-01,4.106929600238800049e-01,-5.083200931549072266e-01,1.659398972988128662e-01,-5.679281428456306458e-02,3.366421163082122803e-02,-2.128654569387435913e-01,-1.952202022075653076e-01,-2.865311205387115479e-01,3.421549797058105469e-01,3.962448835372924805e-01,2.124432623386383057e-01,-1.045077946037054062e-02,1.826265305280685425e-01,2.538660466670989990e-01,4.236898422241210938e-01,-2.271114587783813477e-01,3.248467743396759033e-01,-3.135213553905487061e-01,3.161693811416625977e-01,-1.688512712717056274e-01,3.482341766357421875e-01,-4.845952391624450684e-01,3.274008333683013916e-01,-3.109039962291717529e-01,3.221817314624786377e-01,-3.570560514926910400e-01,3.388548791408538818e-01,-3.880125582218170166e-01,1.605405509471893311e-01,-3.729750514030456543e-01,2.306081801652908325e-01,-4.213339835405349731e-02,-4.147734865546226501e-02,-3.333772718906402588e-01,2.404741644859313965e-01,2.213497906923294067e-01,1.661861687898635864e-01,-7.932167500257492065e-02,4.184069335460662842e-01,-1.887226104736328125e-01,3.070432245731353760e-01,-2.240178436040878296e-01,3.083738982677459717e-01,-7.932363450527191162e-02,-8.377233892679214478e-02,-1.227869242429733276e-01,-5.143681168556213379e-02,1.334243714809417725e-01,1.299081444740295410e-01,4.774831980466842651e-02,-7.486869394779205322e-02,-2.819002792239189148e-02,-1.326170116662979126e-01
1.581065654754638672e-01,1.491558998823165894e-01,-6.537985801696777344e-02,2.808180153369903564e-01,1.588646024465560913e-01,2.889351844787597656e-01,3.003404736518859863e-01,3.016426786780357361e-02,2.400754988193511963e-01,9.700508415699005127e-02,5.711396932601928711e-01,3.049198985099792480e-01,0.000000000000000000e+00,1.759732067584991455e-01,1.272552311420440674e-01,2.454108595848083496e-01,2.892898321151733398e-01,1.999425888061523438e-02,1.033905446529388428e-01,-2.502320706844329834e-02,-2.035489678382873535e-02,1.632561981678009033e-01,8.472996950149536133e-02,4.486279562115669250e-02,1.778133809566497803e-01,9.197710454463958740e-02,8.327023684978485107e-02,-5.596594139933586121e-02,3.022926151752471924e-01,7.492040097713470459e-02,2.883875072002410889e-01,1.919578760862350464e-01,1.297224871814250946e-02,4.698185995221138000e-02,-6.204213947057723999e-02,1.241822764277458191e-01,8.003992959856987000e-03,-1.046306192874908447e-01,-1.718233525753021240e-01,7.888133078813552856e-02,-9.797380864620208740e-02,-5.091353319585323334e-03,-2.045680284500122070e-01,-1.576547510921955109e-02,-3.351356685161590576e-01,3.881357610225677490e-02,-2.516801282763481140e-02,4.690141230821609497e-02,-2.404488325119018555e-01,-3.802931308746337891e-02,-4.304683804512023926e-01,2.967387624084949493e-02,-3.637729883193969727e-01,1.427463293075561523e-01,-2.978298664093017578e-01,8.672755956649780273e-02,-1.112434118986129761e-01,4.691604897379875183e-02,-2.137530682375654578e-04,-1.888074278831481934e-01,-4.520061984658241272e-02,2.435126900672912598e-01,3.164119785651564598e-03,1.825685054063796997e-01,-4.401991963386535645e-01,3.007818758487701416e-02,4.194623231887817383e-02,-2.051880061626434326e-01,-1.861533671617507935e-01,-1.524772047996520996e-01,-4.500566795468330383e-02,3.552761077880859375e-01,1.822122484445571899e-01,1.522398293018341064e-01,5.063470080494880676e-02,2.198600955307483673e-02,1.574658453464508057e-01,2.033924162387847900e-01,-1.041606068611145020e-01,1.749569028615951538e-01,-1.085724905133247375e-01,7.810827344655990601e-02,-7.330953329801559448e-02,2.628677487373352051e-01,-3.335650265216827393e-01,1.721728295087814331e-01,-2.422874122858047485e-01,2.407220005989074707e-01,-2.945709526538848877e-01,2.517022192478179932e-01,-2.677989900112152100e-01,1.323386430740356445e-01,-2.466307133436203003e-01,2.334433197975158691e-01,4.754278808832168579e-02,6.399558484554290771e-02,-2.086551487445831299e-01,2.965910919010639191e-02,4.105490446090698242e-02,6.359995156526565552e-02,-1.415812820196151733e-01,2.323590219020843506e-01,-2.013004422187805176e-01,1.350216269493103027e-01,-3.150111138820648193e-01,1.274685263633728027e-01,-2.099362462759017944e-01,-1.724448055028915405e-01,1.142196357250213623e-03,-3.679107874631881714e-02,-7.716140709817409515e-03,1.857260358519852161e-03,-3.384498134255409241e-02,-1.883436888456344604e-01,-3.927407413721084595e-02,-9.187253564596176147e-02
