0.000000000000000000e+00,2.393390983343124390e-01,3.374010324478149414e-01,-1.918327659368515015e-01,9.726675599813461304e-02,-1.916590780019760132e-01,2.509926855564117432e-01,-1.050282046198844910e-01,-6.706040352582931519e-02,-3.082562685012817383e-01,2.814458012580871582e-01,-1.941138654947280884e-01,-1.194273680448532104e-01,-1.242601051926612854e-01,2.852083444595336914e-01,-1.691675782203674316e-01,-2.753950953483581543e-01,3.602144122123718262e-01,2.262220829725265503e-01,3.941042423248291016e-01,5.582924187183380127e-02,9.279564837925136089e-04,-1.214646771550178528e-01,-1.924139410257339478e-01,-1.189002692699432373e-01,-3.339255154132843018e-01,1.894794404506683350e-01,-3.377217799425125122e-02,-3.288879990577697754e-01,1.940109282732009888e-01,-2.717769742012023926e-01,-3.248242139816284180e-01,1.974085345864295959e-02,1.031022965908050537e-01,8.180209994316101074e-02,1.438411474227905273e-01,-2.366935275495052338e-02,-7.494861632585525513e-02,-1.564002931118011475e-01,-1.813469976186752319e-01,-7.410164922475814819e-02,-6.986893713474273682e-02,-1.319915205240249634e-01,5.783205851912498474e-02,-6.269270554184913635e-03,-4.645222052931785583e-02,4.099203646183013916e-02,2.387287281453609467e-02,7.628279179334640503e-02,-1.086292564868927002e-01,2.170048654079437256e-01,-3.640564084053039551e-01,3.351451754570007324e-01,-4.642479419708251953e-01,3.518444299697875977e-01,-3.954899609088897705e-01,6.383211016654968262e-01,3.176855146884918213e-01,1.675722002983093262e-01,2.044200301170349121e-01,3.323437571525573730e-01,-1.354997456073760986e-01,3.020815253257751465e-01,8.148670941591262817e-02,3.812254592776298523e-02,-2.368339002132415771e-01,1.677304804325103760e-01,6.562726199626922607e-02,6.496741175651550293e-01,9.754753112792968750e-02,1.278626620769500732e-01,-3.597252368927001953e-01,-1.411495357751846313e-01,2.016198933124542236e-01,3.222482502460479736e-01,1.711864210665225983e-02,4.234527647495269775e-01,-6.484618782997131348e-02,3.646397888660430908e-01,-2.703040838241577148e-01,3.778019249439239502e-01,-1.498037278652191162e-01,1.971538662910461426e-01,-1.691842377185821533e-01,3.880089819431304932e-01,-4.029649496078491211e-01,3.421140313148498535e-01,-1.329623162746429443e-01,3.150821030139923096e-01,-4.842156171798706055e-01,3.290547132492065430e-01,-5.150113105773925781e-01,3.485779464244842529e-01,-4.443275034427642822e-01,-1.735423356294631958e-01,-1.387733500450849533e-03,3.328684866428375244e-01,-4.021214544773101807e-01,3.188628852367401123e-01,-1.844120323657989502e-01,4.281181395053863525e-01,-5.014969110488891602e-01,1.703053712844848633e-01,-2.630121707916259766e-01,3.815061748027801514e-01,-4.222700595855712891e-01,1.770690530538558960e-01,-4.182523488998413086e-01,-2.363538928329944611e-02,6.181539595127105713e-02,9.397835470736026764e-03,-7.223653793334960938e-02,2.159708440303802490e-01,1.885010004043579102e-01,-1.658287830650806427e-02,-1.029422041028738022e-02
2.393390983343124390e-01,0.000000000000000000e+00,6.561742722988128662e-02,1.966822892427444458e-01,2.035935223102569580e-01,1.285178214311599731e-01,1.059781014919281006e-02,1.352869570255279541e-01,3.257549181580543518e-02,1.793256103992462158e-01,1.521073877811431885e-01,1.223388612270355225e-01,-1.147136464715003967e-01,-2.336102165281772614e-02,1.808388531208038330e-01,4.006329774856567383e-01,1.960688084363937378e-01,2.088571190834045410e-01,2.040429860353469849e-01,2.736407816410064697e-01,5.270034447312355042e-02,2.004749923944473267e-01,-1.145779993385076523e-02,5.924885720014572144e-02,-2.657353579998016357e-01,-4.353348910808563232e-02,2.775535583496093750e-01,2.599914371967315674e-01,1.481315493583679199e-01,1.339310854673385620e-01,-1.800460964441299438e-01,-2.104799076914787292e-02,-1.428109221160411835e-02,1.623984575271606445e-01,7.721433043479919434e-02,1.548211574554443359e-01,1.863379925489425659e-01,2.791176736354827881e-01,-1.036493182182312012e-01,1.146330982446670532e-01,-8.237865567207336426e-02,-2.914305590093135834e-02,-2.148617058992385864e-01,-7.998701184988021851e-03,-2.664600312709808350e-01,-2.889771163463592529e-01,-1.229433789849281311e-01,6.977734155952930450e-03,-2.937614023685455322e-01,-2.815944552421569824e-01,-3.308221399784088135e-01,-2.275514304637908936e-01,-2.567407786846160889e-01,-1.135154366493225098e-01,-2.124825567007064819e-01,1.617529690265655518e-01,5.577217787504196167e-02,5.743610262870788574e-01,-2.057931572198867798e-01,-5.070609599351882935e-02,-3.378488123416900635e-01,7.999266684055328369e-02,1.049682381562888622e-03,4.435116350650787354e-01,-1.424247026443481445e-01,-1.255599111318588257e-01,-2.016328126192092896e-01,-1.032160446047782898e-01,2.677450180053710938e-01,2.797190248966217041e-01,-1.123225837945938110e-01,2.626752257347106934e-01,1.201495081186294556e-01,2.909184060990810394e-02,-1.125690415501594543e-01,5.605992302298545837e-02,1.123852729797363281e-01,3.889228701591491699e-01,-1.688058376312255859e-01,2.119134515523910522e-01,-2.494329959154129028e-01,4.388811886310577393e-01,2.158593758940696716e-02,3.717708289623260498e-01,-2.676533460617065430e-01,1.452717185020446777e-01,1.884920448064804077e-01,4.152931869029998779e-01,-2.138676643371582031e-01,1.616076231002807617e-01,-1.083764582872390747e-01,6.097250804305076599e-02,-8.141279220581054688e-02,9.122677147388458252e-02,2.540604770183563232e-01,4.564746841788291931e-02,-6.523878872394561768e-02,2.466734945774078369e-01,6.711138784885406494e-02,2.934972345829010010e-01,3.176346793770790100e-02,1.503730863332748413e-01,1.769531220197677612e-01,2.777552604675292969e-01,-5.193974450230598450e-02,1.510643213987350464e-01,1.278636902570724487e-01,3.142494857311248779e-01,1.245835870504379272e-01,1.201221421360969543e-01,-9.783717989921569824e-02,5.501501262187957764e-02,1.431348919868469238e-01,-6.626582145690917969e-02,-1.881155967712402344e-01,1.546100974082946777e-01
3.374010324478149414e-01,6.561742722988128662e-02,0.000000000000000000e+00,4.040761888027191162e-01,2.314133346080780029e-01,2.105841413140296936e-02,6.203681826591491699e-01,4.367525875568389893e-01,3.855066001415252686e-01,-1.236495152115821838e-01,2.061020284891128540e-01,2.181649059057235718e-01,3.125213980674743652e-01,3.045983314514160156e-01,3.800442814826965332e-01,-3.054131008684635162e-02,-2.164525538682937622e-01,2.376666516065597534e-01,2.939500510692596436e-01,5.255858302116394043e-01,8.631271123886108398e-02,1.704299002885818481e-01,4.392520487308502197e-01,5.084962844848632812e-01,2.798680365085601807e-01,7.794938236474990845e-02,6.440711021423339844e-02,2.825366333127021790e-02,-1.674236208200454712e-01,2.370521873235702515e-01,3.844985961914062500e-01,3.447207808494567871e-01,-3.455102443695068359e-02,8.569669723510742188e-02,-6.647585332393646240e-02,1.445288658142089844e-01,-8.670020103454589844e-02,-1.537415087223052979e-01,-1.353011280298233032e-01,-1.429533511400222778e-01,-1.445711776614189148e-02,2.382811531424522400e-02,-3.626728355884552002e-01,-2.148067206144332886e-01,-2.361275106668472290e-01,-3.698324859142303467e-01,-7.747621089220046997e-02,-1.560962796211242676e-01,-2.379470914602279663e-01,-4.033170640468597412e-01,-2.446600496768951416e-01,-5.479163527488708496e-01,1.184545457363128662e-01,-3.244245648384094238e-01,2.341007739305496216e-01,-3.037581741809844971e-01,2.438959479331970215e-02,4.812257830053567886e-03,4.557978361845016479e-02,-2.721812017261981964e-02,-3.714032843708992004e-02,-2.925173044204711914e-01,-1.675330400466918945e-01,-2.976243495941162109e-01,-2.127620428800582886e-01,-3.719924390316009521e-01,-4.652945324778556824e-02,-1.565757244825363159e-01,1.249152645468711853e-01,5.801363661885261536e-02,4.074898064136505127e-01,4.594666510820388794e-02,-1.971293985843658447e-02,4.020357131958007812e-01,4.244086444377899170e-01,2.219967097043991089e-01,2.930848002433776855e-01,-6.815166771411895752e-02,-6.907191127538681030e-04,-2.373169958591461182e-01,1.603933870792388916e-01,-3.099875152111053467e-01,3.269799351692199707e-01,-1.693888939917087555e-02,2.037720531225204468e-01,-4.969731867313385010e-01,3.968116641044616699e-01,6.762073934078216553e-02,2.744986116886138916e-01,-3.809093832969665527e-01,4.472478628158569336e-01,-3.939386904239654541e-01,4.374083578586578369e-01,-4.386776387691497803e-01,-7.352488487958908081e-02,5.442490801215171814e-02,3.107087910175323486e-01,-2.224595993757247925e-01,3.115928769111633301e-01,-2.401381172239780426e-02,5.526380538940429688e-01,-4.368077218532562256e-01,4.957258701324462891e-01,1.039538756012916565e-01,4.410796761512756348e-01,-3.026534020900726318e-01,4.184079170227050781e-01,-9.959646314382553101e-02,3.085539489984512329e-02,5.662406608462333679e-02,-3.013094663619995117e-01,1.074986606836318970e-01,1.767476052045822144e-01,3.866976127028465271e-02,-2.566922903060913086e-01,-2.022087387740612030e-02
-1.918327659368515015e-01,1.966822892427444458e-01,4.040761888027191162e-01,0.000000000000000000e+00,1.938807368278503418e-01,3.400999605655670166e-01,4.230591356754302979e-01,6.746429204940795898e-01,3.183509111404418945e-01,3.996635973453521729e-01,9.361021220684051514e-02,4.555888175964355469e-01,3.515974283218383789e-01,4.157116115093231201e-01,1.300847250968217850e-02,4.482217431068420410e-01,9.095639735460281372e-02,-1.991815865039825439e-01,4.523425996303558350e-01,2.209177017211914062e-01,-6.183428689837455750e-03,2.139058113098144531e-01,6.933190226554870605e-01,6.782661676406860352e-01,2.294353693723678589e-01,3.643895089626312256e-01,1.127984523773193359e-01,2.449886202812194824e-01,3.054832220077514648e-01,-6.834626942873001099e-02,5.144423246383666992e-01,5.484663248062133789e-01,-7.321901619434356689e-02,-4.679825156927108765e-02,-1.804091483354568481e-01,-4.548837617039680481e-02,7.294173538684844971e-02,4.469456523656845093e-02,-6.897291541099548340e-02,3.233619034290313721e-02,2.499637752771377563e-02,5.022935196757316589e-02,-2.606823146343231201e-01,-2.567295432090759277e-01,-2.881823778152465820e-01,-3.803365230560302734e-01,-1.896333098411560059e-01,-1.783319413661956787e-01,-2.878181934356689453e-01,-3.081463873386383057e-01,-5.501397252082824707e-01,-1.811691969633102417e-01,-4.723724126815795898e-01,1.033279001712799072e-01,-4.012910127639770508e-01,2.695133090019226074e-01,-3.513698279857635498e-01,-8.581241220235824585e-02,-1.126168593764305115e-01,-1.523750573396682739e-01,-4.449143409729003906e-01,-2.034177482128143311e-01,-3.223424255847930908e-01,-1.693935990333557129e-01,-2.302712202072143555e-01,-2.417611926794052124e-01,-1.949925720691680908e-01,-1.744367331266403198e-01,-2.169737368822097778e-01,6.148326024413108826e-02,1.680179126560688019e-02,5.324120521545410156e-01,1.222213879227638245e-01,-1.401714794337749481e-02,-3.705151751637458801e-02,1.099034771323204041e-02,-1.128640845417976379e-01,1.549589782953262329e-01,-4.452743232250213623e-01,1.008321270346641541e-01,-4.467153251171112061e-01,1.055431142449378967e-01,-1.553059648722410202e-02,3.569371402263641357e-01,-4.737429022789001465e-01,1.626394242048263550e-01,-4.459000006318092346e-02,3.660636246204376221e-01,-3.835837543010711670e-01,3.196570277214050293e-01,-1.381527036428451538e-01,2.517243027687072754e-01,-1.475321948528289795e-01,1.656316965818405151e-01,1.803999841213226318e-01,1.436608005315065384e-02,-2.721152007579803467e-01,3.130234181880950928e-01,-1.343406885862350464e-01,2.315735667943954468e-01,-5.395003035664558411e-02,2.695341706275939941e-01,1.407219171524047852e-01,3.253049254417419434e-01,-1.422487944364547729e-01,2.470170855522155762e-01,6.640476733446121216e-02,4.313853979110717773e-01,1.341574788093566895e-01,2.820619568228721619e-02,-4.163479506969451904e-01,-3.367215767502784729e-02,-8.026245632208883762e-04,-1.036359369754791260e-01,-2.178164422512054443e-01,1.035986170172691345e-01
9.726675599813461304e-02,2.035935223102569580e-01,2.314133346080780029e-01,1.938807368278503418e-01,0.000000000000000000e+00,5.034276843070983887e-01,2.092605233192443848e-01,1.352456361055374146e-01,4.777383506298065186e-01,3.939825296401977539e-01,1.027941852807998657e-01,-1.544911880046129227e-02,1.071538850665092468e-01,-1.544127985835075378e-02,6.052711009979248047e-01,4.183434545993804932e-01,-1.795764826238155365e-02,-7.021281868219375610e-02,-1.699516326189041138e-01,-2.011135034263134003e-02,5.878792330622673035e-02,2.198258936405181885e-01,1.723990738391876221e-01,2.457399815320968628e-01,1.848210841417312622e-01,3.004831373691558838e-01,5.476414561271667480e-01,5.190234184265136719e-01,-5.432596430182456970e-02,8.509209752082824707e-02,1.366640031337738037e-01,2.197680622339248657e-01,-1.804182231426239014e-01,-8.048289269208908081e-02,-2.388511747121810913e-01,-7.104511559009552002e-02,4.212407767772674561e-02,-7.600528746843338013e-02,-1.144044473767280579e-01,1.305221617221832275e-01,-4.786060191690921783e-03,-1.154761761426925659e-01,-3.362590670585632324e-01,-3.402655571699142456e-02,-9.618296474218368530e-02,-2.630446553230285645e-01,-1.610011011362075806e-01,-2.489603459835052490e-01,-9.652392566204071045e-02,-2.175578773021697998e-01,-3.155018985271453857e-01,-3.899762630462646484e-01,-2.826947867870330811e-01,-3.767657279968261719e-01,-9.240775555372238159e-02,-8.590780198574066162e-02,7.450562901794910431e-03,1.468325313180685043e-02,1.658787578344345093e-01,1.508617550134658813e-01,-2.647783607244491577e-02,-1.535495817661285400e-01,2.980303019285202026e-02,-5.857789888978004456e-02,-4.836386069655418396e-02,-2.480358630418777466e-01,2.164253033697605133e-02,-5.912273190915584564e-03,1.251017153263092041e-01,5.571097601205110550e-03,1.906799376010894775e-01,9.371576458215713501e-02,-2.138819359242916107e-02,-4.209108650684356689e-02,8.088738657534122467e-03,1.558299213647842407e-01,-2.977011608891189098e-04,7.964012771844863892e-02,-2.156980633735656738e-01,-3.512696921825408936e-02,-7.429692149162292480e-02,-5.032724514603614807e-02,1.360842585563659668e-01,1.869373172521591187e-01,-8.688773959875106812e-02,-1.511144936084747314e-01,4.003524184226989746e-01,3.841751217842102051e-01,-2.513445727527141571e-02,-7.035482674837112427e-02,-8.137959055602550507e-03,-2.504477798938751221e-01,-4.435949027538299561e-02,-2.336721271276473999e-01,6.475478410720825195e-02,1.601021923124790192e-02,1.818651705980300903e-02,-1.564285717904567719e-02,2.088202983140945435e-01,1.601518988609313965e-01,1.406353116035461426e-01,-8.896220475435256958e-02,1.953903138637542725e-01,1.055454909801483154e-01,1.143692880868911743e-01,-4.008148238062858582e-02,2.663059830665588379e-01,1.516915857791900635e-01,3.392324969172477722e-02,4.044592380523681641e-02,-1.413551270961761475e-01,-2.262938208878040314e-02,1.188785731792449951e-01,-1.929191648960113525e-01,-1.902206391096115112e-01,2.438705414533615112e-01
-1.916590780019760132e-01,1.285178214311599731e-01,2.105841413140296936e-02,3.400999605655670166e-01,5.034276843070983887e-01,0.000000000000000000e+00,7.717289775609970093e-02,1.816623508930206299e-01,4.643980562686920166e-01,7.057340145111083984e-01,-1.477723941206932068e-02,1.353022158145904541e-01,1.210382357239723206e-01,1.329594254493713379e-01,3.439565300941467285e-01,6.162381768226623535e-01,2.410582900047302246e-01,-1.498368829488754272e-01,-5.935798212885856628e-02,-1.175968796014785767e-01,3.923518210649490356e-02,2.978200912475585938e-01,2.358966618776321411e-01,2.981449365615844727e-01,2.528228759765625000e-01,4.660650193691253662e-01,5.410121083259582520e-01,6.215197443962097168e-01,2.474123984575271606e-01,1.782546937465667725e-02,2.299850136041641235e-01,3.165247738361358643e-01,-8.673153817653656006e-02,-9.036251157522201538e-02,-2.466956526041030884e-01,-1.713613718748092651e-01,1.362812966108322144e-01,1.449186801910400391e-01,4.041529260575771332e-03,2.661668956279754639e-01,3.396961092948913574e-02,1.779564842581748962e-02,-2.301996052265167236e-01,-1.720257848501205444e-01,-1.345182508230209351e-01,-2.405044585466384888e-01,-1.262796521186828613e-01,-2.776229381561279297e-01,-1.649843454360961914e-01,-1.903068125247955322e-01,-4.346862137317657471e-01,-1.738067716360092163e-01,-5.003800392150878906e-01,-1.064011231064796448e-01,-3.123148679733276367e-01,2.730097770690917969e-01,-1.856781393289566040e-01,-1.479014307260513306e-01,7.396324723958969116e-02,3.670516982674598694e-02,-1.934247761964797974e-01,-1.142539381980895996e-01,-1.137986313551664352e-02,-8.492499589920043945e-02,-2.977274917066097260e-02,-1.452365964651107788e-01,-2.724697068333625793e-02,1.263194833882153034e-03,-1.027762517333030701e-01,9.631408751010894775e-02,4.651363939046859741e-03,3.921440243721008301e-01,1.056950092315673828e-01,-7.775253057479858398e-02,-1.751033514738082886e-01,1.358975470066070557e-01,-1.531727463006973267e-01,2.524151206016540527e-01,-3.338676691055297852e-01,2.044539451599121094e-01,-3.071468770503997803e-01,1.428462415933609009e-01,6.231029704213142395e-02,4.175111055374145508e-01,-3.738578855991363525e-01,1.551263034343719482e-01,1.984008401632308960e-01,5.217213630676269531e-01,-2.883689105510711670e-01,2.665595114231109619e-01,-1.886829733848571777e-01,1.225341409444808960e-01,-1.816474795341491699e-01,1.090400069952011108e-01,3.325448632240295410e-01,6.603854894638061523e-02,-1.511105298995971680e-01,3.122641444206237793e-01,2.288873679935932159e-02,3.112974762916564941e-01,-2.653907425701618195e-02,2.265112847089767456e-01,1.644238382577896118e-01,3.548240661621093750e-01,-9.515941888093948364e-02,2.276051342487335205e-01,1.412038207054138184e-01,4.063525199890136719e-01,3.985280543565750122e-02,6.734653562307357788e-02,-1.656942367553710938e-01,3.487143293023109436e-02,3.518392518162727356e-02,-2.372287213802337646e-01,-2.440140396356582642e-01,2.053612619638442993e-01
2.509926855564117432e-01,1.059781014919281006e-02,6.203681826591491699e-01,4.230591356754302979e-01,2.092605233192443848e-01,7.717289775609970093e-02,0.000000000000000000e+00,4.684541225433349609e-01,3.029378950595855713e-01,1.241827309131622314e-01,4.071077406406402588e-01,3.138657212257385254e-01,5.670543313026428223e-01,3.946916759014129639e-01,1.119398176670074463e-01,9.651831537485122681e-02,-1.819224059581756592e-01,-6.054463610053062439e-02,3.520930111408233643e-01,1.981899738311767578e-01,-5.188114196062088013e-02,-4.866102337837219238e-02,5.965287685394287109e-01,3.697513639926910400e-01,2.713506519794464111e-01,1.893705874681472778e-01,3.188634291291236877e-02,2.430778183043003082e-02,-4.689177870750427246e-02,-1.559154689311981201e-02,4.635132849216461182e-01,4.251211583614349365e-01,2.615820802748203278e-02,5.457079783082008362e-02,-1.518256813287734985e-01,-6.337122619152069092e-02,-7.616697251796722412e-02,-2.071390748023986816e-01,-2.127645611763000488e-01,-1.557506620883941650e-01,-1.556719932705163956e-02,-9.108538925647735596e-02,-3.410791158676147461e-01,-2.728732228279113770e-01,-1.837119162082672119e-01,-2.885999083518981934e-01,-2.773419320583343506e-01,-3.185247182846069336e-01,-1.508975625038146973e-01,-2.056255489587783813e-01,-2.679392099380493164e-01,-2.959046363830566406e-01,-1.800377219915390015e-01,-1.744251251220703125e-01,-7.530187070369720459e-02,-1.776781827211380005e-01,-7.134378701448440552e-02,1.930109574459493160e-03,-3.901861608028411865e-02,3.919162973761558533e-02,-1.144051700830459595e-01,-4.299634136259555817e-03,-1.553178280591964722e-01,-1.984061598777770996e-01,-1.772045344114303589e-01,-1.437144428491592407e-01,-7.795469462871551514e-02,-1.426315009593963623e-01,-1.942414417862892151e-02,-5.984977260231971741e-02,2.158370763063430786e-01,1.864832937717437744e-01,5.196193233132362366e-02,1.087547019124031067e-01,1.820649355649948120e-01,1.495723724365234375e-01,1.026158556342124939e-01,-2.348925732076168060e-02,-1.257161647081375122e-01,-8.379340171813964844e-02,-1.794363372027873993e-02,-1.383857429027557373e-01,1.999824866652488708e-02,-8.198956400156021118e-02,-5.001711472868919373e-02,-1.975777149200439453e-01,5.208661779761314392e-02,-3.544520214200019836e-02,-2.140542678534984589e-02,-1.280675828456878662e-01,1.198641359806060791e-01,-1.754770725965499878e-01,1.404915302991867065e-01,-2.715386152267456055e-01,-1.484142541885375977e-01,-1.142624914646148682e-01,-2.921234816312789917e-02,-1.850954741239547729e-01,8.257565647363662720e-02,-1.345763057470321655e-01,2.344702482223510742e-01,-2.206584662199020386e-01,2.025003731250762939e-01,-2.522874064743518829e-02,1.920479089021682739e-01,-9.745886921882629395e-02,1.530158817768096924e-01,-2.465129084885120392e-02,-2.381612174212932587e-02,-9.238453954458236694e-02,-3.346090018749237061e-01,-1.611053198575973511e-01,-1.930223777890205383e-02,-1.613568365573883057e-01,-1.177309900522232056e-01,1.007474213838577271e-01
-1.050282046198844910e-01,1.352869570255279541e-01,4.367525875568389893e-01,6.746429204940795898e-01,1.352456361055374146e-01,1.816623508930206299e-01,4.684541225433349609e-01,0.000000000000000000e+00,1.775805503129959106e-01,2.222842723131179810e-01,2.491065859794616699e-01,5.819795131683349609e-01,3.153995871543884277e-01,5.999507904052734375e-01,6.272905319929122925e-02,2.304258048534393311e-01,7.314947247505187988e-02,1.711999997496604919e-02,3.252606987953186035e-01,3.144321441650390625e-01,-7.531406823545694351e-03,5.212282389402389526e-02,5.800746083259582520e-01,5.530819892883300781e-01,2.080833166837692261e-01,2.377616614103317261e-01,-1.278623100370168686e-02,5.693778395652770996e-02,1.085920408368110657e-01,1.883610039949417114e-01,5.626583099365234375e-01,5.599631667137145996e-01,6.907165050506591797e-02,1.336423158645629883e-01,-1.571450084447860718e-01,-6.897445302456617355e-03,1.655359403230249882e-03,-1.363739222288131714e-01,-6.983510404825210571e-02,3.334596287459135056e-03,1.210566610097885132e-02,6.942115258425474167e-03,-3.172060847282409668e-01,-3.612130284309387207e-01,-3.056863248348236084e-01,-3.821724653244018555e-01,-2.214543372392654419e-01,-2.925378680229187012e-01,-3.251735866069793701e-01,-3.673951029777526855e-01,-4.197809100151062012e-01,-3.171445131301879883e-01,-2.504760622978210449e-01,-7.667477428913116455e-02,-1.205565705895423889e-01,-7.511710375547409058e-02,-3.124174773693084717e-01,-1.779365688562393188e-01,-1.444860249757766724e-01,-2.856285870075225830e-01,-3.280247449874877930e-01,-2.283947169780731201e-01,-2.327684313058853149e-01,-2.871498763561248779e-01,-2.030893266201019287e-01,-2.557975053787231445e-01,-2.509649097919464111e-01,-2.805046737194061279e-01,-1.587809622287750244e-01,9.366251528263092041e-02,2.632986903190612793e-01,3.162215352058410645e-01,3.736323118209838867e-02,2.061239480972290039e-01,3.563644364476203918e-02,1.580801755189895630e-01,-6.475292146205902100e-02,4.049574211239814758e-02,-1.165287792682647705e-01,8.865784108638763428e-02,-1.546516418457031250e-01,-7.267031818628311157e-02,5.748362094163894653e-02,7.427609711885452271e-02,-1.297715604305267334e-01,-1.418429911136627197e-01,6.973956525325775146e-02,1.460477411746978760e-01,-6.163555011153221130e-02,6.994524504989385605e-03,8.737356215715408325e-02,-1.415900327265262604e-02,8.359340578317642212e-02,-9.230042248964309692e-02,-1.145516708493232727e-02,-1.653310656547546387e-02,-9.733504801988601685e-02,4.412113875150680542e-02,-2.395457029342651367e-02,-1.186873298138380051e-02,1.258552819490432739e-01,-6.393566727638244629e-02,2.476552873849868774e-01,1.848147362470626831e-01,3.627827391028404236e-02,3.253288567066192627e-02,1.439540237188339233e-01,1.607084423303604126e-01,-3.332149470224976540e-03,-3.888069465756416321e-02,-3.972448110580444336e-01,-6.214093789458274841e-02,-3.987499698996543884e-02,-9.602940082550048828e-02,-1.629117876291275024e-01,1.374374479055404663e-01
-6.706040352582931519e-02,3.257549181580543518e-02,3.855066001415252686e-01,3.183509111404418945e-01,4.777383506298065186e-01,4.643980562686920166e-01,3.029378950595855713e-01,1.775805503129959106e-01,0.000000000000000000e+00,3.997370898723602295e-01,6.070892885327339172e-02,8.443228900432586670e-02,3.687227666378021240e-01,9.225396811962127686e-02,4.489834904670715332e-01,3.029598295688629150e-01,5.019537173211574554e-03,-6.682256609201431274e-02,3.066525096073746681e-03,4.285649582743644714e-02,9.597773663699626923e-03,2.454616874456405640e-01,3.764546513557434082e-01,4.305528700351715088e-01,5.440418124198913574e-01,5.329375267028808594e-01,3.040618002414703369e-01,3.403457105159759521e-01,1.359653621912002563e-01,2.408466767519712448e-03,3.859731554985046387e-01,3.858630359172821045e-01,-1.209594979882240295e-01,-1.460090279579162598e-01,-1.808367967605590820e-01,-3.358624503016471863e-02,5.920087173581123352e-02,3.558088466525077820e-02,-1.474299728870391846e-01,-9.472054988145828247e-02,-2.603237330913543701e-02,-6.641361862421035767e-03,-2.143801450729370117e-01,-1.456104069948196411e-01,-1.895619928836822510e-01,-2.787277400493621826e-01,-9.083054959774017334e-02,-1.971796452999114990e-01,-2.415580898523330688e-01,-2.798190116882324219e-01,-3.399411737918853760e-01,-2.440281957387924194e-01,-2.402508258819580078e-01,-6.860081106424331665e-02,-1.305004656314849854e-01,6.678900122642517090e-02,-2.223629057407379150e-01,-3.201402351260185242e-02,-8.998278528451919556e-03,5.160509608685970306e-03,-1.894417852163314819e-01,-1.086388081312179565e-01,-1.835075467824935913e-01,-9.397032856941223145e-02,-1.214022785425186157e-01,-2.067133039236068726e-01,-9.063927084207534790e-02,-8.266066759824752808e-02,-1.024355217814445496e-01,8.230885863304138184e-02,1.587793827056884766e-01,2.663086354732513428e-01,1.893466860055923462e-01,5.150594562292098999e-02,1.606724709272384644e-01,1.059911623597145081e-01,6.320565193891525269e-02,1.482422649860382080e-01,-3.072390854358673096e-01,-2.509545534849166870e-02,-1.643841862678527832e-01,-9.198019653558731079e-02,2.179449498653411865e-01,2.558546066284179688e-01,-1.807114034891128540e-01,-1.161977052688598633e-01,2.437416911125183105e-01,2.665229439735412598e-01,-9.764015674591064453e-02,2.533782459795475006e-02,-5.173322279006242752e-03,-5.971485376358032227e-02,2.247290872037410736e-02,-2.186445146799087524e-02,1.091961562633514404e-01,1.125363074243068695e-02,-4.274998605251312256e-02,3.272172436118125916e-02,9.965799748897552490e-02,1.574512571096420288e-01,1.613377928733825684e-01,1.589035987854003906e-02,2.680022418498992920e-01,2.593807876110076904e-01,1.257931143045425415e-01,8.406990021467208862e-02,2.396006733179092407e-01,2.604726552963256836e-01,1.174870803952217102e-01,1.306920945644378662e-01,-2.295383512973785400e-01,2.387709170579910278e-02,-7.426834106445312500e-02,-1.721663028001785278e-01,-2.585103511810302734e-01,6.012851372361183167e-02
-3.082562685012817383e-01,1.793256103992462158e-01,-1.236495152115821838e-01,3.996635973453521729e-01,3.939825296401977539e-01,7.057340145111083984e-01,1.241827309131622314e-01,2.222842723131179810e-01,3.997370898723602295e-01,0.000000000000000000e+00,1.183542609214782715e-01,2.489861100912094116e-01,2.776407897472381592e-01,2.093943953514099121e-01,1.026088967919349670e-01,6.954219937324523926e-01,2.723670899868011475e-01,-3.103404641151428223e-01,5.999188870191574097e-02,-2.779781818389892578e-01,-4.975455626845359802e-02,1.623146235942840576e-01,3.390428125858306885e-01,2.566914260387420654e-01,2.269585877656936646e-01,5.132210254669189453e-01,3.680463433265686035e-01,5.044665932655334473e-01,3.447813391685485840e-01,-1.797045767307281494e-01,2.506572306156158447e-01,3.316710591316223145e-01,-8.337202668190002441e-02,-1.540401875972747803e-01,-2.890502512454986572e-01,-2.601724863052368164e-01,1.736678928136825562e-01,1.209271028637886047e-01,-9.068606793880462646e-02,1.872360557317733765e-01,-2.847593277692794800e-02,-9.319420903921127319e-02,-1.236697435379028320e-01,-2.127233743667602539e-01,-1.589413881301879883e-01,-1.989637166261672974e-01,-2.497141361236572266e-01,-3.383538126945495605e-01,-1.899812072515487671e-01,-9.527742117643356323e-02,-4.681558907032012939e-01,4.307845607399940491e-02,-6.474728584289550781e-01,1.210477501153945923e-01,-5.651638507843017578e-01,4.099015593528747559e-01,-3.601190745830535889e-01,-9.105639904737472534e-02,-1.479625254869461060e-01,-6.504180282354354858e-02,-3.804729580879211426e-01,5.221879482269287109e-02,-8.859119564294815063e-02,5.131706967949867249e-02,-5.489294230937957764e-02,2.981540188193321228e-02,-1.986082941293716431e-01,-1.069801151752471924e-01,-2.853248119354248047e-01,-1.157345832325518131e-03,-1.776849031448364258e-01,5.204745531082153320e-01,2.139945328235626221e-01,-2.733131349086761475e-01,-2.510009109973907471e-01,2.185966819524765015e-02,-2.469460666179656982e-01,3.020196259021759033e-01,-4.556246995925903320e-01,3.461318016052246094e-01,-4.823219776153564453e-01,3.452834486961364746e-01,-1.600113213062286377e-01,4.041981399059295654e-01,-5.820567607879638672e-01,4.162943065166473389e-01,-9.692512452602386475e-02,4.513158798217773438e-01,-5.381419062614440918e-01,5.093970894813537598e-01,-3.955904543399810791e-01,3.590791225433349609e-01,-3.754476308822631836e-01,3.100727796554565430e-01,2.919453680515289307e-01,-1.222497448325157166e-01,-4.487839341163635254e-01,3.696877956390380859e-01,-1.694977581501007080e-01,2.555878758430480957e-01,-2.624014019966125488e-01,4.303997457027435303e-01,-8.987662382423877716e-03,3.318710029125213623e-01,-2.864938378334045410e-01,4.653401374816894531e-01,-6.040340289473533630e-02,5.242300629615783691e-01,1.941061578691005707e-02,2.463756129145622253e-02,-1.388371586799621582e-01,-5.220584943890571594e-02,-1.296645700931549072e-01,-2.898789346218109131e-01,-1.301947087049484253e-01,2.130948454141616821e-01
2.814458012580871582e-01,1.521073877811431885e-01,2.061020284891128540e-01,9.361021220684051514e-02,1.027941852807998657e-01,-1.477723941206932068e-02,4.071077406406402588e-01,2.491065859794616699e-01,6.070892885327339172e-02,1.183542609214782715e-01,0.000000000000000000e+00,3.120142221450805664e-01,4.965436458587646484e-01,3.395151197910308838e-01,8.311865478754043579e-02,1.841670870780944824e-01,2.159612178802490234e-01,1.872748136520385742e-02,1.562968492507934570e-01,9.220899641513824463e-02,-9.907629340887069702e-03,-1.326250731945037842e-01,2.524826824665069580e-01,9.769932180643081665e-02,9.604682028293609619e-02,9.010576456785202026e-02,-1.627908647060394287e-02,4.235127940773963928e-02,8.219943940639495850e-02,-5.066791549324989319e-02,2.220270186662673950e-01,2.264449298381805420e-01,9.239322505891323090e-03,1.253822892904281616e-01,-5.105949938297271729e-02,-2.892274595797061920e-02,1.648734360933303833e-01,-1.335957795381546021e-01,-2.258681654930114746e-01,-1.375087350606918335e-01,1.080676075071096420e-02,-2.104785889387130737e-01,-2.260595411062240601e-01,-2.255261540412902832e-01,-2.143155932426452637e-01,-2.429671734571456909e-01,-2.912230491638183594e-01,-3.825500309467315674e-01,-1.903569251298904419e-01,-2.061977982521057129e-01,-1.025886535644531250e-01,-2.121849209070205688e-01,-1.530506312847137451e-01,-1.603819280862808228e-01,-2.169346213340759277e-01,-2.514414191246032715e-01,9.037245064973831177e-02,-7.065787166357040405e-02,-1.463204324245452881e-01,-1.853445321321487427e-01,-6.071870028972625732e-02,-1.053022742271423340e-01,2.969862520694732666e-01,-5.282273516058921814e-02,1.210428848862648010e-01,-5.826932191848754883e-02,-2.005150467157363892e-01,-2.610884606838226318e-01,-3.200017381459474564e-03,-6.831882894039154053e-02,7.587063312530517578e-02,1.109329760074615479e-01,2.133636027574539185e-01,4.328238964080810547e-02,1.725917458534240723e-01,1.501613557338714600e-01,1.259791105985641479e-01,1.468659341335296631e-01,1.268516629934310913e-01,8.083891123533248901e-02,1.259118169546127319e-01,7.866799086332321167e-02,-5.389606580138206482e-02,-7.922747731208801270e-02,-8.198853582143783569e-03,-8.268053829669952393e-02,-4.439787566661834717e-02,1.859425008296966553e-02,-1.103100255131721497e-01,-5.881235003471374512e-02,1.787705160677433014e-02,-9.083568304777145386e-02,-2.906530536711215973e-02,-1.428839266300201416e-01,-8.479113131761550903e-02,-3.412241339683532715e-01,-1.615082919597625732e-01,-1.946389228105545044e-01,3.106852993369102478e-02,-1.102707907557487488e-01,6.079730764031410217e-02,-1.227391287684440613e-01,5.424774438142776489e-02,-3.412597253918647766e-02,1.619474962353706360e-02,9.342462569475173950e-02,-1.668029651045799255e-02,-8.697383105754852295e-02,-1.852715909481048584e-01,3.808882459998130798e-02,-2.336581498384475708e-01,-1.523872315883636475e-01,-2.160534821450710297e-02,-2.045825570821762085e-01,-8.934395760297775269e-02,3.248282521963119507e-02
-1.941138654947280884e-01,1.223388612270355225e-01,2.181649059057235718e-01,4.555888175964355469e-01,-1.544911880046129227e-02,1.353022158145904541e-01,3.138657212257385254e-01,5.819795131683349609e-01,8.443228900432586670e-02,2.489861100912094116e-01,3.120142221450805664e-01,0.000000000000000000e+00,4.047580063343048096e-01,7.609815001487731934e-01,-6.249060854315757751e-02,2.537719607353210449e-01,2.726600170135498047e-01,9.397047758102416992e-02,3.178152441978454590e-01,1.491337865591049194e-01,8.094001561403274536e-02,-2.193940244615077972e-02,3.348137438297271729e-01,2.546682357788085938e-01,2.380354553461074829e-01,2.643603980541229248e-01,-9.056700766086578369e-02,8.727523684501647949e-02,1.618867069482803345e-01,1.496311128139495850e-01,5.361744165420532227e-01,5.414355397224426270e-01,1.553784310817718506e-01,1.948415637016296387e-01,-2.301855534315109253e-01,-1.098159998655319214e-01,7.734075188636779785e-02,-4.774219915270805359e-02,-2.752724289894104004e-02,1.188757345080375671e-01,1.381578594446182251e-01,6.631913036108016968e-02,-2.955556809902191162e-01,-4.374292194843292236e-01,-4.204510450363159180e-01,-4.031072556972503662e-01,-3.179181814193725586e-01,-3.527956902980804443e-01,-4.100495278835296631e-01,-3.349586427211761475e-01,-4.153264760971069336e-01,-1.947452276945114136e-01,-2.879407703876495361e-01,7.523154467344284058e-02,-1.443959474563598633e-01,-2.123906649649143219e-02,-4.016050100326538086e-01,-7.735924422740936279e-02,-2.884620428085327148e-01,-3.317534625530242920e-01,-4.074470996856689453e-01,-2.342143841087818146e-02,-2.064160406589508057e-01,-1.601733416318893433e-01,-2.895995676517486572e-01,-1.050544008612632751e-01,-3.860019743442535400e-01,-4.073905348777770996e-01,-2.806080281734466553e-01,1.947263814508914948e-02,1.877664774656295776e-01,4.433908164501190186e-01,1.492937058210372925e-01,2.443782091140747070e-01,-6.360732018947601318e-02,2.768384516239166260e-01,-1.152879297733306885e-01,1.368768364191055298e-01,-1.270742863416671753e-01,3.404827415943145752e-01,-1.197488307952880859e-01,1.634084284305572510e-01,-2.294206060469150543e-02,-1.937707513570785522e-02,-1.360884010791778564e-01,5.921629257500171661e-03,-6.702179461717605591e-02,7.060551643371582031e-02,-6.928488612174987793e-02,1.453199237585067749e-01,5.564350169152021408e-03,4.440950602293014526e-02,-1.403097342699766159e-02,-5.731875449419021606e-02,8.657589554786682129e-02,-1.721062511205673218e-01,-1.892239749431610107e-01,1.556033967062830925e-03,-1.712623685598373413e-01,-1.313491761684417725e-01,-2.936411648988723755e-02,1.027440559118986130e-02,1.641835570335388184e-01,2.681528031826019287e-01,-4.129855334758758545e-02,1.451551467180252075e-01,3.418081253767013550e-02,8.526717871427536011e-02,-2.508068978786468506e-01,-1.959944963455200195e-01,-3.467835187911987305e-01,-1.353284418582916260e-01,-1.533584892749786377e-01,-2.456888407468795776e-01,-2.574112117290496826e-01,-1.841073483228683472e-02
-1.194273680448532104e-01,-1.147136464715003967e-01,3.125213980674743652e-01,3.515974283218383789e-01,1.071538850665092468e-01,1.210382357239723206e-01,5.670543313026428223e-01,3.153995871543884277e-01,3.687227666378021240e-01,2.776407897472381592e-01,4.965436458587646484e-01,4.047580063343048096e-01,0.000000000000000000e+00,4.362393915653228760e-01,-4.786937031894922256e-03,2.220022231340408325e-01,2.146282941102981567e-01,-2.435816675424575806e-01,2.047916799783706665e-01,-1.266831755638122559e-01,5.069482699036598206e-02,-1.337642222642898560e-02,5.263820290565490723e-01,3.307412862777709961e-01,3.974950313568115234e-01,3.873918652534484863e-01,-7.836055755615234375e-02,6.318140029907226562e-02,3.015942275524139404e-01,-1.826178878545761108e-01,5.642135143280029297e-01,4.914739727973937988e-01,-1.890813559293746948e-02,-7.847417145967483521e-02,-2.392999082803726196e-01,-2.181988656520843506e-01,9.084701538085937500e-02,-1.186633035540580750e-01,-9.974163770675659180e-02,-7.371780276298522949e-02,1.178532838821411133e-01,-5.384474247694015503e-02,-2.459847629070281982e-01,-3.896697759628295898e-01,-3.048056364059448242e-01,-3.079795241355895996e-01,-3.469394743442535400e-01,-3.866492807865142822e-01,-2.861683070659637451e-01,-1.975717395544052124e-01,-3.137239217758178711e-01,-4.667951539158821106e-02,-3.677791655063629150e-01,1.577017754316329956e-01,-3.320685923099517822e-01,6.584721803665161133e-02,-2.873041629791259766e-01,-1.821548342704772949e-01,-2.375978082418441772e-01,-1.780731081962585449e-01,-2.821041047573089600e-01,-3.438884764909744263e-02,-1.362020224332809448e-01,-1.998632997274398804e-01,-1.310773342847824097e-01,-3.625940158963203430e-02,-2.843242585659027100e-01,-3.004515767097473145e-01,-3.787590563297271729e-01,-1.323024928569793701e-01,1.239611506462097168e-01,4.147994220256805420e-01,4.032570719718933105e-01,-1.308047864586114883e-02,8.580659329891204834e-02,1.788065582513809204e-01,-5.906192213296890259e-02,1.244944408535957336e-01,-1.760961860418319702e-01,1.410327553749084473e-01,-8.387757837772369385e-02,5.668478831648826599e-02,-6.830179691314697266e-02,1.369924284517765045e-02,-2.461652457714080811e-01,1.015306562185287476e-01,-2.046763151884078979e-01,-1.064469572156667709e-02,-2.568795084953308105e-01,2.155449390411376953e-01,-1.665256321430206299e-01,1.441182792186737061e-01,-1.899706125259399414e-01,3.950669616460800171e-02,2.583641186356544495e-02,-2.328543365001678467e-01,-3.206197023391723633e-01,-2.109524235129356384e-02,-2.204243838787078857e-01,-1.147754639387130737e-01,-1.429978013038635254e-01,8.509098738431930542e-02,1.179312262684106827e-02,1.263827532529830933e-01,-1.232459545135498047e-01,2.212468683719635010e-01,-4.408051073551177979e-02,1.456298679113388062e-01,-1.015855967998504639e-01,-1.163690388202667236e-01,-3.390725255012512207e-01,-2.461850345134735107e-01,-2.898178696632385254e-01,-3.559437096118927002e-01,-2.051135450601577759e-01,-4.133380204439163208e-02
