0.000000000000000000e+00,6.363728046417236328e-01,4.783872365951538086e-01,4.039611816406250000e-01,-2.621773481369018555e-01,-3.623595833778381348e-01,4.926323890686035156e-01,3.447907567024230957e-01,-1.075474894605576992e-03,-3.724606335163116455e-01,3.713705837726593018e-01,1.927412450313568115e-01,2.109993249177932739e-01,-5.884450301527976990e-02,-1.577553749084472656e-01,-1.184659264981746674e-02,1.573315709829330444e-01,1.775241047143936157e-01,6.945766806602478027e-01,6.915960311889648438e-01,-2.668735980987548828e-01,-1.421435177326202393e-01,3.607335686683654785e-01,1.992277652025222778e-01,-1.761735826730728149e-01,-1.628107875585556030e-01,6.479374319314956665e-02,-5.766992643475532532e-02,2.265859022736549377e-02,3.292969241738319397e-02,7.749855518341064453e-02,7.291864603757858276e-02,3.277719020843505859e-01,4.388808608055114746e-01,3.516221418976783752e-02,-1.458258088678121567e-02,-1.205538287758827209e-01,-2.976897954940795898e-01,-3.189689517021179199e-01,-3.144257366657257080e-01,-2.885514795780181885e-01,-2.780094146728515625e-01,-2.587617635726928711e-01,-2.079914212226867676e-01,1.764481305144727230e-03,8.447193354368209839e-02,-4.168182313442230225e-01,-2.641353905200958252e-01,-2.762919068336486816e-01,-3.070881962776184082e-02,-1.927387714385986328e-01,-1.052376031875610352e-01,-1.019419357180595398e-02,-3.219426870346069336e-01,2.394972555339336395e-02,-4.106912314891815186e-01,7.195290923118591309e-01,6.317870616912841797e-01,6.428827047348022461e-01,4.299948811531066895e-01,6.446160674095153809e-01,4.519610106945037842e-01,2.975877821445465088e-01,3.807069659233093262e-01,-6.729891151189804077e-02,-8.259797096252441406e-02,2.519950270652770996e-01,4.977145045995712280e-02,6.200457215309143066e-01,4.892419874668121338e-01,9.158360771834850311e-03,7.372693717479705811e-02,-1.776377484202384949e-02,-1.528317630290985107e-01,2.457892298698425293e-01,-7.670602202415466309e-02,-1.075304523110389709e-01,-9.238667041063308716e-02,-9.300536662340164185e-02,-1.068163365125656128e-01,-3.829185664653778076e-01,-1.482369303703308105e-01,-2.650665640830993652e-01,-1.495700031518936157e-01,-5.178439617156982422e-01,-4.177958071231842041e-01,-8.562407642602920532e-02,-3.282639682292938232e-01,-1.326058059930801392e-01,-3.306953310966491699e-01,-2.821611464023590088e-01,-2.084534019231796265e-01,-2.763906717300415039e-01,-1.501723676919937134e-01,-1.910897344350814819e-01,-2.069946564733982086e-02,-1.915055215358734131e-01,3.482113406062126160e-02,-3.094135522842407227e-01,-2.271518707275390625e-01,-2.203367799520492554e-01,-2.060622423887252808e-01,-1.430473625659942627e-01,-2.264305055141448975e-01,-8.616575598716735840e-02,-3.474351763725280762e-02,-3.271298483014106750e-02,-2.197617739439010620e-01,-2.195965731516480446e-03,-1.543636471033096313e-01,-3.306324183940887451e-01,-3.422675728797912598e-01,-1.533152461051940918e-01,-1.404921412467956543e-01,-3.551097214221954346e-02,5.832161754369735718e-02
6.363728046417236328e-01,0.000000000000000000e+00,3.532663583755493164e-01,3.759503364562988281e-01,-2.149811834096908569e-01,-1.612897664308547974e-01,3.293627798557281494e-01,4.626920819282531738e-01,-7.274948805570602417e-02,-2.633725404739379883e-01,3.180894255638122559e-01,3.339432775974273682e-01,1.153856888413429260e-01,5.555653944611549377e-02,-2.551506459712982178e-01,-5.030510947108268738e-02,1.321601122617721558e-01,2.580353915691375732e-01,6.142299771308898926e-01,7.226949334144592285e-01,-9.601174294948577881e-02,-2.057676762342453003e-02,1.374211013317108154e-01,2.977618016302585602e-02,-2.112166434526443481e-01,-6.624136120080947876e-02,1.871779747307300568e-02,-1.933943293988704681e-02,1.792595535516738892e-01,2.190811187028884888e-01,-4.843075573444366455e-02,8.340811729431152344e-02,8.057369291782379150e-02,3.564827144145965576e-01,-1.948881745338439941e-01,-1.600098013877868652e-01,-6.973171979188919067e-02,-2.542342245578765869e-01,-1.751132905483245850e-01,-1.542723476886749268e-01,-1.390478909015655518e-01,-2.346515059471130371e-01,-2.939192652702331543e-01,-2.184995412826538086e-01,-1.976567059755325317e-01,-1.418421417474746704e-02,-3.346322774887084961e-01,-1.697183400392532349e-01,-2.686525285243988037e-01,-1.181191802024841309e-01,-2.840510010719299316e-01,-1.475504785776138306e-01,3.024313598871231079e-02,-2.325294762849807739e-01,6.897475570440292358e-03,-3.560335934162139893e-01,6.859305500984191895e-01,7.157419919967651367e-01,5.356806516647338867e-01,4.913922548294067383e-01,4.484486579895019531e-01,4.357958436012268066e-01,3.236199021339416504e-01,5.624231100082397461e-01,-3.828496932983398438e-01,-2.416044771671295166e-01,4.809483652934432030e-05,-1.136559918522834778e-01,6.760451793670654297e-01,5.341656208038330078e-01,-1.184728182852268219e-02,1.606252193450927734e-01,9.062527120113372803e-02,-8.457156270742416382e-02,2.559823691844940186e-01,-1.182760298252105713e-01,-1.408000588417053223e-01,-9.420485794544219971e-02,-4.088673740625381470e-02,1.606546342372894287e-02,-2.661218643188476562e-01,3.358221426606178284e-02,-3.928864374756813049e-02,7.547690719366073608e-02,-4.983505308628082275e-01,-2.618666589260101318e-01,-1.540299952030181885e-01,-3.489269912242889404e-01,-6.375870108604431152e-02,-1.798875778913497925e-01,-2.487812191247940063e-01,-3.440333008766174316e-01,-2.219892144203186035e-01,-2.607884407043457031e-01,-3.113345801830291748e-02,7.525888085365295410e-02,-2.406479716300964355e-01,-1.920184679329395294e-02,-2.296332865953445435e-01,-2.755298316478729248e-01,-1.913719624280929565e-01,-1.794571280479431152e-01,-1.552299112081527710e-01,-2.083954811096191406e-01,-2.608254849910736084e-01,-2.514085769653320312e-01,-1.046876460313796997e-01,-1.388224363327026367e-01,1.041346713900566101e-01,-1.805911511182785034e-01,-3.111733198165893555e-01,-3.514267206192016602e-01,-1.816605776548385620e-01,-2.398020476102828979e-01,-1.288831382989883423e-01,-4.460012540221214294e-02
4.783872365951538086e-01,3.532663583755493164e-01,0.000000000000000000e+00,6.432770490646362305e-01,-8.575581759214401245e-02,-1.712535321712493896e-02,7.476817369461059570e-01,5.334464311599731445e-01,-2.383336126804351807e-01,-7.094735046848654747e-04,2.434630692005157471e-01,1.856204271316528320e-01,3.895286917686462402e-01,2.720158696174621582e-01,-1.769202947616577148e-01,-4.556625708937644958e-02,-7.189164310693740845e-02,2.279226854443550110e-02,5.582843422889709473e-01,3.863362073898315430e-01,1.384357456117868423e-02,2.620585076510906219e-02,5.750142335891723633e-01,4.846484363079071045e-01,1.216834411025047302e-01,1.821216195821762085e-01,-2.110393531620502472e-02,-1.918637380003929138e-02,-6.203741952776908875e-02,4.074322991073131561e-03,2.688188254833221436e-01,3.084414303302764893e-01,3.016580343246459961e-01,2.267736345529556274e-01,-1.129288524389266968e-01,-1.238148733973503113e-01,-1.620631068944931030e-01,-1.983252912759780884e-01,-6.449123471975326538e-02,-8.362389355897903442e-02,-5.592069029808044434e-02,-2.248091250658035278e-01,-1.796818375587463379e-01,-2.448019385337829590e-01,-2.042278498411178589e-01,-1.538483798503875732e-01,-2.281576395034790039e-01,-2.082856893539428711e-01,-3.015410304069519043e-01,-3.577185869216918945e-01,-2.555778622627258301e-01,-3.914166092872619629e-01,-1.340444386005401611e-01,-1.102688387036323547e-01,-1.606606841087341309e-01,-2.062143981456756592e-01,4.546576142311096191e-01,3.501000106334686279e-01,3.809309899806976318e-01,1.112011000514030457e-01,2.843433916568756104e-01,9.255551546812057495e-02,-6.302566267549991608e-03,5.856653302907943726e-02,-2.135523036122322083e-02,-1.919389814138412476e-01,1.537096798419952393e-01,-5.570523813366889954e-02,4.323900640010833740e-01,4.222406446933746338e-01,-4.848775267601013184e-02,-5.091215483844280243e-03,-1.125269606709480286e-01,-1.682734638452529907e-01,1.449699550867080688e-01,-1.268784999847412109e-01,-1.910391151905059814e-01,-3.966927155852317810e-02,-9.716255590319633484e-03,-6.016994267702102661e-02,-2.743027508258819580e-01,-5.514398589730262756e-02,-1.058894619345664978e-01,2.636237069964408875e-02,-3.523901402950286865e-01,-2.301502525806427002e-01,-1.775077879428863525e-01,-1.117102280259132385e-01,-1.200491860508918762e-01,-1.503192260861396790e-02,-2.231600582599639893e-01,-3.200468793511390686e-02,-2.644171416759490967e-01,-1.340038701891899109e-02,-1.683782488107681274e-01,-1.829893589019775391e-01,-3.749106228351593018e-01,-1.861882954835891724e-01,-4.034029543399810791e-01,-2.767353653907775879e-01,-2.662502527236938477e-01,1.205345336347818375e-02,-3.033736348152160645e-01,-1.821035444736480713e-01,-2.299343943595886230e-01,-1.242886930704116821e-01,-1.619763821363449097e-01,-2.883882820606231689e-01,-3.754242137074470520e-02,-2.880819439888000488e-01,-3.996902406215667725e-01,-3.849829435348510742e-01,-1.776272654533386230e-01,-3.079357147216796875e-01,-1.117268651723861694e-01,-4.655582457780838013e-02
4.039611816406250000e-01,3.759503364562988281e-01,6.432770490646362305e-01,0.000000000000000000e+00,-1.076423227787017822e-01,1.232361719012260437e-01,6.436071395874023438e-01,7.138414978981018066e-01,-3.044681847095489502e-01,2.084935754537582397e-01,1.652280092239379883e-01,2.532468736171722412e-01,3.091627359390258789e-01,4.271568655967712402e-01,-2.888031005859375000e-01,-2.400282956659793854e-02,-1.194062903523445129e-01,2.696046419441699982e-02,5.816001296043395996e-01,4.319045841693878174e-01,-8.649773895740509033e-02,-1.349876523017883301e-01,5.810663104057312012e-01,4.749051630496978760e-01,1.613971292972564697e-01,3.103228509426116943e-01,-8.990200608968734741e-02,-5.767963454127311707e-02,-1.617312058806419373e-02,1.893891749205067754e-04,2.346029579639434814e-01,3.118112683296203613e-01,2.744079828262329102e-01,3.227189183235168457e-01,-2.270695567131042480e-02,1.819071918725967407e-02,-2.895658612251281738e-01,-3.249991536140441895e-01,-1.112910807132720947e-01,-9.858696907758712769e-02,-1.148334145545959473e-01,-3.002093732357025146e-01,-2.268625348806381226e-01,-2.387139201164245605e-01,-2.138090431690216064e-01,-9.273423254489898682e-02,-1.749045848846435547e-01,-1.652814298868179321e-01,-3.489757180213928223e-01,-3.404914438724517822e-01,-3.377144634723663330e-01,-3.169356584548950195e-01,-1.404798924922943115e-01,1.199996173381805420e-01,-3.197830915451049805e-01,-4.348124936223030090e-02,3.530225455760955811e-01,3.766511678695678711e-01,2.763701379299163818e-01,2.084725070744752884e-03,2.186058461666107178e-01,2.112153470516204834e-01,-1.437419354915618896e-01,8.013109117746353149e-02,-2.142998725175857544e-01,-1.692777574062347412e-01,5.529358237981796265e-02,-4.804114252328872681e-02,4.029170870780944824e-01,4.197995662689208984e-01,-5.857487767934799194e-02,8.853416144847869873e-02,-1.001334637403488159e-01,-2.150414586067199707e-01,1.464160718023777008e-02,-1.329270899295806885e-01,-2.293031960725784302e-01,-1.795799285173416138e-01,-1.163342967629432678e-01,1.563446521759033203e-01,-3.112677633762359619e-01,1.511023193597793579e-01,-1.186732128262519836e-01,-6.573652476072311401e-02,-4.369978308677673340e-01,-5.416028946638107300e-02,-3.841547071933746338e-01,-1.081749126315116882e-01,-1.794643253087997437e-01,1.458640247583389282e-01,-1.843400746583938599e-01,-1.610047817230224609e-01,-1.750114411115646362e-01,4.923931881785392761e-02,-1.546771079301834106e-01,-4.251434653997421265e-02,-2.847264707088470459e-01,-1.513202190399169922e-01,-4.040648043155670166e-01,-3.541989922523498535e-01,-2.784550786018371582e-01,3.340459242463111877e-02,-4.689702093601226807e-01,-2.780352234840393066e-01,-2.480824440717697144e-01,-7.607787847518920898e-02,-3.563774824142456055e-01,-2.217465937137603760e-01,7.179780304431915283e-02,-1.496286541223526001e-01,-4.194308817386627197e-01,-3.856092393398284912e-01,-2.412042617797851562e-01,-1.410223990678787231e-01,9.689493477344512939e-02,-5.878021195530891418e-02
-2.621773481369018555e-01,-2.149811834096908569e-01,-8.575581759214401245e-02,-1.076423227787017822e-01,0.000000000000000000e+00,4.257521927356719971e-01,-8.470527827739715576e-02,-1.035193204879760742e-01,9.323453158140182495e-02,3.331363797187805176e-01,-1.324188709259033203e-01,7.931125909090042114e-02,-2.761392854154109955e-02,1.192714497447013855e-01,2.951180636882781982e-01,1.341494768857955933e-01,-4.464746266603469849e-02,-2.866229601204395294e-02,-2.378604859113693237e-01,-2.562024295330047607e-01,2.623496651649475098e-01,1.695084869861602783e-01,3.147205337882041931e-02,1.229544952511787415e-01,3.740980327129364014e-01,3.691414892673492432e-01,2.135670483112335205e-01,2.241207659244537354e-01,4.825433716177940369e-02,3.517403826117515564e-02,1.601632833480834961e-01,1.432901024818420410e-01,-1.279654540121555328e-02,-1.895350366830825806e-01,-3.307424485683441162e-02,-1.004185080528259277e-01,1.022840067744255066e-01,2.077410072088241577e-01,7.290583103895187378e-02,1.102966442704200745e-01,8.965605497360229492e-02,2.974470257759094238e-01,8.730100840330123901e-02,-8.171931654214859009e-02,-1.608241945505142212e-01,-1.086568683385848999e-01,-3.140227869153022766e-02,-2.959122322499752045e-02,-4.810714721679687500e-02,-1.745567470788955688e-01,-5.196805112063884735e-03,-1.214344128966331482e-01,-1.798715442419052124e-02,1.457493845373392105e-02,7.865731418132781982e-02,7.029718905687332153e-02,-2.177043855190277100e-01,-2.534317672252655029e-01,-2.887571752071380615e-01,-1.987165957689285278e-01,-2.717005312442779541e-01,-2.616878151893615723e-01,-2.230123132467269897e-01,-1.557776927947998047e-01,6.350964307785034180e-03,-6.774964183568954468e-02,-1.249004229903221130e-01,-7.376713305711746216e-02,-2.458133548498153687e-01,-1.560483574867248535e-01,1.821802407503128052e-01,1.085381582379341125e-01,3.412007912993431091e-02,7.467844337224960327e-02,3.019662573933601379e-02,-8.964240550994873047e-03,9.124588966369628906e-02,1.365873664617538452e-01,1.773563027381896973e-01,5.042032152414321899e-02,2.609767019748687744e-01,1.895307563245296478e-02,2.388590015470981598e-02,1.517646908760070801e-01,2.666931748390197754e-01,1.018887758255004883e-01,1.552630215883255005e-01,1.746961474418640137e-01,2.024490833282470703e-01,1.953004449605941772e-01,-2.042385488748550415e-01,-3.670650348067283630e-02,-1.729751378297805786e-01,-1.115306466817855835e-01,1.518203020095825195e-01,-8.865839987993240356e-02,2.745062299072742462e-02,-4.300372302532196045e-02,-2.089479565620422363e-02,-2.008020319044589996e-02,-1.991402730345726013e-02,3.299922496080398560e-02,2.929448336362838745e-02,3.903155028820037842e-02,5.670618638396263123e-02,5.198888480663299561e-02,1.367761343717575073e-01,5.656711012125015259e-02,-7.634235173463821411e-02,4.356114938855171204e-02,-1.243313588201999664e-02,-3.906553983688354492e-02,-5.708910897374153137e-02,-1.253826171159744263e-01,-2.075125575065612793e-01,6.802281737327575684e-02
-3.623595833778381348e-01,-1.612897664308547974e-01,-1.712535321712493896e-02,1.232361719012260437e-01,4.257521927356719971e-01,0.000000000000000000e+00,2.831957116723060608e-02,1.672990322113037109e-01,-1.694173924624919891e-02,5.675624608993530273e-01,-1.162013486027717590e-01,2.517447173595428467e-01,2.983458526432514191e-02,3.429228365421295166e-01,3.138459101319313049e-02,1.073402613401412964e-01,-1.335416734218597412e-01,3.189827501773834229e-02,-1.955349892377853394e-01,-2.901197075843811035e-01,2.051842361688613892e-01,6.449840217828750610e-02,6.313141435384750366e-02,1.735159754753112793e-01,3.893466591835021973e-01,3.728729188442230225e-01,2.566360831260681152e-01,2.512266039848327637e-01,1.675346866250038147e-02,7.834379374980926514e-02,1.983487904071807861e-01,2.487587928771972656e-01,-9.708855301141738892e-02,-2.088767141103744507e-01,-2.372404038906097412e-01,-2.570413351058959961e-01,-1.421654075384140015e-01,8.871105499565601349e-03,2.027942389249801636e-01,1.157309934496879578e-01,1.225785315036773682e-01,1.215060874819755554e-01,-3.892561420798301697e-02,-1.639284342527389526e-01,-2.193351387977600098e-01,-2.251931428909301758e-01,1.154545396566390991e-01,-2.199445478618144989e-02,3.722849860787391663e-02,-2.036724686622619629e-01,-7.029689848423004150e-02,-8.939471840858459473e-02,-1.620517671108245850e-01,2.387906610965728760e-01,-2.135760635137557983e-01,3.041349947452545166e-01,-2.717860043048858643e-01,-2.522488832473754883e-01,-3.135297298431396484e-01,-2.061615884304046631e-01,-3.596713542938232422e-01,-1.825777590274810791e-01,-1.597973257303237915e-01,-6.044349074363708496e-02,-1.832222640514373779e-01,-1.080226600170135498e-01,-3.005751371383666992e-01,-1.301027238368988037e-01,-2.540262341499328613e-01,-5.838377773761749268e-02,6.267000734806060791e-02,1.945942267775535583e-02,1.436968985944986343e-02,1.118621323257684708e-02,-1.623819321393966675e-01,-9.165111929178237915e-02,-9.011538326740264893e-02,2.123657241463661194e-02,2.594515867531299591e-02,2.343260198831558228e-01,2.709120512008666992e-01,1.831589490175247192e-01,1.192473154515028000e-02,7.365345209836959839e-02,1.495000869035720825e-01,3.877421021461486816e-01,-1.753741353750228882e-01,2.684515714645385742e-01,7.242617756128311157e-02,3.844346106052398682e-01,-8.872299641370773315e-02,-1.431260704994201660e-01,-1.523537747561931610e-02,-2.873141504824161530e-02,-6.017876323312520981e-03,-1.456391513347625732e-01,-2.519716322422027588e-02,-1.527564674615859985e-01,-5.555055662989616394e-02,-9.266583621501922607e-02,3.966733440756797791e-02,2.281821966171264648e-01,-1.655853390693664551e-01,8.933148533105850220e-02,-5.979493632912635803e-02,-4.239042848348617554e-02,-6.470675766468048096e-02,1.785089075565338135e-01,-1.117958873510360718e-01,4.776117950677871704e-02,-6.874109059572219849e-02,-9.779094159603118896e-02,-1.931477487087249756e-01,-1.767115145921707153e-01,-2.144131064414978027e-01,-3.361495584249496460e-02
4.926323890686035156e-01,3.293627798557281494e-01,7.476817369461059570e-01,6.436071395874023438e-01,-8.470527827739715576e-02,2.831957116723060608e-02,0.000000000000000000e+00,5.309274792671203613e-01,-1.747817248106002808e-01,7.438407093286514282e-02,2.881375551223754883e-01,2.096412628889083862e-01,4.436144828796386719e-01,2.992363572120666504e-01,-1.268808245658874512e-01,4.227654635906219482e-02,-9.270393848419189453e-02,4.599153250455856323e-02,5.539369583129882812e-01,3.585864305496215820e-01,-8.661165833473205566e-02,-1.069345772266387939e-01,6.073951125144958496e-01,4.660415053367614746e-01,1.083756908774375916e-01,1.298028975725173950e-01,-8.548926562070846558e-03,-3.652478009462356567e-02,-5.071730911731719971e-02,-8.465802669525146484e-02,3.291501700878143311e-01,3.645246624946594238e-01,4.316103160381317139e-01,2.967271208763122559e-01,-2.816851809620857239e-02,-1.201435774564743042e-01,-2.935335636138916016e-01,-3.195947408676147461e-01,-1.067882105708122253e-01,-1.452898383140563965e-01,-1.569140255451202393e-01,-2.570745944976806641e-01,-2.262045145034790039e-01,-3.282675147056579590e-01,-1.423576027154922485e-01,-1.193005144596099854e-01,-2.566931247711181641e-01,-2.629384100437164307e-01,-3.019567430019378662e-01,-3.069784641265869141e-01,-2.953793406486511230e-01,-3.631268143653869629e-01,-2.180659323930740356e-01,-8.419385552406311035e-02,-2.419891953468322754e-01,-1.526324898004531860e-01,4.362159967422485352e-01,3.454288244247436523e-01,3.862254023551940918e-01,8.906234055757522583e-02,4.117480218410491943e-01,1.994486749172210693e-01,3.570200130343437195e-02,9.872929006814956665e-02,4.583202302455902100e-02,-1.410039514303207397e-01,2.080329507589340210e-01,-2.989283576607704163e-02,4.151402711868286133e-01,3.730224370956420898e-01,2.328273095190525055e-02,1.272946689277887344e-02,-1.008360683917999268e-01,-1.980368643999099731e-01,8.969090878963470459e-02,-1.535246819257736206e-01,-1.728164553642272949e-01,-9.368620067834854126e-02,-1.821718513965606689e-01,5.063656717538833618e-02,-3.046943843364715576e-01,-6.841430813074111938e-02,-1.840428113937377930e-01,-6.995556503534317017e-02,-4.134611487388610840e-01,-2.390873730182647705e-01,-2.779866158962249756e-01,-6.829264014959335327e-02,-1.634722650051116943e-01,-3.942739591002464294e-02,-2.464435547590255737e-01,-2.113020978868007660e-02,-2.414565533399581909e-01,8.488537371158599854e-02,-1.762623637914657593e-01,-1.541945636272430420e-01,-2.933332026004791260e-01,-1.499297469854354858e-01,-3.805480003356933594e-01,-2.257366627454757690e-01,-2.821597754955291748e-01,-1.391581073403358459e-02,-3.343099951744079590e-01,-2.045726329088211060e-01,-1.703249365091323853e-01,-1.892319135367870331e-02,-2.032493054866790771e-01,-2.082339227199554443e-01,2.798686549067497253e-02,-2.090246230363845825e-01,-4.397938549518585205e-01,-3.672166168689727783e-01,-2.237647771835327148e-01,-2.092519849538803101e-01,-4.210232198238372803e-02,9.764565154910087585e-03
3.447907567024230957e-01,4.626920819282531738e-01,5.334464311599731445e-01,7.138414978981018066e-01,-1.035193204879760742e-01,1.672990322113037109e-01,5.309274792671203613e-01,0.000000000000000000e+00,-3.790042698383331299e-01,1.659930944442749023e-01,1.660145223140716553e-01,4.203256070613861084e-01,1.980817914009094238e-01,4.554356038570404053e-01,-3.358878195285797119e-01,-1.049196720123291016e-01,-1.946080774068832397e-01,-4.689990542829036713e-03,5.059735178947448730e-01,3.778507709503173828e-01,-6.759333424270153046e-03,-6.576570123434066772e-02,3.498845994472503662e-01,2.941676378250122070e-01,8.074413053691387177e-03,2.153436392545700073e-01,-1.588149070739746094e-01,-9.491305798292160034e-02,6.828493624925613403e-02,5.937156453728675842e-02,8.191460371017456055e-02,2.507747709751129150e-01,1.245288252830505371e-01,2.820362746715545654e-01,-1.940386742353439331e-01,-1.082962378859519958e-01,-2.220765203237533569e-01,-2.453399002552032471e-01,1.224465481936931610e-02,2.089550159871578217e-02,-4.978815559297800064e-03,-1.866509765386581421e-01,-2.415071725845336914e-01,-2.502405643463134766e-01,-3.652296066284179688e-01,-2.390310168266296387e-01,-8.487753570079803467e-02,-8.242312073707580566e-02,-1.838966459035873413e-01,-3.550959527492523193e-01,-2.794234156608581543e-01,-2.609552145004272461e-01,-3.429805114865303040e-02,9.086931496858596802e-02,-1.807601153850555420e-01,-3.942580893635749817e-02,3.653591871261596680e-01,3.683841824531555176e-01,2.661271691322326660e-01,1.652927100658416748e-01,1.547287553548812866e-01,2.569599747657775879e-01,-2.313817664980888367e-02,1.721135079860687256e-01,-3.852752149105072021e-01,-2.213909178972244263e-01,-1.232944279909133911e-01,-1.350831985473632812e-01,3.712823390960693359e-01,3.962921202182769775e-01,-9.637941420078277588e-02,1.403377205133438110e-01,-1.378080844879150391e-01,-1.775693595409393311e-01,-1.826070481911301613e-03,-1.027163863182067871e-01,-2.235439568758010864e-01,-1.500426530838012695e-01,-9.962096810340881348e-02,8.505362272262573242e-02,-2.211204171180725098e-01,1.329121142625808716e-01,1.179643813520669937e-02,4.919360205531120300e-02,-4.269954264163970947e-01,-8.823791146278381348e-02,-3.479814827442169189e-01,-2.327861636877059937e-01,-6.147570908069610596e-02,1.530515849590301514e-01,-1.317464262247085571e-01,-2.312925606966018677e-01,-5.488535016775131226e-02,-4.711671918630599976e-02,-2.733064629137516022e-02,1.996737718582153320e-02,-3.105316758155822754e-01,-2.483116090297698975e-01,-2.269942462444305420e-01,-3.635535836219787598e-01,-1.284260600805282593e-01,9.426356106996536255e-02,-3.428323566913604736e-01,-1.781740188598632812e-01,-2.620138227939605713e-01,-2.283752560615539551e-01,-2.770867049694061279e-01,-1.301659047603607178e-01,1.118693351745605469e-01,-1.571712046861648560e-01,-4.387211203575134277e-01,-3.605464696884155273e-01,-2.142450660467147827e-01,-1.809526979923248291e-01,-5.371726676821708679e-02,-1.156167015433311462e-01
-1.075474894605576992e-03,-7.274948805570602417e-02,-2.383336126804351807e-01,-3.044681847095489502e-01,9.323453158140182495e-02,-1.694173924624919891e-02,-1.747817248106002808e-01,-3.790042698383331299e-01,0.000000000000000000e+00,1.144716423004865646e-02,2.045520115643739700e-03,-1.087662130594253540e-01,-9.693153202533721924e-02,-3.241656124591827393e-01,2.821215987205505371e-01,3.452063202857971191e-01,9.438014775514602661e-02,-1.475962437689304352e-02,-5.503641813993453979e-02,-1.601598039269447327e-02,-1.226933971047401428e-01,-5.828705802559852600e-02,-1.261633336544036865e-01,-1.042996570467948914e-01,-2.437726855278015137e-01,-3.457545042037963867e-01,2.985821366310119629e-01,2.044398188591003418e-01,-2.356042712926864624e-01,-1.767845451831817627e-01,-1.045888140797615051e-01,-1.840576827526092529e-01,3.210402652621269226e-02,-6.030957773327827454e-02,1.920991949737071991e-02,-6.331758201122283936e-02,-1.909139156341552734e-01,-1.909064650535583496e-01,-3.035909496247768402e-02,-1.733005046844482422e-01,-5.029937624931335449e-02,-1.677514463663101196e-01,-1.914962977170944214e-01,2.094152616336941719e-03,1.568924337625503540e-01,8.209376782178878784e-02,-7.538137584924697876e-02,-2.466983720660209656e-02,6.450638920068740845e-02,2.362685054540634155e-01,-6.583201885223388672e-02,9.138408303260803223e-02,-2.700839936733245850e-01,-4.234273359179496765e-02,-1.392510384321212769e-01,1.120092645287513733e-01,-6.999938935041427612e-02,-1.820231080055236816e-01,-2.784769283607602119e-03,1.050454378128051758e-01,2.196651138365268707e-02,1.179319247603416443e-01,1.404664218425750732e-01,1.217029094696044922e-01,1.684742271900177002e-01,2.499735206365585327e-01,7.350642234086990356e-02,6.407985091209411621e-02,-1.702717738226056099e-03,-9.124410897493362427e-02,-7.433831691741943359e-02,-2.662312984466552734e-01,-9.125044941902160645e-02,-2.693861909210681915e-02,-1.560442987829446793e-02,1.449478119611740112e-01,1.393471211194992065e-01,3.901856392621994019e-02,-9.516698867082595825e-02,3.447188809514045715e-02,-7.978542149066925049e-02,-2.896307408809661865e-01,-9.493847936391830444e-02,-1.328547000885009766e-01,5.870563536882400513e-02,6.152613833546638489e-02,1.244685798883438110e-01,2.428443282842636108e-01,-5.863825231790542603e-02,-1.259003579616546631e-01,2.491205232217907906e-03,-6.898415088653564453e-02,2.118398994207382202e-02,1.704650931060314178e-02,-3.130834922194480896e-02,-4.651280120015144348e-02,9.165605902671813965e-02,-4.614661447703838348e-03,-1.026127561926841736e-01,4.517296329140663147e-02,6.860202550888061523e-02,-3.204399719834327698e-02,3.088562935590744019e-02,-8.161723613739013672e-02,2.943537943065166473e-02,8.639984577894210815e-02,-9.936045855283737183e-03,1.786397546529769897e-01,-1.395461559295654297e-01,1.485870629549026489e-01,8.558519184589385986e-02,-5.938946455717086792e-02,-1.469548195600509644e-01,4.873625189065933228e-02,-2.670818567276000977e-02,-2.548189647495746613e-02
-3.724606335163116455e-01,-2.633725404739379883e-01,-7.094735046848654747e-04,2.084935754537582397e-01,3.331363797187805176e-01,5.675624608993530273e-01,7.438407093286514282e-02,1.659930944442749023e-01,1.144716423004865646e-02,0.000000000000000000e+00,-9.722898900508880615e-02,1.904916167259216309e-01,1.222853660583496094e-01,4.611621201038360596e-01,7.669790834188461304e-02,2.116436809301376343e-01,-1.132766678929328918e-01,2.382487989962100983e-02,-1.528758108615875244e-01,-3.395382165908813477e-01,1.104632094502449036e-01,-1.737092062830924988e-02,1.066489294171333313e-01,1.310819089412689209e-01,3.046299815177917480e-01,4.182146489620208740e-01,3.183775395154953003e-02,1.227795779705047607e-01,-3.343607485294342041e-02,3.436049073934555054e-02,1.334986984729766846e-01,1.609738320112228394e-01,-6.513657420873641968e-02,-2.651087343692779541e-01,-1.752684116363525391e-01,-2.020639628171920776e-01,-2.564732432365417480e-01,-1.357908695936203003e-01,1.266895681619644165e-01,7.828593254089355469e-02,5.889030918478965759e-02,-4.070415161550045013e-03,-4.320335388183593750e-02,-1.238239705562591553e-01,-1.958640813827514648e-01,-1.517277806997299194e-01,1.198560968041419983e-01,-7.047767867334187031e-04,-1.003960147500038147e-01,-2.587198913097381592e-01,-1.145668923854827881e-01,-1.878968328237533569e-01,-2.318374067544937134e-01,4.296379089355468750e-01,-4.032515883445739746e-01,3.873032629489898682e-01,-3.111196458339691162e-01,-2.556249499320983887e-01,-3.929733037948608398e-01,-4.305891990661621094e-01,-3.448333442211151123e-01,-2.152673155069351196e-01,-1.803705394268035889e-01,-1.988780796527862549e-01,-9.724487364292144775e-02,-1.816032379865646362e-01,-3.243579268455505371e-01,-2.788185477256774902e-01,-3.236470222473144531e-01,-1.276213228702545166e-01,-3.723308816552162170e-02,1.247686892747879028e-02,-1.258046030998229980e-01,-4.688045009970664978e-02,-2.467219829559326172e-01,-4.340890049934387207e-02,-1.299277991056442261e-01,-7.632397115230560303e-02,2.640359662473201752e-02,3.810699284076690674e-01,2.345252931118011475e-01,2.954433560371398926e-01,-6.708870083093643188e-02,-1.858364418148994446e-02,1.303683966398239136e-01,4.063297808170318604e-01,-2.904118001461029053e-01,3.020166456699371338e-01,-2.466017194092273712e-02,4.773453772068023682e-01,-8.836551755666732788e-02,1.555702928453683853e-02,-8.097927086055278778e-03,1.600341051816940308e-01,6.173708662390708923e-02,-1.302975565195083618e-01,4.869837779551744461e-03,-1.462528258562088013e-01,-1.252965182065963745e-01,-6.002863496541976929e-02,-1.849366724491119385e-02,2.648091912269592285e-01,-3.433498740196228027e-01,-6.762577593326568604e-02,-1.022729203104972839e-01,5.568628758192062378e-02,-2.486186027526855469e-01,3.987290337681770325e-02,-3.561305254697799683e-02,8.095866441726684570e-02,-3.518084064126014709e-02,-9.345440566539764404e-02,-1.932167708873748779e-01,-1.689031161367893219e-02,5.243232473731040955e-02,-4.033241048455238342e-02
3.713705837726593018e-01,3.180894255638122559e-01,2.434630692005157471e-01,1.652280092239379883e-01,-1.324188709259033203e-01,-1.162013486027717590e-01,2.881375551223754883e-01,1.660145223140716553e-01,2.045520115643739700e-03,-9.722898900508880615e-02,0.000000000000000000e+00,4.108355045318603516e-01,5.193862318992614746e-01,8.271647244691848755e-02,6.928197294473648071e-02,1.461413949728012085e-01,4.111997783184051514e-01,3.801989257335662842e-01,2.643871605396270752e-01,3.264791369438171387e-01,-2.993182837963104248e-01,-2.630028426647186279e-01,1.628172993659973145e-01,3.132709860801696777e-02,-9.732880443334579468e-02,-9.687981009483337402e-02,5.034319311380386353e-02,-7.718605548143386841e-02,3.714676797389984131e-01,2.562079131603240967e-01,9.521347284317016602e-02,1.459599733352661133e-01,-2.057162299752235413e-02,3.023665212094783783e-02,-1.417890042066574097e-01,-2.068129032850265503e-01,-3.235996514558792114e-02,-2.132773548364639282e-01,-2.284418046474456787e-01,-3.313123881816864014e-01,-2.884296476840972900e-01,-1.480160057544708252e-01,-1.897824704647064209e-01,-2.231736481189727783e-01,-1.721050031483173370e-02,2.762982062995433807e-02,-3.309530913829803467e-01,-2.478599399328231812e-01,-1.332543939352035522e-01,-5.621835216879844666e-02,-4.063766077160835266e-02,-1.914814114570617676e-03,4.591803252696990967e-02,-6.397271156311035156e-02,4.282061010599136353e-02,-2.854785025119781494e-01,2.883303463459014893e-01,3.270598948001861572e-01,1.514183431863784790e-01,6.962481886148452759e-02,3.132123947143554688e-01,3.682915568351745605e-01,4.711645841598510742e-01,4.512871205806732178e-01,-2.619231678545475006e-02,-2.227693349123001099e-01,-1.322654932737350464e-01,-2.625368237495422363e-01,1.591282486915588379e-01,-1.980700716376304626e-02,6.700424849987030029e-02,2.179255038499832153e-01,-6.936267949640750885e-03,-4.389472771435976028e-03,2.275440245866775513e-01,5.385166406631469727e-02,-2.125902473926544189e-01,-1.487349271774291992e-01,-1.507211243733763695e-03,2.469816952943801880e-01,-1.124379411339759827e-02,1.438157260417938232e-01,-1.870008409023284912e-01,-1.421565562486648560e-01,-2.227434068918228149e-01,-8.817029744386672974e-02,-8.979933708906173706e-02,-2.187798917293548584e-01,2.561717480421066284e-02,-1.426304131746292114e-02,-9.955301880836486816e-02,-9.723288565874099731e-02,-1.782399117946624756e-01,-3.371683135628700256e-02,-1.775338649749755859e-01,-8.126324974000453949e-03,2.473338320851325989e-02,2.058735340833663940e-01,7.491253199987113476e-04,1.768184453248977661e-02,-8.478137105703353882e-02,2.041892148554325104e-02,-8.610413223505020142e-02,-1.070187315344810486e-01,-7.223483640700578690e-03,5.209424346685409546e-02,9.337230026721954346e-02,-1.086404025554656982e-01,-3.023640066385269165e-02,-3.360518068075180054e-02,-9.459115564823150635e-02,-6.112826615571975708e-02,-6.869764067232608795e-03,-1.199891343712806702e-01,-8.284886367619037628e-03,4.518391937017440796e-02
1.927412450313568115e-01,3.339432775974273682e-01,1.856204271316528320e-01,2.532468736171722412e-01,7.931125909090042114e-02,2.517447173595428467e-01,2.096412628889083862e-01,4.203256070613861084e-01,-1.087662130594253540e-01,1.904916167259216309e-01,4.108355045318603516e-01,0.000000000000000000e+00,3.529213070869445801e-01,3.783972263336181641e-01,-3.641685843467712402e-02,1.213520765304565430e-02,1.764960289001464844e-01,3.136123418807983398e-01,1.514432132244110107e-01,1.383927017450332642e-01,-8.044390939176082611e-03,-1.048358995467424393e-02,7.189406454563140869e-02,7.936093956232070923e-02,-2.265127748250961304e-02,4.498119652271270752e-02,5.307328701019287109e-02,-8.340897038578987122e-03,1.782316118478775024e-01,3.576253354549407959e-01,5.754774808883666992e-02,1.502276957035064697e-01,-1.554833650588989258e-01,-4.859954863786697388e-02,-4.744825959205627441e-01,-4.538862407207489014e-01,-1.383116841316223145e-01,-2.218663394451141357e-01,8.356279879808425903e-02,-1.199690178036689758e-01,1.634064316749572754e-02,-8.857127279043197632e-02,-2.340056151151657104e-01,-2.841280698776245117e-01,-3.413243591785430908e-01,-2.369558960199356079e-01,-1.588991880416870117e-01,-1.245963945984840393e-01,-1.163582876324653625e-01,-2.130895853042602539e-01,-1.415436416864395142e-01,-1.220311969518661499e-01,3.190017864108085632e-02,6.650558114051818848e-02,-7.697982341051101685e-02,-5.309105291962623596e-02,2.579322457313537598e-01,1.728172600269317627e-01,1.949355006217956543e-02,1.894609630107879639e-01,4.264624789357185364e-02,1.558828502893447876e-01,3.250113427639007568e-01,4.156400263309478760e-01,-3.393402993679046631e-01,-3.272666633129119873e-01,-3.899528086185455322e-01,-3.256183266639709473e-01,7.043530791997909546e-02,1.020550951361656189e-01,-5.715136602520942688e-02,4.403150081634521484e-02,-8.933136612176895142e-02,-6.837379932403564453e-02,-1.930751278996467590e-02,-1.135021299123764038e-01,-2.688083052635192871e-01,-1.756878197193145752e-01,1.687407493591308594e-01,1.622293442487716675e-01,1.142848432064056396e-01,1.920547187328338623e-01,-5.019944533705711365e-02,-2.442750521004199982e-02,-1.549861431121826172e-01,2.282477449625730515e-03,-1.014295071363449097e-01,-1.948297470808029175e-01,1.484097838401794434e-01,1.878437846899032593e-01,-1.396586149930953979e-01,-3.205936551094055176e-01,-8.987045288085937500e-02,-1.789607107639312744e-01,-5.451072007417678833e-02,-9.556643664836883545e-02,-2.588292062282562256e-01,-1.943300217390060425e-01,-6.723494082689285278e-02,-2.256320863962173462e-01,7.794289290904998779e-02,2.022802084684371948e-01,-1.567652821540832520e-01,-1.089963465929031372e-01,-2.059606313705444336e-01,-2.352891415357589722e-01,-4.766605049371719360e-02,3.827293589711189270e-02,-1.156694144010543823e-01,-1.160349845886230469e-01,-3.321861326694488525e-01,-2.946149706840515137e-01,-1.743040829896926880e-01,-3.094689249992370605e-01,-2.878029048442840576e-01,-1.513212472200393677e-01
2.109993249177932739e-01,1.153856888413429260e-01,3.895286917686462402e-01,3.091627359390258789e-01,-2.761392854154109955e-02,2.983458526432514191e-02,4.436144828796386719e-01,1.980817914009094238e-01,-9.693153202533721924e-02,1.222853660583496094e-01,5.193862318992614746e-01,3.529213070869445801e-01,0.000000000000000000e+00,4.325644373893737793e-01,1.566109508275985718e-01,1.110236942768096924e-01,1.902905851602554321e-01,2.884798943996429443e-01,1.762564480304718018e-01,1.219060197472572327e-01,-3.716266155242919922e-02,-4.211325943470001221e-02,3.384267091751098633e-01,1.663742959499359131e-01,8.620118349790573120e-02,6.753170490264892578e-02,-3.915775194764137268e-02,-7.614490389823913574e-02,1.800109446048736572e-01,1.810744851827621460e-01,2.205545455217361450e-01,2.294069826602935791e-01,2.127051353454589844e-02,-1.312136501073837280e-01,-1.174256429076194763e-01,-2.066869139671325684e-01,-8.915833383798599243e-02,-1.856432557106018066e-01,-2.338507212698459625e-02,-1.064155846834182739e-01,-6.621674448251724243e-02,-7.309399545192718506e-02,-8.011359721422195435e-02,-2.105262428522109985e-01,-6.393782049417495728e-02,-7.094090431928634644e-02,-5.678525939583778381e-02,-7.171465456485748291e-02,-2.222099453210830688e-01,-1.326669007539749146e-01,-4.914611577987670898e-02,-1.485925316810607910e-01,-1.343410927802324295e-02,9.214032441377639771e-02,-1.205612197518348694e-01,-3.966625407338142395e-02,1.439293920993804932e-01,1.220236942172050476e-01,-1.121042203158140182e-02,-1.724298894405364990e-01,1.744580715894699097e-01,1.050114259123802185e-02,1.678911596536636353e-01,1.154584437608718872e-01,6.489055603742599487e-02,-2.646986842155456543e-01,-6.254471838474273682e-02,-2.590054869651794434e-01,8.734371513128280640e-03,-2.180303633213043213e-02,2.120068855583667755e-02,7.984102517366409302e-02,-9.932987391948699951e-03,-3.333871718496084213e-03,5.402627587318420410e-02,-5.468269437551498413e-02,-1.206862032413482666e-01,-3.701805323362350464e-02,-1.670198142528533936e-02,2.235817611217498779e-01,-4.113493114709854126e-02,2.117490768432617188e-01,-7.958961278200149536e-02,-5.848796293139457703e-02,-3.774870559573173523e-02,1.170386793091893196e-03,-1.648649126291275024e-01,2.022596821188926697e-02,7.781109958887100220e-02,1.159557253122329712e-01,-1.082483902573585510e-01,2.513750083744525909e-02,-1.639356762170791626e-01,1.119934991002082825e-01,-1.499169319868087769e-01,-1.562856733798980713e-01,-1.672599017620086670e-01,-2.555630914866924286e-02,-1.358403712511062622e-01,-5.459491536021232605e-02,-1.360122859477996826e-01,8.030921220779418945e-02,-2.803541719913482666e-01,-2.084880322217941284e-01,-2.598789036273956299e-01,-1.139953434467315674e-01,-1.269659698009490967e-01,-1.078448966145515442e-01,-2.102430351078510284e-02,-2.072650641202926636e-01,-1.082521453499794006e-01,-1.293987333774566650e-01,-4.487376660108566284e-02,-1.920984983444213867e-01,6.358968466520309448e-02,-1.396220922470092773e-01
