0.000000000000000000e+00,5.968835949897766113e-01,1.726047247648239136e-01,2.771164178848266602e-01,4.615255817770957947e-02,1.204890310764312744e-01,3.441241383552551270e-01,1.991242170333862305e-01,-2.808085083961486816e-01,1.474413368850946426e-02,3.588162660598754883e-01,2.725320458412170410e-01,1.922370493412017822e-01,3.053390681743621826e-01,-1.582456976175308228e-01,1.004064232110977173e-01,2.347249090671539307e-01,-2.151816487312316895e-01,5.927698612213134766e-01,3.891785144805908203e-01,1.038365140557289124e-01,1.643924415111541748e-01,1.783820688724517822e-01,1.486417502164840698e-01,-3.947271406650543213e-01,-5.086524486541748047e-01,3.313642740249633789e-01,-1.276805251836776733e-01,2.290322780609130859e-01,6.027478352189064026e-02,3.465625047683715820e-01,6.120535731315612793e-02,1.774565428495407104e-01,3.434801101684570312e-01,-1.547654569149017334e-01,-1.018493324518203735e-01,-8.241661638021469116e-02,1.761194504797458649e-02,-3.643435239791870117e-01,-1.106444522738456726e-01,-3.156170547008514404e-01,1.011646613478660583e-01,-2.548084557056427002e-01,-3.240792751312255859e-01,-4.538304209709167480e-01,1.503806859254837036e-01,-2.501395344734191895e-01,-1.740166842937469482e-01,3.980038687586784363e-02,7.980678975582122803e-02,-5.864598602056503296e-02,-5.043226107954978943e-02,-2.516736090183258057e-02,-2.199769765138626099e-02,-6.357531249523162842e-02,3.019875288009643555e-01,4.997324347496032715e-01,4.596788883209228516e-01,-1.025856193155050278e-02,2.496850192546844482e-01,5.521367117762565613e-02,2.965196268633008003e-03,-9.659655392169952393e-02,-5.662718042731285095e-02,-3.123026899993419647e-02,-2.593614757061004639e-01,-5.068521946668624878e-02,-1.761034280061721802e-01,5.372284054756164551e-01,4.316106140613555908e-01,-1.375094149261713028e-02,1.178679168224334717e-01,-1.059787869453430176e-01,-1.488212943077087402e-01,1.839143335819244385e-01,2.704173028469085693e-01,-1.300228685140609741e-01,1.664814651012420654e-01,-3.624229133129119873e-01,-1.867175400257110596e-01,-2.376685291528701782e-01,8.580916374921798706e-02,1.805169135332107544e-02,1.002904847264289856e-01,-5.502899736166000366e-02,2.273118682205677032e-02,-3.807987272739410400e-01,4.505641013383865356e-02,-2.738937139511108398e-01,5.868684872984886169e-02,-1.324160099029541016e-01,-1.123854443430900574e-01,-8.419078588485717773e-02,1.480363458395004272e-01,-3.805359592661261559e-03,-2.725204639136791229e-02,-4.007999598979949951e-01,-2.186366468667984009e-01,-1.793286204338073730e-01,-3.374768793582916260e-01,-2.097619622945785522e-01,2.086601555347442627e-01,-1.234165653586387634e-01,-4.069411009550094604e-02,-1.716800630092620850e-01,-1.475124955177307129e-01,-1.528896242380142212e-01,6.421067565679550171e-02,6.908598542213439941e-02,-8.793909102678298950e-02,-3.260529935359954834e-01,-4.570876955986022949e-01,-4.914586842060089111e-01,-2.300586849451065063e-01,3.528352081775665283e-02,-1.651400476694107056e-01
5.968835949897766113e-01,0.000000000000000000e+00,1.526043117046356201e-01,2.968538999557495117e-01,-1.208635494112968445e-01,5.281016603112220764e-02,1.020223423838615417e-01,4.661175310611724854e-01,-1.963181197643280029e-01,-1.216367259621620178e-01,2.885387837886810303e-01,4.127435386180877686e-01,6.329507380723953247e-02,3.014714717864990234e-01,-1.088236719369888306e-01,9.675171971321105957e-02,9.864655882120132446e-02,-4.021760821342468262e-02,6.158965826034545898e-01,6.836047768592834473e-01,1.777179352939128876e-02,1.160549595952033997e-01,-2.682921104133129120e-02,9.675157815217971802e-02,-2.994515895843505859e-01,-2.215133607387542725e-01,2.321175187826156616e-01,8.071663975715637207e-02,2.237201929092407227e-01,2.167961746454238892e-01,2.712125182151794434e-01,2.057756036520004272e-01,1.241606920957565308e-01,4.289480447769165039e-01,-2.548037171363830566e-01,-1.885295957326889038e-01,-2.212537527084350586e-01,-1.545947790145874023e-01,-1.530060768127441406e-01,-2.453898638486862183e-02,-1.899606585502624512e-01,2.506580017507076263e-02,-2.549882829189300537e-01,-2.510455548763275146e-01,-5.278040766716003418e-01,1.043044626712799072e-01,-2.581359446048736572e-01,-2.683596909046173096e-01,-7.017302513122558594e-02,-3.734731301665306091e-02,-9.341912716627120972e-02,-1.772131323814392090e-01,1.389682590961456299e-01,-1.778435111045837402e-01,1.209976747632026672e-01,1.456185877323150635e-01,7.283459901809692383e-01,7.080481648445129395e-01,4.405087605118751526e-02,2.704322636127471924e-01,-3.257665783166885376e-02,-2.431700937449932098e-02,1.031062453985214233e-01,1.713129281997680664e-01,-2.716379761695861816e-01,-4.102515280246734619e-01,-2.879972457885742188e-01,-2.619903385639190674e-01,6.340751051902770996e-01,7.155611515045166016e-01,1.580333113670349121e-01,-7.010470330715179443e-02,-2.345181256532669067e-02,4.829402640461921692e-02,1.113344132900238037e-01,2.051393538713455200e-01,-1.519991550594568253e-02,1.228209212422370911e-01,-6.897181272506713867e-02,-2.611539661884307861e-01,4.229810088872909546e-02,-6.980013102293014526e-02,2.019601762294769287e-01,1.795088499784469604e-01,-1.184239014983177185e-01,-2.444568872451782227e-01,1.855897717177867889e-02,5.150483176112174988e-02,8.218257874250411987e-02,-9.466522186994552612e-02,-8.388817310333251953e-02,-4.535707831382751465e-01,5.774198845028877258e-02,-1.282867938280105591e-01,-1.044261734932661057e-02,-6.074761040508747101e-03,-3.444728553295135498e-01,-2.470020055770874023e-01,-1.896053999662399292e-01,-3.361197710037231445e-01,1.465336680412292480e-01,8.606448769569396973e-02,5.411699041724205017e-02,4.562429152429103851e-03,-1.767106950283050537e-01,-2.788221836090087891e-01,-9.938381612300872803e-02,6.422074884176254272e-02,9.297163784503936768e-02,-1.617105007171630859e-01,-4.065741598606109619e-01,-4.884974360466003418e-01,-1.771513968706130981e-01,-1.425348669290542603e-01,9.144715964794158936e-03,-2.787186503410339355e-01
1.726047247648239136e-01,1.526043117046356201e-01,0.000000000000000000e+00,4.963223040103912354e-01,3.072657883167266846e-01,2.602545320987701416e-01,6.684831976890563965e-01,3.553974032402038574e-01,1.885343194007873535e-01,1.154952347278594971e-01,7.375269383192062378e-02,-1.912468820810317993e-01,3.577171862125396729e-01,1.932158321142196655e-01,4.167967438697814941e-01,2.300330996513366699e-01,-9.532335400581359863e-02,-2.395640909671783447e-01,4.318226575851440430e-01,2.665114998817443848e-01,-7.632384449243545532e-02,9.549978375434875488e-02,6.258403062820434570e-01,7.623758316040039062e-01,-2.966959178447723389e-01,-1.313438564538955688e-01,2.749284207820892334e-01,1.454368531703948975e-01,-1.124189719557762146e-01,-2.096515744924545288e-01,3.241884112358093262e-01,2.779845595359802246e-01,3.314029276371002197e-01,2.253604978322982788e-01,4.982618093490600586e-01,5.131294131278991699e-01,-2.938481979072093964e-02,-4.469370096921920776e-02,-1.113850399851799011e-01,-7.896858453750610352e-02,-1.937653273344039917e-01,9.193355590105056763e-02,-1.448970586061477661e-01,-1.084600836038589478e-01,-2.006185501813888550e-01,-9.252595156431198120e-02,-1.214325428009033203e-01,-2.102861255407333374e-01,-4.849902391433715820e-01,-5.955450534820556641e-01,-3.629489839076995850e-01,-5.775200724601745605e-01,-2.641564607620239258e-01,-4.487671852111816406e-01,-1.442095935344696045e-01,-2.353875041007995605e-01,2.072660252451896667e-02,-2.319622784852981567e-01,-2.391066849231719971e-01,-4.498594999313354492e-01,1.753354966640472412e-01,1.925481110811233521e-01,-9.543269872665405273e-02,-2.606535851955413818e-01,5.330774188041687012e-01,4.673404395580291748e-01,4.593515992164611816e-01,2.517963051795959473e-01,2.235011011362075806e-01,1.266264915466308594e-01,2.186853140592575073e-01,2.107427269220352173e-01,1.521127372980117798e-01,6.383198499679565430e-02,2.568510174751281738e-01,1.789847314357757568e-01,3.114759624004364014e-01,2.408874034881591797e-01,-1.235939860343933105e-01,-2.273460626602172852e-01,-2.452605664730072021e-01,-2.236103862524032593e-01,-1.241714879870414734e-01,-3.689238429069519043e-01,3.298420906066894531e-01,-3.036821782588958740e-01,-1.373740434646606445e-01,3.413130715489387512e-02,1.340151876211166382e-01,-2.362677752971649170e-01,1.625254899263381958e-01,4.802398011088371277e-02,1.557299196720123291e-01,1.659431010484695435e-01,-1.861789673566818237e-01,-2.889355123043060303e-01,-3.080199658870697021e-01,-2.730881571769714355e-01,-1.940249353647232056e-01,-1.748486757278442383e-01,-1.836461573839187622e-01,-8.410429209470748901e-02,-2.753939926624298096e-01,-2.907361388206481934e-01,-1.264413148164749146e-01,-8.568308502435684204e-02,-6.341201066970825195e-02,-7.304999232292175293e-02,-1.266030967235565186e-01,-1.448619663715362549e-01,-2.109561264514923096e-01,-2.813581228256225586e-01,-2.489121705293655396e-01,-2.445346266031265259e-01,6.430563051253557205e-03,-1.432149559259414673e-01
2.771164178848266602e-01,2.968538999557495117e-01,4.963223040103912354e-01,0.000000000000000000e+00,2.722043693065643311e-01,2.760335206985473633e-01,4.878359436988830566e-01,2.139360606670379639e-01,9.635694324970245361e-02,2.534602880477905273e-01,1.893462054431438446e-02,-8.189055323600769043e-02,2.095430940389633179e-01,-1.035614758729934692e-01,2.210691720247268677e-01,3.408076763153076172e-01,5.115143582224845886e-02,-1.694912761449813843e-01,5.334376096725463867e-01,3.773111402988433838e-01,1.938364654779434204e-02,5.292072426527738571e-03,5.008606314659118652e-01,5.041566491127014160e-01,-4.522973299026489258e-02,9.851001948118209839e-02,1.821087747812271118e-01,3.167934119701385498e-01,1.479233652353286743e-01,-1.370862126350402832e-01,1.780031472444534302e-01,2.780504524707794189e-01,1.923720240592956543e-01,1.470377445220947266e-01,2.955457568168640137e-01,2.263388633728027344e-01,-1.986694335937500000e-01,-2.720385193824768066e-01,-1.092885658144950867e-01,9.011869132518768311e-02,-1.293712556362152100e-01,3.021597303450107574e-02,-2.054522484540939331e-01,-1.799203008413314819e-01,-3.696126341819763184e-01,-1.456412971019744873e-01,-3.452215194702148438e-01,-3.036712408065795898e-01,-4.370527267456054688e-01,-4.187352359294891357e-01,-4.539131224155426025e-01,-3.678663074970245361e-01,-4.269125163555145264e-01,2.061292901635169983e-02,-2.708564102649688721e-01,-1.145551074296236038e-02,1.927402913570404053e-01,2.005874179303646088e-02,-1.511834114789962769e-01,-2.686031758785247803e-01,1.085329614579677582e-02,8.574099093675613403e-02,1.559570133686065674e-01,-2.595832757651805878e-02,2.829173207283020020e-01,2.255804389715194702e-01,2.075275033712387085e-01,9.611464291810989380e-02,4.673426449298858643e-01,2.386264801025390625e-01,3.004298359155654907e-02,1.941543370485305786e-01,-2.128875255584716797e-02,-4.845629632472991943e-02,1.429526600986719131e-02,1.412633508443832397e-01,9.185184538364410400e-02,2.291878461837768555e-01,-1.391819417476654053e-01,5.665134266018867493e-02,-1.780218780040740967e-01,-9.366968274116516113e-02,6.780907511711120605e-02,-6.605982035398483276e-02,-7.656418532133102417e-02,5.876133218407630920e-02,-1.216807961463928223e-02,3.047960996627807617e-01,-1.142610982060432434e-01,3.209459185600280762e-01,-2.592737078666687012e-01,9.999581426382064819e-02,-2.227771431207656860e-01,4.045015871524810791e-01,-4.284190014004707336e-02,-4.191494733095169067e-02,-3.689434230327606201e-01,-2.597327232360839844e-01,-3.366338610649108887e-01,-2.374540120363235474e-01,-5.247619468718767166e-03,3.754004538059234619e-01,-1.732933968305587769e-01,1.554191410541534424e-01,-3.165678679943084717e-01,-5.747807212173938751e-03,-1.044782400131225586e-01,2.664855718612670898e-01,-4.313213005661964417e-02,-1.737703680992126465e-01,-3.610643446445465088e-01,-3.648063540458679199e-01,-1.912120878696441650e-01,-3.790527284145355225e-01,-1.297089010477066040e-01,-1.797931939363479614e-01
4.615255817770957947e-02,-1.208635494112968445e-01,3.072657883167266846e-01,2.722043693065643311e-01,0.000000000000000000e+00,6.607938408851623535e-01,4.387818276882171631e-01,4.201156646013259888e-02,4.426755309104919434e-01,6.222539544105529785e-01,9.957676380872726440e-02,-2.456794232130050659e-01,2.428018897771835327e-01,3.585598617792129517e-02,2.923698127269744873e-01,4.340797662734985352e-01,-2.628239691257476807e-01,-5.144762992858886719e-01,1.264086812734603882e-01,-1.431366652250289917e-01,9.991791099309921265e-03,5.646192282438278198e-02,5.124397277832031250e-01,3.568152785301208496e-01,1.622795313596725464e-01,1.375904530286788940e-01,3.569551110267639160e-01,2.651017606258392334e-01,-2.192276567220687866e-01,-3.589935600757598877e-01,2.444981038570404053e-01,1.200846433639526367e-01,1.433695405721664429e-01,8.406175673007965088e-02,2.841288447380065918e-01,2.315962910652160645e-01,-1.337696313858032227e-01,-2.475780695676803589e-01,-2.200071215629577637e-01,-1.289414167404174805e-01,-2.161617428064346313e-01,-7.098433375358581543e-02,-1.718713194131851196e-01,-1.333495378494262695e-01,-1.355063915252685547e-01,-1.100395768880844116e-01,-1.870753616094589233e-01,-1.694164574146270752e-01,-3.272203505039215088e-01,-3.636492490768432617e-01,-3.183112740516662598e-01,-2.938737273216247559e-01,-2.954562008380889893e-01,4.154608584940433502e-03,-3.991312086582183838e-01,-5.086447671055793762e-02,-1.208978444337844849e-01,-2.442866861820220947e-01,-2.581343054771423340e-01,-2.972688972949981689e-01,2.576490044593811035e-01,2.450830638408660889e-01,-2.059128135442733765e-01,-2.840660512447357178e-01,4.179573953151702881e-01,3.709081411361694336e-01,3.430652320384979248e-01,1.215837374329566956e-01,-5.277289822697639465e-02,-1.290222257375717163e-01,4.974180832505226135e-02,2.390541732311248779e-01,-1.052607297897338867e-01,-8.172971755266189575e-02,1.318355500698089600e-01,6.030466780066490173e-02,-7.795996218919754028e-02,2.262674272060394287e-02,-3.270379602909088135e-01,-5.238160118460655212e-02,-3.788176178932189941e-01,-1.519197076559066772e-01,-2.216633111238479614e-01,-4.025175869464874268e-01,5.100049823522567749e-02,3.380351141095161438e-02,-2.221938520669937134e-01,8.081842213869094849e-02,-1.963481456041336060e-01,6.281654536724090576e-02,-1.222809851169586182e-01,3.481329977512359619e-01,3.497818112373352051e-02,4.857603013515472412e-01,-1.667959094047546387e-01,-8.245906233787536621e-02,-2.030047625303268433e-01,-2.419321238994598389e-01,-2.082337588071823120e-01,-1.685206592082977295e-01,-4.186501204967498779e-01,2.246633768081665039e-01,-3.817357718944549561e-01,-1.589706540107727051e-01,-1.353943999856710434e-02,2.372255176305770874e-01,-3.643884956836700439e-01,-1.378805935382843018e-01,3.297307714819908142e-02,-1.867914348840713501e-01,-1.407098919153213501e-01,-1.154146492481231689e-01,-2.521624267101287842e-01,-3.484310209751129150e-01,2.153126150369644165e-01,-1.186331808567047119e-01
1.204890310764312744e-01,5.281016603112220764e-02,2.602545320987701416e-01,2.760335206985473633e-01,6.607938408851623535e-01,0.000000000000000000e+00,3.299719989299774170e-01,1.800698339939117432e-01,4.212017953395843506e-01,6.570020318031311035e-01,1.461814939975738525e-01,-1.174756586551666260e-01,1.990853399038314819e-01,6.718606501817703247e-02,2.809150815010070801e-01,5.748326778411865234e-01,-2.466653287410736084e-01,-4.300283789634704590e-01,1.988696306943893433e-01,1.234329771250486374e-03,-7.460361719131469727e-02,5.996032431721687317e-02,4.143394529819488525e-01,3.592919707298278809e-01,1.243577301502227783e-01,1.728316545486450195e-01,3.878492116928100586e-01,3.916678726673126221e-01,-1.111052036285400391e-01,-2.199243009090423584e-01,2.937943339347839355e-01,3.104550242424011230e-01,2.028544843196868896e-01,2.445161044597625732e-01,1.557000875473022461e-01,1.284661740064620972e-01,-3.285348117351531982e-01,-3.736387789249420166e-01,-2.990331351757049561e-01,-2.249617576599121094e-01,-2.608379721641540527e-01,-1.263756006956100464e-01,-2.609091699123382568e-01,-2.119429111480712891e-01,-2.546465694904327393e-01,-9.869155287742614746e-02,-2.588953971862792969e-01,-2.400303632020950317e-01,-3.915274739265441895e-01,-3.947879374027252197e-01,-3.925459980964660645e-01,-4.080775380134582520e-01,-2.447681427001953125e-01,1.159363053739070892e-02,-3.766397237777709961e-01,-1.051499620079994202e-01,6.803650408983230591e-02,-7.477191835641860962e-02,-2.632718980312347412e-01,-2.431766092777252197e-01,2.107359766960144043e-01,3.239514231681823730e-01,-1.338523328304290771e-01,-5.852650105953216553e-02,2.560523450374603271e-01,2.766594588756561279e-01,1.862930357456207275e-01,4.627793654799461365e-02,9.605228155851364136e-02,9.291257709264755249e-02,1.192278787493705750e-01,2.828628420829772949e-01,-1.059715449810028076e-01,-4.878336191177368164e-02,1.130568832159042358e-01,1.042077969759702682e-02,-1.617627590894699097e-01,-4.202144965529441833e-02,-2.053047418594360352e-01,1.937551051378250122e-02,-3.096781671047210693e-01,-6.894892454147338867e-02,-1.759241819381713867e-01,-3.566974997520446777e-01,-9.501342475414276123e-02,-9.520201012492179871e-03,-1.939566582441329956e-01,1.278238594532012939e-01,-2.129360586404800415e-01,2.089719474315643311e-02,-9.444452077150344849e-02,2.294742166996002197e-01,1.125706657767295837e-01,3.900798559188842773e-01,-8.517192304134368896e-02,-1.752041094005107880e-02,-2.265491038560867310e-01,-2.923941612243652344e-01,-2.413661032915115356e-01,-2.286412119865417480e-01,-3.521131277084350586e-01,2.055985629558563232e-01,-3.173981606960296631e-01,-1.087449267506599426e-01,5.211421474814414978e-02,2.110095173120498657e-01,-3.804310262203216553e-01,-6.528207659721374512e-02,1.463537514209747314e-01,-1.198204308748245239e-01,-2.034340798854827881e-01,-2.341310828924179077e-01,-3.017281889915466309e-01,-2.738051712512969971e-01,1.975538134574890137e-01,-1.617372184991836548e-01
3.441241383552551270e-01,1.020223423838615417e-01,6.684831976890563965e-01,4.878359436988830566e-01,4.387818276882171631e-01,3.299719989299774170e-01,0.000000000000000000e+00,2.492254674434661865e-01,8.139549940824508667e-02,1.634208858013153076e-01,2.346539050340652466e-01,-1.719324737787246704e-01,5.037100315093994141e-01,2.043089419603347778e-01,2.774295508861541748e-01,2.597006857395172119e-01,-4.305728897452354431e-02,-3.926135003566741943e-01,4.200781583786010742e-01,1.113864183425903320e-01,-4.005008377134799957e-03,7.941838353872299194e-02,6.572835445404052734e-01,6.050068736076354980e-01,-2.607047557830810547e-01,-2.450821101665496826e-01,4.032987952232360840e-01,5.070468410849571228e-02,-1.760585978627204895e-02,-2.631323337554931641e-01,4.530717432498931885e-01,2.191876471042633057e-01,4.006727337837219238e-01,3.072854280471801758e-01,4.335571527481079102e-01,4.409156739711761475e-01,-8.391501754522323608e-02,-7.243769615888595581e-02,-3.647695183753967285e-01,-1.779479086399078369e-01,-3.289352357387542725e-01,1.888027228415012360e-02,-2.380178570747375488e-01,-2.323058098554611206e-01,-2.234044522047042847e-01,-8.100909180939197540e-03,-2.611868381500244141e-01,-2.273352295160293579e-01,-3.648110032081604004e-01,-4.787164628505706787e-01,-3.753198683261871338e-01,-4.772344827651977539e-01,-4.059188663959503174e-01,-2.922377586364746094e-01,-3.948762118816375732e-01,-1.213044002652168274e-01,3.276023641228675842e-02,-1.777626127004623413e-01,-2.106274962425231934e-01,-3.754244744777679443e-01,3.412950336933135986e-01,2.035640776157379150e-01,-1.568930447101593018e-01,-3.233441710472106934e-01,5.633625984191894531e-01,4.431897103786468506e-01,5.769313573837280273e-01,2.998868227005004883e-01,1.691820919513702393e-01,9.852584451436996460e-02,9.239370934665203094e-03,2.408394962549209595e-01,-4.106222093105316162e-02,-9.386420994997024536e-02,2.381136119365692139e-01,2.245948910713195801e-01,1.065527275204658508e-01,2.153208702802658081e-01,-3.249984383583068848e-01,-1.422216445207595825e-01,-4.462375640869140625e-01,-1.143660098314285278e-01,-2.026572227478027344e-01,-3.615952432155609131e-01,2.104011625051498413e-01,-1.322304457426071167e-01,-3.997064530849456787e-01,3.191523626446723938e-02,-2.065127342939376831e-01,-1.056702286005020142e-01,-5.225614830851554871e-02,1.927859485149383545e-01,-4.722151905298233032e-02,3.947544693946838379e-01,-1.487102210521697998e-01,-2.903610467910766602e-01,-4.372347295284271240e-01,-3.843466639518737793e-01,-3.361967504024505615e-01,-2.897837162017822266e-01,-3.556016683578491211e-01,1.657695621252059937e-01,-3.193649649620056152e-01,-1.601323187351226807e-01,-1.225715875625610352e-01,5.662507563829421997e-02,-1.631741225719451904e-01,-6.883436813950538635e-03,1.930498704314231873e-02,-1.869211941957473755e-01,-2.878509163856506348e-01,-3.812321424484252930e-01,-4.712461829185485840e-01,-3.677705228328704834e-01,5.679550021886825562e-02,-1.645853519439697266e-01
1.991242170333862305e-01,4.661175310611724854e-01,3.553974032402038574e-01,2.139360606670379639e-01,4.201156646013259888e-02,1.800698339939117432e-01,2.492254674434661865e-01,0.000000000000000000e+00,1.992117799818515778e-02,-7.833642885088920593e-03,2.994877099990844727e-01,4.221566021442413330e-01,2.367130368947982788e-01,4.897747337818145752e-01,4.903107509016990662e-02,2.050378024578094482e-01,-2.579459547996520996e-01,-2.512944042682647705e-01,4.079945385456085205e-01,5.502739548683166504e-01,-8.146642893552780151e-02,5.135875567793846130e-02,6.646419316530227661e-02,2.905455529689788818e-01,-1.809903085231781006e-01,-5.785950645804405212e-02,2.865525782108306885e-01,1.785143911838531494e-01,-3.159321099519729614e-02,1.368972659111022949e-01,1.809241622686386108e-01,2.183611690998077393e-01,7.372278720140457153e-02,4.514153301715850830e-01,-7.704428583383560181e-02,8.905630558729171753e-02,-2.189486622810363770e-01,-2.035547643899917603e-01,-9.369728714227676392e-02,-1.207334920763969421e-01,-2.205993384122848511e-01,-8.173525333404541016e-02,-1.799558550119400024e-01,-1.428898274898529053e-01,-3.495769500732421875e-01,1.223801597952842712e-01,-1.393138021230697632e-01,-2.026589065790176392e-01,-2.134877592325210571e-01,-2.657415568828582764e-01,-7.436951994895935059e-02,-3.191330432891845703e-01,2.410200834274291992e-01,-3.925890326499938965e-01,1.037194877862930298e-01,-1.499143838882446289e-01,4.031242430210113525e-01,3.189760744571685791e-01,-4.760206118226051331e-02,4.624006897211074829e-02,1.732815355062484741e-01,3.489530086517333984e-01,-6.029015406966209412e-02,1.236032918095588684e-01,-1.595969051122665405e-01,-4.976151883602142334e-02,-5.992580950260162354e-02,8.226492442190647125e-03,2.515134513378143311e-01,4.220730066299438477e-01,1.756524145603179932e-01,-1.953424364328384399e-01,-6.386672705411911011e-02,-7.440315932035446167e-02,6.699769943952560425e-02,6.089355796575546265e-02,9.678606688976287842e-02,3.318542614579200745e-02,-1.848470419645309448e-02,-3.868529498577117920e-01,-1.331856194883584976e-02,-4.261644482612609863e-01,-2.255225367844104767e-02,-2.112430930137634277e-01,-1.592046394944190979e-02,-5.116825103759765625e-01,-8.160690218210220337e-02,-2.447128891944885254e-01,2.275435179471969604e-01,-4.260410666465759277e-01,2.667748332023620605e-01,-4.095328748226165771e-01,3.788505196571350098e-01,-2.028917521238327026e-01,-2.397112846374511719e-01,-2.016676217317581177e-01,-3.152789771556854248e-01,-3.573017120361328125e-01,-1.287537217140197754e-01,-2.503542304039001465e-01,9.350030869245529175e-02,-9.488923847675323486e-02,-1.422470957040786743e-01,-2.658565044403076172e-01,7.761532906442880630e-03,-2.375986874103546143e-01,-2.198382616043090820e-01,-2.585907876491546631e-01,-7.724154740571975708e-02,-2.488757818937301636e-01,-3.232304453849792480e-01,-3.507219254970550537e-01,-4.422035068273544312e-02,-1.331892162561416626e-01,6.566096842288970947e-02,-2.741497159004211426e-01
-2.808085083961486816e-01,-1.963181197643280029e-01,1.885343194007873535e-01,9.635694324970245361e-02,4.426755309104919434e-01,4.212017953395843506e-01,8.139549940824508667e-02,1.992117799818515778e-02,0.000000000000000000e+00,5.203822255134582520e-01,1.782342344522476196e-01,-4.351176694035530090e-02,2.445325255393981934e-01,-8.324886858463287354e-02,2.954373061656951904e-01,2.002127617597579956e-01,-3.518841564655303955e-01,-1.557498872280120850e-01,-1.470006108283996582e-01,-1.009378880262374878e-01,-1.570451706647872925e-01,-9.685611724853515625e-02,2.421791404485702515e-01,2.596124410629272461e-01,4.036155641078948975e-01,4.574291408061981201e-01,1.162424236536026001e-01,3.137840628623962402e-01,-2.854254841804504395e-01,-3.633939325809478760e-01,-2.129046991467475891e-02,7.067019492387771606e-02,1.348518580198287964e-01,-2.833086065948009491e-02,3.178018331527709961e-01,1.699172109365463257e-01,-1.547516584396362305e-01,-2.271583527326583862e-01,9.381101280450820923e-02,5.281139165163040161e-02,-1.083452105522155762e-01,-2.421588450670242310e-01,-2.380972169339656830e-02,5.388127267360687256e-02,1.001783683896064758e-01,-2.511729300022125244e-01,1.356088668107986450e-01,-1.769698597490787506e-02,-2.839322090148925781e-01,-3.046028316020965576e-01,-1.022081524133682251e-01,-1.741292476654052734e-01,-1.061685532331466675e-01,-1.064471527934074402e-01,-2.374773100018501282e-02,-1.217997297644615173e-01,-1.767341643571853638e-01,-2.366159111261367798e-01,2.918903902173042297e-02,-2.507077157497406006e-01,3.353035449981689453e-01,2.721014916896820068e-01,1.947011984884738922e-02,-8.210407197475433350e-02,2.193831503391265869e-01,3.161057233810424805e-01,1.956950873136520386e-01,1.001356691122055054e-01,-1.281240135431289673e-01,-8.879984170198440552e-02,2.883956432342529297e-01,2.443893253803253174e-01,1.127389967441558838e-01,2.333084493875503540e-01,-1.169563736766576767e-02,-5.520555749535560608e-02,1.962862461805343628e-01,-5.325956642627716064e-02,-3.056971170008182526e-02,-8.698688447475433350e-02,-1.694729775190353394e-01,-3.373097181320190430e-01,-2.511743903160095215e-01,-3.931783735752105713e-01,7.463255524635314941e-02,-2.215206474065780640e-01,1.475195437669754028e-01,-2.886432223021984100e-02,2.562106847763061523e-01,-6.052640080451965332e-02,7.583107054233551025e-02,2.169488370418548584e-01,1.392006129026412964e-01,8.472259342670440674e-02,-1.681826263666152954e-02,4.605030640959739685e-02,1.521986424922943115e-01,1.477984990924596786e-02,3.752461820840835571e-02,1.466126292943954468e-01,-6.197200343012809753e-02,-1.425421237945556641e-01,-1.865697950124740601e-01,-2.299177050590515137e-01,9.574382007122039795e-02,6.085461005568504333e-02,-1.808525025844573975e-01,-1.108692139387130737e-01,3.310418128967285156e-02,5.215643718838691711e-02,1.882538944482803345e-01,1.382118910551071167e-01,9.822671115398406982e-02,-6.940437108278274536e-02,1.652303785085678101e-01,-5.706611275672912598e-02
1.474413368850946426e-02,-1.216367259621620178e-01,1.154952347278594971e-01,2.534602880477905273e-01,6.222539544105529785e-01,6.570020318031311035e-01,1.634208858013153076e-01,-7.833642885088920593e-03,5.203822255134582520e-01,0.000000000000000000e+00,7.092008739709854126e-02,-1.315898448228836060e-01,1.011749431490898132e-01,-9.608934819698333740e-02,1.055542677640914917e-01,4.498556852340698242e-01,-2.292514145374298096e-01,-3.451647758483886719e-01,3.049056604504585266e-02,-1.598133295774459839e-01,-3.671339899301528931e-02,-4.602482542395591736e-02,3.360101580619812012e-01,2.378060072660446167e-01,3.058392703533172607e-01,2.990288138389587402e-01,2.642647922039031982e-01,3.587461411952972412e-01,-1.667418628931045532e-01,-3.526965379714965820e-01,1.366107016801834106e-01,2.004228085279464722e-01,1.200097501277923584e-01,6.695083528757095337e-02,1.847914159297943115e-01,7.614793628454208374e-02,-2.376364171504974365e-01,-2.912692725658416748e-01,-1.233606114983558655e-01,1.437594182789325714e-02,-2.090043276548385620e-01,-1.759682893753051758e-01,-1.459065526723861694e-01,-1.502443403005599976e-01,-1.132954210042953491e-01,-1.903529465198516846e-01,-7.238768786191940308e-02,-7.324207574129104614e-02,-2.974285185337066650e-01,-2.782603204250335693e-01,-2.648864686489105225e-01,-1.869858056306838989e-01,-2.550149261951446533e-01,1.787032932043075562e-01,-2.761958837509155273e-01,2.285608556121587753e-03,-9.935691952705383301e-02,-1.546742320060729980e-01,-1.525690108537673950e-01,-1.957063525915145874e-01,1.742644160985946655e-01,2.970771193504333496e-01,-1.320508569478988647e-01,-1.205294206738471985e-01,1.567549109458923340e-01,2.585465908050537109e-01,1.466283202171325684e-01,1.859699003398418427e-02,-7.796511519700288773e-03,-6.914264708757400513e-02,1.018391549587249756e-01,3.523992598056793213e-01,-1.272457093000411987e-01,-2.610859461128711700e-02,4.852668382227420807e-03,-5.825493857264518738e-02,-9.867300838232040405e-02,-4.122614488005638123e-02,-2.238927185535430908e-01,1.205706223845481873e-01,-3.218536078929901123e-01,-9.290393441915512085e-02,-2.697791159152984619e-01,-2.958408892154693604e-01,-1.875541806221008301e-01,1.334259957075119019e-01,-1.540094017982482910e-01,1.285272836685180664e-01,-2.128273695707321167e-01,2.130744308233261108e-01,-1.346110254526138306e-01,3.348166644573211670e-01,-6.316492334008216858e-03,3.988087475299835205e-01,-2.787981741130352020e-02,1.397089362144470215e-01,-1.447138376533985138e-02,-8.573900163173675537e-02,-7.530797272920608521e-02,-4.388941079378128052e-02,-2.970602214336395264e-01,2.099978476762771606e-01,-2.705860733985900879e-01,-2.300822176039218903e-02,8.939176052808761597e-02,2.297708541154861450e-01,-3.361668586730957031e-01,-3.972203284502029419e-02,5.884366855025291443e-02,2.861563116312026978e-02,2.373353578150272369e-03,-2.105966210365295410e-02,-1.543597728013992310e-01,-1.839075684547424316e-01,2.042942047119140625e-01,-1.223254296928644180e-02
3.588162660598754883e-01,2.885387837886810303e-01,7.375269383192062378e-02,1.893462054431438446e-02,9.957676380872726440e-02,1.461814939975738525e-01,2.346539050340652466e-01,2.994877099990844727e-01,1.782342344522476196e-01,7.092008739709854126e-02,0.000000000000000000e+00,5.375429987907409668e-01,5.653232932090759277e-01,3.563570380210876465e-01,6.409803032875061035e-02,1.646774411201477051e-01,-2.024416066706180573e-02,-1.381817907094955444e-01,1.612021327018737793e-01,2.015631645917892456e-01,-2.296777963638305664e-01,-2.136256694793701172e-01,5.883249267935752869e-02,8.079433441162109375e-02,-1.926465928554534912e-01,-2.094110697507858276e-01,2.237641364336013794e-01,-5.289107561111450195e-02,1.885434836149215698e-01,-9.716778993606567383e-02,2.673770785331726074e-01,1.845138706266880035e-02,2.625393867492675781e-01,3.054271340370178223e-01,5.050202459096908569e-02,-9.030518680810928345e-02,-3.646326065063476562e-01,-2.276556193828582764e-01,-3.593454360961914062e-01,-1.840275675058364868e-01,-5.230501294136047363e-01,-4.140005409717559814e-01,-4.396187961101531982e-01,-3.614827096462249756e-01,-3.426462113857269287e-01,-3.552800416946411133e-02,-2.512044310569763184e-01,-2.541289925575256348e-01,-1.106652095913887024e-01,-8.545295894145965576e-02,-7.952346652746200562e-02,-1.432779729366302490e-01,-7.653736975044012070e-03,-2.544034123420715332e-01,-1.468445062637329102e-01,-1.027832403779029846e-01,4.057197272777557373e-01,3.456363677978515625e-01,2.997258901596069336e-01,2.705681622028350830e-01,6.282127499580383301e-01,4.416981339454650879e-01,1.812947392463684082e-01,2.318698614835739136e-01,2.213270775973796844e-02,3.309405222535133362e-02,9.565909951925277710e-02,5.504898726940155029e-03,8.625923842191696167e-02,2.644630670547485352e-01,1.489824503660202026e-01,7.404594868421554565e-02,-1.884591393172740936e-02,4.073861986398696899e-02,6.529462337493896484e-02,1.221022680401802063e-01,-3.978735208511352539e-02,-5.888395011425018311e-02,-2.487796545028686523e-01,-2.961141169071197510e-01,-3.829886019229888916e-01,-2.876975536346435547e-01,-2.987544536590576172e-01,-3.384205102920532227e-01,-8.744276314973831177e-02,-3.722235262393951416e-01,-1.694902181625366211e-01,-2.151084095239639282e-01,1.510889641940593719e-02,-2.153251767158508301e-01,-8.106280863285064697e-02,-1.836084276437759399e-01,6.876182556152343750e-02,-2.524829842150211334e-02,-9.817370772361755371e-02,2.117303898558020592e-03,-2.636392712593078613e-01,-2.723456025123596191e-01,-2.618823051452636719e-01,-2.772700786590576172e-01,-4.095516353845596313e-02,-1.489871414378285408e-03,2.060628123581409454e-02,-1.278842687606811523e-01,2.062808871269226074e-01,4.965787753462791443e-02,-1.558314561843872070e-01,-5.662200972437858582e-02,2.216923236846923828e-01,-1.525480858981609344e-02,-2.008600085973739624e-01,-3.729934990406036377e-01,-3.333515822887420654e-01,-1.366587579250335693e-01,2.408152669668197632e-01,-1.513477116823196411e-01
2.725320458412170410e-01,4.127435386180877686e-01,-1.912468820810317993e-01,-8.189055323600769043e-02,-2.456794232130050659e-01,-1.174756586551666260e-01,-1.719324737787246704e-01,4.221566021442413330e-01,-4.351176694035530090e-02,-1.315898448228836060e-01,5.375429987907409668e-01,0.000000000000000000e+00,2.198076099157333374e-01,4.218959212303161621e-01,-1.145809590816497803e-01,6.547689437866210938e-02,2.524192631244659424e-02,1.089397519826889038e-01,1.326015889644622803e-01,3.962813019752502441e-01,-1.442300975322723389e-01,-1.624936312437057495e-01,-3.625412285327911377e-01,-2.111859321594238281e-01,-1.322364807128906250e-01,-8.460315316915512085e-02,1.298250723630189896e-02,-5.324823781847953796e-02,2.579481303691864014e-01,2.850655019283294678e-01,-3.071158751845359802e-02,-9.347952157258987427e-02,-1.047624647617340088e-01,2.054259479045867920e-01,-3.424642682075500488e-01,-3.035391867160797119e-01,-2.502502799034118652e-01,-1.420129686594009399e-01,-9.540024399757385254e-02,-3.066125325858592987e-02,-2.000005245208740234e-01,-2.108502984046936035e-01,-3.254150152206420898e-01,-2.694135606288909912e-01,-3.442382812500000000e-01,3.137914463877677917e-02,-1.471439599990844727e-01,-2.061240375041961670e-01,1.043951138854026794e-01,2.188401967287063599e-01,1.919198036193847656e-01,1.653347015380859375e-01,3.481201529502868652e-01,-1.260520368814468384e-01,1.774009615182876587e-01,3.526189550757408142e-02,4.411300122737884521e-01,5.132079720497131348e-01,3.621747195720672607e-01,5.276864171028137207e-01,2.207693606615066528e-01,2.835495173931121826e-01,1.845306456089019775e-01,4.460084140300750732e-01,-4.111413061618804932e-01,-3.383140563964843750e-01,-3.501122891902923584e-01,-2.004293650388717651e-01,1.696747243404388428e-01,3.290694057941436768e-01,1.410545706748962402e-01,-1.813141107559204102e-01,2.483253180980682373e-02,8.190265297889709473e-02,-5.990321189165115356e-02,4.012155532836914062e-02,-1.024120077490806580e-01,-5.829195305705070496e-02,5.169110372662544250e-02,-2.339102923870086670e-01,7.136191427707672119e-02,-2.048919796943664551e-01,-8.027994073927402496e-03,-1.183133805170655251e-03,-2.027124762535095215e-01,-3.029476106166839600e-01,5.310311540961265564e-02,-2.942188680171966553e-01,1.991495788097381592e-01,-1.641961038112640381e-01,4.523363336920738220e-02,-4.416963458061218262e-01,1.267026066780090332e-01,-3.302705883979797363e-01,-6.614793092012405396e-02,8.953099697828292847e-02,-1.392491906881332397e-01,-6.701826304197311401e-02,-5.015578120946884155e-02,-1.355755776166915894e-01,2.855071425437927246e-01,-5.140162631869316101e-02,1.415477246046066284e-01,-3.817442804574966431e-02,4.111734405159950256e-02,-2.030077576637268066e-01,-4.706894978880882263e-02,-4.405866190791130066e-02,6.465872377157211304e-02,-3.269974142313003540e-02,-1.683574169874191284e-01,-1.914646476507186890e-01,-2.872721478343009949e-02,-1.381368190050125122e-02,1.993074268102645874e-02,-1.751697957515716553e-01
1.922370493412017822e-01,6.329507380723953247e-02,3.577171862125396729e-01,2.095430940389633179e-01,2.428018897771835327e-01,1.990853399038314819e-01,5.037100315093994141e-01,2.367130368947982788e-01,2.445325255393981934e-01,1.011749431490898132e-01,5.653232932090759277e-01,2.198076099157333374e-01,0.000000000000000000e+00,3.397471904754638672e-01,3.857018351554870605e-01,2.919262051582336426e-01,-9.735840559005737305e-02,-1.914853006601333618e-01,1.270059496164321899e-01,2.476847358047962189e-02,-1.009897962212562561e-01,-7.706009596586227417e-02,3.836811482906341553e-01,3.768920600414276123e-01,-1.822174787521362305e-01,-1.281519383192062378e-01,2.236671894788742065e-01,-7.069588452577590942e-02,-6.094395648688077927e-03,-1.499643027782440186e-01,2.513649761676788330e-01,1.197159662842750549e-01,3.286752104759216309e-01,1.920816451311111450e-01,3.098097443580627441e-01,1.595336943864822388e-01,-1.914899796247482300e-01,-1.217102259397506714e-01,-2.343564629554748535e-01,-1.761270612478256226e-01,-2.474416196346282959e-01,-9.017816185951232910e-02,-3.691065907478332520e-01,-2.963197827339172363e-01,-2.941198348999023438e-01,-2.223711460828781128e-01,-2.822320461273193359e-01,-3.316831588745117188e-01,-4.184935688972473145e-01,-4.074227511882781982e-01,-3.303343355655670166e-01,-3.702711164951324463e-01,-2.803541421890258789e-01,-2.613655626773834229e-01,-3.633013963699340820e-01,-2.327297180891036987e-01,7.005968689918518066e-02,-3.870326653122901917e-02,1.032113134860992432e-01,-1.137529760599136353e-01,5.712632536888122559e-01,3.568821847438812256e-01,-1.832189597189426422e-02,-8.297453075647354126e-02,3.578520119190216064e-01,3.440690636634826660e-01,3.338369429111480713e-01,1.019269376993179321e-01,6.185530871152877808e-02,8.821603655815124512e-02,1.233021542429924011e-01,2.166180908679962158e-01,8.522555977106094360e-02,8.155056089162826538e-02,1.234720796346664429e-01,1.842086613178253174e-01,1.496137231588363647e-01,8.876544237136840820e-02,-1.743170022964477539e-01,-7.427611947059631348e-02,-3.897305428981781006e-01,-2.124308198690414429e-01,-2.494443356990814209e-01,-3.679757714271545410e-01,9.663932770490646362e-02,-2.804441452026367188e-01,-1.362186372280120850e-01,-1.032831594347953796e-01,1.396966818720102310e-02,-1.365076899528503418e-01,-1.098370403051376343e-01,1.873456500470638275e-02,9.582482278347015381e-03,1.800369918346405029e-01,-8.286280184984207153e-02,-1.701061278581619263e-01,-2.987373769283294678e-01,-2.552302777767181396e-01,-3.400994837284088135e-01,-2.600064277648925781e-01,-1.548127233982086182e-01,6.207394972443580627e-02,-1.879917681217193604e-01,-2.152778655290603638e-01,-1.217086836695671082e-01,-3.833480179309844971e-02,-1.162890046834945679e-01,8.838233537971973419e-03,7.687696069478988647e-02,-6.474941223859786987e-02,-2.129277735948562622e-01,-3.605522215366363525e-01,-3.678357005119323730e-01,-2.702119052410125732e-01,6.580213550478219986e-03,-1.225688457489013672e-01
