0.000000000000000000e+00,2.214751690626144409e-01,2.523384094238281250e-01,-1.471450924873352051e-01,-9.320625662803649902e-02,-9.339007735252380371e-02,2.577948570251464844e-01,-1.232304498553276062e-01,3.572972118854522705e-02,-1.482261866331100464e-01,3.945662975311279297e-01,-2.607581904157996178e-03,4.505157470703125000e-01,-8.323513716459274292e-02,1.199126914143562317e-01,-2.262494526803493500e-02,-1.277250051498413086e-01,-1.049473583698272705e-01,5.526759624481201172e-01,3.516344130039215088e-01,-7.188852131366729736e-02,-5.034526810050010681e-02,-3.821708960458636284e-03,-9.621493518352508545e-02,-1.171368584036827087e-01,-2.210903018712997437e-01,-4.372912645339965820e-02,-1.867461390793323517e-02,3.776204586029052734e-02,-4.522913694381713867e-02,-7.608161121606826782e-02,-1.086011976003646851e-01,-3.528520837426185608e-02,-1.493824571371078491e-01,-1.163104400038719177e-01,-2.687307298183441162e-01,-1.268185079097747803e-01,-1.654154807329177856e-01,8.128123730421066284e-02,-7.586561143398284912e-02,-5.882944911718368530e-02,-1.347397826611995697e-02,-1.543432623147964478e-01,-6.700335443019866943e-02,-2.617237269878387451e-01,-1.756973117589950562e-01,-1.415474265813827515e-01,-1.112479716539382935e-01,-3.536512702703475952e-02,-1.045284196734428406e-01,-2.646524459123611450e-02,-1.266643106937408447e-01,1.705807894468307495e-01,-6.831384450197219849e-02,-5.929404869675636292e-02,-6.680753082036972046e-02,3.150329887866973877e-01,2.387883365154266357e-01,1.938153207302093506e-01,-3.296056389808654785e-02,3.586637079715728760e-01,-2.358939871191978455e-02,1.122571378946304321e-01,-1.406854987144470215e-01,3.956633806228637695e-02,-2.472093552350997925e-01,-1.329886168241500854e-01,-3.078758120536804199e-01,2.553988993167877197e-01,2.372783720493316650e-01,4.313899576663970947e-02,4.782530665397644043e-02,1.863581985235214233e-01,5.584749579429626465e-02,1.465681195259094238e-01,2.084024697542190552e-01,1.930752247571945190e-01,-1.292160898447036743e-01,-3.716108947992324829e-02,-9.702192246913909912e-02,-1.258119642734527588e-01,-1.073998585343360901e-01,-2.471606945618987083e-03,2.322883345186710358e-02,1.672692000865936279e-01,-2.549468576908111572e-01,9.141676872968673706e-02,-3.407115116715431213e-02,1.385940015316009521e-01,-1.281172931194305420e-01,-1.459652036428451538e-01,1.712098568677902222e-01,-1.627492159605026245e-01,1.694547533988952637e-01,5.963991954922676086e-02,5.989296361804008484e-02,1.701219230890274048e-01,8.049938827753067017e-02,-5.261921789497137070e-03,2.902787327766418457e-01,4.699848592281341553e-02,6.569430977106094360e-02,4.829811304807662964e-02,-1.164761334657669067e-01,2.613184507936239243e-03,-4.057280346751213074e-02,6.683399528264999390e-02,-3.203267464414238930e-03,2.707168646156787872e-02,8.685864508152008057e-02,3.721613064408302307e-02,1.058500334620475769e-01,1.067648455500602722e-01,1.555710881948471069e-01,4.158008098602294922e-02,2.460271306335926056e-02
2.214751690626144409e-01,0.000000000000000000e+00,-3.999075666069984436e-02,-6.633342057466506958e-02,-5.627905577421188354e-02,2.080288529396057129e-02,-1.441978514194488525e-01,-3.150122985243797302e-02,-1.157011911273002625e-01,-2.731264829635620117e-01,1.995821893215179443e-01,3.780484795570373535e-01,1.122958883643150330e-01,2.100152373313903809e-01,-1.413643360137939453e-01,-1.102044060826301575e-01,4.730123654007911682e-02,1.875764429569244385e-01,6.151660159230232239e-02,2.787108123302459717e-01,-2.687400579452514648e-01,-1.720527261495590210e-01,-2.377855330705642700e-01,-1.254995912313461304e-01,-2.057978510856628418e-01,-2.088599354028701782e-01,-1.915848255157470703e-01,-6.380818039178848267e-02,1.050457805395126343e-01,2.138824015855789185e-01,-1.744535416364669800e-01,-1.017916873097419739e-01,1.268547028303146362e-01,9.916839748620986938e-02,-2.514694929122924805e-01,-2.079087346792221069e-01,-4.103190898895263672e-01,-4.214941263198852539e-01,-1.827499568462371826e-01,-2.485057562589645386e-01,-2.453071624040603638e-01,-5.701148882508277893e-02,9.281156957149505615e-02,1.893523782491683960e-01,5.433048680424690247e-02,1.729141473770141602e-01,1.187369376420974731e-01,-9.931758977472782135e-03,2.110889703035354614e-01,2.401021122932434082e-01,1.897494941949844360e-01,1.639733761548995972e-01,1.727050095796585083e-01,9.100732952356338501e-02,2.916131615638732910e-01,1.174872070550918579e-01,3.140220940113067627e-01,5.222706198692321777e-01,4.120826721191406250e-01,3.538067936897277832e-01,1.857459545135498047e-01,1.446512788534164429e-01,3.117521703243255615e-01,3.861823081970214844e-01,-2.819693684577941895e-01,-2.892410755157470703e-01,-1.989573538303375244e-01,-1.509100794792175293e-01,9.645915031433105469e-02,1.688781678676605225e-01,-6.535483896732330322e-02,-1.824155896902084351e-01,1.630628854036331177e-01,8.450254052877426147e-02,1.470239311456680298e-01,6.946749985218048096e-02,-1.742450334131717682e-02,-3.572682384401559830e-03,3.757852315902709961e-02,-9.615144878625869751e-02,2.144791185855865479e-01,-5.775591731071472168e-02,-1.334817409515380859e-01,1.983037590980529785e-02,1.197019293904304504e-01,-7.032496389001607895e-03,-5.621089786291122437e-02,-1.451799869537353516e-01,-8.184472471475601196e-02,-1.456428468227386475e-01,-2.440986037254333496e-01,-4.387586936354637146e-02,-2.798143327236175537e-01,-1.879688054323196411e-01,-2.426217049360275269e-01,-6.216665729880332947e-02,1.238517016172409058e-01,1.012210994958877563e-01,1.939489394426345825e-01,2.816850878298282623e-02,1.935214400291442871e-01,9.509079903364181519e-02,1.165890246629714966e-01,-2.583442330360412598e-01,1.910360753536224365e-01,6.478946655988693237e-02,-8.332019299268722534e-02,-1.993708610534667969e-01,-1.124520301818847656e-01,3.370883315801620483e-02,-2.757197618484497070e-01,7.459589838981628418e-02,1.137992069125175476e-01,1.107304692268371582e-01,2.549541927874088287e-02,6.607583165168762207e-02
2.523384094238281250e-01,-3.999075666069984436e-02,0.000000000000000000e+00,2.962206602096557617e-01,1.920808553695678711e-01,-8.188434876501560211e-03,3.883746266365051270e-01,-1.497888099402189255e-02,6.967317312955856323e-02,2.100377157330513000e-02,-8.934014290571212769e-02,-4.492936134338378906e-01,2.011404782533645630e-01,-2.598012983798980713e-01,2.151816338300704956e-01,-1.522429869510233402e-03,-3.077616691589355469e-01,-2.106712311506271362e-01,3.752385377883911133e-01,2.478561699390411377e-01,1.033920422196388245e-01,4.949022084474563599e-02,5.662047266960144043e-01,5.265282988548278809e-01,2.973212301731109619e-01,7.131310552358627319e-02,2.595980763435363770e-01,1.523808389902114868e-01,-2.927176952362060547e-01,-3.162811100482940674e-01,1.444129198789596558e-01,2.942804992198944092e-01,1.407734900712966919e-01,-1.204578951001167297e-01,2.592525184154510498e-01,-1.931783556938171387e-02,1.444234997034072876e-01,1.741905808448791504e-01,1.688717007637023926e-01,6.408487260341644287e-02,1.695543974637985229e-01,-1.199183687567710876e-01,-2.068190276622772217e-01,-2.085997760295867920e-01,-3.637911677360534668e-01,-4.539424479007720947e-01,-1.989150345325469971e-01,-1.479819267988204956e-01,-3.222433030605316162e-01,-3.473425805568695068e-01,-2.288670986890792847e-01,-3.632692098617553711e-01,-1.463644355535507202e-01,-2.056613266468048096e-01,-1.776633560657501221e-01,-8.214101195335388184e-02,-4.160070419311523438e-02,-1.186109110713005066e-01,-2.478859275579452515e-01,-3.849609792232513428e-01,-1.148454323410987854e-01,-4.103119075298309326e-01,-2.687235772609710693e-01,-4.006173908710479736e-01,4.244906008243560791e-01,1.523636132478713989e-01,1.613079756498336792e-01,-1.292980462312698364e-01,2.837209403514862061e-01,2.697248160839080811e-01,2.398125678300857544e-01,1.372586786746978760e-01,2.602372318506240845e-02,-8.057928085327148438e-02,6.769165396690368652e-02,1.347711533308029175e-01,-4.132243990898132324e-02,-1.253827959299087524e-01,-1.355169564485549927e-01,-2.043168097734451294e-01,-2.385121136903762817e-01,-3.271034955978393555e-01,2.887870743870735168e-02,-2.015882879495620728e-01,7.646150887012481689e-02,-3.525073826313018799e-01,3.934715390205383301e-01,6.696081161499023438e-02,1.035955622792243958e-01,-1.889812350273132324e-01,2.120373994112014771e-01,3.662466406822204590e-01,2.516379952430725098e-01,4.435093104839324951e-01,2.832717299461364746e-01,2.224362045526504517e-01,1.664017587900161743e-01,1.966107934713363647e-01,-8.471247553825378418e-02,2.092061936855316162e-01,-6.746921688318252563e-02,-3.227397799491882324e-02,1.765831261873245239e-01,1.713887043297290802e-02,1.043902635574340820e-01,1.713356226682662964e-01,1.547609120607376099e-01,8.407673984766006470e-02,1.524053514003753662e-01,6.113341823220252991e-02,1.412908732891082764e-01,7.386548072099685669e-02,-2.347571961581707001e-02,4.288915172219276428e-02,1.515864580869674683e-02,3.724743798375129700e-02
-1.471450924873352051e-01,-6.633342057466506958e-02,2.962206602096557617e-01,0.000000000000000000e+00,3.446846082806587219e-02,2.147178351879119873e-02,5.665666889399290085e-03,4.874952137470245361e-01,-1.623668521642684937e-01,1.399276107549667358e-01,-4.423235654830932617e-01,-8.478220552206039429e-02,-2.380806356668472290e-01,-5.408106371760368347e-02,-2.644472718238830566e-01,-4.383471235632896423e-02,-1.838275492191314697e-01,-2.748495042324066162e-01,-1.367963701486587524e-01,1.571330241858959198e-02,8.935914188623428345e-02,-1.715505421161651611e-01,2.853248715400695801e-01,4.754863083362579346e-01,1.299052089452743530e-01,1.669508814811706543e-01,4.948753863573074341e-03,-1.015792042016983032e-01,-2.787851393222808838e-01,-1.867773383855819702e-01,-1.792946830391883850e-02,1.509217023849487305e-01,1.807299554347991943e-01,1.653527915477752686e-01,1.205343008041381836e-01,1.653833538293838501e-01,5.769620090723037720e-02,9.327638894319534302e-02,-1.151373516768217087e-02,5.422874167561531067e-02,-1.947821676731109619e-02,-2.998205721378326416e-01,-1.774369329214096069e-01,-1.093688830733299255e-01,-2.585433423519134521e-01,-2.784125506877899170e-01,-1.277328282594680786e-01,-1.121752336621284485e-01,-2.517189979553222656e-01,-2.220577299594879150e-01,-2.653346359729766846e-01,-1.712813228368759155e-01,-2.094635814428329468e-01,9.162616916000843048e-03,-2.570752799510955811e-01,-1.987082213163375854e-01,-4.917589947581291199e-02,-1.891565136611461639e-02,-2.436795681715011597e-01,-1.669456809759140015e-01,-2.847184836864471436e-01,2.588933333754539490e-02,3.022429719567298889e-02,-3.813391178846359253e-02,4.937580972909927368e-02,4.869855046272277832e-01,1.402472406625747681e-01,1.807467490434646606e-01,6.889627128839492798e-02,2.012160718441009521e-01,8.257059007883071899e-02,-7.715985924005508423e-02,-1.812700629234313965e-01,-1.518943607807159424e-01,-1.092109009623527527e-01,-9.535282105207443237e-02,-3.375081121921539307e-01,-1.187391728162765503e-01,-2.696206569671630859e-01,-2.488965727388858795e-02,5.294117331504821777e-02,-9.435681253671646118e-02,2.211171388626098633e-02,-8.401632308959960938e-02,-2.367700636386871338e-01,6.987389177083969116e-02,1.114680990576744080e-01,-1.595620363950729370e-01,-2.516277432441711426e-01,-1.072402019053697586e-02,2.414460480213165283e-01,1.416223794221878052e-01,2.052957415580749512e-01,1.111197620630264282e-01,2.541829049587249756e-01,3.376388251781463623e-01,7.820186764001846313e-02,2.162650078535079956e-01,-7.890422642230987549e-02,2.915422618389129639e-02,-2.151433676481246948e-01,-1.220818758010864258e-01,4.416089504957199097e-02,6.077060475945472717e-02,6.849879771471023560e-02,1.543700546026229858e-01,1.795170754194259644e-01,-6.152417138218879700e-02,2.560976743698120117e-01,1.072799041867256165e-01,7.511001080274581909e-02,-4.358838498592376709e-02,-1.537666320800781250e-01,5.856683850288391113e-02,-1.068469285964965820e-01,-1.178671717643737793e-01
-9.320625662803649902e-02,-5.627905577421188354e-02,1.920808553695678711e-01,3.446846082806587219e-02,0.000000000000000000e+00,3.731264472007751465e-01,8.202597498893737793e-03,-2.040843479335308075e-02,1.891159862279891968e-01,2.338172309100627899e-02,-2.754024565219879150e-01,-2.819938063621520996e-01,-2.221573293209075928e-01,-1.679713129997253418e-01,8.996141143143177032e-03,-7.254337426275014877e-03,-1.902297735214233398e-01,-1.707404106855392456e-01,9.736633300781250000e-02,-4.154602997004985809e-03,1.175048276782035828e-01,1.018407344818115234e-01,2.417175769805908203e-01,1.921415328979492188e-01,3.297557234764099121e-01,3.463524580001831055e-01,4.533138871192932129e-01,3.079791963100433350e-01,-1.935727298259735107e-01,-2.351125478744506836e-01,1.987209618091583252e-01,3.364146649837493896e-01,-4.068786278367042542e-03,-6.090044975280761719e-03,3.253819346427917480e-01,1.402068734169006348e-01,8.811344951391220093e-02,1.311442404985427856e-01,1.037947759032249451e-01,1.793428063392639160e-01,1.497719138860702515e-01,-1.392960399389266968e-01,-9.632776677608489990e-02,-6.707274168729782104e-02,-1.365376114845275879e-01,-2.062232345342636108e-01,-7.316204160451889038e-02,-1.334578823298215866e-02,-4.162730276584625244e-02,-1.081034615635871887e-01,-6.586030870676040649e-02,-9.295340627431869507e-02,-5.690683797001838684e-02,-5.272602662444114685e-02,-9.779057651758193970e-02,1.624556034803390503e-01,2.636190317571163177e-02,-1.332187205553054810e-01,-6.461258977651596069e-02,-9.488559514284133911e-02,-2.336436212062835693e-01,-1.736514866352081299e-01,-2.118048965930938721e-01,-2.162216007709503174e-01,1.698074936866760254e-01,5.362409725785255432e-02,1.782585829496383667e-01,3.777378425002098083e-02,4.391983151435852051e-02,2.945420099422335625e-03,2.470336854457855225e-01,2.564308643341064453e-01,9.886622428894042969e-02,2.882237732410430908e-02,5.676002055406570435e-02,9.950550645589828491e-02,-4.418135434389114380e-02,-1.914159506559371948e-01,-1.087299883365631104e-01,-8.760071545839309692e-02,-5.386832356452941895e-02,5.348217487335205078e-02,-8.707419782876968384e-02,-4.126061499118804932e-02,-3.494984284043312073e-02,-5.999954044818878174e-02,2.256771922111511230e-01,6.081192567944526672e-02,-7.697094976902008057e-02,-1.391262840479612350e-02,1.292017102241516113e-01,1.332619041204452515e-01,1.756864339113235474e-01,4.455777630209922791e-02,1.955885440111160278e-01,1.970768570899963379e-01,1.690523475408554077e-01,5.730964988470077515e-02,-1.848531067371368408e-01,-1.049346253275871277e-01,-1.074564531445503235e-01,-7.657674700021743774e-02,-3.980180248618125916e-02,6.227095145732164383e-03,-9.672984480857849121e-03,1.126297563314437866e-01,1.923088431358337402e-01,4.837016016244888306e-02,1.838519275188446045e-01,1.557285487651824951e-01,7.618013769388198853e-02,-1.618476212024688721e-01,-8.457960188388824463e-02,1.804353669285774231e-02,8.603512495756149292e-02,2.624893747270107269e-02
-9.339007735252380371e-02,2.080288529396057129e-02,-8.188434876501560211e-03,2.147178351879119873e-02,3.731264472007751465e-01,0.000000000000000000e+00,-1.524302661418914795e-01,-1.039359569549560547e-01,2.091405838727951050e-01,-4.531458020210266113e-02,-1.075723841786384583e-01,-3.266342356801033020e-02,-1.580789834260940552e-01,1.092395652085542679e-02,-4.367334395647048950e-02,-1.525390446186065674e-01,-1.560890972614288330e-01,-4.455009475350379944e-02,-1.288997530937194824e-01,-6.934650242328643799e-02,2.577732317149639130e-02,1.595166325569152832e-02,3.588802739977836609e-02,5.503003671765327454e-02,1.387714594602584839e-01,1.655803322792053223e-01,1.958466172218322754e-01,2.920038700103759766e-01,-3.636307641863822937e-02,-4.061663150787353516e-02,1.436389237642288208e-01,2.643120884895324707e-01,9.954988956451416016e-02,2.015152573585510254e-01,2.062545716762542725e-01,2.068527191877365112e-01,-4.228492081165313721e-02,-3.402330353856086731e-02,5.584026128053665161e-02,1.571568474173545837e-02,5.491501465439796448e-02,-1.624715626239776611e-01,-1.771904714405536652e-02,-1.785603468306362629e-03,4.041505232453346252e-02,2.525164000689983368e-02,1.165645569562911987e-02,2.633235976099967957e-02,1.061621308326721191e-01,-1.742197200655937195e-02,-2.999314293265342712e-02,-1.739867776632308960e-02,3.705595806241035461e-02,4.446825385093688965e-02,7.785062491893768311e-02,8.709971606731414795e-02,-3.606471233069896698e-03,5.729950219392776489e-02,6.158111244440078735e-02,5.772241950035095215e-02,-9.489520639181137085e-02,-3.678013011813163757e-02,-3.225027397274971008e-02,1.153692901134490967e-01,-7.570354267954826355e-03,-1.497686803340911865e-01,9.999925643205642700e-02,1.271483898162841797e-01,5.088404193520545959e-02,6.711596250534057617e-02,7.736770063638687134e-02,1.223143376410007477e-02,5.629984289407730103e-02,5.808304250240325928e-02,9.404549747705459595e-02,2.312807366251945496e-02,-8.412263542413711548e-02,-1.068741530179977417e-01,-1.118597835302352905e-01,-1.367086917161941528e-01,9.042000770568847656e-02,7.901035994291305542e-02,-3.602423518896102905e-02,1.251174658536911011e-01,1.031222641468048096e-01,1.067642346024513245e-01,7.487718015909194946e-02,1.324143856763839722e-01,4.836325347423553467e-02,-9.303952008485794067e-02,5.247710645198822021e-02,-2.496416866779327393e-02,2.764249034225940704e-02,-1.536482572555541992e-01,-5.169384181499481201e-03,4.088439512997865677e-03,8.210297673940658569e-02,-5.854525789618492126e-02,6.839413195848464966e-02,-1.236052066087722778e-01,1.016768068075180054e-01,-7.047666586004197598e-04,2.507409080862998962e-03,-6.998903304338455200e-02,-2.993372455239295959e-02,-1.155995018780231476e-02,-1.202187500894069672e-02,-6.075755134224891663e-02,6.325376033782958984e-02,7.833178341388702393e-02,5.840609222650527954e-02,-3.020108304917812347e-02,9.495464712381362915e-02,3.384476061910390854e-03,-6.649841368198394775e-02,-7.622221112251281738e-02
2.577948570251464844e-01,-1.441978514194488525e-01,3.883746266365051270e-01,5.665666889399290085e-03,8.202597498893737793e-03,-1.524302661418914795e-01,0.000000000000000000e+00,1.975690573453903198e-01,3.175587058067321777e-01,1.290216594934463501e-01,2.651909887790679932e-01,-1.430461108684539795e-01,3.565940260887145996e-01,-1.971550881862640381e-01,3.347645401954650879e-01,6.048257276415824890e-02,-9.796777367591857910e-02,-1.088758185505867004e-01,3.348731398582458496e-01,2.512187361717224121e-01,-9.204687923192977905e-02,7.788711693137884140e-03,2.752197980880737305e-01,1.313182115554809570e-01,-3.117572329938411713e-02,-1.582975089550018311e-01,8.429513126611709595e-02,-2.829022146761417389e-02,1.426472067832946777e-01,-1.053318306803703308e-01,6.139980256557464600e-02,-8.972702547907829285e-03,1.095892861485481262e-01,1.484933309257030487e-02,4.754813015460968018e-02,-9.676486253738403320e-02,-6.504748482257127762e-03,-3.145418316125869751e-02,2.240904048085212708e-02,1.534268446266651154e-02,2.058483194559812546e-03,-3.041017986834049225e-02,-3.159812688827514648e-01,-2.519882619380950928e-01,-3.995650708675384521e-01,-3.366238176822662354e-01,-3.280960917472839355e-01,-3.497579395771026611e-01,-3.320455849170684814e-01,-3.007591068744659424e-01,-2.345840632915496826e-01,-4.841182529926300049e-01,-1.667025834321975708e-01,-3.359328210353851318e-01,-2.441526204347610474e-01,-3.473660945892333984e-01,1.033253297209739685e-01,-7.723926007747650146e-02,-1.851116120815277100e-01,-2.954276204109191895e-01,2.913604974746704102e-01,-9.961985796689987183e-02,-4.368453519418835640e-04,-2.363049983978271484e-01,3.490296900272369385e-01,3.637099266052246094e-02,1.676594913005828857e-01,-1.063142791390419006e-01,9.188883751630783081e-02,-4.863090068101882935e-02,7.753898948431015015e-02,2.178696691989898682e-01,7.152122259140014648e-02,-3.898106142878532410e-02,7.892252504825592041e-02,5.845765024423599243e-02,1.605148315429687500e-01,4.222987219691276550e-02,1.264730542898178101e-01,5.816769599914550781e-02,-4.520294070243835449e-02,-7.840839028358459473e-02,-7.322778552770614624e-02,-6.491234898567199707e-02,7.384286820888519287e-02,-2.886232435703277588e-01,-8.417522534728050232e-03,-9.450395591557025909e-03,1.788565814495086670e-01,-1.399349272251129150e-01,1.583664491772651672e-02,1.449667364358901978e-01,9.889028966426849365e-02,3.288232982158660889e-01,4.624481871724128723e-02,-1.066027805209159851e-01,5.183333065360784531e-03,-2.582797035574913025e-02,-6.139934062957763672e-02,1.914114505052566528e-01,-1.214826107025146484e-01,5.784817039966583252e-02,7.198178768157958984e-02,-1.144152134656906128e-02,6.256295740604400635e-02,7.348398864269256592e-02,-8.522476255893707275e-02,6.924943625926971436e-02,-8.298427611589431763e-02,-1.737885624170303345e-01,1.209741681814193726e-01,1.428370624780654907e-01,-7.815584540367126465e-03,8.257903903722763062e-02,7.879757881164550781e-02,4.991124942898750305e-02
-1.232304498553276062e-01,-3.150122985243797302e-02,-1.497888099402189255e-02,4.874952137470245361e-01,-2.040843479335308075e-02,-1.039359569549560547e-01,1.975690573453903198e-01,0.000000000000000000e+00,5.053317174315452576e-02,3.035828471183776855e-01,-1.661959439516067505e-01,2.646569311618804932e-01,-8.813635259866714478e-02,1.541613489389419556e-01,-1.119982674717903137e-01,5.163764208555221558e-02,-9.531949460506439209e-02,-1.853386908769607544e-01,-5.079738423228263855e-02,1.019679084420204163e-01,-4.122360795736312866e-02,-2.017733454704284668e-01,2.500595524907112122e-02,1.352996677160263062e-01,-1.182157546281814575e-01,-4.291023313999176025e-02,-1.478483527898788452e-01,-2.126547992229461670e-01,-2.677236916497349739e-03,-7.393800187855958939e-03,-7.277066260576248169e-02,-4.817259311676025391e-02,1.432111859321594238e-02,1.248148828744888306e-01,-1.712762713432312012e-01,-8.277893066406250000e-02,-8.073984086513519287e-02,-1.142941936850547791e-01,-1.873216778039932251e-01,-5.577909201383590698e-02,-1.239359602332115173e-01,-1.775862425565719604e-01,-1.742223799228668213e-01,-4.238446429371833801e-02,-2.019658833742141724e-01,-1.081965193152427673e-01,-8.790513873100280762e-02,-2.151200622320175171e-01,-1.701402962207794189e-01,2.028936520218849182e-03,-1.108909696340560913e-01,-1.171206906437873840e-01,-6.825716048479080200e-02,-8.486661314964294434e-02,-9.250655770301818848e-02,-2.357989549636840820e-01,-5.757415294647216797e-02,3.777906531468033791e-03,-1.052667275071144104e-01,-6.142129749059677124e-02,1.163853630423545837e-01,3.184291422367095947e-01,1.188372597098350525e-01,8.014397323131561279e-02,-6.467791646718978882e-02,3.828563094139099121e-01,-3.510812669992446899e-02,4.863390699028968811e-03,-6.495741754770278931e-02,4.198938980698585510e-02,2.131726033985614777e-02,-1.470006406307220459e-01,-1.348854601383209229e-01,-1.642937064170837402e-01,-5.708339810371398926e-02,-1.323600262403488159e-01,-2.137973755598068237e-01,-1.097102537751197815e-01,-4.379314184188842773e-02,6.443834304809570312e-02,1.967686861753463745e-01,4.526736214756965637e-02,-8.210522681474685669e-02,-1.496218591928482056e-01,-1.457772552967071533e-01,4.770563542842864990e-02,-9.657520800828933716e-02,-2.521900236606597900e-01,-9.927484393119812012e-02,1.825609616935253143e-02,5.868243426084518433e-02,-6.947907805442810059e-02,8.194143325090408325e-02,-5.064161494374275208e-02,4.353284835815429688e-02,7.406934350728988647e-02,-8.323993533849716187e-02,1.286466885358095169e-02,2.840884402394294739e-02,3.781521320343017578e-02,-1.352516412734985352e-01,-1.259806007146835327e-01,-1.940780319273471832e-02,-1.108965575695037842e-01,1.045193970203399658e-01,1.001964658498764038e-01,6.898099929094314575e-02,-8.622059971094131470e-02,7.064872980117797852e-02,-6.378220766782760620e-02,-6.840874440968036652e-03,2.935536578297615051e-02,-8.026798069477081299e-02,1.289624720811843872e-01,-1.436958368867635727e-02,-4.805737361311912537e-02
3.572972118854522705e-02,-1.157011911273002625e-01,6.967317312955856323e-02,-1.623668521642684937e-01,1.891159862279891968e-01,2.091405838727951050e-01,3.175587058067321777e-01,5.053317174315452576e-02,0.000000000000000000e+00,1.379439681768417358e-01,9.181055426597595215e-02,-1.942034251987934113e-02,1.671300232410430908e-01,-2.459831163287162781e-02,4.166095852851867676e-01,8.123303949832916260e-02,-6.752038025297224522e-04,7.423575967550277710e-02,8.803115785121917725e-02,7.650917768478393555e-02,-1.613426208496093750e-02,2.559923827648162842e-01,6.289693713188171387e-02,1.802295632660388947e-02,3.320460394024848938e-02,-3.510091081261634827e-02,1.502131223678588867e-01,2.764674723148345947e-01,9.538178145885467529e-02,3.318910673260688782e-02,1.640032082796096802e-01,7.880137115716934204e-02,-7.076243311166763306e-02,-1.710475049912929535e-02,6.858197599649429321e-02,-1.026479993015527725e-02,-3.522567078471183777e-02,-6.990608572959899902e-02,3.614707291126251221e-02,-8.692238479852676392e-02,2.515697292983531952e-02,9.109758585691452026e-02,-2.608603835105895996e-01,-3.179657757282257080e-01,-2.373993545770645142e-01,-2.389867305755615234e-01,-3.381015956401824951e-01,-2.701340019702911377e-01,-7.316137105226516724e-02,-2.192353010177612305e-01,-7.858039438724517822e-02,-2.180296480655670166e-01,9.896097332239151001e-02,-2.139448672533035278e-01,1.064373552799224854e-02,-4.961819574236869812e-02,3.623101487755775452e-02,-2.879398316144943237e-02,-5.475756153464317322e-02,-1.928716897964477539e-01,1.886391490697860718e-01,-1.895597949624061584e-02,-1.148696541786193848e-01,-5.221898108720779419e-02,9.509221464395523071e-02,-1.338696479797363281e-01,-6.742845475673675537e-02,-1.103751137852668762e-01,6.021509319543838501e-02,-2.952195145189762115e-02,1.851392537355422974e-01,1.077185869216918945e-01,2.588642761111259460e-02,2.821053564548492432e-02,1.742064356803894043e-01,6.058526411652565002e-02,1.634191125631332397e-01,1.206902191042900085e-01,1.804768145084381104e-01,-2.682895362377166748e-01,1.064069420099258423e-01,3.211458399891853333e-02,1.114493235945701599e-02,8.111592382192611694e-03,2.249530553817749023e-01,-1.951825022697448730e-01,1.228171959519386292e-01,1.186470910906791687e-01,2.192231267690658569e-01,-1.671370416879653931e-01,5.323538556694984436e-02,1.333472579717636108e-01,5.255292169749736786e-03,9.065511822700500488e-02,-1.532121449708938599e-01,-1.850777268409729004e-01,1.035814583301544189e-01,-2.224588841199874878e-01,1.354258954524993896e-01,-6.850302219390869141e-02,1.730786561965942383e-01,-6.523216515779495239e-02,1.221023648977279663e-01,-2.648594975471496582e-01,3.110921569168567657e-02,-1.155721098184585571e-01,3.607320785522460938e-02,1.623509973287582397e-01,-1.626386642456054688e-01,2.460321411490440369e-02,-9.968502074480056763e-02,-4.386328905820846558e-02,1.032823231071233749e-02,8.220235817134380341e-03,-8.762370795011520386e-03,1.734301894903182983e-01
-1.482261866331100464e-01,-2.731264829635620117e-01,2.100377157330513000e-02,1.399276107549667358e-01,2.338172309100627899e-02,-4.531458020210266113e-02,1.290216594934463501e-01,3.035828471183776855e-01,1.379439681768417358e-01,0.000000000000000000e+00,3.855920210480690002e-02,-9.040940552949905396e-02,5.765401199460029602e-02,2.849696390330791473e-02,1.461652070283889771e-01,3.666346967220306396e-01,-2.905051223933696747e-02,-2.242134511470794678e-01,-1.435834020376205444e-01,-1.706207692623138428e-01,5.988855659961700439e-02,1.735007390379905701e-02,1.588442772626876831e-01,2.326197028160095215e-01,1.355786770582199097e-01,1.231170743703842163e-01,6.046786159276962280e-02,-1.023998484015464783e-01,-3.188771754503250122e-02,-2.868160009384155273e-01,-1.966459117829799652e-02,7.753336429595947266e-02,-1.916862577199935913e-01,-6.485553085803985596e-02,5.872734263539314270e-02,1.808502711355686188e-02,1.897771805524826050e-01,2.325594723224639893e-01,4.017866030335426331e-02,1.694642901420593262e-01,1.658479422330856323e-01,-9.058565646409988403e-02,-2.786484360694885254e-01,-2.717122733592987061e-01,-1.922282129526138306e-01,-2.231491208076477051e-01,-1.475390791893005371e-01,-1.419385224580764771e-01,-2.993583679199218750e-01,-7.850222289562225342e-02,-1.080190315842628479e-01,-1.560327112674713135e-01,-3.104641139507293701e-01,-6.987970322370529175e-02,-2.630353569984436035e-01,-1.627705842256546021e-01,-1.757076084613800049e-01,-1.802495419979095459e-01,-3.869793415069580078e-01,-1.191558390855789185e-01,2.594918245449662209e-03,-2.082547359168529510e-02,-2.032177746295928955e-01,-2.500964105129241943e-01,2.941717952489852905e-02,2.328530848026275635e-01,1.710014417767524719e-02,-3.463577479124069214e-02,-1.180684342980384827e-01,-8.849318325519561768e-02,-7.068741321563720703e-02,1.480465233325958252e-01,-1.671596169471740723e-01,-2.181510180234909058e-01,-1.228625997900962830e-01,1.072005406022071838e-01,-4.772185534238815308e-02,2.345760725438594818e-02,-1.416778415441513062e-01,8.757099509239196777e-02,-2.072801887989044189e-01,3.430682420730590820e-02,-1.875664107501506805e-02,9.865434467792510986e-02,-3.159824013710021973e-01,5.590743198990821838e-02,-5.353940650820732117e-02,3.655813634395599365e-01,5.103360116481781006e-02,3.499179482460021973e-01,3.618837296962738037e-01,-8.781018853187561035e-02,4.109869301319122314e-01,1.533857882022857666e-01,1.163397058844566345e-01,-4.403750970959663391e-02,-2.141884416341781616e-01,-4.102049395442008972e-02,7.252620160579681396e-02,9.482317417860031128e-02,-2.585456967353820801e-01,1.039615496993064880e-01,-5.990143120288848877e-02,1.539091318845748901e-01,-4.131614044308662415e-02,5.037945881485939026e-02,-1.416488885879516602e-01,5.566587299108505249e-02,2.074079960584640503e-02,-2.327922731637954712e-01,2.151699513196945190e-01,1.415468603372573853e-01,-1.361154369078576565e-03,-9.969346225261688232e-02,-1.848226934671401978e-01,-1.173363998532295227e-01
3.945662975311279297e-01,1.995821893215179443e-01,-8.934014290571212769e-02,-4.423235654830932617e-01,-2.754024565219879150e-01,-1.075723841786384583e-01,2.651909887790679932e-01,-1.661959439516067505e-01,9.181055426597595215e-02,3.855920210480690002e-02,0.000000000000000000e+00,2.403511404991149902e-01,5.342298746109008789e-01,1.547222733497619629e-01,3.106832802295684814e-01,9.223534166812896729e-02,1.146517246961593628e-01,1.798555850982666016e-01,2.364931106567382812e-01,2.284407615661621094e-01,-1.935481876134872437e-01,-8.294331282377243042e-02,-2.406424731016159058e-01,-3.449631333351135254e-01,-2.984013855457305908e-01,-4.024858772754669189e-01,-2.740609645843505859e-01,-2.148291468620300293e-01,3.552376329898834229e-01,1.641029119491577148e-01,-1.298114657402038574e-01,-2.246581763029098511e-01,4.454109817743301392e-02,-2.341908402740955353e-02,-2.941562235355377197e-01,-2.818446159362792969e-01,-2.216615676879882812e-01,-2.889350950717926025e-01,-6.870657950639724731e-02,-1.543893814086914062e-01,-1.181694418191909790e-01,7.852941751480102539e-02,-1.058941036462783813e-01,-5.268504843115806580e-02,-4.745165817439556122e-03,1.175623685121536255e-01,-6.898436695337295532e-02,-1.600640267133712769e-01,-3.882344439625740051e-02,7.422281801700592041e-02,4.015658050775527954e-02,-1.008193567395210266e-01,1.513595785945653915e-02,-1.139344498515129089e-01,1.206245422363281250e-01,-1.800982356071472168e-01,1.702692359685897827e-01,1.601544320583343506e-01,1.555400490760803223e-01,1.238945946097373962e-01,4.688282310962677002e-01,4.798550158739089966e-02,2.331820279359817505e-01,1.503389924764633179e-01,6.470105797052383423e-02,-3.940518200397491455e-01,-1.614690423011779785e-01,-2.356297522783279419e-01,-1.316775567829608917e-02,-4.047461226582527161e-02,-1.066910251975059509e-01,3.391657397150993347e-02,1.668038815259933472e-01,2.506214380264282227e-02,1.034499481320381165e-01,1.899460405111312866e-01,2.800728082656860352e-01,1.346079707145690918e-01,1.744273900985717773e-01,1.029328852891921997e-01,-7.586278766393661499e-02,-4.930398240685462952e-02,-7.839301228523254395e-02,8.430702984333038330e-02,2.882859110832214355e-01,-2.600782550871372223e-02,-1.480440199375152588e-01,9.291851520538330078e-02,3.266974687576293945e-01,-3.135747835040092468e-02,-2.070833295583724976e-01,-1.391344517469406128e-01,-1.971407383680343628e-01,2.697361074388027191e-02,-2.661378383636474609e-01,-3.635655939579010010e-01,-1.538905054330825806e-01,-1.248186081647872925e-01,2.250169217586517334e-01,2.114506214857101440e-01,8.509729802608489990e-02,2.090578228235244751e-01,3.055586107075214386e-02,-1.414316743612289429e-01,4.206582903861999512e-02,-7.488136738538742065e-02,-3.220697343349456787e-01,-6.710144877433776855e-02,-2.807567715644836426e-01,-2.480752021074295044e-01,-8.701276779174804688e-02,2.440911382436752319e-01,1.858759373426437378e-01,-2.433441579341888428e-02,-3.852214291691780090e-02,-3.778005251660943031e-03
-2.607581904157996178e-03,3.780484795570373535e-01,-4.492936134338378906e-01,-8.478220552206039429e-02,-2.819938063621520996e-01,-3.266342356801033020e-02,-1.430461108684539795e-01,2.646569311618804932e-01,-1.942034251987934113e-02,-9.040940552949905396e-02,2.403511404991149902e-01,0.000000000000000000e+00,8.573488891124725342e-02,5.398523211479187012e-01,-5.831551551818847656e-02,4.794701468199491501e-03,2.457564324140548706e-01,2.769119739532470703e-01,-1.517684310674667358e-01,8.422765880823135376e-02,-1.477907598018646240e-01,-2.255568057298660278e-01,-4.875489473342895508e-01,-3.618293702602386475e-01,-4.252751469612121582e-01,-3.782151937484741211e-01,-4.160622358322143555e-01,-2.398222982883453369e-01,3.544386625289916992e-01,4.702807068824768066e-01,-1.464092284440994263e-01,-2.651700675487518311e-01,4.162732511758804321e-02,9.365150332450866699e-02,-4.345288574695587158e-01,-2.665139436721801758e-01,-2.849100828170776367e-01,-3.731259405612945557e-01,-2.690798938274383545e-01,-2.650226354598999023e-01,-1.912679523229598999e-01,6.389929912984371185e-03,6.335581094026565552e-02,1.127147302031517029e-01,1.458884328603744507e-01,3.076583147048950195e-01,1.172136738896369934e-01,-1.948417350649833679e-02,2.366903722286224365e-01,2.625240087509155273e-01,1.995683014392852783e-01,1.938467621803283691e-01,1.465513706207275391e-01,5.573122948408126831e-02,2.967917323112487793e-01,-6.317109614610671997e-02,1.081493496894836426e-01,3.459976911544799805e-01,3.768791556358337402e-01,3.253729641437530518e-01,3.356605768203735352e-01,4.160811603069305420e-01,4.788156151771545410e-01,5.903754830360412598e-01,-3.852833211421966553e-01,-2.862267792224884033e-01,-2.222935110330581665e-01,-5.429022014141082764e-02,-1.100120842456817627e-01,-2.406416088342666626e-02,-9.506629407405853271e-02,-2.582316100597381592e-01,4.587281867861747742e-02,1.148520261049270630e-01,7.955145090818405151e-03,-8.347027003765106201e-02,7.379898428916931152e-02,1.195875108242034912e-01,9.460037946701049805e-02,5.489043891429901123e-02,3.412348628044128418e-01,2.199487835168838501e-01,-4.087717831134796143e-02,1.218669489026069641e-02,1.479273587465286255e-01,2.846608161926269531e-01,-2.298804968595504761e-01,-2.299984246492385864e-01,3.679163381457328796e-02,-5.797204747796058655e-02,-3.537782728672027588e-01,-2.789244353771209717e-01,-4.033142626285552979e-01,-3.984290957450866699e-01,-2.989305555820465088e-01,-1.964636892080307007e-01,-1.752621531486511230e-01,-1.052258759737014771e-01,2.581765055656433105e-01,-5.927355587482452393e-02,2.405516207218170166e-01,-6.773399561643600464e-02,-2.732668258249759674e-02,-2.309352457523345947e-01,1.210746262222528458e-02,-1.286160200834274292e-01,-1.382485777139663696e-01,-1.894900202751159668e-01,-1.328365802764892578e-01,-4.317177087068557739e-02,-1.940894722938537598e-01,3.440734464675188065e-03,7.294593006372451782e-02,7.792961597442626953e-02,-6.125758588314056396e-02,-3.947478532791137695e-02
4.505157470703125000e-01,1.122958883643150330e-01,2.011404782533645630e-01,-2.380806356668472290e-01,-2.221573293209075928e-01,-1.580789834260940552e-01,3.565940260887145996e-01,-8.813635259866714478e-02,1.671300232410430908e-01,5.765401199460029602e-02,5.342298746109008789e-01,8.573488891124725342e-02,0.000000000000000000e+00,1.431481540203094482e-01,4.051629602909088135e-01,1.269276887178421021e-01,-7.367413491010665894e-02,3.574076667428016663e-02,4.019579589366912842e-01,2.229107916355133057e-01,-8.231049031019210815e-02,-4.826873168349266052e-02,1.226969361305236816e-01,-1.163093224167823792e-01,-9.696371853351593018e-02,-3.383142352104187012e-01,-2.186510711908340454e-02,-1.086273789405822754e-02,9.887147694826126099e-02,-4.686553031206130981e-02,-1.214912533760070801e-01,-1.609683036804199219e-01,-7.727553695440292358e-02,-2.238414138555526733e-01,-2.183366268873214722e-01,-3.014097809791564941e-01,-1.365353614091873169e-01,-1.708429157733917236e-01,-7.511042058467864990e-02,-1.267404109239578247e-01,2.229610836366191506e-04,7.319081109017133713e-03,-1.271795183420181274e-01,-1.927867829799652100e-01,-2.502603828907012939e-01,-2.370945513248443604e-01,-1.641402095556259155e-01,-1.797854006290435791e-01,-1.896624118089675903e-01,-1.105055287480354309e-01,4.538214579224586487e-02,-1.592579483985900879e-01,1.069910898804664612e-01,-1.826550625264644623e-02,6.307822652161121368e-03,-1.613367050886154175e-01,5.014734715223312378e-02,5.825141817331314087e-02,1.679599843919277191e-02,-1.790547966957092285e-01,4.384247660636901855e-01,-1.620160788297653198e-01,2.754372358322143555e-02,-1.051076427102088928e-01,1.641753911972045898e-01,-2.319528758525848389e-01,-2.401468604803085327e-01,-4.201047122478485107e-01,1.087730154395103455e-01,8.377494663000106812e-02,1.539487093687057495e-01,1.271448880434036255e-01,1.702928245067596436e-01,1.590834185481071472e-02,1.276723854243755341e-02,1.770200580358505249e-01,1.648170948028564453e-01,9.326810948550701141e-03,1.421379148960113525e-01,-8.613248355686664581e-03,-7.209002971649169922e-02,-1.632906347513198853e-01,-5.608505755662918091e-02,-1.262634396553039551e-01,2.632072567939758301e-01,-1.957515627145767212e-01,-3.393121808767318726e-02,-1.682199165225028992e-02,2.761971652507781982e-01,-3.450000286102294922e-02,-9.018718264997005463e-03,1.169956102967262268e-01,1.962902769446372986e-02,2.771981060504913330e-01,-1.425331234931945801e-01,-1.642597615718841553e-01,-4.268648102879524231e-02,-5.568031594157218933e-02,1.641152203083038330e-01,3.069240152835845947e-01,2.077041566371917725e-02,1.823016852140426636e-01,2.529123239219188690e-02,-1.744244992733001709e-01,8.835549652576446533e-02,2.181159704923629761e-02,-1.137302368879318237e-01,-4.691994562745094299e-02,-1.834004819393157959e-01,-1.573220193386077881e-01,-1.406897306442260742e-01,2.183079272508621216e-01,2.682792246341705322e-01,3.055443800985813141e-02,2.086369320750236511e-02,6.459542363882064819e-02
