0.000000000000000000e+00,5.973899364471435547e-01,7.039220929145812988e-01,6.703825592994689941e-01,3.334773182868957520e-01,2.054787874221801758e-01,4.939750730991363525e-01,4.530299901962280273e-01,2.147967219352722168e-01,-4.384105559438467026e-03,2.468392848968505859e-01,4.070720970630645752e-01,2.219496220350265503e-01,1.265726089477539062e-01,2.670548856258392334e-01,2.808716893196105957e-01,-2.740293741226196289e-01,-2.548657953739166260e-01,7.553079128265380859e-01,6.684539318084716797e-01,-1.095307022333145142e-01,2.071616426110267639e-02,5.728589892387390137e-01,6.419668197631835938e-01,3.003131151199340820e-01,3.316033482551574707e-01,2.231950461864471436e-01,2.542100548744201660e-01,4.165633022785186768e-02,-2.624412178993225098e-01,4.517744779586791992e-01,5.416655540466308594e-01,4.066422283649444580e-01,1.974620223045349121e-01,-3.684463798999786377e-01,8.098746091127395630e-02,-3.309550285339355469e-01,-2.484531700611114502e-01,7.960432767868041992e-02,-6.511636078357696533e-02,1.828590035438537598e-01,-1.980461329221725464e-01,-3.671793043613433838e-01,-3.475022315979003906e-01,-5.607870221138000488e-01,-4.600171148777008057e-01,-3.197115063667297363e-01,-4.179257154464721680e-01,-5.373897552490234375e-01,-6.323294639587402344e-01,-5.853060483932495117e-01,-6.337073445320129395e-01,-2.926726341247558594e-01,-2.906088829040527344e-01,-2.339723408222198486e-01,-2.502726614475250244e-01,4.148754477500915527e-01,1.774720102548599243e-01,-3.167655169963836670e-01,-4.104892164468765259e-02,-2.704212963581085205e-01,-3.014231920242309570e-01,2.406203746795654297e-02,-4.119778275489807129e-01,-2.476183772087097168e-01,-4.959121346473693848e-01,-2.899713218212127686e-01,-2.671216726303100586e-01,6.529548168182373047e-01,5.189162492752075195e-01,3.505374491214752197e-01,2.815088331699371338e-01,1.402640342712402344e-01,4.433774575591087341e-02,-5.788011103868484497e-02,-1.572779566049575806e-01,5.371164157986640930e-02,-9.081717580556869507e-02,1.782981008291244507e-01,5.559689179062843323e-02,-3.879741206765174866e-02,-3.211550712585449219e-01,-1.879131235182285309e-02,-4.974579066038131714e-02,-1.632683277130126953e-01,-1.854806840419769287e-01,1.643329262733459473e-01,8.652976900339126587e-02,-2.962123602628707886e-02,-2.196449413895606995e-02,-4.840943515300750732e-01,-4.095413684844970703e-01,-3.660964667797088623e-01,-1.068095117807388306e-01,-7.841050624847412109e-02,-1.793029904365539551e-01,-3.985174596309661865e-01,-4.104568362236022949e-01,-3.845453262329101562e-01,-3.606683015823364258e-01,-4.818079620599746704e-02,2.144904136657714844e-01,-2.046056091785430908e-02,1.759732067584991455e-01,-1.456219553947448730e-01,-1.149676144123077393e-01,1.341537013649940491e-02,1.347138136625289917e-01,-1.184464711695909500e-02,-3.359187543392181396e-01,-4.809589385986328125e-01,-4.320378601551055908e-01,-3.245783150196075439e-01,-1.513470560312271118e-01,-2.279546409845352173e-01,-8.778506517410278320e-02
5.973899364471435547e-01,0.000000000000000000e+00,4.465729594230651855e-01,5.665873885154724121e-01,-3.487167507410049438e-02,-6.736579816788434982e-03,3.132164478302001953e-01,4.749234318733215332e-01,-1.465844959020614624e-01,-7.431698590517044067e-02,1.271667182445526123e-01,3.103044331073760986e-01,1.746135577559471130e-02,1.578327119350433350e-01,-1.222128868103027344e-01,7.796060293912887573e-03,-2.619876861572265625e-01,1.196903083473443985e-02,5.968288779258728027e-01,7.373247742652893066e-01,-3.473736718297004700e-02,-6.157132610678672791e-02,3.390225768089294434e-01,3.774577975273132324e-01,-4.248049110174179077e-02,-7.867272943258285522e-02,1.776358187198638916e-01,1.524511277675628662e-01,-2.354229986667633057e-01,-1.944763064384460449e-01,2.716678082942962646e-01,1.643736362457275391e-01,5.671975016593933105e-01,4.377034902572631836e-01,-2.011230289936065674e-01,-1.614325493574142456e-02,-2.201616168022155762e-01,-2.930155992507934570e-01,-1.230484694242477417e-01,-1.573769152164459229e-01,-3.220342844724655151e-02,-4.842687398195266724e-02,-2.175790369510650635e-01,-1.307900398969650269e-01,-2.569349110126495361e-01,-1.181150153279304504e-01,-2.002951353788375854e-01,-1.299006640911102295e-01,-2.615590691566467285e-01,-2.977826595306396484e-01,-2.359723597764968872e-01,-3.594465553760528564e-01,-1.096999198198318481e-01,-1.309850066900253296e-01,-1.035318523645401001e-01,-3.254386484622955322e-01,5.686282515525817871e-01,6.552984714508056641e-01,-1.979653909802436829e-02,5.942598730325698853e-02,-1.413236837834119797e-02,5.446647107601165771e-02,-1.625346839427947998e-01,-7.569096237421035767e-02,-1.699994057416915894e-01,-2.000121325254440308e-01,1.235774084925651550e-01,7.374330610036849976e-02,6.323906183242797852e-01,5.462712049484252930e-01,9.844403713941574097e-02,-1.855000853538513184e-02,-4.817770421504974365e-02,-7.896596193313598633e-02,1.851866543292999268e-01,2.080897800624370575e-02,5.991879850625991821e-02,6.984545290470123291e-02,-1.977306418120861053e-02,1.604514895007014275e-03,-8.852160722017288208e-02,-1.529944688081741333e-01,-2.465704679489135742e-01,-1.670927405357360840e-01,-7.560037821531295776e-02,-3.039909005165100098e-01,5.358859151601791382e-02,-2.299592643976211548e-02,9.511860460042953491e-02,-2.402391433715820312e-01,-3.531022667884826660e-01,-3.863930702209472656e-01,-1.677330136299133301e-01,-4.311400651931762695e-01,-1.144675463438034058e-01,-8.378072828054428101e-02,-2.617357671260833740e-01,-3.087637424468994141e-01,-3.796064257621765137e-01,-3.554341793060302734e-01,-1.459535211324691772e-01,-1.510335355997085571e-01,-2.347560971975326538e-01,-2.073731720447540283e-01,-2.386351525783538818e-01,-2.163764387369155884e-01,-1.582464277744293213e-01,-1.239294856786727905e-01,-3.135132417082786560e-02,-3.033753633499145508e-01,-2.959947586059570312e-01,-3.782474100589752197e-01,-3.448838591575622559e-01,-1.283179670572280884e-01,-2.527262866497039795e-01,5.142305418848991394e-02
7.039220929145812988e-01,4.465729594230651855e-01,0.000000000000000000e+00,8.020333051681518555e-01,3.441779315471649170e-01,2.624145448207855225e-01,6.291854381561279297e-01,6.000853776931762695e-01,1.958557367324829102e-01,2.486878819763660431e-02,2.071719765663146973e-01,3.677883446216583252e-01,3.448597192764282227e-01,2.191986739635467529e-01,2.882145941257476807e-01,2.698064446449279785e-01,-3.486824929714202881e-01,-3.194171488285064697e-01,7.326290011405944824e-01,6.731888055801391602e-01,-5.301849916577339172e-02,-3.263182193040847778e-02,7.515259981155395508e-01,7.960318326950073242e-01,4.094765782356262207e-01,4.045772850513458252e-01,1.760168522596359253e-01,1.804885268211364746e-01,-1.253301203250885010e-01,-2.977858185768127441e-01,4.997700750827789307e-01,5.478381514549255371e-01,2.128968983888626099e-01,1.704959273338317871e-01,-4.483059048652648926e-01,1.069647725671529770e-02,-4.305115938186645508e-01,-2.514540255069732666e-01,2.431784197688102722e-02,-4.596412926912307739e-02,1.091848611831665039e-01,-2.112896144390106201e-01,-3.908258676528930664e-01,-4.025627672672271729e-01,-5.669798851013183594e-01,-5.269078016281127930e-01,-3.986156284809112549e-01,-3.961736261844635010e-01,-5.072797536849975586e-01,-4.824506938457489014e-01,-5.472742319107055664e-01,-5.236450433731079102e-01,-2.591245174407958984e-01,-1.166995912790298462e-01,-2.113485634326934814e-01,-1.918156445026397705e-01,1.639544516801834106e-01,-4.895440116524696350e-02,-3.057295978069305420e-01,-4.332894459366798401e-02,-3.510764241218566895e-01,-3.061970770359039307e-01,-1.913215816020965576e-01,-5.029617547988891602e-01,-3.626772761344909668e-01,-3.969500660896301270e-01,-3.977749645709991455e-01,-3.724697530269622803e-01,4.625596702098846436e-01,3.464719057083129883e-01,2.274426817893981934e-01,1.943599730730056763e-01,-1.376998238265514374e-02,-6.605444848537445068e-02,-1.339522302150726318e-01,-1.802912652492523193e-01,-9.277021139860153198e-02,-1.683174818754196167e-01,-1.263997144997119904e-02,-6.808348745107650757e-02,-2.815265655517578125e-01,-4.462421834468841553e-01,-1.606067419052124023e-01,-9.586004167795181274e-02,-2.953996360301971436e-01,-2.093668878078460693e-01,7.681219279766082764e-02,6.364018190652132034e-03,-4.979778453707695007e-02,-1.061034351587295532e-01,-3.219898641109466553e-01,-1.760040074586868286e-01,-1.244835406541824341e-01,4.794090613722801208e-02,-7.566016912460327148e-02,-1.809267997741699219e-01,-3.886152803897857666e-01,-3.897964060306549072e-01,-2.173869311809539795e-01,-2.262836545705795288e-01,1.032015681266784668e-01,3.716008365154266357e-01,6.273143738508224487e-02,2.632459700107574463e-01,-1.606972515583038330e-01,-9.206398576498031616e-02,8.273487538099288940e-02,1.385667473077774048e-01,-7.539974898099899292e-02,-4.149589240550994873e-01,-4.872698187828063965e-01,-3.318306803703308105e-01,-1.673154532909393311e-01,-1.454997509717941284e-01,-2.835201025009155273e-01,-8.458004891872406006e-02
6.703825592994689941e-01,5.665873885154724121e-01,8.020333051681518555e-01,0.000000000000000000e+00,2.317570447921752930e-01,2.743214368820190430e-01,5.878823995590209961e-01,6.139579415321350098e-01,3.634362295269966125e-02,1.282195746898651123e-01,1.415189653635025024e-01,4.115979373455047607e-01,3.103743791580200195e-01,2.374237924814224243e-01,1.223360672593116760e-01,1.386251896619796753e-01,-3.187119066715240479e-01,-2.243989706039428711e-01,7.192888259887695312e-01,7.342833876609802246e-01,6.399748474359512329e-02,5.660309921950101852e-03,7.442686557769775391e-01,7.468346953392028809e-01,2.861433327198028564e-01,2.566444873809814453e-01,1.688308864831924438e-01,1.889697015285491943e-01,-1.557147055864334106e-01,-2.450087219476699829e-01,5.631262063980102539e-01,4.261960387229919434e-01,3.318376243114471436e-01,3.101265430450439453e-01,-3.173542618751525879e-01,-2.726742625236511230e-02,-3.294929265975952148e-01,-2.938902676105499268e-01,-1.113823950290679932e-01,-6.241064518690109253e-02,7.952299714088439941e-02,-6.830892711877822876e-02,-3.844193816184997559e-01,-3.675906956195831299e-01,-5.336493253707885742e-01,-4.364015460014343262e-01,-4.084099829196929932e-01,-3.109805583953857422e-01,-5.107297301292419434e-01,-4.198445379734039307e-01,-4.935416877269744873e-01,-4.801637232303619385e-01,-2.135393321514129639e-01,-1.955547742545604706e-02,-2.114534229040145874e-01,-2.258411347866058350e-01,2.278254628181457520e-01,1.132306978106498718e-01,-2.374460548162460327e-01,-6.042764708399772644e-02,-3.298800289630889893e-01,-1.792200207710266113e-01,-2.612548470497131348e-01,-3.928529322147369385e-01,-2.986911535263061523e-01,-2.674791216850280762e-01,-2.452658414840698242e-01,-2.268100827932357788e-01,4.688168466091156006e-01,3.579525351524353027e-01,2.194541692733764648e-01,2.078617662191390991e-01,2.927437797188758850e-02,-5.197489634156227112e-02,1.768012647517025471e-03,-4.276394844055175781e-02,-7.224603742361068726e-02,-5.403409525752067566e-02,-5.744522437453269958e-02,-7.879391312599182129e-02,-2.370625436305999756e-01,-3.053342700004577637e-01,-2.784205973148345947e-01,-1.248400956392288208e-01,-1.830166280269622803e-01,-1.218384280800819397e-01,5.423917248845100403e-02,5.666942149400711060e-02,-4.203668609261512756e-02,-8.863499015569686890e-02,-2.877990603446960449e-01,-9.973797202110290527e-02,-9.625820815563201904e-02,-4.719763249158859253e-02,-1.564085297286510468e-02,-9.320860356092453003e-02,-3.286081552505493164e-01,-3.297388851642608643e-01,-1.932679563760757446e-01,-1.973105520009994507e-01,5.210398137569427490e-02,2.693622112274169922e-01,5.549947265535593033e-03,2.035886645317077637e-01,-2.242261469364166260e-01,-1.124701797962188721e-01,3.282340988516807556e-02,1.180509179830551147e-01,-5.864743143320083618e-02,-4.013348519802093506e-01,-4.157844483852386475e-01,-3.157335817813873291e-01,-1.576720178127288818e-01,-1.279135048389434814e-01,-3.201279640197753906e-01,-4.123795777559280396e-02
3.334773182868957520e-01,-3.487167507410049438e-02,3.441779315471649170e-01,2.317570447921752930e-01,0.000000000000000000e+00,5.852979421615600586e-01,1.060084328055381775e-01,-3.308142721652984619e-02,5.748933553695678711e-01,4.111597239971160889e-01,1.660147905349731445e-01,1.927823871374130249e-01,1.944540143013000488e-01,3.124971501529216766e-02,7.140913605690002441e-01,6.403548717498779297e-01,-8.601164072751998901e-02,-1.003095954656600952e-01,2.822692096233367920e-01,4.293563961982727051e-02,1.315568387508392334e-01,3.159262537956237793e-01,2.878116369247436523e-01,3.998965919017791748e-01,5.769915580749511719e-01,6.206082105636596680e-01,4.600940942764282227e-01,5.236309766769409180e-01,2.285406291484832764e-01,-3.974503651261329651e-02,3.111039400100708008e-01,4.191726148128509521e-01,-1.057358309626579285e-01,-2.315973192453384399e-01,-1.525429487228393555e-01,2.238371670246124268e-01,-8.598636835813522339e-02,-1.014872733503580093e-02,3.319035768508911133e-01,2.963815033435821533e-01,8.118329942226409912e-02,-1.684396713972091675e-01,-2.347582876682281494e-01,-2.133859694004058838e-01,-2.832841575145721436e-01,-3.398124873638153076e-01,-1.736512184143066406e-01,-2.464045435190200806e-01,-3.886369764804840088e-01,-4.473977982997894287e-01,-5.376156568527221680e-01,-4.650961458683013916e-01,-3.458406627178192139e-01,-3.499218821525573730e-01,-8.263877034187316895e-02,4.327593371272087097e-02,-2.657786570489406586e-02,-2.729704976081848145e-01,-3.823571503162384033e-01,4.856640473008155823e-02,-3.655961453914642334e-01,-3.980455100536346436e-01,1.344543397426605225e-01,-3.010956943035125732e-01,-1.691183298826217651e-01,-2.986216247081756592e-01,-3.125604391098022461e-01,-2.327110767364501953e-01,2.396417856216430664e-01,2.877810001373291016e-01,5.414065122604370117e-01,5.187695026397705078e-01,2.724336981773376465e-01,2.699658870697021484e-01,-1.029560342431068420e-01,-1.005142778158187866e-01,1.593733578920364380e-01,5.644497275352478027e-02,1.863816678524017334e-01,2.783850431442260742e-01,1.833520978689193726e-01,-1.073748394846916199e-01,2.949294149875640869e-01,1.242487430572509766e-01,1.852194964885711670e-02,1.397899072617292404e-02,4.011048376560211182e-01,3.071461021900177002e-01,-3.176691755652427673e-02,1.616534739732742310e-01,-2.817690372467041016e-01,-1.818208694458007812e-01,-4.023226201534271240e-01,5.168564245104789734e-02,9.342692792415618896e-03,1.904148049652576447e-02,-1.484171152114868164e-01,-1.184001564979553223e-01,-1.399013996124267578e-01,-1.745814234018325806e-01,1.894624531269073486e-02,2.423964440822601318e-01,2.065168768167495728e-01,3.135474324226379395e-01,-1.128631681203842163e-01,-1.191222444176673889e-01,1.415668874979019165e-01,3.104830086231231689e-01,5.192090611672028899e-05,-1.766092143952846527e-02,-1.920620501041412354e-01,-1.132760718464851379e-01,-2.412958443164825439e-01,-1.974096894264221191e-01,-1.798988878726959229e-01,-1.389245986938476562e-01
2.054787874221801758e-01,-6.736579816788434982e-03,2.624145448207855225e-01,2.743214368820190430e-01,5.852979421615600586e-01,0.000000000000000000e+00,1.440751403570175171e-01,-9.575122967362403870e-03,1.970025449991226196e-01,6.315429806709289551e-01,8.382582664489746094e-02,1.357910037040710449e-01,2.279517352581024170e-01,-9.186013042926788330e-02,4.099433422088623047e-01,4.660428166389465332e-01,-3.330180048942565918e-02,-7.367093116044998169e-02,1.485883742570877075e-01,4.954037070274353027e-02,3.064057230949401855e-01,3.914669752120971680e-01,3.003950119018554688e-01,2.735629975795745850e-01,5.086919069290161133e-01,4.450859129428863525e-01,6.413477659225463867e-01,6.411628723144531250e-01,4.016475751996040344e-02,-1.381760090589523315e-01,4.045061469078063965e-01,1.075745970010757446e-01,5.935847759246826172e-02,3.488493338227272034e-02,-2.091699279844760895e-02,-1.611860841512680054e-02,-1.690220087766647339e-02,-2.378864437341690063e-01,1.213950756937265396e-02,3.577039837837219238e-01,-9.019607305526733398e-02,1.120663657784461975e-01,-3.002419881522655487e-02,-7.022386789321899414e-02,-1.310971826314926147e-01,-6.632806360721588135e-02,-5.849901959300041199e-02,-1.054930966347455978e-02,-2.427959144115447998e-01,-1.279138773679733276e-01,-4.073451757431030273e-01,-3.397456407546997070e-01,-2.310531884431838989e-01,-1.230627521872520447e-01,1.609374769032001495e-02,6.603483110666275024e-02,5.071705952286720276e-02,-1.668672561645507812e-01,-5.371359735727310181e-02,1.142613515257835388e-01,-1.924102008342742920e-01,-6.920389086008071899e-02,-9.880142286419868469e-03,-1.579735577106475830e-01,-1.437499970197677612e-01,-2.061804011464118958e-02,-1.016905996948480606e-02,4.930099472403526306e-02,1.192561686038970947e-01,1.549043655395507812e-01,2.741876840591430664e-01,3.952997028827667236e-01,1.952406913042068481e-01,7.883963733911514282e-02,1.390354782342910767e-01,1.802486479282379150e-01,-1.474809553474187851e-02,1.303341537714004517e-01,-1.944384723901748657e-01,1.441072858870029449e-02,3.187463805079460144e-02,-7.276061922311782837e-02,-5.110041424632072449e-02,-9.889628738164901733e-03,1.363739073276519775e-01,1.055083796381950378e-01,3.337177336215972900e-01,4.114851355552673340e-01,4.309478774666786194e-02,1.879721581935882568e-01,-1.065844371914863586e-01,1.198366582393646240e-01,-2.923803627490997314e-01,-8.571924269199371338e-02,-3.697015112265944481e-03,8.163110166788101196e-02,-8.583679795265197754e-02,2.466467954218387604e-02,2.618022821843624115e-02,-2.340832538902759552e-02,-1.212689876556396484e-01,3.250220417976379395e-02,3.566814586520195007e-02,1.712398976087570190e-01,-1.589064747095108032e-01,-5.910895019769668579e-02,-2.299067191779613495e-02,2.029624283313751221e-01,4.517282545566558838e-02,-4.488938301801681519e-02,-7.003619521856307983e-02,-1.254127919673919678e-02,-1.310810297727584839e-01,-1.241793707013130188e-01,-1.745345741510391235e-01,-1.263571828603744507e-01
4.939750730991363525e-01,3.132164478302001953e-01,6.291854381561279297e-01,5.878823995590209961e-01,1.060084328055381775e-01,1.440751403570175171e-01,0.000000000000000000e+00,7.315127253532409668e-01,2.654603421688079834e-01,3.182359784841537476e-02,4.526502192020416260e-01,4.883975982666015625e-01,6.283383965492248535e-01,4.649347960948944092e-01,8.226168900728225708e-02,1.492836028337478638e-01,-1.662264764308929443e-01,-2.643932700157165527e-01,5.632743239402770996e-01,5.269066691398620605e-01,-2.550207972526550293e-01,-2.995344102382659912e-01,6.978341937065124512e-01,6.034915447235107422e-01,4.319781661033630371e-01,4.289058148860931396e-01,-4.576210677623748779e-02,-8.454035222530364990e-02,9.223577566444873810e-03,-1.758029013872146606e-01,5.168039798736572266e-01,5.948169827461242676e-01,3.877275288105010986e-01,3.523604273796081543e-01,-3.623459637165069580e-01,3.323016688227653503e-02,-4.848423600196838379e-01,-3.607081770896911621e-01,-1.609352678060531616e-01,-2.864935994148254395e-01,-1.601150333881378174e-01,-2.955365777015686035e-01,-3.404483795166015625e-01,-4.778082072734832764e-01,-4.321909844875335693e-01,-4.239585101604461670e-01,-4.247243106365203857e-01,-3.654614090919494629e-01,-2.140297293663024902e-01,-2.207580655813217163e-01,-3.387263417243957520e-01,-2.182055562734603882e-01,-3.061393499374389648e-01,-1.018328368663787842e-01,-4.418048262596130371e-01,-3.355453312397003174e-01,1.311278939247131348e-01,-2.612550184130668640e-02,-1.169659346342086792e-01,-1.038335338234901428e-01,-3.715340420603752136e-02,-1.433674395084381104e-01,1.040452159941196442e-02,-2.867117822170257568e-01,-4.025946855545043945e-01,-3.327208459377288818e-01,-3.136935532093048096e-01,-3.483465313911437988e-01,2.077876031398773193e-01,9.117969125509262085e-02,1.584953516721725464e-01,2.208691090345382690e-01,1.611062698066234589e-02,-6.417327374219894409e-02,-1.995307952165603638e-01,-1.179770305752754211e-01,-1.847311705350875854e-01,-2.305009663105010986e-01,-3.905818238854408264e-02,-1.409108787775039673e-01,-4.205096364021301270e-01,-5.247201323509216309e-01,-2.064864337444305420e-01,-1.268582940101623535e-01,-5.457922816276550293e-01,-4.242238104343414307e-01,-2.702791392803192139e-01,-2.704052329063415527e-01,-3.123977780342102051e-01,-3.355195522308349609e-01,-2.705303132534027100e-01,-1.773587465286254883e-01,-2.695681340992450714e-02,3.321015089750289917e-02,-3.188799917697906494e-01,-3.326206207275390625e-01,-5.304890275001525879e-01,-4.685652554035186768e-01,-3.442872464656829834e-01,-4.106227159500122070e-01,-1.469050049781799316e-01,2.044909596443176270e-01,-1.809504330158233643e-01,-2.153072692453861237e-02,-2.024654597043991089e-01,-1.626573055982589722e-01,-1.746380031108856201e-01,-1.895826160907745361e-01,-1.725040562450885773e-02,-4.937945008277893066e-01,-6.108981966972351074e-01,-4.564216732978820801e-01,-2.916071116924285889e-01,-3.012916743755340576e-01,-2.155316770076751709e-01,-2.036801576614379883e-01
4.530299901962280273e-01,4.749234318733215332e-01,6.000853776931762695e-01,6.139579415321350098e-01,-3.308142721652984619e-02,-9.575122967362403870e-03,7.315127253532409668e-01,0.000000000000000000e+00,3.000186942517757416e-02,-1.608172617852687836e-02,4.527454674243927002e-01,6.028761863708496094e-01,5.226004719734191895e-01,6.004083752632141113e-01,-2.382574416697025299e-02,-1.602405495941638947e-02,-2.191804647445678711e-01,-1.809837967157363892e-01,5.049431920051574707e-01,6.402929425239562988e-01,-2.029094696044921875e-01,-2.667156159877777100e-01,6.696984767913818359e-01,6.068382859230041504e-01,3.276511728763580322e-01,2.674648463726043701e-01,-1.370439678430557251e-01,-1.960689872503280640e-01,-1.107824966311454773e-01,-9.845244139432907104e-02,4.588488042354583740e-01,5.009651184082031250e-01,3.676086664199829102e-01,4.626017510890960693e-01,-3.040628135204315186e-01,-3.665212076157331467e-03,-4.645074903964996338e-01,-3.862555325031280518e-01,-2.447655647993087769e-01,-4.190185964107513428e-01,-1.711997240781784058e-01,-2.383919507265090942e-01,-3.790573775768280029e-01,-4.886594116687774658e-01,-4.794339835643768311e-01,-3.787858188152313232e-01,-4.315076768398284912e-01,-3.247468471527099609e-01,-1.985847800970077515e-01,-2.123586237430572510e-01,-1.532070636749267578e-01,-1.606782674789428711e-01,-7.994613796472549438e-02,-2.196705900132656097e-02,-3.537266850471496582e-01,-4.132060408592224121e-01,1.180165335536003113e-01,1.267080903053283691e-01,-1.107049807906150818e-01,-1.974719613790512085e-01,-1.372783537954092026e-02,-7.555730640888214111e-02,-1.786341071128845215e-01,-1.610560715198516846e-01,-3.701537549495697021e-01,-2.508778274059295654e-01,-2.722741067409515381e-01,-3.080309033393859863e-01,2.049470245838165283e-01,7.004778087139129639e-02,7.900123298168182373e-02,1.013815477490425110e-01,-6.379997730255126953e-02,-6.550630927085876465e-02,-1.176512390375137329e-01,-6.217839196324348450e-02,-1.520462483167648315e-01,-1.651590168476104736e-01,-1.072404757142066956e-01,-2.349455356597900391e-01,-4.373187720775604248e-01,-4.559759199619293213e-01,-2.818534374237060547e-01,-1.646053642034530640e-01,-4.489581882953643799e-01,-4.316795766353607178e-01,-3.000411093235015869e-01,-3.755052089691162109e-01,-1.615113019943237305e-01,-4.897667169570922852e-01,-1.899827569723129272e-01,-2.506191134452819824e-01,1.088670119643211365e-01,-1.087696924805641174e-01,-3.585105538368225098e-01,-3.551575839519500732e-01,-5.194736123085021973e-01,-5.082889199256896973e-01,-3.608056008815765381e-01,-4.154952466487884521e-01,-1.006086245179176331e-01,4.638304188847541809e-02,-2.512012720108032227e-01,-2.150215059518814087e-01,-2.431203275918960571e-01,-2.195574641227722168e-01,-2.468652427196502686e-01,-3.529353439807891846e-01,-5.515306442975997925e-02,-5.180341601371765137e-01,-5.863666534423828125e-01,-4.686749279499053955e-01,-2.754055857658386230e-01,-2.732516527175903320e-01,-2.508782148361206055e-01,-1.594012379646301270e-01
2.147967219352722168e-01,-1.465844959020614624e-01,1.958557367324829102e-01,3.634362295269966125e-02,5.748933553695678711e-01,1.970025449991226196e-01,2.654603421688079834e-01,3.000186942517757416e-02,0.000000000000000000e+00,1.510786712169647217e-01,2.302544713020324707e-01,1.670744866132736206e-01,2.164343446493148804e-01,1.131504550576210022e-01,5.502573251724243164e-01,5.488369464874267578e-01,-1.431178599596023560e-01,-2.532248198986053467e-01,2.792625129222869873e-01,-5.806821584701538086e-02,-2.069916129112243652e-01,-7.474114000797271729e-02,1.414929926395416260e-01,2.390769422054290771e-01,4.096180498600006104e-01,5.200267434120178223e-01,4.822231084108352661e-02,1.673023700714111328e-01,2.097941488027572632e-01,-8.320602774620056152e-02,5.271635949611663818e-03,5.042213797569274902e-01,-1.423014998435974121e-01,-3.368398845195770264e-01,-2.141854614019393921e-01,3.895658552646636963e-01,-2.679226994514465332e-01,1.275123208761215210e-01,4.415873587131500244e-01,2.463166974484920502e-02,1.284574419260025024e-01,-4.719128310680389404e-01,-2.377251982688903809e-01,-3.377543091773986816e-01,-2.344635725021362305e-01,-4.055086970329284668e-01,-2.154416888952255249e-01,-4.209848046302795410e-01,-1.743626445531845093e-01,-3.757593631744384766e-01,-3.797567486763000488e-01,-2.561435699462890625e-01,-3.603780567646026611e-01,-3.663761913776397705e-01,-2.430133968591690063e-01,-1.505928393453359604e-02,-2.093709260225296021e-01,-3.324233591556549072e-01,-3.318452835083007812e-01,8.465769141912460327e-02,-1.674589812755584717e-01,-3.615202009677886963e-01,2.991526126861572266e-01,-2.345241755247116089e-01,-1.619286686182022095e-01,-3.853404521942138672e-01,-3.911186158657073975e-01,-3.572972118854522705e-01,9.007108211517333984e-02,1.623368412256240845e-01,5.205095410346984863e-01,4.552694559097290039e-01,1.304396390914916992e-01,2.067998945713043213e-01,-3.844246864318847656e-01,-3.632303476333618164e-01,1.394567638635635376e-01,-1.713761836290359497e-01,2.810431122779846191e-01,2.659077346324920654e-01,4.856573790311813354e-02,-3.285654187202453613e-01,4.525140821933746338e-01,1.598414629697799683e-01,-3.181726336479187012e-01,-2.151239514350891113e-01,1.704285442829132080e-01,3.529613465070724487e-02,-1.943054646253585815e-01,7.348444778472185135e-03,-2.744011878967285156e-01,-2.798421680927276611e-01,-2.774169445037841797e-01,2.436470985412597656e-01,-1.787920892238616943e-01,-1.318662911653518677e-01,-2.934949994087219238e-01,-2.689259052276611328e-01,-2.478994578123092651e-01,-2.971918582916259766e-01,3.616494685411453247e-02,3.372400403022766113e-01,1.191081255674362183e-01,1.808901876211166382e-01,8.953652344644069672e-03,-1.031072959303855896e-01,1.075580641627311707e-01,1.206473857164382935e-01,-4.119121655821800232e-02,-1.404656767845153809e-01,-3.052694797515869141e-01,-2.471086829900741577e-01,-2.338640689849853516e-01,-2.936400175094604492e-01,-9.362789243459701538e-02,-2.642991840839385986e-01
-4.384105559438467026e-03,-7.431698590517044067e-02,2.486878819763660431e-02,1.282195746898651123e-01,4.111597239971160889e-01,6.315429806709289551e-01,3.182359784841537476e-02,-1.608172617852687836e-02,1.510786712169647217e-01,0.000000000000000000e+00,7.146254926919937134e-02,1.901520490646362305e-01,2.495328187942504883e-01,1.213294938206672668e-01,2.632490694522857666e-01,1.832907199859619141e-01,9.560290724039077759e-02,1.163732483983039856e-01,-2.781226672232151031e-02,-5.860156193375587463e-02,3.429454267024993896e-01,3.765034079551696777e-01,1.928241252899169922e-01,1.310782134532928467e-01,3.296459019184112549e-01,2.460593134164810181e-01,3.407499790191650391e-01,3.984001278877258301e-01,8.525613695383071899e-02,1.315998882055282593e-01,3.501403033733367920e-01,6.314185261726379395e-02,4.235385730862617493e-02,1.277881562709808350e-01,7.214922457933425903e-02,-1.039358526468276978e-01,5.390138924121856689e-02,-2.612580358982086182e-01,-1.556401103734970093e-01,2.082173675298690796e-01,-5.252862349152565002e-02,1.938840001821517944e-01,-1.920700632035732269e-02,-5.730861425399780273e-02,8.602918125689029694e-03,9.574737399816513062e-02,-5.049899220466613770e-02,4.509979113936424255e-02,-5.789417773485183716e-02,7.998359389603137970e-03,-1.643327325582504272e-01,-1.927919238805770874e-01,-8.915543556213378906e-02,-9.293960034847259521e-02,-5.579243972897529602e-02,-7.882550358772277832e-02,-1.133964210748672485e-02,-1.407680660486221313e-01,-1.813844591379165649e-02,-3.730052337050437927e-02,-6.974124908447265625e-02,-1.643526926636695862e-02,3.369539603590965271e-02,6.278913002461194992e-03,-5.174832418560981750e-02,6.199702247977256775e-02,3.441490605473518372e-02,9.364327788352966309e-02,-7.150971144437789917e-02,-5.730379838496446609e-03,2.472153455018997192e-01,4.066575467586517334e-01,1.850644648075103760e-01,1.842368841171264648e-01,2.643958330154418945e-01,3.229194283485412598e-01,8.290122449398040771e-02,2.585933804512023926e-01,-7.986804842948913574e-02,9.007442742586135864e-03,1.367454528808593750e-01,8.370302617549896240e-02,-5.858618533238768578e-04,-1.968202553689479828e-02,1.713936179876327515e-01,1.160915493965148926e-01,2.316391766071319580e-01,3.004077970981597900e-01,4.159422963857650757e-02,-4.986837040632963181e-03,4.201725590974092484e-03,1.215004324913024902e-01,-1.108001694083213806e-01,-1.961755156517028809e-01,-5.115453526377677917e-02,5.255665630102157593e-02,-4.606527835130691528e-02,1.441819313913583755e-02,1.247120182961225510e-02,-5.507247522473335266e-02,-1.687887609004974365e-01,-1.730271577835083008e-01,-9.472681581974029541e-02,-7.073239237070083618e-02,-2.911952137947082520e-01,-2.281817793846130371e-01,-1.814705729484558105e-01,1.832640729844570160e-02,-3.573898866306990385e-04,-6.017467007040977478e-03,-3.668106719851493835e-02,-2.248960174620151520e-02,-1.754162162542343140e-01,-1.820375174283981323e-01,-2.254042327404022217e-01,-1.605637371540069580e-01
2.468392848968505859e-01,1.271667182445526123e-01,2.071719765663146973e-01,1.415189653635025024e-01,1.660147905349731445e-01,8.382582664489746094e-02,4.526502192020416260e-01,4.527454674243927002e-01,2.302544713020324707e-01,7.146254926919937134e-02,0.000000000000000000e+00,5.544278621673583984e-01,6.122245788574218750e-01,5.388512611389160156e-01,2.793781459331512451e-01,2.454340904951095581e-01,2.181862890720367432e-01,1.443476378917694092e-01,2.149410545825958252e-01,2.689520716667175293e-01,-2.054601460695266724e-01,-1.240008696913719177e-01,3.022052347660064697e-01,3.241442739963531494e-01,4.139292836189270020e-01,4.563024640083312988e-01,2.210817672312259674e-02,-5.229988694190979004e-02,4.608765244483947754e-01,2.303092479705810547e-01,3.480318486690521240e-01,4.764639437198638916e-01,3.542459607124328613e-01,3.780784010887145996e-01,-1.772668361663818359e-01,-9.398734569549560547e-02,-3.103246986865997314e-01,-3.247740566730499268e-01,-1.052607595920562744e-01,-1.997985839843750000e-01,-2.728125751018524170e-01,-1.621285825967788696e-01,-3.686755299568176270e-01,-4.459922015666961670e-01,-3.637276291847229004e-01,-3.139184713363647461e-01,-3.511013090610504150e-01,-3.314382135868072510e-01,-9.123000502586364746e-02,-1.503949165344238281e-01,-9.978510439395904541e-02,-8.162991702556610107e-02,-1.157296970486640930e-01,-1.745073646306991577e-01,-2.596916556358337402e-01,-2.636100053787231445e-01,1.901107281446456909e-01,3.175091370940208435e-02,-5.880999937653541565e-02,-1.883168965578079224e-01,2.556483447551727295e-01,-3.851081430912017822e-02,3.544126152992248535e-01,1.571469455957412720e-01,-1.983558982610702515e-01,-1.854461729526519775e-01,-2.607065737247467041e-01,-2.917165160179138184e-01,-1.171790901571512222e-02,-9.884620457887649536e-02,1.759007871150970459e-01,2.508931159973144531e-01,2.757694423198699951e-01,2.478805333375930786e-01,-1.031458526849746704e-01,5.567065998911857605e-02,1.579743772745132446e-01,9.543785452842712402e-02,1.659880131483078003e-01,8.059830963611602783e-02,-5.480370298027992249e-02,-2.306625097990036011e-01,2.309464104473590851e-02,-5.619209259748458862e-02,-2.837652862071990967e-01,-3.690621554851531982e-01,-1.929593831300735474e-01,-2.083790004253387451e-01,-1.555853635072708130e-01,-3.269770145416259766e-01,-3.137729167938232422e-01,-3.480183482170104980e-01,-1.039974018931388855e-01,-1.424973160028457642e-01,-3.908754587173461914e-01,-3.816459178924560547e-01,-4.403210580348968506e-01,-4.119907617568969727e-01,-4.306224882602691650e-01,-4.409800171852111816e-01,-1.910869032144546509e-01,-8.875460922718048096e-02,-2.282076030969619751e-01,-2.156931608915328979e-01,-1.447568982839584351e-01,-1.505599915981292725e-01,-2.571123540401458740e-01,-2.392705380916595459e-01,6.050899997353553772e-02,-2.236151695251464844e-01,-4.906358122825622559e-01,-3.921553492546081543e-01,-3.727478981018066406e-01,-1.432988196611404419e-01,-1.126305945217609406e-02,-3.210822045803070068e-01
4.070720970630645752e-01,3.103044331073760986e-01,3.677883446216583252e-01,4.115979373455047607e-01,1.927823871374130249e-01,1.357910037040710449e-01,4.883975982666015625e-01,6.028761863708496094e-01,1.670744866132736206e-01,1.901520490646362305e-01,5.544278621673583984e-01,0.000000000000000000e+00,5.570622682571411133e-01,6.619259715080261230e-01,2.516509294509887695e-01,1.979654282331466675e-01,1.041530966758728027e-01,1.518751382827758789e-01,3.349526822566986084e-01,3.742066323757171631e-01,-8.402061462402343750e-02,-1.951821334660053253e-02,5.023229718208312988e-01,5.219239592552185059e-01,4.738116264343261719e-01,4.531817138195037842e-01,-3.967648372054100037e-02,-6.111635267734527588e-02,2.981326580047607422e-01,2.746296823024749756e-01,5.189750790596008301e-01,5.948172211647033691e-01,3.387876749038696289e-01,4.094403684139251709e-01,-1.147405281662940979e-01,3.706427291035652161e-02,-3.219978213310241699e-01,-3.856049478054046631e-01,-1.719098836183547974e-01,-2.329921424388885498e-01,-7.172682136297225952e-02,-5.638713017106056213e-02,-5.405831933021545410e-01,-5.749413371086120605e-01,-5.923388004302978516e-01,-4.421248137950897217e-01,-5.308399200439453125e-01,-4.380971789360046387e-01,-4.219503998756408691e-01,-3.827098309993743896e-01,-3.567190766334533691e-01,-3.284240961074829102e-01,-2.176792621612548828e-01,-2.071161419153213501e-01,-4.084300100803375244e-01,-3.834592103958129883e-01,1.198062598705291748e-01,8.680949360132217407e-02,-2.326249331235885620e-01,-1.889239549636840820e-01,-2.894157171249389648e-02,-7.121346145868301392e-02,1.045839935541152954e-01,1.395389735698699951e-01,-2.006319165229797363e-01,-1.529128402471542358e-01,-3.286352753639221191e-01,-2.900457978248596191e-01,1.031861528754234314e-01,3.019838593900203705e-02,3.399664759635925293e-01,4.456856250762939453e-01,2.975265681743621826e-01,3.674436807632446289e-01,-5.472466349601745605e-02,1.606360673904418945e-01,8.535265922546386719e-02,9.699930250644683838e-02,1.857240200042724609e-01,7.758710533380508423e-02,-4.755485430359840393e-02,-1.041041612625122070e-01,-4.197445511817932129e-02,2.814466133713722229e-02,-2.003021091222763062e-01,-2.331068813800811768e-01,-9.000401198863983154e-02,-7.757271081209182739e-02,-1.358080953359603882e-01,-2.706065773963928223e-01,-3.385027647018432617e-01,-3.653490245342254639e-01,-1.846948117017745972e-01,-1.330429166555404663e-01,-3.889145255088806152e-01,-3.835192918777465820e-01,-5.393695235252380371e-01,-5.048158168792724609e-01,-4.907895922660827637e-01,-4.864723086357116699e-01,-1.544057875871658325e-01,1.825573667883872986e-02,-1.592759937047958374e-01,-1.099560484290122986e-01,-2.392566353082656860e-01,-2.565430700778961182e-01,-1.877527236938476562e-01,-1.429039537906646729e-01,2.341982349753379822e-02,-3.253743052482604980e-01,-5.699521303176879883e-01,-5.243752598762512207e-01,-4.032737612724304199e-01,-3.089915215969085693e-01,-2.198740392923355103e-01,-2.263122648000717163e-01
2.219496220350265503e-01,1.746135577559471130e-02,3.448597192764282227e-01,3.103743791580200195e-01,1.944540143013000488e-01,2.279517352581024170e-01,6.283383965492248535e-01,5.226004719734191895e-01,2.164343446493148804e-01,2.495328187942504883e-01,6.122245788574218750e-01,5.570622682571411133e-01,0.000000000000000000e+00,6.547532081604003906e-01,2.711711525917053223e-01,1.817379295825958252e-01,2.547284662723541260e-01,8.570946007966995239e-02,2.086647599935531616e-01,2.624795734882354736e-01,-1.363564878702163696e-01,-1.144401282072067261e-01,5.764330625534057617e-01,4.926325380802154541e-01,5.367520451545715332e-01,5.336719155311584473e-01,-2.412338368594646454e-02,-1.188079938292503357e-01,3.562930822372436523e-01,1.839649528264999390e-01,6.286376714706420898e-01,5.504016280174255371e-01,3.163625597953796387e-01,4.607271552085876465e-01,-1.427353769540786743e-01,-8.493261039257049561e-02,-3.153069913387298584e-01,-4.095776975154876709e-01,-2.563699483871459961e-01,-2.180711477994918823e-01,-1.808577328920364380e-01,-6.025153398513793945e-02,-3.390896916389465332e-01,-4.659987390041351318e-01,-3.644294142723083496e-01,-3.422398865222930908e-01,-4.242768883705139160e-01,-2.774910628795623779e-01,-1.138389483094215393e-01,-1.268835067749023438e-01,-2.451222985982894897e-01,-1.362366676330566406e-01,-2.220152169466018677e-01,-5.487424507737159729e-02,-4.437205195426940918e-01,-3.086488544940948486e-01,1.092696115374565125e-01,-1.551613360643386841e-01,-1.283669173717498779e-01,-2.907801866531372070e-01,8.042534440755844116e-02,-1.244300529360771179e-01,2.663835585117340088e-01,-3.532965481281280518e-02,-2.106460481882095337e-01,-1.565089374780654907e-01,-3.105761408805847168e-01,-3.514428436756134033e-01,-9.331120550632476807e-02,-1.927418559789657593e-01,1.509755402803421021e-01,3.555033206939697266e-01,2.654429972171783447e-01,1.845021992921829224e-01,-4.053027182817459106e-02,1.552893221378326416e-01,-9.933752939105033875e-03,2.306887134909629822e-02,1.219686567783355713e-01,-5.721136555075645447e-02,-1.150901913642883301e-01,-2.206828445196151733e-01,-7.400278002023696899e-02,-8.641275763511657715e-02,-3.111112415790557861e-01,-3.112486898899078369e-01,-2.774292528629302979e-01,-2.436636686325073242e-01,-3.066565394401550293e-01,-3.592170178890228271e-01,-2.028369903564453125e-01,-6.140402331948280334e-02,-3.906986117362976074e-02,4.936992377042770386e-02,-3.311814069747924805e-01,-3.262133896350860596e-01,-4.353612661361694336e-01,-3.616313636302947998e-01,-2.837688326835632324e-01,-3.682721853256225586e-01,-1.982990205287933350e-01,1.023695766925811768e-01,-1.128657758235931396e-01,-2.116976119577884674e-02,-2.241493314504623413e-01,-1.830919384956359863e-01,-2.503743469715118408e-01,-1.935206949710845947e-01,5.088048428297042847e-02,-2.814039289951324463e-01,-5.326485037803649902e-01,-3.550624847412109375e-01,-3.161132037639617920e-01,-2.875619530677795410e-01,-1.693938523530960083e-01,-3.341116905212402344e-01
