0.000000000000000000e+00,4.644371063221208185e-01,7.259286288291247335e-02,-3.336406817469027460e-03,1.305766277333700320e-02,-5.630542338996499807e-02,2.057005081442216388e-01,1.447702618290180598e-01,-6.070027232263230238e-02,-3.607968521935800421e-02,4.317721264382499702e-01,1.426501308203089180e-01,3.002566601940498958e-01,-2.537284615776430607e-02,-2.648784475255160364e-01,-3.368899581399962262e-01,1.000593385157676346e-01,-2.344155794518943126e-01,4.523770913359575485e-01,3.340278581563870808e-01,-3.259692853430218862e-01,-3.739120476633935319e-01,-7.759441070022922438e-02,-1.235875158658484851e-01,-3.455407033494222735e-01,-3.374797358757695154e-01,-1.768075510286127860e-01,-1.750470857668574853e-01,-1.656736785320304592e-02,-2.931946929156862766e-02,2.378377626380249674e-02,-1.016112647307763350e-01,2.796025256949360438e-01,1.569441568898092831e-01,1.587101640165627658e-01,1.435326610836663852e-01,-2.466976208226939471e-01,-8.420270782794199438e-02,-2.058442013441228458e-01,-1.493819670246427922e-01,-2.614100093332474284e-01,-2.533934421737620846e-01,-4.472129794274086467e-02,-8.936741943821160938e-02,-1.224658454662175683e-01,-1.914341784802546242e-01,-3.713367168923770861e-02,-2.100276333391764561e-01,-2.783728916852109755e-02,8.135189013422913090e-03,2.011004286898613637e-03,-4.892182447223164532e-02,-2.745194899646457437e-02,-1.384086664700285296e-01,-1.475079445412626200e-01,-5.527409454229417762e-02,5.160258297589673804e-01,2.076345156881563569e-01,3.195205168600206425e-01,2.534538315833981259e-01,3.472181499545369809e-01,9.455256408371319476e-02,1.777070023859153858e-01,-3.856486314462746062e-02,-2.065305349792604939e-01,-2.709591989592792793e-01,-6.956779340730237515e-02,-1.059023699216477682e-01,2.001343993394793797e-01,-1.147873312547251085e-01,3.648237343429980295e-02,1.595652721815496722e-01,8.620714017275048213e-02,-8.873581218722091657e-02,1.037128016860649760e-01,1.122482806571589581e-01,7.361827469189387296e-02,6.094274812755143267e-02,-1.146313098995682817e-01,-1.568594643312148096e-01,-1.444905500562606027e-01,-2.970852015466068363e-01,-2.357217074026954351e-01,-2.745688971347094443e-01,-2.231250916441544219e-01,-2.522060362368215847e-01,-1.932605005610908977e-01,-2.663003697495993638e-01,-1.422425082106472671e-01,-2.191944075718627871e-01,2.285075174665968378e-01,-2.504166683182391662e-01,1.341065648975461599e-01,-9.757214318407569920e-02,6.804153319969719060e-02,2.561849868062809343e-01,1.303653501644425616e-01,7.974312407893308086e-02,2.396939068970930231e-01,1.736115464316128343e-01,2.792083426914162558e-01,1.536766144606968310e-01,1.754355990789276121e-01,-3.358753930645259119e-03,1.719558247605855184e-01,1.163156149463679401e-01,2.987897179500429434e-01,6.205591047184108588e-02,1.643497214429882058e-01,3.184016598393576980e-01,-6.099266752766249397e-03,6.430520524681941630e-02,-6.989226764634591527e-02,1.708198139821427708e-01,-2.452301717821772295e-02,7.135159930883230861e-02
4.644371063221208185e-01,0.000000000000000000e+00,-2.081909627965258455e-02,3.020910121106830382e-02,-1.025799517129312305e-01,-1.424076689926858375e-01,-1.561674161493859514e-01,3.033034291160777510e-02,-1.656257439480750271e-01,-1.404410173793940730e-01,-5.249739781929255167e-02,2.351621179809971762e-01,-1.075926310189721791e-01,-1.101997239332147133e-01,-2.445658087674412173e-01,-2.761451115741185292e-01,1.887047623672996055e-01,1.445391662738291227e-01,1.007133086335860878e-01,4.397894331254251776e-01,-2.391750720124175278e-01,-3.012489884109799676e-01,-1.248805386691752978e-01,-1.658569921072685360e-01,-2.189053944404159568e-01,-3.050076764291676512e-01,-1.535762486980634389e-01,-1.561915372166998717e-01,5.307510490288253058e-02,1.164790919000223551e-01,2.449001644389694338e-02,-5.763998778257274636e-02,3.295419077375517092e-01,3.449687963602161567e-01,1.871739938953105586e-01,1.596807495245149977e-01,-2.222525672305763200e-01,-9.731888809495310710e-02,-1.379982274439147116e-01,-1.068059787316552600e-01,-1.155850629183224065e-01,-1.176866997148140886e-01,-1.291714860470159765e-02,-1.343411582474939858e-01,-3.960579741387396796e-02,-1.572996083735185846e-01,-1.150493927836722732e-02,-1.071622294620427629e-01,-5.864230148107434787e-02,3.433566721346139380e-03,4.544662795697538421e-02,1.043049674866303352e-02,3.134542948030739212e-02,-1.087175489783999693e-01,-9.490060989007850778e-02,-2.398722141899405080e-02,4.901984520996790495e-01,6.345073861537826598e-01,3.796107565039211207e-01,3.546943717553152631e-01,7.783412163506714387e-02,-1.485270764889690120e-01,1.907726529872685872e-01,1.999071054432949579e-01,-2.051390530591407357e-01,-3.050891638439720555e-01,1.871019859851717204e-01,9.812913231837913641e-02,3.085376024773617276e-01,2.156737908377329982e-01,-3.184249759512126909e-02,7.167710793371975808e-02,8.600771284806259243e-02,7.337589806365402145e-02,-3.009549592382917277e-03,1.340120638287580213e-01,-9.040661803319044454e-02,7.841711867126882618e-02,-2.106928969560755999e-03,-8.939993191399187022e-02,-7.071785876740960264e-02,-2.453394729649265582e-01,-1.710858095737522455e-01,-1.848160190930841773e-01,-3.284680706693033359e-01,-1.639293351516701858e-01,-8.269812385128583188e-02,-2.246472297841633214e-01,-1.797783456943066183e-01,-2.218575713570646035e-01,-5.822419693569195337e-02,-2.653632347088613619e-01,-5.076809773501671924e-02,-3.010923493724479982e-01,4.849278948724824317e-02,2.352134779517988106e-01,1.422847092003274305e-01,7.777456846034552784e-02,2.092779181390328203e-01,-4.188453859453776518e-02,2.355305862414720508e-01,-1.282397138245854884e-01,2.792906305311428916e-01,-6.417383616459225448e-02,7.926801045382883548e-02,3.308586495528378912e-02,1.644730424668058855e-01,-2.471255744035390570e-02,1.425980641393266302e-01,1.470784433642208511e-01,2.888020678442978009e-02,7.355716511362618559e-02,-1.060462624330301279e-01,8.366625665193996864e-02,-7.522283990625651395e-02,-2.255432555492992500e-02
7.259286288291247335e-02,-2.081909627965258455e-02,0.000000000000000000e+00,5.568174686386363481e-01,2.826809119948239246e-01,5.015825734604891645e-02,4.215967040806902211e-01,2.385927939894932903e-01,1.898109589947145903e-01,1.487843753601762221e-02,1.684260840634139167e-01,-2.863627666368229741e-01,3.752017460414688432e-03,-1.761892278378932308e-01,1.113577264851419169e-01,5.597587315394703111e-02,4.263624336148938432e-02,-9.927766525389022934e-02,1.364363571206476666e-01,8.184277844691678627e-02,1.141121686509705274e-01,1.492717515500427937e-02,4.759797592555664036e-01,5.038654344832018683e-01,2.723920642604494291e-01,2.988714100193533563e-01,1.124456572083464556e-01,1.102948027340808351e-01,1.148799654321285280e-01,-3.764688073768445538e-04,2.101524155924390791e-01,3.078070450704450955e-01,3.942425909011749302e-02,7.178995765797271944e-02,1.360416998164009628e-01,3.240325789333096951e-02,-1.477726831660307882e-01,-1.233017433191105350e-01,5.146313565009603963e-02,8.270853845191555517e-03,-2.064297508963673991e-02,-3.946258588789050559e-02,-5.996723844048617441e-02,-1.214291551212706710e-01,-1.876246022016290343e-02,-1.829328705597444982e-01,7.625522284062609402e-02,-1.376902044656544144e-01,-2.622002707982482028e-01,-2.647944186386458898e-01,-2.718063646288397250e-01,-2.540678943156232106e-01,-2.305572362818162080e-01,-1.444096049927794667e-01,-5.537915851280077878e-02,-1.236812708697006685e-01,6.763974421394904069e-02,-9.629291385969729333e-02,-2.671094452828961033e-02,-6.847940970066571098e-02,-1.092078303577489889e-01,-1.278456312369642411e-01,-1.229103792216321850e-01,-2.040806453375980933e-01,1.771274044170426110e-01,1.015883542977965709e-01,1.471754813055628497e-01,3.098557420618074446e-02,4.551674714324937393e-02,1.407672506883314856e-01,1.568655123103744053e-01,1.662869385262560895e-01,9.569279703657024294e-02,6.801739435868084382e-02,-1.361369515326236491e-02,2.439540423047115505e-02,-9.413740524736605164e-02,-2.225573940542322771e-01,2.623928286034289681e-02,3.988316452639990156e-02,-2.637486713848517447e-02,-1.453116067830869107e-01,-5.709138029491018021e-03,-2.927593326623188167e-03,2.276457159339513245e-02,-2.363208197045664136e-02,1.954836298906254509e-03,3.545031126784716630e-02,2.526038395889846147e-02,-8.723045194120682133e-02,-1.183209694954417551e-01,7.785258354481211507e-02,-2.189167196739209564e-01,-1.012409476098654997e-02,-3.542155552766336479e-02,6.532843474263028138e-02,-1.775657105420256066e-01,-1.516692338160647857e-01,-1.884007175084230767e-01,-1.392514475270593688e-01,-1.919433935063979690e-01,-8.436533562489201277e-02,-5.382630061520362469e-02,-1.616466047489371893e-01,-1.762215378998517046e-01,-2.049366030581053488e-01,-1.058396401607672316e-01,-1.613619876471063946e-02,-6.163109080590896752e-03,-1.305779913486501964e-01,-1.438254365243862021e-01,-2.217307966714561762e-01,-2.133635039043023929e-01,-1.275922940079214363e-01,-2.061410373785820815e-01,-6.832406426358362259e-05
-3.336406817469027460e-03,3.020910121106830382e-02,5.568174686386363481e-01,0.000000000000000000e+00,2.912258366995565950e-01,2.310632597841746905e-01,4.017280568527061835e-01,5.337140099840607110e-01,3.069783800008865082e-01,2.533416027035890750e-01,7.526471573676085658e-02,-1.277990063427549283e-01,5.757576542079338375e-03,9.676052222098334432e-02,1.787556843279948515e-01,1.420762052441267298e-01,1.593167532882355103e-02,-4.709151040676191197e-02,2.086942786351278500e-01,2.742747203840846248e-01,1.171370155201786056e-01,3.993721423106503382e-02,4.448201355625419628e-01,5.742440422496881691e-01,3.190415882273919812e-01,3.352659699160394080e-01,2.393913787899458190e-01,1.659571369758775505e-01,-7.722338646051540639e-04,-7.890769951016914086e-02,1.531520091593708277e-01,2.265482074463240902e-01,-1.670712248779609652e-02,9.894886713501012399e-02,1.836644914401587836e-01,1.951209291493365486e-02,-1.254536806167740048e-01,-2.187671510155588528e-01,7.245843126125596501e-02,3.763628671395922564e-03,-8.122785382360915574e-02,5.037397350622586922e-02,-1.812572477664690374e-01,-2.173889087137038378e-01,-1.235103372918567866e-01,-3.080831130612794455e-01,-2.415874088951205922e-02,-1.604420426691339774e-01,-4.051267982504924148e-01,-3.655587428569357922e-01,-3.062450972752936984e-01,-2.912887142236087468e-01,-2.002630719795023273e-01,-1.027143322355679317e-01,-6.235626392006498458e-02,-1.529297937062141788e-01,2.839490136128115100e-02,-1.486877663304999111e-02,-1.047792772557875757e-01,-1.032351977628921946e-01,-1.444030171249579275e-01,3.066706295528197346e-02,-1.639472481194407250e-01,-2.121108332455273748e-02,1.323290165134238250e-01,1.649818272015469434e-01,1.276814052229038599e-01,5.638316257221102912e-02,7.441157429730271833e-02,2.384068675436876728e-01,2.276078208349854859e-01,1.222129324842063103e-01,-1.331285004684590149e-02,6.044257785676776518e-02,7.211058567097315686e-02,-5.929841357723358158e-02,-1.033199937768947696e-01,-2.055859411361138089e-01,3.146473519841305050e-02,4.493246259188764247e-02,-4.377308964258731089e-02,-3.071069494881959600e-02,7.540038064354236125e-03,9.799578383628589073e-02,4.961882538483865929e-02,1.433801269140450585e-01,2.886313404559861032e-02,3.552557042904909423e-02,4.598753998131345500e-02,-4.201780497448136947e-02,-1.300640014568823777e-01,8.239937820006572322e-02,-2.567401599840516968e-01,-1.079370160494307340e-01,-1.256429387604094394e-01,6.923248410560568777e-02,-2.892886123007587518e-01,-2.165886045221174505e-01,-2.295766972944090767e-01,-1.745751734118649867e-01,-2.704105521378866728e-01,-1.149856725062551460e-01,-1.943202917235403171e-01,-2.539460458721993774e-01,-2.490964982342185052e-01,-2.633212160148047376e-01,-1.163429009259366320e-01,-1.657263914085018580e-02,-3.361115388801431958e-02,-1.990737045013415418e-01,-2.441977808886111601e-01,-1.927594277422946534e-01,-2.471985296057488124e-01,-2.425756289066187676e-01,-3.333147318994186259e-01,-4.112064674634616744e-03
1.305766277333700320e-02,-1.025799517129312305e-01,2.826809119948239246e-01,2.912258366995565950e-01,0.000000000000000000e+00,4.738487887190541148e-01,3.990105050702776324e-01,2.004059762149809909e-01,6.478506198070801414e-01,4.390759628006600801e-01,2.172714957002457592e-01,-2.201029461963095180e-01,2.500466497848995440e-01,1.283675002364892681e-01,4.657412923738293853e-01,3.515594784510960857e-01,1.927840612712393084e-02,-1.560156831520275178e-01,1.817167236030576560e-01,-7.371699805108113644e-03,1.957988451066838553e-01,1.386223673423244707e-01,3.527601083237022483e-01,3.163579619821647593e-01,3.894249535557431918e-01,3.850296967672698356e-01,5.482702440465891947e-01,4.603268260775953413e-01,-1.038244753734944292e-01,-6.626621458861121916e-02,3.287640265250589278e-01,2.178385207855207117e-01,1.498984300702208006e-01,8.815742963772640883e-02,1.008952876394067222e-01,5.622708879258552644e-02,-2.386117997585648076e-01,-2.826630503383937842e-01,1.028647968489938141e-01,9.606715881642777233e-02,-3.672031187776746142e-02,-1.646163605177865530e-01,-1.844449873127978479e-01,-2.842536855591820122e-01,-1.942113989167088273e-01,-3.543483453661322446e-01,-9.580320886186703688e-02,-1.587077473140250938e-01,-3.635661671309628473e-01,-3.764151195556826313e-01,-2.913884883284275085e-01,-3.695150758555906800e-01,-1.737831261955454787e-01,-1.394304947001515915e-01,1.102743742928250469e-02,-9.635625730634338193e-02,4.390981359456526401e-02,-2.100125201504011718e-01,-2.350110034134999526e-01,-2.400777290831118127e-01,-1.638723935551165967e-02,-3.032371222986392657e-03,-1.924787182297687249e-01,-2.419556414335823913e-01,9.314857316149982580e-02,-1.015347879217181060e-01,-8.257537604971250389e-02,-2.173514931972511388e-01,-1.243288885463922910e-01,-7.340597733142960324e-02,3.973035403015642286e-01,2.383924978760521285e-01,-1.762404252309519165e-02,-4.049016805050985324e-02,3.998457940109501063e-02,-7.565742263833467873e-02,-5.316994014536745999e-02,-1.224130143401773591e-01,-1.069413732863195160e-01,-6.843628407523416612e-02,-8.347504052231626004e-02,-1.921449176850017759e-01,1.499616805680046849e-01,-7.975841291944261308e-03,1.786450088727140617e-01,-3.832688694492220050e-02,1.790348671031735672e-01,2.343169470798113496e-01,2.881762305072292363e-01,9.004212679458251101e-02,-9.324707704288173749e-02,-1.200033867367876206e-01,4.788899284416350821e-02,1.382855663095160781e-01,-1.168025184416301076e-03,5.638801439395127457e-02,2.693842022710196335e-02,-4.713659902782876832e-02,-2.080711221058131610e-01,-1.419016581428468871e-01,-1.748418827918276908e-01,5.281601121384729876e-03,4.357759795390483970e-02,2.665963742067171960e-02,7.673685107913774672e-02,6.502803164646141221e-02,8.130341758073005021e-02,1.147925625351986639e-01,1.013659777756930752e-01,8.148881470998727006e-02,-1.818506695542021212e-01,-1.960114474719979183e-01,-1.077203358420116275e-01,-6.060169632363009151e-02,-9.955529675262396461e-02,-2.266582903412458008e-02
-5.630542338996499807e-02,-1.424076689926858375e-01,5.015825734604891645e-02,2.310632597841746905e-01,4.738487887190541148e-01,0.000000000000000000e+00,1.873486476165552861e-01,2.491753557933992502e-01,4.581112945257805880e-01,5.635975683832418204e-01,1.092817002947323451e-01,-3.857215045694913080e-02,1.316404268976194558e-01,1.691687320788178572e-01,5.661202964819882499e-01,4.711139679220526233e-01,5.994191366977170282e-03,-4.867817224374089424e-02,2.425278334130334668e-01,2.582994493702511080e-02,7.683688976481171939e-02,2.280567479086513250e-01,1.671901961698682715e-01,2.426433451927675344e-01,3.664929472180571968e-01,4.092862125051738298e-01,4.946906873229989232e-01,6.181559806240093380e-01,-2.192599186837113634e-01,-7.611807894894558058e-02,2.357681073755377443e-01,1.521105963653504312e-01,1.536527050142017653e-02,7.350161860497354815e-02,4.906925557612711736e-02,1.472058770557748142e-01,-1.278269545699962373e-01,-2.697716692312345232e-01,8.155153748380758461e-02,3.149900520131272419e-01,-5.799352896253514439e-02,-3.438007548789730194e-02,-7.452645986753468621e-02,-1.302651600180816660e-01,-2.522048056459026411e-01,-2.147317619246995324e-01,-9.781341495467274494e-02,-1.216393332440155045e-01,-2.502200058240722780e-01,-3.078863451403301421e-01,-2.146794009843723816e-01,-2.444579408318124092e-01,-1.849666659253444978e-01,-1.459545270106092085e-01,7.871239520449836713e-02,8.372107705517172621e-03,-1.321643431740575358e-01,-1.815828430250571168e-01,-2.055878784509205803e-01,-1.475442193614530106e-01,-5.113347124594055937e-02,6.348516885187886760e-02,-1.462903649263790351e-01,-1.076409853469324218e-01,1.588448269504121046e-02,-1.087699241344646239e-01,-3.324067064855299597e-02,-1.767032786242251075e-01,-2.337616539553116490e-01,-1.478626546394091468e-01,2.969102929482193010e-01,2.510992908939554402e-01,-4.794698378991370247e-02,-3.693429527403157414e-02,1.019131475823215893e-01,-2.537329776459272199e-02,1.269190363924360167e-02,3.219925055544723119e-03,-6.549792748042967960e-02,1.511630432816742642e-01,-6.296167099639796150e-02,-1.325242234791832764e-02,1.848450356967839270e-01,5.997014004481902166e-02,2.081673964957579670e-01,7.910586040933534346e-02,3.308706582674121877e-01,1.713446715369981999e-01,4.062078895584355642e-01,1.229506582501936618e-01,-2.057418241805246129e-01,-7.430422101556953540e-02,6.855607612856082222e-02,2.427475737405746792e-01,-4.614009098259897607e-02,-9.743952262792518167e-04,3.144957580348194809e-02,1.613957808852460249e-02,-1.065017103512203994e-01,1.995161618814559820e-02,-1.132013757380071484e-01,1.977833469744231243e-01,1.043951010815578617e-01,1.975600096762027968e-01,7.346605869915406872e-02,9.346376621767212012e-02,5.672365394230734909e-02,2.098357674870733325e-01,5.473993692827755497e-02,-1.712301200211434685e-02,-2.487542641408169164e-01,-4.053653838816416444e-02,2.614659255395856627e-02,-8.357459485674166924e-03,3.833884818059539457e-02,2.321521433600253620e-02
2.057005081442216388e-01,-1.561674161493859514e-01,4.215967040806902211e-01,4.017280568527061835e-01,3.990105050702776324e-01,1.873486476165552861e-01,0.000000000000000000e+00,5.346875482170193594e-01,4.059153640429775667e-01,2.293359238771630892e-01,4.536284253850180748e-01,-9.469832430072243346e-02,4.485462068240274602e-01,1.699087272385506608e-01,1.207708562005772729e-01,3.132483280774529116e-02,-1.166803929970236103e-01,-3.204929836875060611e-01,4.223758823875897184e-01,1.414547047634997501e-01,5.074062054127857074e-02,-1.522031828340052705e-02,2.673171943069971301e-01,3.689043668108143437e-01,1.043250974845651435e-01,1.803729716975878972e-01,1.614190988580698760e-01,4.923106934375725413e-02,-5.029879065376592628e-02,-1.535087005638107738e-01,2.043323004326566272e-01,1.310304595372197289e-01,2.114989463409163578e-02,-9.483818283128465920e-02,1.335771433137711295e-02,-2.844745716120823317e-02,-1.812861861692084686e-01,-7.445872537992762052e-02,6.145073339007969121e-02,-2.089402830178029372e-02,-6.076776169737568845e-02,-1.453256716293850614e-01,-1.565805153047778731e-01,-1.553345927511645130e-01,-1.919580939554019483e-01,-2.911401135137509644e-01,-7.543403966252880399e-02,-1.320674566313011500e-01,-3.351403974060903068e-01,-3.159035419049606164e-01,-2.449440289184438013e-01,-2.531604342628652748e-01,-1.218429247848023672e-01,-7.259161044935777407e-02,-1.913821333935522215e-02,-7.894320646199549929e-02,-2.524725746636304405e-02,-2.685427793034075861e-01,-1.622523187725418425e-01,-9.856578023527139132e-02,1.516223618357255276e-01,2.684219619829763537e-01,-1.917529598833999094e-01,-2.372028808242433451e-01,2.776681681633158191e-02,4.684932911199434641e-02,-2.060237192724232724e-01,-2.573850488630308742e-01,-1.559786497536981564e-01,-1.232155977317799245e-01,2.339069859301504406e-01,1.377412882543235795e-01,-2.504131015073026226e-02,-1.105747455049078398e-01,8.541963183048302544e-02,-5.222905586388965765e-02,3.643621806530192991e-02,-1.750732436045824569e-01,-1.752606698779977656e-01,-4.256714857548366676e-02,-1.452852454138684191e-01,-9.629820022826192372e-02,1.926328901895509732e-02,1.527609845933753903e-03,4.765598496126116634e-02,-5.261455080716437999e-02,7.200275856604569646e-02,2.319964725706448461e-02,1.609719335220617664e-01,1.411359769663332042e-01,5.410628475431393525e-02,-5.348922644462874437e-02,3.256581061373584052e-02,1.988782401484455176e-01,-1.086470400704242917e-01,4.303244752512749502e-03,-1.922996989896531839e-01,-1.788739085051010980e-01,-2.462263916769416028e-01,-5.467348243461760821e-02,-1.470535586491002189e-01,2.405606963769141571e-01,-5.776341884965769530e-02,7.732190967992445211e-04,-8.417187216694552165e-02,-9.149308711317453990e-02,1.145193203933174558e-01,1.089912640121280252e-01,-5.710356006420795084e-03,-1.900973956288401837e-02,-1.812563849299810292e-01,-2.845889465843683408e-01,-6.348482704157720757e-02,-1.509418529293249933e-01,-2.290960281016788669e-01,4.687890120254383647e-02
1.447702618290180598e-01,3.033034291160777510e-02,2.385927939894932903e-01,5.337140099840607110e-01,2.004059762149809909e-01,2.491753557933992502e-01,5.346875482170193594e-01,0.000000000000000000e+00,2.651432825242458491e-01,3.533346452919944314e-01,1.924433818090524329e-01,1.822468132969967125e-01,2.556585327772851746e-01,3.771085486398079167e-01,-1.846064989049802860e-02,3.360957895627166708e-02,-1.124715928588195385e-01,-2.117083662426794133e-01,3.579773915689649089e-01,3.338834131351589019e-01,-3.242920881384529080e-02,-4.636068072625995629e-02,8.593960289214526427e-02,3.993399252781102970e-01,4.884304095417384139e-02,1.273954281232467789e-01,8.754761718378650803e-02,6.491483404582706895e-02,-4.019269783688978609e-02,-1.012067530071999732e-01,4.916949738601591319e-02,1.305802559438439536e-01,9.888747975027447484e-03,4.499801294709956934e-02,3.169464160744750458e-02,2.121275582365611621e-03,-1.751324877153759285e-01,-1.659257417087336983e-01,1.650020032890693600e-02,-5.811321123024049649e-03,-8.386006351445784990e-02,-1.993533366354577341e-02,-1.896141508465110648e-01,-1.871528503801417331e-01,-2.391912299185105228e-01,-2.753521919242108984e-01,-1.383239810670003900e-01,-1.213779058073759104e-01,-3.402474229736910383e-01,-2.636772522691534504e-01,-1.905787271350186662e-01,-1.668942591324986402e-01,-1.233790883760316898e-01,-7.374189445558716749e-02,-9.069709383733041974e-02,-1.156761826369245294e-01,-3.964783477303544801e-02,-3.651021480912963746e-02,-6.578511368950870630e-02,6.831781888343900488e-02,9.769003535540485283e-02,3.803739941599503793e-01,-1.237228623358979929e-01,7.693088114773910524e-02,-7.897230297882755490e-02,1.345854585711440399e-01,-7.029077334609398764e-02,-6.508541700904653393e-02,-1.043001898299821956e-01,1.852611509577480140e-03,1.307231684516503567e-01,5.493429354275267823e-02,-2.068289827596776417e-02,-1.375868282503006912e-01,1.343969390352591775e-01,-1.027985518739922277e-01,-5.516239851287683960e-02,-1.335486603576304665e-01,-1.492751025280541488e-01,-1.337400113102884050e-02,-9.728195655348294280e-02,-2.177928908724566931e-02,-5.429342399047639746e-03,3.163464074744488930e-02,-7.277665546445234723e-02,9.319267481354781557e-02,4.072156865708560780e-02,-6.036435062394296391e-02,5.420926220785334676e-02,7.721140702171024051e-02,2.123764179855875886e-02,-1.017389374189056755e-01,-8.968319358874636549e-02,-3.510365435862054882e-03,-1.394050265714636694e-01,1.117393373203819443e-02,-2.656925096720527679e-01,-2.479217276962506766e-01,-2.281415887201600767e-01,-1.177041544163116987e-01,-1.193076058302316583e-01,1.236473265118452070e-01,-1.596878901234143333e-01,-1.416998359053432965e-01,-1.755555640894861380e-01,-1.830637444544914172e-01,5.902943559659082351e-02,8.249942705774462870e-02,-4.704555714745405764e-02,-1.045905714707866113e-01,-2.433904272714407235e-01,-2.341362925787952576e-01,-1.890003443458020127e-01,-2.100707390907817773e-01,-3.139869134899144765e-01,-8.166018628729428477e-03
-6.070027232263230238e-02,-1.656257439480750271e-01,1.898109589947145903e-01,3.069783800008865082e-01,6.478506198070801414e-01,4.581112945257805880e-01,4.059153640429775667e-01,2.651432825242458491e-01,0.000000000000000000e+00,6.148596741640965924e-01,1.517062060231029463e-01,-1.168369318210142060e-01,2.838470478165722732e-01,2.345830262655607124e-01,5.100416241604864842e-01,3.739795249643823594e-01,-9.781924809563731157e-03,-1.547723418628147163e-01,1.309155674409119285e-01,-1.131850472829862460e-02,2.743514006075891132e-01,2.043953271159145990e-01,2.744822947874387964e-01,3.607618239384493553e-01,4.099667957745934954e-01,4.053469804795062914e-01,5.775056071986365280e-01,4.471777581801771873e-01,-1.671424005120525913e-01,-9.226270839202992124e-02,3.156235409353083110e-01,1.176241885632335060e-01,8.712978592770470598e-02,7.183509284358326197e-02,1.189401543379684234e-01,3.529693113564093959e-02,-1.643546690136166444e-01,-2.033838322236526941e-01,2.515807091516055194e-01,9.040852692200426755e-02,7.893640831019206605e-02,-7.248643371463975305e-02,-1.235931844058905105e-01,-2.067112099914701628e-01,-2.056465987658157024e-01,-3.084866394546256219e-01,-6.641232948035742656e-02,-7.906505021746308703e-02,-3.246359103984993721e-01,-3.541724992203409972e-01,-2.131334480140836540e-01,-2.527922524154554429e-01,-9.470101098228010661e-02,-4.919805824859828369e-02,1.480026135562799716e-01,1.068416288657318344e-02,1.250143657297140415e-02,-2.297393517315756140e-01,-2.193345150365398066e-01,-2.532814710118887480e-01,-8.644804001013927514e-03,6.968840207679807830e-02,-1.715450750810290359e-01,-2.246321387972484152e-01,1.134410599957448584e-01,-8.705279291681726483e-02,-1.096269333083706859e-01,-2.677313201539679444e-01,-1.679004458720423365e-01,-9.557170516501699298e-02,3.999052303434384448e-01,2.579017851806265638e-01,-5.434621699793486943e-02,3.302064600610320894e-02,7.236083148780889096e-02,-9.834321534188876501e-02,2.153842734822600008e-04,-6.930194402717933244e-02,-7.518103354730329424e-02,-1.134899397891367540e-01,-1.714254923237615302e-01,-1.936714246969591380e-01,1.816560919813166308e-01,9.094301846469671213e-02,1.330055196029216180e-01,-6.059424404838218391e-03,2.403387852511916223e-01,2.607481512112546085e-01,2.370188657845982705e-01,2.294051728007480973e-01,-8.850640156387436230e-02,-1.300517754522949321e-01,1.181853974339231728e-01,1.772176023916844645e-01,-4.934479372001063235e-02,2.346520689428035003e-02,6.152715928116474914e-02,7.720997834605433652e-03,-2.106824874980667284e-01,-8.240504951092732233e-02,-1.485215430295351025e-01,8.592563009249244710e-02,4.868226398284675877e-02,1.473516830812110212e-01,6.648251004320729352e-02,7.828691139734592075e-02,1.092827395382316297e-01,1.810410139337899904e-01,7.526969618941865836e-02,1.861743949141755894e-02,-1.333906903794121190e-01,-1.294109523915923932e-01,2.301799803655685608e-02,-9.520865661043281802e-02,-6.153542179374336257e-02,1.619731619309972351e-02
-3.607968521935800421e-02,-1.404410173793940730e-01,1.487843753601762221e-02,2.533416027035890750e-01,4.390759628006600801e-01,5.635975683832418204e-01,2.293359238771630892e-01,3.533346452919944314e-01,6.148596741640965924e-01,0.000000000000000000e+00,6.577185382017795845e-02,4.953528820545005651e-02,2.027413068337213797e-01,4.070656835648430727e-01,4.764507751702514726e-01,4.440518583731229429e-01,-2.603145895444980776e-02,-1.837112473651026923e-01,1.897983384595497425e-01,3.847323417175870647e-02,1.927718815957719101e-01,1.931804685988202652e-01,1.367783681779132510e-01,3.117587323631011986e-01,3.235208419583944228e-01,3.350305656598211446e-01,6.149310608511592280e-01,5.527934633861443237e-01,-2.992602197700804934e-01,-1.141142879972316948e-01,1.070052517423776689e-01,-6.711943486478905152e-02,-5.932777655658306917e-04,4.613177927467462802e-02,6.392116409203142668e-02,4.277177224407267830e-02,-1.732091317191133961e-01,-2.653828669968027465e-01,1.987659967448704157e-01,1.674799586461628575e-01,2.605584094925865457e-02,-9.771130963182990403e-02,-1.339128421509921674e-01,-1.703858210025034348e-01,-2.523373314303178350e-01,-2.389086517648171537e-01,-1.231919127088124538e-01,-1.379141497919558756e-01,-1.798935691216059785e-01,-2.703336658313289509e-01,-8.029175967269810976e-02,-1.582486971039115398e-01,-4.352180521948458003e-02,-1.182150877638129399e-01,1.598163030935841611e-01,2.775314669020231828e-02,-9.758303173272750430e-02,-1.422098556609772968e-01,-7.559427534497006884e-02,-1.204332601459037339e-01,-1.504945778439781626e-02,6.797937878947596380e-02,-1.492020888215138119e-01,-1.873793570617186821e-01,8.948707466998978566e-02,-1.142237532421609553e-01,-3.524138476931576447e-02,-1.772715927532971247e-01,-1.855445553709740292e-01,-1.459994820508020708e-01,2.635453438680829819e-01,2.232573096499022580e-01,-1.801586965268668905e-01,-1.126926923211579723e-01,1.850202239930991976e-01,-7.277918532847492405e-02,4.645381375526841383e-02,4.436025299431747143e-02,-6.152468753521250083e-02,-2.963126726878592340e-02,-1.029069637200486081e-01,-1.444491311748982154e-01,1.376346030475313620e-01,6.316736430957935189e-02,1.059014737194922950e-01,1.008573733123971014e-02,2.657470803364500034e-01,2.623119696605812345e-01,1.942957804915318998e-01,2.658743250070776942e-01,-1.302348271015718595e-01,-1.793916905364429382e-01,1.095922514479007875e-01,2.043927840239281035e-01,-5.658545626885110730e-03,1.496274297240803713e-02,5.407885978757587947e-02,-2.012030111556626852e-02,-2.027584186480303474e-01,-3.561306870538418629e-02,-1.213479132101652203e-01,1.336001528177002406e-01,3.022770743664905321e-02,1.479278863128001276e-01,9.631601006320222869e-02,1.250169350330528617e-01,1.873544596523255557e-01,2.501060578501541065e-01,5.133740265557007292e-03,-1.663637396246089861e-02,-1.573883901337698732e-01,-8.480914857669875906e-02,2.816451140924787835e-02,-1.020815738356638802e-01,-2.318424261806198775e-02,-6.822302836907217713e-03
4.317721264382499702e-01,-5.249739781929255167e-02,1.684260840634139167e-01,7.526471573676085658e-02,2.172714957002457592e-01,1.092817002947323451e-01,4.536284253850180748e-01,1.924433818090524329e-01,1.517062060231029463e-01,6.577185382017795845e-02,0.000000000000000000e+00,-1.079006107524045910e-01,6.642757596793649189e-01,1.443254738236301737e-01,4.066408320603396437e-02,-6.048400998363662184e-02,1.714589329223689673e-02,-3.053869700689889610e-01,5.299529342125940401e-01,1.063862352107918519e-01,-1.225412020256451823e-01,-1.642884210444361670e-01,2.412746306273722829e-01,1.718138327879600580e-01,-9.054854656365565746e-02,-2.152480959009492323e-02,-5.473933865147929262e-02,-7.630537169741088976e-02,-3.385175499077976158e-02,-1.421868101475074475e-01,1.510366355911327563e-01,1.398140165366482390e-01,1.147072305845765749e-01,-5.726303528817913713e-02,5.069587252311881509e-02,3.150181640381084086e-02,-7.123550916360789353e-02,-4.056627038074217539e-02,-8.141377216960257734e-02,-1.189838370226779657e-01,-9.670824647346966396e-02,-8.669588782010399786e-02,-6.255118808241828809e-02,-7.589415192688461764e-02,-1.067949105482201844e-01,-2.112406359674853795e-01,-1.096790400214698868e-01,-1.525121441129799749e-01,-1.757905186218139404e-01,-1.556414410829123629e-01,-2.368003916729515546e-01,-2.429143790074579090e-01,-1.300520698597505409e-01,-1.199645223494006652e-01,-1.460274641362255266e-01,-1.734649425647504239e-01,1.836800460973359861e-01,-1.913100592097521091e-01,-1.506464632580157836e-01,-1.659238961014603553e-01,2.870020395599955920e-01,2.060396779188447824e-01,4.603187005100611157e-02,-2.178463799947162050e-01,1.216777855140314113e-01,-3.984512840658751415e-02,-2.995505756466829705e-01,-3.290543887379179244e-01,-9.911372818440697396e-02,-2.575290342449668701e-01,2.007160907309183950e-01,2.229165939478101044e-01,9.507980494133454197e-02,-8.673410633778283474e-02,5.963396921718483457e-02,2.680936558159897898e-02,1.393578099466605547e-01,-1.639511281630648670e-04,-1.673821488840077643e-01,-6.126928682213977906e-02,-1.413834102612806509e-01,-1.470239060422421640e-01,4.570954744041976631e-02,-1.050886115177099706e-01,1.357449420312456245e-01,-2.140167961154444409e-01,1.259924523885882532e-02,-3.732656701411801031e-02,5.173454823561997318e-02,-8.875838757332625562e-02,1.786658517371806920e-01,-1.227097265507121927e-02,1.107631096602379184e-01,1.012569832934960556e-01,-4.761635972984570170e-02,1.793480552303153980e-02,-1.887160714930417524e-03,-3.394819735903852054e-02,2.810618932504372128e-02,1.895028401485704672e-01,-1.034740466087862021e-03,1.675558900787402494e-01,-5.633988737084758003e-02,5.228490354566746323e-03,1.073664358586688544e-01,9.372233048729460003e-02,1.444055364193728708e-01,9.781493921809901460e-02,8.249303282067341203e-04,1.174529478087800310e-01,-1.484637433313249801e-02,-6.394296639937710469e-02,-1.218599739135751633e-02,-2.896133905410454290e-02,-1.259750761092187921e-01,6.527883497606261354e-02
1.426501308203089180e-01,2.351621179809971762e-01,-2.863627666368229741e-01,-1.277990063427549283e-01,-2.201029461963095180e-01,-3.857215045694913080e-02,-9.469832430072243346e-02,1.822468132969967125e-01,-1.168369318210142060e-01,4.953528820545005651e-02,-1.079006107524045910e-01,0.000000000000000000e+00,1.096497440192336775e-01,3.218177915099920683e-01,-1.321577413396025635e-01,3.069995362903444117e-02,2.395290847112287458e-01,2.790916825910992327e-01,7.312172737217836893e-02,4.203028507134137226e-01,6.181837077645312151e-02,-4.701085839369330971e-02,-4.089254724222819437e-01,-2.438441211991835278e-01,-1.186058614347575285e-01,-1.108517638603065680e-01,-1.201703452748431461e-01,-8.130056339611893557e-02,1.611163148422149194e-01,2.237583844862388038e-01,-9.750871097491971284e-02,-2.187416473285961616e-01,8.462423688433931557e-02,1.270540105994922009e-01,-3.703456908306794193e-01,-2.373842255648382915e-01,-5.400952163419299457e-02,3.659134197651649906e-02,-2.893298706412292948e-02,-9.926293889370793599e-02,1.314626700019438932e-01,9.642668253830671832e-03,-1.972605452700813000e-01,-8.858603305794847393e-02,-1.738085862310593255e-01,3.208969664761094492e-02,-2.381926175785658295e-01,-2.934172294479198140e-02,-5.620633887335459850e-02,-1.423983872796372521e-02,7.935192827158490947e-02,1.076043806186155749e-01,1.078440675205120380e-01,1.246194781341552760e-01,-5.900930681365262193e-02,-8.178437870105996488e-02,1.138502376392166032e-01,3.448029222083519585e-01,8.776342580447625552e-02,1.235305951312815620e-01,1.018414989899250195e-01,2.745706800275316689e-02,4.557113332006081929e-01,4.127509167175824056e-01,-3.239659872232164006e-01,-1.945438736550812731e-01,-1.650506482763057503e-01,-1.061652293290556159e-01,3.555845763218225958e-02,8.831526250981693027e-02,-4.328161962672320839e-02,1.562928311406616526e-03,1.044805176210958642e-01,9.061061068261046236e-02,8.414279058844710557e-02,1.438098572844142831e-01,2.697692461696639052e-02,6.784296129651511131e-02,4.025967811111549888e-02,1.026024209193404368e-01,2.876775012067072645e-01,1.299250137786446824e-01,1.478438953191411886e-01,-4.941984376751867164e-02,-1.441706546571808745e-01,-6.034753306541165013e-02,-1.702543231860170758e-02,-1.355724018384359408e-01,-1.837720818037640036e-01,2.150704881350338701e-02,-6.619954268965311250e-02,-7.309122403086276698e-02,-2.143498089147729407e-02,-2.767163269120164748e-01,-1.418721941012782983e-01,-1.795230207736361328e-01,6.212863625993206296e-02,-4.106605114767678671e-02,4.820268847777096910e-02,1.676757894450099304e-02,2.978500201884807796e-01,9.051948743173314493e-02,1.506563154794831605e-01,1.494756583739539346e-01,2.965197415082846885e-02,-6.767886850511504841e-03,-2.748583271120872210e-02,-1.027350478609606876e-01,-1.178585931866795444e-01,-5.221342911117727442e-02,9.315053727457575650e-02,-1.091786269993774532e-02,8.678340836032889805e-02,-3.181072023774618451e-02,-1.730626623297380762e-02,-4.459120603395593657e-02
3.002566601940498958e-01,-1.075926310189721791e-01,3.752017460414688432e-03,5.757576542079338375e-03,2.500466497848995440e-01,1.316404268976194558e-01,4.485462068240274602e-01,2.556585327772851746e-01,2.838470478165722732e-01,2.027413068337213797e-01,6.642757596793649189e-01,1.096497440192336775e-01,0.000000000000000000e+00,4.430041475703992981e-01,1.054082689746436152e-01,8.471733423081863334e-02,-6.715622893120273829e-02,-3.140936182474245997e-01,3.254375569533798918e-01,4.179608654721334721e-02,-1.592466569165182388e-04,-1.416160669729306931e-01,1.627408511169331773e-01,1.521890128911246864e-01,4.778897191022334935e-03,1.865803586002421841e-02,4.613517337702763982e-02,-2.981319584628337391e-02,-1.414728461519018099e-01,-1.747712113898377551e-01,2.086878589221896618e-01,2.173282761071962041e-02,1.326529734224313195e-01,-6.651771909105894109e-02,-1.010983036455877504e-01,-1.345732095118581106e-01,-1.096593647447143549e-01,-5.374086610376734713e-02,-3.820846730649288259e-02,-1.227622108942444251e-01,1.141028545326618071e-02,-9.813792642522622955e-02,-1.709008924129210849e-01,-1.938105742360097528e-01,-1.446701825211910430e-01,-2.066797052090381670e-01,-2.754519556831728222e-01,-2.151555339133541800e-01,-1.198379872461452500e-01,-1.419259008260506660e-01,-1.505767941209157357e-01,-1.466090567335752159e-01,-3.797241759326627775e-02,-7.196933778499926826e-03,-9.342454949543324561e-02,-1.509467547192079873e-01,6.971047187616190299e-02,-2.203437365677554383e-01,-1.929332374581068099e-01,-2.069560435728651782e-01,2.794596200261560415e-01,2.295532777175395278e-01,-2.927288343854350487e-03,-1.796927175567622492e-01,8.413062163716100716e-02,-6.041211336187092551e-02,-3.986960627274674929e-01,-4.036350268143696352e-01,-2.169814224978412476e-01,-2.927479823485534816e-01,2.415100630163512785e-01,1.642588118879893533e-01,2.942927594593018961e-02,-1.028834364240320820e-01,2.804176138241040728e-02,-2.740498784739752933e-02,4.187811144652487522e-02,-5.000924704114709241e-02,-2.625780643907638656e-01,-1.906594300154886845e-01,-1.404748650700712587e-01,-1.240276723021447175e-01,1.236848191514694911e-01,-9.669975780926277908e-02,1.552536224405146048e-01,-1.288669841212748690e-01,1.029459667095651981e-01,8.959758169826963214e-02,4.962264439943232103e-02,8.955428356630569520e-02,1.081008899358947423e-01,-1.071359755771294914e-01,1.792090605597067565e-01,1.326243618656978984e-01,-1.663615538135962413e-01,-1.731960609047558108e-01,1.577367737657870209e-02,-1.169330020730440650e-01,-1.342733817687681575e-01,4.760345868683238391e-02,2.569228827893806077e-02,2.242113926928995249e-01,-4.694486307713234552e-02,8.250179567220819465e-02,1.841145008908606218e-01,1.674108132329662491e-01,1.562086284328831065e-01,8.635140101440147431e-02,-8.490443752868402638e-02,5.846143642483035002e-02,-3.013509474199875179e-02,-1.242684184711678602e-01,-2.270926336572212743e-03,-1.085027576453731768e-01,-1.343702647690036556e-01,1.028525260130903722e-02
