0.000000000000000000e+00,3.405335843563079834e-01,4.060703795403242111e-03,8.513294160366058350e-02,8.277203142642974854e-02,7.188944518566131592e-02,2.637738883495330811e-01,2.469165027141571045e-01,1.248253807425498962e-01,2.601561695337295532e-02,2.622681260108947754e-01,2.942454814910888672e-01,2.346704453229904175e-01,8.228406310081481934e-02,9.679875522851943970e-02,4.201286658644676208e-02,6.515496224164962769e-02,-9.733076393604278564e-02,3.515994548797607422e-01,4.113170504570007324e-01,-1.491307467222213745e-02,-1.361794024705886841e-01,-1.614027917385101318e-01,-1.486081928014755249e-01,3.668313100934028625e-02,1.217631250619888306e-02,5.634435266256332397e-02,7.821524888277053833e-02,1.267814785242080688e-01,-4.766523092985153198e-02,9.498553350567817688e-03,-6.677772104740142822e-02,6.060045212507247925e-03,4.739791620522737503e-04,-2.555757761001586914e-01,-1.321008354425430298e-01,-1.058814972639083862e-01,-3.751609474420547485e-02,-7.046944648027420044e-02,2.100811712443828583e-02,2.056268975138664246e-02,-6.151224300265312195e-02,-2.308825105428695679e-01,-7.606051117181777954e-02,-4.298047348856925964e-02,9.988477453589439392e-03,-6.593111902475357056e-02,4.927670583128929138e-02,1.574580520391464233e-01,1.365174949169158936e-01,7.679130882024765015e-02,1.557670831680297852e-01,-1.138651445508003235e-01,3.995041921734809875e-02,-8.375208824872970581e-02,-7.882497459650039673e-02,4.681501090526580811e-01,2.582656145095825195e-01,2.917681634426116943e-01,2.630068063735961914e-01,2.855457067489624023e-01,1.544398367404937744e-01,3.018992841243743896e-01,1.271964758634567261e-01,-2.333890497684478760e-01,-2.730335891246795654e-01,-2.467099130153656006e-01,-2.335908859968185425e-01,2.578177750110626221e-01,1.424641758203506470e-01,1.217803806066513062e-01,8.624181896448135376e-02,9.909155219793319702e-02,3.892778977751731873e-02,8.728945255279541016e-02,5.690513551235198975e-02,-1.132988631725311279e-01,-3.257201239466667175e-02,-1.371775418519973755e-01,-3.421558812260627747e-02,2.083392813801765442e-02,-9.399109333753585815e-02,-4.107085987925529480e-02,2.462927065789699554e-02,-3.237149491906166077e-02,-1.134429723024368286e-01,-4.569518566131591797e-02,-2.874616533517837524e-02,1.506388001143932343e-02,-6.986050307750701904e-02,-2.281151264905929565e-01,-2.030574381351470947e-01,-2.199762463569641113e-01,-1.736381351947784424e-01,-7.029033452272415161e-02,-2.690832875669002533e-02,-2.028491497039794922e-01,-7.739642262458801270e-02,-6.589884310960769653e-02,-7.889731228351593018e-02,3.337409347295761108e-02,2.997979521751403809e-02,-6.886899471282958984e-02,-1.622598245739936829e-02,-2.239083796739578247e-01,-2.023614645004272461e-01,-1.257977038621902466e-01,-4.155140370130538940e-02,-1.003421992063522339e-01,1.288893446326255798e-02,-1.341507881879806519e-01,-1.628518402576446533e-01,-3.595586121082305908e-02,-3.994473069906234741e-02,-7.287801057100296021e-02,-2.076886892318725586e-01
3.405335843563079834e-01,0.000000000000000000e+00,-5.689699575304985046e-02,3.104811310768127441e-01,-7.574263960123062134e-03,-1.816790364682674408e-02,5.564145371317863464e-02,2.081008106470108032e-01,1.213931366801261902e-01,-1.608963608741760254e-01,1.427704840898513794e-01,1.401015073060989380e-01,-1.055774018168449402e-01,2.079581618309020996e-01,-1.031596288084983826e-01,7.866200059652328491e-02,1.541258543729782104e-01,1.056491807103157043e-01,2.651997208595275879e-01,4.625831842422485352e-01,-1.891780793666839600e-01,-1.190080791711807251e-01,-1.980909407138824463e-01,-1.680161654949188232e-01,6.680041551589965820e-03,-3.744623064994812012e-02,6.528650969266891479e-02,5.590566620230674744e-02,4.682130739092826843e-02,8.164853602647781372e-02,-3.834652528166770935e-02,-1.153851523995399475e-01,-6.187820807099342346e-02,7.107915729284286499e-02,-5.938172340393066406e-02,-5.027072131633758545e-02,-1.148554682731628418e-01,-1.944728046655654907e-01,2.343257516622543335e-02,5.457188934087753296e-02,-1.277010589838027954e-01,-1.501936465501785278e-01,1.316417381167411804e-02,1.025039888918399811e-02,7.321568578481674194e-02,7.954674214124679565e-02,1.229917556047439575e-01,2.202856540679931641e-01,4.798407107591629028e-02,1.001457497477531433e-01,1.240622997283935547e-01,4.636031761765480042e-02,8.303722739219665527e-02,8.786637336015701294e-02,-1.225738972425460815e-02,2.514330744743347168e-01,2.834987640380859375e-01,5.569817423820495605e-01,2.574266493320465088e-01,2.261434197425842285e-01,2.983588576316833496e-01,6.950804591178894043e-02,1.291077882051467896e-01,1.694264113903045654e-01,-2.182289361953735352e-01,-3.277220129966735840e-01,-1.374355107545852661e-01,-9.691894054412841797e-02,1.975280642509460449e-01,2.957160472869873047e-01,-1.146661043167114258e-01,1.933956146240234375e-02,4.639326781034469604e-02,1.651602834463119507e-01,3.982974216341972351e-02,-8.189098909497261047e-03,1.258803308010101318e-01,8.349538594484329224e-02,-2.371885068714618683e-02,1.947426795959472656e-01,-1.171441525220870972e-01,-2.993213711306452751e-03,-2.311049997806549072e-01,-1.445871740579605103e-01,-9.396713227033615112e-02,-2.499495297670364380e-01,-2.085346877574920654e-01,-1.684215962886810303e-01,-6.489842385053634644e-02,-6.718780100345611572e-02,-2.258510142564773560e-01,-3.636695444583892822e-01,-2.690485715866088867e-01,-3.097130656242370605e-01,9.757511317729949951e-02,6.689865142107009888e-02,4.630229249596595764e-02,-1.139338128268718719e-02,2.418972179293632507e-02,7.810512185096740723e-02,-4.917157813906669617e-02,-1.939881443977355957e-01,-5.311655625700950623e-02,-1.605524271726608276e-01,-1.705288589000701904e-01,-1.975078582763671875e-01,-3.596159070730209351e-02,-7.104631513357162476e-02,-2.328296303749084473e-01,-7.596614211797714233e-02,-4.609378799796104431e-02,6.314615160226821899e-02,-1.073300391435623169e-01,-7.212448120117187500e-02,-1.540078874677419662e-02,-1.188106089830398560e-01
4.060703795403242111e-03,-5.689699575304985046e-02,0.000000000000000000e+00,1.069242358207702637e-01,1.377283781766891479e-01,1.423883736133575439e-01,4.079577028751373291e-01,-1.732047460973262787e-02,3.147161006927490234e-02,6.414935737848281860e-02,-1.087097004055976868e-01,-1.977410018444061279e-01,1.518945097923278809e-01,2.569742128252983093e-02,8.183924853801727295e-02,1.412314176559448242e-01,-1.341381222009658813e-01,-1.762710660696029663e-01,1.865170449018478394e-01,-1.161954738199710846e-02,-9.401051700115203857e-02,-1.297530680894851685e-01,4.056131839752197266e-01,3.853721618652343750e-01,1.918174326419830322e-01,1.845590174198150635e-01,1.377220898866653442e-01,7.149881869554519653e-02,-8.165700733661651611e-02,-5.754745379090309143e-02,2.112541496753692627e-01,2.934814095497131348e-01,2.174410670995712280e-01,-1.812253706157207489e-02,2.947948575019836426e-01,2.103022187948226929e-01,-6.516093015670776367e-02,7.922138273715972900e-02,-1.349102798849344254e-02,2.180029898881912231e-01,-4.021020233631134033e-02,9.088413417339324951e-02,-1.724042147397994995e-01,-1.591446548700332642e-01,-2.987141907215118408e-02,-1.402452439069747925e-01,-7.386480271816253662e-02,-9.414661675691604614e-02,-2.212427556514739990e-01,-2.301441729068756104e-01,-2.781398296356201172e-01,-3.057998120784759521e-01,-2.357080131769180298e-01,-2.071492373943328857e-01,-1.710772365331649780e-01,-6.693292409181594849e-02,3.218065947294235229e-02,-6.426483392715454102e-02,-2.174744307994842529e-01,-2.428743541240692139e-01,-4.250710830092430115e-02,-6.119940057396888733e-02,-7.415682077407836914e-02,-2.599173486232757568e-01,4.889745712280273438e-01,2.095346152782440186e-01,2.554010450839996338e-01,1.343746930360794067e-01,7.742502540349960327e-02,-1.216358616948127747e-01,1.170064359903335571e-01,6.272830069065093994e-02,-7.441771775484085083e-02,-1.745184361934661865e-01,-1.044795513153076172e-01,-1.616928875446319580e-01,1.275532245635986328e-01,2.516017667949199677e-02,3.762804716825485229e-02,-9.323727339506149292e-02,-2.614521682262420654e-01,6.818013638257980347e-02,1.140944734215736389e-01,2.076852619647979736e-01,1.853922307491302490e-01,2.195717841386795044e-01,2.764987945556640625e-01,2.828238308429718018e-01,8.414012938737869263e-02,2.637602575123310089e-02,-8.566956222057342529e-02,1.711656600236892700e-01,5.353977903723716736e-02,1.322053670883178711e-01,3.343151137232780457e-02,-2.466901671141386032e-03,-1.259812861680984497e-01,-8.080293983221054077e-02,-2.189379930496215820e-01,-1.055862158536911011e-01,-6.853974610567092896e-02,-4.858820885419845581e-02,-8.544797450304031372e-02,-2.543013542890548706e-02,-2.293281853199005127e-01,-5.972263962030410767e-02,-1.133732646703720093e-01,1.166962981224060059e-01,-2.301599681377410889e-01,-9.181153029203414917e-02,-1.103190481662750244e-01,-4.095274582505226135e-02,-5.584489181637763977e-02,-1.325256377458572388e-01,-1.773734390735626221e-01,-1.414592862129211426e-01
8.513294160366058350e-02,3.104811310768127441e-01,1.069242358207702637e-01,0.000000000000000000e+00,-1.590278744697570801e-01,-1.815836578607559204e-01,2.875975370407104492e-01,3.535486459732055664e-01,9.004467725753784180e-02,-2.590129673480987549e-01,1.594551652669906616e-01,9.774660319089889526e-02,-1.197026073932647705e-01,4.267734885215759277e-01,-2.337414175271987915e-01,1.017587333917617798e-01,1.890488415956497192e-01,3.301391899585723877e-01,2.984077036380767822e-01,3.759234249591827393e-01,-3.358722627162933350e-01,-3.380076214671134949e-02,9.331407956779003143e-03,-9.425078332424163818e-02,-1.226133629679679871e-01,-1.295439153909683228e-01,-1.504673957824707031e-01,-1.320266127586364746e-01,-3.091682866215705872e-02,7.031764835119247437e-02,3.309697203803807497e-04,-7.845856994390487671e-02,1.575532369315624237e-02,7.866208255290985107e-02,5.163688212633132935e-02,9.444330353289842606e-04,-1.686150133609771729e-01,-2.870260179042816162e-01,1.013150885701179504e-01,-1.875644326210021973e-01,-2.117369472980499268e-01,-1.788870096206665039e-01,2.674025893211364746e-01,2.026066184043884277e-02,2.581294476985931396e-01,1.081623695790767670e-02,1.121773049235343933e-01,3.528390079736709595e-02,-1.392322629690170288e-01,-7.006215304136276245e-02,-1.287194248288869858e-02,-1.043392494320869446e-01,1.086772084236145020e-01,6.053457036614418030e-02,-3.235984966158866882e-02,3.627233207225799561e-01,-1.658686250448226929e-01,1.394362002611160278e-01,9.374029189348220825e-02,4.792494326829910278e-02,1.629817336797714233e-01,1.024728193879127502e-01,6.359595805406570435e-02,4.897629097104072571e-02,-2.619865909218788147e-02,-1.125284582376480103e-01,1.382120549678802490e-01,1.822085529565811157e-01,-4.337808862328529358e-02,1.955504268407821655e-01,-1.898346990346908569e-01,-1.069767028093338013e-01,-3.890594094991683960e-02,7.768623530864715576e-02,-1.037314310669898987e-01,-8.878324925899505615e-02,3.123944997787475586e-01,1.132374331355094910e-01,-8.367466740310192108e-03,2.640505433082580566e-01,-1.849935650825500488e-01,1.869807392358779907e-01,-3.313671946525573730e-01,-1.850559711456298828e-01,2.235867232084274292e-01,-1.295608468353748322e-02,-1.734269410371780396e-01,-1.077264100313186646e-01,-3.753123432397842407e-02,-1.915212534368038177e-02,9.322864934802055359e-03,-1.504820883274078369e-01,-1.463942527770996094e-01,-2.745514512062072754e-01,4.346661269664764404e-02,-3.476173058152198792e-02,1.804533228278160095e-02,-1.715410053730010986e-01,-1.473036855459213257e-01,1.516678929328918457e-01,-2.749285399913787842e-01,-2.784082591533660889e-01,-2.710779309272766113e-01,-3.045893013477325439e-01,1.160080265253782272e-02,-8.715163171291351318e-02,-6.418715417385101318e-02,-1.744374334812164307e-01,-1.867783516645431519e-01,-2.684470415115356445e-01,-1.539834588766098022e-01,7.813024520874023438e-02,-1.373147815465927124e-01,-9.950568526983261108e-02,-3.005549311637878418e-02,-2.661873772740364075e-02
8.277203142642974854e-02,-7.574263960123062134e-03,1.377283781766891479e-01,-1.590278744697570801e-01,0.000000000000000000e+00,6.998359560966491699e-01,7.007018476724624634e-02,-2.497940696775913239e-02,5.550215244293212891e-01,3.341367542743682861e-01,-4.095309227705001831e-02,-3.534050658345222473e-02,1.444585621356964111e-01,4.091209545731544495e-02,4.594141840934753418e-01,2.633857429027557373e-01,2.924756146967411041e-02,-1.800217665731906891e-02,5.187927186489105225e-02,-1.426872760057449341e-01,1.267537474632263184e-01,1.244940534234046936e-01,3.210151195526123047e-01,4.231002628803253174e-01,6.959200501441955566e-01,6.337743401527404785e-01,7.029822468757629395e-01,6.579800248146057129e-01,1.553559154272079468e-01,3.561722859740257263e-02,5.339363813400268555e-01,4.389739632606506348e-01,3.372756019234657288e-02,-2.887716330587863922e-02,1.251881185453385115e-04,4.922405630350112915e-02,5.493556708097457886e-02,-5.122148245573043823e-02,5.987837165594100952e-02,2.778458595275878906e-01,2.439374774694442749e-01,4.298815876245498657e-02,-1.788198202848434448e-01,-7.867796719074249268e-02,-2.418721467256546021e-02,1.067084074020385742e-02,-3.203320130705833435e-02,-7.951284945011138916e-02,-5.066853482276201248e-03,1.494722217321395874e-01,1.806515268981456757e-02,5.887056142091751099e-02,-1.417128592729568481e-01,5.313075333833694458e-02,-1.308629382401704788e-02,7.878211326897144318e-03,4.928869381546974182e-02,-1.267071627080440521e-02,1.103585138916969299e-01,-2.523417957127094269e-02,-3.036954067647457123e-02,-1.170507520437240601e-01,-8.879076689481735229e-02,-3.173555433750152588e-01,2.263267636299133301e-01,2.259528040885925293e-01,1.379083991050720215e-01,1.033238470554351807e-01,-1.175461336970329285e-01,-9.807978570461273193e-02,2.179711312055587769e-01,1.024189312011003494e-02,1.465118378400802612e-01,-1.355330692604184151e-03,4.689454287290573120e-02,-7.148496806621551514e-02,-4.258982092142105103e-02,-9.140104800462722778e-02,-7.647458463907241821e-02,1.977415569126605988e-02,-2.102545462548732758e-02,4.502734169363975525e-02,3.151862621307373047e-01,2.177240252494812012e-01,9.206793457269668579e-02,2.665742039680480957e-01,4.050340354442596436e-01,2.356250733137130737e-01,8.241087943315505981e-02,1.194104775786399841e-01,-3.275774717330932617e-01,-5.411070212721824646e-02,-2.249076366424560547e-01,-1.597596853971481323e-01,-1.573203951120376587e-01,-5.898294970393180847e-02,-2.694083452224731445e-01,-2.067081928253173828e-01,-4.318786263465881348e-01,-3.985846340656280518e-01,-1.272660940885543823e-01,-2.677123248577117920e-01,-2.184626162052154541e-01,-2.044553905725479126e-01,-1.367774307727813721e-01,-2.424778938293457031e-01,-1.073270142078399658e-01,-2.487754374742507935e-01,7.196624577045440674e-02,1.468114834278821945e-02,-2.164225429296493530e-01,-2.049349099397659302e-01,-1.499645709991455078e-01,-1.586675047874450684e-01,-7.418024539947509766e-02,2.743866294622421265e-02
7.188944518566131592e-02,-1.816790364682674408e-02,1.423883736133575439e-01,-1.815836578607559204e-01,6.998359560966491699e-01,0.000000000000000000e+00,1.070549637079238892e-01,9.988900274038314819e-02,4.570359289646148682e-01,4.744773209095001221e-01,-3.711735829710960388e-02,1.495270151644945145e-02,1.628239154815673828e-01,-2.901602163910865784e-02,3.983909189701080322e-01,2.965068817138671875e-01,-9.411762468516826630e-03,-1.002047434449195862e-01,7.470587268471717834e-03,-1.404899358749389648e-01,2.187900990247726440e-01,1.441452056169509888e-01,3.279922902584075928e-01,4.861711263656616211e-01,6.848221421241760254e-01,6.996591687202453613e-01,6.622259616851806641e-01,6.984632611274719238e-01,1.500799208879470825e-01,7.876700721681118011e-03,5.413444042205810547e-01,4.439423084259033203e-01,-3.240664303302764893e-02,-2.948769927024841309e-02,-4.158424586057662964e-02,-4.002371802926063538e-03,9.452538192272186279e-02,3.966575488448143005e-02,9.218261577188968658e-03,3.116856813430786133e-01,2.162245959043502808e-01,4.861564189195632935e-02,-1.901024729013442993e-01,-1.006565466523170471e-01,-6.349518895149230957e-02,1.605337671935558319e-02,-5.909864231944084167e-02,-7.716416567564010620e-02,-1.533078867942094803e-02,1.654236316680908203e-01,-2.287214621901512146e-02,4.658064991235733032e-02,-1.266854554414749146e-01,1.681480742990970612e-02,-2.167029492557048798e-02,-4.134257882833480835e-02,4.843968898057937622e-02,-6.254359614104032516e-03,8.045874536037445068e-02,1.530314330011606216e-02,-6.371097266674041748e-02,-4.800149425864219666e-02,-8.672524243593215942e-02,-2.272835224866867065e-01,1.480790525674819946e-01,2.347165346145629883e-01,9.850546717643737793e-02,1.195816770195960999e-01,-8.773956447839736938e-02,-1.270846426486968994e-01,2.469698935747146606e-01,9.142311662435531616e-02,1.717407405376434326e-01,-6.270270049571990967e-02,5.542861297726631165e-02,-2.118492871522903442e-02,-7.463826239109039307e-02,-3.996870294213294983e-02,-1.182119995355606079e-01,-7.573723793029785156e-02,-4.671553894877433777e-02,2.726161107420921326e-02,3.655048906803131104e-01,2.422929555177688599e-01,-7.484573125839233398e-02,2.563654184341430664e-01,3.934827446937561035e-01,1.792744249105453491e-01,6.307960022240877151e-03,1.236981153488159180e-01,-2.262368053197860718e-01,-2.708160877227783203e-02,-9.116106480360031128e-02,-1.209663078188896179e-01,-1.868382841348648071e-01,-7.687141746282577515e-02,-2.141804248094558716e-01,-1.858271956443786621e-01,-3.349981904029846191e-01,-3.744497001171112061e-01,-1.394476927816867828e-02,-2.208892256021499634e-01,-1.393261998891830444e-01,-1.639503836631774902e-01,-1.593402326107025146e-01,-2.312003374099731445e-01,-1.478092968463897705e-01,-1.662458032369613647e-01,2.559823356568813324e-02,3.190692141652107239e-02,-2.192511707544326782e-01,-1.977275013923645020e-01,-9.917319566011428833e-02,-1.375363767147064209e-01,-1.318060159683227539e-01,-4.369039461016654968e-02
2.637738883495330811e-01,5.564145371317863464e-02,4.079577028751373291e-01,2.875975370407104492e-01,7.007018476724624634e-02,1.070549637079238892e-01,0.000000000000000000e+00,3.329289555549621582e-01,1.509406119585037231e-01,6.101502105593681335e-02,2.038379311561584473e-01,1.664049178361892700e-01,3.780797421932220459e-01,1.579123735427856445e-01,1.014696061611175537e-01,1.344246864318847656e-01,-7.389956712722778320e-02,-6.603466719388961792e-02,3.318983018398284912e-01,1.624846756458282471e-01,-1.697480082511901855e-01,-1.319690644741058350e-01,2.510460615158081055e-01,1.691176593303680420e-01,6.535093486309051514e-02,1.041740253567695618e-01,2.777378261089324951e-02,8.902621269226074219e-02,-2.404172345995903015e-02,-1.280516684055328369e-01,1.623628735542297363e-01,1.991559863090515137e-01,1.054469123482704163e-01,-5.426615849137306213e-02,-2.356013841927051544e-02,-9.290612488985061646e-02,-1.379957944154739380e-01,-1.296418160200119019e-01,-5.266362428665161133e-02,-6.477897055447101593e-03,-2.786365151405334473e-02,-8.833022415637969971e-02,-1.470485776662826538e-01,-1.758688241243362427e-01,-6.445471197366714478e-02,-1.760537177324295044e-01,-6.595120579004287720e-02,-1.368607729673385620e-01,-1.377766579389572144e-01,-1.075611412525177002e-01,-1.943898350000381470e-01,-1.622425466775894165e-01,-1.619401723146438599e-01,-1.155902743339538574e-01,-1.678189784288406372e-01,-5.308136343955993652e-02,-2.943464368581771851e-02,-6.051000207662582397e-02,-4.219715297222137451e-02,1.200145762413740158e-02,1.878345757722854614e-01,1.533748060464859009e-01,1.140639334917068481e-01,-6.175079569220542908e-02,1.807364374399185181e-01,4.712274298071861267e-02,7.412359118461608887e-03,-3.734823688864707947e-02,2.164933457970619202e-02,-4.563793912529945374e-02,1.296682655811309814e-01,1.179441139101982117e-01,1.773557253181934357e-02,-9.408492594957351685e-02,-4.987213388085365295e-02,-4.549179226160049438e-02,1.437373310327529907e-01,8.956560492515563965e-02,-9.561073035001754761e-02,-4.026853293180465698e-02,-1.878820806741714478e-01,2.145803719758987427e-02,-2.454036287963390350e-02,4.565356671810150146e-02,1.366581320762634277e-01,1.352723091840744019e-01,1.011970862746238708e-01,9.017019718885421753e-02,1.878319680690765381e-01,3.768005594611167908e-02,-3.683485090732574463e-02,7.393277436494827271e-02,1.671582926064729691e-03,7.323832251131534576e-03,-6.180877611041069031e-02,-9.184034168720245361e-02,-2.247315645217895508e-01,-2.370017319917678833e-01,-2.167724221944808960e-01,-4.187680035829544067e-02,-4.703484475612640381e-02,5.877618864178657532e-02,-1.416205465793609619e-01,-1.013585850596427917e-01,-1.306907534599304199e-01,-4.324261099100112915e-02,-7.795868068933486938e-02,-5.117067322134971619e-02,-1.150063723325729370e-01,-8.823543041944503784e-02,-1.966914683580398560e-01,-2.030181884765625000e-01,1.673573814332485199e-02,-2.851546369493007660e-02,-4.272213578224182129e-02,-1.110784858465194702e-01
2.469165027141571045e-01,2.081008106470108032e-01,-1.732047460973262787e-02,3.535486459732055664e-01,-2.497940696775913239e-02,9.988900274038314819e-02,3.329289555549621582e-01,0.000000000000000000e+00,1.371675133705139160e-01,3.787251189351081848e-02,3.144628703594207764e-01,4.668921530246734619e-01,1.574961692094802856e-01,2.823905944824218750e-01,-8.368081599473953247e-02,1.733896136283874512e-01,9.612455964088439941e-02,1.364068407565355301e-02,2.752764225006103516e-01,3.315926790237426758e-01,-1.280148923397064209e-01,-2.060532867908477783e-01,-4.980408772826194763e-02,1.163418814539909363e-01,-9.422918409109115601e-02,3.208617493510246277e-02,1.338746026158332825e-02,8.991511166095733643e-02,7.253487408161163330e-02,-3.790431469678878784e-02,2.487396448850631714e-02,5.334677547216415405e-02,-5.262228101491928101e-02,1.518340855836868286e-01,-2.008024007081985474e-01,-2.203626930713653564e-01,-2.115465104579925537e-01,-1.863159835338592529e-01,-1.015662178397178650e-01,-5.010171607136726379e-02,-1.235541850328445435e-01,-1.236903071403503418e-01,1.468609843868762255e-04,-7.195591181516647339e-02,2.994115650653839111e-02,-2.921271370723843575e-03,2.107899822294712067e-02,3.512467816472053528e-02,-3.465737402439117432e-02,1.608391664922237396e-02,-1.615638844668865204e-02,-9.354731068015098572e-03,9.702878445386886597e-02,8.119861781597137451e-02,-1.163943707942962646e-01,1.406471133232116699e-01,1.816817745566368103e-02,3.897918388247489929e-02,1.580411046743392944e-01,3.350579142570495605e-01,3.265960514545440674e-01,5.456324219703674316e-01,2.854236066341400146e-01,2.814837694168090820e-01,-2.282727360725402832e-01,-1.954270526766777039e-03,-1.592697948217391968e-01,-1.850940287113189697e-02,2.248342614620923996e-03,7.884831726551055908e-02,-4.446911811828613281e-02,1.228950098156929016e-01,8.951828628778457642e-02,1.159631740301847458e-02,-1.827427372336387634e-02,-1.088509112596511841e-01,1.070029363036155701e-01,1.299174427986145020e-01,-1.455023586750030518e-01,3.212802484631538391e-02,-1.272563338279724121e-01,5.442680791020393372e-02,-1.233567744493484497e-01,-1.225997284054756165e-01,-6.732288748025894165e-02,4.990519490092992783e-03,-1.041459217667579651e-01,-1.667969375848770142e-01,4.018679261207580566e-02,1.215131282806396484e-01,4.315803572535514832e-02,-1.387748718261718750e-01,-3.751339018344879150e-02,-1.855008751153945923e-01,1.875253953039646149e-02,1.443736627697944641e-02,-1.379595547914505005e-01,-1.257925629615783691e-01,-4.626036435365676880e-02,1.273678243160247803e-01,1.196151524782180786e-01,-2.588522993028163910e-02,4.028742387890815735e-02,-9.687093086540699005e-03,-1.581300497055053711e-01,-1.106842309236526489e-01,-7.654205709695816040e-02,4.128529131412506104e-02,-1.981450766324996948e-01,-4.554205387830734253e-02,-2.465578168630599976e-01,-2.435236237943172455e-02,9.575864672660827637e-02,1.382692344486713409e-02,2.010478824377059937e-02,-1.725110411643981934e-01
1.248253807425498962e-01,1.213931366801261902e-01,3.147161006927490234e-02,9.004467725753784180e-02,5.550215244293212891e-01,4.570359289646148682e-01,1.509406119585037231e-01,1.371675133705139160e-01,0.000000000000000000e+00,2.184556871652603149e-01,9.772667288780212402e-02,6.317288428544998169e-02,1.876168847084045410e-01,2.500999867916107178e-01,4.091620147228240967e-01,3.638017177581787109e-01,6.752298027276992798e-02,5.261234566569328308e-02,2.215557247400283813e-01,3.971574828028678894e-02,-2.887321449816226959e-02,1.445410698652267456e-01,1.572125405073165894e-01,1.653766781091690063e-01,4.559662044048309326e-01,3.984207510948181152e-01,5.025669336318969727e-01,5.089614987373352051e-01,8.209217339754104614e-02,7.235016673803329468e-02,3.430195450782775879e-01,2.380977869033813477e-01,-8.970259875059127808e-02,-3.066703677177429199e-02,-3.719335654750466347e-03,8.258815854787826538e-03,-2.196322381496429443e-02,-1.351106613874435425e-01,1.347674578428268433e-01,1.378126144409179688e-01,1.717374473810195923e-01,4.256341978907585144e-02,-2.144158259034156799e-02,-1.044666245579719543e-01,-6.091999355703592300e-03,1.438909675925970078e-02,8.817614056169986725e-03,-1.090691890567541122e-02,-7.804940640926361084e-02,8.233124017715454102e-02,-1.886554411612451077e-03,-1.308579742908477783e-02,-7.461694628000259399e-02,4.437136277556419373e-02,-1.580766774713993073e-02,2.024982571601867676e-01,-2.532184589654207230e-03,4.109177738428115845e-02,1.749128252267837524e-01,1.638180576264858246e-02,1.391184926033020020e-01,-5.184193607419729233e-03,-4.252649843692779541e-02,-1.920661330223083496e-01,6.377061456441879272e-02,2.365325018763542175e-02,3.698371350765228271e-02,5.665448307991027832e-02,-1.246073022484779358e-01,1.007055491209030151e-01,1.108325570821762085e-01,4.137844219803810120e-02,3.298581391572952271e-02,7.864134013652801514e-02,4.305712506175041199e-02,-1.035660691559314728e-02,2.741937898099422455e-02,-3.935186192393302917e-02,-7.675042748451232910e-02,1.060474589467048645e-01,-5.712960660457611084e-02,6.152901425957679749e-02,1.287643909454345703e-01,2.288017980754375458e-02,2.015444040298461914e-01,9.751486033201217651e-02,2.744858562946319580e-01,6.518415361642837524e-02,2.259260565042495728e-01,1.000833734869956970e-01,-2.544228136539459229e-01,-9.088865667581558228e-02,-2.934617996215820312e-01,-2.229396551847457886e-01,-8.143785595893859863e-02,2.274516504257917404e-03,-2.304116785526275635e-01,-2.424316406250000000e-01,-4.318597316741943359e-01,-2.591157555580139160e-01,-2.491909265518188477e-01,-3.410770297050476074e-01,-3.184803724288940430e-01,-3.865228593349456787e-01,-7.633236050605773926e-02,-1.769251078367233276e-01,-4.064905643463134766e-02,-3.471353948116302490e-01,1.962470449507236481e-02,-1.167782545089721680e-01,-2.449977844953536987e-01,-1.279105842113494873e-01,-1.656364649534225464e-01,-9.693642705678939819e-02,3.412304073572158813e-02,6.622752547264099121e-02
2.601561695337295532e-02,-1.608963608741760254e-01,6.414935737848281860e-02,-2.590129673480987549e-01,3.341367542743682861e-01,4.744773209095001221e-01,6.101502105593681335e-02,3.787251189351081848e-02,2.184556871652603149e-01,0.000000000000000000e+00,-1.020778194069862366e-01,2.184171415865421295e-02,2.392823845148086548e-01,-1.301699280738830566e-01,4.093730747699737549e-01,3.176614642143249512e-01,-1.698448210954666138e-01,-2.907313406467437744e-01,-4.337366297841072083e-02,-1.687029004096984863e-01,2.125341296195983887e-01,7.633109390735626221e-02,3.582349717617034912e-01,3.787465691566467285e-01,3.685132861137390137e-01,3.169603347778320312e-01,3.377988636493682861e-01,3.408838212490081787e-01,-2.296179719269275665e-02,-9.432526677846908569e-02,2.794481813907623291e-01,2.994858920574188232e-01,-6.676753051578998566e-03,-7.108621299266815186e-02,-2.857436612248420715e-02,3.886457905173301697e-02,9.346809238195419312e-03,7.301314175128936768e-02,-1.116345822811126709e-01,2.702481746673583984e-01,1.198114529252052307e-01,8.428472280502319336e-02,-2.100816369056701660e-01,-2.109203189611434937e-01,-1.310552954673767090e-01,-1.142916604876518250e-01,-2.108141481876373291e-01,-2.516003847122192383e-01,-5.207101628184318542e-02,2.502173371613025665e-02,-1.209950074553489685e-01,-5.195363238453865051e-02,-1.390456706285476685e-01,-2.000910043716430664e-01,-8.964075893163681030e-02,-9.126944839954376221e-02,-6.866597384214401245e-02,-1.865398138761520386e-01,-5.114169791340827942e-02,-8.407001942396163940e-02,-1.007977053523063660e-01,4.876533895730972290e-02,-1.523982733488082886e-01,-2.328895628452301025e-01,1.488748937845230103e-01,1.844952255487442017e-01,1.940261758863925934e-02,-1.783739775419235229e-02,-8.944558352231979370e-02,-2.045422047376632690e-01,3.090208172798156738e-01,1.082227006554603577e-01,7.558083534240722656e-02,1.267802319489419460e-03,7.376594841480255127e-02,6.580078601837158203e-02,-1.118659153580665588e-01,-2.695583924651145935e-02,-4.901445657014846802e-02,-2.129227221012115479e-01,3.087438270449638367e-02,-1.456606984138488770e-01,2.473059594631195068e-01,1.911543905735015869e-01,-8.726212382316589355e-02,2.640976905822753906e-01,3.682628571987152100e-01,1.334052830934524536e-01,1.389300972223281860e-01,1.447896063327789307e-01,1.831710711121559143e-02,1.194849461317062378e-01,2.339195907115936279e-01,2.295816540718078613e-01,-1.757259368896484375e-01,-6.693408638238906860e-02,-2.147618681192398071e-01,-1.020717695355415344e-01,-1.520202308893203735e-01,-2.713303864002227783e-01,8.649036288261413574e-02,5.458020605146884918e-03,-5.505590140819549561e-02,2.047499269247055054e-02,-1.131384670734405518e-01,-8.155582845211029053e-02,-1.472797840833663940e-01,1.657411083579063416e-02,-7.692111190408468246e-03,6.590398401021957397e-02,-8.210337162017822266e-02,-1.143320351839065552e-01,4.927947185933589935e-03,-2.764433808624744415e-02,-9.600133448839187622e-02,-6.564086675643920898e-02
2.622681260108947754e-01,1.427704840898513794e-01,-1.087097004055976868e-01,1.594551652669906616e-01,-4.095309227705001831e-02,-3.711735829710960388e-02,2.038379311561584473e-01,3.144628703594207764e-01,9.772667288780212402e-02,-1.020778194069862366e-01,0.000000000000000000e+00,4.718295633792877197e-01,3.492802381515502930e-01,2.753445506095886230e-01,7.037224620580673218e-02,-5.209322553128004074e-03,1.851495355367660522e-01,1.609093844890594482e-01,3.043274283409118652e-01,2.743999361991882324e-01,-9.808321297168731689e-02,-2.694157958030700684e-01,-2.274012863636016846e-01,-1.167241558432579041e-01,-1.410422027111053467e-01,-1.168953999876976013e-01,-5.618926882743835449e-02,2.385133318603038788e-02,4.816617071628570557e-02,-1.949975192546844482e-01,-8.020693808794021606e-02,-1.157768219709396362e-01,-2.384380809962749481e-02,-5.572663620114326477e-03,-2.533086538314819336e-01,-2.145549356937408447e-01,-9.710317105054855347e-02,-1.796183437108993530e-01,-3.384024649858474731e-02,-1.079386547207832336e-01,-9.017789363861083984e-02,-2.117344439029693604e-01,1.239316165447235107e-02,5.957792326807975769e-02,-1.050828583538532257e-02,-3.364114835858345032e-02,7.762623578310012817e-02,5.060630291700363159e-02,7.190739735960960388e-03,4.589245840907096863e-02,-1.822997443377971649e-02,7.833131402730941772e-02,-3.034496866166591644e-02,3.364797309041023254e-02,2.557641081511974335e-02,7.462310791015625000e-02,6.414392590522766113e-02,7.344939559698104858e-02,1.516168266534805298e-01,1.779806017875671387e-01,1.789610236883163452e-01,2.067732810974121094e-01,3.271060883998870850e-01,2.814013957977294922e-01,-2.293230295181274414e-01,-1.362200677394866943e-01,-2.139811515808105469e-01,-1.587112545967102051e-01,4.709617793560028076e-02,3.277773037552833557e-02,5.241781845688819885e-02,1.745603792369365692e-02,1.958545669913291931e-02,7.122410088777542114e-02,6.522865593433380127e-02,2.469792775809764862e-02,5.729910731315612793e-02,3.543020039796829224e-02,-1.552113592624664307e-01,1.031933501362800598e-01,-2.335833944380283356e-02,1.980004757642745972e-01,-1.619169414043426514e-01,-5.280543491244316101e-02,1.491421163082122803e-01,4.914232343435287476e-02,-9.401404112577438354e-02,-1.529742032289505005e-01,7.280588150024414062e-02,-6.306648999452590942e-02,-1.109175011515617371e-01,-4.210577905178070068e-02,-2.116387486457824707e-01,-1.661196947097778320e-01,1.302008926868438721e-01,-7.286190986633300781e-02,8.503915369510650635e-02,-1.840281113982200623e-02,2.942427806556224823e-02,9.564515203237533569e-02,3.029902838170528412e-02,-1.399645861238241196e-02,-8.430951274931430817e-04,-1.099511608481407166e-01,-6.448309868574142456e-02,-2.633325196802616119e-02,-2.075352817773818970e-01,1.062613353133201599e-02,-1.421704888343811035e-01,1.070134937763214111e-01,-2.389741875231266022e-02,-6.703663617372512817e-02,-1.957301981747150421e-02,6.085485219955444336e-02,3.354146704077720642e-02,-9.400516003370285034e-02
2.942454814910888672e-01,1.401015073060989380e-01,-1.977410018444061279e-01,9.774660319089889526e-02,-3.534050658345222473e-02,1.495270151644945145e-02,1.664049178361892700e-01,4.668921530246734619e-01,6.317288428544998169e-02,2.184171415865421295e-02,4.718295633792877197e-01,0.000000000000000000e+00,3.141381740570068359e-01,2.503859698772430420e-01,6.102434545755386353e-02,7.505620829761028290e-03,1.748289614915847778e-01,1.785671263933181763e-01,2.556982636451721191e-01,2.864809632301330566e-01,-7.845597341656684875e-03,-1.888637989759445190e-01,-1.920248419046401978e-01,-5.705234408378601074e-02,-1.845005154609680176e-01,-1.423072069883346558e-01,-1.142100244760513306e-01,-3.516462072730064392e-02,1.096635013818740845e-01,-9.667252749204635620e-02,-2.500389702618122101e-02,-9.254148602485656738e-02,-8.723821491003036499e-02,2.615831233561038971e-02,-4.441297650337219238e-01,-3.151737749576568604e-01,-1.266921907663345337e-01,-2.072547823190689087e-01,-1.443532258272171021e-01,-1.761367321014404297e-01,-6.597649306058883667e-02,-1.833288222551345825e-01,-1.517329458147287369e-02,7.232480496168136597e-02,-3.606553375720977783e-02,-1.065183803439140320e-01,1.445578690618276596e-02,-3.313219174742698669e-02,4.123372584581375122e-02,3.750140219926834106e-02,1.005447879433631897e-01,1.929703354835510254e-01,7.984439283609390259e-02,7.465703040361404419e-02,7.839946448802947998e-02,-6.691411882638931274e-02,7.289502024650573730e-02,3.528433293104171753e-02,1.337018013000488281e-01,2.988156080245971680e-01,1.327910125255584717e-01,2.566045224666595459e-01,4.120866954326629639e-01,3.955554068088531494e-01,-3.737286031246185303e-01,-2.532400786876678467e-01,-3.648805320262908936e-01,-2.821085751056671143e-01,-4.068872332572937012e-02,-3.617779538035392761e-02,2.670924924314022064e-02,2.654655650258064270e-02,8.958379924297332764e-02,1.324154436588287354e-01,9.644752740859985352e-02,6.148195266723632812e-02,-3.862683102488517761e-02,-4.371158033609390259e-02,-2.311781793832778931e-01,1.884328387677669525e-02,1.281891763210296631e-01,1.656902730464935303e-01,-8.955392986536026001e-02,-1.024133712053298950e-01,-1.734354346990585327e-02,-1.800415292382240295e-02,-1.155061200261116028e-01,-2.893121540546417236e-01,2.352112717926502228e-02,-1.386247295886278152e-02,2.877678163349628448e-02,-9.086948633193969727e-02,-9.201836585998535156e-02,-1.352433860301971436e-01,-8.646769076585769653e-02,-1.386281698942184448e-01,-5.016209930181503296e-02,5.415252409875392914e-03,3.715033084154129028e-02,3.870506957173347473e-02,1.125445291399955750e-01,5.112933367490768433e-02,8.043320477008819580e-02,1.989134959876537323e-02,-4.040600359439849854e-02,-4.450799897313117981e-02,-1.915891915559768677e-01,-1.974408328533172607e-02,-3.279725462198257446e-02,6.682620942592620850e-02,-8.719263970851898193e-02,-1.123441308736801147e-01,5.102593079209327698e-02,8.114083856344223022e-02,2.282008156180381775e-02,-1.080493852496147156e-01
2.346704453229904175e-01,-1.055774018168449402e-01,1.518945097923278809e-01,-1.197026073932647705e-01,1.444585621356964111e-01,1.628239154815673828e-01,3.780797421932220459e-01,1.574961692094802856e-01,1.876168847084045410e-01,2.392823845148086548e-01,3.492802381515502930e-01,3.141381740570068359e-01,0.000000000000000000e+00,1.236094459891319275e-01,3.839386999607086182e-01,1.275874078273773193e-01,-1.098851785063743591e-01,-1.256223171949386597e-01,2.397757470607757568e-01,-7.340776734054088593e-03,2.364129200577735901e-02,-1.424779593944549561e-01,1.126267388463020325e-01,1.418761759996414185e-01,9.035772085189819336e-02,3.974576294422149658e-02,6.053090095520019531e-02,8.590757101774215698e-02,2.079127542674541473e-02,-2.612043917179107666e-01,7.914577424526214600e-02,1.057741791009902954e-01,9.691363573074340820e-02,-1.287238765507936478e-02,-1.668592691421508789e-01,-1.057565063238143921e-01,-5.568967759609222412e-02,-1.097006946802139282e-01,-8.743543922901153564e-02,4.283088073134422302e-02,4.624409601092338562e-02,-1.057423725724220276e-01,-1.547458767890930176e-01,-6.557473447173833847e-03,-1.331570446491241455e-01,-1.063594445586204529e-01,-9.220427274703979492e-02,-1.040768250823020935e-01,-8.326718211174011230e-02,-8.858251385390758514e-03,-1.117594987154006958e-01,-3.905139490962028503e-02,-1.981213092803955078e-01,-1.624134927988052368e-01,-3.668457642197608948e-02,-2.288434058427810669e-01,4.489972069859504700e-02,-1.708427816629409790e-01,-1.284560095518827438e-02,-3.928161039948463440e-02,6.635056436061859131e-02,7.122351974248886108e-02,1.487577408552169800e-01,-2.893563546240329742e-02,5.711162090301513672e-02,9.979581460356712341e-03,-1.469231843948364258e-01,-1.507656723260879517e-01,-6.711377948522567749e-02,-1.942241489887237549e-01,2.294041067361831665e-01,9.547671675682067871e-02,6.269833445549011230e-02,-7.393974810838699341e-02,1.620263755321502686e-01,8.742124587297439575e-02,4.910885356366634369e-03,3.723596781492233276e-02,-1.814733296632766724e-01,-1.255986690521240234e-01,-2.087901346385478973e-02,6.769931316375732422e-02,8.857832849025726318e-02,9.828206896781921387e-02,7.865287363529205322e-02,1.974451243877410889e-01,2.324223816394805908e-01,5.573353543877601624e-02,1.797978132963180542e-01,-4.559631273150444031e-02,-1.172063723206520081e-01,1.091555505990982056e-01,-6.789050251245498657e-02,1.937988586723804474e-02,-4.530826583504676819e-02,-2.267065048217773438e-01,-1.435590386390686035e-01,-5.517712235450744629e-02,-1.457777023315429688e-01,-1.631358265876770020e-01,1.707734656520187855e-03,7.537169754505157471e-02,-3.061115369200706482e-02,-7.935336977243423462e-02,-1.008741110563278198e-01,-1.928970031440258026e-02,-2.130484730005264282e-01,3.181915730237960815e-02,-1.962126605212688446e-02,1.293979436159133911e-01,-1.189088262617588043e-02,-2.076920717954635620e-01,-5.941303819417953491e-02,-5.369681492447853088e-02,-9.341523796319961548e-02,-3.449266403913497925e-02
