0.000000000000000000e+00,5.010236501693725586e-01,2.555950582027435303e-01,2.732703983783721924e-01,9.978039562702178955e-02,2.603585086762905121e-02,3.417579233646392822e-01,1.385816335678100586e-01,1.501215901225805283e-02,5.089888349175453186e-02,3.912739157676696777e-01,1.791529655456542969e-01,3.334821760654449463e-01,5.878065153956413269e-02,1.397070139646530151e-01,1.811125278472900391e-01,2.649473547935485840e-01,1.670463383197784424e-01,4.062444567680358887e-01,3.673663735389709473e-01,1.277398616075515747e-01,2.254305183887481689e-01,1.365527044981718063e-02,2.326026707887649536e-01,-3.842538967728614807e-02,-2.065141685307025909e-02,1.172655373811721802e-01,7.369469106197357178e-02,1.996746361255645752e-01,1.039755344390869141e-01,4.535474628210067749e-02,2.141586989164352417e-01,1.497794389724731445e-01,1.142500713467597961e-01,1.527183651924133301e-01,4.839082062244415283e-02,-6.519896537065505981e-02,1.729834266006946564e-02,-7.299489807337522507e-04,-9.427315555512905121e-03,2.989684343338012695e-01,1.867288798093795776e-01,-2.999161481857299805e-01,-2.782660126686096191e-01,-3.753607571125030518e-01,-2.655821442604064941e-01,-3.022745549678802490e-01,-2.931708693504333496e-01,-2.380879670381546021e-01,-2.674596309661865234e-01,-1.592520624399185181e-01,-1.641999781131744385e-01,-6.344146281480789185e-02,-1.385517120361328125e-01,3.135890932753682137e-03,-3.628897294402122498e-02,4.841695725917816162e-01,4.733498990535736084e-01,1.694043576717376709e-01,2.909554727375507355e-02,4.337959289550781250e-01,1.202625930309295654e-01,3.992710709571838379e-01,3.471561074256896973e-01,1.671362072229385376e-01,5.828335881233215332e-02,1.851560175418853760e-01,4.543063789606094360e-02,4.239185452461242676e-01,3.007252812385559082e-01,9.025035798549652100e-02,2.005396634340286255e-01,9.750789403915405273e-02,8.535236120223999023e-02,5.967446416616439819e-02,2.224346064031124115e-02,2.115367166697978973e-02,1.912827342748641968e-01,2.027098834514617920e-01,1.366334855556488037e-01,2.612241506576538086e-01,2.314666509628295898e-01,9.690840542316436768e-02,2.234807610511779785e-01,1.560275256633758545e-01,2.400909662246704102e-01,1.353190541267395020e-01,2.778694629669189453e-01,1.075793877243995667e-01,1.250597089529037476e-01,-1.985989212989807129e-01,-2.425543814897537231e-01,-1.928196996450424194e-01,-2.244185954332351685e-01,1.243885084986686707e-01,-1.069516390562057495e-01,-8.269776403903961182e-02,2.311558648943901062e-02,-9.302139282226562500e-02,-4.838262498378753662e-02,4.287618026137351990e-02,-1.525007188320159912e-01,5.628738552331924438e-02,5.288891866803169250e-02,-1.412148773670196533e-01,-1.803921461105346680e-01,6.789276003837585449e-02,1.813143193721771240e-01,1.281126886606216431e-01,-1.597970277070999146e-01,-1.421807408332824707e-01,-2.812131345272064209e-01,-1.368874609470367432e-01,-5.938651412725448608e-02,-1.553471684455871582e-01,-1.037652194499969482e-01
5.010236501693725586e-01,0.000000000000000000e+00,3.112119436264038086e-01,3.115513324737548828e-01,-7.863105088472366333e-02,-9.396272897720336914e-02,2.731295824050903320e-01,2.563807368278503418e-01,-6.763847172260284424e-02,-1.636075079441070557e-01,1.928530633449554443e-01,3.300794661045074463e-01,2.644176781177520752e-01,2.227232009172439575e-01,1.590720564126968384e-01,3.018116392195224762e-02,3.717756867408752441e-01,3.790130615234375000e-01,4.384278953075408936e-01,5.932124257087707520e-01,1.132054105401039124e-01,1.847096085548400879e-01,1.557859629392623901e-01,3.311775922775268555e-01,-1.453135907649993896e-01,-1.999343633651733398e-01,-5.719219893217086792e-02,-1.581798642873764038e-01,1.605265885591506958e-01,1.736845523118972778e-01,1.614822894334793091e-01,3.091731369495391846e-01,2.830516993999481201e-01,2.531936168670654297e-01,8.742678165435791016e-02,1.424270719289779663e-01,5.901852250099182129e-02,1.328349858522415161e-01,1.580675393342971802e-01,-6.197353452444076538e-02,2.433047741651535034e-01,1.911895573139190674e-01,-1.704913079738616943e-01,-1.425468325614929199e-01,-1.843066303990781307e-03,1.295081898570060730e-02,-1.666669547557830811e-01,-1.203588396310806274e-01,-5.362650752067565918e-02,-8.634145557880401611e-02,2.657700330018997192e-02,-2.525543235242366791e-02,-2.951258094981312752e-03,-1.350608766078948975e-01,4.664006829261779785e-02,-8.969308435916900635e-02,5.038611292839050293e-01,5.896134376525878906e-01,8.152280002832412720e-02,1.120593696832656860e-01,2.870687544345855713e-01,1.221691668033599854e-01,3.763316869735717773e-01,3.354264497756958008e-01,2.035087198019027710e-01,2.371583729982376099e-01,2.649230062961578369e-01,2.200168520212173462e-01,5.173277854919433594e-01,5.461720824241638184e-01,-2.466231212019920349e-02,4.297652840614318848e-02,8.218245208263397217e-02,1.678881645202636719e-01,1.304717641323804855e-02,-6.824964284896850586e-02,-2.165067568421363831e-02,7.433503866195678711e-02,2.480448484420776367e-01,2.039043158292770386e-01,3.047580718994140625e-01,3.370203077793121338e-01,2.431785911321640015e-01,7.982688397169113159e-02,2.584304511547088623e-01,7.478048652410507202e-02,2.851208150386810303e-01,2.486319541931152344e-01,1.284419000148773193e-01,-1.598129421472549438e-01,-3.090938925743103027e-01,-3.286161720752716064e-01,-1.951017975807189941e-01,-2.473590821027755737e-01,-1.172693818807601929e-01,-2.436039447784423828e-01,-2.701701819896697998e-01,-1.184128150343894958e-01,-2.631811499595642090e-01,-2.648799419403076172e-01,-2.248775810003280640e-01,-2.701858580112457275e-01,-1.587457507848739624e-01,-2.138372063636779785e-01,-2.007727026939392090e-01,-3.141337931156158447e-01,-8.257380872964859009e-02,-4.311110079288482666e-02,1.218181252479553223e-01,-5.530079454183578491e-02,-3.690619766712188721e-01,-4.231222867965698242e-01,-2.009087651968002319e-01,-1.550919115543365479e-01,-1.763484776020050049e-01,-7.656495273113250732e-02
2.555950582027435303e-01,3.112119436264038086e-01,0.000000000000000000e+00,2.875914275646209717e-01,1.345606404356658459e-03,-2.132274359464645386e-01,6.003487706184387207e-01,2.431335449218750000e-01,-2.731120027601718903e-02,-3.502799570560455322e-01,1.854060739278793335e-01,2.299704700708389282e-01,2.889820933341979980e-01,5.003149621188640594e-03,1.838171780109405518e-01,-1.188489869236946106e-01,1.005648598074913025e-01,1.961756646633148193e-01,1.981994360685348511e-01,3.449942469596862793e-01,4.929632879793643951e-03,6.963835656642913818e-02,2.153745293617248535e-01,5.267316699028015137e-01,-2.539040148258209229e-01,-2.457774132490158081e-01,-1.240376681089401245e-01,-2.646166384220123291e-01,1.122312098741531372e-01,9.128316491842269897e-02,3.771170973777770996e-01,5.310427546501159668e-01,2.726548016071319580e-01,3.144742250442504883e-01,6.159076839685440063e-02,1.375999599695205688e-01,7.610255479812622070e-02,1.540075689554214478e-01,8.554325997829437256e-02,-5.492736399173736572e-02,7.324153929948806763e-02,1.530834287405014038e-01,-3.715044856071472168e-01,-2.090832293033599854e-01,-2.838730439543724060e-02,-1.082961708307266235e-01,-3.207044005393981934e-01,-2.928048372268676758e-01,-2.140473276376724243e-01,-2.475034594535827637e-01,-1.250265091657638550e-01,-2.749105393886566162e-01,-1.475216299295425415e-01,-4.867526590824127197e-01,-1.383485496044158936e-01,-3.908594548702239990e-01,1.933687031269073486e-01,1.577684134244918823e-01,-7.665970176458358765e-02,-6.218925118446350098e-02,2.487457394599914551e-01,-7.711418718099594116e-02,4.744150117039680481e-02,-2.676835842430591583e-02,3.133081197738647461e-01,3.189978003501892090e-01,2.872298061847686768e-01,2.613101005554199219e-01,1.801634877920150757e-01,2.278188318014144897e-01,1.985898762941360474e-01,2.272882163524627686e-01,1.800840497016906738e-01,1.207552552223205566e-01,-8.372771739959716797e-02,-9.380964934825897217e-02,-5.765964463353157043e-02,-2.593123912811279297e-02,2.581721246242523193e-01,1.434918344020843506e-01,2.576664984226226807e-01,2.790842056274414062e-01,2.279407829046249390e-01,-7.586026936769485474e-02,2.872191667556762695e-01,-4.814407229423522949e-02,2.438322454690933228e-01,6.002826616168022156e-02,2.484866976737976074e-01,-3.540554940700531006e-01,-2.647842764854431152e-01,-3.228709399700164795e-01,-7.507091760635375977e-02,-2.806747257709503174e-01,-1.596670299768447876e-01,-9.127363562583923340e-02,-2.086540460586547852e-01,-2.245167493820190430e-01,-4.052447080612182617e-01,-4.326803088188171387e-01,-1.771994829177856445e-01,-3.270003199577331543e-01,-1.168592926114797592e-02,-1.990989148616790771e-01,-6.312591582536697388e-02,-2.991379499435424805e-01,6.301380693912506104e-02,-8.046939969062805176e-03,-6.790587306022644043e-02,-1.351998150348663330e-01,-3.552685081958770752e-01,-4.775170683860778809e-01,-3.647263348102569580e-01,-3.248749673366546631e-01,-2.681443095207214355e-01,-1.518092602491378784e-01
2.732703983783721924e-01,3.115513324737548828e-01,2.875914275646209717e-01,0.000000000000000000e+00,5.649068579077720642e-02,2.616168186068534851e-02,2.260044664144515991e-01,3.380334377288818359e-01,-9.207238256931304932e-02,6.480056047439575195e-02,3.824089094996452332e-02,7.572127878665924072e-02,-7.274872064590454102e-02,1.996168941259384155e-01,-1.461200416088104248e-02,1.405665874481201172e-01,1.631781905889511108e-01,1.423951238393783569e-01,3.047283887863159180e-01,2.297072261571884155e-01,1.048165783286094666e-01,1.454104185104370117e-01,2.885955870151519775e-01,4.782813191413879395e-01,4.762030765414237976e-02,8.774851262569427490e-02,3.782304003834724426e-02,6.075109541416168213e-02,1.064632683992385864e-01,1.035526543855667114e-01,1.440461575984954834e-01,2.766470909118652344e-01,2.461611926555633545e-01,1.961718350648880005e-01,9.085139632225036621e-02,2.027993053197860718e-01,-8.207596093416213989e-02,-1.369227096438407898e-02,-2.460091002285480499e-02,-4.568897932767868042e-02,8.932825922966003418e-02,1.122442856431007385e-01,-5.548086017370223999e-02,-4.591697454452514648e-02,-1.194712668657302856e-01,-2.356651052832603455e-02,-1.215490400791168213e-01,-8.587852865457534790e-02,-9.299030900001525879e-02,-1.359767168760299683e-01,-1.519896835088729858e-01,-6.188756600022315979e-02,-2.330915331840515137e-01,-2.352903597056865692e-02,-9.931356459856033325e-02,6.238406896591186523e-02,8.994172513484954834e-02,3.444467186927795410e-01,8.927974849939346313e-02,7.278132438659667969e-02,8.261627703905105591e-02,1.557226181030273438e-01,1.350247710943222046e-01,9.396745264530181885e-02,1.578348428010940552e-01,6.332472711801528931e-02,3.246495425701141357e-01,3.218236565589904785e-01,1.986022442579269409e-01,1.397926360368728638e-01,-1.367962732911109924e-02,1.145234629511833191e-01,1.022880971431732178e-01,1.001337394118309021e-01,7.084679603576660156e-02,3.286468237638473511e-02,-4.201864823698997498e-02,9.567712247371673584e-02,-2.126338146626949310e-02,8.575465530157089233e-02,-1.048457715660333633e-02,1.013209223747253418e-01,-1.198058575391769409e-01,5.185062810778617859e-02,-1.186355948448181152e-01,1.592379659414291382e-01,8.378349989652633667e-02,2.087403684854507446e-01,-1.418118327856063843e-01,1.199121847748756409e-01,-1.655725687742233276e-01,-2.408227920532226562e-01,-1.410368829965591431e-01,-6.624368578195571899e-02,3.888926282525062561e-02,-1.342423409223556519e-01,-1.602792292833328247e-01,8.534428477287292480e-02,-1.171074286103248596e-01,-4.769922047853469849e-02,-6.822668015956878662e-02,1.294947136193513870e-02,-3.928079828619956970e-02,6.234300509095191956e-02,-4.753036424517631531e-02,-1.197028085589408875e-01,-1.073784939944744110e-02,2.266509681940078735e-01,1.535450946539640427e-02,-1.680184155702590942e-01,-6.521446257829666138e-02,-2.211989313364028931e-01,1.690667122602462769e-02,-7.297757547348737717e-03,-4.445566236972808838e-02,-8.286411315202713013e-02
9.978039562702178955e-02,-7.863105088472366333e-02,1.345606404356658459e-03,5.649068579077720642e-02,0.000000000000000000e+00,5.528145432472229004e-01,1.536180675029754639e-01,4.288006946444511414e-02,5.759097933769226074e-01,5.298114418983459473e-01,1.583926230669021606e-01,3.932076506316661835e-03,7.059811055660247803e-02,9.794317930936813354e-02,4.328203499317169189e-01,3.488780558109283447e-01,2.448681555688381195e-02,-9.844888001680374146e-02,8.458683639764785767e-02,-1.487870961427688599e-01,4.452192783355712891e-01,4.620300829410552979e-01,-8.455055952072143555e-02,-7.345183193683624268e-02,4.707650244235992432e-01,5.410126447677612305e-01,4.786826074123382568e-01,5.284113287925720215e-01,2.436162233352661133e-01,2.382488697767257690e-01,2.609243094921112061e-01,1.831941902637481689e-01,1.962703913450241089e-01,2.511279582977294922e-01,7.643250375986099243e-02,1.660228371620178223e-01,-1.867097169160842896e-01,3.677120059728622437e-02,2.827394008636474609e-02,9.492485970258712769e-02,1.580568589270114899e-02,-1.444678008556365967e-01,-1.892689317464828491e-01,-1.641633361577987671e-01,-3.120863735675811768e-01,-2.012509256601333618e-01,-2.819423675537109375e-01,-2.669087648391723633e-01,-2.100363671779632568e-01,-1.953467428684234619e-01,-2.339927852153778076e-01,-2.099302262067794800e-01,-2.559238672256469727e-01,-1.546430736780166626e-01,-1.757978498935699463e-01,-1.435989588499069214e-01,-4.725389182567596436e-02,-1.592714153230190277e-02,2.992269024252891541e-02,-1.560931801795959473e-01,2.462644726037979126e-01,1.854826360940933228e-01,1.002066652290523052e-03,5.836755409836769104e-02,-4.572114348411560059e-02,-9.137571603059768677e-02,3.980716690421104431e-02,1.709616044536232948e-03,-9.401883184909820557e-02,-2.641539275646209717e-01,4.733578264713287354e-01,4.921369552612304688e-01,1.046148464083671570e-01,1.599623560905456543e-01,3.226335346698760986e-01,1.759630292654037476e-01,2.000550329685211182e-01,3.177263140678405762e-01,1.122035924345254898e-02,8.165650814771652222e-02,1.451994478702545166e-01,-1.928520649671554565e-01,-4.321288689970970154e-02,3.158201575279235840e-01,-5.589917302131652832e-02,1.842207163572311401e-01,-1.268203705549240112e-01,2.260556258261203766e-02,4.374715313315391541e-02,1.223213747143745422e-01,-1.603627353906631470e-01,-2.692264318466186523e-01,-1.070014983415603638e-01,-1.065009236335754395e-01,1.567046903073787689e-02,2.210737764835357666e-02,3.528799861669540405e-02,-6.208590790629386902e-02,-1.206893324851989746e-01,-4.923225566744804382e-02,1.906425207853317261e-01,-1.360640376806259155e-01,5.946110934019088745e-02,2.421233616769313812e-02,1.084004566073417664e-01,1.860113255679607391e-02,-1.458769440650939941e-01,4.782995581626892090e-02,3.299605101346969604e-02,-7.092034816741943359e-02,-7.056639529764652252e-03,-1.702490597963333130e-01,-1.757740080356597900e-01,-1.367562562227249146e-01,-4.132058471441268921e-02,-2.714530825614929199e-01
2.603585086762905121e-02,-9.396272897720336914e-02,-2.132274359464645386e-01,2.616168186068534851e-02,5.528145432472229004e-01,0.000000000000000000e+00,4.910969361662864685e-02,1.264877319335937500e-01,4.336206912994384766e-01,6.618779897689819336e-01,1.235879734158515930e-01,-5.462208017706871033e-02,3.380357846617698669e-02,1.274086982011795044e-01,1.108443811535835266e-01,3.776397705078125000e-01,2.817530184984207153e-02,-2.643326222896575928e-01,3.860420361161231995e-02,-1.456230282783508301e-01,2.889782488346099854e-01,4.136438369750976562e-01,-8.917862176895141602e-02,-3.097274601459503174e-01,6.199833750724792480e-01,6.283091306686401367e-01,2.504054009914398193e-01,4.755331277847290039e-01,2.416140735149383545e-01,1.742011457681655884e-01,1.462049186229705811e-01,-3.319094702601432800e-02,8.948203921318054199e-02,8.168381452560424805e-02,2.634954825043678284e-02,3.865644708275794983e-02,-1.015075072646141052e-01,4.650928825139999390e-02,2.394156344234943390e-02,1.585810929536819458e-01,5.851959064602851868e-02,-1.112626865506172180e-01,8.391714841127395630e-02,7.544760406017303467e-02,-1.732272803783416748e-01,-1.045073196291923523e-02,4.679009690880775452e-02,-6.194259505718946457e-03,-2.705718763172626495e-02,-3.461654530838131905e-03,-1.541123837232589722e-01,-3.183173015713691711e-02,-2.125739902257919312e-01,1.152872890233993530e-01,-1.168070510029792786e-01,1.313422620296478271e-01,-8.225364238023757935e-02,1.814172044396400452e-02,8.977989852428436279e-02,1.089508533477783203e-01,2.791163139045238495e-02,1.845213174819946289e-01,3.091152012348175049e-02,1.731128245592117310e-01,-1.481909900903701782e-01,-3.183321356773376465e-01,-4.847069084644317627e-02,-7.158747315406799316e-02,-1.177909299731254578e-01,-1.118883863091468811e-01,2.775601446628570557e-01,3.227543234825134277e-01,8.505398035049438477e-02,1.313133835792541504e-01,3.395465612411499023e-01,3.022751510143280029e-01,3.238172531127929688e-01,3.799588680267333984e-01,-9.709718823432922363e-02,1.776879429817199707e-01,-6.720596551895141602e-02,-2.531268894672393799e-01,-1.760331392288208008e-01,1.551358252763748169e-01,-3.096736967563629150e-01,1.726059019565582275e-01,-2.891081869602203369e-01,-8.365885168313980103e-02,-3.062393963336944580e-01,3.127303421497344971e-01,-8.176167309284210205e-02,-4.043640196323394775e-02,-2.709239125251770020e-01,-1.532828994095325470e-02,1.561004966497421265e-01,5.794111639261245728e-02,1.361896991729736328e-01,1.102609559893608093e-01,1.153577938675880432e-01,1.828347593545913696e-01,1.452584117650985718e-01,6.006251089274883270e-03,6.589116156101226807e-02,1.591419726610183716e-01,4.920161515474319458e-02,1.579687446355819702e-01,-1.449966132640838623e-01,1.542223542928695679e-01,4.983976855874061584e-02,8.698509633541107178e-02,1.609368920326232910e-01,1.284299939870834351e-01,-5.638602748513221741e-02,7.091085612773895264e-02,7.474595308303833008e-02,-1.874907314777374268e-01
3.417579233646392822e-01,2.731295824050903320e-01,6.003487706184387207e-01,2.260044664144515991e-01,1.536180675029754639e-01,4.910969361662864685e-02,0.000000000000000000e+00,4.269255995750427246e-01,1.505868881940841675e-01,-8.582259714603424072e-02,3.365046679973602295e-01,2.300563305616378784e-01,4.151202738285064697e-01,8.520708978176116943e-02,1.579747051000595093e-01,-4.106371663510799408e-03,1.200550347566604614e-01,1.041388884186744690e-01,1.886001825332641602e-01,2.535517215728759766e-01,6.759496778249740601e-02,1.263154298067092896e-01,8.916357159614562988e-02,2.619480788707733154e-01,-8.277573436498641968e-02,-6.687496602535247803e-02,1.923312619328498840e-02,-3.049195930361747742e-02,2.874745428562164307e-01,2.274817079305648804e-01,3.335068821907043457e-01,3.979550004005432129e-01,2.776698470115661621e-01,3.112150728702545166e-01,1.163581535220146179e-01,1.316364109516143799e-01,-9.071034193038940430e-02,2.201083675026893616e-02,4.843772947788238525e-02,-7.976841181516647339e-02,4.627902060747146606e-02,4.995305463671684265e-02,-3.389581441879272461e-01,-2.608595788478851318e-01,-2.206876128911972046e-01,-1.801550388336181641e-01,-3.081292808055877686e-01,-3.444698750972747803e-01,-2.765637636184692383e-01,-2.935014069080352783e-01,-1.448432058095932007e-01,-2.000596076250076294e-01,-1.796846687793731689e-01,-3.599446117877960205e-01,-2.035783231258392334e-01,-3.022502660751342773e-01,1.433368325233459473e-01,1.017052978277206421e-01,4.007980599999427795e-02,1.169268973171710968e-02,4.442304372787475586e-01,1.286290585994720459e-01,1.781719923019409180e-01,9.221107512712478638e-02,2.909550964832305908e-01,1.498393714427947998e-01,3.589990735054016113e-01,2.687276899814605713e-01,1.033397465944290161e-01,2.475284636020660400e-01,2.797002196311950684e-01,3.188875615596771240e-01,2.641368508338928223e-01,1.635524630546569824e-01,1.299305707216262817e-01,7.609117776155471802e-02,1.541827619075775146e-01,1.992650330066680908e-01,2.692805826663970947e-01,1.952055245637893677e-01,2.180316746234893799e-01,1.166380420327186584e-01,1.264023482799530029e-01,-8.120992220938205719e-03,5.948109552264213562e-02,-4.853795841336250305e-02,3.737452998757362366e-02,-2.083571814000606537e-02,1.025713235139846802e-01,-2.419597208499908447e-01,-2.350032329559326172e-01,-3.315919041633605957e-01,-1.715924292802810669e-01,-2.421095073223114014e-01,-5.568230152130126953e-02,-1.013799086213111877e-01,-1.696934849023818970e-01,-2.180350422859191895e-01,-3.261587619781494141e-01,-3.237400352954864502e-01,-6.440474838018417358e-02,-2.820053398609161377e-01,-2.027783356606960297e-02,-1.446329504251480103e-01,-4.203585907816886902e-02,-2.397537231445312500e-01,-3.068939317017793655e-03,5.483353510499000549e-02,3.513630013912916183e-03,-2.209142595529556274e-01,-2.500932812690734863e-01,-4.173310697078704834e-01,-3.733178973197937012e-01,-2.692777812480926514e-01,-8.562730252742767334e-02,-1.810162067413330078e-01
1.385816335678100586e-01,2.563807368278503418e-01,2.431335449218750000e-01,3.380334377288818359e-01,4.288006946444511414e-02,1.264877319335937500e-01,4.269255995750427246e-01,0.000000000000000000e+00,2.261175774037837982e-02,-1.054843980818986893e-02,1.141336038708686829e-01,4.402987957000732422e-01,1.683059781789779663e-01,3.999978303909301758e-01,-6.271870434284210205e-02,2.435406111180782318e-02,5.419765040278434753e-02,1.509815454483032227e-01,1.676807999610900879e-01,3.004088103771209717e-01,-5.425142496824264526e-02,1.074545085430145264e-01,7.394455373287200928e-02,1.748157292604446411e-01,2.786911837756633759e-02,-2.041761204600334167e-02,-7.331320643424987793e-02,-7.643649727106094360e-02,1.341168582439422607e-01,2.447085231542587280e-01,1.716728806495666504e-01,2.044001072645187378e-01,2.168570309877395630e-01,2.104267477989196777e-01,4.237310215830802917e-02,7.355511188507080078e-02,-2.176153510808944702e-01,-5.837298557162284851e-02,-4.847237467765808105e-02,-1.827651262283325195e-01,-3.013751842081546783e-02,7.889146916568279266e-03,-6.169065833091735840e-02,-6.964155286550521851e-02,-1.587566584348678589e-01,-5.137022584676742554e-02,-8.787980675697326660e-02,-1.615886539220809937e-01,-1.471673883497714996e-02,-7.337398082017898560e-02,-3.240758925676345825e-02,1.583662070333957672e-02,-1.032822802662849426e-01,-1.131568476557731628e-01,-1.640879660844802856e-01,-9.893768280744552612e-02,-2.224386902526021004e-03,8.259280771017074585e-02,1.148414164781570435e-01,1.359584182500839233e-01,9.910552948713302612e-02,1.897584199905395508e-01,2.296003550291061401e-01,2.519529759883880615e-01,-1.045369431376457214e-01,1.771366223692893982e-02,1.529324948787689209e-01,1.216417849063873291e-01,-1.559834275394678116e-02,2.568221688270568848e-01,4.889787733554840088e-02,5.856943130493164062e-02,1.169391646981239319e-01,9.216480702161788940e-02,1.642436385154724121e-01,4.537711665034294128e-02,1.133721843361854553e-01,2.083887308835983276e-01,8.532395958900451660e-02,1.388608366250991821e-01,2.424234291538596153e-03,7.049744017422199249e-03,-6.182991713285446167e-02,-1.372719109058380127e-01,-2.743172049522399902e-01,-7.505075633525848389e-02,-3.225125744938850403e-02,-4.668607935309410095e-02,-9.165141731500625610e-02,-8.213231712579727173e-02,-1.621719598770141602e-01,-1.941082924604415894e-01,-1.387643516063690186e-01,-1.012300401926040649e-01,-4.273095726966857910e-02,-2.043636590242385864e-01,-2.154731452465057373e-01,-8.248997479677200317e-02,-1.280421167612075806e-01,-8.066090941429138184e-02,-8.885692805051803589e-02,-7.796505838632583618e-02,-6.430615484714508057e-02,-6.737072020769119263e-02,-3.168239817023277283e-02,-1.456011682748794556e-01,-5.982283037155866623e-04,4.190414026379585266e-02,3.012278303503990173e-02,-1.903733760118484497e-01,-1.370594501495361328e-01,-1.574118137359619141e-01,-2.176767736673355103e-01,-3.251966461539268494e-02,8.204437047243118286e-02,-7.228180766105651855e-02
1.501215901225805283e-02,-6.763847172260284424e-02,-2.731120027601718903e-02,-9.207238256931304932e-02,5.759097933769226074e-01,4.336206912994384766e-01,1.505868881940841675e-01,2.261175774037837982e-02,0.000000000000000000e+00,4.365663528442382812e-01,-7.782930042594671249e-03,-4.749036580324172974e-02,5.615497380495071411e-02,5.967111140489578247e-02,3.884880542755126953e-01,3.721901774406433105e-01,-4.548560455441474915e-02,-9.292000532150268555e-02,-4.887029994279146194e-03,-9.323746711015701294e-02,2.713239789009094238e-01,2.742767333984375000e-01,-6.998634338378906250e-02,-1.021239832043647766e-01,2.564417421817779541e-01,2.525776028633117676e-01,2.622371017932891846e-01,2.640677690505981445e-01,4.827932640910148621e-02,5.476239323616027832e-02,9.725144505500793457e-02,1.073324009776115417e-01,5.891847237944602966e-02,1.071997210383415222e-01,4.254146292805671692e-02,1.123174652457237244e-01,-1.980091631412506104e-01,-2.822642773389816284e-02,6.664975732564926147e-02,-7.073117792606353760e-02,-2.053198963403701782e-02,-2.087969332933425903e-01,-1.499187946319580078e-01,-1.607152968645095825e-01,-1.591116189956665039e-01,-1.478827446699142456e-01,-2.152673155069351196e-01,-2.120974808931350708e-01,-1.418578326702117920e-01,-9.827801585197448730e-02,-1.261219978332519531e-01,-1.310715973377227783e-01,-7.850189507007598877e-02,-7.026188075542449951e-02,-9.788747131824493408e-02,-1.747489273548126221e-01,-1.848471909761428833e-02,-5.945675820112228394e-02,-7.163555920124053955e-02,-1.159199699759483337e-01,1.445725560188293457e-01,1.035778895020484924e-01,-4.059887304902076721e-02,-2.975616604089736938e-02,5.646289512515068054e-02,2.141836658120155334e-02,-1.451196521520614624e-02,-5.373186990618705750e-02,-9.344424307346343994e-02,-1.027699559926986694e-01,2.988691926002502441e-01,3.102698922157287598e-01,7.607220858335494995e-02,2.521662786602973938e-02,2.418146431446075439e-01,4.902108386158943176e-02,1.736290752887725830e-01,2.040817439556121826e-01,-1.429552882909774780e-01,1.568237245082855225e-01,8.479410409927368164e-02,-3.920537605881690979e-02,1.164782326668500900e-02,1.522402912378311157e-01,9.066293947398662567e-03,9.577237069606781006e-02,6.344813108444213867e-02,-1.781245693564414978e-02,4.344755411148071289e-02,-3.823746740818023682e-02,-2.809980697929859161e-02,-1.310150772333145142e-01,3.128332644701004028e-02,4.353762790560722351e-02,-1.904893852770328522e-02,-8.897061645984649658e-02,-5.474413558840751648e-02,-1.203952506184577942e-01,-1.038063392043113708e-01,-1.041240096092224121e-01,8.406124077737331390e-03,-5.422615259885787964e-02,-1.087367013096809387e-01,-1.462748944759368896e-01,-1.727600209414958954e-02,-1.296697258949279785e-01,-2.054096013307571411e-01,-1.374171525239944458e-01,1.017839387059211731e-01,-7.074592262506484985e-02,-6.824366003274917603e-02,-1.090850383043289185e-01,-2.075398862361907959e-01,-1.885143071413040161e-01,-9.011853486299514771e-02,-2.019768506288528442e-01
5.089888349175453186e-02,-1.636075079441070557e-01,-3.502799570560455322e-01,6.480056047439575195e-02,5.298114418983459473e-01,6.618779897689819336e-01,-8.582259714603424072e-02,-1.054843980818986893e-02,4.365663528442382812e-01,0.000000000000000000e+00,1.556649804115295410e-02,-2.451312094926834106e-01,-1.258313357830047607e-01,1.626920104026794434e-01,1.118754073977470398e-01,5.188375711441040039e-01,-7.950875908136367798e-02,-2.835827469825744629e-01,4.769303277134895325e-02,-2.551706433296203613e-01,3.135657906532287598e-01,3.992726504802703857e-01,-1.270353347063064575e-01,-2.570375800132751465e-01,5.592519640922546387e-01,5.996649265289306641e-01,4.605745673179626465e-01,6.156399846076965332e-01,8.318813145160675049e-02,4.813111387193202972e-03,-4.363844171166419983e-02,-1.893479228019714355e-01,-7.097214460372924805e-02,-7.246064394712448120e-02,-6.575632374733686447e-03,-9.674102067947387695e-03,-1.450593024492263794e-01,1.885687187314033508e-02,-1.244299951940774918e-02,2.658367156982421875e-01,1.236870363354682922e-01,-1.316251903772354126e-01,1.306623518466949463e-01,4.810441657900810242e-02,-3.038021028041839600e-01,-1.582847386598587036e-01,5.858433246612548828e-02,1.782524585723876953e-02,-1.072199866175651550e-01,-8.214225620031356812e-02,-1.608321666717529297e-01,4.036644473671913147e-02,-1.546303480863571167e-01,2.451843768358230591e-01,-1.256725401617586613e-03,2.915533483028411865e-01,-1.728342622518539429e-01,-4.292071610689163208e-02,9.505544602870941162e-02,2.812715806066989899e-02,-3.715061582624912262e-03,2.871523201465606689e-01,-8.864610642194747925e-02,7.788132131099700928e-02,-1.258851885795593262e-01,-3.278193175792694092e-01,-1.011331286281347275e-02,-6.907071918249130249e-02,-9.546198695898056030e-02,-2.544522881507873535e-01,8.738832175731658936e-02,2.111040055751800537e-01,-1.151263192296028137e-01,-5.356436222791671753e-02,3.789792060852050781e-01,3.085466921329498291e-01,1.349083632230758667e-01,3.150147795677185059e-01,-2.769689857959747314e-01,1.248802244663238525e-02,-2.388969361782073975e-01,-3.642704188823699951e-01,-2.804394960403442383e-01,3.415069878101348877e-01,-3.865731954574584961e-01,3.012365102767944336e-01,-2.689613401889801025e-01,4.921536147594451904e-02,-2.450519651174545288e-01,5.227937102317810059e-01,-1.722707040607929230e-02,4.887760058045387268e-02,-2.202865779399871826e-01,1.048746556043624878e-01,2.432803511619567871e-01,1.409885883331298828e-01,1.851502060890197754e-01,2.703834176063537598e-01,2.344727963209152222e-01,3.517229855060577393e-01,2.069733887910842896e-01,1.931637376546859741e-01,1.312776505947113037e-01,3.041045069694519043e-01,1.161991581320762634e-01,3.119066953659057617e-01,-3.046883270144462585e-02,2.806227505207061768e-01,5.458583682775497437e-02,1.183421611785888672e-01,2.201262563467025757e-01,1.907245218753814697e-01,7.936368882656097412e-02,1.299623101949691772e-01,1.220557689666748047e-01,-1.971883624792098999e-01
3.912739157676696777e-01,1.928530633449554443e-01,1.854060739278793335e-01,3.824089094996452332e-02,1.583926230669021606e-01,1.235879734158515930e-01,3.365046679973602295e-01,1.141336038708686829e-01,-7.782930042594671249e-03,1.556649804115295410e-02,0.000000000000000000e+00,3.387539088726043701e-01,6.185830235481262207e-01,2.749912142753601074e-01,2.470213472843170166e-01,1.319085806608200073e-01,2.858647406101226807e-01,1.025408506393432617e-02,1.284228265285491943e-01,1.540480852127075195e-01,2.980102598667144775e-01,1.960338056087493896e-01,1.026237607002258301e-01,1.434045098721981049e-02,1.079284399747848511e-02,7.001109421253204346e-02,-3.623140975832939148e-02,6.508110463619232178e-02,5.387517809867858887e-01,3.404369652271270752e-01,3.192223608493804932e-01,2.461917698383331299e-01,2.621467411518096924e-01,1.810847222805023193e-01,1.382977962493896484e-01,4.136902838945388794e-02,1.744413822889328003e-01,1.956983804702758789e-01,9.918927401304244995e-02,6.694987416267395020e-02,2.205596119165420532e-01,2.480488121509552002e-01,-2.358964085578918457e-01,-1.713542342185974121e-01,-2.860737740993499756e-01,-2.116122394800186157e-01,-2.542891502380371094e-01,-3.295412957668304443e-01,-1.757017970085144043e-01,-1.531735956668853760e-01,-1.049948409199714661e-01,-1.092291101813316345e-01,-1.634434759616851807e-01,-2.565887570381164551e-01,-2.327687293291091919e-01,-1.752443760633468628e-01,1.930426061153411865e-01,1.511878371238708496e-01,4.034254699945449829e-02,5.389332771301269531e-02,3.856561779975891113e-01,9.991794824600219727e-02,3.495049178600311279e-01,2.407696843147277832e-01,2.469440400600433350e-01,2.222944796085357666e-02,-4.800651967525482178e-02,-5.911834910511970520e-02,-9.684853255748748779e-02,4.251221567392349243e-02,3.952522575855255127e-01,3.114756941795349121e-01,3.565517067909240723e-01,2.553792297840118408e-01,1.457750797271728516e-01,2.589777112007141113e-01,2.436597198247909546e-01,2.894061207771301270e-01,3.056167066097259521e-01,2.533290684223175049e-01,3.185981810092926025e-01,1.004450172185897827e-01,2.009279131889343262e-01,1.634323894977569580e-01,9.337077289819717407e-02,9.847978502511978149e-02,-7.817817851901054382e-03,1.091101169586181641e-01,-5.944499745965003967e-02,-8.721728622913360596e-02,-1.248708814382553101e-01,-2.127685397863388062e-01,-1.952806562185287476e-01,-2.376704216003417969e-01,9.001608192920684814e-02,4.052605479955673218e-02,1.066964957863092422e-02,-4.081227630376815796e-02,-2.594209015369415283e-01,-1.842995733022689819e-01,-6.290206313133239746e-02,-3.690544366836547852e-01,-1.486542522907257080e-01,-2.200573086738586426e-01,-1.422323733568191528e-01,-2.172933965921401978e-01,-1.860950589179992676e-01,-8.425969630479812622e-02,8.624479919672012329e-02,-2.832632325589656830e-02,-5.331961065530776978e-02,-2.379828393459320068e-01,-1.548680365085601807e-01,-1.826994866132736206e-01,7.873992621898651123e-02,-2.550875581800937653e-02
1.791529655456542969e-01,3.300794661045074463e-01,2.299704700708389282e-01,7.572127878665924072e-02,3.932076506316661835e-03,-5.462208017706871033e-02,2.300563305616378784e-01,4.402987957000732422e-01,-4.749036580324172974e-02,-2.451312094926834106e-01,3.387539088726043701e-01,0.000000000000000000e+00,4.206734895706176758e-01,4.255519807338714600e-01,1.842005848884582520e-01,-8.301129937171936035e-02,2.634608447551727295e-01,3.837379217147827148e-01,1.713593304157257080e-01,3.504742383956909180e-01,6.055436283349990845e-02,9.095697104930877686e-02,1.621573567390441895e-01,1.932136714458465576e-01,-1.255751699209213257e-01,-1.862006336450576782e-01,-1.190919280052185059e-01,-1.782389283180236816e-01,2.646785080432891846e-01,4.262841641902923584e-01,3.444820344448089600e-01,3.953608870506286621e-01,3.241460621356964111e-01,3.169033229351043701e-01,8.672754466533660889e-02,1.049293130636215210e-01,1.817761105485260487e-03,1.260447055101394653e-01,1.150351390242576599e-02,-2.000188231468200684e-01,4.381196573376655579e-02,2.040179520845413208e-01,-1.816025376319885254e-01,-1.141294986009597778e-01,-7.336222380399703979e-02,-8.499205112457275391e-02,-1.976684182882308960e-01,-2.690746188163757324e-01,-3.602816164493560791e-02,-5.761628597974777222e-02,-2.823168411850929260e-02,-1.204261332750320435e-01,1.518335472792387009e-02,-2.747904658317565918e-01,-1.716352403163909912e-01,-2.561161220073699951e-01,2.076517194509506226e-01,1.032341569662094116e-01,5.652400106191635132e-02,2.131588757038116455e-02,1.554716676473617554e-01,8.107717148959636688e-03,3.219755887985229492e-01,3.240910172462463379e-01,1.511624432168900967e-03,1.995045989751815796e-01,-9.879209846258163452e-02,-6.140366941690444946e-02,-1.717119663953781128e-02,1.973362863063812256e-01,2.254871875047683716e-01,1.126144602894783020e-01,2.025743275880813599e-01,2.452763020992279053e-01,4.071627557277679443e-02,2.761480025947093964e-02,1.189337447285652161e-01,1.560867130756378174e-01,3.162086308002471924e-01,1.746621280908584595e-01,3.794426620006561279e-01,3.087102472782135010e-01,2.514787614345550537e-01,-9.108281880617141724e-02,1.455688476562500000e-01,-9.125463664531707764e-02,1.020826473832130432e-01,7.067601196467876434e-03,1.472208946943283081e-01,-2.981771528720855713e-01,-1.300778687000274658e-01,-2.594112455844879150e-01,-4.311333596706390381e-02,-3.088932633399963379e-01,-1.334303468465805054e-01,-2.629197239875793457e-01,-2.226613909006118774e-01,-1.956650316715240479e-01,-2.594637572765350342e-01,-2.440134137868881226e-01,-7.650498300790786743e-02,-3.968686461448669434e-01,-1.269002556800842285e-01,-2.846978902816772461e-01,-1.654759645462036133e-01,-3.314975798130035400e-01,-5.558171868324279785e-02,-2.033649384975433350e-01,3.459908068180084229e-02,-1.188589707016944885e-01,-1.710882484912872314e-01,-2.128901779651641846e-01,-2.099507451057434082e-01,-9.588980674743652344e-02,3.356887027621269226e-02,-3.733792901039123535e-02
3.334821760654449463e-01,2.644176781177520752e-01,2.889820933341979980e-01,-7.274872064590454102e-02,7.059811055660247803e-02,3.380357846617698669e-02,4.151202738285064697e-01,1.683059781789779663e-01,5.615497380495071411e-02,-1.258313357830047607e-01,6.185830235481262207e-01,4.206734895706176758e-01,0.000000000000000000e+00,2.652843594551086426e-01,3.901951611042022705e-01,1.280124336481094360e-01,3.104522228240966797e-01,4.621812328696250916e-02,2.244020849466323853e-01,2.658701539039611816e-01,1.916258335113525391e-01,1.459009051322937012e-01,2.230619639158248901e-01,1.149054020643234253e-01,-1.211121678352355957e-01,-1.402072906494140625e-01,-1.282161772251129150e-01,-1.177596598863601685e-01,4.146020710468292236e-01,2.903632223606109619e-01,3.582432270050048828e-01,3.501726388931274414e-01,2.760895490646362305e-01,1.740811318159103394e-01,1.140440106391906738e-01,4.474965855479240417e-02,1.732807308435440063e-01,1.785493493080139160e-01,1.707367449998855591e-01,-8.620035648345947266e-02,1.801750659942626953e-01,2.369643747806549072e-01,-3.080750107765197754e-01,-2.928973138332366943e-01,-1.599596738815307617e-01,-2.515897452831268311e-01,-2.525516152381896973e-01,-3.794961571693420410e-01,-2.180648893117904663e-01,-1.613452583551406860e-01,1.002278737723827362e-02,-9.522358328104019165e-02,6.055985018610954285e-02,-2.477809935808181763e-01,-7.114588469266891479e-02,-2.390888929367065430e-01,2.784940004348754883e-01,8.844745904207229614e-02,-6.158458068966865540e-02,1.920885592699050903e-02,3.554327785968780518e-01,-7.106180489063262939e-02,3.290981054306030273e-01,1.618409603834152222e-01,3.148389756679534912e-01,1.367165297269821167e-01,-6.042328476905822754e-02,-9.929226338863372803e-02,2.877562539651989937e-03,1.701336205005645752e-01,3.456936180591583252e-01,2.592610120773315430e-01,3.923200666904449463e-01,2.637777328491210938e-01,6.406775116920471191e-02,8.384631574153900146e-02,2.548123002052307129e-01,2.016576081514358521e-01,3.339356482028961182e-01,3.392328023910522461e-01,3.992795050144195557e-01,2.637491524219512939e-01,3.911260068416595459e-01,5.679066106677055359e-02,2.924149334430694580e-01,-1.513989176601171494e-02,1.930480897426605225e-01,1.199067085981369019e-01,5.558346956968307495e-02,-2.429121434688568115e-01,-1.235633343458175659e-01,-1.765169799327850342e-01,-1.408703923225402832e-01,-2.497171908617019653e-01,-2.846297062933444977e-02,-1.607114970684051514e-01,-2.187795341014862061e-01,-2.588389515876770020e-01,-3.431390523910522461e-01,-3.530339896678924561e-01,-2.601399123668670654e-01,-4.313023984432220459e-01,-3.378289341926574707e-01,-4.341917335987091064e-01,-2.940700054168701172e-01,-3.862044215202331543e-01,-2.254857122898101807e-01,-2.889333665370941162e-01,1.455354690551757812e-01,-6.831815838813781738e-02,-2.696719765663146973e-01,-2.910996973514556885e-01,-2.852455079555511475e-01,-3.176558315753936768e-01,3.308738768100738525e-02,5.575128830969333649e-03
