0.000000000000000000e+00,7.452438771724700928e-02,4.873681962490081787e-01,7.744716014713048935e-03,2.617251276969909668e-01,8.541141450405120850e-02,6.210830807685852051e-01,-9.022822231054306030e-02,1.908023655414581299e-01,-5.550873652100563049e-02,5.277270078659057617e-01,-5.943795293569564819e-02,4.950079023838043213e-01,-1.894037127494812012e-01,1.183940842747688293e-01,-2.288588434457778931e-01,1.647820919752120972e-01,-1.428439170122146606e-01,4.640314579010009766e-01,3.041144311428070068e-01,8.201722800731658936e-02,-1.073808223009109497e-01,3.306194543838500977e-01,1.035066172480583191e-01,-1.167893875390291214e-03,-2.728805541992187500e-01,1.708962470293045044e-01,2.479467689990997314e-01,8.688408881425857544e-02,-2.415552437305450439e-01,1.557744741439819336e-01,1.103359460830688477e-01,1.440198570489883423e-01,2.318753898143768311e-01,5.776659399271011353e-02,-1.573618315160274506e-02,-6.479086726903915405e-02,-1.979935318231582642e-01,-4.217476770281791687e-02,-8.688925951719284058e-02,8.194528520107269287e-02,3.183659166097640991e-02,6.432238966226577759e-02,-4.280415549874305725e-02,-1.419194191694259644e-01,-2.123155891895294189e-01,9.145825356245040894e-02,-2.069236785173416138e-01,1.905924379825592041e-01,-9.252890944480895996e-02,3.515246808528900146e-01,-1.461839973926544189e-01,1.212380826473236084e-01,-2.115791290998458862e-01,1.448325365781784058e-01,-1.463220566511154175e-01,6.781267523765563965e-01,2.213809452950954437e-02,3.254922926425933838e-01,-7.725539803504943848e-02,5.218623876571655273e-01,-5.286885797977447510e-02,4.811673462390899658e-01,-1.204193904995918274e-01,4.500128328800201416e-01,-2.659965753555297852e-01,2.375420182943344116e-02,-1.463349759578704834e-01,2.980206608772277832e-01,-1.626607775688171387e-01,1.866974085569381714e-01,6.095184758305549622e-02,3.551930189132690430e-01,1.659475266933441162e-01,2.012737989425659180e-01,-7.813553512096405029e-02,3.182659149169921875e-01,2.131531238555908203e-01,-9.339999407529830933e-02,-1.638742387294769287e-01,2.256517410278320312e-01,-3.101126849651336670e-01,4.835096187889575958e-03,-9.186901152133941650e-02,2.415725141763687134e-01,-4.350643754005432129e-01,-4.365317150950431824e-02,-6.637746095657348633e-02,2.550635337829589844e-01,-1.861775666475296021e-01,-9.199815243482589722e-02,-2.060224860906600952e-01,-2.113988399505615234e-01,-1.000385880470275879e-01,-2.088327258825302124e-01,-1.943294554948806763e-01,-1.186968237161636353e-01,-7.157746702432632446e-02,1.725480556488037109e-01,-4.905396699905395508e-02,-1.457415670156478882e-01,-1.037993431091308594e-01,-1.057613547891378403e-02,-1.046299040317535400e-01,-1.428717970848083496e-01,-2.259135991334915161e-01,-1.129275113344192505e-01,-1.087662950158119202e-01,-4.279737174510955811e-02,-2.386049181222915649e-01,-3.956879377365112305e-01,1.661424338817596436e-02,-3.381142020225524902e-02,-2.032317966222763062e-02,7.245509326457977295e-02,-1.895791441202163696e-01
7.452438771724700928e-02,0.000000000000000000e+00,1.286865323781967163e-01,4.829516708850860596e-01,-1.263905465602874756e-01,-7.840240746736526489e-02,-2.242327667772769928e-02,4.530734121799468994e-01,-2.611471116542816162e-01,2.480059489607810974e-02,-1.470088362693786621e-01,3.902999460697174072e-01,-1.433366090059280396e-01,2.616839110851287842e-01,-4.005489349365234375e-01,-9.618026763200759888e-02,-1.126480624079704285e-01,2.657744586467742920e-01,1.157908737659454346e-01,4.953154027462005615e-01,-5.507579445838928223e-02,-1.126131862401962280e-01,2.428896874189376831e-01,3.653509914875030518e-01,-7.264451682567596436e-02,-1.882934421300888062e-01,-3.581405431032180786e-02,-1.630917564034461975e-02,-1.470186710357666016e-01,6.650946289300918579e-02,2.242659032344818115e-01,2.001462131738662720e-01,3.703602850437164307e-01,4.970754086971282959e-01,1.055250130593776703e-02,-3.461018204689025879e-02,-2.725361287593841553e-01,6.069316342473030090e-02,-1.537930071353912354e-01,2.178707718849182129e-02,3.009963780641555786e-02,1.170933172106742859e-01,-1.416225284337997437e-01,6.874369084835052490e-02,-1.569353640079498291e-01,-5.169966444373130798e-02,-1.085890009999275208e-01,-1.134950444102287292e-01,-1.107839196920394897e-01,7.414122670888900757e-02,-1.911637187004089355e-01,1.821411401033401489e-01,-3.808699250221252441e-01,-1.641183793544769287e-01,-2.178486883640289307e-01,-6.806665658950805664e-02,1.756918728351593018e-01,7.331364750862121582e-01,-2.767803892493247986e-02,3.534592390060424805e-01,-9.898614883422851562e-02,2.604070007801055908e-01,-1.031715944409370422e-01,4.988495111465454102e-01,-1.440899968147277832e-01,1.954354643821716309e-01,9.697773307561874390e-02,1.001885086297988892e-01,3.586501777172088623e-01,7.288962602615356445e-02,-1.109478399157524109e-01,2.266506105661392212e-02,2.076332420110702515e-01,3.547212183475494385e-01,1.808335306122899055e-03,1.358430385589599609e-01,7.151070237159729004e-02,2.035192847251892090e-01,-1.686529964208602905e-01,5.410341545939445496e-02,-2.551833987236022949e-01,2.254166305065155029e-01,-2.437716722488403320e-01,-5.506597086787223816e-02,-3.015945255756378174e-01,1.365830451250076294e-01,-1.520491242408752441e-01,4.287694394588470459e-02,-2.869695723056793213e-01,7.286459207534790039e-02,-3.674830794334411621e-01,-1.128236129879951477e-01,-1.673371344804763794e-01,8.373669534921646118e-02,2.062931843101978302e-02,7.301782723516225815e-03,5.550007522106170654e-02,1.178224757313728333e-01,-4.271854832768440247e-02,2.814028039574623108e-02,-2.260029502213001251e-02,1.962635107338428497e-02,8.246513456106185913e-02,1.906558722257614136e-01,5.848693847656250000e-02,7.324744015932083130e-02,-1.997285522520542145e-02,7.087547332048416138e-02,-3.907721955329179764e-03,-4.273415729403495789e-02,-3.080272972583770752e-01,-1.442323625087738037e-01,-2.088258862495422363e-01,5.324874073266983032e-02,1.616208255290985107e-02,-1.658794581890106201e-01
4.873681962490081787e-01,1.286865323781967163e-01,0.000000000000000000e+00,3.559453189373016357e-01,3.545024394989013672e-01,5.267931893467903137e-02,6.823659539222717285e-01,1.317455321550369263e-01,1.882598400115966797e-01,3.246767446398735046e-03,3.495356440544128418e-01,-5.540684983134269714e-02,4.532416462898254395e-01,-9.629907459020614624e-02,1.806964576244354248e-01,-5.899461358785629272e-02,8.809608221054077148e-02,-1.169165521860122681e-01,5.124984979629516602e-01,3.842274248600006104e-01,1.027558967471122742e-01,1.756525714881718159e-03,5.018755793571472168e-01,4.389072954654693604e-01,-1.784796416759490967e-01,-3.061100244522094727e-01,2.256651222705841064e-01,2.394913136959075928e-01,7.243724167346954346e-02,-1.761399060487747192e-01,2.686073184013366699e-01,2.008776515722274780e-01,1.739951521158218384e-01,2.081798613071441650e-01,1.434367597103118896e-01,1.495115458965301514e-01,-6.119010969996452332e-02,-2.881795167922973633e-02,5.685051158070564270e-02,7.723083719611167908e-03,2.121023647487163544e-02,9.735319763422012329e-02,3.398843482136726379e-02,-4.323615506291389465e-02,-2.608523331582546234e-02,-2.798283398151397705e-01,4.586466774344444275e-02,-2.583642303943634033e-01,-4.733160883188247681e-02,-3.159126043319702148e-01,1.604910790920257568e-01,-1.792889237403869629e-01,-1.760759204626083374e-02,-2.677854001522064209e-01,1.807574182748794556e-01,-5.317346379160881042e-02,4.249518215656280518e-01,1.236891821026802063e-01,1.913512200117111206e-01,-3.497185558080673218e-02,3.215895593166351318e-01,-9.591416269540786743e-02,2.957697808742523193e-01,-7.229449599981307983e-02,4.634118080139160156e-01,-1.298988908529281616e-01,1.070642694830894470e-01,-1.696134172379970551e-02,1.742021441459655762e-01,-4.378015175461769104e-02,1.861243695020675659e-01,1.616196334362030029e-01,2.734248936176300049e-01,1.911761611700057983e-01,2.694971859455108643e-01,-4.531097412109375000e-02,2.156312465667724609e-01,2.227039635181427002e-01,-1.456562131643295288e-01,-1.754136681556701660e-01,7.207524031400680542e-02,-1.657092273235321045e-01,-2.857817895710468292e-02,-5.805531516671180725e-02,2.070357203483581543e-01,-3.126569986343383789e-01,1.313222646713256836e-01,8.966894447803497314e-02,2.164108753204345703e-01,-5.145558342337608337e-02,-1.637032032012939453e-01,-2.286197692155838013e-01,-2.354673594236373901e-01,1.267239730805158615e-02,-2.295221388339996338e-01,-2.695761620998382568e-01,-1.566566377878189087e-01,-3.053419478237628937e-02,9.384828805923461914e-02,-1.063822954893112183e-01,8.696183562278747559e-02,-4.103307425975799561e-02,1.866944730281829834e-01,1.392586082220077515e-01,-6.887354701757431030e-02,-2.133355587720870972e-01,-9.706627577543258667e-02,-3.420332074165344238e-02,-1.792405173182487488e-02,-3.010690808296203613e-01,-3.875091373920440674e-01,-1.367840319871902466e-01,-1.782595813274383545e-01,-1.197268143296241760e-01,-8.746471256017684937e-02,-3.402394354343414307e-01
7.744716014713048935e-03,4.829516708850860596e-01,3.559453189373016357e-01,0.000000000000000000e+00,1.192361861467361450e-01,1.051845252513885498e-01,2.167172133922576904e-01,6.722304821014404297e-01,-8.663988113403320312e-02,2.351050674915313721e-01,-1.234702095389366150e-01,4.062669277191162109e-01,-1.080288551747798920e-02,3.463914692401885986e-01,-1.075472459197044373e-01,1.266754716634750366e-01,-1.927234232425689697e-01,2.545555308461189270e-02,1.888845115900039673e-01,4.127058088779449463e-01,5.093923304229974747e-03,-3.837461397051811218e-02,2.720339298248291016e-01,5.657136440277099609e-01,-1.865287125110626221e-01,-1.297543048858642578e-01,3.979054093360900879e-02,6.115788593888282776e-02,-1.400384902954101562e-01,-1.530990656465291977e-02,3.155567049980163574e-01,2.717947363853454590e-01,2.817733585834503174e-01,3.565280437469482422e-01,1.651297211647033691e-01,1.899211853742599487e-01,-2.292956262826919556e-01,8.422315120697021484e-02,-2.291658520698547363e-02,1.056688353419303894e-01,-2.055258117616176605e-02,4.750341549515724182e-02,-1.361425220966339111e-01,2.154922299087047577e-02,-9.945206344127655029e-02,-1.507723182439804077e-01,-1.219769343733787537e-01,-1.900908797979354858e-01,-2.711025476455688477e-01,-1.742723733186721802e-01,-2.222144305706024170e-01,4.720611497759819031e-02,-4.168156981468200684e-01,-2.144491076469421387e-01,-6.892937421798706055e-02,4.980687424540519714e-02,-2.124704048037528992e-02,4.863358139991760254e-01,1.155189890414476395e-02,3.182294666767120361e-01,-1.036653108894824982e-02,3.929087221622467041e-01,-8.854004740715026855e-02,3.874639272689819336e-01,-4.735705256462097168e-02,3.457306325435638428e-01,1.755100488662719727e-01,2.303829193115234375e-01,1.991014778614044189e-01,5.498441308736801147e-02,5.938102304935455322e-02,2.448102235794067383e-01,1.275958418846130371e-01,2.651261091232299805e-01,9.789905697107315063e-02,1.567467153072357178e-01,1.002133786678314209e-01,2.789143323898315430e-01,-3.012230992317199707e-01,-5.855334550142288208e-02,-3.277058303356170654e-01,1.421818584203720093e-01,-1.899922490119934082e-01,-3.531696647405624390e-02,-1.719578653573989868e-01,2.788320481777191162e-01,7.923182845115661621e-02,2.376181632280349731e-01,-1.835179626941680908e-01,2.555327713489532471e-01,-3.945434987545013428e-01,-1.856739819049835205e-01,-2.687583565711975098e-01,3.201236575841903687e-02,-8.417846262454986572e-02,-1.294416785240173340e-01,-3.330763429403305054e-02,9.200353920459747314e-02,-8.219411969184875488e-02,-7.368688285350799561e-02,1.669245064258575439e-01,-9.913250058889389038e-02,1.584698557853698730e-01,2.599578499794006348e-01,2.194113284349441528e-02,-5.841068923473358154e-02,-3.791496157646179199e-02,7.881800830364227295e-02,3.869816288352012634e-02,-1.274110227823257446e-01,-3.261612355709075928e-01,-2.642196416854858398e-01,-3.270055949687957764e-01,-1.223067194223403931e-01,-1.149254888296127319e-01,-2.703586220741271973e-01
2.617251276969909668e-01,-1.263905465602874756e-01,3.545024394989013672e-01,1.192361861467361450e-01,0.000000000000000000e+00,4.372564554214477539e-01,4.591561257839202881e-01,7.318930700421333313e-03,5.031076073646545410e-01,2.346099168062210083e-01,2.965557277202606201e-01,-3.847442567348480225e-02,3.530786633491516113e-01,-2.289313822984695435e-01,1.805236339569091797e-01,-6.566774100065231323e-02,1.179615780711174011e-01,-1.527219265699386597e-01,2.775416374206542969e-01,1.584959626197814941e-01,-5.150097981095314026e-02,-6.348471343517303467e-02,1.942928582429885864e-01,1.475525051355361938e-01,1.611880213022232056e-01,-9.255775064229965210e-02,2.160140573978424072e-01,2.495704442262649536e-01,2.237883955240249634e-01,-8.459788560867309570e-02,2.297417819499969482e-01,2.379319220781326294e-01,1.298996508121490479e-01,7.177258282899856567e-02,7.428207993507385254e-02,1.310597360134124756e-01,-8.516817539930343628e-02,-1.545140296220779419e-01,-1.055619865655899048e-01,-2.780462503433227539e-01,-2.808051407337188721e-01,2.026724163442850113e-03,-1.186101809144020081e-01,-1.634594649076461792e-01,3.592423349618911743e-02,-3.511551916599273682e-01,3.086144477128982544e-02,-3.452996909618377686e-01,-4.043070599436759949e-02,-3.906795382499694824e-01,1.302344053983688354e-01,-3.445684909820556641e-01,-7.225891947746276855e-02,-2.792027592658996582e-01,1.759079098701477051e-02,-1.595470160245895386e-01,2.404285967350006104e-01,-1.284326612949371338e-01,1.373698413372039795e-01,-1.735373139381408691e-01,3.150261640548706055e-01,-4.385549947619438171e-02,2.476816326379776001e-01,-1.501630693674087524e-01,3.720053732395172119e-01,-6.660174578428268433e-02,-5.264443904161453247e-02,-1.453507393598556519e-01,5.011525470763444901e-03,-1.094936579465866089e-01,3.174661099910736084e-01,3.533226549625396729e-01,2.332249432802200317e-01,5.184312164783477783e-02,1.407764106988906860e-01,-1.020373683422803879e-02,1.865181773900985718e-01,3.621720150113105774e-02,-1.061729639768600464e-01,-2.073656320571899414e-01,1.178486198186874390e-01,-1.648577153682708740e-01,-2.200109660625457764e-01,-2.957994043827056885e-01,2.979690432548522949e-01,-2.748397886753082275e-01,-4.176194220781326294e-02,-2.000419050455093384e-01,2.137829363346099854e-01,-1.055637896060943604e-01,-3.873969241976737976e-02,-1.201783642172813416e-01,-1.398577820509672165e-02,1.213829889893531799e-01,-1.028735116124153137e-01,-1.204254776239395142e-01,3.427654970437288284e-03,4.542161896824836731e-02,1.021045818924903870e-01,-1.374584138393402100e-01,2.715494632720947266e-01,1.280727386474609375e-01,2.997529804706573486e-01,1.822710931301116943e-01,3.161257877945899963e-02,-1.475049108266830444e-01,9.135361760854721069e-02,1.151114702224731445e-01,-1.501486916095018387e-02,-2.216226756572723389e-01,-1.546123027801513672e-01,-1.084053516387939453e-01,-1.025261729955673218e-01,-3.897176310420036316e-02,-1.143991723656654358e-01,-2.605583965778350830e-01
8.541141450405120850e-02,-7.840240746736526489e-02,5.267931893467903137e-02,1.051845252513885498e-01,4.372564554214477539e-01,0.000000000000000000e+00,1.322109103202819824e-01,6.207558512687683105e-02,2.870239317417144775e-01,3.771066963672637939e-01,1.519489139318466187e-01,1.741985082626342773e-01,1.556926220655441284e-01,-8.416567742824554443e-02,7.767403870820999146e-02,-2.002034336328506470e-02,3.562103211879730225e-02,-8.953579515218734741e-02,-7.231698185205459595e-02,2.278180792927742004e-02,-1.059482470154762268e-01,-1.985940895974636078e-02,-3.428163006901741028e-02,4.271890595555305481e-02,1.761092692613601685e-01,1.030646860599517822e-01,1.212196275591850281e-01,2.264228165149688721e-01,1.471055746078491211e-01,6.669884920120239258e-02,2.128159403800964355e-01,2.289320677518844604e-01,1.152822598814964294e-01,6.148495897650718689e-02,5.581832304596900940e-02,6.107544526457786560e-02,-8.767376840114593506e-02,-1.207008212804794312e-01,-1.823549270629882812e-01,-2.567376494407653809e-01,-2.188107669353485107e-01,-1.204838305711746216e-01,-2.099386602640151978e-01,-1.165853664278984070e-01,-3.902107477188110352e-02,-2.525790929794311523e-01,-1.340712606906890869e-01,-2.314596176147460938e-01,-1.234103739261627197e-01,-2.363323867321014404e-01,-6.748615205287933350e-02,-2.006247937679290771e-01,-1.981547921895980835e-01,-3.042139112949371338e-01,-1.689765006303787231e-01,-1.060914099216461182e-01,4.571307078003883362e-02,-1.216343343257904053e-01,2.278529107570648193e-02,-7.897326350212097168e-02,1.745674908161163330e-01,1.237669810652732849e-01,1.020306497812271118e-01,-6.299475790001451969e-04,5.789321660995483398e-02,7.275154441595077515e-02,-1.369821429252624512e-01,-1.419750899076461792e-01,-2.092325501143932343e-02,-7.079865783452987671e-02,1.832265257835388184e-01,3.018375337123870850e-01,1.471120566129684448e-01,5.021252110600471497e-02,-7.302367687225341797e-02,1.317831221967935562e-02,7.751415669918060303e-02,-7.676661014556884766e-02,-8.500944077968597412e-02,-6.390157341957092285e-02,-3.813667222857475281e-02,-8.606956899166107178e-02,-2.251087427139282227e-01,-2.332005351781845093e-01,4.286966845393180847e-02,-8.485026657581329346e-02,-7.612436264753341675e-02,-4.527369886636734009e-02,-4.920810833573341370e-02,-2.322712354362010956e-02,-6.540745496749877930e-02,-1.940233074128627777e-02,8.034896850585937500e-02,4.974336177110671997e-02,9.704135358333587646e-02,4.087049141526222229e-02,8.228288590908050537e-02,6.560704857110977173e-02,4.658867418766021729e-02,-1.357039157301187515e-02,2.392533123493194580e-01,-2.680663950741291046e-03,2.292944937944412231e-01,1.453106701374053955e-01,1.897765547037124634e-01,2.484184876084327698e-02,1.748442947864532471e-01,2.320011258125305176e-01,2.593509107828140259e-02,-3.828554973006248474e-02,-4.263132438063621521e-02,-1.278152465820312500e-01,-1.342059224843978882e-01,3.408627957105636597e-02,-7.984448224306106567e-02,-9.373036026954650879e-02
6.210830807685852051e-01,-2.242327667772769928e-02,6.823659539222717285e-01,2.167172133922576904e-01,4.591561257839202881e-01,1.322109103202819824e-01,0.000000000000000000e+00,8.101893216371536255e-02,3.349518179893493652e-01,-2.934630727395415306e-03,4.798543155193328857e-01,-8.440927416086196899e-02,5.734136700630187988e-01,-1.559610962867736816e-01,2.758225202560424805e-01,-8.488655090332031250e-02,1.073627695441246033e-01,-2.482899576425552368e-01,5.429140329360961914e-01,3.062516748905181885e-01,1.009871661663055420e-01,-7.331904023885726929e-02,4.262742400169372559e-01,2.704524993896484375e-01,-9.155891835689544678e-02,-2.755310833454132080e-01,2.423669546842575073e-01,2.910825610160827637e-01,6.636401265859603882e-02,-3.016822338104248047e-01,2.270444333553314209e-01,1.819536089897155762e-01,1.362506896257400513e-01,1.532045602798461914e-01,1.306104660034179688e-01,8.185672760009765625e-02,-5.219790711998939514e-02,-1.589448004961013794e-01,2.386289462447166443e-02,-4.096667096018791199e-02,1.660581119358539581e-02,2.310010977089405060e-02,7.916846126317977905e-02,-7.470841705799102783e-02,-1.070293262600898743e-01,-2.642333209514617920e-01,7.847117632627487183e-02,-2.521587014198303223e-01,8.579461276531219482e-02,-2.867116928100585938e-01,3.120190203189849854e-01,-2.107729911804199219e-01,7.898491621017456055e-02,-1.869635134935379028e-01,1.920868307352066040e-01,-8.428249508142471313e-02,4.811893999576568604e-01,-4.236560314893722534e-02,3.402608931064605713e-01,-8.285151422023773193e-02,5.501096844673156738e-01,-1.213773619383573532e-02,4.731593728065490723e-01,-1.530558317899703979e-01,5.514588952064514160e-01,-1.624701768159866333e-01,1.229988485574722290e-01,-5.807273462414741516e-02,1.730027645826339722e-01,-5.003922060132026672e-02,3.056121766567230225e-01,1.917252987623214722e-01,2.957404851913452148e-01,9.766244888305664062e-02,2.761135399341583252e-01,-9.452408552169799805e-02,3.030022978782653809e-01,2.427636086940765381e-01,-1.734187901020050049e-01,-2.569517493247985840e-01,1.387523263692855835e-01,-3.188120424747467041e-01,7.741523440927267075e-03,-9.087811410427093506e-02,3.255732655525207520e-01,-3.437419831752777100e-01,8.335083723068237305e-02,1.227064337581396103e-02,2.851003110408782959e-01,-9.327075630426406860e-02,-7.695709168910980225e-02,-2.311258316040039062e-01,-2.195412367582321167e-01,-2.919462509453296661e-02,-2.744551897048950195e-01,-3.279102146625518799e-01,-1.917831748723983765e-01,-1.198874041438102722e-01,8.658245205879211426e-02,-1.757357269525527954e-01,1.454168371856212616e-02,-5.011009052395820618e-02,8.650884777307510376e-02,-1.350066252052783966e-02,-1.560406535863876343e-01,-2.878863215446472168e-01,-1.772124171257019043e-01,-1.559781283140182495e-01,2.680706232786178589e-02,-3.215763866901397705e-01,-3.433221578598022461e-01,-4.248787835240364075e-02,-1.464083194732666016e-01,-1.635302454233169556e-01,-3.376581147313117981e-02,-2.820519506931304932e-01
-9.022822231054306030e-02,4.530734121799468994e-01,1.317455321550369263e-01,6.722304821014404297e-01,7.318930700421333313e-03,6.207558512687683105e-02,8.101893216371536255e-02,0.000000000000000000e+00,-1.129449158906936646e-01,2.667969763278961182e-01,-2.208925634622573853e-01,4.483931660652160645e-01,-1.181818842887878418e-01,5.101191401481628418e-01,-1.036212742328643799e-01,1.431992948055267334e-01,-2.599472999572753906e-01,6.057475879788398743e-02,5.620188266038894653e-02,3.662281036376953125e-01,-1.053848862648010254e-01,-7.381276041269302368e-02,6.294423341751098633e-02,3.439096808433532715e-01,-1.315641850233078003e-01,-4.022917896509170532e-02,-7.140628993511199951e-02,-9.504735469818115234e-02,-2.421624958515167236e-01,-1.407605689018964767e-02,1.395105868577957153e-01,1.351439952850341797e-01,2.255650758743286133e-01,3.272015750408172607e-01,1.337888091802597046e-01,9.267557412385940552e-02,-2.876405119895935059e-01,3.721506521105766296e-02,-7.678717374801635742e-02,1.189012154936790466e-01,-1.847299560904502869e-02,-7.027040701359510422e-03,-4.297256842255592346e-02,1.406565159559249878e-01,-9.568791091442108154e-02,6.890346854925155640e-02,-7.384556531906127930e-02,-5.156596377491950989e-02,-1.007521972060203552e-01,1.250120438635349274e-02,-1.865222603082656860e-01,1.777873486280441284e-01,-3.681981563568115234e-01,-1.396926045417785645e-01,-5.787990242242813110e-02,3.191047906875610352e-02,-1.055193692445755005e-01,4.788446128368377686e-01,7.945416867733001709e-02,4.139031171798706055e-01,2.183210849761962891e-02,5.342146754264831543e-01,-9.637481719255447388e-02,3.967306017875671387e-01,-2.185479253530502319e-01,4.457352757453918457e-01,2.509621977806091309e-01,3.655717968940734863e-01,1.571576446294784546e-01,4.696892201900482178e-02,5.719361081719398499e-02,1.339013129472732544e-01,6.506760418415069580e-02,2.948567271232604980e-01,5.878574401140213013e-02,1.876556575298309326e-01,8.139826357364654541e-02,2.372909337282180786e-01,-2.369820028543472290e-01,-3.782626241445541382e-02,-3.052221536636352539e-01,1.604764014482498169e-01,-1.412082463502883911e-01,-3.375134617090225220e-02,-1.662384271621704102e-01,3.063166439533233643e-01,2.518902719020843506e-02,2.202557921409606934e-01,-1.875316649675369263e-01,1.643267869949340820e-01,-2.666417956352233887e-01,-1.428659111261367798e-01,-1.392430216073989868e-01,-8.066920191049575806e-02,-5.844626203179359436e-02,-6.097683683037757874e-02,1.805937965400516987e-03,1.026081666350364685e-01,-1.146305054426193237e-01,-4.224435240030288696e-02,7.546741515398025513e-02,-2.164203375577926636e-01,-4.363158717751502991e-03,6.555029749870300293e-02,-1.303886771202087402e-01,-1.335467398166656494e-01,-9.707363694906234741e-02,-3.015981614589691162e-02,6.293542683124542236e-02,-1.278999540954828262e-02,-1.645759791135787964e-01,-1.070006117224693298e-01,-2.680559754371643066e-01,-1.251166164875030518e-01,-7.483880221843719482e-02,-1.743343770503997803e-01
1.908023655414581299e-01,-2.611471116542816162e-01,1.882598400115966797e-01,-8.663988113403320312e-02,5.031076073646545410e-01,2.870239317417144775e-01,3.349518179893493652e-01,-1.129449158906936646e-01,0.000000000000000000e+00,3.260700702667236328e-01,2.690911591053009033e-01,-2.084834426641464233e-01,3.650671839714050293e-01,-2.149075418710708618e-01,3.925890922546386719e-01,9.357579052448272705e-02,1.855261027812957764e-01,-1.941564828157424927e-01,2.128698527812957764e-01,-5.662873014807701111e-02,8.855176717042922974e-02,-4.648061096668243408e-02,1.458901017904281616e-01,-4.740026220679283142e-02,1.729923784732818604e-01,7.492242008447647095e-02,1.804599910974502563e-01,1.846204400062561035e-01,8.574990928173065186e-02,-1.387239545583724976e-01,-7.828603884263429791e-06,-4.619895014911890030e-03,-4.400337114930152893e-02,-9.434782713651657104e-02,5.321788415312767029e-02,1.351373940706253052e-01,8.068915456533432007e-02,-7.260924577713012695e-02,-2.572495490312576294e-02,-2.141168415546417236e-01,-1.300402432680130005e-01,-6.497948616743087769e-02,-1.362518072128295898e-01,-1.986202150583267212e-01,-1.946743205189704895e-02,-2.398465275764465332e-01,-2.800614573061466217e-02,-2.407341897487640381e-01,-1.153326127678155899e-02,-2.475066184997558594e-01,1.033690720796585083e-01,-3.042017221450805664e-01,-1.893432252109050751e-02,-2.337547242641448975e-01,-7.953915745019912720e-03,-1.525956541299819946e-01,1.489395350217819214e-01,-2.824645042419433594e-01,1.565186381340026855e-01,-1.998285353183746338e-01,3.499193191528320312e-01,-3.788039833307266235e-02,2.185979634523391724e-01,-2.317268848419189453e-01,3.795191943645477295e-01,-6.913785636425018311e-02,3.305749595165252686e-02,-8.677958697080612183e-02,-1.517836600542068481e-01,-1.299026012420654297e-01,3.234391808509826660e-01,2.115122526884078979e-01,4.997941851615905762e-02,-9.159391373395919800e-02,9.053876250982284546e-02,-9.331788122653961182e-02,1.805336773395538330e-01,3.571528196334838867e-02,-3.587632253766059875e-02,-1.717821508646011353e-01,1.670350879430770874e-01,-2.356863915920257568e-01,2.977092936635017395e-02,-1.002034544944763184e-01,3.240684568881988525e-01,-2.656593918800354004e-01,1.301729120314121246e-02,-1.873620301485061646e-01,1.712751239538192749e-01,-1.696295887231826782e-01,1.117282584309577942e-01,-8.794237673282623291e-02,-1.653024926781654358e-02,-4.315226897597312927e-02,-4.271696880459785461e-02,-3.624905645847320557e-02,-4.616781324148178101e-02,-7.428126782178878784e-02,-2.089954353868961334e-02,-1.510931402444839478e-01,8.384381234645843506e-02,7.869677245616912842e-02,1.223998665809631348e-01,-5.826826207339763641e-03,-5.639116466045379639e-02,-1.464252471923828125e-01,1.054059248417615891e-02,-1.973588764667510986e-02,6.017337366938591003e-02,-1.471890211105346680e-01,2.101514255627989769e-04,-3.056313656270503998e-02,-1.775445491075515747e-01,-2.186866998672485352e-01,-2.488396763801574707e-01,-5.977044999599456787e-02
-5.550873652100563049e-02,2.480059489607810974e-02,3.246767446398735046e-03,2.351050674915313721e-01,2.346099168062210083e-01,3.771066963672637939e-01,-2.934630727395415306e-03,2.667969763278961182e-01,3.260700702667236328e-01,0.000000000000000000e+00,-2.638307027518749237e-02,1.819582879543304443e-01,-1.727270334959030151e-02,2.257909029722213745e-01,2.213501781225204468e-01,4.875182807445526123e-01,2.645392715930938721e-02,-1.588563062250614166e-02,-8.336872607469558716e-02,-4.822360351681709290e-02,8.759907633066177368e-02,3.504878841340541840e-04,-5.861818790435791016e-02,3.360553830862045288e-02,-1.121868751943111420e-02,2.102599889039993286e-01,8.617999404668807983e-02,1.418615877628326416e-01,-6.247801706194877625e-02,-2.914133016020059586e-03,1.373407337814569473e-02,1.840437762439250946e-02,1.080091744661331177e-01,1.233834624290466309e-01,2.723001688718795776e-02,1.115719005465507507e-01,-1.094374284148216248e-01,-9.757687896490097046e-02,-3.760105231776833534e-03,-2.210989408195018768e-02,-2.026041448116302490e-01,-9.325611591339111328e-02,-1.497913748025894165e-01,-1.279886811971664429e-02,-8.546812087297439575e-02,-1.034762412309646606e-01,-3.672824800014495850e-02,-8.937561884522438049e-03,-1.267285346984863281e-01,-1.255458146333694458e-01,-1.949252188205718994e-01,-3.202342614531517029e-02,-3.202604353427886963e-01,-2.295842617750167847e-01,-9.905824065208435059e-02,3.120218217372894287e-02,-1.442471798509359360e-02,8.138868957757949829e-02,-1.526982989162206650e-02,1.611374616622924805e-01,2.667939662933349609e-02,2.547083795070648193e-01,-8.167307078838348389e-02,1.258228421211242676e-01,-1.246411725878715515e-01,1.777575612068176270e-01,1.079018488526344299e-01,2.053522020578384399e-01,-1.675168983638286591e-02,-3.777034953236579895e-02,9.010819718241691589e-03,7.603736221790313721e-02,-1.268982738256454468e-01,-4.698564857244491577e-02,7.432862371206283569e-02,1.648899763822555542e-01,8.189360052347183228e-02,1.214135736227035522e-01,-1.265570521354675293e-01,-3.336619213223457336e-02,-1.208414435386657715e-01,-7.281240075826644897e-02,3.857214748859405518e-02,9.809546917676925659e-02,-1.675701588392257690e-01,1.014159694314002991e-01,8.559741079807281494e-02,1.880214512348175049e-01,-1.321960538625717163e-01,4.325774684548377991e-02,-4.143182560801506042e-02,-9.851546585559844971e-02,-5.495122820138931274e-02,-1.386248618364334106e-01,1.535791456699371338e-01,1.584345996379852295e-01,1.297387033700942993e-01,1.348774880170822144e-01,6.829373072832822800e-03,2.718499675393104553e-02,-3.274278715252876282e-02,-1.781516671180725098e-01,6.547039002180099487e-02,-1.897240616381168365e-02,-2.934463135898113251e-02,-5.623553320765495300e-02,4.892094805836677551e-02,6.755849719047546387e-02,6.841411441564559937e-02,1.140780672430992126e-01,1.364607065916061401e-01,2.565348753705620766e-03,-1.985221356153488159e-01,-9.600737690925598145e-02,-4.196556657552719116e-02,-2.823736891150474548e-02
5.277270078659057617e-01,-1.470088362693786621e-01,3.495356440544128418e-01,-1.234702095389366150e-01,2.965557277202606201e-01,1.519489139318466187e-01,4.798543155193328857e-01,-2.208925634622573853e-01,2.690911591053009033e-01,-2.638307027518749237e-02,0.000000000000000000e+00,-1.019060239195823669e-01,5.407968759536743164e-01,-2.482072114944458008e-01,1.044375300407409668e-01,-2.308169603347778320e-01,4.088856577873229980e-01,-2.964744344353675842e-02,2.662441134452819824e-01,8.165630698204040527e-02,2.266288399696350098e-01,-2.672595158219337463e-02,2.416436821222305298e-01,5.059243738651275635e-02,1.099070236086845398e-01,-2.103152573108673096e-01,2.988257706165313721e-01,2.818866372108459473e-01,2.997678816318511963e-01,-2.275231108069419861e-02,2.378487437963485718e-01,2.077800184488296509e-01,2.250745445489883423e-01,2.477121800184249878e-01,-2.429378218948841095e-03,6.930927187204360962e-02,-1.470001935958862305e-01,-1.878034174442291260e-01,1.086024194955825806e-02,-2.567341625690460205e-01,-5.706590414047241211e-02,-1.962734013795852661e-02,-2.008784189820289612e-02,-1.412106007337570190e-01,-4.244337230920791626e-02,-1.412103921175003052e-01,1.102472916245460510e-01,-8.025459200143814087e-02,1.847897619009017944e-01,-6.650869548320770264e-02,2.539378106594085693e-01,-2.507163882255554199e-01,7.745741307735443115e-02,-2.022904157638549805e-01,-2.485808171331882477e-02,-3.010403513908386230e-01,4.346429109573364258e-01,-1.419092565774917603e-01,2.113498151302337646e-01,-1.948183774948120117e-01,4.751807451248168945e-01,-2.147250436246395111e-02,4.960928857326507568e-01,-1.267143152654170990e-02,4.403988718986511230e-01,-1.894359141588211060e-01,-3.983853384852409363e-02,-1.605986654758453369e-01,9.110606461763381958e-02,-1.255845874547958374e-01,2.874715030193328857e-01,6.799260526895523071e-02,2.097721397876739502e-01,1.039979904890060425e-01,2.271919399499893188e-01,-1.381997391581535339e-02,2.662003338336944580e-01,1.029595732688903809e-01,1.394801307469606400e-03,-2.035230249166488647e-01,3.310979306697845459e-01,-1.854710429906845093e-01,-9.158093482255935669e-02,-1.949222013354301453e-02,2.807909548282623291e-01,-4.160518348217010498e-01,-9.761565923690795898e-02,-2.089556902647018433e-01,2.676084935665130615e-01,-3.707295060157775879e-01,-3.512630984187126160e-02,-5.280426517128944397e-02,-6.578730791807174683e-02,1.883930340409278870e-02,-1.087478399276733398e-01,-9.206422418355941772e-02,-7.285873591899871826e-02,-1.364853084087371826e-01,7.463781535625457764e-02,-1.822085082530975342e-01,-5.549437552690505981e-02,1.024595573544502258e-01,2.851384133100509644e-02,-8.726296573877334595e-02,-8.902525156736373901e-02,-2.923380434513092041e-01,7.044818997383117676e-02,7.161035668104887009e-03,-1.145864278078079224e-01,-2.510480880737304688e-01,-1.719432473182678223e-01,-9.250965714454650879e-02,-1.672972366213798523e-02,-1.247289180755615234e-01,-2.756750024855136871e-02,-2.615301609039306641e-01
-5.943795293569564819e-02,3.902999460697174072e-01,-5.540684983134269714e-02,4.062669277191162109e-01,-3.847442567348480225e-02,1.741985082626342773e-01,-8.440927416086196899e-02,4.483931660652160645e-01,-2.084834426641464233e-01,1.819582879543304443e-01,-1.019060239195823669e-01,0.000000000000000000e+00,1.032895892858505249e-01,6.120008826255798340e-01,-1.140796020627021790e-01,5.204620584845542908e-02,-1.197462230920791626e-01,2.033173292875289917e-01,-1.513321250677108765e-01,8.718236535787582397e-02,-1.771167367696762085e-01,-2.542090117931365967e-01,6.798125803470611572e-02,3.200214803218841553e-01,-3.771673142910003662e-02,6.875763833522796631e-02,-1.696695089340209961e-01,-6.934052705764770508e-02,-5.926239117980003357e-02,1.123626306653022766e-01,3.847976922988891602e-01,3.380696773529052734e-01,2.718160748481750488e-01,2.491652518510818481e-01,7.964271306991577148e-02,2.919306792318820953e-02,-2.391259074211120605e-01,1.714171026833355427e-03,-1.755719929933547974e-01,-6.314488500356674194e-02,-1.149990558624267578e-01,-2.884209901094436646e-02,-9.535478055477142334e-02,8.879335969686508179e-02,-9.310171753168106079e-02,-2.226424217224121094e-02,-2.195135923102498055e-03,3.416199237108230591e-02,-1.718971580266952515e-01,9.276622533798217773e-02,-1.022240892052650452e-02,3.928527832031250000e-01,-1.709040850400924683e-01,1.211024913936853409e-02,-1.839453913271427155e-02,1.935684531927108765e-01,-1.974279582500457764e-01,4.372247159481048584e-01,1.679782420396804810e-01,4.907635450363159180e-01,2.297672815620899200e-02,4.452515244483947754e-01,-1.020982116460800171e-01,4.508985877037048340e-01,-2.454018443822860718e-01,3.286935389041900635e-01,-7.979705929756164551e-03,1.678770631551742554e-01,-9.968098253011703491e-03,6.813085172325372696e-03,1.012741103768348694e-01,2.745896875858306885e-01,1.412767320871353149e-01,2.468129843473434448e-01,-5.708049982786178589e-02,1.554270535707473755e-01,9.454154968261718750e-02,1.573338210582733154e-01,-2.509837448596954346e-01,-3.418919816613197327e-02,-3.931766152381896973e-01,1.640605181455612183e-01,-3.298103511333465576e-01,-1.638039648532867432e-01,-3.475230932235717773e-01,1.894013136625289917e-01,-1.422025412321090698e-01,1.055585294961929321e-01,-2.920890748500823975e-01,3.055809438228607178e-01,-2.586297988891601562e-01,-5.024864003644324839e-05,-1.713381856679916382e-01,6.628240644931793213e-02,-8.881488442420959473e-02,-7.293209433555603027e-02,2.900747582316398621e-02,6.167596951127052307e-02,-1.957417652010917664e-02,1.233205571770668030e-01,2.334594279527664185e-01,-1.234690621495246887e-01,2.238528281450271606e-01,2.575089335441589355e-01,1.249367073178291321e-01,1.265623271465301514e-01,-1.662284880876541138e-02,1.137291267514228821e-01,-2.641622908413410187e-02,2.042920142412185669e-02,-5.499445274472236633e-02,-2.859820984303951263e-02,-1.699290126562118530e-01,5.769588053226470947e-02,7.020031660795211792e-02,-1.045622751116752625e-01
4.950079023838043213e-01,-1.433366090059280396e-01,4.532416462898254395e-01,-1.080288551747798920e-02,3.530786633491516113e-01,1.556926220655441284e-01,5.734136700630187988e-01,-1.181818842887878418e-01,3.650671839714050293e-01,-1.727270334959030151e-02,5.407968759536743164e-01,1.032895892858505249e-01,0.000000000000000000e+00,-9.934439323842525482e-03,3.740237057209014893e-01,-8.947653323411941528e-02,1.948521584272384644e-01,-1.419620662927627563e-01,3.558756709098815918e-01,2.679223380982875824e-02,8.188366889953613281e-02,-1.493774801492691040e-01,4.003184437751770020e-01,2.223258316516876221e-01,-7.050934433937072754e-02,-1.248051673173904419e-01,1.122793406248092651e-01,1.850415319204330444e-01,1.907005906105041504e-01,-1.549446135759353638e-01,3.083742856979370117e-01,2.149549722671508789e-01,9.741783142089843750e-02,4.299462214112281799e-02,1.807551831007003784e-01,1.708903312683105469e-01,2.940592169761657715e-02,-8.904585242271423340e-02,-6.866724044084548950e-02,-2.011322677135467529e-01,-4.489019513130187988e-02,-5.260541662573814392e-02,-1.052718982100486755e-02,-1.812688112258911133e-01,-2.165394462645053864e-02,-2.173846065998077393e-01,4.405906051397323608e-02,-1.522624492645263672e-01,6.194544956088066101e-03,-1.994934678077697754e-01,2.973650395870208740e-01,-9.135262668132781982e-02,1.506751328706741333e-01,-8.834387362003326416e-02,1.840908378362655640e-01,-1.187243591994047165e-02,2.596442997455596924e-01,-1.344910562038421631e-01,3.412700891494750977e-01,-4.138223454356193542e-02,5.364695787429809570e-01,4.234673921018838882e-03,3.928657770156860352e-01,-1.579998731613159180e-01,4.791114628314971924e-01,-1.193325817584991455e-01,-6.272855401039123535e-02,-1.545115858316421509e-01,-1.520311832427978516e-01,-1.862521320581436157e-01,3.801329433917999268e-01,2.363184839487075806e-01,2.872013449668884277e-01,7.644042372703552246e-02,2.320260852575302124e-01,-7.934860885143280029e-02,3.010645508766174316e-01,1.506068557500839233e-01,-1.131935492157936096e-01,-2.494749277830123901e-01,1.110433265566825867e-01,-2.590340375900268555e-01,-8.281487971544265747e-02,-1.667092740535736084e-01,2.314162701368331909e-01,-4.060303568840026855e-01,-7.079461216926574707e-02,-9.575562924146652222e-02,2.053051441907882690e-01,-5.902551487088203430e-02,6.937269121408462524e-02,5.375846475362777710e-02,-1.096719279885292053e-01,6.064134463667869568e-02,-3.319157063961029053e-01,-2.828387320041656494e-01,-2.504940629005432129e-01,-2.257030755281448364e-01,7.511834800243377686e-02,-4.471477866172790527e-02,1.084823533892631531e-01,9.325688704848289490e-03,7.849871367216110229e-02,3.027695417404174805e-02,-1.648502945899963379e-01,-1.916937381029129028e-01,-1.468380093574523926e-01,-1.242093443870544434e-01,-8.042874932289123535e-02,-3.324522972106933594e-01,-1.777642518281936646e-01,3.126869443804025650e-03,-5.193781852722167969e-02,-1.179023683071136475e-01,-7.959716767072677612e-02,-2.439993023872375488e-01
