0.000000000000000000e+00,6.230630874633789062e-01,2.187525779008865356e-01,-1.233838349580764771e-01,-1.672931313514709473e-01,-1.739942133426666260e-01,1.741637140512466431e-01,-3.477963060140609741e-02,-2.296053469181060791e-01,-2.964193522930145264e-01,4.231428503990173340e-01,4.001037403941154480e-02,2.509896755218505859e-01,-4.222959652543067932e-02,-8.509739488363265991e-02,6.083375215530395508e-02,8.496322482824325562e-02,1.673058867454528809e-01,5.292004942893981934e-01,4.962002635002136230e-01,-1.503149569034576416e-01,-8.421500772237777710e-02,8.126821368932723999e-02,5.369592085480690002e-02,-1.010762453079223633e-01,-1.727713346481323242e-01,-1.297651231288909912e-01,-1.267946511507034302e-01,1.243038550019264221e-01,5.386265367269515991e-02,-1.907741874456405640e-01,-1.037720814347267151e-01,3.471277058124542236e-01,7.575419545173645020e-02,1.123912930488586426e-01,1.305055688135325909e-03,-9.903652966022491455e-02,9.250230342149734497e-02,-2.115032225847244263e-01,-1.763316243886947632e-01,1.732606142759323120e-01,2.465015202760696411e-01,-1.027528494596481323e-01,-2.025661617517471313e-02,2.906290590763092041e-01,1.322522908449172974e-01,-9.761328995227813721e-02,-1.913503557443618774e-01,1.089719608426094055e-01,1.898018456995487213e-02,-7.100238651037216187e-02,-5.102729797363281250e-02,-1.231841370463371277e-01,-1.212477385997772217e-01,-6.216736137866973877e-02,-1.099797040224075317e-01,7.338557839393615723e-01,6.272519230842590332e-01,6.151111721992492676e-01,4.444936215877532959e-01,4.741131961345672607e-01,8.699403703212738037e-02,1.293207705020904541e-01,1.598900854587554932e-01,1.477127969264984131e-01,-7.782517373561859131e-02,3.138981759548187256e-01,1.603784412145614624e-01,6.328817009925842285e-01,6.225004792213439941e-01,-1.319734007120132446e-01,-1.757513731718063354e-01,-1.022965312004089355e-01,-1.518422663211822510e-01,-8.608802407979965210e-02,-1.005810946226119995e-01,-1.413161009550094604e-01,2.070657536387443542e-02,-2.480788975954055786e-01,-3.015838861465454102e-01,-8.174534887075424194e-02,-1.678792573511600494e-02,-1.504878550767898560e-01,-4.911937192082405090e-02,3.910672962665557861e-01,-4.206553101539611816e-02,6.396643072366714478e-02,3.480778262019157410e-02,-9.317466616630554199e-02,-1.296864300966262817e-01,-4.379738569259643555e-01,-3.993683457374572754e-01,-2.885467410087585449e-01,-3.203358352184295654e-01,-2.582382857799530029e-01,-6.783992052078247070e-02,-1.510202586650848389e-01,-3.267279863357543945e-01,-3.439413011074066162e-01,-3.648985624313354492e-01,-3.801224827766418457e-01,-2.905571162700653076e-01,-3.199180662631988525e-01,-3.414484262466430664e-01,-1.416985690593719482e-01,1.934071257710456848e-02,7.619585841894149780e-02,-1.269466578960418701e-01,6.538323312997817993e-02,-2.540952153503894806e-02,-1.396250873804092407e-01,-2.743671834468841553e-01,-1.563780456781387329e-01,-7.864213734865188599e-02,-2.968922816216945648e-02,-1.027753874659538269e-01
6.230630874633789062e-01,0.000000000000000000e+00,1.557293385267257690e-01,6.811002641916275024e-02,-7.712955027818679810e-02,7.927106320858001709e-02,-1.126577258110046387e-01,-5.398914963006973267e-02,-3.292803168296813965e-01,-9.304014593362808228e-02,1.041263714432716370e-01,1.584528386592864990e-01,-1.231160759925842285e-01,-1.117771863937377930e-02,-2.209101766347885132e-01,5.383750796318054199e-02,-1.610242389142513275e-02,1.777481883764266968e-01,4.713647663593292236e-01,5.424181222915649414e-01,-9.680812060832977295e-02,-3.524714708328247070e-02,1.194193661212921143e-01,2.093011736869812012e-01,3.982800617814064026e-02,4.337352514266967773e-02,1.184256561100482941e-02,6.758184731006622314e-02,6.601987779140472412e-02,8.525786548852920532e-02,-1.481742411851882935e-01,4.401077702641487122e-02,3.493631482124328613e-01,1.831379830837249756e-01,1.129597276449203491e-01,5.425059422850608826e-02,-1.054348424077033997e-01,9.796240925788879395e-02,-1.551485210657119751e-01,-1.058023944497108459e-01,2.345345467329025269e-01,3.228362202644348145e-01,-8.665977418422698975e-02,4.543855413794517517e-02,2.947588860988616943e-01,1.411583721637725830e-01,-1.278775483369827271e-01,-1.253122985363006592e-01,2.861611172556877136e-02,-3.516253456473350525e-02,-2.207293361425399780e-01,-2.737662009894847870e-02,-1.465324014425277710e-01,-3.190913423895835876e-02,-1.837804317474365234e-01,-1.062123924493789673e-01,5.669412016868591309e-01,7.659037709236145020e-01,4.501501619815826416e-01,4.095269143581390381e-01,1.416504383087158203e-01,1.520352214574813843e-01,-1.394651085138320923e-01,3.288107216358184814e-01,-1.297542359679937363e-02,-1.750913634896278381e-02,2.237184196710586548e-01,1.530762463808059692e-01,5.787481069564819336e-01,6.308705210685729980e-01,-9.650441259145736694e-02,-9.352330863475799561e-02,-1.629006713628768921e-01,-6.013649702072143555e-02,-2.846305668354034424e-01,-1.837221384048461914e-01,-3.031456172466278076e-01,-7.074254751205444336e-02,-3.383175134658813477e-01,-1.983262151479721069e-01,-1.090211942791938782e-01,8.807338774204254150e-02,-1.136721447110176086e-01,4.032281413674354553e-02,1.760971993207931519e-01,1.108901947736740112e-01,3.810034319758415222e-02,1.228899359703063965e-01,-2.750853896141052246e-01,5.834186449646949768e-02,-4.431822001934051514e-01,-3.148169517517089844e-01,-3.761600852012634277e-01,-2.856551706790924072e-01,-2.340683490037918091e-01,-1.624079607427120209e-02,-8.320673555135726929e-02,-2.384359687566757202e-01,-4.184701740741729736e-01,-3.215547502040863037e-01,-4.219704866409301758e-01,-2.281338870525360107e-01,-2.802108824253082275e-01,-2.122906595468521118e-01,-1.727453619241714478e-01,-2.444599568843841553e-02,8.196829259395599365e-02,-2.360665611922740936e-02,1.735569685697555542e-01,-1.220512297004461288e-02,-3.157801330089569092e-01,-2.875194549560546875e-01,-1.627813577651977539e-01,-1.584796309471130371e-01,-2.221392840147018433e-02,-4.388691112399101257e-02
2.187525779008865356e-01,1.557293385267257690e-01,0.000000000000000000e+00,5.352946519851684570e-01,1.036319211125373840e-01,2.645803056657314301e-02,4.403060078620910645e-01,2.125877887010574341e-02,6.545446068048477173e-02,-6.282913032919168472e-03,1.632290780544281006e-01,4.229895770549774170e-02,2.475101500749588013e-01,-1.329233520664274693e-03,2.525872588157653809e-01,2.760671824216842651e-02,-1.375559717416763306e-01,-8.357800543308258057e-02,3.704835176467895508e-01,2.439984977245330811e-01,2.920515090227127075e-02,2.264217287302017212e-02,6.438313722610473633e-01,5.586342215538024902e-01,7.923194766044616699e-02,3.188151121139526367e-02,7.295835763216018677e-02,4.272362962365150452e-02,-1.490509063005447388e-01,-2.409718632698059082e-01,-9.209482371807098389e-02,1.539324373006820679e-01,1.795238256454467773e-01,-4.380844533443450928e-02,2.508056461811065674e-01,6.997323036193847656e-02,8.439634740352630615e-02,6.717491149902343750e-02,-9.238099306821823120e-02,-5.071457102894783020e-02,9.745902568101882935e-02,3.628197312355041504e-02,-1.498751640319824219e-01,-1.484860777854919434e-01,1.075035110116004944e-01,-1.288948357105255127e-01,-1.121848300099372864e-01,-1.856354475021362305e-01,-3.417527675628662109e-02,-1.095098555088043213e-01,-9.719140082597732544e-02,-1.632829159498214722e-01,-2.157681584358215332e-01,-3.099344968795776367e-01,-1.236574500799179077e-01,-1.813996881246566772e-01,2.266173213720321655e-01,9.851399064064025879e-02,1.658883541822433472e-01,6.614965945482254028e-02,1.223953142762184143e-01,-1.580202281475067139e-01,-1.624944210052490234e-01,-2.031452804803848267e-01,2.400797605514526367e-01,-9.548147022724151611e-02,2.983630299568176270e-01,1.380365788936614990e-01,8.802395313978195190e-02,1.315869390964508057e-01,2.506652474403381348e-01,7.238733023405075073e-02,-4.970573633909225464e-02,-8.532261103391647339e-02,4.563171416521072388e-02,-8.956588804721832275e-02,2.713271044194698334e-02,-9.170129895210266113e-03,-2.478286176919937134e-01,-2.055602818727493286e-01,-5.174095556139945984e-02,-2.192154675722122192e-01,6.277358531951904297e-02,-2.929034084081649780e-02,1.932735294103622437e-01,-2.991490662097930908e-01,2.852578759193420410e-01,1.908102929592132568e-01,8.953963965177536011e-02,-1.777872890233993530e-01,-2.373024821281433105e-01,-2.638589739799499512e-01,-2.947052717208862305e-01,-1.373658329248428345e-01,-7.942625135183334351e-02,-1.989195048809051514e-01,-7.752250880002975464e-02,-2.187985777854919434e-01,-1.054428592324256897e-01,-1.692096143960952759e-01,-1.896970570087432861e-01,-1.601095050573348999e-01,-1.305840350687503815e-02,-9.255181252956390381e-02,-5.955386534333229065e-02,-5.024638772010803223e-02,-1.967913657426834106e-02,7.135610561817884445e-03,1.122375428676605225e-01,-9.026683866977691650e-02,-3.462194651365280151e-02,-1.143608018755912781e-01,-2.239646166563034058e-01,-1.482864767313003540e-01,-5.947767640464007854e-04,-6.469900906085968018e-02
-1.233838349580764771e-01,6.811002641916275024e-02,5.352946519851684570e-01,0.000000000000000000e+00,2.572267353534698486e-01,2.953886389732360840e-01,1.942589432001113892e-01,3.311988711357116699e-01,1.024075970053672791e-01,2.718096673488616943e-01,-1.312217712402343750e-01,2.579275369644165039e-01,-9.388467669486999512e-02,1.633920371532440186e-01,1.861371397972106934e-01,8.559111505746841431e-02,-1.204316020011901855e-01,-1.490884367376565933e-02,1.566698998212814331e-01,2.004086077213287354e-01,8.840671926736831665e-02,6.513855606317520142e-02,4.908409416675567627e-01,6.179565191268920898e-01,1.782772988080978394e-01,2.369411885738372803e-01,1.931808739900588989e-01,2.178243994712829590e-01,-1.155039146542549133e-01,-1.935275048017501831e-01,4.335654154419898987e-02,3.328095972537994385e-01,-5.074770748615264893e-02,4.793535917997360229e-02,1.069815456867218018e-01,1.071914136409759521e-01,4.340700060129165649e-02,4.960306733846664429e-02,-5.832099542021751404e-02,1.492237579077482224e-02,8.361819386482238770e-02,-1.155574154108762741e-02,-4.097193107008934021e-02,-1.350571680814027786e-02,-4.398246819619089365e-04,-1.457757800817489624e-01,-4.526679217815399170e-02,-1.008312180638313293e-01,-1.077237427234649658e-01,-1.444414108991622925e-01,-2.179750949144363403e-01,-1.810321360826492310e-01,-1.402824223041534424e-01,-1.629088073968887329e-01,-2.189175188541412354e-01,-1.624375581741333008e-01,-6.538493186235427856e-02,-1.459920778870582581e-02,-8.844169974327087402e-02,-3.772681951522827148e-02,-1.917766779661178589e-01,-3.444525180384516716e-03,-1.749131530523300171e-01,6.279312819242477417e-02,-3.868542239069938660e-02,1.269410084933042526e-02,7.903151959180831909e-02,1.299045383930206299e-01,-2.324222028255462646e-02,1.536563504487276077e-02,2.397632002830505371e-01,1.489891260862350464e-01,-3.462725505232810974e-02,6.811188906431198120e-02,2.885293960571289062e-02,-2.119589038193225861e-02,6.231128051877021790e-02,1.929347962141036987e-02,-1.473388969898223877e-01,-1.506565604358911514e-02,-8.591180667281150818e-03,-1.028510034084320068e-01,9.339849650859832764e-02,3.920454904437065125e-02,-1.927561312913894653e-01,-1.585793197154998779e-01,2.685533761978149414e-01,2.656776010990142822e-01,-1.322522759437561035e-01,6.462171673774719238e-02,-1.860701665282249451e-02,-5.628572031855583191e-02,-1.868081539869308472e-01,-2.524928003549575806e-02,1.119142211973667145e-02,-1.645583063364028931e-01,-3.106264583766460419e-02,-4.006175324320793152e-02,7.111407816410064697e-02,5.241461098194122314e-02,8.242176845669746399e-03,-4.833647236227989197e-02,1.787531524896621704e-01,1.220972090959548950e-01,-5.571757629513740540e-02,-8.444167673587799072e-02,-6.554308533668518066e-02,6.682443618774414062e-02,1.785822808742523193e-01,-3.111884742975234985e-02,-5.780727043747901917e-02,9.010412544012069702e-02,-6.409914791584014893e-02,-5.188328027725219727e-02,-2.301155909663066268e-04,-9.134345687925815582e-03
-1.672931313514709473e-01,-7.712955027818679810e-02,1.036319211125373840e-01,2.572267353534698486e-01,0.000000000000000000e+00,7.370458245277404785e-01,3.359911497682332993e-03,3.918969631195068359e-02,3.170132935047149658e-01,7.029813528060913086e-01,-2.143509089946746826e-01,1.856399178504943848e-01,-1.006639972329139709e-01,1.999768912792205811e-01,5.487407371401786804e-02,2.092562317848205566e-01,-2.422434650361537933e-02,-6.234665215015411377e-02,-2.652930282056331635e-02,-1.121990904211997986e-01,7.625517249107360840e-02,1.563151180744171143e-01,2.098684310913085938e-01,3.149676918983459473e-01,6.884970664978027344e-01,7.072033286094665527e-01,5.795952677726745605e-01,6.291482448577880859e-01,-1.950520649552345276e-02,-1.112487079808488488e-04,3.904659152030944824e-01,5.354312658309936523e-01,-2.560500428080558777e-02,2.428724244236946106e-02,2.608735486865043640e-02,9.861860424280166626e-03,-9.275595098733901978e-02,-9.222427755594253540e-02,1.077169552445411682e-01,-3.474880754947662354e-02,7.512892782688140869e-02,2.964368648827075958e-02,-1.184465214610099792e-01,-3.234215080738067627e-02,-1.187588721513748169e-01,-1.599765717983245850e-01,-5.880181863903999329e-02,-4.877233132719993591e-02,-1.932086795568466187e-01,-2.604322433471679688e-01,-2.441603839397430420e-01,-1.338082104921340942e-01,-2.876712679862976074e-01,-7.257390022277832031e-02,-2.373406440019607544e-01,-1.324505060911178589e-01,-1.768381893634796143e-01,-6.107056885957717896e-02,-1.533915400505065918e-01,-1.832588203251361847e-02,-2.352460026741027832e-01,6.490437686443328857e-02,-3.551041707396507263e-02,9.906221926212310791e-02,-8.139750361442565918e-02,1.314980685710906982e-01,7.645275443792343140e-02,6.146323308348655701e-02,-1.952722072601318359e-01,-1.479248702526092529e-01,2.797295153141021729e-01,1.794029325246810913e-01,-1.520096212625503540e-01,7.889473438262939453e-02,-1.191333830356597900e-01,-7.916825264692306519e-02,-1.627502888441085815e-01,-2.512361109256744385e-01,-8.291544765233993530e-02,1.024712175130844116e-01,-3.635595366358757019e-02,-4.293153807520866394e-02,1.991828531026840210e-01,3.531122952699661255e-02,-1.930893957614898682e-01,-1.811464130878448486e-02,3.195886015892028809e-01,1.562754362821578979e-01,-5.421976372599601746e-02,1.769217252731323242e-01,-1.164361238479614258e-01,-1.758004655130207539e-03,-2.105034738779067993e-01,-4.634224623441696167e-02,-3.067692928016185760e-02,-7.942090928554534912e-02,-1.054299175739288330e-01,-3.910665959119796753e-02,-7.052536308765411377e-02,-4.696095362305641174e-02,-1.366418451070785522e-01,5.364843830466270447e-02,2.040838263928890228e-02,8.495710790157318115e-02,-1.565618515014648438e-01,-1.186994314193725586e-01,-1.227034628391265869e-01,-7.152735441923141479e-02,-1.418056711554527283e-02,-4.125510528683662415e-02,-1.107477620244026184e-01,-4.564054682850837708e-02,-1.304208040237426758e-01,-1.910910606384277344e-01,-5.001156404614448547e-02,9.179210662841796875e-02
-1.739942133426666260e-01,7.927106320858001709e-02,2.645803056657314301e-02,2.953886389732360840e-01,7.370458245277404785e-01,0.000000000000000000e+00,-1.476055085659027100e-01,2.363830059766769409e-02,1.956189423799514771e-01,7.360795140266418457e-01,-2.783485352993011475e-01,2.988022565841674805e-01,-2.598211765289306641e-01,1.892794519662857056e-01,-7.791354507207870483e-02,2.410140335559844971e-01,-8.109839260578155518e-02,1.945259608328342438e-02,-6.433019880205392838e-03,-2.054318599402904510e-02,2.032426744699478149e-02,1.100512295961380005e-01,1.953363865613937378e-01,3.577035367488861084e-01,6.943647265434265137e-01,7.326006889343261719e-01,5.697669386863708496e-01,6.099696755409240723e-01,-5.913782119750976562e-02,1.129320729523897171e-02,3.651143014430999756e-01,5.521177053451538086e-01,7.645557634532451630e-03,7.166913896799087524e-02,-3.342044726014137268e-02,1.444969512522220612e-02,-1.576805710792541504e-01,-7.027476280927658081e-02,1.927054673433303833e-02,-5.536915734410285950e-02,6.145406141877174377e-02,1.083974987268447876e-01,-1.660944819450378418e-01,-3.071102872490882874e-02,-1.254813522100448608e-01,-1.572427600622177124e-01,-1.359244734048843384e-01,-6.323741376399993896e-02,-1.957877576351165771e-01,-2.196973264217376709e-01,-2.929073572158813477e-01,-8.162732422351837158e-02,-2.475273609161376953e-01,3.246315196156501770e-02,-2.676276564598083496e-01,-7.745117694139480591e-02,-1.999620050191879272e-01,7.010562717914581299e-02,-1.451856195926666260e-01,4.150164127349853516e-02,-3.366748094558715820e-01,1.033512055873870850e-01,-1.097156479954719543e-01,2.394718676805496216e-01,-1.789638847112655640e-01,1.307671517133712769e-01,-3.942887857556343079e-02,-1.403823215514421463e-02,-1.912091970443725586e-01,-1.025430262088775635e-01,2.518618106842041016e-01,1.974943131208419800e-01,-1.937862038612365723e-01,1.364316940307617188e-01,-1.918782144784927368e-01,-8.494053035974502563e-02,-3.163870275020599365e-01,-3.166143298149108887e-01,-1.560744792222976685e-01,7.186683267354965210e-02,-2.201919443905353546e-02,4.701125994324684143e-02,1.296310126781463623e-01,4.422559216618537903e-02,-2.214527279138565063e-01,7.692961394786834717e-02,2.924088537693023682e-01,1.901654452085494995e-01,-1.615932881832122803e-01,2.676503658294677734e-01,-1.189265847206115723e-01,9.131322614848613739e-03,-2.221727073192596436e-01,-4.981943592429161072e-02,-5.727965757250785828e-02,-4.102674499154090881e-02,-1.319445073604583740e-01,-6.856431066989898682e-02,-1.436486542224884033e-01,-7.488452643156051636e-02,-1.702998429536819458e-01,1.438417099416255951e-02,6.463234603870660067e-05,1.131481379270553589e-01,-1.645083278417587280e-01,-9.286120533943176270e-02,-2.627024240791797638e-02,-3.417046973481774330e-03,5.852981936186552048e-03,-3.074737824499607086e-02,-2.304743826389312744e-01,-1.031839400529861450e-01,-1.202240660786628723e-01,-1.821946948766708374e-01,-1.467031985521316528e-02,7.115030288696289062e-02
1.741637140512466431e-01,-1.126577258110046387e-01,4.403060078620910645e-01,1.942589432001113892e-01,3.359911497682332993e-03,-1.476055085659027100e-01,0.000000000000000000e+00,3.834803104400634766e-01,2.530385553836822510e-01,-5.364752188324928284e-02,4.118366241455078125e-01,7.583834975957870483e-02,5.331977009773254395e-01,8.813545107841491699e-02,7.551524043083190918e-02,5.201413109898567200e-02,-1.742755435407161713e-02,-1.604685038328170776e-01,3.114370107650756836e-01,7.407587766647338867e-02,-4.897303879261016846e-02,-7.011526077985763550e-02,3.097468614578247070e-01,1.329891383647918701e-01,-6.201947107911109924e-02,-1.659436374902725220e-01,-6.829759478569030762e-02,-2.240139991044998169e-01,2.202263846993446350e-02,-1.598849743604660034e-01,-1.334681212902069092e-01,-5.243524536490440369e-02,2.034035921096801758e-01,7.130420207977294922e-02,2.114554047584533691e-01,1.181024983525276184e-01,-8.972829580307006836e-02,-2.382740974426269531e-01,-3.109538853168487549e-01,-1.829407811164855957e-01,-2.698963284492492676e-01,-3.070836141705513000e-02,9.068188071250915527e-02,-5.652387067675590515e-02,4.315082728862762451e-02,-1.675343513488769531e-01,8.957679569721221924e-02,-7.023044675588607788e-02,1.405752897262573242e-01,1.495592109858989716e-02,1.101280450820922852e-01,4.408837854862213135e-02,-6.586284935474395752e-02,-1.623613685369491577e-01,1.118836477398872375e-01,5.150842666625976562e-02,8.605170994997024536e-02,-1.023239716887474060e-01,1.489963382482528687e-01,1.351873390376567841e-03,4.393418729305267334e-01,2.216696441173553467e-01,1.900677680969238281e-01,9.903674013912677765e-03,3.355778753757476807e-01,2.278622239828109741e-01,2.388574630022048950e-01,1.025503352284431458e-01,-7.542526721954345703e-02,-6.501005589962005615e-02,1.513258069753646851e-01,1.096523031592369080e-01,1.357607990503311157e-01,1.232978478074073792e-01,2.130860239267349243e-01,1.712308228015899658e-01,1.263130903244018555e-01,2.204412668943405151e-01,-1.422470994293689728e-02,-1.146152839064598083e-01,5.729113146662712097e-02,-2.106028348207473755e-01,-2.344345599412918091e-01,-2.223129868507385254e-01,1.337082535028457642e-01,-1.475472748279571533e-01,-1.171182692050933838e-01,-1.273129135370254517e-01,5.432591214776039124e-02,-3.279568850994110107e-01,4.089296981692314148e-02,-8.595162630081176758e-02,1.628217250108718872e-01,7.008507102727890015e-02,-9.792140871286392212e-02,-2.418387830257415771e-01,-7.439420372247695923e-02,-1.540572792291641235e-01,1.479860246181488037e-01,-7.430641353130340576e-02,8.458196185529232025e-03,3.764265030622482300e-02,-5.100458487868309021e-02,-6.454420834779739380e-02,-1.070598792284727097e-02,6.889429688453674316e-02,1.750761121511459351e-01,-1.564620435237884521e-01,6.307746283710002899e-03,-1.670781373977661133e-01,7.470407336950302124e-02,-1.013479679822921753e-01,7.040955126285552979e-02,1.762246936559677124e-01,1.205292940139770508e-01,-3.454485237598419189e-01
-3.477963060140609741e-02,-5.398914963006973267e-02,2.125877887010574341e-02,3.311988711357116699e-01,3.918969631195068359e-02,2.363830059766769409e-02,3.834803104400634766e-01,0.000000000000000000e+00,2.268526256084442139e-01,1.476437449455261230e-01,1.147858723998069763e-01,4.569692611694335938e-01,2.029273360967636108e-01,4.417670369148254395e-01,-1.084785610437393188e-01,1.301012635231018066e-01,-4.147079586982727051e-02,-2.333990857005119324e-02,1.286563873291015625e-01,1.151276752352714539e-01,-8.560774475336074829e-02,-7.210586220026016235e-02,6.888537853956222534e-02,1.139222532510757446e-01,-5.650227144360542297e-02,-5.533751472830772400e-02,-8.644087612628936768e-02,-9.295001626014709473e-02,6.111091002821922302e-02,-1.228998973965644836e-02,2.995340852066874504e-03,9.249645471572875977e-02,4.091142863035202026e-02,2.395113557577133179e-01,8.478095382452011108e-02,1.378471851348876953e-01,-2.240408957004547119e-01,-2.600545585155487061e-01,-2.809175550937652588e-01,-1.728233247995376587e-01,-2.389719486236572266e-01,-5.873788520693778992e-02,1.796763986349105835e-01,1.256112009286880493e-01,-8.482377231121063232e-02,-1.303779035806655884e-01,1.136996373534202576e-01,-8.684639818966388702e-03,4.036815837025642395e-02,9.296406060457229614e-02,-1.337059773504734039e-02,1.401242613792419434e-01,2.009648457169532776e-02,3.161258995532989502e-02,-6.358256936073303223e-02,4.725895449519157410e-02,-1.387945711612701416e-01,-9.581569582223892212e-02,-6.350515782833099365e-02,1.557799149304628372e-02,2.383133172988891602e-01,5.405364036560058594e-01,1.482773274183273315e-01,4.109735786914825439e-01,1.068074852228164673e-01,4.659548103809356689e-01,-3.173528611660003662e-02,7.156035304069519043e-02,-7.203898578882217407e-02,-7.265593111515045166e-02,4.314185678958892822e-02,1.574690937995910645e-01,1.778625547885894775e-01,2.139456868171691895e-01,1.246120631694793701e-01,1.498632431030273438e-01,1.496153026819229126e-01,2.515404820442199707e-01,6.636787205934524536e-02,7.622805237770080566e-02,1.757858507335186005e-02,1.883570104837417603e-02,-2.747487425804138184e-01,-1.757324784994125366e-01,-2.037113457918167114e-01,1.507177799940109253e-01,-1.849712729454040527e-01,-1.503681689500808716e-01,-1.876734793186187744e-01,-1.479244418442249298e-02,1.712355166673660278e-01,3.898350521922111511e-02,2.633284330368041992e-01,9.403005987405776978e-02,-6.819582730531692505e-02,-1.468801200389862061e-01,-4.083691909909248352e-02,-1.648019067943096161e-02,2.223446518182754517e-01,3.547682613134384155e-02,1.493503302335739136e-01,1.201456040143966675e-01,2.675076201558113098e-02,5.876374617218971252e-02,8.621091954410076141e-03,5.017685517668724060e-02,1.093931347131729126e-01,-2.773527242243289948e-02,6.655629724264144897e-02,-6.980465352535247803e-02,6.194632034748792648e-03,5.048963427543640137e-02,1.350302398204803467e-01,1.992255747318267822e-01,2.267645746469497681e-01,-1.903380602598190308e-01
-2.296053469181060791e-01,-3.292803168296813965e-01,6.545446068048477173e-02,1.024075970053672791e-01,3.170132935047149658e-01,1.956189423799514771e-01,2.530385553836822510e-01,2.268526256084442139e-01,0.000000000000000000e+00,3.540433645248413086e-01,6.072174385190010071e-02,9.175632148981094360e-02,3.367960453033447266e-01,2.089581787586212158e-01,1.943667978048324585e-01,2.314304858446121216e-01,7.938701659440994263e-03,-1.334279179573059082e-01,-2.686531282961368561e-02,-1.801486760377883911e-01,8.988194912672042847e-02,3.891611471772193909e-02,8.261724561452865601e-02,1.993459649384021759e-02,2.004925012588500977e-01,1.707845628261566162e-01,1.355195492506027222e-01,7.471507787704467773e-02,1.136379912495613098e-01,-6.134518608450889587e-02,6.619454175233840942e-02,8.292964845895767212e-02,-8.795963227748870850e-02,-1.531368196010589600e-01,-5.551261361688375473e-03,-8.690819144248962402e-02,-1.955542946234345436e-03,-1.038391888141632080e-01,-6.070811673998832703e-02,2.973029389977455139e-02,-1.607533842325210571e-01,-3.949141874909400940e-02,-4.804571345448493958e-02,-2.059698104858398438e-01,-1.153189539909362793e-01,-2.634254693984985352e-01,-5.657358467578887939e-02,-3.458619117736816406e-02,-7.258573174476623535e-02,-1.939183473587036133e-01,-1.551117599010467529e-01,-1.382681131362915039e-01,-1.434033364057540894e-01,-1.560000032186508179e-01,-6.444314867258071899e-02,1.208639424294233322e-02,-2.362394183874130249e-01,-3.111432492733001709e-01,-3.003961145877838135e-01,-2.156356573104858398e-01,8.339313790202140808e-03,1.706304103136062622e-01,1.173143014311790466e-01,-2.310855686664581299e-02,1.677365005016326904e-01,2.764212489128112793e-01,-4.384212568402290344e-02,-7.492686808109283447e-02,-2.555409371852874756e-01,-2.854152321815490723e-01,2.791111767292022705e-01,3.208215534687042236e-01,1.388065069913864136e-01,3.181543946266174316e-01,3.116231597959995270e-02,6.966317445039749146e-02,1.164242699742317200e-01,8.708947151899337769e-02,1.201585009694099426e-01,1.462473869323730469e-01,2.093358784914016724e-01,7.257721573114395142e-02,-3.423847025260329247e-03,3.760680556297302246e-02,2.301364392042160034e-02,-2.490698173642158508e-02,5.912245437502861023e-02,3.069944120943546295e-02,1.395824849605560303e-01,-1.315471678972244263e-01,2.189058363437652588e-01,1.906936615705490112e-01,1.890756189823150635e-01,3.211324512958526611e-01,-5.584068968892097473e-02,-2.602118849754333496e-01,-9.710104018449783325e-02,5.029141157865524292e-02,3.098948895931243896e-01,1.888091713190078735e-01,2.307044267654418945e-01,3.418225944042205811e-01,2.563981115818023682e-01,2.125330418348312378e-01,2.580593107268214226e-03,-9.279337525367736816e-02,2.732695080339908600e-02,-6.141439452767372131e-02,-5.062917992472648621e-02,-9.136813133955001831e-02,2.004961967468261719e-01,1.206048578023910522e-01,3.851539269089698792e-02,9.918566793203353882e-02,-7.476428523659706116e-03,-1.041557192802429199e-01
-2.964193522930145264e-01,-9.304014593362808228e-02,-6.282913032919168472e-03,2.718096673488616943e-01,7.029813528060913086e-01,7.360795140266418457e-01,-5.364752188324928284e-02,1.476437449455261230e-01,3.540433645248413086e-01,0.000000000000000000e+00,-2.872343659400939941e-01,2.272399216890335083e-01,-1.604141741991043091e-01,2.626633644104003906e-01,-5.569582059979438782e-02,1.979270726442337036e-01,-7.665829360485076904e-02,-1.036098748445510864e-01,-8.959913998842239380e-02,-1.471348255872726440e-01,-1.729773916304111481e-02,6.690762192010879517e-02,1.063786596059799194e-01,2.447186559438705444e-01,6.206110715866088867e-01,6.827723383903503418e-01,4.581707417964935303e-01,5.544447302818298340e-01,-4.834219440817832947e-02,-1.806305022910237312e-03,4.025380611419677734e-01,5.286914706230163574e-01,-1.846582256257534027e-02,1.166816949844360352e-01,-5.382600054144859314e-02,-1.333137229084968567e-02,-1.869405955076217651e-01,-1.437428444623947144e-01,2.116399817168712616e-02,-7.339457422494888306e-02,-3.158633410930633545e-02,-2.699773944914340973e-02,-1.335638761520385742e-01,-5.206117033958435059e-02,-2.179884314537048340e-01,-2.200973182916641235e-01,-9.640199691057205200e-02,-3.890654817223548889e-02,-2.304731905460357666e-01,-2.525044083595275879e-01,-2.399178743362426758e-01,-8.815187215805053711e-02,-2.374274283647537231e-01,-1.513210218399763107e-02,-2.419040501117706299e-01,-1.030363366007804871e-01,-3.163482248783111572e-01,-1.056795045733451843e-01,-2.905853092670440674e-01,-8.690714091062545776e-02,-2.559124529361724854e-01,2.125486582517623901e-01,-7.723350077867507935e-02,1.894329041242599487e-01,-1.203658431768417358e-01,2.206283509731292725e-01,-9.408744424581527710e-02,-4.630635306239128113e-02,-2.827762663364410400e-01,-2.352589964866638184e-01,3.262138962745666504e-01,2.710343599319458008e-01,-5.772429332137107849e-02,2.069826275110244751e-01,-1.251780837774276733e-01,-5.712111666798591614e-02,-2.043500840663909912e-01,-2.571798563003540039e-01,-2.637930773198604584e-02,1.976220309734344482e-01,1.864015497267246246e-02,8.521088957786560059e-02,6.570755690336227417e-02,-3.194274753332138062e-02,-2.606340646743774414e-01,5.406703427433967590e-02,1.769120246171951294e-01,3.417532145977020264e-02,-4.140429198741912842e-02,2.157692760229110718e-01,1.697518490254878998e-02,8.922029286623001099e-02,-9.617694467306137085e-02,4.400809854269027710e-02,-3.554871305823326111e-02,-6.142906099557876587e-02,-5.830630660057067871e-02,3.231760486960411072e-02,-1.294414140284061432e-02,4.835948720574378967e-02,-3.199087455868721008e-02,1.214215233922004700e-01,9.591998904943466187e-02,1.726560145616531372e-01,-6.119620800018310547e-02,-7.158241420984268188e-02,-4.739078134298324585e-02,5.372324213385581970e-02,-3.327005729079246521e-02,1.370002608746290207e-02,-1.188452765345573425e-01,-1.942242262884974480e-03,-1.239240467548370361e-01,-1.480548679828643799e-01,3.866514191031455994e-02,9.899571537971496582e-02
4.231428503990173340e-01,1.041263714432716370e-01,1.632290780544281006e-01,-1.312217712402343750e-01,-2.143509089946746826e-01,-2.783485352993011475e-01,4.118366241455078125e-01,1.147858723998069763e-01,6.072174385190010071e-02,-2.872343659400939941e-01,0.000000000000000000e+00,1.575344204902648926e-01,6.086302995681762695e-01,1.657691225409507751e-02,1.455513387918472290e-02,3.202404081821441650e-01,2.835649847984313965e-01,2.025750279426574707e-01,2.951516509056091309e-01,2.551475763320922852e-01,-1.250969767570495605e-01,-7.124261558055877686e-02,1.660360544919967651e-01,-2.405453473329544067e-03,-1.556189656257629395e-01,-3.157294690608978271e-01,-2.979621589183807373e-01,-3.425493836402893066e-01,2.845946848392486572e-01,-2.096477895975112915e-02,-1.300324648618698120e-01,-1.335037946701049805e-01,2.702732384204864502e-01,2.560602873563766479e-02,4.140171036124229431e-02,-1.075354740023612976e-01,-1.007100269198417664e-01,-2.418737486004829407e-02,-2.490027099847793579e-01,-1.928793191909790039e-01,-2.246988117694854736e-01,2.003210484981536865e-01,1.256076544523239136e-01,-3.904430195689201355e-02,1.914069652557373047e-01,-4.624521359801292419e-02,-1.315942034125328064e-03,-1.813416481018066406e-01,4.233648777008056641e-01,1.564856469631195068e-01,1.038141101598739624e-01,6.502220779657363892e-02,7.376997172832489014e-02,-1.344482749700546265e-01,2.135479748249053955e-01,2.239998430013656616e-01,3.126665651798248291e-01,6.491013616323471069e-02,2.448342144489288330e-01,-4.887651652097702026e-02,3.091215491294860840e-01,2.827880159020423889e-02,4.125365316867828369e-01,-3.635444445535540581e-03,1.805837899446487427e-01,3.946615383028984070e-02,5.506425723433494568e-02,-1.237571239471435547e-02,1.326881200075149536e-01,1.440631300210952759e-01,1.383054628968238831e-02,6.252831220626831055e-02,9.247221052646636963e-02,1.437265574932098389e-01,1.671770811080932617e-01,2.017718553543090820e-01,2.616391330957412720e-02,2.407729923725128174e-01,5.615573376417160034e-02,-2.668140232563018799e-01,7.764510810375213623e-02,7.459260523319244385e-02,-2.129396498203277588e-01,-1.218562871217727661e-01,4.399242699146270752e-01,5.850299075245857239e-02,9.571185335516929626e-03,-1.214298605918884277e-02,-9.390082955360412598e-02,-4.364061951637268066e-01,-1.386374086141586304e-01,-3.075753450393676758e-01,1.200897619128227234e-01,-6.856058537960052490e-02,-3.191382288932800293e-01,-2.599508166313171387e-01,-1.762545108795166016e-01,-9.790026396512985229e-02,9.192203730344772339e-02,-1.980929523706436157e-01,-6.564986705780029297e-02,-1.917277425527572632e-01,-2.210429757833480835e-01,-3.293800055980682373e-01,1.011440344154834747e-02,2.654372341930866241e-02,1.722804307937622070e-01,-1.937326639890670776e-01,-2.065138816833496094e-01,-2.771593630313873291e-01,2.134610414505004883e-01,-1.479761004447937012e-01,1.645670533180236816e-01,1.804344207048416138e-01,-2.800901420414447784e-02,-2.580507099628448486e-01
4.001037403941154480e-02,1.584528386592864990e-01,4.229895770549774170e-02,2.579275369644165039e-01,1.856399178504943848e-01,2.988022565841674805e-01,7.583834975957870483e-02,4.569692611694335938e-01,9.175632148981094360e-02,2.272399216890335083e-01,1.575344204902648926e-01,0.000000000000000000e+00,1.185800507664680481e-01,5.347834825515747070e-01,-1.471660733222961426e-01,3.998557329177856445e-01,-5.408602301031351089e-04,1.668168008327484131e-01,1.201308667659759521e-01,1.937208026647567749e-01,-1.906208097934722900e-01,-2.319974638521671295e-02,3.185330331325531006e-01,3.665437698364257812e-01,2.298495471477508545e-01,2.110687047243118286e-01,4.388559609651565552e-03,8.682667464017868042e-02,1.693267934024333954e-02,7.225641980767250061e-03,1.484149694442749023e-01,3.024581372737884521e-01,1.805266290903091431e-01,2.422270625829696655e-01,7.538314163684844971e-02,9.300235658884048462e-02,-3.246496617794036865e-01,-2.193713933229446411e-01,-2.295983135700225830e-01,-2.814588844776153564e-01,-1.722747534513473511e-01,9.218717366456985474e-02,6.104325130581855774e-02,8.161371201276779175e-02,-5.027526989579200745e-03,-1.494215726852416992e-01,-9.299892187118530273e-02,-1.434737145900726318e-01,1.077487915754318237e-01,1.105437204241752625e-01,-9.805081784725189209e-02,1.777907311916351318e-01,3.424411267042160034e-02,1.193894725292921066e-02,-9.407993406057357788e-02,1.443275958299636841e-01,-1.177186891436576843e-01,3.238773345947265625e-02,-5.329690501093864441e-02,-7.203022949397563934e-03,-2.551272325217723846e-02,3.116787374019622803e-01,8.703824877738952637e-02,3.788975477218627930e-01,6.854550540447235107e-02,3.686927556991577148e-01,-7.083004713058471680e-02,3.790425509214401245e-02,-1.309256404638290405e-01,-3.003374300897121429e-02,6.976532191038131714e-02,1.663631200790405273e-01,2.181304246187210083e-02,1.702735722064971924e-01,3.788405656814575195e-02,7.914511114358901978e-02,-9.665385633707046509e-02,9.637891501188278198e-02,-1.681053079664707184e-02,-7.917907088994979858e-02,-2.251899242401123047e-02,2.015498578548431396e-01,-1.723812818527221680e-01,-1.408648937940597534e-01,4.027022421360015869e-02,4.236807525157928467e-01,8.704745769500732422e-02,1.209245547652244568e-01,-3.109366297721862793e-01,4.113554581999778748e-02,-9.472464770078659058e-02,-1.220220327377319336e-01,5.788563191890716553e-02,-2.645277790725231171e-02,-2.361284345388412476e-01,-1.591293364763259888e-01,-1.671329587697982788e-01,-2.180284447968006134e-02,1.914861612021923065e-02,-1.102164536714553833e-01,-7.532679289579391479e-02,-3.971403092145919800e-02,-1.583619415760040283e-01,-9.351004660129547119e-02,-1.039035990834236145e-01,-3.691242635250091553e-02,5.885129421949386597e-02,-7.292756438255310059e-02,-1.346373558044433594e-02,-1.183065623044967651e-01,-1.129834726452827454e-01,-5.995643138885498047e-02,1.394506096839904785e-01,8.291752077639102936e-03,1.633431762456893921e-01,-1.560100764036178589e-01
2.509896755218505859e-01,-1.231160759925842285e-01,2.475101500749588013e-01,-9.388467669486999512e-02,-1.006639972329139709e-01,-2.598211765289306641e-01,5.331977009773254395e-01,2.029273360967636108e-01,3.367960453033447266e-01,-1.604141741991043091e-01,6.086302995681762695e-01,1.185800507664680481e-01,0.000000000000000000e+00,2.127875536680221558e-01,1.883516460657119751e-01,2.448674589395523071e-01,1.494130343198776245e-01,-1.532808225601911545e-02,2.374243587255477905e-01,-4.631595313549041748e-02,-1.588843949139118195e-02,-1.180475763976573944e-02,2.491793185472488403e-01,1.311871688812971115e-02,-2.688132412731647491e-02,-1.842104196548461914e-01,-1.845029145479202271e-01,-2.130441516637802124e-01,1.410667747259140015e-01,7.061309367418289185e-02,-3.224767372012138367e-02,-1.079132631421089172e-01,1.892533302307128906e-01,-1.095522716641426086e-01,2.617522478103637695e-01,5.338834971189498901e-02,-3.682123264297842979e-03,-4.549941420555114746e-02,-1.960842907428741455e-01,-1.005484983325004578e-01,-1.899995952844619751e-01,4.631318897008895874e-02,1.109480783343315125e-01,-1.055775359272956848e-01,1.674142293632030487e-02,-1.573813259601593018e-01,-2.139448001980781555e-02,-6.004959344863891602e-02,1.239755749702453613e-01,-1.653056591749191284e-02,5.319316685199737549e-02,-2.515315264463424683e-02,1.219083182513713837e-02,-1.336213201284408569e-01,7.741139829158782959e-02,1.105095222592353821e-01,8.536455035209655762e-02,-1.095745041966438293e-01,2.945915423333644867e-02,-1.156772747635841370e-01,4.224075973033905029e-01,1.863752752542495728e-01,2.461728006601333618e-01,-1.607419252395629883e-01,4.691615700721740723e-01,2.552863955497741699e-01,1.551166474819183350e-01,-1.699948869645595551e-02,-6.146124750375747681e-02,-9.416440874338150024e-02,1.364827305078506470e-01,1.268180906772613525e-01,1.833734065294265747e-01,9.713418781757354736e-02,1.829683780670166016e-01,1.544853895902633667e-01,2.574847638607025146e-01,3.238570690155029297e-01,1.789315342903137207e-01,-1.801524125039577484e-02,1.244528442621231079e-01,8.137451857328414917e-02,-1.537754386663436890e-01,-6.058666855096817017e-02,4.481194615364074707e-01,-7.197570987045764923e-03,-8.951053023338317871e-02,-9.065804630517959595e-02,1.415648162364959717e-01,-3.478753268718719482e-01,7.533548772335052490e-02,-3.716357424855232239e-02,2.523465156555175781e-01,2.016573399305343628e-01,-2.013447880744934082e-01,-2.927177250385284424e-01,-1.769144833087921143e-01,-3.511917591094970703e-02,2.190402448177337646e-01,-5.996397882699966431e-02,6.491383165121078491e-02,1.039024665951728821e-01,-8.361490070819854736e-02,-9.562413394451141357e-02,-6.492995470762252808e-02,-2.795589342713356018e-02,5.945132300257682800e-02,-2.090379595756530762e-01,-1.728221178054809570e-01,-1.958562135696411133e-01,2.225298881530761719e-01,-3.616140037775039673e-02,1.091437041759490967e-01,1.515327543020248413e-01,4.656372219324111938e-02,-2.947906255722045898e-01
